ocean_section_plots/required_files/ctd/dnbp2202_ctd079.cnv
* Sea-Bird SBE 9 Data File:
* FileName = D:\Data\raw\NBP2202_CTD079.hex
* Software Version Seasave V 7.26.7.121
* Temperature SN = 1649
* Conductivity SN = 2513
* Number of Bytes Per Scan = 40
* Number of Voltage Words = 5
* Number of Scans Averaged by the Deck Unit = 1
* NMEA Latitude = 74 10.51 S
* NMEA Longitude = 113 20.67 W
* NMEA UTC (Time) = Jan 26 2022  16:43:23
* NMEA baud rate = 9600
** Ship: RVIB N.B. Palmer
** Cruise: NBP2202 Thwaites
** Station: YoYo001
** Operator: A. Robinson
# nquan = 25
# nvalues = 606                         
# units = specified
# name 0 = prDM: Pressure, Digiquartz [db]
# name 1 = depSM: Depth [salt water, m]
# name 2 = t090C: Temperature [ITS-90, deg C]
# name 3 = c0mS/cm: Conductivity [mS/cm]
# name 4 = t190C: Temperature, 2 [ITS-90, deg C]
# name 5 = c1mS/cm: Conductivity, 2 [mS/cm]
# name 6 = sbeox0ML/L: Oxygen, SBE 43 [ml/l]
# name 7 = sbeox1ML/L: Oxygen, SBE 43, 2 [ml/l]
# name 8 = flECO-AFL: Fluorescence, WET Labs ECO-AFL/FL [mg/m^3]
# name 9 = CStarTr0: Beam Transmission, WET Labs C-Star [%]
# name 10 = par: PAR/Irradiance, Biospherical/Licor
# name 11 = latitude: Latitude [deg]
# name 12 = longitude: Longitude [deg]
# name 13 = timeJ: Julian Days
# name 14 = altM: Altimeter [m]
# name 15 = spar: SPAR, Biospherical/Licor
# name 16 = timeS: Time, Elapsed [seconds]
# name 17 = scan: Scan Count
# name 18 = density00: Density [density, kg/m^3]
# name 19 = density11: Density, 2 [density, kg/m^3]
# name 20 = sal00: Salinity, Practical [PSU]
# name 21 = sal11: Salinity, Practical, 2 [PSU]
# name 22 = oxsolML/L: Oxygen Saturation, Garcia & Gordon [ml/l]
# name 23 = nbin: number of scans per bin
# name 24 = flag: flag
# span 0 =     10.000,    615.000       
# span 1 =      9.898,    607.731       
# span 2 =    -1.5135,     0.1036       
# span 3 =  26.940302,  28.938649       
# span 4 =    -1.5130,     0.1055       
# span 5 =  26.938597,  28.938309       
# span 6 =     4.7033,     8.4942       
# span 7 =     4.7978,     8.5432       
# span 8 =    -0.0216,    26.1283       
# span 9 =    70.6778,    95.7280       
# span 10 = 1.0000e-12, 4.6920e+01      
# span 11 =  -74.17530,  -74.17528      
# span 12 = -113.34462, -113.34457      
# span 13 =  26.697107,  26.706767      
# span 14 =       5.33,     100.25      
# span 15 = 1.5084e+03, 2.0229e+03      
# span 16 =     27.042,    861.702      
# span 17 =        650,      20682      
# span 18 =  1027.2288,  1030.5148      
# span 19 =  1027.2268,  1030.5126      
# span 20 =    33.7968,    34.3840      
# span 21 =    33.7951,    34.3814      
# span 22 =    8.02308,    8.40604      
# span 23 =         22,         60      
# span 24 = 0.0000e+00, 0.0000e+00      
# interval = decibars: 1                
# start_time = Jan 26 2022 16:43:23 [NMEA time, header]
# bad_flag = -9.990e-29
*END*
     10.000      9.898    -1.0013  27.304842    -1.0017  27.302671     8.4647     8.3231    17.7864    71.0201 4.6920e+01  -74.17528 -113.34460  26.697107      99.98 1.5084e+03     27.042        650  1027.2288  1027.2268    33.7991    33.7966    8.29415         22 0.0000e+00
     11.000     10.885    -0.9869  27.316258    -0.9856  27.315943     8.4942     8.3730    19.0240    71.1066 3.4313e+01  -74.17528 -113.34460  26.697129      99.97 1.5842e+03     28.916        695  1027.2315  1027.2299    33.7979    33.7960    8.29105         40 0.0000e+00
     12.000     11.877    -0.9864  27.317241    -0.9813  27.320104     8.4343     8.3692    23.4662    71.6349 2.5175e+01  -74.17528 -113.34460  26.697151      99.99 1.5652e+03     30.818        741  1027.2363  1027.2346    33.7980    33.7961    8.29092         39 0.0000e+00
     13.000     12.865    -0.9971  27.309554    -0.9870  27.316195     8.3303     8.3361    23.4097    72.2235 1.8447e+01  -74.17528 -113.34460  26.697173      75.98 1.5506e+03     32.752        787  1027.2426  1027.2403    33.7989    33.7967    8.29324         41 0.0000e+00
     14.000     13.855    -1.0462  27.269448    -1.0413  27.272539     8.3442     8.3789    23.5087    70.8864 1.3840e+01  -74.17528 -113.34460  26.697195      99.05 1.5698e+03     34.673        833  1027.2502  1027.2490    33.7989    33.7976    8.30409         41 0.0000e+00
     15.000     14.843    -1.0454  27.270376    -1.0365  27.276684     8.4541     8.4722    21.6901    70.6778 1.0420e+01  -74.17528 -113.34460  26.697217      99.98 1.6181e+03     36.585        879  1027.2547  1027.2529    33.7987    33.7973    8.30394         37 0.0000e+00
     16.000     15.833    -1.0127  27.296489    -1.0119  27.295827     8.4871     8.5263    23.3963    71.5683 7.8943e+00  -74.17528 -113.34460  26.697239      99.98 1.6560e+03     38.475        924  1027.2555  1027.2542    33.7968    33.7951    8.29680         40 0.0000e+00
     17.000     16.825    -1.0201  27.291014    -1.0205  27.289393     8.4879     8.5432    22.4776    71.5480 6.0362e+00  -74.17528 -113.34460  26.697261      99.97 1.6655e+03     40.360        970  1027.2610  1027.2598    33.7971    33.7953    8.29843         39 0.0000e+00
     18.000     17.812    -1.0220  27.289946    -1.0205  27.289736     8.4389     8.5275    26.1283    70.8601 4.6543e+00  -74.17528 -113.34460  26.697284      99.97 1.6917e+03     42.296       1016  1027.2659  1027.2643    33.7972    33.7952    8.29885         41 0.0000e+00
     19.000     18.805    -1.0346  27.280214    -1.0342  27.279678     8.3343     8.4567    22.0126    72.2649 3.5927e+00  -74.17528 -113.34460  26.697306      99.99 1.7331e+03     44.247       1063  1027.2717  1027.2708    33.7974    33.7963    8.30162         39 0.0000e+00
     20.000     19.792    -1.0469  27.271349    -1.0494  27.268093     8.2024     8.4576    22.8460    72.5934 2.8110e+00  -74.17528 -113.34460  26.697328      99.67 1.7589e+03     46.145       1108  1027.2781  1027.2769    33.7986    33.7969    8.30428         41 0.0000e+00
     21.000     20.782    -1.0973  27.232691    -1.0565  27.263262     8.2940     8.5081    21.3983    72.4315 2.2028e+00  -74.17528 -113.34460  26.697350      93.67 1.7678e+03     48.013       1153  1027.2885  1027.2826    33.8019    33.7977    8.31524         40 0.0000e+00
     22.000     21.771    -1.0441  27.274912    -1.0386  27.277245     8.2640     8.4071    19.2783    71.3148 1.7073e+00  -74.17528 -113.34460  26.697372      99.92 1.7735e+03     49.909       1199  1027.2873  1027.2847    33.7990    33.7960    8.30363         47 0.0000e+00
     23.000     22.761    -1.0806  27.246643    -1.0831  27.244978     8.0842     8.2647    21.4196    71.5876 1.3226e+00  -74.17528 -113.34460  26.697394      99.97 1.7735e+03     51.865       1246  1027.2960  1027.2967    33.8010    33.8015    8.31161         43 0.0000e+00
     24.000     23.750    -1.0969  27.235880    -1.0950  27.236569     8.0672     8.2394    21.9221    71.1786 1.0284e+00  -74.17528 -113.34460  26.697417      99.99 1.7734e+03     53.819       1293  1027.3039  1027.3030    33.8039    33.8028    8.31503         39 0.0000e+00
     25.000     24.740    -1.1014  27.233212    -1.1000  27.232796     8.1106     8.2829    18.9830    72.3377 8.1080e-01  -74.17529 -113.34460  26.697439      99.97 1.7722e+03     55.726       1338  1027.3093  1027.3077    33.8048    33.8026    8.31599         38 0.0000e+00
     26.000     25.728    -1.0950  27.238481    -1.0924  27.239466     8.0905     8.2762    18.2749    71.8054 6.3606e-01  -74.17530 -113.34460  26.697461      99.98 1.7704e+03     57.602       1383  1027.3131  1027.3117    33.8042    33.8026    8.31461         38 0.0000e+00
     27.000     26.719    -1.1026  27.232904    -1.0980  27.235838     8.0115     8.2049    19.4951    71.9227 4.9265e-01  -74.17528 -113.34460  26.697483      99.97 1.7704e+03     59.508       1429  1027.3185  1027.3173    33.8044    33.8033    8.31627         42 0.0000e+00
     28.000     27.707    -1.1136  27.225467    -1.1123  27.225332     7.9866     8.1812    19.5813    73.0834 3.8125e-01  -74.17529 -113.34460  26.697505      97.61 1.7706e+03     61.466       1476  1027.3250  1027.3237    33.8061    33.8044    8.31862         36 0.0000e+00
     29.000     28.699    -1.1158  27.223880    -1.1124  27.225518     7.9378     8.1763    18.5130    72.7182 2.9652e-01  -74.17530 -113.34460  26.697527      99.76 1.7698e+03     63.373       1522  1027.3296  1027.3283    33.8057    33.8042    8.31913         31 0.0000e+00
     30.000     29.687    -1.1336  27.209656    -1.1146  27.224507     7.9757     8.1874    18.4037    74.0577 2.2696e-01  -74.17530 -113.34460  26.697549      99.97 1.7688e+03     65.218       1566  1027.3353  1027.3334    33.8057    33.8047    8.32308         40 0.0000e+00
     31.000     30.677    -1.1151  27.225646    -1.1142  27.224979     8.0006     8.1754    17.2107    72.6821 1.7124e-01  -74.17529 -113.34460  26.697571      99.88 1.7683e+03     67.126       1612  1027.3390  1027.3377    33.8061    33.8043    8.31895         45 0.0000e+00
     32.000     31.666    -1.1207  27.221495    -1.1194  27.221402     7.9806     8.1422    18.7848    73.8327 1.2843e-01  -74.17528 -113.34460  26.697594      99.86 1.7677e+03     69.121       1660  1027.3441  1027.3429    33.8061    33.8045    8.32019         40 0.0000e+00
     33.000     32.656    -1.1237  27.219615    -1.1251  27.216991     7.7930     7.9469    20.1330    74.0151 9.3823e-02  -74.17529 -113.34460  26.697616      99.98 1.7650e+03     71.037       1706  1027.3493  1027.3478    33.8064    33.8043    8.32086         40 0.0000e+00
     34.000     33.645    -1.1600  27.190539    -1.1646  27.184886     7.4821     7.6995    20.4290    74.2821 6.6644e-02  -74.17530 -113.34460  26.697638      97.65 1.7646e+03     72.904       1751  1027.3565  1027.3550    33.8069    33.8044    8.32890         41 0.0000e+00
     35.000     34.635    -1.2320  27.132267    -1.2399  27.124613     7.6364     7.7330    15.3504    74.5611 4.2369e-02  -74.17530 -113.34460  26.697660      99.66 1.7634e+03     74.807       1796  1027.3660  1027.3653    33.8077    33.8062    8.34489         43 0.0000e+00
     36.000     35.625    -1.1619  27.190217    -1.1913  27.164689     7.7341     7.8575    15.5271    75.1354 2.4598e-02  -74.17530 -113.34460  26.697682      99.76 1.7635e+03     76.762       1843  1027.3658  1027.3661    33.8074    33.8056    8.32930         44 0.0000e+00
     37.000     36.614    -1.1728  27.181673    -1.1752  27.178946     7.6634     7.8461    17.2010    74.6351 1.0234e-02  -74.17530 -113.34460  26.697704      99.78 1.7633e+03     78.645       1888  1027.3711  1027.3702    33.8073    33.8063    8.33172         43 0.0000e+00
     38.000     37.603    -1.1990  27.159726    -1.1958  27.162351     7.5161     7.7289    17.2763    76.1805 3.7261e-04  -74.17530 -113.34460  26.697726      99.98 1.7633e+03     80.522       1934  1027.3765  1027.3762    33.8062    33.8062    8.33762         41 0.0000e+00
     39.000     38.593    -1.2252  27.138787    -1.2214  27.140876     7.4190     7.6171    17.2741    75.1142 1.6214e-08  -74.17529 -113.34460  26.697748      99.97 1.7626e+03     82.451       1980  1027.3829  1027.3814    33.8065    33.8050    8.34346         36 0.0000e+00
     40.000     39.582    -1.2420  27.125686    -1.2424  27.124029     7.3714     7.5657    16.1198    76.8929 1.0000e-12  -74.17529 -113.34460  26.697771      99.78 1.7539e+03     84.387       2026  1027.3886  1027.3871    33.8069    33.8050    8.34719         41 0.0000e+00
     41.000     40.571    -1.2498  27.119440    -1.2508  27.117665     7.3528     7.5395    14.7504    76.2105 1.0000e-12  -74.17529 -113.34460  26.697793      97.42 1.7174e+03     86.295       2072  1027.3933  1027.3922    33.8065    33.8052    8.34895         38 0.0000e+00
     42.000     41.562    -1.2546  27.116000    -1.2530  27.116482     7.3548     7.5402    18.4506    75.6198 1.0000e-12  -74.17530 -113.34460  26.697815      99.77 1.6530e+03     88.195       2118  1027.3982  1027.3970    33.8066    33.8054    8.35002         39 0.0000e+00
     43.000     42.550    -1.2534  27.117963    -1.2530  27.116877     7.3313     7.5124    14.1260    76.8236 1.0000e-12  -74.17530 -113.34460  26.697837      99.50 1.6453e+03     90.114       2164  1027.4031  1027.4015    33.8073    33.8054    8.34971         45 0.0000e+00
     44.000     43.540    -1.2655  27.108502    -1.2618  27.110576     7.2732     7.4425    15.0659    77.7040 1.0000e-12  -74.17530 -113.34460  26.697859      99.64 1.6707e+03     92.032       2210  1027.4084  1027.4071    33.8073    33.8060    8.35240         43 0.0000e+00
     45.000     44.530    -1.2818  27.094886    -1.2830  27.093315     7.1870     7.3847    12.1051    78.0819 1.0000e-12  -74.17530 -113.34460  26.697881      99.66 1.7099e+03     93.885       2254  1027.4133  1027.4128    33.8064    33.8057    8.35610         36 0.0000e+00
     46.000     45.520    -1.2958  27.083404    -1.2924  27.085760     7.1259     7.3513    14.9932    78.0050 1.0000e-12  -74.17530 -113.34460  26.697903      99.55 1.7347e+03     95.802       2300  1027.4182  1027.4175    33.8059    33.8053    8.35927         40 0.0000e+00
     47.000     46.508    -1.3099  27.072889    -1.2939  27.085640     7.0744     7.3109    13.3208    79.3858 1.0000e-12  -74.17528 -113.34460  26.697926      99.55 1.7301e+03     97.802       2348  1027.4243  1027.4229    33.8068    33.8062    8.36238         45 0.0000e+00
     48.000     47.497    -1.3124  27.072582    -1.3054  27.076671     7.1224     7.2825    15.3173    79.9427 1.0000e-12  -74.17528 -113.34460  26.697948      99.32 1.7435e+03     99.703       2394  1027.4303  1027.4281    33.8086    33.8062    8.36284         43 0.0000e+00
     49.000     48.487    -1.3023  27.081226    -1.3045  27.078451     7.0935     7.2547    11.5659    80.2785 1.0000e-12  -74.17528 -113.34460  26.697970      99.37 1.7556e+03    101.570       2439  1027.4342  1027.4333    33.8084    33.8070    8.36058         39 0.0000e+00
     50.000     49.477    -1.3132  27.073189    -1.3126  27.072303     7.0567     7.2300    11.6369    80.3024 1.0000e-12  -74.17528 -113.34460  26.697992      99.42 1.7566e+03    103.491       2485  1027.4400  1027.4385    33.8090    33.8071    8.36299         42 0.0000e+00
     51.000     50.465    -1.3183  27.069421    -1.3173  27.069336     7.0148     7.1915    13.5167    79.3395 1.0000e-12  -74.17528 -113.34459  26.698014      99.55 1.7570e+03    105.428       2531  1027.4449  1027.4439    33.8090    33.8077    8.36413         41 0.0000e+00
     52.000     51.456    -1.3260  27.064079    -1.3247  27.063992     7.0012     7.1739    14.1935    80.2554 1.0000e-12  -74.17528 -113.34459  26.698036      99.35 1.7577e+03    107.340       2577  1027.4507  1027.4494    33.8098    33.8082    8.36582         41 0.0000e+00
     53.000     52.445    -1.3285  27.062830    -1.3268  27.062968     7.0291     7.1882    12.3950    80.4843 1.0000e-12  -74.17528 -113.34459  26.698058      99.42 1.7581e+03    109.207       2622  1027.4558  1027.4543    33.8102    33.8084    8.36635         41 0.0000e+00
     54.000     53.432    -1.3207  27.069742    -1.3200  27.069358     7.0596     7.2169    10.3914    81.3112 1.0000e-12  -74.17528 -113.34459  26.698080      99.40 1.7595e+03    111.134       2668  1027.4601  1027.4590    33.8103    33.8090    8.36460         34 0.0000e+00
     55.000     54.425    -1.3143  27.075463    -1.3132  27.074984     6.7950     6.9690    11.6586    81.1255 1.0000e-12  -74.17528 -113.34459  26.698103      96.54 1.7608e+03    113.084       2715  1027.4644  1027.4629    33.8103    33.8084    8.36317         38 0.0000e+00
     56.000     55.412    -1.3712  27.032703    -1.3752  27.030329     6.3730     6.6090    11.9954    82.3385 1.0000e-12  -74.17528 -113.34459  26.698124      99.45 1.7611e+03    114.948       2760  1027.4767  1027.4779    33.8152    33.8165    8.37564         44 0.0000e+00
     57.000     56.402    -1.4302  26.991916    -1.4319  26.988857     6.3079     6.5218     9.5980    81.6842 1.0000e-12  -74.17528 -113.34459  26.698146      99.41 1.7611e+03    116.789       2804  1027.4927  1027.4908    33.8253    33.8229    8.38832         33 0.0000e+00
     58.000     57.389    -1.4245  26.996635    -1.4263  26.994143     6.2894     6.4801     7.2114    81.8385 1.0000e-12  -74.17528 -113.34460  26.698168      99.41 1.7618e+03    118.747       2851  1027.4959  1027.4950    33.8246    33.8233    8.38706         33 0.0000e+00
     59.000     58.382    -1.4449  26.980688    -1.4416  26.982576     6.2847     6.4662     7.9649    83.1370 1.0000e-12  -74.17528 -113.34460  26.698191      99.59 1.7646e+03    120.711       2898  1027.5020  1027.5009    33.8252    33.8241    8.39164         40 0.0000e+00
     60.000     59.371    -1.4343  26.990702    -1.4320  26.991938     6.2905     6.4509     6.7733    82.7642 1.0000e-12  -74.17528 -113.34460  26.698213      99.55 1.7682e+03    122.607       2944  1027.5066  1027.5058    33.8264    33.8255    8.38917         40 0.0000e+00
     61.000     60.360    -1.4370  26.990425    -1.4352  26.990939     6.2565     6.4083     5.7335    85.3673 1.0000e-12  -74.17528 -113.34460  26.698235      99.53 1.7707e+03    124.460       2988  1027.5130  1027.5119    33.8284    33.8271    8.38966         43 0.0000e+00
     62.000     61.350    -1.4440  26.986321    -1.4419  26.986912     6.2099     6.3545     5.4858    85.1938 1.0000e-12  -74.17528 -113.34460  26.698256      97.97 1.7740e+03    126.358       3034  1027.5193  1027.5180    33.8300    33.8285    8.39113         41 0.0000e+00
     63.000     62.338    -1.4512  26.980942    -1.4527  26.979142     6.1204     6.2983     6.3233    84.8490 1.0000e-12  -74.17528 -113.34459  26.698279      99.50 1.7770e+03    128.291       3080  1027.5244  1027.5239    33.8302    33.8294    8.39276         42 0.0000e+00
     64.000     63.327    -1.4735  26.964104    -1.4661  26.969463     6.0788     6.2444     5.8437    86.1277 1.0000e-12  -74.17528 -113.34459  26.698301      99.50 1.7823e+03    130.236       3127  1027.5315  1027.5303    33.8316    33.8307    8.39771         41 0.0000e+00
     65.000     64.317    -1.4820  26.957126    -1.4798  26.957641     5.9978     6.1713     3.9689    86.7502 1.0000e-12  -74.17528 -113.34459  26.698323      99.57 1.7850e+03    132.141       3172  1027.5360  1027.5345    33.8310    33.8292    8.39966         39 0.0000e+00
     66.000     65.307    -1.5024  26.942409    -1.4984  26.944086     5.8430     6.0349     4.0229    87.4553 1.0000e-12  -74.17528 -113.34459  26.698345      99.55 1.7861e+03    134.009       3217  1027.5435  1027.5415    33.8332    33.8309    8.40414         40 0.0000e+00
