ocean_section_plots/required_files/ctd/dnbp2202_ctd097.cnv
* Sea-Bird SBE 9 Data File:
* FileName = D:\Data\raw\NBP2202_CTD097.hex
* Software Version Seasave V 7.26.7.121
* Temperature SN = 1649
* Conductivity SN = 2513
* Number of Bytes Per Scan = 40
* Number of Voltage Words = 5
* Number of Scans Averaged by the Deck Unit = 1
* NMEA Latitude = 74 10.51 S
* NMEA Longitude = 113 20.67 W
* NMEA UTC (Time) = Jan 27 2022  00:59:28
* NMEA baud rate = 9600
** Ship: RVIB N.B. Palmer
** Cruise: NBP2202 Thwaites
** Station: YoYo001
** Operator: A. Robinson
# nquan = 25
# nvalues = 607                         
# units = specified
# name 0 = prDM: Pressure, Digiquartz [db]
# name 1 = depSM: Depth [salt water, m]
# name 2 = t090C: Temperature [ITS-90, deg C]
# name 3 = c0mS/cm: Conductivity [mS/cm]
# name 4 = t190C: Temperature, 2 [ITS-90, deg C]
# name 5 = c1mS/cm: Conductivity, 2 [mS/cm]
# name 6 = sbeox0ML/L: Oxygen, SBE 43 [ml/l]
# name 7 = sbeox1ML/L: Oxygen, SBE 43, 2 [ml/l]
# name 8 = flECO-AFL: Fluorescence, WET Labs ECO-AFL/FL [mg/m^3]
# name 9 = CStarTr0: Beam Transmission, WET Labs C-Star [%]
# name 10 = par: PAR/Irradiance, Biospherical/Licor
# name 11 = latitude: Latitude [deg]
# name 12 = longitude: Longitude [deg]
# name 13 = timeJ: Julian Days
# name 14 = altM: Altimeter [m]
# name 15 = spar: SPAR, Biospherical/Licor
# name 16 = timeS: Time, Elapsed [seconds]
# name 17 = scan: Scan Count
# name 18 = density00: Density [density, kg/m^3]
# name 19 = density11: Density, 2 [density, kg/m^3]
# name 20 = sal00: Salinity, Practical [PSU]
# name 21 = sal11: Salinity, Practical, 2 [PSU]
# name 22 = oxsolML/L: Oxygen Saturation, Garcia & Gordon [ml/l]
# name 23 = nbin: number of scans per bin
# name 24 = flag: flag
# span 0 =     10.000,    616.000       
# span 1 =      9.897,    608.720       
# span 2 =    -1.5173,     0.0922       
# span 3 =  26.922998,  28.927198       
# span 4 =    -1.5164,     0.0949       
# span 5 =  26.922979,  28.927454       
# span 6 =     4.6771,     8.0766       
# span 7 =     4.7415,     8.0097       
# span 8 =    -0.0224,    22.0003       
# span 9 =    73.5535,    95.5329       
# span 10 = 1.0000e-12, 4.5167e+01      
# span 11 =  -74.17528,  -74.17528      
# span 12 = -113.34460, -113.34455      
# span 13 =  27.041807,  27.051312      
# span 14 =       5.63,     100.56      
# span 15 = 9.0818e+02, 1.6658e+03      
# span 16 =     44.145,    865.365      
# span 17 =       1060,      20770      
# span 18 =  1027.2289,  1030.5178      
# span 19 =  1027.2266,  1030.5155      
# span 20 =    33.7974,    34.3817      
# span 21 =    33.7943,    34.3790      
# span 22 =    8.02559,    8.40804      
# span 23 =         23,         47      
# span 24 = 0.0000e+00, 0.0000e+00      
# interval = decibars: 1                
# start_time = Jan 27 2022 00:59:28 [NMEA time, header]
# bad_flag = -9.990e-29
*END*
[from data line 464]
    474.000    468.557    -0.0906  28.663260    -0.0883  28.663186     4.7480     4.8158    -0.0079    95.0204 1.0000e-12  -74.17528 -113.34456  27.048691      99.87 9.7823e+02    638.869      15334  1029.8121  1029.8098    34.3203    34.3176    8.06746         28 0.0000e+00
    475.000    469.545    -0.0895  28.664924    -0.0877  28.664303     4.7421     4.8133    -0.0130    95.0250 1.0000e-12  -74.17528 -113.34456  27.048704      99.86 9.7208e+02    640.037      15362  1029.8170  1029.8146    34.3207    34.3178    8.06719         28 0.0000e+00
    476.000    470.533    -0.0893  28.665778    -0.0873  28.665403     4.7460     4.8127    -0.0130    95.0286 1.0000e-12  -74.17528 -113.34456  27.048718      99.86 9.6575e+02    641.220      15390  1029.8221  1029.8197    34.3210    34.3182    8.06714         29 0.0000e+00
    477.000    471.519    -0.0886  28.666807    -0.0863  28.666938     4.7462     4.8092    -0.0065    95.0303 1.0000e-12  -74.17528 -113.34456  27.048732      99.87 9.5921e+02    642.412      15419  1029.8268  1029.8246    34.3210    34.3185    8.06699         29 0.0000e+00
    478.000    472.507    -0.0872  28.668943    -0.0851  28.668683     4.7426     4.8117    -0.0074    95.0584 1.0000e-12  -74.17528 -113.34456  27.048745      86.93 9.5278e+02    643.588      15447  1029.8320  1029.8296    34.3217    34.3189    8.06666         27 0.0000e+00
    479.000    473.494    -0.0866  28.670056    -0.0845  28.669891     4.7440     4.8137    -0.0102    95.0721 1.0000e-12  -74.17528 -113.34456  27.048759      90.10 9.4794e+02    644.752      15475  1029.8368  1029.8346    34.3219    34.3193    8.06652         29 0.0000e+00
    480.000    474.482    -0.0845  28.673005    -0.0826  28.672470     4.7437     4.8068    -0.0104    95.0602 1.0000e-12  -74.17528 -113.34456  27.048772      99.87 9.4477e+02    645.917      15503  1029.8422  1029.8397    34.3229    34.3200    8.06602         27 0.0000e+00
    481.000    475.471    -0.0807  28.677865    -0.0792  28.676824     4.7403     4.8027    -0.0173    95.0445 1.0000e-12  -74.17528 -113.34456  27.048786      99.87 9.4338e+02    647.086      15531  1029.8479  1029.8453    34.3244    34.3213    8.06513         29 0.0000e+00
    482.000    476.455    -0.0791  28.679997    -0.0772  28.679570     4.7392     4.8040    -0.0173    95.0466 1.0000e-12  -74.17528 -113.34456  27.048799      99.86 9.4308e+02    648.263      15559  1029.8529  1029.8505    34.3249    34.3222    8.06477         26 0.0000e+00
    483.000    477.445    -0.0803  28.679724    -0.0785  28.679177     4.7402     4.7989    -0.0080    95.0406 1.0000e-12  -74.17528 -113.34456  27.048813      99.87 9.4609e+02    649.432      15587  1029.8580  1029.8557    34.3252    34.3225    8.06500         28 0.0000e+00
    484.000    478.431    -0.0796  28.681304    -0.0772  28.681330     4.7403     4.7986    -0.0041    95.0103 1.0000e-12  -74.17528 -113.34456  27.048826      99.87 9.5245e+02    650.603      15615  1029.8633  1029.8610    34.3260    34.3233    8.06481         28 0.0000e+00
    485.000    479.420    -0.0789  28.682489    -0.0771  28.681865     4.7388     4.8036    -0.0108    95.0121 1.0000e-12  -74.17528 -113.34456  27.048840      99.86 9.5841e+02    651.765      15643  1029.8681  1029.8658    34.3261    34.3233    8.06465         28 0.0000e+00
    486.000    480.405    -0.0788  28.683073    -0.0772  28.682272     4.7415     4.7965     0.0041    95.0046 1.0000e-12  -74.17528 -113.34456  27.048854      99.87 9.6627e+02    652.953      15672  1029.8729  1029.8705    34.3262    34.3233    8.06462         29 0.0000e+00
    487.000    481.393    -0.0784  28.683898    -0.0763  28.683733     4.7409     4.7987    -0.0044    94.9833 1.0000e-12  -74.17528 -113.34456  27.048868      99.86 9.7575e+02    654.162      15701  1029.8777  1029.8755    34.3263    34.3237    8.06454         29 0.0000e+00
    488.000    482.381    -0.0783  28.684536    -0.0758  28.684776     4.7412     4.8022    -0.0097    95.0027 1.0000e-12  -74.17528 -113.34456  27.048882      99.87 9.8608e+02    655.370      15730  1029.8826  1029.8804    34.3265    34.3240    8.06452         29 0.0000e+00
    489.000    483.368    -0.0777  28.685785    -0.0755  28.685629     4.7357     4.8064    -0.0045    94.9791 1.0000e-12  -74.17528 -113.34456  27.048895      78.91 9.9755e+02    656.558      15758  1029.8875  1029.8853    34.3268    34.3242    8.06436         26 0.0000e+00
    490.000    484.355    -0.0775  28.686550    -0.0753  28.686333     4.7340     4.8053     0.0040    94.9643 1.0000e-12  -74.17528 -113.34456  27.048909      92.53 1.0086e+03    657.725      15786  1029.8924  1029.8900    34.3270    34.3242    8.06430         28 0.0000e+00
    491.000    485.343    -0.0754  28.689362    -0.0730  28.689403     4.7370     4.8033    -0.0044    94.9416 1.0000e-12  -74.17528 -113.34456  27.048922      99.31 1.0187e+03    658.878      15814  1029.8976  1029.8953    34.3278    34.3252    8.06382         28 0.0000e+00
    492.000    486.329    -0.0724  28.693414    -0.0694  28.694170     4.7394     4.8093    -0.0096    94.9410 1.0000e-12  -74.17528 -113.34456  27.048936      99.86 1.0294e+03    660.042      15842  1029.9032  1029.9011    34.3292    34.3269    8.06310         27 0.0000e+00
    493.000    487.317    -0.0702  28.696871    -0.0667  28.698408     4.7385     4.8088    -0.0090    94.9228 1.0000e-12  -74.17528 -113.34456  27.048949      99.86 1.0415e+03    661.211      15870  1029.9090  1029.9072    34.3307    34.3289    8.06256         29 0.0000e+00
    494.000    488.305    -0.0699  28.697608    -0.0677  28.697350     4.7378     4.8096    -0.0100    94.9382 1.0000e-12  -74.17528 -113.34456  27.048963      99.87 1.0531e+03    662.375      15898  1029.9138  1029.9114    34.3308    34.3280    8.06249         28 0.0000e+00
    495.000    489.291    -0.0694  28.698531    -0.0670  28.698752     4.7422     4.8069    -0.0095    94.9331 1.0000e-12  -74.17528 -113.34456  27.048976      99.87 1.0651e+03    663.551      15926  1029.9185  1029.9164    34.3309    34.3285    8.06238         28 0.0000e+00
    496.000    490.279    -0.0683  28.700414    -0.0665  28.699912     4.7414     4.7999    -0.0095    94.9523 1.0000e-12  -74.17528 -113.34455  27.048990      99.86 1.0760e+03    664.728      15954  1029.9237  1029.9215    34.3315    34.3289    8.06211         28 0.0000e+00
    497.000    491.266    -0.0673  28.702078    -0.0654  28.701719     4.7442     4.8047    -0.0082    94.9450 1.0000e-12  -74.17528 -113.34455  27.049003      99.87 1.0857e+03    665.892      15982  1029.9288  1029.9265    34.3321    34.3294    8.06188         28 0.0000e+00
    498.000    492.254    -0.0665  28.703636    -0.0644  28.703319     4.7459     4.8064    -0.0090    94.9597 1.0000e-12  -74.17528 -113.34456  27.049017      99.87 1.0944e+03    667.065      16011  1029.9339  1029.9315    34.3326    34.3298    8.06167         28 0.0000e+00
    499.000    493.241    -0.0670  28.703353    -0.0644  28.703623     4.7446     4.8050    -0.0069    94.9575 1.0000e-12  -74.17528 -113.34456  27.049031      99.86 1.1026e+03    668.257      16039  1029.9384  1029.9362    34.3322    34.3297    8.06180         29 0.0000e+00
    500.000    494.229    -0.0663  28.704401    -0.0639  28.704670     4.7392     4.8077    -0.0037    94.9637 1.0000e-12  -74.17528 -113.34456  27.049045      90.38 1.1091e+03    669.459      16068  1029.9431  1029.9410    34.3322    34.3299    8.06165         29 0.0000e+00
    501.000    495.215    -0.0646  28.707029    -0.0624  28.706758     4.7368     4.8042    -0.0085    94.9689 1.0000e-12  -74.17528 -113.34456  27.049058      87.62 1.1136e+03    670.647      16097  1029.9484  1029.9460    34.3332    34.3304    8.06124         28 0.0000e+00
    502.000    496.202    -0.0634  28.708776    -0.0612  28.708469     4.7337     4.8027    -0.0093    94.9901 1.0000e-12  -74.17528 -113.34456  27.049072      99.83 1.1140e+03    671.818      16125  1029.9534  1029.9510    34.3336    34.3307    8.06097         28 0.0000e+00
    503.000    497.190    -0.0622  28.710685    -0.0601  28.710337     4.7384     4.7960    -0.0040    94.9817 1.0000e-12  -74.17528 -113.34456  27.049085      99.87 1.1092e+03    672.980      16153  1029.9584  1029.9561    34.3341    34.3314    8.06067         28 0.0000e+00
    504.000    498.178    -0.0611  28.712421    -0.0589  28.712081     4.7378     4.8006    -0.0059    94.9735 1.0000e-12  -74.17528 -113.34456  27.049099      99.86 1.0981e+03    674.164      16181  1029.9635  1029.9610    34.3346    34.3317    8.06042         29 0.0000e+00
    505.000    499.164    -0.0583  28.715853    -0.0561  28.715572     4.7297     4.8031    -0.0097    94.9550 1.0000e-12  -74.17528 -113.34456  27.049113      99.87 1.0827e+03    675.365      16210  1029.9687  1029.9663    34.3355    34.3327    8.05979         29 0.0000e+00
    506.000    500.152    -0.0572  28.717472    -0.0553  28.717046     4.7295     4.7978    -0.0158    94.9863 1.0000e-12  -74.17528 -113.34456  27.049127      99.87 1.0635e+03    676.562      16238  1029.9736  1029.9713    34.3358    34.3331    8.05954         28 0.0000e+00
    507.000    501.139    -0.0570  28.718189    -0.0547  28.717953     4.7335     4.7945    -0.0165    94.9691 1.0000e-12  -74.17528 -113.34456  27.049141      99.86 1.0429e+03    677.746      16267  1029.9784  1029.9760    34.3359    34.3330    8.05948         29 0.0000e+00
    508.000    502.126    -0.0566  28.719131    -0.0546  28.718649     4.7313     4.7989    -0.0091    94.9915 1.0000e-12  -74.17528 -113.34456  27.049154      99.87 1.0223e+03    678.915      16295  1029.9832  1029.9809    34.3361    34.3332    8.05938         27 0.0000e+00
    509.000    503.113    -0.0567  28.719351    -0.0546  28.719086     4.7368     4.7960    -0.0093    94.9742 1.0000e-12  -74.17528 -113.34456  27.049168      99.87 1.0021e+03    680.075      16323  1029.9879  1029.9856    34.3360    34.3332    8.05942         28 0.0000e+00
    510.000    504.100    -0.0561  28.720562    -0.0538  28.720435     4.7335     4.7969    -0.0106    94.9633 1.0000e-12  -74.17528 -113.34456  27.049181      99.86 9.8290e+02    681.235      16351  1029.9928  1029.9905    34.3362    34.3335    8.05927         28 0.0000e+00
    511.000    505.088    -0.0557  28.721354    -0.0534  28.721213     4.7349     4.7921    -0.0150    94.9699 1.0000e-12  -74.17528 -113.34456  27.049195      99.87 9.6361e+02    682.407      16379  1029.9975  1029.9952    34.3363    34.3336    8.05919         29 0.0000e+00
    512.000    506.076    -0.0554  28.722039    -0.0532  28.721907     4.7309     4.7929    -0.0083    94.9570 1.0000e-12  -74.17528 -113.34456  27.049208      97.76 9.4590e+02    683.597      16407  1030.0023  1030.0000    34.3363    34.3337    8.05913         28 0.0000e+00
    513.000    507.062    -0.0551  28.722948    -0.0528  28.722773     4.7326     4.7927    -0.0087    94.9235 1.0000e-12  -74.17528 -113.34456  27.049222      99.00 9.3124e+02    684.781      16436  1030.0072  1030.0048    34.3365    34.3338    8.05905         28 0.0000e+00
    514.000    508.050    -0.0510  28.727987    -0.0488  28.727802     4.7259     4.7910    -0.0024    94.9453 1.0000e-12  -74.17528 -113.34456  27.049236      99.88 9.2097e+02    685.970      16464  1030.0128  1030.0104    34.3381    34.3353    8.05811         29 0.0000e+00
    515.000    509.037    -0.0450  28.735157    -0.0428  28.735010     4.7242     4.7943    -0.0022    94.9247 1.0000e-12  -74.17528 -113.34456  27.049249      99.86 9.1500e+02    687.146      16493  1030.0187  1030.0164    34.3402    34.3375    8.05671         28 0.0000e+00
    516.000    510.023    -0.0415  28.739531    -0.0393  28.739389     4.7306     4.7955    -0.0095    94.9210 1.0000e-12  -74.17528 -113.34456  27.049263      99.87 9.1242e+02    688.312      16520  1030.0241  1030.0219    34.3415    34.3388    8.05590         28 0.0000e+00
    517.000    511.011    -0.0389  28.742931    -0.0366  28.742836     4.7256     4.7940    -0.0090    94.9174 1.0000e-12  -74.17528 -113.34456  27.049276      99.87 9.1204e+02    689.476      16548  1030.0295  1030.0272    34.3425    34.3398    8.05530         28 0.0000e+00
    518.000    511.998    -0.0345  28.748344    -0.0325  28.747825     4.7231     4.7930    -0.0090    94.9229 1.0000e-12  -74.17528 -113.34456  27.049290      99.87 9.1337e+02    690.653      16577  1030.0351  1030.0326    34.3441    34.3412    8.05428         28 0.0000e+00
    519.000    512.984    -0.0300  28.753692    -0.0279  28.753406     4.7212     4.7880    -0.0088    94.9104 1.0000e-12  -74.17528 -113.34456  27.049304      99.87 9.1520e+02    691.842      16605  1030.0407  1030.0383    34.3456    34.3428    8.05325         29 0.0000e+00
    520.000    513.973    -0.0290  28.755233    -0.0268  28.755013     4.7279     4.7854    -0.0077    94.9034 1.0000e-12  -74.17528 -113.34456  27.049318      99.87 9.1807e+02    693.032      16634  1030.0456  1030.0433    34.3459    34.3431    8.05302         29 0.0000e+00
    521.000    514.959    -0.0285  28.756152    -0.0265  28.755848     4.7239     4.7864    -0.0077    94.9124 1.0000e-12  -74.17528 -113.34458  27.049331      99.43 9.2167e+02    694.212      16662  1030.0505  1030.0482    34.3460    34.3433    8.05292         27 0.0000e+00
    522.000    515.947    -0.0271  28.758234    -0.0255  28.757326     4.7245     4.7906    -0.0074    94.9156 1.0000e-12  -74.17528 -113.34456  27.049345      57.45 9.2524e+02    695.368      16690  1030.0555  1030.0530    34.3465    34.3435    8.05258         28 0.0000e+00
    523.000    516.934    -0.0254  28.760421    -0.0235  28.759910     4.7278     4.7886    -0.0025    94.9072 1.0000e-12  -74.17528 -113.34457  27.049358      99.37 9.2828e+02    696.520      16717  1030.0604  1030.0582    34.3469    34.3442    8.05220         28 0.0000e+00
    524.000    517.921    -0.0248  28.761483    -0.0226  28.761311     4.7267     4.7882    -0.0108    94.9164 1.0000e-12  -74.17528 -113.34457  27.049371      99.43 9.3123e+02    697.685      16745  1030.0653  1030.0630    34.3471    34.3444    8.05207         28 0.0000e+00
    525.000    518.909    -0.0218  28.765391    -0.0193  28.765288     4.7223     4.7823    -0.0137    94.8947 1.0000e-12  -74.17528 -113.34457  27.049385      98.53 9.3333e+02    698.862      16774  1030.0708  1030.0682    34.3483    34.3454    8.05137         29 0.0000e+00
    526.000    519.895    -0.0153  28.772769    -0.0126  28.772772     4.7155     4.7764    -0.0095    94.9050 1.0000e-12  -74.17528 -113.34456  27.049399      97.36 9.3432e+02    700.065      16803  1030.0765  1030.0739    34.3502    34.3472    8.04989         29 0.0000e+00
    527.000    520.883    -0.0078  28.781160    -0.0057  28.780670     4.7169     4.7799    -0.0121    94.9109 1.0000e-12  -74.17528 -113.34456  27.049413      96.38 9.3495e+02    701.260      16831  1030.0823  1030.0797    34.3523    34.3493    8.04820         28 0.0000e+00
    528.000    521.869    -0.0074  28.781933    -0.0052  28.781801     4.7182     4.7740    -0.0131    94.9181 1.0000e-12  -74.17528 -113.34458  27.049426      95.65 9.3577e+02    702.423      16859  1030.0870  1030.0847    34.3523    34.3497    8.04812         27 0.0000e+00
    529.000    522.859    -0.0052  28.784790    -0.0029  28.784639     4.7105     4.7754    -0.0047    94.9127 1.0000e-12  -74.17528 -113.34458  27.049440      94.78 9.3666e+02    703.574      16887  1030.0922  1030.0898    34.3531    34.3503    8.04762         28 0.0000e+00
    530.000    523.843    -0.0020  28.788775     0.0002  28.788604     4.7110     4.7777    -0.0004    94.9289 1.0000e-12  -74.17528 -113.34458  27.049453      93.96 9.3850e+02    704.737      16915  1030.0976  1030.0952    34.3542    34.3514    8.04689         29 0.0000e+00
