ocean_section_plots/required_files/ctd/dnbp2202_ctd239.cnv
* Sea-Bird SBE 9 Data File:
* FileName = D:\Data\raw\NBP2202_CTD239.hex
* Software Version Seasave V 7.26.7.121
* Temperature SN = 1649
* Conductivity SN = 2513
* Number of Bytes Per Scan = 40
* Number of Voltage Words = 5
* Number of Scans Averaged by the Deck Unit = 1
* NMEA Latitude = 73 46.97 S
* NMEA Longitude = 118 43.94 W
* NMEA UTC (Time) = Feb 14 2022  00:56:14
* NMEA baud rate = 9600
** Ship: RVIB N.B. Palmer
** Cruise: NBP2202 Thwaites
** Station: 149
** Operator: A. Robinson
# nquan = 28
# nvalues = 306                         
# units = specified
# name 0 = prDM: Pressure, Digiquartz [db]
# name 1 = depSM: Depth [salt water, m]
# name 2 = t090C: Temperature [ITS-90, deg C]
# name 3 = c0mS/cm: Conductivity [mS/cm]
# name 4 = t190C: Temperature, 2 [ITS-90, deg C]
# name 5 = c1mS/cm: Conductivity, 2 [mS/cm]
# name 6 = sbeox0ML/L: Oxygen, SBE 43 [ml/l]
# name 7 = sbeox1ML/L: Oxygen, SBE 43, 2 [ml/l]
# name 8 = flECO-AFL: Fluorescence, WET Labs ECO-AFL/FL [mg/m^3]
# name 9 = CStarTr0: Beam Transmission, WET Labs C-Star [%]
# name 10 = par: PAR/Irradiance, Biospherical/Licor
# name 11 = latitude: Latitude [deg]
# name 12 = longitude: Longitude [deg]
# name 13 = timeJ: Julian Days
# name 14 = altM: Altimeter [m]
# name 15 = spar: SPAR, Biospherical/Licor
# name 16 = timeS: Time, Elapsed [seconds]
# name 17 = scan: Scan Count
# name 18 = density00: Density [density, kg/m^3]
# name 19 = density11: Density, 2 [density, kg/m^3]
# name 20 = v3: Voltage 3
# name 21 = v4: Voltage 4
# name 22 = v5: Voltage 5
# name 23 = sal00: Salinity, Practical [PSU]
# name 24 = sal11: Salinity, Practical, 2 [PSU]
# name 25 = oxsolML/L: Oxygen Saturation, Garcia & Gordon [ml/l]
# name 26 = nbin: number of scans per bin
# name 27 = flag: flag
# span 0 =      2.000,    307.000       
# span 1 =      1.980,    303.599       
# span 2 =    -1.5946,     0.0047       
# span 3 =  27.061513,  28.185376       
# span 4 =    -1.5940,     0.0043       
# span 5 =  27.061221,  28.183677       
# span 6 =     5.9580,     9.0401       
# span 7 =     6.2674,     9.3804       
# span 8 =     0.4138,    13.1757       
# span 9 =    85.1857,    96.2762       
# span 10 = 1.0000e-12, 5.8704e+02      
# span 11 =  -73.78292,  -73.78292      
# span 12 = -118.73238, -118.73232      
# span 13 =  45.041900,  45.047293      
# span 14 =       4.13,     100.66      
# span 15 = 1.4201e+03, 1.4459e+03      
# span 16 =    246.127,    712.078      
# span 17 =       5908,      17091      
# span 18 =  1027.1941,  1028.8924      
# span 19 =  1027.1919,  1028.8913      
# span 20 =     4.0413,     4.5672      
# span 21 =     0.1437,     1.9538      
# span 22 =     0.1238,     0.2118      
# span 23 =    33.8543,    34.0736      
# span 24 =    33.8533,    34.0718      
# span 25 =    8.07356,    8.41391      
# span 26 =          2,         44      
# span 27 = 0.0000e+00, 0.0000e+00      
# interval = decibars: 1                
# start_time = Feb 14 2022 00:56:14 [NMEA time, header]
# bad_flag = -9.990e-29
*END*
[from data line 208]
    210.000    207.726    -1.5884  27.072343    -1.5876  27.071979     6.7294     6.9524     1.5242    93.5601 1.0000e-12  -73.78292 -118.73238  45.045280      99.12 1.4451e+03    538.212      12918  1028.3887  1028.3876     4.4386     0.3157     0.1472    34.0205    34.0191    8.41240         24 0.0000e+00
    211.000    208.713    -1.5890  27.072869    -1.5882  27.072493     6.7227     6.9403     1.1514    93.8181 1.0000e-12  -73.78292 -118.73238  45.045293      80.31 1.4390e+03    539.327      12945  1028.3941  1028.3930     4.4507     0.3764     0.1398    34.0212    34.0198    8.41248         31 0.0000e+00
    212.000    209.704    -1.5895  27.074314    -1.5889  27.073903     6.7007     6.9336     1.3131    93.2129 1.0000e-12  -73.78292 -118.73238  45.045310      83.72 1.4360e+03    540.759      12979  1028.4006  1028.3995     4.4220     0.3188     0.1435    34.0232    34.0219    8.41249         34 0.0000e+00
    213.000    210.689    -1.5895  27.075269    -1.5888  27.075238     6.6405     6.8837     1.3231    93.6925 1.0000e-12  -73.78292 -118.73238  45.045326     100.66 1.4379e+03    542.170      13013  1028.4059  1028.4052     4.4447     0.4663     0.1446    34.0239    34.0231    8.41245         28 0.0000e+00
    214.000    211.680    -1.5897  27.076062    -1.5888  27.076039     6.5329     6.7876     1.2709    93.8546 1.0000e-12  -73.78292 -118.73238  45.045338      91.48 1.4370e+03    543.165      13037  1028.4113  1028.4104     4.4523     0.3970     0.1461    34.0246    34.0235    8.41245         23 0.0000e+00
    215.000    212.668    -1.5914  27.077546    -1.5908  27.077307     6.4292     6.6829     1.1673    93.6456 1.0000e-12  -73.78292 -118.73238  45.045349      99.40 1.4386e+03    544.119      13060  1028.4190  1028.4181     4.4426     0.3712     0.1504    34.0280    34.0269    8.41264         23 0.0000e+00
    216.000    213.657    -1.5911  27.080045    -1.5902  27.080617     6.3668     6.6195     1.8141    93.5582 1.0000e-12  -73.78292 -118.73238  45.045360      98.77 1.4398e+03    545.133      13084  1028.4257  1028.4255     4.4383     0.2736     0.1393    34.0304    34.0302    8.41242         26 0.0000e+00
    217.000    214.646    -1.5885  27.083654    -1.5876  27.083840     6.3550     6.6091     1.2452    93.6623 1.0000e-12  -73.78292 -118.73236  45.045373      97.73 1.4354e+03    546.254      13111  1028.4315  1028.4308     4.4433     0.2869     0.1440    34.0319    34.0311    8.41174         28 0.0000e+00
    218.000    215.634    -1.5886  27.084246    -1.5880  27.084115     6.3963     6.6368     1.5685    94.0366 1.0000e-12  -73.78292 -118.73238  45.045387      96.68 1.4346e+03    547.458      13140  1028.4365  1028.4358     4.4610     0.2872     0.1350    34.0322    34.0312    8.41175         29 0.0000e+00
    219.000    216.624    -1.5899  27.083690    -1.5895  27.083554     6.3870     6.6315     1.0657    93.6124 1.0000e-12  -73.78292 -118.73237  45.045401      95.71 1.4370e+03    548.674      13169  1028.4415  1028.4409     4.4409     0.2877     0.1407    34.0323    34.0315    8.41204         29 0.0000e+00
    220.000    217.612    -1.5903  27.084607    -1.5898  27.084314     6.3257     6.5844     1.2133    93.7248 1.0000e-12  -73.78292 -118.73237  45.045414      94.72 1.4368e+03    549.764      13195  1028.4472  1028.4464     4.4462     0.3221     0.1497    34.0333    34.0323    8.41206         24 0.0000e+00
    221.000    218.599    -1.5876  27.088221    -1.5871  27.087685     6.3142     6.5494     1.4962    93.8890 1.0000e-12  -73.78292 -118.73237  45.045425      93.73 1.4350e+03    550.714      13218  1028.4528  1028.4518     4.4540     0.4129     0.1418    34.0346    34.0333    8.41136         21 0.0000e+00
    222.000    219.588    -1.5833  27.093714    -1.5831  27.093054     6.3109     6.5363     0.8199    94.2314 1.0000e-12  -73.78292 -118.73237  45.045436      93.15 1.4372e+03    551.653      13241  1028.4590  1028.4581     4.4703     0.3888     0.1394    34.0367    34.0355    8.41027         24 0.0000e+00
    223.000    220.578    -1.5847  27.093583    -1.5842  27.093366     6.3119     6.5402     1.0193    94.2510 1.0000e-12  -73.78292 -118.73236  45.045449      92.19 1.4360e+03    552.755      13267  1028.4646  1028.4639     4.4712     0.3382     0.1406    34.0374    34.0366    8.41054         31 0.0000e+00
    224.000    221.566    -1.5853  27.093904    -1.5850  27.093547     6.3389     6.5533     1.5447    93.5859 1.0000e-12  -73.78292 -118.73236  45.045464      90.44 1.4330e+03    554.128      13300  1028.4698  1028.4692     4.4400     0.3226     0.1637    34.0379    34.0371    8.41064         30 0.0000e+00
    225.000    222.554    -1.5865  27.093455    -1.5858  27.093309     6.3588     6.5699     1.8865    94.4089 1.0000e-12  -73.78292 -118.73236  45.045480      89.48 1.4358e+03    555.433      13331  1028.4748  1028.4740     4.4787     0.2800     0.1344    34.0380    34.0371    8.41090         26 0.0000e+00
    226.000    223.543    -1.5878  27.092939    -1.5876  27.092433     6.3371     6.5561     1.5421    94.7228 1.0000e-12  -73.78292 -118.73236  45.045491      88.58 1.4374e+03    556.407      13355  1028.4798  1028.4791     4.4936     0.2829     0.1474    34.0382    34.0373    8.41119         22 0.0000e+00
    227.000    224.531    -1.5875  27.093852    -1.5871  27.093542     6.3197     6.5382     1.4890    94.4887 1.0000e-12  -73.78292 -118.73236  45.045502      88.17 1.4366e+03    557.333      13377  1028.4848  1028.4841     4.4824     0.3164     0.1379    34.0385    34.0376    8.41111         23 0.0000e+00
    228.000    225.520    -1.5867  27.095231    -1.5861  27.095116     6.2912     6.5193     1.3597    94.4644 1.0000e-12  -73.78292 -118.73234  45.045513      86.65 1.4347e+03    558.362      13402  1028.4899  1028.4892     4.4813     0.2270     0.1326    34.0389    34.0380    8.41091         27 0.0000e+00
    229.000    226.509    -1.5854  27.097102    -1.5848  27.096972     6.2688     6.4890     1.8742    93.9246 1.0000e-12  -73.78292 -118.73235  45.045527      86.37 1.4371e+03    559.493      13429  1028.4950  1028.4942     4.4557     0.2863     0.1338    34.0394    34.0385    8.41058         27 0.0000e+00
    230.000    227.498    -1.5847  27.098926    -1.5844  27.098217     6.2393     6.4643     2.0192    93.9947 1.0000e-12  -73.78292 -118.73235  45.045540      84.39 1.4355e+03    560.696      13458  1028.5007  1028.4995     4.4594     0.4610     0.1511    34.0405    34.0391    8.41036         30 0.0000e+00
    231.000    228.485    -1.5837  27.100672    -1.5831  27.100512     6.2161     6.4383     1.8117    94.6271 1.0000e-12  -73.78292 -118.73235  45.045555      83.85 1.4323e+03    561.915      13487  1028.5060  1028.5052     4.4887     0.4233     0.1371    34.0412    34.0403    8.41010         29 0.0000e+00
    232.000    229.476    -1.5833  27.102030    -1.5829  27.101456     6.2006     6.4238     1.4419    94.1390 1.0000e-12  -73.78292 -118.73235  45.045567      82.92 1.4348e+03    563.020      13513  1028.5113  1028.5103     4.4659     0.3485     0.1654    34.0419    34.0407    8.40995         24 0.0000e+00
    233.000    230.463    -1.5827  27.103174    -1.5816  27.103363     6.1985     6.4170     1.5792    94.5616 1.0000e-12  -73.78292 -118.73235  45.045579      81.39 1.4337e+03    563.996      13537  1028.5163  1028.5155     4.4859     0.2841     0.1397    34.0422    34.0412    8.40980         23 0.0000e+00
    234.000    231.452    -1.5810  27.105441    -1.5805  27.105121     6.1851     6.4074     1.5535    94.3917 1.0000e-12  -73.78292 -118.73235  45.045590      80.62 1.4358e+03    564.962      13560  1028.5215  1028.5206     4.4779     0.3298     0.1454    34.0427    34.0417    8.40939         24 0.0000e+00
    235.000    232.440    -1.5804  27.106561    -1.5813  27.104749     6.1795     6.3967     1.3646    94.7144 1.0000e-12  -73.78292 -118.73235  45.045602      79.90 1.4368e+03    566.024      13586  1028.5265  1028.5253     4.4931     0.2720     0.1356    34.0430    34.0415    8.40924         27 0.0000e+00
    236.000    233.428    -1.5789  27.108493    -1.5782  27.108129     6.1735     6.3968     1.6344    94.6946 1.0000e-12  -73.78292 -118.73235  45.045616      78.19 1.4315e+03    567.259      13615  1028.5314  1028.5304     4.4922     0.2882     0.1434    34.0433    34.0421    8.40887         32 0.0000e+00
    237.000    234.418    -1.5769  27.111365    -1.5764  27.110859     6.1762     6.3866     1.5574    94.5738 1.0000e-12  -73.78292 -118.73235  45.045631      77.73 1.4324e+03    568.552      13646  1028.5370  1028.5360     4.4865     0.2587     0.1315    34.0444    34.0431    8.40836         29 0.0000e+00
    238.000    235.404    -1.5708  27.119186    -1.5697  27.119283     6.1733     6.3772     1.3618    94.4016 1.0000e-12  -73.78292 -118.73235  45.045644      76.23 1.4364e+03    569.652      13673  1028.5440  1028.5431     4.4784     0.1961     0.1294    34.0476    34.0465    8.40678         24 0.0000e+00
    239.000    236.395    -1.5687  27.121799    -1.5678  27.121793     6.1706     6.3745     1.2683    94.8735 1.0000e-12  -73.78292 -118.73234  45.045655      75.22 1.4347e+03    570.624      13696  1028.5492  1028.5484     4.5007     0.2105     0.1287    34.0482    34.0472    8.40628         24 0.0000e+00
    240.000    237.383    -1.5675  27.123425    -1.5668  27.123166     6.1609     6.3738     1.0553    94.7843 1.0000e-12  -73.78292 -118.73234  45.045668      74.69 1.4359e+03    571.736      13723  1028.5542  1028.5533     4.4965     0.2738     0.1430    34.0485    34.0473    8.40599         28 0.0000e+00
    241.000    238.372    -1.5660  27.125511    -1.5639  27.126545     6.1784     6.3856     0.8538    94.8459 1.0000e-12  -73.78292 -118.73235  45.045682      73.08 1.4367e+03    572.922      13751  1028.5594  1028.5585     4.4993     0.2764     0.1322    34.0491    34.0481    8.40562         29 0.0000e+00
    242.000    239.358    -1.5632  27.130052    -1.5626  27.129991     6.1738     6.3841     1.5851    95.0431 1.0000e-12  -73.78292 -118.73234  45.045695      72.68 1.4323e+03    574.067      13779  1028.5660  1028.5655     4.5088     0.4358     0.1418    34.0515    34.0507    8.40484         27 0.0000e+00
    243.000    240.351    -1.5633  27.130904    -1.5627  27.130803     6.1672     6.3888     1.8618    94.9749 1.0000e-12  -73.78292 -118.73234  45.045707      71.10 1.4324e+03    575.118      13804  1028.5714  1028.5708     4.5055     0.2448     0.1476    34.0521    34.0513    8.40482         23 0.0000e+00
    244.000    241.336    -1.5635  27.131387    -1.5623  27.131670     6.1927     6.3903     1.0059    94.7786 1.0000e-12  -73.78292 -118.73234  45.045719      70.07 1.4362e+03    576.101      13827  1028.5765  1028.5756     4.4963     0.2274     0.1359    34.0524    34.0514    8.40486         24 0.0000e+00
    245.000    242.326    -1.5637  27.131534    -1.5630  27.131379     6.1841     6.3924     1.2005    95.0946 1.0000e-12  -73.78292 -118.73234  45.045730      69.07 1.4356e+03    577.088      13851  1028.5812  1028.5804     4.5112     0.2719     0.1448    34.0522    34.0512    8.40490         24 0.0000e+00
    246.000    243.313    -1.5635  27.132249    -1.5626  27.132276     6.1837     6.3909     1.2193    94.9033 1.0000e-12  -73.78292 -118.73234  45.045743      68.32 1.4340e+03    578.194      13878  1028.5861  1028.5852     4.5021     0.3068     0.1366    34.0523    34.0513    8.40485         29 0.0000e+00
    247.000    244.301    -1.5630  27.133261    -1.5623  27.132979     6.1772     6.3821     1.7046    94.6040 1.0000e-12  -73.78292 -118.73234  45.045759      66.87 1.4347e+03    579.552      13910  1028.5911  1028.5901     4.4880     0.3090     0.1329    34.0525    34.0513    8.40472         34 0.0000e+00
    248.000    245.292    -1.5619  27.134720    -1.5613  27.134377     6.1790     6.3811     1.1634    94.4081 1.0000e-12  -73.78292 -118.73234  45.045774      65.86 1.4344e+03    580.859      13942  1028.5959  1028.5949     4.4787     0.3388     0.1374    34.0527    34.0515    8.40447         30 0.0000e+00
    249.000    246.280    -1.5613  27.135778    -1.5607  27.135474     6.1812     6.3801     1.0216    94.8906 1.0000e-12  -73.78292 -118.73234  45.045787      64.91 1.4345e+03    581.969      13968  1028.6008  1028.5999     4.5015     0.1938     0.1272    34.0529    34.0518    8.40433         23 0.0000e+00
    250.000    247.267    -1.5613  27.136169    -1.5608  27.135890     6.1763     6.3783     0.8877    95.1620 1.0000e-12  -73.78292 -118.73234  45.045798      63.92 1.4361e+03    582.955      13992  1028.6056  1028.6048     4.5144     0.2251     0.1384    34.0528    34.0519    8.40434         25 0.0000e+00
    251.000    248.257    -1.5622  27.135902    -1.5611  27.136075     6.1844     6.3862     0.8590    95.0584 1.0000e-12  -73.78292 -118.73234  45.045811      62.86 1.4362e+03    584.069      14019  1028.6105  1028.6096     4.5095     0.2312     0.1335    34.0528    34.0518    8.40454         28 0.0000e+00
    252.000    249.245    -1.5626  27.136246    -1.5620  27.135991     6.1857     6.3869     0.9755    95.4549 1.0000e-12  -73.78292 -118.73234  45.045824      61.91 1.4355e+03    585.211      14046  1028.6155  1028.6147     4.5282     0.2147     0.1340    34.0531    34.0520    8.40460         27 0.0000e+00
    253.000    250.232    -1.5624  27.136738    -1.5617  27.136645     6.2017     6.3998     1.4900    95.4111 1.0000e-12  -73.78292 -118.73234  45.045837      60.90 1.4356e+03    586.292      14072  1028.6202  1028.6194     4.5262     0.2152     0.1337    34.0529    34.0520    8.40456         25 0.0000e+00
    254.000    251.223    -1.5647  27.135234    -1.5638  27.135299     6.2273     6.4174     1.5170    95.2638 1.0000e-12  -73.78292 -118.73234  45.045849      59.87 1.4367e+03    587.346      14097  1028.6251  1028.6243     4.5192     0.2434     0.1357    34.0528    34.0519    8.40509         26 0.0000e+00
    255.000    252.209    -1.5710  27.130367    -1.5695  27.131112     6.2363     6.4324     1.2272    95.4325 1.0000e-12  -73.78292 -118.73234  45.045862      58.76 1.4342e+03    588.435      14123  1028.6301  1028.6295     4.5273     0.3611     0.1315    34.0526    34.0520    8.40652         26 0.0000e+00
    256.000    253.199    -1.5718  27.130470    -1.5714  27.130042     6.2277     6.4413     0.8601    95.4072 1.0000e-12  -73.78292 -118.73234  45.045874      57.74 1.4324e+03    589.547      14150  1028.6353  1028.6345     4.5260     0.2106     0.1295    34.0532    34.0521    8.40669         27 0.0000e+00
    257.000    254.187    -1.5727  27.130421    -1.5727  27.129582     6.2363     6.4410     0.8837    95.6897 1.0000e-12  -73.78292 -118.73234  45.045887      56.73 1.4358e+03    590.643      14176  1028.6404  1028.6395     4.5394     0.2663     0.1391    34.0535    34.0523    8.40687         26 0.0000e+00
    258.000    255.176    -1.5725  27.131046    -1.5706  27.132083     6.2397     6.4301     0.9151    95.1771 1.0000e-12  -73.78292 -118.73234  45.045899      55.71 1.4339e+03    591.711      14202  1028.6452  1028.6444     4.5151     0.1633     0.1303    34.0535    34.0527    8.40683         25 0.0000e+00
    259.000    256.164    -1.5723  27.131596    -1.5709  27.132149     6.2265     6.4343     0.9535    94.6752 1.0000e-12  -73.78292 -118.73235  45.045912      54.69 1.4365e+03    592.773      14228  1028.6499  1028.6491     4.4919     0.1791     0.1355    34.0534    34.0526    8.40679         26 0.0000e+00
