ocean_section_plots/required_files/ctd/dnbp2202_ctd138.cnv
* Sea-Bird SBE 9 Data File:
* FileName = D:\Data\raw\NBP2202_CTD138.hex
* Software Version Seasave V 7.26.7.121
* Temperature SN = 1649
* Conductivity SN = 2513
* Number of Bytes Per Scan = 40
* Number of Voltage Words = 5
* Number of Scans Averaged by the Deck Unit = 1
* NMEA Latitude = 74 01.83 S
* NMEA Longitude = 113 21.08 W
* NMEA UTC (Time) = Jan 28 2022  11:06:13
* NMEA baud rate = 9600
** Ship: RVIB N.B. Palmer
** Cruise: NBP2202 Thwaites
** Station: 67
** Operator: B. Bjork
# nquan = 25
# nvalues = 259                         
# units = specified
# name 0 = prDM: Pressure, Digiquartz [db]
# name 1 = depSM: Depth [salt water, m]
# name 2 = t090C: Temperature [ITS-90, deg C]
# name 3 = c0mS/cm: Conductivity [mS/cm]
# name 4 = t190C: Temperature, 2 [ITS-90, deg C]
# name 5 = c1mS/cm: Conductivity, 2 [mS/cm]
# name 6 = sbeox0ML/L: Oxygen, SBE 43 [ml/l]
# name 7 = sbeox1ML/L: Oxygen, SBE 43, 2 [ml/l]
# name 8 = flECO-AFL: Fluorescence, WET Labs ECO-AFL/FL [mg/m^3]
# name 9 = CStarTr0: Beam Transmission, WET Labs C-Star [%]
# name 10 = par: PAR/Irradiance, Biospherical/Licor
# name 11 = latitude: Latitude [deg]
# name 12 = longitude: Longitude [deg]
# name 13 = timeJ: Julian Days
# name 14 = altM: Altimeter [m]
# name 15 = spar: SPAR, Biospherical/Licor
# name 16 = timeS: Time, Elapsed [seconds]
# name 17 = scan: Scan Count
# name 18 = density00: Density [density, kg/m^3]
# name 19 = density11: Density, 2 [density, kg/m^3]
# name 20 = sal00: Salinity, Practical [PSU]
# name 21 = sal11: Salinity, Practical, 2 [PSU]
# name 22 = oxsolML/L: Oxygen Saturation, Garcia & Gordon [ml/l]
# name 23 = nbin: number of scans per bin
# name 24 = flag: flag
# span 0 =      3.000,    261.000       
# span 1 =      2.970,    258.141       
# span 2 =    -1.3955,    -0.8777       
# span 3 =  27.069715,  27.722769       
# span 4 =    -1.3952,    -0.8736       
# span 5 =  27.069795,  27.724870       
# span 6 =     5.2688,     8.2538       
# span 7 =     5.3736,     8.4532       
# span 8 =     0.0019,    22.5679       
# span 9 =    69.1501,    93.4996       
# span 10 = 1.0000e-12, 8.6538e+00      
# span 11 =  -74.03060,  -74.03060      
# span 12 = -113.35138, -113.35132      
# span 13 =  28.466170,  28.471547      
# span 14 =       5.52,     100.69      
# span 15 = 3.6627e+01, 4.4318e+01      
# span 16 =    304.060,    768.651      
# span 17 =       7298,      18449      
# span 18 =  1027.1964,  1028.6458      
# span 19 =  1027.1994,  1028.6442      
# span 20 =    33.7987,    34.0730      
# span 21 =    33.8017,    34.0712      
# span 22 =    8.25092,    8.37813      
# span 23 =         20,         49      
# span 24 = 0.0000e+00, 0.0000e+00      
# interval = decibars: 1                
# start_time = Jan 28 2022 11:06:13 [NMEA time, header]
# bad_flag = -9.990e-29
*END*
[from data line 174]
    177.000    175.094    -1.0718  27.470018    -1.0719  27.469149     5.3550     5.4696     0.0475    93.3596 1.0000e-12  -74.03060 -113.35134  28.469815      92.36 4.4072e+01    619.057      14858  1028.1933  1028.1924    34.0004    33.9992    8.29793         26 0.0000e+00
    178.000    176.083    -1.0765  27.466462    -1.0751  27.466544     5.3577     5.4677     0.0327    93.4207 1.0000e-12  -74.03060 -113.35134  28.469828      92.00 4.4072e+01    620.164      14885  1028.1984  1028.1972    34.0002    33.9987    8.29897         27 0.0000e+00
    179.000    177.071    -1.0757  27.467627    -1.0759  27.466048     5.3635     5.4744     0.0275    93.3696 1.0000e-12  -74.03060 -113.35134  28.469842      91.15 4.4072e+01    621.373      14914  1028.2034  1028.2019    34.0003    33.9983    8.29880         31 0.0000e+00
    180.000    178.061    -1.0777  27.465977    -1.0785  27.464260     5.3520     5.4620     0.0276    93.4131 1.0000e-12  -74.03060 -113.35134  28.469857      89.33 4.4072e+01    622.641      14944  1028.2079  1028.2069    33.9996    33.9982    8.29927         29 0.0000e+00
    181.000    179.050    -1.0781  27.466521    -1.0750  27.468127     5.3409     5.4361     0.0200    93.4212 1.0000e-12  -74.03060 -113.35134  28.469871      88.05 4.4072e+01    623.822      14973  1028.2133  1028.2120    34.0002    33.9989    8.29933         28 0.0000e+00
    182.000    180.038    -1.0616  27.481503    -1.0422  27.498339     5.3304     5.4308     0.0804    93.4302 1.0000e-12  -74.03060 -113.35134  28.469884      87.12 4.4072e+01    625.010      15001  1028.2180  1028.2175    34.0013    34.0024    8.29561         30 0.0000e+00
    183.000    181.026    -1.0601  27.484728    -1.0495  27.492265     5.3160     5.4209     0.2819    93.4036 1.0000e-12  -74.03060 -113.35134  28.469899      86.76 4.4072e+01    626.271      15031  1028.2244  1028.2225    34.0034    34.0017    8.29515         30 0.0000e+00
    184.000    182.016    -1.0416  27.501362    -1.0406  27.501030     5.3064     5.4203     0.1885    93.4216 1.0000e-12  -74.03060 -113.35134  28.469913      85.44 4.4072e+01    627.447      15060  1028.2291  1028.2278    34.0046    34.0030    8.29101         26 0.0000e+00
    185.000    183.006    -1.0399  27.503767    -1.0387  27.503390     5.3105     5.4207     0.0497    93.4473 1.0000e-12  -74.03060 -113.35134  28.469925      84.36 4.4072e+01    628.524      15086  1028.2345  1028.2330    34.0053    34.0035    8.29058         26 0.0000e+00
    186.000    183.993    -1.0389  27.505006    -1.0378  27.504531     5.3047     5.4188     0.0655    93.4526 1.0000e-12  -74.03060 -113.35134  28.469939      83.81 4.4072e+01    629.704      15114  1028.2393  1028.2378    34.0053    34.0034    8.29037         32 0.0000e+00
    187.000    184.983    -1.0388  27.505613    -1.0374  27.505615     5.3072     5.4182     0.0103    93.4329 1.0000e-12  -74.03060 -113.35134  28.469954      82.62 4.4072e+01    631.043      15146  1028.2443  1028.2430    34.0054    34.0038    8.29034         32 0.0000e+00
    188.000    185.971    -1.0380  27.507151    -1.0371  27.506505     5.3016     5.4148     0.0408    93.3648 1.0000e-12  -74.03060 -113.35134  28.469968      81.63 4.4072e+01    632.270      15175  1028.2496  1028.2480    34.0059    34.0040    8.29012         27 0.0000e+00
    189.000    186.960    -1.0381  27.507104    -1.0369  27.507003     5.3052     5.4127     0.0110    93.4161 1.0000e-12  -74.03060 -113.35134  28.469981      79.71 4.4072e+01    633.356      15202  1028.2541  1028.2528    34.0054    34.0039    8.29019         25 0.0000e+00
    190.000    187.948    -1.0370  27.509109    -1.0365  27.508083     5.3068     5.4187     0.0096    93.3904 1.0000e-12  -74.03060 -113.35134  28.469994      78.95 4.4072e+01    634.457      15228  1028.2595  1028.2579    34.0062    34.0042    8.28989         28 0.0000e+00
    191.000    188.938    -1.0370  27.509445    -1.0376  27.507556     5.3128     5.4173     0.0132    93.4420 1.0000e-12  -74.03060 -113.35135  28.470009      78.39 4.4072e+01    635.753      15259  1028.2643  1028.2628    34.0061    34.0041    8.28990         33 0.0000e+00
    192.000    189.927    -1.0373  27.509553    -1.0374  27.508049     5.3144     5.4143     0.0302    93.4043 1.0000e-12  -74.03060 -113.35134  28.470024      76.55 4.4072e+01    637.082      15291  1028.2690  1028.2675    34.0059    34.0041    8.28997         29 0.0000e+00
    193.000    190.914    -1.0382  27.509341    -1.0367  27.509134     5.3191     5.4197     0.0343    93.4673 1.0000e-12  -74.03060 -113.35134  28.470037      75.64 4.4072e+01    638.193      15318  1028.2740  1028.2723    34.0060    34.0041    8.29016         26 0.0000e+00
    194.000    191.903    -1.0390  27.508897    -1.0362  27.510036     5.3336     5.4303     0.0259    93.4453 1.0000e-12  -74.03060 -113.35136  28.470050      75.13 4.4072e+01    639.296      15344  1028.2786  1028.2772    34.0058    34.0042    8.29036         28 0.0000e+00
    195.000    192.893    -1.0490  27.501156    -1.0459  27.502698     5.3499     5.4492     0.0280    93.4477 1.0000e-12  -74.03060 -113.35135  28.470064      74.19 4.4072e+01    640.559      15374  1028.2842  1028.2830    34.0059    34.0045    8.29256         31 0.0000e+00
    196.000    193.880    -1.0557  27.496204    -1.0545  27.496167     5.3687     5.4749     0.0364    93.4300 1.0000e-12  -74.03060 -113.35135  28.470079      72.89 4.4072e+01    641.792      15404  1028.2896  1028.2884    34.0061    34.0046    8.29403         28 0.0000e+00
    197.000    194.870    -1.0607  27.492498    -1.0620  27.490617     5.3872     5.4792     0.0321    93.4476 1.0000e-12  -74.03060 -113.35135  28.470092      71.55 4.4072e+01    642.922      15431  1028.2947  1028.2940    34.0061    34.0050    8.29514         27 0.0000e+00
    198.000    195.859    -1.0743  27.481366    -1.0727  27.481702     5.3879     5.4914     0.0313    93.4277 1.0000e-12  -74.03060 -113.35134  28.470105      70.61 4.4072e+01    644.098      15459  1028.3000  1028.2989    34.0056    34.0043    8.29817         30 0.0000e+00
    199.000    196.847    -1.0767  27.480003    -1.0756  27.479640     5.3805     5.4919     0.0211    93.4444 1.0000e-12  -74.03060 -113.35134  28.470120      69.45 4.4072e+01    645.331      15489  1028.3051  1028.3036    34.0059    34.0041    8.29869         29 0.0000e+00
    200.000    197.835    -1.0771  27.479961    -1.0762  27.479603     5.3769     5.4893     0.0189    93.4861 1.0000e-12  -74.03060 -113.35135  28.470133      68.48 4.4072e+01    646.512      15517  1028.3096  1028.3083    34.0057    34.0041    8.29879         27 0.0000e+00
    201.000    198.824    -1.0715  27.485919    -1.0719  27.483825     5.3744     5.4858     0.0132    93.4559 1.0000e-12  -74.03060 -113.35135  28.470146      67.48 4.4072e+01    647.653      15545  1028.3148  1028.3129    34.0068    34.0044    8.29747         28 0.0000e+00
    202.000    199.814    -1.0737  27.484050    -1.0730  27.483289     5.3700     5.4873     0.0127    93.4511 1.0000e-12  -74.03060 -113.35135  28.470161      66.45 4.4072e+01    648.888      15574  1028.3192  1028.3177    34.0062    34.0043    8.29801         32 0.0000e+00
    203.000    200.801    -1.0695  27.488569    -1.0699  27.486567     5.3745     5.4850     0.0179    93.4739 1.0000e-12  -74.03060 -113.35134  28.470176      65.69 4.4072e+01    650.173      15605  1028.3242  1028.3225    34.0069    34.0047    8.29702         29 0.0000e+00
    204.000    201.791    -1.0677  27.490763    -1.0676  27.489541     5.3716     5.4805     0.0179    93.4450 1.0000e-12  -74.03060 -113.35136  28.470189      64.85 4.4072e+01    651.322      15633  1028.3292  1028.3278    34.0073    34.0055    8.29661         26 0.0000e+00
    205.000    202.779    -1.0679  27.491408    -1.0657  27.491842     5.3625     5.4703     0.0135    93.4550 1.0000e-12  -74.03060 -113.35134  28.470201      63.42 4.4072e+01    652.400      15659  1028.3344  1028.3327    34.0078    34.0059    8.29663         27 0.0000e+00
    206.000    203.768    -1.0531  27.506113    -1.0516  27.505551     5.3576     5.4714     0.0155    93.4477 1.0000e-12  -74.03060 -113.35135  28.470216      62.45 4.4072e+01    653.667      15689  1028.3403  1028.3382    34.0104    34.0080    8.29319         34 0.0000e+00
    207.000    204.756    -1.0512  27.508265    -1.0502  27.507618     5.3674     5.4794     0.0217    93.4996 1.0000e-12  -74.03060 -113.35135  28.470232      61.32 4.4072e+01    655.075      15723  1028.3451  1028.3435    34.0106    34.0087    8.29276         31 0.0000e+00
    208.000    205.746    -1.0504  27.509883    -1.0493  27.509509     5.3637     5.4766     0.0322    93.4776 1.0000e-12  -74.03060 -113.35134  28.470246      60.60 4.4072e+01    656.249      15751  1028.3505  1028.3491    34.0114    34.0096    8.29256         26 0.0000e+00
    209.000    206.734    -1.0518  27.510168    -1.0503  27.510129     5.3696     5.4780     0.0237    93.4681 1.0000e-12  -74.03060 -113.35136  28.470258      59.26 4.4072e+01    657.297      15776  1028.3564  1028.3550    34.0126    34.0109    8.29277         26 0.0000e+00
    210.000    207.722    -1.0491  27.513195    -1.0483  27.512379     5.3772     5.4941     0.0843    93.4563 1.0000e-12  -74.03060 -113.35135  28.470271      58.49 4.4072e+01    658.428      15803  1028.3615  1028.3598    34.0131    34.0111    8.29215         29 0.0000e+00
    211.000    208.712    -1.0514  27.511923    -1.0499  27.512084     5.3526     5.4625     0.0745    93.4652 1.0000e-12  -74.03060 -113.35135  28.470286      57.46 4.4072e+01    659.742      15835  1028.3667  1028.3654    34.0134    34.0119    8.29265         33 0.0000e+00
    212.000    209.699    -1.0398  27.523568    -1.0374  27.523365     5.3475     5.4613     0.0343    93.4510 1.0000e-12  -74.03060 -113.35134  28.470302      56.28 4.4072e+01    661.114      15868  1028.3724  1028.3699    34.0155    34.0126    8.28996         32 0.0000e+00
    213.000    210.688    -1.0237  27.538461    -1.0234  27.537425     5.3878     5.4961     0.0562    93.4462 1.0000e-12  -74.03060 -113.35134  28.470316      55.52 4.4072e+01    662.313      15897  1028.3773  1028.3759    34.0170    34.0152    8.28632         26 0.0000e+00
    214.000    211.677    -1.0438  27.524777    -1.0467  27.522298     5.4088     5.5142     0.0194    93.4315 1.0000e-12  -74.03060 -113.35136  28.470329      54.27 4.4072e+01    663.443      15924  1028.3864  1028.3867    34.0204    34.0204    8.29055         28 0.0000e+00
    215.000    212.666    -1.0541  27.519346    -1.0509  27.520664     5.4035     5.5124     0.0019    93.4286 1.0000e-12  -74.03060 -113.35136  28.470345      53.07 4.4072e+01    664.785      15956  1028.3949  1028.3932    34.0241    34.0223    8.29262         33 0.0000e+00
    216.000    213.654    -1.0452  27.525066    -1.0465  27.523544     5.4023     5.5160     0.0257    93.3708 1.0000e-12  -74.03060 -113.35136  28.470361      52.37 4.4072e+01    666.174      15989  1028.3967  1028.3963    34.0212    34.0206    8.29081         31 0.0000e+00
    217.000    214.643    -1.0472  27.525341    -1.0461  27.525230     5.4039     5.5113     0.0534    93.4101 1.0000e-12  -74.03060 -113.35136  28.470374      51.16 4.4072e+01    667.353      16017  1028.4033  1028.4021    34.0233    34.0218    8.29115         29 0.0000e+00
    218.000    215.631    -1.0486  27.523828    -1.0473  27.523670     5.4409     5.5495     0.0318    93.4400 1.0000e-12  -74.03060 -113.35136  28.470390      50.12 4.4072e+01    668.686      16049  1028.4072  1028.4058    34.0221    34.0205    8.29152         32 0.0000e+00
    219.000    216.621    -1.0645  27.513001    -1.0654  27.511972     5.4542     5.5636     0.0283    93.4538 1.0000e-12  -74.03060 -113.35136  28.470407      49.17 4.4072e+01    670.191      16086  1028.4152  1028.4151    34.0247    34.0244    8.29487         38 0.0000e+00
    220.000    217.609    -1.0635  27.514419    -1.0680  27.510381     5.4413     5.5375     0.0227    93.4463 1.0000e-12  -74.03060 -113.35136  28.470425      48.07 4.4072e+01    671.698      16122  1028.4200  1028.4200    34.0249    34.0245    8.29464         35 0.0000e+00
    221.000    218.597    -1.0579  27.518991    -1.0542  27.520166     5.4536     5.5317     0.0814    93.4737 1.0000e-12  -74.03060 -113.35136  28.470442      47.20 4.4072e+01    673.161      16157  1028.4238  1028.4214    34.0242    34.0216    8.29345         37 0.0000e+00
    222.000    219.586    -1.0627  27.517659    -1.0533  27.522487     5.4741     5.5726     0.0671    93.4456 1.0000e-12  -74.03060 -113.35136  28.470461      45.80 4.4072e+01    674.839      16197  1028.4313  1028.4274    34.0273    34.0232    8.29434         41 0.0000e+00
    223.000    220.575    -1.0629  27.519046    -1.0647  27.516248     5.4645     5.5813     0.0122    93.4248 1.0000e-12  -74.03060 -113.35136  28.470479      44.92 4.4072e+01    676.401      16235  1028.4373  1028.4360    34.0287    34.0269    8.29429         34 0.0000e+00
    224.000    221.562    -1.0605  27.522167    -1.0579  27.522945     5.4414     5.5502     0.0306    93.4553 1.0000e-12  -74.03060 -113.35136  28.470497      43.84 4.4072e+01    677.968      16272  1028.4426  1028.4409    34.0297    34.0277    8.29371         41 0.0000e+00
    225.000    222.552    -1.0472  27.533514    -1.0475  27.532856     5.4353     5.5608     0.0224    93.4731 1.0000e-12  -74.03060 -113.35136  28.470518      42.76 4.4072e+01    679.793      16316  1028.4463  1028.4459    34.0295    34.0289    8.29078         40 0.0000e+00
    226.000    223.540    -1.0428  27.538738    -1.0497  27.530879     5.4417     5.5578     0.0335    93.4681 1.0000e-12  -74.03060 -113.35136  28.470539      41.74 4.3546e+01    681.543      16358  1028.4521  1028.4502    34.0310    34.0280    8.28972         36 0.0000e+00
    227.000    224.529    -1.0544  27.528314    -1.0565  27.525450     5.4948     5.6334     0.0484    93.4741 1.0000e-12  -74.03060 -113.35136  28.470562      40.60 4.3591e+01    683.528      16406  1028.4562  1028.4553    34.0293    34.0278    8.29239         38 0.0000e+00
    228.000    225.518    -1.0881  27.499900    -1.1085  27.482026     5.4561     5.5855     0.0340    93.4201 1.0000e-12  -74.03060 -113.35136  28.470584      39.67 4.4071e+01    685.429      16451  1028.4624  1028.4625    34.0280    34.0267    8.29990         30 0.0000e+00
    229.000    226.505    -1.0486  27.534679    -1.0507  27.530653     5.4441     5.5619     0.0821    93.4797 1.0000e-12  -74.03060 -113.35136  28.470608      38.62 4.3435e+01    687.550      16502  1028.4660  1028.4635    34.0301    34.0270    8.29104         38 0.0000e+00
    230.000    227.494    -1.0513  27.532961    -1.0536  27.529262     5.4409     5.5508     0.0960    93.4949 1.0000e-12  -74.03060 -113.35136  28.470633      37.59 4.2971e+01    689.657      16553  1028.4711  1028.4692    34.0302    34.0278    8.29164         37 0.0000e+00
    231.000    228.483    -1.0499  27.534514    -1.0448  27.537349     5.4374     5.5454     0.0394    93.4576 1.0000e-12  -74.03060 -113.35137  28.470651      36.59 4.3891e+01    691.290      16592  1028.4758  1028.4737    34.0301    34.0282    8.29133         38 0.0000e+00
    232.000    229.471    -1.0478  27.536793    -1.0447  27.537771     5.4357     5.5458     0.3625    93.4342 1.0000e-12  -74.03060 -113.35137  28.470677      35.50 4.3852e+01    693.494      16645  1028.4806  1028.4785    34.0303    34.0281    8.29086         40 0.0000e+00
    233.000    230.460    -1.0463  27.538687    -1.0458  27.537662     5.4468     5.5542     0.4204    93.4074 1.0000e-12  -74.03060 -113.35137  28.470700      34.54 4.3346e+01    695.445      16692  1028.4854  1028.4839    34.0305    34.0286    8.29051         34 0.0000e+00
