ocean_section_plots/required_files/ctd/dnbp2202_ctd253.cnv
* Sea-Bird SBE 9 Data File:
* FileName = D:\Data\raw\NBP2202_CTD253.hex
* Software Version Seasave V 7.26.7.121
* Temperature SN = 1649
* Conductivity SN = 2513
* Number of Bytes Per Scan = 40
* Number of Voltage Words = 5
* Number of Scans Averaged by the Deck Unit = 1
* NMEA Latitude = 74 00.88 S
* NMEA Longitude = 117 52.23 W
* NMEA UTC (Time) = Feb 15 2022  17:08:04
* NMEA baud rate = 9600
** Ship: RVIB N.B. Palmer
** Cruise: NBP2202 Thwaites
** Station: 161
** Operator: A. Robinson
# nquan = 28
# nvalues = 979                         
# units = specified
# name 0 = prDM: Pressure, Digiquartz [db]
# name 1 = depSM: Depth [salt water, m]
# name 2 = t090C: Temperature [ITS-90, deg C]
# name 3 = c0mS/cm: Conductivity [mS/cm]
# name 4 = t190C: Temperature, 2 [ITS-90, deg C]
# name 5 = c1mS/cm: Conductivity, 2 [mS/cm]
# name 6 = sbeox0ML/L: Oxygen, SBE 43 [ml/l]
# name 7 = sbeox1ML/L: Oxygen, SBE 43, 2 [ml/l]
# name 8 = flECO-AFL: Fluorescence, WET Labs ECO-AFL/FL [mg/m^3]
# name 9 = CStarTr0: Beam Transmission, WET Labs C-Star [%]
# name 10 = par: PAR/Irradiance, Biospherical/Licor
# name 11 = latitude: Latitude [deg]
# name 12 = longitude: Longitude [deg]
# name 13 = timeJ: Julian Days
# name 14 = altM: Altimeter [m]
# name 15 = spar: SPAR, Biospherical/Licor
# name 16 = timeS: Time, Elapsed [seconds]
# name 17 = scan: Scan Count
# name 18 = density00: Density [density, kg/m^3]
# name 19 = density11: Density, 2 [density, kg/m^3]
# name 20 = v3: Voltage 3
# name 21 = v4: Voltage 4
# name 22 = v5: Voltage 5
# name 23 = sal00: Salinity, Practical [PSU]
# name 24 = sal11: Salinity, Practical, 2 [PSU]
# name 25 = oxsolML/L: Oxygen Saturation, Garcia & Gordon [ml/l]
# name 26 = nbin: number of scans per bin
# name 27 = flag: flag
# span 0 =      2.000,    980.000       
# span 1 =      1.956,    967.587       
# span 2 =    -1.7653,     0.6801       
# span 3 =  27.012256,  29.733692       
# span 4 =    -1.7645,     0.6825       
# span 5 =  27.012152,  29.733793       
# span 6 =     4.6297,     8.8481       
# span 7 =     4.7393,     9.0137       
# span 8 =     0.0138,     9.0336       
# span 9 =    85.9917,    96.5920       
# span 10 = -3.644e-05, 2.6732e+02      
# span 11 =  -74.01468,  -74.01466      
# span 12 = -117.87053, -117.87049      
# span 13 =  46.716720,  46.730871      
# span 14 =       4.08,     100.04      
# span 15 = 5.7064e+02, 6.2570e+02      
# span 16 =    240.550,   1463.291      
# span 17 =       5774,      35120      
# span 18 =  1027.1880,  1032.3249      
# span 19 =  1027.1896,  1032.3225      
# span 20 =     4.0796,     4.5822      
# span 21 =     0.0669,     1.8746      
# span 22 =     0.1112,     0.2270      
# span 23 =    33.8332,    34.5717      
# span 24 =    33.8332,    34.5691      
# span 25 =    7.89379,    8.44779      
# span 26 =          1,         45      
# span 27 = 0.0000e+00, 0.0000e+00      
# interval = decibars: 1                
# start_time = Feb 15 2022 17:08:04 [NMEA time, header]
# bad_flag = -9.990e-29
*END*
[from data line 311]
    313.000    309.528    -1.7518  27.037299    -1.7507  27.037143     6.4824     6.6791     1.2370    94.3370 1.0000e-12  -74.01468 -117.87050  46.721780      97.24 5.8940e+02    677.777      16268  1028.9484  1028.9471     4.4752     0.2490     0.1441    34.0942    34.0927    8.44511         32 0.0000e+00
    314.000    310.519    -1.7526  27.037383    -1.7520  27.036879     6.4936     6.6847     1.1882    94.1395 1.0000e-12  -74.01468 -117.87050  46.721795      99.82 5.8898e+02    679.060      16298  1028.9535  1028.9523     4.4660     0.4314     0.1265    34.0946    34.0932    8.44527         30 0.0000e+00
    315.000    311.503    -1.7539  27.037004    -1.7533  27.036611     6.5083     6.6967     1.3245    94.1739 1.0000e-12  -74.01468 -117.87050  46.721809      99.86 5.8995e+02    680.277      16328  1028.9586  1028.9576     4.4676     0.1962     0.1349    34.0950    34.0938    8.44555         29 0.0000e+00
    316.000    312.494    -1.7581  27.035108    -1.7575  27.034718     6.5118     6.6990     0.8533    94.5049 1.0000e-12  -74.01468 -117.87050  46.721823      99.87 5.8957e+02    681.515      16357  1028.9649  1028.9639     4.4832     0.2246     0.1304    34.0965    34.0953    8.44641         30 0.0000e+00
    317.000    313.480    -1.7598  27.034870    -1.7588  27.034613     6.5106     6.6962     1.2236    94.4868 1.0000e-12  -74.01468 -117.87051  46.721838      99.86 5.8904e+02    682.771      16388  1028.9706  1028.9693     4.4822     0.2875     0.1301    34.0975    34.0960    8.44674         30 0.0000e+00
    318.000    314.469    -1.7599  27.035254    -1.7589  27.035055     6.5091     6.6964     1.5667    93.2994 1.0000e-12  -74.01468 -117.87051  46.721852      99.87 5.8978e+02    684.005      16417  1028.9753  1028.9741     4.4262     0.2068     0.1249    34.0975    34.0961    8.44676         29 0.0000e+00
    319.000    315.458    -1.7601  27.035726    -1.7592  27.035419     6.5104     6.6961     1.1881    93.7276 1.0000e-12  -74.01468 -117.87052  46.721867      99.86 5.8960e+02    685.270      16447  1028.9803  1028.9790     4.4464     0.2354     0.1252    34.0978    34.0963    8.44679         31 0.0000e+00
    320.000    316.446    -1.7606  27.036139    -1.7596  27.035881     6.5140     6.6951     1.0662    93.6279 1.0000e-12  -74.01468 -117.87051  46.721881      99.87 5.8891e+02    686.517      16477  1028.9855  1028.9842     4.4416     0.2641     0.1359    34.0983    34.0968    8.44688         29 0.0000e+00
    321.000    317.433    -1.7611  27.036515    -1.7602  27.036327     6.5095     6.6892     0.9038    93.6422 1.0000e-12  -74.01468 -117.87051  46.721895      99.85 5.8915e+02    687.722      16506  1028.9907  1028.9896     4.4423     0.3050     0.1614    34.0988    34.0975    8.44696         30 0.0000e+00
    322.000    318.423    -1.7618  27.036836    -1.7607  27.036573     6.5074     6.6898     1.0517    94.3085 1.0000e-12  -74.01468 -117.87051  46.721909      87.28 5.8956e+02    688.972      16536  1028.9960  1028.9946     4.4739     0.3349     0.1347    34.0994    34.0978    8.44708         30 0.0000e+00
    323.000    319.410    -1.7617  27.037382    -1.7608  27.037116     6.5038     6.6935     1.0653    94.1621 1.0000e-12  -74.01468 -117.87052  46.721924      83.66 5.8926e+02    690.243      16567  1029.0008  1028.9996     4.4670     0.3922     0.1326    34.0995    34.0981    8.44706         31 0.0000e+00
    324.000    320.398    -1.7620  27.037752    -1.7611  27.037525     6.5105     6.6947     0.9139    93.8093 1.0000e-12  -74.01468 -117.87052  46.721938      97.86 5.8923e+02    691.479      16596  1029.0058  1029.0046     4.4503     0.2521     0.1217    34.0997    34.0983    8.44711         29 0.0000e+00
    325.000    321.386    -1.7623  27.038141    -1.7613  27.037854     6.5148     6.6974     0.8400    93.9645 1.0000e-12  -74.01468 -117.87052  46.721953      99.85 5.9050e+02    692.719      16626  1029.0108  1029.0095     4.4576     0.1958     0.1243    34.0999    34.0984    8.44717         30 0.0000e+00
    326.000    322.374    -1.7630  27.038262    -1.7620  27.038016     6.5165     6.6948     1.1412    94.3623 1.0000e-12  -74.01468 -117.87052  46.721967      99.87 5.8974e+02    693.947      16656  1029.0159  1029.0146     4.4765     0.2059     0.1274    34.1003    34.0988    8.44731         28 0.0000e+00
    327.000    323.363    -1.7640  27.038216    -1.7631  27.037931     6.5157     6.6988     1.1440    94.1736 1.0000e-12  -74.01468 -117.87052  46.721981      65.44 5.8922e+02    695.136      16684  1029.0210  1029.0199     4.4675     0.2379     0.1200    34.1007    34.0993    8.44750         29 0.0000e+00
    328.000    324.350    -1.7645  27.038286    -1.7635  27.037978     6.5184     6.7010     0.9566    93.9927 1.0000e-12  -74.01466 -117.87052  46.721995      94.47 5.9100e+02    696.357      16714  1029.0259  1029.0246     4.4590     0.3479     0.1268    34.1008    34.0992    8.44762         31 0.0000e+00
    329.000    325.339    -1.7647  27.038465    -1.7634  27.038545     6.5182     6.7079     0.9573    94.2707 1.0000e-12  -74.01466 -117.87052  46.722010      99.77 5.9046e+02    697.624      16744  1029.0306  1029.0294     4.4721     0.2226     0.1292    34.1006    34.0992    8.44767         30 0.0000e+00
    330.000    326.326    -1.7653  27.038659    -1.7645  27.038558     6.5059     6.6991     0.9063    94.6925 1.0000e-12  -74.01467 -117.87052  46.722024      99.87 5.8942e+02    698.861      16774  1029.0357  1029.0348     4.4920     0.2154     0.1220    34.1010    34.0998    8.44779         29 0.0000e+00
    331.000    327.315    -1.7648  27.040709    -1.7636  27.040629     6.4889     6.6857     1.1352    94.6112 1.0000e-12  -74.01468 -117.87052  46.722038      99.87 5.9154e+02    700.084      16803  1029.0417  1029.0405     4.4884     0.2202     0.1256    34.1026    34.1011    8.44757         29 0.0000e+00
    332.000    328.303    -1.7620  27.044072    -1.7605  27.044173     6.4843     6.6783     0.6981    94.6122 1.0000e-12  -74.01468 -117.87052  46.722053      99.87 5.9079e+02    701.339      16833  1029.0470  1029.0456     4.4883     0.1838     0.1246    34.1034    34.1019    8.44688         31 0.0000e+00
    333.000    329.291    -1.7590  27.047629    -1.7579  27.047386     6.4814     6.6677     0.6592    94.2938 1.0000e-12  -74.01468 -117.87052  46.722067      99.87 5.8985e+02    702.568      16863  1029.0523  1029.0510     4.4733     0.1822     0.1236    34.1043    34.1027    8.44614         29 0.0000e+00
    334.000    330.279    -1.7561  27.051360    -1.7551  27.050827     6.4738     6.6646     0.9050    94.4505 1.0000e-12  -74.01468 -117.87052  46.722081      96.34 5.9166e+02    703.798      16892  1029.0580  1029.0564     4.4806     0.1948     0.1214    34.1056    34.1037    8.44542         30 0.0000e+00
    335.000    331.267    -1.7542  27.053486    -1.7525  27.053788     6.4696     6.6589     1.5014    94.3329 1.0000e-12  -74.01468 -117.87052  46.722096      99.93 5.9093e+02    705.057      16922  1029.0627  1029.0615     4.4751     0.2804     0.1264    34.1057    34.1042    8.44496         28 0.0000e+00
    336.000    332.256    -1.7538  27.054258    -1.7525  27.054310     6.4678     6.6451     1.2386    94.3254 1.0000e-12  -74.01468 -117.87052  46.722110      99.87 5.8948e+02    706.282      16952  1029.0676  1029.0663     4.4747     0.2056     0.1303    34.1057    34.1042    8.44488         29 0.0000e+00
    337.000    333.243    -1.7526  27.055919    -1.7503  27.056735     6.4567     6.6388     0.9534    94.3563 1.0000e-12  -74.01468 -117.87052  46.722124      99.87 5.9184e+02    707.496      16981  1029.0725  1029.0712     4.4762     0.1934     0.1238    34.1060    34.1044    8.44459         29 0.0000e+00
    338.000    334.231    -1.7485  27.060127    -1.7473  27.059857     6.4410     6.6405     1.1334    94.3882 1.0000e-12  -74.01468 -117.87052  46.722138      99.87 5.9113e+02    708.759      17011  1029.0775  1029.0761     4.4777     0.2172     0.1247    34.1065    34.1048    8.44361         31 0.0000e+00
    339.000    335.220    -1.7483  27.060746    -1.7473  27.060380     6.4568     6.6392     1.4916    94.0384 1.0000e-12  -74.01468 -117.87052  46.722153      99.86 5.8999e+02    710.013      17041  1029.0823  1029.0810     4.4611     0.2500     0.1255    34.1065    34.1049    8.44357         30 0.0000e+00
    340.000    336.207    -1.7486  27.060832    -1.7474  27.060709     6.4501     6.6434     0.7658    94.1972 1.0000e-12  -74.01468 -117.87052  46.722167      99.86 5.9166e+02    711.248      17071  1029.0871  1029.0858     4.4686     0.2359     0.1349    34.1064    34.1048    8.44366         29 0.0000e+00
    341.000    337.195    -1.7493  27.060705    -1.7476  27.060894     6.4578     6.6488     0.7615    94.0474 1.0000e-12  -74.01468 -117.87051  46.722182      99.85 5.9097e+02    712.500      17101  1029.0919  1029.0905     4.4615     0.3456     0.1261    34.1064    34.1047    8.44381         30 0.0000e+00
    342.000    338.183    -1.7484  27.062216    -1.7469  27.062279     6.4498     6.6385     1.0537    94.7531 1.0000e-12  -74.01468 -117.87051  46.722196      99.86 5.9045e+02    713.705      17130  1029.0969  1029.0957     4.4950     0.2180     0.1282    34.1068    34.1052    8.44357         29 0.0000e+00
    343.000    339.173    -1.7473  27.063878    -1.7440  27.065733     6.4482     6.6314     0.5927    94.6849 1.0000e-12  -74.01468 -117.87050  46.722210      99.85 5.9123e+02    714.902      17159  1029.1020  1029.1010     4.4918     0.3560     0.1520    34.1072    34.1061    8.44330         29 0.0000e+00
    344.000    340.160    -1.7444  27.067401    -1.7430  27.067381     6.4409     6.6304     1.0174    94.2684 1.0000e-12  -74.01468 -117.87050  46.722224      99.83 5.9090e+02    716.186      17189  1029.1074  1029.1061     4.4720     0.4357     0.1351    34.1081    34.1065    8.44258         32 0.0000e+00
    345.000    341.147    -1.7435  27.068844    -1.7424  27.068590     6.4421     6.6348     1.0225    93.9387 1.0000e-12  -74.01468 -117.87050  46.722239      98.19 5.9063e+02    717.456      17220  1029.1125  1029.1112     4.4564     0.2630     0.1430    34.1085    34.1069    8.44235         29 0.0000e+00
    346.000    342.136    -1.7436  27.069325    -1.7427  27.068794     6.4510     6.6283     0.7038    94.0450 1.0000e-12  -74.01468 -117.87050  46.722253      99.67 5.9101e+02    718.640      17248  1029.1174  1029.1160     4.4614     0.8693     0.1313    34.1086    34.1069    8.44236         28 0.0000e+00
    347.000    343.123    -1.7442  27.069368    -1.7435  27.068846     6.4504     6.6279     1.4866    94.7646 1.0000e-12  -74.01468 -117.87050  46.722267      99.85 5.9110e+02    719.858      17278  1029.1225  1029.1212     4.4952     0.2999     0.1238    34.1088    34.1073    8.44250         30 0.0000e+00
    348.000    344.112    -1.7443  27.070034    -1.7435  27.069470     6.4389     6.6270     1.1233    94.0769 1.0000e-12  -74.01468 -117.87050  46.722281      99.87 5.9098e+02    721.121      17308  1029.1276  1029.1262     4.4633     0.2344     0.1256    34.1093    34.1075    8.44250         30 0.0000e+00
    349.000    345.099    -1.7424  27.072525    -1.7414  27.071950     6.4448     6.6285     1.0346    94.5781 1.0000e-12  -74.01468 -117.87050  46.722296      99.87 5.9093e+02    722.346      17337  1029.1328  1029.1312     4.4867     0.1791     0.1216    34.1099    34.1079    8.44203         29 0.0000e+00
    350.000    346.087    -1.7406  27.074568    -1.7398  27.074056     6.4344     6.6342     1.4299    94.4173 1.0000e-12  -74.01468 -117.87050  46.722310      99.87 5.9122e+02    723.576      17367  1029.1376  1029.1362     4.4791     0.1650     0.1198    34.1100    34.1084    8.44161         30 0.0000e+00
    351.000    347.074    -1.7408  27.074731    -1.7398  27.074492     6.4386     6.6299     0.8496    94.5298 1.0000e-12  -74.01468 -117.87050  46.722324      99.85 5.9111e+02    724.815      17397  1029.1423  1029.1410     4.4844     0.2822     0.1230    34.1099    34.1084    8.44167         29 0.0000e+00
    352.000    348.064    -1.7404  27.076424    -1.7395  27.076007     6.4420     6.6259     1.2684    94.8804 1.0000e-12  -74.01468 -117.87050  46.722338      99.86 5.9075e+02    726.013      17425  1029.1481  1029.1468     4.5010     0.2851     0.1240    34.1112    34.1095    8.44150         30 0.0000e+00
    353.000    349.052    -1.7409  27.076897    -1.7398  27.076503     6.4415     6.6279     1.1746    94.8673 1.0000e-12  -74.01468 -117.87050  46.722352      99.83 5.9127e+02    727.253      17455  1029.1534  1029.1520     4.5004     0.4148     0.1357    34.1117    34.1100    8.44157         30 0.0000e+00
    354.000    350.039    -1.7412  27.077103    -1.7400  27.076770     6.4498     6.6291     0.8463    94.2629 1.0000e-12  -74.01468 -117.87050  46.722367      99.86 5.9111e+02    728.510      17485  1029.1582  1029.1567     4.4718     0.2186     0.1211    34.1117    34.1099    8.44164         29 0.0000e+00
    355.000    351.027    -1.7413  27.077271    -1.7402  27.077196     6.4455     6.6221     0.7626    94.4457 1.0000e-12  -74.01468 -117.87050  46.722381      94.88 5.9050e+02    729.718      17514  1029.1628  1029.1617     4.4804     0.1686     0.1208    34.1114    34.1101    8.44168         29 0.0000e+00
    356.000    352.016    -1.7411  27.078035    -1.7400  27.077738     6.4493     6.6223     1.0640    94.4321 1.0000e-12  -74.01468 -117.87050  46.722395      99.79 5.9119e+02    730.944      17544  1029.1677  1029.1664     4.4798     0.1677     0.1187    34.1116    34.1100    8.44162         31 0.0000e+00
    357.000    353.003    -1.7413  27.078410    -1.7402  27.078044     6.4535     6.6269     0.9842    94.7925 1.0000e-12  -74.01468 -117.87050  46.722410      99.86 5.9075e+02    732.212      17574  1029.1726  1029.1712     4.4969     0.1936     0.1234    34.1117    34.1100    8.44165         30 0.0000e+00
    358.000    353.991    -1.7414  27.079414    -1.7404  27.079053     6.4580     6.6297     1.0824    94.7723 1.0000e-12  -74.01468 -117.87050  46.722424      99.85 5.9001e+02    733.426      17603  1029.1782  1029.1768     4.4958     0.3404     0.1827    34.1127    34.1110    8.44163         28 0.0000e+00
    359.000    354.979    -1.7418  27.079663    -1.7407  27.079551     6.4480     6.6352     0.9582    94.3987 1.0000e-12  -74.01468 -117.87050  46.722438      99.84 5.9116e+02    734.648      17633  1029.1832  1029.1820     4.4783     0.3231     0.1491    34.1129    34.1115    8.44171         30 0.0000e+00
    360.000    355.968    -1.7418  27.080259    -1.7408  27.079941     6.4481     6.6315     0.9385    94.2777 1.0000e-12  -74.01468 -117.87050  46.722453      99.87 5.9080e+02    735.901      17663  1029.1881  1029.1868     4.4726     0.2285     0.1213    34.1131    34.1115    8.44170         30 0.0000e+00
    361.000    356.955    -1.7417  27.081168    -1.7406  27.081038     6.4486     6.6282     0.7458    94.6517 1.0000e-12  -74.01468 -117.87050  46.722467      99.86 5.8968e+02    737.104      17692  1029.1933  1029.1921     4.4901     0.2387     0.1367    34.1136    34.1121    8.44165         28 0.0000e+00
    362.000    357.944    -1.7401  27.083792    -1.7389  27.083576     6.4403     6.6276     0.7744    94.8432 1.0000e-12  -74.01468 -117.87050  46.722480      99.86 5.9133e+02    738.291      17720  1029.1989  1029.1976     4.4993     0.2497     0.1264    34.1147    34.1131    8.44120         27 0.0000e+00
    363.000    358.931    -1.7380  27.086432    -1.7369  27.086176     6.4381     6.6314     0.5994    94.6293 1.0000e-12  -74.01468 -117.87050  46.722494      99.87 5.9130e+02    739.508      17749  1029.2042  1029.2028     4.4892     0.2196     0.1232    34.1154    34.1138    8.44069         29 0.0000e+00
