ocean_section_plots/required_files/ctd/dnbp2202_ctd085.cnv
* Sea-Bird SBE 9 Data File:
* FileName = D:\Data\raw\NBP2202_CTD085.hex
* Software Version Seasave V 7.26.7.121
* Temperature SN = 1649
* Conductivity SN = 2513
* Number of Bytes Per Scan = 40
* Number of Voltage Words = 5
* Number of Scans Averaged by the Deck Unit = 1
* NMEA Latitude = 74 10.51 S
* NMEA Longitude = 113 20.67 W
* NMEA UTC (Time) = Jan 26 2022  19:28:49
* NMEA baud rate = 9600
** Ship: RVIB N.B. Palmer
** Cruise: NBP2202 Thwaites
** Station: YoYo001
** Operator: A. Robinson
# nquan = 25
# nvalues = 607                         
# units = specified
# name 0 = prDM: Pressure, Digiquartz [db]
# name 1 = depSM: Depth [salt water, m]
# name 2 = t090C: Temperature [ITS-90, deg C]
# name 3 = c0mS/cm: Conductivity [mS/cm]
# name 4 = t190C: Temperature, 2 [ITS-90, deg C]
# name 5 = c1mS/cm: Conductivity, 2 [mS/cm]
# name 6 = sbeox0ML/L: Oxygen, SBE 43 [ml/l]
# name 7 = sbeox1ML/L: Oxygen, SBE 43, 2 [ml/l]
# name 8 = flECO-AFL: Fluorescence, WET Labs ECO-AFL/FL [mg/m^3]
# name 9 = CStarTr0: Beam Transmission, WET Labs C-Star [%]
# name 10 = par: PAR/Irradiance, Biospherical/Licor
# name 11 = latitude: Latitude [deg]
# name 12 = longitude: Longitude [deg]
# name 13 = timeJ: Julian Days
# name 14 = altM: Altimeter [m]
# name 15 = spar: SPAR, Biospherical/Licor
# name 16 = timeS: Time, Elapsed [seconds]
# name 17 = scan: Scan Count
# name 18 = density00: Density [density, kg/m^3]
# name 19 = density11: Density, 2 [density, kg/m^3]
# name 20 = sal00: Salinity, Practical [PSU]
# name 21 = sal11: Salinity, Practical, 2 [PSU]
# name 22 = oxsolML/L: Oxygen Saturation, Garcia & Gordon [ml/l]
# name 23 = nbin: number of scans per bin
# name 24 = flag: flag
# span 0 =     10.000,    616.000       
# span 1 =      9.896,    608.716       
# span 2 =    -1.5914,     0.0936       
# span 3 =  26.945219,  28.926688       
# span 4 =    -1.5903,     0.0958       
# span 5 =  26.945036,  28.925757       
# span 6 =     4.6928,     8.6205       
# span 7 =     4.7668,     8.6552       
# span 8 =    -0.0224,    25.5656       
# span 9 =    68.9818,    95.7174       
# span 10 = 1.0000e-12, 5.9402e+01      
# span 11 =  -74.17530,  -74.17528      
# span 12 = -113.34462, -113.34459      
# span 13 =  26.812179,  26.820902      
# span 14 =       4.34,      99.99      
# span 15 = 1.5228e+03, 1.8128e+03      
# span 16 =     43.224,    796.929      
# span 17 =       1038,      19127      
# span 18 =  1027.2136,  1030.5176      
# span 19 =  1027.2181,  1030.5152      
# span 20 =    33.7827,    34.3813      
# span 21 =    33.7872,    34.3786      
# span 22 =    8.02534,    8.41677      
# span 23 =         19,         43      
# span 24 = 0.0000e+00, 0.0000e+00      
# interval = decibars: 1                
# start_time = Jan 26 2022 19:28:49 [NMEA time, header]
# bad_flag = -9.990e-29
*END*
[from data line 348]
    358.000    353.987    -0.3370  28.330902    -0.3359  28.329579     4.8275     4.9092    -0.0138    95.2376 1.0000e-12  -74.17528 -113.34460  26.816876      99.87 1.6956e+03    449.111      10780  1029.2002  1029.1977    34.2237    34.2206    8.12525         28 0.0000e+00
    359.000    354.977    -0.3374  28.330815    -0.3351  28.330710     4.8302     4.9174    -0.0129    95.2438 1.0000e-12  -74.17528 -113.34460  26.816890      99.87 1.6971e+03    450.274      10808  1029.2048  1029.2025    34.2234    34.2207    8.12534         28 0.0000e+00
    360.000    355.964    -0.3364  28.332352    -0.3344  28.331944     4.8348     4.9182    -0.0166    95.2402 1.0000e-12  -74.17528 -113.34460  26.816903      99.86 1.6957e+03    451.438      10836  1029.2098  1029.2074    34.2237    34.2210    8.12511         28 0.0000e+00
    361.000    356.953    -0.3353  28.334499    -0.3332  28.334379     4.8409     4.9208    -0.0125    95.2201 1.0000e-12  -74.17528 -113.34460  26.816917      99.87 1.6950e+03    452.601      10863  1029.2154  1029.2132    34.2248    34.2222    8.12482         27 0.0000e+00
    362.000    357.940    -0.3337  28.336953    -0.3324  28.335686     4.8359     4.9239    -0.0108    95.2162 1.0000e-12  -74.17528 -113.34460  26.816930      99.87 1.6996e+03    453.754      10891  1029.2207  1029.2182    34.2257    34.2226    8.12443         28 0.0000e+00
    363.000    358.928    -0.3325  28.338656    -0.3306  28.338184     4.8382     4.9197    -0.0108    95.2264 1.0000e-12  -74.17528 -113.34460  26.816943      82.26 1.7014e+03    454.895      10918  1029.2257  1029.2234    34.2260    34.2233    8.12415         28 0.0000e+00
    364.000    359.916    -0.3307  28.341367    -0.3289  28.340714     4.8406     4.9225    -0.0099    95.2157 1.0000e-12  -74.17528 -113.34460  26.816956      94.94 1.7026e+03    456.038      10946  1029.2311  1029.2288    34.2270    34.2241    8.12371         27 0.0000e+00
    365.000    360.904    -0.3307  28.342180    -0.3289  28.341708     4.8455     4.9229    -0.0103    95.2209 1.0000e-12  -74.17528 -113.34460  26.816970      99.92 1.7003e+03    457.198      10974  1029.2363  1029.2341    34.2275    34.2248    8.12368         28 0.0000e+00
    366.000    361.892    -0.3309  28.342703    -0.3290  28.342355     4.8455     4.9253    -0.0082    95.2153 1.0000e-12  -74.17528 -113.34460  26.816983      99.87 1.6995e+03    458.350      11001  1029.2414  1029.2392    34.2278    34.2252    8.12371         28 0.0000e+00
    367.000    362.879    -0.3312  28.342851    -0.3293  28.342333     4.8391     4.9231    -0.0050    95.2185 1.0000e-12  -74.17528 -113.34460  26.816996      99.86 1.6997e+03    459.487      11029  1029.2462  1029.2437    34.2278    34.2249    8.12378         27 0.0000e+00
    368.000    363.868    -0.3314  28.342520    -0.3293  28.342612     4.8360     4.9202    -0.0162    95.2155 1.0000e-12  -74.17528 -113.34460  26.817009      99.87 1.7016e+03    460.608      11056  1029.2503  1029.2483    34.2269    34.2247    8.12387         25 0.0000e+00
    369.000    364.855    -0.3304  28.343647    -0.3284  28.343335     4.8327     4.9114    -0.0134    95.1931 1.0000e-12  -74.17528 -113.34460  26.817022      99.87 1.7023e+03    461.736      11083  1029.2548  1029.2525    34.2267    34.2240    8.12367         27 0.0000e+00
    370.000    365.843    -0.3297  28.344870    -0.3277  28.344628     4.8324     4.9162    -0.0193    95.1905 1.0000e-12  -74.17528 -113.34460  26.817036      99.87 1.7031e+03    462.901      11111  1029.2598  1029.2575    34.2270    34.2244    8.12351         28 0.0000e+00
    371.000    366.832    -0.3300  28.345227    -0.3284  28.344669     4.8296     4.9186    -0.0155    95.1991 1.0000e-12  -74.17528 -113.34460  26.817050      99.87 1.7069e+03    464.098      11139  1029.2647  1029.2625    34.2272    34.2246    8.12356         29 0.0000e+00
    372.000    367.818    -0.3297  28.345986    -0.3281  28.345310     4.8288     4.9177    -0.0142    95.2006 1.0000e-12  -74.17528 -113.34460  26.817063      99.87 1.7004e+03    465.280      11168  1029.2695  1029.2672    34.2273    34.2246    8.12349         28 0.0000e+00
    373.000    368.807    -0.3304  28.345516    -0.3287  28.344912     4.8328     4.9164    -0.0172    95.1850 1.0000e-12  -74.17528 -113.34460  26.817077      99.87 1.6825e+03    466.428      11195  1029.2739  1029.2716    34.2268    34.2240    8.12366         27 0.0000e+00
    374.000    369.795    -0.3301  28.346530    -0.3284  28.343053     4.8411     4.9203    -0.0137    95.2080 1.0000e-12  -74.17528 -113.34460  26.817090      75.72 1.6681e+03    467.563      11223  1029.2790  1029.2737    34.2272    34.2207    8.12357         28 0.0000e+00
    375.000    370.782    -0.3282  28.350589    -0.3260  28.350155     4.8403     4.9254    -0.0145    95.1944 1.0000e-12  -74.17528 -113.34460  26.817103      91.43 1.6679e+03    468.708      11250  1029.2857  1029.2832    34.2299    34.2269    8.12301         28 0.0000e+00
    376.000    371.771    -0.3148  28.366203    -0.3140  28.364457     4.8325     4.9221    -0.0068    95.2078 1.0000e-12  -74.17528 -113.34460  26.817117      99.59 1.6672e+03    469.882      11278  1029.2935  1029.2910    34.2351    34.2319    8.11986         28 0.0000e+00
    377.000    372.757    -0.3030  28.378990    -0.3006  28.378862     4.8296     4.9151    -0.0130    95.2135 1.0000e-12  -74.17528 -113.34460  26.817130      99.87 1.6733e+03    471.075      11307  1029.3000  1029.2975    34.2383    34.2355    8.11716         28 0.0000e+00
    378.000    373.747    -0.2925  28.390720    -0.2906  28.390147     4.8343     4.9207    -0.0108    95.2060 1.0000e-12  -74.17528 -113.34460  26.817144      99.87 1.6755e+03    472.249      11335  1029.3065  1029.3041    34.2416    34.2387    8.11474         28 0.0000e+00
    379.000    374.735    -0.2907  28.394292    -0.2889  28.393724     4.8315     4.9094    -0.0162    95.2042 1.0000e-12  -74.17528 -113.34460  26.817157      99.87 1.6840e+03    473.390      11362  1029.3130  1029.3106    34.2437    34.2409    8.11423         27 0.0000e+00
    380.000    375.721    -0.2879  28.398140    -0.2853  28.398257     4.8343     4.9131    -0.0106    95.1829 1.0000e-12  -74.17528 -113.34460  26.817170      99.86 1.6799e+03    474.517      11389  1029.3187  1029.3163    34.2451    34.2424    8.11355         27 0.0000e+00
    381.000    376.710    -0.2790  28.407887    -0.2775  28.406664     4.8311     4.9096    -0.0025    95.1969 1.0000e-12  -74.17528 -113.34460  26.817183      99.88 1.6778e+03    475.648      11417  1029.3247  1029.3220    34.2475    34.2442    8.11152         28 0.0000e+00
    382.000    377.698    -0.2790  28.409233    -0.2767  28.408962     4.8316     4.9065    -0.0177    95.2141 1.0000e-12  -74.17528 -113.34460  26.817197      99.87 1.6781e+03    476.793      11444  1029.3306  1029.3280    34.2487    34.2458    8.11146         28 0.0000e+00
    383.000    378.685    -0.2779  28.410827    -0.2757  28.410582     4.8349     4.9075    -0.0169    95.2126 1.0000e-12  -74.17528 -113.34460  26.817210      99.87 1.6842e+03    477.977      11472  1029.3355  1029.3332    34.2490    34.2462    8.11120         28 0.0000e+00
    384.000    379.673    -0.2798  28.410000    -0.2772  28.410290     4.8282     4.9088    -0.0089    95.2007 1.0000e-12  -74.17528 -113.34460  26.817224      99.87 1.6883e+03    479.174      11501  1029.3409  1029.3387    34.2495    34.2469    8.11159         29 0.0000e+00
    385.000    380.659    -0.2766  28.414354    -0.2741  28.414476     4.8198     4.8976    -0.0007    95.1994 1.0000e-12  -74.17528 -113.34460  26.817238      85.64 1.6839e+03    480.334      11529  1029.3468  1029.3444    34.2511    34.2484    8.11081         27 0.0000e+00
    386.000    381.650    -0.2671  28.424304    -0.2652  28.423947     4.8201     4.9019    -0.0023    95.1918 1.0000e-12  -74.17528 -113.34460  26.817251      87.87 1.6807e+03    481.462      11556  1029.3524  1029.3502    34.2531    34.2505    8.10868         27 0.0000e+00
    387.000    382.636    -0.2653  28.426558    -0.2609  28.428551     4.8222     4.9050    -0.0036    95.1928 1.0000e-12  -74.17528 -113.34460  26.817264      99.88 1.6719e+03    482.587      11583  1029.3574  1029.3552    34.2534    34.2512    8.10827         27 0.0000e+00
    388.000    383.625    -0.2637  28.428754    -0.2616  28.428510     4.8192     4.9048    -0.0108    95.1804 1.0000e-12  -74.17528 -113.34460  26.817277      99.87 1.6525e+03    483.728      11610  1029.3625  1029.3602    34.2540    34.2513    8.10790         28 0.0000e+00
    389.000    384.611    -0.2629  28.430582    -0.2609  28.430103     4.8219     4.9001    -0.0135    95.1998 1.0000e-12  -74.17528 -113.34460  26.817291      99.87 1.6350e+03    484.901      11639  1029.3680  1029.3656    34.2549    34.2521    8.10767         28 0.0000e+00
    390.000    385.601    -0.2555  28.439127    -0.2544  28.437770     4.8139     4.8917    -0.0108    95.1969 1.0000e-12  -74.17528 -113.34460  26.817304      99.87 1.6214e+03    486.073      11667  1029.3741  1029.3717    34.2573    34.2544    8.10595         28 0.0000e+00
    391.000    386.589    -0.2503  28.444779    -0.2451  28.447390     4.8111     4.8976    -0.0059    95.1969 1.0000e-12  -74.17528 -113.34460  26.817317      99.87 1.6057e+03    487.224      11694  1029.3794  1029.3771    34.2585    34.2561    8.10479         28 0.0000e+00
    392.000    387.575    -0.2450  28.450400    -0.2433  28.449597     4.8162     4.8991    -0.0139    95.1928 1.0000e-12  -74.17528 -113.34460  26.817331      99.87 1.6114e+03    488.374      11722  1029.3846  1029.3821    34.2594    34.2565    8.10361         27 0.0000e+00
    393.000    388.563    -0.2454  28.450869    -0.2439  28.450191     4.8252     4.9042    -0.0127    95.1942 1.0000e-12  -74.17528 -113.34460  26.817344      99.86 1.6017e+03    489.525      11750  1029.3898  1029.3877    34.2599    34.2573    8.10367         28 0.0000e+00
    394.000    389.551    -0.2548  28.444080    -0.2520  28.444380     4.8180     4.9039    -0.0150    95.1766 1.0000e-12  -74.17528 -113.34460  26.817357      99.87 1.5978e+03    490.664      11777  1029.3962  1029.3937    34.2608    34.2580    8.10562         27 0.0000e+00
    395.000    390.539    -0.2539  28.445863    -0.2511  28.446241     4.8033     4.8901    -0.0134    95.1881 1.0000e-12  -74.17528 -113.34460  26.817370      99.87 1.5935e+03    491.797      11804  1029.4015  1029.3992    34.2616    34.2589    8.10538         27 0.0000e+00
    396.000    391.526    -0.2407  28.459273    -0.2388  28.458433     4.7958     4.8736    -0.0158    95.1813 1.0000e-12  -74.17528 -113.34460  26.817383      76.76 1.5623e+03    492.933      11831  1029.4071  1029.4044    34.2640    34.2608    8.10243         28 0.0000e+00
    397.000    392.513    -0.2229  28.476588    -0.2190  28.477895     4.7887     4.8727    -0.0127    95.1849 1.0000e-12  -74.17528 -113.34460  26.817397      88.99 1.5551e+03    494.089      11859  1029.4124  1029.4100    34.2665    34.2639    8.09851         28 0.0000e+00
    398.000    393.503    -0.2185  28.481442    -0.2167  28.480958     4.7873     4.8739    -0.0168    95.1850 1.0000e-12  -74.17528 -113.34460  26.817410      99.04 1.5481e+03    495.250      11887  1029.4176  1029.4154    34.2675    34.2648    8.09753         28 0.0000e+00
    399.000    394.491    -0.2183  28.482294    -0.2165  28.481747     4.7852     4.8731    -0.0043    95.1965 1.0000e-12  -74.17528 -113.34460  26.817424      99.86 1.5482e+03    496.404      11915  1029.4227  1029.4204    34.2677    34.2650    8.09746         27 0.0000e+00
    400.000    395.478    -0.2169  28.484210    -0.2148  28.483759     4.7817     4.8678    -0.0103    95.2311 1.0000e-12  -74.17528 -113.34460  26.817437      99.87 1.5667e+03    497.529      11942  1029.4278  1029.4253    34.2681    34.2652    8.09715         26 0.0000e+00
    401.000    396.464    -0.2043  28.498405    -0.2013  28.498660     4.7831     4.8727    -0.0033    95.2088 1.0000e-12  -74.17528 -113.34460  26.817449      99.87 1.5886e+03    498.635      11968  1029.4348  1029.4322    34.2723    34.2692    8.09423         27 0.0000e+00
    402.000    397.453    -0.1965  28.506427    -0.1951  28.505371     4.7883     4.8732    -0.0098    95.2436 1.0000e-12  -74.17528 -113.34460  26.817463      99.87 1.6074e+03    499.765      11995  1029.4401  1029.4377    34.2736    34.2706    8.09250         28 0.0000e+00
    403.000    398.441    -0.1960  28.507478    -0.1944  28.506663     4.7843     4.8622    -0.0174    95.2723 1.0000e-12  -74.17528 -113.34460  26.817476      99.86 1.6171e+03    500.941      12024  1029.4451  1029.4428    34.2738    34.2710    8.09238         29 0.0000e+00
    404.000    399.429    -0.1983  28.505558    -0.1974  28.504273     4.7864     4.8603    -0.0128    95.2718 1.0000e-12  -74.17528 -113.34460  26.817490      99.87 1.6229e+03    502.163      12053  1029.4498  1029.4475    34.2733    34.2705    8.09291         29 0.0000e+00
    405.000    400.416    -0.1967  28.507710    -0.1952  28.506935     4.7866     4.8641    -0.0153    95.2996 1.0000e-12  -74.17528 -113.34460  26.817504      99.87 1.6333e+03    503.384      12082  1029.4548  1029.4525    34.2737    34.2710    8.09253         29 0.0000e+00
    406.000    401.404    -0.1991  28.506036    -0.1970  28.505800     4.7795     4.8615    -0.0116    95.3445 1.0000e-12  -74.17528 -113.34460  26.817518      99.87 1.6317e+03    504.551      12110  1029.4597  1029.4575    34.2736    34.2709    8.09305         28 0.0000e+00
    407.000    402.392    -0.1974  28.508163    -0.1972  28.506144     4.7819     4.8650    -0.0097    95.3595 1.0000e-12  -74.17528 -113.34460  26.817531      99.87 1.6261e+03    505.675      12137  1029.4647  1029.4624    34.2740    34.2710    8.09268         26 0.0000e+00
    408.000    403.379    -0.1901  28.515572    -0.1887  28.514736     4.7819     4.8653    -0.0099    95.3606 1.0000e-12  -74.17528 -113.34460  26.817544      77.09 1.6289e+03    506.794      12164  1029.4697  1029.4674    34.2750    34.2723    8.09107         27 0.0000e+00
    409.000    404.368    -0.1876  28.518995    -0.1855  28.518764     4.7814     4.8656    -0.0067    95.3744 1.0000e-12  -74.17528 -113.34460  26.817557      96.19 1.6280e+03    507.937      12191  1029.4752  1029.4729    34.2762    34.2734    8.09048         28 0.0000e+00
    410.000    405.355    -0.1824  28.525300    -0.1804  28.524902     4.7776     4.8562    -0.0098    95.3872 1.0000e-12  -74.17528 -113.34460  26.817571      99.86 1.6312e+03    509.100      12219  1029.4811  1029.4787    34.2781    34.2753    8.08925         28 0.0000e+00
    411.000    406.343    -0.1792  28.529315    -0.1776  28.528619     4.7756     4.8572    -0.0124    95.4029 1.0000e-12  -74.17528 -113.34460  26.817584      99.87 1.6347e+03    510.270      12247  1029.4866  1029.4843    34.2793    34.2766    8.08852         28 0.0000e+00
    412.000    407.329    -0.1798  28.529361    -0.1778  28.529063     4.7789     4.8629    -0.0106    95.4176 1.0000e-12  -74.17528 -113.34460  26.817598      99.87 1.6377e+03    511.432      12275  1029.4915  1029.4893    34.2794    34.2767    8.08863         28 0.0000e+00
    413.000    408.317    -0.1809  28.528656    -0.1791  28.528158     4.7802     4.8623    -0.0144    95.4235 1.0000e-12  -74.17528 -113.34460  26.817611      99.87 1.6422e+03    512.572      12303  1029.4963  1029.4940    34.2792    34.2764    8.08889         27 0.0000e+00
    414.000    409.307    -0.1815  28.528495    -0.1792  28.528556     4.7745     4.8633    -0.0119    95.4377 1.0000e-12  -74.17528 -113.34460  26.817624      99.87 1.6437e+03    513.712      12330  1029.5010  1029.4988    34.2790    34.2764    8.08902         28 0.0000e+00
