ocean_section_plots/required_files/ctd/dnbp2202_ctd061.cnv
* Sea-Bird SBE 9 Data File:
* FileName = D:\Data\raw\NBP2202_CTD061.hex
* Software Version Seasave V 7.26.7.121
* Temperature SN = 1649
* Conductivity SN = 2513
* Number of Bytes Per Scan = 40
* Number of Voltage Words = 5
* Number of Scans Averaged by the Deck Unit = 1
* NMEA Latitude = 74 02.51 S
* NMEA Longitude = 111 42.19 W
* NMEA UTC (Time) = Jan 25 2022  11:09:37
* NMEA baud rate = 9600
** Ship: RVIB N.B. Palmer
** Cruise: NBP2202 Thwaites
** Station: 42
** Operator: B.Bjork
# nquan = 25
# nvalues = 364                         
# units = specified
# name 0 = prDM: Pressure, Digiquartz [db]
# name 1 = depSM: Depth [salt water, m]
# name 2 = t090C: Temperature [ITS-90, deg C]
# name 3 = c0mS/cm: Conductivity [mS/cm]
# name 4 = t190C: Temperature, 2 [ITS-90, deg C]
# name 5 = c1mS/cm: Conductivity, 2 [mS/cm]
# name 6 = sbeox0ML/L: Oxygen, SBE 43 [ml/l]
# name 7 = sbeox1ML/L: Oxygen, SBE 43, 2 [ml/l]
# name 8 = flECO-AFL: Fluorescence, WET Labs ECO-AFL/FL [mg/m^3]
# name 9 = CStarTr0: Beam Transmission, WET Labs C-Star [%]
# name 10 = par: PAR/Irradiance, Biospherical/Licor
# name 11 = latitude: Latitude [deg]
# name 12 = longitude: Longitude [deg]
# name 13 = timeJ: Julian Days
# name 14 = altM: Altimeter [m]
# name 15 = spar: SPAR, Biospherical/Licor
# name 16 = timeS: Time, Elapsed [seconds]
# name 17 = scan: Scan Count
# name 18 = density00: Density [density, kg/m^3]
# name 19 = density11: Density, 2 [density, kg/m^3]
# name 20 = sal00: Salinity, Practical [PSU]
# name 21 = sal11: Salinity, Practical, 2 [PSU]
# name 22 = oxsolML/L: Oxygen Saturation, Garcia & Gordon [ml/l]
# name 23 = nbin: number of scans per bin
# name 24 = flag: flag
# span 0 =      3.000,    366.000       
# span 1 =      2.967,    361.883       
# span 2 =    -1.6554,    -0.5800       
# span 3 =  26.913700,  28.084981       
# span 4 =    -1.6557,    -0.5807       
# span 5 =  26.913216,  28.083232       
# span 6 =     5.5566,     9.1816       
# span 7 =     5.8014,     9.6560       
# span 8 =    -0.0167,    29.4208       
# span 9 =    60.2674,    96.7386       
# span 10 = -2.240e-05, 1.1830e+01      
# span 11 =  -74.04190,  -74.04190      
# span 12 = -111.70306, -111.70300      
# span 13 =  25.468172,  25.474771      
# span 14 =      -0.77,     100.33      
# span 15 = 5.6400e+01, 7.4193e+01      
# span 16 =    273.026,    843.182      
# span 17 =       6554,      20237      
# span 18 =  1027.2069,  1029.2857      
# span 19 =  1027.2064,  1029.2804      
# span 20 =    33.8344,    34.2608      
# span 21 =    33.8343,    34.2581      
# span 22 =    8.19401,    8.43236      
# span 23 =         19,         48      
# span 24 = 0.0000e+00, 0.0000e+00      
# interval = decibars: 1                
# start_time = Jan 25 2022 11:09:37 [NMEA time, header]
# bad_flag = -9.990e-29
*END*
[from data line 58]
     61.000     60.360    -0.6764  27.643021    -0.6758  27.642837     8.9399     9.3739    29.4208    62.0795 1.0000e-12  -74.04190 -111.70303  25.469547      99.99 5.9938e+01    391.838       9405  1027.5106  1027.5099    33.8614    33.8605    8.21926         33 0.0000e+00
     62.000     61.350    -0.6761  27.643761    -0.6765  27.642929     8.8368     9.2994    29.4208    61.3706 1.0000e-12  -74.04190 -111.70303  25.469564      97.61 5.9938e+01    393.296       9440  1027.5155  1027.5149    33.8615    33.8607    8.21921         35 0.0000e+00
     63.000     62.339    -0.6968  27.630677    -0.6973  27.630131     8.7041     9.1857    29.4208    62.0425 1.0000e-12  -74.04190 -111.70303  25.469581      92.28 5.9938e+01    394.794       9476  1027.5255  1027.5254    33.8664    33.8662    8.22342         37 0.0000e+00
     64.000     63.328    -0.7159  27.617503    -0.7115  27.620626     8.5128     8.9969    29.4208    61.6268 1.0000e-12  -74.04190 -111.70303  25.469599      99.98 5.9938e+01    396.332       9513  1027.5339  1027.5330    33.8694    33.8687    8.22741         37 0.0000e+00
     65.000     64.318    -0.7636  27.582351    -0.7553  27.588553     8.3131     8.8076    29.3752    62.7622 1.0000e-12  -74.04190 -111.70303  25.469616      99.99 5.9938e+01    397.819       9549  1027.5461  1027.5447    33.8748    33.8738    8.23751         35 0.0000e+00
     66.000     65.307    -0.8228  27.537533    -0.8126  27.545137     8.1900     8.6720    29.1825    62.6181 1.0000e-12  -74.04190 -111.70303  25.469633      99.99 5.9938e+01    399.321       9585  1027.5586  1027.5571    33.8800    33.8788    8.25016         37 0.0000e+00
     67.000     66.296    -0.8524  27.515661    -0.8499  27.517498     8.0847     8.5297    27.1794    62.4258 1.0000e-12  -74.04190 -111.70303  25.469651      99.99 5.9938e+01    400.856       9622  1027.5672  1027.5668    33.8830    33.8826    8.25647         34 0.0000e+00
     68.000     67.286    -0.8731  27.500704    -0.8726  27.501045     7.9577     8.4038    26.0130    63.7889 1.0000e-12  -74.04190 -111.70303  25.469668      99.99 5.9938e+01    402.316       9657  1027.5746  1027.5746    33.8854    33.8852    8.26088         35 0.0000e+00
     69.000     68.275    -0.9321  27.456182    -0.9294  27.458515     7.8457     8.2789    24.3443    64.3705 1.0000e-12  -74.04190 -111.70303  25.469685      99.98 5.9938e+01    403.780       9692  1027.5870  1027.5870    33.8906    33.8908    8.27353         32 0.0000e+00
     70.000     69.264    -0.9820  27.418481    -0.9801  27.420147     7.7298     8.1404    22.6169    64.4138 1.0000e-12  -74.04190 -111.70302  25.469702      99.97 5.9938e+01    405.244       9727  1027.5978  1027.5978    33.8950    33.8950    8.28428         35 0.0000e+00
     71.000     70.253    -1.0187  27.390663    -1.0204  27.389685     7.5654     7.9916    21.2987    65.3824 1.0000e-12  -74.04190 -111.70302  25.469719      99.97 5.9938e+01    406.688       9762  1027.6064  1027.6071    33.8978    33.8984    8.29221         35 0.0000e+00
     72.000     71.243    -1.0909  27.335486    -1.0914  27.335330     7.4778     7.8996    20.1950    67.1074 1.0000e-12  -74.04190 -111.70302  25.469736      99.97 5.9938e+01    408.181       9797  1027.6194  1027.6198    33.9034    33.9038    8.30785         34 0.0000e+00
     73.000     72.231    -1.1249  27.309773    -1.1241  27.310345     7.4581     7.8501    17.8281    66.9137 1.0000e-12  -74.04190 -111.70302  25.469753      99.97 5.9938e+01    409.664       9833  1027.6274  1027.6273    33.9061    33.9060    8.31524         33 0.0000e+00
     74.000     73.222    -1.1364  27.301841    -1.1357  27.302342     7.3989     7.7764    15.7882    67.8317 1.0000e-12  -74.04190 -111.70302  25.469770      99.97 5.9938e+01    411.116       9868  1027.6331  1027.6330    33.9076    33.9075    8.31771         35 0.0000e+00
     75.000     74.210    -1.1684  27.277177    -1.1698  27.276481     7.2853     7.6713    15.6323    69.7271 1.0000e-12  -74.04190 -111.70302  25.469787      99.98 5.9938e+01    412.609       9904  1027.6406  1027.6412    33.9094    33.9101    8.32471         35 0.0000e+00
     76.000     75.201    -1.2345  27.226109    -1.2335  27.227575     7.2128     7.5982    15.1544    69.9455 1.0000e-12  -74.04190 -111.70302  25.469805      99.99 5.9938e+01    414.116       9940  1027.6519  1027.6527    33.9136    33.9145    8.33918         33 0.0000e+00
     77.000     76.190    -1.2795  27.191801    -1.2797  27.192064     7.1921     7.5599    14.0925    72.1500 1.0000e-12  -74.04190 -111.70302  25.469822      99.95 5.9938e+01    415.580       9975  1027.6612  1027.6617    33.9170    33.9176    8.34905         31 0.0000e+00
     78.000     77.179    -1.2838  27.189246    -1.2840  27.189205     7.1857     7.5396    12.3068    72.9443 1.0000e-12  -74.04190 -111.70302  25.469838      99.76 5.9938e+01    417.019      10009  1027.6658  1027.6660    33.9177    33.9179    8.34996         34 0.0000e+00
     79.000     78.167    -1.3115  27.167791    -1.3125  27.167286     7.1721     7.5228    12.1685    73.6175 1.0000e-12  -74.04190 -111.70302  25.469856      99.65 5.9938e+01    418.549      10046  1027.6724  1027.6729    33.9190    33.9195    8.35607         35 0.0000e+00
     80.000     79.158    -1.3339  27.151261    -1.3341  27.151130     7.1403     7.4911    12.6264    75.2109 1.0000e-12  -74.04190 -111.70302  25.469874      99.63 5.9938e+01    420.078      10083  1027.6794  1027.6794    33.9212    33.9212    8.36098         36 0.0000e+00
     81.000     80.146    -1.3389  27.148364    -1.3391  27.148318     7.1063     7.4500    11.6101    76.4639 1.0000e-12  -74.04190 -111.70302  25.469891      95.84 5.9938e+01    421.553      10118  1027.6845  1027.6847    33.9222    33.9224    8.36204         34 0.0000e+00
     82.000     81.137    -1.3657  27.126960    -1.3655  27.127638     7.0683     7.4125    11.1142    76.8636 1.0000e-12  -74.04190 -111.70302  25.469908      99.60 5.9938e+01    423.036      10154  1027.6906  1027.6911    33.9225    33.9232    8.36803         35 0.0000e+00
     83.000     82.125    -1.4118  27.090194    -1.4080  27.093699     7.0460     7.3930     9.8721    77.5876 1.0000e-12  -74.04190 -111.70302  25.469925      99.41 6.0174e+01    424.524      10190  1027.6983  1027.6986    33.9236    33.9242    8.37831         36 0.0000e+00
     84.000     83.113    -1.4264  27.079147    -1.4260  27.079665     7.0322     7.3688     9.0604    76.9207 1.0000e-12  -74.04190 -111.70302  25.469942      99.35 6.0444e+01    426.010      10225  1027.7039  1027.7040    33.9244    33.9246    8.38156         35 0.0000e+00
     85.000     84.103    -1.4295  27.077368    -1.4283  27.078388     7.0061     7.3342     8.5917    78.4369 1.0000e-12  -74.04190 -111.70302  25.469959      99.37 6.0232e+01    427.479      10260  1027.7084  1027.7084    33.9247    33.9248    8.38222         36 0.0000e+00
     86.000     85.093    -1.4492  27.061628    -1.4511  27.060786     6.9563     7.2935     8.0272    79.5840 1.0000e-12  -74.04190 -111.70302  25.469976      99.37 6.0329e+01    428.961      10296  1027.7140  1027.7149    33.9249    33.9259    8.38667         36 0.0000e+00
     87.000     86.082    -1.5194  27.005212    -1.5145  27.009634     6.9225     7.2567     8.5312    79.8981 1.0000e-12  -74.04190 -111.70302  25.469994      99.39 6.0523e+01    430.462      10332  1027.7234  1027.7235    33.9262    33.9267    8.40243         36 0.0000e+00
     88.000     87.070    -1.5223  27.004990    -1.5221  27.005077     6.9063     7.2388     6.7227    80.6584 1.0000e-12  -74.04190 -111.70302  25.470011      99.42 6.0093e+01    431.937      10367  1027.7294  1027.7294    33.9285    33.9285    8.40294         33 0.0000e+00
     89.000     88.060    -1.5269  27.001922    -1.5268  27.002230     6.8999     7.2293     5.9458    82.5351 1.0000e-12  -74.04190 -111.70302  25.470028      93.13 6.0604e+01    433.454      10404  1027.7342  1027.7344    33.9290    33.9292    8.40396         37 0.0000e+00
     90.000     89.050    -1.5464  26.985953    -1.5462  26.986709     6.8991     7.2242     5.9326    82.0044 1.0000e-12  -74.04190 -111.70302  25.470046      98.77 6.1140e+01    434.941      10440  1027.7391  1027.7398    33.9285    33.9292    8.40840         35 0.0000e+00
     91.000     90.039    -1.5677  26.968653    -1.5674  26.969263     6.8977     7.2234     5.6472    83.0670 1.0000e-12  -74.04190 -111.70303  25.470063      99.41 6.0342e+01    436.416      10475  1027.7443  1027.7448    33.9281    33.9286    8.41324         36 0.0000e+00
     92.000     91.028    -1.5806  26.958281    -1.5811  26.958104     6.8923     7.2143     4.9489    84.8334 1.0000e-12  -74.04190 -111.70303  25.470080      99.69 6.1061e+01    437.936      10511  1027.7490  1027.7494    33.9278    33.9281    8.41618         31 0.0000e+00
     93.000     92.018    -1.5839  26.956348    -1.5836  26.956735     6.8997     7.2239     4.1485    85.8315 1.0000e-12  -74.04190 -111.70303  25.470098      99.71 6.1707e+01    439.424      10547  1027.7539  1027.7541    33.9283    33.9285    8.41690         35 0.0000e+00
     94.000     93.007    -1.5790  26.958674    -1.5830  26.957979     6.8961     7.2109     4.1284    86.9823 1.0000e-12  -74.04190 -111.70303  25.470115      99.71 6.0909e+01    440.891      10582  1027.7591  1027.7587    33.9292    33.9288    8.41650         35 0.0000e+00
     95.000     93.997    -1.5323  27.002465    -1.5304  27.003425     6.8863     7.1913     4.2217    87.5396 1.0000e-12  -74.04190 -111.70303  25.470132      99.69 6.1732e+01    442.393      10618  1027.7628  1027.7621    33.9319    33.9312    8.40498         32 0.0000e+00
     96.000     94.984    -1.5292  27.005799    -1.5310  27.004633     6.8732     7.1850     4.8616    88.3790 1.0000e-12  -74.04190 -111.70303  25.470149      99.63 6.1701e+01    443.898      10655  1027.7678  1027.7682    33.9325    33.9329    8.40426         34 0.0000e+00
     97.000     95.975    -1.5722  26.970710    -1.5715  26.972048     6.8558     7.1767     5.0343    88.0559 1.0000e-12  -74.04190 -111.70304  25.470166      99.72 6.1701e+01    445.379      10690  1027.7750  1027.7758    33.9323    33.9334    8.41401         33 0.0000e+00
     98.000     96.963    -1.6063  26.943781    -1.6061  26.944124     6.8389     7.1660     4.4989    87.4066 1.0000e-12  -74.04190 -111.70304  25.470184      92.92 6.1701e+01    446.869      10726  1027.7823  1027.7825    33.9333    33.9335    8.42168         36 0.0000e+00
     99.000     97.952    -1.6149  26.938633    -1.6142  26.939252     6.8284     7.1531     3.8280    87.5929 1.0000e-12  -74.04190 -111.70304  25.470201      98.51 6.1701e+01    448.357      10762  1027.7890  1027.7889    33.9353    33.9354    8.42352         35 0.0000e+00
    100.000     98.942    -1.6144  26.940336    -1.6141  26.940583     6.8244     7.1450     3.2609    88.3562 1.0000e-12  -74.04190 -111.70304  25.470218      99.77 6.1701e+01    449.830      10797  1027.7943  1027.7943    33.9364    33.9364    8.42332         37 0.0000e+00
    101.000     99.931    -1.6202  26.936402    -1.6203  26.936286     6.8168     7.1360     2.9235    89.0299 1.0000e-12  -74.04190 -111.70302  25.470236      99.75 6.1701e+01    451.415      10835  1027.7996  1027.7996    33.9370    33.9369    8.42462         40 0.0000e+00
    102.000    100.919    -1.6272  26.931463    -1.6270  26.931544     6.8068     7.1288     2.6805    88.3730 1.0000e-12  -74.04190 -111.70302  25.470255      99.78 6.1701e+01    453.063      10875  1027.8049  1027.8048    33.9374    33.9374    8.42616         39 0.0000e+00
    103.000    101.911    -1.6346  26.926999    -1.6348  26.926654     6.8073     7.1173     2.6334    90.1782 1.0000e-12  -74.04190 -111.70302  25.470275      99.80 6.1701e+01    454.739      10915  1027.8112  1027.8111    33.9390    33.9388    8.42775         36 0.0000e+00
    104.000    102.899    -1.6354  26.927119    -1.6359  26.926665     6.8004     7.1084     2.2243    90.8181 1.0000e-12  -74.04190 -111.70302  25.470295      99.85 6.1701e+01    456.459      10956  1027.8162  1027.8162    33.9395    33.9394    8.42790         38 0.0000e+00
    105.000    103.888    -1.6344  26.928645    -1.6345  26.928428     6.7895     7.1004     2.0189    91.2379 1.0000e-12  -74.04190 -111.70302  25.470314      99.85 6.1701e+01    458.122      10996  1027.8210  1027.8209    33.9398    33.9397    8.42766         39 0.0000e+00
    106.000    104.877    -1.6422  26.922881    -1.6421  26.922884     6.7767     7.0888     2.0222    91.4086 1.0000e-12  -74.04190 -111.70302  25.470334      99.75 6.1701e+01    459.832      11037  1027.8264  1027.8263    33.9401    33.9401    8.42941         36 0.0000e+00
    107.000    105.866    -1.6534  26.914141    -1.6537  26.913705     6.7641     7.0820     1.7047    91.9626 1.0000e-12  -74.04190 -111.70302  25.470354      99.82 6.1701e+01    461.545      11078  1027.8317  1027.8315    33.9402    33.9399    8.43196         39 0.0000e+00
    108.000    106.855    -1.6554  26.913700    -1.6557  26.913216     6.7707     7.0813     1.6348    91.6660 1.0000e-12  -74.04190 -111.70302  25.470373      99.87 6.1701e+01    463.235      11119  1027.8373  1027.8371    33.9413    33.9409    8.43236         36 0.0000e+00
    109.000    107.845    -1.6334  26.934243    -1.6329  26.934335     6.7696     7.0723     1.5149    92.6552 1.0000e-12  -74.04190 -111.70302  25.470394      99.86 6.1701e+01    465.019      11161  1027.8429  1027.8425    33.9440    33.9436    8.42719         39 0.0000e+00
    110.000    108.832    -1.6246  26.942652    -1.6246  26.942404     6.7449     7.0539     1.2085    92.6498 1.0000e-12  -74.04190 -111.70302  25.470414      99.89 6.1701e+01    466.766      11203  1027.8480  1027.8477    33.9450    33.9446    8.42513         38 0.0000e+00
    111.000    109.823    -1.6332  26.936623    -1.6333  26.936262     6.7317     7.0406     1.7637    93.6700 1.0000e-12  -74.04190 -111.70302  25.470433      99.87 6.1701e+01    468.427      11243  1027.8540  1027.8538    33.9458    33.9454    8.42703         38 0.0000e+00
    112.000    110.810    -1.6321  26.938663    -1.6319  26.938518     6.7164     7.0288     1.7904    93.3746 1.0000e-12  -74.04190 -111.70302  25.470451      99.85 6.1701e+01    469.979      11280  1027.8595  1027.8592    33.9467    33.9463    8.42672         32 0.0000e+00
    113.000    111.801    -1.6290  26.942137    -1.6288  26.942046     6.6939     7.0097     1.1974    93.7673 1.0000e-12  -74.04190 -111.70302  25.470465      99.89 6.0793e+01    471.159      11309  1027.8647  1027.8644    33.9473    33.9470    8.42598         27 0.0000e+00
    114.000    112.790    -1.6239  26.948196    -1.6236  26.947862     6.6820     6.9928     1.3311    93.9467 1.0000e-12  -74.04190 -111.70302  25.470478      99.89 6.1689e+01    472.298      11336  1027.8709  1027.8702    33.9494    33.9486    8.42472         28 0.0000e+00
    115.000    113.777    -1.6191  26.954019    -1.6191  26.953591     6.6820     6.9953     1.0663    94.0944 1.0000e-12  -74.04190 -111.70302  25.470492      99.69 6.1701e+01    473.478      11364  1027.8769  1027.8765    33.9513    33.9507    8.42350         29 0.0000e+00
    116.000    114.770    -1.6166  26.956978    -1.6166  26.956595     6.6820     7.0028     1.8264    94.2607 1.0000e-12  -74.04190 -111.70302  25.470506      99.69 6.0820e+01    474.687      11393  1027.8822  1027.8818    33.9519    33.9514    8.42289         28 0.0000e+00
    117.000    115.757    -1.6166  26.958003    -1.6167  26.957710     6.6840     6.9961     1.8001    94.1159 1.0000e-12  -74.04190 -111.70302  25.470519      99.88 6.1702e+01    475.834      11421  1027.8877  1027.8874    33.9527    33.9524    8.42285         27 0.0000e+00
