ocean_section_plots/required_files/ctd/dnbp2202_ctd129.cnv
* Sea-Bird SBE 9 Data File:
* FileName = D:\Data\raw\NBP2202_CTD129.hex
* Software Version Seasave V 7.26.7.121
* Temperature SN = 1649
* Conductivity SN = 2513
* Number of Bytes Per Scan = 40
* Number of Voltage Words = 5
* Number of Scans Averaged by the Deck Unit = 1
* NMEA Latitude = 74 05.71 S
* NMEA Longitude = 111 54.45 W
* NMEA UTC (Time) = Jan 27 2022  23:28:10
* NMEA baud rate = 9600
** Ship: RVIB N.B. Palmer
** Cruise: NBP2202 Thwaites
** Station: 58
** Operator: A. Robinson
# nquan = 25
# nvalues = 499                         
# units = specified
# name 0 = prDM: Pressure, Digiquartz [db]
# name 1 = depSM: Depth [salt water, m]
# name 2 = t090C: Temperature [ITS-90, deg C]
# name 3 = c0mS/cm: Conductivity [mS/cm]
# name 4 = t190C: Temperature, 2 [ITS-90, deg C]
# name 5 = c1mS/cm: Conductivity, 2 [mS/cm]
# name 6 = sbeox0ML/L: Oxygen, SBE 43 [ml/l]
# name 7 = sbeox1ML/L: Oxygen, SBE 43, 2 [ml/l]
# name 8 = flECO-AFL: Fluorescence, WET Labs ECO-AFL/FL [mg/m^3]
# name 9 = CStarTr0: Beam Transmission, WET Labs C-Star [%]
# name 10 = par: PAR/Irradiance, Biospherical/Licor
# name 11 = latitude: Latitude [deg]
# name 12 = longitude: Longitude [deg]
# name 13 = timeJ: Julian Days
# name 14 = altM: Altimeter [m]
# name 15 = spar: SPAR, Biospherical/Licor
# name 16 = timeS: Time, Elapsed [seconds]
# name 17 = scan: Scan Count
# name 18 = density00: Density [density, kg/m^3]
# name 19 = density11: Density, 2 [density, kg/m^3]
# name 20 = sal00: Salinity, Practical [PSU]
# name 21 = sal11: Salinity, Practical, 2 [PSU]
# name 22 = oxsolML/L: Oxygen Saturation, Garcia & Gordon [ml/l]
# name 23 = nbin: number of scans per bin
# name 24 = flag: flag
# span 0 =      3.000,    501.000       
# span 1 =      2.966,    495.218       
# span 2 =    -1.5526,     0.1227       
# span 3 =  27.031550,  28.944008       
# span 4 =    -1.5527,     0.1246       
# span 5 =  27.031734,  28.943730       
# span 6 =     4.7139,     9.0036       
# span 7 =     4.8992,     9.2120       
# span 8 =    -0.0005,    29.2218       
# span 9 =    66.2980,    94.9669       
# span 10 = -7.878e-05, 1.3277e+02      
# span 11 =  -74.09520,  -74.09518      
# span 12 = -111.90764, -111.90762      
# span 13 =  27.981365,  27.989480      
# span 14 =       2.68,     101.64      
# span 15 = 4.2689e+02, 4.9927e+02      
# span 16 =    299.939,   1001.084      
# span 17 =       7200,      24027      
# span 18 =  1027.2071,  1030.0189      
# span 19 =  1027.2088,  1030.0167      
# span 20 =    33.8240,    34.4364      
# span 21 =    33.8271,    34.4338      
# span 22 =    8.01615,    8.40740      
# span 23 =         25,         78      
# span 24 = 0.0000e+00, 0.0000e+00      
# interval = decibars: 1                
# start_time = Jan 27 2022 23:28:10 [NMEA time, header]
# bad_flag = -9.990e-29
*END*
[from data line 406]
    409.000    404.370    -0.2498  28.489547    -0.2480  28.489164     4.9887     5.0933     0.0267    94.7529 1.0000e-12  -74.09520 -111.90763  27.987610      96.84 4.8232e+02    839.518      20149  1029.5033  1029.5012    34.3067    34.3042    8.10193         30 0.0000e+00
    410.000    405.357    -0.2529  28.488276    -0.2505  28.487881     4.9836     5.0879     0.0183    94.7597 1.0000e-12  -74.09520 -111.90763  27.987625      95.85 4.8215e+02    840.761      20179  1029.5095  1029.5066    34.3080    34.3047    8.10253         30 0.0000e+00
    411.000    406.344    -0.2372  28.503888    -0.2352  28.503747     4.9830     5.0838     0.0176    94.7358 1.0000e-12  -74.09520 -111.90763  27.987639      94.86 4.8242e+02    841.985      20209  1029.5149  1029.5129    34.3104    34.3080    8.09904         29 0.0000e+00
    412.000    407.332    -0.2377  28.504782    -0.2357  28.504368     4.9969     5.0958     0.0172    94.7646 1.0000e-12  -74.09520 -111.90762  27.987653      93.77 4.8278e+02    843.182      20237  1029.5208  1029.5185    34.3117    34.3089    8.09909         28 0.0000e+00
    413.000    408.320    -0.2415  28.501578    -0.2407  28.500440     4.9944     5.1038     0.0239    94.7353 1.0000e-12  -74.09520 -111.90764  27.987667      92.73 4.8262e+02    844.415      20267  1029.5256  1029.5236    34.3111    34.3086    8.09993         30 0.0000e+00
    414.000    409.307    -0.2530  28.492301    -0.2507  28.492220     4.9908     5.0973     0.0347    94.7587 1.0000e-12  -74.09520 -111.90763  27.987681      91.76 4.8346e+02    845.631      20296  1029.5313  1029.5290    34.3110    34.3083    8.10237         29 0.0000e+00
    415.000    410.294    -0.2400  28.505697    -0.2367  28.506128     4.9884     5.0894     0.0168    94.7462 1.0000e-12  -74.09520 -111.90763  27.987695      90.83 4.8388e+02    846.833      20325  1029.5370  1029.5343    34.3137    34.3105    8.09946         29 0.0000e+00
    416.000    411.283    -0.2297  28.517076    -0.2280  28.516314     4.9818     5.0939     0.0063    94.7704 1.0000e-12  -74.09520 -111.90763  27.987709      89.68 4.8345e+02    848.052      20354  1029.5434  1029.5409    34.3166    34.3137    8.09711         29 0.0000e+00
    417.000    412.270    -0.2258  28.522380    -0.2236  28.521950     4.9882     5.0947     0.0177    94.7574 1.0000e-12  -74.09520 -111.90762  27.987722      88.63 4.8328e+02    849.225      20382  1029.5495  1029.5470    34.3187    34.3157    8.09615         28 0.0000e+00
    418.000    413.259    -0.2148  28.536585    -0.2126  28.535919     4.9920     5.0878     0.0417    94.7516 1.0000e-12  -74.09520 -111.90764  27.987736      87.72 4.8471e+02    850.399      20411  1029.5582  1029.5554    34.3247    34.3213    8.09349         29 0.0000e+00
    419.000    414.244    -0.2097  28.543146    -0.2073  28.543045     4.9847     5.0900     0.0362    94.7542 1.0000e-12  -74.09520 -111.90763  27.987750      86.80 4.8352e+02    851.621      20440  1029.5645  1029.5622    34.3270    34.3243    8.09226         29 0.0000e+00
    420.000    415.234    -0.2074  28.546011    -0.2056  28.545465     4.9930     5.0928     0.0275    94.7481 1.0000e-12  -74.09520 -111.90763  27.987764      85.59 4.8410e+02    852.825      20469  1029.5697  1029.5674    34.3277    34.3249    8.09175         28 0.0000e+00
    421.000    416.221    -0.2075  28.546422    -0.2055  28.546030     4.9809     5.0921     0.0141    94.7461 1.0000e-12  -74.09520 -111.90763  27.987778      84.58 4.8554e+02    854.017      20497  1029.5746  1029.5722    34.3277    34.3249    8.09176         29 0.0000e+00
    422.000    417.209    -0.2042  28.550182    -0.2045  28.547394     4.9762     5.0902     0.0224    94.7211 1.0000e-12  -74.09520 -111.90762  27.987792      83.53 4.8473e+02    855.233      20527  1029.5798  1029.5771    34.3285    34.3251    8.09103         30 0.0000e+00
    423.000    418.196    -0.2014  28.553739    -0.1994  28.552331     4.9768     5.0860     0.0190    94.7242 1.0000e-12  -74.09520 -111.90764  27.987806      82.55 4.8473e+02    856.433      20555  1029.5851  1029.5816    34.3294    34.3253    8.09037         28 0.0000e+00
    424.000    419.184    -0.1975  28.558668    -0.1955  28.558263     4.9721     5.0783     0.0143    94.7364 1.0000e-12  -74.09520 -111.90763  27.987820      81.57 4.8662e+02    857.623      20584  1029.5908  1029.5885    34.3310    34.3282    8.08945         29 0.0000e+00
    425.000    420.172    -0.1928  28.565139    -0.1905  28.564783     4.9696     5.0800     0.0143    94.7281 1.0000e-12  -74.09520 -111.90763  27.987834      80.60 4.8603e+02    858.849      20613  1029.5974  1029.5948    34.3337    34.3307    8.08830         30 0.0000e+00
    426.000    421.158    -0.1832  28.577425    -0.1808  28.577313     4.9647     5.0729     0.0143    94.7151 1.0000e-12  -74.09520 -111.90764  27.987848      79.69 4.8498e+02    860.080      20643  1029.6055  1029.6030    34.3387    34.3359    8.08599         29 0.0000e+00
    427.000    422.146    -0.1791  28.582660    -0.1772  28.582193     4.9636     5.0691     0.0143    94.7326 1.0000e-12  -74.09520 -111.90762  27.987862      78.49 4.8726e+02    861.277      20672  1029.6114  1029.6090    34.3405    34.3377    8.08502         29 0.0000e+00
    428.000    423.135    -0.1762  28.586609    -0.1740  28.586275     4.9579     5.0668     0.0160    94.7302 1.0000e-12  -74.09520 -111.90763  27.987876      77.48 4.8681e+02    862.482      20701  1029.6170  1029.6146    34.3418    34.3390    8.08432         29 0.0000e+00
    429.000    424.122    -0.1716  28.592195    -0.1697  28.591634     4.9427     5.0591     0.0187    94.7586 1.0000e-12  -74.09520 -111.90763  27.987890      76.52 4.8662e+02    863.664      20729  1029.6228  1029.6204    34.3435    34.3406    8.08326         28 0.0000e+00
    430.000    425.110    -0.1516  28.614454    -0.1488  28.614034     4.9420     5.0528     0.0144    94.7898 1.0000e-12  -74.09520 -111.90763  27.987903      75.47 4.8908e+02    864.829      20757  1029.6311  1029.6279    34.3500    34.3463    8.07866         28 0.0000e+00
    431.000    426.097    -0.1394  28.627154    -0.1374  28.626784     4.9392     5.0423     0.0105    94.7853 1.0000e-12  -74.09520 -111.90763  27.987917      74.44 4.8935e+02    866.030      20786  1029.6370  1029.6347    34.3526    34.3498    8.07593         29 0.0000e+00
    432.000    427.085    -0.1335  28.633963    -0.1315  28.633379     4.9339     5.0455     0.0062    94.7897 1.0000e-12  -74.09520 -111.90762  27.987931      73.39 4.8609e+02    867.244      20815  1029.6429  1029.6404    34.3544    34.3514    8.07458         29 0.0000e+00
    433.000    428.070    -0.1304  28.637589    -0.1285  28.637131     4.9393     5.0463     0.0105    94.7985 1.0000e-12  -74.09520 -111.90764  27.987945      72.38 4.8926e+02    868.413      20843  1029.6481  1029.6458    34.3552    34.3524    8.07388         28 0.0000e+00
    434.000    429.062    -0.1286  28.639765    -0.1266  28.639458     4.9342     5.0439     0.0191    94.8112 1.0000e-12  -74.09520 -111.90763  27.987958      71.38 4.9001e+02    869.573      20871  1029.6531  1029.6508    34.3554    34.3527    8.07349         27 0.0000e+00
    435.000    430.048    -0.1281  28.640631    -0.1258  28.640645     4.9305     5.0393     0.0216    94.8002 1.0000e-12  -74.09520 -111.90763  27.987972      70.33 4.8910e+02    870.761      20899  1029.6580  1029.6557    34.3555    34.3529    8.07339         29 0.0000e+00
    436.000    431.035    -0.1257  28.643583    -0.1235  28.643274     4.9297     5.0479     0.0155    94.7905 1.0000e-12  -74.09520 -111.90763  27.987986      69.31 4.8948e+02    871.968      20928  1029.6630  1029.6606    34.3560    34.3531    8.07283         29 0.0000e+00
    437.000    432.023    -0.1243  28.645173    -0.1223  28.644870     4.9290     5.0456     0.0549    94.8229 1.0000e-12  -74.09520 -111.90764  27.988000      68.33 4.8960e+02    873.180      20957  1029.6678  1029.6655    34.3560    34.3534    8.07255         29 0.0000e+00
    438.000    433.010    -0.1233  28.646636    -0.1206  28.647105     4.9334     5.0406     0.0143    94.8226 1.0000e-12  -74.09520 -111.90764  27.988013      67.38 4.8945e+02    874.354      20986  1029.6727  1029.6705    34.3562    34.3538    8.07232         28 0.0000e+00
    439.000    433.998    -0.1203  28.650243    -0.1178  28.650423     4.9255     5.0361     0.0148    94.7973 1.0000e-12  -74.09520 -111.90764  27.988027      66.35 4.8976e+02    875.504      21013  1029.6779  1029.6757    34.3571    34.3544    8.07164         28 0.0000e+00
    440.000    434.984    -0.1177  28.653363    -0.1155  28.653107     4.9247     5.0310     0.0203    94.8008 1.0000e-12  -74.09520 -111.90764  27.988040      65.30 4.9022e+02    876.685      21041  1029.6830  1029.6806    34.3576    34.3549    8.07105         27 0.0000e+00
    441.000    435.973    -0.1089  28.663317    -0.1062  28.663310     4.9178     5.0208     0.0164    94.8218 1.0000e-12  -74.09520 -111.90764  27.988054      64.32 4.8970e+02    877.903      21071  1029.6893  1029.6866    34.3604    34.3574    8.06905         28 0.0000e+00
    442.000    436.961    -0.0986  28.675029    -0.0963  28.674788     4.9101     5.0117     0.0156    94.8143 1.0000e-12  -74.09520 -111.90764  27.988068      63.33 4.8964e+02    879.075      21099  1029.6959  1029.6934    34.3638    34.3609    8.06668         28 0.0000e+00
    443.000    437.948    -0.0914  28.683117    -0.0891  28.682730     4.9042     5.0081     0.0120    94.7969 1.0000e-12  -74.09520 -111.90764  27.988081      62.32 4.9008e+02    880.242      21127  1029.7018  1029.6991    34.3659    34.3628    8.06505         29 0.0000e+00
    444.000    438.936    -0.0837  28.691295    -0.0819  28.690572     4.8929     5.0134     0.0174    94.8318 1.0000e-12  -74.09520 -111.90764  27.988096      61.28 4.9008e+02    881.475      21156  1029.7072  1029.7047    34.3674    34.3645    8.06332         30 0.0000e+00
    445.000    439.922    -0.0827  28.692660    -0.0807  28.692300     4.8998     5.0081     0.0140    94.8256 1.0000e-12  -74.09520 -111.90764  27.988110      60.26 4.9008e+02    882.663      21185  1029.7120  1029.7098    34.3675    34.3648    8.06311         27 0.0000e+00
    446.000    440.908    -0.0811  28.694865    -0.0792  28.694285     4.8936     5.0031     0.0140    94.8159 1.0000e-12  -74.09520 -111.90764  27.988123      59.17 4.9094e+02    883.817      21213  1029.7172  1029.7148    34.3680    34.3652    8.06274         27 0.0000e+00
    447.000    441.899    -0.0766  28.699760    -0.0752  28.698759     4.8957     4.9981     0.0140    94.8444 1.0000e-12  -74.09520 -111.90764  27.988137      58.19 4.9069e+02    885.026      21242  1029.7224  1029.7199    34.3690    34.3660    8.06175         29 0.0000e+00
    448.000    442.886    -0.0750  28.702141    -0.0721  28.702522     4.8974     5.0029     0.0205    94.8389 1.0000e-12  -74.09520 -111.90764  27.988151      57.22 4.9054e+02    886.207      21270  1029.7276  1029.7253    34.3696    34.3670    8.06136         27 0.0000e+00
    449.000    443.873    -0.0672  28.710698    -0.0649  28.710546     4.8866     4.9868     0.0150    94.8318 1.0000e-12  -74.09520 -111.90764  27.988164      56.21 4.9172e+02    887.363      21298  1029.7334  1029.7310    34.3717    34.3689    8.05961         28 0.0000e+00
    450.000    444.860    -0.0591  28.720164    -0.0559  28.720613     4.8750     4.9801     0.0143    94.8278 1.0000e-12  -74.09520 -111.90763  27.988178      55.12 4.9191e+02    888.558      21326  1029.7398  1029.7371    34.3746    34.3715    8.05775         29 0.0000e+00
    451.000    445.848    -0.0349  28.746381    -0.0324  28.745826     4.8659     4.9776     0.0171    94.8270 1.0000e-12  -74.09520 -111.90763  27.988192      54.17 4.9116e+02    889.764      21355  1029.7481  1029.7450    34.3815    34.3779    8.05225         29 0.0000e+00
    452.000    446.835    -0.0295  28.752206    -0.0275  28.751805     4.8575     4.9645     0.0377    94.8208 1.0000e-12  -74.09520 -111.90763  27.988205      53.16 4.9184e+02    890.931      21383  1029.7533  1029.7510    34.3825    34.3798    8.05106         28 0.0000e+00
    453.000    447.823    -0.0157  28.768263    -0.0130  28.767719     4.8478     4.9562     0.0376    94.8072 1.0000e-12  -74.09520 -111.90762  27.988219      52.13 4.9190e+02    892.091      21411  1029.7611  1029.7579    34.3877    34.3840    8.04786         28 0.0000e+00
    454.000    448.810     0.0086  28.794421     0.0102  28.793082     4.8399     4.9462     0.0194    94.7962 1.0000e-12  -74.09520 -111.90762  27.988232      51.14 4.9166e+02    893.247      21439  1029.7693  1029.7664    34.3945    34.3910    8.04238         28 0.0000e+00
    455.000    449.798     0.0215  28.808811     0.0240  28.808283     4.8306     4.9416     0.0168    94.8045 1.0000e-12  -74.09520 -111.90762  27.988245      50.11 4.9314e+02    894.406      21467  1029.7763  1029.7734    34.3985    34.3950    8.03945         27 0.0000e+00
    456.000    450.786     0.0380  28.826933     0.0398  28.825926     4.8226     4.9343     0.0214    94.7709 1.0000e-12  -74.09520 -111.90762  27.988259      49.06 4.9279e+02    895.571      21495  1029.7838  1029.7809    34.4034    34.4000    8.03572         28 0.0000e+00
    457.000    451.773     0.0478  28.838296     0.0504  28.838201     4.8220     4.9305     0.0176    94.7599 1.0000e-12  -74.09520 -111.90762  27.988273      48.01 4.9234e+02    896.745      21523  1029.7907  1029.7880    34.4068    34.4037    8.03347         28 0.0000e+00
    458.000    452.761     0.0564  28.848063     0.0587  28.847709     4.8183     4.9247     0.0143    94.7791 1.0000e-12  -74.09520 -111.90762  27.988286      47.10 4.9441e+02    897.921      21551  1029.7971  1029.7944    34.4095    34.4064    8.03152         29 0.0000e+00
    459.000    453.747     0.0611  28.853975     0.0638  28.853806     4.8132     4.9210     0.0143    94.7596 1.0000e-12  -74.09520 -111.90762  27.988300      45.95 4.9367e+02    899.119      21580  1029.8032  1029.8004    34.4114    34.4081    8.03042         29 0.0000e+00
    460.000    454.736     0.0713  28.865840     0.0735  28.865275     4.8170     4.9178     0.0083    94.7551 1.0000e-12  -74.09520 -111.90762  27.988314      44.98 4.9343e+02    900.318      21609  1029.8101  1029.8074    34.4150    34.4118    8.02808         29 0.0000e+00
    461.000    455.723     0.0761  28.871554     0.0787  28.871500     4.8159     4.9130     0.0127    94.7236 1.0000e-12  -74.09520 -111.90762  27.988328      43.99 4.9516e+02    901.521      21637  1029.8160  1029.8134    34.4166    34.4136    8.02699         29 0.0000e+00
    462.000    456.709     0.0809  28.877609     0.0832  28.876947     4.8070     4.9123     0.0132    94.7216 1.0000e-12  -74.09520 -111.90762  27.988343      42.96 4.9463e+02    902.817      21669  1029.8222  1029.8193    34.4187    34.4152    8.02588         33 0.0000e+00
    463.000    457.698     0.0937  28.892810     0.0972  28.893730     4.7139     4.9099     0.0087    94.7099 1.0000e-12  -74.09520 -111.90762  27.988359      41.93 4.9372e+02    904.199      21702  1029.8301  1029.8276    34.4238    34.4210    8.02292         33 0.0000e+00
    464.000    458.685     0.0975  28.897399     0.1002  28.897577     4.8429     4.9088     0.0224    94.7048 1.0000e-12  -74.09520 -111.90762  27.988375      40.85 4.9557e+02    905.599      21735  1029.8357  1029.8332    34.4250    34.4221    8.02205         34 0.0000e+00
    465.000    459.672     0.1004  28.901143     0.1027  28.900858     4.8081     4.9039     0.0231    94.7199 1.0000e-12  -74.09520 -111.90762  27.988391      39.85 4.9564e+02    906.990      21769  1029.8412  1029.8387    34.4260    34.4231    8.02138         33 0.0000e+00
