ocean_section_plots/required_files/ctd/dnbp2202_ctd161.cnv
* Sea-Bird SBE 9 Data File:
* FileName = D:\Data\raw\NBP2202_CTD161.hex
* Software Version Seasave V 7.26.7.121
* Temperature SN = 1649
* Conductivity SN = 2513
* Number of Bytes Per Scan = 40
* Number of Voltage Words = 5
* Number of Scans Averaged by the Deck Unit = 1
* NMEA Latitude = 74 14.14 S
* NMEA Longitude = 112 11.99 W
* NMEA UTC (Time) = Feb 01 2022  00:19:51
* NMEA baud rate = 9600
** Ship: RVIB N.B. Palmer
** Cruise: NBP2202 Thwaites
** Station: 83
** Operator: A. Robinson
# nquan = 28
# nvalues = 506                         
# units = specified
# name 0 = prDM: Pressure, Digiquartz [db]
# name 1 = depSM: Depth [salt water, m]
# name 2 = t090C: Temperature [ITS-90, deg C]
# name 3 = c0mS/cm: Conductivity [mS/cm]
# name 4 = t190C: Temperature, 2 [ITS-90, deg C]
# name 5 = c1mS/cm: Conductivity, 2 [mS/cm]
# name 6 = sbeox0ML/L: Oxygen, SBE 43 [ml/l]
# name 7 = sbeox1ML/L: Oxygen, SBE 43, 2 [ml/l]
# name 8 = flECO-AFL: Fluorescence, WET Labs ECO-AFL/FL [mg/m^3]
# name 9 = CStarTr0: Beam Transmission, WET Labs C-Star [%]
# name 10 = par: PAR/Irradiance, Biospherical/Licor
# name 11 = latitude: Latitude [deg]
# name 12 = longitude: Longitude [deg]
# name 13 = timeJ: Julian Days
# name 14 = altM: Altimeter [m]
# name 15 = spar: SPAR, Biospherical/Licor
# name 16 = timeS: Time, Elapsed [seconds]
# name 17 = scan: Scan Count
# name 18 = density00: Density [density, kg/m^3]
# name 19 = density11: Density, 2 [density, kg/m^3]
# name 20 = v3: Voltage 3
# name 21 = v4: Voltage 4
# name 22 = v5: Voltage 5
# name 23 = sal00: Salinity, Practical [PSU]
# name 24 = sal11: Salinity, Practical, 2 [PSU]
# name 25 = oxsolML/L: Oxygen Saturation, Garcia & Gordon [ml/l]
# name 26 = nbin: number of scans per bin
# name 27 = flag: flag
# span 0 =      2.000,    507.000       
# span 1 =      1.980,    501.117       
# span 2 =    -1.4877,    -0.1703       
# span 3 =  27.045587,  28.619484       
# span 4 =    -1.4883,    -0.1643       
# span 5 =  27.045556,  28.623246       
# span 6 =     4.9333,     8.3802       
# span 7 =     5.0287,     8.5759       
# span 8 =     0.0028,    23.8173       
# span 9 =    69.3477,    93.7782       
# span 10 = 1.0000e-12, 3.2483e+02      
# span 11 =  -74.23578,  -74.23576      
# span 12 = -112.19998, -112.19993      
# span 13 =  32.016076,  32.023970      
# span 14 =     -22.50,     100.02      
# span 15 = 5.2909e+02, 7.3292e+02      
# span 16 =    197.989,    880.044      
# span 17 =       4753,      21122      
# span 18 =  1027.1895,  1029.9829      
# span 19 =  1027.1938,  1029.9812      
# span 20 =     3.2906,     4.4488      
# span 21 =     0.0707,     3.6258      
# span 22 =     0.1143,     0.2415      
# span 23 =    33.8033,    34.3326      
# span 24 =    33.8095,    34.3303      
# span 25 =    8.08360,    8.39510      
# span 26 =          2,         46      
# span 27 = 0.0000e+00, 0.0000e+00      
# interval = decibars: 1                
# start_time = Feb 01 2022 00:19:51 [NMEA time, header]
# bad_flag = -9.990e-29
*END*
[from data line 208]
    210.000    207.721    -1.4461  27.183670    -1.4456  27.183470     6.2085     6.3397     0.1827    93.0388 1.0000e-12  -74.23578 -112.19993  32.019710      99.87 6.2388e+02    511.905      12287  1028.3767  1028.3759     4.4138     0.0978     0.1314    34.0120    34.0111    8.38078         34 0.0000e+00
    211.000    208.709    -1.4448  27.185264    -1.4445  27.184890     6.2052     6.3422     0.2639    93.0142 1.0000e-12  -74.23578 -112.19993  32.019727      99.87 6.1397e+02    513.418      12323  1028.3814  1028.3807     4.4125     0.0960     0.1289    34.0121    34.0112    8.38048         36 0.0000e+00
    212.000    209.698    -1.4457  27.185108    -1.4452  27.184958     6.2018     6.3346     0.3620    93.0201 1.0000e-12  -74.23578 -112.19994  32.019743      99.88 6.2469e+02    514.808      12356  1028.3864  1028.3858     4.4129     0.0999     0.1318    34.0123    34.0115    8.38067         30 0.0000e+00
    213.000    210.686    -1.4427  27.188534    -1.4419  27.188536     6.1986     6.3323     0.2121    92.9844 1.0000e-12  -74.23578 -112.19994  32.019757      99.51 6.2485e+02    515.976      12384  1028.3915  1028.3908     4.4111     0.1073     0.1295    34.0129    34.0120    8.37995         27 0.0000e+00
    214.000    211.675    -1.4377  27.193343    -1.4378  27.192852     6.1939     6.3248     0.1240    92.9604 1.0000e-12  -74.23578 -112.19994  32.019770      99.74 6.1627e+02    517.102      12411  1028.3964  1028.3958     4.4100     0.1009     0.1303    34.0133    34.0126    8.37881         28 0.0000e+00
    215.000    212.663    -1.4330  27.198137    -1.4329  27.197607     6.1948     6.3289     0.1481    93.0304 1.0000e-12  -74.23578 -112.19994  32.019784      99.88 6.2200e+02    518.300      12440  1028.4014  1028.4006     4.4133     0.0981     0.1300    34.0139    34.0130    8.37772         30 0.0000e+00
    216.000    213.652    -1.4312  27.200351    -1.4305  27.200199     6.1924     6.3234     0.1711    93.0012 1.0000e-12  -74.23578 -112.19994  32.019800      99.88 6.2445e+02    519.726      12474  1028.4064  1028.4056     4.4119     0.1050     0.1287    34.0143    34.0133    8.37728         37 0.0000e+00
    217.000    214.641    -1.4303  27.201671    -1.4299  27.201428     6.1858     6.3298     0.1729    93.0253 1.0000e-12  -74.23578 -112.19994  32.019818      99.87 6.1544e+02    521.290      12512  1028.4113  1028.4107     4.4131     0.0984     0.1405    34.0144    34.0136    8.37707         34 0.0000e+00
    218.000    215.630    -1.4299  27.202604    -1.4296  27.202297     6.1872     6.3220     0.1499    92.9152 1.0000e-12  -74.23578 -112.19994  32.019833      99.87 6.2322e+02    522.543      12542  1028.4163  1028.4156     4.4079     0.0948     0.1341    34.0146    34.0138    8.37697         27 0.0000e+00
    219.000    216.617    -1.4293  27.203646    -1.4291  27.203289     6.1843     6.3218     0.1472    92.8558 1.0000e-12  -74.23578 -112.19994  32.019846      99.87 6.2560e+02    523.657      12569  1028.4212  1028.4206     4.4050     0.1255     0.1362    34.0148    34.0141    8.37683         27 0.0000e+00
    220.000    217.607    -1.4293  27.204195    -1.4289  27.203811     6.1899     6.3272     0.2480    93.0088 1.0000e-12  -74.23578 -112.19994  32.019859      99.88 6.1480e+02    524.823      12597  1028.4261  1028.4254     4.4123     0.1015     0.1319    34.0149    34.0139    8.37681         29 0.0000e+00
    221.000    218.595    -1.4293  27.204539    -1.4287  27.204304     6.1919     6.3282     0.2764    92.9184 1.0000e-12  -74.23578 -112.19994  32.019874      99.88 6.2355e+02    526.131      12628  1028.4308  1028.4300     4.4080     0.0881     0.1331    34.0147    34.0138    8.37683         34 0.0000e+00
    222.000    219.584    -1.4294  27.205091    -1.4287  27.204869     6.1903     6.3163     0.1668    92.9892 1.0000e-12  -74.23578 -112.19994  32.019890      99.87 6.2576e+02    527.520      12661  1028.4359  1028.4349     4.4114     0.1044     0.1341    34.0150    34.0139    8.37683         32 0.0000e+00
    223.000    220.572    -1.4285  27.206745    -1.4280  27.206409     6.1907     6.3239     0.1518    92.9007 1.0000e-12  -74.23578 -112.19994  32.019905      86.41 6.1124e+02    528.796      12692  1028.4411  1028.4403     4.4072     0.0956     0.1331    34.0156    34.0146    8.37659         28 0.0000e+00
    224.000    221.561    -1.4280  27.208313    -1.4275  27.208066     6.1919     6.3159     0.5255    92.8985 1.0000e-12  -74.23578 -112.19994  32.019918      93.11 6.1576e+02    529.906      12719  1028.4467  1028.4459     4.4071     0.1029     0.1314    34.0165    34.0156    8.37642         26 0.0000e+00
    225.000    222.549    -1.4260  27.211158    -1.4254  27.210761     6.1848     6.3114     0.3780    92.8810 1.0000e-12  -74.23578 -112.19994  32.019931      99.74 6.2307e+02    531.020      12745  1028.4522  1028.4512     4.4062     0.1054     0.1341    34.0176    34.0164    8.37591         29 0.0000e+00
    226.000    223.539    -1.4209  27.217024    -1.4203  27.216597     6.1823     6.3173     0.1528    92.8739 1.0000e-12  -74.23578 -112.19994  32.019946      99.87 6.1670e+02    532.364      12778  1028.4580  1028.4570     4.4059     0.0917     0.1335    34.0192    34.0180    8.37466         33 0.0000e+00
    227.000    224.526    -1.4206  27.218330    -1.4202  27.218031     6.1738     6.3180     0.2569    92.8708 1.0000e-12  -74.23578 -112.19994  32.019963      99.87 6.1401e+02    533.815      12813  1028.4636  1028.4627     4.4058     0.0992     0.1325    34.0201    34.0192    8.37455         32 0.0000e+00
    228.000    225.514    -1.4210  27.218980    -1.4206  27.218701     6.1785     6.3184     0.2048    92.8534 1.0000e-12  -74.23578 -112.19994  32.019977      99.87 6.2085e+02    534.998      12841  1028.4690  1028.4683     4.4049     0.0905     0.1350    34.0208    34.0200    8.37460         27 0.0000e+00
    229.000    226.503    -1.4220  27.219332    -1.4215  27.218992     6.1821     6.3172     0.2138    92.8738 1.0000e-12  -74.23578 -112.19994  32.019990      99.87 6.1853e+02    536.134      12868  1028.4746  1028.4738     4.4059     0.1008     0.1354    34.0218    34.0208    8.37476         29 0.0000e+00
    230.000    227.493    -1.4221  27.220024    -1.4215  27.219745     6.1925     6.3250     0.2100    92.9281 1.0000e-12  -74.23578 -112.19994  32.020006      99.87 6.1286e+02    537.493      12901  1028.4798  1028.4790     4.4085     0.0962     0.1364    34.0223    34.0212    8.37476         35 0.0000e+00
    231.000    228.481    -1.4217  27.222157    -1.4212  27.221845     6.1947     6.3255     0.1428    92.9594 1.0000e-12  -74.23578 -112.19994  32.020022      99.87 6.1980e+02    538.873      12934  1028.4861  1028.4853     4.4100     0.0960     0.1393    34.0241    34.0231    8.37455         30 0.0000e+00
    232.000    229.470    -1.4206  27.226109    -1.4203  27.225641     6.1907     6.3271     0.1557    92.9354 1.0000e-12  -74.23578 -112.19994  32.020036      99.87 6.1445e+02    540.071      12963  1028.4937  1028.4929     4.4088     0.0830     0.1346    34.0277    34.0267    8.37410         28 0.0000e+00
    233.000    230.458    -1.4205  27.226862    -1.4201  27.226583     6.1901     6.3242     0.1259    92.9052 1.0000e-12  -74.23578 -112.19994  32.020049      99.88 6.0803e+02    541.259      12991  1028.4988  1028.4981     4.4074     0.0969     0.1335    34.0280    34.0271    8.37406         30 0.0000e+00
    234.000    231.447    -1.4204  27.227716    -1.4199  27.227378     6.1955     6.3271     0.0915    92.9135 1.0000e-12  -74.23578 -112.19994  32.020064      97.75 6.1552e+02    542.518      13021  1028.5039  1028.5031     4.4078     0.0835     0.1323    34.0284    34.0274    8.37400         30 0.0000e+00
    235.000    232.435    -1.4201  27.228577    -1.4197  27.228210     6.1958     6.3271     0.0739    92.9701 1.0000e-12  -74.23578 -112.19995  32.020078      99.87 6.1572e+02    543.769      13051  1028.5089  1028.5081     4.4104     0.0846     0.1339    34.0287    34.0276    8.37394         30 0.0000e+00
    236.000    233.424    -1.4198  27.230145    -1.4193  27.229814     6.1978     6.3240     0.0764    92.9601 1.0000e-12  -74.23578 -112.19995  32.020093      99.87 6.0450e+02    545.035      13082  1028.5146  1028.5138     4.4100     0.0853     0.1357    34.0298    34.0289    8.37379         31 0.0000e+00
    237.000    234.411    -1.4192  27.231219    -1.4190  27.230784     6.1928     6.3262     0.0967    92.8768 1.0000e-12  -74.23578 -112.19996  32.020107      99.87 6.1330e+02    546.283      13112  1028.5196  1028.5188     4.4060     0.1445     0.1362    34.0301    34.0291    8.37365         29 0.0000e+00
    238.000    235.402    -1.4192  27.231758    -1.4187  27.231423     6.1952     6.3231     0.1045    92.9464 1.0000e-12  -74.23578 -112.19995  32.020121      99.87 6.1325e+02    547.497      13141  1028.5244  1028.5236     4.4094     0.0928     0.1328    34.0301    34.0291    8.37364         30 0.0000e+00
    239.000    236.388    -1.4190  27.232317    -1.4185  27.232074     6.1942     6.3261     0.0849    92.9711 1.0000e-12  -74.23578 -112.19996  32.020136      99.87 6.0037e+02    548.791      13172  1028.5292  1028.5284     4.4105     0.0904     0.1326    34.0301    34.0292    8.37361         32 0.0000e+00
    240.000    237.378    -1.4187  27.233044    -1.4182  27.232868     6.1927     6.3296     0.0868    93.0333 1.0000e-12  -74.23578 -112.19996  32.020152      99.88 6.0474e+02    550.128      13204  1028.5341  1028.5334     4.4135     0.0925     0.1346    34.0302    34.0293    8.37354         31 0.0000e+00
    241.000    238.367    -1.4183  27.234400    -1.4180  27.233926     6.1920     6.3330     0.1172    92.9752 1.0000e-12  -74.23578 -112.19996  32.020166      99.87 6.1137e+02    551.370      13234  1028.5395  1028.5386     4.4107     0.0838     0.1345    34.0309    34.0299    8.37340         28 0.0000e+00
    242.000    239.354    -1.4180  27.235716    -1.4176  27.235458     6.1905     6.3357     0.1057    93.0041 1.0000e-12  -74.23578 -112.19996  32.020180      99.88 5.9948e+02    552.543      13262  1028.5449  1028.5441     4.4121     0.0802     0.1305    34.0318    34.0309    8.37328         29 0.0000e+00
    243.000    240.343    -1.4179  27.236392    -1.4175  27.236143     6.1925     6.3345     0.1231    92.9856 1.0000e-12  -74.23578 -112.19996  32.020194      99.82 5.9879e+02    553.787      13292  1028.5498  1028.5491     4.4112     0.0880     0.1366    34.0319    34.0311    8.37324         32 0.0000e+00
    244.000    241.332    -1.4180  27.237181    -1.4175  27.236869     6.1931     6.3340     0.0995    93.0222 1.0000e-12  -74.23578 -112.19996  32.020210      84.13 6.0461e+02    555.125      13324  1028.5551  1028.5543     4.4129     0.1362     0.1398    34.0325    34.0316    8.37323         30 0.0000e+00
    245.000    242.320    -1.4181  27.237558    -1.4177  27.237320     6.1945     6.3332     0.1022    92.9899 1.0000e-12  -74.23578 -112.19996  32.020225      97.97 5.9574e+02    556.416      13355  1028.5599  1028.5592     4.4114     0.0898     0.1395    34.0326    34.0317    8.37326         29 0.0000e+00
    246.000    243.308    -1.4182  27.238298    -1.4177  27.238069     6.1962     6.3277     0.1022    93.0176 1.0000e-12  -74.23578 -112.19996  32.020239      99.90 5.9420e+02    557.616      13384  1028.5652  1028.5644     4.4127     0.0892     0.1335    34.0331    34.0322    8.37325         28 0.0000e+00
    247.000    244.296    -1.4181  27.239176    -1.4176  27.238946     6.2001     6.3252     0.0907    92.9438 1.0000e-12  -74.23578 -112.19996  32.020252      99.87 6.0305e+02    558.808      13412  1028.5703  1028.5695     4.4092     0.0864     0.1346    34.0335    34.0327    8.37319         30 0.0000e+00
    248.000    245.286    -1.4182  27.239872    -1.4176  27.239474     6.1957     6.3307     0.1174    92.8362 1.0000e-12  -74.23578 -112.19996  32.020267      99.88 5.9773e+02    560.056      13442  1028.5754  1028.5744     4.4041     0.0829     0.1361    34.0340    34.0328    8.37319         31 0.0000e+00
    249.000    246.273    -1.4183  27.240140    -1.4176  27.239938     6.2010     6.3206     0.0917    92.9439 1.0000e-12  -74.23578 -112.19994  32.020283      99.87 5.9187e+02    561.412      13475  1028.5801  1028.5792     4.4092     0.0943     0.1358    34.0338    34.0328    8.37321         32 0.0000e+00
    250.000    247.263    -1.4182  27.240611    -1.4177  27.240401     6.1986     6.3220     0.0830    92.8895 1.0000e-12  -74.23578 -112.19994  32.020298      99.87 5.9961e+02    562.749      13507  1028.5848  1028.5841     4.4066     0.1100     0.1401    34.0337    34.0328    8.37320         31 0.0000e+00
    251.000    248.250    -1.4182  27.241231    -1.4177  27.240929     6.1981     6.3308     0.0762    92.8783 1.0000e-12  -74.23578 -112.19994  32.020312      99.87 5.9396e+02    563.953      13536  1028.5898  1028.5890     4.4061     0.0905     0.1435    34.0340    34.0329    8.37319         28 0.0000e+00
    252.000    249.240    -1.4181  27.241934    -1.4175  27.241685     6.1947     6.3295     0.0842    92.8623 1.0000e-12  -74.23578 -112.19994  32.020326      99.88 5.8883e+02    565.167      13565  1028.5948  1028.5940     4.4054     0.0975     0.1397    34.0342    34.0332    8.37316         32 0.0000e+00
    253.000    250.228    -1.4176  27.243277    -1.4170  27.243022     6.1922     6.3278     0.1076    92.8466 1.0000e-12  -74.23578 -112.19994  32.020343      99.88 5.9595e+02    566.593      13599  1028.6001  1028.5992     4.4046     0.0855     0.1382    34.0348    34.0338    8.37300         35 0.0000e+00
    254.000    251.216    -1.4173  27.244043    -1.4168  27.243809     6.1892     6.3291     0.0953    92.8993 1.0000e-12  -74.23578 -112.19994  32.020358      93.55 5.9032e+02    567.910      13631  1028.6050  1028.6041     4.4071     0.0847     0.1369    34.0350    34.0340    8.37293         28 0.0000e+00
    255.000    252.205    -1.4167  27.245412    -1.4160  27.245212     6.1917     6.3282     0.0743    92.8796 1.0000e-12  -74.23578 -112.19994  32.020370      99.42 5.8436e+02    568.987      13657  1028.6102  1028.6093     4.4062     0.0851     0.1376    34.0355    34.0345    8.37276         25 0.0000e+00
    256.000    253.193    -1.4138  27.249324    -1.4133  27.248708     6.1920     6.3183     0.0740    92.8286 1.0000e-12  -74.23578 -112.19994  32.020384      99.87 5.9178e+02    570.162      13685  1028.6159  1028.6147     4.4037     0.0826     0.1388    34.0369    34.0355    8.37202         32 0.0000e+00
    257.000    254.181    -1.4123  27.253542    -1.4117  27.253162     6.1994     6.3283     0.0802    92.7838 1.0000e-12  -74.23578 -112.19994  32.020400      99.88 5.9137e+02    571.550      13718  1028.6234  1028.6224     4.4016     0.0864     0.1435    34.0405    34.0392    8.37148         33 0.0000e+00
    258.000    255.170    -1.4124  27.254537    -1.4120  27.254279     6.2031     6.3416     0.0783    92.7013 1.0000e-12  -74.23578 -112.19994  32.020414      99.87 5.8551e+02    572.784      13748  1028.6290  1028.6283     4.3977     0.0851     0.1401    34.0413    34.0405    8.37145         27 0.0000e+00
    259.000    256.159    -1.4129  27.256001    -1.4123  27.255708     6.2079     6.3373     0.1026    92.8319 1.0000e-12  -74.23578 -112.19994  32.020427      99.88 5.8871e+02    573.866      13774  1028.6355  1028.6345     4.4039     0.0878     0.1346    34.0433    34.0422    8.37145         25 0.0000e+00
