ocean_section_plots/required_files/ctd/dnbp2202_ctd265.cnv
* Sea-Bird SBE 9 Data File:
* FileName = D:\Data\raw\NBP2202_CTD265.hex
* Software Version Seasave V 7.26.7.121
* Temperature SN = 1649
* Conductivity SN = 2513
* Number of Bytes Per Scan = 40
* Number of Voltage Words = 5
* Number of Scans Averaged by the Deck Unit = 1
* NMEA Latitude = 73 52.82 S
* NMEA Longitude = 118 43.32 W
* NMEA UTC (Time) = Feb 19 2022  19:07:30
* NMEA baud rate = 9600
** Ship: RVIB N.B. Palmer
** Cruise: NBP2202 Thwaites
** Station: 170
** Operator: A. Robinson
# nquan = 28
# nvalues = 674                         
# units = specified
# name 0 = prDM: Pressure, Digiquartz [db]
# name 1 = depSM: Depth [salt water, m]
# name 2 = t090C: Temperature [ITS-90, deg C]
# name 3 = c0mS/cm: Conductivity [mS/cm]
# name 4 = t190C: Temperature, 2 [ITS-90, deg C]
# name 5 = c1mS/cm: Conductivity, 2 [mS/cm]
# name 6 = sbeox0ML/L: Oxygen, SBE 43 [ml/l]
# name 7 = sbeox1ML/L: Oxygen, SBE 43, 2 [ml/l]
# name 8 = flECO-AFL: Fluorescence, WET Labs ECO-AFL/FL [mg/m^3]
# name 9 = CStarTr0: Beam Transmission, WET Labs C-Star [%]
# name 10 = par: PAR/Irradiance, Biospherical/Licor
# name 11 = latitude: Latitude [deg]
# name 12 = longitude: Longitude [deg]
# name 13 = timeJ: Julian Days
# name 14 = altM: Altimeter [m]
# name 15 = spar: SPAR, Biospherical/Licor
# name 16 = timeS: Time, Elapsed [seconds]
# name 17 = scan: Scan Count
# name 18 = density00: Density [density, kg/m^3]
# name 19 = density11: Density, 2 [density, kg/m^3]
# name 20 = v3: Voltage 3
# name 21 = v4: Voltage 4
# name 22 = v5: Voltage 5
# name 23 = sal00: Salinity, Practical [PSU]
# name 24 = sal11: Salinity, Practical, 2 [PSU]
# name 25 = oxsolML/L: Oxygen Saturation, Garcia & Gordon [ml/l]
# name 26 = nbin: number of scans per bin
# name 27 = flag: flag
# span 0 =      3.000,    676.000       
# span 1 =      2.970,    667.919       
# span 2 =    -1.6937,     0.4752       
# span 3 =  27.009725,  29.389292       
# span 4 =    -1.6941,     0.4798       
# span 5 =  27.006810,  29.391271       
# span 6 =     4.7174,     8.9749       
# span 7 =     4.8460,     9.2467       
# span 8 =    -0.0225,    11.5566       
# span 9 =    87.4238,    98.5241       
# span 10 = -2.386e-06, 1.3580e+02      
# span 11 =  -73.88042,  -73.88040      
# span 12 = -118.72202, -118.72196      
# span 13 =  50.798983,  50.809476      
# span 14 =       0.42,     100.08      
# span 15 = 1.6394e+03, 1.6589e+03      
# span 16 =    182.130,   1088.685      
# span 17 =       4372,      26129      
# span 18 =  1027.1264,  1030.8857      
# span 19 =  1027.1266,  1030.8835      
# span 20 =     4.1481,     4.6738      
# span 21 =     0.0628,     1.8269      
# span 22 =     0.1130,     0.1942      
# span 23 =    33.7546,    34.5243      
# span 24 =    33.7553,    34.5218      
# span 25 =    7.93825,    8.43490      
# span 26 =          2,         48      
# span 27 = 0.0000e+00, 0.0000e+00      
# interval = decibars: 1                
# start_time = Feb 19 2022 19:07:30 [NMEA time, header]
# bad_flag = -9.990e-29
*END*
[from data line 570]
    573.000    566.294     0.2238  29.081574     0.2265  29.081966     4.8131     4.9577    -0.0015    98.4733 1.0000e-12  -73.88040 -118.72198  50.806911      99.92 1.6554e+03    867.101      20811  1030.3705  1030.3683     4.6714     0.0718     0.1183    34.4620    34.4595    7.99365         26 0.0000e+00
    574.000    567.281     0.2393  29.098544     0.2410  29.097808     4.8272     4.9578    -0.0012    98.4810 1.0000e-12  -73.88040 -118.72198  50.806924      99.91 1.6568e+03    868.192      20838  1030.3774  1030.3749     4.6718     0.0695     0.1162    34.4664    34.4635    7.99019         27 0.0000e+00
    575.000    568.269     0.2430  29.102660     0.2473  29.105000     4.8256     4.9465    -0.0081    98.4827 1.0000e-12  -73.88040 -118.72198  50.806937      99.92 1.6571e+03    869.338      20865  1030.3824  1030.3806     4.6719     0.0696     0.1176    34.4671    34.4653    7.98938         28 0.0000e+00
    576.000    569.255     0.2558  29.117937     0.2580  29.117800     4.8092     4.9409    -0.0109    98.4896 1.0000e-12  -73.88040 -118.72198  50.806950      89.85 1.6573e+03    870.492      20893  1030.3901  1030.3879     4.6722     0.0683     0.1183    34.4722    34.4696    7.98644         27 0.0000e+00
    577.000    570.242     0.2677  29.130811     0.2699  29.130817     4.8156     4.9342    -0.0118    98.4849 1.0000e-12  -73.88040 -118.72198  50.806963      88.43 1.6565e+03    871.620      20920  1030.3963  1030.3942     4.6720     0.0673     0.1168    34.4753    34.4728    7.98381         27 0.0000e+00
    578.000    571.228     0.2707  29.134415     0.2727  29.134325     4.8165     4.9275    -0.0106    98.4663 1.0000e-12  -73.88040 -118.72198  50.806976      98.78 1.6560e+03    872.693      20946  1030.4015  1030.3994     4.6711     0.0694     0.1183    34.4760    34.4736    7.98314         25 0.0000e+00
    579.000    572.216     0.2766  29.141212     0.2793  29.141784     4.7867     4.9310    -0.0105    98.4799 1.0000e-12  -73.88040 -118.72198  50.806988      99.88 1.6570e+03    873.745      20971  1030.4072  1030.4051     4.6717     0.0686     0.1193    34.4778    34.4755    7.98182         26 0.0000e+00
    580.000    573.203     0.2839  29.149558     0.2864  29.149739     4.7840     4.9193    -0.0103    98.4755 1.0000e-12  -73.88040 -118.72198  50.807001      99.29 1.6567e+03    874.861      20998  1030.4131  1030.4109     4.6716     0.0698     0.1168    34.4799    34.4774    7.98018         28 0.0000e+00
    581.000    574.190     0.2980  29.165240     0.3002  29.165305     4.7974     4.9237    -0.0163    98.4848 1.0000e-12  -73.88040 -118.72198  50.807014      98.90 1.6553e+03    876.035      21026  1030.4200  1030.4180     4.6720     0.0691     0.1163    34.4842    34.4818    7.97703         27 0.0000e+00
    582.000    575.177     0.3082  29.176541     0.3106  29.177164     4.7799     4.9158    -0.0043    98.4585 1.0000e-12  -73.88040 -118.72198  50.807027      98.84 1.6557e+03    877.146      21053  1030.4262  1030.4244     4.6707     0.0692     0.1174    34.4871    34.4851    7.97476         26 0.0000e+00
    583.000    576.164     0.3105  29.179957     0.3078  29.174448     4.7745     4.9098    -0.0158    98.4792 1.0000e-12  -73.88040 -118.72198  50.807040      97.34 1.6557e+03    878.225      21078  1030.4318  1030.4289     4.6717     0.0691     0.1156    34.4883    34.4841    7.97420         26 0.0000e+00
    584.000    577.148     0.3369  29.207952     0.3397  29.208016     4.7707     4.9069    -0.0040    98.4818 1.0000e-12  -73.88040 -118.72198  50.807052      96.60 1.6568e+03    879.334      21105  1030.4394  1030.4368     4.6718     0.0689     0.1172    34.4949    34.4919    7.96838         28 0.0000e+00
    585.000    578.138     0.3343  29.205130     0.3403  29.209710     4.7750     4.9011    -0.0012    98.4726 1.0000e-12  -73.88040 -118.72198  50.807066      95.29 1.6583e+03    880.483      21133  1030.4435  1030.4424     4.6714     0.0680     0.1165    34.4935    34.4928    7.96899         27 0.0000e+00
    586.000    579.125     0.3464  29.217959     0.3431  29.211873     4.7723     4.8991    -0.0012    98.4951 1.0000e-12  -73.88040 -118.72198  50.807080      93.90 1.6574e+03    881.675      21161  1030.4494  1030.4464     4.6725     0.0698     0.1173    34.4962    34.4920    7.96634         29 0.0000e+00
    587.000    580.111     0.3471  29.219387     0.3510  29.220706     4.7751     4.8962    -0.0094    98.4892 1.0000e-12  -73.88040 -118.72198  50.807093      92.76 1.6559e+03    882.812      21188  1030.4547  1030.4523     4.6722     0.0705     0.1171    34.4968    34.4941    7.96617         26 0.0000e+00
    588.000    581.099     0.3528  29.225550     0.3572  29.228060     4.7753     4.8939    -0.0095    98.4903 1.0000e-12  -73.88040 -118.72198  50.807105      92.13 1.6560e+03    883.853      21213  1030.4599  1030.4582     4.6723     0.0687     0.1186    34.4979    34.4962    7.96493         24 0.0000e+00
    589.000    582.083     0.3586  29.231833     0.3612  29.232472     4.7549     4.8923    -0.0027    98.4922 1.0000e-12  -73.88040 -118.72198  50.807117      91.38 1.6564e+03    884.895      21238  1030.4652  1030.4633     4.6723     0.0694     0.1179    34.4991    34.4969    7.96367         26 0.0000e+00
    590.000    583.073     0.3598  29.233593     0.3611  29.232516     4.7610     4.8924    -0.0160    98.4994 1.0000e-12  -73.88040 -118.72198  50.807130      90.79 1.6562e+03    886.040      21266  1030.4703  1030.4679     4.6727     0.0680     0.1188    34.4995    34.4966    7.96341         29 0.0000e+00
    591.000    584.058     0.3568  29.230660     0.3593  29.231040     4.7725     4.8979    -0.0161    98.5021 1.0000e-12  -73.88040 -118.72198  50.807144      89.82 1.6567e+03    887.214      21294  1030.4745  1030.4725     4.6728     0.0684     0.1181    34.4983    34.4960    7.96407         27 0.0000e+00
    592.000    585.045     0.3535  29.227250     0.3556  29.227683     4.7679     4.8950    -0.0099    98.4741 1.0000e-12  -73.88040 -118.72198  50.807157      88.63 1.6566e+03    888.323      21321  1030.4786  1030.4771     4.6715     0.0687     0.1165    34.4970    34.4953    7.96484         26 0.0000e+00
    593.000    586.032     0.3543  29.229298     0.3597  29.232476     4.7707     4.8885    -0.0103    98.4940 1.0000e-12  -73.88040 -118.72198  50.807169      87.05 1.6558e+03    889.382      21346  1030.4842  1030.4823     4.6724     0.0685     0.1169    34.4982    34.4963    7.96461         25 0.0000e+00
    594.000    587.020     0.3685  29.244432     0.3702  29.243854     4.7671     4.8885    -0.0016    98.4932 1.0000e-12  -73.88040 -118.72198  50.807181      86.43 1.6570e+03    890.427      21371  1030.4904  1030.4881     4.6723     0.0677     0.1195    34.5016    34.4989    7.96149         26 0.0000e+00
    595.000    588.005     0.3729  29.249133     0.3741  29.248124     4.7692     4.8907     0.0125    98.4857 1.0000e-12  -73.88040 -118.72198  50.807194      85.78 1.6566e+03    891.542      21398  1030.4952  1030.4931     4.6721     0.0677     0.1181    34.5022    34.4996    7.96054         28 0.0000e+00
    596.000    588.993     0.3695  29.245868     0.3709  29.245377     4.7698     4.8911    -0.0097    98.5041 1.0000e-12  -73.88040 -118.72198  50.807208      84.42 1.6571e+03    892.741      21427  1030.4996  1030.4977     4.6729     0.0681     0.1164    34.5012    34.4989    7.96131         28 0.0000e+00
    597.000    589.980     0.3705  29.247640     0.3726  29.247506     4.7605     4.8894    -0.0157    98.4940 1.0000e-12  -73.88040 -118.72198  50.807221      83.38 1.6567e+03    893.872      21454  1030.5047  1030.5026     4.6724     0.0687     0.1175    34.5017    34.4993    7.96106         26 0.0000e+00
    598.000    590.966     0.3766  29.254772     0.3774  29.253008     4.7609     4.8778    -0.0008    98.4897 1.0000e-12  -73.88040 -118.72198  50.807233      82.58 1.6567e+03    894.930      21479  1030.5105  1030.5079     4.6722     0.0680     0.1193    34.5038    34.5006    7.95970         25 0.0000e+00
    599.000    591.953     0.3834  29.261709     0.3864  29.262760     4.7599     4.8792    -0.0098    98.5021 1.0000e-12  -73.88040 -118.72198  50.807245      81.03 1.6566e+03    895.998      21505  1030.5153  1030.5135     4.6728     0.0676     0.1187    34.5046    34.5027    7.95825         27 0.0000e+00
    600.000    592.940     0.3902  29.269538     0.3942  29.271364     4.7538     4.8734    -0.0176    98.5051 1.0000e-12  -73.88040 -118.72198  50.807258      80.79 1.6571e+03    897.077      21531  1030.5210  1030.5190     4.6729     0.0677     0.1161    34.5066    34.5046    7.95672         25 0.0000e+00
    601.000    593.928     0.3963  29.276315     0.3994  29.277071     4.7440     4.8780    -0.0107    98.4945 1.0000e-12  -73.88040 -118.72198  50.807270      79.83 1.6571e+03    898.160      21557  1030.5264  1030.5242     4.6724     0.0684     0.1134    34.5082    34.5057    7.95539         27 0.0000e+00
    602.000    594.912     0.3986  29.278956     0.4010  29.279239     4.7566     4.8783    -0.0165    98.4745 1.0000e-12  -73.88040 -118.72198  50.807284      78.07 1.6571e+03    899.336      21585  1030.5312  1030.5292     4.6715     0.0659     0.1182    34.5084    34.5061    7.95489         29 0.0000e+00
    603.000    595.901     0.3990  29.279685     0.4013  29.279999     4.7567     4.8762    -0.0100    98.4865 1.0000e-12  -73.88040 -118.72198  50.807298      77.87 1.6566e+03    900.528      21614  1030.5360  1030.5341     4.6721     0.0678     0.1191    34.5084    34.5063    7.95482         28 0.0000e+00
    604.000    596.887     0.3988  29.279917     0.4009  29.280063     4.7507     4.8776    -0.0095    98.4913 1.0000e-12  -73.88040 -118.72198  50.807310      76.52 1.6570e+03    901.601      21639  1030.5408  1030.5389     4.6723     0.0673     0.1201    34.5084    34.5062    7.95487         24 0.0000e+00
    605.000    597.873     0.3981  29.279689     0.4004  29.280014     4.7508     4.8781    -0.0093    98.4909 1.0000e-12  -73.88040 -118.72198  50.807322      75.45 1.6571e+03    902.591      21663  1030.5455  1030.5435     4.6723     0.0664     0.1180    34.5083    34.5061    7.95501         23 0.0000e+00
    606.000    598.862     0.3989  29.280849     0.4015  29.281374     4.7527     4.8788    -0.0173    98.4880 1.0000e-12  -73.88040 -118.72198  50.807332      73.95 1.6563e+03    903.515      21685  1030.5502  1030.5483     4.6721     0.0662     0.1181    34.5083    34.5061    7.95484         22 0.0000e+00
    607.000    599.848     0.3993  29.281672     0.4017  29.282041     4.7654     4.8814    -0.0035    98.4865 1.0000e-12  -73.88040 -118.72198  50.807344      73.64 1.6570e+03    904.553      21710  1030.5550  1030.5530     4.6721     0.0659     0.1139    34.5083    34.5061    7.95476         28 0.0000e+00
    608.000    600.834     0.4000  29.282758     0.4021  29.282760     4.7499     4.8803    -0.0004    98.4852 1.0000e-12  -73.88040 -118.72197  50.807358      72.19 1.6569e+03    905.765      21739  1030.5597  1030.5577     4.6720     0.0675     0.1169    34.5084    34.5061    7.95461         29 0.0000e+00
    609.000    601.822     0.3991  29.282288     0.4016  29.282852     4.7524     4.8734    -0.0004    98.4983 1.0000e-12  -73.88040 -118.72197  50.807372      70.99 1.6557e+03    906.915      21767  1030.5644  1030.5625     4.6726     0.0655     0.1180    34.5083    34.5061    7.95482         26 0.0000e+00
    610.000    602.807     0.3990  29.282737     0.4017  29.283425     4.7599     4.8714    -0.0007    98.5011 1.0000e-12  -73.88040 -118.72198  50.807384      70.81 1.6555e+03    907.966      21792  1030.5692  1030.5673     4.6727     0.0659     0.1180    34.5083    34.5062    7.95482         25 0.0000e+00
    611.000    603.795     0.3997  29.283805     0.4019  29.283976     4.7674     4.8767    -0.0085    98.4932 1.0000e-12  -73.88040 -118.72198  50.807396      69.73 1.6560e+03    909.015      21817  1030.5739  1030.5719     4.6724     0.0663     0.1154    34.5084    34.5061    7.95468         26 0.0000e+00
    612.000    604.781     0.3996  29.284077     0.4020  29.284419     4.7607     4.8791    -0.0107    98.4906 1.0000e-12  -73.88040 -118.72198  50.807409      69.00 1.6553e+03    910.131      21844  1030.5785  1030.5765     4.6723     0.0659     0.1172    34.5082    34.5060    7.95470         27 0.0000e+00
    613.000    605.769     0.3986  29.283511     0.4006  29.283560     4.7484     4.8790    -0.0099    98.4878 1.0000e-12  -73.88040 -118.72198  50.807422      67.65 1.6564e+03    911.253      21871  1030.5832  1030.5813     4.6722     0.0672     0.1195    34.5080    34.5059    7.95492         27 0.0000e+00
    614.000    606.755     0.3972  29.261038     0.3996  29.282995     4.7562     4.8715    -0.0096    98.4878 1.0000e-12  -73.88040 -118.72198  50.807435      66.40 1.6554e+03    912.377      21898  1030.5673  1030.5859     4.6721     0.0662     0.1200    34.4798    34.5057    7.95679         27 0.0000e+00
    615.000    607.741     0.3979  29.283682     0.3998  29.283623     4.7441     4.8706    -0.0161    98.5020 1.0000e-12  -73.88040 -118.72198  50.807448      65.32 1.6545e+03    913.474      21924  1030.5906  1030.5907     4.6728     0.0670     0.1153    34.5078    34.5057    7.95507         26 0.0000e+00
    616.000    608.728     0.3980  29.284178     0.3993  29.283610     4.7620     4.8733    -0.0093    98.4967 1.0000e-12  -73.88040 -118.72198  50.807460      64.14 1.6547e+03    914.515      21949  1030.5972  1030.5953     4.6726     0.0644     0.1151    34.5078    34.5057    7.95506         24 0.0000e+00
    617.000    609.715     0.3954  29.281757     0.3981  29.282753     4.7626     4.8777    -0.0101    98.5049 1.0000e-12  -73.88040 -118.72198  50.807472      63.29 1.6564e+03    915.572      21975  1030.6015  1030.5999     4.6729     0.0646     0.1193    34.5070    34.5053    7.95564         27 0.0000e+00
    618.000    610.702     0.3909  29.277627     0.3932  29.277958     4.7621     4.8800    -0.0171    98.4948 1.0000e-12  -73.88040 -118.72198  50.807485      62.17 1.6535e+03    916.725      22002  1030.6058  1030.6040     4.6725     0.0631     0.1151    34.5060    34.5039    7.95661         28 0.0000e+00
    619.000    611.688     0.3913  29.278363     0.3937  29.278956     4.7487     4.8777    -0.0107    98.4849 1.0000e-12  -73.88040 -118.72198  50.807499      60.87 1.6553e+03    917.876      22030  1030.6105  1030.6087     4.6720     0.0660     0.1153    34.5060    34.5040    7.95654         27 0.0000e+00
    620.000    612.675     0.3899  29.277406     0.3918  29.277366     4.7574     4.8797    -0.0094    98.4981 1.0000e-12  -73.88040 -118.72198  50.807511      59.83 1.6556e+03    918.978      22056  1030.6151  1030.6132     4.6726     0.0650     0.1152    34.5058    34.5036    7.95685         26 0.0000e+00
    621.000    613.662     0.3948  29.283180     0.3959  29.282150     4.7642     4.8816    -0.0006    98.4969 1.0000e-12  -73.88040 -118.72198  50.807524      59.10 1.6555e+03    920.049      22082  1030.6205  1030.6183     4.6726     0.0661     0.1172    34.5072    34.5046    7.95575         25 0.0000e+00
    622.000    614.648     0.3922  29.280600     0.3943  29.281030     4.7575     4.8809    -0.0095    98.4886 1.0000e-12  -73.88040 -118.72198  50.807536      58.00 1.6545e+03    921.091      22107  1030.6245  1030.6230     4.6721     0.0641     0.1165    34.5061    34.5044    7.95634         25 0.0000e+00
    623.000    615.636     0.3889  29.277640     0.3914  29.278441     4.7568     4.8816    -0.0158    98.5058 1.0000e-12  -73.88040 -118.72198  50.807548      57.08 1.6548e+03    922.131      22132  1030.6290  1030.6273     4.6730     0.0648     0.1171    34.5054    34.5036    7.95706         26 0.0000e+00
