ocean_section_plots/required_files/ctd/dnbp2202_ctd082.cnv
* Sea-Bird SBE 9 Data File:
* FileName = D:\Data\raw\NBP2202_CTD082.hex
* Software Version Seasave V 7.26.7.121
* Temperature SN = 1649
* Conductivity SN = 2513
* Number of Bytes Per Scan = 40
* Number of Voltage Words = 5
* Number of Scans Averaged by the Deck Unit = 1
* NMEA Latitude = 74 10.51 S
* NMEA Longitude = 113 20.67 W
* NMEA UTC (Time) = Jan 26 2022  18:05:57
* NMEA baud rate = 9600
** Ship: RVIB N.B. Palmer
** Cruise: NBP2202 Thwaites
** Station: YoYo001
** Operator: A. Robinson
# nquan = 25
# nvalues = 607                         
# units = specified
# name 0 = prDM: Pressure, Digiquartz [db]
# name 1 = depSM: Depth [salt water, m]
# name 2 = t090C: Temperature [ITS-90, deg C]
# name 3 = c0mS/cm: Conductivity [mS/cm]
# name 4 = t190C: Temperature, 2 [ITS-90, deg C]
# name 5 = c1mS/cm: Conductivity, 2 [mS/cm]
# name 6 = sbeox0ML/L: Oxygen, SBE 43 [ml/l]
# name 7 = sbeox1ML/L: Oxygen, SBE 43, 2 [ml/l]
# name 8 = flECO-AFL: Fluorescence, WET Labs ECO-AFL/FL [mg/m^3]
# name 9 = CStarTr0: Beam Transmission, WET Labs C-Star [%]
# name 10 = par: PAR/Irradiance, Biospherical/Licor
# name 11 = latitude: Latitude [deg]
# name 12 = longitude: Longitude [deg]
# name 13 = timeJ: Julian Days
# name 14 = altM: Altimeter [m]
# name 15 = spar: SPAR, Biospherical/Licor
# name 16 = timeS: Time, Elapsed [seconds]
# name 17 = scan: Scan Count
# name 18 = density00: Density [density, kg/m^3]
# name 19 = density11: Density, 2 [density, kg/m^3]
# name 20 = sal00: Salinity, Practical [PSU]
# name 21 = sal11: Salinity, Practical, 2 [PSU]
# name 22 = oxsolML/L: Oxygen Saturation, Garcia & Gordon [ml/l]
# name 23 = nbin: number of scans per bin
# name 24 = flag: flag
# span 0 =     10.000,    616.000       
# span 1 =      9.893,    608.728       
# span 2 =    -1.5755,     0.0813       
# span 3 =  26.951669,  28.914476       
# span 4 =    -1.5750,     0.0839       
# span 5 =  26.951507,  28.915005       
# span 6 =     4.6993,     8.6288       
# span 7 =     4.7820,     8.5272       
# span 8 =    -0.0225,    26.3556       
# span 9 =    70.0690,    95.7542       
# span 10 = -1.276e-05, 5.0333e+01      
# span 11 =  -74.17530,  -74.17528      
# span 12 = -113.34460, -113.34456      
# span 13 =  26.754552,  26.764194      
# span 14 =       4.54,      99.99      
# span 15 = 1.2851e+03, 1.5299e+03      
# span 16 =     36.288,    869.344      
# span 17 =        872,      20865      
# span 18 =  1027.2249,  1030.5160      
# span 19 =  1027.2234,  1030.5138      
# span 20 =    33.7930,    34.3775      
# span 21 =    33.7911,    34.3750      
# span 22 =    8.02812,    8.41302      
# span 23 =         15,         44      
# span 24 = 0.0000e+00, 0.0000e+00      
# interval = decibars: 1                
# start_time = Jan 26 2022 18:05:57 [NMEA time, header]
# bad_flag = -9.990e-29
*END*
[from data line 116]
    126.000    124.658    -1.4914  27.004642    -1.4902  27.004269     5.5816     5.6907     0.0192    95.4582 1.0000e-12  -74.17528 -113.34460  26.756647      99.86 1.4085e+03    217.264       5215  1027.8592  1027.8576    33.8690    33.8671    8.39951         28 0.0000e+00
    127.000    125.647    -1.4900  27.007690    -1.4884  27.007787     5.5863     5.6915    -0.0001    95.5151 1.0000e-12  -74.17528 -113.34458  26.756660      99.87 1.4074e+03    218.419       5243  1027.8655  1027.8641    33.8710    33.8693    8.39908         28 0.0000e+00
    128.000    126.635    -1.4881  27.011033    -1.4869  27.010750     5.5846     5.6923     0.0570    95.4839 1.0000e-12  -74.17528 -113.34459  26.756674      99.87 1.4067e+03    219.601       5271  1027.8717  1027.8702    33.8728    33.8710    8.39853         28 0.0000e+00
    129.000    127.626    -1.4886  27.010776    -1.4873  27.010358     5.5917     5.6917     0.1403    95.4367 1.0000e-12  -74.17528 -113.34459  26.756687      99.86 1.4049e+03    220.777       5300  1027.8762  1027.8745    33.8724    33.8704    8.39868         28 0.0000e+00
    130.000    128.613    -1.4880  27.012485    -1.4869  27.012071     5.5925     5.6957    -0.0040    95.5172 1.0000e-12  -74.17528 -113.34459  26.756701      99.87 1.4037e+03    221.950       5328  1027.8819  1027.8804    33.8734    33.8717    8.39848         29 0.0000e+00
    131.000    129.604    -1.4882  27.013378    -1.4872  27.013002     5.5971     5.7022     0.0122    95.4661 1.0000e-12  -74.17528 -113.34460  26.756714      99.87 1.4034e+03    223.130       5356  1027.8874  1027.8860    33.8743    33.8726    8.39848         28 0.0000e+00
    132.000    130.591    -1.4885  27.014108    -1.4873  27.013722     5.6005     5.7119    -0.0004    95.4694 1.0000e-12  -74.17528 -113.34458  26.756728      87.19 1.4033e+03    224.295       5384  1027.8928  1027.8912    33.8750    33.8731    8.39850         27 0.0000e+00
    133.000    131.582    -1.4888  27.014544    -1.4877  27.014178     5.6109     5.7192    -0.0044    95.5267 1.0000e-12  -74.17528 -113.34458  26.756741      99.86 1.4034e+03    225.449       5412  1027.8979  1027.8964    33.8753    33.8735    8.39855         28 0.0000e+00
    134.000    132.569    -1.4893  27.015048    -1.4884  27.014604     5.6260     5.7320    -0.0125    95.5267 1.0000e-12  -74.17528 -113.34458  26.756755      99.87 1.4050e+03    226.624       5440  1027.9032  1027.9019    33.8759    33.8743    8.39862         29 0.0000e+00
    135.000    133.560    -1.4917  27.014732    -1.4907  27.014324     5.6408     5.7477    -0.0012    95.5342 1.0000e-12  -74.17528 -113.34458  26.756768      99.87 1.4063e+03    227.792       5468  1027.9095  1027.9081    33.8776    33.8759    8.39906         27 0.0000e+00
    136.000    134.548    -1.4945  27.014022    -1.4934  27.013719     5.6457     5.7547     0.0009    95.5400 1.0000e-12  -74.17528 -113.34458  26.756782      99.87 1.4069e+03    228.948       5496  1027.9158  1027.9143    33.8793    33.8775    8.39961         29 0.0000e+00
    137.000    135.539    -1.4959  27.013610    -1.4947  27.013208     5.6483     5.7580     0.0011    95.5327 1.0000e-12  -74.17528 -113.34458  26.756795      99.86 1.4081e+03    230.119       5524  1027.9210  1027.9195    33.8796    33.8777    8.39989         25 0.0000e+00
    138.000    136.525    -1.4958  27.014166    -1.4946  27.013764     5.6494     5.7578     0.0036    95.5121 1.0000e-12  -74.17528 -113.34458  26.756809      99.86 1.4088e+03    231.286       5552  1027.9258  1027.9242    33.8796    33.8777    8.39987         28 0.0000e+00
    139.000    137.516    -1.4958  27.014736    -1.4947  27.014335     5.6589     5.7647     0.0045    95.5430 1.0000e-12  -74.17528 -113.34458  26.756822      99.87 1.4102e+03    232.424       5579  1027.9307  1027.9292    33.8798    33.8779    8.39986         27 0.0000e+00
    140.000    138.504    -1.4961  27.014979    -1.4953  27.014398     5.6788     5.7783     0.0079    95.4835 1.0000e-12  -74.17528 -113.34458  26.756835      99.87 1.4116e+03    233.578       5607  1027.9355  1027.9342    33.8798    33.8781    8.39992         29 0.0000e+00
    141.000    139.494    -1.4995  27.013436    -1.4984  27.013142     5.6950     5.8002     0.0186    95.4637 1.0000e-12  -74.17528 -113.34458  26.756849      99.87 1.4125e+03    234.748       5635  1027.9414  1027.9400    33.8809    33.8793    8.40063         27 0.0000e+00
    142.000    140.481    -1.5016  27.012422    -1.5008  27.011942     5.7037     5.8076     0.0107    95.5381 1.0000e-12  -74.17528 -113.34458  26.756862      99.87 1.4139e+03    235.909       5663  1027.9467  1027.9453    33.8813    33.8797    8.40109         28 0.0000e+00
    143.000    141.472    -1.5025  27.012632    -1.5015  27.012149     5.7039     5.8189     0.0262    95.5363 1.0000e-12  -74.17528 -113.34458  26.756876      99.87 1.4152e+03    237.074       5691  1027.9520  1027.9505    33.8820    33.8802    8.40125         28 0.0000e+00
    144.000    142.460    -1.4965  27.021671    -1.4950  27.021282     5.7078     5.8267     0.0302    95.5159 1.0000e-12  -74.17528 -113.34458  26.756889      85.92 1.4161e+03    238.239       5719  1027.9605  1027.9586    33.8870    33.8848    8.39959         28 0.0000e+00
    145.000    143.448    -1.4981  27.021508    -1.4970  27.021188     5.7151     5.8241     0.0461    95.5179 1.0000e-12  -74.17528 -113.34458  26.756903      99.81 1.4173e+03    239.391       5746  1027.9662  1027.9648    33.8880    33.8863    8.39990         28 0.0000e+00
    146.000    144.438    -1.4985  27.022104    -1.4972  27.021839     5.7162     5.8276     0.0313    95.5105 1.0000e-12  -74.17528 -113.34459  26.756916      99.87 1.4175e+03    240.561       5774  1027.9715  1027.9700    33.8886    33.8868    8.39994         28 0.0000e+00
    147.000    145.427    -1.4988  27.022332    -1.4975  27.022141     5.7137     5.8259     0.0408    95.5254 1.0000e-12  -74.17528 -113.34459  26.756930      99.86 1.4186e+03    241.739       5803  1027.9763  1027.9749    33.8886    33.8869    8.40000         28 0.0000e+00
    148.000    146.416    -1.5001  27.021836    -1.4993  27.021410     5.7185     5.8261     0.0636    95.4960 1.0000e-12  -74.17528 -113.34459  26.756943      99.87 1.4191e+03    242.890       5830  1027.9814  1027.9801    33.8889    33.8873    8.40030         28 0.0000e+00
    149.000    147.404    -1.5009  27.021911    -1.4998  27.021500     5.7162     5.8258     0.1015    95.4403 1.0000e-12  -74.17529 -113.34459  26.756956      99.87 1.4191e+03    244.031       5858  1027.9865  1027.9850    33.8892    33.8874    8.40045         27 0.0000e+00
    150.000    148.395    -1.5010  27.022304    -1.5001  27.021881     5.7150     5.8234     0.0215    95.4287 1.0000e-12  -74.17530 -113.34460  26.756970      99.87 1.4191e+03    245.188       5886  1027.9913  1027.9900    33.8892    33.8876    8.40047         28 0.0000e+00
    151.000    149.382    -1.5022  27.022408    -1.5012  27.021947     5.7147     5.8296     0.0419    95.3969 1.0000e-12  -74.17530 -113.34458  26.756983      99.86 1.4188e+03    246.333       5913  1027.9969  1027.9954    33.8902    33.8883    8.40069         27 0.0000e+00
    152.000    150.373    -1.5043  27.021657    -1.5030  27.021461     5.7250     5.8444     0.0326    95.4112 1.0000e-12  -74.17530 -113.34459  26.756996      99.87 1.4155e+03    247.478       5940  1028.0024  1028.0009    33.8908    33.8891    8.40111         28 0.0000e+00
    153.000    151.359    -1.5105  27.018317    -1.5096  27.017790     5.7438     5.8603     0.0453    95.3381 1.0000e-12  -74.17530 -113.34459  26.757010      99.86 1.4097e+03    248.639       5968  1028.0090  1028.0076    33.8926    33.8910    8.40241         28 0.0000e+00
    154.000    152.349    -1.5120  27.018949    -1.5109  27.018698     5.7798     5.8876     0.0223    95.4288 1.0000e-12  -74.17530 -113.34459  26.757023      99.11 1.4040e+03    249.786       5996  1028.0155  1028.0142    33.8946    33.8930    8.40263         27 0.0000e+00
    155.000    153.338    -1.5108  27.024595    -1.5095  27.024110     5.8130     5.9208     0.0262    95.5080 1.0000e-12  -74.17530 -113.34459  26.757036      82.32 1.4001e+03    250.924       6023  1028.0249  1028.0231    33.9004    33.8983    8.40201         27 0.0000e+00
    156.000    154.327    -1.5112  27.028648    -1.5104  27.028406     5.9027     5.9999     0.0174    95.5069 1.0000e-12  -74.17530 -113.34459  26.757049      97.44 1.3967e+03    252.059       6050  1028.0341  1028.0330    33.9059    33.9046    8.40179         28 0.0000e+00
    157.000    155.317    -1.5159  27.029387    -1.5155  27.028767     6.0300     6.1109     0.0071    95.5043 1.0000e-12  -74.17530 -113.34460  26.757062      99.82 1.3944e+03    253.165       6077  1028.0438  1028.0427    33.9116    33.9103    8.40250         26 0.0000e+00
    158.000    156.305    -1.5414  27.024290    -1.5412  27.023198     6.1002     6.1685     0.0118    95.5641 1.0000e-12  -74.17528 -113.34458  26.757075      99.86 1.3924e+03    254.281       6104  1028.0674  1028.0661    33.9329    33.9312    8.40699         27 0.0000e+00
    159.000    157.294    -1.5423  27.035338    -1.5414  27.034618     6.1008     6.1879     0.1156    95.5192 1.0000e-12  -74.17528 -113.34460  26.757088      99.87 1.3906e+03    255.409       6131  1028.0849  1028.0832    33.9486    33.9466    8.40626         27 0.0000e+00
    160.000    158.283    -1.5331  27.045612    -1.5309  27.045820     6.1103     6.2063     0.0908    95.5275 1.0000e-12  -74.17528 -113.34459  26.757101      99.87 1.3894e+03    256.541       6158  1028.0914  1028.0896    33.9517    33.9495    8.40399         27 0.0000e+00
    161.000    159.271    -1.5354  27.045270    -1.5373  27.043194     6.1267     6.2276     0.0426    95.4749 1.0000e-12  -74.17528 -113.34459  26.757114      99.87 1.3877e+03    257.670       6185  1028.0976  1028.0971    33.9532    33.9525    8.40442         27 0.0000e+00
    162.000    160.261    -1.5475  27.036678    -1.5471  27.036188     6.1499     6.2433     0.0335    95.5000 1.0000e-12  -74.17528 -113.34459  26.757127      97.77 1.3872e+03    258.797       6212  1028.1041  1028.1032    33.9545    33.9534    8.40708         27 0.0000e+00
    163.000    161.249    -1.5542  27.031819    -1.5488  27.034597     6.1595     6.2617     0.0526    95.5489 1.0000e-12  -74.17528 -113.34459  26.757140      58.09 1.3856e+03    259.925       6239  1028.1095  1028.1073    33.9548    33.9525    8.40858         27 0.0000e+00
    164.000    162.239    -1.5641  27.025489    -1.5613  27.026158     6.1641     6.2739     0.0746    95.5693 1.0000e-12  -74.17528 -113.34459  26.757153      99.50 1.3848e+03    261.032       6266  1028.1163  1028.1143    33.9567    33.9544    8.41071         27 0.0000e+00
    165.000    163.228    -1.5644  27.026155    -1.5634  27.025455     6.1686     6.2814     0.0801    95.5469 1.0000e-12  -74.17528 -113.34458  26.757166      99.87 1.3839e+03    262.151       6293  1028.1215  1028.1198    33.9574    33.9553    8.41074         27 0.0000e+00
    166.000    164.216    -1.5649  27.026318    -1.5636  27.026086     6.1777     6.2928     0.0859    95.5333 1.0000e-12  -74.17528 -113.34460  26.757179      99.50 1.3837e+03    263.286       6320  1028.1264  1028.1248    33.9575    33.9557    8.41085         27 0.0000e+00
    167.000    165.205    -1.5685  27.025175    -1.5658  27.025886     6.1828     6.3091     0.0816    95.5927 1.0000e-12  -74.17528 -113.34458  26.757192      89.28 1.3824e+03    264.404       6347  1028.1328  1028.1310    33.9594    33.9574    8.41155         27 0.0000e+00
    168.000    166.193    -1.5722  27.023732    -1.5729  27.021959     6.1887     6.3123     0.0733    95.5830 1.0000e-12  -74.17528 -113.34458  26.757205      99.67 1.3821e+03    265.520       6373  1028.1390  1028.1377    33.9610    33.9593    8.41228         27 0.0000e+00
    169.000    167.183    -1.5755  27.021603    -1.5750  27.020886     6.1903     6.3194     0.0408    95.5631 1.0000e-12  -74.17528 -113.34459  26.757218      99.87 1.3807e+03    266.650       6401  1028.1440  1028.1428    33.9612    33.9596    8.41302         27 0.0000e+00
    170.000    168.172    -1.5754  27.022168    -1.5731  27.022929     6.1849     6.3077     0.0504    95.5797 1.0000e-12  -74.17528 -113.34460  26.757231      99.86 1.3803e+03    267.772       6428  1028.1488  1028.1475    33.9613    33.9597    8.41300         27 0.0000e+00
    171.000    169.160    -1.5750  27.023121    -1.5737  27.022972     6.1780     6.3050     0.0912    95.4795 1.0000e-12  -74.17528 -113.34460  26.757244      99.87 1.3803e+03    268.899       6455  1028.1536  1028.1522    33.9614    33.9597    8.41288         27 0.0000e+00
    172.000    170.149    -1.5708  27.027656    -1.5693  27.027705     6.1748     6.3027     0.1159    95.5483 1.0000e-12  -74.17528 -113.34460  26.757257      99.87 1.3803e+03    270.039       6482  1028.1589  1028.1575    33.9623    33.9607    8.41189         27 0.0000e+00
    173.000    171.138    -1.5720  27.026873    -1.5712  27.026588     6.1756     6.3071     0.0887    95.5865 1.0000e-12  -74.17528 -113.34460  26.757270      99.87 1.3788e+03    271.162       6509  1028.1634  1028.1623    33.9620    33.9607    8.41218         27 0.0000e+00
    174.000    172.127    -1.5724  27.027125    -1.5710  27.027303     6.1774     6.3067     0.1699    95.5085 1.0000e-12  -74.17528 -113.34460  26.757283      99.86 1.3786e+03    272.280       6536  1028.1684  1028.1672    33.9622    33.9608    8.41227         26 0.0000e+00
    175.000    173.114    -1.5700  27.030454    -1.5687  27.030481     6.1689     6.3024     0.1236    95.5383 1.0000e-12  -74.17528 -113.34460  26.757296      99.87 1.3786e+03    273.401       6563  1028.1739  1028.1727    33.9634    33.9619    8.41164         28 0.0000e+00
    176.000    174.105    -1.5687  27.032619    -1.5674  27.032640     6.1735     6.3027     0.1080    95.5017 1.0000e-12  -74.17528 -113.34460  26.757309      99.87 1.3786e+03    274.508       6589  1028.1793  1028.1781    33.9642    33.9628    8.41129         26 0.0000e+00
    177.000    175.093    -1.5670  27.034921    -1.5660  27.034655     6.1626     6.3011     0.0789    95.5477 1.0000e-12  -74.17528 -113.34460  26.757322      99.87 1.3786e+03    275.602       6615  1028.1846  1028.1833    33.9649    33.9634    8.41087         26 0.0000e+00
    178.000    176.082    -1.5659  27.037889    -1.5652  27.036959     6.1488     6.2868     0.2348    95.5738 1.0000e-12  -74.17528 -113.34460  26.757334      87.81 1.3786e+03    276.698       6642  1028.1911  1028.1894    33.9671    33.9651    8.41049         26 0.0000e+00
    179.000    177.071    -1.5567  27.047958    -1.5570  27.045655     6.1300     6.2622     0.0369    95.5999 1.0000e-12  -74.17528 -113.34460  26.757347      96.03 1.3786e+03    277.786       6668  1028.1976  1028.1953    33.9700    33.9671    8.40825         27 0.0000e+00
    180.000    178.061    -1.5370  27.067483    -1.5333  27.069091     6.1182     6.2497     0.0368    95.5260 1.0000e-12  -74.17528 -113.34460  26.757360      99.82 1.3786e+03    278.882       6694  1028.2044  1028.2026    33.9739    33.9719    8.40355         26 0.0000e+00
    181.000    179.047    -1.5281  27.076085    -1.5275  27.075159     6.1042     6.2329     0.0501    95.5933 1.0000e-12  -74.17528 -113.34460  26.757373      99.87 1.3784e+03    279.999       6721  1028.2097  1028.2081    33.9750    33.9731    8.40148         27 0.0000e+00
    182.000    180.038    -1.5181  27.085844    -1.5174  27.084787     6.1017     6.2282     0.0354    95.6057 1.0000e-12  -74.17528 -113.34460  26.757386      99.87 1.3777e+03    281.121       6748  1028.2152  1028.2133    33.9765    33.9742    8.39913         27 0.0000e+00
