ocean_section_plots/required_files/ctd/dnbp2202_ctd180.cnv
* Sea-Bird SBE 9 Data File:
* FileName = D:\Data\raw\NBP2202_CTD180.hex
* Software Version Seasave V 7.26.7.121
* Temperature SN = 1649
* Conductivity SN = 2513
* Number of Bytes Per Scan = 40
* Number of Voltage Words = 5
* Number of Scans Averaged by the Deck Unit = 1
* NMEA Latitude = 74 06.95 S
* NMEA Longitude = 111 24.01 W
* NMEA UTC (Time) = Feb 04 2022  00:45:51
* NMEA baud rate = 9600
** Ship: RVIB N.B. Palmer
** Cruise: NBP2202 Thwaites
** Station: 102
** Operator: A. Robinson
# nquan = 28
# nvalues = 273                         
# units = specified
# name 0 = prDM: Pressure, Digiquartz [db]
# name 1 = depSM: Depth [salt water, m]
# name 2 = t090C: Temperature [ITS-90, deg C]
# name 3 = c0mS/cm: Conductivity [mS/cm]
# name 4 = t190C: Temperature, 2 [ITS-90, deg C]
# name 5 = c1mS/cm: Conductivity, 2 [mS/cm]
# name 6 = sbeox0ML/L: Oxygen, SBE 43 [ml/l]
# name 7 = sbeox1ML/L: Oxygen, SBE 43, 2 [ml/l]
# name 8 = flECO-AFL: Fluorescence, WET Labs ECO-AFL/FL [mg/m^3]
# name 9 = CStarTr0: Beam Transmission, WET Labs C-Star [%]
# name 10 = par: PAR/Irradiance, Biospherical/Licor
# name 11 = latitude: Latitude [deg]
# name 12 = longitude: Longitude [deg]
# name 13 = timeJ: Julian Days
# name 14 = altM: Altimeter [m]
# name 15 = spar: SPAR, Biospherical/Licor
# name 16 = timeS: Time, Elapsed [seconds]
# name 17 = scan: Scan Count
# name 18 = density00: Density [density, kg/m^3]
# name 19 = density11: Density, 2 [density, kg/m^3]
# name 20 = v3: Voltage 3
# name 21 = v4: Voltage 4
# name 22 = v5: Voltage 5
# name 23 = sal00: Salinity, Practical [PSU]
# name 24 = sal11: Salinity, Practical, 2 [PSU]
# name 25 = oxsolML/L: Oxygen Saturation, Garcia & Gordon [ml/l]
# name 26 = nbin: number of scans per bin
# name 27 = flag: flag
# span 0 =      2.000,    274.000       
# span 1 =      1.975,    270.994       
# span 2 =    -1.5611,    -1.0829       
# span 3 =  27.016494,  27.294061       
# span 4 =    -1.5612,    -1.0833       
# span 5 =  27.016471,  27.293711       
# span 6 =     6.0758,     7.5198       
# span 7 =     6.2071,     7.7021       
# span 8 =     0.0280,     8.5187       
# span 9 =    83.6769,    98.5039       
# span 10 = 1.0000e-12, 7.6213e+02      
# span 11 =  -74.11596,  -74.11550      
# span 12 = -111.40189, -111.40015      
# span 13 =  35.035302,  35.040572      
# span 14 =       5.49,     100.10      
# span 15 = 1.5038e+03, 1.5185e+03      
# span 16 =    299.073,    754.437      
# span 17 =       7179,      18107      
# span 18 =  1027.1937,  1028.7007      
# span 19 =  1027.1959,  1028.6990      
# span 20 =     3.9698,     4.6729      
# span 21 =     0.0707,     1.5153      
# span 22 =     0.1154,     0.1704      
# span 23 =    33.7956,    34.0372      
# span 24 =    33.7980,    34.0352      
# span 25 =    8.31223,    8.40971      
# span 26 =         22,         45      
# span 27 = 0.0000e+00, 0.0000e+00      
# interval = decibars: 1                
# start_time = Feb 04 2022 00:45:51 [NMEA time, header]
# bad_flag = -9.990e-29
*END*
      2.000      1.975    -1.1013  27.219057    -1.1017  27.220701     7.3669     7.0855     4.3088    86.3598 7.6213e+02  -74.11596 -111.40018  35.035302       7.29 1.5184e+03    299.073       7179  1027.1937  1027.1959     4.0981     0.5795     0.1527    33.7996    33.8024    8.31626         22 0.0000e+00
      3.000      2.971    -1.1051  27.216720    -1.1070  27.216969     7.3581     7.0845     2.9615    85.8797 6.0470e+02  -74.11596 -111.40018  35.035415      73.21 1.5161e+03    308.886       7414  1027.1991  1027.2013     4.0741     0.5986     0.1517    33.8002    33.8026    8.31709         36 0.0000e+00
      4.000      3.961    -1.1086  27.214203    -1.1108  27.214187     7.3663     7.1234     2.3702    86.4595 4.6089e+02  -74.11596 -111.40018  35.035445      63.70 1.5185e+03    311.460       7476  1027.2040  1027.2061     4.1018     0.4612     0.1459    33.8000    33.8025    8.31787         40 0.0000e+00
      5.000      4.946    -1.0993  27.222732    -1.1100  27.214950     7.3580     7.1825     2.1992    85.9287 3.9440e+02  -74.11596 -111.40018  35.035474      71.52 1.5183e+03    313.914       7535  1027.2087  1027.2105     4.0766     0.4844     0.1492    33.8006    33.8020    8.31577         38 0.0000e+00
      6.000      5.940    -1.0829  27.235546    -1.0833  27.237357     7.3388     7.2407     2.8631    85.8564 2.7896e+02  -74.11596 -111.40018  35.035495      99.55 1.5179e+03    315.736       7579  1027.2113  1027.2135     4.0732     0.5035     0.1504    33.7990    33.8018    8.31223         39 0.0000e+00
      7.000      6.928    -1.1166  27.206002    -1.1199  27.205327     7.3356     7.3162     3.0211    85.4020 2.1562e+02  -74.11596 -111.40018  35.035516      99.78 1.5174e+03    317.568       7623  1027.2157  1027.2182     4.0516     0.5375     0.1467    33.7959    33.7987    8.31988         40 0.0000e+00
      8.000      7.917    -1.1252  27.199104    -1.1272  27.199231     7.3395     7.3766     2.9136    86.3692 1.6793e+02  -74.11596 -111.40018  35.035537      99.77 1.5183e+03    319.395       7666  1027.2207  1027.2227     4.0974     0.5803     0.1548    33.7956    33.7980    8.32182         42 0.0000e+00
      9.000      8.907    -1.1258  27.199243    -1.1276  27.199484     7.3314     7.4238     3.1719    86.5454 1.3349e+02  -74.11596 -111.40018  35.035558      99.79 1.5183e+03    321.198       7710  1027.2256  1027.2276     4.1058     0.5031     0.1490    33.7958    33.7983    8.32194         43 0.0000e+00
     10.000      9.897    -1.1251  27.200325    -1.1278  27.199660     7.3300     7.4554     3.4388    85.9821 1.1246e+02  -74.11596 -111.40017  35.035579      99.79 1.5178e+03    323.010       7753  1027.2303  1027.2321     4.0790     0.5332     0.1479    33.7959    33.7980    8.32178         34 0.0000e+00
     11.000     10.885    -1.1246  27.201598    -1.1263  27.201849     7.3464     7.4925     3.9215    86.3051 9.6907e+01  -74.11596 -111.40017  35.035600      99.78 1.5174e+03    324.828       7797  1027.2354  1027.2373     4.0947     0.6027     0.1504    33.7964    33.7987    8.32163         39 0.0000e+00
     12.000     11.875    -1.1211  27.206485    -1.1214  27.208233     7.3780     7.5370     4.2448    86.8456 7.8143e+01  -74.11596 -111.40017  35.035621      99.67 1.5164e+03    326.633       7840  1027.2417  1027.2438     4.1200     0.8676     0.1532    33.7985    33.8013    8.32073         41 0.0000e+00
     13.000     12.865    -1.1138  27.214976    -1.1159  27.214550     7.3824     7.5527     5.5056    87.0303 6.3819e+01  -74.11596 -111.40017  35.035642      99.71 1.5165e+03    328.450       7884  1027.2482  1027.2498     4.1287     0.7906     0.1516    33.8013    33.8031    8.31894         40 0.0000e+00
     14.000     13.855    -1.1157  27.213158    -1.1175  27.213144     7.3597     7.5433     6.0080    87.0636 5.1894e+01  -74.11596 -111.40016  35.035663      99.64 1.5161e+03    330.276       7928  1027.2524  1027.2542     4.1303     1.0098     0.1533    33.8003    33.8024    8.31943         40 0.0000e+00
     15.000     14.846    -1.1168  27.212354    -1.1181  27.212963     7.3434     7.5314     5.9941    86.4263 4.3132e+01  -74.11596 -111.40016  35.035684      99.72 1.5161e+03    332.109       7972  1027.2569  1027.2588     4.1003     0.7947     0.1535    33.7999    33.8022    8.31970         36 0.0000e+00
     16.000     15.834    -1.1170  27.212700    -1.1189  27.212604     7.4019     7.5608     6.3072    86.1870 3.5955e+01  -74.11596 -111.40016  35.035705      99.59 1.5157e+03    333.935       8015  1027.2618  1027.2635     4.0888     1.1261     0.1492    33.7999    33.8020    8.31974         44 0.0000e+00
     17.000     16.823    -1.1122  27.218829    -1.1159  27.216270     7.4974     7.6452     6.1406    86.1858 3.0041e+01  -74.11596 -111.40016  35.035726      99.62 1.5151e+03    335.744       8059  1027.2682  1027.2689     4.0887     1.0605     0.1495    33.8023    33.8029    8.31854         39 0.0000e+00
     18.000     17.813    -1.1049  27.226665    -1.1065  27.226819     7.5197     7.6939     7.0731    86.6565 2.5113e+01  -74.11596 -111.40016  35.035747      99.68 1.5158e+03    337.553       8102  1027.2742  1027.2757     4.1114     0.8898     0.1542    33.8042    33.8061    8.31681         37 0.0000e+00
     19.000     18.803    -1.1052  27.227244    -1.1072  27.227058     7.5198     7.7021     7.3725    86.9751 2.0916e+01  -74.11596 -111.40016  35.035768      99.57 1.5161e+03    339.358       8146  1027.2794  1027.2810     4.1262     1.1894     0.1626    33.8047    33.8066    8.31684         44 0.0000e+00
     20.000     19.792    -1.1063  27.226964    -1.1074  27.227267     7.5013     7.6890     7.0373    85.9649 1.7674e+01  -74.11596 -111.40016  35.035789      99.53 1.5162e+03    341.157       8189  1027.2845  1027.2859     4.0783     1.2648     0.1668    33.8049    33.8066    8.31708         41 0.0000e+00
     21.000     20.781    -1.1122  27.221511    -1.1131  27.223113     7.4843     7.6793     6.8309    86.1455 1.4831e+01  -74.11596 -111.40016  35.035810      99.57 1.5168e+03    342.948       8232  1027.2886  1027.2912     4.0865     1.1650     0.1669    33.8034    33.8067    8.31846         41 0.0000e+00
     22.000     21.771    -1.1211  27.216209    -1.1212  27.217308     7.4707     7.6665     7.4121    85.5016 1.2389e+01  -74.11596 -111.40016  35.035830      99.58 1.5161e+03    344.722       8274  1027.2957  1027.2969     4.0569     1.1383     0.1578    33.8057    33.8072    8.32032         36 0.0000e+00
     23.000     22.761    -1.1081  27.227059    -1.1090  27.226993     7.4583     7.6557     7.3870    85.6874 1.0333e+01  -74.11596 -111.40016  35.035851      99.64 1.5161e+03    346.505       8317  1027.2993  1027.3000     4.0651     0.9874     0.1595    33.8052    33.8061    8.31746         41 0.0000e+00
     24.000     23.750    -1.1083  27.226705    -1.1089  27.227388     7.4633     7.6564     6.8365    86.1608 8.7066e+00  -74.11596 -111.40016  35.035872      99.48 1.5161e+03    348.304       8360  1027.3033  1027.3047     4.0876     1.4223     0.1637    33.8042    33.8059    8.31755         42 0.0000e+00
     25.000     24.740    -1.1189  27.218456    -1.1242  27.216463     7.4614     7.6498     7.3557    85.9075 7.3024e+00  -74.11596 -111.40016  35.035892      99.58 1.5161e+03    350.108       8404  1027.3089  1027.3118     4.0756     1.1646     0.1656    33.8044    33.8076    8.31991         41 0.0000e+00
     26.000     25.729    -1.1110  27.225562    -1.1153  27.223290     7.4258     7.6131     7.4880    86.3016 6.1993e+00  -74.11596 -111.40016  35.035913      99.59 1.5161e+03    351.895       8446  1027.3133  1027.3149     4.0938     1.1217     0.1596    33.8045    33.8063    8.31814         41 0.0000e+00
     27.000     26.718    -1.1196  27.218754    -1.1232  27.217030     7.4065     7.6068     6.8747    85.1072 5.2587e+00  -74.11596 -111.40016  35.035934      96.63 1.5161e+03    353.713       8490  1027.3185  1027.3200     4.0376     1.2193     0.1590    33.8043    33.8060    8.32007         44 0.0000e+00
     28.000     27.709    -1.1334  27.208658    -1.1367  27.207166     7.3929     7.5841     6.7424    85.8482 4.4308e+00  -74.11596 -111.40016  35.035955      99.53 1.5161e+03    355.545       8534  1027.3250  1027.3265     4.0726     1.1761     0.1693    33.8055    33.8072    8.32307         44 0.0000e+00
     29.000     28.698    -1.1517  27.193195    -1.1376  27.206112     7.2945     7.4973     7.3298    84.7034 3.7263e+00  -74.11596 -111.40016  35.035977      99.60 1.5161e+03    357.375       8578  1027.3299  1027.3305     4.0183     1.1001     0.1565    33.8043    33.8061    8.32720         38 0.0000e+00
     30.000     29.686    -1.2348  27.129448    -1.2372  27.131059     7.1306     7.3402     7.1024    85.5510 3.1483e+00  -74.11596 -111.40016  35.035998      99.58 1.5147e+03    359.191       8622  1027.3442  1027.3483     4.0587     1.1428     0.1663    33.8102    33.8151    8.34540         40 0.0000e+00
     31.000     30.677    -1.2876  27.093575    -1.2935  27.090150     7.1251     7.3021     7.1269    85.0098 2.6439e+00  -74.11596 -111.40016  35.036018      99.48 1.5158e+03    360.996       8665  1027.3594  1027.3615     4.0332     1.3332     0.1704    33.8199    33.8220    8.35659         37 0.0000e+00
     32.000     31.668    -1.3189  27.069947    -1.3271  27.065125     7.1922     7.3658     7.1240    85.1827 2.2271e+00  -74.11596 -111.40016  35.036039      99.62 1.5146e+03    362.812       8708  1027.3672  1027.3698     4.0411     1.0634     0.1673    33.8223    33.8249    8.36347         40 0.0000e+00
     33.000     32.656    -1.3302  27.064988    -1.3312  27.065436     7.2179     7.3950     7.8096    83.6769 1.8691e+00  -74.11596 -111.40016  35.036061      99.51 1.5150e+03    364.628       8752  1027.3762  1027.3776     3.9698     1.2844     0.1549    33.8277    33.8294    8.36569         43 0.0000e+00
     34.000     33.644    -1.3310  27.065396    -1.3328  27.065212     7.2130     7.3944     7.4343    86.8678 1.5621e+00  -74.11596 -111.40016  35.036081      99.51 1.5161e+03    366.414       8795  1027.3811  1027.3826     4.1211     1.2905     0.1586    33.8285    33.8302    8.36582         38 0.0000e+00
     35.000     34.636    -1.3322  27.065264    -1.3331  27.065625     7.1999     7.3884     7.3672    85.5222 1.3009e+00  -74.11596 -111.40016  35.036102      99.50 1.5154e+03    368.207       8838  1027.3859  1027.3872     4.0577     1.3109     0.1535    33.8290    33.8306    8.36605         41 0.0000e+00
     36.000     35.625    -1.3322  27.065828    -1.3335  27.065908     7.1785     7.3698     7.6531    86.2655 1.0744e+00  -74.11596 -111.40016  35.036123      99.50 1.5154e+03    370.032       8882  1027.3904  1027.3917     4.0925     1.3032     0.1600    33.8292    33.8308    8.36605         39 0.0000e+00
     37.000     36.614    -1.3342  27.064937    -1.3348  27.065514     7.1340     7.3187     8.4001    86.1506 8.8945e-01  -74.11596 -111.40016  35.036144      99.47 1.5161e+03    371.836       8925  1027.3953  1027.3965     4.0871     1.4969     0.1542    33.8296    33.8311    8.36647         35 0.0000e+00
     38.000     37.604    -1.3381  27.063302    -1.3395  27.063269     7.0884     7.2757     8.5187    86.3108 7.3750e-01  -74.11596 -111.40016  35.036165      99.45 1.5161e+03    373.632       8968  1027.4013  1027.4026     4.0947     1.5153     0.1616    33.8311    33.8327    8.36725         41 0.0000e+00
     39.000     38.592    -1.3413  27.061574    -1.3431  27.061488     7.0585     7.2540     7.8066    85.7860 6.1175e-01  -74.11596 -111.40016  35.036186      99.55 1.5161e+03    375.422       9011  1027.4067  1027.4083     4.0698     1.2631     0.1590    33.8318    33.8337    8.36794         39 0.0000e+00
     40.000     39.582    -1.3431  27.060842    -1.3435  27.061655     7.0107     7.2096     7.0311    86.3260 5.0744e-01  -74.11596 -111.40016  35.036206      99.61 1.5158e+03    377.207       9054  1027.4117  1027.4130     4.0954     1.0766     0.1485    33.8322    33.8337    8.36831         39 0.0000e+00
     41.000     40.572    -1.3463  27.059020    -1.3465  27.059929     6.9632     7.1564     7.3837    85.7545 4.2263e-01  -74.11596 -111.40015  35.036227      99.34 1.5147e+03    379.016       9097  1027.4169  1027.4181     4.0683     1.3557     0.1522    33.8327    33.8341    8.36900         41 0.0000e+00
     42.000     41.560    -1.3501  27.056797    -1.3513  27.056886     6.9052     7.0836     6.3453    86.3783 3.4776e-01  -74.11596 -111.40015  35.036250      99.63 1.5143e+03    380.992       9145  1027.4223  1027.4236     4.0975     1.0323     0.1531    33.8333    33.8348    8.36982         39 0.0000e+00
     43.000     42.551    -1.3545  27.054143    -1.3560  27.054028     6.8229     7.0073     6.8855    86.5333 2.8800e-01  -74.11596 -111.40015  35.036274      99.58 1.5143e+03    383.117       9196  1027.4278  1027.4291     4.1052     1.1328     0.1585    33.8340    33.8355    8.37077         42 0.0000e+00
     44.000     43.540    -1.3589  27.051289    -1.3598  27.051480     6.7106     6.9035     6.8031    87.4156 2.3716e-01  -74.11596 -111.40015  35.036299      99.64 1.5132e+03    385.225       9246  1027.4331  1027.4342     4.1472     0.9749     0.1518    33.8344    33.8357    8.37173         37 0.0000e+00
     45.000     44.529    -1.3673  27.044889    -1.3685  27.045204     6.5456     6.7614     6.5867    87.2921 1.9501e-01  -74.11596 -111.40015  35.036323      99.63 1.5126e+03    387.287       9296  1027.4384  1027.4399     4.1411     1.0279     0.1443    33.8345    33.8363    8.37362         44 0.0000e+00
     46.000     45.521    -1.3783  27.037866    -1.3790  27.038286     6.5254     6.7121     5.1055    87.5353 1.6108e-01  -74.11596 -111.40015  35.036347      99.60 1.5129e+03    389.396       9346  1027.4454  1027.4465     4.1531     1.0865     0.1472    33.8367    33.8380    8.37596         34 0.0000e+00
     47.000     46.507    -1.3791  27.040907    -1.3805  27.040746     6.6388     6.7899     4.1206    89.1980 1.3384e-01  -74.11596 -111.40015  35.036371      99.49 1.5116e+03    391.443       9396  1027.4537  1027.4548     4.2316     1.0137     0.1433    33.8411    33.8425    8.37587         41 0.0000e+00
     48.000     47.500    -1.3719  27.049286    -1.3735  27.048856     6.7586     6.9065     4.1593    88.7366 1.1191e-01  -74.11596 -111.40015  35.036394      96.87 1.5135e+03    393.402       9443  1027.4602  1027.4612     4.2096     0.9936     0.1522    33.8439    33.8451    8.37409         38 0.0000e+00
     49.000     48.487    -1.3674  27.054434    -1.3670  27.055770     6.8314     6.9571     4.2173    87.5070 9.1385e-02  -74.11596 -111.40015  35.036415      99.80 1.5143e+03    395.234       9487  1027.4657  1027.4669     4.1516     0.8695     0.1421    33.8452    33.8467    8.37299         37 0.0000e+00
     50.000     49.476    -1.3624  27.061096    -1.3653  27.058606     6.8417     6.9749     4.9159    89.9476 7.5481e-02  -74.11596 -111.40015  35.036432      99.72 1.5143e+03    396.689       9522  1027.4725  1027.4726     4.2665     0.7896     0.1500    33.8481    33.8480    8.37169         34 0.0000e+00
     51.000     50.466    -1.3621  27.062203    -1.3631  27.062130     6.8207     6.9740     5.5034    90.4587 6.0391e-02  -74.11596 -111.40016  35.036448      99.68 1.5143e+03    398.145       9556  1027.4779  1027.4787     4.2914     0.8732     0.1497    33.8487    33.8498    8.37161         34 0.0000e+00
     52.000     51.455    -1.3624  27.062745    -1.3634  27.062883     6.7973     6.9576     5.3286    89.6434 4.6833e-02  -74.11596 -111.40016  35.036465      99.70 1.5147e+03    399.609       9592  1027.4831  1027.4841     4.2527     0.8257     0.1434    33.8492    33.8505    8.37164         36 0.0000e+00
