ocean_section_plots/required_files/ctd/dnbp2202_ctd044.cnv
* Sea-Bird SBE 9 Data File:
* FileName = D:\Data\raw\NBP2202_CTD044.hex
* Software Version Seasave V 7.26.7.121
* Temperature SN = 1649
* Conductivity SN = 2513
* Number of Bytes Per Scan = 40
* Number of Voltage Words = 5
* Number of Scans Averaged by the Deck Unit = 1
* NMEA Latitude = 74 10.00 S
* NMEA Longitude = 113 18.01 W
* NMEA UTC (Time) = Jan 23 2022  22:11:25
* NMEA baud rate = 9600
** Ship: RVIB N.B. Palmer
** Cruise: NBP2202 Thwaites
** Station: 25
** Operator: A. Robinson
# nquan = 25
# nvalues = 658                         
# units = specified
# name 0 = prDM: Pressure, Digiquartz [db]
# name 1 = depSM: Depth [salt water, m]
# name 2 = t090C: Temperature [ITS-90, deg C]
# name 3 = c0mS/cm: Conductivity [mS/cm]
# name 4 = t190C: Temperature, 2 [ITS-90, deg C]
# name 5 = c1mS/cm: Conductivity, 2 [mS/cm]
# name 6 = sbeox0ML/L: Oxygen, SBE 43 [ml/l]
# name 7 = sbeox1ML/L: Oxygen, SBE 43, 2 [ml/l]
# name 8 = flECO-AFL: Fluorescence, WET Labs ECO-AFL/FL [mg/m^3]
# name 9 = CStarTr0: Beam Transmission, WET Labs C-Star [%]
# name 10 = par: PAR/Irradiance, Biospherical/Licor
# name 11 = latitude: Latitude [deg]
# name 12 = longitude: Longitude [deg]
# name 13 = timeJ: Julian Days
# name 14 = altM: Altimeter [m]
# name 15 = spar: SPAR, Biospherical/Licor
# name 16 = timeS: Time, Elapsed [seconds]
# name 17 = scan: Scan Count
# name 18 = density00: Density [density, kg/m^3]
# name 19 = density11: Density, 2 [density, kg/m^3]
# name 20 = sal00: Salinity, Practical [PSU]
# name 21 = sal11: Salinity, Practical, 2 [PSU]
# name 22 = oxsolML/L: Oxygen Saturation, Garcia & Gordon [ml/l]
# name 23 = nbin: number of scans per bin
# name 24 = flag: flag
# span 0 =      2.000,    659.000       
# span 1 =      1.975,    651.100       
# span 2 =    -1.5745,     0.1737       
# span 3 =  26.888112,  29.039061       
# span 4 =    -1.5742,     0.1744       
# span 5 =  26.887854,  29.037180       
# span 6 =     4.6890,     7.8400       
# span 7 =     4.9251,     8.2856       
# span 8 =    -0.0219,    17.3653       
# span 9 =    77.1220,    96.3374       
# span 10 = -1.108e-04, 2.4552e+02      
# span 11 =  -74.16672,  -74.16672      
# span 12 = -113.30030, -113.30028      
# span 13 =  23.926489,  23.938431      
# span 14 =      -3.81,     100.23      
# span 15 = 5.7957e+02, 6.0037e+02      
# span 16 =    163.665,   1195.387      
# span 17 =       3929,      28690      
# span 18 =  1027.1927,  1030.7391      
# span 19 =  1027.1930,  1030.7364      
# span 20 =    33.7942,    34.4122      
# span 21 =    33.7946,    34.4088      
# span 22 =    8.00686,    8.42101      
# span 23 =          2,         48      
# span 24 = 0.0000e+00, 0.0000e+00      
# interval = decibars: 1                
# start_time = Jan 23 2022 22:11:25 [NMEA time, header]
# bad_flag = -9.990e-29
*END*
[from data line 290]
    292.000    288.774    -1.0064  27.657863    -1.0053  27.657427     5.6700     5.9773     0.0159    96.0918 1.0000e-12  -74.16672 -113.30028  23.931548      99.85 5.8244e+02    600.770      14419  1028.8333  1028.8317    34.1114    34.1096    8.27698         28 0.0000e+00
    293.000    289.762    -1.0169  27.650229    -1.0149  27.650632     5.6134     5.9219     0.0137    96.1288 1.0000e-12  -74.16672 -113.30028  23.931562      99.85 5.8289e+02    601.948      14448  1028.8391  1028.8376    34.1123    34.1106    8.27923         28 0.0000e+00
    294.000    290.751    -0.9889  27.677938    -0.9862  27.677687     5.5583     5.8676     0.0158    96.1305 1.0000e-12  -74.16672 -113.30028  23.931576      99.85 5.8351e+02    603.129      14476  1028.8459  1028.8429    34.1177    34.1142    8.27275         29 0.0000e+00
    295.000    291.739    -0.9282  27.733030    -0.9239  27.733876     5.5162     5.8316     0.0173    96.1490 1.0000e-12  -74.16672 -113.30028  23.931589      99.85 5.8261e+02    604.323      14505  1028.8504  1028.8472    34.1232    34.1195    8.25908         29 0.0000e+00
    296.000    292.727    -0.9278  27.734473    -0.9287  27.732058     5.4862     5.8066     0.0171    96.1588 1.0000e-12  -74.16672 -113.30028  23.931603      99.85 5.8207e+02    605.513      14533  1028.8560  1028.8543    34.1241    34.1219    8.25893         28 0.0000e+00
    297.000    293.716    -0.9001  27.760812    -0.8977  27.760180     5.4626     5.7824     0.0181    96.1624 1.0000e-12  -74.16672 -113.30028  23.931617      79.55 5.8333e+02    606.708      14562  1028.8619  1028.8589    34.1279    34.1244    8.25264         29 0.0000e+00
    298.000    294.704    -0.8871  27.773181    -0.8857  27.772259     5.4052     5.7254     0.0148    96.1571 1.0000e-12  -74.16672 -113.30028  23.931631      99.41 5.8224e+02    607.908      14591  1028.8671  1028.8647    34.1294    34.1265    8.24970         29 0.0000e+00
    299.000    295.692    -0.8511  27.807438    -0.8502  27.805274     5.3254     5.6427     0.0027    96.1957 1.0000e-12  -74.16672 -113.30028  23.931645      99.81 5.8257e+02    609.106      14620  1028.8736  1028.8703    34.1346    34.1306    8.24153         28 0.0000e+00
    300.000    296.679    -0.7849  27.868988    -0.7814  27.868277     5.2731     5.5819     0.0136    96.1382 1.0000e-12  -74.16672 -113.30028  23.931658      99.86 5.8352e+02    610.280      14648  1028.8799  1028.8758    34.1424    34.1375    8.22660         28 0.0000e+00
    301.000    297.669    -0.7507  27.899762    -0.7445  27.902553     5.2540     5.5623     0.0011    96.1402 1.0000e-12  -74.16672 -113.30028  23.931672      99.85 5.8272e+02    611.460      14676  1028.8846  1028.8816    34.1448    34.1416    8.21900         29 0.0000e+00
    302.000    298.655    -0.7365  27.912694    -0.7356  27.911528     5.2603     5.5627     0.0286    96.1664 1.0000e-12  -74.16672 -113.30028  23.931686      99.85 5.8352e+02    612.655      14705  1028.8896  1028.8875    34.1456    34.1430    8.21587         28 0.0000e+00
    303.000    299.645    -0.7410  27.909474    -0.7389  27.909450     5.2628     5.5619     0.1591    96.1699 1.0000e-12  -74.16672 -113.30028  23.931699      99.85 5.8351e+02    613.826      14733  1028.8954  1028.8933    34.1458    34.1433    8.21684         28 0.0000e+00
    304.000    300.633    -0.7414  27.910515    -0.7404  27.909073     5.2482     5.5436    -0.0035    96.1523 1.0000e-12  -74.16672 -113.30028  23.931713      99.85 5.8351e+02    614.988      14761  1028.9016  1028.8991    34.1470    34.1439    8.21685         28 0.0000e+00
    305.000    301.620    -0.7247  27.926120    -0.7189  27.928718     5.2058     5.4988     0.0116    96.1562 1.0000e-12  -74.16672 -113.30028  23.931727      99.85 5.8351e+02    616.172      14789  1028.9067  1028.9039    34.1486    34.1455    8.21312         29 0.0000e+00
    306.000    302.610    -0.7027  27.946945    -0.6970  27.948686     5.1649     5.4698     0.0101    96.1552 1.0000e-12  -74.16672 -113.30028  23.931740      99.86 5.8522e+02    617.358      14818  1028.9125  1028.9087    34.1514    34.1472    8.20820         28 0.0000e+00
    307.000    303.597    -0.6637  27.983298    -0.6620  27.981819     5.1288     5.4358     0.0077    96.1224 1.0000e-12  -74.16672 -113.30028  23.931754      99.85 5.8363e+02    618.545      14846  1028.9182  1028.9150    34.1558    34.1518    8.19947         29 0.0000e+00
    308.000    304.585    -0.6515  27.995030    -0.6473  27.995939     5.0442     5.3417     0.0012    96.1382 1.0000e-12  -74.16672 -113.30028  23.931768      99.85 5.8351e+02    619.734      14875  1028.9236  1028.9206    34.1572    34.1537    8.19674         29 0.0000e+00
    309.000    305.574    -0.5908  28.052952    -0.5784  28.059216     4.9807     5.2792    -0.0091    96.1314 1.0000e-12  -74.16672 -113.30028  23.931782      99.63 5.8351e+02    620.923      14903  1028.9314  1028.9260    34.1662    34.1607    8.18309         28 0.0000e+00
    310.000    306.562    -0.5184  28.119610    -0.5170  28.118202     4.9659     5.2501     0.0085    96.0801 1.0000e-12  -74.16672 -113.30028  23.931795      99.85 5.8351e+02    622.119      14932  1028.9371  1028.9343    34.1736    34.1702    8.16702         28 0.0000e+00
    311.000    307.550    -0.5132  28.125486    -0.5111  28.124886     4.9656     5.2433     0.0039    96.1003 1.0000e-12  -74.16672 -113.30028  23.931809      99.85 5.8351e+02    623.294      14960  1028.9435  1028.9408    34.1751    34.1719    8.16583         29 0.0000e+00
    312.000    308.538    -0.5102  28.129059    -0.5082  28.128200     4.9712     5.2472    -0.0121    96.0634 1.0000e-12  -74.16672 -113.30028  23.931823      99.84 5.8366e+02    624.474      14988  1028.9493  1028.9465    34.1759    34.1724    8.16513         28 0.0000e+00
    313.000    309.526    -0.5057  28.133669    -0.5038  28.132880     4.9729     5.2448    -0.0043    96.0585 1.0000e-12  -74.16672 -113.30028  23.931837      99.85 5.8363e+02    625.678      15017  1028.9548  1028.9522    34.1764    34.1732    8.16413         29 0.0000e+00
    314.000    310.515    -0.5014  28.138347    -0.4992  28.137600     4.9723     5.2473     0.1534    96.0246 1.0000e-12  -74.16672 -113.30028  23.931850      99.85 5.8370e+02    626.854      15045  1028.9605  1028.9576    34.1773    34.1738    8.16316         28 0.0000e+00
    315.000    311.503    -0.4946  28.145394    -0.4927  28.144644     4.9940     5.2621    -0.0173    95.9933 1.0000e-12  -74.16672 -113.30028  23.931864      99.85 5.8383e+02    628.023      15074  1028.9661  1028.9635    34.1784    34.1753    8.16162         28 0.0000e+00
    316.000    312.491    -0.5025  28.139458    -0.5012  28.138657     5.0088     5.2718     0.0003    95.9812 1.0000e-12  -74.16672 -113.30028  23.931877      99.84 5.8402e+02    629.202      15102  1028.9722  1028.9701    34.1787    34.1762    8.16330         28 0.0000e+00
    317.000    313.480    -0.5064  28.138032    -0.5045  28.137307     5.0124     5.2754    -0.0157    95.9326 1.0000e-12  -74.16672 -113.30028  23.931891      99.85 5.8382e+02    630.372      15130  1028.9791  1028.9765    34.1806    34.1776    8.16403         29 0.0000e+00
    318.000    314.468    -0.5072  28.137964    -0.5054  28.137270     5.0142     5.2800    -0.0183    95.9586 1.0000e-12  -74.16672 -113.30028  23.931905      99.84 5.8459e+02    631.559      15158  1028.9844  1028.9819    34.1809    34.1779    8.16421         29 0.0000e+00
    319.000    315.455    -0.5074  28.138197    -0.5051  28.137952     5.0314     5.2918    -0.0137    95.9803 1.0000e-12  -74.16672 -113.30028  23.931918      75.67 5.8433e+02    632.758      15187  1028.9893  1028.9869    34.1808    34.1779    8.16425         28 0.0000e+00
    320.000    316.443    -0.5126  28.134628    -0.5096  28.135290     5.0455     5.3098    -0.0121    95.9934 1.0000e-12  -74.16672 -113.30028  23.931932      91.39 5.8433e+02    633.941      15216  1028.9950  1028.9929    34.1812    34.1788    8.16534         28 0.0000e+00
    321.000    317.431    -0.5236  28.126077    -0.5224  28.125102     5.0680     5.3349    -0.0029    95.9701 1.0000e-12  -74.16672 -113.30028  23.931946      99.85 5.8503e+02    635.116      15244  1029.0010  1028.9988    34.1815    34.1789    8.16769         28 0.0000e+00
    322.000    318.419    -0.5323  28.119378    -0.5309  28.118842     5.0946     5.3670    -0.0072    95.9796 1.0000e-12  -74.16672 -113.30028  23.931959      99.85 5.8485e+02    636.298      15272  1029.0067  1029.0048    34.1817    34.1794    8.16955         29 0.0000e+00
    323.000    319.409    -0.5524  28.104750    -0.5513  28.104068     5.0992     5.3745    -0.0185    96.0085 1.0000e-12  -74.16672 -113.30028  23.931973      99.85 5.8461e+02    637.488      15301  1029.0150  1029.0132    34.1841    34.1820    8.17376         29 0.0000e+00
    324.000    320.396    -0.5474  28.113789    -0.5449  28.113380     5.0988     5.3390    -0.0073    96.0299 1.0000e-12  -74.16672 -113.30028  23.931987      99.84 5.8577e+02    638.678      15329  1029.0240  1029.0211    34.1900    34.1866    8.17234         28 0.0000e+00
    325.000    321.384    -0.5298  28.131842    -0.5162  28.140702     5.0513     5.2927    -0.0043    96.0549 1.0000e-12  -74.16672 -113.30028  23.932001      99.85 5.8471e+02    639.853      15357  1029.0304  1029.0266    34.1938    34.1904    8.16832         28 0.0000e+00
    326.000    322.372    -0.5160  28.145373    -0.4722  28.182819     5.0047     5.2745    -0.0052    96.0752 1.0000e-12  -74.16672 -113.30028  23.932014      99.85 5.8388e+02    641.031      15386  1029.0357  1029.0330    34.1958    34.1967    8.16523         29 0.0000e+00
    327.000    323.360    -0.4634  28.194284    -0.4605  28.194904     4.9957     5.2632    -0.0194    96.0745 1.0000e-12  -74.16672 -113.30028  23.932028      99.85 5.8436e+02    642.237      15415  1029.0411  1029.0391    34.2017    34.1992    8.15359         29 0.0000e+00
    328.000    324.348    -0.4604  28.197348    -0.4635  28.192444     4.9842     5.2616    -0.0153    96.0900 1.0000e-12  -74.16672 -113.30028  23.932042      99.85 5.8414e+02    643.445      15444  1029.0459  1029.0440    34.2017    34.1987    8.15293         28 0.0000e+00
    329.000    325.335    -0.4585  28.200079    -0.4595  28.196656     4.9776     5.2571    -0.0209    96.0842 1.0000e-12  -74.16672 -113.30028  23.932056      99.84 5.8404e+02    644.636      15472  1029.0515  1029.0490    34.2027    34.1992    8.15247         30 0.0000e+00
    330.000    326.324    -0.4582  28.200531    -0.4560  28.200248     4.9661     5.2366    -0.0180    96.0754 1.0000e-12  -74.16672 -113.30028  23.932070      82.48 5.8383e+02    645.828      15501  1029.0562  1029.0539    34.2024    34.1995    8.15243         28 0.0000e+00
    331.000    327.313    -0.4478  28.210490    -0.4435  28.211782     4.9411     5.2138    -0.0169    96.0715 1.0000e-12  -74.16672 -113.30028  23.932083      96.25 5.8401e+02    647.010      15529  1029.0612  1029.0584    34.2034    34.2003    8.15014         28 0.0000e+00
    332.000    328.300    -0.4302  28.227377    -0.4244  28.230089     4.9254     5.2025    -0.0176    96.0833 1.0000e-12  -74.16672 -113.30028  23.932097      99.81 5.8460e+02    648.195      15558  1029.0665  1029.0638    34.2056    34.2028    8.14623         29 0.0000e+00
    333.000    329.288    -0.4150  28.241922    -0.4119  28.242064     4.9085     5.1772    -0.0135    96.0505 1.0000e-12  -74.16672 -113.30028  23.932111      99.85 5.8553e+02    649.390      15586  1029.0717  1029.0689    34.2074    34.2042    8.14287         28 0.0000e+00
    334.000    330.277    -0.4015  28.255707    -0.3992  28.254868     4.8938     5.1634    -0.0058    96.0291 1.0000e-12  -74.16672 -113.30028  23.932125      99.85 5.8464e+02    650.569      15615  1029.0778  1029.0747    34.2101    34.2064    8.13983         28 0.0000e+00
    335.000    331.266    -0.3827  28.274447    -0.3796  28.274519     4.8897     5.1621    -0.0163    96.0062 1.0000e-12  -74.16672 -113.30028  23.932138      99.85 5.8424e+02    651.748      15643  1029.0839  1029.0811    34.2134    34.2101    8.13560         29 0.0000e+00
    336.000    332.252    -0.3783  28.279213    -0.3767  28.278177     4.8890     5.1554    -0.0209    95.9888 1.0000e-12  -74.16672 -113.30028  23.932152      99.84 5.8553e+02    652.931      15671  1029.0893  1029.0868    34.2142    34.2111    8.13461         26 0.0000e+00
    337.000    333.240    -0.3771  28.280880    -0.3739  28.281469     4.8888     5.1559    -0.0045    95.9760 1.0000e-12  -74.16672 -113.30028  23.932166      99.85 5.8534e+02    654.120      15700  1029.0945  1029.0921    34.2146    34.2118    8.13435         29 0.0000e+00
    338.000    334.229    -0.3720  28.286597    -0.3683  28.287588     4.8825     5.1517    -0.0128    95.9331 1.0000e-12  -74.16672 -113.30028  23.932179      99.85 5.8484e+02    655.301      15728  1029.1001  1029.0976    34.2158    34.2130    8.13318         28 0.0000e+00
    339.000    335.217    -0.3681  28.290731    -0.3652  28.291022     4.8822     5.1366    -0.0038    95.9144 1.0000e-12  -74.16672 -113.30028  23.932193      99.84 5.8603e+02    656.472      15756  1029.1051  1029.1027    34.2163    34.2135    8.13231         28 0.0000e+00
    340.000    336.204    -0.3604  28.299460    -0.3556  28.301239     4.8761     5.1362    -0.0125    95.8824 1.0000e-12  -74.16672 -113.30028  23.932207      99.85 5.8578e+02    657.666      15785  1029.1114  1029.1087    34.2188    34.2158    8.13053         28 0.0000e+00
    341.000    337.192    -0.3513  28.308686    -0.3497  28.307935     4.8760     5.1366    -0.0180    95.8814 1.0000e-12  -74.16672 -113.30028  23.932221      94.68 5.8515e+02    658.871      15814  1029.1169  1029.1145    34.2203    34.2175    8.12850         27 0.0000e+00
    342.000    338.180    -0.3554  28.304918    -0.3519  28.305973     4.8808     5.1429    -0.0125    95.8774 1.0000e-12  -74.16672 -113.30028  23.932234      92.66 5.8620e+02    660.048      15842  1029.1213  1029.1191    34.2193    34.2167    8.12943         29 0.0000e+00
    343.000    339.168    -0.3575  28.303202    -0.3553  28.303059     4.8814     5.1412    -0.0140    95.8821 1.0000e-12  -74.16672 -113.30028  23.932248      99.71 5.8591e+02    661.234      15871  1029.1260  1029.1237    34.2187    34.2160    8.12991         28 0.0000e+00
    344.000    340.158    -0.3574  28.303636    -0.3554  28.303214     4.8754     5.1339    -0.0184    95.8657 1.0000e-12  -74.16672 -113.30028  23.932262      99.85 5.8552e+02    662.432      15899  1029.1307  1029.1283    34.2186    34.2158    8.12989         29 0.0000e+00
    345.000    341.144    -0.3529  28.308521    -0.3516  28.307310     4.8699     5.1283    -0.0089    95.8632 1.0000e-12  -74.16672 -113.30028  23.932276      99.84 5.8650e+02    663.635      15928  1029.1359  1029.1333    34.2195    34.2164    8.12889         29 0.0000e+00
    346.000    342.133    -0.3460  28.315684    -0.3449  28.314368     4.8656     5.1291    -0.0100    95.8835 1.0000e-12  -74.16672 -113.30028  23.932290      99.85 5.8607e+02    664.825      15957  1029.1412  1029.1387    34.2207    34.2177    8.12734         29 0.0000e+00
    347.000    343.121    -0.3449  28.317544    -0.3433  28.316535     4.8688     5.1288    -0.0119    95.8885 1.0000e-12  -74.16672 -113.30028  23.932304      99.85 5.8553e+02    666.024      15986  1029.1464  1029.1439    34.2213    34.2182    8.12707         28 0.0000e+00
    348.000    344.109    -0.3457  28.317097    -0.3448  28.315418     4.8610     5.1235    -0.0120    95.8962 1.0000e-12  -74.16672 -113.30028  23.932317      99.85 5.8528e+02    667.228      16014  1029.1511  1029.1485    34.2210    34.2178    8.12725         29 0.0000e+00
