ocean_section_plots/required_files/ctd/dnbp2202_ctd045.cnv
* Sea-Bird SBE 9 Data File:
* FileName = D:\Data\raw\NBP2202_CTD045.hex
* Software Version Seasave V 7.26.7.121
* Temperature SN = 1649
* Conductivity SN = 2513
* Number of Bytes Per Scan = 40
* Number of Voltage Words = 5
* Number of Scans Averaged by the Deck Unit = 1
* NMEA Latitude = 74 10.49 S
* NMEA Longitude = 113 15.09 W
* NMEA UTC (Time) = Jan 23 2022  23:12:12
* NMEA baud rate = 9600
** Ship: RVIB N.B. Palmer
** Cruise: NBP2202 Thwaites
** Station: Section Dotson C
** Operator: A. Robinson
# nquan = 25
# nvalues = 792                         
# units = specified
# name 0 = prDM: Pressure, Digiquartz [db]
# name 1 = depSM: Depth [salt water, m]
# name 2 = t090C: Temperature [ITS-90, deg C]
# name 3 = c0mS/cm: Conductivity [mS/cm]
# name 4 = t190C: Temperature, 2 [ITS-90, deg C]
# name 5 = c1mS/cm: Conductivity, 2 [mS/cm]
# name 6 = sbeox0ML/L: Oxygen, SBE 43 [ml/l]
# name 7 = sbeox1ML/L: Oxygen, SBE 43, 2 [ml/l]
# name 8 = flECO-AFL: Fluorescence, WET Labs ECO-AFL/FL [mg/m^3]
# name 9 = CStarTr0: Beam Transmission, WET Labs C-Star [%]
# name 10 = par: PAR/Irradiance, Biospherical/Licor
# name 11 = latitude: Latitude [deg]
# name 12 = longitude: Longitude [deg]
# name 13 = timeJ: Julian Days
# name 14 = altM: Altimeter [m]
# name 15 = spar: SPAR, Biospherical/Licor
# name 16 = timeS: Time, Elapsed [seconds]
# name 17 = scan: Scan Count
# name 18 = density00: Density [density, kg/m^3]
# name 19 = density11: Density, 2 [density, kg/m^3]
# name 20 = sal00: Salinity, Practical [PSU]
# name 21 = sal11: Salinity, Practical, 2 [PSU]
# name 22 = oxsolML/L: Oxygen Saturation, Garcia & Gordon [ml/l]
# name 23 = nbin: number of scans per bin
# name 24 = flag: flag
# span 0 =      2.000,    793.000       
# span 1 =      1.969,    783.323       
# span 2 =    -1.5019,     0.3227       
# span 3 =  27.018411,  29.268438       
# span 4 =    -1.5013,     0.3248       
# span 5 =  27.018069,  29.267923       
# span 6 =     4.6538,     8.4580       
# span 7 =     4.8865,     8.9519       
# span 8 =    -0.0224,    23.1671       
# span 9 =    70.6045,    96.2904       
# span 10 = -8.648e-06, 2.3691e+02      
# span 11 =  -74.17494,  -74.17494      
# span 12 = -113.25162, -113.25158      
# span 13 =  23.969481,  23.981658      
# span 14 =       3.20,     100.14      
# span 15 = 5.2591e+02, 6.3828e+02      
# span 16 =    231.129,   1283.261      
# span 17 =       5548,      30799      
# span 18 =  1027.1921,  1031.4019      
# span 19 =  1027.1908,  1031.3995      
# span 20 =    33.7999,    34.4699      
# span 21 =    33.7989,    34.4674      
# span 22 =    7.97271,    8.40108      
# span 23 =          2,         50      
# span 24 = 0.0000e+00, 0.0000e+00      
# interval = decibars: 1                
# start_time = Jan 23 2022 23:12:12 [NMEA time, header]
# bad_flag = -9.990e-29
*END*
[from data line 290]
    292.000    288.774    -0.7967  27.831156    -0.7948  27.830906     5.2604     5.5418    -0.0150    96.1684 1.0000e-12  -74.17494 -113.25158  23.974646      99.87 5.2812e+02    677.434      16259  1028.8177  1028.8156    34.1094    34.1070    8.23108         27 0.0000e+00
    293.000    289.762    -0.7918  27.836490    -0.7900  27.836133     5.2550     5.5388    -0.0150    96.1570 1.0000e-12  -74.17494 -113.25158  23.974659      99.86 5.2710e+02    678.568      16287  1028.8232  1028.8211    34.1105    34.1080    8.22995         28 0.0000e+00
    294.000    290.750    -0.7877  27.840952    -0.7861  27.840382     5.2507     5.5384    -0.0119    96.1368 1.0000e-12  -74.17494 -113.25158  23.974673      99.87 5.2912e+02    679.730      16315  1028.8285  1028.8263    34.1113    34.1087    8.22902         28 0.0000e+00
    295.000    291.738    -0.7856  27.843596    -0.7839  27.843045     5.2510     5.5325    -0.0106    96.1405 1.0000e-12  -74.17494 -113.25158  23.974686      99.87 5.2792e+02    680.898      16343  1028.8338  1028.8316    34.1119    34.1093    8.22852         28 0.0000e+00
    296.000    292.726    -0.7782  27.851670    -0.7763  27.851295     5.2495     5.5294    -0.0147    96.1313 1.0000e-12  -74.17494 -113.25158  23.974700      99.86 5.2798e+02    682.061      16370  1028.8398  1028.8376    34.1139    34.1112    8.22680         28 0.0000e+00
    297.000    293.715    -0.7725  27.858329    -0.7704  27.858485     5.2499     5.5281    -0.0098    96.1331 1.0000e-12  -74.17494 -113.25158  23.974713      99.87 5.2848e+02    683.227      16398  1028.8460  1028.8441    34.1159    34.1137    8.22544         28 0.0000e+00
    298.000    294.703    -0.7679  27.864674    -0.7664  27.864004     5.2487     5.5307    -0.0168    96.1312 1.0000e-12  -74.17494 -113.25158  23.974727      99.86 5.2814e+02    684.386      16426  1028.8528  1028.8506    34.1186    34.1160    8.22427         27 0.0000e+00
    299.000    295.692    -0.7653  27.869127    -0.7634  27.868646     5.2477     5.5292    -0.0170    96.1111 1.0000e-12  -74.17494 -113.25158  23.974740      99.86 5.2783e+02    685.533      16454  1028.8595  1028.8572    34.1211    34.1184    8.22356         29 0.0000e+00
    300.000    296.679    -0.7593  27.876890    -0.7576  27.876311     5.2491     5.5345    -0.0138    96.1111 1.0000e-12  -74.17494 -113.25158  23.974753      99.87 5.2877e+02    686.698      16482  1028.8666  1028.8643    34.1243    34.1216    8.22208         28 0.0000e+00
    301.000    297.669    -0.7574  27.879641    -0.7555  27.879520     5.2519     5.5320    -0.0196    96.1056 1.0000e-12  -74.17494 -113.25158  23.974767      83.86 5.2880e+02    687.857      16510  1028.8720  1028.8701    34.1251    34.1229    8.22160         27 0.0000e+00
    302.000    298.656    -0.7555  27.882383    -0.7535  27.882439     5.2567     5.5352    -0.0144    96.0968 1.0000e-12  -74.17494 -113.25158  23.974780      96.12 5.2755e+02    689.006      16537  1028.8776  1028.8757    34.1261    34.1240    8.22114         27 0.0000e+00
    303.000    299.644    -0.7531  27.886012    -0.7515  27.885675     5.2515     5.5328    -0.0145    96.1057 1.0000e-12  -74.17494 -113.25158  23.974794      99.94 5.2818e+02    690.168      16565  1028.8836  1028.8816    34.1277    34.1254    8.22052         28 0.0000e+00
    304.000    300.634    -0.7505  27.889813    -0.7489  27.889213     5.2545     5.5274    -0.0223    96.1065 1.0000e-12  -74.17494 -113.25158  23.974807      99.87 5.2939e+02    691.331      16593  1028.8895  1028.8874    34.1293    34.1267    8.21986         28 0.0000e+00
    305.000    301.620    -0.7336  27.910613    -0.7326  27.908698     5.2420     5.5153    -0.0218    96.0938 1.0000e-12  -74.17494 -113.25158  23.974820      99.87 5.2792e+02    692.478      16620  1028.8999  1028.8969    34.1377    34.1340    8.21569         27 0.0000e+00
    306.000    302.609    -0.7200  27.924602    -0.7187  27.923529     5.2307     5.5090    -0.0138    96.1122 1.0000e-12  -74.17494 -113.25158  23.974834      99.86 5.2792e+02    693.621      16648  1028.9062  1028.9038    34.1407    34.1378    8.21256         28 0.0000e+00
    307.000    303.597    -0.7110  27.934705    -0.7095  27.933906     5.2246     5.5030    -0.0071    96.1064 1.0000e-12  -74.17494 -113.25158  23.974847      99.87 5.2938e+02    694.785      16676  1028.9128  1028.9104    34.1436    34.1408    8.21045         28 0.0000e+00
    308.000    304.586    -0.7027  27.944387    -0.7006  27.943847     5.2199     5.5018    -0.0132    96.0918 1.0000e-12  -74.17494 -113.25158  23.974860      99.86 5.2710e+02    695.936      16703  1028.9196  1028.9170    34.1467    34.1436    8.20846         28 0.0000e+00
    309.000    305.574    -0.6934  27.954038    -0.6915  27.953738     5.2052     5.4912    -0.0101    96.1044 1.0000e-12  -74.17494 -113.25158  23.974874      99.86 5.2741e+02    697.083      16731  1028.9254  1028.9232    34.1486    34.1460    8.20633         28 0.0000e+00
    310.000    306.561    -0.6808  27.968131    -0.6786  27.967444     5.2003     5.4869    -0.0193    96.1045 1.0000e-12  -74.17494 -113.25158  23.974887      99.87 5.2957e+02    698.242      16759  1028.9327  1028.9299    34.1527    34.1494    8.20334         27 0.0000e+00
    311.000    307.550    -0.6661  27.983488    -0.6640  27.983092     5.1935     5.4767    -0.0145    96.0907 1.0000e-12  -74.17494 -113.25158  23.974901      99.86 5.2709e+02    699.402      16787  1028.9395  1028.9369    34.1563    34.1533    8.19996         28 0.0000e+00
    312.000    308.538    -0.6567  27.993794    -0.6549  27.993101     5.1838     5.4670    -0.0103    96.1001 1.0000e-12  -74.17494 -113.25158  23.974914      98.73 5.2735e+02    700.566      16815  1028.9458  1028.9433    34.1589    34.1560    8.19776         28 0.0000e+00
    313.000    309.526    -0.6443  28.006969    -0.6425  28.006472     5.1762     5.4636    -0.0093    96.1036 1.0000e-12  -74.17494 -113.25158  23.974927      87.64 5.2860e+02    701.712      16842  1028.9525  1028.9502    34.1622    34.1595    8.19490         27 0.0000e+00
    314.000    310.514    -0.6381  28.013979    -0.6361  28.013630     5.1770     5.4586    -0.0150    96.0977 1.0000e-12  -74.17494 -113.25158  23.974941      96.89 5.2735e+02    702.866      16870  1028.9585  1028.9561    34.1640    34.1612    8.19344         29 0.0000e+00
    315.000    311.502    -0.6333  28.019591    -0.6314  28.018889     5.1798     5.4564    -0.0150    96.0982 1.0000e-12  -74.17494 -113.25158  23.974954      99.82 5.2723e+02    704.045      16898  1028.9643  1028.9618    34.1655    34.1624    8.19231         28 0.0000e+00
    316.000    312.491    -0.6299  28.023325    -0.6283  28.022775     5.1787     5.4569    -0.0150    96.1064 1.0000e-12  -74.17494 -113.25158  23.974968      99.87 5.2814e+02    705.206      16926  1028.9695  1028.9674    34.1661    34.1635    8.19154         27 0.0000e+00
    317.000    313.479    -0.6292  28.024527    -0.6278  28.023789     5.1768     5.4571    -0.0150    96.1019 1.0000e-12  -74.17494 -113.25158  23.974981      99.86 5.2736e+02    706.348      16953  1028.9746  1028.9725    34.1663    34.1637    8.19138         28 0.0000e+00
    318.000    314.467    -0.6280  28.026607    -0.6265  28.026055     5.1855     5.4604    -0.0150    96.1046 1.0000e-12  -74.17494 -113.25158  23.974994      99.86 5.2717e+02    707.504      16981  1028.9802  1028.9781    34.1672    34.1647    8.19107         28 0.0000e+00
    319.000    315.454    -0.6267  28.029306    -0.6247  28.029067     5.1877     5.4570    -0.0080    96.0869 1.0000e-12  -74.17494 -113.25158  23.975008      99.87 5.2780e+02    708.720      17010  1028.9862  1028.9841    34.1687    34.1662    8.19069         30 0.0000e+00
    320.000    316.444    -0.6260  28.030632    -0.6244  28.029877     5.1881     5.4636    -0.0125    96.0881 1.0000e-12  -74.17494 -113.25158  23.975023      99.86 5.2782e+02    710.026      17042  1028.9914  1028.9891    34.1691    34.1663    8.19052         32 0.0000e+00
    321.000    317.431    -0.6245  28.033417    -0.6227  28.032783     5.1977     5.4738    -0.0087    96.0912 1.0000e-12  -74.17494 -113.25158  23.975039      99.87 5.2743e+02    711.339      17073  1028.9974  1028.9949    34.1706    34.1677    8.19012         32 0.0000e+00
    322.000    318.419    -0.6215  28.038391    -0.6198  28.037519     5.2003     5.4759    -0.0065    96.0816 1.0000e-12  -74.17494 -113.25158  23.975054      99.87 5.2738e+02    712.665      17105  1029.0041  1029.0016    34.1732    34.1702    8.18930         31 0.0000e+00
    323.000    319.408    -0.6200  28.041757    -0.6182  28.041263     5.2025     5.4827    -0.0091    96.0873 1.0000e-12  -74.17494 -113.25158  23.975069      80.90 5.2782e+02    713.989      17137  1029.0107  1029.0084    34.1756    34.1728    8.18886         32 0.0000e+00
    324.000    320.396    -0.6171  28.045194    -0.6154  28.044574     5.2031     5.4742    -0.0079    96.0873 1.0000e-12  -74.17494 -113.25158  23.975085      91.01 5.2711e+02    715.299      17168  1029.0159  1029.0137    34.1763    34.1736    8.18818         32 0.0000e+00
    325.000    321.384    -0.6149  28.047792    -0.6135  28.046969     5.1976     5.4738    -0.0056    96.0924 1.0000e-12  -74.17494 -113.25158  23.975100      99.80 5.2704e+02    716.614      17200  1029.0210  1029.0187    34.1767    34.1740    8.18769         31 0.0000e+00
    326.000    322.372    -0.6105  28.053193    -0.6085  28.052831     5.1932     5.4711    -0.0063    96.1043 1.0000e-12  -74.17494 -113.25158  23.975115      99.86 5.2805e+02    717.952      17232  1029.0268  1029.0245    34.1784    34.1756    8.18664         32 0.0000e+00
    327.000    323.359    -0.6064  28.058172    -0.6041  28.058107     5.1908     5.4725    -0.0056    96.0977 1.0000e-12  -74.17494 -113.25158  23.975130      99.87 5.2715e+02    719.272      17264  1029.0326  1029.0303    34.1799    34.1772    8.18567         32 0.0000e+00
    328.000    324.348    -0.6050  28.060087    -0.6031  28.059768     5.1980     5.4691    -0.0061    96.1017 1.0000e-12  -74.17494 -113.25158  23.975146      99.87 5.2814e+02    720.594      17295  1029.0375  1029.0354    34.1802    34.1777    8.18533         32 0.0000e+00
    329.000    325.336    -0.6053  28.060602    -0.6037  28.059992     5.2151     5.4888     0.0003    96.1179 1.0000e-12  -74.17494 -113.25158  23.975161      99.86 5.3042e+02    721.943      17328  1029.0428  1029.0406    34.1807    34.1780    8.18538         32 0.0000e+00
    330.000    326.325    -0.6140  28.054079    -0.6135  28.053080     5.2296     5.5086    -0.0041    96.1057 1.0000e-12  -74.17494 -113.25158  23.975177      99.87 5.3013e+02    723.281      17360  1029.0487  1029.0471    34.1811    34.1792    8.18724         32 0.0000e+00
    331.000    327.313    -0.6213  28.050665    -0.6193  28.050253     5.1961     5.4786    -0.0008    96.1009 1.0000e-12  -74.17494 -113.25158  23.975192      99.86 5.3034e+02    724.607      17392  1029.0563  1029.0540    34.1841    34.1813    8.18863         32 0.0000e+00
    332.000    328.300    -0.6009  28.071785    -0.5979  28.071332     5.1384     5.4273    -0.0009    96.1148 1.0000e-12  -74.17494 -113.25158  23.975208      99.86 5.3063e+02    725.952      17424  1029.0634  1029.0600    34.1889    34.1849    8.18395         32 0.0000e+00
    333.000    329.288    -0.5455  28.124556    -0.5410  28.125017     5.0672     5.3623    -0.0036    96.1291 1.0000e-12  -74.17494 -113.25158  23.975223      86.17 5.3063e+02    727.270      17455  1029.0702  1029.0664    34.1968    34.1924    8.17153         32 0.0000e+00
    334.000    330.276    -0.5034  28.163934    -0.5018  28.161823     4.9995     5.2941     0.0025    96.1394 1.0000e-12  -74.17494 -113.25158  23.975238      96.24 5.3063e+02    728.590      17487  1029.0758  1029.0720    34.2017    34.1971    8.16218         32 0.0000e+00
    335.000    331.265    -0.4515  28.212508    -0.4466  28.213152     4.9713     5.2597     0.0105    96.1137 1.0000e-12  -74.17494 -113.25158  23.975254      99.97 5.3063e+02    729.918      17519  1029.0818  1029.0776    34.2079    34.2032    8.15067         29 0.0000e+00
    336.000    332.252    -0.4263  28.236987    -0.4245  28.235913     4.9755     5.2569    -0.0050    96.1211 1.0000e-12  -74.17494 -113.25158  23.975269      99.87 5.3063e+02    731.237      17551  1029.0882  1029.0854    34.2117    34.2082    8.14505         32 0.0000e+00
    337.000    333.242    -0.4209  28.243514    -0.4189  28.242633     4.9818     5.2579    -0.0149    96.1155 1.0000e-12  -74.17494 -113.25158  23.975284      99.86 5.3063e+02    732.556      17582  1029.0948  1029.0919    34.2138    34.2103    8.14377         32 0.0000e+00
    338.000    334.229    -0.4166  28.248868    -0.4147  28.248021     4.9714     5.2426    -0.0079    96.0744 1.0000e-12  -74.17494 -113.25158  23.975300      99.86 5.3063e+02    733.896      17615  1029.1011  1029.0983    34.2155    34.2122    8.14274         32 0.0000e+00
    339.000    335.216    -0.3976  28.268727    -0.3953  28.267679     4.9632     5.2308     0.0266    96.0663 1.0000e-12  -74.17494 -113.25158  23.975315      99.87 5.3019e+02    735.229      17646  1029.1085  1029.1051    34.2201    34.2161    8.13841         32 0.0000e+00
    340.000    336.205    -0.3868  28.279121    -0.3852  28.278237     4.9678     5.2405     0.0126    96.0267 1.0000e-12  -74.17494 -113.25158  23.975330      99.87 5.2972e+02    736.543      17678  1029.1138  1029.1113    34.2213    34.2183    8.13604         31 0.0000e+00
    341.000    337.193    -0.3917  28.275185    -0.3903  28.274421     4.9740     5.2385    -0.0097    96.0107 1.0000e-12  -74.17494 -113.25158  23.975346      99.86 5.2969e+02    737.865      17710  1029.1191  1029.1168    34.2209    34.2183    8.13711         32 0.0000e+00
    342.000    338.181    -0.3919  28.275652    -0.3897  28.275281     4.9785     5.2392    -0.0091    96.0124 1.0000e-12  -74.17494 -113.25158  23.975361      99.86 5.2919e+02    739.200      17742  1029.1244  1029.1218    34.2212    34.2182    8.13714         32 0.0000e+00
    343.000    339.168    -0.3900  28.277987    -0.3886  28.277048     4.9795     5.2456    -0.0049    95.9995 1.0000e-12  -74.17494 -113.25158  23.975376      85.06 5.2891e+02    740.525      17774  1029.1295  1029.1271    34.2215    34.2187    8.13670         32 0.0000e+00
    344.000    340.157    -0.3929  28.276726    -0.3906  28.276345     4.9735     5.2393    -0.0133    95.9724 1.0000e-12  -74.17494 -113.25158  23.975392      99.38 5.2886e+02    741.845      17805  1029.1355  1029.1329    34.2225    34.2195    8.13727         32 0.0000e+00
    345.000    341.145    -0.3845  28.285368    -0.3821  28.285043     4.9636     5.2301    -0.0096    95.9736 1.0000e-12  -74.17494 -113.25158  23.975407      99.86 5.2886e+02    743.160      17837  1029.1410  1029.1383    34.2241    34.2209    8.13539         31 0.0000e+00
    346.000    342.133    -0.3764  28.293519    -0.3746  28.292706     4.9653     5.2305    -0.0033    95.9835 1.0000e-12  -74.17494 -113.25158  23.975422      99.86 5.2886e+02    744.445      17868  1029.1462  1029.1436    34.2252    34.2221    8.13358         31 0.0000e+00
    347.000    343.121    -0.3748  28.295699    -0.3730  28.294962     4.9592     5.2238     0.0005    95.9381 1.0000e-12  -74.17494 -113.25158  23.975437      99.87 5.2911e+02    745.746      17899  1029.1514  1029.1489    34.2257    34.2228    8.13321         31 0.0000e+00
    348.000    344.109    -0.3733  28.297943    -0.3718  28.296884     4.9583     5.2225     0.0034    95.9812 1.0000e-12  -74.17494 -113.25158  23.975452      99.86 5.2943e+02    747.043      17930  1029.1568  1029.1542    34.2264    34.2234    8.13285         31 0.0000e+00
