ocean_section_plots/required_files/ctd/dnbp2202_ctd201.cnv
* Sea-Bird SBE 9 Data File:
* FileName = D:\Data\raw\NBP2202_CTD201.hex
* Software Version Seasave V 7.26.7.121
* Temperature SN = 1649
* Conductivity SN = 2513
* Number of Bytes Per Scan = 40
* Number of Voltage Words = 5
* Number of Scans Averaged by the Deck Unit = 1
* NMEA Latitude = 73 51.49 S
* NMEA Longitude = 113 03.67 W
* NMEA UTC (Time) = Feb 08 2022  18:15:22
* NMEA baud rate = 9600
** Ship: RVIB N.B. Palmer
** Cruise: NBP2202 Thwaites
** Station: 120
** Operator: A. Robinson Ken B
# nquan = 28
# nvalues = 758                         
# units = specified
# name 0 = prDM: Pressure, Digiquartz [db]
# name 1 = depSM: Depth [salt water, m]
# name 2 = t090C: Temperature [ITS-90, deg C]
# name 3 = c0mS/cm: Conductivity [mS/cm]
# name 4 = t190C: Temperature, 2 [ITS-90, deg C]
# name 5 = c1mS/cm: Conductivity, 2 [mS/cm]
# name 6 = sbeox0ML/L: Oxygen, SBE 43 [ml/l]
# name 7 = sbeox1ML/L: Oxygen, SBE 43, 2 [ml/l]
# name 8 = flECO-AFL: Fluorescence, WET Labs ECO-AFL/FL [mg/m^3]
# name 9 = CStarTr0: Beam Transmission, WET Labs C-Star [%]
# name 10 = par: PAR/Irradiance, Biospherical/Licor
# name 11 = latitude: Latitude [deg]
# name 12 = longitude: Longitude [deg]
# name 13 = timeJ: Julian Days
# name 14 = altM: Altimeter [m]
# name 15 = spar: SPAR, Biospherical/Licor
# name 16 = timeS: Time, Elapsed [seconds]
# name 17 = scan: Scan Count
# name 18 = density00: Density [density, kg/m^3]
# name 19 = density11: Density, 2 [density, kg/m^3]
# name 20 = v3: Voltage 3
# name 21 = v4: Voltage 4
# name 22 = v5: Voltage 5
# name 23 = sal00: Salinity, Practical [PSU]
# name 24 = sal11: Salinity, Practical, 2 [PSU]
# name 25 = oxsolML/L: Oxygen Saturation, Garcia & Gordon [ml/l]
# name 26 = nbin: number of scans per bin
# name 27 = flag: flag
# span 0 =      1.000,    758.000       
# span 1 =      0.993,    748.796       
# span 2 =    -1.5055,     0.3358       
# span 3 =  27.025343,  29.272306       
# span 4 =    -1.5046,     0.3381       
# span 5 =  27.025747,  29.272515       
# span 6 =     4.6353,     9.0644       
# span 7 =     4.7528,     9.3636       
# span 8 =    -0.0166,    27.6808       
# span 9 =    75.8099,    98.4793       
# span 10 = -1.382e-05, 3.4038e+02      
# span 11 =  -73.85828,  -73.85826      
# span 12 = -113.06136, -113.06130      
# span 13 =  39.763433,  39.775359      
# span 14 =     -18.84,     100.22      
# span 15 = 2.6073e+02, 2.8291e+02      
# span 16 =    238.616,   1269.037      
# span 17 =       5728,      30458      
# span 18 =  1027.1566,  1031.2454      
# span 19 =  1027.1556,  1031.2434      
# span 20 =     3.5968,     4.6717      
# span 21 =     0.0637,     4.4615      
# span 22 =     0.1162,     0.2689      
# span 23 =    33.7827,    34.4805      
# span 24 =    33.7814,    34.4780      
# span 25 =    7.96941,    8.39865      
# span 26 =         11,         76      
# span 27 = 0.0000e+00, 0.0000e+00      
# interval = decibars: 1                
# start_time = Feb 08 2022 18:15:22 [NMEA time, header]
# bad_flag = -9.990e-29
*END*
[from data line 311]
    312.000    308.542    -0.9073  27.805888    -0.9058  27.806469     5.6013     5.7632     0.2556    98.1871 1.0000e-12  -73.85828 -113.06132  39.768413      99.92 2.7665e+02    668.895      16054  1028.9828  1028.9821     4.6578     0.1090     0.1223    34.1880    34.1871    8.25070         30 0.0000e+00
    313.000    309.531    -0.9276  27.790023    -0.9244  27.790854     5.6541     5.7899     0.1097    98.2480 1.0000e-12  -73.85828 -113.06132  39.768428      99.92 2.7659e+02    670.177      16085  1028.9899  1028.9877     4.6607     0.0870     0.1220    34.1888    34.1864    8.25510         30 0.0000e+00
    314.000    310.520    -0.9259  27.791997    -0.9246  27.791908     5.7131     5.8494     0.0956    98.1444 1.0000e-12  -73.85828 -113.06132  39.768443      99.91 2.7628e+02    671.515      16117  1028.9947  1028.9934     4.6558     0.1028     0.1199    34.1890    34.1875    8.25473         32 0.0000e+00
    315.000    311.507    -0.9867  27.739266    -0.9861  27.740109     5.7788     5.9081     0.0928    98.2338 1.0000e-12  -73.85828 -113.06132  39.768460      99.93 2.7915e+02    672.921      16151  1029.0013  1029.0017     4.6600     0.0883     0.1207    34.1857    34.1862    8.26829         35 0.0000e+00
    316.000    312.496    -1.0210  27.709971    -1.0199  27.710020     5.8291     5.9607     0.0773    98.3086 1.0000e-12  -73.85828 -113.06132  39.768477      99.92 2.7889e+02    674.389      16186  1029.0070  1029.0060     4.6636     0.0867     0.1194    34.1841    34.1830    8.27593         35 0.0000e+00
    317.000    313.484    -1.0903  27.650306    -1.0876  27.652571     5.8739     6.0166     0.0734    98.3046 1.0000e-12  -73.85828 -113.06132  39.768492      99.93 2.7759e+02    675.731      16219  1029.0138  1029.0136     4.6634     0.0835     0.1196    34.1809    34.1809    8.29142         30 0.0000e+00
    318.000    314.472    -1.1180  27.626959    -1.1191  27.626019     5.8985     6.0481     0.0717    98.3319 1.0000e-12  -73.85828 -113.06132  39.768506      99.92 2.7768e+02    676.934      16247  1029.0192  1029.0193     4.6647     0.0846     0.1205    34.1799    34.1798    8.29761         29 0.0000e+00
    319.000    315.460    -1.1699  27.583151    -1.1620  27.589616     5.9102     6.0686     0.0649    98.1928 1.0000e-12  -73.85828 -113.06133  39.768522      99.92 2.8021e+02    678.268      16279  1029.0258  1029.0251     4.6581     0.0848     0.1184    34.1784    34.1782    8.30919         36 0.0000e+00
    320.000    316.448    -1.1550  27.597550    -1.1527  27.598093     5.8650     6.0388     0.0702    98.2961 1.0000e-12  -73.85828 -113.06133  39.768540      99.93 2.7734e+02    679.863      16318  1029.0304  1029.0287     4.6630     0.0819     0.1178    34.1806    34.1787    8.30576         37 0.0000e+00
    321.000    317.437    -1.1331  27.618844    -1.1287  27.620514     5.8202     5.9885     0.0644    98.3561 1.0000e-12  -73.85828 -113.06132  39.768556      99.93 2.7763e+02    681.221      16350  1029.0359  1029.0334     4.6658     0.0942     0.1209    34.1841    34.1814    8.30070         29 0.0000e+00
    322.000    318.424    -1.0865  27.662003    -1.0829  27.662578     5.8007     5.9772     0.0727    98.1004 1.0000e-12  -73.85828 -113.06132  39.768569      99.92 2.8013e+02    682.352      16377  1029.0412  1029.0384     4.6537     0.0826     0.1204    34.1895    34.1861    8.29007         25 0.0000e+00
    323.000    319.412    -1.0817  27.666246    -1.0794  27.666652     5.7966     5.9732     0.0986    97.9934 1.0000e-12  -73.85828 -113.06132  39.768581      99.92 2.7559e+02    683.387      16402  1029.0454  1029.0436     4.6487     0.0906     0.1197    34.1892    34.1871    8.28903         26 0.0000e+00
    324.000    320.402    -1.0814  27.667031    -1.0799  27.666765     5.7930     5.9723     0.0839    98.3856 1.0000e-12  -73.85828 -113.06133  39.768597      99.92 2.7927e+02    684.745      16435  1029.0502  1029.0485     4.6672     0.0891     0.1190    34.1893    34.1873    8.28896         37 0.0000e+00
    325.000    321.388    -1.0758  27.672708    -1.0739  27.672810     5.7793     5.9562     0.1224    98.3755 1.0000e-12  -73.85828 -113.06133  39.768615      99.93 2.7963e+02    686.296      16472  1029.0551  1029.0534     4.6668     0.0845     0.1197    34.1900    34.1880    8.28767         34 0.0000e+00
    326.000    322.377    -1.0711  27.677810    -1.0692  27.677760     5.7555     5.9386     0.0740    98.3971 1.0000e-12  -73.85828 -113.06133  39.768629      99.92 2.7664e+02    687.541      16502  1029.0604  1029.0585     4.6678     0.0838     0.1196    34.1911    34.1888    8.28658         27 0.0000e+00
    327.000    323.364    -1.0490  27.698413    -1.0471  27.698084     5.7457     5.9195     0.0569    98.3907 1.0000e-12  -73.85828 -113.06133  39.768642      99.92 2.7595e+02    688.629      16528  1029.0654  1029.0632     4.6675     0.0995     0.1191    34.1934    34.1908    8.28155         27 0.0000e+00
    328.000    324.353    -1.0441  27.703193    -1.0415  27.703738     5.7398     5.9168     0.0807    98.3451 1.0000e-12  -73.85828 -113.06133  39.768657      99.93 2.7830e+02    689.939      16560  1029.0702  1029.0683     4.6653     0.0821     0.1204    34.1937    34.1915    8.28045         33 0.0000e+00
    329.000    325.341    -1.0359  27.711261    -1.0341  27.711458     5.7534     5.9292     0.0848    98.3269 1.0000e-12  -73.85828 -113.06133  39.768676      84.29 2.7752e+02    691.631      16600  1029.0754  1029.0738     4.6645     0.0855     0.1190    34.1948    34.1930    8.27858         36 0.0000e+00
    330.000    326.329    -1.0364  27.713145    -1.0334  27.713729     5.7383     5.8982     0.0847    98.3753 1.0000e-12  -73.85828 -113.06133  39.768692      85.75 2.7676e+02    692.989      16633  1029.0824  1029.0801     4.6667     0.0817     0.1162    34.1973    34.1947    8.27855         29 0.0000e+00
    331.000    327.319    -1.0208  27.727459    -1.0195  27.726710     5.7481     5.9088     0.0700    98.3565 1.0000e-12  -73.85828 -113.06134  39.768705      98.66 2.8071e+02    694.105      16660  1029.0870  1029.0850     4.6659     0.0796     0.1193    34.1985    34.1960    8.27504         26 0.0000e+00
    332.000    328.304    -1.0086  27.738969    -1.0083  27.737430     5.7815     5.9382     0.0647    98.3292 1.0000e-12  -73.85828 -113.06132  39.768717      99.91 2.7476e+02    695.171      16685  1029.0919  1029.0900     4.6645     0.0823     0.1201    34.1997    34.1972    8.27228         26 0.0000e+00
    333.000    329.294    -1.0613  27.692725    -1.0624  27.692206     5.7899     5.9569     0.0966    98.2747 1.0000e-12  -73.85828 -113.06132  39.768733      99.92 2.7862e+02    696.505      16717  1029.0978  1029.0984     4.6620     0.0823     0.1195    34.1960    34.1965    8.28413         36 0.0000e+00
    334.000    330.281    -1.0680  27.689779    -1.0659  27.689832     5.7618     5.9447     0.0770    98.3884 1.0000e-12  -73.85828 -113.06133  39.768751      99.92 2.7835e+02    698.060      16754  1029.1053  1029.1033     4.6674     0.0827     0.1217    34.1989    34.1966    8.28543         31 0.0000e+00
    335.000    331.270    -1.0387  27.717312    -1.0373  27.716102     5.6956     5.8777     0.1296    98.3281 1.0000e-12  -73.85828 -113.06134  39.768765      99.92 2.7719e+02    699.295      16784  1029.1108  1029.1081     4.6645     0.0801     0.1223    34.2026    34.1993    8.27875         28 0.0000e+00
    336.000    332.257    -0.9920  27.760252    -0.9899  27.758945     5.6498     5.8347     0.1167    98.3396 1.0000e-12  -73.85828 -113.06134  39.768778      99.92 2.7628e+02    700.382      16810  1029.1160  1029.1125     4.6651     0.0854     0.1196    34.2074    34.2032    8.26819         27 0.0000e+00
    337.000    333.246    -0.9358  27.810567    -0.9337  27.809624     5.6153     5.7933     0.0659    98.3946 1.0000e-12  -73.85828 -113.06134  39.768793      99.92 2.7821e+02    701.675      16841  1029.1201  1029.1170     4.6677     0.0827     0.1193    34.2114    34.2077    8.25560         36 0.0000e+00
    338.000    334.235    -0.9192  27.825753    -0.9173  27.825632     5.6155     5.8020     0.0759    98.3707 1.0000e-12  -73.85828 -113.06134  39.768812      99.92 2.7840e+02    703.350      16881  1029.1252  1029.1232     4.6665     0.0853     0.1179    34.2126    34.2102    8.25189         37 0.0000e+00
    339.000    335.221    -0.9199  27.825316    -0.9180  27.825379     5.5790     5.7625     0.0752    98.3742 1.0000e-12  -73.85828 -113.06134  39.768828      99.93 2.7355e+02    704.727      16914  1029.1301  1029.1284     4.6668     0.0991     0.1228    34.2122    34.2101    8.25206         29 0.0000e+00
    340.000    336.210    -0.9069  27.840450    -0.9164  27.827699     5.5395     5.7219     0.0953    98.3917 1.0000e-12  -73.85828 -113.06134  39.768841      96.98 2.8044e+02    705.823      16941  1029.1383  1029.1338     4.6675     0.0786     0.1185    34.2173    34.2108    8.24891         24 0.0000e+00
    341.000    337.197    -0.8459  27.894568    -0.8462  27.892383     5.5164     5.7004     0.0939    98.3732 1.0000e-12  -73.85828 -113.06134  39.768852      97.11 2.7763e+02    706.822      16965  1029.1418  1029.1396     4.6666     0.0922     0.1207    34.2210    34.2184    8.23535         24 0.0000e+00
    342.000    338.187    -0.8332  27.907084    -0.8332  27.904520     5.5008     5.6745     0.0572    98.3843 1.0000e-12  -73.85828 -113.06134  39.768866      99.86 2.7625e+02    708.051      16994  1029.1477  1029.1448     4.6672     0.0924     0.1219    34.2230    34.2195    8.23246         32 0.0000e+00
    343.000    339.176    -0.8099  27.928506    -0.8095  27.926728     5.4671     5.6436     0.0577    98.3934 1.0000e-12  -73.85826 -113.06134  39.768884      99.92 2.8022e+02    709.553      17030  1029.1529  1029.1505     4.6676     0.0804     0.1184    34.2250    34.2220    8.22726         33 0.0000e+00
    344.000    340.161    -0.7820  27.954604    -0.7791  27.954487     5.4547     5.6225     0.0686    98.4088 1.0000e-12  -73.85826 -113.06134  39.768899      99.92 2.7666e+02    710.917      17063  1029.1586  1029.1555     4.6683     0.0797     0.1172    34.2281    34.2246    8.22099         30 0.0000e+00
    345.000    341.151    -0.7665  27.969562    -0.7645  27.969412     5.4487     5.6101     0.0935    98.3829 1.0000e-12  -73.85828 -113.06134  39.768913      99.92 2.7762e+02    712.083      17091  1029.1643  1029.1622     4.6671     0.0801     0.1190    34.2302    34.2277    8.21750         27 0.0000e+00
    346.000    342.138    -0.7630  27.974308    -0.7610  27.973987     5.4446     5.6150     0.1069    98.2824 1.0000e-12  -73.85828 -113.06134  39.768926      99.92 2.7858e+02    713.224      17118  1029.1708  1029.1684     4.6624     0.0925     0.1247    34.2320    34.2293    8.21662         29 0.0000e+00
    347.000    343.126    -0.7566  27.980719    -0.7546  27.980499     5.4260     5.5914     0.0512    98.3450 1.0000e-12  -73.85826 -113.06134  39.768942      99.93 2.7921e+02    714.567      17151  1029.1762  1029.1741     4.6653     0.0806     0.1182    34.2328    34.2303    8.21519         36 0.0000e+00
    348.000    344.115    -0.7372  27.999205    -0.7354  27.998821     5.4075     5.5694     0.1386    98.3267 1.0000e-12  -73.85826 -113.06134  39.768960      99.92 2.7686e+02    716.122      17188  1029.1819  1029.1797     4.6645     0.0798     0.1217    34.2352    34.2326    8.21083         33 0.0000e+00
    349.000    345.101    -0.7175  28.017541    -0.7149  28.017844     5.3803     5.5498     0.0549    98.3580 1.0000e-12  -73.85826 -113.06134  39.768976      99.92 2.7729e+02    717.520      17221  1029.1871  1029.1848     4.6659     0.0788     0.1316    34.2371    34.2345    8.20644         31 0.0000e+00
    350.000    346.089    -0.6992  28.035318    -0.6954  28.035640     5.3498     5.5171     0.0484    98.3468 1.0000e-12  -73.85826 -113.06134  39.768990      99.92 2.7678e+02    718.740      17251  1029.1930  1029.1896     4.6654     0.0785     0.1173    34.2398    34.2360    8.20231         29 0.0000e+00
    351.000    347.078    -0.6670  28.064204    -0.6652  28.063423     5.3324     5.4933     0.0591    98.4231 1.0000e-12  -73.85826 -113.06134  39.769004      96.25 2.7617e+02    719.946      17280  1029.1972  1029.1947     4.6690     0.1115     0.1219    34.2417    34.2387    8.19521         29 0.0000e+00
    352.000    348.066    -0.6410  28.088127    -0.6332  28.092478     5.3080     5.4701     0.0664    98.4104 1.0000e-12  -73.85826 -113.06134  39.769019      99.93 2.7823e+02    721.273      17312  1029.2023  1029.1994     4.6684     0.0861     0.1190    34.2440    34.2411    8.18944         34 0.0000e+00
    353.000    349.054    -0.6189  28.108561    -0.6157  28.109258     5.2844     5.4442     0.1144    98.2956 1.0000e-12  -73.85826 -113.06135  39.769036      99.92 2.7859e+02    722.735      17347  1029.2075  1029.2051     4.6630     0.0799     0.1221    34.2460    34.2433    8.18456         36 0.0000e+00
    354.000    350.042    -0.5929  28.132680    -0.5902  28.132496     5.2609     5.4230     0.0458    98.3086 1.0000e-12  -73.85826 -113.06136  39.769052      99.92 2.7734e+02    724.128      17380  1029.2127  1029.2100     4.6636     0.0774     0.1193    34.2484    34.2452    8.17878         31 0.0000e+00
    355.000    351.030    -0.5812  28.143787    -0.5776  28.144286     5.2469     5.4080     0.0603    98.4311 1.0000e-12  -73.85826 -113.06134  39.769067      99.92 2.7804e+02    725.358      17410  1029.2180  1029.2150     4.6694     0.0786     0.1188    34.2496    34.2462    8.17619         29 0.0000e+00
    356.000    352.018    -0.5535  28.169767    -0.5508  28.169223     5.2276     5.3834     0.0654    98.3936 1.0000e-12  -73.85826 -113.06133  39.769081      99.92 2.7888e+02    726.586      17439  1029.2235  1029.2203     4.6676     0.0788     0.1166    34.2527    34.2489    8.17004         30 0.0000e+00
    357.000    353.006    -0.5327  28.188916    -0.5306  28.188247     5.2161     5.3636     0.0562    98.3217 1.0000e-12  -73.85826 -113.06133  39.769096      99.92 2.7790e+02    727.918      17471  1029.2285  1029.2258     4.6642     0.0799     0.1196    34.2544    34.2511    8.16547         33 0.0000e+00
    358.000    353.994    -0.5156  28.205578    -0.5144  28.204705     5.2305     5.3684     0.0443    98.3884 1.0000e-12  -73.85826 -113.06134  39.769112      99.93 2.7727e+02    729.267      17503  1029.2344  1029.2324     4.6674     0.0801     0.1180    34.2568    34.2543    8.16164         32 0.0000e+00
    359.000    354.982    -0.5335  28.190207    -0.5317  28.190482     5.2539     5.3929     0.0638    98.3780 1.0000e-12  -73.85826 -113.06134  39.769128      99.92 2.7859e+02    730.628      17536  1029.2403  1029.2389     4.6669     0.0793     0.1205    34.2558    34.2541    8.16556         33 0.0000e+00
    360.000    355.969    -0.5748  28.154896    -0.5726  28.155286     5.2759     5.4226     0.0520    98.3539 1.0000e-12  -73.85826 -113.06134  39.769143      89.37 2.7627e+02    731.983      17569  1029.2475  1029.2459     4.6658     0.0769     0.1172    34.2543    34.2524    8.17454         32 0.0000e+00
    361.000    356.957    -0.5865  28.145267    -0.5844  28.145172     5.2753     5.4324     0.0391    98.3609 1.0000e-12  -73.85826 -113.06134  39.769158      99.88 2.7653e+02    733.246      17599  1029.2530  1029.2510     4.6661     0.0774     0.1204    34.2539    34.2515    8.17709         29 0.0000e+00
    362.000    357.946    -0.5849  28.147518    -0.5832  28.146836     5.2461     5.3966     0.0346    98.3435 1.0000e-12  -73.85826 -113.06134  39.769172      99.92 2.7903e+02    734.491      17629  1029.2582  1029.2559     4.6653     0.0807     0.1208    34.2546    34.2518    8.17671         31 0.0000e+00
