ocean_section_plots/required_files/ctd/dnbp2202_ctd080.cnv
* Sea-Bird SBE 9 Data File:
* FileName = D:\Data\raw\NBP2202_CTD080.hex
* Software Version Seasave V 7.26.7.121
* Temperature SN = 1649
* Conductivity SN = 2513
* Number of Bytes Per Scan = 40
* Number of Voltage Words = 5
* Number of Scans Averaged by the Deck Unit = 1
* NMEA Latitude = 74 10.51 S
* NMEA Longitude = 113 20.67 W
* NMEA UTC (Time) = Jan 26 2022  17:11:14
* NMEA baud rate = 9600
** Ship: RVIB N.B. Palmer
** Cruise: NBP2202 Thwaites
** Station: YoYo001
** Operator: A. Robinson
# nquan = 25
# nvalues = 606                         
# units = specified
# name 0 = prDM: Pressure, Digiquartz [db]
# name 1 = depSM: Depth [salt water, m]
# name 2 = t090C: Temperature [ITS-90, deg C]
# name 3 = c0mS/cm: Conductivity [mS/cm]
# name 4 = t190C: Temperature, 2 [ITS-90, deg C]
# name 5 = c1mS/cm: Conductivity, 2 [mS/cm]
# name 6 = sbeox0ML/L: Oxygen, SBE 43 [ml/l]
# name 7 = sbeox1ML/L: Oxygen, SBE 43, 2 [ml/l]
# name 8 = flECO-AFL: Fluorescence, WET Labs ECO-AFL/FL [mg/m^3]
# name 9 = CStarTr0: Beam Transmission, WET Labs C-Star [%]
# name 10 = par: PAR/Irradiance, Biospherical/Licor
# name 11 = latitude: Latitude [deg]
# name 12 = longitude: Longitude [deg]
# name 13 = timeJ: Julian Days
# name 14 = altM: Altimeter [m]
# name 15 = spar: SPAR, Biospherical/Licor
# name 16 = timeS: Time, Elapsed [seconds]
# name 17 = scan: Scan Count
# name 18 = density00: Density [density, kg/m^3]
# name 19 = density11: Density, 2 [density, kg/m^3]
# name 20 = sal00: Salinity, Practical [PSU]
# name 21 = sal11: Salinity, Practical, 2 [PSU]
# name 22 = oxsolML/L: Oxygen Saturation, Garcia & Gordon [ml/l]
# name 23 = nbin: number of scans per bin
# name 24 = flag: flag
# span 0 =     10.000,    615.000       
# span 1 =      9.893,    607.730       
# span 2 =    -1.5774,     0.0809       
# span 3 =  26.959215,  28.914252       
# span 4 =    -1.5755,     0.0826       
# span 5 =  26.958818,  28.913708       
# span 6 =     4.7071,     8.4786       
# span 7 =     4.7933,     8.2606       
# span 8 =    -0.0224,    22.1813       
# span 9 =    70.8475,    95.7458       
# span 10 = -5.578e-06, 6.1176e+01      
# span 11 =  -74.17530,  -74.17528      
# span 12 = -113.34463, -113.34458      
# span 13 =  26.716428,  26.725976      
# span 14 =       5.54,     100.52      
# span 15 = 1.7353e+03, 2.0458e+03      
# span 16 =     25.346,    850.344      
# span 17 =        609,      20409      
# span 18 =  1027.2274,  1030.5110      
# span 19 =  1027.2263,  1030.5088      
# span 20 =    33.7968,    34.3772      
# span 21 =    33.7954,    34.3746      
# span 22 =    8.02820,    8.41395      
# span 23 =         21,         49      
# span 24 = 0.0000e+00, 0.0000e+00      
# interval = decibars: 1                
# start_time = Jan 26 2022 17:11:14 [NMEA time, header]
# bad_flag = -9.990e-29
*END*
[from data line 522]
    532.000    525.818     0.0212  28.815049     0.0231  28.814700     4.7310     4.8270    -0.0100    94.9806 1.0000e-12  -74.17528 -113.34460  26.724213      90.32 2.0175e+03    698.037      16754  1030.1118  1030.1096    34.3617    34.3592    8.04159         29 0.0000e+00
    533.000    526.806     0.0220  28.816187     0.0233  28.815533     4.7322     4.8220    -0.0051    94.9845 1.0000e-12  -74.17528 -113.34460  26.724227      89.03 2.0391e+03    699.231      16783  1030.1165  1030.1145    34.3618    34.3594    8.04142         28 0.0000e+00
    534.000    527.793     0.0219  28.816794     0.0237  28.816255     4.7317     4.8233    -0.0090    94.9688 1.0000e-12  -74.17528 -113.34460  26.724241      88.25 2.0194e+03    700.434      16811  1030.1215  1030.1192    34.3620    34.3593    8.04141         29 0.0000e+00
    535.000    528.781     0.0262  28.821558     0.0292  28.822123     4.7277     4.8213    -0.0089    94.9710 1.0000e-12  -74.17528 -113.34460  26.724255      87.51 1.9960e+03    701.642      16840  1030.1265  1030.1242    34.3629    34.3604    8.04046         30 0.0000e+00
    536.000    529.767     0.0305  28.826469     0.0326  28.826242     4.7282     4.8185    -0.0100    94.9817 1.0000e-12  -74.17528 -113.34460  26.724269      85.83 2.0302e+03    702.845      16869  1030.1317  1030.1295    34.3640    34.3614    8.03950         28 0.0000e+00
    537.000    530.753     0.0312  28.827730     0.0331  28.827308     4.7272     4.8157    -0.0090    94.9632 1.0000e-12  -74.17528 -113.34460  26.724283      85.25 2.0398e+03    704.029      16898  1030.1366  1030.1344    34.3643    34.3616    8.03933         28 0.0000e+00
    538.000    531.742     0.0312  28.828090     0.0330  28.827696     4.7310     4.8217    -0.0090    94.9637 1.0000e-12  -74.17528 -113.34460  26.724296      83.70 2.0326e+03    705.207      16926  1030.1414  1030.1392    34.3642    34.3617    8.03935         29 0.0000e+00
    539.000    532.727     0.0315  28.829089     0.0334  28.828684     4.7277     4.8173    -0.0161    94.9956 1.0000e-12  -74.17528 -113.34460  26.724310      82.79 2.0141e+03    706.400      16955  1030.1464  1030.1442    34.3646    34.3620    8.03926         28 0.0000e+00
    540.000    533.715     0.0319  28.830022     0.0332  28.829211     4.7279     4.8158    -0.0153    94.9785 1.0000e-12  -74.17528 -113.34459  26.724324      82.23 2.0221e+03    707.603      16983  1030.1512  1030.1491    34.3648    34.3623    8.03916         29 0.0000e+00
    541.000    534.702     0.0318  28.830325     0.0336  28.830028     4.7284     4.8145    -0.0075    94.9555 1.0000e-12  -74.17528 -113.34459  26.724338      81.23 2.0150e+03    708.811      17012  1030.1560  1030.1538    34.3648    34.3623    8.03920         30 0.0000e+00
    542.000    535.690     0.0320  28.831229     0.0341  28.831039     4.7290     4.8155    -0.0051    94.9587 1.0000e-12  -74.17528 -113.34459  26.724352      79.50 2.0126e+03    710.019      17041  1030.1609  1030.1587    34.3651    34.3625    8.03912         28 0.0000e+00
    543.000    536.677     0.0347  28.834198     0.0359  28.833009     4.7305     4.8200    -0.0100    94.9422 1.0000e-12  -74.17528 -113.34458  26.724366      78.92 2.0198e+03    711.227      17070  1030.1657  1030.1634    34.3655    34.3626    8.03855         29 0.0000e+00
    544.000    537.663     0.0359  28.835571     0.0367  28.834394     4.7295     4.8210    -0.0046    94.9614 1.0000e-12  -74.17528 -113.34460  26.724380      78.03 2.0178e+03    712.438      17100  1030.1703  1030.1683    34.3653    34.3628    8.03830         29 0.0000e+00
    545.000    538.651     0.0336  28.833950     0.0346  28.832915     4.7268     4.8214    -0.0068    94.9493 1.0000e-12  -74.17528 -113.34460  26.724394      76.51 2.0020e+03    713.662      17129  1030.1751  1030.1730    34.3652    34.3627    8.03879         30 0.0000e+00
    546.000    539.637     0.0331  28.834137     0.0350  28.833677     4.7288     4.8213    -0.0145    94.9353 1.0000e-12  -74.17528 -113.34460  26.724408      75.55 1.9653e+03    714.877      17158  1030.1800  1030.1777    34.3654    34.3627    8.03888         29 0.0000e+00
    547.000    540.625     0.0310  28.832646     0.0337  28.833137     4.7333     4.8225    -0.0172    94.9395 1.0000e-12  -74.17528 -113.34460  26.724422      74.73 1.9283e+03    716.081      17187  1030.1848  1030.1827    34.3652    34.3628    8.03933         28 0.0000e+00
    548.000    541.611     0.0285  28.830882     0.0302  28.830401     4.7352     4.8227    -0.0103    94.9407 1.0000e-12  -74.17528 -113.34460  26.724436      74.28 1.9334e+03    717.274      17216  1030.1896  1030.1875    34.3650    34.3625    8.03987         29 0.0000e+00
    549.000    542.599     0.0294  28.832466     0.0315  28.832201     4.7327     4.8229    -0.0096    94.9572 1.0000e-12  -74.17528 -113.34459  26.724450      72.66 1.9798e+03    718.478      17244  1030.1946  1030.1924    34.3655    34.3629    8.03965         30 0.0000e+00
    550.000    543.586     0.0308  28.834336     0.0325  28.833822     4.7345     4.8234    -0.0091    94.9454 1.0000e-12  -74.17528 -113.34459  26.724465      71.84 2.0069e+03    719.738      17275  1030.1995  1030.1973    34.3659    34.3633    8.03934         31 0.0000e+00
    551.000    544.572     0.0319  28.836049     0.0341  28.836044     4.7290     4.8240    -0.0090    94.9463 1.0000e-12  -74.17528 -113.34459  26.724480      70.95 2.0047e+03    721.076      17307  1030.2044  1030.2023    34.3663    34.3639    8.03908         33 0.0000e+00
    552.000    545.559     0.0340  28.838970     0.0361  28.838908     4.7334     4.8238    -0.0099    94.9494 1.0000e-12  -74.17528 -113.34459  26.724496      70.01 2.0320e+03    722.463      17340  1030.2097  1030.2076    34.3673    34.3648    8.03860         33 0.0000e+00
    553.000    546.547     0.0353  28.840943     0.0372  28.840709     4.7352     4.8207    -0.0084    94.9761 1.0000e-12  -74.17528 -113.34459  26.724512      68.50 2.0445e+03    723.841      17373  1030.2147  1030.2126    34.3678    34.3653    8.03828         33 0.0000e+00
    554.000    547.534     0.0361  28.842236     0.0378  28.841852     4.7365     4.8203    -0.0032    94.9624 1.0000e-12  -74.17528 -113.34459  26.724528      67.85 2.0458e+03    725.183      17405  1030.2196  1030.2175    34.3680    34.3656    8.03810         32 0.0000e+00
    555.000    548.521     0.0362  28.842854     0.0381  28.842667     4.7376     4.8201    -0.0053    94.9727 1.0000e-12  -74.17528 -113.34459  26.724543      67.01 2.0458e+03    726.545      17438  1030.2244  1030.2223    34.3681    34.3657    8.03808         34 0.0000e+00
    556.000    549.508     0.0364  28.843386     0.0383  28.843252     4.7298     4.8186    -0.0068    94.9676 1.0000e-12  -74.17528 -113.34459  26.724560      65.77 2.0371e+03    727.954      17472  1030.2290  1030.2271    34.3680    34.3658    8.03804         34 0.0000e+00
    557.000    550.494     0.0368  28.844249     0.0387  28.843990     4.7293     4.8200    -0.0112    94.9982 1.0000e-12  -74.17528 -113.34460  26.724576      64.96 2.0250e+03    729.360      17506  1030.2338  1030.2317    34.3682    34.3657    8.03795         33 0.0000e+00
    558.000    551.482     0.0374  28.845319     0.0395  28.845355     4.7366     4.8224    -0.0146    95.0161 1.0000e-12  -74.17528 -113.34460  26.724592      63.89 2.0341e+03    730.734      17539  1030.2386  1030.2366    34.3683    34.3660    8.03782         30 0.0000e+00
    559.000    552.469     0.0372  28.845624     0.0388  28.845119     4.7297     4.8226    -0.0097    95.0235 1.0000e-12  -74.17528 -113.34460  26.724607      62.71 2.0372e+03    732.082      17571  1030.2434  1030.2413    34.3684    34.3658    8.03786         33 0.0000e+00
    560.000    553.455     0.0373  28.846089     0.0390  28.845734     4.7301     4.8232    -0.0093    95.0266 1.0000e-12  -74.17528 -113.34460  26.724623      61.56 2.0406e+03    733.439      17604  1030.2480  1030.2460    34.3683    34.3659    8.03785         33 0.0000e+00
    561.000    554.442     0.0380  28.847309     0.0402  28.847437     4.7345     4.8234    -0.0152    94.9974 1.0000e-12  -74.17528 -113.34460  26.724639      60.74 2.0335e+03    734.814      17637  1030.2529  1030.2509    34.3685    34.3662    8.03769         33 0.0000e+00
    562.000    555.430     0.0393  28.849071     0.0414  28.849051     4.7266     4.8188    -0.0102    95.0112 1.0000e-12  -74.17528 -113.34460  26.724655      59.53 2.0086e+03    736.205      17670  1030.2577  1030.2556    34.3688    34.3664    8.03740         34 0.0000e+00
    563.000    556.417     0.0406  28.850782     0.0421  28.850293     4.7252     4.8250    -0.0052    95.0167 1.0000e-12  -74.17528 -113.34460  26.724672      58.67 1.9613e+03    737.620      17704  1030.2625  1030.2605    34.3690    34.3667    8.03711         34 0.0000e+00
    564.000    557.404     0.0399  28.850683     0.0419  28.850490     4.7211     4.8175    -0.0139    95.0188 1.0000e-12  -74.17528 -113.34460  26.724688      57.75 1.9712e+03    739.033      17738  1030.2673  1030.2652    34.3690    34.3666    8.03725         33 0.0000e+00
    565.000    558.390     0.0409  28.852098     0.0430  28.851981     4.7193     4.8135    -0.0132    95.0141 1.0000e-12  -74.17528 -113.34460  26.724704      56.69 1.9870e+03    740.427      17771  1030.2720  1030.2699    34.3692    34.3667    8.03703         33 0.0000e+00
    566.000    559.378     0.0440  28.855466     0.0456  28.855086     4.7213     4.8191    -0.0070    95.0134 1.0000e-12  -74.17528 -113.34460  26.724720      55.47 1.9756e+03    741.829      17805  1030.2768  1030.2749    34.3696    34.3673    8.03636         33 0.0000e+00
    567.000    560.365     0.0441  28.856119     0.0454  28.855280     4.7263     4.8166    -0.0167    95.0369 1.0000e-12  -74.17528 -113.34460  26.724737      54.78 1.9785e+03    743.292      17840  1030.2816  1030.2795    34.3698    34.3672    8.03633         35 0.0000e+00
    568.000    561.352     0.0427  28.855078     0.0445  28.854843     4.7252     4.8126    -0.0179    95.0035 1.0000e-12  -74.17528 -113.34460  26.724754      53.70 2.0272e+03    744.781      17876  1030.2863  1030.2842    34.3694    34.3670    8.03665         36 0.0000e+00
    569.000    562.338     0.0430  28.855741     0.0447  28.855433     4.7263     4.8114    -0.0128    95.0360 1.0000e-12  -74.17528 -113.34460  26.724772      52.68 2.0193e+03    746.274      17912  1030.2909  1030.2889    34.3693    34.3671    8.03658         36 0.0000e+00
    570.000    563.324     0.0423  28.855491     0.0439  28.854970     4.7250     4.8164    -0.0096    95.0395 1.0000e-12  -74.17528 -113.34460  26.724789      51.38 1.9987e+03    747.736      17947  1030.2956  1030.2934    34.3692    34.3667    8.03674         34 0.0000e+00
    571.000    564.313     0.0441  28.857753     0.0461  28.857588     4.7217     4.8132    -0.0115    95.0047 1.0000e-12  -74.17528 -113.34460  26.724805      50.64 1.9695e+03    749.170      17981  1030.3003  1030.2983    34.3695    34.3672    8.03633         33 0.0000e+00
    572.000    565.299     0.0461  28.860066     0.0482  28.860064     4.7220     4.8018    -0.0096    95.0097 1.0000e-12  -74.17528 -113.34460  26.724822      49.61 1.9643e+03    750.625      18016  1030.3051  1030.3030    34.3699    34.3674    8.03591         35 0.0000e+00
    573.000    566.285     0.0491  28.863589     0.0505  28.862939     4.7177     4.8114    -0.0079    95.0174 1.0000e-12  -74.17528 -113.34460  26.724839      48.53 1.9483e+03    752.102      18051  1030.3101  1030.3081    34.3705    34.3681    8.03524         34 0.0000e+00
    574.000    567.273     0.0487  28.863533     0.0503  28.863181     4.7177     4.8078    -0.0105    95.0266 1.0000e-12  -74.17528 -113.34460  26.724856      47.74 1.9088e+03    753.571      18087  1030.3148  1030.3128    34.3704    34.3681    8.03534         31 0.0000e+00
    575.000    568.261     0.0507  28.866101     0.0510  28.864244     4.7202     4.8111    -0.0124    95.0016 1.0000e-12  -74.17528 -113.34460  26.724873      46.60 1.8920e+03    755.022      18122  1030.3197  1030.3175    34.3709    34.3681    8.03488         34 0.0000e+00
    576.000    569.246     0.0505  28.866406     0.0522  28.865898     4.7194     4.8100    -0.0115    94.9986 1.0000e-12  -74.17528 -113.34460  26.724890      45.51 1.8763e+03    756.482      18157  1030.3245  1030.3223    34.3709    34.3683    8.03492         35 0.0000e+00
    577.000    570.236     0.0494  28.865585     0.0513  28.865476     4.7198     4.8096    -0.0006    95.0115 1.0000e-12  -74.17528 -113.34460  26.724908      44.70 1.8730e+03    758.033      18194  1030.3290  1030.3270    34.3704    34.3682    8.03517         31 0.0000e+00
    578.000    571.221     0.0495  28.866337     0.0518  28.866550     4.7198     4.8085    -0.0065    94.9852 1.0000e-12  -74.17528 -113.34460  26.724927      43.38 1.8917e+03    759.657      18233  1030.3339  1030.3319    34.3707    34.3685    8.03513         40 0.0000e+00
    579.000    572.207     0.0503  28.867623     0.0528  28.868025     4.7182     4.8081    -0.0088    95.0002 1.0000e-12  -74.17528 -113.34460  26.724946      42.50 1.8420e+03    761.317      18273  1030.3387  1030.3368    34.3710    34.3688    8.03496         40 0.0000e+00
    580.000    573.193     0.0500  28.867772     0.0522  28.867933     4.7151     4.8095    -0.0048    94.9967 1.0000e-12  -74.17528 -113.34460  26.724965      41.41 1.7971e+03    762.971      18312  1030.3435  1030.3415    34.3710    34.3686    8.03503         31 0.0000e+00
    581.000    574.182     0.0500  28.868169     0.0524  28.868553     4.7144     4.8105    -0.0159    94.9809 1.0000e-12  -74.17528 -113.34460  26.724983      40.50 1.7848e+03    764.553      18350  1030.3482  1030.3462    34.3709    34.3687    8.03503         36 0.0000e+00
    582.000    575.168     0.0501  28.868607     0.0520  28.868475     4.7204     4.8103    -0.0096    94.9884 1.0000e-12  -74.17528 -113.34460  26.725001      39.66 1.7792e+03    766.107      18388  1030.3528  1030.3508    34.3708    34.3685    8.03502         37 0.0000e+00
    583.000    576.156     0.0509  28.869962     0.0532  28.870183     4.7207     4.8109    -0.0013    94.9733 1.0000e-12  -74.17528 -113.34460  26.725020      38.53 1.8240e+03    767.727      18426  1030.3576  1030.3556    34.3711    34.3688    8.03483         39 0.0000e+00
    584.000    577.142     0.0526  28.872224     0.0533  28.870716     4.7179     4.8102    -0.0010    94.9791 1.0000e-12  -74.17528 -113.34461  26.725039      37.46 1.8056e+03    769.384      18466  1030.3626  1030.3603    34.3715    34.3688    8.03444         38 0.0000e+00
    585.000    578.129     0.0518  28.871925     0.0535  28.871457     4.7209     4.8139    -0.0037    94.9686 1.0000e-12  -74.17528 -113.34461  26.725059      36.40 1.8646e+03    771.062      18506  1030.3673  1030.3652    34.3715    34.3690    8.03462         40 0.0000e+00
    586.000    579.115     0.0515  28.871978     0.0537  28.872061     4.7212     4.8106    -0.0099    94.9777 1.0000e-12  -74.17528 -113.34461  26.725077      35.54 1.8576e+03    772.695      18546  1030.3719  1030.3699    34.3713    34.3690    8.03469         37 0.0000e+00
    587.000    580.103     0.0517  28.872735     0.0539  28.872710     4.7212     4.8086    -0.0050    94.9832 1.0000e-12  -74.17528 -113.34461  26.725096      34.42 1.8004e+03    774.332      18585  1030.3767  1030.3746    34.3714    34.3690    8.03463         38 0.0000e+00
    588.000    581.089     0.0519  28.873397     0.0538  28.873119     4.7164     4.8039    -0.0103    94.9487 1.0000e-12  -74.17528 -113.34461  26.725116      33.18 1.7944e+03    776.059      18626  1030.3815  1030.3794    34.3716    34.3691    8.03460         37 0.0000e+00
