ocean_section_plots/required_files/ctd/dnbp2202_ctd094.cnv
* Sea-Bird SBE 9 Data File:
* FileName = D:\Data\raw\NBP2202_CTD094.hex
* Software Version Seasave V 7.26.7.121
* Temperature SN = 1649
* Conductivity SN = 2513
* Number of Bytes Per Scan = 40
* Number of Voltage Words = 5
* Number of Scans Averaged by the Deck Unit = 1
* NMEA Latitude = 74 10.51 S
* NMEA Longitude = 113 20.67 W
* NMEA UTC (Time) = Jan 26 2022  23:34:11
* NMEA baud rate = 9600
** Ship: RVIB N.B. Palmer
** Cruise: NBP2202 Thwaites
** Station: YoYo001
** Operator: A. Robinson
# nquan = 25
# nvalues = 609                         
# units = specified
# name 0 = prDM: Pressure, Digiquartz [db]
# name 1 = depSM: Depth [salt water, m]
# name 2 = t090C: Temperature [ITS-90, deg C]
# name 3 = c0mS/cm: Conductivity [mS/cm]
# name 4 = t190C: Temperature, 2 [ITS-90, deg C]
# name 5 = c1mS/cm: Conductivity, 2 [mS/cm]
# name 6 = sbeox0ML/L: Oxygen, SBE 43 [ml/l]
# name 7 = sbeox1ML/L: Oxygen, SBE 43, 2 [ml/l]
# name 8 = flECO-AFL: Fluorescence, WET Labs ECO-AFL/FL [mg/m^3]
# name 9 = CStarTr0: Beam Transmission, WET Labs C-Star [%]
# name 10 = par: PAR/Irradiance, Biospherical/Licor
# name 11 = latitude: Latitude [deg]
# name 12 = longitude: Longitude [deg]
# name 13 = timeJ: Julian Days
# name 14 = altM: Altimeter [m]
# name 15 = spar: SPAR, Biospherical/Licor
# name 16 = timeS: Time, Elapsed [seconds]
# name 17 = scan: Scan Count
# name 18 = density00: Density [density, kg/m^3]
# name 19 = density11: Density, 2 [density, kg/m^3]
# name 20 = sal00: Salinity, Practical [PSU]
# name 21 = sal11: Salinity, Practical, 2 [PSU]
# name 22 = oxsolML/L: Oxygen Saturation, Garcia & Gordon [ml/l]
# name 23 = nbin: number of scans per bin
# name 24 = flag: flag
# span 0 =     10.000,    618.000       
# span 1 =      9.896,    610.697       
# span 2 =    -1.5509,     0.1011       
# span 3 =  26.885978,  28.937394       
# span 4 =    -1.5490,     0.1026       
# span 5 =  26.886607,  28.936564       
# span 6 =     4.6825,     8.4336       
# span 7 =     4.7454,     8.2038       
# span 8 =    -0.0221,    24.6674       
# span 9 =    69.8851,    95.4739       
# span 10 = -3.675e-05, 5.6307e+01      
# span 11 =  -74.17530,  -74.17528      
# span 12 = -113.34461, -113.34456      
# span 13 =  26.982473,  26.992198      
# span 14 =       3.46,     100.29      
# span 15 = 1.8123e+03, 1.8263e+03      
# span 16 =     34.690,    874.897      
# span 17 =        834,      20999      
# span 18 =  1027.2242,  1030.5288      
# span 19 =  1027.2200,  1030.5264      
# span 20 =    33.7896,    34.3834      
# span 21 =    33.7873,    34.3806      
# span 22 =    8.02363,    8.41619      
# span 23 =         22,         47      
# span 24 = 0.0000e+00, 0.0000e+00      
# interval = decibars: 1                
# start_time = Jan 26 2022 23:34:11 [NMEA time, header]
# bad_flag = -9.990e-29
*END*
[from data line 58]
     68.000     67.284    -1.5286  26.915887    -1.5273  26.915689     5.8453     5.9307     2.1326    92.5670 1.0000e-12  -74.17530 -113.34460  26.983707      99.86 1.8175e+03    141.315       3393  1027.5457  1027.5442    33.8250    33.8232    8.41054         31 0.0000e+00
     69.000     68.276    -1.5266  26.918442    -1.5250  26.918548     5.8556     5.9385     2.7681    93.0546 1.0000e-12  -74.17530 -113.34460  26.983725      99.85 1.8175e+03    142.857       3430  1027.5509  1027.5496    33.8256    33.8240    8.41005         35 0.0000e+00
     70.000     69.264    -1.5223  26.923236    -1.5205  26.923390     5.8548     5.9441     2.0918    93.1021 1.0000e-12  -74.17530 -113.34460  26.983743      99.83 1.8175e+03    144.379       3466  1027.5565  1027.5549    33.8268    33.8249    8.40902         35 0.0000e+00
     71.000     70.254    -1.5187  26.926955    -1.5163  26.927808     5.7992     5.8854     1.8949    92.6074 1.0000e-12  -74.17530 -113.34460  26.983761      99.84 1.8175e+03    145.915       3503  1027.5615  1027.5601    33.8272    33.8257    8.40819         35 0.0000e+00
     72.000     71.242    -1.5135  26.933566    -1.5111  26.934148     5.7434     5.8394     1.7566    92.5747 1.0000e-12  -74.17530 -113.34460  26.983778      99.85 1.8175e+03    147.450       3540  1027.5681  1027.5665    33.8298    33.8279    8.40684         35 0.0000e+00
     73.000     72.231    -1.5103  26.937701    -1.5090  26.937428     5.7081     5.7982     1.7233    92.9508 1.0000e-12  -74.17530 -113.34460  26.983796      99.85 1.8175e+03    148.975       3576  1027.5740  1027.5724    33.8312    33.8294    8.40603         32 0.0000e+00
     74.000     73.221    -1.5098  26.938756    -1.5079  26.939030     5.6436     5.7397     1.7875    93.1022 1.0000e-12  -74.17530 -113.34460  26.983814      99.85 1.8179e+03    150.491       3613  1027.5791  1027.5776    33.8315    33.8297    8.40591         35 0.0000e+00
     75.000     74.210    -1.5056  26.944157    -1.5029  26.945097     5.5986     5.7014     1.3624    93.0671 1.0000e-12  -74.17530 -113.34460  26.983831      96.87 1.8182e+03    152.024       3650  1027.5854  1027.5838    33.8336    33.8319    8.40483         37 0.0000e+00
     76.000     75.200    -1.5013  26.948922    -1.4996  26.949041     5.5936     5.6908     1.0669    93.2406 1.0000e-12  -74.17530 -113.34460  26.983849      99.84 1.8176e+03    153.575       3687  1027.5909  1027.5894    33.8346    33.8329    8.40380         37 0.0000e+00
     77.000     76.188    -1.5013  26.949201    -1.4999  26.948973     5.5893     5.6807     0.9604    93.5766 1.0000e-12  -74.17530 -113.34460  26.983867      99.86 1.8175e+03    155.119       3724  1027.5956  1027.5940    33.8345    33.8325    8.40382         35 0.0000e+00
     78.000     77.178    -1.4972  26.953735    -1.4963  26.953045     5.5821     5.6717     0.9328    93.7209 1.0000e-12  -74.17530 -113.34460  26.983885      99.85 1.8175e+03    156.628       3760  1027.6010  1027.5994    33.8354    33.8334    8.40283         34 0.0000e+00
     79.000     78.168    -1.4970  26.954904    -1.4956  26.954287     5.5774     5.6632     0.6850    93.9345 1.0000e-12  -74.17530 -113.34460  26.983902      99.86 1.8175e+03    158.150       3797  1027.6065  1027.6045    33.8361    33.8337    8.40273         35 0.0000e+00
     80.000     79.156    -1.4963  26.956015    -1.4945  26.956152     5.5734     5.6662     1.1298    94.1711 1.0000e-12  -74.17530 -113.34461  26.983920      99.85 1.8175e+03    159.727       3834  1027.6114  1027.6099    33.8362    33.8344    8.40257         38 0.0000e+00
     81.000     80.148    -1.4959  26.956466    -1.4952  26.955601     5.5780     5.6688     1.0097    93.9192 1.0000e-12  -74.17530 -113.34460  26.983939      99.86 1.8175e+03    161.293       3872  1027.6159  1027.6143    33.8358    33.8338    8.40251         35 0.0000e+00
     82.000     81.134    -1.4931  26.959640    -1.4931  26.957940     5.5853     5.6714     0.5788    94.1061 1.0000e-12  -74.17530 -113.34460  26.983956      99.86 1.8175e+03    162.791       3908  1027.6210  1027.6192    33.8364    33.8340    8.40184         35 0.0000e+00
     83.000     82.124    -1.4958  26.957277    -1.4940  26.957472     5.5739     5.6645     0.5405    94.3060 1.0000e-12  -74.17530 -113.34460  26.983973      92.53 1.8175e+03    164.279       3944  1027.6254  1027.6239    33.8356    33.8338    8.40251         37 0.0000e+00
     84.000     83.114    -1.4910  26.963362    -1.4915  26.960779     5.5673     5.6545     0.7535    94.0587 1.0000e-12  -74.17530 -113.34460  26.983991      99.20 1.8175e+03    165.822       3981  1027.6319  1027.6295    33.8379    33.8349    8.40128         35 0.0000e+00
     85.000     84.103    -1.4878  26.967047    -1.4865  26.966588     5.5679     5.6585     0.7062    94.1561 1.0000e-12  -74.17530 -113.34460  26.984009      99.85 1.8175e+03    167.390       4018  1027.6372  1027.6355    33.8387    33.8366    8.40050         38 0.0000e+00
     86.000     85.093    -1.4862  26.969346    -1.4848  26.968798     5.5810     5.6673     0.4697    94.2897 1.0000e-12  -74.17530 -113.34460  26.984027      99.86 1.8175e+03    168.918       4055  1027.6425  1027.6406    33.8394    33.8371    8.40010         32 0.0000e+00
     87.000     86.082    -1.4853  26.970185    -1.4829  26.970873     5.5814     5.6658     0.6297    94.4449 1.0000e-12  -74.17530 -113.34460  26.984044      99.87 1.8175e+03    170.419       4091  1027.6469  1027.6453    33.8389    33.8371    8.39993         35 0.0000e+00
     88.000     87.070    -1.4806  26.975241    -1.4794  26.974546     5.5830     5.6641     1.1354    94.4682 1.0000e-12  -74.17530 -113.34460  26.984062      99.86 1.8175e+03    171.941       4128  1027.6524  1027.6504    33.8400    33.8376    8.39881         38 0.0000e+00
     89.000     88.059    -1.4787  26.978180    -1.4778  26.977446     5.5884     5.6672     0.6923    94.3661 1.0000e-12  -74.17530 -113.34460  26.984080      99.86 1.8175e+03    173.506       4165  1027.6581  1027.6565    33.8412    33.8392    8.39829         38 0.0000e+00
     90.000     89.048    -1.4799  26.977955    -1.4789  26.977224     5.5849     5.6647     0.5798    94.2611 1.0000e-12  -74.17530 -113.34460  26.984098      99.86 1.8175e+03    175.055       4202  1027.6635  1027.6617    33.8417    33.8395    8.39855         34 0.0000e+00
     91.000     90.039    -1.4794  26.979028    -1.4784  26.978292     5.5820     5.6614     0.5955    94.1897 1.0000e-12  -74.17530 -113.34460  26.984115      99.86 1.8175e+03    176.575       4239  1027.6685  1027.6667    33.8419    33.8398    8.39842         37 0.0000e+00
     92.000     91.028    -1.4788  26.979947    -1.4763  26.980506     5.5868     5.6691     0.6699    94.6297 1.0000e-12  -74.17530 -113.34460  26.984133      96.63 1.8175e+03    178.115       4276  1027.6733  1027.6715    33.8419    33.8399    8.39828         37 0.0000e+00
     93.000     92.017    -1.4808  26.978886    -1.4793  26.978692     5.5816     5.6705     0.7191    94.0363 1.0000e-12  -74.17530 -113.34460  26.984151      99.87 1.8179e+03    179.650       4313  1027.6783  1027.6768    33.8421    33.8402    8.39872         36 0.0000e+00
     94.000     93.007    -1.4814  26.978688    -1.4797  26.978521     5.5856     5.6736     0.7035    94.3234 1.0000e-12  -74.17530 -113.34460  26.984169      99.86 1.8183e+03    181.162       4349  1027.6830  1027.6813    33.8418    33.8398    8.39887         37 0.0000e+00
     95.000     93.995    -1.4814  26.979254    -1.4803  26.978706     5.5843     5.6696     0.9609    94.2651 1.0000e-12  -74.17530 -113.34460  26.984186      99.86 1.8179e+03    182.680       4385  1027.6880  1027.6863    33.8420    33.8400    8.39886         36 0.0000e+00
     96.000     94.984    -1.4794  26.981344    -1.4780  26.980822     5.5740     5.6558     0.6921    94.5521 1.0000e-12  -74.17530 -113.34460  26.984204      99.86 1.8175e+03    184.209       4422  1027.6926  1027.6907    33.8420    33.8397    8.39841         37 0.0000e+00
     97.000     95.973    -1.4778  26.983454    -1.4765  26.983240     5.5589     5.6510     0.6314    94.7630 1.0000e-12  -74.17530 -113.34460  26.984222      99.85 1.8175e+03    185.743       4459  1027.6978  1027.6963    33.8425    33.8407    8.39802         35 0.0000e+00
     98.000     96.964    -1.4782  26.983705    -1.4770  26.983494     5.5601     5.6478     0.7208    94.0206 1.0000e-12  -74.17530 -113.34460  26.984240      99.86 1.8177e+03    187.294       4496  1027.7028  1027.7014    33.8427    33.8410    8.39811         37 0.0000e+00
     99.000     97.951    -1.4796  26.983352    -1.4781  26.983099     5.5624     5.6534     0.4748    94.4079 1.0000e-12  -74.17530 -113.34460  26.984258      99.87 1.8177e+03    188.845       4533  1027.7080  1027.7064    33.8431    33.8411    8.39838         37 0.0000e+00
    100.000     98.941    -1.4790  26.984391    -1.4780  26.983839     5.5699     5.6555     0.4559    94.5028 1.0000e-12  -74.17530 -113.34460  26.984275      99.86 1.8180e+03    190.371       4570  1027.7129  1027.7114    33.8432    33.8413    8.39824         33 0.0000e+00
    101.000     99.930    -1.4795  26.984490    -1.4781  26.984217     5.5893     5.6662     0.6217    94.3507 1.0000e-12  -74.17530 -113.34460  26.984292      99.86 1.8184e+03    191.872       4606  1027.7179  1027.7162    33.8433    33.8414    8.39836         33 0.0000e+00
    102.000    100.920    -1.4780  26.987096    -1.4768  26.986548     5.6008     5.6812     0.5401    94.4037 1.0000e-12  -74.17530 -113.34460  26.984309      99.86 1.8188e+03    193.322       4641  1027.7236  1027.7218    33.8446    33.8425    8.39794         34 0.0000e+00
    103.000    101.909    -1.4766  26.989612    -1.4753  26.989196     5.6123     5.6890     0.5503    94.7180 1.0000e-12  -74.17530 -113.34460  26.984325      99.86 1.8190e+03    194.675       4673  1027.7293  1027.7276    33.8459    33.8438    8.39755         31 0.0000e+00
    104.000    102.897    -1.4758  26.991427    -1.4746  26.991496     5.6187     5.6991     0.5132    94.4777 1.0000e-12  -74.17530 -113.34460  26.984340      99.86 1.8186e+03    195.945       4704  1027.7349  1027.7338    33.8468    33.8456    8.39731         30 0.0000e+00
    105.000    103.887    -1.4770  26.992557    -1.4759  26.992108     5.5972     5.6832     0.6314    94.6482 1.0000e-12  -74.17530 -113.34460  26.984354      99.86 1.8183e+03    197.188       4734  1027.7417  1027.7401    33.8492    33.8472    8.39745         30 0.0000e+00
    106.000    104.876    -1.4759  26.995518    -1.4747  26.995134     5.5601     5.6521     0.6775    94.6568 1.0000e-12  -74.17530 -113.34460  26.984368      99.87 1.8183e+03    198.438       4764  1027.7482  1027.7466    33.8513    33.8494    8.39707         30 0.0000e+00
    107.000    105.865    -1.4642  27.009062    -1.4592  27.011991     5.5191     5.6173     1.8979    94.6144 1.0000e-12  -74.17530 -113.34460  26.984383      99.86 1.8189e+03    199.673       4793  1027.7562  1027.7546    33.8561    33.8544    8.39413         30 0.0000e+00
    108.000    106.854    -1.4516  27.021686    -1.4511  27.020802     5.4908     5.5942     0.4216    94.5506 1.0000e-12  -74.17530 -113.34460  26.984397      99.87 1.8196e+03    200.893       4822  1027.7624  1027.7609    33.8586    33.8569    8.39115         28 0.0000e+00
    109.000    107.843    -1.4375  27.037091    -1.4376  27.034974     5.4756     5.5674     0.7414    94.4990 1.0000e-12  -74.17530 -113.34460  26.984411      99.86 1.8189e+03    202.100       4851  1027.7701  1027.7679    33.8633    33.8604    8.38770         30 0.0000e+00
    110.000    108.833    -1.4277  27.047839    -1.4266  27.046651     5.4898     5.5758     0.6278    94.6717 1.0000e-12  -74.17530 -113.34460  26.984425      99.81 1.8190e+03    203.299       4880  1027.7769  1027.7746    33.8663    33.8634    8.38531         28 0.0000e+00
    111.000    109.821    -1.4044  27.074267    -1.4030  27.073341     5.5639     5.6440     0.6284    94.4519 1.0000e-12  -74.17530 -113.34460  26.984439      99.83 1.8196e+03    204.511       4909  1027.7881  1027.7858    33.8757    33.8728    8.37951         29 0.0000e+00
    112.000    110.811    -1.4126  27.069638    -1.4154  27.066734     5.6401     5.7101     0.3293    94.9081 1.0000e-12  -74.17530 -113.34460  26.984453      99.87 1.8192e+03    205.738       4939  1027.7955  1027.7951    33.8779    33.8771    8.38121         30 0.0000e+00
    113.000    111.800    -1.4391  27.051464    -1.4382  27.050843     5.6809     5.7429     0.1481    94.9474 1.0000e-12  -74.17530 -113.34460  26.984467      99.87 1.8190e+03    206.948       4968  1027.8057  1027.8041    33.8824    33.8805    8.38692         29 0.0000e+00
    114.000    112.789    -1.4420  27.049899    -1.4407  27.049599     5.7034     5.7618     0.2137    94.9924 1.0000e-12  -74.17530 -113.34460  26.984481      99.86 1.8198e+03    208.137       4996  1027.8111  1027.8095    33.8828    33.8810    8.38753         28 0.0000e+00
    115.000    113.777    -1.4457  27.048174    -1.4441  27.047867     5.7022     5.7710     0.2071    95.0601 1.0000e-12  -74.17530 -113.34460  26.984494      99.87 1.8197e+03    209.315       5025  1027.8171  1027.8153    33.8840    33.8819    8.38830         28 0.0000e+00
    116.000    114.768    -1.4473  27.047092    -1.4459  27.046822     5.7074     5.7858     0.1912    95.1017 1.0000e-12  -74.17530 -113.34460  26.984508      99.86 1.8197e+03    210.491       5053  1027.8218  1027.8201    33.8837    33.8818    8.38868         28 0.0000e+00
    117.000    115.757    -1.4514  27.044198    -1.4487  27.045068     5.7146     5.7947     0.2517    95.0564 1.0000e-12  -74.17530 -113.34460  26.984522      99.86 1.8203e+03    211.681       5081  1027.8269  1027.8252    33.8838    33.8819    8.38961         29 0.0000e+00
    118.000    116.744    -1.4515  27.045273    -1.4495  27.045449     5.7276     5.8033     0.2664    95.1229 1.0000e-12  -74.17530 -113.34460  26.984536      99.87 1.8210e+03    212.880       5110  1027.8324  1027.8307    33.8848    33.8828    8.38957         29 0.0000e+00
    119.000    117.735    -1.4554  27.043289    -1.4541  27.042927     5.7292     5.8147     0.1898    95.1528 1.0000e-12  -74.17530 -113.34458  26.984550      99.86 1.8192e+03    214.080       5139  1027.8382  1027.8366    33.8858    33.8838    8.39038         29 0.0000e+00
    120.000    118.723    -1.4555  27.043670    -1.4542  27.043272     5.7370     5.8195     0.2433    95.1994 1.0000e-12  -74.17530 -113.34458  26.984563      99.87 1.8191e+03    215.278       5168  1027.8431  1027.8414    33.8859    33.8838    8.39041         29 0.0000e+00
    121.000    119.713    -1.4523  27.047741    -1.4513  27.047016     5.7422     5.8272     0.1614    95.0956 1.0000e-12  -74.17530 -113.34458  26.984577      99.86 1.8201e+03    216.470       5196  1027.8488  1027.8469    33.8872    33.8850    8.38961         28 0.0000e+00
    122.000    120.701    -1.4461  27.055102    -1.4454  27.053827     5.7562     5.8371     0.2314    94.9865 1.0000e-12  -74.17530 -113.34458  26.984591      96.91 1.8194e+03    217.660       5225  1027.8552  1027.8531    33.8897    33.8872    8.38806         29 0.0000e+00
    123.000    121.692    -1.4413  27.061528    -1.4392  27.061531     5.7748     5.8557     0.3029    94.9249 1.0000e-12  -74.17530 -113.34458  26.984605      99.87 1.8193e+03    218.852       5253  1027.8620  1027.8600    33.8925    33.8901    8.38682         28 0.0000e+00
    124.000    122.680    -1.4425  27.061671    -1.4411  27.061698     5.7879     5.8730     0.2849    94.9736 1.0000e-12  -74.17530 -113.34458  26.984619      99.86 1.8207e+03    220.050       5282  1027.8677  1027.8664    33.8934    33.8919    8.38703         27 0.0000e+00
