ocean_section_plots/required_files/ctd/dnbp2202_ctd089.cnv
* Sea-Bird SBE 9 Data File:
* FileName = D:\Data\raw\NBP2202_CTD089.hex
* Software Version Seasave V 7.26.7.121
* Temperature SN = 1649
* Conductivity SN = 2513
* Number of Bytes Per Scan = 40
* Number of Voltage Words = 5
* Number of Scans Averaged by the Deck Unit = 1
* NMEA Latitude = 74 10.51 S
* NMEA Longitude = 113 20.67 W
* NMEA UTC (Time) = Jan 26 2022  21:15:29
* NMEA baud rate = 9600
** Ship: RVIB N.B. Palmer
** Cruise: NBP2202 Thwaites
** Station: YoYo001
** Operator: A. Robinson
# nquan = 25
# nvalues = 606                         
# units = specified
# name 0 = prDM: Pressure, Digiquartz [db]
# name 1 = depSM: Depth [salt water, m]
# name 2 = t090C: Temperature [ITS-90, deg C]
# name 3 = c0mS/cm: Conductivity [mS/cm]
# name 4 = t190C: Temperature, 2 [ITS-90, deg C]
# name 5 = c1mS/cm: Conductivity, 2 [mS/cm]
# name 6 = sbeox0ML/L: Oxygen, SBE 43 [ml/l]
# name 7 = sbeox1ML/L: Oxygen, SBE 43, 2 [ml/l]
# name 8 = flECO-AFL: Fluorescence, WET Labs ECO-AFL/FL [mg/m^3]
# name 9 = CStarTr0: Beam Transmission, WET Labs C-Star [%]
# name 10 = par: PAR/Irradiance, Biospherical/Licor
# name 11 = latitude: Latitude [deg]
# name 12 = longitude: Longitude [deg]
# name 13 = timeJ: Julian Days
# name 14 = altM: Altimeter [m]
# name 15 = spar: SPAR, Biospherical/Licor
# name 16 = timeS: Time, Elapsed [seconds]
# name 17 = scan: Scan Count
# name 18 = density00: Density [density, kg/m^3]
# name 19 = density11: Density, 2 [density, kg/m^3]
# name 20 = sal00: Salinity, Practical [PSU]
# name 21 = sal11: Salinity, Practical, 2 [PSU]
# name 22 = oxsolML/L: Oxygen Saturation, Garcia & Gordon [ml/l]
# name 23 = nbin: number of scans per bin
# name 24 = flag: flag
# span 0 =     10.000,    615.000       
# span 1 =      9.895,    607.733       
# span 2 =    -1.5411,     0.1110       
# span 3 =  26.904297,  28.947146       
# span 4 =    -1.5401,     0.1143       
# span 5 =  26.904441,  28.947892       
# span 6 =     4.6838,     8.6834       
# span 7 =     4.7547,     8.5968       
# span 8 =    -0.0219,    23.8929       
# span 9 =    66.4878,    95.6572       
# span 10 = 1.0000e-12, 7.0918e+01      
# span 11 =  -74.17530,  -74.17530      
# span 12 = -113.34462, -113.34458      
# span 13 =  26.886167,  26.895020      
# span 14 =       5.63,     100.20      
# span 15 = 1.8514e+03, 1.9171e+03      
# span 16 =     35.793,    800.707      
# span 17 =        860,      19218      
# span 18 =  1027.2273,  1030.5165      
# span 19 =  1027.2259,  1030.5141      
# span 20 =    33.7967,    34.3869      
# span 21 =    33.7950,    34.3843      
# span 22 =    8.02136,    8.41299      
# span 23 =         16,         64      
# span 24 = 0.0000e+00, 0.0000e+00      
# interval = decibars: 1                
# start_time = Jan 26 2022 21:15:29 [NMEA time, header]
# bad_flag = -9.990e-29
*END*
[from data line 232]
    242.000    239.355    -0.8041  27.767869    -0.8023  27.767661     5.0449     5.1255    -0.0122    95.2967 1.0000e-12  -74.17530 -113.34460  26.889338      99.86 1.9057e+03    309.783       7436  1028.5434  1028.5415    34.0627    34.0604    8.23542         29 0.0000e+00
    243.000    240.345    -0.8055  27.767807    -0.8041  27.767309     5.0427     5.1274    -0.0202    95.3008 1.0000e-12  -74.17530 -113.34460  26.889351      99.87 1.9057e+03    310.963       7464  1028.5490  1028.5471    34.0636    34.0614    8.23568         28 0.0000e+00
    244.000    241.332    -0.8026  27.772110    -0.8011  27.771396     5.0335     5.1245    -0.0192    95.3119 1.0000e-12  -74.17530 -113.34460  26.889365      99.87 1.9060e+03    312.145       7492  1028.5552  1028.5530    34.0656    34.0629    8.23493         28 0.0000e+00
    245.000    242.320    -0.7953  27.779302    -0.7935  27.778885     5.0341     5.1231    -0.0135    95.3091 1.0000e-12  -74.17530 -113.34460  26.889379      99.87 1.9074e+03    313.334       7521  1028.5602  1028.5580    34.0665    34.0639    8.23329         29 0.0000e+00
    246.000    243.309    -0.7946  27.780518    -0.7925  27.780398     5.0395     5.1204    -0.0142    95.3110 1.0000e-12  -74.17530 -113.34460  26.889393      99.87 1.9074e+03    314.517       7549  1028.5651  1028.5630    34.0667    34.0641    8.23311         28 0.0000e+00
    247.000    244.297    -0.7981  27.777576    -0.7968  27.776919     5.0405     5.1145    -0.0175    95.3179 1.0000e-12  -74.17530 -113.34460  26.889406      99.87 1.9074e+03    315.699       7578  1028.5697  1028.5677    34.0660    34.0637    8.23392         29 0.0000e+00
    248.000    245.287    -0.8002  27.776232    -0.7994  27.774924     5.0334     5.1193    -0.0089    95.3074 1.0000e-12  -74.17530 -113.34460  26.889420      99.87 1.9074e+03    316.878       7606  1028.5745  1028.5724    34.0659    34.0633    8.23438         28 0.0000e+00
    249.000    246.274    -0.7939  27.782560    -0.7918  27.782380     5.0338     5.1144    -0.0114    95.3018 1.0000e-12  -74.17530 -113.34460  26.889434      99.87 1.9074e+03    318.061       7634  1028.5796  1028.5774    34.0669    34.0642    8.23296         28 0.0000e+00
    250.000    247.263    -0.7909  27.785866    -0.7891  27.785470     5.0306     5.1056    -0.0163    95.2967 1.0000e-12  -74.17530 -113.34460  26.889447      97.94 1.9074e+03    319.242       7663  1028.5846  1028.5824    34.0673    34.0648    8.23227         29 0.0000e+00
    251.000    248.252    -0.7895  27.787786    -0.7879  27.787240     5.0253     5.1105    -0.0180    95.3015 1.0000e-12  -74.17530 -113.34460  26.889461      88.66 1.9070e+03    320.415       7691  1028.5896  1028.5874    34.0677    34.0651    8.23195         27 0.0000e+00
    252.000    249.239    -0.7878  27.789956    -0.7860  27.789611     5.0213     5.1022    -0.0152    95.3148 1.0000e-12  -74.17530 -113.34460  26.889474      99.86 1.9077e+03    321.576       7719  1028.5946  1028.5925    34.0681    34.0656    8.23155         28 0.0000e+00
    253.000    250.229    -0.7857  27.792619    -0.7836  27.792585     5.0163     5.1056    -0.0185    95.2971 1.0000e-12  -74.17530 -113.34460  26.889488      99.86 1.9069e+03    322.735       7747  1028.5998  1028.5977    34.0688    34.0663    8.23106         28 0.0000e+00
    254.000    251.217    -0.7777  27.800722    -0.7755  27.800742     5.0159     5.0958    -0.0142    95.2963 1.0000e-12  -74.17530 -113.34460  26.889501      99.88 1.9049e+03    323.892       7774  1028.6050  1028.6030    34.0700    34.0677    8.22923         28 0.0000e+00
    255.000    252.206    -0.7750  27.803922    -0.7732  27.803660     5.0149     5.1004    -0.0179    95.2935 1.0000e-12  -74.17530 -113.34460  26.889515      99.87 1.9054e+03    325.059       7802  1028.6102  1028.6083    34.0707    34.0684    8.22860         28 0.0000e+00
    256.000    253.194    -0.7748  27.804729    -0.7730  27.804362     5.0122     5.1025    -0.0040    95.3011 1.0000e-12  -74.17530 -113.34460  26.889528      99.87 1.9050e+03    326.247       7831  1028.6153  1028.6132    34.0710    34.0685    8.22854         29 0.0000e+00
    257.000    254.182    -0.7735  27.806521    -0.7717  27.806133     5.0125     5.0995    -0.0039    95.2915 1.0000e-12  -74.17530 -113.34460  26.889542      99.87 1.9045e+03    327.449       7860  1028.6203  1028.6181    34.0713    34.0688    8.22824         29 0.0000e+00
    258.000    255.170    -0.7733  27.807292    -0.7717  27.806868     5.0136     5.0951    -0.0071    95.3025 1.0000e-12  -74.17530 -113.34460  26.889556      99.87 1.9055e+03    328.630       7888  1028.6253  1028.6233    34.0716    34.0692    8.22819         28 0.0000e+00
    259.000    256.160    -0.7711  27.809918    -0.7695  27.809445     5.0097     5.0954    -0.0196    95.2853 1.0000e-12  -74.17530 -113.34460  26.889569      99.87 1.9052e+03    329.788       7916  1028.6303  1028.6282    34.0720    34.0696    8.22768         27 0.0000e+00
    260.000    257.147    -0.7691  27.812157    -0.7669  27.812109     5.0002     5.0866    -0.0177    95.2779 1.0000e-12  -74.17530 -113.34460  26.889583      99.87 1.9027e+03    330.936       7943  1028.6351  1028.6330    34.0721    34.0697    8.22723         28 0.0000e+00
    261.000    258.135    -0.7672  27.814230    -0.7653  27.813974     5.0031     5.0848    -0.0145    95.2925 1.0000e-12  -74.17530 -113.34460  26.889596      99.87 1.9022e+03    332.094       7971  1028.6398  1028.6377    34.0723    34.0697    8.22682         28 0.0000e+00
    262.000    259.125    -0.7651  27.816639    -0.7631  27.816554     4.9985     5.0805    -0.0137    95.3028 1.0000e-12  -74.17530 -113.34460  26.889610      99.60 1.9023e+03    333.282       8000  1028.6448  1028.6427    34.0725    34.0701    8.22635         29 0.0000e+00
    263.000    260.112    -0.7622  27.819879    -0.7601  27.819901     4.9927     5.0795    -0.0164    95.2944 1.0000e-12  -74.17530 -113.34460  26.889624      99.86 1.9001e+03    334.488       8029  1028.6497  1028.6477    34.0730    34.0707    8.22568         28 0.0000e+00
    264.000    261.102    -0.7567  27.825604    -0.7542  27.825940     4.9911     5.0746    -0.0153    95.2931 1.0000e-12  -74.17530 -113.34460  26.889637      99.87 1.9015e+03    335.677       8057  1028.6549  1028.6529    34.0740    34.0716    8.22443         29 0.0000e+00
    265.000    262.089    -0.7537  27.829170    -0.7521  27.828681     4.9981     5.0776    -0.0121    95.2751 1.0000e-12  -74.17530 -113.34460  26.889651      99.87 1.8994e+03    336.852       8085  1028.6601  1028.6581    34.0748    34.0723    8.22373         28 0.0000e+00
    266.000    263.077    -0.7526  27.830825    -0.7506  27.830747     4.9946     5.0721    -0.0132    95.2880 1.0000e-12  -74.17530 -113.34460  26.889665      99.87 1.8989e+03    338.020       8113  1028.6652  1028.6632    34.0751    34.0728    8.22346         28 0.0000e+00
    267.000    264.066    -0.7520  27.831794    -0.7501  27.831719     4.9857     5.0698    -0.0182    95.2788 1.0000e-12  -74.17530 -113.34460  26.889678      99.86 1.8978e+03    339.186       8141  1028.6701  1028.6682    34.0752    34.0730    8.22334         28 0.0000e+00
    268.000    265.056    -0.7519  27.832477    -0.7500  27.832223     4.9904     5.0679    -0.0129    95.2862 1.0000e-12  -74.17530 -113.34460  26.889692      99.87 1.8966e+03    340.358       8170  1028.6751  1028.6729    34.0754    34.0729    8.22330         28 0.0000e+00
    269.000    266.042    -0.7504  27.834511    -0.7488  27.833914     4.9867     5.0723    -0.0125    95.2878 1.0000e-12  -74.17530 -113.34460  26.889705      99.87 1.8972e+03    341.543       8198  1028.6800  1028.6779    34.0758    34.0733    8.22294         29 0.0000e+00
    270.000    267.031    -0.7501  27.835224    -0.7485  27.834721     4.9906     5.0677    -0.0200    95.2807 1.0000e-12  -74.17530 -113.34460  26.889719      99.86 1.8952e+03    342.723       8226  1028.6849  1028.6827    34.0758    34.0733    8.22288         28 0.0000e+00
    271.000    268.019    -0.7505  27.835227    -0.7490  27.834687     4.9907     5.0697    -0.0168    95.2695 1.0000e-12  -74.17530 -113.34460  26.889733      99.87 1.8938e+03    343.909       8255  1028.6896  1028.6875    34.0757    34.0733    8.22298         28 0.0000e+00
    272.000    269.009    -0.7517  27.834633    -0.7502  27.833994     4.9977     5.0717    -0.0054    95.2816 1.0000e-12  -74.17530 -113.34460  26.889746      99.87 1.8952e+03    345.083       8283  1028.6944  1028.6923    34.0756    34.0731    8.22324         29 0.0000e+00
    273.000    269.996    -0.7505  27.836085    -0.7493  27.835377     4.9925     5.0734    -0.0144    95.2701 1.0000e-12  -74.17530 -113.34460  26.889760      99.28 1.8938e+03    346.244       8311  1028.6991  1028.6972    34.0756    34.0733    8.22298         27 0.0000e+00
    274.000    270.984    -0.7517  27.835658    -0.7501  27.835128     4.9945     5.0771    -0.0160    95.2736 1.0000e-12  -74.17530 -113.34460  26.889773      99.52 1.8946e+03    347.405       8339  1028.7041  1028.7020    34.0758    34.0733    8.22323         29 0.0000e+00
    275.000    271.973    -0.7527  27.835050    -0.7515  27.834242     4.9976     5.0754    -0.0099    95.2596 1.0000e-12  -74.17530 -113.34460  26.889787      99.86 1.8944e+03    348.588       8367  1028.7087  1028.7067    34.0755    34.0730    8.22346         28 0.0000e+00
    276.000    272.961    -0.7524  27.835744    -0.7507  27.835372     4.9982     5.0763    -0.0004    95.2687 1.0000e-12  -74.17530 -113.34460  26.889801      99.86 1.8962e+03    349.772       8396  1028.7135  1028.7115    34.0755    34.0731    8.22340         28 0.0000e+00
    277.000    273.950    -0.7520  27.836642    -0.7504  27.836213     4.9965     5.0736    -0.0086    95.2817 1.0000e-12  -74.17530 -113.34460  26.889814      99.87 1.8959e+03    350.950       8424  1028.7184  1028.7164    34.0757    34.0733    8.22331         28 0.0000e+00
    278.000    274.938    -0.7526  27.836586    -0.7525  27.834932     5.0075     5.0965    -0.0197    95.2717 1.0000e-12  -74.17530 -113.34460  26.889828      99.87 1.8971e+03    352.137       8452  1028.7232  1028.7213    34.0757    34.0732    8.22344         29 0.0000e+00
    279.000    275.927    -0.7594  27.830975    -0.7579  27.830542     5.0138     5.0954    -0.0143    95.2824 1.0000e-12  -74.17530 -113.34460  26.889842      99.87 1.8970e+03    353.309       8480  1028.7280  1028.7261    34.0750    34.0728    8.22494         28 0.0000e+00
    280.000    276.914    -0.7699  27.824427    -0.7665  27.825267     4.9993     5.0801    -0.0136    95.2642 1.0000e-12  -74.17530 -113.34460  26.889855      99.87 1.8985e+03    354.467       8508  1028.7354  1028.7331    34.0774    34.0748    8.22709         27 0.0000e+00
    281.000    277.903    -0.7283  27.866577    -0.7261  27.866261     4.9831     5.0725    -0.0120    95.2753 1.0000e-12  -74.17530 -113.34460  26.889868      99.86 1.8978e+03    355.618       8536  1028.7447  1028.7421    34.0870    34.0840    8.21749         29 0.0000e+00
    282.000    278.891    -0.7108  27.885128    -0.7091  27.884445     4.9725     5.0562    -0.0177    95.2692 1.0000e-12  -74.17530 -113.34460  26.889882      99.87 1.8988e+03    356.775       8564  1028.7520  1028.7497    34.0917    34.0888    8.21341         27 0.0000e+00
    283.000    279.881    -0.7022  27.894458    -0.6995  27.894836     4.9683     5.0516    -0.0201    95.2718 1.0000e-12  -74.17530 -113.34460  26.889895      88.15 1.8992e+03    357.954       8592  1028.7582  1028.7559    34.0940    34.0914    8.21141         29 0.0000e+00
    284.000    280.867    -0.6904  27.907037    -0.6885  27.906669     4.9678     5.0393    -0.0119    95.2705 1.0000e-12  -74.17530 -113.34460  26.889909      81.66 1.9014e+03    359.141       8620  1028.7647  1028.7625    34.0970    34.0944    8.20866         28 0.0000e+00
    285.000    281.855    -0.6889  27.909218    -0.6873  27.908541     4.9685     5.0512    -0.0129    95.2640 1.0000e-12  -74.17530 -113.34460  26.889923      99.24 1.9026e+03    360.330       8649  1028.7700  1028.7678    34.0976    34.0950    8.20830         28 0.0000e+00
    286.000    282.845    -0.6890  27.909988    -0.6874  27.909462     4.9619     5.0529    -0.0121    95.2706 1.0000e-12  -74.17530 -113.34460  26.889936      99.88 1.9040e+03    361.498       8677  1028.7754  1028.7733    34.0982    34.0956    8.20829         28 0.0000e+00
    287.000    283.833    -0.6895  27.910125    -0.6875  27.909981     4.9675     5.0492    -0.0153    95.2714 1.0000e-12  -74.17530 -113.34460  26.889950      99.87 1.9044e+03    362.669       8705  1028.7804  1028.7784    34.0983    34.0959    8.20839         28 0.0000e+00
    288.000    284.820    -0.6895  27.910760    -0.6879  27.910177     4.9686     5.0508    -0.0189    95.2709 1.0000e-12  -74.17530 -113.34460  26.889964      99.87 1.9045e+03    363.858       8734  1028.7856  1028.7834    34.0986    34.0960    8.20838         29 0.0000e+00
    289.000    285.810    -0.6895  27.911265    -0.6878  27.910755     4.9678     5.0539    -0.0175    95.2782 1.0000e-12  -74.17530 -113.34460  26.889978      99.87 1.9042e+03    365.062       8762  1028.7904  1028.7884    34.0986    34.0961    8.20836         29 0.0000e+00
    290.000    286.798    -0.6870  27.914652    -0.6853  27.914205     4.9750     5.0557    -0.0168    95.2557 1.0000e-12  -74.17530 -113.34460  26.889991      99.87 1.9065e+03    366.256       8791  1028.7961  1028.7939    34.0998    34.0972    8.20776         29 0.0000e+00
    291.000    287.785    -0.6846  27.917834    -0.6827  27.917661     4.9781     5.0553    -0.0116    95.2558 1.0000e-12  -74.17530 -113.34460  26.890005      99.87 1.9070e+03    367.429       8819  1028.8015  1028.7995    34.1008    34.0983    8.20719         28 0.0000e+00
    292.000    288.774    -0.6834  27.919955    -0.6815  27.919694     4.9777     5.0561    -0.0179    95.2622 1.0000e-12  -74.17530 -113.34459  26.890019      99.87 1.9074e+03    368.601       8847  1028.8070  1028.8049    34.1017    34.0993    8.20687         28 0.0000e+00
    293.000    289.763    -0.6834  27.920922    -0.6816  27.920489     4.9795     5.0583    -0.0137    95.2567 1.0000e-12  -74.17530 -113.34459  26.890032      99.87 1.9077e+03    369.796       8876  1028.8124  1028.8102    34.1023    34.0998    8.20682         29 0.0000e+00
    294.000    290.750    -0.6849  27.920239    -0.6827  27.920251     4.9776     5.0622    -0.0116    95.2483 1.0000e-12  -74.17530 -113.34459  26.890046      99.87 1.9082e+03    370.996       8905  1028.8175  1028.8154    34.1026    34.1001    8.20715         28 0.0000e+00
    295.000    291.738    -0.6784  27.927635    -0.6763  27.927394     4.9755     5.0600    -0.0125    95.2720 1.0000e-12  -74.17530 -113.34460  26.890060      84.53 1.9089e+03    372.175       8933  1028.8234  1028.8211    34.1046    34.1019    8.20561         29 0.0000e+00
    296.000    292.728    -0.6753  27.931110    -0.6737  27.930536     4.9763     5.0595    -0.0181    95.2650 1.0000e-12  -74.17530 -113.34460  26.890073      93.82 1.9088e+03    373.342       8961  1028.8285  1028.8263    34.1052    34.1026    8.20490         28 0.0000e+00
    297.000    293.714    -0.6761  27.931441    -0.6746  27.930802     4.9781     5.0517    -0.0108    95.2641 1.0000e-12  -74.17530 -113.34460  26.890087      99.86 1.9095e+03    374.519       8989  1028.8340  1028.8319    34.1059    34.1034    8.20504         28 0.0000e+00
    298.000    294.704    -0.6757  27.932462    -0.6743  27.931691     4.9655     5.0484    -0.0062    95.2504 1.0000e-12  -74.17530 -113.34460  26.890101      99.86 1.9101e+03    375.718       9018  1028.8390  1028.8368    34.1062    34.1036    8.20493         29 0.0000e+00
