ocean_section_plots/required_files/ctd/dnbp2202_ctd150.cnv
* Sea-Bird SBE 9 Data File:
* FileName = D:\Data\raw\NBP2202_CTD150.hex
* Software Version Seasave V 7.26.7.121
* Temperature SN = 1649
* Conductivity SN = 2513
* Number of Bytes Per Scan = 40
* Number of Voltage Words = 5
* Number of Scans Averaged by the Deck Unit = 1
* NMEA Latitude = 74 06.59 S
* NMEA Longitude = 113 19.33 W
* NMEA UTC (Time) = Jan 31 2022  11:24:36
* NMEA baud rate = 9600
** Ship: RVIB N.B. Palmer
** Cruise: NBP2202 Thwaites
** Station: 77
** Operator: B. Bjork
# nquan = 28
# nvalues = 422                         
# units = specified
# name 0 = prDM: Pressure, Digiquartz [db]
# name 1 = depSM: Depth [salt water, m]
# name 2 = t090C: Temperature [ITS-90, deg C]
# name 3 = c0mS/cm: Conductivity [mS/cm]
# name 4 = t190C: Temperature, 2 [ITS-90, deg C]
# name 5 = c1mS/cm: Conductivity, 2 [mS/cm]
# name 6 = sbeox0ML/L: Oxygen, SBE 43 [ml/l]
# name 7 = sbeox1ML/L: Oxygen, SBE 43, 2 [ml/l]
# name 8 = flECO-AFL: Fluorescence, WET Labs ECO-AFL/FL [mg/m^3]
# name 9 = CStarTr0: Beam Transmission, WET Labs C-Star [%]
# name 10 = par: PAR/Irradiance, Biospherical/Licor
# name 11 = latitude: Latitude [deg]
# name 12 = longitude: Longitude [deg]
# name 13 = timeJ: Julian Days
# name 14 = altM: Altimeter [m]
# name 15 = spar: SPAR, Biospherical/Licor
# name 16 = timeS: Time, Elapsed [seconds]
# name 17 = scan: Scan Count
# name 18 = density00: Density [density, kg/m^3]
# name 19 = density11: Density, 2 [density, kg/m^3]
# name 20 = v3: Voltage 3
# name 21 = v4: Voltage 4
# name 22 = v5: Voltage 5
# name 23 = sal00: Salinity, Practical [PSU]
# name 24 = sal11: Salinity, Practical, 2 [PSU]
# name 25 = oxsolML/L: Oxygen Saturation, Garcia & Gordon [ml/l]
# name 26 = nbin: number of scans per bin
# name 27 = flag: flag
# span 0 =      3.000,    424.000       
# span 1 =      2.972,    419.185       
# span 2 =    -1.4493,    -0.2034       
# span 3 =  27.012004,  28.510986       
# span 4 =    -1.4494,    -0.2014       
# span 5 =  27.010889,  28.510908       
# span 6 =     4.7895,     8.0470       
# span 7 =     4.8848,     8.2417       
# span 8 =    -0.0219,    24.8577       
# span 9 =    70.9629,    93.6498       
# span 10 = 1.0000e-12, 3.8137e+01      
# span 11 =  -74.10992,  -74.10990      
# span 12 = -113.32234, -113.32230      
# span 13 =  31.478236,  31.485613      
# span 14 =       4.18,     101.10      
# span 15 = 9.1505e+02, 9.8264e+02      
# span 16 =    243.622,    880.975      
# span 17 =       5848,      21144      
# span 18 =  1027.1972,  1029.5466      
# span 19 =  1027.1956,  1029.5444      
# span 20 =     3.3669,     4.4426      
# span 21 =     0.0641,     3.8655      
# span 22 =     0.1205,     0.2566      
# span 23 =    33.8018,    34.2750      
# span 24 =    33.8010,    34.2723      
# span 25 =    8.09389,    8.39114      
# span 26 =         14,         58      
# span 27 = 0.0000e+00, 0.0000e+00      
# interval = decibars: 1                
# start_time = Jan 31 2022 11:24:36 [NMEA time, header]
# bad_flag = -9.990e-29
*END*
[from data line 311]
    314.000    310.517    -0.5121  28.128220    -0.5093  28.128021     4.9520     5.0534    -0.0127    93.3175 1.0000e-12  -74.10992 -113.32232  31.483577      99.85 9.6638e+02    705.052      16922  1028.9624  1028.9596     4.4270     0.0701     0.1323    34.1757    34.1723    8.16555         26 0.0000e+00
    315.000    311.503    -0.4883  28.153762    -0.4870  28.152593     4.9459     5.0477    -0.0188    93.3064 1.0000e-12  -74.10992 -113.32232  31.483590      99.85 9.6644e+02    706.165      16949  1028.9709  1028.9685     4.4264     0.0698     0.1335    34.1826    34.1796    8.16003         28 0.0000e+00
    316.000    312.492    -0.4873  28.155222    -0.4845  28.155843     4.9424     5.0425    -0.0139    93.3354 1.0000e-12  -74.10992 -113.32232  31.483604      99.85 9.6624e+02    707.377      16978  1028.9759  1028.9739     4.4278     0.0698     0.1330    34.1828    34.1804    8.15980         30 0.0000e+00
    317.000    313.480    -0.4855  28.157671    -0.4833  28.157501     4.9366     5.0395    -0.0046    93.3341 1.0000e-12  -74.10992 -113.32232  31.483619      99.85 9.6676e+02    708.643      17008  1028.9812  1028.9789     4.4277     0.0691     0.1323    34.1834    34.1808    8.15938         30 0.0000e+00
    318.000    314.467    -0.4810  28.162611    -0.4793  28.162055     4.9348     5.0350    -0.0175    93.3359 1.0000e-12  -74.10992 -113.32232  31.483632      78.56 9.6867e+02    709.834      17037  1028.9866  1028.9842     4.4279     0.0676     0.1327    34.1845    34.1817    8.15836         27 0.0000e+00
    319.000    315.456    -0.4758  28.168053    -0.4738  28.167839     4.9270     5.0301    -0.0034    93.3451 1.0000e-12  -74.10991 -113.32232  31.483645      92.58 9.6790e+02    710.925      17063  1028.9916  1028.9895     4.4283     0.0679     0.1327    34.1853    34.1828    8.15719         26 0.0000e+00
    320.000    316.445    -0.4729  28.171449    -0.4710  28.171159     4.9258     5.0284    -0.0182    93.3362 1.0000e-12  -74.10991 -113.32232  31.483658      97.74 9.6884e+02    712.014      17089  1028.9968  1028.9947     4.4278     0.0687     0.1315    34.1859    34.1835    8.15653         27 0.0000e+00
    321.000    317.433    -0.4701  28.174715    -0.4687  28.173903     4.9199     5.0302    -0.0052    93.3282 1.0000e-12  -74.10990 -113.32232  31.483671      99.83 9.6934e+02    713.216      17118  1029.0020  1028.9998     4.4275     0.0697     0.1312    34.1866    34.1839    8.15589         30 0.0000e+00
    322.000    318.420    -0.4661  28.179441    -0.4637  28.179242     4.9198     5.0262    -0.0176    93.3238 1.0000e-12  -74.10990 -113.32232  31.483687      99.85 9.7017e+02    714.525      17150  1029.0075  1029.0050     4.4273     0.0696     0.1330    34.1878    34.1849    8.15495         31 0.0000e+00
    323.000    319.409    -0.4624  28.183579    -0.4611  28.182585     4.9158     5.0253    -0.0125    93.3340 1.0000e-12  -74.10990 -113.32232  31.483701      99.85 9.6873e+02    715.760      17179  1029.0127  1029.0104     4.4278     0.0700     0.1345    34.1886    34.1858    8.15412         28 0.0000e+00
    324.000    320.397    -0.4565  28.190042    -0.4549  28.189420     4.9139     5.0280    -0.0074    93.3360 1.0000e-12  -74.10990 -113.32232  31.483714      99.85 9.6906e+02    716.892      17206  1029.0182  1029.0160     4.4279     0.0692     0.1356    34.1900    34.1874    8.15277         27 0.0000e+00
    325.000    321.385    -0.4567  28.190005    -0.4535  28.191334     4.9172     5.0218    -0.0063    93.3264 1.0000e-12  -74.10991 -113.32232  31.483727      99.86 9.7050e+02    718.000      17233  1029.0227  1029.0211     4.4274     0.0691     0.1334    34.1896    34.1878    8.15284         27 0.0000e+00
    326.000    322.373    -0.4546  28.192947    -0.4516  28.193502     4.9083     5.0155    -0.0112    93.3131 1.0000e-12  -74.10990 -113.32232  31.483740      99.38 9.7013e+02    719.161      17261  1029.0282  1029.0259     4.4268     0.0696     0.1333    34.1906    34.1880    8.15233         29 0.0000e+00
    327.000    323.361    -0.4486  28.199764    -0.4479  28.197976     4.9085     5.0084    -0.0064    93.3229 1.0000e-12  -74.10990 -113.32232  31.483754      98.99 9.7056e+02    720.385      17290  1029.0340  1029.0314     4.4273     0.0705     0.1336    34.1924    34.1892    8.15094         29 0.0000e+00
    328.000    324.349    -0.4407  28.208834    -0.4391  28.207882     4.9039     5.0074    -0.0080    93.3153 1.0000e-12  -74.10991 -113.32232  31.483768      98.47 9.6996e+02    721.569      17319  1029.0403  1029.0378     4.4268     0.0696     0.1320    34.1950    34.1920    8.14909         28 0.0000e+00
    329.000    325.337    -0.4330  28.217337    -0.4307  28.217561     4.8983     5.0021    -0.0109    93.3187 1.0000e-12  -74.10991 -113.32232  31.483781      97.61 9.7004e+02    722.700      17346  1029.0463  1029.0443     4.4270     0.0701     0.1326    34.1971    34.1948    8.14731         27 0.0000e+00
    330.000    326.326    -0.4329  28.217856    -0.4308  28.217858     4.8951     5.0071    -0.0152    93.3065 1.0000e-12  -74.10991 -113.32232  31.483794      96.38 9.6998e+02    723.821      17373  1029.0512  1029.0492     4.4264     0.0700     0.1332    34.1971    34.1948    8.14730         27 0.0000e+00
    331.000    327.313    -0.4280  28.223445    -0.4257  28.223471     4.9013     4.9990    -0.0178    93.3156 1.0000e-12  -74.10992 -113.32232  31.483808      96.07 9.7205e+02    724.985      17401  1029.0567  1029.0546     4.4269     0.0695     0.1321    34.1985    34.1960    8.14616         29 0.0000e+00
    332.000    328.302    -0.4273  28.224623    -0.4254  28.224292     4.8932     5.0012     0.0156    93.3148 1.0000e-12  -74.10992 -113.32234  31.483822      95.21 9.7124e+02    726.191      17430  1029.0616  1029.0595     4.4268     0.0690     0.1327    34.1986    34.1961    8.14600         29 0.0000e+00
    333.000    329.289    -0.4224  28.230227    -0.4200  28.230465     4.8929     5.0033    -0.0117    93.2966 1.0000e-12  -74.10992 -113.32232  31.483836      94.47 9.6984e+02    727.421      17459  1029.0673  1029.0651     4.4259     0.0688     0.1335    34.2001    34.1977    8.14487         30 0.0000e+00
    334.000    330.278    -0.4214  28.231661    -0.4195  28.231422     4.8903     4.9936    -0.0198    93.3052 1.0000e-12  -74.10992 -113.32233  31.483850      93.77 9.6977e+02    728.651      17489  1029.0722  1029.0702     4.4263     0.0692     0.1319    34.2003    34.1979    8.14466         28 0.0000e+00
    335.000    331.266    -0.4133  28.241552    -0.4123  28.239931     4.8774     4.9811    -0.0197    93.2977 1.0000e-12  -74.10992 -113.32233  31.483863      93.83 9.6866e+02    729.799      17516  1029.0792  1029.0765     4.4260     0.0699     0.1344    34.2038    34.2005    8.14271         27 0.0000e+00
    336.000    332.253    -0.4017  28.254433    -0.3987  28.254920     4.8714     4.9760    -0.0183    93.2809 1.0000e-12  -74.10992 -113.32233  31.483876      92.46 9.6976e+02    730.895      17542  1029.0859  1029.0836     4.4252     0.0696     0.1355    34.2074    34.2046    8.14001         27 0.0000e+00
    337.000    333.242    -0.3829  28.274351    -0.3802  28.274442     4.8702     4.9683    -0.0143    93.2846 1.0000e-12  -74.10992 -113.32234  31.483890      91.98 9.7018e+02    732.061      17570  1029.0933  1029.0908     4.4253     0.0686     0.1340    34.2123    34.2095    8.13571         29 0.0000e+00
    338.000    334.230    -0.3768  28.281283    -0.3760  28.279623     4.8646     4.9638    -0.0155    93.3033 1.0000e-12  -74.10992 -113.32232  31.483904      91.06 9.6964e+02    733.322      17601  1029.0992  1029.0967     4.4263     0.0685     0.1327    34.2141    34.2110    8.13430         30 0.0000e+00
    339.000    335.218    -0.3733  28.285282    -0.3714  28.285128     4.8612     4.9636    -0.0059    93.3068 1.0000e-12  -74.10992 -113.32233  31.483918      89.98 9.6849e+02    734.544      17630  1029.1046  1029.1025     4.4264     0.0684     0.1351    34.2150    34.2125    8.13351         29 0.0000e+00
    340.000    336.205    -0.3725  28.286943    -0.3695  28.287400     4.8604     4.9634     0.0026    93.2900 1.0000e-12  -74.10992 -113.32233  31.483931      89.87 9.6930e+02    735.670      17657  1029.1099  1029.1076     4.4256     0.0695     0.1342    34.2156    34.2130    8.13329         26 0.0000e+00
    341.000    337.193    -0.3677  28.291789    -0.3668  28.290758     4.8620     4.9625     0.0010    93.2826 1.0000e-12  -74.10992 -113.32233  31.483944      86.90 9.6983e+02    736.775      17684  1029.1149  1029.1128     4.4253     0.0678     0.1347    34.2162    34.2137    8.13225         27 0.0000e+00
    342.000    338.182    -0.3712  28.288616    -0.3700  28.287750     4.8617     4.9658    -0.0082    93.2725 1.0000e-12  -74.10992 -113.32233  31.483958      88.54 9.7172e+02    737.928      17711  1029.1193  1029.1172     4.4248     0.0692     0.1338    34.2153    34.2127    8.13305         29 0.0000e+00
    343.000    339.171    -0.3729  28.287233    -0.3699  28.288235     4.8613     4.9596    -0.0111    93.2543 1.0000e-12  -74.10992 -113.32232  31.483972      85.93 9.7160e+02    739.186      17741  1029.1238  1029.1220     4.4240     0.0685     0.1374    34.2147    34.2127    8.13343         29 0.0000e+00
    344.000    340.158    -0.3682  28.292836    -0.3641  28.294514     4.8558     4.9562    -0.0108    93.2874 1.0000e-12  -74.10992 -113.32233  31.483987      86.05 9.6998e+02    740.484      17773  1029.1295  1029.1274     4.4255     0.0679     0.1339    34.2163    34.2140    8.13233         28 0.0000e+00
    345.000    341.146    -0.3600  28.302107    -0.3569  28.302700     4.8500     4.9492    -0.0101    93.2902 1.0000e-12  -74.10992 -113.32232  31.484001      85.50 9.7098e+02    741.691      17802  1029.1358  1029.1335     4.4256     0.0677     0.1341    34.2188    34.2162    8.13043         27 0.0000e+00
    346.000    342.133    -0.3518  28.310403    -0.3509  28.309312     4.8415     4.9476    -0.0011    93.2736 1.0000e-12  -74.10992 -113.32232  31.484014      84.83 9.7122e+02    742.791      17828  1029.1411  1029.1390     4.4248     0.0683     0.1328    34.2202    34.2177    8.12862         26 0.0000e+00
    347.000    343.121    -0.3490  28.313935    -0.3472  28.313479     4.8384     4.9422    -0.0114    93.2679 1.0000e-12  -74.10992 -113.32232  31.484026      82.94 9.7217e+02    743.858      17854  1029.1465  1029.1442     4.4246     0.0678     0.1374    34.2212    34.2185    8.12797         26 0.0000e+00
    348.000    344.110    -0.3470  28.316702    -0.3452  28.316215     4.8440     4.9448    -0.0163    93.2639 1.0000e-12  -74.10992 -113.32232  31.484039      82.17 9.7273e+02    744.969      17880  1029.1517  1029.1495     4.4244     0.0677     0.1357    34.2219    34.2193    8.12748         28 0.0000e+00
    349.000    345.097    -0.3472  28.316868    -0.3454  28.316523     4.8459     4.9418    -0.0055    93.2452 1.0000e-12  -74.10992 -113.32232  31.484053      82.12 9.7395e+02    746.193      17910  1029.1565  1029.1544     4.4235     0.0675     0.1357    34.2218    34.2193    8.12754         31 0.0000e+00
    350.000    346.086    -0.3452  28.319703    -0.3437  28.318841     4.8443     4.9460    -0.0125    93.2508 1.0000e-12  -74.10992 -113.32232  31.484068      80.64 9.7167e+02    747.465      17940  1029.1619  1029.1596     4.4238     0.0675     0.1345    34.2227    34.2200    8.12705         30 0.0000e+00
    351.000    347.074    -0.3431  28.322812    -0.3417  28.321882     4.8454     4.9496    -0.0064    93.2742 1.0000e-12  -74.10992 -113.32232  31.484082      79.00 9.7204e+02    748.649      17969  1029.1676  1029.1653     4.4249     0.0675     0.1339    34.2240    34.2211    8.12654         25 0.0000e+00
    352.000    348.062    -0.3410  28.325770    -0.3392  28.325225     4.8453     4.9462    -0.0135    93.2543 1.0000e-12  -74.10992 -113.32232  31.484094      78.60 9.7350e+02    749.759      17995  1029.1731  1029.1708     4.4240     0.0680     0.1343    34.2250    34.2223    8.12604         26 0.0000e+00
    353.000    349.050    -0.3393  28.328057    -0.3375  28.327539     4.8484     4.9441    -0.0187    93.2628 1.0000e-12  -74.10992 -113.32232  31.484107      77.68 9.7498e+02    750.885      18022  1029.1781  1029.1759     4.4243     0.0670     0.1364    34.2255    34.2228    8.12564         28 0.0000e+00
    354.000    350.038    -0.3394  28.328457    -0.3375  28.328133     4.8507     4.9456    -0.0202    93.2527 1.0000e-12  -74.10992 -113.32232  31.484121      76.22 9.7505e+02    752.087      18051  1029.1830  1029.1808     4.4239     0.0673     0.1363    34.2255    34.2229    8.12566         30 0.0000e+00
    355.000    351.025    -0.3391  28.329100    -0.3373  28.328741     4.8434     4.9473    -0.0077    93.2595 1.0000e-12  -74.10992 -113.32232  31.484136      76.01 9.7351e+02    753.359      18082  1029.1877  1029.1856     4.4242     0.0672     0.1352    34.2255    34.2229    8.12560         30 0.0000e+00
    356.000    352.013    -0.3385  28.330354    -0.3367  28.329886     4.8456     4.9457    -0.0096    93.2705 1.0000e-12  -74.10992 -113.32232  31.484150      74.79 9.7413e+02    754.591      18111  1029.1927  1029.1905     4.4247     0.0660     0.1359    34.2258    34.2232    8.12544         28 0.0000e+00
    357.000    353.003    -0.3378  28.331709    -0.3360  28.331329     4.8474     4.9464    -0.0107    93.2720 1.0000e-12  -74.10992 -113.32232  31.484164      73.25 9.7502e+02    755.727      18138  1029.1978  1029.1958     4.4248     0.0667     0.1333    34.2263    34.2238    8.12527         27 0.0000e+00
    358.000    353.988    -0.3383  28.331656    -0.3368  28.331053     4.8479     4.9481    -0.0109    93.2643 1.0000e-12  -74.10992 -113.32232  31.484176      72.65 9.7381e+02    756.850      18165  1029.2026  1029.2005     4.4244     0.0660     0.1349    34.2262    34.2237    8.12539         27 0.0000e+00
    359.000    354.978    -0.3387  28.331728    -0.3370  28.331202     4.8526     4.9509    -0.0104    93.2550 1.0000e-12  -74.10992 -113.32232  31.484190      72.21 9.7453e+02    758.033      18194  1029.2073  1029.2051     4.4240     0.0661     0.1351    34.2261    34.2235    8.12548         30 0.0000e+00
    360.000    355.966    -0.3402  28.330258    -0.3376  28.331021     4.8501     4.9489    -0.0092    93.2643 1.0000e-12  -74.10992 -113.32232  31.484204      71.33 9.7500e+02    759.264      18223  1029.2116  1029.2098     4.4244     0.0657     0.1335    34.2252    34.2233    8.12584         29 0.0000e+00
    361.000    356.953    -0.3408  28.330238    -0.3393  28.329598     4.8475     4.9476    -0.0044    93.2696 1.0000e-12  -74.10992 -113.32232  31.484218      69.83 9.7665e+02    760.468      18252  1029.2164  1029.2143     4.4246     0.0652     0.1352    34.2253    34.2228    8.12598         29 0.0000e+00
    362.000    357.941    -0.3389  28.333038    -0.3386  28.330932     4.8464     4.9482    -0.0174    93.2682 1.0000e-12  -74.10992 -113.32232  31.484232      68.23 9.7735e+02    761.621      18280  1029.2218  1029.2193     4.4246     0.0664     0.1366    34.2263    34.2231    8.12551         27 0.0000e+00
    363.000    358.930    -0.3362  28.336175    -0.3358  28.334391     4.8489     4.9518    -0.0159    93.2362 1.0000e-12  -74.10992 -113.32232  31.484245      67.65 9.7664e+02    762.730      18307  1029.2268  1029.2245     4.4231     0.0649     0.1334    34.2268    34.2240    8.12490         26 0.0000e+00
    364.000    359.917    -0.3373  28.335625    -0.3368  28.333844     4.8452     4.9524    -0.0101    93.2590 1.0000e-12  -74.10992 -113.32232  31.484257      67.30 9.7670e+02    763.844      18333  1029.2315  1029.2292     4.4242     0.0652     0.1361    34.2268    34.2238    8.12514         28 0.0000e+00
