ocean_section_plots/required_files/ctd/dnbp2202_ctd102.cnv
* Sea-Bird SBE 9 Data File:
* FileName = D:\Data\raw\NBP2202_CTD102.hex
* Software Version Seasave V 7.26.7.121
* Temperature SN = 1649
* Conductivity SN = 2513
* Number of Bytes Per Scan = 40
* Number of Voltage Words = 5
* Number of Scans Averaged by the Deck Unit = 1
* NMEA Latitude = 74 10.52 S
* NMEA Longitude = 113 20.65 W
* NMEA UTC (Time) = Jan 27 2022  03:21:59
* NMEA baud rate = 9600
** Ship: RVIB N.B. Palmer
** Cruise: NBP2202 Thwaites
** Station: YoYo001
** Operator: B. Bjork
# nquan = 25
# nvalues = 608                         
# units = specified
# name 0 = prDM: Pressure, Digiquartz [db]
# name 1 = depSM: Depth [salt water, m]
# name 2 = t090C: Temperature [ITS-90, deg C]
# name 3 = c0mS/cm: Conductivity [mS/cm]
# name 4 = t190C: Temperature, 2 [ITS-90, deg C]
# name 5 = c1mS/cm: Conductivity, 2 [mS/cm]
# name 6 = sbeox0ML/L: Oxygen, SBE 43 [ml/l]
# name 7 = sbeox1ML/L: Oxygen, SBE 43, 2 [ml/l]
# name 8 = flECO-AFL: Fluorescence, WET Labs ECO-AFL/FL [mg/m^3]
# name 9 = CStarTr0: Beam Transmission, WET Labs C-Star [%]
# name 10 = par: PAR/Irradiance, Biospherical/Licor
# name 11 = latitude: Latitude [deg]
# name 12 = longitude: Longitude [deg]
# name 13 = timeJ: Julian Days
# name 14 = altM: Altimeter [m]
# name 15 = spar: SPAR, Biospherical/Licor
# name 16 = timeS: Time, Elapsed [seconds]
# name 17 = scan: Scan Count
# name 18 = density00: Density [density, kg/m^3]
# name 19 = density11: Density, 2 [density, kg/m^3]
# name 20 = sal00: Salinity, Practical [PSU]
# name 21 = sal11: Salinity, Practical, 2 [PSU]
# name 22 = oxsolML/L: Oxygen Saturation, Garcia & Gordon [ml/l]
# name 23 = nbin: number of scans per bin
# name 24 = flag: flag
# span 0 =     10.000,    617.000       
# span 1 =      9.897,    609.705       
# span 2 =    -1.5052,     0.0769       
# span 3 =  26.941235,  28.910814       
# span 4 =    -1.5033,     0.0785       
# span 5 =  26.818167,  28.787743       
# span 6 =     4.6794,     8.5678       
# span 7 =     4.7218,     8.4428       
# span 8 =    -0.0226,    24.8507       
# span 9 =    69.5345,    95.5258       
# span 10 = -5.461e-05, 1.4250e+01      
# span 11 =  -74.17536,  -74.17536      
# span 12 = -113.34428, -113.34424      
# span 13 =  27.140902,  27.149546      
# span 14 =       7.66,     100.07      
# span 15 = 4.7422e+02, 5.6236e+02      
# span 16 =     54.935,    801.788      
# span 17 =       1319,      19244      
# span 18 =  1027.2207,  1030.5206      
# span 19 =  1027.0851,  1030.3893      
# span 20 =    33.7865,    34.3772      
# span 21 =    33.6171,    34.2136      
# span 22 =    8.02904,    8.40550      
# span 23 =         18,         46      
# span 24 = 0.0000e+00, 0.0000e+00      
# interval = decibars: 1                
# start_time = Jan 27 2022 03:21:59 [NMEA time, header]
# bad_flag = -9.990e-29
*END*
[from data line 290]
    300.000    296.680    -0.5879  28.023651    -0.5863  27.897393     4.9125     4.9547    -0.0153    95.1909 1.0000e-12  -74.17536 -113.34426  27.145159      99.87 5.1028e+02    422.743      10147  1028.8623  1028.7240    34.1290    33.9576    8.18460         24 0.0000e+00
    301.000    297.669    -0.5892  28.022915    -0.5876  27.896852     4.9272     4.9662    -0.0144    95.2031 1.0000e-12  -74.17536 -113.34427  27.145171      99.87 5.0982e+02    423.754      10171  1028.8671  1028.7289    34.1289    33.9576    8.18489         25 0.0000e+00
    302.000    298.655    -0.5969  28.016567    -0.5959  27.890698     4.9452     4.9887    -0.0171    95.1774 1.0000e-12  -74.17536 -113.34427  27.145182      99.87 5.0947e+02    424.760      10195  1028.8721  1028.7347    34.1284    33.9581    8.18658         24 0.0000e+00
    303.000    299.645    -0.6140  28.002200    -0.6120  27.877603     4.9513     5.0074    -0.0138    95.1793 1.0000e-12  -74.17536 -113.34427  27.145194      99.87 5.0947e+02    425.777      10220  1028.8777  1028.7406    34.1276    33.9579    8.19031         24 0.0000e+00
    304.000    300.633    -0.6214  27.997019    -0.6200  27.871446     4.9562     5.0053    -0.0192    95.2022 1.0000e-12  -74.17536 -113.34427  27.145206      99.87 5.0947e+02    426.800      10244  1028.8835  1028.7460    34.1284    33.9580    8.19187         25 0.0000e+00
    305.000    301.620    -0.6203  27.999131    -0.6183  27.873361     4.9515     5.0012    -0.0130    95.1948 1.0000e-12  -74.17536 -113.34426  27.145218      99.87 5.0947e+02    427.827      10269  1028.8889  1028.7506    34.1294    33.9581    8.19158         25 0.0000e+00
    306.000    302.609    -0.6131  28.006795    -0.6113  27.880659     4.9461     4.9930    -0.0126    95.1922 1.0000e-12  -74.17536 -113.34426  27.145230      96.22 5.0947e+02    428.854      10293  1028.8944  1028.7558    34.1310    33.9594    8.18993         24 0.0000e+00
    307.000    303.597    -0.6078  28.012461    -0.6051  27.887349     4.9454     4.9900    -0.0122    95.2138 1.0000e-12  -74.17536 -113.34426  27.145242      95.60 5.0940e+02    429.886      10318  1028.8995  1028.7613    34.1321    33.9609    8.18872         26 0.0000e+00
    308.000    304.586    -0.6044  28.016150    -0.6032  27.889704     4.9369     4.9877    -0.0131    95.2074 1.0000e-12  -74.17536 -113.34426  27.145254      99.35 5.0812e+02    430.907      10343  1028.9044  1028.7662    34.1326    33.9613    8.18796         24 0.0000e+00
    309.000    305.573    -0.6023  28.018709    -0.6001  27.893184     4.9364     4.9849    -0.0108    95.2040 1.0000e-12  -74.17536 -113.34426  27.145265      99.87 5.0800e+02    431.930      10367  1028.9094  1028.7712    34.1330    33.9619    8.18747         24 0.0000e+00
    310.000    306.561    -0.5953  28.026390    -0.5932  27.900520     4.9309     4.9819    -0.0046    95.2311 1.0000e-12  -74.17536 -113.34426  27.145277      99.87 5.0823e+02    432.949      10392  1028.9151  1028.7767    34.1349    33.9634    8.18585         24 0.0000e+00
    311.000    307.551    -0.5937  28.028537    -0.5920  27.902470     4.9296     4.9833    -0.0148    95.2267 1.0000e-12  -74.17536 -113.34426  27.145289      99.87 5.0771e+02    433.966      10416  1028.9202  1028.7820    34.1354    33.9641    8.18548         25 0.0000e+00
    312.000    308.538    -0.5907  28.032476    -0.5898  27.905272     4.9309     4.9799    -0.0069    95.2420 1.0000e-12  -74.17536 -113.34426  27.145301      99.87 5.0764e+02    434.990      10441  1028.9259  1028.7871    34.1368    33.9648    8.18476         25 0.0000e+00
    313.000    309.526    -0.5828  28.041484    -0.5815  27.914691     4.9280     4.9717    -0.0091    95.2269 1.0000e-12  -74.17536 -113.34426  27.145313      99.87 5.0757e+02    436.028      10466  1028.9321  1028.7935    34.1393    33.9675    8.18289         25 0.0000e+00
    314.000    310.514    -0.5784  28.047105    -0.5782  27.918887     4.9288     4.9733    -0.0119    95.2244 1.0000e-12  -74.17536 -113.34426  27.145325      99.87 5.0632e+02    437.058      10490  1028.9382  1028.7991    34.1413    33.9688    8.18183         24 0.0000e+00
    315.000    311.503    -0.5668  28.060279    -0.5659  27.932334     4.9233     4.9696    -0.0068    95.2288 1.0000e-12  -74.17536 -113.34426  27.145337      99.86 5.0595e+02    438.088      10515  1028.9454  1028.8059    34.1454    33.9725    8.17910         25 0.0000e+00
    316.000    312.490    -0.5632  28.064551    -0.5617  27.937919     4.9232     4.9693    -0.0022    95.2278 1.0000e-12  -74.17536 -113.34426  27.145349      99.87 5.0665e+02    439.113      10540  1028.9508  1028.8123    34.1464    33.9748    8.17825         25 0.0000e+00
    317.000    313.479    -0.5631  28.064976    -0.5620  27.938280     4.9187     4.9730    -0.0061    95.2244 1.0000e-12  -74.17536 -113.34426  27.145360      99.87 5.0610e+02    440.135      10564  1028.9556  1028.8173    34.1463    33.9750    8.17824         24 0.0000e+00
    318.000    314.465    -0.5623  28.066218    -0.5610  27.939513     4.9132     4.9726    -0.0088    95.2226 1.0000e-12  -74.17536 -113.34426  27.145372      97.80 5.0693e+02    441.154      10589  1028.9604  1028.8220    34.1465    33.9749    8.17805         25 0.0000e+00
    319.000    315.456    -0.5596  28.069430    -0.5585  27.942559     4.9143     4.9691    -0.0014    95.2180 1.0000e-12  -74.17536 -113.34426  27.145384      79.95 5.0690e+02    442.179      10613  1028.9656  1028.8273    34.1472    33.9757    8.17744         24 0.0000e+00
    320.000    316.444    -0.5568  28.072470    -0.5563  27.945240     4.9107     4.9608     0.0022    95.2195 1.0000e-12  -74.17536 -113.34426  27.145396      95.45 5.0617e+02    443.203      10638  1028.9705  1028.8323    34.1475    33.9762    8.17682         25 0.0000e+00
    321.000    317.432    -0.5564  28.073389    -0.5552  27.946771     4.9113     4.9605    -0.0095    95.2467 1.0000e-12  -74.17536 -113.34426  27.145408      99.84 5.0624e+02    444.223      10662  1028.9755  1028.8373    34.1477    33.9764    8.17672         24 0.0000e+00
    322.000    318.419    -0.5524  28.077853    -0.5512  27.950894     4.9135     4.9538    -0.0117    95.2198 1.0000e-12  -74.17536 -113.34426  27.145419      99.87 5.0728e+02    445.240      10687  1028.9807  1028.8422    34.1486    33.9768    8.17581         24 0.0000e+00
    323.000    319.407    -0.5490  28.082003    -0.5472  27.956178     4.9184     4.9605    -0.0183    95.2091 1.0000e-12  -74.17536 -113.34426  27.145431      99.87 5.0764e+02    446.257      10711  1028.9861  1028.8482    34.1497    33.9789    8.17500         25 0.0000e+00
    324.000    320.397    -0.5486  28.083299    -0.5470  27.957014     4.9137     4.9602    -0.0132    95.2094 1.0000e-12  -74.17536 -113.34426  27.145443      99.87 5.0771e+02    447.276      10736  1028.9915  1028.8533    34.1504    33.9792    8.17487         24 0.0000e+00
    325.000    321.383    -0.5467  28.085828    -0.5454  27.959242     4.9138     4.9618    -0.0138    95.2197 1.0000e-12  -74.17536 -113.34426  27.145455      99.87 5.0893e+02    448.307      10760  1028.9967  1028.8585    34.1511    33.9798    8.17443         25 0.0000e+00
    326.000    322.372    -0.5434  28.090132    -0.5418  27.963618     4.9152     4.9630    -0.0119    95.2299 1.0000e-12  -74.17536 -113.34426  27.145467      99.86 5.0941e+02    449.332      10785  1029.0024  1028.8640    34.1525    33.9810    8.17363         24 0.0000e+00
    327.000    323.361    -0.5430  28.091374    -0.5416  27.965153     4.9138     4.9605    -0.0115    95.2045 1.0000e-12  -74.17536 -113.34426  27.145479      99.87 5.0947e+02    450.357      10810  1029.0078  1028.8698    34.1532    33.9822    8.17352         25 0.0000e+00
    328.000    324.349    -0.5391  28.096577    -0.5372  27.970269     4.9249     4.9706    -0.0047    95.2144 1.0000e-12  -74.17536 -113.34426  27.145491      99.87 5.1111e+02    451.384      10834  1029.0139  1028.8753    34.1552    33.9835    8.17256         25 0.0000e+00
    329.000    325.336    -0.5322  28.104521    -0.5305  27.977935     4.9228     4.9682    -0.0127    95.2144 1.0000e-12  -74.17536 -113.34426  27.145502      99.87 5.1124e+02    452.413      10859  1029.0200  1028.8814    34.1575    33.9858    8.17094         25 0.0000e+00
    330.000    326.323    -0.5296  28.107516    -0.5279  27.981510     4.9318     4.9574    -0.0181    95.2169 1.0000e-12  -74.17536 -113.34426  27.145514      99.87 5.1256e+02    453.440      10884  1029.0250  1028.8871    34.1579    33.9870    8.17034         24 0.0000e+00
    331.000    327.313    -0.5299  28.108161    -0.5284  27.982036     4.9790     4.9940    -0.0112    95.1780 1.0000e-12  -74.17536 -113.34426  27.145526      99.87 5.1308e+02    454.468      10908  1029.0303  1028.8925    34.1585    33.9877    8.17037         25 0.0000e+00
    332.000    328.300    -0.5329  28.105720    -0.5336  27.979604     5.0454     5.0577    -0.0105    95.2153 1.0000e-12  -74.17536 -113.34426  27.145538      91.91 5.1412e+02    455.496      10933  1029.0350  1028.8993    34.1580    33.9897    8.17105         24 0.0000e+00
    333.000    329.289    -0.6052  28.043068    -0.6145  27.912741     5.0815     5.1023    -0.0195    95.2164 1.0000e-12  -74.17536 -113.34426  27.145550      98.59 5.1534e+02    456.512      10957  1029.0427  1028.9107    34.1545    33.9898    8.18686         25 0.0000e+00
    334.000    330.275    -0.6352  28.017216    -0.6441  27.885228     5.1182     5.1480    -0.0181    95.2083 1.0000e-12  -74.17536 -113.34426  27.145562      99.87 5.1704e+02    457.520      10981  1029.0483  1028.9139    34.1529    33.9854    8.19344         24 0.0000e+00
    335.000    331.265    -0.6474  28.007647    -0.6485  27.881035     5.1053     5.1523    -0.0118    95.2257 1.0000e-12  -74.17536 -113.34426  27.145573      99.86 5.1857e+02    458.540      11006  1029.0540  1028.9176    34.1532    33.9841    8.19608         25 0.0000e+00
    336.000    332.252    -0.6622  27.995507    -0.6605  27.871990     5.0372     5.1061    -0.0193    95.2382 1.0000e-12  -74.17536 -113.34426  27.145585      99.87 5.1997e+02    459.556      11030  1029.0595  1028.9235    34.1529    33.9847    8.19931         24 0.0000e+00
    337.000    333.241    -0.6256  28.036562    -0.6046  27.921832     4.9682     5.0435    -0.0186    95.2514 1.0000e-12  -74.17536 -113.34426  27.145597      99.87 5.2159e+02    460.577      11055  1029.0716  1028.9267    34.1663    33.9885    8.19061         25 0.0000e+00
    338.000    334.230    -0.5345  28.118135    -0.5329  27.989029     4.9352     5.0067    -0.0116    95.2737 1.0000e-12  -74.17536 -113.34426  27.145609      99.87 5.2321e+02    461.605      11080  1029.0743  1028.9332    34.1728    33.9979    8.17054         24 0.0000e+00
    339.000    335.217    -0.5215  28.130795    -0.5193  28.003423     4.9109     4.9820    -0.0042    95.2947 1.0000e-12  -74.17536 -113.34426  27.145621      99.87 5.2358e+02    462.624      11104  1029.0796  1028.9399    34.1746    34.0014    8.16763         25 0.0000e+00
    340.000    336.204    -0.5056  28.146058    -0.5031  28.019498     4.8790     4.9567    -0.0120    95.2907 1.0000e-12  -74.17536 -113.34426  27.145633      99.87 5.2462e+02    463.650      11129  1029.0850  1028.9458    34.1766    34.0042    8.16410         25 0.0000e+00
    341.000    337.193    -0.4919  28.160252    -0.4881  28.033644     4.8545     4.9268    -0.0123    95.3282 1.0000e-12  -74.17536 -113.34426  27.145644      99.87 5.2533e+02    464.680      11153  1029.0913  1028.9510    34.1797    34.0058    8.16098         24 0.0000e+00
    342.000    338.182    -0.4653  28.185405    -0.4633  28.057847     4.8453     4.9108    -0.0171    95.3308 1.0000e-12  -74.17536 -113.34426  27.145656      99.87 5.2534e+02    465.709      11178  1029.0967  1028.9573    34.1828    34.0099    8.15507         25 0.0000e+00
    343.000    339.168    -0.4521  28.198527    -0.4503  28.070986     4.8450     4.9021    -0.0153    95.3144 1.0000e-12  -74.17536 -113.34426  27.145668      99.87 5.2519e+02    466.737      11203  1029.1025  1028.9632    34.1850    34.0123    8.15212         24 0.0000e+00
    344.000    340.157    -0.4425  28.208735    -0.4417  28.080404     4.8356     4.9003    -0.0067    95.2880 1.0000e-12  -74.17536 -113.34426  27.145680      75.50 5.2498e+02    467.769      11227  1029.1086  1028.9695    34.1873    34.0147    8.14993         25 0.0000e+00
    345.000    341.145    -0.4374  28.215012    -0.4354  28.087280     4.8407     4.8989    -0.0086    95.2814 1.0000e-12  -74.17536 -113.34426  27.145692      94.13 5.2359e+02    468.783      11252  1029.1149  1028.9753    34.1894    34.0163    8.14871         25 0.0000e+00
    346.000    342.132    -0.4123  28.243826    -0.4103  28.115479     4.8408     4.8994    -0.0159    95.2759 1.0000e-12  -74.17536 -113.34426  27.145704      99.80 5.2263e+02    469.800      11276  1029.1258  1028.9856    34.1992    34.0254    8.14277         24 0.0000e+00
    347.000    343.121    -0.4060  28.252132    -0.4048  28.123549     4.8421     4.8932    -0.0150    95.2741 1.0000e-12  -74.17536 -113.34426  27.145716      99.87 5.2280e+02    470.823      11301  1029.1331  1028.9935    34.2026    34.0293    8.14122         25 0.0000e+00
    348.000    344.110    -0.3991  28.259889    -0.3990  28.130570     4.8398     4.8840    -0.0108    95.2417 1.0000e-12  -74.17536 -113.34426  27.145727      99.87 5.2181e+02    471.850      11325  1029.1392  1029.0000    34.2046    34.0316    8.13963         24 0.0000e+00
    349.000    345.097    -0.3891  28.270934    -0.3885  28.141925     4.8308     4.8847    -0.0115    95.2339 1.0000e-12  -74.17536 -113.34426  27.145739      99.87 5.2061e+02    472.880      11350  1029.1458  1029.0064    34.2075    34.0345    8.13732         25 0.0000e+00
    350.000    346.083    -0.3877  28.272672    -0.3864  28.144814     4.8329     4.8874    -0.0112    95.2370 1.0000e-12  -74.17536 -113.34426  27.145751      99.87 5.2033e+02    473.919      11375  1029.1509  1029.0121    34.2077    34.0355    8.13701         25 0.0000e+00
    351.000    347.073    -0.3872  28.273664    -0.3855  28.146461     4.8276     4.8813    -0.0123    95.2222 1.0000e-12  -74.17536 -113.34425  27.145763      99.87 5.1990e+02    474.939      11400  1029.1559  1029.0175    34.2078    34.0360    8.13689         24 0.0000e+00
    352.000    348.060    -0.3824  28.279241    -0.3808  28.151421     4.8190     4.8751    -0.0121    95.2185 1.0000e-12  -74.17536 -113.34425  27.145775      99.87 5.1836e+02    475.957      11424  1029.1617  1029.0226    34.2093    34.0368    8.13578         25 0.0000e+00
    353.000    349.049    -0.3789  28.283149    -0.3772  28.155821     4.8232     4.8817    -0.0115    95.1931 1.0000e-12  -74.17536 -113.34425  27.145787      99.87 5.1857e+02    476.984      11449  1029.1669  1029.0283    34.2099    34.0381    8.13499         25 0.0000e+00
    354.000    350.037    -0.3767  28.285939    -0.3753  28.158382     4.8238     4.8761    -0.0111    95.2080 1.0000e-12  -74.17536 -113.34425  27.145799      99.87 5.1750e+02    478.004      11473  1029.1722  1029.0337    34.2106    34.0388    8.13448         24 0.0000e+00
    355.000    351.024    -0.3695  28.294703    -0.3676  28.166991     4.8302     4.8798    -0.0117    95.2093 1.0000e-12  -74.17536 -113.34426  27.145810      99.87 5.1652e+02    479.019      11497  1029.1789  1029.0399    34.2136    34.0411    8.13277         24 0.0000e+00
    356.000    352.013    -0.3660  28.298842    -0.3645  28.171424     4.8339     4.8813    -0.0123    95.1887 1.0000e-12  -74.17536 -113.34426  27.145822      99.87 5.1637e+02    480.035      11522  1029.1844  1029.0460    34.2147    34.0429    8.13196         24 0.0000e+00
