ocean_section_plots/required_files/ctd/dnbp2202_ctd069.cnv
* Sea-Bird SBE 9 Data File:
* FileName = D:\Data\raw\NBP2202_CTD069.hex
* Software Version Seasave V 7.26.7.121
* Temperature SN = 1649
* Conductivity SN = 2513
* Number of Bytes Per Scan = 40
* Number of Voltage Words = 5
* Number of Scans Averaged by the Deck Unit = 1
* NMEA Latitude = 74 12.18 S
* NMEA Longitude = 112 12.79 W
* NMEA UTC (Time) = Jan 26 2022  01:37:02
* NMEA baud rate = 9600
** Ship: RVIB N.B. Palmer
** Cruise: NBP2202 Thwaites
** Station: 50
** Operator: A. Robinson
** N-S Transect Line
# nquan = 25
# nvalues = 996                         
# units = specified
# name 0 = prDM: Pressure, Digiquartz [db]
# name 1 = depSM: Depth [salt water, m]
# name 2 = t090C: Temperature [ITS-90, deg C]
# name 3 = c0mS/cm: Conductivity [mS/cm]
# name 4 = t190C: Temperature, 2 [ITS-90, deg C]
# name 5 = c1mS/cm: Conductivity, 2 [mS/cm]
# name 6 = sbeox0ML/L: Oxygen, SBE 43 [ml/l]
# name 7 = sbeox1ML/L: Oxygen, SBE 43, 2 [ml/l]
# name 8 = flECO-AFL: Fluorescence, WET Labs ECO-AFL/FL [mg/m^3]
# name 9 = CStarTr0: Beam Transmission, WET Labs C-Star [%]
# name 10 = par: PAR/Irradiance, Biospherical/Licor
# name 11 = latitude: Latitude [deg]
# name 12 = longitude: Longitude [deg]
# name 13 = timeJ: Julian Days
# name 14 = altM: Altimeter [m]
# name 15 = spar: SPAR, Biospherical/Licor
# name 16 = timeS: Time, Elapsed [seconds]
# name 17 = scan: Scan Count
# name 18 = density00: Density [density, kg/m^3]
# name 19 = density11: Density, 2 [density, kg/m^3]
# name 20 = sal00: Salinity, Practical [PSU]
# name 21 = sal11: Salinity, Practical, 2 [PSU]
# name 22 = oxsolML/L: Oxygen Saturation, Garcia & Gordon [ml/l]
# name 23 = nbin: number of scans per bin
# name 24 = flag: flag
# span 0 =      2.000,    997.000       
# span 1 =      1.982,    984.318       
# span 2 =    -1.4989,     0.5734       
# span 3 =  27.143968,  29.645496       
# span 4 =    -1.4984,     0.5753       
# span 5 =  27.143345,  29.645417       
# span 6 =     4.5497,     8.4124       
# span 7 =     4.6837,     8.7480       
# span 8 =    -0.0153,    27.2199       
# span 9 =    66.6345,    95.6767       
# span 10 = -4.300e-06, 2.8873e+02      
# span 11 =  -74.20302,  -74.20302      
# span 12 = -112.21342, -112.21328      
# span 13 =  26.069909,  26.084657      
# span 14 =       2.68,      99.99      
# span 15 = 4.8209e+02, 6.2416e+02      
# span 16 =    218.131,   1492.349      
# span 17 =       5236,      35817      
# span 18 =  1027.2049,  1032.4100      
# span 19 =  1027.2052,  1032.4079      
# span 20 =    33.8162,    34.5676      
# span 21 =    33.8161,    34.5652      
# span 22 =    7.91576,    8.39214      
# span 23 =         18,         49      
# span 24 = 0.0000e+00, 0.0000e+00      
# interval = decibars: 1                
# start_time = Jan 26 2022 01:37:02 [NMEA time, header]
# bad_flag = -9.990e-29
*END*
[from data line 232]
    234.000    231.447    -1.4926  27.158018    -1.4918  27.157764     6.3263     6.5538     0.1155    94.8066 1.0000e-12  -74.20302 -112.21332  26.074149      99.84 5.5750e+02    584.449      14028  1028.4957  1028.4946    34.0146    34.0133    8.39110         29 0.0000e+00
    235.000    232.436    -1.4924  27.158626    -1.4919  27.158140     6.3243     6.5557     0.2001    95.1091 1.0000e-12  -74.20302 -112.21332  26.074163      99.84 5.5707e+02    585.640      14056  1028.5004  1028.4993    34.0146    34.0133    8.39105         28 0.0000e+00
    236.000    233.424    -1.4930  27.158892    -1.4923  27.158527     6.3360     6.5533     0.1509    95.1511 1.0000e-12  -74.20302 -112.21332  26.074176      99.85 5.5671e+02    586.834      14085  1028.5055  1028.5045    34.0149    34.0137    8.39115         29 0.0000e+00
    237.000    234.411    -1.4932  27.159380    -1.4926  27.158996     6.3349     6.5528     0.1077    95.2368 1.0000e-12  -74.20302 -112.21332  26.074190      99.84 5.5632e+02    588.013      14113  1028.5106  1028.5096    34.0153    34.0140    8.39120         28 0.0000e+00
    238.000    235.402    -1.4930  27.159948    -1.4925  27.159500     6.3294     6.5561     0.1017    95.2232 1.0000e-12  -74.20302 -112.21332  26.074204      99.42 5.5658e+02    589.195      14142  1028.5153  1028.5143    34.0152    34.0140    8.39115         29 0.0000e+00
    239.000    236.389    -1.4934  27.160640    -1.4928  27.160123     6.3277     6.5571     0.1267    95.2336 1.0000e-12  -74.20302 -112.21332  26.074218      95.08 5.5622e+02    590.409      14171  1028.5208  1028.5196    34.0160    34.0146    8.39119         29 0.0000e+00
    240.000    237.378    -1.4924  27.162382    -1.4918  27.161813     6.3307     6.5574     0.1160    95.0930 1.0000e-12  -74.20302 -112.21333  26.074232      99.85 5.5677e+02    591.628      14200  1028.5259  1028.5248    34.0166    34.0152    8.39093         29 0.0000e+00
    241.000    238.367    -1.4930  27.162833    -1.4920  27.162625     6.3431     6.5633     0.0911    95.1603 1.0000e-12  -74.20302 -112.21332  26.074246      99.84 5.5713e+02    592.816      14229  1028.5313  1028.5301    34.0172    34.0159    8.39101         28 0.0000e+00
    242.000    239.355    -1.4937  27.162904    -1.4933  27.162244     6.3271     6.5615     0.0995    95.2764 1.0000e-12  -74.20302 -112.21332  26.074259      99.84 5.5530e+02    593.964      14256  1028.5365  1028.5353    34.0176    34.0162    8.39117         27 0.0000e+00
    243.000    240.343    -1.4938  27.163485    -1.4932  27.163020     6.3467     6.5723     0.0966    95.2370 1.0000e-12  -74.20302 -112.21332  26.074272      99.84 5.5556e+02    595.116      14284  1028.5414  1028.5404    34.0178    34.0166    8.39116         28 0.0000e+00
    244.000    241.332    -1.4957  27.163547    -1.4947  27.163127     6.3431     6.5711     0.1271    95.2740 1.0000e-12  -74.20302 -112.21332  26.074286      99.84 5.5742e+02    596.314      14313  1028.5476  1028.5463    34.0195    34.0178    8.39150         30 0.0000e+00
    245.000    242.320    -1.4981  27.162361    -1.4972  27.162109     6.3409     6.5683     0.1173    95.2389 1.0000e-12  -74.20302 -112.21332  26.074300      99.84 5.5543e+02    597.545      14342  1028.5530  1028.5518    34.0200    34.0186    8.39201         29 0.0000e+00
    246.000    243.308    -1.4987  27.162435    -1.4984  27.161854     6.3479     6.5684     0.1292    95.1721 1.0000e-12  -74.20302 -112.21332  26.074314      99.83 5.5551e+02    598.720      14370  1028.5579  1028.5569    34.0201    34.0189    8.39214         27 0.0000e+00
    247.000    244.298    -1.4986  27.163448    -1.4978  27.162986     6.3395     6.5684     0.1123    95.2345 1.0000e-12  -74.20302 -112.21332  26.074327      99.84 5.5549e+02    599.874      14398  1028.5632  1028.5619    34.0208    34.0192    8.39208         29 0.0000e+00
    248.000    245.285    -1.4989  27.163648    -1.4979  27.163446     6.3464     6.5701     0.2435    95.2478 1.0000e-12  -74.20302 -112.21332  26.074341      99.84 5.5482e+02    601.080      14427  1028.5680  1028.5668    34.0208    34.0194    8.39214         29 0.0000e+00
    249.000    246.275    -1.4989  27.164353    -1.4975  27.164551     6.3324     6.5698     0.1016    95.2792 1.0000e-12  -74.20302 -112.21332  26.074355      99.84 5.5519e+02    602.317      14457  1028.5730  1028.5719    34.0211    34.0198    8.39212         30 0.0000e+00
    250.000    247.262    -1.4968  27.166823    -1.4962  27.166360     6.3517     6.5695     0.1001    95.2686 1.0000e-12  -74.20302 -112.21332  26.074370      94.79 5.5620e+02    603.527      14486  1028.5781  1028.5769    34.0216    34.0203    8.39163         28 0.0000e+00
    251.000    248.251    -1.4959  27.168433    -1.4954  27.167763     6.3362     6.5655     0.0974    95.2604 1.0000e-12  -74.20302 -112.21332  26.074383      99.85 5.5518e+02    604.690      14514  1028.5832  1028.5820    34.0221    34.0206    8.39139         28 0.0000e+00
    252.000    249.241    -1.4950  27.170150    -1.4941  27.169856     6.3370     6.5579     0.0992    95.2510 1.0000e-12  -74.20302 -112.21332  26.074396      99.84 5.5511e+02    605.824      14541  1028.5885  1028.5873    34.0228    34.0214    8.39114         27 0.0000e+00
    253.000    250.227    -1.4921  27.173822    -1.4913  27.173416     6.3272     6.5626     0.0878    95.2833 1.0000e-12  -74.20302 -112.21332  26.074410      99.84 5.5456e+02    606.986      14569  1028.5941  1028.5927    34.0240    34.0224    8.39042         26 0.0000e+00
    254.000    251.216    -1.4913  27.175049    -1.4904  27.174656     6.3273     6.5541     0.0957    95.2834 1.0000e-12  -74.20302 -112.21332  26.074424      99.84 5.5365e+02    608.201      14598  1028.5989  1028.5976    34.0241    34.0226    8.39022         30 0.0000e+00
    255.000    252.205    -1.4898  27.177066    -1.4889  27.176768     6.3351     6.5554     0.1047    95.2390 1.0000e-12  -74.20302 -112.21332  26.074438      99.84 5.5458e+02    609.417      14627  1028.6040  1028.6028    34.0246    34.0232    8.38987         29 0.0000e+00
    256.000    253.194    -1.4900  27.177488    -1.4890  27.177317     6.3267     6.5474     0.0866    94.9270 1.0000e-12  -74.20302 -112.21332  26.074451      99.85 5.5498e+02    610.575      14655  1028.6090  1028.6078    34.0248    34.0234    8.38990         27 0.0000e+00
    257.000    254.181    -1.4899  27.178098    -1.4889  27.177924     6.3325     6.5496     0.0640    95.1520 1.0000e-12  -74.20302 -112.21332  26.074464      99.84 5.5420e+02    611.705      14682  1028.6139  1028.6127    34.0249    34.0235    8.38988         27 0.0000e+00
    258.000    255.170    -1.4885  27.179948    -1.4875  27.179616     6.3266     6.5557     0.0811    95.2434 1.0000e-12  -74.20302 -112.21332  26.074478      99.85 5.5341e+02    612.860      14710  1028.6188  1028.6176    34.0251    34.0236    8.38953         28 0.0000e+00
    259.000    256.159    -1.4870  27.182030    -1.4858  27.181948     6.3298     6.5558     0.0812    95.2835 1.0000e-12  -74.20302 -112.21332  26.074491      99.84 5.5348e+02    614.067      14739  1028.6240  1028.6227    34.0257    34.0242    8.38916         30 0.0000e+00
    260.000    257.147    -1.4857  27.184168    -1.4848  27.183824     6.3240     6.5504     0.0873    95.2861 1.0000e-12  -74.20302 -112.21332  26.074506      99.84 5.5367e+02    615.299      14768  1028.6294  1028.6282    34.0265    34.0251    8.38881         29 0.0000e+00
    261.000    258.135    -1.4851  27.185723    -1.4833  27.186134     6.3170     6.5393     0.0875    95.2703 1.0000e-12  -74.20302 -112.21332  26.074520      93.58 5.5297e+02    616.496      14797  1028.6348  1028.6335    34.0274    34.0259    8.38863         28 0.0000e+00
    262.000    259.124    -1.4792  27.191719    -1.4776  27.191885     6.3218     6.5321     0.0861    95.2681 1.0000e-12  -74.20302 -112.21332  26.074533      58.91 5.5395e+02    617.638      14824  1028.6400  1028.6387    34.0284    34.0267    8.38725         27 0.0000e+00
    263.000    260.112    -1.4785  27.192808    -1.4770  27.192945     6.3090     6.5337     0.0847    95.2989 1.0000e-12  -74.20302 -112.21332  26.074546      94.25 5.5436e+02    618.765      14851  1028.6448  1028.6435    34.0284    34.0269    8.38708         28 0.0000e+00
    264.000    261.101    -1.4797  27.192091    -1.4786  27.192092     6.3284     6.5423     0.0940    95.2779 1.0000e-12  -74.20302 -112.21332  26.074559      99.82 5.5229e+02    619.932      14879  1028.6496  1028.6486    34.0282    34.0269    8.38738         28 0.0000e+00
    265.000    262.089    -1.4818  27.191141    -1.4806  27.191018     6.3367     6.5480     0.0731    95.3503 1.0000e-12  -74.20302 -112.21332  26.074573      99.84 5.5263e+02    621.131      14908  1028.6550  1028.6536    34.0286    34.0271    8.38782         29 0.0000e+00
    266.000    263.077    -1.4835  27.190577    -1.4826  27.190309     6.3323     6.5546     0.0713    95.3210 1.0000e-12  -74.20302 -112.21332  26.074587      99.85 5.5335e+02    622.316      14937  1028.6603  1028.6591    34.0292    34.0278    8.38817         28 0.0000e+00
    267.000    264.067    -1.4872  27.188915    -1.4863  27.188623     6.3303     6.5520     0.0775    95.3302 1.0000e-12  -74.20302 -112.21332  26.074600      99.84 5.5129e+02    623.471      14964  1028.6664  1028.6652    34.0305    34.0291    8.38893         28 0.0000e+00
    268.000    265.054    -1.4825  27.194435    -1.4820  27.193609     6.3251     6.5462     0.0875    95.3681 1.0000e-12  -74.20302 -112.21332  26.074614      99.84 5.5295e+02    624.621      14992  1028.6722  1028.6707    34.0322    34.0304    8.38778         27 0.0000e+00
    269.000    266.042    -1.4800  27.197075    -1.4796  27.196256     6.3248     6.5438     0.0697    95.3247 1.0000e-12  -74.20302 -112.21332  26.074627      99.84 5.5422e+02    625.802      15020  1028.6769  1028.6756    34.0323    34.0307    8.38719         29 0.0000e+00
    270.000    267.029    -1.4780  27.199361    -1.4775  27.198695     6.3238     6.5551     0.0641    95.3163 1.0000e-12  -74.20302 -112.21332  26.074641      99.84 5.5161e+02    626.998      15049  1028.6818  1028.6806    34.0326    34.0310    8.38674         28 0.0000e+00
    271.000    268.020    -1.4799  27.198092    -1.4789  27.197926     6.3340     6.5536     0.0610    95.3595 1.0000e-12  -74.20302 -112.21332  26.074655      99.84 5.5063e+02    628.160      15077  1028.6865  1028.6855    34.0323    34.0310    8.38716         29 0.0000e+00
    272.000    269.008    -1.4832  27.195917    -1.4821  27.195690     6.3239     6.5457     0.0766    95.3941 1.0000e-12  -74.20302 -112.21332  26.074668      88.01 5.5121e+02    629.336      15105  1028.6918  1028.6904    34.0325    34.0309    8.38791         28 0.0000e+00
    273.000    269.996    -1.4788  27.200251    -1.4785  27.199260     6.3250     6.5418     0.0802    95.3882 1.0000e-12  -74.20302 -112.21332  26.074682      98.18 5.4989e+02    630.524      15134  1028.6965  1028.6952    34.0328    34.0311    8.38689         28 0.0000e+00
    274.000    270.985    -1.4752  27.204058    -1.4740  27.203668     6.3020     6.5314     0.0867    95.3561 1.0000e-12  -74.20302 -112.21332  26.074695      99.83 5.5203e+02    631.684      15161  1028.7015  1028.6998    34.0334    34.0314    8.38606         28 0.0000e+00
    275.000    271.973    -1.4686  27.210302    -1.4671  27.210262     6.3135     6.5374     0.0703    95.3741 1.0000e-12  -74.20302 -112.21332  26.074709      99.85 5.5265e+02    632.835      15189  1028.7062  1028.7048    34.0338    34.0321    8.38453         28 0.0000e+00
    276.000    272.961    -1.4711  27.208751    -1.4697  27.208942     6.3291     6.5506     0.0688    95.3582 1.0000e-12  -74.20302 -112.21332  26.074722      99.84 5.4947e+02    634.021      15218  1028.7113  1028.7102    34.0339    34.0326    8.38509         29 0.0000e+00
    277.000    273.949    -1.4788  27.203288    -1.4777  27.203211     6.3298     6.5549     0.0661    95.2614 1.0000e-12  -74.20302 -112.21332  26.074736      99.84 5.4964e+02    635.217      15246  1028.7171  1028.7160    34.0345    34.0332    8.38679         28 0.0000e+00
    278.000    274.938    -1.4820  27.201540    -1.4815  27.200962     6.3320     6.5515     0.0625    95.3466 1.0000e-12  -74.20302 -112.21332  26.074750      99.85 5.5009e+02    636.379      15274  1028.7226  1028.7215    34.0351    34.0337    8.38748         27 0.0000e+00
    279.000    275.926    -1.4836  27.201256    -1.4829  27.200831     6.3409     6.5569     0.0727    95.3319 1.0000e-12  -74.20302 -112.21332  26.074763      99.84 5.4989e+02    637.511      15301  1028.7281  1028.7270    34.0359    34.0346    8.38778         27 0.0000e+00
    280.000    276.915    -1.4840  27.201582    -1.4834  27.201182     6.3374     6.5608     0.0655    95.3884 1.0000e-12  -74.20302 -112.21332  26.074776      99.84 5.5022e+02    638.627      15328  1028.7332  1028.7321    34.0363    34.0350    8.38787         27 0.0000e+00
    281.000    277.901    -1.4835  27.203167    -1.4827  27.202691     6.3382     6.5596     0.0639    95.3273 1.0000e-12  -74.20302 -112.21332  26.074789      99.84 5.5158e+02    639.749      15355  1028.7387  1028.7374    34.0372    34.0357    8.38769         27 0.0000e+00
    282.000    278.892    -1.4795  27.208535    -1.4785  27.208145     6.3351     6.5548     0.0918    95.3567 1.0000e-12  -74.20302 -112.21332  26.074802      99.85 5.5070e+02    640.904      15383  1028.7450  1028.7437    34.0394    34.0378    8.38666         29 0.0000e+00
    283.000    279.877    -1.4707  27.219821    -1.4697  27.219283     6.3229     6.5529     0.1128    95.3877 1.0000e-12  -74.20302 -112.21332  26.074816      99.84 5.4910e+02    642.085      15411  1028.7532  1028.7516    34.0444    34.0424    8.38438         28 0.0000e+00
    284.000    280.868    -1.4654  27.226474    -1.4646  27.225899     6.3169     6.5472     0.1015    95.3741 1.0000e-12  -74.20302 -112.21332  26.074829      95.82 5.4956e+02    643.238      15439  1028.7597  1028.7584    34.0468    34.0452    8.38304         27 0.0000e+00
    285.000    281.855    -1.4635  27.229514    -1.4626  27.229010     6.3216     6.5419     0.0744    95.3673 1.0000e-12  -74.20302 -112.21332  26.074842      99.85 5.5022e+02    644.376      15466  1028.7655  1028.7642    34.0482    34.0466    8.38252         27 0.0000e+00
    286.000    282.845    -1.4614  27.232374    -1.4607  27.231829     6.3216     6.5478     0.0584    95.3280 1.0000e-12  -74.20302 -112.21332  26.074855      99.84 5.4884e+02    645.507      15493  1028.7710  1028.7697    34.0492    34.0476    8.38200         27 0.0000e+00
    287.000    283.831    -1.4602  27.234437    -1.4594  27.233925     6.3274     6.5459     0.0655    95.3430 1.0000e-12  -74.20302 -112.21332  26.074868      99.84 5.5150e+02    646.635      15520  1028.7765  1028.7751    34.0500    34.0484    8.38167         28 0.0000e+00
    288.000    284.821    -1.4577  27.238438    -1.4569  27.237969     6.3318     6.5563     0.0618    95.3794 1.0000e-12  -74.20302 -112.21332  26.074882      99.84 5.5145e+02    647.783      15548  1028.7829  1028.7816    34.0521    34.0506    8.38100         27 0.0000e+00
    289.000    285.810    -1.4564  27.241603    -1.4555  27.241059     6.3369     6.5652     0.0587    95.3818 1.0000e-12  -74.20302 -112.21332  26.074895      99.84 5.4746e+02    648.950      15576  1028.7894  1028.7880    34.0543    34.0526    8.38056         28 0.0000e+00
    290.000    286.796    -1.4529  27.247642    -1.4520  27.246977     6.3437     6.5663     0.0527    95.3772 1.0000e-12  -74.20302 -112.21332  26.074909      99.84 5.4882e+02    650.101      15603  1028.7970  1028.7954    34.0580    34.0562    8.37955         28 0.0000e+00
