ocean_section_plots/required_files/ctd/dnbp2202_ctd067.cnv
* Sea-Bird SBE 9 Data File:
* FileName = D:\Data\raw\NBP2202_CTD067.hex
* Software Version Seasave V 7.26.7.121
* Temperature SN = 1649
* Conductivity SN = 2513
* Number of Bytes Per Scan = 40
* Number of Voltage Words = 5
* Number of Scans Averaged by the Deck Unit = 1
* NMEA Latitude = 74 10.18 S
* NMEA Longitude = 112 12.72 W
* NMEA UTC (Time) = Jan 25 2022  23:17:52
* NMEA baud rate = 9600
** Ship: RVIB N.B. Palmer
** Cruise: NBP2202 Thwaites
** Station: 48
** Operator: A. Robinson
** N-S Transect Line
# nquan = 25
# nvalues = 822                         
# units = specified
# name 0 = prDM: Pressure, Digiquartz [db]
# name 1 = depSM: Depth [salt water, m]
# name 2 = t090C: Temperature [ITS-90, deg C]
# name 3 = c0mS/cm: Conductivity [mS/cm]
# name 4 = t190C: Temperature, 2 [ITS-90, deg C]
# name 5 = c1mS/cm: Conductivity, 2 [mS/cm]
# name 6 = sbeox0ML/L: Oxygen, SBE 43 [ml/l]
# name 7 = sbeox1ML/L: Oxygen, SBE 43, 2 [ml/l]
# name 8 = flECO-AFL: Fluorescence, WET Labs ECO-AFL/FL [mg/m^3]
# name 9 = CStarTr0: Beam Transmission, WET Labs C-Star [%]
# name 10 = par: PAR/Irradiance, Biospherical/Licor
# name 11 = latitude: Latitude [deg]
# name 12 = longitude: Longitude [deg]
# name 13 = timeJ: Julian Days
# name 14 = altM: Altimeter [m]
# name 15 = spar: SPAR, Biospherical/Licor
# name 16 = timeS: Time, Elapsed [seconds]
# name 17 = scan: Scan Count
# name 18 = density00: Density [density, kg/m^3]
# name 19 = density11: Density, 2 [density, kg/m^3]
# name 20 = sal00: Salinity, Practical [PSU]
# name 21 = sal11: Salinity, Practical, 2 [PSU]
# name 22 = oxsolML/L: Oxygen Saturation, Garcia & Gordon [ml/l]
# name 23 = nbin: number of scans per bin
# name 24 = flag: flag
# span 0 =      2.000,    823.000       
# span 1 =      1.982,    812.871       
# span 2 =    -1.5695,     0.5363       
# span 3 =  26.980748,  29.531147       
# span 4 =    -1.5708,     0.5387       
# span 5 =  26.980353,  29.530927       
# span 6 =     4.4372,     9.4191       
# span 7 =     4.7142,     9.7168       
# span 8 =    -0.0123,    29.5424       
# span 9 =    59.0342,    95.4530       
# span 10 = 1.0000e-12, 3.7632e+02      
# span 11 =  -74.16972,  -74.16970      
# span 12 = -112.21208, -112.21198      
# span 13 =  25.973403,  25.987031      
# span 14 =       4.24,     119.79      
# span 15 = 8.9450e+02, 1.1953e+03      
# span 16 =    229.992,   1407.471      
# span 17 =       5521,      33780      
# span 18 =  1027.1847,  1031.5951      
# span 19 =  1027.1872,  1031.5929      
# span 20 =    33.8143,    34.5577      
# span 21 =    33.8167,    34.5553      
# span 22 =    7.92388,    8.41372      
# span 23 =          6,         50      
# span 24 = 0.0000e+00, 0.0000e+00      
# interval = decibars: 1                
# start_time = Jan 25 2022 23:17:52 [NMEA time, header]
# bad_flag = -9.990e-29
*END*
[from data line 116]
    118.000    116.745    -1.5337  27.005966    -1.5340  27.006362     6.9574     7.2183     6.4841    82.7188 1.0000e-12  -74.16972 -112.21204  25.976351      99.55 9.7099e+02    484.736      11635  1027.8691  1027.8699    33.9239    33.9249    8.40578         28 0.0000e+00
    119.000    117.735    -1.5437  26.998366    -1.5447  26.998327     6.9619     7.2140     5.8636    84.1038 1.0000e-12  -74.16972 -112.21204  25.976365      99.53 9.6833e+02    485.964      11664  1027.8743  1027.8753    33.9242    33.9253    8.40803         30 0.0000e+00
    120.000    118.724    -1.5411  27.001095    -1.5409  27.001361     6.9430     7.1898     4.9662    84.8014 1.0000e-12  -74.16972 -112.21204  25.976380      99.60 9.6960e+02    487.228      11694  1027.8788  1027.8789    33.9244    33.9246    8.40744         29 0.0000e+00
    121.000    119.714    -1.5452  26.997752    -1.5475  26.996974     6.9224     7.1793     5.1697    84.7903 1.0000e-12  -74.16972 -112.21204  25.976394      99.59 9.6990e+02    488.409      11723  1027.8831  1027.8845    33.9239    33.9253    8.40840         28 0.0000e+00
    122.000    120.701    -1.5658  26.982500    -1.5670  26.982128     6.8891     7.1468     4.3323    85.3988 1.0000e-12  -74.16972 -112.21204  25.976407      99.59 9.6867e+02    489.541      11750  1027.8903  1027.8911    33.9256    33.9264    8.41296         27 0.0000e+00
    123.000    121.690    -1.5695  26.980748    -1.5708  26.980353     6.8463     7.1034     4.3695    86.3774 1.0000e-12  -74.16972 -112.21204  25.976420      99.63 9.6864e+02    490.675      11777  1027.8960  1027.8967    33.9267    33.9276    8.41372         28 0.0000e+00
    124.000    122.680    -1.5519  26.999696    -1.5517  26.999052     6.8045     7.0599     3.8938    86.9401 1.0000e-12  -74.16972 -112.21204  25.976434      99.67 9.6946e+02    491.880      11806  1027.9040  1027.9030    33.9323    33.9311    8.40941         29 0.0000e+00
    125.000    123.668    -1.5337  27.017205    -1.5344  27.016894     6.7736     7.0314     4.1165    87.2696 1.0000e-12  -74.16972 -112.21204  25.976448      96.57 9.6917e+02    493.109      11836  1027.9098  1027.9101    33.9351    33.9355    8.40512         30 0.0000e+00
    126.000    124.659    -1.5408  27.013921    -1.5416  27.013458     6.7145     6.9725     4.0745    88.2680 1.0000e-12  -74.16972 -112.21204  25.976461      99.60 9.6855e+02    494.268      11863  1027.9174  1027.9176    33.9380    33.9383    8.40655         27 0.0000e+00
    127.000    125.648    -1.5407  27.015094    -1.5406  27.015408     6.6241     6.8910     3.6238    88.5322 1.0000e-12  -74.16972 -112.21204  25.976475      99.67 9.6893e+02    495.408      11891  1027.9228  1027.9231    33.9389    33.9392    8.40647         27 0.0000e+00
    128.000    126.635    -1.5239  27.032134    -1.5231  27.032456     6.5722     6.8366     3.1595    88.5130 1.0000e-12  -74.16972 -112.21204  25.976488      99.70 9.6819e+02    496.582      11919  1027.9296  1027.9292    33.9427    33.9423    8.40244         29 0.0000e+00
    129.000    127.626    -1.5116  27.044810    -1.5125  27.044150     6.5483     6.8032     2.9054    89.7559 1.0000e-12  -74.16972 -112.21204  25.976502      99.71 9.6607e+02    497.784      11948  1027.9361  1027.9361    33.9456    33.9457    8.39951         29 0.0000e+00
    130.000    128.614    -1.5148  27.043413    -1.5160  27.042782     6.5473     6.7938     2.3096    89.7779 1.0000e-12  -74.16972 -112.21204  25.976516      99.71 9.6629e+02    499.006      11977  1027.9420  1027.9424    33.9467    33.9472    8.40015         30 0.0000e+00
    131.000    129.602    -1.5215  27.040769    -1.5205  27.042092     6.5609     6.8077     1.6046    90.1283 1.0000e-12  -74.16972 -112.21204  25.976531      99.71 9.6745e+02    500.240      12007  1027.9500  1027.9505    33.9501    33.9508    8.40148         28 0.0000e+00
    132.000    130.592    -1.5388  27.029722    -1.5404  27.028910     6.5677     6.8023     1.4199    89.9440 1.0000e-12  -74.16972 -112.21204  25.976544      99.72 9.6485e+02    501.391      12034  1027.9589  1027.9596    33.9539    33.9546    8.40516         27 0.0000e+00
    133.000    131.582    -1.5419  27.028237    -1.5423  27.028103     6.5530     6.7909     1.1650    90.4645 1.0000e-12  -74.16972 -112.21204  25.976557      99.71 9.6534e+02    502.502      12061  1027.9645  1027.9647    33.9547    33.9550    8.40581         27 0.0000e+00
    134.000    132.570    -1.5339  27.036727    -1.5346  27.036312     6.5498     6.7892     1.0579    91.6168 1.0000e-12  -74.16972 -112.21204  25.976570      99.73 9.6571e+02    503.693      12090  1027.9704  1027.9706    33.9567    33.9569    8.40388         30 0.0000e+00
    135.000    133.559    -1.5333  27.038328    -1.5352  27.037155     6.5501     6.7916     1.1236    91.8507 1.0000e-12  -74.16972 -112.21204  25.976585      99.74 9.6428e+02    504.978      12120  1027.9759  1027.9764    33.9576    33.9582    8.40369         31 0.0000e+00
    136.000    134.547    -1.5353  27.037559    -1.5363  27.036940     6.5628     6.7960     0.7808    92.1436 1.0000e-12  -74.16972 -112.21204  25.976600      99.74 9.6366e+02    506.198      12150  1027.9813  1027.9815    33.9582    33.9584    8.40410         28 0.0000e+00
    137.000    135.538    -1.5376  27.036684    -1.5408  27.034306     6.5754     6.7988     0.9001    92.0893 1.0000e-12  -74.16972 -112.21204  25.976613      99.74 9.6535e+02    507.338      12177  1027.9867  1027.9873    33.9589    33.9594    8.40457         27 0.0000e+00
    138.000    136.525    -1.5465  27.030189    -1.5464  27.030622     6.5761     6.8066     0.8626    92.9337 1.0000e-12  -74.16972 -112.21204  25.976626      99.74 9.6328e+02    508.485      12205  1027.9925  1027.9929    33.9595    33.9600    8.40656         28 0.0000e+00
    139.000    137.516    -1.5465  27.030496    -1.5477  27.029793     6.5859     6.8122     0.7811    92.9837 1.0000e-12  -74.16972 -112.21204  25.976640      99.74 9.6435e+02    509.682      12233  1027.9971  1027.9974    33.9593    33.9597    8.40658         30 0.0000e+00
    140.000    138.504    -1.5477  27.029982    -1.5475  27.030399     6.5736     6.7964     0.7490    92.9414 1.0000e-12  -74.16972 -112.21204  25.976655      99.74 9.6441e+02    511.010      12265  1028.0020  1028.0022    33.9594    33.9597    8.40685         32 0.0000e+00
    141.000    139.492    -1.5465  27.031541    -1.5459  27.032173     6.5615     6.7931     0.7261    93.5867 1.0000e-12  -74.16972 -112.21204  25.976671      99.74 9.6311e+02    512.385      12298  1028.0068  1028.0068    33.9595    33.9597    8.40656         27 0.0000e+00
    142.000    140.482    -1.5376  27.039439    -1.5374  27.039594     6.5697     6.8038     0.8162    93.6370 1.0000e-12  -74.16972 -112.21204  25.976686      99.73 9.6358e+02    513.686      12329  1028.0111  1028.0111    33.9596    33.9596    8.40453         32 0.0000e+00
    143.000    141.471    -1.5464  27.032409    -1.5476  27.031624     6.5814     6.8056     0.6759    93.6849 1.0000e-12  -74.16972 -112.21204  25.976702      99.75 9.6372e+02    515.051      12362  1028.0162  1028.0165    33.9593    33.9596    8.40655         34 0.0000e+00
    144.000    142.460    -1.5480  27.031575    -1.5485  27.031385     6.5902     6.8168     0.7512    93.8608 1.0000e-12  -74.16972 -112.21204  25.976719      99.74 9.6232e+02    516.534      12398  1028.0210  1028.0214    33.9593    33.9597    8.40690         36 0.0000e+00
    145.000    143.449    -1.5533  27.028537    -1.5537  27.028297     6.5828     6.8127     0.7231    93.7441 1.0000e-12  -74.16972 -112.21204  25.976736      97.74 9.6284e+02    517.974      12432  1028.0272  1028.0273    33.9606    33.9607    8.40804         34 0.0000e+00
    146.000    144.439    -1.5544  27.029209    -1.5548  27.028857     6.5559     6.7846     0.7367    93.9296 1.0000e-12  -74.16972 -112.21204  25.976751      95.91 9.6287e+02    519.328      12465  1028.0332  1028.0332    33.9621    33.9621    8.40819         31 0.0000e+00
    147.000    145.426    -1.5414  27.044338    -1.5419  27.043709     6.5269     6.7576     0.7571    93.4560 1.0000e-12  -74.16972 -112.21204  25.976766      99.85 9.6188e+02    520.597      12495  1028.0417  1028.0414    33.9676    33.9673    8.40492         28 0.0000e+00
    148.000    146.415    -1.5349  27.052537    -1.5352  27.052329     6.5116     6.7456     0.6501    93.6510 1.0000e-12  -74.16972 -112.21204  25.976779      99.74 9.6203e+02    521.706      12522  1028.0488  1028.0488    33.9709    33.9709    8.40326         28 0.0000e+00
    149.000    147.405    -1.5343  27.054186    -1.5346  27.053856     6.4994     6.7324     0.7071    93.9139 1.0000e-12  -74.16972 -112.21204  25.976794      99.75 9.6166e+02    522.987      12553  1028.0543  1028.0543    33.9719    33.9718    8.40306         34 0.0000e+00
    150.000    148.394    -1.5342  27.054930    -1.5346  27.054649     6.4903     6.7233     0.7597    93.7359 1.0000e-12  -74.16972 -112.21204  25.976811      99.75 9.6170e+02    524.433      12587  1028.0594  1028.0595    33.9721    33.9723    8.40302         32 0.0000e+00
    151.000    149.383    -1.5331  27.057101    -1.5333  27.056905     6.5002     6.7256     0.8527    93.8474 1.0000e-12  -74.16972 -112.21204  25.976826      99.75 9.5883e+02    525.794      12620  1028.0651  1028.0651    33.9733    33.9732    8.40270         31 0.0000e+00
    152.000    150.372    -1.5363  27.055122    -1.5375  27.054208     6.4991     6.7311     0.5949    93.9472 1.0000e-12  -74.16972 -112.21204  25.976841      99.74 9.5954e+02    527.065      12651  1028.0703  1028.0705    33.9735    33.9737    8.40340         30 0.0000e+00
    153.000    151.361    -1.5409  27.051978    -1.5410  27.051823     6.5073     6.7351     0.5173    94.0016 1.0000e-12  -74.16972 -112.21204  25.976856      99.74 9.6094e+02    528.403      12683  1028.0757  1028.0756    33.9738    33.9737    8.40443         32 0.0000e+00
    154.000    152.349    -1.5457  27.049123    -1.5464  27.048539     6.5015     6.7311     0.4055    93.9485 1.0000e-12  -74.16972 -112.21204  25.976873      99.74 9.5930e+02    529.841      12717  1028.0815  1028.0815    33.9747    33.9747    8.40546         35 0.0000e+00
    155.000    153.337    -1.5491  27.048196    -1.5491  27.048352     6.4943     6.7271     0.4341    94.2128 1.0000e-12  -74.16972 -112.21202  25.976890      99.75 9.5896e+02    531.253      12751  1028.0881  1028.0882    33.9767    33.9770    8.40612         31 0.0000e+00
    156.000    154.328    -1.5458  27.052687    -1.5461  27.052413     6.4892     6.7173     0.4332    94.2156 1.0000e-12  -74.16972 -112.21203  25.976905      95.75 9.6092e+02    532.595      12783  1028.0941  1028.0940    33.9785    33.9784    8.40526         32 0.0000e+00
    157.000    155.315    -1.5437  27.055506    -1.5426  27.056474     6.4835     6.7097     0.3989    94.1875 1.0000e-12  -74.16972 -112.21203  25.976921      99.69 9.5861e+02    533.938      12816  1028.0994  1028.0995    33.9794    33.9795    8.40473         33 0.0000e+00
    158.000    156.304    -1.5360  27.063767    -1.5363  27.063496     6.4773     6.7076     0.3921    94.2749 1.0000e-12  -74.16972 -112.21202  25.976936      99.74 9.5868e+02    535.310      12848  1028.1054  1028.1054    33.9814    33.9814    8.40288         32 0.0000e+00
    159.000    157.295    -1.5356  27.064872    -1.5360  27.064443     6.4746     6.7042     0.3300    94.5380 1.0000e-12  -74.16972 -112.21202  25.976952      99.75 9.6075e+02    536.696      12882  1028.1106  1028.1105    33.9818    33.9817    8.40276         35 0.0000e+00
    160.000    158.283    -1.5359  27.065198    -1.5363  27.064785     6.4734     6.7057     0.3458    94.3568 1.0000e-12  -74.16972 -112.21202  25.976969      99.75 9.5722e+02    538.089      12915  1028.1156  1028.1155    33.9820    33.9819    8.40282         32 0.0000e+00
    161.000    159.272    -1.5349  27.066654    -1.5354  27.066204     6.4696     6.7037     0.3821    94.2263 1.0000e-12  -74.16972 -112.21202  25.976984      99.74 9.5802e+02    539.443      12948  1028.1206  1028.1205    33.9823    33.9822    8.40258         32 0.0000e+00
    162.000    160.260    -1.5348  27.067542    -1.5351  27.067186     6.4642     6.6979     0.3821    94.4503 1.0000e-12  -74.16972 -112.21202  25.977000      99.74 9.5986e+02    540.794      12980  1028.1257  1028.1257    33.9827    33.9826    8.40252         33 0.0000e+00
    163.000    161.249    -1.5348  27.068048    -1.5352  27.067537     6.4580     6.6937     0.4354    94.3879 1.0000e-12  -74.16972 -112.21202  25.977016      99.75 9.5654e+02    542.142      13012  1028.1306  1028.1305    33.9828    33.9826    8.40252         32 0.0000e+00
    164.000    162.238    -1.5352  27.068290    -1.5355  27.067866     6.4662     6.6885     0.4030    94.2531 1.0000e-12  -74.16972 -112.21202  25.977030      99.74 9.5732e+02    543.416      13043  1028.1356  1028.1354    33.9830    33.9828    8.40260         28 0.0000e+00
    165.000    163.228    -1.5354  27.068594    -1.5358  27.068237     6.4665     6.6867     0.4095    94.3330 1.0000e-12  -74.16972 -112.21202  25.977043      89.47 9.5843e+02    544.490      13069  1028.1405  1028.1404    33.9830    33.9829    8.40265         25 0.0000e+00
    166.000    164.215    -1.5358  27.068973    -1.5360  27.068580     6.4620     6.6923     0.3464    94.3870 1.0000e-12  -74.16972 -112.21202  25.977056      99.79 9.5641e+02    545.611      13096  1028.1455  1028.1453    33.9833    33.9830    8.40271         28 0.0000e+00
    167.000    165.204    -1.5355  27.069543    -1.5359  27.069152     6.4640     6.6899     0.3415    94.3148 1.0000e-12  -74.16972 -112.21202  25.977069      99.75 9.5502e+02    546.789      13124  1028.1502  1028.1501    33.9832    33.9831    8.40266         28 0.0000e+00
    168.000    166.194    -1.5351  27.070375    -1.5354  27.069980     6.4563     6.6887     0.3692    94.4195 1.0000e-12  -74.16972 -112.21202  25.977082      99.75 9.5633e+02    547.926      13151  1028.1551  1028.1549    33.9833    33.9830    8.40256         26 0.0000e+00
    169.000    167.182    -1.5351  27.071054    -1.5354  27.070592     6.4549     6.6931     0.4540    94.3321 1.0000e-12  -74.16972 -112.21202  25.977095      99.74 9.5460e+02    548.979      13177  1028.1601  1028.1598    33.9835    33.9832    8.40254         25 0.0000e+00
    170.000    168.172    -1.5354  27.071225    -1.5357  27.070751     6.4610     6.6897     0.3558    94.1977 1.0000e-12  -74.16972 -112.21202  25.977107      99.75 9.5426e+02    550.030      13202  1028.1649  1028.1646    33.9835    33.9832    8.40261         26 0.0000e+00
    171.000    169.161    -1.5358  27.071472    -1.5360  27.071093     6.4582     6.6831     0.2973    94.5704 1.0000e-12  -74.16972 -112.21202  25.977120      99.75 9.5397e+02    551.137      13228  1028.1699  1028.1696    33.9837    33.9834    8.40270         28 0.0000e+00
    172.000    170.149    -1.5357  27.072427    -1.5360  27.072008     6.4510     6.6868     0.3413    94.5577 1.0000e-12  -74.16972 -112.21202  25.977133      99.75 9.5326e+02    552.287      13256  1028.1752  1028.1749    33.9843    33.9840    8.40264         27 0.0000e+00
    173.000    171.138    -1.5359  27.072981    -1.5361  27.072550     6.4551     6.6812     0.2868    94.4905 1.0000e-12  -74.16972 -112.21202  25.977146      99.74 9.5176e+02    553.440      13284  1028.1802  1028.1799    33.9846    33.9842    8.40266         28 0.0000e+00
    174.000    172.127    -1.5356  27.073702    -1.5359  27.073483     6.4535     6.6798     0.3371    94.4921 1.0000e-12  -74.16972 -112.21202  25.977159      99.75 9.5284e+02    554.560      13310  1028.1851  1028.1851    33.9847    33.9847    8.40260         26 0.0000e+00
