ocean_section_plots/required_files/ctd/dnbp2202_ctd237.cnv
* Sea-Bird SBE 9 Data File:
* FileName = D:\Data\raw\NBP2202_CTD237.hex
* Software Version Seasave V 7.26.7.121
* Temperature SN = 1649
* Conductivity SN = 2513
* Number of Bytes Per Scan = 40
* Number of Voltage Words = 5
* Number of Scans Averaged by the Deck Unit = 1
* NMEA Latitude = 73 46.95 S
* NMEA Longitude = 118 29.97 W
* NMEA UTC (Time) = Feb 13 2022  22:43:28
* NMEA baud rate = 9600
** Ship: RVIB N.B. Palmer
** Cruise: NBP2202 Thwaites
** Station: 147
** Operator: A. Robinson
# nquan = 28
# nvalues = 1078                        
# units = specified
# name 0 = prDM: Pressure, Digiquartz [db]
# name 1 = depSM: Depth [salt water, m]
# name 2 = t090C: Temperature [ITS-90, deg C]
# name 3 = c0mS/cm: Conductivity [mS/cm]
# name 4 = t190C: Temperature, 2 [ITS-90, deg C]
# name 5 = c1mS/cm: Conductivity, 2 [mS/cm]
# name 6 = sbeox0ML/L: Oxygen, SBE 43 [ml/l]
# name 7 = sbeox1ML/L: Oxygen, SBE 43, 2 [ml/l]
# name 8 = flECO-AFL: Fluorescence, WET Labs ECO-AFL/FL [mg/m^3]
# name 9 = CStarTr0: Beam Transmission, WET Labs C-Star [%]
# name 10 = par: PAR/Irradiance, Biospherical/Licor
# name 11 = latitude: Latitude [deg]
# name 12 = longitude: Longitude [deg]
# name 13 = timeJ: Julian Days
# name 14 = altM: Altimeter [m]
# name 15 = spar: SPAR, Biospherical/Licor
# name 16 = timeS: Time, Elapsed [seconds]
# name 17 = scan: Scan Count
# name 18 = density00: Density [density, kg/m^3]
# name 19 = density11: Density, 2 [density, kg/m^3]
# name 20 = v3: Voltage 3
# name 21 = v4: Voltage 4
# name 22 = v5: Voltage 5
# name 23 = sal00: Salinity, Practical [PSU]
# name 24 = sal11: Salinity, Practical, 2 [PSU]
# name 25 = oxsolML/L: Oxygen Saturation, Garcia & Gordon [ml/l]
# name 26 = nbin: number of scans per bin
# name 27 = flag: flag
# span 0 =      3.000,   1080.000       
# span 1 =      2.958,   1066.073       
# span 2 =    -1.7414,     0.4993       
# span 3 =  27.022478,  29.583360       
# span 4 =    -1.7411,     0.5013       
# span 5 =  27.022377,  29.583682       
# span 6 =     4.6508,     9.0783       
# span 7 =     4.7911,     9.3552       
# span 8 =     0.0286,    13.2622       
# span 9 =    84.0291,    97.3253       
# span 10 = 1.0000e-12, 6.0254e+02      
# span 11 =  -73.78254,  -73.78252      
# span 12 = -118.49953, -118.49944      
# span 13 =  44.948482,  44.963191      
# span 14 =       6.65,     100.49      
# span 15 = 1.6192e+03, 1.7160e+03      
# span 16 =    140.805,   1411.696      
# span 17 =       3380,      33882      
# span 18 =  1027.1818,  1032.7693      
# span 19 =  1027.1896,  1032.7676      
# span 20 =     3.9867,     4.6170      
# span 21 =     0.0710,     2.2535      
# span 22 =     0.1058,     0.2039      
# span 23 =    33.8424,    34.5260      
# span 24 =    33.8507,    34.5240      
# span 25 =    7.93324,    8.44190      
# span 26 =          2,         65      
# span 27 = 0.0000e+00, 0.0000e+00      
# interval = decibars: 1                
# start_time = Feb 13 2022 22:43:28 [NMEA time, header]
# bad_flag = -9.990e-29
*END*
[from data line 829]
    832.000    821.757     0.4772  29.455942     0.4790  29.455959     4.7014     4.8619     0.0762    97.1537 1.0000e-12  -73.78252 -118.49948  44.959612      99.74 1.6373e+03   1102.519      26461  1031.6115  1031.6098     4.6089     0.0869     0.1209    34.5197    34.5177    7.93811         23 0.0000e+00
    833.000    822.743     0.4799  29.459118     0.4818  29.459200     4.7015     4.8592     0.0749    97.1391 1.0000e-12  -73.78252 -118.49948  44.959624      99.73 1.6404e+03   1103.518      26485  1031.6163  1031.6145     4.6081     0.0828     0.1191    34.5202    34.5182    7.93752         25 0.0000e+00
    834.000    823.728     0.4809  29.460458     0.4829  29.460734     4.7016     4.8650     0.0677    97.0824 1.0000e-12  -73.78252 -118.49948  44.959636      99.74 1.6433e+03   1104.528      26510  1031.6210  1031.6193     4.6055     0.0846     0.1204    34.5203    34.5185    7.93732         25 0.0000e+00
    835.000    824.713     0.4814  29.461568     0.4834  29.461760     4.7019     4.8665     0.0656    97.1149 1.0000e-12  -73.78252 -118.49948  44.959648      99.74 1.6468e+03   1105.584      26535  1031.6258  1031.6241     4.6070     0.0814     0.1204    34.5206    34.5186    7.93719         26 0.0000e+00
    836.000    825.701     0.4817  29.462227     0.4837  29.462388     4.6974     4.8583     0.0835    97.0742 1.0000e-12  -73.78252 -118.49948  44.959661      99.73 1.6432e+03   1106.720      26562  1031.6304  1031.6287     4.6051     0.0837     0.1217    34.5206    34.5186    7.93714         28 0.0000e+00
    837.000    826.685     0.4820  29.462840     0.4838  29.462955     4.6965     4.8567     0.0852    97.0579 1.0000e-12  -73.78252 -118.49948  44.959674      99.74 1.6434e+03   1107.842      26589  1031.6350  1031.6334     4.6044     0.0789     0.1198    34.5205    34.5187    7.93708         25 0.0000e+00
    838.000    827.671     0.4822  29.463486     0.4840  29.463570     4.7016     4.8635     0.0727    97.0012 1.0000e-12  -73.78252 -118.49948  44.959686      99.74 1.6397e+03   1108.846      26613  1031.6398  1031.6381     4.6016     0.0789     0.1189    34.5205    34.5186    7.93704         23 0.0000e+00
    839.000    828.656     0.4823  29.464067     0.4841  29.464156     4.7010     4.8654     0.0808    97.0285 1.0000e-12  -73.78252 -118.49947  44.959697      99.73 1.6433e+03   1109.783      26636  1031.6444  1031.6427     4.6030     0.0833     0.1211    34.5206    34.5186    7.93701         23 0.0000e+00
    840.000    829.644     0.4823  29.464601     0.4842  29.464603     4.7019     4.8666     0.1123    97.1185 1.0000e-12  -73.78252 -118.49947  44.959707      99.74 1.6441e+03   1110.729      26659  1031.6492  1031.6474     4.6071     0.0798     0.1195    34.5207    34.5186    7.93701         23 0.0000e+00
    841.000    830.629     0.4823  29.464958     0.4843  29.465209     4.6963     4.8655     0.1267    97.1263 1.0000e-12  -73.78252 -118.49947  44.959719      81.85 1.6456e+03   1111.750      26683  1031.6538  1031.6521     4.6075     0.0786     0.1230    34.5206    34.5187    7.93701         26 0.0000e+00
    842.000    831.614     0.4823  29.465363     0.4843  29.465540     4.7005     4.8661     0.0633    97.1346 1.0000e-12  -73.78252 -118.49947  44.959733      92.43 1.6427e+03   1112.907      26711  1031.6584  1031.6567     4.6079     0.0801     0.1192    34.5206    34.5186    7.93701         28 0.0000e+00
    843.000    832.599     0.4825  29.466045     0.4845  29.466224     4.6986     4.8636     0.0845    97.1384 1.0000e-12  -73.78252 -118.49947  44.959746      99.90 1.6425e+03   1114.026      26738  1031.6632  1031.6614     4.6081     0.0816     0.1276    34.5207    34.5187    7.93697         25 0.0000e+00
    844.000    833.584     0.4826  29.466640     0.4846  29.466812     4.6953     4.8591     0.1697    97.1407 1.0000e-12  -73.78252 -118.49947  44.959757      99.74 1.6405e+03   1115.020      26761  1031.6679  1031.6661     4.6082     0.0805     0.1277    34.5207    34.5187    7.93694         23 0.0000e+00
    845.000    834.572     0.4830  29.467358     0.4849  29.467456     4.6937     4.8598     0.1678    97.1291 1.0000e-12  -73.78252 -118.49947  44.959768      99.74 1.6403e+03   1115.941      26784  1031.6725  1031.6708     4.6076     0.0814     0.1181    34.5207    34.5187    7.93686         22 0.0000e+00
    846.000    835.555     0.4832  29.468158     0.4851  29.468241     4.6965     4.8628     0.1897    97.1448 1.0000e-12  -73.78252 -118.49947  44.959779      99.74 1.6393e+03   1116.891      26806  1031.6773  1031.6756     4.6084     0.0821     0.1196    34.5209    34.5190    7.93681         24 0.0000e+00
    847.000    836.544     0.4835  29.468868     0.4853  29.469014     4.7015     4.8620     0.1715    96.8587 1.0000e-12  -73.78252 -118.49947  44.959791      99.74 1.6451e+03   1117.952      26832  1031.6820  1031.6804     4.5948     0.0816     0.1181    34.5210    34.5191    7.93675         27 0.0000e+00
    848.000    837.529     0.4830  29.468849     0.4848  29.468899     4.6997     4.8641     0.1433    97.0419 1.0000e-12  -73.78252 -118.49948  44.959805      99.74 1.6446e+03   1119.128      26860  1031.6867  1031.6850     4.6035     0.0808     0.1199    34.5209    34.5190    7.93685         29 0.0000e+00
    849.000    838.513     0.4827  29.468913     0.4844  29.468904     4.6966     4.8652     0.0808    97.0980 1.0000e-12  -73.78252 -118.49946  44.959818      99.74 1.6421e+03   1120.306      26888  1031.6913  1031.6896     4.6062     0.0790     0.1198    34.5208    34.5189    7.93693         27 0.0000e+00
    850.000    839.499     0.4823  29.469053     0.4841  29.469141     4.6980     4.8658     0.0638    97.1448 1.0000e-12  -73.78252 -118.49946  44.959830      99.74 1.6376e+03   1121.325      26913  1031.6960  1031.6944     4.6084     0.0828     0.1212    34.5208    34.5190    7.93699         23 0.0000e+00
    851.000    840.485     0.4824  29.469605     0.4843  29.469709     4.6963     4.8632     0.0681    97.1565 1.0000e-12  -73.78252 -118.49946  44.959840      99.74 1.6386e+03   1122.220      26934  1031.7007  1031.6991     4.6090     0.0819     0.1186    34.5209    34.5190    7.93698         20 0.0000e+00
    852.000    841.470     0.4828  29.470535     0.4850  29.471070     4.6986     4.8574     0.0725    96.8240 1.0000e-12  -73.78252 -118.49946  44.959851      99.73 1.6387e+03   1123.107      26956  1031.7055  1031.7039     4.5932     0.0830     0.1196    34.5211    34.5193    7.93689         23 0.0000e+00
    853.000    842.456     0.4831  29.471250     0.4851  29.471515     4.7017     4.8548     0.0781    97.0028 1.0000e-12  -73.78252 -118.49946  44.959863      83.31 1.6429e+03   1124.152      26981  1031.7101  1031.7085     4.6017     0.0789     0.1181    34.5211    34.5192    7.93682         29 0.0000e+00
    854.000    843.442     0.4835  29.472154     0.4856  29.472359     4.6898     4.8594     0.0817    97.0500 1.0000e-12  -73.78252 -118.49946  44.959879      94.32 1.6407e+03   1125.529      27014  1031.7149  1031.7131     4.6040     0.0817     0.1178    34.5212    34.5192    7.93672         31 0.0000e+00
    855.000    844.425     0.4839  29.472989     0.4859  29.473262     4.6902     4.8595     0.1136    97.1573 1.0000e-12  -73.78252 -118.49946  44.959892      98.89 1.6425e+03   1126.689      27042  1031.7197  1031.7180     4.6090     0.0839     0.1189    34.5214    34.5195    7.93665         23 0.0000e+00
    856.000    845.414     0.4839  29.473392     0.4860  29.473806     4.6932     4.8565     0.2036    97.1275 1.0000e-12  -73.78252 -118.49946  44.959903      99.74 1.6423e+03   1127.583      27063  1031.7242  1031.7227     4.6076     0.0806     0.1188    34.5213    34.5195    7.93664         21 0.0000e+00
    857.000    846.399     0.4831  29.473240     0.4851  29.473529     4.6940     4.8554     0.2473    97.1346 1.0000e-12  -73.78252 -118.49946  44.959912      99.74 1.6410e+03   1128.412      27083  1031.7291  1031.7275     4.6079     0.0836     0.1183    34.5214    34.5196    7.93680         19 0.0000e+00
    858.000    847.384     0.4830  29.473657     0.4849  29.473871     4.6928     4.8574     0.0984    97.1150 1.0000e-12  -73.78252 -118.49946  44.959922      99.74 1.6383e+03   1129.304      27104  1031.7339  1031.7322     4.6070     0.0850     0.1222    34.5215    34.5196    7.93682         24 0.0000e+00
    859.000    848.370     0.4828  29.473869     0.4850  29.474237     4.6915     4.8562     0.0926    97.0502 1.0000e-12  -73.78252 -118.49946  44.959936      99.74 1.6425e+03   1130.469      27132  1031.7386  1031.7367     4.6039     0.0857     0.1199    34.5215    34.5195    7.93687         32 0.0000e+00
    860.000    849.355     0.4827  29.474257     0.4847  29.474452     4.6903     4.8494     0.1414    97.0673 1.0000e-12  -73.78252 -118.49946  44.959951      99.73 1.6439e+03   1131.746      27163  1031.7432  1031.7415     4.6047     0.0809     0.1183    34.5215    34.5195    7.93689         27 0.0000e+00
    861.000    850.340     0.4825  29.474522     0.4844  29.474711     4.6922     4.8531     0.0963    97.0985 1.0000e-12  -73.78252 -118.49946  44.959962      99.74 1.6450e+03   1132.762      27187  1031.7478  1031.7462     4.6063     0.0815     0.1208    34.5214    34.5196    7.93692         23 0.0000e+00
    862.000    851.327     0.4832  29.475698     0.4851  29.475837     4.6942     4.8545     0.0627    96.9778 1.0000e-12  -73.78252 -118.49946  44.959973      99.75 1.6442e+03   1133.668      27209  1031.7526  1031.7509     4.6005     0.0901     0.1172    34.5217    34.5197    7.93677         21 0.0000e+00
    863.000    852.312     0.4830  29.475863     0.4851  29.476188     4.6950     4.8480     0.0720    97.0206 1.0000e-12  -73.78252 -118.49947  44.959984      99.74 1.6412e+03   1134.609      27232  1031.7572  1031.7555     4.6025     0.0878     0.1217    34.5216    34.5197    7.93682         24 0.0000e+00
    864.000    853.298     0.4833  29.476662     0.4852  29.476820     4.6876     4.8509     0.0832    97.0898 1.0000e-12  -73.78252 -118.49947  44.959996      99.74 1.6342e+03   1135.660      27257  1031.7620  1031.7602     4.6058     0.0823     0.1176    34.5217    34.5197    7.93675         26 0.0000e+00
    865.000    854.283     0.4835  29.477270     0.4852  29.477235     4.6929     4.8522     0.0944    97.1172 1.0000e-12  -73.78252 -118.49947  44.960008      99.73 1.6432e+03   1136.727      27282  1031.7666  1031.7648     4.6071     0.0815     0.1193    34.5217    34.5197    7.93670         25 0.0000e+00
    866.000    855.269     0.4846  29.478720     0.4865  29.478909     4.6934     4.8522     0.0813    97.0889 1.0000e-12  -73.78252 -118.49947  44.960020      82.13 1.6435e+03   1137.736      27307  1031.7712  1031.7696     4.6057     0.0780     0.1171    34.5218    34.5199    7.93647         24 0.0000e+00
    867.000    856.255     0.4853  29.479886     0.4872  29.480032     4.6898     4.8519     0.0764    97.0803 1.0000e-12  -73.78252 -118.49946  44.960031      92.62 1.6429e+03   1138.701      27330  1031.7760  1031.7743     4.6053     0.1020     0.1231    34.5220    34.5201    7.93632         23 0.0000e+00
    868.000    857.239     0.4855  29.480588     0.4874  29.480718     4.6715     4.8500     0.0770    97.0522 1.0000e-12  -73.78252 -118.49946  44.960042      98.77 1.6439e+03   1139.668      27353  1031.7807  1031.7790     4.6040     0.0814     0.1198    34.5220    34.5201    7.93627         23 0.0000e+00
    869.000    858.226     0.4851  29.480754     0.4873  29.481041     4.6863     4.8514     0.0763    97.0502 1.0000e-12  -73.78252 -118.49947  44.960054      99.73 1.6338e+03   1140.680      27377  1031.7855  1031.7837     4.6040     0.0804     0.1179    34.5221    34.5201    7.93635         26 0.0000e+00
    870.000    859.211     0.4851  29.481147     0.4870  29.481360     4.6884     4.8541     0.0811    97.1095 1.0000e-12  -73.78252 -118.49947  44.960067      99.74 1.6333e+03   1141.749      27403  1031.7901  1031.7885     4.6068     0.0849     0.1270    34.5221    34.5202    7.93635         25 0.0000e+00
    871.000    860.198     0.4851  29.481652     0.4872  29.481874     4.6940     4.8553     0.0903    97.1245 1.0000e-12  -73.78252 -118.49946  44.960078      99.74 1.6443e+03   1142.777      27428  1031.7948  1031.7931     4.6075     0.0865     0.1254    34.5221    34.5202    7.93634         24 0.0000e+00
    872.000    861.182     0.4851  29.482028     0.4872  29.482251     4.6944     4.8559     0.0945    97.0992 1.0000e-12  -73.78252 -118.49946  44.960090      99.74 1.6467e+03   1143.751      27451  1031.7994  1031.7977     4.6062     0.0884     0.1188    34.5221    34.5201    7.93635         23 0.0000e+00
    873.000    862.166     0.4852  29.482632     0.4871  29.482736     4.7033     4.8566     0.0861    97.0620 1.0000e-12  -73.78252 -118.49946  44.960101      99.75 1.6434e+03   1144.698      27474  1031.8042  1031.8025     4.6045     0.1006     0.1280    34.5222    34.5203    7.93633         22 0.0000e+00
    874.000    863.154     0.4850  29.482871     0.4870  29.483060     4.6929     4.8572     0.0724    97.0785 1.0000e-12  -73.78252 -118.49946  44.960112      99.74 1.6434e+03   1145.656      27497  1031.8089  1031.8071     4.6052     0.0808     0.1194    34.5222    34.5202    7.93637         24 0.0000e+00
    875.000    864.139     0.4852  29.483564     0.4871  29.483613     4.6870     4.8501     0.1411    97.0673 1.0000e-12  -73.78252 -118.49946  44.960123      99.74 1.6362e+03   1146.667      27521  1031.8136  1031.8118     4.6048     0.0831     0.1187    34.5223    34.5202    7.93633         25 0.0000e+00
    876.000    865.124     0.4855  29.484290     0.4875  29.484414     4.6817     4.8436     0.1017    97.0694 1.0000e-12  -73.78252 -118.49946  44.960136      99.73 1.6365e+03   1147.729      27546  1031.8183  1031.8165     4.6048     0.0823     0.1186    34.5224    34.5203    7.93626         25 0.0000e+00
    877.000    866.111     0.4857  29.484871     0.4875  29.485049     4.6908     4.8487     0.0873    97.1006 1.0000e-12  -73.78252 -118.49946  44.960148      99.74 1.6441e+03   1148.763      27571  1031.8229  1031.8213     4.6063     0.0784     0.1201    34.5224    34.5205    7.93622         25 0.0000e+00
    878.000    867.095     0.4856  29.485353     0.4876  29.485631     4.6942     4.8529     0.0859    97.0948 1.0000e-12  -73.78252 -118.49946  44.960159      99.74 1.6467e+03   1149.739      27595  1031.8277  1031.8261     4.6060     0.0803     0.1229    34.5225    34.5207    7.93624         23 0.0000e+00
    879.000    868.081     0.4858  29.486184     0.4880  29.486539     4.6878     4.8516     0.0855    97.0462 1.0000e-12  -73.78252 -118.49946  44.960170      78.60 1.6442e+03   1150.685      27617  1031.8326  1031.8308     4.6037     0.0785     0.1239    34.5228    34.5208    7.93618         22 0.0000e+00
    880.000    869.066     0.4863  29.487037     0.4881  29.487202     4.6843     4.8427     0.0863    97.0667 1.0000e-12  -73.78252 -118.49947  44.960181      83.01 1.6422e+03   1151.653      27641  1031.8372  1031.8356     4.6047     0.0825     0.1225    34.5228    34.5210    7.93608         24 0.0000e+00
    881.000    870.051     0.4860  29.487378     0.4879  29.487487     4.6861     4.8459     0.0872    97.0700 1.0000e-12  -73.78252 -118.49948  44.960193      93.99 1.6345e+03   1152.686      27665  1031.8420  1031.8403     4.6048     0.0941     0.1239    34.5230    34.5210    7.93612         26 0.0000e+00
    882.000    871.040     0.4859  29.487608     0.4877  29.487811     4.6788     4.8457     0.1018    97.0056 1.0000e-12  -73.78252 -118.49948  44.960206      99.82 1.6360e+03   1153.765      27691  1031.8466  1031.8450     4.6018     0.0883     0.1270    34.5229    34.5210    7.93616         25 0.0000e+00
