ocean_section_plots/required_files/ctd/dnbp2202_ctd115.cnv
* Sea-Bird SBE 9 Data File:
* FileName = D:\Data\raw\NBP2202_CTD115.hex
* Software Version Seasave V 7.26.7.121
* Temperature SN = 1649
* Conductivity SN = 2513
* Number of Bytes Per Scan = 40
* Number of Voltage Words = 5
* Number of Scans Averaged by the Deck Unit = 1
* NMEA Latitude = 74 10.52 S
* NMEA Longitude = 113 20.65 W
* NMEA UTC (Time) = Jan 27 2022  08:48:00
* NMEA baud rate = 9600
** Ship: RVIB N.B. Palmer
** Cruise: NBP2202 Thwaites
** Station: YoYo001
** Operator: B. Bjork
# nquan = 25
# nvalues = 607                         
# units = specified
# name 0 = prDM: Pressure, Digiquartz [db]
# name 1 = depSM: Depth [salt water, m]
# name 2 = t090C: Temperature [ITS-90, deg C]
# name 3 = c0mS/cm: Conductivity [mS/cm]
# name 4 = t190C: Temperature, 2 [ITS-90, deg C]
# name 5 = c1mS/cm: Conductivity, 2 [mS/cm]
# name 6 = sbeox0ML/L: Oxygen, SBE 43 [ml/l]
# name 7 = sbeox1ML/L: Oxygen, SBE 43, 2 [ml/l]
# name 8 = flECO-AFL: Fluorescence, WET Labs ECO-AFL/FL [mg/m^3]
# name 9 = CStarTr0: Beam Transmission, WET Labs C-Star [%]
# name 10 = par: PAR/Irradiance, Biospherical/Licor
# name 11 = latitude: Latitude [deg]
# name 12 = longitude: Longitude [deg]
# name 13 = timeJ: Julian Days
# name 14 = altM: Altimeter [m]
# name 15 = spar: SPAR, Biospherical/Licor
# name 16 = timeS: Time, Elapsed [seconds]
# name 17 = scan: Scan Count
# name 18 = density00: Density [density, kg/m^3]
# name 19 = density11: Density, 2 [density, kg/m^3]
# name 20 = sal00: Salinity, Practical [PSU]
# name 21 = sal11: Salinity, Practical, 2 [PSU]
# name 22 = oxsolML/L: Oxygen Saturation, Garcia & Gordon [ml/l]
# name 23 = nbin: number of scans per bin
# name 24 = flag: flag
# span 0 =     10.000,    616.000       
# span 1 =      9.897,    608.718       
# span 2 =    -1.4423,     0.1195       
# span 3 =  26.987078,  28.954705       
# span 4 =    -1.4401,     0.1219       
# span 5 =  26.987816,  28.954644       
# span 6 =     4.6753,     8.5677       
# span 7 =     4.7271,     8.5843       
# span 8 =    -0.0224,    23.8173       
# span 9 =    69.8013,    95.5711       
# span 10 = 1.0000e-12, 1.6099e+00      
# span 11 =  -74.17538,  -74.17536      
# span 12 = -113.34426, -113.34422      
# span 13 =  27.367015,  27.374260      
# span 14 =       8.13,     100.05      
# span 15 = 7.7566e+01, 8.4618e+01      
# span 16 =     30.079,    656.081      
# span 17 =        723,      15747      
# span 18 =  1027.2220,  1030.5204      
# span 19 =  1027.2205,  1030.5183      
# span 20 =    33.7899,    34.3885      
# span 21 =    33.7882,    34.3858      
# span 22 =    8.01949,    8.39155      
# span 23 =         12,         58      
# span 24 = 0.0000e+00, 0.0000e+00      
# interval = decibars: 1                
# start_time = Jan 27 2022 08:48:00 [NMEA time, header]
# bad_flag = -9.990e-29
*END*
[from data line 406]
    416.000    411.281    -0.1848  28.530520    -0.1832  28.529635     4.7809     4.8396    -0.0109    95.1154 1.0000e-12  -74.17536 -113.34424  27.371705      99.87 8.1706e+01    435.333      10449  1029.5147  1029.5122    34.2841    34.2812    8.08942         23 0.0000e+00
    417.000    412.269    -0.1843  28.531450    -0.1823  28.531078     4.7842     4.8494    -0.0113    95.0958 1.0000e-12  -74.17536 -113.34424  27.371716      99.86 8.1318e+01    436.302      10472  1029.5195  1029.5172    34.2842    34.2815    8.08931         24 0.0000e+00
    418.000    413.256    -0.1866  28.529827    -0.1845  28.529697     4.7857     4.8407    -0.0103    95.0842 1.0000e-12  -74.17536 -113.34424  27.371728      99.86 8.1626e+01    437.281      10496  1029.5244  1029.5222    34.2841    34.2815    8.08982         23 0.0000e+00
    419.000    414.244    -0.1837  28.533335    -0.1813  28.533408     4.7816     4.8368    -0.0092    95.0817 1.0000e-12  -74.17536 -113.34424  27.371739      99.86 8.1680e+01    438.260      10519  1029.5295  1029.5273    34.2849    34.2823    8.08915         24 0.0000e+00
    420.000    415.230    -0.1830  28.534634    -0.1808  28.534311     4.7789     4.8315    -0.0027    95.0785 1.0000e-12  -74.17536 -113.34424  27.371751      99.86 8.1477e+01    439.244      10543  1029.5345  1029.5320    34.2852    34.2823    8.08898         23 0.0000e+00
    421.000    416.221    -0.1823  28.535636    -0.1799  28.535612     4.7773     4.8360    -0.0175    95.1042 1.0000e-12  -74.17536 -113.34424  27.371762      99.86 8.1975e+01    440.230      10567  1029.5391  1029.5368    34.2851    34.2825    8.08883         24 0.0000e+00
    422.000    417.206    -0.1812  28.537053    -0.1785  28.537372     4.7730     4.8374    -0.0115    95.1155 1.0000e-12  -74.17536 -113.34424  27.371773      98.76 8.1704e+01    441.214      10590  1029.5439  1029.5416    34.2852    34.2826    8.08860         23 0.0000e+00
    423.000    418.195    -0.1800  28.538541    -0.1784  28.537919     4.7692     4.8298    -0.0113    95.1192 1.0000e-12  -74.17536 -113.34424  27.371785      99.86 8.1754e+01    442.191      10614  1029.5486  1029.5464    34.2853    34.2827    8.08835         24 0.0000e+00
    424.000    419.183    -0.1812  28.537978    -0.1779  28.538894     4.7669     4.8258    -0.0117    95.1224 1.0000e-12  -74.17536 -113.34424  27.371796      99.86 8.1536e+01    443.177      10637  1029.5534  1029.5512    34.2852    34.2828    8.08859         24 0.0000e+00
    425.000    420.168    -0.1713  28.549229    -0.1686  28.549321     4.7666     4.8312    -0.0106    95.1088 1.0000e-12  -74.17536 -113.34424  27.371807      99.86 8.1629e+01    444.160      10661  1029.5600  1029.5574    34.2886    34.2856    8.08632         23 0.0000e+00
    426.000    421.159    -0.1683  28.552688    -0.1663  28.552351     4.7694     4.8315    -0.0098    95.0967 1.0000e-12  -74.17536 -113.34424  27.371819      99.86 8.1826e+01    445.140      10684  1029.5650  1029.5627    34.2892    34.2864    8.08565         24 0.0000e+00
    427.000    422.144    -0.1669  28.554942    -0.1645  28.554816     4.7667     4.8291    -0.0109    95.0919 1.0000e-12  -74.17536 -113.34424  27.371830      99.86 8.1706e+01    446.126      10708  1029.5703  1029.5679    34.2900    34.2872    8.08530         23 0.0000e+00
    428.000    423.132    -0.1623  28.560118    -0.1601  28.559780     4.7592     4.8195    -0.0129    95.0816 1.0000e-12  -74.17536 -113.34424  27.371842      99.86 8.1607e+01    447.107      10732  1029.5757  1029.5732    34.2912    34.2882    8.08427         24 0.0000e+00
    429.000    424.120    -0.1539  28.569297    -0.1516  28.568973     4.7597     4.8201    -0.0172    95.0819 1.0000e-12  -74.17536 -113.34424  27.371853      99.86 8.1706e+01    448.082      10755  1029.5814  1029.5788    34.2933    34.2903    8.08236         23 0.0000e+00
    430.000    425.109    -0.1526  28.571016    -0.1507  28.570635     4.7585     4.8259    -0.0104    95.1064 1.0000e-12  -74.17536 -113.34424  27.371864      99.86 8.2122e+01    449.064      10779  1029.5863  1029.5840    34.2936    34.2908    8.08208         24 0.0000e+00
    431.000    426.095    -0.1517  28.572501    -0.1496  28.572315     4.7575     4.8271    -0.0166    95.0808 1.0000e-12  -74.17536 -113.34424  27.371875      99.87 8.2013e+01    450.040      10802  1029.5914  1029.5891    34.2939    34.2913    8.08187         23 0.0000e+00
    432.000    427.083    -0.1505  28.574587    -0.1484  28.574206     4.7620     4.8231    -0.0182    95.1284 1.0000e-12  -74.17536 -113.34424  27.371887      99.86 8.2168e+01    451.014      10825  1029.5967  1029.5943    34.2947    34.2919    8.08156         23 0.0000e+00
    433.000    428.071    -0.1470  28.578975    -0.1449  28.578490     4.7590     4.8213    -0.0119    95.1430 1.0000e-12  -74.17536 -113.34424  27.371898      99.86 8.2120e+01    451.988      10849  1029.6022  1029.5997    34.2960    34.2931    8.08074         24 0.0000e+00
    434.000    429.058    -0.1389  28.587991    -0.1370  28.587437     4.7639     4.8203    -0.0147    95.1545 1.0000e-12  -74.17536 -113.34424  27.371909      99.86 8.1831e+01    452.968      10872  1029.6081  1029.6057    34.2983    34.2955    8.07890         24 0.0000e+00
    435.000    430.045    -0.1356  28.592216    -0.1340  28.591456     4.7661     4.8187    -0.0131    95.1546 1.0000e-12  -74.17536 -113.34424  27.371921      76.52 8.1935e+01    453.948      10896  1029.6138  1029.6114    34.2997    34.2969    8.07813         23 0.0000e+00
    436.000    431.034    -0.1349  28.593789    -0.1328  28.593545     4.7598     4.8227    -0.0101    95.1653 1.0000e-12  -74.17536 -113.34424  27.371932      98.83 8.2266e+01    454.934      10919  1029.6191  1029.6167    34.3004    34.2976    8.07794         24 0.0000e+00
    437.000    432.021    -0.1323  28.596967    -0.1302  28.596596     4.7593     4.8234    -0.0080    95.1664 1.0000e-12  -74.17536 -113.34424  27.371944      99.84 8.1979e+01    455.921      10943  1029.6242  1029.6218    34.3011    34.2982    8.07735         24 0.0000e+00
    438.000    433.007    -0.1293  28.600251    -0.1271  28.600058     4.7586     4.8232    -0.0065    95.1933 1.0000e-12  -74.17536 -113.34424  27.371955      99.86 8.1936e+01    456.898      10967  1029.6291  1029.6267    34.3015    34.2987    8.07669         23 0.0000e+00
    439.000    433.996    -0.1283  28.601724    -0.1259  28.601740     4.7571     4.8198    -0.0173    95.2091 1.0000e-12  -74.17536 -113.34424  27.371966      99.86 8.2046e+01    457.880      10990  1029.6339  1029.6317    34.3017    34.2990    8.07646         24 0.0000e+00
    440.000    434.985    -0.1296  28.601043    -0.1272  28.601035     4.7605     4.8202    -0.0094    95.2194 1.0000e-12  -74.17536 -113.34424  27.371978      99.86 8.2164e+01    458.863      11014  1029.6388  1029.6365    34.3016    34.2989    8.07674         23 0.0000e+00
    441.000    435.971    -0.1314  28.600062    -0.1290  28.599920     4.7619     4.8199    -0.0096    95.2590 1.0000e-12  -74.17536 -113.34424  27.371989      99.87 8.2166e+01    459.840      11037  1029.6439  1029.6414    34.3017    34.2989    8.07711         23 0.0000e+00
    442.000    436.959    -0.1329  28.599463    -0.1306  28.599267     4.7660     4.8236    -0.0150    95.2576 1.0000e-12  -74.17536 -113.34424  27.372000      99.86 8.2341e+01    460.813      11061  1029.6490  1029.6466    34.3021    34.2993    8.07742         24 0.0000e+00
    443.000    437.946    -0.1320  28.600970    -0.1297  28.600836     4.7657     4.8268    -0.0126    95.2523 1.0000e-12  -74.17536 -113.34424  27.372012      99.86 8.2558e+01    461.796      11084  1029.6540  1029.6517    34.3024    34.2997    8.07720         24 0.0000e+00
    444.000    438.934    -0.1328  28.601032    -0.1303  28.601200     4.7669     4.8264    -0.0096    95.2687 1.0000e-12  -74.17536 -113.34424  27.372023      99.86 8.2473e+01    462.782      11108  1029.6592  1029.6569    34.3029    34.3003    8.07736         23 0.0000e+00
    445.000    439.921    -0.1318  28.602855    -0.1318  28.600497     4.7654     4.8234    -0.0095    95.2587 1.0000e-12  -74.17536 -113.34424  27.372034      99.86 8.2415e+01    463.769      11131  1029.6644  1029.6620    34.3036    34.3005    8.07711         24 0.0000e+00
    446.000    440.910    -0.1261  28.608742    -0.1257  28.606743     4.7617     4.8200    -0.0080    95.2486 1.0000e-12  -74.17536 -113.34424  27.372046      99.86 8.2395e+01    464.753      11155  1029.6693  1029.6668    34.3044    34.3012    8.07585         23 0.0000e+00
    447.000    441.896    -0.1252  28.610019    -0.1230  28.609789     4.7653     4.8213    -0.0062    95.2373 1.0000e-12  -74.17536 -113.34424  27.372057      99.86 8.2780e+01    465.726      11178  1029.6740  1029.6717    34.3045    34.3018    8.07565         24 0.0000e+00
    448.000    442.884    -0.1256  28.610553    -0.1236  28.610063     4.7633     4.8228    -0.0168    95.2386 1.0000e-12  -74.17536 -113.34424  27.372068      99.10 8.2627e+01    466.697      11202  1029.6794  1029.6769    34.3050    34.3021    8.07571         23 0.0000e+00
    449.000    443.872    -0.1229  28.614223    -0.1211  28.613451     4.7607     4.8232    -0.0016    95.2554 1.0000e-12  -74.17536 -113.34424  27.372080      99.38 8.2855e+01    467.669      11225  1029.6849  1029.6823    34.3063    34.3032    8.07507         23 0.0000e+00
    450.000    444.858    -0.1218  28.615991    -0.1197  28.615706     4.7643     4.8141    -0.0174    95.2352 1.0000e-12  -74.17536 -113.34424  27.372091      99.39 8.2855e+01    468.643      11248  1029.6899  1029.6875    34.3068    34.3040    8.07480         24 0.0000e+00
    451.000    445.847    -0.1211  28.617179    -0.1191  28.616748     4.7608     4.8125    -0.0189    95.2475 1.0000e-12  -74.17536 -113.34424  27.372102      99.86 8.2855e+01    469.621      11272  1029.6948  1029.6925    34.3070    34.3043    8.07464         23 0.0000e+00
    452.000    446.832    -0.1210  28.617637    -0.1191  28.617268     4.7532     4.8137    -0.0138    95.2405 1.0000e-12  -74.17536 -113.34424  27.372114      99.87 8.2855e+01    470.606      11296  1029.6995  1029.6972    34.3070    34.3043    8.07464         24 0.0000e+00
    453.000    447.822    -0.1207  28.618407    -0.1185  28.618291     4.7539     4.8069    -0.0153    95.2263 1.0000e-12  -74.17536 -113.34424  27.372125      99.86 8.2855e+01    471.583      11319  1029.7043  1029.7020    34.3070    34.3044    8.07457         23 0.0000e+00
    454.000    448.809    -0.1193  28.620624    -0.1171  28.620525     4.7531     4.8076    -0.0186    95.1968 1.0000e-12  -74.17536 -113.34424  27.372136      99.87 8.2855e+01    472.553      11342  1029.7095  1029.7073    34.3078    34.3052    8.07422         23 0.0000e+00
    455.000    449.798    -0.1172  28.623842    -0.1148  28.623951     4.7551     4.8141    -0.0178    95.1686 1.0000e-12  -74.17536 -113.34424  27.372147      99.86 8.2855e+01    473.521      11366  1029.7152  1029.7129    34.3092    34.3065    8.07371         24 0.0000e+00
    456.000    450.783    -0.1166  28.624921    -0.1141  28.625158     4.7542     4.8127    -0.0169    95.1592 1.0000e-12  -74.17536 -113.34424  27.372158      99.87 8.2855e+01    474.490      11389  1029.7199  1029.7178    34.3092    34.3067    8.07356         23 0.0000e+00
    457.000    451.770    -0.1139  28.628587    -0.1115  28.628759     4.7533     4.8036    -0.0118    95.1139 1.0000e-12  -74.17536 -113.34424  27.372170      99.86 8.2855e+01    475.467      11412  1029.7255  1029.7234    34.3106    34.3080    8.07293         23 0.0000e+00
    458.000    452.759    -0.1115  28.631803    -0.1086  28.632402     4.7522     4.8034    -0.0179    95.0854 1.0000e-12  -74.17536 -113.34424  27.372181      99.86 8.2855e+01    476.457      11436  1029.7308  1029.7287    34.3115    34.3091    8.07237         24 0.0000e+00
    459.000    453.746    -0.1096  28.634443    -0.1076  28.634177     4.7486     4.8072    -0.0110    95.0870 1.0000e-12  -74.17536 -113.34424  27.372193      99.86 8.2855e+01    477.445      11460  1029.7360  1029.7338    34.3123    34.3097    8.07192         24 0.0000e+00
    460.000    454.734    -0.1100  28.634412    -0.1080  28.634169     4.7528     4.8077    -0.0024    95.0490 1.0000e-12  -74.17536 -113.34424  27.372204      99.86 8.2855e+01    478.422      11483  1029.7407  1029.7385    34.3121    34.3095    8.07201         24 0.0000e+00
    461.000    455.722    -0.1072  28.638021    -0.1057  28.637065     4.7521     4.8061    -0.0023    95.0571 1.0000e-12  -74.17536 -113.34424  27.372215      83.42 8.2855e+01    479.397      11507  1029.7461  1029.7436    34.3131    34.3102    8.07136         23 0.0000e+00
    462.000    456.707    -0.1055  28.640361    -0.1033  28.640107     4.7469     4.8047    -0.0020    95.0583 1.0000e-12  -74.17536 -113.34424  27.372227      86.59 8.2855e+01    480.372      11530  1029.7511  1029.7488    34.3137    34.3110    8.07096         23 0.0000e+00
    463.000    457.697    -0.1041  28.642488    -0.1021  28.641989     4.7478     4.8030    -0.0090    95.0334 1.0000e-12  -74.17536 -113.34424  27.372238      96.79 8.2855e+01    481.343      11553  1029.7563  1029.7539    34.3144    34.3115    8.07064         23 0.0000e+00
    464.000    458.683    -0.1029  28.644275    -0.1009  28.643891     4.7494     4.8053    -0.0191    95.0116 1.0000e-12  -74.17536 -113.34426  27.372249      99.90 8.2855e+01    482.325      11577  1029.7614  1029.7590    34.3149    34.3121    8.07036         24 0.0000e+00
    465.000    459.671    -0.1024  28.645349    -0.1000  28.645513     4.7493     4.8077    -0.0153    95.0159 1.0000e-12  -74.17536 -113.34424  27.372260      99.86 8.2855e+01    483.309      11600  1029.7663  1029.7641    34.3151    34.3127    8.07024         23 0.0000e+00
    466.000    460.658    -0.1017  28.646646    -0.0997  28.646291     4.7521     4.8084    -0.0082    95.0010 1.0000e-12  -74.17536 -113.34426  27.372272      99.86 8.2855e+01    484.283      11624  1029.7713  1029.7689    34.3155    34.3127    8.07007         24 0.0000e+00
    467.000    461.646    -0.1012  28.647664    -0.0993  28.647324     4.7480     4.8079    -0.0032    95.0035 1.0000e-12  -74.17536 -113.34424  27.372283      99.86 8.2855e+01    485.252      11647  1029.7761  1029.7739    34.3157    34.3130    8.06996         23 0.0000e+00
    468.000    462.634    -0.1007  28.648843    -0.0986  28.648563     4.7543     4.8077    -0.0093    95.0136 1.0000e-12  -74.17536 -113.34426  27.372294      99.86 8.2855e+01    486.215      11670  1029.7811  1029.7788    34.3160    34.3133    8.06982         23 0.0000e+00
    469.000    463.619    -0.0995  28.650942    -0.0973  28.650623     4.7468     4.8079    -0.0013    94.9916 1.0000e-12  -74.17536 -113.34424  27.372305      99.86 8.2855e+01    487.185      11693  1029.7864  1029.7840    34.3169    34.3140    8.06952         24 0.0000e+00
    470.000    464.609    -0.0967  28.654636    -0.0948  28.654213     4.7489     4.8078    -0.0017    94.9967 1.0000e-12  -74.17536 -113.34426  27.372317      99.87 8.2855e+01    488.160      11717  1029.7919  1029.7896    34.3181    34.3153    8.06886         23 0.0000e+00
    471.000    465.596    -0.0949  28.657302    -0.0928  28.657069     4.7496     4.8084    -0.0010    94.9926 1.0000e-12  -74.17536 -113.34424  27.372328      99.86 8.2855e+01    489.151      11741  1029.7972  1029.7950    34.3190    34.3164    8.06843         24 0.0000e+00
    472.000    466.583    -0.0908  28.662935    -0.0873  28.663959     4.7448     4.8088    -0.0116    94.9934 1.0000e-12  -74.17536 -113.34426  27.372339      99.86 8.2855e+01    490.134      11764  1029.8035  1029.8012    34.3213    34.3187    8.06744         23 0.0000e+00
