ocean_section_plots/required_files/ctd/dnbp2202_ctd250.cnv
* Sea-Bird SBE 9 Data File:
* FileName = D:\Data\raw\NBP2202_CTD250.hex
* Software Version Seasave V 7.26.7.121
* Temperature SN = 1649
* Conductivity SN = 2513
* Number of Bytes Per Scan = 40
* Number of Voltage Words = 5
* Number of Scans Averaged by the Deck Unit = 1
* NMEA Latitude = 73 57.38 S
* NMEA Longitude = 118 38.88 W
* NMEA UTC (Time) = Feb 15 2022  08:38:31
* NMEA baud rate = 9600
** Ship: RVIB N.B. Palmer
** Cruise: NBP2202 Thwaites
** Station: 158
** Operator: B. Bjork
# nquan = 28
# nvalues = 1377                        
# units = specified
# name 0 = prDM: Pressure, Digiquartz [db]
# name 1 = depSM: Depth [salt water, m]
# name 2 = t090C: Temperature [ITS-90, deg C]
# name 3 = c0mS/cm: Conductivity [mS/cm]
# name 4 = t190C: Temperature, 2 [ITS-90, deg C]
# name 5 = c1mS/cm: Conductivity, 2 [mS/cm]
# name 6 = sbeox0ML/L: Oxygen, SBE 43 [ml/l]
# name 7 = sbeox1ML/L: Oxygen, SBE 43, 2 [ml/l]
# name 8 = flECO-AFL: Fluorescence, WET Labs ECO-AFL/FL [mg/m^3]
# name 9 = CStarTr0: Beam Transmission, WET Labs C-Star [%]
# name 10 = par: PAR/Irradiance, Biospherical/Licor
# name 11 = latitude: Latitude [deg]
# name 12 = longitude: Longitude [deg]
# name 13 = timeJ: Julian Days
# name 14 = altM: Altimeter [m]
# name 15 = spar: SPAR, Biospherical/Licor
# name 16 = timeS: Time, Elapsed [seconds]
# name 17 = scan: Scan Count
# name 18 = density00: Density [density, kg/m^3]
# name 19 = density11: Density, 2 [density, kg/m^3]
# name 20 = v3: Voltage 3
# name 21 = v4: Voltage 4
# name 22 = v5: Voltage 5
# name 23 = sal00: Salinity, Practical [PSU]
# name 24 = sal11: Salinity, Practical, 2 [PSU]
# name 25 = oxsolML/L: Oxygen Saturation, Garcia & Gordon [ml/l]
# name 26 = nbin: number of scans per bin
# name 27 = flag: flag
# span 0 =      2.000,   1378.000       
# span 1 =      1.982,   1359.253       
# span 2 =    -1.7588,     0.7524       
# span 3 =  26.966241,  29.980112       
# span 4 =    -1.7581,     0.7545       
# span 5 =  26.966424,  29.980393       
# span 6 =     4.5674,     9.1886       
# span 7 =     4.6612,     9.4607       
# span 8 =    -0.0175,    12.5627       
# span 9 =    84.8654,    97.1567       
# span 10 = -1.252e-05, 1.5184e+00      
# span 11 =  -73.95648,  -73.95646      
# span 12 = -118.64806, -118.64800      
# span 13 =  46.362317,  46.379302      
# span 14 =       2.02,     100.14      
# span 15 = 1.7622e+01, 2.4250e+01      
# span 16 =    193.157,   1660.650      
# span 17 =       4637,      39857      
# span 18 =  1027.1468,  1034.1742      
# span 19 =  1027.1490,  1034.1724      
# span 20 =     4.0264,     4.6090      
# span 21 =     0.0638,     2.2756      
# span 22 =     0.1095,     0.2165      
# span 23 =    33.7775,    34.5902      
# span 24 =    33.7800,    34.5883      
# span 25 =    7.87810,    8.44681      
# span 26 =         18,         47      
# span 27 = 0.0000e+00, 0.0000e+00      
# interval = decibars: 1                
# start_time = Feb 15 2022 08:38:31 [NMEA time, header]
# bad_flag = -9.990e-29
*END*
[from data line 1088]
   1090.000   1075.909     0.7072  29.811811     0.7092  29.812136     4.6186     4.7060     0.0090    97.1319 1.0000e-12  -73.95646 -118.64802  46.375645      99.12 1.8220e+01   1344.726      32274  1032.8403  1032.8387     4.6078     0.0793     0.1113    34.5807    34.5790    7.88777         24 0.0000e+00
   1091.000   1076.895     0.7072  29.812451     0.7094  29.812750     4.6245     4.7141     0.0116    97.0598 1.0000e-12  -73.95646 -118.64802  46.375657      99.89 1.9040e+01   1345.749      32299  1032.8452  1032.8434     4.6044     0.0747     0.1127    34.5810    34.5791    7.88776         24 0.0000e+00
   1092.000   1077.877     0.7074  29.813097     0.7097  29.813424     4.6143     4.7176    -0.0013    97.1331 1.0000e-12  -73.95646 -118.64802  46.375668      99.86 1.9243e+01   1346.727      32322  1032.8498  1032.8480     4.6079     0.0722     0.1143    34.5810    34.5790    7.88771         23 0.0000e+00
   1093.000   1078.862     0.7080  29.814074     0.7102  29.814445     4.6263     4.7147    -0.0078    97.0931 1.0000e-12  -73.95646 -118.64802  46.375679      99.87 1.8150e+01   1347.681      32345  1032.8545  1032.8528     4.6059     0.0725     0.1151    34.5811    34.5792    7.88759         23 0.0000e+00
   1094.000   1079.847     0.7080  29.814576     0.7102  29.814887     4.6217     4.7149     0.0056    97.0398 1.0000e-12  -73.95646 -118.64802  46.375690      99.86 1.8583e+01   1348.643      32368  1032.8592  1032.8574     4.6035     0.0732     0.1123    34.5812    34.5793    7.88759         24 0.0000e+00
   1095.000   1080.832     0.7082  29.815341     0.7104  29.815607     4.6279     4.7161     0.0331    97.0715 1.0000e-12  -73.95646 -118.64802  46.375702      99.87 1.9237e+01   1349.634      32392  1032.8640  1032.8621     4.6049     0.0733     0.1160    34.5814    34.5794    7.88753         24 0.0000e+00
   1096.000   1081.816     0.7087  29.816142     0.7108  29.816599     4.6218     4.7160     0.0204    97.1137 1.0000e-12  -73.95646 -118.64802  46.375713      99.86 1.8071e+01   1350.645      32416  1032.8686  1032.8669     4.6069     0.0718     0.1138    34.5814    34.5796    7.88745         24 0.0000e+00
   1097.000   1082.800     0.7089  29.816833     0.7111  29.817139     4.6180     4.7139     0.0094    97.1127 1.0000e-12  -73.95646 -118.64802  46.375725      99.86 1.8363e+01   1351.642      32440  1032.8732  1032.8714     4.6069     0.0710     0.1128    34.5815    34.5795    7.88739         24 0.0000e+00
   1098.000   1083.784     0.7090  29.817496     0.7113  29.817865     4.6202     4.7090     0.0283    97.0768 1.0000e-12  -73.95646 -118.64802  46.375736      99.87 1.9393e+01   1352.626      32464  1032.8780  1032.8762     4.6052     0.0744     0.1150    34.5817    34.5796    7.88736         23 0.0000e+00
   1099.000   1084.769     0.7092  29.818003     0.7114  29.818359     4.6217     4.7078     0.0566    97.1361 1.0000e-12  -73.95646 -118.64802  46.375748      99.87 1.8367e+01   1353.601      32487  1032.8825  1032.8808     4.6080     0.0748     0.1152    34.5816    34.5796    7.88733         24 0.0000e+00
   1100.000   1085.754     0.7093  29.818418     0.7116  29.819048     4.6254     4.7116     0.0537    97.1441 1.0000e-12  -73.95646 -118.64802  46.375759      99.86 1.8241e+01   1354.591      32511  1032.8871  1032.8855     4.6084     0.0714     0.1142    34.5815    34.5797    7.88732         23 0.0000e+00
   1101.000   1086.738     0.7096  29.819348     0.7118  29.819717     4.6250     4.7158     0.0062    97.1393 1.0000e-12  -73.95646 -118.64802  46.375771      99.86 1.9337e+01   1355.598      32535  1032.8919  1032.8901     4.6082     0.0715     0.1138    34.5818    34.5798    7.88724         25 0.0000e+00
   1102.000   1087.723     0.7100  29.820105     0.7121  29.820408     4.6208     4.7150     0.0059    97.1204 1.0000e-12  -73.95646 -118.64802  46.375782      81.05 1.8312e+01   1356.590      32559  1032.8965  1032.8948     4.6072     0.0693     0.1129    34.5818    34.5798    7.88716         23 0.0000e+00
   1103.000   1088.707     0.7101  29.820782     0.7124  29.821172     4.6229     4.7153    -0.0081    97.0345 1.0000e-12  -73.95646 -118.64802  46.375794      94.84 1.8735e+01   1357.572      32583  1032.9013  1032.8995     4.6032     0.0708     0.1126    34.5819    34.5799    7.88712         24 0.0000e+00
   1104.000   1089.693     0.7103  29.821275     0.7125  29.821726     4.6184     4.7169    -0.0007    97.0534 1.0000e-12  -73.95646 -118.64802  46.375805      99.87 1.9624e+01   1358.544      32606  1032.9058  1032.9041     4.6041     0.0717     0.1138    34.5818    34.5799    7.88709         23 0.0000e+00
   1105.000   1090.676     0.7106  29.821879     0.7127  29.822408     4.6137     4.7119    -0.0004    97.0891 1.0000e-12  -73.95646 -118.64802  46.375816      99.86 1.8508e+01   1359.523      32630  1032.9104  1032.9088     4.6057     0.0708     0.1153    34.5818    34.5801    7.88704         24 0.0000e+00
   1106.000   1091.660     0.7112  29.823238     0.7135  29.823715     4.6180     4.7091    -0.0004    97.0944 1.0000e-12  -73.95646 -118.64802  46.375828      99.87 1.8805e+01   1360.523      32654  1032.9153  1032.9136     4.6060     0.0719     0.1148    34.5822    34.5803    7.88689         24 0.0000e+00
   1107.000   1092.645     0.7114  29.823817     0.7137  29.824317     4.6255     4.7121     0.0095    97.1042 1.0000e-12  -73.95646 -118.64802  46.375839      99.86 2.0065e+01   1361.530      32678  1032.9199  1032.9182     4.6065     0.0719     0.1157    34.5823    34.5803    7.88685         24 0.0000e+00
   1108.000   1093.629     0.7115  29.824408     0.7137  29.824643     4.6203     4.7160     0.0100    97.1128 1.0000e-12  -73.95646 -118.64802  46.375851      99.87 1.8937e+01   1362.534      32702  1032.9246  1032.9227     4.6068     0.0722     0.1112    34.5823    34.5802    7.88682         24 0.0000e+00
   1109.000   1094.613     0.7119  29.825228     0.7140  29.825429     4.6200     4.7148     0.0140    97.0502 1.0000e-12  -73.95646 -118.64802  46.375863      99.86 1.8878e+01   1363.523      32726  1032.9293  1032.9274     4.6040     0.0761     0.1152    34.5824    34.5803    7.88673         24 0.0000e+00
   1110.000   1095.599     0.7124  29.826182     0.7143  29.826120     4.6184     4.7143     0.0194    97.0913 1.0000e-12  -73.95646 -118.64802  46.375874      99.86 1.9315e+01   1364.498      32749  1032.9339  1032.9321     4.6059     0.0718     0.1123    34.5825    34.5804    7.88662         23 0.0000e+00
   1111.000   1096.582     0.7123  29.826516     0.7145  29.826771     4.6223     4.7117     0.0130    97.1116 1.0000e-12  -73.95646 -118.64802  46.375885      99.87 1.8162e+01   1365.461      32772  1032.9385  1032.9367     4.6068     0.0708     0.1173    34.5824    34.5804    7.88664         23 0.0000e+00
   1112.000   1097.567     0.7127  29.827356     0.7149  29.827676     4.6228     4.7109     0.0054    97.1297 1.0000e-12  -73.95646 -118.64802  46.375896      99.86 1.9167e+01   1366.433      32795  1032.9433  1032.9415     4.6077     0.0714     0.1100    34.5826    34.5806    7.88656         24 0.0000e+00
   1113.000   1098.551     0.7130  29.828147     0.7153  29.828608     4.6196     4.7115    -0.0076    97.1362 1.0000e-12  -73.95646 -118.64802  46.375908      99.87 1.9608e+01   1367.427      32819  1032.9479  1032.9462     4.6080     0.0710     0.1115    34.5827    34.5808    7.88649         24 0.0000e+00
   1114.000   1099.537     0.7132  29.828864     0.7154  29.829165     4.6116     4.7074     0.0210    97.1214 1.0000e-12  -73.95646 -118.64802  46.375919      87.04 1.8957e+01   1368.429      32843  1032.9527  1032.9508     4.6073     0.0682     0.1118    34.5828    34.5808    7.88644         24 0.0000e+00
   1115.000   1100.520     0.7136  29.829517     0.7158  29.829935     4.6153     4.7107     0.0017    97.1070 1.0000e-12  -73.95646 -118.64802  46.375931      82.44 1.8700e+01   1369.424      32867  1032.9572  1032.9555     4.6066     0.0700     0.1110    34.5828    34.5808    7.88638         23 0.0000e+00
   1116.000   1101.506     0.7143  29.830812     0.7165  29.831151     4.6266     4.7097     0.0169    97.0975 1.0000e-12  -73.95646 -118.64802  46.375942      93.29 1.9698e+01   1370.408      32891  1032.9620  1032.9602     4.6062     0.0710     0.1119    34.5830    34.5811    7.88621         24 0.0000e+00
   1117.000   1102.489     0.7147  29.831535     0.7167  29.831905     4.6233     4.7085     0.0167    97.1297 1.0000e-12  -73.95646 -118.64802  46.375954      96.03 1.8370e+01   1371.391      32914  1032.9665  1032.9649     4.6077     0.0700     0.1120    34.5830    34.5812    7.88613         24 0.0000e+00
   1118.000   1103.474     0.7148  29.832237     0.7171  29.832632     4.6181     4.7110     0.0058    97.1138 1.0000e-12  -73.95646 -118.64802  46.375965      99.83 1.8145e+01   1372.388      32938  1032.9713  1032.9696     4.6069     0.0840     0.1213    34.5832    34.5812    7.88610         24 0.0000e+00
   1119.000   1104.457     0.7152  29.832902     0.7172  29.833245     4.6138     4.7101     0.0386    97.1223 1.0000e-12  -73.95646 -118.64802  46.375977      99.86 1.9314e+01   1373.392      32962  1032.9759  1032.9742     4.6073     0.0729     0.1125    34.5831    34.5813    7.88603         24 0.0000e+00
   1120.000   1105.443     0.7150  29.833342     0.7172  29.833645     4.6083     4.7104     0.0442    97.1116 1.0000e-12  -73.95646 -118.64802  46.375988      99.86 1.8295e+01   1374.391      32986  1032.9806  1032.9789     4.6069     0.0716     0.1123    34.5833    34.5813    7.88605         24 0.0000e+00
   1121.000   1106.425     0.7152  29.833707     0.7172  29.834194     4.6196     4.7065    -0.0021    97.0599 1.0000e-12  -73.95646 -118.64802  46.376000      99.87 1.8319e+01   1375.379      33010  1032.9851  1032.9836     4.6044     0.0757     0.1137    34.5830    34.5814    7.88603         23 0.0000e+00
   1122.000   1107.412     0.7150  29.834341     0.7175  29.834731     4.6140     4.7065     0.0182    97.1308 1.0000e-12  -73.95646 -118.64802  46.376011      99.86 1.9170e+01   1376.352      33033  1032.9901  1032.9881     4.6078     0.0727     0.1135    34.5835    34.5813    7.88604         24 0.0000e+00
   1123.000   1108.396     0.7156  29.835118     0.7178  29.835505     4.6151     4.7053     0.0392    97.1317 1.0000e-12  -73.95646 -118.64802  46.376022      99.86 1.8403e+01   1377.324      33057  1032.9945  1032.9928     4.6078     0.0721     0.1109    34.5833    34.5814    7.88593         23 0.0000e+00
   1124.000   1109.378     0.7164  29.836199     0.7183  29.836614     4.6171     4.7078     0.0397    97.1351 1.0000e-12  -73.95646 -118.64802  46.376034      99.87 1.8550e+01   1378.300      33080  1032.9991  1032.9975     4.6080     0.0743     0.1126    34.5832    34.5816    7.88577         23 0.0000e+00
   1125.000   1110.365     0.7164  29.837070     0.7186  29.837306     4.6185     4.7142     0.0031    97.0968 1.0000e-12  -73.95646 -118.64802  46.376045      99.86 1.9635e+01   1379.292      33104  1033.0041  1033.0022     4.6061     0.0720     0.1133    34.5838    34.5817    7.88574         24 0.0000e+00
   1126.000   1111.348     0.7164  29.837506     0.7188  29.837941     4.6153     4.7091     0.0054    96.7918 1.0000e-12  -73.95646 -118.64802  46.376057      99.87 1.8036e+01   1380.293      33128  1033.0088  1033.0069     4.5917     0.0747     0.1138    34.5839    34.5817    7.88574         24 0.0000e+00
   1127.000   1112.334     0.7166  29.838158     0.7190  29.838510     4.6142     4.7097     0.0069    97.1277 1.0000e-12  -73.95646 -118.64802  46.376068      99.87 1.9331e+01   1381.281      33152  1033.0134  1033.0115     4.6076     0.0738     0.1156    34.5839    34.5818    7.88569         24 0.0000e+00
   1128.000   1113.317     0.7170  29.838886     0.7192  29.839258     4.6145     4.7096     0.0157    97.1287 1.0000e-12  -73.95646 -118.64802  46.376079      99.86 1.9319e+01   1382.257      33175  1033.0180  1033.0163     4.6076     0.0727     0.1112    34.5839    34.5820    7.88562         24 0.0000e+00
   1129.000   1114.301     0.7172  29.839172     0.7193  29.839641     4.6148     4.7038     0.0215    97.1405 1.0000e-12  -73.95646 -118.64802  46.376091      99.35 1.7881e+01   1383.235      33199  1033.0223  1033.0208     4.6082     0.0689     0.1114    34.5835    34.5818    7.88560         23 0.0000e+00
   1130.000   1115.286     0.7173  29.839711     0.7193  29.840108     4.6173     4.7097     0.0791    97.1343 1.0000e-12  -73.95646 -118.64802  46.376102      99.86 1.8680e+01   1384.242      33223  1033.0269  1033.0254     4.6079     0.0707     0.1135    34.5835    34.5818    7.88558         25 0.0000e+00
   1131.000   1116.270     0.7171  29.840295     0.7195  29.840678     4.6062     4.7052     0.1308    97.0976 1.0000e-12  -73.95646 -118.64802  46.376114      99.87 1.9383e+01   1385.279      33248  1033.0319  1033.0300     4.6062     0.0809     0.1461    34.5839    34.5817    7.88560         25 0.0000e+00
   1132.000   1117.255     0.7174  29.840781     0.7196  29.841198     4.6133     4.7093     0.0486    97.1220 1.0000e-12  -73.95646 -118.64802  46.376126      99.87 1.8305e+01   1386.299      33272  1033.0363  1033.0347     4.6073     0.0707     0.1142    34.5836    34.5818    7.88554         24 0.0000e+00
   1133.000   1118.238     0.7175  29.841322     0.7197  29.841752     4.6192     4.7103     0.0209    97.1261 1.0000e-12  -73.95646 -118.64802  46.376138      99.86 1.8774e+01   1387.282      33296  1033.0410  1033.0393     4.6075     0.0717     0.1127    34.5837    34.5818    7.88553         23 0.0000e+00
   1134.000   1119.222     0.7176  29.841909     0.7198  29.842326     4.6182     4.7033     0.1601    97.1233 1.0000e-12  -73.95646 -118.64802  46.376148      99.86 1.9788e+01   1388.225      33318  1033.0456  1033.0440     4.6074     0.0733     0.1135    34.5837    34.5819    7.88550         22 0.0000e+00
   1135.000   1120.207     0.7177  29.842267     0.7198  29.842747     4.6176     4.7074     0.0464    97.1116 1.0000e-12  -73.95646 -118.64802  46.376159      99.87 1.8479e+01   1389.162      33341  1033.0501  1033.0486     4.6068     0.0715     0.1130    34.5836    34.5819    7.88549         23 0.0000e+00
   1136.000   1121.193     0.7180  29.843175     0.7203  29.843660     4.6147     4.7095     0.0197    97.1304 1.0000e-12  -73.95646 -118.64802  46.376170      99.87 1.8548e+01   1390.114      33364  1033.0550  1033.0533     4.6078     0.0711     0.1130    34.5839    34.5820    7.88542         23 0.0000e+00
   1137.000   1122.176     0.7187  29.844293     0.7206  29.844460     4.6117     4.7108    -0.0005    97.1319 1.0000e-12  -73.95646 -118.64802  46.376182      99.86 1.9895e+01   1391.096      33387  1033.0596  1033.0579     4.6078     0.0738     0.1107    34.5840    34.5821    7.88527         24 0.0000e+00
   1138.000   1123.160     0.7190  29.845059     0.7210  29.845279     4.6142     4.7097     0.0005    96.9938 1.0000e-12  -73.95646 -118.64802  46.376193      99.86 1.8133e+01   1392.110      33412  1033.0643  1033.0626     4.6013     0.0717     0.1126    34.5841    34.5822    7.88520         24 0.0000e+00
   1139.000   1124.144     0.7190  29.845777     0.7214  29.846192     4.6169     4.6982     0.0033    97.0634 1.0000e-12  -73.95646 -118.64802  46.376205      99.86 1.8367e+01   1393.121      33436  1033.0692  1033.0673     4.6046     0.0709     0.1107    34.5845    34.5823    7.88518         24 0.0000e+00
   1140.000   1125.128     0.7202  29.847381     0.7225  29.847727     4.6115     4.6978    -0.0004    97.0890 1.0000e-12  -73.95646 -118.64802  46.376216      99.86 1.9243e+01   1394.101      33459  1033.0738  1033.0720     4.6058     0.0703     0.1109    34.5846    34.5826    7.88493         24 0.0000e+00
