ocean_section_plots/required_files/ctd/dnbp2202_ctd110.cnv
* Sea-Bird SBE 9 Data File:
* FileName = D:\Data\raw\NBP2202_CTD110.hex
* Software Version Seasave V 7.26.7.121
* Temperature SN = 1649
* Conductivity SN = 2513
* Number of Bytes Per Scan = 40
* Number of Voltage Words = 5
* Number of Scans Averaged by the Deck Unit = 1
* NMEA Latitude = 74 10.52 S
* NMEA Longitude = 113 20.65 W
* NMEA UTC (Time) = Jan 27 2022  06:52:16
* NMEA baud rate = 9600
** Ship: RVIB N.B. Palmer
** Cruise: NBP2202 Thwaites
** Station: YoYo001
** Operator: B. Bjork
# nquan = 25
# nvalues = 608                         
# units = specified
# name 0 = prDM: Pressure, Digiquartz [db]
# name 1 = depSM: Depth [salt water, m]
# name 2 = t090C: Temperature [ITS-90, deg C]
# name 3 = c0mS/cm: Conductivity [mS/cm]
# name 4 = t190C: Temperature, 2 [ITS-90, deg C]
# name 5 = c1mS/cm: Conductivity, 2 [mS/cm]
# name 6 = sbeox0ML/L: Oxygen, SBE 43 [ml/l]
# name 7 = sbeox1ML/L: Oxygen, SBE 43, 2 [ml/l]
# name 8 = flECO-AFL: Fluorescence, WET Labs ECO-AFL/FL [mg/m^3]
# name 9 = CStarTr0: Beam Transmission, WET Labs C-Star [%]
# name 10 = par: PAR/Irradiance, Biospherical/Licor
# name 11 = latitude: Latitude [deg]
# name 12 = longitude: Longitude [deg]
# name 13 = timeJ: Julian Days
# name 14 = altM: Altimeter [m]
# name 15 = spar: SPAR, Biospherical/Licor
# name 16 = timeS: Time, Elapsed [seconds]
# name 17 = scan: Scan Count
# name 18 = density00: Density [density, kg/m^3]
# name 19 = density11: Density, 2 [density, kg/m^3]
# name 20 = sal00: Salinity, Practical [PSU]
# name 21 = sal11: Salinity, Practical, 2 [PSU]
# name 22 = oxsolML/L: Oxygen Saturation, Garcia & Gordon [ml/l]
# name 23 = nbin: number of scans per bin
# name 24 = flag: flag
# span 0 =     10.000,    617.000       
# span 1 =      9.893,    609.718       
# span 2 =    -1.4653,     0.1266       
# span 3 =  26.970393,  28.964873       
# span 4 =    -1.4639,     0.1288       
# span 5 =  26.970547,  28.964486       
# span 6 =     4.6778,     9.2236       
# span 7 =     4.7398,     9.0895       
# span 8 =    -0.0230,    27.3843       
# span 9 =    67.9215,    95.5999       
# span 10 = 1.0000e-12, 1.2192e+00      
# span 11 =  -74.17536,  -74.17534      
# span 12 = -113.34425, -113.34422      
# span 13 =  27.286676,  27.294189      
# span 14 =       7.72,     100.07      
# span 15 = 6.1694e+01, 6.8250e+01      
# span 16 =     32.836,    681.958      
# span 17 =        789,      16368      
# span 18 =  1027.2145,  1030.5290      
# span 19 =  1027.2131,  1030.5264      
# span 20 =    33.7901,    34.3920      
# span 21 =    33.7875,    34.3893      
# span 22 =    8.01782,    8.39653      
# span 23 =          5,         47      
# span 24 = 0.0000e+00, 0.0000e+00      
# interval = decibars: 1                
# start_time = Jan 27 2022 06:52:16 [NMEA time, header]
# bad_flag = -9.990e-29
*END*
[from data line 58]
     68.000     67.285    -1.3929  27.016589    -1.3929  27.015822     6.7435     6.8537     8.1838    82.8449 1.0000e-12  -74.17536 -113.34424  27.287412      99.44 6.6778e+01     96.376       2314  1027.5304  1027.5294    33.8101    33.8090    8.38082         25 0.0000e+00
     69.000     68.276    -1.3950  27.015614    -1.3956  27.014278     6.7424     6.8586     8.5542    83.9521 1.0000e-12  -74.17536 -113.34424  27.287424      99.45 6.6378e+01     97.442       2340  1027.5355  1027.5346    33.8105    33.8093    8.38128         26 0.0000e+00
     70.000     69.263    -1.3952  27.015900    -1.3934  27.016292     6.7507     6.8635     9.1639    84.6878 1.0000e-12  -74.17536 -113.34424  27.287436      99.48 6.6705e+01     98.494       2365  1027.5401  1027.5389    33.8104    33.8090    8.38131         25 0.0000e+00
     71.000     70.253    -1.3941  27.017282    -1.3931  27.017044     6.7700     6.8775     7.2277    84.2208 1.0000e-12  -74.17536 -113.34424  27.287448      99.55 6.6071e+01     99.545       2390  1027.5448  1027.5436    33.8105    33.8091    8.38106         25 0.0000e+00
     72.000     71.243    -1.3936  27.018259    -1.3915  27.018952     6.7929     6.8924     7.9359    83.9977 1.0000e-12  -74.17536 -113.34424  27.287461      99.59 6.6590e+01    100.620       2416  1027.5497  1027.5483    33.8107    33.8092    8.38095         26 0.0000e+00
     73.000     72.230    -1.3884  27.022889    -1.3874  27.022454     6.7926     6.8903     8.7869    83.5298 1.0000e-12  -74.17536 -113.34424  27.287473      99.40 6.6998e+01    101.689       2442  1027.5540  1027.5525    33.8105    33.8088    8.37978         25 0.0000e+00
     74.000     73.222    -1.3868  27.024724    -1.3853  27.024754     6.7505     6.8455     8.2098    84.4961 1.0000e-12  -74.17536 -113.34424  27.287485      99.53 6.6102e+01    102.737       2467  1027.5587  1027.5573    33.8106    33.8089    8.37942         26 0.0000e+00
     75.000     74.210    -1.3926  27.020543    -1.3918  27.020291     6.6507     6.7659     8.2334    84.1188 1.0000e-12  -74.17536 -113.34424  27.287498      90.31 6.6783e+01    103.807       2492  1027.5640  1027.5629    33.8108    33.8096    8.38072         26 0.0000e+00
     76.000     75.200    -1.4002  27.015405    -1.4007  27.014141     6.5045     6.6442     8.1928    85.1623 1.0000e-12  -74.17536 -113.34424  27.287510      97.76 6.6918e+01    104.866       2518  1027.5700  1027.5690    33.8117    33.8105    8.38237         25 0.0000e+00
     77.000     76.189    -1.4259  26.995975    -1.4185  27.000888     6.3826     6.5345     8.1965    84.3960 1.0000e-12  -74.17536 -113.34424  27.287522      99.52 6.6709e+01    105.908       2543  1027.5776  1027.5759    33.8135    33.8118    8.38806         25 0.0000e+00
     78.000     77.178    -1.4482  26.980466    -1.4481  26.979716     6.3234     6.4666     8.5056    84.3025 1.0000e-12  -74.17536 -113.34424  27.287534      99.54 6.6988e+01    106.974       2568  1027.5862  1027.5853    33.8167    33.8156    8.39288         26 0.0000e+00
     79.000     78.168    -1.4561  26.975272    -1.4547  26.975315     6.2627     6.4051     7.3236    84.5019 1.0000e-12  -74.17536 -113.34424  27.287547      99.56 6.6989e+01    108.049       2594  1027.5922  1027.5909    33.8178    33.8163    8.39459         25 0.0000e+00
     80.000     79.156    -1.4591  26.973345    -1.4578  26.973486     6.1723     6.3186     6.0703    84.8032 1.0000e-12  -74.17536 -113.34424  27.287559      99.59 6.6918e+01    109.098       2619  1027.5971  1027.5960    33.8180    33.8167    8.39527         25 0.0000e+00
     81.000     80.146    -1.4653  26.970393    -1.4639  26.970547     6.0970     6.2425     5.1676    85.5244 1.0000e-12  -74.17536 -113.34424  27.287571      99.63 6.7332e+01    110.156       2645  1027.6040  1027.6028    33.8203    33.8189    8.39653         26 0.0000e+00
     82.000     81.135    -1.4629  26.975378    -1.4617  26.975276     6.0509     6.1900     6.1812    85.9022 1.0000e-12  -74.17536 -113.34424  27.287584      99.65 6.6720e+01    111.225       2670  1027.6113  1027.6101    33.8238    33.8224    8.39578         26 0.0000e+00
     83.000     82.124    -1.4636  26.975929    -1.4618  26.976363     6.0004     6.1398     5.1134    86.9962 1.0000e-12  -74.17536 -113.34424  27.287596      99.72 6.6476e+01    112.268       2695  1027.6167  1027.6155    33.8247    33.8233    8.39587         24 0.0000e+00
     84.000     83.114    -1.4613  26.979552    -1.4601  26.979382     5.9446     6.0762     4.3851    87.5202 1.0000e-12  -74.17536 -113.34424  27.287608      99.71 6.7568e+01    113.306       2720  1027.6227  1027.6214    33.8265    33.8250    8.39525         25 0.0000e+00
     85.000     84.103    -1.4539  26.990114    -1.4524  26.990116     5.9039     6.0307     4.3180    88.6112 1.0000e-12  -74.17536 -113.34424  27.287620      99.73 6.6229e+01    114.366       2746  1027.6314  1027.6300    33.8321    33.8303    8.39325         26 0.0000e+00
     86.000     85.091    -1.4505  26.995174    -1.4497  26.994551     5.8721     5.9969     3.8851    88.0297 1.0000e-12  -74.17536 -113.34424  27.287632      99.65 6.6566e+01    115.416       2771  1027.6380  1027.6365    33.8345    33.8328    8.39233         25 0.0000e+00
     87.000     86.082    -1.4491  26.997967    -1.4478  26.997695     5.8300     5.9500     3.1969    88.0230 1.0000e-12  -74.17536 -113.34424  27.287644      99.64 6.7903e+01    116.456       2796  1027.6440  1027.6424    33.8362    33.8343    8.39192         25 0.0000e+00
     88.000     87.071    -1.4473  27.001393    -1.4458  27.001511     5.7401     5.8645     2.8491    89.0058 1.0000e-12  -74.17536 -113.34424  27.287657      95.46 6.6171e+01    117.523       2822  1027.6503  1027.6490    33.8382    33.8367    8.39139         26 0.0000e+00
     89.000     88.060    -1.4429  27.007588    -1.4417  27.007264     5.6265     5.7608     2.7499    89.8688 1.0000e-12  -74.17536 -113.34424  27.287669      99.73 6.6979e+01    118.570       2847  1027.6573  1027.6558    33.8412    33.8394    8.39023         25 0.0000e+00
     90.000     89.050    -1.4352  27.019482    -1.4341  27.018545     5.5378     5.6748     2.4559    90.2008 1.0000e-12  -74.17536 -113.34424  27.287681      99.76 6.7751e+01    119.607       2872  1027.6673  1027.6652    33.8482    33.8457    8.38807         25 0.0000e+00
     91.000     90.037    -1.4349  27.021542    -1.4337  27.021361     5.4866     5.6127     2.1708    91.2991 1.0000e-12  -74.17536 -113.34424  27.287693      99.77 6.6424e+01    120.667       2897  1027.6737  1027.6723    33.8501    33.8485    8.38789         25 0.0000e+00
     92.000     91.028    -1.4309  27.027538    -1.4290  27.027726     5.4592     5.5837     2.0251    90.9948 1.0000e-12  -74.17536 -113.34424  27.287705      99.83 6.7408e+01    121.704       2922  1027.6807  1027.6791    33.8532    33.8513    8.38681         25 0.0000e+00
     93.000     92.016    -1.4223  27.036627    -1.4209  27.036437     5.4523     5.5640     1.6951    91.4507 1.0000e-12  -74.17536 -113.34424  27.287717      99.82 6.7412e+01    122.734       2947  1027.6868  1027.6853    33.8553    33.8535    8.38474         25 0.0000e+00
     94.000     93.006    -1.4201  27.039249    -1.4188  27.039109     5.4561     5.5542     1.2561    91.9669 1.0000e-12  -74.17536 -113.34424  27.287729      99.83 6.6644e+01    123.781       2972  1027.6920  1027.6905    33.8559    33.8541    8.38422         25 0.0000e+00
     95.000     93.996    -1.4153  27.044590    -1.4141  27.044142     5.4575     5.5486     1.1256    92.2518 1.0000e-12  -74.17536 -113.34424  27.287741      99.82 6.7440e+01    124.826       2997  1027.6976  1027.6960    33.8572    33.8552    8.38306         24 0.0000e+00
     96.000     94.984    -1.4106  27.049616    -1.4087  27.050068     5.4534     5.5355     1.2365    93.5378 1.0000e-12  -74.17536 -113.34424  27.287753      99.85 6.7484e+01    125.853       3021  1027.7030  1027.7017    33.8582    33.8566    8.38195         25 0.0000e+00
     97.000     95.975    -1.4081  27.052650    -1.4066  27.052699     5.4477     5.5296     0.7502    93.2954 1.0000e-12  -74.17536 -113.34424  27.287765      99.84 6.6984e+01    126.907       3047  1027.7083  1027.7069    33.8589    33.8572    8.38134         26 0.0000e+00
     98.000     96.962    -1.4061  27.055840    -1.4048  27.055708     5.4445     5.5256     0.6710    93.6517 1.0000e-12  -74.17536 -113.34424  27.287777      99.86 6.7272e+01    127.961       3072  1027.7143  1027.7128    33.8603    33.8586    8.38080         25 0.0000e+00
     99.000     97.953    -1.4050  27.058329    -1.4034  27.058224     5.4291     5.5099     0.5830    93.9888 1.0000e-12  -74.17536 -113.34424  27.287789      98.77 6.7271e+01    128.991       3097  1027.7203  1027.7187    33.8619    33.8600    8.38046         25 0.0000e+00
    100.000     98.941    -1.3979  27.067432    -1.3962  27.067095     5.4014     5.4839     0.5122    94.1039 1.0000e-12  -74.17536 -113.34424  27.287801      91.46 6.7202e+01    130.031       3122  1027.7279  1027.7259    33.8658    33.8634    8.37863         25 0.0000e+00
    101.000     99.930    -1.3799  27.085425    -1.3788  27.084515     5.3959     5.4712     0.4091    94.0901 1.0000e-12  -74.17536 -113.34424  27.287813      99.95 6.6838e+01    131.074       3147  1027.7347  1027.7327    33.8695    33.8670    8.37436         24 0.0000e+00
    102.000    100.920    -1.3656  27.100756    -1.3642  27.100315     5.4000     5.4694     0.2061    94.5063 1.0000e-12  -74.17536 -113.34424  27.287825      99.86 6.7637e+01    132.100       3171  1027.7423  1027.7404    33.8738    33.8716    8.37090         25 0.0000e+00
    103.000    101.908    -1.3700  27.098559    -1.3696  27.097272     5.4050     5.4722     0.1056    94.6900 1.0000e-12  -74.17536 -113.34424  27.287837      99.86 6.7600e+01    133.145       3196  1027.7486  1027.7468    33.8751    33.8729    8.37181         26 0.0000e+00
    104.000    102.899    -1.3706  27.100200    -1.3709  27.099019     5.4110     5.4785     0.0505    94.8039 1.0000e-12  -74.17536 -113.34424  27.287849      99.86 6.6789e+01    134.194       3222  1027.7555  1027.7544    33.8774    33.8761    8.37180         25 0.0000e+00
    105.000    103.886    -1.3665  27.107521    -1.3653  27.107131     5.4120     5.4793     0.1174    94.8614 1.0000e-12  -74.17536 -113.34424  27.287861      99.86 6.7719e+01    135.224       3246  1027.7639  1027.7624    33.8822    33.8803    8.37059         24 0.0000e+00
    106.000    104.877    -1.3663  27.108251    -1.3649  27.108040     5.4068     5.4801     0.5422    95.0418 1.0000e-12  -74.17536 -113.34424  27.287873      99.86 6.8046e+01    136.247       3271  1027.7690  1027.7675    33.8823    33.8805    8.37054         25 0.0000e+00
    107.000    105.865    -1.3666  27.108480    -1.3651  27.108457     5.4017     5.4760     0.2764    95.1866 1.0000e-12  -74.17536 -113.34424  27.287885      99.86 6.6392e+01    137.277       3296  1027.7739  1027.7725    33.8824    33.8806    8.37060         24 0.0000e+00
    108.000    106.854    -1.3663  27.109175    -1.3651  27.108833     5.4052     5.4785     0.0597    95.2378 1.0000e-12  -74.17536 -113.34424  27.287897      99.86 6.6327e+01    138.282       3320  1027.7788  1027.7773    33.8824    33.8806    8.37054         24 0.0000e+00
    109.000    107.844    -1.3663  27.109834    -1.3653  27.109041     5.4055     5.4714     0.0658    95.2680 1.0000e-12  -74.17536 -113.34424  27.287909      99.86 6.7556e+01    139.294       3344  1027.7839  1027.7821    33.8826    33.8805    8.37052         25 0.0000e+00
    110.000    108.832    -1.3633  27.113888    -1.3617  27.113639     5.3984     5.4687     0.0300    95.3558 1.0000e-12  -74.17536 -113.34424  27.287921      99.87 6.5854e+01    140.338       3369  1027.7899  1027.7881    33.8842    33.8821    8.36976         25 0.0000e+00
    111.000    109.822    -1.3638  27.113398    -1.3625  27.113140     5.3926     5.4734     0.0252    95.2820 1.0000e-12  -74.17536 -113.34424  27.287932      99.86 6.6979e+01    141.365       3394  1027.7942  1027.7926    33.8835    33.8817    8.36992         25 0.0000e+00
    112.000    110.811    -1.3575  27.121185    -1.3569  27.120112     5.3850     5.4695     0.1000    95.2907 1.0000e-12  -74.17536 -113.34424  27.287944      99.87 6.8072e+01    142.378       3418  1027.8010  1027.7993    33.8865    33.8843    8.36833         24 0.0000e+00
    113.000    111.801    -1.3553  27.124328    -1.3546  27.123324     5.3593     5.4399     0.2488    95.3692 1.0000e-12  -74.17536 -113.34424  27.287956      89.55 6.5952e+01    143.407       3443  1027.8067  1027.8049    33.8876    33.8854    8.36776         25 0.0000e+00
    114.000    112.788    -1.3429  27.138315    -1.3382  27.140259     5.3308     5.4084     0.2918    95.3544 1.0000e-12  -74.17536 -113.34424  27.287968      99.73 6.6759e+01    144.425       3467  1027.8145  1027.8121    33.8921    33.8896    8.36470         24 0.0000e+00
    115.000    113.779    -1.3029  27.177488    -1.3017  27.176599     5.3050     5.3912     0.0518    95.4395 1.0000e-12  -74.17536 -113.34424  27.287980      99.86 6.7572e+01    145.431       3491  1027.8233  1027.8212    33.9001    33.8975    8.35528         24 0.0000e+00
    116.000    114.767    -1.2924  27.186986    -1.2893  27.188011     5.2957     5.3803     0.0651    95.3312 1.0000e-12  -74.17536 -113.34424  27.287991      99.86 6.6009e+01    146.454       3516  1027.8281  1027.8263    33.9006    33.8985    8.35290         25 0.0000e+00
    117.000    115.755    -1.2840  27.194769    -1.2827  27.194202     5.2999     5.3743    -0.0139    95.3284 1.0000e-12  -74.17536 -113.34424  27.288003      99.87 6.6548e+01    147.477       3540  1027.8331  1027.8312    33.9012    33.8989    8.35099         24 0.0000e+00
    118.000    116.746    -1.2796  27.199270    -1.2787  27.198444     5.2892     5.3665    -0.0016    95.4350 1.0000e-12  -74.17536 -113.34424  27.288015      99.86 6.7653e+01    148.482       3565  1027.8382  1027.8365    33.9017    33.8995    8.34996         24 0.0000e+00
    119.000    117.735    -1.2783  27.201094    -1.2767  27.200872     5.2839     5.3589    -0.0060    95.4782 1.0000e-12  -74.17536 -113.34424  27.288027      99.86 6.6845e+01    149.504       3589  1027.8436  1027.8418    33.9021    33.9000    8.34965         25 0.0000e+00
    120.000    118.723    -1.2710  27.208926    -1.2690  27.209002     5.2845     5.3552    -0.0071    95.4548 1.0000e-12  -74.17536 -113.34424  27.288039      99.86 6.6396e+01    150.533       3614  1027.8496  1027.8477    33.9040    33.9018    8.34792         24 0.0000e+00
    121.000    119.714    -1.2623  27.217677    -1.2614  27.217035     5.2880     5.3581    -0.0065    95.4904 1.0000e-12  -74.17536 -113.34424  27.288050      99.87 6.7271e+01    151.541       3638  1027.8553  1027.8537    33.9055    33.9036    8.34588         25 0.0000e+00
    122.000    120.700    -1.2621  27.219816    -1.2607  27.219269     5.2897     5.3594    -0.0162    95.4990 1.0000e-12  -74.17536 -113.34424  27.288062      99.86 6.6918e+01    152.558       3662  1027.8620  1027.8600    33.9076    33.9053    8.34572         24 0.0000e+00
    123.000    121.691    -1.2601  27.223890    -1.2588  27.223324     5.2939     5.3652    -0.0191    95.5154 1.0000e-12  -74.17536 -113.34424  27.288074      99.86 6.5499e+01    153.578       3687  1027.8690  1027.8671    33.9103    33.9080    8.34511         24 0.0000e+00
    124.000    122.681    -1.2572  27.228527    -1.2565  27.227202     5.2855     5.3597    -0.0149    95.5173 1.0000e-12  -74.17536 -113.34424  27.288085      99.87 6.6861e+01    154.577       3711  1027.8758  1027.8737    33.9127    33.9102    8.34431         24 0.0000e+00
