ocean_section_plots/required_files/ctd/dnbp2202_ctd092.cnv
* Sea-Bird SBE 9 Data File:
* FileName = D:\Data\raw\NBP2202_CTD092.hex
* Software Version Seasave V 7.26.7.121
* Temperature SN = 1649
* Conductivity SN = 2513
* Number of Bytes Per Scan = 40
* Number of Voltage Words = 5
* Number of Scans Averaged by the Deck Unit = 1
* NMEA Latitude = 74 10.51 S
* NMEA Longitude = 113 20.67 W
* NMEA UTC (Time) = Jan 26 2022  22:37:36
* NMEA baud rate = 9600
** Ship: RVIB N.B. Palmer
** Cruise: NBP2202 Thwaites
** Station: YoYo001
** Operator: A. Robinson
# nquan = 25
# nvalues = 607                         
# units = specified
# name 0 = prDM: Pressure, Digiquartz [db]
# name 1 = depSM: Depth [salt water, m]
# name 2 = t090C: Temperature [ITS-90, deg C]
# name 3 = c0mS/cm: Conductivity [mS/cm]
# name 4 = t190C: Temperature, 2 [ITS-90, deg C]
# name 5 = c1mS/cm: Conductivity, 2 [mS/cm]
# name 6 = sbeox0ML/L: Oxygen, SBE 43 [ml/l]
# name 7 = sbeox1ML/L: Oxygen, SBE 43, 2 [ml/l]
# name 8 = flECO-AFL: Fluorescence, WET Labs ECO-AFL/FL [mg/m^3]
# name 9 = CStarTr0: Beam Transmission, WET Labs C-Star [%]
# name 10 = par: PAR/Irradiance, Biospherical/Licor
# name 11 = latitude: Latitude [deg]
# name 12 = longitude: Longitude [deg]
# name 13 = timeJ: Julian Days
# name 14 = altM: Altimeter [m]
# name 15 = spar: SPAR, Biospherical/Licor
# name 16 = timeS: Time, Elapsed [seconds]
# name 17 = scan: Scan Count
# name 18 = density00: Density [density, kg/m^3]
# name 19 = density11: Density, 2 [density, kg/m^3]
# name 20 = sal00: Salinity, Practical [PSU]
# name 21 = sal11: Salinity, Practical, 2 [PSU]
# name 22 = oxsolML/L: Oxygen Saturation, Garcia & Gordon [ml/l]
# name 23 = nbin: number of scans per bin
# name 24 = flag: flag
# span 0 =     10.000,    616.000       
# span 1 =      9.897,    608.724       
# span 2 =    -1.5399,     0.1090       
# span 3 =  26.894083,  28.945128       
# span 4 =    -1.5387,     0.1109       
# span 5 =  26.894348,  28.944720       
# span 6 =     4.6778,     8.2117       
# span 7 =     4.7487,     8.1278       
# span 8 =    -0.0216,    20.6090       
# span 9 =    69.1117,    95.5084       
# span 10 = 1.0000e-12, 6.7985e+01      
# span 11 =  -74.17530,  -74.17528      
# span 12 = -113.34460, -113.34456      
# span 13 =  26.943284,  26.952118      
# span 14 =       4.74,     100.46      
# span 15 = 1.8493e+03, 1.8615e+03      
# span 16 =     43.746,    806.961      
# span 17 =       1051,      19368      
# span 18 =  1027.2375,  1030.5208      
# span 19 =  1027.2339,  1030.5185      
# span 20 =    33.8031,    34.3860      
# span 21 =    33.8005,    34.3833      
# span 22 =    8.02184,    8.41340      
# span 23 =         18,         46      
# span 24 = 0.0000e+00, 0.0000e+00      
# interval = decibars: 1                
# start_time = Jan 26 2022 22:37:36 [NMEA time, header]
# bad_flag = -9.990e-29
*END*
[from data line 522]
    532.000    525.818    -0.0034  28.787608    -0.0015  28.787271     4.7253     4.7940    -0.0165    94.9444 1.0000e-12  -74.17530 -113.34458  26.950556      89.47 1.8510e+03    672.056      16130  1030.1065  1030.1043    34.3530    34.3504    8.04725         30 0.0000e+00
    533.000    526.805    -0.0036  28.788138    -0.0014  28.787905     4.7220     4.7929    -0.0166    94.9477 1.0000e-12  -74.17530 -113.34458  26.950570      88.56 1.8510e+03    673.279      16160  1030.1115  1030.1091    34.3533    34.3506    8.04727         28 0.0000e+00
    534.000    527.793    -0.0032  28.789407    -0.0009  28.789293     4.7229     4.7956    -0.0160    94.9423 1.0000e-12  -74.17530 -113.34458  26.950584      87.65 1.8510e+03    674.475      16188  1030.1166  1030.1144    34.3539    34.3513    8.04714         29 0.0000e+00
    535.000    528.781    -0.0020  28.790906    -0.0000  28.790648     4.7236     4.7950    -0.0071    94.9523 1.0000e-12  -74.17530 -113.34458  26.950598      86.31 1.8514e+03    675.650      16217  1030.1214  1030.1192    34.3540    34.3515    8.04689         28 0.0000e+00
    536.000    529.767    -0.0015  28.792196     0.0011  28.792428     4.7238     4.7960    -0.0059    94.9548 1.0000e-12  -74.17530 -113.34458  26.950611      85.56 1.8514e+03    676.834      16245  1030.1265  1030.1242    34.3546    34.3520    8.04676         29 0.0000e+00
    537.000    530.754     0.0036  28.798513     0.0059  28.798301     4.7223     4.7901    -0.0095    94.9680 1.0000e-12  -74.17530 -113.34458  26.950625      84.79 1.8527e+03    678.023      16274  1030.1323  1030.1300    34.3566    34.3538    8.04556         28 0.0000e+00
    538.000    531.740     0.0061  28.801508     0.0082  28.801171     4.7204     4.7900    -0.0094    94.9889 1.0000e-12  -74.17530 -113.34458  26.950639      84.53 1.8528e+03    679.224      16302  1030.1374  1030.1350    34.3572    34.3544    8.04501         30 0.0000e+00
    539.000    532.728     0.0084  28.804197     0.0107  28.804032     4.7166     4.7849    -0.0162    94.9746 1.0000e-12  -74.17530 -113.34458  26.950653      82.75 1.8519e+03    680.437      16331  1030.1422  1030.1399    34.3575    34.3548    8.04450         29 0.0000e+00
    540.000    533.715     0.0099  28.805985     0.0122  28.805936     4.7141     4.7878    -0.0014    94.9633 1.0000e-12  -74.17530 -113.34458  26.950667      82.12 1.8514e+03    681.647      16361  1030.1469  1030.1447    34.3577    34.3551    8.04419         28 0.0000e+00
    541.000    534.702     0.0152  28.811693     0.0164  28.810466     4.7091     4.7855    -0.0082    94.9797 1.0000e-12  -74.17530 -113.34458  26.950681      80.71 1.8510e+03    682.833      16389  1030.1520  1030.1496    34.3587    34.3557    8.04301         29 0.0000e+00
    542.000    535.690     0.0138  28.810803     0.0148  28.809419     4.7063     4.7816    -0.0113    94.9835 1.0000e-12  -74.17530 -113.34458  26.950695      80.22 1.8510e+03    684.011      16417  1030.1567  1030.1544    34.3585    34.3556    8.04331         28 0.0000e+00
    543.000    536.676     0.0150  28.812514     0.0165  28.811581     4.7132     4.7839    -0.0170    94.9631 1.0000e-12  -74.17530 -113.34458  26.950708      78.58 1.8510e+03    685.192      16446  1030.1617  1030.1593    34.3589    34.3560    8.04305         29 0.0000e+00
    544.000    537.664     0.0195  28.817287     0.0220  28.817430     4.7109     4.7842    -0.0099    94.9743 1.0000e-12  -74.17530 -113.34458  26.950722      77.44 1.8510e+03    686.383      16474  1030.1665  1030.1642    34.3595    34.3569    8.04206         28 0.0000e+00
    545.000    538.650     0.0218  28.820478     0.0243  28.820384     4.7070     4.7825    -0.0082    94.9564 1.0000e-12  -74.17530 -113.34458  26.950736      76.67 1.8510e+03    687.601      16503  1030.1719  1030.1695    34.3606    34.3577    8.04152         30 0.0000e+00
    546.000    539.638     0.0217  28.821181     0.0234  28.820717     4.7108     4.7818    -0.0164    94.9592 1.0000e-12  -74.17530 -113.34458  26.950750      75.75 1.8510e+03    688.820      16533  1030.1771  1030.1750    34.3610    34.3585    8.04151         29 0.0000e+00
    547.000    540.625     0.0203  28.820527     0.0220  28.820008     4.7153     4.7835    -0.0116    94.9597 1.0000e-12  -74.17530 -113.34458  26.950764      74.76 1.8510e+03    690.029      16562  1030.1821  1030.1799    34.3612    34.3586    8.04181         28 0.0000e+00
    548.000    541.612     0.0191  28.820105     0.0211  28.819975     4.7139     4.7867    -0.0084    94.9665 1.0000e-12  -74.17530 -113.34458  26.950778      73.62 1.8510e+03    691.222      16590  1030.1871  1030.1850    34.3614    34.3589    8.04205         29 0.0000e+00
    549.000    542.598     0.0193  28.820891     0.0215  28.820772     4.7133     4.7840    -0.0080    94.9615 1.0000e-12  -74.17530 -113.34458  26.950792      72.64 1.8510e+03    692.396      16619  1030.1920  1030.1897    34.3616    34.3590    8.04200         28 0.0000e+00
    550.000    543.585     0.0250  28.827511     0.0260  28.825885     4.7096     4.7765    -0.0163    94.9734 1.0000e-12  -74.17530 -113.34457  26.950805      71.73 1.8510e+03    693.560      16646  1030.1976  1030.1950    34.3634    34.3601    8.04070         28 0.0000e+00
    551.000    544.573     0.0296  28.832440     0.0319  28.832276     4.7069     4.7802    -0.0160    94.9655 1.0000e-12  -74.17530 -113.34456  26.950819      70.58 1.8510e+03    694.755      16675  1030.2025  1030.2001    34.3641    34.3613    8.03969         29 0.0000e+00
    552.000    545.560     0.0345  28.837722     0.0368  28.837532     4.7054     4.7746    -0.0109    94.9487 1.0000e-12  -74.17530 -113.34456  26.950833      69.74 1.8510e+03    695.974      16704  1030.2075  1030.2052    34.3650    34.3622    8.03860         30 0.0000e+00
    553.000    546.547     0.0351  28.838970     0.0374  28.838852     4.7058     4.7692    -0.0165    94.9486 1.0000e-12  -74.17530 -113.34456  26.950847      68.52 1.8510e+03    697.202      16734  1030.2126  1030.2103    34.3654    34.3627    8.03846         29 0.0000e+00
    554.000    547.533     0.0384  28.843056     0.0406  28.842919     4.7069     4.7741    -0.0150    94.9653 1.0000e-12  -74.17530 -113.34456  26.950861      67.77 1.8510e+03    698.402      16763  1030.2179  1030.2157    34.3665    34.3639    8.03770         28 0.0000e+00
    555.000    548.522     0.0394  28.845445     0.0415  28.845153     4.6998     4.7714    -0.0060    94.9670 1.0000e-12  -74.17530 -113.34456  26.950875      66.76 1.8511e+03    699.581      16791  1030.2238  1030.2214    34.3679    34.3652    8.03741         28 0.0000e+00
    556.000    549.506     0.0396  28.846453     0.0416  28.846213     4.7052     4.7743    -0.0011    94.9586 1.0000e-12  -74.17530 -113.34456  26.950888      65.71 1.8511e+03    700.746      16819  1030.2289  1030.2268    34.3685    34.3659    8.03734         28 0.0000e+00
    557.000    550.496     0.0395  28.846988     0.0417  28.846753     4.7009     4.7720    -0.0052    94.9521 1.0000e-12  -74.17530 -113.34456  26.950902      64.34 1.8518e+03    701.931      16847  1030.2339  1030.2315    34.3687    34.3660    8.03735         29 0.0000e+00
    558.000    551.481     0.0398  28.847808     0.0420  28.847544     4.7105     4.7735    -0.0082    94.9326 1.0000e-12  -74.17530 -113.34456  26.950916      63.84 1.8521e+03    703.127      16876  1030.2388  1030.2364    34.3689    34.3661    8.03729         29 0.0000e+00
    559.000    552.469     0.0430  28.851811     0.0453  28.851520     4.7088     4.7741    -0.0089    94.9388 1.0000e-12  -74.17530 -113.34456  26.950930      63.40 1.8511e+03    704.325      16905  1030.2441  1030.2416    34.3701    34.3671    8.03655         29 0.0000e+00
    560.000    553.455     0.0458  28.855370     0.0480  28.855167     4.7090     4.7799    -0.0077    94.9247 1.0000e-12  -74.17530 -113.34456  26.950944      61.46 1.8510e+03    705.525      16934  1030.2494  1030.2471    34.3710    34.3683    8.03590         28 0.0000e+00
    561.000    554.443     0.0455  28.855464     0.0472  28.854774     4.7064     4.7759    -0.0077    94.9160 1.0000e-12  -74.17530 -113.34456  26.950958      60.84 1.8510e+03    706.727      16962  1030.2541  1030.2517    34.3709    34.3681    8.03597         30 0.0000e+00
    562.000    555.430     0.0445  28.854770     0.0460  28.853893     4.7040     4.7788    -0.0080    94.9274 1.0000e-12  -74.17530 -113.34456  26.950971      59.24 1.8510e+03    707.925      16991  1030.2586  1030.2562    34.3705    34.3676    8.03621         28 0.0000e+00
    563.000    556.417     0.0443  28.854999     0.0465  28.854858     4.7022     4.7757    -0.0074    94.9335 1.0000e-12  -74.17530 -113.34456  26.950985      58.32 1.8510e+03    709.125      17020  1030.2633  1030.2610    34.3704    34.3678    8.03625         29 0.0000e+00
    564.000    557.403     0.0450  28.856552     0.0474  28.856546     4.7047     4.7782    -0.0030    94.9379 1.0000e-12  -74.17530 -113.34456  26.950999      58.21 1.8510e+03    710.320      17049  1030.2685  1030.2662    34.3710    34.3684    8.03606         29 0.0000e+00
    565.000    558.391     0.0456  28.857631     0.0480  28.857637     4.7072     4.7788    -0.0115    94.9731 1.0000e-12  -74.17529 -113.34456  26.951013      56.88 1.8510e+03    711.510      17077  1030.2733  1030.2710    34.3712    34.3685    8.03592         28 0.0000e+00
    566.000    559.378     0.0462  28.858576     0.0485  28.858604     4.7053     4.7799    -0.0105    94.9637 1.0000e-12  -74.17528 -113.34456  26.951027      56.04 1.8510e+03    712.710      17106  1030.2780  1030.2758    34.3713    34.3687    8.03581         29 0.0000e+00
    567.000    560.364     0.0460  28.858855     0.0482  28.858639     4.7036     4.7788    -0.0090    94.9753 1.0000e-12  -74.17528 -113.34456  26.951041      54.86 1.8510e+03    713.915      17135  1030.2827  1030.2804    34.3713    34.3685    8.03585         29 0.0000e+00
    568.000    561.352     0.0468  28.860059     0.0488  28.859663     4.7071     4.7767    -0.0075    94.9579 1.0000e-12  -74.17528 -113.34456  26.951054      53.87 1.8510e+03    715.099      17163  1030.2875  1030.2852    34.3714    34.3687    8.03568         28 0.0000e+00
    569.000    562.338     0.0469  28.860564     0.0489  28.860191     4.7075     4.7693    -0.0113    94.9679 1.0000e-12  -74.17528 -113.34456  26.951068      53.15 1.8510e+03    716.266      17191  1030.2922  1030.2899    34.3713    34.3686    8.03565         28 0.0000e+00
    570.000    563.325     0.0472  28.861366     0.0506  28.862347     4.7079     4.7705    -0.0110    94.9735 1.0000e-12  -74.17528 -113.34456  26.951082      51.46 1.8510e+03    717.452      17220  1030.2970  1030.2947    34.3714    34.3690    8.03558         29 0.0000e+00
    571.000    564.312     0.0478  28.862429     0.0500  28.862309     4.7090     4.7727    -0.0022    94.9682 1.0000e-12  -74.17528 -113.34456  26.951096      50.40 1.8510e+03    718.657      17249  1030.3017  1030.2995    34.3716    34.3690    8.03544         29 0.0000e+00
    572.000    565.299     0.0477  28.862748     0.0498  28.862564     4.7053     4.7725    -0.0157    94.9593 1.0000e-12  -74.17528 -113.34456  26.951110      49.59 1.8510e+03    719.871      17278  1030.3065  1030.3042    34.3716    34.3690    8.03548         29 0.0000e+00
    573.000    566.286     0.0479  28.863505     0.0498  28.863016     4.7108     4.7727    -0.0098    94.9434 1.0000e-12  -74.17528 -113.34456  26.951124      48.83 1.8510e+03    721.074      17307  1030.3113  1030.3090    34.3718    34.3690    8.03542         29 0.0000e+00
    574.000    567.273     0.0478  28.863795     0.0502  28.863863     4.7081     4.7766    -0.0100    94.9604 1.0000e-12  -74.17528 -113.34456  26.951137      47.92 1.8510e+03    722.260      17335  1030.3159  1030.3137    34.3716    34.3691    8.03545         28 0.0000e+00
    575.000    568.261     0.0477  28.864028     0.0498  28.863885     4.7011     4.7753    -0.0142    94.9496 1.0000e-12  -74.17528 -113.34456  26.951151      46.55 1.8510e+03    723.448      17364  1030.3206  1030.3184    34.3715    34.3690    8.03548         29 0.0000e+00
    576.000    569.247     0.0473  28.864184     0.0498  28.864222     4.7089     4.7711    -0.0114    94.9359 1.0000e-12  -74.17528 -113.34456  26.951165      45.70 1.8510e+03    724.675      17393  1030.3253  1030.3230    34.3715    34.3689    8.03555         30 0.0000e+00
    577.000    570.234     0.0479  28.865264     0.0499  28.864949     4.7074     4.7732    -0.0132    94.9575 1.0000e-12  -74.17528 -113.34456  26.951180      44.56 1.8510e+03    725.914      17423  1030.3302  1030.3278    34.3718    34.3690    8.03543         29 0.0000e+00
    578.000    571.221     0.0483  28.866223     0.0507  28.866222     4.7079     4.7754    -0.0092    94.9512 1.0000e-12  -74.17528 -113.34456  26.951194      43.62 1.8510e+03    727.136      17452  1030.3350  1030.3326    34.3719    34.3692    8.03532         29 0.0000e+00
    579.000    572.208     0.0487  28.867067     0.0510  28.866917     4.7086     4.7734    -0.0090    94.9638 1.0000e-12  -74.17528 -113.34456  26.951208      42.96 1.8510e+03    728.345      17481  1030.3398  1030.3374    34.3721    34.3693    8.03524         29 0.0000e+00
    580.000    573.194     0.0489  28.867480     0.0513  28.867719     4.7055     4.7750    -0.0092    94.9503 1.0000e-12  -74.17528 -113.34456  26.951222      41.79 1.8510e+03    729.554      17510  1030.3442  1030.3421    34.3718    34.3694    8.03521         29 0.0000e+00
    581.000    574.182     0.0495  28.868880     0.0519  28.868694     4.7075     4.7694    -0.0155    94.9572 1.0000e-12  -74.17528 -113.34456  26.951236      40.81 1.8510e+03    730.773      17540  1030.3493  1030.3469    34.3723    34.3695    8.03504         30 0.0000e+00
    582.000    575.168     0.0502  28.869840     0.0522  28.869453     4.7059     4.7631    -0.0084    94.9602 1.0000e-12  -74.17528 -113.34456  26.951250      39.55 1.8510e+03    732.004      17569  1030.3539  1030.3516    34.3723    34.3696    8.03491         29 0.0000e+00
    583.000    576.156     0.0498  28.869821     0.0517  28.869413     4.7028     4.7709    -0.0077    94.9520 1.0000e-12  -74.17528 -113.34456  26.951264      38.94 1.8510e+03    733.243      17599  1030.3585  1030.3563    34.3721    34.3695    8.03500         30 0.0000e+00
    584.000    577.142     0.0501  28.870569     0.0527  28.870790     4.6997     4.7751    -0.0011    94.9666 1.0000e-12  -74.17528 -113.34456  26.951279      37.91 1.8510e+03    734.472      17628  1030.3633  1030.3610    34.3722    34.3696    8.03494         29 0.0000e+00
    585.000    578.128     0.0521  28.873218     0.0550  28.873674     4.6949     4.7644    -0.0045    94.9772 1.0000e-12  -74.17528 -113.34456  26.951293      36.55 1.8510e+03    735.688      17658  1030.3683  1030.3660    34.3728    34.3702    8.03448         29 0.0000e+00
    586.000    579.116     0.0582  28.879676     0.0635  28.882185     4.6927     4.7656    -0.0047    94.9653 1.0000e-12  -74.17528 -113.34456  26.951307      35.39 1.8510e+03    736.893      17686  1030.3734  1030.3709    34.3739    34.3713    8.03314         29 0.0000e+00
    587.000    580.103     0.0713  28.892711     0.0729  28.891939     4.6916     4.7617    -0.0057    94.9566 1.0000e-12  -74.17528 -113.34456  26.951320      34.41 1.8510e+03    738.087      17715  1030.3785  1030.3762    34.3760    34.3732    8.03029         29 0.0000e+00
    588.000    581.089     0.0734  28.895261     0.0760  28.895379     4.6907     4.7542    -0.0092    94.9664 1.0000e-12  -74.17528 -113.34456  26.951334      33.45 1.8510e+03    739.287      17744  1030.3834  1030.3810    34.3764    34.3736    8.02983         29 0.0000e+00
