ocean_section_plots/required_files/ctd/dnbp2202_ctd193.cnv
* Sea-Bird SBE 9 Data File:
* FileName = D:\Data\raw\NBP2202_CTD193.hex
* Software Version Seasave V 7.26.7.121
* Temperature SN = 1649
* Conductivity SN = 2513
* Number of Bytes Per Scan = 40
* Number of Voltage Words = 5
* Number of Scans Averaged by the Deck Unit = 1
* NMEA Latitude = 74 10.76 S
* NMEA Longitude = 113 12.55 W
* NMEA UTC (Time) = Feb 07 2022  12:16:19
* NMEA baud rate = 9600
** Ship: RVIB N.B. Palmer
** Cruise: NBP2202 Thwaites
** Station: 114
** Operator: B Bjork
# nquan = 28
# nvalues = 940                         
# units = specified
# name 0 = prDM: Pressure, Digiquartz [db]
# name 1 = depSM: Depth [salt water, m]
# name 2 = t090C: Temperature [ITS-90, deg C]
# name 3 = c0mS/cm: Conductivity [mS/cm]
# name 4 = t190C: Temperature, 2 [ITS-90, deg C]
# name 5 = c1mS/cm: Conductivity, 2 [mS/cm]
# name 6 = sbeox0ML/L: Oxygen, SBE 43 [ml/l]
# name 7 = sbeox1ML/L: Oxygen, SBE 43, 2 [ml/l]
# name 8 = flECO-AFL: Fluorescence, WET Labs ECO-AFL/FL [mg/m^3]
# name 9 = CStarTr0: Beam Transmission, WET Labs C-Star [%]
# name 10 = par: PAR/Irradiance, Biospherical/Licor
# name 11 = latitude: Latitude [deg]
# name 12 = longitude: Longitude [deg]
# name 13 = timeJ: Julian Days
# name 14 = altM: Altimeter [m]
# name 15 = spar: SPAR, Biospherical/Licor
# name 16 = timeS: Time, Elapsed [seconds]
# name 17 = scan: Scan Count
# name 18 = density00: Density [density, kg/m^3]
# name 19 = density11: Density, 2 [density, kg/m^3]
# name 20 = v3: Voltage 3
# name 21 = v4: Voltage 4
# name 22 = v5: Voltage 5
# name 23 = sal00: Salinity, Practical [PSU]
# name 24 = sal11: Salinity, Practical, 2 [PSU]
# name 25 = oxsolML/L: Oxygen Saturation, Garcia & Gordon [ml/l]
# name 26 = nbin: number of scans per bin
# name 27 = flag: flag
# span 0 =      2.000,    941.000       
# span 1 =      1.978,    929.157       
# span 2 =    -1.5297,     0.3269       
# span 3 =  27.016233,  29.337770       
# span 4 =    -1.5293,     0.3291       
# span 5 =  27.016414,  29.337818       
# span 6 =     4.6253,     8.7104       
# span 7 =     4.7099,     8.9459       
# span 8 =    -0.0188,    23.5644       
# span 9 =    74.6499,    98.5103       
# span 10 = -4.195e-07, 3.1236e+01      
# span 11 =  -74.17940,  -74.17940      
# span 12 = -113.20936, -113.20932      
# span 13 =  38.513492,  38.525222      
# span 14 =       1.57,     100.02      
# span 15 = 7.2517e+01, 1.1283e+02      
# span 16 =    186.749,   1200.138      
# span 17 =       4483,      28804      
# span 18 =  1027.1718,  1032.0938      
# span 19 =  1027.1719,  1032.0916      
# span 20 =     3.5417,     4.6732      
# span 21 =     0.0636,     3.8401      
# span 22 =     0.1173,     0.2678      
# span 23 =    33.7770,    34.4712      
# span 24 =    33.7771,    34.4689      
# span 25 =    7.97178,    8.40548      
# span 26 =         21,         73      
# span 27 = 0.0000e+00, 0.0000e+00      
# interval = decibars: 1                
# start_time = Feb 07 2022 12:16:19 [NMEA time, header]
# bad_flag = -9.990e-29
*END*
[from data line 518]
    520.000    513.973     0.0517  28.845124     0.0538  28.844839     4.7436     4.8396    -0.0106    98.2424 1.0000e-12  -74.17940 -113.20934  38.520038      99.91 8.1093e+01    752.306      18056  1030.0631  1030.0608     4.6604     0.0713     0.1283    34.3744    34.3716    8.03448         24 0.0000e+00
    521.000    514.958     0.0544  28.848459     0.0564  28.848300     4.7414     4.8378    -0.0171    98.2551 1.0000e-12  -74.17940 -113.20934  38.520050      99.91 8.2177e+01    753.296      18080  1030.0682  1030.0661     4.6611     0.0711     0.1269    34.3751    34.3727    8.03387         24 0.0000e+00
    522.000    515.947     0.0556  28.850437     0.0577  28.850274     4.7451     4.8391    -0.0102    98.2782 1.0000e-12  -74.17940 -113.20934  38.520061      99.92 8.1090e+01    754.294      18104  1030.0734  1030.0712     4.6622     0.0699     0.1268    34.3758    34.3733    8.03358         23 0.0000e+00
    523.000    516.935     0.0584  28.854066     0.0605  28.853621     4.7407     4.8398    -0.0176    98.2737 1.0000e-12  -74.17940 -113.20934  38.520072      99.91 8.1093e+01    755.255      18127  1030.0787  1030.0763     4.6620     0.0687     0.1283    34.3768    34.3740    8.03293         23 0.0000e+00
    524.000    517.922     0.0602  28.856226     0.0623  28.855963     4.7370     4.8355    -0.0134    98.2804 1.0000e-12  -74.17940 -113.20934  38.520083      99.91 8.1093e+01    756.213      18150  1030.0836  1030.0813     4.6623     0.0688     0.1280    34.3771    34.3745    8.03254         23 0.0000e+00
    525.000    518.907     0.0626  28.859114     0.0650  28.859218     4.7372     4.8260    -0.0141    98.2886 1.0000e-12  -74.17940 -113.20934  38.520095      99.91 8.1093e+01    757.187      18173  1030.0886  1030.0863     4.6626     0.0685     0.1282    34.3777    34.3751    8.03201         24 0.0000e+00
    526.000    519.896     0.0666  28.863636     0.0688  28.863471     4.7346     4.8293    -0.0081    98.2849 1.0000e-12  -74.17940 -113.20934  38.520106      81.04 8.1093e+01    758.153      18197  1030.0937  1030.0914     4.6625     0.0675     0.1273    34.3785    34.3759    8.03112         23 0.0000e+00
    527.000    520.883     0.0690  28.866419     0.0711  28.866232     4.7320     4.8328     0.0012    98.3153 1.0000e-12  -74.17940 -113.20934  38.520117      79.31 8.1093e+01    759.131      18220  1030.0985  1030.0963     4.6639     0.0673     0.1268    34.3790    34.3764    8.03060         23 0.0000e+00
    528.000    521.868     0.0704  28.868526     0.0729  28.868543     4.7279     4.8276    -0.0122    98.3404 1.0000e-12  -74.17940 -113.20934  38.520129      91.27 8.1093e+01    760.108      18244  1030.1037  1030.1013     4.6651     0.0691     0.1271    34.3796    34.3768    8.03026         23 0.0000e+00
    529.000    522.858     0.0732  28.871536     0.0752  28.871322     4.7314     4.8218    -0.0112    98.3329 1.0000e-12  -74.17940 -113.20934  38.520139      98.85 8.1093e+01    761.052      18266  1030.1084  1030.1062     4.6647     0.0679     0.1296    34.3799    34.3773    8.02967         23 0.0000e+00
    530.000    523.843     0.0764  28.875261     0.0786  28.875197     4.7291     4.8236    -0.0086    98.3521 1.0000e-12  -74.17940 -113.20934  38.520150      99.92 8.1093e+01    762.002      18289  1030.1134  1030.1113     4.6656     0.0702     0.1284    34.3805    34.3781    8.02895         23 0.0000e+00
    531.000    524.832     0.0798  28.879403     0.0820  28.879214     4.7190     4.8204    -0.0031    98.3378 1.0000e-12  -74.17940 -113.20934  38.520162      99.92 8.1687e+01    762.991      18313  1030.1187  1030.1164     4.6649     0.0689     0.1313    34.3816    34.3789    8.02818         24 0.0000e+00
    532.000    525.818     0.0842  28.884509     0.0864  28.884301     4.7157     4.8130    -0.0077    98.3420 1.0000e-12  -74.17940 -113.20934  38.520173      99.91 8.1166e+01    763.965      18336  1030.1241  1030.1218     4.6651     0.0695     0.1305    34.3828    34.3801    8.02719         23 0.0000e+00
    533.000    526.805     0.0900  28.891426     0.0922  28.891206     4.7118     4.8163    -0.0147    98.3241 1.0000e-12  -74.17940 -113.20934  38.520184      99.91 8.1552e+01    764.916      18359  1030.1300  1030.1276     4.6643     0.0710     0.1319    34.3849    34.3822    8.02586         23 0.0000e+00
    534.000    527.793     0.0931  28.895224     0.0953  28.894920     4.7158     4.8132    -0.0134    98.2992 1.0000e-12  -74.17940 -113.20934  38.520195      99.91 8.1785e+01    765.885      18382  1030.1353  1030.1329     4.6631     0.0703     0.1314    34.3859    34.3831    8.02516         23 0.0000e+00
    535.000    528.780     0.0959  28.898525     0.0983  28.898509     4.7149     4.8080    -0.0108    98.3040 1.0000e-12  -74.17940 -113.20934  38.520207      99.91 8.1079e+01    766.853      18405  1030.1403  1030.1379     4.6634     0.0688     0.1294    34.3865    34.3838    8.02454         23 0.0000e+00
    536.000    529.767     0.1036  28.907086     0.1059  28.906886     4.7073     4.8101    -0.0117    98.3079 1.0000e-12  -74.17940 -113.20934  38.520218      99.91 8.1093e+01    767.814      18429  1030.1460  1030.1437     4.6636     0.0704     0.1309    34.3886    34.3858    8.02282         24 0.0000e+00
    537.000    530.754     0.1074  28.911484     0.1095  28.911257     4.7068     4.8043    -0.0166    98.3040 1.0000e-12  -74.17940 -113.20934  38.520229      99.91 8.1093e+01    768.783      18452  1030.1513  1030.1490     4.6634     0.0695     0.1315    34.3896    34.3869    8.02197         23 0.0000e+00
    538.000    531.739     0.1114  28.916058     0.1135  28.915873     4.7075     4.8055    -0.0084    98.2928 1.0000e-12  -74.17940 -113.20934  38.520240      99.91 8.1093e+01    769.743      18475  1030.1564  1030.1542     4.6628     0.0699     0.1322    34.3905    34.3879    8.02107         23 0.0000e+00
    539.000    532.729     0.1135  28.918625     0.1156  28.918405     4.7068     4.8029    -0.0090    98.2620 1.0000e-12  -74.17940 -113.20934  38.520251      99.91 8.1243e+01    770.689      18498  1030.1614  1030.1591     4.6614     0.0706     0.1315    34.3910    34.3883    8.02061         23 0.0000e+00
    540.000    533.715     0.1144  28.920024     0.1164  28.919736     4.7103     4.8028    -0.0026    98.2670 1.0000e-12  -74.17940 -113.20934  38.520262      85.51 8.1706e+01    771.667      18521  1030.1664  1030.1641     4.6616     0.0692     0.1326    34.3913    34.3886    8.02042         23 0.0000e+00
    541.000    534.701     0.1153  28.921567     0.1174  28.921406     4.7086     4.8066     0.0087    98.2817 1.0000e-12  -74.17940 -113.20934  38.520274      85.02 8.1009e+01    772.636      18544  1030.1714  1030.1692     4.6623     0.0666     0.1298    34.3917    34.3891    8.02020         23 0.0000e+00
    542.000    535.690     0.1162  28.923182     0.1184  28.923059     4.7095     4.8048     0.0066    98.2571 1.0000e-12  -74.17940 -113.20934  38.520284      94.99 8.1168e+01    773.576      18567  1030.1765  1030.1743     4.6612     0.0684     0.1308    34.3922    34.3896    8.01998         23 0.0000e+00
    543.000    536.675     0.1169  28.924584     0.1190  28.924279     4.7094     4.8071    -0.0034    98.2387 1.0000e-12  -74.17940 -113.20934  38.520295      99.92 8.2136e+01    774.523      18590  1030.1817  1030.1793     4.6603     0.0697     0.1302    34.3927    34.3900    8.01981         22 0.0000e+00
    544.000    537.664     0.1194  28.928331     0.1212  28.927614     4.7140     4.8011    -0.0104    98.2539 1.0000e-12  -74.17940 -113.20934  38.520307      99.91 8.1224e+01    775.482      18613  1030.1874  1030.1848     4.6610     0.0711     0.1304    34.3942    34.3912    8.01920         23 0.0000e+00
    545.000    538.649     0.1213  28.930916     0.1233  28.930523     4.7049     4.7972    -0.0109    98.2330 1.0000e-12  -74.17940 -113.20934  38.520318      99.91 8.1324e+01    776.437      18635  1030.1925  1030.1902     4.6600     0.0698     0.1313    34.3949    34.3922    8.01876         23 0.0000e+00
    546.000    539.640     0.1224  28.932544     0.1245  28.932458     4.7034     4.8003    -0.0092    98.2284 1.0000e-12  -74.17940 -113.20934  38.520329      99.91 8.2800e+01    777.408      18659  1030.1975  1030.1953     4.6598     0.0694     0.1326    34.3952    34.3927    8.01851         24 0.0000e+00
    547.000    540.623     0.1231  28.933740     0.1253  28.933628     4.7019     4.7992    -0.0096    98.2188 1.0000e-12  -74.17940 -113.20934  38.520340      99.90 8.1162e+01    778.380      18682  1030.2024  1030.2001     4.6593     0.0692     0.1324    34.3955    34.3929    8.01836         23 0.0000e+00
    548.000    541.612     0.1238  28.935023     0.1259  28.934913     4.7002     4.8005    -0.0099    98.2244 1.0000e-12  -74.17940 -113.20934  38.520351      99.92 8.1626e+01    779.327      18705  1030.2073  1030.2051     4.6596     0.0698     0.1331    34.3958    34.3932    8.01820         23 0.0000e+00
    549.000    542.599     0.1242  28.935892     0.1264  28.935723     4.6918     4.7957    -0.0099    98.2277 1.0000e-12  -74.17940 -113.20934  38.520362      99.92 8.2615e+01    780.282      18728  1030.2121  1030.2098     4.6597     0.0691     0.1306    34.3959    34.3933    8.01810         23 0.0000e+00
    550.000    543.586     0.1244  28.936524     0.1266  28.936476     4.6971     4.7982    -0.0106    98.2032 1.0000e-12  -74.17940 -113.20934  38.520373      99.91 8.1937e+01    781.248      18751  1030.2168  1030.2147     4.6585     0.0693     0.1341    34.3959    34.3934    8.01805         23 0.0000e+00
    551.000    544.572     0.1249  28.937674     0.1271  28.937547     4.7059     4.7994    -0.0060    98.2071 1.0000e-12  -74.17940 -113.20934  38.520384      99.91 8.2215e+01    782.190      18774  1030.2219  1030.2196     4.6588     0.0708     0.1330    34.3963    34.3937    8.01794         22 0.0000e+00
    552.000    545.559     0.1255  28.938935     0.1277  28.938638     4.7041     4.7983    -0.0038    98.2102 1.0000e-12  -74.17940 -113.20934  38.520395      99.91 8.1976e+01    783.139      18796  1030.2268  1030.2244     4.6589     0.0710     0.1328    34.3966    34.3938    8.01778         24 0.0000e+00
    553.000    546.547     0.1262  28.940061     0.1282  28.939652     4.7035     4.7976    -0.0108    98.1956 1.0000e-12  -74.17940 -113.20934  38.520406      99.91 8.1635e+01    784.109      18820  1030.2316  1030.2293     4.6582     0.0686     0.1350    34.3968    34.3941    8.01764         23 0.0000e+00
    554.000    547.535     0.1260  28.940332     0.1282  28.940282     4.7067     4.7901    -0.0096    98.1876 1.0000e-12  -74.17940 -113.20934  38.520417      93.80 8.1554e+01    785.068      18843  1030.2363  1030.2341     4.6579     0.0665     0.1318    34.3968    34.3942    8.01767         23 0.0000e+00
    555.000    548.519     0.1265  28.941451     0.1287  28.941326     4.7012     4.7914    -0.0105    98.1886 1.0000e-12  -74.17940 -113.20934  38.520429      90.46 8.2230e+01    786.025      18866  1030.2413  1030.2391     4.6579     0.0689     0.1302    34.3971    34.3945    8.01755         23 0.0000e+00
    556.000    549.509     0.1279  28.943400     0.1301  28.943250     4.7050     4.7921    -0.0167    98.2025 1.0000e-12  -74.17940 -113.20934  38.520440      97.41 8.1733e+01    786.980      18889  1030.2463  1030.2440     4.6586     0.0703     0.1318    34.3976    34.3949    8.01724         22 0.0000e+00
    557.000    550.494     0.1294  28.945372     0.1314  28.945066     4.7035     4.7957    -0.0080    98.2054 1.0000e-12  -74.17940 -113.20934  38.520450      99.93 8.1860e+01    787.925      18911  1030.2511  1030.2488     4.6587     0.0703     0.1345    34.3979    34.3952    8.01690         23 0.0000e+00
    558.000    551.482     0.1295  28.945918     0.1317  28.945856     4.6981     4.8005    -0.0064    98.1884 1.0000e-12  -74.17940 -113.20934  38.520462      99.91 8.2866e+01    788.885      18934  1030.2558  1030.2536     4.6579     0.0694     0.1318    34.3978    34.3953    8.01688         23 0.0000e+00
    559.000    552.470     0.1298  28.946600     0.1320  28.946500     4.6979     4.7959    -0.0086    98.2028 1.0000e-12  -74.17940 -113.20934  38.520473      99.91 8.2265e+01    789.858      18958  1030.2605  1030.2583     4.6585     0.0705     0.1302    34.3979    34.3953    8.01682         24 0.0000e+00
    560.000    553.455     0.1298  28.947142     0.1321  28.947141     4.7006     4.7924    -0.0093    98.1863 1.0000e-12  -74.17940 -113.20934  38.520484      99.92 8.1821e+01    790.798      18980  1030.2653  1030.2631     4.6578     0.0703     0.1332    34.3980    34.3954    8.01681         22 0.0000e+00
    561.000    554.443     0.1303  28.948111     0.1326  28.948078     4.7041     4.7914    -0.0090    98.1919 1.0000e-12  -74.17940 -113.20934  38.520494      99.91 8.3087e+01    791.723      19002  1030.2701  1030.2679     4.6580     0.0681     0.1332    34.3981    34.3955    8.01670         22 0.0000e+00
    562.000    555.430     0.1327  28.951436     0.1347  28.951044     4.7026     4.7945    -0.0099    98.1798 1.0000e-12  -74.17940 -113.20934  38.520505      99.91 8.2782e+01    792.657      19025  1030.2756  1030.2732     4.6575     0.0680     0.1328    34.3993    34.3965    8.01614         23 0.0000e+00
    563.000    556.416     0.1361  28.955650     0.1381  28.955406     4.7006     4.7934    -0.0090    98.1785 1.0000e-12  -74.17940 -113.20934  38.520516      99.91 8.2102e+01    793.606      19048  1030.2809  1030.2786     4.6574     0.0702     0.1309    34.4004    34.3978    8.01536         23 0.0000e+00
    564.000    557.404     0.1378  28.958433     0.1400  28.958305     4.7027     4.7946    -0.0034    98.1697 1.0000e-12  -74.17940 -113.20934  38.520527      99.91 8.2775e+01    794.563      19071  1030.2863  1030.2842     4.6570     0.0703     0.1332    34.4016    34.3990    8.01494         22 0.0000e+00
    565.000    558.390     0.1393  28.960663     0.1411  28.960152     4.7000     4.7955    -0.0052    98.1443 1.0000e-12  -74.17940 -113.20934  38.520538      99.91 8.2939e+01    795.523      19094  1030.2915  1030.2892     4.6558     0.0693     0.1342    34.4022    34.3995    8.01459         23 0.0000e+00
    566.000    559.378     0.1403  28.962230     0.1426  28.962316     4.6993     4.7951    -0.0088    98.1570 1.0000e-12  -74.17940 -113.20934  38.520549      99.91 8.2853e+01    796.458      19116  1030.2965  1030.2943     4.6564     0.0693     0.1342    34.4026    34.4002    8.01437         22 0.0000e+00
    567.000    560.363     0.1404  28.962897     0.1427  28.962897     4.7019     4.7954    -0.0090    98.1493 1.0000e-12  -74.17940 -113.20934  38.520560      98.96 8.2855e+01    797.392      19138  1030.3013  1030.2991     4.6560     0.0694     0.1345    34.4028    34.4003    8.01433         23 0.0000e+00
    568.000    561.352     0.1398  28.962808     0.1418  28.962698     4.7018     4.7983    -0.0093    98.1392 1.0000e-12  -74.17940 -113.20934  38.520571      74.91 8.2855e+01    798.347      19161  1030.3061  1030.3040     4.6556     0.0674     0.1347    34.4028    34.4004    8.01446         23 0.0000e+00
    569.000    562.338     0.1395  28.963159     0.1416  28.963111     4.7008     4.7966    -0.0089    98.1577 1.0000e-12  -74.17940 -113.20934  38.520582      87.45 8.2855e+01    799.313      19185  1030.3110  1030.3090     4.6565     0.0671     0.1312    34.4030    34.4006    8.01451         24 0.0000e+00
    570.000    563.325     0.1405  28.965331     0.1426  28.965096     4.6984     4.7937    -0.0183    98.1580 1.0000e-12  -74.17940 -113.20934  38.520593      99.83 8.2855e+01    800.264      19207  1030.3166  1030.3144     4.6565     0.0709     0.1333    34.4042    34.4015    8.01424         22 0.0000e+00
