ocean_section_plots/required_files/ctd/dnbp2202_ctd069.cnv
* Sea-Bird SBE 9 Data File:
* FileName = D:\Data\raw\NBP2202_CTD069.hex
* Software Version Seasave V 7.26.7.121
* Temperature SN = 1649
* Conductivity SN = 2513
* Number of Bytes Per Scan = 40
* Number of Voltage Words = 5
* Number of Scans Averaged by the Deck Unit = 1
* NMEA Latitude = 74 12.18 S
* NMEA Longitude = 112 12.79 W
* NMEA UTC (Time) = Jan 26 2022  01:37:02
* NMEA baud rate = 9600
** Ship: RVIB N.B. Palmer
** Cruise: NBP2202 Thwaites
** Station: 50
** Operator: A. Robinson
** N-S Transect Line
# nquan = 25
# nvalues = 996                         
# units = specified
# name 0 = prDM: Pressure, Digiquartz [db]
# name 1 = depSM: Depth [salt water, m]
# name 2 = t090C: Temperature [ITS-90, deg C]
# name 3 = c0mS/cm: Conductivity [mS/cm]
# name 4 = t190C: Temperature, 2 [ITS-90, deg C]
# name 5 = c1mS/cm: Conductivity, 2 [mS/cm]
# name 6 = sbeox0ML/L: Oxygen, SBE 43 [ml/l]
# name 7 = sbeox1ML/L: Oxygen, SBE 43, 2 [ml/l]
# name 8 = flECO-AFL: Fluorescence, WET Labs ECO-AFL/FL [mg/m^3]
# name 9 = CStarTr0: Beam Transmission, WET Labs C-Star [%]
# name 10 = par: PAR/Irradiance, Biospherical/Licor
# name 11 = latitude: Latitude [deg]
# name 12 = longitude: Longitude [deg]
# name 13 = timeJ: Julian Days
# name 14 = altM: Altimeter [m]
# name 15 = spar: SPAR, Biospherical/Licor
# name 16 = timeS: Time, Elapsed [seconds]
# name 17 = scan: Scan Count
# name 18 = density00: Density [density, kg/m^3]
# name 19 = density11: Density, 2 [density, kg/m^3]
# name 20 = sal00: Salinity, Practical [PSU]
# name 21 = sal11: Salinity, Practical, 2 [PSU]
# name 22 = oxsolML/L: Oxygen Saturation, Garcia & Gordon [ml/l]
# name 23 = nbin: number of scans per bin
# name 24 = flag: flag
# span 0 =      2.000,    997.000       
# span 1 =      1.982,    984.318       
# span 2 =    -1.4989,     0.5734       
# span 3 =  27.143968,  29.645496       
# span 4 =    -1.4984,     0.5753       
# span 5 =  27.143345,  29.645417       
# span 6 =     4.5497,     8.4124       
# span 7 =     4.6837,     8.7480       
# span 8 =    -0.0153,    27.2199       
# span 9 =    66.6345,    95.6767       
# span 10 = -4.300e-06, 2.8873e+02      
# span 11 =  -74.20302,  -74.20302      
# span 12 = -112.21342, -112.21328      
# span 13 =  26.069909,  26.084657      
# span 14 =       2.68,      99.99      
# span 15 = 4.8209e+02, 6.2416e+02      
# span 16 =    218.131,   1492.349      
# span 17 =       5236,      35817      
# span 18 =  1027.2049,  1032.4100      
# span 19 =  1027.2052,  1032.4079      
# span 20 =    33.8162,    34.5676      
# span 21 =    33.8161,    34.5652      
# span 22 =    7.91576,    8.39214      
# span 23 =         18,         49      
# span 24 = 0.0000e+00, 0.0000e+00      
# interval = decibars: 1                
# start_time = Jan 26 2022 01:37:02 [NMEA time, header]
# bad_flag = -9.990e-29
*END*
[from data line 116]
    118.000    116.745    -1.1779  27.249398    -1.1748  27.251525     7.2932     7.6324    16.3732    71.8769 1.0000e-12  -74.20302 -112.21332  26.072490      99.99 5.9944e+02    441.121      10588  1027.8007  1027.8000    33.8554    33.8547    8.33002         31 0.0000e+00
    119.000    117.734    -1.2011  27.234664    -1.2009  27.234166     7.2713     7.5889    14.7772    72.0781 1.0000e-12  -74.20302 -112.21332  26.072504      99.90 5.9853e+02    442.373      10618  1027.8110  1027.8103    33.8607    33.8598    8.33486         29 0.0000e+00
    120.000    118.724    -1.2059  27.232047    -1.2056  27.231743     7.2719     7.5781    12.7274    72.3951 1.0000e-12  -74.20302 -112.21332  26.072518      99.71 5.9794e+02    443.561      10646  1027.8168  1027.8161    33.8620    33.8612    8.33587         28 0.0000e+00
    121.000    119.712    -1.2072  27.232344    -1.2077  27.231258     7.2658     7.5552    11.3894    72.9935 1.0000e-12  -74.20302 -112.21332  26.072531      99.77 5.9795e+02    444.703      10674  1027.8223  1027.8216    33.8632    33.8623    8.33608         27 0.0000e+00
    122.000    120.702    -1.2123  27.229327    -1.2122  27.228923     7.2308     7.5195    11.2794    73.3869 1.0000e-12  -74.20302 -112.21332  26.072545      99.23 5.9810e+02    445.869      10702  1027.8280  1027.8274    33.8643    33.8635    8.33716         29 0.0000e+00
    123.000    121.690    -1.2197  27.226395    -1.2191  27.226312     7.1648     7.4694    11.2037    74.8285 1.0000e-12  -74.20302 -112.21332  26.072559      99.14 5.9730e+02    447.063      10731  1027.8360  1027.8353    33.8680    33.8672    8.33859         28 0.0000e+00
    124.000    122.680    -1.2285  27.221341    -1.2294  27.220390     7.1246     7.4158    10.5158    76.2826 1.0000e-12  -74.20302 -112.21332  26.072572      99.57 5.9640e+02    448.243      10759  1027.8431  1027.8429    33.8704    33.8701    8.34041         29 0.0000e+00
    125.000    123.669    -1.2409  27.213760    -1.2404  27.213629     7.0982     7.3918    10.7955    77.4345 1.0000e-12  -74.20302 -112.21332  26.072586      99.35 5.9673e+02    449.426      10787  1027.8508  1027.8502    33.8734    33.8726    8.34299         28 0.0000e+00
    126.000    124.658    -1.2459  27.212125    -1.2455  27.211850     7.0818     7.3720    10.3819    77.4221 1.0000e-12  -74.20302 -112.21332  26.072600      99.36 5.9658e+02    450.617      10816  1027.8580  1027.8573    33.8762    33.8754    8.34395         29 0.0000e+00
    127.000    125.646    -1.2534  27.209258    -1.2526  27.209210     7.0716     7.3585    10.8278    78.0027 1.0000e-12  -74.20302 -112.21332  26.072614      99.35 5.9610e+02    451.815      10845  1027.8662  1027.8654    33.8801    33.8792    8.34539         28 0.0000e+00
    128.000    126.636    -1.2573  27.207972    -1.2566  27.207838     7.0693     7.3451     9.5417    78.9373 1.0000e-12  -74.20302 -112.21332  26.072627      99.33 5.9565e+02    452.968      10872  1027.8726  1027.8718    33.8821    33.8812    8.34613         27 0.0000e+00
    129.000    127.624    -1.2631  27.205404    -1.2625  27.205252     7.0401     7.3097     9.3236    79.7582 1.0000e-12  -74.20302 -112.21332  26.072640      99.32 5.9482e+02    454.124      10900  1027.8796  1027.8788    33.8846    33.8837    8.34730         29 0.0000e+00
    130.000    128.615    -1.2679  27.203154    -1.2682  27.202613     6.9505     7.2336     9.1042    79.2417 1.0000e-12  -74.20302 -112.21332  26.072654      99.33 5.9402e+02    455.347      10929  1027.8859  1027.8856    33.8863    33.8859    8.34827         28 0.0000e+00
    131.000    129.603    -1.2806  27.197106    -1.2809  27.196518     6.8429     7.1262     8.2526    79.3690 1.0000e-12  -74.20302 -112.21332  26.072670      99.37 5.9486e+02    456.683      10961  1027.8956  1027.8953    33.8917    33.8913    8.35078         31 0.0000e+00
    132.000    130.592    -1.3046  27.183942    -1.3047  27.183556     6.7427     7.0255     8.4799    81.0905 1.0000e-12  -74.20302 -112.21332  26.072685      99.39 5.9288e+02    458.013      10993  1027.9086  1027.9083    33.9003    33.8999    8.35565         31 0.0000e+00
    133.000    131.581    -1.3171  27.176935    -1.3174  27.176420     6.6466     6.9403     7.9065    80.8737 1.0000e-12  -74.20302 -112.21332  26.072700      95.14 5.9150e+02    459.320      11025  1027.9170  1027.9168    33.9041    33.9038    8.35821         32 0.0000e+00
    134.000    132.570    -1.3296  27.169910    -1.3300  27.169267     6.6269     6.8999     6.9781    81.4785 1.0000e-12  -74.20302 -112.21332  26.072716      99.31 5.9251e+02    460.696      11058  1027.9255  1027.9252    33.9081    33.9077    8.36078         33 0.0000e+00
    135.000    133.559    -1.3323  27.168972    -1.3325  27.168263     6.6308     6.8944     5.9684    82.1638 1.0000e-12  -74.20302 -112.21332  26.072733      99.49 5.9103e+02    462.125      11092  1027.9310  1027.9304    33.9092    33.9085    8.36132         34 0.0000e+00
    136.000    134.548    -1.3323  27.169441    -1.3323  27.168859     6.6318     6.8875     5.4023    83.0469 1.0000e-12  -74.20302 -112.21331  26.072749      99.55 5.9057e+02    463.533      11126  1027.9355  1027.9350    33.9092    33.9085    8.36131         33 0.0000e+00
    137.000    135.537    -1.3333  27.169300    -1.3330  27.169039     6.5907     6.8547     5.8524    83.7268 1.0000e-12  -74.20302 -112.21331  26.072765      99.56 5.9057e+02    464.908      11159  1027.9405  1027.9399    33.9095    33.9089    8.36152         33 0.0000e+00
    138.000    136.526    -1.3385  27.166594    -1.3379  27.166492     6.4933     6.7609     5.6328    85.3464 1.0000e-12  -74.20302 -112.21332  26.072781      99.58 5.9023e+02    466.281      11192  1027.9467  1027.9460    33.9111    33.9103    8.36260         32 0.0000e+00
    139.000    137.515    -1.3496  27.160260    -1.3496  27.160000     6.3914     6.6650     5.4394    85.7799 1.0000e-12  -74.20302 -112.21332  26.072797      99.57 5.8880e+02    467.670      11225  1027.9546  1027.9544    33.9143    33.9140    8.36489         35 0.0000e+00
    140.000    138.505    -1.3658  27.151786    -1.3653  27.151617     6.3441     6.6086     4.6581    85.5446 1.0000e-12  -74.20302 -112.21332  26.072813      99.68 5.8880e+02    469.078      11259  1027.9652  1027.9645    33.9205    33.9197    8.36817         33 0.0000e+00
    141.000    139.492    -1.3693  27.150685    -1.3688  27.150540     6.3230     6.5783     3.2748    85.3717 1.0000e-12  -74.20302 -112.21332  26.072829      99.69 5.8880e+02    470.441      11292  1027.9715  1027.9708    33.9223    33.9215    8.36885         32 0.0000e+00
    142.000    140.482    -1.3719  27.150573    -1.3715  27.150246     6.3154     6.5596     2.4723    87.2969 1.0000e-12  -74.20302 -112.21332  26.072844      97.83 5.8820e+02    471.756      11323  1027.9780  1027.9772    33.9245    33.9236    8.36930         32 0.0000e+00
    143.000    141.472    -1.3745  27.150847    -1.3740  27.150584     6.3090     6.5472     2.2035    87.8906 1.0000e-12  -74.20302 -112.21332  26.072860      96.57 5.8735e+02    473.108      11356  1027.9849  1027.9842    33.9272    33.9263    8.36972         31 0.0000e+00
    144.000    142.460    -1.3758  27.151242    -1.3754  27.151011     6.3034     6.5412     2.1402    88.6836 1.0000e-12  -74.20302 -112.21332  26.072877      99.81 5.8759e+02    474.549      11390  1027.9908  1027.9901    33.9286    33.9278    8.36993         35 0.0000e+00
    145.000    143.447    -1.3790  27.151482    -1.3789  27.150989     6.3021     6.5343     1.9085    89.2981 1.0000e-12  -74.20302 -112.21332  26.072893      99.79 5.8672e+02    475.957      11424  1027.9983  1027.9977    33.9319    33.9311    8.37045         33 0.0000e+00
    146.000    144.440    -1.3833  27.149955    -1.3831  27.149678     6.3012     6.5282     1.6218    89.9307 1.0000e-12  -74.20302 -112.21330  26.072908      99.79 5.8528e+02    477.288      11456  1028.0050  1028.0046    33.9340    33.9335    8.37129         31 0.0000e+00
    147.000    145.426    -1.3833  27.150978    -1.3823  27.151246     6.2986     6.5249     1.4482    90.5853 1.0000e-12  -74.20302 -112.21330  26.072924      99.79 5.8511e+02    478.607      11488  1028.0103  1028.0097    33.9348    33.9341    8.37123         32 0.0000e+00
    148.000    146.415    -1.3818  27.153362    -1.3820  27.152268     6.2672     6.5099     1.3685    90.8096 1.0000e-12  -74.20302 -112.21330  26.072939      99.81 5.8457e+02    479.966      11520  1028.0157  1028.0146    33.9358    33.9345    8.37085         32 0.0000e+00
    149.000    147.405    -1.3814  27.154785    -1.3811  27.154248     6.2799     6.5034     1.4835    91.4791 1.0000e-12  -74.20302 -112.21330  26.072956      99.81 5.8357e+02    481.373      11554  1028.0211  1028.0202    33.9367    33.9356    8.37071         33 0.0000e+00
    150.000    148.392    -1.3809  27.157628    -1.3806  27.156956     6.2630     6.4945     1.3348    91.5368 1.0000e-12  -74.20302 -112.21330  26.072972      99.81 5.8421e+02    482.779      11588  1028.0280  1028.0270    33.9394    33.9381    8.37043         33 0.0000e+00
    151.000    149.383    -1.3815  27.158545    -1.3810  27.158209     6.2621     6.4881     1.1382    92.1891 1.0000e-12  -74.20302 -112.21330  26.072988      99.82 5.8350e+02    484.124      11620  1028.0339  1028.0330    33.9408    33.9397    8.37049         32 0.0000e+00
    152.000    150.371    -1.3822  27.159540    -1.3819  27.159259     6.2596     6.4876     1.0220    92.1676 1.0000e-12  -74.20302 -112.21330  26.073003      97.17 5.8351e+02    485.462      11652  1028.0400  1028.0393    33.9423    33.9415    8.37056         33 0.0000e+00
    153.000    151.360    -1.3830  27.160373    -1.3827  27.160010     6.2458     6.4805     0.8737    92.2037 1.0000e-12  -74.20302 -112.21330  26.073019      99.01 5.8351e+02    486.806      11684  1028.0459  1028.0451    33.9437    33.9428    8.37065         32 0.0000e+00
    154.000    152.350    -1.3831  27.162299    -1.3828  27.161918     6.2577     6.4765     1.0308    92.6300 1.0000e-12  -74.20302 -112.21330  26.073034      99.81 5.8181e+02    488.145      11716  1028.0524  1028.0517    33.9459    33.9450    8.37055         32 0.0000e+00
    155.000    153.338    -1.3830  27.163711    -1.3825  27.163397     6.2365     6.4756     1.0477    92.5587 1.0000e-12  -74.20302 -112.21330  26.073050      99.83 5.8122e+02    489.498      11749  1028.0581  1028.0572    33.9470    33.9460    8.37045         33 0.0000e+00
    156.000    154.328    -1.3831  27.164743    -1.3825  27.164505     6.2412     6.4666     0.9067    92.8104 1.0000e-12  -74.20302 -112.21330  26.073066      99.83 5.8147e+02    490.901      11783  1028.0636  1028.0628    33.9479    33.9470    8.37041         32 0.0000e+00
    157.000    155.316    -1.3830  27.166570    -1.3826  27.166402     6.2142     6.4558     0.9360    92.6675 1.0000e-12  -74.20302 -112.21330  26.073082      99.83 5.7997e+02    492.293      11816  1028.0699  1028.0692    33.9497    33.9490    8.37029         32 0.0000e+00
    158.000    156.304    -1.3830  27.168579    -1.3827  27.168233     6.2129     6.4485     0.8763    92.9463 1.0000e-12  -74.20302 -112.21330  26.073097      99.82 5.7999e+02    493.563      11847  1028.0764  1028.0757    33.9519    33.9510    8.37017         28 0.0000e+00
    159.000    157.294    -1.3848  27.170931    -1.3841  27.170381     6.2129     6.4435     0.9176    92.9126 1.0000e-12  -74.20302 -112.21330  26.073109      99.83 5.7999e+02    494.590      11871  1028.0850  1028.0838    33.9565    33.9550    8.37029         24 0.0000e+00
    160.000    158.283    -1.3854  27.171915    -1.3851  27.171707     6.2260     6.4350     1.1130    93.1176 1.0000e-12  -74.20302 -112.21330  26.073120      99.83 5.7972e+02    495.606      11896  1028.0910  1028.0905    33.9580    33.9573    8.37034         25 0.0000e+00
    161.000    159.271    -1.3865  27.172975    -1.3859  27.172662     6.2309     6.4292     0.8573    92.8992 1.0000e-12  -74.20302 -112.21331  26.073133      99.82 5.7858e+02    496.690      11922  1028.0975  1028.0967    33.9600    33.9589    8.37046         27 0.0000e+00
    162.000    160.262    -1.3864  27.173461    -1.3859  27.173178     6.2056     6.4289     0.8139    93.3259 1.0000e-12  -74.20302 -112.21331  26.073146      99.83 5.7914e+02    497.825      11949  1028.1023  1028.1015    33.9600    33.9590    8.37045         27 0.0000e+00
    163.000    161.248    -1.3865  27.174098    -1.3861  27.173813     6.1963     6.4263     0.7481    93.1790 1.0000e-12  -74.20302 -112.21331  26.073159      98.83 5.7947e+02    498.955      11976  1028.1074  1028.1066    33.9604    33.9594    8.37045         27 0.0000e+00
    164.000    162.238    -1.3871  27.174908    -1.3867  27.174632     6.1997     6.4194     0.8591    93.0147 1.0000e-12  -74.20302 -112.21330  26.073172      98.86 5.7767e+02    500.039      12002  1028.1131  1028.1124    33.9615    33.9606    8.37051         25 0.0000e+00
    165.000    163.226    -1.3873  27.177132    -1.3866  27.177211     6.1923     6.4128     0.7034    93.0589 1.0000e-12  -74.20302 -112.21332  26.073184      99.83 5.7802e+02    501.103      12027  1028.1201  1028.1195    33.9642    33.9635    8.37040         26 0.0000e+00
    166.000    164.216    -1.3871  27.179076    -1.3866  27.178228     6.1817     6.4204     0.5839    93.3884 1.0000e-12  -74.20302 -112.21330  26.073196      99.82 5.7722e+02    502.173      12053  1028.1263  1028.1249    33.9660    33.9643    8.37025         26 0.0000e+00
    167.000    165.203    -1.3869  27.182907    -1.3863  27.182309     6.1787     6.4110     0.6027    93.3448 1.0000e-12  -74.20302 -112.21332  26.073209      99.83 5.7681e+02    503.253      12079  1028.1347  1028.1334    33.9704    33.9689    8.36994         25 0.0000e+00
    168.000    166.194    -1.3871  27.184022    -1.3865  27.183553     6.1860     6.4031     0.4849    93.4159 1.0000e-12  -74.20302 -112.21330  26.073221      99.84 5.7731e+02    504.332      12105  1028.1404  1028.1393    33.9715    33.9702    8.36991         27 0.0000e+00
    169.000    167.182    -1.3872  27.184457    -1.3866  27.184097     6.1822     6.4108     0.5568    93.8099 1.0000e-12  -74.20302 -112.21332  26.073234      99.84 5.7674e+02    505.427      12131  1028.1452  1028.1443    33.9716    33.9705    8.36993         26 0.0000e+00
    170.000    168.171    -1.3874  27.185343    -1.3868  27.184891     6.1934     6.4069     0.4659    93.6804 1.0000e-12  -74.20302 -112.21331  26.073247      99.83 5.7646e+02    506.540      12158  1028.1508  1028.1496    33.9725    33.9711    8.36993         27 0.0000e+00
    171.000    169.161    -1.3878  27.186299    -1.3871  27.185857     6.1820     6.4121     0.7021    93.6640 1.0000e-12  -74.20302 -112.21331  26.073260      99.83 5.7672e+02    507.664      12185  1028.1564  1028.1553    33.9735    33.9722    8.36994         27 0.0000e+00
    172.000    170.148    -1.3878  27.186994    -1.3873  27.186626     6.1875     6.4041     0.6455    93.9365 1.0000e-12  -74.20302 -112.21330  26.073273      99.83 5.7724e+02    508.756      12211  1028.1616  1028.1607    33.9740    33.9729    8.36994         25 0.0000e+00
    173.000    171.138    -1.3881  27.187541    -1.3874  27.187186     6.1866     6.4114     0.6348    93.9195 1.0000e-12  -74.20302 -112.21330  26.073285      99.83 5.7496e+02    509.800      12236  1028.1668  1028.1656    33.9744    33.9731    8.36997         25 0.0000e+00
    174.000    172.126    -1.3882  27.188534    -1.3876  27.188052     6.1933     6.4141     0.6221    93.5127 1.0000e-12  -74.20302 -112.21331  26.073297      99.83 5.7423e+02    510.846      12261  1028.1722  1028.1711    33.9753    33.9739    8.36995         26 0.0000e+00
