ocean_section_plots/required_files/ctd/dnbp2202_ctd037.cnv
* Sea-Bird SBE 9 Data File:
* FileName = D:\Data\raw\NBP2202_CTD037.hex
* Software Version Seasave V 7.26.7.121
* Temperature SN = 1649
* Conductivity SN = 2513
* Number of Bytes Per Scan = 40
* Number of Voltage Words = 5
* Number of Scans Averaged by the Deck Unit = 1
* NMEA Latitude = 74 08.81 S
* NMEA Longitude = 113 24.85 W
* NMEA UTC (Time) = Jan 22 2022  15:04:28
* NMEA baud rate = 9600
** Ship: RVIB N.B. Palmer
** Cruise: NBP2202 Thwaites
** Station: Tow-Yo #2
** Operator: A. Robinson
# nquan = 25
# nvalues = 409                         
# units = specified
# name 0 = prDM: Pressure, Digiquartz [db]
# name 1 = depSM: Depth [salt water, m]
# name 2 = t090C: Temperature [ITS-90, deg C]
# name 3 = c0mS/cm: Conductivity [mS/cm]
# name 4 = t190C: Temperature, 2 [ITS-90, deg C]
# name 5 = c1mS/cm: Conductivity, 2 [mS/cm]
# name 6 = sbeox0ML/L: Oxygen, SBE 43 [ml/l]
# name 7 = sbeox1ML/L: Oxygen, SBE 43, 2 [ml/l]
# name 8 = flECO-AFL: Fluorescence, WET Labs ECO-AFL/FL [mg/m^3]
# name 9 = CStarTr0: Beam Transmission, WET Labs C-Star [%]
# name 10 = par: PAR/Irradiance, Biospherical/Licor
# name 11 = latitude: Latitude [deg]
# name 12 = longitude: Longitude [deg]
# name 13 = timeJ: Julian Days
# name 14 = altM: Altimeter [m]
# name 15 = spar: SPAR, Biospherical/Licor
# name 16 = timeS: Time, Elapsed [seconds]
# name 17 = scan: Scan Count
# name 18 = density00: Density [density, kg/m^3]
# name 19 = density11: Density, 2 [density, kg/m^3]
# name 20 = sal00: Salinity, Practical [PSU]
# name 21 = sal11: Salinity, Practical, 2 [PSU]
# name 22 = oxsolML/L: Oxygen Saturation, Garcia & Gordon [ml/l]
# name 23 = nbin: number of scans per bin
# name 24 = flag: flag
# span 0 =     10.000,    418.000       
# span 1 =      9.897,    413.257       
# span 2 =    -1.4205,    -0.1822       
# span 3 =  27.026036,  28.532179       
# span 4 =    -1.4196,    -0.1792       
# span 5 =  27.025673,  28.532723       
# span 6 =     4.7991,     8.6747       
# span 7 =     5.0760,     9.0476       
# span 8 =    -0.0198,    21.3227       
# span 9 =    71.6352,    97.1190       
# span 10 = 1.0000e-12, 2.9062e+01      
# span 11 =  -74.14698,  -74.14698      
# span 12 = -113.41331, -113.39826      
# span 13 =  22.628576,  22.636612      
# span 14 =       8.53,     100.22      
# span 15 = 1.0983e+03, 1.2343e+03      
# span 16 =     40.988,    735.320      
# span 17 =        985,      17649      
# span 18 =  1027.2112,  1029.5229      
# span 19 =  1027.2095,  1029.5205      
# span 20 =    33.7773,    34.2823      
# span 21 =    33.7753,    34.2796      
# span 22 =    8.08899,    8.38429      
# span 23 =         18,         46      
# span 24 = 0.0000e+00, 0.0000e+00      
# interval = decibars: 1                
# start_time = Jan 22 2022 15:04:28 [NMEA time, header]
# bad_flag = -9.990e-29
*END*
[from data line 348]
    358.000    353.989    -0.2674  28.409773    -0.2653  28.409247     4.8289     5.1013    -0.0181    96.8568 1.0000e-12  -74.14698 -113.40189  22.634700      61.09 1.1698e+03    570.084      13683  1029.2179  1029.2153    34.2508    34.2477    8.10887         36 0.0000e+00
    359.000    354.975    -0.2656  28.412279    -0.2634  28.411769     4.8333     5.1016    -0.0185    96.8349 1.0000e-12  -74.14698 -113.40186  22.634718      60.12 1.1676e+03    571.641      13720  1029.2232  1029.2205    34.2515    34.2483    8.10844         34 0.0000e+00
    360.000    355.965    -0.2630  28.415613    -0.2607  28.415256     4.8332     5.1002    -0.0169    96.8453 1.0000e-12  -74.14698 -113.40184  22.634735      59.20 1.1670e+03    573.137      13756  1029.2285  1029.2259    34.2524    34.2493    8.10783         34 0.0000e+00
    361.000    356.953    -0.2600  28.419424    -0.2577  28.419025     4.8308     5.1045    -0.0104    96.8394 1.0000e-12  -74.14698 -113.40179  22.634753      58.07 1.1676e+03    574.689      13794  1029.2340  1029.2314    34.2535    34.2505    8.10713         30 0.0000e+00
    362.000    357.940    -0.2579  28.422278    -0.2556  28.421797     4.8273     5.1038    -0.0048    96.8335 1.0000e-12  -74.14698 -113.40176  22.634772      57.28 1.1679e+03    576.275      13832  1029.2393  1029.2367    34.2543    34.2512    8.10663         36 0.0000e+00
    363.000    358.929    -0.2537  28.427526    -0.2515  28.426883     4.8259     5.1047    -0.0102    96.8298 1.0000e-12  -74.14698 -113.40173  22.634790      56.28 1.1691e+03    577.897      13871  1029.2452  1029.2424    34.2560    34.2528    8.10565         38 0.0000e+00
    364.000    359.917    -0.2504  28.431660    -0.2481  28.431275     4.8251     5.1028    -0.0097    96.8196 1.0000e-12  -74.14698 -113.40169  22.634810      55.41 1.1710e+03    579.575      13911  1029.2507  1029.2481    34.2572    34.2542    8.10487         41 0.0000e+00
    365.000    360.905    -0.2481  28.434632    -0.2462  28.433972     4.8270     5.1034    -0.0020    96.8173 1.0000e-12  -74.14698 -113.40166  22.634830      54.58 1.1722e+03    581.322      13953  1029.2560  1029.2535    34.2580    34.2550    8.10434         35 0.0000e+00
    366.000    361.892    -0.2473  28.435935    -0.2453  28.435281     4.8301     5.0970    -0.0002    96.8106 1.0000e-12  -74.14698 -113.40163  22.634850      53.82 1.1733e+03    583.020      13993  1029.2610  1029.2583    34.2583    34.2551    8.10416         36 0.0000e+00
    367.000    362.880    -0.2462  28.437581    -0.2442  28.437033     4.8254     5.0988    -0.0043    96.7934 1.0000e-12  -74.14698 -113.40159  22.634869      52.81 1.1722e+03    584.705      14034  1029.2659  1029.2634    34.2586    34.2556    8.10390         39 0.0000e+00
    368.000    363.868    -0.2462  28.438023    -0.2442  28.437443     4.8291     5.1013    -0.0120    96.7920 1.0000e-12  -74.14698 -113.40156  22.634889      51.96 1.1709e+03    586.413      14075  1029.2707  1029.2682    34.2586    34.2556    8.10391         41 0.0000e+00
    369.000    364.856    -0.2437  28.441325    -0.2414  28.440975     4.8262     5.1018    -0.0063    96.8090 1.0000e-12  -74.14698 -113.40151  22.634910      50.90 1.1700e+03    588.187      14117  1029.2761  1029.2735    34.2596    34.2566    8.10332         36 0.0000e+00
    370.000    365.844    -0.2404  28.445384    -0.2385  28.444761     4.8250     5.1012    -0.0011    96.8049 1.0000e-12  -74.14698 -113.40147  22.634931      50.09 1.1690e+03    590.052      14162  1029.2815  1029.2790    34.2607    34.2577    8.10255         43 0.0000e+00
    371.000    366.831    -0.2404  28.445771    -0.2385  28.445183     4.8254     5.0996    -0.0062    96.8008 1.0000e-12  -74.14698 -113.40143  22.634953      48.77 1.1672e+03    591.916      14207  1029.2863  1029.2838    34.2607    34.2577    8.10256         43 0.0000e+00
    372.000    367.819    -0.2403  28.446181    -0.2385  28.445632     4.8223     5.0941    -0.0009    96.8013 1.0000e-12  -74.14698 -113.40139  22.634975      48.01 1.1670e+03    593.875      14254  1029.2910  1029.2886    34.2605    34.2577    8.10255         39 0.0000e+00
    373.000    368.808    -0.2397  28.447317    -0.2376  28.447099     4.8266     5.0981    -0.0112    96.7949 1.0000e-12  -74.14698 -113.40134  22.635000      46.86 1.1671e+03    595.980      14305  1029.2958  1029.2936    34.2607    34.2581    8.10241         39 0.0000e+00
    374.000    369.796    -0.2399  28.447463    -0.2383  28.446628     4.8245     5.0998    -0.0103    96.7872 1.0000e-12  -74.14698 -113.40129  22.635024      46.02 1.1676e+03    598.063      14355  1029.3005  1029.2981    34.2606    34.2576    8.10246         39 0.0000e+00
    375.000    370.783    -0.2406  28.447218    -0.2387  28.446526     4.8232     5.1005    -0.0108    96.7872 1.0000e-12  -74.14698 -113.40125  22.635048      45.17 1.1696e+03    600.186      14405  1029.3052  1029.3027    34.2604    34.2574    8.10261         35 0.0000e+00
    376.000    371.771    -0.2408  28.447337    -0.2390  28.446699     4.8250     5.0994    -0.0069    96.7971 1.0000e-12  -74.14698 -113.40120  22.635074      44.13 1.1712e+03    602.414      14459  1029.3098  1029.3074    34.2602    34.2574    8.10268         40 0.0000e+00
    377.000    372.758    -0.2411  28.447440    -0.2394  28.446773     4.8239     5.0985    -0.0113    96.8054 1.0000e-12  -74.14698 -113.40115  22.635098      43.12 1.1721e+03    604.505      14509  1029.3145  1029.3121    34.2600    34.2572    8.10274         39 0.0000e+00
    378.000    373.748    -0.2413  28.447861    -0.2393  28.447276     4.8221     5.1038    -0.0117    96.7994 1.0000e-12  -74.14698 -113.40110  22.635125      42.30 1.1713e+03    606.825      14565  1029.3193  1029.3169    34.2602    34.2573    8.10277         36 0.0000e+00
    379.000    374.736    -0.2410  28.448577    -0.2391  28.448029     4.8239     5.1025    -0.0035    96.7955 1.0000e-12  -74.14698 -113.40104  22.635151      41.16 1.1712e+03    609.013      14617  1029.3241  1029.3216    34.2602    34.2574    8.10270         33 0.0000e+00
    380.000    375.723    -0.2408  28.449087    -0.2391  28.448434     4.8249     5.0972    -0.0111    96.8093 1.0000e-12  -74.14698 -113.40100  22.635175      40.33 1.1703e+03    611.163      14669  1029.3287  1029.3264    34.2601    34.2573    8.10267         38 0.0000e+00
    381.000    376.711    -0.2409  28.449438    -0.2391  28.448710     4.8233     5.0986    -0.0150    96.8140 1.0000e-12  -74.14698 -113.40095  22.635202      39.60 1.1704e+03    613.433      14723  1029.3335  1029.3310    34.2601    34.2571    8.10270         39 0.0000e+00
    382.000    377.697    -0.2396  28.451418    -0.2377  28.450917     4.8284     5.0996    -0.0109    96.7929 1.0000e-12  -74.14698 -113.40089  22.635226      38.74 1.1701e+03    615.562      14774  1029.3385  1029.3361    34.2607    34.2578    8.10238         34 0.0000e+00
    383.000    378.687    -0.2378  28.453892    -0.2358  28.453493     4.8214     5.0960    -0.0053    96.7989 1.0000e-12  -74.14698 -113.40084  22.635256      37.97 1.1697e+03    618.083      14835  1029.3437  1029.3413    34.2614    34.2586    8.10197         36 0.0000e+00
    384.000    379.674    -0.2349  28.457714    -0.2329  28.457124     4.8192     5.0977    -0.0113    96.7996 1.0000e-12  -74.14698 -113.40079  22.635283      37.19 1.1686e+03    620.461      14892  1029.3492  1029.3467    34.2626    34.2596    8.10128         34 0.0000e+00
    385.000    380.660    -0.2295  28.464315    -0.2273  28.463895     4.8199     5.0911    -0.0076    96.8040 1.0000e-12  -74.14698 -113.40073  22.635312      36.31 1.1677e+03    622.969      14952  1029.3552  1029.3527    34.2647    34.2617    8.10001         35 0.0000e+00
    386.000    381.648    -0.2252  28.469620    -0.2230  28.469419     4.8172     5.0884    -0.0111    96.7943 1.0000e-12  -74.14698 -113.40069  22.635340      35.49 1.1681e+03    625.334      15009  1029.3610  1029.3586    34.2664    34.2636    8.09901         36 0.0000e+00
    387.000    382.638    -0.2196  28.476327    -0.2177  28.475750     4.8172     5.0903    -0.0097    96.8144 1.0000e-12  -74.14698 -113.40063  22.635366      34.67 1.1677e+03    627.624      15064  1029.3669  1029.3645    34.2684    34.2655    8.09770         39 0.0000e+00
    388.000    383.623    -0.2189  28.477568    -0.2169  28.476964     4.8181     5.0831    -0.0063    96.7898 1.0000e-12  -74.14698 -113.40058  22.635395      33.71 1.1677e+03    630.096      15123  1029.3720  1029.3695    34.2687    34.2657    8.09754         39 0.0000e+00
    389.000    384.609    -0.2182  28.478680    -0.2164  28.478149     4.8189     5.0894    -0.0123    96.7874 1.0000e-12  -74.14698 -113.40054  22.635422      32.69 1.1678e+03    632.442      15180  1029.3768  1029.3745    34.2688    34.2660    8.09738         34 0.0000e+00
    390.000    385.601    -0.2183  28.479034    -0.2163  28.478448     4.8167     5.0887    -0.0063    96.7913 1.0000e-12  -74.14698 -113.40047  22.635451      31.82 1.1668e+03    635.001      15241  1029.3816  1029.3791    34.2688    34.2658    8.09741         41 0.0000e+00
    391.000    386.591    -0.2185  28.479352    -0.2165  28.478738     4.8172     5.0894    -0.0053    96.7963 1.0000e-12  -74.14698 -113.40042  22.635480      30.89 1.1657e+03    637.506      15301  1029.3864  1029.3838    34.2688    34.2658    8.09744         37 0.0000e+00
    392.000    387.575    -0.2180  28.480316    -0.2160  28.479703     4.8167     5.0860    -0.0040    96.7831 1.0000e-12  -74.14698 -113.40037  22.635510      29.99 1.1646e+03    640.101      15363  1029.3912  1029.3887    34.2689    34.2659    8.09733         32 0.0000e+00
    393.000    388.562    -0.2153  28.483614    -0.2130  28.483460     4.8153     5.0913    -0.0099    96.7928 1.0000e-12  -74.14698 -113.40028  22.635558      29.20 1.1625e+03    644.171      15461  1029.3964  1029.3940    34.2698    34.2669    8.09672         34 0.0000e+00
    394.000    389.553    -0.2134  28.486407    -0.2111  28.486039     4.8170     5.0873    -0.0094    96.7845 1.0000e-12  -74.14698 -113.40019  22.635603      28.42 1.1617e+03    648.056      15554  1029.4018  1029.3992    34.2707    34.2676    8.09626         39 0.0000e+00
    395.000    390.544    -0.2128  28.487338    -0.2105  28.487014     4.8122     5.0872    -0.0102    96.7984 1.0000e-12  -74.14698 -113.40011  22.635646      27.61 1.1594e+03    651.855      15646  1029.4066  1029.4040    34.2707    34.2677    8.09613         29 0.0000e+00
    396.000    391.526    -0.2106  28.490584    -0.2074  28.491040     4.8127     5.0841    -0.0126    96.7735 1.0000e-12  -74.14698 -113.40001  22.635691      26.76 1.1587e+03    655.704      15738  1029.4120  1029.4094    34.2719    34.2689    8.09559         29 0.0000e+00
    397.000    392.514    -0.2079  28.493799    -0.2054  28.493683     4.8152     5.0855    -0.0123    96.7923 1.0000e-12  -74.14698 -113.39993  22.635735      25.97 1.1571e+03    659.541      15830  1029.4173  1029.4146    34.2726    34.2696    8.09499         30 0.0000e+00
    398.000    393.503    -0.2077  28.494664    -0.2054  28.494143     4.8077     5.0860    -0.0105    96.7888 1.0000e-12  -74.14698 -113.39983  22.635781      25.19 1.1568e+03    663.520      15925  1029.4221  1029.4194    34.2728    34.2696    8.09491         30 0.0000e+00
    399.000    394.493    -0.2058  28.497220    -0.2030  28.497207     4.8146     5.0846    -0.0130    96.7198 1.0000e-12  -74.14698 -113.39975  22.635827      24.58 1.1565e+03    667.435      16019  1029.4274  1029.4247    34.2736    34.2704    8.09448         30 0.0000e+00
    400.000    395.481    -0.2032  28.500510    -0.2004  28.500636     4.8138     5.0838    -0.0119    96.7675 1.0000e-12  -74.14698 -113.39967  22.635868      23.74 1.1572e+03    671.028      16106  1029.4326  1029.4300    34.2744    34.2715    8.09388         26 0.0000e+00
    401.000    396.468    -0.2011  28.503256    -0.1988  28.502973     4.8092     5.0829    -0.0080    96.7777 1.0000e-12  -74.14698 -113.39959  22.635911      22.82 1.1586e+03    674.711      16194  1029.4378  1029.4352    34.2752    34.2721    8.09340         28 0.0000e+00
    402.000    397.452    -0.1992  28.505883    -0.1970  28.505348     4.8114     5.0822    -0.0107    96.7791 1.0000e-12  -74.14698 -113.39952  22.635951      21.98 1.1610e+03    678.147      16277  1029.4430  1029.4403    34.2759    34.2728    8.09294         36 0.0000e+00
    403.000    398.444    -0.1990  28.506499    -0.1970  28.505901     4.8113     5.0824    -0.0080    96.7777 1.0000e-12  -74.14698 -113.39944  22.635993      21.17 1.1637e+03    681.764      16363  1029.4478  1029.4452    34.2759    34.2728    8.09291         32 0.0000e+00
    404.000    399.428    -0.1969  28.509377    -0.1945  28.509075     4.8072     5.0816    -0.0116    96.7769 1.0000e-12  -74.14698 -113.39937  22.636032      20.34 1.1662e+03    685.157      16445  1029.4530  1029.4504    34.2768    34.2737    8.09241         33 0.0000e+00
    405.000    400.423    -0.1964  28.510292    -0.1943  28.509843     4.8055     5.0827    -0.0054    96.7793 1.0000e-12  -74.14698 -113.39930  22.636073      19.56 1.1684e+03    688.667      16529  1029.4579  1029.4553    34.2769    34.2739    8.09230         30 0.0000e+00
    406.000    401.406    -0.1955  28.511637    -0.1934  28.511184     4.8040     5.0822    -0.0031    96.7686 1.0000e-12  -74.14698 -113.39922  22.636114      18.82 1.1705e+03    692.211      16614  1029.4627  1029.4602    34.2771    34.2741    8.09210         29 0.0000e+00
    407.000    402.393    -0.1951  28.512555    -0.1932  28.511968     4.8091     5.0799    -0.0059    96.7710 1.0000e-12  -74.14698 -113.39914  22.636158      18.01 1.1739e+03    696.071      16707  1029.4676  1029.4650    34.2772    34.2742    8.09201         27 0.0000e+00
    408.000    403.382    -0.1953  28.512860    -0.1933  28.512215     4.8083     5.0807    -0.0144    96.7814 1.0000e-12  -74.14698 -113.39905  22.636202      17.18 1.1761e+03    699.847      16797  1029.4723  1029.4697    34.2772    34.2742    8.09204         39 0.0000e+00
    409.000    404.368    -0.1940  28.514753    -0.1918  28.514336     4.8080     5.0794    -0.0148    96.7754 1.0000e-12  -74.14698 -113.39895  22.636247      16.38 1.1786e+03    703.757      16891  1029.4773  1029.4747    34.2777    34.2746    8.09174         33 0.0000e+00
    410.000    405.351    -0.1926  28.516797    -0.1904  28.516287     4.8078     5.0804    -0.0089    96.7890 1.0000e-12  -74.14698 -113.39886  22.636293      15.68 1.1816e+03    707.736      16987  1029.4824  1029.4798    34.2782    34.2751    8.09141         30 0.0000e+00
    411.000    406.344    -0.1916  28.518361    -0.1894  28.517898     4.8076     5.0813    -0.0086    96.7812 1.0000e-12  -74.14698 -113.39877  22.636339      14.97 1.1851e+03    711.716      17082  1029.4874  1029.4848    34.2785    34.2756    8.09117         32 0.0000e+00
    412.000    407.332    -0.1909  28.519535    -0.1888  28.518991     4.8078     5.0781    -0.0082    96.7768 1.0000e-12  -74.14698 -113.39870  22.636379      14.05 1.1896e+03    715.130      17164  1029.4922  1029.4896    34.2788    34.2757    8.09102         31 0.0000e+00
    413.000    408.315    -0.1886  28.522625    -0.1863  28.522293     4.8050     5.0784    -0.0100    96.7675 1.0000e-12  -74.14698 -113.39863  22.636417      13.32 1.1964e+03    718.396      17242  1029.4975  1029.4949    34.2797    34.2766    8.09048         38 0.0000e+00
    414.000    409.304    -0.1859  28.526103    -0.1838  28.525505     4.8033     5.0768    -0.0103    96.7672 1.0000e-12  -74.14698 -113.39856  22.636450      12.40 1.2045e+03    721.302      17312  1029.5028  1029.5002    34.2807    34.2776    8.08985         40 0.0000e+00
