ocean_section_plots/required_files/ctd/dnbp2202_ctd138.cnv
* Sea-Bird SBE 9 Data File:
* FileName = D:\Data\raw\NBP2202_CTD138.hex
* Software Version Seasave V 7.26.7.121
* Temperature SN = 1649
* Conductivity SN = 2513
* Number of Bytes Per Scan = 40
* Number of Voltage Words = 5
* Number of Scans Averaged by the Deck Unit = 1
* NMEA Latitude = 74 01.83 S
* NMEA Longitude = 113 21.08 W
* NMEA UTC (Time) = Jan 28 2022  11:06:13
* NMEA baud rate = 9600
** Ship: RVIB N.B. Palmer
** Cruise: NBP2202 Thwaites
** Station: 67
** Operator: B. Bjork
# nquan = 25
# nvalues = 259                         
# units = specified
# name 0 = prDM: Pressure, Digiquartz [db]
# name 1 = depSM: Depth [salt water, m]
# name 2 = t090C: Temperature [ITS-90, deg C]
# name 3 = c0mS/cm: Conductivity [mS/cm]
# name 4 = t190C: Temperature, 2 [ITS-90, deg C]
# name 5 = c1mS/cm: Conductivity, 2 [mS/cm]
# name 6 = sbeox0ML/L: Oxygen, SBE 43 [ml/l]
# name 7 = sbeox1ML/L: Oxygen, SBE 43, 2 [ml/l]
# name 8 = flECO-AFL: Fluorescence, WET Labs ECO-AFL/FL [mg/m^3]
# name 9 = CStarTr0: Beam Transmission, WET Labs C-Star [%]
# name 10 = par: PAR/Irradiance, Biospherical/Licor
# name 11 = latitude: Latitude [deg]
# name 12 = longitude: Longitude [deg]
# name 13 = timeJ: Julian Days
# name 14 = altM: Altimeter [m]
# name 15 = spar: SPAR, Biospherical/Licor
# name 16 = timeS: Time, Elapsed [seconds]
# name 17 = scan: Scan Count
# name 18 = density00: Density [density, kg/m^3]
# name 19 = density11: Density, 2 [density, kg/m^3]
# name 20 = sal00: Salinity, Practical [PSU]
# name 21 = sal11: Salinity, Practical, 2 [PSU]
# name 22 = oxsolML/L: Oxygen Saturation, Garcia & Gordon [ml/l]
# name 23 = nbin: number of scans per bin
# name 24 = flag: flag
# span 0 =      3.000,    261.000       
# span 1 =      2.970,    258.141       
# span 2 =    -1.3955,    -0.8777       
# span 3 =  27.069715,  27.722769       
# span 4 =    -1.3952,    -0.8736       
# span 5 =  27.069795,  27.724870       
# span 6 =     5.2688,     8.2538       
# span 7 =     5.3736,     8.4532       
# span 8 =     0.0019,    22.5679       
# span 9 =    69.1501,    93.4996       
# span 10 = 1.0000e-12, 8.6538e+00      
# span 11 =  -74.03060,  -74.03060      
# span 12 = -113.35138, -113.35132      
# span 13 =  28.466170,  28.471547      
# span 14 =       5.52,     100.69      
# span 15 = 3.6627e+01, 4.4318e+01      
# span 16 =    304.060,    768.651      
# span 17 =       7298,      18449      
# span 18 =  1027.1964,  1028.6458      
# span 19 =  1027.1994,  1028.6442      
# span 20 =    33.7987,    34.0730      
# span 21 =    33.8017,    34.0712      
# span 22 =    8.25092,    8.37813      
# span 23 =         20,         49      
# span 24 = 0.0000e+00, 0.0000e+00      
# interval = decibars: 1                
# start_time = Jan 28 2022 11:06:13 [NMEA time, header]
# bad_flag = -9.990e-29
*END*
      3.000      2.970    -1.0623  27.250983    -1.0643  27.251904     8.2499     8.0688    19.6439    69.6926 8.6538e+00  -74.03060 -113.35136  28.466170      99.99 3.6627e+01    304.060       7298  1027.1964  1027.1994    33.7987    33.8022    8.30768         36 0.0000e+00
      4.000      3.958    -1.0647  27.249486    -1.0678  27.249260     8.2509     8.0615    21.4565    69.7827 6.2080e+00  -74.03060 -113.35137  28.466243      99.72 3.7000e+01    310.424       7451  1027.2014  1027.2041    33.7987    33.8019    8.30820         36 0.0000e+00
      5.000      4.947    -1.0660  27.249037    -1.0685  27.249103     8.2465     8.0723    21.6725    69.8993 4.2408e+00  -74.03060 -113.35137  28.466280      99.98 3.7021e+01    313.600       7527  1027.2064  1027.2089    33.7989    33.8019    8.30847         35 0.0000e+00
      6.000      5.938    -1.0661  27.249718    -1.0683  27.250004     8.2476     8.1176    22.5679    69.9281 2.9804e+00  -74.03060 -113.35137  28.466314      99.98 3.7021e+01    316.535       7598  1027.2115  1027.2140    33.7994    33.8023    8.30847         38 0.0000e+00
      7.000      6.928    -1.0659  27.250127    -1.0683  27.250197     8.2482     8.1760    21.8512    70.0133 2.2333e+00  -74.03060 -113.35137  28.466343      99.99 3.7021e+01    319.026       7658  1027.2161  1027.2185    33.7991    33.8019    8.30845         38 0.0000e+00
      8.000      7.917    -1.0659  27.250599    -1.0683  27.250658     8.2538     8.2377    21.0047    70.0184 1.5592e+00  -74.03060 -113.35137  28.466364      99.99 3.7135e+01    320.833       7701  1027.2209  1027.2233    33.7992    33.8019    8.30845         46 0.0000e+00
      9.000      8.907    -1.0660  27.250846    -1.0684  27.250835     8.2502     8.2886    21.7207    69.8330 1.1675e+00  -74.03060 -113.35137  28.466387      99.99 3.8141e+01    322.858       7750  1027.2256  1027.2279    33.7990    33.8017    8.30848         31 0.0000e+00
     10.000      9.896    -1.0659  27.251367    -1.0682  27.251645     8.2475     8.3134    21.1552    69.6394 8.5101e-01  -74.03060 -113.35137  28.466409      99.99 3.7319e+01    324.735       7795  1027.2304  1027.2328    33.7990    33.8019    8.30847         38 0.0000e+00
     11.000     10.885    -1.0658  27.252261    -1.0680  27.252369     8.2489     8.3512    20.6173    70.5992 6.0927e-01  -74.03060 -113.35137  28.466430      99.94 3.7614e+01    326.557       7838  1027.2355  1027.2377    33.7994    33.8020    8.30841         41 0.0000e+00
     12.000     11.876    -1.0658  27.252780    -1.0680  27.252918     8.2447     8.4175    20.1869    70.4355 4.4506e-01  -74.03060 -113.35137  28.466454      99.98 3.8237e+01    328.615       7888  1027.2404  1027.2427    33.7995    33.8022    8.30841         40 0.0000e+00
     13.000     12.866    -1.0657  27.253303    -1.0679  27.253486     8.2376     8.4247    19.1313    69.1501 3.4079e-01  -74.03060 -113.35138  28.466476      99.99 3.8099e+01    330.539       7934  1027.2452  1027.2474    33.7995    33.8022    8.30838         36 0.0000e+00
     14.000     13.855    -1.0658  27.253856    -1.0679  27.253969     8.2392     8.4362    19.4722    69.6291 2.3535e-01  -74.03060 -113.35138  28.466495      99.99 3.8021e+01    332.156       7973  1027.2501  1027.2523    33.7997    33.8023    8.30839         37 0.0000e+00
     15.000     14.842    -1.0658  27.254373    -1.0679  27.254586     8.2380     8.4377    21.0343    70.0612 1.7131e-01  -74.03060 -113.35137  28.466519      99.99 3.8491e+01    334.246       8023  1027.2550  1027.2572    33.7998    33.8024    8.30839         35 0.0000e+00
     16.000     15.834    -1.0657  27.255034    -1.0677  27.255169     8.2382     8.4400    20.7235    69.8052 1.2267e-01  -74.03060 -113.35138  28.466541      99.99 3.8189e+01    336.150       8069  1027.2600  1027.2620    33.7999    33.8024    8.30835         38 0.0000e+00
     17.000     16.823    -1.0657  27.255318    -1.0678  27.255490     8.2310     8.4379    19.1764    70.6601 8.1319e-02  -74.03060 -113.35137  28.466562      99.85 3.8238e+01    337.920       8111  1027.2646  1027.2668    33.7998    33.8024    8.30838         42 0.0000e+00
     18.000     17.814    -1.0658  27.255998    -1.0680  27.255975     8.2352     8.4446    19.1677    70.6122 4.9273e-02  -74.03060 -113.35136  28.466584      99.92 3.8862e+01    339.844       8157  1027.2698  1027.2718    33.8001    33.8026    8.30837         47 0.0000e+00
     19.000     18.803    -1.0661  27.255850    -1.0682  27.255900     8.2488     8.4532    19.7881    70.5108 3.0851e-02  -74.03060 -113.35136  28.466607      99.99 3.8779e+01    341.815       8205  1027.2742  1027.2762    33.7997    33.8020    8.30847         42 0.0000e+00
     20.000     19.792    -1.0661  27.256218    -1.0681  27.256264     8.2428     8.4454    19.0581    70.8775 1.0772e-02  -74.03060 -113.35136  28.466628      99.99 3.8783e+01    343.689       8250  1027.2789  1027.2808    33.7996    33.8018    8.30847         36 0.0000e+00
     21.000     20.781    -1.0662  27.256831    -1.0681  27.256819     8.2336     8.4461    18.9361    70.2692 1.2156e-04  -74.03060 -113.35136  28.466649      99.98 3.8783e+01    345.468       8292  1027.2840  1027.2858    33.7999    33.8020    8.30847         42 0.0000e+00
     22.000     21.771    -1.0662  27.257613    -1.0680  27.257665     8.2261     8.4375    20.2892    70.7659 6.7718e-07  -74.03060 -113.35136  28.466672      99.98 3.8783e+01    347.467       8340  1027.2892  1027.2909    33.8003    33.8024    8.30845         40 0.0000e+00
     23.000     22.761    -1.0660  27.258160    -1.0679  27.258139     8.2251     8.4404    20.4779    69.9013 1.0000e-12  -74.03060 -113.35136  28.466694      99.97 3.8783e+01    349.385       8386  1027.2939  1027.2956    33.8003    33.8024    8.30841         39 0.0000e+00
     24.000     23.751    -1.0658  27.258971    -1.0677  27.258945     8.2238     8.4346    18.5498    70.2749 1.0000e-12  -74.03060 -113.35136  28.466713      99.86 3.8783e+01    351.034       8426  1027.2989  1027.3006    33.8005    33.8026    8.30835         39 0.0000e+00
     25.000     24.740    -1.0659  27.259435    -1.0676  27.259461     8.2197     8.4351    21.5331    70.2212 1.0000e-12  -74.03060 -113.35136  28.466739      99.97 3.8943e+01    353.244       8479  1027.3038  1027.3054    33.8006    33.8026    8.30837         33 0.0000e+00
     26.000     25.729    -1.0652  27.260624    -1.0669  27.260648     8.2188     8.4261    19.5325    70.4734 1.0000e-12  -74.03060 -113.35136  28.466759      99.98 3.8934e+01    355.014       8521  1027.3087  1027.3103    33.8008    33.8028    8.30820         35 0.0000e+00
     27.000     26.721    -1.0651  27.261340    -1.0668  27.261472     8.2107     8.4314    19.6267    69.8095 1.0000e-12  -74.03060 -113.35136  28.466779      99.98 3.9127e+01    356.725       8562  1027.3137  1027.3154    33.8011    33.8031    8.30816         36 0.0000e+00
     28.000     27.709    -1.0648  27.262219    -1.0665  27.262143     8.2179     8.4243    19.4598    69.2119 1.0000e-12  -74.03060 -113.35136  28.466805      99.97 3.9099e+01    358.920       8615  1027.3186  1027.3202    33.8013    33.8031    8.30808         45 0.0000e+00
     29.000     28.699    -1.0649  27.262558    -1.0666  27.262543     8.2255     8.4322    19.8456    69.3025 1.0000e-12  -74.03060 -113.35136  28.466826      99.98 3.8781e+01    360.783       8660  1027.3234  1027.3250    33.8012    33.8031    8.30810         42 0.0000e+00
     30.000     29.687    -1.0651  27.262711    -1.0668  27.262685     8.2252     8.4335    18.5301    70.0779 1.0000e-12  -74.03060 -113.35136  28.466847      99.77 3.8838e+01    362.545       8702  1027.3281  1027.3296    33.8010    33.8029    8.30816         39 0.0000e+00
     31.000     30.680    -1.0653  27.262919    -1.0670  27.262896     8.2240     8.4358    20.6367    70.3011 1.0000e-12  -74.03060 -113.35136  28.466869      99.60 3.9420e+01    364.442       8748  1027.3329  1027.3344    33.8010    33.8029    8.30822         36 0.0000e+00
     32.000     31.667    -1.0660  27.262734    -1.0677  27.262675     8.2187     8.4354    19.2207    69.3814 1.0000e-12  -74.03060 -113.35136  28.466891      99.98 3.9257e+01    366.390       8794  1027.3376  1027.3391    33.8008    33.8026    8.30837         41 0.0000e+00
     33.000     32.656    -1.0660  27.263265    -1.0675  27.263271     8.2214     8.4382    18.6465    69.1959 1.0000e-12  -74.03060 -113.35136  28.466912      99.99 3.8875e+01    368.227       8838  1027.3424  1027.3439    33.8009    33.8027    8.30836         34 0.0000e+00
     34.000     33.645    -1.0659  27.263850    -1.0671  27.264065     8.2171     8.4345    19.0108    69.6218 1.0000e-12  -74.03060 -113.35136  28.466932      99.98 4.0154e+01    369.958       8880  1027.3473  1027.3487    33.8010    33.8027    8.30833         41 0.0000e+00
     35.000     34.635    -1.0661  27.264196    -1.0674  27.264237     8.2221     8.4309    19.6898    70.2673 1.0000e-12  -74.03060 -113.35136  28.466957      99.98 3.9581e+01    372.070       8931  1027.3522  1027.3535    33.8010    33.8026    8.30837         30 0.0000e+00
     36.000     35.626    -1.0655  27.265198    -1.0669  27.265140     8.2197     8.4322    18.7602    70.4704 1.0000e-12  -74.03060 -113.35136  28.466979      99.96 3.9063e+01    373.950       8976  1027.3570  1027.3583    33.8012    33.8027    8.30825         34 0.0000e+00
     37.000     36.614    -1.0657  27.265450    -1.0673  27.265307     8.2109     8.4342    19.0748    70.0722 1.0000e-12  -74.03060 -113.35136  28.466998      99.96 4.0681e+01    375.625       9016  1027.3618  1027.3632    33.8011    33.8027    8.30829         40 0.0000e+00
     38.000     37.602    -1.0659  27.265729    -1.0674  27.265607     8.2111     8.4364    20.5910    70.0653 1.0000e-12  -74.03060 -113.35136  28.467023      99.97 3.9650e+01    377.751       9067  1027.3666  1027.3679    33.8011    33.8027    8.30834         36 0.0000e+00
     39.000     38.593    -1.0655  27.266682    -1.0669  27.266548     8.2146     8.4360    19.6752    69.9130 1.0000e-12  -74.03060 -113.35136  28.467043      99.97 3.9618e+01    379.530       9110  1027.3716  1027.3727    33.8013    33.8027    8.30823         38 0.0000e+00
     40.000     39.582    -1.0657  27.266919    -1.0670  27.267009     8.2134     8.4262    19.3129    69.5083 1.0000e-12  -74.03060 -113.35136  28.467063      99.98 4.0248e+01    381.281       9152  1027.3763  1027.3776    33.8013    33.8028    8.30828         40 0.0000e+00
     41.000     40.573    -1.0659  27.267220    -1.0672  27.267249     8.2222     8.4329    19.5162    70.7847 1.0000e-12  -74.03060 -113.35136  28.467088      99.91 3.9670e+01    383.419       9203  1027.3811  1027.3824    33.8012    33.8027    8.30832         42 0.0000e+00
     42.000     41.562    -1.0665  27.267025    -1.0678  27.266880     8.2168     8.4349    18.6839    69.3678 1.0000e-12  -74.03060 -113.35136  28.467109      99.98 4.0314e+01    385.213       9246  1027.3858  1027.3869    33.8011    33.8024    8.30848         34 0.0000e+00
     43.000     42.551    -1.0665  27.267747    -1.0677  27.267526     8.2143     8.4210    19.8832    69.6633 1.0000e-12  -74.03060 -113.35136  28.467131      99.98 4.0282e+01    387.130       9292  1027.3908  1027.3918    33.8014    33.8025    8.30844         40 0.0000e+00
     44.000     43.539    -1.0656  27.269146    -1.0666  27.269247     8.2239     8.4304    20.2699    69.2127 1.0000e-12  -74.03060 -113.35136  28.467152      99.98 3.9679e+01    388.974       9336  1027.3959  1027.3969    33.8017    33.8030    8.30824         38 0.0000e+00
     45.000     44.530    -1.0661  27.268928    -1.0674  27.268827     8.2121     8.4326    19.9493    69.8070 1.0000e-12  -74.03060 -113.35136  28.467173      99.98 4.0150e+01    390.767       9379  1027.4004  1027.4015    33.8014    33.8026    8.30837         38 0.0000e+00
     46.000     45.519    -1.0669  27.268585    -1.0677  27.268805     8.2073     8.4250    21.1133    69.6686 1.0000e-12  -74.03060 -113.35136  28.467196      99.94 4.0554e+01    392.753       9427  1027.4051  1027.4061    33.8011    33.8024    8.30855         42 0.0000e+00
     47.000     46.508    -1.0651  27.271130    -1.0660  27.271284     8.2052     8.4150    19.6855    71.2367 1.0000e-12  -74.03060 -113.35136  28.467217      99.98 4.0546e+01    394.570       9471  1027.4104  1027.4115    33.8019    33.8032    8.30810         38 0.0000e+00
     48.000     47.498    -1.0651  27.271798    -1.0662  27.271708     8.2025     8.4191    19.4608    70.1722 1.0000e-12  -74.03060 -113.35136  28.467239      99.99 4.0069e+01    396.467       9516  1027.4155  1027.4164    33.8022    33.8034    8.30809         47 0.0000e+00
     49.000     48.487    -1.0648  27.272450    -1.0659  27.272352     8.1977     8.4130    19.5730    70.5910 1.0000e-12  -74.03060 -113.35135  28.467263      99.99 4.0474e+01    398.516       9565  1027.4203  1027.4212    33.8022    33.8033    8.30803         35 0.0000e+00
     50.000     49.477    -1.0647  27.273113    -1.0657  27.272947     8.2060     8.4182    18.8121    70.3424 1.0000e-12  -74.03060 -113.35134  28.467283      99.99 4.0145e+01    400.251       9607  1027.4251  1027.4259    33.8023    33.8033    8.30799         43 0.0000e+00
     51.000     50.465    -1.0648  27.273551    -1.0658  27.273409     8.2088     8.4227    19.6758    70.3526 1.0000e-12  -74.03060 -113.35134  28.467306      99.99 4.0105e+01    402.200       9654  1027.4300  1027.4308    33.8025    33.8034    8.30801         36 0.0000e+00
     52.000     51.456    -1.0647  27.273872    -1.0657  27.273811     8.2108     8.4226    20.0908    69.5622 1.0000e-12  -74.03060 -113.35136  28.467328      99.97 4.0319e+01    404.150       9701  1027.4346  1027.4355    33.8022    33.8032    8.30801         41 0.0000e+00
     53.000     52.446    -1.0648  27.274387    -1.0658  27.274250     8.2113     8.4238    18.3099    70.0597 1.0000e-12  -74.03060 -113.35136  28.467349      99.98 4.0537e+01    405.915       9743  1027.4396  1027.4403    33.8023    33.8032    8.30802         40 0.0000e+00
     54.000     53.434    -1.0650  27.274680    -1.0659  27.274673     8.2036     8.4147    19.3504    69.6794 1.0000e-12  -74.03060 -113.35136  28.467371      99.98 4.0497e+01    407.824       9789  1027.4443  1027.4452    33.8023    33.8033    8.30806         45 0.0000e+00
     55.000     54.424    -1.0647  27.275434    -1.0657  27.275287     8.2038     8.4034    18.9820    69.9217 1.0000e-12  -74.03060 -113.35136  28.467393      99.97 4.0149e+01    409.746       9835  1027.4492  1027.4500    33.8025    33.8033    8.30800         30 0.0000e+00
     56.000     55.413    -1.0649  27.275696    -1.0658  27.275651     8.2031     8.4037    17.6664    69.6572 1.0000e-12  -74.03060 -113.35136  28.467413      67.15 4.1393e+01    411.525       9878  1027.4540  1027.4548    33.8024    33.8033    8.30804         37 0.0000e+00
     57.000     56.403    -1.0650  27.276293    -1.0657  27.276232     8.2027     8.4102    19.1822    69.2893 1.0000e-12  -74.03060 -113.35136  28.467437     100.69 4.0214e+01    413.544       9926  1027.4591  1027.4596    33.8027    33.8034    8.30804         46 0.0000e+00
     58.000     57.394    -1.0645  27.277185    -1.0655  27.276846     8.2081     8.4108    19.1133    69.8379 1.0000e-12  -74.03060 -113.35136  28.467459      99.88 4.0751e+01    415.486       9973  1027.4639  1027.4645    33.8028    33.8034    8.30793         37 0.0000e+00
     59.000     58.381    -1.0646  27.277623    -1.0654  27.277453     8.2023     8.4060    17.9651    70.3672 1.0000e-12  -74.03060 -113.35136  28.467479      97.95 4.1699e+01    417.226      10014  1027.4687  1027.4693    33.8028    33.8034    8.30795         33 0.0000e+00
