ocean_section_plots/required_files/ctd/dnbp2202_ctd243.cnv
* Sea-Bird SBE 9 Data File:
* FileName = D:\Data\raw\NBP2202_CTD243.hex
* Software Version Seasave V 7.26.7.121
* Temperature SN = 1649
* Conductivity SN = 2513
* Number of Bytes Per Scan = 40
* Number of Voltage Words = 5
* Number of Scans Averaged by the Deck Unit = 1
* NMEA Latitude = 73 55.32 S
* NMEA Longitude = 118 50.27 W
* NMEA UTC (Time) = Feb 15 2022  00:35:58
* NMEA baud rate = 9600
** Ship: RVIB N.B. Palmer
** Cruise: NBP2202 Thwaites
** Station: 153
** Operator: A. Robinson
# nquan = 28
# nvalues = 596                         
# units = specified
# name 0 = prDM: Pressure, Digiquartz [db]
# name 1 = depSM: Depth [salt water, m]
# name 2 = t090C: Temperature [ITS-90, deg C]
# name 3 = c0mS/cm: Conductivity [mS/cm]
# name 4 = t190C: Temperature, 2 [ITS-90, deg C]
# name 5 = c1mS/cm: Conductivity, 2 [mS/cm]
# name 6 = sbeox0ML/L: Oxygen, SBE 43 [ml/l]
# name 7 = sbeox1ML/L: Oxygen, SBE 43, 2 [ml/l]
# name 8 = flECO-AFL: Fluorescence, WET Labs ECO-AFL/FL [mg/m^3]
# name 9 = CStarTr0: Beam Transmission, WET Labs C-Star [%]
# name 10 = par: PAR/Irradiance, Biospherical/Licor
# name 11 = latitude: Latitude [deg]
# name 12 = longitude: Longitude [deg]
# name 13 = timeJ: Julian Days
# name 14 = altM: Altimeter [m]
# name 15 = spar: SPAR, Biospherical/Licor
# name 16 = timeS: Time, Elapsed [seconds]
# name 17 = scan: Scan Count
# name 18 = density00: Density [density, kg/m^3]
# name 19 = density11: Density, 2 [density, kg/m^3]
# name 20 = v3: Voltage 3
# name 21 = v4: Voltage 4
# name 22 = v5: Voltage 5
# name 23 = sal00: Salinity, Practical [PSU]
# name 24 = sal11: Salinity, Practical, 2 [PSU]
# name 25 = oxsolML/L: Oxygen Saturation, Garcia & Gordon [ml/l]
# name 26 = nbin: number of scans per bin
# name 27 = flag: flag
# span 0 =      2.000,    597.000       
# span 1 =      1.983,    589.977       
# span 2 =    -1.7239,     0.2729       
# span 3 =  26.973266,  29.138703       
# span 4 =    -1.7238,     0.2733       
# span 5 =  26.973728,  29.137261       
# span 6 =     4.6649,     9.2351       
# span 7 =     5.0211,     9.6170       
# span 8 =    -0.0225,    11.7152       
# span 9 =    85.9700,    97.2246       
# span 10 = -1.210e-06, 1.6473e+02      
# span 11 =  -73.92216,  -73.92216      
# span 12 = -118.83795, -118.83792      
# span 13 =  46.027635,  46.037755      
# span 14 =       3.70,     100.41      
# span 15 = 4.2099e+02, 4.5996e+02      
# span 16 =    229.690,   1104.029      
# span 17 =       5514,      26498      
# span 18 =  1027.1480,  1030.4855      
# span 19 =  1027.1486,  1030.4836      
# span 20 =     4.0785,     4.6122      
# span 21 =     0.0636,     2.2915      
# span 22 =     0.1130,     0.2107      
# span 23 =    33.7824,    34.4681      
# span 24 =    33.7831,    34.4658      
# span 25 =    7.98312,    8.44236      
# span 26 =         22,         51      
# span 27 = 0.0000e+00, 0.0000e+00      
# interval = decibars: 1                
# start_time = Feb 15 2022 00:35:58 [NMEA time, header]
# bad_flag = -9.990e-29
*END*
[from data line 570]
    572.000    565.305     0.0092  28.846424     0.0137  28.849110     4.9747     5.1373    -0.0043    97.1360 1.0000e-12  -73.92216 -118.83794  46.035847      27.68 4.2674e+02    939.153      22541  1030.3260  1030.3244     4.6080     0.0666     0.1182    34.3931    34.3915    8.04234         34 0.0000e+00
    573.000    566.294     0.0191  28.856729     0.0200  28.855931     4.9617     5.1310    -0.0123    97.1463 1.0000e-12  -73.92216 -118.83794  46.035866      26.73 4.2662e+02    940.827      22581  1030.3313  1030.3297     4.6085     0.0673     0.1172    34.3949    34.3929    8.04015         42 0.0000e+00
    574.000    567.280     0.0641  28.902814     0.0687  28.903872     4.9625     5.1201    -0.0048    97.1475 1.0000e-12  -73.92216 -118.83794  46.035889      25.60 4.3096e+02    942.786      22628  1030.3399  1030.3367     4.6086     0.0674     0.1177    34.4048    34.4011    8.03016         43 0.0000e+00
    575.000    568.267     0.0356  28.875786     0.0385  28.877786     4.9736     5.1453    -0.0027    97.1391 1.0000e-12  -73.92216 -118.83794  46.035913      24.61 4.2683e+02    944.914      22679  1030.3442  1030.3436     4.6082     0.0656     0.1177    34.4004    34.3998    8.03638         41 0.0000e+00
    576.000    569.254     0.0408  28.882438     0.0385  28.877875     4.9584     5.1243    -0.0069    97.1456 1.0000e-12  -73.92216 -118.83794  46.035933      23.56 4.2706e+02    946.592      22719  1030.3505  1030.3480     4.6085     0.0667     0.1168    34.4029    34.3995    8.03516         40 0.0000e+00
    577.000    570.241     0.0528  28.896465     0.0486  28.889580     4.9525     5.1282    -0.0075    97.1493 1.0000e-12  -73.92216 -118.83794  46.035955      22.78 4.2875e+02    948.549      22766  1030.3578  1030.3547     4.6087     0.0665     0.1175    34.4073    34.4029    8.03239         45 0.0000e+00
    578.000    571.226     0.0467  28.890833     0.0410  28.881714     4.9504     5.1310    -0.0111    97.1528 1.0000e-12  -73.92216 -118.83794  46.035981      21.79 4.2674e+02    950.788      22820  1030.3623  1030.3582     4.6088     0.0657     0.1167    34.4062    34.4005    8.03374         38 0.0000e+00
    579.000    572.214     0.1096  28.957883     0.1246  28.967014     4.9050     5.0633    -0.0122    97.1457 1.0000e-12  -73.92216 -118.83794  46.036004      20.79 4.2723e+02    952.704      22866  1030.3750  1030.3698     4.6085     0.0674     0.1160    34.4236    34.4189    8.01961         40 0.0000e+00
    580.000    573.202     0.1660  29.019844     0.1641  29.009773     4.8978     5.0743    -0.0127    97.1541 1.0000e-12  -73.92216 -118.83794  46.036041      19.94 4.2718e+02    955.932      22943  1030.3894  1030.3807     4.6089     0.0664     0.1185    34.4414    34.4303    8.00684         35 0.0000e+00
    581.000    574.189     0.2281  29.084951     0.2315  29.085178     4.8744     5.0391    -0.0188    97.1563 1.0000e-12  -73.92216 -118.83794  46.036071      19.10 4.2661e+02    958.579      23007  1030.4014  1030.3982     4.6089     0.0678     0.1176    34.4570    34.4534    7.99304         34 0.0000e+00
    582.000    575.175     0.2392  29.097502     0.2412  29.096665     4.8710     5.0385    -0.0134    97.1733 1.0000e-12  -73.92216 -118.83794  46.036098      18.10 4.2662e+02    960.890      23062  1030.4088  1030.4059     4.6098     0.0671     0.1164    34.4605    34.4572    7.99055         40 0.0000e+00
    583.000    576.162     0.2432  29.102079     0.2468  29.103133     4.8714     5.0380    -0.0088    97.1819 1.0000e-12  -73.92216 -118.83794  46.036130      17.09 4.2821e+02    963.636      23128  1030.4147  1030.4122     4.6101     0.0670     0.1180    34.4614    34.4588    7.98966         41 0.0000e+00
    584.000    577.149     0.2475  29.106753     0.2501  29.106859     4.8656     5.0388    -0.0070    97.1889 1.0000e-12  -73.92216 -118.83794  46.036153      16.45 4.2672e+02    965.649      23177  1030.4200  1030.4176     4.6105     0.0673     0.1159    34.4621    34.4594    7.98872         43 0.0000e+00
    585.000    578.137     0.2512  29.111163     0.2532  29.110395     4.8665     5.0325     0.0028    97.1870 1.0000e-12  -73.92216 -118.83794  46.036182      15.35 4.2662e+02    968.123      23236  1030.4257  1030.4229     4.6105     0.0671     0.1180    34.4633    34.4600    7.98790         44 0.0000e+00
    586.000    579.122     0.2632  29.124305     0.2639  29.122293     4.8605     5.0258    -0.0037    97.2005 1.0000e-12  -73.92216 -118.83794  46.036215      14.50 4.2755e+02    970.994      23305  1030.4322  1030.4294     4.6110     0.0662     0.1167    34.4665    34.4631    7.98523         40 0.0000e+00
    587.000    580.111     0.2620  29.123103     0.2641  29.122791     4.8608     5.0267    -0.0069    97.1935 1.0000e-12  -73.92216 -118.83794  46.036239      13.36 4.2677e+02    973.008      23353  1030.4366  1030.4343     4.6107     0.0667     0.1158    34.4657    34.4630    7.98552         43 0.0000e+00
    588.000    581.099     0.2664  29.128066     0.2688  29.128127     4.8596     5.0264    -0.0109    97.1941 1.0000e-12  -73.92216 -118.83794  46.036276      12.39 4.2663e+02    976.204      23430  1030.4420  1030.4397     4.6108     0.0669     0.1163    34.4667    34.4641    7.98455         39 0.0000e+00
    589.000    582.084     0.2670  29.129069     0.2693  29.128951     4.8664     5.0260    -0.0077    97.1819 1.0000e-12  -73.92216 -118.83794  46.036302      11.50 4.2662e+02    978.479      23484  1030.4468  1030.4444     4.6102     0.0672     0.1160    34.4668    34.4640    7.98442         38 0.0000e+00
    590.000    583.068     0.2684  29.130803     0.2701  29.130464     4.8583     5.0261    -0.0130    97.1995 1.0000e-12  -73.92216 -118.83794  46.036331      10.43 4.2662e+02    980.973      23544  1030.4517  1030.4497     4.6110     0.0667     0.1156    34.4669    34.4646    7.98413         32 0.0000e+00
    591.000    584.056     0.2672  29.130135     0.2692  29.129917     4.8575     5.0247    -0.0161    97.1979 1.0000e-12  -73.92216 -118.83794  46.036365       9.46 4.2662e+02    983.978      23616  1030.4565  1030.4543     4.6109     0.0669     0.1158    34.4668    34.4642    7.98439         34 0.0000e+00
    592.000    585.045     0.2673  29.130771     0.2696  29.130709     4.8576     5.0309    -0.0080    97.2040 1.0000e-12  -73.92216 -118.83794  46.036392       8.56 4.2662e+02    986.309      23672  1030.4613  1030.4590     4.6112     0.0668     0.1175    34.4669    34.4642    7.98435         41 0.0000e+00
    593.000    586.031     0.2672  29.130970     0.2692  29.130801     4.8605     5.0289    -0.0025    97.1951 1.0000e-12  -73.92216 -118.83795  46.036422       7.65 4.2662e+02    988.831      23733  1030.4659  1030.4638     4.6108     0.0674     0.1152    34.4667    34.4642    7.98438         27 0.0000e+00
    594.000    587.017     0.2679  29.132135     0.2707  29.132746     4.8543     5.0292    -0.0048    97.1808 1.0000e-12  -73.92216 -118.83794  46.036455       6.62 4.2662e+02    991.683      23801  1030.4707  1030.4686     4.6101     0.0676     0.1158    34.4668    34.4645    7.98422         38 0.0000e+00
    595.000    588.005     0.2683  29.133254     0.2706  29.133444     4.8502     5.0247    -0.0080    97.1905 1.0000e-12  -73.92216 -118.83793  46.037140       5.25 4.2434e+02   1050.923      25223  1030.4757  1030.4738     4.6106     0.0679     0.1167    34.4673    34.4649    7.98412         35 0.0000e+00
    596.000    588.989     0.2688  29.134110     0.2699  29.132999     4.8463     5.0250    -0.0098    97.1939 1.0000e-12  -73.92216 -118.83793  46.037390       4.32 4.2416e+02   1072.508      25741  1030.4805  1030.4782     4.6107     0.0670     0.1159    34.4673    34.4646    7.98402         26 0.0000e+00
    597.000    589.977     0.2729  29.138703     0.2733  29.137261     4.8438     5.0211    -0.0048    97.1899 1.0000e-12  -73.92216 -118.83793  46.037755       3.70 4.2099e+02   1104.029      26498  1030.4855  1030.4836     4.6105     0.0673     0.1158    34.4681    34.4658    7.98312         31 0.0000e+00
