ocean_section_plots/required_files/ctd/dnbp2202_ctd016.cnv
* Sea-Bird SBE 9 Data File:
* FileName = D:\Data\raw\NBP2202_CTD016.hex
* Software Version Seasave V 7.26.7.121
* Temperature SN = 1649
* Conductivity SN = 2513
* Number of Bytes Per Scan = 40
* Number of Voltage Words = 5
* Number of Scans Averaged by the Deck Unit = 1
* NMEA Latitude = 73 09.18 S
* NMEA Longitude = 113 59.92 W
* NMEA UTC (Time) = Jan 17 2022  05:04:18
* NMEA baud rate = 9600
** Ship: RVIB N.B. Palmer
** Cruise: NBP2202 Thwaites
** Station: #11
** Operator: B Bjork
# nquan = 25
# nvalues = 568                         
# units = specified
# name 0 = prDM: Pressure, Digiquartz [db]
# name 1 = depSM: Depth [salt water, m]
# name 2 = t090C: Temperature [ITS-90, deg C]
# name 3 = c0mS/cm: Conductivity [mS/cm]
# name 4 = t190C: Temperature, 2 [ITS-90, deg C]
# name 5 = c1mS/cm: Conductivity, 2 [mS/cm]
# name 6 = sbeox0ML/L: Oxygen, SBE 43 [ml/l]
# name 7 = sbeox1ML/L: Oxygen, SBE 43, 2 [ml/l]
# name 8 = flECO-AFL: Fluorescence, WET Labs ECO-AFL/FL [mg/m^3]
# name 9 = CStarTr0: Beam Transmission, WET Labs C-Star [%]
# name 10 = par: PAR/Irradiance, Biospherical/Licor
# name 11 = latitude: Latitude [deg]
# name 12 = longitude: Longitude [deg]
# name 13 = timeJ: Julian Days
# name 14 = altM: Altimeter [m]
# name 15 = spar: SPAR, Biospherical/Licor
# name 16 = timeS: Time, Elapsed [seconds]
# name 17 = scan: Scan Count
# name 18 = density00: Density [density, kg/m^3]
# name 19 = density11: Density, 2 [density, kg/m^3]
# name 20 = sal00: Salinity, Practical [PSU]
# name 21 = sal11: Salinity, Practical, 2 [PSU]
# name 22 = oxsolML/L: Oxygen Saturation, Garcia & Gordon [ml/l]
# name 23 = nbin: number of scans per bin
# name 24 = flag: flag
# span 0 =      2.000,    569.000       
# span 1 =      1.979,    562.365       
# span 2 =    -1.8171,     0.6018       
# span 3 =  26.992942,  29.499797       
# span 4 =    -1.8161,     0.6034       
# span 5 =  26.992651,  29.498250       
# span 6 =     4.5767,     8.8317       
# span 7 =     4.8424,     9.3434       
# span 8 =    -0.0232,    25.4361       
# span 9 =    70.9203,    99.5907       
# span 10 = -1.955e-04, 1.4315e+01      
# span 11 =  -73.15302,  -73.15300      
# span 12 = -113.99880, -113.99870      
# span 13 =  17.213627,  17.223645      
# span 14 =       8.96,     101.36      
# span 15 = 4.7596e+01, 7.6027e+01      
# span 16 =    199.342,   1064.961      
# span 17 =       4785,      25560      
# span 18 =  1027.2282,  1030.4246      
# span 19 =  1027.2280,  1030.4216      
# span 20 =    33.8810,    34.5893      
# span 21 =    33.8804,    34.5855      
# span 22 =    7.90876,    8.45687      
# span 23 =         17,         47      
# span 24 = 0.0000e+00, 0.0000e+00      
# interval = decibars: 1                
# start_time = Jan 17 2022 05:04:18 [NMEA time, header]
# bad_flag = -9.990e-29
*END*
[from data line 116]
    118.000    116.752    -1.4642  27.092258    -1.4628  27.092301     6.5303     6.9722     0.6890    96.8121 1.0000e-12  -73.15302 -113.99872  17.216217      99.89 7.4996e+01    423.126      10156  1027.8969  1027.8956    33.9641    33.9626    8.38771         24 0.0000e+00
    119.000    117.740    -1.4442  27.112074    -1.4438  27.111359     6.5263     6.9583     0.8395    96.9080 1.0000e-12  -73.15302 -113.99872  17.216227      99.90 7.4835e+01    424.019      10177  1027.9037  1027.9025    33.9680    33.9666    8.38296         20 0.0000e+00
    120.000    118.729    -1.4429  27.114111    -1.4425  27.113674     6.5382     6.9670     0.5568    96.4530 1.0000e-12  -73.15302 -113.99873  17.216238      99.89 7.4825e+01    424.969      10200  1027.9091  1027.9082    33.9688    33.9677    8.38263         27 0.0000e+00
    121.000    119.719    -1.4430  27.115148    -1.4423  27.114789     6.5586     6.9779     0.7589    96.6639 1.0000e-12  -73.15302 -113.99874  17.216255      99.90 7.4732e+01    426.402      10235  1027.9147  1027.9136    33.9696    33.9683    8.38259         41 0.0000e+00
    122.000    120.707    -1.4427  27.115913    -1.4423  27.115452     6.6075     7.0192     1.0554    96.1010 1.0000e-12  -73.15302 -113.99872  17.216275      99.90 7.5040e+01    428.129      10276  1027.9197  1027.9188    33.9698    33.9686    8.38253         32 0.0000e+00
    123.000    121.698    -1.4440  27.115523    -1.4434  27.115174     6.6626     7.0702     1.2484    97.1048 1.0000e-12  -73.15302 -113.99872  17.216288      87.63 7.4881e+01    429.275      10304  1027.9248  1027.9239    33.9700    33.9689    8.38279         23 0.0000e+00
    124.000    122.685    -1.4504  27.111273    -1.4500  27.110987     6.6857     7.0926     1.1512    97.1074 1.0000e-12  -73.15302 -113.99872  17.216298      97.26 7.4922e+01    430.136      10324  1027.9308  1027.9301    33.9708    33.9701    8.38419         20 0.0000e+00
    125.000    123.676    -1.4552  27.108784    -1.4547  27.108346     6.7004     7.1041     1.0906    96.7713 1.0000e-12  -73.15302 -113.99873  17.216308      98.77 7.5126e+01    430.975      10344  1027.9370  1027.9361    33.9723    33.9711    8.38519         21 0.0000e+00
    126.000    124.665    -1.4567  27.108150    -1.4560  27.107796     6.7236     7.1308     1.4178    96.5842 1.0000e-12  -73.15302 -113.99874  17.216320      99.83 7.4883e+01    432.040      10370  1027.9421  1027.9410    33.9725    33.9712    8.38552         32 0.0000e+00
    127.000    125.653    -1.4619  27.104988    -1.4616  27.104637     6.7256     7.1347     0.9762    97.3059 1.0000e-12  -73.15302 -113.99874  17.216340      99.89 7.4468e+01    433.775      10412  1027.9479  1027.9472    33.9734    33.9726    8.38663         37 0.0000e+00
    128.000    126.643    -1.4557  27.112997    -1.4546  27.112676     6.6166     7.0382     0.5656    97.1537 1.0000e-12  -73.15302 -113.99874  17.216358      99.90 7.4677e+01    435.321      10449  1027.9550  1027.9535    33.9768    33.9750    8.38503         28 0.0000e+00
    129.000    127.631    -1.4431  27.124463    -1.4425  27.124181     6.4932     6.9117     0.5464    97.3184 1.0000e-12  -73.15302 -113.99872  17.216370      99.90 7.4421e+01    436.347      10473  1027.9597  1027.9588    33.9776    33.9765    8.38215         23 0.0000e+00
    130.000    128.621    -1.4219  27.144387    -1.4208  27.144081     6.4107     6.8377     0.4245    97.0162 1.0000e-12  -73.15302 -113.99872  17.216380      99.91 7.4746e+01    437.230      10495  1027.9655  1027.9640    33.9804    33.9786    8.37722         20 0.0000e+00
    131.000    129.609    -1.4101  27.155405    -1.4090  27.155076     6.3823     6.8068     0.6572    97.5595 1.0000e-12  -73.15302 -113.99872  17.216391      99.90 7.4536e+01    438.161      10517  1027.9705  1027.9691    33.9814    33.9797    8.37448         25 0.0000e+00
    132.000    130.600    -1.4025  27.162588    -1.4018  27.162228     6.3778     6.7958     0.5101    97.4703 1.0000e-12  -73.15302 -113.99874  17.216404      99.89 7.4537e+01    439.326      10545  1027.9756  1027.9745    33.9821    33.9808    8.37275         32 0.0000e+00
    133.000    131.586    -1.4046  27.161551    -1.4042  27.160910     6.4438     6.8452     0.5984    97.2409 1.0000e-12  -73.15302 -113.99874  17.216420      99.90 7.4773e+01    440.724      10578  1027.9810  1027.9799    33.9824    33.9811    8.37320         29 0.0000e+00
    134.000    132.577    -1.4087  27.158778    -1.4084  27.158351     6.5361     6.9341     0.7443    97.2562 1.0000e-12  -73.15302 -113.99874  17.216435      99.90 7.4861e+01    442.005      10609  1027.9864  1027.9855    33.9826    33.9816    8.37411         28 0.0000e+00
    135.000    133.566    -1.4350  27.138477    -1.4350  27.138054     6.5922     6.9900     0.6038    97.5564 1.0000e-12  -73.15302 -113.99874  17.216448      97.58 7.4442e+01    443.120      10636  1027.9940  1027.9934    33.9840    33.9833    8.37995         26 0.0000e+00
    136.000    134.555    -1.4534  27.124900    -1.4528  27.124577     6.6192     7.0167     0.5093    97.5891 1.0000e-12  -73.15302 -113.99872  17.216461      99.91 7.4292e+01    444.238      10663  1028.0011  1028.0002    33.9855    33.9844    8.38398         28 0.0000e+00
    137.000    135.544    -1.4619  27.118367    -1.4617  27.117998     6.6372     7.0392     0.4559    97.8656 1.0000e-12  -73.15302 -113.99872  17.216475      99.90 7.4651e+01    445.425      10691  1028.0064  1028.0058    33.9856    33.9848    8.38590         29 0.0000e+00
    138.000    136.534    -1.4660  27.116320    -1.4653  27.116188     6.6580     7.0548     0.4686    97.3827 1.0000e-12  -73.15302 -113.99873  17.216488      99.90 7.4718e+01    446.551      10718  1028.0123  1028.0115    33.9868    33.9859    8.38676         26 0.0000e+00
    139.000    137.522    -1.4759  27.109312    -1.4753  27.109123     6.6588     7.0675     0.3378    97.8277 1.0000e-12  -73.15302 -113.99874  17.216501      99.90 7.4350e+01    447.692      10746  1028.0184  1028.0176    33.9878    33.9868    8.38893         29 0.0000e+00
    140.000    138.512    -1.4764  27.110043    -1.4756  27.109815     6.6678     7.0704     0.3626    97.9986 1.0000e-12  -73.15302 -113.99874  17.216516      99.91 7.4317e+01    448.975      10776  1028.0239  1028.0228    33.9888    33.9875    8.38899         32 0.0000e+00
    141.000    139.499    -1.4740  27.113054    -1.4731  27.112723     6.6618     7.0573     0.5845    97.5484 1.0000e-12  -73.15302 -113.99874  17.216532      99.90 7.4300e+01    450.371      10810  1028.0291  1028.0278    33.9896    33.9881    8.38840         34 0.0000e+00
    142.000    140.490    -1.4665  27.121013    -1.4655  27.120739     6.6486     7.0577     0.4287    97.2261 1.0000e-12  -73.15302 -113.99874  17.216548      99.91 7.4793e+01    451.744      10843  1028.0347  1028.0334    33.9913    33.9898    8.38659         31 0.0000e+00
    143.000    141.478    -1.4670  27.121309    -1.4664  27.120920     6.6454     7.0508     0.3284    98.0858 1.0000e-12  -73.15302 -113.99874  17.216562      99.90 7.4494e+01    452.934      10871  1028.0398  1028.0388    33.9917    33.9905    8.38669         27 0.0000e+00
    144.000    142.467    -1.4676  27.122035    -1.4669  27.121752     6.6246     7.0339     0.3380    98.1316 1.0000e-12  -73.15302 -113.99874  17.216574      99.90 7.4604e+01    453.987      10897  1028.0455  1028.0445    33.9927    33.9915    8.38676         25 0.0000e+00
    145.000    143.456    -1.4609  27.130259    -1.4601  27.129716     6.6053     7.0203     0.2652    97.7484 1.0000e-12  -73.15302 -113.99874  17.216586      99.90 7.4364e+01    455.070      10923  1028.0523  1028.0509    33.9958    33.9941    8.38507         28 0.0000e+00
    146.000    144.446    -1.4555  27.136481    -1.4542  27.136444     6.5971     7.0059     0.3638    97.3907 1.0000e-12  -73.15302 -113.99874  17.216601      99.37 7.4962e+01    456.369      10954  1028.0583  1028.0570    33.9977    33.9961    8.38374         34 0.0000e+00
    147.000    145.433    -1.4521  27.140605    -1.4513  27.140203     6.5730     6.9876     1.1136    97.7889 1.0000e-12  -73.15302 -113.99874  17.216618      99.91 7.4809e+01    457.801      10988  1028.0638  1028.0626    33.9988    33.9973    8.38290         32 0.0000e+00
    148.000    146.424    -1.4515  27.142372    -1.4507  27.142045     6.5506     6.9665     0.7427    97.9631 1.0000e-12  -73.15302 -113.99874  17.216632      99.90 7.4719e+01    458.984      11017  1028.0696  1028.0684    34.0000    33.9986    8.38271         26 0.0000e+00
    149.000    147.413    -1.4470  27.147366    -1.4464  27.146845     6.5492     6.9566     0.5444    97.6772 1.0000e-12  -73.15302 -113.99874  17.216643      99.91 7.4683e+01    459.966      11040  1028.0751  1028.0738    34.0011    33.9997    8.38163         22 0.0000e+00
    150.000    148.401    -1.4432  27.151158    -1.4418  27.151398     6.5530     6.9606     0.3009    97.7141 1.0000e-12  -73.15302 -113.99874  17.216654      99.91 7.4805e+01    460.895      11062  1028.0798  1028.0787    34.0014    34.0001    8.38075         23 0.0000e+00
    151.000    149.391    -1.4425  27.152543    -1.4422  27.151856     6.5666     6.9730     0.4693    98.1110 1.0000e-12  -73.15302 -113.99874  17.216666      99.91 7.4973e+01    461.967      11088  1028.0850  1028.0840    34.0019    34.0006    8.38057         30 0.0000e+00
    152.000    150.379    -1.4470  27.150063    -1.4461  27.149729     6.5917     6.9966     0.6699    98.1294 1.0000e-12  -73.15302 -113.99874  17.216683      99.90 7.5061e+01    463.433      11123  1028.0911  1028.0898    34.0029    34.0015    8.38151         38 0.0000e+00
    153.000    151.367    -1.4553  27.143971    -1.4547  27.143665     6.6195     7.0250     0.3136    98.2642 1.0000e-12  -73.15302 -113.99874  17.216701      99.91 7.5371e+01    464.935      11159  1028.0967  1028.0959    34.0033    34.0023    8.38335         32 0.0000e+00
    154.000    152.357    -1.4618  27.139137    -1.4612  27.138895     6.6380     7.0471     0.5071    97.9639 1.0000e-12  -73.15302 -113.99874  17.216714      99.91 7.5056e+01    466.114      11188  1028.1020  1028.1012    34.0035    34.0025    8.38482         26 0.0000e+00
    155.000    153.347    -1.4642  27.138358    -1.4634  27.138051     6.6582     7.0687     0.4986    98.0426 1.0000e-12  -73.15302 -113.99876  17.216726      99.91 7.5347e+01    467.135      11212  1028.1077  1028.1067    34.0045    34.0032    8.38529         23 0.0000e+00
    156.000    154.335    -1.4640  27.139779    -1.4631  27.139456     6.6762     7.0813     0.2542    97.9476 1.0000e-12  -73.15302 -113.99874  17.216738      99.90 7.5397e+01    468.133      11236  1028.1134  1028.1122    34.0056    34.0042    8.38518         26 0.0000e+00
    157.000    155.324    -1.4657  27.140108    -1.4651  27.139694     6.6831     7.0916     0.2173    97.9418 1.0000e-12  -73.15302 -113.99874  17.216751      99.10 7.5393e+01    469.260      11263  1028.1197  1028.1187    34.0074    34.0061    8.38547         30 0.0000e+00
    158.000    156.313    -1.4700  27.138138    -1.4692  27.137852     6.6869     7.0933     0.2196    98.1907 1.0000e-12  -73.15302 -113.99874  17.216767      98.97 7.5749e+01    470.633      11296  1028.1260  1028.1249    34.0090    34.0077    8.38634         34 0.0000e+00
    159.000    157.302    -1.4722  27.137874    -1.4715  27.137516     6.6794     7.0909     0.2840    97.9517 1.0000e-12  -73.15302 -113.99874  17.216783      99.91 7.5345e+01    472.012      11329  1028.1320  1028.1310    34.0104    34.0091    8.38674         31 0.0000e+00
    160.000    158.290    -1.4747  27.136832    -1.4741  27.136464     6.6819     7.0849     0.3716    97.7947 1.0000e-12  -73.15302 -113.99874  17.216796      99.90 7.4958e+01    473.165      11357  1028.1376  1028.1366    34.0113    34.0100    8.38726         25 0.0000e+00
    161.000    159.280    -1.4781  27.135284    -1.4775  27.134879     6.6852     7.0873     0.1949    97.9758 1.0000e-12  -73.15302 -113.99874  17.216808      99.90 7.5996e+01    474.246      11383  1028.1435  1028.1425    34.0124    34.0112    8.38796         27 0.0000e+00
    162.000    160.270    -1.4886  27.129062    -1.4882  27.128740     6.6708     7.0881     0.4154    98.2505 1.0000e-12  -73.15302 -113.99874  17.216822      99.91 7.5803e+01    475.380      11410  1028.1512  1028.1504    34.0151    34.0142    8.39017         27 0.0000e+00
    163.000    161.256    -1.4945  27.125483    -1.4938  27.125269     6.5979     7.0140     0.2642    98.2610 1.0000e-12  -73.15302 -113.99874  17.216835      99.90 7.5804e+01    476.509      11437  1028.1571  1028.1562    34.0163    34.0152    8.39143         28 0.0000e+00
    164.000    162.247    -1.4932  27.128962    -1.4922  27.128143     6.5096     6.9239     0.5929    98.1458 1.0000e-12  -73.15302 -113.99874  17.216848      99.90 7.5804e+01    477.656      11465  1028.1639  1028.1620    34.0189    34.0167    8.39096         28 0.0000e+00
    165.000    163.235    -1.4763  27.147754    -1.4767  27.146824     6.4465     6.8676     0.2224    98.0579 1.0000e-12  -73.15302 -113.99874  17.216862      99.91 7.5804e+01    478.889      11494  1028.1725  1028.1719    34.0250    34.0242    8.38680         30 0.0000e+00
    166.000    164.224    -1.4813  27.147774    -1.4806  27.147239     6.4467     6.8609     0.3203    97.9389 1.0000e-12  -73.15302 -113.99874  17.216877      99.91 7.5804e+01    480.196      11526  1028.1818  1028.1804    34.0301    34.0285    8.38762         32 0.0000e+00
    167.000    165.215    -1.4910  27.141278    -1.4904  27.140984     6.4535     6.8614     0.4115    98.0416 1.0000e-12  -73.15302 -113.99874  17.216892      99.90 7.5804e+01    481.452      11556  1028.1884  1028.1874    34.0316    34.0305    8.38973         29 0.0000e+00
    168.000    166.201    -1.4927  27.141459    -1.4922  27.140745     6.5075     6.9060     0.3886    98.2552 1.0000e-12  -73.15302 -113.99874  17.216906      96.76 7.5804e+01    482.664      11585  1028.1944  1028.1932    34.0332    34.0316    8.39001         28 0.0000e+00
    169.000    167.190    -1.4983  27.137077    -1.4978  27.136899     6.6487     7.0368     0.2649    98.4637 1.0000e-12  -73.15302 -113.99874  17.216920      99.99 7.5804e+01    483.845      11613  1028.1993  1028.1986    34.0329    34.0321    8.39130         28 0.0000e+00
    170.000    168.181    -1.5375  27.103640    -1.5407  27.101540     6.7848     7.1623     0.3782    98.3347 1.0000e-12  -73.15302 -113.99874  17.216933      99.90 7.5804e+01    484.988      11641  1028.2047  1028.2056    34.0307    34.0315    8.40027         28 0.0000e+00
    171.000    169.169    -1.5922  27.057895    -1.5924  27.057938     6.8656     7.2415     0.2781    98.2902 1.0000e-12  -73.15302 -113.99872  17.216946      99.90 7.5804e+01    486.129      11668  1028.2115  1028.2117    34.0292    34.0295    8.41273         27 0.0000e+00
    172.000    170.158    -1.6239  27.032054    -1.6233  27.032105     6.9036     7.2922     0.2633    98.3858 1.0000e-12  -73.15302 -113.99872  17.216959      99.90 7.5397e+01    487.251      11695  1028.2177  1028.2171    34.0291    34.0285    8.41993         27 0.0000e+00
    173.000    171.146    -1.6321  27.026119    -1.6318  27.025863     6.8692     7.2774     1.0887    98.1744 1.0000e-12  -73.15302 -113.99872  17.216972      99.91 7.4921e+01    488.359      11722  1028.2229  1028.2224    34.0296    34.0289    8.42176         26 0.0000e+00
    174.000    172.135    -1.6322  27.028357    -1.6312  27.028154     6.7479     7.1743     0.4451    98.5007 1.0000e-12  -73.15302 -113.99872  17.216985      99.90 7.5498e+01    489.497      11749  1028.2294  1028.2281    34.0322    34.0307    8.42163         28 0.0000e+00
