ocean_section_plots/required_files/ctd/dnbp2202_ctd262.cnv
* Sea-Bird SBE 9 Data File:
* FileName = D:\Data\raw\NBP2202_CTD262.hex
* Software Version Seasave V 7.26.7.121
* Temperature SN = 1649
* Conductivity SN = 2513
* Number of Bytes Per Scan = 40
* Number of Voltage Words = 5
* Number of Scans Averaged by the Deck Unit = 1
* NMEA Latitude = 73 52.68 S
* NMEA Longitude = 118 43.99 W
* NMEA UTC (Time) = Feb 19 2022  14:34:24
* NMEA baud rate = 9600
** Ship: RVIB N.B. Palmer
** Cruise: NBP2202 Thwaites
** Station: 167
** Operator: B. Bjork
# nquan = 28
# nvalues = 695                         
# units = specified
# name 0 = prDM: Pressure, Digiquartz [db]
# name 1 = depSM: Depth [salt water, m]
# name 2 = t090C: Temperature [ITS-90, deg C]
# name 3 = c0mS/cm: Conductivity [mS/cm]
# name 4 = t190C: Temperature, 2 [ITS-90, deg C]
# name 5 = c1mS/cm: Conductivity, 2 [mS/cm]
# name 6 = sbeox0ML/L: Oxygen, SBE 43 [ml/l]
# name 7 = sbeox1ML/L: Oxygen, SBE 43, 2 [ml/l]
# name 8 = flECO-AFL: Fluorescence, WET Labs ECO-AFL/FL [mg/m^3]
# name 9 = CStarTr0: Beam Transmission, WET Labs C-Star [%]
# name 10 = par: PAR/Irradiance, Biospherical/Licor
# name 11 = latitude: Latitude [deg]
# name 12 = longitude: Longitude [deg]
# name 13 = timeJ: Julian Days
# name 14 = altM: Altimeter [m]
# name 15 = spar: SPAR, Biospherical/Licor
# name 16 = timeS: Time, Elapsed [seconds]
# name 17 = scan: Scan Count
# name 18 = density00: Density [density, kg/m^3]
# name 19 = density11: Density, 2 [density, kg/m^3]
# name 20 = v3: Voltage 3
# name 21 = v4: Voltage 4
# name 22 = v5: Voltage 5
# name 23 = sal00: Salinity, Practical [PSU]
# name 24 = sal11: Salinity, Practical, 2 [PSU]
# name 25 = oxsolML/L: Oxygen Saturation, Garcia & Gordon [ml/l]
# name 26 = nbin: number of scans per bin
# name 27 = flag: flag
# span 0 =      1.000,    695.000       
# span 1 =      0.988,    686.663       
# span 2 =    -1.7505,     0.3617       
# span 3 =  25.995292,  29.278493       
# span 4 =    -1.7494,     0.3654       
# span 5 =  26.942654,  29.280102       
# span 6 =     4.7542,     8.9326       
# span 7 =     4.8910,     9.2657       
# span 8 =    -0.0224,    10.5999       
# span 9 =    82.2052,    99.4245       
# span 10 = -7.703e-06, 3.1081e+03      
# span 11 =  -73.87808,  -73.87806      
# span 12 = -118.73330, -118.73326      
# span 13 =  50.611141,  50.622353      
# span 14 =       3.11,     100.10      
# span 15 = 1.2379e+03, 1.3148e+03      
# span 16 =    338.600,   1307.281      
# span 17 =       8127,      31376      
# span 18 =  1025.0700,  1030.9603      
# span 19 =  1026.2115,  1030.9585      
# span 20 =     3.9010,     4.7165      
# span 21 =     0.0646,     2.1167      
# span 22 =     0.1145,     0.2172      
# span 23 =    31.2953,    34.4961      
# span 24 =    32.6235,    34.4938      
# span 25 =    7.96320,    8.44891      
# span 26 =         20,         44      
# span 27 = 0.0000e+00, 0.0000e+00      
# interval = decibars: 1                
# start_time = Feb 19 2022 14:34:24 [NMEA time, header]
# bad_flag = -9.990e-29
*END*
[from data line 467]
    468.000    462.640    -0.4218  28.346396    -0.4139  28.351214     5.1470     5.2998     0.0127    99.2755 1.0000e-12  -73.87808 -118.73328  50.618457      99.94 1.2995e+03    970.729      23298  1029.7659  1029.7633     4.7094     0.0705     0.1195    34.2739    34.2714    8.14053         28 0.0000e+00
    469.000    463.628    -0.3973  28.371454    -0.3950  28.371318     5.1470     5.3005     0.0033    99.2545 1.0000e-12  -73.87808 -118.73328  50.618471      99.94 1.2977e+03    971.880      23326  1029.7730  1029.7707     4.7084     0.0704     0.1196    34.2792    34.2764    8.13497         27 0.0000e+00
    470.000    464.614    -0.3972  28.372086    -0.3950  28.371847     5.1402     5.2961     0.0014    99.2657 1.0000e-12  -73.87808 -118.73328  50.618484      99.94 1.2990e+03    973.038      23354  1029.7781  1029.7758     4.7090     0.0721     0.1206    34.2793    34.2765    8.13494         29 0.0000e+00
    471.000    465.603    -0.3978  28.371710    -0.3960  28.371236     5.1369     5.2972     0.0015    99.2868 1.0000e-12  -73.87808 -118.73328  50.618499      99.94 1.3010e+03    974.282      23384  1029.7829  1029.7805     4.7100     0.0706     0.1199    34.2789    34.2762    8.13510         30 0.0000e+00
    472.000    466.589    -0.3972  28.372808    -0.3949  28.372764     5.1347     5.2948     0.0009    99.2875 1.0000e-12  -73.87808 -118.73328  50.618513      99.94 1.2994e+03    975.495      23413  1029.7879  1029.7856     4.7100     0.0706     0.1199    34.2791    34.2764    8.13496         28 0.0000e+00
    473.000    467.577    -0.3976  28.372844    -0.3955  28.372517     5.1447     5.2993     0.0067    99.2864 1.0000e-12  -73.87808 -118.73328  50.618525      91.42 1.2991e+03    976.571      23439  1029.7927  1029.7903     4.7099     0.0689     0.1195    34.2789    34.2762    8.13504         24 0.0000e+00
    474.000    468.564    -0.3982  28.372562    -0.3950  28.373553     5.1393     5.2926    -0.0057    99.2911 1.0000e-12  -73.87808 -118.73328  50.618537      86.67 1.3010e+03    977.590      23463  1029.7973  1029.7953     4.7102     0.0697     0.1194    34.2786    34.2764    8.13519         25 0.0000e+00
    475.000    469.552    -0.3957  28.375831    -0.3929  28.376248     5.1484     5.2909    -0.0052    99.2782 1.0000e-12  -73.87808 -118.73328  50.618548      97.67 1.3025e+03    978.564      23487  1029.8027  1029.8005     4.7096     0.0711     0.1189    34.2796    34.2770    8.13459         23 0.0000e+00
    476.000    470.540    -0.3944  28.377420    -0.3921  28.377492     5.1415     5.2862    -0.0039    99.2839 1.0000e-12  -73.87808 -118.73328  50.618560      99.88 1.3032e+03    979.596      23511  1029.8075  1029.8054     4.7098     0.0709     0.1218    34.2797    34.2772    8.13432         27 0.0000e+00
    477.000    471.525    -0.3916  28.380746    -0.3896  28.380349     5.1457     5.2877    -0.0002    99.2826 1.0000e-12  -73.87808 -118.73328  50.618574      99.94 1.3003e+03    980.785      23540  1029.8127  1029.8104     4.7098     0.0716     0.1175    34.2804    34.2777    8.13368         29 0.0000e+00
    478.000    472.515    -0.3922  28.380676    -0.3900  28.380681     5.1393     5.2922    -0.0033    99.2819 1.0000e-12  -73.87808 -118.73328  50.618588      99.94 1.2976e+03    981.982      23569  1029.8176  1029.8154     4.7097     0.0717     0.1208    34.2804    34.2779    8.13381         28 0.0000e+00
    479.000    473.502    -0.3936  28.379705    -0.3906  28.380503     5.1355     5.2958    -0.0021    99.2924 1.0000e-12  -73.87808 -118.73328  50.618601      99.94 1.2984e+03    983.105      23596  1029.8222  1029.8202     4.7102     0.0709     0.1230    34.2801    34.2778    8.13413         26 0.0000e+00
    480.000    474.488    -0.3947  28.379053    -0.3922  28.379258     5.1326     5.2958    -0.0112    99.2827 1.0000e-12  -73.87808 -118.73328  50.618613      99.94 1.3019e+03    984.170      23621  1029.8269  1029.8248     4.7098     0.0701     0.1205    34.2798    34.2773    8.13437         26 0.0000e+00
    481.000    475.477    -0.3940  28.380170    -0.3916  28.380328     5.1406     5.2909    -0.0054    99.2803 1.0000e-12  -73.87808 -118.73328  50.618626      99.93 1.3047e+03    985.276      23648  1029.8318  1029.8296     4.7097     0.0707     0.1206    34.2800    34.2774    8.13422         27 0.0000e+00
    482.000    476.463    -0.3930  28.381678    -0.3906  28.381695     5.1433     5.2897    -0.0094    99.2793 1.0000e-12  -73.87808 -118.73328  50.618639      99.94 1.3029e+03    986.452      23676  1029.8367  1029.8344     4.7096     0.0732     0.1184    34.2802    34.2775    8.13399         27 0.0000e+00
    483.000    477.450    -0.3923  28.382815    -0.3899  28.382777     5.1443     5.2899    -0.0087    99.2922 1.0000e-12  -73.87808 -118.73328  50.618653      99.94 1.2990e+03    987.650      23705  1029.8415  1029.8391     4.7102     0.0715     0.1208    34.2803    34.2777    8.13382         29 0.0000e+00
    484.000    478.439    -0.3921  28.383437    -0.3898  28.383490     5.1405     5.2898    -0.0059    99.2875 1.0000e-12  -73.87808 -118.73328  50.618667      96.19 1.2958e+03    988.841      23733  1029.8463  1029.8441     4.7100     0.0700     0.1194    34.2804    34.2778    8.13379         28 0.0000e+00
    485.000    479.425    -0.3920  28.384043    -0.3895  28.384237     5.1359     5.2937    -0.0088    99.2825 1.0000e-12  -73.87808 -118.73328  50.618680      76.52 1.2973e+03    989.984      23761  1029.8511  1029.8488     4.7098     0.0673     0.1214    34.2804    34.2779    8.13375         26 0.0000e+00
    486.000    480.413    -0.3919  28.384493    -0.3894  28.384697     5.1452     5.2947    -0.0091    99.2851 1.0000e-12  -73.87808 -118.73330  50.618693      90.35 1.3017e+03    991.087      23787  1029.8557  1029.8535     4.7099     0.0707     0.1189    34.2803    34.2778    8.13374         27 0.0000e+00
    487.000    481.400    -0.3921  28.384638    -0.3900  28.384563     5.1438     5.2946    -0.0058    99.2898 1.0000e-12  -73.87808 -118.73328  50.618706      99.94 1.3025e+03    992.208      23814  1029.8604  1029.8582     4.7101     0.0714     0.1190    34.2802    34.2777    8.13380         27 0.0000e+00
    488.000    482.387    -0.3912  28.386061    -0.3889  28.386093     5.1441     5.2956    -0.0055    99.2914 1.0000e-12  -73.87808 -118.73330  50.618719      99.93 1.3018e+03    993.321      23841  1029.8653  1029.8631     4.7102     0.0696     0.1197    34.2805    34.2779    8.13359         26 0.0000e+00
    489.000    483.376    -0.3915  28.386272    -0.3892  28.386307     5.1387     5.2975    -0.0061    99.2870 1.0000e-12  -73.87808 -118.73328  50.618732      99.94 1.2979e+03    994.407      23867  1029.8701  1029.8679     4.7100     0.0699     0.1196    34.2805    34.2780    8.13365         27 0.0000e+00
    490.000    484.362    -0.3916  28.386508    -0.3892  28.386732     5.1393     5.2916    -0.0113    99.2938 1.0000e-12  -73.87808 -118.73329  50.618745      99.94 1.2985e+03    995.545      23894  1029.8747  1029.8726     4.7103     0.0708     0.1187    34.2804    34.2779    8.13369         28 0.0000e+00
    491.000    485.350    -0.3917  28.386920    -0.3893  28.386994     5.1484     5.2824    -0.0017    99.2994 1.0000e-12  -73.87808 -118.73329  50.618759      99.94 1.2995e+03    996.749      23923  1029.8795  1029.8773     4.7106     0.0718     0.1195    34.2804    34.2778    8.13369         29 0.0000e+00
    492.000    486.336    -0.3916  28.387333    -0.3898  28.387019     5.1407     5.2896    -0.0040    99.2934 1.0000e-12  -73.87808 -118.73329  50.618772      99.94 1.3017e+03    997.892      23950  1029.8841  1029.8820     4.7103     0.0715     0.1201    34.2803    34.2778    8.13369         26 0.0000e+00
    493.000    487.323    -0.3920  28.387364    -0.3900  28.387178     5.1337     5.2893    -0.0006    99.2895 1.0000e-12  -73.87807 -118.73329  50.618784      99.94 1.3053e+03    998.956      23976  1029.8888  1029.8867     4.7101     0.0702     0.1187    34.2802    34.2777    8.13378         24 0.0000e+00
    494.000    488.313    -0.3927  28.386993    -0.3905  28.387157     5.1447     5.2939    -0.0092    99.2737 1.0000e-12  -73.87807 -118.73329  50.618795      99.93 1.3021e+03    999.904      23999  1029.8934  1029.8914     4.7094     0.0706     0.1188    34.2799    34.2776    8.13395         23 0.0000e+00
    495.000    489.299    -0.3927  28.387575    -0.3904  28.387633     5.1374     5.2930    -0.0039    99.2861 1.0000e-12  -73.87807 -118.73329  50.618807      99.94 1.3004e+03   1000.913      24023  1029.8982  1029.8961     4.7099     0.0699     0.1222    34.2800    34.2775    8.13393         26 0.0000e+00
    496.000    490.285    -0.3928  28.387862    -0.3906  28.387875     5.1408     5.2928    -0.0004    99.2879 1.0000e-12  -73.87807 -118.73329  50.618820      99.94 1.2970e+03   1002.056      24050  1029.9029  1029.9008     4.7100     0.0713     0.1195    34.2800    34.2774    8.13396         27 0.0000e+00
    497.000    491.274    -0.3926  28.388560    -0.3904  28.388513     5.1463     5.2942    -0.0001    99.3065 1.0000e-12  -73.87806 -118.73330  50.618833      86.02 1.3024e+03   1003.160      24077  1029.9077  1029.9055     4.7109     0.0686     0.1198    34.2801    34.2775    8.13392         26 0.0000e+00
    498.000    492.262    -0.3936  28.388054    -0.3911  28.388354     5.1404     5.2979    -0.0063    99.2941 1.0000e-12  -73.87806 -118.73328  50.618845      99.82 1.3024e+03   1004.211      24102  1029.9124  1029.9103     4.7103     0.0712     0.1195    34.2799    34.2774    8.13413         25 0.0000e+00
    499.000    493.247    -0.3925  28.389534    -0.3905  28.389378     5.1347     5.2958    -0.0040    99.2924 1.0000e-12  -73.87806 -118.73330  50.618858      99.93 1.2996e+03   1005.313      24129  1029.9172  1029.9151     4.7102     0.0709     0.1185    34.2801    34.2776    8.13390         29 0.0000e+00
    500.000    494.235    -0.3911  28.391576    -0.3887  28.391631     5.1360     5.2845     0.0098    99.2958 1.0000e-12  -73.87806 -118.73329  50.618872      99.94 1.2986e+03   1006.530      24158  1029.9222  1029.9200     4.7104     0.0705     0.1187    34.2806    34.2780    8.13356         29 0.0000e+00
    501.000    495.223    -0.3877  28.395620    -0.3850  28.395998     5.1268     5.2854    -0.0015    99.2927 1.0000e-12  -73.87806 -118.73329  50.618886      99.94 1.2998e+03   1007.709      24186  1029.9275  1029.9252     4.7102     0.0699     0.1180    34.2816    34.2790    8.13278         27 0.0000e+00
    502.000    496.209    -0.3845  28.399382    -0.3823  28.399397     5.1382     5.2802    -0.0039    99.2859 1.0000e-12  -73.87806 -118.73329  50.618898      99.93 1.2999e+03   1008.792      24212  1029.9325  1029.9305     4.7099     0.0695     0.1168    34.2824    34.2799    8.13204         25 0.0000e+00
    503.000    497.196    -0.3831  28.401220    -0.3811  28.401236     5.1391     5.2787    -0.0042    99.2881 1.0000e-12  -73.87806 -118.73329  50.618909      99.94 1.3013e+03   1009.746      24235  1029.9375  1029.9355     4.7100     0.0709     0.1188    34.2827    34.2804    8.13173         21 0.0000e+00
    504.000    498.185    -0.3840  28.400541    -0.3821  28.400448     5.1380     5.2866    -0.0059    99.2864 1.0000e-12  -73.87806 -118.73329  50.618920      99.94 1.3009e+03   1010.674      24257  1029.9419  1029.9399     4.7099     0.0714     0.1209    34.2822    34.2799    8.13195         24 0.0000e+00
    505.000    499.172    -0.3837  28.401392    -0.3815  28.401351     5.1340     5.2882    -0.0060    99.2841 1.0000e-12  -73.87806 -118.73329  50.618933      99.94 1.2989e+03   1011.791      24284  1029.9468  1029.9446     4.7099     0.0714     0.1200    34.2824    34.2799    8.13188         30 0.0000e+00
    506.000    500.158    -0.3831  28.402432    -0.3810  28.402487     5.1344     5.2771    -0.0039    99.2781 1.0000e-12  -73.87806 -118.73329  50.618947      99.94 1.2957e+03   1013.039      24314  1029.9516  1029.9496     4.7096     0.0709     0.1195    34.2826    34.2803    8.13175         29 0.0000e+00
    507.000    501.146    -0.3837  28.402257    -0.3817  28.402200     5.1311     5.2779    -0.0050    99.1976 1.0000e-12  -73.87806 -118.73330  50.618960      99.94 1.3013e+03   1014.157      24341  1029.9563  1029.9543     4.7057     0.0698     0.1194    34.2824    34.2801    8.13188         24 0.0000e+00
    508.000    502.133    -0.3837  28.402712    -0.3816  28.402712     5.1258     5.2828    -0.0053    98.9673 1.0000e-12  -73.87806 -118.73330  50.618971      90.76 1.3043e+03   1015.107      24364  1029.9610  1029.9589     4.6948     0.0685     0.1205    34.2824    34.2800    8.13187         21 0.0000e+00
    509.000    503.121    -0.3837  28.403226    -0.3813  28.403357     5.1350     5.2847    -0.0044    99.2967 1.0000e-12  -73.87806 -118.73330  50.618981      81.98 1.2997e+03   1015.938      24384  1029.9658  1029.9637     4.7105     0.0688     0.1189    34.2824    34.2800    8.13186         20 0.0000e+00
    510.000    504.108    -0.3833  28.404078    -0.3810  28.404403     5.1414     5.2820    -0.0044    99.2927 1.0000e-12  -73.87806 -118.73330  50.618990      90.93 1.2950e+03   1016.757      24403  1029.9706  1029.9686     4.7102     0.0692     0.1199    34.2826    34.2804    8.13178         20 0.0000e+00
    511.000    505.096    -0.3824  28.405674    -0.3799  28.405944     5.1337     5.2770    -0.0061    99.2903 1.0000e-12  -73.87806 -118.73330  50.619001      98.74 1.2949e+03   1017.646      24425  1029.9756  1029.9736     4.7101     0.0710     0.1207    34.2831    34.2807    8.13155         23 0.0000e+00
    512.000    506.081    -0.3801  28.408416    -0.3779  28.408594     5.1298     5.2735    -0.0056    99.2831 1.0000e-12  -73.87806 -118.73330  50.619012      99.95 1.2942e+03   1018.655      24449  1029.9806  1029.9786     4.7098     0.0720     0.1202    34.2836    34.2813    8.13104         24 0.0000e+00
    513.000    507.070    -0.3784  28.410692    -0.3764  28.410621     5.1332     5.2789    -0.0129    99.2817 1.0000e-12  -73.87806 -118.73330  50.619024      99.93 1.2958e+03   1019.695      24474  1029.9856  1029.9836     4.7098     0.0703     0.1209    34.2841    34.2817    8.13064         25 0.0000e+00
    514.000    508.057    -0.3783  28.411114    -0.3757  28.411827     5.1292     5.2867    -0.0023    99.2859 1.0000e-12  -73.87806 -118.73330  50.619036      99.94 1.3051e+03   1020.718      24498  1029.9903  1029.9885     4.7099     0.0696     0.1199    34.2840    34.2820    8.13063         25 0.0000e+00
    515.000    509.043    -0.3772  28.412855    -0.3748  28.413188     5.1329     5.2821    -0.0013    99.2970 1.0000e-12  -73.87806 -118.73330  50.619048      99.94 1.3034e+03   1021.727      24522  1029.9953  1029.9933     4.7104     0.0707     0.1174    34.2844    34.2822    8.13036         25 0.0000e+00
    516.000    510.032    -0.3733  28.417936    -0.3711  28.417808     5.1410     5.2724    -0.0090    99.3023 1.0000e-12  -73.87806 -118.73330  50.619060      99.93 1.2906e+03   1022.777      24548  1030.0012  1029.9989     4.7107     0.0710     0.1195    34.2863    34.2837    8.12943         25 0.0000e+00
    517.000    511.018    -0.3684  28.424207    -0.3629  28.427631     5.1120     5.2684    -0.0043    99.2960 1.0000e-12  -73.87806 -118.73329  50.619073      99.94 1.2951e+03   1023.937      24575  1030.0073  1030.0056     4.7104     0.0706     0.1199    34.2886    34.2870    8.12825         30 0.0000e+00
