ocean_section_plots/required_files/ctd/dnbp2202_ctd139.cnv
* Sea-Bird SBE 9 Data File:
* FileName = D:\Data\raw\NBP2202_CTD139.hex
* Software Version Seasave V 7.26.7.121
* Temperature SN = 1649
* Conductivity SN = 2513
* Number of Bytes Per Scan = 40
* Number of Voltage Words = 5
* Number of Scans Averaged by the Deck Unit = 1
* NMEA Latitude = 74 01.74 S
* NMEA Longitude = 113 20.67 W
* NMEA UTC (Time) = Jan 29 2022  07:08:00
* NMEA baud rate = 9600
** Ship: RVIB N.B. Palmer
** Cruise: NBP2202 Thwaites
** Station: 68
** Operator: B. Bjork
# nquan = 25
# nvalues = 258                         
# units = specified
# name 0 = prDM: Pressure, Digiquartz [db]
# name 1 = depSM: Depth [salt water, m]
# name 2 = t090C: Temperature [ITS-90, deg C]
# name 3 = c0mS/cm: Conductivity [mS/cm]
# name 4 = t190C: Temperature, 2 [ITS-90, deg C]
# name 5 = c1mS/cm: Conductivity, 2 [mS/cm]
# name 6 = sbeox0ML/L: Oxygen, SBE 43 [ml/l]
# name 7 = sbeox1ML/L: Oxygen, SBE 43, 2 [ml/l]
# name 8 = flECO-AFL: Fluorescence, WET Labs ECO-AFL/FL [mg/m^3]
# name 9 = CStarTr0: Beam Transmission, WET Labs C-Star [%]
# name 10 = par: PAR/Irradiance, Biospherical/Licor
# name 11 = latitude: Latitude [deg]
# name 12 = longitude: Longitude [deg]
# name 13 = timeJ: Julian Days
# name 14 = altM: Altimeter [m]
# name 15 = spar: SPAR, Biospherical/Licor
# name 16 = timeS: Time, Elapsed [seconds]
# name 17 = scan: Scan Count
# name 18 = density00: Density [density, kg/m^3]
# name 19 = density11: Density, 2 [density, kg/m^3]
# name 20 = sal00: Salinity, Practical [PSU]
# name 21 = sal11: Salinity, Practical, 2 [PSU]
# name 22 = oxsolML/L: Oxygen Saturation, Garcia & Gordon [ml/l]
# name 23 = nbin: number of scans per bin
# name 24 = flag: flag
# span 0 =      3.000,    260.000       
# span 1 =      2.976,    257.144       
# span 2 =    -1.3545,    -0.6925       
# span 3 =  27.105469,  27.898581       
# span 4 =    -1.3548,    -0.6910       
# span 5 =  27.105395,  27.898296       
# span 6 =     5.0346,     8.7219       
# span 7 =     5.1436,     8.9533       
# span 8 =    -0.0189,    28.2366       
# span 9 =    66.7623,    93.6518       
# span 10 = 1.0000e-12, 3.2096e+00      
# span 11 =  -74.02906,  -74.02904      
# span 12 = -113.34464, -113.34462      
# span 13 =  29.299603,  29.304502      
# span 14 =      -0.03,     100.24      
# span 15 = 1.9177e+01, 2.9232e+01      
# span 16 =    205.691,    628.888      
# span 17 =       4938,      15094      
# span 18 =  1027.1800,  1028.6615      
# span 19 =  1027.1817,  1028.6591      
# span 20 =    33.7809,    34.1086      
# span 21 =    33.7822,    34.1065      
# span 22 =    8.20858,    8.36829      
# span 23 =          1,         46      
# span 24 = 0.0000e+00, 0.0000e+00      
# interval = decibars: 1                
# start_time = Jan 29 2022 07:08:00 [NMEA time, header]
# bad_flag = -9.990e-29
*END*
[from data line 58]
     61.000     60.361    -1.1455  27.231974    -1.1459  27.231811     7.4303     7.6394    14.5800    71.9782 1.0000e-12  -74.02906 -113.34463  29.300967      98.07 2.4680e+01    323.584       7767  1027.5049  1027.5051    33.8304    33.8307    8.32428         42 0.0000e+00
     62.000     61.349    -1.1557  27.224499    -1.1564  27.224390     7.3539     7.5783    14.5798    72.6538 1.0000e-12  -74.02906 -113.34464  29.300990      99.22 2.4680e+01    325.529       7814  1027.5105  1027.5110    33.8311    33.8316    8.32651         41 0.0000e+00
     63.000     62.338    -1.1746  27.210422    -1.1679  27.216120     7.2314     7.4581    14.8152    72.7852 1.0000e-12  -74.02905 -113.34464  29.301012      99.73 2.4680e+01    327.429       7859  1027.5174  1027.5172    33.8325    33.8327    8.33063         42 0.0000e+00
     64.000     63.328    -1.1982  27.191785    -1.1990  27.191920     7.1806     7.3927    13.4846    74.5284 1.0000e-12  -74.02905 -113.34464  29.301031      99.80 2.4913e+01    329.070       7899  1027.5238  1027.5247    33.8330    33.8341    8.33586         38 0.0000e+00
     65.000     64.318    -1.2072  27.185359    -1.2086  27.184381     7.1317     7.3378    12.7855    74.4362 1.0000e-12  -74.02905 -113.34464  29.301049      99.75 2.5646e+01    330.649       7937  1027.5294  1027.5297    33.8337    33.8340    8.33781         35 0.0000e+00
     66.000     65.307    -1.2143  27.180164    -1.2157  27.179532     7.0464     7.2437    13.6720    75.3104 1.0000e-12  -74.02905 -113.34464  29.301066      99.46 2.4888e+01    332.102       7971  1027.5346  1027.5353    33.8341    33.8348    8.33940         34 0.0000e+00
     67.000     66.296    -1.2332  27.166909    -1.2343  27.166733     6.9623     7.1614    12.6545    74.1641 1.0000e-12  -74.02905 -113.34464  29.301082      99.49 2.4946e+01    333.484       8005  1027.5423  1027.5432    33.8366    33.8376    8.34345         33 0.0000e+00
     68.000     67.287    -1.2445  27.159364    -1.2483  27.157115     6.9147     7.1171    13.6177    75.5057 1.0000e-12  -74.02905 -113.34464  29.301098      99.74 2.6054e+01    334.851       8037  1027.5491  1027.5503    33.8384    33.8397    8.34587         32 0.0000e+00
     69.000     68.274    -1.2531  27.153982    -1.2535  27.153879     6.9110     7.1089    13.8128    77.1496 1.0000e-12  -74.02905 -113.34464  29.301113      98.22 2.5398e+01    336.184       8069  1027.5554  1027.5557    33.8401    33.8404    8.34769         32 0.0000e+00
     70.000     69.264    -1.2544  27.153639    -1.2543  27.153792     6.9237     7.1082    12.7890    76.6949 1.0000e-12  -74.02905 -113.34464  29.301129      97.31 2.5375e+01    337.533       8102  1027.5604  1027.5604    33.8405    33.8406    8.34796         33 0.0000e+00
     71.000     70.254    -1.2533  27.154942    -1.2529  27.155296     6.9170     7.0881    12.0029    77.6770 1.0000e-12  -74.02905 -113.34464  29.301145      99.35 2.5782e+01    338.895       8134  1027.5648  1027.5648    33.8404    33.8405    8.34772         32 0.0000e+00
     72.000     71.243    -1.2555  27.154048    -1.2562  27.153694     6.8962     7.0571    12.4470    77.6078 1.0000e-12  -74.02906 -113.34464  29.301160      99.36 2.6032e+01    340.190       8166  1027.5700  1027.5704    33.8410    33.8414    8.34817         30 0.0000e+00
     73.000     72.232    -1.2581  27.152759    -1.2606  27.151165     6.8597     7.0298    12.4298    77.7609 1.0000e-12  -74.02906 -113.34464  29.301174      99.34 2.5593e+01    341.450       8196  1027.5753  1027.5759    33.8416    33.8422    8.34872         31 0.0000e+00
     74.000     73.222    -1.2623  27.150328    -1.2644  27.149105     6.8197     6.9955    10.8717    78.5021 1.0000e-12  -74.02906 -113.34464  29.301189      99.38 2.5678e+01    342.719       8226  1027.5809  1027.5815    33.8424    33.8431    8.34962         30 0.0000e+00
     75.000     74.210    -1.2691  27.145953    -1.2700  27.145563     6.7881     6.9619    10.0165    78.4659 1.0000e-12  -74.02906 -113.34464  29.301203      99.36 2.5969e+01    343.964       8256  1027.5868  1027.5872    33.8435    33.8439    8.35108         30 0.0000e+00
     76.000     75.200    -1.2728  27.143844    -1.2728  27.143845     6.7546     6.9321    10.7941    79.2498 1.0000e-12  -74.02906 -113.34464  29.301218      99.34 2.6031e+01    345.226       8286  1027.5922  1027.5922    33.8441    33.8441    8.35185         30 0.0000e+00
     77.000     76.189    -1.2775  27.141930    -1.2786  27.141408     6.7366     6.9120    11.2736    79.6707 1.0000e-12  -74.02906 -113.34464  29.301233      99.36 2.6445e+01    346.508       8317  1027.5988  1027.5993    33.8462    33.8467    8.35279         31 0.0000e+00
     78.000     77.179    -1.2802  27.140565    -1.2808  27.140364     6.7267     6.9001     9.3818    79.5653 1.0000e-12  -74.02906 -113.34464  29.301247      99.37 2.6443e+01    347.751       8347  1027.6041  1027.6045    33.8467    33.8471    8.35335         29 0.0000e+00
     79.000     78.168    -1.2810  27.140947    -1.2813  27.140801     6.7146     6.8841     9.9965    78.9115 1.0000e-12  -74.02906 -113.34464  29.301261      99.43 2.6443e+01    348.944       8376  1027.6095  1027.6096    33.8476    33.8476    8.35349         29 0.0000e+00
     80.000     79.158    -1.2833  27.139755    -1.2834  27.139905     6.6629     6.8396     9.1207    80.4304 1.0000e-12  -74.02906 -113.34464  29.301275      94.03 2.6443e+01    350.158       8405  1027.6146  1027.6149    33.8479    33.8482    8.35399         30 0.0000e+00
     81.000     80.147    -1.2861  27.138402    -1.2862  27.138462     6.6008     6.7787     9.6491    81.2262 1.0000e-12  -74.02906 -113.34464  29.301289      99.33 2.6443e+01    351.410       8435  1027.6201  1027.6202    33.8486    33.8488    8.35458         29 0.0000e+00
     82.000     81.135    -1.3002  27.128292    -1.2994  27.129062     6.5492     6.7341     9.7828    81.0897 1.0000e-12  -74.02906 -113.34464  29.301304      99.41 2.6443e+01    352.634       8464  1027.6268  1027.6269    33.8500    33.8502    8.35764         30 0.0000e+00
     83.000     82.125    -1.3080  27.122854    -1.3091  27.122504     6.5301     6.7030    10.5563    81.1871 1.0000e-12  -74.02906 -113.34464  29.301318      99.47 2.6443e+01    353.857       8494  1027.6326  1027.6332    33.8508    33.8515    8.35935         29 0.0000e+00
     84.000     83.115    -1.3019  27.130362    -1.3011  27.130629     6.4791     6.6490     8.7450    80.9498 1.0000e-12  -74.02906 -113.34464  29.301332      99.43 2.6443e+01    355.096       8523  1027.6390  1027.6385    33.8535    33.8530    8.35781         29 0.0000e+00
     85.000     84.104    -1.2969  27.138922    -1.2972  27.138803     6.3788     6.5558     8.7999    82.0848 1.0000e-12  -74.02906 -113.34464  29.301346      99.49 2.6443e+01    356.292       8552  1027.6479  1027.6481    33.8590    33.8592    8.35636         29 0.0000e+00
     86.000     85.092    -1.3005  27.139704    -1.3007  27.139680     6.2168     6.4031     8.2213    81.1836 1.0000e-12  -74.02906 -113.34464  29.301360      99.45 2.6443e+01    357.502       8581  1027.6565  1027.6567    33.8635    33.8637    8.35690         29 0.0000e+00
     87.000     86.080    -1.3098  27.135171    -1.3104  27.135440     6.0260     6.2336     7.9271    82.5781 1.0000e-12  -74.02906 -113.34464  29.301374      99.47 2.6443e+01    358.737       8611  1027.6648  1027.6657    33.8672    33.8682    8.35877         30 0.0000e+00
     88.000     87.074    -1.3454  27.110786    -1.3456  27.111134     5.8814     6.0912     7.6323    82.3595 1.0000e-12  -74.02906 -113.34464  29.301388      99.61 2.6443e+01    359.954       8640  1027.6768  1027.6774    33.8735    33.8742    8.36639         29 0.0000e+00
     89.000     88.061    -1.3545  27.105469    -1.3548  27.105395     5.7986     5.9996     6.1033    81.3877 1.0000e-12  -74.02906 -113.34464  29.301402      99.55 2.6443e+01    361.165       8669  1027.6838  1027.6840    33.8758    33.8760    8.36829         29 0.0000e+00
     90.000     89.049    -1.3511  27.117797    -1.3504  27.117776     5.7822     5.9680     5.0947    83.3689 1.0000e-12  -74.02906 -113.34464  29.301416      99.68 2.6443e+01    362.375       8698  1027.6982  1027.6976    33.8882    33.8875    8.36677         29 0.0000e+00
     91.000     90.039    -1.3430  27.128066    -1.3430  27.127953     5.7662     5.9429     3.6009    84.1370 1.0000e-12  -74.02906 -113.34464  29.301430      97.81 2.6443e+01    363.544       8726  1027.7059  1027.7058    33.8926    33.8924    8.36471         28 0.0000e+00
     92.000     91.028    -1.3374  27.134490    -1.3373  27.134301     5.7323     5.8977     2.6340    83.8142 1.0000e-12  -74.02906 -113.34464  29.301444      99.56 2.6443e+01    364.744       8755  1027.7118  1027.7115    33.8945    33.8941    8.36334         29 0.0000e+00
     93.000     92.017    -1.3357  27.136751    -1.3360  27.136610     5.7159     5.8733     2.3956    84.3062 1.0000e-12  -74.02906 -113.34464  29.301458      99.66 2.6443e+01    365.941       8784  1027.7168  1027.7170    33.8950    33.8952    8.36292         28 0.0000e+00
     94.000     93.007    -1.3381  27.136053    -1.3382  27.135926     5.7150     5.8623     2.1028    86.9053 1.0000e-12  -74.02906 -113.34464  29.301471      99.76 2.6443e+01    367.106       8812  1027.7227  1027.7227    33.8962    33.8961    8.36340         27 0.0000e+00
     95.000     93.997    -1.3333  27.141191    -1.3332  27.140945     5.6993     5.8334     2.3842    87.7829 1.0000e-12  -74.02906 -113.34464  29.301485      99.73 2.6443e+01    368.286       8840  1027.7279  1027.7276    33.8972    33.8967    8.36227         30 0.0000e+00
     96.000     94.984    -1.3341  27.141221    -1.3342  27.141114     5.6478     5.7908     2.4855    87.9766 1.0000e-12  -74.02906 -113.34464  29.301498      99.69 2.6443e+01    369.462       8868  1027.7330  1027.7330    33.8975    33.8975    8.36242         28 0.0000e+00
     97.000     95.974    -1.3361  27.140709    -1.3359  27.140502     5.6165     5.7533     1.9479    89.1771 1.0000e-12  -74.02906 -113.34464  29.301512      99.72 2.6443e+01    370.645       8896  1027.7386  1027.7383    33.8984    33.8979    8.36281         28 0.0000e+00
     98.000     96.964    -1.3299  27.147889    -1.3300  27.147559     5.6032     5.7372     2.1123    89.1028 1.0000e-12  -74.02906 -113.34463  29.301526      99.75 2.6443e+01    371.843       8925  1027.7449  1027.7445    33.9006    33.9002    8.36129         29 0.0000e+00
     99.000     97.953    -1.3269  27.151514    -1.3270  27.151163     5.5998     5.7344     1.9790    89.3715 1.0000e-12  -74.02906 -113.34463  29.301540      99.77 2.6443e+01    373.034       8954  1027.7502  1027.7499    33.9015    33.9013    8.36056         29 0.0000e+00
    100.000     98.942    -1.3256  27.153204    -1.3256  27.153102     5.5933     5.7219     1.7090    90.0855 1.0000e-12  -74.02906 -113.34462  29.301554      99.77 2.6443e+01    374.234       8983  1027.7551  1027.7550    33.9018    33.9017    8.36026         28 0.0000e+00
    101.000     99.930    -1.3241  27.155277    -1.3241  27.155083     5.5848     5.7095     1.5175    89.9962 1.0000e-12  -74.02906 -113.34464  29.301567      99.79 2.6443e+01    375.411       9011  1027.7603  1027.7601    33.9023    33.9021    8.35989         28 0.0000e+00
    102.000    100.920    -1.3202  27.159780    -1.3197  27.159908     5.5843     5.7051     1.8352    90.6268 1.0000e-12  -74.02906 -113.34462  29.301581      97.70 2.6443e+01    376.602       9039  1027.7659  1027.7654    33.9035    33.9031    8.35896         30 0.0000e+00
    103.000    101.911    -1.3183  27.162211    -1.3179  27.162229     5.5753     5.6982     1.3483    90.7722 1.0000e-12  -74.02906 -113.34462  29.301595      99.79 2.6443e+01    377.809       9068  1027.7710  1027.7706    33.9040    33.9037    8.35848         28 0.0000e+00
    104.000    102.898    -1.3141  27.166988    -1.3139  27.166829     5.5630     5.6847     1.6057    91.2968 1.0000e-12  -74.02906 -113.34462  29.301609      99.79 2.6443e+01    379.000       9097  1027.7766  1027.7761    33.9052    33.9047    8.35749         28 0.0000e+00
    105.000    103.888    -1.3097  27.172497    -1.3097  27.171873     5.5595     5.6807     1.3312    90.9586 1.0000e-12  -74.02906 -113.34462  29.301622      99.77 2.6443e+01    380.172       9125  1027.7827  1027.7820    33.9072    33.9063    8.35639         29 0.0000e+00
    106.000    104.876    -1.3069  27.175985    -1.3063  27.176460     5.5562     5.6767     0.9577    91.3736 1.0000e-12  -74.02906 -113.34462  29.301636      99.80 2.6443e+01    381.345       9153  1027.7882  1027.7881    33.9082    33.9081    8.35569         28 0.0000e+00
    107.000    105.865    -1.3070  27.176290    -1.3071  27.175913     5.5406     5.6647     1.2802    90.8648 1.0000e-12  -74.02906 -113.34462  29.301650      99.79 2.6443e+01    382.522       9182  1027.7930  1027.7926    33.9081    33.9076    8.35573         28 0.0000e+00
    108.000    106.855    -1.2985  27.186483    -1.2983  27.185914     5.5345     5.6539     1.4325    90.4407 1.0000e-12  -74.02906 -113.34462  29.301663      99.79 2.6443e+01    383.718       9210  1027.8004  1027.7995    33.9119    33.9108    8.35361         29 0.0000e+00
    109.000    107.844    -1.2945  27.192301    -1.2945  27.192009     5.5389     5.6537     1.0468    91.6398 1.0000e-12  -74.02906 -113.34462  29.301677      99.80 2.6443e+01    384.915       9239  1027.8072  1027.8069    33.9146    33.9142    8.35253         28 0.0000e+00
    110.000    108.834    -1.2952  27.193108    -1.2951  27.192848     5.5322     5.6552     1.4601    91.6216 1.0000e-12  -74.02906 -113.34462  29.301691      99.79 2.6443e+01    386.075       9267  1027.8132  1027.8128    33.9159    33.9154    8.35262         29 0.0000e+00
    111.000    109.822    -1.2965  27.192519    -1.2963  27.192429     5.5343     5.6505     1.4521    92.1693 1.0000e-12  -74.02906 -113.34464  29.301704      99.82 2.6443e+01    387.255       9295  1027.8181  1027.8179    33.9159    33.9156    8.35290         28 0.0000e+00
    112.000    110.812    -1.2959  27.193534    -1.2957  27.193364     5.5288     5.6475     1.0664    91.7672 1.0000e-12  -74.02906 -113.34462  29.301718      99.81 2.6443e+01    388.441       9324  1027.8231  1027.8227    33.9161    33.9156    8.35277         28 0.0000e+00
    113.000    111.800    -1.2913  27.198022    -1.2913  27.197688     5.5230     5.6424     0.6284    91.5930 1.0000e-12  -74.02906 -113.34463  29.301732      95.39 2.6443e+01    389.615       9352  1027.8279  1027.8275    33.9164    33.9159    8.35172         29 0.0000e+00
    114.000    112.792    -1.2903  27.199423    -1.2902  27.199212     5.5239     5.6464     0.5620    91.9836 1.0000e-12  -74.02906 -113.34463  29.301745      99.76 2.6443e+01    390.796       9380  1027.8328  1027.8325    33.9166    33.9161    8.35149         28 0.0000e+00
    115.000    113.778    -1.2907  27.199845    -1.2905  27.199576     5.5278     5.6438     1.4191    92.6099 1.0000e-12  -74.02906 -113.34463  29.301759      99.81 2.6443e+01    391.981       9409  1027.8380  1027.8375    33.9169    33.9163    8.35155         28 0.0000e+00
    116.000    114.769    -1.2925  27.198744    -1.2927  27.198325     5.5301     5.6425     0.9182    92.7319 1.0000e-12  -74.02906 -113.34464  29.301773      99.80 2.6443e+01    393.162       9437  1027.8429  1027.8427    33.9169    33.9165    8.35196         29 0.0000e+00
    117.000    115.757    -1.2942  27.198254    -1.2938  27.198092     5.5334     5.6374     0.4826    92.8505 1.0000e-12  -74.02906 -113.34462  29.301786      99.82 2.6443e+01    394.315       9465  1027.8483  1027.8478    33.9174    33.9169    8.35229         27 0.0000e+00
