ocean_section_plots/required_files/ctd/dnbp2202_ctd107.cnv
* Sea-Bird SBE 9 Data File:
* FileName = D:\Data\raw\NBP2202_CTD107.hex
* Software Version Seasave V 7.26.7.121
* Temperature SN = 1649
* Conductivity SN = 2513
* Number of Bytes Per Scan = 40
* Number of Voltage Words = 5
* Number of Scans Averaged by the Deck Unit = 1
* NMEA Latitude = 74 10.52 S
* NMEA Longitude = 113 20.65 W
* NMEA UTC (Time) = Jan 27 2022  05:38:13
* NMEA baud rate = 9600
** Ship: RVIB N.B. Palmer
** Cruise: NBP2202 Thwaites
** Station: YoYo001
** Operator: B. Bjork
# nquan = 25
# nvalues = 608                         
# units = specified
# name 0 = prDM: Pressure, Digiquartz [db]
# name 1 = depSM: Depth [salt water, m]
# name 2 = t090C: Temperature [ITS-90, deg C]
# name 3 = c0mS/cm: Conductivity [mS/cm]
# name 4 = t190C: Temperature, 2 [ITS-90, deg C]
# name 5 = c1mS/cm: Conductivity, 2 [mS/cm]
# name 6 = sbeox0ML/L: Oxygen, SBE 43 [ml/l]
# name 7 = sbeox1ML/L: Oxygen, SBE 43, 2 [ml/l]
# name 8 = flECO-AFL: Fluorescence, WET Labs ECO-AFL/FL [mg/m^3]
# name 9 = CStarTr0: Beam Transmission, WET Labs C-Star [%]
# name 10 = par: PAR/Irradiance, Biospherical/Licor
# name 11 = latitude: Latitude [deg]
# name 12 = longitude: Longitude [deg]
# name 13 = timeJ: Julian Days
# name 14 = altM: Altimeter [m]
# name 15 = spar: SPAR, Biospherical/Licor
# name 16 = timeS: Time, Elapsed [seconds]
# name 17 = scan: Scan Count
# name 18 = density00: Density [density, kg/m^3]
# name 19 = density11: Density, 2 [density, kg/m^3]
# name 20 = sal00: Salinity, Practical [PSU]
# name 21 = sal11: Salinity, Practical, 2 [PSU]
# name 22 = oxsolML/L: Oxygen Saturation, Garcia & Gordon [ml/l]
# name 23 = nbin: number of scans per bin
# name 24 = flag: flag
# span 0 =     10.000,    617.000       
# span 1 =      9.895,    609.711       
# span 2 =    -1.4575,     0.1136       
# span 3 =  26.983977,  28.949568       
# span 4 =    -1.4563,     0.1159       
# span 5 =  26.984292,  28.949308       
# span 6 =     4.6905,     8.5822       
# span 7 =     4.7500,     8.5235       
# span 8 =    -0.0224,    27.4239       
# span 9 =    67.6203,    95.5989       
# span 10 = 1.0000e-12, 2.2580e+00      
# span 11 =  -74.17536,  -74.17536      
# span 12 = -113.34426, -113.34424      
# span 13 =  27.235554,  27.244034      
# span 14 =       7.91,     100.57      
# span 15 = 9.8716e+01, 1.1287e+02      
# span 16 =     58.908,    791.559      
# span 17 =       1415,      18998      
# span 18 =  1027.2278,  1030.5256      
# span 19 =  1027.2243,  1030.5232      
# span 20 =    33.7932,    34.3867      
# span 21 =    33.7900,    34.3837      
# span 22 =    8.02084,    8.39441      
# span 23 =         10,         44      
# span 24 = 0.0000e+00, 0.0000e+00      
# interval = decibars: 1                
# start_time = Jan 27 2022 05:38:13 [NMEA time, header]
# bad_flag = -9.990e-29
*END*
[from data line 464]
    474.000    468.557    -0.0943  28.657926    -0.0917  28.658108     4.7569     4.8263    -0.0120    95.1163 1.0000e-12  -74.17536 -113.34424  27.241683      99.87 1.0225e+02    588.447      14124  1029.8100  1029.8077    34.3174    34.3147    8.06839         24 0.0000e+00
    475.000    469.545    -0.0909  28.662042    -0.0892  28.661171     4.7562     4.8277    -0.0162    95.1020 1.0000e-12  -74.17536 -113.34424  27.241695      99.86 1.0225e+02    589.464      14148  1029.8154  1029.8128    34.3184    34.3154    8.06762         25 0.0000e+00
    476.000    470.532    -0.0889  28.664761    -0.0868  28.664337     4.7545     4.8259    -0.0092    95.1333 1.0000e-12  -74.17536 -113.34424  27.241707      99.86 1.0225e+02    590.484      14173  1029.8205  1029.8181    34.3192    34.3164    8.06715         24 0.0000e+00
    477.000    471.521    -0.0842  28.670518    -0.0822  28.669760     4.7535     4.8173    -0.0089    95.1454 1.0000e-12  -74.17536 -113.34424  27.241719      99.86 1.0225e+02    591.506      14197  1029.8263  1029.8237    34.3210    34.3178    8.06606         25 0.0000e+00
    478.000    472.507    -0.0754  28.680197    -0.0740  28.678992     4.7519     4.8203    -0.0016    95.1450 1.0000e-12  -74.17536 -113.34424  27.241731      99.86 1.0225e+02    592.527      14222  1029.8322  1029.8296    34.3233    34.3202    8.06407         24 0.0000e+00
    479.000    473.496    -0.0751  28.681051    -0.0730  28.680662     4.7545     4.8214    -0.0010    95.1464 1.0000e-12  -74.17536 -113.34424  27.241742      99.86 1.0225e+02    593.547      14246  1029.8371  1029.8348    34.3235    34.3207    8.06399         25 0.0000e+00
    480.000    474.480    -0.0750  28.681568    -0.0729  28.681335     4.7538     4.8237    -0.0091    95.1679 1.0000e-12  -74.17536 -113.34424  27.241754      69.99 1.0225e+02    594.578      14271  1029.8419  1029.8396    34.3235    34.3208    8.06397         25 0.0000e+00
    481.000    475.470    -0.0734  28.683801    -0.0711  28.683802     4.7501     4.8179    -0.0086    95.1883 1.0000e-12  -74.17536 -113.34424  27.241766      84.10 1.0225e+02    595.611      14296  1029.8470  1029.8448    34.3241    34.3215    8.06361         25 0.0000e+00
    482.000    476.457    -0.0711  28.686933    -0.0688  28.686567     4.7494     4.8149    -0.0100    95.2028 1.0000e-12  -74.17536 -113.34424  27.241778      95.58 1.0225e+02    596.648      14321  1029.8524  1029.8498    34.3251    34.3221    8.06307         25 0.0000e+00
    483.000    477.444    -0.0686  28.690030    -0.0667  28.689612     4.7530     4.8206    -0.0095    95.2392 1.0000e-12  -74.17536 -113.34424  27.241790      99.84 1.0225e+02    597.683      14345  1029.8575  1029.8552    34.3258    34.3231    8.06250         24 0.0000e+00
    484.000    478.431    -0.0686  28.691118    -0.0663  28.691067     4.7565     4.8208    -0.0095    95.2257 1.0000e-12  -74.17536 -113.34424  27.241802      99.86 1.0225e+02    598.706      14370  1029.8629  1029.8607    34.3266    34.3241    8.06245         25 0.0000e+00
    485.000    479.418    -0.0697  28.691004    -0.0672  28.691041     4.7605     4.8244    -0.0035    95.2444 1.0000e-12  -74.17536 -113.34424  27.241814      99.87 1.0225e+02    599.719      14394  1029.8682  1029.8658    34.3271    34.3243    8.06265         23 0.0000e+00
    486.000    480.406    -0.0703  28.690815    -0.0681  28.690746     4.7639     4.8246    -0.0048    95.2474 1.0000e-12  -74.17536 -113.34424  27.241826      99.86 1.0225e+02    600.725      14418  1029.8730  1029.8707    34.3270    34.3244    8.06280         25 0.0000e+00
    487.000    481.394    -0.0712  28.690474    -0.0692  28.690167     4.7666     4.8328    -0.0047    95.2523 1.0000e-12  -74.17536 -113.34424  27.241837      99.86 1.0225e+02    601.744      14443  1029.8778  1029.8755    34.3270    34.3243    8.06299         24 0.0000e+00
    488.000    482.380    -0.0731  28.689398    -0.0703  28.689736     4.7660     4.8365    -0.0071    95.2504 1.0000e-12  -74.17536 -113.34424  27.241849      99.86 1.0225e+02    602.757      14467  1029.8827  1029.8804    34.3270    34.3244    8.06337         25 0.0000e+00
    489.000    483.368    -0.0700  28.695570    -0.0679  28.694894     4.7659     4.8325    -0.0077    95.2402 1.0000e-12  -74.17536 -113.34424  27.241861      99.87 1.0225e+02    603.785      14492  1029.8905  1029.8877    34.3312    34.3279    8.06250         25 0.0000e+00
    490.000    484.355    -0.0680  28.698321    -0.0659  28.698066     4.7619     4.8305     0.0002    95.2319 1.0000e-12  -74.17536 -113.34424  27.241873      99.87 1.0225e+02    604.806      14516  1029.8957  1029.8934    34.3319    34.3293    8.06202         24 0.0000e+00
    491.000    485.343    -0.0667  28.700278    -0.0647  28.699790     4.7622     4.8305    -0.0165    95.1905 1.0000e-12  -74.17536 -113.34424  27.241885      99.86 1.0225e+02    605.827      14541  1029.9007  1029.8983    34.3325    34.3297    8.06172         24 0.0000e+00
    492.000    486.330    -0.0652  28.702411    -0.0628  28.702556     4.7605     4.8248    -0.0100    95.1668 1.0000e-12  -74.17536 -113.34424  27.241896      99.86 1.0225e+02    606.840      14565  1029.9058  1029.9036    34.3330    34.3305    8.06137         25 0.0000e+00
    493.000    487.316    -0.0651  28.702912    -0.0630  28.702704     4.7610     4.8228    -0.0098    95.1375 1.0000e-12  -74.17536 -113.34424  27.241908      76.07 1.0225e+02    607.852      14589  1029.9106  1029.9083    34.3331    34.3304    8.06136         24 0.0000e+00
    494.000    488.304    -0.0651  28.703503    -0.0628  28.703410     4.7594     4.8227    -0.0013    95.1256 1.0000e-12  -74.17536 -113.34424  27.241920      89.68 1.0225e+02    608.861      14614  1029.9155  1029.9131    34.3332    34.3305    8.06135         24 0.0000e+00
    495.000    489.292    -0.0634  28.705714    -0.0610  28.705826     4.7561     4.8226    -0.0168    95.0814 1.0000e-12  -74.17536 -113.34424  27.241931      99.89 1.0225e+02    609.878      14638  1029.9204  1029.9181    34.3337    34.3311    8.06096         25 0.0000e+00
    496.000    490.279    -0.0638  28.705634    -0.0615  28.705709     4.7522     4.8187    -0.0097    95.0621 1.0000e-12  -74.17536 -113.34424  27.241943      99.86 1.0225e+02    610.911      14663  1029.9250  1029.9228    34.3334    34.3309    8.06106         24 0.0000e+00
    497.000    491.265    -0.0612  28.709058    -0.0590  28.708892     4.7527     4.8123    -0.0094    95.0598 1.0000e-12  -74.17536 -113.34424  27.241955      99.86 1.0225e+02    611.933      14687  1029.9303  1029.9280    34.3344    34.3318    8.06045         25 0.0000e+00
    498.000    492.255    -0.0605  28.710355    -0.0580  28.710473     4.7546     4.8190    -0.0086    95.0297 1.0000e-12  -74.17536 -113.34424  27.241967      99.86 1.0225e+02    612.955      14712  1029.9352  1029.9329    34.3348    34.3321    8.06028         24 0.0000e+00
    499.000    493.240    -0.0591  28.712388    -0.0569  28.712178     4.7510     4.8246    -0.0095    95.0058 1.0000e-12  -74.17536 -113.34424  27.241979      99.87 1.0225e+02    613.978      14736  1029.9403  1029.9380    34.3353    34.3326    8.05996         25 0.0000e+00
    500.000    494.229    -0.0590  28.712913    -0.0568  28.712762     4.7484     4.8234    -0.0101    94.9925 1.0000e-12  -74.17536 -113.34424  27.241991      99.87 1.0225e+02    614.987      14761  1029.9450  1029.9428    34.3353    34.3327    8.05994         24 0.0000e+00
    501.000    495.215    -0.0554  28.717501    -0.0538  28.716639     4.7480     4.8231    -0.0054    94.9878 1.0000e-12  -74.17536 -113.34424  27.242002      99.86 1.0225e+02    615.996      14785  1029.9506  1029.9481    34.3367    34.3338    8.05910         25 0.0000e+00
    502.000    496.202    -0.0537  28.719793    -0.0513  28.719746     4.7502     4.8217    -0.0077    94.9744 1.0000e-12  -74.17536 -113.34424  27.242014      99.86 1.0225e+02    617.019      14809  1029.9556  1029.9533    34.3373    34.3346    8.05871         24 0.0000e+00
    503.000    497.190    -0.0521  28.722038    -0.0496  28.722196     4.7503     4.8224    -0.0156    94.9805 1.0000e-12  -74.17536 -113.34424  27.242026      99.86 1.0225e+02    618.037      14834  1029.9607  1029.9584    34.3379    34.3353    8.05834         25 0.0000e+00
    504.000    498.178    -0.0502  28.724707    -0.0481  28.724447     4.7515     4.8240    -0.0095    94.9851 1.0000e-12  -74.17536 -113.34424  27.242038      99.86 1.0225e+02    619.063      14859  1029.9659  1029.9636    34.3386    34.3359    8.05789         24 0.0000e+00
    505.000    499.163    -0.0497  28.725654    -0.0476  28.725487     4.7497     4.8191    -0.0089    94.9826 1.0000e-12  -74.17536 -113.34424  27.242050      99.86 1.0225e+02    620.087      14883  1029.9707  1029.9685    34.3388    34.3362    8.05778         25 0.0000e+00
    506.000    500.151    -0.0481  28.727861    -0.0459  28.727668     4.7502     4.8138    -0.0101    94.9517 1.0000e-12  -74.17536 -113.34424  27.242061      88.60 1.0225e+02    621.109      14908  1029.9758  1029.9734    34.3393    34.3366    8.05742         24 0.0000e+00
    507.000    501.141    -0.0439  28.733285    -0.0412  28.733317     4.7494     4.8141    -0.0174    94.9413 1.0000e-12  -74.17536 -113.34424  27.242073      86.87 1.0225e+02    622.134      14932  1029.9816  1029.9791    34.3412    34.3383    8.05642         25 0.0000e+00
    508.000    502.127    -0.0399  28.737877    -0.0377  28.737696     4.7471     4.8177    -0.0171    94.9527 1.0000e-12  -74.17536 -113.34424  27.242085      98.23 1.0225e+02    623.164      14957  1029.9868  1029.9846    34.3422    34.3395    8.05552         25 0.0000e+00
    509.000    503.112    -0.0385  28.739995    -0.0365  28.739528     4.7466     4.8114    -0.0095    94.9562 1.0000e-12  -74.17536 -113.34424  27.242097      99.88 1.0225e+02    624.195      14982  1029.9920  1029.9896    34.3429    34.3400    8.05519         24 0.0000e+00
    510.000    504.101    -0.0362  28.742785    -0.0346  28.742024     4.7480     4.8066    -0.0092    94.9465 1.0000e-12  -74.17536 -113.34424  27.242109      99.86 1.0225e+02    625.219      15006  1029.9970  1029.9946    34.3434    34.3406    8.05468         25 0.0000e+00
    511.000    505.087    -0.0356  28.743976    -0.0331  28.744037     4.7454     4.8111    -0.0155    94.9374 1.0000e-12  -74.17536 -113.34424  27.242121      99.86 1.0225e+02    626.239      15031  1030.0019  1029.9996    34.3437    34.3410    8.05453         25 0.0000e+00
    512.000    506.075    -0.0340  28.746098    -0.0321  28.745535     4.7485     4.8158    -0.0162    94.9242 1.0000e-12  -74.17536 -113.34424  27.242133      99.86 1.0225e+02    627.253      15055  1030.0069  1030.0045    34.3441    34.3412    8.05417         24 0.0000e+00
    513.000    507.061    -0.0338  28.746444    -0.0321  28.746035     4.7470     4.8156    -0.0051    94.9389 1.0000e-12  -74.17536 -113.34424  27.242144      99.87 1.0225e+02    628.263      15079  1030.0114  1030.0093    34.3438    34.3413    8.05416         24 0.0000e+00
    514.000    508.050    -0.0335  28.747337    -0.0314  28.747179     4.7481     4.8153    -0.0099    94.9314 1.0000e-12  -74.17536 -113.34424  27.242156      99.87 1.0225e+02    629.279      15104  1030.0163  1030.0141    34.3441    34.3415    8.05408         24 0.0000e+00
    515.000    509.037    -0.0334  28.747879    -0.0311  28.747859     4.7431     4.8150    -0.0130    94.9363 1.0000e-12  -74.17536 -113.34424  27.242168      92.59 1.0225e+02    630.297      15128  1030.0211  1030.0189    34.3440    34.3415    8.05405         25 0.0000e+00
    516.000    510.025    -0.0324  28.749309    -0.0301  28.749357     4.7414     4.8163    -0.0095    94.9411 1.0000e-12  -74.17536 -113.34424  27.242179      60.02 1.0225e+02    631.311      15152  1030.0259  1030.0238    34.3443    34.3418    8.05384         24 0.0000e+00
    517.000    511.010    -0.0310  28.751460    -0.0288  28.751277     4.7441     4.8126    -0.0022    94.9476 1.0000e-12  -74.17536 -113.34424  27.242191      99.68 1.0225e+02    632.329      15177  1030.0311  1030.0287    34.3449    34.3422    8.05350         25 0.0000e+00
    518.000    511.999    -0.0301  28.752881    -0.0281  28.752476     4.7464     4.8020    -0.0019    94.9337 1.0000e-12  -74.17536 -113.34424  27.242203      91.80 1.0202e+02    633.345      15201  1030.0360  1030.0336    34.3452    34.3424    8.05330         24 0.0000e+00
    519.000    512.985    -0.0288  28.754751    -0.0269  28.754262     4.7400     4.8071    -0.0126    94.9347 1.0000e-12  -74.17536 -113.34424  27.242215      75.10 1.0173e+02    634.358      15226  1030.0409  1030.0385    34.3456    34.3428    8.05300         24 0.0000e+00
    520.000    513.973    -0.0282  28.755619    -0.0262  28.755489     4.7373     4.8086    -0.0024    94.9332 1.0000e-12  -74.17536 -113.34424  27.242227      90.83 1.0218e+02    635.382      15250  1030.0456  1030.0434    34.3455    34.3431    8.05288         25 0.0000e+00
    521.000    514.960    -0.0239  28.760551    -0.0222  28.759654     4.7349     4.7990    -0.0097    94.9619 1.0000e-12  -74.17536 -113.34424  27.242239      96.92 1.0190e+02    636.412      15275  1030.0508  1030.0482    34.3467    34.3436    8.05192         25 0.0000e+00
    522.000    515.946    -0.0185  28.766305    -0.0163  28.766305     4.7331     4.8014    -0.0166    94.9334 1.0000e-12  -74.17536 -113.34424  27.242251      99.88 1.0121e+02    637.446      15300  1030.0558  1030.0537    34.3476    34.3451    8.05071         24 0.0000e+00
    523.000    516.934    -0.0138  28.771606    -0.0115  28.771649     4.7327     4.8045    -0.0162    94.9405 1.0000e-12  -74.17536 -113.34424  27.242262      99.86 1.0198e+02    638.473      15324  1030.0610  1030.0588    34.3488    34.3462    8.04966         25 0.0000e+00
    524.000    517.921    -0.0112  28.774447    -0.0091  28.774236     4.7289     4.8021    -0.0010    94.9465 1.0000e-12  -74.17536 -113.34424  27.242274      99.86 1.0175e+02    639.499      15349  1030.0658  1030.0635    34.3490    34.3464    8.04911         25 0.0000e+00
    525.000    518.908    -0.0099  28.776508    -0.0077  28.776142     4.7316     4.8042    -0.0010    94.9101 1.0000e-12  -74.17536 -113.34424  27.242286      99.86 1.0181e+02    640.518      15373  1030.0710  1030.0684    34.3497    34.3467    8.04880         24 0.0000e+00
    526.000    519.896    -0.0058  28.781657    -0.0038  28.781305     4.7349     4.7992    -0.0083    94.9331 1.0000e-12  -74.17536 -113.34424  27.242298      99.75 1.0175e+02    641.538      15398  1030.0767  1030.0744    34.3514    34.3486    8.04784         25 0.0000e+00
    527.000    520.884    -0.0036  28.784582    -0.0015  28.784306     4.7393     4.7969    -0.0141    94.9315 1.0000e-12  -74.17536 -113.34424  27.242310      98.99 1.0166e+02    642.564      15423  1030.0819  1030.0796    34.3522    34.3494    8.04733         24 0.0000e+00
    528.000    521.870    -0.0028  28.785934    -0.0006  28.785840     4.7368     4.8002    -0.0165    94.9393 1.0000e-12  -74.17536 -113.34424  27.242322      98.75 1.0112e+02    643.582      15447  1030.0869  1030.0846    34.3525    34.3499    8.04715         25 0.0000e+00
    529.000    522.856    -0.0010  28.788500     0.0014  28.788618     4.7307     4.8009    -0.0159    94.9614 1.0000e-12  -74.17536 -113.34424  27.242333      97.96 1.0144e+02    644.598      15471  1030.0922  1030.0899    34.3533    34.3507    8.04673         24 0.0000e+00
    530.000    523.844     0.0018  28.792496     0.0039  28.792253     4.7208     4.7975    -0.0118    94.9610 1.0000e-12  -74.17536 -113.34424  27.242345      96.61 1.0196e+02    645.617      15496  1030.0979  1030.0957    34.3548    34.3522    8.04605         25 0.0000e+00
