ocean_section_plots/required_files/ctd/dnbp2202_ctd284.cnv
* Sea-Bird SBE 9 Data File:
* FileName = D:\Data\raw\NBP2202_CTD284.hex
* Software Version Seasave V 7.26.7.121
* Temperature SN = 1649
* Conductivity SN = 2513
* Number of Bytes Per Scan = 40
* Number of Voltage Words = 5
* Number of Scans Averaged by the Deck Unit = 1
* NMEA Latitude = 74 08.78 S
* NMEA Longitude = 115 22.58 W
* NMEA UTC (Time) = Feb 22 2022  10:26:55
* NMEA baud rate = 9600
** Ship: RVIB N.B. Palmer
** Cruise: NBP2202 Thwaites
** Station: 186
** Operator: B. Bjork
# nquan = 28
# nvalues = 1136                        
# units = specified
# name 0 = prDM: Pressure, Digiquartz [db]
# name 1 = depSM: Depth [salt water, m]
# name 2 = t090C: Temperature [ITS-90, deg C]
# name 3 = c0mS/cm: Conductivity [mS/cm]
# name 4 = t190C: Temperature, 2 [ITS-90, deg C]
# name 5 = c1mS/cm: Conductivity, 2 [mS/cm]
# name 6 = sbeox0ML/L: Oxygen, SBE 43 [ml/l]
# name 7 = sbeox1ML/L: Oxygen, SBE 43, 2 [ml/l]
# name 8 = flECO-AFL: Fluorescence, WET Labs ECO-AFL/FL [mg/m^3]
# name 9 = CStarTr0: Beam Transmission, WET Labs C-Star [%]
# name 10 = par: PAR/Irradiance, Biospherical/Licor
# name 11 = latitude: Latitude [deg]
# name 12 = longitude: Longitude [deg]
# name 13 = timeJ: Julian Days
# name 14 = altM: Altimeter [m]
# name 15 = spar: SPAR, Biospherical/Licor
# name 16 = timeS: Time, Elapsed [seconds]
# name 17 = scan: Scan Count
# name 18 = density00: Density [density, kg/m^3]
# name 19 = density11: Density, 2 [density, kg/m^3]
# name 20 = v3: Voltage 3
# name 21 = v4: Voltage 4
# name 22 = v5: Voltage 5
# name 23 = sal00: Salinity, Practical [PSU]
# name 24 = sal11: Salinity, Practical, 2 [PSU]
# name 25 = oxsolML/L: Oxygen Saturation, Garcia & Gordon [ml/l]
# name 26 = nbin: number of scans per bin
# name 27 = flag: flag
# span 0 =      3.000,   1138.000       
# span 1 =      2.968,   1123.155       
# span 2 =    -1.8531,     0.5385       
# span 3 =  26.899333,  29.671604       
# span 4 =    -1.8526,     0.5408       
# span 5 =  26.900109,  29.672537       
# span 6 =     4.4573,     9.2278       
# span 7 =     4.5537,     9.5446       
# span 8 =     0.0126,     8.6223       
# span 9 =    89.1716,    98.7344       
# span 10 = 1.0000e-12, 2.0966e+00      
# span 11 =  -74.14636,  -74.14632      
# span 12 = -115.37650, -115.37642      
# span 13 =  53.438350,  53.453533      
# span 14 =       3.80,     100.30      
# span 15 = 1.7627e+01, 3.1772e+01      
# span 16 =    258.464,   1570.264      
# span 17 =       6204,      37687      
# span 18 =  1027.1729,  1033.0618      
# span 19 =  1027.1756,  1033.0605      
# span 20 =     4.2302,     4.6838      
# span 21 =     0.0679,     1.8784      
# span 22 =     0.1053,     0.2433      
# span 23 =    33.8016,    34.5603      
# span 24 =    33.8037,    34.5585      
# span 25 =    7.92333,    8.47019      
# span 26 =         16,         47      
# span 27 = 0.0000e+00, 0.0000e+00      
# interval = decibars: 1                
# start_time = Feb 22 2022 10:26:55 [NMEA time, header]
# bad_flag = -9.990e-29
*END*
[from data line 259]
    262.000    259.124    -1.8527  26.911502    -1.8525  26.911882     6.5747     6.7548     0.8450    96.8023 1.0000e-12  -74.14634 -115.37646  53.442322      99.87 2.7097e+01    601.640      14440  1028.6857  1028.6860     4.5921     0.1312     0.1142    34.0668    34.0672    8.46983         24 0.0000e+00
    263.000    260.114    -1.8526  26.912695    -1.8523  26.913178     6.5811     6.7578     0.8213    95.9402 1.0000e-12  -74.14634 -115.37646  53.442334      99.87 2.8651e+01    602.615      14464  1028.6912  1028.6915     4.5513     0.1819     0.1190    34.0678    34.0681    8.46975         23 0.0000e+00
    264.000    261.101    -1.8522  26.914285    -1.8519  26.914868     6.5738     6.7595     0.6482    96.7475 1.0000e-12  -74.14634 -115.37646  53.442345      99.86 2.6827e+01    603.583      14487  1028.6968  1028.6972     4.5895     0.2111     0.1206    34.0689    34.0694    8.46959         23 0.0000e+00
    265.000    262.090    -1.8520  26.915776    -1.8518  26.916226     6.5761     6.7595     0.8592    96.9396 1.0000e-12  -74.14634 -115.37646  53.442356      99.86 2.6596e+01    604.544      14510  1028.7025  1028.7028     4.5987     0.2012     0.1204    34.0701    34.0706    8.46947         23 0.0000e+00
    266.000    263.078    -1.8495  26.920064    -1.8493  26.920204     6.5763     6.7560     0.6590    96.9206 1.0000e-12  -74.14634 -115.37646  53.442367      99.87 2.9311e+01    605.522      14534  1028.7091  1028.7091     4.5978     0.1497     0.1177    34.0726    34.0726    8.46875         24 0.0000e+00
    267.000    264.065    -1.8475  26.922569    -1.8474  26.922961     6.5668     6.7533     0.6404    97.0999 1.0000e-12  -74.14634 -115.37646  53.442379      99.87 2.8356e+01    606.503      14557  1028.7142  1028.7145     4.6063     0.1468     0.1181    34.0732    34.0737    8.46826         23 0.0000e+00
    268.000    265.055    -1.8476  26.923080    -1.8470  26.923782     6.5690     6.7483     0.5703    97.1062 1.0000e-12  -74.14634 -115.37646  53.442390      99.86 2.6660e+01    607.481      14581  1028.7191  1028.7193     4.6066     0.1904     0.1187    34.0734    34.0737    8.46827         24 0.0000e+00
    269.000    266.043    -1.8467  26.924400    -1.8461  26.925012     6.5708     6.7519     0.7030    96.8814 1.0000e-12  -74.14634 -115.37646  53.442401      99.87 3.0209e+01    608.461      14604  1028.7239  1028.7240     4.5959     0.1894     0.1188    34.0735    34.0737    8.46805         23 0.0000e+00
    270.000    267.032    -1.8474  26.924239    -1.8477  26.924259     6.5751     6.7573     0.6601    96.9807 1.0000e-12  -74.14634 -115.37646  53.442413      99.87 2.8793e+01    609.438      14628  1028.7288  1028.7290     4.6006     0.1749     0.1170    34.0735    34.0739    8.46822         24 0.0000e+00
    271.000    268.020    -1.8473  26.924752    -1.8478  26.924609     6.5738     6.7533     0.6472    96.7068 1.0000e-12  -74.14634 -115.37646  53.442424      89.30 2.7056e+01    610.423      14651  1028.7335  1028.7338     4.5877     0.1961     0.1260    34.0735    34.0738    8.46820         24 0.0000e+00
    272.000    269.008    -1.8482  26.924492    -1.8480  26.924858     6.5698     6.7511     0.6430    96.8549 1.0000e-12  -74.14634 -115.37646  53.442435      99.40 2.9657e+01    611.415      14675  1028.7384  1028.7386     4.5946     0.2020     0.1196    34.0736    34.0739    8.46840         23 0.0000e+00
    273.000    269.997    -1.8437  26.931249    -1.8435  26.931464     6.5707     6.7467     0.5858    96.8270 1.0000e-12  -74.14634 -115.37646  53.442447      99.87 2.8934e+01    612.405      14699  1028.7458  1028.7458     4.5933     0.1589     0.1172    34.0772    34.0772    8.46715         24 0.0000e+00
    274.000    270.985    -1.8407  26.935744    -1.8404  26.936121     6.5712     6.7443     0.9231    97.1359 1.0000e-12  -74.14634 -115.37646  53.442458      99.87 2.6109e+01    613.384      14722  1028.7522  1028.7523     4.6080     0.1907     0.1199    34.0793    34.0795    8.46633         24 0.0000e+00
    275.000    271.975    -1.8425  26.936253    -1.8424  26.936162     6.5624     6.7410     0.5759    96.9709 1.0000e-12  -74.14634 -115.37646  53.442470      99.87 2.9502e+01    614.373      14746  1028.7588  1028.7586     4.6001     0.1539     0.1193    34.0814    34.0812    8.46661         23 0.0000e+00
    276.000    272.960    -1.8322  26.945803    -1.8323  26.945771     6.5692     6.7448     0.8321    96.9721 1.0000e-12  -74.14634 -115.37646  53.442481      99.87 2.9235e+01    615.352      14769  1028.7637  1028.7637     4.6003     0.1476     0.1200    34.0823    34.0824    8.46419         24 0.0000e+00
    277.000    273.949    -1.8393  26.940364    -1.8393  26.940500     6.5741     6.7510     0.6602    96.2335 1.0000e-12  -74.14634 -115.37646  53.442492      99.87 2.5806e+01    616.311      14792  1028.7689  1028.7691     4.5652     0.1502     0.1154    34.0823    34.0825    8.46583         22 0.0000e+00
    278.000    274.939    -1.8420  26.939488    -1.8415  26.939854     6.5679     6.7537     0.5969    96.3426 1.0000e-12  -74.14634 -115.37646  53.442503      99.86 2.9389e+01    617.273      14816  1028.7749  1028.7748     4.5703     0.1645     0.1201    34.0835    34.0835    8.46637         24 0.0000e+00
    279.000    275.928    -1.8428  26.939561    -1.8424  26.939984     6.5750     6.7547     0.5524    97.2385 1.0000e-12  -74.14634 -115.37646  53.442515      99.87 2.8279e+01    618.253      14839  1028.7800  1028.7801     4.6129     0.2075     0.1185    34.0839    34.0840    8.46653         23 0.0000e+00
    280.000    276.914    -1.8433  26.939736    -1.8428  26.940228     6.5736     6.7538     0.4992    97.1944 1.0000e-12  -74.14634 -115.37646  53.442526      99.87 2.5719e+01    619.225      14862  1028.7850  1028.7850     4.6106     0.1784     0.1188    34.0841    34.0842    8.46663         24 0.0000e+00
    281.000    277.903    -1.8449  26.939051    -1.8446  26.939362     6.5733     6.7537     0.5599    96.7072 1.0000e-12  -74.14634 -115.37646  53.442537      99.87 2.9439e+01    620.196      14886  1028.7901  1028.7902     4.5879     0.1326     0.1187    34.0844    34.0845    8.46699         22 0.0000e+00
    282.000    278.891    -1.8476  26.937962    -1.8473  26.938280     6.5735     6.7452     0.6784    97.1505 1.0000e-12  -74.14634 -115.37646  53.442548      99.87 2.8776e+01    621.173      14909  1028.7959  1028.7959     4.6087     0.1339     0.1227    34.0853    34.0853    8.46755         24 0.0000e+00
    283.000    279.880    -1.8494  26.937437    -1.8487  26.937920     6.5772     6.7451     0.3850    96.9256 1.0000e-12  -74.14634 -115.37646  53.442560      99.87 2.7389e+01    622.153      14933  1028.8013  1028.8011     4.5980     0.1583     0.1167    34.0860    34.0859    8.46792         24 0.0000e+00
    284.000    280.869    -1.8500  26.937440    -1.8494  26.938040     6.5724     6.7503     0.4910    97.2591 1.0000e-12  -74.14634 -115.37646  53.442571      99.87 2.9753e+01    623.131      14956  1028.8062  1028.8063     4.6139     0.1636     0.1165    34.0861    34.0863    8.46806         23 0.0000e+00
    285.000    281.857    -1.8488  26.938953    -1.8485  26.939354     6.5729     6.7528     0.3172    97.2237 1.0000e-12  -74.14634 -115.37646  53.442582      98.11 2.8407e+01    624.119      14980  1028.8109  1028.8111     4.6121     0.1621     0.1143    34.0861    34.0864    8.46776         24 0.0000e+00
    286.000    282.844    -1.8504  26.938062    -1.8499  26.938481     6.5743     6.7522     0.3918    97.2615 1.0000e-12  -74.14634 -115.37646  53.442594      99.86 2.7261e+01    625.096      15003  1028.8158  1028.8157     4.6137     0.1227     0.1131    34.0861    34.0861    8.46813         24 0.0000e+00
    287.000    283.834    -1.8514  26.937976    -1.8505  26.938848     6.5683     6.7502     0.3923    96.8215 1.0000e-12  -74.14634 -115.37646  53.442605      99.87 2.8268e+01    626.069      15027  1028.8210  1028.8211     4.5934     0.1283     0.1134    34.0865    34.0868    8.46834         23 0.0000e+00
    288.000    284.820    -1.8487  26.941271    -1.8496  26.940218     6.5635     6.7438     0.3153    97.3502 1.0000e-12  -74.14634 -115.37646  53.442616      99.86 2.9130e+01    627.046      15050  1028.8263  1028.8260     4.6181     0.1704     0.1157    34.0875    34.0870    8.46768         23 0.0000e+00
    289.000    285.810    -1.8456  26.944984    -1.8453  26.945356     6.5681     6.7454     0.2756    97.3293 1.0000e-12  -74.14634 -115.37646  53.442628      99.87 2.8127e+01    628.027      15074  1028.8317  1028.8318     4.6172     0.1366     0.1164    34.0884    34.0885    8.46691         24 0.0000e+00
    290.000    286.798    -1.8445  26.946512    -1.8441  26.946929     6.5731     6.7508     0.3269    97.5143 1.0000e-12  -74.14634 -115.37646  53.442639      99.87 2.7841e+01    629.011      15097  1028.8367  1028.8366     4.6259     0.1303     0.1138    34.0887    34.0887    8.46665         24 0.0000e+00
    291.000    287.785    -1.8453  26.946160    -1.8448  26.946604     6.5639     6.7493     0.3932    97.2765 1.0000e-12  -74.14634 -115.37646  53.442650      99.87 2.9651e+01    629.994      15121  1028.8413  1028.8413     4.6146     0.1204     0.1148    34.0884    34.0885    8.46683         23 0.0000e+00
    292.000    288.775    -1.8452  26.946698    -1.8449  26.946884     6.5722     6.7471     0.3756    97.0901 1.0000e-12  -74.14634 -115.37646  53.442662      99.87 2.8731e+01    630.968      15144  1028.8461  1028.8460     4.6061     0.1309     0.1156    34.0885    34.0884    8.46681         24 0.0000e+00
    293.000    289.762    -1.8447  26.947772    -1.8443  26.947942     6.5689     6.7482     0.3352    97.5854 1.0000e-12  -74.14634 -115.37646  53.442673      99.87 2.7933e+01    631.953      15168  1028.8510  1028.8509     4.6290     0.1278     0.1166    34.0887    34.0886    8.46667         24 0.0000e+00
    294.000    290.751    -1.8446  26.948122    -1.8443  26.948292     6.5648     6.7462     0.6297    97.5964 1.0000e-12  -74.14634 -115.37646  53.442685      99.88 2.9577e+01    632.953      15192  1028.8556  1028.8556     4.6299     0.1273     0.1168    34.0884    34.0884    8.46666         23 0.0000e+00
    295.000    291.740    -1.8442  26.948974    -1.8437  26.949400     6.5677     6.7461     0.5042    97.5706 1.0000e-12  -74.14634 -115.37646  53.442696      99.87 2.8862e+01    633.945      15216  1028.8606  1028.8605     4.6286     0.1431     0.1153    34.0886    34.0886    8.46657         24 0.0000e+00
    296.000    292.727    -1.8439  26.949868    -1.8433  26.950182     6.5657     6.7467     0.3768    97.5687 1.0000e-12  -74.14634 -115.37646  53.442707      99.86 2.7707e+01    634.925      15239  1028.8656  1028.8653     4.6285     0.1844     0.1151    34.0889    34.0887    8.46649         24 0.0000e+00
    297.000    293.716    -1.8435  26.950616    -1.8428  26.951073     6.5679     6.7467     0.3475    97.5472 1.0000e-12  -74.14634 -115.37646  53.442719      99.87 2.9350e+01    635.913      15263  1028.8703  1028.8701     4.6275     0.1244     0.1162    34.0888    34.0886    8.46640         23 0.0000e+00
    298.000    294.704    -1.8427  26.951742    -1.8425  26.951675     6.5588     6.7481     0.3454    97.5548 1.0000e-12  -74.14634 -115.37646  53.442730      93.89 2.8562e+01    636.909      15287  1028.8751  1028.8748     4.6279     0.1325     0.1166    34.0888    34.0886    8.46621         24 0.0000e+00
    299.000    295.692    -1.8404  26.954380    -1.8411  26.953569     6.5631     6.7474     0.3500    97.5750 1.0000e-12  -74.14634 -115.37646  53.442742      98.98 2.7040e+01    637.890      15310  1028.8800  1028.8798     4.6288     0.1269     0.1173    34.0892    34.0889    8.46566         24 0.0000e+00
    300.000    296.680    -1.8404  26.954743    -1.8404  26.954596     6.5624     6.7461     0.3497    97.3930 1.0000e-12  -74.14634 -115.37646  53.442753      99.87 2.9503e+01    638.873      15334  1028.8848  1028.8846     4.6202     0.1235     0.1168    34.0891    34.0890    8.46567         23 0.0000e+00
    301.000    297.668    -1.8399  26.955674    -1.8390  26.956329     6.5518     6.7481     0.3361    97.3371 1.0000e-12  -74.14634 -115.37646  53.442765      99.87 2.8037e+01    639.869      15358  1028.8896  1028.8895     4.6175     0.1628     0.1128    34.0892    34.0891    8.46555         24 0.0000e+00
    302.000    298.657    -1.8368  26.959099    -1.8363  26.959315     6.5592     6.7481     0.3198    97.3074 1.0000e-12  -74.14633 -115.37646  53.442776      99.87 2.6268e+01    640.870      15382  1028.8947  1028.8945     4.6161     0.1279     0.1172    34.0898    34.0896    8.46481         24 0.0000e+00
    303.000    299.643    -1.8297  26.966382    -1.8295  26.966368     6.5681     6.7497     0.3366    96.0725 1.0000e-12  -74.14633 -115.37646  53.442788      99.87 2.8862e+01    641.852      15405  1028.9002  1028.9000     4.5576     0.1244     0.1174    34.0912    34.0909    8.46310         24 0.0000e+00
    304.000    300.635    -1.8207  26.975635    -1.8201  26.975913     6.5660     6.7487     0.3236    97.1383 1.0000e-12  -74.14633 -115.37646  53.442799      99.87 2.9806e+01    642.823      15429  1028.9060  1028.9057     4.6081     0.1375     0.1139    34.0931    34.0928    8.46092         23 0.0000e+00
    305.000    301.620    -1.8184  26.978261    -1.8185  26.977964     6.5669     6.7389     0.6736    97.4067 1.0000e-12  -74.14632 -115.37646  53.442810      99.87 2.6354e+01    643.817      15453  1028.9111  1028.9108     4.6208     0.1435     0.1166    34.0935    34.0931    8.46037         24 0.0000e+00
    306.000    302.610    -1.8190  26.978243    -1.8209  26.976702     6.5595     6.7384     0.8274    97.4701 1.0000e-12  -74.14632 -115.37646  53.442822      99.87 2.7988e+01    644.814      15477  1028.9160  1028.9162     4.6238     0.1682     0.1182    34.0936    34.0936    8.46051         24 0.0000e+00
    307.000    303.598    -1.8187  26.979004    -1.8184  26.979121     6.5676     6.7373     0.4605    97.4970 1.0000e-12  -74.14632 -115.37646  53.442833      99.86 2.8286e+01    645.803      15500  1028.9209  1028.9207     4.6251     0.1852     0.1171    34.0936    34.0934    8.46043         23 0.0000e+00
    308.000    304.587    -1.8216  26.976838    -1.8215  26.976808     6.5618     6.7401     0.3177    97.6342 1.0000e-12  -74.14632 -115.37646  53.442845      99.87 2.6861e+01    646.787      15524  1028.9257  1028.9256     4.6317     0.1303     0.1136    34.0933    34.0932    8.46111         24 0.0000e+00
    309.000    305.572    -1.8309  26.969535    -1.8296  26.970543     6.5627     6.7440     0.2962    97.5194 1.0000e-12  -74.14632 -115.37646  53.442856      99.87 2.9203e+01    647.789      15548  1028.9310  1028.9308     4.6262     0.1147     0.1133    34.0932    34.0931    8.46325         24 0.0000e+00
    310.000    306.563    -1.8305  26.970243    -1.8303  26.970320     6.5620     6.7426     0.3226    97.6031 1.0000e-12  -74.14632 -115.37646  53.442868      99.87 2.9385e+01    648.785      15572  1028.9357  1028.9356     4.6302     0.1232     0.1117    34.0931    34.0930    8.46317         24 0.0000e+00
    311.000    307.551    -1.8357  26.966430    -1.8353  26.966697     6.5647     6.7461     0.3343    97.5638 1.0000e-12  -74.14632 -115.37646  53.442879      92.25 2.7861e+01    649.756      15595  1028.9408  1028.9407     4.6283     0.1309     0.1127    34.0931    34.0930    8.46435         24 0.0000e+00
    312.000    308.538    -1.8383  26.964808    -1.8375  26.965298     6.5651     6.7502     0.2610    97.7299 1.0000e-12  -74.14632 -115.37646  53.442891      93.95 2.8050e+01    650.739      15619  1028.9458  1028.9455     4.6362     0.1084     0.1119    34.0932    34.0929    8.46494         23 0.0000e+00
