ocean_section_plots/required_files/ctd/dnbp2202_ctd160.cnv
* Sea-Bird SBE 9 Data File:
* FileName = D:\Data\raw\NBP2202_CTD160.hex
* Software Version Seasave V 7.26.7.121
* Temperature SN = 1649
* Conductivity SN = 2513
* Number of Bytes Per Scan = 40
* Number of Voltage Words = 5
* Number of Scans Averaged by the Deck Unit = 1
* NMEA Latitude = 74 13.97 S
* NMEA Longitude = 112 09.92 W
* NMEA UTC (Time) = Jan 31 2022  23:31:08
* NMEA baud rate = 9600
** Ship: RVIB N.B. Palmer
** Cruise: NBP2202 Thwaites
** Station: 82
** Operator: A. Robinson
# nquan = 28
# nvalues = 505                         
# units = specified
# name 0 = prDM: Pressure, Digiquartz [db]
# name 1 = depSM: Depth [salt water, m]
# name 2 = t090C: Temperature [ITS-90, deg C]
# name 3 = c0mS/cm: Conductivity [mS/cm]
# name 4 = t190C: Temperature, 2 [ITS-90, deg C]
# name 5 = c1mS/cm: Conductivity, 2 [mS/cm]
# name 6 = sbeox0ML/L: Oxygen, SBE 43 [ml/l]
# name 7 = sbeox1ML/L: Oxygen, SBE 43, 2 [ml/l]
# name 8 = flECO-AFL: Fluorescence, WET Labs ECO-AFL/FL [mg/m^3]
# name 9 = CStarTr0: Beam Transmission, WET Labs C-Star [%]
# name 10 = par: PAR/Irradiance, Biospherical/Licor
# name 11 = latitude: Latitude [deg]
# name 12 = longitude: Longitude [deg]
# name 13 = timeJ: Julian Days
# name 14 = altM: Altimeter [m]
# name 15 = spar: SPAR, Biospherical/Licor
# name 16 = timeS: Time, Elapsed [seconds]
# name 17 = scan: Scan Count
# name 18 = density00: Density [density, kg/m^3]
# name 19 = density11: Density, 2 [density, kg/m^3]
# name 20 = v3: Voltage 3
# name 21 = v4: Voltage 4
# name 22 = v5: Voltage 5
# name 23 = sal00: Salinity, Practical [PSU]
# name 24 = sal11: Salinity, Practical, 2 [PSU]
# name 25 = oxsolML/L: Oxygen Saturation, Garcia & Gordon [ml/l]
# name 26 = nbin: number of scans per bin
# name 27 = flag: flag
# span 0 =      3.000,    507.000       
# span 1 =      2.968,    501.150       
# span 2 =    -1.4617,    -0.1239       
# span 3 =  27.008803,  28.660678       
# span 4 =    -1.4616,    -0.1207       
# span 5 =  27.009191,  28.660874       
# span 6 =     4.8889,     8.5544       
# span 7 =     4.9882,     8.8126       
# span 8 =     0.0029,    20.8039       
# span 9 =    70.8538,    93.7108       
# span 10 = 1.0000e-12, 5.4905e+02      
# span 11 =  -74.23296,  -74.23294      
# span 12 = -112.16538, -112.16534      
# span 13 =  31.982834,  31.990963      
# span 14 =      67.99,     112.53      
# span 15 = 1.7809e+03, 1.8116e+03      
# span 16 =    248.828,    951.197      
# span 17 =       5973,      22830      
# span 18 =  1027.1917,  1029.9842      
# span 19 =  1027.1941,  1029.9826      
# span 20 =     3.3618,     4.4456      
# span 21 =     0.0702,     3.3424      
# span 22 =     0.1159,     0.2567      
# span 23 =    33.8005,    34.3382      
# span 24 =    33.8040,    34.3354      
# span 25 =    8.07359,    8.38867      
# span 26 =          8,         49      
# span 27 = 0.0000e+00, 0.0000e+00      
# interval = decibars: 1                
# start_time = Jan 31 2022 23:31:08 [NMEA time, header]
# bad_flag = -9.990e-29
*END*
[from data line 363]
    366.000    361.891    -1.2492  27.505348    -1.2479  27.505407     6.1155     6.2537     0.0325    93.6233 1.0000e-12  -74.23294 -112.16536  31.988690      99.83 1.8005e+03    754.821      18117  1029.2126  1029.2114     4.4414     0.0757     0.1173    34.1333    34.1318    8.32949         27 0.0000e+00
    367.000    362.879    -1.2502  27.506132    -1.2491  27.505704     6.1138     6.2510     0.0371    93.5981 1.0000e-12  -74.23294 -112.16536  31.988704      89.21 1.7993e+03    755.998      18145  1029.2188  1029.2172     4.4403     0.0751     0.1172    34.1349    34.1330    8.32962         30 0.0000e+00
    368.000    363.867    -1.2490  27.508137    -1.2481  27.507528     6.1098     6.2482     0.0424    93.5615 1.0000e-12  -74.23294 -112.16536  31.988719      99.11 1.7969e+03    757.291      18176  1029.2240  1029.2225     4.4385     0.0755     0.1188    34.1356    34.1338    8.32930         31 0.0000e+00
    369.000    364.854    -1.2493  27.508490    -1.2481  27.508262     6.1094     6.2483     0.0267    93.6261 1.0000e-12  -74.23294 -112.16536  31.988733      99.83 1.7964e+03    758.505      18205  1029.2290  1029.2276     4.4415     0.0777     0.1170    34.1358    34.1341    8.32936         27 0.0000e+00
    370.000    365.842    -1.2472  27.511636    -1.2460  27.511375     6.1149     6.2503     0.0514    93.6411 1.0000e-12  -74.23294 -112.16536  31.988745      99.82 1.7980e+03    759.590      18231  1029.2347  1029.2332     4.4423     0.1538     0.1165    34.1371    34.1354    8.32881         26 0.0000e+00
    371.000    366.831    -1.2393  27.520016    -1.2384  27.519099     6.1084     6.2478     0.0417    93.6497 1.0000e-12  -74.23294 -112.16536  31.988759      99.84 1.7994e+03    760.734      18259  1029.2404  1029.2385     4.4427     0.0793     0.1163    34.1390    34.1367    8.32694         30 0.0000e+00
    372.000    367.817    -1.2227  27.536590    -1.2204  27.536434     6.0900     6.2377     0.0295    93.6508 1.0000e-12  -74.23294 -112.16536  31.988773      99.83 1.7988e+03    762.009      18289  1029.2466  1029.2442     4.4427     0.0879     0.1167    34.1422    34.1393    8.32306         30 0.0000e+00
    373.000    368.806    -1.1961  27.562569    -1.1943  27.562461     6.0953     6.2311     0.0286    93.6512 1.0000e-12  -74.23294 -112.16536  31.988787      99.83 1.7991e+03    763.203      18318  1029.2533  1029.2515     4.4428     0.0755     0.1186    34.1468    34.1447    8.31686         26 0.0000e+00
    374.000    369.793    -1.1950  27.564072    -1.1937  27.563751     6.0962     6.2262     0.0219    93.6542 1.0000e-12  -74.23294 -112.16536  31.988799      99.82 1.7996e+03    764.273      18344  1029.2584  1029.2568     4.4429     0.0778     0.1200    34.1471    34.1452    8.31661         26 0.0000e+00
    375.000    370.782    -1.1947  27.564822    -1.1936  27.564468     6.0915     6.2232     0.0305    93.6696 1.0000e-12  -74.23294 -112.16536  31.988812      99.83 1.7976e+03    765.369      18370  1029.2633  1029.2619     4.4436     0.0756     0.1193    34.1471    34.1454    8.31654         27 0.0000e+00
    376.000    371.769    -1.1912  27.568856    -1.1885  27.569649     6.0814     6.2225     0.0555    93.6549 1.0000e-12  -74.23294 -112.16536  31.988826      99.83 1.7980e+03    766.544      18398  1029.2688  1029.2670     4.4429     0.0759     0.1196    34.1481    34.1461    8.31571         29 0.0000e+00
    377.000    372.758    -1.1824  27.577582    -1.1813  27.576997     6.0862     6.2193     0.0207    93.6705 1.0000e-12  -74.23294 -112.16536  31.988839      99.83 1.8024e+03    767.694      18426  1029.2741  1029.2723     4.4436     0.0751     0.1198    34.1494    34.1473    8.31368         27 0.0000e+00
    378.000    373.746    -1.1819  27.578544    -1.1806  27.578224     6.0815     6.2156     0.0160    93.5748 1.0000e-12  -74.23294 -112.16536  31.988852      83.94 1.8043e+03    768.816      18453  1029.2791  1029.2775     4.4391     0.0746     0.1196    34.1495    34.1476    8.31356         27 0.0000e+00
    379.000    374.732    -1.1804  27.580306    -1.1791  27.580101     6.0825     6.2168     0.0195    93.3079 1.0000e-12  -74.23294 -112.16536  31.988865      91.21 1.8022e+03    769.971      18480  1029.2839  1029.2825     4.4265     0.0735     0.1210    34.1496    34.1479    8.31321         28 0.0000e+00
    380.000    375.721    -1.1808  27.580312    -1.1794  27.580274     6.0788     6.2172     0.0143    93.6278 1.0000e-12  -74.23294 -112.16536  31.988879      99.78 1.7985e+03    771.119      18508  1029.2887  1029.2873     4.4416     0.0741     0.1203    34.1494    34.1478    8.31331         27 0.0000e+00
    381.000    376.709    -1.1808  27.580783    -1.1797  27.580344     6.0719     6.2150     0.0102    93.6406 1.0000e-12  -74.23294 -112.16536  31.988891      99.83 1.7998e+03    772.211      18534  1029.2936  1029.2921     4.4422     0.0737     0.1162    34.1495    34.1476    8.31332         25 0.0000e+00
    382.000    377.696    -1.1785  27.583506    -1.1773  27.583063     6.0633     6.1993     0.0077    93.6961 1.0000e-12  -74.23294 -112.16536  31.988904      99.82 1.8036e+03    773.305      18560  1029.2987  1029.2971     4.4449     0.0748     0.1189    34.1500    34.1480    8.31278         27 0.0000e+00
    383.000    378.684    -1.1638  27.598821    -1.1619  27.598246     6.0487     6.1823     0.0264    93.6946 1.0000e-12  -74.23294 -112.16536  31.988918      99.83 1.8052e+03    774.476      18588  1029.3054  1029.3029     4.4448     0.0733     0.1194    34.1536    34.1506    8.30930         30 0.0000e+00
    384.000    379.673    -1.1496  27.613245    -1.1472  27.613515     6.0342     6.1646     0.0177    93.6925 1.0000e-12  -74.23294 -112.16536  31.988933      99.83 1.8028e+03    775.777      18620  1029.3116  1029.3096     4.4447     0.0732     0.1193    34.1565    34.1542    8.30597         32 0.0000e+00
    385.000    380.659    -1.1366  27.626857    -1.1354  27.625944     6.0225     6.1570     0.0293    93.6936 1.0000e-12  -74.23294 -112.16536  31.988947      99.83 1.7999e+03    777.009      18649  1029.3182  1029.3161     4.4447     0.0731     0.1166    34.1598    34.1572    8.30290         27 0.0000e+00
    386.000    381.649    -1.1306  27.633297    -1.1294  27.632853     6.0176     6.1552     0.0222    93.6955 1.0000e-12  -74.23294 -112.16536  31.988959      99.83 1.8025e+03    778.064      18675  1029.3238  1029.3221     4.4448     0.0742     0.1212    34.1611    34.1591    8.30149         24 0.0000e+00
    387.000    382.636    -1.1288  27.635546    -1.1276  27.635135     6.0096     6.1496     0.0099    93.6879 1.0000e-12  -74.23294 -112.16536  31.988971      99.83 1.8038e+03    779.134      18700  1029.3289  1029.3272     4.4445     0.0762     0.1199    34.1616    34.1596    8.30107         28 0.0000e+00
    388.000    383.623    -1.1270  27.637991    -1.1259  27.637226     5.9970     6.1308     0.0120    93.7100 1.0000e-12  -74.23294 -112.16536  31.988985      99.83 1.8023e+03    780.336      18729  1029.3343  1029.3324     4.4456     0.0749     0.1225    34.1622    34.1600    8.30063         29 0.0000e+00
    389.000    384.611    -1.1205  27.645335    -1.1187  27.645162     5.9862     6.1208     0.0143    93.7025 1.0000e-12  -74.23294 -112.16536  31.988999      90.94 1.7999e+03    781.517      18757  1029.3403  1029.3384     4.4452     0.0734     0.1202    34.1643    34.1620    8.29908         28 0.0000e+00
    390.000    385.601    -1.1165  27.650157    -1.1148  27.649843     5.9701     6.1090     0.0143    93.7108 1.0000e-12  -74.23294 -112.16536  31.989013      93.78 1.8015e+03    782.684      18785  1029.3461  1029.3441     4.4456     0.0747     0.1172    34.1656    34.1633    8.29810         28 0.0000e+00
    391.000    386.585    -1.1035  27.663776    -1.1017  27.663622     5.9649     6.0932     0.0143    93.6982 1.0000e-12  -74.23294 -112.16536  31.989026      99.83 1.8019e+03    783.840      18813  1029.3526  1029.3507     4.4450     0.0785     0.1201    34.1688    34.1666    8.29504         27 0.0000e+00
    392.000    387.574    -1.0998  27.667945    -1.0984  27.667653     5.9600     6.0891     0.0081    93.7066 1.0000e-12  -74.23294 -112.16536  31.989039      99.84 1.8021e+03    784.928      18839  1029.3580  1029.3563     4.4454     0.0761     0.1223    34.1697    34.1677    8.29417         26 0.0000e+00
    393.000    388.564    -1.0980  27.670229    -1.0966  27.669972     5.9473     6.0807     0.0139    93.7044 1.0000e-12  -74.23294 -112.16536  31.989051      99.84 1.8034e+03    785.990      18865  1029.3631  1029.3615     4.4453     0.0755     0.1185    34.1701    34.1682    8.29374         25 0.0000e+00
    394.000    389.550    -1.0959  27.673203    -1.0946  27.672766     5.9369     6.0711     0.0206    93.6963 1.0000e-12  -74.23294 -112.16536  31.989064      99.83 1.8022e+03    787.145      18892  1029.3688  1029.3670     4.4449     0.0741     0.1176    34.1713    34.1692    8.29322         30 0.0000e+00
    395.000    390.538    -1.0916  27.678677    -1.0902  27.678255     5.9305     6.0686     0.0431    93.6824 1.0000e-12  -74.23294 -112.16536  31.989079      99.84 1.7990e+03    788.410      18923  1029.3749  1029.3731     4.4442     0.0741     0.1183    34.1732    34.1711    8.29215         30 0.0000e+00
    396.000    391.526    -1.0900  27.680998    -1.0888  27.680425     5.9274     6.0639     0.0726    93.7033 1.0000e-12  -74.23294 -112.16536  31.989093      99.84 1.8004e+03    789.595      18951  1029.3803  1029.3786     4.4452     0.0739     0.1172    34.1739    34.1718    8.29175         27 0.0000e+00
    397.000    392.513    -1.0891  27.682270    -1.0878  27.681988     5.9263     6.0629     0.0292    93.7083 1.0000e-12  -74.23294 -112.16536  31.989104      99.83 1.8028e+03    790.631      18976  1029.3852  1029.3836     4.4455     0.0746     0.1175    34.1741    34.1722    8.29155         24 0.0000e+00
    398.000    393.500    -1.0881  27.683871    -1.0863  27.683907     5.9316     6.0604     0.0217    93.6746 1.0000e-12  -74.23294 -112.16536  31.989117      99.83 1.8029e+03    791.669      19001  1029.3903  1029.3886     4.4439     0.0759     0.1171    34.1745    34.1725    8.29130         26 0.0000e+00
    399.000    394.490    -1.0864  27.686032    -1.0850  27.685629     5.9231     6.0578     0.0216    93.6971 1.0000e-12  -74.23294 -112.16536  31.989131      99.83 1.8023e+03    792.886      19030  1029.3954  1029.3936     4.4449     0.0754     0.1186    34.1749    34.1728    8.29090         32 0.0000e+00
    400.000    395.476    -1.0838  27.689073    -1.0832  27.687917     5.9108     6.0472     0.0195    93.6340 1.0000e-12  -74.23294 -112.16536  31.989146      99.83 1.8007e+03    794.195      19062  1029.4005  1029.3987     4.4419     0.0729     0.1345    34.1755    34.1733    8.29029         29 0.0000e+00
    401.000    396.464    -1.0811  27.692423    -1.0802  27.691558     5.8996     6.0376     0.0198    93.6813 1.0000e-12  -74.23294 -112.16536  31.989158      99.60 1.8010e+03    795.291      19088  1029.4058  1029.4040     4.4441     0.0726     0.1188    34.1763    34.1742    8.28964         24 0.0000e+00
    402.000    397.453    -1.0778  27.696901    -1.0769  27.695906     5.8879     6.0272     0.0275    93.6772 1.0000e-12  -74.23294 -112.16536  31.989170      99.85 1.8000e+03    796.285      19112  1029.4118  1029.4099     4.4440     0.0738     0.1248    34.1781    34.1757    8.28881         24 0.0000e+00
    403.000    398.439    -1.0757  27.699730    -1.0740  27.699832     5.8842     6.0148     0.0198    93.6825 1.0000e-12  -74.23294 -112.16536  31.989183      99.84 1.8007e+03    797.381      19138  1029.4172  1029.4157     4.4442     0.0726     0.1186    34.1790    34.1771    8.28830         29 0.0000e+00
    404.000    399.428    -1.0693  27.706318    -1.0682  27.705512     5.8822     6.0143     0.0142    93.6774 1.0000e-12  -74.23294 -112.16536  31.989197      99.83 1.8015e+03    798.621      19168  1029.4225  1029.4205     4.4440     0.0742     0.1194    34.1801    34.1777    8.28682         30 0.0000e+00
    405.000    400.415    -1.0666  27.709295    -1.0653  27.708800     5.8762     6.0057     0.0107    93.6861 1.0000e-12  -74.23294 -112.16536  31.989211      99.83 1.8000e+03    799.843      19197  1029.4274  1029.4257     4.4444     0.0747     0.1191    34.1804    34.1783    8.28620         29 0.0000e+00
    406.000    401.404    -1.0613  27.715016    -1.0594  27.714874     5.8721     5.9945     0.0110    93.6797 1.0000e-12  -74.23294 -112.16536  31.989224      99.83 1.7976e+03    800.961      19224  1029.4328  1029.4308     4.4440     0.0755     0.1189    34.1816    34.1793    8.28496         25 0.0000e+00
    407.000    402.389    -1.0515  27.724828    -1.0501  27.724253     5.8570     5.9821     0.0268    93.6797 1.0000e-12  -74.23294 -112.16536  31.989236      99.83 1.7974e+03    801.998      19249  1029.4383  1029.4362     4.4441     0.0755     0.1218    34.1833    34.1809    8.28271         25 0.0000e+00
    408.000    403.378    -1.0440  27.732608    -1.0425  27.732259     5.8421     5.9723     0.0347    93.6575 1.0000e-12  -74.23294 -112.16536  31.989248      99.83 1.7994e+03    803.048      19274  1029.4438  1029.4419     4.4430     0.0737     0.1200    34.1848    34.1826    8.28097         26 0.0000e+00
    409.000    404.368    -1.0370  27.740561    -1.0353  27.740143     5.8353     5.9617     0.0222    93.6576 1.0000e-12  -74.23294 -112.16536  31.989262      99.83 1.7994e+03    804.202      19302  1029.4499  1029.4478     4.4430     0.0735     0.1230    34.1870    34.1845    8.27928         29 0.0000e+00
    410.000    405.352    -1.0320  27.745838    -1.0303  27.745730     5.8227     5.9536     0.0234    93.6344 1.0000e-12  -74.23296 -112.16536  31.989276      99.84 1.7963e+03    805.419      19331  1029.4552  1029.4534     4.4419     0.0737     0.1191    34.1879    34.1858    8.27813         29 0.0000e+00
    411.000    406.342    -1.0300  27.748263    -1.0282  27.748361     5.8229     5.9567     0.0194    93.6457 1.0000e-12  -74.23296 -112.16536  31.989290      99.83 1.7933e+03    806.624      19360  1029.4603  1029.4587     4.4425     0.0746     0.1190    34.1883    34.1865    8.27766         28 0.0000e+00
    412.000    407.329    -1.0297  27.749233    -1.0278  27.749128     5.8149     5.9442     0.0089    93.6819 1.0000e-12  -74.23296 -112.16536  31.989302      98.65 1.7935e+03    807.727      19386  1029.4654  1029.4636     4.4442     0.0717     0.1192    34.1887    34.1864    8.27757         26 0.0000e+00
    413.000    408.319    -1.0256  27.753817    -1.0251  27.752285     5.8210     5.9508     0.0175    93.6615 1.0000e-12  -74.23296 -112.16536  31.989314      91.72 1.7935e+03    808.754      19411  1029.4708  1029.4687     4.4432     0.0724     0.1193    34.1897    34.1871    8.27662         24 0.0000e+00
    414.000    409.304    -1.0198  27.759774    -1.0191  27.758935     5.8138     5.9476     0.1588    93.6629 1.0000e-12  -74.23296 -112.16536  31.989327      99.26 1.7945e+03    809.849      19437  1029.4760  1029.4744     4.4433     0.0762     0.1194    34.1907    34.1887    8.27529         29 0.0000e+00
    415.000    410.293    -1.0221  27.758849    -1.0204  27.758396     5.8013     5.9343     0.0609    93.6783 1.0000e-12  -74.23296 -112.16536  31.989342      99.84 1.7956e+03    811.170      19469  1029.4816  1029.4795     4.4440     0.0734     0.1187    34.1914    34.1888    8.27575         29 0.0000e+00
    416.000    411.280    -1.0056  27.774726    -1.0045  27.773727     5.7928     5.9226     0.0070    93.7010 1.0000e-12  -74.23296 -112.16536  31.989357      99.83 1.7971e+03    812.412      19499  1029.4870  1029.4848     4.4451     0.0735     0.1207    34.1936    34.1910    8.27198         26 0.0000e+00
