ocean_section_plots/required_files/ctd/dnbp2202_ctd125.cnv
* Sea-Bird SBE 9 Data File:
* FileName = D:\Data\raw\NBP2202_CTD125.hex
* Software Version Seasave V 7.26.7.121
* Temperature SN = 1649
* Conductivity SN = 2513
* Number of Bytes Per Scan = 40
* Number of Voltage Words = 5
* Number of Scans Averaged by the Deck Unit = 1
* NMEA Latitude = 74 10.52 S
* NMEA Longitude = 113 20.65 W
* NMEA UTC (Time) = Jan 27 2022  12:41:33
* NMEA baud rate = 9600
** Ship: RVIB N.B. Palmer
** Cruise: NBP2202 Thwaites
** Station: YoYo001
** Operator: B. Bjork
# nquan = 25
# nvalues = 608                         
# units = specified
# name 0 = prDM: Pressure, Digiquartz [db]
# name 1 = depSM: Depth [salt water, m]
# name 2 = t090C: Temperature [ITS-90, deg C]
# name 3 = c0mS/cm: Conductivity [mS/cm]
# name 4 = t190C: Temperature, 2 [ITS-90, deg C]
# name 5 = c1mS/cm: Conductivity, 2 [mS/cm]
# name 6 = sbeox0ML/L: Oxygen, SBE 43 [ml/l]
# name 7 = sbeox1ML/L: Oxygen, SBE 43, 2 [ml/l]
# name 8 = flECO-AFL: Fluorescence, WET Labs ECO-AFL/FL [mg/m^3]
# name 9 = CStarTr0: Beam Transmission, WET Labs C-Star [%]
# name 10 = par: PAR/Irradiance, Biospherical/Licor
# name 11 = latitude: Latitude [deg]
# name 12 = longitude: Longitude [deg]
# name 13 = timeJ: Julian Days
# name 14 = altM: Altimeter [m]
# name 15 = spar: SPAR, Biospherical/Licor
# name 16 = timeS: Time, Elapsed [seconds]
# name 17 = scan: Scan Count
# name 18 = density00: Density [density, kg/m^3]
# name 19 = density11: Density, 2 [density, kg/m^3]
# name 20 = sal00: Salinity, Practical [PSU]
# name 21 = sal11: Salinity, Practical, 2 [PSU]
# name 22 = oxsolML/L: Oxygen Saturation, Garcia & Gordon [ml/l]
# name 23 = nbin: number of scans per bin
# name 24 = flag: flag
# span 0 =     10.000,    617.000       
# span 1 =      9.896,    609.710       
# span 2 =    -1.4602,     0.0896       
# span 3 =  27.017118,  28.917807       
# span 4 =    -1.4591,     0.0919       
# span 5 =  27.017160,  28.917532       
# span 6 =     4.6746,     8.3603       
# span 7 =     4.7199,     8.1627       
# span 8 =    -0.0225,    23.2540       
# span 9 =    70.6276,    95.6431       
# span 10 = -2.665e-06, 7.8444e+00      
# span 11 =  -74.17536,  -74.17534      
# span 12 = -113.34430, -113.34422      
# span 13 =  27.529374,  27.537129      
# span 14 =       6.59,     100.11      
# span 15 = 2.6091e+02, 3.4165e+02      
# span 16 =     44.926,    714.903      
# span 17 =       1079,      17159      
# span 18 =  1027.2276,  1030.5181      
# span 19 =  1027.2257,  1030.5155      
# span 20 =    33.7932,    34.3806      
# span 21 =    33.7912,    34.3778      
# span 22 =    8.02621,    8.39059      
# span 23 =         20,         46      
# span 24 = 0.0000e+00, 0.0000e+00      
# interval = decibars: 1                
# start_time = Jan 27 2022 12:41:33 [NMEA time, header]
# bad_flag = -9.990e-29
*END*
[from data line 232]
    242.000    239.356    -0.7713  27.803969    -0.7690  27.803688     4.9873     5.0667    -0.0130    95.4628 1.0000e-12  -74.17536 -113.34424  27.532341      99.87 3.2812e+02    301.244       7231  1028.5474  1028.5449    34.0746    34.0717    8.22758         25 0.0000e+00
    243.000    240.342    -0.7729  27.802851    -0.7660  27.807409     4.9951     5.0641    -0.0172    95.4465 1.0000e-12  -74.17536 -113.34424  27.532353      99.86 3.2790e+02    302.268       7255  1028.5526  1028.5508    34.0743    34.0726    8.22794         24 0.0000e+00
    244.000    241.333    -0.7689  27.807338    -0.7681  27.805682     4.9991     5.0617    -0.0066    95.4203 1.0000e-12  -74.17536 -113.34424  27.532364      97.99 3.2827e+02    303.289       7280  1028.5583  1028.5557    34.0753    34.0720    8.22702         24 0.0000e+00
    245.000    242.321    -0.7667  27.810086    -0.7643  27.809998     5.0039     5.0701    -0.0133    95.3880 1.0000e-12  -74.17536 -113.34424  27.532376      87.89 3.2789e+02    304.287       7304  1028.5638  1028.5615    34.0758    34.0730    8.22649         24 0.0000e+00
    246.000    243.309    -0.7671  27.809921    -0.7651  27.809442     5.0068     5.0677    -0.0055    95.3918 1.0000e-12  -74.17536 -113.34424  27.532388      94.90 3.2790e+02    305.283       7328  1028.5687  1028.5663    34.0754    34.0726    8.22660         24 0.0000e+00
    247.000    244.298    -0.7655  27.811966    -0.7643  27.810635     4.9968     5.0625    -0.0214    95.3907 1.0000e-12  -74.17536 -113.34424  27.532399      99.94 3.2790e+02    306.286       7352  1028.5740  1028.5714    34.0758    34.0727    8.22624         24 0.0000e+00
    248.000    245.286    -0.7545  27.825405    -0.7529  27.823778     4.9948     5.0548    -0.0056    95.3853 1.0000e-12  -74.17536 -113.34424  27.532411      99.86 3.2790e+02    307.299       7376  1028.5824  1028.5791    34.0809    34.0769    8.22354         25 0.0000e+00
    249.000    246.274    -0.7416  27.839563    -0.7396  27.838756     4.9957     5.0500    -0.0182    95.3961 1.0000e-12  -74.17536 -113.34424  27.532423      99.87 3.2775e+02    308.320       7401  1028.5897  1028.5869    34.0849    34.0815    8.22049         24 0.0000e+00
    250.000    247.263    -0.7340  27.848182    -0.7318  27.847836     4.9934     5.0484    -0.0144    95.3749 1.0000e-12  -74.17536 -113.34424  27.532434      99.87 3.2790e+02    309.338       7425  1028.5962  1028.5937    34.0874    34.0844    8.21870         25 0.0000e+00
    251.000    248.252    -0.7294  27.853642    -0.7271  27.853387     4.9930     5.0505    -0.0066    95.3841 1.0000e-12  -74.17536 -113.34424  27.532446      99.86 3.2724e+02    310.343       7449  1028.6022  1028.5997    34.0890    34.0860    8.21761         24 0.0000e+00
    252.000    249.240    -0.7246  27.859242    -0.7220  27.859355     4.9850     5.0442    -0.0093    95.3774 1.0000e-12  -74.17536 -113.34424  27.532458      99.87 3.2675e+02    311.330       7473  1028.6081  1028.6057    34.0905    34.0877    8.21647         23 0.0000e+00
    253.000    250.228    -0.7204  27.863954    -0.7187  27.863104     4.9866     5.0459    -0.0122    95.3693 1.0000e-12  -74.17536 -113.34424  27.532469      99.86 3.2628e+02    312.304       7496  1028.6136  1028.6110    34.0915    34.0884    8.21549         24 0.0000e+00
    254.000    251.216    -0.7174  27.867365    -0.7161  27.866087     4.9850     5.0410    -0.0131    95.3496 1.0000e-12  -74.17536 -113.34424  27.532480      99.86 3.2613e+02    313.282       7520  1028.6189  1028.6163    34.0922    34.0890    8.21481         23 0.0000e+00
    255.000    252.206    -0.7142  27.871182    -0.7120  27.870808     4.9784     5.0468    -0.0104    95.3596 1.0000e-12  -74.17536 -113.34424  27.532492      99.87 3.2613e+02    314.272       7544  1028.6244  1028.6219    34.0931    34.0902    8.21406         24 0.0000e+00
    256.000    253.193    -0.7099  27.876322    -0.7079  27.875522     4.9825     5.0462    -0.0042    95.3575 1.0000e-12  -74.17536 -113.34424  27.532503      99.87 3.2613e+02    315.284       7568  1028.6302  1028.6274    34.0946    34.0913    8.21305         25 0.0000e+00
    257.000    254.182    -0.7021  27.885667    -0.7002  27.884987     4.9807     5.0381    -0.0131    95.3596 1.0000e-12  -74.17536 -113.34424  27.532515      94.27 3.2613e+02    316.317       7593  1028.6371  1028.6346    34.0978    34.0948    8.21115         25 0.0000e+00
    258.000    255.171    -0.7022  27.885814    -0.7003  27.885233     4.9809     5.0397    -0.0184    95.3532 1.0000e-12  -74.17536 -113.34424  27.532527      88.71 3.2584e+02    317.348       7617  1028.6419  1028.6394    34.0975    34.0945    8.21120         24 0.0000e+00
    259.000    256.159    -0.7013  27.888230    -0.6994  27.887689     4.9878     5.0422    -0.0128    95.3488 1.0000e-12  -74.17536 -113.34424  27.532539     100.04 3.2509e+02    318.371       7642  1028.6481  1028.6457    34.0991    34.0963    8.21091         24 0.0000e+00
    260.000    257.147    -0.7013  27.888800    -0.6990  27.888805     4.9902     5.0472    -0.0115    95.3410 1.0000e-12  -74.17536 -113.34424  27.532551      99.87 3.2522e+02    319.383       7666  1028.6531  1028.6509    34.0993    34.0967    8.21089         25 0.0000e+00
    261.000    258.136    -0.6997  27.891215    -0.6979  27.890608     4.9767     5.0486    -0.0042    95.3472 1.0000e-12  -74.17536 -113.34424  27.532562      99.86 3.2467e+02    320.382       7690  1028.6586  1028.6562    34.1002    34.0972    8.21050         23 0.0000e+00
    262.000    259.123    -0.6908  27.903360    -0.6881  27.902873     4.9660     5.0328    -0.0101    95.3514 1.0000e-12  -74.17536 -113.34424  27.532574      99.87 3.2437e+02    321.379       7714  1028.6674  1028.6643    34.1059    34.1022    8.20823         25 0.0000e+00
    263.000    260.113    -0.6699  27.925815    -0.6683  27.924597     4.9543     5.0146    -0.0050    95.2639 1.0000e-12  -74.17536 -113.34424  27.532585      99.87 3.2437e+02    322.385       7738  1028.6757  1028.6728    34.1121    34.1086    8.20335         24 0.0000e+00
    264.000    261.100    -0.6541  27.942205    -0.6511  27.942274     4.9420     5.0019    -0.0086    95.3206 1.0000e-12  -74.17536 -113.34426  27.532597      99.87 3.2437e+02    323.391       7762  1028.6824  1028.6795    34.1157    34.1124    8.19970         24 0.0000e+00
    265.000    262.090    -0.6384  27.958618    -0.6366  27.957308     4.9312     4.9951    -0.0178    95.3596 1.0000e-12  -74.17536 -113.34426  27.532609      99.86 3.2437e+02    324.397       7787  1028.6892  1028.6860    34.1195    34.1157    8.19608         24 0.0000e+00
    266.000    263.078    -0.6269  27.970098    -0.6248  27.969584     4.9269     4.9865    -0.0122    95.3466 1.0000e-12  -74.17536 -113.34426  27.532620      99.86 3.2400e+02    325.405       7811  1028.6949  1028.6923    34.1215    34.1183    8.19348         24 0.0000e+00
    267.000    264.066    -0.6223  27.975336    -0.6203  27.974652     4.9226     4.9758    -0.0089    95.3445 1.0000e-12  -74.17536 -113.34424  27.532632      99.87 3.2289e+02    326.411       7835  1028.7005  1028.6979    34.1226    34.1196    8.19240         24 0.0000e+00
    268.000    265.053    -0.6159  27.982590    -0.6135  27.982330     4.9134     4.9755    -0.0160    95.3305 1.0000e-12  -74.17536 -113.34424  27.532644      99.87 3.2261e+02    327.402       7859  1028.7066  1028.7040    34.1246    34.1216    8.19090         24 0.0000e+00
    269.000    266.043    -0.6087  27.990244    -0.6069  27.989438     4.9029     4.9683    -0.0062    95.3231 1.0000e-12  -74.17536 -113.34424  27.532655      99.86 3.2261e+02    328.395       7882  1028.7123  1028.7098    34.1262    34.1232    8.18925         24 0.0000e+00
    270.000    267.031    -0.6033  27.996414    -0.6011  27.995846     4.8942     4.9554    -0.0125    95.3241 1.0000e-12  -74.17536 -113.34424  27.532666      92.33 3.2261e+02    329.388       7906  1028.7182  1028.7155    34.1279    34.1246    8.18800         24 0.0000e+00
    271.000    268.019    -0.5938  28.006689    -0.5910  28.006690     4.8965     4.9551    -0.0126    95.3188 1.0000e-12  -74.17536 -113.34424  27.532678      85.80 3.2246e+02    330.383       7930  1028.7245  1028.7218    34.1304    34.1273    8.18579         24 0.0000e+00
    272.000    269.008    -0.5793  28.022105    -0.5771  28.021704     4.8905     4.9454    -0.0193    95.3070 1.0000e-12  -74.17536 -113.34424  27.532690      95.24 3.2232e+02    331.392       7954  1028.7314  1028.7288    34.1342    34.1312    8.18244         24 0.0000e+00
    273.000    269.995    -0.5762  28.025671    -0.5737  28.025838     4.8774     4.9393    -0.0147    95.3112 1.0000e-12  -74.17536 -113.34424  27.532702      99.84 3.2120e+02    332.411       7979  1028.7368  1028.7345    34.1349    34.1323    8.18173         25 0.0000e+00
    274.000    270.985    -0.5605  28.043930    -0.5557  28.045675     4.8707     4.9300    -0.0175    95.3049 1.0000e-12  -74.17536 -113.34424  27.532713      76.33 3.2092e+02    333.430       8003  1028.7456  1028.7427    34.1412    34.1381    8.17798         24 0.0000e+00
    275.000    271.973    -0.5453  28.060220    -0.5429  28.060213     4.8705     4.9279    -0.0144    95.2800 1.0000e-12  -74.17536 -113.34424  27.532725      74.58 3.2084e+02    334.443       8028  1028.7527  1028.7504    34.1453    34.1426    8.17445         24 0.0000e+00
    276.000    272.962    -0.5447  28.061333    -0.5424  28.061100     4.8801     4.9333    -0.0125    95.3051 1.0000e-12  -74.17536 -113.34424  27.532737     100.11 3.2084e+02    335.447       8052  1028.7579  1028.7554    34.1456    34.1427    8.17432         24 0.0000e+00
    277.000    273.949    -0.5440  28.062368    -0.5424  28.061557     4.8755     4.9356    -0.0113    95.2832 1.0000e-12  -74.17536 -113.34424  27.532748      99.87 3.2084e+02    336.444       8076  1028.7628  1028.7604    34.1456    34.1427    8.17416         24 0.0000e+00
    278.000    274.938    -0.5434  28.063586    -0.5411  28.063406     4.8770     4.9269    -0.0083    95.2693 1.0000e-12  -74.17536 -113.34424  27.532760      99.87 3.2077e+02    337.443       8100  1028.7680  1028.7656    34.1459    34.1431    8.17401         24 0.0000e+00
    279.000    275.926    -0.5392  28.068768    -0.5373  28.068261     4.8786     4.9236    -0.0068    95.2751 1.0000e-12  -74.17536 -113.34424  27.532771      99.86 3.2028e+02    338.454       8124  1028.7739  1028.7715    34.1476    34.1447    8.17301         25 0.0000e+00
    280.000    276.914    -0.5393  28.069107    -0.5372  28.068754     4.8789     4.9325    -0.0137    95.2685 1.0000e-12  -74.17536 -113.34424  27.532783      99.87 3.1968e+02    339.463       8148  1028.7788  1028.7764    34.1475    34.1447    8.17304         24 0.0000e+00
    281.000    277.902    -0.5392  28.069586    -0.5370  28.069266     4.8756     4.9355    -0.0174    95.2484 1.0000e-12  -74.17536 -113.34424  27.532795      99.87 3.1938e+02    340.460       8172  1028.7837  1028.7813    34.1475    34.1446    8.17302         24 0.0000e+00
    282.000    278.892    -0.5383  28.070933    -0.5364  28.070464     4.8742     4.9280    -0.0118    95.2531 1.0000e-12  -74.17536 -113.34424  27.532806      99.87 3.1939e+02    341.458       8196  1028.7887  1028.7863    34.1477    34.1448    8.17282         23 0.0000e+00
    283.000    279.878    -0.5383  28.071519    -0.5362  28.071009     4.8753     4.9276    -0.0115    95.2474 1.0000e-12  -74.17536 -113.34424  27.532818      99.86 3.1908e+02    342.454       8220  1028.7936  1028.7911    34.1478    34.1448    8.17280         25 0.0000e+00
    284.000    280.868    -0.5380  28.072071    -0.5356  28.072118     4.8759     4.9316    -0.0192    95.2501 1.0000e-12  -74.17536 -113.34424  27.532829      82.83 3.1908e+02    343.464       8244  1028.7983  1028.7961    34.1477    34.1450    8.17276         24 0.0000e+00
    285.000    281.856    -0.5374  28.073349    -0.5353  28.072891     4.8737     4.9295    -0.0033    95.2469 1.0000e-12  -74.17536 -113.34424  27.532841      94.75 3.1908e+02    344.490       8269  1028.8034  1028.8010    34.1480    34.1451    8.17259         24 0.0000e+00
    286.000    282.845    -0.5389  28.071847    -0.5370  28.071387     4.8792     4.9289    -0.0160    95.2432 1.0000e-12  -74.17536 -113.34424  27.532853      99.92 3.1908e+02    345.510       8293  1028.8077  1028.8054    34.1472    34.1444    8.17298         25 0.0000e+00
    287.000    283.833    -0.5384  28.072883    -0.5363  28.072577     4.8747     4.9265    -0.0117    95.2447 1.0000e-12  -74.17536 -113.34424  27.532865      99.87 3.1879e+02    346.512       8317  1028.8126  1028.8103    34.1474    34.1446    8.17286         24 0.0000e+00
    288.000    284.821    -0.5363  28.075939    -0.5336  28.076084     4.8640     4.9248    -0.0051    95.2283 1.0000e-12  -74.17536 -113.34424  27.532876      99.86 3.1808e+02    347.511       8341  1028.8182  1028.8157    34.1485    34.1456    8.17233         23 0.0000e+00
    289.000    285.809    -0.5294  28.083864    -0.5276  28.082995     4.8689     4.9244    -0.0060    95.2413 1.0000e-12  -74.17536 -113.34424  27.532888      99.86 3.1738e+02    348.511       8365  1028.8243  1028.8216    34.1507    34.1476    8.17071         25 0.0000e+00
    290.000    286.797    -0.5270  28.086837    -0.5259  28.085328     4.8694     4.9245    -0.0120    95.2426 1.0000e-12  -74.17536 -113.34424  27.532900      99.86 3.1732e+02    349.522       8390  1028.8295  1028.8268    34.1514    34.1482    8.17015         24 0.0000e+00
    291.000    287.785    -0.5283  28.085611    -0.5269  28.084666     4.8664     4.9233    -0.0118    95.2235 1.0000e-12  -74.17536 -113.34424  27.532911      99.87 3.1697e+02    350.547       8414  1028.8338  1028.8314    34.1506    34.1478    8.17048         25 0.0000e+00
    292.000    288.774    -0.5252  28.089887    -0.5238  28.088514     4.8675     4.9198    -0.0121    95.2328 1.0000e-12  -74.17536 -113.34424  27.532923      99.87 3.1606e+02    351.573       8439  1028.8396  1028.8368    34.1523    34.1489    8.16972         25 0.0000e+00
    293.000    289.763    -0.5186  28.097542    -0.5163  28.097467     4.8671     4.9183    -0.0141    95.2276 1.0000e-12  -74.17536 -113.34424  27.532935      99.87 3.1585e+02    352.598       8463  1028.8458  1028.8434    34.1546    34.1518    8.16817         24 0.0000e+00
    294.000    290.749    -0.5179  28.098750    -0.5159  28.098407     4.8700     4.9274    -0.0174    95.2186 1.0000e-12  -74.17536 -113.34424  27.532947      99.86 3.1556e+02    353.616       8488  1028.8508  1028.8485    34.1548    34.1521    8.16801         25 0.0000e+00
    295.000    291.740    -0.5189  28.098556    -0.5168  28.098251     4.8839     4.9383    -0.0117    95.2211 1.0000e-12  -74.17536 -113.34424  27.532959      99.87 3.1556e+02    354.638       8512  1028.8558  1028.8535    34.1550    34.1522    8.16820         24 0.0000e+00
    296.000    292.728    -0.5213  28.098197    -0.5193  28.097867     4.8986     4.9431    -0.0121    95.2381 1.0000e-12  -74.17536 -113.34424  27.532971      99.86 3.1556e+02    355.669       8537  1028.8621  1028.8599    34.1566    34.1539    8.16862         25 0.0000e+00
    297.000    293.716    -0.5232  28.098789    -0.5210  28.098440     4.9037     4.9526    -0.0182    95.2319 1.0000e-12  -74.17536 -113.34424  27.532983      99.86 3.1556e+02    356.706       8562  1028.8690  1028.8665    34.1589    34.1560    8.16890         25 0.0000e+00
    298.000    294.702    -0.5217  28.102444    -0.5196  28.102243     4.9032     4.9588    -0.0181    95.2276 1.0000e-12  -74.17536 -113.34424  27.532995      99.36 3.1556e+02    357.733       8587  1028.8758  1028.8735    34.1616    34.1589    8.16844         24 0.0000e+00
