ocean_section_plots/required_files/ctd/dnbp2202_ctd210.cnv
* Sea-Bird SBE 9 Data File:
* FileName = D:\Data\raw\NBP2202_CTD210.hex
* Software Version Seasave V 7.26.7.121
* Temperature SN = 1649
* Conductivity SN = 2513
* Number of Bytes Per Scan = 40
* Number of Voltage Words = 5
* Number of Scans Averaged by the Deck Unit = 1
* NMEA Latitude = 74 08.28 S
* NMEA Longitude = 113 23.26 W
* NMEA UTC (Time) = Feb 10 2022  09:30:28
* NMEA baud rate = 9600
** Ship: RVIB N.B. Palmer
** Cruise: NBP2202 Thwaites
** Station: Tow-Yo #3
** Operator: B. Bjork
# nquan = 28
# nvalues = 425                         
# units = specified
# name 0 = prDM: Pressure, Digiquartz [db]
# name 1 = depSM: Depth [salt water, m]
# name 2 = t090C: Temperature [ITS-90, deg C]
# name 3 = c0mS/cm: Conductivity [mS/cm]
# name 4 = t190C: Temperature, 2 [ITS-90, deg C]
# name 5 = c1mS/cm: Conductivity, 2 [mS/cm]
# name 6 = sbeox0ML/L: Oxygen, SBE 43 [ml/l]
# name 7 = sbeox1ML/L: Oxygen, SBE 43, 2 [ml/l]
# name 8 = flECO-AFL: Fluorescence, WET Labs ECO-AFL/FL [mg/m^3]
# name 9 = CStarTr0: Beam Transmission, WET Labs C-Star [%]
# name 10 = par: PAR/Irradiance, Biospherical/Licor
# name 11 = latitude: Latitude [deg]
# name 12 = longitude: Longitude [deg]
# name 13 = timeJ: Julian Days
# name 14 = altM: Altimeter [m]
# name 15 = spar: SPAR, Biospherical/Licor
# name 16 = timeS: Time, Elapsed [seconds]
# name 17 = scan: Scan Count
# name 18 = density00: Density [density, kg/m^3]
# name 19 = density11: Density, 2 [density, kg/m^3]
# name 20 = v3: Voltage 3
# name 21 = v4: Voltage 4
# name 22 = v5: Voltage 5
# name 23 = sal00: Salinity, Practical [PSU]
# name 24 = sal11: Salinity, Practical, 2 [PSU]
# name 25 = oxsolML/L: Oxygen Saturation, Garcia & Gordon [ml/l]
# name 26 = nbin: number of scans per bin
# name 27 = flag: flag
# span 0 =     10.000,    434.000       
# span 1 =      9.895,    429.048       
# span 2 =    -1.4641,    -0.2020       
# span 3 =  27.018373,  28.518255       
# span 4 =    -1.4634,    -0.1988       
# span 5 =  27.018672,  28.519120       
# span 6 =     4.8032,     8.5935       
# span 7 =     4.9465,     8.8624       
# span 8 =    -0.0211,    22.0551       
# span 9 =    76.9139,    97.9339       
# span 10 = 1.0000e-12, 2.8296e-01      
# span 11 =  -74.13917,  -74.13818      
# span 12 = -113.38721, -113.37956      
# span 13 =  41.396538,  41.402570      
# span 14 =       9.22,     100.67      
# span 15 = 2.2914e+01, 3.0324e+01      
# span 16 =     32.853,    554.065      
# span 17 =        789,      13299      
# span 18 =  1027.1932,  1029.5951      
# span 19 =  1027.1923,  1029.5929      
# span 20 =     3.6492,     4.6458      
# span 21 =     0.0639,     3.0378      
# span 22 =     0.1245,     0.2506      
# span 23 =    33.7501,    34.2765      
# span 24 =    33.7485,    34.2741      
# span 25 =    8.09351,    8.39249      
# span 26 =         17,         47      
# span 27 = 0.0000e+00, 0.0000e+00      
# interval = decibars: 1                
# start_time = Feb 10 2022 09:30:28 [NMEA time, header]
# bad_flag = -9.990e-29
*END*
[from data line 363]
    373.000    368.808    -0.2788  28.405758    -0.2777  28.404254     4.8427     4.9862    -0.0147    97.6688 1.0000e-12  -74.13898 -113.38094  41.401498      86.57 2.5747e+01    461.426      11075  1029.2884  1029.2859     4.6333     0.0682     0.1366    34.2492    34.2460    8.11138         25 0.0000e+00
    374.000    369.796    -0.2743  28.411065    -0.2723  28.410769     4.8380     4.9790    -0.0118    97.6863 1.0000e-12  -74.13898 -113.38094  41.401510      85.26 2.9266e+01    462.459      11100  1029.2941  1029.2918     4.6341     0.0684     0.1378    34.2507    34.2480    8.11034         25 0.0000e+00
    375.000    370.783    -0.2719  28.414125    -0.2700  28.413613     4.8355     4.9728    -0.0160    97.6576 1.0000e-12  -74.13900 -113.38092  41.401522      84.22 2.5101e+01    463.484      11125  1029.2993  1029.2970     4.6327     0.0685     0.1357    34.2515    34.2486    8.10979         24 0.0000e+00
    376.000    371.771    -0.2716  28.414693    -0.2694  28.414837     4.8439     4.9756    -0.0168    97.6543 1.0000e-12  -74.13900 -113.38090  41.401534      83.78 2.5890e+01    464.515      11149  1029.3040  1029.3020     4.6326     0.0685     0.1370    34.2513    34.2490    8.10974         25 0.0000e+00
    377.000    372.758    -0.2714  28.415482    -0.2694  28.415275     4.8403     4.9748    -0.0135    97.6855 1.0000e-12  -74.13900 -113.38089  41.401546      82.32 2.9070e+01    465.547      11174  1029.3089  1029.3068     4.6340     0.0683     0.1369    34.2515    34.2490    8.10968         25 0.0000e+00
    378.000    373.747    -0.2716  28.415605    -0.2696  28.415529     4.8378     4.9734    -0.0124    97.6606 1.0000e-12  -74.13900 -113.38086  41.401558      80.90 2.4753e+01    466.583      11199  1029.3136  1029.3115     4.6329     0.0673     0.1366    34.2513    34.2489    8.10973         25 0.0000e+00
    379.000    374.735    -0.2698  28.418283    -0.2672  28.418670     4.8339     4.9718    -0.0101    97.6871 1.0000e-12  -74.13900 -113.38085  41.401570      79.45 2.6080e+01    467.617      11224  1029.3190  1029.3169     4.6341     0.0680     0.1358    34.2523    34.2498    8.10930         25 0.0000e+00
    380.000    375.722    -0.2636  28.426024    -0.2606  28.426619     4.8291     4.9744     0.0027    97.6812 1.0000e-12  -74.13900 -113.38084  41.401582      78.71 2.8529e+01    468.654      11249  1029.3255  1029.3232     4.6339     0.0686     0.1361    34.2550    34.2525    8.10782         25 0.0000e+00
    381.000    376.711    -0.2570  28.433649    -0.2549  28.433399     4.8227     4.9747    -0.0123    97.6832 1.0000e-12  -74.13900 -113.38082  41.401594      77.41 2.4760e+01    469.687      11273  1029.3314  1029.3291     4.6339     0.0671     0.1362    34.2571    34.2544    8.10628         25 0.0000e+00
    382.000    377.699    -0.2535  28.437938    -0.2511  28.437996     4.8215     4.9763    -0.0132    97.6888 1.0000e-12  -74.13900 -113.38080  41.401606      76.66 2.6290e+01    470.725      11298  1029.3369  1029.3346     4.6342     0.0667     0.1359    34.2583    34.2557    8.10548         24 0.0000e+00
    383.000    378.685    -0.2473  28.445446    -0.2451  28.445265     4.8271     4.9678    -0.0121    97.6821 1.0000e-12  -74.13900 -113.38079  41.401618      75.54 2.9525e+01    471.766      11323  1029.3431  1029.3408     4.6339     0.0670     0.1359    34.2607    34.2580    8.10401         25 0.0000e+00
    384.000    379.674    -0.2448  28.448667    -0.2421  28.448939     4.8286     4.9639    -0.0125    97.6840 1.0000e-12  -74.13900 -113.38078  41.401630      74.51 2.4702e+01    472.808      11348  1029.3485  1029.3462     4.6340     0.0667     0.1374    34.2616    34.2590    8.10343         26 0.0000e+00
    385.000    380.662    -0.2419  28.452177    -0.2394  28.452501     4.8255     4.9715    -0.0043    97.6877 1.0000e-12  -74.13901 -113.38076  41.401642      74.13 2.6077e+01    473.855      11374  1029.3537  1029.3516     4.6341     0.0670     0.1389    34.2625    34.2601    8.10277         24 0.0000e+00
    386.000    381.650    -0.2435  28.450744    -0.2416  28.450478     4.8286     4.9649    -0.0035    97.6681 1.0000e-12  -74.13902 -113.38074  41.401654      71.42 2.8423e+01    474.902      11399  1029.3581  1029.3560     4.6333     0.0660     0.1378    34.2618    34.2592    8.10316         26 0.0000e+00
    387.000    382.638    -0.2439  28.450636    -0.2422  28.450206     4.8263     4.9604    -0.0163    97.6647 1.0000e-12  -74.13902 -113.38073  41.401666      71.13 2.4872e+01    475.943      11424  1029.3627  1029.3607     4.6331     0.0658     0.1360    34.2615    34.2591    8.10326         25 0.0000e+00
    388.000    383.625    -0.2455  28.449343    -0.2432  28.449525     4.8259     4.9668    -0.0197    97.6616 1.0000e-12  -74.13902 -113.38071  41.401678      69.51 2.6286e+01    476.989      11449  1029.3672  1029.3652     4.6330     0.0662     0.1376    34.2609    34.2586    8.10362         25 0.0000e+00
    389.000    384.612    -0.2448  28.450627    -0.2426  28.450548     4.8262     4.9708    -0.0145    97.6473 1.0000e-12  -74.13902 -113.38068  41.401690      67.93 2.9236e+01    478.032      11474  1029.3722  1029.3700     4.6322     0.0659     0.1363    34.2613    34.2587    8.10346         25 0.0000e+00
    390.000    385.602    -0.2446  28.451146    -0.2427  28.450781     4.8211     4.9686    -0.0121    97.6584 1.0000e-12  -74.13902 -113.38068  41.401702      67.43 2.4734e+01    479.071      11499  1029.3769  1029.3747     4.6328     0.0665     0.1388    34.2612    34.2585    8.10343         25 0.0000e+00
    391.000    386.588    -0.2450  28.451478    -0.2425  28.451617     4.8227     4.9660    -0.0124    97.6209 1.0000e-12  -74.13902 -113.38066  41.401714      65.63 2.6838e+01    480.112      11524  1029.3820  1029.3797     4.6310     0.0647     0.1370    34.2615    34.2588    8.10350         25 0.0000e+00
    392.000    387.576    -0.2289  28.470321    -0.2274  28.468994     4.8178     4.9634    -0.0115    97.6498 1.0000e-12  -74.13902 -113.38064  41.401726      64.03 2.8946e+01    481.149      11549  1029.3905  1029.3877     4.6324     0.0643     0.1356    34.2679    34.2645    8.09971         25 0.0000e+00
    393.000    388.564    -0.2284  28.470804    -0.2260  28.471009     4.8159     4.9552    -0.0117    97.6491 1.0000e-12  -74.13904 -113.38062  41.401738      63.30 2.4767e+01    482.184      11573  1029.3948  1029.3927     4.6324     0.0639     0.1395    34.2673    34.2649    8.09963         24 0.0000e+00
    394.000    389.552    -0.2256  28.474325    -0.2234  28.474351     4.8098     4.9610    -0.0103    97.6565 1.0000e-12  -74.13904 -113.38062  41.401750      62.00 2.6538e+01    483.222      11598  1029.4002  1029.3981     4.6327     0.0648     0.1366    34.2683    34.2658    8.09899         25 0.0000e+00
    395.000    390.540    -0.2255  28.474898    -0.2232  28.474927     4.8182     4.9641    -0.0139    97.6595 1.0000e-12  -74.13904 -113.38060  41.401762      61.39 2.9278e+01    484.255      11623  1029.4050  1029.4029     4.6328     0.0640     0.1367    34.2684    34.2659    8.09896         25 0.0000e+00
    396.000    391.528    -0.2260  28.474662    -0.2240  28.474434     4.8231     4.9595    -0.0168    97.6380 1.0000e-12  -74.13904 -113.38058  41.401774      60.01 2.4835e+01    485.288      11648  1029.4096  1029.4074     4.6318     0.0643     0.1385    34.2680    34.2654    8.09909         25 0.0000e+00
    397.000    392.514    -0.2266  28.474382    -0.2244  28.474496     4.8208     4.9557    -0.0109    97.6348 1.0000e-12  -74.13904 -113.38056  41.401786      58.79 2.6788e+01    486.329      11673  1029.4141  1029.4122     4.6317     0.0643     0.1365    34.2677    34.2654    8.09922         25 0.0000e+00
    398.000    393.504    -0.2259  28.475656    -0.2236  28.475867     4.8170     4.9543    -0.0121    97.6430 1.0000e-12  -74.13904 -113.38056  41.401798      56.54 2.8622e+01    487.371      11698  1029.4191  1029.4171     4.6321     0.0657     0.1381    34.2680    34.2657    8.09906         25 0.0000e+00
    399.000    394.491    -0.2252  28.476735    -0.2229  28.476952     4.8199     4.9570    -0.0116    97.6546 1.0000e-12  -74.13904 -113.38054  41.401810      55.73 2.4625e+01    488.410      11723  1029.4240  1029.4219     4.6326     0.0649     0.1389    34.2681    34.2658    8.09891         24 0.0000e+00
    400.000    395.478    -0.2245  28.478108    -0.2227  28.477647     4.8196     4.9503    -0.0096    97.6292 1.0000e-12  -74.13904 -113.38052  41.401822      54.51 2.7017e+01    489.452      11748  1029.4290  1029.4268     4.6315     0.0655     0.1380    34.2685    34.2659    8.09874         26 0.0000e+00
    401.000    396.468    -0.2232  28.480051    -0.2205  28.480547     4.8160     4.9490     0.0047    97.6133 1.0000e-12  -74.13904 -113.38050  41.401834      53.00 2.8967e+01    490.492      11773  1029.4341  1029.4320     4.6306     0.0658     0.1391    34.2690    34.2667    8.09843         25 0.0000e+00
    402.000    397.454    -0.2195  28.484716    -0.2175  28.484398     4.8179     4.9578    -0.0189    97.6132 1.0000e-12  -74.13905 -113.38048  41.401846      51.48 2.4939e+01    491.529      11798  1029.4397  1029.4374     4.6306     0.0657     0.1382    34.2705    34.2679    8.09756         25 0.0000e+00
    403.000    398.441    -0.2163  28.488823    -0.2141  28.488733     4.8159     4.9545    -0.0116    97.6050 1.0000e-12  -74.13906 -113.38047  41.401859      50.76 2.7200e+01    492.575      11823  1029.4452  1029.4430     4.6302     0.0649     0.1389    34.2718    34.2692    8.09680         25 0.0000e+00
    404.000    399.430    -0.2157  28.489862    -0.2136  28.489729     4.8160     4.9549    -0.0167    97.6110 1.0000e-12  -74.13906 -113.38045  41.401870      46.01 2.8191e+01    493.609      11848  1029.4500  1029.4478     4.6305     0.0655     0.1401    34.2719    34.2693    8.09667         25 0.0000e+00
    405.000    400.417    -0.2156  28.490293    -0.2139  28.489778     4.8143     4.9528    -0.0117    97.6040 1.0000e-12  -74.13906 -113.38043  41.401883      48.22 2.4826e+01    494.646      11873  1029.4547  1029.4525     4.6301     0.0653     0.1385    34.2718    34.2691    8.09667         24 0.0000e+00
    406.000    401.405    -0.2161  28.490200    -0.2139  28.490174     4.8191     4.9524    -0.0181    97.5839 1.0000e-12  -74.13906 -113.38041  41.401895      44.28 2.7412e+01    495.688      11898  1029.4594  1029.4573     4.6292     0.0651     0.1408    34.2716    34.2691    8.09677         25 0.0000e+00
    407.000    402.392    -0.2151  28.491781    -0.2130  28.491698     4.8121     4.9544    -0.0128    97.5850 1.0000e-12  -74.13906 -113.38040  41.401906      41.11 2.8268e+01    496.722      11922  1029.4644  1029.4623     4.6293     0.0649     0.1373    34.2720    34.2695    8.09654         26 0.0000e+00
    408.000    403.381    -0.2141  28.493269    -0.2120  28.493161     4.8091     4.9541    -0.0120    97.5688 1.0000e-12  -74.13906 -113.38039  41.401918      38.54 2.4724e+01    497.758      11947  1029.4692  1029.4671     4.6285     0.0655     0.1409    34.2722    34.2697    8.09631         24 0.0000e+00
    409.000    404.367    -0.2139  28.493901    -0.2119  28.493804     4.8141     4.9517    -0.0065    97.5792 1.0000e-12  -74.13906 -113.38037  41.401930      37.78 2.7369e+01    498.795      11972  1029.4741  1029.4720     4.6290     0.0659     0.1434    34.2723    34.2699    8.09627         25 0.0000e+00
    410.000    405.357    -0.2135  28.494867    -0.2114  28.494774     4.8123     4.9523    -0.0065    97.5936 1.0000e-12  -74.13906 -113.38035  41.401943      36.43 2.8698e+01    499.832      11997  1029.4790  1029.4769     4.6297     0.0655     0.1414    34.2725    34.2700    8.09617         25 0.0000e+00
    411.000    406.343    -0.2131  28.495532    -0.2110  28.495596     4.8120     4.9535    -0.0114    97.5743 1.0000e-12  -74.13906 -113.38034  41.401955      35.59 2.4906e+01    500.908      12023  1029.4836  1029.4816     4.6288     0.0646     0.1402    34.2724    34.2701    8.09610         27 0.0000e+00
    412.000    407.331    -0.2127  28.496618    -0.2107  28.496483     4.8138     4.9534    -0.0119    97.5960 1.0000e-12  -74.13906 -113.38032  41.401968      34.21 2.6772e+01    502.057      12050  1029.4886  1029.4865     4.6298     0.0655     0.1402    34.2728    34.2703    8.09599         26 0.0000e+00
    413.000    408.319    -0.2129  28.496874    -0.2106  28.496961     4.8115     4.9551    -0.0161    97.5990 1.0000e-12  -74.13906 -113.38030  41.401982      32.92 2.8464e+01    503.233      12079  1029.4933  1029.4912     4.6299     0.0645     0.1424    34.2727    34.2703    8.09603         28 0.0000e+00
    414.000    409.307    -0.2127  28.497474    -0.2105  28.497466     4.8103     4.9562    -0.0072    97.5935 1.0000e-12  -74.13908 -113.38028  41.401995      31.89 2.4702e+01    504.389      12106  1029.4981  1029.4959     4.6297     0.0655     0.1412    34.2727    34.2702    8.09599         28 0.0000e+00
    415.000    410.294    -0.2127  28.498059    -0.2104  28.498089     4.8127     4.9528    -0.0155    97.5834 1.0000e-12  -74.13908 -113.38027  41.402009      30.50 2.6436e+01    505.558      12134  1029.5029  1029.5008     4.6292     0.0655     0.1408    34.2729    34.2704    8.09598         28 0.0000e+00
    416.000    411.282    -0.2124  28.498637    -0.2102  28.498669     4.8140     4.9573    -0.0203    97.5824 1.0000e-12  -74.13908 -113.38025  41.402022      29.17 2.8344e+01    506.736      12163  1029.5076  1029.5055     4.6292     0.0657     0.1388    34.2728    34.2703    8.09593         28 0.0000e+00
    417.000    412.269    -0.2124  28.499135    -0.2102  28.499207     4.8130     4.9583    -0.0182    97.6128 1.0000e-12  -74.13908 -113.38023  41.402036      27.67 2.4739e+01    507.897      12191  1029.5124  1029.5103     4.6306     0.0664     0.1412    34.2728    34.2704    8.09593         28 0.0000e+00
    418.000    413.257    -0.2121  28.500036    -0.2098  28.500053     4.8119     4.9578    -0.0118    97.6060 1.0000e-12  -74.13908 -113.38022  41.402050      26.35 2.5738e+01    509.104      12219  1029.5172  1029.5151     4.6302     0.0663     0.1416    34.2730    34.2705    8.09584         30 0.0000e+00
    419.000    414.244    -0.2117  28.500980    -0.2096  28.500724     4.8105     4.9568    -0.0124    97.5829 1.0000e-12  -74.13908 -113.38020  41.402065      25.18 2.7085e+01    510.418      12251  1029.5221  1029.5199     4.6292     0.0662     0.1388    34.2732    34.2706    8.09574         33 0.0000e+00
    420.000    415.234    -0.2100  28.503272    -0.2081  28.502912     4.8105     4.9553    -0.0159    97.5758 1.0000e-12  -74.13909 -113.38017  41.402081      23.93 2.4710e+01    511.836      12285  1029.5271  1029.5249     4.6288     0.0673     0.1385    34.2738    34.2712    8.09535         33 0.0000e+00
    421.000    416.221    -0.2078  28.506249    -0.2054  28.506167     4.8157     4.9479    -0.0056    97.5968 1.0000e-12  -74.13910 -113.38015  41.402099      22.74 2.5400e+01    513.395      12322  1029.5324  1029.5301     4.6298     0.0657     0.1395    34.2747    34.2719    8.09484         37 0.0000e+00
    422.000    417.207    -0.2070  28.507409    -0.2046  28.507430     4.8125     4.9495    -0.0156    97.5989 1.0000e-12  -74.13910 -113.38012  41.402121      21.51 2.6573e+01    515.214      12366  1029.5372  1029.5350     4.6299     0.0661     0.1385    34.2748    34.2721    8.09467         41 0.0000e+00
    423.000    418.195    -0.2062  28.508732    -0.2040  28.508595     4.8131     4.9500    -0.0117    97.6104 1.0000e-12  -74.13910 -113.38009  41.402146      20.48 2.4733e+01    517.443      12420  1029.5421  1029.5398     4.6304     0.0662     0.1386    34.2750    34.2723    8.09448         39 0.0000e+00
