ocean_section_plots/required_files/ctd/dnbp2202_ctd063.cnv
* Sea-Bird SBE 9 Data File:
* FileName = D:\Data\raw\NBP2202_CTD063.hex
* Software Version Seasave V 7.26.7.121
* Temperature SN = 1649
* Conductivity SN = 2513
* Number of Bytes Per Scan = 40
* Number of Voltage Words = 5
* Number of Scans Averaged by the Deck Unit = 1
* NMEA Latitude = 74 01.46 S
* NMEA Longitude = 111 43.71 W
* NMEA UTC (Time) = Jan 25 2022  13:27:31
* NMEA baud rate = 9600
** Ship: RVIB N.B. Palmer
** Cruise: NBP2202 Thwaites
** Station: 44
** Operator: B.Bjork
# nquan = 25
# nvalues = 400                         
# units = specified
# name 0 = prDM: Pressure, Digiquartz [db]
# name 1 = depSM: Depth [salt water, m]
# name 2 = t090C: Temperature [ITS-90, deg C]
# name 3 = c0mS/cm: Conductivity [mS/cm]
# name 4 = t190C: Temperature, 2 [ITS-90, deg C]
# name 5 = c1mS/cm: Conductivity, 2 [mS/cm]
# name 6 = sbeox0ML/L: Oxygen, SBE 43 [ml/l]
# name 7 = sbeox1ML/L: Oxygen, SBE 43, 2 [ml/l]
# name 8 = flECO-AFL: Fluorescence, WET Labs ECO-AFL/FL [mg/m^3]
# name 9 = CStarTr0: Beam Transmission, WET Labs C-Star [%]
# name 10 = par: PAR/Irradiance, Biospherical/Licor
# name 11 = latitude: Latitude [deg]
# name 12 = longitude: Longitude [deg]
# name 13 = timeJ: Julian Days
# name 14 = altM: Altimeter [m]
# name 15 = spar: SPAR, Biospherical/Licor
# name 16 = timeS: Time, Elapsed [seconds]
# name 17 = scan: Scan Count
# name 18 = density00: Density [density, kg/m^3]
# name 19 = density11: Density, 2 [density, kg/m^3]
# name 20 = sal00: Salinity, Practical [PSU]
# name 21 = sal11: Salinity, Practical, 2 [PSU]
# name 22 = oxsolML/L: Oxygen Saturation, Garcia & Gordon [ml/l]
# name 23 = nbin: number of scans per bin
# name 24 = flag: flag
# span 0 =      5.000,    404.000       
# span 1 =      4.947,    399.433       
# span 2 =    -1.6822,    -0.2982       
# span 3 =  26.871484,  28.471751       
# span 4 =    -1.6829,    -0.2964       
# span 5 =  26.871153,  28.471495       
# span 6 =     5.1693,     9.1159       
# span 7 =     5.3681,     9.5031       
# span 8 =    -0.0220,    29.4203       
# span 9 =    61.5400,    96.1534       
# span 10 = 1.0000e-12, 3.2164e+01      
# span 11 =  -74.02443,  -74.02442      
# span 12 = -111.72866, -111.72860      
# span 13 =  25.562907,  25.569765      
# span 14 =       5.57,     100.22      
# span 15 = 2.5802e+02, 3.2707e+02      
# span 16 =    184.170,    776.722      
# span 17 =       4421,      18642      
# span 18 =  1027.2112,  1029.5108      
# span 19 =  1027.2104,  1029.5087      
# span 20 =    33.8277,    34.3410      
# span 21 =    33.8270,    34.3386      
# span 22 =    8.11028,    8.43930      
# span 23 =         23,         48      
# span 24 = 0.0000e+00, 0.0000e+00      
# interval = decibars: 1                
# start_time = Jan 25 2022 13:27:31 [NMEA time, header]
# bad_flag = -9.990e-29
*END*
[from data line 116]
    121.000    119.714    -1.5900  26.990618    -1.5896  26.990273     6.5455     6.8131     0.6650    94.1921 1.0000e-12  -74.02442 -111.72864  25.565123      99.82 2.8799e+02    375.618       9016  1027.9163  1027.9156    33.9650    33.9641    8.41608         27 0.0000e+00
    122.000    120.703    -1.5898  26.991226    -1.5896  26.990962     6.5514     6.8080     0.5675    94.5793 1.0000e-12  -74.02442 -111.72864  25.565136      99.92 2.8894e+02    376.786       9044  1027.9212  1027.9206    33.9651    33.9644    8.41604         28 0.0000e+00
    123.000    121.691    -1.5893  26.992479    -1.5891  26.992075     6.5470     6.8084     0.7383    94.7030 1.0000e-12  -74.02442 -111.72864  25.565149      99.92 2.8716e+02    377.912       9071  1027.9264  1027.9257    33.9656    33.9648    8.41590         27 0.0000e+00
    124.000    122.680    -1.5892  26.993152    -1.5890  26.992806     6.5484     6.8070     0.5932    94.6335 1.0000e-12  -74.02442 -111.72864  25.565163      99.93 2.8960e+02    379.057       9098  1027.9313  1027.9307    33.9658    33.9650    8.41586         28 0.0000e+00
    125.000    123.670    -1.5892  26.993673    -1.5888  26.993489     6.5416     6.8099     1.0683    94.8002 1.0000e-12  -74.02442 -111.72864  25.565177      99.93 2.9100e+02    380.271       9128  1027.9362  1027.9356    33.9658    33.9651    8.41585         30 0.0000e+00
    126.000    124.660    -1.5882  26.995445    -1.5879  26.995008     6.5356     6.8123     0.5759    94.8376 1.0000e-12  -74.02442 -111.72865  25.565191      99.93 2.8930e+02    381.499       9157  1027.9415  1027.9407    33.9666    33.9656    8.41559         29 0.0000e+00
    127.000    125.647    -1.5870  26.997511    -1.5865  26.997087     6.5412     6.8045     0.6128    94.5558 1.0000e-12  -74.02442 -111.72866  25.565205      99.91 2.9181e+02    382.674       9185  1027.9469  1027.9460    33.9673    33.9663    8.41525         27 0.0000e+00
    128.000    126.637    -1.5863  26.998879    -1.5861  26.998313     6.5355     6.8050     0.5113    95.0953 1.0000e-12  -74.02442 -111.72866  25.565218      99.92 2.9365e+02    383.814       9213  1027.9521  1027.9512    33.9679    33.9668    8.41507         28 0.0000e+00
    129.000    127.626    -1.5858  26.999790    -1.5853  26.999651     6.5340     6.7986     0.4981    95.0930 1.0000e-12  -74.02442 -111.72865  25.565231      99.93 2.9152e+02    384.974       9240  1027.9569  1027.9563    33.9679    33.9672    8.41495         28 0.0000e+00
    130.000    128.615    -1.5862  27.000463    -1.5859  27.000333     6.5280     6.7993     0.6254    95.0781 1.0000e-12  -74.02442 -111.72866  25.565245      99.93 2.9192e+02    386.177       9269  1027.9624  1027.9619    33.9686    33.9681    8.41500         29 0.0000e+00
    131.000    129.604    -1.5856  27.002024    -1.5853  27.001556     6.5259     6.7933     0.5877    94.9109 1.0000e-12  -74.02442 -111.72866  25.565259      93.56 2.9413e+02    387.341       9297  1027.9679  1027.9670    33.9695    33.9685    8.41481         28 0.0000e+00
    132.000    130.593    -1.5853  27.002747    -1.5852  27.002297     6.5286     6.7999     0.5351    95.0762 1.0000e-12  -74.02442 -111.72866  25.565272      99.72 2.9350e+02    388.473       9324  1027.9727  1027.9720    33.9696    33.9687    8.41474         27 0.0000e+00
    133.000    131.582    -1.5854  27.003157    -1.5851  27.002789     6.5327     6.8039     0.4836    94.9254 1.0000e-12  -74.02442 -111.72866  25.565285      99.93 2.9530e+02    389.661       9353  1027.9775  1027.9768    33.9696    33.9687    8.41476         29 0.0000e+00
    134.000    132.571    -1.5854  27.003669    -1.5851  27.003228     6.5316     6.8033     0.3905    95.0825 1.0000e-12  -74.02442 -111.72866  25.565299      99.92 2.9710e+02    390.851       9381  1027.9824  1027.9816    33.9697    33.9687    8.41476         28 0.0000e+00
    135.000    133.561    -1.5848  27.004760    -1.5847  27.004204     6.5278     6.7936     0.4834    95.1932 1.0000e-12  -74.02442 -111.72866  25.565312      99.93 2.9645e+02    391.959       9408  1027.9874  1027.9866    33.9699    33.9690    8.41462         26 0.0000e+00
    136.000    134.548    -1.5848  27.005095    -1.5844  27.004870     6.5225     6.7925     0.5836    95.1374 1.0000e-12  -74.02442 -111.72866  25.565325      99.93 2.9848e+02    393.066       9435  1027.9920  1027.9914    33.9697    33.9689    8.41462         27 0.0000e+00
    137.000    135.539    -1.5847  27.005634    -1.5843  27.005331     6.5244     6.7866     0.5277    95.0283 1.0000e-12  -74.02442 -111.72866  25.565339      99.92 2.9934e+02    394.273       9464  1027.9969  1027.9961    33.9697    33.9688    8.41460         30 0.0000e+00
    138.000    136.527    -1.5839  27.006883    -1.5837  27.006439     6.5235     6.7899     0.4983    95.1019 1.0000e-12  -74.02442 -111.72866  25.565353      99.93 2.9920e+02    395.509       9493  1028.0018  1028.0010    33.9699    33.9690    8.41440         29 0.0000e+00
    139.000    137.516    -1.5838  27.007397    -1.5837  27.006934     6.5183     6.7948     0.3935    95.2792 1.0000e-12  -74.02442 -111.72866  25.565367      99.92 3.0094e+02    396.678       9521  1028.0066  1028.0059    33.9699    33.9691    8.41439         28 0.0000e+00
    140.000    138.506    -1.5835  27.008238    -1.5831  27.007857     6.5151     6.7892     0.4560    95.2263 1.0000e-12  -74.02442 -111.72866  25.565380      99.93 3.0171e+02    397.830       9549  1028.0115  1028.0107    33.9701    33.9691    8.41430         27 0.0000e+00
    141.000    139.494    -1.5809  27.011401    -1.5814  27.010134     6.5064     6.7707     0.4682    95.1408 1.0000e-12  -74.02442 -111.72866  25.565393      99.92 3.0297e+02    398.980       9577  1028.0167  1028.0158    33.9708    33.9696    8.41366         28 0.0000e+00
    142.000    140.483    -1.5730  27.019841    -1.5716  27.020243     6.5000     6.7647     0.4911    95.1470 1.0000e-12  -74.02442 -111.72866  25.565406      99.93 3.0360e+02    400.115       9604  1028.0228  1028.0219    33.9729    33.9719    8.41175         27 0.0000e+00
    143.000    141.472    -1.5697  27.023500    -1.5684  27.024222     6.4996     6.7649     0.5214    95.2476 1.0000e-12  -74.02442 -111.72866  25.565420      99.45 3.0516e+02    401.261       9631  1028.0280  1028.0275    33.9736    33.9731    8.41098         28 0.0000e+00
    144.000    142.461    -1.5690  27.024883    -1.5687  27.024469     6.5012     6.7636     0.4773    95.3530 1.0000e-12  -74.02442 -111.72866  25.565433      99.92 3.0679e+02    402.452       9660  1028.0331  1028.0324    33.9740    33.9731    8.41077         29 0.0000e+00
    145.000    143.450    -1.5682  27.026590    -1.5677  27.026279     6.4941     6.7540     0.6185    95.3127 1.0000e-12  -74.02442 -111.72866  25.565447      99.93 3.0589e+02    403.632       9688  1028.0386  1028.0378    33.9748    33.9738    8.41054         27 0.0000e+00
    146.000    144.439    -1.5668  27.028576    -1.5665  27.028256     6.4917     6.7600     0.6344    95.2267 1.0000e-12  -74.02442 -111.72866  25.565460      99.92 3.0730e+02    404.745       9715  1028.0438  1028.0432    33.9753    33.9746    8.41020         26 0.0000e+00
    147.000    145.428    -1.5675  27.028570    -1.5672  27.028097     6.4910     6.7633     0.4416    95.2675 1.0000e-12  -74.02442 -111.72866  25.565473      99.93 3.0964e+02    405.844       9741  1028.0489  1028.0481    33.9755    33.9746    8.41035         27 0.0000e+00
    148.000    146.417    -1.5642  27.032692    -1.5635  27.032339     6.4784     6.7498     0.4311    95.3205 1.0000e-12  -74.02442 -111.72866  25.565487      99.93 3.0803e+02    407.046       9770  1028.0546  1028.0536    33.9769    33.9756    8.40953         32 0.0000e+00
    149.000    147.406    -1.5571  27.040418    -1.5569  27.039294     6.4731     6.7407     0.3555    95.3092 1.0000e-12  -74.02442 -111.72864  25.565502      99.93 3.0963e+02    408.367       9802  1028.0606  1028.0592    33.9788    33.9771    8.40780         31 0.0000e+00
    150.000    148.395    -1.5493  27.049482    -1.5489  27.048952     6.4741     6.7334     0.4810    95.3349 1.0000e-12  -74.02442 -111.72864  25.565516      99.92 3.1148e+02    409.624       9832  1028.0675  1028.0665    33.9819    33.9807    8.40586         29 0.0000e+00
    151.000    149.385    -1.5476  27.052660    -1.5471  27.052235     6.4687     6.7339     0.5373    95.2673 1.0000e-12  -74.02442 -111.72864  25.565532      99.93 3.1035e+02    410.926       9863  1028.0737  1028.0728    33.9836    33.9825    8.40536         32 0.0000e+00
    152.000    150.371    -1.5513  27.051079    -1.5510  27.050684     6.4551     6.7201     0.4880    95.1679 1.0000e-12  -74.02442 -111.72864  25.565549      99.93 3.1134e+02    412.390       9898  1028.0800  1028.0792    33.9851    33.9841    8.40611         36 0.0000e+00
    153.000    151.362    -1.5485  27.057047    -1.5477  27.056541     6.4331     6.7088     0.5121    95.1602 1.0000e-12  -74.02442 -111.72864  25.565565      99.92 3.1198e+02    413.821       9933  1028.0882  1028.0869    33.9895    33.9879    8.40521         32 0.0000e+00
    154.000    152.350    -1.5466  27.060253    -1.5462  27.059801     6.4300     6.6939     0.3559    95.1740 1.0000e-12  -74.02442 -111.72864  25.565580      99.93 3.1140e+02    415.072       9963  1028.0943  1028.0934    33.9911    33.9900    8.40468         26 0.0000e+00
    155.000    153.340    -1.5470  27.061276    -1.5465  27.060864     6.4289     6.6935     0.4479    95.1348 1.0000e-12  -74.02442 -111.72864  25.565593      99.93 3.1124e+02    416.206       9990  1028.1002  1028.0993    33.9923    33.9913    8.40470         31 0.0000e+00
    156.000    154.329    -1.5506  27.059680    -1.5499  27.059510     6.4269     6.6912     0.5253    95.0843 1.0000e-12  -74.02442 -111.72864  25.565609      99.92 3.1097e+02    417.578      10023  1028.1064  1028.1055    33.9937    33.9927    8.40545         30 0.0000e+00
    157.000    155.316    -1.5516  27.059582    -1.5512  27.059101     6.4263     6.6863     0.5854    95.0642 1.0000e-12  -74.02442 -111.72864  25.565625      99.93 3.0878e+02    419.003      10057  1028.1115  1028.1106    33.9940    33.9929    8.40564         34 0.0000e+00
    158.000    156.306    -1.5560  27.057699    -1.5556  27.057160     6.4154     6.6820     0.3817    95.1074 1.0000e-12  -74.02442 -111.72864  25.565640      99.93 3.0867e+02    420.337      10089  1028.1181  1028.1170    33.9958    33.9946    8.40653         31 0.0000e+00
    159.000    157.296    -1.5524  27.063112    -1.5516  27.062783     6.4086     6.6738     0.2808    95.1894 1.0000e-12  -74.02442 -111.72864  25.565655      99.93 3.0862e+02    421.623      10120  1028.1248  1028.1238    33.9986    33.9973    8.40556         31 0.0000e+00
    160.000    158.284    -1.5503  27.066042    -1.5497  27.065523     6.4038     6.6613     0.1679    95.1227 1.0000e-12  -74.02442 -111.72864  25.565671      99.93 3.0653e+02    422.982      10153  1028.1304  1028.1292    33.9997    33.9983    8.40503         34 0.0000e+00
    161.000    159.273    -1.5496  27.067521    -1.5489  27.067247     6.3970     6.6534     0.3398    95.2385 1.0000e-12  -74.02442 -111.72864  25.565687      99.93 3.0530e+02    424.378      10186  1028.1356  1028.1347    34.0002    33.9991    8.40482         30 0.0000e+00
    162.000    160.261    -1.5485  27.070523    -1.5480  27.069874     6.3889     6.6463     0.3582    95.3501 1.0000e-12  -74.02442 -111.72864  25.565703      99.93 3.0412e+02    425.713      10218  1028.1422  1028.1410    34.0025    34.0010    8.40444         33 0.0000e+00
    163.000    161.251    -1.5484  27.071394    -1.5478  27.071055     6.3865     6.6473     0.2263    95.5105 1.0000e-12  -74.02442 -111.72864  25.565719      92.02 3.0189e+02    427.136      10252  1028.1474  1028.1464    34.0030    34.0018    8.40439         35 0.0000e+00
    164.000    162.239    -1.5481  27.072514    -1.5476  27.071994     6.3872     6.6460     0.2250    95.3544 1.0000e-12  -74.02442 -111.72864  25.565735     100.11 2.9982e+02    428.512      10285  1028.1528  1028.1516    34.0036    34.0023    8.40429         30 0.0000e+00
    165.000    163.229    -1.5476  27.073609    -1.5473  27.073174     6.3832     6.6449     0.2885    95.4385 1.0000e-12  -74.02442 -111.72864  25.565747      99.92 2.9992e+02    429.577      10311  1028.1578  1028.1570    34.0039    34.0029    8.40416         23 0.0000e+00
    166.000    164.217    -1.5474  27.074589    -1.5470  27.074269     6.3833     6.6410     0.3759    95.4369 1.0000e-12  -74.02442 -111.72864  25.565759      99.93 2.9816e+02    430.586      10335  1028.1630  1028.1622    34.0044    34.0034    8.40409         26 0.0000e+00
    167.000    165.207    -1.5475  27.075106    -1.5471  27.074661     6.3817     6.6512     0.3889    95.3526 1.0000e-12  -74.02442 -111.72864  25.565773      99.92 2.9504e+02    431.751      10363  1028.1680  1028.1670    34.0046    34.0035    8.40410         30 0.0000e+00
    168.000    166.196    -1.5475  27.075585    -1.5470  27.075143     6.3790     6.6492     0.2827    95.3843 1.0000e-12  -74.02442 -111.72864  25.565786      99.93 2.9278e+02    432.935      10391  1028.1728  1028.1718    34.0046    34.0034    8.40409         26 0.0000e+00
    169.000    167.183    -1.5472  27.076741    -1.5467  27.076500     6.3736     6.6315     0.3132    95.4469 1.0000e-12  -74.02442 -111.72864  25.565798      99.92 2.9365e+02    433.978      10416  1028.1781  1028.1773    34.0052    34.0043    8.40398         23 0.0000e+00
    170.000    168.174    -1.5456  27.079676    -1.5451  27.079255     6.3713     6.6276     0.2309    95.3607 1.0000e-12  -74.02442 -111.72864  25.565810      99.92 2.8982e+02    434.958      10440  1028.1841  1028.1831    34.0068    34.0056    8.40353         25 0.0000e+00
    171.000    169.161    -1.5447  27.080916    -1.5443  27.080415     6.3781     6.6381     0.3181    95.1464 1.0000e-12  -74.02442 -111.72864  25.565822      99.93 2.8977e+02    436.035      10466  1028.1889  1028.1879    34.0068    34.0057    8.40331         27 0.0000e+00
    172.000    170.151    -1.5444  27.081589    -1.5440  27.081025     6.3775     6.6429     0.3580    95.3079 1.0000e-12  -74.02442 -111.72864  25.565836      99.92 2.8834e+02    437.274      10496  1028.1937  1028.1926    34.0069    34.0056    8.40326         32 0.0000e+00
    173.000    171.139    -1.5445  27.082105    -1.5438  27.081868     6.3756     6.6426     0.2887    95.3898 1.0000e-12  -74.02442 -111.72864  25.565851      99.93 2.8465e+02    438.517      10525  1028.1987  1028.1977    34.0071    34.0059    8.40327         28 0.0000e+00
    174.000    172.128    -1.5388  27.089295    -1.5382  27.088827     6.3726     6.6352     0.2534    95.3193 1.0000e-12  -74.02442 -111.72864  25.565865      99.93 2.8383e+02    439.702      10554  1028.2054  1028.2042    34.0099    34.0085    8.40181         29 0.0000e+00
    175.000    173.117    -1.5368  27.092049    -1.5361  27.091675     6.3637     6.6313     0.3018    95.3504 1.0000e-12  -74.02442 -111.72864  25.565880      99.41 2.8345e+02    440.997      10585  1028.2108  1028.2097    34.0108    34.0094    8.40130         33 0.0000e+00
    176.000    174.104    -1.5362  27.094305    -1.5357  27.093665     6.3669     6.6317     0.1834    95.2085 1.0000e-12  -74.02442 -111.72864  25.565895      99.94 2.8074e+02    442.367      10618  1028.2171  1028.2159    34.0126    34.0111    8.40106         31 0.0000e+00
    177.000    175.094    -1.5300  27.101103    -1.5292  27.100763     6.3710     6.6229     0.1730    95.4835 1.0000e-12  -74.02442 -111.72864  25.565910      99.93 2.7981e+02    443.593      10647  1028.2230  1028.2218    34.0143    34.0129    8.39956         29 0.0000e+00
