ocean_section_plots/required_files/ctd/dnbp2202_ctd199.cnv
* Sea-Bird SBE 9 Data File:
* FileName = D:\Data\raw\NBP2202_CTD199.hex
* Software Version Seasave V 7.26.7.121
* Temperature SN = 1649
* Conductivity SN = 2513
* Number of Bytes Per Scan = 40
* Number of Voltage Words = 5
* Number of Scans Averaged by the Deck Unit = 1
* NMEA Latitude = 73 54.04 S
* NMEA Longitude = 113 10.44 W
* NMEA UTC (Time) = Feb 08 2022  16:22:15
* NMEA baud rate = 9600
** Ship: RVIB N.B. Palmer
** Cruise: NBP2202 Thwaites
** Station: 118
** Operator: A. Robinson
# nquan = 28
# nvalues = 490                         
# units = specified
# name 0 = prDM: Pressure, Digiquartz [db]
# name 1 = depSM: Depth [salt water, m]
# name 2 = t090C: Temperature [ITS-90, deg C]
# name 3 = c0mS/cm: Conductivity [mS/cm]
# name 4 = t190C: Temperature, 2 [ITS-90, deg C]
# name 5 = c1mS/cm: Conductivity, 2 [mS/cm]
# name 6 = sbeox0ML/L: Oxygen, SBE 43 [ml/l]
# name 7 = sbeox1ML/L: Oxygen, SBE 43, 2 [ml/l]
# name 8 = flECO-AFL: Fluorescence, WET Labs ECO-AFL/FL [mg/m^3]
# name 9 = CStarTr0: Beam Transmission, WET Labs C-Star [%]
# name 10 = par: PAR/Irradiance, Biospherical/Licor
# name 11 = latitude: Latitude [deg]
# name 12 = longitude: Longitude [deg]
# name 13 = timeJ: Julian Days
# name 14 = altM: Altimeter [m]
# name 15 = spar: SPAR, Biospherical/Licor
# name 16 = timeS: Time, Elapsed [seconds]
# name 17 = scan: Scan Count
# name 18 = density00: Density [density, kg/m^3]
# name 19 = density11: Density, 2 [density, kg/m^3]
# name 20 = v3: Voltage 3
# name 21 = v4: Voltage 4
# name 22 = v5: Voltage 5
# name 23 = sal00: Salinity, Practical [PSU]
# name 24 = sal11: Salinity, Practical, 2 [PSU]
# name 25 = oxsolML/L: Oxygen Saturation, Garcia & Gordon [ml/l]
# name 26 = nbin: number of scans per bin
# name 27 = flag: flag
# span 0 =      2.000,    491.000       
# span 1 =      1.991,    485.349       
# span 2 =    -1.5435,     0.0255       
# span 3 =  27.056138,  28.802356       
# span 4 =    -1.5429,     0.0276       
# span 5 =  27.056220,  28.802240       
# span 6 =     4.7603,     8.7980       
# span 7 =     4.8989,     8.9320       
# span 8 =    -0.0171,    26.2564       
# span 9 =    75.0047,    98.6340       
# span 10 = 1.0000e-12, 8.8320e+01      
# span 11 =  -73.90059,  -73.89978      
# span 12 = -113.17424, -113.17383      
# span 13 =  39.684744,  39.693131      
# span 14 =       3.22,     100.10      
# span 15 = 2.2208e+02, 2.6232e+02      
# span 16 =    226.865,    951.516      
# span 17 =       5446,      22837      
# span 18 =  1027.1634,  1029.9207      
# span 19 =  1027.1632,  1029.9185      
# span 20 =     3.5586,     4.6791      
# span 21 =     0.0635,     4.0345      
# span 22 =     0.1133,     0.2679      
# span 23 =    33.7784,    34.3647      
# span 24 =    33.7769,    34.3622      
# span 25 =    8.04052,    8.40401      
# span 26 =          3,         48      
# span 27 = 0.0000e+00, 0.0000e+00      
# interval = decibars: 1                
# start_time = Feb 08 2022 16:22:15 [NMEA time, header]
# bad_flag = -9.990e-29
*END*
[from data line 311]
    313.000    309.530    -0.9307  27.788145    -0.9288  27.788162     5.6429     5.8152     0.0910    98.3068 1.0000e-12  -73.89978 -113.17416  39.689865      99.92 2.5179e+02    669.296      16064  1028.9905  1028.9886     4.6635     0.0841     0.1163    34.1899    34.1877    8.25574         37 0.0000e+00
    314.000    310.519    -0.9307  27.788633    -0.9289  27.788425     5.6406     5.8121     0.0920    98.2769 1.0000e-12  -73.89978 -113.17416  39.689882      99.93 2.5031e+02    670.817      16101  1028.9953  1028.9933     4.6621     0.0852     0.1170    34.1898    34.1876    8.25573         33 0.0000e+00
    315.000    311.506    -0.9320  27.788191    -0.9302  27.788175     5.6442     5.8181     0.0941    98.3022 1.0000e-12  -73.89978 -113.17418  39.689897      99.92 2.5174e+02    672.131      16132  1029.0005  1028.9987     4.6633     0.0859     0.1191    34.1902    34.1881    8.25601         32 0.0000e+00
    316.000    312.495    -0.9335  27.787489    -0.9319  27.787251     5.6357     5.8177     0.0797    98.3178 1.0000e-12  -73.89978 -113.17418  39.689913      93.18 2.5231e+02    673.526      16166  1029.0054  1029.0036     4.6640     0.0835     0.1198    34.1902    34.1881    8.25632         32 0.0000e+00
    317.000    313.484    -0.9315  27.790401    -0.9303  27.789550     5.6336     5.8113     0.0873    98.2874 1.0000e-12  -73.89978 -113.17418  39.689932      90.18 2.5037e+02    675.129      16204  1029.0110  1029.0090     4.6626     0.0862     0.1203    34.1914    34.1889    8.25583         39 0.0000e+00
    318.000    314.471    -0.9253  27.797268    -0.9223  27.797929     5.6080     5.7930     0.0797    98.2576 1.0000e-12  -73.89978 -113.17418  39.689950      99.62 2.5266e+02    676.650      16241  1029.0167  1029.0145     4.6612     0.0910     0.1190    34.1930    34.1905    8.25436         30 0.0000e+00
    319.000    315.459    -0.9089  27.813524    -0.9079  27.812351     5.6069     5.7936     0.0812    98.3408 1.0000e-12  -73.89978 -113.17418  39.689965      99.92 2.5370e+02    678.007      16273  1029.0225  1029.0204     4.6651     0.0866     0.1184    34.1959    34.1932    8.25059         30 0.0000e+00
    320.000    316.447    -0.9063  27.816561    -0.9043  27.816512     5.6046     5.7927     0.0837    98.3352 1.0000e-12  -73.89978 -113.17418  39.689979      99.93 2.5140e+02    679.152      16301  1029.0278  1029.0257     4.6648     0.0858     0.1180    34.1965    34.1941    8.25000         27 0.0000e+00
    321.000    317.436    -0.8995  27.824089    -0.8957  27.825370     5.5544     5.7360     0.0838    98.3126 1.0000e-12  -73.89978 -113.17418  39.689994      99.92 2.5253e+02    680.476      16332  1029.0336  1029.0313     4.6637     0.0861     0.1177    34.1983    34.1958    8.24839         36 0.0000e+00
    322.000    318.423    -0.8369  27.885540    -0.8389  27.880454     5.5230     5.7083     0.0830    98.2795 1.0000e-12  -73.89978 -113.17418  39.690012      99.93 2.5342e+02    682.034      16370  1029.0433  1029.0398     4.6622     0.0854     0.1199    34.2101    34.2055    8.23401         36 0.0000e+00
    323.000    319.412    -0.8161  27.904950    -0.8183  27.901079     5.5296     5.7042     0.0773    98.3262 1.0000e-12  -73.89978 -113.17418  39.690029      99.92 2.4971e+02    683.540      16406  1029.0488  1029.0467     4.6644     0.0831     0.1171    34.2123    34.2095    8.22935         34 0.0000e+00
    324.000    320.400    -0.8254  27.896782    -0.8206  27.899212     5.5274     5.6982     0.0729    98.3123 1.0000e-12  -73.89978 -113.17418  39.690045      99.92 2.5087e+02    684.887      16438  1029.0537  1029.0515     4.6637     0.0835     0.1197    34.2111    34.2090    8.23144         32 0.0000e+00
    325.000    321.388    -0.8178  27.904605    -0.8130  27.907152     5.5354     5.7033     0.0841    98.3355 1.0000e-12  -73.89978 -113.17418  39.690061      86.13 2.5328e+02    686.289      16472  1029.0592  1029.0573     4.6648     0.0819     0.1176    34.2125    34.2105    8.22970         34 0.0000e+00
    326.000    322.376    -0.8202  27.902491    -0.8200  27.900615     5.5198     5.7021     0.1208    98.2797 1.0000e-12  -73.89978 -113.17418  39.690079      89.72 2.5127e+02    687.843      16509  1029.0639  1029.0617     4.6623     0.1068     0.1233    34.2118    34.2091    8.23027         37 0.0000e+00
    327.000    323.365    -0.8171  27.905714    -0.8161  27.904583     5.5236     5.7088     0.0709    98.3543 1.0000e-12  -73.89978 -113.17418  39.690096      99.97 2.5154e+02    689.276      16544  1029.0689  1029.0666     4.6657     0.0872     0.1220    34.2121    34.2094    8.22959         32 0.0000e+00
    328.000    324.352    -0.8128  27.910572    -0.8082  27.913016     5.5067     5.6882     0.0608    98.3792 1.0000e-12  -73.89978 -113.17418  39.690111      99.92 2.5358e+02    690.589      16575  1029.0743  1029.0725     4.6670     0.0903     0.1204    34.2131    34.2112    8.22858         31 0.0000e+00
    329.000    325.341    -0.8112  27.913167    -0.8032  27.917801     5.4859     5.6640     0.0780    98.3731 1.0000e-12  -73.89978 -113.17418  39.690125      99.92 2.5295e+02    691.833      16605  1029.0800  1029.0772     4.6666     0.0884     0.1239    34.2143    34.2114    8.22817         26 0.0000e+00
    330.000    326.328    -0.7773  27.945214    -0.7727  27.947494     5.4871     5.6604     0.0622    98.3821 1.0000e-12  -73.89978 -113.17418  39.690140      99.93 2.5189e+02    693.125      16636  1029.0859  1029.0838     4.6671     0.0825     0.1174    34.2186    34.2164    8.22052         35 0.0000e+00
    331.000    327.317    -0.7753  27.947616    -0.7740  27.946910     5.4845     5.6618     0.0531    98.3800 1.0000e-12  -73.89978 -113.17418  39.690157      99.92 2.5409e+02    694.571      16671  1029.0911  1029.0891     4.6670     0.0810     0.1203    34.2190    34.2166    8.22006         35 0.0000e+00
    332.000    328.304    -0.7804  27.942988    -0.7786  27.942772     5.4889     5.6609     0.0569    98.3749 1.0000e-12  -73.89978 -113.17418  39.690174      99.92 2.5361e+02    696.013      16705  1029.0956  1029.0936     4.6668     0.0816     0.1209    34.2179    34.2156    8.22124         31 0.0000e+00
    333.000    329.293    -0.7821  27.941901    -0.7802  27.941737     5.4960     5.6579     0.0580    98.3945 1.0000e-12  -73.89978 -113.17418  39.690190      99.92 2.5128e+02    697.381      16738  1029.1005  1029.0984     4.6677     0.0803     0.1193    34.2177    34.2153    8.22162         33 0.0000e+00
    334.000    330.281    -0.7826  27.941793    -0.7806  27.941718     5.4952     5.6618     0.0532    98.3925 1.0000e-12  -73.89978 -113.17418  39.690206      99.93 2.5478e+02    698.778      16772  1029.1053  1029.1032     4.6676     0.0819     0.1213    34.2176    34.2151    8.22174         35 0.0000e+00
    335.000    331.268    -0.7817  27.942991    -0.7809  27.942017     5.4964     5.6623     0.0575    98.4003 1.0000e-12  -73.89978 -113.17418  39.690224      99.91 2.5354e+02    700.310      16808  1029.1101  1029.1082     4.6679     0.0818     0.1205    34.2175    34.2153    8.22154         36 0.0000e+00
    336.000    332.258    -0.7853  27.939950    -0.7835  27.939857     5.4918     5.6643     0.0653    98.3108 1.0000e-12  -73.89978 -113.17416  39.690241      94.21 2.5281e+02    701.819      16845  1029.1147  1029.1129     4.6637     0.0785     0.1195    34.2169    34.2147    8.22237         34 0.0000e+00
    337.000    333.245    -0.7837  27.942188    -0.7818  27.942066     5.4863     5.6671     0.0927    98.3232 1.0000e-12  -73.89978 -113.17416  39.690256     100.10 2.5524e+02    703.124      16876  1029.1198  1029.1179     4.6643     0.0823     0.1215    34.2174    34.2151    8.22197         27 0.0000e+00
    338.000    334.233    -0.7830  27.943139    -0.7821  27.942194     5.4873     5.6659     0.0964    98.2026 1.0000e-12  -73.89978 -113.17416  39.690268      99.93 2.5421e+02    704.173      16901  1029.1245  1029.1227     4.6586     0.0799     0.1193    34.2174    34.2151    8.22183         26 0.0000e+00
    339.000    335.222    -0.7818  27.945376    -0.7800  27.945118     5.4940     5.6566     0.0555    98.3921 1.0000e-12  -73.89978 -113.17416  39.690281      99.92 2.5312e+02    705.254      16927  1029.1300  1029.1281     4.6675     0.0807     0.1190    34.2184    34.2161    8.22150         26 0.0000e+00
    340.000    336.209    -0.7817  27.946067    -0.7807  27.944994     5.4726     5.6466     0.0510    98.3816 1.0000e-12  -73.89978 -113.17416  39.690294      99.92 2.5539e+02    706.396      16955  1029.1350  1029.1330     4.6671     0.0817     0.1212    34.2186    34.2161    8.22147         29 0.0000e+00
    341.000    337.198    -0.7807  27.947108    -0.7812  27.944919     5.4779     5.6525     0.0671    98.4025 1.0000e-12  -73.89978 -113.17416  39.690308      99.92 2.5562e+02    707.628      16984  1029.1395  1029.1376     4.6681     0.0785     0.1178    34.2183    34.2159    8.22128         27 0.0000e+00
    342.000    338.183    -0.7813  27.947004    -0.7802  27.946171     5.4533     5.6516     0.0506    98.4073 1.0000e-12  -73.89978 -113.17416  39.690323      99.92 2.5263e+02    708.866      17014  1029.1443  1029.1423     4.6683     0.0804     0.1222    34.2183    34.2158    8.22142         28 0.0000e+00
    343.000    339.174    -0.7753  27.953609    -0.7749  27.951373     5.3860     5.5831     0.0423    98.3778 1.0000e-12  -73.89978 -113.17416  39.690338      99.92 2.5543e+02    710.161      17045  1029.1497  1029.1471     4.6669     0.0785     0.1202    34.2197    34.2163    8.22001         32 0.0000e+00
    344.000    340.161    -0.6935  28.029445    -0.7043  28.015670     5.3126     5.5039     0.0443    98.3422 1.0000e-12  -73.89978 -113.17416  39.690353      99.92 2.5541e+02    711.498      17077  1029.1559  1029.1516     4.6652     0.0791     0.1208    34.2291    34.2228    8.20170         33 0.0000e+00
    345.000    341.150    -0.6346  28.085130    -0.6214  28.093405     5.2591     5.4531     0.0395    98.4242 1.0000e-12  -73.89978 -113.17416  39.690369      99.92 2.5319e+02    712.891      17110  1029.1627  1029.1587     4.6691     0.0774     0.1198    34.2370    34.2333    8.18846         33 0.0000e+00
    346.000    342.138    -0.5941  28.122540    -0.5928  28.121015     5.2479     5.4183     0.0369    98.4346 1.0000e-12  -73.89978 -113.17416  39.690386      91.92 2.5535e+02    714.350      17145  1029.1682  1029.1653     4.6696     0.0773     0.1240    34.2410    34.2376    8.17947         34 0.0000e+00
    347.000    343.125    -0.5764  28.139177    -0.5745  28.138489     5.2373     5.4185     0.0261    98.4188 1.0000e-12  -73.89978 -113.17416  39.690403      99.85 2.5508e+02    715.836      17181  1029.1737  1029.1712     4.6688     0.0770     0.1207    34.2428    34.2398    8.17554         36 0.0000e+00
    348.000    344.114    -0.5698  28.145745    -0.5685  28.144062     5.1992     5.3834     0.0220    98.4226 1.0000e-12  -73.89978 -113.17416  39.690420      99.93 2.5327e+02    717.279      17216  1029.1792  1029.1762     4.6690     0.0770     0.1207    34.2436    34.2399    8.17407         34 0.0000e+00
    349.000    345.101    -0.5338  28.179500    -0.5388  28.171878     5.1956     5.3818     0.0173    98.4044 1.0000e-12  -73.89978 -113.17416  39.690436      99.92 2.5572e+02    718.686      17249  1029.1850  1029.1817     4.6681     0.0749     0.1200    34.2478    34.2432    8.16608         34 0.0000e+00
    350.000    346.091    -0.5342  28.179143    -0.5258  28.184727     5.1615     5.3465     0.0167    98.3938 1.0000e-12  -73.89978 -113.17416  39.690453      99.92 2.5733e+02    720.131      17284  1029.1899  1029.1877     4.6676     0.0754     0.1215    34.2471    34.2451    8.16620         34 0.0000e+00
    351.000    347.077    -0.5042  28.208386    -0.4969  28.211411     5.0692     5.2486     0.0172    98.4013 1.0000e-12  -73.89978 -113.17416  39.690470      99.92 2.5270e+02    721.625      17320  1029.1967  1029.1928     4.6680     0.0746     0.1215    34.2520    34.2478    8.15947         35 0.0000e+00
    352.000    348.065    -0.3802  28.325580    -0.3726  28.329311     5.0300     5.2023     0.0147    98.4072 1.0000e-12  -73.89978 -113.17416  39.690487      99.92 2.5468e+02    723.094      17355  1029.2053  1029.2020     4.6683     0.0748     0.1187    34.2687    34.2652    8.13190         35 0.0000e+00
    353.000    349.053    -0.3474  28.361260    -0.3455  28.360381     5.0330     5.1990     0.0019    98.4079 1.0000e-12  -73.89978 -113.17416  39.690503      99.92 2.5590e+02    724.482      17389  1029.2166  1029.2140     4.6683     0.0738     0.1228    34.2789    34.2756    8.12431         32 0.0000e+00
    354.000    350.042    -0.3439  28.367216    -0.3416  28.366654     5.0317     5.2029     0.0038    98.4084 1.0000e-12  -73.89978 -113.17416  39.690519      99.93 2.5524e+02    725.833      17421  1029.2248  1029.2220     4.6683     0.0737     0.1211    34.2823    34.2790    8.12337         33 0.0000e+00
    355.000    351.028    -0.3381  28.373935    -0.3367  28.372537     5.0334     5.1989     0.0125    98.4141 1.0000e-12  -73.89978 -113.17416  39.690535      93.58 2.5392e+02    727.212      17454  1029.2313  1029.2285     4.6686     0.0719     0.1206    34.2841    34.2807    8.12202         34 0.0000e+00
    356.000    352.018    -0.3321  28.380098    -0.3287  28.380768     5.0348     5.1902     0.0134    98.3849 1.0000e-12  -73.89978 -113.17416  39.690552      99.80 2.5554e+02    728.702      17490  1029.2371  1029.2345     4.6672     0.0726     0.1269    34.2850    34.2822    8.12070         35 0.0000e+00
    357.000    353.005    -0.3279  28.384604    -0.3251  28.384649     5.0252     5.1846     0.0219    98.3842 1.0000e-12  -73.89978 -113.17416  39.690569      99.92 2.5557e+02    730.186      17525  1029.2427  1029.2401     4.6672     0.0737     0.1227    34.2858    34.2827    8.11977         33 0.0000e+00
    358.000    353.993    -0.3196  28.393282    -0.3171  28.392955     5.0106     5.1718     0.0221    98.3878 1.0000e-12  -73.89978 -113.17416  39.690585      99.92 2.5567e+02    731.525      17558  1029.2485  1029.2457     4.6674     0.0727     0.1231    34.2874    34.2841    8.11790         32 0.0000e+00
    359.000    354.982    -0.2992  28.414066    -0.2966  28.413592     4.9954     5.1548     0.0179    98.3522 1.0000e-12  -73.89978 -113.17417  39.690600      99.92 2.5733e+02    732.861      17590  1029.2554  1029.2524     4.6656     0.0732     0.1228    34.2916    34.2880    8.11331         32 0.0000e+00
    360.000    355.968    -0.2807  28.432906    -0.2774  28.433254     4.9894     5.1441     0.0151    98.3715 1.0000e-12  -73.89978 -113.17416  39.690615      99.92 2.5694e+02    734.107      17620  1029.2620  1029.2592     4.6666     0.0735     0.1255    34.2953    34.2920    8.10916         28 0.0000e+00
    361.000    356.957    -0.2757  28.438072    -0.2723  28.438739     4.9900     5.1435     0.0129    98.3752 1.0000e-12  -73.89978 -113.17416  39.690628      99.92 2.5607e+02    735.255      17647  1029.2673  1029.2646     4.6668     0.0739     0.1228    34.2960    34.2930    8.10806         27 0.0000e+00
    362.000    357.945    -0.2715  28.442483    -0.2716  28.439873     4.9825     5.1370     0.0200    98.3551 1.0000e-12  -73.89978 -113.17416  39.690641      99.92 2.5673e+02    736.378      17674  1029.2724  1029.2698     4.6658     0.0726     0.1234    34.2965    34.2932    8.10713         27 0.0000e+00
    363.000    358.933    -0.2668  28.447412    -0.2654  28.446270     4.9777     5.1358    -0.0008    98.3283 1.0000e-12  -73.89978 -113.17418  39.690653      99.92 2.5710e+02    737.459      17700  1029.2776  1029.2751     4.6645     0.0730     0.1245    34.2973    34.2941    8.10610         26 0.0000e+00
