ocean_section_plots/required_files/ctd/dnbp2202_ctd145.cnv
* Sea-Bird SBE 9 Data File:
* FileName = D:\Data\raw\NBP2202_CTD145.hex
* Software Version Seasave V 7.26.7.121
* Temperature SN = 1649
* Conductivity SN = 2513
* Number of Bytes Per Scan = 40
* Number of Voltage Words = 5
* Number of Scans Averaged by the Deck Unit = 1
* NMEA Latitude = 74 07.00 S
* NMEA Longitude = 113 09.89 W
* NMEA UTC (Time) = Jan 30 2022  09:13:00
* NMEA baud rate = 9600
** Ship: RVIB N.B. Palmer
** Cruise: NBP2202 Thwaites
** Station: 73
** Operator: B. Bjork
# nquan = 28
# nvalues = 532                         
# units = specified
# name 0 = prDM: Pressure, Digiquartz [db]
# name 1 = depSM: Depth [salt water, m]
# name 2 = t090C: Temperature [ITS-90, deg C]
# name 3 = c0mS/cm: Conductivity [mS/cm]
# name 4 = t190C: Temperature, 2 [ITS-90, deg C]
# name 5 = c1mS/cm: Conductivity, 2 [mS/cm]
# name 6 = sbeox0ML/L: Oxygen, SBE 43 [ml/l]
# name 7 = sbeox1ML/L: Oxygen, SBE 43, 2 [ml/l]
# name 8 = flECO-AFL: Fluorescence, WET Labs ECO-AFL/FL [mg/m^3]
# name 9 = CStarTr0: Beam Transmission, WET Labs C-Star [%]
# name 10 = par: PAR/Irradiance, Biospherical/Licor
# name 11 = latitude: Latitude [deg]
# name 12 = longitude: Longitude [deg]
# name 13 = timeJ: Julian Days
# name 14 = altM: Altimeter [m]
# name 15 = spar: SPAR, Biospherical/Licor
# name 16 = timeS: Time, Elapsed [seconds]
# name 17 = scan: Scan Count
# name 18 = density00: Density [density, kg/m^3]
# name 19 = density11: Density, 2 [density, kg/m^3]
# name 20 = v3: Voltage 3
# name 21 = v4: Voltage 4
# name 22 = v5: Voltage 5
# name 23 = sal00: Salinity, Practical [PSU]
# name 24 = sal11: Salinity, Practical, 2 [PSU]
# name 25 = oxsolML/L: Oxygen Saturation, Garcia & Gordon [ml/l]
# name 26 = nbin: number of scans per bin
# name 27 = flag: flag
# span 0 =      3.000,    534.000       
# span 1 =      2.970,    527.792       
# span 2 =    -1.5231,     0.0532       
# span 3 =  26.992521,  28.850704       
# span 4 =    -1.5221,     0.0549       
# span 5 =  26.992366,  28.850037       
# span 6 =     4.7030,     8.4689       
# span 7 =     4.7895,     8.5303       
# span 8 =    -0.0226,    27.0954       
# span 9 =    68.3256,    93.2331       
# span 10 = 1.0000e-12, 7.3553e+00      
# span 11 =  -74.11668,  -74.11668      
# span 12 = -113.16494, -113.16490      
# span 13 =  30.384975,  30.392357      
# span 14 =       4.74,     100.08      
# span 15 = 3.6324e+01, 5.1127e+01      
# span 16 =     81.809,    719.673      
# span 17 =       1964,      17273      
# span 18 =  1027.1985,  1030.1273      
# span 19 =  1027.1976,  1030.1250      
# span 20 =     3.2419,     4.4229      
# span 21 =     0.0631,     3.9749      
# span 22 =     0.1238,     0.2458      
# span 23 =    33.8046,    34.3719      
# span 24 =    33.8025,    34.3693      
# span 25 =    8.03431,    8.40596      
# span 26 =         22,         48      
# span 27 = 0.0000e+00, 0.0000e+00      
# interval = decibars: 1                
# start_time = Jan 30 2022 09:13:00 [NMEA time, header]
# bad_flag = -9.990e-29
*END*
[from data line 259]
    262.000    259.126    -0.6098  27.998850    -0.6072  27.999300     5.0132     5.1110    -0.0056    93.0034 1.0000e-12  -74.11668 -113.16490  30.388556      97.21 4.9361e+01    391.229       9390  1028.6939  1028.6920     4.4120     0.0700     0.1323    34.1433    34.1410    8.18850         24 0.0000e+00
    263.000    260.113    -0.6056  28.005381    -0.6003  28.008503     5.0268     5.1216    -0.0055    93.0006 1.0000e-12  -74.11668 -113.16492  30.388567      99.96 4.8899e+01    392.212       9414  1028.7012  1028.6995     4.4119     0.0703     0.1320    34.1468    34.1450    8.18740         23 0.0000e+00
    264.000    261.101    -0.6000  28.014166    -0.5978  28.013921     5.0465     5.1387    -0.0026    93.0131 1.0000e-12  -74.11668 -113.16490  30.388578      99.95 4.5333e+01    393.178       9437  1028.7096  1028.7072     4.4125     0.0693     0.1315    34.1517    34.1489    8.18590         23 0.0000e+00
    265.000    262.091    -0.6092  28.007146    -0.6083  28.006283     5.0537     5.1498    -0.0068    93.0087 1.0000e-12  -74.11668 -113.16492  30.388590      99.95 4.9410e+01    394.158       9461  1028.7154  1028.7137     4.4123     0.0694     0.1314    34.1520    34.1498    8.18787         24 0.0000e+00
    266.000    263.078    -0.6162  28.002019    -0.6136  28.002286     5.0563     5.1496    -0.0122    93.0099 1.0000e-12  -74.11668 -113.16490  30.388601      99.96 4.9361e+01    395.140       9484  1028.7210  1028.7189     4.4124     0.0698     0.1317    34.1523    34.1498    8.18936         24 0.0000e+00
    267.000    264.068    -0.6166  28.001999    -0.6142  28.002190     5.0524     5.1486    -0.0128    93.0173 1.0000e-12  -74.11668 -113.16492  30.388612      99.96 4.4676e+01    396.111       9508  1028.7257  1028.7237     4.4127     0.0687     0.1312    34.1522    34.1497    8.18947         23 0.0000e+00
    268.000    265.055    -0.6161  28.003226    -0.6126  28.004192     5.0408     5.1385    -0.0131    93.0398 1.0000e-12  -74.11668 -113.16490  30.388624      99.95 4.9366e+01    397.084       9531  1028.7308  1028.7285     4.4137     0.0711     0.1319    34.1526    34.1500    8.18932         23 0.0000e+00
    269.000    266.044    -0.6122  28.007280    -0.6098  28.007262     5.0387     5.1330    -0.0110    93.0550 1.0000e-12  -74.11668 -113.16492  30.388635      99.95 4.9361e+01    398.065       9555  1028.7357  1028.7333     4.4144     0.0704     0.1312    34.1531    34.1504    8.18846         24 0.0000e+00
    270.000    267.031    -0.6115  28.008146    -0.6096  28.007754     5.0393     5.1315    -0.0128    93.0299 1.0000e-12  -74.11668 -113.16492  30.388646      99.95 4.5706e+01    399.035       9578  1028.7402  1028.7380     4.4133     0.0700     0.1349    34.1529    34.1502    8.18832         23 0.0000e+00
    271.000    268.020    -0.6056  28.014308    -0.6030  28.014520     5.0292     5.1257    -0.0120    93.0409 1.0000e-12  -74.11668 -113.16492  30.388658      99.95 4.7143e+01    400.011       9601  1028.7454  1028.7431     4.4138     0.0696     0.1320    34.1539    34.1513    8.18699         24 0.0000e+00
    272.000    269.010    -0.6080  28.012816    -0.6037  28.014697     5.0060     5.1075    -0.0173    93.0532 1.0000e-12  -74.11668 -113.16492  30.388669      99.95 4.8822e+01    400.998       9625  1028.7504  1028.7483     4.4143     0.0697     0.1305    34.1540    34.1517    8.18750         23 0.0000e+00
    273.000    269.996    -0.5928  28.028138    -0.5929  28.025381     4.9904     5.0890    -0.0208    93.0487 1.0000e-12  -74.11668 -113.16492  30.388680      97.06 4.7584e+01    401.969       9648  1028.7564  1028.7536     4.4142     0.0698     0.1311    34.1569    34.1533    8.18405         23 0.0000e+00
    274.000    270.985    -0.5669  28.053148    -0.5663  28.051105     4.9787     5.0813    -0.0182    93.0487 1.0000e-12  -74.11668 -113.16492  30.388691      77.64 4.8455e+01    402.933       9671  1028.7623  1028.7596     4.4141     0.0661     0.1330    34.1607    34.1574    8.17823         23 0.0000e+00
    275.000    271.974    -0.5604  28.059686    -0.5592  28.058675     4.9640     5.0692    -0.0131    93.0528 1.0000e-12  -74.11668 -113.16492  30.388703      90.13 4.9366e+01    403.901       9695  1028.7674  1028.7652     4.4144     0.0686     0.1315    34.1616    34.1589    8.17677         24 0.0000e+00
    276.000    272.962    -0.5550  28.065364    -0.5542  28.063810     4.9604     5.0595    -0.0112    93.0622 1.0000e-12  -74.11668 -113.16492  30.388714      99.96 4.8824e+01    404.876       9718  1028.7726  1028.7703     4.4148     0.0702     0.1346    34.1626    34.1596    8.17556         23 0.0000e+00
    277.000    273.952    -0.5489  28.071688    -0.5464  28.071625     4.9568     5.0593    -0.0018    93.0516 1.0000e-12  -74.11668 -113.16492  30.388725      99.95 4.8179e+01    405.864       9742  1028.7780  1028.7754     4.4143     0.0676     0.1321    34.1636    34.1607    8.17418         24 0.0000e+00
    278.000    274.938    -0.5431  28.077372    -0.5410  28.077100     4.9532     5.0499     0.0054    93.0474 1.0000e-12  -74.11668 -113.16492  30.388737      99.95 4.9367e+01    406.859       9766  1028.7828  1028.7805     4.4141     0.0710     0.1327    34.1641    34.1614    8.17290         24 0.0000e+00
    279.000    275.926    -0.5437  28.077436    -0.5423  28.076533     4.9431     5.0406    -0.0104    93.0374 1.0000e-12  -74.11668 -113.16492  30.388748      99.96 4.8665e+01    407.842       9789  1028.7879  1028.7856     4.4136     0.0704     0.1328    34.1643    34.1614    8.17302         23 0.0000e+00
    280.000    276.917    -0.5373  28.084339    -0.5339  28.085015     4.9299     5.0368    -0.0126    93.0356 1.0000e-12  -74.11668 -113.16492  30.388760      99.95 4.8330e+01    408.819       9813  1028.7935  1028.7908     4.4136     0.0699     0.1325    34.1658    34.1628    8.17156         24 0.0000e+00
    281.000    277.903    -0.5266  28.094449    -0.5233  28.094993     4.9234     5.0267    -0.0111    93.0494 1.0000e-12  -74.11668 -113.16492  30.388771      99.95 4.9346e+01    409.798       9836  1028.7982  1028.7956     4.4142     0.0682     0.1313    34.1666    34.1637    8.16919         24 0.0000e+00
    282.000    278.893    -0.5199  28.101621    -0.5176  28.101224     4.9138     5.0199    -0.0166    93.0322 1.0000e-12  -74.11668 -113.16492  30.388782      99.95 4.8908e+01    410.778       9860  1028.8038  1028.8012     4.4134     0.0695     0.1315    34.1681    34.1650    8.16767         23 0.0000e+00
    283.000    279.879    -0.5020  28.121761    -0.5000  28.121102     4.9190     5.0190    -0.0148    93.0345 1.0000e-12  -74.11668 -113.16492  30.388793      99.95 4.8559e+01    411.753       9883  1028.8124  1028.8097     4.4135     0.0692     0.1323    34.1744    34.1712    8.16345         24 0.0000e+00
    284.000    280.871    -0.4943  28.130428    -0.4923  28.129990     4.9128     5.0117    -0.0115    93.0164 1.0000e-12  -74.11668 -113.16492  30.388805      99.95 4.9353e+01    412.740       9907  1028.8187  1028.8163     4.4126     0.0683     0.1343    34.1768    34.1739    8.16166         23 0.0000e+00
    285.000    281.856    -0.4859  28.140013    -0.4838  28.139712     4.9048     5.0174    -0.0115    93.0027 1.0000e-12  -74.11668 -113.16492  30.388816      99.95 4.9361e+01    413.714       9930  1028.8252  1028.8228     4.4120     0.0700     0.1356    34.1796    34.1768    8.15969         23 0.0000e+00
    286.000    282.844    -0.4774  28.149076    -0.4753  28.148741     4.9068     5.0114    -0.0121    93.0039 1.0000e-12  -74.11668 -113.16491  30.388827      99.95 4.9361e+01    414.665       9953  1028.8310  1028.8286     4.4121     0.0703     0.1362    34.1815    34.1787    8.15774         23 0.0000e+00
    287.000    283.835    -0.4687  28.158333    -0.4666  28.157963     4.9077     5.0039    -0.0112    93.0017 1.0000e-12  -74.11668 -113.16491  30.388838      99.95 4.9361e+01    415.628       9976  1028.8370  1028.8345     4.4120     0.0703     0.1329    34.1836    34.1807    8.15576         23 0.0000e+00
    288.000    284.818    -0.4684  28.160531    -0.4665  28.159898     4.9117     5.0040    -0.0031    92.9873 1.0000e-12  -74.11668 -113.16491  30.388850      99.02 4.9361e+01    416.606      10000  1028.8436  1028.8411     4.4113     0.0703     0.1342    34.1856    34.1826    8.15558         24 0.0000e+00
    289.000    285.812    -0.4571  28.173613    -0.4550  28.173171     4.9073     5.0006    -0.0031    92.9873 1.0000e-12  -74.11668 -113.16491  30.388861      98.76 4.8129e+01    417.591      10023  1028.8510  1028.8485     4.4113     0.0698     0.1336    34.1898    34.1869    8.15291         24 0.0000e+00
    290.000    286.800    -0.4533  28.178156    -0.4507  28.178493     4.9059     5.0049    -0.0109    92.9816 1.0000e-12  -74.11668 -113.16492  30.388872      99.94 4.9511e+01    418.581      10047  1028.8566  1028.8544     4.4111     0.0688     0.1347    34.1910    34.1885    8.15202         23 0.0000e+00
    291.000    287.786    -0.4515  28.180492    -0.4494  28.180137     4.9067     4.9962    -0.0107    92.9701 1.0000e-12  -74.11668 -113.16492  30.388884      99.95 4.9360e+01    419.567      10071  1028.8618  1028.8594     4.4105     0.0696     0.1328    34.1915    34.1887    8.15160         24 0.0000e+00
    292.000    288.774    -0.4502  28.182251    -0.4487  28.181337     4.9013     4.9979    -0.0129    92.9829 1.0000e-12  -74.11668 -113.16492  30.388895      99.95 4.8705e+01    420.554      10094  1028.8668  1028.8644     4.4111     0.0692     0.1348    34.1918    34.1889    8.15131         24 0.0000e+00
    293.000    289.765    -0.4455  28.187716    -0.4434  28.187371     4.8957     4.9947    -0.0123    92.9745 1.0000e-12  -74.11668 -113.16492  30.388907      99.95 4.9359e+01    421.559      10118  1028.8726  1028.8702     4.4107     0.0703     0.1346    34.1933    34.1905    8.15023         24 0.0000e+00
    294.000    290.751    -0.4381  28.196492    -0.4358  28.196280     4.8962     4.9927    -0.0126    92.9841 1.0000e-12  -74.11668 -113.16492  30.388919      99.94 4.9361e+01    422.565      10143  1028.8792  1028.8767     4.4112     0.0703     0.1331    34.1961    34.1933    8.14848         24 0.0000e+00
    295.000    291.739    -0.4286  28.207449    -0.4273  28.206129     4.8956     4.9926    -0.0120    92.9681 1.0000e-12  -74.11668 -113.16492  30.388930      99.95 4.8340e+01    423.555      10166  1028.8860  1028.8833     4.4104     0.0686     0.1345    34.1995    34.1963    8.14625         24 0.0000e+00
    296.000    292.728    -0.4243  28.212193    -0.4221  28.212171     4.8949     4.9881    -0.0123    92.9628 1.0000e-12  -74.11668 -113.16492  30.388941      99.95 4.9199e+01    424.546      10190  1028.8913  1028.8891     4.4102     0.0709     0.1350    34.2004    34.1979    8.14526         24 0.0000e+00
    297.000    293.715    -0.4237  28.213307    -0.4217  28.213082     4.8917     4.9892    -0.0115    92.9648 1.0000e-12  -74.11668 -113.16492  30.388953      99.95 4.9362e+01    425.547      10214  1028.8963  1028.8941     4.4102     0.0698     0.1355    34.2006    34.1980    8.14512         23 0.0000e+00
    298.000    294.704    -0.4232  28.214145    -0.4212  28.213878     4.8852     4.9863    -0.0107    92.9734 1.0000e-12  -74.11668 -113.16492  30.388964      99.95 4.7589e+01    426.526      10238  1028.9012  1028.8989     4.4106     0.0692     0.1352    34.2006    34.1979    8.14502         24 0.0000e+00
    299.000    295.693    -0.4217  28.216010    -0.4199  28.215458     4.8803     4.9823    -0.0171    92.9437 1.0000e-12  -74.11668 -113.16492  30.388976      99.95 4.8687e+01    427.509      10261  1028.9061  1028.9037     4.4092     0.0692     0.1350    34.2008    34.1980    8.14469         24 0.0000e+00
    300.000    296.680    -0.4189  28.219366    -0.4168  28.219169     4.8843     4.9809    -0.0173    92.9502 1.0000e-12  -74.11668 -113.16492  30.388987      99.95 4.8825e+01    428.501      10285  1028.9113  1028.9091     4.4095     0.0700     0.1347    34.2015    34.1989    8.14404         23 0.0000e+00
    301.000    297.670    -0.4161  28.222786    -0.4138  28.222849     4.8881     4.9759    -0.0141    92.9498 1.0000e-12  -74.11668 -113.16492  30.388999      90.22 4.8552e+01    429.483      10309  1028.9166  1028.9144     4.4095     0.0686     0.1331    34.2023    34.1998    8.14340         24 0.0000e+00
    302.000    298.658    -0.4141  28.225423    -0.4121  28.225178     4.8813     4.9795    -0.0063    92.9445 1.0000e-12  -74.11668 -113.16492  30.389010      99.19 4.9203e+01    430.463      10332  1028.9219  1028.9196     4.4092     0.0701     0.1354    34.2030    34.2004    8.14293         24 0.0000e+00
    303.000    299.644    -0.4143  28.225703    -0.4121  28.225620     4.8802     4.9763     0.0014    92.9346 1.0000e-12  -74.11668 -113.16492  30.389021      99.95 4.8980e+01    431.451      10356  1028.9266  1028.9245     4.4088     0.0690     0.1345    34.2030    34.2004    8.14296         23 0.0000e+00
    304.000    300.633    -0.4118  28.229171    -0.4086  28.229985     4.8821     4.9767     0.0020    92.9466 1.0000e-12  -74.11668 -113.16492  30.389033      99.95 4.7817e+01    432.438      10380  1028.9323  1028.9301     4.4093     0.0697     0.1373    34.2042    34.2017    8.14236         24 0.0000e+00
    305.000    301.622    -0.4053  28.236662    -0.4032  28.236580     4.8739     4.9731    -0.0043    92.9392 1.0000e-12  -74.11668 -113.16492  30.389044      99.95 4.8976e+01    433.422      10403  1028.9384  1028.9362     4.4090     0.0691     0.1348    34.2064    34.2038    8.14085         24 0.0000e+00
    306.000    302.610    -0.3963  28.247698    -0.3927  28.248520     4.8681     4.9646    -0.0143    92.9267 1.0000e-12  -74.11668 -113.16492  30.389056      99.95 4.9359e+01    434.413      10427  1028.9457  1028.9431     4.4084     0.0695     0.1379    34.2104    34.2074    8.13869         23 0.0000e+00
    307.000    303.599    -0.3793  28.266406    -0.3770  28.266053     4.8603     4.9499    -0.0199    92.9337 1.0000e-12  -74.11668 -113.16492  30.389067      99.95 4.8627e+01    435.395      10450  1028.9535  1028.9508     4.4087     0.0695     0.1354    34.2158    34.2126    8.13475         24 0.0000e+00
    308.000    304.587    -0.3560  28.292741    -0.3532  28.292302     4.8500     4.9438    -0.0109    92.9326 1.0000e-12  -74.11668 -113.16492  30.389078      99.95 4.8554e+01    436.378      10474  1028.9632  1028.9601     4.4087     0.0698     0.1369    34.2241    34.2205    8.12928         24 0.0000e+00
    309.000    305.574    -0.3396  28.310458    -0.3374  28.310072     4.8441     4.9409    -0.0104    92.9284 1.0000e-12  -74.11668 -113.16492  30.389090      99.95 4.9277e+01    437.381      10498  1028.9706  1028.9681     4.4084     0.0714     0.1357    34.2288    34.2258    8.12551         24 0.0000e+00
    310.000    306.561    -0.3327  28.318720    -0.3306  28.318189     4.8388     4.9385    -0.0119    92.9294 1.0000e-12  -74.11668 -113.16492  30.389102      99.95 4.9360e+01    438.387      10522  1028.9772  1028.9745     4.4085     0.0697     0.1373    34.2315    34.2284    8.12389         24 0.0000e+00
    311.000    307.552    -0.3270  28.325346    -0.3252  28.324679     4.8362     4.9378    -0.0055    92.9144 1.0000e-12  -74.11668 -113.16492  30.389113      99.95 4.9361e+01    439.375      10546  1028.9832  1028.9807     4.4078     0.0707     0.1374    34.2333    34.2304    8.12256         23 0.0000e+00
    312.000    308.540    -0.3264  28.326576    -0.3242  28.326367     4.8394     4.9367    -0.0087    92.8839 1.0000e-12  -74.11668 -113.16492  30.389125      99.95 4.9361e+01    440.368      10570  1028.9884  1028.9860     4.4064     0.0696     0.1354    34.2337    34.2309    8.12242         24 0.0000e+00
