ocean_section_plots/required_files/ctd/dnbp2202_ctd050.cnv
* Sea-Bird SBE 9 Data File:
* FileName = D:\Data\raw\NBP2202_CTD050.hex
* Software Version Seasave V 7.26.7.121
* Temperature SN = 1649
* Conductivity SN = 2513
* Number of Bytes Per Scan = 40
* Number of Voltage Words = 5
* Number of Scans Averaged by the Deck Unit = 1
* NMEA Latitude = 74 13.19 S
* NMEA Longitude = 112 52.07 W
* NMEA UTC (Time) = Jan 24 2022  04:56:36
* NMEA baud rate = 9600
** Ship: RVIB N.B. Palmer
** Cruise: NBP2202 Thwaites
** Station: Section Dotson C
** Operator: B Bjork
# nquan = 25
# nvalues = 756                         
# units = specified
# name 0 = prDM: Pressure, Digiquartz [db]
# name 1 = depSM: Depth [salt water, m]
# name 2 = t090C: Temperature [ITS-90, deg C]
# name 3 = c0mS/cm: Conductivity [mS/cm]
# name 4 = t190C: Temperature, 2 [ITS-90, deg C]
# name 5 = c1mS/cm: Conductivity, 2 [mS/cm]
# name 6 = sbeox0ML/L: Oxygen, SBE 43 [ml/l]
# name 7 = sbeox1ML/L: Oxygen, SBE 43, 2 [ml/l]
# name 8 = flECO-AFL: Fluorescence, WET Labs ECO-AFL/FL [mg/m^3]
# name 9 = CStarTr0: Beam Transmission, WET Labs C-Star [%]
# name 10 = par: PAR/Irradiance, Biospherical/Licor
# name 11 = latitude: Latitude [deg]
# name 12 = longitude: Longitude [deg]
# name 13 = timeJ: Julian Days
# name 14 = altM: Altimeter [m]
# name 15 = spar: SPAR, Biospherical/Licor
# name 16 = timeS: Time, Elapsed [seconds]
# name 17 = scan: Scan Count
# name 18 = density00: Density [density, kg/m^3]
# name 19 = density11: Density, 2 [density, kg/m^3]
# name 20 = sal00: Salinity, Practical [PSU]
# name 21 = sal11: Salinity, Practical, 2 [PSU]
# name 22 = oxsolML/L: Oxygen Saturation, Garcia & Gordon [ml/l]
# name 23 = nbin: number of scans per bin
# name 24 = flag: flag
# span 0 =      2.000,    757.000       
# span 1 =      1.978,    747.809       
# span 2 =    -1.5054,     0.3451       
# span 3 =  27.123482,  29.282611       
# span 4 =    -1.5045,     0.3471       
# span 5 =  27.123082,  29.282188       
# span 6 =     4.6490,     8.3342       
# span 7 =     4.8602,     8.7247       
# span 8 =    -0.0195,    22.7958       
# span 9 =    69.3532,    96.4725       
# span 10 = -5.668e-05, 7.7994e+01      
# span 11 =  -74.21994,  -74.21994      
# span 12 = -112.86788, -112.86784      
# span 13 =  24.207278,  24.219476      
# span 14 =       5.01,     100.30      
# span 15 = 1.6689e+02, 2.0644e+02      
# span 16 =    112.856,   1166.754      
# span 17 =       2710,      28003      
# span 18 =  1027.1887,  1031.2428      
# span 19 =  1027.1903,  1031.2402      
# span 20 =    33.7949,    34.4842      
# span 21 =    33.7907,    34.4813      
# span 22 =    7.96730,    8.39380      
# span 23 =         11,         50      
# span 24 = 0.0000e+00, 0.0000e+00      
# interval = decibars: 1                
# start_time = Jan 24 2022 04:56:36 [NMEA time, header]
# bad_flag = -9.990e-29
*END*
[from data line 58]
     60.000     59.371    -1.0376  27.305428    -1.0386  27.305022     8.1697     8.6018    18.9725    73.5631 1.0000e-12  -74.21994 -112.86786  24.208658      98.13 1.7981e+02    232.059       5570  1027.4781  1027.4787    33.8097    33.8103    8.30156         44 0.0000e+00
     61.000     60.360    -1.0384  27.305296    -1.0394  27.304994     8.1671     8.6065    19.6810    73.3805 1.0000e-12  -74.21994 -112.86786  24.208681      99.95 1.7981e+02    234.074       5619  1027.4830  1027.4836    33.8098    33.8105    8.30172         35 0.0000e+00
     62.000     61.349    -1.0393  27.305131    -1.0396  27.305215     8.1592     8.5939    20.9696    73.4864 1.0000e-12  -74.21994 -112.86786  24.208705      99.95 1.7981e+02    236.143       5668  1027.4880  1027.4884    33.8099    33.8105    8.30191         39 0.0000e+00
     63.000     62.339    -1.0401  27.304925    -1.0416  27.304016     8.1436     8.5829    18.3638    72.5982 1.0000e-12  -74.21994 -112.86786  24.208730      99.97 1.7981e+02    238.247       5719  1027.4929  1027.4933    33.8100    33.8104    8.30210         43 0.0000e+00
     64.000     63.327    -1.0445  27.301964    -1.0458  27.301205     8.1380     8.5733    18.5100    72.7442 1.0000e-12  -74.21994 -112.86786  24.208753      99.99 1.7981e+02    240.293       5768  1027.4981  1027.4986    33.8102    33.8107    8.30305         45 0.0000e+00
     65.000     64.317    -1.0455  27.301676    -1.0461  27.301379     8.1341     8.5721    19.2668    72.9479 1.0000e-12  -74.21994 -112.86786  24.208777      99.99 1.7981e+02    242.374       5818  1027.5030  1027.5033    33.8103    33.8107    8.30326         41 0.0000e+00
     66.000     65.307    -1.0443  27.303091    -1.0457  27.302197     8.1366     8.5697    17.8080    72.9271 1.0000e-12  -74.21994 -112.86786  24.208801      99.97 1.7981e+02    244.429       5867  1027.5078  1027.5081    33.8103    33.8107    8.30301         33 0.0000e+00
     67.000     66.296    -1.0462  27.302097    -1.0469  27.301847     8.1248     8.5675    18.8710    73.0395 1.0000e-12  -74.21994 -112.86786  24.208825      99.98 1.7981e+02    246.448       5916  1027.5128  1027.5131    33.8105    33.8109    8.30342         36 0.0000e+00
     68.000     67.284    -1.0472  27.301945    -1.0478  27.301647     8.1055     8.5492    18.5070    73.3260 1.0000e-12  -74.21994 -112.86786  24.208849      99.98 1.7981e+02    248.534       5966  1027.5179  1027.5181    33.8109    33.8111    8.30363         31 0.0000e+00
     69.000     68.275    -1.0513  27.300052    -1.0509  27.300401     8.0860     8.5221    18.7110    71.7544 1.0000e-12  -74.21994 -112.86786  24.208873      99.98 1.7981e+02    250.607       6016  1027.5241  1027.5240    33.8123    33.8123    8.30445         38 0.0000e+00
     70.000     69.263    -1.0527  27.299800    -1.0539  27.299239     8.0729     8.5034    17.8465    72.0314 1.0000e-12  -74.21994 -112.86786  24.208896      99.99 1.7981e+02    252.624       6064  1027.5293  1027.5299    33.8128    33.8134    8.30472         41 0.0000e+00
     71.000     70.253    -1.0545  27.299371    -1.0555  27.298851     8.0730     8.5051    18.6525    72.4059 1.0000e-12  -74.21994 -112.86786  24.208920      99.96 1.7981e+02    254.646       6113  1027.5348  1027.5353    33.8136    33.8140    8.30506         41 0.0000e+00
     72.000     71.242    -1.0550  27.299560    -1.0552  27.299481     8.0652     8.5006    18.2114    72.6563 1.0000e-12  -74.21994 -112.86786  24.208943      94.65 1.7981e+02    256.698       6162  1027.5398  1027.5399    33.8138    33.8140    8.30516         45 0.0000e+00
     73.000     72.231    -1.0559  27.299625    -1.0565  27.299304     8.0596     8.4886    19.3393    73.7388 1.0000e-12  -74.21994 -112.86786  24.208967      99.70 1.7981e+02    258.712       6210  1027.5451  1027.5453    33.8144    33.8145    8.30535         37 0.0000e+00
     74.000     73.221    -1.0563  27.300028    -1.0570  27.299552     8.0477     8.4879    18.2083    73.5486 1.0000e-12  -74.21994 -112.86786  24.208990      99.97 1.7981e+02    260.742       6259  1027.5501  1027.5503    33.8147    33.8148    8.30540         45 0.0000e+00
     75.000     74.210    -1.0576  27.299639    -1.0583  27.299288     8.0183     8.4446    19.4232    72.5110 1.0000e-12  -74.21994 -112.86786  24.209014      99.97 1.7981e+02    262.801       6308  1027.5553  1027.5555    33.8151    33.8153    8.30568         42 0.0000e+00
     76.000     75.200    -1.0636  27.296513    -1.0638  27.296294     7.9698     8.4057    19.1351    72.6545 1.0000e-12  -74.21994 -112.86786  24.209037      99.96 1.7935e+02    264.786       6356  1027.5619  1027.5619    33.8169    33.8169    8.30689         41 0.0000e+00
     77.000     76.188    -1.0623  27.300355    -1.0630  27.299775     7.9582     8.3940    19.0318    71.6185 1.0000e-12  -74.21994 -112.86786  24.209060      99.97 1.7906e+02    266.806       6404  1027.5691  1027.5691    33.8201    33.8200    8.30642         46 0.0000e+00
     78.000     77.178    -1.0591  27.304359    -1.0589  27.304528     7.9641     8.3834    19.2044    73.2446 1.0000e-12  -74.21994 -112.86786  24.209084      99.97 1.7951e+02    268.860       6454  1027.5747  1027.5746    33.8213    33.8213    8.30565         33 0.0000e+00
     79.000     78.168    -1.0555  27.308199    -1.0598  27.304380     7.9741     8.3878    18.1782    74.2832 1.0000e-12  -74.21994 -112.86786  24.209107      98.26 1.7865e+02    270.850       6501  1027.5797  1027.5797    33.8219    33.8214    8.30481         40 0.0000e+00
     80.000     79.157    -1.0605  27.304218    -1.0615  27.303253     7.9686     8.3920    19.3222    73.2593 1.0000e-12  -74.21994 -112.86786  24.209130      80.19 1.7838e+02    272.842       6549  1027.5845  1027.5844    33.8215    33.8212    8.30595         39 0.0000e+00
     81.000     80.146    -1.0569  27.307951    -1.0561  27.308632     7.9688     8.3973    18.9151    72.7786 1.0000e-12  -74.21994 -112.86786  24.209153     100.00 1.7865e+02    274.857       6598  1027.5894  1027.5893    33.8219    33.8219    8.30513         38 0.0000e+00
     82.000     81.133    -1.0561  27.309225    -1.0544  27.310606     7.9889     8.4185    18.9876    73.8398 1.0000e-12  -74.21994 -112.86786  24.209176      99.96 1.7827e+02    276.820       6645  1027.5943  1027.5942    33.8220    33.8220    8.30493         37 0.0000e+00
     83.000     82.125    -1.0460  27.318537    -1.0458  27.318817     8.0333     8.4537    18.3731    72.7763 1.0000e-12  -74.21994 -112.86786  24.209198      99.94 1.7834e+02    278.675       6689  1027.5990  1027.5992    33.8227    33.8230    8.30264         37 0.0000e+00
     84.000     83.114    -1.0338  27.330234    -1.0326  27.331019     8.0462     8.4657    18.2829    73.5338 1.0000e-12  -74.21994 -112.86786  24.209214      99.97 1.7848e+02    280.118       6724  1027.6045  1027.6041    33.8244    33.8241    8.29986         33 0.0000e+00
     85.000     84.103    -1.0249  27.338750    -1.0253  27.338138     8.0509     8.4828    19.4440    72.1844 1.0000e-12  -74.21994 -112.86786  24.209230      99.99 1.7865e+02    281.474       6756  1027.6095  1027.6092    33.8253    33.8249    8.29783         32 0.0000e+00
     86.000     85.093    -1.0269  27.337243    -1.0288  27.335569     8.0803     8.5110    19.6441    72.5568 1.0000e-12  -74.21994 -112.86786  24.209246      93.42 1.7826e+02    282.834       6789  1027.6142  1027.6142    33.8249    33.8247    8.29830         33 0.0000e+00
     87.000     86.081    -1.0199  27.344328    -1.0172  27.345893     8.1427     8.5631    19.3707    73.5702 1.0000e-12  -74.21994 -112.86786  24.209261      97.92 1.7879e+02    284.192       6822  1027.6195  1027.6186    33.8260    33.8251    8.29668         33 0.0000e+00
     88.000     87.069    -0.9959  27.366157    -0.9962  27.365379     8.1887     8.6011    21.2501    72.6263 1.0000e-12  -74.21994 -112.86786  24.209277      99.91 1.7884e+02    285.531       6854  1027.6247  1027.6240    33.8282    33.8274    8.29126         29 0.0000e+00
     89.000     88.059    -0.9839  27.377722    -0.9838  27.377239     8.2014     8.6223    20.2489    72.4060 1.0000e-12  -74.21994 -112.86786  24.209292      99.98 1.7816e+02    286.869       6886  1027.6302  1027.6295    33.8298    33.8290    8.28852         33 0.0000e+00
     90.000     89.049    -0.9733  27.387660    -0.9737  27.387047     8.2010     8.6224    21.3097    72.1971 1.0000e-12  -74.21994 -112.86786  24.209308      99.99 1.7849e+02    288.219       6918  1027.6353  1027.6350    33.8308    33.8304    8.28612         32 0.0000e+00
     91.000     90.039    -0.9748  27.387092    -0.9750  27.386811     8.1852     8.6190    22.6939    71.2834 1.0000e-12  -74.21994 -112.86786  24.209323      99.98 1.7900e+02    289.540       6950  1027.6406  1027.6404    33.8311    33.8309    8.28643         30 0.0000e+00
     92.000     91.027    -0.9747  27.387800    -0.9749  27.387388     8.1694     8.6093    21.5654    71.6835 1.0000e-12  -74.21994 -112.86786  24.209338      99.98 1.7810e+02    290.781       6980  1027.6457  1027.6455    33.8313    33.8310    8.28639         30 0.0000e+00
     93.000     92.016    -0.9762  27.387297    -0.9761  27.387099     8.1623     8.6082    21.2295    70.0205 1.0000e-12  -74.21994 -112.86786  24.209352      99.98 1.7842e+02    292.013       7009  1027.6511  1027.6508    33.8316    33.8313    8.28669         29 0.0000e+00
     94.000     93.006    -0.9772  27.386876    -0.9772  27.386640     8.1562     8.6068    21.1696    70.8781 1.0000e-12  -74.21994 -112.86786  24.209366      99.98 1.7894e+02    293.253       7039  1027.6560  1027.6557    33.8316    33.8313    8.28692         30 0.0000e+00
     95.000     93.996    -0.9795  27.385478    -0.9793  27.385376     8.1541     8.5925    21.1158    71.0703 1.0000e-12  -74.21994 -112.86786  24.209381      99.98 1.7805e+02    294.485       7069  1027.6611  1027.6608    33.8317    33.8314    8.28742         30 0.0000e+00
     96.000     94.984    -0.9783  27.387283    -0.9781  27.387089     8.1494     8.5940    21.5743    70.5819 1.0000e-12  -74.21994 -112.86786  24.209395      99.78 1.7822e+02    295.716       7098  1027.6663  1027.6658    33.8322    33.8317    8.28713         30 0.0000e+00
     97.000     95.973    -0.9736  27.391937    -0.9724  27.392591     8.1263     8.5760    21.0867    70.6608 1.0000e-12  -74.21994 -112.86786  24.209409      95.73 1.7895e+02    296.938       7128  1027.6712  1027.6707    33.8326    33.8321    8.28608         29 0.0000e+00
     98.000     96.963    -0.9843  27.383489    -0.9844  27.383619     8.1118     8.5603    20.7354    70.2285 1.0000e-12  -74.21994 -112.86786  24.209423      99.91 1.7824e+02    298.156       7157  1027.6767  1027.6769    33.8325    33.8328    8.28844         29 0.0000e+00
     99.000     97.952    -0.9886  27.380936    -0.9883  27.380963     8.1191     8.5611    20.4919    69.7883 1.0000e-12  -74.21994 -112.86786  24.209437      99.99 1.7805e+02    299.381       7186  1027.6824  1027.6821    33.8333    33.8330    8.28935         29 0.0000e+00
    100.000     98.941    -0.9876  27.382356    -0.9871  27.382615     8.1084     8.5410    19.3142    69.6988 1.0000e-12  -74.21994 -112.86786  24.209452      99.99 1.7917e+02    300.611       7216  1027.6873  1027.6871    33.8335    33.8332    8.28911         30 0.0000e+00
    101.000     99.930    -0.9890  27.382410    -0.9877  27.383086     8.0743     8.5103    19.8235    69.7791 1.0000e-12  -74.21994 -112.86786  24.209466      99.98 1.7847e+02    301.838       7245  1027.6929  1027.6924    33.8344    33.8339    8.28935         29 0.0000e+00
    102.000    100.921    -0.9870  27.384374    -0.9874  27.383841     7.9788     8.4217    19.9298    69.7457 1.0000e-12  -74.21994 -112.86786  24.209480      99.99 1.7806e+02    303.055       7274  1027.6974  1027.6972    33.8343    33.8340    8.28893         28 0.0000e+00
    103.000    101.909    -1.0181  27.358777    -1.0156  27.361260     7.8741     8.2907    20.0684    69.3532 1.0000e-12  -74.21994 -112.86786  24.209494      99.98 1.7880e+02    304.255       7303  1027.7039  1027.7042    33.8338    33.8344    8.29583         28 0.0000e+00
    104.000    102.897    -1.0298  27.349844    -1.0307  27.349167     7.6564     8.0891    18.8644    69.6983 1.0000e-12  -74.21994 -112.86786  24.209507      99.98 1.7818e+02    305.445       7332  1027.7096  1027.7098    33.8341    33.8342    8.29839         29 0.0000e+00
    105.000    103.887    -1.0664  27.320535    -1.0660  27.322513     7.4295     7.8961    17.9912    71.1096 1.0000e-12  -74.21994 -112.86786  24.209521      99.98 1.7824e+02    306.656       7361  1027.7172  1027.7191    33.8348    33.8371    8.30646         28 0.0000e+00
    106.000    104.877    -1.1266  27.276449    -1.1310  27.273878     7.3329     7.7927    17.2235    70.6281 1.0000e-12  -74.21994 -112.86786  24.209536      99.99 1.7870e+02    307.874       7390  1027.7314  1027.7328    33.8419    33.8433    8.31940         30 0.0000e+00
    107.000    105.863    -1.1418  27.266031    -1.1426  27.265605     7.3050     7.7381    15.7017    70.8902 1.0000e-12  -74.21994 -112.86786  24.209550      99.86 1.7847e+02    309.100       7419  1027.7385  1027.7387    33.8442    33.8445    8.32265         29 0.0000e+00
    108.000    106.856    -1.1481  27.262344    -1.1485  27.262067     7.2375     7.6567    13.7956    71.3837 1.0000e-12  -74.21994 -112.86786  24.209564      99.60 1.7805e+02    310.322       7449  1027.7444  1027.7445    33.8456    33.8457    8.32396         30 0.0000e+00
    109.000    107.843    -1.1585  27.255222    -1.1587  27.255243     7.1141     7.5203    13.1518    73.0690 1.0000e-12  -74.21994 -112.86786  24.209578      99.83 1.7823e+02    311.536       7478  1027.7505  1027.7508    33.8469    33.8473    8.32619         29 0.0000e+00
    110.000    108.832    -1.1924  27.228621    -1.1951  27.226945     6.9962     7.4028    13.5437    73.6507 1.0000e-12  -74.21994 -112.86786  24.209592      99.69 1.7881e+02    312.742       7507  1027.7581  1027.7590    33.8482    33.8491    8.33366         28 0.0000e+00
    111.000    109.822    -1.2271  27.200865    -1.2285  27.200079     6.9048     7.3198    12.2779    74.3794 1.0000e-12  -74.21994 -112.86786  24.209606      99.51 1.7804e+02    313.929       7535  1027.7651  1027.7656    33.8488    33.8493    8.34137         29 0.0000e+00
    112.000    110.811    -1.2458  27.186855    -1.2466  27.186777     6.8597     7.2653    10.2343    74.8821 1.0000e-12  -74.21994 -112.86786  24.209619      99.44 1.7805e+02    315.112       7564  1027.7716  1027.7723    33.8501    33.8510    8.34547         28 0.0000e+00
    113.000    111.799    -1.2683  27.171905    -1.2704  27.170140     6.8881     7.2716     8.7060    77.2802 1.0000e-12  -74.21994 -112.86786  24.209633      99.40 1.7805e+02    316.297       7592  1027.7808  1027.7808    33.8545    33.8544    8.35024         29 0.0000e+00
    114.000    112.790    -1.2630  27.178464    -1.2643  27.177315     6.9246     7.2950     7.2027    78.9525 1.0000e-12  -74.21994 -112.86786  24.209647      99.39 1.7805e+02    317.493       7621  1027.7866  1027.7866    33.8568    33.8567    8.34891         29 0.0000e+00
    115.000    113.778    -1.2604  27.182522    -1.2610  27.181987     6.9372     7.3058     6.8410    79.5967 1.0000e-12  -74.21994 -112.86786  24.209661      99.39 1.7805e+02    318.704       7650  1027.7924  1027.7923    33.8589    33.8587    8.34822         29 0.0000e+00
    116.000    114.767    -1.2610  27.183546    -1.2613  27.183328     6.9396     7.3071     7.3082    80.8226 1.0000e-12  -74.21994 -112.86786  24.209675      99.41 1.7805e+02    319.901       7679  1027.7981  1027.7981    33.8603    33.8603    8.34827         28 0.0000e+00
