ocean_section_plots/required_files/ctd/dnbp2202_ctd190.cnv
* Sea-Bird SBE 9 Data File:
* FileName = D:\Data\raw\NBP2202_CTD190.hex
* Software Version Seasave V 7.26.7.121
* Temperature SN = 1649
* Conductivity SN = 2513
* Number of Bytes Per Scan = 40
* Number of Voltage Words = 5
* Number of Scans Averaged by the Deck Unit = 1
* NMEA Latitude = 74 10.23 S
* NMEA Longitude = 113 17.96 W
* NMEA UTC (Time) = Feb 07 2022  09:49:35
* NMEA baud rate = 9600
** Ship: RVIB N.B. Palmer
** Cruise: NBP2202 Thwaites
** Station: 111
** Operator: B Bjork
# nquan = 28
# nvalues = 696                         
# units = specified
# name 0 = prDM: Pressure, Digiquartz [db]
# name 1 = depSM: Depth [salt water, m]
# name 2 = t090C: Temperature [ITS-90, deg C]
# name 3 = c0mS/cm: Conductivity [mS/cm]
# name 4 = t190C: Temperature, 2 [ITS-90, deg C]
# name 5 = c1mS/cm: Conductivity, 2 [mS/cm]
# name 6 = sbeox0ML/L: Oxygen, SBE 43 [ml/l]
# name 7 = sbeox1ML/L: Oxygen, SBE 43, 2 [ml/l]
# name 8 = flECO-AFL: Fluorescence, WET Labs ECO-AFL/FL [mg/m^3]
# name 9 = CStarTr0: Beam Transmission, WET Labs C-Star [%]
# name 10 = par: PAR/Irradiance, Biospherical/Licor
# name 11 = latitude: Latitude [deg]
# name 12 = longitude: Longitude [deg]
# name 13 = timeJ: Julian Days
# name 14 = altM: Altimeter [m]
# name 15 = spar: SPAR, Biospherical/Licor
# name 16 = timeS: Time, Elapsed [seconds]
# name 17 = scan: Scan Count
# name 18 = density00: Density [density, kg/m^3]
# name 19 = density11: Density, 2 [density, kg/m^3]
# name 20 = v3: Voltage 3
# name 21 = v4: Voltage 4
# name 22 = v5: Voltage 5
# name 23 = sal00: Salinity, Practical [PSU]
# name 24 = sal11: Salinity, Practical, 2 [PSU]
# name 25 = oxsolML/L: Oxygen Saturation, Garcia & Gordon [ml/l]
# name 26 = nbin: number of scans per bin
# name 27 = flag: flag
# span 0 =      2.000,    697.000       
# span 1 =      1.977,    688.630       
# span 2 =    -1.5661,     0.1722       
# span 3 =  26.900176,  29.056827       
# span 4 =    -1.5644,     0.1743       
# span 5 =  26.900137,  29.057214       
# span 6 =     4.6782,     8.7029       
# span 7 =     4.7652,     8.9456       
# span 8 =    -0.0211,    26.1135       
# span 9 =    75.1091,    98.2513       
# span 10 = -1.350e-05, 1.2584e+01      
# span 11 =  -74.17052,  -74.17050      
# span 12 = -113.29950, -113.29944      
# span 13 =  38.412091,  38.421425      
# span 14 =       7.42,     100.25      
# span 15 = 3.7017e+01, 4.8271e+01      
# span 16 =    229.672,   1036.099      
# span 17 =       5513,      24867      
# span 18 =  1027.1721,  1030.9208      
# span 19 =  1027.1709,  1030.9187      
# span 20 =     3.5637,     4.6609      
# span 21 =     0.0638,     3.5788      
# span 22 =     0.1193,     0.2563      
# span 23 =    33.7777,    34.4169      
# span 24 =    33.7763,    34.4145      
# span 25 =    8.00690,    8.41814      
# span 26 =         13,         49      
# span 27 = 0.0000e+00, 0.0000e+00      
# interval = decibars: 1                
# start_time = Feb 07 2022 09:49:35 [NMEA time, header]
# bad_flag = -9.990e-29
*END*
[from data line 518]
    520.000    513.973     0.0528  28.838647     0.0549  28.838557     4.7153     4.8141    -0.0104    97.6899 1.0000e-12  -74.17052 -113.29948  38.418891      99.92 4.5835e+01    817.225      19614  1030.0553  1030.0532     4.6342     0.0692     0.1417    34.3646    34.3621    8.03480         24 0.0000e+00
    521.000    514.959     0.0532  28.839455     0.0553  28.839406     4.7194     4.8182    -0.0109    97.6780 1.0000e-12  -74.17052 -113.29948  38.418903      99.92 4.5835e+01    818.259      19639  1030.0602  1030.0581     4.6337     0.0700     0.1408    34.3646    34.3622    8.03472         25 0.0000e+00
    522.000    515.948     0.0536  28.840553     0.0557  28.840481     4.7150     4.8200    -0.0166    97.6705 1.0000e-12  -74.17052 -113.29948  38.418915      99.91 4.5835e+01    819.277      19664  1030.0651  1030.0630     4.6334     0.0691     0.1401    34.3650    34.3626    8.03460         24 0.0000e+00
    523.000    516.935     0.0537  28.841179     0.0559  28.841080     4.7213     4.8197    -0.0168    97.6873 1.0000e-12  -74.17052 -113.29948  38.418927      99.92 4.5835e+01    820.288      19688  1030.0699  1030.0677     4.6341     0.0695     0.1390    34.3651    34.3626    8.03457         25 0.0000e+00
    524.000    517.921     0.0545  28.842393     0.0566  28.842190     4.7217     4.8202    -0.0101    97.6966 1.0000e-12  -74.17052 -113.29948  38.418939      99.92 4.5835e+01    821.329      19713  1030.0747  1030.0725     4.6345     0.0695     0.1376    34.3653    34.3627    8.03441         25 0.0000e+00
    525.000    518.908     0.0548  28.843257     0.0569  28.843108     4.7129     4.8208    -0.0095    97.6673 1.0000e-12  -74.17052 -113.29948  38.418951      99.92 4.5835e+01    822.357      19738  1030.0796  1030.0774     4.6332     0.0692     0.1390    34.3655    34.3629    8.03433         24 0.0000e+00
    526.000    519.895     0.0552  28.844180     0.0574  28.844106     4.7143     4.8194    -0.0016    97.6824 1.0000e-12  -74.17052 -113.29948  38.418963      99.92 4.5835e+01    823.359      19762  1030.0844  1030.0822     4.6339     0.0703     0.1387    34.3656    34.3631    8.03423         24 0.0000e+00
    527.000    520.884     0.0564  28.845966     0.0584  28.845796     4.7166     4.8195    -0.0089    97.6699 1.0000e-12  -74.17052 -113.29948  38.418974      99.92 4.5835e+01    824.373      19786  1030.0894  1030.0873     4.6333     0.0703     0.1385    34.3661    34.3636    8.03397         25 0.0000e+00
    528.000    521.869     0.0567  28.846929     0.0589  28.846875     4.7161     4.8209    -0.0107    97.6908 1.0000e-12  -74.17052 -113.29948  38.418986      99.92 4.5835e+01    825.390      19810  1030.0944  1030.0922     4.6343     0.0700     0.1381    34.3665    34.3639    8.03388         24 0.0000e+00
    529.000    522.859     0.0581  28.849230     0.0604  28.849213     4.7162     4.8224    -0.0147    97.6920 1.0000e-12  -74.17052 -113.29946  38.418997      82.74 4.5835e+01    826.385      19834  1030.0997  1030.0975     4.6344     0.0683     0.1384    34.3673    34.3648    8.03353         24 0.0000e+00
    530.000    523.843     0.0599  28.851994     0.0619  28.851804     4.7144     4.8244    -0.0138    97.6942 1.0000e-12  -74.17052 -113.29948  38.419009      96.66 4.5835e+01    827.404      19859  1030.1051  1030.1029     4.6344     0.0697     0.1371    34.3684    34.3659    8.03310         24 0.0000e+00
    531.000    524.832     0.0621  28.855464     0.0642  28.855337     4.7172     4.8238    -0.0096    97.6914 1.0000e-12  -74.17052 -113.29946  38.419021      99.99 4.5835e+01    828.440      19884  1030.1108  1030.1087     4.6343     0.0699     0.1376    34.3699    34.3674    8.03255         25 0.0000e+00
    532.000    525.818     0.0632  28.857154     0.0653  28.857184     4.7217     4.8251    -0.0100    97.6915 1.0000e-12  -74.17052 -113.29948  38.419033      99.92 4.5835e+01    829.454      19908  1030.1158  1030.1138     4.6343     0.0692     0.1378    34.3703    34.3680    8.03230         25 0.0000e+00
    533.000    526.806     0.0635  28.858250     0.0657  28.858374     4.7154     4.8246    -0.0126    97.6975 1.0000e-12  -74.17052 -113.29946  38.419045      99.91 4.5835e+01    830.481      19933  1030.1210  1030.1189     4.6346     0.0691     0.1408    34.3709    34.3685    8.03221         25 0.0000e+00
    534.000    527.793     0.0651  28.861040     0.0673  28.861039     4.7217     4.8237    -0.0132    97.7006 1.0000e-12  -74.17052 -113.29946  38.419057      99.92 4.5835e+01    831.533      19958  1030.1266  1030.1244     4.6348     0.0696     0.1385    34.3721    34.3696    8.03179         24 0.0000e+00
    535.000    528.779     0.0668  28.863488     0.0688  28.863266     4.7225     4.8216    -0.0050    97.6872 1.0000e-12  -74.17051 -113.29946  38.419069      99.92 4.5835e+01    832.549      19982  1030.1318  1030.1296     4.6341     0.0696     0.1367    34.3729    34.3704    8.03141         25 0.0000e+00
    536.000    529.766     0.0676  28.865119     0.0698  28.864994     4.7165     4.8239    -0.0157    97.7045 1.0000e-12  -74.17050 -113.29946  38.419081      99.92 4.5835e+01    833.563      20007  1030.1369  1030.1347     4.6349     0.0710     0.1397    34.3735    34.3710    8.03119         25 0.0000e+00
    537.000    530.756     0.0685  28.866506     0.0706  28.866358     4.7141     4.8124    -0.0102    97.7187 1.0000e-12  -74.17050 -113.29946  38.419092      99.92 4.5835e+01    834.591      20031  1030.1418  1030.1396     4.6356     0.0707     0.1385    34.3738    34.3713    8.03099         24 0.0000e+00
    538.000    531.740     0.0695  28.868119     0.0718  28.868124     4.7188     4.8163    -0.0110    97.7285 1.0000e-12  -74.17050 -113.29946  38.419104      99.92 4.5835e+01    835.605      20056  1030.1467  1030.1445     4.6361     0.0706     0.1390    34.3742    34.3716    8.03075         24 0.0000e+00
    539.000    532.729     0.0715  28.870532     0.0736  28.870525     4.7200     4.8189    -0.0097    97.7091 1.0000e-12  -74.17050 -113.29946  38.419116      99.92 4.5835e+01    836.620      20080  1030.1516  1030.1496     4.6352     0.0696     0.1377    34.3746    34.3722    8.03032         25 0.0000e+00
    540.000    533.715     0.0723  28.871932     0.0745  28.871863     4.7150     4.8111    -0.0162    97.7368 1.0000e-12  -74.17050 -113.29946  38.419128      99.91 4.5835e+01    837.669      20105  1030.1566  1030.1544     4.6365     0.0697     0.1370    34.3750    34.3724    8.03014         25 0.0000e+00
    541.000    534.702     0.0733  28.873548     0.0756  28.873578     4.7163     4.8137    -0.0108    97.7499 1.0000e-12  -74.17050 -113.29946  38.419140      74.15 4.5835e+01    838.682      20129  1030.1615  1030.1594     4.6371     0.0678     0.1370    34.3753    34.3729    8.02989         24 0.0000e+00
    542.000    535.689     0.0756  28.876586     0.0782  28.876896     4.7145     4.8151    -0.0150    97.7328 1.0000e-12  -74.17050 -113.29946  38.419151      88.30 4.5835e+01    839.687      20153  1030.1667  1030.1646     4.6363     0.0681     0.1397    34.3762    34.3737    8.02937         24 0.0000e+00
    543.000    536.676     0.0782  28.879813     0.0805  28.879953     4.7125     4.8198    -0.0062    97.7285 1.0000e-12  -74.17050 -113.29946  38.419163      97.91 4.5835e+01    840.709      20178  1030.1719  1030.1698     4.6361     0.0700     0.1382    34.3770    34.3745    8.02878         25 0.0000e+00
    544.000    537.664     0.0789  28.881159     0.0812  28.881177     4.7149     4.8157    -0.0067    97.7407 1.0000e-12  -74.17050 -113.29946  38.419175      99.87 4.5835e+01    841.706      20202  1030.1769  1030.1747     4.6367     0.0697     0.1368    34.3773    34.3748    8.02861         23 0.0000e+00
    545.000    538.650     0.0793  28.881914     0.0814  28.881880     4.7150     4.8165    -0.0097    97.7399 1.0000e-12  -74.17050 -113.29946  38.419186      99.91 4.5835e+01    842.705      20226  1030.1816  1030.1795     4.6366     0.0695     0.1371    34.3773    34.3749    8.02854         25 0.0000e+00
    546.000    539.638     0.0793  28.882410     0.0816  28.882464     4.7129     4.8111    -0.0063    97.7460 1.0000e-12  -74.17050 -113.29946  38.419198      99.92 4.5835e+01    843.744      20251  1030.1863  1030.1842     4.6369     0.0704     0.1356    34.3773    34.3749    8.02852         25 0.0000e+00
    547.000    540.625     0.0794  28.882808     0.0815  28.882723     4.7124     4.8078    -0.0068    97.7542 1.0000e-12  -74.17050 -113.29946  38.419210      99.92 4.5835e+01    844.766      20275  1030.1909  1030.1889     4.6373     0.0696     0.1359    34.3772    34.3748    8.02851         24 0.0000e+00
    548.000    541.611     0.0799  28.883795     0.0820  28.883692     4.7092     4.8098    -0.0162    97.7585 1.0000e-12  -74.17050 -113.29946  38.419222      99.92 4.5835e+01    845.766      20299  1030.1958  1030.1936     4.6375     0.0691     0.1369    34.3774    34.3749    8.02840         24 0.0000e+00
    549.000    542.599     0.0806  28.884984     0.0828  28.884901     4.7082     4.8151    -0.0101    97.7697 1.0000e-12  -74.17050 -113.29946  38.419234      99.92 4.5835e+01    846.786      20324  1030.2006  1030.1985     4.6381     0.0697     0.1367    34.3775    34.3751    8.02824         25 0.0000e+00
    550.000    543.586     0.0810  28.885739     0.0831  28.885780     4.7100     4.8148    -0.0096    97.7766 1.0000e-12  -74.17050 -113.29946  38.419245      99.92 4.5835e+01    847.791      20348  1030.2053  1030.2032     4.6384     0.0688     0.1376    34.3776    34.3752    8.02817         23 0.0000e+00
    551.000    544.573     0.0811  28.886440     0.0832  28.886357     4.7078     4.8151    -0.0104    97.7628 1.0000e-12  -74.17050 -113.29946  38.419257      99.91 4.5835e+01    848.774      20372  1030.2102  1030.2080     4.6378     0.0695     0.1374    34.3778    34.3753    8.02813         24 0.0000e+00
    552.000    545.560     0.0809  28.886729     0.0831  28.886640     4.7135     4.8153    -0.0089    97.7636 1.0000e-12  -74.17050 -113.29946  38.419268      99.92 4.6294e+01    849.789      20396  1030.2149  1030.2128     4.6378     0.0695     0.1386    34.3777    34.3752    8.02816         25 0.0000e+00
    553.000    546.547     0.0812  28.887261     0.0832  28.887278     4.7148     4.8151    -0.0014    97.7564 1.0000e-12  -74.17050 -113.29946  38.419280      99.92 4.5838e+01    850.807      20420  1030.2195  1030.2175     4.6374     0.0706     0.1363    34.3776    34.3753    8.02813         24 0.0000e+00
    554.000    547.533     0.0813  28.887747     0.0832  28.887710     4.7150     4.8130    -0.0004    97.7607 1.0000e-12  -74.17050 -113.29946  38.419292      96.36 4.5835e+01    851.808      20444  1030.2241  1030.2222     4.6376     0.0673     0.1364    34.3775    34.3753    8.02810         24 0.0000e+00
    555.000    548.521     0.0812  28.888171     0.0832  28.888103     4.7157     4.8117    -0.0007    97.7628 1.0000e-12  -74.17050 -113.29946  38.419304      82.29 4.6427e+01    852.820      20469  1030.2289  1030.2269     4.6378     0.0676     0.1357    34.3776    34.3753    8.02813         24 0.0000e+00
    556.000    549.508     0.0812  28.888719     0.0834  28.888702     4.7098     4.8141    -0.0059    97.7639 1.0000e-12  -74.17050 -113.29946  38.419315      94.02 4.6201e+01    853.820      20493  1030.2337  1030.2316     4.6378     0.0693     0.1368    34.3777    34.3753    8.02811         24 0.0000e+00
    557.000    550.495     0.0815  28.889488     0.0835  28.889361     4.7065     4.8206    -0.0011    97.7491 1.0000e-12  -74.17050 -113.29946  38.419326      99.83 4.5840e+01    854.799      20516  1030.2385  1030.2364     4.6371     0.0696     0.1372    34.3778    34.3754    8.02804         24 0.0000e+00
    558.000    551.482     0.0820  28.890374     0.0839  28.890296     4.7145     4.8172    -0.0004    97.7531 1.0000e-12  -74.17050 -113.29946  38.419338      99.92 4.5835e+01    855.798      20540  1030.2432  1030.2412     4.6373     0.0695     0.1375    34.3779    34.3756    8.02794         24 0.0000e+00
    559.000    552.468     0.0816  28.890588     0.0837  28.890527     4.7132     4.8165    -0.0126    97.7424 1.0000e-12  -74.17050 -113.29946  38.419350      99.91 4.5835e+01    856.813      20565  1030.2480  1030.2459     4.6367     0.0700     0.1368    34.3780    34.3755    8.02801         24 0.0000e+00
    560.000    553.457     0.0816  28.890981     0.0835  28.890867     4.7121     4.8170    -0.0150    97.7446 1.0000e-12  -74.17050 -113.29946  38.419361      99.92 4.5835e+01    857.799      20588  1030.2527  1030.2508     4.6369     0.0692     0.1366    34.3779    34.3757    8.02801         24 0.0000e+00
    561.000    554.442     0.0817  28.891673     0.0836  28.891522     4.7130     4.8165    -0.0087    97.7583 1.0000e-12  -74.17050 -113.29946  38.419373      99.92 4.5835e+01    858.796      20612  1030.2576  1030.2556     4.6376     0.0696     0.1378    34.3782    34.3758    8.02799         24 0.0000e+00
    562.000    555.430     0.0823  28.892715     0.0842  28.892685     4.7161     4.8156    -0.0089    97.7607 1.0000e-12  -74.17050 -113.29946  38.419384      99.91 4.5835e+01    859.807      20636  1030.2624  1030.2604     4.6376     0.0698     0.1387    34.3783    34.3760    8.02786         24 0.0000e+00
    563.000    556.417     0.0823  28.893361     0.0843  28.893291     4.7110     4.8153    -0.0008    97.7386 1.0000e-12  -74.17050 -113.29947  38.419396      99.92 4.5835e+01    860.787      20660  1030.2672  1030.2653     4.6366     0.0693     0.1395    34.3785    34.3762    8.02784         23 0.0000e+00
    564.000    557.404     0.0822  28.893778     0.0841  28.893612     4.7064     4.8168    -0.0013    97.7696 1.0000e-12  -74.17050 -113.29947  38.419407      99.92 4.5835e+01    861.781      20684  1030.2720  1030.2700     4.6380     0.0687     0.1359    34.3786    34.3762    8.02785         24 0.0000e+00
    565.000    558.391     0.0821  28.894130     0.0841  28.894073     4.7089     4.8124    -0.0086    97.7635 1.0000e-12  -74.17050 -113.29946  38.419419      99.92 4.5835e+01    862.801      20708  1030.2767  1030.2748     4.6378     0.0707     0.1375    34.3786    34.3763    8.02787         25 0.0000e+00
    566.000    559.378     0.0838  28.896879     0.0863  28.897305     4.7066     4.8035    -0.0032    97.7485 1.0000e-12  -74.17050 -113.29946  38.419430      99.91 4.5835e+01    863.796      20732  1030.2822  1030.2803     4.6371     0.0685     0.1354    34.3797    34.3775    8.02746         23 0.0000e+00
    567.000    560.365     0.0880  28.902111     0.0899  28.902065     4.7069     4.8097    -0.0013    97.7196 1.0000e-12  -74.17050 -113.29946  38.419442      69.05 4.5835e+01    864.782      20756  1030.2878  1030.2859     4.6356     0.0670     0.1379    34.3813    34.3791    8.02649         24 0.0000e+00
    568.000    561.351     0.0886  28.903363     0.0906  28.903290     4.7109     4.8130    -0.0109    97.7254 1.0000e-12  -74.17050 -113.29946  38.419454      87.70 4.5835e+01    865.786      20780  1030.2929  1030.2908     4.6359     0.0679     0.1374    34.3817    34.3793    8.02634         24 0.0000e+00
    569.000    562.339     0.0891  28.904415     0.0915  28.904671     4.7125     4.8141    -0.0144    97.7456 1.0000e-12  -74.17050 -113.29946  38.419465      97.56 4.5835e+01    866.770      20803  1030.2977  1030.2957     4.6369     0.0698     0.1386    34.3820    34.3797    8.02622         24 0.0000e+00
    570.000    563.324     0.0902  28.906052     0.0923  28.906053     4.7097     4.8141    -0.0074    97.7430 1.0000e-12  -74.17050 -113.29946  38.419476      99.91 4.5835e+01    867.744      20827  1030.3026  1030.3006     4.6368     0.0691     0.1391    34.3823    34.3800    8.02597         23 0.0000e+00
