ocean_section_plots/required_files/ctd/dnbp2202_ctd198.cnv
* Sea-Bird SBE 9 Data File:
* FileName = D:\Data\raw\NBP2202_CTD198.hex
* Software Version Seasave V 7.26.7.121
* Temperature SN = 1649
* Conductivity SN = 2513
* Number of Bytes Per Scan = 40
* Number of Voltage Words = 5
* Number of Scans Averaged by the Deck Unit = 1
* NMEA Latitude = 73 55.66 S
* NMEA Longitude = 113 14.60 W
* NMEA UTC (Time) = Feb 08 2022  15:22:25
* NMEA baud rate = 9600
** Ship: RVIB N.B. Palmer
** Cruise: NBP2202 Thwaites
** Station: 117
** Operator: A. Robinson
# nquan = 28
# nvalues = 391                         
# units = specified
# name 0 = prDM: Pressure, Digiquartz [db]
# name 1 = depSM: Depth [salt water, m]
# name 2 = t090C: Temperature [ITS-90, deg C]
# name 3 = c0mS/cm: Conductivity [mS/cm]
# name 4 = t190C: Temperature, 2 [ITS-90, deg C]
# name 5 = c1mS/cm: Conductivity, 2 [mS/cm]
# name 6 = sbeox0ML/L: Oxygen, SBE 43 [ml/l]
# name 7 = sbeox1ML/L: Oxygen, SBE 43, 2 [ml/l]
# name 8 = flECO-AFL: Fluorescence, WET Labs ECO-AFL/FL [mg/m^3]
# name 9 = CStarTr0: Beam Transmission, WET Labs C-Star [%]
# name 10 = par: PAR/Irradiance, Biospherical/Licor
# name 11 = latitude: Latitude [deg]
# name 12 = longitude: Longitude [deg]
# name 13 = timeJ: Julian Days
# name 14 = altM: Altimeter [m]
# name 15 = spar: SPAR, Biospherical/Licor
# name 16 = timeS: Time, Elapsed [seconds]
# name 17 = scan: Scan Count
# name 18 = density00: Density [density, kg/m^3]
# name 19 = density11: Density, 2 [density, kg/m^3]
# name 20 = v3: Voltage 3
# name 21 = v4: Voltage 4
# name 22 = v5: Voltage 5
# name 23 = sal00: Salinity, Practical [PSU]
# name 24 = sal11: Salinity, Practical, 2 [PSU]
# name 25 = oxsolML/L: Oxygen Saturation, Garcia & Gordon [ml/l]
# name 26 = nbin: number of scans per bin
# name 27 = flag: flag
# span 0 =      3.000,    393.000       
# span 1 =      2.969,    388.546       
# span 2 =    -1.5757,    -0.1169       
# span 3 =  26.976476,  28.599083       
# span 4 =    -1.5746,    -0.1136       
# span 5 =  26.976666,  28.599912       
# span 6 =     4.8109,     8.9369       
# span 7 =     4.9617,     9.2723       
# span 8 =    -0.0179,    25.6861       
# span 9 =    75.8252,    98.6460       
# span 10 = 1.0000e-12, 5.3254e+01      
# span 11 =  -73.92774,  -73.92766      
# span 12 = -113.24321, -113.24036      
# span 13 =  39.643262,  39.650137      
# span 14 =       3.37,     100.24      
# span 15 = 1.6871e+02, 1.9964e+02      
# span 16 =    232.832,    826.816      
# span 17 =       5589,      19845      
# span 18 =  1027.1590,  1029.4250      
# span 19 =  1027.1583,  1029.4228      
# span 20 =     3.5975,     4.6796      
# span 21 =     0.0636,     3.8542      
# span 22 =     0.1122,     0.2491      
# span 23 =    33.7584,    34.3128      
# span 24 =    33.7570,    34.3101      
# span 25 =    8.07343,    8.41469      
# span 26 =          7,         48      
# span 27 = 0.0000e+00, 0.0000e+00      
# interval = decibars: 1                
# start_time = Feb 08 2022 15:22:25 [NMEA time, header]
# bad_flag = -9.990e-29
*END*
[from data line 311]
    314.000    310.517    -0.3645  28.295986    -0.3629  28.294942     4.8927     5.0825     0.0071    98.3455 1.0000e-12  -73.92772 -113.24036  39.648045      83.08 1.9009e+02    646.092      15507  1028.9929  1028.9901     4.6653     0.0735     0.1283    34.2344    34.2311    8.13051         26 0.0000e+00
    315.000    311.508    -0.3522  28.308542    -0.3496  28.307273     4.8835     5.0621    -0.0067    98.3258 1.0000e-12  -73.92772 -113.24036  39.648058      82.12 1.9207e+02    647.196      15534  1028.9998  1028.9960     4.6644     0.0714     0.1281    34.2367    34.2321    8.12775         27 0.0000e+00
    316.000    312.494    -0.3215  28.337097    -0.3188  28.336362     4.8779     5.0539    -0.0045    98.3108 1.0000e-12  -73.92772 -113.24037  39.648072      81.11 1.9286e+02    648.419      15563  1029.0058  1029.0025     4.6637     0.0706     0.1300    34.2398    34.2358    8.12102         32 0.0000e+00
    317.000    313.482    -0.3117  28.346575    -0.3096  28.345579     4.8743     5.0445    -0.0056    98.2702 1.0000e-12  -73.92772 -113.24037  39.648087      80.02 1.8873e+02    649.752      15595  1029.0119  1029.0089     4.6618     0.0706     0.1344    34.2408    34.2371    8.11886         31 0.0000e+00
    318.000    314.471    -0.2994  28.358494    -0.2975  28.357538     4.8827     5.0436    -0.0093    98.2028 1.0000e-12  -73.92772 -113.24037  39.648102      78.99 1.8856e+02    651.034      15626  1029.0181  1029.0152     4.6586     0.0698     0.1323    34.2424    34.2389    8.11617         29 0.0000e+00
    319.000    315.459    -0.2956  28.362804    -0.2934  28.362091     4.8916     5.0466    -0.0043    98.2201 1.0000e-12  -73.92772 -113.24038  39.648116      78.03 1.9291e+02    652.195      15654  1029.0241  1029.0212     4.6594     0.0756     0.1339    34.2432    34.2398    8.11531         27 0.0000e+00
    320.000    316.447    -0.2983  28.361120    -0.2962  28.360710     4.9046     5.0596     0.0079    98.1889 1.0000e-12  -73.92772 -113.24036  39.648129      77.00 1.9208e+02    653.307      15680  1029.0299  1029.0275     4.6579     0.0685     0.1331    34.2434    34.2405    8.11586         27 0.0000e+00
    321.000    317.435    -0.3022  28.358982    -0.3001  28.358283     4.9086     5.0585    -0.0051    98.1542 1.0000e-12  -73.92772 -113.24038  39.648142      76.01 1.8992e+02    654.453      15708  1029.0364  1029.0336     4.6563     0.0709     0.1323    34.2443    34.2411    8.11665         29 0.0000e+00
    322.000    318.422    -0.3041  28.358018    -0.3018  28.357595     4.9069     5.0565    -0.0049    98.1227 1.0000e-12  -73.92772 -113.24038  39.648156      74.96 1.9236e+02    655.699      15738  1029.0420  1029.0393     4.6548     0.0697     0.1300    34.2446    34.2414    8.11704         31 0.0000e+00
    323.000    319.412    -0.2983  28.364561    -0.2962  28.363769     4.8979     5.0501    -0.0048    98.0958 1.0000e-12  -73.92772 -113.24038  39.648171      73.98 1.9019e+02    656.995      15769  1029.0481  1029.0452     4.6535     0.0691     0.1319    34.2462    34.2428    8.11571         30 0.0000e+00
    324.000    320.399    -0.2916  28.371419    -0.2893  28.370926     4.8825     5.0379    -0.0125    98.1049 1.0000e-12  -73.92772 -113.24038  39.648185      73.05 1.8777e+02    658.208      15798  1029.0536  1029.0507     4.6540     0.0915     0.1334    34.2473    34.2440    8.11423         28 0.0000e+00
    325.000    321.387    -0.2759  28.387750    -0.2728  28.387454     4.8797     5.0345    -0.0102    98.1069 1.0000e-12  -73.92772 -113.24038  39.648198      72.01 1.9006e+02    659.316      15825  1029.0601  1029.0568     4.6541     0.0675     0.1328    34.2507    34.2468    8.11067         26 0.0000e+00
    326.000    322.377    -0.2685  28.395374    -0.2662  28.394773     4.8785     5.0323     0.0112    98.0892 1.0000e-12  -73.92772 -113.24038  39.648211      71.12 1.9013e+02    660.411      15851  1029.0655  1029.0628     4.6532     0.0662     0.1323    34.2520    34.2487    8.10902         27 0.0000e+00
    327.000    323.363    -0.2683  28.395769    -0.2661  28.395364     4.8773     5.0293     0.0279    98.0463 1.0000e-12  -73.92772 -113.24038  39.648225      70.02 1.8669e+02    661.603      15879  1029.0704  1029.0679     4.6512     0.0682     0.1345    34.2517    34.2487    8.10900         30 0.0000e+00
    328.000    324.352    -0.2680  28.396428    -0.2664  28.395561     4.8727     5.0274    -0.0024    98.0752 1.0000e-12  -73.92772 -113.24038  39.648239      69.00 1.9208e+02    662.868      15910  1029.0754  1029.0730     4.6525     0.0676     0.1347    34.2516    34.2487    8.10894         29 0.0000e+00
    329.000    325.338    -0.2699  28.395076    -0.2680  28.394525     4.8800     5.0307    -0.0033    98.0624 1.0000e-12  -73.92772 -113.24038  39.648254      67.91 1.9196e+02    664.110      15940  1029.0804  1029.0779     4.6519     0.0729     0.1373    34.2514    34.2485    8.10937         28 0.0000e+00
    330.000    326.330    -0.2701  28.395421    -0.2681  28.394959     4.8800     5.0274     0.0009    98.0662 1.0000e-12  -73.92772 -113.24038  39.648267      66.94 1.8868e+02    665.274      15968  1029.0853  1029.0829     4.6521     0.0673     0.1328    34.2514    34.2486    8.10940         28 0.0000e+00
    331.000    327.316    -0.2704  28.395588    -0.2683  28.395075     4.8855     5.0308    -0.0004    98.0304 1.0000e-12  -73.92772 -113.24038  39.648280      65.93 1.9218e+02    666.405      15995  1029.0903  1029.0878     4.6504     0.0672     0.1344    34.2514    34.2484    8.10947         27 0.0000e+00
    332.000    328.304    -0.2707  28.395706    -0.2687  28.395180     4.8821     5.0331     0.0033    98.0579 1.0000e-12  -73.92772 -113.24038  39.648294      64.98 1.9185e+02    667.575      16023  1029.0951  1029.0926     4.6517     0.0654     0.1355    34.2514    34.2484    8.10954         29 0.0000e+00
    333.000    329.293    -0.2722  28.395909    -0.2701  28.395505     4.8861     5.0348    -0.0008    98.0381 1.0000e-12  -73.92772 -113.24038  39.648309      63.96 1.8868e+02    668.875      16054  1029.1012  1029.0987     4.6508     0.0649     0.1343    34.2527    34.2497    8.10978         34 0.0000e+00
    334.000    330.280    -0.2669  28.403157    -0.2647  28.402888     4.8899     5.0422    -0.0057    98.0284 1.0000e-12  -73.92772 -113.24038  39.648325      62.89 1.9175e+02    670.311      16088  1029.1081  1029.1057     4.6503     0.0656     0.1345    34.2558    34.2530    8.10848         35 0.0000e+00
    335.000    331.268    -0.2639  28.407578    -0.2619  28.407172     4.8858     5.0390    -0.0064    98.0070 1.0000e-12  -73.92772 -113.24038  39.648342      62.00 1.9005e+02    671.752      16123  1029.1143  1029.1119     4.6493     0.0674     0.1348    34.2577    34.2549    8.10773         34 0.0000e+00
    336.000    332.257    -0.2615  28.411227    -0.2594  28.410906     4.8827     5.0375    -0.0028    98.0401 1.0000e-12  -73.92772 -113.24038  39.648358      60.90 1.8719e+02    673.164      16157  1029.1202  1029.1178     4.6509     0.0816     0.1427    34.2593    34.2564    8.10713         33 0.0000e+00
    337.000    333.244    -0.2599  28.413798    -0.2577  28.413427     4.8814     5.0450    -0.0050    98.0496 1.0000e-12  -73.92772 -113.24038  39.648375      59.86 1.9156e+02    674.587      16191  1029.1257  1029.1232     4.6513     0.0671     0.1331    34.2603    34.2574    8.10672         35 0.0000e+00
    338.000    334.233    -0.2573  28.417443    -0.2552  28.417043     4.8833     5.0407    -0.0160    98.0462 1.0000e-12  -73.92772 -113.24038  39.648392      58.84 1.8959e+02    676.070      16227  1029.1314  1029.1290     4.6512     0.0670     0.1336    34.2616    34.2588    8.10609         34 0.0000e+00
    339.000    335.221    -0.2546  28.421341    -0.2523  28.421032     4.8871     5.0422    -0.0067    98.0594 1.0000e-12  -73.92772 -113.24038  39.648409      58.06 1.8686e+02    677.567      16263  1029.1372  1029.1348     4.6518     0.0655     0.1341    34.2632    34.2603    8.10543         36 0.0000e+00
    340.000    336.209    -0.2519  28.424951    -0.2498  28.424607     4.8848     5.0400    -0.0044    98.0395 1.0000e-12  -73.92772 -113.24038  39.648426      56.91 1.9036e+02    679.028      16298  1029.1428  1029.1404     4.6508     0.0646     0.1348    34.2644    34.2615    8.10479         35 0.0000e+00
    341.000    337.196    -0.2491  28.429214    -0.2469  28.428860     4.8851     5.0409    -0.0120    98.0692 1.0000e-12  -73.92770 -113.24038  39.648443      55.97 1.8879e+02    680.487      16333  1029.1489  1029.1465     4.6522     0.0653     0.1336    34.2663    34.2634    8.10408         35 0.0000e+00
    342.000    338.185    -0.2447  28.435022    -0.2426  28.434644     4.8904     5.0419     0.0029    98.0739 1.0000e-12  -73.92770 -113.24038  39.648460      54.86 1.8704e+02    681.979      16368  1029.1552  1029.1528     4.6525     0.0656     0.1332    34.2685    34.2657    8.10303         35 0.0000e+00
    343.000    339.172    -0.2432  28.437375    -0.2412  28.437052     4.8881     5.0413     0.0571    98.0678 1.0000e-12  -73.92770 -113.24038  39.648477      53.96 1.8963e+02    683.452      16404  1029.1606  1029.1582     4.6521     0.0655     0.1337    34.2694    34.2667    8.10266         36 0.0000e+00
    344.000    340.161    -0.2421  28.439335    -0.2398  28.439096     4.8818     5.0372    -0.0086    98.0926 1.0000e-12  -73.92770 -113.24038  39.648495      53.01 1.8944e+02    684.943      16440  1029.1659  1029.1634     4.6533     0.0663     0.1327    34.2701    34.2672    8.10238         37 0.0000e+00
    345.000    341.149    -0.2391  28.442944    -0.2369  28.442771     4.8816     5.0317    -0.0043    98.0472 1.0000e-12  -73.92770 -113.24038  39.648512      51.94 1.8657e+02    686.478      16476  1029.1711  1029.1689     4.6512     0.0657     0.1342    34.2710    34.2683    8.10169         36 0.0000e+00
    346.000    342.137    -0.2362  28.446413    -0.2341  28.446170     4.8780     5.0324    -0.0021    98.0713 1.0000e-12  -73.92770 -113.24038  39.648530      50.93 1.8900e+02    687.975      16512  1029.1763  1029.1740     4.6523     0.0658     0.1332    34.2717    34.2691    8.10104         34 0.0000e+00
    347.000    343.126    -0.2339  28.449357    -0.2319  28.449091     4.8796     5.0359    -0.0090    98.0803 1.0000e-12  -73.92770 -113.24038  39.648547      49.94 1.8932e+02    689.418      16547  1029.1815  1029.1793     4.6528     0.0643     0.1321    34.2725    34.2699    8.10051         35 0.0000e+00
    348.000    344.112    -0.2330  28.451060    -0.2309  28.450708     4.8754     5.0350    -0.0100    98.0732 1.0000e-12  -73.92770 -113.24038  39.648564      48.86 1.8645e+02    690.897      16583  1029.1868  1029.1844     4.6524     0.0658     0.1330    34.2732    34.2703    8.10028         35 0.0000e+00
    349.000    345.101    -0.2315  28.453580    -0.2294  28.453438     4.8679     5.0243    -0.0091    98.0989 1.0000e-12  -73.92770 -113.24039  39.648581      47.83 1.8840e+02    692.411      16619  1029.1923  1029.1901     4.6536     0.0660     0.1352    34.2742    34.2716    8.09989         36 0.0000e+00
    350.000    346.089    -0.2222  28.463581    -0.2205  28.462888     4.8524     5.0233    -0.0179    98.1015 1.0000e-12  -73.92770 -113.24039  39.648598      46.82 1.8937e+02    693.899      16655  1029.1982  1029.1958     4.6538     0.0665     0.1327    34.2765    34.2736    8.09780         36 0.0000e+00
    351.000    347.077    -0.2149  28.471112    -0.2126  28.470688     4.8472     5.0030     0.0035    98.1077 1.0000e-12  -73.92770 -113.24039  39.648615      45.85 1.8663e+02    695.366      16690  1029.2033  1029.2007     4.6541     0.0659     0.1318    34.2777    34.2746    8.09617         35 0.0000e+00
    352.000    348.065    -0.2038  28.482327    -0.2016  28.482052     4.8412     4.9968     0.0266    98.0970 1.0000e-12  -73.92770 -113.24039  39.648632      44.81 1.8697e+02    696.803      16724  1029.2088  1029.2064     4.6536     0.0698     0.1323    34.2796    34.2768    8.09371         34 0.0000e+00
    353.000    349.054    -0.2016  28.485288    -0.1994  28.484966     4.8379     4.9944    -0.0055    98.1090 1.0000e-12  -73.92770 -113.24039  39.648649      43.76 1.8937e+02    698.309      16760  1029.2142  1029.2117     4.6542     0.0656     0.1324    34.2804    34.2776    8.09319         38 0.0000e+00
    354.000    350.041    -0.1985  28.489273    -0.1963  28.489067     4.8402     4.9948     0.0119    98.1120 1.0000e-12  -73.92770 -113.24038  39.648668      42.78 1.8767e+02    699.874      16798  1029.2197  1029.2174     4.6543     0.0651     0.1356    34.2816    34.2789    8.09246         34 0.0000e+00
    355.000    351.029    -0.1961  28.492195    -0.1940  28.492003     4.8421     4.9967     0.0139    98.0799 1.0000e-12  -73.92770 -113.24038  39.648684      41.82 1.8613e+02    701.326      16833  1029.2249  1029.2227     4.6527     0.0669     0.1353    34.2823    34.2796    8.09193         34 0.0000e+00
    356.000    352.016    -0.1954  28.493518    -0.1933  28.493219     4.8448     4.9925    -0.0049    98.0616 1.0000e-12  -73.92770 -113.24038  39.648701      40.83 1.8793e+02    702.804      16868  1029.2299  1029.2276     4.6519     0.0643     0.1332    34.2826    34.2799    8.09175         36 0.0000e+00
    357.000    353.006    -0.1945  28.494868    -0.1924  28.494677     4.8391     4.9931    -0.0026    98.0779 1.0000e-12  -73.92770 -113.24038  39.648721      39.76 1.8677e+02    704.459      16908  1029.2349  1029.2326     4.6526     0.0636     0.1354    34.2828    34.2802    8.09155         36 0.0000e+00
    358.000    353.992    -0.1927  28.497122    -0.1905  28.496981     4.8404     4.9961    -0.0079    98.0616 1.0000e-12  -73.92770 -113.24038  39.648739      38.85 1.8436e+02    706.063      16947  1029.2399  1029.2376     4.6519     0.0645     0.1348    34.2832    34.2806    8.09115         38 0.0000e+00
    359.000    354.981    -0.1914  28.498955    -0.1893  28.498644     4.8378     4.9963    -0.0070    98.0707 1.0000e-12  -73.92770 -113.24038  39.648758      37.75 1.8735e+02    707.653      16985  1029.2449  1029.2425     4.6523     0.0648     0.1362    34.2836    34.2809    8.09086         37 0.0000e+00
    360.000    355.969    -0.1910  28.499950    -0.1888  28.499727     4.8355     4.9960    -0.0080    98.0358 1.0000e-12  -73.92770 -113.24039  39.648778      36.76 1.8598e+02    709.407      17027  1029.2499  1029.2475     4.6507     0.0643     0.1361    34.2839    34.2811    8.09075         43 0.0000e+00
    361.000    356.957    -0.1901  28.501177    -0.1881  28.500982     4.8351     4.9875    -0.0018    98.0492 1.0000e-12  -73.92770 -113.24040  39.648798      35.69 1.8335e+02    711.177      17069  1029.2546  1029.2525     4.6513     0.0651     0.1361    34.2839    34.2814    8.09057         34 0.0000e+00
    362.000    357.943    -0.1868  28.505277    -0.1849  28.504927     4.8317     4.9903    -0.0012    98.0352 1.0000e-12  -73.92770 -113.24040  39.648817      34.74 1.8747e+02    712.771      17108  1029.2600  1029.2578     4.6506     0.0666     0.1350    34.2851    34.2824    8.08980         38 0.0000e+00
    363.000    358.933    -0.1843  28.508485    -0.1822  28.508251     4.8326     4.9901    -0.0069    98.0385 1.0000e-12  -73.92770 -113.24040  39.648836      33.67 1.8488e+02    714.417      17147  1029.2653  1029.2630     4.6508     0.0639     0.1356    34.2860    34.2832    8.08922         40 0.0000e+00
    364.000    359.920    -0.1834  28.510278    -0.1813  28.509907     4.8323     4.9899    -0.0112    98.0400 1.0000e-12  -73.92770 -113.24040  39.648858      32.66 1.8286e+02    716.299      17192  1029.2706  1029.2683     4.6509     0.0726     0.1380    34.2867    34.2839    8.08898         35 0.0000e+00
