ocean_section_plots/required_files/ctd/dnbp2202_ctd174.cnv
* Sea-Bird SBE 9 Data File:
* FileName = D:\Data\raw\NBP2202_CTD174.hex
* Software Version Seasave V 7.26.7.121
* Temperature SN = 1649
* Conductivity SN = 2513
* Number of Bytes Per Scan = 40
* Number of Voltage Words = 5
* Number of Scans Averaged by the Deck Unit = 1
* NMEA Latitude = 74 04.34 S
* NMEA Longitude = 110 47.47 W
* NMEA UTC (Time) = Feb 03 2022  18:11:19
* NMEA baud rate = 9600
** Ship: RVIB N.B. Palmer
** Cruise: NBP2202 Thwaites
** Station: 96
** Operator: A. Robinson
# nquan = 28
# nvalues = 325                         
# units = specified
# name 0 = prDM: Pressure, Digiquartz [db]
# name 1 = depSM: Depth [salt water, m]
# name 2 = t090C: Temperature [ITS-90, deg C]
# name 3 = c0mS/cm: Conductivity [mS/cm]
# name 4 = t190C: Temperature, 2 [ITS-90, deg C]
# name 5 = c1mS/cm: Conductivity, 2 [mS/cm]
# name 6 = sbeox0ML/L: Oxygen, SBE 43 [ml/l]
# name 7 = sbeox1ML/L: Oxygen, SBE 43, 2 [ml/l]
# name 8 = flECO-AFL: Fluorescence, WET Labs ECO-AFL/FL [mg/m^3]
# name 9 = CStarTr0: Beam Transmission, WET Labs C-Star [%]
# name 10 = par: PAR/Irradiance, Biospherical/Licor
# name 11 = latitude: Latitude [deg]
# name 12 = longitude: Longitude [deg]
# name 13 = timeJ: Julian Days
# name 14 = altM: Altimeter [m]
# name 15 = spar: SPAR, Biospherical/Licor
# name 16 = timeS: Time, Elapsed [seconds]
# name 17 = scan: Scan Count
# name 18 = density00: Density [density, kg/m^3]
# name 19 = density11: Density, 2 [density, kg/m^3]
# name 20 = v3: Voltage 3
# name 21 = v4: Voltage 4
# name 22 = v5: Voltage 5
# name 23 = sal00: Salinity, Practical [PSU]
# name 24 = sal11: Salinity, Practical, 2 [PSU]
# name 25 = oxsolML/L: Oxygen Saturation, Garcia & Gordon [ml/l]
# name 26 = nbin: number of scans per bin
# name 27 = flag: flag
# span 0 =      2.000,    326.000       
# span 1 =      1.983,    322.375       
# span 2 =    -1.5482,    -1.1517       
# span 3 =  26.796329,  27.569934       
# span 4 =    -1.5481,    -1.1507       
# span 5 =  26.796616,  27.569312       
# span 6 =     5.9251,     7.7189       
# span 7 =     5.8950,     7.8807       
# span 8 =    -0.0197,    13.5342       
# span 9 =    82.9452,    98.6749       
# span 10 = -1.478e-05, 1.2949e+02      
# span 11 =  -74.07248,  -74.07246      
# span 12 = -110.79122, -110.79118      
# span 13 =  34.760541,  34.766158      
# span 14 =       4.94,      99.97      
# span 15 = 1.8122e+03, 1.8192e+03      
# span 16 =    231.711,    717.031      
# span 17 =       5562,      17210      
# span 18 =  1027.1275,  1029.0191      
# span 19 =  1027.1293,  1029.0174      
# span 20 =     3.9351,     4.6809      
# span 21 =     0.0633,     2.0743      
# span 22 =     0.1175,     0.1775      
# span 23 =    33.7000,    34.1354      
# span 24 =    33.7021,    34.1334      
# span 25 =    8.30768,    8.41796      
# span 26 =         20,         46      
# span 27 = 0.0000e+00, 0.0000e+00      
# interval = decibars: 1                
# start_time = Feb 03 2022 18:11:19 [NMEA time, header]
# bad_flag = -9.990e-29
*END*
[from data line 208]
    210.000    207.722    -1.4630  27.182581    -1.4621  27.182460     6.2612     6.4437     0.1620    98.1168 1.0000e-12  -74.07246 -110.79120  34.763849      99.88 1.8175e+03    517.580      12423  1028.3916  1028.3905     4.6545     0.0984     0.1238    34.0298    34.0285    8.38353         29 0.0000e+00
    211.000    208.710    -1.4525  27.193251    -1.4529  27.191530     6.2166     6.4088     0.1658    98.2315 1.0000e-12  -74.07246 -110.79120  34.763863      99.88 1.8166e+03    518.785      12452  1028.3974  1028.3959     4.6599     0.0902     0.1270    34.0318    34.0300    8.38102         29 0.0000e+00
    212.000    209.699    -1.4358  27.210031    -1.4329  27.210661     6.1646     6.3592     0.2777    98.1880 1.0000e-12  -74.07246 -110.79120  34.763877      99.87 1.8171e+03    519.992      12481  1028.4039  1028.4019     4.6579     0.0990     0.1226    34.0353    34.0329    8.37706         29 0.0000e+00
    213.000    210.686    -1.3999  27.244200    -1.4044  27.237773     6.1258     6.3205     0.3099    98.0948 1.0000e-12  -74.07246 -110.79120  34.763891      99.89 1.8178e+03    521.204      12510  1028.4111  1028.4084     4.6534     0.0946     0.1237    34.0409    34.0372    8.36867         29 0.0000e+00
    214.000    211.680    -1.3762  27.266044    -1.3763  27.264737     6.1126     6.2980     0.1683    98.2458 1.0000e-12  -74.07246 -110.79120  34.763905      99.88 1.8177e+03    522.412      12539  1028.4166  1028.4152     4.6605     0.0889     0.1240    34.0433    34.0417    8.36320         27 0.0000e+00
    215.000    212.665    -1.3681  27.274351    -1.3658  27.274851     6.0958     6.2818     0.1509    98.2037 1.0000e-12  -74.07246 -110.79120  34.763919      99.88 1.8180e+03    523.625      12568  1028.4225  1028.4208     4.6586     0.0844     0.1220    34.0449    34.0430    8.36129         29 0.0000e+00
    216.000    213.653    -1.3639  27.278614    -1.3634  27.277622     6.0947     6.2737     0.1636    98.1214 1.0000e-12  -74.07246 -110.79120  34.763933      99.89 1.8189e+03    524.848      12597  1028.4277  1028.4261     4.6547     0.0830     0.1234    34.0454    34.0435    8.36032         30 0.0000e+00
    217.000    214.643    -1.3577  27.284770    -1.3544  27.286295     6.0987     6.2801     0.1836    98.2351 1.0000e-12  -74.07246 -110.79120  34.763947      99.88 1.8187e+03    526.059      12626  1028.4330  1028.4314     4.6601     0.0839     0.1241    34.0462    34.0445    8.35888         29 0.0000e+00
    218.000    215.632    -1.3563  27.286203    -1.3573  27.284073     6.0880     6.2641     0.0722    98.2436 1.0000e-12  -74.07246 -110.79120  34.763961      99.88 1.8176e+03    527.266      12655  1028.4377  1028.4364     4.6605     0.0823     0.1258    34.0459    34.0442    8.35858         29 0.0000e+00
    219.000    216.619    -1.3537  27.289238    -1.3528  27.288459     6.0789     6.2483     0.0687    98.1334 1.0000e-12  -74.07246 -110.79120  34.763975      96.56 1.8188e+03    528.479      12684  1028.4430  1028.4413     4.6553     0.0841     0.1246    34.0465    34.0445    8.35796         28 0.0000e+00
    220.000    217.608    -1.3370  27.305132    -1.3374  27.303071     6.0660     6.2355     0.0614    98.2724 1.0000e-12  -74.07246 -110.79120  34.763989      99.94 1.8181e+03    529.685      12713  1028.4487  1028.4468     4.6619     0.0821     0.1227    34.0488    34.0463    8.35409         29 0.0000e+00
    221.000    218.597    -1.3349  27.307474    -1.3328  27.307779     6.0543     6.2317     0.0759    98.3567 1.0000e-12  -74.07246 -110.79120  34.764003      99.88 1.8171e+03    530.879      12742  1028.4537  1028.4520     4.6659     0.0878     0.1225    34.0489    34.0469    8.35361         29 0.0000e+00
    222.000    219.586    -1.3258  27.316301    -1.3252  27.315518     6.0418     6.2172     0.0714    98.4104 1.0000e-12  -74.07246 -110.79120  34.764017      91.75 1.8181e+03    532.078      12771  1028.4591  1028.4576     4.6684     0.0799     0.1221    34.0501    34.0483    8.35151         29 0.0000e+00
    223.000    220.574    -1.3240  27.318638    -1.3217  27.319440     6.0284     6.1990     0.0444    98.4414 1.0000e-12  -74.07246 -110.79120  34.764031      66.32 1.8180e+03    533.270      12799  1028.4644  1028.4631     4.6699     0.0863     0.1208    34.0506    34.0491    8.35106         28 0.0000e+00
    224.000    221.563    -1.3102  27.332027    -1.3091  27.331377     6.0124     6.1871     0.0274    98.4186 1.0000e-12  -74.07246 -110.79120  34.764045      99.88 1.8175e+03    534.458      12828  1028.4701  1028.4684     4.6688     0.0885     0.1213    34.0527    34.0506    8.34786         29 0.0000e+00
    225.000    222.552    -1.2987  27.342918    -1.2984  27.341570     5.9984     6.1700     0.0429    98.3799 1.0000e-12  -74.07246 -110.79120  34.764059      99.89 1.8175e+03    535.656      12857  1028.4754  1028.4737     4.6670     0.0841     0.1233    34.0540    34.0518    8.34523         29 0.0000e+00
    226.000    223.540    -1.2925  27.349121    -1.2917  27.348425     5.9920     6.1641     0.0584    98.3487 1.0000e-12  -74.07246 -110.79120  34.764072      99.88 1.8175e+03    536.848      12885  1028.4807  1028.4792     4.6655     0.0749     0.1261    34.0549    34.0530    8.34379         28 0.0000e+00
    227.000    224.527    -1.2868  27.354907    -1.2854  27.354846     5.9837     6.1583     0.0404    98.4675 1.0000e-12  -74.07246 -110.79119  34.764086      59.42 1.8172e+03    538.034      12914  1028.4860  1028.4845     4.6711     0.0738     0.1233    34.0557    34.0540    8.34247         29 0.0000e+00
    228.000    225.517    -1.2826  27.359380    -1.2806  27.359866     5.9689     6.1369     0.0299    98.4596 1.0000e-12  -74.07246 -110.79120  34.764100      59.21 1.8180e+03    539.227      12942  1028.4913  1028.4899     4.6708     0.0762     0.1241    34.0564    34.0548    8.34148         29 0.0000e+00
    229.000    226.506    -1.2690  27.372883    -1.2680  27.371950     5.9535     6.1263     0.0289    98.4607 1.0000e-12  -74.07246 -110.79118  34.764114      90.81 1.8186e+03    540.426      12971  1028.4974  1028.4953     4.6708     0.0745     0.1218    34.0589    34.0564    8.33830         28 0.0000e+00
    230.000    227.494    -1.2595  27.381865    -1.2584  27.381442     5.9478     6.1163     0.0261    98.4277 1.0000e-12  -74.07248 -110.79120  34.764128      95.00 1.8175e+03    541.619      13000  1028.5025  1028.5009     4.6693     0.0716     0.1241    34.0598    34.0579    8.33613         29 0.0000e+00
    231.000    228.483    -1.2570  27.384603    -1.2553  27.384673     5.9428     6.1121     0.0144    98.4793 1.0000e-12  -74.07248 -110.79120  34.764141      99.82 1.8175e+03    542.820      13029  1028.5076  1028.5060     4.6717     0.0736     0.1239    34.0601    34.0583    8.33556         29 0.0000e+00
    232.000    229.471    -1.2517  27.390064    -1.2507  27.389468     5.9395     6.1059     0.0143    98.4966 1.0000e-12  -74.07248 -110.79120  34.764155      99.88 1.8175e+03    544.030      13058  1028.5128  1028.5112     4.6726     0.0749     0.1248    34.0609    34.0590    8.33432         29 0.0000e+00
    233.000    230.460    -1.2483  27.393574    -1.2476  27.392725     5.9329     6.1043     0.0108    98.4994 1.0000e-12  -74.07248 -110.79120  34.764169      99.89 1.8174e+03    545.230      13087  1028.5179  1028.5163     4.6727     0.0720     0.1235    34.0612    34.0593    8.33354         29 0.0000e+00
    234.000    231.449    -1.2459  27.396174    -1.2449  27.395842     5.9330     6.0997     0.0031    98.5130 1.0000e-12  -74.07248 -110.79120  34.764183      99.31 1.8174e+03    546.427      13115  1028.5228  1028.5215     4.6733     0.0723     0.1228    34.0614    34.0598    8.33299         28 0.0000e+00
    235.000    232.437    -1.2458  27.396637    -1.2449  27.396335     5.9410     6.0925    -0.0055    98.5083 1.0000e-12  -74.07248 -110.79120  34.764197      98.91 1.8177e+03    547.631      13144  1028.5277  1028.5264     4.6731     0.0744     0.1260    34.0614    34.0599    8.33298         29 0.0000e+00
    236.000    233.425    -1.2467  27.396728    -1.2454  27.396558     5.9449     6.0997    -0.0080    98.4762 1.0000e-12  -74.07248 -110.79120  34.764211      98.58 1.8168e+03    548.817      13173  1028.5331  1028.5317     4.6716     0.0777     0.1231    34.0619    34.0602    8.33314         28 0.0000e+00
    237.000    234.414    -1.2465  27.397818    -1.2442  27.398400     5.9459     6.1029    -0.0021    98.5317 1.0000e-12  -74.07248 -110.79120  34.764225      97.47 1.8167e+03    550.006      13201  1028.5385  1028.5369     4.6742     0.0716     0.1220    34.0625    34.0607    8.33306         29 0.0000e+00
    238.000    235.402    -1.2469  27.398032    -1.2455  27.397807     5.9475     6.1081    -0.0069    98.4541 1.0000e-12  -74.07248 -110.79120  34.764238      96.43 1.8175e+03    551.195      13230  1028.5435  1028.5419     4.6705     0.0716     0.1231    34.0626    34.0608    8.33314         29 0.0000e+00
    239.000    236.392    -1.2468  27.398599    -1.2456  27.398283     5.9422     6.1018     0.0064    98.4951 1.0000e-12  -74.07248 -110.79120  34.764252      95.36 1.8169e+03    552.379      13258  1028.5484  1028.5469     4.6725     0.0727     0.1215    34.0627    34.0609    8.33312         25 0.0000e+00
    240.000    237.379    -1.2441  27.401514    -1.2433  27.400713     5.9370     6.0938     0.0000    98.5121 1.0000e-12  -74.07248 -110.79120  34.764266      94.39 1.8158e+03    553.557      13286  1028.5533  1028.5516     4.6733     0.0723     0.1251    34.0630    34.0610    8.33250         29 0.0000e+00
    241.000    238.368    -1.2400  27.405578    -1.2391  27.405027     5.9355     6.0970     0.0044    98.5109 1.0000e-12  -74.07248 -110.79120  34.764280      93.36 1.8175e+03    554.750      13315  1028.5581  1028.5566     4.6732     0.0732     0.1265    34.0633    34.0615    8.33157         29 0.0000e+00
    242.000    239.356    -1.2387  27.407079    -1.2374  27.406949     5.9335     6.0893    -0.0075    98.5503 1.0000e-12  -74.07248 -110.79120  34.764293      92.36 1.8166e+03    555.941      13344  1028.5629  1028.5615     4.6751     0.0701     0.1227    34.0633    34.0616    8.33129         29 0.0000e+00
    243.000    240.346    -1.2395  27.406954    -1.2378  27.407124     5.9383     6.1045    -0.0026    98.5183 1.0000e-12  -74.07248 -110.79120  34.764307      91.34 1.8144e+03    557.126      13372  1028.5678  1028.5664     4.6735     0.0691     0.1231    34.0634    34.0617    8.33145         28 0.0000e+00
    244.000    241.333    -1.2397  27.407606    -1.2394  27.406714     5.9388     6.1098     0.0069    98.5490 1.0000e-12  -74.07248 -110.79120  34.764321      90.25 1.8161e+03    558.328      13401  1028.5731  1028.5718     4.6750     0.0708     0.1227    34.0639    34.0623    8.33147         29 0.0000e+00
    245.000    242.322    -1.2424  27.406634    -1.2414  27.406387     5.9414     6.1018     0.0072    98.5619 1.0000e-12  -74.07248 -110.79120  34.764335      89.18 1.8163e+03    559.528      13430  1028.5790  1028.5778     4.6756     0.0717     0.1228    34.0650    34.0635    8.33201         28 0.0000e+00
    246.000    243.309    -1.2326  27.417978    -1.2326  27.416527     5.9344     6.1000     0.0026    98.5625 1.0000e-12  -74.07248 -110.79120  34.764349      88.15 1.8145e+03    560.721      13458  1028.5862  1028.5847     4.6756     0.0702     0.1217    34.0687    34.0668    8.32959         29 0.0000e+00
    247.000    244.299    -1.2329  27.418207    -1.2318  27.417589     5.9327     6.0949    -0.0055    98.5589 1.0000e-12  -74.07248 -110.79120  34.764363      87.18 1.8159e+03    561.923      13487  1028.5911  1028.5894     4.6755     0.0698     0.1222    34.0688    34.0667    8.32966         29 0.0000e+00
    248.000    245.288    -1.2287  27.422767    -1.2280  27.421897     5.9317     6.0954    -0.0022    98.5713 1.0000e-12  -74.07248 -110.79120  34.764376      86.18 1.8159e+03    563.126      13516  1028.5964  1028.5947     4.6760     0.0699     0.1222    34.0697    34.0677    8.32868         29 0.0000e+00
    249.000    246.275    -1.2251  27.427000    -1.2238  27.426626     5.9289     6.0864     0.0056    98.5438 1.0000e-12  -74.07246 -110.79120  34.764390      85.13 1.8143e+03    564.322      13545  1028.6019  1028.6001     4.6748     0.0698     0.1223    34.0708    34.0687    8.32781         27 0.0000e+00
    250.000    247.264    -1.2232  27.429268    -1.2218  27.429419     5.9287     6.0903    -0.0061    98.5763 1.0000e-12  -74.07246 -110.79120  34.764404      84.10 1.8160e+03    565.529      13574  1028.6069  1028.6057     4.6763     0.0676     0.1215    34.0711    34.0697    8.32737         29 0.0000e+00
    251.000    248.253    -1.2244  27.428922    -1.2225  27.429344     5.9314     6.0902     0.0120    98.5774 1.0000e-12  -74.07246 -110.79120  34.764418      83.06 1.8165e+03    566.741      13603  1028.6120  1028.6105     4.6763     0.0686     0.1216    34.0713    34.0697    8.32761         27 0.0000e+00
    252.000    249.242    -1.2198  27.434640    -1.2184  27.434483     5.9251     6.0807     0.0011    98.5433 1.0000e-12  -74.07246 -110.79120  34.764432      82.07 1.8149e+03    567.945      13632  1028.6181  1028.6166     4.6747     0.0757     0.1234    34.0734    34.0715    8.32648         28 0.0000e+00
    253.000    250.229    -1.2157  27.439778    -1.2141  27.439778     5.9254     6.0852     0.0023    98.5684 1.0000e-12  -74.07246 -110.79120  34.764446      81.01 1.8165e+03    569.160      13661  1028.6241  1028.6226     4.6760     0.0869     0.1296    34.0751    34.0733    8.32547         30 0.0000e+00
    254.000    251.218    -1.2112  27.445245    -1.2098  27.444990     5.9292     6.0832     0.0217    98.5321 1.0000e-12  -74.07246 -110.79120  34.764460      80.05 1.8174e+03    570.381      13690  1028.6300  1028.6284     4.6741     0.0707     0.1267    34.0768    34.0749    8.32435         29 0.0000e+00
    255.000    252.207    -1.2071  27.450360    -1.2056  27.450233     5.9266     6.0803     0.0262    98.4590 1.0000e-12  -74.07246 -110.79120  34.764474      78.97 1.8164e+03    571.591      13719  1028.6360  1028.6344     4.6707     0.0703     0.1227    34.0786    34.0767    8.32334         29 0.0000e+00
    256.000    253.195    -1.2054  27.452708    -1.2042  27.452433     5.9288     6.0824    -0.0080    98.5919 1.0000e-12  -74.07246 -110.79120  34.764488      77.93 1.8162e+03    572.801      13748  1028.6414  1028.6398     4.6770     0.0691     0.1257    34.0793    34.0775    8.32293         29 0.0000e+00
    257.000    254.183    -1.2055  27.453977    -1.2042  27.453794     5.9321     6.0854    -0.0077    98.5963 1.0000e-12  -74.07246 -110.79120  34.764503      76.84 1.8175e+03    574.022      13778  1028.6472  1028.6457     4.6773     0.0700     0.1217    34.0805    34.0787    8.32287         29 0.0000e+00
    258.000    255.172    -1.2048  27.455535    -1.2036  27.455289     5.9310     6.0872    -0.0136    98.5583 1.0000e-12  -74.07246 -110.79120  34.764517      75.90 1.8175e+03    575.228      13806  1028.6525  1028.6511     4.6755     0.0673     0.1197    34.0812    34.0795    8.32267         29 0.0000e+00
    259.000    256.160    -1.2043  27.456579    -1.2030  27.456317     5.9279     6.0880    -0.0024    98.5750 1.0000e-12  -74.07246 -110.79120  34.764530      74.87 1.8170e+03    576.434      13835  1028.6575  1028.6560     4.6762     0.0675     0.1218    34.0814    34.0796    8.32254         30 0.0000e+00
