ocean_section_plots/required_files/ctd/dnbp2202_ctd209.cnv
* Sea-Bird SBE 9 Data File:
* FileName = D:\Data\raw\NBP2202_CTD209.hex
* Software Version Seasave V 7.26.7.121
* Temperature SN = 1649
* Conductivity SN = 2513
* Number of Bytes Per Scan = 40
* Number of Voltage Words = 5
* Number of Scans Averaged by the Deck Unit = 1
* NMEA Latitude = 74 08.15 S
* NMEA Longitude = 113 24.25 W
* NMEA UTC (Time) = Feb 10 2022  09:12:07
* NMEA baud rate = 9600
** Ship: RVIB N.B. Palmer
** Cruise: NBP2202 Thwaites
** Station: Tow-Yo #3
** Operator: B. Bjork
# nquan = 28
# nvalues = 404                         
# units = specified
# name 0 = prDM: Pressure, Digiquartz [db]
# name 1 = depSM: Depth [salt water, m]
# name 2 = t090C: Temperature [ITS-90, deg C]
# name 3 = c0mS/cm: Conductivity [mS/cm]
# name 4 = t190C: Temperature, 2 [ITS-90, deg C]
# name 5 = c1mS/cm: Conductivity, 2 [mS/cm]
# name 6 = sbeox0ML/L: Oxygen, SBE 43 [ml/l]
# name 7 = sbeox1ML/L: Oxygen, SBE 43, 2 [ml/l]
# name 8 = flECO-AFL: Fluorescence, WET Labs ECO-AFL/FL [mg/m^3]
# name 9 = CStarTr0: Beam Transmission, WET Labs C-Star [%]
# name 10 = par: PAR/Irradiance, Biospherical/Licor
# name 11 = latitude: Latitude [deg]
# name 12 = longitude: Longitude [deg]
# name 13 = timeJ: Julian Days
# name 14 = altM: Altimeter [m]
# name 15 = spar: SPAR, Biospherical/Licor
# name 16 = timeS: Time, Elapsed [seconds]
# name 17 = scan: Scan Count
# name 18 = density00: Density [density, kg/m^3]
# name 19 = density11: Density, 2 [density, kg/m^3]
# name 20 = v3: Voltage 3
# name 21 = v4: Voltage 4
# name 22 = v5: Voltage 5
# name 23 = sal00: Salinity, Practical [PSU]
# name 24 = sal11: Salinity, Practical, 2 [PSU]
# name 25 = oxsolML/L: Oxygen Saturation, Garcia & Gordon [ml/l]
# name 26 = nbin: number of scans per bin
# name 27 = flag: flag
# span 0 =     10.000,    413.000       
# span 1 =      9.896,    408.322       
# span 2 =    -1.4677,    -0.2114       
# span 3 =  27.026032,  28.498431       
# span 4 =    -1.4665,    -0.2091       
# span 5 =  27.026236,  28.498394       
# span 6 =     4.8109,     8.5900       
# span 7 =     4.9594,     8.8590       
# span 8 =    -0.0205,    20.8497       
# span 9 =    77.0162,    97.8916       
# span 10 = 1.0000e-12, 5.0482e-01      
# span 11 =  -74.13703,  -74.13594      
# span 12 = -113.40377, -113.39620      
# span 13 =  41.383713,  41.389625      
# span 14 =       9.12,     100.18      
# span 15 = 2.8939e+01, 3.5956e+01      
# span 16 =     25.783,    536.600      
# span 17 =        620,      12879      
# span 18 =  1027.1944,  1029.4936      
# span 19 =  1027.1931,  1029.4914      
# span 20 =     3.6529,     4.6438      
# span 21 =     0.0634,     3.3861      
# span 22 =     0.1241,     0.2403      
# span 23 =    33.7517,    34.2731      
# span 24 =    33.7503,    34.2705      
# span 25 =    8.09569,    8.39309      
# span 26 =         19,         46      
# span 27 = 0.0000e+00, 0.0000e+00      
# interval = decibars: 1                
# start_time = Feb 10 2022 09:12:07 [NMEA time, header]
# bad_flag = -9.990e-29
*END*
[from data line 52]
     62.000     61.349    -1.1587  27.196154    -1.1570  27.196338     7.8253     8.1090    14.8181    79.9592 1.0000e-12  -74.13616 -113.40226  41.384904      99.53 3.0938e+01    128.670       3089  1027.4808  1027.4794     3.7935     2.1634     0.2042    33.7956    33.7939    8.32926         40 0.0000e+00
     63.000     62.338    -1.1587  27.197214    -1.1574  27.197116     7.7819     8.0767    12.9544    80.3043 1.0000e-12  -74.13616 -113.40224  41.384923      99.65 3.0896e+01    130.322       3129  1027.4863  1027.4849     3.8099     2.3759     0.1915    33.7964    33.7948    8.32922         38 0.0000e+00
     64.000     63.328    -1.1681  27.190038    -1.1663  27.190356     7.7722     8.0652    12.3641    80.3063 1.0000e-12  -74.13616 -113.40221  41.384942      99.58 3.1260e+01    131.961       3168  1027.4918  1027.4904     3.8100     2.2631     0.2082    33.7966    33.7950    8.33130         38 0.0000e+00
     65.000     64.319    -1.1696  27.189585    -1.1680  27.190085     7.8026     8.0862    12.5921    79.7461 1.0000e-12  -74.13618 -113.40218  41.384960      99.46 3.1182e+01    133.553       3206  1027.4970  1027.4960     3.7832     2.0940     0.2051    33.7971    33.7960    8.33162         32 0.0000e+00
     66.000     65.306    -1.1627  27.196991    -1.1620  27.195994     7.8365     8.1150    12.3453    80.5211 1.0000e-12  -74.13618 -113.40217  41.384977      99.43 3.1290e+01    135.049       3242  1027.5028  1027.5010     3.8201     1.9909     0.2283    33.7989    33.7966    8.32998         36 0.0000e+00
     67.000     66.297    -1.1553  27.203680    -1.1541  27.203531     7.8422     8.1211    12.4455    80.6012 1.0000e-12  -74.13618 -113.40213  41.384995      94.45 3.1145e+01    136.529       3278  1027.5072  1027.5059     3.8241     1.9741     0.1685    33.7990    33.7975    8.32832         33 0.0000e+00
     68.000     67.285    -1.1558  27.203863    -1.1542  27.204116     7.8468     8.1255    13.3055    80.5667 1.0000e-12  -74.13618 -113.40211  41.385011      99.51 3.1265e+01    137.980       3313  1027.5122  1027.5109     3.8221     2.1950     0.1800    33.7992    33.7977    8.32841         34 0.0000e+00
     69.000     68.274    -1.1557  27.204462    -1.1543  27.204240     7.8454     8.1242    13.8773    80.2995 1.0000e-12  -74.13618 -113.40208  41.385028      99.47 3.1214e+01    139.395       3346  1027.5171  1027.5125     3.8096     1.9833     0.1872    33.7993    33.7973    8.32838         34 0.0000e+00
     70.000     69.264    -1.1542  27.206498    -1.1531  27.206229     7.8245     8.1115    15.0631    81.1137 1.0000e-12  -74.13619 -113.40207  41.385044      99.55 3.2179e+01    140.824       3381  1027.5223  1027.5209     3.8482     2.0913     0.1921    33.7998    33.7982    8.32803         35 0.0000e+00
     71.000     70.252    -1.1569  27.204859    -1.1554  27.205091     7.8065     8.1045    13.0677    80.9171 1.0000e-12  -74.13620 -113.40204  41.385061      99.59 3.1413e+01    142.247       3415  1027.5274  1027.5262     3.8390     2.2070     0.1990    33.7999    33.7985    8.32861         33 0.0000e+00
     72.000     71.243    -1.1567  27.206144    -1.1554  27.205986     7.7954     8.0881    14.9037    80.7552 1.0000e-12  -74.13620 -113.40202  41.385077      99.44 3.1316e+01    143.659       3449  1027.5329  1027.5315     3.8313     1.9984     0.1881    33.8008    33.7991    8.32851         34 0.0000e+00
     73.000     72.232    -1.1571  27.206630    -1.1555  27.206956     7.7636     8.0523    15.5868    80.6822 1.0000e-12  -74.13620 -113.40201  41.385094      99.56 3.1948e+01    145.082       3483  1027.5381  1027.5369     3.8278     2.0045     0.1986    33.8013    33.7999    8.32857         33 0.0000e+00
     74.000     73.221    -1.1670  27.199078    -1.1657  27.199085     7.7291     8.0066    13.3827    81.4888 1.0000e-12  -74.13620 -113.40197  41.385110      99.53 3.1892e+01    146.506       3517  1027.5437  1027.5426     3.8660     2.1156     0.2026    33.8015    33.8001    8.33077         33 0.0000e+00
     75.000     74.211    -1.1697  27.197319    -1.1683  27.197509     7.6605     7.9525    13.5152    80.6417 1.0000e-12  -74.13620 -113.40195  41.385126      99.51 3.1892e+01    147.900       3551  1027.5486  1027.5476     3.8259     2.1148     0.2046    33.8015    33.8003    8.33136         33 0.0000e+00
     76.000     75.200    -1.1853  27.184974    -1.1836  27.185308     7.6221     7.9210    13.0966    80.8149 1.0000e-12  -74.13620 -113.40192  41.385142      89.45 3.1731e+01    149.261       3583  1027.5544  1027.5532     3.8339     1.9414     0.2034    33.8016    33.8002    8.33483         33 0.0000e+00
     77.000     76.189    -1.1920  27.179967    -1.1909  27.179817     7.6220     7.9111    13.3043    80.2103 1.0000e-12  -74.13620 -113.40191  41.385158      98.84 3.1954e+01    150.613       3616  1027.5596  1027.5585     3.8056     2.0310     0.2042    33.8017    33.8003    8.33632         32 0.0000e+00
     78.000     77.178    -1.1922  27.180320    -1.1911  27.180236     7.6325     7.9135    12.3078    80.8323 1.0000e-12  -74.13621 -113.40189  41.385173      99.57 3.1952e+01    151.940       3648  1027.5644  1027.5633     3.8349     2.2126     0.1800    33.8018    33.8005    8.33637         32 0.0000e+00
     79.000     78.167    -1.1878  27.185008    -1.1868  27.185004     7.6462     7.9205    14.6951    80.9384 1.0000e-12  -74.13622 -113.40186  41.385188      99.44 3.2145e+01    153.243       3679  1027.5695  1027.5685     3.8399     1.9541     0.2227    33.8027    33.8015    8.33534         30 0.0000e+00
     80.000     79.157    -1.1857  27.187744    -1.1845  27.187823     7.6310     7.9047    14.4631    80.8147 1.0000e-12  -74.13622 -113.40185  41.385203      99.34 3.2588e+01    154.507       3709  1027.5747  1027.5736     3.8340     1.7205     0.1966    33.8034    33.8021    8.33483         31 0.0000e+00
     81.000     80.146    -1.1898  27.185173    -1.1886  27.185063     7.6115     7.8848    13.0234    81.0552 1.0000e-12  -74.13622 -113.40183  41.385217      99.37 3.2219e+01    155.749       3739  1027.5802  1027.5789     3.8455     1.7090     0.1997    33.8039    33.8024    8.33572         29 0.0000e+00
     82.000     81.136    -1.1831  27.191696    -1.1820  27.191565     7.5635     7.8496    12.7995    81.3679 1.0000e-12  -74.13622 -113.40181  41.385231      99.33 3.1847e+01    156.997       3769  1027.5851  1027.5839     3.8603     1.7624     0.1839    33.8047    33.8033    8.33418         31 0.0000e+00
     83.000     82.123    -1.2018  27.177976    -1.1997  27.178635     7.5558     7.8329    11.2676    79.7643 1.0000e-12  -74.13622 -113.40180  41.385246      99.54 3.2885e+01    158.248       3799  1027.5924  1027.5911     3.7842     1.8751     0.1795    33.8063    33.8049    8.33824         29 0.0000e+00
     84.000     83.114    -1.1968  27.184691    -1.1955  27.184231     7.5415     7.8154    10.8695    80.8216 1.0000e-12  -74.13623 -113.40177  41.385260      99.47 3.2869e+01    159.496       3829  1027.5991  1027.5974     3.8344     1.4078     0.1738    33.8092    33.8072    8.33695         31 0.0000e+00
     85.000     84.103    -1.1866  27.194343    -1.1849  27.194829     7.4544     7.7349    10.6388    81.2798 1.0000e-12  -74.13624 -113.40175  41.385275      99.43 3.2153e+01    160.754       3859  1027.6042  1027.6031     3.8561     1.4782     0.1918    33.8104    33.8091    8.33462         30 0.0000e+00
     86.000     85.091    -1.2072  27.177959    -1.2058  27.178410     7.3422     7.6286    12.2651    82.1128 1.0000e-12  -74.13624 -113.40174  41.385290      99.53 3.3350e+01    162.027       3890  1027.6104  1027.6095     3.8955     1.8605     0.2004    33.8105    33.8095    8.33920         26 0.0000e+00
     87.000     86.082    -1.2311  27.159771    -1.2297  27.160012     7.2276     7.5231    11.2124    82.4385 1.0000e-12  -74.13624 -113.40172  41.385304      99.38 3.3039e+01    163.295       3920  1027.6178  1027.6167     3.9110     1.4925     0.1909    33.8120    33.8107    8.34445         31 0.0000e+00
     88.000     87.070    -1.2490  27.145840    -1.2478  27.146206     7.0728     7.3724    11.7490    82.0189 1.0000e-12  -74.13624 -113.40169  41.385319      99.45 3.2136e+01    164.573       3951  1027.6239  1027.6231     3.8912     1.4426     0.1724    33.8125    33.8116    8.34842         30 0.0000e+00
     89.000     88.059    -1.2784  27.123760    -1.2763  27.124759     6.9036     7.2149    11.8863    82.0898 1.0000e-12  -74.13624 -113.40168  41.385334      99.40 3.3228e+01    165.858       3982  1027.6321  1027.6313     3.8945     1.5401     0.1909    33.8147    33.8138    8.35485         30 0.0000e+00
     90.000     89.050    -1.2991  27.107614    -1.2968  27.109151     6.7398     7.0706    11.6728    83.6677 1.0000e-12  -74.13624 -113.40166  41.385349      99.41 3.3260e+01    167.134       4012  1027.6384  1027.6379     3.9693     1.6927     0.2029    33.8154    33.8149    8.35946         30 0.0000e+00
     91.000     90.039    -1.3434  27.074521    -1.3424  27.075210     6.6903     7.0041    14.0321    83.3054 1.0000e-12  -74.13624 -113.40164  41.385364      99.51 3.2429e+01    168.408       4043  1027.6488  1027.6487     3.9522     1.6799     0.2015    33.8194    33.8192    8.36914         30 0.0000e+00
     92.000     91.027    -1.3572  27.070541    -1.3543  27.071851     6.7405     7.0143     9.4976    83.2989 1.0000e-12  -74.13624 -113.40162  41.385378      99.42 3.3276e+01    169.680       4073  1027.6616  1027.6603     3.9519     1.5052     0.1844    33.8289    33.8274    8.37167         31 0.0000e+00
     93.000     92.017    -1.3065  27.121816    -1.3043  27.122175     6.7097     6.9595     7.5781    84.8277 1.0000e-12  -74.13625 -113.40161  41.385393      99.48 3.3260e+01    170.940       4104  1027.6730  1027.6713     4.0244     1.3848     0.1695    33.8414    33.8393    8.35957         30 0.0000e+00
     94.000     93.006    -1.3070  27.126264    -1.3055  27.126421     6.5450     6.7860     7.8277    85.3446 1.0000e-12  -74.13626 -113.40158  41.385407      99.57 3.2610e+01    172.195       4134  1027.6826  1027.6814     4.0489     1.1784     0.1786    33.8475    33.8460    8.35932         30 0.0000e+00
     95.000     93.995    -1.3140  27.123592    -1.3126  27.124124     6.2024     6.4960     8.3234    86.5607 1.0000e-12  -74.13626 -113.40156  41.385422      99.51 3.4316e+01    173.436       4163  1027.6906  1027.6899     4.1065     1.3202     0.1749    33.8510    33.8503    8.36067         30 0.0000e+00
     96.000     94.984    -1.3718  27.077729    -1.3698  27.079537     5.9317     6.2469     7.6548    86.1478 1.0000e-12  -74.13626 -113.40155  41.385436      99.52 3.4314e+01    174.635       4192  1027.7003  1027.7004     4.0873     1.2742     0.1732    33.8529    33.8531    8.37354         28 0.0000e+00
     97.000     95.975    -1.4410  27.026032    -1.4398  27.026236     5.8474     6.1400     8.2379    87.2388 1.0000e-12  -74.13626 -113.40153  41.385449      94.08 3.2551e+01    175.812       4220  1027.7143  1027.7134     4.1384     1.2580     0.1659    33.8595    33.8584    8.38871         28 0.0000e+00
     98.000     96.962    -1.4392  27.030456    -1.4382  27.030358     5.8566     6.1205     6.9310    86.5489 1.0000e-12  -74.13626 -113.40151  41.385463      99.69 3.4457e+01    176.990       4249  1027.7212  1027.7201     4.1060     1.0696     0.1686    33.8629    33.8616    8.38810         28 0.0000e+00
     99.000     97.953    -1.4335  27.037026    -1.4324  27.036751     5.8692     6.1058     7.8247    88.2588 1.0000e-12  -74.13626 -113.40150  41.385476      99.70 3.4566e+01    178.155       4277  1027.7268  1027.7254     4.1870     0.8523     0.1539    33.8649    33.8632    8.38670         28 0.0000e+00
    100.000     98.941    -1.4357  27.035786    -1.4352  27.035567     5.8797     6.1036     5.4009    89.4987 1.0000e-12  -74.13626 -113.40146  41.385490      99.63 3.3747e+01    179.312       4304  1027.7314  1027.7307     4.2459     1.0170     0.1745    33.8650    33.8641    8.38718         28 0.0000e+00
    101.000     99.931    -1.4425  27.034493    -1.4428  27.032714     5.9150     6.1284     5.9244    89.8979 1.0000e-12  -74.13626 -113.40146  41.385503      99.71 3.5196e+01    180.461       4332  1027.7406  1027.7389     4.2648     0.8544     0.1659    33.8703    33.8682    8.38839         27 0.0000e+00
    102.000    100.920    -1.4304  27.048996    -1.4291  27.048926     5.9452     6.1431     4.5163    90.8348 1.0000e-12  -74.13628 -113.40144  41.385516      99.72 3.3549e+01    181.572       4359  1027.7490  1027.7476     4.3092     0.8081     0.1491    33.8760    33.8744    8.38534         26 0.0000e+00
    103.000    101.909    -1.4287  27.050925    -1.4272  27.051406     5.9587     6.1454     4.1636    91.2728 1.0000e-12  -74.13628 -113.40143  41.385529      99.76 3.3363e+01    182.673       4385  1027.7535  1027.7526     4.3300     0.6983     0.1603    33.8761    33.8750    8.38495         27 0.0000e+00
    104.000    102.896    -1.4097  27.071700    -1.4079  27.071959     5.9324     6.1248     5.0665    91.6560 1.0000e-12  -74.13628 -113.40141  41.385541      99.78 3.5679e+01    183.778       4412  1027.7622  1027.7607     4.3481     0.6294     0.1475    33.8825    33.8808    8.38028         26 0.0000e+00
    105.000    103.887    -1.4122  27.070910    -1.4113  27.070836     5.8887     6.0857     4.3702    91.6261 1.0000e-12  -74.13628 -113.40140  41.385554      99.74 3.4157e+01    184.868       4438  1027.7680  1027.7671     4.3467     0.7452     0.1422    33.8836    33.8826    8.38078         27 0.0000e+00
    106.000    104.877    -1.4298  27.058343    -1.4287  27.058538     5.8489     6.0491     3.8819    91.0629 1.0000e-12  -74.13628 -113.40139  41.385566      99.73 3.2331e+01    185.938       4464  1027.7755  1027.7746     4.3200     0.7787     0.1556    33.8856    33.8847    8.38462         25 0.0000e+00
    107.000    105.864    -1.4423  27.048975    -1.4400  27.050306     5.8155     6.0223     3.8674    92.0628 1.0000e-12  -74.13629 -113.40137  41.385579      99.79 3.4650e+01    187.012       4489  1027.7814  1027.7807     4.3674     0.5883     0.1470    33.8863    33.8856    8.38740         25 0.0000e+00
    108.000    106.855    -1.4557  27.038804    -1.4546  27.038966     5.8038     5.9990     4.6704    93.1102 1.0000e-12  -74.13630 -113.40134  41.385591      99.77 3.3195e+01    188.085       4515  1027.7874  1027.7865     4.4171     0.6486     0.1568    33.8869    33.8859    8.39038         26 0.0000e+00
    109.000    107.844    -1.4610  27.035545    -1.4593  27.036113     5.7940     5.9849     3.8804    93.6224 1.0000e-12  -74.13630 -113.40134  41.385603      99.81 3.3001e+01    189.128       4540  1027.7931  1027.7920     4.4414     0.5070     0.1396    33.8878    33.8866    8.39154         25 0.0000e+00
    110.000    108.833    -1.4677  27.029819    -1.4665  27.030378     5.7943     5.9853     3.2422    93.6888 1.0000e-12  -74.13630 -113.40132  41.385615      99.81 3.4550e+01    190.165       4565  1027.7973  1027.7968     4.4445     0.4609     0.1406    33.8869    33.8862    8.39309         25 0.0000e+00
    111.000    109.822    -1.4655  27.032954    -1.4613  27.035593     5.7935     5.9876     2.7095    93.7451 1.0000e-12  -74.13630 -113.40130  41.385627      99.84 3.3415e+01    191.193       4590  1027.8028  1027.8017     4.4472     0.3438     0.1424    33.8881    33.8870    8.39253         24 0.0000e+00
    112.000    110.811    -1.4662  27.032611    -1.4653  27.032600     5.7898     5.9778     2.6233    94.1782 1.0000e-12  -74.13630 -113.40130  41.385639      99.81 3.2576e+01    192.211       4614  1027.8073  1027.8064     4.4678     0.4980     0.1469    33.8878    33.8867    8.39271         25 0.0000e+00
