ocean_section_plots/required_files/ctd/dnbp2202_ctd126.cnv
* Sea-Bird SBE 9 Data File:
* FileName = D:\Data\raw\NBP2202_CTD126.hex
* Software Version Seasave V 7.26.7.121
* Temperature SN = 1649
* Conductivity SN = 2513
* Number of Bytes Per Scan = 40
* Number of Voltage Words = 5
* Number of Scans Averaged by the Deck Unit = 1
* NMEA Latitude = 74 10.52 S
* NMEA Longitude = 113 20.65 W
* NMEA UTC (Time) = Jan 27 2022  13:06:03
* NMEA baud rate = 9600
** Ship: RVIB N.B. Palmer
** Cruise: NBP2202 Thwaites
** Station: YoYo001
** Operator: B. Bjork
# nquan = 25
# nvalues = 610                         
# units = specified
# name 0 = prDM: Pressure, Digiquartz [db]
# name 1 = depSM: Depth [salt water, m]
# name 2 = t090C: Temperature [ITS-90, deg C]
# name 3 = c0mS/cm: Conductivity [mS/cm]
# name 4 = t190C: Temperature, 2 [ITS-90, deg C]
# name 5 = c1mS/cm: Conductivity, 2 [mS/cm]
# name 6 = sbeox0ML/L: Oxygen, SBE 43 [ml/l]
# name 7 = sbeox1ML/L: Oxygen, SBE 43, 2 [ml/l]
# name 8 = flECO-AFL: Fluorescence, WET Labs ECO-AFL/FL [mg/m^3]
# name 9 = CStarTr0: Beam Transmission, WET Labs C-Star [%]
# name 10 = par: PAR/Irradiance, Biospherical/Licor
# name 11 = latitude: Latitude [deg]
# name 12 = longitude: Longitude [deg]
# name 13 = timeJ: Julian Days
# name 14 = altM: Altimeter [m]
# name 15 = spar: SPAR, Biospherical/Licor
# name 16 = timeS: Time, Elapsed [seconds]
# name 17 = scan: Scan Count
# name 18 = density00: Density [density, kg/m^3]
# name 19 = density11: Density, 2 [density, kg/m^3]
# name 20 = sal00: Salinity, Practical [PSU]
# name 21 = sal11: Salinity, Practical, 2 [PSU]
# name 22 = oxsolML/L: Oxygen Saturation, Garcia & Gordon [ml/l]
# name 23 = nbin: number of scans per bin
# name 24 = flag: flag
# span 0 =     10.000,    619.000       
# span 1 =      9.897,    611.671       
# span 2 =    -1.4317,     0.0731       
# span 3 =  27.001458,  28.908612       
# span 4 =    -1.4304,     0.0751       
# span 5 =  27.001011,  28.908441       
# span 6 =     4.6830,     7.9229       
# span 7 =     4.7325,     7.9443       
# span 8 =    -0.0224,    24.2464       
# span 9 =    71.6524,    95.6401       
# span 10 = -4.689e-06, 4.5136e+00      
# span 11 =  -74.17536,  -74.17536      
# span 12 = -113.34430, -113.34426      
# span 13 =  27.546279,  27.554746      
# span 14 =       3.59,     107.31      
# span 15 = 1.7981e+02, 2.5738e+02      
# span 16 =     35.530,    767.082      
# span 17 =        854,      18411      
# span 18 =  1027.2308,  1030.5296      
# span 19 =  1027.2300,  1030.5273      
# span 20 =    33.7959,    34.3762      
# span 21 =    33.7945,    34.3738      
# span 22 =    8.02989,    8.38431      
# span 23 =          6,         45      
# span 24 = 0.0000e+00, 0.0000e+00      
# interval = decibars: 1                
# start_time = Jan 27 2022 13:06:03 [NMEA time, header]
# bad_flag = -9.990e-29
*END*
[from data line 58]
     68.000     67.285    -1.4102  27.026587    -1.4091  27.026292     5.5189     5.6050     4.2071    92.0633 1.0000e-12  -74.17536 -113.34427  27.547244      99.80 1.7981e+02    118.919       2855  1027.5572  1027.5558    33.8435    33.8419    8.38273         25 0.0000e+00
     69.000     68.273    -1.4175  27.029608    -1.4161  27.029207     5.4541     5.5367     4.9279    90.8514 1.0000e-12  -74.17536 -113.34427  27.547256      99.84 1.7981e+02    119.958       2880  1027.5720  1027.5703    33.8554    33.8532    8.38367         23 0.0000e+00
     70.000     69.265    -1.4196  27.031163    -1.4211  27.031296     5.4260     5.5132     4.8820    92.5712 1.0000e-12  -74.17536 -113.34427  27.547267      99.84 1.7981e+02    120.825       2901  1027.5800  1027.5817    33.8592    33.8611    8.38390         21 0.0000e+00
     71.000     70.254    -1.4222  27.032725    -1.4212  27.032363     5.4143     5.5012     1.4314    92.1356 1.0000e-12  -74.17536 -113.34427  27.547277      99.85 1.7981e+02    121.714       2922  1027.5886  1027.5872    33.8637    33.8620    8.38422         22 0.0000e+00
     72.000     71.241    -1.4217  27.033882    -1.4202  27.033900     5.4141     5.4980     1.1355    92.2998 1.0000e-12  -74.17536 -113.34427  27.547287      99.86 1.7981e+02    122.623       2944  1027.5937  1027.5923    33.8641    33.8624    8.38409         21 0.0000e+00
     73.000     72.233    -1.4213  27.034324    -1.4200  27.033956     5.4238     5.4952     2.2838    92.5680 1.0000e-12  -74.17536 -113.34427  27.547298      99.86 1.7981e+02    123.555       2966  1027.5980  1027.5963    33.8636    33.8616    8.38402         24 0.0000e+00
     74.000     73.220    -1.4210  27.035225    -1.4197  27.034679     5.4293     5.4966     1.2037    93.2770 1.0000e-12  -74.17536 -113.34427  27.547310      99.86 1.7981e+02    124.550       2990  1027.6030  1027.6012    33.8639    33.8617    8.38394         24 0.0000e+00
     75.000     74.211    -1.4209  27.037279    -1.4196  27.037908     5.4370     5.4944     0.9601    93.9048 1.0000e-12  -74.17536 -113.34427  27.547322      99.86 1.7981e+02    125.588       3015  1027.6094  1027.6089    33.8659    33.8654    8.38379         25 0.0000e+00
     76.000     75.200    -1.4209  27.036138    -1.4194  27.036234     5.4317     5.4960     1.1361    94.3510 1.0000e-12  -74.17536 -113.34427  27.547334      99.86 1.7981e+02    126.615       3040  1027.6125  1027.6112    33.8637    33.8622    8.38392         25 0.0000e+00
     77.000     76.189    -1.4208  27.037444    -1.4193  27.037152     5.4293     5.4901     1.1258    94.6854 1.0000e-12  -74.17536 -113.34427  27.547345      99.86 1.7981e+02    127.638       3064  1027.6181  1027.6163    33.8648    33.8627    8.38383         24 0.0000e+00
     78.000     77.178    -1.4203  27.039592    -1.4186  27.040919     5.4222     5.4872     0.8537    94.8458 1.0000e-12  -74.17536 -113.34427  27.547357      90.54 1.7981e+02    128.682       3089  1027.6244  1027.6241    33.8666    33.8665    8.38362         25 0.0000e+00
     79.000     78.167    -1.4204  27.042763    -1.4192  27.042389     5.4212     5.4862     0.3901    95.0292 1.0000e-12  -74.17536 -113.34427  27.547369      99.97 1.7981e+02    129.721       3114  1027.6323  1027.6306    33.8705    33.8685    8.38342         25 0.0000e+00
     80.000     79.156    -1.4219  27.042278    -1.4206  27.042084     5.4246     5.4847     0.1992    95.0321 1.0000e-12  -74.17536 -113.34427  27.547381      99.87 1.7981e+02    130.749       3139  1027.6374  1027.6360    33.8709    33.8691    8.38373         25 0.0000e+00
     81.000     80.147    -1.4194  27.045754    -1.4184  27.045368     5.4215     5.4724     0.0880    94.9698 1.0000e-12  -74.17536 -113.34427  27.547393      99.87 1.7981e+02    131.782       3164  1027.6432  1027.6418    33.8722    33.8705    8.38309         25 0.0000e+00
     82.000     81.135    -1.4170  27.049454    -1.4144  27.050126     5.4090     5.4706     0.1291    94.9979 1.0000e-12  -74.17536 -113.34427  27.547405      99.86 1.7981e+02    132.808       3188  1027.6493  1027.6475    33.8740    33.8719    8.38245         24 0.0000e+00
     83.000     82.124    -1.4059  27.060339    -1.4061  27.058667     5.4112     5.4751     0.0531    95.2644 1.0000e-12  -74.17536 -113.34427  27.547417      99.87 1.7981e+02    133.828       3213  1027.6549  1027.6532    33.8757    33.8737    8.37984         25 0.0000e+00
     84.000     83.114    -1.4063  27.060462    -1.4045  27.060718     5.4152     5.4719     0.0165    95.3201 1.0000e-12  -74.17536 -113.34427  27.547429      99.87 1.7981e+02    134.869       3238  1027.6597  1027.6583    33.8757    33.8740    8.37992         25 0.0000e+00
     85.000     84.103    -1.4113  27.055888    -1.4096  27.056112     5.4168     5.4703     0.0007    95.3133 1.0000e-12  -74.17536 -113.34427  27.547441      99.86 1.7981e+02    135.905       3263  1027.6638  1027.6625    33.8744    33.8729    8.38112         25 0.0000e+00
     86.000     85.092    -1.4125  27.055777    -1.4051  27.061560     5.4144     5.4663     0.0154    95.3974 1.0000e-12  -74.17536 -113.34427  27.547453      99.87 1.7981e+02    136.930       3287  1027.6691  1027.6684    33.8750    33.8746    8.38136         25 0.0000e+00
     87.000     86.081    -1.4054  27.063709    -1.4033  27.064089     5.4082     5.4666     0.0832    95.4507 1.0000e-12  -74.17536 -113.34427  27.547465      99.86 1.7981e+02    137.956       3312  1027.6754  1027.6738    33.8773    33.8754    8.37963         24 0.0000e+00
     88.000     87.072    -1.4065  27.063017    -1.4053  27.062755     5.4097     5.4742     0.0476    95.2941 1.0000e-12  -74.17536 -113.34427  27.547477      99.87 1.7981e+02    138.986       3337  1027.6800  1027.6786    33.8770    33.8753    8.37990         24 0.0000e+00
     89.000     88.059    -1.4067  27.063451    -1.4053  27.063422     5.4095     5.4757    -0.0086    95.3822 1.0000e-12  -74.17536 -113.34427  27.547488      99.87 1.7981e+02    139.999       3361  1027.6850  1027.6837    33.8771    33.8756    8.37993         25 0.0000e+00
     90.000     89.049    -1.4065  27.064556    -1.4056  27.063877     5.4113     5.4766    -0.0110    95.4671 1.0000e-12  -74.17536 -113.34427  27.547500      88.55 1.7981e+02    141.011       3385  1027.6904  1027.6888    33.8778    33.8759    8.37985         24 0.0000e+00
     91.000     90.039    -1.4059  27.066003    -1.4047  27.065425     5.4140     5.4735     0.0296    95.4928 1.0000e-12  -74.17536 -113.34426  27.547512      99.48 1.7981e+02    142.029       3410  1027.6958  1027.6940    33.8785    33.8764    8.37967         24 0.0000e+00
     92.000     91.028    -1.4036  27.069438    -1.4023  27.068802     5.4124     5.4704     0.0147    95.5175 1.0000e-12  -74.17536 -113.34428  27.547524      99.87 1.7981e+02    143.032       3434  1027.7016  1027.6998    33.8800    33.8777    8.37906         24 0.0000e+00
     93.000     92.017    -1.4019  27.071764    -1.4006  27.071292     5.4152     5.4717    -0.0035    95.5172 1.0000e-12  -74.17536 -113.34428  27.547535      99.87 1.7981e+02    144.034       3458  1027.7069  1027.7051    33.8807    33.8785    8.37865         25 0.0000e+00
     94.000     93.005    -1.4015  27.072663    -1.4005  27.072128     5.4106     5.4741     0.0337    95.5196 1.0000e-12  -74.17536 -113.34428  27.547547      99.86 1.7981e+02    145.041       3482  1027.7118  1027.7103    33.8808    33.8790    8.37854         23 0.0000e+00
     95.000     93.996    -1.4014  27.073370    -1.4014  27.071658     5.4068     5.4701     0.0505    95.5118 1.0000e-12  -74.17536 -113.34428  27.547558      99.86 1.8026e+02    146.034       3506  1027.7168  1027.7150    33.8810    33.8787    8.37850         24 0.0000e+00
     96.000     94.984    -1.3985  27.076319    -1.3985  27.074881     5.4045     5.4684    -0.0164    95.5298 1.0000e-12  -74.17536 -113.34428  27.547570      99.86 1.8074e+02    147.007       3529  1027.7216  1027.7200    33.8812    33.8792    8.37785         23 0.0000e+00
     97.000     95.973    -1.3928  27.082014    -1.3915  27.082024     5.4004     5.4630    -0.0218    95.4904 1.0000e-12  -74.17536 -113.34428  27.547581      99.86 1.8106e+02    147.980       3553  1027.7268  1027.7254    33.8820    33.8804    8.37653         24 0.0000e+00
     98.000     96.964    -1.3963  27.078788    -1.3936  27.079994     5.3925     5.4610     0.0109    95.5105 1.0000e-12  -74.17536 -113.34428  27.547592      99.87 1.8119e+02    148.953       3576  1027.7308  1027.7296    33.8808    33.8794    8.37737         23 0.0000e+00
     99.000     97.951    -1.3917  27.084475    -1.3902  27.084015     5.3895     5.4578    -0.0054    95.5267 1.0000e-12  -74.17536 -113.34428  27.547603      99.86 1.8158e+02    149.925       3599  1027.7370  1027.7351    33.8828    33.8806    8.37621         24 0.0000e+00
    100.000     98.941    -1.3881  27.087857    -1.3868  27.087559     5.3883     5.4564    -0.0189    95.5218 1.0000e-12  -74.17536 -113.34428  27.547615      99.87 1.8158e+02    150.916       3623  1027.7417  1027.7401    33.8828    33.8809    8.37542         23 0.0000e+00
    101.000     99.930    -1.3872  27.088930    -1.3862  27.088427     5.3920     5.4562    -0.0171    95.4977 1.0000e-12  -74.17536 -113.34428  27.547626      99.87 1.8158e+02    151.908       3647  1027.7463  1027.7448    33.8827    33.8808    8.37523         24 0.0000e+00
    102.000    100.921    -1.3866  27.089836    -1.3860  27.088875     5.3885     5.4518    -0.0150    95.5324 1.0000e-12  -74.17536 -113.34428  27.547638      99.86 1.8158e+02    152.900       3671  1027.7511  1027.7495    33.8825    33.8806    8.37509         24 0.0000e+00
    103.000    101.908    -1.3874  27.089545    -1.3868  27.088792     5.3913     5.4522    -0.0181    95.5312 1.0000e-12  -74.17536 -113.34428  27.547649      96.54 1.8166e+02    153.887       3694  1027.7559  1027.7544    33.8824    33.8807    8.37528         24 0.0000e+00
    104.000    102.899    -1.3890  27.089108    -1.3901  27.086682     5.3919     5.4487    -0.0224    95.5264 1.0000e-12  -74.17536 -113.34428  27.547661      95.70 1.8181e+02    154.867       3718  1027.7612  1027.7597    33.8830    33.8809    8.37560         23 0.0000e+00
    105.000    103.886    -1.3880  27.090080    -1.3867  27.089806     5.3939     5.4551    -0.0176    95.4982 1.0000e-12  -74.17536 -113.34428  27.547672      99.88 1.8181e+02    155.837       3741  1027.7657  1027.7641    33.8826    33.8808    8.37541         23 0.0000e+00
    106.000    104.877    -1.3839  27.093754    -1.3848  27.091704     5.4043     5.4626    -0.0015    95.5282 1.0000e-12  -74.17536 -113.34428  27.547683      99.87 1.8209e+02    156.818       3765  1027.7701  1027.7687    33.8824    33.8806    8.37450         24 0.0000e+00
    107.000    105.865    -1.3905  27.088623    -1.3914  27.086595     5.4115     5.4711    -0.0150    95.5364 1.0000e-12  -74.17536 -113.34427  27.547694      99.86 1.8273e+02    157.793       3788  1027.7752  1027.7738    33.8822    33.8804    8.37600         23 0.0000e+00
    108.000    106.854    -1.3991  27.082093    -1.3982  27.081786     5.4186     5.4780     0.0004    95.5260 1.0000e-12  -74.17536 -113.34427  27.547706      99.86 1.8333e+02    158.762       3811  1027.7806  1027.7794    33.8823    33.8809    8.37792         24 0.0000e+00
    109.000    107.843    -1.4001  27.081847    -1.3994  27.081035     5.4197     5.4739    -0.0057    95.5307 1.0000e-12  -74.17536 -113.34427  27.547717      99.86 1.8334e+02    159.737       3835  1027.7856  1027.7840    33.8825    33.8806    8.37813         23 0.0000e+00
    110.000    108.832    -1.4006  27.081789    -1.3981  27.082713     5.4242     5.4764    -0.0180    95.5240 1.0000e-12  -74.17536 -113.34427  27.547728      99.86 1.8334e+02    160.714       3858  1027.7903  1027.7889    33.8823    33.8808    8.37825         23 0.0000e+00
    111.000    109.823    -1.4036  27.079676    -1.4004  27.080928     5.4241     5.4861    -0.0135    95.5397 1.0000e-12  -74.17536 -113.34427  27.547739      99.86 1.8334e+02    161.683       3881  1027.7952  1027.7934    33.8822    33.8803    8.37894         24 0.0000e+00
    112.000    110.810    -1.4060  27.078138    -1.4052  27.077554     5.4296     5.4843    -0.0106    95.5120 1.0000e-12  -74.17536 -113.34427  27.547751      99.87 1.8334e+02    162.657       3905  1027.8000  1027.7986    33.8822    33.8805    8.37948         23 0.0000e+00
    113.000    111.801    -1.4071  27.077811    -1.4060  27.077317     5.4267     5.4860    -0.0122    95.5437 1.0000e-12  -74.17536 -113.34427  27.547762      99.86 1.8334e+02    163.634       3928  1027.8050  1027.8034    33.8823    33.8804    8.37971         24 0.0000e+00
    114.000    112.787    -1.4068  27.078485    -1.4055  27.078319     5.4264     5.4852    -0.0090    95.5409 1.0000e-12  -74.17536 -113.34427  27.547773      99.87 1.8334e+02    164.600       3951  1027.8098  1027.8083    33.8824    33.8806    8.37966         22 0.0000e+00
    115.000    113.777    -1.4069  27.078974    -1.4054  27.078777     5.4318     5.4919    -0.0151    95.5463 1.0000e-12  -74.17536 -113.34427  27.547784      99.86 1.8334e+02    165.574       3975  1027.8146  1027.8130    33.8824    33.8805    8.37965         24 0.0000e+00
    116.000    114.769    -1.4065  27.079791    -1.4053  27.079553     5.4362     5.4950    -0.0147    95.5431 1.0000e-12  -74.17536 -113.34427  27.547796      99.86 1.8353e+02    166.551       3998  1027.8195  1027.8180    33.8826    33.8808    8.37957         23 0.0000e+00
    117.000    115.756    -1.4066  27.080582    -1.4051  27.080452     5.4481     5.5099    -0.0219    95.5374 1.0000e-12  -74.17536 -113.34428  27.547807      97.27 1.8404e+02    167.521       4021  1027.8247  1027.8231    33.8831    33.8813    8.37955         23 0.0000e+00
    118.000    116.746    -1.4085  27.080083    -1.4073  27.079784     5.4634     5.5286    -0.0101    95.5377 1.0000e-12  -74.17536 -113.34426  27.547818      98.38 1.8496e+02    168.483       4045  1027.8303  1027.8288    33.8839    33.8822    8.37993         24 0.0000e+00
    119.000    117.734    -1.4157  27.075781    -1.4170  27.074524     5.4932     5.5486    -0.0172    95.5409 1.0000e-12  -74.17536 -113.34428  27.547829      99.86 1.8510e+02    169.452       4068  1027.8368  1027.8367    33.8855    33.8853    8.38145         23 0.0000e+00
    120.000    118.724    -1.4183  27.074754    -1.4232  27.071179     5.5069     5.5605    -0.0131    95.5454 1.0000e-12  -74.17536 -113.34426  27.547840      99.87 1.8510e+02    170.418       4091  1027.8425  1027.8433    33.8865    33.8871    8.38199         23 0.0000e+00
    121.000    119.712    -1.4296  27.069301    -1.4277  27.069454     5.5071     5.5647    -0.0074    95.5454 1.0000e-12  -74.17536 -113.34428  27.547852      99.86 1.8510e+02    171.379       4114  1027.8518  1027.8500    33.8912    33.8892    8.38425         23 0.0000e+00
    122.000    120.701    -1.4299  27.069597    -1.4278  27.069738     5.5204     5.5831    -0.0074    95.5516 1.0000e-12  -74.17536 -113.34426  27.547863      99.86 1.8510e+02    172.360       4138  1027.8566  1027.8546    33.8913    33.8891    8.38431         24 0.0000e+00
    123.000    121.692    -1.4255  27.072492    -1.4246  27.071921     5.5499     5.6128    -0.0090    95.5498 1.0000e-12  -74.17536 -113.34428  27.547874      99.87 1.8510e+02    173.339       4161  1027.8597  1027.8582    33.8897    33.8878    8.38342         23 0.0000e+00
    124.000    122.679    -1.4276  27.076579    -1.4271  27.077391     5.5815     5.6376    -0.0144    95.5510 1.0000e-12  -74.17536 -113.34426  27.547885      88.92 1.8510e+02    174.304       4184  1027.8706  1027.8710    33.8971    33.8976    8.38346         23 0.0000e+00
