ocean_section_plots/required_files/ctd/dnbp2202_ctd041.cnv
* Sea-Bird SBE 9 Data File:
* FileName = D:\Data\raw\NBP2202_CTD041.hex
* Software Version Seasave V 7.26.7.121
* Temperature SN = 1649
* Conductivity SN = 2513
* Number of Bytes Per Scan = 40
* Number of Voltage Words = 5
* Number of Scans Averaged by the Deck Unit = 1
* NMEA Latitude = 74 10.51 S
* NMEA Longitude = 113 20.68 W
* NMEA UTC (Time) = Jan 23 2022  01:38:49
* NMEA baud rate = 9600
** Ship: RVIB N.B. Palmer
** Cruise: NBP2202 Thwaites
** Station: 22
** Operator: A. Robinson
# nquan = 25
# nvalues = 616                         
# units = specified
# name 0 = prDM: Pressure, Digiquartz [db]
# name 1 = depSM: Depth [salt water, m]
# name 2 = t090C: Temperature [ITS-90, deg C]
# name 3 = c0mS/cm: Conductivity [mS/cm]
# name 4 = t190C: Temperature, 2 [ITS-90, deg C]
# name 5 = c1mS/cm: Conductivity, 2 [mS/cm]
# name 6 = sbeox0ML/L: Oxygen, SBE 43 [ml/l]
# name 7 = sbeox1ML/L: Oxygen, SBE 43, 2 [ml/l]
# name 8 = flECO-AFL: Fluorescence, WET Labs ECO-AFL/FL [mg/m^3]
# name 9 = CStarTr0: Beam Transmission, WET Labs C-Star [%]
# name 10 = par: PAR/Irradiance, Biospherical/Licor
# name 11 = latitude: Latitude [deg]
# name 12 = longitude: Longitude [deg]
# name 13 = timeJ: Julian Days
# name 14 = altM: Altimeter [m]
# name 15 = spar: SPAR, Biospherical/Licor
# name 16 = timeS: Time, Elapsed [seconds]
# name 17 = scan: Scan Count
# name 18 = density00: Density [density, kg/m^3]
# name 19 = density11: Density, 2 [density, kg/m^3]
# name 20 = sal00: Salinity, Practical [PSU]
# name 21 = sal11: Salinity, Practical, 2 [PSU]
# name 22 = oxsolML/L: Oxygen Saturation, Garcia & Gordon [ml/l]
# name 23 = nbin: number of scans per bin
# name 24 = flag: flag
# span 0 =      2.000,    617.000       
# span 1 =      1.992,    609.706       
# span 2 =    -1.3652,     0.0985       
# span 3 =  27.081472,  28.934441       
# span 4 =    -1.3642,     0.0998       
# span 5 =  27.080502,  28.933230       
# span 6 =     4.7289,     5.5318       
# span 7 =     4.9811,     5.8473       
# span 8 =    -0.0213,     0.1926       
# span 9 =    94.9386,    96.0657       
# span 10 = -4.091e-07, 8.1523e+02      
# span 11 =  -74.17530,  -74.17528      
# span 12 = -113.34492, -113.34486      
# span 13 =  23.071330,  23.083388      
# span 14 =       6.22,      99.78      
# span 15 = 1.5312e+03, 1.5782e+03      
# span 16 =    233.934,   1275.765      
# span 17 =       5615,      30619      
# span 18 =  1027.2684,  1030.5239      
# span 19 =  1027.2721,  1030.5214      
# span 20 =    33.8826,    34.3830      
# span 21 =    33.8830,    34.3800      
# span 22 =    8.02420,    8.37025      
# span 23 =         16,         74      
# span 24 = 0.0000e+00, 0.0000e+00      
# interval = decibars: 1                
# start_time = Jan 23 2022 01:38:49 [NMEA time, header]
# bad_flag = -9.990e-29
*END*
[from data line 58]
     60.000     59.370    -1.3572  27.097161    -1.3578  27.096042     5.4899     5.8186     0.0934    95.9296 1.4928e+01  -74.17530 -113.34490  23.074245      97.24 1.5640e+03    485.724      11658  1027.5510  1027.5503    33.8856    33.8847    8.36830         44 0.0000e+00
     61.000     60.360    -1.3546  27.099909    -1.3553  27.099220     5.4935     5.8207     0.1328    95.9520 1.4158e+01  -74.17530 -113.34490  23.074269      99.62 1.5637e+03    487.803      11708  1027.5559  1027.5558    33.8859    33.8857    8.36772         45 0.0000e+00
     62.000     61.349    -1.3589  27.096008    -1.3591  27.095664     5.4861     5.8076     0.0625    95.9717 1.3515e+01  -74.17530 -113.34490  23.074291      99.59 1.5637e+03    489.780      11756  1027.5600  1027.5598    33.8847    33.8844    8.36874         40 0.0000e+00
     63.000     62.336    -1.3548  27.101424    -1.3522  27.104133     5.4740     5.7978     0.0646    95.9725 1.2815e+01  -74.17530 -113.34490  23.074315      99.59 1.5638e+03    491.804      11804  1027.5663  1027.5668    33.8869    33.8876    8.36769         42 0.0000e+00
     64.000     63.329    -1.3539  27.102657    -1.3539  27.102507     5.4732     5.8038     0.0934    95.9476 1.2197e+01  -74.17530 -113.34491  23.074338      99.59 1.5646e+03    493.831      11853  1027.5712  1027.5710    33.8870    33.8867    8.36749         43 0.0000e+00
     65.000     64.317    -1.3572  27.099247    -1.3555  27.100887     5.4771     5.7954     0.0683    95.9689 1.1622e+01  -74.17530 -113.34491  23.074361      99.59 1.5641e+03    495.809      11900  1027.5749  1027.5750    33.8854    33.8857    8.36833         37 0.0000e+00
     66.000     65.307    -1.3476  27.111594    -1.3452  27.114101     5.4696     5.7913     0.0643    95.9857 1.1062e+01  -74.17530 -113.34490  23.074384      92.15 1.5637e+03    497.787      11948  1027.5836  1027.5840    33.8909    33.8915    8.36585         43 0.0000e+00
     67.000     66.295    -1.3488  27.109347    -1.3479  27.110527     5.4836     5.7982     0.0450    95.9746 1.0568e+01  -74.17530 -113.34490  23.074408      99.53 1.5637e+03    499.838      11997  1027.5866  1027.5871    33.8885    33.8891    8.36626         44 0.0000e+00
     68.000     67.286    -1.3578  27.099683    -1.3558  27.101995     5.4913     5.8157     0.0341    95.9345 1.0070e+01  -74.17530 -113.34490  23.074431      99.59 1.5637e+03    501.840      12045  1027.5890  1027.5896    33.8848    33.8857    8.36850         38 0.0000e+00
     69.000     68.276    -1.3611  27.097383    -1.3615  27.096628     5.4911     5.8147     0.0515    95.9656 9.6200e+00  -74.17530 -113.34490  23.074454      99.59 1.5641e+03    503.806      12092  1027.5938  1027.5935    33.8847    33.8842    8.36924         42 0.0000e+00
     70.000     69.263    -1.3594  27.099572    -1.3594  27.099260     5.4832     5.8111     0.1308    95.9800 9.1407e+00  -74.17530 -113.34490  23.074481      99.59 1.5642e+03    506.120      12148  1027.5989  1027.5985    33.8852    33.8847    8.36883         42 0.0000e+00
     71.000     70.253    -1.3586  27.100819    -1.3583  27.100845     5.4838     5.8104     0.0619    95.9711 8.7315e+00  -74.17530 -113.34490  23.074507      99.59 1.5638e+03    508.439      12204  1027.6037  1027.6035    33.8853    33.8850    8.36863         44 0.0000e+00
     72.000     71.242    -1.3612  27.098314    -1.3603  27.099014     5.4829     5.8104     0.1862    95.9878 8.2980e+00  -74.17530 -113.34490  23.074534      97.05 1.5634e+03    510.764      12259  1027.6078  1027.6077    33.8842    33.8842    8.36929         40 0.0000e+00
     73.000     72.231    -1.3608  27.099416    -1.3604  27.099320     5.4865     5.8016     0.0775    95.9974 7.9185e+00  -74.17530 -113.34490  23.074562      99.47 1.5625e+03    513.130      12316  1027.6129  1027.6125    33.8846    33.8841    8.36917         36 0.0000e+00
     74.000     73.222    -1.3594  27.101429    -1.3587  27.101765     5.4780     5.8059     0.0634    95.8100 7.5368e+00  -74.17530 -113.34490  23.074590      99.60 1.5632e+03    515.538      12374  1027.6180  1027.6178    33.8852    33.8849    8.36882         35 0.0000e+00
     75.000     74.209    -1.3551  27.106462    -1.3554  27.105915     5.4801     5.8026     0.1916    95.9721 7.1758e+00  -74.17530 -113.34490  23.074618      99.60 1.5627e+03    517.950      12432  1027.6238  1027.6234    33.8866    33.8862    8.36778         44 0.0000e+00
     76.000     75.201    -1.3518  27.111017    -1.3508  27.111773     5.4701     5.7951     0.1301    95.9156 6.8540e+00  -74.17530 -113.34490  23.074645      99.60 1.5635e+03    520.291      12488  1027.6299  1027.6298    33.8885    33.8884    8.36692         38 0.0000e+00
     77.000     76.188    -1.3485  27.114188    -1.3484  27.114103     5.4687     5.7993     0.0448    95.9808 6.5313e+00  -74.17530 -113.34490  23.074672      99.60 1.5610e+03    522.700      12546  1027.6347  1027.6344    33.8886    33.8883    8.36619         34 0.0000e+00
     78.000     77.178    -1.3453  27.118744    -1.3481  27.115488     5.4714     5.7981     0.0919    96.0002 6.2437e+00  -74.17530 -113.34490  23.074700      97.35 1.5621e+03    525.076      12603  1027.6409  1027.6400    33.8906    33.8892    8.36535         43 0.0000e+00
     79.000     78.166    -1.3398  27.126638    -1.3389  27.127279     5.4622     5.7868     0.0893    95.9708 5.9587e+00  -74.17530 -113.34489  23.074726      99.68 1.5609e+03    527.320      12657  1027.6486  1027.6484    33.8945    33.8944    8.36387         30 0.0000e+00
     80.000     79.157    -1.3228  27.146920    -1.3240  27.144437     5.4647     5.7808     0.0348    95.9793 5.6994e+00  -74.17530 -113.34489  23.074746      99.59 1.5612e+03    529.093      12699  1027.6590  1027.6574    33.9025    33.9005    8.35959         39 0.0000e+00
     81.000     80.145    -1.3196  27.150925    -1.3191  27.151116     5.4613     5.7867     0.0053    95.9736 5.4421e+00  -74.17530 -113.34489  23.074765      99.60 1.5617e+03    530.739      12739  1027.6648  1027.6645    33.9038    33.9035    8.35880         41 0.0000e+00
     82.000     81.135    -1.3217  27.148845    -1.3219  27.148015     5.4618     5.7904     0.0032    96.0132 5.1978e+00  -74.17530 -113.34489  23.074785      99.60 1.5635e+03    532.458      12780  1027.6689  1027.6682    33.9026    33.9017    8.35933         41 0.0000e+00
     83.000     82.126    -1.3271  27.142607    -1.3274  27.141746     5.4591     5.7840     0.0286    96.0439 4.9646e+00  -74.17530 -113.34489  23.074805      99.60 1.5631e+03    534.125      12820  1027.6717  1027.6710    33.8996    33.8987    8.36073         37 0.0000e+00
     84.000     83.113    -1.3226  27.148370    -1.3231  27.147396     5.4561     5.7899     0.0088    96.0131 4.7477e+00  -74.17530 -113.34489  23.074824      97.86 1.5609e+03    535.797      12860  1027.6780  1027.6774    33.9018    33.9010    8.35959         41 0.0000e+00
     85.000     84.103    -1.3334  27.136930    -1.3337  27.136217     5.4568     5.7792    -0.0051    96.0410 4.5474e+00  -74.17530 -113.34489  23.074844      94.69 1.5614e+03    537.551      12902  1027.6801  1027.6796    33.8976    33.8970    8.36225         43 0.0000e+00
     86.000     85.092    -1.3238  27.148331    -1.3227  27.148947     5.4572     5.7807     0.0143    96.0335 4.3453e+00  -74.17530 -113.34489  23.074864      99.67 1.5628e+03    539.273      12944  1027.6878  1027.6874    33.9018    33.9015    8.35985         37 0.0000e+00
     87.000     86.080    -1.3168  27.156427    -1.3172  27.155709     5.4486     5.7671     0.0021    96.0316 4.1580e+00  -74.17530 -113.34489  23.074883      99.60 1.5631e+03    540.895      12982  1027.6943  1027.6938    33.9044    33.9038    8.35814         34 0.0000e+00
     88.000     87.071    -1.3007  27.175797    -1.3042  27.170059     5.4523     5.7730     0.0150    96.0192 3.9795e+00  -74.17530 -113.34489  23.074903      99.59 1.5624e+03    542.585      13023  1027.7044  1027.7015    33.9122    33.9082    8.35407         42 0.0000e+00
     89.000     88.060    -1.3050  27.169707    -1.3137  27.160337     5.4430     5.7689     0.0000    96.0353 3.8116e+00  -74.17530 -113.34489  23.074923      99.60 1.5618e+03    544.333      13065  1027.7063  1027.7045    33.9080    33.9050    8.35528         39 0.0000e+00
     90.000     89.047    -1.2840  27.194763    -1.2875  27.188412     5.4336     5.7579     0.0094    96.0253 3.6532e+00  -74.17530 -113.34489  23.074943      99.60 1.5612e+03    546.040      13106  1027.7180  1027.7142    33.9180    33.9132    8.34999         39 0.0000e+00
     91.000     90.041    -1.2647  27.215541    -1.2595  27.221007     5.4291     5.7439     0.0008    96.0214 3.4959e+00  -74.17530 -113.34489  23.074962      99.60 1.5618e+03    547.733      13147  1027.7268  1027.7277    33.9241    33.9257    8.34532         38 0.0000e+00
     92.000     91.027    -1.2592  27.222677    -1.2453  27.236641     5.4208     5.7468    -0.0021    96.0433 3.3461e+00  -74.17530 -113.34489  23.074983      97.61 1.5621e+03    549.503      13189  1027.7338  1027.7357    33.9270    33.9303    8.34392         38 0.0000e+00
     93.000     92.017    -1.2474  27.235658    -1.2468  27.235545     5.4208     5.7474    -0.0109    96.0013 3.2026e+00  -74.17530 -113.34489  23.075003      99.09 1.5622e+03    551.247      13231  1027.7412  1027.7406    33.9307    33.9300    8.34105         41 0.0000e+00
     94.000     93.006    -1.2433  27.240082    -1.2434  27.239342     5.4190     5.7406    -0.0090    95.9772 3.0637e+00  -74.17530 -113.34489  23.075023      99.60 1.5616e+03    553.007      13273  1027.7467  1027.7460    33.9316    33.9306    8.34009         38 0.0000e+00
     95.000     93.995    -1.2436  27.240090    -1.2449  27.237985     5.4219     5.7448    -0.0054    96.0484 2.9304e+00  -74.17530 -113.34489  23.075043      99.60 1.5610e+03    554.736      13315  1027.7515  1027.7504    33.9313    33.9298    8.34017         40 0.0000e+00
     96.000     94.985    -1.2461  27.237673    -1.2469  27.236207     5.4177     5.7441    -0.0104    96.0341 2.8038e+00  -74.17530 -113.34489  23.075063      99.60 1.5615e+03    556.466      13356  1027.7557  1027.7549    33.9302    33.9291    8.34080         38 0.0000e+00
     97.000     95.973    -1.2450  27.239503    -1.2453  27.238246     5.4253     5.7459    -0.0134    96.0557 2.6839e+00  -74.17530 -113.34489  23.075084      99.60 1.5621e+03    558.232      13399  1027.7610  1027.7599    33.9308    33.9294    8.34051         40 0.0000e+00
     98.000     96.961    -1.2462  27.238298    -1.2491  27.234844     5.4247     5.7462    -0.0084    96.0273 2.5703e+00  -74.17530 -113.34489  23.075104      99.60 1.5623e+03    560.006      13441  1027.7653  1027.7643    33.9299    33.9284    8.34084         39 0.0000e+00
     99.000     97.954    -1.2533  27.231035    -1.2518  27.232072     5.4314     5.7481    -0.0167    96.0426 2.4636e+00  -74.17530 -113.34488  23.075124      98.97 1.5625e+03    561.718      13482  1027.7686  1027.7682    33.9274    33.9271    8.34258         38 0.0000e+00
    100.000     98.940    -1.2674  27.217014    -1.2635  27.220337     5.4311     5.7529    -0.0131    96.0571 2.3615e+00  -74.17530 -113.34488  23.075144      95.24 1.5628e+03    563.440      13524  1027.7711  1027.7710    33.9234    33.9237    8.34594         36 0.0000e+00
    101.000     99.930    -1.2542  27.231599    -1.2559  27.227805     5.4164     5.7340    -0.0105    96.0606 2.2606e+00  -74.17530 -113.34488  23.075164      99.69 1.5619e+03    565.211      13566  1027.7786  1027.7761    33.9280    33.9247    8.34275         39 0.0000e+00
    102.000    100.919    -1.2381  27.248296    -1.2369  27.248183     5.4105     5.7281    -0.0099    96.0598 2.1661e+00  -74.17530 -113.34488  23.075184      99.60 1.5599e+03    566.933      13607  1027.7856  1027.7844    33.9319    33.9304    8.33891         39 0.0000e+00
    103.000    101.909    -1.2384  27.248511    -1.2384  27.247693     5.4141     5.7365    -0.0122    96.0635 2.0732e+00  -74.17530 -113.34488  23.075203      99.60 1.5608e+03    568.503      13645  1027.7906  1027.7896    33.9320    33.9308    8.33898         37 0.0000e+00
    104.000    102.898    -1.2443  27.243284    -1.2441  27.242807     5.3992     5.7251    -0.0077    96.0506 1.9862e+00  -74.17530 -113.34489  23.075220      99.60 1.5620e+03    569.979      13681  1027.7949  1027.7943    33.9308    33.9300    8.34035         34 0.0000e+00
    105.000    103.887    -1.2322  27.254757    -1.2331  27.252924     5.3842     5.7012    -0.0138    96.0631 1.9057e+00  -74.17530 -113.34489  23.075236      99.60 1.5626e+03    571.398      13715  1027.8001  1027.7989    33.9323    33.9307    8.33758         33 0.0000e+00
    106.000    104.875    -1.2217  27.265729    -1.2258  27.260595     5.3735     5.6979    -0.0074    96.0657 1.8245e+00  -74.17530 -113.34490  23.075251      99.60 1.5631e+03    572.674      13745  1027.8064  1027.8047    33.9348    33.9324    8.33509         29 0.0000e+00
    107.000    105.865    -1.2101  27.276511    -1.2102  27.275651     5.3797     5.6987    -0.0052    96.0472 1.7464e+00  -74.17530 -113.34490  23.075265      99.60 1.5621e+03    573.865      13774  1027.8114  1027.8105    33.9358    33.9347    8.33245         29 0.0000e+00
    108.000    106.855    -1.2178  27.269053    -1.2219  27.264759     5.3717     5.7002    -0.0025    96.0444 1.6722e+00  -74.17530 -113.34490  23.075278      99.60 1.5631e+03    575.064      13803  1027.8152  1027.8144    33.9337    33.9325    8.33429         27 0.0000e+00
    109.000    107.844    -1.2201  27.268141    -1.2215  27.265329     5.3799     5.7066     0.0004    96.0443 1.6055e+00  -74.17530 -113.34490  23.075293      95.17 1.5626e+03    576.288      13832  1027.8207  1027.8190    33.9344    33.9322    8.33475         29 0.0000e+00
    110.000    108.833    -1.2196  27.268859    -1.2263  27.261397     5.3796     5.7001     0.0009    96.0458 1.5351e+00  -74.17530 -113.34490  23.075306      99.59 1.5632e+03    577.478      13860  1027.8254  1027.8236    33.9342    33.9315    8.33466         28 0.0000e+00
    111.000    109.821    -1.2241  27.265203    -1.2234  27.265061     5.3707     5.6858    -0.0118    96.0430 1.4716e+00  -74.17530 -113.34490  23.075320      99.61 1.5609e+03    578.642      13888  1027.8301  1027.8291    33.9337    33.9327    8.33569         28 0.0000e+00
    112.000    110.810    -1.2042  27.284812    -1.2043  27.283583     5.3715     5.6840    -0.0150    96.0448 1.4093e+00  -74.17530 -113.34490  23.075333      99.60 1.5611e+03    579.809      13916  1027.8365  1027.8353    33.9373    33.9358    8.33103         28 0.0000e+00
    113.000    111.800    -1.2073  27.281805    -1.2030  27.285036     5.3694     5.6845    -0.0097    96.0346 1.3497e+00  -74.17530 -113.34490  23.075347      99.60 1.5607e+03    580.995      13945  1027.8407  1027.8401    33.9362    33.9357    8.33180         29 0.0000e+00
    114.000    112.789    -1.2093  27.280193    -1.2076  27.281293     5.3720     5.6879    -0.0074    96.0476 1.2931e+00  -74.17530 -113.34490  23.075361      99.60 1.5614e+03    582.187      13973  1027.8453  1027.8448    33.9356    33.9351    8.33228         28 0.0000e+00
    115.000    113.778    -1.2115  27.278685    -1.2110  27.278436     5.3749     5.6854    -0.0011    96.0550 1.2388e+00  -74.17530 -113.34490  23.075375      99.61 1.5627e+03    583.361      14002  1027.8501  1027.8493    33.9354    33.9345    8.33278         28 0.0000e+00
    116.000    114.767    -1.2104  27.280880    -1.2060  27.284117     5.3854     5.6951    -0.0001    96.0232 1.1875e+00  -74.17530 -113.34490  23.075388      99.60 1.5624e+03    584.509      14029  1027.8557  1027.8550    33.9365    33.9360    8.33246         27 0.0000e+00
