ocean_section_plots/required_files/ctd/dnbp2202_ctd085.cnv
* Sea-Bird SBE 9 Data File:
* FileName = D:\Data\raw\NBP2202_CTD085.hex
* Software Version Seasave V 7.26.7.121
* Temperature SN = 1649
* Conductivity SN = 2513
* Number of Bytes Per Scan = 40
* Number of Voltage Words = 5
* Number of Scans Averaged by the Deck Unit = 1
* NMEA Latitude = 74 10.51 S
* NMEA Longitude = 113 20.67 W
* NMEA UTC (Time) = Jan 26 2022  19:28:49
* NMEA baud rate = 9600
** Ship: RVIB N.B. Palmer
** Cruise: NBP2202 Thwaites
** Station: YoYo001
** Operator: A. Robinson
# nquan = 25
# nvalues = 607                         
# units = specified
# name 0 = prDM: Pressure, Digiquartz [db]
# name 1 = depSM: Depth [salt water, m]
# name 2 = t090C: Temperature [ITS-90, deg C]
# name 3 = c0mS/cm: Conductivity [mS/cm]
# name 4 = t190C: Temperature, 2 [ITS-90, deg C]
# name 5 = c1mS/cm: Conductivity, 2 [mS/cm]
# name 6 = sbeox0ML/L: Oxygen, SBE 43 [ml/l]
# name 7 = sbeox1ML/L: Oxygen, SBE 43, 2 [ml/l]
# name 8 = flECO-AFL: Fluorescence, WET Labs ECO-AFL/FL [mg/m^3]
# name 9 = CStarTr0: Beam Transmission, WET Labs C-Star [%]
# name 10 = par: PAR/Irradiance, Biospherical/Licor
# name 11 = latitude: Latitude [deg]
# name 12 = longitude: Longitude [deg]
# name 13 = timeJ: Julian Days
# name 14 = altM: Altimeter [m]
# name 15 = spar: SPAR, Biospherical/Licor
# name 16 = timeS: Time, Elapsed [seconds]
# name 17 = scan: Scan Count
# name 18 = density00: Density [density, kg/m^3]
# name 19 = density11: Density, 2 [density, kg/m^3]
# name 20 = sal00: Salinity, Practical [PSU]
# name 21 = sal11: Salinity, Practical, 2 [PSU]
# name 22 = oxsolML/L: Oxygen Saturation, Garcia & Gordon [ml/l]
# name 23 = nbin: number of scans per bin
# name 24 = flag: flag
# span 0 =     10.000,    616.000       
# span 1 =      9.896,    608.716       
# span 2 =    -1.5914,     0.0936       
# span 3 =  26.945219,  28.926688       
# span 4 =    -1.5903,     0.0958       
# span 5 =  26.945036,  28.925757       
# span 6 =     4.6928,     8.6205       
# span 7 =     4.7668,     8.6552       
# span 8 =    -0.0224,    25.5656       
# span 9 =    68.9818,    95.7174       
# span 10 = 1.0000e-12, 5.9402e+01      
# span 11 =  -74.17530,  -74.17528      
# span 12 = -113.34462, -113.34459      
# span 13 =  26.812179,  26.820902      
# span 14 =       4.34,      99.99      
# span 15 = 1.5228e+03, 1.8128e+03      
# span 16 =     43.224,    796.929      
# span 17 =       1038,      19127      
# span 18 =  1027.2136,  1030.5176      
# span 19 =  1027.2181,  1030.5152      
# span 20 =    33.7827,    34.3813      
# span 21 =    33.7872,    34.3786      
# span 22 =    8.02534,    8.41677      
# span 23 =         19,         43      
# span 24 = 0.0000e+00, 0.0000e+00      
# interval = decibars: 1                
# start_time = Jan 26 2022 19:28:49 [NMEA time, header]
# bad_flag = -9.990e-29
*END*
[from data line 464]
    474.000    468.557    -0.1006  28.653147    -0.0987  28.652687     4.7783     4.8583    -0.0098    95.0385 1.0000e-12  -74.17530 -113.34460  26.818424      99.87 1.6080e+03    582.855      13990  1029.8113  1029.8089    34.3181    34.3154    8.06969         27 0.0000e+00
    475.000    469.546    -0.0999  28.654933    -0.0978  28.654810     4.7789     4.8586    -0.0108    95.0286 1.0000e-12  -74.17530 -113.34460  26.818437      99.86 1.6134e+03    583.982      14017  1029.8167  1029.8146    34.3191    34.3166    8.06948         28 0.0000e+00
    476.000    470.533    -0.0969  28.659358    -0.0950  28.658977     4.7752     4.8539    -0.0029    95.0477 1.0000e-12  -74.17530 -113.34460  26.818450      98.60 1.6094e+03    585.105      14044  1029.8227  1029.8204    34.3210    34.3183    8.06874         26 0.0000e+00
    477.000    471.519    -0.0918  28.666039    -0.0896  28.665653     4.7669     4.8508    -0.0012    95.0433 1.0000e-12  -74.17530 -113.34460  26.818463      93.87 1.5995e+03    586.244      14071  1029.8290  1029.8265    34.3235    34.3206    8.06752         28 0.0000e+00
    478.000    472.507    -0.0839  28.675445    -0.0819  28.674920     4.7664     4.8431    -0.0022    95.0608 1.0000e-12  -74.17530 -113.34460  26.818477      98.35 1.6069e+03    587.394      14098  1029.8355  1029.8330    34.3265    34.3237    8.06568         28 0.0000e+00
    479.000    473.493    -0.0797  28.680290    -0.0772  28.680260     4.7662     4.8436    -0.0108    95.0698 1.0000e-12  -74.17530 -113.34460  26.818490      99.88 1.6024e+03    588.553      14126  1029.8408  1029.8384    34.3277    34.3249    8.06473         27 0.0000e+00
    480.000    474.483    -0.0788  28.681474    -0.0768  28.681268     4.7669     4.8477    -0.0169    95.0450 1.0000e-12  -74.17530 -113.34460  26.818503      99.87 1.5987e+03    589.698      14154  1029.8455  1029.8433    34.3277    34.3251    8.06455         28 0.0000e+00
    481.000    475.469    -0.0800  28.680844    -0.0788  28.679735     4.7661     4.8404    -0.0153    95.0459 1.0000e-12  -74.17530 -113.34460  26.818517      99.87 1.5995e+03    590.833      14181  1029.8503  1029.8480    34.3275    34.3248    8.06480         27 0.0000e+00
    482.000    476.456    -0.0801  28.681159    -0.0771  28.681798     4.7659     4.8391    -0.0081    95.0798 1.0000e-12  -74.17530 -113.34461  26.818530      99.86 1.5959e+03    591.976      14208  1029.8550  1029.8528    34.3275    34.3250    8.06482         27 0.0000e+00
    483.000    477.445    -0.0788  28.682801    -0.0765  28.682878     4.7668     4.8425    -0.0057    95.0632 1.0000e-12  -74.17530 -113.34460  26.818543      99.88 1.5803e+03    593.125      14236  1029.8599  1029.8577    34.3277    34.3252    8.06455         29 0.0000e+00
    484.000    478.431    -0.0789  28.683147    -0.0765  28.683317     4.7579     4.8430    -0.0160    95.0716 1.0000e-12  -74.17530 -113.34462  26.818556      99.87 1.5759e+03    594.279      14264  1029.8646  1029.8624    34.3276    34.3252    8.06457         27 0.0000e+00
    485.000    479.419    -0.0775  28.684837    -0.0755  28.684601     4.7619     4.8383    -0.0127    95.0418 1.0000e-12  -74.17530 -113.34460  26.818570      99.86 1.5733e+03    595.428      14291  1029.8693  1029.8671    34.3277    34.3252    8.06427         28 0.0000e+00
    486.000    480.405    -0.0761  28.686569    -0.0742  28.686239     4.7595     4.8364    -0.0147    95.0468 1.0000e-12  -74.17530 -113.34461  26.818583      99.87 1.5907e+03    596.567      14319  1029.8740  1029.8718    34.3278    34.3253    8.06396         27 0.0000e+00
    487.000    481.395    -0.0756  28.687577    -0.0733  28.687536     4.7602     4.8386    -0.0096    95.0525 1.0000e-12  -74.17530 -113.34461  26.818596      89.56 1.5794e+03    597.700      14346  1029.8789  1029.8766    34.3280    34.3254    8.06385         27 0.0000e+00
    488.000    482.380    -0.0748  28.689037    -0.0729  28.688576     4.7544     4.8399    -0.0066    95.0391 1.0000e-12  -74.17530 -113.34461  26.818609      85.51 1.5836e+03    598.842      14373  1029.8839  1029.8816    34.3285    34.3257    8.06365         27 0.0000e+00
    489.000    483.368    -0.0738  28.690449    -0.0717  28.690221     4.7526     4.8290    -0.0088    95.0443 1.0000e-12  -74.17530 -113.34461  26.818623      98.67 1.5941e+03    599.991      14401  1029.8886  1029.8864    34.3286    34.3259    8.06343         28 0.0000e+00
    490.000    484.355    -0.0721  28.692917    -0.0699  28.692725     4.7492     4.8301    -0.0095    95.0342 1.0000e-12  -74.17530 -113.34460  26.818636      99.87 1.6049e+03    601.147      14429  1029.8939  1029.8916    34.3294    34.3267    8.06303         28 0.0000e+00
    491.000    485.342    -0.0698  28.696133    -0.0677  28.695987     4.7437     4.8291    -0.0017    95.0545 1.0000e-12  -74.17530 -113.34462  26.818649      99.87 1.6206e+03    602.295      14456  1029.8994  1029.8971    34.3305    34.3279    8.06249         27 0.0000e+00
    492.000    486.329    -0.0688  28.697947    -0.0667  28.697635     4.7482     4.8224    -0.0023    95.0236 1.0000e-12  -74.17530 -113.34460  26.818662      99.86 1.6212e+03    603.430      14483  1029.9045  1029.9022    34.3312    34.3284    8.06223         27 0.0000e+00
    493.000    487.318    -0.0665  28.700857    -0.0645  28.700531     4.7472     4.8301    -0.0064    95.0074 1.0000e-12  -74.17530 -113.34461  26.818676      99.87 1.6139e+03    604.565      14511  1029.9096  1029.9073    34.3319    34.3292    8.06171         28 0.0000e+00
    494.000    488.303    -0.0664  28.701627    -0.0643  28.701335     4.7469     4.8278    -0.0034    94.9629 1.0000e-12  -74.17530 -113.34461  26.818689      99.87 1.6204e+03    605.708      14538  1029.9147  1029.9124    34.3322    34.3295    8.06168         27 0.0000e+00
    495.000    489.293    -0.0666  28.701842    -0.0646  28.701590     4.7457     4.8231    -0.0083    94.9355 1.0000e-12  -74.17530 -113.34462  26.818702      99.87 1.6203e+03    606.865      14566  1029.9193  1029.9171    34.3321    34.3295    8.06172         28 0.0000e+00
    496.000    490.279    -0.0664  28.702569    -0.0643  28.702243     4.7484     4.8250    -0.0033    94.9403 1.0000e-12  -74.17530 -113.34462  26.818715      99.87 1.6274e+03    608.016      14593  1029.9241  1029.9219    34.3322    34.3295    8.06166         28 0.0000e+00
    497.000    491.266    -0.0655  28.703888    -0.0635  28.703589     4.7491     4.8267    -0.0087    94.9655 1.0000e-12  -74.17530 -113.34462  26.818729      99.87 1.6241e+03    609.153      14621  1029.9290  1029.9268    34.3324    34.3298    8.06147         27 0.0000e+00
    498.000    492.254    -0.0639  28.706296    -0.0615  28.706337     4.7480     4.8272    -0.0110    94.9380 1.0000e-12  -74.17530 -113.34462  26.818742      99.87 1.6254e+03    610.296      14648  1029.9342  1029.9320    34.3332    34.3306    8.06109         27 0.0000e+00
    499.000    493.241    -0.0626  28.708163    -0.0606  28.707900     4.7476     4.8236    -0.0158    94.9477 1.0000e-12  -74.17530 -113.34462  26.818755      86.59 1.6167e+03    611.454      14676  1029.9392  1029.9370    34.3336    34.3311    8.06079         29 0.0000e+00
    500.000    494.229    -0.0622  28.708906    -0.0602  28.708714     4.7459     4.8200    -0.0097    94.9505 1.0000e-12  -74.17530 -113.34461  26.818769      96.53 1.5994e+03    612.613      14704  1029.9439  1029.9418    34.3336    34.3311    8.06071         27 0.0000e+00
    501.000    495.214    -0.0617  28.709962    -0.0595  28.709959     4.7463     4.8196    -0.0093    94.9206 1.0000e-12  -74.17530 -113.34461  26.818782      99.91 1.5852e+03    613.766      14731  1029.9488  1029.9466    34.3338    34.3313    8.06059         27 0.0000e+00
    502.000    496.203    -0.0597  28.712679    -0.0580  28.711883     4.7516     4.8231    -0.0096    94.9133 1.0000e-12  -74.17530 -113.34461  26.818795      99.87 1.5897e+03    614.888      14758  1029.9539  1029.9515    34.3346    34.3317    8.06013         27 0.0000e+00
    503.000    497.190    -0.0577  28.715316    -0.0552  28.715491     4.7497     4.8253    -0.0147    94.9257 1.0000e-12  -74.17530 -113.34460  26.818808      99.86 1.5874e+03    615.993      14785  1029.9590  1029.9567    34.3353    34.3327    8.05967         27 0.0000e+00
    504.000    498.177    -0.0557  28.718014    -0.0538  28.717627     4.7466     4.8265    -0.0041    94.9360 1.0000e-12  -74.17530 -113.34460  26.818821      99.87 1.5753e+03    617.105      14812  1029.9642  1029.9620    34.3360    34.3334    8.05921         27 0.0000e+00
    505.000    499.165    -0.0548  28.719391    -0.0529  28.719038     4.7462     4.8268    -0.0105    94.9030 1.0000e-12  -74.17530 -113.34460  26.818834      99.87 1.5909e+03    618.258      14839  1029.9690  1029.9669    34.3362    34.3337    8.05900         28 0.0000e+00
    506.000    500.152    -0.0533  28.721618    -0.0512  28.721429     4.7443     4.8273    -0.0085    94.9091 1.0000e-12  -74.17528 -113.34460  26.818848      99.86 1.5913e+03    619.434      14867  1029.9742  1029.9720    34.3369    34.3343    8.05865         28 0.0000e+00
    507.000    501.138    -0.0533  28.722032    -0.0512  28.721774     4.7458     4.8269    -0.0063    94.9095 1.0000e-12  -74.17528 -113.34460  26.818861      99.87 1.5940e+03    620.589      14895  1029.9789  1029.9767    34.3368    34.3342    8.05864         27 0.0000e+00
    508.000    502.126    -0.0530  28.722766    -0.0509  28.722666     4.7452     4.8280    -0.0137    94.9010 1.0000e-12  -74.17528 -113.34460  26.818874      99.87 1.5893e+03    621.703      14922  1029.9837  1029.9815    34.3369    34.3344    8.05859         26 0.0000e+00
    509.000    503.113    -0.0515  28.724912    -0.0495  28.724616     4.7443     4.8257    -0.0066    94.9057 1.0000e-12  -74.17528 -113.34460  26.818886      99.87 1.5952e+03    622.791      14948  1029.9887  1029.9865    34.3374    34.3348    8.05823         27 0.0000e+00
    510.000    504.100    -0.0514  28.725447    -0.0493  28.725096     4.7496     4.8256    -0.0139    94.8905 1.0000e-12  -74.17528 -113.34460  26.818899      81.07 1.6029e+03    623.910      14975  1029.9935  1029.9912    34.3375    34.3347    8.05822         27 0.0000e+00
    511.000    505.089    -0.0510  28.726191    -0.0491  28.725884     4.7448     4.8212    -0.0014    94.9175 1.0000e-12  -74.17528 -113.34460  26.818913      89.68 1.5993e+03    625.080      15003  1029.9982  1029.9960    34.3375    34.3349    8.05814         29 0.0000e+00
    512.000    506.075    -0.0503  28.727514    -0.0485  28.726894     4.7489     4.8196    -0.0062    94.9123 1.0000e-12  -74.17528 -113.34460  26.818927      99.79 1.6006e+03    626.284      15032  1030.0031  1030.0008    34.3378    34.3350    8.05797         29 0.0000e+00
    513.000    507.062    -0.0473  28.731308    -0.0449  28.731439     4.7414     4.8219    -0.0138    94.9081 1.0000e-12  -74.17528 -113.34460  26.818941      99.86 1.6054e+03    627.490      15061  1030.0084  1030.0063    34.3389    34.3364    8.05727         28 0.0000e+00
    514.000    508.049    -0.0473  28.731699    -0.0455  28.731335     4.7417     4.8215    -0.0166    94.9137 1.0000e-12  -74.17528 -113.34460  26.818954      99.87 1.6024e+03    628.656      15089  1030.0132  1030.0110    34.3388    34.3364    8.05728         28 0.0000e+00
    515.000    509.037    -0.0466  28.733027    -0.0447  28.732708     4.7413     4.8196    -0.0063    94.9140 1.0000e-12  -74.17528 -113.34460  26.818967      99.86 1.5903e+03    629.776      15116  1030.0181  1030.0160    34.3392    34.3367    8.05711         26 0.0000e+00
    516.000    510.023    -0.0440  28.736640    -0.0419  28.736277     4.7427     4.8239    -0.0123    94.9067 1.0000e-12  -74.17528 -113.34460  26.818980      99.87 1.5704e+03    630.876      15142  1030.0236  1030.0213    34.3405    34.3377    8.05649         27 0.0000e+00
    517.000    511.010    -0.0420  28.739323    -0.0398  28.739259     4.7381     4.8161    -0.0112    94.9086 1.0000e-12  -74.17528 -113.34460  26.818993      99.87 1.5707e+03    631.989      15169  1030.0288  1030.0266    34.3412    34.3386    8.05603         27 0.0000e+00
    518.000    511.999    -0.0411  28.740718    -0.0392  28.740368     4.7400     4.8159    -0.0142    94.9173 1.0000e-12  -74.17528 -113.34460  26.819006      99.87 1.5742e+03    633.133      15196  1030.0337  1030.0315    34.3415    34.3389    8.05582         28 0.0000e+00
    519.000    512.985    -0.0383  28.744544    -0.0363  28.744029     4.7393     4.8153    -0.0173    94.9201 1.0000e-12  -74.17528 -113.34460  26.819020      99.48 1.5768e+03    634.295      15224  1030.0392  1030.0368    34.3428    34.3399    8.05516         28 0.0000e+00
    520.000    513.972    -0.0348  28.748723    -0.0333  28.747914     4.7335     4.8163    -0.0166    94.9048 1.0000e-12  -74.17528 -113.34460  26.819033      99.20 1.5777e+03    635.454      15252  1030.0445  1030.0421    34.3438    34.3410    8.05437         27 0.0000e+00
    521.000    514.960    -0.0295  28.754797    -0.0271  28.754678     4.7368     4.8172    -0.0104    94.9163 1.0000e-12  -74.17528 -113.34460  26.819046      98.68 1.5540e+03    636.594      15279  1030.0500  1030.0475    34.3454    34.3425    8.05317         27 0.0000e+00
    522.000    515.947    -0.0222  28.763078    -0.0202  28.762906     4.7362     4.8181    -0.0095    94.9174 1.0000e-12  -74.17528 -113.34460  26.819059      98.72 1.5474e+03    637.731      15307  1030.0558  1030.0536    34.3475    34.3450    8.05151         28 0.0000e+00
    523.000    516.934    -0.0212  28.764658    -0.0191  28.764286     4.7280     4.8125    -0.0009    94.9383 1.0000e-12  -74.17528 -113.34460  26.819073      98.13 1.5554e+03    638.883      15334  1030.0608  1030.0584    34.3479    34.3450    8.05127         27 0.0000e+00
    524.000    517.921    -0.0163  28.770558    -0.0142  28.770204     4.7307     4.8140    -0.0096    94.9061 1.0000e-12  -74.17528 -113.34460  26.819086      97.04 1.5516e+03    640.029      15362  1030.0666  1030.0641    34.3496    34.3468    8.05015         28 0.0000e+00
    525.000    518.908    -0.0063  28.781830    -0.0042  28.781456     4.7274     4.8126    -0.0020    94.9152 1.0000e-12  -74.17528 -113.34460  26.819099      96.14 1.5320e+03    641.167      15389  1030.0729  1030.0705    34.3527    34.3499    8.04787         27 0.0000e+00
    526.000    519.896    -0.0030  28.785882    -0.0012  28.785320     4.7315     4.8033    -0.0165    94.9172 1.0000e-12  -74.17528 -113.34460  26.819112      95.12 1.5356e+03    642.299      15416  1030.0783  1030.0759    34.3538    34.3510    8.04712         27 0.0000e+00
    527.000    520.883     0.0008  28.790263     0.0029  28.789902     4.7268     4.8041    -0.0150    94.9303 1.0000e-12  -74.17528 -113.34460  26.819125      94.58 1.5361e+03    643.440      15444  1030.0835  1030.0811    34.3547    34.3519    8.04626         28 0.0000e+00
    528.000    521.869     0.0064  28.796295     0.0083  28.795734     4.7223     4.7998    -0.0031    94.9549 1.0000e-12  -74.17528 -113.34460  26.819139      93.19 1.5561e+03    644.596      15471  1030.0887  1030.0863    34.3559    34.3530    8.04503         28 0.0000e+00
    529.000    522.857     0.0112  28.801641     0.0130  28.800964     4.7185     4.8027    -0.0102    94.9360 1.0000e-12  -74.17528 -113.34460  26.819152      92.28 1.5603e+03    645.757      15499  1030.0940  1030.0915    34.3570    34.3541    8.04395         28 0.0000e+00
    530.000    523.845     0.0144  28.805302     0.0164  28.804923     4.7176     4.8042    -0.0115    94.9419 1.0000e-12  -74.17528 -113.34460  26.819166      91.04 1.5465e+03    646.912      15527  1030.0990  1030.0967    34.3576    34.3549    8.04324         27 0.0000e+00
