ocean_section_plots/required_files/ctd/dnbp2202_ctd251.cnv
* Sea-Bird SBE 9 Data File:
* FileName = D:\Data\raw\NBP2202_CTD251.hex
* Software Version Seasave V 7.26.7.121
* Temperature SN = 1649
* Conductivity SN = 2513
* Number of Bytes Per Scan = 40
* Number of Voltage Words = 5
* Number of Scans Averaged by the Deck Unit = 1
* NMEA Latitude = 74 00.34 S
* NMEA Longitude = 118 17.88 W
* NMEA UTC (Time) = Feb 15 2022  10:35:00
* NMEA baud rate = 9600
** Ship: RVIB N.B. Palmer
** Cruise: NBP2202 Thwaites
** Station: 159
** Operator: B. Bjork
# nquan = 28
# nvalues = 1100                        
# units = specified
# name 0 = prDM: Pressure, Digiquartz [db]
# name 1 = depSM: Depth [salt water, m]
# name 2 = t090C: Temperature [ITS-90, deg C]
# name 3 = c0mS/cm: Conductivity [mS/cm]
# name 4 = t190C: Temperature, 2 [ITS-90, deg C]
# name 5 = c1mS/cm: Conductivity, 2 [mS/cm]
# name 6 = sbeox0ML/L: Oxygen, SBE 43 [ml/l]
# name 7 = sbeox1ML/L: Oxygen, SBE 43, 2 [ml/l]
# name 8 = flECO-AFL: Fluorescence, WET Labs ECO-AFL/FL [mg/m^3]
# name 9 = CStarTr0: Beam Transmission, WET Labs C-Star [%]
# name 10 = par: PAR/Irradiance, Biospherical/Licor
# name 11 = latitude: Latitude [deg]
# name 12 = longitude: Longitude [deg]
# name 13 = timeJ: Julian Days
# name 14 = altM: Altimeter [m]
# name 15 = spar: SPAR, Biospherical/Licor
# name 16 = timeS: Time, Elapsed [seconds]
# name 17 = scan: Scan Count
# name 18 = density00: Density [density, kg/m^3]
# name 19 = density11: Density, 2 [density, kg/m^3]
# name 20 = v3: Voltage 3
# name 21 = v4: Voltage 4
# name 22 = v5: Voltage 5
# name 23 = sal00: Salinity, Practical [PSU]
# name 24 = sal11: Salinity, Practical, 2 [PSU]
# name 25 = oxsolML/L: Oxygen Saturation, Garcia & Gordon [ml/l]
# name 26 = nbin: number of scans per bin
# name 27 = flag: flag
# span 0 =      3.000,   1102.000       
# span 1 =      2.974,   1087.720       
# span 2 =    -1.7667,     0.6629       
# span 3 =  26.899899,  29.764679       
# span 4 =    -1.7662,     0.6656       
# span 5 =  26.900309,  29.765110       
# span 6 =     4.6360,     9.1177       
# span 7 =     4.7313,     9.4333       
# span 8 =    -0.0151,    14.4943       
# span 9 =    84.1765,    97.1635       
# span 10 = 1.0000e-12, 9.5482e+00      
# span 11 =  -74.00568,  -74.00566      
# span 12 = -118.29814, -118.29808      
# span 13 =  46.442606,  46.457740      
# span 14 =       3.98,     100.14      
# span 15 = 4.1100e+01, 6.3475e+01      
# span 16 =    141.162,   1448.729      
# span 17 =       3389,      34770      
# span 18 =  1027.1702,  1032.8854      
# span 19 =  1027.1741,  1032.8834      
# span 20 =     3.9934,     4.6093      
# span 21 =     0.0664,     2.2448      
# span 22 =     0.1089,     0.2142      
# span 23 =    33.8065,    34.5624      
# span 24 =    33.8105,    34.5603      
# span 25 =    7.89779,    8.45352      
# span 26 =         21,         47      
# span 27 = 0.0000e+00, 0.0000e+00      
# interval = decibars: 1                
# start_time = Feb 15 2022 10:35:00 [NMEA time, header]
# bad_flag = -9.990e-29
*END*
[from data line 52]
     55.000     54.424    -0.1938  28.008741    -0.1946  28.009314     9.1156     9.4096    10.9543    87.5271 1.0000e-12  -74.00566 -118.29814  46.443874      99.47 4.5835e+01    250.676       6017  1027.4235  1027.4248     4.1525     1.4749     0.1830    33.8171    33.8188    8.11790         42 0.0000e+00
     56.000     55.416    -0.1932  28.009406    -0.1951  28.009521     9.1095     9.4242     9.9740    87.1439 1.0000e-12  -74.00566 -118.29814  46.443900      98.41 4.5835e+01    252.958       6072  1027.4280  1027.4299     4.1339     1.2322     0.1545    33.8168    33.8190    8.11781         38 0.0000e+00
     57.000     56.404    -0.1928  28.010368    -0.1937  28.011048     9.0973     9.4114    11.2698    87.8439 1.0000e-12  -74.00566 -118.29814  46.443924      99.42 4.5835e+01    255.053       6122  1027.4329  1027.4344     4.1670     1.6149     0.1606    33.8170    33.8189    8.11771         43 0.0000e+00
     58.000     57.392    -0.2013  28.002941    -0.2055  28.002024     9.0906     9.4089     8.8503    86.7319 1.0000e-12  -74.00566 -118.29814  46.443949      99.53 4.5835e+01    257.151       6173  1027.4374  1027.4404     4.1149     2.1737     0.1971    33.8159    33.8193    8.11958         43 0.0000e+00
     59.000     58.382    -0.2050  28.000622    -0.2070  28.000087     9.0916     9.4103     9.4623    86.8394 1.0000e-12  -74.00566 -118.29813  46.443974      99.46 4.5835e+01    259.378       6226  1027.4427  1027.4440     4.1200     1.4877     0.1663    33.8163    33.8178    8.12034         40 0.0000e+00
     60.000     59.371    -0.2139  27.992797    -0.2129  27.995430     9.1004     9.4017    10.6825    87.3721 1.0000e-12  -74.00566 -118.29812  46.443998      99.49 4.5835e+01    261.423       6275  1027.4472  1027.4490     4.1450     1.4495     0.1681    33.8152    33.8175    8.12231         40 0.0000e+00
     61.000     60.360    -0.2039  28.002506    -0.2043  28.003507     9.0996     9.4098     9.4999    86.4960 1.0000e-12  -74.00566 -118.29812  46.444023      99.60 4.6545e+01    263.592       6327  1027.4521  1027.4535     4.1045     1.4574     0.1833    33.8164    33.8182    8.12010         39 0.0000e+00
     62.000     61.350    -0.1982  28.008700    -0.1995  28.008826     9.0940     9.4036     8.8171    88.1086 1.0000e-12  -74.00566 -118.29812  46.444047      97.05 4.6739e+01    265.686       6377  1027.4575  1027.4590     4.1799     1.3937     0.1744    33.8177    33.8194    8.11881         43 0.0000e+00
     63.000     62.340    -0.2003  28.007727    -0.2020  28.007938     9.0871     9.3939     8.9844    87.4782 1.0000e-12  -74.00566 -118.29812  46.444066      98.20 4.6765e+01    267.341       6417  1027.4629  1027.4646     4.1500     1.5285     0.1667    33.8182    33.8203    8.11924         36 0.0000e+00
     64.000     63.328    -0.2012  28.007977    -0.2030  28.007693     9.0922     9.4092     9.8198    86.2144 1.0000e-12  -74.00566 -118.29812  46.444088      99.48 4.7359e+01    269.169       6461  1027.4683  1027.4696     4.0900     1.9234     0.1879    33.8189    33.8205    8.11939         43 0.0000e+00
     65.000     64.317    -0.2019  28.007872    -0.2029  28.008291     9.0907     9.3986    11.9651    87.1919 1.0000e-12  -74.00566 -118.29812  46.444110      99.50 4.7948e+01    271.092       6507  1027.4731  1027.4745     4.1365     1.3579     0.1629    33.8190    33.8206    8.11954         42 0.0000e+00
     66.000     65.307    -0.2007  28.009323    -0.2021  28.009495     9.0866     9.3889    10.7261    86.3778 1.0000e-12  -74.00566 -118.29812  46.444130      99.41 4.7845e+01    272.792       6548  1027.4778  1027.4793     4.0982     1.5707     0.1783    33.8189    33.8207    8.11928         36 0.0000e+00
     67.000     66.298    -0.2028  28.008757    -0.2039  28.008854     9.0796     9.3832    11.2396    87.5408 1.0000e-12  -74.00566 -118.29812  46.444150      99.47 4.8113e+01    274.581       6591  1027.4835  1027.4847     4.1536     1.3636     0.1618    33.8199    33.8213    8.11967         38 0.0000e+00
     68.000     67.286    -0.2012  28.011598    -0.2020  28.011897     9.0743     9.3815     9.8850    87.8640 1.0000e-12  -74.00566 -118.29812  46.444172      99.58 4.7556e+01    276.474       6636  1027.4892  1027.4903     4.1684     1.6057     0.1743    33.8212    33.8226    8.11924         37 0.0000e+00
     69.000     68.275    -0.2002  28.013000    -0.2015  28.012957     9.0749     9.3815    10.5292    87.0736 1.0000e-12  -74.00566 -118.29812  46.444196      95.82 4.8027e+01    278.561       6686  1027.4941  1027.4953     4.1315     1.6675     0.1669    33.8215    33.8228    8.11903         43 0.0000e+00
     70.000     69.263    -0.2005  28.013311    -0.2012  28.013785     9.0733     9.3821     9.2465    88.5066 1.0000e-12  -74.00566 -118.29812  46.444219      99.70 4.8491e+01    280.489       6733  1027.4990  1027.5001     4.1988     1.5199     0.1886    33.8216    33.8230    8.11908         40 0.0000e+00
     71.000     70.255    -0.1979  28.016502    -0.1987  28.016661     9.0726     9.3840     8.4186    87.1584 1.0000e-12  -74.00566 -118.29812  46.444241      99.49 4.8100e+01    282.407       6779  1027.5042  1027.5051     4.1350     1.2818     0.1731    33.8223    33.8234    8.11848         45 0.0000e+00
     72.000     71.243    -0.1965  28.018171    -0.1977  28.018286     9.0775     9.3724     7.7871    86.9774 1.0000e-12  -74.00566 -118.29812  46.444262      99.37 4.8333e+01    284.201       6822  1027.5089  1027.5101     4.1262     1.6743     0.1705    33.8224    33.8238    8.11818         36 0.0000e+00
     73.000     72.234    -0.1946  28.020858    -0.1959  28.020473     9.0672     9.3768     9.0077    87.1420 1.0000e-12  -74.00566 -118.29812  46.444282      99.49 4.8434e+01    285.941       6864  1027.5143  1027.5150     4.1341     1.3570     0.1842    33.8233    33.8241    8.11774         40 0.0000e+00
     74.000     73.221    -0.1891  28.026628    -0.1892  28.027076     9.0652     9.3759     9.9383    88.3619 1.0000e-12  -74.00566 -118.29811  46.444303      99.40 4.9504e+01    287.795       6908  1027.5194  1027.5200     4.1914     1.5345     0.1604    33.8242    33.8250    8.11650         38 0.0000e+00
     75.000     74.211    -0.1870  28.028916    -0.1869  28.030133     9.0724     9.3717    10.3554    87.7190 1.0000e-12  -74.00566 -118.29811  46.444323      99.42 4.9106e+01    289.523       6950  1027.5242  1027.5254     4.1615     1.4649     0.1776    33.8243    33.8259    8.11605         36 0.0000e+00
     76.000     75.200    -0.1727  28.043004    -0.1735  28.042402     9.0730     9.3745     9.0742    87.0850 1.0000e-12  -74.00566 -118.29811  46.444343      99.37 4.8461e+01    291.228       6990  1027.5297  1027.5299     4.1314     1.0725     0.1579    33.8266    33.8267    8.11287         42 0.0000e+00
     77.000     76.189    -0.1654  28.049962    -0.1685  28.048268     9.0744     9.3750    11.6679    85.9796 1.0000e-12  -74.00566 -118.29811  46.444365      97.35 4.9383e+01    293.145       7036  1027.5346  1027.5357     4.0794     1.5033     0.1843    33.8272    33.8283    8.11129         44 0.0000e+00
     78.000     77.180    -0.1649  28.050770    -0.1660  28.050821     9.0787     9.3729    12.6386    88.1602 1.0000e-12  -74.00566 -118.29811  46.444385      99.40 4.9361e+01    294.887       7078  1027.5394  1027.5404     4.1823     1.7474     0.1931    33.8271    33.8283    8.11120         35 0.0000e+00
     79.000     78.167    -0.1650  28.051343    -0.1658  28.051494     9.0731     9.3787    12.6441    87.3750 1.0000e-12  -74.00566 -118.29811  46.444404      99.44 4.9090e+01    296.501       7117  1027.5445  1027.5454     4.1451     1.4477     0.1671    33.8274    33.8284    8.11120         39 0.0000e+00
     80.000     79.160    -0.1649  28.051815    -0.1658  28.051940     9.0674     9.3733    11.0797    87.5204 1.0000e-12  -74.00566 -118.29811  46.444426      99.50 5.0794e+01    298.435       7163  1027.5493  1027.5502     4.1524     1.8950     0.1862    33.8273    33.8284    8.11119         31 0.0000e+00
     81.000     80.147    -0.1643  28.053023    -0.1656  28.052651     9.0696     9.3670    12.6928    87.2676 1.0000e-12  -74.00566 -118.29810  46.444447      99.55 4.9445e+01    300.217       7206  1027.5544  1027.5551     4.1400     1.8325     0.1907    33.8276    33.8285    8.11104         35 0.0000e+00
     82.000     81.136    -0.1648  28.053164    -0.1658  28.053122     9.0658     9.3613    12.1992    86.9633 1.0000e-12  -74.00566 -118.29810  46.444465      99.54 4.9454e+01    301.739       7243  1027.5593  1027.5602     4.1256     1.6280     0.1843    33.8277    33.8288    8.11113         38 0.0000e+00
     83.000     82.125    -0.1645  28.053924    -0.1652  28.054086     9.0686     9.3598    10.7128    86.5893 1.0000e-12  -74.00566 -118.29810  46.444486      99.47 5.0658e+01    303.606       7288  1027.5641  1027.5650     4.1077     1.4227     0.1878    33.8278    33.8288    8.11107         38 0.0000e+00
     84.000     83.114    -0.1647  28.054492    -0.1654  28.054641     9.0633     9.3548    10.6987    86.7527 1.0000e-12  -74.00566 -118.29810  46.444509      98.91 5.0336e+01    305.595       7335  1027.5693  1027.5700     4.1156     1.4852     0.1878    33.8282    33.8291    8.11109         36 0.0000e+00
     85.000     84.104    -0.1662  28.053995    -0.1676  28.053768     9.0453     9.3409    10.2955    88.0193 1.0000e-12  -74.00566 -118.29810  46.444531      99.50 4.9603e+01    307.469       7380  1027.5745  1027.5756     4.1756     1.6811     0.1623    33.8285    33.8298    8.11138         39 0.0000e+00
     86.000     85.094    -0.1718  28.050199    -0.1724  28.050393     9.0386     9.3382     9.9649    86.5649 1.0000e-12  -74.00566 -118.29810  46.444552      99.53 5.0591e+01    309.296       7424  1027.5801  1027.5810     4.1068     1.7083     0.1783    33.8291    33.8301    8.11254         38 0.0000e+00
     87.000     86.082    -0.1764  28.046722    -0.1758  28.048020     9.0343     9.3362     8.0839    85.9616 1.0000e-12  -74.00566 -118.29810  46.444570      99.44 5.0853e+01    310.812       7460  1027.5851  1027.5860     4.0782     1.5941     0.1654    33.8290    33.8301    8.11352         33 0.0000e+00
     88.000     87.072    -0.1757  28.048055    -0.1746  28.049626     9.0356     9.3332     9.6886    87.1905 1.0000e-12  -74.00566 -118.29810  46.444586      99.45 5.0830e+01    312.253       7495  1027.5902  1027.5907     4.1364     1.4479     0.1732    33.8294    33.8303    8.11336         35 0.0000e+00
     89.000     88.060    -0.1707  28.053070    -0.1714  28.053093     9.0366     9.3308     9.6329    85.8879 1.0000e-12  -74.00566 -118.29810  46.444603      99.39 5.1125e+01    313.692       7530  1027.5949  1027.5956     4.0747     1.6023     0.1558    33.8300    33.8307    8.11227         34 0.0000e+00
     90.000     89.050    -0.1704  28.053921    -0.1707  28.054325     9.0381     9.3268    10.2597    86.2592 1.0000e-12  -74.00566 -118.29810  46.444619      99.45 5.1124e+01    315.086       7563  1027.5998  1027.6006     4.0923     1.4415     0.1606    33.8301    33.8310    8.11219         33 0.0000e+00
     91.000     90.039    -0.1703  28.054390    -0.1711  28.054448     9.0369     9.3302    10.8434    87.0557 1.0000e-12  -74.00566 -118.29810  46.444635      99.47 5.1124e+01    316.462       7596  1027.6045  1027.6053     4.1300     1.5547     0.1824    33.8301    33.8310    8.11217         33 0.0000e+00
     92.000     91.028    -0.1709  28.054299    -0.1715  28.054462     9.0349     9.3253    10.1108    87.8001 1.0000e-12  -74.00566 -118.29810  46.444651      99.41 5.1124e+01    317.869       7630  1027.6093  1027.6100     4.1653     1.5099     0.1931    33.8300    33.8309    8.11231         34 0.0000e+00
     93.000     92.018    -0.1709  28.054960    -0.1713  28.055210     9.0375     9.3317    11.1515    86.0932 1.0000e-12  -74.00566 -118.29810  46.444667      96.69 5.1124e+01    319.246       7663  1027.6143  1027.6149     4.0843     1.5398     0.1641    33.8303    33.8311    8.11229         33 0.0000e+00
     94.000     93.006    -0.1691  28.057426    -0.1697  28.057468     9.0265     9.3231    10.5443    87.6936 1.0000e-12  -74.00566 -118.29810  46.444683      99.46 5.1124e+01    320.604       7695  1027.6195  1027.6200     4.1603     1.4429     0.1591    33.8309    33.8316    8.11187         32 0.0000e+00
     95.000     93.996    -0.1690  28.058276    -0.1694  28.058512     9.0111     9.3096    11.9736    87.6659 1.0000e-12  -74.00566 -118.29810  46.444699      99.50 5.1124e+01    322.015       7729  1027.6246  1027.6252     4.1589     1.9328     0.1673    33.8314    33.8321    8.11182         36 0.0000e+00
     96.000     94.985    -0.1713  28.057297    -0.1719  28.057431     9.0066     9.3008    10.7402    86.7909 1.0000e-12  -74.00566 -118.29810  46.444716      99.44 5.1124e+01    323.474       7764  1027.6300  1027.6308     4.1175     1.5378     0.1727    33.8320    33.8329    8.11227         34 0.0000e+00
     97.000     95.975    -0.1719  28.057435    -0.1724  28.057616     9.0092     9.3011    10.0927    86.9666 1.0000e-12  -74.00566 -118.29810  46.444732      99.51 5.1124e+01    324.880       7798  1027.6351  1027.6357     4.1258     1.7731     0.1613    33.8323    33.8330    8.11239         31 0.0000e+00
     98.000     96.963    -0.1714  28.058342    -0.1721  28.058240     9.0013     9.2916     9.5619    86.2582 1.0000e-12  -74.00566 -118.29810  46.444748      99.48 5.1124e+01    326.250       7831  1027.6398  1027.6403     4.0922     1.3277     0.1781    33.8323    33.8329    8.11227         34 0.0000e+00
     99.000     97.953    -0.1688  28.061737    -0.1674  28.063518     8.9915     9.2645    12.1027    86.8019 1.0000e-12  -74.00566 -118.29810  46.444764      99.41 5.1124e+01    327.652       7865  1027.6452  1027.6457     4.1180     1.4920     0.1746    33.8333    33.8341    8.11166         33 0.0000e+00
    100.000     98.943    -0.1651  28.066028    -0.1668  28.065231     8.9904     9.2657    10.6552    87.2019 1.0000e-12  -74.00566 -118.29810  46.444781      99.45 5.1124e+01    329.084       7899  1027.6505  1027.6513     4.1370     1.3807     0.1709    33.8343    33.8351    8.11082         35 0.0000e+00
    101.000     99.930    -0.1676  28.064344    -0.1669  28.065436     8.9885     9.2814    11.1821    87.1904 1.0000e-12  -74.00566 -118.29810  46.444798      99.42 5.1331e+01    330.515       7933  1027.6554  1027.6559     4.1364     1.5570     0.1869    33.8342    33.8349    8.11135         34 0.0000e+00
    102.000    100.920    -0.1672  28.065435    -0.1669  28.065881     8.9876     9.2846     9.1119    86.1539 1.0000e-12  -74.00566 -118.29810  46.444814      95.46 5.2570e+01    331.927       7967  1027.6605  1027.6607     4.0873     1.6930     0.1873    33.8346    33.8350    8.11125         31 0.0000e+00
    103.000    101.909    -0.1667  28.066209    -0.1672  28.066355     8.9929     9.2823     9.6255    86.5687 1.0000e-12  -74.00566 -118.29810  46.444830      97.90 5.1618e+01    333.273       8000  1027.6652  1027.6657     4.1069     1.7331     0.1780    33.8346    33.8352    8.11116         32 0.0000e+00
    104.000    102.899    -0.1650  28.068188    -0.1658  28.068000     8.9885     9.2818    10.1868    85.4843 1.0000e-12  -74.00566 -118.29810  46.444845      99.35 5.1128e+01    334.615       8032  1027.6699  1027.6704     4.0552     1.8236     0.1773    33.8347    33.8353    8.11078         31 0.0000e+00
    105.000    103.888    -0.1657  28.068087    -0.1659  28.068371     8.9844     9.2824     9.7632    84.7640 1.0000e-12  -74.00566 -118.29810  46.444862      99.45 5.1701e+01    336.039       8066  1027.6747  1027.6752     4.0216     1.4166     0.1702    33.8347    33.8353    8.11092         34 0.0000e+00
