ocean_section_plots/required_files/ctd/dnbp2202_ctd100.cnv
* Sea-Bird SBE 9 Data File:
* FileName = D:\Data\raw\NBP2202_CTD100.hex
* Software Version Seasave V 7.26.7.121
* Temperature SN = 1649
* Conductivity SN = 2513
* Number of Bytes Per Scan = 40
* Number of Voltage Words = 5
* Number of Scans Averaged by the Deck Unit = 1
* NMEA Latitude = 74 10.51 S
* NMEA Longitude = 113 20.67 W
* NMEA UTC (Time) = Jan 27 2022  02:26:09
* NMEA baud rate = 9600
** Ship: RVIB N.B. Palmer
** Cruise: NBP2202 Thwaites
** Station: YoYo001
** Operator: A. Robinson
# nquan = 25
# nvalues = 608                         
# units = specified
# name 0 = prDM: Pressure, Digiquartz [db]
# name 1 = depSM: Depth [salt water, m]
# name 2 = t090C: Temperature [ITS-90, deg C]
# name 3 = c0mS/cm: Conductivity [mS/cm]
# name 4 = t190C: Temperature, 2 [ITS-90, deg C]
# name 5 = c1mS/cm: Conductivity, 2 [mS/cm]
# name 6 = sbeox0ML/L: Oxygen, SBE 43 [ml/l]
# name 7 = sbeox1ML/L: Oxygen, SBE 43, 2 [ml/l]
# name 8 = flECO-AFL: Fluorescence, WET Labs ECO-AFL/FL [mg/m^3]
# name 9 = CStarTr0: Beam Transmission, WET Labs C-Star [%]
# name 10 = par: PAR/Irradiance, Biospherical/Licor
# name 11 = latitude: Latitude [deg]
# name 12 = longitude: Longitude [deg]
# name 13 = timeJ: Julian Days
# name 14 = altM: Altimeter [m]
# name 15 = spar: SPAR, Biospherical/Licor
# name 16 = timeS: Time, Elapsed [seconds]
# name 17 = scan: Scan Count
# name 18 = density00: Density [density, kg/m^3]
# name 19 = density11: Density, 2 [density, kg/m^3]
# name 20 = sal00: Salinity, Practical [PSU]
# name 21 = sal11: Salinity, Practical, 2 [PSU]
# name 22 = oxsolML/L: Oxygen Saturation, Garcia & Gordon [ml/l]
# name 23 = nbin: number of scans per bin
# name 24 = flag: flag
# span 0 =     10.000,    617.000       
# span 1 =      9.896,    609.708       
# span 2 =    -1.4983,     0.0737       
# span 3 =  26.947155,  28.908402       
# span 4 =    -1.4975,     0.0759       
# span 5 =  26.691400,  28.703842       
# span 6 =     4.6881,     8.8854       
# span 7 =     4.7403,     8.8431       
# span 8 =    -0.0225,    25.2161       
# span 9 =    70.0251,    95.5620       
# span 10 = -1.161e-07, 1.8596e+01      
# span 11 =  -74.17528,  -74.17528      
# span 12 = -113.34460, -113.34454      
# span 13 =  27.102383,  27.112084      
# span 14 =       4.53,     100.34      
# span 15 = 5.4026e+02, 5.6965e+02      
# span 16 =     76.901,    915.030      
# span 17 =       1847,      21962      
# span 18 =  1027.1982,  1030.5203      
# span 19 =  1026.8761,  1030.3042      
# span 20 =    33.7747,    34.3771      
# span 21 =    33.3795,    34.1070      
# span 22 =    8.02972,    8.40399      
# span 23 =         19,         47      
# span 24 = 0.0000e+00, 0.0000e+00      
# interval = decibars: 1                
# start_time = Jan 27 2022 02:26:09 [NMEA time, header]
# bad_flag = -9.990e-29
*END*
[from data line 232]
    242.000    239.356    -0.7651  27.807191    -0.7635  27.553718     4.9947     5.0555    -0.0137    95.2872 1.0000e-12  -74.17528 -113.34456  27.106061      99.87 5.6067e+02    394.699       9474  1028.5479  1028.2699    34.0719    33.7277    8.22637         27 0.0000e+00
    243.000    240.343    -0.7626  27.810384    -0.7608  27.557175     4.9890     5.0575    -0.0187    95.2751 1.0000e-12  -74.17528 -113.34456  27.106075      99.86 5.6236e+02    395.851       9501  1028.5534  1028.2755    34.0728    33.7288    8.22577         28 0.0000e+00
    244.000    241.333    -0.7567  27.816948    -0.7549  27.563695     4.9896     5.0566    -0.0161    95.2769 1.0000e-12  -74.17528 -113.34456  27.106088      99.87 5.6061e+02    397.015       9529  1028.5593  1028.2813    34.0744    33.7304    8.22440         28 0.0000e+00
    245.000    242.321    -0.7527  27.821396    -0.7510  27.568362     4.9861     5.0427    -0.0211    95.2908 1.0000e-12  -74.17528 -113.34456  27.106102      99.87 5.6047e+02    398.194       9558  1028.5647  1028.2870    34.0754    33.7317    8.22348         28 0.0000e+00
    246.000    243.309    -0.7504  27.824278    -0.7489  27.571165     4.9844     5.0407    -0.0139    95.2777 1.0000e-12  -74.17528 -113.34456  27.106115      99.87 5.6188e+02    399.371       9586  1028.5699  1028.2925    34.0760    33.7326    8.22293         28 0.0000e+00
    247.000    244.298    -0.7462  27.829212    -0.7445  27.576210     4.9824     5.0416    -0.0073    95.2629 1.0000e-12  -74.17528 -113.34456  27.106129      99.87 5.6077e+02    400.543       9614  1028.5756  1028.2982    34.0774    33.7340    8.22194         28 0.0000e+00
    248.000    245.285    -0.7446  27.831662    -0.7430  27.578864     4.9866     5.0398    -0.0162    95.2631 1.0000e-12  -74.17528 -113.34456  27.106142      69.55 5.6041e+02    401.701       9642  1028.5811  1028.3040    34.0782    33.7352    8.22154         28 0.0000e+00
    249.000    246.276    -0.7425  27.834410    -0.7408  27.581574     4.9840     5.0454    -0.0150    95.2659 1.0000e-12  -74.17528 -113.34456  27.106156      89.28 5.6186e+02    402.856       9670  1028.5864  1028.3092    34.0789    33.7358    8.22103         28 0.0000e+00
    250.000    247.263    -0.7386  27.838815    -0.7370  27.586141     4.9784     5.0454    -0.0116    95.2631 1.0000e-12  -74.17528 -113.34456  27.106169      80.26 5.6090e+02    404.034       9698  1028.5919  1028.3149    34.0800    33.7371    8.22014         28 0.0000e+00
    251.000    248.251    -0.7355  27.842787    -0.7337  27.590087     4.9795     5.0367    -0.0132    95.2665 1.0000e-12  -74.17528 -113.34456  27.106183      92.23 5.6060e+02    405.216       9726  1028.5975  1028.3204    34.0812    33.7382    8.21939         29 0.0000e+00
    252.000    249.240    -0.7296  27.849785    -0.7276  27.596999     4.9761     5.0346    -0.0179    95.2531 1.0000e-12  -74.17528 -113.34456  27.106197      99.80 5.6172e+02    406.386       9754  1028.6037  1028.3264    34.0834    33.7401    8.21798         28 0.0000e+00
    253.000    250.229    -0.7245  27.855731    -0.7228  27.603152     4.9792     5.0393    -0.0127    95.2694 1.0000e-12  -74.17528 -113.34455  27.106210      99.87 5.6179e+02    407.547       9782  1028.6096  1028.3328    34.0851    33.7424    8.21677         28 0.0000e+00
    254.000    251.217    -0.7212  27.859432    -0.7193  27.606726     4.9684     5.0260    -0.0173    95.2569 1.0000e-12  -74.17528 -113.34455  27.106224      99.87 5.6074e+02    408.711       9810  1028.6147  1028.3377    34.0858    33.7428    8.21601         28 0.0000e+00
    255.000    252.206    -0.7182  27.863286    -0.7162  27.610758     4.9734     5.0302    -0.0195    95.2558 1.0000e-12  -74.17528 -113.34455  27.106237      99.86 5.6122e+02    409.882       9838  1028.6203  1028.3434    34.0870    33.7440    8.21529         28 0.0000e+00
    256.000    253.194    -0.7130  27.869674    -0.7114  27.617423     4.9718     5.0304    -0.0117    95.2512 1.0000e-12  -74.17528 -113.34455  27.106251      99.87 5.6142e+02    411.051       9866  1028.6266  1028.3504    34.0891    33.7471    8.21403         28 0.0000e+00
    257.000    254.181    -0.7147  27.868664    -0.7132  27.616673     4.9681     5.0258    -0.0139    95.2653 1.0000e-12  -74.17528 -113.34456  27.106264      99.87 5.6073e+02    412.211       9894  1028.6316  1028.3557    34.0891    33.7475    8.21441         27 0.0000e+00
    258.000    255.171    -0.7096  27.874868    -0.7078  27.622184     4.9687     5.0232    -0.0190    95.2659 1.0000e-12  -74.17528 -113.34454  27.106277      99.86 5.6111e+02    413.361       9922  1028.6376  1028.3608    34.0910    33.7483    8.21318         28 0.0000e+00
    259.000    256.159    -0.7048  27.879881    -0.7032  27.627802     4.9576     5.0179    -0.0145    95.2576 1.0000e-12  -74.17528 -113.34455  27.106291      99.87 5.6174e+02    414.528       9950  1028.6428  1028.3668    34.0919    33.7501    8.21210         28 0.0000e+00
    260.000    257.148    -0.6995  27.885606    -0.6961  27.634467     4.9498     5.0123    -0.0188    95.2363 1.0000e-12  -74.17528 -113.34455  27.106304      99.87 5.6103e+02    415.707       9978  1028.6481  1028.3715    34.0930    33.7506    8.21087         29 0.0000e+00
    261.000    258.135    -0.6905  27.894901    -0.6885  27.642709     4.9457     5.0084    -0.0197    95.2401 1.0000e-12  -74.17528 -113.34455  27.106318      97.49 5.6110e+02    416.880      10006  1028.6538  1028.3774    34.0948    33.7526    8.20882         28 0.0000e+00
    262.000    259.125    -0.6873  27.898633    -0.6857  27.646327     4.9458     5.0117    -0.0159    95.2402 1.0000e-12  -74.17528 -113.34455  27.106332      82.54 5.6191e+02    418.047      10034  1028.6591  1028.3831    34.0956    33.7538    8.20807         28 0.0000e+00
    263.000    260.112    -0.6863  27.900174    -0.6845  27.648210     4.9483     5.0060    -0.0161    95.2438 1.0000e-12  -74.17528 -113.34454  27.106345      97.97 5.6025e+02    419.211      10062  1028.6642  1028.3885    34.0959    33.7544    8.20783         28 0.0000e+00
    264.000    261.101    -0.6853  27.901724    -0.6835  27.649852     4.9460     5.0062    -0.0199    95.2395 1.0000e-12  -74.17528 -113.34456  27.106358      99.85 5.6073e+02    420.367      10090  1028.6692  1028.3936    34.0963    33.7549    8.20760         27 0.0000e+00
    265.000    262.088    -0.6830  27.904849    -0.6810  27.652889     4.9462     5.0074    -0.0150    95.2411 1.0000e-12  -74.17528 -113.34454  27.106372      99.87 5.6200e+02    421.533      10118  1028.6747  1028.3988    34.0973    33.7556    8.20703         28 0.0000e+00
    266.000    263.078    -0.6780  27.910645    -0.6760  27.658568     4.9391     5.0007    -0.0176    95.2336 1.0000e-12  -74.17528 -113.34454  27.106386      99.87 5.6066e+02    422.713      10146  1028.6805  1028.4045    34.0988    33.7571    8.20585         29 0.0000e+00
    267.000    264.065    -0.6734  27.916027    -0.6715  27.663836     4.9393     4.9987    -0.0135    95.2410 1.0000e-12  -74.17528 -113.34455  27.106399      99.86 5.6104e+02    423.886      10174  1028.6861  1028.4102    34.1003    33.7585    8.20477         28 0.0000e+00
    268.000    265.055    -0.6675  27.922617    -0.6656  27.670548     4.9382     4.9931    -0.0111    95.2100 1.0000e-12  -74.17528 -113.34456  27.106413      99.87 5.6235e+02    425.057      10202  1028.6919  1028.4162    34.1019    33.7604    8.20339         28 0.0000e+00
    269.000    266.042    -0.6650  27.925777    -0.6631  27.673914     4.9350     4.9941    -0.0116    95.2236 1.0000e-12  -74.17528 -113.34456  27.106426      99.87 5.6079e+02    426.229      10230  1028.6973  1028.4217    34.1028    33.7615    8.20282         28 0.0000e+00
    270.000    267.031    -0.6609  27.930860    -0.6590  27.678972     4.9389     4.9940    -0.0127    95.2374 1.0000e-12  -74.17528 -113.34456  27.106440      99.87 5.6073e+02    427.396      10259  1028.7031  1028.4276    34.1044    33.7632    8.20183         28 0.0000e+00
    271.000    268.020    -0.6590  27.933111    -0.6574  27.681550     4.9347     4.9917    -0.0186    95.2405 1.0000e-12  -74.17528 -113.34456  27.106453      99.87 5.6225e+02    428.556      10286  1028.7081  1028.4332    34.1047    33.7643    8.20140         27 0.0000e+00
    272.000    269.009    -0.6576  27.935261    -0.6560  27.683548     4.9307     4.9928    -0.0104    95.2458 1.0000e-12  -74.17528 -113.34456  27.106467      84.10 5.6114e+02    429.711      10314  1028.7134  1028.4384    34.1054    33.7647    8.20105         28 0.0000e+00
    273.000    269.996    -0.6559  27.937547    -0.6543  27.685849     4.9375     4.9972    -0.0021    95.2364 1.0000e-12  -74.17528 -113.34456  27.106480      86.67 5.6072e+02    430.868      10342  1028.7186  1028.4436    34.1060    33.7653    8.20066         28 0.0000e+00
    274.000    270.984    -0.6529  27.941668    -0.6512  27.690254     4.9393     4.9980    -0.0027    95.2448 1.0000e-12  -74.17528 -113.34456  27.106493      99.92 5.6167e+02    432.024      10370  1028.7245  1028.4498    34.1076    33.7672    8.19992         28 0.0000e+00
    275.000    271.973    -0.6531  27.942394    -0.6514  27.691074     4.9467     4.9988    -0.0074    95.2274 1.0000e-12  -74.17528 -113.34456  27.106507      99.87 5.6154e+02    433.182      10397  1028.7298  1028.4552    34.1082    33.7680    8.19993         28 0.0000e+00
    276.000    272.961    -0.6514  27.944823    -0.6498  27.693523     4.9374     5.0039    -0.0205    95.2273 1.0000e-12  -74.17528 -113.34456  27.106520      99.86 5.6060e+02    434.349      10425  1028.7351  1028.4606    34.1089    33.7688    8.19950         28 0.0000e+00
    277.000    273.950    -0.6503  27.946376    -0.6486  27.695385     4.9363     5.0018    -0.0156    95.2255 1.0000e-12  -74.17528 -113.34456  27.106534      99.87 5.6141e+02    435.506      10453  1028.7400  1028.4658    34.1092    33.7694    8.19926         28 0.0000e+00
    278.000    274.937    -0.6499  27.947279    -0.6481  27.696353     4.9313     4.9950    -0.0155    95.2209 1.0000e-12  -74.17528 -113.34456  27.106547      99.86 5.6160e+02    436.672      10481  1028.7450  1028.4707    34.1093    33.7696    8.19916         28 0.0000e+00
    279.000    275.927    -0.6495  27.948128    -0.6479  27.697338     4.9264     4.9934    -0.0104    95.2254 1.0000e-12  -74.17528 -113.34456  27.106561      99.87 5.6086e+02    437.845      10509  1028.7497  1028.4759    34.1094    33.7700    8.19906         28 0.0000e+00
    280.000    276.915    -0.6431  27.955542    -0.6414  27.704281     4.9283     4.9971    -0.0031    95.2300 1.0000e-12  -74.17528 -113.34456  27.106574      99.88 5.6129e+02    439.013      10537  1028.7559  1028.4814    34.1116    33.7716    8.19756         28 0.0000e+00
    281.000    277.902    -0.6388  27.960862    -0.6368  27.710133     4.9210     4.9953    -0.0027    95.2282 1.0000e-12  -74.17528 -113.34456  27.106588      99.87 5.6192e+02    440.190      10566  1028.7617  1028.4876    34.1133    33.7737    8.19652         28 0.0000e+00
    282.000    278.892    -0.6296  27.971552    -0.6277  27.720088     4.9227     4.9907    -0.0096    95.2347 1.0000e-12  -74.17528 -113.34456  27.106601      99.86 5.6110e+02    441.362      10594  1028.7686  1028.4939    34.1167    33.7763    8.19433         28 0.0000e+00
    283.000    279.880    -0.6203  27.981573    -0.6187  27.730365     4.9230     4.9875    -0.0046    95.2365 1.0000e-12  -74.17528 -113.34456  27.106615      99.87 5.6148e+02    442.521      10621  1028.7747  1028.5006    34.1191    33.7795    8.19217         28 0.0000e+00
    284.000    280.868    -0.6188  27.983490    -0.6173  27.732750     4.9209     4.9884    -0.0116    95.2237 1.0000e-12  -74.17528 -113.34456  27.106628      85.37 5.6223e+02    443.678      10649  1028.7797  1028.5063    34.1194    33.7806    8.19183         28 0.0000e+00
    285.000    281.856    -0.6183  27.984649    -0.6165  27.733983     4.9190     4.9857    -0.0186    95.2443 1.0000e-12  -74.17528 -113.34456  27.106642      95.26 5.6092e+02    444.837      10677  1028.7848  1028.5112    34.1198    33.7808    8.19170         27 0.0000e+00
    286.000    282.842    -0.6178  27.985561    -0.6159  27.735260     4.9147     4.9791    -0.0126    95.2307 1.0000e-12  -74.17528 -113.34456  27.106655      99.96 5.6143e+02    446.000      10705  1028.7897  1028.5164    34.1199    33.7812    8.19159         28 0.0000e+00
    287.000    283.835    -0.6167  27.987081    -0.6153  27.736444     4.9197     4.9846    -0.0183    95.2266 1.0000e-12  -74.17528 -113.34456  27.106669      99.87 5.6230e+02    447.166      10733  1028.7946  1028.5214    34.1201    33.7815    8.19134         29 0.0000e+00
    288.000    284.821    -0.6162  27.988068    -0.6143  27.737927     4.9177     4.9760    -0.0117    95.2136 1.0000e-12  -74.17528 -113.34456  27.106682      99.87 5.6093e+02    448.341      10761  1028.7996  1028.5264    34.1203    33.7818    8.19123         28 0.0000e+00
    289.000    285.808    -0.6157  27.988965    -0.6138  27.738889     4.9229     4.9828    -0.0159    95.2186 1.0000e-12  -74.17528 -113.34456  27.106696      99.87 5.6093e+02    449.508      10789  1028.8044  1028.5313    34.1203    33.7819    8.19112         27 0.0000e+00
    290.000    286.798    -0.6157  27.989387    -0.6137  27.739674     4.9189     4.9829    -0.0115    95.2022 1.0000e-12  -74.17528 -113.34456  27.106709      99.86 5.6277e+02    450.664      10817  1028.8091  1028.5363    34.1202    33.7822    8.19111         28 0.0000e+00
    291.000    287.786    -0.6153  27.990238    -0.6135  27.740249     4.9136     4.9828    -0.0172    95.2061 1.0000e-12  -74.17528 -113.34456  27.106722      99.86 5.6109e+02    451.821      10845  1028.8140  1028.5412    34.1203    33.7823    8.19102         28 0.0000e+00
    292.000    288.775    -0.6140  27.992026    -0.6124  27.741947     4.9170     4.9813    -0.0192    95.2061 1.0000e-12  -74.17528 -113.34456  27.106736      99.88 5.6123e+02    452.980      10873  1028.8189  1028.5462    34.1206    33.7827    8.19072         28 0.0000e+00
    293.000    289.762    -0.6123  27.994137    -0.6107  27.744475     4.9106     4.9776    -0.0055    95.1964 1.0000e-12  -74.17528 -113.34456  27.106750      99.87 5.6260e+02    454.164      10901  1028.8239  1028.5516    34.1210    33.7835    8.19034         29 0.0000e+00
    294.000    290.750    -0.6109  27.996185    -0.6091  27.746436     4.9118     4.9784    -0.0112    95.2201 1.0000e-12  -74.17528 -113.34456  27.106763      96.73 5.6122e+02    455.361      10930  1028.8291  1028.5566    34.1216    33.7839    8.19000         29 0.0000e+00
    295.000    291.739    -0.6085  27.999300    -0.6067  27.749334     4.9109     4.9763    -0.0169    95.2061 1.0000e-12  -74.17528 -113.34456  27.106777      77.46 5.6135e+02    456.564      10959  1028.8343  1028.5616    34.1224    33.7845    8.18943         28 0.0000e+00
    296.000    292.727    -0.6058  28.002466    -0.6040  27.752956     4.9101     4.9791    -0.0186    95.1963 1.0000e-12  -74.17528 -113.34456  27.106791      95.92 5.6237e+02    457.757      10987  1028.8395  1028.5673    34.1231    33.7857    8.18881         29 0.0000e+00
    297.000    293.715    -0.6048  28.003861    -0.6032  27.754225     4.9141     4.9754    -0.0190    95.2118 1.0000e-12  -74.17528 -113.34456  27.106805      99.81 5.6156e+02    458.942      11016  1028.8443  1028.5722    34.1232    33.7859    8.18858         26 0.0000e+00
    298.000    294.703    -0.6038  28.005446    -0.6022  27.756137     4.9084     4.9670    -0.0118    95.1931 1.0000e-12  -74.17528 -113.34456  27.106818      99.87 5.6154e+02    460.114      11044  1028.8494  1028.5776    34.1237    33.7868    8.18835         28 0.0000e+00
