ocean_section_plots/required_files/ctd/dnbp2202_ctd028.cnv
* Sea-Bird SBE 9 Data File:
* FileName = D:\Data\raw\NBP2202_CTD028.hex
* Software Version Seasave V 7.26.7.121
* Temperature SN = 1649
* Conductivity SN = 2513
* Number of Bytes Per Scan = 40
* Number of Voltage Words = 5
* Number of Scans Averaged by the Deck Unit = 1
* NMEA Latitude = 74 13.82 S
* NMEA Longitude = 112 13.31 W
* NMEA UTC (Time) = Jan 21 2022  09:04:53
* NMEA baud rate = 9600
** Ship: RVIB N.B. Palmer
** Cruise: NBP2202 Thwaites
** Station: Tow-Yo #1
** Operator: B. Bjork
# nquan = 25
# nvalues = 988                         
# units = specified
# name 0 = prDM: Pressure, Digiquartz [db]
# name 1 = depSM: Depth [salt water, m]
# name 2 = t090C: Temperature [ITS-90, deg C]
# name 3 = c0mS/cm: Conductivity [mS/cm]
# name 4 = t190C: Temperature, 2 [ITS-90, deg C]
# name 5 = c1mS/cm: Conductivity, 2 [mS/cm]
# name 6 = sbeox0ML/L: Oxygen, SBE 43 [ml/l]
# name 7 = sbeox1ML/L: Oxygen, SBE 43, 2 [ml/l]
# name 8 = flECO-AFL: Fluorescence, WET Labs ECO-AFL/FL [mg/m^3]
# name 9 = CStarTr0: Beam Transmission, WET Labs C-Star [%]
# name 10 = par: PAR/Irradiance, Biospherical/Licor
# name 11 = latitude: Latitude [deg]
# name 12 = longitude: Longitude [deg]
# name 13 = timeJ: Julian Days
# name 14 = altM: Altimeter [m]
# name 15 = spar: SPAR, Biospherical/Licor
# name 16 = timeS: Time, Elapsed [seconds]
# name 17 = scan: Scan Count
# name 18 = density00: Density [density, kg/m^3]
# name 19 = density11: Density, 2 [density, kg/m^3]
# name 20 = sal00: Salinity, Practical [PSU]
# name 21 = sal11: Salinity, Practical, 2 [PSU]
# name 22 = oxsolML/L: Oxygen Saturation, Garcia & Gordon [ml/l]
# name 23 = nbin: number of scans per bin
# name 24 = flag: flag
# span 0 =     10.000,    997.000       
# span 1 =      9.895,    984.317       
# span 2 =    -1.4993,     0.5232       
# span 3 =  27.085834,  29.592257       
# span 4 =    -1.4978,     0.5255       
# span 5 =  27.085756,  29.592164       
# span 6 =     4.5647,     7.9749       
# span 7 =     4.7910,     8.3895       
# span 8 =    -0.0147,    19.2465       
# span 9 =    73.5865,    98.2679       
# span 10 = 1.0000e-12, 4.9355e+00      
# span 11 =  -74.23050,  -74.23008      
# span 12 = -112.22185, -112.21406      
# span 13 =  21.378769,  21.394158      
# span 14 =       7.29,     100.05      
# span 15 = 6.2582e+02, 7.0092e+02      
# span 16 =     32.644,   1362.259      
# span 17 =        784,      32695      
# span 18 =  1027.2364,  1032.4026      
# span 19 =  1027.2346,  1032.4002      
# span 20 =    33.8009,    34.5526      
# span 21 =    33.7985,    34.5499      
# span 22 =    7.92686,    8.39300      
# span 23 =         25,         60      
# span 24 = 0.0000e+00, 0.0000e+00      
# interval = decibars: 1                
# start_time = Jan 21 2022 09:04:53 [NMEA time, header]
# bad_flag = -9.990e-29
*END*
[from data line 406]
    416.000    411.279    -1.1934  27.605825    -1.1926  27.604947     5.8919     6.2054     0.0143    98.1958 1.0000e-12  -74.23024 -112.21856  21.385491      99.88 6.5476e+02    613.462      14724  1029.4829  1029.4811    34.1766    34.1744    8.31451         29 0.0000e+00
    417.000    412.267    -1.1975  27.604483    -1.1955  27.604546     5.8890     6.2046     0.0145    98.1974 1.0000e-12  -74.23024 -112.21854  21.385506      99.86 6.5526e+02    614.684      14753  1029.4898  1029.4879    34.1788    34.1766    8.31529         30 0.0000e+00
    418.000    413.255    -1.1870  27.615359    -1.1864  27.613896     5.8670     6.1923     0.0082    98.1798 1.0000e-12  -74.23024 -112.21854  21.385520      99.87 6.5476e+02    615.912      14783  1029.4957  1029.4935    34.1811    34.1784    8.31283         29 0.0000e+00
    419.000    414.243    -1.1755  27.626437    -1.1734  27.626400     5.8491     6.1725     0.0135    98.1691 1.0000e-12  -74.23022 -112.21854  21.385534      99.87 6.5458e+02    617.127      14812  1029.5009  1029.4988    34.1826    34.1801    8.31019         29 0.0000e+00
    420.000    415.231    -1.1577  27.642936    -1.1559  27.642796     5.8393     6.1537     0.0150    98.1682 1.0000e-12  -74.23022 -112.21852  21.385548      99.87 6.5440e+02    618.326      14841  1029.5059  1029.5039    34.1843    34.1820    8.30615         29 0.0000e+00
    421.000    416.217    -1.1486  27.652088    -1.1459  27.652574     5.8121     6.1339     0.0203    98.1966 1.0000e-12  -74.23022 -112.21851  21.385562      99.87 6.5536e+02    619.539      14870  1029.5113  1029.5092    34.1858    34.1833    8.30403         29 0.0000e+00
    422.000    417.207    -1.1264  27.673140    -1.1245  27.672817     5.7764     6.0975     0.0234    98.2074 1.0000e-12  -74.23022 -112.21850  21.385576      99.86 6.5580e+02    620.765      14899  1029.5169  1029.5147    34.1887    34.1861    8.29894         29 0.0000e+00
    423.000    418.194    -1.0883  27.708763    -1.0837  27.710771     5.7454     6.0645     0.0329    98.1811 1.0000e-12  -74.23022 -112.21850  21.385590      99.87 6.5579e+02    621.981      14929  1029.5228  1029.5205    34.1933    34.1908    8.29023         29 0.0000e+00
    424.000    419.180    -1.0636  27.732117    -1.0619  27.731453     5.7346     6.0433     0.0154    98.2176 1.0000e-12  -74.23022 -112.21850  21.385605      98.87 6.5579e+02    623.258      14959  1029.5287  1029.5263    34.1965    34.1937    8.28460         30 0.0000e+00
    425.000    420.169    -1.0526  27.742382    -1.0505  27.742386     5.7217     6.0278     0.0118    98.2274 1.0000e-12  -74.23022 -112.21848  21.385620      86.57 6.5579e+02    624.584      14991  1029.5338  1029.5317    34.1975    34.1950    8.28212         33 0.0000e+00
    426.000    421.156    -1.0413  27.753561    -1.0370  27.755110     5.6961     6.0009     0.0073    98.2177 1.0000e-12  -74.23022 -112.21848  21.385636      99.74 6.5579e+02    625.929      15023  1029.5395  1029.5370    34.1992    34.1965    8.27952         30 0.0000e+00
    427.000    422.145    -1.0148  27.777912    -1.0120  27.778406     5.6789     5.9850     0.0174    98.1952 1.0000e-12  -74.23022 -112.21848  21.385651      99.84 6.5579e+02    627.262      15055  1029.5447  1029.5425    34.2017    34.1991    8.27354         28 0.0000e+00
    428.000    423.132    -1.0054  27.787241    -1.0018  27.788085     5.6683     5.9814     0.0107    98.1962 1.0000e-12  -74.23022 -112.21846  21.385667      99.87 6.5579e+02    628.618      15088  1029.5503  1029.5477    34.2031    34.2002    8.27138         33 0.0000e+00
    429.000    424.119    -0.9988  27.793415    -0.9992  27.790847     5.6300     5.9424     0.0145    98.1846 1.0000e-12  -74.23022 -112.21845  21.385683      99.87 6.5579e+02    629.984      15121  1029.5552  1029.5529    34.2033    34.2003    8.26990         33 0.0000e+00
    430.000    425.106    -0.9577  27.832774    -0.9530  27.834380     5.5671     5.8776     0.0154    98.1803 1.0000e-12  -74.23022 -112.21844  21.385698      99.87 6.5579e+02    631.332      15153  1029.5622  1029.5594    34.2097    34.2065    8.26051         32 0.0000e+00
    431.000    426.094    -0.8986  27.888132    -0.8928  27.890554     5.4992     5.8069     0.0198    98.1657 1.0000e-12  -74.23022 -112.21844  21.385714      99.87 6.5579e+02    632.688      15186  1029.5689  1029.5659    34.2172    34.2139    8.24710         32 0.0000e+00
    432.000    427.083    -0.8421  27.940660    -0.8378  27.941546     5.4567     5.7578     0.0075    98.1634 1.0000e-12  -74.23022 -112.21843  21.385730      99.87 6.5574e+02    634.044      15218  1029.5752  1029.5721    34.2237    34.2202    8.23435         33 0.0000e+00
    433.000    428.069    -0.8053  27.974287    -0.8017  27.975113     5.4309     5.7368     0.0033    98.1418 1.0000e-12  -74.23022 -112.21842  21.385745      99.87 6.5514e+02    635.383      15250  1029.5806  1029.5780    34.2270    34.2241    8.22613         32 0.0000e+00
    434.000    429.057    -0.7844  27.994170    -0.7810  27.994609     5.4208     5.7164     0.0122    98.1505 1.0000e-12  -74.23022 -112.21841  21.385761      82.33 6.5546e+02    636.732      15283  1029.5866  1029.5839    34.2297    34.2265    8.22142         32 0.0000e+00
    435.000    430.045    -0.7676  28.009850    -0.7650  28.009605     5.4022     5.6993     0.0136    98.1618 1.0000e-12  -74.23022 -112.21840  21.385776      95.98 6.5546e+02    638.081      15315  1029.5920  1029.5894    34.2312    34.2280    8.21767         32 0.0000e+00
    436.000    431.033    -0.7508  28.025729    -0.7476  28.026033     5.3932     5.6885     0.0101    98.1196 1.0000e-12  -74.23022 -112.21840  21.385792      99.90 6.5607e+02    639.404      15347  1029.5977  1029.5950    34.2331    34.2300    8.21390         32 0.0000e+00
    437.000    432.020    -0.7403  28.035684    -0.7388  28.034373     5.3841     5.6674     0.0158    98.1509 1.0000e-12  -74.23021 -112.21840  21.385807      99.86 6.5473e+02    640.747      15379  1029.6030  1029.6003    34.2341    34.2306    8.21156         33 0.0000e+00
    438.000    433.006    -0.7299  28.045555    -0.7271  28.045577     5.3558     5.6446     0.0223    98.1368 1.0000e-12  -74.23020 -112.21839  21.385823      99.87 6.5496e+02    642.103      15411  1029.6084  1029.6056    34.2350    34.2319    8.20925         32 0.0000e+00
    439.000    433.995    -0.7039  28.070493    -0.7005  28.070624     5.3281     5.6186     0.0163    98.1222 1.0000e-12  -74.23020 -112.21838  21.385838      99.87 6.5629e+02    643.439      15444  1029.6144  1029.6114    34.2386    34.2351    8.20338         32 0.0000e+00
    440.000    434.982    -0.6821  28.090655    -0.6796  28.090235     5.3077     5.5953     0.0156    98.1158 1.0000e-12  -74.23020 -112.21838  21.385854      99.87 6.5601e+02    644.782      15476  1029.6196  1029.6168    34.2407    34.2373    8.19855         32 0.0000e+00
    441.000    435.971    -0.6549  28.116263    -0.6531  28.115196     5.2888     5.5741     0.0243    98.1290 1.0000e-12  -74.23020 -112.21836  21.385870      99.87 6.5539e+02    646.132      15508  1029.6253  1029.6224    34.2439    34.2404    8.19247         32 0.0000e+00
    442.000    436.957    -0.6433  28.127380    -0.6399  28.127930     5.2759     5.5554     0.0248    98.1052 1.0000e-12  -74.23020 -112.21835  21.385885      99.87 6.5663e+02    647.449      15540  1029.6307  1029.6279    34.2451    34.2420    8.18988         32 0.0000e+00
    443.000    437.945    -0.6295  28.140478    -0.6273  28.140018     5.2600     5.5418     0.0351    98.0862 1.0000e-12  -74.23020 -112.21834  21.385900      99.87 6.5686e+02    648.792      15572  1029.6360  1029.6333    34.2465    34.2434    8.18680         33 0.0000e+00
    444.000    438.933    -0.6168  28.152950    -0.6138  28.152887     5.2306     5.5137     0.0226    98.0807 1.0000e-12  -74.23020 -112.21834  21.385916      90.02 6.5579e+02    650.161      15605  1029.6417  1029.6388    34.2484    34.2450    8.18396         33 0.0000e+00
    445.000    439.921    -0.5854  28.183276    -0.5818  28.183522     5.1819     5.4664     0.0366    98.0828 1.0000e-12  -74.23020 -112.21833  21.385932      97.17 6.5606e+02    651.512      15637  1029.6482  1029.6449    34.2532    34.2494    8.17691         32 0.0000e+00
    446.000    440.908    -0.5399  28.226768    -0.5356  28.227439     5.1286     5.4089     0.0269    98.0492 1.0000e-12  -74.23020 -112.21833  21.385947      99.86 6.5667e+02    652.849      15669  1029.6549  1029.6514    34.2596    34.2557    8.16671         32 0.0000e+00
    447.000    441.895    -0.4823  28.281497    -0.4782  28.282170     5.0981     5.3793     0.0260    98.0939 1.0000e-12  -74.23020 -112.21832  21.385963      99.86 6.5579e+02    654.206      15702  1029.6619  1029.6586    34.2676    34.2639    8.15387         33 0.0000e+00
    448.000    442.883    -0.4575  28.304979    -0.4535  28.305854     5.0843     5.3568     0.0241    98.0718 1.0000e-12  -74.23020 -112.21831  21.385979      99.87 6.5579e+02    655.549      15734  1029.6677  1029.6647    34.2706    34.2672    8.14837         32 0.0000e+00
    449.000    443.870    -0.4424  28.319436    -0.4405  28.318488     5.0765     5.3496     0.0212    98.0700 1.0000e-12  -74.23020 -112.21830  21.385994      99.87 6.5579e+02    656.876      15766  1029.6733  1029.6705    34.2722    34.2689    8.14502         32 0.0000e+00
    450.000    444.858    -0.4332  28.328134    -0.4316  28.327059     5.0781     5.3432     0.0203    98.0591 1.0000e-12  -74.23020 -112.21828  21.386010      99.86 6.5579e+02    658.224      15798  1029.6785  1029.6759    34.2730    34.2698    8.14302         33 0.0000e+00
    451.000    445.844    -0.4320  28.329868    -0.4295  28.329486     5.0570     5.3198     0.0172    98.0650 1.0000e-12  -74.23020 -112.21828  21.386025      99.87 6.5579e+02    659.559      15830  1029.6840  1029.6812    34.2733    34.2700    8.14273         31 0.0000e+00
    452.000    446.834    -0.4010  28.359858    -0.3977  28.359908     5.0343     5.2993     0.0143    98.0540 1.0000e-12  -74.23020 -112.21828  21.386040      99.87 6.5579e+02    660.885      15862  1029.6904  1029.6872    34.2780    34.2743    8.13583         32 0.0000e+00
    453.000    447.820    -0.3708  28.389772    -0.3691  28.388622     5.0391     5.2973     0.0224    98.0434 1.0000e-12  -74.23020 -112.21828  21.386056      83.97 6.5579e+02    662.239      15895  1029.6975  1029.6946    34.2834    34.2799    8.12906         33 0.0000e+00
    454.000    448.808    -0.3741  28.386643    -0.3704  28.387671     5.0449     5.3034     0.0225    98.0494 1.0000e-12  -74.23020 -112.21827  21.386072      89.76 6.5624e+02    663.580      15927  1029.7023  1029.6998    34.2823    34.2796    8.12983         31 0.0000e+00
    455.000    449.796    -0.3797  28.381442    -0.3777  28.380713     5.0447     5.3008     0.0209    98.0385 1.0000e-12  -74.23020 -112.21826  21.386087      99.28 6.5722e+02    664.887      15958  1029.7069  1029.7042    34.2811    34.2778    8.13110         31 0.0000e+00
    456.000    450.782    -0.3800  28.382449    -0.3778  28.381825     5.0465     5.3068     0.0227    98.0573 1.0000e-12  -74.23020 -112.21824  21.386102      99.86 6.5750e+02    666.208      15990  1029.7129  1029.7102    34.2821    34.2789    8.13110         33 0.0000e+00
    457.000    451.770    -0.3774  28.386591    -0.3753  28.385894     5.0504     5.3084     0.0203    97.9663 1.0000e-12  -74.23020 -112.21824  21.386117      99.87 6.5706e+02    667.549      16022  1029.7193  1029.7166    34.2841    34.2809    8.13042         32 0.0000e+00
    458.000    452.757    -0.3784  28.385935    -0.3762  28.385171     5.0462     5.3145     0.0158    98.0338 1.0000e-12  -74.23020 -112.21824  21.386133      99.87 6.5866e+02    668.883      16054  1029.7241  1029.7212    34.2838    34.2803    8.13066         30 0.0000e+00
    459.000    453.746    -0.3786  28.387560    -0.3758  28.387370     5.0395     5.2979     0.0207    98.0211 1.0000e-12  -74.23020 -112.21824  21.386148      99.86 6.5681e+02    670.209      16086  1029.7305  1029.7276    34.2856    34.2822    8.13060         31 0.0000e+00
    460.000    454.732    -0.3628  28.403796    -0.3602  28.403353     5.0170     5.2821     0.0205    98.0371 1.0000e-12  -74.23020 -112.21823  21.386164      99.87 6.5717e+02    671.531      16118  1029.7367  1029.7338    34.2889    34.2854    8.12703         32 0.0000e+00
    461.000    455.720    -0.3422  28.424389    -0.3383  28.425196     4.9880     5.2518     0.0209    97.9943 1.0000e-12  -74.23019 -112.21822  21.386179      99.87 6.5762e+02    672.862      16150  1029.7430  1029.7400    34.2927    34.2894    8.12243         30 0.0000e+00
    462.000    456.709    -0.3120  28.454497    -0.3105  28.452622     4.9611     5.2286     0.0280    98.0404 1.0000e-12  -74.23018 -112.21822  21.386195      99.87 6.5668e+02    674.212      16182  1029.7498  1029.7464    34.2982    34.2941    8.11565         27 0.0000e+00
    463.000    457.694    -0.2862  28.478910    -0.2838  28.478364     4.9451     5.2094     0.0201    98.0285 1.0000e-12  -74.23018 -112.21821  21.386210      89.49 6.5567e+02    675.550      16214  1029.7551  1029.7522    34.3012    34.2978    8.10999         31 0.0000e+00
    464.000    458.683    -0.2701  28.495595    -0.2683  28.494239     4.9257     5.1856     0.0209    98.0265 1.0000e-12  -74.23018 -112.21820  21.386225      87.82 6.5441e+02    676.863      16246  1029.7617  1029.7584    34.3048    34.3009    8.10637         32 0.0000e+00
    465.000    459.670    -0.2439  28.520937    -0.2390  28.522823     4.9191     5.1769     0.0462    98.0208 1.0000e-12  -74.23018 -112.21820  21.386241      99.91 6.5419e+02    678.193      16278  1029.7675  1029.7647    34.3085    34.3055    8.10058         32 0.0000e+00
    466.000    460.658    -0.2374  28.527471    -0.2348  28.527119     4.9214     5.1702     0.0260    98.0208 1.0000e-12  -74.23018 -112.21818  21.386256      99.87 6.5585e+02    679.522      16310  1029.7727  1029.7699    34.3093    34.3059    8.09915         29 0.0000e+00
    467.000    461.644    -0.2375  28.527752    -0.2360  28.526477     4.9221     5.1759     0.0188    98.0249 1.0000e-12  -74.23018 -112.21818  21.386271      99.87 6.5684e+02    680.819      16341  1029.7778  1029.7750    34.3092    34.3058    8.09918         32 0.0000e+00
    468.000    462.634    -0.2346  28.530984    -0.2327  28.529965     4.9138     5.1638     0.0138    98.0244 1.0000e-12  -74.23018 -112.21818  21.386286      99.87 6.5652e+02    682.126      16372  1029.7829  1029.7800    34.3096    34.3061    8.09853         29 0.0000e+00
    469.000    463.618    -0.2307  28.535415    -0.2270  28.536043     4.9061     5.1586     0.0216    98.0105 1.0000e-12  -74.23018 -112.21817  21.386302      99.87 6.5579e+02    683.455      16404  1029.7884  1029.7854    34.3106    34.3072    8.09766         33 0.0000e+00
    470.000    464.608    -0.2146  28.550792    -0.2131  28.549788     4.9042     5.1577     0.0237    98.0301 1.0000e-12  -74.23018 -112.21816  21.386317      99.87 6.5568e+02    684.778      16436  1029.7934  1029.7909    34.3124    34.3093    8.09414         31 0.0000e+00
    471.000    465.594    -0.2221  28.544312    -0.2194  28.544033     4.8941     5.1467     0.0211    98.0232 1.0000e-12  -74.23018 -112.21815  21.386332      99.88 6.5725e+02    686.113      16468  1029.7985  1029.7956    34.3116    34.3082    8.09578         30 0.0000e+00
    472.000    466.581    -0.2025  28.564127    -0.2007  28.562923     4.8832     5.1378     0.0194    98.0191 1.0000e-12  -74.23018 -112.21814  21.386348      99.86 6.5707e+02    687.455      16500  1029.8047  1029.8016    34.3154    34.3117    8.09141         33 0.0000e+00
