ocean_section_plots/required_files/ctd/dnbp2202_ctd241.cnv
* Sea-Bird SBE 9 Data File:
* FileName = D:\Data\raw\NBP2202_CTD241.hex
* Software Version Seasave V 7.26.7.121
* Temperature SN = 1649
* Conductivity SN = 2513
* Number of Bytes Per Scan = 40
* Number of Voltage Words = 5
* Number of Scans Averaged by the Deck Unit = 1
* NMEA Latitude = 73 52.86 S
* NMEA Longitude = 118 44.34 W
* NMEA UTC (Time) = Feb 14 2022  21:52:28
* NMEA baud rate = 9600
** Ship: RVIB N.B. Palmer
** Cruise: NBP2202 Thwaites
** Station: 151
** Operator: A. Robinson
# nquan = 28
# nvalues = 679                         
# units = specified
# name 0 = prDM: Pressure, Digiquartz [db]
# name 1 = depSM: Depth [salt water, m]
# name 2 = t090C: Temperature [ITS-90, deg C]
# name 3 = c0mS/cm: Conductivity [mS/cm]
# name 4 = t190C: Temperature, 2 [ITS-90, deg C]
# name 5 = c1mS/cm: Conductivity, 2 [mS/cm]
# name 6 = sbeox0ML/L: Oxygen, SBE 43 [ml/l]
# name 7 = sbeox1ML/L: Oxygen, SBE 43, 2 [ml/l]
# name 8 = flECO-AFL: Fluorescence, WET Labs ECO-AFL/FL [mg/m^3]
# name 9 = CStarTr0: Beam Transmission, WET Labs C-Star [%]
# name 10 = par: PAR/Irradiance, Biospherical/Licor
# name 11 = latitude: Latitude [deg]
# name 12 = longitude: Longitude [deg]
# name 13 = timeJ: Julian Days
# name 14 = altM: Altimeter [m]
# name 15 = spar: SPAR, Biospherical/Licor
# name 16 = timeS: Time, Elapsed [seconds]
# name 17 = scan: Scan Count
# name 18 = density00: Density [density, kg/m^3]
# name 19 = density11: Density, 2 [density, kg/m^3]
# name 20 = v3: Voltage 3
# name 21 = v4: Voltage 4
# name 22 = v5: Voltage 5
# name 23 = sal00: Salinity, Practical [PSU]
# name 24 = sal11: Salinity, Practical, 2 [PSU]
# name 25 = oxsolML/L: Oxygen Saturation, Garcia & Gordon [ml/l]
# name 26 = nbin: number of scans per bin
# name 27 = flag: flag
# span 0 =      1.000,    679.000       
# span 1 =      0.992,    670.884       
# span 2 =    -1.6854,     0.3879       
# span 3 =  27.022613,  29.296171       
# span 4 =    -1.6861,     0.3901       
# span 5 =  27.022799,  29.296223       
# span 6 =     4.7949,     9.2098       
# span 7 =     4.9392,     9.5697       
# span 8 =    -0.0196,    11.2707       
# span 9 =    84.3353,    97.4871       
# span 10 = -2.081e-06, 1.0919e+03      
# span 11 =  -73.88114,  -73.88112      
# span 12 = -118.73910, -118.73906      
# span 13 =  45.912907,  45.923454      
# span 14 =     -35.90,     100.22      
# span 15 = 5.1735e+02, 6.0097e+02      
# span 16 =    127.183,   1038.454      
# span 17 =       3053,      24924      
# span 18 =  1027.1621,  1030.8857      
# span 19 =  1027.1728,  1030.8839      
# span 20 =     4.0010,     4.6246      
# span 21 =     0.0657,     2.0437      
# span 22 =     0.1088,     0.1884      
# span 23 =    33.8210,    34.4990      
# span 24 =    33.8271,    34.4965      
# span 25 =    7.95763,    8.43376      
# span 26 =         13,         45      
# span 27 = 0.0000e+00, 0.0000e+00      
# interval = decibars: 1                
# start_time = Feb 14 2022 21:52:28 [NMEA time, header]
# bad_flag = -9.990e-29
*END*
[from data line 156]
    157.000    155.319    -1.3307  27.220284    -1.3331  27.220317     6.2264     6.4455     2.3724    94.3561 1.0000e-12  -73.88114 -118.73906  45.915684      99.61 5.7040e+02    367.130       8812  1028.0816  1028.0839     4.4762     0.3682     0.1263    33.9642    33.9669    8.35770         25 0.0000e+00
    158.000    156.306    -1.3318  27.220042    -1.3336  27.220496     6.2259     6.4374     1.6403    94.0373 1.0000e-12  -73.88114 -118.73906  45.915696      99.62 5.6962e+02    368.175       8837  1028.0864  1028.0885     4.4613     0.2525     0.1266    33.9645    33.9671    8.35793         26 0.0000e+00
    159.000    157.296    -1.3331  27.219800    -1.3346  27.220314     6.2261     6.4359     2.5297    95.0955 1.0000e-12  -73.88114 -118.73906  45.915709      99.61 5.6926e+02    369.234       8863  1028.0915  1028.0935     4.5110     0.3873     0.1287    33.9651    33.9674    8.35820         24 0.0000e+00
    160.000    158.285    -1.3332  27.220100    -1.3351  27.220515     6.2233     6.4298     2.9424    95.2237 1.0000e-12  -73.88114 -118.73906  45.915720      99.62 5.6882e+02    370.232       8887  1028.0960  1028.0982     4.5173     0.3041     0.1220    33.9650    33.9676    8.35822         24 0.0000e+00
    161.000    159.274    -1.3338  27.220339    -1.3354  27.220713     6.2248     6.4316     1.2987    94.9649 1.0000e-12  -73.88114 -118.73906  45.915731      99.63 5.6798e+02    371.175       8909  1028.1010  1028.1030     4.5051     0.3240     0.1218    33.9653    33.9677    8.35833         22 0.0000e+00
    162.000    160.264    -1.3358  27.219328    -1.3378  27.219525     6.2375     6.4385     1.3141    94.9850 1.0000e-12  -73.88114 -118.73906  45.915742      99.62 5.6885e+02    372.106       8932  1028.1059  1028.1081     4.5060     0.3571     0.1336    33.9656    33.9681    8.35877         22 0.0000e+00
    163.000    161.251    -1.3373  27.218828    -1.3390  27.219185     6.2514     6.4545     2.6736    94.9702 1.0000e-12  -73.88114 -118.73906  45.915753      99.62 5.6853e+02    373.057       8954  1028.1110  1028.1130     4.5053     0.3642     0.1280    33.9659    33.9684    8.35907         24 0.0000e+00
    164.000    162.240    -1.3411  27.216540    -1.3431  27.216576     6.2693     6.4798     2.8465    94.6274 1.0000e-12  -73.88114 -118.73906  45.915765      99.62 5.6882e+02    374.058       8978  1028.1164  1028.1183     4.4891     0.3558     0.1250    33.9665    33.9688    8.35990         24 0.0000e+00
    165.000    163.230    -1.3431  27.215549    -1.3458  27.215128     6.3005     6.5042     2.5330    94.7440 1.0000e-12  -73.88114 -118.73906  45.915777      99.61 5.6947e+02    375.121       9004  1028.1214  1028.1234     4.4946     0.4263     0.1227    33.9668    33.9692    8.36033         27 0.0000e+00
    166.000    164.219    -1.3452  27.214262    -1.3470  27.214451     6.2994     6.5051     1.8787    95.1511 1.0000e-12  -73.88114 -118.73906  45.915789      99.62 5.6824e+02    376.187       9029  1028.1261  1028.1281     4.5139     0.3603     0.1229    33.9668    33.9691    8.36079         24 0.0000e+00
    167.000    165.207    -1.3514  27.210150    -1.3532  27.210362     6.2746     6.4866     1.3835    94.6109 1.0000e-12  -73.88114 -118.73906  45.915801      99.62 5.6787e+02    377.178       9053  1028.1318  1028.1338     4.4882     0.4030     0.1228    33.9675    33.9699    8.36213         23 0.0000e+00
    168.000    166.196    -1.3521  27.210367    -1.3538  27.210625     6.2714     6.4787     1.6329    95.0675 1.0000e-12  -73.88114 -118.73906  45.915811      99.62 5.6934e+02    378.108       9076  1028.1370  1028.1389     4.5099     0.2229     0.1275    33.9680    33.9703    8.36227         22 0.0000e+00
    169.000    167.184    -1.3544  27.209225    -1.3559  27.209569     6.2865     6.4905     2.1675    95.1523 1.0000e-12  -73.88114 -118.73906  45.915822      99.63 5.6918e+02    379.029       9098  1028.1422  1028.1440     4.5139     0.2247     0.1279    33.9684    33.9706    8.36276         23 0.0000e+00
    170.000    168.174    -1.3624  27.203639    -1.3642  27.203906     6.2828     6.4840     1.4164    95.0466 1.0000e-12  -73.88114 -118.73906  45.915833      89.31 5.6805e+02    379.985       9121  1028.1480  1028.1500     4.5090     0.2575     0.1237    33.9692    33.9716    8.36451         23 0.0000e+00
    171.000    169.163    -1.3771  27.192833    -1.3790  27.193282     6.2504     6.4554     1.8490    95.1137 1.0000e-12  -73.88114 -118.73906  45.915845      95.83 5.6927e+02    381.017       9145  1028.1546  1028.1569     4.5121     0.3428     0.1269    33.9705    33.9732    8.36774         26 0.0000e+00
    172.000    170.151    -1.3924  27.182629    -1.3946  27.182658     6.2193     6.4412     2.2099    95.4373 1.0000e-12  -73.88114 -118.73906  45.915857      98.44 5.6771e+02    382.088       9171  1028.1624  1028.1646     4.5274     0.3232     0.1213    33.9731    33.9757    8.37100         25 0.0000e+00
    173.000    171.141    -1.4024  27.175522    -1.4029  27.176776     6.1927     6.4208     1.8065    95.2866 1.0000e-12  -73.88114 -118.73906  45.915869      99.65 5.6698e+02    383.119       9196  1028.1684  1028.1703     4.5203     0.2452     0.1241    33.9741    33.9765    8.37319         24 0.0000e+00
    174.000    172.130    -1.4128  27.168218    -1.4145  27.168716     6.1699     6.3972     1.7515    94.6505 1.0000e-12  -73.88114 -118.73906  45.915881      99.62 5.6839e+02    384.078       9219  1028.1747  1028.1768     4.4902     0.2783     0.1262    33.9753    33.9779    8.37547         22 0.0000e+00
    175.000    173.119    -1.4217  27.162901    -1.4233  27.163295     6.1609     6.3834     1.9377    94.9868 1.0000e-12  -73.88114 -118.73907  45.915891      99.63 5.6788e+02    384.995       9241  1028.1815  1028.1835     4.5061     0.3321     0.1278    33.9774    33.9798    8.37733         22 0.0000e+00
    176.000    174.104    -1.4257  27.160765    -1.4274  27.161115     6.1630     6.3806     2.1035    95.0476 1.0000e-12  -73.88114 -118.73907  45.915902      99.62 5.6773e+02    385.905       9263  1028.1873  1028.1892     4.5092     0.2701     0.1251    33.9785    33.9808    8.37819         22 0.0000e+00
    177.000    175.097    -1.4264  27.161031    -1.4281  27.161267     6.1654     6.3798     1.8948    95.1454 1.0000e-12  -73.88113 -118.73906  45.915913      99.62 5.6863e+02    386.865       9286  1028.1923  1028.1942     4.5135     0.3781     0.1213    33.9790    33.9812    8.37831         25 0.0000e+00
    178.000    176.085    -1.4258  27.162094    -1.4271  27.162378     6.1629     6.3752     1.1360    94.7121 1.0000e-12  -73.88113 -118.73906  45.915925      99.63 5.6833e+02    387.935       9311  1028.1970  1028.1986     4.4930     0.2465     0.1247    33.9791    33.9810    8.37816         26 0.0000e+00
    179.000    177.073    -1.4255  27.162858    -1.4267  27.163241     6.1674     6.3707     0.9304    94.3768 1.0000e-12  -73.88113 -118.73906  45.915938      99.62 5.6672e+02    389.053       9338  1028.2016  1028.2033     4.4771     0.2236     0.1248    33.9792    33.9811    8.37808         27 0.0000e+00
    180.000    178.061    -1.4268  27.162529    -1.4283  27.162706     6.1679     6.3741     0.9175    94.1311 1.0000e-12  -73.88114 -118.73906  45.915950      99.63 5.6765e+02    390.104       9363  1028.2067  1028.2084     4.4659     0.2742     0.1216    33.9796    33.9816    8.37836         24 0.0000e+00
    181.000    179.052    -1.4299  27.160900    -1.4310  27.161378     6.1713     6.3806     1.3052    95.1390 1.0000e-12  -73.88112 -118.73908  45.915961      99.61 5.6756e+02    391.045       9386  1028.2122  1028.2137     4.5129     0.4148     0.1252    33.9803    33.9822    8.37902         21 0.0000e+00
    182.000    180.038    -1.4326  27.159317    -1.4340  27.159581     6.1845     6.3837     1.2903    95.1006 1.0000e-12  -73.88113 -118.73907  45.915971      99.62 5.6689e+02    391.920       9407  1028.2172  1028.2189     4.5115     0.3132     0.1235    33.9805    33.9825    8.37961         21 0.0000e+00
    183.000    181.029    -1.4355  27.157781    -1.4369  27.157989     6.1887     6.3822     1.8084    95.6468 1.0000e-12  -73.88113 -118.73907  45.915982      97.45 5.6718e+02    392.811       9428  1028.2225  1028.2242     4.5374     0.2619     0.1260    33.9810    33.9830    8.38022         23 0.0000e+00
    184.000    182.018    -1.4425  27.153135    -1.4436  27.153801     6.1874     6.3881     1.4455    95.2286 1.0000e-12  -73.88113 -118.73907  45.915994      90.26 5.6824e+02    393.839       9453  1028.2285  1028.2303     4.5175     0.2826     0.1225    33.9820    33.9842    8.38175         26 0.0000e+00
    185.000    183.005    -1.4543  27.145672    -1.4562  27.145749     6.1744     6.3748     1.3430    95.3360 1.0000e-12  -73.88113 -118.73907  45.916007      96.58 5.6616e+02    395.000       9481  1028.2359  1028.2378     4.5226     0.3000     0.1252    33.9845    33.9867    8.38425         28 0.0000e+00
    186.000    183.995    -1.4677  27.136346    -1.4693  27.136940     6.1535     6.3557     1.9561    95.6824 1.0000e-12  -73.88114 -118.73906  45.916019      99.67 5.6662e+02    396.079       9507  1028.2428  1028.2450     4.5391     0.2831     0.1241    33.9862    33.9889    8.38716         24 0.0000e+00
    187.000    184.983    -1.4800  27.128815    -1.4821  27.128510     6.1194     6.3303     1.5108    95.9554 1.0000e-12  -73.88112 -118.73908  45.916030      99.62 5.6758e+02    397.017       9529  1028.2507  1028.2524     4.5520     0.2885     0.1235    33.9893    33.9913    8.38977         21 0.0000e+00
    188.000    185.973    -1.4812  27.128052    -1.4822  27.128788     6.0816     6.2973     1.0227    95.4757 1.0000e-12  -73.88113 -118.73907  45.916040      99.63 5.6698e+02    397.871       9550  1028.2551  1028.2569     4.5292     0.2735     0.1196    33.9890    33.9912    8.39005         21 0.0000e+00
    189.000    186.961    -1.4999  27.116502    -1.5022  27.116532     6.0472     6.2724     1.3161    95.4821 1.0000e-12  -73.88113 -118.73907  45.916050      99.62 5.6560e+02    398.744       9571  1028.2648  1028.2671     4.5296     0.2321     0.1234    33.9937    33.9964    8.39399         22 0.0000e+00
    190.000    187.950    -1.5127  27.109839    -1.5134  27.110487     6.0296     6.2561     1.3038    95.5973 1.0000e-12  -73.88113 -118.73907  45.916062      99.62 5.6782e+02    399.731       9595  1028.2741  1028.2754     4.5350     0.2383     0.1185    33.9985    34.0002    8.39659         25 0.0000e+00
    191.000    188.940    -1.5149  27.109240    -1.5164  27.109473     6.0297     6.2568     0.9893    95.5367 1.0000e-12  -73.88113 -118.73907  45.916074      99.63 5.6772e+02    400.816       9621  1028.2796  1028.2812     4.5321     0.2693     0.1193    33.9995    34.0015    8.39703         26 0.0000e+00
    192.000    189.927    -1.5147  27.109810    -1.5162  27.110007     6.0360     6.2613     0.4083    95.8370 1.0000e-12  -73.88113 -118.73907  45.916087      99.62 5.6514e+02    401.892       9646  1028.2840  1028.2857     4.5465     0.2619     0.1197    33.9994    34.0014    8.39698         25 0.0000e+00
    193.000    190.916    -1.5152  27.110096    -1.5175  27.109576     6.0514     6.2626     0.3817    96.0417 1.0000e-12  -73.88113 -118.73907  45.916098      99.63 5.6645e+02    402.899       9671  1028.2889  1028.2906     4.5560     0.1920     0.1153    33.9997    34.0017    8.39707         23 0.0000e+00
    194.000    191.906    -1.5176  27.108719    -1.5191  27.108842     6.0624     6.2690     1.1521    95.6991 1.0000e-12  -73.88113 -118.73907  45.916109      99.63 5.6689e+02    403.845       9693  1028.2940  1028.2956     4.5399     0.2373     0.1203    34.0000    34.0019    8.39761         23 0.0000e+00
    195.000    192.894    -1.5197  27.107490    -1.5198  27.108771     6.0824     6.2757     0.9813    96.1185 1.0000e-12  -73.88113 -118.73907  45.916120      99.62 5.6459e+02    404.775       9716  1028.2989  1028.3002     4.5598     0.2301     0.1207    34.0001    34.0019    8.39808         22 0.0000e+00
    196.000    193.883    -1.5207  27.107101    -1.5222  27.107375     6.0992     6.2892     0.6533    95.6986 1.0000e-12  -73.88113 -118.73907  45.916131      99.63 5.6597e+02    405.737       9739  1028.3036  1028.3053     4.5398     0.2610     0.1181    34.0001    34.0022    8.39831         24 0.0000e+00
    197.000    194.871    -1.5230  27.105928    -1.5251  27.105614     6.1139     6.3063     0.8807    95.6535 1.0000e-12  -73.88113 -118.73907  45.916143      95.34 5.6595e+02    406.742       9763  1028.3086  1028.3103     4.5377     0.2246     0.1179    34.0004    34.0024    8.39880         25 0.0000e+00
    198.000    195.859    -1.5285  27.101974    -1.5288  27.102999     6.1115     6.3030     1.4003    95.5370 1.0000e-12  -73.88113 -118.73907  45.916155      99.64 5.6318e+02    407.767       9787  1028.3138  1028.3152     4.5323     0.2301     0.1289    34.0006    34.0024    8.40003         24 0.0000e+00
    199.000    196.848    -1.5297  27.101431    -1.5306  27.101961     6.0932     6.2964     1.4811    95.8365 1.0000e-12  -73.88113 -118.73907  45.916166      99.62 5.6605e+02    408.780       9812  1028.3185  1028.3201     4.5462     0.2701     0.1215    34.0005    34.0024    8.40030         24 0.0000e+00
    200.000    197.838    -1.5293  27.103599    -1.5301  27.104046     6.0810     6.2906     1.6268    95.8308 1.0000e-12  -73.88112 -118.73908  45.916178      99.63 5.6580e+02    409.774       9836  1028.3248  1028.3260     4.5461     0.2607     0.1257    34.0025    34.0040    8.40011         23 0.0000e+00
    201.000    198.827    -1.5293  27.104924    -1.5305  27.105152     6.0864     6.2850     1.9358    95.4821 1.0000e-12  -73.88112 -118.73908  45.916189      99.63 5.6327e+02    410.747       9859  1028.3305  1028.3319     4.5295     0.2107     0.1214    34.0037    34.0054    8.40003         24 0.0000e+00
    202.000    199.814    -1.5337  27.102443    -1.5351  27.102689     6.0835     6.2921     1.7282    95.9511 1.0000e-12  -73.88113 -118.73907  45.916201      99.62 5.6501e+02    411.732       9883  1028.3362  1028.3379     4.5518     0.2656     0.1262    34.0047    34.0066    8.40097         24 0.0000e+00
    203.000    200.802    -1.5368  27.100746    -1.5382  27.100880     6.0884     6.2956     1.3464    96.2276 1.0000e-12  -73.88114 -118.73907  45.916212      99.63 5.6544e+02    412.737       9907  1028.3415  1028.3430     4.5649     0.2507     0.1192    34.0052    34.0070    8.40163         24 0.0000e+00
    204.000    201.792    -1.5374  27.100750    -1.5389  27.100874     6.0823     6.2947     1.6949    95.4939 1.0000e-12  -73.88114 -118.73907  45.916224      99.62 5.6256e+02    413.738       9931  1028.3464  1028.3479     4.5302     0.2632     0.1229    34.0053    34.0071    8.40176         24 0.0000e+00
    205.000    202.781    -1.5384  27.100481    -1.5396  27.100573     6.0921     6.2938     1.5955    95.5668 1.0000e-12  -73.88114 -118.73906  45.916235      99.62 5.6471e+02    414.732       9955  1028.3512  1028.3526     4.5336     0.2656     0.1240    34.0054    34.0070    8.40197         24 0.0000e+00
    206.000    203.770    -1.5395  27.100213    -1.5408  27.100262     6.0903     6.2956     1.1226    95.3470 1.0000e-12  -73.88114 -118.73906  45.916247      99.63 5.6580e+02    415.723       9978  1028.3563  1028.3576     4.5232     0.3423     0.1209    34.0057    34.0073    8.40221         24 0.0000e+00
    207.000    204.758    -1.5403  27.099849    -1.5413  27.100401     6.0990     6.3103     1.3409    95.2371 1.0000e-12  -73.88114 -118.73906  45.916258      99.63 5.6327e+02    416.711      10002  1028.3609  1028.3624     4.5180     0.2087     0.1201    34.0054    34.0074    8.40240         23 0.0000e+00
