ocean_section_plots/required_files/ctd/dnbp2202_ctd011.cnv
* Sea-Bird SBE 9 Data File:
* FileName = D:\Data\raw\NBP2202_CTD011.hex
* Software Version Seasave V 7.26.7.121
* Temperature SN = 1649
* Conductivity SN = 2513
* Number of Bytes Per Scan = 40
* Number of Voltage Words = 5
* Number of Scans Averaged by the Deck Unit = 1
* NMEA Latitude = 73 07.20 S
* NMEA Longitude = 113 53.83 W
* NMEA UTC (Time) = Jan 16 2022  23:46:08
* NMEA baud rate = 9600
** Ship: RVIB N.B. Palmer
** Cruise: NBP2202 Thwaites
** Station: #6
** Operator: A. Robinson
# nquan = 25
# nvalues = 547                         
# units = specified
# name 0 = prDM: Pressure, Digiquartz [db]
# name 1 = depSM: Depth [salt water, m]
# name 2 = t090C: Temperature [ITS-90, deg C]
# name 3 = c0mS/cm: Conductivity [mS/cm]
# name 4 = t190C: Temperature, 2 [ITS-90, deg C]
# name 5 = c1mS/cm: Conductivity, 2 [mS/cm]
# name 6 = sbeox0ML/L: Oxygen, SBE 43 [ml/l]
# name 7 = sbeox1ML/L: Oxygen, SBE 43, 2 [ml/l]
# name 8 = flECO-AFL: Fluorescence, WET Labs ECO-AFL/FL [mg/m^3]
# name 9 = CStarTr0: Beam Transmission, WET Labs C-Star [%]
# name 10 = par: PAR/Irradiance, Biospherical/Licor
# name 11 = latitude: Latitude [deg]
# name 12 = longitude: Longitude [deg]
# name 13 = timeJ: Julian Days
# name 14 = altM: Altimeter [m]
# name 15 = spar: SPAR, Biospherical/Licor
# name 16 = timeS: Time, Elapsed [seconds]
# name 17 = scan: Scan Count
# name 18 = density00: Density [density, kg/m^3]
# name 19 = density11: Density, 2 [density, kg/m^3]
# name 20 = sal00: Salinity, Practical [PSU]
# name 21 = sal11: Salinity, Practical, 2 [PSU]
# name 22 = oxsolML/L: Oxygen Saturation, Garcia & Gordon [ml/l]
# name 23 = nbin: number of scans per bin
# name 24 = flag: flag
# span 0 =      3.000,    549.000       
# span 1 =      2.971,    542.638       
# span 2 =    -1.5912,     0.5421       
# span 3 =  27.054809,  29.425556       
# span 4 =    -1.5906,     0.5444       
# span 5 =  27.054571,  29.425723       
# span 6 =     4.5597,     8.7376       
# span 7 =     4.8032,     9.2364       
# span 8 =    -0.0135,    27.2202       
# span 9 =    71.3737,    98.8069       
# span 10 = -1.810e-05, 2.2368e+02      
# span 11 =  -73.12018,  -73.12014      
# span 12 = -113.89721, -113.89714      
# span 13 =  16.993235,  17.002877      
# span 14 =     -48.92,     100.20      
# span 15 = 5.5219e+02, 2.3974e+03      
# span 16 =    247.478,   1080.581      
# span 17 =       5940,      25935      
# span 18 =  1027.2358,  1030.3224      
# span 19 =  1027.2354,  1030.3204      
# span 20 =    33.8792,    34.5713      
# span 21 =    33.8790,    34.5685      
# span 22 =    7.92196,    8.40920      
# span 23 =          3,         47      
# span 24 = 0.0000e+00, 0.0000e+00      
# interval = decibars: 1                
# start_time = Jan 16 2022 23:46:08 [NMEA time, header]
# bad_flag = -9.990e-29
*END*
[from data line 116]
    119.000    117.741    -1.4861  27.067795    -1.4857  27.067498     6.7427     7.1291     0.6611    96.1501 1.0000e-12  -73.12016 -113.89718  16.996051      99.89 1.6990e+03    490.790      11780  1027.8951  1027.8944    33.9546    33.9537    8.39321         26 0.0000e+00
    120.000    118.730    -1.4837  27.070993    -1.4832  27.070655     6.7033     7.0924     0.7208    96.4407 1.0000e-12  -73.12016 -113.89718  16.996068      99.84 1.7944e+03    492.237      11815  1027.9006  1027.8997    33.9557    33.9546    8.39260         39 0.0000e+00
    121.000    119.719    -1.4807  27.074785    -1.4803  27.074389     6.6768     7.0506     0.4529    96.5880 1.0000e-12  -73.12016 -113.89718  16.996089      99.88 1.9605e+03    494.077      11859  1027.9061  1027.9053    33.9569    33.9558    8.39185         35 0.0000e+00
    122.000    120.706    -1.4807  27.076425    -1.4803  27.076079     6.6544     7.0374     0.6374    96.8508 1.0000e-12  -73.12016 -113.89718  16.996102      99.89 2.0357e+03    495.212      11886  1027.9122  1027.9115    33.9585    33.9575    8.39175         24 0.0000e+00
    123.000    121.698    -1.4797  27.078289    -1.4793  27.078014     6.6368     7.0215     0.6406    96.2127 1.0000e-12  -73.12016 -113.89718  16.996112      99.79 2.0445e+03    496.095      11907  1027.9176  1027.9170    33.9593    33.9585    8.39148         20 0.0000e+00
    124.000    122.686    -1.4786  27.080592    -1.4783  27.080246     6.6292     7.0102     0.7330    96.8668 1.0000e-12  -73.12016 -113.89718  16.996122      99.88 2.0437e+03    496.934      11927  1027.9235  1027.9228    33.9606    33.9597    8.39116         21 0.0000e+00
    125.000    123.675    -1.4820  27.079672    -1.4815  27.079360     6.6360     7.0086     1.0642    96.8619 1.0000e-12  -73.12016 -113.89718  16.996133      99.88 2.0352e+03    497.892      11950  1027.9300  1027.9293    33.9625    33.9616    8.39180         25 0.0000e+00
    126.000    124.666    -1.4878  27.077073    -1.4874  27.076909     6.6546     7.0241     0.7440    96.7471 1.0000e-12  -73.12016 -113.89718  16.996148      99.88 2.0121e+03    499.150      11981  1027.9371  1027.9366    33.9649    33.9642    8.39296         35 0.0000e+00
    127.000    125.653    -1.4917  27.075171    -1.4913  27.074838     6.6157     6.9822     0.8218    97.0351 1.0000e-12  -73.12016 -113.89718  16.996169      99.88 1.9575e+03    500.982      12025  1027.9431  1027.9423    33.9661    33.9652    8.39378         40 0.0000e+00
    128.000    126.642    -1.4890  27.079705    -1.4884  27.079319     6.5743     6.9413     0.4948    96.6321 1.0000e-12  -73.12016 -113.89718  16.996186      99.88 1.9404e+03    502.439      12060  1027.9497  1027.9488    33.9687    33.9675    8.39301         26 0.0000e+00
    129.000    127.632    -1.4858  27.083206    -1.4853  27.082970     6.5692     6.9428     0.3213    96.7446 1.0000e-12  -73.12016 -113.89716  16.996197      99.88 1.8432e+03    503.392      12082  1027.9549  1027.9541    33.9693    33.9684    8.39227         20 0.0000e+00
    130.000    128.621    -1.4847  27.084634    -1.4843  27.084383     6.5839     6.9555     0.3211    96.9267 1.0000e-12  -73.12016 -113.89716  16.996206      99.88 1.6813e+03    504.176      12101  1027.9596  1027.9589    33.9693    33.9685    8.39200         19 0.0000e+00
    131.000    129.611    -1.4949  27.076406    -1.4947  27.076278     6.6018     6.9616     0.5095    96.8931 1.0000e-12  -73.12016 -113.89716  16.996215      99.88 1.5843e+03    505.016      12121  1027.9648  1027.9644    33.9690    33.9686    8.39433         23 0.0000e+00
    132.000    130.599    -1.4951  27.079279    -1.4941  27.078988     6.5991     6.9558     0.5154    96.8414 1.0000e-12  -73.12016 -113.89716  16.996230      99.88 1.5118e+03    506.245      12151  1027.9724  1027.9711    33.9726    33.9710    8.39417         37 0.0000e+00
    133.000    131.587    -1.4941  27.081341    -1.4930  27.081436     6.5725     6.9367     0.4151    96.3597 1.0000e-12  -73.12016 -113.89718  16.996251      94.67 1.4935e+03    508.088      12195  1027.9780  1027.9770    33.9736    33.9725    8.39387         35 0.0000e+00
    134.000    132.577    -1.4909  27.085993    -1.4907  27.085331     6.5591     6.9255     0.4394    97.0728 1.0000e-12  -73.12016 -113.89716  16.996266      99.91 1.7381e+03    509.366      12226  1027.9843  1027.9834    33.9758    33.9747    8.39302         24 0.0000e+00
    135.000    133.566    -1.4876  27.089548    -1.4875  27.088924     6.5445     6.9139     0.5130    97.1642 1.0000e-12  -73.12016 -113.89716  16.996276      99.87 1.8661e+03    510.248      12247  1027.9893  1027.9886    33.9764    33.9753    8.39225         19 0.0000e+00
    136.000    134.556    -1.4824  27.095415    -1.4821  27.094596     6.5365     6.9018     0.4060    97.3042 1.0000e-12  -73.12016 -113.89716  16.996285      99.89 1.9161e+03    511.045      12266  1027.9951  1027.9938    33.9778    33.9764    8.39098         20 0.0000e+00
    137.000    135.544    -1.4750  27.102527    -1.4730  27.103142     6.5206     6.8938     0.4818    97.2850 1.0000e-12  -73.12016 -113.89717  16.996296      99.88 1.9659e+03    512.009      12289  1028.0001  1027.9987    33.9787    33.9772    8.38928         27 0.0000e+00
    138.000    136.534    -1.4637  27.112939    -1.4618  27.113367     6.5319     6.8965     0.4877    97.1226 1.0000e-12  -73.12016 -113.89718  16.996314      99.88 2.0174e+03    513.498      12325  1028.0049  1028.0036    33.9795    33.9780    8.38667         43 0.0000e+00
    139.000    137.522    -1.4597  27.117220    -1.4590  27.116796     6.5769     6.9389     0.3103    97.1157 1.0000e-12  -73.12016 -113.89718  16.996332      99.88 1.9810e+03    515.063      12363  1028.0102  1028.0091    33.9802    33.9788    8.38572         30 0.0000e+00
    140.000    138.512    -1.4533  27.123863    -1.4526  27.123539     6.5869     6.9378     0.4223    97.2677 1.0000e-12  -73.12016 -113.89718  16.996344      99.87 1.8270e+03    516.146      12388  1028.0157  1028.0146    33.9815    33.9802    8.38420         23 0.0000e+00
    141.000    139.501    -1.4550  27.124227    -1.4549  27.123681     6.5451     6.8969     0.4385    97.3675 1.0000e-12  -73.12016 -113.89718  16.996355      99.89 1.6873e+03    517.079      12411  1028.0222  1028.0215    33.9833    33.9825    8.38449         23 0.0000e+00
    142.000    140.490    -1.4489  27.132329    -1.4477  27.132077     6.5007     6.8632     0.3904    96.4902 1.0000e-12  -73.12016 -113.89718  16.996367      99.88 1.6740e+03    518.115      12436  1028.0296  1028.0281    33.9869    33.9851    8.38290         28 0.0000e+00
    143.000    141.478    -1.4339  27.146421    -1.4333  27.145871     6.5014     6.8598     0.3402    97.2643 1.0000e-12  -73.12016 -113.89718  16.996382      99.88 1.8071e+03    519.400      12467  1028.0350  1028.0338    33.9886    33.9872    8.37941         30 0.0000e+00
    144.000    142.468    -1.4356  27.145626    -1.4349  27.145363     6.5410     6.8884     0.3532    97.3756 1.0000e-12  -73.12016 -113.89718  16.996397      99.89 1.9282e+03    520.740      12499  1028.0403  1028.0393    33.9889    33.9877    8.37979         32 0.0000e+00
    145.000    143.457    -1.4431  27.139700    -1.4422  27.139865     6.5408     6.8872     0.2803    96.9726 1.0000e-12  -73.12016 -113.89718  16.996413      94.13 1.9715e+03    522.048      12530  1028.0455  1028.0448    33.9886    33.9878    8.38150         31 0.0000e+00
    146.000    144.445    -1.4366  27.147897    -1.4354  27.147435     6.5305     6.8785     0.7035    97.5330 1.0000e-12  -73.12016 -113.89718  16.996426      99.96 1.9799e+03    523.245      12559  1028.0525  1028.0508    33.9919    33.9898    8.37984         26 0.0000e+00
    147.000    145.435    -1.4232  27.160060    -1.4224  27.159733     6.5259     6.8834     0.4794    97.2188 1.0000e-12  -73.12016 -113.89718  16.996438      99.88 1.9872e+03    524.274      12584  1028.0572  1028.0561    33.9927    33.9914    8.37676         23 0.0000e+00
    148.000    146.424    -1.4248  27.159382    -1.4246  27.158639     6.5087     6.8714     0.4431    97.3282 1.0000e-12  -73.12016 -113.89718  16.996449      99.88 2.0037e+03    525.213      12606  1028.0625  1028.0614    33.9930    33.9917    8.37711         23 0.0000e+00
    149.000    147.412    -1.4255  27.159983    -1.4243  27.160118     6.4906     6.8458     0.4986    97.4817 1.0000e-12  -73.12016 -113.89718  16.996461      99.89 2.0115e+03    526.225      12630  1028.0682  1028.0672    33.9940    33.9928    8.37721         27 0.0000e+00
    150.000    148.402    -1.4176  27.167503    -1.4143  27.168928     6.4699     6.8201     0.2881    97.2533 1.0000e-12  -73.12016 -113.89718  16.996476      99.88 2.0107e+03    527.554      12662  1028.0732  1028.0716    33.9947    33.9930    8.37538         37 0.0000e+00
    151.000    149.390    -1.4112  27.173688    -1.4104  27.173399     6.4540     6.8094     0.4908    97.3966 1.0000e-12  -73.12016 -113.89718  16.996494      99.88 2.0198e+03    529.083      12699  1028.0783  1028.0771    33.9954    33.9940    8.37391         33 0.0000e+00
    152.000    150.379    -1.4103  27.175046    -1.4094  27.174905     6.4515     6.8098     0.2638    97.1916 1.0000e-12  -73.12016 -113.89718  16.996508      99.88 2.0309e+03    530.252      12727  1028.0833  1028.0823    33.9956    33.9944    8.37370         25 0.0000e+00
    153.000    151.369    -1.4090  27.176758    -1.4083  27.176313     6.4500     6.8074     0.3867    97.3056 1.0000e-12  -73.12016 -113.89718  16.996519      99.88 2.0345e+03    531.217      12750  1028.0883  1028.0872    33.9958    33.9944    8.37339         22 0.0000e+00
    154.000    152.356    -1.4096  27.177190    -1.4089  27.176735     6.4376     6.7988     0.3942    97.3513 1.0000e-12  -73.12016 -113.89718  16.996530      99.89 2.0040e+03    532.215      12774  1028.0937  1028.0926    33.9964    33.9951    8.37348         27 0.0000e+00
    155.000    153.347    -1.4098  27.177952    -1.4091  27.177420     6.3783     6.7394     0.3841    97.5675 1.0000e-12  -73.12016 -113.89718  16.996545      97.43 1.8662e+03    533.525      12806  1028.0991  1028.0979    33.9971    33.9956    8.37349         31 0.0000e+00
    156.000    154.336    -1.4065  27.182178    -1.4052  27.181977     6.3008     6.6656     0.2603    97.5169 1.0000e-12  -73.12016 -113.89718  16.996562      91.38 1.7862e+03    534.928      12839  1028.1050  1028.1035    33.9986    33.9968    8.37267         30 0.0000e+00
    157.000    155.324    -1.3924  27.196416    -1.3915  27.195956     6.2814     6.6427     0.2633    97.4794 1.0000e-12  -73.12016 -113.89718  16.996575      99.49 1.6531e+03    536.068      12867  1028.1113  1028.1100    34.0015    33.9999    8.36932         25 0.0000e+00
    158.000    156.314    -1.3915  27.198003    -1.3909  27.197519     6.2921     6.6502     0.2680    97.2324 1.0000e-12  -73.12016 -113.89718  16.996587      99.88 1.5285e+03    537.091      12891  1028.1166  1028.1155    34.0021    34.0007    8.36909         25 0.0000e+00
    159.000    157.302    -1.3931  27.197758    -1.3925  27.197185     6.2985     6.6494     0.2780    97.0792 1.0000e-12  -73.12016 -113.89718  16.996599      99.88 1.4405e+03    538.150      12917  1028.1223  1028.1211    34.0029    34.0014    8.36940         26 0.0000e+00
    160.000    158.292    -1.3957  27.196249    -1.3955  27.195696     6.2642     6.6153     0.2760    97.1203 1.0000e-12  -73.12016 -113.89718  16.996613      99.89 1.6624e+03    539.350      12945  1028.1276  1028.1268    34.0032    34.0022    8.36997         32 0.0000e+00
    161.000    159.279    -1.3922  27.201438    -1.3910  27.201037     6.2532     6.6004     0.2616    97.3389 1.0000e-12  -73.12016 -113.89718  16.996629      99.88 1.7886e+03    540.734      12979  1028.1342  1028.1326    34.0057    34.0038    8.36903         32 0.0000e+00
    162.000    160.268    -1.3858  27.207821    -1.3851  27.207423     6.2660     6.6061     0.5035    97.4967 1.0000e-12  -73.12016 -113.89718  16.996643      99.88 1.9166e+03    541.963      13008  1028.1394  1028.1384    34.0066    34.0053    8.36754         26 0.0000e+00
    163.000    161.258    -1.3928  27.202472    -1.3923  27.201949     6.2789     6.6110     0.5936    97.5923 1.0000e-12  -73.12016 -113.89718  16.996655      99.88 1.9356e+03    542.963      13032  1028.1447  1028.1436    34.0066    34.0053    8.36911         22 0.0000e+00
    164.000    162.247    -1.3946  27.202413    -1.3941  27.201716     6.2902     6.6273     0.5312    97.6867 1.0000e-12  -73.12016 -113.89718  16.996666      99.88 1.7106e+03    543.902      13055  1028.1507  1028.1495    34.0079    34.0064    8.36943         23 0.0000e+00
    165.000    163.236    -1.3986  27.199243    -1.3978  27.199318     6.3496     6.6821     0.5008    97.3537 1.0000e-12  -73.12016 -113.89718  16.996678      99.88 1.3847e+03    544.973      13080  1028.1554  1028.1548    34.0074    34.0067    8.37036         29 0.0000e+00
    166.000    164.225    -1.4283  27.173797    -1.4305  27.172573     6.3790     6.7273     0.4158    97.7095 1.0000e-12  -73.12016 -113.89718  16.996694      99.87 1.5506e+03    546.391      13114  1028.1606  1028.1615    34.0056    34.0064    8.37715         38 0.0000e+00
    167.000    165.212    -1.4505  27.157153    -1.4489  27.156781     6.3166     6.6673     0.2578    97.6112 1.0000e-12  -73.12016 -113.89718  16.996711      96.24 1.8449e+03    547.864      13150  1028.1680  1028.1660    34.0073    34.0050    8.38204         30 0.0000e+00
    168.000    166.203    -1.4223  27.183107    -1.4206  27.183253     6.2808     6.6280     0.3092    97.6859 1.0000e-12  -73.12016 -113.89718  16.996725      99.91 2.0106e+03    549.051      13178  1028.1733  1028.1718    34.0104    34.0086    8.37552         25 0.0000e+00
    169.000    167.191    -1.3927  27.210142    -1.3912  27.209885     6.2896     6.6346     0.2551    97.4055 1.0000e-12  -73.12016 -113.89718  16.996737      99.88 1.9966e+03    550.047      13202  1028.1785  1028.1768    34.0133    34.0112    8.36869         23 0.0000e+00
    170.000    168.179    -1.3939  27.208879    -1.3944  27.207842     6.3220     6.6645     0.2487    97.4696 1.0000e-12  -73.12016 -113.89718  16.996748      99.88 1.7030e+03    551.016      13225  1028.1827  1028.1821    34.0122    34.0114    8.36901         24 0.0000e+00
    171.000    169.170    -1.4150  27.192617    -1.4144  27.192263     6.3025     6.6389     0.2656    97.6349 1.0000e-12  -73.12016 -113.89718  16.996760      99.87 1.3254e+03    552.075      13251  1028.1897  1028.1888    34.0133    34.0121    8.37370         27 0.0000e+00
    172.000    170.159    -1.4191  27.191224    -1.4189  27.190354     6.2819     6.6160     0.5322    97.7261 1.0000e-12  -73.12016 -113.89720  16.996774      99.89 1.3394e+03    553.298      13280  1028.1965  1028.1953    34.0154    34.0140    8.37450         32 0.0000e+00
    173.000    171.146    -1.4030  27.206632    -1.4023  27.205912     6.3165     6.6588     0.8943    97.5830 1.0000e-12  -73.12016 -113.89720  16.996791      99.89 1.3905e+03    554.716      13314  1028.2020  1028.2006    34.0177    34.0159    8.37075         33 0.0000e+00
    174.000    172.136    -1.4503  27.166799    -1.4522  27.165877     6.3466     6.6946     0.6028    97.7229 1.0000e-12  -73.12016 -113.89719  16.996806      99.88 1.3761e+03    556.036      13346  1028.2086  1028.2094    34.0160    34.0169    8.38148         28 0.0000e+00
    175.000    173.124    -1.4653  27.155592    -1.4646  27.155356     6.3545     6.7049     0.4430    97.8327 1.0000e-12  -73.12016 -113.89720  16.996818      99.89 1.4687e+03    557.105      13372  1028.2150  1028.2140    34.0171    34.0158    8.38480         24 0.0000e+00
