ocean_section_plots/required_files/ctd/dnbp2202_ctd250.cnv
* Sea-Bird SBE 9 Data File:
* FileName = D:\Data\raw\NBP2202_CTD250.hex
* Software Version Seasave V 7.26.7.121
* Temperature SN = 1649
* Conductivity SN = 2513
* Number of Bytes Per Scan = 40
* Number of Voltage Words = 5
* Number of Scans Averaged by the Deck Unit = 1
* NMEA Latitude = 73 57.38 S
* NMEA Longitude = 118 38.88 W
* NMEA UTC (Time) = Feb 15 2022  08:38:31
* NMEA baud rate = 9600
** Ship: RVIB N.B. Palmer
** Cruise: NBP2202 Thwaites
** Station: 158
** Operator: B. Bjork
# nquan = 28
# nvalues = 1377                        
# units = specified
# name 0 = prDM: Pressure, Digiquartz [db]
# name 1 = depSM: Depth [salt water, m]
# name 2 = t090C: Temperature [ITS-90, deg C]
# name 3 = c0mS/cm: Conductivity [mS/cm]
# name 4 = t190C: Temperature, 2 [ITS-90, deg C]
# name 5 = c1mS/cm: Conductivity, 2 [mS/cm]
# name 6 = sbeox0ML/L: Oxygen, SBE 43 [ml/l]
# name 7 = sbeox1ML/L: Oxygen, SBE 43, 2 [ml/l]
# name 8 = flECO-AFL: Fluorescence, WET Labs ECO-AFL/FL [mg/m^3]
# name 9 = CStarTr0: Beam Transmission, WET Labs C-Star [%]
# name 10 = par: PAR/Irradiance, Biospherical/Licor
# name 11 = latitude: Latitude [deg]
# name 12 = longitude: Longitude [deg]
# name 13 = timeJ: Julian Days
# name 14 = altM: Altimeter [m]
# name 15 = spar: SPAR, Biospherical/Licor
# name 16 = timeS: Time, Elapsed [seconds]
# name 17 = scan: Scan Count
# name 18 = density00: Density [density, kg/m^3]
# name 19 = density11: Density, 2 [density, kg/m^3]
# name 20 = v3: Voltage 3
# name 21 = v4: Voltage 4
# name 22 = v5: Voltage 5
# name 23 = sal00: Salinity, Practical [PSU]
# name 24 = sal11: Salinity, Practical, 2 [PSU]
# name 25 = oxsolML/L: Oxygen Saturation, Garcia & Gordon [ml/l]
# name 26 = nbin: number of scans per bin
# name 27 = flag: flag
# span 0 =      2.000,   1378.000       
# span 1 =      1.982,   1359.253       
# span 2 =    -1.7588,     0.7524       
# span 3 =  26.966241,  29.980112       
# span 4 =    -1.7581,     0.7545       
# span 5 =  26.966424,  29.980393       
# span 6 =     4.5674,     9.1886       
# span 7 =     4.6612,     9.4607       
# span 8 =    -0.0175,    12.5627       
# span 9 =    84.8654,    97.1567       
# span 10 = -1.252e-05, 1.5184e+00      
# span 11 =  -73.95648,  -73.95646      
# span 12 = -118.64806, -118.64800      
# span 13 =  46.362317,  46.379302      
# span 14 =       2.02,     100.14      
# span 15 = 1.7622e+01, 2.4250e+01      
# span 16 =    193.157,   1660.650      
# span 17 =       4637,      39857      
# span 18 =  1027.1468,  1034.1742      
# span 19 =  1027.1490,  1034.1724      
# span 20 =     4.0264,     4.6090      
# span 21 =     0.0638,     2.2756      
# span 22 =     0.1095,     0.2165      
# span 23 =    33.7775,    34.5902      
# span 24 =    33.7800,    34.5883      
# span 25 =    7.87810,    8.44681      
# span 26 =         18,         47      
# span 27 = 0.0000e+00, 0.0000e+00      
# interval = decibars: 1                
# start_time = Feb 15 2022 08:38:31 [NMEA time, header]
# bad_flag = -9.990e-29
*END*
[from data line 415]
    417.000    412.274    -1.7154  27.122385    -1.7146  27.122284     6.3723     6.5268     0.5031    95.6767 1.0000e-12  -73.95646 -118.64804  46.367927      99.88 2.3594e+01    677.852      16269  1029.4535  1029.4527     4.5388     0.2102     0.1217    34.1058    34.1048    8.43611         26 0.0000e+00
    418.000    413.261    -1.7163  27.122332    -1.7156  27.122250     6.3815     6.5334     0.7680    95.6161 1.0000e-12  -73.95646 -118.64804  46.367939      99.88 2.3401e+01    678.922      16295  1029.4587  1029.4579     4.5359     0.1597     0.1210    34.1062    34.1052    8.43631         26 0.0000e+00
    419.000    414.249    -1.7182  27.121185    -1.7176  27.121215     6.3917     6.5430     1.1438    95.6132 1.0000e-12  -73.95646 -118.64804  46.367952      99.89 2.2914e+01    680.027      16322  1029.4637  1029.4631     4.5358     0.1443     0.1199    34.1062    34.1054    8.43675         26 0.0000e+00
    420.000    415.236    -1.7282  27.114058    -1.7278  27.113965     6.3743     6.5474     0.7271    95.4778 1.0000e-12  -73.95646 -118.64804  46.367964      99.88 2.2917e+01    681.094      16347  1029.4699  1029.4693     4.5294     0.1470     0.1197    34.1071    34.1064    8.43897         25 0.0000e+00
    421.000    416.221    -1.7317  27.111835    -1.7309  27.111865     6.3988     6.5585     0.3867    95.3990 1.0000e-12  -73.95646 -118.64804  46.367976      99.88 2.2917e+01    682.149      16373  1029.4751  1029.4744     4.5258     0.1060     0.1151    34.1073    34.1065    8.43973         26 0.0000e+00
    422.000    417.214    -1.7336  27.111054    -1.7329  27.110989     6.4241     6.5564     0.4093    95.8581 1.0000e-12  -73.95646 -118.64804  46.367989      99.89 2.2917e+01    683.252      16399  1029.4803  1029.4796     4.5473     0.1229     0.1155    34.1078    34.1069    8.44015         27 0.0000e+00
    423.000    418.198    -1.7359  27.109859    -1.7354  27.109750     6.4187     6.5634     0.4330    95.5951 1.0000e-12  -73.95646 -118.64804  46.368002      99.89 2.2917e+01    684.355      16426  1029.4856  1029.4849     4.5349     0.1178     0.1159    34.1082    34.1074    8.44065         26 0.0000e+00
    424.000    419.187    -1.7386  27.108679    -1.7379  27.108600     6.4267     6.5694     0.5223    95.5751 1.0000e-12  -73.95646 -118.64804  46.368014      99.89 2.2917e+01    685.405      16451  1029.4911  1029.4903     4.5339     0.1084     0.1186    34.1090    34.1081    8.44121         25 0.0000e+00
    425.000    420.175    -1.7406  27.107719    -1.7396  27.107870     6.4320     6.5675     0.5065    95.3479 1.0000e-12  -73.95646 -118.64806  46.368026      90.46 2.2917e+01    686.460      16476  1029.4962  1029.4955     4.5232     0.1426     0.1212    34.1093    34.1084    8.44164         25 0.0000e+00
    426.000    421.161    -1.7394  27.109446    -1.7385  27.109523     6.4080     6.5770     0.9126    95.7760 1.0000e-12  -73.95646 -118.64804  46.368038      92.89 2.2917e+01    687.498      16501  1029.5012  1029.5005     4.5435     0.1545     0.1211    34.1098    34.1088    8.44135         25 0.0000e+00
    427.000    422.150    -1.7403  27.109215    -1.7396  27.109194     6.4220     6.5750     0.6940    95.7483 1.0000e-12  -73.95646 -118.64804  46.368050      99.45 2.3650e+01    688.545      16526  1029.5061  1029.5054     4.5422     0.1798     0.1230    34.1099    34.1090    8.44155         26 0.0000e+00
    428.000    423.137    -1.7414  27.108937    -1.7406  27.108966     6.4259     6.5717     0.3791    95.9454 1.0000e-12  -73.95646 -118.64805  46.368063      99.88 2.3440e+01    689.662      16553  1029.5111  1029.5104     4.5514     0.1193     0.1166    34.1101    34.1092    8.44178         27 0.0000e+00
    429.000    424.125    -1.7433  27.108184    -1.7426  27.108107     6.4230     6.5761     0.4917    95.7421 1.0000e-12  -73.95646 -118.64805  46.368076      99.87 2.2979e+01    690.786      16580  1029.5164  1029.5157     4.5420     0.2271     0.1273    34.1106    34.1097    8.44219         26 0.0000e+00
    430.000    425.113    -1.7438  27.108336    -1.7430  27.108536     6.4212     6.5868     0.6191    95.8578 1.0000e-12  -73.95646 -118.64805  46.368088      99.87 2.3397e+01    691.831      16605  1029.5213  1029.5207     4.5474     0.1971     0.1221    34.1107    34.1101    8.44229         25 0.0000e+00
    431.000    426.100    -1.7444  27.108497    -1.7437  27.108339     6.4263     6.5818     0.5416    95.8571 1.0000e-12  -73.95646 -118.64805  46.368100      99.88 2.2914e+01    692.881      16630  1029.5264  1029.5254     4.5474     0.1352     0.1205    34.1111    34.1100    8.44241         25 0.0000e+00
    432.000    427.087    -1.7455  27.108452    -1.7448  27.108350     6.4255     6.5819     0.5525    95.9256 1.0000e-12  -73.95646 -118.64805  46.368113      99.88 2.2917e+01    693.941      16656  1029.5317  1029.5308     4.5505     0.1174     0.1187    34.1117    34.1107    8.44263         25 0.0000e+00
    433.000    428.076    -1.7451  27.109883    -1.7444  27.109767     6.4178     6.5776     0.3950    95.7559 1.0000e-12  -73.95646 -118.64805  46.368125      99.87 2.2917e+01    694.973      16680  1029.5371  1029.5363     4.5426     0.1837     0.1163    34.1126    34.1116    8.44249         25 0.0000e+00
    434.000    429.063    -1.7430  27.112441    -1.7422  27.112483     6.4076     6.5783     0.2801    95.7554 1.0000e-12  -73.95646 -118.64805  46.368137      99.88 2.2917e+01    696.050      16706  1029.5422  1029.5414     4.5425     0.1471     0.1183    34.1131    34.1122    8.44197         27 0.0000e+00
    435.000    430.050    -1.7439  27.112529    -1.7432  27.112387     6.4399     6.5801     0.3982    95.8371 1.0000e-12  -73.95646 -118.64804  46.368150      99.87 2.2917e+01    697.161      16733  1029.5474  1029.5466     4.5464     0.1361     0.1215    34.1136    34.1126    8.44214         26 0.0000e+00
    436.000    431.038    -1.7416  27.115483    -1.7410  27.115358     6.4315     6.5671     0.9885    95.6654 1.0000e-12  -73.95646 -118.64806  46.368162      99.89 2.2917e+01    698.237      16759  1029.5527  1029.5520     4.5383     0.1197     0.1184    34.1144    34.1136    8.44157         26 0.0000e+00
    437.000    432.026    -1.7397  27.118068    -1.7389  27.118070     6.4225     6.5825     0.6064    95.5181 1.0000e-12  -73.95646 -118.64804  46.368175      79.06 2.2917e+01    699.309      16784  1029.5580  1029.5572     4.5313     0.1380     0.1193    34.1153    34.1143    8.44109         24 0.0000e+00
    438.000    433.012    -1.7393  27.119042    -1.7384  27.119006     6.4573     6.6104     0.7594    96.0061 1.0000e-12  -73.95646 -118.64804  46.368187      92.40 2.2917e+01    700.374      16810  1029.5629  1029.5621     4.5544     0.1670     0.1209    34.1155    34.1145    8.44097         25 0.0000e+00
    439.000    434.002    -1.7497  27.110462    -1.7487  27.110904     6.4722     6.6280     0.3913    95.8053 1.0000e-12  -73.95646 -118.64804  46.368199      99.86 2.2917e+01    701.393      16834  1029.5679  1029.5675     4.5449     0.1655     0.1206    34.1149    34.1144    8.44338         24 0.0000e+00
    440.000    434.988    -1.7588  27.103939    -1.7578  27.104182     6.4718     6.6298     0.6085    94.9434 1.0000e-12  -73.95646 -118.64804  46.368211      99.88 2.2917e+01    702.443      16860  1029.5739  1029.5732     4.5040     0.1611     0.1162    34.1157    34.1148    8.44542         26 0.0000e+00
    441.000    435.976    -1.7571  27.105793    -1.7572  27.105016     6.4630     6.6291     0.4045    96.1260 1.0000e-12  -73.95646 -118.64804  46.368224      99.89 2.2917e+01    703.564      16887  1029.5785  1029.5777     4.5601     0.1268     0.1183    34.1157    34.1147    8.44503         27 0.0000e+00
    442.000    436.964    -1.7527  27.110124    -1.7550  27.107379     6.4750     6.6315     0.4409    95.6235 1.0000e-12  -73.95646 -118.64804  46.368237      99.83 2.2578e+01    704.647      16913  1029.5832  1029.5824     4.5363     0.3743     0.1373    34.1160    34.1149    8.44401         26 0.0000e+00
    443.000    437.950    -1.7555  27.108302    -1.7548  27.108331     6.4763     6.6381     0.3516    95.5362 1.0000e-12  -73.95646 -118.64804  46.368249      99.87 2.2565e+01    705.691      16938  1029.5882  1029.5875     4.5323     0.1950     0.1190    34.1161    34.1153    8.44465         25 0.0000e+00
    444.000    438.938    -1.7580  27.107044    -1.7575  27.107055     6.4861     6.6402     0.3686    95.9107 1.0000e-12  -73.95646 -118.64804  46.368261      99.88 2.2331e+01    706.725      16962  1029.5935  1029.5930     4.5496     0.1594     0.1202    34.1166    34.1159    8.44518         24 0.0000e+00
    445.000    439.925    -1.7588  27.107861    -1.7579  27.107716     6.4842     6.6410     0.7652    95.6625 1.0000e-12  -73.95646 -118.64804  46.368272      99.88 2.3143e+01    707.736      16987  1029.5994  1029.5985     4.5382     0.1189     0.1196    34.1180    34.1168    8.44527         24 0.0000e+00
    446.000    440.915    -1.7572  27.109809    -1.7566  27.109696     6.4669     6.6316     0.6357    95.8042 1.0000e-12  -73.95646 -118.64804  46.368284      99.89 2.2917e+01    708.770      17011  1029.6043  1029.6036     4.5449     0.1249     0.1209    34.1182    34.1174    8.44490         26 0.0000e+00
    447.000    441.901    -1.7574  27.110104    -1.7568  27.110033     6.4723     6.6287     0.3470    95.7844 1.0000e-12  -73.95646 -118.64804  46.368298      99.87 2.2917e+01    709.904      17039  1029.6091  1029.6084     4.5439     0.2564     0.1266    34.1183    34.1175    8.44494         28 0.0000e+00
    448.000    442.889    -1.7582  27.110054    -1.7574  27.110120     6.5027     6.6325     0.3980    95.6631 1.0000e-12  -73.95646 -118.64804  46.368310      99.88 2.2917e+01    711.003      17065  1029.6141  1029.6134     4.5381     0.1418     0.1169    34.1184    34.1177    8.44510         25 0.0000e+00
    449.000    443.876    -1.7588  27.110167    -1.7581  27.110091     6.4650     6.6363     0.3423    95.4277 1.0000e-12  -73.95646 -118.64804  46.368322      99.88 2.2917e+01    712.028      17090  1029.6191  1029.6182     4.5270     0.1885     0.1237    34.1187    34.1178    8.44524         24 0.0000e+00
    450.000    444.863    -1.7583  27.111391    -1.7576  27.111247     6.4731     6.6250     0.3596    95.6286 1.0000e-12  -73.95646 -118.64804  46.368334      83.01 2.2917e+01    713.048      17114  1029.6242  1029.6233     4.5365     0.1972     0.1215    34.1192    34.1182    8.44509         25 0.0000e+00
    451.000    445.851    -1.7540  27.116043    -1.7534  27.115883     6.4547     6.6119     0.3783    95.2244 1.0000e-12  -73.95646 -118.64804  46.368346      97.02 2.2917e+01    714.074      17139  1029.6294  1029.6286     4.5175     0.1675     0.1201    34.1202    34.1192    8.44406         25 0.0000e+00
    452.000    446.840    -1.7489  27.121275    -1.7485  27.120821     6.4417     6.6039     0.5345    95.5483 1.0000e-12  -73.95646 -118.64804  46.368358      99.81 2.2917e+01    715.122      17164  1029.6345  1029.6335     4.5326     0.1400     0.1197    34.1209    34.1198    8.44284         26 0.0000e+00
    453.000    447.825    -1.7444  27.125963    -1.7438  27.125709     6.4367     6.5973     0.6266    95.7168 1.0000e-12  -73.95646 -118.64804  46.368371      99.88 2.2917e+01    716.220      17190  1029.6396  1029.6387     4.5407     0.1469     0.1176    34.1217    34.1206    8.44178         26 0.0000e+00
    454.000    448.813    -1.7440  27.126874    -1.7433  27.126738     6.4308     6.5855     0.4747    95.7417 1.0000e-12  -73.95646 -118.64804  46.368383      99.89 2.2917e+01    717.289      17216  1029.6445  1029.6436     4.5419     0.1144     0.1152    34.1218    34.1208    8.44167         25 0.0000e+00
    455.000    449.802    -1.7397  27.131622    -1.7395  27.130937     6.4079     6.5736     0.5166    95.6096 1.0000e-12  -73.95646 -118.64804  46.368395      99.88 2.2917e+01    718.295      17240  1029.6499  1029.6488     4.5356     0.1438     0.1251    34.1229    34.1217    8.44063         24 0.0000e+00
    456.000    450.789    -1.7354  27.136038    -1.7348  27.135696     6.4127     6.5673     0.4420    95.6140 1.0000e-12  -73.95646 -118.64804  46.368407      99.88 2.2917e+01    719.331      17265  1029.6549  1029.6539     4.5358     0.1386     0.1187    34.1235    34.1223    8.43962         25 0.0000e+00
    457.000    451.776    -1.7342  27.137538    -1.7334  27.137496     6.4090     6.5609     0.3522    95.7625 1.0000e-12  -73.95646 -118.64804  46.368419      99.88 2.2917e+01    720.391      17290  1029.6597  1029.6589     4.5429     0.1085     0.1183    34.1235    34.1226    8.43933         25 0.0000e+00
    458.000    452.764    -1.7339  27.138388    -1.7331  27.138232     6.4106     6.5658     0.3025    95.6219 1.0000e-12  -73.95646 -118.64804  46.368431      99.88 2.1771e+01    721.431      17315  1029.6646  1029.6637     4.5362     0.1241     0.1227    34.1238    34.1227    8.43925         26 0.0000e+00
    459.000    453.751    -1.7337  27.138939    -1.7332  27.138548     6.3999     6.5600     0.2614    95.8477 1.0000e-12  -73.95646 -118.64804  46.368443      99.89 2.2627e+01    722.490      17341  1029.6694  1029.6685     4.5469     0.1098     0.1200    34.1237    34.1226    8.43922         25 0.0000e+00
    460.000    454.739    -1.7305  27.142667    -1.7296  27.142648     6.3840     6.5531     0.2945    95.8062 1.0000e-12  -73.95646 -118.64804  46.368455      99.88 2.2706e+01    723.553      17366  1029.6748  1029.6738     4.5450     0.1647     0.1192    34.1246    34.1235    8.43844         25 0.0000e+00
    461.000    455.726    -1.7234  27.149927    -1.7225  27.149854     6.3742     6.5365     0.2613    95.8535 1.0000e-12  -73.95646 -118.64804  46.368467      99.88 2.1729e+01    724.573      17391  1029.6802  1029.6791     4.5472     0.1244     0.1191    34.1260    34.1247    8.43674         25 0.0000e+00
    462.000    456.714    -1.7189  27.154433    -1.7180  27.154318     6.3793     6.5275     0.2395    95.6816 1.0000e-12  -73.95646 -118.64804  46.368479      76.38 2.2138e+01    725.615      17416  1029.6850  1029.6840     4.5390     0.1049     0.1178    34.1263    34.1252    8.43568         25 0.0000e+00
    463.000    457.701    -1.7177  27.156199    -1.7168  27.156107     6.3739     6.5368     0.4857    95.7860 1.0000e-12  -73.95646 -118.64804  46.368492      89.93 2.2284e+01    726.676      17441  1029.6901  1029.6892     4.5440     0.1064     0.1167    34.1268    34.1256    8.43537         25 0.0000e+00
    464.000    458.688    -1.7160  27.158364    -1.7151  27.158347     6.3739     6.5364     0.3450    96.1281 1.0000e-12  -73.95646 -118.64804  46.368503      99.83 2.1932e+01    727.703      17466  1029.6953  1029.6943     4.5602     0.1176     0.1192    34.1273    34.1262    8.43497         25 0.0000e+00
    465.000    459.676    -1.7152  27.159386    -1.7144  27.159414     6.3690     6.5295     0.2433    96.0249 1.0000e-12  -73.95646 -118.64804  46.368516      99.88 2.1968e+01    728.754      17491  1029.7000  1029.6992     4.5553     0.1234     0.1225    34.1272    34.1263    8.43480         26 0.0000e+00
    466.000    460.664    -1.7145  27.160660    -1.7135  27.160766     6.3631     6.5297     0.1955    95.8514 1.0000e-12  -73.95646 -118.64804  46.368528      99.88 2.2070e+01    729.824      17517  1029.7050  1029.7041     4.5471     0.2034     0.1204    34.1276    34.1265    8.43462         25 0.0000e+00
    467.000    461.651    -1.7130  27.162550    -1.7121  27.162509     6.3663     6.5258     0.4489    96.0706 1.0000e-12  -73.95646 -118.64804  46.368540      99.88 2.0777e+01    730.829      17541  1029.7099  1029.7090     4.5575     0.1324     0.1215    34.1278    34.1268    8.43425         23 0.0000e+00
