ocean_section_plots/required_files/ctd/dnbp2202_ctd251.cnv
* Sea-Bird SBE 9 Data File:
* FileName = D:\Data\raw\NBP2202_CTD251.hex
* Software Version Seasave V 7.26.7.121
* Temperature SN = 1649
* Conductivity SN = 2513
* Number of Bytes Per Scan = 40
* Number of Voltage Words = 5
* Number of Scans Averaged by the Deck Unit = 1
* NMEA Latitude = 74 00.34 S
* NMEA Longitude = 118 17.88 W
* NMEA UTC (Time) = Feb 15 2022  10:35:00
* NMEA baud rate = 9600
** Ship: RVIB N.B. Palmer
** Cruise: NBP2202 Thwaites
** Station: 159
** Operator: B. Bjork
# nquan = 28
# nvalues = 1100                        
# units = specified
# name 0 = prDM: Pressure, Digiquartz [db]
# name 1 = depSM: Depth [salt water, m]
# name 2 = t090C: Temperature [ITS-90, deg C]
# name 3 = c0mS/cm: Conductivity [mS/cm]
# name 4 = t190C: Temperature, 2 [ITS-90, deg C]
# name 5 = c1mS/cm: Conductivity, 2 [mS/cm]
# name 6 = sbeox0ML/L: Oxygen, SBE 43 [ml/l]
# name 7 = sbeox1ML/L: Oxygen, SBE 43, 2 [ml/l]
# name 8 = flECO-AFL: Fluorescence, WET Labs ECO-AFL/FL [mg/m^3]
# name 9 = CStarTr0: Beam Transmission, WET Labs C-Star [%]
# name 10 = par: PAR/Irradiance, Biospherical/Licor
# name 11 = latitude: Latitude [deg]
# name 12 = longitude: Longitude [deg]
# name 13 = timeJ: Julian Days
# name 14 = altM: Altimeter [m]
# name 15 = spar: SPAR, Biospherical/Licor
# name 16 = timeS: Time, Elapsed [seconds]
# name 17 = scan: Scan Count
# name 18 = density00: Density [density, kg/m^3]
# name 19 = density11: Density, 2 [density, kg/m^3]
# name 20 = v3: Voltage 3
# name 21 = v4: Voltage 4
# name 22 = v5: Voltage 5
# name 23 = sal00: Salinity, Practical [PSU]
# name 24 = sal11: Salinity, Practical, 2 [PSU]
# name 25 = oxsolML/L: Oxygen Saturation, Garcia & Gordon [ml/l]
# name 26 = nbin: number of scans per bin
# name 27 = flag: flag
# span 0 =      3.000,   1102.000       
# span 1 =      2.974,   1087.720       
# span 2 =    -1.7667,     0.6629       
# span 3 =  26.899899,  29.764679       
# span 4 =    -1.7662,     0.6656       
# span 5 =  26.900309,  29.765110       
# span 6 =     4.6360,     9.1177       
# span 7 =     4.7313,     9.4333       
# span 8 =    -0.0151,    14.4943       
# span 9 =    84.1765,    97.1635       
# span 10 = 1.0000e-12, 9.5482e+00      
# span 11 =  -74.00568,  -74.00566      
# span 12 = -118.29814, -118.29808      
# span 13 =  46.442606,  46.457740      
# span 14 =       3.98,     100.14      
# span 15 = 4.1100e+01, 6.3475e+01      
# span 16 =    141.162,   1448.729      
# span 17 =       3389,      34770      
# span 18 =  1027.1702,  1032.8854      
# span 19 =  1027.1741,  1032.8834      
# span 20 =     3.9934,     4.6093      
# span 21 =     0.0664,     2.2448      
# span 22 =     0.1089,     0.2142      
# span 23 =    33.8065,    34.5624      
# span 24 =    33.8105,    34.5603      
# span 25 =    7.89779,    8.45352      
# span 26 =         21,         47      
# span 27 = 0.0000e+00, 0.0000e+00      
# interval = decibars: 1                
# start_time = Feb 15 2022 10:35:00 [NMEA time, header]
# bad_flag = -9.990e-29
*END*
[from data line 104]
    107.000    105.864    -0.1746  28.061922    -0.1744  28.062576     8.9577     9.2304    11.6037    84.9250 1.0000e-12  -74.00566 -118.29810  46.444893      99.36 5.1941e+01    338.739       8131  1027.6854  1027.6859     4.0290     1.6309     0.1647    33.8352    33.8358    8.11279         28 0.0000e+00
    108.000    106.856    -0.1810  28.057299    -0.1807  28.058327     8.9271     9.2126    10.9285    86.2696 1.0000e-12  -74.00566 -118.29810  46.444908      99.44 5.2245e+01    340.041       8162  1027.6909  1027.6917     4.0927     1.6031     0.1852    33.8356    33.8366    8.11414         33 0.0000e+00
    109.000    107.844    -0.1980  28.043826    -0.2006  28.042887     8.9070     9.2006    10.0490    86.3616 1.0000e-12  -74.00566 -118.29810  46.444924      99.42 5.2298e+01    341.406       8195  1027.6972  1027.6986     4.0971     1.4951     0.1678    33.8359    33.8374    8.11774         33 0.0000e+00
    110.000    108.833    -0.2231  28.023799    -0.2232  28.024541     8.9052     9.1875     9.2251    87.3412 1.0000e-12  -74.00566 -118.29811  46.444939      99.46 5.2299e+01    342.712       8226  1027.7042  1027.7051     4.1435     2.0193     0.1655    33.8365    33.8375    8.12306         30 0.0000e+00
    111.000    109.823    -0.2247  28.023217    -0.2245  28.023701     8.9054     9.1881     8.4395    87.2840 1.0000e-12  -74.00566 -118.29811  46.444953      99.39 5.2339e+01    343.945       8256  1027.7092  1027.7095     4.1408     1.7630     0.1730    33.8369    33.8373    8.12337         29 0.0000e+00
    112.000    110.812    -0.2206  28.026666    -0.2207  28.027152     8.8950     9.1874     8.5995    87.6494 1.0000e-12  -74.00566 -118.29812  46.444967      97.51 5.2641e+01    345.159       8285  1027.7130  1027.7137     4.1582     1.5904     0.1495    33.8363    33.8371    8.12253         29 0.0000e+00
    113.000    111.801    -0.2256  28.023423    -0.2288  28.021291     8.8819     9.1716     7.5729    87.3502 1.0000e-12  -74.00566 -118.29810  46.444981      99.41 5.2886e+01    346.377       8314  1027.7186  1027.7194     4.1440     1.5128     0.1609    33.8369    33.8376    8.12356         29 0.0000e+00
    114.000    112.790    -0.2365  28.014577    -0.2385  28.013632     8.8673     9.1556    10.1520    87.1283 1.0000e-12  -74.00566 -118.29810  46.444995      99.52 5.2886e+01    347.586       8343  1027.7238  1027.7247     4.1334     1.2662     0.1857    33.8366    33.8376    8.12589         29 0.0000e+00
    115.000    113.779    -0.2492  28.004281    -0.2547  28.000657     8.8496     9.1334     9.8424    86.9297 1.0000e-12  -74.00566 -118.29810  46.445009      99.57 5.2886e+01    348.803       8372  1027.7293  1027.7307     4.1241     1.0840     0.1649    33.8364    33.8377    8.12863         29 0.0000e+00
    116.000    114.768    -0.2699  27.988215    -0.2699  27.988743     8.8064     9.0961     7.2438    87.5211 1.0000e-12  -74.00566 -118.29810  46.445023      99.39 5.2886e+01    349.973       8400  1027.7362  1027.7367     4.1521     1.5081     0.1764    33.8374    33.8381    8.13299         27 0.0000e+00
    117.000    115.757    -0.2788  27.981819    -0.2771  27.983800     8.7527     9.0550     7.3859    87.1933 1.0000e-12  -74.00566 -118.29810  46.445036      99.51 5.2886e+01    351.090       8427  1027.7421  1027.7424     4.1365     1.2428     0.1820    33.8382    33.8389    8.13485         27 0.0000e+00
    118.000    116.747    -0.2879  27.975546    -0.2899  27.974627     8.6786     8.9870     7.3992    87.5800 1.0000e-12  -74.00566 -118.29810  46.445049      99.55 5.2886e+01    352.210       8454  1027.7482  1027.7491     4.1549     1.1770     0.1777    33.8393    33.8402    8.13672         27 0.0000e+00
    119.000    117.735    -0.3191  27.953380    -0.3198  27.953665     8.6096     8.9175     6.2951    86.7130 1.0000e-12  -74.00566 -118.29810  46.445062      99.54 5.2886e+01    353.352       8481  1027.7588  1027.7598     4.1138     1.1882     0.1513    33.8438    33.8450    8.14315         28 0.0000e+00
    120.000    118.724    -0.3443  27.936986    -0.3440  27.938100     8.5420     8.8421     8.3316    87.9341 1.0000e-12  -74.00566 -118.29810  46.445075      99.51 5.2886e+01    354.488       8509  1027.7695  1027.7705     4.1717     1.2271     0.1640    33.8493    33.8505    8.14823         27 0.0000e+00
    121.000    119.714    -0.3570  27.929626    -0.3562  27.930747     8.4886     8.7838     8.1315    88.5787 1.0000e-12  -74.00566 -118.29810  46.445088      99.56 5.2886e+01    355.601       8535  1027.7780  1027.7783     4.2022     1.1364     0.1742    33.8531    33.8536    8.15075         26 0.0000e+00
    122.000    120.703    -0.3903  27.906503    -0.3915  27.906549     8.4334     8.7359     7.8588    88.1921 1.0000e-12  -74.00566 -118.29810  46.445101      99.57 5.2886e+01    356.713       8562  1027.7893  1027.7905     4.1839     1.1179     0.1573    33.8586    33.8600    8.15757         27 0.0000e+00
    123.000    121.692    -0.4084  27.892671    -0.4114  27.891880     8.3915     8.7076     5.5850    88.8472 1.0000e-12  -74.00566 -118.29810  46.445114      99.56 5.2886e+01    357.841       8589  1027.7959  1027.7980     4.2150     1.1144     0.1719    33.8596    33.8619    8.16140         27 0.0000e+00
    124.000    122.680    -0.4348  27.874085    -0.4372  27.873012     8.3779     8.6785     5.7368    88.9289 1.0000e-12  -74.00566 -118.29810  46.445127      99.35 5.3942e+01    358.971       8616  1027.8054  1027.8065     4.2188     1.0065     0.1526    33.8636    33.8648    8.16686         27 0.0000e+00
    125.000    123.670    -0.4470  27.866357    -0.4476  27.866718     8.3757     8.6712     5.8943    88.7399 1.0000e-12  -74.00566 -118.29810  46.445139      99.57 5.2952e+01    360.047       8642  1027.8126  1027.8137     4.2101     1.0667     0.1572    33.8662    33.8674    8.16932         25 0.0000e+00
    126.000    124.659    -0.4483  27.866941    -0.4482  27.867584     8.3773     8.6587     4.9068    89.4721 1.0000e-12  -74.00566 -118.29810  46.445152      99.60 5.2217e+01    361.092       8667  1027.8184  1027.8190     4.2444     1.0230     0.1537    33.8678    33.8686    8.16951         26 0.0000e+00
    127.000    125.647    -0.4456  27.869700    -0.4457  27.870207     8.3650     8.6467     4.6426    88.3345 1.0000e-12  -74.00566 -118.29810  46.445164      99.61 5.3183e+01    362.209       8694  1027.8227  1027.8233     4.1907     0.9773     0.1431    33.8679    33.8687    8.16893         28 0.0000e+00
    128.000    126.638    -0.4460  27.870918    -0.4462  27.871568     8.3554     8.6203     4.5727    88.4301 1.0000e-12  -74.00566 -118.29810  46.445178      99.69 5.3278e+01    363.383       8722  1027.8284  1027.8292     4.1954     0.7069     0.1472    33.8694    33.8704    8.16893         27 0.0000e+00
    129.000    127.625    -0.4540  27.866647    -0.4548  27.866741     8.3370     8.6011     4.4001    90.0593 1.0000e-12  -74.00566 -118.29810  46.445191      99.62 5.3166e+01    364.477       8748  1027.8356  1027.8364     4.2722     0.9497     0.1578    33.8720    33.8730    8.17051         25 0.0000e+00
    130.000    128.616    -0.4587  27.864703    -0.4598  27.864845     8.3048     8.5672     5.1824    89.9992 1.0000e-12  -74.00566 -118.29810  46.445202      99.56 5.3254e+01    365.482       8773  1027.8421  1027.8432     4.2696     1.1065     0.1760    33.8740    33.8754    8.17140         24 0.0000e+00
    131.000    129.604    -0.4632  27.862726    -0.4643  27.862622     8.2553     8.5128     5.4922    90.3096 1.0000e-12  -74.00566 -118.29810  46.445214      99.67 5.3588e+01    366.490       8797  1027.8483  1027.8493     4.2843     0.7830     0.1594    33.8758    33.8769    8.17226         25 0.0000e+00
    132.000    130.594    -0.4750  27.854886    -0.4751  27.855739     8.1761     8.4450     5.3076    89.8498 1.0000e-12  -74.00566 -118.29810  46.445226      99.70 5.2891e+01    367.554       8822  1027.8555  1027.8564     4.2631     0.7251     0.1491    33.8779    33.8791    8.17470         26 0.0000e+00
    133.000    131.582    -0.5047  27.833022    -0.5052  27.833856     8.0840     8.3556     4.2348    90.5877 1.0000e-12  -74.00566 -118.29810  46.445239      99.65 5.3597e+01    368.656       8849  1027.8647  1027.8661     4.2970     0.9007     0.1498    33.8810    33.8827    8.18092         27 0.0000e+00
    134.000    132.571    -0.5623  27.792125    -0.5645  27.792800     8.0185     8.2912     4.1293    89.5479 1.0000e-12  -74.00566 -118.29810  46.445252      99.66 5.4223e+01    369.745       8875  1027.8806  1027.8834     4.2482     0.8217     0.1566    33.8899    33.8932    8.19286         25 0.0000e+00
    135.000    133.559    -0.5883  27.774290    -0.5879  27.775615     7.9577     8.2341     4.1546    89.2179 1.0000e-12  -74.00566 -118.29810  46.445263      95.63 5.3797e+01    370.770       8899  1027.8904  1027.8915     4.2326     0.9980     0.1627    33.8943    33.8957    8.19822         23 0.0000e+00
    136.000    134.550    -0.6107  27.757254    -0.6113  27.758210     7.9241     8.1918     4.2737    89.8252 1.0000e-12  -74.00566 -118.29810  46.445275      93.48 5.2951e+01    371.739       8923  1027.8976  1027.8992     4.2613     0.8059     0.1587    33.8959    33.8978    8.20300         24 0.0000e+00
    137.000    135.538    -0.6512  27.726574    -0.6528  27.726743     7.8807     8.1434     4.6038    89.8102 1.0000e-12  -74.00566 -118.29810  46.445286      99.55 5.3372e+01    372.730       8947  1027.9076  1027.9093     4.2607     0.8246     0.1529    33.8993    33.9013    8.21159         25 0.0000e+00
    138.000    136.527    -0.6801  27.704789    -0.6805  27.706157     7.7842     8.0275     4.1087    90.6794 1.0000e-12  -74.00566 -118.29810  46.445298      99.68 5.4623e+01    373.770       8971  1027.9158  1027.9177     4.3018     0.7889     0.1473    33.9017    33.9040    8.21774         25 0.0000e+00
    139.000    137.517    -0.7239  27.671498    -0.7255  27.672234     7.6686     7.9145     3.0809    90.8085 1.0000e-12  -74.00566 -118.29810  46.445311      99.70 5.3729e+01    374.837       8997  1027.9260  1027.9283     4.3080     0.6987     0.1505    33.9053    33.9080    8.22707         25 0.0000e+00
    140.000    138.504    -0.7626  27.642217    -0.7653  27.641924     7.4673     7.7556     3.4757    91.2057 1.0000e-12  -74.00566 -118.29810  46.445323      99.69 5.4668e+01    375.875       9022  1027.9355  1027.9377     4.3268     0.7150     0.1484    33.9085    33.9111    8.23533         24 0.0000e+00
    141.000    139.493    -0.8713  27.554536    -0.8713  27.558973     7.3034     7.6002     4.1060    91.7219 1.0000e-12  -74.00566 -118.29810  46.445334      99.69 5.4024e+01    376.852       9045  1027.9494  1027.9543     4.3511     0.7390     0.1468    33.9113    33.9173    8.25897         23 0.0000e+00
    142.000    140.484    -0.9970  27.460121    -0.9941  27.465234     7.1736     7.4811     3.3737    90.6422 1.0000e-12  -74.00566 -118.29810  46.445345      99.68 5.3048e+01    377.783       9068  1027.9722  1027.9750     4.3003     0.7772     0.1515    33.9239    33.9277    8.28588         23 0.0000e+00
    143.000    141.473    -1.0447  27.422396    -1.0420  27.427345     7.0741     7.3905     3.2637    91.2366 1.0000e-12  -74.00566 -118.29810  46.445356      99.70 5.4267e+01    378.759       9091  1027.9804  1027.9832     4.3282     0.6971     0.1432    33.9258    33.9295    8.29632         24 0.0000e+00
    144.000    142.461    -1.1512  27.339158    -1.1369  27.353937     7.0048     7.2927     4.1711    92.0073 1.0000e-12  -74.00566 -118.29810  46.445368      99.71 5.4297e+01    379.809       9116  1027.9958  1027.9981     4.3648     0.6694     0.1460    33.9319    33.9358    8.31958         25 0.0000e+00
    145.000    143.450    -1.1958  27.305589    -1.2011  27.304016     6.9381     7.1867     3.4254    90.9836 1.0000e-12  -74.00566 -118.29810  46.445380      99.72 5.3721e+01    380.853       9141  1028.0051  1028.0086     4.3162     0.5868     0.1424    33.9357    33.9396    8.32925         25 0.0000e+00
    146.000    144.440    -1.2176  27.290013    -1.2163  27.292683     6.7972     7.0559     2.9000    91.2661 1.0000e-12  -74.00566 -118.29810  46.445392      99.76 5.4815e+01    381.845       9165  1028.0121  1028.0137     4.3296     0.4209     0.1476    33.9385    33.9406    8.33396         23 0.0000e+00
    147.000    145.427    -1.2480  27.262380    -1.2399  27.273618     6.6115     6.9190     2.6542    92.4943 1.0000e-12  -74.00566 -118.29810  46.445403      99.74 5.4486e+01    382.780       9188  1028.0143  1028.0188     4.3878     0.5741     0.1551    33.9344    33.9406    8.34098         22 0.0000e+00
    148.000    146.417    -1.3774  27.162724    -1.3765  27.166944     6.4832     6.8020     2.6916    92.4708 1.0000e-12  -74.00566 -118.29810  46.445413      99.74 5.3367e+01    383.688       9210  1028.0336  1028.0376     4.3865     0.5610     0.1488    33.9437    33.9485    8.36939         22 0.0000e+00
    149.000    147.405    -1.5084  27.063777    -1.5024  27.072624     6.4414     6.7229     2.8590    91.2955 1.0000e-12  -74.00566 -118.29810  46.445424      89.47 5.4627e+01    384.629       9232  1028.0550  1028.0589     4.3313     0.5780     0.1427    33.9556    33.9610    8.39818         24 0.0000e+00
    150.000    148.396    -1.5474  27.037357    -1.5502  27.037887     6.4424     6.6953     2.2110    91.4995 1.0000e-12  -74.00566 -118.29810  46.445436      99.63 5.4301e+01    385.654       9257  1028.0660  1028.0694     4.3407     0.4491     0.1405    33.9629    33.9669    8.40656         25 0.0000e+00
    151.000    149.383    -1.5585  27.030306    -1.5586  27.032031     6.4556     6.6933     1.9612    92.5675 1.0000e-12  -74.00566 -118.29810  46.445448      99.77 5.4157e+01    386.699       9282  1028.0714  1028.0736     4.3914     0.4147     0.1379    33.9651    33.9677    8.40893         25 0.0000e+00
    152.000    150.374    -1.5622  27.028341    -1.5632  27.029579     6.4803     6.6911     1.8580    92.7830 1.0000e-12  -74.00566 -118.29810  46.445460      99.76 5.4857e+01    387.711       9306  1028.0757  1028.0781     4.4016     0.4324     0.1347    33.9661    33.9689    8.40973         24 0.0000e+00
    153.000    151.362    -1.5665  27.026026    -1.5677  27.026841     6.5046     6.7018     2.7836    93.1866 1.0000e-12  -74.00566 -118.29810  46.445471      99.70 5.4809e+01    388.686       9329  1028.0802  1028.0823     4.4204     0.6560     0.1460    33.9672    33.9696    8.41064         22 0.0000e+00
    154.000    152.351    -1.5626  27.030435    -1.5633  27.031361     6.5237     6.7142     2.1978    92.8639 1.0000e-12  -74.00566 -118.29810  46.445482      99.75 5.4648e+01    389.632       9352  1028.0844  1028.0861     4.4057     0.4543     0.1354    33.9681    33.9702    8.40968         23 0.0000e+00
    155.000    153.340    -1.5590  27.033734    -1.5602  27.034444     6.5375     6.7056     1.9242    93.5807 1.0000e-12  -74.00566 -118.29810  46.445493      99.75 5.4877e+01    390.573       9375  1028.0878  1028.0899     4.4394     0.4522     0.1442    33.9679    33.9703    8.40887         23 0.0000e+00
    156.000    154.327    -1.5620  27.032434    -1.5617  27.034327     6.5475     6.7123     1.6628    93.1162 1.0000e-12  -74.00566 -118.29810  46.445504      99.77 5.4725e+01    391.547       9398  1028.0929  1028.0947     4.4174     0.3844     0.1326    33.9690    33.9712    8.40951         24 0.0000e+00
    157.000    155.318    -1.5597  27.035387    -1.5589  27.037217     6.5308     6.6925     2.1965    93.9677 1.0000e-12  -74.00566 -118.29810  46.445516      99.74 5.4363e+01    392.543       9422  1028.0973  1028.0986     4.4578     0.5257     0.1374    33.9698    33.9714    8.40892         24 0.0000e+00
