ocean_section_plots/required_files/ctd/dnbp2202_ctd191.cnv
* Sea-Bird SBE 9 Data File:
* FileName = D:\Data\raw\NBP2202_CTD191.hex
* Software Version Seasave V 7.26.7.121
* Temperature SN = 1649
* Conductivity SN = 2513
* Number of Bytes Per Scan = 40
* Number of Voltage Words = 5
* Number of Scans Averaged by the Deck Unit = 1
* NMEA Latitude = 74 10.34 S
* NMEA Longitude = 113 16.18 W
* NMEA UTC (Time) = Feb 07 2022  10:35:03
* NMEA baud rate = 9600
** Ship: RVIB N.B. Palmer
** Cruise: NBP2202 Thwaites
** Station: 112
** Operator: B Bjork
# nquan = 28
# nvalues = 731                         
# units = specified
# name 0 = prDM: Pressure, Digiquartz [db]
# name 1 = depSM: Depth [salt water, m]
# name 2 = t090C: Temperature [ITS-90, deg C]
# name 3 = c0mS/cm: Conductivity [mS/cm]
# name 4 = t190C: Temperature, 2 [ITS-90, deg C]
# name 5 = c1mS/cm: Conductivity, 2 [mS/cm]
# name 6 = sbeox0ML/L: Oxygen, SBE 43 [ml/l]
# name 7 = sbeox1ML/L: Oxygen, SBE 43, 2 [ml/l]
# name 8 = flECO-AFL: Fluorescence, WET Labs ECO-AFL/FL [mg/m^3]
# name 9 = CStarTr0: Beam Transmission, WET Labs C-Star [%]
# name 10 = par: PAR/Irradiance, Biospherical/Licor
# name 11 = latitude: Latitude [deg]
# name 12 = longitude: Longitude [deg]
# name 13 = timeJ: Julian Days
# name 14 = altM: Altimeter [m]
# name 15 = spar: SPAR, Biospherical/Licor
# name 16 = timeS: Time, Elapsed [seconds]
# name 17 = scan: Scan Count
# name 18 = density00: Density [density, kg/m^3]
# name 19 = density11: Density, 2 [density, kg/m^3]
# name 20 = v3: Voltage 3
# name 21 = v4: Voltage 4
# name 22 = v5: Voltage 5
# name 23 = sal00: Salinity, Practical [PSU]
# name 24 = sal11: Salinity, Practical, 2 [PSU]
# name 25 = oxsolML/L: Oxygen Saturation, Garcia & Gordon [ml/l]
# name 26 = nbin: number of scans per bin
# name 27 = flag: flag
# span 0 =      2.000,    732.000       
# span 1 =      1.982,    723.147       
# span 2 =    -1.5830,     0.2250       
# span 3 =  26.901485,  29.131445       
# span 4 =    -1.5820,     0.2274       
# span 5 =  26.902890,  29.131511       
# span 6 =     4.6633,     8.7449       
# span 7 =     4.7440,     8.9835       
# span 8 =    -0.0217,    21.5586       
# span 9 =    75.2768,    98.3445       
# span 10 = 1.0000e-12, 1.5842e+01      
# span 11 =  -74.17250,  -74.17249      
# span 12 = -113.26982, -113.26972      
# span 13 =  38.442897,  38.452559      
# span 14 =       7.38,     100.60      
# span 15 = 3.8655e+01, 4.5893e+01      
# span 16 =    163.255,    998.078      
# span 17 =       3919,      23955      
# span 18 =  1027.1746,  1031.0956      
# span 19 =  1027.1731,  1031.0933      
# span 20 =     3.5715,     4.6652      
# span 21 =     0.0636,     3.6236      
# span 22 =     0.1174,     0.2522      
# span 23 =    33.7813,    34.4346      
# span 24 =    33.7799,    34.4320      
# span 25 =    7.99494,    8.41860      
# span 26 =         15,         46      
# span 27 = 0.0000e+00, 0.0000e+00      
# interval = decibars: 1                
# start_time = Feb 07 2022 10:35:03 [NMEA time, header]
# bad_flag = -9.990e-29
*END*
[from data line 156]
    158.000    156.306    -1.5023  27.060305    -1.5010  27.060264     6.1724     6.2992     0.4041    97.7507 1.0000e-12  -74.17250 -113.26982  38.445302      99.95 4.4070e+01    371.066       8907  1028.0692  1028.0678     4.6371     0.1188     0.1221    33.9382    33.9366    8.39784         24 0.0000e+00
    159.000    157.293    -1.5007  27.062669    -1.4999  27.062260     6.1775     6.3129     0.4657    97.5450 1.0000e-12  -74.17250 -113.26980  38.445313      99.94 4.4072e+01    372.058       8930  1028.0747  1028.0733     4.6274     0.1173     0.1252    33.9391    33.9375    8.39744         24 0.0000e+00
    160.000    158.284    -1.4999  27.064431    -1.4994  27.063404     6.1695     6.3062     0.4833    97.6353 1.0000e-12  -74.17250 -113.26982  38.445324      99.94 4.4072e+01    373.014       8953  1028.0801  1028.0784     4.6317     0.1187     0.1207    33.9399    33.9379    8.39719         22 0.0000e+00
    161.000    159.270    -1.4918  27.073783    -1.4909  27.073075     6.1630     6.3069     0.3681    97.6681 1.0000e-12  -74.17250 -113.26981  38.445335      99.95 4.4072e+01    373.961       8976  1028.0869  1028.0853     4.6332     0.1217     0.1235    33.9430    33.9410    8.39518         23 0.0000e+00
    162.000    160.261    -1.4856  27.080689    -1.4857  27.078767     6.1516     6.3032     0.3977    97.6812 1.0000e-12  -74.17250 -113.26981  38.445346      99.94 4.4072e+01    374.931       8999  1028.0929  1028.0909     4.6338     0.1343     0.1244    33.9449    33.9423    8.39368         24 0.0000e+00
    163.000    161.249    -1.4759  27.090242    -1.4749  27.089904     6.1282     6.2828     0.3993    97.5940 1.0000e-12  -74.17250 -113.26981  38.445358      99.94 4.4072e+01    375.905       9023  1028.0984  1028.0970     4.6297     0.1320     0.1222    33.9464    33.9447    8.39140         23 0.0000e+00
    164.000    162.239    -1.4743  27.092851    -1.4739  27.091532     6.1251     6.2711     0.4549    97.4926 1.0000e-12  -74.17250 -113.26980  38.445369      99.93 4.4072e+01    376.861       9046  1028.1041  1028.1023     4.6250     0.1561     0.1228    33.9475    33.9453    8.39096         23 0.0000e+00
    165.000    163.227    -1.4401  27.128496    -1.4397  27.126733     6.1363     6.2758     0.4423    97.6380 1.0000e-12  -74.17250 -113.26980  38.445380      99.94 4.4072e+01    377.814       9069  1028.1147  1028.1124     4.6317     0.1266     0.1227    33.9572    33.9543    8.38269         23 0.0000e+00
    166.000    164.216    -1.4317  27.138024    -1.4305  27.137634     6.1613     6.3063     0.3833    97.4786 1.0000e-12  -74.17250 -113.26980  38.445391      99.94 4.4072e+01    378.774       9092  1028.1216  1028.1199     4.6242     0.1420     0.1240    33.9601    33.9582    8.38062         23 0.0000e+00
    167.000    165.205    -1.4427  27.129738    -1.4421  27.129110     6.1893     6.3367     0.4290    97.5907 1.0000e-12  -74.17250 -113.26980  38.445402      99.94 4.4072e+01    379.749       9115  1028.1276  1028.1264     4.6295     0.1359     0.1259    33.9606    33.9591    8.38306         24 0.0000e+00
    168.000    166.195    -1.4530  27.121491    -1.4535  27.120035     6.2175     6.3594     0.5135    97.6267 1.0000e-12  -74.17250 -113.26980  38.445414      99.94 4.4072e+01    380.744       9139  1028.1329  1028.1319     4.6312     0.1292     0.1256    33.9603    33.9589    8.38540         24 0.0000e+00
    169.000    167.183    -1.4624  27.114448    -1.4621  27.113664     6.2289     6.3682     0.5546    97.4428 1.0000e-12  -74.17250 -113.26980  38.445425      99.94 4.4072e+01    381.728       9162  1028.1388  1028.1376     4.6225     0.1358     0.1243    33.9607    33.9593    8.38750         23 0.0000e+00
    170.000    168.173    -1.4667  27.111617    -1.4654  27.111459     6.2249     6.3637     0.5612    97.4889 1.0000e-12  -74.17250 -113.26980  38.445436      99.94 4.4072e+01    382.709       9186  1028.1441  1028.1427     4.6248     0.1332     0.1250    33.9610    33.9593    8.38844         23 0.0000e+00
    171.000    169.160    -1.4652  27.113486    -1.4639  27.113376     6.2325     6.3668     1.3154    97.3886 1.0000e-12  -74.17250 -113.26980  38.445448      99.94 4.3228e+01    383.709       9210  1028.1491  1028.1476     4.6200     0.1572     0.1225    33.9613    33.9596    8.38809         25 0.0000e+00
    172.000    170.149    -1.4635  27.116374    -1.4622  27.116247     6.2294     6.3751     0.6924    97.0540 1.0000e-12  -74.17250 -113.26980  38.445460      99.94 4.4434e+01    384.725       9234  1028.1550  1028.1535     4.6041     0.1591     0.1238    33.9627    33.9611    8.38763         24 0.0000e+00
    173.000    171.138    -1.4670  27.114515    -1.4668  27.113585     6.2261     6.3769     0.5585    97.0269 1.0000e-12  -74.17250 -113.26980  38.445471      99.94 4.4146e+01    385.727       9258  1028.1607  1028.1594     4.6028     0.1344     0.1259    33.9635    33.9619    8.38837         24 0.0000e+00
    174.000    172.126    -1.4693  27.113530    -1.4687  27.112792     6.2205     6.3701     0.6194    97.0735 1.0000e-12  -74.17250 -113.26979  38.445483      99.94 4.3327e+01    386.742       9283  1028.1661  1028.1647     4.6050     0.1435     0.1249    33.9641    33.9624    8.38885         24 0.0000e+00
    175.000    173.116    -1.4676  27.115884    -1.4663  27.115776     6.2132     6.3618     0.5742    96.9124 1.0000e-12  -74.17250 -113.26978  38.445495      99.93 4.4861e+01    387.759       9307  1028.1713  1028.1699     4.5974     0.2078     0.1257    33.9648    33.9632    8.38843         25 0.0000e+00
    176.000    174.104    -1.4666  27.117909    -1.4652  27.117897     6.2046     6.3501     0.5210    97.0672 1.0000e-12  -74.17250 -113.26978  38.445506      99.94 4.4228e+01    388.745       9331  1028.1769  1028.1756     4.6047     0.1823     0.1265    33.9659    33.9642    8.38814         23 0.0000e+00
    177.000    175.094    -1.4641  27.122078    -1.4627  27.121954     6.1831     6.3376     0.4672    97.2800 1.0000e-12  -74.17250 -113.26978  38.445518      99.93 4.2983e+01    389.719       9354  1028.1834  1028.1819     4.6148     0.2206     0.1257    33.9681    33.9663    8.38743         24 0.0000e+00
    178.000    176.082    -1.4614  27.125427    -1.4602  27.125278     6.1715     6.3353     0.4225    97.2717 1.0000e-12  -74.17250 -113.26978  38.445529      99.94 4.4451e+01    390.705       9378  1028.1888  1028.1874     4.6144     0.1473     0.1249    33.9691    33.9675    8.38678         23 0.0000e+00
    179.000    177.071    -1.4580  27.129637    -1.4565  27.129486     6.1451     6.3134     0.6695    97.1895 1.0000e-12  -74.17250 -113.26978  38.445540      99.93 4.4367e+01    391.680       9401  1028.1945  1028.1928     4.6106     0.2055     0.1247    33.9704    33.9684    8.38593         24 0.0000e+00
    180.000    178.059    -1.4519  27.135541    -1.4508  27.135058     6.0761     6.2468     0.5836    97.2306 1.0000e-12  -74.17250 -113.26978  38.445552      99.94 4.3100e+01    392.648       9425  1028.1994  1028.1978     4.6125     0.1549     0.1224    33.9710    33.9690    8.38452         23 0.0000e+00
    181.000    179.048    -1.4408  27.146773    -1.4390  27.146615     5.9548     6.1347     0.6524    97.4697 1.0000e-12  -74.17250 -113.26978  38.445563      99.94 4.4213e+01    393.641       9448  1028.2054  1028.2035     4.6238     0.1494     0.1249    33.9732    33.9710    8.38190         24 0.0000e+00
    182.000    180.037    -1.3772  27.204730    -1.3754  27.203601     5.8842     6.0724     0.4492    97.2068 1.0000e-12  -74.17250 -113.26978  38.445574      98.75 4.5112e+01    394.603       9471  1028.2117  1028.2087     4.6113     0.1828     0.1231    33.9801    33.9765    8.36719         22 0.0000e+00
    183.000    181.027    -1.3404  27.237373    -1.3415  27.234178     5.8835     6.0546     0.3994    96.9094 1.0000e-12  -74.17250 -113.26978  38.445585      94.79 4.3282e+01    395.540       9494  1028.2164  1028.2140     4.5973     0.1384     0.1263    33.9825    33.9794    8.35879         23 0.0000e+00
    184.000    182.013    -1.3213  27.253153    -1.3197  27.252801     5.8934     6.0588     0.3688    97.2624 1.0000e-12  -74.17250 -113.26978  38.445596      99.91 4.4066e+01    396.473       9516  1028.2199  1028.2179     4.6140     0.1327     0.1268    33.9819    33.9796    8.35455         22 0.0000e+00
    185.000    183.004    -1.3535  27.226792    -1.3521  27.226730     5.9068     6.0686     0.3739    97.5227 1.0000e-12  -74.17250 -113.26978  38.445607      99.95 4.4072e+01    397.422       9539  1028.2269  1028.2255     4.6263     0.1324     0.1260    33.9816    33.9799    8.36178         23 0.0000e+00
    186.000    183.993    -1.3466  27.233589    -1.3451  27.233431     5.9230     6.0899     0.5178    97.3848 1.0000e-12  -74.17250 -113.26978  38.445618      99.94 4.4072e+01    398.391       9562  1028.2322  1028.2305     4.6198     0.1406     0.1242    33.9825    33.9805    8.36018         24 0.0000e+00
    187.000    184.980    -1.3432  27.236649    -1.3506  27.228674     5.9264     6.0749     0.5410    97.2623 1.0000e-12  -74.17250 -113.26978  38.445629      99.94 4.4072e+01    399.370       9586  1028.2367  1028.2352     4.6140     0.1069     0.1246    33.9822    33.9796    8.35943         23 0.0000e+00
    188.000    185.970    -1.3596  27.222684    -1.3569  27.223908     5.9330     6.0793     0.2870    97.1449 1.0000e-12  -74.17250 -113.26978  38.445641      99.94 4.5080e+01    400.345       9609  1028.2419  1028.2406     4.6084     0.1192     0.1247    33.9810    33.9796    8.36318         23 0.0000e+00
    189.000    186.960    -1.3577  27.226261    -1.3552  27.226294     5.9468     6.0950     0.2448    97.3960 1.0000e-12  -74.17250 -113.26978  38.445652      99.94 4.3835e+01    401.325       9633  1028.2483  1028.2460     4.6204     0.1114     0.1245    33.9831    33.9803    8.36262         24 0.0000e+00
    190.000    187.947    -1.3392  27.241468    -1.3409  27.239488     5.9344     6.0857     0.3757    97.5990 1.0000e-12  -74.17250 -113.26978  38.445664      99.94 4.3719e+01    402.334       9657  1028.2516  1028.2510     4.6299     0.1030     0.1270    33.9824    33.9816    8.35853         25 0.0000e+00
    191.000    188.934    -1.3682  27.220749    -1.3682  27.218563     5.9020     6.0571     0.4757    97.7208 1.0000e-12  -74.17250 -113.26978  38.445675      99.93 4.5378e+01    403.335       9681  1028.2614  1028.2590     4.6357     0.1398     0.1243    33.9862    33.9832    8.36479         23 0.0000e+00
    192.000    189.926    -1.3367  27.247583    -1.3363  27.246273     5.8904     6.0455     0.4294    97.7151 1.0000e-12  -74.17250 -113.26976  38.445687      99.94 4.4060e+01    404.343       9705  1028.2646  1028.2628     4.6355     0.1442     0.1243    33.9867    33.9845    8.35770         25 0.0000e+00
    193.000    190.915    -1.3293  27.254227    -1.3291  27.252840     5.8530     6.0132     0.2689    97.6698 1.0000e-12  -74.17250 -113.26976  38.445699      99.94 4.4072e+01    405.377       9730  1028.2693  1028.2675     4.6333     0.1145     0.1240    33.9869    33.9847    8.35605         25 0.0000e+00
    194.000    191.901    -1.3185  27.264894    -1.3165  27.264752     5.7740     5.9403     0.3351    97.6276 1.0000e-12  -74.17250 -113.26976  38.445711      99.94 4.4072e+01    406.416       9755  1028.2749  1028.2728     4.6313     0.1195     0.1236    33.9886    33.9862    8.35352         25 0.0000e+00
    195.000    192.890    -1.2992  27.284459    -1.2960  27.284527     5.7260     5.8770     0.3618    97.7981 1.0000e-12  -74.17250 -113.26976  38.445723      90.09 4.4072e+01    407.443       9780  1028.2821  1028.2790     4.6394     0.1025     0.1273    33.9930    33.9894    8.34896         24 0.0000e+00
    196.000    193.881    -1.2413  27.333594    -1.2480  27.326567     5.7354     5.8772     0.2699    97.9015 1.0000e-12  -74.17250 -113.26976  38.445735      99.59 4.3056e+01    408.467       9804  1028.2842  1028.2831     4.6443     0.1193     0.1230    33.9940    33.9920    8.33595         25 0.0000e+00
    197.000    194.868    -1.2454  27.331719    -1.2420  27.332973     5.7729     5.9112     0.2963    97.8486 1.0000e-12  -74.17250 -113.26976  38.445746      99.95 4.3411e+01    409.480       9829  1028.2908  1028.2889     4.6418     0.0957     0.1261    33.9954    33.9933    8.33678         24 0.0000e+00
    198.000    195.856    -1.2760  27.305309    -1.2722  27.307496     5.8198     5.9427     0.1064    97.8505 1.0000e-12  -74.17250 -113.26976  38.445758      99.95 4.3226e+01    410.471       9852  1028.2964  1028.2950     4.6418     0.0897     0.1229    33.9934    33.9920    8.34375         23 0.0000e+00
    199.000    196.847    -1.2890  27.294939    -1.2903  27.292541     5.8634     5.9921     0.0960    97.9966 1.0000e-12  -74.17250 -113.26976  38.445769      99.94 4.2519e+01    411.460       9876  1028.3020  1028.3006     4.6488     0.0998     0.1247    33.9933    33.9914    8.34665         25 0.0000e+00
    200.000    197.833    -1.3065  27.280546    -1.3083  27.277869     5.9051     6.0303     0.0881    97.9456 1.0000e-12  -74.17250 -113.26976  38.445781      99.94 4.3076e+01    412.459       9900  1028.3077  1028.3064     4.6464     0.0916     0.1254    33.9928    33.9911    8.35060         23 0.0000e+00
    201.000    198.824    -1.3206  27.269644    -1.3208  27.267633     5.9388     6.0562     0.0875    97.9333 1.0000e-12  -74.17250 -113.26976  38.445792      99.94 4.3266e+01    413.449       9924  1028.3138  1028.3117     4.6458     0.0889     0.1260    33.9932    33.9906    8.35373         24 0.0000e+00
    202.000    199.811    -1.3380  27.254871    -1.3396  27.252430     5.9745     6.0976     0.3203    97.9641 1.0000e-12  -74.17250 -113.26976  38.445804      99.94 4.2539e+01    414.424       9947  1028.3187  1028.3175     4.6473     0.0974     0.1248    33.9919    33.9905    8.35768         24 0.0000e+00
    203.000    200.800    -1.3439  27.250610    -1.3432  27.250104     6.0163     6.1315     0.2124    98.0181 1.0000e-12  -74.17250 -113.26976  38.445815      99.94 4.2745e+01    415.415       9971  1028.3240  1028.3227     4.6498     0.0918     0.1242    33.9923    33.9907    8.35900         24 0.0000e+00
    204.000    201.790    -1.3691  27.230213    -1.3664  27.231618     6.0680     6.1806     0.2223    98.0562 1.0000e-12  -74.17250 -113.26976  38.445827      99.94 4.3835e+01    416.422       9995  1028.3304  1028.3292     4.6516     0.0884     0.1205    33.9923    33.9911    8.36465         24 0.0000e+00
    205.000    202.777    -1.3829  27.219579    -1.3815  27.219645     6.1176     6.2391     0.1797    98.0505 1.0000e-12  -74.17250 -113.26976  38.445838      99.95 4.2694e+01    417.423      10019  1028.3362  1028.3349     4.6513     0.0924     0.1216    33.9927    33.9912    8.36772         24 0.0000e+00
    206.000    203.767    -1.4094  27.197229    -1.4090  27.196990     6.1634     6.2840     0.1361    98.0557 1.0000e-12  -74.17250 -113.26976  38.445850      99.94 4.2458e+01    418.429      10043  1028.3415  1028.3408     4.6516     0.0871     0.1245    33.9914    33.9906    8.37375         24 0.0000e+00
    207.000    204.754    -1.4422  27.171210    -1.4407  27.171529     6.2012     6.3200     0.1567    98.0705 1.0000e-12  -74.17250 -113.26976  38.445862      99.31 4.4565e+01    419.458      10068  1028.3488  1028.3477     4.6523     0.0904     0.1195    33.9922    33.9909    8.38107         25 0.0000e+00
    208.000    205.743    -1.4509  27.165134    -1.4499  27.164845     6.2235     6.3438     0.1514    98.0572 1.0000e-12  -74.17250 -113.26976  38.445874      85.62 4.2737e+01    420.497      10093  1028.3545  1028.3532     4.6517     0.0911     0.1184    33.9931    33.9916    8.38298         25 0.0000e+00
