ocean_section_plots/required_files/ctd/dnbp2202_ctd152.cnv
* Sea-Bird SBE 9 Data File:
* FileName = D:\Data\raw\NBP2202_CTD152.hex
* Software Version Seasave V 7.26.7.121
* Temperature SN = 1649
* Conductivity SN = 2513
* Number of Bytes Per Scan = 40
* Number of Voltage Words = 5
* Number of Scans Averaged by the Deck Unit = 1
* NMEA Latitude = 74 06.59 S
* NMEA Longitude = 113 19.34 W
* NMEA UTC (Time) = Jan 31 2022  12:10:33
* NMEA baud rate = 9600
** Ship: RVIB N.B. Palmer
** Cruise: NBP2202 Thwaites
** Station: Yo-Yo 002
** Operator: B. Bjork
# nquan = 28
# nvalues = 414                         
# units = specified
# name 0 = prDM: Pressure, Digiquartz [db]
# name 1 = depSM: Depth [salt water, m]
# name 2 = t090C: Temperature [ITS-90, deg C]
# name 3 = c0mS/cm: Conductivity [mS/cm]
# name 4 = t190C: Temperature, 2 [ITS-90, deg C]
# name 5 = c1mS/cm: Conductivity, 2 [mS/cm]
# name 6 = sbeox0ML/L: Oxygen, SBE 43 [ml/l]
# name 7 = sbeox1ML/L: Oxygen, SBE 43, 2 [ml/l]
# name 8 = flECO-AFL: Fluorescence, WET Labs ECO-AFL/FL [mg/m^3]
# name 9 = CStarTr0: Beam Transmission, WET Labs C-Star [%]
# name 10 = par: PAR/Irradiance, Biospherical/Licor
# name 11 = latitude: Latitude [deg]
# name 12 = longitude: Longitude [deg]
# name 13 = timeJ: Julian Days
# name 14 = altM: Altimeter [m]
# name 15 = spar: SPAR, Biospherical/Licor
# name 16 = timeS: Time, Elapsed [seconds]
# name 17 = scan: Scan Count
# name 18 = density00: Density [density, kg/m^3]
# name 19 = density11: Density, 2 [density, kg/m^3]
# name 20 = v3: Voltage 3
# name 21 = v4: Voltage 4
# name 22 = v5: Voltage 5
# name 23 = sal00: Salinity, Practical [PSU]
# name 24 = sal11: Salinity, Practical, 2 [PSU]
# name 25 = oxsolML/L: Oxygen Saturation, Garcia & Gordon [ml/l]
# name 26 = nbin: number of scans per bin
# name 27 = flag: flag
# span 0 =     10.000,    423.000       
# span 1 =      9.896,    418.195       
# span 2 =    -1.4492,    -0.1917       
# span 3 =  27.035220,  28.524427       
# span 4 =    -1.4481,    -0.1895       
# span 5 =  27.034931,  28.524220       
# span 6 =     4.7747,     7.9816       
# span 7 =     4.8670,     8.1571       
# span 8 =    -0.0223,    21.3011       
# span 9 =    71.2517,    93.6683       
# span 10 = -6.733e-05, 4.9887e+00      
# span 11 =  -74.10992,  -74.10990      
# span 12 = -113.32236, -113.32232      
# span 13 =  31.507694,  31.514814      
# span 14 =       5.29,     100.87      
# span 15 = 1.1104e+03, 1.1686e+03      
# span 16 =     31.788,    646.896      
# span 17 =        764,      15527      
# span 18 =  1027.2372,  1029.5452      
# span 19 =  1027.2355,  1029.5430      
# span 20 =     3.3806,     4.4435      
# span 21 =     0.0634,     3.3735      
# span 22 =     0.1210,     0.2419      
# span 23 =    33.8041,    34.2800      
# span 24 =    33.8023,    34.2771      
# span 25 =    8.09112,    8.38970      
# span 26 =         17,         49      
# span 27 = 0.0000e+00, 0.0000e+00      
# interval = decibars: 1                
# start_time = Jan 31 2022 12:10:33 [NMEA time, header]
# bad_flag = -9.990e-29
*END*
[from data line 259]
    269.000    266.044    -0.7404  27.860123    -0.7388  27.859540     5.0596     5.1724    -0.0047    93.2818 1.0000e-12  -74.10992 -113.32234  31.512047      99.86 1.1518e+03    407.895       9790  1028.6979  1028.6958     4.4253     0.0754     0.1327    34.0991    34.0966    8.21941         25 0.0000e+00
    270.000    267.031    -0.7404  27.860598    -0.7385  27.860340     5.0616     5.1726    -0.0053    93.4083 1.0000e-12  -74.10992 -113.32234  31.512059      99.87 1.1514e+03    408.873       9814  1028.7028  1028.7007     4.4312     0.0696     0.1335    34.0992    34.0966    8.21941         24 0.0000e+00
    271.000    268.020    -0.7397  27.861668    -0.7378  27.861264     5.0638     5.1690    -0.0128    93.4237 1.0000e-12  -74.10992 -113.32235  31.512071      99.80 1.1520e+03    409.971       9840  1028.7076  1028.7054     4.4319     0.0695     0.1305    34.0992    34.0965    8.21925         29 0.0000e+00
    272.000    269.009    -0.7396  27.861919    -0.7378  27.861654     5.0641     5.1666    -0.0022    93.4206 1.0000e-12  -74.10992 -113.32235  31.512088      80.55 1.1507e+03    411.390       9874  1028.7123  1028.7102     4.4318     0.0711     0.1325    34.0989    34.0964    8.21926         38 0.0000e+00
    273.000    269.998    -0.7357  27.866511    -0.7335  27.866297     5.0575     5.1574    -0.0025    93.4408 1.0000e-12  -74.10992 -113.32235  31.512105      99.95 1.1488e+03    412.902       9911  1028.7177  1028.7154     4.4328     0.0689     0.1305    34.1000    34.0973    8.21834         34 0.0000e+00
    274.000    270.985    -0.7330  27.869667    -0.7301  27.870370     5.0571     5.1616    -0.0105    93.4418 1.0000e-12  -74.10992 -113.32236  31.512121      99.87 1.1497e+03    414.220       9942  1028.7229  1028.7208     4.4328     0.0733     0.1329    34.1007    34.0983    8.21772         29 0.0000e+00
    275.000    271.974    -0.7308  27.872414    -0.7289  27.872118     5.0545     5.1565    -0.0067    93.4160 1.0000e-12  -74.10992 -113.32236  31.512134      99.87 1.1528e+03    415.336       9969  1028.7280  1028.7259     4.4315     0.0718     0.1335    34.1012    34.0987    8.21719         24 0.0000e+00
    276.000    272.962    -0.7308  27.873026    -0.7301  27.871270     5.0527     5.1577    -0.0173    93.4160 1.0000e-12  -74.10992 -113.32236  31.512145      99.87 1.1516e+03    416.359       9994  1028.7330  1028.7306     4.4316     0.0698     0.1322    34.1015    34.0984    8.21719         27 0.0000e+00
    277.000    273.951    -0.7259  27.878501    -0.7247  27.874563     5.0481     5.1591    -0.0026    93.4169 1.0000e-12  -74.10992 -113.32236  31.512160      99.87 1.1479e+03    417.611      10024  1028.7385  1028.7331     4.4316     0.0713     0.1310    34.1028    34.0961    8.21605         33 0.0000e+00
    278.000    274.939    -0.7231  27.881613    -0.7219  27.880543     5.0487     5.1502    -0.0048    93.4091 1.0000e-12  -74.10992 -113.32235  31.512177      99.87 1.1474e+03    419.094      10059  1028.7436  1028.7413     4.4312     0.0701     0.1318    34.1032    34.1004    8.21542         37 0.0000e+00
    279.000    275.928    -0.7221  27.883086    -0.7202  27.882623     5.0495     5.1526    -0.0043    93.4192 1.0000e-12  -74.10992 -113.32235  31.512194      99.87 1.1511e+03    420.579      10095  1028.7485  1028.7462     4.4318     0.0707     0.1308    34.1035    34.1007    8.21518         30 0.0000e+00
    280.000    276.916    -0.7205  27.885151    -0.7188  27.884621     5.0442     5.1477    -0.0101    93.4202 1.0000e-12  -74.10992 -113.32235  31.512210      99.87 1.1525e+03    421.919      10127  1028.7536  1028.7513     4.4317     0.0692     0.1321    34.1038    34.1012    8.21481         31 0.0000e+00
    281.000    277.903    -0.7180  27.888197    -0.7161  27.887826     5.0353     5.1365    -0.0079    93.4135 1.0000e-12  -74.10992 -113.32235  31.512225      81.12 1.1528e+03    423.253      10159  1028.7588  1028.7565     4.4315     0.0675     0.1313    34.1045    34.1018    8.21423         34 0.0000e+00
    282.000    278.893    -0.7084  27.899007    -0.7060  27.898636     5.0236     5.1363    -0.0053    93.4161 1.0000e-12  -74.10992 -113.32235  31.512242      89.03 1.1521e+03    424.694      10194  1028.7653  1028.7627     4.4316     0.0686     0.1302    34.1076    34.1045    8.21195         33 0.0000e+00
    283.000    279.881    -0.6951  27.913282    -0.6927  27.912798     5.0103     5.1188    -0.0186    93.4169 1.0000e-12  -74.10991 -113.32235  31.512258      99.32 1.1512e+03    426.065      10227  1028.7721  1028.7694     4.4316     0.0701     0.1292    34.1113    34.1080    8.20885         31 0.0000e+00
    284.000    280.868    -0.6802  27.929116    -0.6775  27.928915     4.9900     5.0981    -0.0162    93.4261 1.0000e-12  -74.10990 -113.32235  31.512273      99.87 1.1527e+03    427.381      10258  1028.7791  1028.7763     4.4320     0.0711     0.1327    34.1152    34.1120    8.20538         32 0.0000e+00
    285.000    281.857    -0.6449  27.966487    -0.6424  27.965622     4.9761     5.0844    -0.0044    93.4100 1.0000e-12  -74.10991 -113.32235  31.512289      99.87 1.1522e+03    428.809      10292  1028.7895  1028.7862     4.4313     0.0703     0.1323    34.1253    34.1214    8.19715         35 0.0000e+00
    286.000    282.845    -0.6318  27.980237    -0.6296  27.979993     4.9697     5.0812    -0.0102    93.4238 1.0000e-12  -74.10990 -113.32236  31.512305      99.87 1.1502e+03    430.191      10326  1028.7961  1028.7937     4.4319     0.0703     0.1299    34.1285    34.1256    8.19413         31 0.0000e+00
    287.000    283.835    -0.6304  27.982218    -0.6283  27.981767     4.9677     5.0781    -0.0131    93.3974 1.0000e-12  -74.10991 -113.32234  31.512320      99.86 1.1513e+03    431.467      10356  1028.8014  1028.7990     4.4307     0.0696     0.1345    34.1289    34.1260    8.19379         32 0.0000e+00
    288.000    284.821    -0.6237  27.989920    -0.6225  27.988464     4.9718     5.0782    -0.0127    93.3935 1.0000e-12  -74.10990 -113.32233  31.512335      99.87 1.1522e+03    432.733      10387  1028.8077  1028.8050     4.4305     0.0707     0.1315    34.1312    34.1278    8.19222         28 0.0000e+00
    289.000    285.811    -0.6210  27.993154    -0.6190  27.992541     4.9658     5.0691    -0.0101    93.3877 1.0000e-12  -74.10990 -113.32232  31.512349      99.86 1.1505e+03    433.941      10416  1028.8130  1028.8105     4.4303     0.0683     0.1329    34.1318    34.1288    8.19159         32 0.0000e+00
    290.000    286.798    -0.6202  27.994184    -0.6182  27.993837     4.9706     5.0729    -0.0075    93.3678 1.0000e-12  -74.10990 -113.32232  31.512365      99.87 1.1518e+03    435.327      10449  1028.8179  1028.8156     4.4293     0.0691     0.1336    34.1317    34.1290    8.19143         33 0.0000e+00
    291.000    287.786    -0.6176  27.997501    -0.6160  27.996710     4.9688     5.0670    -0.0127    93.3939 1.0000e-12  -74.10991 -113.32234  31.512380      77.80 1.1522e+03    436.619      10480  1028.8233  1028.8210     4.4305     0.0659     0.1342    34.1326    34.1298    8.19080         27 0.0000e+00
    292.000    288.775    -0.6128  28.003484    -0.6112  28.002551     4.9656     5.0705    -0.0121    93.3840 1.0000e-12  -74.10992 -113.32233  31.512392      95.99 1.1515e+03    437.667      10505  1028.8295  1028.8270     4.4301     0.0696     0.1335    34.1347    34.1317    8.18965         25 0.0000e+00
    293.000    289.763    -0.6077  28.009534    -0.6055  28.009055     4.9629     5.0637    -0.0071    93.3533 1.0000e-12  -74.10992 -113.32232  31.512406      99.83 1.1499e+03    438.841      10533  1028.8355  1028.8329     4.4287     0.0696     0.1338    34.1365    34.1334    8.18844         32 0.0000e+00
    294.000    290.752    -0.6031  28.014548    -0.6010  28.014066     4.9614     5.0624    -0.0029    93.3569 1.0000e-12  -74.10990 -113.32232  31.512423      99.86 1.1501e+03    440.327      10569  1028.8409  1028.8383     4.4288     0.0700     0.1324    34.1375    34.1344    8.18740         38 0.0000e+00
    295.000    291.739    -0.5999  28.018146    -0.5980  28.017651     4.9587     5.0571    -0.0078    93.3465 1.0000e-12  -74.10991 -113.32232  31.512440      99.87 1.1497e+03    441.814      10605  1028.8460  1028.8437     4.4283     0.0699     0.1332    34.1381    34.1353    8.18666         33 0.0000e+00
    296.000    292.728    -0.5991  28.019473    -0.5971  28.019114     4.9506     5.0625    -0.0162    93.3737 1.0000e-12  -74.10992 -113.32232  31.512455      99.87 1.1512e+03    443.124      10636  1028.8512  1028.8488     4.4296     0.0688     0.1328    34.1384    34.1356    8.18648         31 0.0000e+00
    297.000    293.715    -0.5960  28.023151    -0.5936  28.023003     4.9537     5.0547    -0.0145    93.3570 1.0000e-12  -74.10992 -113.32232  31.512470      99.87 1.1503e+03    444.418      10667  1028.8565  1028.8540     4.4288     0.0702     0.1323    34.1393    34.1364    8.18576         30 0.0000e+00
    298.000    294.704    -0.5892  28.030706    -0.5871  28.030330     4.9489     5.0510    -0.0116    93.3395 1.0000e-12  -74.10992 -113.32233  31.512484      99.86 1.1482e+03    445.588      10695  1028.8623  1028.8599     4.4280     0.0688     0.1342    34.1411    34.1383    8.18417         28 0.0000e+00
    299.000    295.693    -0.5834  28.037419    -0.5812  28.036986     4.9542     5.0575    -0.0112    93.3446 1.0000e-12  -74.10992 -113.32233  31.512499      99.87 1.1473e+03    446.896      10726  1028.8682  1028.8657     4.4282     0.0693     0.1341    34.1430    34.1400    8.18281         31 0.0000e+00
    300.000    296.681    -0.5803  28.041317    -0.5783  28.040773     4.9478     5.0489    -0.0146    93.3558 1.0000e-12  -74.10992 -113.32234  31.512515      99.87 1.1488e+03    448.296      10760  1028.8738  1028.8713     4.4288     0.0702     0.1325    34.1441    34.1412    8.18207         35 0.0000e+00
    301.000    297.668    -0.5782  28.044115    -0.5761  28.043632     4.9410     5.0417    -0.0165    93.3521 1.0000e-12  -74.10992 -113.32234  31.512531      93.10 1.1511e+03    449.680      10793  1028.8792  1028.8767     4.4286     0.0680     0.1337    34.1450    34.1420    8.18158         31 0.0000e+00
    302.000    298.658    -0.5734  28.049928    -0.5716  28.049135     4.9355     5.0479    -0.0116    93.3530 1.0000e-12  -74.10992 -113.32234  31.512546      84.73 1.1509e+03    450.977      10824  1028.8852  1028.8825     4.4286     0.0669     0.1341    34.1468    34.1437    8.18044         31 0.0000e+00
    303.000    299.645    -0.5630  28.062049    -0.5604  28.061731     4.9328     5.0348    -0.0120    93.3453 1.0000e-12  -74.10992 -113.32234  31.512561      99.82 1.1520e+03    452.313      10857  1028.8924  1028.8896     4.4283     0.0690     0.1340    34.1508    34.1474    8.17796         34 0.0000e+00
    304.000    300.634    -0.5440  28.083687    -0.5416  28.082613     4.9215     5.0242    -0.0172    93.3453 1.0000e-12  -74.10992 -113.32234  31.512579      99.86 1.1513e+03    453.821      10893  1028.9016  1028.8980     4.4283     0.0706     0.1332    34.1579    34.1537    8.17346         38 0.0000e+00
    305.000    301.622    -0.5205  28.109349    -0.5179  28.108947     4.9162     5.0166    -0.0061    93.3482 1.0000e-12  -74.10992 -113.32234  31.512596      99.87 1.1517e+03    455.302      10928  1028.9106  1028.9076     4.4284     0.0696     0.1348    34.1653    34.1618    8.16796         33 0.0000e+00
    306.000    302.609    -0.5151  28.115526    -0.5132  28.114819     4.9183     5.0205    -0.0087    93.3374 1.0000e-12  -74.10992 -113.32234  31.512611      99.87 1.1541e+03    456.625      10960  1028.9165  1028.9140     4.4279     0.0711     0.1358    34.1668    34.1639    8.16670         30 0.0000e+00
    307.000    303.598    -0.5132  28.117858    -0.5113  28.117418     4.9202     5.0149    -0.0120    93.3357 1.0000e-12  -74.10992 -113.32234  31.512624      99.86 1.1549e+03    457.728      10986  1028.9217  1028.9194     4.4278     0.0698     0.1364    34.1673    34.1646    8.16628         25 0.0000e+00
    308.000    304.587    -0.5124  28.119176    -0.5103  28.118857     4.9203     5.0192    -0.0037    93.3396 1.0000e-12  -74.10992 -113.32234  31.512637      99.87 1.1529e+03    458.839      11013  1028.9268  1028.9244     4.4280     0.0694     0.1353    34.1676    34.1647    8.16609         29 0.0000e+00
    309.000    305.574    -0.5122  28.119816    -0.5101  28.119521     4.9209     5.0183    -0.0007    93.3213 1.0000e-12  -74.10992 -113.32234  31.512653      99.87 1.1529e+03    460.230      11047  1028.9317  1028.9293     4.4271     0.0702     0.1328    34.1675    34.1648    8.16604         32 0.0000e+00
    310.000    306.563    -0.5119  28.120717    -0.5097  28.120439     4.9246     5.0172     0.0007    93.3117 1.0000e-12  -74.10992 -113.32234  31.512670      99.87 1.1532e+03    461.727      11082  1028.9368  1028.9344     4.4267     0.0698     0.1363    34.1678    34.1650    8.16596         34 0.0000e+00
    311.000    307.550    -0.5129  28.120689    -0.5115  28.119886     4.9279     5.0194    -0.0083    93.3257 1.0000e-12  -74.10992 -113.32234  31.512686      81.84 1.1538e+03    463.057      11114  1028.9422  1028.9399     4.4273     0.0692     0.1330    34.1684    34.1656    8.16615         31 0.0000e+00
    312.000    308.538    -0.5141  28.120366    -0.5113  28.120668     4.9365     5.0360    -0.0120    93.3097 1.0000e-12  -74.10992 -113.32234  31.512701      90.59 1.1570e+03    464.396      11147  1028.9473  1028.9450     4.4265     0.0687     0.1343    34.1686    34.1659    8.16638         34 0.0000e+00
    313.000    309.527    -0.5200  28.116225    -0.5181  28.115907     4.9364     5.0389    -0.0105    93.3267 1.0000e-12  -74.10992 -113.32235  31.512719     100.03 1.1556e+03    465.881      11182  1028.9531  1028.9508     4.4274     0.0700     0.1341    34.1691    34.1665    8.16763         36 0.0000e+00
    314.000    310.516    -0.5106  28.128153    -0.5093  28.125946     4.9324     5.0324    -0.0063    93.3339 1.0000e-12  -74.10992 -113.32234  31.512734      99.87 1.1531e+03    467.254      11215  1028.9609  1028.9573     4.4278     0.0698     0.1350    34.1739    34.1695    8.16533         31 0.0000e+00
    315.000    311.503    -0.4947  28.145289    -0.4903  28.147548     4.9234     5.0270    -0.0024    93.3330 1.0000e-12  -74.10992 -113.32235  31.512749      99.87 1.1539e+03    468.519      11245  1028.9681  1028.9663     4.4277     0.0693     0.1363    34.1784    34.1765    8.16164         31 0.0000e+00
    316.000    312.492    -0.4863  28.155169    -0.4838  28.154870     4.9169     5.0182    -0.0088    93.3404 1.0000e-12  -74.10992 -113.32235  31.512765      99.87 1.1549e+03    469.903      11279  1028.9750  1028.9722     4.4280     0.0697     0.1338    34.1816    34.1784    8.15966         31 0.0000e+00
    317.000    313.480    -0.4795  28.162672    -0.4757  28.163711     4.9102     5.0197     0.0007    93.3150 1.0000e-12  -74.10992 -113.32235  31.512783      99.87 1.1546e+03    471.430      11315  1028.9808  1028.9782     4.4268     0.0695     0.1347    34.1834    34.1806    8.15809         37 0.0000e+00
    318.000    314.467    -0.4742  28.168252    -0.4730  28.167128     4.9108     5.0168    -0.0057    93.3347 1.0000e-12  -74.10992 -113.32235  31.512799      99.87 1.1542e+03    472.871      11350  1028.9860  1028.9837     4.4278     0.0700     0.1319    34.1844    34.1815    8.15691         32 0.0000e+00
    319.000    315.456    -0.4736  28.169285    -0.4706  28.170051     4.9116     5.0093    -0.0053    93.3193 1.0000e-12  -74.10992 -113.32236  31.512814      99.86 1.1545e+03    474.117      11380  1028.9910  1028.9889     4.4271     0.0702     0.1339    34.1845    34.1822    8.15677         27 0.0000e+00
