ocean_section_plots/required_files/ctd/dnbp2202_ctd080.cnv
* Sea-Bird SBE 9 Data File:
* FileName = D:\Data\raw\NBP2202_CTD080.hex
* Software Version Seasave V 7.26.7.121
* Temperature SN = 1649
* Conductivity SN = 2513
* Number of Bytes Per Scan = 40
* Number of Voltage Words = 5
* Number of Scans Averaged by the Deck Unit = 1
* NMEA Latitude = 74 10.51 S
* NMEA Longitude = 113 20.67 W
* NMEA UTC (Time) = Jan 26 2022  17:11:14
* NMEA baud rate = 9600
** Ship: RVIB N.B. Palmer
** Cruise: NBP2202 Thwaites
** Station: YoYo001
** Operator: A. Robinson
# nquan = 25
# nvalues = 606                         
# units = specified
# name 0 = prDM: Pressure, Digiquartz [db]
# name 1 = depSM: Depth [salt water, m]
# name 2 = t090C: Temperature [ITS-90, deg C]
# name 3 = c0mS/cm: Conductivity [mS/cm]
# name 4 = t190C: Temperature, 2 [ITS-90, deg C]
# name 5 = c1mS/cm: Conductivity, 2 [mS/cm]
# name 6 = sbeox0ML/L: Oxygen, SBE 43 [ml/l]
# name 7 = sbeox1ML/L: Oxygen, SBE 43, 2 [ml/l]
# name 8 = flECO-AFL: Fluorescence, WET Labs ECO-AFL/FL [mg/m^3]
# name 9 = CStarTr0: Beam Transmission, WET Labs C-Star [%]
# name 10 = par: PAR/Irradiance, Biospherical/Licor
# name 11 = latitude: Latitude [deg]
# name 12 = longitude: Longitude [deg]
# name 13 = timeJ: Julian Days
# name 14 = altM: Altimeter [m]
# name 15 = spar: SPAR, Biospherical/Licor
# name 16 = timeS: Time, Elapsed [seconds]
# name 17 = scan: Scan Count
# name 18 = density00: Density [density, kg/m^3]
# name 19 = density11: Density, 2 [density, kg/m^3]
# name 20 = sal00: Salinity, Practical [PSU]
# name 21 = sal11: Salinity, Practical, 2 [PSU]
# name 22 = oxsolML/L: Oxygen Saturation, Garcia & Gordon [ml/l]
# name 23 = nbin: number of scans per bin
# name 24 = flag: flag
# span 0 =     10.000,    615.000       
# span 1 =      9.893,    607.730       
# span 2 =    -1.5774,     0.0809       
# span 3 =  26.959215,  28.914252       
# span 4 =    -1.5755,     0.0826       
# span 5 =  26.958818,  28.913708       
# span 6 =     4.7071,     8.4786       
# span 7 =     4.7933,     8.2606       
# span 8 =    -0.0224,    22.1813       
# span 9 =    70.8475,    95.7458       
# span 10 = -5.578e-06, 6.1176e+01      
# span 11 =  -74.17530,  -74.17528      
# span 12 = -113.34463, -113.34458      
# span 13 =  26.716428,  26.725976      
# span 14 =       5.54,     100.52      
# span 15 = 1.7353e+03, 2.0458e+03      
# span 16 =     25.346,    850.344      
# span 17 =        609,      20409      
# span 18 =  1027.2274,  1030.5110      
# span 19 =  1027.2263,  1030.5088      
# span 20 =    33.7968,    34.3772      
# span 21 =    33.7954,    34.3746      
# span 22 =    8.02820,    8.41395      
# span 23 =         21,         49      
# span 24 = 0.0000e+00, 0.0000e+00      
# interval = decibars: 1                
# start_time = Jan 26 2022 17:11:14 [NMEA time, header]
# bad_flag = -9.990e-29
*END*
[from data line 348]
    358.000    353.988    -0.3585  28.312282    -0.3570  28.311619     4.8727     4.9693    -0.0125    95.2151 1.0000e-12  -74.17528 -113.34460  26.721780      99.95 1.9508e+03    487.810      11708  1029.2010  1029.1988    34.2230    34.2204    8.12989         29 0.0000e+00
    359.000    354.976    -0.3551  28.315617    -0.3545  28.314159     4.8721     4.9708    -0.0087    95.2257 1.0000e-12  -74.17528 -113.34460  26.721794      99.86 1.9515e+03    489.000      11737  1029.2055  1029.2034    34.2230    34.2204    8.12916         29 0.0000e+00
    360.000    355.964    -0.3538  28.317641    -0.3519  28.317318     4.8710     4.9695    -0.0125    95.2239 1.0000e-12  -74.17528 -113.34460  26.721808      99.87 1.9515e+03    490.205      11766  1029.2107  1029.2085    34.2236    34.2211    8.12884         29 0.0000e+00
    361.000    356.953    -0.3529  28.318955    -0.3497  28.319997     4.8609     4.9554    -0.0114    95.2379 1.0000e-12  -74.17528 -113.34460  26.721822      99.86 1.9515e+03    491.436      11795  1029.2156  1029.2136    34.2238    34.2216    8.12864         30 0.0000e+00
    362.000    357.939    -0.3428  28.330236    -0.3406  28.330238     4.8546     4.9543    -0.0116    95.2439 1.0000e-12  -74.17528 -113.34460  26.721837      99.87 1.9515e+03    492.698      11826  1029.2221  1029.2199    34.2269    34.2244    8.12630         30 0.0000e+00
    363.000    358.929    -0.3323  28.341857    -0.3314  28.340480     4.8576     4.9465    -0.0109    95.2465 1.0000e-12  -74.17528 -113.34460  26.721851      99.86 1.9515e+03    493.947      11856  1029.2286  1029.2262    34.2301    34.2272    8.12388         30 0.0000e+00
    364.000    359.915    -0.3317  28.342969    -0.3297  28.342783     4.8513     4.9437    -0.0087    95.2283 1.0000e-12  -74.17528 -113.34460  26.721865      99.87 1.9515e+03    495.169      11885  1029.2336  1029.2313    34.2303    34.2277    8.12375         29 0.0000e+00
    365.000    360.904    -0.3315  28.343538    -0.3295  28.343462     4.8539     4.9554    -0.0051    95.2346 1.0000e-12  -74.17528 -113.34460  26.721879      99.87 1.9515e+03    496.351      11913  1029.2383  1029.2363    34.2302    34.2279    8.12370         28 0.0000e+00
    366.000    361.892    -0.3311  28.344499    -0.3290  28.344372     4.8601     4.9574    -0.0134    95.2337 1.0000e-12  -74.17528 -113.34460  26.721893      80.37 1.9515e+03    497.519      11941  1029.2433  1029.2411    34.2305    34.2279    8.12361         28 0.0000e+00
    367.000    362.881    -0.3269  28.349591    -0.3250  28.349162     4.8613     4.9579    -0.0160    95.2248 1.0000e-12  -74.17528 -113.34460  26.721906      95.66 1.9515e+03    498.712      11970  1029.2490  1029.2467    34.2319    34.2292    8.12263         29 0.0000e+00
    368.000    363.867    -0.3257  28.351592    -0.3227  28.352568     4.8612     4.9600    -0.0117    95.2294 1.0000e-12  -74.17528 -113.34460  26.721921      99.85 1.9520e+03    499.956      12000  1029.2543  1029.2524    34.2327    34.2306    8.12233         31 0.0000e+00
    369.000    364.856    -0.3227  28.355848    -0.3204  28.355928     4.8638     4.9592    -0.0150    95.2301 1.0000e-12  -74.17528 -113.34460  26.721935      99.87 1.9533e+03    501.201      12030  1029.2601  1029.2581    34.2343    34.2319    8.12158         29 0.0000e+00
    370.000    365.843    -0.3247  28.353683    -0.3211  28.355588     4.8611     4.9570    -0.0136    95.2002 1.0000e-12  -74.17528 -113.34460  26.721949      99.86 1.9533e+03    502.434      12059  1029.2642  1029.2627    34.2331    34.2316    8.12209         30 0.0000e+00
    371.000    366.831    -0.3226  28.356861    -0.3200  28.357283     4.8637     4.9580    -0.0187    95.2319 1.0000e-12  -74.17528 -113.34460  26.721963      99.87 1.9533e+03    503.645      12088  1029.2698  1029.2677    34.2344    34.2320    8.12157         28 0.0000e+00
    372.000    367.819    -0.3198  28.360296    -0.3178  28.360127     4.8620     4.9567    -0.0183    95.2372 1.0000e-12  -74.17528 -113.34460  26.721977      99.87 1.9534e+03    504.838      12117  1029.2751  1029.2730    34.2353    34.2327    8.12092         29 0.0000e+00
    373.000    368.807    -0.3191  28.361576    -0.3174  28.361221     4.8607     4.9575    -0.0131    95.2115 1.0000e-12  -74.17528 -113.34460  26.721991      99.87 1.9544e+03    506.029      12146  1029.2800  1029.2780    34.2355    34.2332    8.12075         28 0.0000e+00
    374.000    369.795    -0.3107  28.371564    -0.3093  28.370731     4.8608     4.9578    -0.0111    95.2226 1.0000e-12  -74.17528 -113.34460  26.722005      99.87 1.9550e+03    507.249      12175  1029.2868  1029.2845    34.2388    34.2361    8.11877         30 0.0000e+00
    375.000    370.782    -0.3080  28.374998    -0.3059  28.374870     4.8539     4.9522    -0.0130    95.2370 1.0000e-12  -74.17528 -113.34461  26.722019      99.86 1.9550e+03    508.477      12204  1029.2922  1029.2900    34.2398    34.2373    8.11814         30 0.0000e+00
    376.000    371.771    -0.3065  28.377119    -0.3043  28.377100     4.8584     4.9494    -0.0127    95.2310 1.0000e-12  -74.17528 -113.34461  26.722034      77.75 1.9553e+03    509.699      12234  1029.2973  1029.2952    34.2403    34.2379    8.11778         29 0.0000e+00
    377.000    372.758    -0.3045  28.380164    -0.3027  28.379719     4.8581     4.9526    -0.0126    95.2420 1.0000e-12  -74.17528 -113.34461  26.722048      86.74 1.9567e+03    510.922      12263  1029.3029  1029.3007    34.2415    34.2389    8.11729         30 0.0000e+00
    378.000    373.746    -0.3050  28.381221    -0.3033  28.380748     4.8565     4.9496    -0.0177    95.2420 1.0000e-12  -74.17528 -113.34460  26.722062      93.64 1.9580e+03    512.150      12293  1029.3089  1029.3067    34.2429    34.2404    8.11732         28 0.0000e+00
    379.000    374.734    -0.3009  28.385813    -0.2990  28.385616     4.8503     4.9488    -0.0144    95.2298 1.0000e-12  -74.17528 -113.34460  26.722076     100.02 1.9586e+03    513.362      12322  1029.3140  1029.3120    34.2439    34.2415    8.11639         29 0.0000e+00
    380.000    375.723    -0.2963  28.390523    -0.2952  28.389552     4.8449     4.9456    -0.0116    95.2336 1.0000e-12  -74.17528 -113.34460  26.722090      99.87 1.9586e+03    514.562      12350  1029.3189  1029.3168    34.2444    34.2418    8.11539         30 0.0000e+00
    381.000    376.709    -0.2957  28.391625    -0.2953  28.389989     4.8360     4.9366    -0.0036    95.2255 1.0000e-12  -74.17528 -113.34460  26.722104      99.87 1.9586e+03    515.761      12379  1029.3238  1029.3217    34.2445    34.2420    8.11524         28 0.0000e+00
    382.000    377.698    -0.2902  28.397692    -0.2873  28.398128     4.8211     4.9244    -0.0125    95.2438 1.0000e-12  -74.17528 -113.34460  26.722118      99.86 1.9599e+03    516.975      12408  1029.3292  1029.3268    34.2459    34.2432    8.11400         30 0.0000e+00
    383.000    378.685    -0.2693  28.418149    -0.2673  28.418023     4.8192     4.9163    -0.0165    95.2399 1.0000e-12  -74.17528 -113.34460  26.722132      99.87 1.9603e+03    518.200      12438  1029.3348  1029.3327    34.2491    34.2466    8.10936         29 0.0000e+00
    384.000    379.673    -0.2679  28.419984    -0.2656  28.420046     4.8149     4.9158    -0.0112    95.2399 1.0000e-12  -74.17528 -113.34460  26.722146      99.87 1.9603e+03    519.425      12467  1029.3398  1029.3377    34.2494    34.2469    8.10906         29 0.0000e+00
    385.000    380.661    -0.2642  28.424305    -0.2628  28.423405     4.8150     4.9140    -0.0115    95.2471 1.0000e-12  -74.17529 -113.34460  26.722160      99.86 1.9608e+03    520.644      12496  1029.3452  1029.3429    34.2504    34.2477    8.10821         29 0.0000e+00
    386.000    381.648    -0.2609  28.428574    -0.2595  28.427549     4.8133     4.9114    -0.0061    95.2488 1.0000e-12  -74.17530 -113.34460  26.722174      99.87 1.9621e+03    521.843      12525  1029.3509  1029.3484    34.2517    34.2488    8.10742         29 0.0000e+00
    387.000    382.637    -0.2576  28.432853    -0.2562  28.432004     4.8160     4.9158    -0.0120    95.2743 1.0000e-12  -74.17530 -113.34460  26.722188      79.99 1.9621e+03    523.031      12554  1029.3566  1029.3543    34.2532    34.2504    8.10664         29 0.0000e+00
    388.000    383.625    -0.2515  28.440117    -0.2498  28.439441     4.8122     4.9054    -0.0187    95.2632 1.0000e-12  -74.17530 -113.34462  26.722202      91.82 1.9621e+03    524.223      12582  1029.3627  1029.3603    34.2554    34.2526    8.10521         29 0.0000e+00
    389.000    384.611    -0.2428  28.449303    -0.2410  28.448873     4.8122     4.9063    -0.0055    95.2824 1.0000e-12  -74.17530 -113.34460  26.722216      99.84 1.9621e+03    525.454      12612  1029.3683  1029.3661    34.2572    34.2547    8.10326         29 0.0000e+00
    390.000    385.601    -0.2347  28.458313    -0.2329  28.457911     4.8047     4.8984    -0.0028    95.3043 1.0000e-12  -74.17530 -113.34462  26.722230      99.87 1.9621e+03    526.705      12642  1029.3744  1029.3722    34.2596    34.2570    8.10141         30 0.0000e+00
    391.000    386.587    -0.2290  28.465104    -0.2270  28.464801     4.8041     4.9042    -0.0107    95.3161 1.0000e-12  -74.17530 -113.34462  26.722245      99.86 1.9621e+03    527.947      12672  1029.3804  1029.3782    34.2616    34.2590    8.10007         30 0.0000e+00
    392.000    387.576    -0.2256  28.469114    -0.2238  28.468720     4.8012     4.8952    -0.0105    95.3269 1.0000e-12  -74.17530 -113.34462  26.722259      99.87 1.9615e+03    529.164      12701  1029.3858  1029.3836    34.2626    34.2600    8.09931         29 0.0000e+00
    393.000    388.562    -0.2207  28.474879    -0.2185  28.474768     4.8061     4.8977    -0.0072    95.3478 1.0000e-12  -74.17530 -113.34462  26.722273      99.86 1.9603e+03    530.358      12730  1029.3914  1029.3893    34.2641    34.2616    8.09817         28 0.0000e+00
    394.000    389.552    -0.2186  28.477677    -0.2168  28.477372     4.7996     4.8998    -0.0057    95.3688 1.0000e-12  -74.17530 -113.34461  26.722286      99.86 1.9603e+03    531.550      12758  1029.3968  1029.3947    34.2649    34.2625    8.09769         29 0.0000e+00
    395.000    390.539    -0.2194  28.477681    -0.2179  28.477021     4.7986     4.8945    -0.0070    95.3713 1.0000e-12  -74.17530 -113.34461  26.722300      99.87 1.9604e+03    532.755      12787  1029.4019  1029.3998    34.2652    34.2626    8.09783         29 0.0000e+00
    396.000    391.526    -0.2189  28.479137    -0.2172  28.478777     4.7954     4.8965    -0.0108    95.3954 1.0000e-12  -74.17530 -113.34461  26.722314      99.87 1.9615e+03    533.964      12816  1029.4074  1029.4053    34.2660    34.2636    8.09770         29 0.0000e+00
    397.000    392.515    -0.2176  28.481057    -0.2156  28.480888     4.8036     4.8991    -0.0172    95.4027 1.0000e-12  -74.17530 -113.34460  26.722329      99.87 1.9625e+03    535.183      12845  1029.4125  1029.4104    34.2665    34.2641    8.09739         30 0.0000e+00
    398.000    393.501    -0.2151  28.483951    -0.2134  28.483440     4.8022     4.8972    -0.0115    95.4112 1.0000e-12  -74.17530 -113.34462  26.722343      88.02 1.9642e+03    536.415      12875  1029.4175  1029.4153    34.2670    34.2644    8.09683         29 0.0000e+00
    399.000    394.490    -0.2114  28.488120    -0.2095  28.487849     4.8041     4.8959    -0.0102    95.4166 1.0000e-12  -74.17530 -113.34461  26.722357      93.79 1.9656e+03    537.638      12904  1029.4226  1029.4205    34.2677    34.2653    8.09600         29 0.0000e+00
    400.000    395.478    -0.2085  28.491758    -0.2068  28.491225     4.7987     4.8934    -0.0196    95.4086 1.0000e-12  -74.17530 -113.34461  26.722371      99.87 1.9668e+03    538.834      12933  1029.4279  1029.4257    34.2687    34.2661    8.09532         29 0.0000e+00
    401.000    396.466    -0.2043  28.496651    -0.2025  28.496354     4.7973     4.8877    -0.0116    95.4204 1.0000e-12  -74.17530 -113.34461  26.722384      99.86 1.9680e+03    540.021      12961  1029.4333  1029.4313    34.2699    34.2675    8.09436         28 0.0000e+00
    402.000    397.454    -0.2017  28.500578    -0.2000  28.499983     4.7979     4.8906    -0.0171    95.4352 1.0000e-12  -74.17530 -113.34460  26.722398      99.87 1.9698e+03    541.209      12990  1029.4393  1029.4370    34.2716    34.2689    8.09371         29 0.0000e+00
    403.000    398.440    -0.1965  28.507416    -0.1948  28.506861     4.7941     4.8905    -0.0141    95.4302 1.0000e-12  -74.17530 -113.34462  26.722412      99.86 1.9709e+03    542.429      13019  1029.4458  1029.4435    34.2743    34.2716    8.09246         30 0.0000e+00
    404.000    399.429    -0.1958  28.508365    -0.1937  28.508286     4.7884     4.8915    -0.0158    95.4290 1.0000e-12  -74.17530 -113.34461  26.722427      99.87 1.9713e+03    543.668      13049  1029.4505  1029.4484    34.2742    34.2718    8.09232         29 0.0000e+00
    405.000    400.417    -0.1927  28.512071    -0.1908  28.511676     4.7871     4.8839    -0.0110    95.4406 1.0000e-12  -74.17530 -113.34461  26.722441      99.87 1.9725e+03    544.912      13079  1029.4557  1029.4535    34.2750    34.2724    8.09161         30 0.0000e+00
    406.000    401.404    -0.1879  28.517547    -0.1858  28.517542     4.7842     4.8802    -0.0156    95.4324 1.0000e-12  -74.17530 -113.34462  26.722455      99.86 1.9727e+03    546.141      13108  1029.4612  1029.4591    34.2764    34.2740    8.09053         29 0.0000e+00
    407.000    402.392    -0.1753  28.532062    -0.1731  28.531970     4.7843     4.8868    -0.0053    95.4317 1.0000e-12  -74.17530 -113.34460  26.722469      99.87 1.9727e+03    547.353      13137  1029.4686  1029.4664    34.2809    34.2783    8.08759         29 0.0000e+00
    408.000    403.379    -0.1691  28.539136    -0.1671  28.538896     4.7853     4.8868    -0.0095    95.4451 1.0000e-12  -74.17530 -113.34461  26.722483      97.77 1.9699e+03    548.548      13166  1029.4744  1029.4722    34.2828    34.2803    8.08617         29 0.0000e+00
    409.000    404.367    -0.1663  28.542519    -0.1644  28.542102     4.7876     4.8845    -0.0181    95.4252 1.0000e-12  -74.17530 -113.34461  26.722497      75.06 1.9698e+03    549.719      13194  1029.4796  1029.4774    34.2835    34.2809    8.08553         28 0.0000e+00
    410.000    405.356    -0.1650  28.544334    -0.1633  28.543774     4.7837     4.8754    -0.0156    95.4386 1.0000e-12  -74.17530 -113.34461  26.722510      93.77 1.9727e+03    550.905      13223  1029.4846  1029.4824    34.2838    34.2812    8.08524         29 0.0000e+00
    411.000    406.343    -0.1645  28.545198    -0.1627  28.544843     4.7881     4.8792    -0.0019    95.4485 1.0000e-12  -74.17530 -113.34462  26.722525      99.78 1.9727e+03    552.122      13252  1029.4894  1029.4873    34.2839    34.2814    8.08514         29 0.0000e+00
    412.000    407.329    -0.1634  28.546787    -0.1619  28.546139     4.7796     4.8811    -0.0084    95.4453 1.0000e-12  -74.17530 -113.34460  26.722539      99.87 1.9727e+03    553.379      13282  1029.4944  1029.4922    34.2842    34.2816    8.08489         31 0.0000e+00
    413.000    408.319    -0.1622  28.548497    -0.1598  28.548672     4.7829     4.8827    -0.0173    95.4653 1.0000e-12  -74.17530 -113.34460  26.722553      99.86 1.9727e+03    554.621      13312  1029.4993  1029.4972    34.2845    34.2821    8.08461         29 0.0000e+00
    414.000    409.305    -0.1572  28.554474    -0.1553  28.554217     4.7824     4.8815    -0.0187    95.4775 1.0000e-12  -74.17530 -113.34460  26.722567      99.87 1.9714e+03    555.818      13341  1029.5051  1029.5030    34.2862    34.2837    8.08346         28 0.0000e+00
