ocean_section_plots/required_files/ctd/dnbp2202_ctd097.cnv
* Sea-Bird SBE 9 Data File:
* FileName = D:\Data\raw\NBP2202_CTD097.hex
* Software Version Seasave V 7.26.7.121
* Temperature SN = 1649
* Conductivity SN = 2513
* Number of Bytes Per Scan = 40
* Number of Voltage Words = 5
* Number of Scans Averaged by the Deck Unit = 1
* NMEA Latitude = 74 10.51 S
* NMEA Longitude = 113 20.67 W
* NMEA UTC (Time) = Jan 27 2022  00:59:28
* NMEA baud rate = 9600
** Ship: RVIB N.B. Palmer
** Cruise: NBP2202 Thwaites
** Station: YoYo001
** Operator: A. Robinson
# nquan = 25
# nvalues = 607                         
# units = specified
# name 0 = prDM: Pressure, Digiquartz [db]
# name 1 = depSM: Depth [salt water, m]
# name 2 = t090C: Temperature [ITS-90, deg C]
# name 3 = c0mS/cm: Conductivity [mS/cm]
# name 4 = t190C: Temperature, 2 [ITS-90, deg C]
# name 5 = c1mS/cm: Conductivity, 2 [mS/cm]
# name 6 = sbeox0ML/L: Oxygen, SBE 43 [ml/l]
# name 7 = sbeox1ML/L: Oxygen, SBE 43, 2 [ml/l]
# name 8 = flECO-AFL: Fluorescence, WET Labs ECO-AFL/FL [mg/m^3]
# name 9 = CStarTr0: Beam Transmission, WET Labs C-Star [%]
# name 10 = par: PAR/Irradiance, Biospherical/Licor
# name 11 = latitude: Latitude [deg]
# name 12 = longitude: Longitude [deg]
# name 13 = timeJ: Julian Days
# name 14 = altM: Altimeter [m]
# name 15 = spar: SPAR, Biospherical/Licor
# name 16 = timeS: Time, Elapsed [seconds]
# name 17 = scan: Scan Count
# name 18 = density00: Density [density, kg/m^3]
# name 19 = density11: Density, 2 [density, kg/m^3]
# name 20 = sal00: Salinity, Practical [PSU]
# name 21 = sal11: Salinity, Practical, 2 [PSU]
# name 22 = oxsolML/L: Oxygen Saturation, Garcia & Gordon [ml/l]
# name 23 = nbin: number of scans per bin
# name 24 = flag: flag
# span 0 =     10.000,    616.000       
# span 1 =      9.897,    608.720       
# span 2 =    -1.5173,     0.0922       
# span 3 =  26.922998,  28.927198       
# span 4 =    -1.5164,     0.0949       
# span 5 =  26.922979,  28.927454       
# span 6 =     4.6771,     8.0766       
# span 7 =     4.7415,     8.0097       
# span 8 =    -0.0224,    22.0003       
# span 9 =    73.5535,    95.5329       
# span 10 = 1.0000e-12, 4.5167e+01      
# span 11 =  -74.17528,  -74.17528      
# span 12 = -113.34460, -113.34455      
# span 13 =  27.041807,  27.051312      
# span 14 =       5.63,     100.56      
# span 15 = 9.0818e+02, 1.6658e+03      
# span 16 =     44.145,    865.365      
# span 17 =       1060,      20770      
# span 18 =  1027.2289,  1030.5178      
# span 19 =  1027.2266,  1030.5155      
# span 20 =    33.7974,    34.3817      
# span 21 =    33.7943,    34.3790      
# span 22 =    8.02559,    8.40804      
# span 23 =         23,         47      
# span 24 = 0.0000e+00, 0.0000e+00      
# interval = decibars: 1                
# start_time = Jan 27 2022 00:59:28 [NMEA time, header]
# bad_flag = -9.990e-29
*END*
[from data line 58]
     68.000     67.286    -1.5117  26.922998    -1.5073  26.924976     6.0055     6.1298     4.3606    87.4252 1.0000e-12  -74.17528 -113.34457  27.043036      99.57 1.6623e+03    150.320       3609  1027.5391  1027.5370    33.8157    33.8133    8.40729         35 0.0000e+00
     69.000     68.275    -1.5124  26.923353    -1.5099  26.924033     6.0005     6.1089     3.8583    87.8472 1.0000e-12  -74.17528 -113.34457  27.043053      99.72 1.6624e+03    151.783       3644  1027.5441  1027.5426    33.8163    33.8144    8.40740         33 0.0000e+00
     70.000     69.263    -1.5141  26.923053    -1.5128  26.922979     6.0009     6.0981     4.0042    88.3607 1.0000e-12  -74.17528 -113.34457  27.043070      99.69 1.6624e+03    153.242       3679  1027.5496  1027.5484    33.8172    33.8157    8.40774         35 0.0000e+00
     71.000     70.254    -1.5135  26.923864    -1.5123  26.923664     5.9577     6.0710     4.0908    89.1891 1.0000e-12  -74.17528 -113.34457  27.043087      99.73 1.6631e+03    154.711       3714  1027.5541  1027.5527    33.8171    33.8153    8.40762         36 0.0000e+00
     72.000     71.242    -1.5127  26.927050    -1.5114  26.926200     5.9154     6.0377     3.4481    89.5496 1.0000e-12  -74.17528 -113.34457  27.043104      99.76 1.6628e+03    156.182       3749  1027.5610  1027.5589    33.8199    33.8173    8.40726         35 0.0000e+00
     73.000     72.231    -1.5131  26.927707    -1.5117  26.927079     5.8786     5.9893     3.7808    89.4336 1.0000e-12  -74.17528 -113.34456  27.043121      99.81 1.6629e+03    157.655       3785  1027.5663  1027.5643    33.8206    33.8182    8.40731         34 0.0000e+00
     74.000     73.221    -1.5136  26.928879    -1.5123  26.928468     5.8605     5.9514     3.0910    90.4966 1.0000e-12  -74.17528 -113.34456  27.043138      99.80 1.6635e+03    159.104       3820  1027.5723  1027.5707    33.8222    33.8201    8.40732         35 0.0000e+00
     75.000     74.210    -1.5138  26.930183    -1.5125  26.930063     5.8642     5.9539     2.3151    89.4967 1.0000e-12  -74.17528 -113.34456  27.043154      94.95 1.6632e+03    160.534       3854  1027.5782  1027.5768    33.8235    33.8219    8.40728         35 0.0000e+00
     76.000     75.200    -1.5143  26.929866    -1.5127  26.929858     5.8680     5.9549     2.2878    91.1792 1.0000e-12  -74.17528 -113.34456  27.043171      99.70 1.6630e+03    161.977       3888  1027.5826  1027.5811    33.8230    33.8213    8.40743         35 0.0000e+00
     77.000     76.189    -1.5148  26.929763    -1.5133  26.929789     5.8657     5.9507     1.9913    92.1484 1.0000e-12  -74.17528 -113.34456  27.043188      99.82 1.6635e+03    163.463       3924  1027.5872  1027.5859    33.8229    33.8213    8.40756         34 0.0000e+00
     78.000     77.178    -1.5155  26.929587    -1.5141  26.929678     5.8627     5.9433     2.2789    91.4651 1.0000e-12  -74.17528 -113.34456  27.043205      99.83 1.6636e+03    164.952       3960  1027.5920  1027.5908    33.8228    33.8214    8.40772         35 0.0000e+00
     79.000     78.168    -1.5169  26.929016    -1.5160  26.928665     5.8412     5.9376     2.3001    91.8217 1.0000e-12  -74.17528 -113.34456  27.043222      99.81 1.6637e+03    166.413       3995  1027.5969  1027.5957    33.8229    33.8214    8.40802         35 0.0000e+00
     80.000     79.155    -1.5173  26.930100    -1.5164  26.929052     5.8221     5.9289     2.6205    91.6095 1.0000e-12  -74.17528 -113.34456  27.043239      99.79 1.6633e+03    167.859       4030  1027.6028  1027.6008    33.8243    33.8218    8.40804         33 0.0000e+00
     81.000     80.146    -1.5166  26.931347    -1.5160  26.930029     5.8023     5.8993     1.9845    91.9308 1.0000e-12  -74.17528 -113.34456  27.043256      99.81 1.6631e+03    169.301       4064  1027.6078  1027.6058    33.8246    33.8221    8.40786         32 0.0000e+00
     82.000     81.136    -1.5154  26.934170    -1.5148  26.933056     5.7841     5.8810     2.3406    91.4407 1.0000e-12  -74.17528 -113.34456  27.043272      99.80 1.6636e+03    170.746       4099  1027.6140  1027.6122    33.8265    33.8242    8.40747         35 0.0000e+00
     83.000     82.123    -1.5147  26.935365    -1.5139  26.934514     5.7873     5.8749     1.7688    91.9524 1.0000e-12  -74.17528 -113.34456  27.043289      99.82 1.6639e+03    172.207       4134  1027.6190  1027.6173    33.8267    33.8246    8.40730         35 0.0000e+00
     84.000     83.115    -1.5140  26.936601    -1.5124  26.936672     5.7865     5.8717     1.8452    92.9709 1.0000e-12  -74.17528 -113.34456  27.043306      96.59 1.6642e+03    173.667       4169  1027.6240  1027.6226    33.8270    33.8253    8.40712         35 0.0000e+00
     85.000     84.103    -1.5137  26.937650    -1.5127  26.936665     5.7745     5.8599     2.3370    92.6321 1.0000e-12  -74.17528 -113.34456  27.043323      99.85 1.6632e+03    175.110       4204  1027.6292  1027.6272    33.8275    33.8250    8.40703         34 0.0000e+00
     86.000     85.092    -1.5128  26.939197    -1.5111  26.939414     5.7738     5.8563     1.8817    92.5177 1.0000e-12  -74.17528 -113.34456  27.043340      99.79 1.6635e+03    176.552       4238  1027.6344  1027.6330    33.8280    33.8264    8.40680         35 0.0000e+00
     87.000     86.081    -1.5120  26.940587    -1.5106  26.940305     5.7748     5.8548     1.7035    92.4726 1.0000e-12  -74.17528 -113.34456  27.043357      99.84 1.6639e+03    178.012       4273  1027.6394  1027.6378    33.8284    33.8264    8.40660         36 0.0000e+00
     88.000     87.072    -1.5128  26.940231    -1.5113  26.940106     5.7684     5.8549     1.6558    93.1054 1.0000e-12  -74.17528 -113.34456  27.043374      99.84 1.6632e+03    179.491       4309  1027.6441  1027.6426    33.8281    33.8263    8.40678         35 0.0000e+00
     89.000     88.060    -1.5131  26.940535    -1.5117  26.940181     5.7656     5.8515     1.7707    93.0381 1.0000e-12  -74.17528 -113.34456  27.043391      99.83 1.6641e+03    180.980       4345  1027.6491  1027.6474    33.8283    33.8263    8.40685         36 0.0000e+00
     90.000     89.049    -1.5129  26.941147    -1.5112  26.941061     5.7600     5.8527     1.4167    92.7853 1.0000e-12  -74.17528 -113.34456  27.043408      99.85 1.6641e+03    182.450       4380  1027.6538  1027.6522    33.8282    33.8263    8.40680         32 0.0000e+00
     91.000     90.039    -1.5123  26.942108    -1.5110  26.941749     5.7504     5.8401     1.5051    93.1247 1.0000e-12  -74.17528 -113.34456  27.043425      99.83 1.6629e+03    183.887       4414  1027.6586  1027.6570    33.8283    33.8264    8.40666         35 0.0000e+00
     92.000     91.027    -1.5106  26.944284    -1.5091  26.944023     5.7263     5.8177     2.0878    92.5678 1.0000e-12  -74.17528 -113.34456  27.043441      99.83 1.6632e+03    185.332       4449  1027.6637  1027.6620    33.8288    33.8267    8.40626         35 0.0000e+00
     93.000     92.015    -1.5065  26.948695    -1.5045  26.948954     5.7075     5.8015     1.9286    92.5697 1.0000e-12  -74.17528 -113.34456  27.043458      91.56 1.6643e+03    186.788       4484  1027.6689  1027.6673    33.8296    33.8277    8.40528         31 0.0000e+00
     94.000     93.006    -1.5025  26.952990    -1.5023  26.951547     5.6829     5.7744     1.3337    93.4307 1.0000e-12  -74.17528 -113.34456  27.043475      99.77 1.6632e+03    188.239       4519  1027.6742  1027.6724    33.8304    33.8281    8.40434         35 0.0000e+00
     95.000     93.995    -1.4973  26.958686    -1.4955  26.958422     5.6707     5.7576     1.3196    93.6809 1.0000e-12  -74.17528 -113.34456  27.043492      99.84 1.6635e+03    189.688       4554  1027.6798  1027.6778    33.8316    33.8293    8.40307         34 0.0000e+00
     96.000     94.985    -1.4951  26.961167    -1.4940  26.960649     5.6697     5.7560     2.2564    93.3319 1.0000e-12  -74.17528 -113.34456  27.043509      99.85 1.6646e+03    191.153       4589  1027.6848  1027.6831    33.8319    33.8300    8.40256         36 0.0000e+00
     97.000     95.974    -1.4955  26.961223    -1.4941  26.960912     5.6705     5.7494     1.2446    93.5099 1.0000e-12  -74.17528 -113.34456  27.043526      99.85 1.6634e+03    192.627       4624  1027.6896  1027.6879    33.8319    33.8299    8.40266         35 0.0000e+00
     98.000     96.963    -1.4948  26.962425    -1.4938  26.961610     5.6677     5.7487     1.3462    93.7414 1.0000e-12  -74.17528 -113.34456  27.043543      99.82 1.6633e+03    194.098       4659  1027.6946  1027.6928    33.8321    33.8299    8.40248         35 0.0000e+00
     99.000     97.951    -1.4940  26.963484    -1.4935  26.962476     5.6549     5.7409     1.2026    93.4892 1.0000e-12  -74.17528 -113.34456  27.043560      99.81 1.6648e+03    195.549       4694  1027.6994  1027.6977    33.8321    33.8300    8.40231         35 0.0000e+00
    100.000     98.941    -1.4929  26.965255    -1.4912  26.965179     5.6314     5.7196     1.4083    93.4299 1.0000e-12  -74.17528 -113.34456  27.043576      99.85 1.6636e+03    197.006       4729  1027.7046  1027.7028    33.8326    33.8305    8.40203         35 0.0000e+00
    101.000     99.931    -1.4841  26.974588    -1.4839  26.973045     5.6338     5.7279     1.9767    93.0844 1.0000e-12  -74.17528 -113.34456  27.043594      93.05 1.6632e+03    198.478       4764  1027.7108  1027.7088    33.8349    33.8325    8.39990         34 0.0000e+00
    102.000    100.919    -1.4865  26.972523    -1.4861  26.971566     5.6109     5.7036     1.6815    93.2794 1.0000e-12  -74.17528 -113.34456  27.043610      99.56 1.6645e+03    199.947       4800  1027.7152  1027.7137    33.8341    33.8323    8.40049         30 0.0000e+00
    103.000    101.908    -1.4828  26.977443    -1.4856  26.972162     5.5988     5.6892     0.7461    93.8875 1.0000e-12  -74.17528 -113.34456  27.043626      99.86 1.6640e+03    201.304       4832  1027.7214  1027.7182    33.8361    33.8320    8.39954         31 0.0000e+00
    104.000    102.898    -1.4780  26.982315    -1.4763  26.982430     5.5724     5.6690     1.0985    93.7834 1.0000e-12  -74.17528 -113.34456  27.043641      99.85 1.6634e+03    202.544       4862  1027.7265  1027.7250    33.8367    33.8350    8.39841         29 0.0000e+00
    105.000    103.887    -1.4791  26.981579    -1.4803  26.978687     5.5174     5.6157     1.2549    93.7444 1.0000e-12  -74.17528 -113.34456  27.043655      99.85 1.6646e+03    203.756       4891  1027.7311  1027.7291    33.8363    33.8337    8.39868         29 0.0000e+00
    106.000    104.876    -1.4501  27.014614    -1.4479  27.013696     5.4929     5.5865     1.0024    93.7730 1.0000e-12  -74.17528 -113.34456  27.043668      99.85 1.6644e+03    204.957       4920  1027.7440  1027.7408    33.8485    33.8447    8.39143         29 0.0000e+00
    107.000    105.865    -1.4301  27.036144    -1.4289  27.035993     5.4807     5.5772     1.3492    93.0165 1.0000e-12  -74.17528 -113.34456  27.043682      99.85 1.6640e+03    206.141       4948  1027.7529  1027.7516    33.8548    33.8532    8.38653         28 0.0000e+00
    108.000    106.854    -1.4311  27.035549    -1.4333  27.031665     5.4678     5.5574     1.3623    93.8370 1.0000e-12  -74.17528 -113.34456  27.043696      99.86 1.6647e+03    207.321       4977  1027.7577  1027.7556    33.8544    33.8515    8.38677         28 0.0000e+00
    109.000    107.843    -1.4152  27.055015    -1.4135  27.054235     5.4593     5.5490     0.6725    94.0985 1.0000e-12  -74.17528 -113.34456  27.043710      72.05 1.6653e+03    208.510       5005  1027.7684  1027.7658    33.8627    33.8596    8.38272         29 0.0000e+00
    110.000    108.834    -1.3976  27.075345    -1.3978  27.072980     5.4669     5.5525     0.4622    94.0100 1.0000e-12  -74.17528 -113.34456  27.043723      86.95 1.6644e+03    209.697       5034  1027.7785  1027.7759    33.8701    33.8670    8.37832         29 0.0000e+00
    111.000    109.821    -1.3919  27.083752    -1.3913  27.081945     5.4772     5.5611     0.4032    94.2062 1.0000e-12  -74.17528 -113.34456  27.043737      99.90 1.6650e+03    210.878       5062  1027.7867  1027.7841    33.8745    33.8713    8.37675         27 0.0000e+00
    112.000    110.812    -1.3855  27.092242    -1.3855  27.090050     5.4869     5.5599     0.3111    94.5999 1.0000e-12  -74.17528 -113.34456  27.043751      93.97 1.6648e+03    212.061       5090  1027.7944  1027.7921    33.8783    33.8754    8.37509         29 0.0000e+00
    113.000    111.800    -1.3853  27.092939    -1.3843  27.091981     5.4865     5.5642     0.2696    94.4874 1.0000e-12  -74.17528 -113.34456  27.043764      97.72 1.6633e+03    213.244       5119  1027.7996  1027.7976    33.8785    33.8760    8.37505         29 0.0000e+00
    114.000    112.789    -1.3850  27.093999    -1.3830  27.093917     5.4850     5.5648     0.3095    94.7665 1.0000e-12  -74.17528 -113.34456  27.043778      99.86 1.6641e+03    214.434       5147  1027.8050  1027.8030    33.8790    33.8766    8.37495         28 0.0000e+00
    115.000    113.779    -1.3854  27.093975    -1.3844  27.093268     5.4896     5.5705     0.1543    94.6895 1.0000e-12  -74.17528 -113.34456  27.043792      99.86 1.6641e+03    215.636       5176  1027.8097  1027.8080    33.8787    33.8766    8.37504         29 0.0000e+00
    116.000    114.768    -1.3857  27.094064    -1.3842  27.093786     5.4906     5.5691     0.0976    94.9717 1.0000e-12  -74.17528 -113.34456  27.043806      99.86 1.6635e+03    216.834       5205  1027.8147  1027.8129    33.8786    33.8765    8.37513         29 0.0000e+00
    117.000    115.755    -1.3861  27.094762    -1.3848  27.094384     5.4894     5.5706     0.2522    94.9570 1.0000e-12  -74.17528 -113.34456  27.043820      99.87 1.6640e+03    218.010       5233  1027.8202  1027.8186    33.8794    33.8774    8.37517         28 0.0000e+00
    118.000    116.746    -1.3847  27.096602    -1.3832  27.096115     5.4952     5.5680     0.1259    94.9496 1.0000e-12  -74.17528 -113.34456  27.043833      99.87 1.6650e+03    219.174       5261  1027.8253  1027.8233    33.8797    33.8774    8.37484         28 0.0000e+00
    119.000    117.734    -1.3839  27.097520    -1.3818  27.097949     5.4851     5.5646     0.1912    94.9614 1.0000e-12  -74.17528 -113.34456  27.043847      99.87 1.6637e+03    220.341       5289  1027.8299  1027.8283    33.8795    33.8776    8.37468         28 0.0000e+00
    120.000    118.723    -1.3808  27.101312    -1.3777  27.102515     5.4756     5.5591     0.2485    95.0416 1.0000e-12  -74.17528 -113.34456  27.043860      99.87 1.6638e+03    221.522       5318  1027.8354  1027.8337    33.8804    33.8786    8.37390         28 0.0000e+00
    121.000    119.714    -1.3751  27.107252    -1.3746  27.106096     5.4687     5.5494     0.1451    95.0970 1.0000e-12  -74.17528 -113.34456  27.043874      99.86 1.6654e+03    222.711       5346  1027.8409  1027.8391    33.8816    33.8794    8.37257         29 0.0000e+00
    122.000    120.702    -1.3766  27.106659    -1.3749  27.106247     5.4637     5.5420     0.1158    95.1673 1.0000e-12  -74.17528 -113.34456  27.043888      99.87 1.6642e+03    223.893       5374  1027.8460  1027.8440    33.8819    33.8794    8.37289         28 0.0000e+00
    123.000    121.690    -1.3691  27.114401    -1.3669  27.114725     5.4501     5.5328     0.1288    95.1702 1.0000e-12  -74.17528 -113.34456  27.043901      99.87 1.6641e+03    225.054       5402  1027.8517  1027.8499    33.8834    33.8813    8.37111         28 0.0000e+00
    124.000    122.680    -1.3687  27.115242    -1.3664  27.115671     5.4347     5.5217     0.1058    95.2303 1.0000e-12  -74.17528 -113.34456  27.043915      96.90 1.6641e+03    226.217       5430  1027.8567  1027.8549    33.8835    33.8815    8.37102         28 0.0000e+00
