ocean_section_plots/required_files/ctd/dnbp2202_ctd252.cnv
* Sea-Bird SBE 9 Data File:
* FileName = D:\Data\raw\NBP2202_CTD252.hex
* Software Version Seasave V 7.26.7.121
* Temperature SN = 1649
* Conductivity SN = 2513
* Number of Bytes Per Scan = 40
* Number of Voltage Words = 5
* Number of Scans Averaged by the Deck Unit = 1
* NMEA Latitude = 74 01.28 S
* NMEA Longitude = 118 06.34 W
* NMEA UTC (Time) = Feb 15 2022  15:37:21
* NMEA baud rate = 9600
** Ship: RVIB N.B. Palmer
** Cruise: NBP2202 Thwaites
** Station: 160
** Operator: A. Robinson
# nquan = 28
# nvalues = 942                         
# units = specified
# name 0 = prDM: Pressure, Digiquartz [db]
# name 1 = depSM: Depth [salt water, m]
# name 2 = t090C: Temperature [ITS-90, deg C]
# name 3 = c0mS/cm: Conductivity [mS/cm]
# name 4 = t190C: Temperature, 2 [ITS-90, deg C]
# name 5 = c1mS/cm: Conductivity, 2 [mS/cm]
# name 6 = sbeox0ML/L: Oxygen, SBE 43 [ml/l]
# name 7 = sbeox1ML/L: Oxygen, SBE 43, 2 [ml/l]
# name 8 = flECO-AFL: Fluorescence, WET Labs ECO-AFL/FL [mg/m^3]
# name 9 = CStarTr0: Beam Transmission, WET Labs C-Star [%]
# name 10 = par: PAR/Irradiance, Biospherical/Licor
# name 11 = latitude: Latitude [deg]
# name 12 = longitude: Longitude [deg]
# name 13 = timeJ: Julian Days
# name 14 = altM: Altimeter [m]
# name 15 = spar: SPAR, Biospherical/Licor
# name 16 = timeS: Time, Elapsed [seconds]
# name 17 = scan: Scan Count
# name 18 = density00: Density [density, kg/m^3]
# name 19 = density11: Density, 2 [density, kg/m^3]
# name 20 = v3: Voltage 3
# name 21 = v4: Voltage 4
# name 22 = v5: Voltage 5
# name 23 = sal00: Salinity, Practical [PSU]
# name 24 = sal11: Salinity, Practical, 2 [PSU]
# name 25 = oxsolML/L: Oxygen Saturation, Garcia & Gordon [ml/l]
# name 26 = nbin: number of scans per bin
# name 27 = flag: flag
# span 0 =      2.000,    943.000       
# span 1 =      2.033,    931.124       
# span 2 =    -1.7425,     0.6536       
# span 3 =  26.928522,  29.687633       
# span 4 =    -1.7428,     0.6567       
# span 5 =  26.928410,  29.687924       
# span 6 =     4.6260,     9.0789       
# span 7 =     4.7621,     9.4409       
# span 8 =    -0.0148,    13.2695       
# span 9 =    84.7901,    97.2294       
# span 10 = -3.373e-06, 2.2849e+02      
# span 11 =  -74.02146,  -74.02097      
# span 12 = -118.10576, -118.09998      
# span 13 =  46.653259,  46.668039      
# span 14 =       1.68,      99.73      
# span 15 = 4.5478e+02, 5.4892e+02      
# span 16 =    200.553,   1477.602      
# span 17 =       4814,      35463      
# span 18 =  1027.1831,  1032.1475      
# span 19 =  1027.1864,  1032.1449      
# span 20 =     4.0226,     4.6124      
# span 21 =     0.0672,     2.0630      
# span 22 =     0.1038,     0.1845      
# span 23 =    33.8240,    34.5625      
# span 24 =    33.8300,    34.5598      
# span 25 =    7.89969,    8.44845      
# span 26 =          2,         49      
# span 27 = 0.0000e+00, 0.0000e+00      
# interval = decibars: 1                
# start_time = Feb 15 2022 15:37:21 [NMEA time, header]
# bad_flag = -9.990e-29
*END*
[from data line 104]
    106.000    104.878    -0.3999  27.890975    -0.4019  27.891651     8.4489     8.7731     5.9936    88.6555 1.0000e-12  -74.02146 -118.10576  46.655879      97.49 4.7333e+02    426.928      10247  1027.7118  1027.7145     4.2059     1.1442     0.1477    33.8582    33.8614    8.15966         26 0.0000e+00
    107.000    105.865    -0.4091  27.886011    -0.4114  27.885968     8.3358     8.6746     5.0199    88.6066 1.0000e-12  -74.02146 -118.10576  46.655891      99.44 4.7279e+02    428.016      10273  1027.7194  1027.7215     4.2036     0.8441     0.1471    33.8612    33.8637    8.16146         26 0.0000e+00
    108.000    106.856    -0.4343  27.867118    -0.4382  27.867704     8.2273     8.5825     4.8804    89.2744 1.0000e-12  -74.02146 -118.10576  46.655904      99.41 4.7308e+02    429.070      10299  1027.7277  1027.7321     4.2352     1.0787     0.1559    33.8635    33.8686    8.16677         25 0.0000e+00
    109.000    107.843    -0.5186  27.807412    -0.5210  27.808179     8.1770     8.5329     6.0084    89.1941 1.0000e-12  -74.02146 -118.10576  46.655916      99.45 4.7395e+02    430.137      10324  1027.7492  1027.7523     4.2314     0.8660     0.1458    33.8768    33.8805    8.18417         25 0.0000e+00
    110.000    108.835    -0.5383  27.793602    -0.5404  27.794325     8.1684     8.5132     5.1902    88.2590 1.0000e-12  -74.02146 -118.10576  46.655929      99.42 4.7362e+02    431.223      10350  1027.7571  1027.7599     4.1871     1.0218     0.1424    33.8796    33.8829    8.18825         27 0.0000e+00
    111.000    109.823    -0.5452  27.789420    -0.5485  27.789190     8.1669     8.4985     5.0872    88.2287 1.0000e-12  -74.02146 -118.10576  46.655941      99.43 4.7292e+02    432.318      10377  1027.7630  1027.7659     4.1856     0.9472     0.1525    33.8811    33.8845    8.18966         26 0.0000e+00
    112.000    110.810    -0.5555  27.782803    -0.5581  27.783075     8.1452     8.4772     4.6559    88.3568 1.0000e-12  -74.02146 -118.10576  46.655954      99.44 4.7429e+02    433.417      10403  1027.7696  1027.7724     4.1917     0.7472     0.1343    33.8831    33.8864    8.19177         27 0.0000e+00
    113.000    111.801    -0.5616  27.778765    -0.5638  27.779382     8.1208     8.4451     3.8418    90.1948 1.0000e-12  -74.02146 -118.10576  46.655966      99.46 4.7386e+02    434.503      10429  1027.7750  1027.7778     4.2789     0.7056     0.1374    33.8839    33.8873    8.19305         25 0.0000e+00
    114.000    112.791    -0.5778  27.767656    -0.5806  27.767795     8.0893     8.4060     4.5540    90.7054 1.0000e-12  -74.02146 -118.10575  46.655979      99.46 4.7297e+02    435.591      10455  1027.7827  1027.7855     4.3031     0.7552     0.1528    33.8865    33.8899    8.19641         27 0.0000e+00
    115.000    113.779    -0.5968  27.754644    -0.5998  27.754907     8.0420     8.3500     5.2616    90.5852 1.0000e-12  -74.02146 -118.10575  46.655992      99.46 4.7443e+02    436.695      10482  1027.7908  1027.7940     4.2973     0.6348     0.1518    33.8896    33.8933    8.20034         26 0.0000e+00
    116.000    114.767    -0.6110  27.745056    -0.6134  27.745765     7.9766     8.2852     4.6675    90.5874 1.0000e-12  -74.02146 -118.10576  46.656005      86.68 4.7441e+02    437.799      10508  1027.7982  1027.8012     4.2975     0.7928     0.1349    33.8921    33.8957    8.20329         27 0.0000e+00
    117.000    115.757    -0.6459  27.720591    -0.6488  27.721079     7.9090     8.2340     3.3790    90.8712 1.0000e-12  -74.02146 -118.10576  46.656017      99.11 4.7375e+02    438.881      10534  1027.8094  1027.8128     4.3110     0.7680     0.1524    33.8975    33.9014    8.21054         26 0.0000e+00
    118.000    116.747    -0.6716  27.702118    -0.6763  27.701352     7.8595     8.1890     2.8809    91.0144 1.0000e-12  -74.02146 -118.10576  46.656029      99.45 4.7519e+02    439.945      10560  1027.8182  1027.8219     4.3176     0.7055     0.1377    33.9008    33.9050    8.21594         25 0.0000e+00
    119.000    117.735    -0.7119  27.673433    -0.7140  27.674640     7.8437     8.1749     3.7883    90.7532 1.0000e-12  -74.02146 -118.10576  46.656042      99.47 4.7513e+02    441.023      10586  1027.8301  1027.8334     4.3054     0.6097     0.1389    33.9066    33.9107    8.22437         27 0.0000e+00
    120.000    118.724    -0.7237  27.665753    -0.7259  27.666512     7.8343     8.1430     4.3018    91.1913 1.0000e-12  -74.02146 -118.10576  46.656055      99.47 4.7424e+02    442.120      10612  1027.8370  1027.8398     4.3261     0.4845     0.1353    33.9090    33.9124    8.22682         26 0.0000e+00
    121.000    119.713    -0.7287  27.662844    -0.7314  27.663130     7.8018     8.0896     3.4166    91.0279 1.0000e-12  -74.02146 -118.10576  46.656068      99.47 4.7506e+02    443.238      10639  1027.8424  1027.8452     4.3184     0.5160     0.1377    33.9100    33.9134    8.22784         27 0.0000e+00
    122.000    120.704    -0.7297  27.663096    -0.7319  27.663751     7.7212     8.0069     3.1226    90.9692 1.0000e-12  -74.02146 -118.10576  46.656080      99.47 4.7597e+02    444.325      10665  1027.8474  1027.8501     4.3156     0.5229     0.1380    33.9109    33.9142    8.22802         25 0.0000e+00
    123.000    121.691    -0.7752  27.627107    -0.7792  27.627886     7.6220     7.9257     2.6945    91.5011 1.0000e-12  -74.02146 -118.10576  46.656092      99.46 4.7444e+02    445.371      10690  1027.8564  1027.8611     4.3408     0.6265     0.1430    33.9127    33.9182    8.23784         25 0.0000e+00
    124.000    122.681    -0.8436  27.573290    -0.8486  27.573553     7.5314     7.8541     2.7581    92.4545 1.0000e-12  -74.02146 -118.10576  46.656104      99.46 4.7562e+02    446.414      10715  1027.8683  1027.8734     4.3859     0.5995     0.1479    33.9161    33.9221    8.25261         25 0.0000e+00
    125.000    123.670    -0.9235  27.510450    -0.9277  27.511276     7.4637     7.8015     2.5590    90.8640 1.0000e-12  -74.02146 -118.10576  46.656117      99.45 4.7611e+02    447.490      10741  1027.8810  1027.8860     4.3107     0.7106     0.1353    33.9200    33.9260    8.26991         27 0.0000e+00
    126.000    124.659    -0.9926  27.456841    -0.9963  27.457372     7.4485     7.7749     2.1509    89.8351 1.0000e-12  -74.02146 -118.10576  46.656129      99.44 4.7471e+02    448.583      10767  1027.8931  1027.8972     4.2618     0.8333     0.1357    33.9244    33.9293    8.28488         25 0.0000e+00
    127.000    125.647    -1.0077  27.446394    -1.0104  27.446952     7.4726     7.7772     1.8207    91.1987 1.0000e-12  -74.02146 -118.10576  46.656142      99.47 4.7534e+02    449.681      10793  1027.8996  1027.9028     4.3265     0.4088     0.1321    33.9267    33.9304    8.28809         27 0.0000e+00
    128.000    126.637    -1.0107  27.445148    -1.0137  27.445211     7.4790     7.7697     1.9208    91.1541 1.0000e-12  -74.02146 -118.10576  46.656155      93.90 4.7610e+02    450.781      10820  1027.9045  1027.9074     4.3243     0.3422     0.1350    33.9277    33.9312    8.28869         27 0.0000e+00
    129.000    127.625    -1.0103  27.446069    -1.0122  27.447227     7.4773     7.7534     2.3884    91.7158 1.0000e-12  -74.02146 -118.10576  46.656168      97.56 4.7545e+02    451.880      10846  1027.9086  1027.9116     4.3510     0.4443     0.1338    33.9279    33.9316    8.28859         26 0.0000e+00
    130.000    128.616    -1.0126  27.445051    -1.0149  27.445801     7.4514     7.7273     1.8219    91.8377 1.0000e-12  -74.02146 -118.10576  46.656180      99.45 4.7526e+02    452.991      10873  1027.9133  1027.9162     4.3568     0.3344     0.1322    33.9285    33.9321    8.28907         27 0.0000e+00
    131.000    129.605    -1.0336  27.426892    -1.0372  27.427510     7.4050     7.6854     2.2189    92.4091 1.0000e-12  -74.02146 -118.10576  46.656193      99.47 4.7610e+02    454.090      10899  1027.9175  1027.9216     4.3839     0.4144     0.1358    33.9269    33.9317    8.29380         26 0.0000e+00
    132.000    130.592    -1.0936  27.379154    -1.0967  27.379948     7.3810     7.6656     2.6774    93.0951 1.0000e-12  -74.02146 -118.10576  46.656205      99.47 4.7654e+02    455.153      10925  1027.9273  1027.9311     4.4163     0.5240     0.1336    33.9289    33.9334    8.30697         25 0.0000e+00
    133.000    131.583    -1.1253  27.355011    -1.1293  27.354795     7.3541     7.6384     2.4467    92.9698 1.0000e-12  -74.02146 -118.10576  46.656218      99.47 4.7585e+02    456.214      10950  1027.9353  1027.9389     4.4105     0.4972     0.1348    33.9310    33.9353    8.31386         26 0.0000e+00
    134.000    132.571    -1.1507  27.335061    -1.1534  27.335876     7.3201     7.5846     2.9489    93.3552 1.0000e-12  -74.02146 -118.10576  46.656230      99.47 4.7691e+02    457.296      10976  1027.9416  1027.9451     4.4287     0.4184     0.1287    33.9319    33.9361    8.31946         26 0.0000e+00
    135.000    133.560    -1.1641  27.325116    -1.1672  27.325198     7.2468     7.5166     2.5779    93.2978 1.0000e-12  -74.02146 -118.10576  46.656243      99.46 4.7676e+02    458.401      11003  1027.9473  1027.9503     4.4261     0.3461     0.1269    33.9328    33.9365    8.32237         27 0.0000e+00
    136.000    134.550    -1.1762  27.314875    -1.1777  27.317349     7.0907     7.3706     1.7136    92.5563 1.0000e-12  -74.02146 -118.10576  46.656256      99.47 4.7599e+02    459.531      11030  1027.9513  1027.9555     4.3908     0.3731     0.1336    33.9319    33.9370    8.32512         27 0.0000e+00
    137.000    135.537    -1.2587  27.250474    -1.2636  27.250621     6.9351     7.2350     2.3848    92.6959 1.0000e-12  -74.02146 -118.10576  46.656269      99.47 4.7772e+02    460.676      11057  1027.9645  1027.9694     4.3977     0.3171     0.1312    33.9364    33.9423    8.34324         28 0.0000e+00
    138.000    136.527    -1.3086  27.211906    -1.3161  27.210066     6.7941     7.1063     1.7243    93.2273 1.0000e-12  -74.02146 -118.10576  46.656283      99.47 4.7722e+02    461.829      11085  1027.9741  1027.9793     4.4224     0.3806     0.1317    33.9395    33.9455    8.35423         27 0.0000e+00
    139.000    137.517    -1.3796  27.156420    -1.3808  27.159625     6.7325     7.0353     1.4326    92.7930 1.0000e-12  -74.02146 -118.10576  46.656296      99.46 4.7598e+02    462.999      11113  1027.9853  1027.9900     4.4021     0.5181     0.1319    33.9431    33.9490    8.36992         29 0.0000e+00
    140.000    138.504    -1.4109  27.133600    -1.4118  27.135814     6.7073     6.9958     1.4289    92.7635 1.0000e-12  -74.02146 -118.10576  46.656310      99.47 4.7718e+02    464.190      11142  1027.9938  1027.9970     4.4006     0.2765     0.1256    33.9467    33.9507    8.37675         28 0.0000e+00
    141.000    139.495    -1.4256  27.121958    -1.4293  27.122201     6.7093     6.9849     1.2488    92.7092 1.0000e-12  -74.02146 -118.10576  46.656324      99.25 4.7780e+02    465.398      11171  1027.9984  1028.0022     4.3981     0.3822     0.1259    33.9467    33.9513    8.38004         30 0.0000e+00
    142.000    140.482    -1.4333  27.116728    -1.4342  27.118528     6.7278     6.9885     1.2171    93.6455 1.0000e-12  -74.02146 -118.10576  46.656338      99.51 4.7630e+02    466.602      11199  1028.0034  1028.0063     4.4426     0.2766     0.1332    33.9476    33.9512    8.38172         28 0.0000e+00
    143.000    141.472    -1.4390  27.112713    -1.4420  27.113037     6.7422     6.9954     1.4414    94.0351 1.0000e-12  -74.02146 -118.10576  46.656352      99.47 4.7737e+02    467.778      11228  1028.0080  1028.0112     4.4608     0.3232     0.1274    33.9479    33.9518    8.38299         28 0.0000e+00
    144.000    142.462    -1.4352  27.116626    -1.4375  27.117067     6.7723     7.0098     2.6493    94.2182 1.0000e-12  -74.02146 -118.10576  46.656365      99.46 4.7781e+02    468.923      11255  1028.0121  1028.0148     4.4697     0.2789     0.1242    33.9484    33.9517    8.38210         27 0.0000e+00
    145.000    143.450    -1.4283  27.122741    -1.4328  27.121545     6.7689     7.0011     2.7527    93.9607 1.0000e-12  -74.02146 -118.10576  46.656378      99.47 4.7666e+02    470.074      11283  1028.0158  1028.0189     4.4574     0.2754     0.1230    33.9483    33.9518    8.38055         29 0.0000e+00
    146.000    144.439    -1.4273  27.123788    -1.4272  27.126466     6.7487     6.9715     1.1942    94.4005 1.0000e-12  -74.02146 -118.10576  46.656392      99.47 4.7748e+02    471.274      11312  1028.0198  1028.0227     4.4783     0.2822     0.1225    33.9480    33.9516    8.38034         29 0.0000e+00
    147.000    145.428    -1.4334  27.119872    -1.4380  27.118829     6.6858     6.9237     1.1121    94.1663 1.0000e-12  -74.02146 -118.10576  46.656406      99.46 4.7810e+02    472.491      11341  1028.0254  1028.0286     4.4674     0.2769     0.1242    33.9489    33.9527    8.38166         29 0.0000e+00
    148.000    146.418    -1.4861  27.076193    -1.4866  27.079713     6.6463     6.8971     1.8687    94.7172 1.0000e-12  -74.02146 -118.10576  46.656420      99.47 4.7719e+02    473.664      11369  1028.0322  1028.0367     4.4931     0.1960     0.1191    33.9480    33.9534    8.39361         25 0.0000e+00
    149.000    147.406    -1.5273  27.045258    -1.5276  27.047630     6.6687     6.9083     1.7461    94.9468 1.0000e-12  -74.02146 -118.10576  46.656433      99.47 4.7768e+02    474.802      11396  1028.0420  1028.0448     4.5042     0.3338     0.1265    33.9516    33.9552    8.40270         27 0.0000e+00
    150.000    148.394    -1.5342  27.039916    -1.5378  27.039916     6.7203     6.9538     1.1439    94.5459 1.0000e-12  -74.02146 -118.10576  46.656446      99.46 4.7896e+02    475.962      11424  1028.0464  1028.0499     4.4852     0.3764     0.1220    33.9514    33.9555    8.40426         29 0.0000e+00
    151.000    149.385    -1.5511  27.027208    -1.5534  27.028184     6.8007     7.0248     1.5671    94.6088 1.0000e-12  -74.02146 -118.10576  46.656460      99.04 4.7841e+02    477.172      11453  1028.0525  1028.0558     4.4882     0.2251     0.1150    33.9524    33.9564    8.40802         29 0.0000e+00
    152.000    150.372    -1.5617  27.019465    -1.5636  27.020798     6.8901     7.0932     1.1706    94.8387 1.0000e-12  -74.02146 -118.10576  46.656474      99.47 4.7792e+02    478.390      11482  1028.0580  1028.0613     4.4988     0.2399     0.1196    33.9532    33.9572    8.41037         29 0.0000e+00
    153.000    151.362    -1.5417  27.040918    -1.5423  27.042405     6.9033     7.1096     0.8941    94.2859 1.0000e-12  -74.02146 -118.10576  46.656488      99.47 4.7875e+02    479.564      11511  1028.0662  1028.0683     4.4732     0.2860     0.1210    33.9594    33.9622    8.40548         28 0.0000e+00
    154.000    152.349    -1.5485  27.035863    -1.5490  27.038607     6.8771     7.0946     1.0536    94.7292 1.0000e-12  -74.02146 -118.10576  46.656501      99.47 4.7905e+02    480.713      11538  1028.0711  1028.0747     4.4939     0.2903     0.1215    33.9595    33.9639    8.40700         27 0.0000e+00
    155.000    153.340    -1.5675  27.022239    -1.5712  27.022211     6.8324     7.0662     0.8949    94.2067 1.0000e-12  -74.02146 -118.10576  46.656515      99.47 4.7798e+02    481.882      11566  1028.0786  1028.0822     4.4691     0.3071     0.1189    33.9617    33.9660    8.41117         29 0.0000e+00
    156.000    154.329    -1.5849  27.010487    -1.5867  27.011838     6.7855     7.0327     0.8237    94.6696 1.0000e-12  -74.02146 -118.10576  46.656529      99.46 4.7951e+02    483.087      11595  1028.0865  1028.0897     4.4911     0.1525     0.1221    33.9647    33.9686    8.41494         29 0.0000e+00
