ocean_section_plots/required_files/ctd/dnbp2202_ctd014.cnv
* Sea-Bird SBE 9 Data File:
* FileName = D:\Data\raw\NBP2202_CTD014.hex
* Software Version Seasave V 7.26.7.121
* Temperature SN = 1649
* Conductivity SN = 2513
* Number of Bytes Per Scan = 40
* Number of Voltage Words = 5
* Number of Scans Averaged by the Deck Unit = 1
* NMEA Latitude = 73 04.22 S
* NMEA Longitude = 113 43.81 W
* NMEA UTC (Time) = Jan 17 2022  02:24:06
* NMEA baud rate = 9600
** Ship: RVIB N.B. Palmer
** Cruise: NBP2202 Thwaites
** Station: #9
** Operator: A. Robinson
# nquan = 25
# nvalues = 497                         
# units = specified
# name 0 = prDM: Pressure, Digiquartz [db]
# name 1 = depSM: Depth [salt water, m]
# name 2 = t090C: Temperature [ITS-90, deg C]
# name 3 = c0mS/cm: Conductivity [mS/cm]
# name 4 = t190C: Temperature, 2 [ITS-90, deg C]
# name 5 = c1mS/cm: Conductivity, 2 [mS/cm]
# name 6 = sbeox0ML/L: Oxygen, SBE 43 [ml/l]
# name 7 = sbeox1ML/L: Oxygen, SBE 43, 2 [ml/l]
# name 8 = flECO-AFL: Fluorescence, WET Labs ECO-AFL/FL [mg/m^3]
# name 9 = CStarTr0: Beam Transmission, WET Labs C-Star [%]
# name 10 = par: PAR/Irradiance, Biospherical/Licor
# name 11 = latitude: Latitude [deg]
# name 12 = longitude: Longitude [deg]
# name 13 = timeJ: Julian Days
# name 14 = altM: Altimeter [m]
# name 15 = spar: SPAR, Biospherical/Licor
# name 16 = timeS: Time, Elapsed [seconds]
# name 17 = scan: Scan Count
# name 18 = density00: Density [density, kg/m^3]
# name 19 = density11: Density, 2 [density, kg/m^3]
# name 20 = sal00: Salinity, Practical [PSU]
# name 21 = sal11: Salinity, Practical, 2 [PSU]
# name 22 = oxsolML/L: Oxygen Saturation, Garcia & Gordon [ml/l]
# name 23 = nbin: number of scans per bin
# name 24 = flag: flag
# span 0 =      3.000,    499.000       
# span 1 =      2.968,    493.267       
# span 2 =    -1.6199,     0.5189       
# span 3 =  26.962019,  29.379187       
# span 4 =    -1.6193,     0.5215       
# span 5 =  26.961760,  29.379126       
# span 6 =     4.5647,     8.7661       
# span 7 =     4.8328,     9.3231       
# span 8 =    -0.0181,    27.9918       
# span 9 =    69.0528,    97.8237       
# span 10 = -2.198e-05, 6.9187e+01      
# span 11 =  -73.07044,  -73.07042      
# span 12 = -113.73035, -113.73028      
# span 13 =  17.102995,  17.111936      
# span 14 =       5.18,     101.59      
# span 15 = 1.0326e+02, 1.9921e+02      
# span 16 =    252.777,   1025.258      
# span 17 =       6068,      24607      
# span 18 =  1027.2342,  1030.0843      
# span 19 =  1027.2329,  1030.0814      
# span 20 =    33.8797,    34.5656      
# span 21 =    33.8778,    34.5625      
# span 22 =    7.92703,    8.42305      
# span 23 =         17,         61      
# span 24 = 0.0000e+00, 0.0000e+00      
# interval = decibars: 1                
# start_time = Jan 17 2022 02:24:06 [NMEA time, header]
# bad_flag = -9.990e-29
*END*
[from data line 116]
    119.000    117.741    -1.6199  26.962784    -1.6193  26.962593     6.7105     7.1361     0.4405    96.3448 1.0000e-12  -73.07042 -113.73030  17.105723      99.92 1.8507e+02    488.444      11724  1027.9067  1027.9060    33.9619    33.9609    8.42305         23 0.0000e+00
    120.000    118.731    -1.6129  26.971311    -1.6107  26.972221     6.7218     7.1526     0.4237    96.4411 1.0000e-12  -73.07042 -113.73030  17.105733      99.92 1.8510e+02    489.364      11746  1027.9136  1027.9124    33.9651    33.9637    8.42128         22 0.0000e+00
    121.000    119.720    -1.5973  26.985755    -1.5956  26.986282     6.7393     7.1568     0.3067    96.2470 1.0000e-12  -73.07042 -113.73030  17.105744      99.92 1.8510e+02    490.272      11768  1027.9186  1027.9175    33.9667    33.9654    8.41764         23 0.0000e+00
    122.000    120.708    -1.5827  26.999965    -1.5819  26.999306     6.7344     7.1539     0.3546    96.2245 1.0000e-12  -73.07042 -113.73032  17.105756      99.92 1.8459e+02    491.341      11793  1027.9243  1027.9228    33.9690    33.9672    8.41418         28 0.0000e+00
    123.000    121.697    -1.5672  27.014481    -1.5647  27.014182     6.7238     7.1416     0.7415    96.3926 1.0000e-12  -73.07042 -113.73032  17.105775      99.91 1.8337e+02    492.980      11833  1027.9296  1027.9269    33.9708    33.9675    8.41056         37 0.0000e+00
    124.000    122.687    -1.5489  27.030802    -1.5483  27.030217     6.7284     7.1495     0.4230    96.3273 1.0000e-12  -73.07042 -113.73032  17.105794      92.75 1.8334e+02    494.594      11871  1027.9343  1027.9330    33.9719    33.9704    8.40636         30 0.0000e+00
    125.000    123.677    -1.5293  27.049413    -1.5292  27.048010     6.7111     7.1355     0.5188    96.4213 1.0000e-12  -73.07042 -113.73032  17.105806      98.56 1.8253e+02    495.599      11895  1027.9403  1027.9386    33.9747    33.9726    8.40176         21 0.0000e+00
    126.000    124.663    -1.5197  27.058504    -1.5181  27.058522     6.6941     7.1166     0.6659    96.2487 1.0000e-12  -73.07042 -113.73032  17.105815      99.90 1.8159e+02    496.408      11915  1027.9454  1027.9439    33.9756    33.9739    8.39953         19 0.0000e+00
    127.000    125.654    -1.5185  27.060187    -1.5178  27.059930     6.6922     7.1134     0.7970    96.1456 1.0000e-12  -73.07042 -113.73032  17.105824      99.91 1.8149e+02    497.202      11934  1027.9506  1027.9496    33.9760    33.9749    8.39925         20 0.0000e+00
    128.000    126.643    -1.5239  27.055933    -1.5236  27.055862     6.6676     7.0968     0.9254    96.0332 1.0000e-12  -73.07042 -113.73032  17.105836      99.91 1.8074e+02    498.201      11958  1027.9556  1027.9552    33.9757    33.9752    8.40049         27 0.0000e+00
    129.000    127.631    -1.5557  27.030813    -1.5551  27.030847     6.6093     7.0334     0.4916    96.1800 1.0000e-12  -73.07042 -113.73032  17.105855      99.91 1.8017e+02    499.876      11998  1027.9631  1027.9626    33.9765    33.9759    8.40762         36 0.0000e+00
    130.000    128.621    -1.5233  27.061538    -1.5212  27.061293     6.5492     6.9682     0.5633    95.9468 1.0000e-12  -73.07042 -113.73032  17.105873      99.92 1.7939e+02    501.468      12036  1027.9700  1027.9676    33.9815    33.9787    8.40001         31 0.0000e+00
    131.000    129.611    -1.4870  27.095146    -1.4872  27.093033     6.4896     6.9092     0.5561    96.3693 1.0000e-12  -73.07042 -113.73032  17.105886      99.92 1.7885e+02    502.517      12061  1027.9762  1027.9741    33.9859    33.9832    8.39154         22 0.0000e+00
    132.000    130.600    -1.4735  27.106823    -1.4731  27.105991     6.4084     6.8309     0.5229    96.1733 1.0000e-12  -73.07042 -113.73032  17.105896      99.92 1.7814e+02    503.407      12083  1027.9805  1027.9792    33.9860    33.9844    8.38850         21 0.0000e+00
    133.000    131.589    -1.4694  27.111653    -1.4682  27.111391     6.3384     6.7605     0.5158    96.2368 1.0000e-12  -73.07042 -113.73032  17.105907      99.92 1.7805e+02    504.355      12106  1027.9864  1027.9849    33.9873    33.9856    8.38748         25 0.0000e+00
    134.000    132.577    -1.4471  27.132444    -1.4457  27.132022     6.3094     6.7262     0.4825    96.2196 1.0000e-12  -73.07042 -113.73032  17.105921      99.92 1.7805e+02    505.544      12134  1027.9922  1027.9905    33.9900    33.9879    8.38230         33 0.0000e+00
    135.000    133.566    -1.4487  27.133585    -1.4475  27.133341     6.3003     6.7150     0.3335    96.3675 1.0000e-12  -73.07042 -113.73032  17.105938      99.92 1.7717e+02    507.039      12170  1027.9997  1027.9984    33.9927    33.9911    8.38249         34 0.0000e+00
    136.000    134.556    -1.4590  27.126339    -1.4578  27.126150     6.3049     6.7131     0.4153    96.1455 1.0000e-12  -73.07042 -113.73032  17.105953      99.92 1.7640e+02    508.374      12202  1028.0064  1028.0051    33.9939    33.9923    8.38475         28 0.0000e+00
    137.000    135.544    -1.4570  27.128663    -1.4560  27.128156     6.3070     6.7031     0.3622    96.1021 1.0000e-12  -73.07042 -113.73032  17.105965      99.92 1.7556e+02    509.410      12227  1028.0115  1028.0100    33.9942    33.9924    8.38428         22 0.0000e+00
    138.000    136.534    -1.4568  27.130344    -1.4556  27.130087     6.3156     6.7026     0.2748    96.6156 1.0000e-12  -73.07042 -113.73032  17.105976      99.92 1.7484e+02    510.327      12249  1028.0176  1028.0162    33.9956    33.9940    8.38415         23 0.0000e+00
    139.000    137.522    -1.4519  27.135424    -1.4514  27.134756     6.3281     6.7193     0.4927    96.4404 1.0000e-12  -73.07042 -113.73032  17.105987      99.92 1.7454e+02    511.309      12272  1028.0228  1028.0217    33.9965    33.9950    8.38300         25 0.0000e+00
    140.000    138.511    -1.4586  27.130313    -1.4582  27.129742     6.3433     6.7336     1.0966    96.5370 1.0000e-12  -73.07042 -113.73032  17.106001      99.92 1.7403e+02    512.483      12301  1028.0282  1028.0271    33.9965    33.9952    8.38452         31 0.0000e+00
    141.000    139.501    -1.4637  27.126747    -1.4631  27.126047     6.3623     6.7583     0.3764    96.3970 1.0000e-12  -73.07042 -113.73032  17.106017      99.92 1.7275e+02    513.884      12334  1028.0335  1028.0322    33.9966    33.9950    8.38564         35 0.0000e+00
    142.000    140.490    -1.4665  27.124862    -1.4677  27.122959     6.4035     6.7875     0.4999    96.7020 1.0000e-12  -73.07042 -113.73032  17.106034      99.92 1.7276e+02    515.318      12369  1028.0386  1028.0377    33.9967    33.9954    8.38628         33 0.0000e+00
    143.000    141.478    -1.4810  27.113908    -1.4804  27.113437     6.4015     6.7955     0.5273    96.6637 1.0000e-12  -73.07042 -113.73032  17.106048      99.92 1.7256e+02    516.530      12398  1028.0449  1028.0438    33.9974    33.9960    8.38950         26 0.0000e+00
    144.000    142.469    -1.4772  27.118928    -1.4765  27.118323     6.3803     6.7792     0.4645    96.4281 1.0000e-12  -73.07042 -113.73032  17.106060      99.92 1.7168e+02    517.549      12422  1028.0511  1028.0497    33.9994    33.9978    8.38853         23 0.0000e+00
    145.000    143.457    -1.4739  27.122817    -1.4742  27.121333     6.3321     6.7273     0.3666    95.5000 1.0000e-12  -73.07042 -113.73032  17.106071      99.92 1.7134e+02    518.555      12446  1028.0565  1028.0551    34.0004    33.9987    8.38773         26 0.0000e+00
    146.000    144.447    -1.4655  27.131248    -1.4638  27.130809     6.2676     6.6609     0.7717    95.3008 1.0000e-12  -73.07042 -113.73032  17.106085      99.92 1.7106e+02    519.734      12475  1028.0619  1028.0597    34.0019    33.9992    8.38575         30 0.0000e+00
    147.000    145.435    -1.4401  27.155965    -1.4382  27.155214     6.2283     6.6196     0.2672    96.6967 1.0000e-12  -73.07042 -113.73034  17.106102      99.82 1.7079e+02    521.193      12510  1028.0688  1028.0662    34.0063    34.0032    8.37975         34 0.0000e+00
    148.000    146.425    -1.4273  27.168413    -1.4263  27.167881     6.1892     6.5783     0.2762    96.8937 1.0000e-12  -73.07042 -113.73033  17.106118      99.89 1.6979e+02    522.605      12544  1028.0746  1028.0730    34.0084    34.0064    8.37677         31 0.0000e+00
    149.000    147.412    -1.4169  27.179818    -1.4153  27.179160     6.1617     6.5531     0.1911    96.6372 1.0000e-12  -73.07042 -113.73032  17.106132      99.92 1.6910e+02    523.780      12572  1028.0815  1028.0792    34.0115    34.0088    8.37422         26 0.0000e+00
    150.000    148.402    -1.3965  27.199411    -1.3954  27.198923     6.1483     6.5418     0.2382    96.6750 1.0000e-12  -73.07042 -113.73032  17.106144      99.92 1.6828e+02    524.859      12598  1028.0878  1028.0862    34.0148    34.0128    8.36947         26 0.0000e+00
    151.000    149.392    -1.3947  27.201918    -1.3937  27.201446     6.1382     6.5259     0.3088    96.7349 1.0000e-12  -73.07042 -113.73032  17.106157      99.92 1.6791e+02    525.986      12625  1028.0933  1028.0918    34.0155    34.0137    8.36901         28 0.0000e+00
    152.000    150.378    -1.3911  27.206503    -1.3893  27.206334     6.1531     6.5267     0.2827    96.7969 1.0000e-12  -73.07042 -113.73032  17.106171      99.92 1.6753e+02    527.159      12653  1028.0994  1028.0975    34.0171    34.0148    8.36811         28 0.0000e+00
    153.000    151.369    -1.3858  27.212890    -1.3837  27.213423     6.1784     6.5495     0.1810    96.7938 1.0000e-12  -73.07042 -113.73032  17.106184      99.93 1.6705e+02    528.328      12681  1028.1058  1028.1043    34.0192    34.0176    8.36679         29 0.0000e+00
    154.000    152.358    -1.3985  27.203197    -1.3965  27.203564     6.1911     6.5624     0.5529    96.8023 1.0000e-12  -73.07042 -113.73032  17.106200      99.92 1.6588e+02    529.665      12713  1028.1120  1028.1104    34.0197    34.0179    8.36961         31 0.0000e+00
    155.000    153.346    -1.4027  27.200148    -1.4014  27.199992     6.1937     6.5708     0.1924    96.8742 1.0000e-12  -73.07042 -113.73032  17.106217      99.92 1.6571e+02    531.159      12749  1028.1171  1028.1156    34.0196    34.0179    8.37056         35 0.0000e+00
    156.000    154.335    -1.4057  27.199202    -1.4049  27.198667     6.1931     6.5620     0.1911    97.0181 1.0000e-12  -73.07042 -113.73032  17.106232      99.92 1.6571e+02    532.425      12779  1028.1234  1028.1221    34.0212    34.0195    8.37114         27 0.0000e+00
    157.000    155.325    -1.4035  27.202602    -1.4024  27.202141     6.1670     6.5537     0.2461    96.9135 1.0000e-12  -73.07042 -113.73032  17.106244      99.92 1.6454e+02    533.458      12804  1028.1293  1028.1278    34.0227    34.0209    8.37056         23 0.0000e+00
    158.000    156.313    -1.3984  27.208439    -1.3946  27.210200     6.1459     6.5258     0.2548    96.8090 1.0000e-12  -73.07042 -113.73032  17.106255      98.99 1.6396e+02    534.447      12828  1028.1352  1028.1334    34.0243    34.0224    8.36932         25 0.0000e+00
    159.000    157.302    -1.3852  27.220407    -1.3863  27.217620     6.1315     6.5010     0.1778    96.6659 1.0000e-12  -73.07042 -113.73032  17.106268      99.89 1.6395e+02    535.566      12855  1028.1398  1028.1378    34.0251    34.0225    8.36630         30 0.0000e+00
    160.000    158.292    -1.3765  27.228445    -1.3746  27.228617     6.1451     6.5196     0.1918    96.0987 1.0000e-12  -73.07042 -113.73032  17.106285      99.93 1.6395e+02    537.028      12890  1028.1447  1028.1430    34.0256    34.0237    8.36432         37 0.0000e+00
    161.000    159.280    -1.3866  27.220491    -1.3857  27.220107     6.1478     6.5284     0.3351    96.6448 1.0000e-12  -73.07042 -113.73032  17.106303      99.92 1.6344e+02    538.561      12926  1028.1502  1028.1489    34.0256    34.0240    8.36659         32 0.0000e+00
    162.000    160.269    -1.3912  27.218157    -1.3910  27.216887     6.1370     6.5176     0.2342    96.3746 1.0000e-12  -73.07042 -113.73032  17.106316      99.92 1.6260e+02    539.720      12954  1028.1564  1028.1549    34.0270    34.0250    8.36754         25 0.0000e+00
    163.000    161.259    -1.3771  27.232281    -1.3753  27.232054     6.1378     6.5215     0.2505    96.9465 1.0000e-12  -73.07042 -113.73032  17.106327      99.92 1.6259e+02    540.677      12977  1028.1626  1028.1606    34.0297    34.0274    8.36420         22 0.0000e+00
    164.000    162.248    -1.3822  27.228446    -1.3810  27.228336     6.1337     6.5123     0.2691    96.6894 1.0000e-12  -73.07042 -113.73032  17.106338      99.92 1.6220e+02    541.629      13000  1028.1677  1028.1665    34.0296    34.0281    8.36536         24 0.0000e+00
    165.000    163.236    -1.3800  27.232538    -1.3787  27.232147     6.1340     6.5109     0.2293    96.8504 1.0000e-12  -73.07042 -113.73032  17.106352      99.92 1.6219e+02    542.819      13029  1028.1745  1028.1727    34.0322    34.0301    8.36472         32 0.0000e+00
    166.000    164.224    -1.3797  27.233908    -1.3787  27.233415     6.1340     6.5121     0.2489    96.5749 1.0000e-12  -73.07042 -113.73032  17.106370      99.92 1.6160e+02    544.342      13065  1028.1801  1028.1785    34.0331    34.0312    8.36460         33 0.0000e+00
    167.000    165.215    -1.3777  27.237390    -1.3762  27.237008     6.1180     6.4952     0.1668    96.7766 1.0000e-12  -73.07042 -113.73032  17.106386      99.92 1.6090e+02    545.725      13098  1028.1863  1028.1845    34.0350    34.0328    8.36404         29 0.0000e+00
    168.000    166.203    -1.3644  27.250489    -1.3630  27.249963     6.1021     6.4756     0.1132    96.8962 1.0000e-12  -73.07042 -113.73032  17.106399      87.81 1.6106e+02    546.842      13125  1028.1921  1028.1902    34.0372    34.0349    8.36092         25 0.0000e+00
    169.000    167.192    -1.3511  27.263163    -1.3500  27.262538     6.0993     6.4692     0.1052    97.0828 1.0000e-12  -73.07042 -113.73032  17.106410      99.92 1.6035e+02    547.855      13150  1028.1975  1028.1958    34.0389    34.0368    8.35784         24 0.0000e+00
    170.000    168.181    -1.3452  27.269174    -1.3442  27.268436     6.0907     6.4648     0.2124    97.0174 1.0000e-12  -73.07042 -113.73032  17.106423      99.92 1.5960e+02    548.913      13175  1028.2028  1028.2010    34.0398    34.0377    8.35646         26 0.0000e+00
    171.000    169.169    -1.3413  27.273387    -1.3399  27.272917     6.0761     6.4503     0.8296    97.0195 1.0000e-12  -73.07042 -113.73032  17.106437      99.92 1.5892e+02    550.167      13205  1028.2080  1028.2062    34.0405    34.0383    8.35554         33 0.0000e+00
    172.000    170.159    -1.3339  27.280512    -1.3313  27.281022     6.0445     6.4273     0.4084    97.1341 1.0000e-12  -73.07042 -113.73032  17.106454      99.92 1.5866e+02    551.659      13241  1028.2132  1028.2112    34.0413    34.0391    8.35384         36 0.0000e+00
    173.000    171.147    -1.3203  27.293891    -1.3186  27.293539     6.0416     6.4208     0.1418    97.1514 1.0000e-12  -73.07042 -113.73032  17.106471      99.90 1.5866e+02    553.095      13275  1028.2191  1028.2171    34.0436    34.0412    8.35066         32 0.0000e+00
    174.000    172.136    -1.3108  27.303585    -1.3098  27.302879     5.9906     6.3695     0.2020    97.0176 1.0000e-12  -73.07042 -113.73030  17.106485      99.92 1.5851e+02    554.262      13303  1028.2250  1028.2233    34.0455    34.0434    8.34843         25 0.0000e+00
    175.000    173.125    -1.3054  27.309600    -1.3036  27.309249     5.9344     6.3080     0.2664    97.0061 1.0000e-12  -73.07042 -113.73030  17.106496      99.92 1.5851e+02    555.272      13328  1028.2308  1028.2287    34.0470    34.0444    8.34713         23 0.0000e+00
