ocean_section_plots/required_files/ctd/dnbp2202_ctd066.cnv
* Sea-Bird SBE 9 Data File:
* FileName = D:\Data\raw\NBP2202_CTD066.hex
* Software Version Seasave V 7.26.7.121
* Temperature SN = 1649
* Conductivity SN = 2513
* Number of Bytes Per Scan = 40
* Number of Voltage Words = 5
* Number of Scans Averaged by the Deck Unit = 1
* NMEA Latitude = 74 09.18 S
* NMEA Longitude = 112 12.70 W
* NMEA UTC (Time) = Jan 25 2022  21:43:09
* NMEA baud rate = 9600
** Ship: RVIB N.B. Palmer
** Cruise: NBP2202 Thwaites
** Station: 47
** Operator: A. Robinson
** N-S Transect Line
# nquan = 25
# nvalues = 921                         
# units = specified
# name 0 = prDM: Pressure, Digiquartz [db]
# name 1 = depSM: Depth [salt water, m]
# name 2 = t090C: Temperature [ITS-90, deg C]
# name 3 = c0mS/cm: Conductivity [mS/cm]
# name 4 = t190C: Temperature, 2 [ITS-90, deg C]
# name 5 = c1mS/cm: Conductivity, 2 [mS/cm]
# name 6 = sbeox0ML/L: Oxygen, SBE 43 [ml/l]
# name 7 = sbeox1ML/L: Oxygen, SBE 43, 2 [ml/l]
# name 8 = flECO-AFL: Fluorescence, WET Labs ECO-AFL/FL [mg/m^3]
# name 9 = CStarTr0: Beam Transmission, WET Labs C-Star [%]
# name 10 = par: PAR/Irradiance, Biospherical/Licor
# name 11 = latitude: Latitude [deg]
# name 12 = longitude: Longitude [deg]
# name 13 = timeJ: Julian Days
# name 14 = altM: Altimeter [m]
# name 15 = spar: SPAR, Biospherical/Licor
# name 16 = timeS: Time, Elapsed [seconds]
# name 17 = scan: Scan Count
# name 18 = density00: Density [density, kg/m^3]
# name 19 = density11: Density, 2 [density, kg/m^3]
# name 20 = sal00: Salinity, Practical [PSU]
# name 21 = sal11: Salinity, Practical, 2 [PSU]
# name 22 = oxsolML/L: Oxygen Saturation, Garcia & Gordon [ml/l]
# name 23 = nbin: number of scans per bin
# name 24 = flag: flag
# span 0 =      2.000,    922.000       
# span 1 =      1.978,    910.430       
# span 2 =    -1.5381,     0.5477       
# span 3 =  27.050783,  29.585898       
# span 4 =    -1.5387,     0.5498       
# span 5 =  27.050544,  29.586380       
# span 6 =     4.5763,     9.1505       
# span 7 =     4.7342,     9.6308       
# span 8 =    -0.0119,    29.4371       
# span 9 =    58.4610,    96.2763       
# span 10 = 1.0000e-12, 2.3001e+02      
# span 11 =  -74.15308,  -74.15306      
# span 12 = -112.21198, -112.21184      
# span 13 =  25.908251,  25.922617      
# span 14 =       4.53,     107.34      
# span 15 = 4.2519e+02, 5.4178e+02      
# span 16 =    283.910,   1525.089      
# span 17 =       6815,      36603      
# span 18 =  1027.1935,  1032.0570      
# span 19 =  1027.1971,  1032.0552      
# span 20 =    33.8242,    34.5596      
# span 21 =    33.8270,    34.5574      
# span 22 =    7.92145,    8.40390      
# span 23 =         24,         50      
# span 24 = 0.0000e+00, 0.0000e+00      
# interval = decibars: 1                
# start_time = Jan 25 2022 21:43:09 [NMEA time, header]
# bad_flag = -9.990e-29
*END*
[from data line 870]
    872.000    861.165     0.5098  29.522767     0.5113  29.522469     4.6060     4.7623    -0.0002    96.0687 1.0000e-12  -74.15306 -112.21196  25.921382      55.06 4.6461e+02   1418.386      34042  1031.8177  1031.8159    34.5475    34.5455    7.92987         30 0.0000e+00
    873.000    862.153     0.5094  29.522925     0.5113  29.522820     4.6056     4.7657     0.0068    96.0701 1.0000e-12  -74.15306 -112.21196  25.921396      54.15 4.6220e+02   1419.612      34072  1031.8225  1031.8206    34.5476    34.5455    7.92995         29 0.0000e+00
    874.000    863.138     0.5093  29.523086     0.5111  29.523077     4.6011     4.7691     0.0087    96.0710 1.0000e-12  -74.15306 -112.21196  25.921410      53.02 4.6260e+02   1420.816      34101  1031.8270  1031.8252    34.5474    34.5454    7.92999         29 0.0000e+00
    875.000    864.123     0.5091  29.523182     0.5108  29.523071     4.6032     4.7682     0.0142    96.0833 1.0000e-12  -74.15306 -112.21196  25.921424      52.14 4.6592e+02   1422.005      34129  1031.8315  1031.8298    34.5472    34.5452    7.93004         28 0.0000e+00
    876.000    865.109     0.5092  29.523796     0.5110  29.523728     4.6042     4.7693     0.0116    96.0761 1.0000e-12  -74.15306 -112.21196  25.921437      51.05 4.6312e+02   1423.191      34158  1031.8363  1031.8344    34.5474    34.5452    7.93002         28 0.0000e+00
    877.000    866.095     0.5102  29.525366     0.5119  29.525209     4.6024     4.7686     0.0036    96.0896 1.0000e-12  -74.15306 -112.21194  25.921451      50.03 4.6267e+02   1424.373      34186  1031.8411  1031.8393    34.5477    34.5456    7.92979         29 0.0000e+00
    878.000    867.080     0.5101  29.525617     0.5116  29.525331     4.6032     4.7697     0.0077    96.0640 1.0000e-12  -74.15306 -112.21194  25.921465      49.03 4.6720e+02   1425.578      34215  1031.8456  1031.8439    34.5475    34.5455    7.92981         29 0.0000e+00
    879.000    868.065     0.5099  29.525787     0.5118  29.525829     4.6036     4.7622     0.0047    96.0819 1.0000e-12  -74.15306 -112.21194  25.921480      47.93 4.6471e+02   1426.834      34245  1031.8502  1031.8484    34.5474    34.5454    7.92986         30 0.0000e+00
    880.000    869.050     0.5096  29.525865     0.5112  29.525686     4.6043     4.7580     0.0052    96.0479 1.0000e-12  -74.15306 -112.21194  25.921494      47.02 4.6381e+02   1428.071      34275  1031.8548  1031.8531    34.5473    34.5453    7.92993         30 0.0000e+00
    881.000    870.037     0.5094  29.526087     0.5112  29.526088     4.6028     4.7661     0.0064    96.0505 1.0000e-12  -74.15306 -112.21194  25.921509      45.92 4.6874e+02   1429.340      34305  1031.8594  1031.8577    34.5472    34.5452    7.92997         29 0.0000e+00
    882.000    871.022     0.5091  29.526215     0.5108  29.526062     4.6024     4.7672     0.0010    96.0825 1.0000e-12  -74.15306 -112.21194  25.921523      44.94 4.6653e+02   1430.628      34336  1031.8641  1031.8623    34.5472    34.5451    7.93005         31 0.0000e+00
    883.000    872.007     0.5098  29.527341     0.5117  29.527508     4.6021     4.7680     0.0069    96.0862 1.0000e-12  -74.15306 -112.21194  25.921538      43.95 4.6491e+02   1431.847      34365  1031.8688  1031.8671    34.5473    34.5454    7.92990         28 0.0000e+00
    884.000    872.991     0.5099  29.528012     0.5115  29.527720     4.5982     4.7679     0.0069    96.0816 1.0000e-12  -74.15306 -112.21194  25.921551      42.97 4.6966e+02   1433.016      34393  1031.8736  1031.8718    34.5475    34.5453    7.92986         28 0.0000e+00
    885.000    873.978     0.5107  29.529317     0.5125  29.529160     4.5988     4.7688     0.0069    96.0740 1.0000e-12  -74.15306 -112.21192  25.921565      41.94 4.6765e+02   1434.219      34422  1031.8784  1031.8765    34.5477    34.5456    7.92968         30 0.0000e+00
    886.000    874.963     0.5122  29.531258     0.5136  29.530896     4.5960     4.7675     0.0110    96.0680 1.0000e-12  -74.15306 -112.21192  25.921579      40.99 4.6648e+02   1435.457      34452  1031.8831  1031.8814    34.5480    34.5460    7.92937         30 0.0000e+00
    887.000    875.949     0.5105  29.529969     0.5126  29.530097     4.5985     4.7669     0.0041    96.0493 1.0000e-12  -74.15306 -112.21192  25.921594      39.93 4.7085e+02   1436.708      34482  1031.8877  1031.8858    34.5477    34.5455    7.92973         30 0.0000e+00
    888.000    876.934     0.5150  29.535305     0.5167  29.535067     4.5987     4.7545    -0.0006    96.0520 1.0000e-12  -74.15306 -112.21192  25.921609      38.94 4.6790e+02   1438.047      34514  1031.8929  1031.8910    34.5490    34.5468    7.92873         33 0.0000e+00
    889.000    877.920     0.5140  29.534500     0.5157  29.534375     4.5994     4.7639     0.0010    96.0927 1.0000e-12  -74.15306 -112.21192  25.921625      37.85 4.6598e+02   1439.417      34547  1031.8974  1031.8956    34.5486    34.5465    7.92897         32 0.0000e+00
    890.000    878.906     0.5136  29.534568     0.5156  29.534724     4.6002     4.7649     0.0070    96.0731 1.0000e-12  -74.15307 -112.21191  25.921640      36.92 4.7178e+02   1440.664      34577  1031.9021  1031.9003    34.5485    34.5465    7.92906         28 0.0000e+00
    891.000    879.891     0.5113  29.532276     0.5133  29.532596     4.6006     4.7652     0.0069    96.0819 1.0000e-12  -74.15308 -112.21190  25.921653      35.91 4.7052e+02   1441.855      34606  1031.9062  1031.9046    34.5476    34.5458    7.92958         28 0.0000e+00
    892.000    880.877     0.5106  29.532090     0.5125  29.532020     4.6014     4.7666     0.0022    96.0954 1.0000e-12  -74.15308 -112.21190  25.921669      34.84 4.6679e+02   1443.230      34639  1031.9109  1031.9090    34.5475    34.5453    7.92972         37 0.0000e+00
    893.000    881.861     0.5135  29.535999     0.5153  29.535453     4.5979     4.7641     0.0026    96.0927 1.0000e-12  -74.15308 -112.21190  25.921688      33.76 4.7043e+02   1444.803      34676  1031.9162  1031.9139    34.5488    34.5461    7.92906         37 0.0000e+00
    894.000    882.846     0.5161  29.539135     0.5175  29.538319     4.5994     4.7615     0.0105    96.0675 1.0000e-12  -74.15308 -112.21190  25.921705      32.78 4.7059e+02   1446.302      34712  1031.9211  1031.9189    34.5493    34.5467    7.92848         36 0.0000e+00
    895.000    883.832     0.5172  29.540965     0.5192  29.540685     4.5962     4.7558     0.0116    96.0647 1.0000e-12  -74.15308 -112.21190  25.921723      31.74 4.6853e+02   1447.853      34749  1031.9261  1031.9239    34.5499    34.5474    7.92822         38 0.0000e+00
    896.000    884.819     0.5182  29.542328     0.5202  29.542292     4.5938     4.7598     0.0069    96.0566 1.0000e-12  -74.15308 -112.21190  25.921743      30.68 4.6999e+02   1449.590      34791  1031.9309  1031.9288    34.5501    34.5478    7.92803         38 0.0000e+00
    897.000    885.803     0.5191  29.543952     0.5213  29.543864     4.5984     4.7622     0.0003    96.0510 1.0000e-12  -74.15308 -112.21190  25.921764      29.71 4.7191e+02   1451.406      34835  1031.9359  1031.9336    34.5506    34.5481    7.92781         42 0.0000e+00
    898.000    886.788     0.5221  29.547609     0.5239  29.547215     4.5936     4.7607     0.0043    96.0448 1.0000e-12  -74.15308 -112.21189  25.921785      28.69 4.7026e+02   1453.203      34878  1031.9408  1031.9387    34.5514    34.5489    7.92714         40 0.0000e+00
    899.000    887.773     0.5218  29.547612     0.5238  29.547427     4.5963     4.7539     0.0043    96.1115 1.0000e-12  -74.15307 -112.21188  25.921804      27.66 4.7252e+02   1454.893      34918  1031.9455  1031.9433    34.5513    34.5488    7.92722         36 0.0000e+00
    900.000    888.759     0.5212  29.547512     0.5234  29.547432     4.5995     4.7545     0.0035    96.0809 1.0000e-12  -74.15307 -112.21188  25.921824      26.68 4.7422e+02   1456.605      34960  1031.9501  1031.9479    34.5512    34.5487    7.92734         36 0.0000e+00
    901.000    889.744     0.5212  29.547949     0.5232  29.547768     4.5969     4.7577    -0.0003    96.0772 1.0000e-12  -74.15308 -112.21188  25.921849      25.55 4.7116e+02   1458.770      35011  1031.9548  1031.9527    34.5512    34.5487    7.92734         40 0.0000e+00
    902.000    890.729     0.5216  29.548656     0.5235  29.548471     4.5982     4.7592     0.0018    96.0452 1.0000e-12  -74.15308 -112.21188  25.921877      24.56 4.7340e+02   1461.193      35070  1031.9594  1031.9574    34.5512    34.5488    7.92727         38 0.0000e+00
    903.000    891.715     0.5219  29.549490     0.5237  29.549176     4.5961     4.7594     0.0036    96.0397 1.0000e-12  -74.15308 -112.21188  25.921907      23.48 4.7492e+02   1463.755      35131  1031.9642  1031.9621    34.5513    34.5488    7.92720         41 0.0000e+00
    904.000    892.701     0.5221  29.550085     0.5239  29.549799     4.5944     4.7585     0.0002    96.0532 1.0000e-12  -74.15308 -112.21188  25.921935      22.52 4.7416e+02   1466.181      35189  1031.9687  1031.9668    34.5513    34.5489    7.92715         37 0.0000e+00
    905.000    893.687     0.5223  29.550718     0.5240  29.550264     4.5974     4.7524     0.0041    96.0421 1.0000e-12  -74.15308 -112.21188  25.921968      21.50 4.7674e+02   1469.078      35259  1031.9735  1031.9714    34.5513    34.5489    7.92711         43 0.0000e+00
    906.000    894.670     0.5223  29.551100     0.5241  29.550898     4.5984     4.7532     0.0133    96.0526 1.0000e-12  -74.15308 -112.21188  25.921995      20.53 4.7845e+02   1471.336      35313  1031.9781  1031.9761    34.5512    34.5490    7.92711         44 0.0000e+00
    907.000    895.656     0.5227  29.551972     0.5244  29.551630     4.5935     4.7562     0.0069    96.0591 1.0000e-12  -74.15308 -112.21188  25.922030      19.46 4.7669e+02   1474.422      35387  1031.9828  1031.9808    34.5514    34.5490    7.92702         32 0.0000e+00
    908.000    896.642     0.5230  29.552651     0.5246  29.552237     4.5962     4.7562     0.0131    96.0286 1.0000e-12  -74.15308 -112.21188  25.922055      18.51 4.7755e+02   1476.528      35438  1031.9874  1031.9855    34.5513    34.5490    7.92696         33 0.0000e+00
    909.000    897.628     0.5226  29.552806     0.5243  29.552280     4.5945     4.7556     0.0083    96.0354 1.0000e-12  -74.15308 -112.21189  25.922085      17.39 4.8136e+02   1479.142      35500  1031.9921  1031.9901    34.5514    34.5489    7.92704         45 0.0000e+00
    910.000    898.612     0.5247  29.555481     0.5260  29.554909     4.5895     4.7554     0.0105    96.0406 1.0000e-12  -74.15308 -112.21190  25.922111      16.39 4.8021e+02   1481.374      35554  1031.9971  1031.9953    34.5520    34.5498    7.92658         39 0.0000e+00
    911.000    899.599     0.5281  29.559674     0.5286  29.558106     4.5910     4.7517     0.0064    96.0599 1.0000e-12  -74.15308 -112.21190  25.922143      15.38 4.8050e+02   1484.196      35622  1032.0023  1032.0002    34.5531    34.5505    7.92582         37 0.0000e+00
    912.000    900.584     0.5354  29.569168     0.5374  29.568572     4.5833     4.7472    -0.0056    96.0651 1.0000e-12  -74.15308 -112.21190  25.922170      14.33 4.8522e+02   1486.497      35677  1032.0091  1032.0066    34.5567    34.5538    7.92412         37 0.0000e+00
    913.000    901.569     0.5448  29.579652     0.5462  29.578960     4.5792     4.7389     0.0039    96.0359 1.0000e-12  -74.15308 -112.21192  25.922204      13.37 4.8368e+02   1489.437      35747  1032.0149  1032.0128    34.5593    34.5569    7.92206         43 0.0000e+00
    914.000    902.554     0.5438  29.578221     0.5471  29.579915     4.5792     4.7420     0.0000    96.0446 1.0000e-12  -74.15308 -112.21192  25.922226      12.33 4.8292e+02   1491.310      35792  1032.0187  1032.0172    34.5580    34.5566    7.92233         40 0.0000e+00
    915.000    903.540     0.5428  29.577689     0.5452  29.578290     4.5780     4.7438     0.0036    95.9844 1.0000e-12  -74.15308 -112.21194  25.922260      11.26 4.8750e+02   1494.259      35863  1032.0235  1032.0218    34.5579    34.5561    7.92255         39 0.0000e+00
    916.000    904.526     0.5449  29.580652     0.5475  29.581381     4.5763     4.7372     0.0081    95.9834 1.0000e-12  -74.15306 -112.21194  25.922285      10.33 4.8476e+02   1496.432      35915  1032.0287  1032.0268    34.5589    34.5569    7.92207         43 0.0000e+00
    917.000    905.510     0.5467  29.582948     0.5486  29.582948     4.5820     4.7390     0.0060    95.9809 1.0000e-12  -74.15306 -112.21194  25.922316       9.26 4.8361e+02   1499.086      35979  1032.0335  1032.0317    34.5593    34.5572    7.92168         36 0.0000e+00
    918.000    906.496     0.5459  29.582556     0.5477  29.582351     4.5805     4.7408     0.0029    96.0114 1.0000e-12  -74.15306 -112.21194  25.922345       8.19 4.8876e+02   1501.571      36039  1032.0381  1032.0362    34.5590    34.5568    7.92184         37 0.0000e+00
    919.000    907.482     0.5468  29.583969     0.5488  29.583996     4.5826     4.7342     0.0099    95.9886 1.0000e-12  -74.15306 -112.21194  25.922376       7.23 4.8519e+02   1504.258      36103  1032.0430  1032.0411    34.5594    34.5572    7.92165         42 0.0000e+00
    920.000    908.467     0.5477  29.585394     0.5495  29.585169     4.5810     4.7345     0.0001    95.9522 1.0000e-12  -74.15306 -112.21194  25.922406       6.18 4.8480e+02   1506.855      36166  1032.0478  1032.0459    34.5596    34.5574    7.92145         40 0.0000e+00
    921.000    909.452     0.5477  29.585759     0.5494  29.585482     4.5784     4.7356     0.0076    95.9523 1.0000e-12  -74.15306 -112.21194  25.922436       5.20 4.8912e+02   1509.429      36227  1032.0524  1032.0505    34.5595    34.5573    7.92145         42 0.0000e+00
    922.000    910.430     0.5474  29.585898     0.5498  29.586380     4.5805     4.7400     0.0031    95.9900 1.0000e-12  -74.15306 -112.21195  25.922617       4.53 4.8478e+02   1525.089      36603  1032.0570  1032.0552    34.5595    34.5574    7.92151         27 0.0000e+00
