ocean_section_plots/required_files/ctd/dnbp2202_ctd050.cnv
* Sea-Bird SBE 9 Data File:
* FileName = D:\Data\raw\NBP2202_CTD050.hex
* Software Version Seasave V 7.26.7.121
* Temperature SN = 1649
* Conductivity SN = 2513
* Number of Bytes Per Scan = 40
* Number of Voltage Words = 5
* Number of Scans Averaged by the Deck Unit = 1
* NMEA Latitude = 74 13.19 S
* NMEA Longitude = 112 52.07 W
* NMEA UTC (Time) = Jan 24 2022  04:56:36
* NMEA baud rate = 9600
** Ship: RVIB N.B. Palmer
** Cruise: NBP2202 Thwaites
** Station: Section Dotson C
** Operator: B Bjork
# nquan = 25
# nvalues = 756                         
# units = specified
# name 0 = prDM: Pressure, Digiquartz [db]
# name 1 = depSM: Depth [salt water, m]
# name 2 = t090C: Temperature [ITS-90, deg C]
# name 3 = c0mS/cm: Conductivity [mS/cm]
# name 4 = t190C: Temperature, 2 [ITS-90, deg C]
# name 5 = c1mS/cm: Conductivity, 2 [mS/cm]
# name 6 = sbeox0ML/L: Oxygen, SBE 43 [ml/l]
# name 7 = sbeox1ML/L: Oxygen, SBE 43, 2 [ml/l]
# name 8 = flECO-AFL: Fluorescence, WET Labs ECO-AFL/FL [mg/m^3]
# name 9 = CStarTr0: Beam Transmission, WET Labs C-Star [%]
# name 10 = par: PAR/Irradiance, Biospherical/Licor
# name 11 = latitude: Latitude [deg]
# name 12 = longitude: Longitude [deg]
# name 13 = timeJ: Julian Days
# name 14 = altM: Altimeter [m]
# name 15 = spar: SPAR, Biospherical/Licor
# name 16 = timeS: Time, Elapsed [seconds]
# name 17 = scan: Scan Count
# name 18 = density00: Density [density, kg/m^3]
# name 19 = density11: Density, 2 [density, kg/m^3]
# name 20 = sal00: Salinity, Practical [PSU]
# name 21 = sal11: Salinity, Practical, 2 [PSU]
# name 22 = oxsolML/L: Oxygen Saturation, Garcia & Gordon [ml/l]
# name 23 = nbin: number of scans per bin
# name 24 = flag: flag
# span 0 =      2.000,    757.000       
# span 1 =      1.978,    747.809       
# span 2 =    -1.5054,     0.3451       
# span 3 =  27.123482,  29.282611       
# span 4 =    -1.5045,     0.3471       
# span 5 =  27.123082,  29.282188       
# span 6 =     4.6490,     8.3342       
# span 7 =     4.8602,     8.7247       
# span 8 =    -0.0195,    22.7958       
# span 9 =    69.3532,    96.4725       
# span 10 = -5.668e-05, 7.7994e+01      
# span 11 =  -74.21994,  -74.21994      
# span 12 = -112.86788, -112.86784      
# span 13 =  24.207278,  24.219476      
# span 14 =       5.01,     100.30      
# span 15 = 1.6689e+02, 2.0644e+02      
# span 16 =    112.856,   1166.754      
# span 17 =       2710,      28003      
# span 18 =  1027.1887,  1031.2428      
# span 19 =  1027.1903,  1031.2402      
# span 20 =    33.7949,    34.4842      
# span 21 =    33.7907,    34.4813      
# span 22 =    7.96730,    8.39380      
# span 23 =         11,         50      
# span 24 = 0.0000e+00, 0.0000e+00      
# interval = decibars: 1                
# start_time = Jan 24 2022 04:56:36 [NMEA time, header]
# bad_flag = -9.990e-29
*END*
[from data line 290]
    292.000    288.774    -1.4004  27.285535    -1.3998  27.284941     6.1883     6.4902     0.0398    96.1639 1.0000e-12  -74.21994 -112.86786  24.212246      99.89 1.6963e+02    542.083      13011  1028.7978  1028.7965    34.0493    34.0477    8.36829         31 0.0000e+00
    293.000    289.762    -1.4013  27.285342    -1.3999  27.285345     6.1940     6.4898     0.0477    96.1427 1.0000e-12  -74.21994 -112.86786  24.212261      93.84 1.6836e+02    543.348      13041  1028.8027  1028.8013    34.0494    34.0477    8.36848         30 0.0000e+00
    294.000    290.749    -1.4010  27.286159    -1.4002  27.285459     6.1895     6.4917     0.0319    96.1752 1.0000e-12  -74.21994 -112.86786  24.212276      78.28 1.6906e+02    544.614      13072  1028.8075  1028.8060    34.0495    34.0476    8.36839         31 0.0000e+00
    295.000    291.738    -1.4016  27.285982    -1.4012  27.285121     6.1890     6.4954     0.0287    96.1813 1.0000e-12  -74.21994 -112.86786  24.212291      98.81 1.6969e+02    545.912      13103  1028.8122  1028.8109    34.0493    34.0477    8.36854         31 0.0000e+00
    296.000    292.726    -1.4026  27.285764    -1.4018  27.285145     6.1919     6.4967     0.0483    96.1977 1.0000e-12  -74.21994 -112.86786  24.212305      99.87 1.6766e+02    547.194      13134  1028.8173  1028.8158    34.0496    34.0478    8.36876         31 0.0000e+00
    297.000    293.715    -1.4029  27.286354    -1.4020  27.285782     6.1947     6.4965     0.0348    96.1975 1.0000e-12  -74.21994 -112.86786  24.212320      99.90 1.6841e+02    548.474      13164  1028.8224  1028.8210    34.0500    34.0483    8.36878         30 0.0000e+00
    298.000    294.704    -1.4033  27.286557    -1.4024  27.285972     6.1942     6.5057     0.0288    96.2030 1.0000e-12  -74.21994 -112.86785  24.212335      99.89 1.6959e+02    549.768      13195  1028.8273  1028.8259    34.0502    34.0484    8.36887         31 0.0000e+00
    299.000    295.690    -1.4045  27.286237    -1.4037  27.285728     6.2011     6.5091     0.0289    96.1954 1.0000e-12  -74.21994 -112.86785  24.212350      99.90 1.6748e+02    551.039      13226  1028.8324  1028.8312    34.0505    34.0490    8.36912         31 0.0000e+00
    300.000    296.680    -1.4064  27.285626    -1.4056  27.285122     6.2097     6.5102     0.0335    96.1795 1.0000e-12  -74.21994 -112.86784  24.212365      99.89 1.6800e+02    552.309      13256  1028.8379  1028.8366    34.0512    34.0496    8.36951         30 0.0000e+00
    301.000    297.667    -1.4079  27.285246    -1.4070  27.284791     6.2197     6.5183     0.0364    96.2038 1.0000e-12  -74.21994 -112.86785  24.212380      99.89 1.6973e+02    553.599      13287  1028.8433  1028.8418    34.0518    34.0501    8.36982         32 0.0000e+00
    302.000    298.656    -1.4097  27.285689    -1.4092  27.285205     6.2246     6.5362     0.0359    96.1758 1.0000e-12  -74.21994 -112.86785  24.212394      99.89 1.6760e+02    554.871      13318  1028.8498  1028.8488    34.0539    34.0526    8.37010         29 0.0000e+00
    303.000    299.644    -1.4131  27.284854    -1.4125  27.284242     6.2331     6.5385     0.0266    96.1700 1.0000e-12  -74.21994 -112.86784  24.212409      99.90 1.6813e+02    556.121      13348  1028.8564  1028.8552    34.0559    34.0544    8.37073         30 0.0000e+00
    304.000    300.633    -1.4148  27.284264    -1.4139  27.283929     6.2335     6.5383     0.0187    96.2299 1.0000e-12  -74.21994 -112.86786  24.212423      99.89 1.7033e+02    557.383      13378  1028.8618  1028.8604    34.0565    34.0549    8.37109         31 0.0000e+00
    305.000    301.620    -1.4149  27.284854    -1.4139  27.284422     6.2351     6.5430     0.0289    96.2456 1.0000e-12  -74.21994 -112.86785  24.212438      99.89 1.6776e+02    558.649      13409  1028.8667  1028.8653    34.0567    34.0550    8.37110         30 0.0000e+00
    306.000    302.607    -1.4152  27.285369    -1.4142  27.284921     6.2409     6.5423     0.0289    96.2083 1.0000e-12  -74.21994 -112.86785  24.212453      99.89 1.6776e+02    559.907      13439  1028.8719  1028.8704    34.0572    34.0554    8.37113         30 0.0000e+00
    307.000    303.597    -1.4157  27.285635    -1.4148  27.285108     6.2375     6.5388     0.0289    96.2779 1.0000e-12  -74.21994 -112.86786  24.212467      99.89 1.7010e+02    561.172      13469  1028.8769  1028.8754    34.0575    34.0557    8.37123         31 0.0000e+00
    308.000    304.585    -1.4155  27.286083    -1.4145  27.285764     6.2408     6.5452     0.0235    96.3111 1.0000e-12  -74.21994 -112.86784  24.212482      99.90 1.6781e+02    562.448      13500  1028.8815  1028.8801    34.0573    34.0556    8.37120         30 0.0000e+00
    309.000    305.573    -1.4158  27.286601    -1.4150  27.285956     6.2416     6.5508     0.0226    96.2788 1.0000e-12  -74.21994 -112.86785  24.212496      99.89 1.6753e+02    563.695      13530  1028.8866  1028.8851    34.0577    34.0559    8.37124         31 0.0000e+00
    310.000    306.562    -1.4172  27.286005    -1.4164  27.285452     6.2431     6.5447     0.0702    96.3093 1.0000e-12  -74.21994 -112.86785  24.212511      99.89 1.6978e+02    564.954      13560  1028.8915  1028.8901    34.0578    34.0561    8.37154         30 0.0000e+00
    311.000    307.549    -1.4172  27.286718    -1.4163  27.286119     6.2431     6.5438     0.0358    96.3458 1.0000e-12  -74.21994 -112.86784  24.212526      99.89 1.6795e+02    566.221      13590  1028.8966  1028.8951    34.0581    34.0564    8.37151         30 0.0000e+00
    312.000    308.537    -1.4160  27.289267    -1.4149  27.288897     6.2330     6.5423     0.0251    96.3587 1.0000e-12  -74.21994 -112.86786  24.212540      99.90 1.6741e+02    567.457      13620  1028.9025  1028.9010    34.0597    34.0580    8.37116         29 0.0000e+00
    313.000    309.526    -1.4098  27.296204    -1.4087  27.295757     6.2230     6.5288     0.0245    96.3452 1.0000e-12  -74.21994 -112.86784  24.212554      99.89 1.6876e+02    568.685      13649  1028.9084  1028.9068    34.0616    34.0597    8.36965         30 0.0000e+00
    314.000    310.513    -1.4047  27.302326    -1.4037  27.301812     6.2200     6.5253     0.0266    96.3765 1.0000e-12  -74.21994 -112.86784  24.212569      99.90 1.6857e+02    569.920      13679  1028.9145  1028.9129    34.0636    34.0617    8.36840         29 0.0000e+00
    315.000    311.503    -1.3985  27.310293    -1.3973  27.309890     6.2190     6.5263     0.0228    96.3656 1.0000e-12  -74.21994 -112.86784  24.212583      89.18 1.6727e+02    571.141      13708  1028.9216  1028.9199    34.0669    34.0649    8.36681         29 0.0000e+00
    316.000    312.490    -1.3968  27.312812    -1.3958  27.312317     6.2169     6.5297     0.0150    96.3864 1.0000e-12  -74.21994 -112.86784  24.212597      99.13 1.6830e+02    572.356      13738  1028.9269  1028.9254    34.0678    34.0659    8.36637         30 0.0000e+00
    317.000    313.477    -1.3960  27.314223    -1.3951  27.313729     6.2179     6.5328     0.0237    96.4016 1.0000e-12  -74.21994 -112.86784  24.212611      99.89 1.6905e+02    573.591      13767  1028.9321  1028.9307    34.0682    34.0665    8.36617         30 0.0000e+00
    318.000    314.467    -1.3952  27.315758    -1.3943  27.315260     6.2192     6.5239     0.0330    96.3769 1.0000e-12  -74.21994 -112.86784  24.212625      99.89 1.6726e+02    574.811      13796  1028.9373  1028.9360    34.0688    34.0671    8.36596         29 0.0000e+00
    319.000    315.454    -1.3947  27.317106    -1.3938  27.316628     6.2194     6.5252     0.0192    96.3870 1.0000e-12  -74.21994 -112.86784  24.212639      99.89 1.6807e+02    576.030      13826  1028.9427  1028.9412    34.0695    34.0677    8.36580         29 0.0000e+00
    320.000    316.442    -1.3933  27.319778    -1.3922  27.319321     6.2196     6.5300     0.0110    96.3728 1.0000e-12  -74.21994 -112.86784  24.212653      99.89 1.6906e+02    577.254      13855  1028.9485  1028.9470    34.0708    34.0690    8.36540         29 0.0000e+00
    321.000    317.431    -1.3915  27.322855    -1.3905  27.322427     6.2234     6.5363     0.0107    96.3117 1.0000e-12  -74.21994 -112.86784  24.212667      99.90 1.6705e+02    578.457      13884  1028.9545  1028.9531    34.0724    34.0708    8.36490         29 0.0000e+00
    322.000    318.418    -1.3908  27.324458    -1.3900  27.323996     6.2285     6.5411     0.0188    96.3770 1.0000e-12  -74.21994 -112.86784  24.212681      99.89 1.6807e+02    579.661      13913  1028.9600  1028.9586    34.0733    34.0717    8.36471         29 0.0000e+00
    323.000    319.407    -1.3900  27.326747    -1.3892  27.326200     6.2322     6.5404     0.0163    96.3702 1.0000e-12  -74.21994 -112.86784  24.212695      99.89 1.6765e+02    580.883      13942  1028.9660  1028.9646    34.0749    34.0732    8.36442         29 0.0000e+00
    324.000    320.395    -1.3884  27.329680    -1.3877  27.328744     6.2400     6.5386     0.0204    96.3577 1.0000e-12  -74.21994 -112.86784  24.212709      99.89 1.6704e+02    582.091      13971  1028.9720  1028.9703    34.0765    34.0744    8.36397         29 0.0000e+00
    325.000    321.384    -1.3870  27.332310    -1.3861  27.331757     6.2397     6.5390    -0.0058    96.3756 1.0000e-12  -74.21994 -112.86784  24.212723      99.89 1.6778e+02    583.296      14000  1028.9778  1028.9764    34.0778    34.0761    8.36357         29 0.0000e+00
    326.000    322.371    -1.3851  27.335304    -1.3838  27.335498     6.2377     6.5386     0.0127    96.3861 1.0000e-12  -74.21994 -112.86784  24.212737      93.72 1.6875e+02    584.497      14029  1028.9837  1028.9826    34.0792    34.0780    8.36307         29 0.0000e+00
    327.000    323.359    -1.3835  27.338179    -1.3826  27.337667     6.2437     6.5413     0.0018    96.3623 1.0000e-12  -74.21994 -112.86784  24.212751      99.86 1.6729e+02    585.681      14057  1028.9896  1028.9881    34.0807    34.0790    8.36262         28 0.0000e+00
    328.000    324.348    -1.3829  27.339393    -1.3820  27.338880     6.2354     6.5409     0.0125    96.3604 1.0000e-12  -74.21994 -112.86784  24.212765      99.89 1.6759e+02    586.875      14086  1028.9946  1028.9932    34.0810    34.0794    8.36246         29 0.0000e+00
    329.000    325.335    -1.3826  27.340362    -1.3817  27.339739     6.2263     6.5400     0.0097    96.3863 1.0000e-12  -74.21994 -112.86784  24.212779      99.89 1.6888e+02    588.084      14115  1028.9998  1028.9982    34.0815    34.0796    8.36238         27 0.0000e+00
    330.000    326.323    -1.3808  27.343237    -1.3799  27.342689     6.2252     6.5410     0.0142    96.3660 1.0000e-12  -74.21994 -112.86784  24.212793      99.89 1.6701e+02    589.277      14144  1029.0054  1029.0040    34.0827    34.0810    8.36189         29 0.0000e+00
    331.000    327.311    -1.3778  27.347268    -1.3768  27.346698     6.2392     6.5412     0.0104    96.4031 1.0000e-12  -74.21994 -112.86784  24.212806      99.90 1.6722e+02    590.466      14172  1029.0113  1029.0097    34.0842    34.0823    8.36113         28 0.0000e+00
    332.000    328.300    -1.3770  27.348600    -1.3761  27.348072     6.2423     6.5440     0.0112    96.3879 1.0000e-12  -74.21994 -112.86784  24.212820      99.88 1.6961e+02    591.669      14201  1029.0163  1029.0148    34.0845    34.0828    8.36093         29 0.0000e+00
    333.000    329.287    -1.3770  27.349220    -1.3761  27.348668     6.2457     6.5431     0.0095    96.4065 1.0000e-12  -74.21994 -112.86784  24.212834      99.89 1.6742e+02    592.867      14230  1029.0213  1029.0198    34.0848    34.0831    8.36093         29 0.0000e+00
    334.000    330.276    -1.3772  27.349658    -1.3765  27.348967     6.2387     6.5436     0.0069    96.3744 1.0000e-12  -74.21994 -112.86784  24.212848      99.89 1.6697e+02    594.052      14258  1029.0263  1029.0248    34.0850    34.0832    8.36095         28 0.0000e+00
    335.000    331.264    -1.3764  27.351656    -1.3754  27.351122     6.2399     6.5454     0.0069    96.3985 1.0000e-12  -74.21994 -112.86784  24.212862      99.89 1.6893e+02    595.246      14287  1029.0320  1029.0305    34.0862    34.0843    8.36069         29 0.0000e+00
    336.000    332.251    -1.3729  27.356358    -1.3721  27.355712     6.2378     6.5455     0.0066    96.4193 1.0000e-12  -74.21994 -112.86784  24.212876      93.56 1.6689e+02    596.446      14316  1029.0381  1029.0365    34.0881    34.0862    8.35980         28 0.0000e+00
    337.000    333.240    -1.3709  27.359532    -1.3699  27.358944     6.2438     6.5434     0.0072    96.4351 1.0000e-12  -74.21994 -112.86784  24.212889      87.70 1.6699e+02    597.633      14344  1029.0439  1029.0424    34.0895    34.0877    8.35927         29 0.0000e+00
    338.000    334.228    -1.3681  27.363192    -1.3671  27.362522     6.2422     6.5454     0.0142    96.4368 1.0000e-12  -74.21994 -112.86784  24.212903      99.04 1.6952e+02    598.821      14373  1029.0495  1029.0479    34.0907    34.0887    8.35856         29 0.0000e+00
    339.000    335.217    -1.3676  27.364193    -1.3667  27.363715     6.2393     6.5461     0.0127    96.4284 1.0000e-12  -74.21994 -112.86784  24.212917      99.89 1.6711e+02    600.013      14401  1029.0545  1029.0531    34.0910    34.0893    8.35845         28 0.0000e+00
    340.000    336.204    -1.3679  27.364567    -1.3670  27.364035     6.2361     6.5445     0.0048    96.4238 1.0000e-12  -74.21994 -112.86784  24.212930      99.89 1.6722e+02    601.184      14429  1029.0595  1029.0581    34.0912    34.0895    8.35850         28 0.0000e+00
    341.000    337.191    -1.3665  27.366782    -1.3651  27.366709     6.2417     6.5467    -0.0033    96.4672 1.0000e-12  -74.21994 -112.86784  24.212944      99.89 1.6919e+02    602.362      14458  1029.0650  1029.0635    34.0921    34.0903    8.35814         28 0.0000e+00
    342.000    338.181    -1.3614  27.372610    -1.3605  27.372104     6.2316     6.5393    -0.0014    96.4221 1.0000e-12  -74.21994 -112.86784  24.212958      99.89 1.6813e+02    603.554      14486  1029.0707  1029.0692    34.0936    34.0918    8.35690         29 0.0000e+00
    343.000    339.168    -1.3580  27.376684    -1.3571  27.376159     6.2347     6.5297     0.0069    96.4329 1.0000e-12  -74.21994 -112.86784  24.212971      99.89 1.6715e+02    604.731      14515  1029.0762  1029.0747    34.0947    34.0929    8.35607         28 0.0000e+00
    344.000    340.156    -1.3561  27.379158    -1.3552  27.378573     6.2292     6.5287     0.0112    96.4642 1.0000e-12  -74.21994 -112.86784  24.212985      99.89 1.6898e+02    605.911      14543  1029.0814  1029.0798    34.0954    34.0935    8.35561         29 0.0000e+00
    345.000    341.144    -1.3538  27.382156    -1.3528  27.381670     6.2265     6.5292     0.0143    96.4725 1.0000e-12  -74.21994 -112.86784  24.212999      99.89 1.6848e+02    607.102      14571  1029.0867  1029.0852    34.0962    34.0944    8.35504         28 0.0000e+00
    346.000    342.133    -1.3504  27.386274    -1.3493  27.385847     6.2169     6.5287     0.0195    96.4403 1.0000e-12  -74.21994 -112.86784  24.213012      99.89 1.6690e+02    608.272      14600  1029.0923  1029.0907    34.0974    34.0956    8.35421         28 0.0000e+00
    347.000    343.120    -1.3465  27.390800    -1.3455  27.390318     6.2129     6.5215     0.0098    96.4544 1.0000e-12  -74.21994 -112.86784  24.213026      99.90 1.6849e+02    609.448      14628  1029.0978  1029.0962    34.0986    34.0967    8.35327         29 0.0000e+00
    348.000    344.108    -1.3425  27.395354    -1.3414  27.394925     6.2092     6.5087     0.0069    96.4605 1.0000e-12  -74.21994 -112.86784  24.213040      89.30 1.6885e+02    610.637      14656  1029.1032  1029.1017    34.0996    34.0978    8.35231         28 0.0000e+00
