ocean_section_plots/required_files/ctd/dnbp2202_ctd294.cnv
* Sea-Bird SBE 9 Data File:
* FileName = D:\Data\raw\NBP2202_CTD294.hex
* Software Version Seasave V 7.26.7.121
* Temperature SN = 1649
* Conductivity SN = 2513
* Number of Bytes Per Scan = 40
* Number of Voltage Words = 5
* Number of Scans Averaged by the Deck Unit = 1
* NMEA Latitude = 73 21.53 S
* NMEA Longitude = 114 41.59 W
* NMEA UTC (Time) = Feb 24 2022  09:31:06
* NMEA baud rate = 9600
** Ship: RVIB N.B. Palmer
** Cruise: NBP2202 Thwaites
** Station: 196
** Operator: B. Bjork
# nquan = 28
# nvalues = 852                         
# units = specified
# name 0 = prDM: Pressure, Digiquartz [db]
# name 1 = depSM: Depth [salt water, m]
# name 2 = t090C: Temperature [ITS-90, deg C]
# name 3 = c0mS/cm: Conductivity [mS/cm]
# name 4 = t190C: Temperature, 2 [ITS-90, deg C]
# name 5 = c1mS/cm: Conductivity, 2 [mS/cm]
# name 6 = sbeox0ML/L: Oxygen, SBE 43 [ml/l]
# name 7 = sbeox1ML/L: Oxygen, SBE 43, 2 [ml/l]
# name 8 = flECO-AFL: Fluorescence, WET Labs ECO-AFL/FL [mg/m^3]
# name 9 = CStarTr0: Beam Transmission, WET Labs C-Star [%]
# name 10 = par: PAR/Irradiance, Biospherical/Licor
# name 11 = latitude: Latitude [deg]
# name 12 = longitude: Longitude [deg]
# name 13 = timeJ: Julian Days
# name 14 = altM: Altimeter [m]
# name 15 = spar: SPAR, Biospherical/Licor
# name 16 = timeS: Time, Elapsed [seconds]
# name 17 = scan: Scan Count
# name 18 = density00: Density [density, kg/m^3]
# name 19 = density11: Density, 2 [density, kg/m^3]
# name 20 = v3: Voltage 3
# name 21 = v4: Voltage 4
# name 22 = v5: Voltage 5
# name 23 = sal00: Salinity, Practical [PSU]
# name 24 = sal11: Salinity, Practical, 2 [PSU]
# name 25 = oxsolML/L: Oxygen Saturation, Garcia & Gordon [ml/l]
# name 26 = nbin: number of scans per bin
# name 27 = flag: flag
# span 0 =      2.000,    853.000       
# span 1 =      1.975,    842.471       
# span 2 =    -1.7864,     0.5976       
# span 3 =  27.045105,  29.603771       
# span 4 =    -1.7862,     0.6001       
# span 5 =  27.046409,  29.604615       
# span 6 =     4.4789,     9.0049       
# span 7 =     4.6595,     9.3527       
# span 8 =     0.1057,    12.9969       
# span 9 =    85.5158,    97.6114       
# span 10 = -1.578e-05, 5.2902e-01      
# span 11 =  -73.35894,  -73.35894      
# span 12 = -114.69328, -114.69324      
# span 13 =  55.397880,  55.411570      
# span 14 =     -23.23,      99.75      
# span 15 = 1.5464e+01, 2.0439e+01      
# span 16 =    110.847,   1293.627      
# span 17 =       2661,      31048      
# span 18 =  1027.1295,  1031.7365      
# span 19 =  1027.1363,  1031.7353      
# span 20 =     4.0572,     4.6305      
# span 21 =     0.0817,     2.4171      
# span 22 =     0.1133,     0.1965      
# span 23 =    33.7303,    34.5663      
# span 24 =    33.7352,    34.5648      
# span 25 =    7.91089,    8.45137      
# span 26 =          7,         48      
# span 27 = 0.0000e+00, 0.0000e+00      
# interval = decibars: 1                
# start_time = Feb 24 2022 09:31:06 [NMEA time, header]
# bad_flag = -9.990e-29
*END*
[from data line 363]
    365.000    360.919    -1.7730  27.058006    -1.7731  27.058246     6.6352     6.8877     0.5387    96.4142 1.0000e-12  -73.35894 -114.69326  55.402887      99.55 1.8212e+01    543.429      13043  1029.2149  1029.2153     4.5737     0.1425     0.1176    34.1148    34.1152    8.44871         24 0.0000e+00
    366.000    361.908    -1.7759  27.055978    -1.7758  27.056415     6.6385     6.8868     0.6095    96.6299 1.0000e-12  -73.35894 -114.69326  55.402898      99.63 2.0439e+01    544.398      13067  1029.2198  1029.2201     4.5840     0.1567     0.1197    34.1147    34.1152    8.44938         22 0.0000e+00
    367.000    362.894    -1.7776  27.055038    -1.7775  27.055562     6.6425     6.8895     0.5320    96.6765 1.0000e-12  -73.35894 -114.69326  55.402909      99.62 1.7615e+01    545.317      13089  1029.2247  1029.2251     4.5862     0.1589     0.1200    34.1148    34.1153    8.44977         22 0.0000e+00
    368.000    363.882    -1.7791  27.054385    -1.7789  27.054830     6.6381     6.8903     0.5093    96.7296 1.0000e-12  -73.35894 -114.69326  55.402919      99.62 1.7629e+01    546.221      13110  1029.2296  1029.2299     4.5885     0.1405     0.1246    34.1148    34.1153    8.45009         22 0.0000e+00
    369.000    364.870    -1.7796  27.054314    -1.7795  27.054810     6.6359     6.8851     0.5808    96.4006 1.0000e-12  -73.35894 -114.69326  55.402930      99.62 1.9876e+01    547.145      13132  1029.2343  1029.2347     4.5733     0.1359     0.1168    34.1147    34.1153    8.45022         23 0.0000e+00
    370.000    365.859    -1.7821  27.052756    -1.7820  27.053194     6.6318     6.8843     0.5435    96.5703 1.0000e-12  -73.35894 -114.69326  55.402941      99.62 1.7677e+01    548.125      13156  1029.2392  1029.2396     4.5811     0.1563     0.1184    34.1148    34.1153    8.45079         24 0.0000e+00
    371.000    366.846    -1.7830  27.052725    -1.7828  27.053152     6.6343     6.8846     0.6860    96.5956 1.0000e-12  -73.35894 -114.69326  55.402953      99.62 1.7629e+01    549.165      13181  1029.2444  1029.2446     4.5824     0.1597     0.1184    34.1152    34.1155    8.45097         25 0.0000e+00
    372.000    367.833    -1.7828  27.053328    -1.7827  27.053778     6.6297     6.8851     0.5400    96.2161 1.0000e-12  -73.35894 -114.69326  55.402965      99.62 1.9606e+01    550.210      13206  1029.2491  1029.2495     4.5644     0.1636     0.1170    34.1152    34.1157    8.45093         25 0.0000e+00
    373.000    368.822    -1.7829  27.053819    -1.7826  27.054299     6.6199     6.8781     0.4250    96.5240 1.0000e-12  -73.35894 -114.69326  55.402977      99.62 1.7876e+01    551.184      13229  1029.2540  1029.2542     4.5789     0.1751     0.1168    34.1154    34.1157    8.45094         22 0.0000e+00
    374.000    369.811    -1.7829  27.054442    -1.7827  27.054898     6.6230     6.8690     0.6327    96.5217 1.0000e-12  -73.35894 -114.69326  55.402987      99.63 1.7627e+01    552.111      13252  1029.2589  1029.2592     4.5791     0.1601     0.1161    34.1156    34.1160    8.45092         22 0.0000e+00
    375.000    370.798    -1.7825  27.055707    -1.7823  27.056098     6.6169     6.8712     0.5597    96.7734 1.0000e-12  -73.35894 -114.69326  55.402998      99.62 1.7548e+01    553.029      13274  1029.2642  1029.2645     4.5907     0.1716     0.1185    34.1162    34.1166    8.45079         22 0.0000e+00
    376.000    371.785    -1.7818  27.057087    -1.7816  27.057491     6.6196     6.8759     0.5323    96.7872 1.0000e-12  -73.35894 -114.69326  55.403009      99.62 1.7474e+01    553.974      13296  1029.2694  1029.2696     4.5914     0.1409     0.1179    34.1168    34.1171    8.45061         23 0.0000e+00
    377.000    372.773    -1.7819  27.057814    -1.7816  27.058255     6.6001     6.8616     0.6064    96.6145 1.0000e-12  -73.35894 -114.69326  55.403020      73.65 1.7332e+01    554.959      13320  1029.2744  1029.2746     4.5832     0.1515     0.1206    34.1172    34.1175    8.45059         24 0.0000e+00
    378.000    373.762    -1.7791  27.060913    -1.7790  27.061203     6.5714     6.8280     0.5898    96.6903 1.0000e-12  -73.35894 -114.69326  55.403032      90.47 1.9063e+01    555.972      13344  1029.2795  1029.2796     4.5869     0.2496     0.1214    34.1177    34.1180    8.44992         25 0.0000e+00
    379.000    374.749    -1.7733  27.067150    -1.7721  27.068104     6.5533     6.8102     0.4924    96.7560 1.0000e-12  -73.35894 -114.69326  55.403043      99.52 1.7795e+01    556.948      13368  1029.2850  1029.2849     4.5900     0.1546     0.1196    34.1191    34.1191    8.44852         23 0.0000e+00
    380.000    375.738    -1.7563  27.081858    -1.7560  27.082103     6.5421     6.8049     0.5562    96.6521 1.0000e-12  -73.35894 -114.69326  55.403054      99.63 1.7546e+01    557.873      13390  1029.2890  1029.2889     4.5850     0.1451     0.1180    34.1195    34.1194    8.44463         21 0.0000e+00
    381.000    376.726    -1.7584  27.080743    -1.7580  27.081360     6.5427     6.8013     0.6621    96.5285 1.0000e-12  -73.35894 -114.69326  55.403065      99.62 1.8352e+01    558.772      13412  1029.2941  1029.2944     4.5792     0.2365     0.1255    34.1197    34.1201    8.44509         22 0.0000e+00
    382.000    377.713    -1.7663  27.074607    -1.7659  27.075032     6.5455     6.7907     0.5486    96.3190 1.0000e-12  -73.35894 -114.69326  55.403075      99.62 1.7789e+01    559.688      13434  1029.2995  1029.2996     4.5692     0.1976     0.1247    34.1196    34.1197    8.44690         22 0.0000e+00
    383.000    378.700    -1.7623  27.078888    -1.7619  27.079364     6.5340     6.7826     0.5006    96.2208 1.0000e-12  -73.35894 -114.69326  55.403086      99.62 1.7703e+01    560.638      13456  1029.3046  1029.3047     4.5647     0.1430     0.1170    34.1203    34.1205    8.44594         24 0.0000e+00
    384.000    379.688    -1.7645  27.077579    -1.7643  27.077844     6.5237     6.7746     0.4818    96.7466 1.0000e-12  -73.35894 -114.69326  55.403098      99.63 1.7259e+01    561.652      13481  1029.3095  1029.3097     4.5895     0.1515     0.1212    34.1203    34.1206    8.44643         24 0.0000e+00
    385.000    380.677    -1.7614  27.081204    -1.7612  27.081436     6.5166     6.7647     0.5758    96.6822 1.0000e-12  -73.35894 -114.69326  55.403110      99.62 1.7447e+01    562.668      13505  1029.3149  1029.3149     4.5865     0.1896     0.1225    34.1212    34.1213    8.44567         24 0.0000e+00
    386.000    381.664    -1.7590  27.083745    -1.7588  27.084058     6.5108     6.7590     0.7213    96.4028 1.0000e-12  -73.35894 -114.69326  55.403121      99.63 1.7630e+01    563.652      13529  1029.3197  1029.3198     4.5732     0.1622     0.1237    34.1214    34.1216    8.44512         24 0.0000e+00
    387.000    382.652    -1.7585  27.084891    -1.7581  27.085247     6.5185     6.7609     0.5746    96.5525 1.0000e-12  -73.35894 -114.69326  55.403132      99.63 1.7629e+01    564.608      13552  1029.3247  1029.3248     4.5804     0.1552     0.1218    34.1218    34.1219    8.44497         23 0.0000e+00
    388.000    383.640    -1.7587  27.085434    -1.7583  27.085852     6.5472     6.7910     0.5783    96.5568 1.0000e-12  -73.35894 -114.69326  55.403143      99.63 1.7629e+01    565.553      13574  1029.3298  1029.3300     4.5806     0.1780     0.1205    34.1221    34.1223    8.44500         22 0.0000e+00
    389.000    384.629    -1.7628  27.082007    -1.7631  27.082344     6.5728     6.8236     0.5851    96.6157 1.0000e-12  -73.35894 -114.69326  55.403154      99.62 1.7629e+01    566.500      13597  1029.3344  1029.3351     4.5832     0.1504     0.1222    34.1215    34.1223    8.44598         23 0.0000e+00
    390.000    385.615    -1.7760  27.071465    -1.7766  27.071338     6.5878     6.8306     0.5676    96.6018 1.0000e-12  -73.35894 -114.69326  55.403165      99.62 1.7559e+01    567.495      13621  1029.3400  1029.3404     4.5826     0.1406     0.1179    34.1213    34.1219    8.44900         25 0.0000e+00
    391.000    386.604    -1.7815  27.067492    -1.7805  27.068597     6.5943     6.8336     0.5375    96.6062 1.0000e-12  -73.35894 -114.69326  55.403177      86.69 1.8210e+01    568.511      13645  1029.3452  1029.3455     4.5829     0.1421     0.1191    34.1214    34.1219    8.45024         24 0.0000e+00
    392.000    387.592    -1.7788  27.070297    -1.7789  27.070366     6.6044     6.8378     0.5173    96.6915 1.0000e-12  -73.35894 -114.69326  55.403189      98.35 1.7631e+01    569.497      13669  1029.3499  1029.3500     4.5869     0.1517     0.1172    34.1216    34.1219    8.44962         23 0.0000e+00
    393.000    388.579    -1.7811  27.068342    -1.7809  27.068937     6.5993     6.8442     0.4930    96.7494 1.0000e-12  -73.35894 -114.69326  55.403199      99.61 1.8185e+01    570.429      13691  1029.3542  1029.3547     4.5896     0.1370     0.1149    34.1210    34.1215    8.45019         22 0.0000e+00
    394.000    389.566    -1.7851  27.066018    -1.7845  27.066572     6.6011     6.8492     0.4718    96.1379 1.0000e-12  -73.35894 -114.69326  55.403210      99.63 1.9453e+01    571.340      13713  1029.3598  1029.3599     4.5607     0.1502     0.1165    34.1217    34.1218    8.45105         22 0.0000e+00
    395.000    390.556    -1.7864  27.065184    -1.7862  27.065645     6.6040     6.8480     0.5172    96.5408 1.0000e-12  -73.35894 -114.69326  55.403221      99.62 1.7877e+01    572.267      13735  1029.3644  1029.3648     4.5798     0.1353     0.1164    34.1214    34.1218    8.45137         22 0.0000e+00
    396.000    391.542    -1.7841  27.067948    -1.7837  27.068498     6.6020     6.8458     1.0375    96.7679 1.0000e-12  -73.35894 -114.69326  55.403232      99.63 1.7997e+01    573.237      13759  1029.3695  1029.3697     4.5906     0.1436     0.1170    34.1220    34.1223    8.45081         24 0.0000e+00
    397.000    392.530    -1.7829  27.069545    -1.7827  27.069918     6.6040     6.8393     0.7342    96.6820 1.0000e-12  -73.35894 -114.69326  55.403243      99.63 1.8809e+01    574.235      13783  1029.3743  1029.3745     4.5865     0.1714     0.1158    34.1222    34.1225    8.45052         24 0.0000e+00
    398.000    393.518    -1.7855  27.068076    -1.7853  27.068514     6.5909     6.8372     0.4386    96.7221 1.0000e-12  -73.35894 -114.69326  55.403255      99.62 1.7551e+01    575.209      13806  1029.3795  1029.3798     4.5884     0.1570     0.1153    34.1225    34.1229    8.45109         23 0.0000e+00
    399.000    394.506    -1.7831  27.071005    -1.7828  27.071359     6.5661     6.8263     0.4536    96.7501 1.0000e-12  -73.35894 -114.69326  55.403266      99.63 1.7629e+01    576.151      13829  1029.3848  1029.3847     4.5897     0.1488     0.1227    34.1233    34.1234    8.45052         22 0.0000e+00
    400.000    395.494    -1.7785  27.075373    -1.7782  27.075679     6.5408     6.7968     0.4561    96.7153 1.0000e-12  -73.35894 -114.69326  55.403276      99.63 1.9314e+01    577.083      13851  1029.3893  1029.3894     4.5880     0.1664     0.1167    34.1234    34.1235    8.44945         23 0.0000e+00
    401.000    396.482    -1.7669  27.086862    -1.7659  27.087319     6.5227     6.7728     0.4639    96.4811 1.0000e-12  -73.35894 -114.69326  55.403287      99.62 1.7720e+01    578.033      13874  1029.3949  1029.3945     4.5769     0.1431     0.1175    34.1255    34.1250    8.44668         23 0.0000e+00
    402.000    397.469    -1.7543  27.098170    -1.7531  27.099042     6.5104     6.7626     0.4955    96.8196 1.0000e-12  -73.35894 -114.69326  55.403299      99.62 1.7848e+01    579.008      13897  1029.3995  1029.3993     4.5928     0.1562     0.1185    34.1262    34.1259    8.44377         24 0.0000e+00
    403.000    398.457    -1.7492  27.103080    -1.7489  27.103385     6.5049     6.7618     0.5157    96.6311 1.0000e-12  -73.35894 -114.69326  55.403310      99.62 1.9932e+01    579.998      13921  1029.4043  1029.4043     4.5842     0.1394     0.1187    34.1265    34.1265    8.44258         24 0.0000e+00
    404.000    399.445    -1.7501  27.102756    -1.7498  27.103191     6.5154     6.7651     0.5788    96.8672 1.0000e-12  -73.35894 -114.69326  55.403321      74.23 1.7639e+01    580.975      13944  1029.4091  1029.4094     4.5953     0.2228     0.1203    34.1264    34.1266    8.44278         22 0.0000e+00
    405.000    400.432    -1.7529  27.101011    -1.7526  27.101330     6.5216     6.7675     0.6153    96.5648 1.0000e-12  -73.35894 -114.69326  55.403332      94.56 1.7320e+01    581.925      13967  1029.4143  1029.4144     4.5809     0.1463     0.1169    34.1265    34.1267    8.44341         23 0.0000e+00
    406.000    401.421    -1.7535  27.101349    -1.7532  27.101720     6.5194     6.7739     0.5292    95.6414 1.0000e-12  -73.35894 -114.69326  55.403343      99.26 1.8917e+01    582.866      13990  1029.4196  1029.4198     4.5371     0.1598     0.1263    34.1270    34.1273    8.44351         23 0.0000e+00
    407.000    402.409    -1.7513  27.103952    -1.7508  27.104382     6.5175     6.7686     0.5340    95.6607 1.0000e-12  -73.35894 -114.69326  55.403355      99.62 1.7792e+01    583.841      14013  1029.4247  1029.4246     4.5380     0.2120     0.1306    34.1276    34.1275    8.44299         24 0.0000e+00
    408.000    403.395    -1.7494  27.106153    -1.7489  27.106436     6.5207     6.7689     0.4962    96.5734 1.0000e-12  -73.35894 -114.69326  55.403366      99.63 1.7849e+01    584.849      14037  1029.4296  1029.4294     4.5813     0.1437     0.1172    34.1278    34.1276    8.44254         24 0.0000e+00
    409.000    404.385    -1.7477  27.108087    -1.7472  27.108507     6.5221     6.7645     0.4699    96.6666 1.0000e-12  -73.35894 -114.69326  55.403378      99.62 1.9478e+01    585.839      14061  1029.4344  1029.4345     4.5857     0.2118     0.1200    34.1279    34.1280    8.44214         23 0.0000e+00
    410.000    405.370    -1.7486  27.107884    -1.7481  27.108341     6.5169     6.7601     0.4662    96.5797 1.0000e-12  -73.35894 -114.69326  55.403389      99.62 1.8240e+01    586.793      14084  1029.4393  1029.4395     4.5816     0.1588     0.1194    34.1280    34.1282    8.44234         23 0.0000e+00
    411.000    406.357    -1.7481  27.109282    -1.7476  27.109663     6.5051     6.7523     0.4948    96.7277 1.0000e-12  -73.35894 -114.69326  55.403400      99.63 1.7574e+01    587.744      14107  1029.4448  1029.4448     4.5887     0.1663     0.1238    34.1288    34.1288    8.44218         24 0.0000e+00
    412.000    407.349    -1.7441  27.113528    -1.7438  27.113665     6.5039     6.7453     0.5529    96.6243 1.0000e-12  -73.35894 -114.69326  55.403411      99.63 1.9271e+01    588.744      14131  1029.4499  1029.4498     4.5837     0.1984     0.1210    34.1295    34.1293    8.44124         24 0.0000e+00
    413.000    408.335    -1.7402  27.117392    -1.7399  27.117747     6.5055     6.7411     0.4805    96.6137 1.0000e-12  -73.35894 -114.69326  55.403423      99.63 1.8131e+01    589.781      14156  1029.4547  1029.4547     4.5832     0.1528     0.1179    34.1298    34.1299    8.44033         24 0.0000e+00
    414.000    409.323    -1.7392  27.118864    -1.7388  27.119335     6.5065     6.7436     0.4666    96.8025 1.0000e-12  -73.35894 -114.69326  55.403435      99.63 1.7624e+01    590.802      14180  1029.4597  1029.4599     4.5921     0.1800     0.1184    34.1300    34.1303    8.44008         25 0.0000e+00
    415.000    410.309    -1.7393  27.119412    -1.7388  27.119968     6.5037     6.7398     0.4307    96.7169 1.0000e-12  -73.35894 -114.69326  55.403447      99.63 1.8848e+01    591.786      14204  1029.4647  1029.4648     4.5882     0.1623     0.1190    34.1303    34.1305    8.44009         23 0.0000e+00
