ocean_section_plots/required_files/ctd/dnbp2202_ctd039.cnv
* Sea-Bird SBE 9 Data File:
* FileName = D:\Data\raw\NBP2202_CTD039.hex
* Software Version Seasave V 7.26.7.121
* Temperature SN = 1649
* Conductivity SN = 2513
* Number of Bytes Per Scan = 40
* Number of Voltage Words = 5
* Number of Scans Averaged by the Deck Unit = 1
* NMEA Latitude = 74 08.81 S
* NMEA Longitude = 113 21.16 W
* NMEA UTC (Time) = Jan 22 2022  15:51:45
* NMEA baud rate = 9600
** Ship: RVIB N.B. Palmer
** Cruise: NBP2202 Thwaites
** Station: Tow-Yo #2
** Operator: A. Robinson
# nquan = 25
# nvalues = 421                         
# units = specified
# name 0 = prDM: Pressure, Digiquartz [db]
# name 1 = depSM: Depth [salt water, m]
# name 2 = t090C: Temperature [ITS-90, deg C]
# name 3 = c0mS/cm: Conductivity [mS/cm]
# name 4 = t190C: Temperature, 2 [ITS-90, deg C]
# name 5 = c1mS/cm: Conductivity, 2 [mS/cm]
# name 6 = sbeox0ML/L: Oxygen, SBE 43 [ml/l]
# name 7 = sbeox1ML/L: Oxygen, SBE 43, 2 [ml/l]
# name 8 = flECO-AFL: Fluorescence, WET Labs ECO-AFL/FL [mg/m^3]
# name 9 = CStarTr0: Beam Transmission, WET Labs C-Star [%]
# name 10 = par: PAR/Irradiance, Biospherical/Licor
# name 11 = latitude: Latitude [deg]
# name 12 = longitude: Longitude [deg]
# name 13 = timeJ: Julian Days
# name 14 = altM: Altimeter [m]
# name 15 = spar: SPAR, Biospherical/Licor
# name 16 = timeS: Time, Elapsed [seconds]
# name 17 = scan: Scan Count
# name 18 = density00: Density [density, kg/m^3]
# name 19 = density11: Density, 2 [density, kg/m^3]
# name 20 = sal00: Salinity, Practical [PSU]
# name 21 = sal11: Salinity, Practical, 2 [PSU]
# name 22 = oxsolML/L: Oxygen Saturation, Garcia & Gordon [ml/l]
# name 23 = nbin: number of scans per bin
# name 24 = flag: flag
# span 0 =     10.000,    430.000       
# span 1 =      9.898,    425.115       
# span 2 =    -1.4620,    -0.2532       
# span 3 =  26.991328,  28.456533       
# span 4 =    -1.4606,    -0.2510       
# span 5 =  26.991049,  28.456280       
# span 6 =     4.8068,     8.4324       
# span 7 =     5.0715,     8.7420       
# span 8 =    -0.0211,    18.7831       
# span 9 =    73.1663,    97.3224       
# span 10 = -2.635e-04, 2.4690e+01      
# span 11 =  -74.14698,  -74.14688      
# span 12 = -113.35212, -113.33748      
# span 13 =  22.661230,  22.669073      
# span 14 =      17.03,     100.09      
# span 15 = 1.5616e+03, 2.3803e+03      
# span 16 =     25.303,    702.870      
# span 17 =        608,      16870      
# span 18 =  1027.2151,  1029.5616      
# span 19 =  1027.2133,  1029.5592      
# span 20 =    33.7806,    34.2547      
# span 21 =    33.7786,    34.2519      
# span 22 =    8.10562,    8.39410      
# span 23 =         15,         48      
# span 24 = 0.0000e+00, 0.0000e+00      
# interval = decibars: 1                
# start_time = Jan 22 2022 15:51:45 [NMEA time, header]
# bad_flag = -9.990e-29
*END*
     10.000      9.898    -1.0482  27.252769    -1.0478  27.251425     8.4278     8.4949    16.5186    73.4594 2.4690e+01  -74.14698 -113.35212  22.661230     100.01 1.7464e+03     25.303        608  1027.2151  1027.2133    33.7809    33.7786    8.30560         15 0.0000e+00
     11.000     10.886    -1.0500  27.251530    -1.0484  27.251447     8.4324     8.5341    16.8517    74.0407 1.8886e+01  -74.14698 -113.35209  22.661244      99.83 1.7430e+03     26.487        637  1027.2198  1027.2182    33.7806    33.7787    8.30602         29 0.0000e+00
     12.000     11.875    -1.0502  27.251990    -1.0482  27.252046     8.4240     8.5724    16.7869    73.8262 1.4541e+01  -74.14698 -113.35207  22.661259      99.87 1.7384e+03     27.756        667  1027.2248  1027.2229    33.7808    33.7787    8.30605         30 0.0000e+00
     13.000     12.866    -1.0499  27.252604    -1.0488  27.252096     8.4161     8.6011    17.5818    73.5997 1.1262e+01  -74.14698 -113.35204  22.661274      99.98 1.7348e+03     29.093        699  1027.2294  1027.2279    33.7807    33.7788    8.30598         31 0.0000e+00
     14.000     13.854    -1.0551  27.248960    -1.0540  27.248204     8.4111     8.6285    17.5727    73.9725 8.6116e+00  -74.14698 -113.35201  22.661289      99.98 1.7364e+03     30.343        729  1027.2348  1027.2329    33.7810    33.7787    8.30713         29 0.0000e+00
     15.000     14.844    -1.0551  27.249237    -1.0536  27.248945     8.4022     8.6402    18.2124    74.6565 6.6033e+00  -74.14698 -113.35197  22.661303      99.98 1.7406e+03     31.546        758  1027.2394  1027.2376    33.7807    33.7786    8.30714         30 0.0000e+00
     16.000     15.834    -1.0558  27.249229    -1.0538  27.249310     8.3668     8.6391    18.7831    75.0661 5.1679e+00  -74.14698 -113.35195  22.661317      99.98 1.7434e+03     32.801        788  1027.2443  1027.2425    33.7809    33.7788    8.30728         30 0.0000e+00
     17.000     16.824    -1.0575  27.248360    -1.0590  27.245799     8.3322     8.6475    18.7377    74.2182 4.0966e+00  -74.14698 -113.35194  22.661332      99.98 1.7417e+03     34.063        819  1027.2492  1027.2479    33.7809    33.7792    8.30765         29 0.0000e+00
     18.000     17.812    -1.0608  27.246430    -1.0600  27.245441     8.3370     8.6597    16.5259    73.1939 3.2675e+00  -74.14698 -113.35190  22.661346      99.91 1.7379e+03     35.282        848  1027.2546  1027.2528    33.7814    33.7792    8.30836         31 0.0000e+00
     19.000     18.803    -1.0600  27.247336    -1.0605  27.245610     8.3479     8.6866    15.7385    73.1663 2.5780e+00  -74.14698 -113.35187  22.661360      99.93 1.7373e+03     36.514        877  1027.2591  1027.2577    33.7811    33.7793    8.30819         28 0.0000e+00
     20.000     19.793    -1.0687  27.240526    -1.0668  27.240599     8.3425     8.6910    16.5983    74.2185 2.0627e+00  -74.14698 -113.35185  22.661374      99.96 1.7392e+03     37.722        906  1027.2644  1027.2626    33.7811    33.7790    8.31014         29 0.0000e+00
     21.000     20.781    -1.0680  27.241855    -1.0669  27.240974     8.3473     8.7095    16.4356    74.7495 1.6380e+00  -74.14698 -113.35181  22.661388      99.97 1.7403e+03     38.923        935  1027.2693  1027.2673    33.7814    33.7790    8.30995         29 0.0000e+00
     22.000     21.770    -1.0670  27.242966    -1.0663  27.241876     8.3495     8.7257    15.6343    75.6327 1.3051e+00  -74.14698 -113.35180  22.661402      99.95 1.7409e+03     40.162        965  1027.2739  1027.2720    33.7812    33.7789    8.30975         30 0.0000e+00
     23.000     22.761    -1.0660  27.244161    -1.0642  27.244220     8.3438     8.7326    15.3245    74.9564 1.0369e+00  -74.14698 -113.35176  22.661417      99.88 1.7396e+03     41.398        995  1027.2785  1027.2768    33.7811    33.7791    8.30954         29 0.0000e+00
     24.000     23.751    -1.0643  27.246190    -1.0627  27.246134     8.3409     8.7407    16.7598    74.4507 8.3308e-01  -74.14698 -113.35173  22.661430      95.22 1.7343e+03     42.567       1023  1027.2834  1027.2817    33.7814    33.7794    8.30915         28 0.0000e+00
     25.000     24.739    -1.0634  27.247580    -1.0620  27.247142     8.3384     8.7420    16.3835    73.9905 6.5670e-01  -74.14698 -113.35172  22.661444      99.83 1.7237e+03     43.733       1051  1027.2883  1027.2864    33.7816    33.7794    8.30893         29 0.0000e+00
     26.000     25.730    -1.0646  27.246997    -1.0633  27.246545     8.3244     8.7412    15.5539    73.7391 5.2153e-01  -74.14698 -113.35169  22.661458      99.80 1.7084e+03     44.956       1080  1027.2931  1027.2914    33.7815    33.7795    8.30920         30 0.0000e+00
     27.000     26.719    -1.0645  27.247585    -1.0630  27.247242     8.2595     8.7000    15.3565    75.0651 4.1258e-01  -74.14698 -113.35168  22.661472      99.86 1.6908e+03     46.223       1110  1027.2979  1027.2961    33.7815    33.7794    8.30916         30 0.0000e+00
     28.000     27.709    -1.0621  27.251162    -1.0609  27.250376     8.2121     8.6607    15.4826    75.5168 3.2761e-01  -74.14698 -113.35164  22.661486      99.85 1.6746e+03     47.418       1139  1027.3039  1027.3019    33.7832    33.7807    8.30855         28 0.0000e+00
     29.000     28.698    -1.0604  27.253976    -1.0596  27.252924     8.2073     8.6547    15.5192    74.7316 2.5500e-01  -74.14698 -113.35161  22.661500      99.87 1.6631e+03     48.604       1167  1027.3096  1027.3077    33.7845    33.7821    8.30810         28 0.0000e+00
     30.000     29.686    -1.0608  27.254163    -1.0596  27.253538     8.2089     8.6499    15.5071    74.6630 1.9747e-01  -74.14698 -113.35159  22.661514      99.85 1.6600e+03     49.813       1197  1027.3145  1027.3127    33.7845    33.7823    8.30817         30 0.0000e+00
     31.000     30.677    -1.0603  27.254909    -1.0590  27.254527     8.1858     8.6390    14.6012    74.9456 1.5087e-01  -74.14698 -113.35157  22.661528      99.71 1.6615e+03     51.046       1226  1027.3192  1027.3175    33.7844    33.7823    8.30808         29 0.0000e+00
     32.000     31.665    -1.0601  27.255677    -1.0594  27.255013     8.1466     8.6078    14.6371    76.1241 1.1347e-01  -74.14698 -113.35154  22.661542      99.74 1.6636e+03     52.237       1255  1027.3241  1027.3227    33.7845    33.7829    8.30802         26 0.0000e+00
     33.000     32.657    -1.0617  27.255697    -1.0602  27.255261     8.1107     8.5710    15.5143    75.2496 8.3442e-02  -74.14698 -113.35152  22.661556      99.93 1.6652e+03     53.404       1283  1027.3300  1027.3281    33.7857    33.7835    8.30830         29 0.0000e+00
     34.000     33.645    -1.0622  27.256468    -1.0609  27.255959     8.0681     8.5265    13.8878    75.2287 5.7958e-02  -74.14698 -113.35149  22.661570      99.75 1.6673e+03     54.635       1312  1027.3356  1027.3338    33.7867    33.7845    8.30835         29 0.0000e+00
     35.000     34.635    -1.0633  27.256701    -1.0624  27.256170     8.0275     8.4928    13.9651    75.5850 3.7602e-02  -74.14698 -113.35147  22.661584      98.59 1.6695e+03     55.840       1341  1027.3413  1027.3398    33.7877    33.7860    8.30855         29 0.0000e+00
     36.000     35.624    -1.0660  27.255853    -1.0648  27.255357     8.0141     8.4745    13.4488    76.2936 2.0433e-02  -74.14698 -113.35145  22.661597      99.26 1.6712e+03     57.013       1369  1027.3473  1027.3456    33.7890    33.7870    8.30908         28 0.0000e+00
     37.000     36.613    -1.0705  27.253531    -1.0684  27.253504     8.0053     8.4830    13.5256    74.9261 6.6627e-03  -74.14698 -113.35142  22.661612      99.62 1.6724e+03     58.280       1400  1027.3533  1027.3513    33.7902    33.7878    8.30999         32 0.0000e+00
     38.000     37.603    -1.0670  27.257022    -1.0656  27.256438     8.0400     8.5138    13.7452    75.1335 -2.635e-04  -74.14698 -113.35138  22.661627      99.70 1.6727e+03     59.551       1430  1027.3581  1027.3561    33.7905    33.7881    8.30921         27 0.0000e+00
     39.000     38.592    -1.0721  27.257133    -1.0704  27.255249     8.1681     8.6237    13.2845    75.8874 1.0000e-12  -74.14698 -113.35136  22.661640      99.61 1.6713e+03     60.709       1458  1027.3674  1027.3638    33.7957    33.7913    8.31003         27 0.0000e+00
     40.000     39.583    -1.0311  27.294703    -1.0316  27.291777     8.2472     8.6981    13.3874    76.4787 1.0000e-12  -74.14698 -113.35133  22.661654      99.67 1.6712e+03     61.893       1486  1027.3732  1027.3705    33.8001    33.7967    8.30067         30 0.0000e+00
     41.000     40.572    -1.0099  27.313331    -1.0083  27.312689     8.2643     8.7255    15.0349    75.6906 1.0000e-12  -74.14698 -113.35130  22.661669      99.68 1.6693e+03     63.176       1517  1027.3776  1027.3754    33.8011    33.7985    8.29593         31 0.0000e+00
     42.000     41.562    -1.0085  27.314987    -1.0082  27.313553     8.2603     8.7332    14.9814    76.0108 1.0000e-12  -74.14698 -113.35129  22.661683      99.97 1.6652e+03     64.437       1547  1027.3825  1027.3808    33.8011    33.7989    8.29562         29 0.0000e+00
     43.000     42.550    -1.0101  27.314217    -1.0098  27.312659     8.2680     8.7400    14.6773    76.5863 1.0000e-12  -74.14698 -113.35125  22.661697      99.80 1.6621e+03     65.629       1576  1027.3878  1027.3858    33.8013    33.7988    8.29598         29 0.0000e+00
     44.000     43.540    -1.0122  27.312874    -1.0115  27.311870     8.2597     8.7313    14.6643    75.6966 1.0000e-12  -74.14698 -113.35122  22.661711      99.80 1.6596e+03     66.838       1605  1027.3928  1027.3910    33.8012    33.7990    8.29644         30 0.0000e+00
     45.000     44.530    -1.0232  27.304494    -1.0229  27.303505     8.2110     8.6970    15.9244    76.2366 1.0000e-12  -74.14698 -113.35120  22.661726      99.92 1.6567e+03     68.107       1636  1027.3987  1027.3973    33.8016    33.7999    8.29886         30 0.0000e+00
     46.000     45.519    -1.0350  27.296109    -1.0328  27.296327     8.1660     8.6435    15.9190    76.0191 1.0000e-12  -74.14698 -113.35116  22.661740      99.86 1.6543e+03     69.354       1666  1027.4053  1027.4034    33.8028    33.8006    8.30139         30 0.0000e+00
     47.000     46.507    -1.0363  27.295502    -1.0355  27.294531     8.1064     8.5804    16.0819    75.7648 1.0000e-12  -74.14698 -113.35115  22.661754      99.79 1.6527e+03     70.560       1694  1027.4101  1027.4083    33.8028    33.8006    8.30168         28 0.0000e+00
     48.000     47.499    -1.0489  27.285191    -1.0448  27.287234     8.0227     8.4798    15.2967    73.8928 1.0000e-12  -74.14698 -113.35111  22.661768      99.69 1.6539e+03     71.762       1723  1027.4154  1027.4136    33.8023    33.8004    8.30450         29 0.0000e+00
     49.000     48.487    -1.0533  27.281616    -1.0585  27.276045     7.9065     8.3645    13.9116    75.2707 1.0000e-12  -74.14698 -113.35107  22.661782      99.70 1.6570e+03     72.975       1752  1027.4199  1027.4189    33.8017    33.8000    8.30551         30 0.0000e+00
     50.000     49.477    -1.0719  27.266770    -1.0726  27.264942     7.7693     8.2404    14.0558    74.9512 1.0000e-12  -74.14698 -113.35106  22.661796      99.65 1.6643e+03     74.207       1782  1027.4258  1027.4245    33.8018    33.8000    8.30962         29 0.0000e+00
     51.000     50.466    -1.0996  27.244196    -1.1033  27.240254     7.6945     8.1841    12.9877    76.0948 1.0000e-12  -74.14698 -113.35103  22.661811      99.64 1.6714e+03     75.443       1812  1027.4321  1027.4313    33.8016    33.8003    8.31578         28 0.0000e+00
     52.000     51.456    -1.1175  27.230381    -1.1169  27.229493     7.7042     8.1865    12.8437    75.8522 1.0000e-12  -74.14698 -113.35099  22.661825      99.47 1.6761e+03     76.682       1841  1027.4383  1027.4367    33.8022    33.8004    8.31971         30 0.0000e+00
     53.000     52.444    -1.1181  27.230644    -1.1177  27.229326     7.7497     8.2122    11.8339    76.1082 1.0000e-12  -74.14698 -113.35098  22.661839      99.43 1.6790e+03     77.914       1871  1027.4432  1027.4413    33.8027    33.8004    8.31983         29 0.0000e+00
     54.000     53.434    -1.1108  27.237029    -1.1086  27.236996     7.7507     8.1970    11.7499    76.2883 1.0000e-12  -74.14698 -113.35095  22.661854      99.44 1.6808e+03     79.143       1900  1027.4472  1027.4451    33.8025    33.8000    8.31821         30 0.0000e+00
     55.000     54.424    -1.1082  27.239211    -1.1087  27.237477     7.7092     8.1661    12.3206    75.9144 1.0000e-12  -74.14698 -113.35092  22.661868      99.40 1.6800e+03     80.396       1931  1027.4512  1027.4498    33.8019    33.8001    8.31766         30 0.0000e+00
     56.000     55.415    -1.1232  27.228009    -1.1228  27.226923     7.6594     8.1233    12.4238    76.6616 1.0000e-12  -74.14698 -113.35089  22.661882      98.92 1.6803e+03     81.641       1960  1027.4576  1027.4560    33.8029    33.8009    8.32094         29 0.0000e+00
     57.000     56.400    -1.1301  27.223044    -1.1292  27.222669     7.6060     8.0669    12.4824    78.0088 1.0000e-12  -74.14698 -113.35087  22.661897      94.31 1.6825e+03     82.864       1990  1027.4631  1027.4617    33.8033    33.8017    8.32246         30 0.0000e+00
     58.000     57.392    -1.1325  27.221778    -1.1292  27.223092     7.4795     7.9399    11.8219    78.2576 1.0000e-12  -74.14698 -113.35084  22.661911      99.37 1.6892e+03     84.108       2020  1027.4680  1027.4664    33.8036    33.8017    8.32296         30 0.0000e+00
     59.000     58.382    -1.1655  27.198247    -1.1635  27.198952     7.3726     7.8230    10.4943    79.5909 1.0000e-12  -74.14698 -113.35082  22.661925      99.34 1.6984e+03     85.356       2050  1027.4784  1027.4772    33.8081    33.8068    8.33006         30 0.0000e+00
     60.000     59.369    -1.1765  27.191192    -1.1771  27.189664     7.2526     7.7085    10.7714    79.2972 1.0000e-12  -74.14698 -113.35079  22.661939      99.34 1.7061e+03     86.562       2078  1027.4853  1027.4843    33.8101    33.8088    8.33237         29 0.0000e+00
     61.000     60.361    -1.2117  27.166924    -1.2165  27.163374     7.1788     7.6344    10.3384    78.8374 1.0000e-12  -74.14698 -113.35077  22.661954      99.36 1.7117e+03     87.782       2108  1027.4968  1027.4976    33.8161    33.8167    8.33987         29 0.0000e+00
     62.000     61.349    -1.2294  27.155489    -1.2276  27.155837     7.1377     7.5747     9.1732    79.6008 1.0000e-12  -74.14698 -113.35073  22.661968      99.44 1.7122e+03     89.033       2138  1027.5053  1027.5040    33.8198    33.8182    8.34360         30 0.0000e+00
     63.000     62.339    -1.2413  27.147280    -1.2401  27.146965     7.0869     7.5153     8.5747    80.2315 1.0000e-12  -74.14698 -113.35072  22.661982      99.53 1.7074e+03     90.269       2167  1027.5117  1027.5102    33.8213    33.8195    8.34616         29 0.0000e+00
     64.000     63.328    -1.2540  27.137882    -1.2542  27.136854     7.0234     7.4493     8.1079    81.3327 1.0000e-12  -74.14698 -113.35068  22.661996      99.53 1.7040e+03     91.449       2196  1027.5176  1027.5167    33.8221    33.8210    8.34895         28 0.0000e+00
     65.000     64.316    -1.2760  27.121524    -1.2775  27.119620     6.9592     7.3857     7.7677    83.0594 1.0000e-12  -74.14698 -113.35066  22.662009      99.49 1.7002e+03     92.620       2224  1027.5249  1027.5242    33.8240    33.8231    8.35377         29 0.0000e+00
     66.000     65.307    -1.2978  27.105561    -1.2966  27.105764     6.8829     7.3006     7.3081    82.1387 1.0000e-12  -74.14698 -113.35063  22.662024      99.41 1.6970e+03     93.839       2253  1027.5323  1027.5314    33.8261    33.8250    8.35853         30 0.0000e+00
