ocean_section_plots/required_files/ctd/dnbp2202_ctd184.cnv
* Sea-Bird SBE 9 Data File:
* FileName = D:\Data\raw\NBP2202_CTD184.hex
* Software Version Seasave V 7.26.7.121
* Temperature SN = 1649
* Conductivity SN = 2513
* Number of Bytes Per Scan = 40
* Number of Voltage Words = 5
* Number of Scans Averaged by the Deck Unit = 1
* NMEA Latitude = 74 09.54 S
* NMEA Longitude = 111 26.36 W
* NMEA UTC (Time) = Feb 05 2022  10:14:04
* NMEA baud rate = 9600
** Ship: RVIB N.B. Palmer
** Cruise: NBP2202 Thwaites
** Station: 106
** Operator: B Bjork
# nquan = 28
# nvalues = 321                         
# units = specified
# name 0 = prDM: Pressure, Digiquartz [db]
# name 1 = depSM: Depth [salt water, m]
# name 2 = t090C: Temperature [ITS-90, deg C]
# name 3 = c0mS/cm: Conductivity [mS/cm]
# name 4 = t190C: Temperature, 2 [ITS-90, deg C]
# name 5 = c1mS/cm: Conductivity, 2 [mS/cm]
# name 6 = sbeox0ML/L: Oxygen, SBE 43 [ml/l]
# name 7 = sbeox1ML/L: Oxygen, SBE 43, 2 [ml/l]
# name 8 = flECO-AFL: Fluorescence, WET Labs ECO-AFL/FL [mg/m^3]
# name 9 = CStarTr0: Beam Transmission, WET Labs C-Star [%]
# name 10 = par: PAR/Irradiance, Biospherical/Licor
# name 11 = latitude: Latitude [deg]
# name 12 = longitude: Longitude [deg]
# name 13 = timeJ: Julian Days
# name 14 = altM: Altimeter [m]
# name 15 = spar: SPAR, Biospherical/Licor
# name 16 = timeS: Time, Elapsed [seconds]
# name 17 = scan: Scan Count
# name 18 = density00: Density [density, kg/m^3]
# name 19 = density11: Density, 2 [density, kg/m^3]
# name 20 = v3: Voltage 3
# name 21 = v4: Voltage 4
# name 22 = v5: Voltage 5
# name 23 = sal00: Salinity, Practical [PSU]
# name 24 = sal11: Salinity, Practical, 2 [PSU]
# name 25 = oxsolML/L: Oxygen Saturation, Garcia & Gordon [ml/l]
# name 26 = nbin: number of scans per bin
# name 27 = flag: flag
# span 0 =      1.000,    321.000       
# span 1 =      1.013,    317.433       
# span 2 =    -1.3986,    -1.2854       
# span 3 =  27.051064,  27.333225       
# span 4 =    -1.3981,    -1.2865       
# span 5 =  27.051581,  27.332956       
# span 6 =     5.7532,     7.3622       
# span 7 =     5.9305,     7.5724       
# span 8 =     0.0143,     8.7621       
# span 9 =    85.5656,    98.4371       
# span 10 = -3.444e-06, 9.9420e+01      
# span 11 =  -74.15912,  -74.15912      
# span 12 = -111.43944, -111.43940      
# span 13 =  36.428840,  36.434373      
# span 14 =       4.75,     100.38      
# span 15 = 4.5704e+02, 5.4628e+02      
# span 16 =    207.750,    685.807      
# span 17 =       4987,      16460      
# span 18 =  1027.1871,  1028.9265      
# span 19 =  1027.1895,  1028.9251      
# span 20 =     4.0597,     4.6697      
# span 21 =     0.0688,     1.4210      
# span 22 =     0.1248,     0.1754      
# span 23 =    33.7883,    34.0403      
# span 24 =    33.7900,    34.0389      
# span 25 =    8.35497,    8.37640      
# span 26 =          5,         54      
# span 27 = 0.0000e+00, 0.0000e+00      
# interval = decibars: 1                
# start_time = Feb 05 2022 10:14:04 [NMEA time, header]
# bad_flag = -9.990e-29
*END*
      1.000      1.013    -1.2914  27.054524    -1.2943  27.054105     7.3622     7.0323     7.0548    85.5656 9.9420e+01  -74.15912 -111.43942  36.428840      46.27 4.5704e+02    207.750       4987  1027.1871  1027.1895     4.0597     1.2024     0.1683    33.7894    33.7922    8.35926          5 0.0000e+00
      2.000      1.976    -1.2877  27.058098    -1.2903  27.057435     7.3333     7.0260     7.3120    85.9428 8.2961e+01  -74.15912 -111.43942  36.428975       8.27 4.6606e+02    219.439       5268  1027.1917  1027.1935     4.0771     1.1586     0.1482    33.7895    33.7915    8.35842         31 0.0000e+00
      3.000      2.969    -1.2910  27.055887    -1.2936  27.055295     7.3420     7.0432     6.8981    86.2190 5.7209e+01  -74.15912 -111.43942  36.429007      80.85 4.6858e+02    222.176       5333  1027.1968  1027.1987     4.0904     1.1306     0.1585    33.7896    33.7918    8.35916         40 0.0000e+00
      4.000      3.960    -1.2933  27.054250    -1.2950  27.054724     7.3398     7.0994     7.6166    86.3466 4.5597e+01  -74.15912 -111.43942  36.429036      99.24 4.6803e+02    224.668       5393  1027.2015  1027.2036     4.0967     1.0859     0.1595    33.7893    33.7919    8.35969         33 0.0000e+00
      5.000      4.947    -1.2963  27.052358    -1.2977  27.052760     7.3530     7.1974     7.4531    86.4025 3.2062e+01  -74.15912 -111.43942  36.429063      99.49 4.7016e+02    227.039       5450  1027.2066  1027.2083     4.0992     1.2971     0.1644    33.7895    33.7916    8.36035         42 0.0000e+00
      6.000      5.938    -1.2939  27.054357    -1.2945  27.055115     7.3468     7.2782     8.3410    85.6826 2.4985e+01  -74.15912 -111.43942  36.429090      99.47 4.7105e+02    229.375       5506  1027.2107  1027.2122     4.0655     1.3572     0.1552    33.7889    33.7907    8.35985         40 0.0000e+00
      7.000      6.928    -1.2939  27.054714    -1.2944  27.055817     7.3495     7.3627     8.3221    85.7508 1.9694e+01  -74.15912 -111.43942  36.429114      99.50 4.7206e+02    231.487       5557  1027.2155  1027.2171     4.0682     1.2903     0.1584    33.7888    33.7908    8.35987         47 0.0000e+00
      8.000      7.917    -1.2899  27.058088    -1.2912  27.058912     7.3336     7.4090     7.9736    86.7463 1.5219e+01  -74.15912 -111.43942  36.429140      91.53 4.7123e+02    233.663       5609  1027.2196  1027.2217     4.1154     1.2974     0.1639    33.7883    33.7908    8.35900         48 0.0000e+00
      9.000      8.907    -1.2992  27.051181    -1.3004  27.051581     7.3259     7.4580     6.8902    86.4283 1.2161e+01  -74.15912 -111.43942  36.429164      93.58 4.7295e+02    235.785       5660  1027.2253  1027.2269     4.1000     1.0915     0.1570    33.7886    33.7905    8.36105         35 0.0000e+00
     10.000      9.895    -1.3000  27.051064    -1.3009  27.051675     7.3216     7.4977     6.1734    86.6180 9.7621e+00  -74.15912 -111.43942  36.429188      99.34 4.7355e+02    237.871       5710  1027.2302  1027.2317     4.1094     1.1753     0.1545    33.7887    33.7906    8.36123         41 0.0000e+00
     11.000     10.888    -1.2985  27.053582    -1.3004  27.052963     7.3247     7.5221     6.7181    86.4343 7.9780e+00  -74.15912 -111.43943  36.429213      99.55 4.7599e+02    239.984       5761  1027.2358  1027.2369     4.1005     1.1723     0.1633    33.7899    33.7912    8.36082         40 0.0000e+00
     12.000     11.875    -1.2983  27.054186    -1.3001  27.053708     7.3305     7.5468     7.3135    86.2220 6.5100e+00  -74.15912 -111.43944  36.429238      99.55 4.7598e+02    242.175       5813  1027.2406  1027.2418     4.0904     1.1734     0.1503    33.7899    33.7913    8.36079         44 0.0000e+00
     13.000     12.865    -1.3003  27.052053    -1.3016  27.052050     7.3408     7.5641     8.5757    85.8452 5.3010e+00  -74.15912 -111.43944  36.429263      99.54 4.7747e+02    244.362       5866  1027.2444  1027.2456     4.0726     1.2123     0.1538    33.7886    33.7900    8.36131         46 0.0000e+00
     14.000     13.856    -1.3006  27.052125    -1.3020  27.052168     7.3388     7.5724     8.6985    85.5989 4.2651e+00  -74.15912 -111.43944  36.429287      99.55 4.7936e+02    246.444       5916  1027.2491  1027.2505     4.0609     1.1657     0.1592    33.7884    33.7900    8.36139         40 0.0000e+00
     15.000     14.844    -1.3007  27.052731    -1.3019  27.052673     7.3247     7.5721     8.0738    86.1394 3.5231e+00  -74.15912 -111.43944  36.429312      99.44 4.7950e+02    248.517       5965  1027.2541  1027.2552     4.0866     1.1507     0.1618    33.7887    33.7900    8.36139         46 0.0000e+00
     16.000     15.834    -1.2985  27.057153    -1.3005  27.055150     7.2796     7.5344     8.2714    86.3739 2.8805e+00  -74.15912 -111.43944  36.429335      99.51 4.7959e+02    250.539       6014  1027.2612  1027.2609     4.0976     1.2587     0.1484    33.7917    33.7912    8.36072         39 0.0000e+00
     17.000     16.823    -1.2914  27.068423    -1.2927  27.068532     7.2431     7.4869     8.1353    86.0774 2.3889e+00  -74.15912 -111.43944  36.429358      99.54 4.8263e+02    252.532       6062  1027.2712  1027.2725     4.0832     1.2266     0.1545    33.7985    33.8002    8.35873         37 0.0000e+00
     18.000     17.813    -1.2895  27.074131    -1.2899  27.075311     7.1752     7.4315     7.9332    86.0898 1.9893e+00  -74.15912 -111.43944  36.429381      99.50 4.8135e+02    254.511       6109  1027.2801  1027.2817     4.0846     1.2984     0.1631    33.8036    33.8056    8.35801         41 0.0000e+00
     19.000     18.803    -1.2868  27.081344    -1.2876  27.082051     7.1493     7.4001     7.8096    86.6210 1.6497e+00  -74.15912 -111.43944  36.429403      99.53 4.8281e+02    256.435       6155  1027.2898  1027.2914     4.1091     1.2290     0.1572    33.8098    33.8117    8.35703         38 0.0000e+00
     20.000     19.793    -1.2854  27.086420    -1.2865  27.085924     7.0456     7.3006     8.7621    86.5681 1.3744e+00  -74.15912 -111.43944  36.429426      99.44 4.8476e+02    258.419       6203  1027.2984  1027.2990     4.1070     1.4186     0.1626    33.8146    33.8151    8.35643         41 0.0000e+00
     21.000     20.781    -1.2948  27.080896    -1.2955  27.081679     6.9633     7.2154     8.6422    86.7214 1.1459e+00  -74.15912 -111.43944  36.429449      99.44 4.8479e+02    260.391       6250  1027.3058  1027.3074     4.1141     1.4210     0.1595    33.8169    33.8188    8.35838         43 0.0000e+00
     22.000     21.771    -1.3012  27.075994    -1.3023  27.075894     6.9478     7.1936     7.9048    86.5872 9.5816e-01  -74.15912 -111.43944  36.429472      99.43 4.8432e+02    262.352       6297  1027.3108  1027.3118     4.1077     1.3579     0.1754    33.8168    33.8180    8.35983         42 0.0000e+00
     23.000     22.762    -1.3021  27.076408    -1.3034  27.076744     6.9472     7.1803     7.3860    86.9826 8.0219e-01  -74.15912 -111.43944  36.429494      99.47 4.8445e+02    264.317       6345  1027.3165  1027.3181     4.1267     1.3719     0.1614    33.8179    33.8198    8.35998         42 0.0000e+00
     24.000     23.750    -1.3016  27.078240    -1.3026  27.078216     6.9642     7.1924     7.4103    86.9686 6.7464e-01  -74.15912 -111.43944  36.429518      99.54 4.8601e+02    266.347       6393  1027.3223  1027.3232     4.1259     1.2040     0.1659    33.8192    33.8203    8.35979         46 0.0000e+00
     25.000     24.739    -1.3015  27.078029    -1.3021  27.078459     6.9867     7.2205     7.0346    87.8941 5.7449e-01  -74.15912 -111.43944  36.429541      99.57 4.8656e+02    268.328       6441  1027.3262  1027.3273     4.1698     1.1692     0.1466    33.8181    33.8194    8.35982         44 0.0000e+00
     26.000     25.729    -1.3005  27.078186    -1.3012  27.078397     7.0117     7.2330     7.1502    88.3211 4.8832e-01  -74.15912 -111.43944  36.429563      99.54 4.8670e+02    270.261       6487  1027.3296  1027.3306     4.1900     1.1971     0.1605    33.8166    33.8177    8.35969         39 0.0000e+00
     27.000     26.719    -1.2998  27.078811    -1.3007  27.079398     7.0245     7.2499     7.2933    88.2523 4.1438e-01  -74.15912 -111.43944  36.429586      99.58 4.8921e+02    272.219       6534  1027.3340  1027.3355     4.1867     1.1174     0.1555    33.8160    33.8179    8.35957         38 0.0000e+00
     28.000     27.708    -1.2999  27.078358    -1.3009  27.078285     6.9875     7.2310     7.1978    88.4046 3.5150e-01  -74.15912 -111.43944  36.429609      94.26 4.9005e+02    274.199       6582  1027.3379  1027.3387     4.1940     1.2639     0.1552    33.8149    33.8159    8.35966         46 0.0000e+00
     29.000     28.697    -1.3028  27.079135    -1.3024  27.078927     6.9500     7.1972     6.8616    87.8247 2.9732e-01  -74.15912 -111.43944  36.429632      96.54 4.9008e+02    276.208       6630  1027.3458  1027.3452     4.1663     1.2191     0.1534    33.8186    33.8179    8.36008         42 0.0000e+00
     30.000     29.687    -1.3024  27.079634    -1.3031  27.079857     6.9675     7.2069     6.8482    89.2929 2.4951e-01  -74.15912 -111.43944  36.429655      99.67 4.9008e+02    278.211       6678  1027.3503  1027.3513     4.2361     1.1266     0.1542    33.8183    33.8194    8.36003         40 0.0000e+00
     31.000     30.678    -1.3023  27.079811    -1.3025  27.079893     6.9336     7.1810     6.9062    88.1633 2.1145e-01  -74.15912 -111.43944  36.429678      99.53 4.9023e+02    280.169       6725  1027.3546  1027.3550     4.1825     1.2457     0.1491    33.8177    33.8181    8.36002         34 0.0000e+00
     32.000     31.666    -1.3047  27.079997    -1.3046  27.080049     6.8620     7.1115     6.9105    88.2747 1.7550e-01  -74.15912 -111.43944  36.429701      99.59 4.9186e+02    282.184       6773  1027.3616  1027.3614     4.1877     1.0690     0.1649    33.8201    33.8200    8.36043         38 0.0000e+00
     33.000     32.657    -1.3067  27.081818    -1.3071  27.081668     6.8228     7.0654     6.7548    88.9763 1.4655e-01  -74.15912 -111.43944  36.429725      99.56 4.9220e+02    284.248       6823  1027.3698  1027.3700     4.2211     1.1531     0.1511    33.8242    33.8244    8.36063         39 0.0000e+00
     34.000     33.646    -1.3082  27.082098    -1.3080  27.082517     6.8277     7.0748     7.1113    88.7110 1.2075e-01  -74.15912 -111.43944  36.429748      99.62 4.9301e+02    286.198       6870  1027.3758  1027.3760     4.2085     1.0165     0.1569    33.8257    33.8260    8.36088         41 0.0000e+00
     35.000     34.637    -1.3075  27.082395    -1.3070  27.082758     6.8495     7.0952     6.8228    88.6443 9.9127e-02  -74.15912 -111.43944  36.429770      95.47 4.9288e+02    288.139       6916  1027.3797  1027.3797     4.2053     1.0300     0.1550    33.8246    33.8246    8.36077         34 0.0000e+00
     36.000     35.624    -1.3066  27.082867    -1.3058  27.083245     6.8823     7.1095     6.3906    88.8117 8.0330e-02  -74.15912 -111.43943  36.429793      97.72 4.9543e+02    290.150       6965  1027.3837  1027.3833     4.2132     0.9443     0.1512    33.8237    33.8233    8.36064         44 0.0000e+00
     37.000     36.615    -1.3058  27.083647    -1.3054  27.083735     6.8587     7.0906     5.9712    88.5988 6.3547e-02  -74.15912 -111.43943  36.429816      99.55 4.9604e+02    292.106       7012  1027.3881  1027.3877     4.2033     1.1973     0.1554    33.8232    33.8228    8.36049         41 0.0000e+00
     38.000     37.604    -1.3084  27.082147    -1.3087  27.082514     6.8355     7.0643     6.3483    89.6713 4.9495e-02  -74.15912 -111.43943  36.429838      99.56 4.9536e+02    294.020       7057  1027.3932  1027.3939     4.2540     1.1697     0.1563    33.8235    33.8243    8.36106         35 0.0000e+00
     39.000     38.593    -1.3091  27.082433    -1.3092  27.082518     6.8257     7.0469     6.7964    89.3017 3.7057e-02  -74.15912 -111.43943  36.429861      99.60 4.9644e+02    295.993       7105  1027.3985  1027.3988     4.2364     1.0735     0.1554    33.8240    33.8243    8.36117         35 0.0000e+00
     40.000     39.583    -1.3120  27.080912    -1.3124  27.081116     6.7898     7.0293     6.6240    89.9531 2.6056e-02  -74.15912 -111.43943  36.429884      99.66 4.9876e+02    297.989       7153  1027.4039  1027.4045     4.2674     0.8897     0.1508    33.8246    33.8253    8.36179         40 0.0000e+00
     41.000     40.572    -1.3120  27.081393    -1.3117  27.081817     6.7355     6.9781     6.1194    89.4415 1.6656e-02  -74.15912 -111.43943  36.429907      99.62 4.9868e+02    299.951       7200  1027.4087  1027.4089     4.2431     1.0266     0.1702    33.8246    33.8248    8.36179         41 0.0000e+00
     42.000     41.561    -1.3186  27.077824    -1.3190  27.077775     6.7108     6.9337     6.0410    89.3899 8.7400e-03  -74.15912 -111.43943  36.429930      98.90 4.9890e+02    301.939       7248  1027.4155  1027.4158     4.2407     1.0740     0.1438    33.8266    33.8269    8.36316         39 0.0000e+00
     43.000     42.552    -1.3189  27.078146    -1.3193  27.078320     6.7166     6.9417     5.8842    89.7166 9.3942e-04  -74.15912 -111.43943  36.429952      99.61 4.9890e+02    303.886       7294  1027.4204  1027.4209     4.2561     1.0492     0.1467    33.8267    33.8273    8.36322         39 0.0000e+00
     44.000     43.540    -1.3172  27.080048    -1.3169  27.080724     6.7152     6.9352     6.0176    89.6794 -3.444e-06  -74.15912 -111.43943  36.429976      99.59 4.9943e+02    305.886       7342  1027.4251  1027.4256     4.2543     1.0741     0.1478    33.8268    33.8274    8.36284         43 0.0000e+00
     45.000     44.528    -1.3186  27.079771    -1.3192  27.079665     6.7208     6.9409     6.3377    89.4911 1.0000e-12  -74.15912 -111.43943  36.429998      99.66 5.0078e+02    307.852       7389  1027.4304  1027.4308     4.2456     0.9233     0.1505    33.8273    33.8278    8.36311         41 0.0000e+00
     46.000     45.520    -1.3173  27.081121    -1.3173  27.081325     6.7265     6.9420     5.5983    90.0265 1.0000e-12  -74.15912 -111.43943  36.430021      99.64 5.0109e+02    309.801       7436  1027.4349  1027.4352     4.2710     0.9341     0.1550    33.8271    33.8274    8.36283         41 0.0000e+00
     47.000     46.508    -1.3169  27.082057    -1.3176  27.081676     6.7136     6.9251     5.4413    89.6109 1.0000e-12  -74.15912 -111.43943  36.430044      99.66 5.0100e+02    311.780       7484  1027.4399  1027.4401     4.2513     0.8947     0.1475    33.8273    33.8275    8.36273         41 0.0000e+00
     48.000     47.498    -1.3182  27.081764    -1.3190  27.081538     6.6756     6.8884     5.6178    89.6484 1.0000e-12  -74.15912 -111.43944  36.430064      99.37 4.9911e+02    313.553       7526  1027.4451  1027.4456     4.2529     0.9046     0.1546    33.8277    33.8283    8.36300         36 0.0000e+00
     49.000     48.486    -1.3219  27.079680    -1.3221  27.079805     6.6515     6.8622     5.2413    90.4474 1.0000e-12  -74.15912 -111.43943  36.430081      97.08 5.0310e+02    314.955       7560  1027.4507  1027.4510     4.2908     1.0539     0.1532    33.8284    33.8288    8.36378         33 0.0000e+00
     50.000     49.476    -1.3233  27.079247    -1.3244  27.078767     6.6235     6.8425     5.0965    90.4724 1.0000e-12  -74.15912 -111.43942  36.430096      99.63 5.0356e+02    316.294       7592  1027.4559  1027.4564     4.2922     1.0132     0.1491    33.8288    33.8294    8.36408         31 0.0000e+00
     51.000     50.467    -1.3248  27.078712    -1.3254  27.078779     6.6070     6.8160     5.3075    90.7993 1.0000e-12  -74.15912 -111.43942  36.430111      99.67 5.0299e+02    317.585       7623  1027.4610  1027.4616     4.3073     0.8775     0.1469    33.8292    33.8299    8.36439         31 0.0000e+00
