ocean_section_plots/required_files/ctd/dnbp2202_ctd204.cnv
* Sea-Bird SBE 9 Data File:
* FileName = D:\Data\raw\NBP2202_CTD204.hex
* Software Version Seasave V 7.26.7.121
* Temperature SN = 1649
* Conductivity SN = 2513
* Number of Bytes Per Scan = 40
* Number of Voltage Words = 5
* Number of Scans Averaged by the Deck Unit = 1
* NMEA Latitude = 73 58.93 S
* NMEA Longitude = 113 48.44 W
* NMEA UTC (Time) = Feb 09 2022  13:20:43
* NMEA baud rate = 9600
** Ship: RVIB N.B. Palmer
** Cruise: NBP2202 Thwaites
** Station: 123
** Operator: B. Bjork
# nquan = 28
# nvalues = 803                         
# units = specified
# name 0 = prDM: Pressure, Digiquartz [db]
# name 1 = depSM: Depth [salt water, m]
# name 2 = t090C: Temperature [ITS-90, deg C]
# name 3 = c0mS/cm: Conductivity [mS/cm]
# name 4 = t190C: Temperature, 2 [ITS-90, deg C]
# name 5 = c1mS/cm: Conductivity, 2 [mS/cm]
# name 6 = sbeox0ML/L: Oxygen, SBE 43 [ml/l]
# name 7 = sbeox1ML/L: Oxygen, SBE 43, 2 [ml/l]
# name 8 = flECO-AFL: Fluorescence, WET Labs ECO-AFL/FL [mg/m^3]
# name 9 = CStarTr0: Beam Transmission, WET Labs C-Star [%]
# name 10 = par: PAR/Irradiance, Biospherical/Licor
# name 11 = latitude: Latitude [deg]
# name 12 = longitude: Longitude [deg]
# name 13 = timeJ: Julian Days
# name 14 = altM: Altimeter [m]
# name 15 = spar: SPAR, Biospherical/Licor
# name 16 = timeS: Time, Elapsed [seconds]
# name 17 = scan: Scan Count
# name 18 = density00: Density [density, kg/m^3]
# name 19 = density11: Density, 2 [density, kg/m^3]
# name 20 = v3: Voltage 3
# name 21 = v4: Voltage 4
# name 22 = v5: Voltage 5
# name 23 = sal00: Salinity, Practical [PSU]
# name 24 = sal11: Salinity, Practical, 2 [PSU]
# name 25 = oxsolML/L: Oxygen Saturation, Garcia & Gordon [ml/l]
# name 26 = nbin: number of scans per bin
# name 27 = flag: flag
# span 0 =      1.000,    803.000       
# span 1 =      0.988,    793.162       
# span 2 =    -1.3593,    -0.2674       
# span 3 =  27.206687,  28.618440       
# span 4 =    -1.3584,    -0.2655       
# span 5 =  27.206723,  28.618719       
# span 6 =     4.9037,     8.6873       
# span 7 =     5.0408,     8.9019       
# span 8 =    -0.0099,    19.7419       
# span 9 =    76.8802,    98.1404       
# span 10 = 1.0000e-12, 1.0175e+02      
# span 11 =  -73.98219,  -73.98218      
# span 12 = -113.80743, -113.80740      
# span 13 =  40.558945,  40.569667      
# span 14 =       4.24,     100.29      
# span 15 = 9.9238e+01, 1.2300e+02      
# span 16 =    249.871,   1176.185      
# span 17 =       5998,      28229      
# span 18 =  1027.1754,  1031.3509      
# span 19 =  1027.1749,  1031.3492      
# span 20 =     3.6475,     4.6556      
# span 21 =     0.0655,     2.9998      
# span 22 =     0.1210,     0.2537      
# span 23 =    33.7904,    34.2908      
# span 24 =    33.7896,    34.2889      
# span 25 =    8.10660,    8.36470      
# span 26 =          7,         48      
# span 27 = 0.0000e+00, 0.0000e+00      
# interval = decibars: 1                
# start_time = Feb 09 2022 13:20:43 [NMEA time, header]
# bad_flag = -9.990e-29
*END*
[from data line 467]
    468.000    462.637    -0.3571  28.385741    -0.3552  28.385660     4.9556     5.1103     0.0583    97.9161 1.0000e-12  -73.98218 -113.80740  40.565013      95.65 1.1647e+02    774.118      18580  1029.7470  1029.7451     4.6450     0.0812     0.1264    34.2536    34.2515    8.12782         24 0.0000e+00
    469.000    463.625    -0.3543  28.388989    -0.3526  28.388848     4.9607     5.1091     0.0683    97.9216 1.0000e-12  -73.98218 -113.80740  40.565024      99.93 1.1459e+02    775.104      18603  1029.7520  1029.7501     4.6452     0.0807     0.1257    34.2543    34.2521    8.12720         24 0.0000e+00
    470.000    464.612    -0.3528  28.390850    -0.3509  28.390799     4.9554     5.1101     0.0598    97.8972 1.0000e-12  -73.98218 -113.80740  40.565036      99.92 1.1277e+02    776.093      18627  1029.7568  1029.7549     4.6441     0.0811     0.1273    34.2545    34.2523    8.12686         24 0.0000e+00
    471.000    465.600    -0.3517  28.392353    -0.3502  28.392029     4.9553     5.1105     0.0652    97.8841 1.0000e-12  -73.98218 -113.80740  40.565047      99.92 1.1643e+02    777.083      18651  1029.7616  1029.7598     4.6434     0.0779     0.1237    34.2547    34.2525    8.12662         23 0.0000e+00
    472.000    466.587    -0.3483  28.396395    -0.3464  28.396359     4.9522     5.1095     0.0532    97.9548 1.0000e-12  -73.98218 -113.80740  40.565059      99.92 1.1508e+02    778.077      18675  1029.7669  1029.7650     4.6468     0.0802     0.1265    34.2557    34.2535    8.12584         24 0.0000e+00
    473.000    467.575    -0.3466  28.398618    -0.3448  28.398560     4.9541     5.1022     0.0475    97.9516 1.0000e-12  -73.98218 -113.80740  40.565070      99.93 1.1258e+02    779.070      18699  1029.7718  1029.7700     4.6467     0.0808     0.1265    34.2561    34.2540    8.12544         24 0.0000e+00
    474.000    468.563    -0.3432  28.402498    -0.3412  28.402488     4.9424     5.0983     0.0479    97.9334 1.0000e-12  -73.98218 -113.80740  40.565082      99.93 1.1620e+02    780.063      18723  1029.7769  1029.7750     4.6458     0.0797     0.1255    34.2568    34.2546    8.12467         24 0.0000e+00
    475.000    469.549    -0.3394  28.406628    -0.3374  28.406607     4.9418     5.1024     0.0563    97.9196 1.0000e-12  -73.98218 -113.80740  40.565093      99.92 1.1591e+02    781.054      18746  1029.7819  1029.7800     4.6452     0.0790     0.1252    34.2575    34.2553    8.12382         24 0.0000e+00
    476.000    470.537    -0.3396  28.406991    -0.3376  28.406935     4.9478     5.1031     0.0762    97.9881 1.0000e-12  -73.98218 -113.80740  40.565105      99.92 1.1222e+02    782.046      18770  1029.7868  1029.7849     4.6484     0.0791     0.1245    34.2576    34.2554    8.12386         24 0.0000e+00
    477.000    471.524    -0.3399  28.407318    -0.3380  28.407293     4.9501     5.1045     0.0598    97.9641 1.0000e-12  -73.98218 -113.80740  40.565116      99.92 1.1582e+02    783.039      18794  1029.7918  1029.7899     4.6472     0.0839     0.1250    34.2578    34.2557    8.12392         24 0.0000e+00
    478.000    472.511    -0.3408  28.407005    -0.3393  28.406893     4.9494     5.1040     0.0699    97.9513 1.0000e-12  -73.98218 -113.80740  40.565128      99.92 1.1642e+02    784.036      18818  1029.7966  1029.7950     4.6466     0.0900     0.1248    34.2578    34.2559    8.12412         23 0.0000e+00
    479.000    473.499    -0.3414  28.407184    -0.3396  28.407265     4.9490     5.1015     0.0689    97.9615 1.0000e-12  -73.98218 -113.80740  40.565139      99.72 1.1188e+02    785.034      18842  1029.8017  1029.8000     4.6471     0.0778     0.1234    34.2582    34.2562    8.12423         24 0.0000e+00
    480.000    474.486    -0.3412  28.407932    -0.3394  28.408016     4.9506     5.1032     0.0454    97.9330 1.0000e-12  -73.98218 -113.80740  40.565151      75.02 1.1522e+02    786.034      18866  1029.8065  1029.8049     4.6458     0.0740     0.1239    34.2583    34.2564    8.12417         24 0.0000e+00
    481.000    475.475    -0.3408  28.408804    -0.3391  28.408778     4.9478     5.1016     0.0497    97.9571 1.0000e-12  -73.98218 -113.80740  40.565162      95.76 1.1650e+02    787.025      18890  1029.8114  1029.8097     4.6470     0.0777     0.1251    34.2585    34.2565    8.12408         24 0.0000e+00
    482.000    476.460    -0.3399  28.410362    -0.3382  28.410190     4.9474     5.1036     0.0455    97.9847 1.0000e-12  -73.98218 -113.80740  40.565174      99.89 1.1219e+02    788.013      18913  1029.8164  1029.8146     4.6482     0.0783     0.1300    34.2589    34.2567    8.12385         24 0.0000e+00
    483.000    477.449    -0.3389  28.411881    -0.3370  28.411841     4.9481     5.1039     0.0531    97.9636 1.0000e-12  -73.98218 -113.80740  40.565185      99.92 1.1481e+02    788.998      18937  1029.8213  1029.8194     4.6473     0.0796     0.1279    34.2592    34.2570    8.12362         23 0.0000e+00
    484.000    478.436    -0.3368  28.414581    -0.3349  28.414445     4.9451     5.1053     0.0794    97.9129 1.0000e-12  -73.98218 -113.80740  40.565197      99.92 1.1731e+02    789.982      18961  1029.8264  1029.8244     4.6449     0.0774     0.1268    34.2598    34.2576    8.12314         24 0.0000e+00
    485.000    479.424    -0.3358  28.416035    -0.3339  28.416162     4.9525     5.0976     0.0908    97.9109 1.0000e-12  -73.98218 -113.80740  40.565208      99.92 1.1255e+02    790.974      18984  1029.8312  1029.8295     4.6447     0.0789     0.1255    34.2601    34.2581    8.12292         24 0.0000e+00
    486.000    480.410    -0.3351  28.417470    -0.3332  28.417479     4.9532     5.0953     0.0675    97.9827 1.0000e-12  -73.98218 -113.80740  40.565219      99.92 1.1390e+02    791.963      19008  1029.8363  1029.8346     4.6482     0.0818     0.1248    34.2606    34.2585    8.12273         24 0.0000e+00
    487.000    481.397    -0.3349  28.418495    -0.3331  28.418467     4.9504     5.1019     0.0570    98.0105 1.0000e-12  -73.98218 -113.80740  40.565231      99.93 1.1749e+02    792.956      19032  1029.8415  1029.8398     4.6495     0.0787     0.1228    34.2611    34.2591    8.12266         23 0.0000e+00
    488.000    482.385    -0.3351  28.418824    -0.3333  28.418825     4.9547     5.1037     0.0849    97.9913 1.0000e-12  -73.98218 -113.80740  40.565242      99.92 1.1295e+02    793.942      19056  1029.8464  1029.8446     4.6485     0.0781     0.1286    34.2613    34.2592    8.12271         24 0.0000e+00
    489.000    483.374    -0.3359  28.418800    -0.3340  28.418808     4.9546     5.1058     0.0439    97.9700 1.0000e-12  -73.98218 -113.80740  40.565254      99.92 1.1370e+02    794.931      19079  1029.8514  1029.8496     4.6475     0.0808     0.1296    34.2614    34.2594    8.12285         24 0.0000e+00
    490.000    484.359    -0.3371  28.418363    -0.3353  28.418316     4.9592     5.1064     0.0513    97.9714 1.0000e-12  -73.98218 -113.80740  40.565265      99.92 1.1808e+02    795.926      19103  1029.8563  1029.8546     4.6476     0.0838     0.1287    34.2616    34.2596    8.12309         23 0.0000e+00
    491.000    485.347    -0.3379  28.418134    -0.3366  28.417745     4.9574     5.1076     0.0447    97.9623 1.0000e-12  -73.98218 -113.80740  40.565277      99.92 1.1327e+02    796.909      19127  1029.8612  1029.8595     4.6472     0.0767     0.1249    34.2617    34.2596    8.12327         24 0.0000e+00
    492.000    486.334    -0.3389  28.417764    -0.3373  28.417656     4.9611     5.1060     0.0926    97.9786 1.0000e-12  -73.98218 -113.80740  40.565288      80.97 1.1282e+02    797.900      19151  1029.8660  1029.8644     4.6479     0.0761     0.1254    34.2617    34.2597    8.12348         24 0.0000e+00
    493.000    487.322    -0.3387  28.418534    -0.3368  28.418637     4.9579     5.1064     0.0626    98.0022 1.0000e-12  -73.98218 -113.80740  40.565300      85.80 1.1770e+02    798.901      19175  1029.8709  1029.8691     4.6491     0.0822     0.1239    34.2619    34.2599    8.12343         24 0.0000e+00
    494.000    488.309    -0.3363  28.421376    -0.3346  28.421270     4.9540     5.1061     0.0364    97.9818 1.0000e-12  -73.98218 -113.80740  40.565311      95.83 1.1336e+02    799.889      19198  1029.8758  1029.8741     4.6481     0.0772     0.1246    34.2624    34.2604    8.12289         24 0.0000e+00
    495.000    489.297    -0.3348  28.423315    -0.3332  28.422986     4.9532     5.1064     0.0395    97.9828 1.0000e-12  -73.98218 -113.80740  40.565323      99.45 1.1247e+02    800.883      19222  1029.8806  1029.8788     4.6482     0.0785     0.1242    34.2627    34.2605    8.12254         24 0.0000e+00
    496.000    490.282    -0.3342  28.424258    -0.3323  28.424384     4.9551     5.0986     0.0680    97.9070 1.0000e-12  -73.98218 -113.80740  40.565334      99.92 1.1707e+02    801.882      19246  1029.8854  1029.8837     4.6446     0.0765     0.1257    34.2627    34.2607    8.12242         23 0.0000e+00
    497.000    491.272    -0.3331  28.425864    -0.3312  28.426051     4.9494     5.0975     0.1021    97.9572 1.0000e-12  -73.98218 -113.80740  40.565346      99.93 1.1422e+02    802.878      19270  1029.8903  1029.8886     4.6469     0.0753     0.1240    34.2630    34.2611    8.12217         24 0.0000e+00
    498.000    492.258    -0.3313  28.428228    -0.3292  28.428442     4.9530     5.0992     0.0437    98.0066 1.0000e-12  -73.98218 -113.80740  40.565357      99.92 1.1205e+02    803.873      19294  1029.8953  1029.8934     4.6493     0.0791     0.1246    34.2635    34.2615    8.12175         25 0.0000e+00
    499.000    493.246    -0.3324  28.427643    -0.3306  28.427730     4.9596     5.1073     0.0442    98.0096 1.0000e-12  -73.98218 -113.80740  40.565369      99.92 1.1709e+02    804.882      19318  1029.9000  1029.8984     4.6494     0.0837     0.1312    34.2634    34.2616    8.12200         24 0.0000e+00
    500.000    494.232    -0.3346  28.426772    -0.3328  28.426800     4.9527     5.1107     0.0516    98.0050 1.0000e-12  -73.98218 -113.80740  40.565381      99.92 1.1457e+02    805.879      19342  1029.9055  1029.9038     4.6492     0.0779     0.1271    34.2642    34.2621    8.12243         23 0.0000e+00
    501.000    495.220    -0.3332  28.428565    -0.3316  28.428458     4.9506     5.1024     0.2144    98.0064 1.0000e-12  -73.98218 -113.80740  40.565392      99.92 1.1229e+02    806.863      19366  1029.9104  1029.9087     4.6493     0.0821     0.1257    34.2644    34.2624    8.12212         24 0.0000e+00
    502.000    496.208    -0.3317  28.430676    -0.3300  28.430584     4.9507     5.1000     0.0674    98.0075 1.0000e-12  -73.98218 -113.80740  40.565403      99.92 1.1700e+02    807.852      19389  1029.9153  1029.9136     4.6494     0.0757     0.1272    34.2648    34.2628    8.12176         24 0.0000e+00
    503.000    497.193    -0.3301  28.432756    -0.3281  28.432754     4.9491     5.0980     0.0421    97.9831 1.0000e-12  -73.98218 -113.80740  40.565415      99.93 1.1520e+02    808.840      19413  1029.9202  1029.9183     4.6481     0.0776     0.1240    34.2652    34.2630    8.12140         24 0.0000e+00
    504.000    498.183    -0.3280  28.435090    -0.3260  28.435331     4.9451     5.0904     0.0480    97.9771 1.0000e-12  -73.98218 -113.80740  40.565426      99.92 1.1217e+02    809.820      19437  1029.9249  1029.9232     4.6479     0.0774     0.1260    34.2654    34.2635    8.12094         23 0.0000e+00
    505.000    499.168    -0.3240  28.439454    -0.3224  28.439080     4.9420     5.0947     0.0472    98.0075 1.0000e-12  -73.98218 -113.80740  40.565438      99.92 1.1400e+02    810.814      19461  1029.9299  1029.9280     4.6494     0.0778     0.1251    34.2661    34.2638    8.12004         24 0.0000e+00
    506.000    500.156    -0.3225  28.440987    -0.3210  28.440811     4.9429     5.0899     0.0436    98.0128 1.0000e-12  -73.98218 -113.80740  40.565449      79.46 1.1619e+02    811.805      19484  1029.9344  1029.9327     4.6496     0.0735     0.1251    34.2660    34.2640    8.11975         24 0.0000e+00
    507.000    501.144    -0.3216  28.442412    -0.3204  28.441839     4.9380     5.0861     0.0481    98.0107 1.0000e-12  -73.98218 -113.80740  40.565461      92.41 1.1230e+02    812.796      19508  1029.9393  1029.9375     4.6495     0.0756     0.1266    34.2662    34.2641    8.11953         24 0.0000e+00
    508.000    502.132    -0.3169  28.447648    -0.3151  28.447447     4.9326     5.0910     0.0543    97.9764 1.0000e-12  -73.98218 -113.80740  40.565472      99.82 1.1380e+02    813.777      19532  1029.9445  1029.9426     4.6478     0.0759     0.1232    34.2673    34.2650    8.11846         23 0.0000e+00
    509.000    503.117    -0.3170  28.448253    -0.3152  28.448297     4.9369     5.0923     0.0380    97.9521 1.0000e-12  -73.98218 -113.80740  40.565483      99.92 1.1614e+02    814.759      19555  1029.9496  1029.9479     4.6467     0.0904     0.1320    34.2677    34.2657    8.11847         23 0.0000e+00
    510.000    504.106    -0.3128  28.453149    -0.3109  28.453224     4.9387     5.0876     0.0880    97.9777 1.0000e-12  -73.98218 -113.80740  40.565495      99.93 1.1241e+02    815.740      19579  1029.9549  1029.9532     4.6479     0.0754     0.1243    34.2689    34.2668    8.11750         24 0.0000e+00
    511.000    505.092    -0.3098  28.456420    -0.3079  28.456360     4.9296     5.0821     0.0318    98.0172 1.0000e-12  -73.98218 -113.80740  40.565506      99.92 1.1430e+02    816.732      19603  1029.9597  1029.9579     4.6498     0.0798     0.1266    34.2692    34.2671    8.11684         24 0.0000e+00
    512.000    506.080    -0.3092  28.457385    -0.3074  28.457314     4.9255     5.0837     0.0350    98.0107 1.0000e-12  -73.98218 -113.80740  40.565518      99.92 1.1619e+02    817.724      19626  1029.9645  1029.9627     4.6495     0.0771     0.1245    34.2693    34.2672    8.11671         24 0.0000e+00
    513.000    507.067    -0.3080  28.459286    -0.3060  28.459358     4.9327     5.0790     0.0471    98.0151 1.0000e-12  -73.98218 -113.80740  40.565529      99.92 1.1267e+02    818.708      19650  1029.9697  1029.9678     4.6497     0.0765     0.1265    34.2699    34.2678    8.11643         23 0.0000e+00
    514.000    508.054    -0.3044  28.463240    -0.3026  28.463271     4.9292     5.0758     0.0416    98.0215 1.0000e-12  -73.98218 -113.80741  40.565541      99.92 1.1395e+02    819.708      19674  1029.9747  1029.9729     4.6500     0.0763     0.1260    34.2706    34.2686    8.11563         24 0.0000e+00
    515.000    509.040    -0.3047  28.463534    -0.3030  28.463512     4.9204     5.0827     0.0405    98.0105 1.0000e-12  -73.98218 -113.80741  40.565552      99.92 1.1744e+02    820.706      19698  1029.9795  1029.9778     4.6495     0.0760     0.1254    34.2707    34.2687    8.11567         24 0.0000e+00
    516.000    510.030    -0.3029  28.465740    -0.3009  28.465988     4.9260     5.0789     0.0341    98.0388 1.0000e-12  -73.98218 -113.80741  40.565564      99.92 1.1257e+02    821.695      19722  1029.9844  1029.9828     4.6508     0.0767     0.1233    34.2710    34.2691    8.11528         24 0.0000e+00
    517.000    511.016    -0.3016  28.467617    -0.2996  28.467782     4.9356     5.0775     0.0316    98.0037 1.0000e-12  -73.98218 -113.80741  40.565575      99.92 1.1289e+02    822.703      19746  1029.9894  1029.9876     4.6492     0.0771     0.1254    34.2714    34.2694    8.11497         25 0.0000e+00
