ocean_section_plots/required_files/ctd/dnbp2202_ctd223.cnv
* Sea-Bird SBE 9 Data File:
* FileName = D:\Data\raw\NBP2202_CTD223.hex
* Software Version Seasave V 7.26.7.121
* Temperature SN = 1649
* Conductivity SN = 2513
* Number of Bytes Per Scan = 40
* Number of Voltage Words = 5
* Number of Scans Averaged by the Deck Unit = 1
* NMEA Latitude = 74 00.22 S
* NMEA Longitude = 111 23.15 W
* NMEA UTC (Time) = Feb 12 2022  09:02:06
* NMEA baud rate = 9600
** Ship: RVIB N.B. Palmer
** Cruise: NBP2202 Thwaites
** Station: 134
** Operator: B. Bjork
# nquan = 28
# nvalues = 610                         
# units = specified
# name 0 = prDM: Pressure, Digiquartz [db]
# name 1 = depSM: Depth [salt water, m]
# name 2 = t090C: Temperature [ITS-90, deg C]
# name 3 = c0mS/cm: Conductivity [mS/cm]
# name 4 = t190C: Temperature, 2 [ITS-90, deg C]
# name 5 = c1mS/cm: Conductivity, 2 [mS/cm]
# name 6 = sbeox0ML/L: Oxygen, SBE 43 [ml/l]
# name 7 = sbeox1ML/L: Oxygen, SBE 43, 2 [ml/l]
# name 8 = flECO-AFL: Fluorescence, WET Labs ECO-AFL/FL [mg/m^3]
# name 9 = CStarTr0: Beam Transmission, WET Labs C-Star [%]
# name 10 = par: PAR/Irradiance, Biospherical/Licor
# name 11 = latitude: Latitude [deg]
# name 12 = longitude: Longitude [deg]
# name 13 = timeJ: Julian Days
# name 14 = altM: Altimeter [m]
# name 15 = spar: SPAR, Biospherical/Licor
# name 16 = timeS: Time, Elapsed [seconds]
# name 17 = scan: Scan Count
# name 18 = density00: Density [density, kg/m^3]
# name 19 = density11: Density, 2 [density, kg/m^3]
# name 20 = v3: Voltage 3
# name 21 = v4: Voltage 4
# name 22 = v5: Voltage 5
# name 23 = sal00: Salinity, Practical [PSU]
# name 24 = sal11: Salinity, Practical, 2 [PSU]
# name 25 = oxsolML/L: Oxygen Saturation, Garcia & Gordon [ml/l]
# name 26 = nbin: number of scans per bin
# name 27 = flag: flag
# span 0 =      1.000,    610.000       
# span 1 =      0.990,    602.804       
# span 2 =    -1.4515,     0.2934       
# span 3 =  26.930912,  29.178696       
# span 4 =    -1.4510,     0.2951       
# span 5 =  26.931910,  29.178654       
# span 6 =     4.6834,     6.8842       
# span 7 =     4.8274,     7.1252       
# span 8 =    -0.0151,     5.2385       
# span 9 =    90.0918,    97.5363       
# span 10 = -3.251e-05, 7.2613e+00      
# span 11 =  -74.00374,  -74.00372      
# span 12 = -111.38594, -111.38590      
# span 13 =  43.378776,  43.387983      
# span 14 =       6.04,     100.32      
# span 15 = 2.8136e+01, 4.3162e+01      
# span 16 =    200.226,    995.729      
# span 17 =       4806,      23898      
# span 18 =  1027.1783,  1030.5641      
# span 19 =  1027.1775,  1030.5624      
# span 20 =     4.2741,     4.6270      
# span 21 =     0.0650,     0.9063      
# span 22 =     0.1158,     0.1518      
# span 23 =    33.7627,    34.4924      
# span 24 =    33.7702,    34.4903      
# span 25 =    7.97752,    8.39151      
# span 26 =          5,         56      
# span 27 = 0.0000e+00, 0.0000e+00      
# interval = decibars: 1                
# start_time = Feb 12 2022 09:02:06 [NMEA time, header]
# bad_flag = -9.990e-29
*END*
[from data line 208]
    209.000    206.733    -1.4014  27.228514    -1.4008  27.228525     6.1167     6.3336     0.0479    97.4736 1.0000e-12  -74.00372 -111.38592  43.382059      99.84 3.7021e+01    483.924      11615  1028.3795  1028.3790     4.6240     0.0860     0.1192    34.0235    34.0229    8.37004         24 0.0000e+00
    210.000    207.723    -1.4021  27.228516    -1.4017  27.228550     6.1180     6.3326     0.0483    97.5064 1.0000e-12  -74.00372 -111.38592  43.382071      99.83 3.7021e+01    484.906      11639  1028.3845  1028.3842     4.6256     0.0758     0.1195    34.0237    34.0233    8.37019         23 0.0000e+00
    211.000    208.712    -1.4019  27.229795    -1.4016  27.229646     6.1160     6.3230     0.0336    97.5102 1.0000e-12  -74.00372 -111.38592  43.382082      99.83 3.7021e+01    485.880      11662  1028.3900  1028.3895     4.6258     0.0747     0.1170    34.0246    34.0240    8.37009         23 0.0000e+00
    212.000    209.700    -1.4009  27.231469    -1.4002  27.231554     6.1151     6.3267     0.0270    97.5031 1.0000e-12  -74.00372 -111.38592  43.382093      99.83 3.7021e+01    486.866      11686  1028.3951  1028.3946     4.6255     0.0761     0.1158    34.0251    34.0244    8.36982         24 0.0000e+00
    213.000    210.688    -1.3987  27.234675    -1.3982  27.234434     6.1169     6.3264     0.0225    97.5117 1.0000e-12  -74.00372 -111.38592  43.382105      99.83 3.7021e+01    487.849      11709  1028.4008  1028.4001     4.6259     0.0793     0.1204    34.0264    34.0255    8.36925         24 0.0000e+00
    214.000    211.677    -1.3978  27.236390    -1.3972  27.236235     6.1159     6.3286     0.0288    97.5202 1.0000e-12  -74.00372 -111.38592  43.382116      99.83 3.7021e+01    488.825      11733  1028.4062  1028.4055     4.6262     0.0781     0.1180    34.0271    34.0263    8.36901         23 0.0000e+00
    215.000    212.666    -1.3977  27.237075    -1.3971  27.237004     6.1172     6.3333     0.0289    97.5182 1.0000e-12  -74.00372 -111.38592  43.382127      99.67 3.7021e+01    489.803      11756  1028.4111  1028.4105     4.6261     0.0774     0.1183    34.0273    34.0265    8.36898         24 0.0000e+00
    216.000    213.654    -1.3980  27.237445    -1.3975  27.237424     6.1185     6.3382     0.0223    97.5235 1.0000e-12  -74.00372 -111.38592  43.382139      99.46 3.7021e+01    490.777      11780  1028.4162  1028.4156     4.6264     0.0747     0.1169    34.0276    34.0269    8.36903         23 0.0000e+00
    217.000    214.644    -1.3986  27.237852    -1.3980  27.237783     6.1135     6.3350     0.0216    97.4891 1.0000e-12  -74.00372 -111.38592  43.382150      99.83 3.7021e+01    491.744      11803  1028.4215  1028.4208     4.6247     0.0735     0.1171    34.0282    34.0273    8.36913         23 0.0000e+00
    218.000    215.632    -1.3924  27.245935    -1.3915  27.245891     6.1116     6.3235     0.0313    97.5267 1.0000e-12  -74.00372 -111.38592  43.382161      99.84 3.7021e+01    492.727      11826  1028.4287  1028.4278     4.6266     0.0775     0.1187    34.0316    34.0306    8.36753         24 0.0000e+00
    219.000    216.621    -1.3831  27.256927    -1.3821  27.257355     6.1112     6.3185     0.0486    97.4967 1.0000e-12  -74.00372 -111.38592  43.382173      99.83 3.7021e+01    493.709      11850  1028.4361  1028.4355     4.6251     0.0769     0.1201    34.0356    34.0350    8.36522         23 0.0000e+00
    220.000    217.609    -1.3741  27.267685    -1.3734  27.267626     6.1107     6.3267     0.0414    97.5205 1.0000e-12  -74.00372 -111.38592  43.382184      99.83 3.7021e+01    494.694      11874  1028.4435  1028.4428     4.6262     0.0785     0.1182    34.0394    34.0385    8.36295         24 0.0000e+00
    221.000    218.597    -1.3722  27.271234    -1.3716  27.271193     6.1139     6.3267     0.0588    97.5172 1.0000e-12  -74.00372 -111.38592  43.382195      99.83 3.7021e+01    495.683      11897  1028.4500  1028.4493     4.6261     0.0762     0.1199    34.0416    34.0408    8.36241         24 0.0000e+00
    222.000    219.586    -1.3703  27.274443    -1.3696  27.274523     6.1113     6.3172     0.1318    97.5045 1.0000e-12  -74.00372 -111.38592  43.382207      99.84 3.7021e+01    496.666      11921  1028.4560  1028.4555     4.6255     0.0732     0.1207    34.0432    34.0426    8.36188         23 0.0000e+00
    223.000    220.575    -1.3698  27.275636    -1.3690  27.275741     6.1083     6.3161     0.0219    97.5363 1.0000e-12  -74.00372 -111.38592  43.382218      99.83 3.6875e+01    497.643      11944  1028.4612  1028.4605     4.6270     0.0734     0.1207    34.0436    34.0429    8.36174         24 0.0000e+00
    224.000    221.563    -1.3615  27.286024    -1.3600  27.286788     6.1060     6.3170     0.0216    97.4857 1.0000e-12  -74.00372 -111.38592  43.382229      99.83 3.7308e+01    498.631      11968  1028.4689  1028.4683     4.6246     0.0759     0.1189    34.0478    34.0472    8.35963         24 0.0000e+00
    225.000    222.553    -1.3579  27.290753    -1.3572  27.290655     6.0994     6.3159     0.0216    97.5088 1.0000e-12  -74.00372 -111.38592  43.382241      99.83 3.7783e+01    499.616      11992  1028.4750  1028.4742     4.6257     0.0763     0.1179    34.0496    34.0487    8.35872         23 0.0000e+00
    226.000    223.540    -1.3555  27.294684    -1.3546  27.294765     6.0919     6.3169     0.0280    97.5203 1.0000e-12  -74.00372 -111.38592  43.382252      99.83 3.7019e+01    500.586      12015  1028.4814  1028.4806     4.6263     0.0757     0.1189    34.0517    34.0508    8.35807         23 0.0000e+00
    227.000    224.529    -1.3486  27.302866    -1.3479  27.302644     6.0916     6.3081     0.0186    97.4840 1.0000e-12  -74.00372 -111.38592  43.382263      99.83 3.7021e+01    501.559      12038  1028.4881  1028.4871     4.6245     0.0757     0.1227    34.0545    34.0534    8.35636         24 0.0000e+00
    228.000    225.518    -1.3401  27.311933    -1.3397  27.311447     6.0919     6.3039     0.0143    97.4988 1.0000e-12  -74.00372 -111.38592  43.382275      99.82 3.7021e+01    502.532      12062  1028.4942  1028.4932     4.6252     0.0743     0.1215    34.0566    34.0555    8.35432         23 0.0000e+00
    229.000    226.506    -1.3363  27.315828    -1.3356  27.315833     6.0910     6.2998     0.0175    97.5191 1.0000e-12  -74.00372 -111.38592  43.382286      97.55 3.7021e+01    503.501      12085  1028.4991  1028.4985     4.6262     0.0760     0.1212    34.0571    34.0563    8.35345         23 0.0000e+00
    230.000    227.494    -1.3343  27.318902    -1.3332  27.319021     6.1033     6.3114     0.0239    97.4974 1.0000e-12  -74.00372 -111.38592  43.382297      98.58 3.7021e+01    504.477      12108  1028.5050  1028.5041     4.6252     0.0746     0.1202    34.0584    34.0573    8.35293         23 0.0000e+00
    231.000    228.484    -1.3262  27.331916    -1.3258  27.330999     6.1279     6.3331     0.0274    97.5317 1.0000e-12  -74.00372 -111.38592  43.382309      99.86 3.7021e+01    505.455      12132  1028.5158  1028.5144     4.6267     0.0749     0.1223    34.0664    34.0647    8.35062         24 0.0000e+00
    232.000    229.473    -1.3298  27.331851    -1.3293  27.331876     6.1491     6.3549     0.0209    97.5179 1.0000e-12  -74.00372 -111.38592  43.382320      99.84 3.7021e+01    506.426      12155  1028.5238  1028.5232     4.6261     0.0750     0.1199    34.0699    34.0692    8.35124         23 0.0000e+00
    233.000    230.459    -1.3371  27.328332    -1.3365  27.328431     6.1603     6.3610     0.0143    97.5086 1.0000e-12  -74.00372 -111.38592  43.382331      99.83 3.7021e+01    507.392      12178  1028.5314  1028.5310     4.6257     0.0751     0.1191    34.0727    34.0721    8.35270         24 0.0000e+00
    234.000    231.450    -1.3415  27.326431    -1.3412  27.326247     6.1622     6.3691     0.0213    97.5090 1.0000e-12  -74.00372 -111.38592  43.382342      99.83 3.7021e+01    508.373      12202  1028.5380  1028.5375     4.6257     0.0752     0.1226    34.0745    34.0739    8.35359         23 0.0000e+00
    235.000    232.435    -1.3437  27.325584    -1.3431  27.325641     6.1624     6.3752     0.0216    97.4646 1.0000e-12  -74.00372 -111.38592  43.382354      99.83 3.7021e+01    509.350      12225  1028.5435  1028.5430     4.6236     0.0744     0.1228    34.0752    34.0745    8.35403         23 0.0000e+00
    236.000    233.429    -1.3444  27.325827    -1.3438  27.325750     6.1623     6.3786     0.0268    97.5188 1.0000e-12  -74.00372 -111.38592  43.382365      99.83 3.7021e+01    510.323      12249  1028.5488  1028.5482     4.6262     0.0779     0.1174    34.0756    34.0749    8.35415         24 0.0000e+00
    237.000    234.414    -1.3458  27.325195    -1.3450  27.325335     6.1623     6.3794     0.0335    97.5118 1.0000e-12  -74.00372 -111.38592  43.382376      99.83 3.7021e+01    511.314      12273  1028.5537  1028.5532     4.6258     0.0788     0.1199    34.0758    34.0750    8.35446         24 0.0000e+00
    238.000    235.402    -1.3421  27.330874    -1.3408  27.331310     6.1555     6.3725     0.0371    97.4917 1.0000e-12  -74.00372 -111.38592  43.382388      99.83 3.7021e+01    512.299      12296  1028.5607  1028.5599     4.6249     0.0746     0.1160    34.0787    34.0778    8.35346         24 0.0000e+00
    239.000    236.392    -1.3361  27.337763    -1.3353  27.337719     6.1460     6.3641     0.0334    97.5196 1.0000e-12  -74.00372 -111.38592  43.382399      99.83 3.7021e+01    513.270      12319  1028.5667  1028.5660     4.6262     0.0752     0.1170    34.0807    34.0798    8.35199         23 0.0000e+00
    240.000    237.381    -1.3314  27.342499    -1.3308  27.342393     6.1439     6.3603     0.0270    97.4980 1.0000e-12  -74.00372 -111.38592  43.382410      99.83 3.7021e+01    514.242      12343  1028.5717  1028.5710     4.6252     0.0782     0.1186    34.0813    34.0805    8.35092         23 0.0000e+00
    241.000    238.368    -1.3269  27.347643    -1.3261  27.347634     6.1407     6.3569     0.0226    97.4851 1.0000e-12  -74.00372 -111.38592  43.382421      99.83 3.7021e+01    515.220      12366  1028.5773  1028.5765     4.6245     0.0760     0.1179    34.0827    34.0817    8.34984         24 0.0000e+00
    242.000    239.358    -1.3228  27.352539    -1.3221  27.352357     6.1338     6.3514     0.0288    97.4954 1.0000e-12  -74.00372 -111.38592  43.382433      99.10 3.7021e+01    516.194      12390  1028.5831  1028.5822     4.6251     0.0743     0.1192    34.0841    34.0831    8.34883         23 0.0000e+00
    243.000    240.345    -1.3157  27.361112    -1.3150  27.360916     6.1351     6.3511     0.0143    97.5079 1.0000e-12  -74.00372 -111.38592  43.382444      99.07 3.7021e+01    517.166      12413  1028.5899  1028.5890     4.6257     0.0751     0.1188    34.0871    34.0861    8.34706         23 0.0000e+00
    244.000    241.334    -1.3144  27.363127    -1.3139  27.362732     6.1358     6.3523     0.0206    97.5224 1.0000e-12  -74.00372 -111.38592  43.382455      99.79 3.7021e+01    518.139      12436  1028.5951  1028.5944     4.6264     0.0761     0.1190    34.0877    34.0867    8.34672         24 0.0000e+00
    245.000    242.323    -1.3135  27.364292    -1.3128  27.364425     6.1278     6.3511     0.0331    97.4983 1.0000e-12  -74.00372 -111.38594  43.382467      99.84 3.7021e+01    519.108      12460  1028.6000  1028.5994     4.6252     0.0764     0.1170    34.0878    34.0871    8.34653         23 0.0000e+00
    246.000    243.311    -1.3118  27.366889    -1.3115  27.366296     6.1155     6.3375     0.0318    97.5213 1.0000e-12  -74.00372 -111.38592  43.382478      99.83 3.7021e+01    520.081      12483  1028.6055  1028.6046     4.6263     0.0762     0.1261    34.0888    34.0876    8.34609         23 0.0000e+00
    247.000    244.299    -1.2985  27.381005    -1.2968  27.381651     6.1116     6.3246     0.0252    97.5031 1.0000e-12  -74.00372 -111.38594  43.382489      99.83 3.7463e+01    521.065      12507  1028.6124  1028.6115     4.6254     0.0769     0.1185    34.0923    34.0913    8.34290         24 0.0000e+00
    248.000    245.288    -1.2939  27.385815    -1.2933  27.385677     6.1088     6.3229     0.0187    97.3848 1.0000e-12  -74.00372 -111.38594  43.382501      99.83 3.7389e+01    522.048      12530  1028.6176  1028.6169     4.6198     0.0765     0.1178    34.0931    34.0923    8.34183         24 0.0000e+00
    249.000    246.277    -1.2917  27.388453    -1.2914  27.388075     6.1030     6.3137     0.0184    97.5245 1.0000e-12  -74.00372 -111.38594  43.382512      99.83 3.7479e+01    523.025      12554  1028.6228  1028.6220     4.6264     0.0764     0.1214    34.0937    34.0927    8.34131         23 0.0000e+00
    250.000    247.264    -1.2882  27.392308    -1.2872  27.392392     6.0926     6.3103     0.0273    97.5332 1.0000e-12  -74.00372 -111.38593  43.382523      99.83 3.7535e+01    524.015      12577  1028.6280  1028.6270     4.6268     0.0771     0.1209    34.0943    34.0932    8.34049         24 0.0000e+00
    251.000    248.254    -1.2833  27.397140    -1.2828  27.396849     6.0772     6.2970     0.0242    97.5203 1.0000e-12  -74.00372 -111.38593  43.382535      99.83 3.7252e+01    524.995      12601  1028.6328  1028.6320     4.6263     0.0804     0.1178    34.0947    34.0937    8.33936         23 0.0000e+00
    252.000    249.242    -1.2710  27.408844    -1.2708  27.408209     6.0695     6.2810     0.0800    97.5022 1.0000e-12  -74.00372 -111.38594  43.382546      99.83 3.7388e+01    525.975      12624  1028.6380  1028.6371     4.6254     0.0757     0.1205    34.0962    34.0951    8.33654         24 0.0000e+00
    253.000    250.231    -1.2634  27.416066    -1.2630  27.415650     6.0560     6.2748     0.0321    97.4766 1.0000e-12  -74.00372 -111.38594  43.382557      99.83 3.8169e+01    526.957      12648  1028.6430  1028.6422     4.6241     0.0762     0.1182    34.0968    34.0958    8.33481         23 0.0000e+00
    254.000    251.218    -1.2538  27.425600    -1.2511  27.426901     6.0463     6.2694     0.0289    97.5117 1.0000e-12  -74.00372 -111.38594  43.382569      99.83 3.7317e+01    527.929      12671  1028.6484  1028.6473     4.6258     0.0764     0.1177    34.0983    34.0971    8.33257         23 0.0000e+00
    255.000    252.207    -1.2476  27.431386    -1.2466  27.431432     6.0354     6.2553     0.0240    97.4978 1.0000e-12  -74.00372 -111.38594  43.382580      99.84 3.7094e+01    528.898      12695  1028.6532  1028.6523     4.6252     0.0736     0.1205    34.0986    34.0975    8.33118         24 0.0000e+00
    256.000    253.196    -1.2390  27.439802    -1.2380  27.439714     6.0256     6.2460     0.0340    97.3965 1.0000e-12  -74.00372 -111.38594  43.382591      96.65 3.7936e+01    529.869      12718  1028.6585  1028.6575     4.6203     0.0741     0.1230    34.0998    34.0985    8.32920         23 0.0000e+00
    257.000    254.184    -1.2332  27.445506    -1.2326  27.445216     6.0164     6.2308     0.0347    97.4945 1.0000e-12  -74.00372 -111.38594  43.382602      99.87 3.8018e+01    530.844      12741  1028.6635  1028.6626     4.6250     0.0743     0.1204    34.1004    34.0992    8.32787         23 0.0000e+00
    258.000    255.173    -1.2243  27.454350    -1.2232  27.454311     6.0070     6.2195     0.0213    97.4774 1.0000e-12  -74.00372 -111.38594  43.382614      99.83 3.7001e+01    531.811      12764  1028.6690  1028.6679     4.6242     0.0797     0.1208    34.1018    34.1005    8.32581         23 0.0000e+00
