ocean_section_plots/required_files/ctd/dnbp2202_ctd101.cnv
* Sea-Bird SBE 9 Data File:
* FileName = D:\Data\raw\NBP2202_CTD101.hex
* Software Version Seasave V 7.26.7.121
* Temperature SN = 1649
* Conductivity SN = 2513
* Number of Bytes Per Scan = 40
* Number of Voltage Words = 5
* Number of Scans Averaged by the Deck Unit = 1
* NMEA Latitude = 74 10.52 S
* NMEA Longitude = 113 20.65 W
* NMEA UTC (Time) = Jan 27 2022  02:55:26
* NMEA baud rate = 9600
** Ship: RVIB N.B. Palmer
** Cruise: NBP2202 Thwaites
** Station: YoYo001
** Operator: A. Robinson
# nquan = 25
# nvalues = 608                         
# units = specified
# name 0 = prDM: Pressure, Digiquartz [db]
# name 1 = depSM: Depth [salt water, m]
# name 2 = t090C: Temperature [ITS-90, deg C]
# name 3 = c0mS/cm: Conductivity [mS/cm]
# name 4 = t190C: Temperature, 2 [ITS-90, deg C]
# name 5 = c1mS/cm: Conductivity, 2 [mS/cm]
# name 6 = sbeox0ML/L: Oxygen, SBE 43 [ml/l]
# name 7 = sbeox1ML/L: Oxygen, SBE 43, 2 [ml/l]
# name 8 = flECO-AFL: Fluorescence, WET Labs ECO-AFL/FL [mg/m^3]
# name 9 = CStarTr0: Beam Transmission, WET Labs C-Star [%]
# name 10 = par: PAR/Irradiance, Biospherical/Licor
# name 11 = latitude: Latitude [deg]
# name 12 = longitude: Longitude [deg]
# name 13 = timeJ: Julian Days
# name 14 = altM: Altimeter [m]
# name 15 = spar: SPAR, Biospherical/Licor
# name 16 = timeS: Time, Elapsed [seconds]
# name 17 = scan: Scan Count
# name 18 = density00: Density [density, kg/m^3]
# name 19 = density11: Density, 2 [density, kg/m^3]
# name 20 = sal00: Salinity, Practical [PSU]
# name 21 = sal11: Salinity, Practical, 2 [PSU]
# name 22 = oxsolML/L: Oxygen Saturation, Garcia & Gordon [ml/l]
# name 23 = nbin: number of scans per bin
# name 24 = flag: flag
# span 0 =     10.000,    617.000       
# span 1 =      9.897,    609.704       
# span 2 =    -1.4977,     0.0641       
# span 3 =  26.950125,  28.899444       
# span 4 =    -1.4958,     0.0666       
# span 5 =  26.790773,  28.745307       
# span 6 =     4.6898,     9.1232       
# span 7 =     4.7340,     9.0724       
# span 8 =    -0.0290,    26.4938       
# span 9 =    68.4121,    95.5504       
# span 10 = 1.0000e-12, 1.8235e+01      
# span 11 =  -74.17536,  -74.17536      
# span 12 = -113.34426, -113.34424      
# span 13 =  27.122391,  27.130899      
# span 14 =       7.73,      99.99      
# span 15 = 6.4466e+02, 9.3905e+02      
# span 16 =     48.559,    783.666      
# span 17 =       1166,      18809      
# span 18 =  1027.1957,  1030.5201      
# span 19 =  1027.0124,  1030.3552      
# span 20 =    33.7771,    34.3757      
# span 21 =    33.5506,    34.1699      
# span 22 =    8.03183,    8.40361      
# span 23 =         20,         45      
# span 24 = 0.0000e+00, 0.0000e+00      
# interval = decibars: 1                
# start_time = Jan 27 2022 02:55:26 [NMEA time, header]
# bad_flag = -9.990e-29
*END*
[from data line 348]
    358.000    353.988    -0.3659  28.300448    -0.3638  28.133724     4.8320     4.8864    -0.0121    95.2016 1.0000e-12  -74.17536 -113.34424  27.127432      99.87 6.6284e+02    484.082      11619  1029.1937  1029.0125    34.2155    33.9907    8.13189         23 0.0000e+00
    359.000    354.977    -0.3604  28.306937    -0.3580  28.140759     4.8318     4.8872    -0.0110    95.2072 1.0000e-12  -74.17536 -113.34424  27.127443      99.86 6.6358e+02    485.072      11643  1029.1997  1029.0189    34.2173    33.9930    8.13060         24 0.0000e+00
    360.000    355.965    -0.3597  28.308644    -0.3578  28.142341     4.8323     4.8888    -0.0120    95.1922 1.0000e-12  -74.17536 -113.34424  27.127454      99.87 6.6520e+02    486.063      11667  1029.2055  1029.0250    34.2183    33.9943    8.13041         24 0.0000e+00
    361.000    356.952    -0.3503  28.321996    -0.3470  28.155598     4.8269     4.8884    -0.0123    95.1932 1.0000e-12  -74.17536 -113.34424  27.127466      99.87 6.6651e+02    487.060      11690  1029.2149  1029.0331    34.2249    33.9993    8.12801         24 0.0000e+00
    362.000    357.940    -0.3426  28.329940    -0.3404  28.163331     4.8264     4.8772    -0.0120    95.1805 1.0000e-12  -74.17536 -113.34424  27.127477      99.86 6.6804e+02    488.054      11714  1029.2204  1029.0394    34.2263    34.0017    8.12630         24 0.0000e+00
    363.000    358.928    -0.3357  28.337448    -0.3340  28.170282     4.8204     4.8786    -0.0129    95.1930 1.0000e-12  -74.17536 -113.34424  27.127489      99.87 6.6899e+02    489.044      11738  1029.2262  1029.0451    34.2280    34.0032    8.12473         24 0.0000e+00
    364.000    359.916    -0.3351  28.338604    -0.3332  28.172130     4.8176     4.8716    -0.0169    95.1761 1.0000e-12  -74.17536 -113.34424  27.127500      99.86 6.7102e+02    490.029      11762  1029.2313  1029.0508    34.2282    34.0042    8.12458         23 0.0000e+00
    365.000    360.904    -0.3305  28.343539    -0.3294  28.176241     4.8106     4.8761    -0.0126    95.1654 1.0000e-12  -74.17536 -113.34424  27.127512      99.87 6.7275e+02    491.015      11785  1029.2366  1029.0559    34.2291    34.0048    8.12356         24 0.0000e+00
    366.000    361.892    -0.3284  28.345789    -0.3277  28.178172     4.8124     4.8760    -0.0179    95.1850 1.0000e-12  -74.17536 -113.34424  27.127523      82.75 6.7396e+02    492.005      11809  1029.2413  1029.0607    34.2291    34.0049    8.12310         23 0.0000e+00
    367.000    362.879    -0.3280  28.346856    -0.3258  28.180492     4.8140     4.8661    -0.0113    95.1672 1.0000e-12  -74.17536 -113.34424  27.127535      96.79 6.7542e+02    492.994      11833  1029.2464  1029.0658    34.2294    34.0052    8.12299         24 0.0000e+00
    368.000    363.869    -0.3245  28.350749    -0.3227  28.183982     4.8086     4.8589    -0.0095    95.1506 1.0000e-12  -74.17536 -113.34424  27.127546      99.86 6.7673e+02    493.995      11857  1029.2516  1029.0710    34.2302    34.0059    8.12221         25 0.0000e+00
    369.000    364.855    -0.3254  28.350349    -0.3227  28.184534     4.8088     4.8675    -0.0052    95.1568 1.0000e-12  -74.17536 -113.34424  27.127558      99.87 6.7779e+02    494.995      11881  1029.2564  1029.0759    34.2300    34.0060    8.12241         23 0.0000e+00
    370.000    365.844    -0.3267  28.349303    -0.3239  28.183871     4.8136     4.8700    -0.0089    95.1279 1.0000e-12  -74.17536 -113.34424  27.127569      99.86 6.7893e+02    495.976      11904  1029.2610  1029.0808    34.2295    34.0059    8.12272         24 0.0000e+00
    371.000    366.831    -0.3273  28.349523    -0.3257  28.182716     4.8215     4.8733    -0.0140    95.1331 1.0000e-12  -74.17536 -113.34424  27.127581      99.87 6.7943e+02    496.960      11928  1029.2661  1029.0856    34.2298    34.0057    8.12282         24 0.0000e+00
    372.000    367.820    -0.3280  28.349329    -0.3267  28.182605     4.8283     4.8756    -0.0150    95.1290 1.0000e-12  -74.17536 -113.34424  27.127592      99.86 6.8038e+02    497.942      11952  1029.2710  1029.0908    34.2298    34.0061    8.12298         23 0.0000e+00
    373.000    368.807    -0.3280  28.350385    -0.3255  28.184502     4.8294     4.8745    -0.0120    95.1161 1.0000e-12  -74.17536 -113.34424  27.127603      99.87 6.8047e+02    498.929      11975  1029.2765  1029.0960    34.2307    34.0067    8.12294         24 0.0000e+00
    374.000    369.794    -0.3264  28.352738    -0.3252  28.185419     4.8260     4.8750    -0.0092    95.1117 1.0000e-12  -74.17536 -113.34424  27.127615      99.86 6.8047e+02    499.935      11999  1029.2818  1029.1011    34.2314    34.0070    8.12255         24 0.0000e+00
    375.000    370.783    -0.3216  28.358974    -0.3214  28.190680     4.8233     4.8751    -0.0028    95.1290 1.0000e-12  -74.17536 -113.34424  27.127627      99.87 6.8040e+02    500.944      12024  1029.2880  1029.1073    34.2337    34.0092    8.12139         24 0.0000e+00
    376.000    371.770    -0.3183  28.363017    -0.3171  28.195714     4.8205     4.8733    -0.0177    95.1289 1.0000e-12  -74.17536 -113.34424  27.127638      99.86 6.7974e+02    501.931      12047  1029.2934  1029.1128    34.2348    34.0105    8.12062         24 0.0000e+00
    377.000    372.759    -0.3138  28.367658    -0.3131  28.199972     4.8135     4.8707    -0.0110    95.1200 1.0000e-12  -74.17536 -113.34424  27.127649      99.87 6.7888e+02    502.903      12071  1029.2983  1029.1178    34.2353    34.0112    8.11963         23 0.0000e+00
    378.000    373.746    -0.3150  28.367139    -0.3125  28.201307     4.8104     4.8637    -0.0109    95.1278 1.0000e-12  -74.17536 -113.34424  27.127661      99.87 6.7879e+02    503.874      12094  1029.3032  1029.1230    34.2354    34.0117    8.11989         23 0.0000e+00
    379.000    374.735    -0.3106  28.371541    -0.3092  28.204653     4.8058     4.8619    -0.0156    95.1300 1.0000e-12  -74.17536 -113.34424  27.127672      79.70 6.7820e+02    504.850      12117  1029.3080  1029.1277    34.2357    34.0119    8.11893         24 0.0000e+00
    380.000    375.721    -0.3105  28.372114    -0.3087  28.205518     4.8024     4.8659    -0.0137    95.1278 1.0000e-12  -74.17536 -113.34424  27.127683      90.04 6.7771e+02    505.839      12141  1029.3127  1029.1324    34.2357    34.0119    8.11890         23 0.0000e+00
    381.000    376.710    -0.3049  28.378120    -0.3043  28.210536     4.8015     4.8637    -0.0153    95.1362 1.0000e-12  -74.17536 -113.34424  27.127695      52.74 6.7829e+02    506.846      12165  1029.3180  1029.1377    34.2369    34.0130    8.11765         25 0.0000e+00
    382.000    377.698    -0.3021  28.381230    -0.3003  28.214878     4.8036     4.8597    -0.0144    95.1267 1.0000e-12  -74.17536 -113.34424  27.127707      99.90 6.7702e+02    507.855      12190  1029.3229  1029.1429    34.2373    34.0138    8.11702         24 0.0000e+00
    383.000    378.685    -0.3000  28.383981    -0.2979  28.217724     4.8030     4.8562    -0.0111    95.1406 1.0000e-12  -74.17536 -113.34424  27.127718      99.87 6.7702e+02    508.848      12213  1029.3281  1029.1478    34.2380    34.0142    8.11654         24 0.0000e+00
    384.000    379.673    -0.2978  28.386636    -0.2961  28.220245     4.7977     4.8569    -0.0118    95.1434 1.0000e-12  -74.17536 -113.34424  27.127730      99.86 6.7695e+02    509.832      12237  1029.3332  1029.1532    34.2385    34.0151    8.11604         23 0.0000e+00
    385.000    380.661    -0.2915  28.394239    -0.2894  28.227514     4.7975     4.8564    -0.0117    95.1633 1.0000e-12  -74.17536 -113.34424  27.127741      99.87 6.7614e+02    510.815      12261  1029.3394  1029.1587    34.2409    34.0167    8.11456         24 0.0000e+00
    386.000    381.649    -0.2848  28.401659    -0.2823  28.235649     4.7948     4.8494    -0.0168    95.1685 1.0000e-12  -74.17536 -113.34424  27.127752      99.87 6.7519e+02    511.806      12284  1029.3450  1029.1647    34.2427    34.0189    8.11302         24 0.0000e+00
    387.000    382.637    -0.2812  28.406242    -0.2788  28.239864     4.7932     4.8473    -0.0105    95.1878 1.0000e-12  -74.17536 -113.34424  27.127764      99.86 6.7525e+02    512.809      12308  1029.3508  1029.1703    34.2442    34.0201    8.11218         24 0.0000e+00
    388.000    383.624    -0.2720  28.417784    -0.2698  28.250940     4.7921     4.8479    -0.0104    95.1987 1.0000e-12  -74.17536 -113.34424  27.127776      99.87 6.7518e+02    513.818      12333  1029.3584  1029.1776    34.2487    34.0243    8.10997         24 0.0000e+00
    389.000    384.612    -0.2630  28.427541    -0.2606  28.261374     4.7912     4.8409    -0.0178    95.2202 1.0000e-12  -74.17536 -113.34424  27.127787      99.86 6.7540e+02    514.817      12357  1029.3643  1029.1841    34.2509    34.0272    8.10792         24 0.0000e+00
    390.000    385.602    -0.2619  28.428794    -0.2600  28.262509     4.7914     4.8436    -0.0132    95.2265 1.0000e-12  -74.17536 -113.34424  27.127799      99.86 6.7672e+02    515.808      12380  1029.3690  1029.1891    34.2508    34.0274    8.10770         24 0.0000e+00
    391.000    386.588    -0.2609  28.430562    -0.2576  28.265065     4.7823     4.8459    -0.0109    95.2476 1.0000e-12  -74.17536 -113.34424  27.127810      79.69 6.7710e+02    516.795      12404  1029.3742  1029.1939    34.2514    34.0276    8.10744         23 0.0000e+00
    392.000    387.575    -0.2497  28.442348    -0.2477  28.275353     4.7794     4.8418    -0.0101    95.2641 1.0000e-12  -74.17536 -113.34424  27.127821      81.48 6.7827e+02    517.773      12428  1029.3801  1029.1995    34.2539    34.0296    8.10491         24 0.0000e+00
    393.000    388.563    -0.2451  28.447625    -0.2430  28.280949     4.7732     4.8349    -0.0144    95.2939 1.0000e-12  -74.17536 -113.34424  27.127833      92.78 6.8045e+02    518.763      12451  1029.3857  1029.2053    34.2553    34.0313    8.10388         24 0.0000e+00
    394.000    389.551    -0.2329  28.461963    -0.2304  28.294978     4.7723     4.8326    -0.0179    95.3024 1.0000e-12  -74.17536 -113.34424  27.127844      98.49 6.8248e+02    519.754      12475  1029.3933  1029.2124    34.2600    34.0354    8.10100         23 0.0000e+00
    395.000    390.539    -0.2247  28.470957    -0.2228  28.304039     4.7746     4.8316    -0.0175    95.3212 1.0000e-12  -74.17536 -113.34424  27.127856      99.89 6.8514e+02    520.745      12499  1029.3993  1029.2190    34.2622    34.0383    8.09914         24 0.0000e+00
    396.000    391.526    -0.2166  28.480821    -0.2146  28.313367     4.7688     4.8267    -0.0116    95.3317 1.0000e-12  -74.17536 -113.34424  27.127867      99.87 6.8813e+02    521.737      12523  1029.4062  1029.2253    34.2657    34.0409    8.09722         24 0.0000e+00
    397.000    392.515    -0.2128  28.485110    -0.2109  28.318244     4.7651     4.8313    -0.0092    95.3690 1.0000e-12  -74.17536 -113.34424  27.127879      99.87 6.9206e+02    522.724      12546  1029.4115  1029.2313    34.2665    34.0427    8.09637         24 0.0000e+00
    398.000    393.502    -0.2105  28.488149    -0.2086  28.321162     4.7686     4.8282    -0.0176    95.3933 1.0000e-12  -74.17536 -113.34424  27.127890      99.87 6.9582e+02    523.707      12570  1029.4169  1029.2366    34.2674    34.0435    8.09583         24 0.0000e+00
    399.000    394.491    -0.2067  28.492974    -0.2046  28.326049     4.7686     4.8227    -0.0103    95.4108 1.0000e-12  -74.17536 -113.34424  27.127902      99.87 6.9974e+02    524.696      12594  1029.4227  1029.2423    34.2689    34.0449    8.09493         23 0.0000e+00
    400.000    395.478    -0.2041  28.496209    -0.2023  28.329250     4.7683     4.8266     0.0015    95.4251 1.0000e-12  -74.17536 -113.34424  27.127913      99.86 7.0282e+02    525.693      12618  1029.4280  1029.2479    34.2698    34.0459    8.09434         24 0.0000e+00
    401.000    396.465    -0.2030  28.497898    -0.2012  28.331023     4.7739     4.8299    -0.0050    95.4510 1.0000e-12  -74.17536 -113.34424  27.127925      99.86 7.0674e+02    526.699      12642  1029.4331  1029.2530    34.2701    34.0465    8.09408         24 0.0000e+00
    402.000    397.453    -0.2011  28.500564    -0.1992  28.333672     4.7765     4.8281    -0.0153    95.4708 1.0000e-12  -74.17536 -113.34424  27.127936      99.86 7.1043e+02    527.705      12666  1029.4384  1029.2584    34.2710    34.0472    8.09363         25 0.0000e+00
    403.000    398.442    -0.2002  28.502326    -0.1981  28.335760     4.7703     4.8256    -0.0174    95.4764 1.0000e-12  -74.17536 -113.34424  27.127948      99.86 7.1355e+02    528.712      12690  1029.4437  1029.2639    34.2717    34.0482    8.09339         24 0.0000e+00
    404.000    399.428    -0.1990  28.504092    -0.1971  28.337380     4.7739     4.8260    -0.0154    95.4637 1.0000e-12  -74.17536 -113.34424  27.127960      99.87 7.1595e+02    529.703      12714  1029.4489  1029.2689    34.2721    34.0486    8.09312         23 0.0000e+00
    405.000    400.417    -0.1979  28.505917    -0.1958  28.339227     4.7758     4.8294    -0.0110    95.4819 1.0000e-12  -74.17536 -113.34424  27.127971      99.86 7.1852e+02    530.688      12738  1029.4540  1029.2740    34.2727    34.0491    8.09286         24 0.0000e+00
    406.000    401.403    -0.1964  28.508157    -0.1940  28.341836     4.7771     4.8348    -0.0112    95.4804 1.0000e-12  -74.17536 -113.34424  27.127982      94.62 7.2057e+02    531.673      12761  1029.4592  1029.2794    34.2734    34.0499    8.09249         23 0.0000e+00
    407.000    402.392    -0.2001  28.505702    -0.1982  28.339366     4.7795     4.8385    -0.0175    95.4743 1.0000e-12  -74.17536 -113.34424  27.127994      99.40 7.2229e+02    532.658      12785  1029.4647  1029.2852    34.2737    34.0508    8.09327         24 0.0000e+00
    408.000    403.380    -0.2008  28.505559    -0.1998  28.338379     4.7851     4.8439    -0.0184    95.4701 1.0000e-12  -74.17536 -113.34424  27.128005      99.86 7.2373e+02    533.642      12808  1029.4695  1029.2900    34.2737    34.0506    8.09342         24 0.0000e+00
    409.000    404.367    -0.2056  28.501640    -0.2042  28.335078     4.7923     4.8440    -0.0102    95.4558 1.0000e-12  -74.17536 -113.34424  27.128016      99.86 7.2546e+02    534.625      12832  1029.4744  1029.2951    34.2733    34.0505    8.09446         23 0.0000e+00
    410.000    405.354    -0.2125  28.496321    -0.2109  28.329977     4.7933     4.8424    -0.0034    95.4690 1.0000e-12  -74.17536 -113.34424  27.128028      99.87 7.2748e+02    535.604      12855  1029.4798  1029.3005    34.2733    34.0506    8.09591         24 0.0000e+00
    411.000    406.342    -0.2144  28.495218    -0.2126  28.328920     4.7919     4.8469    -0.0138    95.4479 1.0000e-12  -74.17536 -113.34424  27.128039      99.86 7.2838e+02    536.584      12879  1029.4848  1029.3054    34.2734    34.0506    8.09632         23 0.0000e+00
    412.000    407.330    -0.2156  28.494697    -0.2134  28.328784     4.7985     4.8543    -0.0127    95.4523 1.0000e-12  -74.17536 -113.34424  27.128051      99.87 7.2982e+02    537.578      12903  1029.4896  1029.3102    34.2735    34.0507    8.09657         25 0.0000e+00
    413.000    408.319    -0.2144  28.496323    -0.2120  28.330542     4.7879     4.8452    -0.0147    95.4308 1.0000e-12  -74.17536 -113.34424  27.128062      99.87 7.2990e+02    538.585      12927  1029.4944  1029.3150    34.2737    34.0508    8.09630         24 0.0000e+00
    414.000    409.307    -0.2135  28.497772    -0.2120  28.331332     4.7794     4.8320    -0.0187    95.4004 1.0000e-12  -74.17536 -113.34424  27.128074      99.87 7.3145e+02    539.601      12951  1029.4993  1029.3201    34.2740    34.0513    8.09609         24 0.0000e+00
