ocean_section_plots/required_files/ctd/dnbp2202_ctd106.cnv
* Sea-Bird SBE 9 Data File:
* FileName = D:\Data\raw\NBP2202_CTD106.hex
* Software Version Seasave V 7.26.7.121
* Temperature SN = 1649
* Conductivity SN = 2513
* Number of Bytes Per Scan = 40
* Number of Voltage Words = 5
* Number of Scans Averaged by the Deck Unit = 1
* NMEA Latitude = 74 10.52 S
* NMEA Longitude = 113 20.65 W
* NMEA UTC (Time) = Jan 27 2022  05:12:13
* NMEA baud rate = 9600
** Ship: RVIB N.B. Palmer
** Cruise: NBP2202 Thwaites
** Station: YoYo001
** Operator: B. Bjork
# nquan = 25
# nvalues = 608                         
# units = specified
# name 0 = prDM: Pressure, Digiquartz [db]
# name 1 = depSM: Depth [salt water, m]
# name 2 = t090C: Temperature [ITS-90, deg C]
# name 3 = c0mS/cm: Conductivity [mS/cm]
# name 4 = t190C: Temperature, 2 [ITS-90, deg C]
# name 5 = c1mS/cm: Conductivity, 2 [mS/cm]
# name 6 = sbeox0ML/L: Oxygen, SBE 43 [ml/l]
# name 7 = sbeox1ML/L: Oxygen, SBE 43, 2 [ml/l]
# name 8 = flECO-AFL: Fluorescence, WET Labs ECO-AFL/FL [mg/m^3]
# name 9 = CStarTr0: Beam Transmission, WET Labs C-Star [%]
# name 10 = par: PAR/Irradiance, Biospherical/Licor
# name 11 = latitude: Latitude [deg]
# name 12 = longitude: Longitude [deg]
# name 13 = timeJ: Julian Days
# name 14 = altM: Altimeter [m]
# name 15 = spar: SPAR, Biospherical/Licor
# name 16 = timeS: Time, Elapsed [seconds]
# name 17 = scan: Scan Count
# name 18 = density00: Density [density, kg/m^3]
# name 19 = density11: Density, 2 [density, kg/m^3]
# name 20 = sal00: Salinity, Practical [PSU]
# name 21 = sal11: Salinity, Practical, 2 [PSU]
# name 22 = oxsolML/L: Oxygen Saturation, Garcia & Gordon [ml/l]
# name 23 = nbin: number of scans per bin
# name 24 = flag: flag
# span 0 =     10.000,    617.000       
# span 1 =      9.895,    609.705       
# span 2 =    -1.4663,     0.1186       
# span 3 =  26.974400,  28.955167       
# span 4 =    -1.4649,     0.1211       
# span 5 =  26.974055,  28.955093       
# span 6 =     4.6945,     8.6103       
# span 7 =     4.7602,     8.5805       
# span 8 =    -0.0227,    26.5336       
# span 9 =    68.7015,    95.5594       
# span 10 = 1.0000e-12, 3.3747e+00      
# span 11 =  -74.17536,  -74.17536      
# span 12 = -113.34426, -113.34422      
# span 13 =  27.217190,  27.226454      
# span 14 =       7.93,     100.00      
# span 15 = 1.2777e+02, 1.4456e+02      
# span 16 =     32.210,    832.642      
# span 17 =        774,      19984      
# span 18 =  1027.2292,  1030.5264      
# span 19 =  1027.2290,  1030.5243      
# span 20 =    33.7930,    34.3884      
# span 21 =    33.7918,    34.3855      
# span 22 =    8.01969,    8.39684      
# span 23 =         23,         47      
# span 24 = 0.0000e+00, 0.0000e+00      
# interval = decibars: 1                
# start_time = Jan 27 2022 05:12:13 [NMEA time, header]
# bad_flag = -9.990e-29
*END*
[from data line 348]
    358.000    353.990    -0.3569  28.311914    -0.3547  28.311723     4.8507     4.9306    -0.0050    95.0517 1.0000e-12  -74.17536 -113.34422  27.222744      99.87 1.3633e+02    512.061      12290  1029.1984  1029.1961    34.2207    34.2180    8.12967         24 0.0000e+00
    359.000    354.976    -0.3506  28.318862    -0.3484  28.318573     4.8629     4.9367    -0.0109    95.0906 1.0000e-12  -74.17536 -113.34422  27.222756      99.87 1.3672e+02    513.078      12315  1029.2041  1029.2016    34.2223    34.2194    8.12823         25 0.0000e+00
    360.000    355.965    -0.3523  28.318516    -0.3499  28.318694     4.8839     4.9499    -0.0126    95.1075 1.0000e-12  -74.17536 -113.34422  27.222768      99.87 1.3699e+02    514.108      12340  1029.2098  1029.2077    34.2232    34.2207    8.12855         24 0.0000e+00
    361.000    356.952    -0.3582  28.314674    -0.3555  28.315180     4.8851     4.9575    -0.0112    95.1145 1.0000e-12  -74.17536 -113.34422  27.222779      99.87 1.3573e+02    515.136      12364  1029.2159  1029.2138    34.2241    34.2216    8.12976         25 0.0000e+00
    362.000    357.939    -0.3632  28.311221    -0.3617  28.310574     4.8708     4.9430    -0.0114    94.9674 1.0000e-12  -74.17536 -113.34422  27.222791      99.87 1.3603e+02    516.150      12389  1029.2214  1029.2193    34.2244    34.2219    8.13080         24 0.0000e+00
    363.000    358.929    -0.3459  28.330230    -0.3436  28.329380     4.8514     4.9272    -0.0184    95.0983 1.0000e-12  -74.17536 -113.34422  27.222803      99.87 1.3625e+02    517.150      12413  1029.2291  1029.2259    34.2298    34.2260    8.12680         24 0.0000e+00
    364.000    359.916    -0.3237  28.352352    -0.3249  28.348185     4.8360     4.9158    -0.0050    95.1938 1.0000e-12  -74.17536 -113.34422  27.222814      88.90 1.3574e+02    518.141      12436  1029.2353  1029.2321    34.2338    34.2296    8.12184         24 0.0000e+00
    365.000    360.904    -0.3107  28.364933    -0.3088  28.364290     4.8281     4.9070    -0.0025    94.9265 1.0000e-12  -74.17536 -113.34422  27.222826      77.39 1.3611e+02    519.148      12461  1029.2403  1029.2379    34.2354    34.2325    8.11896         24 0.0000e+00
    366.000    361.893    -0.3102  28.366198    -0.3098  28.364019     4.8288     4.9057    -0.0089    93.4962 1.0000e-12  -74.17536 -113.34422  27.222838      92.02 1.3638e+02    520.173      12485  1029.2458  1029.2430    34.2360    34.2326    8.11884         25 0.0000e+00
    367.000    362.879    -0.3028  28.373516    -0.3007  28.373203     4.8301     4.9043    -0.0118    94.0000 1.0000e-12  -74.17536 -113.34422  27.222850      99.59 1.3574e+02    521.208      12510  1029.2507  1029.2483    34.2367    34.2340    8.11720         25 0.0000e+00
    368.000    363.868    -0.3032  28.373562    -0.3016  28.372787     4.8234     4.8992    -0.0021    94.9894 1.0000e-12  -74.17536 -113.34422  27.222862      99.87 1.3574e+02    522.240      12535  1029.2556  1029.2532    34.2367    34.2338    8.11729         24 0.0000e+00
    369.000    364.856    -0.3016  28.375687    -0.2998  28.375071     4.8233     4.9002    -0.0033    95.2112 1.0000e-12  -74.17536 -113.34422  27.222873      99.87 1.3574e+02    523.250      12559  1029.2606  1029.2582    34.2371    34.2342    8.11692         25 0.0000e+00
    370.000    365.844    -0.3023  28.375261    -0.3007  28.374478     4.8259     4.8986    -0.0148    95.1831 1.0000e-12  -74.17536 -113.34422  27.222885      99.87 1.3574e+02    524.251      12583  1029.2654  1029.2629    34.2368    34.2339    8.11711         24 0.0000e+00
    371.000    366.830    -0.3033  28.374614    -0.3010  28.374557     4.8322     4.9042    -0.0165    95.2297 1.0000e-12  -74.17536 -113.34422  27.222896      99.87 1.3574e+02    525.247      12607  1029.2700  1029.2677    34.2364    34.2338    8.11733         24 0.0000e+00
    372.000    367.820    -0.3023  28.376023    -0.3004  28.375664     4.8281     4.9050    -0.0120    95.2574 1.0000e-12  -74.17536 -113.34422  27.222908      99.86 1.3574e+02    526.263      12631  1029.2749  1029.2726    34.2366    34.2339    8.11711         24 0.0000e+00
    373.000    368.807    -0.2968  28.382550    -0.2937  28.383038     4.8231     4.9000    -0.0106    95.2719 1.0000e-12  -74.17536 -113.34422  27.222920      99.87 1.3574e+02    527.284      12656  1029.2807  1029.2783    34.2384    34.2357    8.11582         25 0.0000e+00
    374.000    369.795    -0.2926  28.387114    -0.2908  28.386537     4.8230     4.8988    -0.0113    95.2726 1.0000e-12  -74.17536 -113.34422  27.222932      99.87 1.3574e+02    528.305      12680  1029.2858  1029.2835    34.2392    34.2365    8.11488         24 0.0000e+00
    375.000    370.782    -0.2918  28.388277    -0.2898  28.388095     4.8235     4.9016    -0.0030    95.2906 1.0000e-12  -74.17536 -113.34422  27.222944      99.87 1.3574e+02    529.331      12705  1029.2907  1029.2885    34.2394    34.2368    8.11472         25 0.0000e+00
    376.000    371.771    -0.2928  28.387869    -0.2909  28.387413     4.8209     4.9031    -0.0100    95.3099 1.0000e-12  -74.17536 -113.34422  27.222955      99.87 1.3574e+02    530.337      12729  1029.2956  1029.2932    34.2393    34.2366    8.11493         24 0.0000e+00
    377.000    372.759    -0.2927  28.388475    -0.2909  28.387966     4.8244     4.8949    -0.0113    95.3123 1.0000e-12  -74.17536 -113.34422  27.222967      99.86 1.3574e+02    531.337      12753  1029.3005  1029.2981    34.2394    34.2366    8.11491         24 0.0000e+00
    378.000    373.746    -0.2926  28.389044    -0.2906  28.388764     4.8195     4.8904    -0.0183    95.3368 1.0000e-12  -74.17536 -113.34422  27.222979      78.61 1.3574e+02    532.347      12777  1029.3053  1029.3031    34.2394    34.2369    8.11487         24 0.0000e+00
    379.000    374.734    -0.2881  28.395164    -0.2850  28.395679     4.8147     4.8956    -0.0068    94.2595 1.0000e-12  -74.17536 -113.34422  27.222990      94.43 1.3574e+02    533.352      12801  1029.3117  1029.3093    34.2419    34.2392    8.11377         24 0.0000e+00
    380.000    375.722    -0.2847  28.399358    -0.2828  28.398781     4.8188     4.8950    -0.0077    94.7736 1.0000e-12  -74.17536 -113.34422  27.223002      99.91 1.3574e+02    534.362      12826  1029.3171  1029.3147    34.2431    34.2402    8.11298         24 0.0000e+00
    381.000    376.710    -0.2821  28.402604    -0.2801  28.402148     4.8169     4.8901    -0.0130    95.3699 1.0000e-12  -74.17536 -113.34422  27.223014      99.87 1.3574e+02    535.377      12850  1029.3224  1029.3200    34.2439    34.2411    8.11238         25 0.0000e+00
    382.000    377.697    -0.2812  28.404285    -0.2795  28.403478     4.8182     4.8898    -0.0168    95.3617 1.0000e-12  -74.17536 -113.34422  27.223025      99.87 1.3574e+02    536.392      12874  1029.3277  1029.3251    34.2446    34.2416    8.11216         24 0.0000e+00
    383.000    378.685    -0.2790  28.407356    -0.2768  28.407082     4.8183     4.8901    -0.0169    95.3455 1.0000e-12  -74.17536 -113.34422  27.223037      99.86 1.3574e+02    537.403      12899  1029.3331  1029.3307    34.2456    34.2428    8.11163         24 0.0000e+00
    384.000    379.674    -0.2720  28.415358    -0.2702  28.414472     4.8179     4.8931    -0.0074    95.3213 1.0000e-12  -74.17536 -113.34422  27.223049      99.86 1.3574e+02    538.424      12923  1029.3391  1029.3364    34.2478    34.2446    8.11002         24 0.0000e+00
    385.000    380.660    -0.2663  28.421362    -0.2647  28.420633     4.8128     4.8913    -0.0057    95.3031 1.0000e-12  -74.17536 -113.34424  27.223061      99.86 1.3574e+02    539.441      12948  1029.3442  1029.3419    34.2488    34.2460    8.10874         26 0.0000e+00
    386.000    381.650    -0.2655  28.422534    -0.2631  28.422567     4.8098     4.8905    -0.0133    95.2869 1.0000e-12  -74.17536 -113.34422  27.223072      99.86 1.3574e+02    540.458      12972  1029.3491  1029.3467    34.2489    34.2463    8.10858         24 0.0000e+00
    387.000    382.637    -0.2559  28.433501    -0.2536  28.432978     4.8135     4.8792    -0.0181    95.2866 1.0000e-12  -74.17536 -113.34424  27.223084      99.86 1.3574e+02    541.472      12996  1029.3556  1029.3528    34.2521    34.2488    8.10634         24 0.0000e+00
    388.000    383.624    -0.2462  28.444290    -0.2443  28.443794     4.8084     4.8806    -0.0104    95.2802 1.0000e-12  -74.17536 -113.34424  27.223096      99.87 1.3574e+02    542.481      13021  1029.3620  1029.3596    34.2551    34.2522    8.10412         24 0.0000e+00
    389.000    384.613    -0.2454  28.445830    -0.2433  28.445529     4.8114     4.8849    -0.0018    95.2899 1.0000e-12  -74.17536 -113.34424  27.223108      99.86 1.3574e+02    543.490      13045  1029.3671  1029.3648    34.2556    34.2528    8.10391         24 0.0000e+00
    390.000    385.600    -0.2451  28.446831    -0.2431  28.446265     4.8164     4.8898    -0.0106    95.3247 1.0000e-12  -74.17536 -113.34424  27.223119      76.89 1.3574e+02    544.503      13069  1029.3723  1029.3698    34.2559    34.2530    8.10382         25 0.0000e+00
    391.000    386.585    -0.2459  28.446856    -0.2435  28.446946     4.8202     4.8917    -0.0114    95.3566 1.0000e-12  -74.17536 -113.34424  27.223131      88.14 1.3574e+02    545.528      13094  1029.3775  1029.3752    34.2563    34.2537    8.10398         24 0.0000e+00
    392.000    387.577    -0.2476  28.446453    -0.2450  28.446634     4.8194     4.8914    -0.0165    95.4023 1.0000e-12  -74.17536 -113.34424  27.223143      97.04 1.3574e+02    546.552      13118  1029.3830  1029.3807    34.2570    34.2544    8.10429         25 0.0000e+00
    393.000    388.564    -0.2475  28.447238    -0.2457  28.446699     4.8165     4.8929    -0.0069    95.4182 1.0000e-12  -74.17536 -113.34424  27.223155      99.85 1.3574e+02    547.578      13143  1029.3881  1029.3858    34.2574    34.2547    8.10426         25 0.0000e+00
    394.000    389.551    -0.2472  28.448175    -0.2451  28.447839     4.8200     4.8927    -0.0089    95.4090 1.0000e-12  -74.17536 -113.34424  27.223167      99.87 1.3574e+02    548.593      13167  1029.3931  1029.3907    34.2577    34.2549    8.10417         24 0.0000e+00
    395.000    390.539    -0.2426  28.452989    -0.2416  28.451509     4.8202     4.8908    -0.0149    95.4195 1.0000e-12  -74.17536 -113.34424  27.223178      99.86 1.3557e+02    549.591      13191  1029.3980  1029.3956    34.2583    34.2553    8.10315         24 0.0000e+00
    396.000    391.526    -0.2410  28.455858    -0.2393  28.455298     4.8331     4.9037    -0.0144    95.3881 1.0000e-12  -74.17536 -113.34424  27.223190      99.86 1.3538e+02    550.585      13215  1029.4039  1029.4016    34.2598    34.2572    8.10274         24 0.0000e+00
    397.000    392.515    -0.2481  28.451373    -0.2463  28.450550     4.8410     4.9093    -0.0138    95.3885 1.0000e-12  -74.17536 -113.34424  27.223201      99.87 1.3581e+02    551.590      13239  1029.4103  1029.4078    34.2611    34.2581    8.10416         24 0.0000e+00
    398.000    393.502    -0.2470  28.453536    -0.2449  28.453353     4.8291     4.8979    -0.0136    95.3915 1.0000e-12  -74.17536 -113.34424  27.223213      99.87 1.3512e+02    552.607      13264  1029.4159  1029.4137    34.2623    34.2596    8.10388         25 0.0000e+00
    399.000    394.490    -0.2474  28.454474    -0.2452  28.454156     4.8314     4.8979    -0.0063    95.3238 1.0000e-12  -74.17536 -113.34424  27.223225      99.86 1.3559e+02    553.636      13288  1029.4215  1029.4191    34.2633    34.2605    8.10389         24 0.0000e+00
    400.000    395.479    -0.2313  28.470876    -0.2285  28.470852     4.8302     4.9021    -0.0162    95.3473 1.0000e-12  -74.17536 -113.34424  27.223237      99.87 1.3567e+02    554.669      13313  1029.4275  1029.4248    34.2665    34.2634    8.10029         25 0.0000e+00
    401.000    396.465    -0.2352  28.468223    -0.2331  28.468126     4.8244     4.8971    -0.0044    95.3637 1.0000e-12  -74.17536 -113.34424  27.223249      99.87 1.3443e+02    555.682      13337  1029.4328  1029.4307    34.2668    34.2642    8.10111         24 0.0000e+00
    402.000    397.454    -0.2378  28.467571    -0.2352  28.467703     4.8239     4.8962    -0.0187    95.3660 1.0000e-12  -74.17536 -113.34424  27.223260      99.87 1.3479e+02    556.688      13362  1029.4390  1029.4366    34.2682    34.2655    8.10157         24 0.0000e+00
    403.000    398.440    -0.2167  28.487736    -0.2150  28.486886     4.8129     4.8928    -0.0094    95.3519 1.0000e-12  -74.17536 -113.34424  27.223272      91.89 1.3590e+02    557.699      13386  1029.4441  1029.4414    34.2708    34.2677    8.09695         24 0.0000e+00
    404.000    399.428    -0.2157  28.489555    -0.2136  28.489018     4.8010     4.8849    -0.0117    95.3401 1.0000e-12  -74.17536 -113.34424  27.223284      82.24 1.3492e+02    558.703      13410  1029.4493  1029.4468    34.2715    34.2685    8.09670         24 0.0000e+00
    405.000    400.418    -0.2088  28.497465    -0.2072  28.496300     4.7981     4.8727    -0.0047    95.3317 1.0000e-12  -74.17536 -113.34424  27.223295      94.95 1.3468e+02    559.714      13434  1029.4554  1029.4525    34.2737    34.2703    8.09512         25 0.0000e+00
    406.000    401.403    -0.1932  28.513064    -0.1900  28.513459     4.7913     4.8625    -0.0148    95.3501 1.0000e-12  -74.17536 -113.34424  27.223307      99.91 1.3590e+02    560.738      13459  1029.4609  1029.4582    34.2763    34.2732    8.09164         24 0.0000e+00
    407.000    402.392    -0.1901  28.516393    -0.1882  28.515847     4.7930     4.8675    -0.0133    95.3668 1.0000e-12  -74.17536 -113.34424  27.223319      99.87 1.3468e+02    561.753      13483  1029.4658  1029.4634    34.2767    34.2738    8.09097         25 0.0000e+00
    408.000    403.380    -0.1835  28.523585    -0.1826  28.522024     4.7955     4.8763    -0.0062    95.3617 1.0000e-12  -74.17536 -113.34424  27.223331      99.87 1.3450e+02    562.762      13507  1029.4714  1029.4689    34.2783    34.2752    8.08949         24 0.0000e+00
    409.000    404.366    -0.1836  28.524158    -0.1820  28.523547     4.8017     4.8794    -0.0074    95.4014 1.0000e-12  -74.17536 -113.34424  27.223342      99.87 1.3559e+02    563.771      13532  1029.4764  1029.4743    34.2785    34.2759    8.08948         24 0.0000e+00
    410.000    405.356    -0.1889  28.520329    -0.1874  28.519639     4.8005     4.8841    -0.0114    95.4101 1.0000e-12  -74.17536 -113.34424  27.223354      99.86 1.3470e+02    564.784      13556  1029.4820  1029.4799    34.2788    34.2762    8.09060         24 0.0000e+00
    411.000    406.342    -0.1940  28.516526    -0.1932  28.515467     4.8026     4.8799    -0.0150    95.4277 1.0000e-12  -74.17536 -113.34424  27.223366      99.87 1.3504e+02    565.797      13580  1029.4874  1029.4855    34.2789    34.2765    8.09168         25 0.0000e+00
    412.000    407.331    -0.1973  28.515316    -0.1951  28.514974     4.7921     4.8701    -0.0200    95.4448 1.0000e-12  -74.17536 -113.34424  27.223378      99.86 1.3559e+02    566.818      13605  1029.4936  1029.4911    34.2803    34.2774    8.09228         25 0.0000e+00
    413.000    408.317    -0.1914  28.522102    -0.1890  28.521976     4.7871     4.8650    -0.0175    95.4592 1.0000e-12  -74.17536 -113.34423  27.223389      99.87 1.3458e+02    567.843      13629  1029.4993  1029.4968    34.2822    34.2793    8.09094         24 0.0000e+00
    414.000    409.306    -0.1868  28.527135    -0.1844  28.526956     4.7870     4.8585    -0.0116    95.4216 1.0000e-12  -74.17536 -113.34422  27.223401      99.86 1.3479e+02    568.859      13654  1029.5044  1029.5019    34.2830    34.2801    8.08990         24 0.0000e+00
