ocean_section_plots/required_files/ctd/dnbp2202_ctd253.cnv
* Sea-Bird SBE 9 Data File:
* FileName = D:\Data\raw\NBP2202_CTD253.hex
* Software Version Seasave V 7.26.7.121
* Temperature SN = 1649
* Conductivity SN = 2513
* Number of Bytes Per Scan = 40
* Number of Voltage Words = 5
* Number of Scans Averaged by the Deck Unit = 1
* NMEA Latitude = 74 00.88 S
* NMEA Longitude = 117 52.23 W
* NMEA UTC (Time) = Feb 15 2022  17:08:04
* NMEA baud rate = 9600
** Ship: RVIB N.B. Palmer
** Cruise: NBP2202 Thwaites
** Station: 161
** Operator: A. Robinson
# nquan = 28
# nvalues = 979                         
# units = specified
# name 0 = prDM: Pressure, Digiquartz [db]
# name 1 = depSM: Depth [salt water, m]
# name 2 = t090C: Temperature [ITS-90, deg C]
# name 3 = c0mS/cm: Conductivity [mS/cm]
# name 4 = t190C: Temperature, 2 [ITS-90, deg C]
# name 5 = c1mS/cm: Conductivity, 2 [mS/cm]
# name 6 = sbeox0ML/L: Oxygen, SBE 43 [ml/l]
# name 7 = sbeox1ML/L: Oxygen, SBE 43, 2 [ml/l]
# name 8 = flECO-AFL: Fluorescence, WET Labs ECO-AFL/FL [mg/m^3]
# name 9 = CStarTr0: Beam Transmission, WET Labs C-Star [%]
# name 10 = par: PAR/Irradiance, Biospherical/Licor
# name 11 = latitude: Latitude [deg]
# name 12 = longitude: Longitude [deg]
# name 13 = timeJ: Julian Days
# name 14 = altM: Altimeter [m]
# name 15 = spar: SPAR, Biospherical/Licor
# name 16 = timeS: Time, Elapsed [seconds]
# name 17 = scan: Scan Count
# name 18 = density00: Density [density, kg/m^3]
# name 19 = density11: Density, 2 [density, kg/m^3]
# name 20 = v3: Voltage 3
# name 21 = v4: Voltage 4
# name 22 = v5: Voltage 5
# name 23 = sal00: Salinity, Practical [PSU]
# name 24 = sal11: Salinity, Practical, 2 [PSU]
# name 25 = oxsolML/L: Oxygen Saturation, Garcia & Gordon [ml/l]
# name 26 = nbin: number of scans per bin
# name 27 = flag: flag
# span 0 =      2.000,    980.000       
# span 1 =      1.956,    967.587       
# span 2 =    -1.7653,     0.6801       
# span 3 =  27.012256,  29.733692       
# span 4 =    -1.7645,     0.6825       
# span 5 =  27.012152,  29.733793       
# span 6 =     4.6297,     8.8481       
# span 7 =     4.7393,     9.0137       
# span 8 =     0.0138,     9.0336       
# span 9 =    85.9917,    96.5920       
# span 10 = -3.644e-05, 2.6732e+02      
# span 11 =  -74.01468,  -74.01466      
# span 12 = -117.87053, -117.87049      
# span 13 =  46.716720,  46.730871      
# span 14 =       4.08,     100.04      
# span 15 = 5.7064e+02, 6.2570e+02      
# span 16 =    240.550,   1463.291      
# span 17 =       5774,      35120      
# span 18 =  1027.1880,  1032.3249      
# span 19 =  1027.1896,  1032.3225      
# span 20 =     4.0796,     4.5822      
# span 21 =     0.0669,     1.8746      
# span 22 =     0.1112,     0.2270      
# span 23 =    33.8332,    34.5717      
# span 24 =    33.8332,    34.5691      
# span 25 =    7.89379,    8.44779      
# span 26 =          1,         45      
# span 27 = 0.0000e+00, 0.0000e+00      
# interval = decibars: 1                
# start_time = Feb 15 2022 17:08:04 [NMEA time, header]
# bad_flag = -9.990e-29
*END*
[from data line 674]
    676.000    667.919     0.3936  29.303649     0.3972  29.304605     4.7623     4.8826     0.1687    96.0532 1.0000e-12  -74.01468 -117.87050  46.726200      99.87 6.0291e+02   1059.665      25433  1030.8750  1030.8724     4.5567     0.0956     0.1232    34.5035    34.5007    7.95620         24 0.0000e+00
    677.000    668.906     0.3968  29.307336     0.3994  29.307265     4.7583     4.8769     0.1179    96.0559 1.0000e-12  -74.01468 -117.87050  46.726211      99.86 6.0291e+02   1060.668      25457  1030.8800  1030.8774     4.5567     0.0986     0.1181    34.5042    34.5012    7.95551         24 0.0000e+00
    678.000    669.892     0.4007  29.311781     0.4033  29.311663     4.7592     4.8726     0.1651    96.0812 1.0000e-12  -74.01468 -117.87050  46.726223      99.87 6.0291e+02   1061.651      25481  1030.8851  1030.8824     4.5580     0.0951     0.1160    34.5051    34.5021    7.95466         25 0.0000e+00
    679.000    670.879     0.4008  29.312211     0.4035  29.312243     4.7555     4.8758     0.1710    95.7825 1.0000e-12  -74.01468 -117.87050  46.726234      99.87 6.0291e+02   1062.655      25505  1030.8897  1030.8871     4.5439     0.0862     0.1161    34.5049    34.5020    7.95463         24 0.0000e+00
    680.000    671.865     0.4014  29.313274     0.4037  29.312939     4.7581     4.8778     0.1675    96.0617 1.0000e-12  -74.01468 -117.87050  46.726246      99.86 6.0291e+02   1063.674      25529  1030.8945  1030.8919     4.5570     0.0868     0.1168    34.5051    34.5021    7.95450         24 0.0000e+00
    681.000    672.852     0.4028  29.315200     0.4054  29.315010     4.7584     4.8800     0.2265    96.1424 1.0000e-12  -74.01468 -117.87050  46.726258      99.87 6.0291e+02   1064.709      25554  1030.8994  1030.8967     4.5609     0.0927     0.1182    34.5055    34.5024    7.95420         25 0.0000e+00
    682.000    673.837     0.4045  29.317324     0.4074  29.317456     4.7590     4.8770     0.3181    96.1027 1.0000e-12  -74.01468 -117.87050  46.726270      99.86 6.0291e+02   1065.765      25579  1030.9042  1030.9015     4.5590     0.0852     0.1170    34.5058    34.5027    7.95383         26 0.0000e+00
    683.000    674.824     0.4056  29.318828     0.4086  29.319078     4.7551     4.8780     0.2704    96.1548 1.0000e-12  -74.01468 -117.87050  46.726283      99.87 6.0291e+02   1066.814      25605  1030.9090  1030.9064     4.5615     0.0891     0.1179    34.5059    34.5029    7.95359         25 0.0000e+00
    684.000    675.810     0.4084  29.322375     0.4105  29.321543     4.7565     4.8716     0.1592    96.1048 1.0000e-12  -74.01468 -117.87050  46.726294      82.90 6.0291e+02   1067.841      25629  1030.9142  1030.9113     4.5591     0.0853     0.1167    34.5069    34.5035    7.95297         24 0.0000e+00
    685.000    676.798     0.4104  29.324709     0.4128  29.324366     4.7565     4.8756     0.1726    95.8999 1.0000e-12  -74.01468 -117.87050  46.726306      86.81 6.0291e+02   1068.851      25653  1030.9188  1030.9162     4.5494     0.0846     0.1177    34.5071    34.5039    7.95254         24 0.0000e+00
    686.000    677.785     0.4118  29.326496     0.4145  29.326543     4.7552     4.8746     0.2165    96.0632 1.0000e-12  -74.01468 -117.87050  46.726318      99.79 6.0291e+02   1069.869      25678  1030.9236  1030.9211     4.5571     0.0862     0.1185    34.5073    34.5043    7.95224         25 0.0000e+00
    687.000    678.768     0.4148  29.329956     0.4174  29.329898     4.7488     4.8713     0.1657    96.1997 1.0000e-12  -74.01468 -117.87050  46.726330      99.87 6.0291e+02   1070.924      25703  1030.9285  1030.9260     4.5636     0.0990     0.1208    34.5078    34.5049    7.95158         26 0.0000e+00
    688.000    679.758     0.4159  29.331514     0.4192  29.332053     4.7493     4.8758     0.2721    96.1314 1.0000e-12  -74.01468 -117.87050  46.726342      99.87 6.0291e+02   1071.980      25729  1030.9334  1030.9307     4.5603     0.0922     0.1187    34.5082    34.5052    7.95136         25 0.0000e+00
    689.000    680.744     0.4168  29.332954     0.4194  29.332823     4.7482     4.8702     0.2659    96.1627 1.0000e-12  -74.01468 -117.87050  46.726354      99.86 6.0291e+02   1073.006      25753  1030.9383  1030.9355     4.5618     0.1323     0.1246    34.5085    34.5053    7.95116         24 0.0000e+00
    690.000    681.729     0.4210  29.337777     0.4255  29.339335     4.7429     4.8639     0.3864    96.0008 1.0000e-12  -74.01468 -117.87049  46.726366      99.87 6.0291e+02   1074.004      25777  1030.9434  1030.9406     4.5542     0.0942     0.1215    34.5095    34.5065    7.95023         24 0.0000e+00
    691.000    682.716     0.4279  29.344833     0.4303  29.344527     4.7507     4.8679     0.1284    96.0969 1.0000e-12  -74.01468 -117.87049  46.726378      99.87 6.0291e+02   1075.020      25801  1030.9481  1030.9456     4.5587     0.0861     0.1189    34.5104    34.5074    7.94875         25 0.0000e+00
    692.000    683.702     0.4298  29.347115     0.4316  29.346220     4.7505     4.8681     0.1702    96.2075 1.0000e-12  -74.01468 -117.87050  46.726390      99.86 6.0291e+02   1076.066      25827  1030.9529  1030.9503     4.5640     0.0955     0.1176    34.5107    34.5075    7.94834         25 0.0000e+00
    693.000    684.688     0.4294  29.347153     0.4316  29.346636     4.7487     4.8691     0.0986    96.2437 1.0000e-12  -74.01468 -117.87050  46.726402      99.87 6.0291e+02   1077.107      25852  1030.9576  1030.9550     4.5656     0.0851     0.1157    34.5106    34.5075    7.94843         24 0.0000e+00
    694.000    685.674     0.4288  29.346956     0.4312  29.346746     4.7482     4.8684     0.1061    96.0763 1.0000e-12  -74.01468 -117.87050  46.726414      99.87 6.0291e+02   1078.139      25876  1030.9624  1030.9598     4.5577     0.0908     0.1220    34.5105    34.5075    7.94857         25 0.0000e+00
    695.000    686.662     0.4303  29.349045     0.4329  29.348850     4.7476     4.8575     0.1583    96.0939 1.0000e-12  -74.01468 -117.87050  46.726425      99.86 6.0291e+02   1079.158      25901  1030.9673  1030.9647     4.5586     0.0953     0.1189    34.5109    34.5078    7.94824         25 0.0000e+00
    696.000    687.647     0.4338  29.353385     0.4371  29.353791     4.7419     4.8621     0.1143    96.1574 1.0000e-12  -74.01468 -117.87050  46.726437      99.87 6.0291e+02   1080.182      25925  1030.9726  1030.9698     4.5616     0.0864     0.1169    34.5121    34.5089    7.94744         24 0.0000e+00
    697.000    688.634     0.4428  29.362656     0.4450  29.362100     4.7410     4.8641     0.0867    96.1692 1.0000e-12  -74.01468 -117.87050  46.726449      86.83 6.0291e+02   1081.207      25950  1030.9776  1030.9749     4.5622     0.0882     0.1170    34.5136    34.5104    7.94551         25 0.0000e+00
    698.000    689.620     0.4486  29.368879     0.4514  29.368867     4.7324     4.8623     0.2063    96.1962 1.0000e-12  -74.01468 -117.87050  46.726461      96.83 6.0291e+02   1082.219      25974  1030.9827  1030.9799     4.5634     0.0907     0.1167    34.5147    34.5115    7.94427         24 0.0000e+00
    699.000    690.607     0.4498  29.370366     0.4525  29.370350     4.7382     4.8585     0.2270    96.2514 1.0000e-12  -74.01468 -117.87050  46.726472      99.74 6.0291e+02   1083.214      25998  1030.9873  1030.9847     4.5660     0.1060     0.1168    34.5147    34.5117    7.94401         24 0.0000e+00
    700.000    691.592     0.4498  29.370834     0.4521  29.370364     4.7340     4.8645     0.0998    96.2724 1.0000e-12  -74.01468 -117.87050  46.726484      99.86 6.0291e+02   1084.221      26022  1030.9921  1030.9894     4.5670     0.0838     0.1171    34.5147    34.5116    7.94401         24 0.0000e+00
    701.000    692.578     0.4533  29.374969     0.4551  29.373847     4.7327     4.8619     0.0890    96.2535 1.0000e-12  -74.01468 -117.87050  46.726496      99.86 6.0291e+02   1085.283      26048  1030.9972  1030.9944     4.5661     0.0849     0.1155    34.5156    34.5122    7.94324         27 0.0000e+00
    702.000    693.566     0.4568  29.378933     0.4596  29.378920     4.7328     4.8566     0.1114    96.1698 1.0000e-12  -74.01468 -117.87050  46.726509      99.87 6.0291e+02   1086.354      26073  1031.0022  1030.9994     4.5622     0.0868     0.1183    34.5164    34.5132    7.94248         25 0.0000e+00
    703.000    694.551     0.4688  29.391738     0.4715  29.391257     4.7316     4.8511     0.0961    96.1685 1.0000e-12  -74.01468 -117.87050  46.726521      99.87 6.0291e+02   1087.394      26098  1031.0079  1031.0048     4.5621     0.0854     0.1156    34.5191    34.5155    7.93987         24 0.0000e+00
    704.000    695.537     0.4793  29.401981     0.4817  29.401691     4.7325     4.8540     0.0945    96.2548 1.0000e-12  -74.01468 -117.87050  46.726532      99.86 6.0291e+02   1088.401      26123  1031.0125  1031.0097     4.5662     0.1024     0.1178    34.5202    34.5171    7.93765         24 0.0000e+00
    705.000    696.526     0.4786  29.401645     0.4811  29.401473     4.7343     4.8572     0.0845    96.1588 1.0000e-12  -74.01468 -117.87050  46.726544      99.87 6.0291e+02   1089.396      26147  1031.0171  1031.0146     4.5617     0.0877     0.1165    34.5199    34.5170    7.93780         24 0.0000e+00
    706.000    697.509     0.4845  29.408375     0.4878  29.408653     4.7318     4.8484     0.0849    96.0721 1.0000e-12  -74.01468 -117.87050  46.726556      99.87 6.0291e+02   1090.407      26171  1031.0225  1031.0197     4.5576     0.0857     0.1176    34.5215    34.5183    7.93650         25 0.0000e+00
    707.000    698.498     0.4857  29.409634     0.4886  29.409838     4.7335     4.8487     0.0878    96.2419 1.0000e-12  -74.01468 -117.87050  46.726568      99.87 6.0299e+02   1091.456      26196  1031.0270  1031.0244     4.5655     0.1068     0.1211    34.5213    34.5183    7.93627         25 0.0000e+00
    708.000    699.482     0.4890  29.413388     0.4913  29.412942     4.7311     4.8509     0.1275    96.2995 1.0000e-12  -74.01468 -117.87050  46.726580      99.87 6.0455e+02   1092.511      26221  1031.0320  1031.0293     4.5683     0.0885     0.1177    34.5220    34.5188    7.93557         25 0.0000e+00
    709.000    700.469     0.4912  29.416189     0.4948  29.416987     4.7324     4.8529     0.1201    96.0653 1.0000e-12  -74.01468 -117.87050  46.726592      85.27 6.0411e+02   1093.536      26246  1031.0371  1031.0344     4.5573     0.0883     0.1161    34.5226    34.5196    7.93508         25 0.0000e+00
    710.000    701.456     0.4953  29.420646     0.4979  29.420645     4.7273     4.8493     0.1069    96.2107 1.0000e-12  -74.01468 -117.87050  46.726604      77.74 6.0474e+02   1094.550      26270  1031.0419  1031.0395     4.5641     0.0918     0.1160    34.5232    34.5204    7.93420         24 0.0000e+00
    711.000    702.440     0.4983  29.424433     0.5010  29.424295     4.7279     4.8404     0.1089    96.2998 1.0000e-12  -74.01468 -117.87050  46.726615      91.62 6.0444e+02   1095.555      26294  1031.0472  1031.0445     4.5683     0.0805     0.1173    34.5242    34.5211    7.93352         24 0.0000e+00
    712.000    703.429     0.4994  29.425935     0.5024  29.426315     4.7252     4.8423     0.1324    96.2690 1.0000e-12  -74.01468 -117.87050  46.726627      99.68 6.0467e+02   1096.586      26319  1031.0521  1031.0494     4.5669     0.0826     0.1156    34.5245    34.5215    7.93330         25 0.0000e+00
    713.000    704.415     0.5054  29.432737     0.5072  29.431733     4.7263     4.8439     0.1243    96.2618 1.0000e-12  -74.01468 -117.87050  46.726639      99.87 6.0467e+02   1097.641      26344  1031.0574  1031.0547     4.5665     0.0894     0.1164    34.5260    34.5227    7.93197         25 0.0000e+00
    714.000    705.401     0.5062  29.433733     0.5082  29.433117     4.7240     4.8401     0.1034    96.0923 1.0000e-12  -74.01468 -117.87050  46.726652      99.87 6.0467e+02   1098.695      26370  1031.0620  1031.0594     4.5585     0.0869     0.1157    34.5258    34.5229    7.93182         26 0.0000e+00
    715.000    706.386     0.5078  29.435720     0.5102  29.435459     4.7241     4.8405     0.0915    96.0881 1.0000e-12  -74.01468 -117.87050  46.726663      99.86 6.0467e+02   1099.723      26394  1031.0667  1031.0642     4.5584     0.0971     0.1165    34.5261    34.5231    7.93148         24 0.0000e+00
    716.000    707.375     0.5087  29.437029     0.5114  29.436952     4.7195     4.8403     0.1129    96.2674 1.0000e-12  -74.01468 -117.87050  46.726675      99.87 6.0467e+02   1100.730      26419  1031.0715  1031.0688     4.5667     0.0853     0.1177    34.5262    34.5231    7.93128         24 0.0000e+00
    717.000    708.360     0.5109  29.439506     0.5134  29.439286     4.7233     4.8417     0.1326    96.2993 1.0000e-12  -74.01468 -117.87050  46.726687      99.87 6.0467e+02   1101.724      26442  1031.0761  1031.0735     4.5683     0.0870     0.1155    34.5264    34.5234    7.93082         24 0.0000e+00
    718.000    709.345     0.5111  29.440142     0.5140  29.440332     4.7200     4.8312     0.0987    96.3133 1.0000e-12  -74.01468 -117.87050  46.726698      99.87 6.0467e+02   1102.724      26466  1031.0809  1031.0784     4.5690     0.0876     0.1148    34.5265    34.5235    7.93079         24 0.0000e+00
    719.000    710.332     0.5117  29.441216     0.5145  29.441227     4.7190     4.8350     0.1423    96.3267 1.0000e-12  -74.01468 -117.87050  46.726710      99.86 6.0467e+02   1103.749      26491  1031.0857  1031.0830     4.5696     0.0834     0.1153    34.5266    34.5235    7.93065         25 0.0000e+00
    720.000    711.319     0.5135  29.443567     0.5178  29.445159     4.7175     4.8382     0.1682    96.3503 1.0000e-12  -74.01468 -117.87050  46.726722      99.87 6.0467e+02   1104.783      26516  1031.0907  1031.0881     4.5707     0.0840     0.1163    34.5271    34.5244    7.93025         25 0.0000e+00
    721.000    712.305     0.5202  29.450885     0.5233  29.451074     4.7130     4.8372     0.1134    96.1971 1.0000e-12  -74.01468 -117.87050  46.726734      99.87 6.0467e+02   1105.826      26541  1031.0959  1031.0931     4.5635     0.0918     0.1184    34.5285    34.5254    7.92879         25 0.0000e+00
    722.000    713.291     0.5211  29.452034     0.5239  29.452197     4.7168     4.8259     0.3064    96.1816 1.0000e-12  -74.01468 -117.87051  46.726746      97.84 6.0467e+02   1106.867      26566  1031.1005  1031.0979     4.5628     0.0863     0.1177    34.5285    34.5255    7.92862         25 0.0000e+00
    723.000    714.277     0.5228  29.454089     0.5253  29.454047     4.7189     4.8318     0.2426    96.1910 1.0000e-12  -74.01468 -117.87051  46.726758      96.39 6.0467e+02   1107.891      26590  1031.1052  1031.1027     4.5632     0.0893     0.1134    34.5288    34.5259    7.92827         24 0.0000e+00
    724.000    715.264     0.5223  29.454040     0.5247  29.453850     4.7191     4.8374     0.1132    95.9220 1.0000e-12  -74.01468 -117.87051  46.726770      99.36 6.0467e+02   1108.901      26615  1031.1100  1031.1075     4.5505     0.0863     0.1174    34.5287    34.5257    7.92837         25 0.0000e+00
    725.000    716.250     0.5207  29.453026     0.5231  29.452851     4.7162     4.8375     0.1365    95.9860 1.0000e-12  -74.01468 -117.87051  46.726781      99.86 6.0467e+02   1109.920      26639  1031.1147  1031.1122     4.5534     0.0887     0.1155    34.5285    34.5256    7.92870         24 0.0000e+00
