ocean_section_plots/required_files/ctd/dnbp2202_ctd283.cnv
* Sea-Bird SBE 9 Data File:
* FileName = D:\Data\raw\NBP2202_CTD283.hex
* Software Version Seasave V 7.26.7.121
* Temperature SN = 1649
* Conductivity SN = 2513
* Number of Bytes Per Scan = 40
* Number of Voltage Words = 5
* Number of Scans Averaged by the Deck Unit = 1
* NMEA Latitude = 74 08.10 S
* NMEA Longitude = 115 33.38 W
* NMEA UTC (Time) = Feb 22 2022  09:10:02
* NMEA baud rate = 9600
** Ship: RVIB N.B. Palmer
** Cruise: NBP2202 Thwaites
** Station: 185
** Operator: B. Bjork
# nquan = 28
# nvalues = 964                         
# units = specified
# name 0 = prDM: Pressure, Digiquartz [db]
# name 1 = depSM: Depth [salt water, m]
# name 2 = t090C: Temperature [ITS-90, deg C]
# name 3 = c0mS/cm: Conductivity [mS/cm]
# name 4 = t190C: Temperature, 2 [ITS-90, deg C]
# name 5 = c1mS/cm: Conductivity, 2 [mS/cm]
# name 6 = sbeox0ML/L: Oxygen, SBE 43 [ml/l]
# name 7 = sbeox1ML/L: Oxygen, SBE 43, 2 [ml/l]
# name 8 = flECO-AFL: Fluorescence, WET Labs ECO-AFL/FL [mg/m^3]
# name 9 = CStarTr0: Beam Transmission, WET Labs C-Star [%]
# name 10 = par: PAR/Irradiance, Biospherical/Licor
# name 11 = latitude: Latitude [deg]
# name 12 = longitude: Longitude [deg]
# name 13 = timeJ: Julian Days
# name 14 = altM: Altimeter [m]
# name 15 = spar: SPAR, Biospherical/Licor
# name 16 = timeS: Time, Elapsed [seconds]
# name 17 = scan: Scan Count
# name 18 = density00: Density [density, kg/m^3]
# name 19 = density11: Density, 2 [density, kg/m^3]
# name 20 = v3: Voltage 3
# name 21 = v4: Voltage 4
# name 22 = v5: Voltage 5
# name 23 = sal00: Salinity, Practical [PSU]
# name 24 = sal11: Salinity, Practical, 2 [PSU]
# name 25 = oxsolML/L: Oxygen Saturation, Garcia & Gordon [ml/l]
# name 26 = nbin: number of scans per bin
# name 27 = flag: flag
# span 0 =      2.000,    965.000       
# span 1 =      1.979,    952.803       
# span 2 =    -1.8288,     0.5239       
# span 3 =  26.911987,  29.579917       
# span 4 =    -1.8284,     0.5264       
# span 5 =  26.912388,  29.580503       
# span 6 =     4.5072,     9.1427       
# span 7 =     4.6144,     9.3898       
# span 8 =     0.1744,    10.1976       
# span 9 =    89.6797,    98.3055       
# span 10 = 1.0000e-12, 4.0970e-01      
# span 11 =  -74.13500,  -74.13500      
# span 12 = -115.55645, -115.55640      
# span 13 =  53.384776,  53.398019      
# span 14 =       3.05,     101.16      
# span 15 = 1.4099e+01, 2.6200e+01      
# span 16 =    242.644,   1386.807      
# span 17 =       5824,      33284      
# span 18 =  1027.1721,  1032.2582      
# span 19 =  1027.1735,  1032.2565      
# span 20 =     4.2544,     4.6635      
# span 21 =     0.0932,     1.4466      
# span 22 =     0.1091,     0.2808      
# span 23 =    33.8035,    34.5581      
# span 24 =    33.8058,    34.5560      
# span 25 =    7.92642,    8.46474      
# span 26 =         22,         57      
# span 27 = 0.0000e+00, 0.0000e+00      
# interval = decibars: 1                
# start_time = Feb 22 2022 09:10:02 [NMEA time, header]
# bad_flag = -9.990e-29
*END*
[from data line 415]
    417.000    412.269    -1.7739  27.098980    -1.7728  27.099265     6.5197     6.6982     0.5635    97.1947 1.0000e-12  -74.13500 -115.55642  53.390539      99.87 2.5636e+01    740.528      17774  1029.4841  1029.4833     4.6107     0.1815     0.1156    34.1404    34.1395    8.44738         26 0.0000e+00
    418.000    413.258    -1.7741  27.099839    -1.7729  27.100084     6.5219     6.6966     0.5605    97.1842 1.0000e-12  -74.13500 -115.55642  53.390551      99.86 2.6172e+01    741.605      17800  1029.4895  1029.4887     4.6103     0.1810     0.1146    34.1412    34.1401    8.44737         27 0.0000e+00
    419.000    414.244    -1.7741  27.100331    -1.7730  27.100561     6.5234     6.6893     0.6772    97.2789 1.0000e-12  -74.13500 -115.55642  53.390564      99.87 2.4832e+01    742.733      17827  1029.4944  1029.4936     4.6147     0.1871     0.1136    34.1412    34.1403    8.44737         27 0.0000e+00
    420.000    415.232    -1.7741  27.100797    -1.7729  27.101017     6.5272     6.6912     0.7856    97.2931 1.0000e-12  -74.13500 -115.55642  53.390577      77.52 2.5854e+01    743.877      17854  1029.4992  1029.4983     4.6155     0.1860     0.1136    34.1412    34.1402    8.44737         26 0.0000e+00
    421.000    416.220    -1.7740  27.101569    -1.7729  27.101787     6.5231     6.6951     0.9159    97.2201 1.0000e-12  -74.13500 -115.55642  53.390590      86.67 2.5921e+01    744.960      17880  1029.5042  1029.5034     4.6119     0.1982     0.1131    34.1416    34.1406    8.44733         27 0.0000e+00
    422.000    417.208    -1.7739  27.102238    -1.7728  27.102516     6.5228     6.6969     0.7707    96.9535 1.0000e-12  -74.13500 -115.55642  53.390603      98.27 2.4892e+01    746.067      17907  1029.5092  1029.5084     4.5994     0.1931     0.1121    34.1418    34.1409    8.44729         27 0.0000e+00
    423.000    418.196    -1.7737  27.103095    -1.7727  27.103292     6.5196     6.6941     0.5922    97.0654 1.0000e-12  -74.13500 -115.55642  53.390616      99.87 2.5270e+01    747.214      17934  1029.5142  1029.5134     4.6047     0.2142     0.1121    34.1422    34.1412    8.44723         27 0.0000e+00
    424.000    419.183    -1.7736  27.104126    -1.7724  27.104342     6.5220     6.6937     0.7877    97.2295 1.0000e-12  -74.13500 -115.55642  53.390629      99.87 2.4816e+01    748.313      17961  1029.5195  1029.5186     4.6124     0.1677     0.1145    34.1428    34.1417    8.44715         26 0.0000e+00
    425.000    420.169    -1.7732  27.105416    -1.7720  27.105702     6.5231     6.6963     0.9417    97.0643 1.0000e-12  -74.13500 -115.55642  53.390641      99.87 2.3762e+01    749.421      17987  1029.5249  1029.5240     4.6046     0.1723     0.1109    34.1435    34.1426    8.44703         27 0.0000e+00
    426.000    421.160    -1.7727  27.106603    -1.7716  27.106893     6.5274     6.7020     0.6958    96.9365 1.0000e-12  -74.13500 -115.55642  53.390655      99.87 2.6146e+01    750.556      18014  1029.5300  1029.5292     4.5985     0.1828     0.1137    34.1440    34.1431    8.44688         27 0.0000e+00
    427.000    422.145    -1.7721  27.107922    -1.7708  27.108273     6.5285     6.7041     0.6408    97.2337 1.0000e-12  -74.13500 -115.55642  53.390667      99.86 2.5761e+01    751.658      18041  1029.5351  1029.5343     4.6126     0.1617     0.1137    34.1444    34.1435    8.44671         26 0.0000e+00
    428.000    423.134    -1.7712  27.109473    -1.7700  27.109766     6.5113     6.7007     0.7695    97.2318 1.0000e-12  -74.13500 -115.55642  53.390680      99.87 2.4077e+01    752.760      18067  1029.5402  1029.5394     4.6125     0.1933     0.1204    34.1450    34.1440    8.44648         27 0.0000e+00
    429.000    424.121    -1.7709  27.110245    -1.7697  27.110499     6.5252     6.6910     0.9378    97.3720 1.0000e-12  -74.13500 -115.55642  53.390693      99.87 2.5814e+01    753.891      18094  1029.5452  1029.5443     4.6192     0.1726     0.1175    34.1451    34.1441    8.44641         27 0.0000e+00
    430.000    425.109    -1.7698  27.112137    -1.7686  27.112369     6.5289     6.6898     0.7252    97.2865 1.0000e-12  -74.13500 -115.55642  53.390706      99.87 2.5900e+01    754.972      18120  1029.5504  1029.5496     4.6151     0.1668     0.1139    34.1458    34.1448    8.44611         26 0.0000e+00
    431.000    426.097    -1.7680  27.114647    -1.7667  27.114895     6.5185     6.6947     0.6342    97.0990 1.0000e-12  -74.13500 -115.55642  53.390718      99.87 2.5497e+01    756.055      18146  1029.5557  1029.5548     4.6063     0.2046     0.1230    34.1466    34.1455    8.44565         26 0.0000e+00
    432.000    427.084    -1.7654  27.117768    -1.7642  27.117979     6.5136     6.6875     0.8213    97.2317 1.0000e-12  -74.13500 -115.55642  53.390731      73.86 2.4938e+01    757.174      18173  1029.5609  1029.5600     4.6125     0.1939     0.1117    34.1473    34.1462    8.44501         27 0.0000e+00
    433.000    428.070    -1.7649  27.118668    -1.7637  27.118928     6.5211     6.6861     0.8930    97.1600 1.0000e-12  -74.13500 -115.55642  53.390744      96.69 2.5621e+01    758.257      18199  1029.5658  1029.5649     4.6091     0.1721     0.1126    34.1474    34.1464    8.44489         26 0.0000e+00
    434.000    429.059    -1.7646  27.119424    -1.7634  27.119776     6.5194     6.6931     0.6151    96.9741 1.0000e-12  -74.13500 -115.55642  53.390756      99.32 2.5531e+01    759.348      18225  1029.5707  1029.5699     4.6003     0.1640     0.1118    34.1475    34.1466    8.44482         27 0.0000e+00
    435.000    430.048    -1.7636  27.121057    -1.7624  27.121358     6.5198     6.6964     0.5691    97.2293 1.0000e-12  -74.13500 -115.55642  53.390769      99.86 2.5145e+01    760.478      18252  1029.5758  1029.5749     4.6124     0.1682     0.1152    34.1481    34.1470    8.44457         27 0.0000e+00
    436.000    431.034    -1.7621  27.123147    -1.7609  27.123423     6.5194     6.6969     0.5684    97.2555 1.0000e-12  -74.13500 -115.55642  53.390782      99.87 2.5383e+01    761.572      18279  1029.5809  1029.5801     4.6137     0.1953     0.1169    34.1485    34.1476    8.44418         25 0.0000e+00
    437.000    432.022    -1.7602  27.125623    -1.7590  27.125973     6.5118     6.6898     0.6084    97.3775 1.0000e-12  -74.13500 -115.55642  53.390794      99.86 2.5831e+01    762.642      18304  1029.5862  1029.5853     4.6194     0.1753     0.1107    34.1493    34.1483    8.44372         26 0.0000e+00
    438.000    433.009    -1.7582  27.128202    -1.7569  27.128461     6.5202     6.6940     0.6920    97.3601 1.0000e-12  -74.13500 -115.55642  53.390808      99.87 2.3319e+01    763.775      18332  1029.5913  1029.5904     4.6186     0.1970     0.1127    34.1499    34.1488    8.44322         27 0.0000e+00
    439.000    433.996    -1.7567  27.130336    -1.7554  27.130586     6.5195     6.6948     0.7620    97.1638 1.0000e-12  -74.13500 -115.55642  53.390820      99.87 2.4694e+01    764.887      18358  1029.5965  1029.5956     4.6093     0.1713     0.1141    34.1505    34.1494    8.44284         27 0.0000e+00
    440.000    434.986    -1.7563  27.131316    -1.7552  27.131527     6.5167     6.6956     0.5827    97.2203 1.0000e-12  -74.13500 -115.55642  53.390833      99.87 2.5343e+01    765.955      18384  1029.6016  1029.6008     4.6120     0.1970     0.1141    34.1508    34.1499    8.44274         26 0.0000e+00
    441.000    435.971    -1.7539  27.134233    -1.7525  27.134563     6.5177     6.6924     0.5190    97.3855 1.0000e-12  -74.13500 -115.55642  53.390846      99.86 2.5398e+01    767.072      18411  1029.6068  1029.6058     4.6198     0.2566     0.1172    34.1515    34.1504    8.44215         27 0.0000e+00
    442.000    436.959    -1.7499  27.138498    -1.7487  27.138688     6.5139     6.6926     0.6245    97.2569 1.0000e-12  -74.13500 -115.55642  53.390859      99.87 2.5457e+01    768.183      18437  1029.6118  1029.6109     4.6137     0.1944     0.1130    34.1521    34.1511    8.44119         25 0.0000e+00
    443.000    437.947    -1.7485  27.140334    -1.7473  27.140533     6.5123     6.6877     0.7630    97.2952 1.0000e-12  -74.13500 -115.55642  53.390871      99.88 2.5220e+01    769.241      18463  1029.6168  1029.6159     4.6156     0.1656     0.1135    34.1525    34.1514    8.44085         26 0.0000e+00
    444.000    438.934    -1.7483  27.141002    -1.7471  27.141206     6.5035     6.6875     0.6408    97.2535 1.0000e-12  -74.13500 -115.55642  53.390884      96.99 2.5202e+01    770.337      18489  1029.6218  1029.6208     4.6136     0.1729     0.1169    34.1526    34.1514    8.44081         27 0.0000e+00
    445.000    439.923    -1.7479  27.141869    -1.7468  27.142037     6.5174     6.6888     0.6070    97.4369 1.0000e-12  -74.13500 -115.55642  53.390896      90.81 2.5267e+01    771.453      18516  1029.6266  1029.6258     4.6222     0.1691     0.1101    34.1527    34.1517    8.44071         27 0.0000e+00
    446.000    440.910    -1.7466  27.143417    -1.7456  27.143579     6.5188     6.6857     0.5817    97.4513 1.0000e-12  -74.13500 -115.55642  53.390909      98.83 2.5314e+01    772.526      18542  1029.6314  1029.6306     4.6229     0.1764     0.1133    34.1527    34.1518    8.44040         25 0.0000e+00
    447.000    441.896    -1.7460  27.144498    -1.7450  27.144656     6.5145     6.6870     0.5081    97.2550 1.0000e-12  -74.13500 -115.55642  53.390921      99.86 2.4752e+01    773.612      18568  1029.6363  1029.6355     4.6136     0.1685     0.1120    34.1529    34.1520    8.44026         27 0.0000e+00
    448.000    442.886    -1.7458  27.145156    -1.7447  27.145443     6.5121     6.6889     0.6908    97.3075 1.0000e-12  -74.13500 -115.55642  53.390934      99.87 2.5742e+01    774.713      18594  1029.6412  1029.6404     4.6161     0.1732     0.1116    34.1530    34.1521    8.44021         25 0.0000e+00
    449.000    443.873    -1.7458  27.145584    -1.7446  27.145919     6.5139     6.6889     0.8429    97.5114 1.0000e-12  -74.13500 -115.55642  53.390946      99.87 2.6037e+01    775.775      18620  1029.6459  1029.6452     4.6258     0.1630     0.1129    34.1530    34.1521    8.44021         26 0.0000e+00
    450.000    444.859    -1.7466  27.145347    -1.7455  27.145511     6.5063     6.6868     0.7368    97.2565 1.0000e-12  -74.13500 -115.55642  53.390959      99.87 2.5291e+01    776.853      18645  1029.6508  1029.6499     4.6137     0.1723     0.1134    34.1530    34.1519    8.44040         26 0.0000e+00
    451.000    445.848    -1.7462  27.146097    -1.7449  27.146579     6.5049     6.6852     0.5304    97.0548 1.0000e-12  -74.13500 -115.55642  53.390972      99.87 2.5599e+01    777.977      18672  1029.6555  1029.6548     4.6042     0.1754     0.1122    34.1529    34.1521    8.44030         27 0.0000e+00
    452.000    446.835    -1.7434  27.149333    -1.7421  27.149463     6.5132     6.6825     0.5465    96.8751 1.0000e-12  -74.13500 -115.55642  53.390984      99.87 2.4478e+01    779.061      18698  1029.6606  1029.6595     4.5956     0.2259     0.1162    34.1535    34.1523    8.43962         26 0.0000e+00
    453.000    447.822    -1.7411  27.151773    -1.7399  27.151979     6.5059     6.6705     0.5139    97.3097 1.0000e-12  -74.13500 -115.55642  53.390997      99.86 2.4409e+01    780.144      18724  1029.6654  1029.6644     4.6162     0.2050     0.1130    34.1537    34.1525    8.43909         26 0.0000e+00
    454.000    448.810    -1.7338  27.159114    -1.7327  27.159090     6.4810     6.6646     0.7311    97.0948 1.0000e-12  -74.13500 -115.55642  53.391010      99.87 2.5583e+01    781.249      18751  1029.6707  1029.6696     4.6061     0.1642     0.1116    34.1549    34.1536    8.43736         26 0.0000e+00
    455.000    449.797    -1.7245  27.167881    -1.7232  27.168070     6.4793     6.6519     0.9156    97.3878 1.0000e-12  -74.13500 -115.55642  53.391022      99.87 2.4943e+01    782.327      18777  1029.6756  1029.6745     4.6200     0.1586     0.1118    34.1558    34.1545    8.43519         26 0.0000e+00
    456.000    450.784    -1.7187  27.173656    -1.7179  27.173403     6.4725     6.6505     0.6270    97.4734 1.0000e-12  -74.13500 -115.55642  53.391035      82.43 2.3172e+01    783.421      18803  1029.6806  1029.6796     4.6240     0.1545     0.1154    34.1565    34.1552    8.43382         27 0.0000e+00
    457.000    451.772    -1.7172  27.175452    -1.7172  27.174481     6.4686     6.6559     0.6847    97.4334 1.0000e-12  -74.13500 -115.55642  53.391048      88.31 2.5906e+01    784.551      18830  1029.6856  1029.6845     4.6221     0.2063     0.1091    34.1567    34.1553    8.43348         26 0.0000e+00
    458.000    452.760    -1.7121  27.180309    -1.7124  27.179094     6.4494     6.6376     0.4835    97.2173 1.0000e-12  -74.13500 -115.55642  53.391060      96.33 2.6038e+01    785.616      18856  1029.6903  1029.6893     4.6118     0.1758     0.1145    34.1570    34.1556    8.43230         26 0.0000e+00
    459.000    453.747    -1.7060  27.187128    -1.7036  27.187752     6.4332     6.6204     0.5512    97.0657 1.0000e-12  -74.13500 -115.55642  53.391073      99.81 2.4770e+01    786.669      18881  1029.6962  1029.6945     4.6046     0.1817     0.1103    34.1587    34.1569    8.43080         26 0.0000e+00
    460.000    454.735    -1.6750  27.215457    -1.6735  27.215413     6.4259     6.6104     0.6940    97.3473 1.0000e-12  -74.13500 -115.55642  53.391085      99.87 2.0719e+01    787.779      18908  1029.7015  1029.7000     4.6179     0.1536     0.1124    34.1619    34.1602    8.42356         26 0.0000e+00
    461.000    455.722    -1.6694  27.220747    -1.6680  27.221122     6.4239     6.5972     0.6576    97.0840 1.0000e-12  -74.13500 -115.55642  53.391098      99.87 2.1493e+01    788.854      18933  1029.7063  1029.7053     4.6057     0.1520     0.1116    34.1622    34.1611    8.42228         26 0.0000e+00
    462.000    456.709    -1.6608  27.229244    -1.6592  27.229427     6.4227     6.5872     0.6548    97.3844 1.0000e-12  -74.13500 -115.55642  53.391110      99.85 2.2224e+01    789.915      18959  1029.7117  1029.7103     4.6197     0.2621     0.1100    34.1635    34.1619    8.42024         26 0.0000e+00
    463.000    457.698    -1.6546  27.235141    -1.6533  27.235135     6.4085     6.5835     0.6550    97.4115 1.0000e-12  -74.13500 -115.55642  53.391123      99.87 2.4324e+01    791.012      18985  1029.7166  1029.7153     4.6211     0.1458     0.1117    34.1639    34.1624    8.41880         26 0.0000e+00
    464.000    458.684    -1.6522  27.237670    -1.6505  27.238131     6.3995     6.5805     0.5180    97.0822 1.0000e-12  -74.13500 -115.55642  53.391135      99.87 2.4341e+01    792.093      19011  1029.7215  1029.7204     4.6054     0.1597     0.1131    34.1641    34.1628    8.41826         26 0.0000e+00
    465.000    459.671    -1.6465  27.243164    -1.6451  27.243358     6.4002     6.5691     0.5002    97.4075 1.0000e-12  -74.13500 -115.55642  53.391148      99.87 2.3430e+01    793.145      19036  1029.7265  1029.7253     4.6209     0.1676     0.1125    34.1645    34.1632    8.41693         25 0.0000e+00
    466.000    460.661    -1.6395  27.249922    -1.6383  27.249829     6.4047     6.5713     0.7452    97.3199 1.0000e-12  -74.13500 -115.55642  53.391160      99.87 2.3761e+01    794.234      19063  1029.7315  1029.7303     4.6167     0.2167     0.1169    34.1652    34.1638    8.41530         27 0.0000e+00
    467.000    461.647    -1.6375  27.251982    -1.6362  27.252242     6.3955     6.5752     0.6937    97.5759 1.0000e-12  -74.13500 -115.55642  53.391173      99.86 2.3484e+01    795.324      19089  1029.7363  1029.7353     4.6288     0.2293     0.1180    34.1652    34.1641    8.41486         25 0.0000e+00
