ocean_section_plots/required_files/ctd/dnbp2202_ctd292.cnv
* Sea-Bird SBE 9 Data File:
* FileName = D:\Data\raw\NBP2202_CTD292.hex
* Software Version Seasave V 7.26.7.121
* Temperature SN = 1649
* Conductivity SN = 2513
* Number of Bytes Per Scan = 40
* Number of Voltage Words = 5
* Number of Scans Averaged by the Deck Unit = 1
* NMEA Latitude = 73 48.68 S
* NMEA Longitude = 112 45.72 W
* NMEA UTC (Time) = Feb 23 2022  22:53:07
* NMEA baud rate = 9600
** Ship: RVIB N.B. Palmer
** Cruise: NBP2202 Thwaites
** Station: 194
** Operator: A. Robinson
# nquan = 28
# nvalues = 794                         
# units = specified
# name 0 = prDM: Pressure, Digiquartz [db]
# name 1 = depSM: Depth [salt water, m]
# name 2 = t090C: Temperature [ITS-90, deg C]
# name 3 = c0mS/cm: Conductivity [mS/cm]
# name 4 = t190C: Temperature, 2 [ITS-90, deg C]
# name 5 = c1mS/cm: Conductivity, 2 [mS/cm]
# name 6 = sbeox0ML/L: Oxygen, SBE 43 [ml/l]
# name 7 = sbeox1ML/L: Oxygen, SBE 43, 2 [ml/l]
# name 8 = flECO-AFL: Fluorescence, WET Labs ECO-AFL/FL [mg/m^3]
# name 9 = CStarTr0: Beam Transmission, WET Labs C-Star [%]
# name 10 = par: PAR/Irradiance, Biospherical/Licor
# name 11 = latitude: Latitude [deg]
# name 12 = longitude: Longitude [deg]
# name 13 = timeJ: Julian Days
# name 14 = altM: Altimeter [m]
# name 15 = spar: SPAR, Biospherical/Licor
# name 16 = timeS: Time, Elapsed [seconds]
# name 17 = scan: Scan Count
# name 18 = density00: Density [density, kg/m^3]
# name 19 = density11: Density, 2 [density, kg/m^3]
# name 20 = v3: Voltage 3
# name 21 = v4: Voltage 4
# name 22 = v5: Voltage 5
# name 23 = sal00: Salinity, Practical [PSU]
# name 24 = sal11: Salinity, Practical, 2 [PSU]
# name 25 = oxsolML/L: Oxygen Saturation, Garcia & Gordon [ml/l]
# name 26 = nbin: number of scans per bin
# name 27 = flag: flag
# span 0 =      2.000,    795.000       
# span 1 =      1.980,    785.278       
# span 2 =    -1.4803,     0.6387       
# span 3 =  26.942102,  29.631119       
# span 4 =    -1.4806,     0.6411       
# span 5 =  26.943647,  29.631867       
# span 6 =     4.5143,     8.7404       
# span 7 =     4.6273,     8.4615       
# span 8 =    -0.0007,    15.0141       
# span 9 =    83.0324,    97.6292       
# span 10 = -3.916e-06, 1.5319e+02      
# span 11 =  -73.81140,  -73.81138      
# span 12 = -112.76204, -112.76198      
# span 13 =  54.956199,  54.968064      
# span 14 =       1.28,     100.34      
# span 15 = 2.4680e+02, 2.9509e+02      
# span 16 =    228.564,   1253.703      
# span 17 =       5487,      30090      
# span 18 =  1027.1425,  1031.4803      
# span 19 =  1027.1451,  1031.4788      
# span 20 =     3.9402,     4.6314      
# span 21 =     0.0688,     2.4418      
# span 22 =     0.1168,     0.1949      
# span 23 =    33.7192,    34.5885      
# span 24 =    33.7240,    34.5869      
# span 25 =    7.90128,    8.39510      
# span 26 =         23,         52      
# span 27 = 0.0000e+00, 0.0000e+00      
# interval = decibars: 1                
# start_time = Feb 23 2022 22:53:07 [NMEA time, header]
# bad_flag = -9.990e-29
*END*
[from data line 570]
    572.000    565.309     0.2031  29.037445     0.2053  29.037885     4.6882     4.8003     0.0143    97.4732 1.0000e-12  -73.81140 -112.76203  54.964407      99.83 2.5802e+02    937.763      22507  1030.3405  1030.3389     4.6240     0.0736     0.1288    34.4278    34.4260    7.99987         25 0.0000e+00
    573.000    566.297     0.2037  29.038607     0.2059  29.039085     4.6799     4.8086     0.0143    97.5035 1.0000e-12  -73.81140 -112.76203  54.964419      99.83 2.5787e+02    938.810      22532  1030.3454  1030.3438     4.6255     0.0717     0.1245    34.4280    34.4263    7.99972         25 0.0000e+00
    574.000    567.283     0.2053  29.040629     0.2076  29.041120     4.6792     4.8104     0.0284    97.4921 1.0000e-12  -73.81140 -112.76203  54.964431      99.83 2.5875e+02    939.879      22558  1030.3502  1030.3486     4.6249     0.0739     0.1250    34.4283    34.4265    7.99937         27 0.0000e+00
    575.000    568.269     0.2058  29.041549     0.2080  29.042051     4.6716     4.8125     0.0271    97.5113 1.0000e-12  -73.81140 -112.76203  54.964444      99.83 2.5914e+02    940.961      22584  1030.3549  1030.3534     4.6258     0.0726     0.1266    34.4284    34.4267    7.99927         25 0.0000e+00
    576.000    569.257     0.2087  29.045068     0.2111  29.045615     4.6838     4.8056     0.0306    97.5077 1.0000e-12  -73.81140 -112.76202  54.964456      99.83 2.5914e+02    942.018      22609  1030.3601  1030.3584     4.6257     0.0722     0.1412    34.4292    34.4273    7.99862         26 0.0000e+00
    577.000    570.244     0.2103  29.046943     0.2124  29.047456     4.6799     4.7991     0.0275    97.4970 1.0000e-12  -73.81140 -112.76202  54.964469      99.83 2.5914e+02    943.088      22635  1030.3647  1030.3633     4.6252     0.0729     0.1261    34.4294    34.4277    7.99829         26 0.0000e+00
    578.000    571.230     0.2109  29.048154     0.2131  29.048659     4.6871     4.8003     0.0216    97.5017 1.0000e-12  -73.81140 -112.76202  54.964481      99.84 2.5914e+02    944.178      22661  1030.3696  1030.3680     4.6254     0.0728     0.1266    34.4297    34.4278    7.99814         26 0.0000e+00
    579.000    572.219     0.2141  29.051907     0.2163  29.052467     4.6743     4.8026     0.0216    97.4958 1.0000e-12  -73.81140 -112.76202  54.964494      99.84 2.5914e+02    945.242      22687  1030.3747  1030.3731     4.6251     0.0723     0.1270    34.4304    34.4287    7.99743         25 0.0000e+00
    580.000    573.205     0.2151  29.053283     0.2173  29.053827     4.6715     4.7969     0.0176    97.5118 1.0000e-12  -73.81140 -112.76202  54.964506      99.82 2.5983e+02    946.320      22713  1030.3795  1030.3779     4.6259     0.0726     0.1249    34.4306    34.4288    7.99722         26 0.0000e+00
    581.000    574.191     0.2184  29.057120     0.2206  29.057684     4.6717     4.7965     0.0213    97.5112 1.0000e-12  -73.81140 -112.76202  54.964518      99.83 2.5978e+02    947.381      22738  1030.3844  1030.3829     4.6258     0.0733     0.1240    34.4313    34.4296    7.99649         25 0.0000e+00
    582.000    575.178     0.2189  29.058013     0.2210  29.058540     4.6746     4.8029     0.0222    97.5194 1.0000e-12  -73.81140 -112.76202  54.964530      99.83 2.5942e+02    948.415      22763  1030.3892  1030.3877     4.6262     0.0741     0.1255    34.4313    34.4297    7.99638         25 0.0000e+00
    583.000    576.166     0.2189  29.058450     0.2209  29.058922     4.6799     4.8023     0.0144    97.5225 1.0000e-12  -73.81140 -112.76202  54.964542      99.83 2.6040e+02    949.464      22788  1030.3939  1030.3924     4.6263     0.0733     0.1256    34.4314    34.4297    7.99639         26 0.0000e+00
    584.000    577.152     0.2190  29.059029     0.2211  29.059436     4.6714     4.8026     0.0171    97.5186 1.0000e-12  -73.81138 -112.76202  54.964555      99.83 2.6091e+02    950.567      22815  1030.3987  1030.3971     4.6262     0.0718     0.1241    34.4314    34.4296    7.99636         26 0.0000e+00
    585.000    578.139     0.2197  29.060304     0.2219  29.060843     4.6784     4.8039     0.0185    97.5347 1.0000e-12  -73.81138 -112.76202  54.964568      99.84 2.6091e+02    951.658      22841  1030.4036  1030.4020     4.6269     0.0747     0.1263    34.4318    34.4300    7.99620         26 0.0000e+00
    586.000    579.126     0.2199  29.060975     0.2221  29.061437     4.6844     4.7994     0.0167    97.5527 1.0000e-12  -73.81138 -112.76202  54.964580      99.83 2.6091e+02    952.696      22866  1030.4083  1030.4067     4.6278     0.0741     0.1280    34.4317    34.4300    7.99615         24 0.0000e+00
    587.000    580.112     0.2201  29.061516     0.2222  29.062008     4.6813     4.7983     0.0196    97.5461 1.0000e-12  -73.81138 -112.76202  54.964592      99.83 2.6091e+02    953.723      22890  1030.4130  1030.4114     4.6275     0.0746     0.1257    34.4317    34.4300    7.99612         25 0.0000e+00
    588.000    581.100     0.2198  29.061773     0.2221  29.062315     4.6756     4.7933     0.0160    97.5513 1.0000e-12  -73.81138 -112.76202  54.964604      99.83 2.6091e+02    954.771      22915  1030.4178  1030.4162     4.6277     0.0736     0.1222    34.4318    34.4300    7.99617         26 0.0000e+00
    589.000    582.086     0.2202  29.062623     0.2223  29.063110     4.6734     4.7997     0.0216    97.5425 1.0000e-12  -73.81138 -112.76202  54.964616      99.83 2.6145e+02    955.845      22941  1030.4226  1030.4210     4.6273     0.0744     0.1243    34.4319    34.4301    7.99609         26 0.0000e+00
    590.000    583.075     0.2215  29.064753     0.2237  29.065176     4.6721     4.8004     0.0289    97.5444 1.0000e-12  -73.81138 -112.76202  54.964629      99.83 2.6179e+02    956.939      22968  1030.4278  1030.4261     4.6274     0.0757     0.1263    34.4327    34.4308    7.99578         26 0.0000e+00
    591.000    584.060     0.2214  29.064984     0.2236  29.065539     4.6759     4.8021     0.0490    97.5396 1.0000e-12  -73.81138 -112.76202  54.964641      99.83 2.6112e+02    957.995      22993  1030.4323  1030.4308     4.6271     0.0741     0.1235    34.4324    34.4308    7.99580         24 0.0000e+00
    592.000    585.047     0.2223  29.066756     0.2245  29.067254     4.6697     4.8019     0.0212    97.5384 1.0000e-12  -73.81138 -112.76202  54.964653      99.83 2.6091e+02    959.024      23018  1030.4376  1030.4359     4.6271     0.0740     0.1247    34.4332    34.4314    7.99557         26 0.0000e+00
    593.000    586.035     0.2229  29.067777     0.2251  29.068418     4.6837     4.8025     0.0210    97.5065 1.0000e-12  -73.81138 -112.76202  54.964665      99.83 2.6091e+02    960.071      23043  1030.4423  1030.4408     4.6256     0.0733     0.1276    34.4333    34.4317    7.99545         25 0.0000e+00
    594.000    587.021     0.2229  29.068043     0.2251  29.068516     4.6741     4.8030     0.0140    97.5061 1.0000e-12  -73.81138 -112.76202  54.964677      99.83 2.6091e+02    961.122      23068  1030.4468  1030.4452     4.6255     0.0723     0.1226    34.4330    34.4313    7.99545         25 0.0000e+00
    595.000    588.007     0.2220  29.068117     0.2242  29.068729     4.6842     4.7935     0.0069    97.5236 1.0000e-12  -73.81138 -112.76202  54.964689      99.83 2.6091e+02    962.170      23093  1030.4520  1030.4506     4.6264     0.0740     0.1289    34.4335    34.4319    7.99561         25 0.0000e+00
    596.000    588.995     0.2219  29.068780     0.2240  29.069305     4.6866     4.7924     0.0066    97.5518 1.0000e-12  -73.81138 -112.76202  54.964702      99.84 2.6091e+02    963.225      23118  1030.4571  1030.4556     4.6277     0.0736     0.1246    34.4339    34.4323    7.99561         25 0.0000e+00
    597.000    589.981     0.2226  29.070207     0.2250  29.071026     4.6772     4.7966     0.0138    97.5672 1.0000e-12  -73.81138 -112.76202  54.964714      99.83 2.6091e+02    964.274      23144  1030.4622  1030.4607     4.6284     0.0742     0.1266    34.4345    34.4329    7.99544         26 0.0000e+00
    598.000    590.970     0.2244  29.072743     0.2267  29.073491     4.6817     4.7980     0.0658    97.5739 1.0000e-12  -73.81138 -112.76202  54.964726      99.83 2.6091e+02    965.293      23168  1030.4673  1030.4659     4.6288     0.0806     0.1284    34.4352    34.4337    7.99503         24 0.0000e+00
    599.000    591.954     0.2259  29.075324     0.2285  29.076308     4.6798     4.7989     0.0362    97.5697 1.0000e-12  -73.81138 -112.76202  54.964737      99.83 2.6091e+02    966.314      23193  1030.4727  1030.4713     4.6285     0.0733     0.1248    34.4363    34.4348    7.99464         24 0.0000e+00
    600.000    592.942     0.2274  29.077711     0.2295  29.078278     4.6883     4.8007     0.0235    97.5627 1.0000e-12  -73.81138 -112.76200  54.964749      99.83 2.6148e+02    967.341      23217  1030.4781  1030.4766     4.6282     0.0723     0.1263    34.4373    34.4356    7.99430         25 0.0000e+00
    601.000    593.929     0.2283  29.079547     0.2308  29.080271     4.6843     4.8009     0.0266    97.5358 1.0000e-12  -73.81138 -112.76202  54.964761      99.83 2.6112e+02    968.380      23242  1030.4833  1030.4816     4.6270     0.0730     0.1240    34.4380    34.4362    7.99405         25 0.0000e+00
    602.000    594.915     0.2299  29.081705     0.2320  29.082249     4.6749     4.8015     0.0241    97.5345 1.0000e-12  -73.81138 -112.76202  54.964774      99.83 2.6180e+02    969.449      23268  1030.4882  1030.4868     4.6269     0.0748     0.1255    34.4385    34.4369    7.99370         26 0.0000e+00
    603.000    595.902     0.2306  29.083086     0.2327  29.083592     4.6799     4.8003     0.0168    97.5360 1.0000e-12  -73.81138 -112.76202  54.964786      99.83 2.6168e+02    970.515      23293  1030.4933  1030.4917     4.6270     0.0716     0.1251    34.4389    34.4373    7.99352         25 0.0000e+00
    604.000    596.889     0.2323  29.085656     0.2344  29.086065     4.6871     4.8021     0.0099    97.5455 1.0000e-12  -73.81138 -112.76202  54.964798      99.83 2.6186e+02    971.579      23319  1030.4985  1030.4969     4.6274     0.0740     0.1238    34.4398    34.4380    7.99312         26 0.0000e+00
    605.000    597.875     0.2336  29.087618     0.2357  29.088062     4.6826     4.7996     0.0109    97.5374 1.0000e-12  -73.81138 -112.76202  54.964811      99.84 2.6240e+02    972.647      23345  1030.5036  1030.5019     4.6270     0.0732     0.1245    34.4404    34.4386    7.99283         26 0.0000e+00
    606.000    598.863     0.2347  29.089336     0.2370  29.089963     4.6755     4.8018     0.0143    97.5226 1.0000e-12  -73.81138 -112.76202  54.964823      99.84 2.6105e+02    973.728      23370  1030.5085  1030.5070     4.6264     0.0715     0.1239    34.4408    34.4392    7.99257         26 0.0000e+00
    607.000    599.849     0.2351  29.090094     0.2372  29.090756     4.6730     4.8038     0.0143    97.5444 1.0000e-12  -73.81138 -112.76202  54.964836      99.83 2.6111e+02    974.813      23397  1030.5132  1030.5118     4.6274     0.0720     0.1261    34.4408    34.4393    7.99249         26 0.0000e+00
    608.000    600.838     0.2360  29.091938     0.2381  29.092354     4.6738     4.8022     0.0305    97.5703 1.0000e-12  -73.81138 -112.76202  54.964848      99.83 2.6159e+02    975.905      23423  1030.5185  1030.5169     4.6286     0.0717     0.1246    34.4416    34.4398    7.99225         26 0.0000e+00
    609.000    601.822     0.2375  29.094225     0.2398  29.094816     4.6743     4.8004     0.0325    97.5825 1.0000e-12  -73.81138 -112.76201  54.964861      99.83 2.6205e+02    976.979      23448  1030.5237  1030.5220     4.6291     0.0725     0.1252    34.4424    34.4406    7.99190         25 0.0000e+00
    610.000    602.810     0.2391  29.096469     0.2412  29.096959     4.6597     4.8020     0.0179    97.5691 1.0000e-12  -73.81138 -112.76201  54.964873      99.83 2.6097e+02    978.026      23474  1030.5287  1030.5272     4.6285     0.0720     0.1254    34.4430    34.4412    7.99154         26 0.0000e+00
    611.000    603.796     0.2412  29.099583     0.2432  29.099913     4.6687     4.8001     0.0143    97.5617 1.0000e-12  -73.81138 -112.76200  54.964885      99.83 2.6238e+02    979.079      23499  1030.5341  1030.5325     4.6282     0.0717     0.1249    34.4441    34.4423    7.99104         25 0.0000e+00
    612.000    604.784     0.2437  29.103143     0.2460  29.103799     4.6865     4.7955     0.0143    97.5324 1.0000e-12  -73.81138 -112.76200  54.964898      99.84 2.6152e+02    980.149      23525  1030.5396  1030.5381     4.6268     0.0717     0.1269    34.4454    34.4437    7.99044         26 0.0000e+00
    613.000    605.770     0.2450  29.105168     0.2472  29.105579     4.6868     4.7963     0.0239    97.5482 1.0000e-12  -73.81138 -112.76200  54.964910      99.84 2.6117e+02    981.239      23551  1030.5448  1030.5431     4.6276     0.0724     0.1276    34.4460    34.4441    7.99014         27 0.0000e+00
    614.000    606.756     0.2461  29.106758     0.2483  29.107455     4.6791     4.7978     0.0245    97.5821 1.0000e-12  -73.81138 -112.76200  54.964923      99.83 2.6133e+02    982.326      23577  1030.5496  1030.5482     4.6291     0.0731     0.1255    34.4463    34.4447    7.98990         25 0.0000e+00
    615.000    607.744     0.2471  29.108803     0.2497  29.109476     4.6747     4.7999     0.0070    97.5720 1.0000e-12  -73.81138 -112.76200  54.964935      99.83 2.6091e+02    983.371      23602  1030.5550  1030.5532     4.6287     0.0729     0.1264    34.4473    34.4453    7.98963         25 0.0000e+00
    616.000    608.729     0.2477  29.109820     0.2505  29.110816     4.6687     4.8002     0.0086    97.5801 1.0000e-12  -73.81138 -112.76200  54.964947      99.84 2.6091e+02    984.396      23626  1030.5598  1030.5581     4.6290     0.0728     0.1269    34.4474    34.4456    7.98951         25 0.0000e+00
    617.000    609.718     0.2500  29.112896     0.2522  29.113250     4.6807     4.7966     0.0102    97.5700 1.0000e-12  -73.81138 -112.76200  54.964959      59.78 2.6091e+02    985.453      23652  1030.5650  1030.5632     4.6286     0.0705     0.1279    34.4483    34.4463    7.98898         25 0.0000e+00
    618.000    610.704     0.2532  29.117120     0.2555  29.117642     4.6708     4.7894     0.0097    97.5711 1.0000e-12  -73.81138 -112.76201  54.964971      48.48 2.6091e+02    986.534      23678  1030.5705  1030.5688     4.6286     0.0688     0.1247    34.4496    34.4477    7.98824         26 0.0000e+00
    619.000    611.690     0.2551  29.119361     0.2573  29.119980     4.6672     4.7911     0.0394    97.5599 1.0000e-12  -73.81138 -112.76201  54.964984      52.12 2.5993e+02    987.574      23703  1030.5752  1030.5738     4.6281     0.0721     0.1233    34.4499    34.4483    7.98783         24 0.0000e+00
    620.000    612.676     0.2558  29.120723     0.2581  29.121202     4.6639     4.7970     0.0127    97.5840 1.0000e-12  -73.81138 -112.76201  54.964995     100.34 2.6025e+02    988.575      23727  1030.5802  1030.5786     4.6292     0.0703     0.1250    34.4503    34.4484    7.98766         24 0.0000e+00
    621.000    613.665     0.2562  29.121516     0.2585  29.122062     4.6625     4.7967    -0.0006    97.5946 1.0000e-12  -73.81138 -112.76201  54.965007      99.83 2.5985e+02    989.577      23751  1030.5849  1030.5833     4.6297     0.0707     0.1250    34.4503    34.4485    7.98757         25 0.0000e+00
    622.000    614.650     0.2566  29.122382     0.2587  29.122851     4.6697     4.7958     0.0216    97.5955 1.0000e-12  -73.81138 -112.76202  54.965019      99.83 2.5958e+02    990.605      23776  1030.5898  1030.5882     4.6297     0.0717     0.1234    34.4504    34.4487    7.98749         24 0.0000e+00
