ocean_section_plots/required_files/ctd/dnbp2202_ctd080.cnv
* Sea-Bird SBE 9 Data File:
* FileName = D:\Data\raw\NBP2202_CTD080.hex
* Software Version Seasave V 7.26.7.121
* Temperature SN = 1649
* Conductivity SN = 2513
* Number of Bytes Per Scan = 40
* Number of Voltage Words = 5
* Number of Scans Averaged by the Deck Unit = 1
* NMEA Latitude = 74 10.51 S
* NMEA Longitude = 113 20.67 W
* NMEA UTC (Time) = Jan 26 2022  17:11:14
* NMEA baud rate = 9600
** Ship: RVIB N.B. Palmer
** Cruise: NBP2202 Thwaites
** Station: YoYo001
** Operator: A. Robinson
# nquan = 25
# nvalues = 606                         
# units = specified
# name 0 = prDM: Pressure, Digiquartz [db]
# name 1 = depSM: Depth [salt water, m]
# name 2 = t090C: Temperature [ITS-90, deg C]
# name 3 = c0mS/cm: Conductivity [mS/cm]
# name 4 = t190C: Temperature, 2 [ITS-90, deg C]
# name 5 = c1mS/cm: Conductivity, 2 [mS/cm]
# name 6 = sbeox0ML/L: Oxygen, SBE 43 [ml/l]
# name 7 = sbeox1ML/L: Oxygen, SBE 43, 2 [ml/l]
# name 8 = flECO-AFL: Fluorescence, WET Labs ECO-AFL/FL [mg/m^3]
# name 9 = CStarTr0: Beam Transmission, WET Labs C-Star [%]
# name 10 = par: PAR/Irradiance, Biospherical/Licor
# name 11 = latitude: Latitude [deg]
# name 12 = longitude: Longitude [deg]
# name 13 = timeJ: Julian Days
# name 14 = altM: Altimeter [m]
# name 15 = spar: SPAR, Biospherical/Licor
# name 16 = timeS: Time, Elapsed [seconds]
# name 17 = scan: Scan Count
# name 18 = density00: Density [density, kg/m^3]
# name 19 = density11: Density, 2 [density, kg/m^3]
# name 20 = sal00: Salinity, Practical [PSU]
# name 21 = sal11: Salinity, Practical, 2 [PSU]
# name 22 = oxsolML/L: Oxygen Saturation, Garcia & Gordon [ml/l]
# name 23 = nbin: number of scans per bin
# name 24 = flag: flag
# span 0 =     10.000,    615.000       
# span 1 =      9.893,    607.730       
# span 2 =    -1.5774,     0.0809       
# span 3 =  26.959215,  28.914252       
# span 4 =    -1.5755,     0.0826       
# span 5 =  26.958818,  28.913708       
# span 6 =     4.7071,     8.4786       
# span 7 =     4.7933,     8.2606       
# span 8 =    -0.0224,    22.1813       
# span 9 =    70.8475,    95.7458       
# span 10 = -5.578e-06, 6.1176e+01      
# span 11 =  -74.17530,  -74.17528      
# span 12 = -113.34463, -113.34458      
# span 13 =  26.716428,  26.725976      
# span 14 =       5.54,     100.52      
# span 15 = 1.7353e+03, 2.0458e+03      
# span 16 =     25.346,    850.344      
# span 17 =        609,      20409      
# span 18 =  1027.2274,  1030.5110      
# span 19 =  1027.2263,  1030.5088      
# span 20 =    33.7968,    34.3772      
# span 21 =    33.7954,    34.3746      
# span 22 =    8.02820,    8.41395      
# span 23 =         21,         49      
# span 24 = 0.0000e+00, 0.0000e+00      
# interval = decibars: 1                
# start_time = Jan 26 2022 17:11:14 [NMEA time, header]
# bad_flag = -9.990e-29
*END*
     10.000      9.893    -1.0382  27.272635    -1.0331  27.276151     8.4786     8.2606    17.8527    70.8475 6.1176e+01  -74.17528 -113.34463  26.716428     100.50 1.9586e+03     25.346        609  1027.2274  1027.2263    33.7968    33.7958    8.30246         21 0.0000e+00
     11.000     10.888    -1.0379  27.273619    -1.0379  27.272358     8.3678     8.2385    20.2293    71.8992 4.5424e+01  -74.17529 -113.34463  26.716449      98.18 1.9586e+03     27.194        654  1027.2325  1027.2312    33.7971    33.7954    8.30237         40 0.0000e+00
     12.000     11.875    -1.0568  27.259008    -1.0541  27.260132     8.1920     8.1274    18.9384    71.3567 3.3445e+01  -74.17530 -113.34461  26.716470      99.96 1.9586e+03     29.019        697  1027.2391  1027.2378    33.7979    33.7964    8.30651         42 0.0000e+00
     13.000     12.866    -1.0848  27.237423    -1.0841  27.237326     7.9868     7.9951    20.1710    72.5347 2.4988e+01  -74.17530 -113.34462  26.716491      99.99 1.9586e+03     30.822        741  1027.2467  1027.2461    33.7993    33.7984    8.31262         38 0.0000e+00
     14.000     13.854    -1.1199  27.210005    -1.1269  27.204268     8.0239     8.0565    20.3594    71.0068 1.8779e+01  -74.17530 -113.34462  26.716512      99.98 1.9586e+03     32.609        784  1027.2546  1027.2552    33.8008    33.8008    8.32034         37 0.0000e+00
     15.000     14.845    -1.1130  27.217047    -1.0970  27.227245     8.1444     8.1363    22.1813    72.3158 1.4104e+01  -74.17530 -113.34462  26.716532      99.97 1.9586e+03     34.390        826  1027.2596  1027.2553    33.8020    33.7979    8.31874         41 0.0000e+00
     16.000     15.834    -1.0871  27.237197    -1.0895  27.234737     8.0230     8.0515    20.1701    72.9288 1.0678e+01  -74.17530 -113.34462  26.716553      99.94 1.9586e+03     36.216        870  1027.2607  1027.2604    33.7997    33.7990    8.31311         45 0.0000e+00
     17.000     16.823    -1.1268  27.206199    -1.1289  27.204476     7.9413     7.9922    19.6970    72.3842 8.2626e+00  -74.17530 -113.34462  26.716574      99.98 1.9586e+03     38.031        914  1027.2694  1027.2695    33.8015    33.8015    8.32183         38 0.0000e+00
     18.000     17.813    -1.1311  27.203224    -1.1334  27.200661     7.8849     7.9472    20.1542    73.2860 6.4246e+00  -74.17530 -113.34462  26.716595      92.46 1.9586e+03     39.804        956  1027.2743  1027.2737    33.8016    33.8007    8.32277         41 0.0000e+00
     19.000     18.802    -1.1439  27.194128    -1.1495  27.188751     7.8524     7.9347    20.7346    72.7697 4.9702e+00  -74.17530 -113.34462  26.716616      97.53 1.9586e+03     41.603        999  1027.2808  1027.2803    33.8031    33.8020    8.32555         40 0.0000e+00
     20.000     19.793    -1.1508  27.189374    -1.1514  27.187654     7.8482     7.9551    20.1742    72.5501 3.8617e+00  -74.17530 -113.34462  26.716637      99.90 1.9586e+03     43.409       1043  1027.2863  1027.2849    33.8037    33.8019    8.32704         37 0.0000e+00
     21.000     20.782    -1.1514  27.189483    -1.1486  27.190231     7.8856     7.9953    19.8519    72.2622 3.0246e+00  -74.17530 -113.34462  26.716657      99.96 1.9586e+03     45.185       1085  1027.2910  1027.2891    33.8038    33.8017    8.32715         39 0.0000e+00
     22.000     21.772    -1.1435  27.196202    -1.1436  27.194799     7.9492     8.0568    19.3919    73.9025 2.3631e+00  -74.17530 -113.34462  26.716678      99.93 1.9586e+03     46.982       1129  1027.2950  1027.2934    33.8036    33.8017    8.32543         41 0.0000e+00
     23.000     22.761    -1.1300  27.207581    -1.1270  27.208443     7.9680     8.0694    18.7080    73.8713 1.8534e+00  -74.17528 -113.34461  26.716700      99.97 1.9577e+03     48.855       1174  1027.2986  1027.2966    33.8032    33.8011    8.32243         42 0.0000e+00
     24.000     23.750    -1.1327  27.205538    -1.1333  27.204113     7.9093     8.0333    19.7324    74.4294 1.4612e+00  -74.17528 -113.34460  26.716721      99.98 1.9585e+03     50.672       1217  1027.3032  1027.3022    33.8028    33.8016    8.32305         40 0.0000e+00
     25.000     24.739    -1.1416  27.198769    -1.1415  27.197985     7.8208     7.9811    19.7473    75.1295 1.1557e+00  -74.17528 -113.34460  26.716741      97.55 1.9586e+03     52.421       1259  1027.3087  1027.3078    33.8030    33.8019    8.32502         41 0.0000e+00
     26.000     25.729    -1.1605  27.184388    -1.1566  27.186277     7.8082     7.9678    18.5604    75.1564 9.0745e-01  -74.17528 -113.34460  26.716762      96.69 1.9586e+03     54.210       1302  1027.3155  1027.3137    33.8041    33.8022    8.32918         41 0.0000e+00
     27.000     26.719    -1.1565  27.187740    -1.1553  27.187534     7.8011     7.9696    18.8499    74.5574 7.0813e-01  -74.17528 -113.34460  26.716783      99.87 1.9586e+03     56.063       1347  1027.3193  1027.3180    33.8035    33.8019    8.32832         42 0.0000e+00
     28.000     27.708    -1.1600  27.185681    -1.1569  27.186982     7.7834     7.9504    17.9305    74.7795 5.5799e-01  -74.17528 -113.34460  26.716804      99.91 1.9586e+03     57.876       1390  1027.3247  1027.3231    33.8040    33.8022    8.32907         40 0.0000e+00
     29.000     28.698    -1.1637  27.182925    -1.1600  27.184771     7.7295     7.9049    17.2822    75.2872 4.3614e-01  -74.17528 -113.34460  26.716824      99.96 1.9582e+03     59.608       1432  1027.3294  1027.3279    33.8037    33.8021    8.32990         41 0.0000e+00
     30.000     29.688    -1.1761  27.174078    -1.1738  27.174538     7.7192     7.8881    17.3632    76.0702 3.3775e-01  -74.17528 -113.34460  26.716845      99.98 1.9572e+03     61.372       1474  1027.3359  1027.3343    33.8050    33.8031    8.33259         37 0.0000e+00
     31.000     30.677    -1.1768  27.174045    -1.1759  27.173477     7.7273     7.8923    16.0874    74.9207 2.5946e-01  -74.17528 -113.34460  26.716866      99.91 1.9568e+03     63.257       1519  1027.3407  1027.3393    33.8052    33.8034    8.33274         39 0.0000e+00
     32.000     31.667    -1.1757  27.175238    -1.1747  27.174759     7.7525     7.9102    18.2119    76.3719 1.9830e-01  -74.17528 -113.34460  26.716888      99.81 1.9568e+03     65.114       1564  1027.3451  1027.3436    33.8049    33.8031    8.33250         39 0.0000e+00
     33.000     32.656    -1.1697  27.180665    -1.1701  27.178900     7.7517     7.9175    16.0743    76.1740 1.5122e-01  -74.17528 -113.34460  26.716908      98.55 1.9560e+03     66.866       1606  1027.3495  1027.3480    33.8050    33.8030    8.33117         40 0.0000e+00
     34.000     33.645    -1.1734  27.177767    -1.1712  27.178199     7.7483     7.9371    15.9044    75.1385 1.1265e-01  -74.17528 -113.34460  26.716928      99.93 1.9550e+03     68.603       1647  1027.3542  1027.3525    33.8045    33.8026    8.33202         39 0.0000e+00
     35.000     34.635    -1.1744  27.178470    -1.1658  27.183143     7.7601     7.9293    20.0300    77.3164 8.1265e-02  -74.17528 -113.34460  26.716950      99.93 1.9550e+03     70.443       1692  1027.3602  1027.3570    33.8060    33.8027    8.33215         39 0.0000e+00
     36.000     35.625    -1.1677  27.183061    -1.1687  27.181139     7.7043     7.8710    16.6048    77.7582 5.5279e-02  -74.17528 -113.34460  26.716971      99.87 1.9566e+03     72.325       1737  1027.3631  1027.3620    33.8041    33.8026    8.33078         39 0.0000e+00
     37.000     36.614    -1.1874  27.168457    -1.1894  27.165524     7.6892     7.8690    18.2500    76.9954 3.4831e-02  -74.17528 -113.34460  26.716992      99.77 1.9551e+03     74.106       1780  1027.3703  1027.3690    33.8057    33.8039    8.33506         38 0.0000e+00
     38.000     37.603    -1.1814  27.173772    -1.1761  27.176943     7.6684     7.8630    16.2861    76.0634 1.8801e-02  -74.17528 -113.34460  26.717012      99.75 1.9548e+03     75.819       1821  1027.3746  1027.3730    33.8056    33.8040    8.33373         42 0.0000e+00
     39.000     38.593    -1.1892  27.167875    -1.1874  27.167969     7.6523     7.8388    16.0114    77.1744 4.9231e-03  -74.17528 -113.34460  26.717032      99.68 1.9537e+03     77.592       1863  1027.3800  1027.3783    33.8057    33.8038    8.33547         35 0.0000e+00
     40.000     39.583    -1.1908  27.166771    -1.1890  27.167129     7.6264     7.8105    17.4892    77.0826 -5.578e-06  -74.17528 -113.34460  26.717054      98.85 1.9529e+03     79.454       1908  1027.3845  1027.3831    33.8054    33.8038    8.33584         41 0.0000e+00
     41.000     40.571    -1.2000  27.159957    -1.1982  27.160207     7.6297     7.8063    18.2406    76.1408 1.0000e-12  -74.17528 -113.34460  26.717075      99.05 1.9514e+03     81.309       1952  1027.3901  1027.3886    33.8058    33.8041    8.33787         40 0.0000e+00
     42.000     41.560    -1.1954  27.164263    -1.1933  27.164691     7.6439     7.8126    17.2240    75.9176 1.0000e-12  -74.17528 -113.34460  26.717096      99.85 1.9510e+03     83.086       1995  1027.3946  1027.3931    33.8059    33.8041    8.33684         40 0.0000e+00
     43.000     42.552    -1.1974  27.162882    -1.1972  27.161677     7.6383     7.8149    14.7752    75.7324 1.0000e-12  -74.17528 -113.34460  26.717116      99.79 1.9503e+03     84.817       2037  1027.3992  1027.3977    33.8056    33.8037    8.33730         36 0.0000e+00
     44.000     43.540    -1.1957  27.164372    -1.1917  27.166815     7.5718     7.7597    16.4052    75.6551 1.0000e-12  -74.17528 -113.34460  26.717137      99.65 1.9515e+03     86.619       2080  1027.4035  1027.4023    33.8051    33.8040    8.33695         41 0.0000e+00
     45.000     44.529    -1.2158  27.147773    -1.2120  27.150456     7.4556     7.6480    15.5276    75.5461 1.0000e-12  -74.17528 -113.34460  26.717158      99.62 1.9515e+03     88.495       2125  1027.4089  1027.4082    33.8045    33.8038    8.34148         41 0.0000e+00
     46.000     45.518    -1.2363  27.132355    -1.2379  27.129953     7.4031     7.6015    16.8956    77.3494 1.0000e-12  -74.17528 -113.34460  26.717180      99.71 1.9529e+03     90.320       2169  1027.4159  1027.4148    33.8059    33.8043    8.34597         41 0.0000e+00
     47.000     46.509    -1.2435  27.127044    -1.2402  27.128446     7.3688     7.5589    14.9969    76.4112 1.0000e-12  -74.17528 -113.34460  26.717200      94.99 1.9533e+03     92.060       2210  1027.4211  1027.4195    33.8060    33.8042    8.34756         40 0.0000e+00
     48.000     47.498    -1.2499  27.122166    -1.2504  27.120936     7.2782     7.4419    16.1904    77.4390 1.0000e-12  -74.17528 -113.34460  26.717220      97.09 1.9533e+03     93.838       2253  1027.4260  1027.4252    33.8060    33.8049    8.34900         43 0.0000e+00
     49.000     48.486    -1.2706  27.106988    -1.2738  27.103970     7.0286     7.2174    15.2089    77.7071 1.0000e-12  -74.17528 -113.34460  26.717242      99.63 1.9533e+03     95.714       2298  1027.4334  1027.4333    33.8079    33.8074    8.35351         36 0.0000e+00
     50.000     49.477    -1.3182  27.069825    -1.3196  27.069116     6.7639     6.9998    13.8563    77.5281 1.0000e-12  -74.17528 -113.34460  26.717263      99.77 1.9533e+03     97.523       2342  1027.4425  1027.4432    33.8100    33.8107    8.36405         40 0.0000e+00
     51.000     50.467    -1.3542  27.044495    -1.3493  27.046979     6.7194     6.9193    11.7226    77.9490 1.0000e-12  -74.17528 -113.34460  26.717283      99.77 1.9533e+03     99.271       2383  1027.4532  1027.4512    33.8154    33.8132    8.37181         36 0.0000e+00
     52.000     51.456    -1.3598  27.040875    -1.3616  27.038557     6.6769     6.8590     8.6872    78.7469 1.0000e-12  -74.17528 -113.34460  26.717304      99.47 1.9532e+03    101.072       2427  1027.4584  1027.4576    33.8160    33.8150    8.37302         37 0.0000e+00
     53.000     52.445    -1.3701  27.033737    -1.3680  27.034524     6.6065     6.7772     8.3362    79.7259 1.0000e-12  -74.17528 -113.34460  26.717325      99.46 1.9512e+03    102.893       2470  1027.4643  1027.4631    33.8173    33.8159    8.37526         33 0.0000e+00
     54.000     53.434    -1.3855  27.023703    -1.3860  27.022750     6.5114     6.6844     8.6842    79.1177 1.0000e-12  -74.17528 -113.34460  26.717346      99.49 1.9498e+03    104.681       2513  1027.4720  1027.4714    33.8203    33.8195    8.37855         36 0.0000e+00
     55.000     54.423    -1.3977  27.016302    -1.3977  27.015709     6.4418     6.6228     8.3919    81.5135 1.0000e-12  -74.17529 -113.34460  26.717366      98.97 1.9497e+03    106.454       2556  1027.4796  1027.4789    33.8233    33.8224    8.38112         31 0.0000e+00
     56.000     55.413    -1.4059  27.011236    -1.4057  27.010710     6.3864     6.5642     7.8564    82.7635 1.0000e-12  -74.17530 -113.34460  26.717387      99.39 1.9497e+03    108.265       2599  1027.4858  1027.4850    33.8249    33.8240    8.38285         41 0.0000e+00
     57.000     56.403    -1.4160  27.005223    -1.4138  27.005791     6.4203     6.5783     6.6339    83.1659 1.0000e-12  -74.17530 -113.34460  26.717409      99.51 1.9497e+03    110.100       2643  1027.4928  1027.4913    33.8275    33.8257    8.38498         38 0.0000e+00
     58.000     57.390    -1.4079  27.011398    -1.4068  27.011232     6.4484     6.5903     6.3278    84.8504 1.0000e-12  -74.17530 -113.34460  26.717430      71.60 1.9497e+03    111.917       2687  1027.4958  1027.4946    33.8262    33.8247    8.38323         37 0.0000e+00
     59.000     58.381    -1.4076  27.012196    -1.4061  27.012425     6.4104     6.5549     5.9589    85.4065 1.0000e-12  -74.17530 -113.34460  26.717450     100.32 1.9492e+03    113.691       2730  1027.5005  1027.4993    33.8264    33.8249    8.38316         37 0.0000e+00
     60.000     59.371    -1.4141  27.008296    -1.4132  27.008162     6.3534     6.4933     6.9187    84.8626 1.0000e-12  -74.17530 -113.34460  26.717471      99.53 1.9479e+03    115.466       2772  1027.5067  1027.5057    33.8278    33.8265    8.38455         38 0.0000e+00
     61.000     60.360    -1.4189  27.005729    -1.4203  27.004018     6.3108     6.4457     6.8861    85.1988 1.0000e-12  -74.17530 -113.34460  26.717491      99.53 1.9462e+03    117.255       2815  1027.5126  1027.5120    33.8290    33.8282    8.38555         40 0.0000e+00
     62.000     61.349    -1.4279  26.999579    -1.4305  26.996897     6.2739     6.4211     5.7027    86.7299 1.0000e-12  -74.17530 -113.34460  26.717512      99.44 1.9446e+03    119.069       2859  1027.5187  1027.5181    33.8301    33.8293    8.38751         40 0.0000e+00
     63.000     62.339    -1.4329  26.996538    -1.4314  26.996700     6.2559     6.4052     4.8824    86.9184 1.0000e-12  -74.17530 -113.34460  26.717533      99.65 1.9444e+03    120.871       2902  1027.5243  1027.5230    33.8310    33.8295    8.38859         41 0.0000e+00
     64.000     63.327    -1.4352  26.995393    -1.4339  26.995464     6.2354     6.3782     4.9976    86.9650 1.0000e-12  -74.17530 -113.34460  26.717554      99.63 1.9427e+03    122.625       2944  1027.5294  1027.5282    33.8313    33.8299    8.38908         40 0.0000e+00
     65.000     64.317    -1.4393  26.993181    -1.4398  26.992023     6.2172     6.3525     5.5618    87.9857 1.0000e-12  -74.17530 -113.34460  26.717574      99.64 1.9427e+03    124.414       2987  1027.5351  1027.5343    33.8323    33.8313    8.38994         42 0.0000e+00
     66.000     65.307    -1.4418  26.991876    -1.4411  26.991589     6.1979     6.3371     4.8026    88.1865 1.0000e-12  -74.17530 -113.34460  26.717596      99.67 1.9426e+03    126.264       3031  1027.5402  1027.5392    33.8328    33.8315    8.39049         38 0.0000e+00
