ocean_section_plots/required_files/ctd/dnbp2202_ctd146.cnv
* Sea-Bird SBE 9 Data File:
* FileName = D:\Data\raw\NBP2202_CTD146.hex
* Software Version Seasave V 7.26.7.121
* Temperature SN = 1649
* Conductivity SN = 2513
* Number of Bytes Per Scan = 40
* Number of Voltage Words = 5
* Number of Scans Averaged by the Deck Unit = 1
* NMEA Latitude = 74 07.00 S
* NMEA Longitude = 113 15.87 W
* NMEA UTC (Time) = Jan 30 2022  10:00:10
* NMEA baud rate = 9600
** Ship: RVIB N.B. Palmer
** Cruise: NBP2202 Thwaites
** Station: 74
** Operator: B.Bjork
# nquan = 28
# nvalues = 515                         
# units = specified
# name 0 = prDM: Pressure, Digiquartz [db]
# name 1 = depSM: Depth [salt water, m]
# name 2 = t090C: Temperature [ITS-90, deg C]
# name 3 = c0mS/cm: Conductivity [mS/cm]
# name 4 = t190C: Temperature, 2 [ITS-90, deg C]
# name 5 = c1mS/cm: Conductivity, 2 [mS/cm]
# name 6 = sbeox0ML/L: Oxygen, SBE 43 [ml/l]
# name 7 = sbeox1ML/L: Oxygen, SBE 43, 2 [ml/l]
# name 8 = flECO-AFL: Fluorescence, WET Labs ECO-AFL/FL [mg/m^3]
# name 9 = CStarTr0: Beam Transmission, WET Labs C-Star [%]
# name 10 = par: PAR/Irradiance, Biospherical/Licor
# name 11 = latitude: Latitude [deg]
# name 12 = longitude: Longitude [deg]
# name 13 = timeJ: Julian Days
# name 14 = altM: Altimeter [m]
# name 15 = spar: SPAR, Biospherical/Licor
# name 16 = timeS: Time, Elapsed [seconds]
# name 17 = scan: Scan Count
# name 18 = density00: Density [density, kg/m^3]
# name 19 = density11: Density, 2 [density, kg/m^3]
# name 20 = v3: Voltage 3
# name 21 = v4: Voltage 4
# name 22 = v5: Voltage 5
# name 23 = sal00: Salinity, Practical [PSU]
# name 24 = sal11: Salinity, Practical, 2 [PSU]
# name 25 = oxsolML/L: Oxygen Saturation, Garcia & Gordon [ml/l]
# name 26 = nbin: number of scans per bin
# name 27 = flag: flag
# span 0 =      2.000,    516.000       
# span 1 =      1.985,    510.024       
# span 2 =    -1.4938,    -0.1005       
# span 3 =  26.964007,  28.669191       
# span 4 =    -1.4929,    -0.0999       
# span 5 =  26.964022,  28.666969       
# span 6 =     4.7399,     8.5957       
# span 7 =     4.8252,     8.2635       
# span 8 =    -0.0223,    19.4082       
# span 9 =    71.8658,    93.5677       
# span 10 = -2.552e-05, 1.5390e+01      
# span 11 =  -74.11670,  -74.11670      
# span 12 = -113.26465, -113.26460      
# span 13 =  30.419223,  30.426421      
# span 14 =       4.47,     100.85      
# span 15 = 5.0449e+01, 6.5853e+01      
# span 16 =    210.906,    832.780      
# span 17 =       5063,      19988      
# span 18 =  1027.1703,  1030.0051      
# span 19 =  1027.1693,  1030.0027      
# span 20 =     3.4098,     4.4388      
# span 21 =     0.0631,     3.3449      
# span 22 =     0.1160,     0.2276      
# span 23 =    33.7719,    34.3151      
# span 24 =    33.7706,    34.3114      
# span 25 =    8.06984,    8.40010      
# span 26 =         15,         47      
# span 27 = 0.0000e+00, 0.0000e+00      
# interval = decibars: 1                
# start_time = Jan 30 2022 10:00:10 [NMEA time, header]
# bad_flag = -9.990e-29
*END*
[from data line 363]
    365.000    360.905    -0.2482  28.436373    -0.2460  28.436311     4.7919     4.8906    -0.0077    92.7761 1.0000e-12  -74.11670 -113.26462  30.423903      99.94 6.5075e+01    615.180      14765  1029.2581  1029.2558     4.4012     0.0709     0.1423    34.2605    34.2579    8.10424         24 0.0000e+00
    366.000    361.893    -0.2482  28.436691    -0.2462  28.436536     4.7973     4.8822    -0.0008    92.7700 1.0000e-12  -74.11670 -113.26460  30.423914      39.62 6.3405e+01    616.157      14789  1029.2627  1029.2605     4.4010     0.0670     0.1401    34.2603    34.2578    8.10424         23 0.0000e+00
    367.000    362.881    -0.2477  28.437751    -0.2457  28.437473     4.7907     4.8781    -0.0151    92.7733 1.0000e-12  -74.11670 -113.26462  30.423925      98.48 6.4520e+01    617.111      14812  1029.2676  1029.2654     4.4011     0.0706     0.1409    34.2606    34.2579    8.10412         23 0.0000e+00
    368.000    363.868    -0.2462  28.439651    -0.2439  28.439579     4.7915     4.8823    -0.0112    92.7711 1.0000e-12  -74.11670 -113.26460  30.423936      99.68 6.4768e+01    618.086      14835  1029.2724  1029.2702     4.4010     0.0699     0.1414    34.2607    34.2582    8.10378         23 0.0000e+00
    369.000    364.856    -0.2448  28.441604    -0.2429  28.441161     4.7959     4.8853    -0.0037    92.7695 1.0000e-12  -74.11670 -113.26462  30.423948      99.94 6.4416e+01    619.072      14859  1029.2775  1029.2752     4.4010     0.0701     0.1420    34.2613    34.2585    8.10347         24 0.0000e+00
    370.000    365.844    -0.2434  28.443450    -0.2412  28.443334     4.7903     4.8859    -0.0071    92.7814 1.0000e-12  -74.11670 -113.26460  30.423959      99.94 6.4641e+01    620.071      14883  1029.2823  1029.2801     4.4015     0.0696     0.1421    34.2615    34.2589    8.10315         24 0.0000e+00
    371.000    366.833    -0.2425  28.444898    -0.2407  28.444459     4.7899     4.8762    -0.0111    92.7965 1.0000e-12  -74.11670 -113.26462  30.423971      99.94 6.5158e+01    621.072      14907  1029.2874  1029.2851     4.4022     0.0699     0.1408    34.2619    34.2593    8.10294         24 0.0000e+00
    372.000    367.819    -0.2409  28.447621    -0.2389  28.447171     4.7910     4.8789    -0.0080    92.7945 1.0000e-12  -74.11670 -113.26460  30.423982      99.94 6.4916e+01    622.059      14930  1029.2929  1029.2905     4.4021     0.0698     0.1394    34.2631    34.2602    8.10253         23 0.0000e+00
    373.000    368.808    -0.2381  28.450979    -0.2361  28.450627     4.7886     4.8790    -0.0034    92.7465 1.0000e-12  -74.11670 -113.26462  30.423993      99.94 6.4339e+01    623.032      14954  1029.2980  1029.2958     4.3998     0.0683     0.1374    34.2638    34.2611    8.10189         24 0.0000e+00
    374.000    369.796    -0.2377  28.451993    -0.2355  28.451907     4.7903     4.8830    -0.0095    92.7761 1.0000e-12  -74.11670 -113.26460  30.424005      99.94 6.4640e+01    624.025      14978  1029.3031  1029.3008     4.4012     0.0698     0.1419    34.2641    34.2615    8.10180         24 0.0000e+00
    375.000    370.784    -0.2374  28.452785    -0.2353  28.452585     4.7881     4.8845    -0.0014    92.7941 1.0000e-12  -74.11670 -113.26461  30.424016      99.94 6.5077e+01    625.013      15001  1029.3079  1029.3057     4.4021     0.0703     0.1412    34.2642    34.2616    8.10172         24 0.0000e+00
    376.000    371.772    -0.2372  28.453530    -0.2350  28.453414     4.7871     4.8852    -0.0010    92.7890 1.0000e-12  -74.11670 -113.26461  30.424028      99.94 6.4540e+01    625.994      15025  1029.3127  1029.3106     4.4019     0.0692     0.1424    34.2643    34.2618    8.10166         23 0.0000e+00
    377.000    372.760    -0.2372  28.453970    -0.2351  28.453708     4.7880     4.8844    -0.0159    92.7899 1.0000e-12  -74.11670 -113.26461  30.424039      99.94 6.5226e+01    626.978      15048  1029.3176  1029.3152     4.4019     0.0719     0.1423    34.2644    34.2617    8.10168         24 0.0000e+00
    378.000    373.747    -0.2371  28.454368    -0.2349  28.454356     4.7863     4.8825    -0.0179    92.7856 1.0000e-12  -74.11670 -113.26461  30.424050      99.94 6.5227e+01    627.961      15072  1029.3222  1029.3200     4.4017     0.0687     0.1410    34.2642    34.2617    8.10166         23 0.0000e+00
    379.000    374.735    -0.2365  28.455567    -0.2342  28.455508     4.7866     4.8772    -0.0062    92.8082 1.0000e-12  -74.11670 -113.26460  30.424062      86.28 6.4997e+01    628.939      15096  1029.3271  1029.3248     4.4028     0.0674     0.1424    34.2645    34.2619    8.10151         24 0.0000e+00
    380.000    375.723    -0.2361  28.456422    -0.2340  28.456234     4.7903     4.8772    -0.0065    92.7954 1.0000e-12  -74.11670 -113.26460  30.424073      92.42 6.5224e+01    629.925      15119  1029.3319  1029.3297     4.4022     0.0679     0.1415    34.2646    34.2620    8.10143         24 0.0000e+00
    381.000    376.710    -0.2361  28.456853    -0.2342  28.456458     4.7915     4.8765    -0.0053    92.7689 1.0000e-12  -74.11670 -113.26461  30.424085      99.82 6.5227e+01    630.922      15143  1029.3366  1029.3345     4.4009     0.0697     0.1441    34.2646    34.2620    8.10142         24 0.0000e+00
    382.000    377.698    -0.2364  28.457164    -0.2345  28.456761     4.7866     4.8797    -0.0064    92.7601 1.0000e-12  -74.11670 -113.26462  30.424096      99.94 6.5227e+01    631.895      15166  1029.3416  1029.3394     4.4005     0.0700     0.1423    34.2648    34.2621    8.10148         23 0.0000e+00
    383.000    378.686    -0.2362  28.457911    -0.2342  28.457655     4.7868     4.8753    -0.0178    92.7710 1.0000e-12  -74.11670 -113.26462  30.424107      99.94 6.5227e+01    632.869      15190  1029.3464  1029.3442     4.4010     0.0697     0.1433    34.2649    34.2623    8.10142         23 0.0000e+00
    384.000    379.675    -0.2326  28.462253    -0.2305  28.462122     4.7872     4.8712    -0.0169    92.7802 1.0000e-12  -74.11670 -113.26461  30.424119      99.94 6.5227e+01    633.851      15213  1029.3518  1029.3496     4.4014     0.0696     0.1414    34.2660    34.2636    8.10059         24 0.0000e+00
    385.000    380.661    -0.2305  28.464968    -0.2283  28.464850     4.7825     4.8735    -0.0169    92.7887 1.0000e-12  -74.11670 -113.26461  30.424130      99.94 6.5227e+01    634.840      15237  1029.3569  1029.3547     4.4019     0.0710     0.1438    34.2667    34.2641    8.10011         24 0.0000e+00
    386.000    381.650    -0.2283  28.467847    -0.2263  28.467560     4.7831     4.8751    -0.0096    92.7734 1.0000e-12  -74.11670 -113.26461  30.424142      99.94 6.5227e+01    635.830      15261  1029.3621  1029.3598     4.4011     0.0699     0.1427    34.2675    34.2648    8.09960         23 0.0000e+00
    387.000    382.639    -0.2266  28.470192    -0.2245  28.470061     4.7839     4.8711    -0.0101    92.7599 1.0000e-12  -74.11670 -113.26461  30.424153      99.94 6.5227e+01    636.814      15285  1029.3673  1029.3651     4.4005     0.0699     0.1406    34.2682    34.2656    8.09921         24 0.0000e+00
    388.000    383.625    -0.2260  28.471551    -0.2239  28.471365     4.7819     4.8694    -0.0099    92.7654 1.0000e-12  -74.11670 -113.26462  30.424164      99.93 6.5227e+01    637.785      15308  1029.3724  1029.3701     4.4007     0.0702     0.1436    34.2687    34.2660    8.09905         23 0.0000e+00
    389.000    384.613    -0.2256  28.472513    -0.2233  28.472363     4.7759     4.8739    -0.0086    92.7515 1.0000e-12  -74.11670 -113.26462  30.424175      99.94 6.5227e+01    638.761      15331  1029.3773  1029.3749     4.4001     0.0694     0.1434    34.2689    34.2661    8.09895         24 0.0000e+00
    390.000    385.601    -0.2253  28.473141    -0.2234  28.472827     4.7815     4.8765    -0.0061    92.7521 1.0000e-12  -74.11670 -113.26462  30.424187      99.95 6.5227e+01    639.752      15355  1029.3819  1029.3798     4.4001     0.0686     0.1415    34.2687    34.2662    8.09888         23 0.0000e+00
    391.000    386.587    -0.2250  28.473925    -0.2231  28.473600     4.7742     4.8782    -0.0042    92.7464 1.0000e-12  -74.11670 -113.26462  30.424198      99.94 6.5227e+01    640.724      15378  1029.3868  1029.3846     4.3999     0.0704     0.1419    34.2689    34.2663    8.09883         23 0.0000e+00
    392.000    387.577    -0.2243  28.475079    -0.2224  28.474831     4.7786     4.8702    -0.0104    92.7396 1.0000e-12  -74.11670 -113.26462  30.424209      99.94 6.5227e+01    641.690      15402  1029.3916  1029.3895     4.3995     0.0696     0.1439    34.2691    34.2666    8.09867         23 0.0000e+00
    393.000    388.566    -0.2217  28.478379    -0.2198  28.477985     4.7814     4.8714    -0.0086    92.7308 1.0000e-12  -74.11670 -113.26462  30.424221      83.27 6.5227e+01    642.668      15425  1029.3968  1029.3946     4.3991     0.0678     0.1445    34.2699    34.2672    8.09806         24 0.0000e+00
    394.000    389.552    -0.2181  28.482588    -0.2163  28.482249     4.7810     4.8750    -0.0010    92.7439 1.0000e-12  -74.11670 -113.26462  30.424232      96.56 6.5227e+01    643.650      15449  1029.4021  1029.3999     4.3998     0.0691     0.1408    34.2709    34.2684    8.09725         24 0.0000e+00
    395.000    390.540    -0.2168  28.484525    -0.2148  28.484284     4.7869     4.8759    -0.0083    92.7253 1.0000e-12  -74.11670 -113.26462  30.424243      99.92 6.5227e+01    644.622      15472  1029.4071  1029.4049     4.3988     0.0697     0.1427    34.2714    34.2688    8.09693         23 0.0000e+00
    396.000    391.529    -0.2171  28.484447    -0.2152  28.484255     4.7809     4.8733    -0.0098    92.7298 1.0000e-12  -74.11670 -113.26462  30.424255      99.94 6.5227e+01    645.599      15495  1029.4116  1029.4096     4.3990     0.0701     0.1416    34.2710    34.2686    8.09702         24 0.0000e+00
    397.000    392.514    -0.2171  28.485037    -0.2151  28.484807     4.7831     4.8682    -0.0159    92.7442 1.0000e-12  -74.11670 -113.26462  30.424266      99.94 6.4235e+01    646.579      15519  1029.4165  1029.4144     4.3998     0.0685     0.1427    34.2712    34.2687    8.09700         23 0.0000e+00
    398.000    393.504    -0.2167  28.485873    -0.2147  28.485667     4.7790     4.8674    -0.0184    92.7438 1.0000e-12  -74.11670 -113.26462  30.424277      99.94 6.4492e+01    647.560      15542  1029.4213  1029.4192     4.3998     0.0690     0.1418    34.2712    34.2688    8.09691         24 0.0000e+00
    399.000    394.492    -0.2151  28.488187    -0.2131  28.487782     4.7806     4.8703    -0.0123    92.7385 1.0000e-12  -74.11670 -113.26462  30.424289      99.94 6.5222e+01    648.555      15566  1029.4265  1029.4242     4.3995     0.0696     0.1417    34.2720    34.2692    8.09654         24 0.0000e+00
    400.000    395.478    -0.2128  28.490834    -0.2110  28.490497     4.7808     4.8666    -0.0096    92.7465 1.0000e-12  -74.11670 -113.26462  30.424300      99.94 6.5227e+01    649.549      15590  1029.4313  1029.4292     4.3999     0.0689     0.1392    34.2723    34.2699    8.09603         23 0.0000e+00
    401.000    396.467    -0.2108  28.493495    -0.2090  28.492953     4.7723     4.8640    -0.0098    92.7416 1.0000e-12  -74.11670 -113.26462  30.424312      99.94 6.5227e+01    650.537      15614  1029.4364  1029.4342     4.3996     0.0699     0.1415    34.2730    34.2703    8.09556         24 0.0000e+00
    402.000    397.454    -0.2088  28.496031    -0.2070  28.495501     4.7745     4.8667    -0.0120    92.7341 1.0000e-12  -74.11670 -113.26462  30.424323      99.94 6.5227e+01    651.536      15638  1029.4415  1029.4393     4.3993     0.0699     0.1419    34.2735    34.2709    8.09511         24 0.0000e+00
    403.000    398.442    -0.2073  28.497934    -0.2052  28.497806     4.7772     4.8640    -0.0166    92.7212 1.0000e-12  -74.11670 -113.26462  30.424335      99.94 6.5227e+01    652.529      15662  1029.4463  1029.4442     4.3986     0.0705     0.1438    34.2738    34.2713    8.09478         24 0.0000e+00
    404.000    399.431    -0.2068  28.499015    -0.2049  28.498664     4.7758     4.8644    -0.0099    92.7207 1.0000e-12  -74.11670 -113.26462  30.424346      99.93 6.5227e+01    653.506      15685  1029.4513  1029.4491     4.3987     0.0707     0.1399    34.2741    34.2715    8.09466         23 0.0000e+00
    405.000    400.417    -0.2061  28.500256    -0.2041  28.499935     4.7747     4.8672    -0.0006    92.7594 1.0000e-12  -74.11670 -113.26462  30.424358      99.94 6.5153e+01    654.493      15709  1029.4563  1029.4540     4.4004     0.0694     0.1435    34.2744    34.2717    8.09450         24 0.0000e+00
    406.000    401.405    -0.2056  28.501271    -0.2037  28.500984     4.7774     4.8628    -0.0080    92.7513 1.0000e-12  -74.11670 -113.26462  30.424369      96.33 6.5154e+01    655.482      15733  1029.4611  1029.4590     4.4001     0.0690     0.1407    34.2746    34.2720    8.09438         24 0.0000e+00
    407.000    402.393    -0.2055  28.501807    -0.2035  28.501771     4.7779     4.8575    -0.0029    92.7532 1.0000e-12  -74.11670 -113.26462  30.424380      92.69 6.4232e+01    656.457      15756  1029.4659  1029.4639     4.4002     0.0702     0.1437    34.2746    34.2722    8.09436         23 0.0000e+00
    408.000    403.381    -0.2043  28.503806    -0.2023  28.503649     4.7793     4.8602    -0.0126    92.7498 1.0000e-12  -74.11670 -113.26462  30.424391      99.62 6.4849e+01    657.424      15779  1029.4711  1029.4690     4.4000     0.0701     0.1431    34.2753    34.2728    8.09407         23 0.0000e+00
    409.000    404.368    -0.2032  28.505276    -0.2008  28.505676     4.7726     4.8652    -0.0089    92.7535 1.0000e-12  -74.11670 -113.26462  30.424403      99.94 6.5156e+01    658.404      15803  1029.4758  1029.4739     4.4002     0.0709     0.1421    34.2753    34.2732    8.09381         24 0.0000e+00
    410.000    405.356    -0.2033  28.505675    -0.2013  28.505509     4.7703     4.8662    -0.0062    92.7726 1.0000e-12  -74.11670 -113.26462  30.424414      99.94 6.3770e+01    659.387      15826  1029.4807  1029.4786     4.4011     0.0691     0.1408    34.2754    34.2730    8.09384         24 0.0000e+00
    411.000    406.344    -0.2033  28.506147    -0.2013  28.505923     4.7803     4.8652    -0.0122    92.7696 1.0000e-12  -74.11670 -113.26462  30.424426      99.94 6.4766e+01    660.376      15850  1029.4854  1029.4833     4.4010     0.0694     0.1420    34.2755    34.2729    8.09384         24 0.0000e+00
    412.000    407.331    -0.2030  28.506917    -0.2009  28.506730     4.7727     4.8599    -0.0153    92.7577 1.0000e-12  -74.11670 -113.26462  30.424437      99.93 6.5225e+01    661.371      15874  1029.4902  1029.4881     4.4004     0.0699     0.1434    34.2755    34.2730    8.09376         23 0.0000e+00
    413.000    408.319    -0.2019  28.508482    -0.2003  28.507861     4.7753     4.8672    -0.0079    92.7667 1.0000e-12  -74.11670 -113.26462  30.424448      99.93 6.1588e+01    662.343      15897  1029.4951  1029.4930     4.4008     0.0696     0.1410    34.2758    34.2732    8.09352         23 0.0000e+00
    414.000    409.306    -0.2019  28.508838    -0.2003  28.508278     4.7777     4.8683    -0.0013    92.7695 1.0000e-12  -74.11670 -113.26462  30.424460      99.94 6.5095e+01    663.317      15921  1029.4998  1029.4977     4.4010     0.0692     0.1416    34.2757    34.2732    8.09353         24 0.0000e+00
    415.000    410.296    -0.2019  28.509361    -0.2004  28.508778     4.7667     4.8609    -0.0087    92.7733 1.0000e-12  -74.11670 -113.26462  30.424471      99.94 6.5227e+01    664.295      15944  1029.5046  1029.5025     4.4011     0.0697     0.1392    34.2758    34.2733    8.09353         23 0.0000e+00
