ocean_section_plots/required_files/ctd/dnbp2202_ctd025.cnv
* Sea-Bird SBE 9 Data File:
* FileName = D:\Data\raw\NBP2202_CTD025.hex
* Software Version Seasave V 7.26.7.121
* Temperature SN = 1649
* Conductivity SN = 2513
* Number of Bytes Per Scan = 40
* Number of Voltage Words = 5
* Number of Scans Averaged by the Deck Unit = 1
* NMEA Latitude = 74 13.97 S
* NMEA Longitude = 112 17.24 W
* NMEA UTC (Time) = Jan 21 2022  06:38:34
* NMEA baud rate = 9600
** Ship: RVIB N.B. Palmer
** Cruise: NBP2202 Thwaites
** Station: Tow-Yo #1
** Operator: B. Bjork
# nquan = 25
# nvalues = 1023                        
# units = specified
# name 0 = prDM: Pressure, Digiquartz [db]
# name 1 = depSM: Depth [salt water, m]
# name 2 = t090C: Temperature [ITS-90, deg C]
# name 3 = c0mS/cm: Conductivity [mS/cm]
# name 4 = t190C: Temperature, 2 [ITS-90, deg C]
# name 5 = c1mS/cm: Conductivity, 2 [mS/cm]
# name 6 = sbeox0ML/L: Oxygen, SBE 43 [ml/l]
# name 7 = sbeox1ML/L: Oxygen, SBE 43, 2 [ml/l]
# name 8 = flECO-AFL: Fluorescence, WET Labs ECO-AFL/FL [mg/m^3]
# name 9 = CStarTr0: Beam Transmission, WET Labs C-Star [%]
# name 10 = par: PAR/Irradiance, Biospherical/Licor
# name 11 = latitude: Latitude [deg]
# name 12 = longitude: Longitude [deg]
# name 13 = timeJ: Julian Days
# name 14 = altM: Altimeter [m]
# name 15 = spar: SPAR, Biospherical/Licor
# name 16 = timeS: Time, Elapsed [seconds]
# name 17 = scan: Scan Count
# name 18 = density00: Density [density, kg/m^3]
# name 19 = density11: Density, 2 [density, kg/m^3]
# name 20 = sal00: Salinity, Practical [PSU]
# name 21 = sal11: Salinity, Practical, 2 [PSU]
# name 22 = oxsolML/L: Oxygen Saturation, Garcia & Gordon [ml/l]
# name 23 = nbin: number of scans per bin
# name 24 = flag: flag
# span 0 =      2.000,   1024.000       
# span 1 =      1.982,   1010.902       
# span 2 =    -1.4603,     0.5162       
# span 3 =  27.073409,  29.595853       
# span 4 =    -1.4592,     0.5184       
# span 5 =  27.073362,  29.595709       
# span 6 =     4.5813,     7.7842       
# span 7 =     4.8222,     8.2403       
# span 8 =    -0.0163,    12.7222       
# span 9 =    79.3261,    98.2490       
# span 10 = -2.070e-06, 1.0716e+02      
# span 11 =  -74.23296,  -74.23200      
# span 12 = -112.28696, -112.27465      
# span 13 =  21.282011,  21.299080      
# span 14 =       8.23,     100.04      
# span 15 = 5.1022e+02, 5.4778e+02      
# span 16 =    451.769,   1926.545      
# span 17 =      10843,      46238      
# span 18 =  1027.1974,  1032.5266      
# span 19 =  1027.1968,  1032.5245      
# span 20 =    33.8015,    34.5500      
# span 21 =    33.8006,    34.5476      
# span 22 =    7.92843,    8.38675      
# span 23 =         12,         48      
# span 24 = 0.0000e+00, 0.0000e+00      
# interval = decibars: 1                
# start_time = Jan 21 2022 06:38:34 [NMEA time, header]
# bad_flag = -9.990e-29
*END*
[from data line 580]
    582.000    575.167     0.1680  28.998879     0.1707  28.999122     4.6881     4.9554    -0.0054    97.8787 1.0000e-12  -74.23238 -112.27989  21.292057      99.83 5.2531e+02   1319.725      31674  1030.3762  1030.3738    34.4105    34.4079    8.00814         29 0.0000e+00
    583.000    576.154     0.1703  29.001870     0.1726  29.001853     4.6918     4.9535     0.0082    97.9383 1.0000e-12  -74.23238 -112.27988  21.292071      99.84 5.2387e+02   1320.939      31704  1030.3813  1030.3790    34.4113    34.4087    8.00762         30 0.0000e+00
    584.000    577.140     0.1715  29.003750     0.1733  29.003043     4.6932     4.9515    -0.0063    97.9585 1.0000e-12  -74.23238 -112.27988  21.292085      88.59 5.2308e+02   1322.141      31732  1030.3864  1030.3839    34.4119    34.4090    8.00734         28 0.0000e+00
    585.000    578.127     0.1729  29.005919     0.1751  29.005697     4.6860     4.9521    -0.0014    97.9631 1.0000e-12  -74.23238 -112.27986  21.292099      97.48 5.2522e+02   1323.336      31761  1030.3915  1030.3892    34.4126    34.4098    8.00701         29 0.0000e+00
    586.000    579.114     0.1742  29.007911     0.1762  29.007467     4.6898     4.9563    -0.0007    97.9567 1.0000e-12  -74.23238 -112.27985  21.292113      99.85 5.2597e+02   1324.525      31790  1030.3966  1030.3942    34.4131    34.4103    8.00671         28 0.0000e+00
    587.000    580.100     0.1752  29.009670     0.1777  29.009638     4.6863     4.9503     0.0120    97.9279 1.0000e-12  -74.23238 -112.27984  21.292126      99.83 5.2349e+02   1325.699      31818  1030.4017  1030.3993    34.4137    34.4110    8.00646         28 0.0000e+00
    588.000    581.088     0.1752  29.009897     0.1772  29.009461     4.6892     4.9539     0.0064    97.9510 1.0000e-12  -74.23238 -112.27984  21.292140      99.84 5.2416e+02   1326.896      31847  1030.4063  1030.4039    34.4135    34.4106    8.00648         30 0.0000e+00
    589.000    582.076     0.1756  29.010837     0.1777  29.010577     4.6910     4.9549    -0.0009    97.9719 1.0000e-12  -74.23238 -112.27982  21.292154      99.84 5.2594e+02   1328.118      31876  1030.4111  1030.4088    34.4137    34.4110    8.00639         29 0.0000e+00
    590.000    583.061     0.1761  29.011902     0.1782  29.011576     4.6910     4.9561    -0.0017    97.9507 1.0000e-12  -74.23238 -112.27982  21.292168      99.84 5.2340e+02   1329.331      31905  1030.4160  1030.4136    34.4140    34.4111    8.00627         29 0.0000e+00
    591.000    584.048     0.1770  29.013557     0.1792  29.013344     4.6919     4.9546    -0.0163    97.9542 1.0000e-12  -74.23237 -112.27981  21.292182      99.84 5.2340e+02   1330.539      31934  1030.4211  1030.4187    34.4145    34.4117    8.00605         29 0.0000e+00
    592.000    585.035     0.1776  29.014636     0.1798  29.014440     4.6940     4.9536    -0.0010    97.9463 1.0000e-12  -74.23236 -112.27980  21.292196      99.84 5.2473e+02   1331.745      31963  1030.4260  1030.4236    34.4147    34.4120    8.00592         29 0.0000e+00
    593.000    586.023     0.1784  29.016098     0.1805  29.015667     4.6937     4.9555    -0.0004    97.9480 1.0000e-12  -74.23236 -112.27979  21.292210      99.84 5.2364e+02   1332.954      31992  1030.4309  1030.4285    34.4151    34.4123    8.00571         29 0.0000e+00
    594.000    587.008     0.1783  29.016246     0.1804  29.015935     4.6904     4.9587    -0.0004    97.9480 1.0000e-12  -74.23236 -112.27978  21.292224      97.28 5.2454e+02   1334.157      32021  1030.4355  1030.4331    34.4149    34.4121    8.00576         29 0.0000e+00
    595.000    587.995     0.1783  29.016940     0.1805  29.016538     4.6913     4.9526    -0.0004    97.9665 1.0000e-12  -74.23236 -112.27978  21.292238      82.05 5.2509e+02   1335.364      32050  1030.4404  1030.4379    34.4151    34.4122    8.00573         29 0.0000e+00
    596.000    588.983     0.1796  29.018936     0.1816  29.018411     4.6883     4.9540    -0.0004    97.9886 1.0000e-12  -74.23236 -112.27976  21.292252      97.33 5.2378e+02   1336.570      32079  1030.4455  1030.4430    34.4158    34.4129    8.00544         29 0.0000e+00
    597.000    589.969     0.1799  29.019659     0.1821  29.019596     4.6899     4.9485    -0.0004    97.9599 1.0000e-12  -74.23236 -112.27975  21.292266      99.82 5.2400e+02   1337.777      32108  1030.4502  1030.4480    34.4158    34.4133    8.00537         29 0.0000e+00
    598.000    590.956     0.1818  29.022461     0.1842  29.022426     4.6883     4.9531    -0.0004    97.9222 1.0000e-12  -74.23236 -112.27974  21.292280      99.84 5.2431e+02   1339.002      32137  1030.4555  1030.4531    34.4167    34.4140    8.00492         29 0.0000e+00
    599.000    591.943     0.1827  29.023901     0.1848  29.023729     4.6869     4.9547    -0.0004    97.9411 1.0000e-12  -74.23236 -112.27972  21.292294      99.84 5.2302e+02   1340.220      32166  1030.4604  1030.4582    34.4171    34.4145    8.00472         29 0.0000e+00
    600.000    592.930     0.1833  29.025190     0.1854  29.024823     4.6825     4.9546    -0.0007    97.9044 1.0000e-12  -74.23236 -112.27972  21.292308      99.84 5.2425e+02   1341.422      32195  1030.4654  1030.4630    34.4175    34.4147    8.00456         29 0.0000e+00
    601.000    593.916     0.1835  29.025938     0.1857  29.025674     4.6815     4.9482     0.0059    97.9489 1.0000e-12  -74.23236 -112.27971  21.292322      99.84 5.2479e+02   1342.626      32224  1030.4702  1030.4678    34.4177    34.4149    8.00451         29 0.0000e+00
    602.000    594.904     0.1840  29.026980     0.1861  29.026712     4.6874     4.9523    -0.0007    97.9587 1.0000e-12  -74.23236 -112.27970  21.292336      99.84 5.2266e+02   1343.833      32253  1030.4751  1030.4728    34.4179    34.4152    8.00440         29 0.0000e+00
    603.000    595.890     0.1849  29.028326     0.1869  29.027963     4.6876     4.9532     0.0034    97.9771 1.0000e-12  -74.23236 -112.27969  21.292351      99.84 5.2340e+02   1345.085      32283  1030.4799  1030.4776    34.4181    34.4154    8.00421         32 0.0000e+00
    604.000    596.877     0.1884  29.032735     0.1919  29.033682     4.6902     4.9410    -0.0004    97.9630 1.0000e-12  -74.23235 -112.27968  21.292366      99.84 5.2358e+02   1346.452      32316  1030.4853  1030.4829    34.4194    34.4167    8.00339         33 0.0000e+00
    605.000    597.864     0.1964  29.041355     0.1993  29.041652     4.6827     4.9431    -0.0004    97.9833 1.0000e-12  -74.23234 -112.27967  21.292383      90.13 5.2358e+02   1347.856      32350  1030.4907  1030.4882    34.4212    34.4184    8.00162         34 0.0000e+00
    606.000    598.850     0.1978  29.043008     0.2008  29.043543     4.6778     4.9412    -0.0004    98.0008 1.0000e-12  -74.23234 -112.27966  21.292398      91.40 5.2358e+02   1349.230      32383  1030.4953  1030.4930    34.4212    34.4186    8.00134         32 0.0000e+00
    607.000    599.838     0.2008  29.046593     0.2036  29.046988     4.6791     4.9413    -0.0049    97.9841 1.0000e-12  -74.23234 -112.27964  21.292414      99.80 5.2322e+02   1350.598      32415  1030.5005  1030.4981    34.4221    34.4194    8.00068         34 0.0000e+00
    608.000    600.824     0.2023  29.048491     0.2052  29.049067     4.6796     4.9432    -0.0090    97.9738 1.0000e-12  -74.23234 -112.27963  21.292430      99.83 5.2203e+02   1351.995      32449  1030.5053  1030.5030    34.4223    34.4198    8.00035         33 0.0000e+00
    609.000    601.811     0.2056  29.052561     0.2079  29.052423     4.6737     4.9437     0.0035    97.9978 1.0000e-12  -74.23234 -112.27962  21.292446      99.84 5.2367e+02   1353.365      32482  1030.5106  1030.5082    34.4234    34.4206    7.99960         33 0.0000e+00
    610.000    602.796     0.2070  29.054569     0.2097  29.054723     4.6762     4.9440    -0.0012    98.0019 1.0000e-12  -74.23234 -112.27960  21.292462      99.84 5.2436e+02   1354.748      32515  1030.5155  1030.5131    34.4238    34.4211    7.99927         31 0.0000e+00
    611.000    603.785     0.2088  29.056847     0.2110  29.056554     4.6792     4.9357     0.0019    97.9940 1.0000e-12  -74.23234 -112.27958  21.292479      99.84 5.2237e+02   1356.143      32548  1030.5204  1030.5180    34.4242    34.4214    7.99888         33 0.0000e+00
    612.000    604.771     0.2117  29.060201     0.2143  29.060319     4.6697     4.9329     0.0023    97.9988 1.0000e-12  -74.23234 -112.27958  21.292494      99.84 5.2262e+02   1357.506      32581  1030.5254  1030.5231    34.4248    34.4221    7.99825         33 0.0000e+00
    613.000    605.758     0.2150  29.064473     0.2174  29.064430     4.6705     4.9387    -0.0009    97.9895 1.0000e-12  -74.23233 -112.27957  21.292510      99.85 5.2387e+02   1358.875      32614  1030.5309  1030.5286    34.4261    34.4234    7.99748         31 0.0000e+00
    614.000    606.744     0.2163  29.066577     0.2185  29.066382     4.6758     4.9336     0.0007    97.9551 1.0000e-12  -74.23232 -112.27956  21.292526      90.32 5.2264e+02   1360.277      32648  1030.5362  1030.5338    34.4269    34.4241    7.99718         34 0.0000e+00
    615.000    607.732     0.2162  29.067549     0.2184  29.067346     4.6816     4.9426    -0.0006    97.9958 1.0000e-12  -74.23232 -112.27955  21.292543      83.38 5.2264e+02   1361.676      32681  1030.5416  1030.5392    34.4277    34.4249    7.99716         34 0.0000e+00
    616.000    608.717     0.2157  29.069239     0.2183  29.069340     4.6754     4.9409    -0.0089    98.0081 1.0000e-12  -74.23232 -112.27954  21.292559      99.32 5.2372e+02   1363.087      32715  1030.5481  1030.5457    34.4299    34.4271    7.99714         34 0.0000e+00
    617.000    609.706     0.2264  29.081391     0.2289  29.081387     4.6735     4.9391     0.0109    97.9822 1.0000e-12  -74.23232 -112.27952  21.292575      99.84 5.2247e+02   1364.480      32749  1030.5546  1030.5521    34.4333    34.4305    7.99472         32 0.0000e+00
    618.000    610.690     0.2289  29.084126     0.2309  29.083615     4.6739     4.9358     0.0011    97.9904 1.0000e-12  -74.23231 -112.27951  21.292591      99.84 5.2186e+02   1365.829      32781  1030.5592  1030.5568    34.4335    34.4306    7.99418         32 0.0000e+00
    619.000    611.679     0.2295  29.085074     0.2312  29.084395     4.6727     4.9332     0.0030    97.9855 1.0000e-12  -74.23230 -112.27950  21.292606      99.84 5.2363e+02   1367.190      32814  1030.5640  1030.5616    34.4336    34.4307    7.99407         34 0.0000e+00
    620.000    612.663     0.2303  29.086419     0.2330  29.086666     4.6729     4.9344    -0.0057    98.0080 1.0000e-12  -74.23230 -112.27949  21.292622      99.84 5.2203e+02   1368.566      32847  1030.5689  1030.5665    34.4338    34.4311    7.99388         32 0.0000e+00
    621.000    613.652     0.2304  29.086736     0.2310  29.084867     4.6734     4.9356    -0.0087    97.9933 1.0000e-12  -74.23230 -112.27948  21.292638      99.84 5.2226e+02   1369.920      32879  1030.5734  1030.5709    34.4335    34.4304    7.99387         32 0.0000e+00
    622.000    614.638     0.2292  29.086151     0.2314  29.085928     4.6699     4.9362    -0.0007    98.0115 1.0000e-12  -74.23230 -112.27946  21.292654      99.84 5.2380e+02   1371.287      32912  1030.5782  1030.5759    34.4335    34.4308    7.99412         34 0.0000e+00
    623.000    615.625     0.2301  29.087676     0.2322  29.087532     4.6712     4.9347    -0.0051    98.0223 1.0000e-12  -74.23230 -112.27946  21.292670      99.84 5.2189e+02   1372.686      32945  1030.5832  1030.5810    34.4339    34.4314    7.99391         33 0.0000e+00
    624.000    616.612     0.2305  29.088474     0.2326  29.088321     4.6775     4.9368     0.0010    98.0380 1.0000e-12  -74.23230 -112.27945  21.292686      87.19 5.2254e+02   1374.038      32978  1030.5880  1030.5857    34.4340    34.4314    7.99383         32 0.0000e+00
    625.000    617.598     0.2303  29.088907     0.2325  29.088760     4.6754     4.9398    -0.0062    98.0199 1.0000e-12  -74.23230 -112.27942  21.292701      94.55 5.2541e+02   1375.367      33010  1030.5929  1030.5905    34.4342    34.4315    7.99386         31 0.0000e+00
    626.000    618.585     0.2296  29.088906     0.2316  29.088641     4.6747     4.9332    -0.0012    98.0277 1.0000e-12  -74.23229 -112.27942  21.292714      99.88 5.2268e+02   1376.529      33038  1030.5978  1030.5955    34.4344    34.4318    7.99400         26 0.0000e+00
    627.000    619.571     0.2298  29.089546     0.2316  29.089105     4.6718     4.9376    -0.0012    98.0336 1.0000e-12  -74.23228 -112.27941  21.292727      99.84 5.2095e+02   1377.592      33063  1030.6026  1030.6003    34.4344    34.4319    7.99396         26 0.0000e+00
    628.000    620.558     0.2294  29.089735     0.2314  29.089395     4.6722     4.9354    -0.0087    98.0093 1.0000e-12  -74.23228 -112.27940  21.292739      99.84 5.2247e+02   1378.670      33089  1030.6073  1030.6050    34.4345    34.4318    7.99403         26 0.0000e+00
    629.000    621.544     0.2297  29.090529     0.2316  29.090181     4.6717     4.9383     0.0051    98.0343 1.0000e-12  -74.23228 -112.27940  21.292752      99.84 5.2202e+02   1379.758      33115  1030.6121  1030.6099    34.4346    34.4320    7.99396         26 0.0000e+00
    630.000    622.531     0.2297  29.090954     0.2315  29.090621     4.6728     4.9378    -0.0010    98.0458 1.0000e-12  -74.23228 -112.27939  21.292764      99.84 5.2238e+02   1380.830      33141  1030.6168  1030.6148    34.4346    34.4322    7.99396         25 0.0000e+00
    631.000    623.518     0.2295  29.091428     0.2314  29.091048     4.6703     4.9383    -0.0010    98.0304 1.0000e-12  -74.23228 -112.27938  21.292777      99.84 5.2277e+02   1381.912      33167  1030.6217  1030.6195    34.4348    34.4323    7.99398         26 0.0000e+00
    632.000    624.505     0.2293  29.091605     0.2314  29.091518     4.6717     4.9340    -0.0077    98.0435 1.0000e-12  -74.23228 -112.27937  21.292789      99.83 5.2235e+02   1382.981      33193  1030.6264  1030.6242    34.4348    34.4323    7.99404         26 0.0000e+00
    633.000    625.491     0.2292  29.091987     0.2312  29.091709     4.6771     4.9394    -0.0025    98.0458 1.0000e-12  -74.23226 -112.27936  21.292801      99.84 5.2153e+02   1384.038      33218  1030.6310  1030.6289    34.4347    34.4322    7.99405         25 0.0000e+00
    634.000    626.478     0.2278  29.090823     0.2298  29.090645     4.6780     4.9363    -0.0071    98.0633 1.0000e-12  -74.23226 -112.27936  21.292814      99.84 5.2296e+02   1385.101      33243  1030.6355  1030.6334    34.4342    34.4318    7.99437         26 0.0000e+00
    635.000    627.464     0.2277  29.091163     0.2298  29.090984     4.6735     4.9365     0.0038    98.0037 1.0000e-12  -74.23226 -112.27934  21.292826      98.35 5.2269e+02   1386.191      33270  1030.6401  1030.6380    34.4342    34.4317    7.99439         26 0.0000e+00
    636.000    628.452     0.2277  29.091728     0.2297  29.091495     4.6731     4.9376     0.0131    98.0207 1.0000e-12  -74.23226 -112.27934  21.292839      75.09 5.2220e+02   1387.310      33296  1030.6450  1030.6428    34.4344    34.4318    7.99439         27 0.0000e+00
    637.000    629.437     0.2278  29.092199     0.2298  29.091995     4.6786     4.9372    -0.0052    98.0263 1.0000e-12  -74.23226 -112.27932  21.292852      89.89 5.2287e+02   1388.432      33323  1030.6496  1030.6475    34.4343    34.4318    7.99437         27 0.0000e+00
    638.000    630.425     0.2281  29.092926     0.2301  29.092737     4.6741     4.9357     0.0043    98.0340 1.0000e-12  -74.23226 -112.27931  21.292865      98.42 5.2263e+02   1389.564      33351  1030.6544  1030.6522    34.4344    34.4318    7.99431         28 0.0000e+00
