ocean_section_plots/required_files/ctd/dnbp2202_ctd096.cnv
* Sea-Bird SBE 9 Data File:
* FileName = D:\Data\raw\NBP2202_CTD096.hex
* Software Version Seasave V 7.26.7.121
* Temperature SN = 1649
* Conductivity SN = 2513
* Number of Bytes Per Scan = 40
* Number of Voltage Words = 5
* Number of Scans Averaged by the Deck Unit = 1
* NMEA Latitude = 74 10.51 S
* NMEA Longitude = 113 20.67 W
* NMEA UTC (Time) = Jan 27 2022  00:30:53
* NMEA baud rate = 9600
** Ship: RVIB N.B. Palmer
** Cruise: NBP2202 Thwaites
** Station: YoYo001
** Operator: A. Robinson
# nquan = 25
# nvalues = 608                         
# units = specified
# name 0 = prDM: Pressure, Digiquartz [db]
# name 1 = depSM: Depth [salt water, m]
# name 2 = t090C: Temperature [ITS-90, deg C]
# name 3 = c0mS/cm: Conductivity [mS/cm]
# name 4 = t190C: Temperature, 2 [ITS-90, deg C]
# name 5 = c1mS/cm: Conductivity, 2 [mS/cm]
# name 6 = sbeox0ML/L: Oxygen, SBE 43 [ml/l]
# name 7 = sbeox1ML/L: Oxygen, SBE 43, 2 [ml/l]
# name 8 = flECO-AFL: Fluorescence, WET Labs ECO-AFL/FL [mg/m^3]
# name 9 = CStarTr0: Beam Transmission, WET Labs C-Star [%]
# name 10 = par: PAR/Irradiance, Biospherical/Licor
# name 11 = latitude: Latitude [deg]
# name 12 = longitude: Longitude [deg]
# name 13 = timeJ: Julian Days
# name 14 = altM: Altimeter [m]
# name 15 = spar: SPAR, Biospherical/Licor
# name 16 = timeS: Time, Elapsed [seconds]
# name 17 = scan: Scan Count
# name 18 = density00: Density [density, kg/m^3]
# name 19 = density11: Density, 2 [density, kg/m^3]
# name 20 = sal00: Salinity, Practical [PSU]
# name 21 = sal11: Salinity, Practical, 2 [PSU]
# name 22 = oxsolML/L: Oxygen Saturation, Garcia & Gordon [ml/l]
# name 23 = nbin: number of scans per bin
# name 24 = flag: flag
# span 0 =     10.000,    617.000       
# span 1 =      9.896,    609.706       
# span 2 =    -1.5211,     0.0870       
# span 3 =  26.920193,  28.922539       
# span 4 =    -1.5194,     0.0891       
# span 5 =  26.920589,  28.922354       
# span 6 =     4.6862,     8.1157       
# span 7 =     4.7457,     7.9836       
# span 8 =    -0.0224,    19.9576       
# span 9 =    73.2474,    95.5171       
# span 10 = 1.0000e-12, 5.1978e+01      
# span 11 =  -74.17530,  -74.17528      
# span 12 = -113.34458, -113.34454      
# span 13 =  27.021890,  27.031332      
# span 14 =       4.51,     100.01      
# span 15 = 1.6917e+03, 1.7115e+03      
# span 16 =     38.294,    854.070      
# span 17 =        920,      20499      
# span 18 =  1027.2272,  1030.5222      
# span 19 =  1027.2258,  1030.5201      
# span 20 =    33.7939,    34.3802      
# span 21 =    33.7922,    34.3776      
# span 22 =    8.02676,    8.40913      
# span 23 =         18,         47      
# span 24 = 0.0000e+00, 0.0000e+00      
# interval = decibars: 1                
# start_time = Jan 27 2022 00:30:53 [NMEA time, header]
# bad_flag = -9.990e-29
*END*
[from data line 290]
    300.000    296.680    -0.6312  27.977997    -0.6292  27.977465     4.9229     4.9948    -0.0114    95.2364 1.0000e-12  -74.17528 -113.34456  27.026267      99.86 1.7012e+03    416.473       9996  1028.8542  1028.8517    34.1163    34.1133    8.19471         28 0.0000e+00
    301.000    297.667    -0.6192  27.990839    -0.6172  27.990523     4.9196     4.9889    -0.0029    95.2378 1.0000e-12  -74.17528 -113.34456  27.026280      99.87 1.7012e+03    417.603      10023  1028.8606  1028.8584    34.1194    34.1167    8.19192         26 0.0000e+00
    302.000    298.657    -0.6176  27.992914    -0.6156  27.992465     4.9171     4.9889    -0.0176    95.2193 1.0000e-12  -74.17528 -113.34456  27.026293      99.87 1.7012e+03    418.721      10050  1028.8657  1028.8633    34.1198    34.1170    8.19155         27 0.0000e+00
    303.000    299.643    -0.6144  27.996812    -0.6117  27.997063     4.9158     4.9829    -0.0021    95.2204 1.0000e-12  -74.17528 -113.34456  27.026306      99.87 1.7012e+03    419.848      10077  1028.8711  1028.8688    34.1208    34.1182    8.19079         27 0.0000e+00
    304.000    300.634    -0.6113  28.000474    -0.6093  28.000105     4.9163     4.9883    -0.0119    95.2190 1.0000e-12  -74.17528 -113.34456  27.026319      99.86 1.7012e+03    420.977      10104  1028.8764  1028.8741    34.1217    34.1190    8.19008         28 0.0000e+00
    305.000    301.621    -0.6109  28.001234    -0.6091  28.000787     4.9148     4.9807    -0.0131    95.2167 1.0000e-12  -74.17528 -113.34456  27.026332      99.87 1.7012e+03    422.106      10132  1028.8813  1028.8790    34.1217    34.1190    8.19000         27 0.0000e+00
    306.000    302.608    -0.6104  28.002430    -0.6083  28.002032     4.9058     4.9788    -0.0180    95.2147 1.0000e-12  -74.17528 -113.34456  27.026345      88.15 1.7012e+03    423.240      10159  1028.8863  1028.8839    34.1221    34.1192    8.18985         27 0.0000e+00
    307.000    303.597    -0.6051  28.008688    -0.6027  28.008484     4.9046     4.9779    -0.0121    95.2138 1.0000e-12  -74.17528 -113.34456  27.026358      98.54 1.7012e+03    424.370      10186  1028.8922  1028.8897    34.1239    34.1209    8.18860         27 0.0000e+00
    308.000    304.586    -0.6003  28.013808    -0.5985  28.013356     4.9063     4.9713    -0.0162    95.2141 1.0000e-12  -74.17528 -113.34456  27.026371      99.87 1.7012e+03    425.485      10213  1028.8975  1028.8952    34.1249    34.1222    8.18752         26 0.0000e+00
    309.000    305.573    -0.5979  28.016834    -0.5959  28.016624     4.9060     4.9807    -0.0015    95.2293 1.0000e-12  -74.17528 -113.34456  27.026384      99.87 1.7012e+03    426.601      10239  1028.9027  1028.9005    34.1256    34.1230    8.18695         27 0.0000e+00
    310.000    306.563    -0.5953  28.019877    -0.5934  28.019649     4.9024     4.9789    -0.0050    95.2176 1.0000e-12  -74.17528 -113.34456  27.026397      99.87 1.7012e+03    427.728      10266  1028.9078  1028.9058    34.1262    34.1238    8.18636         26 0.0000e+00
    311.000    307.550    -0.5926  28.023295    -0.5905  28.023049     4.9006     4.9679    -0.0188    95.2176 1.0000e-12  -74.17528 -113.34456  27.026411      99.87 1.7013e+03    428.875      10294  1028.9132  1028.9110    34.1271    34.1245    8.18572         27 0.0000e+00
    312.000    308.539    -0.5894  28.027007    -0.5874  28.026668     4.9010     4.9738    -0.0109    95.2080 1.0000e-12  -74.17528 -113.34456  27.026424      99.86 1.7013e+03    430.021      10322  1028.9184  1028.9162    34.1279    34.1252    8.18498         28 0.0000e+00
    313.000    309.526    -0.5881  28.028735    -0.5864  28.028421     4.9027     4.9728     0.0031    95.2166 1.0000e-12  -74.17528 -113.34456  27.026437      99.87 1.7018e+03    431.163      10349  1028.9234  1028.9214    34.1282    34.1258    8.18469         27 0.0000e+00
    314.000    310.515    -0.5881  28.029399    -0.5863  28.029046     4.9011     4.9669    -0.0057    95.2119 1.0000e-12  -74.17528 -113.34456  27.026450      99.86 1.7015e+03    432.280      10376  1028.9285  1028.9263    34.1285    34.1260    8.18467         27 0.0000e+00
    315.000    311.502    -0.5865  28.031602    -0.5846  28.031303     4.9028     4.9701    -0.0143    95.2146 1.0000e-12  -74.17528 -113.34456  27.026463      99.87 1.7013e+03    433.393      10402  1028.9335  1028.9314    34.1290    34.1264    8.18429         27 0.0000e+00
    316.000    312.491    -0.5859  28.032899    -0.5839  28.032530     4.8997     4.9681    -0.0092    95.2081 1.0000e-12  -74.17528 -113.34456  27.026476      99.86 1.7012e+03    434.515      10429  1028.9387  1028.9364    34.1295    34.1268    8.18414         26 0.0000e+00
    317.000    313.479    -0.5843  28.034821    -0.5822  28.034678     4.9084     4.9697    -0.0044    95.1983 1.0000e-12  -74.17528 -113.34456  27.026489      99.87 1.7012e+03    435.641      10456  1028.9435  1028.9414    34.1296    34.1271    8.18377         27 0.0000e+00
    318.000    314.468    -0.5837  28.036008    -0.5818  28.035678     4.9177     4.9901    -0.0141    95.2043 1.0000e-12  -74.17528 -113.34456  27.026502      91.02 1.7012e+03    436.780      10484  1028.9485  1028.9463    34.1299    34.1273    8.18363         28 0.0000e+00
    319.000    315.454    -0.5920  28.028841    -0.5907  28.028340     4.9370     5.0082    -0.0054    95.2024 1.0000e-12  -74.17528 -113.34456  27.026515      99.83 1.7012e+03    437.933      10511  1028.9533  1028.9516    34.1291    34.1270    8.18548         28 0.0000e+00
    320.000    316.443    -0.6045  28.018350    -0.6055  28.016089     4.9577     5.0257    -0.0074    95.2099 1.0000e-12  -74.17528 -113.34456  27.026529      99.87 1.7012e+03    439.077      10539  1028.9585  1028.9570    34.1284    34.1264    8.18822         27 0.0000e+00
    321.000    317.429    -0.6209  28.005090    -0.6191  28.004896     4.9660     5.0389    -0.0058    95.2166 1.0000e-12  -74.17528 -113.34456  27.026542      99.87 1.7012e+03    440.209      10566  1028.9645  1028.9625    34.1284    34.1261    8.19176         27 0.0000e+00
    322.000    318.420    -0.6249  28.002830    -0.6228  28.002643     4.9744     5.0420    -0.0066    95.2371 1.0000e-12  -74.17528 -113.34458  27.026555      99.86 1.7012e+03    441.325      10593  1028.9701  1028.9679    34.1292    34.1266    8.19258         26 0.0000e+00
    323.000    319.408    -0.6265  28.002202    -0.6245  28.002138     4.9848     5.0439    -0.0044    95.2155 1.0000e-12  -74.17528 -113.34456  27.026567      99.87 1.7012e+03    442.426      10619  1028.9753  1028.9733    34.1297    34.1273    8.19292         27 0.0000e+00
    324.000    320.396    -0.6247  28.005098    -0.6229  28.004667     4.9796     5.0407    -0.0064    95.2195 1.0000e-12  -74.17528 -113.34458  27.026580      99.86 1.7012e+03    443.546      10646  1028.9808  1028.9786    34.1309    34.1283    8.19245         27 0.0000e+00
    325.000    321.384    -0.6238  28.006784    -0.6218  28.006537     4.9746     5.0439    -0.0151    95.2338 1.0000e-12  -74.17528 -113.34458  27.026594      99.87 1.7012e+03    444.696      10674  1028.9859  1028.9837    34.1315    34.1290    8.19222         28 0.0000e+00
    326.000    322.371    -0.6216  28.009521    -0.6199  28.009064     4.9711     5.0431    -0.0127    95.2374 1.0000e-12  -74.17528 -113.34457  27.026607      99.87 1.7012e+03    445.854      10701  1028.9909  1028.9887    34.1321    34.1296    8.19171         28 0.0000e+00
    327.000    323.360    -0.6198  28.011960    -0.6180  28.011447     4.9617     5.0360    -0.0167    95.2408 1.0000e-12  -74.17528 -113.34457  27.026620      99.86 1.7012e+03    446.989      10729  1028.9959  1028.9937    34.1327    34.1301    8.19127         26 0.0000e+00
    328.000    324.349    -0.6179  28.014421    -0.6160  28.014097     4.9522     5.0300    -0.0189    95.2356 1.0000e-12  -74.17528 -113.34458  27.026633      99.86 1.7012e+03    448.107      10756  1029.0010  1028.9989    34.1334    34.1308    8.19084         27 0.0000e+00
    329.000    325.336    -0.6091  28.024530    -0.6071  28.023857     4.9434     5.0213    -0.0131    95.2290 1.0000e-12  -74.17528 -113.34458  27.026646      83.08 1.7012e+03    449.219      10782  1029.0076  1029.0049    34.1365    34.1333    8.18876         27 0.0000e+00
    330.000    326.325    -0.5875  28.046447    -0.5852  28.046388     4.9284     5.0062    -0.0036    95.2481 1.0000e-12  -74.17528 -113.34458  27.026659      95.08 1.7012e+03    450.334      10809  1029.0144  1029.0120    34.1411    34.1383    8.18382         27 0.0000e+00
    331.000    327.311    -0.5772  28.057878    -0.5753  28.057122     4.9218     4.9998    -0.0020    95.2656 1.0000e-12  -74.17528 -113.34458  27.026672      99.79 1.7012e+03    451.461      10836  1029.0210  1029.0182    34.1442    34.1410    8.18141         28 0.0000e+00
    332.000    328.301    -0.5639  28.071927    -0.5618  28.071424     4.9185     4.9920    -0.0105    95.2587 1.0000e-12  -74.17528 -113.34458  27.026685      99.87 1.7012e+03    452.608      10864  1029.0274  1029.0249    34.1475    34.1445    8.17835         27 0.0000e+00
    333.000    329.288    -0.5534  28.083061    -0.5514  28.082704     4.9128     4.9886    -0.0107    95.2595 1.0000e-12  -74.17528 -113.34458  27.026699      99.87 1.7012e+03    453.757      10891  1029.0336  1029.0312    34.1501    34.1473    8.17594         27 0.0000e+00
    334.000    330.276    -0.5487  28.088601    -0.5467  28.088190     4.9159     4.9835    -0.0098    95.2669 1.0000e-12  -74.17528 -113.34458  27.026712      99.87 1.7012e+03    454.902      10919  1029.0394  1029.0369    34.1516    34.1488    8.17483         28 0.0000e+00
    335.000    331.265    -0.5434  28.094975    -0.5413  28.094700     4.9113     4.9814    -0.0166    95.2615 1.0000e-12  -74.17528 -113.34458  27.026725      99.86 1.7012e+03    456.036      10946  1029.0455  1029.0431    34.1536    34.1508    8.17357         27 0.0000e+00
    336.000    332.252    -0.5382  28.100965    -0.5361  28.100867     4.9099     4.9853    -0.0104    95.2463 1.0000e-12  -74.17528 -113.34458  27.026738      99.87 1.7012e+03    457.161      10973  1029.0513  1029.0491    34.1552    34.1527    8.17236         27 0.0000e+00
    337.000    333.239    -0.5305  28.110264    -0.5282  28.109958     4.9171     4.9871    -0.0104    95.2538 1.0000e-12  -74.17528 -113.34458  27.026751      99.87 1.7012e+03    458.292      11000  1029.0581  1029.0556    34.1584    34.1554    8.17051         27 0.0000e+00
    338.000    334.230    -0.5241  28.117469    -0.5222  28.117027     4.9110     4.9763    -0.0049    95.2548 1.0000e-12  -74.17528 -113.34458  27.026764      99.87 1.7012e+03    459.428      11027  1029.0641  1029.0618    34.1603    34.1576    8.16903         27 0.0000e+00
    339.000    335.216    -0.5203  28.122092    -0.5180  28.121854     4.9133     4.9874    -0.0152    95.2451 1.0000e-12  -74.17528 -113.34458  27.026777      99.86 1.7012e+03    460.559      11054  1029.0698  1029.0672    34.1616    34.1587    8.16813         27 0.0000e+00
    340.000    336.205    -0.5100  28.133190    -0.5085  28.132202     4.9474     5.0037     0.0019    95.2374 1.0000e-12  -74.17528 -113.34458  27.026790      72.97 1.7012e+03    461.693      11082  1029.0760  1029.0734    34.1643    34.1613    8.16576         27 0.0000e+00
    341.000    337.192    -0.5238  28.121467    -0.5252  28.119485     4.9995     5.0479    -0.0134    95.2288 1.0000e-12  -74.17528 -113.34458  27.026803      93.65 1.7012e+03    462.817      11109  1029.0813  1029.0806    34.1634    34.1624    8.16877         27 0.0000e+00
    342.000    338.181    -0.5601  28.091660    -0.5532  28.095772     5.0373     5.0893    -0.0173    95.2474 1.0000e-12  -74.17528 -113.34458  27.026816      99.96 1.7012e+03    463.932      11135  1029.0893  1029.0870    34.1637    34.1614    8.17659         27 0.0000e+00
    343.000    339.168    -0.5882  28.067402    -0.5836  28.070356     5.0513     5.1081    -0.0124    95.2429 1.0000e-12  -74.17528 -113.34458  27.026829      99.86 1.7012e+03    465.055      11162  1029.0950  1029.0936    34.1621    34.1609    8.18275         28 0.0000e+00
    344.000    340.157    -0.5916  28.067219    -0.5901  28.066360     5.0440     5.1100    -0.0164    95.2448 1.0000e-12  -74.17528 -113.34458  27.026842      99.87 1.7012e+03    466.189      11190  1029.1022  1029.0999    34.1651    34.1623    8.18332         26 0.0000e+00
    345.000    341.146    -0.5905  28.068601    -0.5886  28.068149     5.0499     5.1196    -0.0113    95.2466 1.0000e-12  -74.17528 -113.34458  27.026856      99.87 1.7012e+03    467.326      11217  1029.1068  1029.1044    34.1651    34.1624    8.18308         28 0.0000e+00
    346.000    342.132    -0.5906  28.068479    -0.5901  28.067143     5.0541     5.1235    -0.0123    95.2701 1.0000e-12  -74.17528 -113.34458  27.026869      99.86 1.7012e+03    468.461      11244  1029.1108  1029.1089    34.1644    34.1621    8.18313         27 0.0000e+00
    347.000    343.122    -0.6069  28.053879    -0.6024  28.055979     5.0264     5.1048    -0.0123    95.2937 1.0000e-12  -74.17528 -113.34458  27.026882      99.87 1.7012e+03    469.578      11271  1029.1152  1029.1132    34.1625    34.1603    8.18677         27 0.0000e+00
    348.000    344.108    -0.5880  28.074194    -0.5834  28.075685     4.9712     5.0488    -0.0122    95.3160 1.0000e-12  -74.17528 -113.34458  27.026894      99.87 1.7012e+03    470.684      11297  1029.1227  1029.1198    34.1680    34.1648    8.18237         26 0.0000e+00
    349.000    345.097    -0.5430  28.116882    -0.5422  28.114842     4.9519     5.0339    -0.0076    95.3226 1.0000e-12  -74.17528 -113.34458  27.026908      99.87 1.7012e+03    471.810      11324  1029.1288  1029.1258    34.1741    34.1705    8.17231         27 0.0000e+00
    350.000    346.084    -0.5091  28.149622    -0.5006  28.154441     4.9421     5.0314    -0.0031    95.3439 1.0000e-12  -74.17528 -113.34458  27.026921      99.86 1.7012e+03    472.964      11352  1029.1351  1029.1320    34.1793    34.1762    8.16470         29 0.0000e+00
    351.000    347.073    -0.5232  28.135573    -0.5295  28.128040     4.9078     4.9848    -0.0131    95.3273 1.0000e-12  -74.17528 -113.34458  27.026934      99.87 1.7012e+03    474.118      11380  1029.1382  1029.1365    34.1757    34.1727    8.16794         27 0.0000e+00
    352.000    348.061    -0.5063  28.153518    -0.4888  28.165899     4.8795     4.9583    -0.0200    95.3445 1.0000e-12  -74.17528 -113.34458  27.026947      87.01 1.7012e+03    475.257      11407  1029.1454  1029.1416    34.1802    34.1771    8.16405         27 0.0000e+00
    353.000    349.047    -0.4604  28.196128    -0.4524  28.201119     4.8627     4.9474    -0.0147    95.3261 1.0000e-12  -74.17528 -113.34458  27.026961      96.40 1.7012e+03    476.388      11434  1029.1506  1029.1482    34.1852    34.1827    8.15390         27 0.0000e+00
    354.000    350.038    -0.4564  28.200308    -0.4547  28.199868     4.8500     4.9327    -0.0118    95.3282 1.0000e-12  -74.17528 -113.34458  27.026973      99.85 1.7012e+03    477.498      11461  1029.1558  1029.1538    34.1856    34.1831    8.15301         27 0.0000e+00
    355.000    351.024    -0.4399  28.218215    -0.4384  28.216561     4.8364     4.9166    -0.0118    95.3140 1.0000e-12  -74.17528 -113.34458  27.026986      99.87 1.7012e+03    478.617      11488  1029.1634  1029.1602    34.1904    34.1866    8.14918         27 0.0000e+00
    356.000    352.012    -0.4252  28.232778    -0.4230  28.232348     4.8308     4.9055    -0.0059    95.3045 1.0000e-12  -74.17528 -113.34458  27.027000      99.86 1.7012e+03    479.768      11515  1029.1692  1029.1666    34.1928    34.1898    8.14589         28 0.0000e+00
