ocean_section_plots/required_files/ctd/dnbp2202_ctd040.cnv
* Sea-Bird SBE 9 Data File:
* FileName = D:\Data\raw\NBP2202_CTD040.hex
* Software Version Seasave V 7.26.7.121
* Temperature SN = 1649
* Conductivity SN = 2513
* Number of Bytes Per Scan = 40
* Number of Voltage Words = 5
* Number of Scans Averaged by the Deck Unit = 1
* NMEA Latitude = 74 08.77 S
* NMEA Longitude = 113 18.76 W
* NMEA UTC (Time) = Jan 22 2022  16:32:27
* NMEA baud rate = 9600
** Ship: RVIB N.B. Palmer
** Cruise: NBP2202 Thwaites
** Station: 21
** Operator: A. Robinson
** continuation of tow-yo 2 line; profile at fixed station
# nquan = 25
# nvalues = 493                         
# units = specified
# name 0 = prDM: Pressure, Digiquartz [db]
# name 1 = depSM: Depth [salt water, m]
# name 2 = t090C: Temperature [ITS-90, deg C]
# name 3 = c0mS/cm: Conductivity [mS/cm]
# name 4 = t190C: Temperature, 2 [ITS-90, deg C]
# name 5 = c1mS/cm: Conductivity, 2 [mS/cm]
# name 6 = sbeox0ML/L: Oxygen, SBE 43 [ml/l]
# name 7 = sbeox1ML/L: Oxygen, SBE 43, 2 [ml/l]
# name 8 = flECO-AFL: Fluorescence, WET Labs ECO-AFL/FL [mg/m^3]
# name 9 = CStarTr0: Beam Transmission, WET Labs C-Star [%]
# name 10 = par: PAR/Irradiance, Biospherical/Licor
# name 11 = latitude: Latitude [deg]
# name 12 = longitude: Longitude [deg]
# name 13 = timeJ: Julian Days
# name 14 = altM: Altimeter [m]
# name 15 = spar: SPAR, Biospherical/Licor
# name 16 = timeS: Time, Elapsed [seconds]
# name 17 = scan: Scan Count
# name 18 = density00: Density [density, kg/m^3]
# name 19 = density11: Density, 2 [density, kg/m^3]
# name 20 = sal00: Salinity, Practical [PSU]
# name 21 = sal11: Salinity, Practical, 2 [PSU]
# name 22 = oxsolML/L: Oxygen Saturation, Garcia & Gordon [ml/l]
# name 23 = nbin: number of scans per bin
# name 24 = flag: flag
# span 0 =      3.000,    495.000       
# span 1 =      2.969,    489.288       
# span 2 =    -1.5434,    -0.1157       
# span 3 =  26.954706,  28.640645       
# span 4 =    -1.5437,    -0.1140       
# span 5 =  26.954545,  28.640227       
# span 6 =     4.7896,     8.5317       
# span 7 =     5.0596,     8.9370       
# span 8 =    -0.0199,    20.6235       
# span 9 =    72.0716,    96.5490       
# span 10 = -5.648e-05, 2.0530e+02      
# span 11 =  -74.14618,  -74.14616      
# span 12 = -113.31274, -113.31268      
# span 13 =  22.691486,  22.699494      
# span 14 =       3.92,     100.52      
# span 15 = 2.1901e+03, 2.3147e+03      
# span 16 =    197.420,    889.258      
# span 17 =       4739,      21343      
# span 18 =  1027.1891,  1029.9019      
# span 19 =  1027.1829,  1029.8997      
# span 20 =    33.7876,    34.3063      
# span 21 =    33.7844,    34.3038      
# span 22 =    8.07357,    8.41103      
# span 23 =          5,         47      
# span 24 = 0.0000e+00, 0.0000e+00      
# interval = decibars: 1                
# start_time = Jan 22 2022 16:32:27 [NMEA time, header]
# bad_flag = -9.990e-29
*END*
[from data line 348]
    351.000    347.073    -0.3165  28.351119    -0.3148  28.350841     4.8679     5.1477    -0.0117    95.9454 1.0000e-12  -74.14618 -113.31270  22.696555      99.91 2.2741e+03    635.380      15250  1029.1728  1029.1708    34.2319    34.2296    8.12041         31 0.0000e+00
    352.000    348.061    -0.3147  28.353581    -0.3128  28.353635     4.8702     5.1442    -0.0123    95.9448 1.0000e-12  -74.14618 -113.31271  22.696571      99.91 2.2741e+03    636.698      15282  1029.1779  1029.1761    34.2325    34.2304    8.11998         32 0.0000e+00
    353.000    349.050    -0.3139  28.354865    -0.3118  28.355092     4.8696     5.1469    -0.0152    95.9357 1.0000e-12  -74.14618 -113.31270  22.696586      99.90 2.2724e+03    638.043      15314  1029.1828  1029.1810    34.2328    34.2307    8.11981         33 0.0000e+00
    354.000    350.036    -0.3138  28.355622    -0.3125  28.354762     4.8706     5.1458     0.0001    95.9514 1.0000e-12  -74.14618 -113.31270  22.696602      99.91 2.2724e+03    639.396      15347  1029.1878  1029.1856    34.2330    34.2304    8.11976         29 0.0000e+00
    355.000    351.026    -0.3144  28.355163    -0.3129  28.354692     4.8706     5.1449    -0.0097    95.9395 1.0000e-12  -74.14618 -113.31270  22.696617      75.37 2.2724e+03    640.716      15378  1029.1922  1029.1902    34.2326    34.2302    8.11993         33 0.0000e+00
    356.000    352.012    -0.3146  28.355487    -0.3133  28.354768     4.8653     5.1447    -0.0088    95.9513 1.0000e-12  -74.14618 -113.31270  22.696633      59.10 2.2724e+03    642.085      15411  1029.1970  1029.1950    34.2325    34.2301    8.11995         33 0.0000e+00
    357.000    353.002    -0.3146  28.355853    -0.3131  28.355316     4.8706     5.1460    -0.0031    95.9537 1.0000e-12  -74.14618 -113.31270  22.696648      99.74 2.2724e+03    643.391      15442  1029.2017  1029.1997    34.2325    34.2301    8.11997         30 0.0000e+00
    358.000    353.988    -0.3144  28.356684    -0.3130  28.355942     4.8710     5.1458    -0.0079    95.9635 1.0000e-12  -74.14618 -113.31270  22.696663      99.90 2.2724e+03    644.647      15473  1029.2066  1029.2045    34.2327    34.2301    8.11990         31 0.0000e+00
    359.000    354.977    -0.3143  28.357108    -0.3129  28.356537     4.8719     5.1462    -0.0117    95.9679 1.0000e-12  -74.14618 -113.31270  22.696679      99.91 2.2722e+03    646.052      15506  1029.2113  1029.2093    34.2326    34.2303    8.11989         36 0.0000e+00
    360.000    355.965    -0.3131  28.358874    -0.3117  28.358258     4.8658     5.1460    -0.0118    95.9544 1.0000e-12  -74.14618 -113.31270  22.696695      99.90 2.2719e+03    647.455      15540  1029.2162  1029.2143    34.2330    34.2306    8.11961         30 0.0000e+00
    361.000    356.953    -0.3067  28.366631    -0.3055  28.365642     4.8674     5.1415    -0.0092    95.9574 1.0000e-12  -74.14618 -113.31270  22.696709      99.90 2.2720e+03    648.694      15570  1029.2225  1029.2203    34.2356    34.2329    8.11811         29 0.0000e+00
    362.000    357.941    -0.3020  28.372459    -0.3005  28.371906     4.8625     5.1347    -0.0107    95.9558 1.0000e-12  -74.14618 -113.31270  22.696724      99.89 2.2721e+03    649.985      15601  1029.2284  1029.2264    34.2374    34.2351    8.11699         27 0.0000e+00
    363.000    358.929    -0.2989  28.376195    -0.2974  28.375822     4.8600     5.1313    -0.0135    95.9568 1.0000e-12  -74.14618 -113.31270  22.696740      99.91 2.2712e+03    651.358      15634  1029.2338  1029.2318    34.2384    34.2361    8.11629         33 0.0000e+00
    364.000    359.916    -0.2995  28.376023    -0.2989  28.374525     4.8583     5.1339    -0.0170    95.9683 1.0000e-12  -74.14618 -113.31271  22.696755      99.90 2.2706e+03    652.644      15664  1029.2385  1029.2362    34.2383    34.2355    8.11643         30 0.0000e+00
    365.000    360.904    -0.3007  28.375274    -0.2991  28.374680     4.8618     5.1336    -0.0116    95.9760 1.0000e-12  -74.14618 -113.31271  22.696769      74.34 2.2707e+03    653.869      15694  1029.2431  1029.2410    34.2379    34.2354    8.11669         27 0.0000e+00
    366.000    361.892    -0.2985  28.378346    -0.2974  28.377023     4.8639     5.1365    -0.0102    95.9549 1.0000e-12  -74.14618 -113.31271  22.696782      88.25 2.2706e+03    654.934      15719  1029.2485  1029.2461    34.2390    34.2360    8.11616         26 0.0000e+00
    367.000    362.881    -0.2963  28.381032    -0.2947  28.380533     4.8616     5.1371    -0.0109    95.9368 1.0000e-12  -74.14618 -113.31271  22.696794      99.80 2.2706e+03    656.032      15746  1029.2535  1029.2514    34.2395    34.2370    8.11566         27 0.0000e+00
    368.000    363.868    -0.2943  28.383709    -0.2932  28.382467     4.8576     5.1364    -0.0176    95.9342 1.0000e-12  -74.14618 -113.31270  22.696809      99.90 2.2706e+03    657.270      15775  1029.2587  1029.2564    34.2402    34.2373    8.11520         29 0.0000e+00
    369.000    364.856    -0.2887  28.390637    -0.2860  28.391170     4.8617     5.1335    -0.0078    95.9489 1.0000e-12  -74.14618 -113.31271  22.696824      99.90 2.2690e+03    658.557      15806  1029.2650  1029.2628    34.2426    34.2402    8.11387         31 0.0000e+00
    370.000    365.845    -0.2831  28.397215    -0.2813  28.396873     4.8597     5.1309    -0.0090    95.9477 1.0000e-12  -74.14618 -113.31271  22.696838      99.91 2.2679e+03    659.825      15837  1029.2708  1029.2687    34.2445    34.2421    8.11257         30 0.0000e+00
    371.000    366.831    -0.2815  28.399443    -0.2798  28.399150     4.8511     5.1266    -0.0184    95.9378 1.0000e-12  -74.14618 -113.31271  22.696853      99.90 2.2688e+03    661.096      15867  1029.2760  1029.2740    34.2451    34.2428    8.11220         31 0.0000e+00
    372.000    367.820    -0.2772  28.404990    -0.2745  28.405392     4.8518     5.1270    -0.0141    95.9473 1.0000e-12  -74.14618 -113.31272  22.696868      99.91 2.2679e+03    662.409      15899  1029.2819  1029.2798    34.2470    34.2445    8.11116         32 0.0000e+00
    373.000    368.807    -0.2693  28.414301    -0.2640  28.417615     4.8512     5.1279    -0.0036    95.9389 1.0000e-12  -74.14618 -113.31271  22.696883      99.91 2.2684e+03    663.692      15930  1029.2885  1029.2868    34.2499    34.2484    8.10931         31 0.0000e+00
    374.000    369.796    -0.2652  28.419135    -0.2631  28.419134     4.8441     5.1206    -0.0027    95.9352 1.0000e-12  -74.14618 -113.31272  22.696898      99.90 2.2688e+03    665.002      15961  1029.2940  1029.2920    34.2513    34.2488    8.10838         32 0.0000e+00
    375.000    370.784    -0.2636  28.421265    -0.2622  28.420764     4.8505     5.1212    -0.0047    95.9303 1.0000e-12  -74.14616 -113.31272  22.696914      99.91 2.2678e+03    666.364      15994  1029.2990  1029.2972    34.2517    34.2494    8.10801         31 0.0000e+00
    376.000    371.771    -0.2609  28.424896    -0.2583  28.425583     4.8488     5.1234    -0.0141    95.9354 1.0000e-12  -74.14616 -113.31273  22.696928      81.74 2.2687e+03    667.623      16024  1029.3046  1029.3028    34.2528    34.2508    8.10736         31 0.0000e+00
    377.000    372.759    -0.2594  28.426997    -0.2577  28.426498     4.8440     5.1187    -0.0078    95.9392 1.0000e-12  -74.14616 -113.31273  22.696944      96.89 2.2688e+03    668.924      16055  1029.3098  1029.3076    34.2534    34.2508    8.10702         32 0.0000e+00
    378.000    373.747    -0.2577  28.429256    -0.2562  28.428733     4.8528     5.1181    -0.0097    95.9459 1.0000e-12  -74.14616 -113.31272  22.696960      99.93 2.2671e+03    670.304      16088  1029.3148  1029.3128    34.2539    34.2515    8.10663         33 0.0000e+00
    379.000    374.734    -0.2565  28.430959    -0.2537  28.432019     4.8499     5.1240     0.0037    95.9429 1.0000e-12  -74.14616 -113.31272  22.696975      99.90 2.2678e+03    671.614      16120  1029.3198  1029.3181    34.2542    34.2524    8.10635         31 0.0000e+00
    380.000    375.724    -0.2608  28.426752    -0.2597  28.425638     4.8505     5.1250    -0.0060    95.9520 1.0000e-12  -74.14616 -113.31272  22.696990      99.90 2.2688e+03    672.893      16150  1029.3238  1029.3216    34.2528    34.2501    8.10735         30 0.0000e+00
    381.000    376.710    -0.2596  28.428529    -0.2563  28.429743     4.8512     5.1216    -0.0116    95.9756 1.0000e-12  -74.14616 -113.31272  22.697005      99.90 2.2682e+03    674.198      16182  1029.3288  1029.3269    34.2532    34.2511    8.10706         32 0.0000e+00
    382.000    377.698    -0.2524  28.436956    -0.2521  28.434953     4.8445     5.1233    -0.0174    95.9844 1.0000e-12  -74.14616 -113.31272  22.697020      99.90 2.2671e+03    675.495      16213  1029.3351  1029.3326    34.2558    34.2528    8.10539         31 0.0000e+00
    383.000    378.686    -0.2527  28.437123    -0.2510  28.436733     4.8499     5.1188    -0.0126    95.9743 1.0000e-12  -74.14616 -113.31272  22.697034      99.91 2.2681e+03    676.771      16243  1029.3398  1029.3378    34.2558    34.2533    8.10545         30 0.0000e+00
    384.000    379.673    -0.2498  28.440959    -0.2500  28.438177     4.8405     5.1098    -0.0106    95.9828 1.0000e-12  -74.14616 -113.31272  22.697050      99.90 2.2683e+03    678.083      16275  1029.3454  1029.3427    34.2570    34.2535    8.10476         32 0.0000e+00
    385.000    380.662    -0.2406  28.451624    -0.2385  28.451527     4.8433     5.1133    -0.0188    95.9768 1.0000e-12  -74.14616 -113.31272  22.697064      83.69 2.2671e+03    679.371      16306  1029.3521  1029.3499    34.2603    34.2578    8.10263         30 0.0000e+00
    386.000    381.650    -0.2382  28.454832    -0.2364  28.454528     4.8425     5.1140    -0.0135    96.0072 1.0000e-12  -74.14616 -113.31272  22.697079      84.83 2.2688e+03    680.637      16336  1029.3574  1029.3553    34.2613    34.2588    8.10206         31 0.0000e+00
    387.000    382.637    -0.2360  28.457658    -0.2346  28.456877     4.8389     5.1184    -0.0102    95.9937 1.0000e-12  -74.14616 -113.31272  22.697094      99.67 2.2678e+03    681.959      16368  1029.3626  1029.3605    34.2619    34.2593    8.10155         32 0.0000e+00
    388.000    383.624    -0.2360  28.458083    -0.2343  28.457669     4.8438     5.1168    -0.0172    95.9986 1.0000e-12  -74.14616 -113.31272  22.697109      99.91 2.2677e+03    683.257      16399  1029.3674  1029.3654    34.2619    34.2595    8.10155         31 0.0000e+00
    389.000    384.613    -0.2355  28.459088    -0.2343  28.458059     4.8336     5.1086    -0.0185    96.0091 1.0000e-12  -74.14616 -113.31272  22.697124      99.90 2.2674e+03    684.543      16430  1029.3723  1029.3701    34.2621    34.2595    8.10144         32 0.0000e+00
    390.000    385.601    -0.2276  28.468959    -0.2271  28.466497     4.8378     5.1091    -0.0045    96.0164 1.0000e-12  -74.14616 -113.31272  22.697140      99.90 2.2690e+03    685.854      16461  1029.3793  1029.3763    34.2658    34.2619    8.09955         30 0.0000e+00
    391.000    386.589    -0.2222  28.475088    -0.2210  28.474090     4.8399     5.1123    -0.0111    96.0152 1.0000e-12  -74.14616 -113.31272  22.697154      99.91 2.2693e+03    687.139      16492  1029.3849  1029.3827    34.2673    34.2646    8.09831         31 0.0000e+00
    392.000    387.576    -0.2295  28.467135    -0.2275  28.467275     4.8435     5.1104    -0.0100    96.0116 1.0000e-12  -74.14616 -113.31272  22.697169      99.90 2.2704e+03    688.433      16523  1029.3881  1029.3862    34.2643    34.2622    8.10004         32 0.0000e+00
    393.000    388.564    -0.2303  28.466403    -0.2283  28.466647     4.8370     5.1066    -0.0042    96.0100 1.0000e-12  -74.14616 -113.31270  22.697185      99.90 2.2700e+03    689.782      16556  1029.3923  1029.3906    34.2636    34.2617    8.10024         32 0.0000e+00
    394.000    389.551    -0.2294  28.468337    -0.2266  28.468855     4.8409     5.1130     0.0050    96.0223 1.0000e-12  -74.14616 -113.31270  22.697200      99.90 2.2692e+03    691.056      16586  1029.3978  1029.3956    34.2646    34.2622    8.10000         29 0.0000e+00
    395.000    390.540    -0.2330  28.464511    -0.2299  28.465731     4.8375     5.1115    -0.0086    96.0121 1.0000e-12  -74.14616 -113.31270  22.697214      99.91 2.2686e+03    692.266      16615  1029.4015  1029.3998    34.2629    34.2611    8.10086         30 0.0000e+00
    396.000    391.528    -0.2340  28.463794    -0.2313  28.464541     4.8391     5.1127    -0.0100    96.0092 1.0000e-12  -74.14618 -113.31270  22.697229      84.16 2.2695e+03    693.550      16646  1029.4060  1029.4042    34.2625    34.2605    8.10109         32 0.0000e+00
    397.000    392.514    -0.2284  28.470686    -0.2275  28.469142     4.8337     5.1086    -0.0139    96.0060 1.0000e-12  -74.14618 -113.31270  22.697244      96.47 2.2675e+03    694.886      16678  1029.4121  1029.4097    34.2648    34.2618    8.09978         31 0.0000e+00
    398.000    393.503    -0.2219  28.478485    -0.2202  28.477831     4.8394     5.1091    -0.0183    96.0119 1.0000e-12  -74.14618 -113.31270  22.697259      99.89 2.2689e+03    696.165      16709  1029.4183  1029.4160    34.2673    34.2645    8.09825         31 0.0000e+00
    399.000    394.492    -0.2191  28.482075    -0.2161  28.482963     4.8326     5.1119    -0.0071    96.0283 1.0000e-12  -74.14618 -113.31270  22.697274      99.90 2.2705e+03    697.430      16739  1029.4237  1029.4218    34.2684    34.2662    8.09760         30 0.0000e+00
    400.000    395.478    -0.2136  28.488700    -0.2118  28.488386     4.8331     5.1079    -0.0150    96.0125 1.0000e-12  -74.14618 -113.31270  22.697288      99.90 2.2685e+03    698.721      16770  1029.4296  1029.4276    34.2703    34.2679    8.09631         32 0.0000e+00
    401.000    396.467    -0.2125  28.490413    -0.2108  28.489916     4.8313     5.1082    -0.0115    96.0200 1.0000e-12  -74.14618 -113.31270  22.697303      99.90 2.2672e+03    700.020      16801  1029.4347  1029.4326    34.2708    34.2683    8.09605         31 0.0000e+00
    402.000    397.453    -0.2134  28.489736    -0.2110  28.490168     4.8342     5.1051    -0.0148    96.0132 1.0000e-12  -74.14618 -113.31270  22.697319      99.18 2.2688e+03    701.359      16834  1029.4392  1029.4374    34.2703    34.2683    8.09627         32 0.0000e+00
    403.000    398.442    -0.2126  28.491175    -0.2108  28.490762     4.8301     5.1050    -0.0077    96.0043 1.0000e-12  -74.14618 -113.31270  22.697334      98.25 2.2693e+03    702.650      16865  1029.4443  1029.4421    34.2708    34.2682    8.09608         30 0.0000e+00
    404.000    399.429    -0.2124  28.491887    -0.2104  28.491794     4.8337     5.1076    -0.0087    96.0140 1.0000e-12  -74.14618 -113.31270  22.697348      98.34 2.2687e+03    703.858      16894  1029.4491  1029.4471    34.2709    34.2685    8.09603         29 0.0000e+00
    405.000    400.417    -0.2121  28.492488    -0.2105  28.492115     4.8301     5.1050    -0.0108    96.0045 1.0000e-12  -74.14618 -113.31270  22.697363      96.35 2.2677e+03    705.147      16925  1029.4538  1029.4518    34.2708    34.2684    8.09598         33 0.0000e+00
    406.000    401.404    -0.2126  28.492342    -0.2110  28.491927     4.8380     5.0982    -0.0035    96.0134 1.0000e-12  -74.14618 -113.31270  22.697379      95.15 2.2682e+03    706.545      16958  1029.4584  1029.4564    34.2706    34.2681    8.09610         32 0.0000e+00
    407.000    402.392    -0.2114  28.494321    -0.2083  28.495292     4.8368     5.1004    -0.0083    96.0099 1.0000e-12  -74.14618 -113.31270  22.697393      95.26 2.2672e+03    707.779      16988  1029.4636  1029.4616    34.2712    34.2690    8.09580         28 0.0000e+00
