ocean_section_plots/required_files/ctd/dnbp2202_ctd267.cnv
* Sea-Bird SBE 9 Data File:
* FileName = D:\Data\raw\NBP2202_CTD267.hex
* Software Version Seasave V 7.26.7.121
* Temperature SN = 1649
* Conductivity SN = 2513
* Number of Bytes Per Scan = 40
* Number of Voltage Words = 5
* Number of Scans Averaged by the Deck Unit = 1
* NMEA Latitude = 73 52.84 S
* NMEA Longitude = 118 44.36 W
* NMEA UTC (Time) = Feb 19 2022  22:03:27
* NMEA baud rate = 9600
** Ship: RVIB N.B. Palmer
** Cruise: NBP2202 Thwaites
** Station: 151
** Operator: A. Robinson
# nquan = 28
# nvalues = 681                         
# units = specified
# name 0 = prDM: Pressure, Digiquartz [db]
# name 1 = depSM: Depth [salt water, m]
# name 2 = t090C: Temperature [ITS-90, deg C]
# name 3 = c0mS/cm: Conductivity [mS/cm]
# name 4 = t190C: Temperature, 2 [ITS-90, deg C]
# name 5 = c1mS/cm: Conductivity, 2 [mS/cm]
# name 6 = sbeox0ML/L: Oxygen, SBE 43 [ml/l]
# name 7 = sbeox1ML/L: Oxygen, SBE 43, 2 [ml/l]
# name 8 = flECO-AFL: Fluorescence, WET Labs ECO-AFL/FL [mg/m^3]
# name 9 = CStarTr0: Beam Transmission, WET Labs C-Star [%]
# name 10 = par: PAR/Irradiance, Biospherical/Licor
# name 11 = latitude: Latitude [deg]
# name 12 = longitude: Longitude [deg]
# name 13 = timeJ: Julian Days
# name 14 = altM: Altimeter [m]
# name 15 = spar: SPAR, Biospherical/Licor
# name 16 = timeS: Time, Elapsed [seconds]
# name 17 = scan: Scan Count
# name 18 = density00: Density [density, kg/m^3]
# name 19 = density11: Density, 2 [density, kg/m^3]
# name 20 = v3: Voltage 3
# name 21 = v4: Voltage 4
# name 22 = v5: Voltage 5
# name 23 = sal00: Salinity, Practical [PSU]
# name 24 = sal11: Salinity, Practical, 2 [PSU]
# name 25 = oxsolML/L: Oxygen Saturation, Garcia & Gordon [ml/l]
# name 26 = nbin: number of scans per bin
# name 27 = flag: flag
# span 0 =      2.000,    682.000       
# span 1 =      1.976,    673.833       
# span 2 =    -1.7556,     0.4078       
# span 3 =  26.930546,  29.318162       
# span 4 =    -1.7555,     0.4095       
# span 5 =  26.931233,  29.318002       
# span 6 =     4.7328,     9.0997       
# span 7 =     4.9223,     9.4835       
# span 8 =    -0.0185,    14.5592       
# span 9 =    89.0371,    99.4863       
# span 10 = -2.720e-06, 1.0051e+03      
# span 11 =  -73.88074,  -73.88072      
# span 12 = -118.73944, -118.73940      
# span 13 =  50.921843,  50.930534      
# span 14 =      -4.81,      99.88      
# span 15 = 1.6092e+03, 1.6247e+03      
# span 16 =    240.255,    991.152      
# span 17 =       5767,      23789      
# span 18 =  1027.1158,  1030.9055      
# span 19 =  1027.1189,  1030.9040      
# span 20 =     4.2241,     4.7197      
# span 21 =     0.0641,     1.7694      
# span 22 =     0.1043,     0.2006      
# span 23 =    33.7277,    34.5089      
# span 24 =    33.7272,    34.5068      
# span 25 =    7.95297,    8.44989      
# span 26 =          1,         48      
# span 27 = 0.0000e+00, 0.0000e+00      
# interval = decibars: 1                
# start_time = Feb 19 2022 22:03:27 [NMEA time, header]
# bad_flag = -9.990e-29
*END*
[from data line 104]
    106.000    104.877    -0.3074  27.964765    -0.3068  27.965457     8.5913     8.9311     4.5635    92.0399 1.0000e-12  -73.88074 -118.73942  50.923674      99.65 1.6187e+03    398.471       9564  1027.7028  1027.7030     4.3663     0.8033     0.1545    33.8539    33.8541    8.14007         24 0.0000e+00
    107.000    105.867    -0.3040  27.968435    -0.3036  27.968962     8.5242     8.8693     3.4227    92.2259 1.0000e-12  -73.88074 -118.73942  50.923686      99.62 1.6173e+03    399.475       9588  1027.7076  1027.7078     4.3750     0.8821     0.1527    33.8543    33.8546    8.13931         24 0.0000e+00
    108.000    106.856    -0.3201  27.955353    -0.3214  27.955156     8.4389     8.7806     4.3493    91.2059 1.0000e-12  -73.88074 -118.73942  50.923698      99.61 1.6170e+03    400.470       9612  1027.7134  1027.7144     4.3270     0.9194     0.1520    33.8542    33.8553    8.14277         24 0.0000e+00
    109.000    107.844    -0.3403  27.940053    -0.3419  27.939211     8.3027     8.6777     5.2890    92.4801 1.0000e-12  -73.88074 -118.73942  50.923710      99.64 1.6172e+03    401.520       9637  1027.7207  1027.7215     4.3872     0.8918     0.1557    33.8556    33.8563    8.14701         26 0.0000e+00
    110.000    108.834    -0.3986  27.894457    -0.3956  27.898420     8.1997     8.5843     4.1826    93.1815 1.0000e-12  -73.88074 -118.73942  50.923722      99.62 1.6183e+03    402.581       9663  1027.7325  1027.7338     4.4205     0.8784     0.1495    33.8590    33.8609    8.15933         25 0.0000e+00
    111.000    109.823    -0.4571  27.846959    -0.4547  27.850637     8.1447     8.5192     5.5729    92.6109 1.0000e-12  -73.88074 -118.73942  50.923734      99.61 1.6170e+03    403.612       9688  1027.7421  1027.7437     4.3934     0.9366     0.1500    33.8600    33.8623    8.17187         24 0.0000e+00
    112.000    110.813    -0.4837  27.827420    -0.4829  27.828827     8.1143     8.4732     6.2539    93.1014 1.0000e-12  -73.88074 -118.73942  50.923746      99.68 1.6178e+03    404.633       9712  1027.7505  1027.7513     4.4166     0.7330     0.1605    33.8628    33.8638    8.17743         25 0.0000e+00
    113.000    111.800    -0.4974  27.819040    -0.4970  27.819844     8.0847     8.4422     4.1004    92.7967 1.0000e-12  -73.88074 -118.73942  50.923757      99.63 1.6192e+03    405.622       9736  1027.7586  1027.7591     4.4023     0.8159     0.1578    33.8663    33.8669    8.18018         23 0.0000e+00
    114.000    112.793    -0.5063  27.813813    -0.5072  27.813932     8.0779     8.4385     4.9803    92.5780 1.0000e-12  -73.88074 -118.73942  50.923768      91.00 1.6170e+03    406.559       9758  1027.7654  1027.7664     4.3918     0.7656     0.1544    33.8686    33.8698    8.18197         22 0.0000e+00
    115.000    113.780    -0.5251  27.800378    -0.5265  27.800291     8.0453     8.3886     3.8581    91.8737 1.0000e-12  -73.88074 -118.73942  50.923779      96.54 1.6156e+03    407.516       9781  1027.7730  1027.7743     4.3585     0.9387     0.1556    33.8710    33.8724    8.18591         23 0.0000e+00
    116.000    114.768    -0.5487  27.783547    -0.5486  27.784543     8.0104     8.3247     3.9216    91.9130 1.0000e-12  -73.88074 -118.73942  50.923791      99.72 1.6176e+03    408.502       9805  1027.7816  1027.7826     4.3603     0.7937     0.1498    33.8741    33.8754    8.19083         24 0.0000e+00
    117.000    115.758    -0.5591  27.777410    -0.5583  27.778852     7.9022     8.2273     4.5818    91.9161 1.0000e-12  -73.88074 -118.73942  50.923802      99.64 1.6174e+03    409.515       9829  1027.7889  1027.7897     4.3605     0.8756     0.1505    33.8769    33.8780    8.19292         26 0.0000e+00
    118.000    116.748    -0.5720  27.769137    -0.5742  27.767866     7.7212     8.0777     3.9197    92.5840 1.0000e-12  -73.88074 -118.73942  50.923815      99.69 1.6167e+03    410.590       9855  1027.7961  1027.7971     4.3921     0.6263     0.1521    33.8795    33.8803    8.19555         25 0.0000e+00
    119.000    117.736    -0.6785  27.683802    -0.6884  27.681058     7.5692     7.9308     4.0770    93.3775 1.0000e-12  -73.88074 -118.73942  50.923827      99.64 1.6180e+03    411.622       9880  1027.8113  1027.8178     4.4298     0.8673     0.1598    33.8832    33.8906    8.21846         24 0.0000e+00
    120.000    118.726    -0.7274  27.647192    -0.7254  27.650330     7.4456     7.8088     5.3708    93.4509 1.0000e-12  -73.88074 -118.73942  50.923837      99.62 1.6177e+03    412.554       9902  1027.8226  1027.8241     4.4333     0.8882     0.1555    33.8880    33.8900    8.22884         22 0.0000e+00
    121.000    119.714    -0.7593  27.622008    -0.7588  27.624002     7.2764     7.6515     4.4947    93.0751 1.0000e-12  -73.88074 -118.73942  50.923848      99.67 1.6166e+03    413.490       9925  1027.8298  1027.8314     4.4154     0.7482     0.1528    33.8892    33.8912    8.23574         23 0.0000e+00
    122.000    120.703    -0.8269  27.569233    -0.8294  27.569950     7.1444     7.5195     3.2593    92.7102 1.0000e-12  -73.88074 -118.73942  50.923860      99.64 1.6184e+03    414.501       9949  1027.8415  1027.8448     4.3981     0.8549     0.1516    33.8930    33.8968    8.25029         25 0.0000e+00
    123.000    121.693    -0.8935  27.517066    -0.8994  27.515383     7.0536     7.4265     3.4365    93.0191 1.0000e-12  -73.88074 -118.73942  50.923872      99.69 1.6178e+03    415.520       9973  1027.8528  1027.8567     4.4123     0.6430     0.1446    33.8965    33.9009    8.26469         24 0.0000e+00
    124.000    122.679    -0.9116  27.503817    -0.9090  27.508024     6.9989     7.3621     3.3669    92.2792 1.0000e-12  -73.88074 -118.73942  50.923883      99.64 1.6163e+03    416.525       9998  1027.8591  1027.8612     4.3782     0.8551     0.1508    33.8982    33.9010    8.26857         23 0.0000e+00
    125.000    123.673    -0.9618  27.468053    -0.9612  27.469638     6.9941     7.3330     3.2602    93.6725 1.0000e-12  -73.88074 -118.73942  50.923895      99.70 1.6178e+03    417.509      10021  1027.8723  1027.8734     4.4438     0.6207     0.1479    33.9056    33.9071    8.27920         24 0.0000e+00
    126.000    124.658    -0.9670  27.464905    -0.9663  27.466561     7.0050     7.3271     3.0013    93.5015 1.0000e-12  -73.88074 -118.73942  50.923906      99.69 1.6193e+03    418.472      10044  1027.8772  1027.8783     4.4356     0.6292     0.1531    33.9066    33.9081    8.28029         23 0.0000e+00
    127.000    125.649    -0.9708  27.462979    -0.9696  27.464809     7.0057     7.3091     2.8019    93.6139 1.0000e-12  -73.88074 -118.73942  50.923917      97.34 1.6171e+03    419.460      10068  1027.8822  1027.8830     4.4410     0.8763     0.1572    33.9076    33.9087    8.28106         25 0.0000e+00
    128.000    126.637    -0.9775  27.458708    -0.9767  27.460419     7.0103     7.3020     3.0566    93.7439 1.0000e-12  -73.88074 -118.73942  50.923929      98.67 1.6195e+03    420.480      10093  1027.8874  1027.8886     4.4472     0.7006     0.1502    33.9087    33.9102    8.28247         24 0.0000e+00
    129.000    127.629    -0.9821  27.456386    -0.9807  27.458227     6.9855     7.2832     3.4289    94.2327 1.0000e-12  -73.88074 -118.73942  50.923941      99.74 1.6187e+03    421.473      10116  1027.8929  1027.8937     4.4703     0.5101     0.1781    33.9101    33.9111    8.28340         23 0.0000e+00
    130.000    128.615    -0.9894  27.450724    -0.9902  27.451675     6.9587     7.2461     3.5267    94.2265 1.0000e-12  -73.88074 -118.73942  50.923952      99.72 1.6167e+03    422.417      10139  1027.8976  1027.8993     4.4700     0.4920     0.1546    33.9100    33.9122    8.28502         23 0.0000e+00
    131.000    129.605    -1.0197  27.429963    -1.0174  27.432705     6.9322     7.2123     3.4584    94.1373 1.0000e-12  -73.88074 -118.73942  50.923963      99.70 1.6179e+03    423.386      10162  1027.9081  1027.9089     4.4658     0.5896     0.1394    33.9153    33.9165    8.29140         24 0.0000e+00
    132.000    130.596    -1.0249  27.426510    -1.0206  27.430859     6.8998     7.1814     2.8261    94.8353 1.0000e-12  -73.88074 -118.73942  50.923974      99.69 1.6189e+03    424.356      10186  1027.9131  1027.9137     4.4989     0.6347     0.1427    33.9158    33.9170    8.29251         22 0.0000e+00
    133.000    131.582    -1.0481  27.409633    -1.0417  27.415767     6.8795     7.1631     3.5508    94.5550 1.0000e-12  -73.88074 -118.73942  50.923985      99.71 1.6175e+03    425.330      10209  1027.9209  1027.9214     4.4856     0.5695     0.1362    33.9184    33.9195    8.29750         25 0.0000e+00
    134.000    132.573    -1.0653  27.398111    -1.0656  27.399115     6.8869     7.1695     3.0911    94.3071 1.0000e-12  -73.88074 -118.73942  50.923997      99.68 1.6183e+03    426.383      10234  1027.9287  1027.9302     4.4739     0.7035     0.1553    33.9215    33.9232    8.30112         25 0.0000e+00
    135.000    133.560    -1.0764  27.390943    -1.0724  27.394824     6.8881     7.1439     2.9803    95.4020 1.0000e-12  -73.88074 -118.73942  50.924010      99.71 1.6183e+03    427.434      10259  1027.9354  1027.9358     4.5257     0.5311     0.1504    33.9236    33.9244    8.30345         25 0.0000e+00
    136.000    134.551    -1.0673  27.398226    -1.0670  27.399265     6.8624     7.0900     3.1650    95.3585 1.0000e-12  -73.88074 -118.73942  50.924021      99.63 1.6169e+03    428.437      10283  1027.9383  1027.9392     4.5237     0.7846     0.1437    33.9226    33.9237    8.30149         24 0.0000e+00
    137.000    135.540    -1.0643  27.401190    -1.0644  27.401752     6.7496     6.9989     3.1350    93.7127 1.0000e-12  -73.88074 -118.73942  50.924033      99.69 1.6171e+03    429.419      10307  1027.9425  1027.9433     4.4457     0.6729     0.1388    33.9227    33.9236    8.30082         23 0.0000e+00
    138.000    136.528    -1.0742  27.392613    -1.0805  27.390383     6.6105     6.8877     3.2070    94.4484 1.0000e-12  -73.88074 -118.73942  50.924044      99.71 1.6178e+03    430.399      10331  1027.9467  1027.9504     4.4806     0.6203     0.1482    33.9216    33.9256    8.30309         23 0.0000e+00
    139.000    137.518    -1.1616  27.330960    -1.1723  27.325058     6.5240     6.8116     3.0645    94.5204 1.0000e-12  -73.88074 -118.73942  50.924055      99.72 1.6177e+03    431.339      10353  1027.9681  1027.9722     4.4840     0.5707     0.1465    33.9355    33.9395    8.32166         23 0.0000e+00
    140.000    138.505    -1.2138  27.293435    -1.2202  27.291079     6.4870     6.7754     2.7727    92.7869 1.0000e-12  -73.88074 -118.73942  50.924066      99.71 1.6173e+03    432.314      10377  1027.9817  1027.9853     4.4019     0.5195     0.1406    33.9426    33.9467    8.33285         23 0.0000e+00
    141.000    139.496    -1.2268  27.285984    -1.2255  27.287689     6.4909     6.7661     2.8829    94.9680 1.0000e-12  -73.88074 -118.73942  50.924078      99.71 1.6181e+03    433.307      10400  1027.9897  1027.9903     4.5051     0.5741     0.1396    33.9465    33.9474    8.33553         25 0.0000e+00
    142.000    140.485    -1.2228  27.289410    -1.2228  27.290395     6.4833     6.7561     2.3606    95.0518 1.0000e-12  -73.88074 -118.73942  50.924089      99.66 1.6186e+03    434.296      10424  1027.9932  1027.9943     4.5092     0.7801     0.1372    33.9460    33.9474    8.33466         24 0.0000e+00
    143.000    141.473    -1.2217  27.290787    -1.2208  27.292260     6.4767     6.7319     2.0092    95.6436 1.0000e-12  -73.88074 -118.73942  50.924101      99.70 1.6172e+03    435.326      10449  1027.9974  1027.9981     4.5372     0.6047     0.1360    33.9461    33.9471    8.33442         25 0.0000e+00
    144.000    142.461    -1.2266  27.287865    -1.2254  27.289649     6.4504     6.6996     2.9772    95.9706 1.0000e-12  -73.88074 -118.73942  50.924113      99.74 1.6198e+03    436.370      10474  1028.0027  1028.0035     4.5528     0.3861     0.1300    33.9470    33.9481    8.33545         24 0.0000e+00
    145.000    143.451    -1.2345  27.282692    -1.2343  27.283843     6.3933     6.6474     2.1281    96.6264 1.0000e-12  -73.88074 -118.73942  50.924125      99.75 1.6191e+03    437.359      10498  1028.0085  1028.0096     4.5838     0.3552     0.1267    33.9482    33.9496    8.33714         24 0.0000e+00
    146.000    144.440    -1.2740  27.254434    -1.2664  27.261636     6.3630     6.6257     2.3456    96.3005 1.0000e-12  -73.88074 -118.73942  50.924136      99.73 1.6172e+03    438.315      10521  1028.0199  1028.0204     4.5684     0.4327     0.1397    33.9536    33.9548    8.34565         23 0.0000e+00
    147.000    145.430    -1.3033  27.235249    -1.3047  27.235652     6.3396     6.5900     2.7327    95.5917 1.0000e-12  -73.88074 -118.73942  50.924147      99.75 1.6189e+03    439.264      10543  1028.0313  1028.0330     4.5348     0.2482     0.1382    33.9599    33.9620    8.35182         22 0.0000e+00
    148.000    146.417    -1.3154  27.227416    -1.3195  27.225941     6.3397     6.5751     3.0510    94.6317 1.0000e-12  -73.88074 -118.73942  50.924157      99.74 1.6199e+03    440.206      10566  1028.0382  1028.0406     4.4892     0.3867     0.1403    33.9623    33.9649    8.35439         23 0.0000e+00
    149.000    147.407    -1.3226  27.223834    -1.3173  27.227964     6.3103     6.5429     2.7848    95.9373 1.0000e-12  -73.88074 -118.73942  50.924169      99.74 1.6180e+03    441.190      10590  1028.0450  1028.0444     4.5511     0.3482     0.1260    33.9649    33.9646    8.35584         24 0.0000e+00
    150.000    148.396    -1.2999  27.239412    -1.2989  27.241220     6.2405     6.4824     1.9768    95.8855 1.0000e-12  -73.88074 -118.73942  50.924181      99.71 1.6200e+03    442.217      10614  1028.0439  1028.0449     4.5487     0.4826     0.1355    33.9599    33.9612    8.35107         25 0.0000e+00
    151.000    149.385    -1.3620  27.195259    -1.3662  27.195622     6.1616     6.4198     1.7377    95.8058 1.0000e-12  -73.88074 -118.73942  50.924193      99.73 1.6201e+03    443.231      10639  1028.0598  1028.0643     4.5449     0.5057     0.1302    33.9691    33.9744    8.36443         24 0.0000e+00
    152.000    150.373    -1.3873  27.179303    -1.3884  27.180207     6.1027     6.3628     1.8194    95.9727 1.0000e-12  -73.88074 -118.73942  50.924204      97.98 1.6176e+03    444.239      10663  1028.0706  1028.0727     4.5528     0.4156     0.1304    33.9752    33.9777    8.36973         24 0.0000e+00
    153.000    151.362    -1.4053  27.167931    -1.4061  27.168578     6.0916     6.3362     1.7673    97.1648 1.0000e-12  -73.88074 -118.73942  50.924216      92.78 1.6187e+03    445.248      10687  1028.0794  1028.0809     4.6093     0.3038     0.1255    33.9794    33.9813    8.37353         24 0.0000e+00
    154.000    152.352    -1.4072  27.167631    -1.4071  27.168616     6.0776     6.3155     1.2536    96.1972 1.0000e-12  -73.88074 -118.73942  50.924227      99.88 1.6197e+03    446.228      10710  1028.0848  1028.0857     4.5635     0.2636     0.1279    33.9806    33.9818    8.37390         23 0.0000e+00
    155.000    153.340    -1.4074  27.168215    -1.4075  27.169143     6.0623     6.3002     1.3383    95.8141 1.0000e-12  -73.88074 -118.73942  50.924238      99.74 1.6179e+03    447.186      10733  1028.0894  1028.0905     4.5453     0.3529     0.1288    33.9810    33.9823    8.37391         24 0.0000e+00
    156.000    154.330    -1.4055  27.171045    -1.4056  27.171840     6.0508     6.2807     0.9847    97.0132 1.0000e-12  -73.88074 -118.73942  50.924250      99.74 1.6191e+03    448.171      10757  1028.0946  1028.0955     4.6021     0.2996     0.1308    33.9821    33.9833    8.37342         23 0.0000e+00
