ocean_section_plots/required_files/ctd/dnbp2202_ctd036.cnv
* Sea-Bird SBE 9 Data File:
* FileName = D:\Data\raw\NBP2202_CTD036.hex
* Software Version Seasave V 7.26.7.121
* Temperature SN = 1649
* Conductivity SN = 2513
* Number of Bytes Per Scan = 40
* Number of Voltage Words = 5
* Number of Scans Averaged by the Deck Unit = 1
* NMEA Latitude = 74 08.81 S
* NMEA Longitude = 113 26.40 W
* NMEA UTC (Time) = Jan 22 2022  14:44:46
* NMEA baud rate = 9600
** Ship: RVIB N.B. Palmer
** Cruise: NBP2202 Thwaites
** Station: Tow-Yo #2
** Operator: B Bjork
# nquan = 25
# nvalues = 310                         
# units = specified
# name 0 = prDM: Pressure, Digiquartz [db]
# name 1 = depSM: Depth [salt water, m]
# name 2 = t090C: Temperature [ITS-90, deg C]
# name 3 = c0mS/cm: Conductivity [mS/cm]
# name 4 = t190C: Temperature, 2 [ITS-90, deg C]
# name 5 = c1mS/cm: Conductivity, 2 [mS/cm]
# name 6 = sbeox0ML/L: Oxygen, SBE 43 [ml/l]
# name 7 = sbeox1ML/L: Oxygen, SBE 43, 2 [ml/l]
# name 8 = flECO-AFL: Fluorescence, WET Labs ECO-AFL/FL [mg/m^3]
# name 9 = CStarTr0: Beam Transmission, WET Labs C-Star [%]
# name 10 = par: PAR/Irradiance, Biospherical/Licor
# name 11 = latitude: Latitude [deg]
# name 12 = longitude: Longitude [deg]
# name 13 = timeJ: Julian Days
# name 14 = altM: Altimeter [m]
# name 15 = spar: SPAR, Biospherical/Licor
# name 16 = timeS: Time, Elapsed [seconds]
# name 17 = scan: Scan Count
# name 18 = density00: Density [density, kg/m^3]
# name 19 = density11: Density, 2 [density, kg/m^3]
# name 20 = sal00: Salinity, Practical [PSU]
# name 21 = sal11: Salinity, Practical, 2 [PSU]
# name 22 = oxsolML/L: Oxygen Saturation, Garcia & Gordon [ml/l]
# name 23 = nbin: number of scans per bin
# name 24 = flag: flag
# span 0 =     10.000,    319.000       
# span 1 =      9.897,    315.451       
# span 2 =    -1.4288,    -0.4181       
# span 3 =  27.041888,  28.224249       
# span 4 =    -1.4271,    -0.4166       
# span 5 =  27.042201,  28.223436       
# span 6 =     4.9028,     8.7260       
# span 7 =     5.1882,     9.2330       
# span 8 =    -0.0171,    20.9053       
# span 9 =    71.2381,    97.1210       
# span 10 = 1.0000e-12, 2.2207e+01      
# span 11 =  -74.14700,  -74.14698      
# span 12 = -113.43933, -113.42617      
# span 13 =  22.614837,  22.621745      
# span 14 =      11.15,     100.01      
# span 15 = 9.4138e+02, 9.8815e+02      
# span 16 =     35.930,    632.766      
# span 17 =        863,      15187      
# span 18 =  1027.2100,  1028.9980      
# span 19 =  1027.2083,  1028.9958      
# span 20 =    33.7771,    34.1963      
# span 21 =    33.7750,    34.1935      
# span 22 =    8.14418,    8.38522      
# span 23 =         20,         48      
# span 24 = 0.0000e+00, 0.0000e+00      
# interval = decibars: 1                
# start_time = Jan 22 2022 14:44:46 [NMEA time, header]
# bad_flag = -9.990e-29
*END*
[from data line 174]
    184.000    182.015    -1.0189  27.519769    -1.0187  27.517969     5.2702     5.5866     0.0306    96.9531 1.0000e-12  -74.14698 -113.43303  22.618108      98.14 9.7221e+02    318.531       7646  1028.2282  1028.2261    34.0040    34.0013    8.28601         35 0.0000e+00
    185.000    183.003    -1.0136  27.526103    -1.0128  27.524507     5.2669     5.5763     0.0393    97.0839 1.0000e-12  -74.14698 -113.43297  22.618132      97.18 9.7076e+02    320.584       7695  1028.2344  1028.2319    34.0060    34.0029    8.28473         33 0.0000e+00
    186.000    183.992    -1.0027  27.537973    -1.0014  27.537077     5.2582     5.5697     0.0294    97.0851 1.0000e-12  -74.14698 -113.43293  22.618157      96.50 9.7049e+02    322.801       7748  1028.2412  1028.2390    34.0092    34.0065    8.28213         33 0.0000e+00
    187.000    184.981    -0.9993  27.541725    -0.9980  27.540892     5.2579     5.5669     0.0120    97.0906 1.0000e-12  -74.14698 -113.43289  22.618180      95.94 9.6962e+02    324.753       7795  1028.2464  1028.2443    34.0099    34.0073    8.28135         36 0.0000e+00
    188.000    185.971    -1.0003  27.541158    -0.9986  27.540700     5.2584     5.5682     0.0288    97.1046 1.0000e-12  -74.14698 -113.43285  22.618206      95.22 9.6958e+02    326.973       7848  1028.2512  1028.2491    34.0096    34.0071    8.28158         36 0.0000e+00
    189.000    186.958    -0.9992  27.542826    -0.9972  27.542568     5.2534     5.5691     0.0154    97.0451 1.0000e-12  -74.14698 -113.43280  22.618231      94.59 9.6958e+02    329.138       7900  1028.2564  1028.2542    34.0100    34.0075    8.28132         31 0.0000e+00
    190.000    187.947    -0.9962  27.546350    -0.9947  27.545783     5.2543     5.5693     0.0228    97.0932 1.0000e-12  -74.14698 -113.43276  22.618256      94.10 9.6834e+02    331.295       7952  1028.2617  1028.2596    34.0109    34.0084    8.28062         42 0.0000e+00
    191.000    188.937    -0.9913  27.552322    -0.9896  27.551698     5.2480     5.5640     0.0086    97.1109 1.0000e-12  -74.14698 -113.43271  22.618282      93.43 9.6943e+02    333.539       8006  1028.2678  1028.2655    34.0128    34.0101    8.27942         33 0.0000e+00
    192.000    189.926    -0.9829  27.561726    -0.9807  27.561731     5.2401     5.5538     0.0151    97.0476 1.0000e-12  -74.14698 -113.43266  22.618306      92.74 9.6882e+02    335.651       8057  1028.2743  1028.2721    34.0155    34.0130    8.27741         37 0.0000e+00
    193.000    190.916    -0.9770  27.568007    -0.9757  27.567293     5.2412     5.5497     0.0143    97.0956 1.0000e-12  -74.14698 -113.43261  22.618331      91.92 9.6800e+02    337.812       8108  1028.2798  1028.2777    34.0168    34.0143    8.27604         35 0.0000e+00
    194.000    191.904    -0.9753  27.570287    -0.9738  27.569605     5.2352     5.5479     0.0071    97.1099 1.0000e-12  -74.14698 -113.43257  22.618355      91.52 9.6781e+02    339.905       8159  1028.2851  1028.2829    34.0173    34.0147    8.27562         37 0.0000e+00
    195.000    192.892    -0.9733  27.572748    -0.9716  27.572320     5.2327     5.5503     0.0041    97.0370 1.0000e-12  -74.14698 -113.43252  22.618381      90.70 9.6804e+02    342.107       8212  1028.2902  1028.2881    34.0178    34.0153    8.27516         39 0.0000e+00
    196.000    193.880    -0.9715  27.574881    -0.9701  27.574163     5.2226     5.5360     0.0065    97.0922 1.0000e-12  -74.14698 -113.43247  22.618405      89.97 9.6891e+02    344.228       8262  1028.2952  1028.2931    34.0181    34.0155    8.27475         37 0.0000e+00
    197.000    194.871    -0.9490  27.598775    -0.9458  27.599664     5.2123     5.5177     0.0132    97.0910 1.0000e-12  -74.14698 -113.43243  22.618429      89.38 9.6963e+02    346.307       8312  1028.3037  1028.3015    34.0245    34.0221    8.26941         34 0.0000e+00
    198.000    195.855    -0.9459  27.602108    -0.9446  27.601325     5.2113     5.5193     0.0044    97.0985 1.0000e-12  -74.14698 -113.43238  22.618456      88.39 9.6958e+02    348.576       8367  1028.3088  1028.3066    34.0249    34.0224    8.26871         31 0.0000e+00
    199.000    196.849    -0.9460  27.602360    -0.9446  27.601752     5.2147     5.5240     0.0117    97.0388 1.0000e-12  -74.14698 -113.43232  22.618480      87.84 9.6958e+02    350.666       8417  1028.3137  1028.3116    34.0248    34.0224    8.26875         33 0.0000e+00
    200.000    197.833    -0.9457  27.603749    -0.9442  27.603070     5.2170     5.5229    -0.0014    97.0906 1.0000e-12  -74.14698 -113.43227  22.618505      86.94 9.6958e+02    352.794       8468  1028.3193  1028.3171    34.0257    34.0231    8.26862         33 0.0000e+00
    201.000    198.823    -0.9459  27.604232    -0.9449  27.603216     5.2228     5.5359     0.0319    97.0748 1.0000e-12  -74.14698 -113.43223  22.618529      86.11 9.6958e+02    354.951       8520  1028.3244  1028.3223    34.0260    34.0234    8.26865         31 0.0000e+00
    202.000    199.817    -0.9475  27.603252    -0.9466  27.602124     5.2250     5.5323     0.0118    97.0947 1.0000e-12  -74.14699 -113.43218  22.618554      85.28 9.6958e+02    357.082       8571  1028.3292  1028.3272    34.0258    34.0233    8.26901         36 0.0000e+00
    203.000    200.799    -0.9476  27.603701    -0.9463  27.603151     5.2286     5.5395    -0.0009    97.0826 1.0000e-12  -74.14700 -113.43214  22.618579      84.51 9.7071e+02    359.229       8622  1028.3341  1028.3323    34.0260    34.0237    8.26903         39 0.0000e+00
    204.000    201.790    -0.9479  27.605021    -0.9465  27.604372     5.2364     5.5477     0.0073    96.9933 1.0000e-12  -74.14700 -113.43209  22.618603      83.70 9.6971e+02    361.262       8671  1028.3402  1028.3381    34.0275    34.0250    8.26901         37 0.0000e+00
    205.000    202.778    -0.9527  27.601415    -0.9526  27.599850     5.2435     5.5568     0.0226    97.0528 1.0000e-12  -74.14700 -113.43205  22.618627      82.87 9.6958e+02    363.370       8722  1028.3452  1028.3434    34.0274    34.0251    8.27007         38 0.0000e+00
    206.000    203.768    -0.9561  27.599126    -0.9541  27.598959     5.2469     5.5579     0.0014    97.0639 1.0000e-12  -74.14700 -113.43201  22.618650      82.15 9.7042e+02    365.373       8770  1028.3503  1028.3482    34.0275    34.0249    8.27081         37 0.0000e+00
    207.000    204.755    -0.9561  27.599345    -0.9547  27.598894     5.2546     5.5674     0.0285    97.0854 1.0000e-12  -74.14700 -113.43197  22.618673      81.29 9.7093e+02    367.364       8818  1028.3548  1028.3529    34.0272    34.0249    8.27083         33 0.0000e+00
    208.000    205.745    -0.9623  27.594843    -0.9624  27.593331     5.2707     5.5832     0.0058    97.0333 1.0000e-12  -74.14700 -113.43192  22.618698      80.46 9.7015e+02    369.493       8869  1028.3602  1028.3586    34.0274    34.0254    8.27218         42 0.0000e+00
    209.000    206.735    -0.9672  27.590987    -0.9671  27.589497     5.2746     5.5923     0.0025    97.1083 1.0000e-12  -74.14700 -113.43190  22.618721      79.64 9.6985e+02    371.465       8916  1028.3650  1028.3633    34.0271    34.0250    8.27327         33 0.0000e+00
    210.000    207.721    -0.9694  27.590415    -0.9671  27.590324     5.2720     5.5832     0.0157    97.0825 1.0000e-12  -74.14700 -113.43186  22.618743      78.89 9.7035e+02    373.420       8963  1028.3707  1028.3684    34.0282    34.0254    8.27370         39 0.0000e+00
    211.000    208.711    -0.9657  27.594220    -0.9633  27.594418     5.2673     5.5813    -0.0029    97.0964 1.0000e-12  -74.14700 -113.43182  22.618768      77.87 9.7014e+02    375.592       9015  1028.3755  1028.3734    34.0285    34.0261    8.27285         39 0.0000e+00
    212.000    209.699    -0.9605  27.599364    -0.9592  27.598757     5.2681     5.5845    -0.0066    97.0830 1.0000e-12  -74.14700 -113.43177  22.618792      77.25 9.6945e+02    377.599       9063  1028.3803  1028.3784    34.0291    34.0268    8.27169         35 0.0000e+00
    213.000    210.689    -0.9639  27.596751    -0.9628  27.596139     5.2729     5.5896     0.0411    97.0968 1.0000e-12  -74.14700 -113.43173  22.618815      76.22 9.6958e+02    379.631       9112  1028.3851  1028.3833    34.0288    34.0267    8.27246         39 0.0000e+00
    214.000    211.678    -0.9722  27.589588    -0.9702  27.589689     5.2741     5.5941     0.0189    97.1067 1.0000e-12  -74.14700 -113.43169  22.618841      75.60 9.6958e+02    381.901       9167  1028.3896  1028.3878    34.0277    34.0256    8.27433         37 0.0000e+00
    215.000    212.668    -0.9683  27.593608    -0.9670  27.593041     5.2829     5.5930     0.0084    97.1131 1.0000e-12  -74.14700 -113.43165  22.618865      74.80 9.6958e+02    383.900       9215  1028.3944  1028.3926    34.0283    34.0260    8.27345         35 0.0000e+00
    216.000    213.650    -0.9705  27.592712    -0.9684  27.592642     5.2862     5.5956     0.0069    97.0941 1.0000e-12  -74.14700 -113.43160  22.618891      73.91 9.6958e+02    386.151       9269  1028.3998  1028.3977    34.0288    34.0264    8.27389         36 0.0000e+00
    217.000    214.642    -0.9711  27.592605    -0.9699  27.591807     5.2842     5.5940     0.0035    97.1063 1.0000e-12  -74.14700 -113.43156  22.618915      73.23 9.6958e+02    388.250       9319  1028.4046  1028.4025    34.0288    34.0263    8.27403         41 0.0000e+00
    218.000    215.631    -0.9701  27.594044    -0.9683  27.593844     5.2839     5.5945     0.0077    97.1032 1.0000e-12  -74.14699 -113.43152  22.618940      72.67 9.6958e+02    390.400       9371  1028.4094  1028.4074    34.0290    34.0267    8.27379         40 0.0000e+00
    219.000    216.619    -0.9725  27.592105    -0.9702  27.592353     5.2763     5.5913    -0.0096    97.1117 1.0000e-12  -74.14698 -113.43147  22.618966      72.05 9.6958e+02    392.623       9424  1028.4139  1028.4120    34.0285    34.0262    8.27436         42 0.0000e+00
    220.000    217.608    -0.9667  27.598475    -0.9650  27.598080     5.2784     5.5941     0.0072    97.0931 1.0000e-12  -74.14698 -113.43143  22.618991      71.27 9.6958e+02    394.799       9476  1028.4194  1028.4174    34.0299    34.0275    8.27299         37 0.0000e+00
    221.000    218.598    -0.9654  27.600932    -0.9636  27.600460     5.2702     5.5930    -0.0055    97.1210 1.0000e-12  -74.14698 -113.43137  22.619017      70.57 9.6963e+02    397.071       9531  1028.4252  1028.4230    34.0311    34.0286    8.27263         36 0.0000e+00
    222.000    219.584    -0.9578  27.608257    -0.9568  27.607100     5.2634     5.5839     0.0009    97.1034 1.0000e-12  -74.14698 -113.43133  22.619044      69.94 9.7025e+02    399.370       9586  1028.4301  1028.4279    34.0320    34.0293    8.27092         38 0.0000e+00
    223.000    220.572    -0.9573  27.609102    -0.9557  27.608577     5.2644     5.5799    -0.0006    97.1033 1.0000e-12  -74.14698 -113.43127  22.619069      69.25 9.6958e+02    401.541       9638  1028.4348  1028.4328    34.0319    34.0294    8.27080         28 0.0000e+00
    224.000    221.561    -0.9563  27.610529    -0.9551  27.609626     5.2630     5.5762     0.0116    97.1042 1.0000e-12  -74.14698 -113.43123  22.619093      68.47 9.6958e+02    403.664       9689  1028.4398  1028.4377    34.0321    34.0296    8.27057         35 0.0000e+00
    225.000    222.553    -0.9558  27.611436    -0.9535  27.611480     5.2637     5.5732     0.0046    97.0997 1.0000e-12  -74.14698 -113.43119  22.619120      67.97 9.6991e+02    405.985       9745  1028.4446  1028.4425    34.0322    34.0297    8.27046         40 0.0000e+00
    226.000    223.536    -0.9531  27.614395    -0.9509  27.614381     5.2581     5.5747    -0.0011    97.0650 1.0000e-12  -74.14698 -113.43113  22.619147      67.29 9.6793e+02    408.315       9801  1028.4495  1028.4474    34.0325    34.0300    8.26985         31 0.0000e+00
    227.000    224.525    -0.9533  27.614614    -0.9517  27.614100     5.2508     5.5632    -0.0011    97.1186 1.0000e-12  -74.14698 -113.43108  22.619174      66.58 9.6612e+02    410.627       9856  1028.4543  1028.4522    34.0324    34.0300    8.26990         38 0.0000e+00
    228.000    225.519    -0.9423  27.625919    -0.9399  27.626064     5.2441     5.5561     0.0062    97.1122 1.0000e-12  -74.14698 -113.43104  22.619198      65.80 9.6606e+02    412.745       9907  1028.4602  1028.4580    34.0348    34.0322    8.26735         38 0.0000e+00
    229.000    226.503    -0.9386  27.629875    -0.9375  27.628910     5.2384     5.5554    -0.0063    97.1042 1.0000e-12  -74.14698 -113.43099  22.619223      64.80 9.6606e+02    414.888       9958  1028.4653  1028.4632    34.0353    34.0328    8.26650         38 0.0000e+00
    230.000    227.493    -0.9372  27.632164    -0.9349  27.632106     5.2146     5.5286     0.0014    97.0840 1.0000e-12  -74.14698 -113.43095  22.619245      64.05 9.6606e+02    416.802      10004  1028.4708  1028.4685    34.0363    34.0336    8.26614         40 0.0000e+00
    231.000    228.482    -0.9058  27.664089    -0.9008  27.665863     5.1733     5.4854    -0.0078    97.1064 1.0000e-12  -74.14698 -113.43091  22.619269      63.29 9.6606e+02    418.810      10052  1028.4794  1028.4763    34.0436    34.0402    8.25882         43 0.0000e+00
    232.000    229.471    -0.8736  27.695779    -0.8727  27.694135     5.1566     5.4731     0.0032    97.0998 1.0000e-12  -74.14698 -113.43086  22.619294      62.64 9.6555e+02    420.992      10105  1028.4870  1028.4844    34.0495    34.0464    8.25139         45 0.0000e+00
    233.000    230.460    -0.8705  27.698912    -0.8699  27.697469     5.1558     5.4642     0.0098    97.0806 1.0000e-12  -74.14698 -113.43081  22.619318      62.00 9.6425e+02    423.078      10155  1028.4921  1028.4899    34.0497    34.0470    8.25071         34 0.0000e+00
    234.000    231.446    -0.8666  27.703409    -0.8628  27.704755     5.1437     5.4532    -0.0117    97.0745 1.0000e-12  -74.14698 -113.43076  22.619344      61.29 9.6430e+02    425.364      10210  1028.4978  1028.4955    34.0508    34.0483    8.24979         41 0.0000e+00
    235.000    232.438    -0.8572  27.712743    -0.8560  27.711895     5.1437     5.4492    -0.0089    97.0454 1.0000e-12  -74.14698 -113.43071  22.619370      60.58 9.6430e+02    427.581      10263  1028.5033  1028.5013    34.0523    34.0497    8.24765         35 0.0000e+00
    236.000    233.423    -0.8572  27.713354    -0.8559  27.712372     5.1447     5.4521    -0.0092    97.0750 1.0000e-12  -74.14698 -113.43067  22.619395      59.86 9.6430e+02    429.688      10314  1028.5085  1028.5062    34.0524    34.0497    8.24763         40 0.0000e+00
    237.000    234.415    -0.8566  27.714194    -0.8553  27.713431     5.1472     5.4474    -0.0044    97.0835 1.0000e-12  -74.14698 -113.43063  22.619419      59.14 9.6430e+02    431.802      10364  1028.5133  1028.5112    34.0523    34.0498    8.24752         41 0.0000e+00
    238.000    235.401    -0.8569  27.714355    -0.8557  27.713452     5.1463     5.4500    -0.0065    97.0884 1.0000e-12  -74.14698 -113.43058  22.619442      58.31 9.6430e+02    433.783      10412  1028.5182  1028.5160    34.0522    34.0496    8.24758         42 0.0000e+00
    239.000    236.389    -0.8550  27.717065    -0.8530  27.716728     5.1413     5.4458     0.0032    97.0822 1.0000e-12  -74.14698 -113.43054  22.619466      57.51 9.6430e+02    435.837      10461  1028.5236  1028.5214    34.0531    34.0505    8.24710         42 0.0000e+00
    240.000    237.381    -0.8452  27.728293    -0.8431  27.727937     5.1432     5.4437     0.0125    97.0843 1.0000e-12  -74.14698 -113.43049  22.619490      56.76 9.6461e+02    437.935      10511  1028.5307  1028.5283    34.0567    34.0539    8.24477         37 0.0000e+00
