ocean_section_plots/required_files/ctd/dnbp2202_ctd043.cnv
* Sea-Bird SBE 9 Data File:
* FileName = D:\Data\raw\NBP2202_CTD043.hex
* Software Version Seasave V 7.26.7.121
* Temperature SN = 1649
* Conductivity SN = 2513
* Number of Bytes Per Scan = 40
* Number of Voltage Words = 5
* Number of Scans Averaged by the Deck Unit = 1
* NMEA Latitude = 74 09.37 S
* NMEA Longitude = 113 19.35 W
* NMEA UTC (Time) = Jan 23 2022  11:31:37
* NMEA baud rate = 9600
** Ship: RVIB N.B. Palmer
** Cruise: NBP2202 Thwaites
** Station: 24
** Operator: B. Bjork
# nquan = 25
# nvalues = 447                         
# units = specified
# name 0 = prDM: Pressure, Digiquartz [db]
# name 1 = depSM: Depth [salt water, m]
# name 2 = t090C: Temperature [ITS-90, deg C]
# name 3 = c0mS/cm: Conductivity [mS/cm]
# name 4 = t190C: Temperature, 2 [ITS-90, deg C]
# name 5 = c1mS/cm: Conductivity, 2 [mS/cm]
# name 6 = sbeox0ML/L: Oxygen, SBE 43 [ml/l]
# name 7 = sbeox1ML/L: Oxygen, SBE 43, 2 [ml/l]
# name 8 = flECO-AFL: Fluorescence, WET Labs ECO-AFL/FL [mg/m^3]
# name 9 = CStarTr0: Beam Transmission, WET Labs C-Star [%]
# name 10 = par: PAR/Irradiance, Biospherical/Licor
# name 11 = latitude: Latitude [deg]
# name 12 = longitude: Longitude [deg]
# name 13 = timeJ: Julian Days
# name 14 = altM: Altimeter [m]
# name 15 = spar: SPAR, Biospherical/Licor
# name 16 = timeS: Time, Elapsed [seconds]
# name 17 = scan: Scan Count
# name 18 = density00: Density [density, kg/m^3]
# name 19 = density11: Density, 2 [density, kg/m^3]
# name 20 = sal00: Salinity, Practical [PSU]
# name 21 = sal11: Salinity, Practical, 2 [PSU]
# name 22 = oxsolML/L: Oxygen Saturation, Garcia & Gordon [ml/l]
# name 23 = nbin: number of scans per bin
# name 24 = flag: flag
# span 0 =      2.000,    448.000       
# span 1 =      1.981,    442.880       
# span 2 =    -1.4515,    -0.1612       
# span 3 =  26.989386,  28.566206       
# span 4 =    -1.4509,    -0.1592       
# span 5 =  26.989024,  28.565791       
# span 6 =     4.7948,     7.0519       
# span 7 =     5.0555,     7.4693       
# span 8 =    -0.0224,     7.5951       
# span 9 =    85.4623,    96.2799       
# span 10 = 1.0000e-12, 7.8885e+01      
# span 11 =  -74.15630,  -74.15628      
# span 12 = -113.32258, -113.32254      
# span 13 =  23.482606,  23.491001      
# span 14 =       8.31,     100.26      
# span 15 = 1.1511e+03, 1.1821e+03      
# span 16 =    200.184,    925.457      
# span 17 =       4805,      22212      
# span 18 =  1027.2269,  1029.6680      
# span 19 =  1027.2275,  1029.6652      
# span 20 =    33.8236,    34.2902      
# span 21 =    33.8230,    34.2875      
# span 22 =    8.08408,    8.39152      
# span 23 =         24,         53      
# span 24 = 0.0000e+00, 0.0000e+00      
# interval = decibars: 1                
# start_time = Jan 23 2022 11:31:37 [NMEA time, header]
# bad_flag = -9.990e-29
*END*
[from data line 406]
    408.000    403.380    -0.2024  28.505115    -0.1999  28.505138     4.8083     5.0758    -0.0137    95.7742 1.0000e-12  -74.15628 -113.32256  23.489974      49.60 1.1748e+03    836.751      20083  1029.4706  1029.4682    34.2749    34.2721    8.09368         33 0.0000e+00
    409.000    404.367    -0.2034  28.504337    -0.2010  28.504338     4.8123     5.0744    -0.0157    95.7854 1.0000e-12  -74.15628 -113.32256  23.489989      48.57 1.1731e+03    838.087      20115  1029.4750  1029.4727    34.2743    34.2716    8.09392         32 0.0000e+00
    410.000    405.355    -0.2064  28.501167    -0.2044  28.500923     4.8112     5.0761    -0.0148    95.8000 1.0000e-12  -74.15628 -113.32256  23.490005      47.64 1.1739e+03    839.392      20146  1029.4789  1029.4768    34.2729    34.2704    8.09464         30 0.0000e+00
    411.000    406.344    -0.2058  28.502276    -0.2039  28.501994     4.8088     5.0745    -0.0075    95.8187 1.0000e-12  -74.15628 -113.32256  23.490020      46.47 1.1752e+03    840.708      20178  1029.4838  1029.4816    34.2732    34.2706    8.09451         30 0.0000e+00
    412.000    407.331    -0.2049  28.503917    -0.2023  28.504207     4.8056     5.0807    -0.0106    95.7889 1.0000e-12  -74.15628 -113.32256  23.490035      45.44 1.1735e+03    842.047      20210  1029.4889  1029.4867    34.2737    34.2712    8.09427         33 0.0000e+00
    413.000    408.318    -0.2068  28.502110    -0.2044  28.502266     4.8091     5.0718    -0.0177    95.7953 1.0000e-12  -74.15628 -113.32257  23.490051      44.50 1.1739e+03    843.419      20243  1029.4931  1029.4910    34.2728    34.2703    8.09473         34 0.0000e+00
    414.000    409.306    -0.2090  28.500026    -0.2073  28.499365     4.8106     5.0781    -0.0157    95.7781 1.0000e-12  -74.15628 -113.32258  23.490068      43.39 1.1747e+03    844.841      20277  1029.4974  1029.4950    34.2720    34.2692    8.09525         34 0.0000e+00
    415.000    410.293    -0.2124  28.496437    -0.2104  28.496387     4.8171     5.0799    -0.0107    95.8134 1.0000e-12  -74.15628 -113.32258  23.490084      42.48 1.1739e+03    846.267      20311  1029.5011  1029.4991    34.2704    34.2681    8.09606         34 0.0000e+00
    416.000    411.282    -0.2187  28.490102    -0.2123  28.494535     4.8134     5.0768    -0.0117    95.8226 1.0000e-12  -74.15628 -113.32258  23.490101      41.40 1.1738e+03    847.694      20346  1029.5048  1029.5033    34.2685    34.2671    8.09751         35 0.0000e+00
    417.000    412.268    -0.2057  28.505669    -0.2022  28.506442     4.8129     5.0741    -0.0108    95.8086 1.0000e-12  -74.15628 -113.32258  23.490118      40.38 1.1746e+03    849.239      20383  1029.5129  1029.5103    34.2740    34.2711    8.09444         37 0.0000e+00
    418.000    413.257    -0.2005  28.511706    -0.1986  28.511128     4.8090     5.0767    -0.0126    95.8116 1.0000e-12  -74.15628 -113.32258  23.490137      39.33 1.1746e+03    850.865      20422  1029.5184  1029.5160    34.2755    34.2727    8.09323         39 0.0000e+00
    419.000    414.245    -0.2054  28.506519    -0.2035  28.505784     4.8101     5.0771    -0.0185    95.7927 1.0000e-12  -74.15628 -113.32258  23.490157      38.34 1.1744e+03    852.572      20463  1029.5220  1029.5194    34.2736    34.2705    8.09440         39 0.0000e+00
    420.000    415.231    -0.2044  28.508016    -0.2033  28.506693     4.8102     5.0769    -0.0097    95.7995 1.0000e-12  -74.15628 -113.32258  23.490177      37.28 1.1766e+03    854.328      20505  1029.5269  1029.5245    34.2738    34.2709    8.09416         40 0.0000e+00
    421.000    416.220    -0.2030  28.510169    -0.2014  28.509242     4.8059     5.0776    -0.0092    95.7891 1.0000e-12  -74.15628 -113.32258  23.490198      36.22 1.1758e+03    856.112      20548  1029.5321  1029.5296    34.2745    34.2715    8.09383         35 0.0000e+00
    422.000    417.207    -0.1952  28.519673    -0.1945  28.517730     4.8088     5.0772    -0.0121    95.7885 1.0000e-12  -74.15628 -113.32258  23.490219      35.23 1.1753e+03    857.894      20590  1029.5388  1029.5361    34.2778    34.2745    8.09198         39 0.0000e+00
    423.000    418.197    -0.1938  28.521483    -0.1912  28.521851     4.8107     5.0771    -0.0093    95.7887 1.0000e-12  -74.15628 -113.32258  23.490240      34.16 1.1752e+03    859.726      20634  1029.5436  1029.5415    34.2780    34.2756    8.09167         40 0.0000e+00
    424.000    419.181    -0.1940  28.521651    -0.1910  28.522515     4.8092     5.0746    -0.0029    95.8016 1.0000e-12  -74.15628 -113.32258  23.490261      33.15 1.1755e+03    861.567      20679  1029.5483  1029.5463    34.2779    34.2757    8.09172         35 0.0000e+00
    425.000    420.171    -0.1922  28.524250    -0.1900  28.524093     4.8063     5.0714    -0.0083    95.8215 1.0000e-12  -74.15628 -113.32258  23.490283      32.12 1.1742e+03    863.432      20723  1029.5536  1029.5514    34.2787    34.2761    8.09129         38 0.0000e+00
    426.000    421.158    -0.1910  28.526046    -0.1888  28.525797     4.8064     5.0733    -0.0077    95.7919 1.0000e-12  -74.15628 -113.32258  23.490305      31.13 1.1745e+03    865.313      20768  1029.5587  1029.5563    34.2792    34.2765    8.09102         36 0.0000e+00
    427.000    422.145    -0.1902  28.527236    -0.1887  28.526357     4.8021     5.0721    -0.0090    95.8200 1.0000e-12  -74.15628 -113.32258  23.490327      30.08 1.1757e+03    867.280      20816  1029.5634  1029.5611    34.2793    34.2765    8.09084         39 0.0000e+00
    428.000    423.134    -0.1901  28.527733    -0.1884  28.527146     4.8057     5.0712    -0.0097    95.8018 1.0000e-12  -74.15628 -113.32258  23.490350      29.10 1.1746e+03    869.220      20862  1029.5682  1029.5659    34.2793    34.2766    8.09083         36 0.0000e+00
    429.000    424.119    -0.1891  28.529369    -0.1876  28.528459     4.8022     5.0670    -0.0068    95.8109 1.0000e-12  -74.15628 -113.32258  23.490373      28.02 1.1764e+03    871.204      20910  1029.5732  1029.5708    34.2797    34.2768    8.09058         36 0.0000e+00
    430.000    425.109    -0.1864  28.532857    -0.1845  28.532354     4.8043     5.0683    -0.0028    95.8017 1.0000e-12  -74.15628 -113.32258  23.490396      27.05 1.1770e+03    873.172      20957  1029.5785  1029.5762    34.2807    34.2779    8.08995         41 0.0000e+00
    431.000    426.094    -0.1838  28.536248    -0.1814  28.536449     4.8053     5.0694    -0.0159    95.7916 1.0000e-12  -74.15628 -113.32258  23.490419      25.99 1.1768e+03    875.161      21005  1029.5839  1029.5818    34.2817    34.2793    8.08935         31 0.0000e+00
    432.000    427.083    -0.1819  28.538869    -0.1793  28.539118     4.8018     5.0689    -0.0187    95.8068 1.0000e-12  -74.15628 -113.32258  23.490441      24.99 1.1772e+03    877.102      21051  1029.5891  1029.5869    34.2824    34.2799    8.08889         35 0.0000e+00
    433.000    428.072    -0.1823  28.538704    -0.1804  28.538192     4.7948     5.0686    -0.0087    95.7897 1.0000e-12  -74.15628 -113.32258  23.490464      23.94 1.1781e+03    879.115      21100  1029.5936  1029.5913    34.2821    34.2793    8.08901         37 0.0000e+00
    434.000    429.059    -0.1805  28.541223    -0.1787  28.540670     4.8032     5.0631    -0.0033    95.7408 1.0000e-12  -74.15628 -113.32258  23.490487      22.95 1.1769e+03    881.097      21147  1029.5989  1029.5965    34.2829    34.2801    8.08859         40 0.0000e+00
    435.000    430.046    -0.1800  28.542343    -0.1777  28.542159     4.8038     5.0641    -0.0104    95.7853 1.0000e-12  -74.15628 -113.32258  23.490510      21.94 1.1793e+03    883.092      21195  1029.6038  1029.6014    34.2831    34.2804    8.08845         43 0.0000e+00
    436.000    431.033    -0.1800  28.542626    -0.1776  28.542838     4.8005     5.0680    -0.0029    95.7731 1.0000e-12  -74.15628 -113.32258  23.490536      20.91 1.1800e+03    885.327      21249  1029.6085  1029.6063    34.2830    34.2806    8.08848         39 0.0000e+00
    437.000    432.022    -0.1784  28.544948    -0.1762  28.544891     4.7985     5.0651    -0.0091    95.7998 1.0000e-12  -74.15628 -113.32258  23.490565      19.85 1.1808e+03    887.816      21309  1029.6136  1029.6114    34.2837    34.2811    8.08810         38 0.0000e+00
    438.000    433.009    -0.1702  28.555174    -0.1685  28.554033     4.7990     5.0643    -0.0104    95.7990 1.0000e-12  -74.15628 -113.32257  23.490593      18.83 1.1809e+03    890.268      21367  1029.6207  1029.6179    34.2874    34.2841    8.08614         43 0.0000e+00
    439.000    433.995    -0.1654  28.560596    -0.1630  28.560746     4.7974     5.0595    -0.0109    95.8149 1.0000e-12  -74.15628 -113.32258  23.490624      17.80 1.1811e+03    892.895      21430  1029.6261  1029.6239    34.2887    34.2862    8.08506         39 0.0000e+00
    440.000    434.985    -0.1633  28.563537    -0.1613  28.563135     4.7950     5.0588    -0.0083    95.8224 1.0000e-12  -74.15628 -113.32258  23.490654      16.77 1.1818e+03    895.472      21492  1029.6314  1029.6291    34.2896    34.2868    8.08455         53 0.0000e+00
    441.000    435.971    -0.1612  28.566206    -0.1592  28.565791     4.7983     5.0619    -0.0062    95.8257 1.0000e-12  -74.15628 -113.32258  23.490684      15.72 1.1815e+03    898.119      21556  1029.6366  1029.6343    34.2902    34.2875    8.08408         47 0.0000e+00
    442.000    436.958    -0.1620  28.565655    -0.1605  28.564735     4.8008     5.0630    -0.0113    95.8186 1.0000e-12  -74.15628 -113.32258  23.490717      14.68 1.1821e+03    900.979      21624  1029.6411  1029.6387    34.2898    34.2870    8.08427         41 0.0000e+00
    443.000    437.936    -0.1649  28.562553    -0.1639  28.561318     4.7968     5.0632    -0.0099    95.8132 1.0000e-12  -74.15628 -113.32258  23.490762      13.61 1.1805e+03    904.799      21716  1029.6450  1029.6427    34.2883    34.2855    8.08497         26 0.0000e+00
    444.000    438.934    -0.1672  28.560716    -0.1656  28.559821     4.7965     5.0624    -0.0099    95.8191 1.0000e-12  -74.15628 -113.32258  23.490806      12.58 1.1811e+03    908.641      21808  1029.6496  1029.6470    34.2879    34.2849    8.08548         30 0.0000e+00
    445.000    439.926    -0.1639  28.564762    -0.1624  28.563921     4.7994     5.0555    -0.0056    95.8403 1.0000e-12  -74.15628 -113.32258  23.490846      11.55 1.1811e+03    912.081      21891  1029.6548  1029.6525    34.2889    34.2862    8.08472         30 0.0000e+00
    446.000    440.911    -0.1640  28.565131    -0.1627  28.563999     4.7961     5.0611    -0.0105    95.8099 1.0000e-12  -74.15629 -113.32258  23.490886      10.51 1.1803e+03    915.542      21974  1029.6596  1029.6572    34.2889    34.2860    8.08474         25 0.0000e+00
    447.000    441.898    -0.1683  28.560232    -0.1656  28.560685     4.7964     5.0611    -0.0142    95.8286 1.0000e-12  -74.15630 -113.32258  23.490925       9.50 1.1807e+03    918.920      22055  1029.6630  1029.6608    34.2867    34.2843    8.08579         24 0.0000e+00
    448.000    442.880    -0.1696  28.559969    -0.1685  28.558227     4.7962     5.0622    -0.0049    95.8299 1.0000e-12  -74.15630 -113.32258  23.491001       8.31 1.1818e+03    925.457      22212  1029.6680  1029.6652    34.2872    34.2837    8.08603         36 0.0000e+00
