ocean_section_plots/required_files/ctd/dnbp2202_ctd213.cnv
* Sea-Bird SBE 9 Data File:
* FileName = D:\Data\raw\NBP2202_CTD213.hex
* Software Version Seasave V 7.26.7.121
* Temperature SN = 1649
* Conductivity SN = 2513
* Number of Bytes Per Scan = 40
* Number of Voltage Words = 5
* Number of Scans Averaged by the Deck Unit = 1
* NMEA Latitude = 74 08.77 S
* NMEA Longitude = 113 20.17 W
* NMEA UTC (Time) = Feb 10 2022  10:31:20
* NMEA baud rate = 9600
** Ship: RVIB N.B. Palmer
** Cruise: NBP2202 Thwaites
** Station: Tow-Yo #3
** Operator: B. Bjork
# nquan = 28
# nvalues = 468                         
# units = specified
# name 0 = prDM: Pressure, Digiquartz [db]
# name 1 = depSM: Depth [salt water, m]
# name 2 = t090C: Temperature [ITS-90, deg C]
# name 3 = c0mS/cm: Conductivity [mS/cm]
# name 4 = t190C: Temperature, 2 [ITS-90, deg C]
# name 5 = c1mS/cm: Conductivity, 2 [mS/cm]
# name 6 = sbeox0ML/L: Oxygen, SBE 43 [ml/l]
# name 7 = sbeox1ML/L: Oxygen, SBE 43, 2 [ml/l]
# name 8 = flECO-AFL: Fluorescence, WET Labs ECO-AFL/FL [mg/m^3]
# name 9 = CStarTr0: Beam Transmission, WET Labs C-Star [%]
# name 10 = par: PAR/Irradiance, Biospherical/Licor
# name 11 = latitude: Latitude [deg]
# name 12 = longitude: Longitude [deg]
# name 13 = timeJ: Julian Days
# name 14 = altM: Altimeter [m]
# name 15 = spar: SPAR, Biospherical/Licor
# name 16 = timeS: Time, Elapsed [seconds]
# name 17 = scan: Scan Count
# name 18 = density00: Density [density, kg/m^3]
# name 19 = density11: Density, 2 [density, kg/m^3]
# name 20 = v3: Voltage 3
# name 21 = v4: Voltage 4
# name 22 = v5: Voltage 5
# name 23 = sal00: Salinity, Practical [PSU]
# name 24 = sal11: Salinity, Practical, 2 [PSU]
# name 25 = oxsolML/L: Oxygen Saturation, Garcia & Gordon [ml/l]
# name 26 = nbin: number of scans per bin
# name 27 = flag: flag
# span 0 =     10.000,    477.000       
# span 1 =      9.901,    471.525       
# span 2 =    -1.5487,    -0.1653       
# span 3 =  26.902073,  28.580385       
# span 4 =    -1.5478,    -0.1629       
# span 5 =  26.902633,  28.580529       
# span 6 =     4.7861,     8.4184       
# span 7 =     4.9165,     8.6679       
# span 8 =    -0.0225,    19.1262       
# span 9 =    77.3902,    98.0068       
# span 10 = -1.236e-05, 4.4091e-01      
# span 11 =  -74.14749,  -74.14628      
# span 12 = -113.33564, -113.32689      
# span 13 =  41.438836,  41.445619      
# span 14 =       8.31,     100.90      
# span 15 = 2.6769e+01, 3.4762e+01      
# span 16 =     35.434,    621.444      
# span 17 =        851,      14916      
# span 18 =  1027.2016,  1029.8101      
# span 19 =  1027.1999,  1029.8077      
# span 20 =     3.6716,     4.6493      
# span 21 =     0.0636,     2.7052      
# span 22 =     0.1250,     0.2424      
# span 23 =    33.7607,    34.2940      
# span 24 =    33.7588,    34.2916      
# span 25 =    8.08472,    8.41529      
# span 26 =         16,         47      
# span 27 = 0.0000e+00, 0.0000e+00      
# interval = decibars: 1                
# start_time = Feb 10 2022 10:31:20 [NMEA time, header]
# bad_flag = -9.990e-29
*END*
[from data line 259]
    269.000    266.043    -0.7242  27.880743    -0.7263  27.876106     5.0828     5.2294    -0.0163    97.8304 1.0000e-12  -74.14696 -113.33075  41.442649      99.88 3.2254e+01    364.858       8758  1028.7056  1028.7026     4.6409     0.0705     0.1331    34.1088    34.1048    8.21533         24 0.0000e+00
    270.000    267.031    -0.7183  27.887391    -0.7162  27.887533     5.0781     5.2210    -0.0078    97.8370 1.0000e-12  -74.14696 -113.33073  41.442660      99.88 2.9769e+01    365.822       8781  1028.7112  1028.7093     4.6412     0.0696     0.1321    34.1104    34.1082    8.21394         23 0.0000e+00
    271.000    268.020    -0.7200  27.886156    -0.7192  27.884694     5.0766     5.2082    -0.0137    97.8454 1.0000e-12  -74.14697 -113.33072  41.442672      90.00 3.0219e+01    366.892       8806  1028.7160  1028.7136     4.6416     0.0689     0.1321    34.1101    34.1072    8.21434         28 0.0000e+00
    272.000    269.009    -0.7034  27.905063    -0.7024  27.903324     5.0702     5.2029    -0.0161    97.8189 1.0000e-12  -74.14698 -113.33071  41.442685      77.59 3.1584e+01    368.011       8833  1028.7244  1028.7216     4.6404     0.0673     0.1327    34.1163    34.1128    8.21036         26 0.0000e+00
    273.000    269.996    -0.7009  27.907092    -0.6999  27.906124     5.0666     5.2109    -0.0207    97.7529 1.0000e-12  -74.14698 -113.33068  41.442698      93.92 2.9957e+01    369.112       8860  1028.7285  1028.7266     4.6373     0.0700     0.1318    34.1156    34.1132    8.20986         26 0.0000e+00
    274.000    270.984    -0.7040  27.904567    -0.7021  27.904415     5.0668     5.2110    -0.0109    97.7944 1.0000e-12  -74.14698 -113.33066  41.442711      99.87 2.9838e+01    370.208       8886  1028.7332  1028.7312     4.6391     0.0696     0.1327    34.1151    34.1127    8.21057         27 0.0000e+00
    275.000    271.974    -0.7042  27.904833    -0.7037  27.903194     5.0533     5.2016    -0.0082    97.8049 1.0000e-12  -74.14698 -113.33066  41.442724      99.88 3.1667e+01    371.334       8913  1028.7380  1028.7357     4.6397     0.0701     0.1330    34.1151    34.1122    8.21062         27 0.0000e+00
    276.000    272.962    -0.6997  27.910596    -0.6943  27.914172     5.0413     5.1919    -0.0122    97.7650 1.0000e-12  -74.14698 -113.33064  41.442737      99.88 2.9958e+01    372.444       8940  1028.7442  1028.7427     4.6378     0.0698     0.1328    34.1171    34.1159    8.20951         26 0.0000e+00
    277.000    273.950    -0.6682  27.944264    -0.6601  27.949256     5.0283     5.1718    -0.0091    97.8218 1.0000e-12  -74.14698 -113.33062  41.442749      99.87 2.9969e+01    373.537       8966  1028.7541  1028.7516     4.6405     0.0702     0.1309    34.1265    34.1240    8.20214         27 0.0000e+00
    278.000    274.937    -0.6588  27.954670    -0.6505  27.960172     5.0227     5.1597    -0.0154    97.8350 1.0000e-12  -74.14698 -113.33061  41.442762      99.87 3.1988e+01    374.597       8991  1028.7606  1028.7584     4.6411     0.0703     0.1319    34.1293    34.1273    8.19994         23 0.0000e+00
    279.000    275.925    -0.6449  27.967786    -0.6436  27.967237     5.0219     5.1647    -0.0210    97.8130 1.0000e-12  -74.14698 -113.33059  41.442772      99.88 3.0251e+01    375.529       9014  1028.7656  1028.7638     4.6401     0.0688     0.1309    34.1307    34.1285    8.19684         24 0.0000e+00
    280.000    276.917    -0.6396  27.973644    -0.6391  27.972199     5.0254     5.1670    -0.0149    97.8110 1.0000e-12  -74.14698 -113.33057  41.442784      99.88 2.9836e+01    376.560       9038  1028.7712  1028.7692     4.6400     0.0704     0.1325    34.1320    34.1295    8.19561         25 0.0000e+00
    281.000    277.903    -0.6506  27.962825    -0.6490  27.962493     5.0235     5.1649    -0.0051    97.7899 1.0000e-12  -74.14699 -113.33056  41.442797      99.88 3.1904e+01    377.655       9065  1028.7748  1028.7729     4.6390     0.0712     0.1338    34.1292    34.1270    8.19816         27 0.0000e+00
    282.000    278.893    -0.6508  27.963685    -0.6479  27.964104     5.0226     5.1639    -0.0057    97.7939 1.0000e-12  -74.14700 -113.33055  41.442810      99.88 3.0195e+01    378.757       9091  1028.7802  1028.7779     4.6392     0.0693     0.1312    34.1299    34.1273    8.19815         26 0.0000e+00
    283.000    279.878    -0.6446  27.969580    -0.6436  27.968671     5.0153     5.1622    -0.0139    97.7939 1.0000e-12  -74.14700 -113.33054  41.442822      99.88 2.9902e+01    379.852       9117  1028.7850  1028.7830     4.6391     0.0684     0.1340    34.1304    34.1279    8.19680         26 0.0000e+00
    284.000    280.869    -0.6418  27.973415    -0.6401  27.972780     5.0182     5.1577    -0.0144    97.7731 1.0000e-12  -74.14700 -113.33051  41.442835      99.88 3.2532e+01    380.922       9143  1028.7907  1028.7884     4.6383     0.0703     0.1329    34.1317    34.1290    8.19611         24 0.0000e+00
    285.000    281.856    -0.6380  27.977606    -0.6377  27.975735     5.0117     5.1598    -0.0141    97.7721 1.0000e-12  -74.14700 -113.33050  41.442846      96.27 3.0220e+01    381.866       9166  1028.7959  1028.7937     4.6382     0.0694     0.1337    34.1324    34.1297    8.19523         23 0.0000e+00
    286.000    282.844    -0.6248  27.993868    -0.6234  27.991961     5.0089     5.1495    -0.0210    97.7742 1.0000e-12  -74.14700 -113.33049  41.442858      97.66 2.9899e+01    382.903       9191  1028.8050  1028.8016     4.6383     0.0686     0.1351    34.1390    34.1348    8.19201         26 0.0000e+00
    287.000    283.833    -0.6051  28.016221    -0.6024  28.015847     5.0029     5.1444    -0.0210    97.7734 1.0000e-12  -74.14700 -113.33047  41.442871      99.88 3.1752e+01    384.012       9217  1028.8142  1028.8111     4.6383     0.0695     0.1341    34.1462    34.1426    8.18732         27 0.0000e+00
    288.000    284.822    -0.5995  28.021580    -0.5941  28.025328     4.9978     5.1436    -0.0144    97.7762 1.0000e-12  -74.14702 -113.33044  41.442883      99.87 3.0363e+01    385.114       9244  1028.8190  1028.8178     4.6384     0.0699     0.1362    34.1465    34.1455    8.18609         26 0.0000e+00
    289.000    285.810    -0.5965  28.025543    -0.5941  28.025588     4.9961     5.1381    -0.0062    97.7621 1.0000e-12  -74.14702 -113.33044  41.442896      99.87 2.9966e+01    386.196       9270  1028.8248  1028.8226     4.6377     0.0694     0.1361    34.1479    34.1453    8.18537         26 0.0000e+00
    290.000    286.797    -0.5938  28.028689    -0.5896  28.030784     4.9961     5.1371    -0.0056    97.7710 1.0000e-12  -74.14702 -113.33042  41.442908      99.87 3.1772e+01    387.274       9296  1028.8300  1028.8282     4.6381     0.0694     0.1380    34.1485    34.1466    8.18475         25 0.0000e+00
    291.000    287.787    -0.5916  28.032025    -0.5867  28.034787     4.9915     5.1435    -0.0110    97.7740 1.0000e-12  -74.14702 -113.33042  41.442919      99.88 3.0224e+01    388.220       9318  1028.8358  1028.8341     4.6383     0.0734     0.1328    34.1499    34.1481    8.18419         22 0.0000e+00
    292.000    288.773    -0.5828  28.042426    -0.5806  28.042093     4.9940     5.1345    -0.0083    97.7682 1.0000e-12  -74.14702 -113.33040  41.442931      99.87 2.9970e+01    389.224       9342  1028.8429  1028.8404     4.6380     0.0708     0.1327    34.1534    34.1504    8.18210         26 0.0000e+00
    293.000    289.763    -0.5798  28.045749    -0.5765  28.047071     4.9918     5.1317    -0.0106    97.7621 1.0000e-12  -74.14702 -113.33038  41.442943      99.88 3.1578e+01    390.317       9369  1028.8479  1028.8462     4.6377     0.0710     0.1351    34.1538    34.1519    8.18142         27 0.0000e+00
    294.000    290.750    -0.5675  28.060061    -0.5641  28.061037     4.9860     5.1287    -0.0147    97.7595 1.0000e-12  -74.14702 -113.33036  41.442956      99.88 3.1241e+01    391.408       9395  1028.8557  1028.8535     4.6376     0.0693     0.1342    34.1586    34.1561    8.17848         25 0.0000e+00
    295.000    291.740    -0.5664  28.061199    -0.5644  28.061222     4.9913     5.1322    -0.0133    97.7633 1.0000e-12  -74.14702 -113.33036  41.442969      99.88 2.9964e+01    392.483       9421  1028.8603  1028.8584     4.6378     0.0700     0.1359    34.1583    34.1560    8.17826         26 0.0000e+00
    296.000    292.726    -0.5668  28.061393    -0.5649  28.061008     4.9944     5.1362    -0.0180    97.7500 1.0000e-12  -74.14702 -113.33034  41.442981      99.87 3.1686e+01    393.557       9446  1028.8654  1028.8632     4.6371     0.0692     0.1338    34.1584    34.1558    8.17835         25 0.0000e+00
    297.000    293.716    -0.5655  28.063104    -0.5639  28.062541     4.9968     5.1371    -0.0177    97.7391 1.0000e-12  -74.14702 -113.33033  41.442992      87.97 3.0860e+01    394.509       9469  1028.8703  1028.8681     4.6366     0.0684     0.1325    34.1586    34.1561    8.17805         22 0.0000e+00
    298.000    294.704    -0.5634  28.065917    -0.5618  28.065307     4.9930     5.1362    -0.0167    97.7405 1.0000e-12  -74.14702 -113.33030  41.443004      98.89 2.9974e+01    395.516       9493  1028.8756  1028.8735     4.6366     0.0697     0.1328    34.1594    34.1568    8.17754         26 0.0000e+00
    299.000    295.692    -0.5637  28.065818    -0.5613  28.066027     4.9971     5.1306    -0.0190    97.7495 1.0000e-12  -74.14703 -113.33029  41.443016      99.89 3.1002e+01    396.621       9520  1028.8802  1028.8782     4.6371     0.0712     0.1314    34.1590    34.1566    8.17763         26 0.0000e+00
    300.000    296.681    -0.5656  28.064195    -0.5633  28.064275     4.9932     5.1278    -0.0108    97.7438 1.0000e-12  -74.14704 -113.33028  41.443029      99.87 3.1081e+01    397.729       9546  1028.8847  1028.8826     4.6369     0.0682     0.1335    34.1584    34.1559    8.17809         27 0.0000e+00
    301.000    297.668    -0.5653  28.064794    -0.5635  28.064498     4.9862     5.1315    -0.0091    97.7552 1.0000e-12  -74.14704 -113.33027  41.443042      99.88 2.9982e+01    398.821       9573  1028.8894  1028.8873     4.6374     0.0685     0.1348    34.1582    34.1558    8.17803         27 0.0000e+00
    302.000    298.656    -0.5656  28.064855    -0.5636  28.064785     4.9823     5.1304    -0.0103    97.6723 1.0000e-12  -74.14704 -113.33025  41.443055      99.88 3.1724e+01    399.912       9599  1028.8941  1028.8921     4.6334     0.0697     0.1343    34.1581    34.1557    8.17811         25 0.0000e+00
    303.000    299.645    -0.5655  28.065430    -0.5635  28.065195     4.9874     5.1280    -0.0097    97.7395 1.0000e-12  -74.14704 -113.33023  41.443066      99.87 3.1335e+01    400.887       9622  1028.8989  1028.8968     4.6366     0.0715     0.1344    34.1581    34.1556    8.17807         22 0.0000e+00
    304.000    300.634    -0.5655  28.066032    -0.5635  28.065770     4.9877     5.1279    -0.0201    97.7572 1.0000e-12  -74.14704 -113.33022  41.443077      99.88 2.9973e+01    401.893       9646  1028.9039  1028.9018     4.6375     0.0703     0.1347    34.1583    34.1558    8.17806         26 0.0000e+00
    305.000    301.620    -0.5614  28.071565    -0.5594  28.070506     4.9762     5.1224    -0.0121    97.7553 1.0000e-12  -74.14704 -113.33021  41.443090      99.87 3.1270e+01    402.996       9673  1028.9101  1028.9071     4.6374     0.0685     0.1350    34.1605    34.1569    8.17705         27 0.0000e+00
    306.000    302.610    -0.5500  28.083820    -0.5468  28.084522     4.9668     5.1134    -0.0063    97.7573 1.0000e-12  -74.14704 -113.33018  41.443103      99.88 3.1595e+01    404.101       9699  1028.9165  1028.9142     4.6375     0.0704     0.1337    34.1636    34.1610    8.17442         26 0.0000e+00
    307.000    303.598    -0.5311  28.105216    -0.5268  28.106273     4.9598     5.1007    -0.0150    97.7375 1.0000e-12  -74.14704 -113.33016  41.443116      99.88 2.9970e+01    405.187       9725  1028.9254  1028.9224     4.6365     0.0705     0.1328    34.1704    34.1670    8.16995         26 0.0000e+00
    308.000    304.586    -0.5168  28.120078    -0.5146  28.119822     4.9582     5.0971    -0.0161    97.7514 1.0000e-12  -74.14704 -113.33014  41.443128      99.88 3.1464e+01    406.287       9752  1028.9317  1028.9294     4.6372     0.0696     0.1317    34.1737    34.1709    8.16668         27 0.0000e+00
    309.000    305.574    -0.5135  28.123981    -0.5104  28.124869     4.9565     5.0963     0.0008    97.7514 1.0000e-12  -74.14704 -113.33014  41.443141      97.85 3.1461e+01    407.398       9779  1028.9372  1028.9351     4.6372     0.0704     0.1330    34.1746    34.1723    8.16591         26 0.0000e+00
    310.000    306.561    -0.5111  28.126739    -0.5090  28.126493     4.9505     5.0887    -0.0120    97.7474 1.0000e-12  -74.14704 -113.33012  41.443154      95.09 2.9955e+01    408.489       9805  1028.9422  1028.9400     4.6370     0.0693     0.1355    34.1750    34.1724    8.16537         26 0.0000e+00
    311.000    307.551    -0.5106  28.127918    -0.5079  28.128220     4.9509     5.0916    -0.0046    97.7506 1.0000e-12  -74.14706 -113.33009  41.443167      99.95 3.1561e+01    409.601       9831  1028.9474  1028.9452     4.6371     0.0704     0.1336    34.1754    34.1728    8.16524         27 0.0000e+00
    312.000    308.538    -0.5020  28.137897    -0.4999  28.137446     4.9402     5.0883    -0.0069    97.7390 1.0000e-12  -74.14706 -113.33008  41.443180      99.87 3.1142e+01    410.716       9858  1028.9541  1028.9516     4.6366     0.0707     0.1348    34.1785    34.1755    8.16321         27 0.0000e+00
    313.000    309.528    -0.4979  28.143213    -0.4947  28.144096     4.9303     5.0802    -0.0147    97.7415 1.0000e-12  -74.14706 -113.33007  41.443192      99.88 2.9969e+01    411.813       9885  1028.9603  1028.9581     4.6367     0.0710     0.1340    34.1804    34.1780    8.16222         26 0.0000e+00
    314.000    310.514    -0.4788  28.164902    -0.4761  28.164289     4.9292     5.0680    -0.0211    97.7372 1.0000e-12  -74.14706 -113.33005  41.443205      99.88 3.1619e+01    412.929       9911  1028.9692  1028.9660     4.6365     0.0696     0.1348    34.1874    34.1836    8.15771         27 0.0000e+00
    315.000    311.504    -0.4665  28.176997    -0.4654  28.175596     4.9275     5.0620    -0.0194    97.7248 1.0000e-12  -74.14706 -113.33003  41.443218      99.87 3.0945e+01    414.047       9938  1028.9747  1028.9721     4.6359     0.0694     0.1337    34.1892    34.1861    8.15497         27 0.0000e+00
    316.000    312.490    -0.4599  28.184048    -0.4575  28.183932     4.9231     5.0579    -0.0141    97.7256 1.0000e-12  -74.14706 -113.33000  41.443231      99.87 2.9964e+01    415.152       9965  1028.9803  1028.9778     4.6359     0.0704     0.1350    34.1907    34.1878    8.15347         26 0.0000e+00
    317.000    313.480    -0.4574  28.186812    -0.4550  28.186959     4.9175     5.0583    -0.0156    97.7122 1.0000e-12  -74.14706 -113.32998  41.443244      99.87 3.2164e+01    416.270       9991  1028.9852  1028.9831     4.6353     0.0699     0.1365    34.1909    34.1885    8.15291         27 0.0000e+00
    318.000    314.468    -0.4558  28.189166    -0.4530  28.189201     4.9173     5.0546    -0.0183    97.7037 1.0000e-12  -74.14708 -113.32998  41.443257      99.88 3.0935e+01    417.388      10018  1028.9907  1028.9880     4.6349     0.0702     0.1338    34.1917    34.1886    8.15253         27 0.0000e+00
    319.000    315.456    -0.4522  28.192827    -0.4501  28.192658     4.9173     5.0527    -0.0096    97.6905 1.0000e-12  -74.14708 -113.32995  41.443270      99.87 2.9973e+01    418.495      10045  1028.9955  1028.9932     4.6343     0.0698     0.1358    34.1919    34.1893    8.15174         27 0.0000e+00
