ocean_section_plots/required_files/ctd/dnbp2202_ctd155.cnv
* Sea-Bird SBE 9 Data File:
* FileName = D:\Data\raw\NBP2202_CTD155.hex
* Software Version Seasave V 7.26.7.121
* Temperature SN = 1649
* Conductivity SN = 2513
* Number of Bytes Per Scan = 40
* Number of Voltage Words = 5
* Number of Scans Averaged by the Deck Unit = 1
* NMEA Latitude = 74 13.73 S
* NMEA Longitude = 112 41.10 W
* NMEA UTC (Time) = Jan 31 2022  17:11:11
* NMEA baud rate = 9600
** Ship: RVIB N.B. Palmer
** Cruise: NBP2202 Thwaites
** Station: 78
** Operator: A. Robinson
# nquan = 28
# nvalues = 1051                        
# units = specified
# name 0 = prDM: Pressure, Digiquartz [db]
# name 1 = depSM: Depth [salt water, m]
# name 2 = t090C: Temperature [ITS-90, deg C]
# name 3 = c0mS/cm: Conductivity [mS/cm]
# name 4 = t190C: Temperature, 2 [ITS-90, deg C]
# name 5 = c1mS/cm: Conductivity, 2 [mS/cm]
# name 6 = sbeox0ML/L: Oxygen, SBE 43 [ml/l]
# name 7 = sbeox1ML/L: Oxygen, SBE 43, 2 [ml/l]
# name 8 = flECO-AFL: Fluorescence, WET Labs ECO-AFL/FL [mg/m^3]
# name 9 = CStarTr0: Beam Transmission, WET Labs C-Star [%]
# name 10 = par: PAR/Irradiance, Biospherical/Licor
# name 11 = latitude: Latitude [deg]
# name 12 = longitude: Longitude [deg]
# name 13 = timeJ: Julian Days
# name 14 = altM: Altimeter [m]
# name 15 = spar: SPAR, Biospherical/Licor
# name 16 = timeS: Time, Elapsed [seconds]
# name 17 = scan: Scan Count
# name 18 = density00: Density [density, kg/m^3]
# name 19 = density11: Density, 2 [density, kg/m^3]
# name 20 = v3: Voltage 3
# name 21 = v4: Voltage 4
# name 22 = v5: Voltage 5
# name 23 = sal00: Salinity, Practical [PSU]
# name 24 = sal11: Salinity, Practical, 2 [PSU]
# name 25 = oxsolML/L: Oxygen Saturation, Garcia & Gordon [ml/l]
# name 26 = nbin: number of scans per bin
# name 27 = flag: flag
# span 0 =      3.000,   1053.000       
# span 1 =      2.996,   1039.471       
# span 2 =    -1.5439,     0.4841       
# span 3 =  27.039977,  29.576137       
# span 4 =    -1.5431,     0.4861       
# span 5 =  27.038803,  29.575958       
# span 6 =     4.5839,     7.6369       
# span 7 =     4.6405,     7.7932       
# span 8 =    -0.0169,    15.0572       
# span 9 =    75.3445,    93.9611       
# span 10 = 1.0000e-12, 7.3429e+02      
# span 11 =  -74.22882,  -74.22881      
# span 12 = -112.68504, -112.68500      
# span 13 =  31.718879,  31.734173      
# span 14 =     -45.34,     100.02      
# span 15 = 1.8163e+03, 1.8703e+03      
# span 16 =    240.219,   1561.572      
# span 17 =       5766,      37479      
# span 18 =  1027.2196,  1032.6598      
# span 19 =  1027.2188,  1032.6577      
# span 20 =     3.5746,     4.4575      
# span 21 =     0.0639,     2.6603      
# span 22 =     0.1132,     0.2074      
# span 23 =    33.8194,    34.5450      
# span 24 =    33.8198,    34.5428      
# span 25 =    7.93530,    8.40569      
# span 26 =          1,         52      
# span 27 = 0.0000e+00, 0.0000e+00      
# interval = decibars: 1                
# start_time = Jan 31 2022 17:11:11 [NMEA time, header]
# bad_flag = -9.990e-29
*END*
[from data line 363]
    366.000    361.891    -1.2282  27.522052    -1.2266  27.521837     6.0573     6.1691     0.0368    93.8472 1.0000e-12  -74.22882 -112.68504  31.724589      99.89 1.8538e+03    733.471      17604  1029.2102  1029.2084     4.4520     0.0926     0.1175    34.1323    34.1301    8.32488         22 0.0000e+00
    367.000    362.879    -1.2284  27.523145    -1.2269  27.522677     6.0462     6.1702     0.0292    93.8112 1.0000e-12  -74.22882 -112.68502  31.724600      99.89 1.8521e+03    734.414      17627  1029.2159  1029.2140     4.4503     0.0776     0.1191    34.1333    34.1310    8.32485         23 0.0000e+00
    368.000    363.867    -1.2263  27.526232    -1.2245  27.526307     6.0373     6.1623     0.0289    93.8146 1.0000e-12  -74.22882 -112.68502  31.724612      79.91 1.8545e+03    735.446      17652  1029.2216  1029.2199     4.4505     0.0736     0.1179    34.1346    34.1326    8.32431         27 0.0000e+00
    369.000    364.854    -1.2164  27.536463    -1.2142  27.536526     6.0329     6.1567     0.0289    93.8127 1.0000e-12  -74.22882 -112.68502  31.724625      96.75 1.8548e+03    736.594      17679  1029.2275  1029.2255     4.4504     0.0768     0.1191    34.1368    34.1343    8.32199         27 0.0000e+00
    370.000    365.843    -1.2080  27.544612    -1.2077  27.542981     6.0157     6.1302     0.0366    93.7667 1.0000e-12  -74.22882 -112.68502  31.724638      99.92 1.8512e+03    737.698      17706  1029.2326  1029.2306     4.4482     0.0762     0.1208    34.1377    34.1352    8.32005         26 0.0000e+00
    371.000    366.830    -1.1984  27.554133    -1.1973  27.553159     5.9978     6.1191     0.0237    93.7997 1.0000e-12  -74.22882 -112.68502  31.724649      99.89 1.8548e+03    738.667      17729  1029.2379  1029.2359     4.4497     0.0767     0.1194    34.1392    34.1367    8.31783         21 0.0000e+00
    372.000    367.818    -1.1813  27.570170    -1.1797  27.569674     5.9831     6.1116     0.0316    93.7542 1.0000e-12  -74.22882 -112.68502  31.724659      99.88 1.8547e+03    739.539      17750  1029.2431  1029.2411     4.4476     0.0747     0.1204    34.1411    34.1386    8.31392         20 0.0000e+00
    373.000    368.807    -1.1734  27.577880    -1.1721  27.577196     5.9915     6.1056     0.0369    93.7922 1.0000e-12  -74.22882 -112.68502  31.724669      99.88 1.8526e+03    740.395      17770  1029.2482  1029.2463     4.4494     0.0749     0.1189    34.1420    34.1396    8.31211         22 0.0000e+00
    374.000    369.794    -1.1675  27.583952    -1.1660  27.583209     5.9893     6.1014     0.0295    93.8261 1.0000e-12  -74.22882 -112.68502  31.724680      99.89 1.8554e+03    741.393      17794  1029.2535  1029.2513     4.4510     0.0760     0.1182    34.1430    34.1403    8.31074         28 0.0000e+00
    375.000    370.782    -1.1628  27.588716    -1.1612  27.588204     5.9868     6.0992     0.0143    93.8015 1.0000e-12  -74.22882 -112.68502  31.724695      99.89 1.8531e+03    742.685      17825  1029.2587  1029.2566     4.4498     0.0771     0.1213    34.1436    34.1411    8.30967         29 0.0000e+00
    376.000    371.770    -1.1603  27.591610    -1.1589  27.591204     5.9808     6.0951     0.0303    93.7856 1.0000e-12  -74.22882 -112.68502  31.724709      99.88 1.8492e+03    743.848      17853  1029.2639  1029.2620     4.4491     0.0743     0.1209    34.1441    34.1419    8.30909         25 0.0000e+00
    377.000    372.757    -1.1592  27.593243    -1.1576  27.592999     5.9886     6.0971     0.0318    93.7617 1.0000e-12  -74.22882 -112.68502  31.724719      99.89 1.8528e+03    744.767      17875  1029.2690  1029.2671     4.4480     0.0739     0.1216    34.1445    34.1423    8.30882         20 0.0000e+00
    378.000    373.745    -1.1579  27.595105    -1.1562  27.594883     5.9902     6.0956     0.0068    93.8117 1.0000e-12  -74.22882 -112.68502  31.724729      99.89 1.8546e+03    745.586      17895  1029.2741  1029.2722     4.4503     0.0733     0.1199    34.1448    34.1426    8.30850         19 0.0000e+00
    379.000    374.733    -1.1571  27.596196    -1.1557  27.595864     5.9931     6.0950     0.0280    93.7994 1.0000e-12  -74.22882 -112.68502  31.724739      99.89 1.8529e+03    746.427      17915  1029.2789  1029.2771     4.4497     0.0746     0.1195    34.1449    34.1428    8.30833         22 0.0000e+00
    380.000    375.723    -1.1566  27.597278    -1.1549  27.597130     5.9892     6.0995     0.1505    93.7701 1.0000e-12  -74.22882 -112.68502  31.724751      99.89 1.8534e+03    747.462      17940  1029.2840  1029.2822     4.4484     0.0850     0.1182    34.1451    34.1430    8.30820         27 0.0000e+00
    381.000    376.708    -1.1560  27.598417    -1.1543  27.598029     5.9798     6.0877     0.0202    93.7726 1.0000e-12  -74.22882 -112.68502  31.724767      89.41 1.8527e+03    748.881      17974  1029.2890  1029.2870     4.4485     0.0769     0.1198    34.1454    34.1430    8.30804         34 0.0000e+00
    382.000    377.698    -1.1516  27.603602    -1.1501  27.603118     5.9747     6.0927     0.0364    93.7836 1.0000e-12  -74.22882 -112.68502  31.724781      99.21 1.8484e+03    750.035      18002  1029.2948  1029.2929     4.4490     0.0735     0.1240    34.1468    34.1445    8.30698         24 0.0000e+00
    383.000    378.683    -1.1443  27.611267    -1.1433  27.610327     5.9689     6.0814     0.1359    93.7822 1.0000e-12  -74.22882 -112.68502  31.724791      99.89 1.8517e+03    750.944      18024  1029.3003  1029.2983     4.4489     0.0740     0.1197    34.1484    34.1460    8.30527         20 0.0000e+00
    384.000    379.673    -1.1385  27.617078    -1.1370  27.616647     5.9681     6.0718     0.0666    93.7999 1.0000e-12  -74.22882 -112.68502  31.724801      99.89 1.8530e+03    751.800      18044  1029.3054  1029.3034     4.4498     0.0718     0.1201    34.1492    34.1469    8.30395         21 0.0000e+00
    385.000    380.660    -1.1350  27.621158    -1.1337  27.620587     5.9672     6.0745     0.0545    93.7999 1.0000e-12  -74.22882 -112.68502  31.724811      99.89 1.8521e+03    752.701      18066  1029.3108  1029.3089     4.4498     0.0733     0.1224    34.1502    34.1479    8.30312         23 0.0000e+00
    386.000    381.648    -1.1313  27.625374    -1.1292  27.625565     5.9653     6.0796     0.0414    93.7948 1.0000e-12  -74.22882 -112.68502  31.724823      99.89 1.8535e+03    753.729      18090  1029.3161  1029.3143     4.4495     0.0741     0.1228    34.1511    34.1490    8.30224         27 0.0000e+00
    387.000    382.634    -1.1296  27.627991    -1.1279  27.627847     5.9624     6.0772     0.0340    93.8081 1.0000e-12  -74.22882 -112.68502  31.724837      99.88 1.8494e+03    754.882      18118  1029.3217  1029.3200     4.4501     0.0721     0.1228    34.1522    34.1501    8.30180         27 0.0000e+00
    388.000    383.625    -1.1252  27.633322    -1.1237  27.632780     5.9487     6.0649     0.0240    93.8181 1.0000e-12  -74.22882 -112.68502  31.724850      99.90 1.8509e+03    755.996      18145  1029.3276  1029.3256     4.4506     0.0737     0.1202    34.1538    34.1514    8.30073         24 0.0000e+00
    389.000    384.612    -1.1206  27.638732    -1.1191  27.638123     5.9466     6.0613     0.0321    93.7775 1.0000e-12  -74.22882 -112.68502  31.724861      99.88 1.8518e+03    757.002      18169  1029.3334  1029.3313     4.4487     0.0727     0.1207    34.1554    34.1528    8.29963         23 0.0000e+00
    390.000    385.600    -1.1092  27.650612    -1.1076  27.650073     5.9408     6.0562     0.0336    93.7770 1.0000e-12  -74.22882 -112.68502  31.724872      99.88 1.8509e+03    757.937      18191  1029.3395  1029.3374     4.4487     0.0745     0.1227    34.1580    34.1554    8.29693         22 0.0000e+00
    391.000    386.587    -1.1057  27.654402    -1.1041  27.654059     5.9370     6.0566     0.0130    93.7583 1.0000e-12  -74.22882 -112.68503  31.724883      99.90 1.8487e+03    758.852      18213  1029.3446  1029.3427     4.4478     0.0750     0.1201    34.1585    34.1563    8.29612         22 0.0000e+00
    392.000    387.574    -1.1056  27.655615    -1.1041  27.655343     5.9330     6.0495     0.0072    93.7320 1.0000e-12  -74.22882 -112.68503  31.724894      99.89 1.8474e+03    759.809      18236  1029.3503  1029.3485     4.4466     0.0734     0.1205    34.1596    34.1575    8.29606         24 0.0000e+00
    393.000    388.563    -1.0999  27.661685    -1.0984  27.661221     5.9305     6.0423     0.0077    93.7642 1.0000e-12  -74.22882 -112.68503  31.724906      98.64 1.8506e+03    760.876      18262  1029.3557  1029.3537     4.4481     0.0724     0.1183    34.1607    34.1583    8.29472         27 0.0000e+00
    394.000    389.550    -1.0954  27.666550    -1.0939  27.666004     5.9287     6.0363     0.0130    93.7852 1.0000e-12  -74.22882 -112.68503  31.724919      86.50 1.8519e+03    762.006      18289  1029.3610  1029.3589     4.4491     0.0706     0.1191    34.1616    34.1592    8.29368         27 0.0000e+00
    395.000    390.538    -1.0884  27.674363    -1.0871  27.673815     5.9178     6.0304    -0.0004    93.7921 1.0000e-12  -74.22882 -112.68502  31.724931      95.12 1.8508e+03    763.042      18314  1029.3671  1029.3652     4.4494     0.0734     0.1250    34.1638    34.1615    8.29201         23 0.0000e+00
    396.000    391.525    -1.0848  27.678524    -1.0835  27.677895     5.9059     6.0280    -0.0004    93.7854 1.0000e-12  -74.22882 -112.68502  31.724942      99.90 1.8545e+03    764.003      18337  1029.3724  1029.3705     4.4491     0.0737     0.1227    34.1647    34.1624    8.29115         23 0.0000e+00
    397.000    392.514    -1.0796  27.684127    -1.0781  27.683685     5.8993     6.0199     0.0056    93.7876 1.0000e-12  -74.22882 -112.68503  31.724953      99.88 1.8532e+03    764.955      18360  1029.3778  1029.3758     4.4492     0.0725     0.1235    34.1658    34.1635    8.28993         23 0.0000e+00
    398.000    393.500    -1.0772  27.686794    -1.0754  27.686744     5.8973     6.0118     0.0120    93.7920 1.0000e-12  -74.22882 -112.68503  31.724964      99.88 1.8519e+03    765.923      18383  1029.3828  1029.3809     4.4494     0.0724     0.1212    34.1661    34.1640    8.28938         24 0.0000e+00
    399.000    394.491    -1.0751  27.689355    -1.0736  27.688959     5.8832     6.0031     0.0102    93.7960 1.0000e-12  -74.22882 -112.68503  31.724976      99.89 1.8545e+03    766.940      18408  1029.3879  1029.3860     4.4496     0.0727     0.1209    34.1666    34.1644    8.28889         25 0.0000e+00
    400.000    395.476    -1.0681  27.696593    -1.0665  27.696160     5.8767     5.9875     0.0069    93.7757 1.0000e-12  -74.22882 -112.68503  31.724989      99.89 1.8529e+03    768.034      18434  1029.3933  1029.3913     4.4486     0.0709     0.1223    34.1679    34.1655    8.28726         27 0.0000e+00
    401.000    396.465    -1.0600  27.705629    -1.0582  27.705328     5.8608     5.9740     0.0118    93.8049 1.0000e-12  -74.22882 -112.68504  31.725002      99.88 1.8503e+03    769.153      18461  1029.3996  1029.3975     4.4500     0.0727     0.1215    34.1704    34.1680    8.28533         26 0.0000e+00
    402.000    397.450    -1.0526  27.714636    -1.0510  27.714352     5.8579     5.9671     0.0063    93.8055 1.0000e-12  -74.22882 -112.68502  31.725014      99.89 1.8526e+03    770.172      18485  1029.4065  1029.4047     4.4500     0.0732     0.1196    34.1737    34.1715    8.28350         23 0.0000e+00
    403.000    398.440    -1.0539  27.714133    -1.0523  27.713883     5.8614     5.9667    -0.0004    93.7948 1.0000e-12  -74.22882 -112.68504  31.725024      99.88 1.8534e+03    771.079      18507  1029.4117  1029.4099     4.4495     0.0729     0.1220    34.1739    34.1717    8.28379         21 0.0000e+00
    404.000    399.428    -1.0569  27.712205    -1.0557  27.711712     5.8558     5.9648     0.0013    93.7996 1.0000e-12  -74.22882 -112.68503  31.725034      99.88 1.8518e+03    771.951      18528  1029.4169  1029.4152     4.4498     0.0732     0.1203    34.1740    34.1720    8.28443         21 0.0000e+00
    405.000    400.416    -1.0630  27.707867    -1.0612  27.707761     5.8576     5.9628     0.0122    93.7871 1.0000e-12  -74.22882 -112.68503  31.725045      99.89 1.8525e+03    772.923      18551  1029.4226  1029.4208     4.4492     0.0718     0.1208    34.1744    34.1723    8.28576         26 0.0000e+00
    406.000    401.403    -1.0646  27.707050    -1.0634  27.706467     5.8590     5.9569    -0.0036    93.7761 1.0000e-12  -74.22882 -112.68502  31.725059      99.89 1.8513e+03    774.105      18580  1029.4276  1029.4258     4.4487     0.0724     0.1208    34.1745    34.1724    8.28611         30 0.0000e+00
    407.000    402.392    -1.0725  27.700748    -1.0717  27.700193     5.8704     5.9668     0.0136    93.7859 1.0000e-12  -74.22882 -112.68504  31.725072      88.53 1.8494e+03    775.263      18607  1029.4328  1029.4315     4.4491     0.0709     0.1195    34.1743    34.1727    8.28787         25 0.0000e+00
    408.000    403.378    -1.0965  27.680985    -1.0954  27.680885     5.8786     5.9868     0.0068    93.8103 1.0000e-12  -74.22882 -112.68502  31.725084      98.80 1.8528e+03    776.261      18631  1029.4391  1029.4379     4.4503     0.0736     0.1202    34.1740    34.1726    8.29319         23 0.0000e+00
    409.000    404.366    -1.1211  27.660640    -1.1199  27.660698     5.8742     5.9898     0.0072    93.7925 1.0000e-12  -74.22882 -112.68504  31.725094      99.87 1.8548e+03    777.158      18653  1029.4453  1029.4443     4.4494     0.0735     0.1209    34.1735    34.1723    8.29865         21 0.0000e+00
    410.000    405.354    -1.1655  27.624868    -1.1650  27.624366     5.8495     5.9692     0.0192    93.7620 1.0000e-12  -74.22882 -112.68502  31.725105      99.89 1.8556e+03    778.054      18674  1029.4541  1029.4531     4.4480     0.0735     0.1185    34.1746    34.1734    8.30845         22 0.0000e+00
    411.000    406.342    -1.1574  27.634542    -1.1573  27.632981     5.8144     5.9342     0.0267    93.7907 1.0000e-12  -74.22882 -112.68503  31.725116      99.88 1.8531e+03    779.011      18697  1029.4607  1029.4589     4.4493     0.0727     0.1203    34.1779    34.1757    8.30644         24 0.0000e+00
    412.000    407.329    -1.1183  27.670680    -1.1160  27.670169     5.7779     5.9092     0.0248    93.7880 1.0000e-12  -74.22882 -112.68502  31.725128      99.88 1.8502e+03    780.092      18723  1029.4657  1029.4629     4.4492     0.0752     0.1195    34.1822    34.1790    8.29753         27 0.0000e+00
    413.000    408.317    -1.0854  27.699616    -1.0845  27.698757     5.7576     5.8792     0.0218    93.7970 1.0000e-12  -74.22882 -112.68504  31.725141      99.88 1.8502e+03    781.205      18750  1029.4692  1029.4673     4.4496     0.0770     0.1196    34.1837    34.1815    8.29016         26 0.0000e+00
    414.000    409.304    -1.0711  27.713314    -1.0676  27.714456     5.7305     5.8494     0.0332    93.7950 1.0000e-12  -74.22882 -112.68502  31.725154      99.89 1.8534e+03    782.268      18775  1029.4744  1029.4722     4.4495     0.0753     0.1268    34.1855    34.1831    8.28690         25 0.0000e+00
    415.000    410.293    -1.0428  27.739101    -1.0431  27.736811     5.7078     5.8225     0.0400    93.7639 1.0000e-12  -74.22882 -112.68504  31.725165      99.89 1.8536e+03    783.278      18800  1029.4790  1029.4769     4.4481     0.0769     0.1226    34.1879    34.1852    8.28050         24 0.0000e+00
    416.000    411.280    -1.0262  27.754710    -1.0227  27.755579     5.6982     5.8163     0.0347    93.7797 1.0000e-12  -74.22882 -112.68502  31.725176      99.88 1.8517e+03    784.243      18823  1029.4841  1029.4817     4.4488     0.0766     0.1214    34.1897    34.1870    8.27674         23 0.0000e+00
