ocean_section_plots/required_files/ctd/dnbp2202_ctd086.cnv
* Sea-Bird SBE 9 Data File:
* FileName = D:\Data\raw\NBP2202_CTD086.hex
* Software Version Seasave V 7.26.7.121
* Temperature SN = 1649
* Conductivity SN = 2513
* Number of Bytes Per Scan = 40
* Number of Voltage Words = 5
* Number of Scans Averaged by the Deck Unit = 1
* NMEA Latitude = 74 10.51 S
* NMEA Longitude = 113 20.67 W
* NMEA UTC (Time) = Jan 26 2022  19:55:54
* NMEA baud rate = 9600
** Ship: RVIB N.B. Palmer
** Cruise: NBP2202 Thwaites
** Station: YoYo001
** Operator: A. Robinson
# nquan = 25
# nvalues = 606                         
# units = specified
# name 0 = prDM: Pressure, Digiquartz [db]
# name 1 = depSM: Depth [salt water, m]
# name 2 = t090C: Temperature [ITS-90, deg C]
# name 3 = c0mS/cm: Conductivity [mS/cm]
# name 4 = t190C: Temperature, 2 [ITS-90, deg C]
# name 5 = c1mS/cm: Conductivity, 2 [mS/cm]
# name 6 = sbeox0ML/L: Oxygen, SBE 43 [ml/l]
# name 7 = sbeox1ML/L: Oxygen, SBE 43, 2 [ml/l]
# name 8 = flECO-AFL: Fluorescence, WET Labs ECO-AFL/FL [mg/m^3]
# name 9 = CStarTr0: Beam Transmission, WET Labs C-Star [%]
# name 10 = par: PAR/Irradiance, Biospherical/Licor
# name 11 = latitude: Latitude [deg]
# name 12 = longitude: Longitude [deg]
# name 13 = timeJ: Julian Days
# name 14 = altM: Altimeter [m]
# name 15 = spar: SPAR, Biospherical/Licor
# name 16 = timeS: Time, Elapsed [seconds]
# name 17 = scan: Scan Count
# name 18 = density00: Density [density, kg/m^3]
# name 19 = density11: Density, 2 [density, kg/m^3]
# name 20 = sal00: Salinity, Practical [PSU]
# name 21 = sal11: Salinity, Practical, 2 [PSU]
# name 22 = oxsolML/L: Oxygen Saturation, Garcia & Gordon [ml/l]
# name 23 = nbin: number of scans per bin
# name 24 = flag: flag
# span 0 =     10.000,    615.000       
# span 1 =      9.897,    607.733       
# span 2 =    -1.5299,     0.0900       
# span 3 =  26.930095,  28.924115       
# span 4 =    -1.5285,     0.0920       
# span 5 =  26.930662,  28.923703       
# span 6 =     4.6902,     8.6829       
# span 7 =     4.7669,     8.5764       
# span 8 =    -0.0225,    25.0249       
# span 9 =    67.4272,    95.7266       
# span 10 = 1.0000e-12, 8.0815e+01      
# span 11 =  -74.17530,  -74.17528      
# span 12 = -113.34464, -113.34458      
# span 13 =  26.830848,  26.839812      
# span 14 =       5.39,     102.49      
# span 15 = 1.9220e+03, 2.1281e+03      
# span 16 =     31.236,    805.767      
# span 17 =        751,      19339      
# span 18 =  1027.2248,  1030.5127      
# span 19 =  1027.2233,  1030.5103      
# span 20 =    33.7937,    34.3801      
# span 21 =    33.7917,    34.3773      
# span 22 =    8.02614,    8.40991      
# span 23 =         19,         62      
# span 24 = 0.0000e+00, 0.0000e+00      
# interval = decibars: 1                
# start_time = Jan 26 2022 19:55:54 [NMEA time, header]
# bad_flag = -9.990e-29
*END*
[from data line 232]
    242.000    239.356    -0.9102  27.673541    -0.9083  27.673426     5.1944     5.2864    -0.0084    95.4084 1.0000e-12  -74.17528 -113.34463  26.834026      99.87 2.0805e+03    305.884       7342  1028.5418  1028.5399    34.0546    34.0523    8.25914         29 0.0000e+00
    243.000    240.344    -0.9031  27.680836    -0.9014  27.680374     5.1863     5.2774    -0.0133    95.4068 1.0000e-12  -74.17528 -113.34462  26.834041      99.86 2.0802e+03    307.105       7372  1028.5471  1028.5450    34.0558    34.0533    8.25749         29 0.0000e+00
    244.000    241.332    -0.8983  27.685946    -0.8965  27.685687     5.1826     5.2741    -0.0207    95.4122 1.0000e-12  -74.17528 -113.34464  26.834054      95.80 2.0802e+03    308.301       7400  1028.5523  1028.5503    34.0568    34.0544    8.25639         29 0.0000e+00
    245.000    242.320    -0.8911  27.693687    -0.8890  27.693771     5.1829     5.2703    -0.0213    95.4094 1.0000e-12  -74.17528 -113.34462  26.834068      97.67 2.0802e+03    309.481       7429  1028.5580  1028.5561    34.0585    34.0562    8.25471         28 0.0000e+00
    246.000    243.309    -0.8892  27.696286    -0.8876  27.695696     5.1799     5.2668    -0.0196    95.4201 1.0000e-12  -74.17528 -113.34464  26.834082      99.88 2.0802e+03    310.670       7457  1028.5634  1028.5612    34.0593    34.0567    8.25425         29 0.0000e+00
    247.000    244.298    -0.8889  27.696868    -0.8870  27.696666     5.1872     5.2743    -0.0091    95.4237 1.0000e-12  -74.17528 -113.34464  26.834096      99.87 2.0802e+03    311.887       7486  1028.5681  1028.5661    34.0591    34.0567    8.25419         29 0.0000e+00
    248.000    245.286    -0.8888  27.697830    -0.8872  27.697356     5.1796     5.2758    -0.0192    95.4219 1.0000e-12  -74.17528 -113.34464  26.834110      99.86 2.0799e+03    313.097       7515  1028.5734  1028.5714    34.0597    34.0573    8.25414         29 0.0000e+00
    249.000    246.274    -0.8895  27.698352    -0.8882  27.697642     5.1810     5.2676    -0.0140    95.3998 1.0000e-12  -74.17528 -113.34464  26.834124      99.87 2.0795e+03    314.288       7544  1028.5790  1028.5770    34.0606    34.0581    8.25425         29 0.0000e+00
    250.000    247.263    -0.8834  27.704682    -0.8816  27.704307     5.1735     5.2663    -0.0093    95.4074 1.0000e-12  -74.17528 -113.34464  26.834137      99.86 2.0784e+03    315.460       7572  1028.5843  1028.5821    34.0617    34.0592    8.25284         28 0.0000e+00
    251.000    248.251    -0.8787  27.709460    -0.8780  27.708261     5.1658     5.2567    -0.0097    95.4154 1.0000e-12  -74.17528 -113.34464  26.834151      99.87 2.0774e+03    316.635       7600  1028.5892  1028.5872    34.0623    34.0598    8.25178         29 0.0000e+00
    252.000    249.241    -0.8755  27.712835    -0.8736  27.712773     5.1602     5.2522    -0.0149    95.4185 1.0000e-12  -74.17528 -113.34464  26.834165      99.87 2.0774e+03    317.836       7629  1028.5941  1028.5922    34.0626    34.0604    8.25105         28 0.0000e+00
    253.000    250.229    -0.8654  27.722463    -0.8644  27.721535     5.1403     5.2460    -0.0150    95.4237 1.0000e-12  -74.17528 -113.34464  26.834179      99.87 2.0759e+03    319.058       7658  1028.5991  1028.5971    34.0637    34.0613    8.24878         29 0.0000e+00
    254.000    251.216    -0.8643  27.724090    -0.8635  27.722877     5.1225     5.2217    -0.0150    95.4113 1.0000e-12  -74.17528 -113.34464  26.834193      99.87 2.0762e+03    320.245       7687  1028.6041  1028.6020    34.0640    34.0614    8.24852         29 0.0000e+00
    255.000    252.206    -0.8434  27.743606    -0.8441  27.741080     5.1071     5.2072    -0.0142    95.4085 1.0000e-12  -74.17528 -113.34464  26.834206      87.21 2.0736e+03    321.423       7715  1028.6093  1028.6072    34.0663    34.0636    8.24382         28 0.0000e+00
    256.000    253.194    -0.8376  27.749845    -0.8321  27.752697     5.0910     5.1910     0.0010    95.4166 1.0000e-12  -74.17528 -113.34464  26.834220      99.73 2.0719e+03    322.591       7743  1028.6148  1028.6126    34.0675    34.0652    8.24246         28 0.0000e+00
    257.000    254.181    -0.8238  27.762526    -0.8226  27.761740     5.0752     5.1776    -0.0148    95.3964 1.0000e-12  -74.17528 -113.34464  26.834234      99.87 2.0714e+03    323.778       7772  1028.6195  1028.6175    34.0686    34.0661    8.23939         28 0.0000e+00
    258.000    255.172    -0.8160  27.770262    -0.8122  27.771636     5.0698     5.1627    -0.0160    95.3925 1.0000e-12  -74.17528 -113.34464  26.834247      99.86 2.0699e+03    324.976       7800  1028.6248  1028.6226    34.0695    34.0672    8.23762         29 0.0000e+00
    259.000    256.158    -0.8054  27.780317    -0.8042  27.779315     5.0659     5.1639    -0.0197    95.3958 1.0000e-12  -74.17528 -113.34464  26.834261      99.88 2.0680e+03    326.187       7829  1028.6298  1028.6276    34.0706    34.0680    8.23524         30 0.0000e+00
    260.000    257.147    -0.8033  27.782800    -0.8006  27.783300     5.0748     5.1687    -0.0176    95.3970 1.0000e-12  -74.17528 -113.34464  26.834275      99.87 2.0661e+03    327.394       7858  1028.6349  1028.6329    34.0710    34.0686    8.23476         29 0.0000e+00
    261.000    258.135    -0.8052  27.781776    -0.8029  27.781812     5.0953     5.1747    -0.0210    95.3965 1.0000e-12  -74.17528 -113.34464  26.834289      99.87 2.0665e+03    328.592       7887  1028.6402  1028.6380    34.0712    34.0687    8.23517         28 0.0000e+00
    262.000    259.123    -0.8113  27.777018    -0.8083  27.777773     5.1180     5.1948    -0.0174    95.3798 1.0000e-12  -74.17528 -113.34464  26.834303      99.87 2.0661e+03    329.782       7916  1028.6454  1028.6433    34.0710    34.0686    8.23651         28 0.0000e+00
    263.000    260.114    -0.8230  27.767761    -0.8238  27.765210     5.1353     5.2080    -0.0142    95.3506 1.0000e-12  -74.17528 -113.34464  26.834317      99.87 2.0661e+03    330.969       7944  1028.6511  1028.6492    34.0710    34.0685    8.23906         29 0.0000e+00
    264.000    261.101    -0.8319  27.760315    -0.8282  27.761980     5.1460     5.2285    -0.0184    95.3579 1.0000e-12  -74.17528 -113.34464  26.834330      99.87 2.0661e+03    332.147       7973  1028.6561  1028.6543    34.0704    34.0684    8.24105         28 0.0000e+00
    265.000    262.089    -0.8413  27.753569    -0.8383  27.754296     5.1476     5.2354    -0.0214    95.3339 1.0000e-12  -74.17528 -113.34464  26.834344      86.32 2.0660e+03    333.337       8001  1028.6623  1028.6602    34.0713    34.0688    8.24306         29 0.0000e+00
    266.000    263.078    -0.8389  27.756599    -0.8375  27.755972     5.1349     5.2226    -0.0147    95.3580 1.0000e-12  -74.17528 -113.34464  26.834358      87.21 2.0652e+03    334.545       8030  1028.6674  1028.6654    34.0720    34.0696    8.24248         29 0.0000e+00
    267.000    264.066    -0.8321  27.763898    -0.8307  27.762990     5.1260     5.2113    -0.0135    95.3633 1.0000e-12  -74.17528 -113.34464  26.834372      99.90 2.0665e+03    335.753       8059  1028.6729  1028.6707    34.0736    34.0708    8.24090         29 0.0000e+00
    268.000    265.054    -0.8199  27.775991    -0.8180  27.775752     5.1206     5.1999    -0.0216    95.3571 1.0000e-12  -74.17528 -113.34463  26.834386      99.86 2.0696e+03    336.952       8088  1028.6784  1028.6763    34.0756    34.0732    8.23812         29 0.0000e+00
    269.000    266.044    -0.8163  27.779766    -0.8149  27.779193     5.1149     5.2038    -0.0200    95.3707 1.0000e-12  -74.17528 -113.34464  26.834400      99.87 2.0711e+03    338.141       8116  1028.6834  1028.6814    34.0761    34.0737    8.23732         28 0.0000e+00
    270.000    267.030    -0.8153  27.781297    -0.8138  27.780733     5.1119     5.2062    -0.0137    95.3652 1.0000e-12  -74.17528 -113.34462  26.834413      99.87 2.0694e+03    339.318       8145  1028.6883  1028.6864    34.0764    34.0740    8.23707         28 0.0000e+00
    271.000    268.019    -0.8147  27.782404    -0.8127  27.782210     5.1119     5.2106    -0.0125    95.3677 1.0000e-12  -74.17528 -113.34463  26.834427      99.87 2.0680e+03    340.495       8173  1028.6933  1028.6912    34.0766    34.0741    8.23693         29 0.0000e+00
    272.000    269.009    -0.8133  27.784218    -0.8118  27.783650     5.1017     5.1957    -0.0106    95.3671 1.0000e-12  -74.17528 -113.34463  26.834441      99.88 2.0685e+03    341.679       8201  1028.6983  1028.6962    34.0769    34.0745    8.23661         28 0.0000e+00
    273.000    269.996    -0.8043  27.794324    -0.8023  27.793986     5.0977     5.1848    -0.0095    95.3933 1.0000e-12  -74.17528 -113.34463  26.834455      99.87 2.0707e+03    342.868       8230  1028.7048  1028.7024    34.0798    34.0771    8.23448         29 0.0000e+00
    274.000    270.985    -0.7843  27.814523    -0.7824  27.814482     5.0983     5.1949    -0.0132    95.3820 1.0000e-12  -74.17528 -113.34464  26.834468      99.87 2.0723e+03    344.076       8259  1028.7115  1028.7096    34.0839    34.0817    8.22986         29 0.0000e+00
    275.000    271.972    -0.7930  27.806504    -0.7944  27.803336     5.1180     5.2088    -0.0145    95.3882 1.0000e-12  -74.17528 -113.34462  26.834483      99.87 2.0731e+03    345.292       8288  1028.7157  1028.7137    34.0823    34.0796    8.23185         29 0.0000e+00
    276.000    272.962    -0.8012  27.799488    -0.8008  27.798198     5.1164     5.2046    -0.0140    95.3762 1.0000e-12  -74.17528 -113.34464  26.834496      99.71 2.0731e+03    346.487       8317  1028.7205  1028.7187    34.0815    34.0793    8.23370         28 0.0000e+00
    277.000    273.949    -0.8040  27.798494    -0.7996  27.800304     5.1118     5.2004    -0.0060    95.3679 1.0000e-12  -74.17528 -113.34463  26.834510      81.61 2.0722e+03    347.663       8345  1028.7264  1028.7241    34.0826    34.0801    8.23423         28 0.0000e+00
    278.000    274.938    -0.7881  27.813213    -0.7866  27.812869     5.1283     5.2119    -0.0067    95.3757 1.0000e-12  -74.17528 -113.34463  26.834523      97.00 2.0714e+03    348.824       8373  1028.7312  1028.7294    34.0840    34.0819    8.23069         29 0.0000e+00
    279.000    275.926    -0.7986  27.804807    -0.7972  27.804367     5.1776     5.2522    -0.0133    95.3925 1.0000e-12  -74.17528 -113.34463  26.834537      99.81 2.0714e+03    349.998       8401  1028.7367  1028.7349    34.0839    34.0818    8.23299         28 0.0000e+00
    280.000    276.914    -0.8251  27.782578    -0.8215  27.784351     5.2373     5.3128    -0.0206    95.3820 1.0000e-12  -74.17528 -113.34462  26.834551      99.87 2.0708e+03    351.205       8430  1028.7428  1028.7412    34.0831    34.0814    8.23883         29 0.0000e+00
    281.000    277.904    -0.8613  27.752595    -0.8555  27.756272     5.2759     5.3535    -0.0188    95.3747 1.0000e-12  -74.17528 -113.34462  26.834565      99.86 2.0705e+03    352.434       8459  1028.7500  1028.7482    34.0828    34.0812    8.24678         28 0.0000e+00
    282.000    278.891    -0.8866  27.732042    -0.8823  27.734230     5.2777     5.3515    -0.0105    95.3790 1.0000e-12  -74.17528 -113.34462  26.834579      99.87 2.0694e+03    353.652       8489  1028.7563  1028.7546    34.0828    34.0809    8.25230         28 0.0000e+00
    283.000    279.880    -0.8807  27.737953    -0.8790  27.737954     5.2835     5.3623    -0.0092    95.3944 1.0000e-12  -74.17528 -113.34462  26.834593      99.87 2.0697e+03    354.833       8517  1028.7610  1028.7594    34.0836    34.0816    8.25097         29 0.0000e+00
    284.000    280.868    -0.8754  27.743398    -0.8736  27.743430     5.3100     5.3956    -0.0098    95.4046 1.0000e-12  -74.17528 -113.34462  26.834607      99.86 2.0695e+03    356.003       8545  1028.7658  1028.7641    34.0843    34.0823    8.24976         28 0.0000e+00
    285.000    281.856    -0.8980  27.726827    -0.8963  27.726795     5.3055     5.3940    -0.0111    95.3992 1.0000e-12  -74.17528 -113.34462  26.834620      99.87 2.0702e+03    357.194       8574  1028.7741  1028.7724    34.0868    34.0848    8.25458         28 0.0000e+00
    286.000    282.845    -0.8910  27.738545    -0.8884  27.738694     5.2870     5.3805    -0.0143    95.4270 1.0000e-12  -74.17528 -113.34462  26.834634      99.86 2.0712e+03    358.407       8603  1028.7840  1028.7817    34.0941    34.0915    8.25261         30 0.0000e+00
    287.000    283.832    -0.8599  27.768087    -0.8587  27.767323     5.2449     5.3506    -0.0196    95.4431 1.0000e-12  -74.17528 -113.34462  26.834648      99.87 2.0690e+03    359.618       8632  1028.7898  1028.7878    34.0984    34.0961    8.24554         29 0.0000e+00
    288.000    284.822    -0.8512  27.776904    -0.8481  27.777482     5.1987     5.3119    -0.0081    95.4695 1.0000e-12  -74.17528 -113.34462  26.834662      88.64 2.0692e+03    360.820       8661  1028.7951  1028.7928    34.0999    34.0973    8.24355         29 0.0000e+00
    289.000    285.810    -0.8137  27.811181    -0.8161  27.806930     5.1920     5.2928    -0.0136    95.4734 1.0000e-12  -74.17528 -113.34462  26.834676      99.40 2.0676e+03    362.006       8689  1028.7999  1028.7977    34.1035    34.1004    8.23515         26 0.0000e+00
    290.000    286.798    -0.8026  27.821383    -0.8021  27.820252     5.1784     5.2793    -0.0147    95.4966 1.0000e-12  -74.17528 -113.34462  26.834690      99.87 2.0661e+03    363.181       8717  1028.8046  1028.8028    34.1041    34.1020    8.23269         28 0.0000e+00
    291.000    287.785    -0.8106  27.815223    -0.8036  27.819313     5.1543     5.2615    -0.0142    95.4903 1.0000e-12  -74.17528 -113.34462  26.834703      99.87 2.0661e+03    364.361       8746  1028.8102  1028.8078    34.1042    34.1018    8.23443         28 0.0000e+00
    292.000    288.775    -0.7787  27.843941    -0.7874  27.833868     5.1204     5.2286    -0.0127    95.4983 1.0000e-12  -74.17528 -113.34462  26.834717      99.86 2.0661e+03    365.552       8774  1028.8145  1028.8121    34.1064    34.1026    8.22733         29 0.0000e+00
    293.000    289.762    -0.7707  27.851777    -0.7679  27.852186     5.0814     5.1885    -0.0089    95.4974 1.0000e-12  -74.17528 -113.34462  26.834731      99.87 2.0661e+03    366.770       8803  1028.8197  1028.8174    34.1074    34.1048    8.22554         29 0.0000e+00
    294.000    290.750    -0.7287  27.889824    -0.7255  27.890582     5.0549     5.1593    -0.0111    95.4858 1.0000e-12  -74.17528 -113.34462  26.834745      99.87 2.0625e+03    367.993       8833  1028.8243  1028.8220    34.1108    34.1082    8.21618         30 0.0000e+00
    295.000    291.739    -0.7185  27.899477    -0.7156  27.899911     5.0468     5.1457    -0.0107    95.4787 1.0000e-12  -74.17528 -113.34462  26.834759      99.87 2.0590e+03    369.214       8862  1028.8293  1028.8270    34.1117    34.1090    8.21391         29 0.0000e+00
    296.000    292.727    -0.7045  27.912915    -0.7031  27.912218     5.0414     5.1427    -0.0181    95.4590 1.0000e-12  -74.17528 -113.34462  26.834773      99.87 2.0593e+03    370.428       8891  1028.8349  1028.8328    34.1136    34.1110    8.21077         29 0.0000e+00
    297.000    293.716    -0.7014  27.916519    -0.6999  27.915923     5.0389     5.1359    -0.0157    95.4421 1.0000e-12  -74.17528 -113.34462  26.834788      99.87 2.0590e+03    371.648       8921  1028.8404  1028.8383    34.1143    34.1118    8.21004         30 0.0000e+00
    298.000    294.703    -0.6948  27.923885    -0.6917  27.924340     5.0247     5.1144    -0.0072    95.4175 1.0000e-12  -74.17528 -113.34462  26.834802      87.92 2.0584e+03    372.871       8950  1028.8465  1028.8440    34.1162    34.1134    8.20851         29 0.0000e+00
