ocean_section_plots/required_files/ctd/dnbp2202_ctd032.cnv
* Sea-Bird SBE 9 Data File:
* FileName = D:\Data\raw\NBP2202_CTD032.hex
* Software Version Seasave V 7.26.7.121
* Temperature SN = 1649
* Conductivity SN = 2513
* Number of Bytes Per Scan = 40
* Number of Voltage Words = 5
* Number of Scans Averaged by the Deck Unit = 1
* NMEA Latitude = 74 13.00 S
* NMEA Longitude = 111 52.07 W
* NMEA UTC (Time) = Jan 21 2022  13:57:39
* NMEA baud rate = 9600
** Ship: RVIB N.B. Palmer
** Cruise: NBP2202 Thwaites
** Station: 19
** Operator: B. Bjork
# nquan = 25
# nvalues = 166                         
# units = specified
# name 0 = prDM: Pressure, Digiquartz [db]
# name 1 = depSM: Depth [salt water, m]
# name 2 = t090C: Temperature [ITS-90, deg C]
# name 3 = c0mS/cm: Conductivity [mS/cm]
# name 4 = t190C: Temperature, 2 [ITS-90, deg C]
# name 5 = c1mS/cm: Conductivity, 2 [mS/cm]
# name 6 = sbeox0ML/L: Oxygen, SBE 43 [ml/l]
# name 7 = sbeox1ML/L: Oxygen, SBE 43, 2 [ml/l]
# name 8 = flECO-AFL: Fluorescence, WET Labs ECO-AFL/FL [mg/m^3]
# name 9 = CStarTr0: Beam Transmission, WET Labs C-Star [%]
# name 10 = par: PAR/Irradiance, Biospherical/Licor
# name 11 = latitude: Latitude [deg]
# name 12 = longitude: Longitude [deg]
# name 13 = timeJ: Julian Days
# name 14 = altM: Altimeter [m]
# name 15 = spar: SPAR, Biospherical/Licor
# name 16 = timeS: Time, Elapsed [seconds]
# name 17 = scan: Scan Count
# name 18 = density00: Density [density, kg/m^3]
# name 19 = density11: Density, 2 [density, kg/m^3]
# name 20 = sal00: Salinity, Practical [PSU]
# name 21 = sal11: Salinity, Practical, 2 [PSU]
# name 22 = oxsolML/L: Oxygen Saturation, Garcia & Gordon [ml/l]
# name 23 = nbin: number of scans per bin
# name 24 = flag: flag
# span 0 =      2.000,    167.000       
# span 1 =      1.976,    165.206       
# span 2 =    -1.3947,    -1.1279       
# span 3 =  27.117112,  27.188322       
# span 4 =    -1.3941,    -1.1299       
# span 5 =  27.116892,  27.188375       
# span 6 =     6.2534,     8.0578       
# span 7 =     6.5892,     8.4070       
# span 8 =     0.9306,    16.9315       
# span 9 =    75.7180,    95.0950       
# span 10 = 1.0000e-12, 1.0294e+02      
# span 11 =  -74.21670,  -74.21670      
# span 12 = -111.86800, -111.86796      
# span 13 =  21.585221,  21.588484      
# span 14 =       7.03,      99.63      
# span 15 = 1.6693e+03, 1.6788e+03      
# span 16 =    304.075,    586.034      
# span 17 =       7299,      14066      
# span 18 =  1027.1725,  1028.1215      
# span 19 =  1027.1751,  1028.1204      
# span 20 =    33.7720,    33.9539      
# span 21 =    33.7752,    33.9528      
# span 22 =    8.32365,    8.37308      
# span 23 =         17,         56      
# span 24 = 0.0000e+00, 0.0000e+00      
# interval = decibars: 1                
# start_time = Jan 21 2022 13:57:39 [NMEA time, header]
# bad_flag = -9.990e-29
*END*
[from data line 116]
    118.000    116.746    -1.3809  27.117985    -1.3813  27.117696     6.3712     6.7111     2.0477    91.9345 1.0000e-12  -74.21670 -111.86798  21.587726      58.20 1.6760e+03    520.538      12494  1027.8465  1027.8465    33.9048    33.9049    8.37249         28 0.0000e+00
    119.000    117.733    -1.3824  27.117981    -1.3829  27.117710     6.3751     6.7106     2.1260    92.4096 1.0000e-12  -74.21670 -111.86798  21.587739      57.33 1.6759e+03    521.688      12522  1027.8522  1027.8524    33.9059    33.9061    8.37277         28 0.0000e+00
    120.000    118.724    -1.3818  27.118484    -1.3821  27.118210     6.3768     6.7118     1.9567    92.5364 1.0000e-12  -74.21670 -111.86798  21.587753      56.27 1.6756e+03    522.830      12549  1027.8564  1027.8564    33.9053    33.9053    8.37266         27 0.0000e+00
    121.000    119.713    -1.3825  27.119292    -1.3825  27.119028     6.3779     6.7148     1.9413    93.0844 1.0000e-12  -74.21670 -111.86798  21.587766      55.46 1.6754e+03    523.997      12577  1027.8622  1027.8619    33.9065    33.9062    8.37274         28 0.0000e+00
    122.000    120.701    -1.3839  27.119709    -1.3838  27.119534     6.3893     6.7269     1.8365    92.6537 1.0000e-12  -74.21670 -111.86798  21.587780      54.26 1.6761e+03    525.183      12605  1027.8684  1027.8680    33.9081    33.9078    8.37297         29 0.0000e+00
    123.000    121.690    -1.3839  27.121279    -1.3840  27.120669     6.3945     6.7338     1.7905    93.6117 1.0000e-12  -74.21670 -111.86798  21.587794      53.02 1.6748e+03    526.373      12634  1027.8744  1027.8738    33.9097    33.9090    8.37288         29 0.0000e+00
    124.000    122.680    -1.3842  27.121447    -1.3840  27.121347     6.4067     6.7434     1.7656    93.4816 1.0000e-12  -74.21670 -111.86798  21.587807      52.05 1.6764e+03    527.556      12662  1027.8791  1027.8788    33.9096    33.9093    8.37294         28 0.0000e+00
    125.000    123.668    -1.3837  27.122732    -1.3835  27.122470     6.4042     6.7422     1.6806    93.0085 1.0000e-12  -74.21670 -111.86798  21.587821      51.19 1.6762e+03    528.733      12691  1027.8843  1027.8838    33.9101    33.9096    8.37279         28 0.0000e+00
    126.000    124.658    -1.3835  27.123260    -1.3835  27.122969     6.3964     6.7363     1.5536    93.3807 1.0000e-12  -74.21670 -111.86798  21.587835      50.18 1.6763e+03    529.906      12719  1027.8890  1027.8886    33.9101    33.9096    8.37277         29 0.0000e+00
    127.000    125.647    -1.3836  27.123555    -1.3836  27.123180     6.3861     6.7249     1.3784    93.5721 1.0000e-12  -74.21670 -111.86798  21.587848      49.11 1.6761e+03    531.099      12747  1027.8936  1027.8932    33.9099    33.9094    8.37278         28 0.0000e+00
    128.000    126.636    -1.3840  27.123497    -1.3838  27.123289     6.3824     6.7231     1.5176    93.4921 1.0000e-12  -74.21670 -111.86798  21.587862      48.21 1.6766e+03    532.296      12776  1027.8982  1027.8979    33.9097    33.9092    8.37290         29 0.0000e+00
    129.000    127.624    -1.3842  27.123884    -1.3839  27.123673     6.3841     6.7225     1.3694    93.9135 1.0000e-12  -74.21670 -111.86798  21.587876      47.32 1.6744e+03    533.480      12805  1027.9032  1027.9027    33.9098    33.9092    8.37293         28 0.0000e+00
    130.000    128.615    -1.3843  27.124442    -1.3840  27.124256     6.3913     6.7273     1.4317    93.1008 1.0000e-12  -74.21670 -111.86798  21.587890      45.83 1.6761e+03    534.662      12833  1027.9082  1027.9076    33.9101    33.9094    8.37294         29 0.0000e+00
    131.000    129.602    -1.3841  27.125163    -1.3839  27.124966     6.3973     6.7308     1.8074    93.7292 1.0000e-12  -74.21670 -111.86797  21.587903      45.14 1.6744e+03    535.832      12861  1027.9130  1027.9126    33.9102    33.9097    8.37288         27 0.0000e+00
    132.000    130.592    -1.3837  27.126110    -1.3838  27.125536     6.3963     6.7324     1.6087    93.5801 1.0000e-12  -74.21670 -111.86796  21.587917      44.03 1.6762e+03    536.994      12889  1027.9179  1027.9174    33.9104    33.9097    8.37278         29 0.0000e+00
    133.000    131.581    -1.3838  27.126390    -1.3836  27.126130     6.3946     6.7326     1.7714    93.1762 1.0000e-12  -74.21670 -111.86796  21.587930      43.05 1.6758e+03    538.152      12917  1027.9227  1027.9222    33.9103    33.9097    8.37282         27 0.0000e+00
    134.000    132.570    -1.3837  27.127043    -1.3835  27.126745     6.3964     6.7281     1.7074    93.4923 1.0000e-12  -74.21670 -111.86796  21.587944      41.98 1.6749e+03    539.321      12945  1027.9276  1027.9270    33.9105    33.9098    8.37279         28 0.0000e+00
    135.000    133.558    -1.3835  27.127851    -1.3833  27.127488     6.3858     6.7294     1.6475    93.9598 1.0000e-12  -74.21670 -111.86796  21.587957      40.76 1.6757e+03    540.494      12973  1027.9326  1027.9320    33.9108    33.9100    8.37272         29 0.0000e+00
    136.000    134.548    -1.3838  27.127881    -1.3833  27.128097     6.3718     6.7194     1.6295    93.9959 1.0000e-12  -74.21670 -111.86796  21.587971      39.69 1.6765e+03    541.668      13001  1027.9372  1027.9369    33.9105    33.9102    8.37280         27 0.0000e+00
    137.000    135.537    -1.3841  27.127983    -1.3834  27.128302     6.3676     6.7193     1.6647    93.5512 1.0000e-12  -74.21670 -111.86796  21.587984      38.71 1.6745e+03    542.842      13029  1027.9419  1027.9416    33.9103    33.9100    8.37288         29 0.0000e+00
    138.000    136.525    -1.3842  27.128163    -1.3840  27.127955     6.3822     6.7282     1.8844    93.3543 1.0000e-12  -74.21670 -111.86796  21.587998      37.72 1.6745e+03    544.013      13057  1027.9465  1027.9461    33.9101    33.9095    8.37291         28 0.0000e+00
    139.000    137.516    -1.3834  27.129862    -1.3831  27.129822     6.3981     6.7410     2.1247    94.0643 1.0000e-12  -74.21670 -111.86796  21.588012      36.69 1.6745e+03    545.200      13086  1027.9519  1027.9515    33.9109    33.9105    8.37269         29 0.0000e+00
    140.000    138.503    -1.3829  27.132497    -1.3827  27.132297     6.4021     6.7361     1.6359    94.0766 1.0000e-12  -74.21670 -111.86796  21.588025      35.69 1.6747e+03    546.401      13115  1027.9587  1027.9582    33.9134    33.9128    8.37244         29 0.0000e+00
    141.000    139.494    -1.3826  27.135343    -1.3824  27.135030     6.4023     6.7294     1.4843    93.6089 1.0000e-12  -74.21670 -111.86796  21.588039      34.79 1.6763e+03    547.595      13143  1027.9658  1027.9653    33.9162    33.9156    8.37218         28 0.0000e+00
    142.000    140.481    -1.3827  27.136324    -1.3824  27.135900     6.3910     6.7253     1.5398    93.4954 1.0000e-12  -74.21670 -111.86796  21.588053      33.51 1.6763e+03    548.763      13171  1027.9713  1027.9705    33.9171    33.9162    8.37216         28 0.0000e+00
    143.000    141.471    -1.3828  27.137288    -1.3826  27.137018     6.3828     6.7256     1.5399    94.0379 1.0000e-12  -74.21670 -111.86796  21.588066      32.48 1.6771e+03    549.931      13199  1027.9768  1027.9763    33.9180    33.9174    8.37214         28 0.0000e+00
    144.000    142.459    -1.3836  27.138637    -1.3835  27.138296     6.3654     6.7116     1.6533    94.0013 1.0000e-12  -74.21670 -111.86796  21.588080      31.43 1.6764e+03    551.106      13228  1027.9834  1027.9829    33.9201    33.9195    8.37219         28 0.0000e+00
    145.000    143.450    -1.3843  27.139514    -1.3837  27.139042     6.3517     6.6968     1.9128    94.2810 1.0000e-12  -74.21670 -111.86796  21.588093      30.45 1.6756e+03    552.275      13256  1027.9893  1027.9883    33.9214    33.9202    8.37226         28 0.0000e+00
    146.000    144.437    -1.3890  27.142473    -1.3886  27.141983     6.3407     6.6841     1.6541    93.7115 1.0000e-12  -74.21670 -111.86796  21.588107      29.41 1.6761e+03    553.463      13284  1028.0016  1028.0006    33.9302    33.9291    8.37280         29 0.0000e+00
    147.000    145.427    -1.3899  27.143189    -1.3895  27.142783     6.3328     6.6816     2.0425    94.3583 1.0000e-12  -74.21670 -111.86796  21.588121      28.35 1.6761e+03    554.644      13312  1028.0075  1028.0066    33.9316    33.9306    8.37291         28 0.0000e+00
    148.000    146.414    -1.3903  27.143781    -1.3898  27.143389     6.3307     6.6768     1.7632    93.8849 1.0000e-12  -74.21670 -111.86796  21.588135      27.32 1.6740e+03    555.821      13341  1028.0128  1028.0119    33.9323    33.9311    8.37297         28 0.0000e+00
    149.000    147.405    -1.3911  27.144720    -1.3907  27.144348     6.3324     6.6729     1.3255    93.7862 1.0000e-12  -74.21670 -111.86796  21.588148      26.30 1.6760e+03    557.024      13370  1028.0189  1028.0181    33.9338    33.9329    8.37305         30 0.0000e+00
    150.000    148.393    -1.3913  27.145361    -1.3910  27.145156     6.3314     6.6690     1.1625    94.2067 1.0000e-12  -74.21670 -111.86796  21.588163      25.25 1.6758e+03    558.251      13399  1028.0240  1028.0236    33.9343    33.9337    8.37306         29 0.0000e+00
    151.000    149.382    -1.3917  27.146419    -1.3912  27.146074     6.3285     6.6675     1.5826    94.3514 1.0000e-12  -74.21670 -111.86796  21.588177      24.24 1.6749e+03    559.495      13429  1028.0299  1028.0291    33.9356    33.9346    8.37308         30 0.0000e+00
    152.000    150.372    -1.3916  27.146738    -1.3912  27.146303     6.3114     6.6504     1.4045    94.1991 1.0000e-12  -74.21670 -111.86796  21.588192      23.26 1.6735e+03    560.767      13459  1028.0345  1028.0337    33.9354    33.9343    8.37308         32 0.0000e+00
    153.000    151.360    -1.3925  27.150120    -1.3921  27.149458     6.2987     6.6419     1.5145    94.4485 1.0000e-12  -74.21670 -111.86796  21.588207      22.08 1.6743e+03    562.055      13490  1028.0434  1028.0423    33.9403    33.9390    8.37298         30 0.0000e+00
    154.000    152.349    -1.3929  27.151665    -1.3925  27.151464     6.2914     6.6404     1.5024    94.3308 1.0000e-12  -74.21670 -111.86796  21.588221      21.00 1.6744e+03    563.332      13521  1028.0497  1028.0492    33.9423    33.9416    8.37295         31 0.0000e+00
    155.000    153.339    -1.3928  27.152410    -1.3924  27.152050     6.2961     6.6402     1.3596    94.1379 1.0000e-12  -74.21670 -111.86796  21.588236      20.00 1.6748e+03    564.619      13552  1028.0548  1028.0540    33.9426    33.9417    8.37292         31 0.0000e+00
    156.000    154.327    -1.3928  27.152366    -1.3924  27.152139     6.2988     6.6380     1.3176    94.0436 1.0000e-12  -74.21670 -111.86796  21.588252      19.10 1.6749e+03    565.945      13584  1028.0591  1028.0584    33.9420    33.9412    8.37296         32 0.0000e+00
    157.000    155.314    -1.3930  27.152938    -1.3925  27.152640     6.2897     6.6297     1.2948    94.1554 1.0000e-12  -74.21670 -111.86796  21.588267      17.90 1.6752e+03    567.299      13616  1028.0642  1028.0633    33.9423    33.9413    8.37298         34 0.0000e+00
    158.000    156.306    -1.3932  27.154790    -1.3927  27.154350     6.2840     6.6193     1.2756    94.3909 1.0000e-12  -74.21670 -111.86796  21.588284      16.89 1.6741e+03    568.736      13651  1028.0707  1028.0697    33.9444    33.9433    8.37289         35 0.0000e+00
    159.000    157.293    -1.3937  27.157684    -1.3931  27.157141     6.2824     6.6134     0.9935    94.4113 1.0000e-12  -74.21670 -111.86796  21.588302      15.77 1.6742e+03    570.249      13687  1028.0787  1028.0775    33.9485    33.9469    8.37278         37 0.0000e+00
    160.000    158.282    -1.3937  27.158226    -1.3930  27.157319     6.2649     6.6041     1.3744    94.4915 1.0000e-12  -74.21670 -111.86796  21.588319      14.75 1.6737e+03    571.802      13724  1028.0836  1028.0819    33.9485    33.9465    8.37276         35 0.0000e+00
    161.000    159.272    -1.3946  27.160659    -1.3940  27.160335     6.2605     6.6015     1.1572    94.8418 1.0000e-12  -74.21670 -111.86796  21.588337      13.71 1.6751e+03    573.341      13761  1028.0914  1028.0905    33.9522    33.9511    8.37274         37 0.0000e+00
    162.000    160.261    -1.3945  27.161571    -1.3939  27.161278     6.2570     6.5892     1.1409    94.9074 1.0000e-12  -74.21670 -111.86796  21.588355      12.68 1.6760e+03    574.910      13799  1028.0967  1028.0958    33.9528    33.9517    8.37270         39 0.0000e+00
    163.000    161.250    -1.3944  27.162494    -1.3938  27.162092     6.2565     6.5947     1.1219    95.0950 1.0000e-12  -74.21670 -111.86796  21.588374      11.65 1.6747e+03    576.529      13838  1028.1019  1028.1009    33.9533    33.9521    8.37263         35 0.0000e+00
    164.000    162.238    -1.3945  27.162911    -1.3938  27.162520     6.2583     6.5971     1.0929    94.9310 1.0000e-12  -74.21670 -111.86796  21.588393      10.46 1.6735e+03    578.155      13877  1028.1067  1028.1057    33.9533    33.9521    8.37265         37 0.0000e+00
    165.000    163.227    -1.3946  27.163473    -1.3938  27.163138     6.2552     6.5957     0.9828    94.5688 1.0000e-12  -74.21670 -111.86796  21.588412       9.49 1.6753e+03    579.830      13917  1028.1117  1028.1106    33.9536    33.9523    8.37266         35 0.0000e+00
    166.000    164.215    -1.3946  27.164116    -1.3941  27.163680     6.2534     6.5928     1.0947    94.7253 1.0000e-12  -74.21670 -111.86796  21.588432       8.37 1.6737e+03    581.551      13958  1028.1167  1028.1158    33.9539    33.9528    8.37264         39 0.0000e+00
    167.000    165.206    -1.3947  27.164354    -1.3939  27.164096     6.2660     6.6040     0.9306    95.0687 1.0000e-12  -74.21670 -111.86796  21.588484       7.03 1.6730e+03    586.034      14066  1028.1215  1028.1204    33.9538    33.9525    8.37269         56 0.0000e+00
