ocean_section_plots/required_files/ctd/dnbp2202_ctd088.cnv
* Sea-Bird SBE 9 Data File:
* FileName = D:\Data\raw\NBP2202_CTD088.hex
* Software Version Seasave V 7.26.7.121
* Temperature SN = 1649
* Conductivity SN = 2513
* Number of Bytes Per Scan = 40
* Number of Voltage Words = 5
* Number of Scans Averaged by the Deck Unit = 1
* NMEA Latitude = 74 10.51 S
* NMEA Longitude = 113 20.67 W
* NMEA UTC (Time) = Jan 26 2022  20:48:39
* NMEA baud rate = 9600
** Ship: RVIB N.B. Palmer
** Cruise: NBP2202 Thwaites
** Station: YoYo001
** Operator: A. Robinson
# nquan = 25
# nvalues = 606                         
# units = specified
# name 0 = prDM: Pressure, Digiquartz [db]
# name 1 = depSM: Depth [salt water, m]
# name 2 = t090C: Temperature [ITS-90, deg C]
# name 3 = c0mS/cm: Conductivity [mS/cm]
# name 4 = t190C: Temperature, 2 [ITS-90, deg C]
# name 5 = c1mS/cm: Conductivity, 2 [mS/cm]
# name 6 = sbeox0ML/L: Oxygen, SBE 43 [ml/l]
# name 7 = sbeox1ML/L: Oxygen, SBE 43, 2 [ml/l]
# name 8 = flECO-AFL: Fluorescence, WET Labs ECO-AFL/FL [mg/m^3]
# name 9 = CStarTr0: Beam Transmission, WET Labs C-Star [%]
# name 10 = par: PAR/Irradiance, Biospherical/Licor
# name 11 = latitude: Latitude [deg]
# name 12 = longitude: Longitude [deg]
# name 13 = timeJ: Julian Days
# name 14 = altM: Altimeter [m]
# name 15 = spar: SPAR, Biospherical/Licor
# name 16 = timeS: Time, Elapsed [seconds]
# name 17 = scan: Scan Count
# name 18 = density00: Density [density, kg/m^3]
# name 19 = density11: Density, 2 [density, kg/m^3]
# name 20 = sal00: Salinity, Practical [PSU]
# name 21 = sal11: Salinity, Practical, 2 [PSU]
# name 22 = oxsolML/L: Oxygen Saturation, Garcia & Gordon [ml/l]
# name 23 = nbin: number of scans per bin
# name 24 = flag: flag
# span 0 =     10.000,    615.000       
# span 1 =      9.897,    607.734       
# span 2 =    -1.5402,     0.1129       
# span 3 =  26.910360,  28.948960       
# span 4 =    -1.5395,     0.1144       
# span 5 =  26.909508,  28.948017       
# span 6 =     4.6840,     8.8264       
# span 7 =     4.7587,     8.6799       
# span 8 =    -0.0219,    26.1668       
# span 9 =    67.3768,    95.6494       
# span 10 = 1.0000e-12, 7.6326e+01      
# span 11 =  -74.17530,  -74.17530      
# span 12 = -113.34462, -113.34456      
# span 13 =  26.867496,  26.876293      
# span 14 =       5.41,     100.01      
# span 15 = 1.8569e+03, 1.9314e+03      
# span 16 =     32.652,    792.672      
# span 17 =        785,      19025      
# span 18 =  1027.2258,  1030.5166      
# span 19 =  1027.2243,  1030.5142      
# span 20 =    33.7938,    34.3871      
# span 21 =    33.7920,    34.3842      
# span 22 =    8.02094,    8.41247      
# span 23 =         20,         70      
# span 24 = 0.0000e+00, 0.0000e+00      
# interval = decibars: 1                
# start_time = Jan 26 2022 20:48:39 [NMEA time, header]
# bad_flag = -9.990e-29
*END*
[from data line 580]
    590.000    583.063     0.0520  28.874519     0.0542  28.874442     4.7085     4.7768    -0.0060    95.0051 1.0000e-12  -74.17530 -113.34462  26.875461      31.30 1.9236e+03    720.872      17302  1030.3908  1030.3885    34.3717    34.3692    8.03456         31 0.0000e+00
    591.000    584.050     0.0543  28.877440     0.0563  28.877081     4.7051     4.7739    -0.0067    94.9759 1.0000e-12  -74.17530 -113.34462  26.875477      30.38 1.9236e+03    722.233      17335  1030.3959  1030.3936    34.3725    34.3698    8.03404         36 0.0000e+00
    592.000    585.038     0.0565  28.880145     0.0591  28.880523     4.6993     4.7766     0.0005    94.9939 1.0000e-12  -74.17530 -113.34462  26.875496      29.19 1.9225e+03    723.868      17374  1030.4009  1030.3988    34.3730    34.3706    8.03356         39 0.0000e+00
    593.000    586.024     0.0600  28.884204     0.0621  28.884112     4.6979     4.7730    -0.0068    95.0086 1.0000e-12  -74.17530 -113.34462  26.875516      28.23 1.9230e+03    725.558      17414  1030.4061  1030.4038    34.3739    34.3713    8.03277         38 0.0000e+00
    594.000    587.009     0.0609  28.885492     0.0629  28.885162     4.6980     4.7740    -0.0081    94.9884 1.0000e-12  -74.17530 -113.34462  26.875535      27.13 1.9223e+03    727.182      17453  1030.4108  1030.4086    34.3739    34.3713    8.03257         36 0.0000e+00
    595.000    587.998     0.0669  28.892260     0.0704  28.893290     4.6996     4.7733    -0.0170    95.0008 1.0000e-12  -74.17530 -113.34462  26.875553      26.28 1.9237e+03    728.741      17491  1030.4163  1030.4140    34.3755    34.3731    8.03122         37 0.0000e+00
    596.000    588.984     0.0714  28.897120     0.0731  28.896451     4.6943     4.7732    -0.0132    95.0047 1.0000e-12  -74.17530 -113.34462  26.875571      25.15 1.9233e+03    730.337      17529  1030.4213  1030.4189    34.3763    34.3735    8.03024         38 0.0000e+00
    597.000    589.971     0.0729  28.898882     0.0765  28.900170     4.6981     4.7678    -0.0083    95.0137 1.0000e-12  -74.17530 -113.34462  26.875591      24.14 1.9233e+03    732.100      17571  1030.4259  1030.4239    34.3764    34.3741    8.02992         45 0.0000e+00
    598.000    590.958     0.0718  28.898179     0.0771  28.901468     4.6975     4.7660    -0.0040    95.0184 1.0000e-12  -74.17530 -113.34462  26.875612      23.05 1.9227e+03    733.906      17615  1030.4306  1030.4289    34.3761    34.3745    8.03017         42 0.0000e+00
    599.000    591.944     0.0785  28.905739     0.0824  28.907058     4.6947     4.7689    -0.0066    95.0261 1.0000e-12  -74.17530 -113.34462  26.875632      22.10 1.9238e+03    735.631      17656  1030.4362  1030.4339    34.3780    34.3754    8.02865         36 0.0000e+00
    600.000    592.930     0.0844  28.912119     0.0863  28.911688     4.6945     4.7701    -0.0052    95.0421 1.0000e-12  -74.17530 -113.34462  26.875652      21.08 1.9237e+03    737.362      17698  1030.4415  1030.4392    34.3793    34.3765    8.02736         41 0.0000e+00
    601.000    593.918     0.0818  28.909758     0.0838  28.909491     4.6941     4.7704    -0.0045    95.0476 1.0000e-12  -74.17530 -113.34462  26.875675      20.14 1.9237e+03    739.292      17744  1030.4459  1030.4437    34.3785    34.3759    8.02795         45 0.0000e+00
    602.000    594.906     0.0819  28.910325     0.0847  28.910864     4.6916     4.7688    -0.0165    95.0607 1.0000e-12  -74.17530 -113.34462  26.875697      18.92 1.9233e+03    741.261      17791  1030.4507  1030.4485    34.3785    34.3761    8.02792         42 0.0000e+00
    603.000    595.892     0.0851  28.914321     0.0880  28.914814     4.6907     4.7674    -0.0095    95.0585 1.0000e-12  -74.17530 -113.34462  26.875721      17.91 1.9233e+03    743.311      17840  1030.4560  1030.4538    34.3796    34.3771    8.02719         38 0.0000e+00
    604.000    596.878     0.0880  28.917579     0.0915  28.918815     4.6942     4.7626    -0.0061    95.0470 1.0000e-12  -74.17530 -113.34462  26.875747      16.89 1.9228e+03    745.514      17893  1030.4609  1030.4588    34.3801    34.3778    8.02655         44 0.0000e+00
    605.000    597.866     0.0892  28.919243     0.0914  28.919019     4.6889     4.7655    -0.0126    95.0697 1.0000e-12  -74.17530 -113.34462  26.875774      15.87 1.9230e+03    747.831      17949  1030.4658  1030.4634    34.3804    34.3777    8.02629         37 0.0000e+00
    606.000    598.852     0.0891  28.919529     0.0912  28.919311     4.6840     4.7642    -0.0086    95.0875 1.0000e-12  -74.17530 -113.34461  26.875804      14.88 1.9230e+03    750.466      18012  1030.4705  1030.4682    34.3803    34.3777    8.02632         41 0.0000e+00
    607.000    599.838     0.0902  28.921195     0.0921  28.920613     4.6902     4.7642    -0.0086    95.1007 1.0000e-12  -74.17530 -113.34461  26.875836      13.88 1.9236e+03    753.246      18079  1030.4754  1030.4730    34.3806    34.3777    8.02606         39 0.0000e+00
    608.000    600.828     0.0948  28.926560     0.0972  28.926586     4.6893     4.7625    -0.0115    95.1017 1.0000e-12  -74.17530 -113.34461  26.875871      12.80 1.9226e+03    756.261      18151  1030.4808  1030.4786    34.3820    34.3794    8.02503         35 0.0000e+00
    609.000    601.811     0.0982  28.930540     0.1003  28.930321     4.6900     4.7614    -0.0091    95.0923 1.0000e-12  -74.17530 -113.34462  26.875905      11.80 1.9226e+03    759.205      18222  1030.4860  1030.4837    34.3829    34.3802    8.02427         36 0.0000e+00
    610.000    602.799     0.0979  28.930561     0.1001  28.930573     4.6902     4.7618    -0.0064    95.0686 1.0000e-12  -74.17530 -113.34462  26.875939      10.73 1.9234e+03    762.100      18291  1030.4906  1030.4885    34.3827    34.3802    8.02435         44 0.0000e+00
    611.000    603.785     0.0979  28.931081     0.1006  28.931551     4.6856     4.7619    -0.0052    95.0854 1.0000e-12  -74.17530 -113.34461  26.875975       9.73 1.9229e+03    765.204      18366  1030.4954  1030.4932    34.3827    34.3803    8.02433         38 0.0000e+00
    612.000    604.772     0.0980  28.931521     0.1003  28.931478     4.6907     4.7647    -0.0059    95.1045 1.0000e-12  -74.17530 -113.34460  26.876007       8.71 1.9240e+03    768.048      18434  1030.5001  1030.4978    34.3827    34.3800    8.02433         41 0.0000e+00
    613.000    605.759     0.1016  28.935570     0.1040  28.935923     4.6889     4.7587    -0.0054    95.1068 1.0000e-12  -74.17530 -113.34460  26.876042       7.64 1.9231e+03    771.070      18507  1030.5050  1030.5031    34.3834    34.3811    8.02353         35 0.0000e+00
    614.000    606.746     0.1067  28.941704     0.1089  28.941652     4.6874     4.7600    -0.0049    95.0632 1.0000e-12  -74.17530 -113.34460  26.876078       6.65 1.9247e+03    774.127      18580  1030.5107  1030.5085    34.3852    34.3826    8.02236         44 0.0000e+00
    615.000    607.734     0.1129  28.948960     0.1144  28.948017     4.6860     4.7590    -0.0088    95.1135 1.0000e-12  -74.17530 -113.34460  26.876293       5.41 1.9240e+03    792.672      19025  1030.5166  1030.5142    34.3871    34.3842    8.02094         70 0.0000e+00
