ocean_section_plots/required_files/ctd/dnbp2202_ctd086.cnv
* Sea-Bird SBE 9 Data File:
* FileName = D:\Data\raw\NBP2202_CTD086.hex
* Software Version Seasave V 7.26.7.121
* Temperature SN = 1649
* Conductivity SN = 2513
* Number of Bytes Per Scan = 40
* Number of Voltage Words = 5
* Number of Scans Averaged by the Deck Unit = 1
* NMEA Latitude = 74 10.51 S
* NMEA Longitude = 113 20.67 W
* NMEA UTC (Time) = Jan 26 2022  19:55:54
* NMEA baud rate = 9600
** Ship: RVIB N.B. Palmer
** Cruise: NBP2202 Thwaites
** Station: YoYo001
** Operator: A. Robinson
# nquan = 25
# nvalues = 606                         
# units = specified
# name 0 = prDM: Pressure, Digiquartz [db]
# name 1 = depSM: Depth [salt water, m]
# name 2 = t090C: Temperature [ITS-90, deg C]
# name 3 = c0mS/cm: Conductivity [mS/cm]
# name 4 = t190C: Temperature, 2 [ITS-90, deg C]
# name 5 = c1mS/cm: Conductivity, 2 [mS/cm]
# name 6 = sbeox0ML/L: Oxygen, SBE 43 [ml/l]
# name 7 = sbeox1ML/L: Oxygen, SBE 43, 2 [ml/l]
# name 8 = flECO-AFL: Fluorescence, WET Labs ECO-AFL/FL [mg/m^3]
# name 9 = CStarTr0: Beam Transmission, WET Labs C-Star [%]
# name 10 = par: PAR/Irradiance, Biospherical/Licor
# name 11 = latitude: Latitude [deg]
# name 12 = longitude: Longitude [deg]
# name 13 = timeJ: Julian Days
# name 14 = altM: Altimeter [m]
# name 15 = spar: SPAR, Biospherical/Licor
# name 16 = timeS: Time, Elapsed [seconds]
# name 17 = scan: Scan Count
# name 18 = density00: Density [density, kg/m^3]
# name 19 = density11: Density, 2 [density, kg/m^3]
# name 20 = sal00: Salinity, Practical [PSU]
# name 21 = sal11: Salinity, Practical, 2 [PSU]
# name 22 = oxsolML/L: Oxygen Saturation, Garcia & Gordon [ml/l]
# name 23 = nbin: number of scans per bin
# name 24 = flag: flag
# span 0 =     10.000,    615.000       
# span 1 =      9.897,    607.733       
# span 2 =    -1.5299,     0.0900       
# span 3 =  26.930095,  28.924115       
# span 4 =    -1.5285,     0.0920       
# span 5 =  26.930662,  28.923703       
# span 6 =     4.6902,     8.6829       
# span 7 =     4.7669,     8.5764       
# span 8 =    -0.0225,    25.0249       
# span 9 =    67.4272,    95.7266       
# span 10 = 1.0000e-12, 8.0815e+01      
# span 11 =  -74.17530,  -74.17528      
# span 12 = -113.34464, -113.34458      
# span 13 =  26.830848,  26.839812      
# span 14 =       5.39,     102.49      
# span 15 = 1.9220e+03, 2.1281e+03      
# span 16 =     31.236,    805.767      
# span 17 =        751,      19339      
# span 18 =  1027.2248,  1030.5127      
# span 19 =  1027.2233,  1030.5103      
# span 20 =    33.7937,    34.3801      
# span 21 =    33.7917,    34.3773      
# span 22 =    8.02614,    8.40991      
# span 23 =         19,         62      
# span 24 = 0.0000e+00, 0.0000e+00      
# interval = decibars: 1                
# start_time = Jan 26 2022 19:55:54 [NMEA time, header]
# bad_flag = -9.990e-29
*END*
[from data line 406]
    416.000    411.282    -0.1836  28.527338    -0.1820  28.526555     4.7807     4.8585    -0.0145    95.2737 1.0000e-12  -74.17530 -113.34460  26.836447      99.86 1.9713e+03    515.046      12362  1029.5099  1029.5076    34.2786    34.2758    8.08949         29 0.0000e+00
    417.000    412.269    -0.1848  28.527230    -0.1830  28.526655     4.7788     4.8598    -0.0105    95.2869 1.0000e-12  -74.17530 -113.34460  26.836461      99.87 1.9655e+03    516.255      12391  1029.5154  1029.5130    34.2792    34.2765    8.08971         27 0.0000e+00
    418.000    413.256    -0.1803  28.532186    -0.1780  28.531925     4.7755     4.8592    -0.0092    95.3177 1.0000e-12  -74.17530 -113.34460  26.836475      86.42 1.9601e+03    517.478      12420  1029.5205  1029.5180    34.2801    34.2772    8.08870         30 0.0000e+00
    419.000    414.244    -0.1761  28.536444    -0.1739  28.536301     4.7762     4.8605    -0.0082    95.3229 1.0000e-12  -74.17530 -113.34460  26.836489      78.32 1.9591e+03    518.690      12450  1029.5252  1029.5230    34.2804    34.2779    8.08778         28 0.0000e+00
    420.000    415.232    -0.1746  28.538456    -0.1723  28.538489     4.7781     4.8590    -0.0025    95.3255 1.0000e-12  -74.17530 -113.34460  26.836504      77.21 1.9587e+03    519.908      12479  1029.5303  1029.5281    34.2809    34.2784    8.08745         30 0.0000e+00
    421.000    416.219    -0.1787  28.534498    -0.1759  28.535198     4.7742     4.8535    -0.0122    95.3607 1.0000e-12  -74.17530 -113.34460  26.836518      99.90 1.9565e+03    521.126      12508  1029.5345  1029.5324    34.2796    34.2774    8.08839         29 0.0000e+00
    422.000    417.206    -0.1820  28.531796    -0.1799  28.531672     4.7787     4.8574    -0.0179    95.3846 1.0000e-12  -74.17530 -113.34460  26.836531      99.87 1.9549e+03    522.316      12537  1029.5391  1029.5370    34.2791    34.2767    8.08911         28 0.0000e+00
    423.000    418.195    -0.1794  28.534964    -0.1765  28.535602     4.7747     4.8585    -0.0137    95.4115 1.0000e-12  -74.17530 -113.34460  26.836545      99.86 1.9522e+03    523.494      12565  1029.5443  1029.5421    34.2799    34.2774    8.08853         28 0.0000e+00
    424.000    419.183    -0.1771  28.537543    -0.1750  28.537591     4.7772     4.8539    -0.0099    95.4112 1.0000e-12  -74.17530 -113.34460  26.836559      99.87 1.9501e+03    524.677      12593  1029.5490  1029.5470    34.2801    34.2778    8.08802         29 0.0000e+00
    425.000    420.169    -0.1780  28.537215    -0.1758  28.537122     4.7770     4.8527    -0.0147    95.4271 1.0000e-12  -74.17530 -113.34460  26.836573      99.87 1.9489e+03    525.868      12622  1029.5538  1029.5516    34.2801    34.2775    8.08821         29 0.0000e+00
    426.000    421.158    -0.1716  28.544377    -0.1695  28.544268     4.7728     4.8503    -0.0174    95.4176 1.0000e-12  -74.17530 -113.34460  26.836586      99.87 1.9504e+03    527.066      12651  1029.5594  1029.5573    34.2819    34.2793    8.08676         28 0.0000e+00
    427.000    422.146    -0.1647  28.552181    -0.1629  28.551530     4.7716     4.8451    -0.0173    95.4310 1.0000e-12  -74.17530 -113.34460  26.836600      99.87 1.9484e+03    528.266      12679  1029.5652  1029.5629    34.2838    34.2810    8.08518         29 0.0000e+00
    428.000    423.132    -0.1586  28.559882    -0.1565  28.559503     4.7665     4.8449    -0.0163    95.4380 1.0000e-12  -74.17530 -113.34460  26.836614      99.87 1.9464e+03    529.453      12708  1029.5718  1029.5693    34.2867    34.2838    8.08373         28 0.0000e+00
    429.000    424.120    -0.1548  28.564612    -0.1528  28.564262     4.7699     4.8410    -0.0163    95.4459 1.0000e-12  -74.17530 -113.34460  26.836628      72.41 1.9454e+03    530.633      12736  1029.5774  1029.5751    34.2881    34.2853    8.08284         29 0.0000e+00
    430.000    425.109    -0.1537  28.566396    -0.1516  28.566156     4.7739     4.8418    -0.0009    95.4572 1.0000e-12  -74.17530 -113.34460  26.836641      89.31 1.9447e+03    531.814      12765  1029.5825  1029.5802    34.2886    34.2860    8.08258         28 0.0000e+00
    431.000    426.095    -0.1563  28.563993    -0.1544  28.563599     4.7693     4.8504    -0.0022    95.4673 1.0000e-12  -74.17530 -113.34460  26.836655      99.96 1.9477e+03    533.011      12793  1029.5869  1029.5847    34.2877    34.2851    8.08318         29 0.0000e+00
    432.000    427.082    -0.1521  28.569259    -0.1499  28.569126     4.7664     4.8481    -0.0118    95.4611 1.0000e-12  -74.17530 -113.34460  26.836669      99.87 1.9504e+03    534.229      12822  1029.5926  1029.5904    34.2894    34.2868    8.08219         30 0.0000e+00
    433.000    428.071    -0.1490  28.573835    -0.1471  28.573578     4.7673     4.8533    -0.0174    95.4602 1.0000e-12  -74.17530 -113.34460  26.836684      99.86 1.9462e+03    535.470      12852  1029.5988  1029.5966    34.2915    34.2889    8.08143         30 0.0000e+00
    434.000    429.058    -0.1424  28.581950    -0.1397  28.582215     4.7644     4.8416    -0.0132    95.4535 1.0000e-12  -74.17530 -113.34460  26.836698      99.88 1.9452e+03    536.691      12882  1029.6052  1029.6029    34.2942    34.2915    8.07987         28 0.0000e+00
    435.000    430.047    -0.1338  28.591162    -0.1331  28.589390     4.7643     4.8432    -0.0103    95.4498 1.0000e-12  -74.17530 -113.34460  26.836711      99.86 1.9411e+03    537.870      12910  1029.6109  1029.6084    34.2962    34.2931    8.07794         28 0.0000e+00
    436.000    431.034    -0.1313  28.594281    -0.1287  28.594502     4.7638     4.8454    -0.0143    95.4530 1.0000e-12  -74.17530 -113.34460  26.836725      99.87 1.9337e+03    539.042      12938  1029.6160  1029.6138    34.2969    34.2944    8.07736         29 0.0000e+00
    437.000    432.021    -0.1320  28.593837    -0.1299  28.593629     4.7628     4.8446    -0.0168    95.4722 1.0000e-12  -74.17530 -113.34460  26.836739      99.87 1.9289e+03    540.233      12967  1029.6207  1029.6184    34.2966    34.2939    8.07754         29 0.0000e+00
    438.000    433.008    -0.1292  28.597486    -0.1277  28.596625     4.7594     4.8448    -0.0104    95.4627 1.0000e-12  -74.17530 -113.34460  26.836753      99.86 1.9279e+03    541.444      12996  1029.6261  1029.6238    34.2976    34.2949    8.07688         27 0.0000e+00
    439.000    433.996    -0.1215  28.606857    -0.1199  28.605957     4.7583     4.8346    -0.0090    95.4739 1.0000e-12  -74.17530 -113.34460  26.836767      99.87 1.9282e+03    542.661      13025  1029.6328  1029.6303    34.3009    34.2979    8.07507         28 0.0000e+00
    440.000    434.984    -0.1188  28.610161    -0.1168  28.609932     4.7608     4.8388    -0.0172    95.4599 1.0000e-12  -74.17530 -113.34460  26.836781      99.87 1.9292e+03    543.851      13053  1029.6380  1029.6358    34.3016    34.2991    8.07446         29 0.0000e+00
    441.000    435.971    -0.1168  28.612720    -0.1143  28.612952     4.7624     4.8413    -0.0020    95.4627 1.0000e-12  -74.17530 -113.34460  26.836794      87.56 1.9311e+03    545.022      13082  1029.6431  1029.6409    34.3022    34.2997    8.07401         28 0.0000e+00
    442.000    436.959    -0.1166  28.614561    -0.1147  28.614097     4.7597     4.8389    -0.0114    95.4590 1.0000e-12  -74.17530 -113.34460  26.836808      97.51 1.9338e+03    546.196      13110  1029.6493  1029.6469    34.3039    34.3011    8.07388         28 0.0000e+00
    443.000    437.947    -0.1171  28.615013    -0.1152  28.614635     4.7669     4.8407    -0.0125    95.4789 1.0000e-12  -74.17530 -113.34460  26.836822      99.90 1.9326e+03    547.389      13138  1029.6545  1029.6523    34.3044    34.3018    8.07395         29 0.0000e+00
    444.000    438.933    -0.1187  28.614103    -0.1168  28.613879     4.7654     4.8417    -0.0014    95.4731 1.0000e-12  -74.17529 -113.34460  26.836836      99.87 1.9364e+03    548.596      13167  1029.6594  1029.6574    34.3044    34.3020    8.07428         30 0.0000e+00
    445.000    439.923    -0.1198  28.614942    -0.1176  28.614976     4.7609     4.8426    -0.0049    95.4672 1.0000e-12  -74.17528 -113.34460  26.836850      99.87 1.9404e+03    549.822      13197  1029.6657  1029.6636    34.3061    34.3037    8.07442         29 0.0000e+00
    446.000    440.908    -0.1164  28.618948    -0.1145  28.618638     4.7603     4.8440    -0.0089    95.4380 1.0000e-12  -74.17528 -113.34460  26.836864      99.86 1.9398e+03    551.038      13226  1029.6709  1029.6688    34.3071    34.3045    8.07366         29 0.0000e+00
    447.000    441.897    -0.1141  28.621802    -0.1121  28.621548     4.7604     4.8414    -0.0098    95.4296 1.0000e-12  -74.17528 -113.34460  26.836878      99.87 1.9365e+03    552.226      13254  1029.6760  1029.6738    34.3077    34.3051    8.07313         28 0.0000e+00
    448.000    442.884    -0.1113  28.625221    -0.1100  28.624362     4.7594     4.8439    -0.0139    95.4323 1.0000e-12  -74.17528 -113.34460  26.836891      99.87 1.9371e+03    553.389      13282  1029.6811  1029.6789    34.3085    34.3058    8.07249         28 0.0000e+00
    449.000    443.871    -0.1079  28.630231    -0.1063  28.629329     4.7629     4.8361    -0.0127    95.3975 1.0000e-12  -74.17528 -113.34460  26.836905      99.86 1.9412e+03    554.560      13310  1029.6874  1029.6849    34.3108    34.3078    8.07165         28 0.0000e+00
    450.000    444.859    -0.1086  28.630823    -0.1068  28.630313     4.7645     4.8391    -0.0092    95.3574 1.0000e-12  -74.17528 -113.34460  26.836918      99.87 1.9399e+03    555.744      13339  1029.6930  1029.6908    34.3117    34.3090    8.07174         28 0.0000e+00
    451.000    445.847    -0.1101  28.630123    -0.1084  28.629658     4.7633     4.8430    -0.0148    95.3606 1.0000e-12  -74.17528 -113.34460  26.836932      81.37 1.9436e+03    556.949      13368  1029.6981  1029.6959    34.3118    34.3094    8.07205         30 0.0000e+00
    452.000    446.834    -0.1114  28.629529    -0.1095  28.629190     4.7651     4.8429    -0.0019    95.3504 1.0000e-12  -74.17528 -113.34460  26.836946      91.84 1.9426e+03    558.154      13397  1029.7029  1029.7008    34.3119    34.3093    8.07231         28 0.0000e+00
    453.000    447.821    -0.1116  28.629638    -0.1097  28.629330     4.7667     4.8437    -0.0042    95.3265 1.0000e-12  -74.17528 -113.34460  26.836960      98.55 1.9417e+03    559.350      13425  1029.7076  1029.7054    34.3117    34.3091    8.07238         29 0.0000e+00
    454.000    448.808    -0.1115  28.630258    -0.1095  28.629954     4.7654     4.8442    -0.0169    95.2691 1.0000e-12  -74.17528 -113.34460  26.836974      99.86 1.9453e+03    560.556      13454  1029.7124  1029.7102    34.3118    34.3092    8.07235         30 0.0000e+00
    455.000    449.798    -0.1114  28.630783    -0.1095  28.630395     4.7714     4.8470    -0.0135    95.2395 1.0000e-12  -74.17528 -113.34460  26.836988      99.87 1.9435e+03    561.762      13483  1029.7172  1029.7149    34.3118    34.3092    8.07233         28 0.0000e+00
    456.000    450.784    -0.1121  28.630845    -0.1102  28.630521     4.7744     4.8475    -0.0054    95.1601 1.0000e-12  -74.17528 -113.34460  26.837002      99.87 1.9470e+03    562.969      13512  1029.7221  1029.7199    34.3120    34.3095    8.07245         29 0.0000e+00
    457.000    451.771    -0.1113  28.632266    -0.1092  28.632040     4.7678     4.8517    -0.0057    95.1573 1.0000e-12  -74.17528 -113.34460  26.837016      99.87 1.9461e+03    564.169      13541  1029.7271  1029.7249    34.3124    34.3099    8.07226         29 0.0000e+00
    458.000    452.759    -0.1099  28.634267    -0.1093  28.632436     4.7687     4.8517    -0.0039    95.1388 1.0000e-12  -74.17528 -113.34460  26.837030      99.87 1.9427e+03    565.366      13570  1029.7321  1029.7296    34.3129    34.3098    8.07194         29 0.0000e+00
    459.000    453.746    -0.1100  28.634776    -0.1088  28.633455     4.7685     4.8443    -0.0137    95.1079 1.0000e-12  -74.17528 -113.34460  26.837043      99.86 1.9408e+03    566.557      13598  1029.7370  1029.7345    34.3131    34.3101    8.07195         28 0.0000e+00
    460.000    454.733    -0.1086  28.636950    -0.1067  28.636568     4.7682     4.8480    -0.0163    95.1138 1.0000e-12  -74.17528 -113.34460  26.837057      99.87 1.9395e+03    567.760      13627  1029.7422  1029.7399    34.3139    34.3112    8.07161         29 0.0000e+00
    461.000    455.722    -0.1074  28.638906    -0.1054  28.638705     4.7644     4.8468    -0.0099    95.0977 1.0000e-12  -74.17528 -113.34460  26.837071      99.70 1.9410e+03    568.968      13656  1029.7474  1029.7453    34.3146    34.3121    8.07133         29 0.0000e+00
    462.000    456.709    -0.1061  28.640865    -0.1042  28.640605     4.7700     4.8453    -0.0148    95.0774 1.0000e-12  -74.17528 -113.34460  26.837085      27.12 1.9417e+03    570.166      13685  1029.7525  1029.7504    34.3151    34.3127    8.07103         29 0.0000e+00
    463.000    457.694    -0.1050  28.642684    -0.1031  28.642383     4.7645     4.8381    -0.0011    95.0616 1.0000e-12  -74.17528 -113.34460  26.837099      86.69 1.9422e+03    571.356      13714  1029.7576  1029.7554    34.3157    34.3131    8.07076         29 0.0000e+00
    464.000    458.684    -0.1031  28.645146    -0.1012  28.644795     4.7647     4.8394    -0.0031    95.0518 1.0000e-12  -74.17528 -113.34460  26.837113      99.12 1.9406e+03    572.560      13742  1029.7626  1029.7603    34.3162    34.3136    8.07032         29 0.0000e+00
    465.000    459.671    -0.1029  28.645976    -0.1010  28.645662     4.7658     4.8461    -0.0124    95.0350 1.0000e-12  -74.17528 -113.34460  26.837127      99.87 1.9425e+03    573.777      13772  1029.7675  1029.7654    34.3165    34.3140    8.07026         28 0.0000e+00
    466.000    460.659    -0.1032  28.646074    -0.1013  28.645775     4.7636     4.8432    -0.0155    95.0474 1.0000e-12  -74.17528 -113.34460  26.837141      99.86 1.9404e+03    574.982      13801  1029.7722  1029.7701    34.3164    34.3139    8.07033         30 0.0000e+00
    467.000    461.646    -0.1022  28.648076    -0.1005  28.647286     4.7691     4.8531    -0.0119    95.0425 1.0000e-12  -74.17528 -113.34460  26.837155      99.87 1.9408e+03    576.179      13829  1029.7775  1029.7752    34.3173    34.3144    8.07006         28 0.0000e+00
    468.000    462.633    -0.1020  28.648762    -0.1001  28.648378     4.7739     4.8455    -0.0092    95.0554 1.0000e-12  -74.17528 -113.34460  26.837169      99.87 1.9360e+03    577.361      13858  1029.7825  1029.7801    34.3174    34.3147    8.07002         28 0.0000e+00
    469.000    463.620    -0.1010  28.650352    -0.0991  28.650046     4.7678     4.8463    -0.0030    95.0578 1.0000e-12  -74.17528 -113.34460  26.837182      99.86 1.9324e+03    578.534      13886  1029.7874  1029.7852    34.3178    34.3152    8.06979         29 0.0000e+00
    470.000    464.608    -0.0996  28.652364    -0.0978  28.651865     4.7715     4.8437    -0.0079    95.0613 1.0000e-12  -74.17528 -113.34460  26.837196      99.87 1.9261e+03    579.733      13915  1029.7924  1029.7901    34.3183    34.3157    8.06946         29 0.0000e+00
    471.000    465.595    -0.1001  28.652193    -0.0980  28.652165     4.7679     4.8476    -0.0082    95.0611 1.0000e-12  -74.17528 -113.34460  26.837210      99.87 1.9358e+03    580.967      13944  1029.7970  1029.7949    34.3181    34.3157    8.06959         30 0.0000e+00
    472.000    466.583    -0.0990  28.653868    -0.0970  28.653720     4.7640     4.8479    -0.0022    95.0649 1.0000e-12  -74.17528 -113.34460  26.837225      79.88 1.9421e+03    582.207      13974  1029.8019  1029.7998    34.3185    34.3160    8.06933         29 0.0000e+00
