ocean_section_plots/required_files/ctd/dnbp2202_ctd290.cnv
* Sea-Bird SBE 9 Data File:
* FileName = D:\Data\raw\NBP2202_CTD290.hex
* Software Version Seasave V 7.26.7.121
* Temperature SN = 1649
* Conductivity SN = 2513
* Number of Bytes Per Scan = 40
* Number of Voltage Words = 5
* Number of Scans Averaged by the Deck Unit = 1
* NMEA Latitude = 73 50.28 S
* NMEA Longitude = 111 17.39 W
* NMEA UTC (Time) = Feb 23 2022  09:14:41
* NMEA baud rate = 9600
** Ship: RVIB N.B. Palmer
** Cruise: NBP2202 Thwaites
** Station: 192
** Operator: B. Bjork
# nquan = 28
# nvalues = 306                         
# units = specified
# name 0 = prDM: Pressure, Digiquartz [db]
# name 1 = depSM: Depth [salt water, m]
# name 2 = t090C: Temperature [ITS-90, deg C]
# name 3 = c0mS/cm: Conductivity [mS/cm]
# name 4 = t190C: Temperature, 2 [ITS-90, deg C]
# name 5 = c1mS/cm: Conductivity, 2 [mS/cm]
# name 6 = sbeox0ML/L: Oxygen, SBE 43 [ml/l]
# name 7 = sbeox1ML/L: Oxygen, SBE 43, 2 [ml/l]
# name 8 = flECO-AFL: Fluorescence, WET Labs ECO-AFL/FL [mg/m^3]
# name 9 = CStarTr0: Beam Transmission, WET Labs C-Star [%]
# name 10 = par: PAR/Irradiance, Biospherical/Licor
# name 11 = latitude: Latitude [deg]
# name 12 = longitude: Longitude [deg]
# name 13 = timeJ: Julian Days
# name 14 = altM: Altimeter [m]
# name 15 = spar: SPAR, Biospherical/Licor
# name 16 = timeS: Time, Elapsed [seconds]
# name 17 = scan: Scan Count
# name 18 = density00: Density [density, kg/m^3]
# name 19 = density11: Density, 2 [density, kg/m^3]
# name 20 = v3: Voltage 3
# name 21 = v4: Voltage 4
# name 22 = v5: Voltage 5
# name 23 = sal00: Salinity, Practical [PSU]
# name 24 = sal11: Salinity, Practical, 2 [PSU]
# name 25 = oxsolML/L: Oxygen Saturation, Garcia & Gordon [ml/l]
# name 26 = nbin: number of scans per bin
# name 27 = flag: flag
# span 0 =      2.000,    307.000       
# span 1 =      1.980,    303.601       
# span 2 =    -1.6346,    -0.9777       
# span 3 =  26.800965,  27.744234       
# span 4 =    -1.6344,    -0.9761       
# span 5 =  26.801042,  27.744425       
# span 6 =     5.7723,     7.9702       
# span 7 =     5.9508,     8.2371       
# span 8 =     0.0240,     8.2863       
# span 9 =    87.7784,    98.3687       
# span 10 = 1.0000e-12, 7.2867e-01      
# span 11 =  -73.83800,  -73.83800      
# span 12 = -111.28992, -111.28988      
# span 13 =  54.388538,  54.393830      
# span 14 =       2.27,      99.89      
# span 15 = 1.5295e+01, 1.5866e+01      
# span 16 =    288.705,    745.903      
# span 17 =       6930,      17903      
# span 18 =  1027.2011,  1028.9628      
# span 19 =  1027.2030,  1028.9614      
# span 20 =     4.1644,     4.6665      
# span 21 =     0.0724,     1.3856      
# span 22 =     0.1035,     0.1775      
# span 23 =    33.7892,    34.1880      
# span 24 =    33.7923,    34.1864      
# span 25 =    8.26618,    8.43039      
# span 26 =         22,         50      
# span 27 = 0.0000e+00, 0.0000e+00      
# interval = decibars: 1                
# start_time = Feb 23 2022 09:14:41 [NMEA time, header]
# bad_flag = -9.990e-29
*END*
[from data line 156]
    158.000    156.308    -1.5525  27.065652    -1.5518  27.066090     6.3736     6.5844     0.3935    97.7323 1.0000e-12  -73.83800 -111.28988  54.391141      99.85 1.5866e+01    513.546      12326  1028.1232  1028.1230     4.6363     0.1739     0.1166    34.0029    34.0026    8.40533         24 0.0000e+00
    159.000    157.295    -1.5516  27.067112    -1.5509  27.067467     6.3747     6.5885     0.4070    97.7575 1.0000e-12  -73.83800 -111.28988  54.391153      99.86 1.5866e+01    514.587      12351  1028.1283  1028.1280     4.6375     0.1223     0.1103    34.0032    34.0029    8.40510         25 0.0000e+00
    160.000    158.286    -1.5500  27.069071    -1.5495  27.069484     6.3795     6.5842     0.5002    97.7275 1.0000e-12  -73.83800 -111.28988  54.391165      99.86 1.5866e+01    515.626      12376  1028.1333  1028.1332     4.6361     0.1481     0.1096    34.0035    34.0034    8.40473         25 0.0000e+00
    161.000    159.274    -1.5507  27.069294    -1.5499  27.069679     6.3793     6.5789     0.4709    97.7741 1.0000e-12  -73.83800 -111.28988  54.391176      99.86 1.5866e+01    516.634      12400  1028.1386  1028.1382     4.6383     0.1412     0.1129    34.0040    34.0036    8.40486         24 0.0000e+00
    162.000    160.264    -1.5509  27.070022    -1.5504  27.070130     6.3822     6.5774     0.4130    97.7667 1.0000e-12  -73.83800 -111.28989  54.391188      97.59 1.5866e+01    517.663      12425  1028.1439  1028.1435     4.6379     0.1265     0.1099    34.0046    34.0041    8.40486         25 0.0000e+00
    163.000    161.251    -1.5489  27.073197    -1.5483  27.073455     6.3747     6.5782     0.5866    97.6694 1.0000e-12  -73.83800 -111.28990  54.391200      97.52 1.5866e+01    518.700      12450  1028.1498  1028.1494     4.6334     0.1313     0.1096    34.0061    34.0057    8.40432         24 0.0000e+00
    164.000    162.241    -1.5474  27.075789    -1.5468  27.075991     6.3743     6.5830     0.8895    97.8802 1.0000e-12  -73.83800 -111.28990  54.391212      99.89 1.5866e+01    519.725      12474  1028.1555  1028.1551     4.6433     0.1491     0.1126    34.0072    34.0069    8.40390         25 0.0000e+00
    165.000    163.230    -1.5461  27.077411    -1.5458  27.077561     6.3722     6.5808     0.4823    97.8209 1.0000e-12  -73.83800 -111.28990  54.391224      99.86 1.5866e+01    520.757      12499  1028.1604  1028.1603     4.6405     0.1223     0.1072    34.0074    34.0073    8.40361         25 0.0000e+00
    166.000    164.218    -1.5483  27.076207    -1.5476  27.076705     6.3756     6.5783     0.4420    97.7159 1.0000e-12  -73.83800 -111.28990  54.391236      99.86 1.5866e+01    521.795      12524  1028.1656  1028.1654     4.6355     0.1355     0.1107    34.0076    34.0075    8.40409         25 0.0000e+00
    167.000    165.208    -1.5482  27.077020    -1.5476  27.077243     6.3739     6.5762     0.3445    97.9038 1.0000e-12  -73.83800 -111.28990  54.391248      99.86 1.5866e+01    522.803      12548  1028.1707  1028.1703     4.6444     0.1111     0.1106    34.0080    34.0076    8.40405         24 0.0000e+00
    168.000    166.195    -1.5482  27.077713    -1.5475  27.077990     6.3748     6.5733     0.5319    97.9598 1.0000e-12  -73.83800 -111.28990  54.391260      99.85 1.5866e+01    523.825      12573  1028.1757  1028.1754     4.6470     0.1974     0.1133    34.0083    34.0079    8.40402         25 0.0000e+00
    169.000    167.186    -1.5478  27.078663    -1.5472  27.079000     6.3706     6.5713     0.3458    97.9040 1.0000e-12  -73.83800 -111.28990  54.391272      99.85 1.5866e+01    524.862      12598  1028.1808  1028.1805     4.6444     0.1243     0.1085    34.0086    34.0083    8.40392         24 0.0000e+00
    170.000    168.174    -1.5466  27.080410    -1.5459  27.080712     6.3786     6.5726     0.2688    97.8820 1.0000e-12  -73.83800 -111.28990  54.391283      99.85 1.5866e+01    525.876      12622  1028.1859  1028.1855     4.6434     0.1302     0.1161    34.0090    34.0086    8.40363         25 0.0000e+00
    171.000    169.164    -1.5431  27.084392    -1.5424  27.084555     6.3694     6.5757     0.2910    97.9326 1.0000e-12  -73.83800 -111.28990  54.391295      99.86 1.5866e+01    526.898      12647  1028.1911  1028.1906     4.6458     0.1209     0.1087    34.0098    34.0093    8.40277         25 0.0000e+00
    172.000    170.152    -1.5415  27.086219    -1.5403  27.086889     6.3677     6.5743     0.2698    97.7418 1.0000e-12  -73.83800 -111.28990  54.391307      99.85 1.5866e+01    527.935      12671  1028.1959  1028.1955     4.6367     0.1507     0.1102    34.0099    34.0095    8.40241         24 0.0000e+00
    173.000    171.141    -1.5399  27.088380    -1.5392  27.088408     6.3733     6.5698     0.2614    98.0090 1.0000e-12  -73.83800 -111.28990  54.391319      99.86 1.5866e+01    528.948      12696  1028.2011  1028.2004     4.6493     0.1032     0.1073    34.0105    34.0097    8.40202         24 0.0000e+00
    174.000    172.130    -1.5357  27.092355    -1.5351  27.092537     6.3764     6.5654     0.3250    97.7488 1.0000e-12  -73.83800 -111.28990  54.391331      99.42 1.5866e+01    529.960      12720  1028.2058  1028.2054     4.6371     0.1279     0.1079    34.0106    34.0102    8.40107         25 0.0000e+00
    175.000    173.118    -1.5347  27.094079    -1.5337  27.094377     6.3676     6.5702     0.4058    97.9875 1.0000e-12  -73.83800 -111.28990  54.391343      95.59 1.5866e+01    530.993      12745  1028.2110  1028.2104     4.6484     0.1494     0.1079    34.0112    34.0104    8.40080         25 0.0000e+00
    176.000    174.108    -1.5322  27.096748    -1.5314  27.097072     6.3601     6.5609     0.3428    97.5370 1.0000e-12  -73.83800 -111.28990  54.391354      99.24 1.5866e+01    532.020      12769  1028.2159  1028.2155     4.6271     0.1067     0.1083    34.0114    34.0109    8.40022         24 0.0000e+00
    177.000    175.096    -1.5266  27.102901    -1.5259  27.103092     6.3606     6.5541     0.2359    97.7893 1.0000e-12  -73.83800 -111.28990  54.391366      99.86 1.5866e+01    533.046      12794  1028.2216  1028.2211     4.6390     0.1292     0.1091    34.0129    34.0123    8.39887         25 0.0000e+00
    178.000    176.084    -1.5254  27.105080    -1.5247  27.105320     6.3635     6.5608     0.2962    97.9747 1.0000e-12  -73.83800 -111.28990  54.391378      99.86 1.5866e+01    534.089      12819  1028.2272  1028.2268     4.6477     0.1024     0.1068    34.0139    34.0135    8.39854         25 0.0000e+00
    179.000    177.075    -1.5280  27.103665    -1.5276  27.103811     6.3595     6.5578     0.3166    97.8707 1.0000e-12  -73.83800 -111.28990  54.391390      99.85 1.5866e+01    535.125      12844  1028.2325  1028.2323     4.6428     0.1167     0.1074    34.0143    34.0140    8.39911         25 0.0000e+00
    180.000    178.062    -1.5250  27.108567    -1.5238  27.108872     6.3510     6.5527     0.3534    97.9602 1.0000e-12  -73.83800 -111.28990  54.391402      99.85 1.5866e+01    536.145      12868  1028.2393  1028.2385     4.6471     0.1303     0.1091    34.0170    34.0160    8.39826         24 0.0000e+00
    181.000    179.052    -1.5129  27.121835    -1.5120  27.122129     6.3469     6.5520     0.2933    97.9060 1.0000e-12  -73.83800 -111.28990  54.391414      99.85 1.5866e+01    537.186      12893  1028.2467  1028.2461     4.6445     0.1651     0.1114    34.0209    34.0203    8.39530         26 0.0000e+00
    182.000    180.040    -1.5036  27.132436    -1.5027  27.132647     6.3382     6.5535     0.4248    97.9717 1.0000e-12  -73.83800 -111.28990  54.391426      99.85 1.5866e+01    538.224      12918  1028.2537  1028.2531     4.6476     0.1270     0.1095    34.0243    34.0236    8.39299         24 0.0000e+00
    183.000    181.030    -1.4990  27.138506    -1.4982  27.138659     6.3288     6.5429     0.2671    98.0827 1.0000e-12  -73.83800 -111.28990  54.391438      99.86 1.5866e+01    539.240      12943  1028.2604  1028.2598     4.6529     0.1073     0.1088    34.0269    34.0262    8.39181         24 0.0000e+00
    184.000    182.016    -1.4928  27.147057    -1.4917  27.147278     6.3241     6.5251     0.2108    97.9629 1.0000e-12  -73.83800 -111.28990  54.391450      99.86 1.5866e+01    540.272      12968  1028.2682  1028.2674     4.6472     0.1325     0.1062    34.0309    34.0300    8.39016         25 0.0000e+00
    185.000    183.007    -1.4830  27.159575    -1.4824  27.159165     6.3293     6.5230     0.4312    97.8561 1.0000e-12  -73.83800 -111.28990  54.391462      99.86 1.5866e+01    541.303      12992  1028.2769  1028.2759     4.6421     0.1640     0.1082    34.0364    34.0351    8.38762         25 0.0000e+00
    186.000    183.996    -1.4802  27.162761    -1.4793  27.163062     6.3256     6.5198     0.3857    97.9797 1.0000e-12  -73.83800 -111.28990  54.391473      99.86 1.5866e+01    542.305      13016  1028.2822  1028.2816     4.6478     0.1412     0.1088    34.0370    34.0363    8.38696         24 0.0000e+00
    187.000    184.983    -1.4772  27.167004    -1.4770  27.166404     6.3220     6.5158     0.2596    97.5549 1.0000e-12  -73.83800 -111.28990  54.391485      99.86 1.5866e+01    543.327      13041  1028.2884  1028.2875     4.6281     0.1534     0.1133    34.0388    34.0377    8.38618         24 0.0000e+00
    188.000    185.973    -1.4754  27.169604    -1.4746  27.169946     6.3232     6.5131     0.2595    97.7636 1.0000e-12  -73.83800 -111.28990  54.391497      99.13 1.5866e+01    544.355      13066  1028.2939  1028.2935     4.6378     0.1161     0.1086    34.0397    34.0393    8.38572         25 0.0000e+00
    189.000    186.961    -1.4754  27.170242    -1.4746  27.170286     6.3175     6.5116     0.2479    97.7646 1.0000e-12  -73.83800 -111.28990  54.391509      99.85 1.5866e+01    545.368      13090  1028.2990  1028.2983     4.6378     0.1014     0.1101    34.0400    34.0392    8.38570         25 0.0000e+00
    190.000    187.951    -1.4750  27.171368    -1.4740  27.171717     6.3155     6.5146     0.1830    97.9218 1.0000e-12  -73.83800 -111.28990  54.391521      99.86 1.5866e+01    546.397      13115  1028.3043  1028.3037     4.6453     0.0972     0.1113    34.0405    34.0398    8.38559         24 0.0000e+00
    191.000    188.940    -1.4730  27.174612    -1.4720  27.174882     6.3116     6.5122     0.2055    97.7500 1.0000e-12  -73.83800 -111.28990  54.391533      99.86 1.5866e+01    547.424      13139  1028.3103  1028.3097     4.6371     0.1251     0.1105    34.0420    34.0413    8.38504         25 0.0000e+00
    192.000    189.926    -1.4640  27.186925    -1.4626  27.187735     6.3038     6.5031     0.2772    97.9829 1.0000e-12  -73.83800 -111.28990  54.391545      99.86 1.5866e+01    548.443      13164  1028.3195  1028.3191     4.6482     0.1159     0.1082    34.0481    34.0477    8.38265         24 0.0000e+00
    193.000    190.917    -1.4589  27.193672    -1.4580  27.193899     6.3065     6.4987     0.1750    97.9757 1.0000e-12  -73.83800 -111.28990  54.391556      99.86 1.5866e+01    549.472      13188  1028.3264  1028.3258     4.6478     0.1104     0.1076    34.0510    34.0503    8.38133         25 0.0000e+00
    194.000    191.905    -1.4563  27.197646    -1.4552  27.197808     6.3010     6.5008     0.2506    98.0496 1.0000e-12  -73.83800 -111.28990  54.391568      99.85 1.5866e+01    550.510      13213  1028.3327  1028.3318     4.6513     0.1121     0.1081    34.0528    34.0518    8.38063         25 0.0000e+00
    195.000    192.894    -1.4542  27.200554    -1.4533  27.200821     6.3039     6.4973     0.3374    97.8165 1.0000e-12  -73.83800 -111.28990  54.391580      99.86 1.5866e+01    551.531      13238  1028.3383  1028.3377     4.6403     0.1092     0.1101    34.0539    34.0532    8.38010         25 0.0000e+00
    196.000    193.883    -1.4525  27.203299    -1.4516  27.203525     6.3086     6.4960     0.2009    97.8451 1.0000e-12  -73.83800 -111.28990  54.391592      99.86 1.5866e+01    552.552      13262  1028.3440  1028.3434     4.6416     0.1043     0.1093    34.0550    34.0544    8.37964         24 0.0000e+00
    197.000    194.871    -1.4510  27.205802    -1.4500  27.205979     6.3041     6.4923     0.2183    98.0760 1.0000e-12  -73.83800 -111.28990  54.391604      99.86 1.5866e+01    553.585      13287  1028.3497  1028.3490     4.6526     0.1350     0.1087    34.0562    34.0553    8.37923         25 0.0000e+00
    198.000    195.861    -1.4500  27.207579    -1.4490  27.207934     6.2967     6.4945     0.1515    98.0644 1.0000e-12  -73.83800 -111.28990  54.391616      99.86 1.5866e+01    554.601      13311  1028.3551  1028.3545     4.6520     0.1155     0.1075    34.0569    34.0562    8.37897         24 0.0000e+00
    199.000    196.849    -1.4492  27.208940    -1.4483  27.209203     6.2895     6.4889     0.1506    98.0490 1.0000e-12  -73.83800 -111.28990  54.391628      99.86 1.5866e+01    555.618      13336  1028.3603  1028.3596     4.6513     0.1034     0.1094    34.0573    34.0565    8.37878         25 0.0000e+00
    200.000    197.838    -1.4489  27.210009    -1.4478  27.210159     6.2918     6.4958     0.1641    98.0482 1.0000e-12  -73.83800 -111.28990  54.391639      86.07 1.5866e+01    556.646      13361  1028.3655  1028.3647     4.6512     0.0925     0.1092    34.0578    34.0567    8.37868         24 0.0000e+00
    201.000    198.825    -1.4486  27.210719    -1.4476  27.210944     6.2934     6.4980     0.2479    97.9674 1.0000e-12  -73.83800 -111.28990  54.391651      99.87 1.5866e+01    557.668      13385  1028.3703  1028.3696     4.6474     0.1033     0.1080    34.0577    34.0569    8.37860         25 0.0000e+00
    202.000    199.816    -1.4469  27.213600    -1.4459  27.213802     6.2987     6.4977     0.2191    98.0683 1.0000e-12  -73.83800 -111.28990  54.391663      99.86 1.5866e+01    558.686      13409  1028.3762  1028.3755     4.6522     0.0909     0.1068    34.0591    34.0583    8.37814         25 0.0000e+00
    203.000    200.804    -1.4449  27.216475    -1.4440  27.216835     6.3033     6.4914     0.1505    98.0825 1.0000e-12  -73.83800 -111.28990  54.391675      99.86 1.5866e+01    559.723      13434  1028.3818  1028.3813     4.6529     0.0932     0.1071    34.0602    34.0597    8.37763         24 0.0000e+00
    204.000    201.794    -1.4426  27.220827    -1.4418  27.220904     6.3064     6.4870     0.1623    98.1212 1.0000e-12  -73.83800 -111.28990  54.391687      99.86 1.5866e+01    560.756      13459  1028.3887  1028.3880     4.6547     0.1031     0.1066    34.0630    34.0621    8.37695         25 0.0000e+00
    205.000    202.780    -1.4439  27.221521    -1.4431  27.221760     6.3045     6.4948     0.1770    98.0945 1.0000e-12  -73.83800 -111.28990  54.391699      99.86 1.5866e+01    561.780      13484  1028.3951  1028.3946     4.6534     0.0945     0.1074    34.0648    34.0642    8.37713         25 0.0000e+00
    206.000    203.769    -1.4474  27.220033    -1.4466  27.220380     6.3022     6.5023     0.1544    98.1255 1.0000e-12  -73.83800 -111.28990  54.391711      99.86 1.5866e+01    562.815      13509  1028.4012  1028.4009     4.6550     0.0976     0.1084    34.0661    34.0657    8.37784         24 0.0000e+00
    207.000    204.759    -1.4468  27.222286    -1.4459  27.222564     6.2935     6.4945     0.1761    98.1293 1.0000e-12  -73.83800 -111.28990  54.391723      99.86 1.5866e+01    563.851      13533  1028.4075  1028.4068     4.6551     0.1236     0.1073    34.0679    34.0672    8.37760         25 0.0000e+00
    208.000    205.747    -1.4444  27.225648    -1.4435  27.225804     6.2910     6.4930     0.2212    98.0952 1.0000e-12  -73.83800 -111.28990  54.391735      99.85 1.5866e+01    564.877      13558  1028.4132  1028.4125     4.6535     0.1035     0.1072    34.0692    34.0684    8.37699         25 0.0000e+00
