ocean_section_plots/required_files/ctd/dnbp2202_ctd121.cnv
* Sea-Bird SBE 9 Data File:
* FileName = D:\Data\raw\NBP2202_CTD121.hex
* Software Version Seasave V 7.26.7.121
* Temperature SN = 1649
* Conductivity SN = 2513
* Number of Bytes Per Scan = 40
* Number of Voltage Words = 5
* Number of Scans Averaged by the Deck Unit = 1
* NMEA Latitude = 74 10.52 S
* NMEA Longitude = 113 20.65 W
* NMEA UTC (Time) = Jan 27 2022  11:04:23
* NMEA baud rate = 9600
** Ship: RVIB N.B. Palmer
** Cruise: NBP2202 Thwaites
** Station: YoYo001
** Operator: B. Bjork
# nquan = 25
# nvalues = 608                         
# units = specified
# name 0 = prDM: Pressure, Digiquartz [db]
# name 1 = depSM: Depth [salt water, m]
# name 2 = t090C: Temperature [ITS-90, deg C]
# name 3 = c0mS/cm: Conductivity [mS/cm]
# name 4 = t190C: Temperature, 2 [ITS-90, deg C]
# name 5 = c1mS/cm: Conductivity, 2 [mS/cm]
# name 6 = sbeox0ML/L: Oxygen, SBE 43 [ml/l]
# name 7 = sbeox1ML/L: Oxygen, SBE 43, 2 [ml/l]
# name 8 = flECO-AFL: Fluorescence, WET Labs ECO-AFL/FL [mg/m^3]
# name 9 = CStarTr0: Beam Transmission, WET Labs C-Star [%]
# name 10 = par: PAR/Irradiance, Biospherical/Licor
# name 11 = latitude: Latitude [deg]
# name 12 = longitude: Longitude [deg]
# name 13 = timeJ: Julian Days
# name 14 = altM: Altimeter [m]
# name 15 = spar: SPAR, Biospherical/Licor
# name 16 = timeS: Time, Elapsed [seconds]
# name 17 = scan: Scan Count
# name 18 = density00: Density [density, kg/m^3]
# name 19 = density11: Density, 2 [density, kg/m^3]
# name 20 = sal00: Salinity, Practical [PSU]
# name 21 = sal11: Salinity, Practical, 2 [PSU]
# name 22 = oxsolML/L: Oxygen Saturation, Garcia & Gordon [ml/l]
# name 23 = nbin: number of scans per bin
# name 24 = flag: flag
# span 0 =     10.000,    617.000       
# span 1 =      9.894,    609.704       
# span 2 =    -1.4226,     0.0888       
# span 3 =  27.006500,  28.923510       
# span 4 =    -1.4158,     0.0890       
# span 5 =  27.012240,  28.921986       
# span 6 =     4.6850,     8.4761       
# span 7 =     4.7332,     8.5027       
# span 8 =    -0.0225,    24.4168       
# span 9 =    69.0820,    95.6056       
# span 10 = -4.987e-06, 5.2413e+00      
# span 11 =  -74.17538,  -74.17536      
# span 12 = -113.34426, -113.34422      
# span 13 =  27.461868,  27.469729      
# span 14 =       6.98,     100.35      
# span 15 = 2.4060e+02, 2.6267e+02      
# span 16 =     42.354,    721.571      
# span 17 =       1018,      17319      
# span 18 =  1027.2266,  1030.5221      
# span 19 =  1027.2249,  1030.5199      
# span 20 =    33.7943,    34.3806      
# span 21 =    33.7922,    34.3780      
# span 22 =    8.02639,    8.38637      
# span 23 =         20,         46      
# span 24 = 0.0000e+00, 0.0000e+00      
# interval = decibars: 1                
# start_time = Jan 27 2022 11:04:23 [NMEA time, header]
# bad_flag = -9.990e-29
*END*
[from data line 406]
    416.000    411.280    -0.1705  28.544116    -0.1702  28.542430     4.7759     4.8102    -0.0128    95.1066 1.0000e-12  -74.17536 -113.34424  27.466849      99.88 2.4857e+02    472.715      11346  1029.5152  1029.5131    34.2862    34.2836    8.08628         23 0.0000e+00
    417.000    412.269    -0.1717  28.544225    -0.1698  28.543326     4.7629     4.8157    -0.0179    95.0908 1.0000e-12  -74.17536 -113.34424  27.466860      99.87 2.4857e+02    473.668      11369  1029.5208  1029.5180    34.2870    34.2838    8.08647         23 0.0000e+00
    418.000    413.256    -0.1695  28.546882    -0.1680  28.545904     4.7523     4.8155    -0.0169    95.0852 1.0000e-12  -74.17536 -113.34424  27.466871      99.86 2.4857e+02    474.628      11392  1029.5258  1029.5233    34.2876    34.2846    8.08599         23 0.0000e+00
    419.000    414.244    -0.1679  28.549262    -0.1656  28.548977     4.7546     4.8146    -0.0157    95.0707 1.0000e-12  -74.17536 -113.34424  27.466882      99.86 2.4857e+02    475.581      11415  1029.5310  1029.5286    34.2883    34.2854    8.08560         23 0.0000e+00
    420.000    415.231    -0.1661  28.551662    -0.1638  28.551514     4.7515     4.8136    -0.0019    95.0619 1.0000e-12  -74.17536 -113.34424  27.466893      99.87 2.4857e+02    476.525      11438  1029.5362  1029.5338    34.2888    34.2861    8.08518         23 0.0000e+00
    421.000    416.220    -0.1647  28.553632    -0.1623  28.553515     4.7554     4.8128    -0.0163    95.0155 1.0000e-12  -74.17536 -113.34424  27.466904      99.86 2.4857e+02    477.477      11460  1029.5412  1029.5388    34.2893    34.2865    8.08486         22 0.0000e+00
    422.000    417.208    -0.1615  28.557366    -0.1592  28.557189     4.7680     4.8084    -0.0128    95.0350 1.0000e-12  -74.17536 -113.34424  27.466915      99.87 2.4857e+02    478.425      11483  1029.5464  1029.5440    34.2901    34.2873    8.08415         23 0.0000e+00
    423.000    418.194    -0.1571  28.562541    -0.1545  28.562390     4.7634     4.8054    -0.0102    95.0078 1.0000e-12  -74.17536 -113.34424  27.466926      99.87 2.4857e+02    479.380      11506  1029.5519  1029.5493    34.2915    34.2884    8.08314         23 0.0000e+00
    424.000    419.183    -0.1508  28.569729    -0.1467  28.570879     4.7429     4.8070    -0.0099    95.0124 1.0000e-12  -74.17536 -113.34424  27.466937      99.86 2.4857e+02    480.334      11529  1029.5576  1029.5549    34.2933    34.2903    8.08169         23 0.0000e+00
    425.000    420.169    -0.1386  28.582013    -0.1367  28.581329     4.7558     4.8090    -0.0102    94.9935 1.0000e-12  -74.17536 -113.34424  27.466948      99.86 2.4857e+02    481.289      11552  1029.5630  1029.5604    34.2954    34.2923    8.07900         23 0.0000e+00
    426.000    421.158    -0.1360  28.585024    -0.1332  28.585270     4.7582     4.8075    -0.0090    95.0101 1.0000e-12  -74.17536 -113.34424  27.466959      99.87 2.4857e+02    482.242      11575  1029.5680  1029.5656    34.2959    34.2931    8.07843         23 0.0000e+00
    427.000    422.144    -0.1322  28.589413    -0.1298  28.589120     4.7497     4.8071    -0.0100    95.0166 1.0000e-12  -74.17536 -113.34424  27.466970      91.35 2.4857e+02    483.193      11598  1029.5733  1029.5707    34.2968    34.2938    8.07757         22 0.0000e+00
    428.000    423.133    -0.1266  28.595850    -0.1248  28.594997     4.7510     4.8051    -0.0171    95.0215 1.0000e-12  -74.17536 -113.34424  27.466981      86.39 2.4857e+02    484.149      11621  1029.5790  1029.5763    34.2986    34.2954    8.07629         23 0.0000e+00
    429.000    424.120    -0.1240  28.599398    -0.1219  28.599044     4.7509     4.8026    -0.0110    95.0410 1.0000e-12  -74.17536 -113.34424  27.466992      50.60 2.4857e+02    485.108      11644  1029.5846  1029.5821    34.2998    34.2969    8.07567         24 0.0000e+00
    430.000    425.108    -0.1253  28.599414    -0.1232  28.598880     4.7538     4.8055    -0.0150    95.0581 1.0000e-12  -74.17536 -113.34424  27.467003      99.07 2.4857e+02    486.068      11667  1029.5902  1029.5876    34.3006    34.2976    8.07590         23 0.0000e+00
    431.000    426.095    -0.1277  28.597190    -0.1257  28.596804     4.7559     4.8060    -0.0075    95.0683 1.0000e-12  -74.17536 -113.34424  27.467014      99.86 2.4857e+02    487.027      11690  1029.5945  1029.5923    34.2997    34.2971    8.07645         23 0.0000e+00
    432.000    427.083    -0.1286  28.596539    -0.1268  28.595830     4.7571     4.8020    -0.0090    95.0762 1.0000e-12  -74.17536 -113.34424  27.467025      99.86 2.4857e+02    487.979      11712  1029.5990  1029.5966    34.2993    34.2964    8.07666         22 0.0000e+00
    433.000    428.072    -0.1334  28.593896    -0.1309  28.594080     4.7533     4.8061    -0.0150    95.0807 1.0000e-12  -74.17536 -113.34424  27.467036      99.87 2.4857e+02    488.920      11735  1029.6053  1029.6031    34.3006    34.2981    8.07761         23 0.0000e+00
    434.000    429.058    -0.1304  28.598440    -0.1277  28.598997     4.7569     4.8128    -0.0106    95.0874 1.0000e-12  -74.17536 -113.34424  27.467047      99.87 2.4857e+02    489.870      11758  1029.6115  1029.6094    34.3027    34.3003    8.07686         23 0.0000e+00
    435.000    430.044    -0.1286  28.601180    -0.1264  28.600921     4.7562     4.8070    -0.0100    95.0679 1.0000e-12  -74.17536 -113.34424  27.467058      99.86 2.4857e+02    490.817      11781  1029.6169  1029.6145    34.3037    34.3009    8.07642         22 0.0000e+00
    436.000    431.034    -0.1267  28.603745    -0.1245  28.603343     4.7529     4.8055    -0.0099    95.0719 1.0000e-12  -74.17536 -113.34423  27.467069      99.86 2.4857e+02    491.772      11804  1029.6220  1029.6195    34.3044    34.3013    8.07598         23 0.0000e+00
    437.000    432.021    -0.1260  28.605061    -0.1237  28.604646     4.7507     4.7985    -0.0151    95.0832 1.0000e-12  -74.17536 -113.34423  27.467080      99.87 2.4857e+02    492.730      11827  1029.6270  1029.6244    34.3047    34.3016    8.07580         23 0.0000e+00
    438.000    433.009    -0.1239  28.607659    -0.1213  28.607779     4.7482     4.7982    -0.0121    95.0956 1.0000e-12  -74.17536 -113.34424  27.467091      99.86 2.4857e+02    493.691      11850  1029.6321  1029.6296    34.3053    34.3025    8.07534         23 0.0000e+00
    439.000    433.995    -0.1208  28.611515    -0.1185  28.611230     4.7506     4.8030    -0.0102    95.0621 1.0000e-12  -74.17536 -113.34424  27.467102      99.86 2.4857e+02    494.647      11873  1029.6373  1029.6349    34.3062    34.3034    8.07462         23 0.0000e+00
    440.000    434.984    -0.1194  28.613582    -0.1174  28.613134     4.7510     4.8049    -0.0089    95.0582 1.0000e-12  -74.17536 -113.34424  27.467113      99.86 2.4847e+02    495.603      11895  1029.6425  1029.6401    34.3069    34.3040    8.07430         23 0.0000e+00
    441.000    435.970    -0.1158  28.618799    -0.1126  28.619539     4.7541     4.8036    -0.0115    95.0380 1.0000e-12  -74.17536 -113.34424  27.467124      86.98 2.4787e+02    496.551      11918  1029.6487  1029.6465    34.3091    34.3065    8.07340         23 0.0000e+00
    442.000    436.960    -0.1071  28.629821    -0.1041  28.630354     4.7508     4.8021    -0.0166    95.0270 1.0000e-12  -74.17536 -113.34424  27.467135      94.76 2.4772e+02    497.498      11941  1029.6562  1029.6539    34.3134    34.3108    8.07132         23 0.0000e+00
    443.000    437.945    -0.1030  28.635285    -0.1004  28.635245     4.7469     4.8000    -0.0094    95.0281 1.0000e-12  -74.17536 -113.34424  27.467146      99.80 2.4750e+02    498.446      11964  1029.6622  1029.6597    34.3154    34.3125    8.07033         23 0.0000e+00
    444.000    438.934    -0.1006  28.638230    -0.0991  28.637156     4.7482     4.7996    -0.0100    95.0142 1.0000e-12  -74.17536 -113.34424  27.467157      99.87 2.4793e+02    499.395      11986  1029.6674  1029.6648    34.3161    34.3130    8.06980         22 0.0000e+00
    445.000    439.921    -0.1007  28.638460    -0.0993  28.637299     4.7444     4.7958    -0.0102    95.0260 1.0000e-12  -74.17536 -113.34424  27.467168      99.86 2.4803e+02    500.343      12009  1029.6720  1029.6695    34.3159    34.3128    8.06983         23 0.0000e+00
    446.000    440.910    -0.1014  28.638157    -0.0993  28.637824     4.7450     4.7982    -0.0090    95.0168 1.0000e-12  -74.17536 -113.34424  27.467179      99.86 2.4764e+02    501.301      12032  1029.6768  1029.6743    34.3157    34.3129    8.06999         23 0.0000e+00
    447.000    441.895    -0.1024  28.637711    -0.0998  28.637857     4.7457     4.8010    -0.0093    94.9888 1.0000e-12  -74.17536 -113.34424  27.467190      99.86 2.4741e+02    502.254      12055  1029.6815  1029.6792    34.3156    34.3129    8.07020         23 0.0000e+00
    448.000    442.884    -0.1011  28.639560    -0.0990  28.639243     4.7458     4.8008    -0.0102    95.0011 1.0000e-12  -74.17536 -113.34424  27.467201      99.87 2.4734e+02    503.200      12078  1029.6865  1029.6842    34.3160    34.3133    8.06990         23 0.0000e+00
    449.000    443.871    -0.1001  28.641198    -0.0978  28.641086     4.7498     4.7988    -0.0090    95.0025 1.0000e-12  -74.17536 -113.34424  27.467212      99.87 2.4736e+02    504.145      12100  1029.6916  1029.6892    34.3165    34.3138    8.06968         22 0.0000e+00
    450.000    444.859    -0.0960  28.646035    -0.0942  28.645224     4.7485     4.7970    -0.0087    94.9922 1.0000e-12  -74.17536 -113.34424  27.467223      99.86 2.4711e+02    505.086      12123  1029.6969  1029.6943    34.3177    34.3146    8.06873         23 0.0000e+00
    451.000    445.848    -0.0935  28.648722    -0.0915  28.648252     4.7491     4.8035    -0.0096    95.0089 1.0000e-12  -74.17536 -113.34424  27.467234      99.86 2.4726e+02    506.033      12146  1029.7017  1029.6992    34.3179    34.3150    8.06820         23 0.0000e+00
    452.000    446.832    -0.0941  28.648474    -0.0924  28.647886     4.7526     4.8015    -0.0024    95.0058 1.0000e-12  -74.17536 -113.34424  27.467245      99.86 2.4719e+02    506.987      12169  1029.7063  1029.7040    34.3177    34.3150    8.06834         23 0.0000e+00
    453.000    447.822    -0.0935  28.649458    -0.0914  28.649014     4.7516     4.8028    -0.0073    95.0002 1.0000e-12  -74.17536 -113.34424  27.467256      99.86 2.4703e+02    507.941      12192  1029.7110  1029.7085    34.3177    34.3147    8.06821         23 0.0000e+00
    454.000    448.810    -0.0931  28.650121    -0.0907  28.650036     4.7489     4.8068    -0.0100    95.0388 1.0000e-12  -74.17536 -113.34424  27.467267      78.94 2.4680e+02    508.896      12215  1029.7156  1029.7132    34.3175    34.3147    8.06813         22 0.0000e+00
    455.000    449.798    -0.0918  28.651968    -0.0898  28.651391     4.7454     4.7965    -0.0112    95.0348 1.0000e-12  -74.17536 -113.34424  27.467278      86.59 2.4680e+02    509.847      12237  1029.7206  1029.7180    34.3179    34.3149    8.06783         23 0.0000e+00
    456.000    450.783    -0.0906  28.653518    -0.0892  28.652363     4.7430     4.7960    -0.0160    95.0315 1.0000e-12  -74.17536 -113.34424  27.467289      96.59 2.4680e+02    510.798      12260  1029.7254  1029.7228    34.3181    34.3150    8.06758         23 0.0000e+00
    457.000    451.770    -0.0896  28.655122    -0.0873  28.654916     4.7529     4.7986    -0.0106    95.0436 1.0000e-12  -74.17536 -113.34424  27.467300      99.90 2.4680e+02    511.740      12283  1029.7303  1029.7279    34.3184    34.3156    8.06734         22 0.0000e+00
    458.000    452.759    -0.0887  28.656563    -0.0860  28.656677     4.7436     4.8004    -0.0089    95.0517 1.0000e-12  -74.17536 -113.34424  27.467311      99.86 2.4680e+02    512.694      12306  1029.7353  1029.7328    34.3188    34.3160    8.06714         24 0.0000e+00
    459.000    453.746    -0.0877  28.657956    -0.0858  28.657465     4.7556     4.8025    -0.0021    95.0461 1.0000e-12  -74.17536 -113.34424  27.467322      99.86 2.4680e+02    513.656      12329  1029.7400  1029.7377    34.3189    34.3161    8.06692         23 0.0000e+00
    460.000    454.734    -0.0870  28.659424    -0.0846  28.659110     4.7540     4.8015    -0.0084    95.0516 1.0000e-12  -74.17536 -113.34424  27.467333      99.86 2.4680e+02    514.606      12352  1029.7452  1029.7426    34.3195    34.3164    8.06674         22 0.0000e+00
    461.000    455.720    -0.0863  28.660367    -0.0843  28.660017     4.7468     4.8016    -0.0103    95.0607 1.0000e-12  -74.17536 -113.34424  27.467344      99.86 2.4680e+02    515.559      12374  1029.7498  1029.7475    34.3193    34.3166    8.06660         23 0.0000e+00
    462.000    456.709    -0.0847  28.662778    -0.0821  28.662792     4.7475     4.8022    -0.0106    95.0696 1.0000e-12  -74.17536 -113.34424  27.467355      99.86 2.4680e+02    516.503      12397  1029.7550  1029.7526    34.3202    34.3173    8.06622         23 0.0000e+00
    463.000    457.695    -0.0843  28.663523    -0.0818  28.663771     4.7417     4.7985    -0.0113    95.0563 1.0000e-12  -74.17536 -113.34424  27.467366      99.87 2.4680e+02    517.437      12419  1029.7597  1029.7575    34.3201    34.3176    8.06613         22 0.0000e+00
    464.000    458.684    -0.0842  28.664657    -0.0824  28.664172     4.7500     4.7938    -0.0166    95.0695 1.0000e-12  -74.17536 -113.34424  27.467377      99.87 2.4680e+02    518.375      12442  1029.7651  1029.7629    34.3209    34.3183    8.06607         23 0.0000e+00
    465.000    459.671    -0.0840  28.665383    -0.0821  28.664889     4.7437     4.7987    -0.0109    95.0728 1.0000e-12  -74.17536 -113.34424  27.467388      99.86 2.4680e+02    519.322      12465  1029.7699  1029.7676    34.3211    34.3183    8.06602         23 0.0000e+00
    466.000    460.658    -0.0856  28.664620    -0.0828  28.665043     4.7468     4.8001    -0.0021    95.0828 1.0000e-12  -74.17536 -113.34424  27.467399      99.86 2.4680e+02    520.275      12488  1029.7750  1029.7727    34.3212    34.3187    8.06634         23 0.0000e+00
    467.000    461.646    -0.0858  28.664959    -0.0829  28.665551     4.7417     4.8002    -0.0014    95.0720 1.0000e-12  -74.17536 -113.34424  27.467410      99.86 2.4680e+02    521.228      12510  1029.7798  1029.7777    34.3213    34.3189    8.06638         23 0.0000e+00
    468.000    462.633    -0.0862  28.664932    -0.0839  28.664788     4.7481     4.8021    -0.0070    95.0681 1.0000e-12  -74.17536 -113.34424  27.467421      86.48 2.4680e+02    522.179      12533  1029.7844  1029.7821    34.3211    34.3184    8.06648         22 0.0000e+00
    469.000    463.620    -0.0857  28.665681    -0.0832  28.665738     4.7439     4.8035    -0.0047    95.0668 1.0000e-12  -74.17536 -113.34424  27.467432      77.18 2.4680e+02    523.122      12556  1029.7890  1029.7866    34.3210    34.3183    8.06638         22 0.0000e+00
    470.000    464.608    -0.0852  28.666558    -0.0835  28.665883     4.7510     4.8013    -0.0036    95.0685 1.0000e-12  -74.17536 -113.34424  27.467443      88.30 2.4680e+02    524.060      12578  1029.7937  1029.7914    34.3210    34.3182    8.06628         23 0.0000e+00
    471.000    465.595    -0.0857  28.666662    -0.0835  28.666499     4.7526     4.7987    -0.0090    95.0617 1.0000e-12  -74.17536 -113.34424  27.467454      99.95 2.4680e+02    525.007      12601  1029.7985  1029.7962    34.3210    34.3184    8.06637         23 0.0000e+00
    472.000    466.583    -0.0857  28.667240    -0.0835  28.666979     4.7413     4.7895    -0.0090    95.0561 1.0000e-12  -74.17536 -113.34424  27.467465      99.86 2.4680e+02    525.955      12624  1029.8035  1029.8010    34.3213    34.3185    8.06637         23 0.0000e+00
