ocean_section_plots/required_files/ctd/dnbp2202_ctd193.cnv
* Sea-Bird SBE 9 Data File:
* FileName = D:\Data\raw\NBP2202_CTD193.hex
* Software Version Seasave V 7.26.7.121
* Temperature SN = 1649
* Conductivity SN = 2513
* Number of Bytes Per Scan = 40
* Number of Voltage Words = 5
* Number of Scans Averaged by the Deck Unit = 1
* NMEA Latitude = 74 10.76 S
* NMEA Longitude = 113 12.55 W
* NMEA UTC (Time) = Feb 07 2022  12:16:19
* NMEA baud rate = 9600
** Ship: RVIB N.B. Palmer
** Cruise: NBP2202 Thwaites
** Station: 114
** Operator: B Bjork
# nquan = 28
# nvalues = 940                         
# units = specified
# name 0 = prDM: Pressure, Digiquartz [db]
# name 1 = depSM: Depth [salt water, m]
# name 2 = t090C: Temperature [ITS-90, deg C]
# name 3 = c0mS/cm: Conductivity [mS/cm]
# name 4 = t190C: Temperature, 2 [ITS-90, deg C]
# name 5 = c1mS/cm: Conductivity, 2 [mS/cm]
# name 6 = sbeox0ML/L: Oxygen, SBE 43 [ml/l]
# name 7 = sbeox1ML/L: Oxygen, SBE 43, 2 [ml/l]
# name 8 = flECO-AFL: Fluorescence, WET Labs ECO-AFL/FL [mg/m^3]
# name 9 = CStarTr0: Beam Transmission, WET Labs C-Star [%]
# name 10 = par: PAR/Irradiance, Biospherical/Licor
# name 11 = latitude: Latitude [deg]
# name 12 = longitude: Longitude [deg]
# name 13 = timeJ: Julian Days
# name 14 = altM: Altimeter [m]
# name 15 = spar: SPAR, Biospherical/Licor
# name 16 = timeS: Time, Elapsed [seconds]
# name 17 = scan: Scan Count
# name 18 = density00: Density [density, kg/m^3]
# name 19 = density11: Density, 2 [density, kg/m^3]
# name 20 = v3: Voltage 3
# name 21 = v4: Voltage 4
# name 22 = v5: Voltage 5
# name 23 = sal00: Salinity, Practical [PSU]
# name 24 = sal11: Salinity, Practical, 2 [PSU]
# name 25 = oxsolML/L: Oxygen Saturation, Garcia & Gordon [ml/l]
# name 26 = nbin: number of scans per bin
# name 27 = flag: flag
# span 0 =      2.000,    941.000       
# span 1 =      1.978,    929.157       
# span 2 =    -1.5297,     0.3269       
# span 3 =  27.016233,  29.337770       
# span 4 =    -1.5293,     0.3291       
# span 5 =  27.016414,  29.337818       
# span 6 =     4.6253,     8.7104       
# span 7 =     4.7099,     8.9459       
# span 8 =    -0.0188,    23.5644       
# span 9 =    74.6499,    98.5103       
# span 10 = -4.195e-07, 3.1236e+01      
# span 11 =  -74.17940,  -74.17940      
# span 12 = -113.20936, -113.20932      
# span 13 =  38.513492,  38.525222      
# span 14 =       1.57,     100.02      
# span 15 = 7.2517e+01, 1.1283e+02      
# span 16 =    186.749,   1200.138      
# span 17 =       4483,      28804      
# span 18 =  1027.1718,  1032.0938      
# span 19 =  1027.1719,  1032.0916      
# span 20 =     3.5417,     4.6732      
# span 21 =     0.0636,     3.8401      
# span 22 =     0.1173,     0.2678      
# span 23 =    33.7770,    34.4712      
# span 24 =    33.7771,    34.4689      
# span 25 =    7.97178,    8.40548      
# span 26 =         21,         73      
# span 27 = 0.0000e+00, 0.0000e+00      
# interval = decibars: 1                
# start_time = Feb 07 2022 12:16:19 [NMEA time, header]
# bad_flag = -9.990e-29
*END*
[from data line 415]
    417.000    412.269    -0.2497  28.473064    -0.2484  28.471682     4.8883     4.9922    -0.0115    98.3655 1.0000e-12  -74.17940 -113.20934  38.518856      99.92 7.7567e+01    650.158      15605  1029.5194  1029.5168     4.6663     0.0710     0.1266    34.2799    34.2767    8.10343         23 0.0000e+00
    418.000    413.256    -0.2431  28.480637    -0.2406  28.480459     4.8868     4.9903    -0.0125    98.3386 1.0000e-12  -74.17940 -113.20934  38.518868      99.92 7.7567e+01    651.191      15630  1029.5254  1029.5229     4.6650     0.0720     0.1278    34.2820    34.2790    8.10192         26 0.0000e+00
    419.000    414.242    -0.2373  28.486991    -0.2349  28.486767     4.8837     4.9873     0.0948    98.3383 1.0000e-12  -74.17940 -113.20934  38.518880      99.92 7.7567e+01    652.261      15655  1029.5308  1029.5283     4.6650     0.0695     0.1271    34.2833    34.2804    8.10060         25 0.0000e+00
    420.000    415.232    -0.2345  28.490466    -0.2324  28.490133     4.8872     4.9866     0.0424    98.3174 1.0000e-12  -74.17940 -113.20934  38.518892      99.92 7.7567e+01    653.277      15680  1029.5363  1029.5338     4.6640     0.0703     0.1290    34.2843    34.2814    8.09997         24 0.0000e+00
    421.000    416.219    -0.2313  28.494329    -0.2288  28.494231     4.8892     4.9826     0.0012    98.3319 1.0000e-12  -74.17940 -113.20934  38.518903      99.92 7.8027e+01    654.249      15703  1029.5415  1029.5390     4.6647     0.0699     0.1293    34.2852    34.2823    8.09923         23 0.0000e+00
    422.000    417.207    -0.2292  28.496876    -0.2271  28.496530     4.8831     4.9879     0.0082    98.3352 1.0000e-12  -74.17940 -113.20934  38.518914      93.61 7.8729e+01    655.149      15725  1029.5466  1029.5442     4.6648     0.0693     0.1290    34.2857    34.2828    8.09876         21 0.0000e+00
    423.000    418.194    -0.2277  28.499051    -0.2256  28.498768     4.8787     4.9859     0.0110    98.3309 1.0000e-12  -74.17940 -113.20934  38.518924      94.47 7.7590e+01    656.065      15747  1029.5518  1029.5494     4.6646     0.0695     0.1292    34.2862    34.2835    8.09840         23 0.0000e+00
    424.000    419.182    -0.2262  28.501265    -0.2239  28.501093     4.8819     4.9822    -0.0029    98.3250 1.0000e-12  -74.17940 -113.20934  38.518936      99.87 7.7707e+01    657.074      15771  1029.5570  1029.5546     4.6644     0.0704     0.1350    34.2869    34.2841    8.09805         25 0.0000e+00
    425.000    420.169    -0.2250  28.503263    -0.2225  28.503074     4.8850     4.9827    -0.0013    98.3196 1.0000e-12  -74.17940 -113.20934  38.518948      99.92 7.8874e+01    658.086      15795  1029.5623  1029.5597     4.6641     0.0686     0.1328    34.2876    34.2846    8.09775         23 0.0000e+00
    426.000    421.157    -0.2244  28.504357    -0.2223  28.504096     4.8840     4.9842    -0.0104    98.3166 1.0000e-12  -74.17940 -113.20934  38.518959      99.91 7.7481e+01    659.095      15819  1029.5672  1029.5649     4.6639     0.0689     0.1303    34.2878    34.2851    8.09761         25 0.0000e+00
    427.000    422.144    -0.2237  28.506040    -0.2215  28.505899     4.8815     4.9851    -0.0109    98.3085 1.0000e-12  -74.17940 -113.20934  38.518971      99.91 7.7707e+01    660.118      15844  1029.5727  1029.5704     4.6636     0.0702     0.1306    34.2887    34.2860    8.09742         25 0.0000e+00
    428.000    423.134    -0.2217  28.508801    -0.2192  28.508815     4.8790     4.9795     0.0040    98.2873 1.0000e-12  -74.17940 -113.20934  38.518983      99.92 7.8898e+01    661.153      15869  1029.5780  1029.5756     4.6626     0.0699     0.1284    34.2895    34.2868    8.09695         24 0.0000e+00
    429.000    424.120    -0.2163  28.514789    -0.2141  28.514524     4.8766     4.9751    -0.0069    98.3167 1.0000e-12  -74.17940 -113.20934  38.518995      99.92 7.7554e+01    662.155      15893  1029.5834  1029.5809     4.6640     0.0708     0.1288    34.2908    34.2879    8.09573         24 0.0000e+00
    430.000    425.107    -0.2120  28.519452    -0.2096  28.519397     4.8714     4.9772    -0.0128    98.3083 1.0000e-12  -74.17940 -113.20934  38.519006      99.92 7.7877e+01    663.135      15916  1029.5884  1029.5861     4.6636     0.0725     0.1274    34.2915    34.2889    8.09476         23 0.0000e+00
    431.000    426.096    -0.2090  28.522915    -0.2070  28.522464     4.8743     4.9813    -0.0123    98.3138 1.0000e-12  -74.17940 -113.20934  38.519017      99.92 7.9212e+01    664.093      15939  1029.5935  1029.5911     4.6638     0.0700     0.1263    34.2923    34.2894    8.09410         22 0.0000e+00
    432.000    427.083    -0.2069  28.526380    -0.2045  28.526164     4.8722     4.9708    -0.0134    98.2899 1.0000e-12  -74.17940 -113.20934  38.519028      99.91 7.7629e+01    664.990      15961  1029.5994  1029.5969     4.6627     0.0696     0.1297    34.2939    34.2910    8.09356         22 0.0000e+00
    433.000    428.072    -0.2028  28.531536    -0.2003  28.531628     4.8722     4.9673    -0.0118    98.2992 1.0000e-12  -74.17940 -113.20934  38.519039      99.92 7.8061e+01    665.959      15984  1029.6052  1029.6028     4.6632     0.0714     0.1307    34.2956    34.2928    8.09259         25 0.0000e+00
    434.000    429.057    -0.1988  28.536085    -0.1962  28.536238     4.8679     4.9758    -0.0089    98.2929 1.0000e-12  -74.17940 -113.20934  38.519051      99.92 8.0048e+01    666.971      16008  1029.6105  1029.6081     4.6628     0.0700     0.1308    34.2966    34.2938    8.09170         24 0.0000e+00
    435.000    430.045    -0.1970  28.538321    -0.1948  28.538131     4.8619     4.9698     0.0053    98.2907 1.0000e-12  -74.17940 -113.20934  38.519062      75.83 7.7877e+01    667.972      16032  1029.6154  1029.6130     4.6627     0.0682     0.1296    34.2969    34.2941    8.09129         24 0.0000e+00
    436.000    431.034    -0.1950  28.540606    -0.1928  28.540355     4.8641     4.9656    -0.0016    98.3003 1.0000e-12  -74.17940 -113.20934  38.519074      97.48 7.8007e+01    668.972      16056  1029.6202  1029.6178     4.6632     0.0711     0.1308    34.2971    34.2943    8.09085         24 0.0000e+00
    437.000    432.020    -0.1953  28.540470    -0.1933  28.540201     4.8656     4.9670    -0.0113    98.2898 1.0000e-12  -74.17940 -113.20934  38.519086      99.94 8.0127e+01    670.010      16081  1029.6246  1029.6225     4.6627     0.0701     0.1298    34.2966    34.2941    8.09093         25 0.0000e+00
    438.000    433.010    -0.1933  28.543122    -0.1906  28.543267     4.8702     4.9649    -0.0041    98.3013 1.0000e-12  -74.17940 -113.20934  38.519098      99.92 7.8472e+01    671.049      16106  1029.6298  1029.6274     4.6633     0.0704     0.1307    34.2973    34.2945    8.09047         25 0.0000e+00
    439.000    433.996    -0.1930  28.544028    -0.1905  28.543995     4.8731     4.9703    -0.0028    98.3165 1.0000e-12  -74.17940 -113.20934  38.519110      99.92 7.8448e+01    672.065      16131  1029.6348  1029.6324     4.6639     0.0699     0.1297    34.2976    34.2947    8.09039         24 0.0000e+00
    440.000    434.983    -0.1936  28.544410    -0.1916  28.544070     4.8738     4.9720    -0.0022    98.3074 1.0000e-12  -74.17940 -113.20934  38.519121      99.91 7.9610e+01    673.081      16155  1029.6402  1029.6379     4.6635     0.0696     0.1280    34.2982    34.2955    8.09049         25 0.0000e+00
    441.000    435.971    -0.1939  28.545145    -0.1918  28.544889     4.8745     4.9741    -0.0132    98.2937 1.0000e-12  -74.17940 -113.20934  38.519133      99.92 7.8863e+01    674.092      16179  1029.6455  1029.6432     4.6629     0.0703     0.1295    34.2989    34.2962    8.09051         23 0.0000e+00
    442.000    436.958    -0.1939  28.545842    -0.1917  28.545572     4.8790     4.9733    -0.0133    98.2805 1.0000e-12  -74.17940 -113.20934  38.519145      99.91 7.9185e+01    675.090      16203  1029.6506  1029.6482     4.6623     0.0701     0.1277    34.2992    34.2965    8.09049         25 0.0000e+00
    443.000    437.946    -0.1929  28.547852    -0.1907  28.547702     4.8740     4.9774    -0.0080    98.2565 1.0000e-12  -74.17940 -113.20934  38.519156      99.91 7.9329e+01    676.100      16227  1029.6560  1029.6538     4.6612     0.0703     0.1288    34.3002    34.2976    8.09023         24 0.0000e+00
    444.000    438.934    -0.1903  28.551681    -0.1879  28.551520     4.8738     4.9747    -0.0000    98.3040 1.0000e-12  -74.17940 -113.20934  38.519168      99.92 7.9330e+01    677.113      16252  1029.6617  1029.6594     4.6634     0.0700     0.1297    34.3017    34.2989    8.08958         24 0.0000e+00
    445.000    439.921    -0.1893  28.553345    -0.1868  28.553248     4.8727     4.9726     0.0015    98.3163 1.0000e-12  -74.17940 -113.20934  38.519179      99.92 7.9330e+01    678.090      16275  1029.6668  1029.6644     4.6639     0.0695     0.1289    34.3022    34.2994    8.08934         23 0.0000e+00
    446.000    440.908    -0.1837  28.559367    -0.1821  28.558506     4.8670     4.9701    -0.0102    98.3165 1.0000e-12  -74.17940 -113.20934  38.519191      99.92 7.9330e+01    679.068      16299  1029.6721  1029.6696     4.6639     0.0692     0.1280    34.3034    34.3005    8.08810         24 0.0000e+00
    447.000    441.896    -0.1829  28.560555    -0.1806  28.560465     4.8651     4.9658    -0.0018    98.3002 1.0000e-12  -74.17940 -113.20934  38.519202      99.92 7.9330e+01    680.072      16323  1029.6769  1029.6746     4.6632     0.0699     0.1314    34.3035    34.3008    8.08792         24 0.0000e+00
    448.000    442.884    -0.1823  28.561606    -0.1803  28.561190     4.8645     4.9680    -0.0019    98.3079 1.0000e-12  -74.17940 -113.20934  38.519214      93.54 7.9330e+01    681.067      16347  1029.6817  1029.6793     4.6636     0.0697     0.1317    34.3037    34.3008    8.08779         24 0.0000e+00
    449.000    443.872    -0.1819  28.562347    -0.1795  28.562392     4.8631     4.9677    -0.0107    98.3143 1.0000e-12  -74.17940 -113.20934  38.519225      89.68 7.9330e+01    682.060      16370  1029.6863  1029.6841     4.6639     0.0697     0.1282    34.3035    34.3010    8.08771         24 0.0000e+00
    450.000    444.859    -0.1814  28.563261    -0.1792  28.563177     4.8629     4.9636    -0.0120    98.3304 1.0000e-12  -74.17940 -113.20934  38.519237      96.33 7.9330e+01    683.065      16395  1029.6911  1029.6889     4.6646     0.0700     0.1288    34.3036    34.3011    8.08760         24 0.0000e+00
    451.000    445.846    -0.1762  28.569360    -0.1738  28.569206     4.8586     4.9613     0.0031    98.3239 1.0000e-12  -74.17940 -113.20934  38.519249      99.95 7.9330e+01    684.073      16419  1029.6968  1029.6943     4.6643     0.0712     0.1303    34.3053    34.3024    8.08640         24 0.0000e+00
    452.000    446.834    -0.1678  28.578978    -0.1652  28.578873     4.8569     4.9593    -0.0060    98.2971 1.0000e-12  -74.17940 -113.20934  38.519260      99.91 7.9330e+01    685.084      16443  1029.7030  1029.7004     4.6630     0.0713     0.1286    34.3080    34.3050    8.08446         25 0.0000e+00
    453.000    447.822    -0.1609  28.587248    -0.1586  28.587088     4.8545     4.9516    -0.0057    98.3135 1.0000e-12  -74.17940 -113.20934  38.519272      99.92 7.9330e+01    686.117      16468  1029.7093  1029.7069     4.6638     0.0709     0.1296    34.3107    34.3079    8.08285         25 0.0000e+00
    454.000    448.809    -0.1573  28.591685    -0.1552  28.591508     4.8516     4.9504    -0.0071    98.3309 1.0000e-12  -74.17940 -113.20934  38.519284      99.92 7.9330e+01    687.130      16492  1029.7149  1029.7126     4.6646     0.0700     0.1267    34.3120    34.3093    8.08202         23 0.0000e+00
    455.000    449.796    -0.1520  28.598108    -0.1498  28.597835     4.8484     4.9568    -0.0089    98.3228 1.0000e-12  -74.17940 -113.20934  38.519295      99.91 7.9330e+01    688.126      16516  1029.7208  1029.7184     4.6643     0.0699     0.1287    34.3140    34.3112    8.08079         25 0.0000e+00
    456.000    450.784    -0.1460  28.605346    -0.1438  28.605098     4.8562     4.9581     0.0002    98.3380 1.0000e-12  -74.17940 -113.20934  38.519307      99.92 7.9330e+01    689.150      16541  1029.7269  1029.7245     4.6649     0.0701     0.1270    34.3162    34.3134    8.07938         24 0.0000e+00
    457.000    451.773    -0.1459  28.605937    -0.1437  28.605770     4.8605     4.9596     0.0039    98.3238 1.0000e-12  -74.17940 -113.20934  38.519319      99.91 7.9330e+01    690.157      16565  1029.7318  1029.7295     4.6643     0.0714     0.1283    34.3163    34.3136    8.07936         24 0.0000e+00
    458.000    452.758    -0.1474  28.605206    -0.1454  28.605041     4.8552     4.9583    -0.0037    98.3184 1.0000e-12  -74.17940 -113.20934  38.519330      99.91 7.9330e+01    691.140      16588  1029.7368  1029.7348     4.6641     0.0701     0.1272    34.3164    34.3140    8.07967         23 0.0000e+00
    459.000    453.745    -0.1456  28.608239    -0.1430  28.608266     4.8508     4.9514    -0.0107    98.3072 1.0000e-12  -74.17940 -113.20934  38.519342      99.92 7.9330e+01    692.143      16612  1029.7426  1029.7402     4.6635     0.0697     0.1306    34.3178    34.3150    8.07920         25 0.0000e+00
    460.000    454.735    -0.1374  28.617229    -0.1349  28.617192     4.8467     4.9471    -0.0025    98.3272 1.0000e-12  -74.17940 -113.20934  38.519353      99.92 7.9330e+01    693.146      16636  1029.7483  1029.7459     4.6645     0.0706     0.1280    34.3199    34.3171    8.07735         24 0.0000e+00
    461.000    455.720    -0.1344  28.620795    -0.1323  28.620463     4.8495     4.9467    -0.0130    98.2975 1.0000e-12  -74.17940 -113.20934  38.519365      77.75 7.9330e+01    694.133      16660  1029.7536  1029.7512     4.6631     0.0679     0.1274    34.3208    34.3180    8.07668         24 0.0000e+00
    462.000    456.709    -0.1308  28.625132    -0.1285  28.624936     4.8433     4.9501    -0.0034    98.3024 1.0000e-12  -74.17940 -113.20934  38.519376      91.93 7.9330e+01    695.121      16684  1029.7589  1029.7565     4.6633     0.0691     0.1261    34.3218    34.3190    8.07585         24 0.0000e+00
    463.000    457.696    -0.1268  28.629719    -0.1245  28.629553     4.8330     4.9367    -0.0033    98.3406 1.0000e-12  -74.17940 -113.20934  38.519388      99.86 7.9482e+01    696.119      16708  1029.7642  1029.7618     4.6651     0.0700     0.1315    34.3228    34.3201    8.07494         23 0.0000e+00
    464.000    458.683    -0.1213  28.636038    -0.1180  28.636731     4.8338     4.9356    -0.0022    98.3422 1.0000e-12  -74.17940 -113.20934  38.519399      99.92 7.9551e+01    697.114      16732  1029.7699  1029.7674     4.6652     0.0703     0.1282    34.3246    34.3217    8.07370         24 0.0000e+00
    465.000    459.671    -0.1054  28.652394    -0.1058  28.649980     4.8289     4.9319    -0.0075    98.3357 1.0000e-12  -74.17940 -113.20934  38.519411      99.92 8.0516e+01    698.115      16756  1029.7759  1029.7738     4.6648     0.0703     0.1271    34.3278    34.3251    8.07016         24 0.0000e+00
    466.000    460.658    -0.1076  28.650395    -0.1058  28.649975     4.8295     4.9317    -0.0109    98.3341 1.0000e-12  -74.17940 -113.20934  38.519422      99.92 7.9858e+01    699.096      16779  1029.7803  1029.7781     4.6648     0.0691     0.1293    34.3270    34.3244    8.07065         23 0.0000e+00
    467.000    461.645    -0.1098  28.648640    -0.1076  28.648486     4.8301     4.9233    -0.0120    98.3151 1.0000e-12  -74.17940 -113.20934  38.519434      99.91 7.9546e+01    700.076      16803  1029.7850  1029.7828     4.6639     0.0711     0.1291    34.3266    34.3239    8.07116         24 0.0000e+00
