ocean_section_plots/required_files/ctd/dnbp2202_ctd100.cnv
* Sea-Bird SBE 9 Data File:
* FileName = D:\Data\raw\NBP2202_CTD100.hex
* Software Version Seasave V 7.26.7.121
* Temperature SN = 1649
* Conductivity SN = 2513
* Number of Bytes Per Scan = 40
* Number of Voltage Words = 5
* Number of Scans Averaged by the Deck Unit = 1
* NMEA Latitude = 74 10.51 S
* NMEA Longitude = 113 20.67 W
* NMEA UTC (Time) = Jan 27 2022  02:26:09
* NMEA baud rate = 9600
** Ship: RVIB N.B. Palmer
** Cruise: NBP2202 Thwaites
** Station: YoYo001
** Operator: A. Robinson
# nquan = 25
# nvalues = 608                         
# units = specified
# name 0 = prDM: Pressure, Digiquartz [db]
# name 1 = depSM: Depth [salt water, m]
# name 2 = t090C: Temperature [ITS-90, deg C]
# name 3 = c0mS/cm: Conductivity [mS/cm]
# name 4 = t190C: Temperature, 2 [ITS-90, deg C]
# name 5 = c1mS/cm: Conductivity, 2 [mS/cm]
# name 6 = sbeox0ML/L: Oxygen, SBE 43 [ml/l]
# name 7 = sbeox1ML/L: Oxygen, SBE 43, 2 [ml/l]
# name 8 = flECO-AFL: Fluorescence, WET Labs ECO-AFL/FL [mg/m^3]
# name 9 = CStarTr0: Beam Transmission, WET Labs C-Star [%]
# name 10 = par: PAR/Irradiance, Biospherical/Licor
# name 11 = latitude: Latitude [deg]
# name 12 = longitude: Longitude [deg]
# name 13 = timeJ: Julian Days
# name 14 = altM: Altimeter [m]
# name 15 = spar: SPAR, Biospherical/Licor
# name 16 = timeS: Time, Elapsed [seconds]
# name 17 = scan: Scan Count
# name 18 = density00: Density [density, kg/m^3]
# name 19 = density11: Density, 2 [density, kg/m^3]
# name 20 = sal00: Salinity, Practical [PSU]
# name 21 = sal11: Salinity, Practical, 2 [PSU]
# name 22 = oxsolML/L: Oxygen Saturation, Garcia & Gordon [ml/l]
# name 23 = nbin: number of scans per bin
# name 24 = flag: flag
# span 0 =     10.000,    617.000       
# span 1 =      9.896,    609.708       
# span 2 =    -1.4983,     0.0737       
# span 3 =  26.947155,  28.908402       
# span 4 =    -1.4975,     0.0759       
# span 5 =  26.691400,  28.703842       
# span 6 =     4.6881,     8.8854       
# span 7 =     4.7403,     8.8431       
# span 8 =    -0.0225,    25.2161       
# span 9 =    70.0251,    95.5620       
# span 10 = -1.161e-07, 1.8596e+01      
# span 11 =  -74.17528,  -74.17528      
# span 12 = -113.34460, -113.34454      
# span 13 =  27.102383,  27.112084      
# span 14 =       4.53,     100.34      
# span 15 = 5.4026e+02, 5.6965e+02      
# span 16 =     76.901,    915.030      
# span 17 =       1847,      21962      
# span 18 =  1027.1982,  1030.5203      
# span 19 =  1026.8761,  1030.3042      
# span 20 =    33.7747,    34.3771      
# span 21 =    33.3795,    34.1070      
# span 22 =    8.02972,    8.40399      
# span 23 =         19,         47      
# span 24 = 0.0000e+00, 0.0000e+00      
# interval = decibars: 1                
# start_time = Jan 27 2022 02:26:09 [NMEA time, header]
# bad_flag = -9.990e-29
*END*
[from data line 406]
    416.000    411.281    -0.2055  28.506914    -0.2031  28.287908     4.7780     4.8444    -0.0162    95.4424 1.0000e-12  -74.17528 -113.34456  27.108430      99.86 5.6570e+02    599.323      14385  1029.5100  1029.2738    34.2760    33.9826    8.09428         29 0.0000e+00
    417.000    412.269    -0.2005  28.512922    -0.1980  28.293289     4.7709     4.8355    -0.0106    95.4324 1.0000e-12  -74.17528 -113.34456  27.108443      99.30 5.6580e+02    600.511      14413  1029.5157  1029.2788    34.2778    33.9835    8.09312         28 0.0000e+00
    418.000    413.256    -0.1951  28.518425    -0.1927  28.299243     4.7697     4.8311    -0.0038    95.4056 1.0000e-12  -74.17528 -113.34456  27.108457      99.86 5.6588e+02    601.693      14442  1029.5204  1029.2842    34.2784    33.9849    8.09192         28 0.0000e+00
    419.000    414.243    -0.1930  28.521098    -0.1910  28.301427     4.7714     4.8313    -0.0122    95.3992 1.0000e-12  -74.17528 -113.34456  27.108471      99.86 5.6588e+02    602.863      14470  1029.5256  1029.2891    34.2791    33.9853    8.09146         28 0.0000e+00
    420.000    415.232    -0.1901  28.524789    -0.1888  28.304593     4.7658     4.8312    -0.0164    95.3508 1.0000e-12  -74.17528 -113.34456  27.108484      99.87 5.6588e+02    604.035      14498  1029.5309  1029.2946    34.2801    33.9865    8.09078         28 0.0000e+00
    421.000    416.220    -0.1875  28.528307    -0.1855  28.308738     4.7705     4.8271    -0.0094    95.3170 1.0000e-12  -74.17528 -113.34456  27.108498      99.87 5.6588e+02    605.213      14526  1029.5364  1029.3001    34.2813    33.9877    8.09016         29 0.0000e+00
    422.000    417.207    -0.1842  28.532574    -0.1825  28.312834     4.7692     4.8309    -0.0095    95.2951 1.0000e-12  -74.17528 -113.34456  27.108512      99.86 5.6588e+02    606.406      14555  1029.5420  1029.3058    34.2827    33.9892    8.08939         29 0.0000e+00
    423.000    418.195    -0.1830  28.534661    -0.1811  28.315206     4.7697     4.8310    -0.0100    95.2496 1.0000e-12  -74.17528 -113.34456  27.108525      99.87 5.6588e+02    607.597      14583  1029.5472  1029.3113    34.2834    33.9903    8.08908         28 0.0000e+00
    424.000    419.182    -0.1826  28.535719    -0.1807  28.316380     4.7666     4.8321    -0.0100    95.2271 1.0000e-12  -74.17528 -113.34456  27.108539      99.87 5.6588e+02    608.779      14612  1029.5523  1029.3164    34.2838    33.9907    8.08897         28 0.0000e+00
    425.000    420.170    -0.1816  28.537354    -0.1798  28.318036     4.7744     4.8314    -0.0143    95.2115 1.0000e-12  -74.17528 -113.34456  27.108553      99.86 5.6588e+02    609.949      14640  1029.5573  1029.3217    34.2843    33.9913    8.08873         28 0.0000e+00
    426.000    421.157    -0.1813  28.538230    -0.1794  28.319153     4.7835     4.8377    -0.0058    95.1977 1.0000e-12  -74.17528 -113.34456  27.108566      99.87 5.6588e+02    611.117      14668  1029.5623  1029.3267    34.2845    33.9918    8.08866         28 0.0000e+00
    427.000    422.145    -0.1764  28.544599    -0.1745  28.325113     4.7877     4.8458    -0.0138    95.1741 1.0000e-12  -74.17528 -113.34456  27.108580      99.86 5.6588e+02    612.297      14696  1029.5686  1029.3326    34.2869    33.9937    8.08749         29 0.0000e+00
    428.000    423.133    -0.1713  28.551295    -0.1691  28.332168     4.7851     4.8470    -0.0095    95.1656 1.0000e-12  -74.17528 -113.34456  27.108594      85.62 5.6588e+02    613.481      14725  1029.5749  1029.3391    34.2895    33.9964    8.08626         28 0.0000e+00
    429.000    424.120    -0.1693  28.553874    -0.1673  28.334816     4.7745     4.8410    -0.0160    95.1626 1.0000e-12  -74.17528 -113.34456  27.108607      97.66 5.6588e+02    614.665      14753  1029.5801  1029.3445    34.2901    33.9973    8.08581         29 0.0000e+00
    430.000    425.108    -0.1674  28.556225    -0.1655  28.337019     4.7710     4.8414    -0.0101    95.1629 1.0000e-12  -74.17528 -113.34456  27.108621      99.85 5.6588e+02    615.848      14781  1029.5849  1029.3494    34.2904    33.9976    8.08537         28 0.0000e+00
    431.000    426.095    -0.1644  28.559259    -0.1630  28.339771     4.7757     4.8422    -0.0111    95.1857 1.0000e-12  -74.17528 -113.34456  27.108634      99.87 5.6588e+02    617.012      14809  1029.5896  1029.3542    34.2905    33.9980    8.08474         28 0.0000e+00
    432.000    427.083    -0.1633  28.560767    -0.1622  28.341270     4.7728     4.8397    -0.0152    95.1723 1.0000e-12  -74.17528 -113.34456  27.108648      99.86 5.6588e+02    618.167      14837  1029.5944  1029.3593    34.2907    33.9984    8.08449         28 0.0000e+00
    433.000    428.071    -0.1636  28.560974    -0.1619  28.342068     4.7720     4.8325    -0.0096    95.1466 1.0000e-12  -74.17528 -113.34456  27.108661      99.87 5.6588e+02    619.341      14865  1029.5992  1029.3642    34.2907    33.9986    8.08456         28 0.0000e+00
    434.000    429.058    -0.1604  28.564426    -0.1602  28.344178     4.7716     4.8321    -0.0125    95.1784 1.0000e-12  -74.17528 -113.34456  27.108675      99.87 5.6588e+02    620.535      14894  1029.6041  1029.3691    34.2912    33.9989    8.08386         29 0.0000e+00
    435.000    430.046    -0.1626  28.562831    -0.1616  28.343605     4.7801     4.8344    -0.0143    95.1758 1.0000e-12  -74.17528 -113.34456  27.108689      99.87 5.6588e+02    621.739      14923  1029.6088  1029.3741    34.2908    33.9991    8.08433         28 0.0000e+00
    436.000    431.034    -0.1644  28.561632    -0.1615  28.343926     4.7692     4.8352    -0.0051    95.1669 1.0000e-12  -74.17528 -113.34456  27.108703      99.86 5.6588e+02    622.933      14951  1029.6136  1029.3787    34.2907    33.9989    8.08472         29 0.0000e+00
    437.000    432.022    -0.1577  28.568851    -0.1567  28.349162     4.7650     4.8297    -0.0111    95.1638 1.0000e-12  -74.17528 -113.34456  27.108716      99.87 5.6588e+02    624.099      14979  1029.6190  1029.3839    34.2922    33.9999    8.08323         28 0.0000e+00
    438.000    433.008    -0.1520  28.575130    -0.1508  28.355549     4.7696     4.8250    -0.0123    95.1566 1.0000e-12  -74.17528 -113.34456  27.108730      79.65 5.6588e+02    625.245      15007  1029.6243  1029.3892    34.2935    34.0012    8.08194         27 0.0000e+00
    439.000    433.997    -0.1483  28.580341    -0.1462  28.361895     4.7658     4.8283    -0.0142    95.1509 1.0000e-12  -74.17528 -113.34456  27.108743      88.30 5.6588e+02    626.396      15034  1029.6305  1029.3958    34.2957    34.0039    8.08104         28 0.0000e+00
    440.000    434.983    -0.1473  28.582067    -0.1453  28.363538     4.7671     4.8193    -0.0049    95.1591 1.0000e-12  -74.17528 -113.34456  27.108757      99.88 5.6588e+02    627.584      15063  1029.6357  1029.4010    34.2963    34.0045    8.08079         29 0.0000e+00
    441.000    435.972    -0.1458  28.584394    -0.1438  28.365823     4.7593     4.8208    -0.0160    95.1493 1.0000e-12  -74.17528 -113.34456  27.108771      99.87 5.6600e+02    628.790      15092  1029.6410  1029.4063    34.2971    34.0053    8.08043         29 0.0000e+00
    442.000    436.958    -0.1429  28.587719    -0.1409  28.369418     4.7557     4.8165    -0.0105    95.1435 1.0000e-12  -74.17528 -113.34456  27.108785      99.87 5.6613e+02    629.990      15121  1029.6460  1029.4116    34.2977    34.0063    8.07978         28 0.0000e+00
    443.000    437.947    -0.1422  28.588888    -0.1405  28.370485     4.7615     4.8149    -0.0095    95.1427 1.0000e-12  -74.17528 -113.34456  27.108798      99.87 5.6658e+02    631.158      15149  1029.6508  1029.4166    34.2978    34.0066    8.07962         28 0.0000e+00
    444.000    438.934    -0.1419  28.589673    -0.1397  28.371792     4.7657     4.8217    -0.0111    95.1226 1.0000e-12  -74.17528 -113.34456  27.108811      99.86 5.6607e+02    632.306      15176  1029.6557  1029.4215    34.2979    34.0069    8.07955         28 0.0000e+00
    445.000    439.921    -0.1413  28.590696    -0.1396  28.372538     4.7608     4.8225    -0.0170    95.0954 1.0000e-12  -74.17528 -113.34456  27.108825      99.87 5.6607e+02    633.455      15204  1029.6605  1029.4265    34.2980    34.0071    8.07942         28 0.0000e+00
    446.000    440.909    -0.1418  28.590561    -0.1397  28.372651     4.7562     4.8222    -0.0145    95.1021 1.0000e-12  -74.17528 -113.34456  27.108838      99.87 5.6707e+02    634.637      15232  1029.6652  1029.4311    34.2979    34.0069    8.07954         28 0.0000e+00
    447.000    441.897    -0.1403  28.592767    -0.1382  28.374929     4.7476     4.8185    -0.0070    95.0934 1.0000e-12  -74.17528 -113.34456  27.108852      99.86 5.6625e+02    635.829      15261  1029.6703  1029.4363    34.2985    34.0076    8.07918         29 0.0000e+00
    448.000    442.883    -0.1388  28.595142    -0.1367  28.377201     4.7530     4.8109    -0.0132    95.1058 1.0000e-12  -74.17528 -113.34456  27.108866      99.87 5.6613e+02    637.018      15289  1029.6756  1029.4415    34.2994    34.0084    8.07882         28 0.0000e+00
    449.000    443.872    -0.1368  28.597818    -0.1351  28.379717     4.7563     4.8144    -0.0090    95.1077 1.0000e-12  -74.17528 -113.34456  27.108880      99.87 5.6658e+02    638.197      15318  1029.6808  1029.4469    34.3001    34.0093    8.07835         28 0.0000e+00
    450.000    444.859    -0.1357  28.599538    -0.1335  28.382027     4.7544     4.8144    -0.0100    95.0961 1.0000e-12  -74.17528 -113.34456  27.108893      86.20 5.6631e+02    639.364      15346  1029.6858  1029.4521    34.3005    34.0100    8.07809         29 0.0000e+00
    451.000    445.846    -0.1329  28.602964    -0.1309  28.385211     4.7531     4.8080    -0.0099    95.0936 1.0000e-12  -74.17528 -113.34456  27.108907      97.08 5.6621e+02    640.526      15374  1029.6910  1029.4572    34.3014    34.0107    8.07746         27 0.0000e+00
    452.000    446.834    -0.1299  28.606743    -0.1280  28.388824     4.7552     4.8112     0.0018    95.0661 1.0000e-12  -74.17528 -113.34456  27.108920      99.84 5.6697e+02    641.698      15402  1029.6964  1029.4626    34.3025    34.0118    8.07677         29 0.0000e+00
    453.000    447.822    -0.1284  28.608970    -0.1266  28.391056     4.7542     4.8147    -0.0050    95.0919 1.0000e-12  -74.17528 -113.34456  27.108934      99.86 5.6683e+02    642.885      15430  1029.7015  1029.4678    34.3031    34.0125    8.07640         28 0.0000e+00
    454.000    448.809    -0.1262  28.612052    -0.1242  28.394362     4.7543     4.8136    -0.0152    95.1040 1.0000e-12  -74.17528 -113.34456  27.108948      99.87 5.6625e+02    644.079      15459  1029.7069  1029.4733    34.3041    34.0137    8.07588         29 0.0000e+00
    455.000    449.797    -0.1244  28.614438    -0.1226  28.396938     4.7526     4.8151    -0.0174    95.1040 1.0000e-12  -74.17528 -113.34456  27.108961      99.87 5.6708e+02    645.263      15487  1029.7120  1029.4788    34.3047    34.0147    8.07548         28 0.0000e+00
    456.000    450.784    -0.1251  28.614612    -0.1231  28.397226     4.7488     4.8178    -0.0101    95.1114 1.0000e-12  -74.17528 -113.34456  27.108975      99.87 5.6708e+02    646.436      15515  1029.7172  1029.4839    34.3051    34.0151    8.07560         28 0.0000e+00
    457.000    451.770    -0.1240  28.616752    -0.1220  28.399214     4.7518     4.8150    -0.0170    95.1165 1.0000e-12  -74.17528 -113.34456  27.108988      99.87 5.6673e+02    647.589      15543  1029.7226  1029.4892    34.3061    34.0159    8.07530         27 0.0000e+00
    458.000    452.760    -0.1223  28.619175    -0.1205  28.401676     4.7470     4.8116    -0.0182    95.1067 1.0000e-12  -74.17528 -113.34456  27.109002      99.87 5.6728e+02    648.745      15571  1029.7279  1029.4947    34.3069    34.0169    8.07491         28 0.0000e+00
    459.000    453.746    -0.1214  28.620752    -0.1195  28.403400     4.7496     4.8050    -0.0135    95.1031 1.0000e-12  -74.17528 -113.34456  27.109015      99.86 5.6722e+02    649.914      15599  1029.7329  1029.4998    34.3074    34.0174    8.07469         29 0.0000e+00
    460.000    454.733    -0.1211  28.621571    -0.1193  28.404331     4.7462     4.8081    -0.0054    95.1086 1.0000e-12  -74.17528 -113.34456  27.109029      88.56 5.6714e+02    651.097      15627  1029.7378  1029.5049    34.3075    34.0179    8.07462         28 0.0000e+00
    461.000    455.721    -0.1206  28.622743    -0.1186  28.405791     4.7430     4.8110    -0.0142    95.0970 1.0000e-12  -74.17528 -113.34456  27.109043      84.27 5.6740e+02    652.287      15656  1029.7428  1029.5100    34.3079    34.0185    8.07449         29 0.0000e+00
    462.000    456.709    -0.1208  28.623062    -0.1189  28.406070     4.7437     4.8109    -0.0093    95.0566 1.0000e-12  -74.17528 -113.34456  27.109056      99.53 5.6771e+02    653.467      15684  1029.7477  1029.5149    34.3080    34.0186    8.07453         28 0.0000e+00
    463.000    457.696    -0.1191  28.625610    -0.1173  28.408270     4.7434     4.8101    -0.0087    95.0471 1.0000e-12  -74.17528 -113.34456  27.109070      99.86 5.6765e+02    654.634      15712  1029.7529  1029.5200    34.3088    34.0191    8.07412         28 0.0000e+00
    464.000    458.684    -0.1146  28.631253    -0.1129  28.413782     4.7461     4.8040    -0.0048    95.0333 1.0000e-12  -74.17528 -113.34456  27.109083      99.87 5.6765e+02    655.811      15740  1029.7587  1029.5257    34.3106    34.0209    8.07306         28 0.0000e+00
    465.000    459.671    -0.1125  28.634183    -0.1107  28.417038     4.7457     4.7992    -0.0014    95.0314 1.0000e-12  -74.17528 -113.34456  27.109097      99.87 5.6765e+02    656.994      15769  1029.7641  1029.5313    34.3116    34.0222    8.07256         28 0.0000e+00
    466.000    460.658    -0.1090  28.638675    -0.1070  28.421565     4.7450     4.8047    -0.0019    94.9882 1.0000e-12  -74.17528 -113.34456  27.109111      99.87 5.6765e+02    658.176      15797  1029.7697  1029.5369    34.3130    34.0236    8.07174         29 0.0000e+00
    467.000    461.646    -0.1060  28.642701    -0.1040  28.425569     4.7475     4.8071    -0.0069    94.9964 1.0000e-12  -74.17528 -113.34456  27.109124      99.86 5.6765e+02    659.346      15825  1029.7753  1029.5425    34.3145    34.0249    8.07103         28 0.0000e+00
    468.000    462.633    -0.1031  28.646515    -0.1005  28.430011     4.7469     4.8080    -0.0150    94.9872 1.0000e-12  -74.17528 -113.34456  27.109138      99.87 5.6765e+02    660.520      15853  1029.7807  1029.5481    34.3156    34.0263    8.07034         28 0.0000e+00
    469.000    463.621    -0.0985  28.652211    -0.0963  28.435626     4.7513     4.8071    -0.0103    94.9882 1.0000e-12  -74.17528 -113.34456  27.109152      99.86 5.6765e+02    661.693      15882  1029.7866  1029.5543    34.3174    34.0285    8.06927         28 0.0000e+00
    470.000    464.606    -0.0975  28.654025    -0.0958  28.437010     4.7531     4.8095    -0.0100    94.9956 1.0000e-12  -74.17528 -113.34456  27.109165      99.86 5.6765e+02    662.865      15910  1029.7919  1029.5595    34.3182    34.0291    8.06903         28 0.0000e+00
    471.000    465.597    -0.0971  28.655270    -0.0951  28.438586     4.7504     4.8064    -0.0097    94.9718 1.0000e-12  -74.17528 -113.34456  27.109179      77.81 5.6765e+02    664.036      15938  1029.7971  1029.5649    34.3187    34.0300    8.06891         29 0.0000e+00
    472.000    466.582    -0.0965  28.656332    -0.0947  28.439571     4.7441     4.8065    -0.0108    94.9780 1.0000e-12  -74.17528 -113.34456  27.109192      86.97 5.6765e+02    665.211      15966  1029.8019  1029.5698    34.3189    34.0302    8.06877         28 0.0000e+00
