ocean_section_plots/required_files/ctd/dnbp2202_ctd022.cnv
* Sea-Bird SBE 9 Data File:
* FileName = D:\Data\raw\NBP2202_CTD022.hex
* Software Version Seasave V 7.26.7.121
* Temperature SN = 1649
* Conductivity SN = 2513
* Number of Bytes Per Scan = 40
* Number of Voltage Words = 5
* Number of Scans Averaged by the Deck Unit = 1
* NMEA Latitude = 74 13.84 S
* NMEA Longitude = 112 04.61 W
* NMEA UTC (Time) = Jan 20 2022  06:24:14
* NMEA baud rate = 9600
** Ship: RVIB N.B. Palmer
** Cruise: NBP2202 Thwaites
** Station: 14
** Operator: B.Bjork
# nquan = 25
# nvalues = 870                         
# units = specified
# name 0 = prDM: Pressure, Digiquartz [db]
# name 1 = depSM: Depth [salt water, m]
# name 2 = t090C: Temperature [ITS-90, deg C]
# name 3 = c0mS/cm: Conductivity [mS/cm]
# name 4 = t190C: Temperature, 2 [ITS-90, deg C]
# name 5 = c1mS/cm: Conductivity, 2 [mS/cm]
# name 6 = sbeox0ML/L: Oxygen, SBE 43 [ml/l]
# name 7 = sbeox1ML/L: Oxygen, SBE 43, 2 [ml/l]
# name 8 = flECO-AFL: Fluorescence, WET Labs ECO-AFL/FL [mg/m^3]
# name 9 = CStarTr0: Beam Transmission, WET Labs C-Star [%]
# name 10 = par: PAR/Irradiance, Biospherical/Licor
# name 11 = latitude: Latitude [deg]
# name 12 = longitude: Longitude [deg]
# name 13 = timeJ: Julian Days
# name 14 = altM: Altimeter [m]
# name 15 = spar: SPAR, Biospherical/Licor
# name 16 = timeS: Time, Elapsed [seconds]
# name 17 = scan: Scan Count
# name 18 = density00: Density [density, kg/m^3]
# name 19 = density11: Density, 2 [density, kg/m^3]
# name 20 = sal00: Salinity, Practical [PSU]
# name 21 = sal11: Salinity, Practical, 2 [PSU]
# name 22 = oxsolML/L: Oxygen Saturation, Garcia & Gordon [ml/l]
# name 23 = nbin: number of scans per bin
# name 24 = flag: flag
# span 0 =      2.000,    871.000       
# span 1 =      1.966,    860.178       
# span 2 =    -1.4573,     0.4384       
# span 3 =  27.092332,  29.442308       
# span 4 =    -1.4562,     0.4405       
# span 5 =  27.092079,  29.442034       
# span 6 =     4.6015,     7.8517       
# span 7 =     4.8595,     8.2548       
# span 8 =    -0.0150,    15.5907       
# span 9 =    79.7365,    98.2146       
# span 10 = -3.306e-05, 5.3069e+01      
# span 11 =  -74.23076,  -74.23074      
# span 12 = -112.07688, -112.07684      
# span 13 =  20.272596,  20.286586      
# span 14 =       4.18,     100.04      
# span 15 = 1.3509e+02, 1.3729e+02      
# span 16 =    498.316,   1707.047      
# span 17 =      11961,      40970      
# span 18 =  1027.2115,  1031.8035      
# span 19 =  1027.2100,  1031.8012      
# span 20 =    33.8131,    34.5304      
# span 21 =    33.8111,    34.5276      
# span 22 =    7.94551,    8.38709      
# span 23 =          8,         48      
# span 24 = 0.0000e+00, 0.0000e+00      
# interval = decibars: 1                
# start_time = Jan 20 2022 06:24:14 [NMEA time, header]
# bad_flag = -9.990e-29
*END*
[from data line 638]
    640.000    632.399     0.2605  29.144105     0.2629  29.143576     4.6810     4.9487    -0.0017    98.0023 1.0000e-12  -74.23074 -112.07685  20.282787      99.86 1.3589e+02   1378.784      33092  1030.6842  1030.6814    34.4640    34.4608    7.98591         27 0.0000e+00
    641.000    633.384     0.2620  29.146052     0.2640  29.145378     4.6735     4.9529     0.0025    97.9861 1.0000e-12  -74.23074 -112.07685  20.282800      99.87 1.3637e+02   1379.942      33120  1030.6891  1030.6866    34.4644    34.4613    7.98559         28 0.0000e+00
    642.000    634.371     0.2630  29.147454     0.2660  29.148050     4.6739     4.9395     0.0029    98.0118 1.0000e-12  -74.23074 -112.07686  20.282814      99.87 1.3629e+02   1381.118      33148  1030.6940  1030.6917    34.4646    34.4620    7.98538         29 0.0000e+00
    643.000    635.358     0.2646  29.149859     0.2673  29.149944     4.6750     4.9339    -0.0009    98.0092 1.0000e-12  -74.23074 -112.07686  20.282828      99.87 1.3575e+02   1382.297      33176  1030.6992  1030.6967    34.4653    34.4624    7.98499         28 0.0000e+00
    644.000    636.343     0.2677  29.153718     0.2703  29.153654     4.6722     4.9374    -0.0007    97.9963 1.0000e-12  -74.23074 -112.07686  20.282841      99.88 1.3602e+02   1383.472      33204  1030.7045  1030.7020    34.4663    34.4634    7.98429         28 0.0000e+00
    645.000    637.332     0.2717  29.158671     0.2744  29.158645     4.6681     4.9412     0.0046    97.9907 1.0000e-12  -74.23074 -112.07686  20.282855      99.87 1.3574e+02   1384.654      33233  1030.7102  1030.7074    34.4678    34.4647    7.98339         29 0.0000e+00
    646.000    638.316     0.2796  29.168004     0.2819  29.167708     4.6652     4.9363     0.0069    98.0401 1.0000e-12  -74.23074 -112.07686  20.282869      99.87 1.3574e+02   1385.846      33261  1030.7164  1030.7138    34.4706    34.4676    7.98159         28 0.0000e+00
    647.000    639.304     0.2849  29.174533     0.2873  29.174273     4.6657     4.9296     0.0002    98.0447 1.0000e-12  -74.23074 -112.07686  20.282882      94.04 1.3588e+02   1387.024      33290  1030.7223  1030.7197    34.4727    34.4697    7.98038         29 0.0000e+00
    648.000    640.290     0.2886  29.179141     0.2908  29.178688     4.6687     4.9351     0.0199    98.0396 1.0000e-12  -74.23074 -112.07686  20.282896      87.72 1.3617e+02   1388.208      33318  1030.7278  1030.7252    34.4740    34.4710    7.97954         28 0.0000e+00
    649.000    641.277     0.2900  29.181192     0.2923  29.180955     4.6669     4.9307     0.0077    98.0217 1.0000e-12  -74.23074 -112.07686  20.282910      99.40 1.3592e+02   1389.415      33347  1030.7329  1030.7304    34.4745    34.4716    7.97922         29 0.0000e+00
    650.000    642.263     0.2918  29.183720     0.2939  29.182931     4.6634     4.9295     0.0127    98.0261 1.0000e-12  -74.23074 -112.07686  20.282924      99.86 1.3628e+02   1390.611      33376  1030.7381  1030.7353    34.4752    34.4719    7.97880         29 0.0000e+00
    651.000    643.250     0.2950  29.187859     0.2976  29.187562     4.6646     4.9295     0.0042    98.0261 1.0000e-12  -74.23074 -112.07686  20.282938      99.86 1.3574e+02   1391.827      33405  1030.7436  1030.7408    34.4765    34.4733    7.97807         29 0.0000e+00
    652.000    644.236     0.2989  29.192525     0.3010  29.191913     4.6571     4.9289     0.0047    97.9970 1.0000e-12  -74.23074 -112.07686  20.282952      99.87 1.3574e+02   1393.034      33434  1030.7489  1030.7463    34.4777    34.4746    7.97720         29 0.0000e+00
    653.000    645.223     0.3054  29.200438     0.3086  29.200781     4.6585     4.9272     0.0101    98.0038 1.0000e-12  -74.23074 -112.07686  20.282966      99.86 1.3574e+02   1394.230      33463  1030.7550  1030.7523    34.4802    34.4771    7.97571         29 0.0000e+00
    654.000    646.210     0.3158  29.212592     0.3168  29.210555     4.6591     4.9188     0.0069    97.9873 1.0000e-12  -74.23074 -112.07686  20.282980      99.87 1.3574e+02   1395.443      33492  1030.7619  1030.7587    34.4840    34.4802    7.97336         29 0.0000e+00
    655.000    647.197     0.3183  29.216097     0.3207  29.215781     4.6579     4.9218    -0.0041    97.9880 1.0000e-12  -74.23074 -112.07686  20.282994      99.87 1.3574e+02   1396.657      33521  1030.7674  1030.7647    34.4852    34.4821    7.97278         28 0.0000e+00
    656.000    648.183     0.3199  29.218660     0.3221  29.218041     4.6589     4.9212     0.0023    97.9948 1.0000e-12  -74.23074 -112.07686  20.283008      99.87 1.3574e+02   1397.852      33549  1030.7728  1030.7701    34.4862    34.4830    7.97239         30 0.0000e+00
    657.000    649.169     0.3234  29.223408     0.3258  29.223144     4.6580     4.9275     0.0066    98.0038 1.0000e-12  -74.23074 -112.07686  20.283022      99.87 1.3574e+02   1399.065      33579  1030.7786  1030.7760    34.4879    34.4848    7.97156         29 0.0000e+00
    658.000    650.155     0.3270  29.228215     0.3291  29.227625     4.6597     4.9255    -0.0007    98.0312 1.0000e-12  -74.23074 -112.07686  20.283036      99.81 1.3574e+02   1400.271      33608  1030.7844  1030.7818    34.4896    34.4865    7.97072         28 0.0000e+00
    659.000    651.144     0.3276  29.229619     0.3299  29.229129     4.6605     4.9262     0.0061    98.0376 1.0000e-12  -74.23074 -112.07686  20.283049      88.58 1.3574e+02   1401.451      33636  1030.7896  1030.7869    34.4902    34.4869    7.97057         29 0.0000e+00
    660.000    652.129     0.3330  29.237048     0.3354  29.236630     4.6625     4.9260     0.0019    98.0607 1.0000e-12  -74.23074 -112.07686  20.283063      98.17 1.3574e+02   1402.665      33665  1030.7964  1030.7936    34.4933    34.4900    7.96928         29 0.0000e+00
    661.000    653.115     0.3384  29.244311     0.3407  29.243807     4.6627     4.9275     0.0083    98.0482 1.0000e-12  -74.23074 -112.07686  20.283077      99.89 1.3574e+02   1403.891      33694  1030.8029  1030.8002    34.4962    34.4930    7.96800         29 0.0000e+00
    662.000    654.102     0.3405  29.246931     0.3432  29.247004     4.6650     4.9278    -0.0004    98.0060 1.0000e-12  -74.23074 -112.07686  20.283091      99.87 1.3574e+02   1405.074      33723  1030.8079  1030.8054    34.4967    34.4938    7.96754         28 0.0000e+00
    663.000    655.088     0.3436  29.250652     0.3460  29.250339     4.6619     4.9291     0.0113    98.0522 1.0000e-12  -74.23074 -112.07686  20.283105      99.87 1.3574e+02   1406.257      33751  1030.8130  1030.8104    34.4975    34.4944    7.96685         29 0.0000e+00
    664.000    656.076     0.3451  29.252648     0.3474  29.252344     4.6599     4.9288    -0.0011    98.0590 1.0000e-12  -74.23074 -112.07684  20.283119      99.87 1.3574e+02   1407.456      33780  1030.8180  1030.8155    34.4979    34.4950    7.96653         29 0.0000e+00
    665.000    657.062     0.3459  29.254091     0.3481  29.253609     4.6592     4.9286    -0.0038    98.0488 1.0000e-12  -74.23074 -112.07685  20.283132      99.87 1.3574e+02   1408.637      33808  1030.8229  1030.8203    34.4983    34.4952    7.96633         28 0.0000e+00
    666.000    658.047     0.3476  29.256545     0.3501  29.256224     4.6603     4.9289     0.0041    98.0466 1.0000e-12  -74.23074 -112.07685  20.283146      99.87 1.3574e+02   1409.831      33837  1030.8281  1030.8254    34.4990    34.4958    7.96594         29 0.0000e+00
    667.000    659.035     0.3492  29.258494     0.3516  29.258441     4.6601     4.9252     0.0067    98.0700 1.0000e-12  -74.23074 -112.07685  20.283160      99.87 1.3574e+02   1411.031      33866  1030.8329  1030.8305    34.4993    34.4964    7.96561         28 0.0000e+00
    668.000    660.020     0.3503  29.260244     0.3523  29.259619     4.6613     4.9258     0.0066    98.0741 1.0000e-12  -74.23074 -112.07686  20.283174      99.87 1.3574e+02   1412.202      33894  1030.8379  1030.8353    34.4997    34.4966    7.96535         29 0.0000e+00
    669.000    661.008     0.3508  29.261138     0.3530  29.260810     4.6577     4.9243     0.0137    98.0590 1.0000e-12  -74.23074 -112.07684  20.283187      77.30 1.3574e+02   1413.385      33922  1030.8426  1030.8402    34.4997    34.4968    7.96524         28 0.0000e+00
    670.000    661.993     0.3521  29.263087     0.3543  29.262727     4.6601     4.9273    -0.0003    98.0793 1.0000e-12  -74.23074 -112.07685  20.283201      88.90 1.3574e+02   1414.574      33951  1030.8477  1030.8451    34.5003    34.4973    7.96495         29 0.0000e+00
    671.000    662.981     0.3569  29.269264     0.3590  29.268463     4.6577     4.9307    -0.0012    98.0786 1.0000e-12  -74.23074 -112.07685  20.283215      98.52 1.3574e+02   1415.746      33979  1030.8536  1030.8508    34.5024    34.4990    7.96384         27 0.0000e+00
    672.000    663.967     0.3622  29.275632     0.3641  29.274510     4.6497     4.9157     0.0027    98.0832 1.0000e-12  -74.23074 -112.07685  20.283228      99.86 1.3574e+02   1416.927      34007  1030.8592  1030.8563    34.5042    34.5007    7.96263         30 0.0000e+00
    673.000    664.953     0.3675  29.281654     0.3702  29.281674     4.6550     4.9190     0.0118    98.0709 1.0000e-12  -74.23074 -112.07686  20.283242      99.87 1.3574e+02   1418.134      34036  1030.8646  1030.8620    34.5056    34.5026    7.96147         28 0.0000e+00
    674.000    665.939     0.3730  29.288242     0.3743  29.286759     4.6490     4.9125     0.0095    98.0855 1.0000e-12  -74.23074 -112.07684  20.283256      99.86 1.3574e+02   1419.312      34064  1030.8703  1030.8676    34.5075    34.5041    7.96023         28 0.0000e+00
    675.000    666.927     0.3751  29.290851     0.3771  29.290163     4.6482     4.9120     0.0080    98.0983 1.0000e-12  -74.23074 -112.07685  20.283269      99.87 1.3574e+02   1420.471      34092  1030.8754  1030.8726    34.5080    34.5049    7.95977         28 0.0000e+00
    676.000    667.912     0.3783  29.294737     0.3804  29.294008     4.6469     4.9169    -0.0004    98.0671 1.0000e-12  -74.23074 -112.07685  20.283283      99.87 1.3574e+02   1421.664      34121  1030.8804  1030.8778    34.5089    34.5057    7.95905         29 0.0000e+00
    677.000    668.899     0.3789  29.295817     0.3821  29.296517     4.6406     4.9159    -0.0004    98.0662 1.0000e-12  -74.23074 -112.07685  20.283297      99.86 1.3574e+02   1422.856      34150  1030.8853  1030.8829    34.5091    34.5064    7.95892         28 0.0000e+00
    678.000    669.885     0.3807  29.298297     0.3819  29.296479     4.6408     4.9062    -0.0004    98.0688 1.0000e-12  -74.23074 -112.07685  20.283311      99.87 1.3574e+02   1424.043      34178  1030.8904  1030.8874    34.5097    34.5060    7.95851         29 0.0000e+00
    679.000    670.872     0.3851  29.303234     0.3870  29.302478     4.6383     4.9075     0.0046    98.0609 1.0000e-12  -74.23074 -112.07684  20.283324      99.86 1.3574e+02   1425.233      34207  1030.8955  1030.8929    34.5107    34.5076    7.95755         29 0.0000e+00
    680.000    671.857     0.3857  29.304484     0.3886  29.304822     4.6422     4.9105     0.0129    97.9920 1.0000e-12  -74.23074 -112.07686  20.283338      95.58 1.3574e+02   1426.413      34235  1030.9006  1030.8980    34.5111    34.5083    7.95741         27 0.0000e+00
    681.000    672.845     0.3905  29.310458     0.3926  29.309866     4.6381     4.9081     0.0079    98.0515 1.0000e-12  -74.23074 -112.07686  20.283352      82.83 1.3574e+02   1427.581      34263  1030.9063  1030.9037    34.5130    34.5099    7.95632         28 0.0000e+00
    682.000    673.831     0.3895  29.309676     0.3917  29.309282     4.6356     4.9024     0.0203    98.0251 1.0000e-12  -74.23074 -112.07686  20.283365      96.68 1.3574e+02   1428.758      34291  1030.9108  1030.9082    34.5125    34.5095    7.95655         28 0.0000e+00
    683.000    674.817     0.3967  29.318780     0.3980  29.317034     4.6388     4.9057    -0.0002    98.0313 1.0000e-12  -74.23074 -112.07686  20.283379      99.93 1.3574e+02   1429.917      34319  1030.9174  1030.9144    34.5158    34.5121    7.95488         28 0.0000e+00
    684.000    675.804     0.4037  29.327293     0.4059  29.326682     4.6371     4.9038     0.0123    98.0546 1.0000e-12  -74.23074 -112.07686  20.283392      99.87 1.3574e+02   1431.086      34347  1030.9236  1030.9209    34.5185    34.5153    7.95329         29 0.0000e+00
    685.000    676.790     0.4053  29.329466     0.4070  29.328470     4.6365     4.8987    -0.0007    98.0265 1.0000e-12  -74.23074 -112.07686  20.283406      99.87 1.3574e+02   1432.274      34376  1030.9286  1030.9259    34.5189    34.5158    7.95293         28 0.0000e+00
    686.000    677.777     0.4100  29.335760     0.4119  29.334828     4.6316     4.8981     0.0014    98.0294 1.0000e-12  -74.23074 -112.07686  20.283419      99.87 1.3574e+02   1433.441      34404  1030.9348  1030.9321    34.5213    34.5181    7.95183         28 0.0000e+00
    687.000    678.762     0.4124  29.338651     0.4144  29.337990     4.6328     4.9007     0.0035    98.0202 1.0000e-12  -74.23074 -112.07686  20.283433      99.87 1.3574e+02   1434.597      34431  1030.9398  1030.9372    34.5219    34.5188    7.95132         28 0.0000e+00
    688.000    679.750     0.4123  29.338937     0.4142  29.338302     4.6354     4.9037     0.0084    98.0252 1.0000e-12  -74.23074 -112.07686  20.283447      99.87 1.3574e+02   1435.789      34460  1030.9445  1030.9419    34.5218    34.5188    7.95134         29 0.0000e+00
    689.000    680.736     0.4127  29.339859     0.4148  29.339368     4.6362     4.9006     0.0109    97.9873 1.0000e-12  -74.23074 -112.07686  20.283460      99.87 1.3574e+02   1436.973      34488  1030.9494  1030.9468    34.5220    34.5190    7.95125         28 0.0000e+00
    690.000    681.721     0.4141  29.341906     0.4162  29.341387     4.6343     4.8918     0.0075    98.0153 1.0000e-12  -74.23074 -112.07686  20.283474      99.87 1.3574e+02   1438.136      34516  1030.9544  1030.9518    34.5225    34.5195    7.95093         28 0.0000e+00
    691.000    682.709     0.4146  29.343029     0.4171  29.342776     4.6326     4.8975     0.0144    98.0072 1.0000e-12  -74.23074 -112.07686  20.283488      80.09 1.3574e+02   1439.324      34545  1030.9593  1030.9567    34.5228    34.5198    7.95080         28 0.0000e+00
    692.000    683.695     0.4192  29.348616     0.4209  29.347769     4.6351     4.8963     0.0040    97.9830 1.0000e-12  -74.23074 -112.07686  20.283501      89.28 1.3574e+02   1440.525      34574  1030.9649  1030.9623    34.5245    34.5214    7.94977         29 0.0000e+00
    693.000    684.681     0.4205  29.350824     0.4232  29.350779     4.6303     4.8985     0.0046    97.9990 1.0000e-12  -74.23074 -112.07686  20.283515      99.86 1.3574e+02   1441.686      34601  1030.9701  1030.9675    34.5252    34.5222    7.94945         28 0.0000e+00
    694.000    685.667     0.4257  29.357144     0.4278  29.356540     4.6347     4.8994     0.0066    97.9797 1.0000e-12  -74.23074 -112.07686  20.283528      99.86 1.3574e+02   1442.856      34630  1030.9759  1030.9732    34.5272    34.5241    7.94828         28 0.0000e+00
    695.000    686.654     0.4254  29.357155     0.4271  29.356245     4.6345     4.9007     0.0001    97.9881 1.0000e-12  -74.23074 -112.07686  20.283542      99.87 1.3574e+02   1444.031      34658  1030.9804  1030.9778    34.5269    34.5238    7.94835         28 0.0000e+00
    696.000    687.641     0.4251  29.357187     0.4269  29.356333     4.6362     4.8981    -0.0004    97.9973 1.0000e-12  -74.23074 -112.07686  20.283556      99.87 1.3574e+02   1445.199      34686  1030.9850  1030.9824    34.5267    34.5236    7.94842         28 0.0000e+00
