ocean_section_plots/required_files/ctd/dnbp2202_ctd254.cnv
* Sea-Bird SBE 9 Data File:
* FileName = D:\Data\raw\NBP2202_CTD254.hex
* Software Version Seasave V 7.26.7.121
* Temperature SN = 1649
* Conductivity SN = 2513
* Number of Bytes Per Scan = 40
* Number of Voltage Words = 5
* Number of Scans Averaged by the Deck Unit = 1
* NMEA Latitude = 74 01.37 S
* NMEA Longitude = 117 44.63 W
* NMEA UTC (Time) = Feb 15 2022  18:28:09
* NMEA baud rate = 9600
** Ship: RVIB N.B. Palmer
** Cruise: NBP2202 Thwaites
** Station: 162
** Operator: A. Robinson
# nquan = 28
# nvalues = 874                         
# units = specified
# name 0 = prDM: Pressure, Digiquartz [db]
# name 1 = depSM: Depth [salt water, m]
# name 2 = t090C: Temperature [ITS-90, deg C]
# name 3 = c0mS/cm: Conductivity [mS/cm]
# name 4 = t190C: Temperature, 2 [ITS-90, deg C]
# name 5 = c1mS/cm: Conductivity, 2 [mS/cm]
# name 6 = sbeox0ML/L: Oxygen, SBE 43 [ml/l]
# name 7 = sbeox1ML/L: Oxygen, SBE 43, 2 [ml/l]
# name 8 = flECO-AFL: Fluorescence, WET Labs ECO-AFL/FL [mg/m^3]
# name 9 = CStarTr0: Beam Transmission, WET Labs C-Star [%]
# name 10 = par: PAR/Irradiance, Biospherical/Licor
# name 11 = latitude: Latitude [deg]
# name 12 = longitude: Longitude [deg]
# name 13 = timeJ: Julian Days
# name 14 = altM: Altimeter [m]
# name 15 = spar: SPAR, Biospherical/Licor
# name 16 = timeS: Time, Elapsed [seconds]
# name 17 = scan: Scan Count
# name 18 = density00: Density [density, kg/m^3]
# name 19 = density11: Density, 2 [density, kg/m^3]
# name 20 = v3: Voltage 3
# name 21 = v4: Voltage 4
# name 22 = v5: Voltage 5
# name 23 = sal00: Salinity, Practical [PSU]
# name 24 = sal11: Salinity, Practical, 2 [PSU]
# name 25 = oxsolML/L: Oxygen Saturation, Garcia & Gordon [ml/l]
# name 26 = nbin: number of scans per bin
# name 27 = flag: flag
# span 0 =      2.000,    875.000       
# span 1 =      2.028,    864.129       
# span 2 =    -1.7841,     0.6345       
# span 3 =  26.972753,  29.639510       
# span 4 =    -1.7837,     0.6371       
# span 5 =  26.972544,  29.639565       
# span 6 =     4.6362,     9.0216       
# span 7 =     4.7443,     9.3248       
# span 8 =     0.0066,    10.9157       
# span 9 =    84.3357,    96.3563       
# span 10 = 1.0000e-12, 3.5342e+02      
# span 11 =  -74.02288,  -74.02286      
# span 12 = -117.74392, -117.74388      
# span 13 =  46.771979,  46.784277      
# span 14 =       2.71,     100.83      
# span 15 = 8.1974e+02, 8.4274e+02      
# span 16 =    209.966,   1272.514      
# span 17 =       5040,      30541      
# span 18 =  1027.1828,  1031.8301      
# span 19 =  1027.1813,  1031.8277      
# span 20 =     4.0010,     4.5710      
# span 21 =     0.0686,     1.8602      
# span 22 =     0.1124,     0.2031      
# span 23 =    33.8300,    34.5589      
# span 24 =    33.8282,    34.5563      
# span 25 =    7.90377,    8.45426      
# span 26 =          3,         51      
# span 27 = 0.0000e+00, 0.0000e+00      
# interval = decibars: 1                
# start_time = Feb 15 2022 18:28:09 [NMEA time, header]
# bad_flag = -9.990e-29
*END*
[from data line 156]
    158.000    156.308    -1.1175  27.389461    -1.1174  27.389218     7.5013     7.7396     1.2058    92.2080 1.0000e-12  -74.02286 -117.74390  46.774700      99.89 8.4016e+02    445.092      10683  1028.0713  1028.0710     4.3744     0.3954     0.1485    33.9538    33.9533    8.31079         27 0.0000e+00
    159.000    157.294    -1.1334  27.377550    -1.1331  27.377270     7.4873     7.7113     1.1644    92.4891 1.0000e-12  -74.02286 -117.74390  46.774713      99.90 8.4207e+02    446.209      10710  1028.0775  1028.0770     4.3876     0.3686     0.1513    33.9549    33.9542    8.31425         27 0.0000e+00
    160.000    158.283    -1.1455  27.368985    -1.1445  27.369029     7.4789     7.6958     1.6567    92.9509 1.0000e-12  -74.02286 -117.74390  46.774725      99.91 8.4265e+02    447.281      10736  1028.0837  1028.0829     4.4095     0.3376     0.1448    33.9563    33.9552    8.31686         25 0.0000e+00
    161.000    159.273    -1.1484  27.367157    -1.1458  27.368573     7.4548     7.6897     1.5091    93.2137 1.0000e-12  -74.02286 -117.74390  46.774737      99.90 8.4104e+02    448.308      10760  1028.0884  1028.0874     4.4220     0.3506     0.1421    33.9564    33.9554    8.31749         24 0.0000e+00
    162.000    160.262    -1.1629  27.355051    -1.1632  27.354827     7.4471     7.6825     1.9150    92.0809 1.0000e-12  -74.02286 -117.74390  46.774749      99.91 8.4197e+02    449.345      10785  1028.0931  1028.0932     4.3687     0.3004     0.1451    33.9556    33.9556    8.32076         26 0.0000e+00
    163.000    161.250    -1.2315  27.303886    -1.2295  27.304878     7.4331     7.6675     1.8532    92.6075 1.0000e-12  -74.02286 -117.74390  46.774762      99.90 8.4265e+02    450.422      10811  1028.1077  1028.1069     4.3929     0.3234     0.1536    33.9627    33.9618    8.33563         26 0.0000e+00
    164.000    162.239    -1.2310  27.304732    -1.2301  27.304851     7.4326     7.6496     2.6554    92.8783 1.0000e-12  -74.02286 -117.74390  46.774774      99.88 8.4025e+02    451.504      10837  1028.1119  1028.1111     4.4061     0.4460     0.1453    33.9627    33.9618    8.33552         25 0.0000e+00
    165.000    163.228    -1.2358  27.301378    -1.2354  27.301152     7.4051     7.6274     1.5055    93.0061 1.0000e-12  -74.02286 -117.74390  46.774787      99.91 8.4122e+02    452.585      10863  1028.1166  1028.1160     4.4122     0.3013     0.1543    33.9629    33.9621    8.33657         27 0.0000e+00
    166.000    164.218    -1.2714  27.273678    -1.2696  27.274988     7.3762     7.6079     1.6028    92.8437 1.0000e-12  -74.02286 -117.74391  46.774799      99.91 8.4265e+02    453.677      10889  1028.1246  1028.1243     4.4044     0.3289     0.1718    33.9646    33.9644    8.34441         26 0.0000e+00
    167.000    165.206    -1.3015  27.252085    -1.3014  27.251736     7.3652     7.5973     1.5319    92.5099 1.0000e-12  -74.02286 -117.74391  46.774812      99.91 8.4156e+02    454.783      10916  1028.1340  1028.1336     4.3886     0.2973     0.1426    33.9686    33.9680    8.35091         27 0.0000e+00
    168.000    166.195    -1.3127  27.244043    -1.3110  27.244873     7.3709     7.6008     1.4582    92.6052 1.0000e-12  -74.02286 -117.74391  46.774825      99.90 8.4191e+02    455.894      10942  1028.1397  1028.1391     4.3932     0.3288     0.1432    33.9695    33.9688    8.35335         26 0.0000e+00
    169.000    167.183    -1.3168  27.241778    -1.3162  27.241669     7.3763     7.5970     2.1900    92.6532 1.0000e-12  -74.02286 -117.74391  46.774838      99.92 8.4260e+02    456.985      10969  1028.1450  1028.1443     4.3954     0.2331     0.1428    33.9705    33.9696    8.35421         26 0.0000e+00
    170.000    168.173    -1.3170  27.242150    -1.3162  27.242040     7.3830     7.6011     1.6705    92.5953 1.0000e-12  -74.02286 -117.74392  46.774850      99.92 8.4090e+02    458.039      10994  1028.1494  1028.1486     4.3927     0.2382     0.1407    33.9706    33.9696    8.35425         25 0.0000e+00
    171.000    169.162    -1.3175  27.242489    -1.3165  27.242524     7.3769     7.6022     1.2208    92.8159 1.0000e-12  -74.02286 -117.74390  46.774862      99.91 8.4110e+02    459.085      11019  1028.1542  1028.1533     4.4032     0.2837     0.1452    33.9710    33.9700    8.35433         25 0.0000e+00
    172.000    170.151    -1.3222  27.239398    -1.3205  27.240088     7.3828     7.6085     1.4202    92.1491 1.0000e-12  -74.02286 -117.74392  46.774875      99.88 8.4274e+02    460.180      11045  1028.1593  1028.1584     4.3715     0.4092     0.1400    33.9715    33.9705    8.35537         27 0.0000e+00
    173.000    171.139    -1.3280  27.235705    -1.3276  27.235302     7.3784     7.6084     0.9386    92.6440 1.0000e-12  -74.02286 -117.74390  46.774888      99.92 8.4187e+02    461.291      11072  1028.1649  1028.1641     4.3950     0.2161     0.1430    33.9724    33.9714    8.35661         27 0.0000e+00
    174.000    172.128    -1.3332  27.232420    -1.3323  27.232392     7.3875     7.6032     1.6358    92.2976 1.0000e-12  -74.02286 -117.74392  46.774900      99.91 8.4118e+02    462.359      11098  1028.1703  1028.1694     4.3786     0.2795     0.1439    33.9732    33.9721    8.35774         25 0.0000e+00
    175.000    173.116    -1.3332  27.233102    -1.3326  27.232786     7.3817     7.6096     1.7135    92.9198 1.0000e-12  -74.02286 -117.74390  46.774912      95.54 8.4139e+02    463.415      11123  1028.1751  1028.1742     4.4081     0.2588     0.1901    33.9734    33.9724    8.35771         25 0.0000e+00
    176.000    174.106    -1.3280  27.237368    -1.3274  27.237247     7.3817     7.6040     1.3453    93.2928 1.0000e-12  -74.02286 -117.74392  46.774925      99.96 8.4205e+02    464.491      11149  1028.1788  1028.1780     4.4258     0.2972     0.1422    33.9728    33.9719    8.35658         26 0.0000e+00
    177.000    175.095    -1.3352  27.232402    -1.3343  27.232437     7.3757     7.5989     1.2760    93.2393 1.0000e-12  -74.02286 -117.74391  46.774937      99.91 8.4062e+02    465.591      11175  1028.1844  1028.1837     4.4233     0.2860     0.1471    33.9735    33.9726    8.35815         27 0.0000e+00
    178.000    176.082    -1.3382  27.230653    -1.3376  27.230495     7.3687     7.5875     1.0463    93.2872 1.0000e-12  -74.02286 -117.74392  46.774950      99.90 8.4247e+02    466.698      11202  1028.1895  1028.1888     4.4255     0.3407     0.1445    33.9739    33.9730    8.35880         26 0.0000e+00
    179.000    177.073    -1.3399  27.229912    -1.3390  27.229791     7.3578     7.5742     1.8026    92.8889 1.0000e-12  -74.02286 -117.74392  46.774963      99.92 8.4266e+02    467.795      11228  1028.1946  1028.1936     4.4066     0.2452     0.1410    33.9742    33.9730    8.35918         26 0.0000e+00
    180.000    178.061    -1.3425  27.228310    -1.3416  27.228333     7.3500     7.5666     1.7304    92.8985 1.0000e-12  -74.02286 -117.74392  46.774975      99.91 8.3989e+02    468.873      11254  1028.1994  1028.1986     4.4070     0.3176     0.1450    33.9743    33.9733    8.35974         26 0.0000e+00
    181.000    179.049    -1.3470  27.225245    -1.3464  27.225108     7.3430     7.5565     1.3874    93.7324 1.0000e-12  -74.02286 -117.74392  46.774988      99.91 8.4139e+02    469.952      11280  1028.2046  1028.2039     4.4466     0.2461     0.1488    33.9745    33.9738    8.36073         26 0.0000e+00
    182.000    180.040    -1.3533  27.220962    -1.3515  27.221744     7.3317     7.5492     1.2794    93.4382 1.0000e-12  -74.02286 -117.74392  46.775000      99.89 8.4259e+02    471.021      11306  1028.2103  1028.2093     4.4327     0.3877     0.1394    33.9753    33.9742    8.36212         26 0.0000e+00
    183.000    181.026    -1.3578  27.218407    -1.3567  27.218359     7.3351     7.5537     1.4942    92.4123 1.0000e-12  -74.02286 -117.74392  46.775013      99.92 8.4027e+02    472.080      11331  1028.2159  1028.2148     4.3843     0.2435     0.1416    33.9762    33.9749    8.36306         25 0.0000e+00
    184.000    182.016    -1.3573  27.218997    -1.3560  27.219377     7.3371     7.5514     1.3717    92.5418 1.0000e-12  -74.02286 -117.74392  46.775025      99.92 8.4171e+02    473.144      11356  1028.2203  1028.2194     4.3899     0.2313     0.1440    33.9759    33.9748    8.36298         26 0.0000e+00
    185.000    183.005    -1.3579  27.219211    -1.3571  27.218949     7.3316     7.5562     1.2704    92.4842 1.0000e-12  -74.02286 -117.74392  46.775037      99.90 8.4265e+02    474.217      11382  1028.2252  1028.2242     4.3874     0.3226     0.1430    33.9762    33.9749    8.36309         26 0.0000e+00
    186.000    183.993    -1.3585  27.219208    -1.3576  27.219085     7.3370     7.5532     1.2985    93.4139 1.0000e-12  -74.02286 -117.74392  46.775050      96.66 8.4013e+02    475.285      11408  1028.2301  1028.2290     4.4315     0.2712     0.1407    33.9763    33.9750    8.36322         25 0.0000e+00
    187.000    184.982    -1.3586  27.219531    -1.3578  27.219455     7.3312     7.5508     1.1830    93.3313 1.0000e-12  -74.02286 -117.74392  46.775062      98.50 8.4109e+02    476.354      11433  1028.2347  1028.2338     4.4277     0.2598     0.1408    33.9762    33.9751    8.36324         26 0.0000e+00
    188.000    185.971    -1.3595  27.219403    -1.3586  27.219242     7.3302     7.5484     1.3416    93.2488 1.0000e-12  -74.02286 -117.74392  46.775075      99.91 8.4252e+02    477.451      11460  1028.2396  1028.2386     4.4236     0.2337     0.1444    33.9763    33.9751    8.36343         27 0.0000e+00
    189.000    186.961    -1.3614  27.217558    -1.3617  27.217439     7.3195     7.5385     1.7252    92.0371 1.0000e-12  -74.02286 -117.74392  46.775087      99.92 8.4070e+02    478.556      11486  1028.2437  1028.2438     4.3662     0.2228     0.1426    33.9754    33.9755    8.36392         26 0.0000e+00
    190.000    187.949    -1.3661  27.215247    -1.3654  27.214943     7.3168     7.5280     1.9502    91.9782 1.0000e-12  -74.02286 -117.74392  46.775100      99.90 8.4137e+02    479.652      11513  1028.2499  1028.2489     4.3641     0.3314     0.1405    33.9769    33.9757    8.36487         26 0.0000e+00
    191.000    188.936    -1.3698  27.213108    -1.3692  27.212731     7.3113     7.5326     1.5838    93.2583 1.0000e-12  -74.02286 -117.74392  46.775113      99.90 8.4266e+02    480.749      11539  1028.2554  1028.2544     4.4235     0.3209     0.1412    33.9775    33.9763    8.36567         27 0.0000e+00
    192.000    189.927    -1.3716  27.212131    -1.3705  27.212127     7.3127     7.5377     1.1956    92.2326 1.0000e-12  -74.02286 -117.74392  46.775125      99.91 8.4112e+02    481.838      11565  1028.2603  1028.2593     4.3754     0.2974     0.1537    33.9777    33.9764    8.36607         26 0.0000e+00
    193.000    190.914    -1.3735  27.211332    -1.3726  27.211179     7.3195     7.5359     1.2612    92.8367 1.0000e-12  -74.02286 -117.74392  46.775138      99.91 8.4150e+02    482.935      11591  1028.2655  1028.2644     4.4041     0.2496     0.1389    33.9781    33.9768    8.36647         26 0.0000e+00
    194.000    191.903    -1.3759  27.210033    -1.3741  27.210571     7.3269     7.5354     1.9288    93.2989 1.0000e-12  -74.02286 -117.74392  46.775151      99.90 8.4253e+02    484.042      11618  1028.2706  1028.2694     4.4260     0.3506     0.1376    33.9784    33.9770    8.36699         27 0.0000e+00
    195.000    192.893    -1.3782  27.208985    -1.3774  27.208716     7.3347     7.5402     2.3735    92.9639 1.0000e-12  -74.02286 -117.74392  46.775163      99.89 8.4112e+02    485.115      11644  1028.2759  1028.2749     4.4101     0.3691     0.1427    33.9789    33.9776    8.36747         25 0.0000e+00
    196.000    193.881    -1.3789  27.208837    -1.3785  27.208219     7.3445     7.5532     1.8117    93.2404 1.0000e-12  -74.02286 -117.74392  46.775175      99.88 8.4119e+02    486.134      11668  1028.2807  1028.2797     4.4233     0.4205     0.1523    33.9790    33.9776    8.36764         24 0.0000e+00
    197.000    194.871    -1.3830  27.206314    -1.3826  27.205827     7.3450     7.5566     1.2100    93.6028 1.0000e-12  -74.02286 -117.74392  46.775187      99.90 8.4237e+02    487.174      11693  1028.2862  1028.2852     4.4404     0.3369     0.1483    33.9795    33.9783    8.36853         26 0.0000e+00
    198.000    195.858    -1.3868  27.204079    -1.3858  27.203944     7.3350     7.5523     1.1705    93.4555 1.0000e-12  -74.02286 -117.74392  46.775200      89.32 8.4208e+02    488.269      11719  1028.2916  1028.2905     4.4335     0.2138     0.1386    33.9801    33.9788    8.36934         27 0.0000e+00
    199.000    196.848    -1.3875  27.204000    -1.3865  27.203931     7.3354     7.5540     1.3092    93.1635 1.0000e-12  -74.02286 -117.74392  46.775213      96.36 8.4021e+02    489.394      11746  1028.2964  1028.2954     4.4197     0.3213     0.1475    33.9801    33.9789    8.36949         27 0.0000e+00
    200.000    197.835    -1.3903  27.202453    -1.3896  27.202056     7.3391     7.5617     1.6124    93.4093 1.0000e-12  -74.02286 -117.74392  46.775226      99.83 8.4160e+02    490.494      11773  1028.3017  1028.3006     4.4312     0.2734     0.1468    33.9806    33.9793    8.37009         26 0.0000e+00
    201.000    198.826    -1.3934  27.200642    -1.3925  27.200461     7.3467     7.5649     2.0460    92.9483 1.0000e-12  -74.02286 -117.74392  46.775238      99.91 8.4141e+02    491.561      11798  1028.3070  1028.3059     4.4095     0.2925     0.1418    33.9810    33.9797    8.37077         24 0.0000e+00
    202.000    199.813    -1.3944  27.200461    -1.3932  27.200325     7.3556     7.5554     2.1535    92.6378 1.0000e-12  -74.02286 -117.74392  46.775250      99.92 8.3939e+02    492.595      11823  1028.3119  1028.3106     4.3947     0.2085     0.1405    33.9812    33.9797    8.37097         25 0.0000e+00
    203.000    200.801    -1.3945  27.200756    -1.3935  27.200648     7.3522     7.5585     1.4033    92.7174 1.0000e-12  -74.02286 -117.74392  46.775262      99.89 8.4160e+02    493.661      11849  1028.3166  1028.3156     4.3985     0.3891     0.1404    33.9812    33.9799    8.37101         26 0.0000e+00
    204.000    201.790    -1.3953  27.200701    -1.3947  27.200241     7.3461     7.5600     1.2995    93.0249 1.0000e-12  -74.02286 -117.74392  46.775275      99.88 8.4209e+02    494.778      11876  1028.3215  1028.3205     4.4126     0.4181     0.1433    33.9813    33.9801    8.37116         28 0.0000e+00
    205.000    202.780    -1.3957  27.200799    -1.3949  27.200590     7.3522     7.5642     1.5935    92.3683 1.0000e-12  -74.02286 -117.74392  46.775288      99.90 8.3974e+02    495.905      11903  1028.3263  1028.3254     4.3824     0.2964     0.1411    33.9813    33.9802    8.37126         27 0.0000e+00
    206.000    203.768    -1.4003  27.197913    -1.3997  27.197598     7.3431     7.5549     1.3996    93.1817 1.0000e-12  -74.02286 -117.74392  46.775301      99.90 8.4102e+02    496.993      11929  1028.3318  1028.3309     4.4205     0.3182     0.1417    33.9819    33.9808    8.37225         25 0.0000e+00
    207.000    204.756    -1.4059  27.194363    -1.4050  27.194145     7.3307     7.5406     1.5779    91.6768 1.0000e-12  -74.02286 -117.74392  46.775313      99.90 8.4103e+02    498.057      11954  1028.3377  1028.3366     4.3491     0.3422     0.1454    33.9828    33.9815    8.37347         26 0.0000e+00
    208.000    205.745    -1.4098  27.192017    -1.4089  27.191856     7.3132     7.5263     1.4926    93.0555 1.0000e-12  -74.02286 -117.74390  46.775325      99.91 8.3899e+02    499.123      11980  1028.3431  1028.3420     4.4145     0.2670     0.1525    33.9834    33.9821    8.37431         25 0.0000e+00
