ocean_section_plots/required_files/ctd/dnbp2202_ctd226.cnv
* Sea-Bird SBE 9 Data File:
* FileName = D:\Data\raw\NBP2202_CTD226.hex
* Software Version Seasave V 7.26.7.121
* Temperature SN = 1649
* Conductivity SN = 2513
* Number of Bytes Per Scan = 40
* Number of Voltage Words = 5
* Number of Scans Averaged by the Deck Unit = 1
* NMEA Latitude = 73 59.39 S
* NMEA Longitude = 111 36.97 W
* NMEA UTC (Time) = Feb 12 2022  13:58:53
* NMEA baud rate = 9600
** Ship: RVIB N.B. Palmer
** Cruise: NBP2202 Thwaites
** Station: 137
** Operator: B. Bjork
# nquan = 28
# nvalues = 444                         
# units = specified
# name 0 = prDM: Pressure, Digiquartz [db]
# name 1 = depSM: Depth [salt water, m]
# name 2 = t090C: Temperature [ITS-90, deg C]
# name 3 = c0mS/cm: Conductivity [mS/cm]
# name 4 = t190C: Temperature, 2 [ITS-90, deg C]
# name 5 = c1mS/cm: Conductivity, 2 [mS/cm]
# name 6 = sbeox0ML/L: Oxygen, SBE 43 [ml/l]
# name 7 = sbeox1ML/L: Oxygen, SBE 43, 2 [ml/l]
# name 8 = flECO-AFL: Fluorescence, WET Labs ECO-AFL/FL [mg/m^3]
# name 9 = CStarTr0: Beam Transmission, WET Labs C-Star [%]
# name 10 = par: PAR/Irradiance, Biospherical/Licor
# name 11 = latitude: Latitude [deg]
# name 12 = longitude: Longitude [deg]
# name 13 = timeJ: Julian Days
# name 14 = altM: Altimeter [m]
# name 15 = spar: SPAR, Biospherical/Licor
# name 16 = timeS: Time, Elapsed [seconds]
# name 17 = scan: Scan Count
# name 18 = density00: Density [density, kg/m^3]
# name 19 = density11: Density, 2 [density, kg/m^3]
# name 20 = v3: Voltage 3
# name 21 = v4: Voltage 4
# name 22 = v5: Voltage 5
# name 23 = sal00: Salinity, Practical [PSU]
# name 24 = sal11: Salinity, Practical, 2 [PSU]
# name 25 = oxsolML/L: Oxygen Saturation, Garcia & Gordon [ml/l]
# name 26 = nbin: number of scans per bin
# name 27 = flag: flag
# span 0 =      1.000,    444.000       
# span 1 =      0.995,    438.947       
# span 2 =    -1.5728,     0.0545       
# span 3 =  27.031592,  28.853899       
# span 4 =    -1.5722,     0.0589       
# span 5 =  27.031848,  28.856421       
# span 6 =     4.8551,     8.0473       
# span 7 =     4.9970,     8.3072       
# span 8 =    -0.0140,    17.9715       
# span 9 =    80.1526,    97.4504       
# span 10 = 1.0000e-12, 4.7960e+02      
# span 11 =  -73.98994,  -73.98994      
# span 12 = -111.61622, -111.61616      
# span 13 =  43.584519,  43.591636      
# span 14 =      -7.24,      99.95      
# span 15 = 1.3017e+03, 1.4649e+03      
# span 16 =    169.457,    784.313      
# span 17 =       4068,      18825      
# span 18 =  1027.2263,  1029.7479      
# span 19 =  1027.2274,  1029.7461      
# span 20 =     3.8027,     4.6229      
# span 21 =     0.0653,     2.5566      
# span 22 =     0.1157,     0.2000      
# span 23 =    33.8335,    34.4282      
# span 24 =    33.8345,    34.4265      
# span 25 =    8.03087,    8.41082      
# span 26 =         10,         46      
# span 27 = 0.0000e+00, 0.0000e+00      
# interval = decibars: 1                
# start_time = Feb 12 2022 13:58:53 [NMEA time, header]
# bad_flag = -9.990e-29
*END*
[from data line 415]
    416.000    411.284    -0.1034  28.676576    -0.1027  28.674394     4.9702     5.1244    -0.0026    97.1597 1.0000e-12  -73.98994 -111.61616  43.590052      31.23 1.3909e+03    647.500      15541  1029.5910  1029.5880     4.6091     0.0673     0.1262    34.3866    34.3829    8.06639         35 0.0000e+00
    417.000    412.273    -0.0941  28.687298    -0.0912  28.687159     4.9609     5.1188     0.0033    97.1549 1.0000e-12  -73.98994 -111.61616  43.590070      30.44 1.3936e+03    649.076      15579  1029.5978  1029.5949     4.6089     0.0674     0.1246    34.3898    34.3864    8.06425         38 0.0000e+00
    418.000    413.260    -0.0740  28.709599    -0.0722  28.708633     4.9490     5.1003    -0.0023    97.1674 1.0000e-12  -73.98994 -111.61616  43.590090      29.15 1.3998e+03    650.783      15620  1029.6062  1029.6035     4.6095     0.0684     0.1279    34.3962    34.3930    8.05966         41 0.0000e+00
    419.000    414.248    -0.0556  28.729861    -0.0529  28.729833     4.9314     5.0873    -0.0022    97.1354 1.0000e-12  -73.98994 -111.61616  43.590111      28.44 1.3986e+03    652.625      15664  1029.6141  1029.6115     4.6080     0.0683     0.1281    34.4018    34.3988    8.05546         41 0.0000e+00
    420.000    415.235    -0.0298  28.758079    -0.0289  28.755372     4.9099     5.0654    -0.0048    97.1091 1.0000e-12  -73.98994 -111.61617  43.590133      27.13 1.4000e+03    654.496      15709  1029.6233  1029.6196     4.6067     0.0674     0.1300    34.4097    34.4051    8.04960         41 0.0000e+00
    421.000    416.223    -0.0056  28.782628    -0.0026  28.782811     4.9068     5.0595     0.0004    97.1375 1.0000e-12  -73.98994 -111.61617  43.590156      26.16 1.4056e+03    656.492      15757  1029.6301  1029.6275     4.6081     0.0680     0.1278    34.4143    34.4113    8.04424         44 0.0000e+00
    422.000    417.209    -0.0042  28.784011    -0.0018  28.784155     4.9093     5.0574     0.0089    97.1166 1.0000e-12  -73.98994 -111.61617  43.590179      25.00 1.4059e+03    658.496      15805  1029.6350  1029.6328     4.6071     0.0673     0.1242    34.4140    34.4115    8.04396         39 0.0000e+00
    423.000    418.198    -0.0074  28.780982    -0.0049  28.781013     4.9150     5.0577     0.0024    97.1538 1.0000e-12  -73.98994 -111.61617  43.590203      24.12 1.4077e+03    660.553      15854  1029.6396  1029.6373     4.6089     0.0683     0.1278    34.4130    34.4103    8.04469         40 0.0000e+00
    424.000    419.186    -0.0084  28.780229    -0.0067  28.779667     4.9155     5.0655     0.0083    97.1473 1.0000e-12  -73.98994 -111.61617  43.590227      23.18 1.4121e+03    662.597      15903  1029.6443  1029.6421     4.6085     0.0682     0.1297    34.4126    34.4099    8.04494         42 0.0000e+00
    425.000    420.174    -0.0078  28.781231    -0.0072  28.779370     4.9121     5.0593     0.0042    97.1500 1.0000e-12  -73.98994 -111.61618  43.590250      22.01 1.4126e+03    664.613      15952  1029.6493  1029.6467     4.6087     0.0685     0.1277    34.4126    34.4095    8.04481         43 0.0000e+00
    426.000    421.161    -0.0075  28.782011    -0.0059  28.781286     4.9108     5.0567     0.0090    97.1275 1.0000e-12  -73.98994 -111.61618  43.590274      20.92 1.4145e+03    666.663      16001  1029.6542  1029.6518     4.6077     0.0672     0.1273    34.4128    34.4099    8.04474         33 0.0000e+00
    427.000    422.147    -0.0014  28.788983     0.0008  28.788807     4.8962     5.0467     0.0086    97.1413 1.0000e-12  -73.98994 -111.61618  43.590301      19.88 1.4178e+03    668.972      16056  1029.6600  1029.6576     4.6083     0.0707     0.1270    34.4145    34.4119    8.04336         30 0.0000e+00
    428.000    423.137     0.0141  28.805548     0.0155  28.804329     4.8838     5.0350     0.0012    97.1462 1.0000e-12  -73.98994 -111.61618  43.590329      18.95 1.4212e+03    671.415      16115  1029.6665  1029.6640     4.6085     0.0686     0.1274    34.4184    34.4153    8.03988         43 0.0000e+00
    429.000    424.124     0.0192  28.810996     0.0211  28.810504     4.8840     5.0272    -0.0047    97.1562 1.0000e-12  -73.98994 -111.61617  43.590359      17.87 1.4221e+03    674.040      16178  1029.6718  1029.6695     4.6089     0.0690     0.1336    34.4194    34.4166    8.03876         33 0.0000e+00
    430.000    425.109     0.0225  28.814749     0.0245  28.814674     4.8873     5.0288     0.0145    97.1420 1.0000e-12  -73.98994 -111.61616  43.590392      16.87 1.4275e+03    676.843      16245  1029.6770  1029.6749     4.6084     0.0694     0.1309    34.4200    34.4176    8.03803         34 0.0000e+00
    431.000    426.102     0.0261  28.819127     0.0297  28.820471     4.8771     5.0175     0.0002    97.1281 1.0000e-12  -73.98994 -111.61616  43.590425      15.91 1.4310e+03    679.687      16313  1029.6825  1029.6804     4.6077     0.0684     0.1301    34.4212    34.4189    8.03721         41 0.0000e+00
    432.000    427.087     0.0369  28.830885     0.0406  28.832073     4.8693     5.0110     0.0144    97.1519 1.0000e-12  -73.98994 -111.61616  43.590458      15.00 1.4332e+03    682.541      16382  1029.6886  1029.6863     4.6088     0.0697     0.1284    34.4240    34.4214    8.03479         41 0.0000e+00
    433.000    428.073     0.0408  28.835071     0.0433  28.835336     4.8720     5.0152     0.0143    97.1324 1.0000e-12  -73.98994 -111.61616  43.590491      13.83 1.4390e+03    685.439      16452  1029.6937  1029.6915     4.6078     0.0686     0.1280    34.4246    34.4221    8.03394         45 0.0000e+00
    434.000    429.063     0.0395  28.834148     0.0411  28.833532     4.8718     5.0117     0.0078    97.1335 1.0000e-12  -73.98994 -111.61616  43.590525      12.91 1.4398e+03    688.327      16521  1029.6983  1029.6962     4.6079     0.0691     0.1302    34.4242    34.4216    8.03423         40 0.0000e+00
    435.000    430.050     0.0397  28.834834     0.0429  28.835828     4.8671     5.0101     0.0116    97.1499 1.0000e-12  -73.98994 -111.61616  43.590558      11.93 1.4392e+03    691.177      16589  1029.7032  1029.7012     4.6087     0.0684     0.1289    34.4243    34.4221    8.03418         34 0.0000e+00
    436.000    431.039     0.0423  28.838131     0.0460  28.839623     4.8679     5.0123     0.0117    97.1499 1.0000e-12  -73.98994 -111.61616  43.590590      10.91 1.4435e+03    693.994      16657  1029.7084  1029.7065     4.6087     0.0687     0.1303    34.4251    34.4230    8.03358         39 0.0000e+00
    437.000    432.024     0.0447  28.841033     0.0460  28.840022     4.8632     5.0054     0.0096    97.1441 1.0000e-12  -73.98994 -111.61616  43.590624       9.86 1.4455e+03    696.932      16727  1029.7135  1029.7111     4.6084     0.0696     0.1317    34.4256    34.4228    8.03305         41 0.0000e+00
    438.000    433.012     0.0435  28.840259     0.0468  28.841415     4.8636     5.0086     0.0058    97.1505 1.0000e-12  -73.98994 -111.61616  43.590658       8.81 1.4456e+03    699.851      16797  1029.7181  1029.7161     4.6088     0.0692     0.1310    34.4254    34.4232    8.03332         37 0.0000e+00
    439.000    433.999     0.0456  28.843019     0.0465  28.841434     4.8674     5.0078     0.0017    97.1514 1.0000e-12  -73.98994 -111.61616  43.590692       7.75 1.4503e+03    702.783      16868  1029.7232  1029.7207     4.6087     0.0692     0.1305    34.4261    34.4230    8.03284         44 0.0000e+00
    440.000    434.988     0.0456  28.843362     0.0484  28.843990     4.8623     5.0070     0.0211    97.1413 1.0000e-12  -73.98994 -111.61617  43.590726       6.68 1.4541e+03    705.717      16938  1029.7279  1029.7259     4.6082     0.0700     0.1295    34.4260    34.4237    8.03285         35 0.0000e+00
    441.000    435.974     0.0509  28.849589     0.0537  28.849975     4.8611     5.0085     0.0040    97.0979 1.0000e-12  -73.98994 -111.61617  43.590853       5.58 1.4549e+03    716.686      17201  1029.7335  1029.7312     4.6062     0.0697     0.1337    34.4277    34.4250    8.03165         44 0.0000e+00
    442.000    436.962     0.0507  28.849840     0.0540  28.850935     4.8594     4.9984     0.0035    97.1287 1.0000e-12  -73.98994 -111.61617  43.591056       4.52 1.4609e+03    734.195      17622  1029.7382  1029.7361     4.6077     0.0691     0.1286    34.4276    34.4253    8.03168         38 0.0000e+00
    443.000    437.947     0.0545  28.853899     0.0589  28.856421     4.8555     4.9970     0.0127    97.1047 1.0000e-12  -73.98994 -111.61617  43.591235       3.76 1.4649e+03    749.664      17993  1029.7433  1029.7415     4.6066     0.0697     0.1290    34.4282    34.4265    8.03087         35 0.0000e+00
    444.000    438.947     0.0522  28.852187     0.0560  28.853838     4.8551     4.9980    -0.0140    97.1277 1.0000e-12  -73.98994 -111.61618  43.591636       3.32 1.4596e+03    784.313      18825  1029.7479  1029.7461     4.6075     0.0685     0.1328    34.4278    34.4258    8.03136         22 0.0000e+00
