ocean_section_plots/required_files/ctd/dnbp2202_ctd133.cnv
* Sea-Bird SBE 9 Data File:
* FileName = D:\Data\raw\NBP2202_CTD133.hex
* Software Version Seasave V 7.26.7.121
* Temperature SN = 1649
* Conductivity SN = 2513
* Number of Bytes Per Scan = 40
* Number of Voltage Words = 5
* Number of Scans Averaged by the Deck Unit = 1
* NMEA Latitude = 74 06.85 S
* NMEA Longitude = 112 29.01 W
* NMEA UTC (Time) = Jan 28 2022  04:49:56
* NMEA baud rate = 9600
** Ship: RVIB N.B. Palmer
** Cruise: NBP2202 Thwaites
** Station: 62
** Operator: B. Bjork
# nquan = 25
# nvalues = 913                         
# units = specified
# name 0 = prDM: Pressure, Digiquartz [db]
# name 1 = depSM: Depth [salt water, m]
# name 2 = t090C: Temperature [ITS-90, deg C]
# name 3 = c0mS/cm: Conductivity [mS/cm]
# name 4 = t190C: Temperature, 2 [ITS-90, deg C]
# name 5 = c1mS/cm: Conductivity, 2 [mS/cm]
# name 6 = sbeox0ML/L: Oxygen, SBE 43 [ml/l]
# name 7 = sbeox1ML/L: Oxygen, SBE 43, 2 [ml/l]
# name 8 = flECO-AFL: Fluorescence, WET Labs ECO-AFL/FL [mg/m^3]
# name 9 = CStarTr0: Beam Transmission, WET Labs C-Star [%]
# name 10 = par: PAR/Irradiance, Biospherical/Licor
# name 11 = latitude: Latitude [deg]
# name 12 = longitude: Longitude [deg]
# name 13 = timeJ: Julian Days
# name 14 = altM: Altimeter [m]
# name 15 = spar: SPAR, Biospherical/Licor
# name 16 = timeS: Time, Elapsed [seconds]
# name 17 = scan: Scan Count
# name 18 = density00: Density [density, kg/m^3]
# name 19 = density11: Density, 2 [density, kg/m^3]
# name 20 = sal00: Salinity, Practical [PSU]
# name 21 = sal11: Salinity, Practical, 2 [PSU]
# name 22 = oxsolML/L: Oxygen Saturation, Garcia & Gordon [ml/l]
# name 23 = nbin: number of scans per bin
# name 24 = flag: flag
# span 0 =      3.000,    915.000       
# span 1 =      2.967,    903.543       
# span 2 =    -1.5724,     0.5162       
# span 3 =  26.982683,  29.549546       
# span 4 =    -1.5725,     0.5187       
# span 5 =  26.983042,  29.549536       
# span 6 =     4.5874,     9.0602       
# span 7 =     4.6596,     9.2755       
# span 8 =    -0.0152,    29.4420       
# span 9 =    63.3968,    94.6482       
# span 10 = 1.0000e-12, 1.4215e+01      
# span 11 =  -74.11422,  -74.11420      
# span 12 = -112.48360, -112.48354      
# span 13 =  28.204136,  28.216962      
# span 14 =       3.35,     100.21      
# span 15 = 4.3945e+01, 5.9961e+01      
# span 16 =    241.383,   1349.532      
# span 17 =       5794,      32390      
# span 18 =  1027.1985,  1032.0204      
# span 19 =  1027.2011,  1032.0179      
# span 20 =    33.8096,    34.5510      
# span 21 =    33.8120,    34.5483      
# span 22 =    7.92838,    8.41129      
# span 23 =         21,         61      
# span 24 = 0.0000e+00, 0.0000e+00      
# interval = decibars: 1                
# start_time = Jan 28 2022 04:49:56 [NMEA time, header]
# bad_flag = -9.990e-29
*END*
[from data line 638]
    641.000    633.389     0.3034  29.177780     0.3056  29.177443     4.6633     4.7429     0.0020    94.4915 1.0000e-12  -74.11420 -112.48356  28.213002      96.20 5.3253e+01   1007.352      24177  1030.6829  1030.6804    34.4598    34.4569    7.97727         24 0.0000e+00
    642.000    634.374     0.3047  29.179391     0.3069  29.179183     4.6642     4.7457    -0.0049    94.4884 1.0000e-12  -74.11420 -112.48356  28.213013      99.45 5.3687e+01   1008.338      24201  1030.6876  1030.6852    34.4599    34.4572    7.97700         24 0.0000e+00
    643.000    635.361     0.3074  29.182557     0.3098  29.182467     4.6629     4.7416    -0.0026    94.4840 1.0000e-12  -74.11420 -112.48356  28.213025      99.81 5.2429e+01   1009.331      24225  1030.6925  1030.6901    34.4605    34.4577    7.97641         23 0.0000e+00
    644.000    636.347     0.3098  29.185654     0.3121  29.185421     4.6575     4.7457     0.0046    94.4851 1.0000e-12  -74.11420 -112.48356  28.213036      99.82 5.2604e+01   1010.333      24249  1030.6977  1030.6952    34.4613    34.4584    7.97587         25 0.0000e+00
    645.000    637.335     0.3124  29.188887     0.3146  29.188692     4.6571     4.7483    -0.0019    94.4787 1.0000e-12  -74.11420 -112.48356  28.213048      99.82 5.3322e+01   1011.348      24273  1030.7027  1030.7004    34.4620    34.4593    7.97528         24 0.0000e+00
    646.000    638.321     0.3131  29.190281     0.3154  29.190139     4.6586     4.7493    -0.0072    94.4842 1.0000e-12  -74.11420 -112.48356  28.213060      99.82 5.3023e+01   1012.389      24298  1030.7077  1030.7054    34.4624    34.4597    7.97511         25 0.0000e+00
    647.000    639.306     0.3137  29.191437     0.3158  29.191228     4.6565     4.7476    -0.0003    94.4908 1.0000e-12  -74.11420 -112.48356  28.213072      99.82 5.2651e+01   1013.388      24322  1030.7126  1030.7103    34.4627    34.4601    7.97497         23 0.0000e+00
    648.000    640.294     0.3142  29.192735     0.3165  29.192588     4.6561     4.7393     0.0069    94.4798 1.0000e-12  -74.11420 -112.48356  28.213083      99.82 5.3327e+01   1014.354      24346  1030.7178  1030.7153    34.4633    34.4605    7.97484         24 0.0000e+00
    649.000    641.280     0.3177  29.196641     0.3199  29.196420     4.6600     4.7408     0.0069    94.4841 1.0000e-12  -74.11420 -112.48356  28.213095      99.82 5.2331e+01   1015.366      24370  1030.7226  1030.7202    34.4639    34.4611    7.97407         25 0.0000e+00
    650.000    642.268     0.3181  29.197560     0.3204  29.197453     4.6607     4.7400    -0.0002    94.5047 1.0000e-12  -74.11420 -112.48356  28.213107      99.81 5.2150e+01   1016.409      24395  1030.7275  1030.7251    34.4641    34.4614    7.97398         24 0.0000e+00
    651.000    643.255     0.3186  29.198420     0.3209  29.198332     4.6589     4.7408    -0.0068    94.4766 1.0000e-12  -74.11422 -112.48356  28.213118      99.82 5.3250e+01   1017.393      24418  1030.7322  1030.7298    34.4641    34.4614    7.97389         24 0.0000e+00
    652.000    644.238     0.3195  29.200078     0.3218  29.199821     4.6567     4.7412    -0.0034    94.4840 1.0000e-12  -74.11420 -112.48356  28.213130      99.09 5.2546e+01   1018.400      24443  1030.7372  1030.7347    34.4646    34.4617    7.97366         25 0.0000e+00
    653.000    645.228     0.3245  29.205888     0.3268  29.205790     4.6547     4.7413    -0.0004    94.4871 1.0000e-12  -74.11422 -112.48356  28.213142      74.36 5.1808e+01   1019.469      24468  1030.7427  1030.7403    34.4661    34.4633    7.97255         26 0.0000e+00
    654.000    646.213     0.3252  29.207230     0.3275  29.207005     4.6523     4.7426    -0.0007    94.4943 1.0000e-12  -74.11422 -112.48356  28.213154      89.30 5.3010e+01   1020.527      24494  1030.7477  1030.7452    34.4665    34.4636    7.97239         25 0.0000e+00
    655.000    647.200     0.3260  29.208497     0.3281  29.208317     4.6532     4.7405     0.0035    94.4811 1.0000e-12  -74.11422 -112.48356  28.213166      95.84 5.2023e+01   1021.545      24518  1030.7524  1030.7502    34.4667    34.4641    7.97221         24 0.0000e+00
    656.000    648.187     0.3263  29.209263     0.3285  29.209086     4.6583     4.7375     0.0033    94.4935 1.0000e-12  -74.11422 -112.48356  28.213178      99.77 5.1860e+01   1022.549      24542  1030.7572  1030.7549    34.4668    34.4641    7.97215         24 0.0000e+00
    657.000    649.173     0.3274  29.211151     0.3295  29.210937     4.6597     4.7415    -0.0029    94.4863 1.0000e-12  -74.11422 -112.48356  28.213189      99.82 5.2881e+01   1023.537      24566  1030.7624  1030.7600    34.4674    34.4648    7.97188         23 0.0000e+00
    658.000    650.158     0.3277  29.211960     0.3299  29.211776     4.6536     4.7441    -0.0060    94.4872 1.0000e-12  -74.11422 -112.48356  28.213201      99.82 5.2387e+01   1024.553      24590  1030.7671  1030.7649    34.4676    34.4649    7.97181         25 0.0000e+00
    659.000    651.147     0.3279  29.212694     0.3301  29.212393     4.6514     4.7423     0.0034    94.4951 1.0000e-12  -74.11422 -112.48356  28.213213      99.82 5.1797e+01   1025.613      24616  1030.7720  1030.7696    34.4677    34.4649    7.97176         26 0.0000e+00
    660.000    652.132     0.3280  29.213406     0.3304  29.213255     4.6523     4.7436     0.0127    94.4883 1.0000e-12  -74.11422 -112.48357  28.213225      99.81 5.2804e+01   1026.654      24641  1030.7769  1030.7745    34.4680    34.4652    7.97172         25 0.0000e+00
    661.000    653.119     0.3283  29.214203     0.3306  29.214001     4.6559     4.7438     0.0058    94.4699 1.0000e-12  -74.11422 -112.48357  28.213237      99.82 5.2050e+01   1027.695      24666  1030.7817  1030.7792    34.4681    34.4653    7.97165         25 0.0000e+00
    662.000    654.106     0.3298  29.216512     0.3321  29.216242     4.6511     4.7401    -0.0007    94.4582 1.0000e-12  -74.11422 -112.48357  28.213249      99.82 5.1427e+01   1028.713      24690  1030.7868  1030.7843    34.4689    34.4660    7.97130         23 0.0000e+00
    663.000    655.091     0.3308  29.217960     0.3331  29.217858     4.6529     4.7386    -0.0007    94.4669 1.0000e-12  -74.11422 -112.48357  28.213260      99.82 5.2883e+01   1029.685      24713  1030.7917  1030.7893    34.4691    34.4664    7.97108         24 0.0000e+00
    664.000    656.079     0.3316  29.219521     0.3340  29.219460     4.6517     4.7365    -0.0007    94.4778 1.0000e-12  -74.11422 -112.48357  28.213272      99.82 5.1840e+01   1030.697      24738  1030.7967  1030.7943    34.4696    34.4669    7.97088         25 0.0000e+00
    665.000    657.065     0.3329  29.221391     0.3351  29.221326     4.6515     4.7355    -0.0075    94.4893 1.0000e-12  -74.11422 -112.48357  28.213285      99.82 5.1388e+01   1031.788      24764  1030.8017  1030.7994    34.4701    34.4675    7.97060         26 0.0000e+00
    666.000    658.052     0.3333  29.222500     0.3356  29.222320     4.6580     4.7400     0.0112    94.4862 1.0000e-12  -74.11422 -112.48357  28.213296      75.66 5.2591e+01   1032.812      24788  1030.8066  1030.8042    34.4705    34.4677    7.97048         24 0.0000e+00
    667.000    659.038     0.3345  29.224505     0.3368  29.224314     4.6571     4.7409     0.0031    94.4652 1.0000e-12  -74.11422 -112.48357  28.213308      94.55 5.1371e+01   1033.791      24812  1030.8119  1030.8094    34.4713    34.4685    7.97021         24 0.0000e+00
    668.000    660.024     0.3356  29.226241     0.3377  29.226024     4.6534     4.7325    -0.0006    94.4015 1.0000e-12  -74.11422 -112.48357  28.213319      99.73 5.1344e+01   1034.794      24836  1030.8169  1030.8145    34.4717    34.4690    7.96995         24 0.0000e+00
    669.000    661.011     0.3357  29.227104     0.3379  29.226778     4.6561     4.7314    -0.0049    94.4506 1.0000e-12  -74.11422 -112.48357  28.213331      99.82 5.2222e+01   1035.809      24860  1030.8218  1030.8193    34.4721    34.4692    7.96989         24 0.0000e+00
    670.000    661.997     0.3363  29.228136     0.3386  29.228006     4.6531     4.7365     0.0021    94.4983 1.0000e-12  -74.11422 -112.48357  28.213343      99.82 5.1560e+01   1036.819      24885  1030.8266  1030.8243    34.4723    34.4695    7.96978         24 0.0000e+00
    671.000    662.985     0.3368  29.229210     0.3391  29.229083     4.6501     4.7388     0.0079    94.4850 1.0000e-12  -74.11422 -112.48357  28.213355      99.82 5.1405e+01   1037.840      24909  1030.8315  1030.8291    34.4725    34.4698    7.96965         25 0.0000e+00
    672.000    663.970     0.3371  29.230153     0.3394  29.230007     4.6479     4.7390    -0.0004    94.4862 1.0000e-12  -74.11422 -112.48357  28.213366      99.82 5.2451e+01   1038.860      24934  1030.8363  1030.8340    34.4728    34.4700    7.96956         24 0.0000e+00
    673.000    664.957     0.3385  29.232405     0.3408  29.232156     4.6484     4.7394    -0.0025    94.4916 1.0000e-12  -74.11422 -112.48357  28.213378      99.82 5.1781e+01   1039.860      24958  1030.8416  1030.8392    34.4737    34.4708    7.96924         24 0.0000e+00
    674.000    665.943     0.3394  29.233883     0.3417  29.233751     4.6533     4.7377    -0.0059    94.4926 1.0000e-12  -74.11422 -112.48357  28.213390      99.82 5.1637e+01   1040.864      24982  1030.8465  1030.8441    34.4739    34.4712    7.96903         24 0.0000e+00
    675.000    666.930     0.3395  29.234343     0.3417  29.234258     4.6512     4.7400     0.0064    94.4872 1.0000e-12  -74.11422 -112.48357  28.213401      99.82 5.2528e+01   1041.864      25006  1030.8511  1030.8490    34.4739    34.4714    7.96902         24 0.0000e+00
    676.000    667.916     0.3395  29.234899     0.3418  29.234833     4.6476     4.7398    -0.0004    94.4901 1.0000e-12  -74.11422 -112.48357  28.213413      99.81 5.2006e+01   1042.894      25030  1030.8560  1030.8536    34.4741    34.4714    7.96901         26 0.0000e+00
    677.000    668.902     0.3396  29.235373     0.3418  29.235223     4.6508     4.7347     0.0069    94.4733 1.0000e-12  -74.11422 -112.48357  28.213425      99.82 5.1710e+01   1043.942      25056  1030.8606  1030.8584    34.4740    34.4713    7.96900         24 0.0000e+00
    678.000    669.889     0.3397  29.235857     0.3418  29.235643     4.6505     4.7297     0.0069    94.4894 1.0000e-12  -74.11422 -112.48357  28.213437      94.32 5.2444e+01   1044.935      25079  1030.8653  1030.8630    34.4739    34.4713    7.96898         24 0.0000e+00
    679.000    670.876     0.3397  29.236629     0.3421  29.236565     4.6560     4.7328     0.0006    94.5020 1.0000e-12  -74.11421 -112.48357  28.213448      80.80 5.2446e+01   1045.916      25103  1030.8703  1030.8679    34.4743    34.4716    7.96895         24 0.0000e+00
    680.000    671.861     0.3406  29.238086     0.3429  29.238037     4.6573     4.7373    -0.0004    94.4862 1.0000e-12  -74.11421 -112.48357  28.213460      95.59 5.1602e+01   1046.974      25128  1030.8751  1030.8729    34.4746    34.4720    7.96874         26 0.0000e+00
    681.000    672.848     0.3411  29.239262     0.3435  29.239117     4.6524     4.7358    -0.0004    94.5013 1.0000e-12  -74.11422 -112.48356  28.213473      99.86 5.2526e+01   1048.029      25154  1030.8801  1030.8777    34.4750    34.4722    7.96861         24 0.0000e+00
    682.000    673.835     0.3415  29.240196     0.3438  29.240139     4.6523     4.7382    -0.0004    94.5055 1.0000e-12  -74.11422 -112.48356  28.213484      99.82 5.2446e+01   1049.010      25177  1030.8850  1030.8827    34.4753    34.4727    7.96853         24 0.0000e+00
    683.000    674.820     0.3419  29.241066     0.3442  29.240920     4.6563     4.7383    -0.0004    94.4728 1.0000e-12  -74.11421 -112.48356  28.213495      99.82 5.1796e+01   1050.003      25201  1030.8897  1030.8873    34.4754    34.4727    7.96844         24 0.0000e+00
    684.000    675.809     0.3426  29.242557     0.3449  29.242435     4.6545     4.7380    -0.0007    94.4954 1.0000e-12  -74.11420 -112.48356  28.213507      99.82 5.2181e+01   1051.042      25226  1030.8948  1030.8924    34.4760    34.4732    7.96826         25 0.0000e+00
    685.000    676.793     0.3432  29.243967     0.3455  29.243791     4.6537     4.7357    -0.0004    94.5012 1.0000e-12  -74.11420 -112.48356  28.213519      99.82 5.2960e+01   1052.063      25251  1030.8999  1030.8975    34.4765    34.4737    7.96810         24 0.0000e+00
    686.000    677.781     0.3434  29.244561     0.3457  29.244367     4.6536     4.7349    -0.0029    94.5064 1.0000e-12  -74.11420 -112.48356  28.213531      99.82 5.1580e+01   1053.045      25274  1030.9046  1030.9022    34.4766    34.4738    7.96807         23 0.0000e+00
    687.000    678.766     0.3433  29.245028     0.3458  29.244941     4.6547     4.7307    -0.0086    94.5141 1.0000e-12  -74.11420 -112.48356  28.213542      99.82 5.1858e+01   1054.022      25298  1030.9094  1030.9069    34.4766    34.4738    7.96807         24 0.0000e+00
    688.000    679.753     0.3435  29.245514     0.3458  29.245488     4.6496     4.7377    -0.0092    94.5034 1.0000e-12  -74.11420 -112.48356  28.213553      99.81 5.2810e+01   1055.018      25321  1030.9140  1030.9117    34.4765    34.4739    7.96804         24 0.0000e+00
    689.000    680.739     0.3436  29.246109     0.3459  29.246008     4.6494     4.7344    -0.0077    94.5128 1.0000e-12  -74.11420 -112.48356  28.213566      99.82 5.1668e+01   1056.060      25346  1030.9187  1030.9164    34.4766    34.4739    7.96801         26 0.0000e+00
    690.000    681.727     0.3436  29.246614     0.3460  29.246480     4.6544     4.7346    -0.0005    94.5162 1.0000e-12  -74.11420 -112.48356  28.213577      99.82 5.2146e+01   1057.092      25371  1030.9234  1030.9211    34.4766    34.4739    7.96801         24 0.0000e+00
    691.000    682.712     0.3440  29.247390     0.3462  29.247256     4.6472     4.7362     0.0063    94.5173 1.0000e-12  -74.11420 -112.48356  28.213589      93.23 5.2591e+01   1058.100      25395  1030.9282  1030.9259    34.4767    34.4741    7.96793         24 0.0000e+00
    692.000    683.700     0.3451  29.249359     0.3474  29.249213     4.6526     4.7378     0.0066    94.5195 1.0000e-12  -74.11420 -112.48356  28.213601      85.93 5.1634e+01   1059.108      25420  1030.9334  1030.9310    34.4775    34.4747    7.96767         24 0.0000e+00
    693.000    684.684     0.3460  29.250909     0.3484  29.250794     4.6647     4.7382     0.0128    94.5150 1.0000e-12  -74.11420 -112.48356  28.213613      95.00 5.1476e+01   1060.128      25444  1030.9383  1030.9359    34.4780    34.4751    7.96746         25 0.0000e+00
    694.000    685.671     0.3465  29.251988     0.3488  29.251849     4.6625     4.7387     0.0036    94.4999 1.0000e-12  -74.11420 -112.48356  28.213624      98.37 5.2784e+01   1061.142      25468  1030.9431  1030.9408    34.4782    34.4754    7.96733         25 0.0000e+00
    695.000    686.658     0.3475  29.253572     0.3498  29.253507     4.6445     4.7385    -0.0057    94.4975 1.0000e-12  -74.11420 -112.48356  28.213636      99.78 5.2130e+01   1062.180      25493  1030.9480  1030.9458    34.4785    34.4759    7.96710         25 0.0000e+00
    696.000    687.643     0.3485  29.255206     0.3506  29.255076     4.6513     4.7394    -0.0044    94.5151 1.0000e-12  -74.11420 -112.48356  28.213648      99.82 5.1785e+01   1063.227      25518  1030.9530  1030.9508    34.4790    34.4765    7.96688         24 0.0000e+00
    697.000    688.632     0.3495  29.257202     0.3519  29.257085     4.6495     4.7404    -0.0047    94.5141 1.0000e-12  -74.11420 -112.48356  28.213660      99.82 5.2883e+01   1064.226      25542  1030.9583  1030.9559    34.4799    34.4771    7.96661         24 0.0000e+00
