ocean_section_plots/required_files/ctd/dnbp2202_ctd230.cnv
* Sea-Bird SBE 9 Data File:
* FileName = D:\Data\raw\NBP2202_CTD230.hex
* Software Version Seasave V 7.26.7.121
* Temperature SN = 1649
* Conductivity SN = 2513
* Number of Bytes Per Scan = 40
* Number of Voltage Words = 5
* Number of Scans Averaged by the Deck Unit = 1
* NMEA Latitude = 73 59.06 S
* NMEA Longitude = 113 23.14 W
* NMEA UTC (Time) = Feb 13 2022  02:22:19
* NMEA baud rate = 9600
** Ship: RVIB N.B. Palmer
** Cruise: NBP2202 Thwaites
** Station: 141
** Operator: A. Robinson
# nquan = 28
# nvalues = 252                         
# units = specified
# name 0 = prDM: Pressure, Digiquartz [db]
# name 1 = depSM: Depth [salt water, m]
# name 2 = t090C: Temperature [ITS-90, deg C]
# name 3 = c0mS/cm: Conductivity [mS/cm]
# name 4 = t190C: Temperature, 2 [ITS-90, deg C]
# name 5 = c1mS/cm: Conductivity, 2 [mS/cm]
# name 6 = sbeox0ML/L: Oxygen, SBE 43 [ml/l]
# name 7 = sbeox1ML/L: Oxygen, SBE 43, 2 [ml/l]
# name 8 = flECO-AFL: Fluorescence, WET Labs ECO-AFL/FL [mg/m^3]
# name 9 = CStarTr0: Beam Transmission, WET Labs C-Star [%]
# name 10 = par: PAR/Irradiance, Biospherical/Licor
# name 11 = latitude: Latitude [deg]
# name 12 = longitude: Longitude [deg]
# name 13 = timeJ: Julian Days
# name 14 = altM: Altimeter [m]
# name 15 = spar: SPAR, Biospherical/Licor
# name 16 = timeS: Time, Elapsed [seconds]
# name 17 = scan: Scan Count
# name 18 = density00: Density [density, kg/m^3]
# name 19 = density11: Density, 2 [density, kg/m^3]
# name 20 = v3: Voltage 3
# name 21 = v4: Voltage 4
# name 22 = v5: Voltage 5
# name 23 = sal00: Salinity, Practical [PSU]
# name 24 = sal11: Salinity, Practical, 2 [PSU]
# name 25 = oxsolML/L: Oxygen Saturation, Garcia & Gordon [ml/l]
# name 26 = nbin: number of scans per bin
# name 27 = flag: flag
# span 0 =      2.000,    253.000       
# span 1 =      1.986,    250.230       
# span 2 =    -1.4334,    -0.7341       
# span 3 =  27.108719,  27.689156       
# span 4 =    -1.4335,    -0.6765       
# span 5 =  27.108771,  27.688952       
# span 6 =     5.4138,     8.7061       
# span 7 =     5.6029,     9.0359       
# span 8 =     0.3064,    19.4452       
# span 9 =    77.9225,    96.5112       
# span 10 = 1.0000e-12, 3.6912e+02      
# span 11 =  -73.98444,  -73.98442      
# span 12 = -113.38582, -113.38576      
# span 13 =  44.101470,  44.105744      
# span 14 =       3.51,     100.50      
# span 15 = 3.3128e+02, 1.0739e+03      
# span 16 =    227.966,    597.269      
# span 17 =       5472,      14335      
# span 18 =  1027.1558,  1028.6146      
# span 19 =  1027.1495,  1028.6137      
# span 20 =     3.6970,     4.5784      
# span 21 =     0.1055,     3.4606      
# span 22 =     0.1163,     0.2264      
# span 23 =    33.7569,    34.0792      
# span 24 =    33.7620,    34.0782      
# span 25 =    8.23719,    8.38196      
# span 26 =         21,         46      
# span 27 = 0.0000e+00, 0.0000e+00      
# interval = decibars: 1                
# start_time = Feb 13 2022 02:22:19 [NMEA time, header]
# bad_flag = -9.990e-29
*END*
[from data line 156]
    158.000    156.306    -1.3839  27.157099    -1.3854  27.157349     6.1395     6.3896     2.5276    93.1068 1.0000e-12  -73.98444 -113.38580  44.103835      99.23 1.0639e+03    432.323      10377  1028.0639  1028.0656     4.4169     0.3895     0.1302    33.9371    33.9391    8.37125         23 0.0000e+00
    159.000    157.296    -1.3792  27.162262    -1.3810  27.162025     6.1703     6.4213     2.6361    93.7058 1.0000e-12  -73.98444 -113.38578  44.103846      98.91 1.0648e+03    433.305      10400  1028.0693  1028.0708     4.4453     0.4256     0.1265    33.9382    33.9399    8.37011         24 0.0000e+00
    160.000    158.284    -1.3829  27.158872    -1.3867  27.157480     6.1915     6.4284     2.7955    93.4556 1.0000e-12  -73.98444 -113.38580  44.103857      97.65 1.0646e+03    434.269      10423  1028.0736  1028.0757     4.4335     0.5035     0.1237    33.9371    33.9395    8.37101         22 0.0000e+00
    161.000    159.274    -1.3952  27.149458    -1.3975  27.148949     6.1961     6.4248     1.4491    93.8344 1.0000e-12  -73.98444 -113.38580  44.103868      96.67 1.0630e+03    435.233      10447  1028.0795  1028.0811     4.4515     0.3283     0.1218    33.9375    33.9394    8.37375         24 0.0000e+00
    162.000    160.263    -1.3920  27.153878    -1.3924  27.154637     6.2082     6.4258     2.1409    94.2674 1.0000e-12  -73.98444 -113.38578  44.103880      95.86 1.0647e+03    436.205      10470  1028.0856  1028.0867     4.4720     0.5054     0.1273    33.9394    33.9408    8.37293         23 0.0000e+00
    163.000    161.251    -1.3938  27.152605    -1.3940  27.153896     6.2009     6.4207     2.3743    94.2328 1.0000e-12  -73.98444 -113.38578  44.103891      94.81 1.0634e+03    437.178      10493  1028.0903  1028.0918     4.4702     0.3688     0.1224    33.9391    33.9410    8.37336         23 0.0000e+00
    164.000    162.239    -1.3946  27.153670    -1.3963  27.153449     6.1852     6.4158     2.2759    93.7902 1.0000e-12  -73.98444 -113.38578  44.103902      94.00 1.0625e+03    438.143      10516  1028.0965  1028.0979     4.4495     0.4290     0.1229    33.9407    33.9424    8.37342         24 0.0000e+00
    165.000    163.229    -1.3919  27.156815    -1.3932  27.157046     6.1784     6.4005     2.0208    93.3900 1.0000e-12  -73.98444 -113.38580  44.103913      93.00 1.0638e+03    439.115      10540  1028.1016  1028.1031     4.4304     0.3450     0.1338    33.9414    33.9432    8.37278         23 0.0000e+00
    166.000    164.217    -1.3882  27.160661    -1.3897  27.160534     6.2184     6.4315     1.7861    93.5910 1.0000e-12  -73.98444 -113.38580  44.103925      91.87 1.0623e+03    440.090      10563  1028.1066  1028.1079     4.4399     0.2957     0.1326    33.9419    33.9434    8.37193         23 0.0000e+00
    167.000    165.205    -1.3928  27.157584    -1.3942  27.157669     6.2840     6.4930     1.7508    93.9265 1.0000e-12  -73.98444 -113.38580  44.103936      91.15 1.0583e+03    441.058      10586  1028.1120  1028.1134     4.4558     0.3395     0.1163    33.9422    33.9439    8.37294         23 0.0000e+00
    168.000    166.197    -1.4092  27.143698    -1.4075  27.147037     6.3238     6.5335     1.8717    94.0620 1.0000e-12  -73.98444 -113.38580  44.103947      90.04 1.0601e+03    442.043      10610  1028.1170  1028.1190     4.4622     0.4157     0.1252    33.9412    33.9438    8.37670         25 0.0000e+00
    169.000    167.183    -1.4334  27.126224    -1.4335  27.126936     6.3250     6.5484     1.6586    94.6062 1.0000e-12  -73.98444 -113.38580  44.103959      88.70 1.0585e+03    443.028      10634  1028.1254  1028.1264     4.4879     0.4317     0.1300    33.9439    33.9450    8.38196         23 0.0000e+00
    170.000    168.174    -1.4298  27.130337    -1.4312  27.130343     6.3180     6.5400     2.4701    94.2545 1.0000e-12  -73.98444 -113.38580  44.103970      87.49 1.0567e+03    443.997      10657  1028.1307  1028.1320     4.4714     0.3645     0.1254    33.9449    33.9465    8.38111         23 0.0000e+00
    171.000    169.162    -1.4243  27.136474    -1.4259  27.136327     6.3070     6.5278     2.4216    94.0695 1.0000e-12  -73.98444 -113.38579  44.103981      86.89 1.0575e+03    444.970      10680  1028.1363  1028.1377     4.4626     0.3807     0.1199    33.9465    33.9480    8.37977         24 0.0000e+00
    172.000    170.152    -1.4225  27.138694    -1.4243  27.138396     6.2910     6.5160     1.5181    93.9502 1.0000e-12  -73.98444 -113.38578  44.103992      85.42 1.0584e+03    445.947      10704  1028.1412  1028.1426     4.4570     0.3580     0.1241    33.9468    33.9484    8.37934         23 0.0000e+00
    173.000    171.139    -1.4220  27.139871    -1.4234  27.139728     6.2712     6.4999     2.1676    93.8993 1.0000e-12  -73.98444 -113.38579  44.104004      84.76 1.0561e+03    446.922      10727  1028.1463  1028.1475     4.4546     0.3585     0.1219    33.9472    33.9487    8.37920         23 0.0000e+00
    174.000    172.128    -1.4196  27.142695    -1.4208  27.142696     6.2513     6.4881     2.1684    94.0075 1.0000e-12  -73.98444 -113.38579  44.104015      83.76 1.0571e+03    447.894      10750  1028.1513  1028.1525     4.4596     0.4402     0.1289    33.9478    33.9492    8.37863         24 0.0000e+00
    175.000    173.118    -1.4154  27.147430    -1.4183  27.145655     6.2316     6.4719     2.3226    93.8139 1.0000e-12  -73.98444 -113.38579  44.104026      82.85 1.0572e+03    448.867      10774  1028.1567  1028.1575     4.4505     0.3674     0.1212    33.9490    33.9497    8.37762         23 0.0000e+00
    176.000    174.105    -1.4112  27.151727    -1.4135  27.151094     6.2198     6.4571     2.4901    94.2828 1.0000e-12  -73.98444 -113.38579  44.104037      81.74 1.0570e+03    449.839      10797  1028.1617  1028.1632     4.4727     0.4216     0.1248    33.9495    33.9512    8.37665         23 0.0000e+00
    177.000    175.095    -1.4086  27.154938    -1.4101  27.154737     6.1972     6.4343     1.6966    94.3751 1.0000e-12  -73.98444 -113.38579  44.104049      80.86 1.0565e+03    450.806      10820  1028.1670  1028.1682     4.4770     0.4575     0.1212    33.9503    33.9517    8.37601         24 0.0000e+00
    178.000    176.084    -1.4073  27.156785    -1.4082  27.157270     6.1720     6.4141     1.7132    94.0657 1.0000e-12  -73.98444 -113.38580  44.104060      79.94 1.0566e+03    451.776      10844  1028.1721  1028.1734     4.4624     0.4129     0.1192    33.9508    33.9524    8.37569         23 0.0000e+00
    179.000    177.072    -1.4034  27.161403    -1.4066  27.159295     6.1648     6.4045     1.7170    93.9509 1.0000e-12  -73.98444 -113.38580  44.104071      78.79 1.0572e+03    452.742      10867  1028.1777  1028.1785     4.4570     0.2809     0.1219    33.9521    33.9528    8.37474         23 0.0000e+00
    180.000    178.060    -1.3979  27.167482    -1.3991  27.167094     6.0762     6.3283     1.8002    94.3829 1.0000e-12  -73.98444 -113.38580  44.104082      77.52 1.0569e+03    453.705      10890  1028.1833  1028.1841     4.4774     0.2831     0.1205    33.9535    33.9544    8.37341         23 0.0000e+00
    181.000    179.051    -1.3912  27.173999    -1.3929  27.173471     5.9203     6.1818     1.8721    94.0511 1.0000e-12  -73.98444 -113.38580  44.104093      76.69 1.0581e+03    454.679      10913  1028.1884  1028.1894     4.4617     0.4914     0.1221    33.9543    33.9555    8.37186         23 0.0000e+00
    182.000    180.039    -1.3640  27.201858    -1.3595  27.205097     5.7700     6.0393     1.7195    94.5316 1.0000e-12  -73.98444 -113.38580  44.104105      75.72 1.0573e+03    455.651      10937  1028.1969  1028.1961     4.4845     0.4428     0.1236    33.9611    33.9605    8.36535         24 0.0000e+00
    183.000    181.026    -1.2878  27.268267    -1.2911  27.265726     5.6926     5.9576     2.3816    94.7825 1.0000e-12  -73.98444 -113.38580  44.104116      74.73 1.0564e+03    456.619      10960  1028.2004  1028.2007     4.4963     0.5140     0.1247    33.9653    33.9654    8.34804         23 0.0000e+00
    184.000    182.017    -1.2766  27.278859    -1.2757  27.279853     5.7223     5.9659     2.5169    94.5607 1.0000e-12  -73.98444 -113.38580  44.104127      73.86 1.0576e+03    457.586      10983  1028.2057  1028.2060     4.4859     0.2177     0.1264    33.9664    33.9668    8.34546         23 0.0000e+00
    185.000    183.006    -1.2552  27.297941    -1.2553  27.298309     5.8208     6.0417     1.6795    94.7733 1.0000e-12  -73.98444 -113.38580  44.104138      72.76 1.0574e+03    458.549      11006  1028.2106  1028.2111     4.4959     0.3019     0.1217    33.9677    33.9683    8.34061         23 0.0000e+00
    186.000    183.993    -1.2882  27.270668    -1.2930  27.268750     5.9204     6.1256     1.7525    94.6249 1.0000e-12  -73.98444 -113.38580  44.104149      71.69 1.0545e+03    459.519      11029  1028.2175  1028.2200     4.4889     0.2068     0.1241    33.9672    33.9699    8.34802         24 0.0000e+00
    187.000    184.983    -1.3205  27.245733    -1.3238  27.244261     5.9880     6.1862     0.7944    94.2991 1.0000e-12  -73.98444 -113.38580  44.104161      70.70 1.0573e+03    460.501      11053  1028.2260  1028.2276     4.4734     0.2364     0.1237    33.9689    33.9706    8.35513         23 0.0000e+00
    188.000    185.971    -1.3382  27.232294    -1.3411  27.231027     6.0339     6.2305     1.9673    95.0981 1.0000e-12  -73.98444 -113.38580  44.104172      69.60 1.0558e+03    461.473      11076  1028.2329  1028.2343     4.5114     0.2078     0.1226    33.9699    33.9715    8.35904         24 0.0000e+00
    189.000    186.961    -1.3481  27.225050    -1.3520  27.223053     6.0683     6.2602     1.6331    95.3316 1.0000e-12  -73.98444 -113.38580  44.104183      68.61 1.0549e+03    462.444      11100  1028.2389  1028.2405     4.5226     0.2370     0.1239    33.9705    33.9722    8.36122         23 0.0000e+00
    190.000    187.949    -1.3585  27.217152    -1.3598  27.217402     6.0827     6.2805     1.5315    95.5574 1.0000e-12  -73.98444 -113.38580  44.104195      67.78 1.0567e+03    463.415      11123  1028.2446  1028.2461     4.5330     0.2859     0.1287    33.9709    33.9727    8.36353         23 0.0000e+00
    191.000    188.938    -1.3687  27.209518    -1.3696  27.209910     6.0819     6.2957     1.3578    94.7573 1.0000e-12  -73.98442 -113.38580  44.104206      66.53 1.0560e+03    464.380      11146  1028.2504  1028.2516     4.4952     0.3612     0.1250    33.9713    33.9729    8.36579         23 0.0000e+00
    192.000    189.926    -1.3686  27.209622    -1.3699  27.209443     6.1018     6.3177     1.4745    95.1718 1.0000e-12  -73.98444 -113.38580  44.104217      65.49 1.0544e+03    465.332      11169  1028.2547  1028.2557     4.5149     0.4545     0.1195    33.9708    33.9720    8.36581         23 0.0000e+00
    193.000    190.915    -1.3774  27.202519    -1.3790  27.202416     6.1156     6.3249     1.8717    95.2303 1.0000e-12  -73.98442 -113.38580  44.104228      64.49 1.0558e+03    466.304      11192  1028.2597  1028.2610     4.5176     0.2757     0.1247    33.9704    33.9720    8.36781         24 0.0000e+00
    194.000    191.904    -1.3797  27.201639    -1.3818  27.200670     6.0898     6.3100     2.0374    95.1118 1.0000e-12  -73.98444 -113.38580  44.104239      63.65 1.0556e+03    467.285      11216  1028.2651  1028.2660     4.5120     0.3599     0.1231    33.9712    33.9722    8.36828         23 0.0000e+00
    195.000    192.892    -1.3792  27.202112    -1.3853  27.198366     6.0854     6.2975     1.6225    94.9388 1.0000e-12  -73.98442 -113.38580  44.104251      62.54 1.0544e+03    468.248      11239  1028.2694  1028.2711     4.5038     0.3082     0.1249    33.9707    33.9724    8.36820         23 0.0000e+00
    196.000    193.883    -1.3733  27.207782    -1.3737  27.208228     6.1154     6.3250     1.7217    94.9599 1.0000e-12  -73.98442 -113.38580  44.104262      61.55 1.0561e+03    469.210      11262  1028.2741  1028.2749     4.5047     0.2990     0.1186    33.9711    33.9722    8.36685         23 0.0000e+00
    197.000    194.870    -1.3728  27.207953    -1.3720  27.209955     6.1483     6.3574     1.4437    94.7389 1.0000e-12  -73.98442 -113.38580  44.104273      60.39 1.0573e+03    470.178      11285  1028.2781  1028.2794     4.4944     0.2534     0.1252    33.9702    33.9720    8.36679         23 0.0000e+00
    198.000    195.859    -1.3939  27.191493    -1.3903  27.195254     6.1628     6.3737     1.3043    94.4442 1.0000e-12  -73.98442 -113.38580  44.104284      59.29 1.0559e+03    471.138      11308  1028.2846  1028.2853     4.4803     0.2628     0.1210    33.9708    33.9719    8.37148         23 0.0000e+00
    199.000    196.848    -1.4024  27.186024    -1.4034  27.186026     6.1664     6.3775     1.2296    95.1392 1.0000e-12  -73.98442 -113.38580  44.104295      58.30 1.0574e+03    472.102      11331  1028.2912  1028.2921     4.5133     0.3310     0.1250    33.9724    33.9735    8.37330         24 0.0000e+00
    200.000    197.836    -1.4015  27.188009    -1.4025  27.188178     6.1614     6.3760     1.1719    94.4986 1.0000e-12  -73.98442 -113.38580  44.104306      57.18 1.0566e+03    473.076      11355  1028.2966  1028.2978     4.4829     0.3141     0.1257    33.9734    33.9747    8.37303         23 0.0000e+00
    201.000    198.825    -1.4008  27.190257    -1.4020  27.190073     6.1534     6.3650     1.3714    94.3547 1.0000e-12  -73.98442 -113.38580  44.104318      56.26 1.0554e+03    474.067      11379  1028.3026  1028.3035     4.4761     0.3621     0.1194    33.9751    33.9762    8.37278         24 0.0000e+00
    202.000    199.814    -1.3998  27.191873    -1.4008  27.191899     6.1467     6.3621     1.4824    94.6648 1.0000e-12  -73.98442 -113.38580  44.104330      55.29 1.0565e+03    475.078      11403  1028.3076  1028.3087     4.4909     0.3843     0.1230    33.9755    33.9767    8.37252         25 0.0000e+00
    203.000    200.803    -1.3979  27.194535    -1.3990  27.194366     6.1348     6.3501     1.4580    94.9481 1.0000e-12  -73.98442 -113.38580  44.104342      54.25 1.0569e+03    476.127      11428  1028.3130  1028.3138     4.5042     0.3401     0.1208    33.9765    33.9775    8.37205         25 0.0000e+00
    204.000    201.791    -1.3969  27.196086    -1.3977  27.196086     6.1079     6.3275     2.3516    94.3495 1.0000e-12  -73.98442 -113.38580  44.104354      53.22 1.0564e+03    477.216      11454  1028.3179  1028.3187     4.4758     0.3946     0.1236    33.9768    33.9777    8.37180         27 0.0000e+00
    205.000    202.780    -1.3907  27.202996    -1.3916  27.202693     6.0609     6.2810     2.2669    94.0770 1.0000e-12  -73.98442 -113.38580  44.104367      52.01 1.0549e+03    478.341      11481  1028.3237  1028.3243     4.4631     0.3605     0.1240    33.9786    33.9793    8.37029         27 0.0000e+00
    206.000    203.767    -1.3791  27.215989    -1.3795  27.216012     6.0124     6.2436     1.8011    94.6058 1.0000e-12  -73.98442 -113.38580  44.104380      51.06 1.0562e+03    479.472      11508  1028.3311  1028.3314     4.4878     0.3160     0.1226    33.9827    33.9832    8.36745         27 0.0000e+00
    207.000    204.757    -1.3480  27.245482    -1.3496  27.244016     5.9774     6.2205     1.5044    93.9542 1.0000e-12  -73.98442 -113.38580  44.104394      50.06 1.0560e+03    480.613      11536  1028.3376  1028.3376     4.4572     0.2976     0.1209    33.9873    33.9872    8.36020         28 0.0000e+00
    208.000    205.745    -1.3435  27.250559    -1.3450  27.249017     5.9995     6.2196     1.5543    94.1846 1.0000e-12  -73.98442 -113.38580  44.104407      48.85 1.0554e+03    481.777      11564  1028.3433  1028.3430     4.4679     0.2781     0.1204    33.9886    33.9882    8.35911         28 0.0000e+00
