ocean_section_plots/required_files/ctd/dnbp2202_ctd287.cnv
* Sea-Bird SBE 9 Data File:
* FileName = D:\Data\raw\NBP2202_CTD287.hex
* Software Version Seasave V 7.26.7.121
* Temperature SN = 1649
* Conductivity SN = 2513
* Number of Bytes Per Scan = 40
* Number of Voltage Words = 5
* Number of Scans Averaged by the Deck Unit = 1
* NMEA Latitude = 74 08.15 S
* NMEA Longitude = 115 10.57 W
* NMEA UTC (Time) = Feb 22 2022  13:44:52
* NMEA baud rate = 9600
** Ship: RVIB N.B. Palmer
** Cruise: NBP2202 Thwaites
** Station: 189
** Operator: B. Bjork
# nquan = 28
# nvalues = 680                         
# units = specified
# name 0 = prDM: Pressure, Digiquartz [db]
# name 1 = depSM: Depth [salt water, m]
# name 2 = t090C: Temperature [ITS-90, deg C]
# name 3 = c0mS/cm: Conductivity [mS/cm]
# name 4 = t190C: Temperature, 2 [ITS-90, deg C]
# name 5 = c1mS/cm: Conductivity, 2 [mS/cm]
# name 6 = sbeox0ML/L: Oxygen, SBE 43 [ml/l]
# name 7 = sbeox1ML/L: Oxygen, SBE 43, 2 [ml/l]
# name 8 = flECO-AFL: Fluorescence, WET Labs ECO-AFL/FL [mg/m^3]
# name 9 = CStarTr0: Beam Transmission, WET Labs C-Star [%]
# name 10 = par: PAR/Irradiance, Biospherical/Licor
# name 11 = latitude: Latitude [deg]
# name 12 = longitude: Longitude [deg]
# name 13 = timeJ: Julian Days
# name 14 = altM: Altimeter [m]
# name 15 = spar: SPAR, Biospherical/Licor
# name 16 = timeS: Time, Elapsed [seconds]
# name 17 = scan: Scan Count
# name 18 = density00: Density [density, kg/m^3]
# name 19 = density11: Density, 2 [density, kg/m^3]
# name 20 = v3: Voltage 3
# name 21 = v4: Voltage 4
# name 22 = v5: Voltage 5
# name 23 = sal00: Salinity, Practical [PSU]
# name 24 = sal11: Salinity, Practical, 2 [PSU]
# name 25 = oxsolML/L: Oxygen Saturation, Garcia & Gordon [ml/l]
# name 26 = nbin: number of scans per bin
# name 27 = flag: flag
# span 0 =      1.000,    680.000       
# span 1 =      0.932,    671.863       
# span 2 =    -1.8426,     0.3811       
# span 3 =  26.948297,  29.306952       
# span 4 =    -1.8418,     0.3840       
# span 5 =  26.948938,  29.308131       
# span 6 =     4.6471,     8.8052       
# span 7 =     4.7537,     9.0879       
# span 8 =     0.1692,     8.1056       
# span 9 =    88.5225,    97.8501       
# span 10 = 1.0000e-12, 1.0642e+02      
# span 11 =  -74.13598,  -74.13596      
# span 12 = -115.17627, -115.17618      
# span 13 =  53.575473,  53.585255      
# span 14 =       0.29,     165.89      
# span 15 = 1.6385e+02, 1.8528e+02      
# span 16 =    228.933,   1074.068      
# span 17 =       5495,      25779      
# span 18 =  1027.1766,  1030.9063      
# span 19 =  1027.1779,  1030.9023      
# span 20 =     4.2273,     4.6419      
# span 21 =     0.0922,     1.2541      
# span 22 =     0.1092,     0.2474      
# span 23 =    33.8081,    34.5212      
# span 24 =    33.8085,    34.5187      
# span 25 =    7.95781,    8.46598      
# span 26 =          1,         44      
# span 27 = 0.0000e+00, 0.0000e+00      
# interval = decibars: 1                
# start_time = Feb 22 2022 13:44:52 [NMEA time, header]
# bad_flag = -9.990e-29
*END*
[from data line 467]
    468.000    462.634    -1.4856  27.391707    -1.4831  27.392372     6.2039     6.3707     0.4541    97.3112 1.0000e-12  -74.13598 -115.17622  53.581733      99.91 1.7916e+02    769.731      18475  1029.7482  1029.7465     4.6163     0.1246     0.1146    34.1838    34.1819    8.37943         24 0.0000e+00
    469.000    463.621    -1.4764  27.400293    -1.4747  27.400189     6.1942     6.3545     0.3506    97.3321 1.0000e-12  -74.13598 -115.17622  53.581745      99.89 1.8137e+02    770.754      18499  1029.7532  1029.7515     4.6172     0.2019     0.1236    34.1845    34.1825    8.37732         25 0.0000e+00
    470.000    464.609    -1.4574  27.418703    -1.4562  27.417537     6.1806     6.3405     0.3719    97.2708 1.0000e-12  -74.13598 -115.17622  53.581757      99.90 1.7757e+02    771.782      18524  1029.7594  1029.7569     4.6144     0.1678     0.1164    34.1876    34.1846    8.37286         24 0.0000e+00
    471.000    465.595    -1.4410  27.433059    -1.4404  27.432180     6.1739     6.3313     0.7207    97.2047 1.0000e-12  -74.13598 -115.17622  53.581768      99.90 1.7911e+02    772.791      18548  1029.7636  1029.7621     4.6112     0.1527     0.1160    34.1880    34.1861    8.36916         24 0.0000e+00
    472.000    466.583    -1.4367  27.437392    -1.4358  27.436804     6.1732     6.3261     0.4814    97.3197 1.0000e-12  -74.13598 -115.17622  53.581780      99.90 1.8259e+02    773.821      18573  1029.7687  1029.7673     4.6167     0.1432     0.1137    34.1884    34.1866    8.36816         25 0.0000e+00
    473.000    467.574    -1.4332  27.441152    -1.4324  27.440253     6.1666     6.3207     0.3799    97.2212 1.0000e-12  -74.13598 -115.17622  53.581792      99.90 1.7781e+02    774.833      18597  1029.7740  1029.7723     4.6120     0.1788     0.1145    34.1889    34.1868    8.36734         24 0.0000e+00
    474.000    468.557    -1.4267  27.447203    -1.4253  27.447114     6.1543     6.3141     0.4996    97.2002 1.0000e-12  -74.13598 -115.17622  53.581804      99.91 1.7819e+02    775.834      18621  1029.7789  1029.7773     4.6109     0.1297     0.1154    34.1893    34.1875    8.36586         25 0.0000e+00
    475.000    469.547    -1.4185  27.455580    -1.4157  27.456368     6.1628     6.3149     0.4483    96.9932 1.0000e-12  -74.13598 -115.17622  53.581816      74.79 1.8419e+02    776.861      18646  1029.7845  1029.7826     4.6013     0.1703     0.1158    34.1908    34.1887    8.36393         24 0.0000e+00
    476.000    470.533    -1.4124  27.461518    -1.4105  27.461828     6.1735     6.3217     0.4233    97.2385 1.0000e-12  -74.13598 -115.17622  53.581827      89.75 1.7854e+02    777.889      18670  1029.7896  1029.7881     4.6129     0.1582     0.1182    34.1914    34.1897    8.36253         25 0.0000e+00
    477.000    471.520    -1.4221  27.453124    -1.4207  27.453496     6.1755     6.3287     0.4951    97.1413 1.0000e-12  -74.13598 -115.17622  53.581839      58.79 1.7740e+02    778.888      18694  1029.7944  1029.7935     4.6083     0.1447     0.1161    34.1903    34.1892    8.36477         24 0.0000e+00
    478.000    472.509    -1.4303  27.447451    -1.4287  27.447583     6.1775     6.3346     0.4650    97.1949 1.0000e-12  -74.13598 -115.17622  53.581851      99.82 1.8326e+02    779.915      18719  1029.8007  1029.7993     4.6108     0.1436     0.1162    34.1913    34.1896    8.36656         25 0.0000e+00
    479.000    473.495    -1.4259  27.451662    -1.4245  27.451649     6.1750     6.3274     0.3460    97.3033 1.0000e-12  -74.13598 -115.17622  53.581863      99.90 1.7753e+02    780.950      18744  1029.8054  1029.8040     4.6159     0.1450     0.1148    34.1915    34.1898    8.36556         25 0.0000e+00
    480.000    474.483    -1.4269  27.451021    -1.4251  27.451538     6.1796     6.3275     0.3341    97.1231 1.0000e-12  -74.13598 -115.17622  53.581874      99.90 1.7696e+02    781.957      18768  1029.8101  1029.8088     4.6074     0.1225     0.1186    34.1910    34.1897    8.36580         24 0.0000e+00
    481.000    475.470    -1.4251  27.453304    -1.4237  27.453314     6.1825     6.3365     0.4794    96.9282 1.0000e-12  -74.13598 -115.17622  53.581886      99.90 1.8345e+02    782.984      18793  1029.8152  1029.8138     4.5982     0.1232     0.1128    34.1915    34.1899    8.36537         25 0.0000e+00
    482.000    476.456    -1.4234  27.455215    -1.4216  27.455445     6.1703     6.3161     0.8452    97.2528 1.0000e-12  -74.13598 -115.17622  53.581898      99.90 1.7809e+02    784.026      18818  1029.8200  1029.8185     4.6136     0.1656     0.1179    34.1916    34.1899    8.36498         24 0.0000e+00
    483.000    477.446    -1.4213  27.457730    -1.4199  27.457559     6.1517     6.2960     0.4598    97.2992 1.0000e-12  -74.13598 -115.17622  53.581910      99.90 1.7699e+02    785.045      18842  1029.8251  1029.8235     4.6157     0.1271     0.1183    34.1920    34.1902    8.36449         25 0.0000e+00
    484.000    478.431    -1.4036  27.474530    -1.4005  27.475314     6.1203     6.2706     0.3014    97.0722 1.0000e-12  -74.13598 -115.17622  53.581922      99.90 1.8290e+02    786.080      18867  1029.8304  1029.8283     4.6050     0.1175     0.1128    34.1943    34.1919    8.36037         25 0.0000e+00
    485.000    479.420    -1.3910  27.485566    -1.3856  27.488924     6.1109     6.2654     0.3944    97.1388 1.0000e-12  -74.13598 -115.17624  53.581934      99.90 1.7760e+02    787.116      18892  1029.8345  1029.8329     4.6082     0.1183     0.1138    34.1945    34.1929    8.35754         25 0.0000e+00
    486.000    480.407    -1.3724  27.503774    -1.3718  27.502165     6.0917     6.2625     0.3327    97.0558 1.0000e-12  -74.13598 -115.17622  53.581946      99.90 1.7646e+02    788.120      18916  1029.8407  1029.8384     4.6042     0.1701     0.1147    34.1977    34.1948    8.35319         24 0.0000e+00
    487.000    481.394    -1.3610  27.513278    -1.3597  27.513192     6.0658     6.2293     0.2718    97.2809 1.0000e-12  -74.13598 -115.17624  53.581958      99.90 1.8313e+02    789.136      18940  1029.8443  1029.8431     4.6149     0.1409     0.1140    34.1971    34.1956    8.35066         24 0.0000e+00
    488.000    482.383    -1.3459  27.529374    -1.3443  27.528322     6.0323     6.1901     0.4694    97.4778 1.0000e-12  -74.13598 -115.17622  53.581970      87.36 1.7848e+02    790.165      18965  1029.8517  1029.8489     4.6242     0.1204     0.1141    34.2014    34.1981    8.34704         24 0.0000e+00
    489.000    483.369    -1.2996  27.571209    -1.2980  27.570590     6.0161     6.1835     0.4312    97.3919 1.0000e-12  -74.13598 -115.17624  53.581981      91.31 1.7627e+02    791.155      18989  1029.8564  1029.8542     4.6201     0.1362     0.1119    34.2054    34.2027    8.33645         24 0.0000e+00
    490.000    484.356    -1.2919  27.578138    -1.2903  27.578049     6.0247     6.1780     0.5149    97.3128 1.0000e-12  -74.13598 -115.17622  53.581993      99.70 1.8211e+02    792.162      19013  1029.8611  1029.8594     4.6164     0.1752     0.1171    34.2056    34.2036    8.33474         25 0.0000e+00
    491.000    485.344    -1.2926  27.578156    -1.2909  27.578180     6.0255     6.1749     0.5849    97.2047 1.0000e-12  -74.13598 -115.17624  53.582005      99.90 1.7914e+02    793.190      19038  1029.8664  1029.8648     4.6112     0.1779     0.1168    34.2057    34.2038    8.33487         24 0.0000e+00
    492.000    486.330    -1.2978  27.574469    -1.2961  27.574695     6.0226     6.1765     0.4694    97.4118 1.0000e-12  -74.13598 -115.17624  53.582016      99.90 1.7616e+02    794.182      19061  1029.8721  1029.8707     4.6210     0.1384     0.1173    34.2060    34.2044    8.33603         24 0.0000e+00
    493.000    487.318    -1.2887  27.584128    -1.2850  27.585654     6.0029     6.1580     0.3273    97.4740 1.0000e-12  -74.13598 -115.17624  53.582028      99.90 1.8141e+02    795.184      19085  1029.8782  1029.8762     4.6240     0.1631     0.1148    34.2082    34.2061    8.33386         24 0.0000e+00
    494.000    488.305    -1.2754  27.596377    -1.2735  27.596441     5.9712     6.1232     0.3411    97.2795 1.0000e-12  -74.13598 -115.17622  53.582040      99.90 1.7980e+02    796.219      19110  1029.8830  1029.8813     4.6149     0.1315     0.1168    34.2092    34.2072    8.33083         25 0.0000e+00
    495.000    489.293    -1.2516  27.619108    -1.2483  27.619641     5.9616     6.1151     0.4164    97.4817 1.0000e-12  -74.13598 -115.17622  53.582051      99.90 1.7751e+02    797.212      19134  1029.8889  1029.8863     4.6244     0.1399     0.1138    34.2126    34.2096    8.32533         23 0.0000e+00
    496.000    490.279    -1.2366  27.632052    -1.2348  27.632027     5.9472     6.1062     0.3290    97.3950 1.0000e-12  -74.13598 -115.17622  53.582062      99.90 1.7954e+02    798.197      19158  1029.8929  1029.8912     4.6203     0.1327     0.1162    34.2127    34.2106    8.32198         24 0.0000e+00
    497.000    491.268    -1.2333  27.635442    -1.2315  27.635345     5.9318     6.0840     0.3452    97.1947 1.0000e-12  -74.13598 -115.17622  53.582074      99.91 1.8031e+02    799.215      19182  1029.8979  1029.8962     4.6108     0.1200     0.1162    34.2129    34.2108    8.32123         25 0.0000e+00
    498.000    492.254    -1.2268  27.642553    -1.2252  27.641691     5.9190     6.0702     0.6186    96.9460 1.0000e-12  -74.13598 -115.17622  53.582086      99.90 1.7690e+02    800.222      19206  1029.9039  1029.9015     4.5991     0.1455     0.1180    34.2147    34.2117    8.31970         24 0.0000e+00
    499.000    493.242    -1.1980  27.668189    -1.1959  27.668158     5.9058     6.0570     0.4207    97.2078 1.0000e-12  -74.13598 -115.17622  53.582097      99.88 1.7976e+02    801.212      19230  1029.9081  1029.9060     4.6113     0.2335     0.1207    34.2163    34.2139    8.31319         24 0.0000e+00
    500.000    494.229    -1.1858  27.679540    -1.1842  27.679126     5.8936     6.0456     0.4540    97.3481 1.0000e-12  -74.13598 -115.17622  53.582109      99.90 1.8054e+02    802.225      19254  1029.9131  1029.9111     4.6180     0.1609     0.1161    34.2174    34.2150    8.31043         24 0.0000e+00
    501.000    495.217    -1.1773  27.687572    -1.1751  27.687845     5.8870     6.0391     0.4520    97.2477 1.0000e-12  -74.13598 -115.17622  53.582121      76.84 1.7713e+02    803.220      19278  1029.9181  1029.9162     4.6133     0.1631     0.1157    34.2181    34.2159    8.30850         24 0.0000e+00
    502.000    496.204    -1.1733  27.691720    -1.1696  27.693411     5.8664     6.0249     0.4117    97.3105 1.0000e-12  -74.13598 -115.17622  53.582132      88.72 1.7904e+02    804.203      19302  1029.9233  1029.9214     4.6163     0.1270     0.1210    34.2186    34.2166    8.30759         23 0.0000e+00
    503.000    497.190    -1.1587  27.704959    -1.1548  27.706793     5.8648     6.0085     0.3659    97.3622 1.0000e-12  -74.13598 -115.17622  53.582144      98.95 1.8173e+02    805.214      19326  1029.9278  1029.9261     4.6187     0.1218     0.1179    34.2194    34.2176    8.30429         25 0.0000e+00
    504.000    498.178    -1.1469  27.716414    -1.1413  27.719350     5.8523     6.0058     0.3290    97.2500 1.0000e-12  -74.13598 -115.17620  53.582155      99.89 1.7700e+02    806.219      19350  1029.9333  1029.9311     4.6133     0.1386     0.1144    34.2210    34.2187    8.30158         24 0.0000e+00
    505.000    499.165    -1.1378  27.723955    -1.1371  27.723230     5.8349     5.9911     0.3703    97.0701 1.0000e-12  -74.13598 -115.17620  53.582167      99.90 1.7821e+02    807.215      19374  1029.9371  1029.9357     4.6049     0.1311     0.1184    34.2204    34.2186    8.29960         23 0.0000e+00
    506.000    500.152    -1.1380  27.725463    -1.1340  27.726971     5.8249     5.9759     0.5030    97.1974 1.0000e-12  -74.13598 -115.17620  53.582179      60.46 1.8028e+02    808.228      19398  1029.9435  1029.9413     4.6109     0.1284     0.1175    34.2220    34.2196    8.29954         25 0.0000e+00
    507.000    501.140    -1.1099  27.751222    -1.1081  27.750624     5.8012     5.9567     0.4288    97.1706 1.0000e-12  -74.13598 -115.17620  53.582190      93.11 1.7747e+02    809.228      19422  1029.9484  1029.9460     4.6096     0.1311     0.1144    34.2246    34.2217    8.29318         24 0.0000e+00
    508.000    502.128    -1.0926  27.766895    -1.0902  27.767066     5.7677     5.9260     0.4124    97.2549 1.0000e-12  -74.13598 -115.17620  53.582202      99.87 1.7776e+02    810.223      19446  1029.9530  1029.9509     4.6136     0.1221     0.1203    34.2257    34.2233    8.28929         24 0.0000e+00
    509.000    503.114    -1.0715  27.787699    -1.0676  27.788262     5.7420     5.8930     0.4688    96.9080 1.0000e-12  -74.13598 -115.17620  53.582214      99.90 1.8202e+02    811.255      19471  1029.9594  1029.9564     4.5973     0.1286     0.1184    34.2295    34.2259    8.28440         25 0.0000e+00
    510.000    504.102    -1.0294  27.825077    -1.0272  27.825162     5.7217     5.8704     0.4468    97.1365 1.0000e-12  -74.13598 -115.17618  53.582225      99.90 1.7665e+02    812.272      19496  1029.9633  1029.9613     4.6079     0.1490     0.1181    34.2320    34.2296    8.27498         24 0.0000e+00
    511.000    505.089    -1.0226  27.831879    -1.0204  27.831784     5.7042     5.8543     0.5943    97.2694 1.0000e-12  -74.13598 -115.17620  53.582237      99.91 1.7705e+02    813.242      19519  1029.9687  1029.9665     4.6143     0.1281     0.1171    34.2329    34.2302    8.27342         23 0.0000e+00
    512.000    506.075    -1.0142  27.839884    -1.0119  27.839861     5.7044     5.8536     0.5321    97.1887 1.0000e-12  -74.13598 -115.17618  53.582248      99.89 1.8327e+02    814.240      19543  1029.9738  1029.9716     4.6105     0.1742     0.1188    34.2336    34.2310    8.27152         25 0.0000e+00
    513.000    507.064    -0.9994  27.853804    -0.9984  27.852596     5.6849     5.8435     0.4452    97.1516 1.0000e-12  -74.13598 -115.17618  53.582260      99.90 1.7774e+02    815.261      19567  1029.9791  1029.9767     4.6087     0.1581     0.1188    34.2352    34.2324    8.26819         24 0.0000e+00
    514.000    508.050    -0.9946  27.858150    -0.9930  27.857984     5.6747     5.8240     0.3545    97.2179 1.0000e-12  -74.13598 -115.17618  53.582271      89.45 1.7752e+02    816.249      19591  1029.9837  1029.9820     4.6118     0.1238     0.1164    34.2350    34.2330    8.26713         23 0.0000e+00
    515.000    509.038    -0.9878  27.865876    -0.9850  27.865942     5.6719     5.8259     0.3856    97.2134 1.0000e-12  -74.13598 -115.17618  53.582283      82.50 1.8313e+02    817.245      19615  1029.9900  1029.9874     4.6117     0.1177     0.1190    34.2372    34.2341    8.26552         24 0.0000e+00
    516.000    510.025    -0.9597  27.891334    -0.9561  27.892318     5.6437     5.8050     0.4457    97.2157 1.0000e-12  -74.13598 -115.17618  53.582295      93.64 1.7696e+02    818.252      19639  1029.9946  1029.9921     4.6118     0.1437     0.1199    34.2393    34.2366    8.25921         24 0.0000e+00
    517.000    511.011    -0.9635  27.887999    -0.9618  27.887969     5.6099     5.7681     0.3650    97.0272 1.0000e-12  -74.13598 -115.17618  53.582306      99.17 1.7614e+02    819.233      19663  1029.9994  1029.9977     4.6028     0.1401     0.1165    34.2385    34.2365    8.26010         24 0.0000e+00
