ocean_section_plots/required_files/ctd/dnbp2202_ctd141.cnv
* Sea-Bird SBE 9 Data File:
* FileName = D:\Data\raw\NBP2202_CTD140.hex
* Software Version Seasave V 7.26.7.121
* Temperature SN = 1649
* Conductivity SN = 2513
* Number of Bytes Per Scan = 40
* Number of Voltage Words = 5
* Number of Scans Averaged by the Deck Unit = 1
* NMEA Latitude = 74 06.99 S
* NMEA Longitude = 112 39.88 W
* NMEA UTC (Time) = Jan 30 2022  04:54:44
* NMEA baud rate = 9600
** Ship: RVIB N.B. Palmer
** Cruise: NBP2202 Thwaites
** Station: 69
** Operator: B. Bjork
# nquan = 28
# nvalues = 932                         
# units = specified
# name 0 = prDM: Pressure, Digiquartz [db]
# name 1 = depSM: Depth [salt water, m]
# name 2 = t090C: Temperature [ITS-90, deg C]
# name 3 = c0mS/cm: Conductivity [mS/cm]
# name 4 = t190C: Temperature, 2 [ITS-90, deg C]
# name 5 = c1mS/cm: Conductivity, 2 [mS/cm]
# name 6 = sbeox0ML/L: Oxygen, SBE 43 [ml/l]
# name 7 = sbeox1ML/L: Oxygen, SBE 43, 2 [ml/l]
# name 8 = flECO-AFL: Fluorescence, WET Labs ECO-AFL/FL [mg/m^3]
# name 9 = CStarTr0: Beam Transmission, WET Labs C-Star [%]
# name 10 = par: PAR/Irradiance, Biospherical/Licor
# name 11 = latitude: Latitude [deg]
# name 12 = longitude: Longitude [deg]
# name 13 = timeJ: Julian Days
# name 14 = altM: Altimeter [m]
# name 15 = spar: SPAR, Biospherical/Licor
# name 16 = timeS: Time, Elapsed [seconds]
# name 17 = scan: Scan Count
# name 18 = density00: Density [density, kg/m^3]
# name 19 = density11: Density, 2 [density, kg/m^3]
# name 20 = v3: Voltage 3
# name 21 = v4: Voltage 4
# name 22 = v5: Voltage 5
# name 23 = sal00: Salinity, Practical [PSU]
# name 24 = sal11: Salinity, Practical, 2 [PSU]
# name 25 = oxsolML/L: Oxygen Saturation, Garcia & Gordon [ml/l]
# name 26 = nbin: number of scans per bin
# name 27 = flag: flag
# span 0 =      2.000,    933.000       
# span 1 =      1.975,    921.266       
# span 2 =    -1.5133,     0.4637       
# span 3 =  27.079659,  29.502143       
# span 4 =    -1.5131,     0.4653       
# span 5 =  27.077027,  29.501230       
# span 6 =     4.5987,     9.2010       
# span 7 =     4.6828,     9.4625       
# span 8 =    -0.0179,    29.4555       
# span 9 =    66.3432,    94.2260       
# span 10 = -1.942e-06, 2.6337e+01      
# span 11 =  -74.11662,  -74.11662      
# span 12 = -112.66469, -112.66464      
# span 13 =  30.206954,  30.220776      
# span 14 =       5.29,     100.08      
# span 15 = 7.0065e+01, 8.1827e+01      
# span 16 =    196.859,   1391.039      
# span 17 =       4726,      33386      
# span 18 =  1027.1786,  1032.0979      
# span 19 =  1027.1799,  1032.0956      
# span 20 =     3.1479,     4.4700      
# span 21 =     0.0642,     4.4378      
# span 22 =     0.1152,     0.2721      
# span 23 =    33.8018,    34.5375      
# span 24 =    33.8023,    34.5346      
# span 25 =    7.93989,    8.39688      
# span 26 =          6,         47      
# span 27 = 0.0000e+00, 0.0000e+00      
# interval = decibars: 1                
# start_time = Jan 30 2022 04:54:44 [NMEA time, header]
# bad_flag = -9.990e-29
*END*
[from data line 881]
    883.000    872.009     0.4421  29.456656     0.4440  29.456541     4.6110     4.7027    -0.0040    94.2011 1.0000e-12  -74.11662 -112.66466  30.218125      52.74 7.7238e+01   1161.990      27889  1031.8611  1031.8591     4.4688     0.0656     0.1170    34.5306    34.5284    7.94471         30 0.0000e+00
    884.000    872.993     0.4423  29.457278     0.4447  29.457624     4.6158     4.6999    -0.0082    94.2019 1.0000e-12  -74.11662 -112.66466  30.218139      51.80 8.0878e+01   1163.236      27919  1031.8658  1031.8639     4.4689     0.0648     0.1230    34.5307    34.5285    7.94467         30 0.0000e+00
    885.000    873.979     0.4426  29.458085     0.4448  29.458228     4.6122     4.6927    -0.0030    94.1935 1.0000e-12  -74.11662 -112.66466  30.218154      50.68 8.1094e+01   1164.505      27949  1031.8705  1031.8686     4.4685     0.0643     0.1169    34.5308    34.5286    7.94459         31 0.0000e+00
    886.000    874.965     0.4429  29.458927     0.4451  29.459038     4.6151     4.6972    -0.0072    94.2050 1.0000e-12  -74.11662 -112.66466  30.218169      49.70 7.8568e+01   1165.775      27980  1031.8753  1031.8733     4.4690     0.0650     0.1188    34.5310    34.5287    7.94452         31 0.0000e+00
    887.000    875.950     0.4433  29.459664     0.4453  29.459634     4.6164     4.7009    -0.0028    94.1951 1.0000e-12  -74.11662 -112.66466  30.218184      48.63 8.0377e+01   1167.055      28010  1031.8799  1031.8780     4.4685     0.0647     0.1181    34.5310    34.5287    7.94445         30 0.0000e+00
    888.000    876.936     0.4436  29.460493     0.4458  29.460502     4.6124     4.7015     0.0105    94.2020 1.0000e-12  -74.11662 -112.66466  30.218199      47.71 8.1276e+01   1168.351      28041  1031.8847  1031.8827     4.4689     0.0655     0.1204    34.5312    34.5288    7.94438         31 0.0000e+00
    889.000    877.922     0.4437  29.460845     0.4459  29.461055     4.6141     4.7015    -0.0115    94.1995 1.0000e-12  -74.11662 -112.66466  30.218213      46.79 7.9230e+01   1169.639      28072  1031.8892  1031.8873     4.4688     0.0655     0.1169    34.5309    34.5288    7.94437         32 0.0000e+00
    890.000    878.906     0.4435  29.461113     0.4457  29.461322     4.6124     4.7031    -0.0033    94.1977 1.0000e-12  -74.11662 -112.66466  30.218228      45.78 8.0729e+01   1170.939      28104  1031.8939  1031.8920     4.4687     0.0645     0.1175    34.5309    34.5288    7.94440         31 0.0000e+00
    891.000    879.892     0.4437  29.461829     0.4457  29.461713     4.6138     4.7031    -0.0066    94.1882 1.0000e-12  -74.11662 -112.66466  30.218244      44.71 8.1149e+01   1172.274      28136  1031.8986  1031.8966     4.4682     0.0647     0.1188    34.5310    34.5287    7.94435         32 0.0000e+00
    892.000    880.878     0.4438  29.462265     0.4459  29.462292     4.6141     4.7023    -0.0101    94.1995 1.0000e-12  -74.11662 -112.66466  30.218260      43.71 7.9600e+01   1173.622      28168  1031.9033  1031.9012     4.4688     0.0664     0.1189    34.5310    34.5287    7.94435         33 0.0000e+00
    893.000    881.863     0.4438  29.462608     0.4458  29.462612     4.6151     4.7035    -0.0097    94.1949 1.0000e-12  -74.11662 -112.66466  30.218275      42.63 8.0863e+01   1174.983      28201  1031.9079  1031.9059     4.4685     0.0648     0.1174    34.5309    34.5286    7.94436         33 0.0000e+00
    894.000    882.849     0.4443  29.463495     0.4462  29.463470     4.6065     4.6966    -0.0049    94.2094 1.0000e-12  -74.11662 -112.66466  30.218292      41.64 8.1143e+01   1176.388      28234  1031.9125  1031.9106     4.4692     0.0657     0.1192    34.5309    34.5287    7.94425         34 0.0000e+00
    895.000    883.834     0.4460  29.466029     0.4478  29.465853     4.6088     4.6920    -0.0087    94.2260 1.0000e-12  -74.11662 -112.66466  30.218308      40.67 7.9349e+01   1177.818      28269  1031.9176  1031.9156     4.4700     0.0645     0.1186    34.5317    34.5294    7.94385         35 0.0000e+00
    896.000    884.819     0.4467  29.467182     0.4482  29.466712     4.6051     4.6975    -0.0108    94.2115 1.0000e-12  -74.11662 -112.66466  30.218325      39.62 8.0184e+01   1179.288      28304  1031.9223  1031.9204     4.4694     0.0642     0.1197    34.5319    34.5296    7.94370         35 0.0000e+00
    897.000    885.804     0.4487  29.469992     0.4507  29.470008     4.6065     4.6989    -0.0051    94.2024 1.0000e-12  -74.11662 -112.66466  30.218343      38.63 8.1463e+01   1180.808      28340  1031.9275  1031.9256     4.4689     0.0650     0.1170    34.5328    34.5306    7.94325         36 0.0000e+00
    898.000    886.790     0.4508  29.472894     0.4527  29.472682     4.6047     4.6966    -0.0137    94.1884 1.0000e-12  -74.11662 -112.66466  30.218361      37.56 8.0071e+01   1182.346      28377  1031.9326  1031.9306     4.4682     0.0652     0.1177    34.5336    34.5312    7.94276         36 0.0000e+00
    899.000    887.776     0.4526  29.475403     0.4551  29.475860     4.6063     4.6937    -0.0044    94.2046 1.0000e-12  -74.11662 -112.66466  30.218378      36.55 8.0329e+01   1183.868      28414  1031.9376  1031.9358     4.4690     0.0655     0.1200    34.5343    34.5322    7.94234         37 0.0000e+00
    900.000    888.761     0.4526  29.475793     0.4548  29.475997     4.6109     4.6974    -0.0060    94.2034 1.0000e-12  -74.11662 -112.66466  30.218396      35.51 8.1411e+01   1185.401      28451  1031.9424  1031.9404     4.4690     0.0650     0.1183    34.5342    34.5321    7.94235         34 0.0000e+00
    901.000    889.747     0.4527  29.476321     0.4549  29.476506     4.6077     4.6895    -0.0053    94.2065 1.0000e-12  -74.11662 -112.66466  30.218414      34.48 7.9397e+01   1186.977      28488  1031.9470  1031.9451     4.4691     0.0643     0.1174    34.5342    34.5321    7.94233         39 0.0000e+00
    902.000    890.733     0.4539  29.478168     0.4557  29.477890     4.6028     4.6955    -0.0105    94.1865 1.0000e-12  -74.11662 -112.66466  30.218432      33.47 7.9385e+01   1188.552      28526  1031.9520  1031.9500     4.4681     0.0656     0.1174    34.5348    34.5324    7.94206         32 0.0000e+00
    903.000    891.717     0.4556  29.480560     0.4574  29.480287     4.6071     4.6947    -0.0061    94.1907 1.0000e-12  -74.11662 -112.66466  30.218450      32.57 8.1469e+01   1190.121      28564  1031.9570  1031.9550     4.4683     0.0655     0.1201    34.5355    34.5331    7.94168         37 0.0000e+00
    904.000    892.702     0.4558  29.481060     0.4577  29.481032     4.6045     4.6943    -0.0044    94.1970 1.0000e-12  -74.11662 -112.66466  30.218469      31.53 7.9413e+01   1191.676      28601  1031.9616  1031.9597     4.4686     0.0655     0.1231    34.5353    34.5331    7.94165         37 0.0000e+00
    905.000    893.688     0.4558  29.481436     0.4577  29.481469     4.6018     4.6916    -0.0076    94.1976 1.0000e-12  -74.11662 -112.66466  30.218486      30.45 8.0528e+01   1193.225      28638  1031.9662  1031.9643     4.4686     0.0665     0.1197    34.5352    34.5331    7.94165         36 0.0000e+00
    906.000    894.673     0.4559  29.482120     0.4581  29.482266     4.6061     4.6879    -0.0077    94.0390 1.0000e-12  -74.11662 -112.66466  30.218505      29.45 7.9981e+01   1194.809      28676  1031.9710  1031.9691     4.4612     0.0661     0.1234    34.5354    34.5332    7.94161         38 0.0000e+00
    907.000    895.658     0.4558  29.482361     0.4582  29.482837     4.6020     4.6909    -0.0026    94.1907 1.0000e-12  -74.11662 -112.66466  30.218523      28.47 7.9967e+01   1196.410      28715  1031.9756  1031.9737     4.4683     0.0663     0.1205    34.5353    34.5332    7.94165         36 0.0000e+00
    908.000    896.643     0.4563  29.483439     0.4583  29.483307     4.6034     4.6924    -0.0034    94.1950 1.0000e-12  -74.11662 -112.66466  30.218541      27.46 8.0142e+01   1197.980      28753  1031.9804  1031.9784     4.4685     0.0671     0.1183    34.5355    34.5332    7.94152         37 0.0000e+00
    909.000    897.629     0.4568  29.484418     0.4587  29.484342     4.6023     4.6941    -0.0127    94.1822 1.0000e-12  -74.11662 -112.66466  30.218559      26.48 8.0119e+01   1199.519      28789  1031.9851  1031.9832     4.4679     0.0663     0.1201    34.5357    34.5335    7.94141         38 0.0000e+00
    910.000    898.615     0.4573  29.485391     0.4594  29.485479     4.6033     4.6925    -0.0007    94.1466 1.0000e-12  -74.11662 -112.66466  30.218577      25.41 7.9102e+01   1201.067      28827  1031.9899  1031.9880     4.4662     0.0664     0.1202    34.5359    34.5336    7.94130         37 0.0000e+00
    911.000    899.600     0.4576  29.486258     0.4597  29.486352     4.6087     4.6851    -0.0055    94.2048 1.0000e-12  -74.11662 -112.66466  30.218595      24.43 8.0237e+01   1202.641      28864  1031.9947  1031.9927     4.4690     0.0662     0.1199    34.5361    34.5338    7.94122         27 0.0000e+00
    912.000    900.586     0.4577  29.486782     0.4598  29.486795     4.6039     4.6872    -0.0078    94.1985 1.0000e-12  -74.11662 -112.66466  30.218614      23.38 8.0826e+01   1204.277      28904  1031.9994  1031.9974     4.4687     0.0670     0.1191    34.5361    34.5338    7.94121         36 0.0000e+00
    913.000    901.571     0.4580  29.487521     0.4601  29.487633     4.6014     4.6907    -0.0077    94.1937 1.0000e-12  -74.11662 -112.66466  30.218634      22.39 7.8204e+01   1205.996      28945  1032.0041  1032.0021     4.4685     0.0665     0.1180    34.5361    34.5339    7.94114         38 0.0000e+00
    914.000    902.556     0.4580  29.488097     0.4600  29.487949     4.5993     4.6890    -0.0055    94.1854 1.0000e-12  -74.11662 -112.66466  30.218655      21.31 8.0009e+01   1207.775      28988  1032.0088  1032.0068     4.4681     0.0661     0.1211    34.5363    34.5339    7.94112         34 0.0000e+00
    915.000    903.541     0.4579  29.488488     0.4600  29.488415     4.5987     4.6911    -0.0026    94.1645 1.0000e-12  -74.11662 -112.66466  30.218677      20.38 8.0284e+01   1209.690      29034  1032.0136  1032.0115     4.4671     0.0673     0.1201    34.5363    34.5340    7.94114         44 0.0000e+00
    916.000    904.526     0.4578  29.488619     0.4599  29.488683     4.6040     4.6911    -0.0065    94.1521 1.0000e-12  -74.11662 -112.66466  30.218701      19.29 7.6672e+01   1211.806      29084  1032.0181  1032.0161     4.4665     0.0683     0.1178    34.5361    34.5338    7.94118         39 0.0000e+00
    917.000    905.511     0.4579  29.489180     0.4607  29.489846     4.6060     4.6920    -0.0107    94.1782 1.0000e-12  -74.11662 -112.66466  30.218737      18.27 7.7745e+01   1214.847      29157  1032.0228  1032.0208     4.4677     0.0666     0.1201    34.5361    34.5339    7.94115         32 0.0000e+00
    918.000    906.497     0.4583  29.490084     0.4605  29.490226     4.6055     4.6922    -0.0049    94.1724 1.0000e-12  -74.11662 -112.66466  30.218772      17.30 8.0082e+01   1217.876      29230  1032.0275  1032.0256     4.4675     0.0670     0.1152    34.5363    34.5341    7.94106         36 0.0000e+00
    919.000    907.484     0.4583  29.490425     0.4603  29.490471     4.6054     4.6855    -0.0061    94.1909 1.0000e-12  -74.11662 -112.66466  30.218804      16.30 7.5841e+01   1220.696      29298  1032.0321  1032.0302     4.4683     0.0681     0.1184    34.5362    34.5340    7.94108         42 0.0000e+00
    920.000    908.468     0.4585  29.491119     0.4605  29.490988     4.6048     4.6891    -0.0082    94.1848 1.0000e-12  -74.11662 -112.66466  30.218837      15.24 7.8534e+01   1223.483      29365  1032.0368  1032.0348     4.4680     0.0674     0.1215    34.5363    34.5340    7.94103         39 0.0000e+00
    921.000    909.454     0.4587  29.491771     0.4609  29.491913     4.6052     4.6884    -0.0022    94.1473 1.0000e-12  -74.11662 -112.66466  30.218869      14.33 7.9738e+01   1226.266      29431  1032.0415  1032.0396     4.4663     0.0681     0.1200    34.5364    34.5341    7.94099         38 0.0000e+00
    922.000    910.438     0.4590  29.492497     0.4611  29.492570     4.6025     4.6887    -0.0078    94.1636 1.0000e-12  -74.11662 -112.66466  30.218902      13.33 7.7471e+01   1229.102      29499  1032.0462  1032.0442     4.4671     0.0673     0.1184    34.5364    34.5342    7.94091         42 0.0000e+00
    923.000    911.423     0.4595  29.493464     0.4616  29.493442     4.6027     4.6895    -0.0077    94.1686 1.0000e-12  -74.11662 -112.66466  30.218934      12.29 7.5490e+01   1231.935      29567  1032.0509  1032.0489     4.4672     0.0672     0.1185    34.5365    34.5342    7.94080         43 0.0000e+00
    924.000    912.408     0.4595  29.493963     0.4617  29.493995     4.5987     4.6870    -0.0082    94.1907 1.0000e-12  -74.11662 -112.66466  30.218967      11.31 7.6768e+01   1234.738      29635  1032.0556  1032.0535     4.4683     0.0679     0.1176    34.5366    34.5343    7.94080         41 0.0000e+00
    925.000    913.392     0.4596  29.494398     0.4616  29.494307     4.6030     4.6881    -0.0102    94.1757 1.0000e-12  -74.11662 -112.66466  30.218999      10.30 7.6369e+01   1237.514      29701  1032.0602  1032.0582     4.4676     0.0674     0.1207    34.5366    34.5343    7.94079         38 0.0000e+00
    926.000    914.380     0.4595  29.494784     0.4618  29.494956     4.6039     4.6828    -0.0009    94.1665 1.0000e-12  -74.11662 -112.66468  30.219032       9.31 7.6143e+01   1240.329      29769  1032.0649  1032.0629     4.4671     0.0677     0.1255    34.5366    34.5343    7.94081         42 0.0000e+00
    927.000    915.366     0.4591  29.494786     0.4614  29.495005     4.6035     4.6870    -0.0053    94.1665 1.0000e-12  -74.11662 -112.66468  30.219063       8.32 7.6535e+01   1243.072      29835  1032.0695  1032.0675     4.4671     0.0674     0.1198    34.5364    34.5342    7.94089         40 0.0000e+00
    928.000    916.350     0.4593  29.495303     0.4615  29.495410     4.6048     4.6865    -0.0036    94.1392 1.0000e-12  -74.11662 -112.66468  30.219096       7.29 7.7096e+01   1245.855      29902  1032.0741  1032.0721     4.4659     0.0683     0.1193    34.5364    34.5341    7.94086         42 0.0000e+00
    929.000    917.335     0.4596  29.496111     0.4619  29.496292     4.6042     4.6865    -0.0020    94.1647 1.0000e-12  -74.11662 -112.66468  30.219127       6.29 7.6909e+01   1248.563      29967  1032.0789  1032.0768     4.4671     0.0683     0.1241    34.5365    34.5342    7.94080         35 0.0000e+00
    930.000    918.321     0.4600  29.497113     0.4622  29.497084     4.6046     4.6848    -0.0138    94.1744 1.0000e-12  -74.11662 -112.66468  30.219160       5.29 7.6547e+01   1251.384      30034  1032.0837  1032.0816     4.4675     0.0678     0.1228    34.5368    34.5344    7.94069         40 0.0000e+00
    931.000    919.306     0.4601  29.497533     0.4623  29.497672     4.5996     4.6887    -0.0063    94.1618 1.0000e-12  -74.11662 -112.66468  30.219193      14.15 7.7211e+01   1254.283      30104  1032.0882  1032.0862     4.4669     0.0665     0.1176    34.5367    34.5344    7.94068         34 0.0000e+00
    932.000    920.293     0.4601  29.498017     0.4623  29.498123     4.6007     4.6872    -0.0019    94.1775 1.0000e-12  -74.11662 -112.66468  30.219226      11.54 7.6514e+01   1257.128      30172  1032.0929  1032.0909     4.4678     0.0673     0.1248    34.5367    34.5344    7.94067         41 0.0000e+00
    933.000    921.266     0.4637  29.502143     0.4653  29.501230     4.6033     4.6885    -0.0085    94.1496 1.0000e-12  -74.11662 -112.66465  30.220776      33.06 7.2905e+01   1391.039      33386  1032.0979  1032.0956     4.4662     0.0660     0.1300    34.5375    34.5346    7.93989          6 0.0000e+00
