ocean_section_plots/required_files/ctd/dnbp2202_ctd208.cnv
* Sea-Bird SBE 9 Data File:
* FileName = D:\Data\raw\NBP2202_CTD208.hex
* Software Version Seasave V 7.26.7.121
* Temperature SN = 1649
* Conductivity SN = 2513
* Number of Bytes Per Scan = 40
* Number of Voltage Words = 5
* Number of Scans Averaged by the Deck Unit = 1
* NMEA Latitude = 74 08.03 S
* NMEA Longitude = 113 25.06 W
* NMEA UTC (Time) = Feb 10 2022  08:56:12
* NMEA baud rate = 9600
** Ship: RVIB N.B. Palmer
** Cruise: NBP2202 Thwaites
** Station: Tow-Yo #3
** Operator: B. Bjork
# nquan = 28
# nvalues = 316                         
# units = specified
# name 0 = prDM: Pressure, Digiquartz [db]
# name 1 = depSM: Depth [salt water, m]
# name 2 = t090C: Temperature [ITS-90, deg C]
# name 3 = c0mS/cm: Conductivity [mS/cm]
# name 4 = t190C: Temperature, 2 [ITS-90, deg C]
# name 5 = c1mS/cm: Conductivity, 2 [mS/cm]
# name 6 = sbeox0ML/L: Oxygen, SBE 43 [ml/l]
# name 7 = sbeox1ML/L: Oxygen, SBE 43, 2 [ml/l]
# name 8 = flECO-AFL: Fluorescence, WET Labs ECO-AFL/FL [mg/m^3]
# name 9 = CStarTr0: Beam Transmission, WET Labs C-Star [%]
# name 10 = par: PAR/Irradiance, Biospherical/Licor
# name 11 = latitude: Latitude [deg]
# name 12 = longitude: Longitude [deg]
# name 13 = timeJ: Julian Days
# name 14 = altM: Altimeter [m]
# name 15 = spar: SPAR, Biospherical/Licor
# name 16 = timeS: Time, Elapsed [seconds]
# name 17 = scan: Scan Count
# name 18 = density00: Density [density, kg/m^3]
# name 19 = density11: Density, 2 [density, kg/m^3]
# name 20 = v3: Voltage 3
# name 21 = v4: Voltage 4
# name 22 = v5: Voltage 5
# name 23 = sal00: Salinity, Practical [PSU]
# name 24 = sal11: Salinity, Practical, 2 [PSU]
# name 25 = oxsolML/L: Oxygen Saturation, Garcia & Gordon [ml/l]
# name 26 = nbin: number of scans per bin
# name 27 = flag: flag
# span 0 =     10.000,    325.000       
# span 1 =      9.892,    321.381       
# span 2 =    -1.4537,    -0.4061       
# span 3 =  26.996244,  28.245191       
# span 4 =    -1.4528,    -0.4022       
# span 5 =  27.000035,  28.247407       
# span 6 =     4.9127,     8.6291       
# span 7 =     5.0703,     8.9603       
# span 8 =    -0.0163,    21.2853       
# span 9 =    77.0285,    97.8903       
# span 10 = 1.0000e-12, 1.4508e-01      
# span 11 =  -74.13492,  -74.13392      
# span 12 = -113.41734, -113.41052      
# span 13 =  41.372723,  41.378266      
# span 14 =       8.36,     100.93      
# span 15 = 2.1155e+01, 3.2358e+01      
# span 16 =     31.300,    510.158      
# span 17 =        752,      12245      
# span 18 =  1027.1933,  1029.0342      
# span 19 =  1027.1921,  1029.0328      
# span 20 =     3.6546,     4.6438      
# span 21 =     0.0648,     3.2042      
# span 22 =     0.1240,     0.2449      
# span 23 =    33.7510,    34.2066      
# span 24 =    33.7496,    34.2052      
# span 25 =    8.14100,    8.39272      
# span 26 =         22,         49      
# span 27 = 0.0000e+00, 0.0000e+00      
# interval = decibars: 1                
# start_time = Feb 10 2022 08:56:12 [NMEA time, header]
# bad_flag = -9.990e-29
*END*
[from data line 259]
    269.000    266.043    -0.5960  28.009970    -0.5945  28.009378     4.9980     5.1584    -0.0090    97.7781 1.0000e-12  -74.13460 -113.41266  41.376578      38.79 2.4680e+01    364.297       8744  1028.7220  1028.7199     4.6385     0.0662     0.1306    34.1385    34.1360    8.18580         44 0.0000e+00
    270.000    267.031    -0.5956  28.010651    -0.5937  28.010510     4.9928     5.1608    -0.0001    97.7771 1.0000e-12  -74.13462 -113.41264  41.376602      38.27 2.4906e+01    366.404       8795  1028.7270  1028.7250     4.6384     0.0653     0.1335    34.1384    34.1361    8.18572         33 0.0000e+00
    271.000    268.020    -0.5949  28.011934    -0.5928  28.011759     4.9903     5.1564    -0.0090    97.7682 1.0000e-12  -74.13462 -113.41261  41.376626      37.57 2.4840e+01    368.503       8845  1028.7322  1028.7300     4.6380     0.0680     0.1314    34.1387    34.1361    8.18555         44 0.0000e+00
    272.000    269.008    -0.5935  28.013776    -0.5914  28.013715     4.9923     5.1520    -0.0136    97.7708 1.0000e-12  -74.13462 -113.41258  41.376650      36.95 2.4723e+01    370.573       8895  1028.7372  1028.7352     4.6381     0.0648     0.1341    34.1389    34.1365    8.18523         40 0.0000e+00
    273.000    269.996    -0.5922  28.015568    -0.5900  28.015496     4.9938     5.1528    -0.0038    97.7792 1.0000e-12  -74.13462 -113.41255  41.376674      36.59 2.4568e+01    372.619       8944  1028.7423  1028.7402     4.6385     0.0656     0.1324    34.1393    34.1368    8.18493         46 0.0000e+00
    274.000    270.984    -0.5943  28.013739    -0.5922  28.013594     4.9954     5.1548    -0.0136    97.6487 1.0000e-12  -74.13462 -113.41252  41.376697      36.00 2.4390e+01    374.662       8993  1028.7467  1028.7446     4.6324     0.0672     0.1320    34.1386    34.1361    8.18542         37 0.0000e+00
    275.000    271.973    -0.5919  28.016844    -0.5896  28.016903     4.9906     5.1532    -0.0116    97.7774 1.0000e-12  -74.13464 -113.41250  41.376721      35.54 2.4687e+01    376.727       9042  1028.7521  1028.7500     4.6384     0.0653     0.1336    34.1395    34.1370    8.18486         42 0.0000e+00
    276.000    272.961    -0.5871  28.022301    -0.5852  28.022163     4.9889     5.1470     0.0183    97.7634 1.0000e-12  -74.13464 -113.41247  41.376746      34.90 2.4725e+01    378.830       9093  1028.7577  1028.7556     4.6378     0.0662     0.1325    34.1408    34.1385    8.18374         39 0.0000e+00
    277.000    273.949    -0.5853  28.024781    -0.5833  28.024647     4.9860     5.1479    -0.0157    97.7637 1.0000e-12  -74.13464 -113.41243  41.376770      34.21 2.5393e+01    380.957       9144  1028.7629  1028.7609     4.6377     0.0664     0.1328    34.1415    34.1391    8.18331         40 0.0000e+00
    278.000    274.938    -0.5856  28.024829    -0.5838  28.024530     4.9860     5.1486    -0.0090    97.7791 1.0000e-12  -74.13465 -113.41240  41.376795      33.76 2.4951e+01    383.068       9195  1028.7676  1028.7656     4.6385     0.0660     0.1342    34.1413    34.1389    8.18339         40 0.0000e+00
    279.000    275.927    -0.5878  28.023033    -0.5857  28.022950     4.9890     5.1392    -0.0020    97.7818 1.0000e-12  -74.13466 -113.41238  41.376819      33.13 2.4669e+01    385.153       9245  1028.7721  1028.7700     4.6386     0.0692     0.1329    34.1407    34.1383    8.18389         40 0.0000e+00
    280.000    276.914    -0.5853  28.026091    -0.5836  28.025583     4.9841     5.1480    -0.0132    97.7818 1.0000e-12  -74.13466 -113.41234  41.376843      32.48 2.4485e+01    387.227       9294  1028.7773  1028.7751     4.6387     0.0651     0.1331    34.1415    34.1388    8.18332         34 0.0000e+00
    281.000    277.904    -0.5844  28.027425    -0.5829  28.026796     4.9850     5.1513    -0.0039    97.7521 1.0000e-12  -74.13466 -113.41231  41.376867      31.96 2.5041e+01    389.283       9344  1028.7821  1028.7801     4.6372     0.0655     0.1336    34.1416    34.1391    8.18311         43 0.0000e+00
    282.000    278.891    -0.5844  28.028051    -0.5829  28.027289     4.9872     5.1449     0.0052    97.7696 1.0000e-12  -74.13466 -113.41228  41.376891      31.24 2.5162e+01    391.353       9393  1028.7871  1028.7849     4.6381     0.0664     0.1345    34.1419    34.1391    8.18310         44 0.0000e+00
    283.000    279.879    -0.5842  28.028580    -0.5823  28.028413     4.9800     5.1431     0.0011    97.7711 1.0000e-12  -74.13468 -113.41225  41.376915      30.57 2.4587e+01    393.459       9444  1028.7918  1028.7898     4.6382     0.0660     0.1318    34.1417    34.1393    8.18306         36 0.0000e+00
    284.000    280.868    -0.5843  28.028924    -0.5822  28.028991     4.9823     5.1409    -0.0017    97.7718 1.0000e-12  -74.13468 -113.41222  41.376939      29.92 2.5345e+01    395.558       9494  1028.7966  1028.7946     4.6382     0.0667     0.1357    34.1417    34.1394    8.18309         36 0.0000e+00
    285.000    281.856    -0.5840  28.029798    -0.5820  28.029549     4.9892     5.1461    -0.0065    97.7768 1.0000e-12  -74.13468 -113.41219  41.376963      29.55 2.4636e+01    397.637       9544  1028.8015  1028.7993     4.6384     0.0666     0.1342    34.1420    34.1393    8.18301         39 0.0000e+00
    286.000    282.845    -0.5836  28.030636    -0.5816  28.030490     4.9850     5.1419    -0.0163    97.7730 1.0000e-12  -74.13468 -113.41216  41.376987      28.99 2.5360e+01    399.695       9594  1028.8063  1028.8042     4.6382     0.0659     0.1325    34.1420    34.1396    8.18291         41 0.0000e+00
    287.000    283.834    -0.5810  28.033965    -0.5789  28.033838     4.9811     5.1436    -0.0091    97.7654 1.0000e-12  -74.13468 -113.41213  41.377011      28.20 2.4871e+01    401.769       9643  1028.8116  1028.8095     4.6379     0.0663     0.1326    34.1429    34.1405    8.18229         46 0.0000e+00
    288.000    284.821    -0.5797  28.035684    -0.5777  28.035675     4.9817     5.1415     0.0087    97.7361 1.0000e-12  -74.13470 -113.41210  41.377036      27.64 2.5555e+01    403.889       9694  1028.8165  1028.8146     4.6365     0.0660     0.1345    34.1432    34.1409    8.18201         43 0.0000e+00
    289.000    285.809    -0.5778  28.038347    -0.5755  28.038585     4.9804     5.1371     0.0458    97.7674 1.0000e-12  -74.13470 -113.41207  41.377061      26.92 2.5818e+01    406.032       9746  1028.8218  1028.8198     4.6380     0.0662     0.1329    34.1440    34.1417    8.18155         43 0.0000e+00
    290.000    286.798    -0.5687  28.048729    -0.5661  28.049051     4.9771     5.1358    -0.0128    97.7679 1.0000e-12  -74.13470 -113.41203  41.377086      26.22 2.4838e+01    408.198       9798  1028.8284  1028.8263     4.6380     0.0677     0.1326    34.1472    34.1447    8.17941         43 0.0000e+00
    291.000    287.788    -0.5619  28.056605    -0.5599  28.056406     4.9716     5.1315    -0.0046    97.7718 1.0000e-12  -74.13470 -113.41200  41.377111      25.72 2.5670e+01    410.394       9850  1028.8346  1028.8325     4.6382     0.0665     0.1334    34.1494    34.1469    8.17779         39 0.0000e+00
    292.000    288.774    -0.5567  28.062785    -0.5546  28.062579     4.9674     5.1260    -0.0120    97.7847 1.0000e-12  -74.13472 -113.41196  41.377136      25.08 2.5622e+01    412.582       9903  1028.8405  1028.8383     4.6387     0.0662     0.1325    34.1513    34.1487    8.17656         45 0.0000e+00
    293.000    289.764    -0.5510  28.069162    -0.5485  28.069616     4.9656     5.1231    -0.0034    97.7695 1.0000e-12  -74.13472 -113.41194  41.377161      24.48 2.4986e+01    414.736       9955  1028.8463  1028.8443     4.6381     0.0661     0.1326    34.1528    34.1506    8.17525         45 0.0000e+00
    294.000    290.751    -0.5494  28.071337    -0.5474  28.071211     4.9652     5.1222    -0.0076    97.7457 1.0000e-12  -74.13472 -113.41191  41.377186      23.77 2.5248e+01    416.893      10006  1028.8514  1028.8494     4.6369     0.0657     0.1350    34.1534    34.1510    8.17488         43 0.0000e+00
    295.000    291.738    -0.5495  28.071680    -0.5475  28.071485     4.9562     5.1271    -0.0106    97.7613 1.0000e-12  -74.13472 -113.41187  41.377211      23.15 2.5647e+01    419.074      10059  1028.8563  1028.8541     4.6377     0.0665     0.1324    34.1534    34.1508    8.17490         39 0.0000e+00
    296.000    292.729    -0.5495  28.072141    -0.5470  28.072464     4.9603     5.1237    -0.0081    97.7607 1.0000e-12  -74.13472 -113.41184  41.377236      22.40 2.5420e+01    421.218      10110  1028.8610  1028.8590     4.6377     0.0656     0.1356    34.1533    34.1510    8.17489         43 0.0000e+00
    297.000    293.716    -0.5442  28.078225    -0.5422  28.078072     4.9605     5.1209    -0.0104    97.7459 1.0000e-12  -74.13473 -113.41180  41.377261      21.68 2.6069e+01    423.348      10161  1028.8668  1028.8647     4.6369     0.0664     0.1358    34.1550    34.1526    8.17367         43 0.0000e+00
    298.000    294.703    -0.5296  28.094667    -0.5282  28.093950     4.9522     5.1120    -0.0132    97.7753 1.0000e-12  -74.13474 -113.41177  41.377286      21.00 2.6044e+01    425.495      10213  1028.8746  1028.8724     4.6383     0.0701     0.1332    34.1601    34.1575    8.17023         44 0.0000e+00
    299.000    295.692    -0.5189  28.106913    -0.5175  28.106096     4.9499     5.1068    -0.0049    97.7576 1.0000e-12  -74.13474 -113.41174  41.377311      20.35 2.5095e+01    427.639      10264  1028.8817  1028.8795     4.6375     0.0670     0.1340    34.1639    34.1611    8.16770         40 0.0000e+00
    300.000    296.678    -0.5145  28.112204    -0.5119  28.112731     4.9473     5.1086    -0.0120    97.7508 1.0000e-12  -74.13474 -113.41171  41.377335      19.65 2.5437e+01    429.765      10315  1028.8876  1028.8856     4.6371     0.0671     0.1327    34.1654    34.1632    8.16667         36 0.0000e+00
    301.000    297.668    -0.5079  28.120018    -0.5062  28.119570     4.9451     5.1048    -0.0084    97.7472 1.0000e-12  -74.13476 -113.41167  41.377361      19.04 2.6230e+01    431.948      10368  1028.8939  1028.8918     4.6370     0.0675     0.1334    34.1678    34.1653    8.16510         34 0.0000e+00
    302.000    298.658    -0.5053  28.123370    -0.5036  28.122871     4.9450     5.1092    -0.0159    97.7335 1.0000e-12  -74.13476 -113.41164  41.377388      18.36 2.5598e+01    434.301      10424  1028.8994  1028.8973     4.6363     0.0665     0.1328    34.1687    34.1663    8.16448         38 0.0000e+00
    303.000    299.643    -0.5027  28.126603    -0.5016  28.125566     4.9431     5.1044    -0.0112    97.7488 1.0000e-12  -74.13476 -113.41160  41.377418      17.75 2.5536e+01    436.893      10486  1028.9048  1028.9027     4.6371     0.0672     0.1336    34.1697    34.1670    8.16388         35 0.0000e+00
    304.000    300.634    -0.5006  28.129352    -0.4990  28.128933     4.9461     5.1028    -0.0121    97.7198 1.0000e-12  -74.13476 -113.41156  41.377453      17.24 2.5264e+01    439.910      10559  1028.9102  1028.9081     4.6357     0.0670     0.1353    34.1703    34.1679    8.16339         30 0.0000e+00
    305.000    301.624    -0.4989  28.131810    -0.4973  28.131177     4.9450     5.1008    -0.0101    97.7390 1.0000e-12  -74.13478 -113.41150  41.377489      16.85 2.5236e+01    443.038      10634  1028.9155  1028.9133     4.6365     0.0680     0.1334    34.1711    34.1685    8.16297         35 0.0000e+00
    306.000    302.611    -0.4987  28.132405    -0.4968  28.132197     4.9436     5.1035    -0.0017    97.7336 1.0000e-12  -74.13478 -113.41146  41.377524      16.40 2.5397e+01    446.113      10708  1028.9202  1028.9183     4.6363     0.0679     0.1357    34.1710    34.1687    8.16293         32 0.0000e+00
    307.000    303.597    -0.4987  28.132792    -0.4969  28.132463     4.9442     5.1047    -0.0074    97.7466 1.0000e-12  -74.13478 -113.41142  41.377560      15.79 2.5414e+01    449.170      10781  1028.9250  1028.9230     4.6369     0.0680     0.1336    34.1710    34.1686    8.16294         36 0.0000e+00
    308.000    304.585    -0.4978  28.134349    -0.4959  28.134143     4.9417     5.1038    -0.0101    97.7426 1.0000e-12  -74.13480 -113.41138  41.377595      15.37 2.5727e+01    452.185      10853  1028.9301  1028.9281     4.6367     0.0669     0.1346    34.1715    34.1691    8.16272         30 0.0000e+00
    309.000    305.575    -0.4966  28.136179    -0.4946  28.136003     4.9413     5.1038    -0.0050    97.7474 1.0000e-12  -74.13480 -113.41134  41.377630      14.90 2.5508e+01    455.224      10926  1028.9352  1028.9331     4.6370     0.0663     0.1332    34.1719    34.1695    8.16242         43 0.0000e+00
    310.000    306.560    -0.4958  28.137544    -0.4936  28.137592     4.9444     5.1039    -0.0121    97.7368 1.0000e-12  -74.13482 -113.41129  41.377664      14.39 2.5731e+01    458.203      10998  1028.9402  1028.9382     4.6364     0.0673     0.1330    34.1723    34.1699    8.16223         42 0.0000e+00
    311.000    307.552    -0.4956  28.138352    -0.4931  28.138608     4.9402     5.1040    -0.0060    97.7356 1.0000e-12  -74.13482 -113.41125  41.377698      13.97 2.5213e+01    461.106      11068  1028.9451  1028.9430     4.6364     0.0680     0.1335    34.1725    34.1701    8.16217         43 0.0000e+00
    312.000    308.538    -0.4939  28.140570    -0.4921  28.140369     4.9417     5.1031    -0.0138    97.7326 1.0000e-12  -74.13482 -113.41121  41.377733      13.51 2.5935e+01    464.089      11139  1028.9502  1028.9482     4.6363     0.0677     0.1352    34.1730    34.1707    8.16178         33 0.0000e+00
    313.000    309.525    -0.4801  28.156372    -0.4807  28.153623     4.9370     5.0976    -0.0051    97.7312 1.0000e-12  -74.13483 -113.41117  41.377768      13.05 2.6500e+01    467.139      11212  1028.9580  1028.9556     4.6362     0.0672     0.1354    34.1781    34.1751    8.15853         31 0.0000e+00
    314.000    310.516    -0.4684  28.169985    -0.4677  28.168693     4.9259     5.0903    -0.0162    97.7395 1.0000e-12  -74.13484 -113.41113  41.377803      12.63 2.6335e+01    470.188      11286  1028.9656  1028.9635     4.6366     0.0678     0.1330    34.1826    34.1800    8.15576         35 0.0000e+00
    315.000    311.503    -0.4486  28.192124    -0.4495  28.189493     4.9270     5.0849    -0.0113    97.7270 1.0000e-12  -74.13484 -113.41108  41.377839      12.19 2.6556e+01    473.269      11359  1028.9745  1028.9725     4.6359     0.0673     0.1341    34.1894    34.1869    8.15111         32 0.0000e+00
    316.000    312.485    -0.4450  28.196680    -0.4439  28.196150     4.9219     5.0845    -0.0142    97.7086 1.0000e-12  -74.13484 -113.41104  41.377875      11.74 2.6360e+01    476.396      11435  1028.9804  1028.9787     4.6351     0.0674     0.1349    34.1908    34.1889    8.15026         28 0.0000e+00
    317.000    313.480    -0.4453  28.197067    -0.4430  28.197625     4.9218     5.0822    -0.0135    97.7091 1.0000e-12  -74.13485 -113.41099  41.377911      11.41 2.6084e+01    479.527      11510  1028.9856  1028.9839     4.6353     0.0683     0.1345    34.1911    34.1892    8.15031         29 0.0000e+00
    318.000    314.467    -0.4440  28.198893    -0.4416  28.199446     4.9215     5.0792    -0.0100    97.7216 1.0000e-12  -74.13486 -113.41095  41.377949      11.00 2.6006e+01    482.753      11587  1028.9907  1028.9889     4.6357     0.0674     0.1344    34.1914    34.1895    8.15000         28 0.0000e+00
    319.000    315.451    -0.4417  28.201827    -0.4395  28.202181     4.9203     5.0801    -0.0112    97.7127 1.0000e-12  -74.13487 -113.41089  41.377987      10.63 2.6413e+01    486.062      11666  1028.9959  1028.9942     4.6353     0.0679     0.1347    34.1922    34.1902    8.14947         22 0.0000e+00
