ocean_section_plots/required_files/ctd/dnbp2202_ctd228.cnv
* Sea-Bird SBE 9 Data File:
* FileName = D:\Data\raw\NBP2202_CTD228.hex
* Software Version Seasave V 7.26.7.121
* Temperature SN = 1649
* Conductivity SN = 2513
* Number of Bytes Per Scan = 40
* Number of Voltage Words = 5
* Number of Scans Averaged by the Deck Unit = 1
* NMEA Latitude = 74 04.07 S
* NMEA Longitude = 111 33.09 W
* NMEA UTC (Time) = Feb 12 2022  18:03:23
* NMEA baud rate = 9600
** Ship: RVIB N.B. Palmer
** Cruise: NBP2202 Thwaites
** Station: 139
** Operator: A. Robinson
# nquan = 28
# nvalues = 275                         
# units = specified
# name 0 = prDM: Pressure, Digiquartz [db]
# name 1 = depSM: Depth [salt water, m]
# name 2 = t090C: Temperature [ITS-90, deg C]
# name 3 = c0mS/cm: Conductivity [mS/cm]
# name 4 = t190C: Temperature, 2 [ITS-90, deg C]
# name 5 = c1mS/cm: Conductivity, 2 [mS/cm]
# name 6 = sbeox0ML/L: Oxygen, SBE 43 [ml/l]
# name 7 = sbeox1ML/L: Oxygen, SBE 43, 2 [ml/l]
# name 8 = flECO-AFL: Fluorescence, WET Labs ECO-AFL/FL [mg/m^3]
# name 9 = CStarTr0: Beam Transmission, WET Labs C-Star [%]
# name 10 = par: PAR/Irradiance, Biospherical/Licor
# name 11 = latitude: Latitude [deg]
# name 12 = longitude: Longitude [deg]
# name 13 = timeJ: Julian Days
# name 14 = altM: Altimeter [m]
# name 15 = spar: SPAR, Biospherical/Licor
# name 16 = timeS: Time, Elapsed [seconds]
# name 17 = scan: Scan Count
# name 18 = density00: Density [density, kg/m^3]
# name 19 = density11: Density, 2 [density, kg/m^3]
# name 20 = v3: Voltage 3
# name 21 = v4: Voltage 4
# name 22 = v5: Voltage 5
# name 23 = sal00: Salinity, Practical [PSU]
# name 24 = sal11: Salinity, Practical, 2 [PSU]
# name 25 = oxsolML/L: Oxygen Saturation, Garcia & Gordon [ml/l]
# name 26 = nbin: number of scans per bin
# name 27 = flag: flag
# span 0 =      2.000,    276.000       
# span 1 =      1.974,    272.964       
# span 2 =    -1.4633,    -1.2271       
# span 3 =  26.919229,  27.360754       
# span 4 =    -1.4623,    -1.2737       
# span 5 =  26.919910,  27.360885       
# span 6 =     5.9090,     6.6410       
# span 7 =     6.1125,     6.8643       
# span 8 =     0.0069,     4.8317       
# span 9 =    91.7280,    97.2395       
# span 10 = -5.548e-07, 2.9478e+02      
# span 11 =  -74.06787,  -74.06786      
# span 12 = -111.55132, -111.55126      
# span 13 =  43.754772,  43.759428      
# span 14 =       2.48,      99.96      
# span 15 = 1.1475e+03, 1.7879e+03      
# span 16 =    209.281,    611.606      
# span 17 =       5024,      14680      
# span 18 =  1027.1730,  1028.7199      
# span 19 =  1027.1736,  1028.7186      
# span 20 =     4.3518,     4.6129      
# span 21 =     0.0686,     0.7724      
# span 22 =     0.1243,     0.1537      
# span 23 =    33.7572,    34.0526      
# span 24 =    33.7622,    34.0511      
# span 25 =    8.34639,    8.39485      
# span 26 =         23,         70      
# span 27 = 0.0000e+00, 0.0000e+00      
# interval = decibars: 1                
# start_time = Feb 12 2022 18:03:23 [NMEA time, header]
# bad_flag = -9.990e-29
*END*
[from data line 52]
     54.000     53.434    -1.4424  26.948791    -1.4420  26.949015     6.6194     6.8493     3.7508    92.2507 1.2879e+00  -74.06786 -111.55131  43.755954      99.84 1.2492e+03    311.436       7475  1027.4404  1027.4403     4.3763     0.5184     0.1409    33.7815    33.7814    8.39367         38 0.0000e+00
     55.000     54.424    -1.4421  26.949776    -1.4418  26.949730     6.6217     6.8484     3.8744    93.0233 1.1788e+00  -74.06786 -111.55131  43.755976      99.82 1.2576e+03    313.328       7521  1027.4455  1027.4452     4.4130     0.5638     0.1419    33.7818    33.7814    8.39358         39 0.0000e+00
     56.000     55.414    -1.4417  26.951765    -1.4411  26.951916     6.6167     6.8389     4.4672    92.6404 1.0823e+00  -74.06786 -111.55131  43.755997      99.80 1.2754e+03    315.136       7564  1027.4516  1027.4513     4.3951     0.6867     0.1395    33.7835    33.7831    8.39339         40 0.0000e+00
     57.000     56.402    -1.4411  26.953771    -1.4409  26.953563     6.6196     6.8383     3.2208    91.8749 1.0099e+00  -74.06786 -111.55130  43.756019      96.94 1.3158e+03    317.037       7610  1027.4577  1027.4572     4.3585     0.5445     0.1404    33.7850    33.7844    8.39318         46 0.0000e+00
     58.000     57.392    -1.4417  26.952509    -1.4414  26.952155     6.6238     6.8443     4.6004    91.7280 9.5421e-01  -74.06786 -111.55130  43.756041      98.66 1.3300e+03    318.905       7655  1027.4611  1027.4604     4.3518     0.5900     0.1406    33.7833    33.7825    8.39340         40 0.0000e+00
     59.000     58.380    -1.4410  26.955068    -1.4411  26.953573     6.6155     6.8422     3.1037    92.5610 8.4066e-01  -74.06786 -111.55130  43.756062      99.79 1.3007e+03    320.760       7699  1027.4676  1027.4661     4.3910     0.5615     0.1413    33.7854    33.7835    8.39313         35 0.0000e+00
     60.000     59.371    -1.4402  26.958248    -1.4397  26.958524     6.6148     6.8371     3.5583    91.7903 7.2577e-01  -74.06786 -111.55130  43.756083      99.83 1.2780e+03    322.571       7743  1027.4747  1027.4745     4.3548     0.5712     0.1386    33.7882    33.7880    8.39277         40 0.0000e+00
     61.000     60.360    -1.4402  26.958538    -1.4398  26.958445     6.6189     6.8303     3.8508    92.5653 6.3470e-01  -74.06786 -111.55130  43.756104      99.82 1.2597e+03    324.356       7786  1027.4794  1027.4788     4.3909     0.6037     0.1433    33.7881    33.7874    8.39279         39 0.0000e+00
     62.000     61.350    -1.4396  26.961090    -1.4393  26.961050     6.6196     6.8345     3.9126    92.0855 5.6208e-01  -74.06786 -111.55130  43.756124      99.79 1.2565e+03    326.136       7828  1027.4859  1027.4855     4.3686     0.6673     0.1434    33.7903    33.7898    8.39252         42 0.0000e+00
     63.000     62.339    -1.4396  26.961675    -1.4392  26.962049     6.6213     6.8400     3.4239    92.0150 5.0294e-01  -74.06786 -111.55132  43.756143      99.77 1.2572e+03    327.767       7867  1027.4909  1027.4909     4.3652     0.7559     0.1452    33.7904    33.7905    8.39251         32 0.0000e+00
     64.000     63.328    -1.4398  26.961743    -1.4393  26.961781     6.6194     6.8461     3.2138    92.4116 4.4818e-01  -74.06786 -111.55132  43.756162      99.81 1.2600e+03    329.386       7906  1027.4955  1027.4951     4.3840     0.6096     0.1448    33.7901    33.7896    8.39257         39 0.0000e+00
     65.000     64.318    -1.4399  26.961813    -1.4394  26.961859     6.6187     6.8451     4.4588    92.2116 4.0010e-01  -74.06786 -111.55132  43.756181      99.40 1.2584e+03    331.082       7947  1027.5000  1027.4995     4.3747     0.6766     0.1383    33.7897    33.7892    8.39263         38 0.0000e+00
     66.000     65.307    -1.4397  26.962503    -1.4393  26.962640     6.6179     6.8449     3.6021    92.1488 3.5467e-01  -74.06786 -111.55132  43.756201      99.82 1.2540e+03    332.746       7987  1027.5049  1027.5046     4.3717     0.5661     0.1424    33.7899    33.7895    8.39258         32 0.0000e+00
     67.000     66.296    -1.4400  26.962373    -1.4395  26.962656     6.6189     6.8445     3.6910    92.9570 3.1444e-01  -74.06786 -111.55132  43.756220      99.80 1.2547e+03    334.393       8026  1027.5092  1027.5090     4.4095     0.6516     0.1334    33.7893    33.7891    8.39266         36 0.0000e+00
     68.000     67.286    -1.4405  26.961899    -1.4399  26.962008     6.6104     6.8390     3.3096    92.5273 2.7897e-01  -74.06786 -111.55131  43.756239      99.80 1.2542e+03    336.053       8066  1027.5135  1027.5131     4.3895     0.6623     0.1417    33.7886    33.7881    8.39281         34 0.0000e+00
     69.000     68.274    -1.4405  26.962303    -1.4399  26.962377     6.5930     6.8200     4.4508    91.9420 2.4650e-01  -74.06786 -111.55130  43.756258      99.82 1.2493e+03    337.735       8107  1027.5183  1027.5179     4.3617     0.6228     0.1435    33.7886    33.7880    8.39283         38 0.0000e+00
     70.000     69.265    -1.4374  26.971016    -1.4371  26.969597     6.5745     6.7973     3.9260    92.4089 2.1741e-01  -74.06786 -111.55130  43.756277      99.83 1.2461e+03    339.376       8146  1027.5293  1027.5275     4.3838     0.5475     0.1384    33.7964    33.7942    8.39165         38 0.0000e+00
     71.000     70.253    -1.4349  26.976734    -1.4343  26.976926     6.5613     6.7918     3.9372    92.1541 1.9001e-01  -74.06786 -111.55130  43.756296      99.80 1.2432e+03    340.969       8184  1027.5376  1027.5372     4.3718     0.6775     0.1347    33.8009    33.8004    8.39083         39 0.0000e+00
     72.000     71.243    -1.4349  26.977255    -1.4343  26.977487     6.5774     6.7991     4.5690    91.8824 1.6570e-01  -74.06786 -111.55130  43.756315      99.82 1.2362e+03    342.637       8224  1027.5425  1027.5422     4.3589     0.5882     0.1436    33.8009    33.8006    8.39082         41 0.0000e+00
     73.000     72.233    -1.4355  26.975865    -1.4347  26.976755     6.5826     6.8038     3.4223    92.5298 1.4593e-01  -74.06786 -111.55130  43.756334      95.81 1.2311e+03    344.277       8264  1027.5458  1027.5460     4.3896     0.7724     0.1378    33.7991    33.7994    8.39107         38 0.0000e+00
     74.000     73.221    -1.4356  26.976074    -1.4350  26.976269     6.5598     6.7858     3.6695    92.3861 1.2489e-01  -74.06786 -111.55130  43.756352      99.77 1.2303e+03    345.852       8301  1027.5504  1027.5501     4.3828     0.7235     0.1397    33.7988    33.7984    8.39110         38 0.0000e+00
     75.000     74.210    -1.4337  26.981892    -1.4331  26.981691     6.5362     6.7702     3.8470    92.5048 1.0763e-01  -74.06786 -111.55130  43.756372      99.76 1.2279e+03    347.507       8341  1027.5594  1027.5587     4.3884     0.7623     0.1440    33.8041    33.8032    8.39037         41 0.0000e+00
     76.000     75.201    -1.4334  26.983080    -1.4328  26.983061     6.5271     6.7510     2.9879    92.0099 9.2587e-02  -74.06786 -111.55131  43.756391      99.81 1.2251e+03    349.208       8382  1027.5648  1027.5642     4.3649     0.6226     0.1375    33.8048    33.8041    8.39026         37 0.0000e+00
     77.000     76.189    -1.4332  26.984586    -1.4326  26.984539     6.4991     6.7160     3.3474    91.8878 7.9949e-02  -74.06786 -111.55131  43.756410      99.81 1.2271e+03    350.849       8421  1027.5705  1027.5699     4.3592     0.6216     0.1368    33.8059    33.8052    8.39013         35 0.0000e+00
     78.000     77.178    -1.4321  26.987910    -1.4314  26.988335     6.4397     6.6603     4.0775    91.8495 6.8334e-02  -74.06786 -111.55131  43.756428      99.84 1.2295e+03    352.347       8457  1027.5776  1027.5773     4.3573     0.5372     0.1404    33.8087    33.8085    8.38973         35 0.0000e+00
     79.000     78.168    -1.4300  26.992316    -1.4294  26.992689     6.3408     6.5703     3.9760    92.5920 5.7704e-02  -74.06786 -111.55131  43.756444      99.83 1.2321e+03    353.782       8492  1027.5848  1027.5846     4.3925     0.5541     0.1377    33.8118    33.8116    8.38908         34 0.0000e+00
     80.000     79.157    -1.4270  27.000500    -1.4267  27.000703     6.2759     6.5094     2.8935    92.7791 4.7988e-02  -74.06786 -111.55131  43.756460      99.84 1.2369e+03    355.176       8525  1027.5952  1027.5952     4.4014     0.5334     0.1424    33.8190    33.8189    8.38796         33 0.0000e+00
     81.000     80.146    -1.4264  27.003408    -1.4260  27.003084     6.2237     6.4620     3.1344    92.6176 3.8719e-02  -74.06786 -111.55131  43.756476      99.85 1.2453e+03    356.531       8558  1027.6023  1027.6016     4.3938     0.4871     0.1409    33.8218    33.8209    8.38767         33 0.0000e+00
     82.000     81.136    -1.4261  27.006469    -1.4258  27.006525     6.1802     6.4093     2.7828    93.5116 3.0701e-02  -74.06786 -111.55132  43.756492      99.85 1.2496e+03    357.883       8590  1027.6097  1027.6095     4.4361     0.4510     0.1353    33.8250    33.8247    8.38741         32 0.0000e+00
     83.000     82.124    -1.4257  27.010028    -1.4253  27.009638     6.1471     6.3692     2.9072    92.6793 2.3069e-02  -74.06786 -111.55132  43.756507      99.85 1.2521e+03    359.197       8622  1027.6176  1027.6168     4.3967     0.4601     0.1378    33.8288    33.8279    8.38708         31 0.0000e+00
     84.000     83.115    -1.4254  27.012085    -1.4250  27.011712     6.1271     6.3518     2.7010    93.2379 1.6762e-02  -74.06786 -111.55132  43.756522      99.86 1.2564e+03    360.479       8652  1027.6240  1027.6232     4.4231     0.4016     0.1339    33.8307    33.8298    8.38691         30 0.0000e+00
     85.000     84.103    -1.4251  27.014313    -1.4247  27.014591     6.1186     6.3409     2.0970    93.7582 1.1411e-02  -74.06786 -111.55131  43.756536      99.87 1.2571e+03    361.707       8682  1027.6305  1027.6305     4.4478     0.3625     0.1346    33.8328    33.8328    8.38671         29 0.0000e+00
     86.000     85.092    -1.4249  27.016826    -1.4245  27.016959     6.1210     6.3421     1.6987    93.4952 6.8507e-03  -74.06786 -111.55131  43.756550      99.87 1.2631e+03    362.904       8711  1027.6375  1027.6371     4.4353     0.3849     0.1331    33.8355    33.8351    8.38652         29 0.0000e+00
     87.000     86.083    -1.4247  27.017586    -1.4244  27.017681     6.1300     6.3424     2.1399    93.5383 2.5357e-03  -74.06786 -111.55130  43.756564      99.87 1.2720e+03    364.122       8740  1027.6424  1027.6422     4.4375     0.3539     0.1385    33.8356    33.8354    8.38646         30 0.0000e+00
     88.000     87.071    -1.4245  27.020468    -1.4241  27.020400     6.1279     6.3395     2.8605    93.5204 8.3017e-05  -74.06786 -111.55132  43.756578      99.86 1.2714e+03    365.358       8770  1027.6497  1027.6493     4.4364     0.3936     0.1371    33.8387    33.8382    8.38623         28 0.0000e+00
     89.000     88.061    -1.4242  27.022101    -1.4240  27.022184     6.1283     6.3347     2.4566    93.2350 -5.548e-07  -74.06786 -111.55131  43.756592      99.87 1.2732e+03    366.549       8798  1027.6556  1027.6555     4.4230     0.3545     0.1338    33.8401    33.8399    8.38609         29 0.0000e+00
     90.000     89.049    -1.4242  27.022278    -1.4239  27.022455     6.1330     6.3348     1.8236    94.1817 1.0000e-12  -74.06786 -111.55131  43.756606      99.88 1.2810e+03    367.734       8827  1027.6601  1027.6600     4.4679     0.3152     0.1358    33.8396    33.8395    8.38611         28 0.0000e+00
     91.000     90.039    -1.4243  27.021794    -1.4240  27.022004     6.1337     6.3370     1.5829    94.1307 1.0000e-12  -74.06786 -111.55131  43.756619      99.88 1.2867e+03    368.920       8855  1027.6639  1027.6638     4.4655     0.3334     0.1361    33.8384    33.8383    8.38620         29 0.0000e+00
     92.000     91.026    -1.4243  27.022613    -1.4240  27.022606     6.1456     6.3408     1.6220    94.6405 1.0000e-12  -74.06786 -111.55130  43.756633      95.60 1.2918e+03    370.111       8884  1027.6692  1027.6688     4.4897     0.3031     0.1325    33.8389    33.8385    8.38617         28 0.0000e+00
     93.000     92.019    -1.4243  27.025630    -1.4240  27.026258     6.1656     6.3513     1.8993    94.2108 1.0000e-12  -74.06786 -111.55132  43.756647      99.91 1.2896e+03    371.321       8913  1027.6768  1027.6772     4.4693     0.3335     0.1332    33.8425    33.8430    8.38596         30 0.0000e+00
     94.000     93.006    -1.4246  27.026859    -1.4241  27.026312     6.1677     6.3600     1.5662    94.3694 1.0000e-12  -74.06786 -111.55130  43.756661      99.88 1.2809e+03    372.515       8941  1027.6828  1027.6817     4.4768     0.2962     0.1351    33.8439    33.8426    8.38595         28 0.0000e+00
     95.000     93.996    -1.4245  27.028664    -1.4243  27.028037     6.1600     6.3582     1.7402    94.5983 1.0000e-12  -74.06786 -111.55130  43.756675      99.89 1.2684e+03    373.679       8969  1027.6890  1027.6881     4.4877     0.2942     0.1341    33.8456    33.8445    8.38582         29 0.0000e+00
     96.000     94.985    -1.4245  27.029302    -1.4241  27.029263     6.1492     6.3485     1.8336    94.5839 1.0000e-12  -74.06786 -111.55130  43.756689      99.88 1.2547e+03    374.902       8999  1027.6940  1027.6936     4.4870     0.3086     0.1352    33.8459    33.8454    8.38580         29 0.0000e+00
     97.000     95.973    -1.4241  27.030292    -1.4238  27.030173     6.1489     6.3427     1.5555    94.7367 1.0000e-12  -74.06786 -111.55130  43.756703      99.87 1.2419e+03    376.123       9028  1027.6990  1027.6987     4.4942     0.3086     0.1354    33.8461    33.8457    8.38569         28 0.0000e+00
     98.000     96.963    -1.4242  27.030690    -1.4239  27.030659     6.1279     6.3343     1.8115    94.5853 1.0000e-12  -74.06786 -111.55130  43.756716      99.87 1.2369e+03    377.300       9056  1027.7039  1027.7036     4.4871     0.3717     0.1336    33.8462    33.8458    8.38572         29 0.0000e+00
     99.000     97.953    -1.4240  27.031579    -1.4236  27.031538     6.1006     6.3139     1.9631    94.7144 1.0000e-12  -74.06786 -111.55129  43.756730      99.88 1.2363e+03    378.501       9085  1027.7091  1027.7086     4.4932     0.2985     0.1330    33.8466    33.8461    8.38565         29 0.0000e+00
    100.000     98.943    -1.4233  27.032853    -1.4232  27.032443     6.0935     6.2992     2.2966    94.5974 1.0000e-12  -74.06786 -111.55129  43.756744      99.88 1.2382e+03    379.704       9114  1027.7141  1027.7135     4.4876     0.3435     0.1350    33.8469    33.8462    8.38547         29 0.0000e+00
    101.000     99.931    -1.4231  27.034005    -1.4228  27.033753     6.0893     6.2942     2.3320    94.3512 1.0000e-12  -74.06786 -111.55128  43.756758      99.88 1.2466e+03    380.881       9142  1027.7195  1027.7189     4.4759     0.3129     0.1315    33.8477    33.8469    8.38538         28 0.0000e+00
    102.000    100.920    -1.4227  27.036446    -1.4224  27.036404     6.0986     6.2977     1.9351    94.4942 1.0000e-12  -74.06786 -111.55128  43.756772      99.87 1.2625e+03    382.094       9171  1027.7261  1027.7258     4.4828     0.3396     0.1346    33.8500    33.8495    8.38516         30 0.0000e+00
    103.000    101.909    -1.4223  27.038116    -1.4219  27.038229     6.1113     6.3075     1.9797    95.0421 1.0000e-12  -74.06786 -111.55128  43.756786      99.66 1.2812e+03    383.322       9201  1027.7319  1027.7316     4.5087     0.3179     0.1343    33.8512    33.8509    8.38500         29 0.0000e+00
    104.000    102.898    -1.4226  27.039370    -1.4223  27.039660     6.1347     6.3277     1.6989    94.5580 1.0000e-12  -74.06786 -111.55128  43.756800      99.87 1.3031e+03    384.514       9229  1027.7379  1027.7379     4.4857     0.3188     0.1341    33.8526    33.8527    8.38498         28 0.0000e+00
