ocean_section_plots/required_files/ctd/dnbp2202_ctd048.cnv
* Sea-Bird SBE 9 Data File:
* FileName = D:\Data\raw\NBP2202_CTD048.hex
* Software Version Seasave V 7.26.7.121
* Temperature SN = 1649
* Conductivity SN = 2513
* Number of Bytes Per Scan = 40
* Number of Voltage Words = 5
* Number of Scans Averaged by the Deck Unit = 1
* NMEA Latitude = 74 11.99 S
* NMEA Longitude = 113 03.03 W
* NMEA UTC (Time) = Jan 24 2022  02:41:23
* NMEA baud rate = 9600
** Ship: RVIB N.B. Palmer
** Cruise: NBP2202 Thwaites
** Station: Section Dotson C
** Operator: A. Robinson
# nquan = 25
# nvalues = 718                         
# units = specified
# name 0 = prDM: Pressure, Digiquartz [db]
# name 1 = depSM: Depth [salt water, m]
# name 2 = t090C: Temperature [ITS-90, deg C]
# name 3 = c0mS/cm: Conductivity [mS/cm]
# name 4 = t190C: Temperature, 2 [ITS-90, deg C]
# name 5 = c1mS/cm: Conductivity, 2 [mS/cm]
# name 6 = sbeox0ML/L: Oxygen, SBE 43 [ml/l]
# name 7 = sbeox1ML/L: Oxygen, SBE 43, 2 [ml/l]
# name 8 = flECO-AFL: Fluorescence, WET Labs ECO-AFL/FL [mg/m^3]
# name 9 = CStarTr0: Beam Transmission, WET Labs C-Star [%]
# name 10 = par: PAR/Irradiance, Biospherical/Licor
# name 11 = latitude: Latitude [deg]
# name 12 = longitude: Longitude [deg]
# name 13 = timeJ: Julian Days
# name 14 = altM: Altimeter [m]
# name 15 = spar: SPAR, Biospherical/Licor
# name 16 = timeS: Time, Elapsed [seconds]
# name 17 = scan: Scan Count
# name 18 = density00: Density [density, kg/m^3]
# name 19 = density11: Density, 2 [density, kg/m^3]
# name 20 = sal00: Salinity, Practical [PSU]
# name 21 = sal11: Salinity, Practical, 2 [PSU]
# name 22 = oxsolML/L: Oxygen Saturation, Garcia & Gordon [ml/l]
# name 23 = nbin: number of scans per bin
# name 24 = flag: flag
# span 0 =      2.000,    719.000       
# span 1 =      1.980,    710.329       
# span 2 =    -1.4862,     0.3186       
# span 3 =  27.112805,  29.231837       
# span 4 =    -1.4857,     0.3207       
# span 5 =  27.112510,  29.231439       
# span 6 =     4.6398,     8.6375       
# span 7 =     4.8956,     9.0963       
# span 8 =    -0.0172,    25.2066       
# span 9 =    67.1832,    96.3000       
# span 10 = 1.0000e-12, 7.7910e+01      
# span 11 =  -74.19996,  -74.19996      
# span 12 = -113.05068, -113.05064      
# span 13 =  24.114892,  24.126085      
# span 14 =       3.82,     100.34      
# span 15 = 1.7805e+02, 2.4070e+02      
# span 16 =    243.654,   1210.736      
# span 17 =       5849,      29059      
# span 18 =  1027.1850,  1031.0546      
# span 19 =  1027.1870,  1031.0519      
# span 20 =    33.7942,    34.4692      
# span 21 =    33.7966,    34.4663      
# span 22 =    7.97361,    8.39112      
# span 23 =         11,         53      
# span 24 = 0.0000e+00, 0.0000e+00      
# interval = decibars: 1                
# start_time = Jan 24 2022 02:41:23 [NMEA time, header]
# bad_flag = -9.990e-29
*END*
[from data line 348]
    350.000    346.084    -1.2462  27.478560    -1.2437  27.478484     6.0192     6.3633     0.0147    96.2578 1.0000e-12  -74.19996 -113.05066  24.120440      90.43 2.2441e+02    722.995      17353  1029.1089  1029.1063    34.1030    34.1000    8.33061         28 0.0000e+00
    351.000    347.072    -1.2292  27.494113    -1.2280  27.493499     6.0245     6.3531     0.0292    96.2464 1.0000e-12  -74.19996 -113.05066  24.120453      98.72 2.2301e+02    724.151      17381  1029.1140  1029.1122    34.1043    34.1022    8.32673         27 0.0000e+00
    352.000    348.061    -1.2313  27.493513    -1.2294  27.493496     6.0305     6.3617     0.0300    96.2759 1.0000e-12  -74.19996 -113.05066  24.120466      99.91 2.2364e+02    725.281      17408  1029.1201  1029.1183    34.1053    34.1032    8.32714         28 0.0000e+00
    353.000    349.049    -1.2335  27.493252    -1.2318  27.493090     6.0382     6.3693     0.0351    96.2705 1.0000e-12  -74.19996 -113.05066  24.120479      99.89 2.2544e+02    726.409      17435  1029.1266  1029.1248    34.1069    34.1047    8.32756         27 0.0000e+00
    354.000    350.035    -1.2381  27.490127    -1.2364  27.490197     6.0624     6.3921     0.0278    96.2513 1.0000e-12  -74.19996 -113.05066  24.120492      99.88 2.2375e+02    727.548      17462  1029.1323  1029.1307    34.1071    34.1053    8.32855         27 0.0000e+00
    355.000    351.025    -1.2382  27.490886    -1.2385  27.489375     6.0783     6.4041     0.0232    96.2475 1.0000e-12  -74.19996 -113.05066  24.120505      99.89 2.2409e+02    728.673      17489  1029.1377  1029.1364    34.1077    34.1059    8.32854         27 0.0000e+00
    356.000    352.011    -1.2538  27.478109    -1.2533  27.477289     6.0923     6.4113     0.0292    96.2341 1.0000e-12  -74.19996 -113.05066  24.120519      99.89 2.2567e+02    729.806      17516  1029.1435  1029.1422    34.1073    34.1057    8.33204         27 0.0000e+00
    357.000    353.000    -1.2571  27.475910    -1.2563  27.475216     6.1030     6.4230     0.0392    96.2017 1.0000e-12  -74.19996 -113.05066  24.120532      99.89 2.2431e+02    730.953      17544  1029.1487  1029.1471    34.1075    34.1055    8.33277         28 0.0000e+00
    358.000    353.989    -1.2638  27.471805    -1.2619  27.472020     6.0961     6.4192     0.0524    96.1979 1.0000e-12  -74.19996 -113.05066  24.120545      99.89 2.2527e+02    732.095      17571  1029.1552  1029.1536    34.1089    34.1070    8.33419         27 0.0000e+00
    359.000    354.976    -1.2667  27.470570    -1.2656  27.470066     6.0953     6.4248     0.0340    96.1941 1.0000e-12  -74.19996 -113.05066  24.120558      99.89 2.2638e+02    733.225      17598  1029.1610  1029.1593    34.1099    34.1078    8.33478         27 0.0000e+00
    360.000    355.963    -1.2579  27.479898    -1.2574  27.478940     6.0812     6.4185     0.0331    96.0472 1.0000e-12  -74.19996 -113.05066  24.120571      99.89 2.2488e+02    734.365      17626  1029.1669  1029.1654    34.1120    34.1101    8.33269         28 0.0000e+00
    361.000    356.953    -1.2664  27.473986    -1.2655  27.473429     6.0352     6.3814     0.0370    96.1199 1.0000e-12  -74.19996 -113.05066  24.120585      78.57 2.2519e+02    735.502      17653  1029.1730  1029.1715    34.1129    34.1111    8.33452         27 0.0000e+00
    362.000    357.939    -1.2352  27.504943    -1.2343  27.502826     5.9919     6.3369     0.0370    95.9542 1.0000e-12  -74.19996 -113.05066  24.120598      91.68 2.2672e+02    736.643      17680  1029.1807  1029.1775    34.1192    34.1153    8.32719         28 0.0000e+00
    363.000    358.928    -1.1963  27.540697    -1.1946  27.539462     5.9427     6.2916     0.0386    96.2172 1.0000e-12  -74.19996 -113.05066  24.120611      99.76 2.2591e+02    737.794      17708  1029.1861  1029.1831    34.1234    34.1198    8.31830         28 0.0000e+00
    364.000    359.916    -1.1648  27.570074    -1.1626  27.569026     5.8723     6.2155     0.0378    96.1635 1.0000e-12  -74.19996 -113.05066  24.120625      99.89 2.2515e+02    738.979      17736  1029.1919  1029.1887    34.1271    34.1232    8.31108         28 0.0000e+00
    365.000    360.903    -1.1283  27.604169    -1.1262  27.601984     5.8335     6.1783     0.0426    96.2320 1.0000e-12  -74.19996 -113.05066  24.120639      99.89 2.2663e+02    740.173      17765  1029.1981  1029.1936    34.1317    34.1263    8.30273         29 0.0000e+00
    366.000    361.891    -1.0825  27.644265    -1.0847  27.640471     5.8308     6.1675     0.0458    96.2370 1.0000e-12  -74.19996 -113.05066  24.120652      99.89 2.2674e+02    741.367      17794  1029.2016  1029.1997    34.1337    34.1311    8.29245         29 0.0000e+00
    367.000    362.880    -1.0944  27.634280    -1.0960  27.631108     5.7930     6.1401     0.0386    96.2188 1.0000e-12  -74.19996 -113.05066  24.120666      99.89 2.2547e+02    742.551      17822  1029.2072  1029.2054    34.1330    34.1306    8.29513         28 0.0000e+00
    368.000    363.867    -1.0792  27.649116    -1.0795  27.646265     5.7625     6.1012     0.0300    96.2210 1.0000e-12  -74.19996 -113.05066  24.120680      99.90 2.2697e+02    743.736      17851  1029.2132  1029.2104    34.1353    34.1318    8.29163         29 0.0000e+00
    369.000    364.855    -1.0376  27.686156    -1.0398  27.682473     5.7250     6.0591     0.0217    96.1813 1.0000e-12  -74.19996 -113.05066  24.120694      99.89 2.2728e+02    744.927      17879  1029.2176  1029.2157    34.1381    34.1356    8.28229         28 0.0000e+00
    370.000    365.843    -1.0191  27.704878    -1.0181  27.702527     5.6843     6.0102     0.0218    96.2207 1.0000e-12  -74.19996 -113.05066  24.120707      99.89 2.2585e+02    746.114      17908  1029.2246  1029.2210    34.1420    34.1376    8.27798         29 0.0000e+00
    371.000    366.831    -0.9924  27.728679    -0.9915  27.726981     5.6497     5.9756     0.0237    96.1746 1.0000e-12  -74.19996 -113.05066  24.120721      99.89 2.2734e+02    747.310      17936  1029.2292  1029.2264    34.1436    34.1402    8.27201         28 0.0000e+00
    372.000    367.819    -0.9564  27.762472    -0.9562  27.759751     5.6293     5.9502     0.0464    96.1956 1.0000e-12  -74.19996 -113.05066  24.120735      81.15 2.2704e+02    748.518      17965  1029.2355  1029.2322    34.1481    34.1441    8.26383         29 0.0000e+00
    373.000    368.806    -0.9424  27.776136    -0.9407  27.774915     5.5737     5.8955     0.0620    96.2095 1.0000e-12  -74.19996 -113.05066  24.120749      89.83 2.2656e+02    749.709      17994  1029.2414  1029.2385    34.1501    34.1466    8.26062         29 0.0000e+00
    374.000    369.794    -0.9092  27.807705    -0.9099  27.803534     5.5325     5.8509     0.0273    96.2122 1.0000e-12  -74.19996 -113.05066  24.120763      99.51 2.2766e+02    750.898      18023  1029.2480  1029.2442    34.1548    34.1500    8.25306         28 0.0000e+00
    375.000    370.782    -0.8663  27.846670    -0.8621  27.847404     5.5073     5.8187     0.0239    96.1925 1.0000e-12  -74.19996 -113.05066  24.120776      99.88 2.2802e+02    752.087      18051  1029.2531  1029.2498    34.1585    34.1548    8.24344         29 0.0000e+00
    376.000    371.771    -0.8604  27.851940    -0.8575  27.852470     5.4983     5.8105     0.0250    96.1800 1.0000e-12  -74.19996 -113.05066  24.120790      99.89 2.2703e+02    753.271      18080  1029.2580  1029.2557    34.1583    34.1558    8.24216         28 0.0000e+00
    377.000    372.758    -0.8478  27.864117    -0.8464  27.862914     5.4882     5.8055     0.0228    96.1534 1.0000e-12  -74.19996 -113.05066  24.120804      99.88 2.2772e+02    754.464      18108  1029.2637  1029.2610    34.1600    34.1568    8.23931         29 0.0000e+00
    378.000    373.745    -0.8427  27.868744    -0.8426  27.866660     5.4428     5.7583     0.0114    96.0412 1.0000e-12  -74.19996 -113.05066  24.120818      99.89 2.2857e+02    755.671      18137  1029.2686  1029.2662    34.1599    34.1569    8.23820         29 0.0000e+00
    379.000    374.733    -0.8135  27.897329    -0.8137  27.893155     5.4103     5.7198     0.0226    95.8503 1.0000e-12  -74.19996 -113.05066  24.120832      60.41 2.2778e+02    756.872      18166  1029.2756  1029.2714    34.1649    34.1596    8.23152         29 0.0000e+00
    380.000    375.723    -0.7746  27.932245    -0.7731  27.930964     5.3895     5.6990     0.0234    96.1570 1.0000e-12  -74.19996 -113.05066  24.120846      99.75 2.2766e+02    758.059      18194  1029.2801  1029.2773    34.1677    34.1643    8.22289         28 0.0000e+00
    381.000    376.709    -0.7722  27.934832    -0.7703  27.934093     5.3941     5.6924     0.0242    96.1636 1.0000e-12  -74.19996 -113.05066  24.120859      99.90 2.2868e+02    759.245      18223  1029.2855  1029.2828    34.1679    34.1647    8.22236         28 0.0000e+00
    382.000    377.697    -0.7645  27.942454    -0.7624  27.941744     5.3855     5.6763     0.0221    96.1416 1.0000e-12  -74.19996 -113.05066  24.120873      99.88 2.2813e+02    760.437      18251  1029.2909  1029.2881    34.1689    34.1655    8.22062         29 0.0000e+00
    383.000    378.684    -0.7559  27.950705    -0.7554  27.948576     5.3539     5.6469     0.0431    96.1417 1.0000e-12  -74.19996 -113.05066  24.120887      82.92 2.2782e+02    761.644      18280  1029.2961  1029.2933    34.1696    34.1662    8.21869         30 0.0000e+00
    384.000    379.673    -0.7358  27.970171    -0.7331  27.969411     5.3358     5.6284     0.0355    96.1231 1.0000e-12  -74.19996 -113.05066  24.120901      99.30 2.2910e+02    762.850      18309  1029.3021  1029.2987    34.1726    34.1686    8.21414         28 0.0000e+00
    385.000    380.660    -0.7181  27.986348    -0.7155  27.986171     5.3170     5.6080     0.0180    96.0869 1.0000e-12  -74.19996 -113.05066  24.120915      99.89 2.2844e+02    764.044      18338  1029.3070  1029.3042    34.1740    34.1707    8.21023         29 0.0000e+00
    386.000    381.649    -0.7007  28.003988    -0.6977  28.004043     5.3054     5.5997     0.0148    96.0953 1.0000e-12  -74.19996 -113.05066  24.120928      99.89 2.2842e+02    765.215      18366  1029.3137  1029.3108    34.1775    34.1741    8.20624         28 0.0000e+00
    387.000    382.636    -0.6870  28.018244    -0.6850  28.017442     5.2900     5.5908     0.0135    96.1083 1.0000e-12  -74.19996 -113.05066  24.120942      99.89 2.3011e+02    766.394      18394  1029.3203  1029.3175    34.1807    34.1773    8.20308         28 0.0000e+00
    388.000    383.624    -0.6764  28.029294    -0.6736  28.028929     5.2475     5.5496     0.0231    96.1109 1.0000e-12  -74.19996 -113.05066  24.120956      99.88 2.2893e+02    767.581      18423  1029.3266  1029.3235    34.1830    34.1794    8.20065         29 0.0000e+00
    389.000    384.612    -0.6436  28.062070    -0.6419  28.059736     5.2183     5.5157     0.0194    96.1153 1.0000e-12  -74.19996 -113.05066  24.120970      99.89 2.2875e+02    768.774      18452  1029.3343  1029.3302    34.1895    34.1845    8.19315         29 0.0000e+00
    390.000    385.600    -0.5985  28.105614    -0.5962  28.104512     5.1821     5.4750     0.0126    96.0953 1.0000e-12  -74.19996 -113.05066  24.120984      99.89 2.3042e+02    769.979      18480  1029.3417  1029.3383    34.1967    34.1926    8.18298         29 0.0000e+00
    391.000    386.588    -0.5793  28.125058    -0.5759  28.124909     5.1620     5.4455     0.0197    96.0799 1.0000e-12  -74.19996 -113.05066  24.120997      99.89 2.2974e+02    771.181      18509  1029.3486  1029.3452    34.2006    34.1966    8.17860         28 0.0000e+00
    392.000    387.573    -0.5456  28.158634    -0.5428  28.157927     5.1491     5.4311     0.0313    96.0771 1.0000e-12  -74.19996 -113.05066  24.121011      99.89 2.2925e+02    772.377      18538  1029.3565  1029.3531    34.2071    34.2031    8.17095         28 0.0000e+00
    393.000    388.564    -0.5353  28.169245    -0.5331  28.168455     5.1500     5.4312     0.0298    95.9549 1.0000e-12  -74.19996 -113.05066  24.121025      99.89 2.3065e+02    773.577      18567  1029.3627  1029.3598    34.2092    34.2057    8.16862         28 0.0000e+00
    394.000    389.549    -0.5233  28.182328    -0.5213  28.181336     5.1525     5.4306     0.0487    96.0410 1.0000e-12  -74.19996 -113.05066  24.121039      92.51 2.3012e+02    774.768      18595  1029.3698  1029.3669    34.2126    34.2091    8.16583         28 0.0000e+00
    395.000    390.539    -0.5188  28.187464    -0.5171  28.186535     5.1595     5.4272     0.1819    96.0798 1.0000e-12  -74.19996 -113.05066  24.121053      89.90 2.2932e+02    775.938      18624  1029.3758  1029.3731    34.2139    34.2107    8.16481         26 0.0000e+00
    396.000    391.526    -0.5163  28.190705    -0.5142  28.190027     5.1601     5.4267     0.2425    96.0745 1.0000e-12  -74.19996 -113.05066  24.121066      99.34 2.3063e+02    777.122      18652  1029.3814  1029.3787    34.2148    34.2116    8.16421         29 0.0000e+00
    397.000    392.514    -0.5138  28.193907    -0.5117  28.193465     5.1573     5.4384     0.0150    96.0463 1.0000e-12  -74.19996 -113.05066  24.121080      99.88 2.3057e+02    778.325      18681  1029.3871  1029.3846    34.2157    34.2127    8.16362         29 0.0000e+00
    398.000    393.502    -0.5124  28.196482    -0.5105  28.195665     5.1627     5.4318     0.0130    96.0421 1.0000e-12  -74.19996 -113.05066  24.121094      99.88 2.2917e+02    779.521      18710  1029.3931  1029.3904    34.2169    34.2137    8.16324         28 0.0000e+00
    399.000    394.489    -0.5094  28.200591    -0.5076  28.199765     5.1636     5.4320     0.0611    96.0596 1.0000e-12  -74.19996 -113.05066  24.121108      99.89 2.3071e+02    780.723      18738  1029.3991  1029.3965    34.2185    34.2153    8.16251         29 0.0000e+00
    400.000    395.477    -0.5089  28.201613    -0.5072  28.200857     5.1644     5.4291     0.1346    96.0790 1.0000e-12  -74.19996 -113.05066  24.121122      99.89 2.3143e+02    781.922      18767  1029.4043  1029.4018    34.2187    34.2157    8.16239         29 0.0000e+00
    401.000    396.465    -0.5091  28.201971    -0.5073  28.201333     5.1687     5.4340     0.0342    96.0586 1.0000e-12  -74.19996 -113.05066  24.121135      99.89 2.2948e+02    783.107      18796  1029.4094  1029.4070    34.2188    34.2159    8.16243         28 0.0000e+00
    402.000    397.453    -0.5080  28.204284    -0.5063  28.203523     5.1587     5.4329     0.0027    96.0821 1.0000e-12  -74.19996 -113.05066  24.121149      99.89 2.3064e+02    784.293      18824  1029.4152  1029.4127    34.2201    34.2171    8.16212         28 0.0000e+00
    403.000    398.441    -0.5055  28.208411    -0.5037  28.207735     5.1643     5.4367     0.0190    96.0885 1.0000e-12  -74.19996 -113.05066  24.121163      99.88 2.3159e+02    785.488      18853  1029.4217  1029.4192    34.2222    34.2192    8.16147         30 0.0000e+00
    404.000    399.428    -0.5012  28.214979    -0.4990  28.214349     5.1715     5.4367     0.0128    96.0689 1.0000e-12  -74.19996 -113.05066  24.121177      99.89 2.3063e+02    786.676      18881  1029.4289  1029.4261    34.2256    34.2223    8.16034         28 0.0000e+00
    405.000    400.415    -0.4948  28.223344    -0.4927  28.222773     5.1616     5.4334     0.0135    96.0797 1.0000e-12  -74.19996 -113.05066  24.121191      82.10 2.3148e+02    787.862      18910  1029.4360  1029.4333    34.2290    34.2259    8.15877         29 0.0000e+00
    406.000    401.404    -0.4876  28.231849    -0.4858  28.230994     5.1530     5.4291     0.0153    96.0679 1.0000e-12  -74.19996 -113.05066  24.121204      91.18 2.3188e+02    789.052      18938  1029.4424  1029.4398    34.2316    34.2284    8.15707         28 0.0000e+00
