ocean_section_plots/required_files/ctd/dnbp2202_ctd218.cnv
* Sea-Bird SBE 9 Data File:
* FileName = D:\Data\raw\NBP2202_CTD218.hex
* Software Version Seasave V 7.26.7.121
* Temperature SN = 1649
* Conductivity SN = 2513
* Number of Bytes Per Scan = 40
* Number of Voltage Words = 5
* Number of Scans Averaged by the Deck Unit = 1
* NMEA Latitude = 73 52.99 S
* NMEA Longitude = 111 20.07 W
* NMEA UTC (Time) = Feb 11 2022  09:04:58
* NMEA baud rate = 9600
** Ship: RVIB N.B. Palmer
** Cruise: NBP2202 Thwaites
** Station: 130
** Operator: B. Bjork
# nquan = 28
# nvalues = 455                         
# units = specified
# name 0 = prDM: Pressure, Digiquartz [db]
# name 1 = depSM: Depth [salt water, m]
# name 2 = t090C: Temperature [ITS-90, deg C]
# name 3 = c0mS/cm: Conductivity [mS/cm]
# name 4 = t190C: Temperature, 2 [ITS-90, deg C]
# name 5 = c1mS/cm: Conductivity, 2 [mS/cm]
# name 6 = sbeox0ML/L: Oxygen, SBE 43 [ml/l]
# name 7 = sbeox1ML/L: Oxygen, SBE 43, 2 [ml/l]
# name 8 = flECO-AFL: Fluorescence, WET Labs ECO-AFL/FL [mg/m^3]
# name 9 = CStarTr0: Beam Transmission, WET Labs C-Star [%]
# name 10 = par: PAR/Irradiance, Biospherical/Licor
# name 11 = latitude: Latitude [deg]
# name 12 = longitude: Longitude [deg]
# name 13 = timeJ: Julian Days
# name 14 = altM: Altimeter [m]
# name 15 = spar: SPAR, Biospherical/Licor
# name 16 = timeS: Time, Elapsed [seconds]
# name 17 = scan: Scan Count
# name 18 = density00: Density [density, kg/m^3]
# name 19 = density11: Density, 2 [density, kg/m^3]
# name 20 = v3: Voltage 3
# name 21 = v4: Voltage 4
# name 22 = v5: Voltage 5
# name 23 = sal00: Salinity, Practical [PSU]
# name 24 = sal11: Salinity, Practical, 2 [PSU]
# name 25 = oxsolML/L: Oxygen Saturation, Garcia & Gordon [ml/l]
# name 26 = nbin: number of scans per bin
# name 27 = flag: flag
# span 0 =      2.000,    456.000       
# span 1 =      1.978,    450.791       
# span 2 =    -1.7147,     0.2505       
# span 3 =  26.817805,  29.068226       
# span 4 =    -1.7135,     0.2536       
# span 5 =  26.818670,  29.069186       
# span 6 =     4.6777,     8.8062       
# span 7 =     4.8051,     9.0027       
# span 8 =    -0.0165,    26.8927       
# span 9 =    72.0963,    98.4378       
# span 10 = -7.483e-06, 3.4819e+00      
# span 11 =  -73.88322,  -73.88320      
# span 12 = -111.33468, -111.33464      
# span 13 =  42.380178,  42.386397      
# span 14 =       1.18,     100.55      
# span 15 = 2.1129e+01, 3.7036e+01      
# span 16 =    149.368,    686.735      
# span 17 =       3586,      16483      
# span 18 =  1027.1473,  1029.8360      
# span 19 =  1027.1459,  1029.8335      
# span 20 =     3.4212,     4.6697      
# span 21 =     0.0675,     4.3568      
# span 22 =     0.1082,     0.2686      
# span 23 =    33.7444,    34.4840      
# span 24 =    33.7429,    34.4809      
# span 25 =    7.98690,    8.44824      
# span 26 =         22,         48      
# span 27 = 0.0000e+00, 0.0000e+00      
# interval = decibars: 1                
# start_time = Feb 11 2022 09:04:58 [NMEA time, header]
# bad_flag = -9.990e-29
*END*
[from data line 259]
    261.000    258.140    -1.3697  27.349651    -1.3683  27.349470     6.2539     6.4408     0.0103    98.3586 1.0000e-12  -73.88322 -111.33468  42.383921      99.95 3.5843e+01    472.794      11348  1028.7059  1028.7043     4.6659     0.0761     0.1164    34.1217    34.1199    8.35710         24 0.0000e+00
    262.000    259.127    -1.3703  27.349630    -1.3686  27.349716     6.2730     6.4663     0.0385    98.3512 1.0000e-12  -73.88322 -111.33468  42.383932      99.95 3.7007e+01    473.759      11371  1028.7108  1028.7093     4.6656     0.0751     0.1150    34.1218    34.1199    8.35723         22 0.0000e+00
    263.000    260.117    -1.3706  27.349794    -1.3695  27.349434     6.2780     6.4780     0.0733    98.3325 1.0000e-12  -73.88322 -111.33468  42.383944      99.95 3.5694e+01    474.733      11395  1028.7157  1028.7142     4.6647     0.0701     0.1112    34.1216    34.1199    8.35729         24 0.0000e+00
    264.000    261.105    -1.3776  27.345126    -1.3769  27.344647     6.2467     6.4425     0.0076    98.3363 1.0000e-12  -73.88322 -111.33468  42.383955      91.21 3.5116e+01    475.689      11418  1028.7218  1028.7206     4.6648     0.0702     0.1123    34.1226    34.1212    8.35881         23 0.0000e+00
    265.000    262.093    -1.3681  27.357224    -1.3656  27.357093     6.1969     6.3962     0.0062    98.3370 1.0000e-12  -73.88322 -111.33468  42.383966      99.89 3.6609e+01    476.639      11440  1028.7301  1028.7276     4.6649     0.0714     0.1146    34.1278    34.1248    8.35637         22 0.0000e+00
    266.000    263.081    -1.3283  27.394125    -1.3255  27.394401     6.1648     6.3675     0.0138    98.3398 1.0000e-12  -73.88322 -111.33468  42.383977      99.95 3.5782e+01    477.597      11463  1028.7362  1028.7337     4.6650     0.0730     0.1187    34.1326    34.1297    8.34719         23 0.0000e+00
    267.000    264.069    -1.3074  27.413261    -1.3053  27.413146     6.1411     6.3382     0.0084    98.3295 1.0000e-12  -73.88322 -111.33468  42.383988      99.95 3.5872e+01    478.554      11486  1028.7412  1028.7391     4.6646     0.0732     0.1214    34.1344    34.1318    8.34240         23 0.0000e+00
    268.000    265.059    -1.2956  27.424403    -1.2940  27.423956     6.1139     6.3147     0.0017    98.2993 1.0000e-12  -73.88322 -111.33468  42.383999      99.95 3.6948e+01    479.521      11509  1028.7465  1028.7444     4.6631     0.0740     0.1179    34.1356    34.1332    8.33970         24 0.0000e+00
    269.000    266.048    -1.2856  27.433954    -1.2837  27.433814     6.1014     6.3020     0.0152    98.2436 1.0000e-12  -73.88322 -111.33468  42.384010      99.95 3.5797e+01    480.498      11533  1028.7517  1028.7498     4.6605     0.0749     0.1172    34.1367    34.1344    8.33740         23 0.0000e+00
    270.000    267.034    -1.2718  27.447017    -1.2692  27.447718     6.0907     6.2822     0.0262    98.2174 1.0000e-12  -73.88322 -111.33468  42.384022      99.95 3.5872e+01    481.469      11556  1028.7571  1028.7554     4.6593     0.0749     0.1154    34.1383    34.1363    8.33423         23 0.0000e+00
    271.000    268.023    -1.2608  27.458077    -1.2591  27.457768     6.0771     6.2700     0.0237    98.2188 1.0000e-12  -73.88322 -111.33466  42.384033      99.95 3.6648e+01    482.431      11579  1028.7631  1028.7610     4.6593     0.0722     0.1154    34.1404    34.1379    8.33166         24 0.0000e+00
    272.000    269.013    -1.2472  27.471589    -1.2454  27.471305     6.0764     6.2610     0.0289    98.1990 1.0000e-12  -73.88322 -111.33468  42.384044      99.95 3.6381e+01    483.391      11602  1028.7690  1028.7670     4.6584     0.0727     0.1162    34.1427    34.1403    8.32847         22 0.0000e+00
    273.000    269.999    -1.2405  27.478313    -1.2389  27.477976     6.0742     6.2535     0.0295    98.2134 1.0000e-12  -73.88322 -111.33468  42.384055      99.95 3.5188e+01    484.351      11625  1028.7745  1028.7726     4.6591     0.0791     0.1149    34.1437    34.1414    8.32693         24 0.0000e+00
    274.000    270.988    -1.2347  27.484347    -1.2328  27.484235     6.0745     6.2549     0.0745    98.1838 1.0000e-12  -73.88322 -111.33468  42.384066      99.95 3.6058e+01    485.311      11648  1028.7800  1028.7781     4.6577     0.0732     0.1174    34.1447    34.1425    8.32557         22 0.0000e+00
    275.000    271.978    -1.2304  27.488988    -1.2288  27.488632     6.0720     6.2581     0.0306    98.1367 1.0000e-12  -73.88322 -111.33468  42.384077      99.95 3.6661e+01    486.282      11672  1028.7854  1028.7835     4.6554     0.0741     0.1160    34.1456    34.1433    8.32456         24 0.0000e+00
    276.000    272.964    -1.2234  27.496597    -1.2215  27.496468     6.0799     6.2505     0.0110    98.1483 1.0000e-12  -73.88322 -111.33468  42.384089      99.95 3.5405e+01    487.255      11695  1028.7915  1028.7895     4.6560     0.0749     0.1160    34.1474    34.1451    8.32291         23 0.0000e+00
    277.000    273.955    -1.2201  27.500239    -1.2185  27.500114     6.0782     6.2574     0.0157    98.1342 1.0000e-12  -73.88322 -111.33468  42.384100      51.54 3.5842e+01    488.220      11718  1028.7967  1028.7950     4.6554     0.0718     0.1182    34.1480    34.1460    8.32213         24 0.0000e+00
    278.000    274.941    -1.2181  27.502759    -1.2165  27.502451     6.0798     6.2684     0.0215    98.0898 1.0000e-12  -73.88322 -111.33468  42.384111      94.77 3.6472e+01    489.190      11742  1028.8020  1028.8001     4.6532     0.0748     0.1189    34.1486    34.1463    8.32165         23 0.0000e+00
    279.000    275.930    -1.2157  27.505580    -1.2141  27.505392     6.0913     6.2708     0.0236    98.1030 1.0000e-12  -73.88322 -111.33468  42.384122      99.97 3.5252e+01    490.150      11765  1028.8073  1028.8056     4.6539     0.0763     0.1209    34.1491    34.1471    8.32109         22 0.0000e+00
    280.000    276.919    -1.2140  27.508097    -1.2123  27.507911     6.0992     6.2801     0.0254    98.0484 1.0000e-12  -73.88322 -111.33468  42.384133      99.95 3.6438e+01    491.108      11788  1028.8128  1028.8110     4.6513     0.0790     0.1190    34.1500    34.1479    8.32066         23 0.0000e+00
    281.000    277.907    -1.2132  27.510640    -1.2116  27.510483     6.1076     6.2836     0.0074    97.9609 1.0000e-12  -73.88322 -111.33468  42.384144      99.95 3.6212e+01    492.067      11811  1028.8193  1028.8176     4.6471     0.0753     0.1210    34.1520    34.1499    8.32037         24 0.0000e+00
    282.000    278.895    -1.2117  27.513305    -1.2100  27.513247     6.1144     6.2930     0.0214    97.9955 1.0000e-12  -73.88322 -111.33468  42.384155      99.95 3.5197e+01    493.027      11834  1028.8252  1028.8235     4.6488     0.0749     0.1253    34.1533    34.1513    8.31996         23 0.0000e+00
    283.000    279.883    -1.2127  27.513022    -1.2109  27.513025     6.1151     6.2941     0.0216    97.9773 1.0000e-12  -73.88322 -111.33467  42.384166      99.95 3.5332e+01    493.982      11857  1028.8303  1028.8285     4.6479     0.0740     0.1264    34.1535    34.1513    8.32018         23 0.0000e+00
    284.000    280.871    -1.2100  27.517124    -1.2083  27.516747     6.1126     6.3010     0.0046    97.9322 1.0000e-12  -73.88322 -111.33467  42.384177      99.94 3.6458e+01    494.936      11879  1028.8365  1028.8345     4.6457     0.0734     0.1306    34.1553    34.1529    8.31945         22 0.0000e+00
    285.000    281.860    -1.2067  27.520718    -1.2049  27.520559     6.1155     6.2979     0.0085    97.8451 1.0000e-12  -73.88322 -111.33467  42.384189      99.95 3.5917e+01    495.899      11903  1028.8416  1028.8397     4.6416     0.0731     0.1323    34.1559    34.1536    8.31869         24 0.0000e+00
    286.000    282.848    -1.2070  27.521093    -1.2055  27.520818     6.1170     6.3003     0.0143    97.7518 1.0000e-12  -73.88322 -111.33466  42.384200      99.95 3.5659e+01    496.854      11925  1028.8467  1028.8449     4.6372     0.0768     0.1338    34.1562    34.1540    8.31875         22 0.0000e+00
    287.000    283.837    -1.2071  27.521498    -1.2055  27.521258     6.1126     6.2993     0.0097    97.6674 1.0000e-12  -73.88322 -111.33466  42.384211      99.95 3.6972e+01    497.811      11948  1028.8516  1028.8498     4.6332     0.0757     0.1360    34.1561    34.1540    8.31876         23 0.0000e+00
    288.000    284.824    -1.2071  27.521921    -1.2055  27.521793     6.1188     6.3009     0.0004    97.6392 1.0000e-12  -73.88322 -111.33466  42.384222      99.95 3.5540e+01    498.779      11972  1028.8565  1028.8548     4.6318     0.0747     0.1353    34.1561    34.1542    8.31877         24 0.0000e+00
    289.000    285.813    -1.2081  27.521237    -1.2065  27.521125     6.1151     6.2972     0.0079    97.6064 1.0000e-12  -73.88322 -111.33466  42.384233      99.95 3.6254e+01    499.749      11995  1028.8610  1028.8594     4.6303     0.0730     0.1359    34.1557    34.1538    8.31901         23 0.0000e+00
    290.000    286.802    -1.2067  27.523210    -1.2043  27.523851     6.0978     6.2779     0.0215    97.5816 1.0000e-12  -73.88322 -111.33466  42.384244      99.95 3.6944e+01    500.724      12018  1028.8661  1028.8645     4.6291     0.0729     0.1363    34.1562    34.1543    8.31867         24 0.0000e+00
    291.000    287.791    -1.2049  27.525516    -1.2029  27.525687     6.0960     6.2778    -0.0001    97.5113 1.0000e-12  -73.88322 -111.33466  42.384256      87.20 3.5335e+01    501.708      12042  1028.8712  1028.8695     4.6259     0.0727     0.1353    34.1567    34.1547    8.31824         23 0.0000e+00
    292.000    288.777    -1.2003  27.530927    -1.1994  27.529968     6.0979     6.2785    -0.0007    97.5139 1.0000e-12  -73.88322 -111.33466  42.384267      99.32 3.5699e+01    502.689      12066  1028.8770  1028.8751     4.6260     0.0696     0.1376    34.1583    34.1559    8.31714         24 0.0000e+00
    293.000    289.765    -1.1934  27.537466    -1.1918  27.537276     6.0636     6.2525    -0.0058    97.4539 1.0000e-12  -73.88322 -111.33466  42.384279      99.95 3.3179e+01    503.670      12089  1028.8817  1028.8799     4.6230     0.0723     0.1363    34.1588    34.1566    8.31557         23 0.0000e+00
    294.000    290.754    -1.1887  27.542364    -1.1874  27.541800     6.0235     6.2176     0.0085    97.3808 1.0000e-12  -73.88322 -111.33466  42.384290      99.95 3.5849e+01    504.647      12113  1028.8869  1028.8849     4.6196     0.0735     0.1394    34.1595    34.1572    8.31448         24 0.0000e+00
    295.000    291.744    -1.1654  27.565271    -1.1626  27.565276     5.9985     6.1898     0.0181    97.3724 1.0000e-12  -73.88322 -111.33466  42.384301      99.95 3.4951e+01    505.626      12136  1028.8935  1028.8907     4.6192     0.0717     0.1382    34.1637    34.1605    8.30906         23 0.0000e+00
    296.000    292.731    -1.1396  27.588383    -1.1383  27.587871     5.9811     6.1773     0.0116    97.3382 1.0000e-12  -73.88322 -111.33466  42.384312      99.95 3.5402e+01    506.598      12159  1028.8979  1028.8960     4.6176     0.0741     0.1376    34.1653    34.1631    8.30324         24 0.0000e+00
    297.000    293.720    -1.1374  27.590898    -1.1363  27.590092     5.9533     6.1502     0.0069    97.2774 1.0000e-12  -73.88322 -111.33466  42.384324      99.95 3.4263e+01    507.582      12183  1028.9030  1028.9011     4.6147     0.0728     0.1349    34.1656    34.1633    8.30274         23 0.0000e+00
    298.000    294.709    -1.1235  27.604462    -1.1231  27.602845     5.9274     6.1223     0.0066    97.2596 1.0000e-12  -73.88322 -111.33466  42.384335      99.94 3.4817e+01    508.562      12206  1028.9087  1028.9065     4.6138     0.0823     0.1380    34.1677    34.1650    8.29953         24 0.0000e+00
    299.000    295.695    -1.1122  27.615486    -1.1104  27.615068     5.9119     6.1048     0.0069    97.3224 1.0000e-12  -73.88322 -111.33466  42.384346      99.95 3.5025e+01    509.529      12230  1028.9142  1028.9119     4.6168     0.0739     0.1308    34.1694    34.1667    8.29694         23 0.0000e+00
    300.000    296.684    -1.0939  27.632934    -1.0919  27.632726     5.8920     6.0773     0.0069    97.3343 1.0000e-12  -73.88322 -111.33466  42.384358      99.94 3.5028e+01    510.498      12253  1028.9198  1028.9176     4.6174     0.0907     0.1349    34.1718    34.1691    8.29275         23 0.0000e+00
    301.000    297.673    -1.0818  27.644515    -1.0800  27.644080     5.8785     6.0564     0.0130    97.3310 1.0000e-12  -73.88322 -111.33466  42.384369      99.95 3.4189e+01    511.453      12276  1028.9251  1028.9229     4.6172     0.0737     0.1326    34.1731    34.1706    8.28998         23 0.0000e+00
    302.000    298.661    -1.0647  27.661816    -1.0624  27.661379     5.8607     6.0420     0.0299    97.3045 1.0000e-12  -73.88322 -111.33466  42.384380      99.94 3.5772e+01    512.403      12299  1028.9318  1028.9290     4.6160     0.0734     0.1305    34.1767    34.1735    8.28600         23 0.0000e+00
    303.000    299.650    -1.0395  27.685372    -1.0378  27.684846     5.8543     6.0401     0.0292    97.3958 1.0000e-12  -73.88322 -111.33466  42.384391      99.95 3.5412e+01    513.373      12322  1028.9373  1028.9351     4.6203     0.0732     0.1295    34.1796    34.1769    8.28028         23 0.0000e+00
    304.000    300.636    -1.0298  27.695145    -1.0279  27.694621     5.8459     6.0352     0.0151    97.4131 1.0000e-12  -73.88322 -111.33466  42.384402      99.86 3.4890e+01    514.356      12346  1028.9431  1028.9407     4.6212     0.0754     0.1320    34.1813    34.1784    8.27804         24 0.0000e+00
    305.000    301.626    -1.0147  27.709261    -1.0126  27.709276     5.8456     6.0225     0.0017    97.4139 1.0000e-12  -73.88322 -111.33466  42.384414      92.13 3.4025e+01    515.341      12369  1028.9483  1028.9462     4.6212     0.0730     0.1298    34.1828    34.1803    8.27462         23 0.0000e+00
    306.000    302.613    -1.0125  27.712100    -1.0102  27.712044     5.8373     6.0151    -0.0050    97.5059 1.0000e-12  -73.88322 -111.33466  42.384425     100.00 3.4083e+01    516.319      12393  1028.9538  1028.9516     4.6256     0.0708     0.1271    34.1835    34.1808    8.27408         24 0.0000e+00
    307.000    303.601    -1.0055  27.718713    -1.0038  27.718348     5.8361     6.0123     0.0063    97.5507 1.0000e-12  -73.88322 -111.33466  42.384436      99.95 3.4031e+01    517.297      12416  1028.9588  1028.9567     4.6277     0.0719     0.1269    34.1840    34.1815    8.27252         23 0.0000e+00
    308.000    304.589    -1.0033  27.721060    -1.0017  27.720709     5.8333     6.0118    -0.0005    97.5787 1.0000e-12  -73.88322 -111.33466  42.384447      99.94 3.4341e+01    518.258      12439  1028.9638  1028.9618     4.6290     0.0726     0.1281    34.1841    34.1817    8.27204         23 0.0000e+00
    309.000    305.577    -1.0006  27.724177    -0.9987  27.723894     5.8284     6.0065     0.0064    97.6023 1.0000e-12  -73.88322 -111.33466  42.384459      99.95 3.5038e+01    519.223      12462  1028.9690  1028.9669     4.6301     0.0722     0.1294    34.1846    34.1821    8.27140         23 0.0000e+00
    310.000    306.568    -0.9974  27.727548    -0.9955  27.727358     5.8123     5.9904     0.0066    97.5932 1.0000e-12  -73.88322 -111.33466  42.384470      99.94 3.4076e+01    520.195      12486  1028.9741  1028.9721     4.6297     0.0710     0.1309    34.1849    34.1826    8.27068         24 0.0000e+00
    311.000    307.554    -0.9839  27.741387    -0.9821  27.740772     5.8054     5.9771     0.0018    97.6314 1.0000e-12  -73.88322 -111.33466  42.384481      99.95 3.3793e+01    521.174      12509  1028.9804  1028.9780     4.6315     0.0761     0.1321    34.1878    34.1850    8.26754         24 0.0000e+00
