ocean_section_plots/required_files/ctd/dnbp2202_ctd242.cnv
* Sea-Bird SBE 9 Data File:
* FileName = D:\Data\raw\NBP2202_CTD242.hex
* Software Version Seasave V 7.26.7.121
* Temperature SN = 1649
* Conductivity SN = 2513
* Number of Bytes Per Scan = 40
* Number of Voltage Words = 5
* Number of Scans Averaged by the Deck Unit = 1
* NMEA Latitude = 73 54.84 S
* NMEA Longitude = 118 51.48 W
* NMEA UTC (Time) = Feb 14 2022  23:43:54
* NMEA baud rate = 9600
** Ship: RVIB N.B. Palmer
** Cruise: NBP2202 Thwaites
** Station: 152
** Operator: A. Robinson
# nquan = 28
# nvalues = 341                         
# units = specified
# name 0 = prDM: Pressure, Digiquartz [db]
# name 1 = depSM: Depth [salt water, m]
# name 2 = t090C: Temperature [ITS-90, deg C]
# name 3 = c0mS/cm: Conductivity [mS/cm]
# name 4 = t190C: Temperature, 2 [ITS-90, deg C]
# name 5 = c1mS/cm: Conductivity, 2 [mS/cm]
# name 6 = sbeox0ML/L: Oxygen, SBE 43 [ml/l]
# name 7 = sbeox1ML/L: Oxygen, SBE 43, 2 [ml/l]
# name 8 = flECO-AFL: Fluorescence, WET Labs ECO-AFL/FL [mg/m^3]
# name 9 = CStarTr0: Beam Transmission, WET Labs C-Star [%]
# name 10 = par: PAR/Irradiance, Biospherical/Licor
# name 11 = latitude: Latitude [deg]
# name 12 = longitude: Longitude [deg]
# name 13 = timeJ: Julian Days
# name 14 = altM: Altimeter [m]
# name 15 = spar: SPAR, Biospherical/Licor
# name 16 = timeS: Time, Elapsed [seconds]
# name 17 = scan: Scan Count
# name 18 = density00: Density [density, kg/m^3]
# name 19 = density11: Density, 2 [density, kg/m^3]
# name 20 = v3: Voltage 3
# name 21 = v4: Voltage 4
# name 22 = v5: Voltage 5
# name 23 = sal00: Salinity, Practical [PSU]
# name 24 = sal11: Salinity, Practical, 2 [PSU]
# name 25 = oxsolML/L: Oxygen Saturation, Garcia & Gordon [ml/l]
# name 26 = nbin: number of scans per bin
# name 27 = flag: flag
# span 0 =      2.000,    342.000       
# span 1 =      1.986,    338.189       
# span 2 =    -1.4413,    -0.1836       
# span 3 =  27.176168,  28.035653       
# span 4 =    -1.4411,    -0.1824       
# span 5 =  27.176008,  28.035506       
# span 6 =     5.8293,     9.2295       
# span 7 =     6.0587,     9.5888       
# span 8 =    -0.0200,    10.2785       
# span 9 =    86.3773,    97.2634       
# span 10 = 1.0000e-12, 2.6272e+02      
# span 11 =  -73.91404,  -73.91402      
# span 12 = -118.85814, -118.85812      
# span 13 =  45.991545,  45.997698      
# span 14 =       3.65,     107.54      
# span 15 = 5.8187e+02, 6.0259e+02      
# span 16 =    235.486,    767.129      
# span 17 =       5653,      18412      
# span 18 =  1027.1346,  1029.0617      
# span 19 =  1027.1367,  1029.0601      
# span 20 =     4.0986,     4.6140      
# span 21 =     0.0639,     2.0474      
# span 22 =     0.1129,     0.1955      
# span 23 =    33.7643,    34.0852      
# span 24 =    33.7653,    34.0834      
# span 25 =    8.11399,    8.37894      
# span 26 =         10,         49      
# span 27 = 0.0000e+00, 0.0000e+00      
# interval = decibars: 1                
# start_time = Feb 14 2022 23:43:54 [NMEA time, header]
# bad_flag = -9.990e-29
*END*
[from data line 259]
    261.000    258.140    -1.3988  27.281163    -1.3985  27.281040     5.8896     6.1092    -0.0034    97.1879 1.0000e-12  -73.91402 -118.85814  45.995413      83.45 5.9449e+02    569.707      13674  1028.6584  1028.6579     4.6104     0.0685     0.1160    34.0607    34.0601    8.36725         27 0.0000e+00
    262.000    259.127    -1.3965  27.285030    -1.3953  27.285735     5.8915     6.1091     0.0071    97.1543 1.0000e-12  -73.91402 -118.85814  45.995427      82.41 5.9645e+02    570.870      13702  1028.6647  1028.6643     4.6089     0.0684     0.1169    34.0627    34.0623    8.36661         28 0.0000e+00
    263.000    260.117    -1.3946  27.288212    -1.3942  27.287696     5.8925     6.1093    -0.0153    96.9841 1.0000e-12  -73.91402 -118.85814  45.995440      82.11 5.9525e+02    572.018      13729  1028.6707  1028.6697     4.6008     0.0690     0.1161    34.0643    34.0631    8.36608         27 0.0000e+00
    264.000    261.104    -1.3927  27.291481    -1.3922  27.291232     5.8897     6.1122    -0.0135    97.0971 1.0000e-12  -73.91402 -118.85814  45.995452      81.01 5.9417e+02    573.057      13754  1028.6768  1028.6760     4.6062     0.0690     0.1159    34.0660    34.0651    8.36556         24 0.0000e+00
    265.000    262.092    -1.3928  27.291372    -1.3922  27.291534     5.8851     6.1131    -0.0087    97.1623 1.0000e-12  -73.91402 -118.85814  45.995464      79.79 5.9649e+02    574.050      13778  1028.6811  1028.6806     4.6093     0.0685     0.1172    34.0654    34.0648    8.36562         24 0.0000e+00
    266.000    263.080    -1.3927  27.292165    -1.3919  27.292351     5.8839     6.1087    -0.0128    97.2080 1.0000e-12  -73.91402 -118.85814  45.995476      80.39 5.9533e+02    575.126      13804  1028.6862  1028.6855     4.6114     0.0683     0.1138    34.0657    34.0650    8.36557         27 0.0000e+00
    267.000    264.070    -1.3927  27.292519    -1.3921  27.292341     5.8809     6.1104    -0.0018    97.2128 1.0000e-12  -73.91402 -118.85814  45.995489      78.73 5.9452e+02    576.288      13832  1028.6908  1028.6901     4.6116     0.0682     0.1154    34.0655    34.0647    8.36558         28 0.0000e+00
    268.000    265.057    -1.3930  27.292450    -1.3925  27.292184     5.8845     6.1068    -0.0093    97.1954 1.0000e-12  -73.91402 -118.85814  45.995503      78.27 5.9554e+02    577.419      13859  1028.6954  1028.6946     4.6108     0.0688     0.1161    34.0652    34.0643    8.36568         26 0.0000e+00
    269.000    266.046    -1.3935  27.292160    -1.3928  27.292294     5.8819     6.1059    -0.0139    97.2054 1.0000e-12  -73.91402 -118.85814  45.995515      77.69 5.9665e+02    578.473      13884  1028.6999  1028.6993     4.6113     0.0681     0.1171    34.0647    34.0642    8.36581         25 0.0000e+00
    270.000    267.035    -1.3944  27.291417    -1.3938  27.291352     5.8820     6.1080    -0.0063    97.2145 1.0000e-12  -73.91402 -118.85814  45.995527      76.18 5.9403e+02    579.495      13909  1028.7042  1028.7035     4.6117     0.0693     0.1158    34.0641    34.0634    8.36605         25 0.0000e+00
    271.000    268.022    -1.3943  27.291958    -1.3936  27.291941     5.8770     6.1093     0.0069    97.2165 1.0000e-12  -73.91402 -118.85814  45.995539      75.28 5.9631e+02    580.582      13935  1028.7090  1028.7083     4.6118     0.0680     0.1168    34.0642    34.0633    8.36603         27 0.0000e+00
    272.000    269.011    -1.3941  27.292586    -1.3933  27.292725     5.8865     6.1056     0.0026    97.2128 1.0000e-12  -73.91402 -118.85813  45.995553      74.65 5.9658e+02    581.748      13963  1028.7138  1028.7132     4.6116     0.0668     0.1177    34.0641    34.0635    8.36598         29 0.0000e+00
    273.000    270.001    -1.3941  27.293086    -1.3933  27.293076     5.8854     6.1007    -0.0150    97.2193 1.0000e-12  -73.91402 -118.85813  45.995566      73.50 5.9514e+02    582.914      13991  1028.7186  1028.7179     4.6119     0.0664     0.1175    34.0642    34.0634    8.36597         27 0.0000e+00
    274.000    270.989    -1.3940  27.293662    -1.3934  27.293625     5.8764     6.1014    -0.0168    97.1650 1.0000e-12  -73.91402 -118.85813  45.995579      72.62 5.9466e+02    584.002      14017  1028.7234  1028.7228     4.6094     0.0727     0.1147    34.0643    34.0635    8.36595         25 0.0000e+00
    275.000    271.977    -1.3938  27.294411    -1.3931  27.294398     5.8807     6.1059    -0.0197    97.1836 1.0000e-12  -73.91402 -118.85814  45.995591      71.52 5.9753e+02    585.036      14042  1028.7285  1028.7277     4.6103     0.0748     0.1161    34.0645    34.0637    8.36590         25 0.0000e+00
    276.000    272.964    -1.3936  27.295100    -1.3929  27.295091     5.8845     6.1083    -0.0079    97.2039 1.0000e-12  -73.91402 -118.85812  45.995603      70.64 5.9637e+02    586.063      14067  1028.7333  1028.7325     4.6112     0.0669     0.1157    34.0646    34.0637    8.36585         25 0.0000e+00
    277.000    273.953    -1.3930  27.296168    -1.3921  27.296263     5.8808     6.1089    -0.0077    97.1939 1.0000e-12  -73.91402 -118.85814  45.995615      69.56 5.9425e+02    587.136      14092  1028.7381  1028.7373     4.6107     0.0663     0.1165    34.0647    34.0638    8.36570         26 0.0000e+00
    278.000    274.941    -1.3928  27.296715    -1.3921  27.296670     5.8814     6.1109    -0.0077    97.2099 1.0000e-12  -73.91402 -118.85812  45.995628      68.59 5.9698e+02    588.268      14119  1028.7429  1028.7421     4.6115     0.0670     0.1169    34.0647    34.0637    8.36567         28 0.0000e+00
    279.000    275.929    -1.3929  27.297025    -1.3922  27.297073     5.8830     6.1100    -0.0077    97.2240 1.0000e-12  -73.91402 -118.85814  45.995641      67.56 5.9541e+02    589.387      14146  1028.7476  1028.7470     4.6121     0.0666     0.1149    34.0645    34.0638    8.36568         25 0.0000e+00
    280.000    276.918    -1.3929  27.297549    -1.3919  27.297776     5.8883     6.0998    -0.0077    97.2125 1.0000e-12  -73.91402 -118.85812  45.995653      66.60 5.9401e+02    590.450      14172  1028.7524  1028.7517     4.6116     0.0658     0.1150    34.0646    34.0639    8.36568         26 0.0000e+00
    281.000    277.907    -1.3914  27.299542    -1.3897  27.300451     5.8817     6.0990    -0.0149    97.2061 1.0000e-12  -73.91402 -118.85813  45.995666      65.53 5.9743e+02    591.522      14198  1028.7575  1028.7568     4.6113     0.0639     0.1165    34.0651    34.0644    8.36532         27 0.0000e+00
    282.000    278.894    -1.3885  27.302712    -1.3875  27.302874     5.8739     6.1036    -0.0139    97.2013 1.0000e-12  -73.91402 -118.85813  45.995679      64.54 5.9587e+02    592.656      14225  1028.7624  1028.7616     4.6111     0.0663     0.1151    34.0655    34.0646    8.36465         27 0.0000e+00
    283.000    279.884    -1.3907  27.300790    -1.3908  27.300300     5.8736     6.0964    -0.0087    97.2007 1.0000e-12  -73.91402 -118.85814  45.995692      63.43 5.9371e+02    593.791      14252  1028.7668  1028.7663     4.6110     0.0647     0.1153    34.0648    34.0642    8.36519         26 0.0000e+00
    284.000    280.871    -1.3927  27.299528    -1.3918  27.299691     5.8756     6.0969    -0.0124    97.2001 1.0000e-12  -73.91402 -118.85814  45.995704      62.45 5.9730e+02    594.845      14277  1028.7716  1028.7710     4.6110     0.0648     0.1177    34.0647    34.0639    8.36564         25 0.0000e+00
    285.000    281.861    -1.3916  27.301183    -1.3909  27.300879     5.8712     6.1011     0.0072    97.2167 1.0000e-12  -73.91402 -118.85814  45.995716      61.56 5.9490e+02    595.852      14301  1028.7767  1028.7756     4.6118     0.0669     0.1163    34.0651    34.0639    8.36537         24 0.0000e+00
    286.000    282.846    -1.3874  27.305859    -1.3874  27.304917     5.8750     6.0964    -0.0071    97.2044 1.0000e-12  -73.91402 -118.85814  45.995728      60.47 5.9456e+02    596.894      14326  1028.7820  1028.7810     4.6112     0.0652     0.1179    34.0661    34.0648    8.36436         27 0.0000e+00
    287.000    283.837    -1.3865  27.307162    -1.3858  27.306969     5.8772     6.0937    -0.0023    97.1864 1.0000e-12  -73.91402 -118.85814  45.995741      59.38 5.9614e+02    598.041      14354  1028.7868  1028.7860     4.6104     0.0647     0.1156    34.0662    34.0652    8.36414         28 0.0000e+00
    288.000    284.824    -1.3874  27.306679    -1.3867  27.306620     5.8734     6.1036    -0.0112    97.2099 1.0000e-12  -73.91402 -118.85814  45.995755      58.36 5.9520e+02    599.213      14382  1028.7915  1028.7908     4.6115     0.0657     0.1150    34.0660    34.0652    8.36436         27 0.0000e+00
    289.000    285.812    -1.3904  27.303946    -1.3901  27.303478     5.8765     6.0995     0.0220    97.2043 1.0000e-12  -73.91402 -118.85814  45.995767      57.38 5.9557e+02    600.295      14408  1028.7957  1028.7949     4.6112     0.0661     0.1159    34.0650    34.0640    8.36510         25 0.0000e+00
    290.000    286.802    -1.3906  27.304083    -1.3914  27.302719     5.8735     6.0969     0.0840    97.2097 1.0000e-12  -73.91402 -118.85814  45.995780      56.35 5.9538e+02    601.361      14434  1028.8003  1028.7996     4.6115     0.0647     0.1174    34.0648    34.0638    8.36515         26 0.0000e+00
    291.000    287.789    -1.3899  27.305668    -1.3886  27.305925     5.8686     6.0997     0.0245    97.2044 1.0000e-12  -73.91402 -118.85814  45.995793      55.25 5.9484e+02    602.499      14461  1028.8057  1028.8048     4.6112     0.0657     0.1161    34.0656    34.0645    8.36495         28 0.0000e+00
    292.000    288.778    -1.3849  27.311182    -1.3841  27.311274     5.8705     6.0939    -0.0095    97.2037 1.0000e-12  -73.91402 -118.85814  45.995806      54.24 5.9532e+02    603.627      14488  1028.8112  1028.8105     4.6112     0.0649     0.1159    34.0668    34.0661    8.36375         26 0.0000e+00
    293.000    289.766    -1.3846  27.312029    -1.3836  27.312235     5.8639     6.0906    -0.0150    97.2017 1.0000e-12  -73.91402 -118.85814  45.995818      53.29 5.9633e+02    604.693      14514  1028.8161  1028.8154     4.6111     0.0647     0.1176    34.0671    34.0662    8.36368         26 0.0000e+00
    294.000    290.754    -1.3837  27.313373    -1.3833  27.313072     5.8819     6.0966    -0.0150    97.2027 1.0000e-12  -73.91402 -118.85814  45.995831      52.27 5.9667e+02    605.761      14539  1028.8211  1028.8203     4.6111     0.0647     0.1151    34.0673    34.0664    8.36347         26 0.0000e+00
    295.000    291.743    -1.3837  27.313766    -1.3828  27.313878     5.8777     6.0973    -0.0138    97.2048 1.0000e-12  -73.91402 -118.85814  45.995844      51.24 5.9248e+02    606.908      14567  1028.8257  1028.8250     4.6112     0.0655     0.1171    34.0671    34.0663    8.36346         29 0.0000e+00
    296.000    292.730    -1.3835  27.314246    -1.3826  27.314430     5.8724     6.0983    -0.0077    96.3562 1.0000e-12  -73.91402 -118.85814  45.995859      50.16 5.9315e+02    608.182      14597  1028.8304  1028.8298     4.5710     0.0652     0.1149    34.0670    34.0663    8.36343         32 0.0000e+00
    297.000    293.720    -1.3839  27.314403    -1.3835  27.313952     5.8783     6.0987    -0.0117    96.2102 1.0000e-12  -73.91402 -118.85814  45.995874      49.03 5.9619e+02    609.550      14630  1028.8353  1028.8344     4.5641     0.0650     0.1170    34.0670    34.0659    8.36352         34 0.0000e+00
    298.000    294.706    -1.3862  27.312135    -1.3856  27.312201     5.8675     6.0992    -0.0035    96.8656 1.0000e-12  -73.91402 -118.85814  45.995891      48.04 5.9198e+02    610.960      14664  1028.8394  1028.8388     4.5952     0.0644     0.1159    34.0660    34.0653    8.36411         32 0.0000e+00
    299.000    295.696    -1.3869  27.312170    -1.3860  27.312137     5.8729     6.0896     0.0046    97.2089 1.0000e-12  -73.91402 -118.85814  45.995906      46.99 5.9190e+02    612.312      14696  1028.8443  1028.8434     4.6114     0.0659     0.1177    34.0661    34.0651    8.36425         33 0.0000e+00
    300.000    296.683    -1.3847  27.314910    -1.3809  27.318566     5.8690     6.0837    -0.0106    97.2183 1.0000e-12  -73.91402 -118.85814  45.995923      46.01 5.9586e+02    613.710      14730  1028.8495  1028.8498     4.6119     0.0653     0.1157    34.0668    34.0675    8.36372         35 0.0000e+00
    301.000    297.672    -1.3815  27.319478    -1.3808  27.319069     5.8689     6.0877    -0.0150    97.2044 1.0000e-12  -73.91402 -118.85814  45.995940      44.95 5.9323e+02    615.201      14766  1028.8557  1028.8546     4.6112     0.0648     0.1166    34.0688    34.0675    8.36287         33 0.0000e+00
    302.000    298.661    -1.3802  27.321422    -1.3802  27.320328     5.8657     6.1004    -0.0141    97.2123 1.0000e-12  -73.91402 -118.85814  45.995956      43.92 5.9221e+02    616.619      14800  1028.8609  1028.8597     4.6116     0.0658     0.1144    34.0694    34.0679    8.36255         32 0.0000e+00
    303.000    299.649    -1.3815  27.319914    -1.3810  27.319710     5.8678     6.0976    -0.0126    97.2083 1.0000e-12  -73.91402 -118.85814  45.995972      42.90 5.9622e+02    617.998      14833  1028.8648  1028.8641     4.6114     0.0718     0.1169    34.0682    34.0673    8.36291         33 0.0000e+00
    304.000    300.636    -1.3799  27.322458    -1.3790  27.322426     5.8701     6.0916    -0.0144    97.2040 1.0000e-12  -73.91402 -118.85814  45.995988      41.84 5.9420e+02    619.394      14866  1028.8703  1028.8694     4.6112     0.0647     0.1147    34.0692    34.0682    8.36249         34 0.0000e+00
    305.000    301.625    -1.3784  27.324234    -1.3775  27.324198     5.8697     6.0886     0.0010    97.1333 1.0000e-12  -73.91402 -118.85814  45.996005      40.80 5.9154e+02    620.841      14901  1028.8752  1028.8743     4.6078     0.0650     0.1168    34.0694    34.0683    8.36216         34 0.0000e+00
    306.000    302.613    -1.3800  27.322353    -1.3776  27.324198     5.8695     6.0942     0.0871    97.2260 1.0000e-12  -73.91402 -118.85814  45.996022      39.82 5.9547e+02    622.333      14937  1028.8790  1028.8786     4.6123     0.0656     0.1158    34.0680    34.0678    8.36260         33 0.0000e+00
    307.000    303.602    -1.3834  27.319056    -1.3820  27.319733     5.8662     6.0970     0.0045    97.2043 1.0000e-12  -73.91402 -118.85814  45.996039      38.82 5.9451e+02    623.758      14971  1028.8829  1028.8823     4.6112     0.0659     0.1154    34.0666    34.0660    8.36342         33 0.0000e+00
    308.000    304.589    -1.3824  27.320785    -1.3814  27.320869     5.8674     6.0950     0.0010    97.2021 1.0000e-12  -73.91402 -118.85814  45.996054      37.79 5.9063e+02    625.081      15003  1028.8881  1028.8872     4.6111     0.0658     0.1144    34.0673    34.0663    8.36317         31 0.0000e+00
    309.000    305.577    -1.3801  27.323987    -1.3802  27.322994     5.8719     6.0953     0.0023    97.1955 1.0000e-12  -73.91402 -118.85814  45.996070      36.74 5.9532e+02    626.450      15036  1028.8937  1028.8927     4.6108     0.0662     0.1158    34.0685    34.0672    8.36258         35 0.0000e+00
    310.000    306.566    -1.3800  27.325490    -1.3792  27.325187     5.8703     6.0965    -0.0149    97.0403 1.0000e-12  -73.91402 -118.85813  45.996088      35.66 5.9435e+02    627.971      15072  1028.8996  1028.8985     4.6033     0.0648     0.1155    34.0698    34.0685    8.36249         35 0.0000e+00
    311.000    307.553    -1.3799  27.326179    -1.3790  27.326135     5.8662     6.0968     0.0341    97.2093 1.0000e-12  -73.91402 -118.85813  45.996105      34.68 5.9093e+02    629.438      15108  1028.9045  1028.9036     4.6115     0.0648     0.1175    34.0700    34.0690    8.36245         34 0.0000e+00
