ocean_section_plots/required_files/ctd/dnbp2202_ctd293.cnv
* Sea-Bird SBE 9 Data File:
* FileName = D:\Data\raw\NBP2202_CTD293.hex
* Software Version Seasave V 7.26.7.121
* Temperature SN = 1649
* Conductivity SN = 2513
* Number of Bytes Per Scan = 40
* Number of Voltage Words = 5
* Number of Scans Averaged by the Deck Unit = 1
* NMEA Latitude = 73 49.40 S
* NMEA Longitude = 112 52.89 W
* NMEA UTC (Time) = Feb 23 2022  23:57:10
* NMEA baud rate = 9600
** Ship: RVIB N.B. Palmer
** Cruise: NBP2202 Thwaites
** Station: 195
** Operator: A. Robinson
# nquan = 28
# nvalues = 762                         
# units = specified
# name 0 = prDM: Pressure, Digiquartz [db]
# name 1 = depSM: Depth [salt water, m]
# name 2 = t090C: Temperature [ITS-90, deg C]
# name 3 = c0mS/cm: Conductivity [mS/cm]
# name 4 = t190C: Temperature, 2 [ITS-90, deg C]
# name 5 = c1mS/cm: Conductivity, 2 [mS/cm]
# name 6 = sbeox0ML/L: Oxygen, SBE 43 [ml/l]
# name 7 = sbeox1ML/L: Oxygen, SBE 43, 2 [ml/l]
# name 8 = flECO-AFL: Fluorescence, WET Labs ECO-AFL/FL [mg/m^3]
# name 9 = CStarTr0: Beam Transmission, WET Labs C-Star [%]
# name 10 = par: PAR/Irradiance, Biospherical/Licor
# name 11 = latitude: Latitude [deg]
# name 12 = longitude: Longitude [deg]
# name 13 = timeJ: Julian Days
# name 14 = altM: Altimeter [m]
# name 15 = spar: SPAR, Biospherical/Licor
# name 16 = timeS: Time, Elapsed [seconds]
# name 17 = scan: Scan Count
# name 18 = density00: Density [density, kg/m^3]
# name 19 = density11: Density, 2 [density, kg/m^3]
# name 20 = v3: Voltage 3
# name 21 = v4: Voltage 4
# name 22 = v5: Voltage 5
# name 23 = sal00: Salinity, Practical [PSU]
# name 24 = sal11: Salinity, Practical, 2 [PSU]
# name 25 = oxsolML/L: Oxygen Saturation, Garcia & Gordon [ml/l]
# name 26 = nbin: number of scans per bin
# name 27 = flag: flag
# span 0 =      3.000,    764.000       
# span 1 =      2.967,    754.716       
# span 2 =    -1.4954,     0.5890       
# span 3 =  26.873629,  29.563542       
# span 4 =    -1.4971,     0.5916       
# span 5 =  26.874445,  29.563936       
# span 6 =     4.5515,     8.6787       
# span 7 =     4.6572,     8.9396       
# span 8 =    -0.0106,    15.1493       
# span 9 =    82.8394,    97.6372       
# span 10 = 1.0000e-12, 7.6329e+01      
# span 11 =  -73.82338,  -73.82336      
# span 12 = -112.88162, -112.88158      
# span 13 =  55.000271,  55.010449      
# span 14 =       3.53,     100.15      
# span 15 = 1.9921e+02, 2.2036e+02      
# span 16 =    193.429,   1072.749      
# span 17 =       4643,      25747      
# span 18 =  1027.1443,  1031.3262      
# span 19 =  1027.1479,  1031.3248      
# span 20 =     3.9298,     4.6318      
# span 21 =     0.0689,     2.4128      
# span 22 =     0.1171,     0.2100      
# span 23 =    33.7200,    34.5744      
# span 24 =    33.7232,    34.5720      
# span 25 =    7.91220,    8.40721      
# span 26 =         20,         55      
# span 27 = 0.0000e+00, 0.0000e+00      
# interval = decibars: 1                
# start_time = Feb 23 2022 23:57:10 [NMEA time, header]
# bad_flag = -9.990e-29
*END*
[from data line 518]
    521.000    514.969     0.1437  28.945763     0.1460  28.946311     4.6973     4.8102     0.2927    97.1492 1.0000e-12  -73.82338 -112.88158  55.007078      99.88 2.0653e+02    781.516      18757  1030.0851  1030.0835     4.6087     0.0716     0.1393    34.4035    34.4017    8.01360         24 0.0000e+00
    522.000    515.955     0.1441  28.946571     0.1464  28.947074     4.6957     4.8007     0.3049    97.1394 1.0000e-12  -73.82338 -112.88158  55.007089      99.87 2.0455e+02    782.530      18782  1030.0898  1030.0881     4.6082     0.0725     0.1415    34.4035    34.4016    8.01352         24 0.0000e+00
    523.000    516.944     0.1442  28.947128     0.1463  28.947492     4.6982     4.8074     0.0306    97.1340 1.0000e-12  -73.82338 -112.88158  55.007101      99.87 2.0308e+02    783.532      18806  1030.0946  1030.0929     4.6079     0.0715     0.1394    34.4035    34.4017    8.01350         24 0.0000e+00
    524.000    517.929     0.1452  28.948571     0.1473  28.948910     4.6875     4.8085     0.0192    97.1317 1.0000e-12  -73.82338 -112.88158  55.007112      99.87 2.0660e+02    784.510      18829  1030.0994  1030.0977     4.6078     0.0705     0.1374    34.4038    34.4019    8.01328         23 0.0000e+00
    525.000    518.917     0.1462  28.950009     0.1483  28.950508     4.6973     4.8105    -0.0076    97.1395 1.0000e-12  -73.82338 -112.88158  55.007124      99.88 2.0522e+02    785.485      18853  1030.1041  1030.1027     4.6082     0.0746     0.1375    34.4039    34.4022    8.01306         24 0.0000e+00
    526.000    519.904     0.1466  28.951019     0.1489  28.951511     4.6928     4.8125     0.0069    97.1213 1.0000e-12  -73.82338 -112.88158  55.007135      99.87 2.0384e+02    786.476      18876  1030.1091  1030.1074     4.6073     0.0725     0.1389    34.4042    34.4023    8.01296         24 0.0000e+00
    527.000    520.892     0.1491  28.954263     0.1515  28.954697     4.6877     4.8084     0.0143    97.1266 1.0000e-12  -73.82338 -112.88158  55.007147      99.87 2.0545e+02    787.477      18900  1030.1143  1030.1125     4.6075     0.0743     0.1403    34.4051    34.4030    8.01238         24 0.0000e+00
    528.000    521.879     0.1510  28.956651     0.1533  28.957133     4.6913     4.8001    -0.0002    97.1439 1.0000e-12  -73.82338 -112.88158  55.007158      99.87 2.0478e+02    788.488      18925  1030.1192  1030.1175     4.6084     0.0723     0.1426    34.4056    34.4036    8.01197         24 0.0000e+00
    529.000    522.866     0.1530  28.959332     0.1553  28.959846     4.6856     4.8039     0.0053    97.1352 1.0000e-12  -73.82338 -112.88158  55.007170      99.87 2.0391e+02    789.472      18948  1030.1243  1030.1226     4.6080     0.0723     0.1475    34.4062    34.4044    8.01151         24 0.0000e+00
    530.000    523.851     0.1541  28.960882     0.1564  28.961408     4.6947     4.8071     0.0006    97.1024 1.0000e-12  -73.82338 -112.88158  55.007181      99.88 2.0505e+02    790.432      18971  1030.1291  1030.1275     4.6064     0.0717     0.1445    34.4065    34.4046    8.01127         22 0.0000e+00
    531.000    524.842     0.1543  28.961676     0.1566  28.962061     4.6912     4.8074    -0.0062    97.0943 1.0000e-12  -73.82338 -112.88158  55.007192      99.87 2.0530e+02    791.404      18995  1030.1340  1030.1322     4.6060     0.0700     0.1416    34.4067    34.4047    8.01121         24 0.0000e+00
    532.000    525.827     0.1545  28.962340     0.1568  28.962750     4.6928     4.8094    -0.0056    97.0976 1.0000e-12  -73.82338 -112.88158  55.007204      99.87 2.0450e+02    792.392      19018  1030.1388  1030.1370     4.6061     0.0726     0.1412    34.4067    34.4048    8.01116         24 0.0000e+00
    533.000    526.815     0.1561  28.964388     0.1583  28.964796     4.6897     4.8092     0.0107    97.0820 1.0000e-12  -73.82338 -112.88158  55.007215      99.87 2.0456e+02    793.396      19043  1030.1437  1030.1420     4.6054     0.0699     0.1379    34.4071    34.4052    8.01082         25 0.0000e+00
    534.000    527.802     0.1562  28.964925     0.1586  28.965601     4.6848     4.8069     0.0267    97.1105 1.0000e-12  -73.82338 -112.88158  55.007227      99.87 2.0557e+02    794.417      19067  1030.1483  1030.1468     4.6067     0.0710     0.1394    34.4071    34.4053    8.01079         23 0.0000e+00
    535.000    528.788     0.1566  28.965828     0.1590  28.966361     4.6892     4.8045     0.0189    97.1048 1.0000e-12  -73.82338 -112.88158  55.007238      99.87 2.0417e+02    795.389      19090  1030.1532  1030.1515     4.6065     0.0724     0.1379    34.4073    34.4053    8.01070         23 0.0000e+00
    536.000    529.777     0.1569  28.966513     0.1593  28.967060     4.6909     4.7988     0.0061    97.1126 1.0000e-12  -73.82338 -112.88158  55.007249      99.87 2.0418e+02    796.320      19113  1030.1579  1030.1562     4.6069     0.0716     0.1364    34.4072    34.4053    8.01064         23 0.0000e+00
    537.000    530.763     0.1578  28.967955     0.1601  28.968447     4.6903     4.8002    -0.0091    97.1200 1.0000e-12  -73.82338 -112.88158  55.007260      99.87 2.0599e+02    797.286      19136  1030.1628  1030.1611     4.6072     0.0713     0.1393    34.4075    34.4056    8.01043         24 0.0000e+00
    538.000    531.750     0.1590  28.969554     0.1612  28.969930     4.6857     4.8052     0.0120    97.1035 1.0000e-12  -73.82338 -112.88158  55.007272      99.87 2.0402e+02    798.322      19161  1030.1675  1030.1658     4.6064     0.0697     0.1372    34.4077    34.4057    8.01017         25 0.0000e+00
    539.000    532.737     0.1611  28.972264     0.1635  28.972833     4.6866     4.8045     0.0003    97.1392 1.0000e-12  -73.82338 -112.88158  55.007284      99.87 2.0325e+02    799.348      19185  1030.1726  1030.1708     4.6082     0.0710     0.1398    34.4083    34.4064    8.00970         24 0.0000e+00
    540.000    533.724     0.1637  28.975329     0.1660  28.975881     4.6825     4.8007    -0.0007    97.1307 1.0000e-12  -73.82338 -112.88158  55.007295      99.87 2.0623e+02    800.324      19209  1030.1775  1030.1759     4.6077     0.0692     0.1373    34.4089    34.4071    8.00913         23 0.0000e+00
    541.000    534.712     0.1641  28.976322     0.1664  28.976808     4.6745     4.7940    -0.0007    97.1163 1.0000e-12  -73.82338 -112.88160  55.007306      99.88 2.0393e+02    801.272      19232  1030.1825  1030.1807     4.6070     0.0704     0.1389    34.4092    34.4073    8.00904         22 0.0000e+00
    542.000    535.699     0.1648  28.977452     0.1670  28.977814     4.6835     4.7974    -0.0053    97.1159 1.0000e-12  -73.82338 -112.88158  55.007318      99.87 2.0316e+02    802.242      19255  1030.1872  1030.1855     4.6071     0.0785     0.1395    34.4093    34.4073    8.00888         24 0.0000e+00
    543.000    536.685     0.1680  28.981474     0.1703  28.981971     4.6889     4.8006    -0.0045    97.1343 1.0000e-12  -73.82338 -112.88160  55.007329      99.87 2.0718e+02    803.253      19279  1030.1925  1030.1908     4.6079     0.0891     0.1404    34.4104    34.4085    8.00815         25 0.0000e+00
    544.000    537.673     0.1702  28.984213     0.1725  28.984718     4.6887     4.8001     0.0044    97.1452 1.0000e-12  -73.82338 -112.88158  55.007341      99.88 2.0393e+02    804.256      19303  1030.1974  1030.1958     4.6085     0.0719     0.1366    34.4109    34.4091    8.00765         23 0.0000e+00
    545.000    538.660     0.1704  28.984832     0.1726  28.985352     4.6889     4.7953    -0.0024    97.1315 1.0000e-12  -73.82338 -112.88160  55.007352      99.87 2.0263e+02    805.223      19326  1030.2022  1030.2006     4.6078     0.0708     0.1367    34.4109    34.4092    8.00761         23 0.0000e+00
    546.000    539.646     0.1704  28.985344     0.1726  28.985794     4.6824     4.7912    -0.0084    97.1669 1.0000e-12  -73.82338 -112.88160  55.007364      99.87 2.0565e+02    806.206      19350  1030.2070  1030.2053     4.6094     0.0716     0.1400    34.4111    34.4092    8.00761         24 0.0000e+00
    547.000    540.634     0.1706  28.986224     0.1728  28.986547     4.6839     4.7933    -0.0013    97.1425 1.0000e-12  -73.82338 -112.88160  55.007375      99.87 2.0345e+02    807.195      19374  1030.2120  1030.2102     4.6084     0.0708     0.1370    34.4114    34.4094    8.00755         24 0.0000e+00
    548.000    541.621     0.1716  28.987991     0.1738  28.988357     4.6801     4.7983    -0.0010    97.1170 1.0000e-12  -73.82338 -112.88160  55.007386      99.87 2.0196e+02    808.173      19397  1030.2172  1030.2154     4.6071     0.0718     0.1394    34.4121    34.4101    8.00731         23 0.0000e+00
    549.000    542.608     0.1734  28.990366     0.1757  28.990851     4.6810     4.7991    -0.0080    97.1301 1.0000e-12  -73.82338 -112.88160  55.007398      99.87 2.0471e+02    809.167      19421  1030.2222  1030.2205     4.6078     0.0699     0.1376    34.4126    34.4107    8.00691         25 0.0000e+00
    550.000    543.595     0.1740  28.991464     0.1764  28.992096     4.6877     4.8010    -0.0083    97.1468 1.0000e-12  -73.82338 -112.88160  55.007409      99.87 2.0195e+02    810.178      19445  1030.2270  1030.2254     4.6085     0.0706     0.1368    34.4128    34.4109    8.00677         24 0.0000e+00
    551.000    544.583     0.1750  28.992908     0.1773  28.993513     4.6890     4.8008    -0.0093    97.1632 1.0000e-12  -73.82338 -112.88160  55.007421      99.87 2.0120e+02    811.172      19469  1030.2318  1030.2302     4.6093     0.0702     0.1353    34.4130    34.4112    8.00656         23 0.0000e+00
    552.000    545.569     0.1759  28.994434     0.1781  28.994841     4.6826     4.7982    -0.0004    97.1243 1.0000e-12  -73.82338 -112.88160  55.007432      99.87 2.0406e+02    812.149      19493  1030.2367  1030.2351     4.6074     0.0690     0.1352    34.4133    34.4115    8.00634         24 0.0000e+00
    553.000    546.557     0.1771  28.996107     0.1794  28.996659     4.6775     4.7950     0.0037    97.1662 1.0000e-12  -73.82338 -112.88160  55.007444      99.87 2.0251e+02    813.120      19516  1030.2416  1030.2400     4.6094     0.0750     0.1384    34.4136    34.4118    8.00607         23 0.0000e+00
    554.000    547.543     0.1788  28.998434     0.1811  28.998943     4.6802     4.7981    -0.0031    97.1705 1.0000e-12  -73.82338 -112.88160  55.007455      99.87 2.0098e+02    814.095      19539  1030.2466  1030.2450     4.6096     0.0719     0.1376    34.4143    34.4123    8.00569         24 0.0000e+00
    555.000    548.529     0.1802  29.000413     0.1824  29.000820     4.6915     4.7972    -0.0067    97.1511 1.0000e-12  -73.82338 -112.88160  55.007466      99.87 2.0421e+02    815.068      19563  1030.2516  1030.2499     4.6088     0.0723     0.1362    34.4147    34.4128    8.00538         23 0.0000e+00
    556.000    549.519     0.1803  29.001022     0.1825  29.001509     4.6839     4.7972    -0.0010    97.1575 1.0000e-12  -73.82338 -112.88160  55.007477      99.87 2.0218e+02    816.050      19586  1030.2564  1030.2548     4.6090     0.0698     0.1363    34.4148    34.4130    8.00534         23 0.0000e+00
    557.000    550.504     0.1802  29.001437     0.1823  29.001908     4.6891     4.8056    -0.0084    97.1597 1.0000e-12  -73.82338 -112.88160  55.007489      99.87 2.0103e+02    817.011      19609  1030.2613  1030.2597     4.6091     0.0698     0.1359    34.4149    34.4132    8.00537         23 0.0000e+00
    558.000    551.491     0.1791  29.001346     0.1813  29.001889     4.6969     4.8050    -0.0083    97.1812 1.0000e-12  -73.82338 -112.88160  55.007500      99.88 2.0244e+02    817.970      19632  1030.2664  1030.2649     4.6102     0.0697     0.1337    34.4153    34.4136    8.00556         23 0.0000e+00
    559.000    552.478     0.1762  28.999710     0.1782  29.000144     4.6906     4.8040     0.0185    97.1954 1.0000e-12  -73.82338 -112.88160  55.007511      99.87 2.0274e+02    818.949      19656  1030.2719  1030.2704     4.6108     0.0718     0.1355    34.4159    34.4143    8.00614         24 0.0000e+00
    560.000    553.465     0.1763  29.000535     0.1784  29.000931     4.6924     4.8032     0.0197    97.1944 1.0000e-12  -73.82338 -112.88160  55.007522      99.87 2.0112e+02    819.921      19679  1030.2769  1030.2753     4.6107     0.0712     0.1344    34.4163    34.4144    8.00610         23 0.0000e+00
    561.000    554.452     0.1775  29.002263     0.1796  29.002613     4.6920     4.7977     0.0107    97.1995 1.0000e-12  -73.82338 -112.88160  55.007533      99.87 2.0126e+02    820.882      19702  1030.2817  1030.2801     4.6110     0.0706     0.1317    34.4166    34.4147    8.00583         24 0.0000e+00
    562.000    555.439     0.1790  29.004192     0.1811  29.004595     4.6909     4.7944     0.0035    97.2233 1.0000e-12  -73.82338 -112.88160  55.007545      99.87 2.0218e+02    821.864      19726  1030.2865  1030.2849     4.6121     0.0707     0.1331    34.4169    34.4151    8.00549         23 0.0000e+00
    563.000    556.426     0.1799  29.005589     0.1820  29.005996     4.6908     4.8000    -0.0004    97.2478 1.0000e-12  -73.82338 -112.88160  55.007556      99.87 2.0112e+02    822.851      19749  1030.2914  1030.2898     4.6133     0.0696     0.1351    34.4172    34.4153    8.00530         24 0.0000e+00
    564.000    557.414     0.1808  29.007013     0.1829  29.007391     4.6891     4.8012    -0.0004    97.2862 1.0000e-12  -73.82338 -112.88160  55.007568      99.87 2.0119e+02    823.848      19773  1030.2962  1030.2946     4.6151     0.0696     0.1371    34.4174    34.4156    8.00510         24 0.0000e+00
    565.000    558.400     0.1806  29.007304     0.1829  29.007975     4.6889     4.8030    -0.0004    97.2580 1.0000e-12  -73.82338 -112.88160  55.007579      99.87 2.0158e+02    824.840      19797  1030.3010  1030.2994     4.6138     0.0698     0.1375    34.4175    34.4157    8.00513         23 0.0000e+00
    566.000    559.387     0.1812  29.008535     0.1834  29.009063     4.6943     4.8047    -0.0007    97.2650 1.0000e-12  -73.82338 -112.88160  55.007590      99.88 2.0081e+02    825.795      19820  1030.3059  1030.3044     4.6141     0.0714     0.1319    34.4178    34.4161    8.00499         23 0.0000e+00
    567.000    560.375     0.1817  29.010019     0.1839  29.010636     4.6946     4.8036    -0.0090    97.2851 1.0000e-12  -73.82338 -112.88160  55.007601      99.87 2.0066e+02    826.749      19843  1030.3112  1030.3097     4.6151     0.0714     0.1318    34.4186    34.4169    8.00484         23 0.0000e+00
    568.000    561.360     0.1819  29.011218     0.1840  29.011702     4.6850     4.8044     0.0084    97.3042 1.0000e-12  -73.82338 -112.88160  55.007613      99.87 2.0280e+02    827.751      19867  1030.3166  1030.3150     4.6160     0.0712     0.1319    34.4194    34.4176    8.00476         25 0.0000e+00
    569.000    562.350     0.1817  29.011654     0.1838  29.012127     4.6907     4.8046    -0.0027    97.3207 1.0000e-12  -73.82338 -112.88160  55.007625      99.87 2.0055e+02    828.790      19892  1030.3214  1030.3199     4.6168     0.0720     0.1299    34.4196    34.4178    8.00478         25 0.0000e+00
    570.000    563.335     0.1824  29.012741     0.1845  29.013254     4.6901     4.8054     0.0008    97.3443 1.0000e-12  -73.82338 -112.88160  55.007636      99.87 2.0089e+02    829.786      19916  1030.3262  1030.3247     4.6178     0.0718     0.1291    34.4197    34.4180    8.00463         23 0.0000e+00
    571.000    564.322     0.1829  29.013762     0.1849  29.014110     4.6909     4.8058     0.0102    97.3818 1.0000e-12  -73.82338 -112.88160  55.007647      99.87 2.0360e+02    830.724      19938  1030.3310  1030.3294     4.6197     0.0717     0.1272    34.4198    34.4181    8.00452         22 0.0000e+00
