ocean_section_plots/required_files/ctd/dnbp2202_ctd137.cnv
* Sea-Bird SBE 9 Data File:
* FileName = D:\Data\raw\NBP2202_CTD137.hex
* Software Version Seasave V 7.26.7.121
* Temperature SN = 1649
* Conductivity SN = 2513
* Number of Bytes Per Scan = 40
* Number of Voltage Words = 5
* Number of Scans Averaged by the Deck Unit = 1
* NMEA Latitude = 74 01.65 S
* NMEA Longitude = 113 14.57 W
* NMEA UTC (Time) = Jan 28 2022  10:17:50
* NMEA baud rate = 9600
** Ship: RVIB N.B. Palmer
** Cruise: NBP2202 Thwaites
** Station: 66
** Operator: B. Bjork
# nquan = 25
# nvalues = 358                         
# units = specified
# name 0 = prDM: Pressure, Digiquartz [db]
# name 1 = depSM: Depth [salt water, m]
# name 2 = t090C: Temperature [ITS-90, deg C]
# name 3 = c0mS/cm: Conductivity [mS/cm]
# name 4 = t190C: Temperature, 2 [ITS-90, deg C]
# name 5 = c1mS/cm: Conductivity, 2 [mS/cm]
# name 6 = sbeox0ML/L: Oxygen, SBE 43 [ml/l]
# name 7 = sbeox1ML/L: Oxygen, SBE 43, 2 [ml/l]
# name 8 = flECO-AFL: Fluorescence, WET Labs ECO-AFL/FL [mg/m^3]
# name 9 = CStarTr0: Beam Transmission, WET Labs C-Star [%]
# name 10 = par: PAR/Irradiance, Biospherical/Licor
# name 11 = latitude: Latitude [deg]
# name 12 = longitude: Longitude [deg]
# name 13 = timeJ: Julian Days
# name 14 = altM: Altimeter [m]
# name 15 = spar: SPAR, Biospherical/Licor
# name 16 = timeS: Time, Elapsed [seconds]
# name 17 = scan: Scan Count
# name 18 = density00: Density [density, kg/m^3]
# name 19 = density11: Density, 2 [density, kg/m^3]
# name 20 = sal00: Salinity, Practical [PSU]
# name 21 = sal11: Salinity, Practical, 2 [PSU]
# name 22 = oxsolML/L: Oxygen Saturation, Garcia & Gordon [ml/l]
# name 23 = nbin: number of scans per bin
# name 24 = flag: flag
# span 0 =      3.000,    360.000       
# span 1 =      2.963,    355.971       
# span 2 =    -1.5100,    -0.3221       
# span 3 =  27.055116,  28.353241       
# span 4 =    -1.5091,    -0.3207       
# span 5 =  27.054382,  28.351989       
# span 6 =     4.8747,     8.9546       
# span 7 =     4.9691,     9.1779       
# span 8 =    -0.0195,    29.2142       
# span 9 =    63.7004,    93.5942       
# span 10 = 1.0000e-12, 1.4115e+01      
# span 11 =  -74.02752,  -74.02752      
# span 12 = -113.24300, -113.24294      
# span 13 =  28.431081,  28.437138      
# span 14 =       5.32,     100.16      
# span 15 = 5.2886e+01, 5.9941e+01      
# span 16 =    175.431,    698.738      
# span 17 =       4211,      16771      
# span 18 =  1027.1985,  1029.2188      
# span 19 =  1027.2032,  1029.2161      
# span 20 =    33.8093,    34.2356      
# span 21 =    33.8118,    34.2323      
# span 22 =    8.12139,    8.39932      
# span 23 =         12,         49      
# span 24 = 0.0000e+00, 0.0000e+00      
# interval = decibars: 1                
# start_time = Jan 28 2022 10:17:50 [NMEA time, header]
# bad_flag = -9.990e-29
*END*
[from data line 58]
     61.000     60.360    -1.0054  27.333923    -1.0063  27.334212     8.4547     8.6717    23.4530    66.4731 1.0000e-12  -74.02752 -113.24297  28.432673      99.97 5.8175e+01    312.949       7512  1027.4837  1027.4849    33.8117    33.8131    8.29432         35 0.0000e+00
     62.000     61.350    -1.0102  27.330624    -1.0117  27.330446     8.4588     8.6656    22.3553    66.4776 1.0000e-12  -74.02752 -113.24298  28.432691      99.97 5.8175e+01    314.480       7549  1027.4890  1027.4902    33.8120    33.8134    8.29537         32 0.0000e+00
     63.000     62.339    -1.0107  27.330780    -1.0122  27.330560     8.4425     8.6578    22.9566    67.4688 1.0000e-12  -74.02752 -113.24297  28.432710      99.70 5.8175e+01    316.132       7588  1027.4939  1027.4950    33.8122    33.8135    8.29548         38 0.0000e+00
     64.000     63.328    -1.0123  27.330113    -1.0135  27.330118     8.4289     8.6400    22.0196    66.6120 1.0000e-12  -74.02752 -113.24297  28.432731      99.93 5.8175e+01    317.982       7633  1027.4988  1027.5000    33.8124    33.8138    8.29580         39 0.0000e+00
     65.000     64.317    -1.0137  27.329601    -1.0150  27.329519     8.4227     8.6298    22.3656    67.0050 1.0000e-12  -74.02752 -113.24297  28.432749      99.97 5.8175e+01    319.533       7670  1027.5039  1027.5050    33.8126    33.8140    8.29610         34 0.0000e+00
     66.000     65.307    -1.0145  27.329391    -1.0163  27.329039     8.4059     8.6113    22.8091    66.1371 1.0000e-12  -74.02752 -113.24297  28.432766      99.97 5.8175e+01    320.963       7704  1027.5087  1027.5100    33.8126    33.8142    8.29627         36 0.0000e+00
     67.000     66.297    -1.0183  27.327067    -1.0188  27.327566     8.3651     8.5746    23.0973    66.3990 1.0000e-12  -74.02752 -113.24297  28.432784      99.97 5.8175e+01    322.575       7743  1027.5141  1027.5151    33.8131    33.8144    8.29709         34 0.0000e+00
     68.000     67.286    -1.0230  27.324050    -1.0249  27.323493     8.3573     8.5697    23.3832    67.3591 1.0000e-12  -74.02752 -113.24298  28.432804      99.97 5.8175e+01    324.241       7783  1027.5196  1027.5207    33.8137    33.8150    8.29810         37 0.0000e+00
     69.000     68.275    -1.0228  27.324675    -1.0241  27.324517     8.3418     8.5662    22.5116    67.1330 1.0000e-12  -74.02752 -113.24298  28.432821      99.97 5.8175e+01    325.727       7818  1027.5243  1027.5253    33.8137    33.8150    8.29805         35 0.0000e+00
     70.000     69.264    -1.0240  27.324235    -1.0250  27.324255     8.3208     8.5359    21.8142    65.9083 1.0000e-12  -74.02752 -113.24298  28.432839      99.97 5.8175e+01    327.281       7856  1027.5292  1027.5302    33.8139    33.8150    8.29831         38 0.0000e+00
     71.000     70.254    -1.0284  27.321290    -1.0299  27.321035     8.3002     8.5128    21.6772    66.8332 1.0000e-12  -74.02752 -113.24297  28.432857      96.81 5.8175e+01    328.843       7893  1027.5345  1027.5356    33.8142    33.8154    8.29927         37 0.0000e+00
     72.000     71.242    -1.0303  27.320268    -1.0314  27.320227     8.2908     8.5081    21.1560    67.1632 1.0000e-12  -74.02752 -113.24297  28.432875      99.47 5.8175e+01    330.365       7930  1027.5394  1027.5404    33.8143    33.8155    8.29968         36 0.0000e+00
     73.000     72.234    -1.0307  27.320503    -1.0316  27.320504     8.2662     8.4833    21.3104    65.8966 1.0000e-12  -74.02752 -113.24297  28.432893      99.97 5.8175e+01    331.926       7967  1027.5443  1027.5451    33.8144    33.8154    8.29975         36 0.0000e+00
     74.000     73.220    -1.0325  27.319352    -1.0335  27.319510     8.1951     8.4188    21.3052    68.0377 1.0000e-12  -74.02752 -113.24296  28.432910      99.98 5.8175e+01    333.432       8003  1027.5491  1027.5501    33.8143    33.8156    8.30017         33 0.0000e+00
     75.000     74.211    -1.0407  27.313656    -1.0418  27.313715     8.1003     8.3212    21.4063    68.9878 1.0000e-12  -74.02752 -113.24296  28.432926      99.97 5.8175e+01    334.842       8037  1027.5550  1027.5561    33.8151    33.8164    8.30193         33 0.0000e+00
     76.000     75.200    -1.0510  27.306252    -1.0531  27.305513     7.9448     8.1741    20.3814    68.5288 1.0000e-12  -74.02752 -113.24296  28.432943      99.98 5.8175e+01    336.305       8072  1027.5611  1027.5623    33.8160    33.8173    8.30416         36 0.0000e+00
     77.000     76.189    -1.0698  27.292474    -1.0695  27.293616     7.7496     7.9870    20.3080    67.2063 1.0000e-12  -74.02752 -113.24296  28.432961      99.98 5.8175e+01    337.858       8110  1027.5684  1027.5694    33.8177    33.8190    8.30822         35 0.0000e+00
     78.000     77.179    -1.0919  27.276213    -1.0959  27.274311     7.5844     7.8338    18.5748    67.9331 1.0000e-12  -74.02752 -113.24296  28.432979      99.99 5.8569e+01    339.341       8145  1027.5761  1027.5778    33.8198    33.8217    8.31299         35 0.0000e+00
     79.000     78.168    -1.1227  27.253890    -1.1233  27.254185     7.5345     7.7755    17.6428    68.3775 1.0000e-12  -74.02752 -113.24296  28.432996      99.98 5.7782e+01    340.856       8182  1027.5855  1027.5864    33.8234    33.8245    8.31962         36 0.0000e+00
     80.000     79.157    -1.1261  27.251782    -1.1273  27.251741     7.5565     7.7658    16.2092    68.2233 1.0000e-12  -74.02752 -113.24296  28.433013      99.57 5.8182e+01    342.317       8217  1027.5905  1027.5915    33.8238    33.8250    8.32036         33 0.0000e+00
     81.000     80.147    -1.1284  27.250654    -1.1295  27.250514     7.5741     7.7564    15.1261    69.7344 1.0000e-12  -74.02752 -113.24296  28.433029      99.71 5.8175e+01    343.710       8250  1027.5954  1027.5963    33.8241    33.8252    8.32084         35 0.0000e+00
     82.000     81.136    -1.1290  27.250752    -1.1301  27.250636     7.4628     7.6303    15.1811    69.6926 1.0000e-12  -74.02752 -113.24296  28.433047      99.94 5.8175e+01    345.231       8287  1027.6001  1027.6010    33.8244    33.8254    8.32096         36 0.0000e+00
     83.000     82.125    -1.1361  27.245208    -1.1379  27.245031     7.0943     7.3375    15.0942    71.5203 1.0000e-12  -74.02752 -113.24296  28.433064      99.64 5.8175e+01    346.748       8323  1027.6051  1027.6066    33.8242    33.8260    8.32256         35 0.0000e+00
     84.000     83.114    -1.2237  27.177580    -1.2248  27.178426     6.9050     7.1618    13.2849    71.0670 1.0000e-12  -74.02752 -113.24296  28.433081      99.85 5.8175e+01    348.177       8357  1027.6198  1027.6217    33.8299    33.8323    8.34174         34 0.0000e+00
     85.000     84.104    -1.2565  27.154146    -1.2579  27.153870     6.9375     7.1557    11.4737    72.4729 1.0000e-12  -74.02752 -113.24296  28.433098      99.84 5.8175e+01    349.639       8392  1027.6294  1027.6305    33.8342    33.8354    8.34879         36 0.0000e+00
     86.000     85.093    -1.2436  27.166761    -1.2445  27.166470     7.0016     7.1864     9.1545    73.1904 1.0000e-12  -74.02752 -113.24296  28.433115      99.50 5.8175e+01    351.172       8429  1027.6344  1027.6350    33.8363    33.8370    8.34579         35 0.0000e+00
     87.000     86.082    -1.2352  27.176409    -1.2362  27.176431     6.9996     7.1677     8.3931    75.5524 1.0000e-12  -74.02752 -113.24296  28.433133      99.51 5.8175e+01    352.679       8465  1027.6408  1027.6417    33.8394    33.8405    8.34373         35 0.0000e+00
     88.000     87.071    -1.2428  27.172396    -1.2438  27.172404     6.9599     7.1311     8.3087    76.7277 1.0000e-12  -74.02752 -113.24296  28.433149      99.35 5.8175e+01    354.079       8499  1027.6477  1027.6487    33.8418    33.8430    8.34528         33 0.0000e+00
     89.000     88.060    -1.2520  27.166573    -1.2530  27.166631     6.9144     7.0795     7.7746    77.2000 1.0000e-12  -74.02752 -113.24296  28.433165      96.42 5.8175e+01    355.440       8532  1027.6543  1027.6553    33.8437    33.8449    8.34723         32 0.0000e+00
     90.000     89.049    -1.2577  27.162653    -1.2581  27.163323     6.8377     7.0024     6.8007    78.4495 1.0000e-12  -74.02752 -113.24296  28.433181      99.38 5.8175e+01    356.831       8565  1027.6596  1027.6606    33.8442    33.8455    8.34849         35 0.0000e+00
     91.000     90.039    -1.2783  27.145820    -1.2807  27.145010     6.7657     6.9475     7.1618    78.9323 1.0000e-12  -74.02752 -113.24296  28.433198      99.49 5.8175e+01    358.286       8600  1027.6650  1027.6664    33.8437    33.8453    8.35312         33 0.0000e+00
     92.000     91.028    -1.2904  27.136680    -1.2912  27.136893     6.7452     6.9243     6.3945    79.5963 1.0000e-12  -74.02752 -113.24296  28.433213      99.46 5.8175e+01    359.632       8632  1027.6706  1027.6716    33.8442    33.8454    8.35579         29 0.0000e+00
     93.000     92.018    -1.2926  27.135546    -1.2935  27.135609     6.7424     6.9167     5.6146    80.5314 1.0000e-12  -74.02752 -113.24296  28.433227      99.49 5.8175e+01    360.844       8661  1027.6756  1027.6765    33.8445    33.8456    8.35627         29 0.0000e+00
     94.000     93.007    -1.2943  27.135157    -1.2950  27.135183     6.7529     6.9124     5.2275    81.6288 1.0000e-12  -74.02752 -113.24296  28.433241      99.58 5.8175e+01    362.067       8691  1027.6808  1027.6816    33.8452    33.8462    8.35660         30 0.0000e+00
     95.000     93.995    -1.2935  27.136615    -1.2946  27.136508     6.7541     6.9023     6.2654    82.3634 1.0000e-12  -74.02752 -113.24296  28.433257      99.63 5.8175e+01    363.382       8722  1027.6858  1027.6867    33.8458    33.8469    8.35640         33 0.0000e+00
     96.000     94.985    -1.2948  27.136466    -1.2958  27.136351     6.7463     6.8958     5.3010    82.5706 1.0000e-12  -74.02752 -113.24296  28.433272      99.64 5.8175e+01    364.709       8754  1027.6910  1027.6918    33.8464    33.8474    8.35665         31 0.0000e+00
     97.000     95.975    -1.2954  27.136619    -1.2962  27.136689     6.7423     6.8939     5.0160    81.8568 1.0000e-12  -74.02752 -113.24296  28.433286      99.68 5.8175e+01    365.914       8783  1027.6959  1027.6968    33.8467    33.8477    8.35676         27 0.0000e+00
     98.000     96.963    -1.2976  27.135464    -1.2983  27.135462     6.7346     6.8909     5.2866    82.6420 1.0000e-12  -74.02752 -113.24296  28.433299      99.61 5.8623e+01    367.019       8809  1027.7009  1027.7016    33.8469    33.8477    8.35724         27 0.0000e+00
     99.000     97.953    -1.2991  27.135014    -1.2999  27.135037     6.7261     6.8815     5.2048    83.2378 1.0000e-12  -74.02752 -113.24296  28.433312      95.60 5.8721e+01    368.192       8838  1027.7060  1027.7068    33.8474    33.8483    8.35755         29 0.0000e+00
    100.000     98.942    -1.2974  27.137792    -1.2976  27.138187     6.6916     6.8431     4.9955    83.8089 1.0000e-12  -74.02752 -113.24296  28.433327      99.04 5.8478e+01    369.421       8867  1027.7117  1027.7123    33.8487    33.8494    8.35710         29 0.0000e+00
    101.000     99.932    -1.3045  27.133263    -1.3045  27.134022     6.6436     6.7924     4.9630    83.2237 1.0000e-12  -74.02752 -113.24296  28.433340      99.65 5.8539e+01    370.610       8896  1027.7178  1027.7186    33.8498    33.8509    8.35861         29 0.0000e+00
    102.000    100.919    -1.3128  27.128022    -1.3137  27.127922     6.5858     6.7386     4.7158    83.5901 1.0000e-12  -74.02752 -113.24296  28.433354      99.67 5.9081e+01    371.821       8925  1027.7243  1027.7251    33.8514    33.8523    8.36038         29 0.0000e+00
    103.000    101.909    -1.3232  27.121926    -1.3241  27.121951     6.5385     6.6910     4.7110    83.8491 1.0000e-12  -74.02752 -113.24296  28.433369      99.73 5.8351e+01    373.052       8954  1027.7318  1027.7328    33.8542    33.8553    8.36254         29 0.0000e+00
    104.000    102.899    -1.3294  27.119626    -1.3304  27.119478     6.4945     6.6531     4.2743    83.9436 1.0000e-12  -74.02752 -113.24296  28.433382      99.64 5.8371e+01    374.215       8982  1027.7396  1027.7404    33.8574    33.8584    8.36375         27 0.0000e+00
    105.000    103.888    -1.3369  27.115659    -1.3381  27.115481     6.4709     6.6266     3.9892    84.0116 1.0000e-12  -74.02752 -113.24296  28.433396      99.73 5.8977e+01    375.397       9011  1027.7467  1027.7476    33.8599    33.8610    8.36529         29 0.0000e+00
    106.000    104.877    -1.3418  27.113460    -1.3427  27.113349     6.4457     6.6094     4.0218    84.4196 1.0000e-12  -74.02752 -113.24296  28.433410      99.75 5.9711e+01    376.617       9040  1027.7531  1027.7539    33.8617    33.8627    8.36626         30 0.0000e+00
    107.000    105.866    -1.3477  27.111107    -1.3485  27.111107     6.4461     6.6001     2.8637    84.7253 1.0000e-12  -74.02752 -113.24296  28.433423      99.76 5.8533e+01    377.770       9067  1027.7604  1027.7612    33.8645    33.8655    8.36742         24 0.0000e+00
    108.000    106.856    -1.3496  27.111133    -1.3504  27.110976     6.4456     6.5886     2.4343    85.8108 1.0000e-12  -74.02752 -113.24296  28.433436      99.79 5.8744e+01    378.909       9095  1027.7664  1027.7671    33.8661    33.8669    8.36775         28 0.0000e+00
    109.000    107.845    -1.3507  27.111503    -1.3515  27.111388     6.4405     6.5866     2.3108    85.8216 1.0000e-12  -74.02752 -113.24296  28.433450      99.79 5.9269e+01    380.082       9123  1027.7722  1027.7728    33.8673    33.8680    8.36795         29 0.0000e+00
    110.000    108.832    -1.3519  27.112156    -1.3525  27.112093     6.4422     6.5904     2.0665    86.1184 1.0000e-12  -74.02752 -113.24296  28.433464      99.77 5.8461e+01    381.324       9153  1027.7781  1027.7788    33.8688    33.8696    8.36810         30 0.0000e+00
    111.000    109.822    -1.3523  27.112962    -1.3529  27.112787     6.4543     6.5858     2.0275    86.7357 1.0000e-12  -74.02752 -113.24296  28.433478      99.81 5.8306e+01    382.495       9181  1027.7836  1027.7840    33.8698    33.8703    8.36814         27 0.0000e+00
    112.000    110.813    -1.3526  27.114884    -1.3534  27.114909     6.4566     6.5830     2.1264    87.2772 1.0000e-12  -74.02752 -113.24296  28.433491      99.80 5.8445e+01    383.598       9207  1027.7903  1027.7911    33.8722    33.8731    8.36807         26 0.0000e+00
    113.000    111.800    -1.3530  27.116913    -1.3536  27.116805     6.4576     6.5905     1.9375    87.1153 1.0000e-12  -74.02752 -113.24296  28.433503      99.82 5.8566e+01    384.700       9234  1027.7972  1027.7977    33.8748    33.8754    8.36800         27 0.0000e+00
    114.000    112.790    -1.3531  27.117636    -1.3539  27.117744     6.4507     6.5828     1.8251    88.3063 1.0000e-12  -74.02752 -113.24296  28.433518      99.82 5.8950e+01    385.949       9264  1027.8024  1027.8032    33.8753    33.8764    8.36800         32 0.0000e+00
    115.000    113.780    -1.3539  27.118915    -1.3546  27.118817     6.4428     6.5814     2.0153    88.7198 1.0000e-12  -74.02752 -113.24296  28.433533      99.83 5.8594e+01    387.233       9295  1027.8088  1027.8094    33.8774    33.8780    8.36806         29 0.0000e+00
    116.000    114.768    -1.3556  27.119809    -1.3562  27.119689     6.4446     6.5776     1.7959    88.4347 1.0000e-12  -74.02752 -113.24296  28.433546      99.83 5.8308e+01    388.363       9322  1027.8156  1027.8161    33.8798    33.8804    8.36828         26 0.0000e+00
    117.000    115.757    -1.3558  27.120358    -1.3565  27.120254     6.4475     6.5815     1.8044    88.9475 1.0000e-12  -74.02752 -113.24296  28.433558      99.83 5.8496e+01    389.429       9347  1027.8208  1027.8213    33.8803    33.8809    8.36832         27 0.0000e+00
