ocean_section_plots/required_files/ctd/dnbp2202_ctd147.cnv
* Sea-Bird SBE 9 Data File:
* FileName = D:\Data\raw\NBP2202_CTD147.hex
* Software Version Seasave V 7.26.7.121
* Temperature SN = 1649
* Conductivity SN = 2513
* Number of Bytes Per Scan = 40
* Number of Voltage Words = 5
* Number of Scans Averaged by the Deck Unit = 1
* NMEA Latitude = 74 06.99 S
* NMEA Longitude = 113 20.89 W
* NMEA UTC (Time) = Jan 30 2022  10:48:34
* NMEA baud rate = 9600
** Ship: RVIB N.B. Palmer
** Cruise: NBP2202 Thwaites
** Station: 75
** Operator: B.Bjork
# nquan = 28
# nvalues = 367                         
# units = specified
# name 0 = prDM: Pressure, Digiquartz [db]
# name 1 = depSM: Depth [salt water, m]
# name 2 = t090C: Temperature [ITS-90, deg C]
# name 3 = c0mS/cm: Conductivity [mS/cm]
# name 4 = t190C: Temperature, 2 [ITS-90, deg C]
# name 5 = c1mS/cm: Conductivity, 2 [mS/cm]
# name 6 = sbeox0ML/L: Oxygen, SBE 43 [ml/l]
# name 7 = sbeox1ML/L: Oxygen, SBE 43, 2 [ml/l]
# name 8 = flECO-AFL: Fluorescence, WET Labs ECO-AFL/FL [mg/m^3]
# name 9 = CStarTr0: Beam Transmission, WET Labs C-Star [%]
# name 10 = par: PAR/Irradiance, Biospherical/Licor
# name 11 = latitude: Latitude [deg]
# name 12 = longitude: Longitude [deg]
# name 13 = timeJ: Julian Days
# name 14 = altM: Altimeter [m]
# name 15 = spar: SPAR, Biospherical/Licor
# name 16 = timeS: Time, Elapsed [seconds]
# name 17 = scan: Scan Count
# name 18 = density00: Density [density, kg/m^3]
# name 19 = density11: Density, 2 [density, kg/m^3]
# name 20 = v3: Voltage 3
# name 21 = v4: Voltage 4
# name 22 = v5: Voltage 5
# name 23 = sal00: Salinity, Practical [PSU]
# name 24 = sal11: Salinity, Practical, 2 [PSU]
# name 25 = oxsolML/L: Oxygen Saturation, Garcia & Gordon [ml/l]
# name 26 = nbin: number of scans per bin
# name 27 = flag: flag
# span 0 =      1.000,    367.000       
# span 1 =      0.990,    362.894       
# span 2 =    -1.4088,    -0.3342       
# span 3 =  27.018945,  28.336858       
# span 4 =    -1.4074,    -0.3335       
# span 5 =  27.019668,  28.337753       
# span 6 =     4.8384,     9.4561       
# span 7 =     4.9338,     9.5629       
# span 8 =    -0.0220,    23.2408       
# span 9 =    67.9415,    93.4172       
# span 10 = -2.453e-05, 4.3533e+01      
# span 11 =  -74.11660,  -74.11658      
# span 12 = -113.34820, -113.34817      
# span 13 =  30.452694,  30.458591      
# span 14 =       5.23,     100.17      
# span 15 = 7.9330e+01, 1.0048e+02      
# span 16 =    198.794,    708.315      
# span 17 =       4772,      17001      
# span 18 =  1027.1377,  1029.2418      
# span 19 =  1027.1353,  1029.2424      
# span 20 =     3.2237,     4.4316      
# span 21 =     0.0641,     3.8227      
# span 22 =     0.1268,     0.2607      
# span 23 =    33.7458,    34.2230      
# span 24 =    33.7433,    34.2235      
# span 25 =    8.12468,    8.38255      
# span 26 =          2,         47      
# span 27 = 0.0000e+00, 0.0000e+00      
# interval = decibars: 1                
# start_time = Jan 30 2022 10:48:34 [NMEA time, header]
# bad_flag = -9.990e-29
*END*
[from data line 156]
    157.000    155.315    -1.1270  27.393000    -1.1270  27.390800     5.2867     5.3903     0.1387    93.1539 1.0000e-12  -74.11660 -113.34820  30.455749      99.95 9.5579e+01    462.748      11107  1028.0758  1028.0734     4.4192     0.0869     0.1303    33.9701    33.9670    8.31195         23 0.0000e+00
    158.000    156.305    -1.1257  27.395039    -1.1241  27.394791     5.2865     5.3965     0.1388    93.2859 1.0000e-12  -74.11660 -113.34820  30.455761      99.95 9.5689e+01    463.748      11131  1028.0811  1028.0793     4.4254     0.0922     0.1271    33.9707    33.9685    8.31161         25 0.0000e+00
    159.000    157.294    -1.1217  27.400432    -1.1197  27.400394     5.2858     5.3949     0.0589    93.2962 1.0000e-12  -74.11660 -113.34820  30.455773      99.94 9.6072e+01    464.758      11155  1028.0875  1028.0856     4.4259     0.0945     0.1288    33.9729    33.9706    8.31059         24 0.0000e+00
    160.000    158.283    -1.1205  27.402145    -1.1183  27.402449     5.2881     5.3903     0.0857    93.2748 1.0000e-12  -74.11660 -113.34820  30.455784      99.95 9.6157e+01    465.733      11179  1028.0926  1028.0908     4.4249     0.0879     0.1273    33.9733    33.9712    8.31031         22 0.0000e+00
    161.000    159.273    -1.1139  27.411106    -1.1107  27.412011     5.2819     5.3932     0.0435    93.2749 1.0000e-12  -74.11660 -113.34820  30.455795      99.95 9.6253e+01    466.704      11202  1028.1004  1028.0983     4.4249     0.0748     0.1286    33.9774    33.9751    8.30860         25 0.0000e+00
    162.000    160.262    -1.0957  27.433112    -1.0935  27.433288     5.2778     5.3872     0.0444    93.2022 1.0000e-12  -74.11660 -113.34820  30.455807      90.72 9.6513e+01    467.711      11226  1028.1112  1028.1093     4.4214     0.0893     0.1271    33.9863    33.9840    8.30405         24 0.0000e+00
    163.000    161.249    -1.0927  27.437235    -1.0914  27.436373     5.2803     5.3780     0.0502    93.2557 1.0000e-12  -74.11660 -113.34820  30.455818      99.80 9.6662e+01    468.713      11250  1028.1172  1028.1151     4.4240     0.0894     0.1292    33.9879    33.9852    8.30328         24 0.0000e+00
    164.000    162.238    -1.0845  27.446686    -1.0831  27.446019     5.2780     5.3842     0.0150    93.2430 1.0000e-12  -74.11660 -113.34820  30.455830      99.95 9.6376e+01    469.710      11274  1028.1241  1028.1219     4.4234     0.0938     0.1306    33.9909    33.9884    8.30130         24 0.0000e+00
    165.000    163.229    -1.0840  27.447597    -1.0821  27.447505     5.2813     5.3815     0.0323    93.1540 1.0000e-12  -74.11660 -113.34819  30.455842      99.95 9.6044e+01    470.742      11299  1028.1290  1028.1271     4.4192     0.0719     0.1284    33.9909    33.9887    8.30118         25 0.0000e+00
    166.000    164.215    -1.0835  27.448576    -1.0820  27.448122     5.2777     5.3781     0.0049    93.3190 1.0000e-12  -74.11660 -113.34818  30.455854      99.95 9.6662e+01    471.767      11323  1028.1340  1028.1321     4.4270     0.0781     0.1281    33.9912    33.9888    8.30107         23 0.0000e+00
    167.000    165.206    -1.0833  27.449187    -1.0818  27.448709     5.2794     5.3804     0.0334    93.3326 1.0000e-12  -74.11660 -113.34818  30.455865      99.95 9.6818e+01    472.753      11347  1028.1389  1028.1369     4.4276     0.0747     0.1278    33.9911    33.9888    8.30101         25 0.0000e+00
    168.000    166.194    -1.0815  27.451607    -1.0795  27.451576     5.2727     5.3842     0.0120    93.2221 1.0000e-12  -74.11660 -113.34818  30.455877      99.95 9.6593e+01    473.763      11371  1028.1442  1028.1422     4.4224     0.0874     0.1299    33.9918    33.9894    8.30058         24 0.0000e+00
    169.000    167.182    -1.0798  27.453722    -1.0781  27.453556     5.2726     5.3701     0.0432    93.3092 1.0000e-12  -74.11660 -113.34818  30.455888      99.95 9.6266e+01    474.759      11395  1028.1492  1028.1474     4.4265     0.0732     0.1276    33.9921    33.9900    8.30018         23 0.0000e+00
    170.000    168.172    -1.0780  27.455893    -1.0761  27.455831     5.2711     5.3728     0.0008    93.4172 1.0000e-12  -74.11660 -113.34818  30.455899      99.95 9.6152e+01    475.717      11418  1028.1542  1028.1524     4.4316     0.0741     0.1276    33.9924    33.9902    8.29977         24 0.0000e+00
    171.000    169.161    -1.0778  27.456569    -1.0773  27.455135     5.2744     5.3813     0.0082    93.3735 1.0000e-12  -74.11660 -113.34818  30.455911      99.95 9.6727e+01    476.707      11442  1028.1591  1028.1571     4.4296     0.0746     0.1284    33.9924    33.9900    8.29971         23 0.0000e+00
    172.000    170.150    -1.0759  27.458943    -1.0743  27.458508     5.2701     5.3759     0.0305    93.1804 1.0000e-12  -74.11660 -113.34818  30.455923      99.95 9.6589e+01    477.704      11466  1028.1642  1028.1622     4.4205     0.0709     0.1283    33.9930    33.9905    8.29927         24 0.0000e+00
    173.000    171.140    -1.0745  27.460915    -1.0727  27.460441     5.2640     5.3682     0.0434    93.3409 1.0000e-12  -74.11660 -113.34818  30.455934      99.95 9.6663e+01    478.671      11489  1028.1693  1028.1672     4.4280     0.0719     0.1281    33.9934    33.9908    8.29893         24 0.0000e+00
    174.000    172.125    -1.0738  27.461899    -1.0725  27.461080     5.2669     5.3727     0.0871    93.3807 1.0000e-12  -74.11660 -113.34818  30.455945      99.95 9.6955e+01    479.678      11513  1028.1741  1028.1720     4.4299     0.0726     0.1281    33.9933    33.9908    8.29877         24 0.0000e+00
    175.000    173.116    -1.0730  27.463036    -1.0711  27.462899     5.2683     5.3658     0.0921    93.3432 1.0000e-12  -74.11660 -113.34818  30.455957      97.43 9.6958e+01    480.699      11538  1028.1789  1028.1770     4.4282     0.0718     0.1305    33.9934    33.9911    8.29860         25 0.0000e+00
    176.000    174.106    -1.0721  27.464372    -1.0707  27.463778     5.2696     5.3662    -0.0010    93.3432 1.0000e-12  -74.11660 -113.34818  30.455969      98.19 9.6958e+01    481.698      11562  1028.1839  1028.1819     4.4282     0.0745     0.1303    33.9936    33.9912    8.29839         23 0.0000e+00
    177.000    175.093    -1.0723  27.464701    -1.0707  27.464281     5.2683     5.3694     0.0123    93.3947 1.0000e-12  -74.11660 -113.34818  30.455980      99.96 9.6958e+01    482.715      11586  1028.1888  1028.1867     4.4306     0.0759     0.1295    33.9937    33.9912    8.29843         25 0.0000e+00
    178.000    176.083    -1.0726  27.465089    -1.0710  27.464960     5.2690     5.3748     0.0119    93.4066 1.0000e-12  -74.11660 -113.34818  30.455992      99.95 9.6958e+01    483.739      11611  1028.1939  1028.1921     4.4309     0.0745     0.1268    33.9939    33.9919    8.29849         25 0.0000e+00
    179.000    177.072    -1.0726  27.465649    -1.0709  27.465528     5.2604     5.3610     0.0127    93.0350 1.0000e-12  -74.11660 -113.34818  30.456004      99.95 9.6958e+01    484.727      11634  1028.1988  1028.1970     4.4138     0.0728     0.1293    33.9941    33.9920    8.29848         23 0.0000e+00
    180.000    178.059    -1.0700  27.468882    -1.0669  27.469770     5.2384     5.3440     0.0276    93.4049 1.0000e-12  -74.11660 -113.34818  30.456015      99.94 9.6958e+01    485.727      11658  1028.2041  1028.2020     4.4311     0.0708     0.1296    33.9949    33.9925    8.29785         24 0.0000e+00
    181.000    179.049    -1.0599  27.479374    -1.0571  27.479799     5.2263     5.3333     0.0139    93.4122 1.0000e-12  -74.11660 -113.34818  30.456027      99.95 9.6958e+01    486.733      11683  1028.2100  1028.2078     4.4314     0.0722     0.1273    33.9971    33.9945    8.29548         24 0.0000e+00
    182.000    180.037    -1.0374  27.501042    -1.0347  27.501182     5.2148     5.3214     0.0430    93.3689 1.0000e-12  -74.11660 -113.34818  30.456038      99.95 9.6805e+01    487.710      11706  1028.2161  1028.2137     4.4294     0.0709     0.1289    34.0006    33.9977    8.29030         23 0.0000e+00
    183.000    181.027    -1.0298  27.508010    -1.0298  27.506070     5.2103     5.3173     0.0405    93.3799 1.0000e-12  -74.11660 -113.34818  30.456049      99.95 9.7102e+01    488.678      11729  1028.2208  1028.2187     4.4299     0.0740     0.1290    34.0009    33.9983    8.28861         24 0.0000e+00
    184.000    182.015    -1.0313  27.506979    -1.0312  27.505247     5.2143     5.3268     0.0350    93.3737 1.0000e-12  -74.11660 -113.34818  30.456061      99.94 9.7323e+01    489.675      11753  1028.2256  1028.2236     4.4296     0.1126     0.1296    34.0006    33.9982    8.28896         24 0.0000e+00
    185.000    183.005    -1.0304  27.508409    -1.0279  27.508950     5.2084     5.3257     0.0302    93.3153 1.0000e-12  -74.11660 -113.34818  30.456072      99.95 9.7112e+01    490.664      11777  1028.2307  1028.2288     4.4268     0.0766     0.1293    34.0009    33.9988    8.28874         23 0.0000e+00
    186.000    183.992    -1.0333  27.506096    -1.0321  27.505429     5.2034     5.3118     0.0454    93.3399 1.0000e-12  -74.11660 -113.34818  30.456084      99.95 9.7683e+01    491.630      11800  1028.2354  1028.2335     4.4280     0.0706     0.1288    34.0004    33.9981    8.28941         24 0.0000e+00
    187.000    184.981    -1.0305  27.509552    -1.0278  27.510090     5.2048     5.3143     0.0728    93.3170 1.0000e-12  -74.11660 -113.34818  30.456095      99.95 9.7765e+01    492.633      11824  1028.2409  1028.2388     4.4269     0.0728     0.1308    34.0014    33.9990    8.28874         24 0.0000e+00
    188.000    185.971    -1.0104  27.531440    -1.0072  27.531984     5.2066     5.3102     0.0482    93.3253 1.0000e-12  -74.11660 -113.34818  30.456107      90.64 9.7693e+01    493.644      11848  1028.2495  1028.2470     4.4273     0.0713     0.1315    34.0079    34.0049    8.28393         24 0.0000e+00
    189.000    186.959    -1.0024  27.541090    -0.9997  27.542272     5.2100     5.3143     0.0337    93.3791 1.0000e-12  -74.11660 -113.34818  30.456119      99.98 9.8356e+01    494.649      11873  1028.2567  1028.2554     4.4299     0.0711     0.1343    34.0113    34.0098    8.28196         24 0.0000e+00
    190.000    187.947    -1.0006  27.544182    -0.9992  27.543372     5.2155     5.3152     0.0016    93.3325 1.0000e-12  -74.11660 -113.34818  30.456130      99.95 9.8368e+01    495.669      11897  1028.2628  1028.2606     4.4277     0.0731     0.1297    34.0128    34.0102    8.28147         25 0.0000e+00
    191.000    188.937    -1.0014  27.543512    -0.9996  27.543278     5.2169     5.3186     0.0173    93.3229 1.0000e-12  -74.11660 -113.34818  30.456142      99.95 9.8415e+01    496.674      11921  1028.2673  1028.2653     4.4272     0.0764     0.1331    34.0122    34.0099    8.28168         23 0.0000e+00
    192.000    189.925    -1.0005  27.545588    -0.9990  27.544669     5.2233     5.3266     0.0130    93.3447 1.0000e-12  -74.11660 -113.34818  30.456153      99.95 9.7615e+01    497.651      11945  1028.2730  1028.2706     4.4282     0.0733     0.1310    34.0134    34.0105    8.28141         24 0.0000e+00
    193.000    190.913    -0.9976  27.550836    -0.9950  27.551654     5.2314     5.3341     0.0296    93.3273 1.0000e-12  -74.11660 -113.34818  30.456165      99.95 9.8581e+01    498.653      11969  1028.2803  1028.2787     4.4274     0.0732     0.1312    34.0167    34.0148    8.28058         24 0.0000e+00
    194.000    191.902    -0.9953  27.554950    -0.9936  27.554481     5.2415     5.3416     0.0240    93.3598 1.0000e-12  -74.11660 -113.34818  30.456177      99.94 9.8568e+01    499.650      11993  1028.2869  1028.2848     4.4289     0.0758     0.1297    34.0190    34.0165    8.27993         24 0.0000e+00
    195.000    192.891    -0.9916  27.560921    -0.9898  27.560695     5.2459     5.3496     0.0497    93.2758 1.0000e-12  -74.11660 -113.34818  30.456188      99.94 9.8719e+01    500.635      12016  1028.2943  1028.2922     4.4250     0.1583     0.1308    34.0224    34.0200    8.27892         24 0.0000e+00
    196.000    193.882    -0.9861  27.570060    -0.9845  27.569258     5.2459     5.3534     0.0436    93.2993 1.0000e-12  -74.11660 -113.34818  30.456199      99.95 9.8721e+01    501.637      12040  1028.3033  1028.3009     4.4261     0.0810     0.1292    34.0279    34.0251    8.27738         24 0.0000e+00
    197.000    194.867    -0.9856  27.570963    -0.9839  27.570618     5.2473     5.3511     0.0294    93.2043 1.0000e-12  -74.11660 -113.34818  30.456211      99.94 9.8721e+01    502.637      12064  1028.3082  1028.3062     4.4216     0.0722     0.1310    34.0280    34.0256    8.27727         23 0.0000e+00
    198.000    195.857    -0.9839  27.573712    -0.9820  27.573365     5.2494     5.3492     0.0436    93.3213 1.0000e-12  -74.11660 -113.34818  30.456222      99.95 9.8721e+01    503.606      12088  1028.3139  1028.3118     4.4271     0.0900     0.1312    34.0292    34.0266    8.27682         24 0.0000e+00
    199.000    196.847    -0.9835  27.574487    -0.9817  27.574119     5.2496     5.3555     0.0086    93.3413 1.0000e-12  -74.11660 -113.34818  30.456234      99.95 9.8356e+01    504.599      12111  1028.3188  1028.3166     4.4281     0.0719     0.1309    34.0292    34.0267    8.27674         24 0.0000e+00
    200.000    197.835    -0.9837  27.574779    -0.9813  27.575087     5.2473     5.3554     0.0483    93.3489 1.0000e-12  -74.11660 -113.34818  30.456245      99.95 9.8722e+01    505.607      12136  1028.3236  1028.3217     4.4284     0.0768     0.1305    34.0292    34.0269    8.27678         24 0.0000e+00
    201.000    198.824    -0.9834  27.575593    -0.9817  27.575191     5.2534     5.3525     0.0005    93.3565 1.0000e-12  -74.11660 -113.34818  30.456257      98.14 9.7908e+01    506.610      12160  1028.3286  1028.3266     4.4288     0.0725     0.1300    34.0294    34.0270    8.27671         24 0.0000e+00
    202.000    199.811    -0.9833  27.576462    -0.9814  27.576254     5.2506     5.3530    -0.0075    93.3478 1.0000e-12  -74.11660 -113.34818  30.456269      96.63 9.8579e+01    507.611      12184  1028.3337  1028.3317     4.4284     0.0784     0.1284    34.0298    34.0274    8.27665         24 0.0000e+00
    203.000    200.802    -0.9825  27.577751    -0.9808  27.577431     5.2486     5.3526     0.0093    93.3435 1.0000e-12  -74.11660 -113.34818  30.456280      99.99 9.8723e+01    508.618      12208  1028.3388  1028.3368     4.4282     0.0786     0.1298    34.0301    34.0277    8.27647         24 0.0000e+00
    204.000    201.789    -0.9816  27.579400    -0.9795  27.579430     5.2454     5.3532     0.0045    93.3702 1.0000e-12  -74.11660 -113.34818  30.456292      99.95 9.8721e+01    509.598      12231  1028.3440  1028.3420     4.4295     0.0739     0.1324    34.0307    34.0283    8.27624         24 0.0000e+00
    205.000    202.777    -0.9791  27.582661    -0.9775  27.582283     5.2454     5.3532     0.0242    93.3025 1.0000e-12  -74.11660 -113.34818  30.456303      99.94 9.8721e+01    510.588      12255  1028.3495  1028.3475     4.4262     0.0700     0.1302    34.0317    34.0293    8.27563         23 0.0000e+00
    206.000    203.768    -0.9782  27.584365    -0.9765  27.583882     5.2444     5.3523     0.0268    93.3585 1.0000e-12  -74.11660 -113.34818  30.456315      99.95 9.8721e+01    511.581      12279  1028.3548  1028.3526     4.4289     0.0703     0.1294    34.0324    34.0298    8.27538         24 0.0000e+00
    207.000    204.756    -0.9784  27.584270    -0.9766  27.584257     5.2419     5.3504     0.0315    93.4031 1.0000e-12  -74.11660 -113.34818  30.456326      99.94 9.8721e+01    512.554      12302  1028.3592  1028.3575     4.4310     0.0717     0.1276    34.0319    34.0298    8.27546         23 0.0000e+00
