ocean_section_plots/required_files/ctd/dnbp2202_ctd292.cnv
* Sea-Bird SBE 9 Data File:
* FileName = D:\Data\raw\NBP2202_CTD292.hex
* Software Version Seasave V 7.26.7.121
* Temperature SN = 1649
* Conductivity SN = 2513
* Number of Bytes Per Scan = 40
* Number of Voltage Words = 5
* Number of Scans Averaged by the Deck Unit = 1
* NMEA Latitude = 73 48.68 S
* NMEA Longitude = 112 45.72 W
* NMEA UTC (Time) = Feb 23 2022  22:53:07
* NMEA baud rate = 9600
** Ship: RVIB N.B. Palmer
** Cruise: NBP2202 Thwaites
** Station: 194
** Operator: A. Robinson
# nquan = 28
# nvalues = 794                         
# units = specified
# name 0 = prDM: Pressure, Digiquartz [db]
# name 1 = depSM: Depth [salt water, m]
# name 2 = t090C: Temperature [ITS-90, deg C]
# name 3 = c0mS/cm: Conductivity [mS/cm]
# name 4 = t190C: Temperature, 2 [ITS-90, deg C]
# name 5 = c1mS/cm: Conductivity, 2 [mS/cm]
# name 6 = sbeox0ML/L: Oxygen, SBE 43 [ml/l]
# name 7 = sbeox1ML/L: Oxygen, SBE 43, 2 [ml/l]
# name 8 = flECO-AFL: Fluorescence, WET Labs ECO-AFL/FL [mg/m^3]
# name 9 = CStarTr0: Beam Transmission, WET Labs C-Star [%]
# name 10 = par: PAR/Irradiance, Biospherical/Licor
# name 11 = latitude: Latitude [deg]
# name 12 = longitude: Longitude [deg]
# name 13 = timeJ: Julian Days
# name 14 = altM: Altimeter [m]
# name 15 = spar: SPAR, Biospherical/Licor
# name 16 = timeS: Time, Elapsed [seconds]
# name 17 = scan: Scan Count
# name 18 = density00: Density [density, kg/m^3]
# name 19 = density11: Density, 2 [density, kg/m^3]
# name 20 = v3: Voltage 3
# name 21 = v4: Voltage 4
# name 22 = v5: Voltage 5
# name 23 = sal00: Salinity, Practical [PSU]
# name 24 = sal11: Salinity, Practical, 2 [PSU]
# name 25 = oxsolML/L: Oxygen Saturation, Garcia & Gordon [ml/l]
# name 26 = nbin: number of scans per bin
# name 27 = flag: flag
# span 0 =      2.000,    795.000       
# span 1 =      1.980,    785.278       
# span 2 =    -1.4803,     0.6387       
# span 3 =  26.942102,  29.631119       
# span 4 =    -1.4806,     0.6411       
# span 5 =  26.943647,  29.631867       
# span 6 =     4.5143,     8.7404       
# span 7 =     4.6273,     8.4615       
# span 8 =    -0.0007,    15.0141       
# span 9 =    83.0324,    97.6292       
# span 10 = -3.916e-06, 1.5319e+02      
# span 11 =  -73.81140,  -73.81138      
# span 12 = -112.76204, -112.76198      
# span 13 =  54.956199,  54.968064      
# span 14 =       1.28,     100.34      
# span 15 = 2.4680e+02, 2.9509e+02      
# span 16 =    228.564,   1253.703      
# span 17 =       5487,      30090      
# span 18 =  1027.1425,  1031.4803      
# span 19 =  1027.1451,  1031.4788      
# span 20 =     3.9402,     4.6314      
# span 21 =     0.0688,     2.4418      
# span 22 =     0.1168,     0.1949      
# span 23 =    33.7192,    34.5885      
# span 24 =    33.7240,    34.5869      
# span 25 =    7.90128,    8.39510      
# span 26 =         23,         52      
# span 27 = 0.0000e+00, 0.0000e+00      
# interval = decibars: 1                
# start_time = Feb 23 2022 22:53:07 [NMEA time, header]
# bad_flag = -9.990e-29
*END*
[from data line 674]
    676.000    667.927     0.3026  29.200567     0.3050  29.201224     4.6538     4.7805     0.0208    97.5797 1.0000e-12  -73.81138 -112.76202  54.965704      99.83 2.5788e+02   1049.846      25197  1030.8556  1030.8541     4.6290     0.0718     0.1261    34.4702    34.4685    7.97685         28 0.0000e+00
    677.000    668.912     0.3028  29.201331     0.3053  29.201948     4.6710     4.7818     0.0143    97.5741 1.0000e-12  -73.81138 -112.76202  54.965718      99.82 2.5738e+02   1050.998      25225  1030.8605  1030.8588     4.6288     0.0710     0.1259    34.4704    34.4685    7.97680         27 0.0000e+00
    678.000    669.899     0.3040  29.203230     0.3063  29.203746     4.6579     4.7846     0.0137    97.5804 1.0000e-12  -73.81138 -112.76202  54.965730      99.84 2.5716e+02   1052.064      25251  1030.8655  1030.8639     4.6290     0.0738     0.1262    34.4710    34.4692    7.97651         24 0.0000e+00
    679.000    670.885     0.3048  29.204677     0.3070  29.205210     4.6543     4.7848     0.0070    97.6005 1.0000e-12  -73.81138 -112.76202  54.965742      99.84 2.5704e+02   1053.089      25275  1030.8705  1030.8689     4.6300     0.0742     0.1230    34.4714    34.4697    7.97633         26 0.0000e+00
    680.000    671.872     0.3076  29.208537     0.3096  29.208791     4.6464     4.7794     0.0074    97.5888 1.0000e-12  -73.81138 -112.76202  54.965754      99.84 2.5566e+02   1054.175      25301  1030.8761  1030.8744     4.6294     0.0718     0.1259    34.4728    34.4709    7.97568         27 0.0000e+00
    681.000    672.859     0.3095  29.211285     0.3118  29.211867     4.6506     4.7800     0.0143    97.5865 1.0000e-12  -73.81138 -112.76202  54.965768      99.83 2.5562e+02   1055.337      25329  1030.8813  1030.8796     4.6294     0.0725     0.1248    34.4737    34.4718    7.97523         27 0.0000e+00
    682.000    673.844     0.3104  29.212718     0.3125  29.213129     4.6675     4.7751     0.0191    97.5885 1.0000e-12  -73.81138 -112.76202  54.965780      99.84 2.5562e+02   1056.431      25355  1030.8861  1030.8846     4.6294     0.0725     0.1282    34.4740    34.4722    7.97502         25 0.0000e+00
    683.000    674.832     0.3120  29.215300     0.3143  29.215932     4.6582     4.7741     0.1196    97.5795 1.0000e-12  -73.81138 -112.76202  54.965792      99.83 2.5562e+02   1057.420      25379  1030.8915  1030.8900     4.6290     0.0751     0.1270    34.4750    34.4733    7.97464         23 0.0000e+00
    684.000    675.817     0.3168  29.221607     0.3191  29.222172     4.6524     4.7744     0.0114    97.6131 1.0000e-12  -73.81138 -112.76202  54.965803      99.84 2.5562e+02   1058.420      25403  1030.8976  1030.8960     4.6306     0.0727     0.1258    34.4773    34.4755    7.97352         26 0.0000e+00
    685.000    676.805     0.3238  29.230308     0.3264  29.231034     4.6565     4.7768     0.0126    97.5879 1.0000e-12  -73.81138 -112.76201  54.965816      99.83 2.5543e+02   1059.522      25430  1030.9040  1030.9023     4.6294     0.0727     0.1245    34.4803    34.4784    7.97190         27 0.0000e+00
    686.000    677.789     0.3298  29.237772     0.3324  29.238538     4.6444     4.7717     0.0211    97.5903 1.0000e-12  -73.81138 -112.76201  54.965830      99.84 2.5490e+02   1060.669      25457  1030.9102  1030.9085     4.6295     0.0720     0.1242    34.4828    34.4809    7.97053         27 0.0000e+00
    687.000    678.777     0.3312  29.239816     0.3337  29.240562     4.6543     4.7689     0.0216    97.6292 1.0000e-12  -73.81138 -112.76201  54.965842      99.84 2.5449e+02   1061.736      25483  1030.9152  1030.9136     4.6314     0.0723     0.1253    34.4833    34.4816    7.97020         25 0.0000e+00
    688.000    679.764     0.3338  29.243217     0.3363  29.243889     4.6479     4.7685     0.0150    97.6023 1.0000e-12  -73.81138 -112.76201  54.965854      99.84 2.5395e+02   1062.754      25507  1030.9205  1030.9188     4.6301     0.0749     0.1247    34.4843    34.4824    7.96961         24 0.0000e+00
    689.000    680.750     0.3396  29.250424     0.3421  29.251024     4.6576     4.7686     0.0263    97.5998 1.0000e-12  -73.81138 -112.76201  54.965866      99.83 2.5385e+02   1063.802      25532  1030.9266  1030.9248     4.6300     0.0744     0.1266    34.4867    34.4847    7.96828         26 0.0000e+00
    690.000    681.736     0.3411  29.252495     0.3435  29.253164     4.6519     4.7651     0.0230    97.5617 1.0000e-12  -73.81138 -112.76201  54.965879      99.84 2.5385e+02   1064.917      25559  1030.9316  1030.9300     4.6282     0.0729     0.1261    34.4872    34.4854    7.96795         27 0.0000e+00
    691.000    682.722     0.3416  29.253531     0.3436  29.253943     4.6466     4.7704     0.0278    97.6181 1.0000e-12  -73.81138 -112.76201  54.965892      99.83 2.5385e+02   1066.030      25586  1030.9365  1030.9349     4.6308     0.0740     0.1238    34.4874    34.4857    7.96783         26 0.0000e+00
    692.000    683.708     0.3443  29.257209     0.3468  29.257995     4.6407     4.7643     0.0106    97.5897 1.0000e-12  -73.81138 -112.76200  54.965904      99.84 2.5336e+02   1067.075      25611  1030.9419  1030.9403     4.6295     0.0741     0.1219    34.4886    34.4868    7.96721         25 0.0000e+00
    693.000    684.695     0.3469  29.260791     0.3493  29.261412     4.6480     4.7653     0.0177    97.5619 1.0000e-12  -73.81138 -112.76202  54.965916      99.84 2.5308e+02   1068.117      25636  1030.9473  1030.9457     4.6282     0.0744     0.1277    34.4897    34.4879    7.96659         25 0.0000e+00
    694.000    685.683     0.3507  29.265647     0.3531  29.266192     4.6463     4.7660     0.0162    97.6006 1.0000e-12  -73.81138 -112.76200  54.965928      99.84 2.5248e+02   1069.203      25662  1030.9529  1030.9512     4.6300     0.0727     0.1259    34.4913    34.4894    7.96573         27 0.0000e+00
    695.000    686.667     0.3552  29.271561     0.3576  29.271902     4.6594     4.7620     0.0253    97.5859 1.0000e-12  -73.81138 -112.76202  54.965941      99.83 2.5263e+02   1070.316      25689  1030.9589  1030.9570     4.6293     0.0744     0.1222    34.4934    34.4912    7.96468         26 0.0000e+00
    696.000    687.654     0.3589  29.276764     0.3618  29.277643     4.6431     4.7636     0.0180    97.5781 1.0000e-12  -73.81138 -112.76200  54.965953      52.20 2.5209e+02   1071.384      25714  1030.9650  1030.9631     4.6289     0.0733     0.1271    34.4955    34.4935    7.96379         25 0.0000e+00
    697.000    688.640     0.3821  29.304925     0.3847  29.305063     4.6438     4.7614     0.0193    97.5978 1.0000e-12  -73.81138 -112.76202  54.965966     100.03 2.5209e+02   1072.421      25739  1030.9756  1030.9732     4.6299     0.0740     0.1229    34.5059    34.5031    7.95844         25 0.0000e+00
    698.000    689.628     0.3949  29.319394     0.3974  29.319865     4.6362     4.7520     0.0358    97.6050 1.0000e-12  -73.81138 -112.76200  54.965978      99.84 2.5209e+02   1073.464      25764  1030.9824  1030.9805     4.6302     0.0744     0.1231    34.5100    34.5078    7.95558         25 0.0000e+00
    699.000    690.613     0.3995  29.324970     0.4019  29.325344     4.6208     4.7523     0.0397    97.6058 1.0000e-12  -73.81138 -112.76202  54.965990      99.83 2.5209e+02   1074.543      25790  1030.9881  1030.9862     4.6302     0.0765     0.1245    34.5115    34.5094    7.95454         26 0.0000e+00
    700.000    691.599     0.4051  29.331659     0.4077  29.332424     4.6281     4.7498     0.0362    97.5825 1.0000e-12  -73.81138 -112.76202  54.966003      99.84 2.5209e+02   1075.637      25816  1030.9939  1030.9921     4.6292     0.0763     0.1358    34.5134    34.5115    7.95328         27 0.0000e+00
    701.000    692.586     0.4130  29.340840     0.4157  29.341429     4.6210     4.7409     0.0368    97.5505 1.0000e-12  -73.81138 -112.76201  54.966015      85.27 2.5209e+02   1076.702      25842  1030.9999  1030.9979     4.6276     0.0732     0.1221    34.5160    34.5138    7.95151         25 0.0000e+00
    702.000    693.573     0.4198  29.348670     0.4241  29.351090     4.6237     4.7375     0.0368    97.5606 1.0000e-12  -73.81138 -112.76200  54.966027      68.94 2.5209e+02   1077.744      25867  1031.0058  1031.0040     4.6281     0.0737     0.1218    34.5181    34.5164    7.95000         25 0.0000e+00
    703.000    694.558     0.4283  29.358117     0.4311  29.359030     4.6186     4.7389     0.0290    97.5553 1.0000e-12  -73.81138 -112.76200  54.966039      98.61 2.5209e+02   1078.800      25892  1031.0115  1031.0099     4.6279     0.0742     0.1227    34.5203    34.5185    7.94812         26 0.0000e+00
    704.000    695.545     0.4289  29.359163     0.4316  29.360120     4.6201     4.7329     0.0253    97.5513 1.0000e-12  -73.81138 -112.76200  54.966052      98.45 2.5209e+02   1079.888      25918  1031.0165  1031.0149     4.6277     0.0756     0.1206    34.5205    34.5187    7.94799         26 0.0000e+00
    705.000    696.531     0.4312  29.362318     0.4334  29.362532     4.6151     4.7312     0.0333    97.5297 1.0000e-12  -73.81138 -112.76200  54.966064      97.36 2.5209e+02   1080.970      25944  1031.0218  1031.0200     4.6267     0.0753     0.1229    34.5214    34.5193    7.94746         26 0.0000e+00
    706.000    697.517     0.4362  29.368318     0.4391  29.369262     4.6087     4.7318     0.0368    97.5397 1.0000e-12  -73.81138 -112.76200  54.966077      96.35 2.5209e+02   1082.023      25970  1031.0275  1031.0257     4.6272     0.0782     0.1272    34.5231    34.5211    7.94634         24 0.0000e+00
    707.000    698.505     0.4373  29.369684     0.4396  29.370159     4.6278     4.7351     0.0337    97.5255 1.0000e-12  -73.81138 -112.76200  54.966089      95.31 2.5209e+02   1083.068      25995  1031.0322  1031.0305     4.6265     0.0755     0.1256    34.5231    34.5212    7.94612         26 0.0000e+00
    708.000    699.491     0.4375  29.370372     0.4399  29.370877     4.6054     4.7337     0.0360    97.5169 1.0000e-12  -73.81138 -112.76200  54.966101      94.29 2.5281e+02   1084.165      26021  1031.0371  1031.0353     4.6261     0.0768     0.1256    34.5233    34.5212    7.94608         27 0.0000e+00
    709.000    700.475     0.4381  29.371362     0.4404  29.371901     4.6140     4.7242     0.0442    97.5131 1.0000e-12  -73.81138 -112.76200  54.966115      93.22 2.5281e+02   1085.297      26048  1031.0418  1031.0402     4.6259     0.0749     0.1241    34.5233    34.5214    7.94594         27 0.0000e+00
    710.000    701.464     0.4424  29.376721     0.4447  29.377022     4.6052     4.7275     0.0383    97.5122 1.0000e-12  -73.81138 -112.76200  54.966127      92.31 2.5293e+02   1086.373      26074  1031.0475  1031.0456     4.6259     0.0748     0.1276    34.5249    34.5227    7.94498         25 0.0000e+00
    711.000    702.448     0.4450  29.379892     0.4472  29.380185     4.6043     4.7259     0.0348    97.5174 1.0000e-12  -73.81138 -112.76200  54.966139      91.32 2.5343e+02   1087.413      26099  1031.0525  1031.0506     4.6261     0.0747     0.1273    34.5256    34.5235    7.94440         25 0.0000e+00
    712.000    703.435     0.4469  29.382356     0.4491  29.382740     4.6094     4.7204     0.0476    97.5190 1.0000e-12  -73.81138 -112.76200  54.966152      90.24 2.5385e+02   1088.509      26125  1031.0575  1031.0558     4.6262     0.0759     0.1250    34.5261    34.5241    7.94399         28 0.0000e+00
    713.000    704.422     0.4483  29.384373     0.4506  29.384919     4.6065     4.7252     0.0786    97.5226 1.0000e-12  -73.81138 -112.76200  54.966165      89.17 2.5385e+02   1089.669      26153  1031.0625  1031.0608     4.6263     0.0768     0.1270    34.5266    34.5247    7.94366         27 0.0000e+00
    714.000    705.408     0.4530  29.390192     0.4552  29.390487     4.6108     4.7204     0.0785    97.5246 1.0000e-12  -73.81138 -112.76200  54.966178      88.21 2.5385e+02   1090.780      26180  1031.0682  1031.0664     4.6265     0.0765     0.1249    34.5283    34.5263    7.94259         26 0.0000e+00
    715.000    706.394     0.4536  29.391182     0.4561  29.391997     4.6098     4.7245     0.0310    97.5177 1.0000e-12  -73.81138 -112.76200  54.966190      87.34 2.5398e+02   1091.840      26205  1031.0730  1031.0713     4.6261     0.0757     0.1273    34.5284    34.5266    7.94248         26 0.0000e+00
    716.000    707.380     0.4557  29.394178     0.4584  29.394896     4.5982     4.7266     0.0348    97.4548 1.0000e-12  -73.81138 -112.76199  54.966203      86.15 2.5405e+02   1092.944      26232  1031.0782  1031.0765     4.6232     0.0730     0.1228    34.5293    34.5274    7.94198         27 0.0000e+00
    717.000    708.366     0.4572  29.396057     0.4592  29.396347     4.6071     4.7266     0.0462    97.4887 1.0000e-12  -73.81138 -112.76200  54.966217      85.15 2.5442e+02   1094.108      26260  1031.0830  1031.0813     4.6247     0.0736     0.1252    34.5296    34.5277    7.94167         28 0.0000e+00
    718.000    709.354     0.4581  29.397463     0.4604  29.398073     4.6255     4.7216     0.0361    97.5020 1.0000e-12  -73.81138 -112.76198  54.966229      84.25 2.5420e+02   1095.214      26286  1031.0879  1031.0863     4.6254     0.0739     0.1258    34.5299    34.5281    7.94147         25 0.0000e+00
    719.000    710.339     0.4590  29.399098     0.4611  29.399240     4.5937     4.7219     0.0407    97.4782 1.0000e-12  -73.81138 -112.76200  54.966241      83.24 2.5549e+02   1096.262      26311  1031.0929  1031.0911     4.6242     0.0749     0.1252    34.5303    34.5283    7.94125         26 0.0000e+00
    720.000    711.326     0.4597  29.400201     0.4617  29.400357     4.6138     4.7206     0.0413    97.4887 1.0000e-12  -73.81138 -112.76198  54.966254      82.24 2.5562e+02   1097.337      26337  1031.0977  1031.0959     4.6248     0.0729     0.1322    34.5305    34.5285    7.94111         26 0.0000e+00
    721.000    712.312     0.4613  29.402373     0.4632  29.402401     4.5988     4.7199     0.0372    97.4587 1.0000e-12  -73.81138 -112.76199  54.966267      81.14 2.5562e+02   1098.503      26365  1031.1027  1031.1009     4.6232     0.0758     0.1251    34.5310    34.5289    7.94076         29 0.0000e+00
    722.000    713.298     0.4644  29.406472     0.4666  29.406878     4.6017     4.7174     0.0367    97.4375 1.0000e-12  -73.81138 -112.76199  54.966281      80.16 2.5562e+02   1099.678      26393  1031.1081  1031.1064     4.6223     0.0742     0.1270    34.5323    34.5303    7.94004         27 0.0000e+00
    723.000    714.285     0.4666  29.409407     0.4686  29.409622     4.6140     4.7215     0.0374    97.4639 1.0000e-12  -73.81138 -112.76199  54.966293      79.18 2.5562e+02   1100.753      26419  1031.1133  1031.1115     4.6236     0.0737     0.1254    34.5331    34.5311    7.93955         25 0.0000e+00
    724.000    715.270     0.4689  29.412599     0.4710  29.412853     4.6041     4.7232     0.0409    97.4679 1.0000e-12  -73.81138 -112.76199  54.966305      78.09 2.5562e+02   1101.781      26444  1031.1185  1031.1168     4.6237     0.0752     0.1264    34.5341    34.5321    7.93901         25 0.0000e+00
    725.000    716.257     0.4693  29.413414     0.4716  29.413914     4.5986     4.7253     0.0446    97.4617 1.0000e-12  -73.81138 -112.76199  54.966318      77.06 2.5562e+02   1102.854      26469  1031.1233  1031.1216     4.6234     0.0742     0.1292    34.5341    34.5323    7.93893         27 0.0000e+00
