ocean_section_plots/required_files/ctd/dnbp2202_ctd206.cnv
* Sea-Bird SBE 9 Data File:
* FileName = D:\Data\raw\NBP2202_CTD206.hex
* Software Version Seasave V 7.26.7.121
* Temperature SN = 1649
* Conductivity SN = 2513
* Number of Bytes Per Scan = 40
* Number of Voltage Words = 5
* Number of Scans Averaged by the Deck Unit = 1
* NMEA Latitude = 73 49.41 S
* NMEA Longitude = 113 56.97 W
* NMEA UTC (Time) = Feb 10 2022  02:34:46
* NMEA baud rate = 9600
** Ship: RVIB N.B. Palmer
** Cruise: NBP2202 Thwaites
** Station: 125
** Operator: A. Robinson
# nquan = 28
# nvalues = 348                         
# units = specified
# name 0 = prDM: Pressure, Digiquartz [db]
# name 1 = depSM: Depth [salt water, m]
# name 2 = t090C: Temperature [ITS-90, deg C]
# name 3 = c0mS/cm: Conductivity [mS/cm]
# name 4 = t190C: Temperature, 2 [ITS-90, deg C]
# name 5 = c1mS/cm: Conductivity, 2 [mS/cm]
# name 6 = sbeox0ML/L: Oxygen, SBE 43 [ml/l]
# name 7 = sbeox1ML/L: Oxygen, SBE 43, 2 [ml/l]
# name 8 = flECO-AFL: Fluorescence, WET Labs ECO-AFL/FL [mg/m^3]
# name 9 = CStarTr0: Beam Transmission, WET Labs C-Star [%]
# name 10 = par: PAR/Irradiance, Biospherical/Licor
# name 11 = latitude: Latitude [deg]
# name 12 = longitude: Longitude [deg]
# name 13 = timeJ: Julian Days
# name 14 = altM: Altimeter [m]
# name 15 = spar: SPAR, Biospherical/Licor
# name 16 = timeS: Time, Elapsed [seconds]
# name 17 = scan: Scan Count
# name 18 = density00: Density [density, kg/m^3]
# name 19 = density11: Density, 2 [density, kg/m^3]
# name 20 = v3: Voltage 3
# name 21 = v4: Voltage 4
# name 22 = v5: Voltage 5
# name 23 = sal00: Salinity, Practical [PSU]
# name 24 = sal11: Salinity, Practical, 2 [PSU]
# name 25 = oxsolML/L: Oxygen Saturation, Garcia & Gordon [ml/l]
# name 26 = nbin: number of scans per bin
# name 27 = flag: flag
# span 0 =      2.000,    349.000       
# span 1 =      1.974,    345.103       
# span 2 =    -1.2538,    -0.5429       
# span 3 =  27.278268,  28.119377       
# span 4 =    -1.2537,    -0.5416       
# span 5 =  27.278365,  28.120073       
# span 6 =     5.0246,     9.0441       
# span 7 =     5.2100,     9.2423       
# span 8 =     0.1209,    20.9121       
# span 9 =    76.3350,    97.5755       
# span 10 = 1.0000e-12, 2.2779e+01      
# span 11 =  -73.82354,  -73.82352      
# span 12 = -113.94960, -113.94958      
# span 13 =  41.110277,  41.115566      
# span 14 =       2.40,      99.98      
# span 15 = 5.8143e+01, 6.5227e+01      
# span 16 =    241.921,    698.938      
# span 17 =       5807,      16776      
# span 18 =  1027.1443,  1029.1329      
# span 19 =  1027.1484,  1029.1316      
# span 20 =     3.6217,     4.6288      
# span 21 =     0.0872,     3.7330      
# span 22 =     0.1213,     0.2736      
# span 23 =    33.7423,    34.1785      
# span 24 =    33.7440,    34.1768      
# span 25 =    8.17202,    8.33820      
# span 26 =         19,         62      
# span 27 = 0.0000e+00, 0.0000e+00      
# interval = decibars: 1                
# start_time = Feb 10 2022 02:34:46 [NMEA time, header]
# bad_flag = -9.990e-29
*END*
[from data line 156]
    158.000    156.307    -1.2208  27.309424    -1.2212  27.309511     6.1169     6.3580     4.8852    91.0022 1.0000e-12  -73.82354 -113.94958  41.112674      97.41 6.0676e+01    449.010      10777  1028.0779  1028.0784     4.3171     0.8767     0.1417    33.9613    33.9619    8.33332         24 0.0000e+00
    159.000    157.297    -1.2217  27.310117    -1.2223  27.310132     6.1065     6.3428     4.5047    91.6605 1.0000e-12  -73.82354 -113.94958  41.112685      99.62 6.0745e+01    450.013      10801  1028.0838  1028.0844     4.3483     0.8800     0.1507    33.9626    33.9633    8.33343         24 0.0000e+00
    160.000    158.285    -1.2225  27.310991    -1.2232  27.311003     6.1026     6.3339     4.2461    91.2789 1.0000e-12  -73.82354 -113.94958  41.112697      99.68 6.1321e+01    451.005      10825  1028.0899  1028.0905     4.3302     0.7301     0.1356    33.9641    33.9649    8.33354         23 0.0000e+00
    161.000    159.275    -1.2228  27.311622    -1.2235  27.311598     6.0912     6.3271     3.7137    90.6923 1.0000e-12  -73.82354 -113.94958  41.112708      99.72 6.0583e+01    452.001      10849  1028.0951  1028.0957     4.3025     0.5825     0.1287    33.9646    33.9654    8.33356         24 0.0000e+00
    162.000    160.264    -1.2234  27.312274    -1.2240  27.312257     6.0874     6.3210     3.7169    90.7870 1.0000e-12  -73.82354 -113.94958  41.112720      99.66 6.1204e+01    452.994      10873  1028.1008  1028.1013     4.3069     0.8169     0.1328    33.9656    33.9663    8.33364         25 0.0000e+00
    163.000    161.252    -1.2241  27.312965    -1.2248  27.313019     6.0794     6.3224     3.9368    91.6013 1.0000e-12  -73.82354 -113.94958  41.112731      99.68 6.1391e+01    453.984      10897  1028.1064  1028.1072     4.3460     0.7323     0.1369    33.9667    33.9676    8.33373         23 0.0000e+00
    164.000    162.240    -1.2250  27.313495    -1.2254  27.313526     6.0711     6.3171     3.7437    92.5055 1.0000e-12  -73.82354 -113.94958  41.112743      99.69 6.0851e+01    454.970      10920  1028.1122  1028.1127     4.3879     0.7329     0.1410    33.9679    33.9684    8.33386         23 0.0000e+00
    165.000    163.229    -1.2255  27.313978    -1.2261  27.314065     6.0662     6.3047     3.3297    91.1327 1.0000e-12  -73.82354 -113.94958  41.112754      99.69 6.1209e+01    455.962      10944  1028.1174  1028.1182     4.3233     0.6940     0.1474    33.9684    33.9693    8.33393         25 0.0000e+00
    166.000    164.220    -1.2260  27.314764    -1.2264  27.314697     6.0317     6.2757     3.6587    91.3935 1.0000e-12  -73.82354 -113.94958  41.112766      99.71 6.1088e+01    456.956      10968  1028.1232  1028.1235     4.3356     0.6099     0.1383    33.9695    33.9699    8.33400         23 0.0000e+00
    167.000    165.207    -1.2276  27.315434    -1.2281  27.315695     6.0059     6.2447     4.2803    91.7509 1.0000e-12  -73.82354 -113.94958  41.112777      99.72 6.0965e+01    457.948      10992  1028.1297  1028.1306     4.3527     0.6032     0.1334    33.9716    33.9726    8.33422         24 0.0000e+00
    168.000    166.196    -1.2296  27.320914    -1.2303  27.320510     5.9846     6.2237     3.5268    92.3156 1.0000e-12  -73.82354 -113.94959  41.112789      99.70 6.0966e+01    458.949      11016  1028.1420  1028.1423     4.3794     0.6796     0.1415    33.9808    33.9810    8.33413         24 0.0000e+00
    169.000    167.186    -1.2269  27.325245    -1.2274  27.325210     5.9680     6.2076     4.0506    91.9206 1.0000e-12  -73.82354 -113.94959  41.112800      99.70 6.0966e+01    459.949      11040  1028.1485  1028.1489     4.3608     0.6947     0.1334    33.9831    33.9835    8.33340         24 0.0000e+00
    170.000    168.174    -1.2254  27.327938    -1.2258  27.327978     5.9650     6.1956     3.1621    92.3226 1.0000e-12  -73.82354 -113.94958  41.112812      91.20 6.0449e+01    460.944      11064  1028.1543  1028.1547     4.3796     0.6701     0.1298    33.9844    33.9849    8.33298         24 0.0000e+00
    171.000    169.163    -1.2230  27.332181    -1.2236  27.332000     5.9641     6.1987     3.5955    92.0209 1.0000e-12  -73.82354 -113.94958  41.112823      96.64 6.1561e+01    461.944      11088  1028.1609  1028.1612     4.3655     0.5268     0.1404    33.9869    33.9872    8.33230         24 0.0000e+00
    172.000    170.151    -1.2243  27.333231    -1.2250  27.333208     5.9663     6.1970     2.8907    92.6384 1.0000e-12  -73.82354 -113.94958  41.112835      99.73 6.1258e+01    462.946      11112  1028.1677  1028.1683     4.3947     0.6504     0.1426    33.9892    33.9899    8.33246         24 0.0000e+00
    173.000    171.142    -1.2331  27.327953    -1.2335  27.327981     5.9567     6.1865     2.9710    93.3034 1.0000e-12  -73.82354 -113.94958  41.112847      99.70 6.0893e+01    463.938      11136  1028.1747  1028.1751     4.4262     0.6794     0.1410    33.9913    33.9918    8.33428         24 0.0000e+00
    174.000    172.129    -1.2299  27.332811    -1.2297  27.333126     5.9605     6.1915     3.1034    92.4714 1.0000e-12  -73.82354 -113.94958  41.112858      99.74 6.0893e+01    464.940      11160  1028.1812  1028.1813     4.3866     0.4548     0.1374    33.9936    33.9938    8.33343         24 0.0000e+00
    175.000    173.119    -1.2260  27.337751    -1.2262  27.337541     5.9634     6.1962     2.6996    91.8823 1.0000e-12  -73.82354 -113.94958  41.112870      99.76 6.1115e+01    465.945      11184  1028.1871  1028.1871     4.3591     0.3647     0.1273    33.9954    33.9954    8.33246         24 0.0000e+00
    176.000    174.108    -1.2304  27.334636    -1.2315  27.334334     5.9690     6.2038     2.4567    92.6643 1.0000e-12  -73.82354 -113.94958  41.112881      99.72 6.0894e+01    466.932      11207  1028.1923  1028.1930     4.3960     0.5600     0.1332    33.9955    33.9963    8.33344         24 0.0000e+00
    177.000    175.096    -1.2343  27.332805    -1.2349  27.332568     5.9775     6.2041     2.1184    93.4657 1.0000e-12  -73.82354 -113.94958  41.112893      99.74 6.0604e+01    467.921      11231  1028.1983  1028.1986     4.4340     0.4530     0.1363    33.9967    33.9971    8.33422         24 0.0000e+00
    178.000    176.084    -1.2343  27.333180    -1.2348  27.333083     5.9753     6.2038     1.8719    94.2556 1.0000e-12  -73.82354 -113.94958  41.112904      99.73 6.0456e+01    468.913      11255  1028.2030  1028.2035     4.4714     0.5313     0.1392    33.9966    33.9972    8.33423         24 0.0000e+00
    179.000    177.075    -1.2339  27.334867    -1.2348  27.334097     5.9702     6.2040     1.9333    94.4588 1.0000e-12  -73.82354 -113.94958  41.112916      99.75 6.0550e+01    469.902      11279  1028.2088  1028.2088     4.4810     0.4199     0.1315    33.9979    33.9979    8.33407         23 0.0000e+00
    180.000    178.062    -1.2288  27.339887    -1.2293  27.339636     5.9759     6.2028     2.6133    93.5379 1.0000e-12  -73.82354 -113.94958  41.112927      99.75 6.0156e+01    470.901      11303  1028.2136  1028.2139     4.4374     0.3977     0.1385    33.9984    33.9987    8.33291         24 0.0000e+00
    181.000    179.053    -1.2287  27.341120    -1.2289  27.341147     5.9738     6.1958     1.9268    94.1487 1.0000e-12  -73.82354 -113.94958  41.112939      99.76 6.0084e+01    471.904      11327  1028.2191  1028.2193     4.4663     0.3543     0.1324    33.9993    33.9996    8.33283         24 0.0000e+00
    182.000    180.040    -1.2279  27.342628    -1.2287  27.342311     5.9917     6.2121     1.9113    94.3684 1.0000e-12  -73.82354 -113.94958  41.112950      99.75 6.0971e+01    472.901      11351  1028.2243  1028.2247     4.4767     0.3824     0.1355    33.9999    34.0003    8.33261         24 0.0000e+00
    183.000    181.029    -1.2310  27.340644    -1.2317  27.340511     6.0189     6.2448     2.0199    94.3048 1.0000e-12  -73.82354 -113.94958  41.112962      99.75 6.0304e+01    473.897      11375  1028.2295  1028.2300     4.4737     0.4305     0.1339    34.0000    34.0007    8.33330         24 0.0000e+00
    184.000    182.017    -1.2400  27.334546    -1.2401  27.334815     6.0336     6.2538     1.9357    95.1337 1.0000e-12  -73.82354 -113.94958  41.112973      99.52 6.0305e+01    474.900      11399  1028.2358  1028.2362     4.5131     0.3932     0.1284    34.0013    34.0018    8.33523         24 0.0000e+00
    185.000    183.007    -1.2538  27.324884    -1.2537  27.325695     6.0220     6.2399     1.7164    95.0298 1.0000e-12  -73.82354 -113.94958  41.112985      99.76 6.0453e+01    475.900      11423  1028.2429  1028.2437     4.5081     0.3616     0.1304    34.0030    34.0041    8.33820         24 0.0000e+00
    186.000    183.995    -1.2513  27.329374    -1.2502  27.330318     6.0109     6.2359     1.5299    94.7578 1.0000e-12  -73.82354 -113.94958  41.112996      99.75 6.0012e+01    476.895      11446  1028.2497  1028.2496     4.4952     0.4100     0.1313    34.0058    34.0058    8.33749         24 0.0000e+00
    187.000    184.985    -1.2416  27.338284    -1.2409  27.339281     5.9952     6.2282     1.5898    93.8469 1.0000e-12  -73.82354 -113.94958  41.113008      99.76 6.1116e+01    477.898      11471  1028.2542  1028.2547     4.4521     0.4037     0.1296    34.0063    34.0070    8.33528         24 0.0000e+00
    188.000    185.974    -1.2414  27.339683    -1.2422  27.339096     5.9603     6.2039     1.9197    94.8709 1.0000e-12  -73.82354 -113.94958  41.113020      99.73 6.0744e+01    478.902      11495  1028.2598  1028.2600     4.5006     0.5087     0.1371    34.0074    34.0075    8.33518         24 0.0000e+00
    189.000    186.961    -1.2368  27.344777    -1.2359  27.345733     5.9432     6.1853     1.5882    95.5393 1.0000e-12  -73.82354 -113.94958  41.113031      99.77 6.0014e+01    479.892      11518  1028.2653  1028.2654     4.5323     0.2818     0.1318    34.0086    34.0088    8.33409         24 0.0000e+00
    190.000    187.950    -1.2194  27.361096    -1.2197  27.360539     5.9163     6.1539     1.0548    95.4626 1.0000e-12  -73.82354 -113.94958  41.113043      99.76 6.1102e+01    480.888      11542  1028.2705  1028.2702     4.5286     0.3607     0.1305    34.0105    34.0101    8.33009         23 0.0000e+00
    191.000    188.939    -1.2123  27.367672    -1.2122  27.367690     5.8910     6.1234     1.3366    94.5135 1.0000e-12  -73.82354 -113.94958  41.113054      99.76 6.0586e+01    481.881      11566  1028.2751  1028.2751     4.4837     0.3018     0.1255    34.0109    34.0108    8.32849         24 0.0000e+00
    192.000    189.926    -1.2103  27.370185    -1.2095  27.371083     5.8644     6.1015     1.6790    95.1773 1.0000e-12  -73.82354 -113.94958  41.113066      99.75 6.0152e+01    482.868      11590  1028.2803  1028.2805     4.5151     0.3882     0.1230    34.0115    34.0118    8.32801         24 0.0000e+00
    193.000    190.917    -1.1897  27.390077    -1.1883  27.391088     5.8304     6.0705     1.7043    95.0303 1.0000e-12  -73.82354 -113.94958  41.113077      99.76 6.1564e+01    483.861      11614  1028.2865  1028.2862     4.5081     0.2926     0.1254    34.0148    34.0146    8.32324         24 0.0000e+00
    194.000    191.905    -1.1844  27.396295    -1.1838  27.396523     5.7783     6.0205     1.7483    95.0747 1.0000e-12  -73.82354 -113.94958  41.113089      99.76 6.1108e+01    484.866      11638  1028.2925  1028.2922     4.5103     0.3241     0.1344    34.0165    34.0163    8.32194         24 0.0000e+00
    195.000    192.894    -1.1681  27.411443    -1.1673  27.412072     5.7457     5.9730     2.7308    95.3954 1.0000e-12  -73.82354 -113.94958  41.113100      99.76 6.0157e+01    485.856      11662  1028.2977  1028.2976     4.5254     0.3385     0.1292    34.0183    34.0182    8.31823         24 0.0000e+00
    196.000    193.883    -1.1482  27.430542    -1.1479  27.430463     5.7554     5.9859     2.7307    94.8905 1.0000e-12  -73.82354 -113.94958  41.113112      99.76 6.0232e+01    486.850      11685  1028.3037  1028.3033     4.5019     0.3496     0.1290    34.0212    34.0207    8.31364         24 0.0000e+00
    197.000    194.871    -1.1519  27.427279    -1.1452  27.433432     5.7734     6.0050     1.8798    95.9298 1.0000e-12  -73.82354 -113.94958  41.113123      47.79 5.9940e+01    487.847      11709  1028.3082  1028.3084     4.5504     0.2509     0.1302    34.0203    34.0211    8.31451         24 0.0000e+00
    198.000    195.861    -1.1678  27.414823    -1.1711  27.411964     5.7885     6.0055     1.9214    95.3093 1.0000e-12  -73.82354 -113.94958  41.113135      97.46 5.9938e+01    488.840      11733  1028.3146  1028.3147     4.5214     0.2775     0.1238    34.0206    34.0205    8.31802         24 0.0000e+00
    199.000    196.850    -1.1735  27.410513    -1.1768  27.407602     5.8195     6.0417     1.4854    94.8097 1.0000e-12  -73.82354 -113.94958  41.113146      99.74 5.9938e+01    489.838      11757  1028.3198  1028.3198     4.4977     0.2788     0.1268    34.0206    34.0204    8.31929         24 0.0000e+00
    200.000    197.838    -1.1772  27.407869    -1.1762  27.408694     5.8508     6.0681     1.2033    95.0950 1.0000e-12  -73.82354 -113.94958  41.113158      99.77 5.9938e+01    490.845      11781  1028.3248  1028.3249     4.5112     0.2690     0.1287    34.0205    34.0206    8.32011         24 0.0000e+00
    201.000    198.826    -1.1988  27.387327    -1.2010  27.386594     5.8933     6.0999     1.1830    95.1030 1.0000e-12  -73.82354 -113.94958  41.113169      99.77 5.9938e+01    491.839      11805  1028.3278  1028.3291     4.5118     0.2280     0.1247    34.0163    34.0178    8.32517         24 0.0000e+00
    202.000    199.815    -1.2187  27.372566    -1.2277  27.364874     5.9306     6.1394     1.7543    95.4690 1.0000e-12  -73.82354 -113.94958  41.113181      99.77 5.9938e+01    492.831      11829  1028.3352  1028.3356     4.5288     0.2417     0.1296    34.0181    34.0177    8.32950         24 0.0000e+00
    203.000    200.804    -1.2186  27.371624    -1.2126  27.377972     5.9353     6.1583     0.9380    95.4618 1.0000e-12  -73.82354 -113.94958  41.113192      99.77 5.9938e+01    493.832      11853  1028.3383  1028.3394     4.5286     0.2572     0.1342    34.0160    34.0179    8.32960         24 0.0000e+00
    204.000    201.794    -1.2527  27.345490    -1.2504  27.346941     5.9173     6.1551     1.0766    95.8854 1.0000e-12  -73.82354 -113.94958  41.113204      99.77 5.9938e+01    494.822      11877  1028.3471  1028.3465     4.5487     0.2481     0.1213    34.0183    34.0177    8.33707         23 0.0000e+00
    205.000    202.780    -1.2272  27.369422    -1.2349  27.361920     5.9081     6.1384     1.1851    96.0239 1.0000e-12  -73.82354 -113.94958  41.113215      99.76 5.9938e+01    495.814      11901  1028.3526  1028.3518     4.5552     0.3594     0.1280    34.0215    34.0199    8.33118         24 0.0000e+00
    206.000    203.771    -1.2220  27.374911    -1.2220  27.374856     5.8871     6.1187     0.9458    96.2870 1.0000e-12  -73.82354 -113.94958  41.113227      99.76 5.9938e+01    496.810      11924  1028.3577  1028.3577     4.5677     0.2942     0.1233    34.0225    34.0225    8.32996         24 0.0000e+00
    207.000    204.759    -1.2095  27.387353    -1.2110  27.385641     5.8612     6.0935     0.8303    95.6884 1.0000e-12  -73.82354 -113.94958  41.113238      99.77 5.9938e+01    497.806      11948  1028.3635  1028.3631     4.5396     0.2837     0.1236    34.0248    34.0242    8.32706         24 0.0000e+00
    208.000    205.746    -1.1974  27.398161    -1.1984  27.397130     5.8386     6.0756     0.8920    96.2354 1.0000e-12  -73.82354 -113.94958  41.113250      99.76 5.9938e+01    498.796      11972  1028.3678  1028.3677     4.5651     0.2545     0.1360    34.0252    34.0250    8.32433         24 0.0000e+00
