ocean_section_plots/required_files/ctd/dnbp2202_ctd031.cnv
* Sea-Bird SBE 9 Data File:
* FileName = D:\Data\raw\NBP2202_CTD031.hex
* Software Version Seasave V 7.26.7.121
* Temperature SN = 1649
* Conductivity SN = 2513
* Number of Bytes Per Scan = 40
* Number of Voltage Words = 5
* Number of Scans Averaged by the Deck Unit = 1
* NMEA Latitude = 74 13.30 S
* NMEA Longitude = 112 00.06 W
* NMEA UTC (Time) = Jan 21 2022  12:49:24
* NMEA baud rate = 9600
** Ship: RVIB N.B. Palmer
** Cruise: NBP2202 Thwaites
** Station: 18
** Operator: B. Bjork
# nquan = 25
# nvalues = 767                         
# units = specified
# name 0 = prDM: Pressure, Digiquartz [db]
# name 1 = depSM: Depth [salt water, m]
# name 2 = t090C: Temperature [ITS-90, deg C]
# name 3 = c0mS/cm: Conductivity [mS/cm]
# name 4 = t190C: Temperature, 2 [ITS-90, deg C]
# name 5 = c1mS/cm: Conductivity, 2 [mS/cm]
# name 6 = sbeox0ML/L: Oxygen, SBE 43 [ml/l]
# name 7 = sbeox1ML/L: Oxygen, SBE 43, 2 [ml/l]
# name 8 = flECO-AFL: Fluorescence, WET Labs ECO-AFL/FL [mg/m^3]
# name 9 = CStarTr0: Beam Transmission, WET Labs C-Star [%]
# name 10 = par: PAR/Irradiance, Biospherical/Licor
# name 11 = latitude: Latitude [deg]
# name 12 = longitude: Longitude [deg]
# name 13 = timeJ: Julian Days
# name 14 = altM: Altimeter [m]
# name 15 = spar: SPAR, Biospherical/Licor
# name 16 = timeS: Time, Elapsed [seconds]
# name 17 = scan: Scan Count
# name 18 = density00: Density [density, kg/m^3]
# name 19 = density11: Density, 2 [density, kg/m^3]
# name 20 = sal00: Salinity, Practical [PSU]
# name 21 = sal11: Salinity, Practical, 2 [PSU]
# name 22 = oxsolML/L: Oxygen Saturation, Garcia & Gordon [ml/l]
# name 23 = nbin: number of scans per bin
# name 24 = flag: flag
# span 0 =      2.000,    768.000       
# span 1 =      1.983,    758.645       
# span 2 =    -1.5209,     0.3441       
# span 3 =  27.088564,  29.300054       
# span 4 =    -1.5201,     0.3463       
# span 5 =  27.088201,  29.299807       
# span 6 =     4.6594,     7.8993       
# span 7 =     4.8899,     8.2569       
# span 8 =    -0.0216,    16.2521       
# span 9 =    77.9180,    97.2916       
# span 10 = -2.027e-05, 9.4072e+01      
# span 11 =  -74.22174,  -74.22172      
# span 12 = -112.00104, -112.00102      
# span 13 =  21.536644,  21.549319      
# span 14 =       7.81,      99.97      
# span 15 = 1.4639e+03, 1.5220e+03      
# span 16 =    202.059,   1297.194      
# span 17 =       4850,      31134      
# span 18 =  1027.1892,  1031.3089      
# span 19 =  1027.1925,  1031.3063      
# span 20 =    33.7900,    34.5020      
# span 21 =    33.7932,    34.4993      
# span 22 =    7.96650,    8.39965      
# span 23 =         26,         57      
# span 24 = 0.0000e+00, 0.0000e+00      
# interval = decibars: 1                
# start_time = Jan 21 2022 12:49:24 [NMEA time, header]
# bad_flag = -9.990e-29
*END*
[from data line 174]
    176.000    174.104    -1.4282  27.144520    -1.4288  27.143209     6.3145     6.6355     0.4677    96.5444 1.0000e-12  -74.22174 -112.00104  21.540480      99.84 1.4834e+03    533.430      12803  1028.1709  1028.1699    33.9589    33.9577    8.37991         28 0.0000e+00
    177.000    175.093    -1.4373  27.137361    -1.4386  27.135535     6.3134     6.6435     0.4323    96.3127 1.0000e-12  -74.22174 -112.00104  21.540493      99.85 1.4841e+03    534.633      12832  1028.1760  1028.1752    33.9587    33.9577    8.38197         29 0.0000e+00
    178.000    176.081    -1.4372  27.138068    -1.4376  27.136807     6.3116     6.6381     0.4863    95.7743 1.0000e-12  -74.22174 -112.00104  21.540508      99.83 1.4831e+03    535.848      12861  1028.1808  1028.1798    33.9589    33.9577    8.38192         29 0.0000e+00
    179.000    177.070    -1.4370  27.138599    -1.4357  27.138844     6.3253     6.6502     0.6081    96.1245 1.0000e-12  -74.22174 -112.00104  21.540522      99.84 1.4824e+03    537.059      12890  1028.1853  1028.1844    33.9588    33.9577    8.38189         30 0.0000e+00
    180.000    178.059    -1.4388  27.137458    -1.4374  27.137931     6.3362     6.6789     0.7988    95.7443 1.0000e-12  -74.22174 -112.00104  21.540536      99.84 1.4833e+03    538.269      12919  1028.1900  1028.1891    33.9587    33.9577    8.38231         29 0.0000e+00
    181.000    179.048    -1.4430  27.134904    -1.4444  27.132898     6.3695     6.7223     0.5250    95.5953 1.0000e-12  -74.22174 -112.00104  21.540549      99.84 1.4837e+03    539.478      12948  1028.1955  1028.1946    33.9593    33.9581    8.38321         28 0.0000e+00
    182.000    180.037    -1.4490  27.130038    -1.4521  27.127237     6.4119     6.7519     0.7220    95.8136 1.0000e-12  -74.22174 -112.00104  21.540563      99.85 1.4843e+03    540.677      12977  1028.2002  1028.2000    33.9589    33.9584    8.38460         29 0.0000e+00
    183.000    181.025    -1.4599  27.122209    -1.4599  27.121274     6.4270     6.7656     0.6122    95.8126 1.0000e-12  -74.22174 -112.00104  21.540577      99.84 1.4848e+03    541.867      13006  1028.2063  1028.2052    33.9598    33.9585    8.38699         29 0.0000e+00
    184.000    182.014    -1.4620  27.121013    -1.4609  27.121140     6.4483     6.7928     0.7868    95.8397 1.0000e-12  -74.22174 -112.00104  21.540591      99.83 1.4839e+03    543.062      13034  1028.2112  1028.2102    33.9599    33.9588    8.38746         28 0.0000e+00
    185.000    183.004    -1.4684  27.116635    -1.4678  27.116345     6.4729     6.8156     0.8449    95.5324 1.0000e-12  -74.22174 -112.00104  21.540605      96.17 1.4842e+03    544.245      13063  1028.2168  1028.2159    33.9605    33.9595    8.38886         29 0.0000e+00
    186.000    183.991    -1.4901  27.102324    -1.4903  27.102036     6.4799     6.8261     0.7932    95.6615 1.0000e-12  -74.22174 -112.00104  21.540619      97.40 1.4845e+03    545.449      13092  1028.2263  1028.2262    33.9649    33.9647    8.39350         29 0.0000e+00
    187.000    184.981    -1.4993  27.097046    -1.4986  27.096690     6.4847     6.8300     0.8112    95.3999 1.0000e-12  -74.22174 -112.00104  21.540633      99.83 1.4848e+03    546.681      13121  1028.2334  1028.2325    33.9673    33.9661    8.39541         30 0.0000e+00
    188.000    185.969    -1.5033  27.094769    -1.5030  27.094459     6.4955     6.8377     0.5716    95.4332 1.0000e-12  -74.22174 -112.00104  21.540647      99.83 1.4860e+03    547.908      13151  1028.2389  1028.2383    33.9681    33.9674    8.39627         29 0.0000e+00
    189.000    186.959    -1.5120  27.089057    -1.5110  27.089236     6.5066     6.8481     0.5941    95.5315 1.0000e-12  -74.22174 -112.00104  21.540661      99.85 1.4854e+03    549.119      13180  1028.2452  1028.2445    33.9696    33.9687    8.39816         29 0.0000e+00
    190.000    187.946    -1.5136  27.088564    -1.5131  27.088201     6.5013     6.8483     0.5546    95.5086 1.0000e-12  -74.22174 -112.00104  21.540675      99.84 1.4857e+03    550.319      13209  1028.2503  1028.2495    33.9700    33.9690    8.39848         28 0.0000e+00
    191.000    188.935    -1.5136  27.089160    -1.5130  27.088751     6.4931     6.8456     0.5348    95.8699 1.0000e-12  -74.22174 -112.00103  21.540689      99.84 1.4860e+03    551.508      13237  1028.2551  1028.2541    33.9702    33.9690    8.39847         29 0.0000e+00
    192.000    189.924    -1.5126  27.090464    -1.5120  27.090109     6.4886     6.8373     0.5173    95.4074 1.0000e-12  -74.22174 -112.00103  21.540703      99.84 1.4848e+03    552.700      13266  1028.2597  1028.2588    33.9703    33.9691    8.39824         29 0.0000e+00
    193.000    190.913    -1.5122  27.091373    -1.5113  27.091231     6.4896     6.8385     0.4497    95.6268 1.0000e-12  -74.22174 -112.00103  21.540716      99.84 1.4844e+03    553.896      13295  1028.2646  1028.2635    33.9705    33.9692    8.39815         29 0.0000e+00
    194.000    191.902    -1.5119  27.092121    -1.5112  27.091825     6.4779     6.8302     0.5405    95.7460 1.0000e-12  -74.22174 -112.00104  21.540730      99.85 1.4853e+03    555.095      13323  1028.2693  1028.2683    33.9706    33.9693    8.39808         28 0.0000e+00
    195.000    192.890    -1.5109  27.093671    -1.5101  27.093433     6.4779     6.8315     0.5707    96.0049 1.0000e-12  -74.22174 -112.00102  21.540744      99.84 1.4841e+03    556.269      13351  1028.2743  1028.2732    33.9709    33.9697    8.39783         28 0.0000e+00
    196.000    193.880    -1.5113  27.094102    -1.5106  27.093875     6.4737     6.8252     0.7018    95.8400 1.0000e-12  -74.22174 -112.00104  21.540757      99.74 1.4842e+03    557.446      13380  1028.2793  1028.2784    33.9713    33.9702    8.39789         29 0.0000e+00
    197.000    194.867    -1.5123  27.094141    -1.5117  27.093797     6.4641     6.8170     0.5336    95.6994 1.0000e-12  -74.22174 -112.00103  21.540771      99.71 1.4844e+03    558.648      13409  1028.2846  1028.2836    33.9719    33.9707    8.39808         29 0.0000e+00
    198.000    195.857    -1.5131  27.094673    -1.5120  27.094663     6.4459     6.8014     0.6841    95.8735 1.0000e-12  -74.22174 -112.00103  21.540785      99.84 1.4848e+03    559.859      13438  1028.2902  1028.2891    33.9729    33.9717    8.39820         28 0.0000e+00
    199.000    196.846    -1.5117  27.096771    -1.5108  27.096572     6.4355     6.7897     0.6762    95.8904 1.0000e-12  -74.22174 -112.00103  21.540800      99.84 1.4853e+03    561.077      13467  1028.2954  1028.2944    33.9736    33.9724    8.39784         30 0.0000e+00
    200.000    197.833    -1.5106  27.098615    -1.5099  27.098275     6.4356     6.7871     0.3809    95.7807 1.0000e-12  -74.22174 -112.00102  21.540814      99.84 1.4856e+03    562.290      13496  1028.3006  1028.2996    33.9743    33.9730    8.39756         29 0.0000e+00
    201.000    198.822    -1.5107  27.099037    -1.5100  27.098646     6.4333     6.7923     0.4083    95.6917 1.0000e-12  -74.22174 -112.00102  21.540827      99.84 1.4856e+03    563.479      13524  1028.3055  1028.3044    33.9744    33.9730    8.39758         28 0.0000e+00
    202.000    199.811    -1.5115  27.099068    -1.5108  27.098597     6.4356     6.7948     0.3426    95.8061 1.0000e-12  -74.22174 -112.00103  21.540841      99.81 1.4853e+03    564.673      13553  1028.3106  1028.3095    33.9747    33.9733    8.39774         29 0.0000e+00
    203.000    200.801    -1.5125  27.098761    -1.5120  27.098231     6.4459     6.7936     0.4242    95.8723 1.0000e-12  -74.22174 -112.00104  21.540855      99.83 1.4862e+03    565.879      13582  1028.3155  1028.3145    33.9747    33.9735    8.39795         29 0.0000e+00
    204.000    201.788    -1.5160  27.096537    -1.5156  27.096166     6.4395     6.8010     0.6035    95.9589 1.0000e-12  -74.22174 -112.00104  21.540869      99.84 1.4845e+03    567.069      13611  1028.3208  1028.3200    33.9751    33.9741    8.39874         29 0.0000e+00
    205.000    202.777    -1.5200  27.094432    -1.5194  27.094074     6.4368     6.7940     0.5225    95.9986 1.0000e-12  -74.22174 -112.00104  21.540883      99.84 1.4846e+03    568.265      13639  1028.3266  1028.3256    33.9761    33.9749    8.39958         28 0.0000e+00
    206.000    203.767    -1.5209  27.095674    -1.5201  27.095357     6.4233     6.7756     0.5355    96.2416 1.0000e-12  -74.22174 -112.00104  21.540897      77.50 1.4846e+03    569.468      13668  1028.3331  1028.3320    33.9782    33.9769    8.39965         29 0.0000e+00
    207.000    204.754    -1.5190  27.098108    -1.5184  27.097650     6.3953     6.7524     0.5226    96.1705 1.0000e-12  -74.22174 -112.00104  21.540910      92.14 1.4854e+03    570.665      13697  1028.3382  1028.3371    33.9788    33.9775    8.39919         29 0.0000e+00
    208.000    205.743    -1.5119  27.105706    -1.5107  27.105565     6.3680     6.7272     0.9029    96.2731 1.0000e-12  -74.22174 -112.00104  21.540924      99.74 1.4858e+03    571.860      13726  1028.3440  1028.3426    33.9805    33.9790    8.39748         29 0.0000e+00
    209.000    206.733    -1.5071  27.111097    -1.5059  27.110975     6.3445     6.7001     0.4913    96.0863 1.0000e-12  -74.22174 -112.00104  21.540938      99.84 1.4850e+03    573.076      13755  1028.3495  1028.3483    33.9819    33.9803    8.39631         29 0.0000e+00
    210.000    207.720    -1.5008  27.118182    -1.4996  27.117897     6.3314     6.6824     0.4910    96.0241 1.0000e-12  -74.22174 -112.00104  21.540952      99.84 1.4861e+03    574.281      13784  1028.3556  1028.3542    33.9839    33.9821    8.39478         28 0.0000e+00
    211.000    208.708    -1.4975  27.122527    -1.4973  27.121721     6.3354     6.6899     0.3396    96.0833 1.0000e-12  -74.22174 -112.00104  21.540966      99.83 1.4832e+03    575.473      13812  1028.3615  1028.3605    33.9855    33.9842    8.39393         27 0.0000e+00
    212.000    209.698    -1.5002  27.120838    -1.4997  27.120419     6.3334     6.6869     0.3320    96.1860 1.0000e-12  -74.22174 -112.00104  21.540980      99.85 1.4852e+03    576.673      13841  1028.3667  1028.3657    33.9856    33.9845    8.39453         29 0.0000e+00
    213.000    210.687    -1.5024  27.119883    -1.5013  27.119661     6.3181     6.6644     0.3594    96.0944 1.0000e-12  -74.22174 -112.00104  21.540994      99.84 1.4853e+03    577.868      13870  1028.3721  1028.3708    33.9862    33.9847    8.39499         28 0.0000e+00
    214.000    211.675    -1.4945  27.127758    -1.4935  27.127230     6.3021     6.6425     0.3259    96.1999 1.0000e-12  -74.22174 -112.00104  21.541008      99.84 1.4854e+03    579.054      13898  1028.3774  1028.3758    33.9874    33.9856    8.39314         29 0.0000e+00
    215.000    212.664    -1.4903  27.131960    -1.4889  27.131962     6.2866     6.6487     0.2853    95.8868 1.0000e-12  -74.22174 -112.00104  21.541022      99.84 1.4861e+03    580.259      13927  1028.3823  1028.3810    33.9878    33.9863    8.39216         29 0.0000e+00
    216.000    213.653    -1.4883  27.134109    -1.4882  27.133026     6.2779     6.6303     0.3425    96.2803 1.0000e-12  -74.22174 -112.00104  21.541036      99.84 1.4861e+03    581.472      13956  1028.3871  1028.3859    33.9879    33.9863    8.39171         29 0.0000e+00
    217.000    214.641    -1.4850  27.137500    -1.4847  27.136457     6.2571     6.6049     0.3664    96.1129 1.0000e-12  -74.22174 -112.00104  21.541050      99.85 1.4861e+03    582.678      13985  1028.3920  1028.3905    33.9882    33.9864    8.39095         29 0.0000e+00
    218.000    215.629    -1.4776  27.144555    -1.4774  27.143520     6.2406     6.5904     0.3261    96.4212 1.0000e-12  -74.22174 -112.00104  21.541063      97.11 1.4841e+03    583.880      14014  1028.3970  1028.3956    33.9889    33.9872    8.38925         29 0.0000e+00
    219.000    216.619    -1.4727  27.151174    -1.4719  27.150629     6.2467     6.5861     0.4392    96.2641 1.0000e-12  -74.22174 -112.00104  21.541077      99.35 1.4852e+03    585.060      14042  1028.4039  1028.4025    33.9918    33.9902    8.38797         28 0.0000e+00
    220.000    217.607    -1.4754  27.150845    -1.4748  27.150366     6.2517     6.5894     0.3649    96.3031 1.0000e-12  -74.22174 -112.00104  21.541091      99.84 1.4846e+03    586.225      14070  1028.4106  1028.4094    33.9939    33.9925    8.38846         28 0.0000e+00
    221.000    218.595    -1.4773  27.150812    -1.4767  27.150159     6.2457     6.5890     0.2173    96.2708 1.0000e-12  -74.22174 -112.00104  21.541104      99.85 1.4841e+03    587.404      14099  1028.4167  1028.4154    33.9953    33.9937    8.38879         28 0.0000e+00
    222.000    219.584    -1.4763  27.152264    -1.4756  27.151735     6.2506     6.5913     0.3760    96.4918 1.0000e-12  -74.22174 -112.00104  21.541118      99.84 1.4852e+03    588.599      14127  1028.4217  1028.4204    33.9956    33.9940    8.38856         30 0.0000e+00
    223.000    220.573    -1.4759  27.153188    -1.4752  27.152735     6.2537     6.5861     0.3549    96.3689 1.0000e-12  -74.22174 -112.00104  21.541132      99.84 1.4844e+03    589.800      14156  1028.4267  1028.4255    33.9958    33.9943    8.38845         28 0.0000e+00
    224.000    221.561    -1.4773  27.152833    -1.4766  27.152361     6.2538     6.5942     0.1917    96.3622 1.0000e-12  -74.22174 -112.00104  21.541146      99.84 1.4842e+03    591.014      14185  1028.4320  1028.4308    33.9962    33.9947    8.38874         29 0.0000e+00
    225.000    222.550    -1.4786  27.152348    -1.4780  27.151846     6.2542     6.5900     0.2059    96.2539 1.0000e-12  -74.22174 -112.00104  21.541160      99.85 1.4856e+03    592.228      14214  1028.4370  1028.4359    33.9964    33.9950    8.38901         29 0.0000e+00
    226.000    223.537    -1.4801  27.151868    -1.4795  27.151366     6.2539     6.5929     0.1429    96.5027 1.0000e-12  -74.22174 -112.00104  21.541174      99.84 1.4847e+03    593.435      14243  1028.4423  1028.4412    33.9968    33.9955    8.38933         29 0.0000e+00
    227.000    224.526    -1.4805  27.152023    -1.4797  27.151693     6.2618     6.5988     0.1606    96.6707 1.0000e-12  -74.22174 -112.00104  21.541188      99.85 1.4849e+03    594.634      14272  1028.4472  1028.4460    33.9969    33.9955    8.38943         29 0.0000e+00
    228.000    225.516    -1.4812  27.152242    -1.4804  27.151873     6.2596     6.5990     0.1777    96.5568 1.0000e-12  -74.22174 -112.00103  21.541202      99.84 1.4854e+03    595.832      14301  1028.4524  1028.4512    33.9973    33.9959    8.38954         29 0.0000e+00
    229.000    226.504    -1.4812  27.152994    -1.4803  27.152608     6.2592     6.5978     0.2384    96.5108 1.0000e-12  -74.22174 -112.00103  21.541216      88.48 1.4863e+03    597.034      14330  1028.4575  1028.4562    33.9978    33.9962    8.38953         29 0.0000e+00
    230.000    227.493    -1.4799  27.154925    -1.4790  27.154490     6.2546     6.5960     0.1665    96.5958 1.0000e-12  -74.22174 -112.00102  21.541230      96.98 1.4863e+03    598.251      14359  1028.4627  1028.4613    33.9983    33.9967    8.38920         29 0.0000e+00
    231.000    228.482    -1.4782  27.157072    -1.4772  27.156743     6.2517     6.5842     0.1623    96.7425 1.0000e-12  -74.22174 -112.00103  21.541244      99.84 1.4878e+03    599.479      14388  1028.4677  1028.4664    33.9987    33.9971    8.38879         30 0.0000e+00
    232.000    229.469    -1.4772  27.158665    -1.4765  27.158136     6.2532     6.5804     0.1935    96.7049 1.0000e-12  -74.22174 -112.00103  21.541258      99.85 1.4879e+03    600.697      14418  1028.4729  1028.4715    33.9992    33.9976    8.38855         28 0.0000e+00
