ocean_section_plots/required_files/ctd/dnbp2202_ctd204.cnv
* Sea-Bird SBE 9 Data File:
* FileName = D:\Data\raw\NBP2202_CTD204.hex
* Software Version Seasave V 7.26.7.121
* Temperature SN = 1649
* Conductivity SN = 2513
* Number of Bytes Per Scan = 40
* Number of Voltage Words = 5
* Number of Scans Averaged by the Deck Unit = 1
* NMEA Latitude = 73 58.93 S
* NMEA Longitude = 113 48.44 W
* NMEA UTC (Time) = Feb 09 2022  13:20:43
* NMEA baud rate = 9600
** Ship: RVIB N.B. Palmer
** Cruise: NBP2202 Thwaites
** Station: 123
** Operator: B. Bjork
# nquan = 28
# nvalues = 803                         
# units = specified
# name 0 = prDM: Pressure, Digiquartz [db]
# name 1 = depSM: Depth [salt water, m]
# name 2 = t090C: Temperature [ITS-90, deg C]
# name 3 = c0mS/cm: Conductivity [mS/cm]
# name 4 = t190C: Temperature, 2 [ITS-90, deg C]
# name 5 = c1mS/cm: Conductivity, 2 [mS/cm]
# name 6 = sbeox0ML/L: Oxygen, SBE 43 [ml/l]
# name 7 = sbeox1ML/L: Oxygen, SBE 43, 2 [ml/l]
# name 8 = flECO-AFL: Fluorescence, WET Labs ECO-AFL/FL [mg/m^3]
# name 9 = CStarTr0: Beam Transmission, WET Labs C-Star [%]
# name 10 = par: PAR/Irradiance, Biospherical/Licor
# name 11 = latitude: Latitude [deg]
# name 12 = longitude: Longitude [deg]
# name 13 = timeJ: Julian Days
# name 14 = altM: Altimeter [m]
# name 15 = spar: SPAR, Biospherical/Licor
# name 16 = timeS: Time, Elapsed [seconds]
# name 17 = scan: Scan Count
# name 18 = density00: Density [density, kg/m^3]
# name 19 = density11: Density, 2 [density, kg/m^3]
# name 20 = v3: Voltage 3
# name 21 = v4: Voltage 4
# name 22 = v5: Voltage 5
# name 23 = sal00: Salinity, Practical [PSU]
# name 24 = sal11: Salinity, Practical, 2 [PSU]
# name 25 = oxsolML/L: Oxygen Saturation, Garcia & Gordon [ml/l]
# name 26 = nbin: number of scans per bin
# name 27 = flag: flag
# span 0 =      1.000,    803.000       
# span 1 =      0.988,    793.162       
# span 2 =    -1.3593,    -0.2674       
# span 3 =  27.206687,  28.618440       
# span 4 =    -1.3584,    -0.2655       
# span 5 =  27.206723,  28.618719       
# span 6 =     4.9037,     8.6873       
# span 7 =     5.0408,     8.9019       
# span 8 =    -0.0099,    19.7419       
# span 9 =    76.8802,    98.1404       
# span 10 = 1.0000e-12, 1.0175e+02      
# span 11 =  -73.98219,  -73.98218      
# span 12 = -113.80743, -113.80740      
# span 13 =  40.558945,  40.569667      
# span 14 =       4.24,     100.29      
# span 15 = 9.9238e+01, 1.2300e+02      
# span 16 =    249.871,   1176.185      
# span 17 =       5998,      28229      
# span 18 =  1027.1754,  1031.3509      
# span 19 =  1027.1749,  1031.3492      
# span 20 =     3.6475,     4.6556      
# span 21 =     0.0655,     2.9998      
# span 22 =     0.1210,     0.2537      
# span 23 =    33.7904,    34.2908      
# span 24 =    33.7896,    34.2889      
# span 25 =    8.10660,    8.36470      
# span 26 =          7,         48      
# span 27 = 0.0000e+00, 0.0000e+00      
# interval = decibars: 1                
# start_time = Feb 09 2022 13:20:43 [NMEA time, header]
# bad_flag = -9.990e-29
*END*
[from data line 415]
    416.000    411.284    -0.4682  28.245634    -0.4667  28.245341     5.0295     5.1815     0.0813    97.7410 1.0000e-12  -73.98218 -113.80740  40.564415      97.37 1.1680e+02    722.491      17341  1029.4817  1029.4799     4.6367     0.0838     0.1231    34.2223    34.2202    8.15343         24 0.0000e+00
    417.000    412.273    -0.4663  28.248267    -0.4646  28.248094     5.0329     5.1856     0.0860    97.9114 1.0000e-12  -73.98218 -113.80740  40.564427      99.92 1.1291e+02    723.476      17364  1029.4870  1029.4852     4.6448     0.0871     0.1642    34.2231    34.2210    8.15298         24 0.0000e+00
    418.000    413.259    -0.4651  28.249902    -0.4632  28.249922     5.0296     5.1895     0.0823    97.9205 1.0000e-12  -73.98218 -113.80740  40.564438      99.93 1.1524e+02    724.474      17388  1029.4919  1029.4901     4.6453     0.0873     0.1291    34.2233    34.2213    8.15270         24 0.0000e+00
    419.000    414.248    -0.4653  28.250378    -0.4635  28.250201     5.0305     5.1897     0.0891    97.9345 1.0000e-12  -73.98218 -113.80740  40.564450      99.93 1.1643e+02    725.463      17412  1029.4968  1029.4950     4.6458     0.0846     0.1259    34.2235    34.2213    8.15273         23 0.0000e+00
    420.000    415.236    -0.4652  28.251036    -0.4635  28.250892     5.0327     5.1892     0.0812    97.9400 1.0000e-12  -73.98218 -113.80740  40.564461      99.93 1.1313e+02    726.455      17436  1029.5018  1029.5001     4.6461     0.0818     0.1235    34.2237    34.2217    8.15270         24 0.0000e+00
    421.000    416.223    -0.4626  28.254382    -0.4608  28.254232     5.0315     5.1864     0.0882    97.9060 1.0000e-12  -73.98218 -113.80740  40.564473      99.93 1.1521e+02    727.457      17460  1029.5072  1029.5053     4.6445     0.0820     0.1226    34.2247    34.2225    8.15209         24 0.0000e+00
    422.000    417.210    -0.4617  28.255805    -0.4600  28.255577     5.0322     5.1811     0.1271    97.8947 1.0000e-12  -73.98218 -113.80740  40.564484      99.93 1.1674e+02    728.451      17484  1029.5121  1029.5103     4.6439     0.0811     0.1245    34.2250    34.2228    8.15187         24 0.0000e+00
    423.000    418.199    -0.4608  28.257306    -0.4592  28.257172     5.0269     5.1856     0.1199    97.9012 1.0000e-12  -73.98218 -113.80740  40.564496      99.93 1.1313e+02    729.433      17507  1029.5172  1029.5154     4.6442     0.0814     0.1235    34.2254    34.2234    8.15167         24 0.0000e+00
    424.000    419.187    -0.4603  28.258544    -0.4586  28.258365     5.0324     5.1838     0.0669    97.9299 1.0000e-12  -73.98218 -113.80740  40.564507      99.93 1.1472e+02    730.428      17531  1029.5222  1029.5205     4.6457     0.0817     0.1248    34.2259    34.2238    8.15152         24 0.0000e+00
    425.000    420.173    -0.4585  28.261194    -0.4569  28.260839     5.0286     5.1829     0.0664    97.9249 1.0000e-12  -73.98218 -113.80740  40.564519      99.93 1.1715e+02    731.434      17555  1029.5276  1029.5257     4.6454     0.0809     0.1259    34.2268    34.2246    8.15109         24 0.0000e+00
    426.000    421.162    -0.4557  28.264640    -0.4541  28.264244     5.0211     5.1786     0.0734    97.8931 1.0000e-12  -73.98218 -113.80740  40.564530      99.92 1.1397e+02    732.424      17579  1029.5329  1029.5310     4.6439     0.0862     0.1254    34.2277    34.2254    8.15044         24 0.0000e+00
    427.000    422.148    -0.4546  28.265912    -0.4529  28.265815     5.0221     5.1731     0.0683    97.8080 1.0000e-12  -73.98218 -113.80740  40.564542      91.23 1.1436e+02    733.424      17603  1029.5375  1029.5357     4.6399     0.0782     0.1272    34.2276    34.2255    8.15021         24 0.0000e+00
    428.000    423.137    -0.4533  28.267919    -0.4517  28.267736     5.0164     5.1766     0.1121    97.9727 1.0000e-12  -73.98218 -113.80740  40.564553      95.03 1.1668e+02    734.422      17627  1029.5426  1029.5409     4.6477     0.0793     0.1277    34.2282    34.2261    8.14990         24 0.0000e+00
    429.000    424.125    -0.4525  28.269144    -0.4507  28.269161     5.0169     5.1805     0.0890    97.9547 1.0000e-12  -73.98218 -113.80740  40.564565      99.28 1.1407e+02    735.410      17651  1029.5475  1029.5458     4.6468     0.0798     0.1263    34.2284    34.2264    8.14972         23 0.0000e+00
    430.000    425.111    -0.4512  28.270896    -0.4500  28.270119     5.0158     5.1767     0.0771    97.9248 1.0000e-12  -73.98218 -113.80740  40.564576      99.93 1.1392e+02    736.397      17675  1029.5524  1029.5504     4.6454     0.0848     0.1294    34.2287    34.2263    8.14942         24 0.0000e+00
    431.000    426.098    -0.4460  28.276588    -0.4451  28.275507     5.0094     5.1720     0.0802    97.9527 1.0000e-12  -73.98218 -113.80740  40.564588      99.93 1.1664e+02    737.394      17698  1029.5576  1029.5557     4.6467     0.0857     0.1253    34.2298    34.2274    8.14824         24 0.0000e+00
    432.000    427.089    -0.4405  28.282295    -0.4388  28.282118     5.0100     5.1652     0.0856    97.9242 1.0000e-12  -73.98218 -113.80740  40.564599      99.93 1.1360e+02    738.382      17722  1029.5627  1029.5608     4.6454     0.0822     0.1226    34.2307    34.2285    8.14701         24 0.0000e+00
    433.000    428.074    -0.4359  28.287318    -0.4343  28.286925     4.9977     5.1603     0.0907    97.9175 1.0000e-12  -73.98218 -113.80740  40.564611      99.93 1.1377e+02    739.377      17746  1029.5679  1029.5658     4.6450     0.0799     0.1242    34.2316    34.2293    8.14597         24 0.0000e+00
    434.000    429.062    -0.4256  28.297718    -0.4236  28.297722     4.9954     5.1551     0.0776    97.9132 1.0000e-12  -73.98218 -113.80740  40.564622      99.93 1.1712e+02    740.377      17770  1029.5732  1029.5712     4.6449     0.0835     0.1281    34.2334    34.2310    8.14366         23 0.0000e+00
    435.000    430.051    -0.4181  28.305729    -0.4164  28.305463     4.9937     5.1481     0.0583    97.9065 1.0000e-12  -73.98218 -113.80740  40.564634      99.93 1.1478e+02    741.366      17794  1029.5787  1029.5768     4.6445     0.0795     0.1256    34.2350    34.2328    8.14195         24 0.0000e+00
    436.000    431.037    -0.4130  28.311818    -0.4113  28.311509     4.9847     5.1432     0.0677    97.9249 1.0000e-12  -73.98218 -113.80740  40.564645      99.93 1.1348e+02    742.358      17818  1029.5845  1029.5826     4.6454     0.0823     0.1261    34.2368    34.2345    8.14075         24 0.0000e+00
    437.000    432.025    -0.4081  28.317206    -0.4064  28.316943     4.9832     5.1430     0.0588    97.9184 1.0000e-12  -73.98218 -113.80740  40.564657      99.93 1.1686e+02    743.352      17841  1029.5899  1029.5880     4.6451     0.0823     0.1271    34.2379    34.2356    8.13964         24 0.0000e+00
    438.000    433.012    -0.4023  28.323559    -0.4005  28.323341     4.9799     5.1394     0.0707    97.9365 1.0000e-12  -73.98218 -113.80740  40.564668      99.93 1.1490e+02    744.346      17865  1029.5954  1029.5934     4.6459     0.0829     0.1250    34.2394    34.2370    8.13833         24 0.0000e+00
    439.000    434.002    -0.3982  28.328138    -0.3964  28.328019     4.9761     5.1418     0.0785    97.9156 1.0000e-12  -73.98218 -113.80740  40.564680      99.93 1.1322e+02    745.334      17889  1029.6006  1029.5987     4.6449     0.0822     0.1255    34.2402    34.2381    8.13738         24 0.0000e+00
    440.000    434.986    -0.3973  28.329435    -0.3955  28.329381     4.9757     5.1333     0.0727    97.8983 1.0000e-12  -73.98218 -113.80740  40.564691      99.93 1.1651e+02    746.337      17913  1029.6055  1029.6037     4.6442     0.0818     0.1249    34.2403    34.2383    8.13719         24 0.0000e+00
    441.000    435.976    -0.3967  28.330665    -0.3946  28.330810     4.9764     5.1318     0.0989    97.9210 1.0000e-12  -73.98218 -113.80740  40.564703      77.65 1.1551e+02    747.331      17937  1029.6105  1029.6088     4.6452     0.0756     0.1249    34.2407    34.2386    8.13703         23 0.0000e+00
    442.000    436.964    -0.3921  28.336104    -0.3898  28.336240     4.9765     5.1286     0.0969    97.9314 1.0000e-12  -73.98218 -113.80740  40.564714      99.44 1.1280e+02    748.321      17961  1029.6162  1029.6142     4.6457     0.0810     0.1346    34.2422    34.2398    8.13597         24 0.0000e+00
    443.000    437.950    -0.3881  28.340236    -0.3860  28.340531     4.9726     5.1256     0.0609    97.9205 1.0000e-12  -73.98218 -113.80740  40.564726      99.93 1.1621e+02    749.315      17985  1029.6211  1029.6193     4.6452     0.0797     0.1254    34.2427    34.2407    8.13509         24 0.0000e+00
    444.000    438.938    -0.3866  28.342462    -0.3850  28.342042     4.9725     5.1254     0.0661    97.9195 1.0000e-12  -73.98218 -113.80740  40.564737      99.93 1.1606e+02    750.312      18008  1029.6263  1029.6244     4.6452     0.0808     0.1298    34.2433    34.2410    8.13472         24 0.0000e+00
    445.000    439.925    -0.3849  28.344497    -0.3832  28.344372     4.9682     5.1305     0.0604    97.7883 1.0000e-12  -73.98218 -113.80740  40.564749      99.93 1.1270e+02    751.304      18032  1029.6312  1029.6294     4.6389     0.0801     0.1287    34.2436    34.2414    8.13435         23 0.0000e+00
    446.000    440.913    -0.3852  28.344622    -0.3837  28.344371     4.9682     5.1207     0.0724    97.8297 1.0000e-12  -73.98218 -113.80740  40.564760      99.93 1.1559e+02    752.297      18056  1029.6360  1029.6343     4.6409     0.0805     0.1267    34.2435    34.2414    8.13443         25 0.0000e+00
    447.000    441.901    -0.3859  28.344778    -0.3842  28.344673     4.9712     5.1237     0.0583    97.9047 1.0000e-12  -73.98218 -113.80740  40.564772      99.93 1.1543e+02    753.284      18080  1029.6412  1029.6394     4.6445     0.0836     0.1262    34.2439    34.2418    8.13455         23 0.0000e+00
    448.000    442.888    -0.3837  28.347683    -0.3819  28.347492     4.9674     5.1293     0.0661    97.9184 1.0000e-12  -73.98218 -113.80740  40.564783      99.93 1.1268e+02    754.270      18103  1029.6464  1029.6445     4.6451     0.0818     0.1262    34.2447    34.2424    8.13403         24 0.0000e+00
    449.000    443.876    -0.3811  28.350838    -0.3793  28.350602     4.9674     5.1256     0.0726    97.9152 1.0000e-12  -73.98218 -113.80740  40.564795      99.93 1.1545e+02    755.266      18127  1029.6515  1029.6496     4.6450     0.0815     0.1270    34.2454    34.2431    8.13343         24 0.0000e+00
    450.000    444.864    -0.3797  28.352840    -0.3779  28.352785     4.9691     5.1204     0.0692    97.9099 1.0000e-12  -73.98218 -113.80742  40.564806      99.92 1.1561e+02    756.259      18151  1029.6566  1029.6549     4.6447     0.0951     0.1256    34.2459    34.2438    8.13311         24 0.0000e+00
    451.000    445.851    -0.3788  28.354374    -0.3770  28.354414     4.9697     5.1222     0.0575    97.8878 1.0000e-12  -73.98218 -113.80740  40.564818      99.92 1.1295e+02    757.250      18175  1029.6617  1029.6600     4.6436     0.0823     0.1274    34.2463    34.2444    8.13289         24 0.0000e+00
    452.000    446.837    -0.3778  28.355889    -0.3761  28.355801     4.9738     5.1243     0.0598    97.9142 1.0000e-12  -73.98218 -113.80742  40.564829      99.93 1.1519e+02    758.245      18199  1029.6667  1029.6649     4.6449     0.0798     0.1250    34.2466    34.2446    8.13266         23 0.0000e+00
    453.000    447.826    -0.3769  28.357469    -0.3752  28.357368     4.9680     5.1241     0.0699    97.9336 1.0000e-12  -73.98218 -113.80740  40.564841      89.39 1.1703e+02    759.237      18223  1029.6718  1029.6700     4.6458     0.0797     0.1261    34.2472    34.2451    8.13244         24 0.0000e+00
    454.000    448.814    -0.3760  28.358881    -0.3742  28.358799     4.9701     5.1222     0.0692    97.9526 1.0000e-12  -73.98218 -113.80740  40.564852      82.98 1.1284e+02    760.224      18246  1029.6767  1029.6748     4.6467     0.0805     0.1250    34.2474    34.2452    8.13223         24 0.0000e+00
    455.000    449.800    -0.3755  28.359969    -0.3736  28.359837     4.9678     5.1216     0.0707    97.9390 1.0000e-12  -73.98218 -113.80740  40.564864      94.15 1.1478e+02    761.217      18270  1029.6816  1029.6797     4.6460     0.0799     0.1237    34.2477    34.2454    8.13211         24 0.0000e+00
    456.000    450.787    -0.3736  28.362238    -0.3719  28.362098     4.9679     5.1203     0.0590    97.9314 1.0000e-12  -73.98218 -113.80740  40.564875      99.83 1.1633e+02    762.213      18294  1029.6865  1029.6847     4.6457     0.0806     0.1254    34.2480    34.2459    8.13169         24 0.0000e+00
    457.000    451.776    -0.3718  28.364378    -0.3699  28.364500     4.9672     5.1192     0.0582    97.9282 1.0000e-12  -73.98218 -113.80740  40.564887      99.92 1.1342e+02    763.203      18318  1029.6913  1029.6896     4.6455     0.0797     0.1270    34.2482    34.2463    8.13128         24 0.0000e+00
    458.000    452.762    -0.3718  28.364906    -0.3700  28.364918     4.9590     5.1189     0.0689    97.9167 1.0000e-12  -73.98218 -113.80740  40.564898      99.92 1.1404e+02    764.195      18342  1029.6962  1029.6944     4.6450     0.0802     0.1275    34.2483    34.2463    8.13127         23 0.0000e+00
    459.000    453.751    -0.3707  28.366644    -0.3688  28.366677     4.9631     5.1126     0.0591    97.9634 1.0000e-12  -73.98218 -113.80740  40.564910      99.93 1.1759e+02    765.186      18365  1029.7013  1029.6995     4.6472     0.0844     0.1261    34.2489    34.2467    8.13102         24 0.0000e+00
    460.000    454.739    -0.3645  28.373557    -0.3623  28.373655     4.9619     5.1097     0.0976    97.9445 1.0000e-12  -73.98218 -113.80740  40.564921      99.92 1.1326e+02    766.171      18389  1029.7068  1029.7048     4.6463     0.0890     0.1277    34.2505    34.2482    8.12959         24 0.0000e+00
    461.000    455.725    -0.3584  28.379965    -0.3567  28.379708     4.9529     5.1104     0.0811    97.8863 1.0000e-12  -73.98218 -113.80740  40.564932      99.93 1.1391e+02    767.168      18413  1029.7119  1029.7101     4.6436     0.0806     0.1266    34.2516    34.2494    8.12822         24 0.0000e+00
    462.000    456.714    -0.3570  28.381834    -0.3552  28.381755     4.9507     5.1058     0.0808    97.8778 1.0000e-12  -73.98218 -113.80740  40.564944      99.93 1.1732e+02    768.171      18437  1029.7169  1029.7150     4.6431     0.0807     0.1264    34.2519    34.2498    8.12791         24 0.0000e+00
    463.000    457.700    -0.3552  28.384019    -0.3533  28.384167     4.9508     5.1012     0.0805    97.8807 1.0000e-12  -73.98218 -113.80740  40.564956      99.92 1.1400e+02    769.160      18461  1029.7218  1029.7201     4.6433     0.0779     0.1270    34.2523    34.2503    8.12751         23 0.0000e+00
    464.000    458.688    -0.3545  28.385380    -0.3528  28.385299     4.9495     5.0962     0.0729    97.9165 1.0000e-12  -73.98218 -113.80740  40.564967      99.92 1.1341e+02    770.152      18485  1029.7268  1029.7251     4.6450     0.0822     0.1285    34.2527    34.2507    8.12733         24 0.0000e+00
    465.000    459.674    -0.3545  28.385814    -0.3527  28.385684     4.9556     5.1042     0.0720    97.9677 1.0000e-12  -73.98218 -113.80740  40.564978      99.92 1.1627e+02    771.145      18508  1029.7316  1029.7298     4.6474     0.0794     0.1260    34.2527    34.2505    8.12733         24 0.0000e+00
    466.000    460.663    -0.3549  28.386118    -0.3529  28.386075     4.9570     5.1089     0.0690    97.9522 1.0000e-12  -73.98218 -113.80740  40.564990      99.93 1.1426e+02    772.133      18532  1029.7367  1029.7347     4.6467     0.0801     0.1284    34.2530    34.2507    8.12741         23 0.0000e+00
