ocean_section_plots/required_files/ctd/dnbp2202_ctd203.cnv
* Sea-Bird SBE 9 Data File:
* FileName = D:\Data\raw\NBP2202_CTD203.hex
* Software Version Seasave V 7.26.7.121
* Temperature SN = 1649
* Conductivity SN = 2513
* Number of Bytes Per Scan = 40
* Number of Voltage Words = 5
* Number of Scans Averaged by the Deck Unit = 1
* NMEA Latitude = 73 59.82 S
* NMEA Longitude = 113 45.35 W
* NMEA UTC (Time) = Feb 09 2022  12:06:35
* NMEA baud rate = 9600
** Ship: RVIB N.B. Palmer
** Cruise: NBP2202 Thwaites
** Station: 122
** Operator: B. Bjork
# nquan = 28
# nvalues = 755                         
# units = specified
# name 0 = prDM: Pressure, Digiquartz [db]
# name 1 = depSM: Depth [salt water, m]
# name 2 = t090C: Temperature [ITS-90, deg C]
# name 3 = c0mS/cm: Conductivity [mS/cm]
# name 4 = t190C: Temperature, 2 [ITS-90, deg C]
# name 5 = c1mS/cm: Conductivity, 2 [mS/cm]
# name 6 = sbeox0ML/L: Oxygen, SBE 43 [ml/l]
# name 7 = sbeox1ML/L: Oxygen, SBE 43, 2 [ml/l]
# name 8 = flECO-AFL: Fluorescence, WET Labs ECO-AFL/FL [mg/m^3]
# name 9 = CStarTr0: Beam Transmission, WET Labs C-Star [%]
# name 10 = par: PAR/Irradiance, Biospherical/Licor
# name 11 = latitude: Latitude [deg]
# name 12 = longitude: Longitude [deg]
# name 13 = timeJ: Julian Days
# name 14 = altM: Altimeter [m]
# name 15 = spar: SPAR, Biospherical/Licor
# name 16 = timeS: Time, Elapsed [seconds]
# name 17 = scan: Scan Count
# name 18 = density00: Density [density, kg/m^3]
# name 19 = density11: Density, 2 [density, kg/m^3]
# name 20 = v3: Voltage 3
# name 21 = v4: Voltage 4
# name 22 = v5: Voltage 5
# name 23 = sal00: Salinity, Practical [PSU]
# name 24 = sal11: Salinity, Practical, 2 [PSU]
# name 25 = oxsolML/L: Oxygen Saturation, Garcia & Gordon [ml/l]
# name 26 = nbin: number of scans per bin
# name 27 = flag: flag
# span 0 =      2.000,    756.000       
# span 1 =      1.983,    746.832       
# span 2 =    -1.3977,    -0.1852       
# span 3 =  27.131820,  28.678153       
# span 4 =    -1.3976,    -0.1831       
# span 5 =  27.131773,  28.678191       
# span 6 =     4.8403,     8.6662       
# span 7 =     4.9951,     8.9946       
# span 8 =     0.0009,    21.1571       
# span 9 =    75.9076,    98.1803       
# span 10 = -9.603e-06, 3.0186e+01      
# span 11 =  -73.99704,  -73.99702      
# span 12 = -113.75588, -113.75583      
# span 13 =  40.508111,  40.519277      
# span 14 =       2.45,     100.26      
# span 15 = 7.7564e+01, 1.2252e+02      
# span 16 =    305.778,   1270.532      
# span 17 =       7340,      30494      
# span 18 =  1027.1786,  1031.1268      
# span 19 =  1027.1802,  1031.1251      
# span 20 =     3.6029,     4.6575      
# span 21 =     0.0674,     3.5642      
# span 22 =     0.1207,     0.2465      
# span 23 =    33.7871,    34.2940      
# span 24 =    33.7888,    34.2923      
# span 25 =    8.08896,    8.37530      
# span 26 =         13,         47      
# span 27 = 0.0000e+00, 0.0000e+00      
# interval = decibars: 1                
# start_time = Feb 09 2022 12:06:35 [NMEA time, header]
# bad_flag = -9.990e-29
*END*
[from data line 518]
    520.000    513.978    -0.2101  28.554322    -0.2087  28.554116     4.8521     5.0165     0.0216    97.9143 1.0000e-12  -73.99702 -113.75586  40.514972      79.95 1.1226e+02    898.586      21567  1030.0068  1030.0053     4.6449     0.0724     0.1392    34.2824    34.2806    8.09488         24 0.0000e+00
    521.000    514.965    -0.2119  28.553600    -0.2104  28.553627     4.8577     5.0158     0.0178    97.8797 1.0000e-12  -73.99702 -113.75586  40.514984      95.16 1.1236e+02    899.580      21591  1030.0121  1030.0107     4.6433     0.0709     0.1340    34.2829    34.2812    8.09524         23 0.0000e+00
    522.000    515.950    -0.2125  28.553807    -0.2108  28.553891     4.8541     5.0176     0.0111    97.9210 1.0000e-12  -73.99702 -113.75586  40.514995      99.89 1.1067e+02    900.573      21615  1030.0172  1030.0156     4.6452     0.0731     0.1343    34.2832    34.2815    8.09534         24 0.0000e+00
    523.000    516.938    -0.2125  28.554217    -0.2110  28.554231     4.8550     5.0194     0.0106    97.9216 1.0000e-12  -73.99702 -113.75586  40.515007      99.84 1.1187e+02    901.564      21639  1030.0219  1030.0205     4.6453     0.0735     0.1346    34.2832    34.2816    8.09535         24 0.0000e+00
    524.000    517.927    -0.2122  28.554825    -0.2106  28.554907     4.8501     5.0198     0.0200    97.9152 1.0000e-12  -73.99702 -113.75586  40.515018      99.84 1.1245e+02    902.559      21662  1030.0265  1030.0251     4.6449     0.0751     0.1358    34.2831    34.2815    8.09530         24 0.0000e+00
    525.000    518.913    -0.2123  28.555386    -0.2107  28.555368     4.8519     5.0267     0.0136    97.9290 1.0000e-12  -73.99702 -113.75586  40.515030      99.84 1.0995e+02    903.555      21686  1030.0314  1030.0299     4.6456     0.0728     0.1351    34.2833    34.2816    8.09529         23 0.0000e+00
    526.000    519.900    -0.2126  28.555783    -0.2109  28.555892     4.8550     5.0208     0.0061    97.9280 1.0000e-12  -73.99702 -113.75586  40.515041      99.84 1.1281e+02    904.543      21710  1030.0364  1030.0349     4.6455     0.0760     0.1356    34.2836    34.2819    8.09534         24 0.0000e+00
    527.000    520.888    -0.2114  28.557601    -0.2099  28.557562     4.8622     5.0232     0.0060    97.9248 1.0000e-12  -73.99702 -113.75586  40.515052      99.85 1.1171e+02    905.532      21734  1030.0414  1030.0399     4.6454     0.0739     0.1380    34.2841    34.2824    8.09507         24 0.0000e+00
    528.000    521.874    -0.2114  28.558019    -0.2100  28.557911     4.8584     5.0166     0.0127    97.9238 1.0000e-12  -73.99702 -113.75586  40.515064      99.84 1.0946e+02    906.516      21757  1030.0462  1030.0447     4.6453     0.0718     0.1375    34.2841    34.2824    8.09508         24 0.0000e+00
    529.000    522.861    -0.2112  28.558808    -0.2097  28.558538     4.8539     5.0196     0.0143    97.9333 1.0000e-12  -73.99702 -113.75586  40.515075      99.84 1.1152e+02    907.499      21781  1030.0510  1030.0493     4.6458     0.0735     0.1342    34.2843    34.2823    8.09501         23 0.0000e+00
    530.000    523.849    -0.2104  28.559758    -0.2088  28.559774     4.8459     5.0212     0.0097    97.9184 1.0000e-12  -73.99702 -113.75586  40.515087      99.84 1.1179e+02    908.481      21805  1030.0554  1030.0539     4.6451     0.0966     0.1340    34.2841    34.2823    8.09485         24 0.0000e+00
    531.000    524.833    -0.2100  28.560661    -0.2085  28.560496     4.8511     5.0165     0.0143    97.8836 1.0000e-12  -73.99702 -113.75586  40.515098      99.84 1.1167e+02    909.471      21828  1030.0603  1030.0587     4.6434     0.0724     0.1404    34.2842    34.2824    8.09476         23 0.0000e+00
    532.000    525.825    -0.2091  28.561843    -0.2079  28.561431     4.8518     5.0129     0.0186    97.8972 1.0000e-12  -73.99702 -113.75586  40.515109      83.49 1.1240e+02    910.458      21852  1030.0649  1030.0633     4.6441     0.0717     0.1330    34.2842    34.2824    8.09457         24 0.0000e+00
    533.000    526.810    -0.2107  28.560788    -0.2091  28.560817     4.8567     5.0147     0.0189    97.9492 1.0000e-12  -73.99702 -113.75586  40.515121      75.50 1.1260e+02    911.453      21876  1030.0696  1030.0681     4.6465     0.0764     0.1352    34.2840    34.2823    8.09492         24 0.0000e+00
    534.000    527.797    -0.2112  28.560829    -0.2095  28.561005     4.8575     5.0168     0.0256    97.9235 1.0000e-12  -73.99702 -113.75586  40.515133      89.38 1.1038e+02    912.448      21900  1030.0744  1030.0730     4.6453     0.0710     0.1346    34.2840    34.2824    8.09502         24 0.0000e+00
    535.000    528.784    -0.2113  28.561097    -0.2097  28.561258     4.8599     5.0199     0.0207    97.9205 1.0000e-12  -73.99702 -113.75586  40.515144      99.85 1.1040e+02    913.439      21924  1030.0790  1030.0776     4.6452     0.0780     0.1363    34.2839    34.2823    8.09506         24 0.0000e+00
    536.000    529.772    -0.2115  28.561360    -0.2098  28.561579     4.8578     5.0181     0.0707    97.9216 1.0000e-12  -73.99702 -113.75586  40.515155      99.84 1.1289e+02    914.437      21947  1030.0838  1030.0823     4.6452     0.0769     0.1411    34.2839    34.2823    8.09510         24 0.0000e+00
    537.000    530.758    -0.2100  28.563399    -0.2091  28.562666     4.8542     5.0181     0.0144    97.9291 1.0000e-12  -73.99702 -113.75586  40.515167      99.84 1.1202e+02    915.435      21971  1030.0886  1030.0871     4.6456     0.0750     0.1363    34.2843    34.2824    8.09475         24 0.0000e+00
    538.000    531.746    -0.2096  28.563950    -0.2078  28.564223     4.8550     5.0197     0.0143    97.9249 1.0000e-12  -73.99702 -113.75586  40.515179      99.84 1.1128e+02    916.433      21995  1030.0931  1030.0916     4.6454     0.0742     0.1330    34.2841    34.2823    8.09469         24 0.0000e+00
    539.000    532.732    -0.2093  28.564810    -0.2083  28.564249     4.8528     5.0128     0.0644    97.9142 1.0000e-12  -73.99702 -113.75586  40.515190      99.84 1.1346e+02    917.427      22019  1030.0980  1030.0965     4.6449     0.0740     0.1362    34.2843    34.2824    8.09462         24 0.0000e+00
    540.000    533.720    -0.2079  28.566742    -0.2062  28.566869     4.8551     5.0107     0.0367    97.9109 1.0000e-12  -73.99702 -113.75586  40.515202      99.84 1.1239e+02    918.432      22043  1030.1029  1030.1014     4.6447     0.0743     0.1333    34.2847    34.2830    8.09429         24 0.0000e+00
    541.000    534.706    -0.2071  28.568026    -0.2054  28.568245     4.8465     5.0119     0.0557    97.8991 1.0000e-12  -73.99702 -113.75586  40.515213      99.84 1.1019e+02    919.434      22067  1030.1078  1030.1063     4.6442     0.0755     0.1348    34.2849    34.2833    8.09411         24 0.0000e+00
    542.000    535.694    -0.2066  28.569150    -0.2047  28.569392     4.8469     5.0169     0.0470    97.9225 1.0000e-12  -73.99702 -113.75586  40.515225      99.84 1.1382e+02    920.428      22091  1030.1127  1030.1112     4.6453     0.0730     0.1356    34.2852    34.2835    8.09398         24 0.0000e+00
    543.000    536.681    -0.2061  28.570124    -0.2044  28.570128     4.8508     5.0180     0.0184    97.9165 1.0000e-12  -73.99702 -113.75586  40.515236      99.84 1.1221e+02    921.417      22115  1030.1175  1030.1159     4.6450     0.0731     0.1339    34.2853    34.2835    8.09386         23 0.0000e+00
    544.000    537.668    -0.2062  28.570463    -0.2045  28.570518     4.8523     5.0174     0.0164    97.9088 1.0000e-12  -73.99702 -113.75586  40.515248      99.84 1.1077e+02    922.392      22138  1030.1222  1030.1206     4.6446     0.0727     0.1326    34.2853    34.2835    8.09389         24 0.0000e+00
    545.000    538.655    -0.2063  28.570636    -0.2049  28.570597     4.8572     5.0193     0.0216    97.8820 1.0000e-12  -73.99702 -113.75586  40.515259      99.84 1.1342e+02    923.368      22162  1030.1268  1030.1254     4.6434     0.0722     0.1324    34.2851    34.2835    8.09393         23 0.0000e+00
    546.000    539.642    -0.2064  28.571247    -0.2046  28.571522     4.8485     5.0188     0.0213    97.9181 1.0000e-12  -73.99702 -113.75586  40.515270      99.84 1.1328e+02    924.344      22185  1030.1318  1030.1303     4.6451     0.0756     0.1390    34.2855    34.2838    8.09394         23 0.0000e+00
    547.000    540.629    -0.2055  28.573291    -0.2037  28.573487     4.8496     5.0119     0.0142    97.9228 1.0000e-12  -73.99702 -113.75586  40.515282      91.26 1.1013e+02    925.328      22209  1030.1374  1030.1358     4.6453     0.0739     0.1328    34.2866    34.2848    8.09368         24 0.0000e+00
    548.000    541.616    -0.2043  28.574787    -0.2028  28.574669     4.8529     5.0094     0.0210    97.9184 1.0000e-12  -73.99702 -113.75586  40.515293      98.95 1.1318e+02    926.309      22232  1030.1420  1030.1404     4.6451     0.0714     0.1368    34.2866    34.2848    8.09341         24 0.0000e+00
    549.000    542.603    -0.2042  28.575256    -0.2027  28.575273     4.8522     5.0135     0.0152    97.9098 1.0000e-12  -73.99702 -113.75586  40.515304      99.84 1.1328e+02    927.295      22256  1030.1466  1030.1452     4.6447     0.0735     0.1340    34.2865    34.2849    8.09340         23 0.0000e+00
    550.000    543.591    -0.2052  28.575054    -0.2038  28.574990     4.8515     5.0151     0.0248    97.9131 1.0000e-12  -73.99702 -113.75586  40.515316      99.84 1.1111e+02    928.283      22280  1030.1516  1030.1503     4.6449     0.0742     0.1341    34.2867    34.2851    8.09359         24 0.0000e+00
    551.000    544.579    -0.2062  28.574803    -0.2046  28.574893     4.8553     5.0200     0.0151    97.8990 1.0000e-12  -73.99702 -113.75586  40.515327      99.84 1.1328e+02    929.275      22304  1030.1566  1030.1553     4.6442     0.0739     0.1336    34.2870    34.2854    8.09380         24 0.0000e+00
    552.000    545.564    -0.2055  28.575894    -0.2039  28.576104     4.8548     5.0174     0.0103    97.9196 1.0000e-12  -73.99702 -113.75586  40.515339      99.84 1.1282e+02    930.275      22328  1030.1613  1030.1600     4.6452     0.0725     0.1373    34.2870    34.2855    8.09364         24 0.0000e+00
    553.000    546.552    -0.2053  28.576599    -0.2039  28.576472     4.8577     5.0184     0.0174    97.9076 1.0000e-12  -73.99702 -113.75586  40.515350      99.84 1.1090e+02    931.275      22352  1030.1662  1030.1647     4.6446     0.0718     0.1360    34.2872    34.2854    8.09361         24 0.0000e+00
    554.000    547.539    -0.2054  28.577000    -0.2038  28.577011     4.8632     5.0197     0.0240    97.9141 1.0000e-12  -73.99702 -113.75586  40.515362      99.84 1.1326e+02    932.268      22375  1030.1709  1030.1694     4.6449     0.0716     0.1373    34.2873    34.2855    8.09362         24 0.0000e+00
    555.000    548.525    -0.2052  28.577528    -0.2037  28.577649     4.8489     5.0205     0.0256    97.9280 1.0000e-12  -73.99702 -113.75586  40.515373      99.84 1.1319e+02    933.268      22399  1030.1755  1030.1742     4.6456     0.0733     0.1336    34.2871    34.2856    8.09358         24 0.0000e+00
    556.000    549.513    -0.2070  28.576511    -0.2051  28.576801     4.8591     5.0211     0.0189    97.9281 1.0000e-12  -73.99702 -113.75586  40.515385      99.84 1.1093e+02    934.265      22423  1030.1805  1030.1789     4.6455     0.0832     0.1345    34.2872    34.2854    8.09396         24 0.0000e+00
    557.000    550.499    -0.2079  28.576016    -0.2062  28.576296     4.8526     5.0221     0.0455    97.8589 1.0000e-12  -73.99702 -113.75586  40.515397      99.84 1.1375e+02    935.262      22447  1030.1852  1030.1838     4.6423     0.0739     0.1330    34.2870    34.2854    8.09417         24 0.0000e+00
    558.000    551.487    -0.2084  28.576077    -0.2066  28.576375     4.8533     5.0216     0.0719    97.9171 1.0000e-12  -73.99702 -113.75586  40.515408      99.84 1.1378e+02    936.267      22471  1030.1899  1030.1885     4.6450     0.0742     0.1363    34.2870    34.2854    8.09427         24 0.0000e+00
    559.000    552.473    -0.2070  28.578035    -0.2052  28.578154     4.8538     5.0208     0.0169    97.9184 1.0000e-12  -73.99702 -113.75586  40.515420      95.25 1.1216e+02    937.273      22496  1030.1948  1030.1932     4.6451     0.0725     0.1347    34.2874    34.2856    8.09394         24 0.0000e+00
    560.000    553.462    -0.2075  28.577709    -0.2061  28.577786     4.8547     5.0161     0.0143    97.9205 1.0000e-12  -73.99702 -113.75586  40.515431      79.63 1.1383e+02    938.258      22519  1030.1993  1030.1980     4.6452     0.0724     0.1355    34.2871    34.2856    8.09408         24 0.0000e+00
    561.000    554.448    -0.2071  28.578689    -0.2052  28.579040     4.8571     5.0130     0.0143    97.9344 1.0000e-12  -73.99702 -113.75586  40.515443      95.65 1.1428e+02    939.244      22543  1030.2042  1030.2026     4.6458     0.0723     0.1349    34.2873    34.2856    8.09398         23 0.0000e+00
    562.000    555.435    -0.2040  28.581807    -0.2019  28.582383     4.8572     5.0146     0.0188    97.9015 1.0000e-12  -73.99702 -113.75586  40.515454      99.90 1.1195e+02    940.222      22566  1030.2086  1030.2072     4.6443     0.0746     0.1326    34.2873    34.2857    8.09331         23 0.0000e+00
    563.000    556.420    -0.2039  28.582269    -0.2020  28.582610     4.8535     5.0172     0.0216    97.8229 1.0000e-12  -73.99702 -113.75586  40.515465      99.84 1.1284e+02    941.201      22590  1030.2133  1030.2118     4.6406     0.0714     0.1317    34.2872    34.2856    8.09330         24 0.0000e+00
    564.000    557.408    -0.2040  28.582618    -0.2025  28.582643     4.8551     5.0187     0.0186    97.9477 1.0000e-12  -73.99702 -113.75586  40.515477      99.84 1.1459e+02    942.190      22614  1030.2179  1030.2166     4.6464     0.0737     0.1354    34.2872    34.2856    8.09331         24 0.0000e+00
    565.000    558.396    -0.2051  28.582114    -0.2035  28.582320     4.8567     5.0147     0.0115    97.9217 1.0000e-12  -73.99702 -113.75586  40.515488      99.84 1.1261e+02    943.186      22637  1030.2228  1030.2215     4.6453     0.0724     0.1353    34.2872    34.2857    8.09355         24 0.0000e+00
    566.000    559.383    -0.2064  28.581568    -0.2047  28.581797     4.8536     5.0118     0.0094    97.9216 1.0000e-12  -73.99702 -113.75586  40.515500      99.84 1.1354e+02    944.172      22661  1030.2278  1030.2264     4.6452     0.0720     0.1354    34.2874    34.2858    8.09382         24 0.0000e+00
    567.000    560.369    -0.2057  28.582593    -0.2036  28.583122     4.8540     5.0151     0.0199    97.8973 1.0000e-12  -73.99702 -113.75586  40.515511      99.84 1.1443e+02    945.172      22685  1030.2324  1030.2309     4.6441     0.0735     0.1334    34.2873    34.2857    8.09367         24 0.0000e+00
    568.000    561.357    -0.2056  28.583153    -0.2039  28.583225     4.8550     5.0200     0.0064    97.8311 1.0000e-12  -73.99702 -113.75586  40.515523      99.84 1.1284e+02    946.177      22709  1030.2371  1030.2356     4.6409     0.0701     0.1329    34.2874    34.2856    8.09365         24 0.0000e+00
    569.000    562.343    -0.2058  28.583445    -0.2044  28.583321     4.8519     5.0184     0.0142    97.9443 1.0000e-12  -73.99702 -113.75586  40.515534      99.84 1.1246e+02    947.180      22733  1030.2419  1030.2404     4.6463     0.0734     0.1370    34.2874    34.2857    8.09369         24 0.0000e+00
    570.000    563.331    -0.2062  28.583476    -0.2050  28.583296     4.8586     5.0204     0.0274    97.9248 1.0000e-12  -73.99702 -113.75586  40.515546      99.84 1.1407e+02    948.187      22757  1030.2466  1030.2453     4.6454     0.0749     0.1355    34.2874    34.2858    8.09379         24 0.0000e+00
