ocean_section_plots/required_files/ctd/dnbp2202_ctd187.cnv
* Sea-Bird SBE 9 Data File:
* FileName = D:\Data\raw\NBP2202_CTD187.hex
* Software Version Seasave V 7.26.7.121
* Temperature SN = 1649
* Conductivity SN = 2513
* Number of Bytes Per Scan = 40
* Number of Voltage Words = 5
* Number of Scans Averaged by the Deck Unit = 1
* NMEA Latitude = 74 10.22 S
* NMEA Longitude = 113 23.05 W
* NMEA UTC (Time) = Feb 07 2022  07:55:43
* NMEA baud rate = 9600
** Ship: RVIB N.B. Palmer
** Cruise: NBP2202 Thwaites
** Station: 108
** Operator: B Bjork
# nquan = 28
# nvalues = 298                         
# units = specified
# name 0 = prDM: Pressure, Digiquartz [db]
# name 1 = depSM: Depth [salt water, m]
# name 2 = t090C: Temperature [ITS-90, deg C]
# name 3 = c0mS/cm: Conductivity [mS/cm]
# name 4 = t190C: Temperature, 2 [ITS-90, deg C]
# name 5 = c1mS/cm: Conductivity, 2 [mS/cm]
# name 6 = sbeox0ML/L: Oxygen, SBE 43 [ml/l]
# name 7 = sbeox1ML/L: Oxygen, SBE 43, 2 [ml/l]
# name 8 = flECO-AFL: Fluorescence, WET Labs ECO-AFL/FL [mg/m^3]
# name 9 = CStarTr0: Beam Transmission, WET Labs C-Star [%]
# name 10 = par: PAR/Irradiance, Biospherical/Licor
# name 11 = latitude: Latitude [deg]
# name 12 = longitude: Longitude [deg]
# name 13 = timeJ: Julian Days
# name 14 = altM: Altimeter [m]
# name 15 = spar: SPAR, Biospherical/Licor
# name 16 = timeS: Time, Elapsed [seconds]
# name 17 = scan: Scan Count
# name 18 = density00: Density [density, kg/m^3]
# name 19 = density11: Density, 2 [density, kg/m^3]
# name 20 = v3: Voltage 3
# name 21 = v4: Voltage 4
# name 22 = v5: Voltage 5
# name 23 = sal00: Salinity, Practical [PSU]
# name 24 = sal11: Salinity, Practical, 2 [PSU]
# name 25 = oxsolML/L: Oxygen Saturation, Garcia & Gordon [ml/l]
# name 26 = nbin: number of scans per bin
# name 27 = flag: flag
# span 0 =      2.000,    299.000       
# span 1 =      1.982,    295.684       
# span 2 =    -1.4126,    -0.6365       
# span 3 =  27.035155,  27.971099       
# span 4 =    -1.4117,    -0.6336       
# span 5 =  27.035124,  27.971603       
# span 6 =     4.9506,     8.9080       
# span 7 =     5.0741,     9.2085       
# span 8 =    -0.0225,    24.6759       
# span 9 =    75.0558,    98.4569       
# span 10 = -4.120e-05, 6.3156e+00      
# span 11 =  -74.17036,  -74.17034      
# span 12 = -113.38420, -113.38414      
# span 13 =  38.332849,  38.337550      
# span 14 =       7.48,     100.88      
# span 15 = 2.4680e+01, 3.3512e+01      
# span 16 =    215.171,    621.342      
# span 17 =       5165,      14913      
# span 18 =  1027.1754,  1028.8485      
# span 19 =  1027.1741,  1028.8463      
# span 20 =     3.5620,     4.6706      
# span 21 =     0.0640,     3.2952      
# span 22 =     0.1249,     0.2682      
# span 23 =    33.7870,    34.1153      
# span 24 =    33.7853,    34.1128      
# span 25 =    8.19590,    8.38243      
# span 26 =         17,         48      
# span 27 = 0.0000e+00, 0.0000e+00      
# interval = decibars: 1                
# start_time = Feb 07 2022 07:55:43 [NMEA time, header]
# bad_flag = -9.990e-29
*END*
[from data line 52]
     54.000     53.434    -1.3538  27.070702    -1.3517  27.071902     6.4759     6.6495     9.5789    82.3948 1.0000e-12  -74.17035 -113.38416  38.334039      99.46 2.9973e+01    318.002       7633  1027.4950  1027.4943     3.9095     2.1121     0.1906    33.8491    33.8484    8.36971         34 0.0000e+00
     55.000     54.423    -1.3548  27.070526    -1.3556  27.069415     6.4810     6.6424    10.5656    84.7580 1.0000e-12  -74.17035 -113.38416  38.334057      99.47 2.9969e+01    319.540       7670  1027.4996  1027.4991     4.0211     1.8825     0.1762    33.8494    33.8487    8.36993         37 0.0000e+00
     56.000     55.411    -1.3637  27.063512    -1.3682  27.059918     6.4471     6.6219    10.3900    86.4025 1.0000e-12  -74.17035 -113.38416  38.334075      99.43 2.9969e+01    321.053       7706  1027.5043  1027.5048     4.0990     1.7734     0.1809    33.8491    33.8493    8.37193         34 0.0000e+00
     57.000     56.403    -1.3664  27.062545    -1.3689  27.059648     6.3773     6.5945     9.5011    86.0752 1.0000e-12  -74.17035 -113.38416  38.334092      99.43 2.9969e+01    322.529       7742  1027.5098  1027.5090     4.0835     1.5260     0.1715    33.8503    33.8491    8.37247         35 0.0000e+00
     58.000     57.392    -1.3712  27.060418    -1.3674  27.062007     6.3433     6.5457     7.9584    85.7744 1.0000e-12  -74.17035 -113.38415  38.334108      99.35 2.9969e+01    323.960       7776  1027.5161  1027.5142     4.0692     1.7675     0.1867    33.8522    33.8500    8.37344         33 0.0000e+00
     59.000     58.381    -1.3704  27.061430    -1.3699  27.061237     6.3317     6.5206     8.5391    87.0167 1.0000e-12  -74.17036 -113.38416  38.334125      99.48 2.9969e+01    325.370       7810  1027.5206  1027.5198     4.1282     1.5641     0.1877    33.8521    33.8511    8.37327         35 0.0000e+00
     60.000     59.372    -1.3744  27.059061    -1.3722  27.060033     6.3267     6.5060     7.9666    86.9452 1.0000e-12  -74.17036 -113.38416  38.334141      99.51 2.9969e+01    326.782       7844  1027.5259  1027.5248     4.1247     1.3586     0.1782    33.8526    33.8515    8.37412         31 0.0000e+00
     61.000     60.360    -1.3747  27.059382    -1.3722  27.060439     6.3157     6.4897    10.4444    86.5354 1.0000e-12  -74.17036 -113.38416  38.334158      97.11 2.9969e+01    328.212       7878  1027.5306  1027.5294     4.1055     1.4820     0.1731    33.8528    33.8515    8.37418         32 0.0000e+00
     62.000     61.349    -1.3757  27.059002    -1.3751  27.058974     6.2952     6.4769     9.3109    87.4269 1.0000e-12  -74.17036 -113.38416  38.334173      99.47 2.9969e+01    329.581       7911  1027.5353  1027.5347     4.1475     1.4307     0.1747    33.8528    33.8521    8.37441         33 0.0000e+00
     63.000     62.339    -1.3781  27.057635    -1.3764  27.058442     6.2783     6.4516     8.9794    87.2206 1.0000e-12  -74.17036 -113.38416  38.334189      99.47 2.9969e+01    330.900       7943  1027.5403  1027.5396     4.1378     1.4357     0.1704    33.8530    33.8521    8.37494         31 0.0000e+00
     64.000     63.327    -1.3800  27.056841    -1.3797  27.056594     6.2567     6.4229     8.7013    88.5281 1.0000e-12  -74.17036 -113.38416  38.334204      99.47 2.9969e+01    332.211       7974  1027.5455  1027.5450     4.1997     1.4497     0.1662    33.8535    33.8527    8.37534         30 0.0000e+00
     65.000     64.317    -1.3826  27.055202    -1.3839  27.053475     6.2287     6.3987     7.3245    89.0820 1.0000e-12  -74.17036 -113.38416  38.334219      99.71 3.0025e+01    333.522       8006  1027.5504  1027.5497     4.2261     0.9644     0.1663    33.8535    33.8526    8.37592         31 0.0000e+00
     66.000     65.306    -1.3850  27.053730    -1.3841  27.053839     6.1578     6.3402     7.6815    88.8220 1.0000e-12  -74.17036 -113.38416  38.334234      99.55 2.8658e+01    334.836       8037  1027.5553  1027.5546     4.2138     1.2687     0.1539    33.8535    33.8527    8.37645         31 0.0000e+00
     67.000     66.296    -1.3897  27.050510    -1.3881  27.051323     6.0431     6.2354     6.8899    88.4603 1.0000e-12  -74.17036 -113.38416  38.334250      99.65 2.7083e+01    336.167       8069  1027.5606  1027.5599     4.1966     1.0982     0.1452    33.8538    33.8531    8.37750         33 0.0000e+00
     68.000     67.285    -1.4091  27.036719    -1.4082  27.037121     5.9721     6.1654     6.4116    88.9733 1.0000e-12  -74.17036 -113.38416  38.334265      99.63 2.9929e+01    337.482       8101  1027.5683  1027.5679     4.2211     1.1206     0.1583    33.8562    33.8557    8.38172         31 0.0000e+00
     69.000     68.274    -1.4126  27.035155    -1.4117  27.035124     5.9526     6.1388     5.7332    89.9902 1.0000e-12  -74.17036 -113.38416  38.334280      99.68 2.9515e+01    338.789       8132  1027.5741  1027.5732     4.2691     1.0018     0.1634    33.8573    33.8563    8.38243         31 0.0000e+00
     70.000     69.264    -1.4089  27.039644    -1.4103  27.037310     5.9559     6.1329     4.8289    90.1106 1.0000e-12  -74.17036 -113.38416  38.334295      99.76 2.7979e+01    340.110       8164  1027.5796  1027.5784     4.2748     0.8305     0.1485    33.8587    33.8571    8.38152         32 0.0000e+00
     71.000     70.253    -1.4049  27.044067    -1.4045  27.043531     5.9603     6.1323     4.3002    90.7735 1.0000e-12  -74.17036 -113.38416  38.334311      99.56 2.9893e+01    341.436       8195  1027.5849  1027.5839     4.3063     0.9682     0.1463    33.8597    33.8585    8.38057         30 0.0000e+00
     72.000     71.242    -1.4052  27.044199    -1.4041  27.044337     5.9892     6.1386     3.8803    90.6984 1.0000e-12  -74.17036 -113.38416  38.334326      99.77 2.9859e+01    342.769       8227  1027.5896  1027.5887     4.3027     0.7962     0.1590    33.8596    33.8586    8.38064         32 0.0000e+00
     73.000     72.232    -1.4032  27.046183    -1.4022  27.046362     6.0161     6.1636     3.8302    92.2063 1.0000e-12  -74.17036 -113.38416  38.334341      99.80 2.8981e+01    344.098       8259  1027.5941  1027.5933     4.3742     0.7052     0.1475    33.8595    33.8585    8.38020         32 0.0000e+00
     74.000     73.220    -1.4030  27.045623    -1.4014  27.046262     6.0037     6.1638     2.9787    91.7155 1.0000e-12  -74.17036 -113.38416  38.334357      99.77 2.9572e+01    345.420       8291  1027.5975  1027.5967     4.3510     0.7877     0.1583    33.8578    33.8569    8.38025         31 0.0000e+00
     75.000     74.211    -1.4050  27.045198    -1.4042  27.045004     5.9872     6.1510     3.8692    91.8908 1.0000e-12  -74.17036 -113.38416  38.334372      99.81 3.0028e+01    346.741       8323  1027.6032  1027.6022     4.3592     0.6616     0.1451    33.8589    33.8576    8.38064         32 0.0000e+00
     76.000     75.199    -1.4049  27.045836    -1.4035  27.046042     5.9830     6.1407     4.7766    92.0650 1.0000e-12  -74.17036 -113.38416  38.334387      99.79 2.9255e+01    348.059       8354  1027.6081  1027.6070     4.3676     0.7612     0.1415    33.8590    33.8577    8.38061         32 0.0000e+00
     77.000     76.189    -1.4083  27.043636    -1.4071  27.043726     6.0102     6.1602     5.3726    92.3398 1.0000e-12  -74.17036 -113.38416  38.334403      99.82 2.8871e+01    349.384       8386  1027.6132  1027.6122     4.3804     0.6433     0.1498    33.8592    33.8580    8.38136         32 0.0000e+00
     78.000     77.178    -1.4095  27.042552    -1.4091  27.042139     6.0404     6.1852     3.6484    90.7018 1.0000e-12  -74.17035 -113.38416  38.334418      99.85 3.0600e+01    350.712       8418  1027.6174  1027.6167     4.3030     0.5567     0.1414    33.8584    33.8574    8.38167         31 0.0000e+00
     79.000     78.167    -1.4046  27.045873    -1.4032  27.046012     6.0070     6.1716     3.9506    93.3777 1.0000e-12  -74.17035 -113.38416  38.334433      99.83 2.9649e+01    352.024       8450  1027.6207  1027.6194     4.4297     0.6090     0.1578    33.8569    33.8554    8.38068         30 0.0000e+00
     80.000     79.157    -1.4006  27.051023    -1.4028  27.047892     5.9751     6.1403     3.8628    92.9999 1.0000e-12  -74.17034 -113.38416  38.334448      99.83 3.0708e+01    353.334       8481  1027.6268  1027.6254     4.4118     0.6072     0.1502    33.8588    33.8569    8.37966         31 0.0000e+00
     81.000     80.145    -1.3952  27.057144    -1.3951  27.056045     5.9576     6.1113     4.1486    92.7863 1.0000e-12  -74.17035 -113.38416  38.334463      98.09 3.0500e+01    354.591       8511  1027.6326  1027.6313     4.4018     0.7718     0.1402    33.8604    33.8588    8.37834         30 0.0000e+00
     82.000     81.136    -1.3951  27.057610    -1.3936  27.058197     5.9370     6.1013     4.8403    93.7791 1.0000e-12  -74.17035 -113.38416  38.334477      97.79 2.9058e+01    355.829       8541  1027.6374  1027.6365     4.4488     0.5117     0.1445    33.8604    33.8594    8.37833         30 0.0000e+00
     83.000     82.123    -1.3920  27.061875    -1.3909  27.061581     5.9299     6.0941     4.3641    93.1761 1.0000e-12  -74.17034 -113.38416  38.334492      99.80 3.0819e+01    357.082       8571  1027.6434  1027.6421     4.4203     0.6131     0.1498    33.8621    33.8604    8.37752         30 0.0000e+00
     84.000     83.115    -1.3908  27.063089    -1.3898  27.062990     5.8768     6.0471     3.8570    94.1354 1.0000e-12  -74.17034 -113.38416  38.334506      99.80 3.0641e+01    358.316       8601  1027.6479  1027.6469     4.4657     0.7129     0.1416    33.8617    33.8605    8.37727         29 0.0000e+00
     85.000     84.103    -1.3887  27.067656    -1.3879  27.066986     5.8214     5.9929     5.2371    92.5925 1.0000e-12  -74.17034 -113.38416  38.334520      99.80 3.0350e+01    359.508       8629  1027.6553  1027.6538     4.3932     0.6952     0.1459    33.8650    33.8632    8.37661         28 0.0000e+00
     86.000     85.092    -1.3831  27.076862    -1.3821  27.076630     5.7903     5.9629     3.8705    93.8203 1.0000e-12  -74.17034 -113.38416  38.334534      99.82 3.0380e+01    360.723       8658  1027.6644  1027.6632     4.4502     0.6668     0.1490    33.8707    33.8693    8.37500         30 0.0000e+00
     87.000     86.082    -1.3813  27.080632    -1.3800  27.080776     5.7840     5.9462     3.4146    94.6320 1.0000e-12  -74.17034 -113.38416  38.334548      99.83 3.0160e+01    361.925       8687  1027.6712  1027.6701     4.4892     0.6119     0.1365    33.8733    33.8720    8.37445         28 0.0000e+00
     88.000     87.070    -1.3838  27.079641    -1.3818  27.080275     5.7752     5.9381     3.1073    94.5526 1.0000e-12  -74.17034 -113.38416  38.334561      99.86 2.9844e+01    363.063       8715  1027.6769  1027.6757     4.4855     0.5185     0.1442    33.8741    33.8727    8.37496         27 0.0000e+00
     89.000     88.059    -1.3863  27.078186    -1.3843  27.078818     5.7499     5.9111     3.4719    94.5221 1.0000e-12  -74.17034 -113.38416  38.334574      99.86 3.0825e+01    364.217       8742  1027.6821  1027.6809     4.4841     0.5039     0.1428    33.8743    33.8730    8.37552         27 0.0000e+00
     90.000     89.051    -1.3890  27.076760    -1.3880  27.076865     5.6919     5.8611     2.9991    94.8511 1.0000e-12  -74.17034 -113.38416  38.334588      99.85 3.1679e+01    365.367       8770  1027.6874  1027.6867     4.4996     0.5513     0.1410    33.8747    33.8738    8.37609         28 0.0000e+00
     91.000     90.038    -1.3925  27.076389    -1.3917  27.076050     5.6536     5.8239     2.9540    94.8397 1.0000e-12  -74.17034 -113.38416  38.334600      99.90 2.9776e+01    366.473       8796  1027.6947  1027.6936     4.4992     0.3134     0.1394    33.8776    33.8762    8.37671         26 0.0000e+00
     92.000     91.027    -1.3878  27.083266    -1.3866  27.083252     5.6402     5.8134     2.3077    94.8524 1.0000e-12  -74.17034 -113.38416  38.334613      99.89 3.1089e+01    367.592       8823  1027.7022  1027.7010     4.4997     0.3599     0.1394    33.8812    33.8797    8.37545         27 0.0000e+00
     93.000     92.018    -1.3889  27.083399    -1.3882  27.083156     5.6316     5.8011     1.8335    95.3008 1.0000e-12  -74.17034 -113.38416  38.334626      99.90 3.1480e+01    368.729       8850  1027.7076  1027.7068     4.5208     0.3135     0.1318    33.8819    33.8809    8.37564         28 0.0000e+00
     94.000     93.005    -1.3878  27.084954    -1.3870  27.084710     5.6329     5.7941     1.3658    94.9027 1.0000e-12  -74.17034 -113.38416  38.334639      99.91 3.0702e+01    369.854       8877  1027.7126  1027.7115     4.5023     0.3140     0.1319    33.8822    33.8809    8.37539         27 0.0000e+00
     95.000     93.996    -1.3854  27.087435    -1.3852  27.086612     5.6325     5.7776     1.3176    95.6001 1.0000e-12  -74.17034 -113.38416  38.334652      99.87 3.1580e+01    370.973       8904  1027.7173  1027.7162     4.5352     0.4316     0.1347    33.8822    33.8809    8.37483         27 0.0000e+00
     96.000     94.984    -1.3869  27.086884    -1.3856  27.086981     5.6019     5.7534     1.7380    95.1396 1.0000e-12  -74.17034 -113.38416  38.334666      99.91 3.1731e+01    372.115       8932  1027.7225  1027.7214     4.5134     0.2680     0.1379    33.8826    33.8812    8.37515         27 0.0000e+00
     97.000     95.974    -1.3825  27.091929    -1.3807  27.092615     5.5793     5.7272     1.0398    95.4870 1.0000e-12  -74.17034 -113.38416  38.334679      99.89 3.1007e+01    373.261       8959  1027.7282  1027.7272     4.5297     0.3458     0.1369    33.8839    33.8828    8.37410         27 0.0000e+00
     98.000     96.963    -1.3765  27.098440    -1.3750  27.098652     5.5670     5.7164     0.7392    96.1858 1.0000e-12  -74.17034 -113.38416  38.334692      99.91 3.1166e+01    374.399       8987  1027.7339  1027.7326     4.5629     0.2486     0.1317    33.8855    33.8840    8.37266         28 0.0000e+00
     99.000     97.952    -1.3723  27.103357    -1.3713  27.103178     5.5431     5.6990     0.7512    96.6948 1.0000e-12  -74.17034 -113.38416  38.334705      99.90 3.1733e+01    375.544       9014  1027.7395  1027.7384     4.5869     0.2958     0.1305    33.8868    33.8854    8.37162         27 0.0000e+00
    100.000     98.941    -1.3684  27.108395    -1.3674  27.107957     5.4869     5.6510     0.6432    96.3680 1.0000e-12  -74.17034 -113.38416  38.334718      99.91 3.1732e+01    376.666       9041  1027.7457  1027.7443     4.5718     0.3054     0.1299    33.8887    33.8870    8.37063         26 0.0000e+00
    101.000     99.931    -1.3540  27.123643    -1.3536  27.122418     5.4495     5.6053     0.5381    96.9171 1.0000e-12  -74.17034 -113.38416  38.334731      99.92 3.1732e+01    377.735       9067  1027.7530  1027.7512     4.5976     0.1661     0.1325    33.8928    33.8906    8.36717         27 0.0000e+00
    102.000    100.918    -1.3306  27.146927    -1.3291  27.146904     5.4192     5.5804     0.5508    95.9839 1.0000e-12  -74.17034 -113.38416  38.334743      99.92 3.1732e+01    378.833       9093  1027.7604  1027.7588     4.5534     0.1980     0.1350    33.8976    33.8958    8.36163         25 0.0000e+00
    103.000    101.910    -1.3207  27.157712    -1.3186  27.158361     5.4197     5.5670     0.7052    96.8386 1.0000e-12  -74.17034 -113.38416  38.334756      99.92 3.1732e+01    379.896       9119  1027.7671  1027.7658     4.5939     0.2057     0.1297    33.9006    33.8990    8.35924         26 0.0000e+00
    104.000    102.898    -1.3117  27.167599    -1.3100  27.167841     5.4119     5.5656     0.6052    97.0426 1.0000e-12  -74.17034 -113.38416  38.334768      95.50 3.1732e+01    380.925       9143  1027.7738  1027.7724     4.6036     0.1778     0.1272    33.9034    33.9018    8.35706         24 0.0000e+00
