ocean_section_plots/required_files/ctd/dnbp2202_ctd245.cnv
* Sea-Bird SBE 9 Data File:
* FileName = D:\Data\raw\NBP2202_CTD245.hex
* Software Version Seasave V 7.26.7.121
* Temperature SN = 1649
* Conductivity SN = 2513
* Number of Bytes Per Scan = 40
* Number of Voltage Words = 5
* Number of Scans Averaged by the Deck Unit = 1
* NMEA Latitude = 73 55.29 S
* NMEA Longitude = 118 50.28 W
* NMEA UTC (Time) = Feb 15 2022  02:31:53
* NMEA baud rate = 9600
** Ship: RVIB N.B. Palmer
** Cruise: NBP2202 Thwaites
** Station: 153
** Operator: A. Robinson
# nquan = 28
# nvalues = 554                         
# units = specified
# name 0 = prDM: Pressure, Digiquartz [db]
# name 1 = depSM: Depth [salt water, m]
# name 2 = t090C: Temperature [ITS-90, deg C]
# name 3 = c0mS/cm: Conductivity [mS/cm]
# name 4 = t190C: Temperature, 2 [ITS-90, deg C]
# name 5 = c1mS/cm: Conductivity, 2 [mS/cm]
# name 6 = sbeox0ML/L: Oxygen, SBE 43 [ml/l]
# name 7 = sbeox1ML/L: Oxygen, SBE 43, 2 [ml/l]
# name 8 = flECO-AFL: Fluorescence, WET Labs ECO-AFL/FL [mg/m^3]
# name 9 = CStarTr0: Beam Transmission, WET Labs C-Star [%]
# name 10 = par: PAR/Irradiance, Biospherical/Licor
# name 11 = latitude: Latitude [deg]
# name 12 = longitude: Longitude [deg]
# name 13 = timeJ: Julian Days
# name 14 = altM: Altimeter [m]
# name 15 = spar: SPAR, Biospherical/Licor
# name 16 = timeS: Time, Elapsed [seconds]
# name 17 = scan: Scan Count
# name 18 = density00: Density [density, kg/m^3]
# name 19 = density11: Density, 2 [density, kg/m^3]
# name 20 = v3: Voltage 3
# name 21 = v4: Voltage 4
# name 22 = v5: Voltage 5
# name 23 = sal00: Salinity, Practical [PSU]
# name 24 = sal11: Salinity, Practical, 2 [PSU]
# name 25 = oxsolML/L: Oxygen Saturation, Garcia & Gordon [ml/l]
# name 26 = nbin: number of scans per bin
# name 27 = flag: flag
# span 0 =      2.000,    555.000       
# span 1 =      1.983,    548.524       
# span 2 =    -1.7127,    -0.0039       
# span 3 =  26.993883,  28.825480       
# span 4 =    -1.7123,    -0.0012       
# span 5 =  26.993882,  28.825963       
# span 6 =     4.9021,     9.1879       
# span 7 =     5.1255,     9.5418       
# span 8 =    -0.0224,    11.6197       
# span 9 =    85.8293,    97.2157       
# span 10 = -9.597e-06, 5.8216e+01      
# span 11 =  -73.92156,  -73.92156      
# span 12 = -118.83802, -118.83800      
# span 13 =  46.108358,  46.117656      
# span 14 =       4.32,      99.96      
# span 15 = 1.4830e+02, 1.6258e+02      
# span 16 =    249.090,   1052.497      
# span 17 =       5979,      25261      
# span 18 =  1027.1311,  1030.2450      
# span 19 =  1027.1322,  1030.2432      
# span 20 =     4.0727,     4.6117      
# span 21 =     0.0640,     1.9901      
# span 22 =     0.1104,     0.1978      
# span 23 =    33.7543,    34.3910      
# span 24 =    33.7555,    34.3888      
# span 25 =    8.04521,    8.43958      
# span 26 =         20,         47      
# span 27 = 0.0000e+00, 0.0000e+00      
# interval = decibars: 1                
# start_time = Feb 15 2022 02:31:53 [NMEA time, header]
# bad_flag = -9.990e-29
*END*
[from data line 156]
    158.000    156.307    -1.3897  27.182058    -1.3898  27.182207     5.6546     5.8572     0.0997    96.8586 1.0000e-12  -73.92156 -118.83800  46.111020      99.90 1.5815e+02    479.100      11499  1028.0980  1028.0981     4.5948     0.0881     0.1178    33.9781    33.9783    8.37011         25 0.0000e+00
    159.000    157.296    -1.3883  27.184341    -1.3883  27.184426     5.6567     5.8478     0.0367    96.8721 1.0000e-12  -73.92156 -118.83800  46.111032      99.90 1.6135e+02    480.161      11525  1028.1033  1028.1035     4.5955     0.0731     0.1185    33.9790    33.9791    8.36974         26 0.0000e+00
    160.000    158.285    -1.3842  27.189856    -1.3840  27.190014     5.6433     5.8459     0.0180    96.8660 1.0000e-12  -73.92156 -118.83800  46.111044      99.90 1.5962e+02    481.225      11550  1028.1097  1028.1097     4.5952     0.0885     0.1180    33.9812    33.9813    8.36868         26 0.0000e+00
    161.000    159.274    -1.3797  27.194442    -1.3798  27.194354     5.6393     5.8410     0.0178    96.7656 1.0000e-12  -73.92156 -118.83800  46.111057      99.90 1.5851e+02    482.303      11576  1028.1147  1028.1147     4.5905     0.0959     0.1180    33.9819    33.9818    8.36764         25 0.0000e+00
    162.000    160.262    -1.3797  27.195142    -1.3799  27.194922     5.6500     5.8391     0.0519    96.7798 1.0000e-12  -73.92156 -118.83800  46.111070      99.89 1.6186e+02    483.412      11603  1028.1198  1028.1197     4.5911     0.0719     0.1170    33.9821    33.9821    8.36761         28 0.0000e+00
    163.000    161.250    -1.3766  27.198953    -1.3765  27.198947     5.6456     5.8452     0.0914    96.9534 1.0000e-12  -73.92156 -118.83800  46.111083      99.90 1.5970e+02    484.542      11630  1028.1252  1028.1252     4.5993     0.0732     0.1192    33.9832    33.9832    8.36685         27 0.0000e+00
    164.000    162.241    -1.3745  27.201938    -1.3742  27.202184     5.6472     5.8462     0.0455    96.9533 1.0000e-12  -73.92156 -118.83800  46.111096      91.90 1.5879e+02    485.673      11657  1028.1309  1028.1309     4.5993     0.0707     0.1188    33.9844    33.9844    8.36633         27 0.0000e+00
    165.000    163.230    -1.3733  27.203831    -1.3733  27.203886     5.6482     5.8384    -0.0046    96.9485 1.0000e-12  -73.92156 -118.83800  46.111109      56.30 1.6199e+02    486.790      11684  1028.1362  1028.1362     4.5991     0.0695     0.1178    33.9850    33.9851    8.36602         27 0.0000e+00
    166.000    164.218    -1.3733  27.204603    -1.3731  27.204701     5.6691     5.8457    -0.0097    96.7725 1.0000e-12  -73.92156 -118.83800  46.111121      99.20 1.5885e+02    487.858      11710  1028.1413  1028.1412     4.5908     0.0968     0.1181    33.9854    33.9853    8.36599         25 0.0000e+00
    167.000    165.208    -1.3733  27.205304    -1.3733  27.205356     5.6757     5.8764    -0.0077    96.9450 1.0000e-12  -73.92156 -118.83800  46.111133      99.90 1.5873e+02    488.888      11734  1028.1464  1028.1464     4.5989     0.0719     0.1182    33.9857    33.9858    8.36596         24 0.0000e+00
    168.000    166.196    -1.3775  27.202063    -1.3758  27.203329     5.6962     5.8991     0.0055    96.9581 1.0000e-12  -73.92156 -118.83800  46.111145      99.90 1.6226e+02    489.916      11759  1028.1512  1028.1511     4.5995     0.0698     0.1170    33.9854    33.9853    8.36693         25 0.0000e+00
    169.000    167.184    -1.3953  27.190339    -1.3951  27.190612     5.7451     5.9149    -0.0022    96.9694 1.0000e-12  -73.92156 -118.83800  46.111157      99.89 1.6050e+02    490.995      11785  1028.1600  1028.1601     4.6001     0.0709     0.1188    33.9889    33.9891    8.37072         27 0.0000e+00
    170.000    168.173    -1.3964  27.190019    -1.3964  27.190049     5.7328     5.9221    -0.0053    96.9546 1.0000e-12  -73.92156 -118.83800  46.111170      99.90 1.5737e+02    492.115      11812  1028.1650  1028.1649     4.5994     0.0764     0.1170    33.9891    33.9891    8.37096         25 0.0000e+00
    171.000    169.163    -1.3987  27.190102    -1.3976  27.190802     5.7302     5.9252    -0.0049    96.9907 1.0000e-12  -73.92156 -118.83800  46.111183      99.90 1.6232e+02    493.228      11838  1028.1715  1028.1712     4.6011     0.0704     0.1184    33.9912    33.9910    8.37134         26 0.0000e+00
    172.000    170.151    -1.3992  27.191838    -1.3985  27.192317     5.7292     5.9292     0.0015    96.9711 1.0000e-12  -73.92156 -118.83800  46.111196      99.90 1.6051e+02    494.303      11864  1028.1782  1028.1781     4.6002     0.0704     0.1188    33.9936    33.9935    8.37132         26 0.0000e+00
    173.000    171.141    -1.3958  27.196339    -1.3957  27.196284     5.7094     5.9171     0.0163    96.9806 1.0000e-12  -73.92156 -118.83800  46.111208      99.90 1.5738e+02    495.355      11890  1028.1841  1028.1839     4.6006     0.0826     0.1158    33.9953    33.9950    8.37046         25 0.0000e+00
    174.000    172.129    -1.3944  27.198169    -1.3946  27.197863     5.7197     5.9117     0.0048    96.9746 1.0000e-12  -73.92156 -118.83800  46.111220      99.89 1.6177e+02    496.417      11915  1028.1891  1028.1889     4.6003     0.0763     0.1182    33.9956    33.9953    8.37013         21 0.0000e+00
    175.000    173.119    -1.3940  27.199269    -1.3934  27.199564     5.7360     5.9093     0.0036    96.9739 1.0000e-12  -73.92156 -118.83800  46.111233      99.48 1.6053e+02    497.502      11941  1028.1941  1028.1939     4.6003     0.0753     0.1167    33.9960    33.9957    8.37000         26 0.0000e+00
    176.000    174.107    -1.3939  27.199986    -1.3936  27.199866     5.7122     5.9101     0.0610    96.8609 1.0000e-12  -73.92156 -118.83800  46.111245      91.69 1.5697e+02    498.583      11967  1028.1991  1028.1987     4.5949     0.0761     0.1194    33.9963    33.9958    8.36997         26 0.0000e+00
    177.000    175.094    -1.3942  27.200743    -1.3946  27.199818     5.6968     5.9089     0.0464    96.8211 1.0000e-12  -73.92156 -118.83800  46.111258      97.22 1.5743e+02    499.682      11993  1028.2045  1028.2039     4.5931     0.0719     0.1184    33.9970    33.9962    8.36999         27 0.0000e+00
    178.000    176.084    -1.3919  27.204019    -1.3932  27.202425     5.7178     5.9043    -0.0083    96.9486 1.0000e-12  -73.92156 -118.83800  46.111271      99.94 1.5941e+02    500.809      12020  1028.2102  1028.2097     4.5991     0.0735     0.1186    33.9983    33.9976    8.36940         27 0.0000e+00
    179.000    177.074    -1.3910  27.205361    -1.3910  27.205026     5.6994     5.9088    -0.0043    96.9422 1.0000e-12  -73.92156 -118.83800  46.111284      99.90 1.5791e+02    501.897      12047  1028.2151  1028.2147     4.5988     0.0792     0.1181    33.9985    33.9980    8.36918         26 0.0000e+00
    180.000    178.062    -1.3886  27.208816    -1.3893  27.207520     5.6989     5.9059    -0.0110    96.9410 1.0000e-12  -73.92156 -118.83800  46.111295      99.90 1.5894e+02    502.929      12071  1028.2209  1028.2201     4.5987     0.0724     0.1183    33.9999    33.9989    8.36857         24 0.0000e+00
    181.000    179.050    -1.3906  27.208679    -1.3891  27.209759     5.7126     5.9037    -0.0089    96.9623 1.0000e-12  -73.92156 -118.83800  46.111307      99.89 1.5993e+02    503.961      12096  1028.2270  1028.2267     4.5998     0.0709     0.1177    34.0013    34.0012    8.36892         25 0.0000e+00
    182.000    180.039    -1.3869  27.212674    -1.3849  27.214041     5.7095     5.9004    -0.0096    96.9599 1.0000e-12  -73.92156 -118.83800  46.111320      99.91 1.5828e+02    505.064      12123  1028.2321  1028.2316     4.5996     0.0705     0.1177    34.0020    34.0016    8.36806         28 0.0000e+00
    183.000    181.028    -1.3825  27.216849    -1.3811  27.217678     5.6983     5.8956    -0.0146    96.9178 1.0000e-12  -73.92156 -118.83800  46.111335      99.90 1.5918e+02    506.300      12152  1028.2367  1028.2362     4.5977     0.0709     0.1174    34.0022    34.0017    8.36707         31 0.0000e+00
    184.000    182.017    -1.3827  27.217272    -1.3821  27.217572     5.7057     5.9067    -0.0029    96.9712 1.0000e-12  -73.92156 -118.83800  46.111349      99.90 1.6012e+02    507.552      12182  1028.2417  1028.2415     4.6001     0.0725     0.1195    34.0023    34.0021    8.36710         30 0.0000e+00
    185.000    183.006    -1.3837  27.217179    -1.3839  27.216783     5.7128     5.9069    -0.0118    96.9064 1.0000e-12  -73.92156 -118.83800  46.111363      99.89 1.5787e+02    508.753      12211  1028.2469  1028.2467     4.5971     0.0704     0.1174    34.0028    34.0024    8.36730         27 0.0000e+00
    186.000    183.994    -1.3874  27.214334    -1.3886  27.213389     5.7111     5.9215    -0.0089    96.9374 1.0000e-12  -73.92156 -118.83800  46.111377      99.89 1.5743e+02    509.939      12240  1028.2517  1028.2519     4.5985     0.0698     0.1173    34.0024    34.0025    8.36815         30 0.0000e+00
    187.000    184.984    -1.3938  27.210141    -1.3952  27.208976     5.7357     5.9316    -0.0077    96.9338 1.0000e-12  -73.92156 -118.83800  46.111391      95.94 1.6054e+02    511.210      12270  1028.2576  1028.2577     4.5984     0.0709     0.1167    34.0032    34.0033    8.36953         31 0.0000e+00
    188.000    185.971    -1.4010  27.205553    -1.4034  27.203662     5.7320     5.9249    -0.0098    96.9623 1.0000e-12  -73.92156 -118.83801  46.111407      98.48 1.5791e+02    512.541      12302  1028.2638  1028.2641     4.5997     0.0696     0.1163    34.0046    34.0046    8.37108         32 0.0000e+00
    189.000    186.961    -1.3925  27.214527    -1.3906  27.215876     5.7246     5.9186    -0.0120    96.9704 1.0000e-12  -73.92156 -118.83801  46.111421      99.90 1.5732e+02    513.796      12332  1028.2697  1028.2693     4.6001     0.0697     0.1191    34.0066    34.0063    8.36905         29 0.0000e+00
    190.000    187.949    -1.3895  27.218049    -1.3873  27.219635     5.7466     5.9164    -0.0116    96.9786 1.0000e-12  -73.92156 -118.83801  46.111435      99.90 1.6085e+02    515.028      12362  1028.2750  1028.2745     4.6005     0.0698     0.1175    34.0074    34.0070    8.36832         30 0.0000e+00
    191.000    188.939    -1.3876  27.220085    -1.3871  27.220179     5.7352     5.9260    -0.0103    96.9653 1.0000e-12  -73.92156 -118.83800  46.111450      99.90 1.5922e+02    516.300      12392  1028.2796  1028.2793     4.5999     0.0747     0.1171    34.0074    34.0070    8.36789         31 0.0000e+00
    192.000    189.925    -1.3953  27.214160    -1.3963  27.213290     5.7649     5.9495    -0.0077    96.9839 1.0000e-12  -73.92156 -118.83801  46.111465      99.90 1.5847e+02    517.554      12422  1028.2849  1028.2850     4.6007     0.0697     0.1170    34.0074    34.0073    8.36962         29 0.0000e+00
    193.000    190.916    -1.4083  27.205026    -1.4115  27.202891     5.7656     5.9708    -0.0011    96.9812 1.0000e-12  -73.92156 -118.83801  46.111479      99.90 1.6258e+02    518.790      12452  1028.2918  1028.2926     4.6006     0.0699     0.1171    34.0090    34.0097    8.37246         31 0.0000e+00
    194.000    191.906    -1.4289  27.189605    -1.4272  27.190897     5.7623     5.9750    -0.0016    96.9837 1.0000e-12  -73.92156 -118.83801  46.111494      99.90 1.5881e+02    520.052      12482  1028.2992  1028.2989     4.6007     0.0696     0.1171    34.0106    34.0104    8.37699         30 0.0000e+00
    195.000    192.893    -1.4300  27.189288    -1.4296  27.189220     5.7919     5.9750    -0.0077    96.9648 1.0000e-12  -73.92156 -118.83802  46.111508      99.90 1.5713e+02    521.316      12513  1028.3040  1028.3035     4.5999     0.0716     0.1193    34.0107    34.0102    8.37722         30 0.0000e+00
    196.000    193.882    -1.4236  27.194980    -1.4247  27.193702     5.7946     5.9911    -0.0108    96.9795 1.0000e-12  -73.92156 -118.83801  46.111523      99.90 1.6179e+02    522.565      12543  1028.3081  1028.3079     4.6006     0.0710     0.1182    34.0106    34.0102    8.37578         29 0.0000e+00
    197.000    194.870    -1.4338  27.186688    -1.4312  27.189211     5.8209     6.0178    -0.0177    96.9806 1.0000e-12  -73.92156 -118.83801  46.111535      99.89 1.6196e+02    523.642      12568  1028.3132  1028.3135     4.6006     0.0695     0.1158    34.0103    34.0108    8.37811         23 0.0000e+00
    198.000    195.860    -1.4483  27.176896    -1.4479  27.177103     5.8342     6.0371    -0.0195    96.9784 1.0000e-12  -73.92156 -118.83801  46.111546      99.77 1.5810e+02    524.571      12591  1028.3208  1028.3206     4.6005     0.0703     0.1166    34.0126    34.0124    8.38123         23 0.0000e+00
    199.000    196.848    -1.4509  27.174259    -1.4625  27.165202     5.8150     6.0466    -0.0022    96.9777 1.0000e-12  -73.92156 -118.83801  46.111557      99.62 1.6072e+02    525.564      12615  1028.3245  1028.3259     4.6005     0.0705     0.1173    34.0114    34.0120    8.38190         25 0.0000e+00
    200.000    197.836    -1.4493  27.176783    -1.4593  27.168181     5.8404     6.0564     0.0268    96.9917 1.0000e-12  -73.92156 -118.83801  46.111570      99.90 1.6076e+02    526.643      12640  1028.3299  1028.3302     4.6012     0.0827     0.1178    34.0124    34.0119    8.38147         26 0.0000e+00
    201.000    198.825    -1.4504  27.175025    -1.4703  27.159724     5.8630     6.0532     0.0069    96.9736 1.0000e-12  -73.92156 -118.83801  46.111583      99.89 1.5802e+02    527.775      12668  1028.3333  1028.3357     4.6003     0.0716     0.1157    34.0106    34.0121    8.38183         28 0.0000e+00
    202.000    199.815    -1.4716  27.159280    -1.4748  27.156623     5.8552     6.0649     0.0318    96.9691 1.0000e-12  -73.92156 -118.83801  46.111596      99.89 1.5953e+02    528.926      12695  1028.3408  1028.3408     4.6001     0.0719     0.1180    34.0124    34.0124    8.38650         28 0.0000e+00
    203.000    200.804    -1.4705  27.161192    -1.4683  27.162486     5.8726     6.0529     0.0137    96.9853 1.0000e-12  -73.92156 -118.83800  46.111610      99.90 1.5818e+02    530.086      12723  1028.3458  1028.3450     4.6009     0.0724     0.1185    34.0131    34.0124    8.38619         28 0.0000e+00
    204.000    201.792    -1.4672  27.164022    -1.4745  27.157885     5.8466     6.0442     0.0275    96.9793 1.0000e-12  -73.92156 -118.83802  46.111624      99.90 1.5733e+02    531.276      12752  1028.3500  1028.3502     4.6005     0.0765     0.1173    34.0127    34.0125    8.38549         29 0.0000e+00
    205.000    202.779    -1.4574  27.172536    -1.4601  27.169877     5.8535     6.0456     0.0184    96.9895 1.0000e-12  -73.92156 -118.83801  46.111638      99.90 1.5719e+02    532.497      12781  1028.3540  1028.3536     4.6010     0.0723     0.1171    34.0126    34.0121    8.38328         30 0.0000e+00
    206.000    203.770    -1.4701  27.162851    -1.4692  27.163409     5.8483     6.0446     0.0237    96.9684 1.0000e-12  -73.92156 -118.83801  46.111652      99.90 1.5870e+02    533.759      12811  1028.3599  1028.3595     4.6000     0.0800     0.1170    34.0131    34.0128    8.38611         30 0.0000e+00
    207.000    204.758    -1.4642  27.167904    -1.4676  27.165032     5.8633     6.0529     0.0614    96.4940 1.0000e-12  -73.92156 -118.83801  46.111667      99.89 1.5848e+02    535.004      12841  1028.3639  1028.3640     4.5778     0.0853     0.1202    34.0127    34.0126    8.38480         29 0.0000e+00
    208.000    205.745    -1.4690  27.164745    -1.4663  27.166755     5.8516     6.0514     0.0251    96.9783 1.0000e-12  -73.92156 -118.83800  46.111680      99.90 1.5784e+02    536.185      12869  1028.3693  1028.3688     4.6002     0.0807     0.1146    34.0132    34.0129    8.38585         28 0.0000e+00
