ocean_section_plots/required_files/ctd/dnbp2202_ctd208.cnv
* Sea-Bird SBE 9 Data File:
* FileName = D:\Data\raw\NBP2202_CTD208.hex
* Software Version Seasave V 7.26.7.121
* Temperature SN = 1649
* Conductivity SN = 2513
* Number of Bytes Per Scan = 40
* Number of Voltage Words = 5
* Number of Scans Averaged by the Deck Unit = 1
* NMEA Latitude = 74 08.03 S
* NMEA Longitude = 113 25.06 W
* NMEA UTC (Time) = Feb 10 2022  08:56:12
* NMEA baud rate = 9600
** Ship: RVIB N.B. Palmer
** Cruise: NBP2202 Thwaites
** Station: Tow-Yo #3
** Operator: B. Bjork
# nquan = 28
# nvalues = 316                         
# units = specified
# name 0 = prDM: Pressure, Digiquartz [db]
# name 1 = depSM: Depth [salt water, m]
# name 2 = t090C: Temperature [ITS-90, deg C]
# name 3 = c0mS/cm: Conductivity [mS/cm]
# name 4 = t190C: Temperature, 2 [ITS-90, deg C]
# name 5 = c1mS/cm: Conductivity, 2 [mS/cm]
# name 6 = sbeox0ML/L: Oxygen, SBE 43 [ml/l]
# name 7 = sbeox1ML/L: Oxygen, SBE 43, 2 [ml/l]
# name 8 = flECO-AFL: Fluorescence, WET Labs ECO-AFL/FL [mg/m^3]
# name 9 = CStarTr0: Beam Transmission, WET Labs C-Star [%]
# name 10 = par: PAR/Irradiance, Biospherical/Licor
# name 11 = latitude: Latitude [deg]
# name 12 = longitude: Longitude [deg]
# name 13 = timeJ: Julian Days
# name 14 = altM: Altimeter [m]
# name 15 = spar: SPAR, Biospherical/Licor
# name 16 = timeS: Time, Elapsed [seconds]
# name 17 = scan: Scan Count
# name 18 = density00: Density [density, kg/m^3]
# name 19 = density11: Density, 2 [density, kg/m^3]
# name 20 = v3: Voltage 3
# name 21 = v4: Voltage 4
# name 22 = v5: Voltage 5
# name 23 = sal00: Salinity, Practical [PSU]
# name 24 = sal11: Salinity, Practical, 2 [PSU]
# name 25 = oxsolML/L: Oxygen Saturation, Garcia & Gordon [ml/l]
# name 26 = nbin: number of scans per bin
# name 27 = flag: flag
# span 0 =     10.000,    325.000       
# span 1 =      9.892,    321.381       
# span 2 =    -1.4537,    -0.4061       
# span 3 =  26.996244,  28.245191       
# span 4 =    -1.4528,    -0.4022       
# span 5 =  27.000035,  28.247407       
# span 6 =     4.9127,     8.6291       
# span 7 =     5.0703,     8.9603       
# span 8 =    -0.0163,    21.2853       
# span 9 =    77.0285,    97.8903       
# span 10 = 1.0000e-12, 1.4508e-01      
# span 11 =  -74.13492,  -74.13392      
# span 12 = -113.41734, -113.41052      
# span 13 =  41.372723,  41.378266      
# span 14 =       8.36,     100.93      
# span 15 = 2.1155e+01, 3.2358e+01      
# span 16 =     31.300,    510.158      
# span 17 =        752,      12245      
# span 18 =  1027.1933,  1029.0342      
# span 19 =  1027.1921,  1029.0328      
# span 20 =     3.6546,     4.6438      
# span 21 =     0.0648,     3.2042      
# span 22 =     0.1240,     0.2449      
# span 23 =    33.7510,    34.2066      
# span 24 =    33.7496,    34.2052      
# span 25 =    8.14100,    8.39272      
# span 26 =         22,         49      
# span 27 = 0.0000e+00, 0.0000e+00      
# interval = decibars: 1                
# start_time = Feb 10 2022 08:56:12 [NMEA time, header]
# bad_flag = -9.990e-29
*END*
     10.000      9.892    -1.1023  27.186669    -1.1008  27.186867     8.6265     8.7768    21.2853    77.4744 1.4508e-01  -74.13392 -113.41734  41.372723     100.93 2.1155e+01     31.300        752  1027.1933  1027.1921     3.6755     2.4835     0.2449    33.7515    33.7501    8.31933         23 0.0000e+00
     11.000     10.890    -1.1034  27.186294    -1.1020  27.186194     8.6241     8.8266    16.2077    77.0285 9.8971e-02  -74.13392 -113.41734  41.372746      96.59 2.1155e+01     33.227        798  1027.1981  1027.1968     3.6550     3.2042     0.2124    33.7516    33.7499    8.31957         34 0.0000e+00
     12.000     11.875    -1.1034  27.186644    -1.1031  27.185786     8.6275     8.8557    15.7379    77.1111 6.0251e-02  -74.13392 -113.41731  41.372768      99.77 2.1155e+01     35.122        844  1027.2028  1027.2016     3.6584     2.5105     0.1883    33.7515    33.7499    8.31958         39 0.0000e+00
     13.000     12.865    -1.1040  27.186464    -1.1033  27.186024     8.6266     8.8867    16.0073    77.5067 3.2676e-02  -74.13392 -113.41728  41.372789      99.69 2.1155e+01     37.007        889  1027.2075  1027.2063     3.6772     2.4393     0.1917    33.7512    33.7499    8.31971         42 0.0000e+00
     14.000     13.855    -1.1043  27.186527    -1.1036  27.186127     8.6260     8.9015    17.8903    78.3896 1.1709e-02  -74.13394 -113.41726  41.372812      99.81 2.1155e+01     38.914        935  1027.2122  1027.2111     3.7189     2.7239     0.2034    33.7511    33.7497    8.31980         37 0.0000e+00
     15.000     14.844    -1.1048  27.186606    -1.1036  27.186565     8.6226     8.9227    17.5784    77.4916 3.8825e-05  -74.13394 -113.41724  41.372833      99.79 2.1155e+01     40.802        980  1027.2170  1027.2159     3.6768     2.5084     0.1970    33.7511    33.7498    8.31991         36 0.0000e+00
     16.000     15.834    -1.1047  27.187185    -1.1036  27.187059     8.6291     8.9396    16.2585    78.5278 3.3129e-07  -74.13394 -113.41722  41.372855      99.84 2.1155e+01     42.683       1025  1027.2219  1027.2206     3.7256     2.7073     0.1915    33.7512    33.7497    8.31989         43 0.0000e+00
     17.000     16.823    -1.1041  27.188059    -1.1030  27.188002     8.6257     8.9445    17.4637    77.9195 1.0000e-12  -74.13394 -113.41719  41.372877      96.63 2.1155e+01     44.580       1071  1027.2266  1027.2254     3.6968     2.7026     0.1987    33.7511    33.7497    8.31976         45 0.0000e+00
     18.000     17.814    -1.1055  27.187323    -1.1038  27.187690     8.6288     8.9409    18.5892    78.6978 1.0000e-12  -74.13394 -113.41717  41.372899      99.76 2.1470e+01     46.476       1116  1027.2314  1027.2302     3.7336     2.5584     0.2086    33.7510    33.7497    8.32006         40 0.0000e+00
     19.000     18.802    -1.1063  27.187227    -1.1048  27.187428     8.6277     8.9417    16.7947    78.3791 1.0000e-12  -74.13394 -113.41714  41.372921      99.84 2.1736e+01     48.371       1162  1027.2364  1027.2351     3.7184     2.5426     0.2182    33.7512    33.7497    8.32024         43 0.0000e+00
     20.000     19.793    -1.1074  27.186694    -1.1060  27.186770     8.6279     8.9492    15.9139    77.8947 1.0000e-12  -74.13395 -113.41712  41.372943      99.90 2.1585e+01     50.268       1207  1027.2411  1027.2399     3.6953     2.7643     0.2206    33.7510    33.7496    8.32049         41 0.0000e+00
     21.000     20.782    -1.1074  27.187104    -1.1062  27.187165     8.6271     8.9535    16.8617    78.7522 1.0000e-12  -74.13396 -113.41710  41.372965      99.74 2.1561e+01     52.163       1253  1027.2459  1027.2448     3.7361     2.5132     0.2140    33.7510    33.7497    8.32050         39 0.0000e+00
     22.000     21.772    -1.1076  27.187339    -1.1061  27.187622     8.6255     8.9514    17.7357    77.9966 1.0000e-12  -74.13396 -113.41707  41.372987      99.59 2.1524e+01     54.039       1298  1027.2506  1027.2495     3.7004     2.2720     0.2061    33.7510    33.7496    8.32055         43 0.0000e+00
     23.000     22.761    -1.1055  27.189752    -1.1042  27.189744     8.6235     8.9603    18.0924    78.7971 1.0000e-12  -74.13396 -113.41704  41.373008      99.78 2.1446e+01     55.927       1343  1027.2555  1027.2543     3.7382     2.8085     0.2094    33.7512    33.7498    8.32006         36 0.0000e+00
     24.000     23.750    -1.1057  27.190200    -1.1046  27.190157     8.6155     8.9570    17.9333    77.4994 1.0000e-12  -74.13397 -113.41702  41.373030      99.80 2.1727e+01     57.814       1389  1027.2605  1027.2594     3.6769     2.6462     0.2095    33.7514    33.7502    8.32008         43 0.0000e+00
     25.000     24.741    -1.1070  27.189676    -1.1059  27.189426     8.6230     8.9549    17.8439    77.9466 1.0000e-12  -74.13398 -113.41699  41.373052      99.82 2.1501e+01     59.689       1434  1027.2655  1027.2642     3.6984     2.7535     0.2268    33.7516    33.7500    8.32037         36 0.0000e+00
     26.000     25.728    -1.1014  27.195110    -1.1018  27.193502     8.6189     8.9591    17.5531    78.8126 1.0000e-12  -74.13398 -113.41695  41.373074      99.74 2.1650e+01     61.573       1479  1027.2703  1027.2690     3.7391     2.6522     0.2107    33.7521    33.7503    8.31910         39 0.0000e+00
     27.000     26.719    -1.1006  27.196105    -1.0991  27.196276     8.6118     8.9561    17.0622    78.2972 1.0000e-12  -74.13398 -113.41693  41.373096      99.83 2.2025e+01     63.464       1524  1027.2750  1027.2737     3.7147     2.7393     0.2059    33.7519    33.7504    8.31893         41 0.0000e+00
     28.000     27.708    -1.0995  27.197647    -1.0981  27.197712     8.6052     8.9404    15.8695    77.2783 1.0000e-12  -74.13398 -113.41691  41.373117      99.74 2.1844e+01     65.348       1569  1027.2800  1027.2788     3.6664     2.5113     0.1969    33.7522    33.7507    8.31868         41 0.0000e+00
     29.000     28.699    -1.0966  27.201235    -1.0955  27.200816     8.5781     8.9217    18.2573    78.0176 1.0000e-12  -74.13398 -113.41688  41.373139      99.94 2.1740e+01     67.238       1615  1027.2854  1027.2839     3.7017     2.8849     0.2025    33.7531    33.7514    8.31796         39 0.0000e+00
     30.000     29.687    -1.0922  27.206241    -1.0909  27.206228     8.5595     8.9112    16.5093    78.1966 1.0000e-12  -74.13400 -113.41684  41.373161      99.60 2.2371e+01     69.132       1660  1027.2910  1027.2898     3.7099     2.3296     0.2006    33.7544    33.7529    8.31691         45 0.0000e+00
     31.000     30.678    -1.0890  27.210569    -1.0879  27.210102     8.5262     8.8729    16.7078    78.4842 1.0000e-12  -74.13400 -113.41682  41.373183      95.43 2.2237e+01     71.005       1705  1027.2971  1027.2955     3.7235     2.8795     0.1907    33.7562    33.7542    8.31611         44 0.0000e+00
     32.000     31.667    -1.0870  27.214689    -1.0859  27.214511     8.4906     8.8366    18.6560    78.4123 1.0000e-12  -74.13400 -113.41680  41.373205      99.85 2.2151e+01     72.885       1750  1027.3041  1027.3028     3.7206     2.9295     0.1852    33.7589    33.7574    8.31550         39 0.0000e+00
     33.000     32.656    -1.0900  27.213515    -1.0883  27.213664     8.4589     8.8081    17.4450    79.6908 1.0000e-12  -74.13400 -113.41678  41.373226      99.86 2.2875e+01     74.767       1795  1027.3101  1027.3086     3.7804     2.7644     0.2250    33.7600    33.7583    8.31610         44 0.0000e+00
     34.000     33.645    -1.0924  27.212642    -1.0910  27.212825     8.4391     8.7871    16.1068    78.4973 1.0000e-12  -74.13402 -113.41674  41.373248      99.78 2.2236e+01     76.622       1840  1027.3158  1027.3146     3.7237     2.6038     0.2165    33.7609    33.7596    8.31658         39 0.0000e+00
     35.000     34.635    -1.0903  27.216190    -1.0883  27.216679     8.4221     8.7629    18.0789    78.1766 1.0000e-12  -74.13402 -113.41672  41.373269      99.73 2.2316e+01     78.483       1885  1027.3220  1027.3205     3.7090     2.5084     0.2347    33.7628    33.7612    8.31601         45 0.0000e+00
     36.000     35.624    -1.0806  27.228364    -1.0792  27.227959     8.3738     8.7060    17.1642    78.5703 1.0000e-12  -74.13402 -113.41669  41.373291      99.84 2.2909e+01     80.372       1930  1027.3303  1027.3285     3.7276     2.6874     0.2107    33.7679    33.7658    8.31355         41 0.0000e+00
     37.000     36.615    -1.0767  27.235539    -1.0748  27.235592     8.2892     8.6193    16.1420    78.6601 1.0000e-12  -74.13402 -113.41667  41.373313      99.55 2.2917e+01     82.256       1975  1027.3387  1027.3370     3.7318     2.2192     0.1999    33.7726    33.7706    8.31240         39 0.0000e+00
     38.000     37.604    -1.0751  27.242269    -1.0735  27.242744     8.0901     8.4402    15.8358    78.0059 1.0000e-12  -74.13402 -113.41664  41.373335      94.61 2.2917e+01     84.133       2020  1027.3491  1027.3481     3.7009     2.8268     0.2112    33.7794    33.7782    8.31165         39 0.0000e+00
     39.000     38.592    -1.0954  27.231102    -1.0935  27.231947     7.9249     8.2827    17.3772    77.0326 1.0000e-12  -74.13402 -113.41661  41.373357      98.80 2.2917e+01     86.042       2066  1027.3609  1027.3600     3.6546     2.8368     0.2147    33.7864    33.7854    8.31574         38 0.0000e+00
     40.000     39.582    -1.1092  27.221707    -1.1081  27.221792     7.9126     8.2506    16.7843    77.9549 1.0000e-12  -74.13403 -113.41659  41.373379      99.98 2.2917e+01     87.961       2112  1027.3681  1027.3672     3.6996     2.7752     0.2018    33.7885    33.7874    8.31868         36 0.0000e+00
     41.000     40.571    -1.1127  27.219383    -1.1114  27.219548     7.9058     8.2259    18.7336    78.0051 1.0000e-12  -74.13404 -113.41656  41.373401      99.73 2.2917e+01     89.874       2158  1027.3731  1027.3721     3.7010     2.4341     0.2225    33.7887    33.7874    8.31946         39 0.0000e+00
     42.000     41.561    -1.1199  27.214036    -1.1196  27.213807     7.8650     8.1822    15.3553    77.8225 1.0000e-12  -74.13404 -113.41653  41.373424      99.72 2.2917e+01     91.796       2204  1027.3784  1027.3779     3.6922     2.4779     0.2125    33.7889    33.7882    8.32105         42 0.0000e+00
     43.000     42.550    -1.1535  27.188051    -1.1546  27.186915     7.8514     8.1617    16.3449    78.5442 1.0000e-12  -74.13404 -113.41651  41.373446      99.85 2.2917e+01     93.704       2250  1027.3865  1027.3864     3.7264     2.6566     0.2170    33.7905    33.7903    8.32841         44 0.0000e+00
     44.000     43.540    -1.1587  27.185356    -1.1566  27.186049     7.8490     8.1523    14.8684    77.7095 1.0000e-12  -74.13404 -113.41647  41.373468      99.76 2.2917e+01     95.600       2295  1027.3925  1027.3913     3.6870     2.4517     0.1976    33.7920    33.7907    8.32947         34 0.0000e+00
     45.000     44.531    -1.1655  27.180882    -1.1645  27.181138     7.8250     8.1259    17.0718    79.4565 1.0000e-12  -74.13404 -113.41645  41.373490      97.23 2.2917e+01     97.501       2341  1027.3982  1027.3976     3.7696     2.5562     0.2154    33.7930    33.7923    8.33093         39 0.0000e+00
     46.000     45.520    -1.1713  27.177028    -1.1698  27.177179     7.8253     8.1220    13.9483    79.9108 1.0000e-12  -74.13406 -113.41642  41.373512      99.52 2.2917e+01     99.395       2386  1027.4036  1027.4024     3.7912     2.0015     0.1896    33.7936    33.7922    8.33218         40 0.0000e+00
     47.000     46.508    -1.1697  27.179032    -1.1684  27.179114     7.8302     8.1282    15.3868    80.3356 1.0000e-12  -74.13406 -113.41640  41.373533      99.46 2.2917e+01    101.271       2431  1027.4084  1027.4072     3.8114     2.0177     0.1711    33.7940    33.7926    8.33182         39 0.0000e+00
     48.000     47.498    -1.1691  27.180126    -1.1679  27.180223     7.8314     8.1311    13.2644    79.6424 1.0000e-12  -74.13406 -113.41636  41.373555      99.72 2.2917e+01    103.148       2477  1027.4133  1027.4122     3.7783     2.6578     0.1994    33.7942    33.7930    8.33168         44 0.0000e+00
     49.000     48.487    -1.1687  27.181128    -1.1674  27.181142     7.8304     8.1242    13.3757    79.1646 1.0000e-12  -74.13406 -113.41634  41.373577      99.49 2.2917e+01    105.025       2522  1027.4181  1027.4168     3.7560     2.1078     0.2027    33.7944    33.7930    8.33156         42 0.0000e+00
     50.000     49.478    -1.1678  27.182388    -1.1665  27.182470     7.8376     8.1309    12.1434    79.5099 1.0000e-12  -74.13408 -113.41631  41.373598      99.54 2.2917e+01    106.899       2567  1027.4228  1027.4217     3.7721     2.2255     0.1973    33.7945    33.7932    8.33136         37 0.0000e+00
     51.000     50.466    -1.1677  27.182997    -1.1663  27.183091     7.8290     8.1232    13.3566    79.8553 1.0000e-12  -74.13408 -113.41628  41.373620      99.55 2.2917e+01    108.788       2612  1027.4277  1027.4265     3.7886     2.2231     0.2026    33.7947    33.7932    8.33133         44 0.0000e+00
     52.000     51.455    -1.1688  27.182712    -1.1676  27.182622     7.8219     8.1102    13.5813    80.0831 1.0000e-12  -74.13408 -113.41627  41.373642      99.39 2.2917e+01    110.665       2657  1027.4326  1027.4314     3.7993     1.9877     0.1883    33.7948    33.7933    8.33156         40 0.0000e+00
     53.000     52.446    -1.1719  27.180550    -1.1708  27.180436     7.8098     8.1108    13.3301    80.2773 1.0000e-12  -74.13408 -113.41624  41.373663      99.52 2.2868e+01    112.518       2701  1027.4375  1027.4364     3.8083     2.1476     0.1780    33.7948    33.7934    8.33225         43 0.0000e+00
     54.000     53.434    -1.1723  27.180606    -1.1710  27.180627     7.7994     8.1076    13.4264    79.2250 1.0000e-12  -74.13408 -113.41622  41.373685      99.49 2.3057e+01    114.372       2746  1027.4423  1027.4411     3.7590     2.1255     0.1947    33.7947    33.7933    8.33236         40 0.0000e+00
     55.000     54.423    -1.1723  27.181143    -1.1710  27.181100     7.7948     8.0899    13.8983    78.9809 1.0000e-12  -74.13408 -113.41620  41.373706      99.40 2.3678e+01    116.231       2791  1027.4471  1027.4458     3.7471     2.0053     0.2039    33.7948    33.7932    8.33234         41 0.0000e+00
     56.000     55.413    -1.1744  27.180279    -1.1735  27.180075     7.7655     8.0656    13.9619    78.5853 1.0000e-12  -74.13410 -113.41617  41.373728      99.47 2.2910e+01    118.070       2835  1027.4524  1027.4514     3.7284     2.1435     0.2097    33.7953    33.7940    8.33277         40 0.0000e+00
     57.000     56.402    -1.1788  27.177347    -1.1777  27.177271     7.7473     8.0436    13.7032    79.1645 1.0000e-12  -74.13410 -113.41615  41.373749      99.46 2.2967e+01    119.922       2879  1027.4577  1027.4566     3.7558     2.0812     0.2057    33.7957    33.7943    8.33374         40 0.0000e+00
     58.000     57.392    -1.1816  27.175450    -1.1805  27.175402     7.7493     8.0428    12.5244    80.9102 1.0000e-12  -74.13410 -113.41613  41.373771      99.46 2.4013e+01    121.806       2924  1027.4627  1027.4616     3.8386     2.1059     0.2052    33.7957    33.7944    8.33437         43 0.0000e+00
     59.000     58.382    -1.1821  27.175569    -1.1806  27.175807     7.7476     8.0427    13.8540    79.5848 1.0000e-12  -74.13410 -113.41609  41.373793      99.49 2.3271e+01    123.696       2970  1027.4675  1027.4663     3.7757     2.0634     0.2011    33.7958    33.7944    8.33447         35 0.0000e+00
     60.000     59.370    -1.1822  27.175989    -1.1809  27.175976     7.7535     8.0402    12.7861    79.4869 1.0000e-12  -74.13410 -113.41607  41.373815      99.36 2.3106e+01    125.580       3015  1027.4722  1027.4710     3.7708     1.9040     0.1852    33.7958    33.7943    8.33449         37 0.0000e+00
