ocean_section_plots/required_files/ctd/dnbp2202_ctd141.cnv
* Sea-Bird SBE 9 Data File:
* FileName = D:\Data\raw\NBP2202_CTD140.hex
* Software Version Seasave V 7.26.7.121
* Temperature SN = 1649
* Conductivity SN = 2513
* Number of Bytes Per Scan = 40
* Number of Voltage Words = 5
* Number of Scans Averaged by the Deck Unit = 1
* NMEA Latitude = 74 06.99 S
* NMEA Longitude = 112 39.88 W
* NMEA UTC (Time) = Jan 30 2022  04:54:44
* NMEA baud rate = 9600
** Ship: RVIB N.B. Palmer
** Cruise: NBP2202 Thwaites
** Station: 69
** Operator: B. Bjork
# nquan = 28
# nvalues = 932                         
# units = specified
# name 0 = prDM: Pressure, Digiquartz [db]
# name 1 = depSM: Depth [salt water, m]
# name 2 = t090C: Temperature [ITS-90, deg C]
# name 3 = c0mS/cm: Conductivity [mS/cm]
# name 4 = t190C: Temperature, 2 [ITS-90, deg C]
# name 5 = c1mS/cm: Conductivity, 2 [mS/cm]
# name 6 = sbeox0ML/L: Oxygen, SBE 43 [ml/l]
# name 7 = sbeox1ML/L: Oxygen, SBE 43, 2 [ml/l]
# name 8 = flECO-AFL: Fluorescence, WET Labs ECO-AFL/FL [mg/m^3]
# name 9 = CStarTr0: Beam Transmission, WET Labs C-Star [%]
# name 10 = par: PAR/Irradiance, Biospherical/Licor
# name 11 = latitude: Latitude [deg]
# name 12 = longitude: Longitude [deg]
# name 13 = timeJ: Julian Days
# name 14 = altM: Altimeter [m]
# name 15 = spar: SPAR, Biospherical/Licor
# name 16 = timeS: Time, Elapsed [seconds]
# name 17 = scan: Scan Count
# name 18 = density00: Density [density, kg/m^3]
# name 19 = density11: Density, 2 [density, kg/m^3]
# name 20 = v3: Voltage 3
# name 21 = v4: Voltage 4
# name 22 = v5: Voltage 5
# name 23 = sal00: Salinity, Practical [PSU]
# name 24 = sal11: Salinity, Practical, 2 [PSU]
# name 25 = oxsolML/L: Oxygen Saturation, Garcia & Gordon [ml/l]
# name 26 = nbin: number of scans per bin
# name 27 = flag: flag
# span 0 =      2.000,    933.000       
# span 1 =      1.975,    921.266       
# span 2 =    -1.5133,     0.4637       
# span 3 =  27.079659,  29.502143       
# span 4 =    -1.5131,     0.4653       
# span 5 =  27.077027,  29.501230       
# span 6 =     4.5987,     9.2010       
# span 7 =     4.6828,     9.4625       
# span 8 =    -0.0179,    29.4555       
# span 9 =    66.3432,    94.2260       
# span 10 = -1.942e-06, 2.6337e+01      
# span 11 =  -74.11662,  -74.11662      
# span 12 = -112.66469, -112.66464      
# span 13 =  30.206954,  30.220776      
# span 14 =       5.29,     100.08      
# span 15 = 7.0065e+01, 8.1827e+01      
# span 16 =    196.859,   1391.039      
# span 17 =       4726,      33386      
# span 18 =  1027.1786,  1032.0979      
# span 19 =  1027.1799,  1032.0956      
# span 20 =     3.1479,     4.4700      
# span 21 =     0.0642,     4.4378      
# span 22 =     0.1152,     0.2721      
# span 23 =    33.8018,    34.5375      
# span 24 =    33.8023,    34.5346      
# span 25 =    7.93989,    8.39688      
# span 26 =          6,         47      
# span 27 = 0.0000e+00, 0.0000e+00      
# interval = decibars: 1                
# start_time = Jan 30 2022 04:54:44 [NMEA time, header]
# bad_flag = -9.990e-29
*END*
[from data line 829]
    831.000    820.758     0.4145  29.402068     0.4161  29.401950     4.6263     4.7076    -0.0007    94.1719 1.0000e-12  -74.11662 -112.66468  30.217450      99.86 8.0320e+01   1103.664      26489  1031.6120  1031.6103     4.4674     0.0699     0.1177    34.5198    34.5178    7.95100         25 0.0000e+00
    832.000    821.744     0.4149  29.403067     0.4167  29.403069     4.6231     4.7081    -0.0007    94.1427 1.0000e-12  -74.11662 -112.66468  30.217462      99.86 8.1106e+01   1104.726      26514  1031.6168  1031.6151     4.4660     0.0699     0.1174    34.5200    34.5181    7.95089         25 0.0000e+00
    833.000    822.728     0.4151  29.403788     0.4169  29.403779     4.6167     4.7123    -0.0018    94.1665 1.0000e-12  -74.11662 -112.66468  30.217474      99.86 8.1093e+01   1105.782      26540  1031.6217  1031.6199     4.4672     0.0696     0.1193    34.5202    34.5182    7.95084         26 0.0000e+00
    834.000    823.716     0.4155  29.404827     0.4174  29.404760     4.6189     4.7076    -0.0082    94.1819 1.0000e-12  -74.11662 -112.66468  30.217487      99.86 8.1093e+01   1106.846      26565  1031.6266  1031.6247     4.4679     0.0703     0.1223    34.5206    34.5184    7.95074         26 0.0000e+00
    835.000    824.700     0.4159  29.405647     0.4177  29.405572     4.6245     4.7140    -0.0083    94.1874 1.0000e-12  -74.11662 -112.66468  30.217499      99.86 8.1093e+01   1107.902      26591  1031.6313  1031.6294     4.4682     0.0699     0.1183    34.5207    34.5185    7.95066         25 0.0000e+00
    836.000    825.686     0.4160  29.406206     0.4178  29.406154     4.6221     4.7193    -0.0074    94.1742 1.0000e-12  -74.11662 -112.66468  30.217511      99.74 8.1161e+01   1108.978      26616  1031.6360  1031.6341     4.4675     0.0695     0.1188    34.5207    34.5186    7.95064         26 0.0000e+00
    837.000    826.671     0.4162  29.406706     0.4180  29.406820     4.6244     4.7125    -0.0004    94.1831 1.0000e-12  -74.11662 -112.66468  30.217524      98.91 7.9463e+01   1110.064      26643  1031.6405  1031.6389     4.4680     0.0689     0.1189    34.5205    34.5187    7.95060         26 0.0000e+00
    838.000    827.658     0.4165  29.407719     0.4184  29.407645     4.6225     4.7163    -0.0010    94.1782 1.0000e-12  -74.11662 -112.66468  30.217536      98.51 8.1451e+01   1111.128      26668  1031.6455  1031.6436     4.4677     0.0704     0.1186    34.5209    34.5188    7.95051         25 0.0000e+00
    839.000    828.644     0.4175  29.409367     0.4193  29.409359     4.6221     4.7136    -0.0077    94.1850 1.0000e-12  -74.11662 -112.66468  30.217548      92.80 8.1364e+01   1112.189      26694  1031.6505  1031.6487     4.4680     0.0701     0.1180    34.5215    34.5194    7.95029         26 0.0000e+00
    840.000    829.629     0.4180  29.410556     0.4200  29.410518     4.6171     4.7097    -0.0009    94.1139 1.0000e-12  -74.11662 -112.66468  30.217561      96.17 7.8681e+01   1113.256      26719  1031.6554  1031.6535     4.4647     0.0703     0.1180    34.5219    34.5196    7.95016         25 0.0000e+00
    841.000    830.615     0.4187  29.411956     0.4207  29.411981     4.6233     4.7094     0.0063    94.1720 1.0000e-12  -74.11662 -112.66468  30.217573      95.40 8.1152e+01   1114.309      26744  1031.6604  1031.6585     4.4675     0.0707     0.1175    34.5224    34.5202    7.94999         26 0.0000e+00
    842.000    831.600     0.4197  29.413614     0.4216  29.413541     4.6178     4.7147    -0.0072    94.1926 1.0000e-12  -74.11662 -112.66468  30.217585      94.49 8.1827e+01   1115.377      26770  1031.6653  1031.6634     4.4684     0.0700     0.1347    34.5228    34.5206    7.94975         26 0.0000e+00
    843.000    832.587     0.4203  29.414556     0.4221  29.414443     4.6199     4.7119     0.0055    94.1843 1.0000e-12  -74.11662 -112.66468  30.217598      93.56 7.7412e+01   1116.462      26796  1031.6700  1031.6681     4.4680     0.0699     0.1155    34.5228    34.5207    7.94963         25 0.0000e+00
    844.000    833.571     0.4207  29.415586     0.4226  29.415465     4.6216     4.7120     0.0001    94.1844 1.0000e-12  -74.11662 -112.66468  30.217610      92.48 8.1073e+01   1117.515      26821  1031.6749  1031.6729     4.4680     0.0699     0.1176    34.5231    34.5209    7.94953         25 0.0000e+00
    845.000    834.558     0.4214  29.416873     0.4233  29.416761     4.6219     4.7127    -0.0066    94.2009 1.0000e-12  -74.11662 -112.66468  30.217622      91.24 8.1635e+01   1118.563      26847  1031.6797  1031.6777     4.4688     0.0682     0.1192    34.5235    34.5211    7.94937         26 0.0000e+00
    846.000    835.542     0.4220  29.417917     0.4239  29.417884     4.6233     4.7136    -0.0080    94.2165 1.0000e-12  -74.11662 -112.66467  30.217635      90.71 7.8096e+01   1119.630      26872  1031.6845  1031.6825     4.4696     0.0689     0.1186    34.5236    34.5214    7.94924         26 0.0000e+00
    847.000    836.530     0.4223  29.418667     0.4241  29.418433     4.6182     4.7062    -0.0019    94.2092 1.0000e-12  -74.11662 -112.66466  30.217647      89.27 8.1194e+01   1120.695      26898  1031.6892  1031.6872     4.4693     0.0694     0.1185    34.5237    34.5214    7.94918         25 0.0000e+00
    848.000    837.515     0.4221  29.418937     0.4240  29.418870     4.6200     4.7076    -0.0004    94.1990 1.0000e-12  -74.11662 -112.66466  30.217659      88.40 8.1296e+01   1121.759      26923  1031.6939  1031.6919     4.4688     0.0691     0.1170    34.5237    34.5214    7.94922         26 0.0000e+00
    849.000    838.499     0.4223  29.419507     0.4242  29.419522     4.6175     4.7089    -0.0004    94.1967 1.0000e-12  -74.11662 -112.66466  30.217672      87.58 7.7842e+01   1122.835      26949  1031.6985  1031.6967     4.4686     0.0684     0.1169    34.5236    34.5216    7.94918         25 0.0000e+00
    850.000    839.484     0.4233  29.421390     0.4254  29.421447     4.6154     4.7083    -0.0057    94.1362 1.0000e-12  -74.11662 -112.66466  30.217684      86.36 8.1137e+01   1123.889      26974  1031.7036  1031.7017     4.4658     0.0689     0.1182    34.5243    34.5221    7.94892         25 0.0000e+00
    851.000    840.472     0.4252  29.423820     0.4272  29.423862     4.6182     4.7107    -0.0083    94.1929 1.0000e-12  -74.11662 -112.66466  30.217696      85.43 8.1635e+01   1124.937      26999  1031.7085  1031.7066     4.4684     0.0684     0.1214    34.5249    34.5227    7.94851         26 0.0000e+00
    852.000    841.457     0.4254  29.424494     0.4274  29.424430     4.6185     4.7110    -0.0033    94.2067 1.0000e-12  -74.11662 -112.66466  30.217708      84.24 7.8152e+01   1126.008      27025  1031.7132  1031.7113     4.4691     0.0691     0.1188    34.5249    34.5227    7.94846         26 0.0000e+00
    853.000    842.442     0.4255  29.425046     0.4277  29.425294     4.6182     4.7112    -0.0004    94.1918 1.0000e-12  -74.11662 -112.66466  30.217721      83.19 7.9033e+01   1127.066      27051  1031.7180  1031.7160     4.4684     0.0677     0.1193    34.5249    34.5228    7.94844         25 0.0000e+00
    854.000    843.428     0.4268  29.426856     0.4292  29.427372     4.6199     4.7115    -0.0050    94.1997 1.0000e-12  -74.11662 -112.66466  30.217733      82.15 8.1409e+01   1128.109      27076  1031.7228  1031.7210     4.4688     0.0678     0.1175    34.5254    34.5233    7.94816         25 0.0000e+00
    855.000    844.413     0.4282  29.428915     0.4304  29.429149     4.6200     4.7089    -0.0077    94.2040 1.0000e-12  -74.11662 -112.66466  30.217745      81.25 7.9237e+01   1129.178      27101  1031.7277  1031.7259     4.4690     0.0676     0.1173    34.5258    34.5238    7.94783         25 0.0000e+00
    856.000    845.400     0.4288  29.430079     0.4307  29.429954     4.6178     4.6987    -0.0043    94.2019 1.0000e-12  -74.11662 -112.66466  30.217757      80.27 7.9262e+01   1130.243      27127  1031.7326  1031.7306     4.4689     0.0675     0.1173    34.5261    34.5239    7.94769         26 0.0000e+00
    857.000    846.384     0.4289  29.430551     0.4309  29.430538     4.6166     4.7056    -0.0036    94.1802 1.0000e-12  -74.11662 -112.66466  30.217770      79.46 8.1169e+01   1131.295      27152  1031.7372  1031.7353     4.4678     0.0670     0.1181    34.5261    34.5238    7.94768         25 0.0000e+00
    858.000    847.371     0.4299  29.432098     0.4319  29.432096     4.6221     4.7102    -0.0080    94.2121 1.0000e-12  -74.11662 -112.66466  30.217782      78.37 7.9585e+01   1132.365      27178  1031.7421  1031.7401     4.4694     0.0670     0.1196    34.5265    34.5242    7.94746         26 0.0000e+00
    859.000    848.355     0.4299  29.432547     0.4319  29.432476     4.6245     4.7091    -0.0077    94.2098 1.0000e-12  -74.11662 -112.66466  30.217794      77.20 7.9534e+01   1133.434      27203  1031.7467  1031.7448     4.4693     0.0657     0.1191    34.5264    34.5242    7.94745         26 0.0000e+00
    860.000    849.342     0.4299  29.432753     0.4318  29.432781     4.6178     4.7089    -0.0051    94.2203 1.0000e-12  -74.11662 -112.66466  30.217807      76.27 8.1434e+01   1134.494      27229  1031.7512  1031.7494     4.4697     0.0668     0.1188    34.5262    34.5241    7.94748         25 0.0000e+00
    861.000    850.328     0.4300  29.433386     0.4320  29.433422     4.6189     4.7080    -0.0039    94.2009 1.0000e-12  -74.11662 -112.66466  30.217819      75.16 8.0503e+01   1135.586      27255  1031.7560  1031.7541     4.4689     0.0670     0.1235    34.5263    34.5242    7.94745         27 0.0000e+00
    862.000    851.312     0.4303  29.434188     0.4323  29.434181     4.6188     4.7102    -0.0054    94.1900 1.0000e-12  -74.11662 -112.66466  30.217832      74.04 7.6302e+01   1136.681      27281  1031.7608  1031.7588     4.4683     0.0662     0.1166    34.5265    34.5242    7.94738         26 0.0000e+00
    863.000    852.297     0.4308  29.435257     0.4329  29.435403     4.6184     4.7064    -0.0005    94.1949 1.0000e-12  -74.11662 -112.66466  30.217844      73.05 7.7754e+01   1137.759      27307  1031.7656  1031.7638     4.4685     0.0663     0.1169    34.5267    34.5246    7.94726         26 0.0000e+00
    864.000    853.285     0.4315  29.436386     0.4335  29.436413     4.6168     4.6986    -0.0036    94.2133 1.0000e-12  -74.11662 -112.66466  30.217857      71.96 8.0691e+01   1138.871      27334  1031.7703  1031.7684     4.4694     0.0665     0.1171    34.5268    34.5247    7.94711         27 0.0000e+00
    865.000    854.270     0.4323  29.437832     0.4344  29.437874     4.6150     4.7039    -0.0090    94.2143 1.0000e-12  -74.11662 -112.66466  30.217870      70.95 7.8491e+01   1139.995      27361  1031.7752  1031.7732     4.4695     0.0671     0.1209    34.5273    34.5250    7.94691         27 0.0000e+00
    866.000    855.254     0.4332  29.439215     0.4352  29.439178     4.6165     4.7066    -0.0080    94.1964 1.0000e-12  -74.11662 -112.66466  30.217883      70.11 7.8352e+01   1141.111      27388  1031.7800  1031.7780     4.4686     0.0663     0.1204    34.5274    34.5252    7.94671         27 0.0000e+00
    867.000    856.240     0.4342  29.440794     0.4362  29.440672     4.6218     4.7074    -0.0077    94.2086 1.0000e-12  -74.11662 -112.66466  30.217896      69.01 8.0979e+01   1142.257      27415  1031.7849  1031.7829     4.4692     0.0661     0.1200    34.5279    34.5255    7.94650         27 0.0000e+00
    868.000    857.226     0.4353  29.442299     0.4372  29.442211     4.6206     4.7073    -0.0077    94.1939 1.0000e-12  -74.11662 -112.66466  30.217910      68.07 7.9877e+01   1143.417      27443  1031.7895  1031.7876     4.4685     0.0676     0.1194    34.5280    34.5258    7.94625         29 0.0000e+00
    869.000    858.211     0.4352  29.442778     0.4373  29.442731     4.6178     4.7072    -0.0077    94.2035 1.0000e-12  -74.11662 -112.66466  30.217924      66.97 7.9637e+01   1144.611      27472  1031.7944  1031.7923     4.4690     0.0657     0.1157    34.5282    34.5258    7.94627         29 0.0000e+00
    870.000    859.198     0.4359  29.443777     0.4378  29.443651     4.6153     4.7108    -0.0077    94.2036 1.0000e-12  -74.11662 -112.66466  30.217938      65.84 8.0901e+01   1145.839      27501  1031.7990  1031.7970     4.4690     0.0654     0.1193    34.5282    34.5259    7.94613         30 0.0000e+00
    871.000    860.182     0.4360  29.444380     0.4380  29.444312     4.6239     4.7027    -0.0142    94.2070 1.0000e-12  -74.11662 -112.66466  30.217952      64.89 8.0220e+01   1147.088      27531  1031.8037  1031.8017     4.4691     0.0654     0.1170    34.5283    34.5260    7.94610         30 0.0000e+00
    872.000    861.169     0.4362  29.445078     0.4383  29.444949     4.6153     4.7041    -0.0077    94.1976 1.0000e-12  -74.11662 -112.66466  30.217967      63.88 8.1207e+01   1148.350      27561  1031.8085  1031.8064     4.4686     0.0657     0.1178    34.5284    34.5259    7.94605         30 0.0000e+00
    873.000    862.154     0.4364  29.445667     0.4384  29.445604     4.6159     4.7010    -0.0004    94.1633 1.0000e-12  -74.11662 -112.66466  30.217982      62.92 8.1035e+01   1149.601      27591  1031.8131  1031.8111     4.4670     0.0652     0.1158    34.5284    34.5260    7.94602         30 0.0000e+00
    874.000    863.139     0.4371  29.446856     0.4390  29.446741     4.6151     4.7028    -0.0006    94.2065 1.0000e-12  -74.11662 -112.66466  30.217996      61.88 8.0047e+01   1150.839      27621  1031.8179  1031.8159     4.4691     0.0648     0.1178    34.5286    34.5263    7.94586         30 0.0000e+00
    875.000    864.125     0.4378  29.448016     0.4397  29.447971     4.6115     4.7058    -0.0040    94.1960 1.0000e-12  -74.11662 -112.66466  30.218010      60.96 8.1083e+01   1152.092      27651  1031.8227  1031.8207     4.4686     0.0669     0.1181    34.5288    34.5265    7.94571         30 0.0000e+00
    876.000    865.110     0.4388  29.449765     0.4409  29.449719     4.6120     4.7059    -0.0077    94.1941 1.0000e-12  -74.11662 -112.66466  30.218025      59.79 8.1093e+01   1153.359      27682  1031.8277  1031.8256     4.4685     0.0649     0.1182    34.5293    34.5270    7.94547         30 0.0000e+00
    877.000    866.096     0.4388  29.450198     0.4409  29.450276     4.6138     4.7042    -0.0084    94.2124 1.0000e-12  -74.11662 -112.66466  30.218040      58.87 8.0261e+01   1154.618      27712  1031.8323  1031.8303     4.4694     0.0654     0.1167    34.5293    34.5270    7.94546         30 0.0000e+00
    878.000    867.080     0.4390  29.450699     0.4410  29.450780     4.6165     4.7040    -0.0082    94.1935 1.0000e-12  -74.11662 -112.66466  30.218054      57.94 8.1202e+01   1155.843      27741  1031.8370  1031.8350     4.4685     0.0649     0.1205    34.5292    34.5270    7.94544         30 0.0000e+00
    879.000    868.068     0.4395  29.451858     0.4417  29.452059     4.6124     4.6963    -0.0015    94.1933 1.0000e-12  -74.11662 -112.66466  30.218068      56.90 8.1410e+01   1157.064      27771  1031.8418  1031.8399     4.4685     0.0654     0.1185    34.5296    34.5274    7.94531         27 0.0000e+00
    880.000    869.052     0.4399  29.452816     0.4419  29.452767     4.6149     4.6978    -0.0082    94.1814 1.0000e-12  -74.11662 -112.66466  30.218082      55.88 7.7252e+01   1158.295      27800  1031.8467  1031.8447     4.4678     0.0645     0.1185    34.5298    34.5275    7.94522         29 0.0000e+00
    881.000    870.037     0.4404  29.453910     0.4424  29.453890     4.6144     4.7034    -0.0077    94.1969 1.0000e-12  -74.11662 -112.66466  30.218096      54.95 8.0542e+01   1159.535      27830  1031.8515  1031.8495     4.4687     0.0648     0.1182    34.5301    34.5278    7.94509         30 0.0000e+00
