ocean_section_plots/required_files/ctd/dnbp2202_ctd145.cnv
* Sea-Bird SBE 9 Data File:
* FileName = D:\Data\raw\NBP2202_CTD145.hex
* Software Version Seasave V 7.26.7.121
* Temperature SN = 1649
* Conductivity SN = 2513
* Number of Bytes Per Scan = 40
* Number of Voltage Words = 5
* Number of Scans Averaged by the Deck Unit = 1
* NMEA Latitude = 74 07.00 S
* NMEA Longitude = 113 09.89 W
* NMEA UTC (Time) = Jan 30 2022  09:13:00
* NMEA baud rate = 9600
** Ship: RVIB N.B. Palmer
** Cruise: NBP2202 Thwaites
** Station: 73
** Operator: B. Bjork
# nquan = 28
# nvalues = 532                         
# units = specified
# name 0 = prDM: Pressure, Digiquartz [db]
# name 1 = depSM: Depth [salt water, m]
# name 2 = t090C: Temperature [ITS-90, deg C]
# name 3 = c0mS/cm: Conductivity [mS/cm]
# name 4 = t190C: Temperature, 2 [ITS-90, deg C]
# name 5 = c1mS/cm: Conductivity, 2 [mS/cm]
# name 6 = sbeox0ML/L: Oxygen, SBE 43 [ml/l]
# name 7 = sbeox1ML/L: Oxygen, SBE 43, 2 [ml/l]
# name 8 = flECO-AFL: Fluorescence, WET Labs ECO-AFL/FL [mg/m^3]
# name 9 = CStarTr0: Beam Transmission, WET Labs C-Star [%]
# name 10 = par: PAR/Irradiance, Biospherical/Licor
# name 11 = latitude: Latitude [deg]
# name 12 = longitude: Longitude [deg]
# name 13 = timeJ: Julian Days
# name 14 = altM: Altimeter [m]
# name 15 = spar: SPAR, Biospherical/Licor
# name 16 = timeS: Time, Elapsed [seconds]
# name 17 = scan: Scan Count
# name 18 = density00: Density [density, kg/m^3]
# name 19 = density11: Density, 2 [density, kg/m^3]
# name 20 = v3: Voltage 3
# name 21 = v4: Voltage 4
# name 22 = v5: Voltage 5
# name 23 = sal00: Salinity, Practical [PSU]
# name 24 = sal11: Salinity, Practical, 2 [PSU]
# name 25 = oxsolML/L: Oxygen Saturation, Garcia & Gordon [ml/l]
# name 26 = nbin: number of scans per bin
# name 27 = flag: flag
# span 0 =      3.000,    534.000       
# span 1 =      2.970,    527.792       
# span 2 =    -1.5231,     0.0532       
# span 3 =  26.992521,  28.850704       
# span 4 =    -1.5221,     0.0549       
# span 5 =  26.992366,  28.850037       
# span 6 =     4.7030,     8.4689       
# span 7 =     4.7895,     8.5303       
# span 8 =    -0.0226,    27.0954       
# span 9 =    68.3256,    93.2331       
# span 10 = 1.0000e-12, 7.3553e+00      
# span 11 =  -74.11668,  -74.11668      
# span 12 = -113.16494, -113.16490      
# span 13 =  30.384975,  30.392357      
# span 14 =       4.74,     100.08      
# span 15 = 3.6324e+01, 5.1127e+01      
# span 16 =     81.809,    719.673      
# span 17 =       1964,      17273      
# span 18 =  1027.1985,  1030.1273      
# span 19 =  1027.1976,  1030.1250      
# span 20 =     3.2419,     4.4229      
# span 21 =     0.0631,     3.9749      
# span 22 =     0.1238,     0.2458      
# span 23 =    33.8046,    34.3719      
# span 24 =    33.8025,    34.3693      
# span 25 =    8.03431,    8.40596      
# span 26 =         22,         48      
# span 27 = 0.0000e+00, 0.0000e+00      
# interval = decibars: 1                
# start_time = Jan 30 2022 09:13:00 [NMEA time, header]
# bad_flag = -9.990e-29
*END*
[from data line 363]
    366.000    361.893    -0.2160  28.472573    -0.2139  28.472356     4.7869     4.8793    -0.0150    92.7460 1.0000e-12  -74.11668 -113.16492  30.389744      80.49 4.9361e+01    493.855      11854  1029.2702  1029.2679     4.3999     0.0688     0.1384    34.2720    34.2692    8.09674         24 0.0000e+00
    367.000    362.882    -0.2163  28.472726    -0.2142  28.472516     4.7874     4.8795    -0.0123    92.7279 1.0000e-12  -74.11668 -113.16492  30.389755      93.64 4.9361e+01    494.845      11877  1029.2749  1029.2727     4.3990     0.0688     0.1414    34.2719    34.2692    8.09680         24 0.0000e+00
    368.000    363.868    -0.2168  28.472794    -0.2145  28.472605     4.7905     4.8801    -0.0153    92.7224 1.0000e-12  -74.11668 -113.16492  30.389767      99.51 4.9361e+01    495.847      11901  1029.2798  1029.2774     4.3987     0.0698     0.1372    34.2719    34.2691    8.09690         24 0.0000e+00
    369.000    364.856    -0.2164  28.473889    -0.2142  28.473551     4.7868     4.8790    -0.0109    92.7185 1.0000e-12  -74.11668 -113.16492  30.389778      99.95 4.9361e+01    496.834      11925  1029.2848  1029.2824     4.3985     0.0695     0.1393    34.2723    34.2694    8.09679         23 0.0000e+00
    370.000    365.845    -0.2155  28.475402    -0.2131  28.475430     4.7806     4.8810    -0.0117    92.7309 1.0000e-12  -74.11668 -113.16492  30.389789      99.94 4.9361e+01    497.811      11948  1029.2898  1029.2875     4.3991     0.0732     0.1404    34.2727    34.2701    8.09658         24 0.0000e+00
    371.000    366.832    -0.2134  28.478454    -0.2111  28.478219     4.7810     4.8815    -0.0173    92.7162 1.0000e-12  -74.11668 -113.16492  30.389801      99.94 4.9361e+01    498.796      11972  1029.2953  1029.2929     4.3984     0.0692     0.1406    34.2739    34.2710    8.09608         23 0.0000e+00
    372.000    367.820    -0.2123  28.480149    -0.2101  28.479995     4.7879     4.8735    -0.0109    92.7236 1.0000e-12  -74.11668 -113.16492  30.389812      99.94 4.9361e+01    499.786      11996  1029.3004  1029.2980     4.3988     0.0705     0.1391    34.2743    34.2716    8.09582         24 0.0000e+00
    373.000    368.808    -0.2107  28.482396    -0.2088  28.481911     4.7850     4.8694    -0.0028    92.7198 1.0000e-12  -74.11668 -113.16492  30.389824      99.94 4.9361e+01    500.781      12020  1029.3054  1029.3030     4.3986     0.0710     0.1419    34.2749    34.2721    8.09545         25 0.0000e+00
    374.000    369.795    -0.2091  28.484638    -0.2068  28.484425     4.7837     4.8760    -0.0007    92.7074 1.0000e-12  -74.11668 -113.16492  30.389835      99.94 4.9361e+01    501.785      12044  1029.3105  1029.3081     4.3980     0.0678     0.1399    34.2754    34.2726    8.09507         23 0.0000e+00
    375.000    370.784    -0.2089  28.485249    -0.2066  28.485002     4.7860     4.8770    -0.0108    92.7127 1.0000e-12  -74.11668 -113.16492  30.389847      99.94 4.9361e+01    502.777      12068  1029.3153  1029.3128     4.3982     0.0703     0.1436    34.2754    34.2726    8.09502         24 0.0000e+00
    376.000    371.773    -0.2087  28.486053    -0.2065  28.485745     4.7860     4.8727    -0.0180    92.7039 1.0000e-12  -74.11668 -113.16492  30.389858      99.95 4.9361e+01    503.759      12091  1029.3203  1029.3178     4.3977     0.0704     0.1438    34.2757    34.2728    8.09498         23 0.0000e+00
    377.000    372.759    -0.2083  28.487027    -0.2060  28.486790     4.7808     4.8670    -0.0150    92.7022 1.0000e-12  -74.11668 -113.16492  30.389870      99.94 4.9361e+01    504.754      12115  1029.3251  1029.3227     4.3978     0.0704     0.1396    34.2759    34.2731    8.09487         25 0.0000e+00
    378.000    373.746    -0.2082  28.487572    -0.2059  28.487332     4.7868     4.8746    -0.0103    92.6973 1.0000e-12  -74.11668 -113.16492  30.389881      99.94 4.9361e+01    505.745      12139  1029.3299  1029.3274     4.3974     0.0704     0.1407    34.2760    34.2731    8.09485         23 0.0000e+00
    379.000    374.736    -0.2080  28.488250    -0.2058  28.488002     4.7833     4.8708    -0.0107    92.6804 1.0000e-12  -74.11668 -113.16492  30.389893      73.72 4.9361e+01    506.738      12163  1029.3347  1029.3323     4.3967     0.0656     0.1413    34.2760    34.2732    8.09480         24 0.0000e+00
    380.000    375.724    -0.2062  28.491290    -0.2043  28.490449     4.7829     4.8727    -0.0095    92.6924 1.0000e-12  -74.11668 -113.16492  30.389904      83.98 4.9361e+01    507.731      12187  1029.3405  1029.3378     4.3973     0.0680     0.1402    34.2775    34.2743    8.09435         24 0.0000e+00
    381.000    376.710    -0.2025  28.495506    -0.2009  28.494500     4.7765     4.8740    -0.0101    92.6775 1.0000e-12  -74.11668 -113.16492  30.389916      99.73 4.9578e+01    508.716      12210  1029.3456  1029.3430     4.3965     0.0693     0.1412    34.2783    34.2752    8.09351         24 0.0000e+00
    382.000    377.699    -0.2009  28.497902    -0.1988  28.497348     4.7756     4.8668    -0.0096    92.6549 1.0000e-12  -74.11668 -113.16492  30.389927      99.94 4.9363e+01    509.701      12234  1029.3508  1029.3482     4.3955     0.0704     0.1449    34.2791    34.2760    8.09312         23 0.0000e+00
    383.000    378.686    -0.2007  28.498562    -0.1985  28.498210     4.7762     4.8696    -0.0025    92.6569 1.0000e-12  -74.11668 -113.16492  30.389939      99.94 5.0539e+01    510.689      12258  1029.3556  1029.3532     4.3956     0.0689     0.1422    34.2791    34.2762    8.09307         24 0.0000e+00
    384.000    379.674    -0.1993  28.500689    -0.1973  28.500196     4.7748     4.8724    -0.0147    92.6505 1.0000e-12  -74.11668 -113.16492  30.389950      99.94 4.9878e+01    511.684      12281  1029.3609  1029.3583     4.3953     0.0699     0.1419    34.2799    34.2769    8.09275         24 0.0000e+00
    385.000    380.663    -0.1950  28.505605    -0.1930  28.505251     4.7774     4.8688    -0.0125    92.6704 1.0000e-12  -74.11668 -113.16492  30.389961      99.94 4.9361e+01    512.667      12305  1029.3661  1029.3638     4.3962     0.0692     0.1423    34.2810    34.2782    8.09177         23 0.0000e+00
    386.000    381.650    -0.1940  28.507043    -0.1918  28.506877     4.7781     4.8693    -0.0109    92.6458 1.0000e-12  -74.11668 -113.16492  30.389973      99.94 4.9361e+01    513.658      12329  1029.3710  1029.3687     4.3951     0.0702     0.1412    34.2812    34.2785    8.09155         25 0.0000e+00
    387.000    382.639    -0.1928  28.508768    -0.1910  28.508115     4.7758     4.8697    -0.0134    92.6668 1.0000e-12  -74.11668 -113.16492  30.389984      99.95 4.9361e+01    514.659      12353  1029.3759  1029.3735     4.3961     0.0704     0.1453    34.2815    34.2787    8.09127         23 0.0000e+00
    388.000    383.624    -0.1911  28.511035    -0.1891  28.510555     4.7705     4.8687    -0.0126    92.6645 1.0000e-12  -74.11668 -113.16492  30.389996      99.94 4.9361e+01    515.637      12376  1029.3809  1029.3786     4.3959     0.0702     0.1428    34.2820    34.2792    8.09087         24 0.0000e+00
    389.000    384.614    -0.1900  28.512553    -0.1879  28.512327     4.7704     4.8651    -0.0024    92.6692 1.0000e-12  -74.11668 -113.16492  30.390007      99.95 4.9361e+01    516.617      12400  1029.3858  1029.3836     4.3962     0.0716     0.1445    34.2822    34.2796    8.09064         23 0.0000e+00
    390.000    385.601    -0.1889  28.514382    -0.1868  28.514150     4.7732     4.8625    -0.0105    92.6448 1.0000e-12  -74.11668 -113.16492  30.390019      99.94 4.9361e+01    517.617      12424  1029.3909  1029.3887     4.3951     0.0699     0.1415    34.2828    34.2801    8.09037         24 0.0000e+00
    391.000    386.590    -0.1877  28.516077    -0.1856  28.515857     4.7738     4.8644    -0.0181    92.6591 1.0000e-12  -74.11668 -113.16492  30.390030      99.94 4.9361e+01    518.606      12448  1029.3959  1029.3936     4.3957     0.0692     0.1404    34.2831    34.2805    8.09010         24 0.0000e+00
    392.000    387.577    -0.1871  28.517198    -0.1850  28.516947     4.7744     4.8652    -0.0096    92.6580 1.0000e-12  -74.11668 -113.16492  30.390042      91.62 4.9361e+01    519.586      12471  1029.4007  1029.3984     4.3956     0.0693     0.1420    34.2833    34.2806    8.08996         23 0.0000e+00
    393.000    388.565    -0.1858  28.519070    -0.1838  28.518642     4.7744     4.8666    -0.0095    92.6548 1.0000e-12  -74.11668 -113.16492  30.390053      84.11 4.9361e+01    520.563      12495  1029.4058  1029.4034     4.3955     0.0685     0.1429    34.2838    34.2810    8.08966         24 0.0000e+00
    394.000    389.550    -0.1847  28.520863    -0.1826  28.520493     4.7726     4.8673    -0.0156    92.6643 1.0000e-12  -74.11668 -113.16492  30.390064      96.17 4.9361e+01    521.552      12518  1029.4109  1029.4085     4.3959     0.0689     0.1448    34.2843    34.2815    8.08940         24 0.0000e+00
    395.000    390.541    -0.1833  28.522739    -0.1814  28.522326     4.7685     4.8629    -0.0114    92.6655 1.0000e-12  -74.11668 -113.16491  30.390076      99.92 4.9361e+01    522.556      12542  1029.4158  1029.4135     4.3960     0.0706     0.1442    34.2847    34.2819    8.08908         24 0.0000e+00
    396.000    391.528    -0.1815  28.525332    -0.1794  28.525078     4.7709     4.8588    -0.0147    92.6666 1.0000e-12  -74.11668 -113.16491  30.390088      99.94 4.9361e+01    523.563      12567  1029.4210  1029.4188     4.3961     0.0695     0.1403    34.2854    34.2828    8.08864         24 0.0000e+00
    397.000    392.516    -0.1790  28.528651    -0.1767  28.528504     4.7718     4.8621    -0.0157    92.6670 1.0000e-12  -74.11668 -113.16491  30.390099      99.94 4.9361e+01    524.546      12590  1029.4264  1029.4241     4.3961     0.0692     0.1430    34.2865    34.2837    8.08806         23 0.0000e+00
    398.000    393.504    -0.1730  28.536111    -0.1708  28.535871     4.7676     4.8663    -0.0099    92.6762 1.0000e-12  -74.11668 -113.16490  30.390110      99.94 4.9361e+01    525.515      12613  1029.4327  1029.4303     4.3965     0.0704     0.1427    34.2891    34.2863    8.08664         24 0.0000e+00
    399.000    394.492    -0.1697  28.540017    -0.1675  28.539867     4.7706     4.8645    -0.0116    92.6562 1.0000e-12  -74.11668 -113.16490  30.390122      99.94 4.9361e+01    526.504      12637  1029.4380  1029.4357     4.3956     0.0700     0.1433    34.2900    34.2873    8.08589         24 0.0000e+00
    400.000    395.478    -0.1684  28.542066    -0.1660  28.542013     4.7749     4.8602    -0.0106    92.6659 1.0000e-12  -74.11668 -113.16490  30.390133      99.94 4.9361e+01    527.498      12661  1029.4432  1029.4408     4.3960     0.0715     0.1423    34.2906    34.2879    8.08558         23 0.0000e+00
    401.000    396.467    -0.1652  28.546152    -0.1630  28.545957     4.7695     4.8603    -0.0092    92.6633 1.0000e-12  -74.11668 -113.16490  30.390145      99.94 4.9361e+01    528.486      12685  1029.4487  1029.4463     4.3959     0.0690     0.1439    34.2919    34.2891    8.08483         24 0.0000e+00
    402.000    397.454    -0.1631  28.548863    -0.1610  28.548517     4.7691     4.8561    -0.0106    92.6546 1.0000e-12  -74.11668 -113.16490  30.390156      99.94 4.9361e+01    529.470      12708  1029.4539  1029.4514     4.3955     0.0704     0.1427    34.2926    34.2897    8.08435         23 0.0000e+00
    403.000    398.443    -0.1608  28.551851    -0.1584  28.551799     4.7664     4.8577    -0.0095    92.6873 1.0000e-12  -74.11668 -113.16490  30.390167      99.94 4.9361e+01    530.447      12732  1029.4590  1029.4567     4.3970     0.0697     0.1449    34.2933    34.2906    8.08381         24 0.0000e+00
    404.000    399.430    -0.1592  28.553874    -0.1571  28.553699     4.7658     4.8532    -0.0090    92.6566 1.0000e-12  -74.11668 -113.16490  30.390179      99.94 4.9361e+01    531.426      12755  1029.4640  1029.4618     4.3956     0.0695     0.1421    34.2936    34.2911    8.08347         23 0.0000e+00
    405.000    400.417    -0.1567  28.557312    -0.1545  28.556971     4.7636     4.8569    -0.0095    92.6537 1.0000e-12  -74.11668 -113.16490  30.390190      74.71 4.9361e+01    532.406      12779  1029.4694  1029.4670     4.3955     0.0663     0.1439    34.2948    34.2919    8.08286         24 0.0000e+00
    406.000    401.405    -0.1554  28.559106    -0.1532  28.558938     4.7652     4.8603    -0.0090    92.6467 1.0000e-12  -74.11668 -113.16490  30.390201      90.97 4.9361e+01    533.390      12802  1029.4744  1029.4721     4.3951     0.0682     0.1431    34.2951    34.2925    8.08257         23 0.0000e+00
    407.000    402.391    -0.1535  28.561662    -0.1516  28.561167     4.7641     4.8559    -0.0089    92.6425 1.0000e-12  -74.11668 -113.16490  30.390213      98.05 4.9361e+01    534.371      12826  1029.4796  1029.4772     4.3949     0.0697     0.1437    34.2958    34.2929    8.08214         25 0.0000e+00
    408.000    403.382    -0.1525  28.563306    -0.1503  28.563032     4.7637     4.8502    -0.0131    92.6586 1.0000e-12  -74.11668 -113.16490  30.390224      99.87 4.9361e+01    535.364      12850  1029.4847  1029.4822     4.3957     0.0695     0.1460    34.2963    34.2935    8.08190         24 0.0000e+00
    409.000    404.369    -0.1507  28.565824    -0.1485  28.565563     4.7673     4.8542    -0.0159    92.6492 1.0000e-12  -74.11668 -113.16490  30.390236      99.94 4.9361e+01    536.362      12874  1029.4898  1029.4875     4.3952     0.0696     0.1432    34.2969    34.2942    8.08147         23 0.0000e+00
    410.000    405.355    -0.1494  28.567656    -0.1473  28.567396     4.7684     4.8544    -0.0105    92.6377 1.0000e-12  -74.11668 -113.16490  30.390247      99.94 4.9361e+01    537.351      12897  1029.4948  1029.4925     4.3947     0.0703     0.1424    34.2973    34.2947    8.08117         23 0.0000e+00
    411.000    406.345    -0.1485  28.569128    -0.1464  28.568851     4.7664     4.8557    -0.0100    92.6373 1.0000e-12  -74.11668 -113.16490  30.390259      99.94 4.9361e+01    538.346      12921  1029.4998  1029.4974     4.3947     0.0710     0.1416    34.2977    34.2950    8.08096         25 0.0000e+00
    412.000    407.330    -0.1493  28.568617    -0.1470  28.568592     4.7617     4.8585    -0.0014    92.6376 1.0000e-12  -74.11668 -113.16490  30.390270      99.94 4.9361e+01    539.347      12945  1029.5043  1029.5021     4.3947     0.0706     0.1456    34.2973    34.2948    8.08115         24 0.0000e+00
    413.000    408.321    -0.1485  28.569981    -0.1466  28.569574     4.7640     4.8569    -0.0097    92.6355 1.0000e-12  -74.11668 -113.16490  30.390282      99.94 4.9361e+01    540.336      12969  1029.5092  1029.5070     4.3946     0.0690     0.1436    34.2976    34.2950    8.08096         24 0.0000e+00
    414.000    409.307    -0.1481  28.570909    -0.1460  28.570579     4.7630     4.8533    -0.0152    92.6407 1.0000e-12  -74.11668 -113.16490  30.390293      99.94 4.9361e+01    541.333      12993  1029.5142  1029.5118     4.3948     0.0699     0.1439    34.2978    34.2951    8.08087         24 0.0000e+00
    415.000    410.294    -0.1480  28.571414    -0.1458  28.571294     4.7631     4.8465    -0.0109    92.6413 1.0000e-12  -74.11668 -113.16492  30.390305      99.95 4.9361e+01    542.331      13017  1029.5189  1029.5166     4.3949     0.0688     0.1450    34.2978    34.2952    8.08085         23 0.0000e+00
    416.000    411.283    -0.1482  28.571587    -0.1461  28.571334     4.7648     4.8502    -0.0095    92.6365 1.0000e-12  -74.11668 -113.16490  30.390316      99.94 4.9361e+01    543.319      13041  1029.5236  1029.5213     4.3946     0.0706     0.1468    34.2977    34.2950    8.08091         24 0.0000e+00
