ocean_section_plots/required_files/ctd/dnbp2202_ctd043.cnv
* Sea-Bird SBE 9 Data File:
* FileName = D:\Data\raw\NBP2202_CTD043.hex
* Software Version Seasave V 7.26.7.121
* Temperature SN = 1649
* Conductivity SN = 2513
* Number of Bytes Per Scan = 40
* Number of Voltage Words = 5
* Number of Scans Averaged by the Deck Unit = 1
* NMEA Latitude = 74 09.37 S
* NMEA Longitude = 113 19.35 W
* NMEA UTC (Time) = Jan 23 2022  11:31:37
* NMEA baud rate = 9600
** Ship: RVIB N.B. Palmer
** Cruise: NBP2202 Thwaites
** Station: 24
** Operator: B. Bjork
# nquan = 25
# nvalues = 447                         
# units = specified
# name 0 = prDM: Pressure, Digiquartz [db]
# name 1 = depSM: Depth [salt water, m]
# name 2 = t090C: Temperature [ITS-90, deg C]
# name 3 = c0mS/cm: Conductivity [mS/cm]
# name 4 = t190C: Temperature, 2 [ITS-90, deg C]
# name 5 = c1mS/cm: Conductivity, 2 [mS/cm]
# name 6 = sbeox0ML/L: Oxygen, SBE 43 [ml/l]
# name 7 = sbeox1ML/L: Oxygen, SBE 43, 2 [ml/l]
# name 8 = flECO-AFL: Fluorescence, WET Labs ECO-AFL/FL [mg/m^3]
# name 9 = CStarTr0: Beam Transmission, WET Labs C-Star [%]
# name 10 = par: PAR/Irradiance, Biospherical/Licor
# name 11 = latitude: Latitude [deg]
# name 12 = longitude: Longitude [deg]
# name 13 = timeJ: Julian Days
# name 14 = altM: Altimeter [m]
# name 15 = spar: SPAR, Biospherical/Licor
# name 16 = timeS: Time, Elapsed [seconds]
# name 17 = scan: Scan Count
# name 18 = density00: Density [density, kg/m^3]
# name 19 = density11: Density, 2 [density, kg/m^3]
# name 20 = sal00: Salinity, Practical [PSU]
# name 21 = sal11: Salinity, Practical, 2 [PSU]
# name 22 = oxsolML/L: Oxygen Saturation, Garcia & Gordon [ml/l]
# name 23 = nbin: number of scans per bin
# name 24 = flag: flag
# span 0 =      2.000,    448.000       
# span 1 =      1.981,    442.880       
# span 2 =    -1.4515,    -0.1612       
# span 3 =  26.989386,  28.566206       
# span 4 =    -1.4509,    -0.1592       
# span 5 =  26.989024,  28.565791       
# span 6 =     4.7948,     7.0519       
# span 7 =     5.0555,     7.4693       
# span 8 =    -0.0224,     7.5951       
# span 9 =    85.4623,    96.2799       
# span 10 = 1.0000e-12, 7.8885e+01      
# span 11 =  -74.15630,  -74.15628      
# span 12 = -113.32258, -113.32254      
# span 13 =  23.482606,  23.491001      
# span 14 =       8.31,     100.26      
# span 15 = 1.1511e+03, 1.1821e+03      
# span 16 =    200.184,    925.457      
# span 17 =       4805,      22212      
# span 18 =  1027.2269,  1029.6680      
# span 19 =  1027.2275,  1029.6652      
# span 20 =    33.8236,    34.2902      
# span 21 =    33.8230,    34.2875      
# span 22 =    8.08408,    8.39152      
# span 23 =         24,         53      
# span 24 = 0.0000e+00, 0.0000e+00      
# interval = decibars: 1                
# start_time = Jan 23 2022 11:31:37 [NMEA time, header]
# bad_flag = -9.990e-29
*END*
      2.000      1.981    -1.3584  27.029162    -1.3575  27.030513     6.8074     6.6059     5.0260    87.4857 7.8885e+01  -74.15628 -113.32256  23.482606      83.13 1.1511e+03    200.184       4805  1027.2269  1027.2275    33.8298    33.8306    8.37189         24 0.0000e+00
      3.000      2.974    -1.3648  27.025010    -1.3648  27.025085     6.8037     6.5973     4.9384    86.8620 6.2864e+01  -74.15628 -113.32258  23.482685      98.52 1.1512e+03    206.985       4969  1027.2326  1027.2328    33.8307    33.8309    8.37328         27 0.0000e+00
      4.000      3.960    -1.3630  27.026732    -1.3641  27.026150     6.8028     6.6317     4.7809    87.4494 5.1553e+01  -74.15628 -113.32258  23.482724      99.65 1.1526e+03    210.340       5049  1027.2370  1027.2375    33.8304    33.8309    8.37288         38 0.0000e+00
      5.000      4.949    -1.3640  27.026776    -1.3642  27.026790     6.7911     6.6853     4.6223    87.5371 4.1410e+01  -74.15628 -113.32258  23.482755      99.72 1.1534e+03    213.033       5114  1027.2423  1027.2425    33.8310    33.8312    8.37308         39 0.0000e+00
      6.000      5.938    -1.3657  27.025940    -1.3661  27.025792     6.7996     6.7828     5.2609    87.1692 3.4536e+01  -74.15628 -113.32258  23.482785      90.30 1.1529e+03    215.598       5175  1027.2474  1027.2476    33.8312    33.8314    8.37346         48 0.0000e+00
      7.000      6.927    -1.3599  27.030728    -1.3607  27.029753     6.8545     6.9284     3.9992    87.2084 2.8200e+01  -74.15628 -113.32258  23.482811      88.27 1.1529e+03    217.888       5230  1027.2513  1027.2510    33.8305    33.8300    8.37218         44 0.0000e+00
      8.000      7.916    -1.3509  27.038276    -1.3510  27.037480     6.9278     7.0882     4.9124    87.7581 2.3364e+01  -74.15628 -113.32258  23.482838      99.50 1.1524e+03    220.173       5285  1027.2553  1027.2544    33.8301    33.8290    8.37019         30 0.0000e+00
      9.000      8.908    -1.3303  27.052986    -1.3310  27.053845     6.9480     7.1940     5.7252    87.2042 1.9394e+01  -74.15628 -113.32258  23.482862      99.64 1.1517e+03    222.292       5336  1027.2559  1027.2575    33.8263    33.8283    8.36579         35 0.0000e+00
     10.000      9.896    -1.3354  27.049632    -1.3300  27.053138     7.0189     7.3153     5.5850    86.8127 1.6321e+01  -74.15628 -113.32258  23.482884      99.70 1.1517e+03    224.207       5382  1027.2617  1027.2604    33.8269    33.8257    8.36690         44 0.0000e+00
     11.000     10.886    -1.3208  27.060693    -1.3181  27.062250     7.0378     7.3953     5.8225    87.2743 1.3533e+01  -74.15628 -113.32258  23.482908      99.64 1.1517e+03    226.277       5432  1027.2642  1027.2633    33.8249    33.8240    8.36375         36 0.0000e+00
     12.000     11.875    -1.3195  27.061990    -1.3188  27.062200     7.0194     7.4223     5.7338    87.0654 1.1308e+01  -74.15628 -113.32257  23.482932      99.62 1.1521e+03    228.321       5481  1027.2689  1027.2685    33.8246    33.8241    8.36347         40 0.0000e+00
     13.000     12.865    -1.3215  27.060901    -1.3206  27.061362     7.0266     7.4434     5.9171    86.5249 9.4637e+00  -74.15628 -113.32257  23.482955      96.04 1.1512e+03    230.272       5528  1027.2740  1027.2737    33.8247    33.8244    8.36391         41 0.0000e+00
     14.000     13.855    -1.3180  27.063945    -1.3178  27.063732     7.0519     7.4693     6.6289    87.2908 7.9884e+00  -74.15628 -113.32257  23.482977      97.73 1.1540e+03    232.202       5574  1027.2784  1027.2780    33.8244    33.8239    8.36315         40 0.0000e+00
     15.000     14.843    -1.3094  27.070857    -1.3103  27.069708     7.0265     7.4637     7.5951    85.5620 6.6475e+00  -74.15628 -113.32257  23.483000      99.71 1.1534e+03    234.203       5622  1027.2822  1027.2818    33.8236    33.8230    8.36128         41 0.0000e+00
     16.000     15.833    -1.3249  27.058703    -1.3226  27.061053     6.8083     7.2584     7.0184    85.4623 5.5309e+00  -74.15628 -113.32256  23.483023      99.62 1.1529e+03    236.216       5670  1027.2882  1027.2886    33.8238    33.8244    8.36475         38 0.0000e+00
     17.000     16.824    -1.3666  27.030380    -1.3641  27.032725     6.6711     7.1171     6.7872    86.9835 4.6263e+00  -74.15628 -113.32257  23.483046      99.62 1.1530e+03    238.211       5718  1027.3015  1027.3016    33.8313    33.8318    8.37364         33 0.0000e+00
     18.000     17.812    -1.3797  27.022027    -1.3807  27.020824     6.7466     7.1631     5.9501    86.7429 3.8911e+00  -74.15628 -113.32257  23.483069      99.65 1.1533e+03    240.199       5766  1027.3090  1027.3086    33.8340    33.8335    8.37642         44 0.0000e+00
     19.000     18.804    -1.3618  27.035188    -1.3626  27.034198     6.7560     7.1388     5.5954    85.9460 3.3021e+00  -74.15628 -113.32258  23.483092      99.72 1.1524e+03    242.174       5813  1027.3102  1027.3099    33.8313    33.8308    8.37257         37 0.0000e+00
     20.000     19.793    -1.3703  27.028867    -1.3776  27.024025     6.6079     7.0137     5.4172    86.6988 2.8567e+00  -74.15628 -113.32257  23.483115      97.11 1.1530e+03    244.160       5861  1027.3157  1027.3174    33.8315    33.8331    8.37446         42 0.0000e+00
     21.000     20.782    -1.4027  27.006289    -1.4045  27.005433     6.4888     6.9090     5.9274    87.2131 2.4661e+00  -74.15628 -113.32258  23.483138      99.66 1.1564e+03    246.156       5909  1027.3263  1027.3270    33.8366    33.8374    8.38145         38 0.0000e+00
     22.000     21.772    -1.4139  26.999185    -1.4162  26.997486     6.4539     6.8703     5.2038    88.2331 2.1485e+00  -74.15628 -113.32258  23.483161      99.73 1.1558e+03    248.121       5956  1027.3333  1027.3335    33.8389    33.8391    8.38384         35 0.0000e+00
     23.000     22.761    -1.4187  26.996416    -1.4204  26.995131     6.4571     6.8674     4.3937    87.7610 1.8911e+00  -74.15628 -113.32258  23.483184      99.76 1.1555e+03    250.095       6003  1027.3388  1027.3390    33.8398    33.8400    8.38485         43 0.0000e+00
     24.000     23.749    -1.4203  26.995958    -1.4207  26.995435     6.4680     6.8721     4.0263    88.1365 1.6687e+00  -74.15629 -113.32258  23.483207      99.78 1.1560e+03    252.060       6050  1027.3440  1027.3437    33.8404    33.8401    8.38519         37 0.0000e+00
     25.000     24.741    -1.4201  26.996648    -1.4199  26.996585     6.4788     6.8750     4.1695    88.4358 1.4921e+00  -74.15629 -113.32258  23.483229      99.73 1.1559e+03    254.002       6097  1027.3487  1027.3483    33.8405    33.8402    8.38514         38 0.0000e+00
     26.000     25.728    -1.4197  26.997498    -1.4196  26.997293     6.4696     6.8666     3.5266    89.3174 1.3466e+00  -74.15630 -113.32258  23.483252      99.78 1.1548e+03    255.999       6145  1027.3534  1027.3530    33.8406    33.8402    8.38504         37 0.0000e+00
     27.000     26.721    -1.4212  26.997011    -1.4233  26.995403     6.4402     6.8351     3.8698    89.8661 1.2285e+00  -74.15630 -113.32258  23.483275      99.60 1.1536e+03    257.955       6192  1027.3585  1027.3587    33.8410    33.8411    8.38536         32 0.0000e+00
     28.000     27.707    -1.4302  26.990988    -1.4297  26.991232     6.4227     6.8200     4.1247    89.3391 1.1131e+00  -74.15630 -113.32257  23.483298      99.74 1.1548e+03    259.912       6239  1027.3647  1027.3645    33.8422    33.8420    8.38730         43 0.0000e+00
     29.000     28.699    -1.4314  26.990963    -1.4315  26.990553     6.4045     6.7980     3.6373    89.8925 1.0100e+00  -74.15630 -113.32257  23.483320      99.79 1.1534e+03    261.889       6286  1027.3700  1027.3697    33.8429    33.8425    8.38752         40 0.0000e+00
     30.000     29.687    -1.4334  26.989909    -1.4332  26.989893     6.3916     6.7835     3.6152    90.0246 9.1982e-01  -74.15630 -113.32257  23.483344      99.76 1.1538e+03    263.892       6334  1027.3751  1027.3748    33.8432    33.8429    8.38797         38 0.0000e+00
     31.000     30.676    -1.4349  26.989386    -1.4350  26.989024     6.3894     6.7878     3.3968    89.3870 8.3448e-01  -74.15630 -113.32257  23.483366      99.79 1.1546e+03    265.862       6382  1027.3802  1027.3798    33.8435    33.8431    8.38829         38 0.0000e+00
     32.000     31.666    -1.4356  26.989436    -1.4350  26.989544     6.3970     6.8012     3.3032    89.7120 7.5721e-01  -74.15630 -113.32257  23.483389      99.79 1.1544e+03    267.799       6428  1027.3851  1027.3846    33.8438    33.8432    8.38843         42 0.0000e+00
     33.000     32.656    -1.4329  26.991996    -1.4302  26.993276     6.4295     6.8245     3.1848    90.5869 6.8609e-01  -74.15630 -113.32257  23.483412      99.77 1.1559e+03    269.806       6476  1027.3895  1027.3883    33.8435    33.8422    8.38782         43 0.0000e+00
     34.000     33.644    -1.4267  26.996656    -1.4256  26.996862     6.4369     6.8240     3.7616    90.1584 6.2486e-01  -74.15629 -113.32256  23.483435      99.72 1.1553e+03    271.757       6523  1027.3929  1027.3922    33.8423    33.8413    8.38650         40 0.0000e+00
     35.000     34.635    -1.4293  26.995158    -1.4303  26.994124     6.4299     6.8107     3.8552    90.4573 5.6195e-01  -74.15629 -113.32256  23.483458      99.80 1.1546e+03    273.758       6571  1027.3982  1027.3981    33.8426    33.8424    8.38708         44 0.0000e+00
     36.000     35.623    -1.4281  26.996581    -1.4267  26.997221     6.4025     6.7910     3.3587    89.9941 5.0837e-01  -74.15630 -113.32256  23.483481      99.77 1.1574e+03    275.739       6619  1027.4029  1027.4022    33.8425    33.8418    8.38681         44 0.0000e+00
     37.000     36.614    -1.4353  26.992134    -1.4347  26.992073     6.4011     6.7941     4.0787    89.6563 4.5621e-01  -74.15629 -113.32256  23.483503      99.78 1.1595e+03    277.687       6665  1027.4092  1027.4086    33.8439    33.8432    8.38834         41 0.0000e+00
     38.000     37.604    -1.4330  26.994194    -1.4324  26.994100     6.4017     6.7932     3.7120    90.8361 4.0995e-01  -74.15629 -113.32256  23.483526      99.77 1.1561e+03    279.657       6713  1027.4135  1027.4129    33.8435    33.8428    8.38785         38 0.0000e+00
     39.000     38.593    -1.4329  26.994709    -1.4323  26.994585     6.3877     6.7863     3.9071    90.2966 3.6724e-01  -74.15629 -113.32256  23.483549      99.76 1.1545e+03    281.649       6761  1027.4183  1027.4177    33.8435    33.8427    8.38783         40 0.0000e+00
     40.000     39.583    -1.4332  26.995641    -1.4328  26.995549     6.3854     6.7701     3.3113    90.6692 3.2962e-01  -74.15629 -113.32256  23.483572      95.16 1.1554e+03    283.607       6808  1027.4240  1027.4235    33.8445    33.8439    8.38784         45 0.0000e+00
     41.000     40.571    -1.4328  26.996793    -1.4324  26.996515     6.3825     6.7678     3.5236    90.0959 2.9453e-01  -74.15629 -113.32256  23.483595      98.12 1.1565e+03    285.580       6855  1027.4291  1027.4285    33.8450    33.8442    8.38772         45 0.0000e+00
     42.000     41.561    -1.4334  26.996920    -1.4337  26.995977     6.3747     6.7612     3.7774    90.9142 2.6036e-01  -74.15629 -113.32256  23.483618      99.80 1.1567e+03    287.570       6903  1027.4342  1027.4334    33.8452    33.8443    8.38784         38 0.0000e+00
     43.000     42.551    -1.4338  26.996961    -1.4334  26.996770     6.3703     6.7553     3.7808    89.8829 2.3131e-01  -74.15629 -113.32256  23.483641      99.79 1.1597e+03    289.542       6950  1027.4390  1027.4384    33.8452    33.8445    8.38795         41 0.0000e+00
     44.000     43.541    -1.4337  26.997479    -1.4320  26.998990     6.3737     6.7570     3.6190    90.6718 2.0427e-01  -74.15629 -113.32256  23.483664      99.67 1.1631e+03    291.536       6998  1027.4437  1027.4437    33.8451    33.8452    8.38792         45 0.0000e+00
     45.000     44.529    -1.4335  26.998458    -1.4317  26.999564     6.3702     6.7582     3.7270    90.5091 1.8066e-01  -74.15629 -113.32256  23.483687      99.80 1.1648e+03    293.517       7045  1027.4489  1027.4484    33.8456    33.8451    8.38784         35 0.0000e+00
     46.000     45.518    -1.4342  26.998466    -1.4325  26.999555     6.3641     6.7479     3.5624    89.9376 1.5817e-01  -74.15629 -113.32256  23.483709      99.80 1.1645e+03    295.470       7092  1027.4539  1027.4535    33.8458    33.8454    8.38799         42 0.0000e+00
     47.000     46.509    -1.4355  26.997764    -1.4355  26.997220     6.3645     6.7475     3.2598    91.1686 1.3864e-01  -74.15629 -113.32256  23.483732      97.26 1.1625e+03    297.416       7139  1027.4587  1027.4581    33.8457    33.8449    8.38830         38 0.0000e+00
     48.000     47.497    -1.4338  26.999980    -1.4320  27.001077     6.3710     6.7516     3.7004    91.4531 1.1935e-01  -74.15630 -113.32256  23.483755      99.65 1.1632e+03    299.405       7187  1027.4638  1027.4633    33.8462    33.8456    8.38788         40 0.0000e+00
     49.000     48.488    -1.4312  27.002720    -1.4309  27.002503     6.3627     6.7533     3.4598    91.0553 1.0235e-01  -74.15630 -113.32256  23.483778      99.76 1.1611e+03    301.446       7236  1027.4687  1027.4681    33.8464    33.8457    8.38729         44 0.0000e+00
     50.000     49.477    -1.4314  27.003082    -1.4313  27.002653     6.3591     6.7553     3.8672    91.3647 8.6914e-02  -74.15630 -113.32256  23.483800      99.79 1.1576e+03    303.357       7282  1027.4735  1027.4729    33.8465    33.8458    8.38733         40 0.0000e+00
     51.000     50.466    -1.4316  27.003319    -1.4313  27.003103     6.3599     6.7518     3.7565    92.0120 7.3098e-02  -74.15630 -113.32256  23.483823      99.78 1.1603e+03    305.347       7329  1027.4783  1027.4777    33.8463    33.8457    8.38737         38 0.0000e+00
     52.000     51.457    -1.4323  27.003198    -1.4317  27.003231     6.3632     6.7456     3.3654    90.6081 6.0688e-02  -74.15630 -113.32256  23.483847      99.77 1.1614e+03    307.354       7377  1027.4832  1027.4826    33.8464    33.8458    8.38753         32 0.0000e+00
     53.000     52.445    -1.4318  27.004282    -1.4315  27.003902     6.3417     6.7254     3.0995    91.5261 4.9772e-02  -74.15629 -113.32256  23.483869      98.48 1.1617e+03    309.273       7424  1027.4882  1027.4874    33.8467    33.8458    8.38740         39 0.0000e+00
     54.000     53.434    -1.4338  27.003361    -1.4337  27.002901     6.3209     6.6990     3.5903    91.8701 3.9109e-02  -74.15629 -113.32256  23.483891      99.15 1.1612e+03    311.212       7470  1027.4934  1027.4929    33.8470    33.8464    8.38783         39 0.0000e+00
     55.000     54.423    -1.4351  27.003115    -1.4348  27.002737     6.3320     6.7107     3.2362    91.6570 2.9706e-02  -74.15629 -113.32256  23.483915      99.70 1.1609e+03    313.224       7518  1027.4986  1027.4980    33.8475    33.8467    8.38808         40 0.0000e+00
     56.000     55.413    -1.4336  27.004476    -1.4332  27.004256     6.3143     6.7017     3.5146    91.2135 2.1445e-02  -74.15629 -113.32256  23.483937      99.74 1.1617e+03    315.178       7565  1027.5030  1027.5024    33.8471    33.8463    8.38778         41 0.0000e+00
     57.000     56.403    -1.4348  27.004769    -1.4339  27.004780     6.2855     6.6746     3.0950    92.0102 1.4039e-02  -74.15629 -113.32256  23.483960      99.79 1.1623e+03    317.127       7612  1027.5088  1027.5079    33.8482    33.8472    8.38798         38 0.0000e+00
     58.000     57.391    -1.4353  27.004966    -1.4353  27.004404     6.2902     6.6650     2.9790    90.8125 7.4078e-03  -74.15628 -113.32256  23.483983      99.78 1.1628e+03    319.104       7659  1027.5139  1027.5132    33.8485    33.8476    8.38808         37 0.0000e+00
