ocean_section_plots/required_files/ctd/dnbp2202_ctd008.cnv
* Sea-Bird SBE 9 Data File:
* FileName = D:\Data\raw\NBP2202_CTD008.hex
* Software Version Seasave V 7.26.7.121
* Temperature SN = 1649
* Conductivity SN = 2513
* Number of Bytes Per Scan = 40
* Number of Voltage Words = 5
* Number of Scans Averaged by the Deck Unit = 1
* NMEA Latitude = 73 08.60 S
* NMEA Longitude = 113 56.92 W
* NMEA UTC (Time) = Jan 16 2022  19:59:29
* NMEA baud rate = 9600
** Ship: RVIB N.B. Palmer
** Cruise: NBP2202 Thwaites
** Station: #4
** Operator: A. Robinson
# nquan = 25
# nvalues = 560                         
# units = specified
# name 0 = prDM: Pressure, Digiquartz [db]
# name 1 = depSM: Depth [salt water, m]
# name 2 = t090C: Temperature [ITS-90, deg C]
# name 3 = c0mS/cm: Conductivity [mS/cm]
# name 4 = t190C: Temperature, 2 [ITS-90, deg C]
# name 5 = c1mS/cm: Conductivity, 2 [mS/cm]
# name 6 = sbeox0ML/L: Oxygen, SBE 43 [ml/l]
# name 7 = sbeox1ML/L: Oxygen, SBE 43, 2 [ml/l]
# name 8 = flECO-AFL: Fluorescence, WET Labs ECO-AFL/FL [mg/m^3]
# name 9 = CStarTr0: Beam Transmission, WET Labs C-Star [%]
# name 10 = par: PAR/Irradiance, Biospherical/Licor
# name 11 = latitude: Latitude [deg]
# name 12 = longitude: Longitude [deg]
# name 13 = timeJ: Julian Days
# name 14 = altM: Altimeter [m]
# name 15 = spar: SPAR, Biospherical/Licor
# name 16 = timeS: Time, Elapsed [seconds]
# name 17 = scan: Scan Count
# name 18 = density00: Density [density, kg/m^3]
# name 19 = density11: Density, 2 [density, kg/m^3]
# name 20 = sal00: Salinity, Practical [PSU]
# name 21 = sal11: Salinity, Practical, 2 [PSU]
# name 22 = oxsolML/L: Oxygen Saturation, Garcia & Gordon [ml/l]
# name 23 = nbin: number of scans per bin
# name 24 = flag: flag
# span 0 =      3.000,    562.000       
# span 1 =      2.972,    555.458       
# span 2 =    -1.8108,     0.5915       
# span 3 =  27.002163,  29.485007       
# span 4 =    -1.8100,     0.5935       
# span 5 =  27.001631,  29.484391       
# span 6 =     4.5510,     8.6499       
# span 7 =     4.7856,     9.1642       
# span 8 =    -0.0168,    23.4816       
# span 9 =    71.8040,    99.4936       
# span 10 = 1.0000e-12, 1.0348e+02      
# span 11 =  -73.14334,  -73.14332      
# span 12 = -113.94896, -113.94878      
# span 13 =  16.836774,  16.849285      
# span 14 =       8.58,     100.88      
# span 15 = 3.0573e+02, 6.0735e+02      
# span 16 =    328.320,   1409.205      
# span 17 =       7881,      33822      
# span 18 =  1027.2376,  1030.3909      
# span 19 =  1027.2370,  1030.3883      
# span 20 =    33.8816,    34.5851      
# span 21 =    33.8810,    34.5820      
# span 22 =    7.91110,    8.45534      
# span 23 =          2,         62      
# span 24 = 0.0000e+00, 0.0000e+00      
# interval = decibars: 1                
# start_time = Jan 16 2022 19:59:29 [NMEA time, header]
# bad_flag = -9.990e-29
*END*
[from data line 464]
    467.000    461.670    -0.3085  28.494043    -0.3049  28.494452     5.0964     5.3515    -0.0139    99.3319 1.0000e-12  -73.14334 -113.94880  16.845173      99.84 4.2524e+02   1053.948      25296  1029.8083  1029.8052    34.3441    34.3405    8.11230         23 0.0000e+00
    468.000    462.657    -0.3002  28.501975    -0.2972  28.501727     5.0905     5.3521     0.0087    99.3028 1.0000e-12  -73.14334 -113.94880  16.845186      99.84 4.2559e+02   1055.089      25323  1029.8134  1029.8102    34.3447    34.3409    8.11050         33 0.0000e+00
    469.000    463.644    -0.2939  28.508404    -0.2898  28.509104     5.0852     5.3511     0.0001    99.3144 1.0000e-12  -73.14334 -113.94880  16.845204      87.34 4.2581e+02   1056.603      25359  1029.8190  1029.8157    34.3456    34.3419    8.10911         37 0.0000e+00
    470.000    464.633    -0.2891  28.513333    -0.2861  28.513330     5.0840     5.3427    -0.0051    99.3139 1.0000e-12  -73.14334 -113.94880  16.845221      97.91 4.2600e+02   1058.108      25396  1029.8243  1029.8214    34.3462    34.3428    8.10805         34 0.0000e+00
    471.000    465.618    -0.2854  28.517517    -0.2823  28.517401     5.0851     5.3467    -0.0054    99.3035 1.0000e-12  -73.14334 -113.94880  16.845237      99.86 4.2618e+02   1059.449      25428  1029.8298  1029.8267    34.3470    34.3434    8.10721         32 0.0000e+00
    472.000    466.607    -0.2812  28.521813    -0.2790  28.520970     5.0859     5.3434     0.0008    99.3156 1.0000e-12  -73.14334 -113.94880  16.845253      66.83 4.2541e+02   1060.819      25461  1029.8349  1029.8319    34.3474    34.3438    8.10630         35 0.0000e+00
    473.000    467.594    -0.2770  28.526403    -0.2741  28.525980     5.0774     5.3380     0.0142    99.3211 1.0000e-12  -73.14334 -113.94880  16.845271      99.17 4.2589e+02   1062.377      25498  1029.8402  1029.8370    34.3481    34.3443    8.10535         36 0.0000e+00
    474.000    468.583    -0.2724  28.531303    -0.2701  28.530646     5.0703     5.3356     0.0107    99.3128 1.0000e-12  -73.14334 -113.94880  16.845289      98.30 4.2531e+02   1063.933      25535  1029.8456  1029.8426    34.3489    34.3455    8.10434         35 0.0000e+00
    475.000    469.569    -0.2721  28.532025    -0.2701  28.531031     5.0604     5.3266     0.0039    99.2933 1.0000e-12  -73.14334 -113.94880  16.845307      97.36 4.2516e+02   1065.515      25573  1029.8506  1029.8476    34.3490    34.3453    8.10428         35 0.0000e+00
    476.000    470.557    -0.2604  28.544516    -0.2575  28.543785     5.0283     5.2983     0.0046    99.3121 1.0000e-12  -73.14334 -113.94881  16.845325      96.29 4.2484e+02   1067.098      25611  1029.8568  1029.8532    34.3518    34.3476    8.10162         34 0.0000e+00
    477.000    471.543    -0.2259  28.581193    -0.2235  28.579588     5.0057     5.2770    -0.0134    99.2788 1.0000e-12  -73.14334 -113.94882  16.845340      95.47 4.2464e+02   1068.340      25641  1029.8662  1029.8622    34.3613    34.3564    8.09376         26 0.0000e+00
    478.000    472.531    -0.2005  28.606844    -0.1987  28.605384     4.9663     5.2388     0.0042    99.3085 1.0000e-12  -73.14334 -113.94882  16.845351      94.45 4.2458e+02   1069.369      25666  1029.8730  1029.8697    34.3662    34.3623    8.08808         26 0.0000e+00
    479.000    473.520    -0.1636  28.643055    -0.1606  28.641183     4.9181     5.1800    -0.0063    99.2805 1.0000e-12  -73.14334 -113.94882  16.845366      93.35 4.2376e+02   1070.647      25697  1029.8797  1029.8748    34.3723    34.3665    8.07993         31 0.0000e+00
    480.000    474.506    -0.1038  28.700495    -0.0992  28.700329     4.8792     5.1420    -0.0007    99.2595 1.0000e-12  -73.14334 -113.94882  16.845387      92.27 4.2310e+02   1072.409      25739  1029.8865  1029.8820    34.3808    34.3755    8.06681         35 0.0000e+00
    481.000    475.494    -0.0852  28.718629    -0.0824  28.718213     4.8678     5.1265     0.0046    99.2803 1.0000e-12  -73.14334 -113.94882  16.845403      91.36 4.2309e+02   1073.786      25772  1029.8924  1029.8892    34.3835    34.3797    8.06275         28 0.0000e+00
    482.000    476.480    -0.0782  28.725968    -0.0757  28.725285     4.8494     5.1085     0.0045    99.2720 1.0000e-12  -73.14334 -113.94882  16.845414      90.43 4.2309e+02   1074.804      25796  1029.8979  1029.8949    34.3847    34.3810    8.06120         21 0.0000e+00
    483.000    477.469    -0.0636  28.741262    -0.0609  28.740522     4.8370     5.0960    -0.0100    99.2866 1.0000e-12  -73.14334 -113.94882  16.845425      89.45 4.2240e+02   1075.727      25818  1029.9043  1029.9010    34.3879    34.3839    8.05793         25 0.0000e+00
    484.000    478.456    -0.0358  28.768733    -0.0332  28.766647     4.8240     5.0803    -0.0013    99.2899 1.0000e-12  -73.14334 -113.94882  16.845444      88.11 4.2163e+02   1077.349      25857  1029.9110  1029.9063    34.3925    34.3869    8.05182         42 0.0000e+00
    485.000    479.443    -0.0148  28.791089    -0.0125  28.789948     4.8122     5.0679    -0.0009    99.3068 1.0000e-12  -73.14334 -113.94883  16.845464      87.08 4.2155e+02   1079.116      25900  1029.9189  1029.9155    34.3980    34.3939    8.04711         31 0.0000e+00
    486.000    480.431    -0.0037  28.803858    -0.0017  28.802501     4.8120     5.0625     0.0058    99.2460 1.0000e-12  -73.14334 -113.94884  16.845477      86.34 4.2132e+02   1080.200      25926  1029.9261  1029.9227    34.4019    34.3978    8.04455         23 0.0000e+00
    487.000    481.419     0.0022  28.810924     0.0048  28.810349     4.8121     5.0645    -0.0004    99.3045 1.0000e-12  -73.14334 -113.94884  16.845488      85.23 4.2133e+02   1081.189      25950  1029.9323  1029.9292    34.4040    34.4003    8.04319         28 0.0000e+00
    488.000    482.405     0.0095  28.819207     0.0125  28.818551     4.8047     5.0592     0.0008    99.3176 1.0000e-12  -73.14334 -113.94884  16.845508      83.98 4.2108e+02   1082.886      25990  1029.9387  1029.9351    34.4062    34.4019    8.04154         37 0.0000e+00
    489.000    483.393     0.0208  28.832123     0.0236  28.831515     4.8015     5.0489    -0.0022    99.3498 1.0000e-12  -73.14334 -113.94884  16.845526      83.18 4.2078e+02   1084.488      26029  1029.9459  1029.9426    34.4099    34.4061    8.03895         29 0.0000e+00
    490.000    484.380     0.0280  28.840581     0.0303  28.839811     4.8045     5.0489     0.0048    99.3420 1.0000e-12  -73.14334 -113.94884  16.845538      82.24 4.2041e+02   1085.502      26053  1029.9523  1029.9492    34.4125    34.4089    8.03731         21 0.0000e+00
    491.000    485.368     0.0286  28.841774     0.0307  28.840952     4.8038     5.0405     0.0014    99.3588 1.0000e-12  -73.14334 -113.94884  16.845548      81.23 4.2057e+02   1086.355      26074  1029.9574  1029.9545    34.4128    34.4093    8.03715         21 0.0000e+00
    492.000    486.355     0.0283  28.841940     0.0306  28.841094     4.8049     5.0443    -0.0017    99.3683 1.0000e-12  -73.14334 -113.94884  16.845564      80.05 4.2061e+02   1087.723      26106  1029.9624  1029.9593    34.4127    34.4091    8.03722         39 0.0000e+00
    493.000    487.343     0.0287  28.843188     0.0311  28.842472     4.8014     5.0497    -0.0025    99.3601 1.0000e-12  -73.14334 -113.94884  16.845586      79.02 4.2059e+02   1089.605      26152  1029.9679  1029.9649    34.4134    34.4098    8.03710         31 0.0000e+00
    494.000    488.329     0.0320  28.848496     0.0342  28.847632     4.8052     5.0423     0.0023    99.3737 1.0000e-12  -73.14334 -113.94884  16.845600      78.10 4.2012e+02   1090.814      26181  1029.9747  1029.9716    34.4161    34.4124    8.03626         25 0.0000e+00
    495.000    489.318     0.0448  28.864203     0.0470  28.863207     4.8017     5.0430     0.0091    99.3775 1.0000e-12  -73.14334 -113.94884  16.845611      77.17 4.2029e+02   1091.748      26203  1029.9830  1029.9798    34.4219    34.4181    8.03324         22 0.0000e+00
    496.000    490.304     0.0574  28.879160     0.0598  28.878012     4.7965     5.0421     0.0107    99.3785 1.0000e-12  -73.14334 -113.94884  16.845622      76.05 4.1979e+02   1092.777      26228  1029.9907  1029.9872    34.4269    34.4227    8.03032         27 0.0000e+00
    497.000    491.291     0.0642  28.887396     0.0668  28.886520     4.7953     5.0379     0.0004    99.3947 1.0000e-12  -73.14334 -113.94884  16.845641      75.01 4.1995e+02   1094.407      26267  1029.9973  1029.9939    34.4296    34.4255    8.02875         32 0.0000e+00
    498.000    492.279     0.0675  28.891630     0.0701  28.891161     4.7956     5.0420     0.0008    99.4143 1.0000e-12  -73.14334 -113.94884  16.845658      74.01 4.2008e+02   1095.843      26301  1030.0030  1030.0000    34.4308    34.4273    8.02798         31 0.0000e+00
    499.000    493.268     0.0706  28.895603     0.0729  28.894938     4.7968     5.0331    -0.0001    99.4131 1.0000e-12  -73.14334 -113.94884  16.845672      73.05 4.2006e+02   1097.085      26331  1030.0086  1030.0056    34.4321    34.4286    8.02728         29 0.0000e+00
    500.000    494.254     0.0745  28.900592     0.0770  28.899832     4.7960     5.0343    -0.0012    99.4042 1.0000e-12  -73.14334 -113.94883  16.845689      71.85 4.2001e+02   1098.527      26366  1030.0144  1030.0112    34.4337    34.4299    8.02637         36 0.0000e+00
    501.000    495.241     0.0782  28.905205     0.0805  28.904420     4.7881     5.0366     0.0038    99.3979 1.0000e-12  -73.14334 -113.94882  16.845707      70.88 4.1983e+02   1100.087      26403  1030.0200  1030.0170    34.4350    34.4314    8.02551         34 0.0000e+00
    502.000    496.228     0.0809  28.908671     0.0831  28.908001     4.7868     5.0350    -0.0079    99.4161 1.0000e-12  -73.14334 -113.94882  16.845722      69.94 4.2010e+02   1101.388      26434  1030.0254  1030.0225    34.4360    34.4326    8.02490         30 0.0000e+00
    503.000    497.216     0.0837  28.912191     0.0860  28.911590     4.7825     5.0328    -0.0017    99.4015 1.0000e-12  -73.14334 -113.94882  16.845736      69.00 4.2064e+02   1102.628      26464  1030.0308  1030.0279    34.4370    34.4335    8.02427         28 0.0000e+00
    504.000    498.202     0.0867  28.915855     0.0889  28.914981     4.7811     5.0325     0.0082    99.4268 1.0000e-12  -73.14334 -113.94882  16.845752      67.75 4.2106e+02   1103.977      26496  1030.0360  1030.0329    34.4378    34.4342    8.02359         34 0.0000e+00
    505.000    499.190     0.0948  28.925366     0.0971  28.924331     4.7680     5.0228    -0.0061    99.4238 1.0000e-12  -73.14334 -113.94882  16.845768      66.86 4.2133e+02   1105.392      26530  1030.0423  1030.0391    34.4406    34.4367    8.02173         34 0.0000e+00
    506.000    500.177     0.1146  28.947825     0.1161  28.945775     4.7618     5.0091    -0.0013    99.4316 1.0000e-12  -73.14334 -113.94880  16.845785      65.82 4.2133e+02   1106.787      26564  1030.0508  1030.0473    34.4475    34.4431    8.01721         32 0.0000e+00
    507.000    501.165     0.1339  28.969051     0.1364  28.968400     4.7547     5.0021    -0.0009    99.3903 1.0000e-12  -73.14334 -113.94880  16.845799      64.89 4.2145e+02   1108.069      26595  1030.0585  1030.0554    34.4533    34.4496    8.01286         30 0.0000e+00
    508.000    502.152     0.1410  28.977352     0.1435  28.976516     4.7597     5.0044    -0.0015    99.4197 1.0000e-12  -73.14334 -113.94880  16.845815      63.87 4.2172e+02   1109.405      26627  1030.0647  1030.0615    34.4556    34.4518    8.01124         32 0.0000e+00
    509.000    503.139     0.1425  28.979462     0.1450  28.978745     4.7549     5.0026    -0.0066    99.4333 1.0000e-12  -73.14334 -113.94880  16.845836      62.72 4.2203e+02   1111.244      26671  1030.0701  1030.0669    34.4562    34.4524    8.01090         35 0.0000e+00
    510.000    504.126     0.1513  28.989931     0.1538  28.989126     4.7500     4.9862    -0.0014    99.4247 1.0000e-12  -73.14334 -113.94880  16.845855      61.71 4.2189e+02   1112.835      26709  1030.0768  1030.0736    34.4595    34.4557    8.00888         31 0.0000e+00
    511.000    505.115     0.1659  29.006718     0.1683  29.006055     4.7347     4.9782    -0.0011    99.3991 1.0000e-12  -73.14334 -113.94880  16.845867      60.80 4.2269e+02   1113.899      26735  1030.0844  1030.0814    34.4647    34.4611    8.00555         21 0.0000e+00
    512.000    506.101     0.1723  29.014338     0.1747  29.013690     4.7365     4.9762    -0.0018    99.4179 1.0000e-12  -73.14334 -113.94880  16.845877      59.91 4.2284e+02   1114.745      26755  1030.0905  1030.0875    34.4669    34.4634    8.00408         21 0.0000e+00
    513.000    507.089     0.1753  29.018051     0.1778  29.017582     4.7339     4.9804    -0.0046    99.3931 1.0000e-12  -73.14334 -113.94880  16.845888      58.75 4.2318e+02   1115.741      26779  1030.0959  1030.0929    34.4678    34.4644    8.00341         30 0.0000e+00
    514.000    508.077     0.1795  29.023161     0.1815  29.021634     4.7359     4.9790     0.0001    99.3501 1.0000e-12  -73.14334 -113.94880  16.845912      57.64 4.2309e+02   1117.757      26827  1030.1017  1030.0981    34.4694    34.4651    8.00246         37 0.0000e+00
    515.000    509.062     0.2004  29.045506     0.2037  29.045231     4.7290     4.9717    -0.0040    99.3235 1.0000e-12  -73.14334 -113.94880  16.845931      56.80 4.2309e+02   1119.423      26867  1030.1089  1030.1054    34.4747    34.4707    7.99781         29 0.0000e+00
    516.000    510.050     0.2138  29.059417     0.2159  29.058476     4.7265     4.9678    -0.0041    99.3391 1.0000e-12  -73.14334 -113.94880  16.845942      55.90 4.2309e+02   1120.406      26891  1030.1147  1030.1117    34.4774    34.4738    7.99487         20 0.0000e+00
    517.000    511.037     0.2168  29.063282     0.2192  29.062671     4.7245     4.9678    -0.0031    99.3195 1.0000e-12  -73.14334 -113.94880  16.845951      54.85 4.2309e+02   1121.199      26910  1030.1202  1030.1172    34.4785    34.4750    7.99418         19 0.0000e+00
    518.000    512.025     0.2212  29.068410     0.2233  29.067368     4.7175     4.9574    -0.0072    99.3183 1.0000e-12  -73.14334 -113.94880  16.845961      53.87 4.2309e+02   1122.043      26930  1030.1256  1030.1225    34.4798    34.4761    7.99320         23 0.0000e+00
    519.000    513.012     0.2276  29.075800     0.2296  29.074155     4.7071     4.9516    -0.0035    99.3278 1.0000e-12  -73.14334 -113.94880  16.845981      52.53 4.2309e+02   1123.718      26970  1030.1316  1030.1279    34.4817    34.4774    7.99176         39 0.0000e+00
    520.000    514.000     0.2342  29.083267     0.2365  29.082333     4.6921     4.9369    -0.0064    99.3442 1.0000e-12  -73.14334 -113.94880  16.846002      51.54 4.2309e+02   1125.562      27014  1030.1374  1030.1343    34.4836    34.4798    7.99029         33 0.0000e+00
    521.000    514.986     0.2574  29.109482     0.2593  29.107929     4.6846     4.9306     0.0023    99.3337 1.0000e-12  -73.14334 -113.94880  16.846016      50.79 4.2309e+02   1126.793      27044  1030.1464  1030.1429    34.4915    34.4873    7.98504         27 0.0000e+00
    522.000    515.974     0.2737  29.126717     0.2761  29.125955     4.6789     4.9263     0.0027    99.3363 1.0000e-12  -73.14334 -113.94880  16.846029      49.64 4.2309e+02   1127.937      27071  1030.1528  1030.1497    34.4953    34.4916    7.98145         30 0.0000e+00
    523.000    516.959     0.2840  29.138268     0.2866  29.137442     4.6799     4.9250     0.0035    99.2974 1.0000e-12  -73.14334 -113.94880  16.846046      48.48 4.2345e+02   1129.396      27107  1030.1593  1030.1559    34.4983    34.4943    7.97914         37 0.0000e+00
