ocean_section_plots/required_files/ctd/dnbp2202_ctd142.cnv
* Sea-Bird SBE 9 Data File:
* FileName = D:\Data\raw\NBP2202_CTD142.hex
* Software Version Seasave V 7.26.7.121
* Temperature SN = 1649
* Conductivity SN = 2513
* Number of Bytes Per Scan = 40
* Number of Voltage Words = 5
* Number of Scans Averaged by the Deck Unit = 1
* NMEA Latitude = 74 06.99 S
* NMEA Longitude = 112 46.90 W
* NMEA UTC (Time) = Jan 30 2022  06:05:41
* NMEA baud rate = 9600
** Ship: RVIB N.B. Palmer
** Cruise: NBP2202 Thwaites
** Station: 70
** Operator: B. Bjork
# nquan = 28
# nvalues = 782                         
# units = specified
# name 0 = prDM: Pressure, Digiquartz [db]
# name 1 = depSM: Depth [salt water, m]
# name 2 = t090C: Temperature [ITS-90, deg C]
# name 3 = c0mS/cm: Conductivity [mS/cm]
# name 4 = t190C: Temperature, 2 [ITS-90, deg C]
# name 5 = c1mS/cm: Conductivity, 2 [mS/cm]
# name 6 = sbeox0ML/L: Oxygen, SBE 43 [ml/l]
# name 7 = sbeox1ML/L: Oxygen, SBE 43, 2 [ml/l]
# name 8 = flECO-AFL: Fluorescence, WET Labs ECO-AFL/FL [mg/m^3]
# name 9 = CStarTr0: Beam Transmission, WET Labs C-Star [%]
# name 10 = par: PAR/Irradiance, Biospherical/Licor
# name 11 = latitude: Latitude [deg]
# name 12 = longitude: Longitude [deg]
# name 13 = timeJ: Julian Days
# name 14 = altM: Altimeter [m]
# name 15 = spar: SPAR, Biospherical/Licor
# name 16 = timeS: Time, Elapsed [seconds]
# name 17 = scan: Scan Count
# name 18 = density00: Density [density, kg/m^3]
# name 19 = density11: Density, 2 [density, kg/m^3]
# name 20 = v3: Voltage 3
# name 21 = v4: Voltage 4
# name 22 = v5: Voltage 5
# name 23 = sal00: Salinity, Practical [PSU]
# name 24 = sal11: Salinity, Practical, 2 [PSU]
# name 25 = oxsolML/L: Oxygen Saturation, Garcia & Gordon [ml/l]
# name 26 = nbin: number of scans per bin
# name 27 = flag: flag
# span 0 =      2.000,    783.000       
# span 1 =      1.984,    773.436       
# span 2 =    -1.5061,     0.3922       
# span 3 =  27.068703,  29.353896       
# span 4 =    -1.5053,     0.3942       
# span 5 =  27.068828,  29.353527       
# span 6 =     4.6173,     9.6188       
# span 7 =     4.7043,     9.7666       
# span 8 =    -0.0188,    28.2586       
# span 9 =    65.3439,    93.6973       
# span 10 = -1.543e-05, 1.6088e+01      
# span 11 =  -74.11656,  -74.11654      
# span 12 = -112.78174, -112.78170      
# span 13 =  30.255992,  30.267593      
# span 14 =       5.69,     112.76      
# span 15 = 4.1877e+01, 5.8264e+01      
# span 16 =    176.715,   1179.077      
# span 17 =       4242,      28299      
# span 18 =  1027.1328,  1031.3811      
# span 19 =  1027.1352,  1031.3788      
# span 20 =     3.1008,     4.4449      
# span 21 =     0.0640,     4.4348      
# span 22 =     0.1137,     0.2775      
# span 23 =    33.7398,    34.5093      
# span 24 =    33.7352,    34.5065      
# span 25 =    7.95618,    8.39547      
# span 26 =          9,         48      
# span 27 = 0.0000e+00, 0.0000e+00      
# interval = decibars: 1                
# start_time = Jan 30 2022 06:05:41 [NMEA time, header]
# bad_flag = -9.990e-29
*END*
[from data line 311]
    313.000    309.528    -1.3461  27.399939    -1.3446  27.400139     6.1342     6.2886     0.0286    93.6075 1.0000e-12  -74.11654 -112.78172  30.260850      99.90 5.6410e+01    596.474      14316  1028.9619  1028.9606     4.4407     0.0764     0.1176    34.1317    34.1302    8.35122         24 0.0000e+00
    314.000    310.515    -1.3559  27.392748    -1.3561  27.391165     6.1165     6.2604     0.0216    93.5947 1.0000e-12  -74.11654 -112.78172  30.260862      99.90 5.6412e+01    597.473      14340  1028.9679  1028.9664     4.4401     0.0769     0.1193    34.1323    34.1304    8.35337         24 0.0000e+00
    315.000    311.504    -1.3531  27.396167    -1.3535  27.394147     6.0966     6.2474     0.0145    93.5803 1.0000e-12  -74.11654 -112.78172  30.260873      99.90 5.6412e+01    598.471      14364  1028.9733  1028.9714     4.4394     0.0762     0.1248    34.1332    34.1309    8.35269         23 0.0000e+00
    316.000    312.491    -1.3351  27.412350    -1.3328  27.412760     6.0953     6.2515     0.0143    93.6016 1.0000e-12  -74.11654 -112.78172  30.260885      99.90 5.6412e+01    599.464      14388  1028.9778  1028.9759     4.4404     0.0762     0.1182    34.1344    34.1322    8.34860         24 0.0000e+00
    317.000    313.481    -1.3336  27.414175    -1.3327  27.413671     6.0513     6.2251     0.0251    93.5706 1.0000e-12  -74.11654 -112.78172  30.260896      99.90 5.5145e+01    600.452      14412  1028.9826  1028.9813     4.4390     0.0765     0.1179    34.1345    34.1328    8.34825         24 0.0000e+00
    318.000    314.469    -1.3309  27.417861    -1.3294  27.417352     5.9754     6.1582     0.0289    93.5950 1.0000e-12  -74.11654 -112.78172  30.260908      99.90 5.6403e+01    601.451      14436  1028.9885  1028.9864     4.4401     0.0761     0.1166    34.1359    34.1334    8.34757         25 0.0000e+00
    319.000    315.456    -1.2632  27.480999    -1.2595  27.480457     5.8659     6.0505     0.0331    93.5629 1.0000e-12  -74.11654 -112.78172  30.260920      99.90 5.6412e+01    602.462      14460  1028.9957  1028.9915     4.4385     0.0756     0.1193    34.1447    34.1398    8.33193         24 0.0000e+00
    320.000    316.443    -1.1704  27.565068    -1.1700  27.561220     5.7449     5.9261     0.0330    93.5817 1.0000e-12  -74.11654 -112.78172  30.260931      99.91 5.5338e+01    603.459      14484  1029.0014  1028.9968     4.4395     0.0746     0.1178    34.1536    34.1479    8.31076         23 0.0000e+00
    321.000    317.433    -1.0891  27.638494    -1.0854  27.637502     5.6743     5.8487     0.0338    93.5872 1.0000e-12  -74.11654 -112.78172  30.260943      84.80 5.6427e+01    604.451      14508  1029.0069  1029.0021     4.4397     0.0743     0.1164    34.1610    34.1554    8.29233         24 0.0000e+00
    322.000    318.420    -1.0036  27.714125    -1.0030  27.711120     5.6320     5.8016     0.0384    93.5936 1.0000e-12  -74.11654 -112.78172  30.260954      86.71 5.6412e+01    605.447      14532  1029.0106  1029.0067     4.4400     0.0765     0.1214    34.1663    34.1616    8.27313         24 0.0000e+00
    323.000    319.408    -0.9868  27.728146    -0.9865  27.726447     5.6151     5.7860     0.0215    93.5731 1.0000e-12  -74.11654 -112.78172  30.260966      97.42 5.6412e+01    606.441      14556  1029.0147  1029.0126     4.4391     0.0777     0.1185    34.1658    34.1631    8.26947         24 0.0000e+00
    324.000    320.396    -0.9839  27.731773    -0.9795  27.733379     5.5961     5.7702     0.0210    93.5592 1.0000e-12  -74.11654 -112.78172  30.260977      99.89 5.6412e+01    607.434      14579  1029.0210  1029.0184     4.4384     0.0783     0.1179    34.1668    34.1640    8.26878         24 0.0000e+00
    325.000    321.383    -0.9612  27.752642    -0.9600  27.751091     5.5397     5.7097     0.0143    93.5678 1.0000e-12  -74.11654 -112.78172  30.260989      99.90 5.6412e+01    608.435      14603  1029.0265  1029.0237     4.4388     0.0745     0.1189    34.1688    34.1654    8.26366         24 0.0000e+00
    326.000    322.375    -0.9366  27.774613    -0.9395  27.769402     5.4487     5.6153     0.0212    93.5667 1.0000e-12  -74.11654 -112.78172  30.261000      99.90 5.6412e+01    609.430      14627  1029.0314  1029.0286     4.4388     0.0783     0.1199    34.1702    34.1665    8.25818         24 0.0000e+00
    327.000    323.361    -0.8634  27.841945    -0.8510  27.849206     5.3865     5.5533     0.0153    93.5848 1.0000e-12  -74.11654 -112.78172  30.261012      99.90 5.6412e+01    610.427      14651  1029.0377  1029.0334     4.4396     0.0755     0.1204    34.1781    34.1739    8.24169         24 0.0000e+00
    328.000    324.348    -0.7949  27.903449    -0.7940  27.901149     5.3525     5.5128     0.0143    93.5699 1.0000e-12  -74.11654 -112.78172  30.261024      99.90 5.6412e+01    611.440      14676  1029.0424  1029.0390     4.4389     0.0749     0.1209    34.1832    34.1791    8.22640         24 0.0000e+00
    329.000    325.337    -0.7595  27.935269    -0.7578  27.934128     5.2987     5.4481     0.0093    93.5612 1.0000e-12  -74.11654 -112.78172  30.261035      99.90 5.6412e+01    612.452      14700  1029.0475  1029.0446     4.4385     0.0757     0.1216    34.1857    34.1822    8.21855         24 0.0000e+00
    330.000    326.326    -0.7518  27.942873    -0.7453  27.945805     5.3003     5.4360     0.0112    93.5646 1.0000e-12  -74.11654 -112.78172  30.261047      99.90 5.6412e+01    613.449      14724  1029.0534  1029.0502     4.4387     0.0750     0.1213    34.1866    34.1832    8.21682         24 0.0000e+00
    331.000    327.313    -0.6971  27.993746    -0.6970  27.990124     5.3254     5.4632     0.0118    93.5700 1.0000e-12  -74.11654 -112.78172  30.261059      99.90 5.6412e+01    614.452      14748  1029.0600  1029.0559     4.4388     0.0747     0.1202    34.1930    34.1879    8.20457         24 0.0000e+00
    332.000    328.300    -0.7047  27.986375    -0.6991  27.990371     5.3189     5.4408     0.0337    93.5417 1.0000e-12  -74.11654 -112.78172  30.261070      99.90 5.6412e+01    615.448      14772  1029.0648  1029.0636     4.4376     0.0720     0.1229    34.1910    34.1900    8.20634         24 0.0000e+00
    333.000    329.290    -0.7331  27.963881    -0.7269  27.967156     5.2627     5.3751     0.0605    93.5603 1.0000e-12  -74.11654 -112.78172  30.261082      99.91 5.6412e+01    616.441      14796  1029.0734  1029.0709     4.4384     0.0730     0.1225    34.1921    34.1894    8.21244         24 0.0000e+00
    334.000    330.278    -0.6721  28.022214    -0.6630  28.025482     5.2929     5.3938     0.0252    93.5306 1.0000e-12  -74.11654 -112.78172  30.261093      99.90 5.6412e+01    617.448      14820  1029.0814  1029.0760     4.4370     0.0729     0.1214    34.2013    34.1954    8.19866         25 0.0000e+00
    335.000    331.266    -0.6563  28.032958    -0.6425  28.044796     5.3380     5.4387     0.0012    93.5335 1.0000e-12  -74.11654 -112.78172  30.261105      73.65 5.6412e+01    618.458      14844  1029.0826  1029.0818     4.4371     0.0716     0.1240    34.1974    34.1977    8.19547         23 0.0000e+00
    336.000    332.252    -0.6934  28.000388    -0.6784  28.013801     5.3207     5.4366     0.0112    93.5115 1.0000e-12  -74.11654 -112.78172  30.261116      94.33 5.6412e+01    619.462      14868  1029.0888  1029.0887     4.4361     0.0722     0.1221    34.1947    34.1958    8.20368         24 0.0000e+00
    337.000    333.243    -0.7629  27.945197    -0.7372  27.962832     5.2545     5.3767     0.0112    93.5371 1.0000e-12  -74.11654 -112.78172  30.261128     100.01 5.6412e+01    620.456      14892  1029.1020  1029.0960     4.4373     0.0739     0.1214    34.1980    34.1928    8.21859         24 0.0000e+00
    338.000    334.229    -0.6526  28.038567    -0.6561  28.034672     5.1916     5.3186     0.0327    93.5529 1.0000e-12  -74.11654 -112.78172  30.261139      99.91 5.6412e+01    621.446      14916  1029.0991  1029.0985     4.4381     0.0722     0.1247    34.1988    34.1976    8.19456         24 0.0000e+00
    339.000    335.217    -0.6099  28.080393    -0.6041  28.081466     5.1513     5.2797     0.0147    93.5322 1.0000e-12  -74.11654 -112.78172  30.261151      99.90 5.6412e+01    622.426      14939  1029.1070  1029.1026     4.4371     0.0754     0.1227    34.2064    34.2013    8.18489         23 0.0000e+00
    340.000    336.207    -0.5617  28.123065    -0.5588  28.122724     5.1223     5.2515    -0.0026    93.5428 1.0000e-12  -74.11654 -112.78172  30.261162      99.90 5.6412e+01    623.425      14963  1029.1106  1029.1075     4.4376     0.0727     0.1224    34.2089    34.2051    8.17433         25 0.0000e+00
    341.000    337.193    -0.5485  28.135825    -0.5455  28.135524     5.0984     5.2215    -0.0019    93.5292 1.0000e-12  -74.11654 -112.78172  30.261174      99.90 5.6412e+01    624.435      14987  1029.1163  1029.1132     4.4369     0.0730     0.1235    34.2105    34.2067    8.17139         24 0.0000e+00
    342.000    338.182    -0.5262  28.157349    -0.5236  28.156648     5.0755     5.2003     0.0060    93.5184 1.0000e-12  -74.11654 -112.78172  30.261186      99.90 5.6412e+01    625.436      15011  1029.1225  1029.1193     4.4365     0.0722     0.1228    34.2137    34.2098    8.16640         24 0.0000e+00
    343.000    339.170    -0.5085  28.173954    -0.5063  28.173197     5.0750     5.2020     0.0027    93.5206 1.0000e-12  -74.11654 -112.78172  30.261197      99.90 5.6412e+01    626.442      15036  1029.1279  1029.1251     4.4366     0.0710     0.1243    34.2155    34.2120    8.16250         24 0.0000e+00
    344.000    340.158    -0.5012  28.181431    -0.4995  28.180224     5.0560     5.1792    -0.0071    93.5357 1.0000e-12  -74.11654 -112.78172  30.261209      99.90 5.6412e+01    627.442      15060  1029.1336  1029.1308     4.4372     0.0715     0.1244    34.2167    34.2132    8.16085         24 0.0000e+00
    345.000    341.145    -0.4945  28.188015    -0.4925  28.187118     5.0049     5.1293    -0.0004    93.5228 1.0000e-12  -74.11654 -112.78172  30.261220      99.91 5.6412e+01    628.434      15083  1029.1390  1029.1362     4.4366     0.0709     0.1264    34.2174    34.2139    8.15937         24 0.0000e+00
    346.000    342.134    -0.4639  28.218479    -0.4646  28.213502     4.9660     5.0931     0.0156    93.5068 1.0000e-12  -74.11654 -112.78172  30.261232      99.90 5.6412e+01    629.425      15107  1029.1463  1029.1418     4.4359     0.0720     0.1255    34.2231    34.2173    8.15246         24 0.0000e+00
    347.000    343.122    -0.4004  28.279086    -0.3998  28.276087     4.9493     5.0731     0.0022    93.4321 1.0000e-12  -74.11654 -112.78172  30.261243      84.24 5.6412e+01    630.429      15131  1029.1538  1029.1501     4.4324     0.0717     0.1289    34.2323    34.2276    8.13832         24 0.0000e+00
    348.000    344.110    -0.3886  28.290816    -0.3865  28.290007     4.9480     5.0625     0.0133    93.4689 1.0000e-12  -74.11654 -112.78172  30.261255      81.68 5.6412e+01    631.432      15155  1029.1598  1029.1569     4.4341     0.0694     0.1264    34.2341    34.2307    8.13569         24 0.0000e+00
    349.000    345.097    -0.3846  28.295375    -0.3828  28.294248     4.9505     5.0585    -0.0049    93.4830 1.0000e-12  -74.11654 -112.78170  30.261267      93.91 5.6412e+01    632.434      15179  1029.1657  1029.1628     4.4348     0.0697     0.1293    34.2352    34.2316    8.13478         24 0.0000e+00
    350.000    346.087    -0.3707  28.311231    -0.3687  28.310147     4.9490     5.0546     0.0110    93.4636 1.0000e-12  -74.11654 -112.78172  30.261278      99.45 5.6412e+01    633.441      15204  1029.1738  1029.1707     4.4339     0.0722     0.1300    34.2401    34.2364    8.13152         24 0.0000e+00
    351.000    347.075    -0.3615  28.321700    -0.3590  28.321247     4.9500     5.0512    -0.0082    93.4434 1.0000e-12  -74.11654 -112.78170  30.261290      99.89 5.6412e+01    634.432      15227  1029.1807  1029.1779     4.4329     0.0714     0.1284    34.2431    34.2397    8.12937         24 0.0000e+00
    352.000    348.061    -0.3513  28.333542    -0.3491  28.332447     4.9483     5.0463    -0.0026    93.4125 1.0000e-12  -74.11654 -112.78170  30.261301      99.91 5.6412e+01    635.429      15251  1029.1881  1029.1849     4.4314     0.0705     0.1298    34.2468    34.2429    8.12697         24 0.0000e+00
    353.000    349.050    -0.3434  28.341943    -0.3411  28.341177     4.9475     5.0492    -0.0068    93.3758 1.0000e-12  -74.11654 -112.78170  30.261313      99.90 5.6412e+01    636.435      15275  1029.1941  1029.1912     4.4297     0.0705     0.1268    34.2486    34.2450    8.12519         24 0.0000e+00
    354.000    350.038    -0.3391  28.346656    -0.3368  28.346057     4.9428     5.0457    -0.0047    93.3661 1.0000e-12  -74.11654 -112.78170  30.261324      99.90 5.6412e+01    637.433      15299  1029.1997  1029.1969     4.4292     0.0691     0.1281    34.2495    34.2461    8.12423         24 0.0000e+00
    355.000    351.025    -0.3358  28.350275    -0.3337  28.349656     4.9344     5.0389     0.0074    93.3513 1.0000e-12  -74.11654 -112.78170  30.261336      99.90 5.6412e+01    638.423      15323  1029.2049  1029.2023     4.4286     0.0709     0.1284    34.2500    34.2468    8.12349         24 0.0000e+00
    356.000    352.014    -0.3329  28.353655    -0.3305  28.353164     4.9296     5.0355     0.0085    93.3659 1.0000e-12  -74.11654 -112.78170  30.261347      99.90 5.6412e+01    639.425      15347  1029.2104  1029.2076     4.4292     0.0709     0.1271    34.2507    34.2474    8.12284         24 0.0000e+00
    357.000    353.001    -0.3249  28.361935    -0.3226  28.361476     4.9307     5.0405    -0.0031    93.3469 1.0000e-12  -74.11656 -112.78170  30.261359      99.90 5.6412e+01    640.432      15371  1029.2159  1029.2132     4.4283     0.0720     0.1282    34.2521    34.2489    8.12104         24 0.0000e+00
    358.000    353.990    -0.3244  28.362917    -0.3223  28.362347     4.9266     5.0393    -0.0025    93.3116 1.0000e-12  -74.11654 -112.78172  30.261371      99.90 5.6412e+01    641.432      15395  1029.2211  1029.2185     4.4267     0.0715     0.1278    34.2523    34.2492    8.12093         24 0.0000e+00
    359.000    354.976    -0.3232  28.364514    -0.3213  28.363567     4.9102     5.0172     0.0054    93.2878 1.0000e-12  -74.11656 -112.78170  30.261382      99.90 5.6412e+01    642.436      15419  1029.2261  1029.2233     4.4255     0.0719     0.1273    34.2524    34.2491    8.12066         24 0.0000e+00
    360.000    355.966    -0.3167  28.371640    -0.3150  28.370341     4.9014     5.0123    -0.0020    93.3424 1.0000e-12  -74.11654 -112.78172  30.261394      99.90 5.6335e+01    643.423      15443  1029.2318  1029.2288     4.4281     0.0731     0.1263    34.2540    34.2505    8.11918         23 0.0000e+00
    361.000    356.954    -0.3056  28.382363    -0.3039  28.381306     4.8979     5.0041    -0.0022    93.3252 1.0000e-12  -74.11656 -112.78170  30.261405      75.91 5.6191e+01    644.401      15467  1029.2368  1029.2341     4.4273     0.0689     0.1307    34.2553    34.2520    8.11674         24 0.0000e+00
    362.000    357.940    -0.2999  28.388662    -0.2983  28.387490     4.8839     4.9912    -0.0034    93.3167 1.0000e-12  -74.11654 -112.78172  30.261417      92.75 5.5384e+01    645.396      15490  1029.2425  1029.2396     4.4269     0.0690     0.1306    34.2567    34.2533    8.11545         24 0.0000e+00
    363.000    358.929    -0.2939  28.395541    -0.2912  28.395051     4.8740     4.9828    -0.0022    93.3189 1.0000e-12  -74.11656 -112.78170  30.261428      99.92 5.6415e+01    646.399      15515  1029.2484  1029.2453     4.4270     0.0714     0.1277    34.2585    34.2549    8.11406         24 0.0000e+00
