ocean_section_plots/required_files/ctd/dnbp2202_ctd147.cnv
* Sea-Bird SBE 9 Data File:
* FileName = D:\Data\raw\NBP2202_CTD147.hex
* Software Version Seasave V 7.26.7.121
* Temperature SN = 1649
* Conductivity SN = 2513
* Number of Bytes Per Scan = 40
* Number of Voltage Words = 5
* Number of Scans Averaged by the Deck Unit = 1
* NMEA Latitude = 74 06.99 S
* NMEA Longitude = 113 20.89 W
* NMEA UTC (Time) = Jan 30 2022  10:48:34
* NMEA baud rate = 9600
** Ship: RVIB N.B. Palmer
** Cruise: NBP2202 Thwaites
** Station: 75
** Operator: B.Bjork
# nquan = 28
# nvalues = 367                         
# units = specified
# name 0 = prDM: Pressure, Digiquartz [db]
# name 1 = depSM: Depth [salt water, m]
# name 2 = t090C: Temperature [ITS-90, deg C]
# name 3 = c0mS/cm: Conductivity [mS/cm]
# name 4 = t190C: Temperature, 2 [ITS-90, deg C]
# name 5 = c1mS/cm: Conductivity, 2 [mS/cm]
# name 6 = sbeox0ML/L: Oxygen, SBE 43 [ml/l]
# name 7 = sbeox1ML/L: Oxygen, SBE 43, 2 [ml/l]
# name 8 = flECO-AFL: Fluorescence, WET Labs ECO-AFL/FL [mg/m^3]
# name 9 = CStarTr0: Beam Transmission, WET Labs C-Star [%]
# name 10 = par: PAR/Irradiance, Biospherical/Licor
# name 11 = latitude: Latitude [deg]
# name 12 = longitude: Longitude [deg]
# name 13 = timeJ: Julian Days
# name 14 = altM: Altimeter [m]
# name 15 = spar: SPAR, Biospherical/Licor
# name 16 = timeS: Time, Elapsed [seconds]
# name 17 = scan: Scan Count
# name 18 = density00: Density [density, kg/m^3]
# name 19 = density11: Density, 2 [density, kg/m^3]
# name 20 = v3: Voltage 3
# name 21 = v4: Voltage 4
# name 22 = v5: Voltage 5
# name 23 = sal00: Salinity, Practical [PSU]
# name 24 = sal11: Salinity, Practical, 2 [PSU]
# name 25 = oxsolML/L: Oxygen Saturation, Garcia & Gordon [ml/l]
# name 26 = nbin: number of scans per bin
# name 27 = flag: flag
# span 0 =      1.000,    367.000       
# span 1 =      0.990,    362.894       
# span 2 =    -1.4088,    -0.3342       
# span 3 =  27.018945,  28.336858       
# span 4 =    -1.4074,    -0.3335       
# span 5 =  27.019668,  28.337753       
# span 6 =     4.8384,     9.4561       
# span 7 =     4.9338,     9.5629       
# span 8 =    -0.0220,    23.2408       
# span 9 =    67.9415,    93.4172       
# span 10 = -2.453e-05, 4.3533e+01      
# span 11 =  -74.11660,  -74.11658      
# span 12 = -113.34820, -113.34817      
# span 13 =  30.452694,  30.458591      
# span 14 =       5.23,     100.17      
# span 15 = 7.9330e+01, 1.0048e+02      
# span 16 =    198.794,    708.315      
# span 17 =       4772,      17001      
# span 18 =  1027.1377,  1029.2418      
# span 19 =  1027.1353,  1029.2424      
# span 20 =     3.2237,     4.4316      
# span 21 =     0.0641,     3.8227      
# span 22 =     0.1268,     0.2607      
# span 23 =    33.7458,    34.2230      
# span 24 =    33.7433,    34.2235      
# span 25 =    8.12468,    8.38255      
# span 26 =          2,         47      
# span 27 = 0.0000e+00, 0.0000e+00      
# interval = decibars: 1                
# start_time = Jan 30 2022 10:48:34 [NMEA time, header]
# bad_flag = -9.990e-29
*END*
[from data line 208]
    209.000    206.733    -0.9760  27.588141    -0.9748  27.587254     5.2468     5.3494     0.0344    93.3596 1.0000e-12  -74.11660 -113.34818  30.456349      99.94 9.8721e+01    514.520      12349  1028.3697  1028.3676     4.4290     0.0785     0.1293    34.0332    34.0306    8.27486         24 0.0000e+00
    210.000    207.721    -0.9725  27.592510    -0.9701  27.592914     5.2413     5.3467     0.0033    93.3702 1.0000e-12  -74.11660 -113.34818  30.456360      99.95 9.8721e+01    515.509      12373  1028.3753  1028.3735     4.4294     0.0718     0.1305    34.0345    34.0323    8.27400         24 0.0000e+00
    211.000    208.710    -0.9716  27.593902    -0.9679  27.595726     5.2398     5.3440     0.0137    93.3131 1.0000e-12  -74.11660 -113.34818  30.456371      99.95 9.8721e+01    516.491      12397  1028.3804  1028.3788     4.4267     0.0722     0.1303    34.0348    34.0331    8.27380         24 0.0000e+00
    212.000    209.699    -0.9635  27.603777    -0.9599  27.605188     5.2379     5.3435     0.0133    93.3662 1.0000e-12  -74.11660 -113.34818  30.456383      99.94 9.8721e+01    517.491      12421  1028.3875  1028.3856     4.4292     0.0740     0.1299    34.0384    34.0363    8.27179         23 0.0000e+00
    213.000    210.687    -0.9598  27.608044    -0.9578  27.607971     5.2242     5.3368     0.0124    93.3596 1.0000e-12  -74.11660 -113.34818  30.456395      99.94 9.8721e+01    518.485      12445  1028.3930  1028.3910     4.4290     0.0704     0.1284    34.0395    34.0371    8.27092         24 0.0000e+00
    214.000    211.676    -0.9528  27.616442    -0.9504  27.616323     5.2095     5.3218    -0.0028    93.3468 1.0000e-12  -74.11660 -113.34818  30.456406      91.75 9.8721e+01    519.478      12468  1028.3997  1028.3973     4.4284     0.0702     0.1298    34.0424    34.0395    8.26922         24 0.0000e+00
    215.000    212.664    -0.9250  27.646393    -0.9247  27.643920     5.1923     5.3039    -0.0013    93.3724 1.0000e-12  -74.11660 -113.34818  30.456418      99.17 9.8721e+01    520.488      12493  1028.4096  1028.4065     4.4295     0.0709     0.1288    34.0511    34.0473    8.26260         25 0.0000e+00
    216.000    213.654    -0.8990  27.674048    -0.8971  27.673307     5.1775     5.2849    -0.0043    93.3934 1.0000e-12  -74.11660 -113.34818  30.456429      99.93 9.8721e+01    521.496      12517  1028.4188  1028.4162     4.4305     0.0750     0.1301    34.0586    34.0555    8.25644         24 0.0000e+00
    217.000    214.642    -0.8864  27.687304    -0.8853  27.685896     5.1698     5.2804    -0.0101    93.3968 1.0000e-12  -74.11660 -113.34818  30.456441      99.94 9.8721e+01    522.478      12540  1028.4254  1028.4228     4.4307     0.0714     0.1274    34.0617    34.0586    8.25349         23 0.0000e+00
    218.000    215.632    -0.8719  27.702578    -0.8700  27.702024     5.1654     5.2740    -0.0083    93.3314 1.0000e-12  -74.11660 -113.34818  30.456452      99.95 9.8721e+01    523.466      12564  1028.4324  1028.4300     4.4277     0.0705     0.1273    34.0655    34.0626    8.25010         23 0.0000e+00
    219.000    216.619    -0.8669  27.707988    -0.8660  27.706735     5.1633     5.2683    -0.0031    93.3916 1.0000e-12  -74.11660 -113.34818  30.456464      99.95 9.8721e+01    524.452      12588  1028.4379  1028.4357     4.4304     0.0702     0.1302    34.0665    34.0638    8.24893         24 0.0000e+00
    220.000    217.608    -0.8642  27.711253    -0.8627  27.710395     5.1548     5.2638    -0.0159    93.3843 1.0000e-12  -74.11660 -113.34818  30.456475      99.95 9.8721e+01    525.437      12611  1028.4434  1028.4411     4.4301     0.0703     0.1289    34.0673    34.0645    8.24830         24 0.0000e+00
    221.000    218.597    -0.8546  27.721718    -0.8539  27.719828     5.1443     5.2577    -0.0215    93.3800 1.0000e-12  -74.11660 -113.34818  30.456487      99.94 9.8721e+01    526.446      12636  1028.4499  1028.4472     4.4299     0.0699     0.1309    34.0700    34.0667    8.24604         24 0.0000e+00
    222.000    219.583    -0.8481  27.728223    -0.8465  27.727721     5.1405     5.2538    -0.0146    93.4063 1.0000e-12  -74.11660 -113.34818  30.456498      99.94 9.8721e+01    527.458      12660  1028.4552  1028.4531     4.4311     0.0695     0.1300    34.0709    34.0684    8.24457         24 0.0000e+00
    223.000    220.575    -0.8444  27.732652    -0.8424  27.732204     5.1357     5.2499    -0.0147    93.3832 1.0000e-12  -74.11660 -113.34818  30.456510      99.95 9.8721e+01    528.440      12684  1028.4608  1028.4584     4.4301     0.0718     0.1307    34.0721    34.0692    8.24368         24 0.0000e+00
    224.000    221.563    -0.8400  27.737262    -0.8366  27.738506     5.1309     5.2432    -0.0002    93.3928 1.0000e-12  -74.11660 -113.34818  30.456521      99.94 9.8721e+01    529.430      12707  1028.4661  1028.4642     4.4305     0.0729     0.1304    34.0728    34.0707    8.24269         24 0.0000e+00
    225.000    222.550    -0.8349  27.743095    -0.8311  27.744320     5.1251     5.2369    -0.0107    93.3950 1.0000e-12  -74.11660 -113.34818  30.456533      99.95 9.8721e+01    530.430      12731  1028.4719  1028.4696     4.4306     0.0707     0.1297    34.0743    34.0717    8.24147         24 0.0000e+00
    226.000    223.539    -0.8284  27.750090    -0.8253  27.750747     5.1270     5.2298    -0.0089    93.3856 1.0000e-12  -74.11660 -113.34818  30.456544      99.22 9.8721e+01    531.421      12755  1028.4776  1028.4753     4.4302     0.0704     0.1304    34.0758    34.0732    8.23997         24 0.0000e+00
    227.000    224.527    -0.8219  27.756844    -0.8195  27.756960     5.1250     5.2264    -0.0113    93.3896 1.0000e-12  -74.11660 -113.34818  30.456556      83.55 9.8721e+01    532.414      12779  1028.4831  1028.4809     4.4304     0.0688     0.1307    34.0771    34.0745    8.23848         24 0.0000e+00
    228.000    225.517    -0.8188  27.760331    -0.8152  27.761775     5.1252     5.2232    -0.0106    93.3758 1.0000e-12  -74.11660 -113.34818  30.456567      95.88 9.8721e+01    533.405      12803  1028.4882  1028.4863     4.4297     0.0702     0.1295    34.0776    34.0755    8.23776         23 0.0000e+00
    229.000    226.506    -0.8171  27.762336    -0.8149  27.762416     5.1129     5.2183     0.0028    93.3745 1.0000e-12  -74.11660 -113.34818  30.456578      99.96 9.8721e+01    534.378      12826  1028.4933  1028.4913     4.4297     0.0701     0.1293    34.0779    34.0755    8.23739         23 0.0000e+00
    230.000    227.494    -0.8172  27.762766    -0.8148  27.762800     5.1148     5.2244     0.0134    93.3832 1.0000e-12  -74.11660 -113.34818  30.456590      99.94 9.8721e+01    535.355      12850  1028.4982  1028.4960     4.4301     0.0702     0.1303    34.0779    34.0753    8.23740         24 0.0000e+00
    231.000    228.481    -0.8164  27.763849    -0.8154  27.762825     5.1087     5.2253    -0.0057    93.3758 1.0000e-12  -74.11660 -113.34818  30.456601      99.94 9.8721e+01    536.345      12873  1028.5031  1028.5010     4.4297     0.0709     0.1326    34.0779    34.0753    8.23723         24 0.0000e+00
    232.000    229.471    -0.8113  27.769620    -0.8103  27.768237     5.0770     5.1991    -0.0052    93.3790 1.0000e-12  -74.11660 -113.34818  30.456613      99.94 9.8721e+01    537.336      12897  1028.5088  1028.5063     4.4299     0.0711     0.1294    34.0793    34.0764    8.23603         23 0.0000e+00
    233.000    230.460    -0.8078  27.773564    -0.8066  27.772594     5.0481     5.1660    -0.0050    93.3725 1.0000e-12  -74.11660 -113.34818  30.456624      99.94 9.8721e+01    538.321      12921  1028.5141  1028.5119     4.4296     0.0743     0.1295    34.0801    34.0775    8.23522         24 0.0000e+00
    234.000    231.447    -0.7393  27.845962    -0.7398  27.840861     5.0306     5.1438    -0.0138    93.3861 1.0000e-12  -74.11660 -113.34818  30.456636      99.94 9.8721e+01    539.332      12945  1028.5299  1028.5250     4.4302     0.0700     0.1313    34.1001    34.0938    8.21912         25 0.0000e+00
    235.000    232.437    -0.7229  27.861399    -0.7220  27.859747     5.0225     5.1350    -0.0072    93.3663 1.0000e-12  -74.11660 -113.34818  30.456647      99.94 9.8721e+01    540.342      12969  1028.5353  1028.5327     4.4293     0.0696     0.1297    34.1019    34.0987    8.21544         24 0.0000e+00
    236.000    233.424    -0.7136  27.871149    -0.7103  27.872215     5.0282     5.1261    -0.0059    93.3597 1.0000e-12  -74.11660 -113.34818  30.456659      99.95 9.8721e+01    541.336      12993  1028.5414  1028.5394     4.4289     0.0698     0.1318    34.1039    34.1017    8.21330         24 0.0000e+00
    237.000    234.415    -0.7092  27.875944    -0.7082  27.874782     5.0287     5.1275    -0.0052    93.3622 1.0000e-12  -74.11660 -113.34818  30.456671      99.94 9.8721e+01    542.333      13017  1028.5469  1028.5447     4.4291     0.0709     0.1323    34.1049    34.1022    8.21229         23 0.0000e+00
    238.000    235.401    -0.7099  27.875840    -0.7087  27.874747     5.0225     5.1279    -0.0056    93.3541 1.0000e-12  -74.11660 -113.34818  30.456682      99.94 9.8721e+01    543.327      13041  1028.5522  1028.5498     4.4287     0.0712     0.1310    34.1050    34.1021    8.21245         24 0.0000e+00
    239.000    236.391    -0.7073  27.878645    -0.7063  27.877378     5.0183     5.1239    -0.0053    93.3574 1.0000e-12  -74.11660 -113.34818  30.456693      99.94 9.8721e+01    544.301      13064  1028.5571  1028.5548     4.4289     0.0705     0.1307    34.1051    34.1024    8.21186         24 0.0000e+00
    240.000    237.379    -0.7062  27.879891    -0.7054  27.878491     5.0176     5.1250    -0.0099    93.3555 1.0000e-12  -74.11660 -113.34818  30.456705      99.94 9.8721e+01    545.282      13088  1028.5619  1028.5596     4.4288     0.0696     0.1321    34.1050    34.1022    8.21163         23 0.0000e+00
    241.000    238.367    -0.7019  27.884480    -0.6998  27.884321     5.0172     5.1200    -0.0190    93.3661 1.0000e-12  -74.11660 -113.34818  30.456716      96.37 9.8721e+01    546.274      13112  1028.5672  1028.5649     4.4292     0.0692     0.1311    34.1057    34.1031    8.21066         24 0.0000e+00
    242.000    239.355    -0.7011  27.885779    -0.6989  27.885628     5.0197     5.1158    -0.0133    93.3372 1.0000e-12  -74.11660 -113.34818  30.456728      98.32 9.8721e+01    547.262      13135  1028.5722  1028.5700     4.4279     0.0707     0.1323    34.1059    34.1033    8.21046         23 0.0000e+00
    243.000    240.345    -0.6990  27.888312    -0.6965  27.888414     5.0177     5.1118    -0.0216    93.3398 1.0000e-12  -74.11660 -113.34818  30.456739      99.95 9.8721e+01    548.257      13159  1028.5774  1028.5751     4.4280     0.0729     0.1337    34.1064    34.1038    8.20999         25 0.0000e+00
    244.000    241.333    -0.6965  27.891154    -0.6950  27.890380     5.0257     5.1178    -0.0139    93.3212 1.0000e-12  -74.11660 -113.34818  30.456751      99.94 9.8721e+01    549.262      13183  1028.5825  1028.5802     4.4271     0.0708     0.1313    34.1068    34.1040    8.20942         24 0.0000e+00
    245.000    242.321    -0.6986  27.889473    -0.6973  27.888826     5.0340     5.1270     0.0021    93.3465 1.0000e-12  -74.11660 -113.34818  30.456762      99.94 9.8480e+01    550.251      13207  1028.5872  1028.5852     4.4283     0.0719     0.1301    34.1063    34.1039    8.20990         23 0.0000e+00
    246.000    243.311    -0.7057  27.883399    -0.7043  27.882712     5.0333     5.1298    -0.0093    93.3241 1.0000e-12  -74.11660 -113.34818  30.456774      99.94 9.8723e+01    551.235      13231  1028.5919  1028.5898     4.4273     0.0702     0.1324    34.1055    34.1030    8.21149         24 0.0000e+00
    247.000    244.297    -0.7099  27.880167    -0.7087  27.879358     5.0324     5.1319    -0.0129    93.3210 1.0000e-12  -74.11660 -113.34818  30.456785      99.94 9.8721e+01    552.237      13255  1028.5969  1028.5948     4.4271     0.0698     0.1311    34.1053    34.1028    8.21242         24 0.0000e+00
    248.000    245.289    -0.7090  27.881549    -0.7064  27.881926     5.0349     5.1306    -0.0132    93.3210 1.0000e-12  -74.11660 -113.34818  30.456797      99.94 9.8056e+01    553.235      13279  1028.6017  1028.5997     4.4271     0.0803     0.1301    34.1055    34.1030    8.21221         24 0.0000e+00
    249.000    246.274    -0.7092  27.881644    -0.7072  27.881481     5.0352     5.1310    -0.0141    93.3113 1.0000e-12  -74.11660 -113.34818  30.456808      99.95 9.8651e+01    554.235      13303  1028.6065  1028.6044     4.4267     0.0700     0.1310    34.1053    34.1028    8.21227         24 0.0000e+00
    250.000    247.263    -0.7099  27.881536    -0.7081  27.881234     5.0336     5.1323    -0.0135    93.3255 1.0000e-12  -74.11660 -113.34818  30.456820      99.95 9.8722e+01    555.242      13327  1028.6114  1028.6093     4.4273     0.0711     0.1324    34.1053    34.1028    8.21243         24 0.0000e+00
    251.000    248.253    -0.7102  27.881748    -0.7087  27.881175     5.0382     5.1327    -0.0135    93.3242 1.0000e-12  -74.11660 -113.34818  30.456831      99.94 9.8721e+01    556.228      13350  1028.6162  1028.6141     4.4273     0.0715     0.1328    34.1053    34.1028    8.21248         24 0.0000e+00
    252.000    249.241    -0.7089  27.883532    -0.7069  27.883298     5.0351     5.1326    -0.0131    93.3073 1.0000e-12  -74.11660 -113.34818  30.456843      99.94 9.8721e+01    557.209      13374  1028.6212  1028.6189     4.4264     0.0706     0.1312    34.1056    34.1030    8.21218         23 0.0000e+00
    253.000    250.229    -0.7078  27.884761    -0.7060  27.884482     5.0351     5.1302    -0.0138    93.3332 1.0000e-12  -74.11660 -113.34818  30.456854      99.94 9.8721e+01    558.202      13398  1028.6257  1028.6237     4.4277     0.0698     0.1309    34.1054    34.1031    8.21195         24 0.0000e+00
    254.000    251.218    -0.7081  27.884854    -0.7069  27.883891     5.0329     5.1277    -0.0123    93.3360 1.0000e-12  -74.11660 -113.34818  30.456865      90.26 9.8721e+01    559.182      13421  1028.6304  1028.6282     4.4278     0.0689     0.1301    34.1053    34.1027    8.21203         24 0.0000e+00
    255.000    252.206    -0.7089  27.884548    -0.7078  27.883322     5.0294     5.1249     0.0134    93.3154 1.0000e-12  -74.11660 -113.34818  30.456877      99.84 9.8721e+01    560.156      13445  1028.6351  1028.6328     4.4268     0.0699     0.1338    34.1052    34.1023    8.21221         23 0.0000e+00
    256.000    253.195    -0.7073  27.886418    -0.7058  27.885740     5.0272     5.1272    -0.0014    93.3275 1.0000e-12  -74.11660 -113.34818  30.456888      99.94 9.8721e+01    561.150      13469  1028.6399  1028.6377     4.4274     0.0712     0.1335    34.1053    34.1027    8.21186         24 0.0000e+00
    257.000    254.183    -0.7074  27.886710    -0.7054  27.886602     5.0285     5.1324    -0.0123    93.3145 1.0000e-12  -74.11660 -113.34818  30.456900      99.94 9.8721e+01    562.148      13493  1028.6447  1028.6426     4.4268     0.0697     0.1293    34.1052    34.1028    8.21188         24 0.0000e+00
    258.000    255.170    -0.7081  27.886618    -0.7068  27.885743     5.0396     5.1301    -0.0080    93.3264 1.0000e-12  -74.11660 -113.34818  30.456911      99.95 9.8721e+01    563.148      13517  1028.6495  1028.6473     4.4274     0.0703     0.1319    34.1052    34.1026    8.21203         24 0.0000e+00
