ocean_section_plots/required_files/ctd/dnbp2202_ctd014.cnv
* Sea-Bird SBE 9 Data File:
* FileName = D:\Data\raw\NBP2202_CTD014.hex
* Software Version Seasave V 7.26.7.121
* Temperature SN = 1649
* Conductivity SN = 2513
* Number of Bytes Per Scan = 40
* Number of Voltage Words = 5
* Number of Scans Averaged by the Deck Unit = 1
* NMEA Latitude = 73 04.22 S
* NMEA Longitude = 113 43.81 W
* NMEA UTC (Time) = Jan 17 2022  02:24:06
* NMEA baud rate = 9600
** Ship: RVIB N.B. Palmer
** Cruise: NBP2202 Thwaites
** Station: #9
** Operator: A. Robinson
# nquan = 25
# nvalues = 497                         
# units = specified
# name 0 = prDM: Pressure, Digiquartz [db]
# name 1 = depSM: Depth [salt water, m]
# name 2 = t090C: Temperature [ITS-90, deg C]
# name 3 = c0mS/cm: Conductivity [mS/cm]
# name 4 = t190C: Temperature, 2 [ITS-90, deg C]
# name 5 = c1mS/cm: Conductivity, 2 [mS/cm]
# name 6 = sbeox0ML/L: Oxygen, SBE 43 [ml/l]
# name 7 = sbeox1ML/L: Oxygen, SBE 43, 2 [ml/l]
# name 8 = flECO-AFL: Fluorescence, WET Labs ECO-AFL/FL [mg/m^3]
# name 9 = CStarTr0: Beam Transmission, WET Labs C-Star [%]
# name 10 = par: PAR/Irradiance, Biospherical/Licor
# name 11 = latitude: Latitude [deg]
# name 12 = longitude: Longitude [deg]
# name 13 = timeJ: Julian Days
# name 14 = altM: Altimeter [m]
# name 15 = spar: SPAR, Biospherical/Licor
# name 16 = timeS: Time, Elapsed [seconds]
# name 17 = scan: Scan Count
# name 18 = density00: Density [density, kg/m^3]
# name 19 = density11: Density, 2 [density, kg/m^3]
# name 20 = sal00: Salinity, Practical [PSU]
# name 21 = sal11: Salinity, Practical, 2 [PSU]
# name 22 = oxsolML/L: Oxygen Saturation, Garcia & Gordon [ml/l]
# name 23 = nbin: number of scans per bin
# name 24 = flag: flag
# span 0 =      3.000,    499.000       
# span 1 =      2.968,    493.267       
# span 2 =    -1.6199,     0.5189       
# span 3 =  26.962019,  29.379187       
# span 4 =    -1.6193,     0.5215       
# span 5 =  26.961760,  29.379126       
# span 6 =     4.5647,     8.7661       
# span 7 =     4.8328,     9.3231       
# span 8 =    -0.0181,    27.9918       
# span 9 =    69.0528,    97.8237       
# span 10 = -2.198e-05, 6.9187e+01      
# span 11 =  -73.07044,  -73.07042      
# span 12 = -113.73035, -113.73028      
# span 13 =  17.102995,  17.111936      
# span 14 =       5.18,     101.59      
# span 15 = 1.0326e+02, 1.9921e+02      
# span 16 =    252.777,   1025.258      
# span 17 =       6068,      24607      
# span 18 =  1027.2342,  1030.0843      
# span 19 =  1027.2329,  1030.0814      
# span 20 =    33.8797,    34.5656      
# span 21 =    33.8778,    34.5625      
# span 22 =    7.92703,    8.42305      
# span 23 =         17,         61      
# span 24 = 0.0000e+00, 0.0000e+00      
# interval = decibars: 1                
# start_time = Jan 17 2022 02:24:06 [NMEA time, header]
# bad_flag = -9.990e-29
*END*
[from data line 290]
    293.000    289.777    -0.9576  27.753926    -0.9554  27.753083     5.7003     6.0508    -0.0033    97.7781 1.0000e-12  -73.07044 -113.73032  17.108159      99.92 1.3973e+02    698.943      16776  1028.8915  1028.8885    34.1861    34.1824    8.26185         30 0.0000e+00
    294.000    290.767    -0.9503  27.761291    -0.9484  27.760848     5.6893     6.0332    -0.0002    97.7840 1.0000e-12  -73.07044 -113.73032  17.108185      99.91 1.3927e+02    701.160      16829  1028.8973  1028.8950    34.1872    34.1844    8.26019         35 0.0000e+00
    295.000    291.754    -0.9445  27.767408    -0.9427  27.766789     5.6812     6.0300    -0.0004    97.7713 1.0000e-12  -73.07044 -113.73032  17.108201      90.80 1.3927e+02    702.552      16862  1028.9029  1028.9005    34.1883    34.1855    8.25885         25 0.0000e+00
    296.000    292.744    -0.9384  27.773692    -0.9368  27.772972     5.6722     6.0217    -0.0037    97.7784 1.0000e-12  -73.07044 -113.73032  17.108211      91.83 1.3927e+02    703.428      16883  1028.9083  1028.9059    34.1894    34.1866    8.25746         20 0.0000e+00
    297.000    293.731    -0.9315  27.781014    -0.9299  27.780181     5.6721     6.0108    -0.0052    97.7834 1.0000e-12  -73.07044 -113.73032  17.108221      96.67 1.3927e+02    704.278      16904  1028.9139  1028.9115    34.1909    34.1880    8.25586         21 0.0000e+00
    298.000    294.720    -0.9249  27.787716    -0.9232  27.786850     5.6644     6.0011     0.0010    97.7879 1.0000e-12  -73.07044 -113.73032  17.108235      99.83 1.3890e+02    705.471      16932  1028.9192  1028.9166    34.1918    34.1887    8.25434         37 0.0000e+00
    299.000    295.708    -0.9183  27.794739    -0.9162  27.794140     5.6546     5.9922    -0.0079    97.7472 1.0000e-12  -73.07044 -113.73032  17.108258      99.92 1.3886e+02    707.511      16981  1028.9250  1028.9224    34.1933    34.1902    8.25281         39 0.0000e+00
    300.000    296.695    -0.9127  27.800388    -0.9112  27.799486     5.6448     5.9912    -0.0020    97.7933 1.0000e-12  -73.07044 -113.73033  17.108274      99.92 1.3743e+02    708.857      17014  1028.9302  1028.9278    34.1940    34.1911    8.25154         23 0.0000e+00
    301.000    297.683    -0.9101  27.803499    -0.9082  27.802994     5.6316     5.9818     0.0067    97.7859 1.0000e-12  -73.07044 -113.73034  17.108284      99.92 1.3750e+02    709.722      17034  1028.9354  1028.9331    34.1946    34.1918    8.25093         21 0.0000e+00
    302.000    298.675    -0.8981  27.816039    -0.8960  27.815533     5.6219     5.9690    -0.0072    97.7781 1.0000e-12  -73.07044 -113.73034  17.108294      99.92 1.3750e+02    710.615      17056  1028.9417  1028.9392    34.1975    34.1945    8.24814         24 0.0000e+00
    303.000    299.660    -0.8793  27.834587    -0.8768  27.834094     5.6128     5.9497    -0.0005    97.7629 1.0000e-12  -73.07044 -113.73034  17.108310      74.98 1.3750e+02    711.967      17088  1028.9479  1028.9450    34.2007    34.1973    8.24383         38 0.0000e+00
    304.000    300.650    -0.8572  27.856624    -0.8548  27.856138     5.5842     5.9255    -0.0106    97.7700 1.0000e-12  -73.07044 -113.73033  17.108333     100.51 1.3750e+02    713.961      17136  1028.9549  1028.9520    34.2050    34.2016    8.23876         39 0.0000e+00
    305.000    301.637    -0.8446  27.868617    -0.8427  27.868189     5.5719     5.9110    -0.0016    97.7569 1.0000e-12  -73.07044 -113.73034  17.108348      80.54 1.3750e+02    715.297      17168  1028.9601  1028.9578    34.2064    34.2036    8.23592         25 0.0000e+00
    306.000    302.626    -0.8299  27.883679    -0.8272  27.883641     5.5576     5.8972    -0.0081    97.7664 1.0000e-12  -73.07044 -113.73032  17.108359      93.83 1.3750e+02    716.213      17190  1028.9665  1028.9638    34.2095    34.2063    8.23252         21 0.0000e+00
    307.000    303.611    -0.8211  27.892461    -0.8191  27.891943     5.5468     5.8889    -0.0150    97.7834 1.0000e-12  -73.07044 -113.73034  17.108369      99.17 1.3631e+02    717.100      17211  1028.9719  1028.9694    34.2108    34.2079    8.23052         22 0.0000e+00
    308.000    304.604    -0.8068  27.906478    -0.8048  27.905658     5.5421     5.8824    -0.0146    97.7796 1.0000e-12  -73.07044 -113.73034  17.108382      99.74 1.3629e+02    718.185      17237  1028.9776  1028.9749    34.2130    34.2097    8.22727         32 0.0000e+00
    309.000    305.591    -0.7980  27.915434    -0.7961  27.914348     5.5185     5.8554    -0.0078    97.7752 1.0000e-12  -73.07044 -113.73034  17.108401      99.91 1.3593e+02    719.853      17277  1028.9834  1028.9804    34.2145    34.2110    8.22526         39 0.0000e+00
    310.000    306.578    -0.7729  27.940445    -0.7700  27.939776     5.4850     5.8242    -0.0101    97.7834 1.0000e-12  -73.07044 -113.73033  17.108423      99.92 1.3726e+02    721.707      17322  1028.9906  1028.9871    34.2193    34.2152    8.21951         34 0.0000e+00
    311.000    307.568    -0.7505  27.962616    -0.7485  27.961763     5.4391     5.7890     0.0057    97.7765 1.0000e-12  -73.07044 -113.73033  17.108437      99.91 1.3568e+02    722.944      17352  1028.9972  1028.9943    34.2234    34.2199    8.21440         24 0.0000e+00
    312.000    308.554    -0.7296  27.983738    -0.7274  27.982834     5.4248     5.7683    -0.0072    97.7937 1.0000e-12  -73.07044 -113.73033  17.108447      99.91 1.3558e+02    723.841      17373  1029.0041  1029.0010    34.2277    34.2240    8.20961         22 0.0000e+00
    313.000    309.544    -0.7002  28.013209    -0.6978  28.012139     5.4149     5.7472     0.0082    97.7790 1.0000e-12  -73.07044 -113.73033  17.108457      99.92 1.3549e+02    724.726      17394  1029.0117  1029.0081    34.2337    34.2294    8.20289         21 0.0000e+00
    314.000    310.532    -0.6776  28.034600    -0.6758  28.033649     5.4018     5.7329    -0.0046    97.7580 1.0000e-12  -73.07044 -113.73033  17.108469      99.92 1.3538e+02    725.748      17419  1029.0173  1029.0145    34.2363    34.2330    8.19782         29 0.0000e+00
    315.000    311.521    -0.6665  28.046252    -0.6642  28.045580     5.3952     5.7212    -0.0073    97.7560 1.0000e-12  -73.07044 -113.73033  17.108487      99.91 1.3523e+02    727.306      17456  1029.0238  1029.0210    34.2388    34.2354    8.19526         35 0.0000e+00
    316.000    312.508    -0.6480  28.064745    -0.6460  28.063974     5.3837     5.7059    -0.0035    97.7428 1.0000e-12  -73.07044 -113.73033  17.108510      96.73 1.3410e+02    729.255      17503  1029.0307  1029.0279    34.2423    34.2390    8.19106         36 0.0000e+00
    317.000    313.496    -0.6416  28.071484    -0.6397  28.070820     5.3887     5.7126    -0.0143    97.7397 1.0000e-12  -73.07044 -113.73032  17.108525      98.88 1.3397e+02    730.563      17535  1029.0363  1029.0338    34.2435    34.2405    8.18960         25 0.0000e+00
    318.000    314.485    -0.6600  28.055539    -0.6595  28.054450     5.3952     5.7112    -0.0076    97.7219 1.0000e-12  -73.07044 -113.73032  17.108536      99.94 1.3398e+02    731.478      17556  1029.0418  1029.0402    34.2422    34.2402    8.19367         21 0.0000e+00
    319.000    315.472    -0.6794  28.040326    -0.6780  28.039569     5.3918     5.7083    -0.0005    97.7084 1.0000e-12  -73.07044 -113.73032  17.108546      99.92 1.3398e+02    732.367      17578  1029.0489  1029.0467    34.2430    34.2404    8.19782         23 0.0000e+00
    320.000    316.461    -0.6808  28.040639    -0.6788  28.040211     5.3837     5.7078     0.0001    97.7065 1.0000e-12  -73.07044 -113.73032  17.108558      99.92 1.3356e+02    733.431      17603  1029.0550  1029.0527    34.2444    34.2416    8.19804         30 0.0000e+00
    321.000    317.449    -0.6791  28.042648    -0.6774  28.042006     5.3750     5.7024    -0.0001    97.6883 1.0000e-12  -73.07044 -113.73033  17.108579      99.91 1.3255e+02    735.227      17646  1029.0600  1029.0576    34.2446    34.2418    8.19767         43 0.0000e+00
    322.000    318.436    -0.6743  28.048143    -0.6721  28.047413     5.3474     5.6673     0.0081    97.6810 1.0000e-12  -73.07044 -113.73032  17.108601      99.91 1.3226e+02    737.089      17691  1029.0656  1029.0626    34.2459    34.2425    8.19654         32 0.0000e+00
    323.000    319.427    -0.6416  28.079712    -0.6393  28.079088     5.3275     5.6594     0.0004    97.6591 1.0000e-12  -73.07044 -113.73032  17.108613      99.92 1.3230e+02    738.155      17717  1029.0719  1029.0690    34.2510    34.2476    8.18918         21 0.0000e+00
    324.000    320.413    -0.6314  28.089825    -0.6293  28.089283     5.3270     5.6540     0.0119    97.6770 1.0000e-12  -73.07044 -113.73032  17.108623      99.92 1.3222e+02    739.006      17737  1029.0772  1029.0746    34.2525    34.2494    8.18688         21 0.0000e+00
    325.000    321.402    -0.6210  28.099979    -0.6189  28.099423     5.3210     5.6442     0.0100    97.6632 1.0000e-12  -73.07044 -113.73032  17.108634      99.91 1.3152e+02    739.974      17760  1029.0824  1029.0798    34.2538    34.2507    8.18456         27 0.0000e+00
    326.000    322.392    -0.6127  28.108435    -0.6104  28.107846     5.3091     5.6314     0.0107    97.6475 1.0000e-12  -73.07044 -113.73032  17.108652      95.63 1.3065e+02    741.509      17797  1029.0879  1029.0850    34.2551    34.2517    8.18267         39 0.0000e+00
    327.000    323.377    -0.6042  28.117090    -0.6020  28.116435     5.2906     5.6105     0.0029    97.6496 1.0000e-12  -73.07044 -113.73032  17.108672      97.72 1.3044e+02    743.274      17840  1029.0935  1029.0907    34.2566    34.2532    8.18076         37 0.0000e+00
    328.000    324.366    -0.5907  28.130571    -0.5888  28.129784     5.2774     5.6005     0.0101    97.6404 1.0000e-12  -73.07044 -113.73032  17.108686      99.95 1.3045e+02    744.499      17869  1029.0992  1029.0965    34.2589    34.2557    8.17771         24 0.0000e+00
    329.000    325.353    -0.5720  28.149182    -0.5702  28.148242     5.2696     5.5904    -0.0045    97.6602 1.0000e-12  -73.07044 -113.73032  17.108697      99.92 1.3045e+02    745.424      17891  1029.1054  1029.1026    34.2622    34.2589    8.17348         22 0.0000e+00
    330.000    326.342    -0.5628  28.158177    -0.5609  28.157378     5.2651     5.5809    -0.0074    97.6351 1.0000e-12  -73.07044 -113.73032  17.108709      99.92 1.3045e+02    746.478      17916  1029.1105  1029.1078    34.2633    34.2601    8.17143         29 0.0000e+00
    331.000    327.333    -0.5511  28.170048    -0.5489  28.169099     5.2533     5.5664    -0.0020    97.6384 1.0000e-12  -73.07044 -113.73032  17.108726      99.92 1.3045e+02    747.884      17950  1029.1164  1029.1133    34.2654    34.2617    8.16878         35 0.0000e+00
    332.000    328.318    -0.5410  28.179912    -0.5386  28.179457     5.2504     5.5614    -0.0101    97.6403 1.0000e-12  -73.07044 -113.73032  17.108742      99.92 1.3045e+02    749.300      17984  1029.1217  1029.1189    34.2667    34.2634    8.16655         30 0.0000e+00
    333.000    329.306    -0.5379  28.183117    -0.5359  28.182646     5.2413     5.5517    -0.0079    97.6262 1.0000e-12  -73.07044 -113.73032  17.108756      99.91 1.2873e+02    750.492      18013  1029.1266  1029.1241    34.2669    34.2640    8.16586         27 0.0000e+00
    334.000    330.294    -0.5361  28.185447    -0.5328  28.186064     5.2520     5.5492     0.0039    97.6488 1.0000e-12  -73.07044 -113.73032  17.108769      99.91 1.2869e+02    751.614      18040  1029.1318  1029.1293    34.2674    34.2645    8.16544         28 0.0000e+00
    335.000    331.283    -0.5329  28.188733    -0.5311  28.188037     5.2429     5.5479     0.0055    97.6489 1.0000e-12  -73.07044 -113.73032  17.108783      99.92 1.2869e+02    752.818      18069  1029.1367  1029.1342    34.2676    34.2647    8.16475         30 0.0000e+00
    336.000    332.271    -0.5318  28.190300    -0.5287  28.190662     5.2234     5.5360    -0.0045    97.6348 1.0000e-12  -73.07044 -113.73032  17.108797      99.71 1.2875e+02    754.090      18099  1029.1418  1029.1392    34.2679    34.2649    8.16450         31 0.0000e+00
    337.000    333.258    -0.5171  28.205659    -0.5147  28.204974     5.2081     5.5222    -0.0010    97.6474 1.0000e-12  -73.07044 -113.73032  17.108811      80.54 1.2824e+02    755.279      18128  1029.1482  1029.1452    34.2713    34.2677    8.16113         27 0.0000e+00
    338.000    334.247    -0.4996  28.222757    -0.4975  28.222168     5.2045     5.5137     0.0012    97.6320 1.0000e-12  -73.07044 -113.73032  17.108824      97.37 1.2776e+02    756.363      18154  1029.1539  1029.1512    34.2739    34.2708    8.15722         26 0.0000e+00
    339.000    335.236    -0.4863  28.236141    -0.4842  28.235444     5.1965     5.5106    -0.0045    97.6302 1.0000e-12  -73.07044 -113.73032  17.108837      99.86 1.2754e+02    757.509      18181  1029.1597  1029.1569    34.2763    34.2729    8.15422         29 0.0000e+00
    340.000    336.224    -0.4762  28.246359    -0.4728  28.246678     5.1971     5.5036    -0.0063    97.6356 1.0000e-12  -73.07044 -113.73032  17.108854      99.91 1.2694e+02    758.947      18216  1029.1653  1029.1623    34.2780    34.2746    8.15195         37 0.0000e+00
    341.000    337.211    -0.4682  28.254274    -0.4666  28.253230     5.1915     5.5057     0.0034    97.6493 1.0000e-12  -73.07044 -113.73032  17.108871      99.92 1.2693e+02    760.456      18252  1029.1705  1029.1679    34.2789    34.2758    8.15017         32 0.0000e+00
    342.000    338.200    -0.4642  28.258665    -0.4630  28.257123     5.1821     5.4934     0.0046    97.6461 1.0000e-12  -73.07044 -113.73032  17.108885      99.92 1.2693e+02    761.647      18281  1029.1757  1029.1731    34.2797    34.2764    8.14927         25 0.0000e+00
    343.000    339.187    -0.4530  28.270101    -0.4508  28.269482     5.1782     5.4941    -0.0067    97.6231 1.0000e-12  -73.07044 -113.73032  17.108896      99.92 1.2645e+02    762.603      18303  1029.1814  1029.1787    34.2818    34.2786    8.14675         22 0.0000e+00
    344.000    340.176    -0.4459  28.277441    -0.4438  28.276846     5.1851     5.4981    -0.0102    97.6273 1.0000e-12  -73.07044 -113.73032  17.108908      99.91 1.2589e+02    763.644      18328  1029.1869  1029.1841    34.2831    34.2799    8.14516         30 0.0000e+00
    345.000    341.164    -0.4408  28.282863    -0.4386  28.282323     5.1716     5.4819    -0.0046    97.6368 1.0000e-12  -73.07044 -113.73033  17.108927      99.92 1.2538e+02    765.281      18368  1029.1922  1029.1895    34.2840    34.2807    8.14401         38 0.0000e+00
    346.000    342.152    -0.4330  28.291197    -0.4307  28.290548     5.1576     5.4712    -0.0036    97.6789 1.0000e-12  -73.07044 -113.73032  17.108948      99.92 1.2526e+02    767.104      18411  1029.1980  1029.1951    34.2857    34.2823    8.14224         34 0.0000e+00
    347.000    343.139    -0.4193  28.305390    -0.4172  28.304664     5.1480     5.4580     0.0054    97.6938 1.0000e-12  -73.07044 -113.73032  17.108962      83.53 1.2462e+02    768.299      18440  1029.2042  1029.2014    34.2887    34.2853    8.13913         23 0.0000e+00
    348.000    344.128    -0.4126  28.312374    -0.4105  28.311809     5.1373     5.4470    -0.0006    97.6890 1.0000e-12  -73.07044 -113.73032  17.108972      99.63 1.2424e+02    769.152      18461  1029.2095  1029.2070    34.2899    34.2868    8.13763         19 0.0000e+00
    349.000    345.115    -0.4053  28.320079    -0.4033  28.319434     5.1269     5.4338    -0.0125    97.7024 1.0000e-12  -73.07044 -113.73032  17.108982      99.92 1.2373e+02    770.007      18481  1029.2150  1029.2124    34.2914    34.2882    8.13598         22 0.0000e+00
