ocean_section_plots/required_files/ctd/dnbp2202_ctd120.cnv
* Sea-Bird SBE 9 Data File:
* FileName = D:\Data\raw\NBP2202_CTD120.hex
* Software Version Seasave V 7.26.7.121
* Temperature SN = 1649
* Conductivity SN = 2513
* Number of Bytes Per Scan = 40
* Number of Voltage Words = 5
* Number of Scans Averaged by the Deck Unit = 1
* NMEA Latitude = 74 10.52 S
* NMEA Longitude = 113 20.65 W
* NMEA UTC (Time) = Jan 27 2022  10:40:49
* NMEA baud rate = 9600
** Ship: RVIB N.B. Palmer
** Cruise: NBP2202 Thwaites
** Station: YoYo001
** Operator: B. Bjork
# nquan = 25
# nvalues = 608                         
# units = specified
# name 0 = prDM: Pressure, Digiquartz [db]
# name 1 = depSM: Depth [salt water, m]
# name 2 = t090C: Temperature [ITS-90, deg C]
# name 3 = c0mS/cm: Conductivity [mS/cm]
# name 4 = t190C: Temperature, 2 [ITS-90, deg C]
# name 5 = c1mS/cm: Conductivity, 2 [mS/cm]
# name 6 = sbeox0ML/L: Oxygen, SBE 43 [ml/l]
# name 7 = sbeox1ML/L: Oxygen, SBE 43, 2 [ml/l]
# name 8 = flECO-AFL: Fluorescence, WET Labs ECO-AFL/FL [mg/m^3]
# name 9 = CStarTr0: Beam Transmission, WET Labs C-Star [%]
# name 10 = par: PAR/Irradiance, Biospherical/Licor
# name 11 = latitude: Latitude [deg]
# name 12 = longitude: Longitude [deg]
# name 13 = timeJ: Julian Days
# name 14 = altM: Altimeter [m]
# name 15 = spar: SPAR, Biospherical/Licor
# name 16 = timeS: Time, Elapsed [seconds]
# name 17 = scan: Scan Count
# name 18 = density00: Density [density, kg/m^3]
# name 19 = density11: Density, 2 [density, kg/m^3]
# name 20 = sal00: Salinity, Practical [PSU]
# name 21 = sal11: Salinity, Practical, 2 [PSU]
# name 22 = oxsolML/L: Oxygen Saturation, Garcia & Gordon [ml/l]
# name 23 = nbin: number of scans per bin
# name 24 = flag: flag
# span 0 =     10.000,    617.000       
# span 1 =      9.897,    609.708       
# span 2 =    -1.4193,     0.0921       
# span 3 =  27.015840,  28.927217       
# span 4 =    -1.4182,     0.0939       
# span 5 =  27.015895,  28.925926       
# span 6 =     4.6777,     8.5731       
# span 7 =     4.7296,     8.6475       
# span 8 =    -0.0221,    29.0324       
# span 9 =    69.0216,    95.6130       
# span 10 = 1.0000e-12, 4.9189e+00      
# span 11 =  -74.17538,  -74.17536      
# span 12 = -113.34426, -113.34424      
# span 13 =  27.445312,  27.452837      
# span 14 =       7.03,     102.99      
# span 15 = 2.2741e+02, 2.3447e+02      
# span 16 =     25.968,    676.082      
# span 17 =        624,      16227      
# span 18 =  1027.2267,  1030.5233      
# span 19 =  1027.2266,  1030.5207      
# span 20 =    33.7926,    34.3819      
# span 21 =    33.7904,    34.3792      
# span 22 =    8.02560,    8.38534      
# span 23 =         16,         49      
# span 24 = 0.0000e+00, 0.0000e+00      
# interval = decibars: 1                
# start_time = Jan 27 2022 10:40:49 [NMEA time, header]
# bad_flag = -9.990e-29
*END*
[from data line 522]
    532.000    525.819     0.0075  28.800620     0.0097  28.800400     4.7124     4.7657    -0.0042    94.9787 1.0000e-12  -74.17536 -113.34424  27.451425      93.95 2.2917e+02    554.116      13300  1030.1096  1030.1073    34.3579    34.3552    8.04466         23 0.0000e+00
    533.000    526.805     0.0077  28.801182     0.0098  28.800912     4.7138     4.7662    -0.0154    94.9787 1.0000e-12  -74.17536 -113.34424  27.451436      92.83 2.2917e+02    555.110      13324  1030.1143  1030.1120    34.3579    34.3552    8.04463         24 0.0000e+00
    534.000    527.794     0.0076  28.801369     0.0098  28.801358     4.7128     4.7610    -0.0019    94.9722 1.0000e-12  -74.17536 -113.34424  27.451448      91.82 2.2917e+02    556.106      13348  1030.1189  1030.1167    34.3577    34.3552    8.04467         24 0.0000e+00
    535.000    528.779     0.0085  28.802892     0.0106  28.802543     4.7097     4.7607    -0.0170    94.9774 1.0000e-12  -74.17536 -113.34424  27.451460      90.74 2.2917e+02    557.118      13372  1030.1239  1030.1216    34.3581    34.3553    8.04446         25 0.0000e+00
    536.000    529.766     0.0132  28.808428     0.0155  28.808033     4.7058     4.7559    -0.0023    94.9414 1.0000e-12  -74.17536 -113.34424  27.451471      89.87 2.2917e+02    558.137      13396  1030.1293  1030.1267    34.3595    34.3564    8.04338         24 0.0000e+00
    537.000    530.754     0.0190  28.814723     0.0213  28.814547     4.7057     4.7604    -0.0083    94.9788 1.0000e-12  -74.17536 -113.34424  27.451483      88.68 2.2917e+02    559.148      13421  1030.1346  1030.1322    34.3608    34.3580    8.04209         24 0.0000e+00
    538.000    531.742     0.0203  28.816675     0.0212  28.815203     4.7032     4.7561    -0.0025    94.9603 1.0000e-12  -74.17536 -113.34424  27.451495      87.85 2.2917e+02    560.152      13445  1030.1396  1030.1373    34.3613    34.3584    8.04179         24 0.0000e+00
    539.000    532.728     0.0246  28.821706     0.0268  28.821500     4.6972     4.7523    -0.0062    94.9561 1.0000e-12  -74.17536 -113.34424  27.451506      86.73 2.2917e+02    561.151      13469  1030.1450  1030.1427    34.3626    34.3599    8.04082         24 0.0000e+00
    540.000    533.715     0.0268  28.824485     0.0295  28.824823     4.7005     4.7530    -0.0044    94.9658 1.0000e-12  -74.17536 -113.34424  27.451518      85.75 2.2917e+02    562.147      13493  1030.1501  1030.1478    34.3632    34.3606    8.04033         24 0.0000e+00
    541.000    534.702     0.0275  28.825542     0.0300  28.825687     4.7049     4.7567    -0.0080    94.9334 1.0000e-12  -74.17536 -113.34424  27.451530      84.77 2.2917e+02    563.152      13517  1030.1548  1030.1525    34.3633    34.3607    8.04018         24 0.0000e+00
    542.000    535.689     0.0279  28.826456     0.0298  28.825903     4.7084     4.7464    -0.0159    94.9516 1.0000e-12  -74.17536 -113.34424  27.451541      83.68 2.2917e+02    564.163      13541  1030.1596  1030.1572    34.3634    34.3605    8.04008         25 0.0000e+00
    543.000    536.676     0.0281  28.827092     0.0304  28.826950     4.7037     4.7478    -0.0105    94.9508 1.0000e-12  -74.17536 -113.34424  27.451553      82.76 2.2917e+02    565.174      13565  1030.1645  1030.1620    34.3635    34.3607    8.04005         24 0.0000e+00
    544.000    537.665     0.0278  28.827154     0.0299  28.826880     4.7023     4.7545    -0.0007    94.9441 1.0000e-12  -74.17536 -113.34424  27.451564      81.74 2.2917e+02    566.172      13589  1030.1691  1030.1668    34.3633    34.3606    8.04012         23 0.0000e+00
    545.000    538.651     0.0274  28.826985     0.0295  28.826859     4.7058     4.7548    -0.0029    94.9323 1.0000e-12  -74.17536 -113.34424  27.451576      80.60 2.2917e+02    567.164      13613  1030.1736  1030.1714    34.3629    34.3604    8.04021         24 0.0000e+00
    546.000    539.636     0.0297  28.830349     0.0321  28.830242     4.6991     4.7486    -0.0156    94.9368 1.0000e-12  -74.17536 -113.34424  27.451587      79.50 2.2917e+02    568.147      13637  1030.1791  1030.1767    34.3642    34.3614    8.03966         24 0.0000e+00
    547.000    540.623     0.0299  28.831202     0.0321  28.831092     4.7037     4.7552    -0.0003    94.9307 1.0000e-12  -74.17536 -113.34424  27.451599      78.71 2.2917e+02    569.133      13660  1030.1841  1030.1818    34.3645    34.3619    8.03960         23 0.0000e+00
    548.000    541.613     0.0289  28.830915     0.0314  28.830981     4.7030     4.7503    -0.0019    94.9496 1.0000e-12  -74.17536 -113.34424  27.451610      77.64 2.2917e+02    570.123      13684  1030.1890  1030.1867    34.3646    34.3620    8.03980         25 0.0000e+00
    549.000    542.598     0.0293  28.831646     0.0312  28.831200     4.7003     4.7563    -0.0147    94.9576 1.0000e-12  -74.17536 -113.34424  27.451622      76.48 2.2917e+02    571.125      13708  1030.1937  1030.1914    34.3646    34.3619    8.03973         23 0.0000e+00
    550.000    543.586     0.0293  28.832263     0.0325  28.833043     4.7097     4.7544    -0.0166    94.9616 1.0000e-12  -74.17536 -113.34424  27.451633      75.64 2.2917e+02    572.130      13732  1030.1986  1030.1963    34.3648    34.3623    8.03971         24 0.0000e+00
    551.000    544.573     0.0306  28.834003     0.0332  28.834100     4.7040     4.7515    -0.0114    94.9495 1.0000e-12  -74.17536 -113.34424  27.451645      74.45 2.2917e+02    573.141      13756  1030.2034  1030.2010    34.3651    34.3622    8.03943         25 0.0000e+00
    552.000    545.560     0.0308  28.834491     0.0331  28.834451     4.7044     4.7495    -0.0141    94.9529 1.0000e-12  -74.17536 -113.34424  27.451657      73.42 2.2917e+02    574.145      13780  1030.2080  1030.2057    34.3649    34.3623    8.03940         24 0.0000e+00
    553.000    546.546     0.0326  28.836771     0.0335  28.835368     4.7020     4.7541    -0.0123    94.9165 1.0000e-12  -74.17536 -113.34424  27.451668      72.50 2.2917e+02    575.145      13804  1030.2129  1030.2105    34.3653    34.3624    8.03899         24 0.0000e+00
    554.000    547.535     0.0333  28.837961     0.0351  28.837273     4.7009     4.7557    -0.0062    94.9325 1.0000e-12  -74.17536 -113.34424  27.451680      71.42 2.2917e+02    576.143      13828  1030.2177  1030.2153    34.3655    34.3626    8.03883         24 0.0000e+00
    555.000    548.520     0.0333  28.838397     0.0350  28.837815     4.7044     4.7564    -0.0047    94.9453 1.0000e-12  -74.17536 -113.34424  27.451691      70.40 2.2917e+02    577.141      13852  1030.2224  1030.2202    34.3655    34.3628    8.03884         24 0.0000e+00
    556.000    549.508     0.0336  28.839115     0.0354  28.838641     4.7056     4.7567    -0.0149    94.9380 1.0000e-12  -74.17536 -113.34424  27.451703      69.35 2.2917e+02    578.136      13876  1030.2271  1030.2250    34.3655    34.3629    8.03877         24 0.0000e+00
    557.000    550.495     0.0306  28.836573     0.0336  28.837398     4.7061     4.7566    -0.0078    94.9464 1.0000e-12  -74.17536 -113.34424  27.451714      68.52 2.2917e+02    579.132      13900  1030.2317  1030.2297    34.3650    34.3627    8.03943         24 0.0000e+00
    558.000    551.483     0.0289  28.835469     0.0309  28.835117     4.7047     4.7531    -0.0077    94.9274 1.0000e-12  -74.17536 -113.34424  27.451726      67.35 2.2917e+02    580.135      13924  1030.2365  1030.2342    34.3648    34.3621    8.03980         24 0.0000e+00
    559.000    552.469     0.0291  28.836022     0.0324  28.837212     4.7026     4.7564    -0.0098    94.9325 1.0000e-12  -74.17536 -113.34424  27.451738      66.42 2.2917e+02    581.135      13948  1030.2412  1030.2391    34.3648    34.3626    8.03976         24 0.0000e+00
    560.000    553.455     0.0301  28.837790     0.0321  28.837267     4.7072     4.7515    -0.0093    94.9386 1.0000e-12  -74.17536 -113.34424  27.451749      65.29 2.2917e+02    582.129      13972  1030.2462  1030.2438    34.3653    34.3625    8.03951         23 0.0000e+00
    561.000    554.443     0.0312  28.839212     0.0324  28.838268     4.7054     4.7465    -0.0154    94.9216 1.0000e-12  -74.17536 -113.34424  27.451761      64.29 2.2917e+02    583.114      13996  1030.2509  1030.2487    34.3654    34.3628    8.03928         24 0.0000e+00
    562.000    555.429     0.0288  28.837693     0.0307  28.837188     4.7006     4.7524    -0.0105    94.9252 1.0000e-12  -74.17536 -113.34424  27.451772      63.31 2.2917e+02    584.095      14019  1030.2559  1030.2535    34.3655    34.3627    8.03978         23 0.0000e+00
    563.000    556.417     0.0311  28.840627     0.0334  28.840525     4.7044     4.7601    -0.0086    94.9152 1.0000e-12  -74.17536 -113.34424  27.451783      62.22 2.2917e+02    585.081      14043  1030.2609  1030.2586    34.3662    34.3635    8.03925         24 0.0000e+00
    564.000    557.404     0.0334  28.843792     0.0351  28.843173     4.7100     4.7507    -0.0058    94.9350 1.0000e-12  -74.17536 -113.34424  27.451795      61.36 2.2917e+02    586.080      14067  1030.2663  1030.2640    34.3673    34.3645    8.03872         24 0.0000e+00
    565.000    558.390     0.0376  28.849226     0.0411  28.850165     4.7015     4.7459    -0.0065    94.9260 1.0000e-12  -74.17536 -113.34424  27.451807      60.36 2.2917e+02    587.085      14091  1030.2721  1030.2696    34.3692    34.3664    8.03774         25 0.0000e+00
    566.000    559.378     0.0463  28.858648     0.0496  28.859417     4.7011     4.7506    -0.0144    94.9206 1.0000e-12  -74.17536 -113.34424  27.451818      59.32 2.2917e+02    588.086      14115  1030.2777  1030.2753    34.3713    34.3686    8.03579         23 0.0000e+00
    567.000    560.365     0.0585  28.871979     0.0622  28.873149     4.6998     4.7533    -0.0071    94.9198 1.0000e-12  -74.17536 -113.34424  27.451830      58.44 2.2917e+02    589.091      14139  1030.2840  1030.2816    34.3746    34.3720    8.03304         25 0.0000e+00
    568.000    561.351     0.0626  28.876374     0.0636  28.874987     4.6941     4.7523    -0.0005    94.9111 1.0000e-12  -74.17536 -113.34424  27.451841      57.23 2.2917e+02    590.096      14163  1030.2889  1030.2865    34.3752    34.3723    8.03214         24 0.0000e+00
    569.000    562.338     0.0654  28.880118     0.0709  28.883102     4.6975     4.7435    -0.0007    94.9385 1.0000e-12  -74.17536 -113.34424  27.451853      56.34 2.2917e+02    591.089      14187  1030.2944  1030.2921    34.3764    34.3742    8.03149         24 0.0000e+00
    570.000    563.326     0.0695  28.884349     0.0678  28.880202     4.6973     4.7477    -0.0153    94.9369 1.0000e-12  -74.17536 -113.34424  27.451864      55.25 2.2917e+02    592.082      14211  1030.2991  1030.2965    34.3768    34.3733    8.03060         24 0.0000e+00
    571.000    564.312     0.0637  28.878351     0.0623  28.875028     4.6933     4.7552    -0.0027    94.9341 1.0000e-12  -74.17536 -113.34424  27.451876      54.29 2.2917e+02    593.074      14235  1030.3028  1030.3008    34.3748    34.3720    8.03193         23 0.0000e+00
    572.000    565.300     0.0574  28.872787     0.0598  28.872682     4.6983     4.7500    -0.0123    94.9530 1.0000e-12  -74.17536 -113.34424  27.451887      53.23 2.2917e+02    594.065      14259  1030.3075  1030.3051    34.3739    34.3711    8.03330         24 0.0000e+00
    573.000    566.286     0.0579  28.873549     0.0591  28.872387     4.7024     4.7462    -0.0104    94.9817 1.0000e-12  -74.17536 -113.34424  27.451899      52.16 2.2917e+02    595.057      14282  1030.3122  1030.3098    34.3739    34.3710    8.03321         24 0.0000e+00
    574.000    567.274     0.0589  28.875169     0.0618  28.875748     4.6970     4.7500    -0.0083    94.9732 1.0000e-12  -74.17536 -113.34424  27.451910      51.03 2.2917e+02    596.048      14306  1030.3171  1030.3149    34.3743    34.3718    8.03298         23 0.0000e+00
    575.000    568.259     0.0611  28.878195     0.0634  28.878158     4.6998     4.7510    -0.0117    95.0004 1.0000e-12  -74.17536 -113.34424  27.451922      50.24 2.2917e+02    597.031      14330  1030.3224  1030.3202    34.3752    34.3726    8.03246         24 0.0000e+00
    576.000    569.246     0.0608  28.878343     0.0629  28.878189     4.7017     4.7468    -0.0111    94.9990 1.0000e-12  -74.17536 -113.34424  27.451933      49.08 2.2917e+02    598.018      14353  1030.3272  1030.3249    34.3752    34.3726    8.03253         24 0.0000e+00
    577.000    570.235     0.0609  28.878773     0.0631  28.878559     4.7003     4.7481    -0.0030    95.0001 1.0000e-12  -74.17536 -113.34424  27.451944      48.08 2.2917e+02    599.004      14377  1030.3318  1030.3294    34.3751    34.3723    8.03252         24 0.0000e+00
    578.000    571.220     0.0604  28.878506     0.0625  28.878261     4.7031     4.7544    -0.0080    94.9957 1.0000e-12  -74.17536 -113.34424  27.451956      47.28 2.2917e+02    599.989      14401  1030.3362  1030.3339    34.3747    34.3720    8.03265         23 0.0000e+00
    579.000    572.208     0.0587  28.876753     0.0605  28.876442     4.6974     4.7492    -0.0086    95.0104 1.0000e-12  -74.17536 -113.34425  27.451968      46.17 2.2917e+02    600.995      14425  1030.3403  1030.3382    34.3737    34.3712    8.03306         25 0.0000e+00
    580.000    573.194     0.0582  28.876708     0.0603  28.876518     4.6986     4.7498    -0.0010    95.0219 1.0000e-12  -74.17536 -113.34424  27.451980      45.06 2.2917e+02    602.061      14450  1030.3450  1030.3428    34.3736    34.3710    8.03317         26 0.0000e+00
    581.000    574.182     0.0582  28.877211     0.0604  28.877101     4.6987     4.7457    -0.0004    95.0287 1.0000e-12  -74.17536 -113.34426  27.451993      44.00 2.2917e+02    603.189      14478  1030.3498  1030.3475    34.3736    34.3710    8.03315         28 0.0000e+00
    582.000    575.168     0.0587  28.878114     0.0608  28.877933     4.7012     4.7501    -0.0022    95.0215 1.0000e-12  -74.17536 -113.34424  27.452007      42.95 2.2917e+02    604.373      14506  1030.3545  1030.3522    34.3737    34.3711    8.03305         29 0.0000e+00
    583.000    576.155     0.0589  28.878683     0.0608  28.878271     4.6973     4.7481    -0.0059    95.0214 1.0000e-12  -74.17536 -113.34425  27.452021      42.04 2.2917e+02    605.581      14535  1030.3591  1030.3568    34.3737    34.3709    8.03302         29 0.0000e+00
    584.000    577.142     0.0593  28.879560     0.0615  28.879573     4.6948     4.7489    -0.0006    94.9993 1.0000e-12  -74.17536 -113.34425  27.452035      40.87 2.2917e+02    606.830      14565  1030.3639  1030.3618    34.3738    34.3713    8.03293         31 0.0000e+00
    585.000    578.129     0.0591  28.879825     0.0617  28.880192     4.6955     4.7432    -0.0090    95.0489 1.0000e-12  -74.17536 -113.34425  27.452050      39.85 2.2917e+02    608.138      14596  1030.3687  1030.3665    34.3738    34.3713    8.03297         32 0.0000e+00
    586.000    579.116     0.0596  28.881123     0.0632  28.882183     4.6955     4.7385    -0.0112    95.0508 1.0000e-12  -74.17536 -113.34425  27.452065      38.83 2.2917e+02    609.460      14628  1030.3737  1030.3714    34.3743    34.3717    8.03282         31 0.0000e+00
    587.000    580.102     0.0665  28.888883     0.0695  28.889330     4.6986     4.7504    -0.0081    95.0452 1.0000e-12  -74.17536 -113.34425  27.452081      37.84 2.2917e+02    610.779      14660  1030.3793  1030.3769    34.3762    34.3735    8.03127         32 0.0000e+00
    588.000    581.089     0.0673  28.890145     0.0686  28.889215     4.6853     4.7458    -0.0081    95.0794 1.0000e-12  -74.17536 -113.34425  27.452096      36.79 2.2917e+02    612.113      14692  1030.3841  1030.3819    34.3764    34.3738    8.03109         33 0.0000e+00
