ocean_section_plots/required_files/ctd/dnbp2202_ctd230.cnv
* Sea-Bird SBE 9 Data File:
* FileName = D:\Data\raw\NBP2202_CTD230.hex
* Software Version Seasave V 7.26.7.121
* Temperature SN = 1649
* Conductivity SN = 2513
* Number of Bytes Per Scan = 40
* Number of Voltage Words = 5
* Number of Scans Averaged by the Deck Unit = 1
* NMEA Latitude = 73 59.06 S
* NMEA Longitude = 113 23.14 W
* NMEA UTC (Time) = Feb 13 2022  02:22:19
* NMEA baud rate = 9600
** Ship: RVIB N.B. Palmer
** Cruise: NBP2202 Thwaites
** Station: 141
** Operator: A. Robinson
# nquan = 28
# nvalues = 252                         
# units = specified
# name 0 = prDM: Pressure, Digiquartz [db]
# name 1 = depSM: Depth [salt water, m]
# name 2 = t090C: Temperature [ITS-90, deg C]
# name 3 = c0mS/cm: Conductivity [mS/cm]
# name 4 = t190C: Temperature, 2 [ITS-90, deg C]
# name 5 = c1mS/cm: Conductivity, 2 [mS/cm]
# name 6 = sbeox0ML/L: Oxygen, SBE 43 [ml/l]
# name 7 = sbeox1ML/L: Oxygen, SBE 43, 2 [ml/l]
# name 8 = flECO-AFL: Fluorescence, WET Labs ECO-AFL/FL [mg/m^3]
# name 9 = CStarTr0: Beam Transmission, WET Labs C-Star [%]
# name 10 = par: PAR/Irradiance, Biospherical/Licor
# name 11 = latitude: Latitude [deg]
# name 12 = longitude: Longitude [deg]
# name 13 = timeJ: Julian Days
# name 14 = altM: Altimeter [m]
# name 15 = spar: SPAR, Biospherical/Licor
# name 16 = timeS: Time, Elapsed [seconds]
# name 17 = scan: Scan Count
# name 18 = density00: Density [density, kg/m^3]
# name 19 = density11: Density, 2 [density, kg/m^3]
# name 20 = v3: Voltage 3
# name 21 = v4: Voltage 4
# name 22 = v5: Voltage 5
# name 23 = sal00: Salinity, Practical [PSU]
# name 24 = sal11: Salinity, Practical, 2 [PSU]
# name 25 = oxsolML/L: Oxygen Saturation, Garcia & Gordon [ml/l]
# name 26 = nbin: number of scans per bin
# name 27 = flag: flag
# span 0 =      2.000,    253.000       
# span 1 =      1.986,    250.230       
# span 2 =    -1.4334,    -0.7341       
# span 3 =  27.108719,  27.689156       
# span 4 =    -1.4335,    -0.6765       
# span 5 =  27.108771,  27.688952       
# span 6 =     5.4138,     8.7061       
# span 7 =     5.6029,     9.0359       
# span 8 =     0.3064,    19.4452       
# span 9 =    77.9225,    96.5112       
# span 10 = 1.0000e-12, 3.6912e+02      
# span 11 =  -73.98444,  -73.98442      
# span 12 = -113.38582, -113.38576      
# span 13 =  44.101470,  44.105744      
# span 14 =       3.51,     100.50      
# span 15 = 3.3128e+02, 1.0739e+03      
# span 16 =    227.966,    597.269      
# span 17 =       5472,      14335      
# span 18 =  1027.1558,  1028.6146      
# span 19 =  1027.1495,  1028.6137      
# span 20 =     3.6970,     4.5784      
# span 21 =     0.1055,     3.4606      
# span 22 =     0.1163,     0.2264      
# span 23 =    33.7569,    34.0792      
# span 24 =    33.7620,    34.0782      
# span 25 =    8.23719,    8.38196      
# span 26 =         21,         46      
# span 27 = 0.0000e+00, 0.0000e+00      
# interval = decibars: 1                
# start_time = Feb 13 2022 02:22:19 [NMEA time, header]
# bad_flag = -9.990e-29
*END*
[from data line 104]
    106.000    104.877    -1.3510  27.110502    -1.3536  27.110610     6.5251     6.7769     4.2965    87.7919 1.0000e-12  -73.98442 -113.38580  44.103249      99.51 8.8264e+02    381.751       9163  1027.7584  1027.7610     4.1646     0.7600     0.1347    33.8681    33.8712    8.36796         23 0.0000e+00
    107.000    105.866    -1.3560  27.110616    -1.3584  27.110796     6.5118     6.7685     4.6886    88.1393 1.0000e-12  -73.98442 -113.38580  44.103261      99.50 9.4095e+02    382.714       9186  1027.7676  1027.7701     4.1814     0.8085     0.1451    33.8733    33.8763    8.36877         23 0.0000e+00
    108.000    106.855    -1.3583  27.110621    -1.3608  27.110660     6.4988     6.7557     4.1429    87.4365 1.0000e-12  -73.98442 -113.38580  44.103272      99.52 8.9256e+02    383.682       9209  1027.7741  1027.7765     4.1481     0.6739     0.1422    33.8753    33.8781    8.36917         23 0.0000e+00
    109.000    107.844    -1.3604  27.110636    -1.3632  27.110649     6.4767     6.7309     3.9589    87.7242 1.0000e-12  -73.98442 -113.38579  44.103283      94.68 8.3349e+02    384.659       9233  1027.7803  1027.7830     4.1618     0.7560     0.1415    33.8770    33.8803    8.36953         24 0.0000e+00
    110.000    108.833    -1.3624  27.110778    -1.3652  27.110726     6.4435     6.7039     5.3210    88.8287 1.0000e-12  -73.98442 -113.38579  44.103294      99.54 8.9210e+02    385.632       9256  1027.7868  1027.7893     4.2141     0.6959     0.1394    33.8790    33.8820    8.36988         23 0.0000e+00
    111.000    109.824    -1.3687  27.110754    -1.3712  27.110801     6.4112     6.6771     4.1315    89.5135 1.0000e-12  -73.98442 -113.38579  44.103306      98.93 9.6233e+02    386.603       9279  1027.7971  1027.7995     4.2465     0.8259     0.1457    33.8854    33.8884    8.37090         23 0.0000e+00
    112.000    110.811    -1.3695  27.113369    -1.3719  27.113424     6.3996     6.6551     4.3633    88.8496 1.0000e-12  -73.98442 -113.38579  44.103317      99.52 1.0195e+03    387.582       9303  1027.8049  1027.8073     4.2151     0.6833     0.1449    33.8892    33.8921    8.37084         25 0.0000e+00
    113.000    111.801    -1.3691  27.114586    -1.3717  27.114239     6.3939     6.6338     4.9137    88.6259 1.0000e-12  -73.98442 -113.38580  44.103328      99.52 1.0639e+03    388.571       9327  1027.8101  1027.8122     4.2044     0.6111     0.1406    33.8899    33.8923    8.37073         23 0.0000e+00
    114.000    112.789    -1.3681  27.116351    -1.3702  27.116764     6.3869     6.6263     4.2309    89.5472 1.0000e-12  -73.98442 -113.38579  44.103340      99.51 1.0624e+03    389.546       9350  1027.8153  1027.8177     4.2481     0.6900     0.1354    33.8905    33.8935    8.37045         23 0.0000e+00
    115.000    113.780    -1.3673  27.117483    -1.3693  27.118058     6.3832     6.6210     3.3044    90.1904 1.0000e-12  -73.98442 -113.38578  44.103351      99.52 9.7573e+02    390.519       9373  1027.8200  1027.8226     4.2787     0.6700     0.1311    33.8906    33.8937    8.37027         24 0.0000e+00
    116.000    114.769    -1.3669  27.118275    -1.3692  27.118600     6.3750     6.6078     4.3321    90.2473 1.0000e-12  -73.98442 -113.38578  44.103362      99.52 8.0516e+02    391.495       9397  1027.8248  1027.8273     4.2813     0.6578     0.1391    33.8906    33.8936    8.37019         23 0.0000e+00
    117.000    115.756    -1.3662  27.119912    -1.3685  27.120045     6.3536     6.5962     7.3502    89.7601 1.0000e-12  -73.98444 -113.38580  44.103373      99.51 7.3719e+02    392.468       9420  1027.8302  1027.8325     4.2583     0.6875     0.1455    33.8914    33.8943    8.36998         23 0.0000e+00
    118.000    116.747    -1.3666  27.120431    -1.3689  27.120499     6.3417     6.5835     4.4916    90.6410 1.0000e-12  -73.98444 -113.38580  44.103385      99.51 7.8457e+02    393.432       9443  1027.8354  1027.8377     4.2998     0.6680     0.1418    33.8920    33.8947    8.37004         24 0.0000e+00
    119.000    117.735    -1.3681  27.120813    -1.3704  27.120859     6.3342     6.5736     3.6060    90.3448 1.0000e-12  -73.98442 -113.38578  44.103396      99.53 8.6497e+02    394.407       9467  1027.8415  1027.8438     4.2861     0.5713     0.1275    33.8935    33.8963    8.37028         23 0.0000e+00
    120.000    118.725    -1.3686  27.121155    -1.3709  27.121217     6.3306     6.5790     4.8622    91.0153 1.0000e-12  -73.98442 -113.38578  44.103407      99.52 9.4731e+02    395.383       9490  1027.8467  1027.8490     4.3178     0.6617     0.1405    33.8940    33.8967    8.37038         24 0.0000e+00
    121.000    119.713    -1.3720  27.120078    -1.3747  27.119971     6.3471     6.5891     4.4724    90.2706 1.0000e-12  -73.98442 -113.38578  44.103418      99.53 1.0264e+03    396.351       9513  1027.8531  1027.8556     4.2824     0.5610     0.1405    33.8958    33.8987    8.37103         23 0.0000e+00
    122.000    120.703    -1.3758  27.118707    -1.3775  27.119049     6.3588     6.6005     3.7835    90.3123 1.0000e-12  -73.98442 -113.38578  44.103429      99.32 1.0626e+03    397.312       9536  1027.8596  1027.8615     4.2844     0.6256     0.1332    33.8976    33.8999    8.37178         23 0.0000e+00
    123.000    121.692    -1.3782  27.118109    -1.3802  27.118244     6.3685     6.6097     3.7993    90.7646 1.0000e-12  -73.98444 -113.38580  44.103441      95.35 1.0661e+03    398.284       9560  1027.8655  1027.8675     4.3059     0.6746     0.1360    33.8988    33.9012    8.37224         24 0.0000e+00
    124.000    122.680    -1.3806  27.117412    -1.3826  27.117489     6.3725     6.6133     4.0483    90.5865 1.0000e-12  -73.98444 -113.38580  44.103452      98.84 1.0679e+03    399.265       9583  1027.8713  1027.8733     4.2975     0.7051     0.1383    33.8999    33.9023    8.37271         22 0.0000e+00
    125.000    123.670    -1.3826  27.116583    -1.3850  27.116419     6.3720     6.6122     4.7107    91.2992 1.0000e-12  -73.98444 -113.38578  44.103463      99.53 1.0688e+03    400.234       9607  1027.8766  1027.8787     4.3312     0.6213     0.1369    33.9004    33.9030    8.37313         24 0.0000e+00
    126.000    124.660    -1.3831  27.116963    -1.3852  27.116932     6.3686     6.6113     4.4227    91.2824 1.0000e-12  -73.98444 -113.38578  44.103474      99.52 1.0685e+03    401.187       9629  1027.8818  1027.8837     4.3304     0.6832     0.1425    33.9009    33.9032    8.37321         23 0.0000e+00
    127.000    125.648    -1.3830  27.117820    -1.3851  27.117955     6.3742     6.6081     3.9035    90.1462 1.0000e-12  -73.98444 -113.38578  44.103486      99.52 1.0685e+03    402.175       9653  1027.8868  1027.8890     4.2766     0.6140     0.1369    33.9013    33.9039    8.37316         24 0.0000e+00
    128.000    126.637    -1.3844  27.117694    -1.3865  27.117759     6.3760     6.6033     3.6337    90.8170 1.0000e-12  -73.98444 -113.38578  44.103497      99.50 1.0681e+03    403.163       9677  1027.8923  1027.8944     4.3084     0.7717     0.1376    33.9021    33.9046    8.37343         23 0.0000e+00
    129.000    127.627    -1.3855  27.117559    -1.3875  27.117721     6.3726     6.5966     3.1612    91.2657 1.0000e-12  -73.98444 -113.38578  44.103508      99.53 1.0671e+03    404.126       9700  1027.8975  1027.8996     4.3297     0.5902     0.1368    33.9026    33.9051    8.37365         23 0.0000e+00
    130.000    128.614    -1.3873  27.117856    -1.3894  27.117731     6.3672     6.5941     3.3512    91.4096 1.0000e-12  -73.98444 -113.38578  44.103520      99.51 1.0675e+03    405.093       9723  1027.9038  1027.9058     4.3362     0.7079     0.1309    33.9044    33.9066    8.37395         24 0.0000e+00
    131.000    129.604    -1.3883  27.118172    -1.3903  27.118116     6.3617     6.5963     3.5946    87.2741 1.0000e-12  -73.98444 -113.38578  44.103531      99.53 1.0675e+03    406.075       9747  1027.9095  1027.9113     4.1415     0.5875     0.1386    33.9053    33.9075    8.37412         23 0.0000e+00
    132.000    130.593    -1.3901  27.118461    -1.3925  27.118342     6.3681     6.6005     3.7591    89.9096 1.0000e-12  -73.98444 -113.38578  44.103542      99.50 1.0690e+03    407.053       9770  1027.9158  1027.9181     4.2645     0.7669     0.1378    33.9072    33.9098    8.37442         24 0.0000e+00
    133.000    131.584    -1.3968  27.116047    -1.3990  27.116167     6.3719     6.6080     4.2873    90.8541 1.0000e-12  -73.98444 -113.38578  44.103554      99.54 1.0682e+03    408.023       9794  1027.9240  1027.9262     4.3101     0.5458     0.1321    33.9109    33.9134    8.37571         23 0.0000e+00
    134.000    132.570    -1.4037  27.113833    -1.4059  27.113845     6.3843     6.6163     4.0346    91.5585 1.0000e-12  -73.98444 -113.38578  44.103565      99.52 1.0697e+03    409.001       9817  1027.9325  1027.9346     4.3435     0.6120     0.1290    33.9150    33.9175    8.37701         23 0.0000e+00
    135.000    133.560    -1.4048  27.114156    -1.4069  27.114062     6.3791     6.6164     4.2052    91.8885 1.0000e-12  -73.98444 -113.38578  44.103576      99.17 1.0695e+03    409.979       9840  1027.9382  1027.9401     4.3592     0.5975     0.1296    33.9161    33.9183    8.37719         24 0.0000e+00
    136.000    134.549    -1.4049  27.114496    -1.4069  27.114567     6.3772     6.6119     2.3882    91.9142 1.0000e-12  -73.98444 -113.38579  44.103587      98.47 1.0687e+03    410.941       9864  1027.9428  1027.9449     4.3604     0.5721     0.1334    33.9159    33.9184    8.37721         23 0.0000e+00
    137.000    135.539    -1.4049  27.115109    -1.4069  27.115094     6.3778     6.6110     2.8414    90.8434 1.0000e-12  -73.98444 -113.38580  44.103599      99.51 1.0710e+03    411.912       9887  1027.9478  1027.9497     4.3100     0.6456     0.1314    33.9162    33.9185    8.37720         23 0.0000e+00
    138.000    136.529    -1.4047  27.115830    -1.4068  27.115713     6.3759     6.6063     3.4984    91.6111 1.0000e-12  -73.98444 -113.38580  44.103610      99.53 1.0712e+03    412.883       9910  1027.9527  1027.9546     4.3456     0.5197     0.1278    33.9164    33.9186    8.37716         23 0.0000e+00
    139.000    137.516    -1.4049  27.116458    -1.4069  27.116363     6.3690     6.6061     3.2296    91.7263 1.0000e-12  -73.98444 -113.38579  44.103621      99.54 1.0698e+03    413.849       9933  1027.9578  1027.9596     4.3515     0.5262     0.1353    33.9168    33.9190    8.37716         23 0.0000e+00
    140.000    138.506    -1.4049  27.116919    -1.4068  27.116775     6.3692     6.6051     2.6106    91.4225 1.0000e-12  -73.98444 -113.38578  44.103632      99.54 1.0734e+03    414.811       9956  1027.9625  1027.9642     4.3371     0.4267     0.1285    33.9168    33.9188    8.37716         24 0.0000e+00
    141.000    139.495    -1.4049  27.117389    -1.4070  27.117303     6.3720     6.6033     2.7756    92.1899 1.0000e-12  -73.98444 -113.38578  44.103643      99.53 1.0719e+03    415.783       9980  1027.9674  1027.9692     4.3735     0.5965     0.1262    33.9169    33.9191    8.37717         23 0.0000e+00
    142.000    140.482    -1.4050  27.117956    -1.4068  27.117928     6.3698     6.6006     3.6484    92.7064 1.0000e-12  -73.98444 -113.38578  44.103655      99.52 1.0710e+03    416.755      10003  1027.9723  1027.9740     4.3980     0.6732     0.1367    33.9171    33.9192    8.37717         24 0.0000e+00
    143.000    141.473    -1.4048  27.118503    -1.4066  27.118685     6.3688     6.6032     3.2083    92.2918 1.0000e-12  -73.98444 -113.38578  44.103666      99.54 1.0739e+03    417.730      10027  1027.9770  1027.9790     4.3782     0.4955     0.1288    33.9170    33.9194    8.37713         23 0.0000e+00
    144.000    142.461    -1.4047  27.119253    -1.4064  27.119490     6.3623     6.6068     2.2663    92.1889 1.0000e-12  -73.98444 -113.38579  44.103677      99.53 1.0732e+03    418.698      10050  1027.9820  1027.9840     4.3736     0.4755     0.1309    33.9173    33.9196    8.37709         23 0.0000e+00
    145.000    143.451    -1.4044  27.120525    -1.4062  27.120661     6.3616     6.6063     2.8421    92.4670 1.0000e-12  -73.98444 -113.38579  44.103688      99.54 1.0721e+03    419.660      10073  1027.9874  1027.9893     4.3865     0.4295     0.1260    33.9181    33.9203    8.37697         23 0.0000e+00
    146.000    144.439    -1.4042  27.121260    -1.4061  27.121341     6.3529     6.6004     3.2809    91.9037 1.0000e-12  -73.98444 -113.38578  44.103700      99.53 1.0733e+03    420.644      10096  1027.9923  1027.9942     4.3599     0.5264     0.1249    33.9182    33.9205    8.37692         24 0.0000e+00
    147.000    145.428    -1.4044  27.122411    -1.4063  27.122287     6.3530     6.5948     3.2171    92.5028 1.0000e-12  -73.98444 -113.38579  44.103711      99.54 1.0721e+03    421.627      10120  1027.9981  1027.9997     4.3883     0.4554     0.1295    33.9195    33.9214    8.37689         23 0.0000e+00
    148.000    146.416    -1.4045  27.123665    -1.4063  27.123659     6.3541     6.5892     3.7235    92.6601 1.0000e-12  -73.98444 -113.38580  44.103722      99.54 1.0702e+03    422.596      10143  1028.0039  1028.0056     4.3957     0.5374     0.1376    33.9207    33.9227    8.37685         23 0.0000e+00
    149.000    147.408    -1.4047  27.124160    -1.4066  27.124002     6.3519     6.5905     4.0099    93.1475 1.0000e-12  -73.98444 -113.38579  44.103733      99.53 1.0707e+03    423.567      10167  1028.0089  1028.0106     4.4189     0.4763     0.1297    33.9210    33.9230    8.37688         24 0.0000e+00
    150.000    148.393    -1.4048  27.124609    -1.4067  27.124658     6.3493     6.5821     3.1158    92.9619 1.0000e-12  -73.98444 -113.38579  44.103745      51.40 1.0705e+03    424.551      10190  1028.0138  1028.0157     4.4095     0.4797     0.1325    33.9211    33.9233    8.37690         23 0.0000e+00
    151.000    149.385    -1.4053  27.125121    -1.4068  27.125050     6.3376     6.5718     2.4669    91.5914 1.0000e-12  -73.98444 -113.38580  44.103756      99.64 1.0691e+03    425.523      10214  1028.0192  1028.0205     4.3457     0.5158     0.1314    33.9217    33.9233    8.37697         24 0.0000e+00
    152.000    150.374    -1.4075  27.126210    -1.4088  27.125993     6.3266     6.5652     3.0821    92.4118 1.0000e-12  -73.98444 -113.38578  44.103767      99.53 1.0685e+03    426.491      10237  1028.0268  1028.0278     4.3840     0.4334     0.1309    33.9251    33.9263    8.37725         23 0.0000e+00
    153.000    151.359    -1.4082  27.127267    -1.4099  27.127424     6.2906     6.5325     2.2976    92.2946 1.0000e-12  -73.98444 -113.38578  44.103778      99.53 1.0682e+03    427.463      10260  1028.0330  1028.0347     4.3785     0.4878     0.1309    33.9268    33.9289    8.37733         23 0.0000e+00
    154.000    152.352    -1.4074  27.130114    -1.4093  27.129847     6.2348     6.4786     3.3615    92.0696 1.0000e-12  -73.98444 -113.38578  44.103790      99.53 1.0670e+03    428.439      10284  1028.0396  1028.0411     4.3678     0.5850     0.1330    33.9291    33.9309    8.37700         24 0.0000e+00
    155.000    153.339    -1.4013  27.139025    -1.4028  27.139082     6.1873     6.4337     2.9246    91.8949 1.0000e-12  -73.98444 -113.38580  44.103801      99.53 1.0664e+03    429.414      10307  1028.0478  1028.0493     4.3595     0.4579     0.1351    33.9338    33.9356    8.37534         23 0.0000e+00
    156.000    154.329    -1.3915  27.149501    -1.3921  27.150176     6.1571     6.4044     2.5641    92.8122 1.0000e-12  -73.98444 -113.38578  44.103812      99.53 1.0656e+03    430.378      10330  1028.0542  1028.0554     4.4029     0.4254     0.1328    33.9365    33.9381    8.37299         23 0.0000e+00
