ocean_section_plots/required_files/ctd/dnbp2202_ctd166.cnv
* Sea-Bird SBE 9 Data File:
* FileName = D:\Data\raw\NBP2202_CTD166.hex
* Software Version Seasave V 7.26.7.121
* Temperature SN = 1649
* Conductivity SN = 2513
* Number of Bytes Per Scan = 40
* Number of Voltage Words = 5
* Number of Scans Averaged by the Deck Unit = 1
* NMEA Latitude = 74 24.00 S
* NMEA Longitude = 110 04.79 W
* NMEA UTC (Time) = Feb 03 2022  04:09:30
* NMEA baud rate = 9600
** Ship: RVIB N.B. Palmer
** Cruise: NBP2202 Thwaites
** Station: 88
** Operator: B Bjork
# nquan = 28
# nvalues = 1127                        
# units = specified
# name 0 = prDM: Pressure, Digiquartz [db]
# name 1 = depSM: Depth [salt water, m]
# name 2 = t090C: Temperature [ITS-90, deg C]
# name 3 = c0mS/cm: Conductivity [mS/cm]
# name 4 = t190C: Temperature, 2 [ITS-90, deg C]
# name 5 = c1mS/cm: Conductivity, 2 [mS/cm]
# name 6 = sbeox0ML/L: Oxygen, SBE 43 [ml/l]
# name 7 = sbeox1ML/L: Oxygen, SBE 43, 2 [ml/l]
# name 8 = flECO-AFL: Fluorescence, WET Labs ECO-AFL/FL [mg/m^3]
# name 9 = CStarTr0: Beam Transmission, WET Labs C-Star [%]
# name 10 = par: PAR/Irradiance, Biospherical/Licor
# name 11 = latitude: Latitude [deg]
# name 12 = longitude: Longitude [deg]
# name 13 = timeJ: Julian Days
# name 14 = altM: Altimeter [m]
# name 15 = spar: SPAR, Biospherical/Licor
# name 16 = timeS: Time, Elapsed [seconds]
# name 17 = scan: Scan Count
# name 18 = density00: Density [density, kg/m^3]
# name 19 = density11: Density, 2 [density, kg/m^3]
# name 20 = v3: Voltage 3
# name 21 = v4: Voltage 4
# name 22 = v5: Voltage 5
# name 23 = sal00: Salinity, Practical [PSU]
# name 24 = sal11: Salinity, Practical, 2 [PSU]
# name 25 = oxsolML/L: Oxygen Saturation, Garcia & Gordon [ml/l]
# name 26 = nbin: number of scans per bin
# name 27 = flag: flag
# span 0 =      3.000,   1129.000       
# span 1 =      2.967,   1114.277       
# span 2 =    -1.5724,     1.1030       
# span 3 =  26.803671,  30.263874       
# span 4 =    -1.5736,     1.1054       
# span 5 =  26.804333,  30.264114       
# span 6 =     4.3163,     5.8543       
# span 7 =     4.3989,     5.9916       
# span 8 =    -0.0225,     0.0864       
# span 9 =    98.6514,    99.7381       
# span 10 = 1.0000e-12, 1.4678e+02      
# span 11 =  -74.40016,  -74.40014      
# span 12 = -110.07986, -110.07982      
# span 13 =  34.175426,  34.190226      
# span 14 =       5.71,     100.04      
# span 15 = 6.9521e+02, 8.0587e+02      
# span 16 =    186.793,   1465.532      
# span 17 =       4484,      35174      
# span 18 =  1027.1603,  1033.0795      
# span 19 =  1027.1619,  1033.0774      
# span 20 =     4.6798,     4.7314      
# span 21 =     0.0627,     0.0825      
# span 22 =     0.1077,     0.1409      
# span 23 =    33.7291,    34.7021      
# span 24 =    33.7318,    34.6998      
# span 25 =    7.80155,    8.42230      
# span 26 =         13,         48      
# span 27 = 0.0000e+00, 0.0000e+00      
# interval = decibars: 1                
# start_time = Feb 03 2022 04:09:30 [NMEA time, header]
# bad_flag = -9.990e-29
*END*
[from data line 725]
    728.000    719.195     1.0586  30.041586     1.0610  30.041440     4.3660     4.4528    -0.0077    99.5443 1.0000e-12  -74.40014 -110.07984  34.184574      99.83 7.4217e+02    977.154      23453  1031.2127  1031.2102     4.7221     0.0699     0.1153    34.6896    34.6868    7.81106         27 0.0000e+00
    729.000    720.180     1.0587  30.042131     1.0612  30.042118     4.3669     4.4579    -0.0077    99.5349 1.0000e-12  -74.40014 -110.07984  34.184587      99.84 7.4217e+02    978.298      23480  1031.2173  1031.2149     4.7218     0.0703     0.1148    34.6896    34.6869    7.81104         27 0.0000e+00
    730.000    721.168     1.0592  30.043204     1.0618  30.043211     4.3648     4.4542    -0.0086    99.5349 1.0000e-12  -74.40014 -110.07984  34.184600      99.84 7.4144e+02    979.430      23507  1031.2222  1031.2197     4.7217     0.0692     0.1144    34.6900    34.6871    7.81093         27 0.0000e+00
    731.000    722.153     1.0595  30.044078     1.0621  30.044094     4.3542     4.4511    -0.0140    99.5237 1.0000e-12  -74.40014 -110.07984  34.184613      99.84 7.4173e+02    980.568      23535  1031.2270  1031.2245     4.7212     0.0708     0.1145    34.6902    34.6873    7.81086         28 0.0000e+00
    732.000    723.139     1.0612  30.046261     1.0636  30.046110     4.3632     4.4490    -0.0090    99.5388 1.0000e-12  -74.40014 -110.07984  34.184626      74.37 7.4119e+02    981.709      23562  1031.2318  1031.2293     4.7219     0.0668     0.1155    34.6905    34.6876    7.81050         27 0.0000e+00
    733.000    724.126     1.0631  30.048679     1.0656  30.048540     4.3677     4.4547    -0.0156    99.5388 1.0000e-12  -74.40014 -110.07984  34.184639      84.28 7.4119e+02    982.834      23589  1031.2366  1031.2341     4.7219     0.0682     0.1142    34.6909    34.6881    7.81009         27 0.0000e+00
    734.000    725.112     1.0636  30.049641     1.0661  30.049715     4.3615     4.4561    -0.0134    99.5185 1.0000e-12  -74.40014 -110.07984  34.184652      98.58 7.4192e+02    983.972      23616  1031.2414  1031.2389     4.7209     0.0692     0.1140    34.6911    34.6884    7.80999         27 0.0000e+00
    735.000    726.098     1.0639  30.050491     1.0664  30.050518     4.3594     4.4563    -0.0103    99.5275 1.0000e-12  -74.40014 -110.07984  34.184666      99.84 7.4091e+02    985.110      23644  1031.2461  1031.2437     4.7214     0.0692     0.1138    34.6912    34.6885    7.80991         28 0.0000e+00
    736.000    727.084     1.0640  30.051216     1.0665  30.051191     4.3632     4.4512    -0.0107    99.5254 1.0000e-12  -74.40014 -110.07984  34.184679      99.84 7.4100e+02    986.239      23671  1031.2510  1031.2486     4.7213     0.0701     0.1129    34.6915    34.6887    7.80988         27 0.0000e+00
    737.000    728.071     1.0641  30.051658     1.0666  30.051731     4.3677     4.4466    -0.0029    99.5444 1.0000e-12  -74.40014 -110.07984  34.184692      99.84 7.4151e+02    987.371      23698  1031.2556  1031.2532     4.7222     0.0704     0.1142    34.6914    34.6887    7.80987         27 0.0000e+00
    738.000    729.055     1.0641  30.052350     1.0666  30.052277     4.3607     4.4546    -0.0083    99.5425 1.0000e-12  -74.40014 -110.07984  34.184705      99.84 7.4040e+02    988.515      23725  1031.2604  1031.2580     4.7221     0.0703     0.1127    34.6917    34.6888    7.80985         27 0.0000e+00
    739.000    730.043     1.0641  30.052740     1.0666  30.052752     4.3616     4.4563    -0.0080    99.5413 1.0000e-12  -74.40014 -110.07984  34.184718      99.83 7.4041e+02    989.643      23752  1031.2652  1031.2628     4.7220     0.0714     0.1147    34.6917    34.6889    7.80986         28 0.0000e+00
    740.000    731.029     1.0641  30.053261     1.0665  30.053124     4.3585     4.4523    -0.0112    99.5369 1.0000e-12  -74.40014 -110.07984  34.184731      99.85 7.4041e+02    990.777      23780  1031.2699  1031.2674     4.7218     0.0697     0.1143    34.6918    34.6890    7.80985         27 0.0000e+00
    741.000    732.015     1.0643  30.053972     1.0669  30.054074     4.3620     4.4525    -0.0115    99.5292 1.0000e-12  -74.40014 -110.07984  34.184744      99.84 7.4041e+02    991.919      23807  1031.2746  1031.2722     4.7215     0.0700     0.1135    34.6919    34.6891    7.80980         27 0.0000e+00
    742.000    733.000     1.0650  30.055064     1.0673  30.054976     4.3621     4.4568    -0.0079    99.5292 1.0000e-12  -74.40014 -110.07984  34.184758      99.84 7.4041e+02    993.053      23834  1031.2793  1031.2769     4.7214     0.0695     0.1151    34.6920    34.6892    7.80967         27 0.0000e+00
    743.000    733.988     1.0648  30.055195     1.0671  30.055248     4.3642     4.4563    -0.0121    99.5486 1.0000e-12  -74.40014 -110.07984  34.184771      99.84 7.4041e+02    994.184      23861  1031.2838  1031.2816     4.7224     0.0709     0.1129    34.6918    34.6893    7.80971         28 0.0000e+00
    744.000    734.973     1.0649  30.055871     1.0675  30.055970     4.3670     4.4546    -0.0112    99.5398 1.0000e-12  -74.40014 -110.07984  34.184784      99.84 7.4024e+02    995.324      23889  1031.2886  1031.2862     4.7219     0.0699     0.1126    34.6919    34.6892    7.80968         27 0.0000e+00
    745.000    735.959     1.0655  30.056952     1.0680  30.056937     4.3651     4.4550    -0.0077    99.5407 1.0000e-12  -74.40014 -110.07984  34.184797      92.68 7.4034e+02    996.455      23916  1031.2933  1031.2910     4.7220     0.0693     0.1124    34.6921    34.6894    7.80955         27 0.0000e+00
    746.000    736.946     1.0665  30.058521     1.0690  30.058565     4.3602     4.4556    -0.0077    99.5340 1.0000e-12  -74.40014 -110.07984  34.184810      99.42 7.4041e+02    997.583      23943  1031.2982  1031.2958     4.7217     0.0698     0.1145    34.6925    34.6897    7.80933         27 0.0000e+00
    747.000    737.930     1.0670  30.059496     1.0694  30.059543     4.3576     4.4530    -0.0077    99.5257 1.0000e-12  -74.40014 -110.07984  34.184823      99.84 7.3935e+02    998.723      23970  1031.3029  1031.3006     4.7213     0.0689     0.1163    34.6926    34.6900    7.80923         28 0.0000e+00
    748.000    738.918     1.0670  30.060131     1.0695  30.060123     4.3621     4.4487    -0.0077    99.5222 1.0000e-12  -74.40014 -110.07984  34.184836      99.84 7.4047e+02    999.849      23997  1031.3077  1031.3054     4.7211     0.0699     0.1164    34.6928    34.6901    7.80921         26 0.0000e+00
    749.000    739.903     1.0670  30.060554     1.0694  30.060621     4.3648     4.4466    -0.0025    99.5119 1.0000e-12  -74.40014 -110.07984  34.184849      99.84 7.4066e+02   1000.976      24024  1031.3124  1031.3102     4.7207     0.0693     0.1163    34.6928    34.6903    7.80921         28 0.0000e+00
    750.000    740.890     1.0671  30.061183     1.0695  30.061170     4.3602     4.4519    -0.0063    99.5205 1.0000e-12  -74.40014 -110.07984  34.184862      99.83 7.3944e+02   1002.114      24052  1031.3172  1031.3148     4.7211     0.0685     0.1150    34.6930    34.6903    7.80919         27 0.0000e+00
    751.000    741.875     1.0673  30.061872     1.0697  30.061821     4.3638     4.4539    -0.0139    99.5187 1.0000e-12  -74.40014 -110.07984  34.184876      99.84 7.4028e+02   1003.250      24079  1031.3219  1031.3195     4.7210     0.0706     0.1155    34.6930    34.6903    7.80914         27 0.0000e+00
    752.000    742.862     1.0674  30.062530     1.0699  30.062529     4.3678     4.4538    -0.0028    99.5283 1.0000e-12  -74.40014 -110.07984  34.184889      99.84 7.4041e+02   1004.374      24106  1031.3266  1031.3242     4.7214     0.0707     0.1168    34.6932    34.6904    7.80911         27 0.0000e+00
    753.000    743.847     1.0675  30.063225     1.0700  30.063168     4.3572     4.4484    -0.0004    99.5118 1.0000e-12  -74.40014 -110.07984  34.184902      99.84 7.3922e+02   1005.515      24133  1031.3315  1031.3290     4.7207     0.0688     0.1144    34.6934    34.6906    7.80908         27 0.0000e+00
    754.000    744.834     1.0676  30.063757     1.0701  30.063753     4.3615     4.4472    -0.0141    99.5169 1.0000e-12  -74.40014 -110.07984  34.184915      99.83 7.4003e+02   1006.644      24160  1031.3361  1031.3337     4.7209     0.0700     0.1151    34.6934    34.6907    7.80906         27 0.0000e+00
    755.000    745.820     1.0678  30.064283     1.0702  30.064338     4.3519     4.4426    -0.0081    99.4974 1.0000e-12  -74.40014 -110.07984  34.184928      99.84 7.4028e+02   1007.768      24187  1031.3407  1031.3384     4.7200     0.0710     0.1147    34.6933    34.6907    7.80902         27 0.0000e+00
    756.000    746.806     1.0679  30.064875     1.0703  30.064935     4.3574     4.4455    -0.0080    99.5036 1.0000e-12  -74.40014 -110.07984  34.184941      77.36 7.3908e+02   1008.905      24215  1031.3454  1031.3432     4.7203     0.0682     0.1136    34.6934    34.6908    7.80900         28 0.0000e+00
    757.000    747.792     1.0683  30.065876     1.0706  30.065728     4.3512     4.4505    -0.0082    99.5167 1.0000e-12  -74.40014 -110.07984  34.184954      93.08 7.3962e+02   1010.032      24242  1031.3503  1031.3479     4.7209     0.0700     0.1174    34.6937    34.6909    7.80891         27 0.0000e+00
    758.000    748.778     1.0688  30.066924     1.0711  30.066761     4.3580     4.4495    -0.0151    99.4943 1.0000e-12  -74.40014 -110.07984  34.184967      99.88 7.3987e+02   1011.154      24269  1031.3550  1031.3527     4.7198     0.0698     0.1126    34.6939    34.6911    7.80879         26 0.0000e+00
    759.000    749.764     1.0692  30.067719     1.0715  30.067701     4.3610     4.4518    -0.0010    99.5102 1.0000e-12  -74.40014 -110.07984  34.184980      99.84 7.3883e+02   1012.285      24296  1031.3597  1031.3574     4.7205     0.0701     0.1152    34.6940    34.6913    7.80872         28 0.0000e+00
    760.000    750.750     1.0693  30.068286     1.0717  30.068308     4.3546     4.4488    -0.0069    99.4987 1.0000e-12  -74.40014 -110.07984  34.184993      99.84 7.3865e+02   1013.414      24323  1031.3644  1031.3621     4.7201     0.0690     0.1157    34.6940    34.6914    7.80870         27 0.0000e+00
    761.000    751.737     1.0691  30.068498     1.0714  30.068645     4.3597     4.4471    -0.0018    99.5167 1.0000e-12  -74.40014 -110.07984  34.185006      99.84 7.3865e+02   1014.533      24350  1031.3690  1031.3669     4.7209     0.0691     0.1159    34.6939    34.6915    7.80874         27 0.0000e+00
    762.000    752.722     1.0692  30.069181     1.0715  30.069173     4.3595     4.4508    -0.0077    99.5159 1.0000e-12  -74.40014 -110.07984  34.185019      99.83 7.3865e+02   1015.666      24377  1031.3738  1031.3715     4.7209     0.0695     0.1159    34.6941    34.6915    7.80870         27 0.0000e+00
    763.000    753.708     1.0694  30.069874     1.0718  30.069924     4.3630     4.4460    -0.0077    99.4919 1.0000e-12  -74.40014 -110.07984  34.185032      99.84 7.3891e+02   1016.797      24404  1031.3785  1031.3763     4.7197     0.0687     0.1153    34.6942    34.6916    7.80866         27 0.0000e+00
    764.000    754.694     1.0697  30.070544     1.0720  30.070575     4.3584     4.4476    -0.0061    99.4901 1.0000e-12  -74.40014 -110.07984  34.185045      99.84 7.3891e+02   1017.921      24431  1031.3832  1031.3810     4.7196     0.0682     0.1145    34.6942    34.6917    7.80860         27 0.0000e+00
    765.000    755.680     1.0700  30.071470     1.0724  30.071395     4.3586     4.4449    -0.0004    99.4930 1.0000e-12  -74.40014 -110.07984  34.185058      99.84 7.3772e+02   1019.051      24458  1031.3880  1031.3856     4.7198     0.0690     0.1141    34.6944    34.6917    7.80852         27 0.0000e+00
    766.000    756.666     1.0704  30.072323     1.0728  30.072332     4.3535     4.4477    -0.0048    99.5036 1.0000e-12  -74.40014 -110.07984  34.185072      99.83 7.3846e+02   1020.184      24485  1031.3927  1031.3904     4.7203     0.0700     0.1157    34.6945    34.6919    7.80844         27 0.0000e+00
    767.000    757.652     1.0711  30.073650     1.0734  30.073652     4.3578     4.4456    -0.0152    99.5127 1.0000e-12  -74.40014 -110.07984  34.185085      74.73 7.3877e+02   1021.306      24512  1031.3976  1031.3953     4.7207     0.0690     0.1153    34.6950    34.6923    7.80829         28 0.0000e+00
    768.000    758.639     1.0715  30.074566     1.0738  30.074506     4.3594     4.4460    -0.0070    99.5280 1.0000e-12  -74.40014 -110.07984  34.185098      89.36 7.3872e+02   1022.437      24539  1031.4024  1031.4000     4.7214     0.0684     0.1157    34.6951    34.6924    7.80820         27 0.0000e+00
    769.000    759.625     1.0718  30.075278     1.0742  30.075300     4.3565     4.4444     0.0039    99.4992 1.0000e-12  -74.40014 -110.07985  34.185111      99.90 7.3831e+02   1023.569      24567  1031.4070  1031.4047     4.7200     0.0698     0.1157    34.6951    34.6925    7.80814         26 0.0000e+00
    770.000    760.610     1.0721  30.075963     1.0743  30.075986     4.3567     4.4450    -0.0035    99.5045 1.0000e-12  -74.40014 -110.07985  34.185124      99.83 7.3865e+02   1024.686      24593  1031.4116  1031.4094     4.7203     0.0695     0.1151    34.6951    34.6926    7.80808         28 0.0000e+00
    771.000    761.596     1.0723  30.076616     1.0746  30.076683     4.3575     4.4514    -0.0108    99.4895 1.0000e-12  -74.40014 -110.07985  34.185137      99.84 7.3865e+02   1025.812      24620  1031.4162  1031.4141     4.7196     0.0697     0.1160    34.6951    34.6926    7.80803         26 0.0000e+00
    772.000    762.583     1.0725  30.077441     1.0749  30.077423     4.3596     4.4517    -0.0120    99.4988 1.0000e-12  -74.40014 -110.07985  34.185150      99.84 7.3865e+02   1026.933      24647  1031.4212  1031.4188     4.7201     0.0685     0.1169    34.6954    34.6928    7.80798         27 0.0000e+00
    773.000    763.567     1.0729  30.078407     1.0752  30.078287     4.3574     4.4476    -0.0077    99.5150 1.0000e-12  -74.40014 -110.07985  34.185163      99.84 7.3865e+02   1028.048      24674  1031.4259  1031.4235     4.7208     0.0693     0.1146    34.6956    34.6929    7.80788         27 0.0000e+00
    774.000    764.555     1.0730  30.078847     1.0753  30.078896     4.3558     4.4465    -0.0077    99.4940 1.0000e-12  -74.40014 -110.07984  34.185176      99.83 7.3845e+02   1029.163      24701  1031.4305  1031.4283     4.7198     0.0685     0.1160    34.6955    34.6931    7.80787         27 0.0000e+00
    775.000    765.540     1.0730  30.079341     1.0754  30.079408     4.3538     4.4485    -0.0077    99.5129 1.0000e-12  -74.40014 -110.07986  34.185188      99.84 7.3865e+02   1030.286      24728  1031.4352  1031.4329     4.7207     0.0708     0.1141    34.6956    34.6930    7.80786         27 0.0000e+00
    776.000    766.527     1.0732  30.079960     1.0755  30.079951     4.3533     4.4485    -0.0077    99.5055 1.0000e-12  -74.40014 -110.07984  34.185201      99.83 7.3884e+02   1031.403      24755  1031.4399  1031.4376     4.7204     0.0708     0.1146    34.6956    34.6931    7.80783         27 0.0000e+00
    777.000    767.511     1.0737  30.080977     1.0760  30.080957     4.3556     4.4452    -0.0077    99.5054 1.0000e-12  -74.40014 -110.07985  34.185214      99.84 7.3820e+02   1032.523      24782  1031.4446  1031.4424     4.7203     0.0711     0.1193    34.6958    34.6932    7.80772         27 0.0000e+00
    778.000    768.499     1.0739  30.081815     1.0762  30.081716     4.3446     4.4420    -0.0034    99.4987 1.0000e-12  -74.40014 -110.07984  34.185228      99.83 7.3845e+02   1033.658      24809  1031.4495  1031.4471     4.7200     0.0693     0.1175    34.6961    34.6934    7.80767         27 0.0000e+00
