ocean_section_plots/required_files/ctd/dnbp2202_ctd295.cnv
* Sea-Bird SBE 9 Data File:
* FileName = D:\Data\raw\NBP2202_CTD295.hex
* Software Version Seasave V 7.26.7.121
* Temperature SN = 1649
* Conductivity SN = 2513
* Number of Bytes Per Scan = 40
* Number of Voltage Words = 5
* Number of Scans Averaged by the Deck Unit = 1
* NMEA Latitude = 73 15.00 S
* NMEA Longitude = 114 20.02 W
* NMEA UTC (Time) = Feb 24 2022  11:27:30
* NMEA baud rate = 9600
** Ship: RVIB N.B. Palmer
** Cruise: NBP2202 Thwaites
** Station: 197
** Operator: B. Bjork
# nquan = 28
# nvalues = 733                         
# units = specified
# name 0 = prDM: Pressure, Digiquartz [db]
# name 1 = depSM: Depth [salt water, m]
# name 2 = t090C: Temperature [ITS-90, deg C]
# name 3 = c0mS/cm: Conductivity [mS/cm]
# name 4 = t190C: Temperature, 2 [ITS-90, deg C]
# name 5 = c1mS/cm: Conductivity, 2 [mS/cm]
# name 6 = sbeox0ML/L: Oxygen, SBE 43 [ml/l]
# name 7 = sbeox1ML/L: Oxygen, SBE 43, 2 [ml/l]
# name 8 = flECO-AFL: Fluorescence, WET Labs ECO-AFL/FL [mg/m^3]
# name 9 = CStarTr0: Beam Transmission, WET Labs C-Star [%]
# name 10 = par: PAR/Irradiance, Biospherical/Licor
# name 11 = latitude: Latitude [deg]
# name 12 = longitude: Longitude [deg]
# name 13 = timeJ: Julian Days
# name 14 = altM: Altimeter [m]
# name 15 = spar: SPAR, Biospherical/Licor
# name 16 = timeS: Time, Elapsed [seconds]
# name 17 = scan: Scan Count
# name 18 = density00: Density [density, kg/m^3]
# name 19 = density11: Density, 2 [density, kg/m^3]
# name 20 = v3: Voltage 3
# name 21 = v4: Voltage 4
# name 22 = v5: Voltage 5
# name 23 = sal00: Salinity, Practical [PSU]
# name 24 = sal11: Salinity, Practical, 2 [PSU]
# name 25 = oxsolML/L: Oxygen Saturation, Garcia & Gordon [ml/l]
# name 26 = nbin: number of scans per bin
# name 27 = flag: flag
# span 0 =      2.000,    734.000       
# span 1 =      1.986,    725.179       
# span 2 =    -1.3905,     0.7436       
# span 3 =  27.011822,  29.713890       
# span 4 =    -1.3899,     0.7458       
# span 5 =  27.012415,  29.714956       
# span 6 =     4.4450,     8.9557       
# span 7 =     4.5719,     9.2702       
# span 8 =     0.0464,    19.7576       
# span 9 =    81.5337,    97.2321       
# span 10 = -4.269e-04, 2.9229e+00      
# span 11 =  -73.25012,  -73.25012      
# span 12 = -114.33382, -114.33380      
# span 13 =  55.479807,  55.490385      
# span 14 =      -9.59,     100.25      
# span 15 = 2.1155e+01, 3.0372e+01      
# span 16 =    205.296,   1119.248      
# span 17 =       4928,      26863      
# span 18 =  1027.1284,  1031.2070      
# span 19 =  1027.1302,  1031.2059      
# span 20 =     3.8685,     4.6125      
# span 21 =     0.0773,     2.7488      
# span 22 =     0.1165,     0.2273      
# span 23 =    33.7155,    34.6143      
# span 24 =    33.7169,    34.6127      
# span 25 =    7.87857,    8.36995      
# span 26 =          3,         46      
# span 27 = 0.0000e+00, 0.0000e+00      
# interval = decibars: 1                
# start_time = Feb 24 2022 11:27:30 [NMEA time, header]
# bad_flag = -9.990e-29
*END*
[from data line 156]
    158.000    156.311    -1.2035  27.320546    -1.2031  27.320977     6.5849     6.8240     4.0779    91.7985 1.0000e-12  -73.25012 -114.33382  55.482274      98.71 2.2917e+01    418.434      10043  1028.0757  1028.0758     4.3549     0.6271     0.1548    33.9568    33.9571    8.32972         25 0.0000e+00
    159.000    157.302    -1.2070  27.318589    -1.2064  27.319165     6.6045     6.8408     3.2193    91.8823 1.0000e-12  -73.25012 -114.33382  55.482286      94.63 2.2917e+01    419.470      10068  1028.0810  1028.0811     4.3589     0.5683     0.1540    33.9576    33.9577    8.33047         25 0.0000e+00
    160.000    158.289    -1.2075  27.319049    -1.2068  27.319631     6.6210     6.8449     2.7447    91.4534 1.0000e-12  -73.25012 -114.33382  55.482297      99.08 2.2917e+01    420.464      10092  1028.0860  1028.0860     4.3386     0.5436     0.1511    33.9581    33.9581    8.33053         23 0.0000e+00
    161.000    159.279    -1.2156  27.312812    -1.2150  27.313777     6.6209     6.8510     3.2844    91.9057 1.0000e-12  -73.25012 -114.33382  55.482309      99.76 2.2917e+01    421.467      10116  1028.0912  1028.0916     4.3600     0.7780     0.1786    33.9582    33.9587    8.33235         25 0.0000e+00
    162.000    160.269    -1.2300  27.302682    -1.2298  27.303242     6.6164     6.8549     3.3255    91.9338 1.0000e-12  -73.25012 -114.33382  55.482321      99.83 2.2917e+01    422.497      10141  1028.0981  1028.0985     4.3613     0.5885     0.1596    33.9599    33.9605    8.33544         25 0.0000e+00
    163.000    161.256    -1.2378  27.297631    -1.2375  27.298199     6.6052     6.8438     2.8170    91.5673 1.0000e-12  -73.25012 -114.33382  55.482332      99.82 2.2917e+01    423.514      10165  1028.1043  1028.1046     4.3439     0.6363     0.1523    33.9613    33.9617    8.33711         24 0.0000e+00
    164.000    162.245    -1.2437  27.294924    -1.2432  27.295400     6.5958     6.8412     2.7995    91.4239 1.0000e-12  -73.25012 -114.33382  55.482344      99.83 2.2917e+01    424.515      10189  1028.1110  1028.1111     4.3371     0.5498     0.1520    33.9636    33.9636    8.33828         24 0.0000e+00
    165.000    163.235    -1.2448  27.294518    -1.2445  27.295069     6.5886     6.8290     2.7796    91.4849 1.0000e-12  -73.25012 -114.33382  55.482355      99.85 2.2917e+01    425.503      10213  1028.1158  1028.1160     4.3399     0.4667     0.1471    33.9637    33.9640    8.33853         23 0.0000e+00
    166.000    164.224    -1.2451  27.295065    -1.2445  27.295614     6.5906     6.8206     2.7085    90.7695 1.0000e-12  -73.25012 -114.33382  55.482367      99.86 2.2917e+01    426.492      10237  1028.1208  1028.1208     4.3061     0.4432     0.1529    33.9641    33.9642    8.33857         25 0.0000e+00
    167.000    165.212    -1.2485  27.292937    -1.2481  27.293454     6.5844     6.8183     2.5552    91.9870 1.0000e-12  -73.25012 -114.33382  55.482379      99.85 2.2917e+01    427.512      10261  1028.1258  1028.1260     4.3638     0.4807     0.1640    33.9644    33.9647    8.33930         24 0.0000e+00
    168.000    166.201    -1.2503  27.292709    -1.2498  27.293118     6.5694     6.8122     2.4178    92.1076 1.0000e-12  -73.25012 -114.33382  55.482391      99.85 2.2917e+01    428.548      10286  1028.1315  1028.1315     4.3696     0.4905     0.1442    33.9656    33.9656    8.33964         25 0.0000e+00
    169.000    167.191    -1.2490  27.295182    -1.2484  27.295779     6.5730     6.8156     3.4762    92.7102 1.0000e-12  -73.25012 -114.33382  55.482402      99.83 2.2917e+01    429.548      10310  1028.1371  1028.1371     4.3981     0.5693     0.1570    33.9669    33.9670    8.33928         24 0.0000e+00
    170.000    168.179    -1.2501  27.295260    -1.2494  27.295829     6.5745     6.8056     2.7933    92.7495 1.0000e-12  -73.25012 -114.33382  55.482414      99.87 2.2917e+01    430.531      10334  1028.1425  1028.1423     4.4000     0.3797     0.1535    33.9676    33.9676    8.33948         23 0.0000e+00
    171.000    169.168    -1.2514  27.294922    -1.2511  27.295017     6.5655     6.7913     2.6876    91.8180 1.0000e-12  -73.25012 -114.33382  55.482425      99.85 2.2917e+01    431.524      10358  1028.1475  1028.1473     4.3559     0.4684     0.1407    33.9680    33.9678    8.33975         24 0.0000e+00
    172.000    170.157    -1.2536  27.293683    -1.2530  27.294225     6.5469     6.7780     2.3622    92.5676 1.0000e-12  -73.25012 -114.33382  55.482437      91.15 2.2917e+01    432.525      10382  1028.1525  1028.1526     4.3913     0.4997     0.1533    33.9682    33.9683    8.34023         24 0.0000e+00
    173.000    171.146    -1.2545  27.294576    -1.2541  27.295027     6.5398     6.7702     2.1351    92.8213 1.0000e-12  -73.25012 -114.33382  55.482448      99.69 2.3476e+01    433.532      10406  1028.1586  1028.1587     4.4034     0.7279     0.1548    33.9698    33.9699    8.34034         25 0.0000e+00
    174.000    172.135    -1.2627  27.289800    -1.2625  27.290258     6.5336     6.7671     2.5028    92.6105 1.0000e-12  -73.25012 -114.33382  55.482460      99.82 2.2919e+01    434.559      10430  1028.1655  1028.1658     4.3934     0.6115     0.1533    33.9719    33.9723    8.34203         24 0.0000e+00
    175.000    173.123    -1.2709  27.284661    -1.2706  27.285122     6.5206     6.7683     2.9662    92.0548 1.0000e-12  -73.25012 -114.33382  55.482472      99.84 2.2917e+01    435.569      10455  1028.1721  1028.1723     4.3671     0.5485     0.1609    33.9735    33.9739    8.34377         24 0.0000e+00
    176.000    174.113    -1.2790  27.279480    -1.2786  27.279964     6.5231     6.7640     2.8379    92.6148 1.0000e-12  -73.25012 -114.33382  55.482483      99.88 2.3684e+01    436.542      10478  1028.1785  1028.1786     4.3937     0.3352     0.1460    33.9750    33.9753    8.34550         23 0.0000e+00
    177.000    175.101    -1.2797  27.279507    -1.2794  27.279801     6.5276     6.7642     2.3831    92.6419 1.0000e-12  -73.25012 -114.33382  55.482495      99.86 2.3137e+01    437.522      10502  1028.1833  1028.1834     4.3948     0.4178     0.1398    33.9752    33.9753    8.34564         24 0.0000e+00
    178.000    176.091    -1.2813  27.278930    -1.2808  27.279293     6.5312     6.7606     2.5334    91.8957 1.0000e-12  -73.25012 -114.33382  55.482506      99.85 2.2918e+01    438.539      10526  1028.1885  1028.1883     4.3595     0.5138     0.1469    33.9756    33.9755    8.34598         25 0.0000e+00
    179.000    177.079    -1.2812  27.279607    -1.2807  27.279989     6.5259     6.7532     2.1976    92.5129 1.0000e-12  -73.25012 -114.33382  55.482518      99.83 2.2917e+01    439.569      10551  1028.1933  1028.1932     4.3888     0.5249     0.1461    33.9758    33.9758    8.34595         24 0.0000e+00
    180.000    178.067    -1.2818  27.279947    -1.2813  27.280335     6.5313     6.7604     2.1576    92.5190 1.0000e-12  -73.25012 -114.33382  55.482530      99.83 2.2917e+01    440.597      10575  1028.1984  1028.1983     4.3891     0.5725     0.1478    33.9763    33.9762    8.34604         25 0.0000e+00
    181.000    179.056    -1.2829  27.279912    -1.2823  27.280372     6.5276     6.7569     2.6636    92.7599 1.0000e-12  -73.25012 -114.33382  55.482542      99.82 2.2917e+01    441.618      10600  1028.2036  1028.2036     4.4006     0.6051     0.1545    33.9768    33.9769    8.34625         24 0.0000e+00
    182.000    180.045    -1.2840  27.279470    -1.2835  27.279926     6.5247     6.7373     2.2440    93.0510 1.0000e-12  -73.25012 -114.33382  55.482553      99.84 2.2917e+01    442.620      10624  1028.2084  1028.2085     4.4142     0.4969     0.1406    33.9769    33.9769    8.34650         24 0.0000e+00
    183.000    181.033    -1.2869  27.277684    -1.2864  27.278106     6.5150     6.7274     2.2013    92.6819 1.0000e-12  -73.25012 -114.33382  55.482565      99.82 2.2917e+01    443.624      10648  1028.2136  1028.2135     4.3968     0.5896     0.1534    33.9772    33.9772    8.34714         24 0.0000e+00
    184.000    182.023    -1.2885  27.276921    -1.2882  27.277307     6.4862     6.7133     2.5828    93.1359 1.0000e-12  -73.25012 -114.33382  55.482577      99.86 2.2917e+01    444.625      10672  1028.2185  1028.2186     4.4183     0.4525     0.1473    33.9773    33.9775    8.34748         25 0.0000e+00
    185.000    183.012    -1.3146  27.255271    -1.3158  27.255111     6.4585     6.6934     2.3979    93.2810 1.0000e-12  -73.25012 -114.33382  55.482588      99.76 2.3070e+01    445.621      10696  1028.2244  1028.2254     4.4252     0.3920     0.1536    33.9766    33.9777    8.35337         23 0.0000e+00
    186.000    184.001    -1.3481  27.229349    -1.3489  27.229394     6.4519     6.6768     2.0447    93.4651 1.0000e-12  -73.25012 -114.33382  55.482600      99.82 2.4032e+01    446.617      10720  1028.2326  1028.2335     4.4330     0.3327     0.1413    33.9784    33.9794    8.36076         24 0.0000e+00
    187.000    184.989    -1.3660  27.215873    -1.3660  27.216351     6.4614     6.6849     2.1721    91.7941 1.0000e-12  -73.25012 -114.33382  55.482611      99.84 2.3140e+01    447.602      10743  1028.2393  1028.2398     4.3556     0.5373     0.1382    33.9795    33.9801    8.36470         24 0.0000e+00
    188.000    185.979    -1.3750  27.209482    -1.3752  27.209626     6.4656     6.6925     2.4081    93.3546 1.0000e-12  -73.25012 -114.33382  55.482622      99.86 2.2918e+01    448.580      10767  1028.2451  1028.2454     4.4287     0.4258     0.1480    33.9804    33.9807    8.36668         23 0.0000e+00
    189.000    186.967    -1.3838  27.203161    -1.3844  27.202969     6.4749     6.7018     2.0833    93.1528 1.0000e-12  -73.25012 -114.33382  55.482634      99.82 2.3994e+01    449.601      10791  1028.2507  1028.2511     4.4191     0.5835     0.1473    33.9810    33.9815    8.36861         25 0.0000e+00
    190.000    187.954    -1.3855  27.202718    -1.3846  27.203690     6.4796     6.7021     2.2180    92.9375 1.0000e-12  -73.25012 -114.33382  55.482646      99.82 2.2976e+01    450.638      10816  1028.2559  1028.2560     4.4089     0.6046     0.1552    33.9817    33.9820    8.36895         25 0.0000e+00
    191.000    188.945    -1.3786  27.210278    -1.3760  27.212172     6.4710     6.6922     2.3706    93.6873 1.0000e-12  -73.25012 -114.33382  55.482658      99.88 2.2916e+01    451.617      10840  1028.2615  1028.2611     4.4444     0.3781     0.1416    33.9836    33.9833    8.36728         22 0.0000e+00
    192.000    189.934    -1.3644  27.223752    -1.3628  27.224570     6.4660     6.6921     2.1499    93.1926 1.0000e-12  -73.25012 -114.33382  55.482669      99.87 2.4324e+01    452.570      10863  1028.2667  1028.2660     4.4210     0.4019     0.1394    33.9855    33.9848    8.36400         24 0.0000e+00
    193.000    190.922    -1.3463  27.240041    -1.3493  27.237036     6.4794     6.6975     1.8160    93.1051 1.0000e-12  -73.25012 -114.33382  55.482680      99.84 2.3131e+01    453.581      10887  1028.2712  1028.2708     4.4169     0.5233     0.1455    33.9867    33.9860    8.35987         25 0.0000e+00
    194.000    191.911    -1.3437  27.242918    -1.3432  27.243413     6.4589     6.6806     1.9623    92.9936 1.0000e-12  -73.25012 -114.33382  55.482692      99.84 2.2917e+01    454.627      10912  1028.2761  1028.2761     4.4116     0.4629     0.1477    33.9870    33.9872    8.35926         25 0.0000e+00
    195.000    192.900    -1.3581  27.231280    -1.3581  27.231724     6.4216     6.6453     1.9406    93.1556 1.0000e-12  -73.25012 -114.33382  55.482704      99.84 2.4040e+01    455.665      10937  1028.2816  1028.2821     4.4193     0.5117     0.1485    33.9868    33.9874    8.36250         24 0.0000e+00
    196.000    193.888    -1.3500  27.242701    -1.3492  27.242272     6.3763     6.6087     2.0170    93.4775 1.0000e-12  -73.25012 -114.33382  55.482716      99.88 2.3195e+01    456.672      10961  1028.2904  1028.2892     4.4346     0.3744     0.1427    33.9926    33.9911    8.36033         25 0.0000e+00
    197.000    194.877    -1.3436  27.249065    -1.3430  27.249878     6.3575     6.5936     1.8654    93.6095 1.0000e-12  -73.25012 -114.33382  55.482728      99.87 2.2996e+01    457.663      10985  1028.2956  1028.2958     4.4407     0.3524     0.1407    33.9935    33.9939    8.35886         24 0.0000e+00
    198.000    195.867    -1.3587  27.237480    -1.3581  27.238170     6.3470     6.5866     1.8655    93.9863 1.0000e-12  -73.25012 -114.33382  55.482739      90.94 2.4809e+01    458.654      11009  1028.3018  1028.3020     4.4587     0.3172     0.1441    33.9941    33.9944    8.36220         23 0.0000e+00
    199.000    196.854    -1.3582  27.238702    -1.3577  27.239005     6.3440     6.5711     2.0095    93.8876 1.0000e-12  -73.25012 -114.33382  55.482751      99.96 2.3714e+01    459.655      11033  1028.3070  1028.3067     4.4540     0.3572     0.1368    33.9946    33.9944    8.36206         24 0.0000e+00
    200.000    197.843    -1.3577  27.239537    -1.3568  27.240198     6.3207     6.5559     1.8997    93.3928 1.0000e-12  -73.25012 -114.33382  55.482762      99.89 2.2984e+01    460.655      11057  1028.3116  1028.3115     4.4305     0.2683     0.1361    33.9945    33.9945    8.36194         24 0.0000e+00
    201.000    198.832    -1.3605  27.236996    -1.3607  27.237177     6.2849     6.5200     2.2345    94.2295 1.0000e-12  -73.25012 -114.33382  55.482774      99.88 2.3725e+01    461.646      11080  1028.3158  1028.3162     4.4702     0.3348     0.1416    33.9936    33.9941    8.36262         24 0.0000e+00
    202.000    199.822    -1.3764  27.224353    -1.3763  27.224600     6.2385     6.4738     1.4903    94.3507 1.0000e-12  -73.25012 -114.33382  55.482785      99.88 2.3972e+01    462.654      11105  1028.3217  1028.3218     4.4759     0.3264     0.1451    33.9937    33.9939    8.36620         25 0.0000e+00
    203.000    200.810    -1.3822  27.220451    -1.3818  27.220919     6.1931     6.4252     1.9334    94.1120 1.0000e-12  -73.25012 -114.33382  55.482797      99.86 2.2921e+01    463.663      11129  1028.3272  1028.3273     4.4646     0.4101     0.1680    33.9943    33.9944    8.36747         23 0.0000e+00
    204.000    201.798    -1.3826  27.222210    -1.3819  27.222579     6.1591     6.3940     1.3783    94.1910 1.0000e-12  -73.25012 -114.33382  55.482809      99.87 2.3687e+01    464.659      11153  1028.3337  1028.3334     4.4684     0.4118     0.1476    33.9965    33.9962    8.36742         25 0.0000e+00
    205.000    202.788    -1.3830  27.224421    -1.3826  27.224854     6.1557     6.3894     1.6064    94.0138 1.0000e-12  -73.25012 -114.33382  55.482820      99.88 2.4141e+01    465.660      11177  1028.3407  1028.3408     4.4599     0.3502     0.1387    33.9994    33.9995    8.36734         23 0.0000e+00
    206.000    203.775    -1.3881  27.221415    -1.3877  27.221894     6.1785     6.4065     1.9324    93.6478 1.0000e-12  -73.25012 -114.33382  55.482832      99.90 2.3055e+01    466.669      11201  1028.3467  1028.3468     4.4426     0.2223     0.1354    34.0005    34.0006    8.36843         25 0.0000e+00
    207.000    204.765    -1.3902  27.220949    -1.3897  27.221368     6.2046     6.4173     1.8897    92.4224 1.0000e-12  -73.25012 -114.33382  55.482843      99.89 2.3643e+01    467.673      11225  1028.3524  1028.3524     4.3850     0.2960     0.1405    34.0016    34.0016    8.36883         24 0.0000e+00
    208.000    205.753    -1.3897  27.223015    -1.3890  27.223442     6.2185     6.4321     1.6341    94.5218 1.0000e-12  -73.25012 -114.33382  55.482855      99.84 2.4392e+01    468.695      11250  1028.3584  1028.3582     4.4835     0.5135     0.1431    34.0032    34.0030    8.36862         24 0.0000e+00
