ocean_section_plots/required_files/ctd/dnbp2202_ctd251.cnv
* Sea-Bird SBE 9 Data File:
* FileName = D:\Data\raw\NBP2202_CTD251.hex
* Software Version Seasave V 7.26.7.121
* Temperature SN = 1649
* Conductivity SN = 2513
* Number of Bytes Per Scan = 40
* Number of Voltage Words = 5
* Number of Scans Averaged by the Deck Unit = 1
* NMEA Latitude = 74 00.34 S
* NMEA Longitude = 118 17.88 W
* NMEA UTC (Time) = Feb 15 2022  10:35:00
* NMEA baud rate = 9600
** Ship: RVIB N.B. Palmer
** Cruise: NBP2202 Thwaites
** Station: 159
** Operator: B. Bjork
# nquan = 28
# nvalues = 1100                        
# units = specified
# name 0 = prDM: Pressure, Digiquartz [db]
# name 1 = depSM: Depth [salt water, m]
# name 2 = t090C: Temperature [ITS-90, deg C]
# name 3 = c0mS/cm: Conductivity [mS/cm]
# name 4 = t190C: Temperature, 2 [ITS-90, deg C]
# name 5 = c1mS/cm: Conductivity, 2 [mS/cm]
# name 6 = sbeox0ML/L: Oxygen, SBE 43 [ml/l]
# name 7 = sbeox1ML/L: Oxygen, SBE 43, 2 [ml/l]
# name 8 = flECO-AFL: Fluorescence, WET Labs ECO-AFL/FL [mg/m^3]
# name 9 = CStarTr0: Beam Transmission, WET Labs C-Star [%]
# name 10 = par: PAR/Irradiance, Biospherical/Licor
# name 11 = latitude: Latitude [deg]
# name 12 = longitude: Longitude [deg]
# name 13 = timeJ: Julian Days
# name 14 = altM: Altimeter [m]
# name 15 = spar: SPAR, Biospherical/Licor
# name 16 = timeS: Time, Elapsed [seconds]
# name 17 = scan: Scan Count
# name 18 = density00: Density [density, kg/m^3]
# name 19 = density11: Density, 2 [density, kg/m^3]
# name 20 = v3: Voltage 3
# name 21 = v4: Voltage 4
# name 22 = v5: Voltage 5
# name 23 = sal00: Salinity, Practical [PSU]
# name 24 = sal11: Salinity, Practical, 2 [PSU]
# name 25 = oxsolML/L: Oxygen Saturation, Garcia & Gordon [ml/l]
# name 26 = nbin: number of scans per bin
# name 27 = flag: flag
# span 0 =      3.000,   1102.000       
# span 1 =      2.974,   1087.720       
# span 2 =    -1.7667,     0.6629       
# span 3 =  26.899899,  29.764679       
# span 4 =    -1.7662,     0.6656       
# span 5 =  26.900309,  29.765110       
# span 6 =     4.6360,     9.1177       
# span 7 =     4.7313,     9.4333       
# span 8 =    -0.0151,    14.4943       
# span 9 =    84.1765,    97.1635       
# span 10 = 1.0000e-12, 9.5482e+00      
# span 11 =  -74.00568,  -74.00566      
# span 12 = -118.29814, -118.29808      
# span 13 =  46.442606,  46.457740      
# span 14 =       3.98,     100.14      
# span 15 = 4.1100e+01, 6.3475e+01      
# span 16 =    141.162,   1448.729      
# span 17 =       3389,      34770      
# span 18 =  1027.1702,  1032.8854      
# span 19 =  1027.1741,  1032.8834      
# span 20 =     3.9934,     4.6093      
# span 21 =     0.0664,     2.2448      
# span 22 =     0.1089,     0.2142      
# span 23 =    33.8065,    34.5624      
# span 24 =    33.8105,    34.5603      
# span 25 =    7.89779,    8.45352      
# span 26 =         21,         47      
# span 27 = 0.0000e+00, 0.0000e+00      
# interval = decibars: 1                
# start_time = Feb 15 2022 10:35:00 [NMEA time, header]
# bad_flag = -9.990e-29
*END*
[from data line 363]
    366.000    361.895    -1.7498  27.072223    -1.7494  27.072216     6.3694     6.5291     0.1925    96.3233 1.0000e-12  -74.00568 -118.29810  46.447959      99.80 6.1621e+01    603.619      14488  1029.2126  1029.2123     4.5695     0.1012     0.1147    34.1073    34.1069    8.44386         24 0.0000e+00
    367.000    362.883    -1.7505  27.072329    -1.7502  27.072355     6.3698     6.5333     0.2175    96.3533 1.0000e-12  -74.00568 -118.29810  46.447970      99.80 5.9606e+01    604.568      14511  1029.2177  1029.2175     4.5708     0.1104     0.1150    34.1077    34.1074    8.44401         22 0.0000e+00
    368.000    363.870    -1.7515  27.072384    -1.7511  27.072365     6.3727     6.5438     0.1820    96.3272 1.0000e-12  -74.00567 -118.29810  46.447981      99.65 6.1409e+01    605.566      14535  1029.2230  1029.2226     4.5696     0.1227     0.1144    34.1082    34.1078    8.44420         27 0.0000e+00
    369.000    364.859    -1.7518  27.072762    -1.7513  27.072701     6.3674     6.5395     0.1935    96.2244 1.0000e-12  -74.00567 -118.29810  46.447995      99.67 6.2077e+01    606.726      14562  1029.2280  1029.2275     4.5648     0.1010     0.1196    34.1085    34.1079    8.44425         28 0.0000e+00
    370.000    365.847    -1.7522  27.072934    -1.7518  27.072918     6.3751     6.5344     0.2007    96.2496 1.0000e-12  -74.00567 -118.29810  46.448008      99.80 6.0320e+01    607.882      14590  1029.2328  1029.2324     4.5659     0.0979     0.1127    34.1086    34.1081    8.44435         27 0.0000e+00
    371.000    366.834    -1.7545  27.071920    -1.7542  27.071893     6.3760     6.5415     0.1770    96.3376 1.0000e-12  -74.00567 -118.29810  46.448020      99.80 6.1568e+01    608.965      14616  1029.2383  1029.2380     4.5702     0.1025     0.1173    34.1092    34.1088    8.44483         25 0.0000e+00
    372.000    367.823    -1.7564  27.071224    -1.7560  27.071287     6.3843     6.5454     0.3467    96.3267 1.0000e-12  -74.00567 -118.29810  46.448033      99.80 6.1636e+01    610.045      14642  1029.2437  1029.2433     4.5696     0.1029     0.1171    34.1098    34.1094    8.44523         27 0.0000e+00
    373.000    368.809    -1.7567  27.071379    -1.7564  27.071510     6.3869     6.5516     0.1884    96.3665 1.0000e-12  -74.00568 -118.29812  46.448046      99.80 6.0572e+01    611.182      14669  1029.2484  1029.2481     4.5715     0.1006     0.1157    34.1097    34.1095    8.44530         28 0.0000e+00
    374.000    369.799    -1.7576  27.071399    -1.7573  27.071417     6.3906     6.5598     0.1765    96.3649 1.0000e-12  -74.00566 -118.29810  46.448059      99.80 6.1091e+01    612.312      14696  1029.2535  1029.2532     4.5715     0.1067     0.1149    34.1101    34.1099    8.44547         26 0.0000e+00
    375.000    370.785    -1.7592  27.070866    -1.7588  27.070862     6.3910     6.5544     0.2633    96.2141 1.0000e-12  -74.00568 -118.29812  46.448072      99.79 6.1579e+01    613.457      14724  1029.2587  1029.2584     4.5643     0.0994     0.1191    34.1106    34.1102    8.44581         29 0.0000e+00
    376.000    371.774    -1.7603  27.070554    -1.7599  27.070582     6.3885     6.5591     0.2859    96.4273 1.0000e-12  -74.00568 -118.29811  46.448086      99.80 6.0955e+01    614.604      14752  1029.2638  1029.2634     4.5744     0.1014     0.1160    34.1108    34.1104    8.44606         26 0.0000e+00
    377.000    372.761    -1.7618  27.070315    -1.7614  27.070267     6.4004     6.5634     0.1795    96.4034 1.0000e-12  -74.00568 -118.29811  46.448098      99.80 6.1296e+01    615.692      14778  1029.2692  1029.2687     4.5732     0.0997     0.1139    34.1115    34.1110    8.44634         26 0.0000e+00
    378.000    373.751    -1.7622  27.070543    -1.7618  27.070455     6.4075     6.5596     0.1873    96.3877 1.0000e-12  -74.00568 -118.29810  46.448111      99.80 6.1836e+01    616.769      14803  1029.2742  1029.2736     4.5725     0.1000     0.1133    34.1118    34.1111    8.44643         26 0.0000e+00
    379.000    374.737    -1.7628  27.070678    -1.7624  27.070675     6.4013     6.5543     0.1786    96.4051 1.0000e-12  -74.00568 -118.29810  46.448124      99.80 6.1371e+01    617.884      14830  1029.2791  1029.2787     4.5733     0.1000     0.1141    34.1119    34.1115    8.44655         27 0.0000e+00
    380.000    375.725    -1.7631  27.070924    -1.7627  27.070997     6.4086     6.5640     0.1919    96.3764 1.0000e-12  -74.00568 -118.29810  46.448137      88.85 6.0659e+01    618.996      14857  1029.2839  1029.2836     4.5719     0.0995     0.1156    34.1120    34.1116    8.44661         27 0.0000e+00
    381.000    376.713    -1.7641  27.071055    -1.7635  27.070978     6.4059     6.5556     0.2390    96.3934 1.0000e-12  -74.00568 -118.29810  46.448150      97.76 6.1437e+01    620.120      14884  1029.2893  1029.2887     4.5727     0.1019     0.1174    34.1127    34.1119    8.44679         27 0.0000e+00
    382.000    377.700    -1.7643  27.071447    -1.7640  27.071479     6.4089     6.5643     0.2073    96.3026 1.0000e-12  -74.00568 -118.29810  46.448163      99.83 6.0976e+01    621.265      14911  1029.2943  1029.2940     4.5685     0.0996     0.1143    34.1129    34.1126    8.44684         27 0.0000e+00
    383.000    378.689    -1.7644  27.071986    -1.7641  27.071892     6.4071     6.5698     0.1994    96.3311 1.0000e-12  -74.00568 -118.29810  46.448175      99.80 6.0685e+01    622.350      14937  1029.2992  1029.2988     4.5698     0.1030     0.1152    34.1131    34.1126    8.44685         26 0.0000e+00
    384.000    379.676    -1.7646  27.072472    -1.7641  27.072453     6.4136     6.5799     0.2056    96.4222 1.0000e-12  -74.00568 -118.29810  46.448188      99.80 6.2309e+01    623.436      14963  1029.3042  1029.3037     4.5742     0.1026     0.1174    34.1134    34.1128    8.44688         26 0.0000e+00
    385.000    380.664    -1.7660  27.072551    -1.7654  27.072671     6.4272     6.5804     0.2459    96.3313 1.0000e-12  -74.00566 -118.29810  46.448201      99.80 6.2395e+01    624.580      14991  1029.3099  1029.3096     4.5698     0.1013     0.1146    34.1144    34.1140    8.44712         28 0.0000e+00
    386.000    381.652    -1.7667  27.072886    -1.7662  27.072866     6.4250     6.5782     0.1981    96.3915 1.0000e-12  -74.00566 -118.29810  46.448214      99.80 6.0384e+01    625.704      15018  1029.3153  1029.3148     4.5727     0.1002     0.1142    34.1151    34.1145    8.44725         26 0.0000e+00
    387.000    382.640    -1.7660  27.073799    -1.7656  27.073748     6.4192     6.5861     0.1935    96.4502 1.0000e-12  -74.00566 -118.29810  46.448227      99.80 6.2011e+01    626.809      15044  1029.3199  1029.3195     4.5754     0.1022     0.1142    34.1150    34.1145    8.44710         28 0.0000e+00
    388.000    383.628    -1.7659  27.074413    -1.7654  27.074414     6.4282     6.5819     0.2016    96.2679 1.0000e-12  -74.00566 -118.29810  46.448240      99.80 6.2311e+01    627.937      15071  1029.3248  1029.3243     4.5669     0.1036     0.1158    34.1151    34.1145    8.44707         26 0.0000e+00
    389.000    384.615    -1.7661  27.075016    -1.7655  27.075121     6.4251     6.5837     0.2067    96.4660 1.0000e-12  -74.00566 -118.29810  46.448253      99.79 5.9926e+01    629.027      15098  1029.3299  1029.3294     4.5762     0.1047     0.1133    34.1155    34.1150    8.44709         26 0.0000e+00
    390.000    385.604    -1.7657  27.075860    -1.7652  27.075865     6.4173     6.5868     0.2081    96.4413 1.0000e-12  -74.00566 -118.29810  46.448265      99.80 6.2226e+01    630.096      15123  1029.3347  1029.3343     4.5750     0.1039     0.1136    34.1157    34.1151    8.44700         26 0.0000e+00
    391.000    386.591    -1.7655  27.076574    -1.7650  27.076513     6.4250     6.5919     0.1908    96.3193 1.0000e-12  -74.00566 -118.29810  46.448278      87.41 6.2081e+01    631.217      15150  1029.3396  1029.3390     4.5693     0.1117     0.1125    34.1158    34.1152    8.44694         28 0.0000e+00
    392.000    387.579    -1.7653  27.077181    -1.7649  27.077161     6.4184     6.6010     0.1946    96.3785 1.0000e-12  -74.00566 -118.29810  46.448291      94.27 6.0150e+01    632.349      15177  1029.3444  1029.3439     4.5720     0.1025     0.1143    34.1158    34.1153    8.44690         26 0.0000e+00
    393.000    388.566    -1.7654  27.077694    -1.7648  27.077706     6.4233     6.5947     0.1929    96.3529 1.0000e-12  -74.00566 -118.29810  46.448304      99.83 6.2322e+01    633.443      15204  1029.3493  1029.3487     4.5709     0.1286     0.1188    34.1159    34.1153    8.44690         26 0.0000e+00
    394.000    389.554    -1.7652  27.078239    -1.7647  27.078281     6.4251     6.5927     0.1940    96.4500 1.0000e-12  -74.00566 -118.29810  46.448317      99.79 6.2142e+01    634.558      15230  1029.3540  1029.3535     4.5754     0.1018     0.1147    34.1159    34.1154    8.44687         28 0.0000e+00
    395.000    390.542    -1.7652  27.078792    -1.7647  27.078750     6.4256     6.5936     0.1921    96.4869 1.0000e-12  -74.00566 -118.29810  46.448330      99.80 6.0268e+01    635.693      15258  1029.3589  1029.3583     4.5772     0.0994     0.1153    34.1161    34.1154    8.44686         26 0.0000e+00
    396.000    391.530    -1.7651  27.079514    -1.7645  27.079467     6.4351     6.5827     0.2054    96.4831 1.0000e-12  -74.00566 -118.29810  46.448343      99.80 6.2179e+01    636.804      15284  1029.3638  1029.3632     4.5770     0.1011     0.1155    34.1163    34.1155    8.44682         27 0.0000e+00
    397.000    392.519    -1.7646  27.080616    -1.7640  27.080558     6.4277     6.5790     0.2141    96.3405 1.0000e-12  -74.00566 -118.29810  46.448355      99.80 6.2039e+01    637.908      15311  1029.3689  1029.3682     4.5703     0.1008     0.1161    34.1166    34.1158    8.44668         26 0.0000e+00
    398.000    393.506    -1.7661  27.079920    -1.7655  27.079941     6.4297     6.5866     0.1900    96.1720 1.0000e-12  -74.00566 -118.29810  46.448368      99.80 6.0767e+01    638.973      15336  1029.3739  1029.3734     4.5623     0.0997     0.1146    34.1168    34.1161    8.44702         25 0.0000e+00
    399.000    394.493    -1.7661  27.080426    -1.7656  27.080441     6.4335     6.5891     0.1935    95.5498 1.0000e-12  -74.00566 -118.29810  46.448380      99.79 6.1984e+01    640.031      15362  1029.3787  1029.3782     4.5328     0.1025     0.1139    34.1168    34.1162    8.44701         26 0.0000e+00
    400.000    395.482    -1.7660  27.081217    -1.7653  27.081366     6.4319     6.5880     0.2083    96.2309 1.0000e-12  -74.00566 -118.29810  46.448393      99.80 6.2398e+01    641.159      15389  1029.3838  1029.3833     4.5650     0.1073     0.1132    34.1172    34.1166    8.44697         28 0.0000e+00
    401.000    396.469    -1.7628  27.084783    -1.7621  27.084859     6.4265     6.5887     0.2108    96.3118 1.0000e-12  -74.00566 -118.29810  46.448407      99.80 6.1372e+01    642.329      15417  1029.3889  1029.3883     4.5690     0.1026     0.1149    34.1179    34.1171    8.44621         28 0.0000e+00
    402.000    397.455    -1.7601  27.087808    -1.7595  27.087798     6.4332     6.5922     0.2199    96.4783 1.0000e-12  -74.00566 -118.29810  46.448419      99.80 6.2505e+01    643.428      15443  1029.3939  1029.3933     4.5768     0.1014     0.1148    34.1183    34.1176    8.44555         26 0.0000e+00
    403.000    398.444    -1.7588  27.089566    -1.7582  27.089517     6.4251     6.5909     0.3137    96.4864 1.0000e-12  -74.00566 -118.29810  46.448432      89.52 6.2054e+01    644.499      15469  1029.3989  1029.3982     4.5772     0.1033     0.1140    34.1187    34.1179    8.44524         25 0.0000e+00
    404.000    399.432    -1.7574  27.091545    -1.7568  27.091362     6.4242     6.5908     0.3387    96.3108 1.0000e-12  -74.00566 -118.29810  46.448444      99.43 6.1489e+01    645.578      15495  1029.4041  1029.4033     4.5689     0.1040     0.1160    34.1193    34.1183    8.44489         26 0.0000e+00
    405.000    400.419    -1.7556  27.093794    -1.7545  27.094109     6.4247     6.5902     0.2039    95.8429 1.0000e-12  -74.00566 -118.29810  46.448457      99.81 6.1702e+01    646.651      15521  1029.4090  1029.4083     4.5467     0.1037     0.1131    34.1196    34.1188    8.44444         26 0.0000e+00
    406.000    401.408    -1.7492  27.100398    -1.7484  27.100439     6.4201     6.5886     0.5648    96.4653 1.0000e-12  -74.00566 -118.29810  46.448470      99.80 6.2328e+01    647.766      15547  1029.4144  1029.4137     4.5762     0.1063     0.1191    34.1208    34.1200    8.44291         28 0.0000e+00
    407.000    402.395    -1.7478  27.101839    -1.7473  27.101850     6.4262     6.5781     0.6044    96.4736 1.0000e-12  -74.00566 -118.29810  46.448483      99.80 6.1897e+01    648.916      15575  1029.4190  1029.4185     4.5766     0.1040     0.1123    34.1207    34.1200    8.44262         27 0.0000e+00
    408.000    403.382    -1.7476  27.102635    -1.7471  27.102448     6.4212     6.5838     0.2023    96.4512 1.0000e-12  -74.00566 -118.29810  46.448495      99.79 6.2126e+01    650.011      15601  1029.4240  1029.4234     4.5755     0.1021     0.1118    34.1209    34.1201    8.44255         25 0.0000e+00
    409.000    404.371    -1.7473  27.103363    -1.7466  27.103420     6.4211     6.5856     0.2105    96.4987 1.0000e-12  -74.00566 -118.29810  46.448508      99.80 6.2553e+01    651.091      15627  1029.4288  1029.4283     4.5778     0.1009     0.1151    34.1209    34.1202    8.44248         27 0.0000e+00
    410.000    405.358    -1.7469  27.104075    -1.7463  27.104110     6.4203     6.5789     0.2077    96.5013 1.0000e-12  -74.00566 -118.29810  46.448521      99.80 6.1629e+01    652.217      15654  1029.4336  1029.4330     4.5779     0.1045     0.1183    34.1208    34.1202    8.44239         27 0.0000e+00
    411.000    406.345    -1.7467  27.104818    -1.7457  27.104985     6.4200     6.5742     0.2646    96.5279 1.0000e-12  -74.00566 -118.29810  46.448534      99.80 6.1702e+01    653.305      15680  1029.4385  1029.4377     4.5792     0.0990     0.1154    34.1210    34.1201    8.44234         25 0.0000e+00
    412.000    407.334    -1.7458  27.106166    -1.7458  27.105459     6.4163     6.5769     0.2531    96.5093 1.0000e-12  -74.00566 -118.29810  46.448546      99.80 6.2591e+01    654.364      15706  1029.4434  1029.4426     4.5783     0.1035     0.1135    34.1212    34.1202    8.44211         26 0.0000e+00
    413.000    408.321    -1.7431  27.109083    -1.7428  27.108729     6.4115     6.5817     0.2078    96.5224 1.0000e-12  -74.00566 -118.29810  46.448559      99.80 6.2550e+01    655.470      15732  1029.4483  1029.4476     4.5789     0.0980     0.1135    34.1216    34.1207    8.44148         27 0.0000e+00
    414.000    409.310    -1.7431  27.109438    -1.7427  27.109181     6.4164     6.5774     0.2137    96.5022 1.0000e-12  -74.00566 -118.29810  46.448572      99.80 6.1306e+01    656.586      15759  1029.4531  1029.4523     4.5780     0.1029     0.1143    34.1215    34.1206    8.44149         27 0.0000e+00
    415.000    410.297    -1.7444  27.108723    -1.7438  27.108641     6.4188     6.5725     0.2059    95.6290 1.0000e-12  -74.00566 -118.29810  46.448584      99.70 6.2169e+01    657.679      15785  1029.4578  1029.4572     4.5365     0.1008     0.1153    34.1213    34.1205    8.44179         26 0.0000e+00
    416.000    411.284    -1.7422  27.111299    -1.7412  27.111509     6.4136     6.5775     0.2065    95.6275 1.0000e-12  -74.00566 -118.29810  46.448597      91.05 6.2409e+01    658.764      15811  1029.4629  1029.4621     4.5364     0.1025     0.1171    34.1217    34.1209    8.44127         25 0.0000e+00
