ocean_section_plots/required_files/ctd/dnbp2202_ctd255.cnv
* Sea-Bird SBE 9 Data File:
* FileName = D:\Data\raw\NBP2202_CTD255.hex
* Software Version Seasave V 7.26.7.121
* Temperature SN = 1649
* Conductivity SN = 2513
* Number of Bytes Per Scan = 40
* Number of Voltage Words = 5
* Number of Scans Averaged by the Deck Unit = 1
* NMEA Latitude = 74 02.54 S
* NMEA Longitude = 117 41.66 W
* NMEA UTC (Time) = Feb 15 2022  19:39:06
* NMEA baud rate = 9600
** Ship: RVIB N.B. Palmer
** Cruise: NBP2202 Thwaites
** Station: 163
** Operator: A. Robinson
# nquan = 28
# nvalues = 729                         
# units = specified
# name 0 = prDM: Pressure, Digiquartz [db]
# name 1 = depSM: Depth [salt water, m]
# name 2 = t090C: Temperature [ITS-90, deg C]
# name 3 = c0mS/cm: Conductivity [mS/cm]
# name 4 = t190C: Temperature, 2 [ITS-90, deg C]
# name 5 = c1mS/cm: Conductivity, 2 [mS/cm]
# name 6 = sbeox0ML/L: Oxygen, SBE 43 [ml/l]
# name 7 = sbeox1ML/L: Oxygen, SBE 43, 2 [ml/l]
# name 8 = flECO-AFL: Fluorescence, WET Labs ECO-AFL/FL [mg/m^3]
# name 9 = CStarTr0: Beam Transmission, WET Labs C-Star [%]
# name 10 = par: PAR/Irradiance, Biospherical/Licor
# name 11 = latitude: Latitude [deg]
# name 12 = longitude: Longitude [deg]
# name 13 = timeJ: Julian Days
# name 14 = altM: Altimeter [m]
# name 15 = spar: SPAR, Biospherical/Licor
# name 16 = timeS: Time, Elapsed [seconds]
# name 17 = scan: Scan Count
# name 18 = density00: Density [density, kg/m^3]
# name 19 = density11: Density, 2 [density, kg/m^3]
# name 20 = v3: Voltage 3
# name 21 = v4: Voltage 4
# name 22 = v5: Voltage 5
# name 23 = sal00: Salinity, Practical [PSU]
# name 24 = sal11: Salinity, Practical, 2 [PSU]
# name 25 = oxsolML/L: Oxygen Saturation, Garcia & Gordon [ml/l]
# name 26 = nbin: number of scans per bin
# name 27 = flag: flag
# span 0 =      2.000,    730.000       
# span 1 =      1.977,    721.174       
# span 2 =    -1.7598,     0.6159       
# span 3 =  27.032825,  29.558431       
# span 4 =    -1.7587,     0.6191       
# span 5 =  27.032548,  29.559394       
# span 6 =     4.6348,     9.0115       
# span 7 =     4.7469,     9.2924       
# span 8 =     0.0545,    12.4199       
# span 9 =    83.6422,    96.1954       
# span 10 = 1.0000e-12, 4.1559e+02      
# span 11 =  -74.04240,  -74.04238      
# span 12 = -117.69440, -117.69436      
# span 13 =  46.821832,  46.832147      
# span 14 =       2.64,      99.99      
# span 15 = 8.7815e+02, 8.8960e+02      
# span 16 =    260.303,   1151.496      
# span 17 =       6248,      27637      
# span 18 =  1027.1785,  1031.1533      
# span 19 =  1027.1771,  1031.1511      
# span 20 =     3.9681,     4.5634      
# span 21 =     0.0743,     1.9417      
# span 22 =     0.1151,     0.2047      
# span 23 =    33.8231,    34.5573      
# span 24 =    33.8214,    34.5544      
# span 25 =    7.90768,    8.44586      
# span 26 =         20,         47      
# span 27 = 0.0000e+00, 0.0000e+00      
# interval = decibars: 1                
# start_time = Feb 15 2022 19:39:06 [NMEA time, header]
# bad_flag = -9.990e-29
*END*
[from data line 570]
    572.000    565.304    -0.3931  28.472293    -0.3908  28.471979     5.1423     5.2628     0.2026    95.3882 1.0000e-12  -74.04238 -117.69436  46.829722      98.76 8.8578e+02    941.990      22609  1030.3162  1030.3136     4.5251     0.1004     0.1241    34.3478    34.3448    8.13014         24 0.0000e+00
    573.000    566.290    -0.3770  28.490024    -0.3745  28.489319     5.1333     5.2593     0.1896    95.6106 1.0000e-12  -74.04238 -117.69436  46.829734      99.93 8.8719e+02    942.994      22633  1030.3235  1030.3204     4.5356     0.0973     0.1228    34.3528    34.3490    8.12642         24 0.0000e+00
    574.000    567.276    -0.3670  28.499975    -0.3648  28.499354     5.1298     5.2513     0.3956    95.7186 1.0000e-12  -74.04238 -117.69436  46.829745      99.91 8.8574e+02    944.005      22657  1030.3287  1030.3259     4.5408     0.0950     0.1296    34.3542    34.3509    8.12421         25 0.0000e+00
    575.000    568.263    -0.3616  28.506149    -0.3598  28.504999     5.1276     5.2526     0.2925    95.6806 1.0000e-12  -74.04238 -117.69436  46.829757      99.91 8.8534e+02    945.013      22681  1030.3343  1030.3313     4.5390     0.0950     0.1299    34.3558    34.3522    8.12296         24 0.0000e+00
    576.000    569.252    -0.3576  28.510562    -0.3549  28.510369     5.1288     5.2461     0.1837    95.5782 1.0000e-12  -74.04238 -117.69436  46.829768      99.92 8.8641e+02    945.986      22705  1030.3393  1030.3366     4.5341     0.0953     0.1264    34.3565    34.3533    8.12205         23 0.0000e+00
    577.000    570.237    -0.3468  28.521704    -0.3446  28.521135     5.1176     5.2504     0.1712    95.6331 1.0000e-12  -74.04238 -117.69436  46.829780      99.92 8.8570e+02    946.978      22728  1030.3450  1030.3422     4.5367     0.0915     0.1214    34.3587    34.3554    8.11964         24 0.0000e+00
    578.000    571.223    -0.3374  28.531777    -0.3346  28.531515     5.1132     5.2349     0.1631    95.5976 1.0000e-12  -74.04238 -117.69436  46.829792      99.91 8.8524e+02    948.014      22753  1030.3507  1030.3478     4.5350     0.0948     0.1284    34.3609    34.3575    8.11749         26 0.0000e+00
    579.000    572.212    -0.3285  28.540714    -0.3260  28.540368     5.1185     5.2414     0.1690    95.6222 1.0000e-12  -74.04238 -117.69436  46.829804      99.92 8.8671e+02    949.026      22778  1030.3559  1030.3531     4.5362     0.0927     0.1249    34.3622    34.3590    8.11552         23 0.0000e+00
    580.000    573.199    -0.3260  28.543679    -0.3231  28.543778     5.1174     5.2496     0.2006    95.5665 1.0000e-12  -74.04238 -117.69436  46.829815      99.91 8.8577e+02    950.024      22802  1030.3610  1030.3582     4.5336     0.1144     0.1314    34.3627    34.3596    8.11496         24 0.0000e+00
    581.000    574.185    -0.3193  28.550912    -0.3165  28.550827     5.1040     5.2344     0.1435    95.6785 1.0000e-12  -74.04238 -117.69436  46.829827      99.91 8.8556e+02    951.023      22826  1030.3665  1030.3637     4.5389     0.1127     0.1258    34.3643    34.3611    8.11345         24 0.0000e+00
    582.000    575.172    -0.3102  28.560669    -0.3075  28.560353     5.0832     5.2042     0.1324    95.6391 1.0000e-12  -74.04238 -117.69436  46.829838      99.92 8.8628e+02    952.006      22849  1030.3723  1030.3693     4.5370     0.0920     0.1217    34.3665    34.3630    8.11138         23 0.0000e+00
    583.000    576.158    -0.2562  28.616310    -0.2521  28.615684     5.0480     5.1818     0.1468    95.7123 1.0000e-12  -74.04238 -117.69436  46.829850      80.92 8.8581e+02    953.007      22873  1030.3824  1030.3778     4.5405     0.1178     0.1295    34.3792    34.3738    8.09917         25 0.0000e+00
    584.000    577.146    -0.2125  28.658665    -0.2089  28.658351     5.0249     5.1661     0.2322    95.7241 1.0000e-12  -74.04238 -117.69436  46.829862      88.01 8.8612e+02    954.061      22898  1030.3888  1030.3850     4.5410     0.0914     0.1231    34.3859    34.3814    8.08952         26 0.0000e+00
    585.000    578.133    -0.1919  28.679412    -0.1890  28.678866     5.0168     5.1631     0.1336    95.6817 1.0000e-12  -74.04238 -117.69436  46.829874      99.84 8.8702e+02    955.099      22923  1030.3951  1030.3918     4.5390     0.1081     0.1263    34.3897    34.3857    8.08493         24 0.0000e+00
    586.000    579.119    -0.1727  28.698643    -0.1698  28.698289     4.9899     5.1326     0.1259    95.6944 1.0000e-12  -74.04238 -117.69436  46.829885      99.91 8.8587e+02    956.096      22947  1030.4013  1030.3981     4.5397     0.0971     0.1197    34.3931    34.3893    8.08068         23 0.0000e+00
    587.000    580.107    -0.1304  28.742614    -0.1275  28.741000     4.9545     5.0968     0.1365    95.6399 1.0000e-12  -74.04238 -117.69436  46.829897      99.92 8.8540e+02    957.075      22971  1030.4107  1030.4062     4.5370     0.0917     0.1222    34.4033    34.3980    8.07115         24 0.0000e+00
    588.000    581.093    -0.0837  28.790721    -0.0801  28.789021     4.9388     5.0728     0.1295    95.6958 1.0000e-12  -74.04238 -117.69436  46.829908      99.92 8.8597e+02    958.049      22994  1030.4202  1030.4148     4.5397     0.0935     0.1211    34.4140    34.4077    8.06070         23 0.0000e+00
    589.000    582.080    -0.0095  28.861699    -0.0057  28.861686     4.9259     5.0586     0.1204    95.7620 1.0000e-12  -74.04238 -117.69436  46.829919      99.91 8.8610e+02    959.037      23018  1030.4267  1030.4229     4.5428     0.0961     0.1215    34.4242    34.4198    8.04452         25 0.0000e+00
    590.000    583.067     0.0134  28.884730     0.0140  28.881684     4.9107     5.0345     0.1168    95.7562 1.0000e-12  -74.04238 -117.69436  46.829931      99.91 8.8554e+02    960.075      23043  1030.4334  1030.4296     4.5426     0.1204     0.1208    34.4283    34.4236    8.03947         25 0.0000e+00
    591.000    584.053     0.0297  28.900843     0.0320  28.899847     4.8916     5.0209     0.1138    95.8003 1.0000e-12  -74.04238 -117.69436  46.829943      99.92 8.8636e+02    961.100      23067  1030.4393  1030.4359     4.5447     0.0885     0.1198    34.4308    34.4268    8.03592         24 0.0000e+00
    592.000    585.041     0.0603  28.932760     0.0603  28.928504     4.9095     5.0196     0.1153    95.7328 1.0000e-12  -74.04238 -117.69436  46.829955      99.92 8.8644e+02    962.091      23091  1030.4475  1030.4431     4.5415     0.0870     0.1201    34.4380    34.4324    8.02910         24 0.0000e+00
    593.000    586.027     0.0722  28.943593     0.0748  28.942809     4.8841     5.0123     0.1190    95.6800 1.0000e-12  -74.04238 -117.69436  46.829966      99.91 8.8559e+02    963.077      23115  1030.4521  1030.4488     4.5390     0.0930     0.1197    34.4384    34.4345    8.02658         23 0.0000e+00
    594.000    587.014     0.0730  28.944624     0.0758  28.944215     4.8544     5.0132     0.0998    95.7486 1.0000e-12  -74.04238 -117.69436  46.829977      99.91 8.8592e+02    964.057      23138  1030.4573  1030.4542     4.5422     0.0936     0.1239    34.4383    34.4346    8.02643         24 0.0000e+00
    595.000    588.002     0.0792  28.951829     0.0822  28.951429     4.9069     5.0130     0.1467    95.7925 1.0000e-12  -74.04238 -117.69436  46.829989      99.92 8.8680e+02    965.035      23162  1030.4636  1030.4603     4.5443     0.0925     0.1202    34.4402    34.4363    8.02501         23 0.0000e+00
    596.000    588.987     0.0857  28.958761     0.0881  28.957887     4.8945     4.9983     0.1108    95.7567 1.0000e-12  -74.04238 -117.69436  46.830001      82.34 8.8573e+02    966.054      23186  1030.4693  1030.4660     4.5425     0.0852     0.1209    34.4415    34.4377    8.02359         25 0.0000e+00
    597.000    589.976     0.0945  28.967907     0.0969  28.967075     4.8931     4.9956     0.1375    95.8358 1.0000e-12  -74.04238 -117.69436  46.830013      93.97 8.8582e+02    967.103      23211  1030.4750  1030.4717     4.5463     0.1109     0.1244    34.4432    34.4394    8.02166         25 0.0000e+00
    598.000    590.962     0.0976  28.971139     0.1004  28.970707     4.8816     4.9998     0.1085    95.8665 1.0000e-12  -74.04238 -117.69436  46.830025      99.95 8.8744e+02    968.130      23236  1030.4799  1030.4768     4.5478     0.1041     0.1207    34.4433    34.4396    8.02099         25 0.0000e+00
    599.000    591.949     0.0989  28.972692     0.1017  28.972316     4.8826     4.9956     0.1079    95.9072 1.0000e-12  -74.04238 -117.69436  46.830036      99.91 8.8649e+02    969.131      23260  1030.4849  1030.4818     4.5497     0.0883     0.1193    34.4433    34.4397    8.02072         23 0.0000e+00
    600.000    592.935     0.0999  28.974028     0.1024  28.973332     4.8853     5.0014     0.1215    95.9035 1.0000e-12  -74.04238 -117.69436  46.830048      99.92 8.8629e+02    970.114      23284  1030.4899  1030.4868     4.5496     0.0879     0.1212    34.4434    34.4397    8.02052         24 0.0000e+00
    601.000    593.921     0.1015  28.976071     0.1041  28.975437     4.8891     4.9947     0.1431    95.8881 1.0000e-12  -74.04238 -117.69436  46.830059      99.91 8.8680e+02    971.074      23307  1030.4950  1030.4918     4.5488     0.0889     0.1204    34.4436    34.4399    8.02015         23 0.0000e+00
    602.000    594.909     0.1025  28.977064     0.1051  28.976814     4.8920     4.9996     0.1337    95.9088 1.0000e-12  -74.04238 -117.69436  46.830070      99.91 8.8622e+02    972.060      23330  1030.4996  1030.4968     4.5498     0.0882     0.1202    34.4433    34.4400    8.01997         24 0.0000e+00
    603.000    595.896     0.1031  28.978151     0.1057  28.977575     4.8770     4.9964     0.1019    95.8482 1.0000e-12  -74.04238 -117.69436  46.830082      99.91 8.8644e+02    973.072      23355  1030.5046  1030.5015     4.5470     0.0931     0.1198    34.4435    34.4398    8.01984         24 0.0000e+00
    604.000    596.883     0.1031  28.978553     0.1060  28.978411     4.8919     4.9892     0.1092    95.9075 1.0000e-12  -74.04238 -117.69436  46.830093      99.91 8.8775e+02    974.057      23378  1030.5094  1030.5065     4.5497     0.1017     0.1204    34.4434    34.4400    8.01984         24 0.0000e+00
    605.000    597.870     0.1029  28.978562     0.1055  28.978205     4.8855     4.9977     0.1283    95.8096 1.0000e-12  -74.04238 -117.69436  46.830105      99.92 8.8627e+02    975.041      23402  1030.5141  1030.5112     4.5451     0.0946     0.1241    34.4431    34.4397    8.01990         23 0.0000e+00
    606.000    598.855     0.1007  28.976802     0.1040  28.976951     4.8802     4.9998     0.0947    95.8124 1.0000e-12  -74.04238 -117.69436  46.830116      99.91 8.8599e+02    976.034      23426  1030.5188  1030.5158     4.5452     0.0906     0.1263    34.4426    34.4392    8.02038         24 0.0000e+00
    607.000    599.842     0.1016  28.977957     0.1046  28.977973     4.8715     4.9912     0.1024    95.9211 1.0000e-12  -74.04238 -117.69436  46.830128      99.91 8.8763e+02    977.034      23450  1030.5235  1030.5206     4.5505     0.0855     0.1177    34.4426    34.4392    8.02020         25 0.0000e+00
    608.000    600.830     0.1079  28.985145     0.1104  28.984393     4.8592     4.9747     0.0886    95.9451 1.0000e-12  -74.04238 -117.69436  46.830139      99.30 8.8703e+02    978.051      23474  1030.5292  1030.5260     4.5515     0.0873     0.1184    34.4444    34.4406    8.01878         24 0.0000e+00
    609.000    601.816     0.1282  29.006599     0.1323  29.007178     4.8499     4.9735     0.1609    95.8985 1.0000e-12  -74.04238 -117.69438  46.830151      73.00 8.8561e+02    979.078      23499  1030.5360  1030.5326     4.5493     0.0839     0.1207    34.4493    34.4455    8.01427         24 0.0000e+00
    610.000    602.802     0.1442  29.022447     0.1471  29.022190     4.8579     4.9771     0.1490    95.9320 1.0000e-12  -74.04238 -117.69436  46.830163      99.81 8.8697e+02    980.081      23523  1030.5412  1030.5382     4.5509     0.0837     0.1179    34.4517    34.4482    8.01079         24 0.0000e+00
    611.000    603.791     0.1469  29.025714     0.1495  29.025138     4.8489     4.9655     0.1347    95.9314 1.0000e-12  -74.04238 -117.69438  46.830174      99.92 8.8651e+02    981.070      23547  1030.5464  1030.5433     4.5509     0.0856     0.1190    34.4524    34.4488    8.01019         24 0.0000e+00
    612.000    604.776     0.1563  29.036099     0.1586  29.034950     4.8336     4.9513     0.1109    95.9163 1.0000e-12  -74.04238 -117.69436  46.830186      99.91 8.8592e+02    982.066      23571  1030.5525  1030.5490     4.5502     0.0861     0.1203    34.4550    34.4509    8.00810         24 0.0000e+00
    613.000    605.763     0.1921  29.072318     0.1952  29.071434     4.8294     4.9442     0.0918    95.9322 1.0000e-12  -74.04238 -117.69438  46.830197      99.91 8.8708e+02    983.045      23594  1030.5594  1030.5555     4.5509     0.0887     0.1197    34.4619    34.4574    8.00024         24 0.0000e+00
    614.000    606.750     0.2197  29.099220     0.2234  29.099358     4.8176     4.9391     0.0901    95.9040 1.0000e-12  -74.04238 -117.69436  46.830209      99.92 8.8643e+02    984.028      23618  1030.5648  1030.5614     4.5497     0.0847     0.1168    34.4658    34.4619    7.99429         23 0.0000e+00
    615.000    607.737     0.2272  29.106502     0.2294  29.105515     4.8088     4.9302     0.0936    95.8970 1.0000e-12  -74.04238 -117.69438  46.830220      99.91 8.8584e+02    985.030      23642  1030.5696  1030.5665     4.5493     0.0856     0.1183    34.4664    34.4627    7.99269         24 0.0000e+00
    616.000    608.723     0.2322  29.112676     0.2351  29.112196     4.8124     4.9346     0.0930    95.9206 1.0000e-12  -74.04238 -117.69437  46.830232      99.91 8.8658e+02    986.018      23665  1030.5757  1030.5723     4.5504     0.0856     0.1195    34.4684    34.4645    7.99155         24 0.0000e+00
    617.000    609.709     0.2423  29.123016     0.2455  29.123037     4.8164     4.9328     0.1283    95.9493 1.0000e-12  -74.04238 -117.69437  46.830243      99.92 8.8734e+02    986.992      23689  1030.5810  1030.5780     4.5517     0.0843     0.1190    34.4700    34.4666    7.98935         23 0.0000e+00
    618.000    610.697     0.2446  29.125670     0.2476  29.125489     4.8137     4.9312     0.2336    95.9335 1.0000e-12  -74.04238 -117.69437  46.830254      99.91 8.8680e+02    987.984      23713  1030.5860  1030.5830     4.5510     0.0866     0.1203    34.4704    34.4669    7.98886         24 0.0000e+00
    619.000    611.684     0.2494  29.131045     0.2514  29.129957     4.8072     4.9283     0.1085    95.9601 1.0000e-12  -74.04238 -117.69437  46.830266      99.91 8.8651e+02    988.970      23736  1030.5915  1030.5884     4.5522     0.0871     0.1189    34.4715    34.4679    7.98780         24 0.0000e+00
    620.000    612.671     0.2561  29.138057     0.2592  29.137870     4.8023     4.9262     0.1011    95.9541 1.0000e-12  -74.04238 -117.69438  46.830277      99.91 8.8665e+02    989.960      23760  1030.5966  1030.5935     4.5520     0.0870     0.1186    34.4727    34.4690    7.98635         24 0.0000e+00
    621.000    613.656     0.2592  29.141396     0.2621  29.141306     4.7972     4.9147     0.1025    95.9677 1.0000e-12  -74.04238 -117.69438  46.830289      99.91 8.8651e+02    990.964      23784  1030.6016  1030.5987     4.5526     0.0847     0.1178    34.4730    34.4697    7.98569         24 0.0000e+00
    622.000    614.644     0.2641  29.147072     0.2674  29.147191     4.8055     4.9115     0.1022    95.9584 1.0000e-12  -74.04238 -117.69438  46.830301      83.96 8.8622e+02    991.966      23808  1030.6071  1030.6040     4.5521     0.0837     0.1184    34.4744    34.4709    7.98459         24 0.0000e+00
