ocean_section_plots/required_files/ctd/dnbp2202_ctd138.cnv
* Sea-Bird SBE 9 Data File:
* FileName = D:\Data\raw\NBP2202_CTD138.hex
* Software Version Seasave V 7.26.7.121
* Temperature SN = 1649
* Conductivity SN = 2513
* Number of Bytes Per Scan = 40
* Number of Voltage Words = 5
* Number of Scans Averaged by the Deck Unit = 1
* NMEA Latitude = 74 01.83 S
* NMEA Longitude = 113 21.08 W
* NMEA UTC (Time) = Jan 28 2022  11:06:13
* NMEA baud rate = 9600
** Ship: RVIB N.B. Palmer
** Cruise: NBP2202 Thwaites
** Station: 67
** Operator: B. Bjork
# nquan = 25
# nvalues = 259                         
# units = specified
# name 0 = prDM: Pressure, Digiquartz [db]
# name 1 = depSM: Depth [salt water, m]
# name 2 = t090C: Temperature [ITS-90, deg C]
# name 3 = c0mS/cm: Conductivity [mS/cm]
# name 4 = t190C: Temperature, 2 [ITS-90, deg C]
# name 5 = c1mS/cm: Conductivity, 2 [mS/cm]
# name 6 = sbeox0ML/L: Oxygen, SBE 43 [ml/l]
# name 7 = sbeox1ML/L: Oxygen, SBE 43, 2 [ml/l]
# name 8 = flECO-AFL: Fluorescence, WET Labs ECO-AFL/FL [mg/m^3]
# name 9 = CStarTr0: Beam Transmission, WET Labs C-Star [%]
# name 10 = par: PAR/Irradiance, Biospherical/Licor
# name 11 = latitude: Latitude [deg]
# name 12 = longitude: Longitude [deg]
# name 13 = timeJ: Julian Days
# name 14 = altM: Altimeter [m]
# name 15 = spar: SPAR, Biospherical/Licor
# name 16 = timeS: Time, Elapsed [seconds]
# name 17 = scan: Scan Count
# name 18 = density00: Density [density, kg/m^3]
# name 19 = density11: Density, 2 [density, kg/m^3]
# name 20 = sal00: Salinity, Practical [PSU]
# name 21 = sal11: Salinity, Practical, 2 [PSU]
# name 22 = oxsolML/L: Oxygen Saturation, Garcia & Gordon [ml/l]
# name 23 = nbin: number of scans per bin
# name 24 = flag: flag
# span 0 =      3.000,    261.000       
# span 1 =      2.970,    258.141       
# span 2 =    -1.3955,    -0.8777       
# span 3 =  27.069715,  27.722769       
# span 4 =    -1.3952,    -0.8736       
# span 5 =  27.069795,  27.724870       
# span 6 =     5.2688,     8.2538       
# span 7 =     5.3736,     8.4532       
# span 8 =     0.0019,    22.5679       
# span 9 =    69.1501,    93.4996       
# span 10 = 1.0000e-12, 8.6538e+00      
# span 11 =  -74.03060,  -74.03060      
# span 12 = -113.35138, -113.35132      
# span 13 =  28.466170,  28.471547      
# span 14 =       5.52,     100.69      
# span 15 = 3.6627e+01, 4.4318e+01      
# span 16 =    304.060,    768.651      
# span 17 =       7298,      18449      
# span 18 =  1027.1964,  1028.6458      
# span 19 =  1027.1994,  1028.6442      
# span 20 =    33.7987,    34.0730      
# span 21 =    33.8017,    34.0712      
# span 22 =    8.25092,    8.37813      
# span 23 =         20,         49      
# span 24 = 0.0000e+00, 0.0000e+00      
# interval = decibars: 1                
# start_time = Jan 28 2022 11:06:13 [NMEA time, header]
# bad_flag = -9.990e-29
*END*
[from data line 58]
     61.000     60.360    -1.0640  27.279108    -1.0648  27.279042     8.2049     8.4092    18.2998    70.1856 1.0000e-12  -74.03060 -113.35136  28.467524      99.93 4.0757e+01    421.047      10106  1027.4784  1027.4791    33.8029    33.8037    8.30781         41 0.0000e+00
     62.000     61.349    -1.0642  27.279610    -1.0649  27.279323     8.2027     8.4108    18.9715    69.4193 1.0000e-12  -74.03060 -113.35136  28.467546      99.97 4.1836e+01    422.965      10152  1027.4835  1027.4838    33.8032    33.8036    8.30784         47 0.0000e+00
     63.000     62.339    -1.0643  27.279798    -1.0653  27.279246     8.2022     8.4115    18.6881    70.7485 1.0000e-12  -74.03060 -113.35136  28.467568      99.96 4.0861e+01    424.902      10199  1027.4880  1027.4883    33.8029    33.8033    8.30786         39 0.0000e+00
     64.000     63.329    -1.0646  27.279908    -1.0652  27.279827     8.2055     8.4140    18.8244    70.6304 1.0000e-12  -74.03060 -113.35136  28.467590      99.99 4.0552e+01    426.814      10245  1027.4927  1027.4932    33.8028    33.8034    8.30794         35 0.0000e+00
     65.000     64.318    -1.0644  27.280350    -1.0652  27.280155     8.2063     8.4124    18.3277    70.3966 1.0000e-12  -74.03060 -113.35136  28.467611      99.97 4.1836e+01    428.583      10287  1027.4974  1027.4979    33.8026    33.8032    8.30792         41 0.0000e+00
     66.000     65.307    -1.0643  27.281221    -1.0649  27.281077     8.2046     8.4105    18.9552    70.4175 1.0000e-12  -74.03060 -113.35136  28.467632      98.10 4.0886e+01    430.424      10331  1027.5025  1027.5029    33.8030    33.8035    8.30786         44 0.0000e+00
     67.000     66.296    -1.0646  27.281291    -1.0655  27.281002     8.2008     8.4084    20.9364    71.0159 1.0000e-12  -74.03060 -113.35135  28.467659      99.95 4.0762e+01    432.760      10387  1027.5072  1027.5077    33.8029    33.8034    8.30795         41 0.0000e+00
     68.000     67.285    -1.0652  27.281306    -1.0657  27.281066     8.2058     8.4203    19.0690    70.0623 1.0000e-12  -74.03060 -113.35134  28.467683      99.97 4.1154e+01    434.845      10437  1027.5120  1027.5122    33.8029    33.8031    8.30806         38 0.0000e+00
     69.000     68.275    -1.0651  27.281767    -1.0655  27.281747     8.2062     8.4090    19.0634    70.2852 1.0000e-12  -74.03060 -113.35134  28.467713      99.98 4.0470e+01    437.404      10499  1027.5167  1027.5171    33.8027    33.8032    8.30805         42 0.0000e+00
     70.000     69.264    -1.0654  27.282037    -1.0660  27.281915     8.1985     8.4009    18.7442    69.8829 1.0000e-12  -74.03060 -113.35135  28.467736      99.97 4.0776e+01    439.436      10547  1027.5216  1027.5220    33.8029    33.8034    8.30811         38 0.0000e+00
     71.000     70.253    -1.0660  27.282237    -1.0662  27.282238     8.1980     8.3981    19.9208    69.1625 1.0000e-12  -74.03060 -113.35134  28.467764      97.58 4.1529e+01    441.777      10604  1027.5267  1027.5269    33.8032    33.8034    8.30823         44 0.0000e+00
     72.000     71.243    -1.0652  27.283513    -1.0658  27.283311     8.1815     8.3885    18.1182    70.4598 1.0000e-12  -74.03060 -113.35135  28.467791      99.93 4.0964e+01    444.126      10660  1027.5317  1027.5320    33.8035    33.8039    8.30805         43 0.0000e+00
     73.000     72.234    -1.0660  27.283657    -1.0668  27.283220     8.1883     8.3941    18.3153    69.7691 1.0000e-12  -74.03060 -113.35133  28.467816      99.96 4.1368e+01    446.291      10712  1027.5369  1027.5371    33.8039    33.8042    8.30819         41 0.0000e+00
     74.000     73.223    -1.0662  27.283808    -1.0666  27.283593     8.1844     8.3926    19.5563    70.0446 1.0000e-12  -74.03060 -113.35134  28.467844      99.98 4.1020e+01    448.749      10771  1027.5415  1027.5416    33.8037    33.8038    8.30824         38 0.0000e+00
     75.000     74.211    -1.0670  27.283735    -1.0672  27.283735     8.1814     8.3843    18.9576    69.9926 1.0000e-12  -74.03060 -113.35134  28.467869      99.98 4.1628e+01    450.903      10823  1027.5465  1027.5466    33.8039    33.8041    8.30841         42 0.0000e+00
     76.000     75.198    -1.0672  27.284189    -1.0678  27.283885     8.1323     8.3391    20.1795    69.3961 1.0000e-12  -74.03060 -113.35134  28.467896      99.98 4.1211e+01    453.208      10878  1027.5515  1027.5517    33.8041    33.8044    8.30844         39 0.0000e+00
     77.000     76.189    -1.0773  27.278220    -1.0770  27.278526     8.0389     8.2589    20.5207    69.9025 1.0000e-12  -74.03060 -113.35134  28.467921      99.86 4.1385e+01    455.357      10930  1027.5590  1027.5591    33.8067    33.8068    8.31053         44 0.0000e+00
     78.000     77.179    -1.0862  27.273167    -1.0871  27.272650     8.0156     8.2336    18.6449    71.2110 1.0000e-12  -74.03060 -113.35134  28.467946      99.99 4.1526e+01    457.562      10982  1027.5664  1027.5667    33.8093    33.8096    8.31236         45 0.0000e+00
     79.000     78.170    -1.0882  27.272249    -1.0878  27.272748     7.9590     8.1970    18.2736    70.4008 1.0000e-12  -74.03060 -113.35134  28.467973      99.98 4.1055e+01    459.905      11039  1027.5715  1027.5717    33.8097    33.8099    8.31278         37 0.0000e+00
     80.000     79.157    -1.0960  27.267784    -1.0944  27.268876     7.9497     8.1723    17.2005    70.6550 1.0000e-12  -74.03060 -113.35134  28.467996      99.94 4.1890e+01    461.867      11086  1027.5784  1027.5780    33.8117    33.8114    8.31439         46 0.0000e+00
     81.000     80.146    -1.0968  27.267915    -1.0966  27.268050     7.9068     8.1196    21.5949    70.6515 1.0000e-12  -74.03060 -113.35134  28.468025      99.99 4.1674e+01    464.399      11147  1027.5834  1027.5834    33.8121    33.8121    8.31453         39 0.0000e+00
     82.000     81.135    -1.1085  27.260432    -1.1088  27.260436     7.8531     8.0567    17.7789    71.4741 1.0000e-12  -74.03060 -113.35136  28.468049      99.98 4.0781e+01    466.417      11195  1027.5907  1027.5910    33.8144    33.8148    8.31699         39 0.0000e+00
     83.000     82.125    -1.1132  27.258113    -1.1132  27.258018     7.8551     8.0536    18.8121    71.7027 1.0000e-12  -74.03060 -113.35135  28.468077      98.68 4.0833e+01    468.865      11254  1027.5969  1027.5968    33.8160    33.8159    8.31795         49 0.0000e+00
     84.000     83.117    -1.1134  27.258368    -1.1135  27.258288     7.8553     8.0376    16.2796    72.1176 1.0000e-12  -74.03060 -113.35136  28.468102      99.94 4.2140e+01    471.039      11306  1027.6016  1027.6016    33.8159    33.8160    8.31800         37 0.0000e+00
     85.000     84.103    -1.1186  27.255572    -1.1197  27.254646     7.5376     7.7675    16.9587    72.4382 1.0000e-12  -74.03060 -113.35136  28.468128      99.96 4.1189e+01    473.298      11360  1027.6077  1027.6078    33.8174    33.8173    8.31907         38 0.0000e+00
     86.000     85.094    -1.1702  27.221602    -1.1682  27.223926     6.9915     7.3077    16.8687    72.3054 1.0000e-12  -74.03060 -113.35136  28.468153      99.91 4.1284e+01    475.417      11411  1027.6248  1027.6253    33.8286    33.8295    8.32990         38 0.0000e+00
     87.000     86.082    -1.2312  27.182798    -1.2283  27.185041     6.8366     7.0866    16.7444    72.8250 1.0000e-12  -74.03060 -113.35136  28.468179      99.94 4.2281e+01    477.649      11465  1027.6450  1027.6446    33.8436    33.8434    8.34259         37 0.0000e+00
     88.000     87.071    -1.2412  27.176573    -1.2447  27.174228     6.7597     6.9598    12.1972    75.2952 1.0000e-12  -74.03060 -113.35136  28.468205      99.80 4.0585e+01    479.912      11519  1027.6514  1027.6522    33.8457    33.8466    8.34469         45 0.0000e+00
     89.000     88.060    -1.2673  27.156849    -1.2697  27.155758     6.6013     6.8116    11.6886    74.8162 1.0000e-12  -74.03060 -113.35136  28.468229      99.80 4.1601e+01    482.021      11570  1027.6588  1027.6598    33.8477    33.8489    8.35043         41 0.0000e+00
     90.000     89.050    -1.2997  27.133213    -1.2997  27.133448     6.4997     6.6987    10.0983    76.2587 1.0000e-12  -74.03060 -113.35136  28.468256      99.70 4.2123e+01    484.324      11625  1027.6677  1027.6679    33.8512    33.8515    8.35745         42 0.0000e+00
     91.000     90.039    -1.3174  27.120660    -1.3162  27.121848     6.4564     6.6378     8.9986    77.2472 1.0000e-12  -74.03060 -113.35136  28.468282      99.46 4.0952e+01    486.562      11678  1027.6747  1027.6749    33.8534    33.8537    8.36129         38 0.0000e+00
     92.000     91.028    -1.3218  27.118359    -1.3213  27.118930     6.4788     6.6346     8.7418    77.3540 1.0000e-12  -74.03060 -113.35136  28.468306      99.40 4.1747e+01    488.613      11728  1027.6802  1027.6803    33.8546    33.8548    8.36221         42 0.0000e+00
     93.000     92.017    -1.3217  27.119057    -1.3217  27.118922     6.4633     6.6151     9.1354    79.6581 1.0000e-12  -74.03060 -113.35137  28.468332      99.36 4.2038e+01    490.890      11782  1027.6846  1027.6845    33.8548    33.8546    8.36217         41 0.0000e+00
     94.000     93.006    -1.3277  27.114821    -1.3277  27.114754     6.3842     6.5407     8.1394    80.2068 1.0000e-12  -74.03060 -113.35137  28.468357      99.36 4.1993e+01    493.083      11835  1027.6898  1027.6897    33.8551    33.8551    8.36350         45 0.0000e+00
     95.000     93.996    -1.3423  27.103867    -1.3409  27.105155     6.2527     6.4197     7.3501    81.4277 1.0000e-12  -74.03060 -113.35137  28.468382      99.42 4.2049e+01    495.211      11886  1027.6959  1027.6960    33.8560    33.8562    8.36673         41 0.0000e+00
     96.000     94.986    -1.3635  27.087850    -1.3640  27.087664     6.1547     6.3244     6.6350    82.2556 1.0000e-12  -74.03060 -113.35137  28.468408      99.46 4.2755e+01    497.419      11939  1027.7028  1027.7030    33.8574    33.8577    8.37140         44 0.0000e+00
     97.000     95.973    -1.3727  27.081462    -1.3708  27.083014     6.1368     6.2937     6.0077    83.1455 1.0000e-12  -74.03060 -113.35138  28.468434      99.62 4.2045e+01    499.665      11993  1027.7085  1027.7084    33.8584    33.8584    8.37341         36 0.0000e+00
     98.000     96.964    -1.3756  27.079923    -1.3748  27.080493     6.1102     6.2553     5.7568    82.7631 1.0000e-12  -74.03060 -113.35138  28.468458      99.65 4.2297e+01    501.769      12043  1027.7136  1027.7135    33.8589    33.8588    8.37402         44 0.0000e+00
     99.000     97.952    -1.3802  27.077226    -1.3805  27.076980     6.1019     6.2278     6.2726    83.6281 1.0000e-12  -74.03060 -113.35138  28.468483      99.66 4.2309e+01    503.949      12096  1027.7192  1027.7192    33.8598    33.8598    8.37501         47 0.0000e+00
    100.000     98.941    -1.3818  27.076651    -1.3817  27.076657     6.0744     6.2040     5.2433    84.5209 1.0000e-12  -74.03060 -113.35138  28.468507      99.67 4.2309e+01    506.007      12145  1027.7241  1027.7240    33.8602    33.8601    8.37534         36 0.0000e+00
    101.000     99.930    -1.3851  27.074796    -1.3849  27.074884     6.0093     6.1522     4.0895    84.8757 1.0000e-12  -74.03060 -113.35138  28.468532      99.61 4.2631e+01    508.184      12197  1027.7295  1027.7293    33.8608    33.8607    8.37606         42 0.0000e+00
    102.000    100.920    -1.3921  27.070774    -1.3915  27.071281     5.9413     6.1001     5.2511    86.6017 1.0000e-12  -74.03060 -113.35138  28.468558      99.72 4.2221e+01    510.392      12250  1027.7359  1027.7359    33.8626    33.8625    8.37752         44 0.0000e+00
    103.000    101.910    -1.3950  27.069715    -1.3946  27.069795     5.9266     6.0650     4.2618    86.9399 1.0000e-12  -74.03060 -113.35138  28.468582      99.69 4.2572e+01    512.481      12301  1027.7417  1027.7414    33.8638    33.8634    8.37810         40 0.0000e+00
    104.000    102.898    -1.3955  27.070846    -1.3952  27.071018     5.8835     6.0209     4.0981    86.9670 1.0000e-12  -74.03060 -113.35138  28.468608      99.74 4.2264e+01    514.754      12355  1027.7476  1027.7475    33.8653    33.8651    8.37813         41 0.0000e+00
    105.000    103.887    -1.3831  27.086293    -1.3820  27.086660     5.8590     5.9876     3.4996    87.3861 1.0000e-12  -74.03060 -113.35138  28.468631      99.77 4.1939e+01    516.745      12403  1027.7569  1027.7562    33.8718    33.8711    8.37495         43 0.0000e+00
    106.000    104.876    -1.3666  27.104395    -1.3668  27.103718     5.9015     6.0223     4.0896    87.6844 1.0000e-12  -74.03060 -113.35138  28.468657      99.79 4.2583e+01    518.998      12457  1027.7653  1027.7647    33.8774    33.8767    8.37090         34 0.0000e+00
    107.000    105.866    -1.3576  27.113831    -1.3572  27.113662     5.9291     6.0517     3.6023    87.5881 1.0000e-12  -74.03060 -113.35138  28.468684      96.35 4.1856e+01    521.270      12511  1027.7714  1027.7709    33.8796    33.8789    8.36876         45 0.0000e+00
    108.000    106.855    -1.3574  27.115278    -1.3574  27.114901     5.9167     6.0311     4.0907    88.5239 1.0000e-12  -74.03060 -113.35138  28.468707      99.75 4.2306e+01    523.290      12560  1027.7772  1027.7768    33.8807    33.8801    8.36864         43 0.0000e+00
    109.000    107.844    -1.3653  27.109879    -1.3651  27.109735     5.8980     6.0182     3.2026    89.3457 1.0000e-12  -74.03060 -113.35137  28.468734      99.77 4.3049e+01    525.600      12615  1027.7834  1027.7831    33.8815    33.8812    8.37036         44 0.0000e+00
    110.000    108.833    -1.3758  27.101929    -1.3756  27.101947     5.8905     6.0107     4.0419    88.7851 1.0000e-12  -74.03060 -113.35137  28.468759      99.77 4.1700e+01    527.793      12668  1027.7891  1027.7890    33.8819    33.8818    8.37269         38 0.0000e+00
    111.000    109.823    -1.3798  27.099372    -1.3799  27.099043     5.8840     6.0033     3.6286    88.6781 1.0000e-12  -74.03060 -113.35137  28.468782      99.80 4.2298e+01    529.764      12715  1027.7944  1027.7941    33.8823    33.8820    8.37357         39 0.0000e+00
    112.000    110.813    -1.3813  27.100929    -1.3806  27.100759     5.7831     5.9199     3.1370    89.1743 1.0000e-12  -74.03060 -113.35136  28.468809      99.79 4.2309e+01    532.093      12771  1027.8019  1027.8010    33.8856    33.8845    8.37373         42 0.0000e+00
    113.000    111.801    -1.3678  27.118506    -1.3672  27.118157     5.6939     5.8375     3.4198    88.7026 1.0000e-12  -74.03060 -113.35136  28.468833      96.42 4.1576e+01    534.147      12821  1027.8125  1027.8116    33.8938    33.8927    8.37019         37 0.0000e+00
    114.000    112.790    -1.3591  27.128841    -1.3588  27.128517     5.6856     5.8149     2.6764    89.0148 1.0000e-12  -74.03060 -113.35136  28.468856      99.81 4.2396e+01    536.176      12869  1027.8198  1027.8192    33.8975    33.8968    8.36803         40 0.0000e+00
    115.000    113.778    -1.3559  27.133133    -1.3553  27.133116     5.6826     5.8053     3.1370    89.4346 1.0000e-12  -74.03060 -113.35136  28.468883      99.82 4.2354e+01    538.476      12924  1027.8259  1027.8252    33.8992    33.8985    8.36721         38 0.0000e+00
    116.000    114.768    -1.3534  27.136271    -1.3530  27.136068     5.6781     5.8002     3.0566    90.2024 1.0000e-12  -74.03060 -113.35135  28.468907      99.81 4.1844e+01    540.530      12974  1027.8313  1027.8307    33.9000    33.8993    8.36660         42 0.0000e+00
    117.000    115.757    -1.3525  27.137617    -1.3519  27.137485     5.6692     5.7938     4.2201    90.7073 1.0000e-12  -74.03060 -113.35135  28.468933      99.83 4.2160e+01    542.840      13029  1027.8363  1027.8356    33.9002    33.8994    8.36638         43 0.0000e+00
