ocean_section_plots/required_files/ctd/dnbp2202_ctd136.cnv
* Sea-Bird SBE 9 Data File:
* FileName = D:\Data\raw\NBP2202_CTD136.hex
* Software Version Seasave V 7.26.7.121
* Temperature SN = 1649
* Conductivity SN = 2513
* Number of Bytes Per Scan = 40
* Number of Voltage Words = 5
* Number of Scans Averaged by the Deck Unit = 1
* NMEA Latitude = 74 01.39 S
* NMEA Longitude = 113 07.37 W
* NMEA UTC (Time) = Jan 28 2022  09:21:21
* NMEA baud rate = 9600
** Ship: RVIB N.B. Palmer
** Cruise: NBP2202 Thwaites
** Station: 65
** Operator: B. Bjork
# nquan = 25
# nvalues = 484                         
# units = specified
# name 0 = prDM: Pressure, Digiquartz [db]
# name 1 = depSM: Depth [salt water, m]
# name 2 = t090C: Temperature [ITS-90, deg C]
# name 3 = c0mS/cm: Conductivity [mS/cm]
# name 4 = t190C: Temperature, 2 [ITS-90, deg C]
# name 5 = c1mS/cm: Conductivity, 2 [mS/cm]
# name 6 = sbeox0ML/L: Oxygen, SBE 43 [ml/l]
# name 7 = sbeox1ML/L: Oxygen, SBE 43, 2 [ml/l]
# name 8 = flECO-AFL: Fluorescence, WET Labs ECO-AFL/FL [mg/m^3]
# name 9 = CStarTr0: Beam Transmission, WET Labs C-Star [%]
# name 10 = par: PAR/Irradiance, Biospherical/Licor
# name 11 = latitude: Latitude [deg]
# name 12 = longitude: Longitude [deg]
# name 13 = timeJ: Julian Days
# name 14 = altM: Altimeter [m]
# name 15 = spar: SPAR, Biospherical/Licor
# name 16 = timeS: Time, Elapsed [seconds]
# name 17 = scan: Scan Count
# name 18 = density00: Density [density, kg/m^3]
# name 19 = density11: Density, 2 [density, kg/m^3]
# name 20 = sal00: Salinity, Practical [PSU]
# name 21 = sal11: Salinity, Practical, 2 [PSU]
# name 22 = oxsolML/L: Oxygen Saturation, Garcia & Gordon [ml/l]
# name 23 = nbin: number of scans per bin
# name 24 = flag: flag
# span 0 =      2.000,    485.000       
# span 1 =      1.978,    479.419       
# span 2 =    -1.6267,    -0.0340       
# span 3 =  26.933067,  28.730713       
# span 4 =    -1.6267,    -0.0318       
# span 5 =  26.933855,  28.730505       
# span 6 =     4.7647,     9.3770       
# span 7 =     4.8578,     9.6467       
# span 8 =    -0.0177,    29.5314       
# span 9 =    58.4500,    93.7279       
# span 10 = -6.989e-05, 1.1491e+01      
# span 11 =  -74.02324,  -74.02324      
# span 12 = -113.12289, -113.12284      
# span 13 =  28.392325,  28.400468      
# span 14 =       3.32,     115.27      
# span 15 = 3.3495e+01, 4.5856e+01      
# span 16 =    215.912,    919.415      
# span 17 =       5183,      22067      
# span 18 =  1027.1811,  1029.8771      
# span 19 =  1027.1847,  1029.8748      
# span 20 =    33.8064,    34.3412      
# span 21 =    33.8100,    34.3384      
# span 22 =    8.05436,    8.42660      
# span 23 =          8,         52      
# span 24 = 0.0000e+00, 0.0000e+00      
# interval = decibars: 1                
# start_time = Jan 28 2022 09:21:21 [NMEA time, header]
# bad_flag = -9.990e-29
*END*
[from data line 58]
     60.000     59.370    -0.7291  27.578869    -0.7308  27.578759     9.0490     9.3186    29.4282    60.8656 1.0000e-12  -74.02324 -113.12288  28.393901      99.99 3.8788e+01    352.046       8450  1027.4864  1027.4880    33.8344    33.8362    8.23231         42 0.0000e+00
     61.000     60.360    -0.7438  27.568030    -0.7447  27.568439     9.0552     9.3199    29.4282    59.3640 1.0000e-12  -74.02324 -113.12288  28.393924      99.99 3.8350e+01    354.037       8498  1027.4931  1027.4943    33.8356    33.8371    8.23546         37 0.0000e+00
     62.000     61.349    -0.7381  27.572828    -0.7398  27.572770     9.0163     9.2590    29.4282    59.5590 1.0000e-12  -74.02324 -113.12288  28.393952      99.99 3.8419e+01    356.428       8555  1027.4968  1027.4983    33.8351    33.8370    8.23424         39 0.0000e+00
     63.000     62.338    -0.7709  27.549080    -0.7758  27.547738     8.8976     9.1472    29.4282    60.4472 1.0000e-12  -74.02324 -113.12288  28.393979      99.99 3.8582e+01    358.749       8611  1027.5069  1027.5102    33.8392    33.8428    8.24118         45 0.0000e+00
     64.000     63.328    -0.8106  27.520689    -0.8127  27.521062     8.8102     9.0686    29.4282    58.5792 1.0000e-12  -74.02324 -113.12288  28.394003      99.99 3.8290e+01    360.847       8661  1027.5185  1027.5210    33.8446    33.8475    8.24954         42 0.0000e+00
     65.000     64.317    -0.8578  27.485447    -0.8610  27.484823     8.7602     9.0172    29.4291    58.4500 1.0000e-12  -74.02324 -113.12288  28.394032      99.99 3.8486e+01    363.404       8723  1027.5295  1027.5319    33.8492    33.8520    8.25962         41 0.0000e+00
     66.000     65.307    -0.8681  27.476116    -0.8695  27.476318     8.7405     8.9904    29.4302    59.2819 1.0000e-12  -74.02324 -113.12287  28.394058      99.99 3.8233e+01    365.626       8776  1027.5329  1027.5344    33.8475    33.8494    8.26197         48 0.0000e+00
     67.000     66.297    -0.8803  27.467151    -0.8815  27.467542     8.7308     8.9748    29.4305    59.9237 1.0000e-12  -74.02324 -113.12287  28.394085      99.99 3.7546e+01    367.978       8832  1027.5386  1027.5402    33.8485    33.8503    8.26460         41 0.0000e+00
     68.000     67.285    -0.8858  27.463032    -0.8875  27.463111     8.7218     8.9545    29.4307    60.6729 1.0000e-12  -74.02324 -113.12287  28.394112      99.99 3.8961e+01    370.250       8887  1027.5433  1027.5450    33.8484    33.8504    8.26581         38 0.0000e+00
     69.000     68.276    -0.8927  27.458113    -0.8947  27.457967     8.7005     8.9375    29.4319    59.8809 1.0000e-12  -74.02324 -113.12288  28.394138      99.99 3.8979e+01    372.526       8942  1027.5485  1027.5503    33.8489    33.8510    8.26730         45 0.0000e+00
     70.000     69.264    -0.8987  27.454244    -0.8997  27.454548     8.6860     8.9214    29.4305    59.5431 1.0000e-12  -74.02324 -113.12288  28.394165      96.11 3.7753e+01    374.886       8998  1027.5541  1027.5553    33.8497    33.8513    8.26857         44 0.0000e+00
     71.000     70.254    -0.9102  27.445553    -0.9102  27.446582     8.6562     8.8966    29.4317    58.8301 1.0000e-12  -74.02324 -113.12287  28.394191      99.68 3.8373e+01    377.063       9051  1027.5598  1027.5609    33.8502    33.8517    8.27106         45 0.0000e+00
     72.000     71.242    -0.9193  27.438896    -0.9221  27.438008     8.6025     8.8446    29.4316    59.8881 1.0000e-12  -74.02324 -113.12286  28.394218      99.99 3.9202e+01    379.465       9108  1027.5654  1027.5671    33.8509    33.8528    8.27304         52 0.0000e+00
     73.000     72.233    -0.9397  27.423656    -0.9407  27.423937     8.5809     8.8169    29.4324    59.8944 1.0000e-12  -74.02324 -113.12286  28.394244      99.99 3.8775e+01    381.648       9161  1027.5725  1027.5737    33.8525    33.8539    8.27744         44 0.0000e+00
     74.000     73.222    -0.9397  27.424445    -0.9407  27.424581     8.5818     8.8143    29.4327    60.0791 1.0000e-12  -74.02324 -113.12286  28.394271      99.99 3.8251e+01    383.994       9217  1027.5773  1027.5784    33.8529    33.8542    8.27741         42 0.0000e+00
     75.000     74.212    -0.9393  27.425255    -0.9401  27.425588     8.5717     8.8055    29.4325    60.7171 1.0000e-12  -74.02324 -113.12286  28.394298      99.99 3.8870e+01    386.385       9274  1027.5819  1027.5829    33.8530    33.8543    8.27732         42 0.0000e+00
     76.000     75.201    -0.9436  27.422618    -0.9449  27.422546     8.5640     8.7897    29.4335    61.2856 1.0000e-12  -74.02324 -113.12286  28.394322      97.37 3.8601e+01    388.460       9324  1027.5874  1027.5884    33.8536    33.8549    8.27824         37 0.0000e+00
     77.000     76.189    -0.9510  27.417699    -0.9542  27.416539     8.4585     8.7027    29.4328    60.5250 1.0000e-12  -74.02324 -113.12285  28.394349      99.92 3.8670e+01    390.790       9380  1027.5932  1027.5951    33.8546    33.8567    8.27980         46 0.0000e+00
     78.000     77.178    -0.9783  27.396516    -0.9783  27.397746     8.3991     8.6405    29.4339    60.2028 1.0000e-12  -74.02324 -113.12285  28.394377      99.99 3.9595e+01    393.186       9437  1027.6007  1027.6019    33.8559    33.8575    8.28575         36 0.0000e+00
     79.000     78.168    -0.9816  27.394565    -0.9827  27.394580     8.3855     8.6156    29.4344    60.2931 1.0000e-12  -74.02324 -113.12285  28.394402      86.89 3.8012e+01    395.339       9489  1027.6058  1027.6068    33.8564    33.8576    8.28645         41 0.0000e+00
     80.000     79.158    -0.9905  27.388505    -0.9920  27.388344     8.2894     8.5184    29.4355    61.8530 1.0000e-12  -74.02324 -113.12285  28.394430      97.44 3.8770e+01    397.789       9548  1027.6118  1027.6131    33.8575    33.8590    8.28834         41 0.0000e+00
     81.000     80.146    -1.0191  27.366823    -1.0209  27.366923     8.1749     8.4191    29.4355    62.9636 1.0000e-12  -74.02324 -113.12286  28.394457     100.00 3.9555e+01    400.109       9604  1027.6198  1027.6217    33.8595    33.8617    8.29454         39 0.0000e+00
     82.000     81.136    -1.0291  27.359836    -1.0293  27.360468     8.1228     8.3595    29.4355    62.6869 1.0000e-12  -74.02324 -113.12284  28.394479      96.70 3.9349e+01    402.001       9649  1027.6258  1027.6267    33.8606    33.8617    8.29668         37 0.0000e+00
     83.000     82.125    -1.0385  27.353255    -1.0393  27.353565     8.0783     8.3069    29.4355    63.1924 1.0000e-12  -74.02324 -113.12284  28.394497      97.13 4.0069e+01    403.507       9685  1027.6319  1027.6329    33.8617    33.8630    8.29871         36 0.0000e+00
     84.000     83.114    -1.0457  27.348207    -1.0469  27.348271     7.9926     8.2229    29.3056    62.7992 1.0000e-12  -74.02324 -113.12284  28.394513     100.03 4.0554e+01    404.961       9720  1027.6374  1027.6386    33.8623    33.8638    8.30027         34 0.0000e+00
     85.000     84.103    -1.0543  27.341972    -1.0552  27.342519     7.8595     8.1056    27.5699    63.2143 1.0000e-12  -74.02324 -113.12284  28.394529      99.98 3.9975e+01    406.298       9752  1027.6430  1027.6445    33.8629    33.8647    8.30214         31 0.0000e+00
     86.000     85.094    -1.0903  27.316217    -1.0916  27.316368     7.7872     8.0191    28.7892    63.4956 1.0000e-12  -74.02324 -113.12284  28.394544      99.99 4.0720e+01    407.590       9783  1027.6538  1027.6552    33.8677    33.8694    8.30982         31 0.0000e+00
     87.000     86.082    -1.0958  27.312750    -1.0970  27.312750     7.6959     7.9363    28.3851    63.9132 1.0000e-12  -74.02324 -113.12284  28.394559      99.98 4.0887e+01    408.874       9814  1027.6593  1027.6604    33.8685    33.8699    8.31099         31 0.0000e+00
     88.000     87.071    -1.1191  27.295811    -1.1204  27.296396     7.6022     7.8363    28.0884    64.0531 1.0000e-12  -74.02324 -113.12284  28.394574      99.97 4.0114e+01    410.173       9845  1027.6673  1027.6693    33.8710    33.8734    8.31601         32 0.0000e+00
     89.000     88.061    -1.1374  27.285560    -1.1383  27.285600     7.4996     7.7246    26.0065    64.9300 1.0000e-12  -74.02324 -113.12284  28.394589      99.97 4.0663e+01    411.507       9877  1027.6778  1027.6788    33.8771    33.8782    8.31972         31 0.0000e+00
     90.000     89.050    -1.1459  27.281431    -1.1468  27.281977     7.3543     7.5903    24.9507    64.9448 1.0000e-12  -74.02324 -113.12284  28.394603      99.97 4.1622e+01    412.737       9907  1027.6855  1027.6870    33.8804    33.8822    8.32141         28 0.0000e+00
     91.000     90.039    -1.2058  27.238315    -1.2024  27.242783     7.2461     7.4824    23.0414    66.5916 1.0000e-12  -74.02324 -113.12284  28.394616      99.97 4.0289e+01    413.842       9933  1027.7005  1027.7020    33.8885    33.8908    8.33428         26 0.0000e+00
     92.000     91.028    -1.2398  27.213756    -1.2418  27.213792     7.1765     7.4131    21.5206    67.0708 1.0000e-12  -74.02324 -113.12284  28.394629      99.99 4.0929e+01    414.944       9960  1027.7103  1027.7122    33.8928    33.8950    8.34161         27 0.0000e+00
     93.000     92.013    -1.2802  27.183118    -1.2813  27.183526     7.1427     7.3609    18.4998    68.1399 1.0000e-12  -74.02324 -113.12284  28.394643      99.29 4.1415e+01    416.136       9988  1027.7195  1027.7211    33.8958    33.8977    8.35045         27 0.0000e+00
     94.000     93.010    -1.2908  27.177484    -1.2922  27.177730     7.0167     7.2286    16.1834    68.4564 1.0000e-12  -74.02324 -113.12284  28.394657      99.99 4.1335e+01    417.354      10018  1027.7272  1027.7289    33.8995    33.9015    8.35261         29 0.0000e+00
     95.000     93.996    -1.3185  27.157813    -1.3207  27.157851     6.8223     7.0497    15.0477    68.3562 1.0000e-12  -74.02324 -113.12284  28.394670      99.91 4.1491e+01    418.525      10046  1027.7362  1027.7384    33.9032    33.9058    8.35858         28 0.0000e+00
     96.000     94.984    -1.3451  27.137576    -1.3466  27.137685     6.6552     6.8950    14.1510    71.9400 1.0000e-12  -74.02324 -113.12284  28.394684      99.68 4.0991e+01    419.678      10073  1027.7434  1027.7450    33.9050    33.9068    8.36445         28 0.0000e+00
     97.000     95.974    -1.3679  27.119800    -1.3696  27.120054     6.5898     6.8217    12.4771    73.0682 1.0000e-12  -74.02324 -113.12284  28.394697      99.44 4.1003e+01    420.823      10101  1027.7496  1027.7516    33.9057    33.9080    8.36951         27 0.0000e+00
     98.000     96.964    -1.3910  27.103348    -1.3918  27.104058     6.5927     6.8016    10.4519    75.2426 1.0000e-12  -74.02324 -113.12284  28.394710      99.36 4.1301e+01    421.975      10128  1027.7576  1027.7592    33.9087    33.9106    8.37453         28 0.0000e+00
     99.000     97.953    -1.3999  27.097374    -1.4011  27.097626     6.6367     6.8192     8.0284    76.3876 1.0000e-12  -74.02324 -113.12284  28.394724      99.41 4.1488e+01    423.134      10156  1027.7633  1027.7648    33.9099    33.9116    8.37645         28 0.0000e+00
    100.000     98.942    -1.4035  27.095573    -1.4046  27.095824     6.6357     6.8049     6.0015    78.3718 1.0000e-12  -74.02324 -113.12284  28.394737      99.60 4.1266e+01    424.284      10184  1027.7687  1027.7699    33.9110    33.9125    8.37721         27 0.0000e+00
    101.000     99.931    -1.4117  27.091186    -1.4130  27.091274     6.5621     6.7410     4.9243    81.2502 1.0000e-12  -74.02324 -113.12284  28.394750      99.57 4.1116e+01    425.414      10211  1027.7756  1027.7770    33.9136    33.9152    8.37889         28 0.0000e+00
    102.000    100.921    -1.4136  27.093362    -1.4145  27.093395     6.4815     6.6599     5.8629    82.7082 1.0000e-12  -74.02324 -113.12284  28.394764      99.40 4.2005e+01    426.625      10240  1027.7836  1027.7845    33.9180    33.9191    8.37904         29 0.0000e+00
    103.000    101.909    -1.4097  27.098913    -1.4106  27.098929     6.4288     6.6053     6.7628    83.6704 1.0000e-12  -74.02324 -113.12285  28.394778      99.58 4.1802e+01    427.835      10269  1027.7899  1027.7908    33.9206    33.9217    8.37801         28 0.0000e+00
    104.000    102.898    -1.4101  27.099932    -1.4114  27.099972     6.4122     6.5818     6.1385    83.6967 1.0000e-12  -74.02324 -113.12285  28.394791      97.30 4.1492e+01    428.973      10296  1027.7955  1027.7967    33.9219    33.9234    8.37804         28 0.0000e+00
    105.000    103.888    -1.4117  27.099827    -1.4127  27.099859     6.4091     6.5653     4.3823    84.7292 1.0000e-12  -74.02324 -113.12284  28.394805      99.68 4.1589e+01    430.109      10324  1027.8010  1027.8020    33.9230    33.9242    8.37834         27 0.0000e+00
    106.000    104.877    -1.4136  27.099647    -1.4145  27.099652     6.4267     6.5739     3.5880    85.5445 1.0000e-12  -74.02324 -113.12284  28.394818      99.68 4.2189e+01    431.295      10352  1027.8067  1027.8076    33.9243    33.9253    8.37869         29 0.0000e+00
    107.000    105.866    -1.4193  27.096200    -1.4211  27.096045     6.4564     6.6031     3.0436    86.9707 1.0000e-12  -74.02324 -113.12284  28.394832      99.72 4.1039e+01    432.491      10381  1027.8126  1027.8140    33.9254    33.9271    8.37991         28 0.0000e+00
    108.000    106.856    -1.4317  27.087442    -1.4328  27.087495     6.4956     6.6320     2.7818    86.7707 1.0000e-12  -74.02324 -113.12284  28.394845      99.73 4.1926e+01    433.637      10408  1027.8190  1027.8201    33.9267    33.9281    8.38261         27 0.0000e+00
    109.000    107.844    -1.4401  27.081220    -1.4413  27.081297     6.5244     6.6576     2.6298    87.4713 1.0000e-12  -74.02324 -113.12284  28.394859      99.73 4.2310e+01    434.794      10436  1027.8244  1027.8256    33.9270    33.9285    8.38447         29 0.0000e+00
    110.000    108.834    -1.4481  27.075400    -1.4499  27.075172     6.5638     6.6925     2.5950    87.7594 1.0000e-12  -74.02324 -113.12284  28.394873      99.75 4.1160e+01    435.994      10465  1027.8298  1027.8312    33.9275    33.9292    8.38625         29 0.0000e+00
    111.000    109.822    -1.4560  27.069850    -1.4573  27.069734     6.6039     6.7304     2.3805    87.7208 1.0000e-12  -74.02324 -113.12284  28.394886      99.76 4.1393e+01    437.160      10493  1027.8354  1027.8365    33.9282    33.9295    8.38799         27 0.0000e+00
    112.000    110.812    -1.4708  27.057985    -1.4728  27.057532     6.6403     6.7672     2.3147    88.1690 1.0000e-12  -74.02324 -113.12284  28.394899      99.75 4.2300e+01    438.260      10519  1027.8408  1027.8422    33.9280    33.9297    8.39134         26 0.0000e+00
    113.000    111.800    -1.4745  27.055762    -1.4766  27.054893     6.6640     6.7947     2.1468    89.0247 1.0000e-12  -74.02324 -113.12284  28.394912      99.76 4.0494e+01    439.367      10546  1027.8460  1027.8471    33.9286    33.9298    8.39215         27 0.0000e+00
    114.000    112.789    -1.4815  27.050545    -1.4842  27.049452     6.7410     6.8644     2.5153    88.8786 1.0000e-12  -74.02324 -113.12284  28.394926      98.36 4.1802e+01    440.588      10575  1027.8511  1027.8525    33.9287    33.9303    8.39371         31 0.0000e+00
    115.000    113.779    -1.5006  27.035302    -1.5016  27.035705     6.8108     6.9267     2.3308    89.1897 1.0000e-12  -74.02324 -113.12284  28.394940      95.92 4.2194e+01    441.856      10606  1027.8568  1027.8583    33.9287    33.9305    8.39801         29 0.0000e+00
    116.000    114.769    -1.5531  26.991062    -1.5560  26.991270     6.8151     6.9318     2.9164    89.2377 1.0000e-12  -74.02324 -113.12284  28.394954      99.80 4.0722e+01    443.016      10633  1027.8629  1027.8659    33.9267    33.9303    8.41001         27 0.0000e+00
