ocean_section_plots/required_files/ctd/dnbp2202_ctd206.cnv
* Sea-Bird SBE 9 Data File:
* FileName = D:\Data\raw\NBP2202_CTD206.hex
* Software Version Seasave V 7.26.7.121
* Temperature SN = 1649
* Conductivity SN = 2513
* Number of Bytes Per Scan = 40
* Number of Voltage Words = 5
* Number of Scans Averaged by the Deck Unit = 1
* NMEA Latitude = 73 49.41 S
* NMEA Longitude = 113 56.97 W
* NMEA UTC (Time) = Feb 10 2022  02:34:46
* NMEA baud rate = 9600
** Ship: RVIB N.B. Palmer
** Cruise: NBP2202 Thwaites
** Station: 125
** Operator: A. Robinson
# nquan = 28
# nvalues = 348                         
# units = specified
# name 0 = prDM: Pressure, Digiquartz [db]
# name 1 = depSM: Depth [salt water, m]
# name 2 = t090C: Temperature [ITS-90, deg C]
# name 3 = c0mS/cm: Conductivity [mS/cm]
# name 4 = t190C: Temperature, 2 [ITS-90, deg C]
# name 5 = c1mS/cm: Conductivity, 2 [mS/cm]
# name 6 = sbeox0ML/L: Oxygen, SBE 43 [ml/l]
# name 7 = sbeox1ML/L: Oxygen, SBE 43, 2 [ml/l]
# name 8 = flECO-AFL: Fluorescence, WET Labs ECO-AFL/FL [mg/m^3]
# name 9 = CStarTr0: Beam Transmission, WET Labs C-Star [%]
# name 10 = par: PAR/Irradiance, Biospherical/Licor
# name 11 = latitude: Latitude [deg]
# name 12 = longitude: Longitude [deg]
# name 13 = timeJ: Julian Days
# name 14 = altM: Altimeter [m]
# name 15 = spar: SPAR, Biospherical/Licor
# name 16 = timeS: Time, Elapsed [seconds]
# name 17 = scan: Scan Count
# name 18 = density00: Density [density, kg/m^3]
# name 19 = density11: Density, 2 [density, kg/m^3]
# name 20 = v3: Voltage 3
# name 21 = v4: Voltage 4
# name 22 = v5: Voltage 5
# name 23 = sal00: Salinity, Practical [PSU]
# name 24 = sal11: Salinity, Practical, 2 [PSU]
# name 25 = oxsolML/L: Oxygen Saturation, Garcia & Gordon [ml/l]
# name 26 = nbin: number of scans per bin
# name 27 = flag: flag
# span 0 =      2.000,    349.000       
# span 1 =      1.974,    345.103       
# span 2 =    -1.2538,    -0.5429       
# span 3 =  27.278268,  28.119377       
# span 4 =    -1.2537,    -0.5416       
# span 5 =  27.278365,  28.120073       
# span 6 =     5.0246,     9.0441       
# span 7 =     5.2100,     9.2423       
# span 8 =     0.1209,    20.9121       
# span 9 =    76.3350,    97.5755       
# span 10 = 1.0000e-12, 2.2779e+01      
# span 11 =  -73.82354,  -73.82352      
# span 12 = -113.94960, -113.94958      
# span 13 =  41.110277,  41.115566      
# span 14 =       2.40,      99.98      
# span 15 = 5.8143e+01, 6.5227e+01      
# span 16 =    241.921,    698.938      
# span 17 =       5807,      16776      
# span 18 =  1027.1443,  1029.1329      
# span 19 =  1027.1484,  1029.1316      
# span 20 =     3.6217,     4.6288      
# span 21 =     0.0872,     3.7330      
# span 22 =     0.1213,     0.2736      
# span 23 =    33.7423,    34.1785      
# span 24 =    33.7440,    34.1768      
# span 25 =    8.17202,    8.33820      
# span 26 =         19,         62      
# span 27 = 0.0000e+00, 0.0000e+00      
# interval = decibars: 1                
# start_time = Feb 10 2022 02:34:46 [NMEA time, header]
# bad_flag = -9.990e-29
*END*
      2.000      1.974    -0.9708  27.285884    -0.9537  27.304086     9.0369     8.7838    17.1059    78.3082 2.2779e+01  -73.82354 -113.94958  41.110277      92.33 6.5227e+01    241.921       5807  1027.1443  1027.1484     3.7148     2.2050     0.1917    33.7440    33.7495    8.29065         19 0.0000e+00
      3.000      2.969    -0.9501  27.305518    -0.9516  27.308212     9.0441     8.7953    13.4495    80.7775 1.6943e+01  -73.82354 -113.94958  41.110324      99.63 6.5227e+01    245.994       5905  1027.1502  1027.1549     3.8324     2.1098     0.1893    33.7468    33.7521    8.28591         44 0.0000e+00
      4.000      3.957    -0.9689  27.287133    -0.9749  27.283476     9.0081     8.8243    14.6956    78.6515 1.2273e+01  -73.82354 -113.94958  41.110353      99.57 6.5227e+01    248.500       5965  1027.1525  1027.1545     3.7324     2.2166     0.1861    33.7423    33.7440    8.29033         36 0.0000e+00
      5.000      4.949    -0.9208  27.340865    -0.9253  27.339161     8.9826     8.8470    14.1479    81.3812 9.0653e+00  -73.82354 -113.94958  41.110379      90.85 6.5227e+01    250.764       6019  1027.1692  1027.1718     3.8618     2.0833     0.1859    33.7607    33.7634    8.27864         39 0.0000e+00
      6.000      5.938    -0.9183  27.343976    -0.9250  27.340974     8.9886     8.9477    16.1359    80.6068 6.7106e+00  -73.82354 -113.94958  41.110404      92.14 6.5227e+01    252.939       6072  1027.1747  1027.1780     3.8242     2.4103     0.1968    33.7615    33.7650    8.27804         42 0.0000e+00
      7.000      6.928    -0.9262  27.335387    -0.9336  27.331410     8.9989     9.0697    16.7729    80.1084 5.0262e+00  -73.82354 -113.94958  41.110428      99.57 6.5227e+01    255.023       6122  1027.1774  1027.1803     3.8004     2.4388     0.1911    33.7581    33.7611    8.27998         45 0.0000e+00
      8.000      7.914    -0.9308  27.332059    -0.9357  27.329555     8.9997     9.1511    17.6993    79.0273 3.7352e+00  -73.82354 -113.94958  41.110453      99.62 6.5227e+01    257.096       6171  1027.1826  1027.1845     3.7495     2.2839     0.1796    33.7582    33.7602    8.28100         41 0.0000e+00
      9.000      8.908    -0.9302  27.331927    -0.9329  27.333488     9.0065     9.2252    16.0462    80.1097 2.7784e+00  -73.82354 -113.94958  41.110475      99.81 6.5227e+01    259.069       6219  1027.1863  1027.1905     3.8006     2.6172     0.1844    33.7567    33.7618    8.28096         39 0.0000e+00
     10.000      9.896    -0.9287  27.335004    -0.9317  27.335362     8.9377     9.2423    19.2102    79.1781 2.0846e+00  -73.82354 -113.94958  41.110498      99.65 6.5227e+01    261.016       6265  1027.1924  1027.1957     3.7565     2.4599     0.1829    33.7585    33.7624    8.28050         43 0.0000e+00
     11.000     10.886    -0.9146  27.354479    -0.9186  27.352447     8.8893     9.2347    19.7232    79.9921 1.5729e+00  -73.82354 -113.94958  41.110521      99.79 6.5091e+01    262.972       6312  1027.2045  1027.2062     3.7952     2.7844     0.1968    33.7686    33.7703    8.27682         40 0.0000e+00
     12.000     11.875    -0.9096  27.360594    -0.9120  27.361494     8.8598     9.2352    17.5710    78.6068 1.1957e+00  -73.82354 -113.94958  41.110543      98.35 6.4572e+01    264.894       6358  1027.2108  1027.2141     3.7296     2.8097     0.1963    33.7706    33.7746    8.27559         37 0.0000e+00
     13.000     12.864    -0.9034  27.369485    -0.9034  27.372333     8.8275     9.2127    18.2282    79.1584 9.0205e-01  -73.82354 -113.94958  41.110565      98.27 6.4721e+01    266.802       6404  1027.2189  1027.2220     3.7555     2.5304     0.1891    33.7752    33.7790    8.27397         38 0.0000e+00
     14.000     13.855    -0.8954  27.379491    -0.8984  27.379797     8.8223     9.2244    19.0529    79.5999 6.8143e-01  -73.82354 -113.94958  41.110587      99.72 6.4762e+01    268.725       6450  1027.2266  1027.2298     3.7765     2.5391     0.2209    33.7792    33.7830    8.27197         38 0.0000e+00
     15.000     14.845    -0.8940  27.382140    -0.8979  27.380720     8.8067     9.2229    20.3780    79.3611 5.1434e-01  -73.82354 -113.94958  41.110609      99.86 6.4353e+01    270.638       6496  1027.2326  1027.2348     3.7652     2.7976     0.2233    33.7805    33.7830    8.27158         42 0.0000e+00
     16.000     15.835    -0.8894  27.387128    -0.8922  27.387506     8.8119     9.2191    19.5549    78.1421 3.8453e-01  -73.82354 -113.94958  41.110631      99.96 6.4546e+01    272.536       6542  1027.2381  1027.2412     3.7074     2.9423     0.2018    33.7816    33.7852    8.27052         39 0.0000e+00
     17.000     16.823    -0.8882  27.388800    -0.8910  27.389068     8.8227     9.2239    18.9275    79.4728 2.8613e-01  -73.82354 -113.94958  41.110653      99.72 6.4529e+01    274.460       6588  1027.2432  1027.2461     3.7704     2.6459     0.2153    33.7819    33.7853    8.27024         43 0.0000e+00
     18.000     17.815    -0.8884  27.389000    -0.8913  27.389186     8.8183     9.2238    19.5283    79.5158 2.1268e-01  -73.82354 -113.94958  41.110676      98.62 6.4263e+01    276.390       6634  1027.2480  1027.2510     3.7711     2.9935     0.2076    33.7817    33.7853    8.27028         37 0.0000e+00
     19.000     18.803    -0.8868  27.391120    -0.8897  27.391242     8.8018     9.2082    19.1648    80.3092 1.5581e-01  -73.82354 -113.94958  41.110698      98.99 6.4485e+01    278.296       6680  1027.2532  1027.2560     3.8104     3.5776     0.2134    33.7822    33.7856    8.26991         41 0.0000e+00
     20.000     19.792    -0.8838  27.393766    -0.8859  27.395396     8.7811     9.1876    19.1427    78.4214 1.1061e-01  -73.82354 -113.94958  41.110720      99.76 6.3861e+01    280.228       6726  1027.2574  1027.2612     3.7210     2.6651     0.2014    33.7818    33.7864    8.26926         38 0.0000e+00
     21.000     20.782    -0.8832  27.396345    -0.8857  27.396830     8.7686     9.1819    20.7009    78.0175 7.6771e-02  -73.82354 -113.94958  41.110743      99.97 6.4385e+01    282.159       6773  1027.2641  1027.2670     3.7014     3.0353     0.2272    33.7840    33.7875    8.26900         42 0.0000e+00
     22.000     21.771    -0.8849  27.395491    -0.8878  27.395617     8.7606     9.1661    20.2294    78.7003 5.0173e-02  -73.82354 -113.94958  41.110765      99.90 6.3990e+01    284.060       6818  1027.2691  1027.2721     3.7344     3.1651     0.2150    33.7842    33.7876    8.26937         44 0.0000e+00
     23.000     22.761    -0.8882  27.393160    -0.8915  27.393013     8.7340     9.1457    20.9121    78.4358 2.9212e-02  -73.82354 -113.94958  41.110787      99.88 6.4153e+01    285.971       6864  1027.2742  1027.2771     3.7212     2.8985     0.2235    33.7841    33.7876    8.27011         46 0.0000e+00
     24.000     23.749    -0.8946  27.388721    -0.8973  27.388886     8.7306     9.1282    19.5533    78.0372 1.2784e-02  -73.82354 -113.94958  41.110809      99.87 6.4150e+01    287.895       6910  1027.2797  1027.2824     3.7023     3.0804     0.2189    33.7846    33.7878    8.27147         36 0.0000e+00
     25.000     24.740    -0.8956  27.388396    -0.8980  27.388805     8.7186     9.1276    19.4261    79.2548 1.9017e-03  -73.82354 -113.94958  41.110831      92.29 6.3876e+01    289.792       6956  1027.2846  1027.2874     3.7601     3.0592     0.2315    33.7847    33.7879    8.27169         43 0.0000e+00
     26.000     25.731    -0.8968  27.388298    -0.8992  27.388668     8.7187     9.1216    19.3959    79.5398 2.4665e-05  -73.82354 -113.94958  41.110853      99.79 6.3759e+01    291.705       7002  1027.2900  1027.2926     3.7733     3.3693     0.2259    33.7853    33.7884    8.27192         42 0.0000e+00
     27.000     26.720    -0.8966  27.388864    -0.8991  27.389325     8.7121     9.1146    19.6881    79.5275 1.0000e-12  -73.82354 -113.94958  41.110875      99.95 6.3765e+01    293.628       7048  1027.2947  1027.2975     3.7732     3.2261     0.1999    33.7852    33.7886    8.27189         41 0.0000e+00
     28.000     27.709    -0.8962  27.390204    -0.8986  27.390366     8.6921     9.0985    18.3857    78.9392 1.0000e-12  -73.82354 -113.94958  41.110897      99.94 6.3735e+01    295.538       7094  1027.3000  1027.3025     3.7451     3.0516     0.2250    33.7860    33.7889    8.27175         40 0.0000e+00
     29.000     28.698    -0.8960  27.391229    -0.8984  27.391534     8.6889     9.0895    18.3085    77.9689 1.0000e-12  -73.82354 -113.94958  41.110920      99.97 6.3467e+01    297.458       7140  1027.3053  1027.3078     3.6991     3.2629     0.2194    33.7865    33.7896    8.27168         37 0.0000e+00
     30.000     29.688    -0.8958  27.392253    -0.8979  27.392635     8.6868     9.0771    18.0194    80.3716 1.0000e-12  -73.82354 -113.94958  41.110942      99.87 6.3464e+01    299.382       7186  1027.3104  1027.3128     3.8126     2.8848     0.2142    33.7870    33.7899    8.27159         41 0.0000e+00
     31.000     30.678    -0.8937  27.394641    -0.8958  27.395053     8.6944     9.0851    19.0242    79.1678 1.0000e-12  -73.82354 -113.94958  41.110964      99.84 6.3464e+01    301.286       7232  1027.3153  1027.3177     3.7565     2.7768     0.2038    33.7873    33.7902    8.27113         41 0.0000e+00
     32.000     31.666    -0.8901  27.398521    -0.8920  27.398952     8.6890     9.0914    18.0491    79.4705 1.0000e-12  -73.82354 -113.94958  41.110986      99.86 6.3464e+01    303.170       7277  1027.3204  1027.3226     3.7704     2.7066     0.2061    33.7879    33.7906    8.27030         34 0.0000e+00
     33.000     32.656    -0.8890  27.400171    -0.8910  27.400530     8.6799     9.0805    16.7130    78.4675 1.0000e-12  -73.82354 -113.94958  41.111007      99.81 6.3464e+01    304.990       7321  1027.3254  1027.3277     3.7228     2.7025     0.2125    33.7883    33.7910    8.27003         39 0.0000e+00
     34.000     33.646    -0.8904  27.399861    -0.8925  27.400172     8.6837     9.0758    16.0716    78.3100 1.0000e-12  -73.82354 -113.94958  41.111027      99.94 6.3464e+01    306.720       7362  1027.3308  1027.3331     3.7153     3.7330     0.2736    33.7888    33.7916    8.27031         38 0.0000e+00
     35.000     34.635    -0.8910  27.399974    -0.8931  27.400283     8.6894     9.0732    16.0392    79.8473 1.0000e-12  -73.82354 -113.94958  41.111046      99.90 6.3464e+01    308.380       7402  1027.3358  1027.3381     3.7882     3.3126     0.2278    33.7891    33.7918    8.27043         39 0.0000e+00
     36.000     35.625    -0.8908  27.400735    -0.8928  27.401034     8.6854     9.0672    17.6625    79.5338 1.0000e-12  -73.82354 -113.94958  41.111065      99.85 6.3464e+01    309.991       7441  1027.3408  1027.3430     3.7733     2.8926     0.1969    33.7892    33.7919    8.27037         38 0.0000e+00
     37.000     36.615    -0.8907  27.401367    -0.8927  27.401658     8.6741     9.0725    17.1151    79.3911 1.0000e-12  -73.82354 -113.94958  41.111083      99.87 6.3464e+01    311.547       7478  1027.3456  1027.3478     3.7666     2.8384     0.2130    33.7893    33.7920    8.27034         37 0.0000e+00
     38.000     37.604    -0.8906  27.401983    -0.8926  27.402201     8.6712     9.0660    16.2119    77.4916 1.0000e-12  -73.82354 -113.94958  41.111101      99.81 6.3464e+01    313.084       7515  1027.3505  1027.3526     3.6765     2.7228     0.2309    33.7894    33.7920    8.27031         37 0.0000e+00
     39.000     38.593    -0.8900  27.403184    -0.8919  27.403614     8.6776     9.0723    16.1260    78.0860 1.0000e-12  -73.82354 -113.94958  41.111118      99.71 6.3464e+01    314.596       7551  1027.3556  1027.3578     3.7046     2.5155     0.2262    33.7899    33.7925    8.27017         36 0.0000e+00
     40.000     39.583    -0.8883  27.405692    -0.8900  27.405878     8.6762     9.0813    16.7857    78.8447 1.0000e-12  -73.82354 -113.94958  41.111135      99.03 6.3464e+01    316.080       7587  1027.3609  1027.3628     3.7407     2.7363     0.2010    33.7907    33.7929    8.26974         33 0.0000e+00
     41.000     40.572    -0.8871  27.407208    -0.8891  27.407285     8.6762     9.0854    17.3850    78.3005 1.0000e-12  -73.82354 -113.94958  41.111152      98.16 6.3464e+01    317.549       7622  1027.3658  1027.3678     3.7148     2.5628     0.1995    33.7908    33.7932    8.26947         35 0.0000e+00
     42.000     41.563    -0.8865  27.408291    -0.8883  27.408545     8.6787     9.0829    15.5734    79.2204 1.0000e-12  -73.82354 -113.94958  41.111169      99.78 6.3464e+01    319.010       7657  1027.3707  1027.3726     3.7583     2.6103     0.2172    33.7910    33.7933    8.26933         33 0.0000e+00
     43.000     42.551    -0.8859  27.409368    -0.8878  27.409523     8.6710     9.0691    15.4128    79.3545 1.0000e-12  -73.82354 -113.94958  41.111186      99.91 6.3464e+01    320.457       7692  1027.3756  1027.3776     3.7648     2.8379     0.2058    33.7911    33.7935    8.26918         35 0.0000e+00
     44.000     43.541    -0.8849  27.410821    -0.8866  27.411272     8.6519     9.0521    15.6366    79.9183 1.0000e-12  -73.82354 -113.94958  41.111202      99.82 6.3464e+01    321.884       7726  1027.3806  1027.3826     3.7915     2.5553     0.1933    33.7914    33.7938    8.26895         34 0.0000e+00
     45.000     44.530    -0.8888  27.408805    -0.8906  27.409025     8.6483     9.0462    15.5238    79.4415 1.0000e-12  -73.82354 -113.94958  41.111219      99.94 6.3464e+01    323.328       7761  1027.3864  1027.3884     3.7689     3.1148     0.2089    33.7924    33.7948    8.26975         33 0.0000e+00
     46.000     45.520    -0.8897  27.408656    -0.8914  27.408878     8.6431     9.0463    16.7994    79.2865 1.0000e-12  -73.82354 -113.94958  41.111236      99.86 6.3464e+01    324.786       7796  1027.3914  1027.3933     3.7615     2.8202     0.1999    33.7925    33.7948    8.26993         33 0.0000e+00
     47.000     46.509    -0.8895  27.409199    -0.8910  27.409594     8.6375     9.0182    15.3143    79.1381 1.0000e-12  -73.82354 -113.94958  41.111253      99.90 6.3464e+01    326.245       7831  1027.3961  1027.3979     3.7545     2.9514     0.2131    33.7924    33.7946    8.26989         35 0.0000e+00
     48.000     47.498    -0.8919  27.407966    -0.8940  27.408010     8.6135     9.0063    17.7149    78.0786 1.0000e-12  -73.82354 -113.94958  41.111270      99.85 6.3464e+01    327.705       7866  1027.4013  1027.4035     3.7043     2.6129     0.2249    33.7928    33.7953    8.27040         35 0.0000e+00
     49.000     48.489    -0.8952  27.406375    -0.8969  27.406673     8.6051     8.9983    16.2881    79.0111 1.0000e-12  -73.82354 -113.94958  41.111287      99.74 6.3242e+01    329.176       7901  1027.4072  1027.4091     3.7486     2.5660     0.1919    33.7938    33.7961    8.27108         35 0.0000e+00
     50.000     49.477    -0.8961  27.406578    -0.8978  27.406733     8.5966     8.9908    15.4379    78.9925 1.0000e-12  -73.82354 -113.94958  41.111304      95.21 6.3059e+01    330.640       7936  1027.4125  1027.4143     3.7476     2.3083     0.2175    33.7945    33.7965    8.27123         35 0.0000e+00
     51.000     50.466    -0.8966  27.406818    -0.8983  27.407023     8.6085     8.9937    15.5197    77.9753 1.0000e-12  -73.82354 -113.94958  41.111321      98.69 6.2683e+01    332.095       7971  1027.4175  1027.4193     3.6995     2.1209     0.2035    33.7947    33.7969    8.27132         36 0.0000e+00
     52.000     51.456    -0.8973  27.406998    -0.8989  27.407200     8.6033     8.9905    15.9710    78.6153 1.0000e-12  -73.82354 -113.94958  41.111337      99.78 6.2942e+01    333.545       8006  1027.4226  1027.4244     3.7298     2.5613     0.2255    33.7951    33.7972    8.27145         34 0.0000e+00
