ocean_section_plots/required_files/ctd/dnbp2202_ctd181.cnv
* Sea-Bird SBE 9 Data File:
* FileName = D:\Data\raw\NBP2202_CTD181.hex
* Software Version Seasave V 7.26.7.121
* Temperature SN = 1649
* Conductivity SN = 2513
* Number of Bytes Per Scan = 40
* Number of Voltage Words = 5
* Number of Scans Averaged by the Deck Unit = 1
* NMEA Latitude = 74 09.52 S
* NMEA Longitude = 111 26.18 W
* NMEA UTC (Time) = Feb 04 2022  01:41:19
* NMEA baud rate = 9600
** Ship: RVIB N.B. Palmer
** Cruise: NBP2202 Thwaites
** Station: 103
** Operator: A. Robinson
# nquan = 28
# nvalues = 326                         
# units = specified
# name 0 = prDM: Pressure, Digiquartz [db]
# name 1 = depSM: Depth [salt water, m]
# name 2 = t090C: Temperature [ITS-90, deg C]
# name 3 = c0mS/cm: Conductivity [mS/cm]
# name 4 = t190C: Temperature, 2 [ITS-90, deg C]
# name 5 = c1mS/cm: Conductivity, 2 [mS/cm]
# name 6 = sbeox0ML/L: Oxygen, SBE 43 [ml/l]
# name 7 = sbeox1ML/L: Oxygen, SBE 43, 2 [ml/l]
# name 8 = flECO-AFL: Fluorescence, WET Labs ECO-AFL/FL [mg/m^3]
# name 9 = CStarTr0: Beam Transmission, WET Labs C-Star [%]
# name 10 = par: PAR/Irradiance, Biospherical/Licor
# name 11 = latitude: Latitude [deg]
# name 12 = longitude: Longitude [deg]
# name 13 = timeJ: Julian Days
# name 14 = altM: Altimeter [m]
# name 15 = spar: SPAR, Biospherical/Licor
# name 16 = timeS: Time, Elapsed [seconds]
# name 17 = scan: Scan Count
# name 18 = density00: Density [density, kg/m^3]
# name 19 = density11: Density, 2 [density, kg/m^3]
# name 20 = v3: Voltage 3
# name 21 = v4: Voltage 4
# name 22 = v5: Voltage 5
# name 23 = sal00: Salinity, Practical [PSU]
# name 24 = sal11: Salinity, Practical, 2 [PSU]
# name 25 = oxsolML/L: Oxygen Saturation, Garcia & Gordon [ml/l]
# name 26 = nbin: number of scans per bin
# name 27 = flag: flag
# span 0 =      2.000,    327.000       
# span 1 =      1.980,    323.361       
# span 2 =    -1.4301,    -1.0664       
# span 3 =  27.053313,  27.341001       
# span 4 =    -1.4304,    -1.0828       
# span 5 =  27.053608,  27.340842       
# span 6 =     5.8832,     7.4114       
# span 7 =     6.0225,     7.4384       
# span 8 =     0.0059,     7.9339       
# span 9 =    85.5301,    98.3574       
# span 10 = -6.954e-05, 7.2966e+02      
# span 11 =  -74.15876,  -74.15876      
# span 12 = -111.43646, -111.43643      
# span 13 =  35.073242,  35.078699      
# span 14 =       4.80,      99.94      
# span 15 = 1.3718e+03, 1.3848e+03      
# span 16 =    249.099,    720.634      
# span 17 =       5979,      17296      
# span 18 =  1027.2051,  1028.9573      
# span 19 =  1027.2064,  1028.9558      
# span 20 =     4.0576,     4.6660      
# span 21 =     0.0677,     1.1766      
# span 22 =     0.1237,     0.1826      
# span 23 =    33.8086,    34.0437      
# span 24 =    33.8112,    34.0419      
# span 25 =    8.30782,    8.38216      
# span 26 =         21,         77      
# span 27 = 0.0000e+00, 0.0000e+00      
# interval = decibars: 1                
# start_time = Feb 04 2022 01:41:19 [NMEA time, header]
# bad_flag = -9.990e-29
*END*
[from data line 259]
    261.000    258.136    -1.3537  27.294885    -1.3527  27.294498     6.0167     6.1410     0.0357    98.1604 1.0000e-12  -74.15876 -111.43644  35.077218      74.42 1.3744e+03    592.608      14224  1028.6304  1028.6291     4.6566     0.0699     0.1324    34.0281    34.0265    8.35905         30 0.0000e+00
    262.000    259.124    -1.3538  27.296020    -1.3528  27.295792     6.0129     6.1391     0.0191    98.2253 1.0000e-12  -74.15876 -111.43644  35.077232      72.63 1.3756e+03    593.863      14254  1028.6361  1028.6349     4.6597     0.0697     0.1279    34.0292    34.0278    8.35901         30 0.0000e+00
    263.000    260.113    -1.3535  27.296871    -1.3525  27.296609     6.0182     6.1420     0.0276    98.2229 1.0000e-12  -74.15876 -111.43644  35.077247      71.26 1.3757e+03    595.142      14284  1028.6410  1028.6398     4.6596     0.0696     0.1311    34.0294    34.0280    8.35893         31 0.0000e+00
    264.000    261.101    -1.3536  27.297147    -1.3527  27.296935     6.0168     6.1421     0.0233    98.2578 1.0000e-12  -74.15876 -111.43644  35.077262      70.55 1.3754e+03    596.414      14315  1028.6458  1028.6446     4.6612     0.0718     0.1305    34.0293    34.0280    8.35897         31 0.0000e+00
    265.000    262.089    -1.3537  27.297655    -1.3528  27.297342     6.0158     6.1428     0.0615    98.2414 1.0000e-12  -74.15876 -111.43644  35.077276      69.67 1.3762e+03    597.667      14345  1028.6507  1028.6495     4.6604     0.0711     0.1294    34.0295    34.0280    8.35897         30 0.0000e+00
    266.000    263.077    -1.3532  27.298855    -1.3522  27.299018     6.0222     6.1450     0.0818    98.2266 1.0000e-12  -74.15876 -111.43644  35.077291      68.30 1.3764e+03    598.933      14375  1028.6558  1028.6550     4.6597     0.0730     0.1346    34.0300    34.0291    8.35884         30 0.0000e+00
    267.000    264.067    -1.3533  27.299238    -1.3525  27.298875     6.0184     6.1440     0.0210    98.2257 1.0000e-12  -74.15876 -111.43644  35.077306      67.25 1.3754e+03    600.205      14406  1028.6607  1028.6594     4.6597     0.0719     0.1290    34.0300    34.0286    8.35886         30 0.0000e+00
    268.000    265.055    -1.3534  27.299324    -1.3525  27.299054     6.0200     6.1432     0.0349    98.2881 1.0000e-12  -74.15876 -111.43644  35.077320      66.68 1.3761e+03    601.450      14436  1028.6651  1028.6640     4.6626     0.0709     0.1290    34.0296    34.0282    8.35891         30 0.0000e+00
    269.000    266.042    -1.3533  27.300162    -1.3523  27.299897     6.0203     6.1394     0.0378    98.2698 1.0000e-12  -74.15876 -111.43644  35.077335      65.68 1.3757e+03    602.712      14466  1028.6702  1028.6690     4.6618     0.0752     0.1342    34.0300    34.0285    8.35885         29 0.0000e+00
    270.000    267.032    -1.3534  27.300154    -1.3526  27.299859     6.0213     6.1343     0.0276    98.2296 1.0000e-12  -74.15876 -111.43644  35.077349      64.91 1.3756e+03    603.992      14497  1028.6746  1028.6735     4.6598     0.0702     0.1317    34.0295    34.0282    8.35891         30 0.0000e+00
    271.000    268.020    -1.3534  27.300821    -1.3525  27.300630     6.0243     6.1409     0.0179    98.2257 1.0000e-12  -74.15876 -111.43644  35.077364      63.15 1.3749e+03    605.239      14527  1028.6796  1028.6785     4.6597     0.0703     0.1293    34.0298    34.0285    8.35889         30 0.0000e+00
    272.000    269.008    -1.3533  27.301218    -1.3524  27.301041     6.0213     6.1421     0.0300    98.3086 1.0000e-12  -74.15876 -111.43644  35.077378      61.71 1.3753e+03    606.487      14557  1028.6843  1028.6831     4.6636     0.0727     0.1295    34.0296    34.0283    8.35888         30 0.0000e+00
    273.000    269.996    -1.3532  27.302026    -1.3523  27.301728     6.0183     6.1428     0.0817    98.2639 1.0000e-12  -74.15876 -111.43644  35.077393      61.28 1.3755e+03    607.742      14587  1028.6894  1028.6882     4.6615     0.0698     0.1280    34.0300    34.0286    8.35884         30 0.0000e+00
    274.000    270.985    -1.3530  27.303177    -1.3522  27.302905     6.0234     6.1436     0.0497    98.2875 1.0000e-12  -74.15876 -111.43644  35.077407      60.02 1.3748e+03    608.979      14617  1028.6947  1028.6936     4.6626     0.0700     0.1311    34.0308    34.0294    8.35875         30 0.0000e+00
    275.000    271.972    -1.3526  27.304715    -1.3516  27.304521     6.0254     6.1440     0.0223    98.2721 1.0000e-12  -74.15876 -111.43644  35.077421      59.27 1.3759e+03    610.212      14646  1028.7003  1028.6991     4.6618     0.0677     0.1286    34.0317    34.0304    8.35860         29 0.0000e+00
    276.000    272.962    -1.3514  27.306727    -1.3504  27.306547     6.0187     6.1453     0.0159    98.2031 1.0000e-12  -74.15876 -111.43644  35.077436      58.30 1.3751e+03    611.459      14676  1028.7057  1028.7045     4.6586     0.0739     0.1287    34.0326    34.0311    8.35829         30 0.0000e+00
    277.000    273.949    -1.3515  27.307055    -1.3504  27.306843     6.0170     6.1466     0.0156    98.3073 1.0000e-12  -74.15876 -111.43644  35.077450      57.37 1.3744e+03    612.674      14705  1028.7104  1028.7091     4.6635     0.0720     0.1273    34.0325    34.0310    8.35831         29 0.0000e+00
    278.000    274.939    -1.3512  27.307839    -1.3501  27.307653     6.0179     6.1472     0.0444    98.2867 1.0000e-12  -74.15876 -111.43644  35.077464      56.28 1.3757e+03    613.892      14734  1028.7153  1028.7140     4.6626     0.0688     0.1281    34.0326    34.0311    8.35823         30 0.0000e+00
    279.000    275.926    -1.3509  27.308724    -1.3499  27.308442     6.0216     6.1473     0.0844    98.2764 1.0000e-12  -74.15876 -111.43644  35.077478      54.93 1.3751e+03    615.138      14764  1028.7202  1028.7190     4.6621     0.0703     0.1293    34.0328    34.0314    8.35815         30 0.0000e+00
    280.000    276.916    -1.3509  27.309241    -1.3500  27.308872     6.0204     6.1477     0.0731    98.2896 1.0000e-12  -74.15876 -111.43644  35.077492      54.03 1.3734e+03    616.351      14793  1028.7250  1028.7239     4.6627     0.0701     0.1308    34.0329    34.0315    8.35814         29 0.0000e+00
    281.000    277.903    -1.3508  27.309936    -1.3500  27.309448     6.0194     6.1480     0.0217    98.2346 1.0000e-12  -74.15876 -111.43644  35.077506      53.03 1.3760e+03    617.560      14822  1028.7301  1028.7288     4.6601     0.0710     0.1308    34.0332    34.0316    8.35812         28 0.0000e+00
    282.000    278.891    -1.3508  27.310206    -1.3499  27.309989     6.0219     6.1469     0.0206    98.2126 1.0000e-12  -74.15876 -111.43644  35.077521      51.57 1.3752e+03    618.781      14852  1028.7346  1028.7335     4.6590     0.0708     0.1347    34.0329    34.0316    8.35812         30 0.0000e+00
    283.000    279.879    -1.3509  27.310666    -1.3498  27.310496     6.0239     6.1424     0.0193    98.2402 1.0000e-12  -74.15876 -111.43644  35.077535      50.58 1.3745e+03    620.001      14881  1028.7395  1028.7383     4.6604     0.0689     0.1308    34.0330    34.0316    8.35814         29 0.0000e+00
    284.000    280.869    -1.3508  27.311279    -1.3499  27.310776     6.0201     6.1427     0.0282    98.2446 1.0000e-12  -74.15876 -111.43644  35.077549      49.43 1.3776e+03    621.220      14910  1028.7444  1028.7430     4.6606     0.0752     0.1284    34.0332    34.0314    8.35811         29 0.0000e+00
    285.000    281.857    -1.3509  27.311631    -1.3499  27.311207     6.0226     6.1450     0.0225    98.2809 1.0000e-12  -74.15876 -111.43644  35.077563      48.23 1.3767e+03    622.447      14940  1028.7491  1028.7478     4.6623     0.0728     0.1346    34.0331    34.0314    8.35813         30 0.0000e+00
    286.000    282.843    -1.3507  27.312289    -1.3498  27.311918     6.0235     6.1466     0.0152    98.2496 1.0000e-12  -74.15876 -111.43644  35.077577      47.67 1.3751e+03    623.678      14969  1028.7540  1028.7527     4.6608     0.0678     0.1295    34.0332    34.0316    8.35809         29 0.0000e+00
    287.000    283.833    -1.3507  27.312770    -1.3496  27.312624     6.0162     6.1482     0.0218    98.2703 1.0000e-12  -74.15876 -111.43644  35.077591      46.69 1.3769e+03    624.894      14998  1028.7588  1028.7577     4.6618     0.0683     0.1323    34.0332    34.0318    8.35808         30 0.0000e+00
    288.000    284.822    -1.3509  27.312691    -1.3499  27.312507     6.0194     6.1453     0.0250    98.2814 1.0000e-12  -74.15876 -111.43644  35.077606      45.28 1.3762e+03    626.142      15028  1028.7632  1028.7620     4.6623     0.0694     0.1318    34.0328    34.0314    8.35817         30 0.0000e+00
    289.000    285.809    -1.3511  27.313044    -1.3500  27.312973     6.0177     6.1476     0.0342    98.2878 1.0000e-12  -74.15876 -111.43644  35.077621      44.26 1.3749e+03    627.427      15059  1028.7680  1028.7669     4.6626     0.0710     0.1340    34.0328    34.0314    8.35819         31 0.0000e+00
    290.000    286.797    -1.3508  27.313959    -1.3497  27.313807     6.0216     6.1513     0.0259    98.2638 1.0000e-12  -74.15876 -111.43644  35.077635      43.30 1.3753e+03    628.701      15090  1028.7731  1028.7719     4.6615     0.0718     0.1310    34.0332    34.0317    8.35812         31 0.0000e+00
    291.000    287.787    -1.3509  27.314573    -1.3493  27.315433     6.0267     6.1517     0.0217    98.2194 1.0000e-12  -74.15876 -111.43644  35.077651      42.42 1.3750e+03    630.005      15121  1028.7781  1028.7776     4.6594     0.0698     0.1305    34.0334    34.0328    8.35811         32 0.0000e+00
    292.000    288.775    -1.3499  27.317356    -1.3488  27.317208     6.0288     6.1482     0.0216    98.1534 1.0000e-12  -74.15876 -111.43644  35.077666      41.16 1.3756e+03    631.344      15153  1028.7846  1028.7833     4.6562     0.0702     0.1334    34.0356    34.0341    8.35778         32 0.0000e+00
    293.000    289.762    -1.3498  27.318549    -1.3487  27.318122     6.0348     6.1493     0.0216    98.2584 1.0000e-12  -74.15876 -111.43644  35.077682      40.01 1.3751e+03    632.695      15186  1028.7900  1028.7885     4.6612     0.0746     0.1320    34.0364    34.0346    8.35769         33 0.0000e+00
    294.000    290.750    -1.3500  27.318244    -1.3494  27.316973     6.0258     6.1426     0.0263    98.2281 1.0000e-12  -74.15876 -111.43644  35.077698      38.99 1.3752e+03    634.094      15219  1028.7942  1028.7922     4.6597     0.0703     0.1313    34.0356    34.0332    8.35778         34 0.0000e+00
    295.000    291.739    -1.3507  27.317123    -1.3495  27.316732     6.0271     6.1483     0.0299    98.2418 1.0000e-12  -74.15876 -111.43644  35.077714      37.86 1.3755e+03    635.526      15254  1028.7979  1028.7963     4.6605     0.0685     0.1315    34.0342    34.0323    8.35802         33 0.0000e+00
    296.000    292.727    -1.3506  27.318087    -1.3498  27.316865     6.0263     6.1527     0.0366    98.1856 1.0000e-12  -74.15876 -111.43644  35.077731      37.06 1.3752e+03    636.986      15289  1028.8032  1028.8011     4.6577     0.0719     0.1340    34.0349    34.0322    8.35797         35 0.0000e+00
    297.000    293.717    -1.3502  27.319937    -1.3489  27.319629     6.0334     6.1590     0.0211    98.2400 1.0000e-12  -74.15876 -111.43644  35.077748      36.25 1.3773e+03    638.460      15324  1028.8091  1028.8075     4.6604     0.0700     0.1316    34.0363    34.0345    8.35778         33 0.0000e+00
    298.000    294.704    -1.3496  27.321651    -1.3485  27.321282     6.0302     6.1594     0.0250    98.2550 1.0000e-12  -74.15876 -111.43644  35.077765      34.95 1.3755e+03    639.925      15359  1028.8148  1028.8133     4.6610     0.0693     0.1291    34.0374    34.0357    8.35760         35 0.0000e+00
    299.000    295.692    -1.3495  27.322546    -1.3484  27.322232     6.0322     6.1571     0.0175    98.2653 1.0000e-12  -74.15876 -111.43644  35.077782      34.00 1.3755e+03    641.391      15394  1028.8198  1028.8184     4.6616     0.0730     0.1349    34.0378    34.0362    8.35753         36 0.0000e+00
    300.000    296.681    -1.3493  27.323108    -1.3483  27.322691     6.0265     6.1573     0.0244    98.2579 1.0000e-12  -74.15876 -111.43644  35.077799      33.30 1.3770e+03    642.854      15429  1028.8246  1028.8232     4.6612     0.0696     0.1310    34.0378    34.0361    8.35750         35 0.0000e+00
    301.000    297.667    -1.3498  27.322699    -1.3486  27.322484     6.0314     6.1593     0.0214    98.3000 1.0000e-12  -74.15876 -111.43644  35.077816      31.92 1.3769e+03    644.317      15465  1028.8289  1028.8275     4.6632     0.0720     0.1311    34.0372    34.0355    8.35764         35 0.0000e+00
    302.000    298.657    -1.3494  27.323863    -1.3483  27.323564     6.0322     6.1577     0.0324    98.3070 1.0000e-12  -74.15876 -111.43644  35.077833      30.95 1.3758e+03    645.779      15500  1028.8341  1028.8326     4.6635     0.0721     0.1302    34.0378    34.0360    8.35753         35 0.0000e+00
    303.000    299.644    -1.3490  27.324942    -1.3479  27.324639     6.0364     6.1520     0.0312    98.3239 1.0000e-12  -74.15876 -111.43644  35.077850      29.81 1.3780e+03    647.239      15535  1028.8392  1028.8378     4.6643     0.0703     0.1302    34.0382    34.0365    8.35742         35 0.0000e+00
    304.000    300.632    -1.3491  27.325420    -1.3479  27.325097     6.0313     6.1553     0.0379    98.2470 1.0000e-12  -74.15876 -111.43644  35.077867      28.72 1.3784e+03    648.684      15569  1028.8441  1028.8426     4.6607     0.0686     0.1289    34.0382    34.0365    8.35742         34 0.0000e+00
    305.000    301.621    -1.3490  27.326019    -1.3477  27.326145     6.0350     6.1606     0.0164    98.2873 1.0000e-12  -74.15876 -111.43645  35.077883      27.88 1.3755e+03    650.126      15604  1028.8490  1028.8478     4.6626     0.0717     0.1326    34.0384    34.0371    8.35741         35 0.0000e+00
    306.000    302.610    -1.3485  27.327599    -1.3474  27.327254     6.0356     6.1571     0.0311    98.3118 1.0000e-12  -74.15876 -111.43645  35.077901      26.77 1.3784e+03    651.603      15639  1028.8545  1028.8530     4.6637     0.0677     0.1302    34.0393    34.0376    8.35722         36 0.0000e+00
    307.000    303.597    -1.3482  27.328638    -1.3469  27.328819     6.0324     6.1552     0.0150    98.2450 1.0000e-12  -74.15876 -111.43645  35.077918      25.47 1.3777e+03    653.089      15675  1028.8596  1028.8585     4.6606     0.0719     0.1318    34.0398    34.0386    8.35713         34 0.0000e+00
    308.000    304.586    -1.3483  27.328458    -1.3472  27.328419     6.0306     6.1564     0.0190    98.2989 1.0000e-12  -74.15876 -111.43646  35.077935      24.86 1.3743e+03    654.548      15710  1028.8639  1028.8627     4.6632     0.0714     0.1329    34.0391    34.0378    8.35721         32 0.0000e+00
    309.000    305.574    -1.3486  27.328466    -1.3474  27.328266     6.0288     6.1582     0.0183    98.2435 1.0000e-12  -74.15876 -111.43646  35.077952      23.59 1.3770e+03    656.009      15745  1028.8684  1028.8670     4.6605     0.0758     0.1368    34.0388    34.0371    8.35728         35 0.0000e+00
    310.000    306.562    -1.3483  27.329619    -1.3470  27.329567     6.0380     6.1594     0.0239    98.3287 1.0000e-12  -74.15876 -111.43646  35.077968      22.64 1.3762e+03    657.463      15780  1028.8737  1028.8724     4.6645     0.0690     0.1284    34.0394    34.0379    8.35717         35 0.0000e+00
    311.000    307.550    -1.3475  27.332093    -1.3462  27.331736     6.0442     6.1633     0.0506    98.2806 1.0000e-12  -74.15876 -111.43646  35.077985      21.62 1.3750e+03    658.944      15816  1028.8799  1028.8783     4.6623     0.0717     0.1303    34.0413    34.0393    8.35689         35 0.0000e+00
