ocean_section_plots/required_files/ctd/dnbp2202_ctd053.cnv
* Sea-Bird SBE 9 Data File:
* FileName = D:\Data\raw\NBP2202_CTD053.hex
* Software Version Seasave V 7.26.7.121
* Temperature SN = 1649
* Conductivity SN = 2513
* Number of Bytes Per Scan = 40
* Number of Voltage Words = 5
* Number of Scans Averaged by the Deck Unit = 1
* NMEA Latitude = 74 13.93 S
* NMEA Longitude = 112 35.91 W
* NMEA UTC (Time) = Jan 24 2022  08:34:58
* NMEA baud rate = 9600
** Ship: RVIB N.B. Palmer
** Cruise: NBP2202 Thwaites
** Station: Section Dotson C
** Operator: B Bjork
# nquan = 25
# nvalues = 1044                        
# units = specified
# name 0 = prDM: Pressure, Digiquartz [db]
# name 1 = depSM: Depth [salt water, m]
# name 2 = t090C: Temperature [ITS-90, deg C]
# name 3 = c0mS/cm: Conductivity [mS/cm]
# name 4 = t190C: Temperature, 2 [ITS-90, deg C]
# name 5 = c1mS/cm: Conductivity, 2 [mS/cm]
# name 6 = sbeox0ML/L: Oxygen, SBE 43 [ml/l]
# name 7 = sbeox1ML/L: Oxygen, SBE 43, 2 [ml/l]
# name 8 = flECO-AFL: Fluorescence, WET Labs ECO-AFL/FL [mg/m^3]
# name 9 = CStarTr0: Beam Transmission, WET Labs C-Star [%]
# name 10 = par: PAR/Irradiance, Biospherical/Licor
# name 11 = latitude: Latitude [deg]
# name 12 = longitude: Longitude [deg]
# name 13 = timeJ: Julian Days
# name 14 = altM: Altimeter [m]
# name 15 = spar: SPAR, Biospherical/Licor
# name 16 = timeS: Time, Elapsed [seconds]
# name 17 = scan: Scan Count
# name 18 = density00: Density [density, kg/m^3]
# name 19 = density11: Density, 2 [density, kg/m^3]
# name 20 = sal00: Salinity, Practical [PSU]
# name 21 = sal11: Salinity, Practical, 2 [PSU]
# name 22 = oxsolML/L: Oxygen Saturation, Garcia & Gordon [ml/l]
# name 23 = nbin: number of scans per bin
# name 24 = flag: flag
# span 0 =      2.000,   1045.000       
# span 1 =      1.979,   1031.587       
# span 2 =    -1.4956,     0.4996       
# span 3 =  27.083551,  29.589822       
# span 4 =    -1.4952,     0.5017       
# span 5 =  27.083104,  29.589605       
# span 6 =     4.5862,     8.5896       
# span 7 =     4.7715,     8.8550       
# span 8 =    -0.0182,    27.6382       
# span 9 =    69.3404,    96.8864       
# span 10 = -5.056e-05, 4.9544e+01      
# span 11 =  -74.23232,  -74.23230      
# span 12 = -112.59856, -112.59852      
# span 13 =  24.358728,  24.374479      
# span 14 =       4.27,     100.71      
# span 15 = 2.3530e+02, 3.4200e+02      
# span 16 =     96.114,   1457.026      
# span 17 =       2308,      34970      
# span 18 =  1027.1767,  1032.6250      
# span 19 =  1027.1773,  1032.6227      
# span 20 =    33.7689,    34.5491      
# span 21 =    33.7726,    34.5465      
# span 22 =    7.93188,    8.39541      
# span 23 =         18,         68      
# span 24 = 0.0000e+00, 0.0000e+00      
# interval = decibars: 1                
# start_time = Jan 24 2022 08:34:58 [NMEA time, header]
# bad_flag = -9.990e-29
*END*
[from data line 638]
    640.000    632.397     0.2651  29.137916     0.2673  29.137440     4.6691     4.8749    -0.0163    96.4588 1.0000e-12  -74.23230 -112.59852  24.368138      99.88 2.7351e+02    909.100      21819  1030.6738  1030.6711    34.4509    34.4478    7.98571         28 0.0000e+00
    641.000    633.383     0.2708  29.144127     0.2730  29.143629     4.6725     4.8717    -0.0140    96.4668 1.0000e-12  -74.23230 -112.59854  24.368151      99.88 2.7377e+02    910.238      21847  1030.6789  1030.6763    34.4521    34.4490    7.98446         27 0.0000e+00
    642.000    634.373     0.2741  29.148262     0.2763  29.147882     4.6726     4.8686    -0.0061    96.4660 1.0000e-12  -74.23230 -112.59852  24.368164      99.88 2.7227e+02    911.371      21874  1030.6843  1030.6817    34.4532    34.4503    7.98370         27 0.0000e+00
    643.000    635.356     0.2710  29.145775     0.2741  29.146316     4.6773     4.8736    -0.0003    96.4708 1.0000e-12  -74.23230 -112.59853  24.368177      99.88 2.7180e+02    912.511      21901  1030.6891  1030.6866    34.4529    34.4502    7.98437         27 0.0000e+00
    644.000    636.344     0.2688  29.144254     0.2711  29.144017     4.6764     4.8756    -0.0012    96.4549 1.0000e-12  -74.23230 -112.59853  24.368190      99.89 2.7148e+02    913.654      21929  1030.6939  1030.6915    34.4527    34.4499    7.98483         28 0.0000e+00
    645.000    637.330     0.2671  29.143165     0.2684  29.142080     4.6805     4.8771    -0.0004    96.4536 1.0000e-12  -74.23230 -112.59853  24.368204      90.23 2.7148e+02    914.795      21956  1030.6987  1030.6963    34.4526    34.4497    7.98518         27 0.0000e+00
    646.000    638.317     0.2627  29.139515     0.2648  29.139198     4.6891     4.8808    -0.0120    96.4332 1.0000e-12  -74.23230 -112.59852  24.368217      95.04 2.7148e+02    915.936      21983  1030.7035  1030.7012    34.4521    34.4495    7.98612         27 0.0000e+00
    647.000    639.303     0.2583  29.136218     0.2605  29.135969     4.6915     4.8910    -0.0181    96.4209 1.0000e-12  -74.23230 -112.59852  24.368230      99.96 2.7148e+02    917.066      22011  1030.7087  1030.7063    34.4521    34.4494    7.98703         27 0.0000e+00
    648.000    640.291     0.2562  29.134797     0.2585  29.134821     4.6914     4.8905    -0.0166    96.4434 1.0000e-12  -74.23230 -112.59852  24.368243      99.88 2.7148e+02    918.205      22038  1030.7135  1030.7113    34.4521    34.4496    7.98748         28 0.0000e+00
    649.000    641.277     0.2550  29.135140     0.2571  29.134748     4.6884     4.8860    -0.0111    96.4467 1.0000e-12  -74.23230 -112.59852  24.368256      99.88 2.7148e+02    919.351      22065  1030.7193  1030.7168    34.4533    34.4504    7.98766         28 0.0000e+00
    650.000    642.263     0.2567  29.137650     0.2588  29.137158     4.6884     4.8863    -0.0038    96.4522 1.0000e-12  -74.23230 -112.59852  24.368270      99.87 2.7148e+02    920.520      22093  1030.7244  1030.7219    34.4541    34.4511    7.98727         28 0.0000e+00
    651.000    643.251     0.2567  29.138123     0.2588  29.137883     4.6853     4.8846    -0.0087    96.4394 1.0000e-12  -74.23230 -112.59852  24.368283      99.88 2.7148e+02    921.683      22121  1030.7291  1030.7269    34.4541    34.4515    7.98726         28 0.0000e+00
    652.000    644.236     0.2567  29.138612     0.2587  29.138157     4.6860     4.8799    -0.0149    96.4719 1.0000e-12  -74.23230 -112.59852  24.368297      99.88 2.7148e+02    922.845      22149  1030.7339  1030.7315    34.4542    34.4514    7.98726         25 0.0000e+00
    653.000    645.222     0.2567  29.139049     0.2587  29.138699     4.6839     4.8753    -0.0166    96.4762 1.0000e-12  -74.23230 -112.59852  24.368310      99.87 2.7148e+02    923.999      22177  1030.7386  1030.7363    34.4542    34.4515    7.98726         28 0.0000e+00
    654.000    646.210     0.2568  29.139852     0.2589  29.139474     4.6804     4.8818    -0.0024    96.4762 1.0000e-12  -74.23230 -112.59852  24.368324      99.88 2.7148e+02    925.152      22205  1030.7435  1030.7410    34.4546    34.4517    7.98722         28 0.0000e+00
    655.000    647.197     0.2571  29.140501     0.2591  29.140126     4.6817     4.8821    -0.0093    96.4936 1.0000e-12  -74.23230 -112.59852  24.368337      99.88 2.7192e+02    926.312      22232  1030.7482  1030.7458    34.4545    34.4518    7.98716         28 0.0000e+00
    656.000    648.182     0.2572  29.141073     0.2591  29.140644     4.6855     4.8836    -0.0152    96.5099 1.0000e-12  -74.23230 -112.59852  24.368350      84.05 2.7304e+02    927.461      22260  1030.7529  1030.7505    34.4545    34.4518    7.98713         28 0.0000e+00
    657.000    649.169     0.2574  29.141806     0.2595  29.141461     4.6860     4.8827    -0.0092    96.4332 1.0000e-12  -74.23230 -112.59852  24.368363      95.49 2.7350e+02    928.602      22287  1030.7577  1030.7553    34.4547    34.4519    7.98709         27 0.0000e+00
    658.000    650.155     0.2577  29.142684     0.2598  29.142323     4.6884     4.8848    -0.0029    96.5397 1.0000e-12  -74.23230 -112.59852  24.368377      99.85 2.7494e+02    929.743      22315  1030.7625  1030.7601    34.4550    34.4521    7.98701         27 0.0000e+00
    659.000    651.143     0.2582  29.143655     0.2602  29.143286     4.6852     4.8842    -0.0093    96.5424 1.0000e-12  -74.23230 -112.59852  24.368390      99.87 2.7570e+02    930.899      22343  1030.7673  1030.7649    34.4551    34.4523    7.98690         28 0.0000e+00
    660.000    652.129     0.2590  29.145086     0.2611  29.144716     4.6809     4.8789    -0.0082    96.5664 1.0000e-12  -74.23230 -112.59852  24.368403      99.88 2.7672e+02    932.053      22370  1030.7722  1030.7698    34.4555    34.4527    7.98671         27 0.0000e+00
    661.000    653.115     0.2619  29.148965     0.2641  29.148761     4.6801     4.8737    -0.0090    96.5784 1.0000e-12  -74.23230 -112.59852  24.368417      99.88 2.7696e+02    933.203      22398  1030.7777  1030.7753    34.4568    34.4541    7.98604         28 0.0000e+00
    662.000    654.102     0.2637  29.151621     0.2658  29.151274     4.6832     4.8769    -0.0071    96.5746 1.0000e-12  -74.23230 -112.59852  24.368430      99.88 2.7864e+02    934.355      22426  1030.7829  1030.7805    34.4577    34.4549    7.98561         27 0.0000e+00
    663.000    655.088     0.2644  29.152910     0.2664  29.152453     4.6808     4.8790    -0.0011    96.5941 1.0000e-12  -74.23230 -112.59852  24.368443      99.88 2.8007e+02    935.508      22453  1030.7878  1030.7853    34.4579    34.4551    7.98545         29 0.0000e+00
    664.000    656.075     0.2648  29.153789     0.2668  29.153280     4.6839     4.8756    -0.0014    96.5984 1.0000e-12  -74.23230 -112.59852  24.368457      99.88 2.8085e+02    936.667      22481  1030.7926  1030.7901    34.4581    34.4552    7.98536         28 0.0000e+00
    665.000    657.061     0.2657  29.155338     0.2677  29.154816     4.6814     4.8729    -0.0089    96.6277 1.0000e-12  -74.23230 -112.59852  24.368470      99.88 2.8243e+02    937.817      22509  1030.7975  1030.7950    34.4585    34.4556    7.98514         27 0.0000e+00
    666.000    658.048     0.2681  29.158456     0.2703  29.158101     4.6800     4.8694    -0.0160    96.6379 1.0000e-12  -74.23230 -112.59852  24.368483      99.87 2.8375e+02    938.971      22536  1030.8027  1030.8002    34.4594    34.4565    7.98460         28 0.0000e+00
    667.000    659.034     0.2695  29.160500     0.2715  29.159960     4.6771     4.8747    -0.0114    96.6607 1.0000e-12  -74.23230 -112.59852  24.368497      75.77 2.8525e+02    940.130      22564  1030.8076  1030.8052    34.4599    34.4570    7.98428         28 0.0000e+00
    668.000    660.022     0.2719  29.163710     0.2739  29.163122     4.6761     4.8761    -0.0091    96.6463 1.0000e-12  -74.23230 -112.59852  24.368510      90.60 2.8585e+02    941.285      22592  1030.8129  1030.8103    34.4609    34.4579    7.98373         27 0.0000e+00
    669.000    661.007     0.2731  29.165428     0.2751  29.164972     4.6719     4.8763    -0.0090    96.6426 1.0000e-12  -74.23230 -112.59852  24.368524      96.87 2.8716e+02    942.435      22619  1030.8177  1030.8153    34.4611    34.4583    7.98346         28 0.0000e+00
    670.000    661.993     0.2738  29.166510     0.2758  29.166145     4.6725     4.8697    -0.0139    96.7015 1.0000e-12  -74.23230 -112.59852  24.368537      99.89 2.8846e+02    943.583      22647  1030.8225  1030.8202    34.4613    34.4586    7.98332         27 0.0000e+00
    671.000    662.980     0.2741  29.167406     0.2761  29.167036     4.6718     4.8664    -0.0034    96.7172 1.0000e-12  -74.23230 -112.59852  24.368550      99.87 2.9052e+02    944.739      22675  1030.8273  1030.8250    34.4615    34.4588    7.98324         28 0.0000e+00
    672.000    663.966     0.2749  29.168916     0.2770  29.168542     4.6754     4.8702     0.0059    96.7189 1.0000e-12  -74.23230 -112.59852  24.368564      99.88 2.9101e+02    945.898      22703  1030.8325  1030.8300    34.4621    34.4592    7.98305         28 0.0000e+00
    673.000    664.953     0.2755  29.169890     0.2776  29.169558     4.6733     4.8731    -0.0084    96.7381 1.0000e-12  -74.23230 -112.59852  24.368577      99.88 2.9188e+02    947.052      22730  1030.8371  1030.8347    34.4621    34.4593    7.98292         28 0.0000e+00
    674.000    665.940     0.2758  29.170746     0.2778  29.170326     4.6745     4.8747    -0.0093    96.7455 1.0000e-12  -74.23230 -112.59852  24.368590      99.88 2.9368e+02    948.210      22758  1030.8420  1030.8396    34.4623    34.4595    7.98285         28 0.0000e+00
    675.000    666.926     0.2761  29.171460     0.2782  29.171199     4.6786     4.8745    -0.0088    96.7501 1.0000e-12  -74.23230 -112.59852  24.368604      99.88 2.9490e+02    949.358      22786  1030.8466  1030.8443    34.4623    34.4595    7.98278         27 0.0000e+00
    676.000    667.912     0.2766  29.172526     0.2787  29.172150     4.6713     4.8750    -0.0091    96.7617 1.0000e-12  -74.23230 -112.59853  24.368617      99.87 2.9617e+02    950.505      22813  1030.8515  1030.8491    34.4626    34.4597    7.98267         27 0.0000e+00
    677.000    668.899     0.2774  29.173738     0.2796  29.173491     4.6697     4.8764    -0.0150    96.7603 1.0000e-12  -74.23230 -112.59853  24.368630      99.88 2.9794e+02    951.650      22841  1030.8562  1030.8538    34.4626    34.4598    7.98249         28 0.0000e+00
    678.000    669.885     0.2780  29.174745     0.2801  29.174459     4.6699     4.8761    -0.0091    96.7694 1.0000e-12  -74.23230 -112.59853  24.368644      74.53 2.9893e+02    952.801      22868  1030.8609  1030.8586    34.4627    34.4601    7.98236         28 0.0000e+00
    679.000    670.872     0.2779  29.175151     0.2801  29.174838     4.6714     4.8668    -0.0085    96.7922 1.0000e-12  -74.23230 -112.59853  24.368657      81.44 2.9969e+02    953.962      22896  1030.8657  1030.8633    34.4628    34.4600    7.98238         27 0.0000e+00
    680.000    671.858     0.2782  29.175884     0.2804  29.175641     4.6741     4.8656    -0.0064    96.7724 1.0000e-12  -74.23230 -112.59852  24.368670      95.35 3.0072e+02    955.126      22924  1030.8704  1030.8681    34.4628    34.4601    7.98232         29 0.0000e+00
    681.000    672.845     0.2802  29.178765     0.2822  29.178411     4.6775     4.8724    -0.0005    96.7636 1.0000e-12  -74.23230 -112.59854  24.368684      99.83 3.0196e+02    956.280      22952  1030.8758  1030.8734    34.4639    34.4611    7.98186         27 0.0000e+00
    682.000    673.831     0.2788  29.178311     0.2808  29.177916     4.6723     4.8723    -0.0074    96.7695 1.0000e-12  -74.23230 -112.59852  24.368697      99.87 3.0321e+02    957.431      22979  1030.8809  1030.8785    34.4642    34.4614    7.98212         28 0.0000e+00
    683.000    674.817     0.2784  29.178361     0.2804  29.178053     4.6723     4.8751    -0.0085    96.7702 1.0000e-12  -74.23230 -112.59854  24.368710      99.88 3.0413e+02    958.585      23007  1030.8856  1030.8833    34.4641    34.4615    7.98220         27 0.0000e+00
    684.000    675.804     0.2779  29.178549     0.2800  29.178241     4.6732     4.8755    -0.0009    96.7640 1.0000e-12  -74.23230 -112.59854  24.368724      99.88 3.0499e+02    959.739      23035  1030.8905  1030.8881    34.4643    34.4616    7.98229         28 0.0000e+00
    685.000    676.789     0.2770  29.178301     0.2791  29.177933     4.6826     4.8769    -0.0056    96.7649 1.0000e-12  -74.23230 -112.59854  24.368737      99.87 3.0510e+02    960.887      23062  1030.8953  1030.8930    34.4644    34.4617    7.98248         28 0.0000e+00
    686.000    677.777     0.2762  29.178540     0.2783  29.178246     4.6841     4.8777    -0.0039    96.7825 1.0000e-12  -74.23230 -112.59854  24.368750      99.88 3.0599e+02    962.035      23090  1030.9006  1030.8983    34.4651    34.4624    7.98261         27 0.0000e+00
    687.000    678.762     0.2743  29.177853     0.2764  29.177512     4.6788     4.8780    -0.0118    96.7951 1.0000e-12  -74.23230 -112.59854  24.368764      99.88 3.0675e+02    963.176      23117  1030.9060  1030.9036    34.4657    34.4629    7.98296         27 0.0000e+00
    688.000    679.750     0.2744  29.178513     0.2764  29.178169     4.6797     4.8765    -0.0121    96.7953 1.0000e-12  -74.23230 -112.59854  24.368777      99.87 3.0674e+02    964.320      23145  1030.9109  1030.9085    34.4660    34.4632    7.98294         28 0.0000e+00
    689.000    680.735     0.2743  29.179173     0.2764  29.178920     4.6794     4.8762    -0.0147    96.8017 1.0000e-12  -74.23230 -112.59854  24.368790      97.96 3.0674e+02    965.476      23172  1030.9158  1030.9136    34.4663    34.4637    7.98293         28 0.0000e+00
    690.000    681.722     0.2734  29.179134     0.2753  29.178800     4.6859     4.8801    -0.0160    96.8099 1.0000e-12  -74.23230 -112.59854  24.368804      73.93 3.0723e+02    966.636      23200  1030.9209  1030.9187    34.4667    34.4641    7.98310         28 0.0000e+00
    691.000    682.708     0.2724  29.178900     0.2745  29.178597     4.6824     4.8786    -0.0096    96.7998 1.0000e-12  -74.23230 -112.59854  24.368817      93.24 3.0752e+02    967.791      23228  1030.9259  1030.9236    34.4669    34.4642    7.98329         27 0.0000e+00
    692.000    683.695     0.2720  29.179083     0.2740  29.178764     4.6790     4.8727    -0.0172    96.7999 1.0000e-12  -74.23230 -112.59854  24.368830      99.90 3.0775e+02    968.943      23256  1030.9307  1030.9284    34.4670    34.4644    7.98337         28 0.0000e+00
    693.000    684.681     0.2741  29.182060     0.2763  29.181785     4.6818     4.8752    -0.0106    96.8180 1.0000e-12  -74.23230 -112.59854  24.368844      99.88 3.0818e+02    970.090      23283  1030.9359  1030.9335    34.4680    34.4652    7.98288         28 0.0000e+00
    694.000    685.667     0.2768  29.185503     0.2791  29.185329     4.6774     4.8839    -0.0104    96.8217 1.0000e-12  -74.23230 -112.59854  24.368857      99.88 3.0778e+02    971.247      23311  1030.9411  1030.9387    34.4689    34.4662    7.98227         27 0.0000e+00
    695.000    686.655     0.2780  29.187362     0.2803  29.187165     4.6793     4.8787    -0.0093    96.8349 1.0000e-12  -74.23230 -112.59854  24.368870      99.88 3.0790e+02    972.407      23339  1030.9461  1030.9436    34.4694    34.4666    7.98199         26 0.0000e+00
    696.000    687.640     0.2787  29.188525     0.2807  29.188091     4.6726     4.8770    -0.0090    96.8330 1.0000e-12  -74.23230 -112.59854  24.368884      99.88 3.0800e+02    973.562      23366  1030.9508  1030.9484    34.4696    34.4668    7.98183         28 0.0000e+00
