ocean_section_plots/required_files/ctd/dnbp2202_ctd099.cnv
* Sea-Bird SBE 9 Data File:
* FileName = D:\Data\raw\NBP2202_CTD099.hex
* Software Version Seasave V 7.26.7.121
* Temperature SN = 1649
* Conductivity SN = 2513
* Number of Bytes Per Scan = 40
* Number of Voltage Words = 5
* Number of Scans Averaged by the Deck Unit = 1
* NMEA Latitude = 74 10.51 S
* NMEA Longitude = 113 20.67 W
* NMEA UTC (Time) = Jan 27 2022  01:57:22
* NMEA baud rate = 9600
** Ship: RVIB N.B. Palmer
** Cruise: NBP2202 Thwaites
** Station: YoYo001
** Operator: A. Robinson
# nquan = 25
# nvalues = 608                         
# units = specified
# name 0 = prDM: Pressure, Digiquartz [db]
# name 1 = depSM: Depth [salt water, m]
# name 2 = t090C: Temperature [ITS-90, deg C]
# name 3 = c0mS/cm: Conductivity [mS/cm]
# name 4 = t190C: Temperature, 2 [ITS-90, deg C]
# name 5 = c1mS/cm: Conductivity, 2 [mS/cm]
# name 6 = sbeox0ML/L: Oxygen, SBE 43 [ml/l]
# name 7 = sbeox1ML/L: Oxygen, SBE 43, 2 [ml/l]
# name 8 = flECO-AFL: Fluorescence, WET Labs ECO-AFL/FL [mg/m^3]
# name 9 = CStarTr0: Beam Transmission, WET Labs C-Star [%]
# name 10 = par: PAR/Irradiance, Biospherical/Licor
# name 11 = latitude: Latitude [deg]
# name 12 = longitude: Longitude [deg]
# name 13 = timeJ: Julian Days
# name 14 = altM: Altimeter [m]
# name 15 = spar: SPAR, Biospherical/Licor
# name 16 = timeS: Time, Elapsed [seconds]
# name 17 = scan: Scan Count
# name 18 = density00: Density [density, kg/m^3]
# name 19 = density11: Density, 2 [density, kg/m^3]
# name 20 = sal00: Salinity, Practical [PSU]
# name 21 = sal11: Salinity, Practical, 2 [PSU]
# name 22 = oxsolML/L: Oxygen Saturation, Garcia & Gordon [ml/l]
# name 23 = nbin: number of scans per bin
# name 24 = flag: flag
# span 0 =     10.000,    617.000       
# span 1 =      9.896,    609.699       
# span 2 =    -1.5104,     0.0775       
# span 3 =  26.938711,  28.912769       
# span 4 =    -1.5091,     0.0793       
# span 5 =  26.178403,  28.380050       
# span 6 =     4.6876,     7.9032       
# span 7 =     4.7579,     7.9371       
# span 8 =    -0.0224,    23.3944       
# span 9 =    73.5966,    95.5919       
# span 10 = 1.0000e-12, 3.2199e+01      
# span 11 =  -74.17528,  -74.17528      
# span 12 = -113.34460, -113.34456      
# span 13 =  27.082187,  27.091685      
# span 14 =       4.92,     100.40      
# span 15 = 5.2925e+02, 1.5803e+03      
# span 16 =     58.946,    879.548      
# span 17 =       1416,      21110      
# span 18 =  1027.2343,  1030.5212      
# span 19 =  1026.2546,  1029.9591      
# span 20 =    33.7974,    34.3789      
# span 21 =    32.5920,    33.6770      
# span 22 =    8.02884,    8.40650      
# span 23 =          7,         49      
# span 24 = 0.0000e+00, 0.0000e+00      
# interval = decibars: 1                
# start_time = Jan 27 2022 01:57:22 [NMEA time, header]
# bad_flag = -9.990e-29
*END*
[from data line 348]
    358.000    353.987    -0.3705  28.294927    -0.3688  27.639805     4.8239     4.9035    -0.0116    95.2385 1.0000e-12  -74.17528 -113.34456  27.087391      96.22 9.3197e+02    508.557      12206  1029.1925  1028.4876    34.2133    33.3381    8.13300         28 0.0000e+00
    359.000    354.975    -0.3681  28.297761    -0.3664  27.643134     4.8257     4.8995    -0.0107    95.2271 1.0000e-12  -74.17528 -113.34457  27.087404      99.88 8.9642e+02    509.714      12234  1029.1977  1028.4934    34.2138    33.3394    8.13246         27 0.0000e+00
    360.000    355.966    -0.3680  28.298158    -0.3655  27.645049     4.8247     4.9048    -0.0032    95.2347 1.0000e-12  -74.17528 -113.34458  27.087417      99.87 8.6144e+02    510.866      12262  1029.2025  1028.4991    34.2136    33.3403    8.13245         28 0.0000e+00
    361.000    356.952    -0.3676  28.299004    -0.3658  27.645839     4.8279     4.9067    -0.0098    95.2161 1.0000e-12  -74.17528 -113.34458  27.087431      99.87 8.2711e+02    512.029      12290  1029.2074  1028.5047    34.2136    33.3411    8.13236         28 0.0000e+00
    362.000    357.940    -0.3649  28.302604    -0.3633  27.649346     4.8337     4.9113    -0.0077    95.2168 1.0000e-12  -74.17528 -113.34458  27.087444      99.87 7.9446e+02    513.199      12318  1029.2132  1028.5106    34.2148    33.3425    8.13172         29 0.0000e+00
    363.000    358.928    -0.3648  28.303486    -0.3631  27.650934     4.8316     4.9133    -0.0055    95.2147 1.0000e-12  -74.17528 -113.34458  27.087458      99.87 7.6319e+02    514.370      12346  1029.2184  1028.5166    34.2153    33.3438    8.13167         27 0.0000e+00
    364.000    359.917    -0.3644  28.304556    -0.3631  27.652110     4.8321     4.9073    -0.0143    95.2023 1.0000e-12  -74.17528 -113.34458  27.087471      99.87 7.3163e+02    515.531      12374  1029.2236  1028.5222    34.2157    33.3448    8.13156         28 0.0000e+00
    365.000    360.903    -0.3640  28.305477    -0.3627  27.653455     4.8347     4.9087    -0.0101    95.1878 1.0000e-12  -74.17528 -113.34458  27.087485      99.87 7.0198e+02    516.679      12401  1029.2285  1028.5276    34.2158    33.3456    8.13146         28 0.0000e+00
    366.000    361.891    -0.3649  28.305084    -0.3629  27.654326     4.8347     4.9109     0.0030    95.1993 1.0000e-12  -74.17528 -113.34458  27.087498      99.87 6.7328e+02    517.821      12429  1029.2333  1028.5332    34.2157    33.3464    8.13166         27 0.0000e+00
    367.000    362.880    -0.3650  28.305454    -0.3633  27.654978     4.8399     4.9107    -0.0029    95.1774 1.0000e-12  -74.17528 -113.34458  27.087511      99.86 6.4661e+02    518.966      12456  1029.2382  1028.5386    34.2157    33.3470    8.13168         27 0.0000e+00
    368.000    363.867    -0.3625  28.309254    -0.3599  27.659130     4.8339     4.9057    -0.0107    95.1879 1.0000e-12  -74.17528 -113.34458  27.087525      99.82 6.2202e+02    520.117      12484  1029.2442  1028.5441    34.2175    33.3483    8.13106         28 0.0000e+00
    369.000    364.856    -0.3547  28.318993    -0.3541  27.667369     4.8290     4.9067    -0.0052    95.1928 1.0000e-12  -74.17528 -113.34458  27.087538      99.35 6.0054e+02    521.261      12511  1029.2512  1028.5517    34.2210    33.3523    8.12918         27 0.0000e+00
    370.000    365.844    -0.3456  28.329557    -0.3438  27.678333     4.8176     4.9028    -0.0139    95.1796 1.0000e-12  -74.17528 -113.34458  27.087551      99.67 5.8246e+02    522.387      12538  1029.2579  1028.5579    34.2243    33.3551    8.12704         28 0.0000e+00
    371.000    366.831    -0.3412  28.334137    -0.3395  27.683849     4.8179     4.8861    -0.0123    95.1776 1.0000e-12  -74.17528 -113.34458  27.087564      99.86 5.6805e+02    523.520      12565  1029.2630  1028.5641    34.2250    33.3571    8.12608         27 0.0000e+00
    372.000    367.819    -0.3412  28.334449    -0.3397  27.684711     4.8147     4.8833    -0.0167    95.1641 1.0000e-12  -74.17528 -113.34458  27.087577      99.87 5.5777e+02    524.669      12593  1029.2676  1028.5696    34.2247    33.3579    8.12608         27 0.0000e+00
    373.000    368.808    -0.3365  28.339782    -0.3356  27.689583     4.8104     4.8923    -0.0110    95.1703 1.0000e-12  -74.17528 -113.34458  27.087591      99.87 5.5122e+02    525.823      12621  1029.2730  1028.5752    34.2260    33.3592    8.12501         28 0.0000e+00
    374.000    369.794    -0.3349  28.341945    -0.3339  27.692304     4.8069     4.8862    -0.0119    95.1637 1.0000e-12  -74.17528 -113.34458  27.087604      99.86 5.4791e+02    526.992      12649  1029.2781  1028.5809    34.2265    33.3605    8.12464         28 0.0000e+00
    375.000    370.783    -0.3302  28.347296    -0.3282  27.698480     4.8039     4.8870    -0.0103    95.1638 1.0000e-12  -74.17528 -113.34458  27.087618      99.87 5.4807e+02    528.159      12677  1029.2836  1028.5863    34.2277    33.3618    8.12356         28 0.0000e+00
    376.000    371.771    -0.3206  28.358361    -0.3188  27.709989     4.8111     4.8928    -0.0109    95.1344 1.0000e-12  -74.17528 -113.34458  27.087631      99.87 5.4951e+02    529.299      12704  1029.2904  1028.5940    34.2312    33.3663    8.12133         27 0.0000e+00
    377.000    372.757    -0.3217  28.358135    -0.3203  27.710047     4.8213     4.8953    -0.0111    95.1270 1.0000e-12  -74.17528 -113.34458  27.087644      99.86 5.5362e+02    530.441      12732  1029.2956  1028.5998    34.2315    33.3673    8.12154         28 0.0000e+00
    378.000    373.746    -0.3235  28.357169    -0.3223  27.709601     4.8287     4.9015    -0.0106    95.1142 1.0000e-12  -74.17528 -113.34458  27.087657      99.87 5.5837e+02    531.598      12759  1029.3007  1028.6057    34.2316    33.3684    8.12191         28 0.0000e+00
    379.000    374.733    -0.3245  28.357826    -0.3229  27.710490     4.8354     4.9088    -0.0079    95.1188 1.0000e-12  -74.17528 -113.34458  27.087671      96.25 5.6329e+02    532.782      12788  1029.3067  1028.6116    34.2330    33.3696    8.12205         28 0.0000e+00
    380.000    375.723    -0.3206  28.362933    -0.3190  27.715886     4.8369     4.9053    -0.0045    95.1376 1.0000e-12  -74.17528 -113.34458  27.087685      81.35 5.6904e+02    533.965      12816  1029.3126  1028.6179    34.2348    33.3719    8.12111         28 0.0000e+00
    381.000    376.710    -0.3207  28.364095    -0.3191  27.717512     4.8384     4.9199    -0.0107    95.1212 1.0000e-12  -74.17528 -113.34458  27.087698     100.07 5.7451e+02    535.131      12844  1029.3183  1028.6241    34.2359    33.3737    8.12107         28 0.0000e+00
    382.000    377.697    -0.3224  28.362875    -0.3204  27.717643     4.8238     4.9162    -0.0121    95.1483 1.0000e-12  -74.17528 -113.34458  27.087712      99.87 5.7975e+02    536.274      12872  1029.3230  1028.6298    34.2356    33.3746    8.12145         28 0.0000e+00
    383.000    378.686    -0.3215  28.364190    -0.3204  27.718099     4.8084     4.8939    -0.0147    95.1394 1.0000e-12  -74.17528 -113.34458  27.087725      99.87 5.8514e+02    537.416      12899  1029.3278  1028.6346    34.2358    33.3747    8.12125         27 0.0000e+00
    384.000    379.673    -0.3052  28.379782    -0.3054  27.731899     4.8054     4.8846    -0.0116    95.1427 1.0000e-12  -74.17528 -113.34458  27.087738      99.87 5.9094e+02    538.575      12927  1029.3328  1028.6393    34.2377    33.3761    8.11767         28 0.0000e+00
    385.000    380.661    -0.3037  28.381743    -0.3022  27.736512     4.7962     4.8825    -0.0093    95.1528 1.0000e-12  -74.17528 -113.34458  27.087752      99.86 5.9575e+02    539.736      12955  1029.3377  1028.6455    34.2380    33.3780    8.11732         28 0.0000e+00
    386.000    381.648    -0.3004  28.385574    -0.2998  27.739633     4.7902     4.8743    -0.0054    95.1702 1.0000e-12  -74.17528 -113.34458  27.087765      99.87 6.0057e+02    540.895      12982  1029.3430  1028.6509    34.2388    33.3790    8.11658         28 0.0000e+00
    387.000    382.636    -0.2919  28.394918    -0.2907  27.749538     4.7912     4.8788    -0.0066    95.1815 1.0000e-12  -74.17528 -113.34458  27.087778      99.87 6.0564e+02    542.054      13010  1029.3490  1028.6571    34.2412    33.3816    8.11464         27 0.0000e+00
    388.000    383.625    -0.2887  28.398635    -0.2872  27.754312     4.7908     4.8765    -0.0104    95.1356 1.0000e-12  -74.17528 -113.34458  27.087792      99.87 6.0950e+02    543.203      13038  1029.3541  1028.6632    34.2419    33.3835    8.11391         28 0.0000e+00
    389.000    384.613    -0.2849  28.403236    -0.2833  27.758881     4.7947     4.8695    -0.0027    95.1316 1.0000e-12  -74.17528 -113.34458  27.087805      99.87 6.1356e+02    544.357      13066  1029.3597  1028.6687    34.2432    33.3848    8.11303         28 0.0000e+00
    390.000    385.599    -0.2758  28.413782    -0.2745  27.769288     4.7971     4.8756    -0.0075    95.1172 1.0000e-12  -74.17528 -113.34458  27.087818      99.86 6.1733e+02    545.517      13093  1029.3663  1028.6757    34.2464    33.3884    8.11091         27 0.0000e+00
    391.000    386.589    -0.2756  28.414954    -0.2738  27.771764     4.7934     4.8662    -0.0188    95.1253 1.0000e-12  -74.17528 -113.34458  27.087832      84.86 6.2051e+02    546.661      13121  1029.3717  1028.6821    34.2471    33.3904    8.11082         28 0.0000e+00
    392.000    387.575    -0.2720  28.419770    -0.2699  27.776480     4.7902     4.8682    -0.0192    95.1371 1.0000e-12  -74.17528 -113.34458  27.087845      96.04 6.2404e+02    547.805      13148  1029.3777  1028.6878    34.2489    33.3918    8.10995         28 0.0000e+00
    393.000    388.564    -0.2625  28.429515    -0.2607  27.786678     4.7868     4.8683    -0.0114    95.1417 1.0000e-12  -74.17528 -113.34458  27.087858      99.84 6.2770e+02    548.974      13176  1029.3832  1028.6942    34.2507    33.3947    8.10783         28 0.0000e+00
    394.000    389.551    -0.2598  28.432751    -0.2573  27.791009     4.7834     4.8585    -0.0095    95.1445 1.0000e-12  -74.17528 -113.34458  27.087872      99.87 6.3098e+02    550.143      13204  1029.3884  1028.6999    34.2514    33.3960    8.10722         28 0.0000e+00
    395.000    390.539    -0.2490  28.444463    -0.2468  27.802190     4.7800     4.8592    -0.0033    95.1555 1.0000e-12  -74.17528 -113.34458  27.087885      99.87 6.3155e+02    551.307      13232  1029.3946  1028.7061    34.2542    33.3988    8.10476         28 0.0000e+00
    396.000    391.527    -0.2368  28.458161    -0.2351  27.815282     4.7742     4.8609    -0.0173    95.2093 1.0000e-12  -74.17528 -113.34458  27.087899      99.86 6.3275e+02    552.466      13260  1029.4016  1028.7133    34.2582    33.4029    8.10194         27 0.0000e+00
    397.000    392.513    -0.2344  28.461311    -0.2327  27.819506     4.7777     4.8551    -0.0092    95.2596 1.0000e-12  -74.17528 -113.34457  27.087912      99.87 6.3319e+02    553.607      13288  1029.4070  1028.7200    34.2590    33.4053    8.10137         28 0.0000e+00
    398.000    393.503    -0.2344  28.462881    -0.2325  27.821512     4.7757     4.8555    -0.0037    95.2822 1.0000e-12  -74.17528 -113.34457  27.087925      99.87 6.3287e+02    554.740      13315  1029.4131  1028.7263    34.2605    33.4071    8.10129         27 0.0000e+00
    399.000    394.490    -0.2269  28.471739    -0.2250  27.830263     4.7762     4.8566    -0.0106    95.3202 1.0000e-12  -74.17528 -113.34457  27.087939      99.86 6.3287e+02    555.896      13343  1029.4196  1028.7328    34.2634    33.4099    8.09955         28 0.0000e+00
    400.000    395.477    -0.2180  28.480581    -0.2164  27.839249     4.7794     4.8566    -0.0135    95.3313 1.0000e-12  -74.17528 -113.34456  27.087952      99.87 6.3287e+02    557.076      13371  1029.4246  1028.7385    34.2645    33.4118    8.09758         29 0.0000e+00
    401.000    396.466    -0.2152  28.484053    -0.2134  27.843405     4.7774     4.8565    -0.0142    95.3529 1.0000e-12  -74.17528 -113.34458  27.087966      99.86 6.3340e+02    558.251      13399  1029.4300  1028.7445    34.2654    33.4135    8.09693         28 0.0000e+00
    402.000    397.453    -0.2096  28.490693    -0.2079  27.850143     4.7737     4.8505    -0.0135    95.3805 1.0000e-12  -74.17528 -113.34456  27.087979      76.02 6.3525e+02    559.423      13427  1029.4360  1028.7507    34.2674    33.4158    8.09564         28 0.0000e+00
    403.000    398.441    -0.2074  28.493748    -0.2057  27.853870     4.7707     4.8507    -0.0147    95.3930 1.0000e-12  -74.17528 -113.34456  27.087993      90.20 6.3807e+02    560.574      13455  1029.4414  1028.7570    34.2684    33.4177    8.09512         27 0.0000e+00
    404.000    399.430    -0.2063  28.495514    -0.2046  27.855936     4.7731     4.8483    -0.0109    95.4121 1.0000e-12  -74.17528 -113.34456  27.088006      99.87 6.4006e+02    561.708      13482  1029.4466  1028.7626    34.2688    33.4187    8.09484         27 0.0000e+00
    405.000    400.415    -0.2019  28.500891    -0.2002  27.860929     4.7679     4.8442    -0.0103    95.4443 1.0000e-12  -74.17528 -113.34456  27.088019      99.87 6.4238e+02    562.855      13510  1029.4523  1028.7681    34.2705    33.4199    8.09382         28 0.0000e+00
    406.000    401.405    -0.1978  28.506189    -0.1966  27.866884     4.7674     4.8483    -0.0153    95.4617 1.0000e-12  -74.17528 -113.34456  27.088033      99.87 6.4495e+02    564.018      13537  1029.4584  1028.7753    34.2723    33.4233    8.09285         28 0.0000e+00
    407.000    402.392    -0.2048  28.500576    -0.2025  27.862767     4.7686     4.8521    -0.0123    95.4636 1.0000e-12  -74.17528 -113.34456  27.088046      99.87 6.4620e+02    565.173      13565  1029.4637  1028.7810    34.2722    33.4238    8.09435         27 0.0000e+00
    408.000    403.380    -0.2059  28.499747    -0.2037  27.862485     4.7721     4.8523    -0.0111    95.4738 1.0000e-12  -74.17528 -113.34456  27.088059      99.87 6.4730e+02    566.319      13593  1029.4682  1028.7862    34.2717    33.4240    8.09461         28 0.0000e+00
    409.000    404.367    -0.2086  28.498207    -0.2074  27.860560     4.7779     4.8501    -0.0037    95.4646 1.0000e-12  -74.17528 -113.34456  27.088072      99.86 6.4893e+02    567.451      13620  1029.4735  1028.7920    34.2721    33.4250    8.09516         27 0.0000e+00
    410.000    405.355    -0.2054  28.502865    -0.2034  27.865415     4.7841     4.8461    -0.0088    95.4295 1.0000e-12  -74.17528 -113.34456  27.088085      99.87 6.4939e+02    568.577      13647  1029.4796  1028.7976    34.2741    33.4264    8.09437         27 0.0000e+00
    411.000    406.342    -0.2027  28.505945    -0.2009  27.868946     4.7780     4.8471    -0.0111    95.4232 1.0000e-12  -74.17528 -113.34456  27.088099      99.87 6.5081e+02    569.725      13674  1029.4845  1028.8033    34.2745    33.4278    8.09376         28 0.0000e+00
    412.000    407.330    -0.2027  28.506470    -0.2009  27.869843     4.7881     4.8605    -0.0108    95.3846 1.0000e-12  -74.17528 -113.34456  27.088112      99.86 6.5302e+02    570.895      13702  1029.4894  1028.8087    34.2746    33.4285    8.09376         28 0.0000e+00
    413.000    408.319    -0.2033  28.506465    -0.2021  27.870069     4.7879     4.8596    -0.0095    95.3578 1.0000e-12  -74.17528 -113.34456  27.088126      96.56 6.5460e+02    572.068      13731  1029.4942  1028.8143    34.2747    33.4294    8.09388         28 0.0000e+00
    414.000    409.305    -0.2083  28.503044    -0.2059  27.868211     4.7868     4.8656    -0.0035    95.3442 1.0000e-12  -74.17528 -113.34456  27.088139      87.52 6.5807e+02    573.228      13758  1029.4998  1028.8203    34.2752    33.4306    8.09492         27 0.0000e+00
