ocean_section_plots/required_files/ctd/dnbp2202_ctd203.cnv
* Sea-Bird SBE 9 Data File:
* FileName = D:\Data\raw\NBP2202_CTD203.hex
* Software Version Seasave V 7.26.7.121
* Temperature SN = 1649
* Conductivity SN = 2513
* Number of Bytes Per Scan = 40
* Number of Voltage Words = 5
* Number of Scans Averaged by the Deck Unit = 1
* NMEA Latitude = 73 59.82 S
* NMEA Longitude = 113 45.35 W
* NMEA UTC (Time) = Feb 09 2022  12:06:35
* NMEA baud rate = 9600
** Ship: RVIB N.B. Palmer
** Cruise: NBP2202 Thwaites
** Station: 122
** Operator: B. Bjork
# nquan = 28
# nvalues = 755                         
# units = specified
# name 0 = prDM: Pressure, Digiquartz [db]
# name 1 = depSM: Depth [salt water, m]
# name 2 = t090C: Temperature [ITS-90, deg C]
# name 3 = c0mS/cm: Conductivity [mS/cm]
# name 4 = t190C: Temperature, 2 [ITS-90, deg C]
# name 5 = c1mS/cm: Conductivity, 2 [mS/cm]
# name 6 = sbeox0ML/L: Oxygen, SBE 43 [ml/l]
# name 7 = sbeox1ML/L: Oxygen, SBE 43, 2 [ml/l]
# name 8 = flECO-AFL: Fluorescence, WET Labs ECO-AFL/FL [mg/m^3]
# name 9 = CStarTr0: Beam Transmission, WET Labs C-Star [%]
# name 10 = par: PAR/Irradiance, Biospherical/Licor
# name 11 = latitude: Latitude [deg]
# name 12 = longitude: Longitude [deg]
# name 13 = timeJ: Julian Days
# name 14 = altM: Altimeter [m]
# name 15 = spar: SPAR, Biospherical/Licor
# name 16 = timeS: Time, Elapsed [seconds]
# name 17 = scan: Scan Count
# name 18 = density00: Density [density, kg/m^3]
# name 19 = density11: Density, 2 [density, kg/m^3]
# name 20 = v3: Voltage 3
# name 21 = v4: Voltage 4
# name 22 = v5: Voltage 5
# name 23 = sal00: Salinity, Practical [PSU]
# name 24 = sal11: Salinity, Practical, 2 [PSU]
# name 25 = oxsolML/L: Oxygen Saturation, Garcia & Gordon [ml/l]
# name 26 = nbin: number of scans per bin
# name 27 = flag: flag
# span 0 =      2.000,    756.000       
# span 1 =      1.983,    746.832       
# span 2 =    -1.3977,    -0.1852       
# span 3 =  27.131820,  28.678153       
# span 4 =    -1.3976,    -0.1831       
# span 5 =  27.131773,  28.678191       
# span 6 =     4.8403,     8.6662       
# span 7 =     4.9951,     8.9946       
# span 8 =     0.0009,    21.1571       
# span 9 =    75.9076,    98.1803       
# span 10 = -9.603e-06, 3.0186e+01      
# span 11 =  -73.99704,  -73.99702      
# span 12 = -113.75588, -113.75583      
# span 13 =  40.508111,  40.519277      
# span 14 =       2.45,     100.26      
# span 15 = 7.7564e+01, 1.2252e+02      
# span 16 =    305.778,   1270.532      
# span 17 =       7340,      30494      
# span 18 =  1027.1786,  1031.1268      
# span 19 =  1027.1802,  1031.1251      
# span 20 =     3.6029,     4.6575      
# span 21 =     0.0674,     3.5642      
# span 22 =     0.1207,     0.2465      
# span 23 =    33.7871,    34.2940      
# span 24 =    33.7888,    34.2923      
# span 25 =    8.08896,    8.37530      
# span 26 =         13,         47      
# span 27 = 0.0000e+00, 0.0000e+00      
# interval = decibars: 1                
# start_time = Feb 09 2022 12:06:35 [NMEA time, header]
# bad_flag = -9.990e-29
*END*
[from data line 622]
    624.000    616.619    -0.2022  28.613892    -0.2003  28.614423     4.8612     5.0242     0.0610    97.9741 1.0000e-12  -73.99702 -113.75586  40.516167      89.03 1.1131e+02   1001.862      24046  1030.5040  1030.5027     4.6478     0.0716     0.1343    34.2915    34.2900    8.09270         24 0.0000e+00
    625.000    617.606    -0.2041  28.612764    -0.2020  28.613219     4.8603     5.0251     0.0305    97.9679 1.0000e-12  -73.99702 -113.75586  40.516179      75.92 1.1425e+02   1002.841      24069  1030.5089  1030.5074     4.6474     0.0708     0.1335    34.2915    34.2898    8.09309         24 0.0000e+00
    626.000    618.591    -0.2037  28.613487    -0.2022  28.613510     4.8579     5.0240     0.0233    97.9293 1.0000e-12  -73.99702 -113.75586  40.516190      89.12 1.0875e+02   1003.823      24093  1030.5136  1030.5122     4.6456     0.0718     0.1351    34.2915    34.2898    8.09302         23 0.0000e+00
    627.000    619.578    -0.2039  28.613843    -0.2026  28.613658     4.8584     5.0262     0.0304    97.9452 1.0000e-12  -73.99702 -113.75586  40.516201      97.84 1.1083e+02   1004.808      24116  1030.5184  1030.5169     4.6462     0.0732     0.1363    34.2915    34.2898    8.09305         24 0.0000e+00
    628.000    620.566    -0.2034  28.614727    -0.2017  28.614876     4.8592     5.0239     0.0722    97.7063 1.0000e-12  -73.99702 -113.75586  40.516213      99.84 1.1099e+02   1005.791      24140  1030.5231  1030.5216     4.6352     0.0728     0.1323    34.2916    34.2899    8.09295         23 0.0000e+00
    629.000    621.551    -0.2035  28.615089    -0.2020  28.615024     4.8579     5.0196     0.0781    97.9124 1.0000e-12  -73.99702 -113.75586  40.516224      99.84 1.0996e+02   1006.773      24164  1030.5278  1030.5263     4.6448     0.0727     0.1363    34.2916    34.2898    8.09297         24 0.0000e+00
    630.000    622.538    -0.2040  28.615109    -0.2021  28.615205     4.8545     5.0145     0.0263    97.9236 1.0000e-12  -73.99702 -113.75586  40.516236      99.84 1.1119e+02   1007.756      24187  1030.5325  1030.5309     4.6453     0.0735     0.1333    34.2915    34.2897    8.09306         24 0.0000e+00
    631.000    623.526    -0.2040  28.615484    -0.2023  28.615593     4.8534     5.0218     0.0348    97.9354 1.0000e-12  -73.99703 -113.75586  40.516247      99.84 1.1197e+02   1008.735      24211  1030.5372  1030.5357     4.6459     0.0742     0.1361    34.2915    34.2898    8.09307         23 0.0000e+00
    632.000    624.512    -0.2038  28.616182    -0.2021  28.616281     4.8609     5.0194     0.0287    97.9027 1.0000e-12  -73.99704 -113.75586  40.516258      99.84 1.1137e+02   1009.717      24234  1030.5420  1030.5405     4.6443     0.0771     0.1317    34.2916    34.2899    8.09302         24 0.0000e+00
    633.000    625.497    -0.2028  28.617573    -0.2011  28.617648     4.8592     5.0206     0.0216    97.9120 1.0000e-12  -73.99704 -113.75586  40.516270      99.84 1.1168e+02   1010.706      24258  1030.5468  1030.5452     4.6448     0.0723     0.1360    34.2918    34.2900    8.09281         23 0.0000e+00
    634.000    626.485    -0.2030  28.617825    -0.2012  28.618073     4.8605     5.0176     0.0281    97.9338 1.0000e-12  -73.99704 -113.75586  40.516281      99.84 1.1172e+02   1011.705      24282  1030.5515  1030.5500     4.6458     0.0727     0.1363    34.2918    34.2901    8.09285         24 0.0000e+00
    635.000    627.473    -0.2038  28.617533    -0.2022  28.617604     4.8592     5.0112     0.0170    97.9048 1.0000e-12  -73.99704 -113.75586  40.516293      99.84 1.1226e+02   1012.705      24306  1030.5562  1030.5548     4.6444     0.0742     0.1394    34.2916    34.2900    8.09302         25 0.0000e+00
    636.000    628.458    -0.2045  28.617437    -0.2029  28.617395     4.8616     5.0192     0.0308    97.8939 1.0000e-12  -73.99704 -113.75586  40.516305      99.84 1.1057e+02   1013.714      24330  1030.5610  1030.5595     4.6439     0.0755     0.1366    34.2917    34.2899    8.09316         24 0.0000e+00
    637.000    629.445    -0.2046  28.617816    -0.2031  28.617717     4.8618     5.0210     0.0361    97.9393 1.0000e-12  -73.99704 -113.75586  40.516316      99.84 1.1171e+02   1014.717      24354  1030.5658  1030.5642     4.6461     0.0743     0.1326    34.2918    34.2900    8.09319         24 0.0000e+00
    638.000    630.431    -0.2046  28.618231    -0.2027  28.618519     4.8645     5.0195     0.0320    97.9111 1.0000e-12  -73.99704 -113.75586  40.516328      72.49 1.1216e+02   1015.720      24378  1030.5705  1030.5690     4.6448     0.0719     0.1339    34.2918    34.2900    8.09320         24 0.0000e+00
    639.000    631.418    -0.2044  28.618853    -0.2026  28.619147     4.8603     5.0221     0.0257    97.9233 1.0000e-12  -73.99704 -113.75586  40.516339      88.10 1.1137e+02   1016.712      24402  1030.5752  1030.5738     4.6453     0.0720     0.1310    34.2918    34.2901    8.09315         23 0.0000e+00
    640.000    632.405    -0.2043  28.619299    -0.2028  28.619494     4.8574     5.0191     0.0216    97.9260 1.0000e-12  -73.99704 -113.75586  40.516351      99.40 1.1202e+02   1017.697      24426  1030.5798  1030.5785     4.6454     0.0744     0.1377    34.2916    34.2902    8.09313         24 0.0000e+00
    641.000    633.392    -0.2041  28.620119    -0.2015  28.621079     4.8569     5.0195     0.0229    97.9323 1.0000e-12  -73.99704 -113.75586  40.516362      99.84 1.1384e+02   1018.676      24449  1030.5847  1030.5832     4.6458     0.0757     0.1391    34.2919    34.2903    8.09307         23 0.0000e+00
    642.000    634.378    -0.2022  28.622454    -0.2005  28.622358     4.8584     5.0207     0.0287    97.9498 1.0000e-12  -73.99704 -113.75586  40.516373      99.84 1.1065e+02   1019.661      24473  1030.5895  1030.5879     4.6466     0.0721     0.1331    34.2923    34.2903    8.09264         24 0.0000e+00
    643.000    635.364    -0.2019  28.623186    -0.2002  28.623218     4.8596     5.0137     0.0289    97.8764 1.0000e-12  -73.99704 -113.75586  40.516385      99.84 1.1187e+02   1020.648      24497  1030.5942  1030.5927     4.6431     0.0714     0.1373    34.2923    34.2905    8.09258         24 0.0000e+00
    644.000    636.352    -0.2034  28.622020    -0.2007  28.623162     4.8591     5.0124     0.0145    97.9041 1.0000e-12  -73.99704 -113.75586  40.516396      99.84 1.1405e+02   1021.633      24520  1030.5988  1030.5973     4.6444     0.0738     0.1360    34.2919    34.2904    8.09293         24 0.0000e+00
    645.000    637.338    -0.2012  28.624609    -0.1992  28.625049     4.8599     5.0176     0.0143    97.9232 1.0000e-12  -73.99704 -113.75586  40.516408      99.84 1.1107e+02   1022.621      24544  1030.6036  1030.6021     4.6453     0.0739     0.1336    34.2923    34.2906    8.09244         23 0.0000e+00
    646.000    638.325    -0.2007  28.625698    -0.1989  28.625767     4.8610     5.0165     0.0143    97.9109 1.0000e-12  -73.99704 -113.75586  40.516419      99.84 1.1143e+02   1023.606      24568  1030.6086  1030.6068     4.6448     0.0770     0.1365    34.2926    34.2906    8.09232         24 0.0000e+00
    647.000    639.311    -0.2001  28.626305    -0.1993  28.625837     4.8584     5.0103     0.0094    97.9381 1.0000e-12  -73.99704 -113.75586  40.516430      99.84 1.1469e+02   1024.592      24591  1030.6128  1030.6116     4.6460     0.0777     0.1350    34.2921    34.2906    8.09221         23 0.0000e+00
    648.000    640.297    -0.2004  28.626859    -0.1984  28.627131     4.8576     5.0094     0.0269    97.9063 1.0000e-12  -73.99704 -113.75586  40.516442      99.84 1.1147e+02   1025.572      24615  1030.6179  1030.6163     4.6445     0.0770     0.1385    34.2926    34.2908    8.09225         24 0.0000e+00
    649.000    641.284    -0.1993  28.628017    -0.1968  28.629029     4.8543     5.0143     0.0409    97.8969 1.0000e-12  -73.99704 -113.75586  40.516453      99.84 1.1150e+02   1026.567      24639  1030.6224  1030.6209     4.6441     0.0730     0.1349    34.2923    34.2909    8.09203         24 0.0000e+00
    650.000    642.271    -0.1996  28.628225    -0.1978  28.628452     4.8562     5.0158     0.0285    97.9207 1.0000e-12  -73.99704 -113.75586  40.516465      99.84 1.1343e+02   1027.570      24663  1030.6271  1030.6256     4.6452     0.0743     0.1362    34.2924    34.2906    8.09210         24 0.0000e+00
    651.000    643.257    -0.1990  28.629152    -0.1964  28.630225     4.8556     5.0149     0.0184    97.9119 1.0000e-12  -73.99704 -113.75586  40.516477      99.84 1.1191e+02   1028.582      24687  1030.6317  1030.6304     4.6448     0.0739     0.1383    34.2924    34.2909    8.09197         25 0.0000e+00
    652.000    644.243    -0.2003  28.628205    -0.1993  28.627804     4.8604     5.0083     0.0273    97.8972 1.0000e-12  -73.99704 -113.75586  40.516488      77.19 1.1165e+02   1029.590      24711  1030.6363  1030.6349     4.6441     0.0711     0.1346    34.2920    34.2904    8.09227         24 0.0000e+00
    653.000    645.231    -0.2014  28.627996    -0.2000  28.627659     4.8574     5.0075     0.0216    97.9178 1.0000e-12  -73.99704 -113.75586  40.516500      93.97 1.1252e+02   1030.588      24735  1030.6414  1030.6397     4.6451     0.0742     0.1389    34.2923    34.2904    8.09248         23 0.0000e+00
    654.000    646.217    -0.2007  28.629008    -0.1988  28.629227     4.8583     5.0113     0.0219    97.8953 1.0000e-12  -73.99704 -113.75586  40.516511      99.88 1.1112e+02   1031.589      24759  1030.6460  1030.6444     4.6440     0.0752     0.1397    34.2923    34.2905    8.09233         25 0.0000e+00
    655.000    647.203    -0.2001  28.629890    -0.1984  28.630121     4.8579     5.0129     0.0440    97.9118 1.0000e-12  -73.99704 -113.75586  40.516523      99.84 1.1099e+02   1032.596      24783  1030.6506  1030.6492     4.6448     0.0730     0.1375    34.2922    34.2906    8.09221         24 0.0000e+00
    656.000    648.190    -0.2005  28.629946    -0.1986  28.630320     4.8566     5.0126     0.0173    97.9056 1.0000e-12  -73.99704 -113.75586  40.516535      99.46 1.1288e+02   1033.595      24807  1030.6553  1030.6539     4.6445     0.0734     0.1371    34.2921    34.2906    8.09229         24 0.0000e+00
    657.000    649.176    -0.2008  28.630201    -0.1998  28.629840     4.8559     5.0095     0.0201    97.9184 1.0000e-12  -73.99704 -113.75586  40.516546      98.85 1.1275e+02   1034.603      24831  1030.6601  1030.6587     4.6451     0.0741     0.1388    34.2923    34.2906    8.09236         24 0.0000e+00
    658.000    650.164    -0.1984  28.632934    -0.1963  28.633324     4.8543     5.0077     0.0216    97.9312 1.0000e-12  -73.99704 -113.75586  40.516558      98.99 1.1326e+02   1035.600      24855  1030.6648  1030.6633     4.6457     0.0745     0.1347    34.2926    34.2908    8.09182         24 0.0000e+00
    659.000    651.150    -0.1967  28.634863    -0.1947  28.635300     4.8548     5.0104     0.0168    97.8942 1.0000e-12  -73.99704 -113.75586  40.516569      98.49 1.1305e+02   1036.592      24879  1030.6694  1030.6680     4.6439     0.0738     0.1385    34.2926    34.2910    8.09145         24 0.0000e+00
    660.000    652.136    -0.1984  28.633656    -0.1964  28.633974     4.8567     5.0184     0.0307    97.9193 1.0000e-12  -73.99704 -113.75586  40.516581      97.81 1.1217e+02   1037.596      24903  1030.6741  1030.6726     4.6451     0.0772     0.1351    34.2923    34.2906    8.09183         24 0.0000e+00
    661.000    653.122    -0.1990  28.633499    -0.1992  28.631959     4.8534     5.0133     0.0311    97.9098 1.0000e-12  -73.99704 -113.75586  40.516593      98.16 1.1209e+02   1038.605      24928  1030.6788  1030.6774     4.6447     0.0731     0.1364    34.2922    34.2905    8.09197         24 0.0000e+00
    662.000    654.109    -0.2000  28.633159    -0.1975  28.633902     4.8479     5.0042     0.0144    97.8976 1.0000e-12  -73.99704 -113.75586  40.516604      97.60 1.1219e+02   1039.617      24952  1030.6837  1030.6821     4.6441     0.1150     0.1365    34.2923    34.2906    8.09218         25 0.0000e+00
    663.000    655.095    -0.1944  28.638738    -0.1930  28.638686     4.8474     5.0062     0.0162    97.9054 1.0000e-12  -73.99704 -113.75586  40.516616      94.71 1.1298e+02   1040.626      24976  1030.6883  1030.6869     4.6445     0.0736     0.1351    34.2928    34.2912    8.09095         23 0.0000e+00
    664.000    656.082    -0.1913  28.642303    -0.1917  28.640285     4.8471     5.0081     0.0228    97.9088 1.0000e-12  -73.99704 -113.75586  40.516628      94.27 1.1332e+02   1041.633      25000  1030.6932  1030.6915     4.6446     0.0742     0.1378    34.2935    34.2913    8.09026         25 0.0000e+00
    665.000    657.071    -0.1895  28.643922    -0.1864  28.645546     4.8502     5.0101     0.0294    97.9130 1.0000e-12  -73.99704 -113.75586  40.516639      93.55 1.1268e+02   1042.637      25024  1030.6974  1030.6961     4.6448     0.0745     0.1337    34.2931    34.2918    8.08991         24 0.0000e+00
    666.000    658.054    -0.1961  28.638270    -0.1949  28.638287     4.8459     4.9999     0.0368    97.8905 1.0000e-12  -73.99704 -113.75586  40.516651      94.07 1.1326e+02   1043.645      25048  1030.7023  1030.7012     4.6438     0.0745     0.1371    34.2925    34.2912    8.09135         24 0.0000e+00
    667.000    659.043    -0.1907  28.643980    -0.1910  28.642255     4.8404     4.9997     0.0609    97.8959 1.0000e-12  -73.99704 -113.75586  40.516663      92.16 1.1252e+02   1044.656      25073  1030.7072  1030.7057     4.6440     0.0758     0.1356    34.2934    34.2914    8.09015         24 0.0000e+00
    668.000    660.026    -0.1864  28.648452    -0.1849  28.648365     4.8447     4.9951     0.0245    97.9013 1.0000e-12  -73.99703 -113.75586  40.516674      91.32 1.1268e+02   1045.657      25097  1030.7120  1030.7105     4.6443     0.0824     0.1447    34.2939    34.2922    8.08920         24 0.0000e+00
    669.000    661.015    -0.1865  28.648659    -0.1846  28.649019     4.8457     4.9958     0.0216    97.7980 1.0000e-12  -73.99702 -113.75586  40.516686      90.10 1.1459e+02   1046.648      25121  1030.7166  1030.7151     4.6394     0.0799     0.1370    34.2937    34.2921    8.08924         24 0.0000e+00
    670.000    662.001    -0.1877  28.648124    -0.1863  28.647971     4.8403     5.0015     0.0162    97.8514 1.0000e-12  -73.99702 -113.75586  40.516697      90.17 1.1371e+02   1047.637      25144  1030.7214  1030.7200     4.6419     0.0719     0.1367    34.2937    34.2920    8.08948         24 0.0000e+00
    671.000    662.987    -0.1878  28.648322    -0.1861  28.648617     4.8448     5.0038     0.0383    97.9047 1.0000e-12  -73.99702 -113.75586  40.516709      89.23 1.1248e+02   1048.630      25168  1030.7260  1030.7247     4.6444     0.0738     0.1372    34.2935    34.2920    8.08952         24 0.0000e+00
    672.000    663.975    -0.1890  28.647809    -0.1868  28.648499     4.8444     5.0035     0.0440    97.8652 1.0000e-12  -73.99702 -113.75586  40.516721      87.07 1.1462e+02   1049.651      25193  1030.7309  1030.7295     4.6426     0.0728     0.1391    34.2936    34.2921    8.08977         25 0.0000e+00
    673.000    664.960    -0.1867  28.650368    -0.1841  28.651273     4.8418     4.9978     0.0284    97.8427 1.0000e-12  -73.99702 -113.75586  40.516733      85.91 1.1377e+02   1050.770      25219  1030.7356  1030.7341     4.6415     0.0725     0.1376    34.2939    34.2922    8.08928         28 0.0000e+00
    674.000    665.946    -0.1852  28.652057    -0.1831  28.652597     4.8465     5.0014     0.0213    97.8574 1.0000e-12  -73.99702 -113.75586  40.516747      84.90 1.1321e+02   1051.922      25247  1030.7402  1030.7387     4.6422     0.0726     0.1388    34.2939    34.2922    8.08896         27 0.0000e+00
