ocean_section_plots/required_files/ctd/dnbp2202_ctd053.cnv
* Sea-Bird SBE 9 Data File:
* FileName = D:\Data\raw\NBP2202_CTD053.hex
* Software Version Seasave V 7.26.7.121
* Temperature SN = 1649
* Conductivity SN = 2513
* Number of Bytes Per Scan = 40
* Number of Voltage Words = 5
* Number of Scans Averaged by the Deck Unit = 1
* NMEA Latitude = 74 13.93 S
* NMEA Longitude = 112 35.91 W
* NMEA UTC (Time) = Jan 24 2022  08:34:58
* NMEA baud rate = 9600
** Ship: RVIB N.B. Palmer
** Cruise: NBP2202 Thwaites
** Station: Section Dotson C
** Operator: B Bjork
# nquan = 25
# nvalues = 1044                        
# units = specified
# name 0 = prDM: Pressure, Digiquartz [db]
# name 1 = depSM: Depth [salt water, m]
# name 2 = t090C: Temperature [ITS-90, deg C]
# name 3 = c0mS/cm: Conductivity [mS/cm]
# name 4 = t190C: Temperature, 2 [ITS-90, deg C]
# name 5 = c1mS/cm: Conductivity, 2 [mS/cm]
# name 6 = sbeox0ML/L: Oxygen, SBE 43 [ml/l]
# name 7 = sbeox1ML/L: Oxygen, SBE 43, 2 [ml/l]
# name 8 = flECO-AFL: Fluorescence, WET Labs ECO-AFL/FL [mg/m^3]
# name 9 = CStarTr0: Beam Transmission, WET Labs C-Star [%]
# name 10 = par: PAR/Irradiance, Biospherical/Licor
# name 11 = latitude: Latitude [deg]
# name 12 = longitude: Longitude [deg]
# name 13 = timeJ: Julian Days
# name 14 = altM: Altimeter [m]
# name 15 = spar: SPAR, Biospherical/Licor
# name 16 = timeS: Time, Elapsed [seconds]
# name 17 = scan: Scan Count
# name 18 = density00: Density [density, kg/m^3]
# name 19 = density11: Density, 2 [density, kg/m^3]
# name 20 = sal00: Salinity, Practical [PSU]
# name 21 = sal11: Salinity, Practical, 2 [PSU]
# name 22 = oxsolML/L: Oxygen Saturation, Garcia & Gordon [ml/l]
# name 23 = nbin: number of scans per bin
# name 24 = flag: flag
# span 0 =      2.000,   1045.000       
# span 1 =      1.979,   1031.587       
# span 2 =    -1.4956,     0.4996       
# span 3 =  27.083551,  29.589822       
# span 4 =    -1.4952,     0.5017       
# span 5 =  27.083104,  29.589605       
# span 6 =     4.5862,     8.5896       
# span 7 =     4.7715,     8.8550       
# span 8 =    -0.0182,    27.6382       
# span 9 =    69.3404,    96.8864       
# span 10 = -5.056e-05, 4.9544e+01      
# span 11 =  -74.23232,  -74.23230      
# span 12 = -112.59856, -112.59852      
# span 13 =  24.358728,  24.374479      
# span 14 =       4.27,     100.71      
# span 15 = 2.3530e+02, 3.4200e+02      
# span 16 =     96.114,   1457.026      
# span 17 =       2308,      34970      
# span 18 =  1027.1767,  1032.6250      
# span 19 =  1027.1773,  1032.6227      
# span 20 =    33.7689,    34.5491      
# span 21 =    33.7726,    34.5465      
# span 22 =    7.93188,    8.39541      
# span 23 =         18,         68      
# span 24 = 0.0000e+00, 0.0000e+00      
# interval = decibars: 1                
# start_time = Jan 24 2022 08:34:58 [NMEA time, header]
# bad_flag = -9.990e-29
*END*
[from data line 812]
    814.000    803.995     0.3877  29.361084     0.3897  29.360758     4.6346     4.8313    -0.0088    96.7044 1.0000e-12  -74.23230 -112.59854  24.370454      84.82 2.8559e+02   1109.257      26623  1031.5237  1031.5215    34.5060    34.5033    7.95729         27 0.0000e+00
    815.000    804.982     0.3881  29.362120     0.3902  29.361936     4.6377     4.8325    -0.0158    96.7014 1.0000e-12  -74.23230 -112.59856  24.370468      78.91 2.8445e+02   1110.400      26651  1031.5286  1031.5264    34.5062    34.5037    7.95718         28 0.0000e+00
    816.000    805.967     0.3884  29.362896     0.3905  29.362666     4.6385     4.8331    -0.0161    96.7133 1.0000e-12  -74.23230 -112.59855  24.370481      98.71 2.8377e+02   1111.547      26678  1031.5334  1031.5310    34.5064    34.5037    7.95712         28 0.0000e+00
    817.000    806.953     0.3885  29.363479     0.3906  29.363136     4.6349     4.8296    -0.0140    96.7080 1.0000e-12  -74.23230 -112.59855  24.370494      99.85 2.8234e+02   1112.707      26706  1031.5381  1031.5356    34.5065    34.5037    7.95709         28 0.0000e+00
    818.000    807.939     0.3889  29.364492     0.3911  29.364201     4.6364     4.8228    -0.0061    96.7054 1.0000e-12  -74.23230 -112.59855  24.370508      99.87 2.8206e+02   1113.868      26734  1031.5429  1031.5405    34.5067    34.5039    7.95699         27 0.0000e+00
    819.000    808.924     0.3898  29.365830     0.3918  29.365530     4.6370     4.8243    -0.0033    96.7280 1.0000e-12  -74.23230 -112.59855  24.370521      99.87 2.8100e+02   1115.013      26761  1031.5477  1031.5454    34.5069    34.5043    7.95680         28 0.0000e+00
    820.000    809.910     0.3900  29.366620     0.3922  29.366321     4.6372     4.8277    -0.0079    96.7111 1.0000e-12  -74.23230 -112.59856  24.370534      99.87 2.8050e+02   1116.161      26789  1031.5525  1031.5501    34.5071    34.5044    7.95674         27 0.0000e+00
    821.000    810.895     0.3905  29.367754     0.3927  29.367411     4.6391     4.8325    -0.0111    96.7180 1.0000e-12  -74.23230 -112.59854  24.370548      99.87 2.8030e+02   1117.314      26817  1031.5575  1031.5550    34.5075    34.5046    7.95662         28 0.0000e+00
    822.000    811.882     0.3910  29.368804     0.3932  29.368593     4.6345     4.8281    -0.0088    96.7264 1.0000e-12  -74.23230 -112.59855  24.370561      99.86 2.8030e+02   1118.464      26844  1031.5622  1031.5599    34.5077    34.5051    7.95650         26 0.0000e+00
    823.000    812.867     0.3923  29.370810     0.3944  29.370389     4.6336     4.8297    -0.0048    96.7396 1.0000e-12  -74.23230 -112.59855  24.370574      99.88 2.8030e+02   1119.614      26872  1031.5673  1031.5648    34.5083    34.5054    7.95620         27 0.0000e+00
    824.000    813.854     0.3928  29.371592     0.3949  29.371434     4.6323     4.8301    -0.0039    96.7244 1.0000e-12  -74.23230 -112.59855  24.370587      99.87 2.8059e+02   1120.754      26899  1031.5718  1031.5696    34.5082    34.5057    7.95610         27 0.0000e+00
    825.000    814.836     0.3931  29.372531     0.3953  29.372394     4.6368     4.8306    -0.0053    96.7181 1.0000e-12  -74.23230 -112.59855  24.370601      99.87 2.8099e+02   1121.890      26926  1031.5767  1031.5745    34.5085    34.5059    7.95602         28 0.0000e+00
    826.000    815.827     0.3937  29.373635     0.3957  29.373210     4.6374     4.8251    -0.0130    96.7319 1.0000e-12  -74.23230 -112.59855  24.370614      78.10 2.8134e+02   1123.027      26954  1031.5816  1031.5792    34.5088    34.5060    7.95590         27 0.0000e+00
    827.000    816.810     0.3942  29.374772     0.3963  29.374472     4.6402     4.8303    -0.0104    96.7244 1.0000e-12  -74.23230 -112.59854  24.370627      92.87 2.8206e+02   1124.170      26981  1031.5864  1031.5841    34.5091    34.5064    7.95576         27 0.0000e+00
    828.000    817.795     0.3955  29.376859     0.3975  29.376510     4.6356     4.8369    -0.0085    96.7494 1.0000e-12  -74.23230 -112.59854  24.370640      99.90 2.8244e+02   1125.319      27009  1031.5915  1031.5892    34.5098    34.5071    7.95546         28 0.0000e+00
    829.000    818.781     0.3966  29.378684     0.3986  29.378374     4.6357     4.8295     0.0034    96.7175 1.0000e-12  -74.23230 -112.59854  24.370654      99.86 2.8318e+02   1126.465      27036  1031.5966  1031.5943    34.5105    34.5077    7.95521         28 0.0000e+00
    830.000    819.769     0.3969  29.379418     0.3989  29.379148     4.6343     4.8247    -0.0116    96.7291 1.0000e-12  -74.23230 -112.59854  24.370667      99.87 2.8381e+02   1127.616      27064  1031.6013  1031.5991    34.5105    34.5079    7.95514         27 0.0000e+00
    831.000    820.753     0.3972  29.380479     0.3995  29.380279     4.6347     4.8289    -0.0025    96.7382 1.0000e-12  -74.23230 -112.59854  24.370680      99.87 2.8395e+02   1128.764      27091  1031.6063  1031.6039    34.5109    34.5081    7.95505         28 0.0000e+00
    832.000    821.739     0.3982  29.381992     0.4004  29.381860     4.6355     4.8314    -0.0071    96.7193 1.0000e-12  -74.23230 -112.59854  24.370693      99.87 2.8488e+02   1129.916      27119  1031.6112  1031.6089    34.5113    34.5087    7.95483         28 0.0000e+00
    833.000    822.725     0.3984  29.382823     0.4007  29.382652     4.6357     4.8287    -0.0087    96.7469 1.0000e-12  -74.23230 -112.59854  24.370707      99.87 2.8558e+02   1131.082      27147  1031.6160  1031.6137    34.5115    34.5088    7.95476         28 0.0000e+00
    834.000    823.710     0.3988  29.383572     0.4008  29.383242     4.6355     4.8189    -0.0149    96.7417 1.0000e-12  -74.23230 -112.59854  24.370720      99.87 2.8559e+02   1132.237      27175  1031.6207  1031.6184    34.5115    34.5089    7.95469         27 0.0000e+00
    835.000    824.696     0.3987  29.383778     0.4007  29.383560     4.6375     4.8273    -0.0091    96.7247 1.0000e-12  -74.23230 -112.59854  24.370734      99.87 2.8733e+02   1133.381      27202  1031.6252  1031.6230    34.5113    34.5088    7.95472         28 0.0000e+00
    836.000    825.682     0.3990  29.384636     0.4013  29.384789     4.6349     4.8259    -0.0128    96.7319 1.0000e-12  -74.23230 -112.59854  24.370747      99.87 2.8735e+02   1134.522      27230  1031.6300  1031.6280    34.5115    34.5092    7.95465         27 0.0000e+00
    837.000    826.667     0.3991  29.385172     0.4013  29.385212     4.6355     4.8291    -0.0026    96.7536 1.0000e-12  -74.23230 -112.59854  24.370760      99.87 2.8816e+02   1135.671      27257  1031.6347  1031.6326    34.5115    34.5091    7.95462         28 0.0000e+00
    838.000    827.654     0.3999  29.386739     0.4020  29.386473     4.6357     4.8273    -0.0079    96.7511 1.0000e-12  -74.23230 -112.59854  24.370773      81.94 2.8852e+02   1136.822      27285  1031.6398  1031.6375    34.5121    34.5095    7.95443         27 0.0000e+00
    839.000    828.638     0.4002  29.387506     0.4022  29.387249     4.6331     4.8255    -0.0085    96.7511 1.0000e-12  -74.23230 -112.59854  24.370787      99.71 2.8905e+02   1137.983      27313  1031.6445  1031.6423    34.5122    34.5097    7.95436         28 0.0000e+00
    840.000    829.623     0.4005  29.388466     0.4026  29.388217     4.6358     4.8215    -0.0054    96.7602 1.0000e-12  -74.23230 -112.59854  24.370800      99.87 2.8911e+02   1139.128      27340  1031.6494  1031.6471    34.5125    34.5099    7.95427         28 0.0000e+00
    841.000    830.612     0.4007  29.389026     0.4027  29.388761     4.6368     4.8246    -0.0032    96.7415 1.0000e-12  -74.23230 -112.59854  24.370813      99.86 2.8971e+02   1140.255      27367  1031.6541  1031.6518    34.5125    34.5099    7.95425         26 0.0000e+00
    842.000    831.595     0.4009  29.389845     0.4031  29.389641     4.6347     4.8215    -0.0080    96.7502 1.0000e-12  -74.23230 -112.59854  24.370826      99.87 2.9069e+02   1141.400      27395  1031.6589  1031.6566    34.5127    34.5101    7.95418         28 0.0000e+00
    843.000    832.582     0.4011  29.390440     0.4032  29.390230     4.6331     4.8240    -0.0121    96.7148 1.0000e-12  -74.23230 -112.59854  24.370840      99.87 2.9082e+02   1142.548      27422  1031.6635  1031.6613    34.5127    34.5102    7.95414         28 0.0000e+00
    844.000    833.567     0.4012  29.390952     0.4032  29.390637     4.6322     4.8262    -0.0123    96.7308 1.0000e-12  -74.23230 -112.59854  24.370853      99.87 2.8959e+02   1143.691      27450  1031.6682  1031.6660    34.5128    34.5101    7.95413         27 0.0000e+00
    845.000    834.552     0.4012  29.391469     0.4033  29.391139     4.6340     4.8261    -0.0045    96.7578 1.0000e-12  -74.23230 -112.59854  24.370866      99.87 2.8904e+02   1144.833      27477  1031.6729  1031.6707    34.5128    34.5101    7.95411         27 0.0000e+00
    846.000    835.538     0.4019  29.392799     0.4039  29.392528     4.6335     4.8259    -0.0056    96.7493 1.0000e-12  -74.23230 -112.59854  24.370879      99.86 2.8880e+02   1145.982      27505  1031.6779  1031.6756    34.5132    34.5106    7.95395         28 0.0000e+00
    847.000    836.523     0.4028  29.394447     0.4048  29.394213     4.6322     4.8270    -0.0034    96.7387 1.0000e-12  -74.23230 -112.59854  24.370893      99.87 2.8800e+02   1147.133      27532  1031.6830  1031.6808    34.5139    34.5113    7.95374         27 0.0000e+00
    848.000    837.510     0.4039  29.396638     0.4061  29.396283     4.6348     4.8285    -0.0059    96.7514 1.0000e-12  -74.23230 -112.59856  24.370906      99.87 2.8734e+02   1148.293      27560  1031.6884  1031.6859    34.5149    34.5120    7.95345         28 0.0000e+00
    849.000    838.495     0.4043  29.397357     0.4063  29.397163     4.6351     4.8273    -0.0027    96.7558 1.0000e-12  -74.23230 -112.59854  24.370920      75.85 2.8640e+02   1149.447      27588  1031.6929  1031.6908    34.5148    34.5123    7.95338         28 0.0000e+00
    850.000    839.481     0.4045  29.398024     0.4066  29.397785     4.6328     4.8279    -0.0072    96.7704 1.0000e-12  -74.23230 -112.59855  24.370933      86.07 2.8571e+02   1150.598      27615  1031.6977  1031.6954    34.5149    34.5123    7.95333         27 0.0000e+00
    851.000    840.467     0.4048  29.398805     0.4068  29.398555     4.6346     4.8321    -0.0145    96.7439 1.0000e-12  -74.23230 -112.59855  24.370946      97.54 2.8559e+02   1151.754      27643  1031.7024  1031.7002    34.5150    34.5125    7.95325         29 0.0000e+00
    852.000    841.452     0.4051  29.399686     0.4071  29.399449     4.6351     4.8248    -0.0158    96.7179 1.0000e-12  -74.23230 -112.59855  24.370960      99.86 2.8396e+02   1152.912      27671  1031.7072  1031.7050    34.5152    34.5127    7.95318         27 0.0000e+00
    853.000    842.439     0.4054  29.400407     0.4073  29.400183     4.6366     4.8205    -0.0085    96.7583 1.0000e-12  -74.23230 -112.59855  24.370973      99.87 2.8351e+02   1154.057      27698  1031.7119  1031.7098    34.5153    34.5129    7.95312         28 0.0000e+00
    854.000    843.422     0.4053  29.400833     0.4073  29.400556     4.6319     4.8238    -0.0005    96.7739 1.0000e-12  -74.23230 -112.59854  24.370986      99.87 2.8233e+02   1155.200      27726  1031.7166  1031.7144    34.5153    34.5128    7.95313         27 0.0000e+00
    855.000    844.409     0.4055  29.401468     0.4074  29.401187     4.6267     4.8253    -0.0012    96.7625 1.0000e-12  -74.23230 -112.59856  24.370999      99.86 2.8127e+02   1156.343      27753  1031.7214  1031.7192    34.5154    34.5129    7.95309         27 0.0000e+00
    856.000    845.395     0.4060  29.402614     0.4079  29.402456     4.6355     4.8281    -0.0083    96.7769 1.0000e-12  -74.23230 -112.59854  24.371013      99.86 2.8030e+02   1157.484      27781  1031.7263  1031.7242    34.5158    34.5134    7.95297         28 0.0000e+00
    857.000    846.379     0.4063  29.403576     0.4082  29.403231     4.6327     4.8277    -0.0088    96.7683 1.0000e-12  -74.23230 -112.59855  24.371026      99.87 2.7951e+02   1158.631      27808  1031.7312  1031.7290    34.5161    34.5136    7.95288         27 0.0000e+00
    858.000    847.366     0.4063  29.404140     0.4083  29.403746     4.6348     4.8281    -0.0077    96.7741 1.0000e-12  -74.23230 -112.59855  24.371039      99.87 2.7860e+02   1159.775      27836  1031.7359  1031.7336    34.5162    34.5136    7.95287         28 0.0000e+00
    859.000    848.350     0.4066  29.404670     0.4085  29.404460     4.6338     4.8264    -0.0101    96.7455 1.0000e-12  -74.23230 -112.59855  24.371052      99.86 2.7710e+02   1160.912      27863  1031.7405  1031.7384    34.5161    34.5137    7.95283         27 0.0000e+00
    860.000    849.337     0.4067  29.405182     0.4085  29.404886     4.6314     4.8229    -0.0108    96.7611 1.0000e-12  -74.23230 -112.59854  24.371065      96.34 2.7677e+02   1162.054      27890  1031.7451  1031.7430    34.5161    34.5137    7.95281         28 0.0000e+00
    861.000    850.322     0.4068  29.405796     0.4087  29.405525     4.6352     4.8197    -0.0004    96.7511 1.0000e-12  -74.23230 -112.59854  24.371079      86.25 2.7670e+02   1163.209      27918  1031.7499  1031.7477    34.5162    34.5137    7.95279         27 0.0000e+00
    862.000    851.308     0.4068  29.406318     0.4087  29.406067     4.6358     4.8220    -0.0035    96.7465 1.0000e-12  -74.23230 -112.59854  24.371092      99.20 2.7551e+02   1164.359      27946  1031.7546  1031.7525    34.5163    34.5138    7.95277         28 0.0000e+00
    863.000    852.294     0.4069  29.406747     0.4088  29.406587     4.6302     4.8253    -0.0113    96.7753 1.0000e-12  -74.23230 -112.59854  24.371105      99.87 2.7507e+02   1165.514      27973  1031.7592  1031.7572    34.5162    34.5139    7.95277         27 0.0000e+00
    864.000    853.277     0.4069  29.407280     0.4088  29.407024     4.6333     4.8265    -0.0127    96.7611 1.0000e-12  -74.23230 -112.59854  24.371119      99.87 2.7488e+02   1166.656      28001  1031.7639  1031.7618    34.5163    34.5138    7.95275         28 0.0000e+00
    865.000    854.265     0.4070  29.407784     0.4089  29.407517     4.6371     4.8264    -0.0041    96.7530 1.0000e-12  -74.23230 -112.59854  24.371132      99.87 2.7330e+02   1167.801      28028  1031.7686  1031.7665    34.5162    34.5138    7.95273         27 0.0000e+00
    866.000    855.250     0.4075  29.409027     0.4096  29.408825     4.6364     4.8269    -0.0057    96.7564 1.0000e-12  -74.23230 -112.59854  24.371145      99.86 2.7221e+02   1168.956      28056  1031.7736  1031.7714    34.5167    34.5142    7.95260         29 0.0000e+00
    867.000    856.236     0.4091  29.411634     0.4111  29.411456     4.6338     4.8189    -0.0082    96.7625 1.0000e-12  -74.23230 -112.59854  24.371159      99.87 2.7148e+02   1170.117      28084  1031.7790  1031.7768    34.5178    34.5154    7.95222         27 0.0000e+00
    868.000    857.221     0.4091  29.412354     0.4110  29.412185     4.6363     4.8148    -0.0033    96.7539 1.0000e-12  -74.23230 -112.59854  24.371172      99.87 2.7148e+02   1171.274      28112  1031.7839  1031.7820    34.5182    34.5159    7.95219         28 0.0000e+00
    869.000    858.207     0.4091  29.412895     0.4109  29.412624     4.6350     4.8214    -0.0007    96.7750 1.0000e-12  -74.23230 -112.59854  24.371185      99.86 2.7050e+02   1172.419      28139  1031.7888  1031.7866    34.5184    34.5159    7.95219         27 0.0000e+00
    870.000    859.191     0.4090  29.413337     0.4109  29.413065     4.6346     4.8239    -0.0064    96.7798 1.0000e-12  -74.23230 -112.59854  24.371199      99.86 2.6971e+02   1173.552      28166  1031.7935  1031.7914    34.5184    34.5160    7.95219         27 0.0000e+00
