ocean_section_plots/required_files/ctd/dnbp2202_ctd296.cnv
* Sea-Bird SBE 9 Data File:
* FileName = D:\Data\raw\NBP2202_CTD296.hex
* Software Version Seasave V 7.26.7.121
* Temperature SN = 1649
* Conductivity SN = 2513
* Number of Bytes Per Scan = 40
* Number of Voltage Words = 5
* Number of Scans Averaged by the Deck Unit = 1
* NMEA Latitude = 71 59.99 S
* NMEA Longitude = 119 23.94 W
* NMEA UTC (Time) = Feb 25 2022  00:29:03
* NMEA baud rate = 9600
** Ship: RVIB N.B. Palmer
** Cruise: NBP2202 Thwaites
** Station: 198
** Operator: A. Robinson
# nquan = 28
# nvalues = 1507                        
# units = specified
# name 0 = prDM: Pressure, Digiquartz [db]
# name 1 = depSM: Depth [salt water, m]
# name 2 = t090C: Temperature [ITS-90, deg C]
# name 3 = c0mS/cm: Conductivity [mS/cm]
# name 4 = t190C: Temperature, 2 [ITS-90, deg C]
# name 5 = c1mS/cm: Conductivity, 2 [mS/cm]
# name 6 = sbeox0ML/L: Oxygen, SBE 43 [ml/l]
# name 7 = sbeox1ML/L: Oxygen, SBE 43, 2 [ml/l]
# name 8 = flECO-AFL: Fluorescence, WET Labs ECO-AFL/FL [mg/m^3]
# name 9 = CStarTr0: Beam Transmission, WET Labs C-Star [%]
# name 10 = par: PAR/Irradiance, Biospherical/Licor
# name 11 = latitude: Latitude [deg]
# name 12 = longitude: Longitude [deg]
# name 13 = timeJ: Julian Days
# name 14 = altM: Altimeter [m]
# name 15 = spar: SPAR, Biospherical/Licor
# name 16 = timeS: Time, Elapsed [seconds]
# name 17 = scan: Scan Count
# name 18 = density00: Density [density, kg/m^3]
# name 19 = density11: Density, 2 [density, kg/m^3]
# name 20 = v3: Voltage 3
# name 21 = v4: Voltage 4
# name 22 = v5: Voltage 5
# name 23 = sal00: Salinity, Practical [PSU]
# name 24 = sal11: Salinity, Practical, 2 [PSU]
# name 25 = oxsolML/L: Oxygen Saturation, Garcia & Gordon [ml/l]
# name 26 = nbin: number of scans per bin
# name 27 = flag: flag
# span 0 =      2.000,   1508.000       
# span 1 =      1.976,   1487.182       
# span 2 =    -1.7086,     1.6642       
# span 3 =  26.686913,  30.439375       
# span 4 =    -1.7096,     1.6670       
# span 5 =  26.687954,  30.439965       
# span 6 =     4.1826,     8.9477       
# span 7 =     4.3233,     9.2592       
# span 8 =    -0.0154,    11.7274       
# span 9 =    83.0114,    99.8725       
# span 10 = 1.0000e-12, 6.4802e+02      
# span 11 =  -72.00000,  -71.99998      
# span 12 = -119.39900, -119.39896      
# span 13 =  56.023367,  56.043399      
# span 14 =       9.56,     125.77      
# span 15 = 1.1341e+03, 1.3099e+03      
# span 16 =    275.886,   2006.716      
# span 17 =       6622,      48162      
# span 18 =  1026.3985,  1034.8837      
# span 19 =  1026.4027,  1034.8822      
# span 20 =     3.9379,     4.7377      
# span 21 =     0.0634,     1.8552      
# span 22 =     0.1041,     0.2839      
# span 23 =    32.8146,    34.7293      
# span 24 =    32.8192,    34.7277      
# span 25 =    7.69037,    8.43554      
# span 26 =          6,         49      
# span 27 = 0.0000e+00, 0.0000e+00      
# interval = decibars: 1                
# start_time = Feb 25 2022 00:29:03 [NMEA time, header]
# bad_flag = -9.990e-29
*END*
[from data line 933]
    935.000    923.346     1.0228  30.125075     1.0249  30.125844     4.5411     4.6660    -0.0004    99.8351 1.0000e-12  -71.99998 -119.39900  56.035121      99.42 1.2585e+03   1291.493      30997  1032.2033  1032.2020     4.7360     0.0698     0.1076    34.7201    34.7187    7.81658         23 0.0000e+00
    936.000    924.335     1.0226  30.125433     1.0248  30.126239     4.5402     4.6661    -0.0004    99.8398 1.0000e-12  -71.99998 -119.39898  56.035132      99.76 1.2607e+03   1292.417      31019  1032.2079  1032.2067     4.7362     0.0707     0.1072    34.7201    34.7187    7.81660         22 0.0000e+00
    937.000    925.317     1.0228  30.125788     1.0248  30.126640     4.5425     4.6692    -0.0073    99.8178 1.0000e-12  -71.99998 -119.39898  56.035143      99.75 1.2574e+03   1293.382      31042  1032.2123  1032.2112     4.7351     0.0682     0.1057    34.7199    34.7187    7.81658         24 0.0000e+00
    938.000    926.303     1.0213  30.125039     1.0233  30.125882     4.5413     4.6727    -0.0139    99.8172 1.0000e-12  -71.99998 -119.39898  56.035156      99.75 1.2541e+03   1294.458      31068  1032.2172  1032.2161     4.7351     0.0692     0.1062    34.7200    34.7188    7.81687         27 0.0000e+00
    939.000    927.289     1.0188  30.123363     1.0209  30.124212     4.5443     4.6717    -0.0153    99.8133 1.0000e-12  -71.99998 -119.39898  56.035169      99.76 1.2569e+03   1295.563      31095  1032.2222  1032.2210     4.7349     0.0694     0.1069    34.7200    34.7188    7.81736         26 0.0000e+00
    940.000    928.275     1.0186  30.123664     1.0207  30.124528     4.5425     4.6722    -0.0090    99.8235 1.0000e-12  -71.99998 -119.39898  56.035180      99.76 1.2542e+03   1296.560      31118  1032.2269  1032.2257     4.7354     0.0696     0.1059    34.7201    34.7188    7.81740         22 0.0000e+00
    941.000    929.258     1.0184  30.124018     1.0206  30.124829     4.5391     4.6729    -0.0038    99.8314 1.0000e-12  -71.99998 -119.39898  56.035191      99.76 1.2543e+03   1297.471      31140  1032.2316  1032.2303     4.7358     0.0696     0.1051    34.7202    34.7188    7.81744         21 0.0000e+00
    942.000    930.246     1.0182  30.124138     1.0203  30.125026     4.5396     4.6760    -0.0036    99.8389 1.0000e-12  -71.99998 -119.39898  56.035201      99.76 1.2579e+03   1298.379      31162  1032.2362  1032.2350     4.7362     0.0692     0.1073    34.7201    34.7188    7.81750         23 0.0000e+00
    943.000    931.229     1.0179  30.124336     1.0201  30.125156     4.5417     4.6743    -0.0080    99.7918 1.0000e-12  -71.99998 -119.39898  56.035212      99.76 1.2559e+03   1299.352      31185  1032.2409  1032.2396     4.7340     0.0689     0.1072    34.7201    34.7187    7.81755         24 0.0000e+00
    944.000    932.215     1.0175  30.124363     1.0196  30.125119     4.5432     4.6741    -0.0077    99.8344 1.0000e-12  -71.99998 -119.39898  56.035225      99.76 1.2533e+03   1300.403      31211  1032.2455  1032.2442     4.7360     0.0693     0.1078    34.7200    34.7186    7.81764         26 0.0000e+00
    945.000    933.202     1.0168  30.124144     1.0188  30.124929     4.5466     4.6752    -0.0077    99.8464 1.0000e-12  -71.99998 -119.39898  56.035236      88.04 1.2549e+03   1301.437      31235  1032.2502  1032.2489     4.7365     0.0679     0.1069    34.7200    34.7187    7.81778         24 0.0000e+00
    946.000    934.185     1.0164  30.124327     1.0183  30.124919     4.5508     4.6748    -0.0077    99.8265 1.0000e-12  -71.99998 -119.39898  56.035248      93.72 1.2546e+03   1302.420      31259  1032.2549  1032.2537     4.7356     0.0695     0.1080    34.7200    34.7187    7.81784         23 0.0000e+00
    947.000    935.170     1.0156  30.124094     1.0178  30.124921     4.5488     4.6769    -0.0077    99.8265 1.0000e-12  -71.99998 -119.39898  56.035259      98.55 1.2549e+03   1303.366      31282  1032.2596  1032.2583     4.7356     0.0692     0.1066    34.7200    34.7187    7.81801         23 0.0000e+00
    948.000    936.157     1.0156  30.124412     1.0176  30.125129     4.5465     4.6767    -0.0077    99.8271 1.0000e-12  -71.99998 -119.39898  56.035270      99.75 1.2568e+03   1304.347      31305  1032.2642  1032.2629     4.7356     0.0690     0.1081    34.7200    34.7186    7.81802         24 0.0000e+00
    949.000    937.142     1.0152  30.124547     1.0174  30.125370     4.5448     4.6781    -0.0080    99.8400 1.0000e-12  -71.99998 -119.39898  56.035282      99.76 1.2559e+03   1305.392      31330  1032.2688  1032.2676     4.7363     0.0698     0.1053    34.7199    34.7186    7.81809         26 0.0000e+00
    950.000    938.127     1.0136  30.123441     1.0157  30.124327     4.5396     4.6732     0.0040    99.8421 1.0000e-12  -71.99998 -119.39898  56.035295      99.76 1.2539e+03   1306.456      31356  1032.2735  1032.2724     4.7363     0.0733     0.1111    34.7197    34.7185    7.81842         25 0.0000e+00
    951.000    939.112     1.0123  30.122771     1.0144  30.123680     4.5462     4.6765     0.0014    99.8237 1.0000e-12  -71.99998 -119.39898  56.035307      99.76 1.2534e+03   1307.490      31381  1032.2783  1032.2772     4.7354     0.0686     0.1074    34.7197    34.7186    7.81868         25 0.0000e+00
    952.000    940.099     1.0113  30.122444     1.0136  30.123272     4.5430     4.6805    -0.0063    99.8324 1.0000e-12  -71.99998 -119.39898  56.035318      99.76 1.2530e+03   1308.498      31405  1032.2831  1032.2818     4.7359     0.0698     0.1060    34.7199    34.7185    7.81888         22 0.0000e+00
    953.000    941.083     1.0108  30.122302     1.0130  30.123257     4.5401     4.6828    -0.0038    99.8451 1.0000e-12  -71.99998 -119.39898  56.035330      99.76 1.2524e+03   1309.501      31429  1032.2877  1032.2865     4.7365     0.0694     0.1066    34.7197    34.7186    7.81898         24 0.0000e+00
    954.000    942.068     1.0106  30.122553     1.0127  30.123383     4.5467     4.6769    -0.0042    99.8467 1.0000e-12  -71.99998 -119.39896  56.035341      99.76 1.2552e+03   1310.499      31453  1032.2924  1032.2911     4.7365     0.0678     0.1084    34.7198    34.7184    7.81903         23 0.0000e+00
    955.000    943.054     1.0099  30.122497     1.0121  30.123301     4.5475     4.6763    -0.0077    99.8368 1.0000e-12  -71.99998 -119.39896  56.035353      99.76 1.2549e+03   1311.474      31476  1032.2971  1032.2959     4.7361     0.0691     0.1065    34.7198    34.7185    7.81915         24 0.0000e+00
    956.000    944.037     1.0095  30.122468     1.0117  30.123278     4.5471     4.6748    -0.0068    99.8466 1.0000e-12  -71.99998 -119.39896  56.035364      99.76 1.2519e+03   1312.447      31500  1032.3017  1032.3004     4.7366     0.0688     0.1065    34.7197    34.7183    7.81925         23 0.0000e+00
    957.000    945.024     1.0094  30.122845     1.0117  30.123781     4.5449     4.6716    -0.0004    99.8529 1.0000e-12  -71.99998 -119.39896  56.035376      99.76 1.2539e+03   1313.442      31524  1032.3063  1032.3051     4.7368     0.0696     0.1065    34.7198    34.7184    7.81926         24 0.0000e+00
    958.000    946.009     1.0085  30.122423     1.0106  30.123261     4.5461     4.6778    -0.0013    99.8421 1.0000e-12  -71.99998 -119.39896  56.035387      78.19 1.2557e+03   1314.457      31548  1032.3110  1032.3099     4.7363     0.0667     0.1057    34.7196    34.7184    7.81944         25 0.0000e+00
    959.000    946.994     1.0085  30.122863     1.0107  30.123754     4.5449     4.6789    -0.0077    99.8200 1.0000e-12  -71.99998 -119.39896  56.035399      92.18 1.2553e+03   1315.439      31572  1032.3157  1032.3144     4.7352     0.0703     0.1070    34.7197    34.7183    7.81945         22 0.0000e+00
    960.000    947.980     1.0084  30.123252     1.0106  30.124124     4.5423     4.6774    -0.0080    99.8425 1.0000e-12  -71.99998 -119.39896  56.035410      99.86 1.2568e+03   1316.387      31594  1032.3203  1032.3191     4.7364     0.0687     0.1081    34.7197    34.7184    7.81946         23 0.0000e+00
    961.000    948.965     1.0083  30.123501     1.0103  30.124276     4.5463     4.6707    -0.0134    99.8433 1.0000e-12  -71.99998 -119.39896  56.035420      99.77 1.2590e+03   1317.329      31617  1032.3249  1032.3237     4.7364     0.0679     0.1069    34.7196    34.7184    7.81950         23 0.0000e+00
    962.000    949.949     1.0075  30.123322     1.0097  30.124240     4.5464     4.6683    -0.0104    99.8368 1.0000e-12  -71.99998 -119.39896  56.035432      99.76 1.2538e+03   1318.313      31641  1032.3297  1032.3285     4.7361     0.0683     0.1074    34.7197    34.7184    7.81965         24 0.0000e+00
    963.000    950.936     1.0070  30.123209     1.0091  30.124072     4.5435     4.6735    -0.0119    99.8499 1.0000e-12  -71.99998 -119.39896  56.035444      99.76 1.2554e+03   1319.350      31665  1032.3343  1032.3331     4.7367     0.0688     0.1074    34.7196    34.7183    7.81976         26 0.0000e+00
    964.000    951.920     1.0056  30.122385     1.0077  30.123283     4.5417     4.6728    -0.0112    99.8308 1.0000e-12  -71.99998 -119.39896  56.035456      99.76 1.2581e+03   1320.417      31691  1032.3390  1032.3378     4.7357     0.0695     0.1077    34.7195    34.7183    7.82005         25 0.0000e+00
    965.000    952.905     1.0039  30.121375     1.0063  30.122401     4.5396     4.6663    -0.0041    99.8402 1.0000e-12  -71.99998 -119.39896  56.035468      99.76 1.2567e+03   1321.473      31716  1032.3438  1032.3425     4.7363     0.0692     0.1062    34.7195    34.7181    7.82038         25 0.0000e+00
    966.000    953.890     1.0027  30.120687     1.0047  30.121328     4.5425     4.6692    -0.0037    99.7637 1.0000e-12  -71.99998 -119.39896  56.035480      99.76 1.2573e+03   1322.482      31741  1032.3485  1032.3473     4.7326     0.0695     0.1085    34.7194    34.7180    7.82063         24 0.0000e+00
    967.000    954.876     1.0022  30.120718     1.0044  30.121552     4.5498     4.6700    -0.0053    99.6893 1.0000e-12  -71.99998 -119.39896  56.035492      99.76 1.2579e+03   1323.486      31765  1032.3532  1032.3520     4.7291     0.0687     0.1088    34.7194    34.7181    7.82072         24 0.0000e+00
    968.000    955.860     1.0017  30.120540     1.0037  30.121353     4.5468     4.6720    -0.0004    99.8182 1.0000e-12  -71.99998 -119.39896  56.035503      99.75 1.2526e+03   1324.498      31789  1032.3577  1032.3566     4.7352     0.0693     0.1072    34.7192    34.7180    7.82084         25 0.0000e+00
    969.000    956.846     1.0016  30.120910     1.0037  30.121794     4.5457     4.6753    -0.0021    99.8426 1.0000e-12  -71.99998 -119.39896  56.035515      99.76 1.2536e+03   1325.521      31814  1032.3624  1032.3612     4.7363     0.0683     0.1066    34.7193    34.7180    7.82086         25 0.0000e+00
    970.000    957.830     1.0016  30.121478     1.0038  30.122380     4.5474     4.6745    -0.0077    99.8288 1.0000e-12  -71.99998 -119.39896  56.035527      99.76 1.2546e+03   1326.538      31838  1032.3671  1032.3659     4.7357     0.0693     0.1066    34.7194    34.7181    7.82084         23 0.0000e+00
    971.000    958.816     1.0015  30.121827     1.0038  30.122730     4.5420     4.6713    -0.0080    99.8347 1.0000e-12  -71.99998 -119.39896  56.035539      84.86 1.2527e+03   1327.534      31862  1032.3718  1032.3704     4.7359     0.0672     0.1075    34.7194    34.7180    7.82086         24 0.0000e+00
    972.000    959.802     1.0010  30.121705     1.0034  30.122862     4.5401     4.6657    -0.0007    99.8254 1.0000e-12  -71.99998 -119.39896  56.035550      95.49 1.2498e+03   1328.502      31885  1032.3764  1032.3752     4.7355     0.0699     0.1097    34.7193    34.7181    7.82097         23 0.0000e+00
    973.000    960.787     1.0004  30.121523     1.0024  30.122362     4.5475     4.6687    -0.0004    99.8336 1.0000e-12  -71.99998 -119.39896  56.035561      99.24 1.2479e+03   1329.482      31909  1032.3810  1032.3798     4.7359     0.0707     0.1113    34.7192    34.7180    7.82110         24 0.0000e+00
    974.000    961.771     0.9999  30.121676     1.0021  30.122537     4.5487     4.6691    -0.0065    99.8339 1.0000e-12  -71.99998 -119.39896  56.035573      99.75 1.2464e+03   1330.497      31933  1032.3857  1032.3845     4.7359     0.0697     0.1077    34.7193    34.7180    7.82119         25 0.0000e+00
    975.000    962.758     0.9996  30.121853     1.0017  30.122699     4.5501     4.6753    -0.0077    99.8213 1.0000e-12  -72.00000 -119.39897  56.035585      99.76 1.2463e+03   1331.562      31958  1032.3904  1032.3892     4.7353     0.0704     0.1098    34.7193    34.7181    7.82125         26 0.0000e+00
    976.000    963.743     0.9987  30.121398     1.0008  30.122277     4.5484     4.6754    -0.0130    99.8267 1.0000e-12  -72.00000 -119.39897  56.035598      99.76 1.2450e+03   1332.631      31984  1032.3950  1032.3939     4.7356     0.0696     0.1071    34.7192    34.7180    7.82144         25 0.0000e+00
    977.000    964.726     0.9961  30.119605     0.9984  30.120542     4.5510     4.6739    -0.0103    99.8329 1.0000e-12  -72.00000 -119.39898  56.035610      99.76 1.2429e+03   1333.673      32009  1032.3999  1032.3988     4.7359     0.0690     0.1066    34.7192    34.7179    7.82195         25 0.0000e+00
    978.000    965.713     0.9949  30.119023     0.9971  30.119764     4.5543     4.6753    -0.0035    99.8253 1.0000e-12  -72.00000 -119.39898  56.035621      99.76 1.2430e+03   1334.679      32033  1032.4048  1032.4034     4.7355     0.0686     0.1070    34.7192    34.7177    7.82219         23 0.0000e+00
    979.000    966.697     0.9942  30.118834     0.9964  30.119597     4.5488     4.6756    -0.0004    99.8298 1.0000e-12  -71.99999 -119.39898  56.035633      99.76 1.2470e+03   1335.681      32057  1032.4094  1032.4081     4.7358     0.0702     0.1055    34.7192    34.7178    7.82233         25 0.0000e+00
    980.000    967.683     0.9932  30.118127     0.9951  30.118997     4.5420     4.6756    -0.0064    99.8325 1.0000e-12  -71.99998 -119.39898  56.035644      99.76 1.2446e+03   1336.680      32081  1032.4139  1032.4129     4.7358     0.0699     0.1073    34.7189    34.7178    7.82256         24 0.0000e+00
    981.000    968.667     0.9907  30.116402     0.9927  30.117242     4.5480     4.6773    -0.0131    99.8299 1.0000e-12  -71.99998 -119.39898  56.035656      99.76 1.2454e+03   1337.670      32105  1032.4189  1032.4177     4.7358     0.0700     0.1063    34.7189    34.7177    7.82306         23 0.0000e+00
    982.000    969.651     0.9898  30.116210     0.9920  30.116922     4.5508     4.6782    -0.0065    99.8325 1.0000e-12  -71.99998 -119.39898  56.035667      99.76 1.2489e+03   1338.649      32129  1032.4237  1032.4223     4.7359     0.0700     0.1078    34.7190    34.7175    7.82323         24 0.0000e+00
    983.000    970.639     0.9892  30.115976     0.9913  30.116774     4.5504     4.6796    -0.0004    99.8321 1.0000e-12  -71.99998 -119.39898  56.035679      98.68 1.2480e+03   1339.623      32152  1032.4282  1032.4270     4.7358     0.0701     0.1073    34.7189    34.7175    7.82336         23 0.0000e+00
    984.000    971.623     0.9876  30.114902     0.9897  30.115793     4.5498     4.6792    -0.0004    99.8196 1.0000e-12  -71.99998 -119.39898  56.035690      79.26 1.2485e+03   1340.604      32176  1032.4329  1032.4317     4.7352     0.0667     0.1076    34.7187    34.7175    7.82369         24 0.0000e+00
