ocean_section_plots/required_files/ctd/dnbp2202_ctd095.cnv
* Sea-Bird SBE 9 Data File:
* FileName = D:\Data\raw\NBP2202_CTD095.hex
* Software Version Seasave V 7.26.7.121
* Temperature SN = 1649
* Conductivity SN = 2513
* Number of Bytes Per Scan = 40
* Number of Voltage Words = 5
* Number of Scans Averaged by the Deck Unit = 1
* NMEA Latitude = 74 10.51 S
* NMEA Longitude = 113 20.67 W
* NMEA UTC (Time) = Jan 27 2022  00:02:46
* NMEA baud rate = 9600
** Ship: RVIB N.B. Palmer
** Cruise: NBP2202 Thwaites
** Station: YoYo001
** Operator: A. Robinson
# nquan = 25
# nvalues = 608                         
# units = specified
# name 0 = prDM: Pressure, Digiquartz [db]
# name 1 = depSM: Depth [salt water, m]
# name 2 = t090C: Temperature [ITS-90, deg C]
# name 3 = c0mS/cm: Conductivity [mS/cm]
# name 4 = t190C: Temperature, 2 [ITS-90, deg C]
# name 5 = c1mS/cm: Conductivity, 2 [mS/cm]
# name 6 = sbeox0ML/L: Oxygen, SBE 43 [ml/l]
# name 7 = sbeox1ML/L: Oxygen, SBE 43, 2 [ml/l]
# name 8 = flECO-AFL: Fluorescence, WET Labs ECO-AFL/FL [mg/m^3]
# name 9 = CStarTr0: Beam Transmission, WET Labs C-Star [%]
# name 10 = par: PAR/Irradiance, Biospherical/Licor
# name 11 = latitude: Latitude [deg]
# name 12 = longitude: Longitude [deg]
# name 13 = timeJ: Julian Days
# name 14 = altM: Altimeter [m]
# name 15 = spar: SPAR, Biospherical/Licor
# name 16 = timeS: Time, Elapsed [seconds]
# name 17 = scan: Scan Count
# name 18 = density00: Density [density, kg/m^3]
# name 19 = density11: Density, 2 [density, kg/m^3]
# name 20 = sal00: Salinity, Practical [PSU]
# name 21 = sal11: Salinity, Practical, 2 [PSU]
# name 22 = oxsolML/L: Oxygen Saturation, Garcia & Gordon [ml/l]
# name 23 = nbin: number of scans per bin
# name 24 = flag: flag
# span 0 =     10.000,    617.000       
# span 1 =      9.895,    609.712       
# span 2 =    -1.5277,     0.0798       
# span 3 =  26.907311,  28.914872       
# span 4 =    -1.5266,     0.0818       
# span 5 =  26.906909,  28.914438       
# span 6 =     4.6851,     8.6260       
# span 7 =     4.7537,     8.4832       
# span 8 =    -0.0213,    23.3461       
# span 9 =    69.4860,    95.4226       
# span 10 = -1.110e-06, 4.8497e+01      
# span 11 =  -74.17530,  -74.17528      
# span 12 = -113.34460, -113.34454      
# span 13 =  27.002492,  27.011940      
# span 14 =       4.76,     100.56      
# span 15 = 1.7349e+03, 1.7590e+03      
# span 16 =     49.328,    865.613      
# span 17 =       1185,      20776      
# span 18 =  1027.2137,  1030.5217      
# span 19 =  1027.2072,  1030.5188      
# span 20 =    33.7869,    34.3787      
# span 21 =    33.7858,    34.3759      
# span 22 =    8.02835,    8.41071      
# span 23 =          4,         44      
# span 24 = 0.0000e+00, 0.0000e+00      
# interval = decibars: 1                
# start_time = Jan 27 2022 00:02:46 [NMEA time, header]
# bad_flag = -9.990e-29
*END*
[from data line 522]
    532.000    525.817     0.0115  28.805486     0.0136  28.805032     4.7131     4.7822    -0.0087    94.9413 1.0000e-12  -74.17530 -113.34456  27.009930      92.38 1.7401e+03    691.957      16608  1030.1109  1030.1083    34.3599    34.3570    8.04372         28 0.0000e+00
    533.000    526.807     0.0123  28.806556     0.0144  28.806212     4.7159     4.7771    -0.0104    94.9513 1.0000e-12  -74.17530 -113.34456  27.009943      90.81 1.7400e+03    693.099      16635  1030.1155  1030.1132    34.3599    34.3571    8.04356         27 0.0000e+00
    534.000    527.792     0.0137  28.808397     0.0159  28.808208     4.7123     4.7792    -0.0139    94.9524 1.0000e-12  -74.17530 -113.34456  27.009957      89.35 1.7400e+03    694.243      16663  1030.1204  1030.1180    34.3601    34.3574    8.04324         27 0.0000e+00
    535.000    528.780     0.0143  28.809596     0.0166  28.809461     4.7127     4.7802    -0.0006    94.9366 1.0000e-12  -74.17530 -113.34456  27.009970      88.61 1.7400e+03    695.403      16691  1030.1253  1030.1230    34.3604    34.3577    8.04310         28 0.0000e+00
    536.000    529.766     0.0163  28.811946     0.0191  28.812116     4.7092     4.7782    -0.0007    94.9318 1.0000e-12  -74.17530 -113.34456  27.009983      87.85 1.7400e+03    696.574      16719  1030.1301  1030.1276    34.3608    34.3579    8.04267         29 0.0000e+00
    537.000    530.754     0.0208  28.816747     0.0231  28.816493     4.7068     4.7740    -0.0007    94.9663 1.0000e-12  -74.17530 -113.34456  27.009997      86.87 1.7400e+03    697.734      16747  1030.1350  1030.1325    34.3615    34.3585    8.04169         27 0.0000e+00
    538.000    531.741     0.0269  28.823432     0.0290  28.822905     4.7051     4.7643    -0.0072    94.9591 1.0000e-12  -74.17530 -113.34456  27.010010      86.20 1.7400e+03    698.879      16774  1030.1404  1030.1378    34.3629    34.3599    8.04033         27 0.0000e+00
    539.000    532.728     0.0291  28.826028     0.0315  28.826032     4.7021     4.7721    -0.0129    94.9496 1.0000e-12  -74.17530 -113.34456  27.010023      84.46 1.7400e+03    700.010      16801  1030.1453  1030.1429    34.3633    34.3606    8.03984         28 0.0000e+00
    540.000    533.715     0.0307  28.828175     0.0329  28.827946     4.7085     4.7717    -0.0052    94.9440 1.0000e-12  -74.17530 -113.34456  27.010036      83.84 1.7400e+03    701.143      16828  1030.1503  1030.1479    34.3637    34.3610    8.03948         27 0.0000e+00
    541.000    534.701     0.0305  28.828379     0.0325  28.828051     4.7079     4.7630    -0.0042    94.9599 1.0000e-12  -74.17530 -113.34456  27.010050      82.68 1.7400e+03    702.282      16856  1030.1550  1030.1527    34.3636    34.3609    8.03953         27 0.0000e+00
    542.000    535.690     0.0311  28.829398     0.0328  28.828628     4.7072     4.7692    -0.0121    94.9178 1.0000e-12  -74.17530 -113.34456  27.010063      82.22 1.7400e+03    703.427      16883  1030.1597  1030.1573    34.3637    34.3609    8.03939         28 0.0000e+00
    543.000    536.676     0.0309  28.829678     0.0331  28.829417     4.7059     4.7725    -0.0163    94.9219 1.0000e-12  -74.17530 -113.34456  27.010076      81.11 1.7400e+03    704.569      16911  1030.1645  1030.1621    34.3637    34.3609    8.03944         27 0.0000e+00
    544.000    537.663     0.0327  28.831759     0.0350  28.831610     4.7072     4.7700    -0.0064    94.9381 1.0000e-12  -74.17530 -113.34456  27.010089      79.89 1.7400e+03    705.705      16938  1030.1692  1030.1668    34.3639    34.3611    8.03905         27 0.0000e+00
    545.000    538.651     0.0327  28.832173     0.0347  28.831696     4.7061     4.7652    -0.0058    94.9429 1.0000e-12  -74.17530 -113.34456  27.010102      78.64 1.7400e+03    706.844      16965  1030.1739  1030.1715    34.3638    34.3610    8.03905         27 0.0000e+00
    546.000    539.637     0.0327  28.832634     0.0349  28.832428     4.7069     4.7660    -0.0137    94.9468 1.0000e-12  -74.17530 -113.34456  27.010116      77.80 1.7400e+03    707.981      16993  1030.1787  1030.1764    34.3638    34.3612    8.03905         28 0.0000e+00
    547.000    540.625     0.0318  28.832570     0.0340  28.832374     4.7119     4.7703    -0.0104    94.9486 1.0000e-12  -74.17530 -113.34456  27.010129      76.97 1.7394e+03    709.120      17020  1030.1837  1030.1814    34.3641    34.3614    8.03922         27 0.0000e+00
    548.000    541.611     0.0314  28.832789     0.0335  28.832417     4.7071     4.7684    -0.0085    94.9624 1.0000e-12  -74.17530 -113.34456  27.010142      76.19 1.7387e+03    710.272      17048  1030.1886  1030.1863    34.3643    34.3615    8.03929         28 0.0000e+00
    549.000    542.598     0.0316  28.833359     0.0338  28.833049     4.7076     4.7682    -0.0017    94.9396 1.0000e-12  -74.17530 -113.34456  27.010155      74.61 1.7390e+03    711.431      17075  1030.1934  1030.1909    34.3643    34.3615    8.03926         28 0.0000e+00
    550.000    543.587     0.0331  28.835572     0.0349  28.834970     4.7063     4.7700    -0.0015    94.9334 1.0000e-12  -74.17530 -113.34456  27.010169      73.83 1.7385e+03    712.574      17103  1030.1985  1030.1961    34.3649    34.3621    8.03891         27 0.0000e+00
    551.000    544.571     0.0339  28.836806     0.0363  28.836975     4.7072     4.7731    -0.0004    94.9342 1.0000e-12  -74.17530 -113.34456  27.010182      72.54 1.7389e+03    713.714      17130  1030.2032  1030.2010    34.3651    34.3626    8.03873         25 0.0000e+00
    552.000    545.560     0.0327  28.836167     0.0343  28.835622     4.7123     4.7720    -0.0009    94.9385 1.0000e-12  -74.17530 -113.34456  27.010195      71.59 1.7393e+03    714.853      17157  1030.2081  1030.2059    34.3650    34.3625    8.03899         28 0.0000e+00
    553.000    546.547     0.0299  28.834064     0.0328  28.834522     4.7132     4.7731    -0.0163    94.9419 1.0000e-12  -74.17530 -113.34456  27.010208      70.31 1.7386e+03    715.998      17185  1030.2128  1030.2105    34.3648    34.3621    8.03959         27 0.0000e+00
    554.000    547.533     0.0325  28.836947     0.0359  28.837882     4.7093     4.7749    -0.0097    94.9542 1.0000e-12  -74.17530 -113.34456  27.010222      69.36 1.7394e+03    717.154      17213  1030.2175  1030.2152    34.3651    34.3626    8.03902         28 0.0000e+00
    555.000    548.521     0.0305  28.835462     0.0324  28.835073     4.7088     4.7770    -0.0161    94.9412 1.0000e-12  -74.17530 -113.34456  27.010235      68.39 1.7393e+03    718.315      17241  1030.2222  1030.2199    34.3648    34.3621    8.03946         28 0.0000e+00
    556.000    549.507     0.0311  28.836766     0.0332  28.836417     4.7068     4.7751    -0.0145    94.9572 1.0000e-12  -74.17530 -113.34456  27.010248      67.47 1.7397e+03    719.455      17268  1030.2272  1030.2248    34.3652    34.3624    8.03931         27 0.0000e+00
    557.000    550.494     0.0317  28.838019     0.0348  28.838870     4.7107     4.7748    -0.0068    94.9591 1.0000e-12  -74.17530 -113.34456  27.010261      66.46 1.7386e+03    720.590      17295  1030.2321  1030.2301    34.3656    34.3633    8.03916         27 0.0000e+00
    558.000    551.482     0.0322  28.839032     0.0347  28.839133     4.7087     4.7762    -0.0025    94.9486 1.0000e-12  -74.17530 -113.34456  27.010274      65.67 1.7382e+03    721.714      17322  1030.2370  1030.2346    34.3658    34.3631    8.03905         27 0.0000e+00
    559.000    552.469     0.0321  28.839249     0.0347  28.839590     4.7043     4.7747    -0.0082    94.9458 1.0000e-12  -74.17530 -113.34456  27.010287      64.72 1.7382e+03    722.835      17349  1030.2416  1030.2394    34.3657    34.3631    8.03908         27 0.0000e+00
    560.000    553.456     0.0322  28.839758     0.0347  28.839869     4.7055     4.7656    -0.0090    94.9688 1.0000e-12  -74.17530 -113.34456  27.010301      63.75 1.7382e+03    723.978      17376  1030.2463  1030.2440    34.3656    34.3630    8.03906         28 0.0000e+00
    561.000    554.443     0.0336  28.841639     0.0353  28.840858     4.7084     4.7684    -0.0082    94.9716 1.0000e-12  -74.17530 -113.34456  27.010314      62.87 1.7382e+03    725.146      17405  1030.2511  1030.2486    34.3659    34.3630    8.03875         28 0.0000e+00
    562.000    555.429     0.0346  28.843409     0.0368  28.843167     4.7061     4.7683    -0.0119    94.9579 1.0000e-12  -74.17530 -113.34456  27.010328      61.61 1.7382e+03    726.306      17432  1030.2562  1030.2539    34.3666    34.3638    8.03850         28 0.0000e+00
    563.000    556.417     0.0350  28.844425     0.0373  28.844304     4.7019     4.7718    -0.0118    94.9610 1.0000e-12  -74.17530 -113.34456  27.010341      60.55 1.7382e+03    727.444      17460  1030.2612  1030.2588    34.3669    34.3642    8.03840         27 0.0000e+00
    564.000    557.404     0.0350  28.844866     0.0373  28.844736     4.7031     4.7716    -0.0083    94.9430 1.0000e-12  -74.17530 -113.34455  27.010354      59.38 1.7382e+03    728.577      17487  1030.2659  1030.2636    34.3668    34.3642    8.03840         27 0.0000e+00
    565.000    558.390     0.0360  28.846618     0.0385  28.846528     4.7064     4.7651    -0.0051    94.9586 1.0000e-12  -74.17530 -113.34455  27.010367      58.53 1.7382e+03    729.717      17514  1030.2710  1030.2685    34.3675    34.3646    8.03816         28 0.0000e+00
    566.000    559.378     0.0397  28.851247     0.0417  28.850968     4.7022     4.7595    -0.0096    94.9781 1.0000e-12  -74.17530 -113.34455  27.010380      57.68 1.7382e+03    730.871      17542  1030.2765  1030.2742    34.3689    34.3662    8.03731         27 0.0000e+00
    567.000    560.364     0.0412  28.853556     0.0432  28.853178     4.7008     4.7663    -0.0058    94.9836 1.0000e-12  -74.17530 -113.34455  27.010394      56.29 1.7382e+03    732.032      17570  1030.2817  1030.2793    34.3697    34.3669    8.03695         28 0.0000e+00
    568.000    561.353     0.0414  28.854391     0.0436  28.854137     4.7034     4.7689    -0.0055    94.9695 1.0000e-12  -74.17530 -113.34454  27.010407      55.17 1.7379e+03    733.178      17597  1030.2867  1030.2843    34.3700    34.3672    8.03689         27 0.0000e+00
    569.000    562.338     0.0414  28.854960     0.0436  28.854754     4.7032     4.7693    -0.0077    94.9513 1.0000e-12  -74.17530 -113.34456  27.010420      54.65 1.7379e+03    734.302      17624  1030.2915  1030.2891    34.3701    34.3673    8.03688         27 0.0000e+00
    570.000    563.326     0.0419  28.856117     0.0442  28.855897     4.7036     4.7697    -0.0077    94.9563 1.0000e-12  -74.17530 -113.34454  27.010433      53.41 1.7374e+03    735.424      17651  1030.2964  1030.2940    34.3704    34.3676    8.03675         27 0.0000e+00
    571.000    564.312     0.0435  28.858190     0.0458  28.857975     4.7009     4.7702    -0.0077    94.9523 1.0000e-12  -74.17530 -113.34454  27.010446      52.23 1.7374e+03    736.570      17679  1030.3014  1030.2989    34.3709    34.3680    8.03640         28 0.0000e+00
    572.000    565.299     0.0444  28.859685     0.0467  28.859483     4.7026     4.7702    -0.0141    94.9438 1.0000e-12  -74.17530 -113.34455  27.010460      51.80 1.7378e+03    737.718      17706  1030.3063  1030.3039    34.3712    34.3684    8.03618         27 0.0000e+00
    573.000    566.286     0.0451  28.860825     0.0474  28.860629     4.7015     4.7707    -0.0095    94.9366 1.0000e-12  -74.17530 -113.34455  27.010473      50.61 1.7382e+03    738.863      17734  1030.3111  1030.3086    34.3714    34.3685    8.03603         28 0.0000e+00
    574.000    567.274     0.0472  28.863387     0.0491  28.862853     4.7008     4.7672    -0.0015    94.9162 1.0000e-12  -74.17530 -113.34454  27.010486      49.62 1.7382e+03    740.002      17761  1030.3159  1030.3136    34.3718    34.3690    8.03556         27 0.0000e+00
    575.000    568.259     0.0479  28.864664     0.0502  28.864539     4.7051     4.7620    -0.0074    94.9101 1.0000e-12  -74.17530 -113.34454  27.010499      48.52 1.7382e+03    741.132      17788  1030.3208  1030.3186    34.3721    34.3694    8.03539         28 0.0000e+00
    576.000    569.247     0.0482  28.865413     0.0504  28.865222     4.7027     4.7661    -0.0093    94.8879 1.0000e-12  -74.17530 -113.34454  27.010512      47.29 1.7386e+03    742.277      17816  1030.3256  1030.3233    34.3722    34.3695    8.03534         27 0.0000e+00
    577.000    570.234     0.0480  28.865629     0.0502  28.865469     4.7005     4.7665    -0.0145    94.9166 1.0000e-12  -74.17530 -113.34454  27.010526      46.21 1.7391e+03    743.444      17844  1030.3304  1030.3280    34.3721    34.3694    8.03539         28 0.0000e+00
    578.000    571.220     0.0480  28.866109     0.0502  28.865926     4.6935     4.7696    -0.0080    94.9084 1.0000e-12  -74.17530 -113.34454  27.010540      45.08 1.7387e+03    744.630      17872  1030.3351  1030.3328    34.3722    34.3695    8.03538         30 0.0000e+00
    579.000    572.208     0.0488  28.867416     0.0509  28.867189     4.7002     4.7698    -0.0084    94.9015 1.0000e-12  -74.17530 -113.34454  27.010554      44.01 1.7382e+03    745.877      17902  1030.3399  1030.3377    34.3724    34.3697    8.03519         30 0.0000e+00
    580.000    573.195     0.0490  28.868172     0.0512  28.867958     4.7029     4.7660    -0.0113    94.8834 1.0000e-12  -74.17530 -113.34454  27.010569      43.41 1.7382e+03    747.143      17932  1030.3449  1030.3425    34.3726    34.3698    8.03515         30 0.0000e+00
    581.000    574.181     0.0496  28.869319     0.0520  28.869171     4.7077     4.7692    -0.0152    94.9253 1.0000e-12  -74.17530 -113.34454  27.010584      42.17 1.7382e+03    748.437      17963  1030.3496  1030.3472    34.3728    34.3700    8.03500         32 0.0000e+00
    582.000    575.169     0.0508  28.870964     0.0530  28.870684     4.7058     4.7700    -0.0097    94.9268 1.0000e-12  -74.17530 -113.34455  27.010599      41.27 1.7382e+03    749.788      17996  1030.3544  1030.3521    34.3730    34.3703    8.03473         33 0.0000e+00
    583.000    576.155     0.0524  28.873025     0.0547  28.872776     4.7024     4.7706    -0.0097    94.9323 1.0000e-12  -74.17530 -113.34455  27.010615      40.35 1.7382e+03    751.172      18029  1030.3593  1030.3569    34.3734    34.3706    8.03438         33 0.0000e+00
    584.000    577.142     0.0529  28.873934     0.0552  28.873808     4.6995     4.7712    -0.0157    94.9265 1.0000e-12  -74.17530 -113.34455  27.010632      39.02 1.7382e+03    752.590      18063  1030.3641  1030.3617    34.3735    34.3708    8.03428         35 0.0000e+00
    585.000    578.129     0.0532  28.874652     0.0554  28.874429     4.6979     4.7704    -0.0106    94.9190 1.0000e-12  -74.17530 -113.34455  27.010649      38.13 1.7383e+03    754.057      18098  1030.3688  1030.3665    34.3736    34.3708    8.03422         34 0.0000e+00
    586.000    579.115     0.0532  28.875031     0.0554  28.874881     4.7014     4.7643    -0.0083    94.9185 1.0000e-12  -74.17530 -113.34455  27.010666      36.97 1.7396e+03    755.536      18134  1030.3735  1030.3712    34.3734    34.3708    8.03422         35 0.0000e+00
    587.000    580.102     0.0532  28.875477     0.0554  28.875289     4.6996     4.7662    -0.0047    94.9350 1.0000e-12  -74.17530 -113.34455  27.010683      35.77 1.7396e+03    757.015      18169  1030.3782  1030.3759    34.3734    34.3708    8.03422         36 0.0000e+00
    588.000    581.090     0.0538  28.876636     0.0559  28.876319     4.7080     4.7671    -0.0077    94.9110 1.0000e-12  -74.17530 -113.34455  27.010701      34.97 1.7388e+03    758.527      18206  1030.3830  1030.3807    34.3737    34.3710    8.03407         33 0.0000e+00
