ocean_section_plots/required_files/ctd/dnbp2202_ctd271.cnv
* Sea-Bird SBE 9 Data File:
* FileName = D:\Data\raw\NBP2202_CTD271.hex
* Software Version Seasave V 7.26.7.121
* Temperature SN = 1649
* Conductivity SN = 2513
* Number of Bytes Per Scan = 40
* Number of Voltage Words = 5
* Number of Scans Averaged by the Deck Unit = 1
* NMEA Latitude = 73 43.90 S
* NMEA Longitude = 116 51.21 W
* NMEA UTC (Time) = Feb 20 2022  20:05:26
* NMEA baud rate = 9600
** Ship: RVIB N.B. Palmer
** Cruise: NBP2202 Thwaites
** Station: 174
** Operator: A. Robinson
# nquan = 28
# nvalues = 626                         
# units = specified
# name 0 = prDM: Pressure, Digiquartz [db]
# name 1 = depSM: Depth [salt water, m]
# name 2 = t090C: Temperature [ITS-90, deg C]
# name 3 = c0mS/cm: Conductivity [mS/cm]
# name 4 = t190C: Temperature, 2 [ITS-90, deg C]
# name 5 = c1mS/cm: Conductivity, 2 [mS/cm]
# name 6 = sbeox0ML/L: Oxygen, SBE 43 [ml/l]
# name 7 = sbeox1ML/L: Oxygen, SBE 43, 2 [ml/l]
# name 8 = flECO-AFL: Fluorescence, WET Labs ECO-AFL/FL [mg/m^3]
# name 9 = CStarTr0: Beam Transmission, WET Labs C-Star [%]
# name 10 = par: PAR/Irradiance, Biospherical/Licor
# name 11 = latitude: Latitude [deg]
# name 12 = longitude: Longitude [deg]
# name 13 = timeJ: Julian Days
# name 14 = altM: Altimeter [m]
# name 15 = spar: SPAR, Biospherical/Licor
# name 16 = timeS: Time, Elapsed [seconds]
# name 17 = scan: Scan Count
# name 18 = density00: Density [density, kg/m^3]
# name 19 = density11: Density, 2 [density, kg/m^3]
# name 20 = v3: Voltage 3
# name 21 = v4: Voltage 4
# name 22 = v5: Voltage 5
# name 23 = sal00: Salinity, Practical [PSU]
# name 24 = sal11: Salinity, Practical, 2 [PSU]
# name 25 = oxsolML/L: Oxygen Saturation, Garcia & Gordon [ml/l]
# name 26 = nbin: number of scans per bin
# name 27 = flag: flag
# span 0 =      3.000,    628.000       
# span 1 =      2.970,    620.574       
# span 2 =    -1.7765,     0.1477       
# span 3 =  26.999995,  29.040519       
# span 4 =    -1.7756,     0.1544       
# span 5 =  27.000327,  29.045221       
# span 6 =     4.8229,     8.7679       
# span 7 =     4.9588,     9.0911       
# span 8 =     0.2185,    12.2980       
# span 9 =    88.0043,    97.7290       
# span 10 = -1.797e-06, 1.1674e+02      
# span 11 =  -73.73168,  -73.73166      
# span 12 = -116.85368, -116.85364      
# span 13 =  51.840109,  51.848728      
# span 14 =       2.14,     100.08      
# span 15 = 2.1003e+02, 2.6771e+02      
# span 16 =    259.441,   1004.118      
# span 17 =       6228,      24100      
# span 18 =  1027.0749,  1030.6343      
# span 19 =  1027.0741,  1030.6327      
# span 20 =     4.1749,     4.6361      
# span 21 =     0.1033,     2.1180      
# span 22 =     0.1093,     0.2098      
# span 23 =    33.7038,    34.4610      
# span 24 =    33.7033,    34.4598      
# span 25 =    8.00954,    8.44929      
# span 26 =         18,         48      
# span 27 = 0.0000e+00, 0.0000e+00      
# interval = decibars: 1                
# start_time = Feb 20 2022 20:05:26 [NMEA time, header]
# bad_flag = -9.990e-29
*END*
[from data line 259]
    262.000    259.130    -1.7546  27.021991    -1.7537  27.022340     6.4870     6.6656     0.5322    97.1641 1.0000e-12  -73.73166 -116.85366  51.843994      99.93 2.6267e+02    595.101      14283  1028.7156  1028.7151     4.6094     0.1555     0.1126    34.1081    34.1076    8.44491         23 0.0000e+00
    263.000    260.118    -1.7612  27.017131    -1.7603  27.017668     6.4855     6.6761     0.7972    97.3106 1.0000e-12  -73.73166 -116.85366  51.844006      84.43 2.6267e+02    596.125      14308  1028.7209  1028.7206     4.6162     0.1418     0.1203    34.1084    34.1081    8.44641         26 0.0000e+00
    264.000    261.106    -1.7634  27.016088    -1.7625  27.016461     6.4879     6.6830     0.6082    97.4368 1.0000e-12  -73.73166 -116.85366  51.844019      91.91 2.6267e+02    597.215      14334  1028.7260  1028.7256     4.6223     0.1376     0.1136    34.1087    34.1083    8.44687         26 0.0000e+00
    265.000    262.095    -1.7638  27.016351    -1.7629  27.016743     6.4925     6.6856     0.5668    97.5713 1.0000e-12  -73.73166 -116.85366  51.844031      99.95 2.6267e+02    598.295      14360  1028.7310  1028.7305     4.6287     0.1430     0.1152    34.1089    34.1085    8.44696         25 0.0000e+00
    266.000    263.084    -1.7643  27.016398    -1.7636  27.016768     6.4910     6.6880     0.6162    97.0767 1.0000e-12  -73.73166 -116.85366  51.844043      99.93 2.6267e+02    599.310      14384  1028.7358  1028.7355     4.6052     0.1318     0.1122    34.1090    34.1088    8.44708         23 0.0000e+00
    267.000    264.072    -1.7658  27.016043    -1.7650  27.016372     6.4948     6.6846     0.5667    97.3726 1.0000e-12  -73.73166 -116.85366  51.844054      99.92 2.6292e+02    600.249      14407  1028.7411  1028.7407     4.6193     0.2261     0.1130    34.1096    34.1091    8.44738         22 0.0000e+00
    268.000    265.060    -1.7671  27.015642    -1.7663  27.016015     6.4855     6.6873     0.5781    97.5071 1.0000e-12  -73.73166 -116.85366  51.844064      99.93 2.6355e+02    601.153      14429  1028.7462  1028.7458     4.6255     0.2135     0.1228    34.1099    34.1095    8.44766         22 0.0000e+00
    269.000    266.049    -1.7677  27.015771    -1.7668  27.016189     6.4914     6.6860     0.5260    97.3836 1.0000e-12  -73.73166 -116.85366  51.844075      99.93 2.6333e+02    602.108      14452  1028.7511  1028.7507     4.6198     0.1498     0.1159    34.1101    34.1097    8.44778         24 0.0000e+00
    270.000    267.036    -1.7681  27.016078    -1.7673  27.016389     6.4925     6.6817     0.5079    97.5455 1.0000e-12  -73.73166 -116.85366  51.844088      99.94 2.6287e+02    603.161      14477  1028.7561  1028.7556     4.6274     0.1644     0.1160    34.1104    34.1099    8.44786         27 0.0000e+00
    271.000    268.025    -1.7682  27.016624    -1.7673  27.016910     6.4877     6.6883     0.6845    97.1179 1.0000e-12  -73.73166 -116.85366  51.844100      99.93 2.6288e+02    604.247      14503  1028.7611  1028.7605     4.6072     0.1510     0.1155    34.1107    34.1100    8.44787         25 0.0000e+00
    272.000    269.014    -1.7685  27.017254    -1.7677  27.017581     6.4894     6.6949     0.9773    97.0136 1.0000e-12  -73.73166 -116.85366  51.844112      99.93 2.6304e+02    605.285      14528  1028.7663  1028.7659     4.6024     0.1341     0.1157    34.1113    34.1107    8.44790         24 0.0000e+00
    273.000    270.003    -1.7685  27.018025    -1.7676  27.018371     6.4905     6.6934     0.4729    97.3861 1.0000e-12  -73.73166 -116.85366  51.844123      99.93 2.6323e+02    606.228      14550  1028.7714  1028.7710     4.6197     0.1647     0.1131    34.1117    34.1112    8.44787         22 0.0000e+00
    274.000    270.991    -1.7685  27.018380    -1.7676  27.018842     6.5000     6.6863     0.6626    97.3411 1.0000e-12  -73.73166 -116.85366  51.844133      99.93 2.6276e+02    607.121      14572  1028.7761  1028.7757     4.6177     0.1608     0.1127    34.1116    34.1112    8.44788         22 0.0000e+00
    275.000    271.978    -1.7685  27.018958    -1.7676  27.019336     6.4894     6.6816     0.7842    97.3411 1.0000e-12  -73.73166 -116.85366  51.844144      86.99 2.6297e+02    608.049      14594  1028.7810  1028.7805     4.6177     0.1442     0.1110    34.1118    34.1112    8.44787         23 0.0000e+00
    276.000    272.968    -1.7682  27.019919    -1.7673  27.020285     6.4813     6.6816     0.7144    97.1585 1.0000e-12  -73.73166 -116.85366  51.844156      81.19 2.6267e+02    609.075      14619  1028.7860  1028.7855     4.6091     0.1893     0.1122    34.1121    34.1115    8.44778         25 0.0000e+00
    277.000    273.955    -1.7687  27.020189    -1.7679  27.020478     6.4879     6.6843     0.5715    97.4484 1.0000e-12  -73.73166 -116.85366  51.844169      95.64 2.6267e+02    610.182      14645  1028.7911  1028.7906     4.6228     0.2539     0.1240    34.1124    34.1118    8.44787         27 0.0000e+00
    278.000    274.944    -1.7695  27.020077    -1.7688  27.020351     6.4940     6.6843     0.5643    97.4097 1.0000e-12  -73.73166 -116.85366  51.844181      99.95 2.6267e+02    611.233      14671  1028.7960  1028.7956     4.6210     0.1525     0.1162    34.1125    34.1121    8.44805         24 0.0000e+00
    279.000    275.933    -1.7702  27.020064    -1.7692  27.020483     6.4998     6.6877     0.6033    97.2312 1.0000e-12  -73.73168 -116.85366  51.844192      99.93 2.6267e+02    612.180      14693  1028.8010  1028.8005     4.6125     0.1430     0.1155    34.1127    34.1121    8.44820         22 0.0000e+00
    280.000    276.919    -1.7703  27.020422    -1.7694  27.020803     6.4951     6.6877     0.6303    97.1663 1.0000e-12  -73.73166 -116.85366  51.844202      99.93 2.6250e+02    613.073      14715  1028.8057  1028.8053     4.6095     0.1533     0.1171    34.1126    34.1122    8.44822         21 0.0000e+00
    281.000    277.910    -1.7704  27.020887    -1.7695  27.021015     6.4902     6.6827     0.4991    97.2898 1.0000e-12  -73.73166 -116.85366  51.844213      99.92 2.6267e+02    614.002      14737  1028.8106  1028.8100     4.6153     0.2185     0.1160    34.1128    34.1120    8.44824         23 0.0000e+00
    282.000    278.898    -1.7704  27.021366    -1.7694  27.021692     6.4829     6.6763     0.5292    97.2380 1.0000e-12  -73.73166 -116.85366  51.844225      99.93 2.6175e+02    615.050      14762  1028.8154  1028.8149     4.6128     0.1497     0.1159    34.1128    34.1122    8.44823         27 0.0000e+00
    283.000    279.886    -1.7701  27.022214    -1.7692  27.022490     6.4808     6.6814     0.4616    97.4202 1.0000e-12  -73.73166 -116.85366  51.844238      99.93 2.6037e+02    616.182      14789  1028.8204  1028.8199     4.6215     0.1565     0.1140    34.1131    34.1125    8.44816         27 0.0000e+00
    284.000    280.874    -1.7701  27.022863    -1.7692  27.023223     6.4833     6.6868     0.7492    97.5050 1.0000e-12  -73.73166 -116.85366  51.844250      99.93 2.6032e+02    617.238      14815  1028.8254  1028.8249     4.6255     0.1412     0.1154    34.1133    34.1128    8.44813         24 0.0000e+00
    285.000    281.862    -1.7698  27.024051    -1.7688  27.024366     6.4916     6.6879     0.5448    97.5113 1.0000e-12  -73.73166 -116.85366  51.844261      99.92 2.6040e+02    618.168      14837  1028.8307  1028.8301     4.6258     0.1700     0.1198    34.1139    34.1133    8.44802         21 0.0000e+00
    286.000    282.851    -1.7702  27.024122    -1.7694  27.024454     6.4915     6.6889     0.5026    97.4187 1.0000e-12  -73.73166 -116.85366  51.844271      99.93 2.5990e+02    619.036      14858  1028.8354  1028.8350     4.6214     0.1563     0.1151    34.1139    34.1134    8.44812         21 0.0000e+00
    287.000    283.837    -1.7710  27.023964    -1.7702  27.024405     6.4889     6.6908     0.5121    97.3593 1.0000e-12  -73.73166 -116.85367  51.844282      99.92 2.6037e+02    619.954      14880  1028.8404  1028.8401     4.6186     0.2301     0.1162    34.1140    34.1137    8.44830         23 0.0000e+00
    288.000    284.828    -1.7713  27.024381    -1.7704  27.024692     6.4978     6.6933     0.6178    97.3711 1.0000e-12  -73.73166 -116.85367  51.844294      99.92 2.5926e+02    621.008      14905  1028.8454  1028.8449     4.6191     0.2497     0.1166    34.1143    34.1137    8.44835         27 0.0000e+00
    289.000    285.815    -1.7716  27.024600    -1.7707  27.024972     6.5006     6.6967     0.7011    97.1339 1.0000e-12  -73.73166 -116.85368  51.844307      99.93 2.5835e+02    622.137      14932  1028.8502  1028.8497     4.6079     0.1546     0.1200    34.1143    34.1138    8.44842         27 0.0000e+00
    290.000    286.804    -1.7735  27.023601    -1.7725  27.024081     6.4984     6.6981     0.3733    97.2415 1.0000e-12  -73.73166 -116.85366  51.844319      93.86 2.5899e+02    623.188      14958  1028.8552  1028.8548     4.6129     0.1575     0.1158    34.1145    34.1140    8.44884         24 0.0000e+00
    291.000    287.793    -1.7745  27.023300    -1.7737  27.023619     6.4998     6.7057     0.3799    97.1281 1.0000e-12  -73.73166 -116.85368  51.844330      99.92 2.5866e+02    624.145      14980  1028.8601  1028.8597     4.6076     0.1851     0.1534    34.1145    34.1141    8.44906         22 0.0000e+00
    292.000    288.779    -1.7750  27.023367    -1.7742  27.023710     6.5092     6.7062     0.4242    96.9975 1.0000e-12  -73.73166 -116.85368  51.844341      99.93 2.5787e+02    625.050      15002  1028.8650  1028.8646     4.6014     0.1478     0.1155    34.1146    34.1141    8.44917         22 0.0000e+00
    293.000    289.769    -1.7754  27.023687    -1.7746  27.024013     6.5116     6.7034     0.3984    97.1801 1.0000e-12  -73.73166 -116.85368  51.844352      99.93 2.5724e+02    625.979      15024  1028.8700  1028.8696     4.6101     0.1358     0.1157    34.1149    34.1144    8.44924         23 0.0000e+00
    294.000    290.757    -1.7753  27.024377    -1.7744  27.024652     6.5077     6.7045     0.5124    97.2926 1.0000e-12  -73.73166 -116.85368  51.844364      99.92 2.5725e+02    627.022      15050  1028.8751  1028.8744     4.6154     0.1534     0.1144    34.1152    34.1145    8.44922         27 0.0000e+00
    295.000    291.744    -1.7750  27.025179    -1.7741  27.025439     6.4996     6.7024     0.4681    97.3868 1.0000e-12  -73.73166 -116.85368  51.844377      99.94 2.5634e+02    628.162      15077  1028.8799  1028.8793     4.6199     0.1390     0.1141    34.1153    34.1146    8.44914         27 0.0000e+00
    296.000    292.732    -1.7749  27.025548    -1.7742  27.025889     6.5017     6.7031     0.3661    97.3989 1.0000e-12  -73.73166 -116.85368  51.844389      99.92 2.5576e+02    629.251      15103  1028.8845  1028.8842     4.6205     0.1619     0.1142    34.1151    34.1147    8.44914         25 0.0000e+00
    297.000    293.723    -1.7751  27.026269    -1.7742  27.026632     6.4993     6.7049     0.4144    97.4242 1.0000e-12  -73.73166 -116.85368  51.844401      99.93 2.5489e+02    630.233      15127  1028.8898  1028.8893     4.6217     0.1450     0.1159    34.1157    34.1152    8.44914         22 0.0000e+00
    298.000    294.709    -1.7750  27.027051    -1.7742  27.027325     6.5009     6.7040     0.4572    97.2862 1.0000e-12  -73.73166 -116.85368  51.844411      99.93 2.5401e+02    631.138      15148  1028.8948  1028.8944     4.6151     0.1417     0.1142    34.1159    34.1155    8.44909         21 0.0000e+00
    299.000    295.699    -1.7749  27.027590    -1.7742  27.027809     6.4996     6.7002     0.4708    97.4609 1.0000e-12  -73.73166 -116.85368  51.844422      99.91 2.5257e+02    632.023      15170  1028.8996  1028.8992     4.6234     0.2783     0.1166    34.1160    34.1155    8.44907         22 0.0000e+00
    300.000    296.686    -1.7748  27.028302    -1.7740  27.028639     6.5015     6.6923     0.4840    97.3939 1.0000e-12  -73.73166 -116.85368  51.844433      99.93 2.5210e+02    633.005      15193  1028.9046  1028.9041     4.6203     0.1809     0.1153    34.1163    34.1158    8.44904         26 0.0000e+00
    301.000    297.674    -1.7745  27.029021    -1.7737  27.029312     6.5026     6.6955     0.5172    97.4666 1.0000e-12  -73.73166 -116.85368  51.844446      99.92 2.5153e+02    634.132      15220  1028.9094  1028.9089     4.6236     0.2044     0.1181    34.1163    34.1157    8.44897         28 0.0000e+00
    302.000    298.662    -1.7741  27.029850    -1.7734  27.030043     6.4932     6.6885     0.4306    97.2668 1.0000e-12  -73.73166 -116.85368  51.844459      99.92 2.5046e+02    635.293      15248  1028.9142  1028.9138     4.6142     0.1598     0.1205    34.1163    34.1158    8.44887         27 0.0000e+00
    303.000    299.652    -1.7738  27.030686    -1.7730  27.030918     6.4913     6.6916     0.3699    97.2874 1.0000e-12  -73.73166 -116.85368  51.844471      99.83 2.5025e+02    636.336      15273  1028.9192  1028.9186     4.6152     0.1519     0.1162    34.1166    34.1160    8.44880         23 0.0000e+00
    304.000    300.638    -1.7726  27.032528    -1.7718  27.032867     6.5005     6.6989     0.3855    97.3627 1.0000e-12  -73.73166 -116.85366  51.844482      99.94 2.5001e+02    637.265      15295  1028.9243  1028.9239     4.6186     0.1301     0.1136    34.1171    34.1166    8.44848         22 0.0000e+00
    305.000    301.629    -1.7741  27.032068    -1.7734  27.032407     6.5095     6.7086     0.6394    97.1944 1.0000e-12  -73.73166 -116.85368  51.844492      99.93 2.4877e+02    638.144      15316  1028.9296  1028.9292     4.6109     0.1464     0.1154    34.1176    34.1172    8.44880         21 0.0000e+00
    306.000    302.614    -1.7759  27.031451    -1.7751  27.031797     6.5094     6.7103     0.7181    97.3197 1.0000e-12  -73.73166 -116.85366  51.844503      99.93 2.4857e+02    639.053      15338  1028.9349  1028.9345     4.6167     0.1501     0.1156    34.1182    34.1177    8.44918         22 0.0000e+00
    307.000    303.605    -1.7765  27.031645    -1.7756  27.031987     6.4959     6.6908     0.5293    97.2655 1.0000e-12  -73.73166 -116.85368  51.844515      99.92 2.4837e+02    640.076      15363  1028.9400  1028.9396     4.6141     0.1730     0.1153    34.1185    34.1179    8.44929         27 0.0000e+00
    308.000    304.591    -1.7723  27.036493    -1.7707  27.036871     6.4857     6.6917     0.4344    97.1364 1.0000e-12  -73.73166 -116.85366  51.844528      99.90 2.4679e+02    641.259      15391  1028.9456  1028.9445     4.6080     0.3242     0.1308    34.1198    34.1185    8.44826         29 0.0000e+00
    309.000    305.581    -1.7649  27.043230    -1.7644  27.043141     6.4802     6.6860     0.4444    97.4822 1.0000e-12  -73.73166 -116.85366  51.844542      99.93 2.4694e+02    642.459      15420  1028.9501  1028.9496     4.6244     0.1630     0.1187    34.1201    34.1193    8.44656         27 0.0000e+00
    310.000    306.568    -1.7660  27.042972    -1.7649  27.043428     6.4630     6.6631     0.5622    97.1785 1.0000e-12  -73.73166 -116.85366  51.844554      99.92 2.4649e+02    643.476      15444  1028.9552  1028.9547     4.6100     0.1628     0.1187    34.1202    34.1196    8.44678         23 0.0000e+00
    311.000    307.557    -1.7628  27.046374    -1.7618  27.046690     6.4540     6.6501     0.6233    97.2741 1.0000e-12  -73.73166 -116.85366  51.844564      99.93 2.4539e+02    644.358      15466  1028.9602  1028.9596     4.6146     0.1592     0.1124    34.1207    34.1200    8.44602         20 0.0000e+00
    312.000    308.545    -1.7553  27.053660    -1.7532  27.054921     6.4477     6.6433     0.5685    97.3975 1.0000e-12  -73.73166 -116.85366  51.844574      99.93 2.4621e+02    645.210      15486  1028.9653  1028.9646     4.6204     0.1377     0.1157    34.1216    34.1209    8.44426         21 0.0000e+00
