ocean_section_plots/required_files/ctd/dnbp2202_ctd173.cnv
* Sea-Bird SBE 9 Data File:
* FileName = D:\Data\raw\NBP2202_CTD173.hex
* Software Version Seasave V 7.26.7.121
* Temperature SN = 1649
* Conductivity SN = 2513
* Number of Bytes Per Scan = 40
* Number of Voltage Words = 5
* Number of Scans Averaged by the Deck Unit = 1
* NMEA Latitude = 74 05.23 S
* NMEA Longitude = 110 45.91 W
* NMEA UTC (Time) = Feb 03 2022  17:06:50
* NMEA baud rate = 9600
** Ship: RVIB N.B. Palmer
** Cruise: NBP2202 Thwaites
** Station: 95
** Operator: A. Robinson
# nquan = 28
# nvalues = 549                         
# units = specified
# name 0 = prDM: Pressure, Digiquartz [db]
# name 1 = depSM: Depth [salt water, m]
# name 2 = t090C: Temperature [ITS-90, deg C]
# name 3 = c0mS/cm: Conductivity [mS/cm]
# name 4 = t190C: Temperature, 2 [ITS-90, deg C]
# name 5 = c1mS/cm: Conductivity, 2 [mS/cm]
# name 6 = sbeox0ML/L: Oxygen, SBE 43 [ml/l]
# name 7 = sbeox1ML/L: Oxygen, SBE 43, 2 [ml/l]
# name 8 = flECO-AFL: Fluorescence, WET Labs ECO-AFL/FL [mg/m^3]
# name 9 = CStarTr0: Beam Transmission, WET Labs C-Star [%]
# name 10 = par: PAR/Irradiance, Biospherical/Licor
# name 11 = latitude: Latitude [deg]
# name 12 = longitude: Longitude [deg]
# name 13 = timeJ: Julian Days
# name 14 = altM: Altimeter [m]
# name 15 = spar: SPAR, Biospherical/Licor
# name 16 = timeS: Time, Elapsed [seconds]
# name 17 = scan: Scan Count
# name 18 = density00: Density [density, kg/m^3]
# name 19 = density11: Density, 2 [density, kg/m^3]
# name 20 = v3: Voltage 3
# name 21 = v4: Voltage 4
# name 22 = v5: Voltage 5
# name 23 = sal00: Salinity, Practical [PSU]
# name 24 = sal11: Salinity, Practical, 2 [PSU]
# name 25 = oxsolML/L: Oxygen Saturation, Garcia & Gordon [ml/l]
# name 26 = nbin: number of scans per bin
# name 27 = flag: flag
# span 0 =      2.000,    550.000       
# span 1 =      1.977,    543.588       
# span 2 =    -1.5625,    -0.8974       
# span 3 =  26.764428,  27.930485       
# span 4 =    -1.5658,    -0.8961       
# span 5 =  26.764656,  27.929643       
# span 6 =     5.7711,     7.3073       
# span 7 =     5.8806,     7.4476       
# span 8 =    -0.0214,     9.4719       
# span 9 =    87.5972,    98.7752       
# span 10 = 1.0000e-12, 1.2621e+02      
# span 11 =  -74.08728,  -74.08728      
# span 12 = -110.76518, -110.76514      
# span 13 =  34.716292,  34.725166      
# span 14 =       2.21,     100.56      
# span 15 = 1.8263e+03, 1.8365e+03      
# span 16 =    277.635,   1044.360      
# span 17 =       6664,      25066      
# span 18 =  1027.1150,  1030.1252      
# span 19 =  1027.1191,  1030.1235      
# span 20 =     4.1557,     4.6857      
# span 21 =     0.0639,     1.3012      
# span 22 =     0.1156,     0.1646      
# span 23 =    33.6846,    34.2027      
# span 24 =    33.6888,    34.2004      
# span 25 =    8.24771,    8.42652      
# span 26 =         25,         57      
# span 27 = 0.0000e+00, 0.0000e+00      
# interval = decibars: 1                
# start_time = Feb 03 2022 17:06:50 [NMEA time, header]
# bad_flag = -9.990e-29
*END*
[from data line 52]
     54.000     53.433    -1.3769  27.040423    -1.3781  27.040496     6.8775     7.0730     4.5308    88.7108 6.6823e+00  -74.08728 -110.76516  34.717463      99.66 1.8272e+03    378.770       9091  1027.4805  1027.4817     4.2085     0.6366     0.1348    33.8336    33.8350    8.37582         40 0.0000e+00
     55.000     54.423    -1.3768  27.042298    -1.3783  27.042273     6.8487     7.0548     5.7470    90.6812 5.8131e+00  -74.08728 -110.76516  34.717483      99.59 1.8300e+03    380.498       9133  1027.4868  1027.4882     4.3019     0.9140     0.1369    33.8354    33.8371    8.37569         38 0.0000e+00
     56.000     55.413    -1.3794  27.042367    -1.3810  27.042391     6.6562     6.8902     5.7703    91.1943 4.9878e+00  -74.08728 -110.76516  34.717503      99.62 1.8304e+03    382.223       9174  1027.4937  1027.4954     4.3262     0.8051     0.1401    33.8378    33.8397    8.37613         41 0.0000e+00
     57.000     56.403    -1.4107  27.022787    -1.4128  27.023333     6.4900     6.7407     5.3073    91.5030 4.2373e+00  -74.08728 -110.76516  34.717522      99.61 1.8295e+03    383.940       9216  1027.5068  1027.5094     4.3410     0.8676     0.1420    33.8458    33.8489    8.38271         39 0.0000e+00
     58.000     57.392    -1.4250  27.017681    -1.4267  27.017782     6.4477     6.6941     5.7025    90.9366 3.5893e+00  -74.08728 -110.76516  34.717542      99.62 1.8298e+03    385.660       9257  1027.5192  1027.5210     4.3140     0.8083     0.1358    33.8543    33.8564    8.38542         41 0.0000e+00
     59.000     58.381    -1.4289  27.016666    -1.4303  27.016744     6.4366     6.6682     5.1490    91.0104 3.0427e+00  -74.08728 -110.76516  34.717562      99.64 1.8308e+03    387.371       9298  1027.5260  1027.5274     4.3176     0.7189     0.1376    33.8567    33.8584    8.38615         35 0.0000e+00
     60.000     59.370    -1.4313  27.015876    -1.4330  27.015895     6.4251     6.6460     3.9484    89.8801 2.6358e+00  -74.08728 -110.76516  34.717582      99.61 1.8294e+03    389.071       9339  1027.5315  1027.5332     4.2640     0.8663     0.1357    33.8577    33.8597    8.38662         39 0.0000e+00
     61.000     60.360    -1.4366  27.013553    -1.4382  27.013576     6.4210     6.6403     3.5294    91.1875 2.3336e+00  -74.08728 -110.76516  34.717602      99.66 1.8300e+03    390.776       9380  1027.5383  1027.5398     4.3257     0.6303     0.1344    33.8599    33.8618    8.38769         39 0.0000e+00
     62.000     61.349    -1.4354  27.015642    -1.4367  27.015754     6.4336     6.6395     2.6945    91.3597 2.0751e+00  -74.08728 -110.76516  34.717621      99.65 1.8309e+03    392.490       9421  1027.5436  1027.5450     4.3342     0.6968     0.1286    33.8608    33.8625    8.38738         35 0.0000e+00
     63.000     62.339    -1.4332  27.019465    -1.4345  27.019175     6.4675     6.6715     3.6895    91.1911 1.8618e+00  -74.08728 -110.76516  34.717641      99.67 1.8294e+03    394.197       9462  1027.5498  1027.5508     4.3267     0.5593     0.1332    33.8629    33.8640    8.38674         37 0.0000e+00
     64.000     63.328    -1.4299  27.026929    -1.4310  27.026452     6.5747     6.7696     2.9547    91.4046 1.6697e+00  -74.08728 -110.76516  34.717661      99.67 1.8297e+03    395.922       9503  1027.5592  1027.5597     4.3361     0.5918     0.1308    33.8688    33.8695    8.38565         41 0.0000e+00
     65.000     64.317    -1.4210  27.037762    -1.4219  27.037377     6.7420     6.9205     3.3981    92.2332 1.5023e+00  -74.08728 -110.76516  34.717681      98.19 1.8310e+03    397.649       9545  1027.5669  1027.5672     4.3752     0.5056     0.1307    33.8731    33.8735    8.38340         42 0.0000e+00
     66.000     65.308    -1.4103  27.048947    -1.4115  27.048542     6.9984     7.1680     3.6887    92.4598 1.3487e+00  -74.08728 -110.76516  34.717701      99.60 1.8305e+03    399.364       9586  1027.5733  1027.5739     4.3862     0.6296     0.1330    33.8757    33.8765    8.38083         37 0.0000e+00
     67.000     66.295    -1.3929  27.066482    -1.3924  27.066343     7.3073     7.4415     4.5992    92.6748 1.2065e+00  -74.08728 -110.76516  34.717721      99.61 1.8298e+03    401.077       9627  1027.5801  1027.5795     4.3964     0.8306     0.1370    33.8795    33.8787    8.37669         40 0.0000e+00
     68.000     67.286    -1.3708  27.087188    -1.3727  27.086876     7.2829     7.4476     6.5424    93.5497 1.0575e+00  -74.08728 -110.76516  34.717739      99.60 1.8314e+03    402.685       9665  1027.5861  1027.5876     4.4378     0.8725     0.1336    33.8823    33.8841    8.37156         37 0.0000e+00
     69.000     68.275    -1.3812  27.080940    -1.3827  27.080965     7.1496     7.3630     8.6547    91.6385 9.0704e-01  -74.08728 -110.76516  34.717756      99.47 1.8312e+03    404.162       9701  1027.5938  1027.5952     4.3475     1.2582     0.1567    33.8848    33.8866    8.37373         34 0.0000e+00
     70.000     69.264    -1.3873  27.077101    -1.3886  27.077040     7.0003     7.2380     9.4719    90.6800 7.3784e-01  -74.08728 -110.76516  34.717773      99.49 1.8304e+03    405.571       9735  1027.5999  1027.6011     4.3019     1.2095     0.1646    33.8858    33.8873    8.37504         34 0.0000e+00
     71.000     70.254    -1.4029  27.065934    -1.4042  27.066433     6.8825     7.1269     9.3898    89.8795 5.8409e-01  -74.08728 -110.76516  34.717789      99.45 1.8314e+03    406.953       9768  1027.6071  1027.6089     4.2639     1.3012     0.1587    33.8875    33.8897    8.37845         33 0.0000e+00
     72.000     71.242    -1.4126  27.060097    -1.4141  27.060185     6.8304     7.0796     8.8983    88.9705 4.6449e-01  -74.08728 -110.76516  34.717805      99.49 1.8314e+03    408.319       9801  1027.6144  1027.6159     4.2208     1.2255     0.1593    33.8899    33.8917    8.38050         31 0.0000e+00
     73.000     72.234    -1.4327  27.049169    -1.4344  27.049220     6.9135     7.1437     8.4969    87.7989 3.7343e-01  -74.08728 -110.76516  34.717820      99.49 1.8302e+03    409.660       9833  1027.6261  1027.6278     4.1653     1.1961     0.1457    33.8971    33.8991    8.38461         30 0.0000e+00
     74.000     73.221    -1.4394  27.047664    -1.4408  27.047618     6.9688     7.1897     7.1500    88.2371 3.0411e-01  -74.08728 -110.76516  34.717836      99.57 1.8313e+03    410.999       9865  1027.6352  1027.6365     4.1860     0.9973     0.1391    33.9020    33.9036    8.38582         32 0.0000e+00
     75.000     74.211    -1.4487  27.043730    -1.4501  27.043790     6.9617     7.1824     6.3519    87.5972 2.5156e-01  -74.08728 -110.76516  34.717851      99.55 1.8316e+03    412.324       9897  1027.6440  1027.6455     4.1557     1.0628     0.1441    33.9065    33.9082    8.38764         31 0.0000e+00
     76.000     75.200    -1.4540  27.041474    -1.4545  27.041938     6.9273     7.1563     7.0049    88.6217 2.0975e-01  -74.08728 -110.76515  34.717866      99.54 1.8304e+03    413.592       9927  1027.6508  1027.6518     4.2043     1.0621     0.1497    33.9087    33.9100    8.38869         30 0.0000e+00
     77.000     76.189    -1.4592  27.038900    -1.4609  27.038760     6.8931     7.1244     7.0834    87.9417 1.7185e-01  -74.08728 -110.76515  34.717880      99.53 1.8311e+03    414.850       9957  1027.6573  1027.6587     4.1720     1.1185     0.1462    33.9105    33.9122    8.38977         30 0.0000e+00
     78.000     77.179    -1.4620  27.037776    -1.4629  27.037987     6.8581     7.0891     6.5978    88.6402 1.3870e-01  -74.08728 -110.76514  34.717895      99.53 1.8314e+03    416.085       9987  1027.6628  1027.6640     4.2051     1.1011     0.1351    33.9115    33.9128    8.39034         29 0.0000e+00
     79.000     78.168    -1.4644  27.036929    -1.4656  27.036971     6.8323     7.0696     5.9359    88.9343 1.1127e-01  -74.08728 -110.76514  34.717908      99.60 1.8303e+03    417.267      10015  1027.6684  1027.6696     4.2191     0.9356     0.1385    33.9124    33.9139    8.39082         28 0.0000e+00
     80.000     79.157    -1.4659  27.036510    -1.4668  27.036835     6.7880     7.0276     5.8744    89.2890 8.8348e-02  -74.08728 -110.76514  34.717922      99.58 1.8316e+03    418.467      10044  1027.6736  1027.6748     4.2359     0.9341     0.1464    33.9129    33.9144    8.39113         29 0.0000e+00
     81.000     80.146    -1.4665  27.036643    -1.4675  27.036774     6.6948     6.9428     5.0061    89.7650 7.0123e-02  -74.08728 -110.76516  34.717936      99.58 1.8320e+03    419.669      10073  1027.6785  1027.6797     4.2585     0.9819     0.1499    33.9132    33.9145    8.39126         29 0.0000e+00
     82.000     81.136    -1.4694  27.035536    -1.4704  27.035639     6.6093     6.8545     5.9082    89.6855 5.4865e-02  -74.08728 -110.76516  34.717949      99.62 1.8317e+03    420.829      10101  1027.6844  1027.6854     4.2547     0.8203     0.1493    33.9143    33.9155    8.39184         27 0.0000e+00
     83.000     82.124    -1.4728  27.034221    -1.4745  27.034104     6.5360     6.7797     5.4270    89.8424 4.1307e-02  -74.08728 -110.76516  34.717963      99.61 1.8318e+03    422.015      10129  1027.6905  1027.6919     4.2622     0.8373     0.1331    33.9158    33.9175    8.39253         29 0.0000e+00
     84.000     83.113    -1.4779  27.032546    -1.4799  27.032216     6.4844     6.7304     5.5779    89.8440 2.9913e-02  -74.08728 -110.76516  34.717977      99.64 1.8333e+03    423.210      10158  1027.6977  1027.6993     4.2622     0.7856     0.1388    33.9185    33.9204    8.39350         29 0.0000e+00
     85.000     84.104    -1.4828  27.030989    -1.4840  27.030965     6.4681     6.7068     4.0690    90.0387 2.1008e-02  -74.08728 -110.76516  34.717991      99.65 1.8325e+03    424.385      10186  1027.7050  1027.7061     4.2715     0.6584     0.1341    33.9214    33.9227    8.39444         28 0.0000e+00
     86.000     85.092    -1.4843  27.030941    -1.4856  27.030815     6.4845     6.7079     4.3392    90.9576 1.4062e-02  -74.08728 -110.76516  34.718004      99.68 1.8321e+03    425.570      10215  1027.7107  1027.7118     4.3150     0.5221     0.1297    33.9224    33.9237    8.39472         29 0.0000e+00
     87.000     86.081    -1.4859  27.030732    -1.4869  27.030711     6.4957     6.7177     3.5070    90.8508 7.8893e-03  -74.08728 -110.76516  34.718018      99.69 1.8337e+03    426.770      10243  1027.7162  1027.7171     4.3100     0.5072     0.1307    33.9233    33.9244    8.39502         28 0.0000e+00
     88.000     87.072    -1.4898  27.029694    -1.4908  27.029709     6.5191     6.7344     2.7095    92.0169 2.4199e-03  -74.08728 -110.76516  34.718032      99.69 1.8327e+03    427.950      10272  1027.7231  1027.7240     4.3652     0.4760     0.1260    33.9257    33.9269    8.39577         29 0.0000e+00
     89.000     88.061    -1.4934  27.028613    -1.4941  27.028869     6.5395     6.7453     2.6980    92.7638 1.9801e-05  -74.08728 -110.76516  34.718046      99.68 1.8320e+03    429.136      10300  1027.7296  1027.7306     4.4007     0.5409     0.1272    33.9277    33.9288    8.39646         28 0.0000e+00
     90.000     89.049    -1.4948  27.028319    -1.4954  27.028496     6.5605     6.7632     2.8769    93.2181 1.0000e-12  -74.08728 -110.76516  34.718059      99.68 1.8341e+03    430.331      10329  1027.7349  1027.7357     4.4222     0.5506     0.1256    33.9282    33.9292    8.39674         29 0.0000e+00
     91.000     90.039    -1.4941  27.029224    -1.4948  27.029310     6.5986     6.7857     2.4538    93.5930 1.0000e-12  -74.08728 -110.76516  34.718073      99.69 1.8331e+03    431.515      10357  1027.7394  1027.7402     4.4401     0.5092     0.1291    33.9280    33.9290    8.39659         28 0.0000e+00
     92.000     91.028    -1.4944  27.029090    -1.4951  27.029237     6.6152     6.8070     2.1901    93.8921 1.0000e-12  -74.08728 -110.76516  34.718087      99.70 1.8319e+03    432.695      10386  1027.7438  1027.7447     4.4541     0.4562     0.1290    33.9275    33.9286    8.39669         29 0.0000e+00
     93.000     92.018    -1.4944  27.029638    -1.4951  27.029620     6.6367     6.8331     2.4118    93.5446 1.0000e-12  -74.08728 -110.76516  34.718100      99.69 1.8334e+03    433.880      10414  1027.7487  1027.7494     4.4377     0.4711     0.1258    33.9277    33.9285    8.39669         28 0.0000e+00
     94.000     93.007    -1.4949  27.029755    -1.4957  27.029876     6.6761     6.8694     2.3538    94.3692 1.0000e-12  -74.08728 -110.76516  34.718114      99.38 1.8333e+03    435.052      10442  1027.7536  1027.7544     4.4768     0.4285     0.1328    33.9278    33.9288    8.39679         28 0.0000e+00
     95.000     93.995    -1.4962  27.029560    -1.4970  27.029425     6.7122     6.9053     3.2388    94.4943 1.0000e-12  -74.08728 -110.76516  34.718128      97.37 1.8319e+03    436.220      10470  1027.7588  1027.7595     4.4827     0.4344     0.1238    33.9284    33.9291    8.39705         28 0.0000e+00
     96.000     94.985    -1.4968  27.029494    -1.4979  27.029448     6.7468     6.9400     2.9897    94.1610 1.0000e-12  -74.08728 -110.76516  34.718141      99.67 1.8338e+03    437.391      10498  1027.7636  1027.7646     4.4670     0.5379     0.1293    33.9284    33.9295    8.39719         28 0.0000e+00
     97.000     95.973    -1.4983  27.029280    -1.5000  27.029013     6.7498     6.9439     3.0297    94.3520 1.0000e-12  -74.08728 -110.76516  34.718155      99.68 1.8333e+03    438.569      10527  1027.7691  1027.7704     4.4759     0.5411     0.1304    33.9292    33.9307    8.39749         28 0.0000e+00
     98.000     96.964    -1.5001  27.029145    -1.5010  27.029137     6.7430     6.9410     3.7141    94.5480 1.0000e-12  -74.08728 -110.76516  34.718168      99.69 1.8318e+03    439.726      10554  1027.7750  1027.7758     4.4853     0.5533     0.1321    33.9304    33.9313    8.39781         28 0.0000e+00
     99.000     97.952    -1.5003  27.029717    -1.5009  27.029779     6.7257     6.9275     4.1359    93.8217 1.0000e-12  -74.08728 -110.76516  34.718182      99.68 1.8333e+03    440.902      10583  1027.7800  1027.7806     4.4508     0.5736     0.1240    33.9307    33.9315    8.39783         28 0.0000e+00
    100.000     98.941    -1.5008  27.029961    -1.5022  27.029773     6.6975     6.9065     3.8050    93.1064 1.0000e-12  -74.08728 -110.76516  34.718195      99.68 1.8332e+03    442.087      10611  1027.7851  1027.7863     4.4170     0.5205     0.1273    33.9310    33.9324    8.39793         29 0.0000e+00
    101.000     99.931    -1.5022  27.030589    -1.5030  27.030320     6.6731     6.8873     2.9919    93.6248 1.0000e-12  -74.08728 -110.76516  34.718209      99.68 1.8319e+03    443.261      10639  1027.7914  1027.7919     4.4414     0.5541     0.1277    33.9328    33.9333    8.39813         28 0.0000e+00
    102.000    100.919    -1.5021  27.031038    -1.5029  27.031053     6.6564     6.8692     3.2932    92.0529 1.0000e-12  -74.08728 -110.76516  34.718223      99.68 1.8328e+03    444.455      10668  1027.7962  1027.7969     4.3671     0.5513     0.1286    33.9328    33.9337    8.39813         29 0.0000e+00
    103.000    101.909    -1.5025  27.031694    -1.5032  27.031653     6.6482     6.8507     3.1572    93.4203 1.0000e-12  -74.08728 -110.76516  34.718237      99.68 1.8335e+03    445.645      10696  1027.8015  1027.8022     4.4318     0.6183     0.1259    33.9334    33.9343    8.39816         28 0.0000e+00
    104.000    102.899    -1.5026  27.032291    -1.5033  27.032175     6.6300     6.8404     3.5921    93.3071 1.0000e-12  -74.08728 -110.76516  34.718250      99.69 1.8324e+03    446.821      10725  1027.8065  1027.8071     4.4264     0.4593     0.1321    33.9337    33.9344    8.39817         28 0.0000e+00
