ocean_section_plots/required_files/ctd/dnbp2202_ctd091.cnv
* Sea-Bird SBE 9 Data File:
* FileName = D:\Data\raw\NBP2202_CTD091.hex
* Software Version Seasave V 7.26.7.121
* Temperature SN = 1649
* Conductivity SN = 2513
* Number of Bytes Per Scan = 40
* Number of Voltage Words = 5
* Number of Scans Averaged by the Deck Unit = 1
* NMEA Latitude = 74 10.51 S
* NMEA Longitude = 113 20.67 W
* NMEA UTC (Time) = Jan 26 2022  22:09:58
* NMEA baud rate = 9600
** Ship: RVIB N.B. Palmer
** Cruise: NBP2202 Thwaites
** Station: YoYo001
** Operator: A. Robinson
# nquan = 25
# nvalues = 607                         
# units = specified
# name 0 = prDM: Pressure, Digiquartz [db]
# name 1 = depSM: Depth [salt water, m]
# name 2 = t090C: Temperature [ITS-90, deg C]
# name 3 = c0mS/cm: Conductivity [mS/cm]
# name 4 = t190C: Temperature, 2 [ITS-90, deg C]
# name 5 = c1mS/cm: Conductivity, 2 [mS/cm]
# name 6 = sbeox0ML/L: Oxygen, SBE 43 [ml/l]
# name 7 = sbeox1ML/L: Oxygen, SBE 43, 2 [ml/l]
# name 8 = flECO-AFL: Fluorescence, WET Labs ECO-AFL/FL [mg/m^3]
# name 9 = CStarTr0: Beam Transmission, WET Labs C-Star [%]
# name 10 = par: PAR/Irradiance, Biospherical/Licor
# name 11 = latitude: Latitude [deg]
# name 12 = longitude: Longitude [deg]
# name 13 = timeJ: Julian Days
# name 14 = altM: Altimeter [m]
# name 15 = spar: SPAR, Biospherical/Licor
# name 16 = timeS: Time, Elapsed [seconds]
# name 17 = scan: Scan Count
# name 18 = density00: Density [density, kg/m^3]
# name 19 = density11: Density, 2 [density, kg/m^3]
# name 20 = sal00: Salinity, Practical [PSU]
# name 21 = sal11: Salinity, Practical, 2 [PSU]
# name 22 = oxsolML/L: Oxygen Saturation, Garcia & Gordon [ml/l]
# name 23 = nbin: number of scans per bin
# name 24 = flag: flag
# span 0 =     10.000,    616.000       
# span 1 =      9.896,    608.718       
# span 2 =    -1.5381,     0.1084       
# span 3 =  26.919868,  28.944006       
# span 4 =    -1.5368,     0.1105       
# span 5 =  26.920673,  28.943683       
# span 6 =     4.6812,     9.1337       
# span 7 =     4.7512,     9.0120       
# span 8 =    -0.0222,    28.4421       
# span 9 =    66.7773,    95.5322       
# span 10 = 1.0000e-12, 6.8412e+01      
# span 11 =  -74.17530,  -74.17530      
# span 12 = -113.34462, -113.34458      
# span 13 =  26.924000,  26.933095      
# span 14 =       4.13,      99.98      
# span 15 = 1.8704e+03, 1.8842e+03      
# span 16 =     35.596,    821.380      
# span 17 =        855,      19714      
# span 18 =  1027.2033,  1030.5197      
# span 19 =  1027.2087,  1030.5173      
# span 20 =    33.7762,    34.3856      
# span 21 =    33.7835,    34.3830      
# span 22 =    8.02197,    8.41237      
# span 23 =         15,         44      
# span 24 = 0.0000e+00, 0.0000e+00      
# interval = decibars: 1                
# start_time = Jan 26 2022 22:09:58 [NMEA time, header]
# bad_flag = -9.990e-29
*END*
[from data line 290]
    300.000    296.679    -0.6679  27.939263    -0.6661  27.938792     4.9528     5.0327    -0.0138    95.2612 1.0000e-12  -74.17530 -113.34461  26.927936      99.86 1.8775e+03    375.684       9017  1028.8474  1028.8451    34.1054    34.1027    8.20328         29 0.0000e+00
    301.000    297.669    -0.6606  27.947698    -0.6585  27.947214     4.9441     5.0241    -0.0213    95.2466 1.0000e-12  -74.17530 -113.34460  26.927950      99.87 1.8775e+03    376.903       9047  1028.8537  1028.8512    34.1079    34.1050    8.20155         29 0.0000e+00
    302.000    298.657    -0.6541  27.954590    -0.6522  27.954207     4.9438     5.0293    -0.0193    95.2496 1.0000e-12  -74.17530 -113.34460  26.927964      99.87 1.8775e+03    378.084       9075  1028.8592  1028.8569    34.1094    34.1066    8.20008         29 0.0000e+00
    303.000    299.644    -0.6525  27.956812    -0.6506  27.956399     4.9480     5.0276    -0.0208    95.2435 1.0000e-12  -74.17530 -113.34460  26.927978      99.87 1.8775e+03    379.268       9103  1028.8644  1028.8621    34.1099    34.1073    8.19969         29 0.0000e+00
    304.000    300.632    -0.6507  27.959160    -0.6489  27.958748     4.9422     5.0201    -0.0161    95.2583 1.0000e-12  -74.17530 -113.34460  26.927992      99.87 1.8775e+03    380.481       9133  1028.8695  1028.8673    34.1105    34.1078    8.19927         29 0.0000e+00
    305.000    301.622    -0.6497  27.960601    -0.6475  27.960613     4.9422     5.0249    -0.0173    95.2354 1.0000e-12  -74.17530 -113.34460  26.928006      99.87 1.8775e+03    381.711       9162  1028.8744  1028.8723    34.1107    34.1082    8.19904         29 0.0000e+00
    306.000    302.609    -0.6416  27.969541    -0.6395  27.969201     4.9404     5.0189    -0.0140    95.2407 1.0000e-12  -74.17530 -113.34460  26.928020      99.87 1.8775e+03    382.912       9191  1028.8805  1028.8781    34.1130    34.1101    8.19715         29 0.0000e+00
    307.000    303.596    -0.6358  27.976162    -0.6339  27.975679     4.9368     5.0171    -0.0123    95.2462 1.0000e-12  -74.17530 -113.34460  26.928033      78.21 1.8775e+03    384.081       9219  1028.8863  1028.8840    34.1147    34.1120    8.19578         27 0.0000e+00
    308.000    304.586    -0.6334  27.979385    -0.6315  27.978915     4.9499     5.0251    -0.0033    95.2414 1.0000e-12  -74.17530 -113.34460  26.928046      86.39 1.8775e+03    385.216       9246  1028.8918  1028.8895    34.1158    34.1130    8.19521         27 0.0000e+00
    309.000    305.574    -0.6347  27.979233    -0.6328  27.978967     4.9562     5.0259    -0.0111    95.2411 1.0000e-12  -74.17530 -113.34460  26.928060      99.41 1.8775e+03    386.348       9273  1028.8973  1028.8951    34.1164    34.1139    8.19545         28 0.0000e+00
    310.000    306.561    -0.6413  27.974505    -0.6396  27.973958     4.9581     5.0370    -0.0123    95.2159 1.0000e-12  -74.17530 -113.34460  26.928073      99.87 1.8775e+03    387.489       9301  1028.9030  1028.9007    34.1169    34.1142    8.19686         27 0.0000e+00
    311.000    307.549    -0.6420  27.974596    -0.6410  27.973517     4.9639     5.0448    -0.0119    95.2355 1.0000e-12  -74.17530 -113.34460  26.928086      99.87 1.8775e+03    388.645       9328  1028.9081  1028.9060    34.1172    34.1146    8.19699         28 0.0000e+00
    312.000    308.539    -0.6484  27.969302    -0.6473  27.968445     4.9665     5.0503    -0.0120    95.2363 1.0000e-12  -74.17530 -113.34460  26.928100      99.86 1.8775e+03    389.833       9357  1028.9129  1028.9109    34.1167    34.1142    8.19841         29 0.0000e+00
    313.000    309.527    -0.6486  27.969810    -0.6462  27.969731     4.9565     5.0389    -0.0145    95.2457 1.0000e-12  -74.17530 -113.34460  26.928114      99.87 1.8775e+03    391.024       9386  1028.9179  1028.9156    34.1169    34.1142    8.19843         28 0.0000e+00
    314.000    310.515    -0.6405  27.977835    -0.6389  27.976915     4.9520     5.0321    -0.0167    95.2539 1.0000e-12  -74.17530 -113.34460  26.928127      99.87 1.8764e+03    392.183       9413  1028.9229  1028.9204    34.1180    34.1150    8.19661         27 0.0000e+00
    315.000    311.502    -0.6376  27.980925    -0.6360  27.980210     4.9577     5.0407    -0.0126    95.2456 1.0000e-12  -74.17530 -113.34460  26.928140      99.86 1.8765e+03    393.324       9441  1028.9277  1028.9254    34.1183    34.1155    8.19597         28 0.0000e+00
    316.000    312.490    -0.6386  27.980490    -0.6367  27.980199     4.9544     5.0413    -0.0153    95.2548 1.0000e-12  -74.17530 -113.34460  26.928154      99.87 1.8769e+03    394.472       9468  1028.9326  1028.9305    34.1183    34.1158    8.19619         28 0.0000e+00
    317.000    313.480    -0.6419  27.978423    -0.6400  27.978070     4.9641     5.0400    -0.0188    95.2576 1.0000e-12  -74.17530 -113.34460  26.928167      99.87 1.8775e+03    395.626       9496  1028.9379  1028.9356    34.1186    34.1159    8.19689         27 0.0000e+00
    318.000    314.467    -0.6370  27.984410    -0.6354  27.983465     4.9648     5.0415    -0.0158    95.2460 1.0000e-12  -74.17530 -113.34460  26.928181      98.88 1.8775e+03    396.799       9524  1028.9438  1028.9413    34.1206    34.1175    8.19572         29 0.0000e+00
    319.000    315.455    -0.6312  27.992737    -0.6299  27.991816     4.9551     5.0339    -0.0177    95.2253 1.0000e-12  -74.17530 -113.34460  26.928194      86.70 1.8775e+03    397.986       9553  1028.9515  1028.9492    34.1246    34.1219    8.19422         28 0.0000e+00
    320.000    316.443    -0.6220  28.002542    -0.6198  28.002214     4.9441     5.0253    -0.0145    95.2522 1.0000e-12  -74.17530 -113.34460  26.928208      96.59 1.8775e+03    399.152       9581  1028.9573  1028.9549    34.1268    34.1240    8.19209         28 0.0000e+00
    321.000    317.431    -0.6130  28.011887    -0.6105  28.011897     4.9451     5.0219    -0.0118    95.2471 1.0000e-12  -74.17530 -113.34460  26.928221      99.86 1.8775e+03    400.291       9608  1028.9629  1028.9606    34.1286    34.1259    8.19004         27 0.0000e+00
    322.000    318.419    -0.6106  28.014822    -0.6080  28.014912     4.9395     5.0154    -0.0125    95.2266 1.0000e-12  -74.17530 -113.34460  26.928234      99.87 1.8775e+03    401.411       9635  1028.9681  1028.9657    34.1293    34.1265    8.18948         26 0.0000e+00
    323.000    319.408    -0.6066  28.019210    -0.6045  28.019115     4.9412     5.0172    -0.0177    95.2661 1.0000e-12  -74.17530 -113.34460  26.928247      99.87 1.8775e+03    402.527       9662  1028.9734  1028.9712    34.1301    34.1277    8.18858         28 0.0000e+00
    324.000    320.396    -0.6054  28.021010    -0.6036  28.020577     4.9443     5.0158    -0.0200    95.2558 1.0000e-12  -74.17530 -113.34460  26.928260      99.87 1.8774e+03    403.686       9689  1028.9784  1028.9762    34.1306    34.1279    8.18829         28 0.0000e+00
    325.000    321.383    -0.6038  28.023316    -0.6018  28.022977     4.9392     5.0205    -0.0126    95.2734 1.0000e-12  -74.17530 -113.34460  26.928274      99.86 1.8765e+03    404.860       9718  1028.9837  1028.9815    34.1313    34.1286    8.18791         28 0.0000e+00
    326.000    322.372    -0.5984  28.030139    -0.5965  28.029572     4.9342     5.0183    -0.0119    95.2610 1.0000e-12  -74.17530 -113.34460  26.928288      99.87 1.8761e+03    406.046       9746  1028.9901  1028.9877    34.1337    34.1309    8.18659         28 0.0000e+00
    327.000    323.360    -0.5905  28.039292    -0.5889  28.038322     4.9421     5.0185    -0.0127    95.2522 1.0000e-12  -74.17530 -113.34460  26.928301      99.86 1.8772e+03    407.214       9774  1028.9966  1028.9941    34.1366    34.1335    8.18472         29 0.0000e+00
    328.000    324.348    -0.5829  28.048972    -0.5807  28.048792     4.9399     5.0205    -0.0175    95.2500 1.0000e-12  -74.17530 -113.34460  26.928314      99.87 1.8760e+03    408.371       9802  1029.0039  1029.0017    34.1404    34.1377    8.18285         27 0.0000e+00
    329.000    325.336    -0.5801  28.053318    -0.5783  28.052601     4.9456     5.0213    -0.0074    95.2365 1.0000e-12  -74.17530 -113.34459  26.928328      87.62 1.8767e+03    409.522       9830  1029.0103  1029.0078    34.1425    34.1395    8.18212         28 0.0000e+00
    330.000    326.325    -0.5787  28.055366    -0.5768  28.054945     4.9495     5.0242    -0.0212    95.2456 1.0000e-12  -74.17530 -113.34459  26.928341      77.69 1.8775e+03    410.678       9857  1029.0156  1029.0133    34.1431    34.1404    8.18180         28 0.0000e+00
    331.000    327.312    -0.5784  28.056521    -0.5766  28.055951     4.9507     5.0262    -0.0169    95.2603 1.0000e-12  -74.17530 -113.34459  26.928355      94.92 1.8775e+03    411.847       9885  1029.0209  1029.0186    34.1437    34.1409    8.18170         28 0.0000e+00
    332.000    328.301    -0.5763  28.059408    -0.5744  28.058976     4.9517     5.0239    -0.0086    95.2322 1.0000e-12  -74.17530 -113.34459  26.928368      99.82 1.8772e+03    413.008       9913  1029.0263  1029.0240    34.1446    34.1419    8.18119         28 0.0000e+00
    333.000    329.289    -0.5756  28.060529    -0.5737  28.060209     4.9573     5.0236    -0.0074    95.2404 1.0000e-12  -74.17530 -113.34460  26.928381      99.87 1.8757e+03    414.159       9941  1029.0312  1029.0290    34.1447    34.1422    8.18103         27 0.0000e+00
    334.000    330.276    -0.5752  28.061588    -0.5733  28.061324     4.9861     5.0583    -0.0129    95.2443 1.0000e-12  -74.17530 -113.34458  26.928395      99.86 1.8760e+03    415.304       9968  1029.0363  1029.0342    34.1451    34.1427    8.18092         27 0.0000e+00
    335.000    331.266    -0.5795  28.058575    -0.5778  28.058857     5.0199     5.0891    -0.0164    95.2605 1.0000e-12  -74.17530 -113.34458  26.928408      99.87 1.8758e+03    416.449       9996  1029.0415  1029.0403    34.1453    34.1438    8.18183         28 0.0000e+00
    336.000    332.251    -0.6127  28.032645    -0.6119  28.031588     5.0377     5.1039    -0.0195    95.2558 1.0000e-12  -74.17530 -113.34458  26.928421      99.87 1.8766e+03    417.601      10023  1029.0505  1029.0486    34.1472    34.1448    8.18892         28 0.0000e+00
    337.000    333.241    -0.6131  28.033495    -0.6112  28.033220     5.0473     5.1153    -0.0195    95.2714 1.0000e-12  -74.17530 -113.34458  26.928435      99.86 1.8760e+03    418.772      10052  1029.0560  1029.0538    34.1482    34.1456    8.18895         28 0.0000e+00
    338.000    334.229    -0.6160  28.031823    -0.6147  28.031050     5.0603     5.1351    -0.0187    95.2585 1.0000e-12  -74.17530 -113.34458  26.928448      99.87 1.8769e+03    419.946      10080  1029.0612  1029.0591    34.1486    34.1461    8.18955         28 0.0000e+00
    339.000    335.216    -0.6268  28.023357    -0.6252  28.023016     5.0680     5.1380    -0.0198    95.2807 1.0000e-12  -74.17530 -113.34458  26.928462      99.87 1.8758e+03    421.108      10108  1029.0669  1029.0650    34.1487    34.1465    8.19187         28 0.0000e+00
    340.000    336.203    -0.6297  28.021639    -0.6294  28.020202     5.0763     5.1514    -0.0179    95.2889 1.0000e-12  -74.17530 -113.34458  26.928475      99.86 1.8757e+03    422.265      10135  1029.0720  1029.0702    34.1490    34.1468    8.19248         28 0.0000e+00
    341.000    337.193    -0.6342  28.018441    -0.6327  28.017942     5.1043     5.1736    -0.0130    95.3180 1.0000e-12  -74.17530 -113.34458  26.928489      81.13 1.8757e+03    423.427      10163  1029.0771  1029.0752    34.1493    34.1469    8.19345         28 0.0000e+00
    342.000    338.181    -0.6459  28.008638    -0.6501  28.003668     5.1212     5.1856    -0.0111    95.3156 1.0000e-12  -74.17530 -113.34458  26.928502      93.27 1.8757e+03    424.595      10191  1029.0822  1029.0810    34.1486    34.1467    8.19601         28 0.0000e+00
    343.000    339.169    -0.6617  27.995800    -0.6602  27.995553     5.1332     5.1935    -0.0192    95.3376 1.0000e-12  -74.17530 -113.34458  26.928516      99.86 1.8757e+03    425.771      10219  1029.0880  1029.0862    34.1486    34.1465    8.19946         28 0.0000e+00
    344.000    340.156    -0.6693  27.990091    -0.6616  27.995032     5.1441     5.2127    -0.0140    95.3321 1.0000e-12  -74.17530 -113.34458  26.928529      99.87 1.8757e+03    426.940      10248  1029.0934  1029.0912    34.1488    34.1468    8.20109         28 0.0000e+00
    345.000    341.145    -0.6757  27.985078    -0.6746  27.984652     5.1667     5.2275    -0.0192    95.3440 1.0000e-12  -74.17530 -113.34458  26.928543      99.87 1.8757e+03    428.094      10275  1029.0983  1029.0968    34.1487    34.1468    8.20248         28 0.0000e+00
    346.000    342.132    -0.6892  27.974732    -0.6869  27.974919     5.1795     5.2502    -0.0115    95.3719 1.0000e-12  -74.17530 -113.34458  26.928556      99.87 1.8757e+03    429.242      10303  1029.1044  1029.1024    34.1492    34.1469    8.20537         27 0.0000e+00
    347.000    343.121    -0.6962  27.970431    -0.6947  27.970288     5.2237     5.2978    -0.0064    95.3921 1.0000e-12  -74.17530 -113.34458  26.928569      99.86 1.8757e+03    430.373      10330  1029.1107  1029.1092    34.1507    34.1489    8.20680         27 0.0000e+00
    348.000    344.108    -0.7128  27.958590    -0.7119  27.958948     5.2484     5.3299    -0.0137    95.4055 1.0000e-12  -74.17530 -113.34458  26.928582      99.87 1.8757e+03    431.502      10357  1029.1184  1029.1180    34.1529    34.1524    8.21029         27 0.0000e+00
    349.000    345.097    -0.7226  27.958702    -0.7195  27.959876     5.1719     5.2733    -0.0161    95.4299 1.0000e-12  -74.17530 -113.34458  26.928596      99.87 1.8757e+03    432.661      10385  1029.1321  1029.1304    34.1635    34.1615    8.21180         28 0.0000e+00
    350.000    346.084    -0.6865  27.995012    -0.6819  27.994597     5.0764     5.1884    -0.0186    95.4495 1.0000e-12  -74.17530 -113.34458  26.928609      99.86 1.8757e+03    433.840      10413  1029.1399  1029.1350    34.1711    34.1654    8.20353         29 0.0000e+00
    351.000    347.073    -0.5877  28.084124    -0.5942  28.075500     5.0289     5.1518    -0.0179    95.4955 1.0000e-12  -74.17530 -113.34459  26.928623      99.87 1.8757e+03    435.012      10441  1029.1433  1029.1405    34.1791    34.1749    8.18165         28 0.0000e+00
    352.000    348.061    -0.5536  28.116557    -0.5632  28.104765     4.9594     5.0845    -0.0208    95.5322 1.0000e-12  -74.17530 -113.34458  26.928636      99.87 1.8757e+03    436.165      10469  1029.1494  1029.1461    34.1838    34.1788    8.17404         27 0.0000e+00
    353.000    349.048    -0.5332  28.136680    -0.5424  28.125206     4.8737     4.9872    -0.0171    95.5252 1.0000e-12  -74.17530 -113.34460  26.928649      82.60 1.8757e+03    437.314      10497  1029.1557  1029.1524    34.1872    34.1822    8.16944         28 0.0000e+00
    354.000    350.037    -0.4503  28.214407    -0.4421  28.217478     4.8241     4.9345    -0.0132    95.5280 1.0000e-12  -74.17530 -113.34459  26.928663      94.78 1.8757e+03    438.462      10524  1029.1625  1029.1576    34.1976    34.1925    8.15101         28 0.0000e+00
    355.000    351.025    -0.3954  28.267058    -0.3923  28.267372     4.8130     4.9133    -0.0187    95.5080 1.0000e-12  -74.17530 -113.34459  26.928676      99.82 1.8757e+03    439.635      10552  1029.1701  1029.1673    34.2058    34.2027    8.13877         28 0.0000e+00
    356.000    352.013    -0.3883  28.275009    -0.3855  28.275214     4.8165     4.9083    -0.0155    95.4903 1.0000e-12  -74.17530 -113.34459  26.928690      99.86 1.8757e+03    440.828      10581  1029.1767  1029.1742    34.2078    34.2050    8.13712         29 0.0000e+00
