ocean_section_plots/required_files/ctd/dnbp2202_ctd124.cnv
* Sea-Bird SBE 9 Data File:
* FileName = D:\Data\raw\NBP2202_CTD124.hex
* Software Version Seasave V 7.26.7.121
* Temperature SN = 1649
* Conductivity SN = 2513
* Number of Bytes Per Scan = 40
* Number of Voltage Words = 5
* Number of Scans Averaged by the Deck Unit = 1
* NMEA Latitude = 74 10.52 S
* NMEA Longitude = 113 20.65 W
* NMEA UTC (Time) = Jan 27 2022  12:17:19
* NMEA baud rate = 9600
** Ship: RVIB N.B. Palmer
** Cruise: NBP2202 Thwaites
** Station: YoYo001
** Operator: B. Bjork
# nquan = 25
# nvalues = 608                         
# units = specified
# name 0 = prDM: Pressure, Digiquartz [db]
# name 1 = depSM: Depth [salt water, m]
# name 2 = t090C: Temperature [ITS-90, deg C]
# name 3 = c0mS/cm: Conductivity [mS/cm]
# name 4 = t190C: Temperature, 2 [ITS-90, deg C]
# name 5 = c1mS/cm: Conductivity, 2 [mS/cm]
# name 6 = sbeox0ML/L: Oxygen, SBE 43 [ml/l]
# name 7 = sbeox1ML/L: Oxygen, SBE 43, 2 [ml/l]
# name 8 = flECO-AFL: Fluorescence, WET Labs ECO-AFL/FL [mg/m^3]
# name 9 = CStarTr0: Beam Transmission, WET Labs C-Star [%]
# name 10 = par: PAR/Irradiance, Biospherical/Licor
# name 11 = latitude: Latitude [deg]
# name 12 = longitude: Longitude [deg]
# name 13 = timeJ: Julian Days
# name 14 = altM: Altimeter [m]
# name 15 = spar: SPAR, Biospherical/Licor
# name 16 = timeS: Time, Elapsed [seconds]
# name 17 = scan: Scan Count
# name 18 = density00: Density [density, kg/m^3]
# name 19 = density11: Density, 2 [density, kg/m^3]
# name 20 = sal00: Salinity, Practical [PSU]
# name 21 = sal11: Salinity, Practical, 2 [PSU]
# name 22 = oxsolML/L: Oxygen Saturation, Garcia & Gordon [ml/l]
# name 23 = nbin: number of scans per bin
# name 24 = flag: flag
# span 0 =     10.000,    617.000       
# span 1 =      9.896,    609.707       
# span 2 =    -1.4573,     0.0822       
# span 3 =  27.038268,  28.902981       
# span 4 =    -1.4561,     0.0846       
# span 5 =  27.037359,  28.902912       
# span 6 =     4.6819,     8.2755       
# span 7 =     4.7304,     8.3424       
# span 8 =    -0.0224,    24.0178       
# span 9 =    70.5113,    95.6281       
# span 10 = 1.0000e-12, 5.0373e+00      
# span 11 =  -74.17536,  -74.17536      
# span 12 = -113.34426, -113.34422      
# span 13 =  27.512453,  27.520274      
# span 14 =       7.00,     100.40      
# span 15 = 2.0273e+02, 2.3224e+02      
# span 16 =     36.933,    712.658      
# span 17 =        887,      17105      
# span 18 =  1027.2273,  1030.5176      
# span 19 =  1027.2258,  1030.5155      
# span 20 =    33.7949,    34.3790      
# span 21 =    33.7930,    34.3763      
# span 22 =    8.02782,    8.38973      
# span 23 =         18,         46      
# span 24 = 0.0000e+00, 0.0000e+00      
# interval = decibars: 1                
# start_time = Jan 27 2022 12:17:19 [NMEA time, header]
# bad_flag = -9.990e-29
*END*
[from data line 522]
    532.000    525.818    -0.0152  28.774259    -0.0132  28.773960     4.7223     4.7733    -0.0017    94.9577 1.0000e-12  -74.17536 -113.34424  27.518745      93.75 2.1155e+02    580.579      13935  1030.1034  1030.1012    34.3485    34.3459    8.04997         23 0.0000e+00
    533.000    526.805    -0.0167  28.773682    -0.0145  28.773694     4.7251     4.7721    -0.0098    94.9849 1.0000e-12  -74.17536 -113.34424  27.518756      92.79 2.1155e+02    581.555      13958  1030.1086  1030.1065    34.3489    34.3465    8.05027         24 0.0000e+00
    534.000    527.792    -0.0163  28.774491    -0.0146  28.773846     4.7194     4.7730    -0.0095    94.9851 1.0000e-12  -74.17536 -113.34424  27.518768      91.76 2.1155e+02    582.548      13982  1030.1133  1030.1110    34.3489    34.3461    8.05018         24 0.0000e+00
    535.000    528.781    -0.0156  28.775504    -0.0137  28.775055     4.7207     4.7718    -0.0098    94.9883 1.0000e-12  -74.17536 -113.34424  27.518779      90.50 2.1180e+02    583.546      14006  1030.1180  1030.1157    34.3489    34.3462    8.05004         24 0.0000e+00
    536.000    529.767    -0.0144  28.777147    -0.0125  28.776922     4.7185     4.7714    -0.0158    94.9904 1.0000e-12  -74.17536 -113.34424  27.518791      89.35 2.1184e+02    584.544      14030  1030.1229  1030.1208    34.3492    34.3468    8.04978         24 0.0000e+00
    537.000    530.752    -0.0140  28.778086    -0.0117  28.777855     4.7112     4.7694    -0.0103    95.0212 1.0000e-12  -74.17536 -113.34424  27.518802      88.72 2.1178e+02    585.534      14054  1030.1277  1030.1253    34.3493    34.3465    8.04967         23 0.0000e+00
    538.000    531.742    -0.0084  28.784164    -0.0061  28.784022     4.7092     4.7644    -0.0090    95.0270 1.0000e-12  -74.17536 -113.34424  27.518814      87.42 2.1216e+02    586.507      14077  1030.1329  1030.1305    34.3505    34.3478    8.04844         23 0.0000e+00
    539.000    532.727    -0.0071  28.785830    -0.0047  28.785978     4.7162     4.7593    -0.0092    95.0141 1.0000e-12  -74.17536 -113.34424  27.518825      86.43 2.1301e+02    587.474      14100  1030.1377  1030.1355    34.3507    34.3481    8.04816         24 0.0000e+00
    540.000    533.716    -0.0049  28.788778    -0.0030  28.788192     4.7173     4.7653    -0.0074    95.0201 1.0000e-12  -74.17536 -113.34424  27.518836      85.58 2.1330e+02    588.434      14123  1030.1429  1030.1405    34.3515    34.3487    8.04764         23 0.0000e+00
    541.000    534.701    -0.0015  28.792744     0.0006  28.792630     4.7059     4.7643    -0.0011    95.0386 1.0000e-12  -74.17536 -113.34424  27.518847      84.64 2.1331e+02    589.390      14146  1030.1481  1030.1459    34.3524    34.3498    8.04688         22 0.0000e+00
    542.000    535.689     0.0028  28.798713     0.0046  28.797991     4.7127     4.7552    -0.0007    95.0345 1.0000e-12  -74.17536 -113.34424  27.518858      83.46 2.1331e+02    590.356      14170  1030.1544  1030.1519    34.3548    34.3519    8.04583         24 0.0000e+00
    543.000    536.676     0.0094  28.806699     0.0113  28.805972     4.7069     4.7568    -0.0090    95.0404 1.0000e-12  -74.17536 -113.34426  27.518870      82.49 2.1331e+02    591.334      14193  1030.1606  1030.1580    34.3574    34.3544    8.04430         23 0.0000e+00
    544.000    537.663     0.0108  28.808301     0.0131  28.808268     4.7028     4.7610    -0.0167    95.0352 1.0000e-12  -74.17536 -113.34424  27.518881      81.30 2.1331e+02    592.328      14217  1030.1652  1030.1629    34.3574    34.3548    8.04401         25 0.0000e+00
    545.000    538.651     0.0114  28.809343     0.0138  28.809220     4.7147     4.7595    -0.0112    95.0259 1.0000e-12  -74.17536 -113.34426  27.518893      80.29 2.1323e+02    593.327      14241  1030.1700  1030.1677    34.3575    34.3547    8.04388         23 0.0000e+00
    546.000    539.638     0.0112  28.809338     0.0132  28.809103     4.7066     4.7565    -0.0138    95.0357 1.0000e-12  -74.17536 -113.34424  27.518904      79.34 2.1405e+02    594.324      14265  1030.1746  1030.1724    34.3572    34.3546    8.04395         24 0.0000e+00
    547.000    540.624     0.0112  28.809811     0.0134  28.809634     4.7129     4.7559    -0.0070    95.0326 1.0000e-12  -74.17536 -113.34426  27.518916      78.32 2.1400e+02    595.302      14288  1030.1793  1030.1771    34.3572    34.3545    8.04394         23 0.0000e+00
    548.000    541.612     0.0113  28.810417     0.0132  28.810019     4.7116     4.7598    -0.0089    95.0302 1.0000e-12  -74.17536 -113.34424  27.518927      77.46 2.1331e+02    596.274      14312  1030.1842  1030.1819    34.3573    34.3546    8.04392         24 0.0000e+00
    549.000    542.599     0.0110  28.810705     0.0131  28.810462     4.7021     4.7601    -0.0115    95.0082 1.0000e-12  -74.17536 -113.34426  27.518938      76.39 2.1354e+02    597.241      14335  1030.1891  1030.1868    34.3574    34.3547    8.04397         23 0.0000e+00
    550.000    543.585     0.0114  28.811404     0.0133  28.811026     4.7105     4.7646    -0.0027    95.0055 1.0000e-12  -74.17536 -113.34424  27.518949      75.31 2.1375e+02    598.214      14358  1030.1937  1030.1915    34.3573    34.3547    8.04390         24 0.0000e+00
    551.000    544.573     0.0113  28.811755     0.0135  28.811697     4.7039     4.7604    -0.0086    95.0388 1.0000e-12  -74.17536 -113.34424  27.518961      74.33 2.1377e+02    599.194      14382  1030.1984  1030.1963    34.3573    34.3547    8.04392         23 0.0000e+00
    552.000    545.560     0.0114  28.812220     0.0136  28.812201     4.6953     4.7549    -0.0089    95.0356 1.0000e-12  -74.17536 -113.34424  27.518972      73.41 2.1440e+02    600.179      14405  1030.2031  1030.2009    34.3572    34.3547    8.04390         24 0.0000e+00
    553.000    546.546     0.0155  28.817918     0.0184  28.817918     4.6985     4.7520    -0.0161    95.0282 1.0000e-12  -74.17536 -113.34424  27.518983      72.44 2.1455e+02    601.166      14429  1030.2093  1030.2065    34.3595    34.3563    8.04290         24 0.0000e+00
    554.000    547.534     0.0365  28.840771     0.0390  28.840876     4.6953     4.7426    -0.0035    95.0226 1.0000e-12  -74.17536 -113.34424  27.518995      71.37 2.1491e+02    602.147      14453  1030.2170  1030.2147    34.3657    34.3630    8.03816         23 0.0000e+00
    555.000    548.521     0.0385  28.843500     0.0407  28.843267     4.7030     4.7464    -0.0071    95.0147 1.0000e-12  -74.17536 -113.34424  27.519006      70.36 2.1492e+02    603.125      14476  1030.2223  1030.2199    34.3665    34.3637    8.03770         23 0.0000e+00
    556.000    549.508     0.0402  28.846085     0.0425  28.846191     4.6928     4.7432    -0.0140    95.0236 1.0000e-12  -74.17536 -113.34424  27.519017      69.39 2.1500e+02    604.092      14499  1030.2276  1030.2255    34.3673    34.3649    8.03728         24 0.0000e+00
    557.000    550.495     0.0417  28.848635     0.0435  28.847942     4.6969     4.7427    -0.0138    95.0006 1.0000e-12  -74.17536 -113.34424  27.519029      68.28 2.1507e+02    605.063      14523  1030.2331  1030.2307    34.3684    34.3655    8.03690         23 0.0000e+00
    558.000    551.482     0.0416  28.848857     0.0439  28.848868     4.6873     4.7498    -0.0122    95.0024 1.0000e-12  -74.17536 -113.34424  27.519040      67.34 2.1507e+02    606.045      14546  1030.2378  1030.2356    34.3683    34.3657    8.03694         23 0.0000e+00
    559.000    552.469     0.0421  28.849936     0.0443  28.849858     4.7043     4.7509    -0.0156    95.0055 1.0000e-12  -74.17536 -113.34424  27.519051      66.21 2.1507e+02    607.029      14570  1030.2427  1030.2406    34.3685    34.3660    8.03681         24 0.0000e+00
    560.000    553.455     0.0409  28.849730     0.0430  28.849513     4.7004     4.7519    -0.0153    94.9768 1.0000e-12  -74.17536 -113.34424  27.519063      65.07 2.1507e+02    608.011      14593  1030.2481  1030.2458    34.3690    34.3664    8.03705         24 0.0000e+00
    561.000    554.444     0.0407  28.850331     0.0424  28.849771     4.6888     4.7528    -0.0090    94.9822 1.0000e-12  -74.17536 -113.34424  27.519074      64.29 2.1507e+02    608.994      14617  1030.2532  1030.2510    34.3695    34.3668    8.03707         23 0.0000e+00
    562.000    555.430     0.0421  28.852118     0.0442  28.851970     4.7066     4.7533    -0.0083    94.9883 1.0000e-12  -74.17536 -113.34424  27.519085      63.01 2.1507e+02    609.978      14640  1030.2580  1030.2558    34.3697    34.3672    8.03676         24 0.0000e+00
    563.000    556.417     0.0418  28.852301     0.0439  28.852066     4.6996     4.7533    -0.0102    94.9766 1.0000e-12  -74.17536 -113.34424  27.519097      62.18 2.1507e+02    610.962      14664  1030.2628  1030.2605    34.3697    34.3670    8.03682         23 0.0000e+00
    564.000    557.404     0.0418  28.852705     0.0443  28.852959     4.7001     4.7514    -0.0098    94.9700 1.0000e-12  -74.17536 -113.34424  27.519108      61.13 2.1507e+02    611.946      14688  1030.2674  1030.2653    34.3696    34.3671    8.03682         24 0.0000e+00
    565.000    558.391     0.0415  28.853008     0.0439  28.853090     4.7047     4.7481    -0.0038    94.9665 1.0000e-12  -74.17536 -113.34424  27.519119      60.20 2.1538e+02    612.924      14711  1030.2723  1030.2701    34.3697    34.3672    8.03687         23 0.0000e+00
    566.000    559.377     0.0412  28.853224     0.0434  28.852991     4.6944     4.7411    -0.0091    94.9745 1.0000e-12  -74.17536 -113.34424  27.519131      59.10 2.1538e+02    613.890      14734  1030.2771  1030.2747    34.3697    34.3670    8.03693         23 0.0000e+00
    567.000    560.364     0.0422  28.854613     0.0442  28.854207     4.6969     4.7448    -0.0161    94.9767 1.0000e-12  -74.17536 -113.34424  27.519142      58.04 2.1561e+02    614.854      14757  1030.2819  1030.2795    34.3700    34.3671    8.03673         23 0.0000e+00
    568.000    561.351     0.0426  28.855454     0.0447  28.855315     4.6971     4.7495    -0.0134    94.9503 1.0000e-12  -74.17536 -113.34424  27.519153      57.09 2.1553e+02    615.814      14781  1030.2866  1030.2844    34.3700    34.3674    8.03663         23 0.0000e+00
    569.000    562.339     0.0429  28.856090     0.0450  28.855881     4.6917     4.7487    -0.0009    94.9638 1.0000e-12  -74.17536 -113.34424  27.519164      56.10 2.1652e+02    616.778      14804  1030.2913  1030.2890    34.3700    34.3673    8.03658         24 0.0000e+00
    570.000    563.325     0.0439  28.857810     0.0463  28.857764     4.6914     4.7440    -0.0013    94.9435 1.0000e-12  -74.17536 -113.34424  27.519175      55.24 2.1683e+02    617.761      14827  1030.2963  1030.2940    34.3705    34.3677    8.03633         24 0.0000e+00
    571.000    564.313     0.0464  28.860634     0.0485  28.860416     4.6986     4.7367    -0.0085    94.9549 1.0000e-12  -74.17536 -113.34424  27.519187      54.06 2.1683e+02    618.755      14851  1030.3012  1030.2988    34.3709    34.3682    8.03580         24 0.0000e+00
    572.000    565.299     0.0491  28.863808     0.0508  28.863215     4.7046     4.7432    -0.0007    94.9509 1.0000e-12  -74.17536 -113.34424  27.519198      53.19 2.1683e+02    619.752      14875  1030.3061  1030.3038    34.3714    34.3688    8.03519         23 0.0000e+00
    573.000    566.287     0.0504  28.865922     0.0527  28.865732     4.6952     4.7502    -0.0075    94.9486 1.0000e-12  -74.17536 -113.34424  27.519210      52.17 2.1707e+02    620.738      14899  1030.3112  1030.3088    34.3721    34.3693    8.03487         24 0.0000e+00
    574.000    567.272     0.0534  28.869412     0.0560  28.869618     4.6819     4.7425    -0.0138    94.9576 1.0000e-12  -74.17536 -113.34424  27.519221      51.12 2.1698e+02    621.712      14922  1030.3162  1030.3140    34.3728    34.3702    8.03421         23 0.0000e+00
    575.000    568.260     0.0546  28.870924     0.0579  28.871988     4.6922     4.7399    -0.0125    94.9350 1.0000e-12  -74.17536 -113.34424  27.519232      50.11 2.1760e+02    622.673      14945  1030.3210  1030.3188    34.3729    34.3706    8.03396         23 0.0000e+00
    576.000    569.246     0.0697  28.887410     0.0722  28.886911     4.6876     4.7374    -0.0095    94.9711 1.0000e-12  -74.17536 -113.34424  27.519244      49.12 2.1823e+02    623.643      14968  1030.3276  1030.3247    34.3771    34.3737    8.03055         24 0.0000e+00
    577.000    570.234     0.0759  28.893590     0.0780  28.893320     4.6883     4.7357    -0.0061    94.9539 1.0000e-12  -74.17536 -113.34424  27.519255      48.00 2.1859e+02    624.665      14993  1030.3324  1030.3301    34.3778    34.3751    8.02922         26 0.0000e+00
    578.000    571.221     0.0704  28.888307     0.0743  28.889753     4.6837     4.7346    -0.0054    94.9557 1.0000e-12  -74.17536 -113.34424  27.519269      46.89 2.1860e+02    625.815      15021  1030.3366  1030.3344    34.3764    34.3740    8.03045         29 0.0000e+00
    579.000    572.208     0.0744  28.892742     0.0770  28.893125     4.6898     4.7392    -0.0086    94.9721 1.0000e-12  -74.17536 -113.34424  27.519284      45.77 2.1860e+02    627.113      15052  1030.3416  1030.3395    34.3772    34.3747    8.02957         32 0.0000e+00
    580.000    573.194     0.0752  28.894226     0.0785  28.895143     4.6828     4.7347    -0.0091    94.9786 1.0000e-12  -74.17536 -113.34424  27.519299      44.84 2.1860e+02    628.429      15083  1030.3468  1030.3445    34.3777    34.3752    8.02938         31 0.0000e+00
    581.000    574.181     0.0766  28.895987     0.0792  28.896256     4.6938     4.7353    -0.0159    94.9992 1.0000e-12  -74.17536 -113.34424  27.519314      43.89 2.1860e+02    629.721      15114  1030.3515  1030.3493    34.3778    34.3753    8.02906         32 0.0000e+00
    582.000    575.169     0.0769  28.896795     0.0794  28.896922     4.6857     4.7362    -0.0083    95.0200 1.0000e-12  -74.17536 -113.34424  27.519329      42.80 2.1860e+02    631.056      15146  1030.3564  1030.3540    34.3780    34.3753    8.02900         33 0.0000e+00
    583.000    576.155     0.0787  28.899148     0.0805  28.898514     4.6871     4.7304    -0.0088    95.0349 1.0000e-12  -74.17536 -113.34424  27.519346      41.79 2.1860e+02    632.476      15180  1030.3614  1030.3590    34.3785    34.3756    8.02859         34 0.0000e+00
    584.000    577.141     0.0822  28.902981     0.0846  28.902912     4.6855     4.7363    -0.0081    95.0392 1.0000e-12  -74.17536 -113.34424  27.519362      40.64 2.2040e+02    633.910      15215  1030.3662  1030.3639    34.3790    34.3763    8.02782         33 0.0000e+00
    585.000    578.128     0.0818  28.902716     0.0838  28.902590     4.6845     4.7379    -0.0159    95.0239 1.0000e-12  -74.17536 -113.34424  27.519379      39.56 2.2036e+02    635.360      15250  1030.3706  1030.3686    34.3785    34.3761    8.02794         33 0.0000e+00
    586.000    579.117     0.0756  28.897121     0.0793  28.898467     4.6907     4.7388    -0.0152    95.0219 1.0000e-12  -74.17536 -113.34424  27.519396      38.61 2.2036e+02    636.833      15285  1030.3752  1030.3730    34.3775    34.3751    8.02930         33 0.0000e+00
    587.000    580.103     0.0763  28.898169     0.0798  28.899389     4.6872     4.7350    -0.0167    95.0478 1.0000e-12  -74.17536 -113.34424  27.519413      37.74 2.2036e+02    638.282      15320  1030.3798  1030.3777    34.3775    34.3752    8.02914         35 0.0000e+00
    588.000    581.089     0.0799  28.902372     0.0810  28.901095     4.6892     4.7416    -0.0055    95.0462 1.0000e-12  -74.17536 -113.34424  27.519430      36.64 2.2036e+02    639.739      15355  1030.3850  1030.3826    34.3784    34.3755    8.02834         33 0.0000e+00
