ocean_section_plots/required_files/ctd/dnbp2202_ctd291.cnv
* Sea-Bird SBE 9 Data File:
* FileName = D:\Data\raw\NBP2202_CTD291.hex
* Software Version Seasave V 7.26.7.121
* Temperature SN = 1649
* Conductivity SN = 2513
* Number of Bytes Per Scan = 40
* Number of Voltage Words = 5
* Number of Scans Averaged by the Deck Unit = 1
* NMEA Latitude = 73 46.55 S
* NMEA Longitude = 112 26.67 W
* NMEA UTC (Time) = Feb 23 2022  21:31:15
* NMEA baud rate = 9600
** Ship: RVIB N.B. Palmer
** Cruise: NBP2202 Thwaites
** Station: 193
** Operator: A. Robinson
# nquan = 28
# nvalues = 708                         
# units = specified
# name 0 = prDM: Pressure, Digiquartz [db]
# name 1 = depSM: Depth [salt water, m]
# name 2 = t090C: Temperature [ITS-90, deg C]
# name 3 = c0mS/cm: Conductivity [mS/cm]
# name 4 = t190C: Temperature, 2 [ITS-90, deg C]
# name 5 = c1mS/cm: Conductivity, 2 [mS/cm]
# name 6 = sbeox0ML/L: Oxygen, SBE 43 [ml/l]
# name 7 = sbeox1ML/L: Oxygen, SBE 43, 2 [ml/l]
# name 8 = flECO-AFL: Fluorescence, WET Labs ECO-AFL/FL [mg/m^3]
# name 9 = CStarTr0: Beam Transmission, WET Labs C-Star [%]
# name 10 = par: PAR/Irradiance, Biospherical/Licor
# name 11 = latitude: Latitude [deg]
# name 12 = longitude: Longitude [deg]
# name 13 = timeJ: Julian Days
# name 14 = altM: Altimeter [m]
# name 15 = spar: SPAR, Biospherical/Licor
# name 16 = timeS: Time, Elapsed [seconds]
# name 17 = scan: Scan Count
# name 18 = density00: Density [density, kg/m^3]
# name 19 = density11: Density, 2 [density, kg/m^3]
# name 20 = v3: Voltage 3
# name 21 = v4: Voltage 4
# name 22 = v5: Voltage 5
# name 23 = sal00: Salinity, Practical [PSU]
# name 24 = sal11: Salinity, Practical, 2 [PSU]
# name 25 = oxsolML/L: Oxygen Saturation, Garcia & Gordon [ml/l]
# name 26 = nbin: number of scans per bin
# name 27 = flag: flag
# span 0 =      2.000,    709.000       
# span 1 =      1.971,    700.479       
# span 2 =    -1.5136,     0.6273       
# span 3 =  27.052497,  29.582748       
# span 4 =    -1.5130,     0.6296       
# span 5 =  27.052801,  29.583284       
# span 6 =     4.5187,     8.9535       
# span 7 =     4.6376,     9.2569       
# span 8 =     0.0107,    16.6077       
# span 9 =    83.4382,    98.1911       
# span 10 = 1.0000e-12, 2.1395e+02      
# span 11 =  -73.77590,  -73.77588      
# span 12 = -112.44466, -112.44462      
# span 13 =  54.898759,  54.909057      
# span 14 =       6.92,     110.51      
# span 15 = 3.6176e+02, 5.0417e+02      
# span 16 =    177.804,   1067.546      
# span 17 =       4268,      25622      
# span 18 =  1027.1601,  1031.0791      
# span 19 =  1027.1621,  1031.0774      
# span 20 =     3.9579,     4.6580      
# span 21 =     0.0691,     2.9207      
# span 22 =     0.1177,     0.2103      
# span 23 =    33.7715,    34.5882      
# span 24 =    33.7731,    34.5862      
# span 25 =    7.90364,    8.39918      
# span 26 =          6,         75      
# span 27 = 0.0000e+00, 0.0000e+00      
# interval = decibars: 1                
# start_time = Feb 23 2022 21:31:15 [NMEA time, header]
# bad_flag = -9.990e-29
*END*
[from data line 570]
    572.000    565.310     0.2510  29.093226     0.2532  29.093678     4.6556     4.7948     0.0266    98.0314 1.0000e-12  -73.77588 -112.44462  54.906847      99.86 4.5905e+02    876.583      21039  1030.3530  1030.3514     4.6505     0.0753     0.1373    34.4475    34.4457    7.98881         25 0.0000e+00
    573.000    566.298     0.2523  29.095159     0.2544  29.095592     4.6682     4.7905     0.0424    98.0095 1.0000e-12  -73.77588 -112.44462  54.906860      99.87 4.5818e+02    877.698      21066  1030.3580  1030.3564     4.6494     0.0783     0.1272    34.4480    34.4462    7.98851         29 0.0000e+00
    574.000    567.285     0.2528  29.096187     0.2549  29.096678     4.6653     4.7890     0.0609    97.9177 1.0000e-12  -73.77588 -112.44462  54.906874      99.86 4.5714e+02    878.907      21095  1030.3628  1030.3613     4.6451     0.0784     0.1251    34.4482    34.4465    7.98840         29 0.0000e+00
    575.000    568.271     0.2535  29.097455     0.2556  29.097961     4.6773     4.7906     0.0531    97.9724 1.0000e-12  -73.77588 -112.44462  54.906887      99.86 4.5633e+02    880.076      21123  1030.3678  1030.3662     4.6476     0.0770     0.1238    34.4486    34.4468    7.98824         27 0.0000e+00
    576.000    569.258     0.2540  29.098623     0.2561  29.099048     4.6700     4.7882     0.0815    97.9969 1.0000e-12  -73.77588 -112.44462  54.906900      99.87 4.5544e+02    881.183      21149  1030.3728  1030.3712     4.6488     0.0752     0.1248    34.4489    34.4472    7.98811         26 0.0000e+00
    577.000    570.244     0.2554  29.100900     0.2574  29.101040     4.6716     4.7919     0.1287    98.0298 1.0000e-12  -73.77588 -112.44462  54.906913      99.86 4.5558e+02    882.296      21176  1030.3780  1030.3762     4.6504     0.0757     0.1234    34.4498    34.4477    7.98778         28 0.0000e+00
    578.000    571.233     0.2572  29.103461     0.2593  29.103869     4.6682     4.7924     0.0908    98.0121 1.0000e-12  -73.77588 -112.44462  54.906926      99.86 4.5573e+02    883.442      21204  1030.3831  1030.3815     4.6496     0.0800     0.1242    34.4505    34.4487    7.98736         27 0.0000e+00
    579.000    572.219     0.2586  29.105397     0.2607  29.105839     4.6671     4.7935     0.0455    98.0146 1.0000e-12  -73.77588 -112.44463  54.906940      99.86 4.5452e+02    884.593      21231  1030.3880  1030.3865     4.6497     0.0798     0.1235    34.4510    34.4492    7.98705         28 0.0000e+00
    580.000    573.205     0.2598  29.107237     0.2619  29.107712     4.6678     4.7936     0.0314    98.0418 1.0000e-12  -73.77588 -112.44463  54.906953      99.86 4.5297e+02    885.766      21259  1030.3931  1030.3915     4.6510     0.0772     0.1262    34.4515    34.4497    7.98678         27 0.0000e+00
    581.000    574.192     0.2604  29.108403     0.2624  29.108842     4.6649     4.7910     0.0397    98.0541 1.0000e-12  -73.77588 -112.44463  54.906966      99.86 4.5113e+02    886.896      21287  1030.3979  1030.3964     4.6515     0.0788     0.1274    34.4517    34.4500    7.98663         27 0.0000e+00
    582.000    575.180     0.2605  29.109055     0.2627  29.109622     4.6649     4.7926     0.0568    98.0386 1.0000e-12  -73.77588 -112.44463  54.906979      99.86 4.5082e+02    887.979      21312  1030.4027  1030.4013     4.6508     0.0757     0.1270    34.4518    34.4502    7.98660         26 0.0000e+00
    583.000    576.166     0.2608  29.109695     0.2630  29.110257     4.6656     4.7851     0.0324    98.0386 1.0000e-12  -73.77588 -112.44462  54.906992      99.87 4.4862e+02    889.089      21339  1030.4074  1030.4059     4.6508     0.0768     0.1273    34.4518    34.4501    7.98654         28 0.0000e+00
    584.000    577.154     0.2617  29.111348     0.2640  29.111799     4.6651     4.7879     0.0344    98.0307 1.0000e-12  -73.77588 -112.44464  54.907005      99.86 4.4695e+02    890.273      21368  1030.4124  1030.4107     4.6504     0.0746     0.1229    34.4523    34.4504    7.98632         29 0.0000e+00
    585.000    578.140     0.2631  29.113209     0.2652  29.113662     4.6701     4.7857     0.0362    97.8898 1.0000e-12  -73.77588 -112.44462  54.907019      99.86 4.4750e+02    891.443      21396  1030.4173  1030.4158     4.6437     0.0798     0.1251    34.4527    34.4509    7.98602         27 0.0000e+00
    586.000    579.126     0.2632  29.113872     0.2653  29.114304     4.6613     4.7867     0.0737    97.9657 1.0000e-12  -73.77588 -112.44463  54.907032      99.86 4.4609e+02    892.554      21422  1030.4222  1030.4205     4.6474     0.0741     0.1249    34.4529    34.4510    7.98599         26 0.0000e+00
    587.000    580.115     0.2638  29.115015     0.2660  29.115509     4.6609     4.7785     0.0561    98.0185 1.0000e-12  -73.77588 -112.44463  54.907044      99.86 4.4460e+02    893.640      21448  1030.4270  1030.4255     4.6499     0.0782     0.1272    34.4531    34.4513    7.98585         26 0.0000e+00
    588.000    581.100     0.2644  29.116150     0.2666  29.116667     4.6639     4.7824     0.0847    98.0138 1.0000e-12  -73.77588 -112.44463  54.907057      99.86 4.4741e+02    894.754      21475  1030.4318  1030.4303     4.6496     0.0779     0.1236    34.4533    34.4515    7.98570         28 0.0000e+00
    589.000    582.088     0.2652  29.117520     0.2674  29.117993     4.6646     4.7859     0.0385    98.0366 1.0000e-12  -73.77588 -112.44463  54.907071      99.86 4.4414e+02    895.932      21503  1030.4367  1030.4351     4.6507     0.0808     0.1228    34.4536    34.4518    7.98552         28 0.0000e+00
    590.000    583.074     0.2655  29.118130     0.2675  29.118685     4.6627     4.7888     0.0288    97.9941 1.0000e-12  -73.77588 -112.44462  54.907085      99.86 4.4202e+02    897.115      21532  1030.4413  1030.4400     4.6487     0.0750     0.1238    34.4535    34.4520    7.98547         28 0.0000e+00
    591.000    584.062     0.2674  29.120867     0.2695  29.121335     4.6594     4.7847     0.0310    98.0229 1.0000e-12  -73.77588 -112.44464  54.907098      99.86 4.4686e+02    898.234      21559  1030.4466  1030.4450     4.6501     0.0742     0.1232    34.4544    34.4527    7.98503         27 0.0000e+00
    592.000    585.049     0.2686  29.122760     0.2708  29.123318     4.6608     4.7862     0.0481    98.0393 1.0000e-12  -73.77588 -112.44464  54.907110      99.86 4.4281e+02    899.339      21585  1030.4516  1030.4501     4.6508     0.0774     0.1235    34.4550    34.4532    7.98475         26 0.0000e+00
    593.000    586.035     0.2713  29.125998     0.2733  29.126429     4.6663     4.7879     0.0695    97.9953 1.0000e-12  -73.77588 -112.44463  54.907124      99.86 4.4084e+02    900.480      21613  1030.4566  1030.4551     4.6487     0.0755     0.1257    34.4557    34.4539    7.98416         28 0.0000e+00
    594.000    587.021     0.2721  29.127441     0.2741  29.127952     4.6625     4.7893     0.0373    98.0695 1.0000e-12  -73.77588 -112.44463  54.907137      99.87 4.4215e+02    901.627      21640  1030.4616  1030.4602     4.6522     0.0778     0.1254    34.4560    34.4545    7.98396         28 0.0000e+00
    595.000    588.009     0.2745  29.130729     0.2767  29.131274     4.6585     4.7866     0.0552    97.9775 1.0000e-12  -73.77588 -112.44463  54.907151      99.86 4.4054e+02    902.805      21668  1030.4669  1030.4654     4.6479     0.0734     0.1233    34.4571    34.4554    7.98340         28 0.0000e+00
    596.000    588.995     0.2782  29.135474     0.2805  29.136020     4.6598     4.7854     0.0541    97.7777 1.0000e-12  -73.77588 -112.44463  54.907164      99.86 4.3893e+02    903.978      21696  1030.4725  1030.4708     4.6385     0.0811     0.1204    34.4585    34.4567    7.98255         27 0.0000e+00
    597.000    589.983     0.2794  29.137096     0.2816  29.137618     4.6605     4.7847     0.0833    97.9759 1.0000e-12  -73.77588 -112.44462  54.907177      99.86 4.3998e+02    905.072      21723  1030.4773  1030.4757     4.6478     0.0755     0.1234    34.4588    34.4571    7.98230         26 0.0000e+00
    598.000    590.970     0.2810  29.139177     0.2831  29.139780     4.6539     4.7829     0.0832    98.0484 1.0000e-12  -73.77588 -112.44464  54.907189      99.87 4.3904e+02    906.143      21748  1030.4822  1030.4808     4.6513     0.0736     0.1225    34.4592    34.4577    7.98194         27 0.0000e+00
    599.000    591.956     0.2845  29.143779     0.2868  29.144244     4.6613     4.7790     0.0973    98.0369 1.0000e-12  -73.77588 -112.44462  54.907203      99.86 4.3793e+02    907.323      21777  1030.4877  1030.4860     4.6507     0.0757     0.1338    34.4606    34.4587    7.98113         29 0.0000e+00
    600.000    592.943     0.2874  29.147409     0.2896  29.147886     4.6499     4.7811     0.0521    98.0097 1.0000e-12  -73.77588 -112.44463  54.907217      99.86 4.3672e+02    908.510      21805  1030.4930  1030.4914     4.6495     0.0755     0.1240    34.4616    34.4598    7.98047         27 0.0000e+00
    601.000    593.929     0.2904  29.151125     0.2925  29.151543     4.6608     4.7820     0.0255    98.0354 1.0000e-12  -73.77588 -112.44463  54.907229      99.86 4.3604e+02    909.596      21831  1030.4982  1030.4966     4.6506     0.0759     0.1246    34.4626    34.4608    7.97981         26 0.0000e+00
    602.000    594.917     0.2918  29.153053     0.2939  29.153634     4.6520     4.7819     0.0448    98.0346 1.0000e-12  -73.77588 -112.44463  54.907242      99.87 4.3491e+02    910.665      21857  1030.5031  1030.5017     4.6506     0.0744     0.1237    34.4629    34.4614    7.97949         26 0.0000e+00
    603.000    595.903     0.2926  29.154628     0.2949  29.155134     4.6517     4.7782     0.0415    98.0466 1.0000e-12  -73.77588 -112.44463  54.907255      99.87 4.3419e+02    911.792      21884  1030.5082  1030.5066     4.6511     0.0763     0.1259    34.4635    34.4616    7.97929         28 0.0000e+00
    604.000    596.891     0.2945  29.157321     0.2966  29.157791     4.6448     4.7760     0.0252    98.0310 1.0000e-12  -73.77588 -112.44463  54.907268      99.86 4.3296e+02    912.956      21912  1030.5135  1030.5120     4.6505     0.0750     0.1214    34.4644    34.4627    7.97885         27 0.0000e+00
    605.000    597.876     0.2954  29.159140     0.2976  29.159656     4.6530     4.7778     0.0258    98.0904 1.0000e-12  -73.77588 -112.44464  54.907281      99.86 4.3285e+02    914.111      21940  1030.5188  1030.5173     4.6532     0.0773     0.1231    34.4651    34.4634    7.97862         28 0.0000e+00
    606.000    598.865     0.2958  29.160012     0.2978  29.160490     4.6571     4.7775     0.0345    98.1100 1.0000e-12  -73.77588 -112.44462  54.907294      99.86 4.3250e+02    915.243      21967  1030.5236  1030.5221     4.6542     0.0813     0.1238    34.4653    34.4636    7.97853         27 0.0000e+00
    607.000    599.850     0.2968  29.161754     0.2984  29.161754     4.6561     4.7770     0.0421    98.0567 1.0000e-12  -73.77588 -112.44464  54.907307      99.86 4.3265e+02    916.349      21993  1030.5287  1030.5271     4.6517     0.0742     0.1238    34.4659    34.4640    7.97830         26 0.0000e+00
    608.000    600.837     0.2977  29.163217     0.2996  29.163620     4.6518     4.7753     0.0725    98.0730 1.0000e-12  -73.77588 -112.44462  54.907320      99.86 4.3118e+02    917.466      22020  1030.5336  1030.5321     4.6524     0.0742     0.1236    34.4662    34.4646    7.97809         27 0.0000e+00
    609.000    601.823     0.2976  29.163504     0.2995  29.163928     4.6508     4.7784     0.0578    98.0931 1.0000e-12  -73.77588 -112.44463  54.907334      99.86 4.2905e+02    918.618      22048  1030.5383  1030.5368     4.6533     0.0739     0.1236    34.4661    34.4645    7.97812         28 0.0000e+00
    610.000    602.812     0.2976  29.163910     0.2996  29.164420     4.6508     4.7807     0.0273    98.0814 1.0000e-12  -73.77588 -112.44463  54.907347      99.86 4.2956e+02    919.760      22075  1030.5429  1030.5415     4.6528     0.0752     0.1221    34.4661    34.4645    7.97812         27 0.0000e+00
    611.000    603.798     0.2977  29.164655     0.2999  29.165222     4.6548     4.7738     0.0390    98.0901 1.0000e-12  -73.77588 -112.44464  54.907360      99.86 4.2818e+02    920.903      22103  1030.5479  1030.5463     4.6532     0.0783     0.1234    34.4663    34.4646    7.97808         28 0.0000e+00
    612.000    604.783     0.2979  29.165135     0.3000  29.165702     4.6534     4.7783     0.0448    98.1046 1.0000e-12  -73.77588 -112.44464  54.907373      99.86 4.2693e+02    922.056      22130  1030.5525  1030.5510     4.6539     0.0911     0.1235    34.4662    34.4646    7.97806         27 0.0000e+00
    613.000    605.772     0.2982  29.165801     0.3002  29.166350     4.6558     4.7778     0.0732    98.0869 1.0000e-12  -73.77588 -112.44462  54.907386      99.86 4.2730e+02    923.159      22157  1030.5571  1030.5558     4.6531     0.0784     0.1249    34.4661    34.4646    7.97799         26 0.0000e+00
    614.000    606.758     0.2981  29.166302     0.3002  29.166780     4.6517     4.7786     0.0580    98.0577 1.0000e-12  -73.77588 -112.44462  54.907399      99.86 4.2649e+02    924.249      22183  1030.5620  1030.5604     4.6517     0.0766     0.1231    34.4663    34.4646    7.97801         27 0.0000e+00
    615.000    607.745     0.2981  29.166750     0.3003  29.167311     4.6523     4.7788     0.0324    98.0710 1.0000e-12  -73.77588 -112.44462  54.907412      99.86 4.2394e+02    925.376      22210  1030.5667  1030.5652     4.6523     0.0811     0.1228    34.4663    34.4646    7.97799         27 0.0000e+00
    616.000    608.731     0.2986  29.167775     0.3006  29.168128     4.6518     4.7721     0.0223    98.0495 1.0000e-12  -73.77588 -112.44462  54.907425      99.86 4.2511e+02    926.529      22238  1030.5716  1030.5699     4.6513     0.0747     0.1243    34.4666    34.4647    7.97789         28 0.0000e+00
    617.000    609.717     0.2996  29.169382     0.3017  29.169820     4.6489     4.7716     0.0288    97.9505 1.0000e-12  -73.77588 -112.44462  54.907438      99.44 4.2293e+02    927.675      22265  1030.5764  1030.5749     4.6466     0.0746     0.1233    34.4669    34.4652    7.97766         28 0.0000e+00
    618.000    610.705     0.3011  29.171826     0.3033  29.172378     4.6553     4.7725     0.0401    98.0489 1.0000e-12  -73.77588 -112.44462  54.907452      98.78 4.2002e+02    928.810      22292  1030.5817  1030.5802     4.6513     0.0767     0.1273    34.4678    34.4661    7.97729         27 0.0000e+00
    619.000    611.693     0.3021  29.173266     0.3042  29.173817     4.6536     4.7738     0.1105    98.0438 1.0000e-12  -73.77588 -112.44462  54.907464      98.11 4.2235e+02    929.901      22319  1030.5865  1030.5851     4.6510     0.0753     0.1254    34.4681    34.4665    7.97708         25 0.0000e+00
    620.000    612.678     0.3026  29.174258     0.3048  29.174829     4.6539     4.7740     0.0299    97.9820 1.0000e-12  -73.77588 -112.44462  54.907477      96.67 4.2031e+02    930.981      22345  1030.5913  1030.5898     4.6481     0.0760     0.1239    34.4682    34.4666    7.97696         26 0.0000e+00
    621.000    613.664     0.3031  29.175196     0.3052  29.175617     4.6506     4.7709     0.0224    97.9989 1.0000e-12  -73.77588 -112.44462  54.907490      96.27 4.1876e+02    932.098      22371  1030.5961  1030.5945     4.6489     0.0824     0.1255    34.4684    34.4665    7.97686         28 0.0000e+00
    622.000    614.652     0.3042  29.176943     0.3062  29.177313     4.6461     4.7686     0.0294    98.0748 1.0000e-12  -73.77588 -112.44462  54.907503      95.37 4.1826e+02    933.249      22399  1030.6010  1030.5995     4.6525     0.0776     0.1234    34.4688    34.4671    7.97660         27 0.0000e+00
