ocean_section_plots/required_files/ctd/dnbp2202_ctd258.cnv
* Sea-Bird SBE 9 Data File:
* FileName = D:\Data\raw\NBP2202_CTD258.hex
* Software Version Seasave V 7.26.7.121
* Temperature SN = 1649
* Conductivity SN = 2513
* Number of Bytes Per Scan = 40
* Number of Voltage Words = 5
* Number of Scans Averaged by the Deck Unit = 1
* NMEA Latitude = 73 48.03 S
* NMEA Longitude = 112 40.06 W
* NMEA UTC (Time) = Feb 17 2022  12:11:53
* NMEA baud rate = 9600
** Ship: RVIB N.B. Palmer
** Cruise: NBP2202 Thwaites
** Station: 12
** Operator: B. Bjork
# nquan = 28
# nvalues = 740                         
# units = specified
# name 0 = prDM: Pressure, Digiquartz [db]
# name 1 = depSM: Depth [salt water, m]
# name 2 = t090C: Temperature [ITS-90, deg C]
# name 3 = c0mS/cm: Conductivity [mS/cm]
# name 4 = t190C: Temperature, 2 [ITS-90, deg C]
# name 5 = c1mS/cm: Conductivity, 2 [mS/cm]
# name 6 = sbeox0ML/L: Oxygen, SBE 43 [ml/l]
# name 7 = sbeox1ML/L: Oxygen, SBE 43, 2 [ml/l]
# name 8 = flECO-AFL: Fluorescence, WET Labs ECO-AFL/FL [mg/m^3]
# name 9 = CStarTr0: Beam Transmission, WET Labs C-Star [%]
# name 10 = par: PAR/Irradiance, Biospherical/Licor
# name 11 = latitude: Latitude [deg]
# name 12 = longitude: Longitude [deg]
# name 13 = timeJ: Julian Days
# name 14 = altM: Altimeter [m]
# name 15 = spar: SPAR, Biospherical/Licor
# name 16 = timeS: Time, Elapsed [seconds]
# name 17 = scan: Scan Count
# name 18 = density00: Density [density, kg/m^3]
# name 19 = density11: Density, 2 [density, kg/m^3]
# name 20 = v3: Voltage 3
# name 21 = v4: Voltage 4
# name 22 = v5: Voltage 5
# name 23 = sal00: Salinity, Practical [PSU]
# name 24 = sal11: Salinity, Practical, 2 [PSU]
# name 25 = oxsolML/L: Oxygen Saturation, Garcia & Gordon [ml/l]
# name 26 = nbin: number of scans per bin
# name 27 = flag: flag
# span 0 =      2.000,    741.000       
# span 1 =      1.965,    732.054       
# span 2 =    -1.4736,     0.5353       
# span 3 =  27.083730,  29.495948       
# span 4 =    -1.4737,     0.5375       
# span 5 =  27.084170,  29.496696       
# span 6 =     4.5900,     9.3624       
# span 7 =     4.7563,     9.7053       
# span 8 =     0.0008,    26.2801       
# span 9 =    74.1046,    96.5181       
# span 10 = -1.592e-06, 2.7917e+01      
# span 11 =  -73.80052,  -73.80034      
# span 12 = -112.66784, -112.66688      
# span 13 =  48.511144,  48.520978      
# span 14 =       2.10,     100.02      
# span 15 = 6.9956e+01, 9.4639e+01      
# span 16 =    249.901,   1099.460      
# span 17 =       5999,      26388      
# span 18 =  1027.1375,  1031.2133      
# span 19 =  1027.1394,  1031.2120      
# span 20 =     3.5160,     4.5787      
# span 21 =     0.0680,     3.8577      
# span 22 =     0.1134,     0.2480      
# span 23 =    33.7385,    34.5598      
# span 24 =    33.7402,    34.5579      
# span 25 =    7.92403,    8.38980      
# span 26 =          1,         48      
# span 27 = 0.0000e+00, 0.0000e+00      
# interval = decibars: 1                
# start_time = Feb 17 2022 12:11:53 [NMEA time, header]
# bad_flag = -9.990e-29
*END*
[from data line 622]
    624.000    616.624     0.2567  29.119767     0.2585  29.119987     4.6799     4.8381     0.0080    96.2791 1.0000e-12  -73.80034 -112.66696  48.519004      99.84 8.9320e+01    928.986      22297  1030.5956  1030.5940     4.5674     0.0724     0.1221    34.4458    34.4440    7.98774         24 0.0000e+00
    625.000    617.611     0.2574  29.121099     0.2593  29.121412     4.6799     4.8323     0.1156    96.2962 1.0000e-12  -73.80034 -112.66696  48.519016      99.84 8.8733e+01    929.976      22320  1030.6005  1030.5989     4.5682     0.0718     0.1221    34.4461    34.4444    7.98756         24 0.0000e+00
    626.000    618.596     0.2587  29.123249     0.2607  29.123539     4.6815     4.8324     0.0491    96.3015 1.0000e-12  -73.80034 -112.66696  48.519027      82.02 8.8877e+01    930.969      22344  1030.6056  1030.6040     4.5685     0.0705     0.1209    34.4469    34.4451    7.98724         24 0.0000e+00
    627.000    619.585     0.2600  29.125100     0.2619  29.125455     4.6797     4.8314     0.0110    96.2977 1.0000e-12  -73.80034 -112.66696  48.519039      92.56 8.8604e+01    931.960      22368  1030.6106  1030.6091     4.5683     0.0763     0.1206    34.4473    34.4456    7.98696         23 0.0000e+00
    628.000    620.571     0.2612  29.127024     0.2633  29.127633     4.6750     4.8337     0.0075    96.2798 1.0000e-12  -73.80034 -112.66696  48.519050      98.65 8.8584e+01    932.955      22392  1030.6157  1030.6143     4.5674     0.0740     0.1231    34.4480    34.4464    7.98668         24 0.0000e+00
    629.000    621.558     0.2619  29.128385     0.2639  29.128803     4.6744     4.8359     0.0127    96.2650 1.0000e-12  -73.80034 -112.66696  48.519062      99.84 8.8659e+01    933.942      22416  1030.6206  1030.6191     4.5666     0.0784     0.1207    34.4483    34.4466    7.98650         24 0.0000e+00
    630.000    622.544     0.2623  29.129357     0.2643  29.129630     4.6763     4.8369     0.0343    96.3142 1.0000e-12  -73.80034 -112.66696  48.519073      99.84 8.8585e+01    934.933      22439  1030.6254  1030.6239     4.5691     0.0736     0.1222    34.4485    34.4467    7.98641         24 0.0000e+00
    631.000    623.531     0.2626  29.130350     0.2645  29.130583     4.6902     4.8305     0.0276    96.3032 1.0000e-12  -73.80034 -112.66696  48.519085      99.84 8.8527e+01    935.925      22463  1030.6305  1030.6289     4.5685     0.0722     0.1219    34.4489    34.4471    7.98632         23 0.0000e+00
    632.000    624.517     0.2612  29.129456     0.2624  29.129340     4.6855     4.8334     0.0221    96.2808 1.0000e-12  -73.80034 -112.66696  48.519096      99.84 8.8362e+01    936.912      22487  1030.6352  1030.6340     4.5674     0.0735     0.1242    34.4488    34.4473    7.98663         24 0.0000e+00
    633.000    625.505     0.2578  29.127261     0.2602  29.128100     4.6908     4.8473     0.0438    96.2389 1.0000e-12  -73.80034 -112.66696  48.519108      99.84 8.8142e+01    937.906      22511  1030.6405  1030.6391     4.5654     0.0728     0.1209    34.4491    34.4476    7.98732         24 0.0000e+00
    634.000    626.491     0.2564  29.126229     0.2581  29.126575     4.6969     4.8552     0.0436    96.3025 1.0000e-12  -73.80034 -112.66696  48.519119      99.84 8.8144e+01    938.893      22534  1030.6451  1030.6438     4.5685     0.0722     0.1214    34.4488    34.4473    7.98763         24 0.0000e+00
    635.000    627.478     0.2431  29.115390     0.2448  29.115724     4.7069     4.8621     0.0720    96.3145 1.0000e-12  -73.80034 -112.66696  48.519131      99.84 8.8144e+01    939.877      22558  1030.6511  1030.6498     4.5691     0.0716     0.1220    34.4488    34.4473    7.99038         23 0.0000e+00
    636.000    628.464     0.2416  29.115418     0.2436  29.115877     4.7084     4.8538     0.0484    96.3166 1.0000e-12  -73.80034 -112.66696  48.519142      99.84 8.8144e+01    940.870      22582  1030.6568  1030.6554     4.5691     0.0735     0.1186    34.4499    34.4483    7.99063         24 0.0000e+00
    637.000    629.453     0.2427  29.117645     0.2447  29.118145     4.7161     4.8509     0.0177    96.2874 1.0000e-12  -73.80034 -112.66696  48.519154      99.84 8.8144e+01    941.862      22606  1030.6622  1030.6608     4.5677     0.0725     0.1224    34.4510    34.4494    7.99034         24 0.0000e+00
    638.000    630.438     0.2426  29.118248     0.2445  29.118675     4.7073     4.8617     0.0109    96.2876 1.0000e-12  -73.80034 -112.66696  48.519165      99.84 8.8144e+01    942.850      22629  1030.6672  1030.6658     4.5678     0.0744     0.1226    34.4514    34.4498    7.99035         24 0.0000e+00
    639.000    631.424     0.2425  29.119334     0.2445  29.119675     4.7061     4.8674     0.0173    96.2855 1.0000e-12  -73.80034 -112.66696  48.519176      99.84 8.8144e+01    943.842      22653  1030.6726  1030.6710     4.5677     0.0792     0.1269    34.4523    34.4505    7.99031         24 0.0000e+00
    640.000    632.410     0.2429  29.120358     0.2449  29.120722     4.7067     4.8695     0.0188    96.2696 1.0000e-12  -73.80034 -112.66696  48.519188      86.79 8.8144e+01    944.843      22677  1030.6774  1030.6759     4.5669     0.0690     0.1216    34.4526    34.4508    7.99021         24 0.0000e+00
    641.000    633.398     0.2435  29.121490     0.2454  29.121828     4.7095     4.8735     0.0177    96.2810 1.0000e-12  -73.80034 -112.66696  48.519199      99.64 8.8144e+01    945.839      22701  1030.6822  1030.6807     4.5675     0.0728     0.1219    34.4528    34.4512    7.99007         24 0.0000e+00
    642.000    634.384     0.2442  29.122973     0.2463  29.123412     4.7085     4.8668     0.0270    96.2876 1.0000e-12  -73.80034 -112.66696  48.519212      99.84 8.8144e+01    946.910      22727  1030.6873  1030.6858     4.5678     0.0728     0.1222    34.4534    34.4517    7.98989         27 0.0000e+00
    643.000    635.371     0.2460  29.125575     0.2479  29.125920     4.7114     4.8650     0.0193    96.2527 1.0000e-12  -73.80034 -112.66696  48.519225      99.84 8.8144e+01    948.063      22755  1030.6925  1030.6910     4.5661     0.0720     0.1224    34.4543    34.4526    7.98948         28 0.0000e+00
    644.000    636.357     0.2477  29.128537     0.2497  29.128846     4.7055     4.8634     0.0168    96.2807 1.0000e-12  -73.80034 -112.66696  48.519238      99.79 8.8144e+01    949.200      22782  1030.6981  1030.6965     4.5675     0.0725     0.1202    34.4556    34.4539    7.98904         27 0.0000e+00
    645.000    637.344     0.2491  29.130741     0.2511  29.131181     4.7124     4.8661     0.0189    96.2282 1.0000e-12  -73.80034 -112.66696  48.519251      99.12 8.8144e+01    950.320      22809  1030.7032  1030.7018     4.5649     0.0813     0.1238    34.4564    34.4547    7.98871         27 0.0000e+00
    646.000    638.331     0.2513  29.133903     0.2532  29.134242     4.7142     4.8684     0.0144    96.2794 1.0000e-12  -73.80034 -112.66696  48.519265      98.53 8.8144e+01    951.461      22836  1030.7087  1030.7072     4.5674     0.0729     0.1263    34.4575    34.4559    7.98820         28 0.0000e+00
    647.000    639.316     0.2530  29.136822     0.2550  29.137086     4.7086     4.8668     0.0143    96.2914 1.0000e-12  -73.80034 -112.66696  48.519278      97.47 8.8144e+01    952.588      22863  1030.7143  1030.7125     4.5680     0.0705     0.1223    34.4589    34.4569    7.98776         26 0.0000e+00
    648.000    640.305     0.2566  29.141773     0.2584  29.141856     4.7129     4.8673     0.0237    96.3075 1.0000e-12  -73.80034 -112.66696  48.519291      96.47 8.8144e+01    953.701      22890  1030.7201  1030.7185     4.5687     0.0735     0.1214    34.4607    34.4588    7.98691         27 0.0000e+00
    649.000    641.291     0.2629  29.150156     0.2652  29.150724     4.7154     4.8657     0.0223    96.3088 1.0000e-12  -73.80034 -112.66696  48.519304      95.31 8.8144e+01    954.853      22917  1030.7270  1030.7253     4.5688     0.0735     0.1228    34.4642    34.4623    7.98542         28 0.0000e+00
    650.000    642.277     0.2659  29.154063     0.2678  29.154412     4.7115     4.8659     0.0140    96.3249 1.0000e-12  -73.80034 -112.66696  48.519317      94.48 8.8144e+01    956.003      22945  1030.7323  1030.7309     4.5695     0.0730     0.1240    34.4653    34.4637    7.98473         27 0.0000e+00
    651.000    643.264     0.2666  29.155260     0.2695  29.156728     4.7067     4.8627     0.0217    96.3152 1.0000e-12  -73.80034 -112.66696  48.519330      93.30 8.8144e+01    957.140      22972  1030.7372  1030.7358     4.5691     0.0714     0.1206    34.4655    34.4642    7.98457         27 0.0000e+00
    652.000    644.251     0.2691  29.158627     0.2715  29.159223     4.7058     4.8629     0.0806    96.2795 1.0000e-12  -73.80034 -112.66696  48.519344      92.40 8.8144e+01    958.296      23000  1030.7425  1030.7408     4.5674     0.0729     0.1195    34.4666    34.4647    7.98400         29 0.0000e+00
    653.000    645.236     0.2734  29.163866     0.2759  29.164609     4.7031     4.8607     0.0478    96.2838 1.0000e-12  -73.80034 -112.66696  48.519357      91.35 8.8144e+01    959.453      23028  1030.7480  1030.7463     4.5676     0.0723     0.1207    34.4681    34.4663    7.98302         27 0.0000e+00
    654.000    646.224     0.2794  29.171010     0.2816  29.171461     4.6959     4.8627     0.0148    96.2858 1.0000e-12  -73.80034 -112.66696  48.519370      90.29 8.8144e+01    960.589      23055  1030.7538  1030.7521     4.5677     0.0723     0.1278    34.4701    34.4682    7.98166         28 0.0000e+00
    655.000    647.209     0.2847  29.177862     0.2868  29.178336     4.6977     4.8532     0.0027    96.3210 1.0000e-12  -73.80034 -112.66696  48.519384      89.28 8.8144e+01    961.751      23083  1030.7601  1030.7585     4.5694     0.0718     0.1193    34.4726    34.4709    7.98043         28 0.0000e+00
    656.000    648.197     0.2940  29.189487     0.2963  29.189988     4.6941     4.8536     0.0118    96.2963 1.0000e-12  -73.80034 -112.66696  48.519397      88.14 8.8144e+01    962.912      23111  1030.7673  1030.7656     4.5682     0.0711     0.1191    34.4769    34.4750    7.97826         27 0.0000e+00
    657.000    649.182     0.2979  29.194562     0.3000  29.194942     4.6960     4.8524     0.0551    96.2952 1.0000e-12  -73.80034 -112.66696  48.519410      87.09 8.8144e+01    964.053      23138  1030.7730  1030.7714     4.5681     0.0708     0.1219    34.4786    34.4768    7.97735         27 0.0000e+00
    658.000    650.170     0.3023  29.200195     0.3047  29.200824     4.6969     4.8533     0.0183    96.2863 1.0000e-12  -73.80034 -112.66694  48.519424      86.02 8.8144e+01    965.190      23166  1030.7789  1030.7773     4.5678     0.0725     0.1228    34.4805    34.4786    7.97634         26 0.0000e+00
    659.000    651.156     0.3096  29.209389     0.3117  29.209516     4.6896     4.8537     0.0142    96.2866 1.0000e-12  -73.80034 -112.66694  48.519436      85.24 8.8144e+01    966.243      23191  1030.7856  1030.7837     4.5677     0.0732     0.1218    34.4838    34.4816    7.97465         26 0.0000e+00
    660.000    652.143     0.3217  29.223684     0.3237  29.223731     4.6920     4.8521     0.0143    96.3132 1.0000e-12  -73.80034 -112.66694  48.519448      84.06 8.8144e+01    967.328      23217  1030.7929  1030.7910     4.5690     0.0703     0.1197    34.4884    34.4862    7.97188         27 0.0000e+00
    661.000    653.128     0.3249  29.227985     0.3270  29.228306     4.6947     4.8523     0.0209    96.3115 1.0000e-12  -73.80034 -112.66694  48.519462      83.17 8.8144e+01    968.485      23245  1030.7986  1030.7970     4.5689     0.0708     0.1195    34.4899    34.4880    7.97114         28 0.0000e+00
    662.000    654.115     0.3253  29.229155     0.3274  29.229478     4.7020     4.8539     0.0066    96.3042 1.0000e-12  -73.80034 -112.66694  48.519475      82.18 8.8144e+01    969.650      23273  1030.8037  1030.8021     4.5686     0.0693     0.1184    34.4903    34.4885    7.97102         28 0.0000e+00
    663.000    655.103     0.3255  29.229804     0.3276  29.230152     4.7034     4.8573     0.0069    96.3265 1.0000e-12  -73.80034 -112.66694  48.519488      81.06 8.8144e+01    970.779      23300  1030.8087  1030.8070     4.5696     0.0714     0.1216    34.4905    34.4886    7.97099         27 0.0000e+00
    664.000    656.088     0.3271  29.232261     0.3292  29.232512     4.7072     4.8590     0.0256    96.2916 1.0000e-12  -73.80034 -112.66694  48.519501      80.01 8.8144e+01    971.928      23327  1030.8140  1030.8122     4.5680     0.0726     0.1203    34.4913    34.4893    7.97062         28 0.0000e+00
    665.000    657.075     0.3277  29.233915     0.3297  29.234265     4.7107     4.8654     0.0548    96.3250 1.0000e-12  -73.80034 -112.66694  48.519515      79.03 8.8144e+01    973.089      23355  1030.8194  1030.8178     4.5695     0.0705     0.1185    34.4922    34.4904    7.97043         27 0.0000e+00
    666.000    658.061     0.3283  29.235217     0.3304  29.235613     4.7083     4.8631     0.0156    96.3419 1.0000e-12  -73.80034 -112.66694  48.519528      78.09 8.8144e+01    974.229      23382  1030.8245  1030.8229     4.5703     0.0705     0.1191    34.4926    34.4909    7.97028         28 0.0000e+00
    667.000    659.049     0.3285  29.236176     0.3304  29.236358     4.7099     4.8742     0.0200    96.2695 1.0000e-12  -73.80034 -112.66694  48.519541      77.11 8.8144e+01    975.375      23410  1030.8295  1030.8279     4.5669     0.0702     0.1208    34.4931    34.4912    7.97021         27 0.0000e+00
    668.000    660.034     0.3281  29.236563     0.3302  29.236959     4.7200     4.8781     0.0142    96.3000 1.0000e-12  -73.80034 -112.66694  48.519555      76.03 8.8144e+01    976.537      23438  1030.8347  1030.8331     4.5683     0.0708     0.1219    34.4935    34.4917    7.97028         28 0.0000e+00
    669.000    661.022     0.3275  29.237094     0.3294  29.237318     4.7320     4.8794     0.0189    96.3413 1.0000e-12  -73.80034 -112.66694  48.519568      74.99 8.8144e+01    977.674      23465  1030.8401  1030.8385     4.5703     0.0692     0.1222    34.4943    34.4925    7.97036         27 0.0000e+00
    670.000    662.007     0.3260  29.236715     0.3281  29.237206     4.7356     4.8909     0.0263    96.3770 1.0000e-12  -73.80034 -112.66694  48.519581      74.03 8.8144e+01    978.819      23493  1030.8455  1030.8440     4.5720     0.0730     0.1216    34.4949    34.4932    7.97064         28 0.0000e+00
    671.000    662.993     0.3247  29.237107     0.3267  29.237553     4.7524     4.9019     0.0279    96.3677 1.0000e-12  -73.80034 -112.66694  48.519595      72.89 8.8144e+01    979.977      23520  1030.8514  1030.8499     4.5715     0.0709     0.1189    34.4963    34.4946    7.97084         28 0.0000e+00
    672.000    663.980     0.3225  29.236731     0.3245  29.237085     4.7544     4.9039     0.0262    96.3451 1.0000e-12  -73.80034 -112.66694  48.519608      71.97 8.8144e+01    981.111      23548  1030.8575  1030.8559     4.5705     0.0700     0.1178    34.4976    34.4959    7.97121         27 0.0000e+00
    673.000    664.967     0.3207  29.236056     0.3229  29.236456     4.7599     4.9090     0.0297    96.3292 1.0000e-12  -73.80034 -112.66694  48.519621      70.93 8.8144e+01    982.258      23575  1030.8627  1030.8611     4.5697     0.0724     0.1172    34.4981    34.4963    7.97154         28 0.0000e+00
    674.000    665.954     0.3205  29.236535     0.3226  29.236996     4.7547     4.9132     0.0354    96.3715 1.0000e-12  -73.80034 -112.66694  48.519634      70.03 8.8144e+01    983.417      23603  1030.8677  1030.8661     4.5717     0.0728     0.1171    34.4985    34.4967    7.97158         28 0.0000e+00
