ocean_section_plots/required_files/ctd/dnbp2202_ctd295.cnv
* Sea-Bird SBE 9 Data File:
* FileName = D:\Data\raw\NBP2202_CTD295.hex
* Software Version Seasave V 7.26.7.121
* Temperature SN = 1649
* Conductivity SN = 2513
* Number of Bytes Per Scan = 40
* Number of Voltage Words = 5
* Number of Scans Averaged by the Deck Unit = 1
* NMEA Latitude = 73 15.00 S
* NMEA Longitude = 114 20.02 W
* NMEA UTC (Time) = Feb 24 2022  11:27:30
* NMEA baud rate = 9600
** Ship: RVIB N.B. Palmer
** Cruise: NBP2202 Thwaites
** Station: 197
** Operator: B. Bjork
# nquan = 28
# nvalues = 733                         
# units = specified
# name 0 = prDM: Pressure, Digiquartz [db]
# name 1 = depSM: Depth [salt water, m]
# name 2 = t090C: Temperature [ITS-90, deg C]
# name 3 = c0mS/cm: Conductivity [mS/cm]
# name 4 = t190C: Temperature, 2 [ITS-90, deg C]
# name 5 = c1mS/cm: Conductivity, 2 [mS/cm]
# name 6 = sbeox0ML/L: Oxygen, SBE 43 [ml/l]
# name 7 = sbeox1ML/L: Oxygen, SBE 43, 2 [ml/l]
# name 8 = flECO-AFL: Fluorescence, WET Labs ECO-AFL/FL [mg/m^3]
# name 9 = CStarTr0: Beam Transmission, WET Labs C-Star [%]
# name 10 = par: PAR/Irradiance, Biospherical/Licor
# name 11 = latitude: Latitude [deg]
# name 12 = longitude: Longitude [deg]
# name 13 = timeJ: Julian Days
# name 14 = altM: Altimeter [m]
# name 15 = spar: SPAR, Biospherical/Licor
# name 16 = timeS: Time, Elapsed [seconds]
# name 17 = scan: Scan Count
# name 18 = density00: Density [density, kg/m^3]
# name 19 = density11: Density, 2 [density, kg/m^3]
# name 20 = v3: Voltage 3
# name 21 = v4: Voltage 4
# name 22 = v5: Voltage 5
# name 23 = sal00: Salinity, Practical [PSU]
# name 24 = sal11: Salinity, Practical, 2 [PSU]
# name 25 = oxsolML/L: Oxygen Saturation, Garcia & Gordon [ml/l]
# name 26 = nbin: number of scans per bin
# name 27 = flag: flag
# span 0 =      2.000,    734.000       
# span 1 =      1.986,    725.179       
# span 2 =    -1.3905,     0.7436       
# span 3 =  27.011822,  29.713890       
# span 4 =    -1.3899,     0.7458       
# span 5 =  27.012415,  29.714956       
# span 6 =     4.4450,     8.9557       
# span 7 =     4.5719,     9.2702       
# span 8 =     0.0464,    19.7576       
# span 9 =    81.5337,    97.2321       
# span 10 = -4.269e-04, 2.9229e+00      
# span 11 =  -73.25012,  -73.25012      
# span 12 = -114.33382, -114.33380      
# span 13 =  55.479807,  55.490385      
# span 14 =      -9.59,     100.25      
# span 15 = 2.1155e+01, 3.0372e+01      
# span 16 =    205.296,   1119.248      
# span 17 =       4928,      26863      
# span 18 =  1027.1284,  1031.2070      
# span 19 =  1027.1302,  1031.2059      
# span 20 =     3.8685,     4.6125      
# span 21 =     0.0773,     2.7488      
# span 22 =     0.1165,     0.2273      
# span 23 =    33.7155,    34.6143      
# span 24 =    33.7169,    34.6127      
# span 25 =    7.87857,    8.36995      
# span 26 =          3,         46      
# span 27 = 0.0000e+00, 0.0000e+00      
# interval = decibars: 1                
# start_time = Feb 24 2022 11:27:30 [NMEA time, header]
# bad_flag = -9.990e-29
*END*
[from data line 311]
    313.000    309.540    -0.8740  27.784455    -0.8743  27.784685     5.6919     5.8286     0.8550    96.4429 1.0000e-12  -73.25012 -114.33382  55.484076      99.89 2.4680e+01    574.187      13781  1028.9336  1028.9342     4.5751     0.2270     0.1281    34.1207    34.1213    8.24733         23 0.0000e+00
    314.000    310.530    -0.9987  27.673862    -0.9991  27.677349     5.7517     5.8970     0.7308    96.2883 1.0000e-12  -73.25012 -114.33382  55.484087      99.90 2.4680e+01    575.142      13804  1028.9398  1028.9440     4.5678     0.1513     0.1278    34.1110    34.1162    8.27531         24 0.0000e+00
    315.000    311.516    -1.0659  27.619705    -1.0661  27.620140     5.7655     5.9135     0.6379    95.9480 1.0000e-12  -73.25012 -114.33382  55.484099      53.17 2.4680e+01    576.135      13828  1028.9502  1028.9510     4.5516     0.1343     0.1262    34.1127    34.1136    8.29002         24 0.0000e+00
    316.000    312.506    -1.0811  27.608337    -1.0804  27.608280     5.7581     5.9272     0.5284    96.2257 1.0000e-12  -73.25012 -114.33382  55.484111     100.22 2.4680e+01    577.174      13853  1028.9562  1028.9554     4.5648     0.1161     0.1278    34.1139    34.1129    8.29332         25 0.0000e+00
    317.000    313.493    -1.0659  27.622234    -1.0644  27.622779     5.7593     5.9424     0.5696    96.3299 1.0000e-12  -73.25012 -114.33382  55.484123      99.90 2.4680e+01    578.209      13878  1028.9600  1028.9591     4.5698     0.1868     0.1309    34.1149    34.1140    8.28989         25 0.0000e+00
    318.000    314.481    -1.0718  27.617729    -1.0714  27.617743     5.7364     5.9119     0.7399    96.4548 1.0000e-12  -73.25012 -114.33382  55.484135      99.89 2.4680e+01    579.237      13903  1028.9646  1028.9642     4.5757     0.2145     0.1279    34.1148    34.1145    8.29120         24 0.0000e+00
    319.000    315.469    -1.0655  27.625365    -1.0632  27.626173     5.7091     5.8895     0.6959    96.3778 1.0000e-12  -73.25012 -114.33382  55.484146      99.90 2.4680e+01    580.243      13927  1028.9705  1028.9691     4.5720     0.1357     0.1263    34.1175    34.1160    8.28965         24 0.0000e+00
    320.000    316.459    -1.0416  27.647204    -1.0404  27.647172     5.7126     5.8983     0.5286    96.4508 1.0000e-12  -73.25012 -114.33382  55.484157      99.90 2.4680e+01    581.205      13950  1028.9748  1028.9736     4.5755     0.1736     0.1285    34.1196    34.1181    8.28426         23 0.0000e+00
    321.000    317.446    -1.0307  27.656588    -1.0301  27.656926     5.7456     5.9275     0.6426    96.4010 1.0000e-12  -73.25012 -114.33382  55.484169      99.89 2.4680e+01    582.161      13973  1028.9784  1028.9782     4.5732     0.1941     0.1329    34.1194    34.1192    8.28187         23 0.0000e+00
    322.000    318.433    -1.0656  27.627826    -1.0653  27.628078     5.7874     5.9605     0.4618    96.5818 1.0000e-12  -73.25012 -114.33382  55.484180      99.90 2.4680e+01    583.164      13997  1028.9853  1028.9853     4.5816     0.1457     0.1324    34.1192    34.1192    8.28958         25 0.0000e+00
    323.000    319.423    -1.0811  27.615959    -1.0811  27.616349     5.8227     5.9884     0.8509    96.4807 1.0000e-12  -73.25012 -114.33382  55.484192      99.90 2.4680e+01    584.229      14023  1028.9914  1028.9919     4.5769     0.1544     0.1292    34.1199    34.1204    8.29295         26 0.0000e+00
    324.000    320.410    -1.1003  27.602116    -1.0993  27.602306     5.8437     6.0198     0.4472    96.4729 1.0000e-12  -73.25012 -114.33382  55.484205      99.89 2.4680e+01    585.308      14048  1028.9991  1028.9984     4.5765     0.1576     0.1278    34.1222    34.1213    8.29707         26 0.0000e+00
    325.000    321.398    -1.1119  27.592132    -1.1115  27.592936     5.8682     6.0553     0.4655    96.5537 1.0000e-12  -73.25012 -114.33382  55.484217      99.91 2.4680e+01    586.329      14073  1029.0035  1029.0041     4.5803     0.1657     0.1275    34.1211    34.1218    8.29970         23 0.0000e+00
    326.000    322.387    -1.1276  27.580101    -1.1266  27.580759     5.8920     6.1028     0.6153    96.1646 1.0000e-12  -73.25012 -114.33382  55.484228      99.90 2.4680e+01    587.286      14096  1029.0098  1029.0096     4.5620     0.2119     0.1360    34.1219    34.1217    8.30313         23 0.0000e+00
    327.000    323.375    -1.1323  27.577251    -1.1301  27.578523     5.7866     6.0133     0.7368    96.5141 1.0000e-12  -73.25012 -114.33382  55.484239      81.56 2.4680e+01    588.239      14119  1029.0152  1029.0145     4.5786     0.3833     0.1372    34.1227    34.1220    8.30413         23 0.0000e+00
    328.000    324.364    -1.1002  27.609392    -1.0971  27.609819     5.5388     5.7837     0.7675    96.4600 1.0000e-12  -73.25012 -114.33382  55.484251      87.82 2.4680e+01    589.244      14143  1029.0228  1029.0203     4.5760     0.1440     0.1250    34.1295    34.1267    8.29662         25 0.0000e+00
    329.000    325.351    -0.9746  27.728229    -0.9700  27.724490     5.3660     5.6194     0.6501    96.2907 1.0000e-12  -73.25012 -114.33382  55.484263      98.61 2.4680e+01    590.306      14168  1029.0332  1029.0247     4.5679     0.1314     0.1276    34.1483    34.1381    8.26784         26 0.0000e+00
    330.000    326.339    -0.7937  27.883044    -0.7958  27.879327     5.2892     5.5321     0.6182    96.5866 1.0000e-12  -73.25012 -114.33382  55.484275      99.92 2.4680e+01    591.387      14194  1029.0288  1029.0267     4.5819     0.1285     0.1311    34.1532    34.1505    8.22790         25 0.0000e+00
    331.000    327.327    -0.7976  27.881248    -0.7966  27.881004     5.2300     5.4673     0.8025    96.4815 1.0000e-12  -73.25012 -114.33382  55.484287      99.90 2.4680e+01    592.425      14219  1029.0357  1029.0345     4.5770     0.2087     0.1321    34.1544    34.1530    8.22867         25 0.0000e+00
    332.000    328.315    -0.7740  27.905435    -0.7724  27.903837     5.2115     5.4337     0.7932    96.2203 1.0000e-12  -73.25012 -114.33382  55.484299      99.89 2.4680e+01    593.396      14243  1029.0437  1029.0405     4.5646     0.1815     0.1281    34.1598    34.1559    8.22320         23 0.0000e+00
    333.000    329.304    -0.7203  27.953648    -0.7175  27.953668     5.2062     5.4166     0.5021    96.4733 1.0000e-12  -73.25012 -114.33382  55.484310      99.89 2.4680e+01    594.350      14265  1029.0482  1029.0456     4.5766     0.2520     0.1342    34.1638    34.1607    8.21129         23 0.0000e+00
    334.000    330.291    -0.7039  27.968510    -0.7026  27.968253     5.2055     5.4083     0.6021    96.5069 1.0000e-12  -73.25012 -114.33382  55.484321      99.90 2.4602e+01    595.329      14289  1029.0533  1029.0518     4.5782     0.1866     0.1465    34.1648    34.1630    8.20767         24 0.0000e+00
    335.000    331.281    -0.6947  27.977970    -0.6927  27.978035     5.2058     5.3955     0.4561    96.6984 1.0000e-12  -73.25012 -114.33382  55.484333      99.90 2.4534e+01    596.337      14313  1029.0596  1029.0577     4.5872     0.1403     0.1329    34.1665    34.1644    8.20557         24 0.0000e+00
    336.000    332.267    -0.6779  27.993329    -0.6758  27.993472     5.1925     5.3760     0.6651    96.1973 1.0000e-12  -73.25012 -114.33382  55.484345      99.90 2.5457e+01    597.376      14338  1029.0647  1029.0628     4.5635     0.1556     0.1349    34.1676    34.1655    8.20185         25 0.0000e+00
    337.000    333.255    -0.6721  27.999011    -0.6703  27.998932     5.1635     5.3552     0.4896    95.9955 1.0000e-12  -73.25012 -114.33382  55.484357      99.90 2.4661e+01    598.442      14364  1029.0702  1029.0683     4.5539     0.1520     0.1330    34.1682    34.1661    8.20057         25 0.0000e+00
    338.000    334.245    -0.6508  28.019139    -0.6475  28.019847     5.1577     5.3405     0.4010    95.9968 1.0000e-12  -73.25012 -114.33382  55.484369      99.90 2.4455e+01    599.458      14388  1029.0758  1029.0734     4.5540     0.1761     0.1343    34.1707    34.1679    8.19580         24 0.0000e+00
    339.000    335.234    -0.6306  28.039012    -0.6283  28.039167     5.1476     5.3303     0.5057    95.9725 1.0000e-12  -73.25012 -114.33382  55.484380      99.89 2.5088e+01    600.408      14411  1029.0822  1029.0802     4.5529     0.1565     0.1314    34.1740    34.1717    8.19123         22 0.0000e+00
    340.000    336.219    -0.6190  28.050302    -0.6173  28.050206     5.1447     5.3276     0.4973    95.7054 1.0000e-12  -73.25012 -114.33382  55.484391      99.85 2.4752e+01    601.345      14433  1029.0879  1029.0862     4.5401     0.1646     0.1342    34.1756    34.1736    8.18863         23 0.0000e+00
    341.000    337.209    -0.6141  28.055324    -0.6123  28.055470     5.1457     5.3249     0.5524    95.9730 1.0000e-12  -73.25012 -114.33382  55.484402      85.14 2.4680e+01    602.335      14457  1029.0934  1029.0918     4.5531     0.1366     0.1317    34.1763    34.1744    8.18754         25 0.0000e+00
    342.000    338.195    -0.6086  28.061431    -0.6067  28.061642     5.1403     5.3073     0.5431    96.4045 1.0000e-12  -73.25012 -114.33382  55.484414      95.47 2.6099e+01    603.381      14482  1029.0994  1029.0977     4.5731     0.1097     0.1342    34.1777    34.1758    8.18627         25 0.0000e+00
    343.000    339.185    -0.6006  28.070151    -0.5983  28.070659     5.1261     5.3008     0.3768    96.0003 1.0000e-12  -73.25012 -114.33382  55.484426      99.95 2.4951e+01    604.427      14507  1029.1056  1029.1039     4.5541     0.1326     0.1361    34.1798    34.1778    8.18442         25 0.0000e+00
    344.000    340.173    -0.5859  28.084879    -0.5830  28.085769     5.1153     5.2907     0.3221    96.2100 1.0000e-12  -73.25012 -114.33382  55.484438      99.89 2.4602e+01    605.452      14532  1029.1118  1029.1099     4.5641     0.1957     0.1382    34.1824    34.1804    8.18109         24 0.0000e+00
    345.000    341.161    -0.5778  28.092635    -0.5756  28.093062     5.0839     5.2641     0.2595    95.9509 1.0000e-12  -73.25012 -114.33382  55.484450      99.90 2.5873e+01    606.454      14556  1029.1168  1029.1152     4.5518     0.1416     0.1360    34.1831    34.1812    8.17929         25 0.0000e+00
    346.000    342.148    -0.5662  28.105644    -0.5632  28.106126     5.0620     5.2359     0.2837    96.3046 1.0000e-12  -73.25012 -114.33382  55.484461      99.91 2.4988e+01    607.463      14580  1029.1241  1029.1217     4.5685     0.1218     0.1345    34.1870    34.1842    8.17658         24 0.0000e+00
    347.000    343.136    -0.5358  28.135456    -0.5317  28.136974     5.0352     5.2136     0.2856    96.3737 1.0000e-12  -73.25012 -114.33382  55.484473      99.90 2.4679e+01    608.483      14605  1029.1310  1029.1287     4.5719     0.1095     0.1342    34.1921    34.1896    8.16971         24 0.0000e+00
    348.000    344.123    -0.5176  28.153350    -0.5152  28.153189     5.0224     5.1924     0.3449    96.6517 1.0000e-12  -73.25012 -114.33382  55.484485      99.90 2.6398e+01    609.496      14629  1029.1370  1029.1346     4.5850     0.1030     0.1319    34.1950    34.1922    8.16562         24 0.0000e+00
    349.000    345.113    -0.4950  28.174452    -0.4927  28.174703     5.0103     5.1803     0.2703    96.6714 1.0000e-12  -73.25012 -114.33382  55.484497      99.90 2.5309e+01    610.510      14653  1029.1423  1029.1403     4.5860     0.1380     0.1333    34.1974    34.1950    8.16063         24 0.0000e+00
    350.000    346.101    -0.4873  28.182476    -0.4853  28.182516     5.0073     5.1713     0.1892    96.7200 1.0000e-12  -73.25012 -114.33382  55.484508      99.91 2.4668e+01    611.518      14677  1029.1480  1029.1462     4.5882     0.1130     0.1318    34.1988    34.1966    8.15888         25 0.0000e+00
    351.000    347.089    -0.4821  28.188155    -0.4801  28.188348     4.9983     5.1600     0.1769    96.7817 1.0000e-12  -73.25012 -114.33382  55.484520      99.90 2.5803e+01    612.537      14702  1029.1537  1029.1520     4.5912     0.1233     0.1353    34.2000    34.1980    8.15770         25 0.0000e+00
    352.000    348.076    -0.4770  28.193419    -0.4749  28.193578     4.9925     5.1640     0.2398    96.6856 1.0000e-12  -73.25012 -114.33382  55.484532      99.90 2.5322e+01    613.568      14727  1029.1591  1029.1572     4.5866     0.1204     0.1370    34.2007    34.1986    8.15656         25 0.0000e+00
    353.000    349.064    -0.4702  28.200176    -0.4684  28.200210     4.9968     5.1698     0.2672    96.4788 1.0000e-12  -73.25012 -114.33382  55.484544      74.81 2.4686e+01    614.574      14751  1029.1643  1029.1626     4.5768     0.2547     0.1350    34.2015    34.1995    8.15506         23 0.0000e+00
    354.000    350.053    -0.4724  28.198696    -0.4710  28.198795     4.9908     5.1594     0.3051    96.7092 1.0000e-12  -73.25012 -114.33382  55.484555      91.21 2.5735e+01    615.526      14774  1029.1694  1029.1682     4.5877     0.1562     0.1350    34.2015    34.2000    8.15554         23 0.0000e+00
    355.000    351.041    -0.4680  28.205398    -0.4652  28.206026     4.9862     5.1488     0.3094    96.7415 1.0000e-12  -73.25012 -114.33382  55.484566      98.88 2.6427e+01    616.478      14796  1029.1768  1029.1748     4.5893     0.1040     0.1314    34.2048    34.2025    8.15439         23 0.0000e+00
    356.000    352.028    -0.4471  28.226560    -0.4445  28.226900     4.9748     5.1397     0.3146    96.6817 1.0000e-12  -73.25012 -114.33382  55.484577      99.89 2.4697e+01    617.490      14821  1029.1835  1029.1813     4.5865     0.1010     0.1354    34.2091    34.2066    8.14966         25 0.0000e+00
    357.000    353.017    -0.4341  28.239066    -0.4313  28.240009     4.9661     5.1196     0.4518    96.6224 1.0000e-12  -73.25012 -114.33382  55.484590      99.90 2.5765e+01    618.562      14846  1029.1887  1029.1871     4.5836     0.1019     0.1349    34.2106    34.2087    8.14678         26 0.0000e+00
    358.000    354.005    -0.4299  28.243700    -0.4275  28.244411     4.9654     5.1183     0.4636    96.5974 1.0000e-12  -73.25012 -114.33382  55.484602      99.90 2.6451e+01    619.637      14872  1029.1942  1029.1926     4.5825     0.1126     0.1401    34.2115    34.2097    8.14583         25 0.0000e+00
    359.000    354.993    -0.4238  28.250591    -0.4214  28.250977     4.9898     5.1381     0.2579    96.5537 1.0000e-12  -73.25012 -114.33382  55.484614      99.89 2.4972e+01    620.647      14897  1029.2001  1029.1982     4.5804     0.1690     0.1399    34.2132    34.2111    8.14442         24 0.0000e+00
    360.000    355.981    -0.4218  28.253870    -0.4207  28.253686     5.0169     5.1650     0.4359    96.7958 1.0000e-12  -73.25012 -114.33382  55.484625      99.91 2.5393e+01    621.587      14919  1029.2062  1029.2049     4.5919     0.1026     0.1377    34.2148    34.2133    8.14391         22 0.0000e+00
    361.000    356.968    -0.4357  28.243701    -0.4335  28.244579     5.0234     5.1735     0.4876    96.6168 1.0000e-12  -73.25012 -114.33382  55.484636      99.90 2.6279e+01    622.530      14942  1029.2134  1029.2123     4.5835     0.1493     0.1393    34.2162    34.2149    8.14681         23 0.0000e+00
    362.000    357.957    -0.4420  28.240370    -0.4403  28.240591     5.0285     5.1783     0.2116    96.7419 1.0000e-12  -73.25012 -114.33382  55.484648      99.90 2.4684e+01    623.560      14966  1029.2205  1029.2190     4.5892     0.1091     0.1342    34.2182    34.2166    8.14804         26 0.0000e+00
    363.000    358.946    -0.4393  28.244107    -0.4374  28.244315     5.0246     5.1805     0.2737    96.5402 1.0000e-12  -73.25012 -114.33382  55.484661      99.90 2.5542e+01    624.683      14993  1029.2262  1029.2246     4.5798     0.0891     0.1331    34.2196    34.2177    8.14738         27 0.0000e+00
