ocean_section_plots/required_files/ctd/dnbp2202_ctd155.cnv
* Sea-Bird SBE 9 Data File:
* FileName = D:\Data\raw\NBP2202_CTD155.hex
* Software Version Seasave V 7.26.7.121
* Temperature SN = 1649
* Conductivity SN = 2513
* Number of Bytes Per Scan = 40
* Number of Voltage Words = 5
* Number of Scans Averaged by the Deck Unit = 1
* NMEA Latitude = 74 13.73 S
* NMEA Longitude = 112 41.10 W
* NMEA UTC (Time) = Jan 31 2022  17:11:11
* NMEA baud rate = 9600
** Ship: RVIB N.B. Palmer
** Cruise: NBP2202 Thwaites
** Station: 78
** Operator: A. Robinson
# nquan = 28
# nvalues = 1051                        
# units = specified
# name 0 = prDM: Pressure, Digiquartz [db]
# name 1 = depSM: Depth [salt water, m]
# name 2 = t090C: Temperature [ITS-90, deg C]
# name 3 = c0mS/cm: Conductivity [mS/cm]
# name 4 = t190C: Temperature, 2 [ITS-90, deg C]
# name 5 = c1mS/cm: Conductivity, 2 [mS/cm]
# name 6 = sbeox0ML/L: Oxygen, SBE 43 [ml/l]
# name 7 = sbeox1ML/L: Oxygen, SBE 43, 2 [ml/l]
# name 8 = flECO-AFL: Fluorescence, WET Labs ECO-AFL/FL [mg/m^3]
# name 9 = CStarTr0: Beam Transmission, WET Labs C-Star [%]
# name 10 = par: PAR/Irradiance, Biospherical/Licor
# name 11 = latitude: Latitude [deg]
# name 12 = longitude: Longitude [deg]
# name 13 = timeJ: Julian Days
# name 14 = altM: Altimeter [m]
# name 15 = spar: SPAR, Biospherical/Licor
# name 16 = timeS: Time, Elapsed [seconds]
# name 17 = scan: Scan Count
# name 18 = density00: Density [density, kg/m^3]
# name 19 = density11: Density, 2 [density, kg/m^3]
# name 20 = v3: Voltage 3
# name 21 = v4: Voltage 4
# name 22 = v5: Voltage 5
# name 23 = sal00: Salinity, Practical [PSU]
# name 24 = sal11: Salinity, Practical, 2 [PSU]
# name 25 = oxsolML/L: Oxygen Saturation, Garcia & Gordon [ml/l]
# name 26 = nbin: number of scans per bin
# name 27 = flag: flag
# span 0 =      3.000,   1053.000       
# span 1 =      2.996,   1039.471       
# span 2 =    -1.5439,     0.4841       
# span 3 =  27.039977,  29.576137       
# span 4 =    -1.5431,     0.4861       
# span 5 =  27.038803,  29.575958       
# span 6 =     4.5839,     7.6369       
# span 7 =     4.6405,     7.7932       
# span 8 =    -0.0169,    15.0572       
# span 9 =    75.3445,    93.9611       
# span 10 = 1.0000e-12, 7.3429e+02      
# span 11 =  -74.22882,  -74.22881      
# span 12 = -112.68504, -112.68500      
# span 13 =  31.718879,  31.734173      
# span 14 =     -45.34,     100.02      
# span 15 = 1.8163e+03, 1.8703e+03      
# span 16 =    240.219,   1561.572      
# span 17 =       5766,      37479      
# span 18 =  1027.2196,  1032.6598      
# span 19 =  1027.2188,  1032.6577      
# span 20 =     3.5746,     4.4575      
# span 21 =     0.0639,     2.6603      
# span 22 =     0.1132,     0.2074      
# span 23 =    33.8194,    34.5450      
# span 24 =    33.8198,    34.5428      
# span 25 =    7.93530,    8.40569      
# span 26 =          1,         52      
# span 27 = 0.0000e+00, 0.0000e+00      
# interval = decibars: 1                
# start_time = Jan 31 2022 17:11:11 [NMEA time, header]
# bad_flag = -9.990e-29
*END*
[from data line 829]
    832.000    821.738     0.4249  29.417081     0.4268  29.417107     4.6170     4.6865    -0.0083    93.9404 1.0000e-12  -74.22882 -112.68502  31.730368      70.64 1.8690e+03   1232.763      29587  1031.6218  1031.6199     4.4565     0.0685     0.1206    34.5272    34.5251    7.94844         25 0.0000e+00
    833.000    822.725     0.4265  29.419491     0.4286  29.419599     4.6107     4.6809    -0.0080    93.9401 1.0000e-12  -74.22882 -112.68502  31.730379      86.26 1.8656e+03   1233.772      29612  1031.6268  1031.6250     4.4565     0.0680     0.1179    34.5280    34.5258    7.94806         24 0.0000e+00
    834.000    823.710     0.4267  29.420203     0.4287  29.420093     4.6136     4.6806     0.0047    93.9241 1.0000e-12  -74.22882 -112.68502  31.730391      99.79 1.8597e+03   1234.766      29635  1031.6317  1031.6297     4.4557     0.0702     0.1205    34.5281    34.5258    7.94802         24 0.0000e+00
    835.000    824.697     0.4272  29.421103     0.4291  29.421043     4.6179     4.6815    -0.0045    93.9325 1.0000e-12  -74.22882 -112.68502  31.730402      99.87 1.8641e+03   1235.759      29659  1031.6364  1031.6344     4.4561     0.0702     0.1200    34.5282    34.5260    7.94792         24 0.0000e+00
    836.000    825.680     0.4273  29.421698     0.4294  29.421735     4.6187     4.6783    -0.0080    93.9502 1.0000e-12  -74.22882 -112.68502  31.730414      99.86 1.8659e+03   1236.806      29684  1031.6411  1031.6391     4.4569     0.0698     0.1185    34.5282    34.5260    7.94788         26 0.0000e+00
    837.000    826.669     0.4275  29.422237     0.4295  29.422301     4.6148     4.6835    -0.0029    93.9424 1.0000e-12  -74.22882 -112.68502  31.730427      99.87 1.8677e+03   1237.898      29711  1031.6457  1031.6438     4.4566     0.0690     0.1180    34.5282    34.5261    7.94786         26 0.0000e+00
    838.000    827.653     0.4276  29.422825     0.4298  29.423010     4.6170     4.6859    -0.0055    93.9494 1.0000e-12  -74.22882 -112.68502  31.730440      99.87 1.8682e+03   1238.986      29737  1031.6504  1031.6485     4.4569     0.0697     0.1193    34.5283    34.5260    7.94783         26 0.0000e+00
    839.000    828.639     0.4276  29.423257     0.4296  29.423286     4.6166     4.6850    -0.0131    93.9611 1.0000e-12  -74.22882 -112.68502  31.730451      99.86 1.8650e+03   1239.996      29761  1031.6551  1031.6532     4.4575     0.0708     0.1183    34.5283    34.5261    7.94783         23 0.0000e+00
    840.000    829.623     0.4273  29.423348     0.4294  29.423446     4.6141     4.6855    -0.0122    93.9479 1.0000e-12  -74.22882 -112.68502  31.730462      99.86 1.8628e+03   1240.948      29784  1031.6597  1031.6578     4.4569     0.0718     0.1198    34.5281    34.5259    7.94789         23 0.0000e+00
    841.000    830.611     0.4277  29.424371     0.4297  29.424178     4.6178     4.6814    -0.0081    93.9610 1.0000e-12  -74.22882 -112.68502  31.730473      99.87 1.8670e+03   1241.901      29807  1031.6646  1031.6625     4.4575     0.0697     0.1176    34.5284    34.5260    7.94779         23 0.0000e+00
    842.000    831.597     0.4278  29.424631     0.4299  29.424791     4.6137     4.6806    -0.0077    93.9407 1.0000e-12  -74.22882 -112.68502  31.730486      99.87 1.8621e+03   1242.951      29832  1031.6690  1031.6671     4.4565     0.0697     0.1182    34.5281    34.5260    7.94779         27 0.0000e+00
    843.000    832.581     0.4277  29.425109     0.4299  29.425206     4.6175     4.6752    -0.0077    93.9500 1.0000e-12  -74.22882 -112.68502  31.730499      99.87 1.8600e+03   1244.110      29860  1031.6738  1031.6718     4.4570     0.0704     0.1181    34.5283    34.5260    7.94780         28 0.0000e+00
    844.000    833.568     0.4291  29.427053     0.4312  29.427131     4.6146     4.6786    -0.0077    93.9578 1.0000e-12  -74.22882 -112.68504  31.730512      99.87 1.8658e+03   1245.258      29887  1031.6786  1031.6767     4.4573     0.0692     0.1186    34.5287    34.5265    7.94749         27 0.0000e+00
    845.000    834.552     0.4298  29.428279     0.4318  29.428242     4.6173     4.6828    -0.0062    93.9562 1.0000e-12  -74.22882 -112.68502  31.730524      74.82 1.8682e+03   1246.307      29912  1031.6835  1031.6814     4.4573     0.0676     0.1179    34.5289    34.5266    7.94734         24 0.0000e+00
    846.000    835.539     0.4298  29.428698     0.4316  29.428468     4.6168     4.6835    -0.0004    93.9573 1.0000e-12  -74.22882 -112.68504  31.730536      86.52 1.8665e+03   1247.275      29936  1031.6881  1031.6862     4.4573     0.0688     0.1188    34.5289    34.5267    7.94733         22 0.0000e+00
    847.000    836.523     0.4300  29.429325     0.4320  29.429216     4.6169     4.6831    -0.0007    93.9556 1.0000e-12  -74.22882 -112.68502  31.730546      99.81 1.8671e+03   1248.205      29958  1031.6928  1031.6907     4.4572     0.0689     0.1198    34.5289    34.5266    7.94729         23 0.0000e+00
    848.000    837.510     0.4302  29.429786     0.4321  29.429875     4.6193     4.6812    -0.0078    93.9426 1.0000e-12  -74.22882 -112.68504  31.730558      99.87 1.8657e+03   1249.184      29981  1031.6973  1031.6955     4.4566     0.0710     0.1181    34.5288    34.5267    7.94726         25 0.0000e+00
    849.000    838.495     0.4304  29.430441     0.4324  29.430465     4.6150     4.6727    -0.0079    93.9427 1.0000e-12  -74.22882 -112.68502  31.730571      99.87 1.8622e+03   1250.342      30009  1031.7021  1031.7001     4.4566     0.0685     0.1192    34.5289    34.5266    7.94722         30 0.0000e+00
    850.000    839.480     0.4306  29.431124     0.4326  29.431065     4.6132     4.6794    -0.0080    93.9444 1.0000e-12  -74.22882 -112.68503  31.730585      99.86 1.8668e+03   1251.574      30039  1031.7068  1031.7047     4.4567     0.0703     0.1175    34.5289    34.5266    7.94717         27 0.0000e+00
    851.000    840.468     0.4311  29.431912     0.4329  29.431854     4.6121     4.6778    -0.0009    93.9580 1.0000e-12  -74.22882 -112.68503  31.730597      99.87 1.8679e+03   1252.602      30063  1031.7113  1031.7095     4.4574     0.0696     0.1199    34.5288    34.5267    7.94707         23 0.0000e+00
    852.000    841.452     0.4314  29.432586     0.4335  29.432724     4.6114     4.6870    -0.0081    93.9431 1.0000e-12  -74.22882 -112.68504  31.730608      99.86 1.8654e+03   1253.501      30085  1031.7159  1031.7141     4.4566     0.0700     0.1215    34.5288    34.5267    7.94701         21 0.0000e+00
    853.000    842.437     0.4315  29.433255     0.4336  29.433276     4.6159     4.6855    -0.0136    93.9502 1.0000e-12  -74.22882 -112.68504  31.730618      99.86 1.8659e+03   1254.387      30106  1031.7207  1031.7187     4.4570     0.0699     0.1195    34.5289    34.5267    7.94698         22 0.0000e+00
    854.000    843.423     0.4317  29.433672     0.4336  29.433759     4.6095     4.6796    -0.0105    93.9427 1.0000e-12  -74.22882 -112.68504  31.730629      99.86 1.8660e+03   1255.387      30130  1031.7252  1031.7234     4.4566     0.0696     0.1189    34.5288    34.5267    7.94696         27 0.0000e+00
    855.000    844.409     0.4317  29.434262     0.4337  29.434250     4.6058     4.6822    -0.0091    93.9519 1.0000e-12  -74.22882 -112.68504  31.730643      99.87 1.8638e+03   1256.532      30158  1031.7300  1031.7281     4.4571     0.0708     0.1184    34.5289    34.5267    7.94694         27 0.0000e+00
    856.000    845.395     0.4318  29.434801     0.4338  29.434779     4.6134     4.6826    -0.0085    93.9483 1.0000e-12  -74.22882 -112.68503  31.730656      99.86 1.8681e+03   1257.657      30185  1031.7347  1031.7327     4.4569     0.0688     0.1177    34.5289    34.5267    7.94692         26 0.0000e+00
    857.000    846.380     0.4320  29.435441     0.4340  29.435415     4.6134     4.6837    -0.0031    93.9315 1.0000e-12  -74.22882 -112.68503  31.730668      68.68 1.8670e+03   1258.690      30210  1031.7394  1031.7375     4.4560     0.0667     0.1185    34.5290    34.5267    7.94688         24 0.0000e+00
    858.000    847.366     0.4320  29.435880     0.4341  29.435928     4.6153     4.6847    -0.0048    93.9354 1.0000e-12  -74.22882 -112.68503  31.730679      84.13 1.8639e+03   1259.652      30233  1031.7441  1031.7421     4.4562     0.0688     0.1215    34.5291    34.5267    7.94688         23 0.0000e+00
    859.000    848.351     0.4320  29.436391     0.4342  29.436445     4.6128     4.6838    -0.0045    93.9125 1.0000e-12  -74.22882 -112.68503  31.730690      94.24 1.8685e+03   1260.601      30255  1031.7488  1031.7467     4.4552     0.0701     0.1187    34.5291    34.5268    7.94687         23 0.0000e+00
    860.000    849.337     0.4322  29.436911     0.4342  29.436838     4.6159     4.6826    -0.0034    93.8713 1.0000e-12  -74.22882 -112.68503  31.730701      99.72 1.8685e+03   1261.599      30279  1031.7534  1031.7514     4.4532     0.0701     0.1185    34.5290    34.5267    7.94684         25 0.0000e+00
    861.000    850.323     0.4325  29.437543     0.4344  29.437518     4.6156     4.6837    -0.0079    93.8871 1.0000e-12  -74.22882 -112.68503  31.730714      99.86 1.8629e+03   1262.703      30306  1031.7580  1031.7561     4.4539     0.0707     0.1180    34.5290    34.5268    7.94679         27 0.0000e+00
    862.000    851.308     0.4324  29.438092     0.4345  29.438177     4.6129     4.6745    -0.0112    93.9265 1.0000e-12  -74.22882 -112.68503  31.730727      99.86 1.8664e+03   1263.839      30333  1031.7628  1031.7608     4.4558     0.0692     0.1199    34.5292    34.5269    7.94679         27 0.0000e+00
    863.000    852.293     0.4326  29.438605     0.4347  29.438752     4.6091     4.6794    -0.0135    93.8799 1.0000e-12  -74.22882 -112.68502  31.730740      99.87 1.8674e+03   1264.898      30359  1031.7673  1031.7655     4.4536     0.0714     0.1210    34.5290    34.5269    7.94675         24 0.0000e+00
    864.000    853.280     0.4325  29.438971     0.4347  29.439152     4.6112     4.6805    -0.0083    93.8897 1.0000e-12  -74.22882 -112.68502  31.730751      99.86 1.8626e+03   1265.896      30382  1031.7721  1031.7701     4.4541     0.0700     0.1189    34.5291    34.5269    7.94677         24 0.0000e+00
    865.000    854.264     0.4330  29.439950     0.4351  29.440040     4.6140     4.6812    -0.0087    93.8772 1.0000e-12  -74.22882 -112.68502  31.730762      99.87 1.8654e+03   1266.872      30406  1031.7769  1031.7748     4.4535     0.0708     0.1205    34.5293    34.5270    7.94667         23 0.0000e+00
    866.000    855.250     0.4335  29.440815     0.4355  29.440770     4.6115     4.6838    -0.0156    93.8736 1.0000e-12  -74.22882 -112.68502  31.730774      99.87 1.8671e+03   1267.848      30429  1031.7814  1031.7795     4.4533     0.0705     0.1197    34.5292    34.5270    7.94655         24 0.0000e+00
    867.000    856.236     0.4335  29.441357     0.4356  29.441403     4.6155     4.6766    -0.0083    93.8477 1.0000e-12  -74.22882 -112.68502  31.730786      99.86 1.8663e+03   1268.868      30454  1031.7862  1031.7842     4.4521     0.0687     0.1178    34.5293    34.5271    7.94655         25 0.0000e+00
    868.000    857.221     0.4337  29.442008     0.4357  29.441958     4.6113     4.6714    -0.0013    93.9171 1.0000e-12  -74.22882 -112.68502  31.730798      99.87 1.8677e+03   1269.929      30479  1031.7909  1031.7889     4.4554     0.0696     0.1178    34.5295    34.5271    7.94651         26 0.0000e+00
    869.000    858.208     0.4347  29.443424     0.4364  29.443273     4.6082     4.6738    -0.0075    93.9259 1.0000e-12  -74.22882 -112.68502  31.730810      99.86 1.8686e+03   1271.008      30505  1031.7956  1031.7938     4.4558     0.0688     0.1187    34.5296    34.5274    7.94630         25 0.0000e+00
    870.000    859.193     0.4349  29.444283     0.4370  29.444339     4.6145     4.6777    -0.0142    93.8979 1.0000e-12  -74.22882 -112.68502  31.730822      77.97 1.8634e+03   1272.048      30530  1031.8005  1031.7985     4.4544     0.0671     0.1185    34.5299    34.5276    7.94623         25 0.0000e+00
    871.000    860.178     0.4355  29.445659     0.4378  29.445659     4.6098     4.6774    -0.0104    93.9291 1.0000e-12  -74.22882 -112.68502  31.730834      85.26 1.8585e+03   1273.019      30553  1031.8055  1031.8033     4.4559     0.0693     0.1199    34.5304    34.5279    7.94607         22 0.0000e+00
    872.000    861.163     0.4367  29.447254     0.4387  29.447280     4.6102     4.6778    -0.0084    93.9098 1.0000e-12  -74.22882 -112.68502  31.730844      99.74 1.8675e+03   1273.951      30576  1031.8102  1031.8083     4.4550     0.0701     0.1224    34.5306    34.5284    7.94582         23 0.0000e+00
    873.000    862.149     0.4380  29.449348     0.4399  29.449247     4.6111     4.6801    -0.0121    93.8941 1.0000e-12  -74.22882 -112.68502  31.730855      99.86 1.8671e+03   1274.909      30599  1031.8154  1031.8134     4.4543     0.0701     0.1205    34.5314    34.5291    7.94551         23 0.0000e+00
    874.000    863.134     0.4381  29.449755     0.4402  29.449877     4.6110     4.6788    -0.0127    93.8816 1.0000e-12  -74.22882 -112.68501  31.730867      99.87 1.8675e+03   1275.914      30623  1031.8199  1031.8180     4.4536     0.0692     0.1191    34.5312    34.5291    7.94550         25 0.0000e+00
    875.000    864.120     0.4379  29.450048     0.4398  29.449857     4.6082     4.6800    -0.0109    93.8663 1.0000e-12  -74.22882 -112.68501  31.730879      99.87 1.8703e+03   1276.943      30648  1031.8246  1031.8226     4.4530     0.0695     0.1200    34.5312    34.5289    7.94554         25 0.0000e+00
    876.000    865.106     0.4383  29.450793     0.4404  29.450933     4.6109     4.6730    -0.0138    93.9008 1.0000e-12  -74.22882 -112.68501  31.730891      99.87 1.8648e+03   1277.991      30673  1031.8293  1031.8274     4.4546     0.0698     0.1193    34.5313    34.5291    7.94547         25 0.0000e+00
    877.000    866.091     0.4404  29.453797     0.4425  29.453892     4.6082     4.6703    -0.0082    93.8938 1.0000e-12  -74.22882 -112.68500  31.730904      99.87 1.8623e+03   1279.079      30699  1031.8345  1031.8326     4.4543     0.0694     0.1190    34.5322    34.5301    7.94497         26 0.0000e+00
    878.000    867.077     0.4417  29.455790     0.4437  29.455659     4.6095     4.6754    -0.0059    93.8655 1.0000e-12  -74.22882 -112.68500  31.730916      99.86 1.8677e+03   1280.146      30725  1031.8394  1031.8374     4.4529     0.0700     0.1192    34.5328    34.5304    7.94467         25 0.0000e+00
    879.000    868.062     0.4417  29.455989     0.4437  29.456065     4.6154     4.6772    -0.0016    93.8768 1.0000e-12  -74.22882 -112.68500  31.730928      99.87 1.8669e+03   1281.150      30749  1031.8439  1031.8420     4.4535     0.0683     0.1189    34.5325    34.5304    7.94470         24 0.0000e+00
    880.000    869.048     0.4417  29.456480     0.4437  29.456585     4.6156     4.6781    -0.0082    93.8937 1.0000e-12  -74.22882 -112.68500  31.730939      99.87 1.8673e+03   1282.109      30772  1031.8486  1031.8468     4.4542     0.0706     0.1206    34.5325    34.5304    7.94469         23 0.0000e+00
    881.000    870.033     0.4421  29.457327     0.4443  29.457489     4.6113     4.6783    -0.0077    93.9014 1.0000e-12  -74.22882 -112.68500  31.730950      99.87 1.8703e+03   1283.093      30795  1031.8534  1031.8515     4.4546     0.0692     0.1203    34.5327    34.5305    7.94461         24 0.0000e+00
    882.000    871.018     0.4415  29.457105     0.4437  29.457342     4.6098     4.6774    -0.0148    93.9120 1.0000e-12  -74.22882 -112.68500  31.730963      99.86 1.8642e+03   1284.174      30821  1031.8579  1031.8561     4.4551     0.0695     0.1205    34.5324    34.5303    7.94473         27 0.0000e+00
