ocean_section_plots/required_files/ctd/dnbp2202_ctd112.cnv
* Sea-Bird SBE 9 Data File:
* FileName = D:\Data\raw\NBP2202_CTD112.hex
* Software Version Seasave V 7.26.7.121
* Temperature SN = 1649
* Conductivity SN = 2513
* Number of Bytes Per Scan = 40
* Number of Voltage Words = 5
* Number of Scans Averaged by the Deck Unit = 1
* NMEA Latitude = 74 10.52 S
* NMEA Longitude = 113 20.65 W
* NMEA UTC (Time) = Jan 27 2022  07:38:23
* NMEA baud rate = 9600
** Ship: RVIB N.B. Palmer
** Cruise: NBP2202 Thwaites
** Station: YoYo001
** Operator: B. Bjork
# nquan = 25
# nvalues = 608                         
# units = specified
# name 0 = prDM: Pressure, Digiquartz [db]
# name 1 = depSM: Depth [salt water, m]
# name 2 = t090C: Temperature [ITS-90, deg C]
# name 3 = c0mS/cm: Conductivity [mS/cm]
# name 4 = t190C: Temperature, 2 [ITS-90, deg C]
# name 5 = c1mS/cm: Conductivity, 2 [mS/cm]
# name 6 = sbeox0ML/L: Oxygen, SBE 43 [ml/l]
# name 7 = sbeox1ML/L: Oxygen, SBE 43, 2 [ml/l]
# name 8 = flECO-AFL: Fluorescence, WET Labs ECO-AFL/FL [mg/m^3]
# name 9 = CStarTr0: Beam Transmission, WET Labs C-Star [%]
# name 10 = par: PAR/Irradiance, Biospherical/Licor
# name 11 = latitude: Latitude [deg]
# name 12 = longitude: Longitude [deg]
# name 13 = timeJ: Julian Days
# name 14 = altM: Altimeter [m]
# name 15 = spar: SPAR, Biospherical/Licor
# name 16 = timeS: Time, Elapsed [seconds]
# name 17 = scan: Scan Count
# name 18 = density00: Density [density, kg/m^3]
# name 19 = density11: Density, 2 [density, kg/m^3]
# name 20 = sal00: Salinity, Practical [PSU]
# name 21 = sal11: Salinity, Practical, 2 [PSU]
# name 22 = oxsolML/L: Oxygen Saturation, Garcia & Gordon [ml/l]
# name 23 = nbin: number of scans per bin
# name 24 = flag: flag
# span 0 =     10.000,    617.000       
# span 1 =      9.896,    609.688       
# span 2 =    -1.4619,     0.1253       
# span 3 =  26.972872,  28.964574       
# span 4 =    -1.4602,     0.1278       
# span 5 =  26.973886,  28.963790       
# span 6 =     4.6740,     8.4484       
# span 7 =     4.7345,     8.5451       
# span 8 =    -0.0224,    20.9790       
# span 9 =    67.7010,    95.5924       
# span 10 = -9.880e-07, 1.0194e+00      
# span 11 =  -74.17536,  -74.17536      
# span 12 = -113.34427, -113.34422      
# span 13 =  27.318705,  27.326090      
# span 14 =       7.43,     100.01      
# span 15 = 5.8098e+01, 6.0490e+01      
# span 16 =     33.141,    671.130      
# span 17 =        796,      16108      
# span 18 =  1027.2285,  1030.5295      
# span 19 =  1027.2275,  1030.5262      
# span 20 =    33.7938,    34.3926      
# span 21 =    33.7905,    34.3888      
# span 22 =    8.01804,    8.39564      
# span 23 =          1,         46      
# span 24 = 0.0000e+00, 0.0000e+00      
# interval = decibars: 1                
# start_time = Jan 27 2022 07:38:23 [NMEA time, header]
# bad_flag = -9.990e-29
*END*
[from data line 232]
    242.000    239.356    -0.8149  27.756245    -0.8131  27.755634     5.0384     5.1019    -0.0142    95.4390 1.0000e-12  -74.17536 -113.34424  27.321538      99.87 5.8175e+01    277.857       6670  1028.5410  1028.5387    34.0591    34.0563    8.23798         23 0.0000e+00
    243.000    240.342    -0.8107  27.761934    -0.8088  27.761377     5.0389     5.1030    -0.0134    95.4421 1.0000e-12  -74.17536 -113.34424  27.321549      99.87 5.8175e+01    278.842       6693  1028.5474  1028.5450    34.0615    34.0586    8.23693         24 0.0000e+00
    244.000    241.333    -0.8004  27.775149    -0.7980  27.774922     5.0409     5.1078    -0.0150    95.4480 1.0000e-12  -74.17536 -113.34424  27.321561      99.86 5.8175e+01    279.839       6717  1028.5560  1028.5535    34.0671    34.0641    8.23435         23 0.0000e+00
    245.000    242.322    -0.7911  27.786396    -0.7890  27.786067     5.0375     5.0952    -0.0150    95.4442 1.0000e-12  -74.17536 -113.34424  27.321572      83.67 5.8175e+01    280.839       6741  1028.5636  1028.5612    34.0713    34.0685    8.23209         24 0.0000e+00
    246.000    243.309    -0.7855  27.793312    -0.7836  27.792628     5.0325     5.0949    -0.0150    95.4541 1.0000e-12  -74.17536 -113.34424  27.321584      96.48 5.8175e+01    281.831       6765  1028.5700  1028.5674    34.0737    34.0707    8.23072         24 0.0000e+00
    247.000    244.297    -0.7821  27.797308    -0.7798  27.797143     5.0325     5.1003    -0.0150    95.4485 1.0000e-12  -74.17536 -113.34424  27.321595      99.91 5.8175e+01    282.826       6789  1028.5754  1028.5729    34.0747    34.0718    8.22992         24 0.0000e+00
    248.000    245.286    -0.7776  27.802191    -0.7756  27.801868     5.0325     5.0998    -0.0141    95.4573 1.0000e-12  -74.17536 -113.34424  27.321607      99.86 5.8175e+01    283.828       6813  1028.5807  1028.5783    34.0756    34.0729    8.22889         24 0.0000e+00
    249.000    246.276    -0.7764  27.803735    -0.7745  27.803327     5.0291     5.1008    -0.0141    95.4572 1.0000e-12  -74.17536 -113.34424  27.321618      99.86 5.8175e+01    284.813       6837  1028.5855  1028.5832    34.0757    34.0730    8.22861         24 0.0000e+00
    250.000    247.263    -0.7735  27.806983    -0.7716  27.806634     5.0322     5.0908    -0.0141    95.4636 1.0000e-12  -74.17536 -113.34424  27.321630      99.87 5.8175e+01    285.807       6860  1028.5906  1028.5883    34.0763    34.0736    8.22796         24 0.0000e+00
    251.000    248.252    -0.7727  27.808388    -0.7708  27.807900     5.0341     5.0909    -0.0202    95.4615 1.0000e-12  -74.17536 -113.34424  27.321641      99.87 5.8175e+01    286.798       6884  1028.5957  1028.5933    34.0766    34.0738    8.22776         24 0.0000e+00
    252.000    249.240    -0.7722  27.809259    -0.7700  27.809157     5.0360     5.0977    -0.0131    95.4536 1.0000e-12  -74.17536 -113.34424  27.321653      99.87 5.8175e+01    287.784       6908  1028.6006  1028.5983    34.0767    34.0740    8.22766         23 0.0000e+00
    253.000    250.227    -0.7750  27.808284    -0.7728  27.808159     5.0505     5.1155    -0.0129    95.4454 1.0000e-12  -74.17536 -113.34424  27.321664      99.86 5.8175e+01    288.775       6932  1028.6065  1028.6043    34.0779    34.0752    8.22819         24 0.0000e+00
    254.000    251.217    -0.7743  27.809255    -0.7746  27.807159     5.0583     5.1225    -0.0187    95.4497 1.0000e-12  -74.17536 -113.34424  27.321676      99.87 5.8175e+01    289.772       6956  1028.6112  1028.6093    34.0778    34.0753    8.22804         24 0.0000e+00
    255.000    252.205    -0.7856  27.799870    -0.7839  27.799742     5.0496     5.1151    -0.0150    95.4336 1.0000e-12  -74.17536 -113.34424  27.321687      99.87 5.8175e+01    290.768       6979  1028.6164  1028.6146    34.0772    34.0751    8.23054         24 0.0000e+00
    256.000    253.193    -0.7768  27.810196    -0.7740  27.810313     5.0350     5.1088    -0.0062    95.4474 1.0000e-12  -74.17536 -113.34424  27.321699      99.86 5.8175e+01    291.763       7003  1028.6233  1028.6207    34.0806    34.0777    8.22842         24 0.0000e+00
    257.000    254.183    -0.7636  27.823492    -0.7606  27.823715     5.0345     5.1065    -0.0008    95.4454 1.0000e-12  -74.17536 -113.34424  27.321710      78.26 5.8175e+01    292.760       7027  1028.6291  1028.6265    34.0832    34.0801    8.22540         24 0.0000e+00
    258.000    255.169    -0.7556  27.832360    -0.7537  27.831859     5.0344     5.1053    -0.0039    95.4179 1.0000e-12  -74.17536 -113.34424  27.321722      91.39 5.8175e+01    293.742       7051  1028.6352  1028.6329    34.0855    34.0827    8.22351         23 0.0000e+00
    259.000    256.159    -0.7556  27.833410    -0.7537  27.832912     5.0333     5.1011    -0.0137    95.4249 1.0000e-12  -74.17536 -113.34424  27.321733      98.50 5.8175e+01    294.721       7074  1028.6408  1028.6384    34.0863    34.0835    8.22346         24 0.0000e+00
    260.000    257.148    -0.7550  27.834464    -0.7532  27.834097     5.0329     5.0997    -0.0138    95.4271 1.0000e-12  -74.17536 -113.34424  27.321744      99.85 5.8175e+01    295.716       7098  1028.6457  1028.6436    34.0865    34.0839    8.22334         24 0.0000e+00
    261.000    258.135    -0.7545  27.835911    -0.7525  27.835518     5.0341     5.1052    -0.0134    95.4323 1.0000e-12  -74.17536 -113.34424  27.321756      99.86 5.8175e+01    296.708       7122  1028.6511  1028.6489    34.0872    34.0845    8.22317         23 0.0000e+00
    262.000    259.126    -0.7554  27.836252    -0.7535  27.835861     5.0387     5.1119    -0.0204    95.4227 1.0000e-12  -74.17536 -113.34424  27.321767      99.86 5.8175e+01    297.706       7146  1028.6567  1028.6545    34.0880    34.0854    8.22332         24 0.0000e+00
    263.000    260.111    -0.7549  27.837405    -0.7531  27.836927     5.0423     5.1101    -0.0141    95.4183 1.0000e-12  -74.17536 -113.34424  27.321779      99.87 5.8175e+01    298.709       7170  1028.6618  1028.6596    34.0884    34.0858    8.22319         25 0.0000e+00
    264.000    261.101    -0.7533  27.839965    -0.7512  27.839790     5.0331     5.1064    -0.0144    95.4177 1.0000e-12  -74.17536 -113.34424  27.321791      99.86 5.8175e+01    299.700       7194  1028.6674  1028.6652    34.0896    34.0870    8.22279         23 0.0000e+00
    265.000    262.090    -0.7430  27.852616    -0.7412  27.851769     5.0258     5.0953    -0.0132    95.4239 1.0000e-12  -74.17536 -113.34424  27.321802      99.86 5.8175e+01    300.687       7217  1028.6753  1028.6727    34.0943    34.0912    8.22025         24 0.0000e+00
    266.000    263.076    -0.7274  27.869725    -0.7258  27.868353     5.0147     5.0825    -0.0135    95.4175 1.0000e-12  -74.17536 -113.34424  27.321813      99.86 5.8175e+01    301.684       7241  1028.6829  1028.6799    34.0992    34.0956    8.21657         24 0.0000e+00
    267.000    264.066    -0.7113  27.886015    -0.7089  27.885819     5.0100     5.0804    -0.0184    95.4282 1.0000e-12  -74.17536 -113.34424  27.321825      99.86 5.8175e+01    302.684       7265  1028.6892  1028.6867    34.1025    34.0996    8.21288         24 0.0000e+00
    268.000    265.054    -0.7069  27.890873    -0.7052  27.890307     5.0029     5.0814    -0.0178    95.4122 1.0000e-12  -74.17536 -113.34424  27.321837      99.86 5.8175e+01    303.685       7289  1028.6946  1028.6924    34.1035    34.1008    8.21187         24 0.0000e+00
    269.000    266.043    -0.7052  27.893468    -0.7030  27.893096     5.0009     5.0717    -0.0129    95.4025 1.0000e-12  -74.17536 -113.34424  27.321848      99.86 5.8175e+01    304.687       7313  1028.7002  1028.6977    34.1045    34.1015    8.21144         24 0.0000e+00
    270.000    267.030    -0.6992  27.899674    -0.6975  27.898909     4.9993     5.0780    -0.0134    95.3975 1.0000e-12  -74.17536 -113.34424  27.321860      99.86 5.8175e+01    305.683       7337  1028.7055  1028.7030    34.1055    34.1025    8.21008         23 0.0000e+00
    271.000    268.019    -0.6924  27.907062    -0.6904  27.906473     4.9923     5.0674    -0.0132    95.3967 1.0000e-12  -74.17536 -113.34424  27.321871      86.54 5.8175e+01    306.665       7361  1028.7112  1028.7087    34.1072    34.1041    8.20850         25 0.0000e+00
    272.000    269.009    -0.6859  27.913986    -0.6834  27.913977     4.9798     5.0504    -0.0134    95.3976 1.0000e-12  -74.17536 -113.34424  27.321882      93.44 5.8175e+01    307.644       7384  1028.7168  1028.7144    34.1086    34.1058    8.20700         23 0.0000e+00
    273.000    269.997    -0.6774  27.923180    -0.6749  27.922926     4.9655     5.0412    -0.0144    95.3830 1.0000e-12  -74.17536 -113.34424  27.321894      99.89 5.8175e+01    308.629       7408  1028.7228  1028.7202    34.1108    34.1077    8.20504         23 0.0000e+00
    274.000    270.984    -0.6457  27.956071    -0.6429  27.955682     4.9583     5.0281    -0.0055    95.3842 1.0000e-12  -74.17536 -113.34424  27.321905      99.86 5.8175e+01    309.609       7432  1028.7318  1028.7286    34.1189    34.1151    8.19770         24 0.0000e+00
    275.000    271.973    -0.6351  27.967541    -0.6332  27.966633     4.9523     5.0254    -0.0038    95.3938 1.0000e-12  -74.17536 -113.34424  27.321917      99.86 5.8175e+01    310.599       7455  1028.7383  1028.7355    34.1217    34.1184    8.19523         24 0.0000e+00
    276.000    272.961    -0.6248  27.978937    -0.6228  27.978204     4.9474     5.0125    -0.0165    95.3694 1.0000e-12  -74.17536 -113.34424  27.321928      99.86 5.8175e+01    311.597       7479  1028.7451  1028.7423    34.1249    34.1217    8.19282         24 0.0000e+00
    277.000    273.948    -0.6156  27.988697    -0.6136  27.988023     4.9412     5.0075    -0.0202    95.3503 1.0000e-12  -74.17536 -113.34424  27.321940      99.86 5.8175e+01    312.585       7503  1028.7512  1028.7485    34.1271    34.1239    8.19070         24 0.0000e+00
    278.000    274.940    -0.6100  27.994844    -0.6080  27.994440     4.9388     5.0155    -0.0205    95.3417 1.0000e-12  -74.17536 -113.34424  27.321951      99.86 5.8175e+01    313.574       7527  1028.7569  1028.7545    34.1285    34.1256    8.18942         23 0.0000e+00
    279.000    275.925    -0.6065  27.999199    -0.6045  27.998783     4.9458     5.0143    -0.0162    95.3261 1.0000e-12  -74.17536 -113.34424  27.321963      99.86 5.8175e+01    314.573       7551  1028.7627  1028.7603    34.1298    34.1269    8.18858         24 0.0000e+00
    280.000    276.916    -0.6061  28.000215    -0.6041  27.999706     4.9426     5.0126    -0.0132    95.3135 1.0000e-12  -74.17536 -113.34424  27.321974      99.86 5.8175e+01    315.558       7574  1028.7678  1028.7654    34.1301    34.1271    8.18848         24 0.0000e+00
    281.000    277.903    -0.6043  28.002537    -0.6022  28.002138     4.9380     5.0053    -0.0114    95.3187 1.0000e-12  -74.17536 -113.34424  27.321986      99.86 5.8175e+01    316.549       7598  1028.7730  1028.7706    34.1305    34.1277    8.18805         24 0.0000e+00
    282.000    278.891    -0.5996  28.008107    -0.5982  28.006744     4.9343     5.0043    -0.0128    95.3181 1.0000e-12  -74.17536 -113.34424  27.321997      99.87 5.8175e+01    317.547       7622  1028.7789  1028.7761    34.1322    34.1288    8.18694         23 0.0000e+00
    283.000    279.880    -0.5915  28.016151    -0.5895  28.015726     4.9294     5.0020    -0.0124    95.2866 1.0000e-12  -74.17536 -113.34424  27.322009      88.95 5.8175e+01    318.539       7646  1028.7841  1028.7817    34.1332    34.1304    8.18513         25 0.0000e+00
    284.000    280.868    -0.5890  28.019084    -0.5870  28.018631     4.9257     4.9966    -0.0043    95.2845 1.0000e-12  -74.17536 -113.34424  27.322020      84.83 5.8175e+01    319.529       7670  1028.7893  1028.7868    34.1338    34.1309    8.18456         23 0.0000e+00
    285.000    281.856    -0.5871  28.021394    -0.5849  28.021083     4.9279     4.9930    -0.0188    95.2855 1.0000e-12  -74.17536 -113.34424  27.322032      95.80 5.8175e+01    320.525       7694  1028.7943  1028.7919    34.1341    34.1313    8.18412         24 0.0000e+00
    286.000    282.845    -0.5840  28.025157    -0.5818  28.024823     4.9274     4.9998    -0.0184    95.2760 1.0000e-12  -74.17536 -113.34424  27.322043      99.82 5.8175e+01    321.509       7717  1028.7998  1028.7973    34.1351    34.1322    8.18341         24 0.0000e+00
    287.000    283.833    -0.5817  28.027927    -0.5794  28.027795     4.9238     4.9955    -0.0085    95.2678 1.0000e-12  -74.17536 -113.34424  27.322054      99.86 5.8175e+01    322.490       7741  1028.8049  1028.8026    34.1356    34.1329    8.18287         23 0.0000e+00
    288.000    284.821    -0.5785  28.031965    -0.5768  28.031293     4.9283     4.9890    -0.0129    95.2609 1.0000e-12  -74.17536 -113.34424  27.322066      99.86 5.8175e+01    323.477       7764  1028.8104  1028.8081    34.1368    34.1340    8.18210         24 0.0000e+00
    289.000    285.809    -0.5780  28.032857    -0.5762  28.032392     4.9283     4.9956    -0.0156    95.2640 1.0000e-12  -74.17536 -113.34424  27.322077      99.86 5.8175e+01    324.476       7788  1028.8154  1028.8131    34.1369    34.1342    8.18201         24 0.0000e+00
    290.000    286.798    -0.5789  28.032635    -0.5766  28.032481     4.9243     4.9883    -0.0132    95.2545 1.0000e-12  -74.17536 -113.34424  27.322089      99.86 5.8175e+01    325.472       7812  1028.8204  1028.8181    34.1370    34.1342    8.18220         24 0.0000e+00
    291.000    287.785    -0.5779  28.034239    -0.5756  28.033999     4.9226     4.9881    -0.0132    95.2501 1.0000e-12  -74.17536 -113.34424  27.322100      99.86 5.8175e+01    326.473       7836  1028.8255  1028.8230    34.1374    34.1345    8.18194         24 0.0000e+00
    292.000    288.774    -0.5725  28.040198    -0.5707  28.039513     4.9224     4.9927    -0.0126    95.2458 1.0000e-12  -74.17536 -113.34424  27.322112      99.86 5.8175e+01    327.478       7860  1028.8310  1028.8285    34.1387    34.1358    8.18070         24 0.0000e+00
    293.000    289.761    -0.5710  28.042128    -0.5688  28.042066     4.9262     4.9872    -0.0141    95.2437 1.0000e-12  -74.17536 -113.34424  27.322124      99.86 5.8175e+01    328.478       7884  1028.8359  1028.8338    34.1390    34.1365    8.18036         24 0.0000e+00
    294.000    290.751    -0.5690  28.045019    -0.5667  28.044827     4.9192     4.9841    -0.0184    95.2469 1.0000e-12  -74.17536 -113.34424  27.322135      99.86 5.8175e+01    329.488       7909  1028.8415  1028.8391    34.1401    34.1373    8.17988         24 0.0000e+00
    295.000    291.738    -0.5670  28.047367    -0.5651  28.046986     4.9201     4.9874    -0.0120    95.2463 1.0000e-12  -74.17536 -113.34424  27.322147      99.86 5.8175e+01    330.505       7933  1028.8464  1028.8442    34.1404    34.1377    8.17943         25 0.0000e+00
    296.000    292.728    -0.5666  28.048374    -0.5646  28.047988     4.9208     4.9918    -0.0193    95.2319 1.0000e-12  -74.17536 -113.34424  27.322159      99.86 5.8175e+01    331.516       7957  1028.8515  1028.8491    34.1407    34.1379    8.17933         24 0.0000e+00
    297.000    293.715    -0.5660  28.049696    -0.5640  28.049234     4.9237     4.9909    -0.0197    95.2390 1.0000e-12  -74.17536 -113.34424  27.322171      84.60 5.8175e+01    332.535       7982  1028.8566  1028.8542    34.1411    34.1383    8.17916         25 0.0000e+00
    298.000    294.703    -0.5649  28.051271    -0.5628  28.051046     4.9208     4.9892    -0.0190    95.2319 1.0000e-12  -74.17536 -113.34424  27.322182      97.12 5.8175e+01    333.554       8006  1028.8616  1028.8593    34.1415    34.1388    8.17891         24 0.0000e+00
