ocean_section_plots/required_files/ctd/dnbp2202_ctd030.cnv
* Sea-Bird SBE 9 Data File:
* FileName = D:\Data\raw\NBP2202_CTD030.hex
* Software Version Seasave V 7.26.7.121
* Temperature SN = 1649
* Conductivity SN = 2513
* Number of Bytes Per Scan = 40
* Number of Voltage Words = 5
* Number of Scans Averaged by the Deck Unit = 1
* NMEA Latitude = 74 13.50 S
* NMEA Longitude = 112 04.99 W
* NMEA UTC (Time) = Jan 21 2022  11:33:09
* NMEA baud rate = 9600
** Ship: RVIB N.B. Palmer
** Cruise: NBP2202 Thwaites
** Station: 17
** Operator: B. Bjork
# nquan = 25
# nvalues = 829                         
# units = specified
# name 0 = prDM: Pressure, Digiquartz [db]
# name 1 = depSM: Depth [salt water, m]
# name 2 = t090C: Temperature [ITS-90, deg C]
# name 3 = c0mS/cm: Conductivity [mS/cm]
# name 4 = t190C: Temperature, 2 [ITS-90, deg C]
# name 5 = c1mS/cm: Conductivity, 2 [mS/cm]
# name 6 = sbeox0ML/L: Oxygen, SBE 43 [ml/l]
# name 7 = sbeox1ML/L: Oxygen, SBE 43, 2 [ml/l]
# name 8 = flECO-AFL: Fluorescence, WET Labs ECO-AFL/FL [mg/m^3]
# name 9 = CStarTr0: Beam Transmission, WET Labs C-Star [%]
# name 10 = par: PAR/Irradiance, Biospherical/Licor
# name 11 = latitude: Latitude [deg]
# name 12 = longitude: Longitude [deg]
# name 13 = timeJ: Julian Days
# name 14 = altM: Altimeter [m]
# name 15 = spar: SPAR, Biospherical/Licor
# name 16 = timeS: Time, Elapsed [seconds]
# name 17 = scan: Scan Count
# name 18 = density00: Density [density, kg/m^3]
# name 19 = density11: Density, 2 [density, kg/m^3]
# name 20 = sal00: Salinity, Practical [PSU]
# name 21 = sal11: Salinity, Practical, 2 [PSU]
# name 22 = oxsolML/L: Oxygen Saturation, Garcia & Gordon [ml/l]
# name 23 = nbin: number of scans per bin
# name 24 = flag: flag
# span 0 =      2.000,    830.000       
# span 1 =      1.977,    819.770       
# span 2 =    -1.5151,     0.4763       
# span 3 =  27.074812,  29.471320       
# span 4 =    -1.5143,     0.4787       
# span 5 =  27.074678,  29.471212       
# span 6 =     4.5994,     7.9227       
# span 7 =     4.8263,     8.1416       
# span 8 =    -0.0201,    16.4592       
# span 9 =    76.8031,    97.4027       
# span 10 = 1.0000e-12, 7.6945e+01      
# span 11 =  -74.22504,  -74.22504      
# span 12 = -112.08322, -112.08318      
# span 13 =  21.484151,  21.496281      
# span 14 =       7.27,     100.04      
# span 15 = 1.2023e+03, 1.2746e+03      
# span 16 =    241.618,   1289.691      
# span 17 =       5800,      30954      
# span 18 =  1027.1948,  1031.6199      
# span 19 =  1027.1967,  1031.6175      
# span 20 =    33.7955,    34.5419      
# span 21 =    33.7971,    34.5391      
# span 22 =    7.93708,    8.39921      
# span 23 =         21,         47      
# span 24 = 0.0000e+00, 0.0000e+00      
# interval = decibars: 1                
# start_time = Jan 21 2022 11:33:09 [NMEA time, header]
# bad_flag = -9.990e-29
*END*
[from data line 232]
    234.000    231.447    -1.4848  27.163565    -1.4840  27.162476     6.2530     6.5818     0.0881    96.9972 1.0000e-12  -74.22504 -112.08320  21.487971      99.90 1.2241e+03    571.664      13721  1028.4950  1028.4930    34.0133    34.0109    8.38941         27 0.0000e+00
    235.000    232.434    -1.4859  27.164016    -1.4866  27.163088     6.2717     6.5978     0.0654    96.9625 1.0000e-12  -74.22504 -112.08320  21.487984      99.89 1.2240e+03    572.822      13749  1028.5007  1028.5004    34.0145    34.0141    8.38958         26 0.0000e+00
    236.000    233.423    -1.4952  27.156974    -1.4940  27.157068     6.2801     6.6102     0.0794    97.0694 1.0000e-12  -74.22504 -112.08320  21.487998      99.90 1.2246e+03    573.995      13777  1028.5062  1028.5052    34.0148    34.0136    8.39167         29 0.0000e+00
    237.000    234.413    -1.4993  27.154435    -1.4980  27.154627     6.2881     6.6234     0.0590    97.0276 1.0000e-12  -74.22504 -112.08320  21.488011      99.89 1.2242e+03    575.171      13805  1028.5116  1028.5105    34.0154    34.0141    8.39255         28 0.0000e+00
    238.000    235.401    -1.5006  27.154111    -1.4995  27.153934     6.2826     6.6114     0.0577    97.0126 1.0000e-12  -74.22504 -112.08320  21.488025      99.89 1.2243e+03    576.331      13833  1028.5167  1028.5155    34.0158    34.0143    8.39283         28 0.0000e+00
    239.000    236.388    -1.4989  27.156146    -1.4986  27.155262     6.2665     6.5953     0.0520    97.1207 1.0000e-12  -74.22504 -112.08320  21.488038      99.90 1.2236e+03    577.496      13861  1028.5214  1028.5202    34.0160    34.0145    8.39242         27 0.0000e+00
    240.000    237.379    -1.4866  27.168387    -1.4848  27.168464     6.2563     6.5914     0.0680    97.1133 1.0000e-12  -74.22504 -112.08320  21.488052      99.90 1.2252e+03    578.677      13889  1028.5272  1028.5255    34.0183    34.0163    8.38951         29 0.0000e+00
    241.000    238.365    -1.4821  27.173505    -1.4812  27.173272     6.2521     6.5863     0.0707    96.8681 1.0000e-12  -74.22504 -112.08320  21.488065      96.33 1.2247e+03    579.848      13917  1028.5327  1028.5316    34.0196    34.0183    8.38842         27 0.0000e+00
    242.000    239.356    -1.4828  27.173838    -1.4817  27.173850     6.2574     6.5902     0.0777    97.1177 1.0000e-12  -74.22504 -112.08320  21.488079      99.82 1.2246e+03    580.991      13945  1028.5381  1028.5370    34.0203    34.0190    8.38855         28 0.0000e+00
    243.000    240.344    -1.4841  27.173582    -1.4832  27.173279     6.2554     6.5926     0.0622    97.0933 1.0000e-12  -74.22504 -112.08320  21.488092      99.90 1.2249e+03    582.134      13972  1028.5434  1028.5422    34.0207    34.0194    8.38880         27 0.0000e+00
    244.000    241.330    -1.4843  27.174049    -1.4834  27.173720     6.2493     6.5907     0.0820    97.0876 1.0000e-12  -74.22504 -112.08320  21.488105      99.89 1.2243e+03    583.295      14000  1028.5484  1028.5472    34.0210    34.0196    8.38884         29 0.0000e+00
    245.000    242.320    -1.4841  27.174772    -1.4833  27.174387     6.2521     6.5895     0.0789    97.0530 1.0000e-12  -74.22504 -112.08320  21.488119      99.90 1.2239e+03    584.470      14028  1028.5533  1028.5521    34.0212    34.0197    8.38879         28 0.0000e+00
    246.000    243.310    -1.4843  27.175320    -1.4832  27.175108     6.2488     6.5863     0.0686    97.0777 1.0000e-12  -74.22504 -112.08320  21.488133      99.89 1.2247e+03    585.657      14057  1028.5583  1028.5571    34.0214    34.0200    8.38880         26 0.0000e+00
    247.000    244.297    -1.4830  27.177394    -1.4820  27.177221     6.2449     6.5812     0.0750    97.1354 1.0000e-12  -74.22504 -112.08320  21.488146      99.89 1.2247e+03    586.830      14085  1028.5637  1028.5625    34.0223    34.0209    8.38847         28 0.0000e+00
    248.000    245.286    -1.4795  27.182054    -1.4788  27.181254     6.2491     6.5775     0.0513    97.1327 1.0000e-12  -74.22504 -112.08320  21.488160      99.90 1.2250e+03    587.983      14113  1028.5697  1028.5681    34.0240    34.0221    8.38757         28 0.0000e+00
    249.000    246.274    -1.4758  27.186576    -1.4751  27.185986     6.2421     6.5756     0.0590    97.0960 1.0000e-12  -74.22504 -112.08320  21.488173      99.90 1.2252e+03    589.144      14140  1028.5755  1028.5741    34.0255    34.0239    8.38666         28 0.0000e+00
    250.000    247.263    -1.4744  27.188668    -1.4736  27.188099     6.2379     6.5790     0.0577    97.1189 1.0000e-12  -74.22504 -112.08320  21.488186      99.89 1.2252e+03    590.310      14168  1028.5807  1028.5793    34.0261    34.0244    8.38630         28 0.0000e+00
    251.000    248.251    -1.4738  27.189781    -1.4729  27.189464     6.2403     6.5788     0.0915    97.0471 1.0000e-12  -74.22504 -112.08320  21.488200      84.64 1.2243e+03    591.481      14197  1028.5857  1028.5844    34.0264    34.0249    8.38616         28 0.0000e+00
    252.000    249.240    -1.4737  27.190743    -1.4727  27.190456     6.2428     6.5735     0.0664    97.1149 1.0000e-12  -74.22504 -112.08320  21.488214      94.73 1.2246e+03    592.663      14225  1028.5909  1028.5897    34.0269    34.0255    8.38609         29 0.0000e+00
    253.000    250.227    -1.4721  27.193753    -1.4710  27.193407     6.2365     6.5729     0.0512    97.0963 1.0000e-12  -74.22504 -112.08320  21.488227      99.80 1.2249e+03    593.834      14253  1028.5970  1028.5956    34.0287    34.0269    8.38563         28 0.0000e+00
    254.000    251.216    -1.4657  27.201532    -1.4645  27.201190     6.2293     6.5720     0.0576    97.1320 1.0000e-12  -74.22504 -112.08320  21.488241      99.90 1.2250e+03    594.984      14281  1028.6037  1028.6022    34.0315    34.0297    8.38402         27 0.0000e+00
    255.000    252.205    -1.4614  27.207640    -1.4604  27.207221     6.2315     6.5660     0.0523    97.1135 1.0000e-12  -74.22504 -112.08320  21.488254      99.90 1.2253e+03    596.125      14308  1028.6106  1028.6092    34.0344    34.0327    8.38288         27 0.0000e+00
    256.000    253.193    -1.4588  27.210995    -1.4578  27.210593     6.2322     6.5649     0.0440    97.1535 1.0000e-12  -74.22504 -112.08320  21.488267      99.90 1.2244e+03    597.285      14336  1028.6162  1028.6148    34.0355    34.0338    8.38224         28 0.0000e+00
    257.000    254.182    -1.4582  27.212358    -1.4570  27.212186     6.2312     6.5595     0.0378    97.1182 1.0000e-12  -74.22504 -112.08320  21.488281      99.90 1.2237e+03    598.445      14364  1028.6214  1028.6200    34.0360    34.0344    8.38207         29 0.0000e+00
    258.000    255.169    -1.4564  27.214672    -1.4554  27.214209     6.2252     6.5576     0.0518    97.1352 1.0000e-12  -74.22504 -112.08320  21.488294      99.90 1.2246e+03    599.612      14392  1028.6266  1028.6251    34.0365    34.0347    8.38163         27 0.0000e+00
    259.000    256.159    -1.4555  27.216168    -1.4544  27.215806     6.2174     6.5496     0.0590    97.1014 1.0000e-12  -74.22504 -112.08320  21.488308      99.89 1.2252e+03    600.773      14420  1028.6317  1028.6302    34.0370    34.0352    8.38141         28 0.0000e+00
    260.000    257.146    -1.4507  27.221453    -1.4493  27.221219     6.1987     6.5377     0.0527    97.1544 1.0000e-12  -74.22504 -112.08320  21.488321      99.89 1.2252e+03    601.929      14447  1028.6372  1028.6356    34.0382    34.0362    8.38026         28 0.0000e+00
    261.000    258.134    -1.4424  27.230024    -1.4413  27.229643     6.1993     6.5309     0.0361    97.1393 1.0000e-12  -74.22504 -112.08320  21.488334      99.90 1.2252e+03    603.095      14475  1028.6429  1028.6414    34.0399    34.0380    8.37829         28 0.0000e+00
    262.000    259.124    -1.4390  27.234281    -1.4376  27.234016     6.1818     6.5157     0.0446    97.1355 1.0000e-12  -74.22504 -112.08320  21.488348      99.90 1.2253e+03    604.276      14504  1028.6486  1028.6470    34.0412    34.0393    8.37742         28 0.0000e+00
    263.000    260.111    -1.4318  27.241687    -1.4302  27.241623     6.1606     6.4973     0.0552    97.1346 1.0000e-12  -74.22504 -112.08320  21.488362      99.66 1.2253e+03    605.456      14532  1028.6542  1028.6526    34.0426    34.0408    8.37573         28 0.0000e+00
    264.000    261.101    -1.4175  27.255681    -1.4155  27.255705     6.1507     6.4854     0.0357    97.1222 1.0000e-12  -74.22504 -112.08320  21.488375      99.06 1.2258e+03    606.625      14560  1028.6600  1028.6580    34.0450    34.0427    8.37237         29 0.0000e+00
    265.000    262.088    -1.4112  27.261905    -1.4102  27.261513     6.1508     6.4815     0.0300    97.1564 1.0000e-12  -74.22504 -112.08320  21.488389      99.90 1.2263e+03    607.792      14588  1028.6652  1028.6637    34.0458    34.0440    8.37092         27 0.0000e+00
    266.000    263.078    -1.4109  27.262846    -1.4098  27.262418     6.1491     6.4820     0.0270    97.1744 1.0000e-12  -74.22504 -112.08320  21.488402      99.89 1.2254e+03    608.954      14616  1028.6703  1028.6688    34.0460    34.0443    8.37082         28 0.0000e+00
    267.000    264.065    -1.4109  27.263132    -1.4101  27.262685     6.1586     6.4941     0.0163    97.0918 1.0000e-12  -74.22504 -112.08320  21.488416      99.90 1.2251e+03    610.110      14644  1028.6751  1028.6738    34.0459    34.0443    8.37084         28 0.0000e+00
    268.000    265.054    -1.4125  27.262679    -1.4118  27.262193     6.1722     6.5001     0.0304    97.1436 1.0000e-12  -74.22504 -112.08320  21.488429      99.90 1.2262e+03    611.268      14671  1028.6806  1028.6793    34.0465    34.0449    8.37117         28 0.0000e+00
    269.000    266.042    -1.4171  27.261365    -1.4164  27.260910     6.1827     6.5094     0.0245    97.1383 1.0000e-12  -74.22504 -112.08320  21.488443      99.89 1.2271e+03    612.434      14699  1028.6880  1028.6868    34.0492    34.0478    8.37203         28 0.0000e+00
    270.000    267.031    -1.4182  27.261677    -1.4173  27.261177     6.1873     6.5099     0.0216    97.1699 1.0000e-12  -74.22504 -112.08320  21.488456      99.90 1.2273e+03    613.585      14727  1028.6937  1028.6923    34.0503    34.0485    8.37221         28 0.0000e+00
    271.000    268.019    -1.4191  27.261925    -1.4181  27.261546     6.1860     6.5183     0.0702    97.1850 1.0000e-12  -74.22504 -112.08320  21.488469      99.90 1.2273e+03    614.751      14755  1028.6993  1028.6978    34.0511    34.0493    8.37238         27 0.0000e+00
    272.000    269.007    -1.4188  27.263479    -1.4177  27.263114     6.1914     6.5195     0.0229    96.1354 1.0000e-12  -74.22504 -112.08320  21.488483      99.89 1.2280e+03    615.923      14783  1028.7050  1028.7035    34.0522    34.0505    8.37224         28 0.0000e+00
    273.000    269.996    -1.4188  27.264400    -1.4178  27.263980     6.1924     6.5166     0.0146    97.2279 1.0000e-12  -74.22504 -112.08320  21.488496      99.90 1.2270e+03    617.090      14811  1028.7103  1028.7089    34.0529    34.0512    8.37220         28 0.0000e+00
    274.000    270.984    -1.4189  27.265255    -1.4179  27.264838     6.1962     6.5202     0.0228    97.1568 1.0000e-12  -74.22504 -112.08320  21.488510      89.22 1.2261e+03    618.248      14839  1028.7157  1028.7142    34.0535    34.0518    8.37218         28 0.0000e+00
    275.000    271.972    -1.4188  27.265997    -1.4177  27.265590     6.1958     6.5218     0.0276    97.1808 1.0000e-12  -74.22504 -112.08320  21.488523      97.14 1.2255e+03    619.413      14867  1028.7207  1028.7192    34.0538    34.0520    8.37214         29 0.0000e+00
    276.000    272.961    -1.4183  27.267482    -1.4172  27.267107     6.1928     6.5201     0.0217    97.1706 1.0000e-12  -74.22504 -112.08320  21.488537      99.84 1.2270e+03    620.582      14895  1028.7262  1028.7246    34.0547    34.0529    8.37198         28 0.0000e+00
    277.000    273.948    -1.4174  27.269347    -1.4164  27.269046     6.1934     6.5290     0.0190    97.0676 1.0000e-12  -74.22504 -112.08320  21.488551      99.90 1.2270e+03    621.769      14923  1028.7317  1028.7304    34.0556    34.0540    8.37172         28 0.0000e+00
    278.000    274.937    -1.4166  27.271011    -1.4156  27.270612     6.1933     6.5253     0.0330    96.3981 1.0000e-12  -74.22504 -112.08320  21.488564      99.90 1.2270e+03    622.947      14952  1028.7371  1028.7357    34.0564    34.0547    8.37150         28 0.0000e+00
    279.000    275.926    -1.4159  27.272485    -1.4149  27.272109     6.1951     6.5243     0.0385    97.1194 1.0000e-12  -74.22504 -112.08320  21.488578      99.90 1.2270e+03    624.099      14979  1028.7423  1028.7409    34.0570    34.0553    8.37131         27 0.0000e+00
    280.000    276.913    -1.4154  27.273440    -1.4145  27.272867     6.1964     6.5258     0.0141    97.2367 1.0000e-12  -74.22504 -112.08320  21.488591      99.89 1.2281e+03    625.238      15007  1028.7472  1028.7457    34.0572    34.0553    8.37119         28 0.0000e+00
    281.000    277.902    -1.4147  27.274816    -1.4138  27.274184     6.1934     6.5221     0.0186    97.2350 1.0000e-12  -74.22504 -112.08320  21.488604      99.89 1.2277e+03    626.409      15035  1028.7523  1028.7507    34.0575    34.0557    8.37099         29 0.0000e+00
    282.000    278.891    -1.4138  27.275920    -1.4127  27.275544     6.1885     6.5168     0.1033    97.2032 1.0000e-12  -74.22504 -112.08320  21.488618      99.90 1.2270e+03    627.581      15063  1028.7569  1028.7555    34.0574    34.0557    8.37080         27 0.0000e+00
    283.000    279.879    -1.4126  27.277653    -1.4116  27.277076     6.1864     6.5261     0.0596    97.1989 1.0000e-12  -74.22504 -112.08320  21.488631      99.89 1.2269e+03    628.740      15091  1028.7619  1028.7604    34.0578    34.0560    8.37051         28 0.0000e+00
    284.000    280.867    -1.4121  27.278784    -1.4111  27.278314     6.1877     6.5226     0.0103    97.1658 1.0000e-12  -74.22504 -112.08320  21.488645      99.89 1.2274e+03    629.895      15118  1028.7671  1028.7656    34.0582    34.0564    8.37038         28 0.0000e+00
    285.000    281.856    -1.4108  27.281569    -1.4098  27.280994     6.1913     6.5171     0.0130    97.1935 1.0000e-12  -74.22504 -112.08320  21.488658      99.90 1.2283e+03    631.065      15147  1028.7732  1028.7716    34.0600    34.0580    8.36998         28 0.0000e+00
    286.000    282.844    -1.4106  27.282323    -1.4095  27.281895     6.1924     6.5229     0.0143    97.2244 1.0000e-12  -74.22504 -112.08320  21.488672      94.09 1.2287e+03    632.253      15175  1028.7781  1028.7766    34.0601    34.0583    8.36993         30 0.0000e+00
    287.000    283.832    -1.4105  27.283011    -1.4093  27.282567     6.1957     6.5225     0.0155    97.2171 1.0000e-12  -74.22504 -112.08320  21.488687      99.89 1.2292e+03    633.539      15206  1028.7830  1028.7814    34.0603    34.0584    8.36988         31 0.0000e+00
    288.000    284.820    -1.4104  27.283553    -1.4093  27.283202     6.1938     6.5222     0.0160    97.2402 1.0000e-12  -74.22504 -112.08320  21.488702      99.90 1.2292e+03    634.891      15238  1028.7879  1028.7864    34.0604    34.0586    8.36987         34 0.0000e+00
    289.000    285.809    -1.4102  27.284155    -1.4091  27.283842     6.1894     6.5196     0.0106    97.2369 1.0000e-12  -74.22504 -112.08320  21.488718      99.89 1.2283e+03    636.261      15271  1028.7926  1028.7913    34.0603    34.0587    8.36981         30 0.0000e+00
    290.000    286.796    -1.4102  27.284649    -1.4091  27.284340     6.1900     6.5195     0.0143    97.2205 1.0000e-12  -74.22504 -112.08320  21.488734      99.90 1.2285e+03    637.657      15305  1028.7975  1028.7961    34.0604    34.0588    8.36982         34 0.0000e+00
