ocean_section_plots/required_files/ctd/dnbp2202_ctd295.cnv
* Sea-Bird SBE 9 Data File:
* FileName = D:\Data\raw\NBP2202_CTD295.hex
* Software Version Seasave V 7.26.7.121
* Temperature SN = 1649
* Conductivity SN = 2513
* Number of Bytes Per Scan = 40
* Number of Voltage Words = 5
* Number of Scans Averaged by the Deck Unit = 1
* NMEA Latitude = 73 15.00 S
* NMEA Longitude = 114 20.02 W
* NMEA UTC (Time) = Feb 24 2022  11:27:30
* NMEA baud rate = 9600
** Ship: RVIB N.B. Palmer
** Cruise: NBP2202 Thwaites
** Station: 197
** Operator: B. Bjork
# nquan = 28
# nvalues = 733                         
# units = specified
# name 0 = prDM: Pressure, Digiquartz [db]
# name 1 = depSM: Depth [salt water, m]
# name 2 = t090C: Temperature [ITS-90, deg C]
# name 3 = c0mS/cm: Conductivity [mS/cm]
# name 4 = t190C: Temperature, 2 [ITS-90, deg C]
# name 5 = c1mS/cm: Conductivity, 2 [mS/cm]
# name 6 = sbeox0ML/L: Oxygen, SBE 43 [ml/l]
# name 7 = sbeox1ML/L: Oxygen, SBE 43, 2 [ml/l]
# name 8 = flECO-AFL: Fluorescence, WET Labs ECO-AFL/FL [mg/m^3]
# name 9 = CStarTr0: Beam Transmission, WET Labs C-Star [%]
# name 10 = par: PAR/Irradiance, Biospherical/Licor
# name 11 = latitude: Latitude [deg]
# name 12 = longitude: Longitude [deg]
# name 13 = timeJ: Julian Days
# name 14 = altM: Altimeter [m]
# name 15 = spar: SPAR, Biospherical/Licor
# name 16 = timeS: Time, Elapsed [seconds]
# name 17 = scan: Scan Count
# name 18 = density00: Density [density, kg/m^3]
# name 19 = density11: Density, 2 [density, kg/m^3]
# name 20 = v3: Voltage 3
# name 21 = v4: Voltage 4
# name 22 = v5: Voltage 5
# name 23 = sal00: Salinity, Practical [PSU]
# name 24 = sal11: Salinity, Practical, 2 [PSU]
# name 25 = oxsolML/L: Oxygen Saturation, Garcia & Gordon [ml/l]
# name 26 = nbin: number of scans per bin
# name 27 = flag: flag
# span 0 =      2.000,    734.000       
# span 1 =      1.986,    725.179       
# span 2 =    -1.3905,     0.7436       
# span 3 =  27.011822,  29.713890       
# span 4 =    -1.3899,     0.7458       
# span 5 =  27.012415,  29.714956       
# span 6 =     4.4450,     8.9557       
# span 7 =     4.5719,     9.2702       
# span 8 =     0.0464,    19.7576       
# span 9 =    81.5337,    97.2321       
# span 10 = -4.269e-04, 2.9229e+00      
# span 11 =  -73.25012,  -73.25012      
# span 12 = -114.33382, -114.33380      
# span 13 =  55.479807,  55.490385      
# span 14 =      -9.59,     100.25      
# span 15 = 2.1155e+01, 3.0372e+01      
# span 16 =    205.296,   1119.248      
# span 17 =       4928,      26863      
# span 18 =  1027.1284,  1031.2070      
# span 19 =  1027.1302,  1031.2059      
# span 20 =     3.8685,     4.6125      
# span 21 =     0.0773,     2.7488      
# span 22 =     0.1165,     0.2273      
# span 23 =    33.7155,    34.6143      
# span 24 =    33.7169,    34.6127      
# span 25 =    7.87857,    8.36995      
# span 26 =          3,         46      
# span 27 = 0.0000e+00, 0.0000e+00      
# interval = decibars: 1                
# start_time = Feb 24 2022 11:27:30 [NMEA time, header]
# bad_flag = -9.990e-29
*END*
[from data line 725]
    727.000    718.252     0.7405  29.708148     0.7415  29.707069     4.4489     4.5797     0.6325    95.7553 1.0000e-12  -73.25012 -114.33382  55.489499       9.21 2.6443e+01   1042.734      25027  1031.1740  1031.1720     4.5425     0.1747     0.1359    34.6138    34.6113    7.87921         29 0.0000e+00
    728.000    719.236     0.7431  29.711252     0.7455  29.711778     4.4484     4.5764     0.8585    95.6098 1.0000e-12  -73.25012 -114.33382  55.489534       8.18 2.6443e+01   1045.750      25099  1031.1791  1031.1773     4.5356     0.2087     0.1400    34.6143    34.6124    7.87865         37 0.0000e+00
    729.000    720.221     0.7429  29.711375     0.7451  29.711750     4.4474     4.5813     0.8560    95.2830 1.0000e-12  -73.25012 -114.33382  55.489572       7.19 2.6443e+01   1049.023      25178  1031.1838  1031.1820     4.5202     0.2272     0.1390    34.6141    34.6121    7.87870         41 0.0000e+00
    730.000    721.209     0.7430  29.711886     0.7452  29.712201     4.4456     4.5754     1.1164    95.1330 1.0000e-12  -73.25012 -114.33382  55.489606       6.15 2.6443e+01   1051.960      25248  1031.1885  1031.1867     4.5131     0.2539     0.1393    34.6141    34.6121    7.87868         34 0.0000e+00
    731.000    722.194     0.7432  29.712502     0.7456  29.713136     4.4458     4.5798     1.0754    94.8428 1.0000e-12  -73.25012 -114.33382  55.489646       5.16 2.6443e+01   1055.425      25331  1031.1932  1031.1915     4.4992     0.2378     0.1471    34.6141    34.6122    7.87864         37 0.0000e+00
    732.000    723.181     0.7434  29.713141     0.7458  29.713709     4.4466     4.5785     1.1877    94.7135 1.0000e-12  -73.25012 -114.33382  55.489682       4.14 2.6443e+01   1058.535      25406  1031.1980  1031.1962     4.4930     0.2389     0.1405    34.6142    34.6122    7.87860         36 0.0000e+00
    733.000    724.167     0.7433  29.713446     0.7458  29.714067     4.4490     4.5822     1.2739    94.5880 1.0000e-12  -73.25012 -114.33382  55.489718      17.20 2.6443e+01   1061.597      25479  1031.2026  1031.2008     4.4872     0.2529     0.1398    34.6141    34.6122    7.87862         46 0.0000e+00
    734.000    725.179     0.7436  29.713890     0.7458  29.714956     4.4450     4.5719     1.0645    94.4280 1.0000e-12  -73.25012 -114.33382  55.490385      -9.59 2.6443e+01   1119.248      26863  1031.2070  1031.2059     4.4799     0.2387     0.1451    34.6137    34.6127    7.87857          3 0.0000e+00
