ocean_section_plots/required_files/ctd/dnbp2202_ctd279.cnv
* Sea-Bird SBE 9 Data File:
* FileName = D:\Data\raw\NBP2202_CTD279.hex
* Software Version Seasave V 7.26.7.121
* Temperature SN = 1649
* Conductivity SN = 2513
* Number of Bytes Per Scan = 40
* Number of Voltage Words = 5
* Number of Scans Averaged by the Deck Unit = 1
* NMEA Latitude = 73 25.38 S
* NMEA Longitude = 114 12.63 W
* NMEA UTC (Time) = Feb 21 2022  17:04:34
* NMEA baud rate = 9600
** Ship: RVIB N.B. Palmer
** Cruise: NBP2202 Thwaites
** Station: 181
** Operator: A. Robinson
# nquan = 28
# nvalues = 765                         
# units = specified
# name 0 = prDM: Pressure, Digiquartz [db]
# name 1 = depSM: Depth [salt water, m]
# name 2 = t090C: Temperature [ITS-90, deg C]
# name 3 = c0mS/cm: Conductivity [mS/cm]
# name 4 = t190C: Temperature, 2 [ITS-90, deg C]
# name 5 = c1mS/cm: Conductivity, 2 [mS/cm]
# name 6 = sbeox0ML/L: Oxygen, SBE 43 [ml/l]
# name 7 = sbeox1ML/L: Oxygen, SBE 43, 2 [ml/l]
# name 8 = flECO-AFL: Fluorescence, WET Labs ECO-AFL/FL [mg/m^3]
# name 9 = CStarTr0: Beam Transmission, WET Labs C-Star [%]
# name 10 = par: PAR/Irradiance, Biospherical/Licor
# name 11 = latitude: Latitude [deg]
# name 12 = longitude: Longitude [deg]
# name 13 = timeJ: Julian Days
# name 14 = altM: Altimeter [m]
# name 15 = spar: SPAR, Biospherical/Licor
# name 16 = timeS: Time, Elapsed [seconds]
# name 17 = scan: Scan Count
# name 18 = density00: Density [density, kg/m^3]
# name 19 = density11: Density, 2 [density, kg/m^3]
# name 20 = v3: Voltage 3
# name 21 = v4: Voltage 4
# name 22 = v5: Voltage 5
# name 23 = sal00: Salinity, Practical [PSU]
# name 24 = sal11: Salinity, Practical, 2 [PSU]
# name 25 = oxsolML/L: Oxygen Saturation, Garcia & Gordon [ml/l]
# name 26 = nbin: number of scans per bin
# name 27 = flag: flag
# span 0 =      3.000,    767.000       
# span 1 =      2.970,    757.687       
# span 2 =    -1.7256,     0.5662       
# span 3 =  27.038130,  29.538797       
# span 4 =    -1.7248,     0.5690       
# span 5 =  27.038829,  29.539470       
# span 6 =     4.5354,     8.7192       
# span 7 =     4.6566,     8.9648       
# span 8 =     0.1291,    18.4421       
# span 9 =    81.6726,    98.5556       
# span 10 = -1.231e-05, 2.3563e+02      
# span 11 =  -73.42308,  -73.42308      
# span 12 = -114.21054, -114.21050      
# span 13 =  52.713821,  52.724652      
# span 14 =       2.85,      99.97      
# span 15 = 5.5819e+02, 6.3809e+02      
# span 16 =    200.134,   1135.971      
# span 17 =       4804,      27264      
# span 18 =  1027.1652,  1031.3371      
# span 19 =  1027.1678,  1031.3351      
# span 20 =     3.8747,     4.6753      
# span 21 =     0.0849,     2.9316      
# span 22 =     0.1072,     0.2180      
# span 23 =    33.7513,    34.5653      
# span 24 =    33.7543,    34.5632      
# span 25 =    7.91735,    8.43840      
# span 26 =         17,         48      
# span 27 = 0.0000e+00, 0.0000e+00      
# interval = decibars: 1                
# start_time = Feb 21 2022 17:04:34 [NMEA time, header]
# bad_flag = -9.990e-29
*END*
[from data line 259]
    262.000    259.132    -1.3484  27.310393    -1.3507  27.309328     6.3008     6.4548     1.0647    96.7964 1.0000e-12  -73.42308 -114.21052  52.717748      99.80 6.1701e+02    539.457      12948  1028.6492  1028.6503     4.5919     0.2540     0.1301    34.0429    34.0440    8.35700         23 0.0000e+00
    263.000    260.122    -1.4166  27.252089    -1.4203  27.250346     6.3708     6.5291     0.7730    97.2691 1.0000e-12  -73.42308 -114.21050  52.717760      99.79 6.1701e+02    540.471      12972  1028.6556  1028.6573     4.6143     0.3101     0.1279    34.0396    34.0414    8.37249         25 0.0000e+00
    264.000    261.110    -1.4641  27.212816    -1.4636  27.213985     6.3900     6.5555     0.9074    97.1515 1.0000e-12  -73.42308 -114.21051  52.717772      99.81 6.1694e+02    541.527      12998  1028.6624  1028.6633     4.6087     0.1378     0.1189    34.0390    34.0400    8.38321         26 0.0000e+00
    265.000    262.099    -1.4680  27.212349    -1.4651  27.214019     6.3709     6.5460     0.7597    97.2612 1.0000e-12  -73.42308 -114.21050  52.717785      99.80 6.1809e+02    542.605      13024  1028.6694  1028.6684     4.6139     0.1552     0.1275    34.0422    34.0412    8.38390         26 0.0000e+00
    266.000    263.089    -1.4629  27.216837    -1.4657  27.213941     6.3341     6.5273     0.8224    97.1478 1.0000e-12  -73.42308 -114.21050  52.717797      99.80 6.1898e+02    543.665      13049  1028.6731  1028.6727     4.6085     0.1610     0.1242    34.0419    34.0412    8.38277         25 0.0000e+00
    267.000    264.075    -1.4483  27.231227    -1.4484  27.230304     6.3104     6.5102     1.3434    96.7196 1.0000e-12  -73.42308 -114.21050  52.717809      99.81 6.1983e+02    544.659      13073  1028.6786  1028.6777     4.5882     0.1792     0.1237    34.0445    34.0434    8.37933         23 0.0000e+00
    268.000    265.065    -1.4408  27.238870    -1.4406  27.238573     6.2918     6.4997     1.2240    96.8370 1.0000e-12  -73.42308 -114.21050  52.717820      99.80 6.2091e+02    545.655      13097  1028.6837  1028.6831     4.5938     0.2042     0.1249    34.0459    34.0452    8.37757         24 0.0000e+00
    269.000    266.052    -1.4385  27.241831    -1.4377  27.241891     6.2907     6.5033     0.8008    96.9750 1.0000e-12  -73.42308 -114.21050  52.717832      99.80 6.2139e+02    546.677      13121  1028.6887  1028.6880     4.6004     0.2186     0.1228    34.0467    34.0459    8.37699         25 0.0000e+00
    270.000    267.041    -1.4373  27.243304    -1.4363  27.244170     6.2701     6.4867     0.9745    96.5203 1.0000e-12  -73.42308 -114.21050  52.717844      99.79 6.2273e+02    547.713      13146  1028.6932  1028.6933     4.5788     0.2558     0.1226    34.0467    34.0468    8.37671         25 0.0000e+00
    271.000    268.030    -1.4310  27.250644    -1.4306  27.250549     6.2381     6.4458     1.0615    96.2885 1.0000e-12  -73.42308 -114.21050  52.717856      99.80 6.2391e+02    548.746      13171  1028.6993  1028.6988     4.5678     0.1527     0.1220    34.0491    34.0485    8.37517         25 0.0000e+00
    272.000    269.018    -1.4258  27.257830    -1.4247  27.257810     6.2228     6.4215     0.8640    96.4867 1.0000e-12  -73.42308 -114.21050  52.717868      93.19 6.2483e+02    549.783      13196  1028.7063  1028.7052     4.5772     0.2528     0.1229    34.0524    34.0511    8.37380         25 0.0000e+00
    273.000    270.005    -1.4013  27.280521    -1.4008  27.280441     6.2443     6.4418     0.9898    96.6561 1.0000e-12  -73.42308 -114.21050  52.717880      99.86 6.2598e+02    550.822      13221  1028.7115  1028.7110     4.5852     0.2010     0.1282    34.0551    34.0544    8.36813         24 0.0000e+00
    274.000    270.995    -1.4183  27.267259    -1.4178  27.267663     6.2688     6.4636     1.1061    96.4458 1.0000e-12  -73.42308 -114.21050  52.717892      99.79 6.2632e+02    551.835      13245  1028.7179  1028.7178     4.5752     0.2652     0.1317    34.0556    34.0556    8.37193         25 0.0000e+00
    275.000    271.983    -1.4329  27.255612    -1.4326  27.255926     6.2673     6.4649     0.9961    96.2148 1.0000e-12  -73.42308 -114.21050  52.717903      99.80 6.2835e+02    552.829      13269  1028.7236  1028.7236     4.5645     0.2202     0.1219    34.0556    34.0557    8.37521         23 0.0000e+00
    276.000    272.972    -1.4392  27.251946    -1.4381  27.252230     6.2655     6.4641     0.7195    96.6745 1.0000e-12  -73.42308 -114.21050  52.717915      99.80 6.2988e+02    553.825      13293  1028.7298  1028.7291     4.5861     0.2257     0.1199    34.0570    34.0562    8.37653         24 0.0000e+00
    277.000    273.960    -1.4366  27.254635    -1.4356  27.255195     6.3076     6.5141     0.8184    96.9394 1.0000e-12  -73.42308 -114.21050  52.717926      99.80 6.3050e+02    554.847      13317  1028.7345  1028.7342     4.5987     0.2521     0.1208    34.0572    34.0569    8.37595         26 0.0000e+00
    278.000    274.949    -1.4411  27.251479    -1.4404  27.251897     6.3130     6.5197     0.9970    97.0468 1.0000e-12  -73.42308 -114.21050  52.717939      99.77 6.3194e+02    555.907      13343  1028.7396  1028.7394     4.6038     0.4321     0.1275    34.0573    34.0572    8.37694         25 0.0000e+00
    279.000    275.936    -1.4653  27.231817    -1.4649  27.232599     6.2870     6.4792     0.8962    97.2918 1.0000e-12  -73.42308 -114.21050  52.717951      99.80 6.3380e+02    556.963      13368  1028.7459  1028.7464     4.6153     0.1890     0.1202    34.0573    34.0579    8.38241         25 0.0000e+00
    280.000    276.926    -1.4510  27.248779    -1.4492  27.248547     6.2994     6.4920     0.6821    97.1670 1.0000e-12  -73.42308 -114.21050  52.717963      99.80 6.3435e+02    557.991      13393  1028.7546  1028.7526     4.6094     0.1813     0.1159    34.0636    34.0613    8.37879         24 0.0000e+00
    281.000    277.912    -1.4288  27.267570    -1.4267  27.269358     6.3468     6.5445     0.8970    97.0373 1.0000e-12  -73.42308 -114.21050  52.717975      99.81 6.3711e+02    559.001      13417  1028.7579  1028.7578     4.6033     0.1681     0.1179    34.0636    34.0637    8.37380         25 0.0000e+00
    282.000    278.903    -1.4824  27.221886    -1.4839  27.222071     6.3796     6.5727     0.8879    96.8988 1.0000e-12  -73.42308 -114.21050  52.717986      99.80 6.3678e+02    560.001      13441  1028.7642  1028.7659     4.5967     0.1890     0.1217    34.0612    34.0631    8.38602         23 0.0000e+00
    283.000    279.890    -1.5096  27.201694    -1.5086  27.202252     6.3971     6.5887     0.7970    96.7862 1.0000e-12  -73.42308 -114.21050  52.717998      99.79 6.3696e+02    560.999      13465  1028.7726  1028.7723     4.5914     0.2948     0.1317    34.0637    34.0633    8.39199         25 0.0000e+00
    284.000    280.877    -1.5111  27.201197    -1.5103  27.201517     6.3892     6.5975     1.0987    96.9322 1.0000e-12  -73.42308 -114.21050  52.718010      86.25 6.3781e+02    562.047      13490  1028.7775  1028.7772     4.5983     0.2860     0.1211    34.0640    34.0636    8.39231         25 0.0000e+00
    285.000    281.868    -1.5107  27.201937    -1.5100  27.202346     6.3896     6.5848     0.9577    97.1494 1.0000e-12  -73.42308 -114.21050  52.718022      99.45 6.3751e+02    563.133      13516  1028.7821  1028.7818     4.6086     0.1779     0.1293    34.0641    34.0638    8.39223         27 0.0000e+00
    286.000    282.852    -1.5105  27.202571    -1.5094  27.203318     6.3920     6.5867     0.7509    97.0698 1.0000e-12  -73.42308 -114.21050  52.718035      99.80 6.3691e+02    564.187      13541  1028.7867  1028.7863     4.6048     0.2237     0.1314    34.0641    34.0638    8.39218         24 0.0000e+00
    287.000    283.846    -1.5072  27.207191    -1.5066  27.207660     6.4013     6.5964     0.8359    96.8773 1.0000e-12  -73.42308 -114.21050  52.718046      99.80 6.3787e+02    565.190      13566  1028.7927  1028.7926     4.5957     0.2102     0.1907    34.0661    34.0660    8.39132         24 0.0000e+00
    288.000    284.832    -1.5185  27.199462    -1.5197  27.198414     6.4135     6.5967     0.9131    96.7652 1.0000e-12  -73.42308 -114.21050  52.718058      99.80 6.3809e+02    566.221      13590  1028.7994  1028.7994     4.5905     0.1769     0.1180    34.0677    34.0676    8.39378         25 0.0000e+00
    289.000    285.820    -1.5309  27.190104    -1.5304  27.190364     6.4288     6.6201     0.8780    97.3528 1.0000e-12  -73.42308 -114.21050  52.718070      99.80 6.3802e+02    567.254      13615  1028.8053  1028.8051     4.6182     0.2073     0.1182    34.0683    34.0681    8.39654         25 0.0000e+00
    290.000    286.807    -1.5356  27.186889    -1.5352  27.187181     6.4401     6.6309     0.8356    97.2825 1.0000e-12  -73.42308 -114.21050  52.718082      99.80 6.3781e+02    568.292      13640  1028.8105  1028.8104     4.6149     0.1801     0.1198    34.0686    34.0685    8.39758         25 0.0000e+00
    291.000    287.795    -1.5503  27.174957    -1.5503  27.175157     6.4503     6.6470     0.8201    96.8424 1.0000e-12  -73.42308 -114.21050  52.718094      99.80 6.3749e+02    569.339      13665  1028.8157  1028.8160     4.5941     0.1927     0.1180    34.0682    34.0685    8.40092         26 0.0000e+00
    292.000    288.786    -1.5603  27.168015    -1.5596  27.168357     6.4476     6.6545     0.7369    96.7639 1.0000e-12  -73.42308 -114.21050  52.718106      99.80 6.3656e+02    570.383      13690  1028.8219  1028.8216     4.5904     0.1754     0.1225    34.0694    34.0691    8.40310         24 0.0000e+00
    293.000    289.773    -1.5628  27.166977    -1.5621  27.167368     6.4383     6.6430     0.8880    96.7912 1.0000e-12  -73.42308 -114.21050  52.718118      99.80 6.3549e+02    571.414      13715  1028.8273  1028.8271     4.5916     0.2122     0.1278    34.0702    34.0700    8.40363         25 0.0000e+00
    294.000    290.761    -1.5633  27.167588    -1.5624  27.168022     6.4232     6.6347     1.0650    96.4139 1.0000e-12  -73.42308 -114.21050  52.718130      99.80 6.3500e+02    572.451      13740  1028.8325  1028.8322     4.5738     0.2449     0.1220    34.0710    34.0706    8.40369         25 0.0000e+00
    295.000    291.749    -1.5519  27.179906    -1.5515  27.179654     6.4157     6.6304     0.7515    96.6509 1.0000e-12  -73.42308 -114.21050  52.718143      99.80 6.3341e+02    573.524      13766  1028.8392  1028.8385     4.5850     0.2324     0.1197    34.0744    34.0736    8.40092         26 0.0000e+00
    296.000    292.739    -1.5516  27.180851    -1.5510  27.181302     6.4242     6.6291     1.3808    96.8142 1.0000e-12  -73.42308 -114.21050  52.718155      99.78 6.3182e+02    574.578      13791  1028.8442  1028.8441     4.5926     0.3804     0.1226    34.0748    34.0747    8.40083         25 0.0000e+00
    297.000    293.727    -1.5591  27.175695    -1.5591  27.175598     6.4442     6.6486     1.1472    96.4682 1.0000e-12  -73.42308 -114.21050  52.718167      94.28 6.3126e+02    575.606      13816  1028.8499  1028.8499     4.5764     0.2393     0.1184    34.0755    34.0754    8.40246         24 0.0000e+00
    298.000    294.713    -1.5714  27.166459    -1.5720  27.165826     6.4490     6.6485     0.9519    96.6308 1.0000e-12  -73.42308 -114.21051  52.718178      99.76 6.3048e+02    576.619      13840  1028.8560  1028.8559     4.5841     0.2678     0.1210    34.0762    34.0761    8.40521         25 0.0000e+00
    299.000    295.704    -1.5843  27.156845    -1.5848  27.156390     6.4515     6.6555     0.8823    96.0275 1.0000e-12  -73.42308 -114.21051  52.718190      99.79 6.2987e+02    577.634      13864  1028.8622  1028.8621     4.5554     0.2912     0.1303    34.0770    34.0769    8.40808         24 0.0000e+00
    300.000    296.689    -1.5867  27.156524    -1.5859  27.156902     6.4595     6.6714     0.9020    96.0422 1.0000e-12  -73.42308 -114.21051  52.718202      99.80 6.2987e+02    578.693      13890  1028.8683  1028.8679     4.5562     0.1666     0.1164    34.0787    34.0783    8.40853         27 0.0000e+00
    301.000    297.681    -1.5978  27.148560    -1.5976  27.149172     6.4674     6.6759     1.6283    96.4861 1.0000e-12  -73.42308 -114.21052  52.718215      99.80 6.2910e+02    579.755      13915  1028.8745  1028.8750     4.5770     0.2986     0.1234    34.0798    34.0804    8.41098         22 0.0000e+00
    302.000    298.667    -1.6159  27.134701    -1.6154  27.134950     6.4751     6.6750     1.4016    96.4479 1.0000e-12  -73.42308 -114.21052  52.718227      99.79 6.2778e+02    580.820      13941  1028.8810  1028.8808     4.5753     0.2573     0.1229    34.0806    34.0804    8.41502         26 0.0000e+00
    303.000    299.656    -1.6140  27.137304    -1.6132  27.137565     6.4855     6.6889     1.0252    96.6608 1.0000e-12  -73.42308 -114.21052  52.718239      99.81 6.2759e+02    581.853      13965  1028.8860  1028.8856     4.5855     0.1828     0.1173    34.0814    34.0809    8.41454         24 0.0000e+00
    304.000    300.644    -1.6202  27.132286    -1.6198  27.132614     6.4906     6.6992     1.0072    96.4194 1.0000e-12  -73.42308 -114.21052  52.718251      99.80 6.2766e+02    582.859      13990  1028.8908  1028.8907     4.5740     0.2429     0.1159    34.0810    34.0810    8.41599         24 0.0000e+00
    305.000    301.631    -1.6347  27.120468    -1.6345  27.120927     6.5017     6.7079     1.0698    96.0054 1.0000e-12  -73.42308 -114.21052  52.718262      99.80 6.2702e+02    583.875      14014  1028.8960  1028.8963     4.5543     0.1828     0.1219    34.0806    34.0809    8.41930         25 0.0000e+00
    306.000    302.621    -1.6455  27.112144    -1.6451  27.112495     6.5188     6.7244     1.1016    95.5184 1.0000e-12  -73.42308 -114.21052  52.718275      99.79 6.2609e+02    584.937      14039  1028.9014  1028.9013     4.5313     0.2608     0.1264    34.0808    34.0807    8.42174         26 0.0000e+00
    307.000    303.607    -1.6579  27.102072    -1.6581  27.102001     6.5326     6.7394     1.6301    95.9468 1.0000e-12  -73.42308 -114.21052  52.718287      99.80 6.2589e+02    586.028      14066  1028.9064  1028.9065     4.5516     0.2464     0.1194    34.0804    34.0804    8.42458         26 0.0000e+00
    308.000    304.598    -1.6690  27.093360    -1.6690  27.093480     6.5436     6.7507     1.6565    96.4727 1.0000e-12  -73.42308 -114.21052  52.718300      99.77 6.2589e+02    587.083      14091  1028.9117  1028.9118     4.5765     0.3840     0.1237    34.0804    34.0805    8.42710         25 0.0000e+00
    309.000    305.584    -1.6753  27.088956    -1.6746  27.089268     6.5402     6.7532     1.0409    95.8359 1.0000e-12  -73.42308 -114.21052  52.718312      86.39 6.2582e+02    588.129      14116  1028.9170  1028.9167     4.5464     0.2111     0.1187    34.0808    34.0805    8.42849         25 0.0000e+00
    310.000    306.573    -1.6729  27.092595    -1.6724  27.092755     6.5363     6.7488     1.1127    96.5187 1.0000e-12  -73.42308 -114.21052  52.718323      99.32 6.2582e+02    589.143      14140  1028.9228  1028.9224     4.5787     0.2020     0.1180    34.0825    34.0821    8.42786         24 0.0000e+00
    311.000    307.562    -1.6723  27.094274    -1.6716  27.094609     6.5325     6.7490     1.2152    96.9316 1.0000e-12  -73.42308 -114.21052  52.718335      99.80 6.2582e+02    590.149      14165  1028.9282  1028.9279     4.5983     0.2474     0.1157    34.0835    34.0832    8.42766         24 0.0000e+00
    312.000    308.549    -1.6689  27.098333    -1.6680  27.098528     6.5292     6.7438     0.8337    96.6839 1.0000e-12  -73.42308 -114.21052  52.718347      99.80 6.2568e+02    591.191      14190  1028.9334  1028.9328     4.5866     0.1968     0.1160    34.0846    34.0838    8.42681         26 0.0000e+00
