ocean_section_plots/required_files/ctd/dnbp2202_ctd256.cnv
* Sea-Bird SBE 9 Data File:
* FileName = D:\Data\raw\NBP2202_CTD256.hex
* Software Version Seasave V 7.26.7.121
* Temperature SN = 1649
* Conductivity SN = 2513
* Number of Bytes Per Scan = 40
* Number of Voltage Words = 5
* Number of Scans Averaged by the Deck Unit = 1
* NMEA Latitude = 74 02.92 S
* NMEA Longitude = 117 38.67 W
* NMEA UTC (Time) = Feb 15 2022  20:34:14
* NMEA baud rate = 9600
** Ship: RVIB N.B. Palmer
** Cruise: NBP2202 Thwaites
** Station: 164
** Operator: A. Robinson
# nquan = 28
# nvalues = 395                         
# units = specified
# name 0 = prDM: Pressure, Digiquartz [db]
# name 1 = depSM: Depth [salt water, m]
# name 2 = t090C: Temperature [ITS-90, deg C]
# name 3 = c0mS/cm: Conductivity [mS/cm]
# name 4 = t190C: Temperature, 2 [ITS-90, deg C]
# name 5 = c1mS/cm: Conductivity, 2 [mS/cm]
# name 6 = sbeox0ML/L: Oxygen, SBE 43 [ml/l]
# name 7 = sbeox1ML/L: Oxygen, SBE 43, 2 [ml/l]
# name 8 = flECO-AFL: Fluorescence, WET Labs ECO-AFL/FL [mg/m^3]
# name 9 = CStarTr0: Beam Transmission, WET Labs C-Star [%]
# name 10 = par: PAR/Irradiance, Biospherical/Licor
# name 11 = latitude: Latitude [deg]
# name 12 = longitude: Longitude [deg]
# name 13 = timeJ: Julian Days
# name 14 = altM: Altimeter [m]
# name 15 = spar: SPAR, Biospherical/Licor
# name 16 = timeS: Time, Elapsed [seconds]
# name 17 = scan: Scan Count
# name 18 = density00: Density [density, kg/m^3]
# name 19 = density11: Density, 2 [density, kg/m^3]
# name 20 = v3: Voltage 3
# name 21 = v4: Voltage 4
# name 22 = v5: Voltage 5
# name 23 = sal00: Salinity, Practical [PSU]
# name 24 = sal11: Salinity, Practical, 2 [PSU]
# name 25 = oxsolML/L: Oxygen Saturation, Garcia & Gordon [ml/l]
# name 26 = nbin: number of scans per bin
# name 27 = flag: flag
# span 0 =      2.000,    396.000       
# span 1 =      1.973,    391.529       
# span 2 =    -1.7542,    -0.2054       
# span 3 =  27.025492,  28.028297       
# span 4 =    -1.7534,    -0.2041       
# span 5 =  27.025290,  28.028085       
# span 6 =     6.3579,     9.0375       
# span 7 =     6.5193,     9.2691       
# span 8 =     0.4008,    11.1073       
# span 9 =    84.0168,    94.5119       
# span 10 = -4.485e-05, 4.2282e+02      
# span 11 =  -74.04876,  -74.04874      
# span 12 = -117.64460, -117.64458      
# span 13 =  46.859697,  46.865883      
# span 14 =       5.26,      99.99      
# span 15 = 8.7762e+02, 8.8689e+02      
# span 16 =    223.793,    758.298      
# span 17 =       5372,      18200      
# span 18 =  1027.1810,  1029.3630      
# span 19 =  1027.1803,  1029.3615      
# span 20 =     3.9859,     4.4835      
# span 21 =     0.1296,     1.8803      
# span 22 =     0.1246,     0.4101      
# span 23 =    33.8239,    34.1177      
# span 24 =    33.8236,    34.1158      
# span 25 =    8.11925,    8.44596      
# span 26 =         16,         75      
# span 27 = 0.0000e+00, 0.0000e+00      
# interval = decibars: 1                
# start_time = Feb 15 2022 20:34:14 [NMEA time, header]
# bad_flag = -9.990e-29
*END*
[from data line 52]
     54.000     53.435    -0.2078  28.010050    -0.2067  28.009837     8.8644     9.1434     9.4783    87.7181 1.3265e-02  -74.04874 -117.64458  46.860971      99.58 8.8013e+02    333.870       8014  1027.4338  1027.4325     4.1613     1.8677     0.1883    33.8350    33.8335    8.11987         43 0.0000e+00
     55.000     54.424    -0.2072  28.011153    -0.2059  28.011165     8.8604     9.1457     8.2318    86.2139 3.0364e-03  -74.04874 -117.64458  46.860992      99.57 8.8094e+02    335.736       8059  1027.4387  1027.4374     4.0901     1.4230     0.1799    33.8352    33.8338    8.11973         40 0.0000e+00
     56.000     55.413    -0.2070  28.011865    -0.2058  28.011786     8.8626     9.1495     9.9047    86.2579 -4.485e-05  -74.04874 -117.64458  46.861015      99.53 8.8041e+02    337.697       8106  1027.4435  1027.4424     4.0922     1.7444     0.3075    33.8353    33.8339    8.11968         45 0.0000e+00
     57.000     56.404    -0.2073  28.011940    -0.2061  28.011896     8.8681     9.1513     8.7892    86.9306 1.0000e-12  -74.04874 -117.64458  46.861037      99.56 8.8013e+02    339.619       8152  1027.4483  1027.4470     4.1241     1.2708     0.1779    33.8352    33.8337    8.11976         36 0.0000e+00
     58.000     57.393    -0.2073  28.012455    -0.2059  28.012672     8.8681     9.1472     8.2911    85.7193 1.0000e-12  -74.04874 -117.64458  46.861059      99.48 8.8052e+02    341.530       8198  1027.4531  1027.4520     4.0667     1.4336     0.1722    33.8353    33.8340    8.11975         38 0.0000e+00
     59.000     58.381    -0.2069  28.013297    -0.2059  28.012951     8.8620     9.1444     9.0817    85.9193 1.0000e-12  -74.04874 -117.64458  46.861082      99.54 8.8095e+02    343.455       8244  1027.4579  1027.4566     4.0761     1.6708     0.1737    33.8354    33.8338    8.11967         38 0.0000e+00
     60.000     59.371    -0.2070  28.013744    -0.2058  28.013596     8.8601     9.1504    10.0711    86.1860 1.0000e-12  -74.04875 -117.64458  46.861103      99.49 8.8060e+02    345.312       8288  1027.4627  1027.4615     4.0888     1.5899     0.1859    33.8354    33.8339    8.11967         42 0.0000e+00
     61.000     60.361    -0.2067  28.014507    -0.2056  28.014216     8.8608     9.1461     7.6183    86.2765 1.0000e-12  -74.04875 -117.64458  46.861125      99.52 8.8075e+02    347.198       8334  1027.4676  1027.4662     4.0931     1.3316     0.1914    33.8355    33.8339    8.11961         46 0.0000e+00
     62.000     61.349    -0.2067  28.014862    -0.2055  28.014785     8.8539     9.1401    10.6691    87.3953 1.0000e-12  -74.04875 -117.64458  46.861147      99.52 8.8083e+02    349.097       8379  1027.4722  1027.4711     4.1456     1.3511     0.2017    33.8353    33.8340    8.11961         40 0.0000e+00
     63.000     62.339    -0.2067  28.015342    -0.2054  28.015317     8.8666     9.1347     9.2448    87.5016 1.0000e-12  -74.04875 -117.64458  46.861168      99.47 8.8134e+02    350.875       8422  1027.4771  1027.4758     4.1511     1.4423     0.1791    33.8354    33.8340    8.11961         38 0.0000e+00
     64.000     63.328    -0.2065  28.015966    -0.2054  28.015753     8.8607     9.1454     9.5726    86.9463 1.0000e-12  -74.04875 -117.64458  46.861188      99.54 8.8042e+02    352.658       8465  1027.4818  1027.4806     4.1248     1.5234     0.1784    33.8354    33.8339    8.11957         44 0.0000e+00
     65.000     64.319    -0.2065  28.016181    -0.2055  28.016156     8.8579     9.1467     6.7568    85.4978 1.0000e-12  -74.04875 -117.64459  46.861210      99.46 8.8041e+02    354.512       8509  1027.4864  1027.4854     4.0561     1.4853     0.1822    33.8351    33.8340    8.11960         41 0.0000e+00
     66.000     65.306    -0.2066  28.016787    -0.2056  28.016715     8.8569     9.1459     7.4435    87.1482 1.0000e-12  -74.04875 -117.64459  46.861227      96.84 8.8086e+02    356.010       8545  1027.4914  1027.4903     4.1343     1.3197     0.1685    33.8353    33.8342    8.11959         30 0.0000e+00
     67.000     66.297    -0.2075  28.016490    -0.2059  28.016686     8.8529     9.1448     9.4110    85.9750 1.0000e-12  -74.04875 -117.64459  46.861245      99.53 8.8095e+02    357.546       8582  1027.4962  1027.4949     4.0788     1.2685     0.1981    33.8354    33.8339    8.11978         40 0.0000e+00
     68.000     67.284    -0.2077  28.016856    -0.2064  28.016810     8.8527     9.1364     9.2360    87.6219 1.0000e-12  -74.04874 -117.64458  46.861264      99.56 8.8108e+02    359.243       8623  1027.5011  1027.4998     4.1568     1.2666     0.1806    33.8355    33.8340    8.11982         34 0.0000e+00
     69.000     68.275    -0.2079  28.016962    -0.2070  28.016845     8.8474     9.1315     7.5313    86.4554 1.0000e-12  -74.04874 -117.64458  46.861281      99.50 8.8103e+02    360.663       8657  1027.5057  1027.5047     4.1015     1.4150     0.1885    33.8353    33.8341    8.11988         34 0.0000e+00
     70.000     69.264    -0.2085  28.017032    -0.2075  28.016706     8.8463     9.1316     8.5152    86.0083 1.0000e-12  -74.04874 -117.64458  46.861298      99.55 8.8078e+02    362.182       8693  1027.5106  1027.5093     4.0803     1.3796     0.1656    33.8354    33.8338    8.12000         38 0.0000e+00
     71.000     70.254    -0.2084  28.017551    -0.2069  28.017723     8.8542     9.1334     7.4842    87.5899 1.0000e-12  -74.04874 -117.64458  46.861317      99.56 8.8145e+02    363.826       8733  1027.5154  1027.5141     4.1554     1.3317     0.1732    33.8354    33.8340    8.11998         31 0.0000e+00
     72.000     71.243    -0.2080  28.018339    -0.2071  28.018121     8.8579     9.1332     7.6686    86.0487 1.0000e-12  -74.04874 -117.64458  46.861334      99.38 8.8144e+02    365.218       8766  1027.5201  1027.5190     4.0823     1.6833     0.1599    33.8354    33.8341    8.11990         32 0.0000e+00
     73.000     72.233    -0.2085  28.018385    -0.2074  28.018226     8.8567     9.1259     8.6931    85.9093 1.0000e-12  -74.04874 -117.64458  46.861351      99.52 8.8130e+02    366.704       8802  1027.5249  1027.5237     4.0757     1.3056     0.1740    33.8354    33.8339    8.12000         28 0.0000e+00
     74.000     73.221    -0.2086  28.018759    -0.2073  28.018714     8.8488     9.1339     9.7131    86.1735 1.0000e-12  -74.04874 -117.64458  46.861371      99.46 8.8059e+02    368.418       8843  1027.5297  1027.5284     4.0882     1.4525     0.1799    33.8354    33.8339    8.12002         39 0.0000e+00
     75.000     74.211    -0.2080  28.019724    -0.2071  28.019370     8.8542     9.1320     9.5292    87.3416 1.0000e-12  -74.04874 -117.64458  46.861390      99.56 8.8180e+02    370.057       8882  1027.5344  1027.5332     4.1435     1.2643     0.1835    33.8354    33.8340    8.11989         33 0.0000e+00
     76.000     75.200    -0.2079  28.020197    -0.2070  28.019929     8.8520     9.1216     8.1707    86.2513 1.0000e-12  -74.04874 -117.64458  46.861405      99.51 8.8145e+02    371.351       8913  1027.5392  1027.5380     4.0920     1.3624     0.1895    33.8354    33.8340    8.11988         33 0.0000e+00
     77.000     76.189    -0.2089  28.019849    -0.2073  28.020035     8.8518     9.1233     7.8921    87.2323 1.0000e-12  -74.04874 -117.64458  46.861422      99.57 8.8144e+02    372.872       8950  1027.5440  1027.5427     4.1384     1.2445     0.1767    33.8354    33.8339    8.12009         38 0.0000e+00
     78.000     77.179    -0.2085  28.020680    -0.2075  28.020487     8.8303     9.1087     7.4759    87.6589 1.0000e-12  -74.04874 -117.64458  46.861438      99.54 8.8144e+02    374.252       8983  1027.5488  1027.5476     4.1586     1.3130     0.1752    33.8354    33.8341    8.12000         30 0.0000e+00
     79.000     78.168    -0.2089  28.021045    -0.2079  28.020633     8.8094     9.0868     8.1486    86.7782 1.0000e-12  -74.04874 -117.64460  46.861452      99.55 8.8144e+02    375.479       9012  1027.5538  1027.5525     4.1169     1.2785     0.1709    33.8357    33.8341    8.12006         28 0.0000e+00
     80.000     79.157    -0.2060  28.023985    -0.2051  28.023810     8.8039     9.0906     7.3484    86.8380 1.0000e-12  -74.04874 -117.64460  46.861466      99.51 8.8144e+02    376.659       9041  1027.5585  1027.5574     4.1197     1.3563     0.1780    33.8359    33.8346    8.11945         29 0.0000e+00
     81.000     80.147    -0.2061  28.024445    -0.2050  28.024271     8.8136     9.0931     7.2311    86.4457 1.0000e-12  -74.04874 -117.64460  46.861480      99.60 8.8144e+02    377.870       9070  1027.5633  1027.5622     4.1011     1.2438     0.1931    33.8360    33.8346    8.11946         29 0.0000e+00
     82.000     81.135    -0.2059  28.025097    -0.2049  28.024866     8.8137     9.0974     7.6944    86.4885 1.0000e-12  -74.04876 -117.64460  46.861494      99.43 8.8144e+02    379.115       9100  1027.5682  1027.5669     4.1031     1.6594     0.1887    33.8361    33.8345    8.11942         30 0.0000e+00
     83.000     82.125    -0.2057  28.025867    -0.2046  28.025717     8.8132     9.0906     7.4446    86.1546 1.0000e-12  -74.04874 -117.64460  46.861509      99.48 8.8144e+02    380.369       9130  1027.5731  1027.5719     4.0873     1.5070     0.1949    33.8362    33.8348    8.11936         30 0.0000e+00
     84.000     83.114    -0.2056  28.026505    -0.2045  28.026263     8.8115     9.0795     7.9194    86.4976 1.0000e-12  -74.04875 -117.64460  46.861523      99.62 8.8144e+02    381.591       9159  1027.5780  1027.5767     4.1036     1.1307     0.1753    33.8364    33.8348    8.11933         28 0.0000e+00
     85.000     84.104    -0.2055  28.027167    -0.2044  28.026893     8.8066     9.0734     7.5265    87.4531 1.0000e-12  -74.04875 -117.64460  46.861536      99.58 8.8144e+02    382.749       9187  1027.5828  1027.5815     4.1489     1.2217     0.1907    33.8365    33.8349    8.11929         28 0.0000e+00
     86.000     85.093    -0.2054  28.028016    -0.2041  28.027803     8.8057     9.0754     7.8508    87.5637 1.0000e-12  -74.04875 -117.64460  46.861550      99.47 8.8157e+02    383.893       9214  1027.5880  1027.5865     4.1541     1.5155     0.1807    33.8369    33.8352    8.11925         28 0.0000e+00
     87.000     86.081    -0.2056  28.028297    -0.2047  28.027953     8.8110     9.0800     7.8264    86.3586 1.0000e-12  -74.04875 -117.64460  46.861563      99.64 8.8194e+02    385.061       9242  1027.5927  1027.5915     4.0970     1.1117     0.1737    33.8369    33.8354    8.11929         28 0.0000e+00
     88.000     87.072    -0.2066  28.027926    -0.2056  28.027650     8.8102     9.0856     7.6887    85.4947 1.0000e-12  -74.04874 -117.64460  46.861577      99.52 8.8175e+02    386.232       9271  1027.5976  1027.5963     4.0562     1.3345     0.1829    33.8369    33.8354    8.11951         28 0.0000e+00
     89.000     88.060    -0.2067  28.028184    -0.2057  28.028085     8.8033     9.0947     8.2875    86.2523 1.0000e-12  -74.04876 -117.64460  46.861590      99.50 8.8150e+02    387.400       9299  1027.6023  1027.6012     4.0916     1.3926     0.1929    33.8368    33.8355    8.11954         28 0.0000e+00
     90.000     89.050    -0.2075  28.028027    -0.2065  28.027742     8.8005     9.0812     7.5693    85.9898 1.0000e-12  -74.04875 -117.64460  46.861604      99.53 8.8144e+02    388.574       9327  1027.6072  1027.6059     4.0795     1.3193     0.1898    33.8369    33.8353    8.11971         28 0.0000e+00
     91.000     90.039    -0.2089  28.027805    -0.2081  28.027496     8.7872     9.0628     7.4454    86.3348 1.0000e-12  -74.04875 -117.64460  46.861617      99.60 8.8144e+02    389.750       9355  1027.6126  1027.6114     4.0958     1.1677     0.1789    33.8375    33.8362    8.11997         29 0.0000e+00
     92.000     91.029    -0.2107  28.027241    -0.2095  28.027080     8.7393     9.0191     8.2014    86.1416 1.0000e-12  -74.04874 -117.64460  46.861631      99.64 8.8144e+02    390.923       9383  1027.6180  1027.6167     4.0867     1.0985     0.1752    33.8382    33.8366    8.12031         26 0.0000e+00
     93.000     92.016    -0.2128  28.026877    -0.2118  28.026635     8.6541     8.9406     8.1667    86.1962 1.0000e-12  -74.04874 -117.64460  46.861645      99.45 8.8225e+02    392.099       9411  1027.6240  1027.6227     4.0894     1.4661     0.1718    33.8394    33.8380    8.12070         28 0.0000e+00
     94.000     93.007    -0.2234  28.022099    -0.2223  28.022086     8.5939     8.8832     7.7129    85.9884 1.0000e-12  -74.04874 -117.64460  46.861658      99.43 8.8176e+02    393.267       9439  1027.6334  1027.6323     4.0793     1.5204     0.1877    33.8442    33.8430    8.12268         28 0.0000e+00
     95.000     93.995    -0.2392  28.013038    -0.2382  28.013005     8.5599     8.8438     9.5622    84.0909 1.0000e-12  -74.04874 -117.64460  46.861672      99.39 8.8156e+02    394.449       9468  1027.6432  1027.6422     3.9894     1.6025     0.1771    33.8491    33.8480    8.12577         29 0.0000e+00
     96.000     94.986    -0.2495  28.006678    -0.2485  28.006695     8.5366     8.8088     8.8286    86.4049 1.0000e-12  -74.04874 -117.64460  46.861686      99.52 8.8223e+02    395.659       9497  1027.6505  1027.6495     4.0991     1.8413     0.1747    33.8515    33.8503    8.12783         29 0.0000e+00
     97.000     95.973    -0.2584  28.000153    -0.2575  28.000816     8.5319     8.7978     8.9055    85.5556 1.0000e-12  -74.04874 -117.64460  46.861700      99.54 8.8277e+02    396.864       9526  1027.6563  1027.6562     4.0589     1.5559     0.2046    33.8520    33.8519    8.12970         29 0.0000e+00
     98.000     96.964    -0.2666  27.994316    -0.2655  27.995648     8.5169     8.7814     7.1803    85.6597 1.0000e-12  -74.04874 -117.64460  46.861713      99.38 8.8248e+02    398.042       9554  1027.6621  1027.6625     4.0641     1.7609     0.2008    33.8527    33.8533    8.13140         27 0.0000e+00
     99.000     97.953    -0.2749  27.990101    -0.2741  27.990029     8.4946     8.7629     8.6404    87.1157 1.0000e-12  -74.04874 -117.64460  46.861727      99.51 8.8163e+02    399.178       9581  1027.6698  1027.6690     4.1326     1.3360     0.1813    33.8558    33.8548    8.13301         27 0.0000e+00
    100.000     98.942    -0.2820  27.985751    -0.2814  27.985409     8.4808     8.7507     8.3499    86.8953 1.0000e-12  -74.04874 -117.64460  46.861739      99.57 8.8248e+02    400.289       9608  1027.6762  1027.6752     4.1224     1.2174     0.1708    33.8573    33.8561    8.13444         27 0.0000e+00
    101.000     99.931    -0.2920  27.979583    -0.2910  27.979371     8.4772     8.7458     7.8405    86.3359 1.0000e-12  -74.04874 -117.64460  46.861753      99.50 8.8195e+02    401.418       9635  1027.6833  1027.6822     4.0958     1.3697     0.1861    33.8595    33.8582    8.13644         28 0.0000e+00
    102.000    100.920    -0.2944  27.978407    -0.2936  27.978189     8.4814     8.7482     7.2345    84.0168 1.0000e-12  -74.04874 -117.64460  46.861767      99.41 8.8278e+02    402.627       9664  1027.6886  1027.6875     3.9859     1.5445     0.1811    33.8601    33.8588    8.13694         30 0.0000e+00
    103.000    101.909    -0.2947  27.978991    -0.2958  27.977425     8.4899     8.7497     6.8016    85.3606 1.0000e-12  -74.04874 -117.64460  46.861781      99.54 8.8253e+02    403.872       9694  1027.6935  1027.6929     4.0494     1.2835     0.1770    33.8605    33.8597    8.13697         29 0.0000e+00
    104.000    102.899    -0.2932  27.980671    -0.2922  27.980162     8.4730     8.7364     8.0085    85.0928 1.0000e-12  -74.04875 -117.64460  46.861795      99.55 8.8169e+02    405.051       9722  1027.6980  1027.6965     4.0372     1.2693     0.1721    33.8605    33.8587    8.13665         27 0.0000e+00
