ocean_section_plots/required_files/ctd/dnbp2202_ctd068.cnv
* Sea-Bird SBE 9 Data File:
* FileName = D:\Data\raw\NBP2202_CTD068.hex
* Software Version Seasave V 7.26.7.121
* Temperature SN = 1649
* Conductivity SN = 2513
* Number of Bytes Per Scan = 40
* Number of Voltage Words = 5
* Number of Scans Averaged by the Deck Unit = 1
* NMEA Latitude = 74 11.19 S
* NMEA Longitude = 112 12.84 W
* NMEA UTC (Time) = Jan 26 2022  00:25:24
* NMEA baud rate = 9600
** Ship: RVIB N.B. Palmer
** Cruise: NBP2202 Thwaites
** Station: 49
** Operator: A. Robinson
** N-S Transect Line
# nquan = 25
# nvalues = 911                         
# units = specified
# name 0 = prDM: Pressure, Digiquartz [db]
# name 1 = depSM: Depth [salt water, m]
# name 2 = t090C: Temperature [ITS-90, deg C]
# name 3 = c0mS/cm: Conductivity [mS/cm]
# name 4 = t190C: Temperature, 2 [ITS-90, deg C]
# name 5 = c1mS/cm: Conductivity, 2 [mS/cm]
# name 6 = sbeox0ML/L: Oxygen, SBE 43 [ml/l]
# name 7 = sbeox1ML/L: Oxygen, SBE 43, 2 [ml/l]
# name 8 = flECO-AFL: Fluorescence, WET Labs ECO-AFL/FL [mg/m^3]
# name 9 = CStarTr0: Beam Transmission, WET Labs C-Star [%]
# name 10 = par: PAR/Irradiance, Biospherical/Licor
# name 11 = latitude: Latitude [deg]
# name 12 = longitude: Longitude [deg]
# name 13 = timeJ: Julian Days
# name 14 = altM: Altimeter [m]
# name 15 = spar: SPAR, Biospherical/Licor
# name 16 = timeS: Time, Elapsed [seconds]
# name 17 = scan: Scan Count
# name 18 = density00: Density [density, kg/m^3]
# name 19 = density11: Density, 2 [density, kg/m^3]
# name 20 = sal00: Salinity, Practical [PSU]
# name 21 = sal11: Salinity, Practical, 2 [PSU]
# name 22 = oxsolML/L: Oxygen Saturation, Garcia & Gordon [ml/l]
# name 23 = nbin: number of scans per bin
# name 24 = flag: flag
# span 0 =      2.000,    912.000       
# span 1 =      1.963,    900.583       
# span 2 =    -1.7339,     0.5336       
# span 3 =  26.847188,  29.566182       
# span 4 =    -1.7336,     0.5355       
# span 5 =  26.847438,  29.566118       
# span 6 =     4.4094,     8.9581       
# span 7 =     4.7166,     9.2386       
# span 8 =    -0.0124,    30.1267       
# span 9 =    60.9934,    96.1596       
# span 10 = -4.303e-04, 2.9545e+02      
# span 11 =  -74.18665,  -74.18662      
# span 12 = -112.21410, -112.21402      
# span 13 =  26.020591,  26.034998      
# span 14 =       3.61,     128.59      
# span 15 = 7.2278e+02, 7.6987e+02      
# span 16 =    255.090,   1499.824      
# span 17 =       6123,      35997      
# span 18 =  1027.2124,  1032.0083      
# span 19 =  1027.2138,  1032.0063      
# span 20 =    33.8328,    34.5557      
# span 21 =    33.8330,    34.5533      
# span 22 =    7.92456,    8.45128      
# span 23 =          3,         46      
# span 24 = 0.0000e+00, 0.0000e+00      
# interval = decibars: 1                
# start_time = Jan 26 2022 00:25:24 [NMEA time, header]
# bad_flag = -9.990e-29
*END*
[from data line 696]
    698.000    689.616     0.3054  29.232349     0.3076  29.232380     4.6922     4.8975    -0.0006    96.0912 1.0000e-12  -74.18664 -112.21404  26.031528      99.84 7.4394e+02   1200.047      28802  1030.9790  1030.9768    34.4960    34.4935    7.97484         30 0.0000e+00
    699.000    690.600     0.3094  29.237043     0.3116  29.236884     4.6752     4.8982     0.0021    96.1003 1.0000e-12  -74.18664 -112.21404  26.031543      99.84 7.4382e+02   1201.295      28832  1030.9842  1030.9819    34.4971    34.4944    7.97395         29 0.0000e+00
    700.000    691.587     0.3115  29.239713     0.3140  29.240073     4.6756     4.8982     0.0030    96.0886 1.0000e-12  -74.18664 -112.21404  26.031556      81.54 7.4326e+02   1202.433      28859  1030.9892  1030.9872    34.4977    34.4954    7.97349         26 0.0000e+00
    701.000    692.574     0.3148  29.243571     0.3166  29.243149     4.6776     4.8910     0.0030    96.0934 1.0000e-12  -74.18664 -112.21404  26.031568      91.95 7.4306e+02   1203.506      28885  1030.9942  1030.9921    34.4984    34.4959    7.97275         26 0.0000e+00
    702.000    693.559     0.3198  29.249640     0.3237  29.250982     4.6709     4.8861    -0.0055    96.0988 1.0000e-12  -74.18664 -112.21404  26.031581      99.79 7.4289e+02   1204.619      28912  1030.9999  1030.9975    34.5002    34.4976    7.97162         27 0.0000e+00
    703.000    694.546     0.3378  29.269027     0.3371  29.265726     4.6641     4.8822    -0.0072    96.0953 1.0000e-12  -74.18664 -112.21404  26.031595      99.84 7.4240e+02   1205.828      28941  1031.0066  1031.0039    34.5049    34.5013    7.96763         30 0.0000e+00
    704.000    695.532     0.3392  29.270900     0.3405  29.269877     4.6604     4.8729     0.0046    96.0825 1.0000e-12  -74.18664 -112.21404  26.031609      99.83 7.4261e+02   1207.029      28970  1031.0116  1031.0092    34.5053    34.5024    7.96734         28 0.0000e+00
    705.000    696.518     0.3552  29.289032     0.3568  29.287631     4.6372     4.8705     0.0124    96.0876 1.0000e-12  -74.18664 -112.21404  26.031622      99.84 7.4237e+02   1208.152      28997  1031.0188  1031.0159    34.5105    34.5069    7.96373         26 0.0000e+00
    706.000    697.505     0.3665  29.300922     0.3682  29.300167     4.6728     4.8596     0.0034    96.0703 1.0000e-12  -74.18664 -112.21404  26.031635      99.84 7.4217e+02   1209.245      29023  1031.0245  1031.0220    34.5128    34.5100    7.96127         27 0.0000e+00
    707.000    698.490     0.3730  29.308517     0.3727  29.305300     4.6460     4.8575    -0.0009    96.0624 1.0000e-12  -74.18664 -112.21404  26.031648      99.83 7.4217e+02   1210.387      29050  1031.0304  1031.0274    34.5150    34.5111    7.95982         28 0.0000e+00
    708.000    699.477     0.3802  29.316109     0.3819  29.315448     4.6439     4.8666     0.0048    96.0852 1.0000e-12  -74.18664 -112.21404  26.031662      99.83 7.4217e+02   1211.556      29078  1031.0355  1031.0332    34.5162    34.5136    7.95825         28 0.0000e+00
    709.000    700.463     0.3803  29.316521     0.3816  29.315614     4.6232     4.8552     0.0069    96.0505 1.0000e-12  -74.18664 -112.21404  26.031675      99.84 7.4120e+02   1212.726      29106  1031.0403  1031.0381    34.5162    34.5135    7.95825         28 0.0000e+00
    710.000    701.451     0.3872  29.324529     0.3894  29.324164     4.6267     4.8475     0.0064    96.0659 1.0000e-12  -74.18664 -112.21404  26.031688      99.83 7.4129e+02   1213.885      29134  1031.0462  1031.0437    34.5184    34.5154    7.95671         28 0.0000e+00
    711.000    702.435     0.4004  29.338745     0.4015  29.337386     4.6001     4.8470    -0.0001    96.0645 1.0000e-12  -74.18664 -112.21404  26.031702      99.78 7.4054e+02   1215.040      29162  1031.0523  1031.0498    34.5216    34.5186    7.95380         27 0.0000e+00
    712.000    703.423     0.4034  29.341985     0.4052  29.341659     4.6621     4.8435     0.0069    96.0664 1.0000e-12  -74.18664 -112.21406  26.031715      85.35 7.4061e+02   1216.173      29189  1031.0571  1031.0549    34.5219    34.5195    7.95317         27 0.0000e+00
    713.000    704.409     0.4037  29.342826     0.4055  29.342386     4.6329     4.8437     0.0047    96.0492 1.0000e-12  -74.18664 -112.21404  26.031728      99.76 7.4041e+02   1217.289      29216  1031.0620  1031.0598    34.5221    34.5195    7.95309         27 0.0000e+00
    714.000    705.394     0.4040  29.343424     0.4054  29.342667     4.6434     4.8439    -0.0124    96.0427 1.0000e-12  -74.18664 -112.21405  26.031741      99.83 7.4041e+02   1218.435      29243  1031.0667  1031.0645    34.5220    34.5193    7.95304         29 0.0000e+00
    715.000    706.382     0.4032  29.343117     0.4052  29.342742     4.6267     4.8463     0.0056    96.0408 1.0000e-12  -74.18664 -112.21404  26.031755      99.83 7.4041e+02   1219.659      29273  1031.0715  1031.0692    34.5219    34.5192    7.95321         29 0.0000e+00
    716.000    707.366     0.4026  29.342665     0.4046  29.342340     4.6225     4.8446     0.0141    96.0337 1.0000e-12  -74.18664 -112.21404  26.031769      99.84 7.4041e+02   1220.871      29302  1031.0759  1031.0737    34.5213    34.5187    7.95335         28 0.0000e+00
    717.000    708.354     0.4032  29.343448     0.4049  29.343019     4.6221     4.8389     0.0053    96.0358 1.0000e-12  -74.18664 -112.21404  26.031782      99.83 7.4021e+02   1221.999      29329  1031.0805  1031.0784    34.5212    34.5187    7.95325         27 0.0000e+00
    718.000    709.341     0.4008  29.341372     0.4029  29.341360     4.6297     4.8439     0.0083    96.0283 1.0000e-12  -74.18664 -112.21404  26.031795      99.84 7.3934e+02   1223.085      29355  1031.0850  1031.0829    34.5206    34.5181    7.95378         26 0.0000e+00
    719.000    710.325     0.4021  29.343235     0.4044  29.343320     4.6189     4.8470     0.0023    96.0383 1.0000e-12  -74.18664 -112.21404  26.031808      99.84 7.3922e+02   1224.220      29382  1031.0900  1031.0878    34.5210    34.5185    7.95349         28 0.0000e+00
    720.000    711.313     0.4020  29.343502     0.4033  29.342587     4.6212     4.8432     0.0107    96.0416 1.0000e-12  -74.18664 -112.21404  26.031822      99.83 7.3865e+02   1225.409      29411  1031.0945  1031.0923    34.5208    34.5181    7.95350         29 0.0000e+00
    721.000    712.298     0.4015  29.343444     0.4034  29.343112     4.6169     4.8362     0.0101    96.0504 1.0000e-12  -74.18664 -112.21404  26.031836      99.83 7.3865e+02   1226.607      29440  1031.0993  1031.0972    34.5208    34.5182    7.95362         28 0.0000e+00
    722.000    713.285     0.4017  29.344110     0.4035  29.343702     4.6275     4.8447     0.0021    96.0409 1.0000e-12  -74.18664 -112.21404  26.031849      92.26 7.3865e+02   1227.738      29467  1031.1040  1031.1018    34.5208    34.5182    7.95357         26 0.0000e+00
    723.000    714.271     0.4023  29.345092     0.4040  29.344697     4.6241     4.8421     0.0042    96.0281 1.0000e-12  -74.18664 -112.21404  26.031862      79.63 7.3865e+02   1228.841      29493  1031.1088  1031.1067    34.5209    34.5184    7.95345         27 0.0000e+00
    724.000    715.258     0.4002  29.343146     0.4026  29.343527     4.6240     4.8441     0.0019    96.0178 1.0000e-12  -74.18664 -112.21404  26.031875      99.58 7.3865e+02   1229.988      29521  1031.1130  1031.1111    34.5201    34.5179    7.95392         29 0.0000e+00
    725.000    716.244     0.4000  29.343546     0.4022  29.343486     4.6079     4.8465     0.0049    96.0346 1.0000e-12  -74.18664 -112.21404  26.031889      99.84 7.3865e+02   1231.211      29550  1031.1179  1031.1157    34.5203    34.5177    7.95396         29 0.0000e+00
    726.000    717.229     0.4008  29.344652     0.4026  29.344385     4.6108     4.8460     0.0069    96.0359 1.0000e-12  -74.18664 -112.21406  26.031903      99.83 7.3865e+02   1232.383      29578  1031.1225  1031.1204    34.5202    34.5178    7.95379         27 0.0000e+00
    727.000    718.215     0.3995  29.343892     0.4012  29.343427     4.6160     4.8444     0.0066    95.9793 1.0000e-12  -74.18664 -112.21404  26.031915      99.84 7.3865e+02   1233.466      29604  1031.1272  1031.1251    34.5201    34.5176    7.95407         26 0.0000e+00
    728.000    719.203     0.4003  29.345185     0.4023  29.344910     4.6145     4.8458     0.0001    96.0258 1.0000e-12  -74.18664 -112.21406  26.031928      99.83 7.3865e+02   1234.551      29630  1031.1320  1031.1298    34.5203    34.5178    7.95389         27 0.0000e+00
    729.000    720.187     0.4022  29.347391     0.4027  29.345741     4.5963     4.8443    -0.0082    96.0374 1.0000e-12  -74.18664 -112.21406  26.031941      99.84 7.3865e+02   1235.719      29658  1031.1367  1031.1344    34.5205    34.5178    7.95349         28 0.0000e+00
    730.000    721.175     0.4026  29.348281     0.4041  29.347624     4.6289     4.8365    -0.0024    96.0238 1.0000e-12  -74.18664 -112.21406  26.031955      99.83 7.3865e+02   1236.927      29687  1031.1414  1031.1393    34.5207    34.5181    7.95340         29 0.0000e+00
    731.000    722.161     0.4129  29.359953     0.4103  29.354610     4.6070     4.8332    -0.0072    96.0397 1.0000e-12  -74.18664 -112.21406  26.031969      99.83 7.3773e+02   1238.088      29715  1031.1475  1031.1446    34.5238    34.5197    7.95109         27 0.0000e+00
    732.000    723.147     0.4104  29.357179     0.4134  29.357915     4.6018     4.8351     0.0058    96.0339 1.0000e-12  -74.18664 -112.21406  26.031982      99.84 7.3734e+02   1239.206      29742  1031.1515  1031.1493    34.5225    34.5200    7.95170         27 0.0000e+00
    733.000    724.133     0.4156  29.363269     0.4193  29.364832     4.5926     4.8273    -0.0003    96.0047 1.0000e-12  -74.18664 -112.21406  26.031995      83.40 7.3701e+02   1240.342      29769  1031.1568  1031.1548    34.5239    34.5219    7.95053         28 0.0000e+00
    734.000    725.119     0.4187  29.366868     0.4207  29.366609     4.6512     4.8306     0.0009    96.0186 1.0000e-12  -74.18664 -112.21406  26.032008      80.35 7.3695e+02   1241.497      29797  1031.1618  1031.1596    34.5247    34.5221    7.94986         27 0.0000e+00
    735.000    726.105     0.4195  29.367989     0.4214  29.367785     4.5855     4.8324     0.0070    96.0293 1.0000e-12  -74.18664 -112.21406  26.032021      99.14 7.3688e+02   1242.657      29825  1031.1665  1031.1644    34.5246    34.5223    7.94969         28 0.0000e+00
    736.000    727.092     0.4202  29.369320     0.4223  29.369124     4.5755     4.8263     0.0044    96.0408 1.0000e-12  -74.18664 -112.21406  26.032035      99.83 7.3688e+02   1243.835      29853  1031.1714  1031.1692    34.5250    34.5225    7.94953         29 0.0000e+00
    737.000    728.078     0.4234  29.373228     0.4262  29.373566     4.5772     4.8215    -0.0007    96.0265 1.0000e-12  -74.18664 -112.21406  26.032049      99.83 7.3688e+02   1245.051      29882  1031.1766  1031.1742    34.5260    34.5234    7.94882         29 0.0000e+00
    738.000    729.065     0.4282  29.378862     0.4305  29.378931     4.6055     4.8173     0.0030    96.0385 1.0000e-12  -74.18664 -112.21406  26.032063      99.84 7.3688e+02   1246.243      29911  1031.1820  1031.1798    34.5275    34.5250    7.94775         28 0.0000e+00
    739.000    730.049     0.4300  29.381490     0.4324  29.381414     4.6227     4.8175    -0.0057    96.0164 1.0000e-12  -74.18664 -112.21406  26.032076      99.83 7.3688e+02   1247.347      29937  1031.1871  1031.1847    34.5282    34.5255    7.94733         26 0.0000e+00
    740.000    731.036     0.4318  29.383739     0.4340  29.383504     4.6067     4.8224     0.0001    96.0114 1.0000e-12  -74.18664 -112.21406  26.032088      99.84 7.3661e+02   1248.424      29963  1031.1920  1031.1896    34.5286    34.5258    7.94694         26 0.0000e+00
    741.000    732.022     0.4322  29.384500     0.4342  29.384189     4.6111     4.8147     0.0141    96.0194 1.0000e-12  -74.18664 -112.21406  26.032102      99.83 7.3592e+02   1249.570      29991  1031.1967  1031.1944    34.5286    34.5260    7.94686         29 0.0000e+00
    742.000    733.008     0.4346  29.387449     0.4367  29.387316     4.5897     4.8127     0.0095    95.9902 1.0000e-12  -74.18664 -112.21406  26.032116      99.84 7.3597e+02   1250.790      30020  1031.2016  1031.1995    34.5292    34.5267    7.94633         29 0.0000e+00
    743.000    733.995     0.4366  29.390177     0.4379  29.389151     4.5857     4.8092     0.0066    96.0119 1.0000e-12  -74.18664 -112.21406  26.032130      99.83 7.3644e+02   1251.990      30049  1031.2067  1031.2044    34.5299    34.5271    7.94588         28 0.0000e+00
    744.000    734.980     0.4391  29.393443     0.4409  29.392769     4.5823     4.8063    -0.0056    96.0196 1.0000e-12  -74.18664 -112.21406  26.032143      99.84 7.3629e+02   1253.127      30076  1031.2119  1031.2095    34.5308    34.5280    7.94531         27 0.0000e+00
    745.000    735.967     0.4421  29.397039     0.4440  29.396589     4.5795     4.8099    -0.0018    96.0102 1.0000e-12  -74.18664 -112.21406  26.032156      79.52 7.3527e+02   1254.238      30103  1031.2169  1031.2146    34.5316    34.5289    7.94466         26 0.0000e+00
    746.000    736.952     0.4453  29.400803     0.4470  29.400109     4.5900     4.8003     0.0054    96.0062 1.0000e-12  -74.18664 -112.21406  26.032168      94.91 7.3512e+02   1255.349      30129  1031.2220  1031.2196    34.5324    34.5296    7.94396         27 0.0000e+00
    747.000    737.940     0.4488  29.404932     0.4509  29.404691     4.5870     4.8023     0.0069    96.0127 1.0000e-12  -74.18664 -112.21406  26.032181      99.83 7.3512e+02   1256.478      30156  1031.2271  1031.2247    34.5333    34.5306    7.94319         28 0.0000e+00
    748.000    738.925     0.4511  29.407618     0.4528  29.407114     4.5738     4.8004     0.0001    96.0035 1.0000e-12  -74.18664 -112.21406  26.032195      99.84 7.3512e+02   1257.662      30185  1031.2319  1031.2297    34.5337    34.5311    7.94270         29 0.0000e+00
    749.000    739.910     0.4528  29.410144     0.4554  29.410314     4.5655     4.7919     0.0059    95.9901 1.0000e-12  -74.18664 -112.21406  26.032209      99.83 7.3512e+02   1258.882      30214  1031.2371  1031.2347    34.5345    34.5318    7.94230         29 0.0000e+00
    750.000    740.897     0.4599  29.417884     0.4615  29.417253     4.5506     4.7932    -0.0009    95.9986 1.0000e-12  -74.18664 -112.21406  26.032223      99.83 7.3512e+02   1260.036      30242  1031.2424  1031.2402    34.5361    34.5335    7.94075         27 0.0000e+00
    751.000    741.883     0.4639  29.422818     0.4662  29.422682     4.5547     4.7864     0.0008    95.9796 1.0000e-12  -74.18664 -112.21406  26.032235      99.84 7.3512e+02   1261.127      30268  1031.2478  1031.2454    34.5375    34.5348    7.93986         25 0.0000e+00
    752.000    742.870     0.4654  29.424651     0.4672  29.424153     4.5769     4.7903     0.0132    95.9667 1.0000e-12  -74.18664 -112.21406  26.032248      99.84 7.3429e+02   1262.226      30294  1031.2525  1031.2503    34.5376    34.5350    7.93953         28 0.0000e+00
    753.000    743.855     0.4654  29.424963     0.4672  29.424495     4.5604     4.7872     0.0067    95.9837 1.0000e-12  -74.18664 -112.21406  26.032262      99.84 7.3409e+02   1263.401      30323  1031.2572  1031.2549    34.5375    34.5349    7.93955         29 0.0000e+00
    754.000    744.841     0.4660  29.425921     0.4679  29.425614     4.5574     4.7865     0.0044    95.9857 1.0000e-12  -74.18664 -112.21406  26.032276      99.83 7.3372e+02   1264.637      30352  1031.2619  1031.2597    34.5375    34.5350    7.93943         29 0.0000e+00
