ocean_section_plots/required_files/ctd/dnbp2202_ctd082.cnv
* Sea-Bird SBE 9 Data File:
* FileName = D:\Data\raw\NBP2202_CTD082.hex
* Software Version Seasave V 7.26.7.121
* Temperature SN = 1649
* Conductivity SN = 2513
* Number of Bytes Per Scan = 40
* Number of Voltage Words = 5
* Number of Scans Averaged by the Deck Unit = 1
* NMEA Latitude = 74 10.51 S
* NMEA Longitude = 113 20.67 W
* NMEA UTC (Time) = Jan 26 2022  18:05:57
* NMEA baud rate = 9600
** Ship: RVIB N.B. Palmer
** Cruise: NBP2202 Thwaites
** Station: YoYo001
** Operator: A. Robinson
# nquan = 25
# nvalues = 607                         
# units = specified
# name 0 = prDM: Pressure, Digiquartz [db]
# name 1 = depSM: Depth [salt water, m]
# name 2 = t090C: Temperature [ITS-90, deg C]
# name 3 = c0mS/cm: Conductivity [mS/cm]
# name 4 = t190C: Temperature, 2 [ITS-90, deg C]
# name 5 = c1mS/cm: Conductivity, 2 [mS/cm]
# name 6 = sbeox0ML/L: Oxygen, SBE 43 [ml/l]
# name 7 = sbeox1ML/L: Oxygen, SBE 43, 2 [ml/l]
# name 8 = flECO-AFL: Fluorescence, WET Labs ECO-AFL/FL [mg/m^3]
# name 9 = CStarTr0: Beam Transmission, WET Labs C-Star [%]
# name 10 = par: PAR/Irradiance, Biospherical/Licor
# name 11 = latitude: Latitude [deg]
# name 12 = longitude: Longitude [deg]
# name 13 = timeJ: Julian Days
# name 14 = altM: Altimeter [m]
# name 15 = spar: SPAR, Biospherical/Licor
# name 16 = timeS: Time, Elapsed [seconds]
# name 17 = scan: Scan Count
# name 18 = density00: Density [density, kg/m^3]
# name 19 = density11: Density, 2 [density, kg/m^3]
# name 20 = sal00: Salinity, Practical [PSU]
# name 21 = sal11: Salinity, Practical, 2 [PSU]
# name 22 = oxsolML/L: Oxygen Saturation, Garcia & Gordon [ml/l]
# name 23 = nbin: number of scans per bin
# name 24 = flag: flag
# span 0 =     10.000,    616.000       
# span 1 =      9.893,    608.728       
# span 2 =    -1.5755,     0.0813       
# span 3 =  26.951669,  28.914476       
# span 4 =    -1.5750,     0.0839       
# span 5 =  26.951507,  28.915005       
# span 6 =     4.6993,     8.6288       
# span 7 =     4.7820,     8.5272       
# span 8 =    -0.0225,    26.3556       
# span 9 =    70.0690,    95.7542       
# span 10 = -1.276e-05, 5.0333e+01      
# span 11 =  -74.17530,  -74.17528      
# span 12 = -113.34460, -113.34456      
# span 13 =  26.754552,  26.764194      
# span 14 =       4.54,      99.99      
# span 15 = 1.2851e+03, 1.5299e+03      
# span 16 =     36.288,    869.344      
# span 17 =        872,      20865      
# span 18 =  1027.2249,  1030.5160      
# span 19 =  1027.2234,  1030.5138      
# span 20 =    33.7930,    34.3775      
# span 21 =    33.7911,    34.3750      
# span 22 =    8.02812,    8.41302      
# span 23 =         15,         44      
# span 24 = 0.0000e+00, 0.0000e+00      
# interval = decibars: 1                
# start_time = Jan 26 2022 18:05:57 [NMEA time, header]
# bad_flag = -9.990e-29
*END*
[from data line 580]
    590.000    583.063     0.0494  28.870433     0.0508  28.869577     4.7156     4.8001    -0.0050    95.0522 1.0000e-12  -74.17528 -113.34460  26.762978      31.49 1.3292e+03    764.258      18343  1030.3890  1030.3867    34.3693    34.3665    8.03525         40 0.0000e+00
    591.000    584.050     0.0524  28.874260     0.0544  28.873929     4.7131     4.7924    -0.0091    95.0386 1.0000e-12  -74.17528 -113.34460  26.762998      30.49 1.3292e+03    766.047      18386  1030.3943  1030.3921    34.3704    34.3677    8.03455         39 0.0000e+00
    592.000    585.037     0.0533  28.875335     0.0556  28.875419     4.7093     4.7979    -0.0059    95.0307 1.0000e-12  -74.17528 -113.34460  26.763019      29.63 1.3311e+03    767.862      18430  1030.3989  1030.3968    34.3702    34.3677    8.03438         40 0.0000e+00
    593.000    586.023     0.0545  28.877043     0.0566  28.876930     4.7115     4.7947    -0.0075    95.0375 1.0000e-12  -74.17528 -113.34460  26.763040      28.58 1.3310e+03    769.643      18472  1030.4039  1030.4017    34.3706    34.3680    8.03411         42 0.0000e+00
    594.000    587.010     0.0553  28.878404     0.0573  28.878087     4.7100     4.7945    -0.0077    95.0491 1.0000e-12  -74.17528 -113.34460  26.763061      27.67 1.3310e+03    771.445      18516  1030.4088  1030.4066    34.3709    34.3682    8.03392         40 0.0000e+00
    595.000    587.998     0.0546  28.878281     0.0565  28.877972     4.7146     4.7975    -0.0058    95.0462 1.0000e-12  -74.17528 -113.34460  26.763082      26.50 1.3310e+03    773.258      18559  1030.4137  1030.4115    34.3709    34.3684    8.03407         43 0.0000e+00
    596.000    588.984     0.0534  28.878132     0.0555  28.878059     4.7175     4.7999    -0.0077    95.0722 1.0000e-12  -74.17528 -113.34460  26.763103      25.51 1.3310e+03    775.083      18603  1030.4189  1030.4168    34.3715    34.3690    8.03429         41 0.0000e+00
    597.000    589.972     0.0539  28.879156     0.0558  28.878808     4.7159     4.7961    -0.0092    95.0584 1.0000e-12  -74.17528 -113.34460  26.763125      24.62 1.3294e+03    776.976      18648  1030.4238  1030.4215    34.3717    34.3690    8.03418         38 0.0000e+00
    598.000    590.958     0.0533  28.879244     0.0555  28.879123     4.7153     4.7948    -0.0059    95.0586 1.0000e-12  -74.17528 -113.34460  26.763147      23.48 1.3277e+03    778.900      18695  1030.4287  1030.4265    34.3718    34.3693    8.03428         44 0.0000e+00
    599.000    591.946     0.0538  28.880092     0.0559  28.879859     4.7146     4.7977    -0.0052    95.0585 1.0000e-12  -74.17528 -113.34460  26.763171      22.42 1.3260e+03    780.962      18744  1030.4333  1030.4311    34.3718    34.3692    8.03418         41 0.0000e+00
    600.000    592.931     0.0545  28.881372     0.0566  28.881278     4.7180     4.7983    -0.0093    95.0386 1.0000e-12  -74.17528 -113.34460  26.763195      21.37 1.3258e+03    783.073      18795  1030.4382  1030.4361    34.3721    34.3697    8.03401         41 0.0000e+00
    601.000    593.918     0.0559  28.883298     0.0578  28.883047     4.7182     4.7983    -0.0013    95.0285 1.0000e-12  -74.17528 -113.34460  26.763220      20.37 1.3264e+03    785.174      18845  1030.4432  1030.4411    34.3726    34.3701    8.03370         40 0.0000e+00
    602.000    594.905     0.0568  28.884700     0.0589  28.884584     4.7166     4.7991    -0.0140    95.0445 1.0000e-12  -74.17528 -113.34460  26.763245      19.26 1.3283e+03    787.333      18897  1030.4480  1030.4459    34.3728    34.3703    8.03349         39 0.0000e+00
    603.000    595.891     0.0579  28.886336     0.0601  28.886223     4.7139     4.7976    -0.0132    95.0418 1.0000e-12  -74.17528 -113.34460  26.763271      18.19 1.3305e+03    789.649      18953  1030.4529  1030.4507    34.3731    34.3706    8.03324         36 0.0000e+00
    604.000    596.879     0.0612  28.889996     0.0641  28.890670     4.7104     4.7937    -0.0120    95.0187 1.0000e-12  -74.17528 -113.34460  26.763299      17.19 1.3322e+03    792.002      19009  1030.4578  1030.4556    34.3737    34.3713    8.03253         35 0.0000e+00
    605.000    597.866     0.0649  28.893786     0.0683  28.895209     4.7083     4.7879    -0.0091    95.0306 1.0000e-12  -74.17528 -113.34460  26.763325      16.19 1.3351e+03    794.287      19064  1030.4623  1030.4605    34.3739    34.3720    8.03173         37 0.0000e+00
    606.000    598.853     0.0647  28.894226     0.0678  28.895266     4.7127     4.7929    -0.0092    95.0616 1.0000e-12  -74.17528 -113.34460  26.763353      15.04 1.3372e+03    796.725      19122  1030.4673  1030.4654    34.3742    34.3721    8.03176         44 0.0000e+00
    607.000    599.836     0.0697  28.899539     0.0726  28.900337     4.7059     4.7924    -0.0119    95.0347 1.0000e-12  -74.17528 -113.34460  26.763382      14.07 1.3409e+03    799.226      19182  1030.4722  1030.4703    34.3750    34.3729    8.03067         37 0.0000e+00
    608.000    600.825     0.0742  28.904268     0.0752  28.903425     4.7029     4.7834    -0.0025    95.0534 1.0000e-12  -74.17528 -113.34459  26.763412      13.02 1.3441e+03    801.797      19244  1030.4771  1030.4753    34.3756    34.3735    8.02969         38 0.0000e+00
    609.000    601.811     0.0735  28.904546     0.0817  28.910099     4.7032     4.7873    -0.0120    95.0740 1.0000e-12  -74.17528 -113.34459  26.763460      11.94 1.3475e+03    805.916      19343  1030.4824  1030.4803    34.3762    34.3744    8.02980         34 0.0000e+00
    610.000    602.798     0.0804  28.911691     0.0822  28.911321     4.7041     4.7888    -0.0123    95.0715 1.0000e-12  -74.17528 -113.34459  26.763496      10.90 1.3500e+03    809.099      19419  1030.4874  1030.4854    34.3773    34.3748    8.02830         40 0.0000e+00
    611.000    603.787     0.0795  28.911283     0.0813  28.910852     4.7038     4.7846    -0.0097    95.0569 1.0000e-12  -74.17528 -113.34459  26.763532       9.89 1.3528e+03    812.202      19494  1030.4922  1030.4900    34.3773    34.3746    8.02850         35 0.0000e+00
    612.000    604.772     0.0797  28.911775     0.0808  28.910627     4.6993     4.7820    -0.0094    95.0679 1.0000e-12  -74.17528 -113.34459  26.763569       8.88 1.3570e+03    815.353      19569  1030.4968  1030.4946    34.3771    34.3743    8.02846         39 0.0000e+00
    613.000    605.759     0.0796  28.912146     0.0818  28.911993     4.6994     4.7860    -0.0041    95.0427 1.0000e-12  -74.17528 -113.34459  26.763606       7.83 1.3590e+03    818.561      19646  1030.5015  1030.4993    34.3770    34.3744    8.02848         39 0.0000e+00
    614.000    606.746     0.0813  28.914199     0.0839  28.914619     4.7037     4.7889    -0.0134    95.0830 1.0000e-12  -74.17528 -113.34459  26.763643       6.84 1.3613e+03    821.769      19723  1030.5064  1030.5042    34.3773    34.3749    8.02812         36 0.0000e+00
    615.000    607.733     0.0810  28.914476     0.0838  28.915005     4.7058     4.7860    -0.0115    95.0889 1.0000e-12  -74.17528 -113.34459  26.763680       5.86 1.3637e+03    824.962      19800  1030.5112  1030.5091    34.3775    34.3750    8.02818         33 0.0000e+00
    616.000    608.728     0.0797  28.913804     0.0817  28.913500     4.7040     4.7865    -0.0167    95.0750 1.0000e-12  -74.17528 -113.34460  26.764194       4.54 1.3520e+03    869.344      20865  1030.5160  1030.5138    34.3774    34.3748    8.02845         15 0.0000e+00
