ocean_section_plots/required_files/ctd/dnbp2202_ctd065.cnv
* Sea-Bird SBE 9 Data File:
* FileName = D:\Data\raw\NBP2202_CTD065.hex
* Software Version Seasave V 7.26.7.121
* Temperature SN = 1649
* Conductivity SN = 2513
* Number of Bytes Per Scan = 40
* Number of Voltage Words = 5
* Number of Scans Averaged by the Deck Unit = 1
* NMEA Latitude = 73 59.56 S
* NMEA Longitude = 112 04.00 W
* NMEA UTC (Time) = Jan 25 2022  15:41:01
* NMEA baud rate = 9600
** Ship: RVIB N.B. Palmer
** Cruise: NBP2202 Thwaites
** Station: 46
** Operator: A. Robinson
# nquan = 25
# nvalues = 708                         
# units = specified
# name 0 = prDM: Pressure, Digiquartz [db]
# name 1 = depSM: Depth [salt water, m]
# name 2 = t090C: Temperature [ITS-90, deg C]
# name 3 = c0mS/cm: Conductivity [mS/cm]
# name 4 = t190C: Temperature, 2 [ITS-90, deg C]
# name 5 = c1mS/cm: Conductivity, 2 [mS/cm]
# name 6 = sbeox0ML/L: Oxygen, SBE 43 [ml/l]
# name 7 = sbeox1ML/L: Oxygen, SBE 43, 2 [ml/l]
# name 8 = flECO-AFL: Fluorescence, WET Labs ECO-AFL/FL [mg/m^3]
# name 9 = CStarTr0: Beam Transmission, WET Labs C-Star [%]
# name 10 = par: PAR/Irradiance, Biospherical/Licor
# name 11 = latitude: Latitude [deg]
# name 12 = longitude: Longitude [deg]
# name 13 = timeJ: Julian Days
# name 14 = altM: Altimeter [m]
# name 15 = spar: SPAR, Biospherical/Licor
# name 16 = timeS: Time, Elapsed [seconds]
# name 17 = scan: Scan Count
# name 18 = density00: Density [density, kg/m^3]
# name 19 = density11: Density, 2 [density, kg/m^3]
# name 20 = sal00: Salinity, Practical [PSU]
# name 21 = sal11: Salinity, Practical, 2 [PSU]
# name 22 = oxsolML/L: Oxygen Saturation, Garcia & Gordon [ml/l]
# name 23 = nbin: number of scans per bin
# name 24 = flag: flag
# span 0 =      2.000,    709.000       
# span 1 =      1.982,    700.473       
# span 2 =    -1.5186,     0.5424       
# span 3 =  27.051844,  29.492693       
# span 4 =    -1.5182,     0.5444       
# span 5 =  27.051655,  29.492454       
# span 6 =     4.5653,     8.8550       
# span 7 =     4.7359,     9.1535       
# span 8 =    -0.0101,    28.9782       
# span 9 =    67.6873,    96.4195       
# span 10 = -6.316e-05, 2.1560e+02      
# span 11 =  -73.99266,  -73.99266      
# span 12 = -112.06672, -112.06666      
# span 13 =  25.656587,  25.668340      
# span 14 =       1.38,     100.49      
# span 15 = 6.3951e+02, 6.6900e+02      
# span 16 =    268.106,   1283.565      
# span 17 =       6436,      30807      
# span 18 =  1027.1966,  1031.0680      
# span 19 =  1027.1963,  1031.0658      
# span 20 =    33.8216,    34.5658      
# span 21 =    33.8211,    34.5632      
# span 22 =    7.92220,    8.39952      
# span 23 =         13,         48      
# span 24 = 0.0000e+00, 0.0000e+00      
# interval = decibars: 1                
# start_time = Jan 25 2022 15:41:01 [NMEA time, header]
# bad_flag = -9.990e-29
*END*
[from data line 406]
    408.000    403.383    -0.4094  28.333200    -0.4068  28.331383     5.1224     5.3234     0.0194    96.1846 1.0000e-12  -73.99266 -112.06666  25.663525      99.91 6.5327e+02    867.564      20823  1029.4824  1029.4779    34.2781    34.2727    8.13762         30 0.0000e+00
    409.000    404.372    -0.4340  28.311479    -0.4317  28.312294     5.1413     5.3453     0.0182    96.1800 1.0000e-12  -73.99266 -112.06666  25.663539      99.90 6.5258e+02    868.779      20852  1029.4881  1029.4869    34.2761    34.2747    8.14300         28 0.0000e+00
    410.000    405.359    -0.4466  28.302050    -0.4448  28.301547     5.1389     5.3505     0.0093    96.1690 1.0000e-12  -73.99266 -112.06666  25.663552      99.90 6.5139e+02    869.935      20879  1029.4951  1029.4928    34.2771    34.2744    8.14565         28 0.0000e+00
    411.000    406.346    -0.4464  28.303119    -0.4442  28.302697     5.1370     5.3539     0.0069    96.1656 1.0000e-12  -73.99266 -112.06666  25.663566      99.90 6.4992e+02    871.082      20907  1029.5005  1029.4979    34.2777    34.2747    8.14557         27 0.0000e+00
    412.000    407.334    -0.4384  28.310822    -0.4362  28.310492     5.1458     5.3577     0.0047    96.1598 1.0000e-12  -73.99266 -112.06666  25.663579      99.90 6.5117e+02    872.249      20935  1029.5054  1029.5029    34.2784    34.2755    8.14382         29 0.0000e+00
    413.000    408.322    -0.4255  28.323573    -0.4229  28.323653     5.1133     5.3310     0.0047    96.1295 1.0000e-12  -73.99266 -112.06666  25.663593      99.90 6.5166e+02    873.462      20964  1029.5108  1029.5084    34.2803    34.2776    8.14094         29 0.0000e+00
    414.000    409.309    -0.4185  28.332911    -0.4157  28.331273     5.0527     5.2727     0.0176    96.1216 1.0000e-12  -73.99266 -112.06666  25.663607      89.90 6.5020e+02    874.669      20993  1029.5183  1029.5139    34.2843    34.2790    8.13921         29 0.0000e+00
    415.000    410.297    -0.3484  28.396946    -0.3463  28.396119     4.9756     5.1930     0.0156    96.0796 1.0000e-12  -73.99266 -112.06667  25.663621      87.10 6.5068e+02    875.833      21021  1029.5223  1029.5195    34.2904    34.2871    8.12386         28 0.0000e+00
    416.000    411.285    -0.3023  28.442341    -0.2956  28.442758     4.9288     5.1418     0.0141    96.0861 1.0000e-12  -73.99266 -112.06667  25.663634      99.34 6.5206e+02    877.002      21049  1029.5301  1029.5239    34.2986    34.2916    8.11357         28 0.0000e+00
    417.000    412.272    -0.2390  28.499191    -0.2383  28.496967     4.9177     5.1220     0.0043    96.1111 1.0000e-12  -73.99266 -112.06668  25.663648      99.90 6.5013e+02    878.187      21077  1029.5333  1029.5303    34.3027    34.2989    8.09987         28 0.0000e+00
    418.000    413.260    -0.2326  28.505755    -0.2309  28.504911     4.9341     5.1270     0.0189    96.1134 1.0000e-12  -73.99266 -112.06666  25.663662      99.90 6.5390e+02    879.393      21106  1029.5390  1029.5365    34.3036    34.3006    8.09846         30 0.0000e+00
    419.000    414.248    -0.2335  28.505969    -0.2313  28.505365     4.9784     5.1727     0.0148    96.1047 1.0000e-12  -73.99266 -112.06667  25.663676      99.90 6.5470e+02    880.625      21136  1029.5451  1029.5422    34.3044    34.3010    8.09861         29 0.0000e+00
    420.000    415.235    -0.2582  28.483758    -0.2563  28.484611     5.0093     5.2072     0.0193    96.1139 1.0000e-12  -73.99266 -112.06667  25.663690      99.90 6.5229e+02    881.831      21165  1029.5505  1029.5496    34.3018    34.3009    8.10399         28 0.0000e+00
    421.000    416.224    -0.2895  28.457469    -0.2900  28.455244     4.9996     5.2053     0.0143    96.1009 1.0000e-12  -73.99266 -112.06667  25.663704      99.90 6.5378e+02    882.982      21193  1029.5579  1029.5560    34.3014    34.2990    8.11068         28 0.0000e+00
    422.000    417.209    -0.2780  28.469394    -0.2770  28.467258     4.9752     5.1754     0.0135    96.0654 1.0000e-12  -73.99266 -112.06668  25.663717      99.90 6.5504e+02    884.146      21221  1029.5638  1029.5605    34.3039    34.2998    8.10811         29 0.0000e+00
    423.000    418.199    -0.2443  28.500841    -0.2487  28.494059     4.9381     5.1406     0.0170    96.0674 1.0000e-12  -73.99266 -112.06666  25.663731      99.90 6.5410e+02    885.364      21250  1029.5685  1029.5656    34.3072    34.3031    8.10073         29 0.0000e+00
    424.000    419.186    -0.2178  28.525303    -0.2148  28.524655     4.9088     5.1022     0.0173    96.1030 1.0000e-12  -73.99266 -112.06666  25.663745      99.91 6.5531e+02    886.586      21279  1029.5731  1029.5694    34.3095    34.3052    8.09499         29 0.0000e+00
    425.000    420.173    -0.2011  28.541467    -0.1978  28.541638     4.9114     5.1076     0.0141    96.0827 1.0000e-12  -73.99266 -112.06666  25.663759      99.90 6.5698e+02    887.765      21307  1029.5784  1029.5753    34.3116    34.3081    8.09131         28 0.0000e+00
    426.000    421.162    -0.1960  28.546557    -0.1937  28.546161     4.9017     5.1045     0.0182    96.0846 1.0000e-12  -73.99266 -112.06666  25.663772      82.55 6.5321e+02    888.898      21335  1029.5834  1029.5808    34.3121    34.3090    8.09021         26 0.0000e+00
    427.000    422.148    -0.2048  28.539880    -0.2035  28.538868     4.8944     5.0874     0.0101    96.1111 1.0000e-12  -73.99266 -112.06666  25.663785      95.17 6.5529e+02    890.023      21362  1029.5896  1029.5872    34.3125    34.3096    8.09206         28 0.0000e+00
    428.000    423.138    -0.1722  28.572413    -0.1638  28.576297     4.8834     5.0641     0.0112    96.0802 1.0000e-12  -73.99266 -112.06666  25.663799      99.87 6.5635e+02    891.241      21391  1029.5966  1029.5924    34.3185    34.3143    8.08481         31 0.0000e+00
    429.000    424.123    -0.1602  28.584088    -0.1583  28.583459     4.9125     5.0955     0.0201    96.0765 1.0000e-12  -73.99266 -112.06666  25.663814      99.90 6.5374e+02    892.519      21421  1029.6018  1029.5993    34.3199    34.3170    8.08217         30 0.0000e+00
    430.000    425.111    -0.1603  28.584882    -0.1606  28.583243     4.9436     5.1322     0.0140    96.0961 1.0000e-12  -73.99266 -112.06666  25.663827      99.90 6.5530e+02    893.670      21449  1029.6073  1029.6059    34.3205    34.3187    8.08217         25 0.0000e+00
    431.000    426.100    -0.2237  28.529430    -0.2239  28.528256     4.9387     5.1300     0.0205    96.0955 1.0000e-12  -73.99266 -112.06666  25.663840      99.90 6.5491e+02    894.737      21475  1029.6154  1029.6143    34.3174    34.3161    8.09579         26 0.0000e+00
    432.000    427.086    -0.2140  28.541479    -0.2094  28.542392     4.8888     5.0843     0.0130    96.0878 1.0000e-12  -73.99266 -112.06666  25.663853      99.90 6.5305e+02    895.878      21502  1029.6228  1029.6193    34.3219    34.3180    8.09347         29 0.0000e+00
    433.000    428.075    -0.1589  28.593263    -0.1443  28.601539     4.8117     5.0149     0.0094    96.0420 1.0000e-12  -73.99266 -112.06666  25.663867      99.90 6.5503e+02    897.151      21533  1029.6279  1029.6223    34.3283    34.3229    8.08143         32 0.0000e+00
    434.000    429.061    -0.0825  28.663752    -0.0796  28.661942     4.7720     4.9778     0.0189    96.1061 1.0000e-12  -73.99266 -112.06666  25.663882      99.90 6.5617e+02    898.427      21563  1029.6319  1029.6272    34.3355    34.3299    8.06488         29 0.0000e+00
    435.000    430.050    -0.0414  28.701228    -0.0388  28.700560     4.7640     4.9617     0.0106    96.1093 1.0000e-12  -73.99266 -112.06666  25.663896      99.90 6.5526e+02    899.602      21591  1029.6360  1029.6328    34.3386    34.3348    8.05605         27 0.0000e+00
    436.000    431.037    -0.0344  28.708246    -0.0322  28.707654     4.7660     4.9578     0.0069    96.1037 1.0000e-12  -73.99266 -112.06666  25.663909      85.34 6.5656e+02    900.739      21619  1029.6413  1029.6386    34.3394    34.3362    8.05453         28 0.0000e+00
    437.000    432.024    -0.0314  28.712007    -0.0293  28.711149     4.7658     4.9564     0.0069    96.0964 1.0000e-12  -73.99266 -112.06666  25.663922      83.19 6.5630e+02    901.892      21646  1029.6470  1029.6442    34.3404    34.3370    8.05383         28 0.0000e+00
    438.000    433.013    -0.0300  28.713748    -0.0280  28.713069     4.7693     4.9546     0.0069    96.1110 1.0000e-12  -73.99266 -112.06666  25.663936      99.83 6.5665e+02    903.092      21675  1029.6522  1029.6496    34.3405    34.3374    8.05353         29 0.0000e+00
    439.000    434.000    -0.0294  28.714852    -0.0272  28.714305     4.7685     4.9597     0.0056    96.1265 1.0000e-12  -73.99266 -112.06666  25.663951      99.90 6.5655e+02    904.336      21705  1029.6575  1029.6548    34.3408    34.3375    8.05340         30 0.0000e+00
    440.000    434.987    -0.0256  28.719513    -0.0236  28.718691     4.7710     4.9541     0.0064    96.0911 1.0000e-12  -73.99266 -112.06666  25.663965      99.90 6.5635e+02    905.543      21734  1029.6633  1029.6605    34.3421    34.3388    8.05252         28 0.0000e+00
    441.000    435.975    -0.0212  28.724761    -0.0191  28.724184     4.7754     4.9598     0.0191    96.0641 1.0000e-12  -73.99266 -112.06666  25.663978      99.91 6.5738e+02    906.676      21761  1029.6690  1029.6664    34.3435    34.3405    8.05151         26 0.0000e+00
    442.000    436.963    -0.0211  28.725305    -0.0193  28.724663     4.7761     4.9623     0.0153    96.0470 1.0000e-12  -73.99266 -112.06667  25.663990      99.90 6.5544e+02    907.766      21787  1029.6741  1029.6716    34.3436    34.3407    8.05150         27 0.0000e+00
    443.000    437.950    -0.0216  28.725361    -0.0197  28.724740     4.7751     4.9680     0.0069    96.0559 1.0000e-12  -73.99266 -112.06667  25.664004      99.90 6.5640e+02    908.919      21815  1029.6791  1029.6766    34.3436    34.3406    8.05161         29 0.0000e+00
    444.000    438.938    -0.0214  28.726704    -0.0193  28.726133     4.7790     4.9707     0.0069    96.0171 1.0000e-12  -73.99266 -112.06667  25.664019      99.91 6.5717e+02    910.211      21846  1029.6848  1029.6821    34.3446    34.3414    8.05151         31 0.0000e+00
    445.000    439.925    -0.0224  28.726778    -0.0202  28.726468     4.7969     4.9744     0.0069    96.0207 1.0000e-12  -73.99266 -112.06667  25.664034      99.90 6.5603e+02    911.522      21878  1029.6903  1029.6877    34.3452    34.3422    8.05168         30 0.0000e+00
    446.000    440.913    -0.0374  28.714081    -0.0364  28.713348     4.8027     4.9850     0.0063    96.0400 1.0000e-12  -73.99266 -112.06667  25.664047      99.90 6.5681e+02    912.684      21905  1029.6959  1029.6943    34.3446    34.3425    8.05487         26 0.0000e+00
    447.000    441.900    -0.0477  28.706745    -0.0459  28.705988     4.7992     4.9865     0.0022    96.0302 1.0000e-12  -73.99266 -112.06666  25.664060      74.58 6.5795e+02    913.764      21931  1029.7026  1029.7001    34.3458    34.3428    8.05696         26 0.0000e+00
    448.000    442.889    -0.0440  28.710721    -0.0420  28.710095     4.7973     4.9872     0.0076    96.0249 1.0000e-12  -73.99266 -112.06666  25.664073      85.00 6.5577e+02    914.893      21958  1029.7074  1029.7049    34.3463    34.3433    8.05615         29 0.0000e+00
    449.000    443.875    -0.0405  28.714607    -0.0380  28.714184     4.7877     4.9782     0.0125    95.9553 1.0000e-12  -73.99266 -112.06666  25.664087      96.36 6.5614e+02    916.133      21988  1029.7123  1029.7096    34.3469    34.3436    8.05538         30 0.0000e+00
    450.000    444.864    -0.0314  28.723589    -0.0293  28.722973     4.7864     4.9706     0.0058    96.0215 1.0000e-12  -73.99266 -112.06666  25.664102      99.94 6.5835e+02    917.412      22019  1029.7172  1029.7145    34.3481    34.3449    8.05341         30 0.0000e+00
    451.000    445.850    -0.0242  28.730821    -0.0222  28.730171     4.7828     4.9665     0.0122    96.0177 1.0000e-12  -73.99266 -112.06666  25.664116      99.90 6.5695e+02    918.595      22047  1029.7220  1029.7195    34.3489    34.3459    8.05184         27 0.0000e+00
    452.000    446.837    -0.0209  28.734445    -0.0191  28.733713     4.7844     4.9711     0.0143    96.0342 1.0000e-12  -73.99266 -112.06666  25.664129      99.90 6.5670e+02    919.726      22074  1029.7269  1029.7244    34.3494    34.3465    8.05112         27 0.0000e+00
    453.000    447.826    -0.0214  28.734360    -0.0197  28.733835     4.7931     4.9780     0.0143    96.0451 1.0000e-12  -73.99266 -112.06666  25.664142      99.89 6.5809e+02    920.884      22102  1029.7317  1029.7295    34.3493    34.3467    8.05123         28 0.0000e+00
    454.000    448.814    -0.0272  28.729905    -0.0253  28.729501     4.7964     4.9800     0.0207    96.0508 1.0000e-12  -73.99266 -112.06666  25.664156      99.91 6.5481e+02    922.080      22131  1029.7370  1029.7347    34.3493    34.3467    8.05245         30 0.0000e+00
    455.000    449.800    -0.0406  28.718580    -0.0390  28.718318     4.8053     4.9929     0.0143    96.0073 1.0000e-12  -73.99266 -112.06666  25.664170      99.90 6.5566e+02    923.267      22159  1029.7426  1029.7408    34.3488    34.3467    8.05531         28 0.0000e+00
    456.000    450.787    -0.0395  28.721401    -0.0375  28.720824     4.8193     5.0111     0.0133    96.0683 1.0000e-12  -73.99266 -112.06668  25.664183      99.90 6.5635e+02    924.429      22187  1029.7487  1029.7461    34.3507    34.3477    8.05496         28 0.0000e+00
    457.000    451.776    -0.0454  28.716603    -0.0436  28.716432     4.8102     4.9991     0.0080    96.0606 1.0000e-12  -73.99266 -112.06667  25.664197      99.90 6.5306e+02    925.593      22215  1029.7537  1029.7518    34.3504    34.3481    8.05623         28 0.0000e+00
    458.000    452.762    -0.0501  28.714633    -0.0501  28.711776     4.7863     4.9729     0.0196    96.0559 1.0000e-12  -73.99266 -112.06668  25.664211      80.18 6.5457e+02    926.788      22244  1029.7604  1029.7575    34.3524    34.3487    8.05710         29 0.0000e+00
    459.000    453.751    -0.0049  28.757681    -0.0035  28.755675     4.7660     4.9601     0.0114    96.0853 1.0000e-12  -73.99266 -112.06668  25.664224      84.31 6.5491e+02    927.980      22273  1029.7656  1029.7621    34.3582    34.3539    8.04727         28 0.0000e+00
    460.000    454.737     0.0051  28.766982     0.0066  28.766097     4.7604     4.9581     0.0090    96.1017 1.0000e-12  -73.99266 -112.06666  25.664238      99.52 6.5316e+02    929.136      22300  1029.7699  1029.7676    34.3586    34.3558    8.04513         28 0.0000e+00
    461.000    455.725     0.0079  28.770211     0.0090  28.768519     4.7587     4.9524     0.0104    96.0512 1.0000e-12  -73.99266 -112.06668  25.664251      99.89 6.5299e+02    930.269      22327  1029.7749  1029.7722    34.3591    34.3558    8.04451         27 0.0000e+00
    462.000    456.713     0.0107  28.773156     0.0116  28.771553     4.7558     4.9478     0.0059    96.0930 1.0000e-12  -73.99266 -112.06666  25.664264      99.89 6.5209e+02    931.422      22355  1029.7797  1029.7772    34.3594    34.3563    8.04392         28 0.0000e+00
    463.000    457.699     0.0145  28.777799     0.0172  28.777962     4.7567     4.9504     0.0064    96.0932 1.0000e-12  -73.99266 -112.06667  25.664278      99.90 6.5095e+02    932.607      22384  1029.7853  1029.7828    34.3606    34.3579    8.04305         29 0.0000e+00
    464.000    458.688     0.0188  28.782595     0.0208  28.782123     4.7595     4.9450     0.0114    96.0510 1.0000e-12  -73.99266 -112.06667  25.664292      99.89 6.5297e+02    933.819      22413  1029.7905  1029.7880    34.3616    34.3587    8.04209         29 0.0000e+00
