ocean_section_plots/required_files/ctd/dnbp2202_ctd285.cnv
* Sea-Bird SBE 9 Data File:
* FileName = D:\Data\raw\NBP2202_CTD285.hex
* Software Version Seasave V 7.26.7.121
* Temperature SN = 1649
* Conductivity SN = 2513
* Number of Bytes Per Scan = 40
* Number of Voltage Words = 5
* Number of Scans Averaged by the Deck Unit = 1
* NMEA Latitude = 74 08.43 S
* NMEA Longitude = 115 15.95 W
* NMEA UTC (Time) = Feb 22 2022  11:45:23
* NMEA baud rate = 9600
** Ship: RVIB N.B. Palmer
** Cruise: NBP2202 Thwaites
** Station: 187
** Operator: B. Bjork
# nquan = 28
# nvalues = 842                         
# units = specified
# name 0 = prDM: Pressure, Digiquartz [db]
# name 1 = depSM: Depth [salt water, m]
# name 2 = t090C: Temperature [ITS-90, deg C]
# name 3 = c0mS/cm: Conductivity [mS/cm]
# name 4 = t190C: Temperature, 2 [ITS-90, deg C]
# name 5 = c1mS/cm: Conductivity, 2 [mS/cm]
# name 6 = sbeox0ML/L: Oxygen, SBE 43 [ml/l]
# name 7 = sbeox1ML/L: Oxygen, SBE 43, 2 [ml/l]
# name 8 = flECO-AFL: Fluorescence, WET Labs ECO-AFL/FL [mg/m^3]
# name 9 = CStarTr0: Beam Transmission, WET Labs C-Star [%]
# name 10 = par: PAR/Irradiance, Biospherical/Licor
# name 11 = latitude: Latitude [deg]
# name 12 = longitude: Longitude [deg]
# name 13 = timeJ: Julian Days
# name 14 = altM: Altimeter [m]
# name 15 = spar: SPAR, Biospherical/Licor
# name 16 = timeS: Time, Elapsed [seconds]
# name 17 = scan: Scan Count
# name 18 = density00: Density [density, kg/m^3]
# name 19 = density11: Density, 2 [density, kg/m^3]
# name 20 = v3: Voltage 3
# name 21 = v4: Voltage 4
# name 22 = v5: Voltage 5
# name 23 = sal00: Salinity, Practical [PSU]
# name 24 = sal11: Salinity, Practical, 2 [PSU]
# name 25 = oxsolML/L: Oxygen Saturation, Garcia & Gordon [ml/l]
# name 26 = nbin: number of scans per bin
# name 27 = flag: flag
# span 0 =      2.000,    843.000       
# span 1 =      1.983,    832.584       
# span 2 =    -1.8289,     0.5035       
# span 3 =  26.965446,  29.508461       
# span 4 =    -1.8282,     0.5062       
# span 5 =  26.965780,  29.509010       
# span 6 =     4.5352,     9.0639       
# span 7 =     4.6363,     9.3692       
# span 8 =     0.1980,     8.6482       
# span 9 =    87.4263,    97.8962       
# span 10 = -4.886e-05, 1.5397e+01      
# span 11 =  -74.14058,  -74.14056      
# span 12 = -115.26587, -115.26580      
# span 13 =  53.492742,  53.504794      
# span 14 =       2.57,      99.95      
# span 15 = 4.0538e+01, 5.6195e+01      
# span 16 =    249.945,   1291.226      
# span 17 =       6000,      30990      
# span 18 =  1027.1753,  1031.6870      
# span 19 =  1027.1775,  1031.6851      
# span 20 =     4.1476,     4.6440      
# span 21 =     0.1038,     2.0457      
# span 22 =     0.1086,     0.2256      
# span 23 =    33.8071,    34.5529      
# span 24 =    33.8088,    34.5506      
# span 25 =    7.93087,    8.46263      
# span 26 =         15,         46      
# span 27 = 0.0000e+00, 0.0000e+00      
# interval = decibars: 1                
# start_time = Feb 22 2022 11:45:23 [NMEA time, header]
# bad_flag = -9.990e-29
*END*
[from data line 156]
    158.000    156.307    -1.0113  27.454764    -1.0132  27.454084     7.0585     7.2929     3.6214    91.2871 1.0000e-12  -74.14056 -115.26582  53.495232      99.82 4.8988e+01    465.054      11162  1028.0431  1028.0442     4.3305     0.5753     0.1468    33.9229    33.9241    8.28910         24 0.0000e+00
    159.000    157.294    -1.0272  27.443101    -1.0274  27.443359     7.0514     7.2807     2.9494    91.4196 1.0000e-12  -74.14056 -115.26582  53.495244      99.79 5.1156e+01    466.078      11187  1028.0495  1028.0500     4.3370     0.6524     0.1581    33.9244    33.9250    8.29253         24 0.0000e+00
    160.000    158.283    -1.0354  27.437712    -1.0349  27.438325     7.0315     7.2640     3.2005    91.5505 1.0000e-12  -74.14056 -115.26582  53.495255      99.81 4.9054e+01    467.069      11211  1028.0553  1028.0554     4.3431     0.6193     0.1506    33.9257    33.9259    8.29426         24 0.0000e+00
    161.000    159.273    -1.0376  27.436744    -1.0378  27.436858     7.0313     7.2487     3.1276    91.5680 1.0000e-12  -74.14056 -115.26582  53.495267      99.75 4.9659e+01    468.069      11235  1028.0602  1028.0605     4.3440     0.7886     0.1543    33.9262    33.9266    8.29472         24 0.0000e+00
    162.000    160.260    -1.0513  27.427401    -1.0510  27.427962     7.0317     7.2409     3.4357    91.3651 1.0000e-12  -74.14056 -115.26584  53.495279      99.79 5.0142e+01    469.095      11259  1028.0670  1028.0673     4.3340     0.6850     0.1552    33.9283    33.9288    8.29762         25 0.0000e+00
    163.000    161.249    -1.0566  27.425623    -1.0562  27.426278     7.0262     7.2416     3.2818    90.1793 1.0000e-12  -74.14056 -115.26584  53.495291      96.24 5.0022e+01    470.105      11284  1028.0741  1028.0744     4.2785     0.5571     0.1524    33.9313    33.9317    8.29863         24 0.0000e+00
    164.000    162.241    -1.0754  27.412014    -1.0749  27.412773     7.0224     7.2336     2.9631    91.1320 1.0000e-12  -74.14056 -115.26584  53.495302      93.82 4.9512e+01    471.097      11307  1028.0814  1028.0817     4.3233     0.7133     0.1488    33.9333    33.9337    8.30267         24 0.0000e+00
    165.000    163.227    -1.0818  27.407851    -1.0812  27.408473     7.0231     7.2245     2.8429    92.1091 1.0000e-12  -74.14056 -115.26584  53.495314      99.78 4.9502e+01    472.115      11332  1028.0869  1028.0871     4.3696     0.4961     0.1469    33.9342    33.9344    8.30402         25 0.0000e+00
    166.000    164.215    -1.0824  27.408289    -1.0819  27.408866     7.0095     7.2068     2.4963    91.7185 1.0000e-12  -74.14056 -115.26584  53.495326      99.80 5.0023e+01    473.148      11357  1028.0919  1028.0920     4.3511     0.6241     0.1463    33.9349    33.9351    8.30413         24 0.0000e+00
    167.000    165.206    -1.0885  27.403940    -1.0884  27.404404     6.9881     7.1957     2.3795    91.8024 1.0000e-12  -74.14056 -115.26584  53.495338      99.84 4.8650e+01    474.171      11381  1028.0971  1028.0974     4.3551     0.4715     0.1497    33.9353    33.9358    8.30546         25 0.0000e+00
    168.000    166.193    -1.1006  27.394742    -1.1003  27.395304     6.9678     7.1733     2.8480    92.0362 1.0000e-12  -74.14056 -115.26584  53.495349      99.86 4.9946e+01    475.185      11405  1028.1027  1028.1030     4.3661     0.3726     0.1609    33.9357    33.9362    8.30811         24 0.0000e+00
    169.000    167.183    -1.1199  27.379202    -1.1202  27.379746     6.9436     7.1555     3.0347    92.1042 1.0000e-12  -74.14058 -115.26584  53.495361      99.86 5.0554e+01    476.199      11430  1028.1085  1028.1094     4.3694     0.4118     0.1486    33.9357    33.9368    8.31239         25 0.0000e+00
    170.000    168.172    -1.1467  27.358885    -1.1468  27.359386     6.9283     7.1458     2.5561    92.7832 1.0000e-12  -74.14056 -115.26584  53.495373      99.85 4.8210e+01    477.229      11455  1028.1162  1028.1169     4.4016     0.4598     0.1479    33.9376    33.9384    8.31823         25 0.0000e+00
    171.000    169.162    -1.1649  27.345015    -1.1648  27.345668     6.9135     7.1243     5.1071    91.7224 1.0000e-12  -74.14058 -115.26584  53.495385      99.84 5.1094e+01    478.281      11480  1028.1226  1028.1233     4.3518     0.5122     0.1546    33.9386    33.9394    8.32221         25 0.0000e+00
    172.000    170.148    -1.1867  27.328190    -1.1865  27.328845     6.9206     7.1127     2.8387    92.4370 1.0000e-12  -74.14058 -115.26584  53.495397      99.81 5.0757e+01    479.313      11505  1028.1293  1028.1298     4.3846     0.6025     0.1532    33.9396    33.9403    8.32700         24 0.0000e+00
    173.000    171.139    -1.1870  27.329718    -1.1864  27.330192     6.9013     7.0981     2.3304    93.1980 1.0000e-12  -74.14058 -115.26584  53.495409      99.79 4.8732e+01    480.299      11528  1028.1352  1028.1351     4.4213     0.6769     0.1507    33.9415    33.9414    8.32697         23 0.0000e+00
    174.000    172.127    -1.1920  27.325980    -1.1919  27.326614     6.8651     7.0793     2.9380    93.3217 1.0000e-12  -74.14058 -115.26584  53.495420      99.86 4.9965e+01    481.284      11552  1028.1398  1028.1404     4.4271     0.4216     0.1487    33.9413    33.9421    8.32807         24 0.0000e+00
    175.000    173.114    -1.2299  27.295131    -1.2307  27.295623     6.8538     7.0614     2.2704    93.7649 1.0000e-12  -74.14058 -115.26584  53.495431      99.83 4.8400e+01    482.275      11576  1028.1468  1028.1481     4.4482     0.5242     0.2060    33.9414    33.9429    8.33651         24 0.0000e+00
    176.000    174.105    -1.2482  27.281959    -1.2478  27.282646     6.8496     7.0524     1.8875    93.3249 1.0000e-12  -74.14058 -115.26584  53.495443      99.84 4.7671e+01    483.272      11600  1028.1540  1028.1544     4.4272     0.5312     0.1547    33.9435    33.9440    8.34048         24 0.0000e+00
    177.000    175.093    -1.2550  27.277214    -1.2549  27.277739     6.8400     7.0445     1.9013    91.1648 1.0000e-12  -74.14058 -115.26584  53.495454      99.84 5.0827e+01    484.270      11623  1028.1593  1028.1598     4.3252     0.4871     0.1495    33.9440    33.9446    8.34196         24 0.0000e+00
    178.000    176.083    -1.2609  27.274179    -1.2607  27.274755     6.8424     7.0312     2.0533    92.4333 1.0000e-12  -74.14058 -115.26584  53.495466      99.86 5.0166e+01    485.275      11648  1028.1656  1028.1661     4.3847     0.4081     0.1487    33.9459    33.9465    8.34317         24 0.0000e+00
    179.000    177.071    -1.2730  27.265621    -1.2727  27.266212     6.8366     7.0300     2.5607    92.2839 1.0000e-12  -74.14058 -115.26584  53.495478      99.85 4.8132e+01    486.261      11671  1028.1719  1028.1723     4.3779     0.4349     0.1473    33.9473    33.9478    8.34579         24 0.0000e+00
    180.000    178.060    -1.2836  27.258427    -1.2834  27.259149     6.8241     7.0225     2.4968    92.2089 1.0000e-12  -74.14058 -115.26584  53.495489      99.86 5.0847e+01    487.251      11695  1028.1783  1028.1789     4.3744     0.3794     0.1426    33.9489    33.9496    8.34808         24 0.0000e+00
    181.000    179.048    -1.3015  27.245903    -1.3012  27.246686     6.7986     7.0063     1.8662    93.0946 1.0000e-12  -74.14058 -115.26584  53.495501      99.86 5.1120e+01    488.254      11719  1028.1859  1028.1865     4.4164     0.3973     0.1570    33.9513    33.9520    8.35192         24 0.0000e+00
    182.000    180.038    -1.3144  27.236984    -1.3140  27.237673     6.7833     6.9949     2.2793    92.9748 1.0000e-12  -74.14058 -115.26584  53.495512      99.86 5.1124e+01    489.250      11743  1028.1925  1028.1930     4.4107     0.3920     0.1632    33.9530    33.9536    8.35470         23 0.0000e+00
    183.000    181.026    -1.3204  27.234237    -1.3200  27.234849     6.7921     6.9938     1.9249    92.7568 1.0000e-12  -74.14058 -115.26584  53.495524      99.86 5.1124e+01    490.243      11767  1028.1994  1028.1996     4.4004     0.4218     0.1572    33.9555    33.9558    8.35592         24 0.0000e+00
    184.000    182.015    -1.3222  27.233825    -1.3218  27.234174     6.8020     6.9966     1.9455    92.5109 1.0000e-12  -74.14058 -115.26584  53.495535      99.80 5.1124e+01    491.247      11791  1028.2046  1028.2046     4.3887     0.6446     0.1565    33.9563    33.9564    8.35626         24 0.0000e+00
    185.000    183.004    -1.3238  27.233070    -1.3236  27.233577     6.8190     7.0189     2.1518    91.7090 1.0000e-12  -74.14058 -115.26584  53.495547      99.85 5.0522e+01    492.253      11815  1028.2093  1028.2097     4.3507     0.4696     0.1557    33.9565    33.9570    8.35661         24 0.0000e+00
    186.000    183.993    -1.3348  27.225591    -1.3348  27.226176     6.8496     7.0327     2.5992    92.6934 1.0000e-12  -74.14058 -115.26584  53.495559      99.87 4.9845e+01    493.265      11839  1028.2159  1028.2165     4.3973     0.3474     0.1546    33.9581    33.9588    8.35898         25 0.0000e+00
    187.000    184.980    -1.3462  27.217939    -1.3461  27.218407     6.8490     7.0334     2.1436    93.9170 1.0000e-12  -74.14058 -115.26584  53.495570      99.87 5.1117e+01    494.286      11864  1028.2225  1028.2230     4.4550     0.3818     0.1428    33.9598    33.9604    8.36142         25 0.0000e+00
    188.000    185.970    -1.3531  27.213744    -1.3529  27.214176     6.8486     7.0283     1.5196    93.6549 1.0000e-12  -74.14058 -115.26584  53.495582      99.83 5.1124e+01    495.308      11888  1028.2287  1028.2290     4.4432     0.5402     0.1543    33.9613    33.9617    8.36289         24 0.0000e+00
    189.000    186.959    -1.3554  27.213030    -1.3550  27.213527     6.8442     7.0246     1.7560    93.7280 1.0000e-12  -74.14058 -115.26584  53.495594      91.43 4.9499e+01    496.318      11913  1028.2342  1028.2343     4.4464     0.4124     0.1595    33.9623    33.9625    8.36334         24 0.0000e+00
    190.000    187.947    -1.3593  27.210839    -1.3589  27.211419     6.8269     7.0113     2.3218    93.2260 1.0000e-12  -74.14058 -115.26582  53.495606      96.75 5.1285e+01    497.345      11937  1028.2396  1028.2399     4.4226     0.4940     0.1556    33.9632    33.9634    8.36418         25 0.0000e+00
    191.000    188.936    -1.3613  27.210119    -1.3610  27.210617     6.7997     6.9887     2.2346    93.0965 1.0000e-12  -74.14058 -115.26582  53.495618      99.81 5.0704e+01    498.368      11962  1028.2448  1028.2451     4.4164     0.3963     0.1523    33.9637    33.9641    8.36458         25 0.0000e+00
    192.000    189.926    -1.3644  27.209142    -1.3640  27.209627     6.7591     6.9565     1.9381    93.1552 1.0000e-12  -74.14058 -115.26582  53.495629      99.83 4.9512e+01    499.377      11986  1028.2509  1028.2510     4.4192     0.5325     0.1470    33.9653    33.9655    8.36518         23 0.0000e+00
    193.000    190.913    -1.3675  27.208155    -1.3673  27.208508     6.7296     6.9327     1.8901    93.0696 1.0000e-12  -74.14058 -115.26582  53.495641      99.85 5.1554e+01    500.379      12010  1028.2570  1028.2572     4.4152     0.4242     0.1492    33.9669    33.9672    8.36579         25 0.0000e+00
    194.000    191.903    -1.3770  27.202807    -1.3770  27.203096     6.7148     6.9138     1.7476    93.3758 1.0000e-12  -74.14058 -115.26582  53.495653      99.86 5.1564e+01    501.382      12034  1028.2645  1028.2648     4.4297     0.3789     0.1493    33.9697    33.9701    8.36775         24 0.0000e+00
    195.000    192.891    -1.3883  27.195716    -1.3884  27.196033     6.7182     6.9097     1.8602    93.7565 1.0000e-12  -74.14058 -115.26582  53.495664      99.86 4.9755e+01    502.381      12058  1028.2719  1028.2723     4.4477     0.3867     0.1449    33.9722    33.9727    8.37015         24 0.0000e+00
    196.000    193.881    -1.3943  27.191944    -1.3939  27.192481     6.7416     6.9177     2.5925    93.8314 1.0000e-12  -74.14058 -115.26582  53.495676      99.87 5.1629e+01    503.391      12082  1028.2776  1028.2779     4.4513     0.3638     0.1432    33.9732    33.9735    8.37144         24 0.0000e+00
    197.000    194.867    -1.4012  27.187063    -1.4013  27.187574     6.7446     6.9299     1.9132    93.9113 1.0000e-12  -74.14058 -115.26582  53.495688      99.86 5.1477e+01    504.415      12107  1028.2831  1028.2838     4.4548     0.3728     0.1440    33.9737    33.9745    8.37296         25 0.0000e+00
    198.000    195.857    -1.4208  27.173224    -1.4205  27.174135     6.7553     6.9339     1.6387    93.2635 1.0000e-12  -74.14058 -115.26582  53.495699      99.88 5.1274e+01    505.420      12131  1028.2910  1028.2918     4.4246     0.3331     0.1410    33.9762    33.9772    8.37720         24 0.0000e+00
    199.000    196.846    -1.4235  27.172002    -1.4231  27.172540     6.7417     6.9362     1.9997    93.3745 1.0000e-12  -74.14058 -115.26582  53.495711      99.87 5.2434e+01    506.428      12155  1028.2964  1028.2967     4.4296     0.3668     0.1455    33.9771    33.9774    8.37777         24 0.0000e+00
    200.000    197.834    -1.4253  27.171422    -1.4250  27.171735     6.7263     6.9230     1.7121    93.6431 1.0000e-12  -74.14058 -115.26582  53.495723      99.87 5.2077e+01    507.442      12180  1028.3016  1028.3016     4.4423     0.3220     0.1423    33.9776    33.9777    8.37813         24 0.0000e+00
    201.000    198.824    -1.4264  27.172140    -1.4260  27.172666     6.6970     6.8946     1.7967    93.2025 1.0000e-12  -74.14058 -115.26582  53.495734      99.26 5.0646e+01    508.447      12204  1028.3076  1028.3078     4.4215     0.4417     0.1517    33.9793    33.9795    8.37829         25 0.0000e+00
    202.000    199.813    -1.4279  27.172895    -1.4273  27.173424     6.6670     6.8650     2.1175    93.9680 1.0000e-12  -74.14058 -115.26582  53.495746      89.21 5.0970e+01    509.458      12228  1028.3140  1028.3141     4.4575     0.3987     0.1514    33.9814    33.9815    8.37850         24 0.0000e+00
    203.000    200.800    -1.4230  27.179188    -1.4225  27.179587     6.6611     6.8508     2.1282    93.7901 1.0000e-12  -74.14058 -115.26582  53.495758      95.32 5.0843e+01    510.488      12253  1028.3204  1028.3203     4.4496     0.4695     0.1419    33.9839    33.9839    8.37725         25 0.0000e+00
    204.000    201.790    -1.4235  27.179849    -1.4233  27.180133     6.6848     6.8641     2.3466    94.2377 1.0000e-12  -74.14058 -115.26582  53.495770      99.83 5.0612e+01    511.512      12277  1028.3258  1028.3259     4.4706     0.3703     0.1655    33.9848    33.9849    8.37732         24 0.0000e+00
    205.000    202.778    -1.4272  27.177643    -1.4270  27.178168     6.7294     6.9129     2.2129    94.0356 1.0000e-12  -74.14058 -115.26582  53.495782      99.85 5.1051e+01    512.521      12302  1028.3311  1028.3315     4.4610     0.4449     0.1448    33.9853    33.9857    8.37811         24 0.0000e+00
    206.000    203.766    -1.4410  27.166488    -1.4409  27.167066     6.7660     6.9503     2.0001    94.4065 1.0000e-12  -74.14058 -115.26582  53.495793      99.85 5.2241e+01    513.535      12326  1028.3364  1028.3370     4.4786     0.4405     0.1374    33.9849    33.9856    8.38122         24 0.0000e+00
    207.000    204.756    -1.4574  27.153639    -1.4573  27.154135     6.7820     6.9624     2.2064    94.2909 1.0000e-12  -74.14058 -115.26582  53.495805      99.85 5.1472e+01    514.547      12350  1028.3424  1028.3429     4.4725     0.4263     0.1413    33.9853    33.9859    8.38490         25 0.0000e+00
    208.000    205.745    -1.4679  27.146376    -1.4676  27.147032     6.7659     6.9481     2.4620    92.3181 1.0000e-12  -74.14058 -115.26582  53.495816      99.86 5.0814e+01    515.547      12374  1028.3488  1028.3492     4.3801     0.3946     0.1388    33.9867    33.9872    8.38720         23 0.0000e+00
