ocean_section_plots/required_files/ctd/dnbp2202_ctd069.cnv
* Sea-Bird SBE 9 Data File:
* FileName = D:\Data\raw\NBP2202_CTD069.hex
* Software Version Seasave V 7.26.7.121
* Temperature SN = 1649
* Conductivity SN = 2513
* Number of Bytes Per Scan = 40
* Number of Voltage Words = 5
* Number of Scans Averaged by the Deck Unit = 1
* NMEA Latitude = 74 12.18 S
* NMEA Longitude = 112 12.79 W
* NMEA UTC (Time) = Jan 26 2022  01:37:02
* NMEA baud rate = 9600
** Ship: RVIB N.B. Palmer
** Cruise: NBP2202 Thwaites
** Station: 50
** Operator: A. Robinson
** N-S Transect Line
# nquan = 25
# nvalues = 996                         
# units = specified
# name 0 = prDM: Pressure, Digiquartz [db]
# name 1 = depSM: Depth [salt water, m]
# name 2 = t090C: Temperature [ITS-90, deg C]
# name 3 = c0mS/cm: Conductivity [mS/cm]
# name 4 = t190C: Temperature, 2 [ITS-90, deg C]
# name 5 = c1mS/cm: Conductivity, 2 [mS/cm]
# name 6 = sbeox0ML/L: Oxygen, SBE 43 [ml/l]
# name 7 = sbeox1ML/L: Oxygen, SBE 43, 2 [ml/l]
# name 8 = flECO-AFL: Fluorescence, WET Labs ECO-AFL/FL [mg/m^3]
# name 9 = CStarTr0: Beam Transmission, WET Labs C-Star [%]
# name 10 = par: PAR/Irradiance, Biospherical/Licor
# name 11 = latitude: Latitude [deg]
# name 12 = longitude: Longitude [deg]
# name 13 = timeJ: Julian Days
# name 14 = altM: Altimeter [m]
# name 15 = spar: SPAR, Biospherical/Licor
# name 16 = timeS: Time, Elapsed [seconds]
# name 17 = scan: Scan Count
# name 18 = density00: Density [density, kg/m^3]
# name 19 = density11: Density, 2 [density, kg/m^3]
# name 20 = sal00: Salinity, Practical [PSU]
# name 21 = sal11: Salinity, Practical, 2 [PSU]
# name 22 = oxsolML/L: Oxygen Saturation, Garcia & Gordon [ml/l]
# name 23 = nbin: number of scans per bin
# name 24 = flag: flag
# span 0 =      2.000,    997.000       
# span 1 =      1.982,    984.318       
# span 2 =    -1.4989,     0.5734       
# span 3 =  27.143968,  29.645496       
# span 4 =    -1.4984,     0.5753       
# span 5 =  27.143345,  29.645417       
# span 6 =     4.5497,     8.4124       
# span 7 =     4.6837,     8.7480       
# span 8 =    -0.0153,    27.2199       
# span 9 =    66.6345,    95.6767       
# span 10 = -4.300e-06, 2.8873e+02      
# span 11 =  -74.20302,  -74.20302      
# span 12 = -112.21342, -112.21328      
# span 13 =  26.069909,  26.084657      
# span 14 =       2.68,      99.99      
# span 15 = 4.8209e+02, 6.2416e+02      
# span 16 =    218.131,   1492.349      
# span 17 =       5236,      35817      
# span 18 =  1027.2049,  1032.4100      
# span 19 =  1027.2052,  1032.4079      
# span 20 =    33.8162,    34.5676      
# span 21 =    33.8161,    34.5652      
# span 22 =    7.91576,    8.39214      
# span 23 =         18,         49      
# span 24 = 0.0000e+00, 0.0000e+00      
# interval = decibars: 1                
# start_time = Jan 26 2022 01:37:02 [NMEA time, header]
# bad_flag = -9.990e-29
*END*
[from data line 174]
    176.000    174.104    -1.3879  27.189897    -1.3873  27.189500     6.1723     6.4058     0.7015    93.9186 1.0000e-12  -74.20302 -112.21332  26.073323      99.78 5.7413e+02    513.090      12315  1028.1820  1028.1810    33.9756    33.9743    8.36986         30 0.0000e+00
    177.000    175.093    -1.3887  27.190403    -1.3885  27.190056     6.2149     6.4245     0.5982    93.7651 1.0000e-12  -74.20302 -112.21332  26.073337      99.83 5.7373e+02    514.326      12345  1028.1877  1028.1871    33.9765    33.9758    8.36997         29 0.0000e+00
    178.000    176.081    -1.3955  27.188252    -1.3957  27.187553     6.2024     6.4252     0.6049    93.7845 1.0000e-12  -74.20302 -112.21332  26.073351      99.83 5.7440e+02    515.541      12374  1028.1962  1028.1956    33.9807    33.9799    8.37126         29 0.0000e+00
    179.000    177.070    -1.3996  27.186811    -1.3990  27.186401     6.2184     6.4270     0.6636    93.7070 1.0000e-12  -74.20302 -112.21332  26.073365      99.83 5.7253e+02    516.741      12403  1028.2029  1028.2019    33.9827    33.9815    8.37205         29 0.0000e+00
    180.000    178.060    -1.3987  27.187772    -1.3979  27.187625     6.2130     6.4346     0.7575    94.0028 1.0000e-12  -74.20302 -112.21332  26.073379      99.83 5.7136e+02    517.969      12432  1028.2073  1028.2064    33.9824    33.9813    8.37187         30 0.0000e+00
    181.000    179.047    -1.3994  27.187917    -1.3989  27.187460     6.2149     6.4310     0.7323    94.0282 1.0000e-12  -74.20302 -112.21332  26.073394      99.83 5.7174e+02    519.244      12463  1028.2125  1028.2115    33.9828    33.9816    8.37201         31 0.0000e+00
    182.000    180.038    -1.4000  27.188071    -1.3993  27.187745     6.2243     6.4333     0.8038    93.7622 1.0000e-12  -74.20302 -112.21332  26.073409      99.83 5.7135e+02    520.522      12494  1028.2175  1028.2164    33.9831    33.9818    8.37213         30 0.0000e+00
    183.000    181.024    -1.4003  27.188331    -1.3996  27.187905     6.2147     6.4449     0.6650    93.8730 1.0000e-12  -74.20302 -112.21332  26.073423      99.83 5.7088e+02    521.760      12523  1028.2223  1028.2212    33.9831    33.9818    8.37219         30 0.0000e+00
    184.000    182.015    -1.4008  27.188308    -1.4007  27.187679     6.2195     6.4406     0.7665    93.7830 1.0000e-12  -74.20302 -112.21332  26.073438      99.83 5.7105e+02    523.021      12554  1028.2271  1028.2263    33.9831    33.9821    8.37231         31 0.0000e+00
    185.000    183.002    -1.4043  27.187088    -1.4037  27.186698     6.2209     6.4384     0.7442    93.8927 1.0000e-12  -74.20302 -112.21332  26.073453      99.83 5.7021e+02    524.322      12585  1028.2334  1028.2324    33.9847    33.9835    8.37300         31 0.0000e+00
    186.000    183.992    -1.4052  27.187089    -1.4049  27.186523     6.2285     6.4387     0.8191    93.6863 1.0000e-12  -74.20302 -112.21332  26.073467      98.57 5.6942e+02    525.587      12615  1028.2385  1028.2376    33.9851    33.9840    8.37317         30 0.0000e+00
    187.000    184.982    -1.4056  27.187894    -1.4049  27.187561     6.2197     6.4400     0.7534    93.7359 1.0000e-12  -74.20302 -112.21332  26.073482      99.81 5.6941e+02    526.817      12645  1028.2441  1028.2430    33.9861    33.9848    8.37321         29 0.0000e+00
    188.000    185.969    -1.4047  27.189715    -1.4040  27.189354     6.2015     6.4290     0.7447    93.8999 1.0000e-12  -74.20302 -112.21332  26.073496      99.83 5.6941e+02    528.057      12674  1028.2495  1028.2484    33.9869    33.9857    8.37295         30 0.0000e+00
    189.000    186.958    -1.4039  27.191107    -1.4033  27.190461     6.1937     6.4144     0.8532    93.9237 1.0000e-12  -74.20302 -112.21332  26.073511      99.83 5.6941e+02    529.308      12704  1028.2545  1028.2532    33.9873    33.9857    8.37275         30 0.0000e+00
    190.000    187.947    -1.4010  27.194678    -1.4003  27.194312     6.1698     6.3996     0.8714    94.0146 1.0000e-12  -74.20302 -112.21332  26.073525      99.83 5.6898e+02    530.543      12734  1028.2600  1028.2588    33.9883    33.9870    8.37205         29 0.0000e+00
    191.000    188.934    -1.3977  27.199282    -1.3968  27.198935     6.1548     6.3804     0.7712    93.5597 1.0000e-12  -74.20302 -112.21332  26.073539      99.82 5.6882e+02    531.780      12764  1028.2661  1028.2648    33.9903    33.9887    8.37118         30 0.0000e+00
    192.000    189.925    -1.3953  27.202552    -1.3946  27.202104     6.1366     6.3543     0.6060    93.7058 1.0000e-12  -74.20302 -112.21332  26.073554      99.83 5.6867e+02    533.040      12794  1028.2717  1028.2705    33.9914    33.9899    8.37057         31 0.0000e+00
    193.000    190.913    -1.3909  27.209559    -1.3901  27.209454     6.1160     6.3524     0.6138    93.9777 1.0000e-12  -74.20302 -112.21332  26.073568      99.83 5.6838e+02    534.298      12824  1028.2795  1028.2785    33.9954    33.9943    8.36934         29 0.0000e+00
    194.000    191.903    -1.3924  27.210775    -1.3918  27.210396     6.1463     6.3567     0.4545    93.9148 1.0000e-12  -74.20302 -112.21332  26.073582      99.83 5.6770e+02    535.528      12854  1028.2866  1028.2856    33.9981    33.9969    8.36952         30 0.0000e+00
    195.000    192.890    -1.3993  27.206526    -1.3988  27.206033     6.1370     6.3644     0.3915    94.0751 1.0000e-12  -74.20302 -112.21332  26.073597      79.76 5.6742e+02    536.766      12883  1028.2930  1028.2920    33.9995    33.9983    8.37099         30 0.0000e+00
    196.000    193.880    -1.4005  27.206097    -1.3998  27.205625     6.1397     6.3693     0.2981    94.0165 1.0000e-12  -74.20302 -112.21332  26.073612      99.08 5.6696e+02    538.044      12914  1028.2980  1028.2969    33.9997    33.9983    8.37125         31 0.0000e+00
    197.000    194.867    -1.4026  27.204843    -1.4018  27.204609     6.1508     6.3704     0.2045    94.3239 1.0000e-12  -74.20302 -112.21332  26.073627      99.84 5.6816e+02    539.336      12945  1028.3030  1028.3019    33.9998    33.9986    8.37172         31 0.0000e+00
    198.000    195.857    -1.4046  27.203721    -1.4039  27.203390     6.1627     6.3756     0.1501    94.3664 1.0000e-12  -74.20302 -112.21332  26.073641      99.84 5.6740e+02    540.590      12975  1028.3079  1028.3069    33.9998    33.9986    8.37216         29 0.0000e+00
    199.000    196.846    -1.4065  27.202508    -1.4062  27.202102     6.1639     6.3778     0.2247    94.4819 1.0000e-12  -74.20302 -112.21332  26.073655      99.83 5.6625e+02    541.804      13004  1028.3127  1028.3119    33.9998    33.9988    8.37260         29 0.0000e+00
    200.000    197.834    -1.4100  27.200585    -1.4095  27.200189     6.1736     6.3903     0.2311    94.4603 1.0000e-12  -74.20302 -112.21332  26.073669      99.84 5.6588e+02    543.015      13033  1028.3183  1028.3174    34.0005    33.9993    8.37335         30 0.0000e+00
    201.000    198.822    -1.4125  27.199264    -1.4120  27.198726     6.1639     6.3937     0.1599    94.6309 1.0000e-12  -74.20302 -112.21332  26.073683      99.84 5.6588e+02    544.226      13062  1028.3235  1028.3224    34.0008    33.9995    8.37388         29 0.0000e+00
    202.000    199.812    -1.4140  27.199282    -1.4133  27.198758     6.1722     6.3860     0.1643    94.6480 1.0000e-12  -74.20302 -112.21332  26.073697      99.84 5.6565e+02    545.459      13092  1028.3293  1028.3280    34.0019    34.0004    8.37415         30 0.0000e+00
    203.000    200.800    -1.4138  27.200770    -1.4131  27.200327     6.1700     6.3848     0.2844    94.5413 1.0000e-12  -74.20302 -112.21332  26.073712      99.84 5.6582e+02    546.705      13122  1028.3349  1028.3338    34.0031    34.0017    8.37403         30 0.0000e+00
    204.000    201.788    -1.4135  27.202256    -1.4129  27.201917     6.1721     6.3927     0.3193    94.6970 1.0000e-12  -74.20302 -112.21332  26.073726      99.84 5.6430e+02    547.963      13152  1028.3406  1028.3396    34.0043    34.0030    8.37391         29 0.0000e+00
    205.000    202.778    -1.4147  27.202696    -1.4140  27.202190     6.1743     6.3901     0.3019    94.7979 1.0000e-12  -74.20302 -112.21332  26.073741      99.83 5.6377e+02    549.192      13182  1028.3465  1028.3452    34.0055    34.0040    8.37408         30 0.0000e+00
    206.000    203.767    -1.4152  27.202861    -1.4144  27.202508     6.1986     6.4124     0.1914    94.8206 1.0000e-12  -74.20302 -112.21332  26.073755      93.15 5.6526e+02    550.408      13211  1028.3514  1028.3503    34.0057    34.0043    8.37419         29 0.0000e+00
    207.000    204.755    -1.4165  27.202225    -1.4159  27.201824     6.2364     6.4486     0.1552    94.8217 1.0000e-12  -74.20302 -112.21332  26.073769      98.84 5.6497e+02    551.635      13240  1028.3563  1028.3552    34.0057    34.0045    8.37448         29 0.0000e+00
    208.000    205.743    -1.4429  27.180353    -1.4428  27.180351     6.2627     6.4799     0.3522    94.8301 1.0000e-12  -74.20302 -112.21332  26.073783      99.84 5.6413e+02    552.846      13269  1028.3621  1028.3621    34.0050    34.0049    8.38046         30 0.0000e+00
    209.000    206.732    -1.4557  27.170366    -1.4550  27.170170     6.2919     6.5102     0.1768    94.8605 1.0000e-12  -74.20302 -112.21332  26.073797      99.84 5.6349e+02    554.079      13299  1028.3678  1028.3669    34.0052    34.0041    8.38334         30 0.0000e+00
    210.000    207.722    -1.4696  27.158909    -1.4697  27.158466     6.3013     6.5167     0.1368    94.8105 1.0000e-12  -74.20302 -112.21332  26.073812      99.84 5.6303e+02    555.324      13329  1028.3728  1028.3725    34.0046    34.0041    8.38651         29 0.0000e+00
    211.000    208.710    -1.4764  27.154108    -1.4763  27.153385     6.2967     6.5110     0.1606    94.8207 1.0000e-12  -74.20302 -112.21332  26.073826      99.84 5.6267e+02    556.533      13358  1028.3783  1028.3773    34.0051    34.0039    8.38801         29 0.0000e+00
    212.000    209.697    -1.4716  27.158492    -1.4714  27.157737     6.2926     6.5082     0.1397    94.7449 1.0000e-12  -74.20302 -112.21332  26.073840      99.83 5.6351e+02    557.742      13387  1028.3824  1028.3814    34.0050    34.0037    8.38692         29 0.0000e+00
    213.000    210.687    -1.4714  27.159203    -1.4724  27.157538     6.3060     6.5217     0.1157    94.8774 1.0000e-12  -74.20302 -112.21332  26.073854      99.84 5.6307e+02    558.971      13416  1028.3872  1028.3864    34.0051    34.0040    8.38687         30 0.0000e+00
    214.000    211.675    -1.4802  27.152373    -1.4807  27.151320     6.3271     6.5366     0.1494    94.8715 1.0000e-12  -74.20302 -112.21332  26.073868      99.84 5.6226e+02    560.207      13446  1028.3924  1028.3917    34.0051    34.0042    8.38886         30 0.0000e+00
    215.000    212.665    -1.4862  27.147905    -1.4830  27.149828     6.3259     6.5517     0.1574    94.9996 1.0000e-12  -74.20302 -112.21332  26.073882      99.84 5.6200e+02    561.445      13476  1028.3975  1028.3966    34.0052    34.0042    8.39021         29 0.0000e+00
    216.000    213.652    -1.4905  27.144932    -1.4911  27.143626     6.3279     6.5549     0.1268    95.0316 1.0000e-12  -74.20302 -112.21332  26.073897      99.84 5.6294e+02    562.677      13505  1028.4025  1028.4017    34.0053    34.0042    8.39117         30 0.0000e+00
    217.000    214.642    -1.4923  27.144130    -1.4920  27.143545     6.3327     6.5583     0.1376    95.0804 1.0000e-12  -74.20302 -112.21332  26.073911      93.11 5.6156e+02    563.881      13534  1028.4076  1028.4066    34.0056    34.0045    8.39155         28 0.0000e+00
    218.000    215.629    -1.4932  27.143968    -1.4929  27.143345     6.3345     6.5560     0.1675    95.0783 1.0000e-12  -74.20302 -112.21332  26.073925      99.82 5.6072e+02    565.081      13563  1028.4124  1028.4114    34.0058    34.0046    8.39174         29 0.0000e+00
    219.000    216.618    -1.4934  27.144506    -1.4926  27.144207     6.3361     6.5558     0.1319    95.1184 1.0000e-12  -74.20302 -112.21332  26.073939      99.84 5.6107e+02    566.308      13592  1028.4175  1028.4163    34.0062    34.0049    8.39178         30 0.0000e+00
    220.000    217.606    -1.4929  27.145586    -1.4923  27.145190     6.3285     6.5562     0.1519    95.0073 1.0000e-12  -74.20302 -112.21332  26.073953      99.84 5.6048e+02    567.540      13622  1028.4224  1028.4213    34.0065    34.0052    8.39164         29 0.0000e+00
    221.000    218.596    -1.4924  27.146568    -1.4918  27.146125     6.3254     6.5493     0.2163    95.0733 1.0000e-12  -74.20302 -112.21332  26.073967      99.84 5.6084e+02    568.740      13651  1028.4272  1028.4261    34.0067    34.0054    8.39153         29 0.0000e+00
    222.000    219.584    -1.4909  27.148606    -1.4900  27.148318     6.3106     6.5468     0.2183    94.9566 1.0000e-12  -74.20302 -112.21332  26.073981      99.84 5.6166e+02    569.932      13679  1028.4322  1028.4310    34.0071    34.0057    8.39115         28 0.0000e+00
    223.000    220.573    -1.4879  27.151918    -1.4872  27.151361     6.2991     6.5375     0.1566    95.1701 1.0000e-12  -74.20302 -112.21332  26.073995      99.84 5.6048e+02    571.151      13709  1028.4372  1028.4359    34.0076    34.0061    8.39044         30 0.0000e+00
    224.000    221.561    -1.4837  27.156325    -1.4829  27.155870     6.2938     6.5360     0.2896    95.0716 1.0000e-12  -74.20302 -112.21332  26.074009      99.85 5.5984e+02    572.358      13738  1028.4422  1028.4409    34.0083    34.0068    8.38946         28 0.0000e+00
    225.000    222.550    -1.4817  27.158609    -1.4811  27.158178     6.3003     6.5266     0.2344    95.1132 1.0000e-12  -74.20302 -112.21332  26.074023      99.84 5.6048e+02    573.550      13766  1028.4471  1028.4460    34.0086    34.0073    8.38900         29 0.0000e+00
    226.000    223.539    -1.4823  27.158780    -1.4816  27.158349     6.3074     6.5308     0.1340    95.0896 1.0000e-12  -74.20302 -112.21332  26.074037      99.84 5.5974e+02    574.760      13795  1028.4522  1028.4511    34.0089    34.0075    8.38911         29 0.0000e+00
    227.000    224.526    -1.4841  27.158309    -1.4835  27.157925     6.3163     6.5366     0.1342    95.1729 1.0000e-12  -74.20302 -112.21332  26.074051      99.84 5.5995e+02    575.996      13825  1028.4577  1028.4567    34.0096    34.0084    8.38947         30 0.0000e+00
    228.000    225.516    -1.4889  27.155983    -1.4882  27.155598     6.3175     6.5380     0.1485    95.1760 1.0000e-12  -74.20302 -112.21332  26.074065      99.63 5.5999e+02    577.217      13854  1028.4641  1028.4630    34.0112    34.0100    8.39045         29 0.0000e+00
    229.000    226.505    -1.4892  27.156358    -1.4887  27.155911     6.3162     6.5406     0.1331    95.2365 1.0000e-12  -74.20302 -112.21332  26.074079      99.85 5.5883e+02    578.396      13883  1028.4691  1028.4681    34.0116    34.0103    8.39051         28 0.0000e+00
    230.000    227.493    -1.4897  27.157118    -1.4891  27.156621     6.3301     6.5437     0.1134    95.1757 1.0000e-12  -74.20302 -112.21332  26.074092      99.84 5.5902e+02    579.564      13911  1028.4748  1028.4736    34.0125    34.0111    8.39056         28 0.0000e+00
    231.000    228.481    -1.4889  27.158566    -1.4881  27.158169     6.3193     6.5546     0.1087    95.2340 1.0000e-12  -74.20302 -112.21332  26.074106      99.84 5.5877e+02    580.779      13940  1028.4798  1028.4786    34.0130    34.0116    8.39035         30 0.0000e+00
    232.000    229.470    -1.4896  27.158692    -1.4889  27.158323     6.3247     6.5540     0.1131    95.2277 1.0000e-12  -74.20302 -112.21332  26.074121      99.84 5.5797e+02    582.054      13970  1028.4849  1028.4838    34.0133    34.0120    8.39049         31 0.0000e+00
