ocean_section_plots/required_files/ctd/dnbp2202_ctd176.cnv
* Sea-Bird SBE 9 Data File:
* FileName = D:\Data\raw\NBP2202_CTD176.hex
* Software Version Seasave V 7.26.7.121
* Temperature SN = 1649
* Conductivity SN = 2513
* Number of Bytes Per Scan = 40
* Number of Voltage Words = 5
* Number of Scans Averaged by the Deck Unit = 1
* NMEA Latitude = 74 01.77 S
* NMEA Longitude = 111 08.42 W
* NMEA UTC (Time) = Feb 03 2022  20:53:42
* NMEA baud rate = 9600
** Ship: RVIB N.B. Palmer
** Cruise: NBP2202 Thwaites
** Station: 98
** Operator: A. Robinson
# nquan = 28
# nvalues = 490                         
# units = specified
# name 0 = prDM: Pressure, Digiquartz [db]
# name 1 = depSM: Depth [salt water, m]
# name 2 = t090C: Temperature [ITS-90, deg C]
# name 3 = c0mS/cm: Conductivity [mS/cm]
# name 4 = t190C: Temperature, 2 [ITS-90, deg C]
# name 5 = c1mS/cm: Conductivity, 2 [mS/cm]
# name 6 = sbeox0ML/L: Oxygen, SBE 43 [ml/l]
# name 7 = sbeox1ML/L: Oxygen, SBE 43, 2 [ml/l]
# name 8 = flECO-AFL: Fluorescence, WET Labs ECO-AFL/FL [mg/m^3]
# name 9 = CStarTr0: Beam Transmission, WET Labs C-Star [%]
# name 10 = par: PAR/Irradiance, Biospherical/Licor
# name 11 = latitude: Latitude [deg]
# name 12 = longitude: Longitude [deg]
# name 13 = timeJ: Julian Days
# name 14 = altM: Altimeter [m]
# name 15 = spar: SPAR, Biospherical/Licor
# name 16 = timeS: Time, Elapsed [seconds]
# name 17 = scan: Scan Count
# name 18 = density00: Density [density, kg/m^3]
# name 19 = density11: Density, 2 [density, kg/m^3]
# name 20 = v3: Voltage 3
# name 21 = v4: Voltage 4
# name 22 = v5: Voltage 5
# name 23 = sal00: Salinity, Practical [PSU]
# name 24 = sal11: Salinity, Practical, 2 [PSU]
# name 25 = oxsolML/L: Oxygen Saturation, Garcia & Gordon [ml/l]
# name 26 = nbin: number of scans per bin
# name 27 = flag: flag
# span 0 =      2.000,    491.000       
# span 1 =      1.985,    485.346       
# span 2 =    -1.5226,     0.1305       
# span 3 =  26.984131,  28.952749       
# span 4 =    -1.5232,     0.1328       
# span 5 =  26.984259,  28.952719       
# span 6 =     4.8170,     7.6018       
# span 7 =     4.9408,     7.5467       
# span 8 =    -0.0174,     8.2597       
# span 9 =    85.2311,    99.1223       
# span 10 = -1.944e-06, 1.1035e+03      
# span 11 =  -74.02952,  -74.02952      
# span 12 = -111.14045, -111.14040      
# span 13 =  34.873610,  34.880756      
# span 14 =       8.95,     105.64      
# span 15 = 1.7611e+03, 1.7699e+03      
# span 16 =    257.924,    875.348      
# span 17 =       6191,      21009      
# span 18 =  1027.1748,  1029.9798      
# span 19 =  1027.1773,  1029.9776      
# span 20 =     4.0435,     4.7022      
# span 21 =     0.0651,     1.1282      
# span 22 =     0.1117,     0.1577      
# span 23 =    33.7696,    34.4480      
# span 24 =    33.7729,    34.4453      
# span 25 =    8.01386,    8.39842      
# span 26 =          7,         57      
# span 27 = 0.0000e+00, 0.0000e+00      
# interval = decibars: 1                
# start_time = Feb 03 2022 20:53:42 [NMEA time, header]
# bad_flag = -9.990e-29
*END*
[from data line 467]
    469.000    463.624     0.0949  28.907207     0.0973  28.907415     4.8431     4.9716     0.0132    98.5306 1.0000e-12  -74.02952 -111.14044  34.879724      31.49 1.7629e+03    786.130      18868  1029.8708  1029.8687     4.6741     0.0671     0.1319    34.4379    34.4354    8.02187         27 0.0000e+00
    470.000    464.611     0.0963  28.909338     0.0985  28.909200     4.8385     4.9645     0.0045    98.5392 1.0000e-12  -74.02952 -111.14044  34.879737      30.43 1.7629e+03    787.246      18895  1029.8759  1029.8737     4.6745     0.0697     0.1358    34.4384    34.4359    8.02153         27 0.0000e+00
    471.000    465.599     0.0962  28.909367     0.0980  28.909190     4.8433     4.9645     0.0047    98.5355 1.0000e-12  -74.02952 -111.14044  34.879749      29.29 1.7629e+03    788.357      18922  1029.8803  1029.8784     4.6744     0.0677     0.1306    34.4380    34.4358    8.02158         27 0.0000e+00
    472.000    466.586     0.0961  28.909748     0.1005  28.912208     4.8427     4.9675     0.0069    98.5326 1.0000e-12  -74.02952 -111.14044  34.879763      28.51 1.7640e+03    789.503      18949  1029.8852  1029.8834     4.6742     0.0683     0.1318    34.4381    34.4363    8.02161         27 0.0000e+00
    473.000    467.574     0.0982  28.912647     0.1009  28.913107     4.8369     4.9699     0.0156    98.4945 1.0000e-12  -74.02952 -111.14044  34.879776      27.49 1.7630e+03    790.623      18976  1029.8903  1029.8882     4.6725     0.0656     0.1319    34.4389    34.4365    8.02111         26 0.0000e+00
    474.000    468.561     0.1034  28.918699     0.1053  28.918478     4.8364     4.9583     0.0195    98.4929 1.0000e-12  -74.02952 -111.14044  34.879789      26.32 1.7619e+03    791.733      19003  1029.8959  1029.8938     4.6724     0.0678     0.1362    34.4405    34.4381    8.01995         28 0.0000e+00
    475.000    469.548     0.1118  28.928502     0.1138  28.927763     4.8375     4.9595     0.0106    98.5063 1.0000e-12  -74.02952 -111.14044  34.879803      25.23 1.7622e+03    793.001      19033  1029.9022  1029.8995     4.6730     0.0684     0.1322    34.4434    34.4402    8.01802         34 0.0000e+00
    476.000    470.537     0.1110  28.927584     0.1120  28.926343     4.8325     4.9629    -0.0014    98.5357 1.0000e-12  -74.02952 -111.14044  34.879824      24.21 1.7614e+03    794.754      19075  1029.9064  1029.9042     4.6744     0.0683     0.1317    34.4425    34.4398    8.01824         36 0.0000e+00
    477.000    471.523     0.1095  28.926763     0.1112  28.925924     4.8315     4.9537     0.0087    98.5189 1.0000e-12  -74.02952 -111.14044  34.879846      23.27 1.7611e+03    796.735      19123  1029.9114  1029.9088     4.6736     0.0678     0.1301    34.4426    34.4395    8.01856         44 0.0000e+00
    478.000    472.510     0.1138  28.931797     0.1148  28.930228     4.8303     4.9570     0.0139    98.5148 1.0000e-12  -74.02952 -111.14044  34.879870      22.15 1.7611e+03    798.741      19171  1029.9167  1029.9141     4.6734     0.0689     0.1328    34.4438    34.4406    8.01759         45 0.0000e+00
    479.000    473.498     0.1131  28.931488     0.1150  28.930930     4.8339     4.9546     0.0140    98.5304 1.0000e-12  -74.02952 -111.14044  34.879893      21.14 1.7611e+03    800.731      19219  1029.9214  1029.9190     4.6741     0.0677     0.1294    34.4435    34.4407    8.01774         43 0.0000e+00
    480.000    474.485     0.1148  28.933720     0.1170  28.933471     4.8287     4.9562     0.0112    98.5354 1.0000e-12  -74.02952 -111.14044  34.879916      20.16 1.7611e+03    802.734      19267  1029.9264  1029.9240     4.6744     0.0683     0.1345    34.4440    34.4412    8.01736         43 0.0000e+00
    481.000    475.473     0.1150  28.934438     0.1173  28.934329     4.8272     4.9528     0.0129    98.5422 1.0000e-12  -74.02952 -111.14044  34.879939      19.20 1.7620e+03    804.757      19315  1029.9312  1029.9288     4.6747     0.0683     0.1319    34.4441    34.4414    8.01731         38 0.0000e+00
    482.000    476.460     0.1221  28.942419     0.1254  28.943113     4.8202     4.9439     0.0051    98.5511 1.0000e-12  -74.02952 -111.14042  34.879963      18.11 1.7615e+03    806.786      19364  1029.9369  1029.9344     4.6751     0.0688     0.1291    34.4461    34.4433    8.01572         37 0.0000e+00
    483.000    477.448     0.1283  28.949166     0.1306  28.949152     4.8203     4.9416     0.0077    98.5606 1.0000e-12  -74.02952 -111.14042  34.879989      17.15 1.7616e+03    809.082      19419  1029.9422  1029.9400     4.6755     0.0678     0.1385    34.4475    34.4449    8.01435         42 0.0000e+00
    484.000    478.435     0.1286  28.949920     0.1310  28.949936     4.8170     4.9408     0.0056    98.5750 1.0000e-12  -74.02952 -111.14042  34.880019      16.10 1.7623e+03    811.631      19480  1029.9471  1029.9448     4.6762     0.0681     0.1288    34.4476    34.4449    8.01429         45 0.0000e+00
    485.000    479.423     0.1297  28.951550     0.1312  28.950558     4.8185     4.9418     0.0124    98.5549 1.0000e-12  -74.02952 -111.14042  34.880049      15.09 1.7629e+03    814.193      19542  1029.9520  1029.9496     4.6752     0.0689     0.1291    34.4479    34.4449    8.01404         39 0.0000e+00
    486.000    480.408     0.1305  28.952749     0.1328  28.952719     4.8177     4.9412     0.0119    98.5497 1.0000e-12  -74.02952 -111.14042  34.880079      14.12 1.7626e+03    816.803      19604  1029.9568  1029.9545     4.6750     0.0685     0.1392    34.4480    34.4453    8.01386         40 0.0000e+00
    487.000    481.397     0.1300  28.952665     0.1323  28.952592     4.8203     4.9427     0.0097    98.5693 1.0000e-12  -74.02952 -111.14042  34.880109      13.05 1.7629e+03    819.421      19667  1029.9615  1029.9592     4.6759     0.0687     0.1316    34.4478    34.4451    8.01397         40 0.0000e+00
    488.000    482.383     0.1285  28.951491     0.1311  28.951693     4.8197     4.9410     0.0108    98.5684 1.0000e-12  -74.02952 -111.14042  34.880139      12.03 1.7625e+03    821.997      19729  1029.9660  1029.9637     4.6759     0.0687     0.1293    34.4473    34.4447    8.01431         40 0.0000e+00
    489.000    483.370     0.1272  28.950485     0.1303  28.951393     4.8214     4.9436     0.0078    98.5685 1.0000e-12  -74.02952 -111.14040  34.880168      11.02 1.7627e+03    824.543      19790  1029.9705  1029.9684     4.6758     0.0684     0.1317    34.4469    34.4446    8.01462         43 0.0000e+00
    490.000    484.361     0.1279  28.951713     0.1300  28.951475     4.8182     4.9471     0.0067    98.5406 1.0000e-12  -74.02952 -111.14040  34.880198      10.01 1.7631e+03    827.113      19852  1029.9754  1029.9730     4.6746     0.0685     0.1317    34.4472    34.4445    8.01446         40 0.0000e+00
    491.000    485.346     0.1262  28.950280     0.1282  28.950089     4.8175     4.9452     0.0049    98.5461 1.0000e-12  -74.02952 -111.14041  34.880756       8.95 1.7631e+03    875.348      21009  1029.9798  1029.9776     4.6748     0.0690     0.1329    34.4466    34.4441    8.01484         57 0.0000e+00
