ocean_section_plots/required_files/ctd/dnbp2202_ctd154.cnv
* Sea-Bird SBE 9 Data File:
* FileName = D:\Data\raw\NBP2202_CTD154.hex
* Software Version Seasave V 7.26.7.121
* Temperature SN = 1649
* Conductivity SN = 2513
* Number of Bytes Per Scan = 40
* Number of Voltage Words = 5
* Number of Scans Averaged by the Deck Unit = 1
* NMEA Latitude = 74 06.59 S
* NMEA Longitude = 113 19.34 W
* NMEA UTC (Time) = Jan 31 2022  12:51:40
* NMEA baud rate = 9600
** Ship: RVIB N.B. Palmer
** Cruise: NBP2202 Thwaites
** Station: Yo-Yo 002
** Operator: B. Bjork
# nquan = 28
# nvalues = 413                         
# units = specified
# name 0 = prDM: Pressure, Digiquartz [db]
# name 1 = depSM: Depth [salt water, m]
# name 2 = t090C: Temperature [ITS-90, deg C]
# name 3 = c0mS/cm: Conductivity [mS/cm]
# name 4 = t190C: Temperature, 2 [ITS-90, deg C]
# name 5 = c1mS/cm: Conductivity, 2 [mS/cm]
# name 6 = sbeox0ML/L: Oxygen, SBE 43 [ml/l]
# name 7 = sbeox1ML/L: Oxygen, SBE 43, 2 [ml/l]
# name 8 = flECO-AFL: Fluorescence, WET Labs ECO-AFL/FL [mg/m^3]
# name 9 = CStarTr0: Beam Transmission, WET Labs C-Star [%]
# name 10 = par: PAR/Irradiance, Biospherical/Licor
# name 11 = latitude: Latitude [deg]
# name 12 = longitude: Longitude [deg]
# name 13 = timeJ: Julian Days
# name 14 = altM: Altimeter [m]
# name 15 = spar: SPAR, Biospherical/Licor
# name 16 = timeS: Time, Elapsed [seconds]
# name 17 = scan: Scan Count
# name 18 = density00: Density [density, kg/m^3]
# name 19 = density11: Density, 2 [density, kg/m^3]
# name 20 = v3: Voltage 3
# name 21 = v4: Voltage 4
# name 22 = v5: Voltage 5
# name 23 = sal00: Salinity, Practical [PSU]
# name 24 = sal11: Salinity, Practical, 2 [PSU]
# name 25 = oxsolML/L: Oxygen Saturation, Garcia & Gordon [ml/l]
# name 26 = nbin: number of scans per bin
# name 27 = flag: flag
# span 0 =     10.000,    422.000       
# span 1 =      9.896,    417.210       
# span 2 =    -1.4341,    -0.1746       
# span 3 =  27.005065,  28.544085       
# span 4 =    -1.4326,    -0.1719       
# span 5 =  27.005250,  28.544278       
# span 6 =     4.7645,     7.9653       
# span 7 =     4.8536,     8.1260       
# span 8 =    -0.0219,    20.0983       
# span 9 =    71.4507,    93.6487       
# span 10 = 1.0000e-12, 6.4065e+00      
# span 11 =  -74.10992,  -74.10990      
# span 12 = -113.32236, -113.32232      
# span 13 =  31.536257,  31.543225      
# span 14 =       6.68,     100.77      
# span 15 = 1.2675e+03, 1.3167e+03      
# span 16 =     32.612,    634.677      
# span 17 =        784,      15233      
# span 18 =  1027.2377,  1029.5449      
# span 19 =  1027.2361,  1029.5426      
# span 20 =     3.3904,     4.4426      
# span 21 =     0.0639,     3.2557      
# span 22 =     0.1218,     0.2379      
# span 23 =    33.8036,    34.2877      
# span 24 =    33.8018,    34.2849      
# span 25 =    8.08705,    8.38782      
# span 26 =         21,         75      
# span 27 = 0.0000e+00, 0.0000e+00      
# interval = decibars: 1                
# start_time = Jan 31 2022 12:51:40 [NMEA time, header]
# bad_flag = -9.990e-29
*END*
[from data line 104]
    114.000    112.790    -1.3406  27.150275    -1.3557  27.133204     5.4674     5.6010     0.3931    92.8517 1.0000e-12  -74.10992 -113.32234  31.538407      99.87 1.2913e+03    218.354       5241  1027.8245  1027.8204     4.4046     0.1319     0.1277    33.9060    33.8997    8.36337         28 0.0000e+00
    115.000    113.778    -1.3504  27.141175    -1.3640  27.126131     5.4409     5.5669     0.5698    92.6764 1.0000e-12  -74.10992 -113.32234  31.538421      96.11 1.2918e+03    219.554       5270  1027.8286  1027.8251     4.3966     0.1313     0.1308    33.9040    33.8987    8.36569         29 0.0000e+00
    116.000    114.768    -1.3269  27.164611    -1.3262  27.163452     5.4217     5.5456     0.3292    92.6607 1.0000e-12  -74.10992 -113.32234  31.538434      99.82 1.2911e+03    220.736       5299  1027.8362  1027.8341     4.3958     0.1289     0.1287    33.9090    33.9066    8.36013         29 0.0000e+00
    117.000    115.756    -1.3268  27.168114    -1.3249  27.168172     5.4208     5.5545     0.3700    92.6606 1.0000e-12  -74.10992 -113.32234  31.538448      99.87 1.2942e+03    221.926       5327  1027.8445  1027.8427     4.3958     0.1246     0.1271    33.9131    33.9110    8.35987         28 0.0000e+00
    118.000    116.747    -1.3257  27.170515    -1.3246  27.169871     5.3848     5.5198     0.2700    92.7522 1.0000e-12  -74.10992 -113.32234  31.538462      99.87 1.2934e+03    223.095       5355  1027.8507  1027.8488     4.4002     0.0975     0.1275    33.9145    33.9124    8.35953         27 0.0000e+00
    119.000    117.734    -1.3227  27.175032    -1.3195  27.175416     5.3391     5.4613     0.1579    92.9534 1.0000e-12  -74.10992 -113.32234  31.538475      99.87 1.2930e+03    224.224       5382  1027.8572  1027.8545     4.4096     0.1113     0.1264    33.9166    33.9136    8.35873         27 0.0000e+00
    120.000    118.724    -1.2354  27.252282    -1.2341  27.250620     5.3163     5.4296     0.0949    93.1810 1.0000e-12  -74.10992 -113.32234  31.538488      99.87 1.2939e+03    225.363       5410  1027.8655  1027.8618     4.4204     0.1006     0.1281    33.9271    33.9234    8.33859         28 0.0000e+00
    121.000    119.714    -1.2176  27.276094    -1.2148  27.276265     5.3709     5.4737     0.2570    93.0282 1.0000e-12  -74.10992 -113.32234  31.538502      99.87 1.2933e+03    226.554       5438  1027.8755  1027.8731     4.4132     0.1021     0.1264    33.9349    33.9320    8.33416         29 0.0000e+00
    122.000    120.701    -1.2164  27.283580    -1.2174  27.281740     5.4629     5.5540     0.2423    93.1483 1.0000e-12  -74.10992 -113.32234  31.538515      99.87 1.2944e+03    227.708       5466  1027.8876  1027.8865     4.4189     0.1061     0.1282    33.9432    33.9418    8.33340         26 0.0000e+00
    123.000    121.689    -1.2610  27.249262    -1.2641  27.246369     5.5169     5.6109     0.1059    93.2368 1.0000e-12  -74.10992 -113.32234  31.538528      99.87 1.2960e+03    228.808       5492  1027.8980  1027.8979     4.4231     0.1038     0.1278    33.9461    33.9457    8.34318         28 0.0000e+00
    124.000    122.682    -1.2994  27.220319    -1.2980  27.220170     5.5415     5.6326     0.0501    93.0544 1.0000e-12  -74.10992 -113.32234  31.538541      99.87 1.2985e+03    229.930       5519  1027.9080  1027.9065     4.4144     0.0825     0.1255    33.9493    33.9476    8.35158         27 0.0000e+00
    125.000    123.669    -1.3037  27.216972    -1.3032  27.215999     5.5511     5.6416     0.0497    93.1355 1.0000e-12  -74.10992 -113.32234  31.538555      99.87 1.2958e+03    231.129       5548  1027.9129  1027.9112     4.4183     0.0878     0.1257    33.9490    33.9471    8.35256         30 0.0000e+00
    126.000    124.658    -1.3063  27.215315    -1.3050  27.214865     5.5462     5.6450     0.0005    93.1186 1.0000e-12  -74.10992 -113.32234  31.538569      99.80 1.2957e+03    232.372       5578  1027.9178  1027.9160     4.4176     0.0780     0.1255    33.9490    33.9470    8.35314         29 0.0000e+00
    127.000    125.647    -1.3077  27.214761    -1.3065  27.214151     5.5441     5.6434    -0.0043    93.4360 1.0000e-12  -74.10992 -113.32234  31.538583      99.84 1.2960e+03    233.567       5607  1027.9228  1027.9210     4.4325     0.0757     0.1251    33.9493    33.9471    8.35344         28 0.0000e+00
    128.000    126.636    -1.3075  27.215395    -1.3064  27.214818     5.5362     5.6436     0.0218    93.3925 1.0000e-12  -74.10992 -113.32234  31.538596      99.87 1.2963e+03    234.662       5633  1027.9275  1027.9259     4.4305     0.0919     0.1247    33.9492    33.9472    8.35338         25 0.0000e+00
    129.000    127.625    -1.3064  27.217463    -1.3053  27.216693     5.5478     5.6489     0.1077    93.3987 1.0000e-12  -74.10992 -113.32234  31.538608      99.87 1.2974e+03    235.731       5659  1027.9331  1027.9311     4.4308     0.0899     0.1250    33.9502    33.9479    8.35309         27 0.0000e+00
    130.000    128.616    -1.3067  27.217562    -1.3051  27.217375     5.5415     5.6450     0.0085    93.5081 1.0000e-12  -74.10992 -113.32234  31.538622      99.87 1.2983e+03    236.917       5687  1027.9377  1027.9360     4.4359     0.0728     0.1242    33.9501    33.9480    8.35316         30 0.0000e+00
    131.000    129.603    -1.3062  27.218453    -1.3049  27.218031     5.5477     5.6559    -0.0047    93.5075 1.0000e-12  -74.10992 -113.32234  31.538637      99.87 1.2995e+03    238.212       5718  1027.9426  1027.9408     4.4359     0.0731     0.1242    33.9502    33.9480    8.35306         31 0.0000e+00
    132.000    130.592    -1.3085  27.217257    -1.3082  27.216002     5.5658     5.6760    -0.0038    93.5649 1.0000e-12  -74.10992 -113.32234  31.538651      99.87 1.2977e+03    239.444       5748  1027.9478  1027.9461     4.4387     0.0709     0.1242    33.9504    33.9484    8.35354         28 0.0000e+00
    133.000    131.581    -1.3218  27.205957    -1.3212  27.205415     5.5795     5.6835     0.0039    93.5551 1.0000e-12  -74.10992 -113.32234  31.538664      99.87 1.2973e+03    240.570       5775  1027.9525  1027.9514     4.4382     0.0726     0.1252    33.9494    33.9480    8.35658         26 0.0000e+00
    134.000    132.572    -1.3272  27.201833    -1.3222  27.204639     5.5939     5.6929     0.0135    93.5770 1.0000e-12  -74.10992 -113.32234  31.538676      99.88 1.2973e+03    241.648       5801  1027.9575  1027.9557     4.4393     0.0735     0.1275    33.9492    33.9474    8.35780         26 0.0000e+00
    135.000    133.560    -1.3317  27.198492    -1.3280  27.200110     5.6403     5.7365     0.0003    93.5911 1.0000e-12  -74.10992 -113.32234  31.538689      99.87 1.2968e+03    242.757       5827  1027.9624  1027.9606     4.4399     0.0773     0.1263    33.9491    33.9471    8.35881         28 0.0000e+00
    136.000    134.548    -1.3460  27.186135    -1.3456  27.185990     5.6586     5.7550     0.0028    93.5508 1.0000e-12  -74.10992 -113.32234  31.538703      99.87 1.2992e+03    243.967       5856  1027.9669  1027.9664     4.4380     0.0703     0.1246    33.9477    33.9471    8.36210         30 0.0000e+00
    137.000    135.537    -1.3725  27.165690    -1.3686  27.167044     5.6663     5.7710     0.0264    93.5986 1.0000e-12  -74.10992 -113.32234  31.538718      99.73 1.2977e+03    245.198       5886  1027.9742  1027.9720     4.4403     0.0723     0.1252    33.9491    33.9465    8.36797         29 0.0000e+00
    138.000    136.528    -1.3575  27.177764    -1.3575  27.176536     5.6840     5.7906     0.0340    93.5963 1.0000e-12  -74.10992 -113.32234  31.538731      99.84 1.2970e+03    246.363       5914  1027.9771  1027.9758     4.4402     0.0747     0.1242    33.9480    33.9463    8.36466         27 0.0000e+00
    139.000    137.515    -1.3736  27.164719    -1.3702  27.166756     5.7012     5.8097     0.0473    93.6057 1.0000e-12  -74.10992 -113.32234  31.538744      99.87 1.2974e+03    247.492       5941  1027.9826  1027.9815     4.4406     0.0922     0.1263    33.9478    33.9466    8.36830         27 0.0000e+00
    140.000    138.505    -1.3809  27.159551    -1.3849  27.154849     5.7416     5.8533     0.0566    93.5991 1.0000e-12  -74.10992 -113.32234  31.538757      99.87 1.2973e+03    248.623       5968  1027.9881  1027.9868     4.4403     0.0824     0.1237    33.9483    33.9463    8.36990         27 0.0000e+00
    141.000    139.495    -1.3908  27.151598    -1.3891  27.151849     5.7504     5.8563     0.0813    93.5734 1.0000e-12  -74.10992 -113.32234  31.538770      99.87 1.2979e+03    249.749       5995  1027.9931  1027.9917     4.4390     0.0800     0.1254    33.9480    33.9463    8.37215         27 0.0000e+00
    142.000    140.481    -1.3989  27.147850    -1.3988  27.145835     5.7143     5.8282     0.0468    93.5959 1.0000e-12  -74.10992 -113.32234  31.538783      99.87 1.2975e+03    250.859       6022  1028.0010  1027.9986     4.4401     0.0777     0.1248    33.9514    33.9485    8.37376         27 0.0000e+00
    143.000    141.472    -1.3521  27.198076    -1.3465  27.200216     5.6793     5.8008     0.0773    93.5797 1.0000e-12  -74.10992 -113.32234  31.538796      99.87 1.2975e+03    251.991       6049  1028.0149  1028.0119     4.4394     0.0867     0.1244    33.9667    33.9633    8.36234         28 0.0000e+00
    144.000    142.460    -1.3300  27.218876    -1.3297  27.217257     5.6799     5.7939     0.1117    93.5829 1.0000e-12  -74.10992 -113.32234  31.538810      99.87 1.2973e+03    253.175       6077  1028.0209  1028.0188     4.4395     0.0782     0.1225    33.9696    33.9671    8.35722         28 0.0000e+00
    145.000    143.449    -1.3272  27.221776    -1.3286  27.219001     5.6514     5.7639     0.0707    93.5477 1.0000e-12  -74.10992 -113.32234  31.538824      99.87 1.2949e+03    254.365       6106  1028.0257  1028.0240     4.4378     0.0773     0.1228    33.9698    33.9676    8.35658         28 0.0000e+00
    146.000    144.439    -1.3331  27.216930    -1.3181  27.229299     5.6180     5.7406     0.0596    93.5381 1.0000e-12  -74.10992 -113.32234  31.538837      99.87 1.2962e+03    255.500       6133  1028.0305  1028.0295     4.4374     0.0774     0.1218    33.9692    33.9691    8.35794         27 0.0000e+00
    147.000    145.428    -1.2968  27.252265    -1.3039  27.243020     5.5952     5.7231     0.0727    93.4978 1.0000e-12  -74.10992 -113.32234  31.538850      99.87 1.2965e+03    256.607       6160  1028.0385  1028.0353     4.4355     0.0754     0.1235    33.9760    33.9713    8.34942         27 0.0000e+00
    148.000    146.415    -1.2925  27.255469    -1.2922  27.254638     5.5819     5.7078     0.0594    93.5378 1.0000e-12  -74.10992 -113.32234  31.538863      99.87 1.2965e+03    257.742       6187  1028.0423  1028.0411     4.4373     0.0745     0.1246    33.9748    33.9733    8.34852         27 0.0000e+00
    149.000    147.405    -1.2820  27.266697    -1.2809  27.265317     5.5731     5.6980     0.0035    93.5512 1.0000e-12  -74.10992 -113.32234  31.538877      99.87 1.2978e+03    258.930       6215  1028.0489  1028.0463     4.4380     0.0804     0.1233    33.9776    33.9745    8.34600         29 0.0000e+00
    150.000    148.394    -1.2724  27.275603    -1.2719  27.274332     5.5574     5.6772    -0.0012    93.5673 1.0000e-12  -74.10992 -113.32234  31.538890      99.88 1.2972e+03    260.102       6243  1028.0539  1028.0520     4.4388     0.0807     0.1264    33.9784    33.9761    8.34382         28 0.0000e+00
    151.000    149.383    -1.2695  27.279260    -1.2652  27.281276     5.5413     5.6592     0.1073    93.5749 1.0000e-12  -74.10992 -113.32234  31.538903      99.87 1.2976e+03    261.224       6270  1028.0596  1028.0577     4.4392     0.0765     0.1231    33.9795    33.9774    8.34310         26 0.0000e+00
    152.000    150.373    -1.2491  27.298406    -1.2458  27.299200     5.5323     5.6448     0.1619    93.5728 1.0000e-12  -74.10992 -113.32234  31.538916      99.87 1.2992e+03    262.351       6297  1028.0653  1028.0630     4.4390     0.0765     0.1250    33.9820    33.9793    8.33840         28 0.0000e+00
    153.000    151.360    -1.2442  27.303002    -1.2483  27.297327     5.5366     5.6482     0.0041    93.6000 1.0000e-12  -74.10992 -113.32234  31.538929      99.87 1.2995e+03    263.502       6325  1028.0701  1028.0679     4.4403     0.0710     0.1242    33.9821    33.9790    8.33730         28 0.0000e+00
    154.000    152.350    -1.2452  27.302208    -1.2453  27.300287     5.5360     5.6497    -0.0077    93.5470 1.0000e-12  -74.10992 -113.32234  31.538943      99.87 1.2974e+03    264.690       6354  1028.0747  1028.0728     4.4378     0.0764     0.1272    33.9815    33.9790    8.33756         28 0.0000e+00
    155.000    153.339    -1.2489  27.299243    -1.2489  27.297178     5.5357     5.6568    -0.0122    93.5784 1.0000e-12  -74.10992 -113.32234  31.538957      99.87 1.2988e+03    265.871       6382  1028.0795  1028.0773     4.4393     0.0736     0.1249    33.9810    33.9782    8.33841         29 0.0000e+00
    156.000    154.328    -1.2438  27.303933    -1.2427  27.303141     5.5380     5.6554    -0.0101    93.6123 1.0000e-12  -74.10992 -113.32234  31.538970      99.87 1.3004e+03    267.036       6410  1028.0842  1028.0823     4.4409     0.0755     0.1235    33.9811    33.9787    8.33728         27 0.0000e+00
    157.000    155.316    -1.2473  27.301068    -1.2453  27.301189     5.5415     5.6614    -0.0129    93.5767 1.0000e-12  -74.10992 -113.32234  31.538984      99.87 1.2984e+03    268.183       6437  1028.0889  1028.0871     4.4392     0.0732     0.1244    33.9804    33.9784    8.33809         28 0.0000e+00
    158.000    156.307    -1.2429  27.305901    -1.2408  27.305901     5.5260     5.6370    -0.0035    93.6074 1.0000e-12  -74.10992 -113.32234  31.538997      99.88 1.2993e+03    269.320       6465  1028.0944  1028.0923     4.4407     0.0710     0.1241    33.9815    33.9791    8.33706         27 0.0000e+00
    159.000    157.294    -1.2411  27.307887    -1.2398  27.307443     5.5650     5.6626     0.0194    93.6266 1.0000e-12  -74.10992 -113.32234  31.539010      99.87 1.2992e+03    270.445       6492  1028.0991  1028.0974     4.4416     0.0705     0.1248    33.9815    33.9795    8.33664         27 0.0000e+00
    160.000    158.283    -1.2401  27.309307    -1.2384  27.309182     5.6221     5.7218    -0.0018    93.5891 1.0000e-12  -74.10992 -113.32234  31.539023      93.08 1.3006e+03    271.570       6519  1028.1041  1028.1024     4.4398     0.0688     0.1247    33.9817    33.9796    8.33640         27 0.0000e+00
    161.000    159.272    -1.2872  27.270422    -1.2909  27.267836     5.6411     5.7562    -0.0075    93.6032 1.0000e-12  -74.10992 -113.32234  31.539037      99.85 1.3015e+03    272.810       6548  1028.1117  1028.1124     4.4405     0.0704     0.1253    33.9812    33.9818    8.34697         32 0.0000e+00
    162.000    160.262    -1.2833  27.279485    -1.2860  27.274199     5.5772     5.7080    -0.0061    93.6139 1.0000e-12  -74.10992 -113.32234  31.539053      99.88 1.3020e+03    274.177       6581  1028.1220  1028.1189     4.4410     0.0707     0.1222    33.9886    33.9844    8.34565         32 0.0000e+00
    163.000    161.249    -1.2457  27.316779    -1.2440  27.315064     5.4707     5.6039     0.0045    93.6255 1.0000e-12  -74.10992 -113.32234  31.539067      99.88 1.2987e+03    275.360       6610  1028.1307  1028.1270     4.4415     0.0711     0.1286    33.9965    33.9922    8.33679         26 0.0000e+00
    164.000    162.238    -1.1706  27.387561    -1.1580  27.393682     5.3837     5.5316     0.0041    93.6487 1.0000e-12  -74.10992 -113.32234  31.539080      99.87 1.2996e+03    276.543       6638  1028.1396  1028.1340     4.4426     0.0738     0.1246    34.0076    34.0017    8.31941         31 0.0000e+00
