ocean_section_plots/required_files/ctd/dnbp2202_ctd186.cnv
* Sea-Bird SBE 9 Data File:
* FileName = D:\Data\raw\NBP2202_CTD186.hex
* Software Version Seasave V 7.26.7.121
* Temperature SN = 1649
* Conductivity SN = 2513
* Number of Bytes Per Scan = 40
* Number of Voltage Words = 5
* Number of Scans Averaged by the Deck Unit = 1
* NMEA Latitude = 74 10.07 S
* NMEA Longitude = 113 24.62 W
* NMEA UTC (Time) = Feb 07 2022  07:20:24
* NMEA baud rate = 9600
** Ship: RVIB N.B. Palmer
** Cruise: NBP2202 Thwaites
** Station: 107-
** Operator: B Bjork
# nquan = 28
# nvalues = 269                         
# units = specified
# name 0 = prDM: Pressure, Digiquartz [db]
# name 1 = depSM: Depth [salt water, m]
# name 2 = t090C: Temperature [ITS-90, deg C]
# name 3 = c0mS/cm: Conductivity [mS/cm]
# name 4 = t190C: Temperature, 2 [ITS-90, deg C]
# name 5 = c1mS/cm: Conductivity, 2 [mS/cm]
# name 6 = sbeox0ML/L: Oxygen, SBE 43 [ml/l]
# name 7 = sbeox1ML/L: Oxygen, SBE 43, 2 [ml/l]
# name 8 = flECO-AFL: Fluorescence, WET Labs ECO-AFL/FL [mg/m^3]
# name 9 = CStarTr0: Beam Transmission, WET Labs C-Star [%]
# name 10 = par: PAR/Irradiance, Biospherical/Licor
# name 11 = latitude: Latitude [deg]
# name 12 = longitude: Longitude [deg]
# name 13 = timeJ: Julian Days
# name 14 = altM: Altimeter [m]
# name 15 = spar: SPAR, Biospherical/Licor
# name 16 = timeS: Time, Elapsed [seconds]
# name 17 = scan: Scan Count
# name 18 = density00: Density [density, kg/m^3]
# name 19 = density11: Density, 2 [density, kg/m^3]
# name 20 = v3: Voltage 3
# name 21 = v4: Voltage 4
# name 22 = v5: Voltage 5
# name 23 = sal00: Salinity, Practical [PSU]
# name 24 = sal11: Salinity, Practical, 2 [PSU]
# name 25 = oxsolML/L: Oxygen Saturation, Garcia & Gordon [ml/l]
# name 26 = nbin: number of scans per bin
# name 27 = flag: flag
# span 0 =      2.000,    270.000       
# span 1 =      1.978,    267.033       
# span 2 =    -1.4225,    -0.7466       
# span 3 =  27.019361,  27.840343       
# span 4 =    -1.4230,    -0.7456       
# span 5 =  27.018916,  27.839697       
# span 6 =     5.0174,     9.0008       
# span 7 =     5.1534,     9.2702       
# span 8 =    -0.0200,    26.4073       
# span 9 =    75.0574,    98.4158       
# span 10 = -1.897e-04, 6.8955e+00      
# span 11 =  -74.16792,  -74.16792      
# span 12 = -113.41050, -113.41047      
# span 13 =  38.308424,  38.313144      
# span 14 =       4.08,     100.67      
# span 15 = 2.4680e+01, 3.0501e+01      
# span 16 =    223.878,    631.643      
# span 17 =       5374,      15160      
# span 18 =  1027.1741,  1028.6867      
# span 19 =  1027.1747,  1028.6852      
# span 20 =     3.5618,     4.6687      
# span 21 =     0.0630,     3.8252      
# span 22 =     0.1240,     0.2575      
# span 23 =    33.7858,    34.0794      
# span 24 =    33.7869,    34.0774      
# span 25 =    8.22191,    8.38441      
# span 26 =         22,         48      
# span 27 = 0.0000e+00, 0.0000e+00      
# interval = decibars: 1                
# start_time = Feb 07 2022 07:20:24 [NMEA time, header]
# bad_flag = -9.990e-29
*END*
      2.000      1.978    -0.8356  27.429508    -0.8365  27.429349     8.9686     8.6233    19.2555    78.6578 6.8955e+00  -74.16792 -113.41048  38.308424      99.93 2.6443e+01    223.878       5374  1027.1741  1027.1747     3.7321     3.1145     0.2084    33.7874    33.7881    8.25836         22 0.0000e+00
      3.000      2.971    -0.8367  27.429869    -0.8378  27.429556     8.9796     8.6386    19.7599    77.8515 4.7575e+00  -74.16792 -113.41048  38.308457      99.84 2.6443e+01    226.672       5441  1027.1798  1027.1806     3.6936     2.8288     0.2243    33.7885    33.7893    8.25853         41 0.0000e+00
      4.000      3.957    -0.8374  27.429465    -0.8393  27.428752     8.9814     8.7076    18.0758    76.9129 3.3471e+00  -74.16792 -113.41048  38.308487      99.99 2.5894e+01    229.258       5503  1027.1843  1027.1854     3.6493     3.4569     0.1940    33.7881    33.7892    8.25871         40 0.0000e+00
      5.000      4.949    -0.8385  27.428952    -0.8393  27.429383     8.9785     8.8072    21.3954    76.5598 2.3289e+00  -74.16792 -113.41048  38.308515      99.99 2.6134e+01    231.729       5562  1027.1891  1027.1903     3.6321     3.3875     0.2300    33.7880    33.7895    8.25895         41 0.0000e+00
      6.000      5.938    -0.8384  27.428526    -0.8384  27.429374     9.0008     8.9354    24.3388    76.8820 1.6668e+00  -74.16792 -113.41048  38.308542      99.34 2.6433e+01    233.998       5617  1027.1928  1027.1937     3.6468     3.0596     0.2350    33.7867    33.7878    8.25900         41 0.0000e+00
      7.000      6.927    -0.8401  27.426934    -0.8411  27.426856     8.9850     9.0215    23.5987    77.3709 1.1857e+00  -74.16792 -113.41048  38.308565      99.95 2.6443e+01    236.058       5666  1027.1970  1027.1979     3.6707     3.1130     0.2169    33.7858    33.7869    8.25943         46 0.0000e+00
      8.000      7.916    -0.8396  27.429275    -0.8406  27.429376     8.9802     9.0912    23.8504    75.3367 8.6121e-01  -74.16792 -113.41048  38.308589      99.92 2.6443e+01    238.109       5716  1027.2034  1027.2045     3.5753     2.8830     0.2095    33.7878    33.7891    8.25921         41 0.0000e+00
      9.000      8.906    -0.8391  27.430484    -0.8404  27.429947     8.9676     9.1640    22.4736    77.1398 6.2251e-01  -74.16792 -113.41048  38.308612      99.98 2.6443e+01    240.112       5764  1027.2085  1027.2092     3.6597     3.5556     0.2575    33.7883    33.7890    8.25907         42 0.0000e+00
     10.000      9.896    -0.8373  27.433061    -0.8399  27.431112     8.9627     9.2044    20.7293    78.4747 4.4837e-01  -74.16792 -113.41048  38.308635      99.98 2.6443e+01    242.075       5811  1027.2139  1027.2143     3.7231     3.3336     0.2028    33.7892    33.7895    8.25862         43 0.0000e+00
     11.000     10.886    -0.8357  27.433833    -0.8379  27.432781     8.9632     9.2502    20.9789    76.7613 3.2430e-01  -74.16792 -113.41048  38.308657      99.98 2.6443e+01    243.982       5857  1027.2175  1027.2184     3.6421     3.3431     0.2397    33.7878    33.7889    8.25835         42 0.0000e+00
     12.000     11.875    -0.8346  27.437606    -0.8381  27.433750     8.9453     9.2338    20.9235    76.5011 2.2961e-01  -74.16792 -113.41048  38.308679      99.98 2.6443e+01    245.869       5902  1027.2248  1027.2240     3.6293     3.8252     0.2370    33.7911    33.7898    8.25792         40 0.0000e+00
     13.000     12.865    -0.8309  27.442257    -0.8319  27.442066     8.9447     9.2375    21.1497    79.2776 1.6360e-01  -74.16792 -113.41048  38.308701      95.62 2.6443e+01    247.726       5946  1027.2306  1027.2314     3.7601     3.5132     0.2481    33.7926    33.7935    8.25702         39 0.0000e+00
     14.000     13.855    -0.8319  27.441704    -0.8326  27.441606     8.9318     9.2425    25.0530    77.3330 1.1038e-01  -74.16792 -113.41048  38.308722     100.06 2.6443e+01    249.577       5991  1027.2353  1027.2359     3.6689     3.7711     0.2415    33.7923    33.7930    8.25725         42 0.0000e+00
     15.000     14.844    -0.8309  27.443354    -0.8323  27.442690     8.9323     9.2341    24.5289    75.9133 7.2794e-02  -74.16792 -113.41048  38.308743      99.98 2.6443e+01    251.402       6035  1027.2406  1027.2411     3.6017     3.5010     0.2436    33.7929    33.7935    8.25702         39 0.0000e+00
     16.000     15.834    -0.8292  27.445941    -0.8301  27.445801     8.9347     9.2367    22.0732    77.5089 4.3460e-02  -74.16792 -113.41048  38.308764      99.96 2.6443e+01    253.217       6078  1027.2460  1027.2467     3.6776     3.4122     0.2091    33.7938    33.7946    8.25657         42 0.0000e+00
     17.000     16.823    -0.8261  27.449496    -0.8262  27.449829     8.9445     9.2475    23.9188    78.8951 2.1297e-02  -74.16792 -113.41048  38.308785      99.99 2.5538e+01    255.032       6122  1027.2512  1027.2517     3.7429     3.2176     0.2232    33.7945    33.7951    8.25585         42 0.0000e+00
     18.000     17.813    -0.8179  27.457550    -0.8184  27.457506     8.9433     9.2448    22.2059    76.8795 4.9893e-03  -74.16792 -113.41048  38.308806      99.98 2.5521e+01    256.854       6165  1027.2564  1027.2569     3.6475     3.3898     0.2099    33.7956    33.7962    8.25399         44 0.0000e+00
     19.000     18.800    -0.8208  27.454099    -0.8218  27.453855     8.9456     9.2522    23.0506    76.8200 -1.897e-04  -74.16792 -113.41048  38.308827      99.98 2.4728e+01    258.678       6209  1027.2599  1027.2605     3.6447     3.4006     0.2091    33.7937    33.7944    8.25475         39 0.0000e+00
     20.000     19.793    -0.8193  27.456407    -0.8172  27.458989     8.9584     9.2652    23.0491    76.0351 1.0000e-12  -74.16792 -113.41048  38.308848      97.61 2.4680e+01    260.500       6253  1027.2653  1027.2660     3.6074     3.5366     0.2023    33.7944    33.7956    8.25437         42 0.0000e+00
     21.000     20.782    -0.8000  27.476212    -0.8001  27.476304     8.9656     9.2702    22.1378    77.2189 1.0000e-12  -74.16792 -113.41048  38.308869      99.97 2.4680e+01    262.302       6296  1027.2725  1027.2727     3.6636     3.6115     0.2375    33.7990    33.7992    8.24987         44 0.0000e+00
     22.000     21.771    -0.7939  27.482663    -0.7945  27.482484     8.9575     9.2658    24.8236    76.9396 1.0000e-12  -74.16792 -113.41048  38.308890      99.98 2.4680e+01    264.101       6339  1027.2781  1027.2785     3.6503     3.4490     0.2098    33.8003    33.8007    8.24846         43 0.0000e+00
     23.000     22.761    -0.7917  27.485306    -0.7926  27.485011     8.9495     9.2604    25.2072    77.5860 1.0000e-12  -74.16792 -113.41048  38.308911      99.98 2.4680e+01    265.925       6383  1027.2834  1027.2839     3.6808     3.4666     0.2507    33.8009    33.8014    8.24796         40 0.0000e+00
     24.000     23.749    -0.7912  27.486513    -0.7917  27.486474     8.9398     9.2532    24.3535    76.8874 1.0000e-12  -74.16792 -113.41048  38.308932      99.96 2.4680e+01    267.765       6427  1027.2886  1027.2890     3.6476     3.0277     0.2112    33.8013    33.8018    8.24782         42 0.0000e+00
     25.000     24.740    -0.7915  27.487062    -0.7922  27.487007     8.9227     9.2360    20.6913    75.2579 1.0000e-12  -74.16792 -113.41048  38.308954      99.96 2.4680e+01    269.605       6472  1027.2938  1027.2945     3.5706     3.3454     0.2283    33.8017    33.8024    8.24785         42 0.0000e+00
     26.000     25.729    -0.7969  27.483572    -0.7971  27.483942     8.9083     9.2253    20.3837    76.0498 1.0000e-12  -74.16792 -113.41048  38.308975      99.99 2.4680e+01    271.468       6516  1027.2997  1027.3002     3.6081     3.2734     0.2372    33.8025    33.8031    8.24900         45 0.0000e+00
     27.000     26.719    -0.7989  27.482593    -0.7995  27.482395     8.9037     9.2236    22.9196    76.4638 1.0000e-12  -74.16792 -113.41048  38.308997      99.90 2.4680e+01    273.320       6561  1027.3048  1027.3052     3.6277     3.3042     0.1958    33.8027    33.8031    8.24942         44 0.0000e+00
     28.000     27.707    -0.7996  27.482410    -0.7998  27.482623     8.9080     9.2193    19.8333    77.6789 1.0000e-12  -74.16792 -113.41048  38.309018      99.60 2.4680e+01    275.185       6605  1027.3096  1027.3100     3.6853     3.3573     0.2304    33.8026    33.8031    8.24957         38 0.0000e+00
     29.000     28.697    -0.7991  27.483294    -0.7990  27.483712     8.9083     9.2161    24.5510    78.2091 1.0000e-12  -74.16792 -113.41048  38.309040      99.99 2.4680e+01    277.037       6650  1027.3144  1027.3147     3.7099     3.4703     0.2212    33.8026    33.8031    8.24946         36 0.0000e+00
     30.000     29.689    -0.8007  27.482317    -0.8001  27.483292     8.8999     9.2087    26.4073    75.0574 1.0000e-12  -74.16792 -113.41048  38.309061      99.96 2.4680e+01    278.863       6694  1027.3192  1027.3197     3.5618     3.1954     0.2148    33.8026    33.8032    8.24983         34 0.0000e+00
     31.000     30.678    -0.8007  27.482885    -0.8005  27.483364     8.8999     9.2138    22.1850    75.8738 1.0000e-12  -74.16792 -113.41048  38.309082      99.98 2.4680e+01    280.703       6738  1027.3242  1027.3245     3.6002     3.5027     0.2327    33.8027    33.8031    8.24982         39 0.0000e+00
     32.000     31.667    -0.8012  27.482977    -0.8010  27.483393     8.8971     9.2135    18.5806    77.1446 1.0000e-12  -74.16792 -113.41048  38.309104      99.95 2.4680e+01    282.563       6783  1027.3291  1027.3293     3.6600     3.2343     0.2307    33.8028    33.8031    8.24993         42 0.0000e+00
     33.000     32.656    -0.8017  27.483058    -0.8021  27.482997     8.8859     9.2011    21.2560    77.1236 1.0000e-12  -74.16792 -113.41048  38.309125      99.97 2.4680e+01    284.400       6827  1027.3339  1027.3341     3.6592     3.3170     0.2276    33.8028    33.8031    8.25002         40 0.0000e+00
     34.000     33.646    -0.8050  27.480673    -0.8052  27.480973     8.8696     9.1749    21.8614    77.0824 1.0000e-12  -74.16792 -113.41047  38.309147      99.62 2.4680e+01    286.259       6871  1027.3387  1027.3393     3.6571     2.9895     0.2416    33.8026    33.8033    8.25076         37 0.0000e+00
     35.000     34.635    -0.8138  27.473752    -0.8148  27.473469     8.8556     9.1585    21.0782    76.6706 1.0000e-12  -74.16792 -113.41048  38.309168      99.92 2.4680e+01    288.117       6916  1027.3440  1027.3447     3.6376     3.5895     0.1788    33.8025    33.8033    8.25269         39 0.0000e+00
     36.000     35.624    -0.8190  27.469929    -0.8185  27.470787     8.8302     9.1510    19.7525    75.7083 1.0000e-12  -74.16792 -113.41048  38.309190      99.96 2.4680e+01    289.980       6961  1027.3491  1027.3495     3.5919     3.2754     0.2437    33.8026    33.8031    8.25384         39 0.0000e+00
     37.000     36.614    -0.8235  27.466938    -0.8234  27.467278     8.7873     9.0968    20.0468    77.8438 1.0000e-12  -74.16792 -113.41048  38.309211      99.91 2.4680e+01    291.854       7005  1027.3543  1027.3547     3.6935     2.9881     0.2086    33.8029    33.8033    8.25479         38 0.0000e+00
     38.000     37.604    -0.8364  27.456349    -0.8374  27.456577     8.6596     8.9755    21.1442    75.9518 1.0000e-12  -74.16792 -113.41048  38.309232      99.99 2.4680e+01    293.681       7049  1027.3596  1027.3608     3.6035     3.2720     0.2398    33.8025    33.8039    8.25766         40 0.0000e+00
     39.000     38.594    -0.8797  27.420770    -0.8861  27.417616     8.5351     8.8568    18.9007    77.0673 1.0000e-12  -74.16792 -113.41048  38.309253      99.98 2.4680e+01    295.490       7093  1027.3667  1027.3695     3.6563     3.4266     0.2134    33.8021    33.8050    8.26718         41 0.0000e+00
     40.000     39.582    -0.9231  27.385610    -0.9240  27.385438     8.3601     8.6667    23.0236    77.8036 1.0000e-12  -74.16792 -113.41048  38.309274      99.96 2.4680e+01    297.308       7136  1027.3743  1027.3749     3.6915     3.0914     0.2218    33.8025    33.8033    8.27670         38 0.0000e+00
     41.000     40.572    -0.9612  27.355004    -0.9636  27.355581     8.0170     8.3692    22.6842    76.0015 1.0000e-12  -74.16792 -113.41048  38.309295      99.93 2.4680e+01    299.130       7180  1027.3815  1027.3844     3.6068     2.8084     0.2022    33.8031    33.8066    8.28508         35 0.0000e+00
     42.000     41.561    -1.0555  27.281085    -1.0593  27.280402     7.8414     8.1718    18.2893    77.2999 1.0000e-12  -74.16792 -113.41048  38.309317      96.99 2.4680e+01    300.957       7224  1027.3955  1027.3983     3.6674     2.6894     0.2151    33.8079    33.8112    8.30564         41 0.0000e+00
     43.000     42.551    -1.0676  27.273668    -1.0681  27.273578     7.5250     7.8342    21.0549    76.8242 1.0000e-12  -74.16792 -113.41048  38.309338      99.89 2.4680e+01    302.811       7268  1027.4022  1027.4026     3.6448     2.6525     0.2021    33.8107    33.8112    8.30814         43 0.0000e+00
     44.000     43.541    -1.1614  27.201230    -1.1693  27.199569     6.9522     7.2836    25.8042    76.9801 1.0000e-12  -74.16792 -113.41048  38.309359      99.89 2.4680e+01    304.637       7312  1027.4169  1027.4228     3.6523     2.7069     0.2278    33.8169    33.8235    8.32863         36 0.0000e+00
     45.000     44.529    -1.2891  27.100781    -1.2902  27.103768     6.1101     6.5455    20.5272    79.2980 1.0000e-12  -74.16792 -113.41048  38.309380      99.88 2.4680e+01    306.466       7356  1027.4330  1027.4373     3.7620     2.8141     0.2160    33.8228    33.8281    8.35678         38 0.0000e+00
     46.000     45.519    -1.4137  27.019361    -1.4172  27.018916     5.6460     6.0460    21.1271    78.8694 1.0000e-12  -74.16792 -113.41048  38.309402      99.74 2.4680e+01    308.333       7401  1027.4667  1027.4695     3.7414     2.3842     0.1912    33.8514    33.8548    8.38305         41 0.0000e+00
     47.000     46.508    -1.4201  27.020283    -1.4210  27.020555     5.6814     5.9840    13.6767    79.8016 1.0000e-12  -74.16792 -113.41048  38.309423      99.38 2.4680e+01    310.146       7444  1027.4761  1027.4772     3.7860     1.6403     0.1813    33.8593    33.8606    8.38402         42 0.0000e+00
     48.000     47.498    -1.4201  27.021365    -1.4209  27.021567     5.7674     5.9991     8.8514    81.2554 1.0000e-12  -74.16792 -113.41048  38.309444      97.99 2.4680e+01    311.940       7488  1027.4801  1027.4811     3.8547     1.3738     0.1576    33.8601    33.8613    8.38396         42 0.0000e+00
     49.000     48.487    -1.4204  27.021853    -1.4212  27.022043     5.8045     5.9960     9.1404    82.0682 1.0000e-12  -74.16792 -113.41048  38.309465      93.62 2.4680e+01    313.760       7531  1027.4840  1027.4849     3.8934     1.5183     0.1502    33.8606    33.8617    8.38401         40 0.0000e+00
     50.000     49.476    -1.4212  27.022065    -1.4219  27.022142     5.7898     5.9627     7.5092    82.8906 1.0000e-12  -74.16792 -113.41048  38.309486      99.71 2.4680e+01    315.582       7575  1027.4883  1027.4891     3.9332     1.2031     0.1475    33.8610    33.8620    8.38415         37 0.0000e+00
     51.000     50.466    -1.4219  27.022068    -1.4227  27.022219     5.7833     5.9433     6.9331    85.2810 1.0000e-12  -74.16792 -113.41049  38.309507      99.66 2.4680e+01    317.408       7619  1027.4926  1027.4935     4.0455     0.9208     0.1444    33.8612    33.8623    8.38430         42 0.0000e+00
     52.000     51.454    -1.4221  27.022612    -1.4228  27.022706     5.7830     5.9416     3.3461    87.7071 1.0000e-12  -74.16792 -113.41049  38.309528      99.70 2.4680e+01    319.224       7662  1027.4971  1027.4979     4.1610     0.7885     0.1343    33.8616    33.8626    8.38433         40 0.0000e+00
