ocean_section_plots/required_files/ctd/dnbp2202_ctd263.cnv
* Sea-Bird SBE 9 Data File:
* FileName = D:\Data\raw\NBP2202_CTD263.hex
* Software Version Seasave V 7.26.7.121
* Temperature SN = 1649
* Conductivity SN = 2513
* Number of Bytes Per Scan = 40
* Number of Voltage Words = 5
* Number of Scans Averaged by the Deck Unit = 1
* NMEA Latitude = 73 52.49 S
* NMEA Longitude = 118 43.63 W
* NMEA UTC (Time) = Feb 19 2022  16:04:37
* NMEA baud rate = 9600
** Ship: RVIB N.B. Palmer
** Cruise: NBP2202 Thwaites
** Station: 168
** Operator: A. Robinson
# nquan = 28
# nvalues = 716                         
# units = specified
# name 0 = prDM: Pressure, Digiquartz [db]
# name 1 = depSM: Depth [salt water, m]
# name 2 = t090C: Temperature [ITS-90, deg C]
# name 3 = c0mS/cm: Conductivity [mS/cm]
# name 4 = t190C: Temperature, 2 [ITS-90, deg C]
# name 5 = c1mS/cm: Conductivity, 2 [mS/cm]
# name 6 = sbeox0ML/L: Oxygen, SBE 43 [ml/l]
# name 7 = sbeox1ML/L: Oxygen, SBE 43, 2 [ml/l]
# name 8 = flECO-AFL: Fluorescence, WET Labs ECO-AFL/FL [mg/m^3]
# name 9 = CStarTr0: Beam Transmission, WET Labs C-Star [%]
# name 10 = par: PAR/Irradiance, Biospherical/Licor
# name 11 = latitude: Latitude [deg]
# name 12 = longitude: Longitude [deg]
# name 13 = timeJ: Julian Days
# name 14 = altM: Altimeter [m]
# name 15 = spar: SPAR, Biospherical/Licor
# name 16 = timeS: Time, Elapsed [seconds]
# name 17 = scan: Scan Count
# name 18 = density00: Density [density, kg/m^3]
# name 19 = density11: Density, 2 [density, kg/m^3]
# name 20 = v3: Voltage 3
# name 21 = v4: Voltage 4
# name 22 = v5: Voltage 5
# name 23 = sal00: Salinity, Practical [PSU]
# name 24 = sal11: Salinity, Practical, 2 [PSU]
# name 25 = oxsolML/L: Oxygen Saturation, Garcia & Gordon [ml/l]
# name 26 = nbin: number of scans per bin
# name 27 = flag: flag
# span 0 =      2.000,    717.000       
# span 1 =      1.980,    708.369       
# span 2 =    -1.7500,     0.3627       
# span 3 =  26.936206,  29.288527       
# span 4 =    -1.7500,     0.3649       
# span 5 =  26.936861,  29.289242       
# span 6 =     4.7483,     9.1333       
# span 7 =     4.9375,     9.4956       
# span 8 =    -0.0220,    12.7849       
# span 9 =    87.4710,    98.7640       
# span 10 = 1.0000e-12, 7.5202e+02      
# span 11 =  -73.87492,  -73.87490      
# span 12 = -118.72734, -118.72728      
# span 13 =  50.672185,  50.682041      
# span 14 =       4.02,     100.49      
# span 15 = 1.4828e+03, 1.5388e+03      
# span 16 =    199.769,   1051.306      
# span 17 =       4795,      25232      
# span 18 =  1027.1214,  1031.0631      
# span 19 =  1027.1224,  1031.0615      
# span 20 =     4.1501,     4.6852      
# span 21 =     0.0643,     1.8613      
# span 22 =     0.1134,     0.2021      
# span 23 =    33.7545,    34.4950      
# span 24 =    33.7562,    34.4932      
# span 25 =    7.96305,    8.44879      
# span 26 =         19,         45      
# span 27 = 0.0000e+00, 0.0000e+00      
# interval = decibars: 1                
# start_time = Feb 19 2022 16:04:37 [NMEA time, header]
# bad_flag = -9.990e-29
*END*
[from data line 363]
    365.000    360.909    -1.0725  27.644985    -1.0713  27.645070     5.6269     5.8208    -0.0220    98.6568 1.0000e-12  -73.87490 -118.72731  50.677472      99.78 1.5220e+03    656.604      15759  1029.1916  1029.1906     4.6801     0.0707     0.1170    34.1240    34.1228    8.29082         27 0.0000e+00
    366.000    361.898    -1.0713  27.646407    -1.0696  27.647104     5.6165     5.8117     0.0106    98.6460 1.0000e-12  -73.87490 -118.72732  50.677486      99.78 1.5248e+03    657.785      15788  1029.1964  1029.1955     4.6796     0.0720     0.1171    34.1240    34.1230    8.29056         29 0.0000e+00
    367.000    362.885    -1.0639  27.654395    -1.0622  27.654566     5.6063     5.7974     0.2298    98.6596 1.0000e-12  -73.87490 -118.72731  50.677499      99.78 1.5235e+03    658.942      15816  1029.2022  1029.2007     4.6803     0.0700     0.1178    34.1259    34.1241    8.28881         26 0.0000e+00
    368.000    363.872    -1.0538  27.664861    -1.0481  27.668658     5.5920     5.7971    -0.0142    98.6630 1.0000e-12  -73.87490 -118.72730  50.677511      99.78 1.5223e+03    659.976      15840  1029.2081  1029.2066     4.6804     0.0697     0.1176    34.1281    34.1268    8.28645         24 0.0000e+00
    369.000    364.862    -1.0402  27.677980    -1.0390  27.677995     5.5855     5.7881    -0.0150    98.6438 1.0000e-12  -73.87490 -118.72730  50.677523      99.78 1.5192e+03    660.975      15864  1029.2134  1029.2123     4.6795     0.0688     0.1170    34.1299    34.1286    8.28334         24 0.0000e+00
    370.000    365.848    -1.0313  27.687182    -1.0338  27.683310     5.5768     5.7786    -0.0074    98.6068 1.0000e-12  -73.87490 -118.72730  50.677535      74.97 1.5176e+03    662.029      15890  1029.2192  1029.2174     4.6778     0.0669     0.1178    34.1318    34.1293    8.28127         26 0.0000e+00
    371.000    366.836    -1.0174  27.700990    -1.0173  27.699640     5.5869     5.7774    -0.0074    98.6548 1.0000e-12  -73.87490 -118.72732  50.677548      94.94 1.5201e+03    663.150      15917  1029.2250  1029.2235     4.6800     0.0700     0.1186    34.1342    34.1322    8.27806         27 0.0000e+00
    372.000    367.825    -1.0155  27.703142    -1.0134  27.703954     5.5815     5.7725    -0.0152    98.6546 1.0000e-12  -73.87490 -118.72732  50.677561      99.91 1.5276e+03    664.254      15943  1029.2299  1029.2289     4.6800     0.0686     0.1172    34.1343    34.1331    8.27763         26 0.0000e+00
    373.000    368.812    -1.0133  27.705883    -1.0120  27.705962     5.5587     5.7680    -0.0150    98.6504 1.0000e-12  -73.87490 -118.72732  50.677573      99.78 1.5251e+03    665.291      15968  1029.2352  1029.2341     4.6798     0.0701     0.1188    34.1349    34.1336    8.27711         25 0.0000e+00
    374.000    369.800    -1.0056  27.713700    -1.0045  27.713548     5.5480     5.7617    -0.0084    98.6459 1.0000e-12  -73.87490 -118.72730  50.677585      99.78 1.5218e+03    666.304      15992  1029.2406  1029.2394     4.6796     0.0705     0.1181    34.1363    34.1348    8.27534         24 0.0000e+00
    375.000    370.788    -0.9926  27.726195    -0.9960  27.721644     5.5504     5.7562    -0.0139    98.6067 1.0000e-12  -73.87490 -118.72730  50.677597      99.78 1.5205e+03    667.364      16018  1029.2459  1029.2443     4.6777     0.0702     0.1192    34.1379    34.1356    8.27237         26 0.0000e+00
    376.000    371.775    -0.9868  27.731635    -0.9886  27.728813     5.5418     5.7459    -0.0150    98.6194 1.0000e-12  -73.87490 -118.72732  50.677610      99.78 1.5191e+03    668.464      16044  1029.2506  1029.2493     4.6784     0.0712     0.1193    34.1382    34.1363    8.27109         27 0.0000e+00
    377.000    372.765    -0.9808  27.737749    -0.9792  27.737855     5.5388     5.7335    -0.0150    98.6497 1.0000e-12  -73.87490 -118.72732  50.677622      99.78 1.5215e+03    669.577      16071  1029.2558  1029.2544     4.6798     0.0707     0.1169    34.1390    34.1374    8.26971         27 0.0000e+00
    378.000    373.752    -0.9774  27.741263    -0.9763  27.741439     5.5320     5.7316    -0.0083    98.6514 1.0000e-12  -73.87490 -118.72732  50.677635      99.78 1.5234e+03    670.657      16097  1029.2608  1029.2598     4.6799     0.0701     0.1182    34.1394    34.1383    8.26895         25 0.0000e+00
    379.000    374.739    -0.9762  27.743320    -0.9746  27.743290     5.5385     5.7333    -0.0137    98.6274 1.0000e-12  -73.87490 -118.72732  50.677647      99.78 1.5242e+03    671.669      16121  1029.2663  1029.2647     4.6788     0.0695     0.1185    34.1402    34.1383    8.26864         23 0.0000e+00
    380.000    375.728    -0.9671  27.752557    -0.9664  27.751939     5.5329     5.7271    -0.0147    98.6362 1.0000e-12  -73.87490 -118.72732  50.677658      99.78 1.5213e+03    672.643      16144  1029.2718  1029.2705     4.6792     0.0695     0.1205    34.1418    34.1402    8.26654         24 0.0000e+00
    381.000    376.715    -0.9605  27.759862    -0.9596  27.759387     5.5133     5.7061    -0.0150    98.6379 1.0000e-12  -73.87490 -118.72732  50.677670      99.79 1.5223e+03    673.717      16170  1029.2777  1029.2764     4.6792     0.0709     0.1192    34.1437    34.1421    8.26498         29 0.0000e+00
    382.000    377.703    -0.9454  27.774889    -0.9426  27.775494     5.4990     5.7002    -0.0091    98.6344 1.0000e-12  -73.87490 -118.72732  50.677685      86.25 1.5207e+03    674.943      16200  1029.2837  1029.2817     4.6791     0.0678     0.1168    34.1463    34.1441    8.26150         29 0.0000e+00
    383.000    378.692    -0.9359  27.783620    -0.9335  27.784551     5.5163     5.6940    -0.0077    98.6269 1.0000e-12  -73.87490 -118.72732  50.677698      98.57 1.5205e+03    676.102      16227  1029.2884  1029.2870     4.6787     0.0697     0.1183    34.1469    34.1455    8.25939         26 0.0000e+00
    384.000    379.677    -0.9338  27.785863    -0.9317  27.786732     5.5030     5.6923    -0.0077    98.6383 1.0000e-12  -73.87490 -118.72732  50.677710      99.79 1.5222e+03    677.142      16252  1029.2932  1029.2921     4.6792     0.0704     0.1195    34.1469    34.1457    8.25892         24 0.0000e+00
    385.000    380.667    -0.9271  27.792739    -0.9254  27.793015     5.4860     5.6919    -0.0077    98.6331 1.0000e-12  -73.87490 -118.72732  50.677721      99.78 1.5231e+03    678.125      16276  1029.2985  1029.2971     4.6790     0.0703     0.1174    34.1480    34.1465    8.25738         23 0.0000e+00
    386.000    381.655    -0.9251  27.794781    -0.9239  27.794915     5.5251     5.6910    -0.0074    98.6298 1.0000e-12  -73.87490 -118.72732  50.677733      90.57 1.5219e+03    679.127      16300  1029.3032  1029.3022     4.6788     0.0696     0.1179    34.1480    34.1468    8.25695         25 0.0000e+00
    387.000    382.643    -0.9225  27.798071    -0.9210  27.798075     5.5016     5.6881    -0.0112    98.6370 1.0000e-12  -73.87490 -118.72732  50.677746      67.41 1.5226e+03    680.241      16327  1029.3086  1029.3073     4.6792     0.0698     0.1185    34.1489    34.1472    8.25632         29 0.0000e+00
    388.000    383.630    -0.9216  27.799582    -0.9194  27.800752     5.5276     5.7051    -0.0150    98.6228 1.0000e-12  -73.87490 -118.72730  50.677760      99.85 1.5211e+03    681.461      16356  1029.3139  1029.3131     4.6785     0.0704     0.1169    34.1493    34.1485    8.25611         29 0.0000e+00
    389.000    384.618    -0.9357  27.788579    -0.9326  27.790351     5.5432     5.7310     0.1905    98.6205 1.0000e-12  -73.87490 -118.72732  50.677773      99.79 1.5203e+03    682.592      16383  1029.3202  1029.3191     4.6784     0.0707     0.1178    34.1498    34.1486    8.25918         25 0.0000e+00
    390.000    385.605    -0.9482  27.777059    -0.9507  27.775063     5.5327     5.7425     0.0617    98.6179 1.0000e-12  -73.87490 -118.72732  50.677785      99.79 1.5217e+03    683.590      16407  1029.3243  1029.3247     4.6783     0.0704     0.1178    34.1476    34.1478    8.26204         22 0.0000e+00
    391.000    386.594    -0.9655  27.764048    -0.9637  27.764724     5.2999     5.7405    -0.0076    98.6320 1.0000e-12  -73.87490 -118.72732  50.677795      99.79 1.5244e+03    684.506      16429  1029.3314  1029.3304     4.6789     0.0701     0.1162    34.1490    34.1478    8.26577         23 0.0000e+00
    392.000    387.583    -0.9558  27.773638    -0.9549  27.773092     5.5372     5.7266    -0.0120    98.6298 1.0000e-12  -73.87490 -118.72732  50.677807      99.78 1.5238e+03    685.485      16453  1029.3366  1029.3351     4.6789     0.0698     0.1184    34.1504    34.1486    8.26356         25 0.0000e+00
    393.000    388.568    -0.9462  27.782746    -0.9433  27.784037     5.5654     5.7179    -0.0073    98.6348 1.0000e-12  -73.87490 -118.72732  50.677820      99.79 1.5234e+03    686.674      16481  1029.3412  1029.3398     4.6791     0.0707     0.1170    34.1513    34.1497    8.26139         32 0.0000e+00
    394.000    389.557    -0.9351  27.794240    -0.9323  27.795135     5.5195     5.7103    -0.0124    98.6289 1.0000e-12  -73.87490 -118.72732  50.677835      76.34 1.5226e+03    687.949      16512  1029.3471  1029.3454     4.6788     0.0686     0.1179    34.1536    34.1517    8.25881         28 0.0000e+00
    395.000    390.545    -0.9209  27.808334    -0.9189  27.808787     5.5005     5.6957    -0.0096    98.6319 1.0000e-12  -73.87490 -118.72732  50.677847      84.35 1.5234e+03    688.988      16537  1029.3528  1029.3514     4.6790     0.0682     0.1178    34.1561    34.1544    8.25555         23 0.0000e+00
    396.000    391.532    -0.9079  27.821656    -0.9065  27.821303     5.4897     5.6920    -0.0110    98.6414 1.0000e-12  -73.87490 -118.72732  50.677858      98.82 1.5245e+03    689.944      16560  1029.3589  1029.3572     4.6793     0.0693     0.1180    34.1589    34.1568    8.25254         22 0.0000e+00
    397.000    392.520    -0.8962  27.833415    -0.8942  27.833854     5.4734     5.6742    -0.0125    98.6365 1.0000e-12  -73.87490 -118.72732  50.677869      99.78 1.5253e+03    690.869      16582  1029.3646  1029.3631     4.6792     0.0701     0.1189    34.1610    34.1593    8.24986         23 0.0000e+00
    398.000    393.508    -0.8819  27.847662    -0.8798  27.848146     5.4643     5.6675    -0.0078    98.6244 1.0000e-12  -73.87490 -118.72732  50.677880      99.79 1.5248e+03    691.814      16605  1029.3704  1029.3689     4.6786     0.0697     0.1185    34.1635    34.1618    8.24657         23 0.0000e+00
    399.000    394.495    -0.8752  27.854578    -0.8734  27.854788     5.4590     5.6615    -0.0077    98.6287 1.0000e-12  -73.87490 -118.72732  50.677892      99.79 1.5231e+03    692.828      16629  1029.3757  1029.3743     4.6788     0.0706     0.1193    34.1647    34.1629    8.24503         25 0.0000e+00
    400.000    395.483    -0.8656  27.864077    -0.8644  27.863882     5.4644     5.6586    -0.0077    98.6339 1.0000e-12  -73.87490 -118.72732  50.677904      99.79 1.5231e+03    693.916      16655  1029.3811  1029.3797     4.6791     0.0701     0.1166    34.1661    34.1645    8.24285         26 0.0000e+00
    401.000    396.472    -0.8670  27.863188    -0.8648  27.864090     5.4560     5.6535    -0.0152    98.6351 1.0000e-12  -73.87490 -118.72732  50.677916      99.78 1.5226e+03    694.959      16680  1029.3860  1029.3848     4.6791     0.0703     0.1178    34.1659    34.1646    8.24318         24 0.0000e+00
    402.000    397.458    -0.8634  27.867197    -0.8619  27.867324     5.4436     5.6453    -0.0150    98.6379 1.0000e-12  -73.87490 -118.72732  50.677927      99.78 1.5244e+03    695.910      16703  1029.3912  1029.3899     4.6792     0.0701     0.1187    34.1666    34.1651    8.24234         22 0.0000e+00
    403.000    398.447    -0.8554  27.875491    -0.8531  27.876074     5.4319     5.6440    -0.0086    98.6387 1.0000e-12  -73.87490 -118.72732  50.677938      99.79 1.5238e+03    696.834      16725  1029.3967  1029.3952     4.6793     0.0696     0.1180    34.1682    34.1665    8.24049         23 0.0000e+00
    404.000    399.435    -0.8361  27.895000    -0.8325  27.896412     5.4160     5.6206    -0.0124    98.6387 1.0000e-12  -73.87490 -118.72732  50.677949      99.79 1.5236e+03    697.773      16748  1029.4034  1029.4015     4.6793     0.0703     0.1186    34.1722    34.1701    8.23605         23 0.0000e+00
    405.000    400.422    -0.8166  27.914367    -0.8147  27.914519     5.5124     5.5990    -0.0147    98.6320 1.0000e-12  -73.87490 -118.72732  50.677960      99.78 1.5241e+03    698.736      16771  1029.4097  1029.4080     4.6790     0.0698     0.1172    34.1758    34.1738    8.23158         23 0.0000e+00
    406.000    401.410    -0.7914  27.939543    -0.7897  27.938992     5.4120     5.5741    -0.0119    98.6297 1.0000e-12  -73.87490 -118.72732  50.677972      99.79 1.5236e+03    699.735      16795  1029.4168  1029.4145     4.6788     0.0712     0.1168    34.1808    34.1781    8.22579         24 0.0000e+00
    407.000    402.398    -0.7482  27.981687    -0.7487  27.978595     5.1409     5.5585    -0.0073    98.6254 1.0000e-12  -73.87490 -118.72732  50.677983      91.69 1.5242e+03    700.743      16819  1029.4243  1029.4216     4.6786     0.0688     0.1178    34.1883    34.1847    8.21594         24 0.0000e+00
    408.000    403.385    -0.7376  27.991601    -0.7362  27.991223     5.4232     5.5543    -0.0074    98.6190 1.0000e-12  -73.87490 -118.72732  50.677995      83.15 1.5243e+03    701.730      16843  1029.4294  1029.4276     4.6783     0.0691     0.1195    34.1891    34.1870    8.21359         24 0.0000e+00
    409.000    404.373    -0.7300  27.999802    -0.7283  27.999984     5.3697     5.5539    -0.0143    98.6196 1.0000e-12  -73.87490 -118.72732  50.678006      92.60 1.5251e+03    702.705      16866  1029.4354  1029.4339     4.6784     0.0696     0.1195    34.1910    34.1893    8.21182         23 0.0000e+00
    410.000    405.360    -0.7280  28.002220    -0.7264  28.002504     5.3126     5.5542    -0.0063    98.6208 1.0000e-12  -73.87490 -118.72732  50.678017      99.87 1.5246e+03    703.677      16889  1029.4407  1029.4395     4.6784     0.0713     0.1198    34.1914    34.1900    8.21137         23 0.0000e+00
    411.000    406.350    -0.7284  28.002301    -0.7268  28.002477     5.3836     5.5516     0.0021    98.6222 1.0000e-12  -73.87490 -118.72732  50.678028      99.78 1.5237e+03    704.658      16913  1029.4458  1029.4444     4.6785     0.0722     0.1193    34.1913    34.1897    8.21145         24 0.0000e+00
    412.000    407.336    -0.7283  28.002699    -0.7269  28.002600     5.3581     5.5487    -0.0127    98.6102 1.0000e-12  -73.87490 -118.72732  50.678040      99.79 1.5250e+03    705.666      16937  1029.4507  1029.4493     4.6779     0.0704     0.1185    34.1912    34.1895    8.21145         25 0.0000e+00
    413.000    408.324    -0.7270  28.004582    -0.7254  28.004583     5.3559     5.5441    -0.0080    98.6018 1.0000e-12  -73.87490 -118.72732  50.678052      99.79 1.5251e+03    706.698      16962  1029.4560  1029.4545     4.6775     0.0713     0.1219    34.1916    34.1899    8.21114         24 0.0000e+00
    414.000    409.311    -0.7130  28.019414    -0.7111  28.019277     5.3455     5.5417    -0.0067    98.5776 1.0000e-12  -73.87490 -118.72732  50.678064      99.78 1.5243e+03    707.691      16986  1029.4628  1029.4607     4.6764     0.0713     0.1196    34.1953    34.1929    8.20789         23 0.0000e+00
    415.000    410.300    -0.7060  28.026952    -0.7043  28.026876     5.3378     5.5291    -0.0067    98.5918 1.0000e-12  -73.87490 -118.72732  50.678074      99.78 1.5265e+03    708.635      17008  1029.4685  1029.4668     4.6770     0.0710     0.1193    34.1969    34.1949    8.20627         23 0.0000e+00
