ocean_section_plots/required_files/ctd/dnbp2202_ctd240.cnv
* Sea-Bird SBE 9 Data File:
* FileName = D:\Data\raw\NBP2202_CTD240.hex
* Software Version Seasave V 7.26.7.121
* Temperature SN = 1649
* Conductivity SN = 2513
* Number of Bytes Per Scan = 40
* Number of Voltage Words = 5
* Number of Scans Averaged by the Deck Unit = 1
* NMEA Latitude = 73 58.56 S
* NMEA Longitude = 118 30.32 W
* NMEA UTC (Time) = Feb 14 2022  14:40:11
* NMEA baud rate = 9600
** Ship: RVIB N.B. Palmer
** Cruise: NBP2202 Thwaites
** Station: 150
** Operator: B. Bjork
# nquan = 28
# nvalues = 1351                        
# units = specified
# name 0 = prDM: Pressure, Digiquartz [db]
# name 1 = depSM: Depth [salt water, m]
# name 2 = t090C: Temperature [ITS-90, deg C]
# name 3 = c0mS/cm: Conductivity [mS/cm]
# name 4 = t190C: Temperature, 2 [ITS-90, deg C]
# name 5 = c1mS/cm: Conductivity, 2 [mS/cm]
# name 6 = sbeox0ML/L: Oxygen, SBE 43 [ml/l]
# name 7 = sbeox1ML/L: Oxygen, SBE 43, 2 [ml/l]
# name 8 = flECO-AFL: Fluorescence, WET Labs ECO-AFL/FL [mg/m^3]
# name 9 = CStarTr0: Beam Transmission, WET Labs C-Star [%]
# name 10 = par: PAR/Irradiance, Biospherical/Licor
# name 11 = latitude: Latitude [deg]
# name 12 = longitude: Longitude [deg]
# name 13 = timeJ: Julian Days
# name 14 = altM: Altimeter [m]
# name 15 = spar: SPAR, Biospherical/Licor
# name 16 = timeS: Time, Elapsed [seconds]
# name 17 = scan: Scan Count
# name 18 = density00: Density [density, kg/m^3]
# name 19 = density11: Density, 2 [density, kg/m^3]
# name 20 = v3: Voltage 3
# name 21 = v4: Voltage 4
# name 22 = v5: Voltage 5
# name 23 = sal00: Salinity, Practical [PSU]
# name 24 = sal11: Salinity, Practical, 2 [PSU]
# name 25 = oxsolML/L: Oxygen Saturation, Garcia & Gordon [ml/l]
# name 26 = nbin: number of scans per bin
# name 27 = flag: flag
# span 0 =      2.000,   1352.000       
# span 1 =      1.983,   1333.690       
# span 2 =    -1.7528,     0.7493       
# span 3 =  26.926012,  29.966168       
# span 4 =    -1.7525,     0.7516       
# span 5 =  26.926399,  29.966580       
# span 6 =     4.6003,     9.2245       
# span 7 =     4.7161,     9.6203       
# span 8 =    -0.0150,    11.1810       
# span 9 =    85.2639,    97.5989       
# span 10 = 1.0000e-12, 1.0538e+02      
# span 11 =  -73.97602,  -73.97602      
# span 12 = -118.50550, -118.50544      
# span 13 =  45.614562,  45.632477      
# span 14 =       2.39,     100.27      
# span 15 = 1.4741e+03, 1.5582e+03      
# span 16 =    287.119,   1835.018      
# span 17 =       6892,      44041      
# span 18 =  1027.1544,  1034.0544      
# span 19 =  1027.1564,  1034.0525      
# span 20 =     4.0450,     4.6299      
# span 21 =     0.0635,     1.8268      
# span 22 =     0.1089,     0.1936      
# span 23 =    33.7876,    34.5897      
# span 24 =    33.7911,    34.5877      
# span 25 =    7.87876,    8.44724      
# span 26 =         20,         78      
# span 27 = 0.0000e+00, 0.0000e+00      
# interval = decibars: 1                
# start_time = Feb 14 2022 14:40:11 [NMEA time, header]
# bad_flag = -9.990e-29
*END*
[from data line 208]
    210.000    207.723    -1.7252  26.947247    -1.7262  26.947505     6.2037     6.4110     0.3981    96.8058 1.0000e-12  -73.97602 -118.50547  45.617557      99.40 1.4999e+03    545.960      13104  1028.3795  1028.3807     4.5923     0.1690     0.1143    34.0033    34.0048    8.44452         24 0.0000e+00
    211.000    208.710    -1.7250  26.948109    -1.7258  26.948279     6.1979     6.4100     0.6956    96.6550 1.0000e-12  -73.97602 -118.50548  45.617569      99.66 1.4972e+03    546.957      13128  1028.3844  1028.3855     4.5852     0.1247     0.1139    34.0035    34.0048    8.44445         23 0.0000e+00
    212.000    209.701    -1.7248  26.948731    -1.7257  26.948927     6.1988     6.4100     1.3396    96.6782 1.0000e-12  -73.97602 -118.50548  45.617580      99.65 1.4995e+03    547.938      13152  1028.3893  1028.3904     4.5863     0.1906     0.1116    34.0037    34.0049    8.44441         24 0.0000e+00
    213.000    210.690    -1.7250  26.949055    -1.7260  26.949182     6.1937     6.4163     0.6562    96.8422 1.0000e-12  -73.97602 -118.50547  45.617592      99.65 1.5019e+03    548.955      13176  1028.3942  1028.3952     4.5941     0.2399     0.1149    34.0036    34.0049    8.44445         25 0.0000e+00
    214.000    211.677    -1.7262  26.949010    -1.7269  26.949210     6.2040     6.4151     1.2693    97.0182 1.0000e-12  -73.97602 -118.50546  45.617604      99.65 1.4990e+03    550.008      13201  1028.3996  1028.4005     4.6024     0.1293     0.1131    34.0043    34.0054    8.44468         25 0.0000e+00
    215.000    212.667    -1.7264  26.949531    -1.7273  26.949741     6.2021     6.4149     1.0900    96.7453 1.0000e-12  -73.97602 -118.50546  45.617616      99.65 1.5011e+03    551.056      13226  1028.4046  1028.4058     4.5894     0.1992     0.1156    34.0046    34.0060    8.44471         25 0.0000e+00
    216.000    213.655    -1.7264  26.950181    -1.7273  26.950396     6.2032     6.4080     1.1470    96.6468 1.0000e-12  -73.97602 -118.50548  45.617628      99.66 1.5015e+03    552.054      13250  1028.4097  1028.4107     4.5848     0.1305     0.1128    34.0050    34.0062    8.44469         23 0.0000e+00
    217.000    214.642    -1.7261  26.951113    -1.7270  26.950910     6.2038     6.4097     1.0965    96.6140 1.0000e-12  -73.97602 -118.50547  45.617639      99.65 1.4989e+03    553.014      13273  1028.4147  1028.4153     4.5833     0.1362     0.1160    34.0052    34.0060    8.44460         23 0.0000e+00
    218.000    215.632    -1.7256  26.952217    -1.7266  26.952178     6.2028     6.4189     0.3649    96.8638 1.0000e-12  -73.97602 -118.50547  45.617650      99.66 1.5010e+03    553.997      13297  1028.4197  1028.4206     4.5951     0.1622     0.1103    34.0056    34.0066    8.44447         24 0.0000e+00
    219.000    216.621    -1.7267  26.951642    -1.7278  26.951650     6.2143     6.4230     0.5196    96.5908 1.0000e-12  -73.97602 -118.50547  45.617662      99.65 1.5017e+03    555.018      13321  1028.4246  1028.4256     4.5821     0.1516     0.1143    34.0055    34.0067    8.44474         25 0.0000e+00
    220.000    217.609    -1.7288  26.950669    -1.7296  26.950835     6.2136     6.4300     0.3190    96.7041 1.0000e-12  -73.97602 -118.50548  45.617674      99.65 1.5004e+03    556.043      13346  1028.4297  1028.4308     4.5876     0.1270     0.1137    34.0058    34.0070    8.44518         24 0.0000e+00
    221.000    218.599    -1.7309  26.949603    -1.7320  26.949666     6.2140     6.4341     0.4805    96.8620 1.0000e-12  -73.97602 -118.50546  45.617686      90.63 1.5004e+03    557.059      13370  1028.4349  1028.4360     4.5950     0.0849     0.1119    34.0061    34.0075    8.44565         25 0.0000e+00
    222.000    219.587    -1.7321  26.949754    -1.7328  26.949912     6.2166     6.4306     0.1471    96.8905 1.0000e-12  -73.97602 -118.50548  45.617698      95.24 1.5019e+03    558.094      13395  1028.4405  1028.4414     4.5964     0.0957     0.1141    34.0071    34.0081    8.44586         25 0.0000e+00
    223.000    220.575    -1.7328  26.949761    -1.7337  26.949782     6.2158     6.4225     0.1108    96.7484 1.0000e-12  -73.97602 -118.50546  45.617710      99.58 1.5004e+03    559.137      13420  1028.4455  1028.4464     4.5896     0.1576     0.1116    34.0072    34.0083    8.44601         25 0.0000e+00
    224.000    221.564    -1.7327  26.950364    -1.7334  26.950437     6.2147     6.4166     0.2926    96.3159 1.0000e-12  -73.97602 -118.50548  45.617722      99.65 1.5009e+03    560.153      13445  1028.4503  1028.4511     4.5691     0.1145     0.1150    34.0073    34.0083    8.44597         24 0.0000e+00
    225.000    222.552    -1.7323  26.951072    -1.7330  26.951198     6.2130     6.4225     0.3000    96.4919 1.0000e-12  -73.97602 -118.50546  45.617733      99.66 1.5006e+03    561.122      13468  1028.4550  1028.4558     4.5775     0.1660     0.1138    34.0072    34.0082    8.44589         23 0.0000e+00
    226.000    223.542    -1.7322  26.951663    -1.7330  26.951762     6.2128     6.4255     0.2636    96.8881 1.0000e-12  -73.97602 -118.50548  45.617744      99.66 1.5017e+03    562.084      13491  1028.4599  1028.4608     4.5962     0.1277     0.1148    34.0073    34.0084    8.44587         23 0.0000e+00
    227.000    224.530    -1.7323  26.952146    -1.7329  26.952360     6.2161     6.4275     0.4067    96.7400 1.0000e-12  -73.97602 -118.50548  45.617756      99.66 1.5022e+03    563.106      13516  1028.4648  1028.4656     4.5892     0.1282     0.1135    34.0075    34.0085    8.44588         26 0.0000e+00
    228.000    225.517    -1.7317  26.953249    -1.7323  26.953404     6.2132     6.4264     0.4052    96.9550 1.0000e-12  -73.97602 -118.50548  45.617769      99.65 1.5031e+03    564.222      13542  1028.4697  1028.4705     4.5994     0.0895     0.1103    34.0077    34.0086    8.44573         27 0.0000e+00
    229.000    226.506    -1.7313  26.954104    -1.7319  26.954277     6.2114     6.4289     0.5111    97.1038 1.0000e-12  -73.97602 -118.50548  45.617781      99.66 1.5032e+03    565.313      13569  1028.4746  1028.4754     4.6064     0.1924     0.1132    34.0079    34.0088    8.44564         26 0.0000e+00
    230.000    227.494    -1.7311  26.954840    -1.7317  26.954945     6.2088     6.4273     0.6503    97.1738 1.0000e-12  -73.97602 -118.50548  45.617793      99.66 1.5004e+03    566.298      13592  1028.4795  1028.4802     4.6098     0.1200     0.1108    34.0080    34.0088    8.44558         22 0.0000e+00
    231.000    228.486    -1.7316  26.954904    -1.7323  26.954897     6.2118     6.4255     0.5189    97.0861 1.0000e-12  -73.97602 -118.50548  45.617803      99.67 1.5024e+03    567.214      13614  1028.4844  1028.4851     4.6056     0.1364     0.1128    34.0080    34.0088    8.44569         22 0.0000e+00
    232.000    229.473    -1.7313  26.955459    -1.7323  26.955452     6.2168     6.4322     0.2079    96.8831 1.0000e-12  -73.97602 -118.50548  45.617814      99.66 1.5029e+03    568.137      13636  1028.4890  1028.4899     4.5961     0.1168     0.1160    34.0078    34.0089    8.44564         22 0.0000e+00
    233.000    230.460    -1.7321  26.955412    -1.7327  26.955555     6.2166     6.4327     0.2302    97.0484 1.0000e-12  -73.97602 -118.50548  45.617826      99.66 1.5029e+03    569.141      13660  1028.4940  1028.4948     4.6038     0.1170     0.1117    34.0081    34.0089    8.44581         26 0.0000e+00
    234.000    231.449    -1.7322  26.955801    -1.7329  26.955829     6.2116     6.4311     0.3620    97.0947 1.0000e-12  -73.97602 -118.50548  45.617839      98.88 1.5044e+03    570.264      13687  1028.4989  1028.4996     4.6060     0.0889     0.1131    34.0081    34.0089    8.44583         28 0.0000e+00
    235.000    232.438    -1.7324  26.956234    -1.7331  26.956269     6.2103     6.4346     0.1846    97.1939 1.0000e-12  -73.97602 -118.50548  45.617852      92.96 1.5047e+03    571.374      13714  1028.5038  1028.5046     4.6106     0.1346     0.1125    34.0083    34.0092    8.44586         25 0.0000e+00
    236.000    233.425    -1.7323  26.956823    -1.7330  26.956948     6.2157     6.4313     0.4183    96.7890 1.0000e-12  -73.97602 -118.50548  45.617863      99.69 1.5023e+03    572.359      13738  1028.5087  1028.5095     4.5918     0.0851     0.1143    34.0084    34.0093    8.44584         22 0.0000e+00
    237.000    234.416    -1.7318  26.957900    -1.7324  26.957989     6.2127     6.4270     0.2594    97.0564 1.0000e-12  -73.97602 -118.50548  45.617873      99.66 1.5016e+03    573.258      13759  1028.5136  1028.5143     4.6042     0.1324     0.1177    34.0086    34.0095    8.44570         21 0.0000e+00
    238.000    235.404    -1.7320  26.958173    -1.7327  26.958360     6.2097     6.4217     0.2341    97.0731 1.0000e-12  -73.97602 -118.50548  45.617884      99.66 1.5042e+03    574.154      13781  1028.5185  1028.5193     4.6050     0.1438     0.1180    34.0087    34.0097    8.44575         22 0.0000e+00
    239.000    236.392    -1.7330  26.958235    -1.7334  26.958355     6.2120     6.4250     0.1901    96.7619 1.0000e-12  -73.97602 -118.50548  45.617895      99.66 1.5016e+03    575.146      13805  1028.5238  1028.5243     4.5902     0.1102     0.1120    34.0092    34.0098    8.44593         26 0.0000e+00
    240.000    237.380    -1.7325  26.959227    -1.7331  26.959459     6.2132     6.4291     0.1815    97.0140 1.0000e-12  -73.97602 -118.50548  45.617908      99.66 1.5031e+03    576.288      13832  1028.5287  1028.5295     4.6022     0.0970     0.1127    34.0094    34.0104    8.44582         29 0.0000e+00
    241.000    238.370    -1.7314  26.961149    -1.7319  26.961214     6.2109     6.4268     0.2874    97.0491 1.0000e-12  -73.97602 -118.50548  45.617922      99.66 1.5041e+03    577.435      13859  1028.5341  1028.5346     4.6039     0.1054     0.1113    34.0102    34.0108    8.44552         26 0.0000e+00
    242.000    239.357    -1.7292  26.963449    -1.7297  26.963592     6.2078     6.4191     0.2258    96.7611 1.0000e-12  -73.97602 -118.50548  45.617933      99.67 1.5023e+03    578.448      13884  1028.5388  1028.5394     4.5902     0.0971     0.1118    34.0103    34.0110    8.44502         22 0.0000e+00
    243.000    240.346    -1.7297  26.963478    -1.7301  26.963694     6.2061     6.4191     0.1326    96.9810 1.0000e-12  -73.97602 -118.50548  45.617944      99.65 1.5013e+03    579.356      13906  1028.5436  1028.5443     4.6006     0.1497     0.1122    34.0102    34.0110    8.44513         22 0.0000e+00
    244.000    241.334    -1.7276  26.966043    -1.7288  26.965573     6.2079     6.4254     0.0867    96.8832 1.0000e-12  -73.97602 -118.50548  45.617954      99.66 1.5031e+03    580.261      13927  1028.5487  1028.5494     4.5960     0.1864     0.1151    34.0107    34.0115    8.44461         22 0.0000e+00
    245.000    242.322    -1.7276  26.966737    -1.7283  26.966514     6.2056     6.4199     0.0812    97.1414 1.0000e-12  -73.97602 -118.50548  45.617966      99.66 1.5024e+03    581.234      13951  1028.5538  1028.5542     4.6082     0.1048     0.1123    34.0111    34.0116    8.44460         25 0.0000e+00
    246.000    243.312    -1.7273  26.967422    -1.7277  26.967503     6.2060     6.4186     0.0838    97.1931 1.0000e-12  -73.97602 -118.50548  45.617978      99.66 1.5012e+03    582.297      13976  1028.5586  1028.5591     4.6106     0.1358     0.1126    34.0110    34.0117    8.44453         26 0.0000e+00
    247.000    244.301    -1.7262  26.968909    -1.7267  26.968868     6.2083     6.4219     0.1173    96.9179 1.0000e-12  -73.97602 -118.50548  45.617991      85.59 1.5033e+03    583.410      14003  1028.5635  1028.5639     4.5978     0.1139     0.1120    34.0113    34.0117    8.44427         26 0.0000e+00
    248.000    245.288    -1.7242  26.971252    -1.7245  26.971268     6.2044     6.4193     0.2042    97.0956 1.0000e-12  -73.97602 -118.50548  45.618003      96.35 1.5027e+03    584.474      14028  1028.5684  1028.5687     4.6061     0.1181     0.1177    34.0115    34.0120    8.44378         25 0.0000e+00
    249.000    246.276    -1.7226  26.973188    -1.7229  26.973224     6.2063     6.4249     0.1816    97.2931 1.0000e-12  -73.97602 -118.50548  45.618015      99.70 1.5023e+03    585.470      14052  1028.5733  1028.5737     4.6155     0.1218     0.1162    34.0118    34.0122    8.44341         23 0.0000e+00
    250.000    247.266    -1.7194  26.976791    -1.7199  26.976853     6.2116     6.4244     0.7330    97.1565 1.0000e-12  -73.97602 -118.50548  45.618026      99.67 1.5018e+03    586.431      14075  1028.5786  1028.5791     4.6090     0.1821     0.1129    34.0126    34.0132    8.44264         23 0.0000e+00
    251.000    248.253    -1.7209  26.976294    -1.7217  26.976139     6.2116     6.4256     0.5945    97.0424 1.0000e-12  -73.97602 -118.50548  45.618037      99.67 1.5039e+03    587.391      14098  1028.5838  1028.5844     4.6037     0.1116     0.1172    34.0129    34.0136    8.44296         24 0.0000e+00
    252.000    249.243    -1.7232  26.975417    -1.7235  26.975597     6.2133     6.4268     0.4364    97.2281 1.0000e-12  -73.97602 -118.50548  45.618049      99.66 1.5030e+03    588.401      14123  1028.5894  1028.5899     4.6123     0.1423     0.1151    34.0137    34.0143    8.44343         25 0.0000e+00
    253.000    250.230    -1.7219  26.977299    -1.7227  26.977013     6.2114     6.4226     0.2802    97.1318 1.0000e-12  -73.97602 -118.50548  45.618061      99.66 1.5046e+03    589.498      14149  1028.5945  1028.5949     4.6078     0.1578     0.1162    34.0142    34.0147    8.44311         27 0.0000e+00
    254.000    251.219    -1.7212  26.978500    -1.7216  26.978551     6.2104     6.4238     0.1528    97.1603 1.0000e-12  -73.97602 -118.50548  45.618074      99.67 1.5020e+03    590.581      14175  1028.5994  1028.5999     4.6091     0.1388     0.1141    34.0144    34.0150    8.44293         24 0.0000e+00
    255.000    252.208    -1.7213  26.978776    -1.7218  26.978891     6.2162     6.4322     0.1425    96.6342 1.0000e-12  -73.97602 -118.50548  45.618085      99.67 1.5025e+03    591.555      14198  1028.6042  1028.6048     4.5842     0.0859     0.1112    34.0144    34.0151    8.44297         23 0.0000e+00
    256.000    253.196    -1.7217  26.978987    -1.7224  26.978944     6.2239     6.4375     0.1231    96.8939 1.0000e-12  -73.97602 -118.50548  45.618096      99.67 1.5039e+03    592.466      14220  1028.6092  1028.6098     4.5965     0.1155     0.1133    34.0145    34.0152    8.44305         22 0.0000e+00
    257.000    254.184    -1.7247  26.977761    -1.7250  26.977919     6.2283     6.4387     0.0891    96.9554 1.0000e-12  -73.97602 -118.50548  45.618107      99.66 1.5038e+03    593.410      14243  1028.6150  1028.6154     4.5995     0.1026     0.1118    34.0156    34.0161    8.44367         24 0.0000e+00
    258.000    255.174    -1.7260  26.977255    -1.7263  26.977386     6.2253     6.4392     0.1626    97.0574 1.0000e-12  -73.97602 -118.50548  45.618119      99.66 1.5019e+03    594.452      14268  1028.6200  1028.6205     4.6043     0.1523     0.1122    34.0157    34.0163    8.44395         25 0.0000e+00
    259.000    256.161    -1.7279  26.976338    -1.7284  26.976351     6.2445     6.4569     0.2488    97.0692 1.0000e-12  -73.97602 -118.50548  45.618131      99.66 1.5043e+03    595.536      14294  1028.6251  1028.6256     4.6048     0.0838     0.1124    34.0160    34.0166    8.44437         26 0.0000e+00
