ocean_section_plots/required_files/ctd/dnbp2202_ctd102.cnv
* Sea-Bird SBE 9 Data File:
* FileName = D:\Data\raw\NBP2202_CTD102.hex
* Software Version Seasave V 7.26.7.121
* Temperature SN = 1649
* Conductivity SN = 2513
* Number of Bytes Per Scan = 40
* Number of Voltage Words = 5
* Number of Scans Averaged by the Deck Unit = 1
* NMEA Latitude = 74 10.52 S
* NMEA Longitude = 113 20.65 W
* NMEA UTC (Time) = Jan 27 2022  03:21:59
* NMEA baud rate = 9600
** Ship: RVIB N.B. Palmer
** Cruise: NBP2202 Thwaites
** Station: YoYo001
** Operator: B. Bjork
# nquan = 25
# nvalues = 608                         
# units = specified
# name 0 = prDM: Pressure, Digiquartz [db]
# name 1 = depSM: Depth [salt water, m]
# name 2 = t090C: Temperature [ITS-90, deg C]
# name 3 = c0mS/cm: Conductivity [mS/cm]
# name 4 = t190C: Temperature, 2 [ITS-90, deg C]
# name 5 = c1mS/cm: Conductivity, 2 [mS/cm]
# name 6 = sbeox0ML/L: Oxygen, SBE 43 [ml/l]
# name 7 = sbeox1ML/L: Oxygen, SBE 43, 2 [ml/l]
# name 8 = flECO-AFL: Fluorescence, WET Labs ECO-AFL/FL [mg/m^3]
# name 9 = CStarTr0: Beam Transmission, WET Labs C-Star [%]
# name 10 = par: PAR/Irradiance, Biospherical/Licor
# name 11 = latitude: Latitude [deg]
# name 12 = longitude: Longitude [deg]
# name 13 = timeJ: Julian Days
# name 14 = altM: Altimeter [m]
# name 15 = spar: SPAR, Biospherical/Licor
# name 16 = timeS: Time, Elapsed [seconds]
# name 17 = scan: Scan Count
# name 18 = density00: Density [density, kg/m^3]
# name 19 = density11: Density, 2 [density, kg/m^3]
# name 20 = sal00: Salinity, Practical [PSU]
# name 21 = sal11: Salinity, Practical, 2 [PSU]
# name 22 = oxsolML/L: Oxygen Saturation, Garcia & Gordon [ml/l]
# name 23 = nbin: number of scans per bin
# name 24 = flag: flag
# span 0 =     10.000,    617.000       
# span 1 =      9.897,    609.705       
# span 2 =    -1.5052,     0.0769       
# span 3 =  26.941235,  28.910814       
# span 4 =    -1.5033,     0.0785       
# span 5 =  26.818167,  28.787743       
# span 6 =     4.6794,     8.5678       
# span 7 =     4.7218,     8.4428       
# span 8 =    -0.0226,    24.8507       
# span 9 =    69.5345,    95.5258       
# span 10 = -5.461e-05, 1.4250e+01      
# span 11 =  -74.17536,  -74.17536      
# span 12 = -113.34428, -113.34424      
# span 13 =  27.140902,  27.149546      
# span 14 =       7.66,     100.07      
# span 15 = 4.7422e+02, 5.6236e+02      
# span 16 =     54.935,    801.788      
# span 17 =       1319,      19244      
# span 18 =  1027.2207,  1030.5206      
# span 19 =  1027.0851,  1030.3893      
# span 20 =    33.7865,    34.3772      
# span 21 =    33.6171,    34.2136      
# span 22 =    8.02904,    8.40550      
# span 23 =         18,         46      
# span 24 = 0.0000e+00, 0.0000e+00      
# interval = decibars: 1                
# start_time = Jan 27 2022 03:21:59 [NMEA time, header]
# bad_flag = -9.990e-29
*END*
     10.000      9.897    -0.9508  27.337244    -0.9614  27.204741     8.5678     8.4186    20.8702    71.4312 1.4250e+01  -74.17536 -113.34426  27.140902      99.82 5.6236e+02     54.935       1319  1027.2207  1027.0851    33.7865    33.6180    8.28375         22 0.0000e+00
     11.000     10.886    -1.0024  27.297477    -1.0013  27.172016     8.4051     8.3058    21.8210    71.9030 1.0757e+01  -74.17536 -113.34427  27.140922      99.92 5.6236e+02     56.681       1361  1027.2305  1027.0906    33.7897    33.6175    8.29495         38 0.0000e+00
     12.000     11.876    -1.0405  27.267154    -1.0494  27.135253     8.3068     8.2511    21.4864    69.5345 8.0476e+00  -74.17536 -113.34427  27.140943      99.93 5.6236e+02     58.444       1404  1027.2373  1027.1000    33.7906    33.6206    8.30333         40 0.0000e+00
     13.000     12.866    -1.0609  27.252939    -1.0651  27.120258     8.3740     8.2952    20.4543    71.8585 6.0317e+00  -74.17536 -113.34427  27.140963      99.97 5.6236e+02     60.228       1446  1027.2445  1027.1018    33.7936    33.6171    8.30768         42 0.0000e+00
     14.000     13.856    -1.0302  27.276939    -1.0189  27.159020     8.3997     8.3453    21.3057    71.8079 4.5482e+00  -74.17536 -113.34428  27.140985      99.54 5.6227e+02     62.078       1491  1027.2447  1027.1030    33.7911    33.6176    8.30101         37 0.0000e+00
     15.000     14.844    -1.0483  27.263967    -1.0438  27.139457     8.4267     8.3747    21.6436    72.1326 3.4392e+00  -74.17536 -113.34426  27.141006      99.69 5.6134e+02     63.961       1536  1027.2515  1027.1094    33.7932    33.6182    8.30491         41 0.0000e+00
     16.000     15.834    -1.0458  27.266433    -1.0459  27.138545     8.3912     8.3683    20.8788    71.3801 2.6303e+00  -74.17536 -113.34426  27.141028      99.96 5.6082e+02     65.855       1582  1027.2555  1027.1141    33.7931    33.6186    8.30435         42 0.0000e+00
     17.000     16.823    -1.0572  27.257683    -1.0540  27.132116     8.3423     8.3533    20.0037    72.1531 2.0140e+00  -74.17536 -113.34426  27.141051      99.97 5.6059e+02     67.768       1627  1027.2608  1027.1188    33.7934    33.6184    8.30686         41 0.0000e+00
     18.000     17.814    -1.0658  27.251201    -1.0685  27.121908     8.2941     8.3202    21.6803    72.2837 1.5453e+00  -74.17536 -113.34426  27.141073      99.98 5.6060e+02     69.670       1673  1027.2659  1027.1255    33.7936    33.6200    8.30875         42 0.0000e+00
     19.000     18.802    -1.0781  27.241728    -1.0789  27.113555     8.2660     8.3091    21.7847    70.0438 1.1877e+00  -74.17536 -113.34426  27.141095      99.98 5.6060e+02     71.582       1719  1027.2714  1027.1302    33.7939    33.6197    8.31146         43 0.0000e+00
     20.000     19.791    -1.0836  27.238217    -1.0808  27.112213     8.2569     8.2993    20.4674    72.9829 9.1575e-01  -74.17536 -113.34426  27.141117      99.93 5.6060e+02     73.509       1765  1027.2768  1027.1346    33.7947    33.6194    8.31264         44 0.0000e+00
     21.000     20.782    -1.0846  27.237912    -1.0869  27.108264     8.2916     8.3290    18.6800    72.0719 7.1264e-01  -74.17536 -113.34426  27.141139      92.36 5.6050e+02     75.415       1811  1027.2814  1027.1401    33.7947    33.6202    8.31285         37 0.0000e+00
     22.000     21.771    -1.0729  27.248360    -1.0738  27.118327     8.3441     8.3882    19.5419    71.8281 5.4676e-01  -74.17536 -113.34426  27.141161     100.01 5.6025e+02     77.311       1856  1027.2856  1027.1426    33.7952    33.6186    8.31023         36 0.0000e+00
     23.000     22.759    -1.0643  27.255367    -1.0611  27.129555     8.3232     8.3874    20.1954    70.2972 4.1780e-01  -74.17536 -113.34426  27.141183      99.95 5.5986e+02     79.216       1902  1027.2893  1027.1469    33.7945    33.6191    8.30837         39 0.0000e+00
     24.000     23.750    -1.0735  27.248587    -1.0726  27.121170     8.3200     8.4063    21.0643    70.9090 3.1753e-01  -74.17536 -113.34426  27.141205      99.97 5.5928e+02     81.134       1948  1027.2950  1027.1531    33.7950    33.6200    8.31038         41 0.0000e+00
     25.000     24.738    -1.0661  27.255407    -1.0609  27.129984     8.3332     8.4428    20.6539    72.3300 2.3881e-01  -74.17536 -113.34426  27.141227      99.97 5.5917e+02     83.052       1994  1027.2995  1027.1558    33.7953    33.6182    8.30871         38 0.0000e+00
     26.000     25.730    -1.0682  27.253616    -1.0541  27.136546     8.3016     8.4262    21.3444    72.0644 1.7748e-01  -74.17536 -113.34426  27.141249      99.98 5.5885e+02     84.957       2040  1027.3039  1027.1607    33.7947    33.6189    8.30923         37 0.0000e+00
     27.000     26.719    -1.0715  27.251172    -1.0681  27.126846     8.3103     8.4203    19.8409    71.8058 1.2768e-01  -74.17536 -113.34426  27.141272      99.97 5.5883e+02     86.871       2086  1027.3087  1027.1679    33.7944    33.6208    8.30998         41 0.0000e+00
     28.000     27.708    -1.0690  27.254576    -1.0640  27.128857     8.3341     8.4246    20.3112    71.7668 8.9399e-02  -74.17536 -113.34425  27.141294      99.93 5.5883e+02     88.766       2131  1027.3142  1027.1704    33.7955    33.6183    8.30934         40 0.0000e+00
     29.000     28.698    -1.0673  27.255627    -1.0676  27.127903     8.2850     8.4057    21.6651    72.3158 5.9390e-02  -74.17536 -113.34425  27.141316      99.98 5.5883e+02     90.662       2177  1027.3181  1027.1772    33.7945    33.6204    8.30904         46 0.0000e+00
     30.000     29.687    -1.0782  27.247399    -1.0722  27.124303     8.2760     8.3819    19.6475    71.9183 3.5498e-02  -74.17536 -113.34426  27.141338      99.96 5.5878e+02     92.590       2223  1027.3238  1027.1819    33.7948    33.6200    8.31142         37 0.0000e+00
     31.000     30.677    -1.0814  27.245412    -1.0808  27.118190     8.2489     8.3639    20.4556    72.0443 1.6427e-02  -74.17536 -113.34424  27.141360      99.99 5.5820e+02     94.486       2269  1027.3291  1027.1877    33.7952    33.6207    8.31212         38 0.0000e+00
     32.000     31.667    -1.0898  27.239254    -1.0900  27.110909     8.2327     8.3450    17.4642    73.5629 2.1355e-03  -74.17536 -113.34424  27.141382      99.96 5.5721e+02     96.367       2314  1027.3346  1027.1927    33.7955    33.6204    8.31395         40 0.0000e+00
     33.000     32.654    -1.0905  27.239024    -1.0890  27.112498     8.2296     8.3373    22.8506    72.1438 -5.461e-05  -74.17536 -113.34424  27.141404      99.97 5.5707e+02     98.314       2361  1027.3392  1027.1977    33.7955    33.6209    8.31412         39 0.0000e+00
     34.000     33.645    -1.0954  27.235539    -1.0947  27.107968     8.2257     8.3349    20.1826    72.3494 1.0000e-12  -74.17536 -113.34424  27.141426      99.98 5.5707e+02    100.237       2407  1027.3444  1027.2025    33.7956    33.6205    8.31521         44 0.0000e+00
     35.000     34.635    -1.0976  27.234076    -1.0978  27.106150     8.2077     8.3206    22.2509    74.4892 1.0000e-12  -74.17536 -113.34424  27.141448      95.04 5.5707e+02    102.111       2452  1027.3491  1027.2077    33.7954    33.6208    8.31570         45 0.0000e+00
     36.000     35.624    -1.1075  27.226162    -1.1053  27.100861     8.1616     8.2800    22.8185    71.6705 1.0000e-12  -74.17536 -113.34424  27.141471     100.07 5.5707e+02    104.059       2498  1027.3541  1027.2133    33.7951    33.6214    8.31791         44 0.0000e+00
     37.000     36.613    -1.1211  27.215328    -1.1226  27.086944     8.0981     8.2286    21.0876    73.0162 1.0000e-12  -74.17536 -113.34425  27.141493      99.96 5.5707e+02    106.024       2546  1027.3597  1027.2189    33.7951    33.6212    8.32094         43 0.0000e+00
     38.000     37.603    -1.1323  27.206684    -1.1294  27.081520     8.1079     8.2240    20.7776    72.6710 1.0000e-12  -74.17536 -113.34425  27.141515      99.98 5.5699e+02    107.885       2590  1027.3651  1027.2235    33.7952    33.6208    8.32342         41 0.0000e+00
     39.000     38.593    -1.1257  27.212857    -1.1291  27.082463     8.1260     8.2277    24.8507    72.8673 1.0000e-12  -74.17536 -113.34425  27.141537      99.97 5.5580e+02    109.777       2636  1027.3696  1027.2284    33.7956    33.6211    8.32192         46 0.0000e+00
     40.000     39.582    -1.1241  27.214865    -1.1241  27.086992     8.0777     8.1760    19.3189    71.9852 1.0000e-12  -74.17536 -113.34425  27.141559      99.97 5.5534e+02    111.719       2682  1027.3744  1027.2326    33.7959    33.6210    8.32155         42 0.0000e+00
     41.000     40.572    -1.1406  27.201258    -1.1446  27.071266     7.9696     8.1034    20.8137    71.6207 1.0000e-12  -74.17536 -113.34425  27.141581      99.92 5.5531e+02    113.612       2728  1027.3796  1027.2394    33.7953    33.6220    8.32526         38 0.0000e+00
     42.000     41.561    -1.1550  27.189988    -1.1553  27.062398     7.9720     8.0894    19.6689    73.0328 1.0000e-12  -74.17536 -113.34425  27.141603      96.86 5.5531e+02    115.494       2773  1027.3854  1027.2441    33.7955    33.6213    8.32846         39 0.0000e+00
     43.000     42.551    -1.1532  27.192114    -1.1528  27.064749     7.9761     8.0795    22.4238    72.4571 1.0000e-12  -74.17536 -113.34425  27.141625      99.87 5.5531e+02    117.403       2819  1027.3900  1027.2484    33.7957    33.6210    8.32803         41 0.0000e+00
     44.000     43.540    -1.1555  27.190529    -1.1553  27.063549     7.9303     8.0448    22.6932    73.4604 1.0000e-12  -74.17536 -113.34425  27.141647      99.90 5.5531e+02    119.298       2864  1027.3947  1027.2536    33.7955    33.6216    8.32855         41 0.0000e+00
     45.000     44.529    -1.1627  27.185221    -1.1616  27.058732     7.9203     8.0262    19.1503    72.5939 1.0000e-12  -74.17536 -113.34426  27.141669      99.98 5.5531e+02    121.211       2910  1027.4000  1027.2585    33.7958    33.6214    8.33014         43 0.0000e+00
     46.000     45.520    -1.1634  27.185067    -1.1634  27.057967     7.9145     8.0225    18.4917    72.9903 1.0000e-12  -74.17536 -113.34426  27.141692      99.96 5.5531e+02    123.152       2957  1027.4047  1027.2636    33.7958    33.6218    8.33031         36 0.0000e+00
     47.000     46.508    -1.1664  27.183224    -1.1637  27.057790     7.8825     7.9882    20.4497    74.2617 1.0000e-12  -74.17536 -113.34426  27.141714      99.94 5.5436e+02    125.045       3002  1027.4097  1027.2679    33.7960    33.6212    8.33096         36 0.0000e+00
     48.000     47.497    -1.1728  27.178042    -1.1773  27.048784     7.7527     7.8954    17.8682    74.5430 1.0000e-12  -74.17536 -113.34426  27.141735      97.46 5.5396e+02    126.943       3048  1027.4145  1027.2753    33.7955    33.6236    8.33242         42 0.0000e+00
     49.000     48.487    -1.1999  27.156988    -1.1970  27.032892     7.6461     7.8077    18.5573    74.3196 1.0000e-12  -74.17536 -113.34426  27.141758      97.66 5.5358e+02    128.858       3094  1027.4216  1027.2810    33.7966    33.6233    8.33839         44 0.0000e+00
     50.000     49.477    -1.2185  27.142484    -1.2160  27.017605     7.5858     7.7344    17.0625    74.8987 1.0000e-12  -74.17536 -113.34426  27.141780      99.75 5.5354e+02    130.765       3139  1027.4277  1027.2865    33.7971    33.6231    8.34251         42 0.0000e+00
     51.000     50.465    -1.2287  27.134212    -1.2274  27.009603     7.4654     7.6261    19.6466    74.3840 1.0000e-12  -74.17536 -113.34426  27.141802      99.95 5.5341e+02    132.662       3185  1027.4325  1027.2927    33.7966    33.6243    8.34481         44 0.0000e+00
     52.000     51.456    -1.2583  27.110987    -1.2553  26.987706     7.3733     7.5267    19.3097    75.9179 1.0000e-12  -74.17536 -113.34426  27.141824      99.74 5.5270e+02    134.554       3230  1027.4396  1027.2994    33.7977    33.6250    8.35138         42 0.0000e+00
     53.000     52.445    -1.2697  27.102180    -1.2693  26.976934     7.3022     7.4627    17.3005    75.4242 1.0000e-12  -74.17536 -113.34426  27.141845      99.78 5.5193e+02    136.427       3275  1027.4448  1027.3050    33.7978    33.6253    8.35392         37 0.0000e+00
     54.000     53.434    -1.2885  27.087639    -1.2818  26.966903     7.2588     7.4068    17.8889    75.1490 1.0000e-12  -74.17536 -113.34426  27.141867      99.76 5.5178e+02    138.311       3320  1027.4508  1027.3098    33.7984    33.6250    8.35808         36 0.0000e+00
     55.000     54.423    -1.2983  27.079784    -1.2935  26.958106     7.1453     7.3063    15.0709    76.8845 1.0000e-12  -74.17536 -113.34426  27.141889      99.25 5.5178e+02    140.217       3366  1027.4556  1027.3153    33.7981    33.6255    8.36030         39 0.0000e+00
     56.000     55.414    -1.3253  27.059396    -1.3263  26.933952     6.9641     7.1428    12.9795    77.0390 1.0000e-12  -74.17536 -113.34426  27.141911      95.39 5.5178e+02    142.123       3412  1027.4631  1027.3244    33.8000    33.6286    8.36623         38 0.0000e+00
     57.000     56.402    -1.3580  27.033685    -1.3517  26.914980     6.7491     6.9488    13.0502    78.3914 1.0000e-12  -74.17536 -113.34426  27.141933      99.47 5.5178e+02    144.048       3458  1027.4702  1027.3317    33.8010    33.6305    8.37352         36 0.0000e+00
     58.000     57.391    -1.3957  27.005480    -1.3938  26.883441     6.5964     6.7650    10.9683    78.3560 1.0000e-12  -74.17536 -113.34426  27.141956      99.71 5.5155e+02    145.962       3504  1027.4794  1027.3409    33.8043    33.6339    8.38181         39 0.0000e+00
     59.000     58.381    -1.4207  26.986692    -1.4242  26.859143     6.5505     6.6770    10.4786    80.1231 1.0000e-12  -74.17536 -113.34426  27.141978      99.37 5.5122e+02    147.857       3550  1027.4864  1027.3471    33.8060    33.6341    8.38732         38 0.0000e+00
     60.000     59.371    -1.4274  26.982147    -1.4271  26.857167     6.5478     6.6598    11.5629    79.5972 1.0000e-12  -74.17536 -113.34427  27.141999      99.49 5.5062e+02    149.744       3595  1027.4915  1027.3514    33.8067    33.6340    8.38878         46 0.0000e+00
     61.000     60.359    -1.4287  26.981931    -1.4281  26.857085     6.6024     6.6787     7.1409    81.9040 1.0000e-12  -74.17536 -113.34427  27.142021      99.39 5.5000e+02    151.653       3641  1027.4963  1027.3560    33.8073    33.6343    8.38905         42 0.0000e+00
     62.000     61.349    -1.4205  26.988715    -1.4210  26.862474     6.6591     6.7187     8.2541    82.3382 1.0000e-12  -74.17536 -113.34427  27.142043      99.37 5.5002e+02    153.541       3686  1027.4998  1027.3591    33.8067    33.6332    8.38723         37 0.0000e+00
     63.000     62.339    -1.4166  26.992101    -1.4170  26.866410     6.6572     6.7273     8.3690    82.0828 1.0000e-12  -74.17536 -113.34426  27.142065      98.51 5.4957e+02    155.409       3731  1027.5038  1027.3636    33.8063    33.6335    8.38637         39 0.0000e+00
     64.000     63.327    -1.4179  26.991585    -1.4180  26.866206     6.6354     6.7083     8.2805    82.8157 1.0000e-12  -74.17536 -113.34426  27.142087      99.46 5.4875e+02    157.306       3776  1027.5086  1027.3685    33.8064    33.6337    8.38666         41 0.0000e+00
     65.000     64.318    -1.4231  26.987971    -1.4236  26.862659     6.6173     6.6840     9.9606    83.6378 1.0000e-12  -74.17536 -113.34426  27.142109      99.53 5.4828e+02    159.226       3822  1027.5138  1027.3741    33.8067    33.6345    8.38781         39 0.0000e+00
     66.000     65.306    -1.4244  26.987596    -1.4241  26.862450     6.6042     6.6820     7.2266    83.7969 1.0000e-12  -74.17536 -113.34426  27.142131      99.50 5.4826e+02    161.123       3868  1027.5189  1027.3785    33.8071    33.6341    8.38810         43 0.0000e+00
