ocean_section_plots/required_files/ctd/dnbp2202_ctd188.cnv
* Sea-Bird SBE 9 Data File:
* FileName = D:\Data\raw\NBP2202_CTD188.hex
* Software Version Seasave V 7.26.7.121
* Temperature SN = 1649
* Conductivity SN = 2513
* Number of Bytes Per Scan = 40
* Number of Voltage Words = 5
* Number of Scans Averaged by the Deck Unit = 1
* NMEA Latitude = 74 10.43 S
* NMEA Longitude = 113 21.34 W
* NMEA UTC (Time) = Feb 07 2022  08:27:30
* NMEA baud rate = 9600
** Ship: RVIB N.B. Palmer
** Cruise: NBP2202 Thwaites
** Station: 109
** Operator: B Bjork
# nquan = 28
# nvalues = 423                         
# units = specified
# name 0 = prDM: Pressure, Digiquartz [db]
# name 1 = depSM: Depth [salt water, m]
# name 2 = t090C: Temperature [ITS-90, deg C]
# name 3 = c0mS/cm: Conductivity [mS/cm]
# name 4 = t190C: Temperature, 2 [ITS-90, deg C]
# name 5 = c1mS/cm: Conductivity, 2 [mS/cm]
# name 6 = sbeox0ML/L: Oxygen, SBE 43 [ml/l]
# name 7 = sbeox1ML/L: Oxygen, SBE 43, 2 [ml/l]
# name 8 = flECO-AFL: Fluorescence, WET Labs ECO-AFL/FL [mg/m^3]
# name 9 = CStarTr0: Beam Transmission, WET Labs C-Star [%]
# name 10 = par: PAR/Irradiance, Biospherical/Licor
# name 11 = latitude: Latitude [deg]
# name 12 = longitude: Longitude [deg]
# name 13 = timeJ: Julian Days
# name 14 = altM: Altimeter [m]
# name 15 = spar: SPAR, Biospherical/Licor
# name 16 = timeS: Time, Elapsed [seconds]
# name 17 = scan: Scan Count
# name 18 = density00: Density [density, kg/m^3]
# name 19 = density11: Density, 2 [density, kg/m^3]
# name 20 = v3: Voltage 3
# name 21 = v4: Voltage 4
# name 22 = v5: Voltage 5
# name 23 = sal00: Salinity, Practical [PSU]
# name 24 = sal11: Salinity, Practical, 2 [PSU]
# name 25 = oxsolML/L: Oxygen Saturation, Garcia & Gordon [ml/l]
# name 26 = nbin: number of scans per bin
# name 27 = flag: flag
# span 0 =      2.000,    424.000       
# span 1 =      1.982,    419.182       
# span 2 =    -1.4884,    -0.1475       
# span 3 =  26.957409,  28.575436       
# span 4 =    -1.4873,    -0.1368       
# span 5 =  26.956764,  28.584175       
# span 6 =     4.7874,     8.8619       
# span 7 =     4.9020,     9.1420       
# span 8 =    -0.0225,    23.4963       
# span 9 =    76.2344,    98.4840       
# span 10 = 1.0000e-12, 7.4772e+00      
# span 11 =  -74.17392,  -74.17392      
# span 12 = -113.35576, -113.35566      
# span 13 =  38.355349,  38.361695      
# span 14 =       8.00,     100.01      
# span 15 = 2.4658e+01, 3.1747e+01      
# span 16 =    252.172,    800.454      
# span 17 =       6053,      19212      
# span 18 =  1027.1693,  1029.5609      
# span 19 =  1027.1677,  1029.5598      
# span 20 =     3.6168,     4.6720      
# span 21 =     0.0638,     3.4480      
# span 22 =     0.1239,     0.2523      
# span 23 =    33.7761,    34.2972      
# span 24 =    33.7740,    34.2968      
# span 25 =    8.08078,    8.40053      
# span 26 =         22,         64      
# span 27 = 0.0000e+00, 0.0000e+00      
# interval = decibars: 1                
# start_time = Feb 07 2022 08:27:30 [NMEA time, header]
# bad_flag = -9.990e-29
*END*
[from data line 156]
    158.000    156.305    -1.1464  27.366523    -1.1449  27.366179     5.2624     5.3974    -0.0150    98.4640 1.0000e-12  -74.17392 -113.35570  38.358110      90.25 3.0534e+01    490.747      11779  1028.0691  1028.0672     4.6709     0.0686     0.1282    33.9551    33.9529    8.31713         25 0.0000e+00
    159.000    157.293    -1.1457  27.367559    -1.1442  27.367310     5.2616     5.3899    -0.0211    98.4603 1.0000e-12  -74.17392 -113.35570  38.358122      96.94 2.9533e+01    491.766      11803  1028.0740  1028.0722     4.6708     0.0693     0.1270    33.9552    33.9531    8.31697         24 0.0000e+00
    160.000    158.283    -1.1446  27.369237    -1.1432  27.368855     5.2582     5.3866    -0.0112    98.4454 1.0000e-12  -74.17392 -113.35570  38.358134      99.92 3.0981e+01    492.760      11827  1028.0791  1028.0774     4.6701     0.0694     0.1272    33.9556    33.9534    8.31670         24 0.0000e+00
    161.000    159.270    -1.1406  27.373923    -1.1391  27.373548     5.2507     5.3912    -0.0170    98.4608 1.0000e-12  -74.17392 -113.35570  38.358145      99.95 3.1430e+01    493.760      11851  1028.0847  1028.0829     4.6708     0.0699     0.1290    33.9568    33.9546    8.31574         23 0.0000e+00
    162.000    160.262    -1.1388  27.376029    -1.1373  27.375717     5.2533     5.3913    -0.0183    98.4420 1.0000e-12  -74.17392 -113.35570  38.358157      99.94 3.0155e+01    494.771      11876  1028.0897  1028.0879     4.6699     0.0692     0.1274    33.9571    33.9550    8.31533         25 0.0000e+00
    163.000    161.249    -1.1376  27.377789    -1.1364  27.377373     5.2590     5.3838    -0.0143    98.4427 1.0000e-12  -74.17392 -113.35570  38.358169      99.95 2.9419e+01    495.768      11899  1028.0949  1028.0932     4.6699     0.0700     0.1288    33.9575    33.9555    8.31504         23 0.0000e+00
    164.000    162.238    -1.1372  27.378725    -1.1358  27.378459     5.2573     5.3859    -0.0175    98.4431 1.0000e-12  -74.17392 -113.35570  38.358180      99.95 2.6925e+01    496.742      11923  1028.0999  1028.0982     4.6699     0.0699     0.1272    33.9577    33.9557    8.31494         24 0.0000e+00
    165.000    163.228    -1.1362  27.380321    -1.1346  27.380051     5.2524     5.3915    -0.0225    98.4092 1.0000e-12  -74.17392 -113.35570  38.358192      99.95 2.7630e+01    497.747      11947  1028.1050  1028.1032     4.6684     0.0700     0.1256    33.9581    33.9560    8.31468         24 0.0000e+00
    166.000    164.216    -1.1359  27.381233    -1.1344  27.380888     5.2536     5.3857    -0.0208    98.4250 1.0000e-12  -74.17392 -113.35570  38.358203      99.95 2.6876e+01    498.740      11971  1028.1101  1028.1083     4.6692     0.0694     0.1259    33.9584    33.9563    8.31460         24 0.0000e+00
    167.000    165.205    -1.1333  27.384703    -1.1316  27.384437     5.2565     5.3793    -0.0151    98.4513 1.0000e-12  -74.17392 -113.35570  38.358214      99.95 2.7682e+01    499.717      11994  1028.1157  1028.1137     4.6703     0.0696     0.1286    33.9596    33.9573    8.31395         24 0.0000e+00
    168.000    166.193    -1.1286  27.389884    -1.1272  27.389549     5.2540     5.3835    -0.0147    98.4527 1.0000e-12  -74.17392 -113.35570  38.358226      99.95 2.7983e+01    500.720      12018  1028.1212  1028.1194     4.6704     0.0699     0.1290    33.9608    33.9587    8.31285         24 0.0000e+00
    169.000    167.182    -1.1242  27.395642    -1.1228  27.395173     5.2581     5.3860    -0.0077    98.4410 1.0000e-12  -74.17392 -113.35570  38.358238      99.95 2.7986e+01    501.724      12042  1028.1276  1028.1257     4.6698     0.0692     0.1263    33.9631    33.9608    8.31174         24 0.0000e+00
    170.000    168.173    -1.1226  27.398196    -1.1207  27.398258     5.2517     5.3872    -0.0137    98.4472 1.0000e-12  -74.17392 -113.35570  38.358249      99.94 2.7445e+01    502.698      12066  1028.1332  1028.1314     4.6701     0.0703     0.1282    33.9641    33.9620    8.31132         23 0.0000e+00
    171.000    169.159    -1.1204  27.401338    -1.1196  27.400078     5.2474     5.3815    -0.0147    98.4409 1.0000e-12  -74.17392 -113.35570  38.358260      98.52 2.9246e+01    503.694      12090  1028.1389  1028.1367     4.6698     0.0691     0.1295    33.9653    33.9626    8.31076         24 0.0000e+00
    172.000    170.149    -1.1178  27.404286    -1.1167  27.403555     5.2448     5.3731    -0.0150    98.4506 1.0000e-12  -74.17392 -113.35570  38.358272      91.76 2.9456e+01    504.691      12114  1028.1439  1028.1420     4.6703     0.0679     0.1273    33.9657    33.9634    8.31016         24 0.0000e+00
    173.000    171.137    -1.1116  27.411371    -1.1096  27.411147     5.2349     5.3751    -0.0189    98.4427 1.0000e-12  -74.17392 -113.35570  38.358283      98.29 2.9201e+01    505.671      12137  1028.1500  1028.1478     4.6699     0.0707     0.1283    33.9678    33.9652    8.30866         23 0.0000e+00
    174.000    172.127    -1.1076  27.415550    -1.1057  27.415485     5.2262     5.3644    -0.0191    98.4475 1.0000e-12  -74.17392 -113.35570  38.358295      99.95 2.8698e+01    506.670      12161  1028.1551  1028.1532     4.6702     0.0707     0.1292    33.9684    33.9661    8.30775         25 0.0000e+00
    175.000    173.116    -1.1029  27.420373    -1.1024  27.418852     5.2242     5.3610    -0.0151    98.4452 1.0000e-12  -74.17392 -113.35570  38.358306      99.95 2.9082e+01    507.674      12185  1028.1601  1028.1580     4.6701     0.0717     0.1265    33.9690    33.9664    8.30666         24 0.0000e+00
    176.000    174.104    -1.0988  27.424120    -1.0969  27.424169     5.2217     5.3575    -0.0132    98.4610 1.0000e-12  -74.17392 -113.35570  38.358318      99.95 2.9088e+01    508.670      12209  1028.1646  1028.1628     4.6708     0.0704     0.1258    33.9688    33.9667    8.30575         24 0.0000e+00
    177.000    175.093    -1.1003  27.423430    -1.0997  27.422024     5.2092     5.3474    -0.0099    98.4454 1.0000e-12  -74.17392 -113.35570  38.358330      99.95 2.7267e+01    509.679      12233  1028.1697  1028.1677     4.6701     0.0692     0.1262    33.9690    33.9664    8.30608         24 0.0000e+00
    178.000    176.082    -1.0930  27.430417    -1.0939  27.427829     5.2043     5.3319    -0.0217    98.4644 1.0000e-12  -74.17392 -113.35570  38.358341      99.95 2.6666e+01    510.684      12257  1028.1746  1028.1727     4.6710     0.0717     0.1275    33.9696    33.9672    8.30442         24 0.0000e+00
    179.000    177.071    -1.0900  27.433659    -1.0857  27.435541     5.1966     5.3252    -0.0147    98.4673 1.0000e-12  -74.17392 -113.35570  38.358353      99.95 2.5458e+01    511.658      12281  1028.1797  1028.1775     4.6712     0.0689     0.1261    33.9701    33.9678    8.30374         23 0.0000e+00
    180.000    178.058    -1.0834  27.439882    -1.0813  27.440104     5.1949     5.3274    -0.0147    98.4671 1.0000e-12  -74.17392 -113.35570  38.358364      99.94 2.7346e+01    512.659      12305  1028.1844  1028.1826     4.6711     0.0677     0.1260    33.9705    33.9685    8.30225         25 0.0000e+00
    181.000    179.050    -1.0841  27.439670    -1.0814  27.440439     5.2004     5.3278    -0.0084    98.4629 1.0000e-12  -74.17392 -113.35570  38.358376      99.95 2.5380e+01    513.662      12329  1028.1892  1028.1875     4.6709     0.0714     0.1264    33.9703    33.9684    8.30241         23 0.0000e+00
    182.000    180.037    -1.0832  27.440858    -1.0807  27.441540     5.1881     5.3176    -0.0132    98.4635 1.0000e-12  -74.17392 -113.35570  38.358387      99.95 2.5120e+01    514.648      12353  1028.1941  1028.1924     4.6709     0.0706     0.1268    33.9704    33.9685    8.30222         24 0.0000e+00
    183.000    181.025    -1.0827  27.441963    -1.0799  27.442835     5.1747     5.3048    -0.0150    98.4602 1.0000e-12  -74.17392 -113.35570  38.358399      99.95 2.6960e+01    515.648      12377  1028.1991  1028.1973     4.6708     0.0700     0.1297    33.9707    33.9686    8.30209         24 0.0000e+00
    184.000    182.015    -1.0712  27.453659    -1.0664  27.455715     5.1713     5.2987    -0.0150    98.4559 1.0000e-12  -74.17392 -113.35570  38.358410      99.95 2.5102e+01    516.656      12401  1028.2051  1028.2026     4.6706     0.0685     0.1269    33.9731    33.9703    8.29941         24 0.0000e+00
    185.000    183.003    -1.0558  27.467974    -1.0530  27.468553     5.1744     5.3049    -0.0147    98.4613 1.0000e-12  -74.17392 -113.35570  38.358422      94.93 2.5414e+01    517.642      12424  1028.2101  1028.2081     4.6708     0.0687     0.1276    33.9745    33.9721    8.29590         24 0.0000e+00
    186.000    183.992    -1.0570  27.467500    -1.0555  27.467225     5.1748     5.3144    -0.0123    98.4602 1.0000e-12  -74.17392 -113.35570  38.358433      99.89 2.5269e+01    518.634      12448  1028.2152  1028.2135     4.6708     0.0690     0.1267    33.9746    33.9726    8.29617         24 0.0000e+00
    187.000    184.982    -1.0625  27.463570    -1.0594  27.464636     5.1753     5.3096    -0.0063    98.4602 1.0000e-12  -74.17392 -113.35570  38.358445      99.94 2.5195e+01    519.632      12472  1028.2207  1028.2189     4.6707     0.0698     0.1276    33.9748    33.9728    8.29736         24 0.0000e+00
    188.000    185.968    -1.0564  27.470482    -1.0553  27.469169     5.1689     5.2952    -0.0080    98.4607 1.0000e-12  -74.17392 -113.35570  38.358456      99.95 2.6674e+01    520.626      12496  1028.2267  1028.2242     4.6708     0.0708     0.1289    33.9768    33.9737    8.29591         23 0.0000e+00
    189.000    186.959    -1.0497  27.476262    -1.0437  27.480008     5.1622     5.2883    -0.0148    98.4679 1.0000e-12  -74.17392 -113.35570  38.358468      99.95 2.5544e+01    521.620      12520  1028.2309  1028.2292     4.6711     0.0705     0.1276    33.9765    33.9748    8.29445         24 0.0000e+00
    190.000    187.947    -1.0379  27.488151    -1.0362  27.487626     5.1840     5.3006    -0.0062    98.4577 1.0000e-12  -74.17392 -113.35570  38.358480      99.95 2.5170e+01    522.634      12544  1028.2368  1028.2346     4.6707     0.0702     0.1260    33.9787    33.9761    8.29171         25 0.0000e+00
    191.000    188.937    -1.0424  27.484903    -1.0410  27.484914     5.2095     5.3313    -0.0151    98.4652 1.0000e-12  -74.17392 -113.35570  38.358491      99.95 2.5373e+01    523.639      12568  1028.2421  1028.2408     4.6711     0.0709     0.1251    33.9788    33.9772    8.29270         23 0.0000e+00
    192.000    189.924    -1.0580  27.472782    -1.0564  27.472828     5.2235     5.3556    -0.0141    98.4787 1.0000e-12  -74.17392 -113.35570  38.358503      99.95 2.6237e+01    524.620      12592  1028.2483  1028.2469     4.6717     0.0699     0.1275    33.9792    33.9774    8.29611         24 0.0000e+00
    193.000    190.914    -1.0661  27.466497    -1.0674  27.463806     5.2344     5.3604    -0.0086    98.4817 1.0000e-12  -74.17392 -113.35570  38.358514      99.95 2.5482e+01    525.612      12616  1028.2537  1028.2521     4.6719     0.0697     0.1264    33.9792    33.9770    8.29790         24 0.0000e+00
    194.000    191.902    -1.0715  27.462724    -1.0708  27.461690     5.2512     5.3651    -0.0122    98.4579 1.0000e-12  -74.17392 -113.35570  38.358526      99.94 2.5446e+01    526.604      12639  1028.2591  1028.2573     4.6707     0.0731     0.1256    33.9795    33.9773    8.29908         23 0.0000e+00
    195.000    192.891    -1.0692  27.465284    -1.0676  27.464953     5.2694     5.3849    -0.0186    98.4640 1.0000e-12  -74.17392 -113.35570  38.358537      99.95 2.5812e+01    527.592      12663  1028.2640  1028.2621     4.6710     0.0702     0.1257    33.9798    33.9776    8.29856         25 0.0000e+00
    196.000    193.880    -1.0750  27.460475    -1.0750  27.459384     5.3100     5.4239    -0.0138    98.4635 1.0000e-12  -74.17392 -113.35570  38.358549      99.94 2.5782e+01    528.603      12687  1028.2686  1028.2675     4.6710     0.0702     0.1266    33.9792    33.9777    8.29988         24 0.0000e+00
    197.000    194.868    -1.0941  27.444869    -1.0918  27.445793     5.3413     5.4630    -0.0059    98.4302 1.0000e-12  -74.17392 -113.35570  38.358560      99.95 2.5709e+01    529.603      12711  1028.2745  1028.2732     4.6693     0.0724     0.1273    33.9789    33.9775    8.30413         24 0.0000e+00
    198.000    195.856    -1.1171  27.426027    -1.1175  27.424826     5.3644     5.4827    -0.0077    98.4659 1.0000e-12  -74.17392 -113.35570  38.358571      99.87 2.5677e+01    530.575      12735  1028.2805  1028.2796     4.6711     0.0724     0.1273    33.9785    33.9774    8.30924         23 0.0000e+00
    199.000    196.846    -1.1303  27.416194    -1.1284  27.416405     5.3687     5.4906    -0.0113    98.4613 1.0000e-12  -74.17392 -113.35570  38.358583      99.66 2.6074e+01    531.558      12758  1028.2866  1028.2850     4.6708     0.0712     0.1262    33.9794    33.9775    8.31212         24 0.0000e+00
    200.000    197.834    -1.1279  27.418910    -1.1264  27.418814     5.3601     5.4829     0.0104    98.4815 1.0000e-12  -74.17392 -113.35570  38.358594      99.94 2.6585e+01    532.553      12782  1028.2915  1028.2899     4.6719     0.0711     0.1270    33.9798    33.9780    8.31157         24 0.0000e+00
    201.000    198.822    -1.1238  27.423136    -1.1201  27.424645     5.3572     5.4806     0.0002    98.4774 1.0000e-12  -74.17392 -113.35570  38.358606      99.95 2.5676e+01    533.542      12806  1028.2962  1028.2943     4.6716     0.0725     0.1266    33.9803    33.9782    8.31063         23 0.0000e+00
    202.000    199.813    -1.1177  27.429035    -1.1145  27.430245     5.3547     5.4819     0.0393    98.4503 1.0000e-12  -74.17392 -113.35570  38.358617      99.95 2.5738e+01    534.552      12830  1028.3009  1028.2992     4.6703     0.0735     0.1269    33.9809    33.9789    8.30924         25 0.0000e+00
    203.000    200.801    -1.1182  27.429112    -1.1163  27.429268     5.3684     5.4958     0.0164    98.4506 1.0000e-12  -74.17392 -113.35570  38.358629      99.95 2.4679e+01    535.563      12855  1028.3056  1028.3040     4.6703     0.0708     0.1269    33.9809    33.9789    8.30934         24 0.0000e+00
    204.000    201.788    -1.1269  27.422335    -1.1291  27.419151     5.4087     5.5316     0.0155    98.4607 1.0000e-12  -74.17392 -113.35570  38.358641      99.94 2.4757e+01    536.548      12878  1028.3109  1028.3096     4.6708     0.0729     0.1241    33.9809    33.9790    8.31128         23 0.0000e+00
    205.000    202.778    -1.1333  27.417096    -1.1309  27.418098     5.4368     5.5596     0.0180    98.4700 1.0000e-12  -74.17392 -113.35570  38.358652      99.95 2.5832e+01    537.531      12902  1028.3157  1028.3145     4.6713     0.0734     0.1270    33.9804    33.9790    8.31274         24 0.0000e+00
    206.000    203.766    -1.1566  27.397195    -1.1592  27.394470     5.4531     5.5792     0.0305    98.4685 1.0000e-12  -74.17392 -113.35570  38.358663      99.94 2.4658e+01    538.519      12925  1028.3208  1028.3204     4.6712     0.0711     0.1272    33.9789    33.9782    8.31799         23 0.0000e+00
    207.000    204.755    -1.1686  27.387764    -1.1665  27.388295     5.4670     5.5989     0.0366    98.4681 1.0000e-12  -74.17392 -113.35570  38.358675      99.95 2.4680e+01    539.503      12949  1028.3262  1028.3248     4.6712     0.0774     0.1273    33.9790    33.9773    8.32065         25 0.0000e+00
    208.000    205.744    -1.1705  27.386756    -1.1697  27.386114     5.4830     5.6106     0.0340    98.4831 1.0000e-12  -74.17392 -113.35570  38.358686      99.95 2.4680e+01    540.502      12973  1028.3310  1028.3296     4.6719     0.0733     0.1292    33.9791    33.9774    8.32106         23 0.0000e+00
