ocean_section_plots/required_files/ctd/dnbp2202_ctd279.cnv
* Sea-Bird SBE 9 Data File:
* FileName = D:\Data\raw\NBP2202_CTD279.hex
* Software Version Seasave V 7.26.7.121
* Temperature SN = 1649
* Conductivity SN = 2513
* Number of Bytes Per Scan = 40
* Number of Voltage Words = 5
* Number of Scans Averaged by the Deck Unit = 1
* NMEA Latitude = 73 25.38 S
* NMEA Longitude = 114 12.63 W
* NMEA UTC (Time) = Feb 21 2022  17:04:34
* NMEA baud rate = 9600
** Ship: RVIB N.B. Palmer
** Cruise: NBP2202 Thwaites
** Station: 181
** Operator: A. Robinson
# nquan = 28
# nvalues = 765                         
# units = specified
# name 0 = prDM: Pressure, Digiquartz [db]
# name 1 = depSM: Depth [salt water, m]
# name 2 = t090C: Temperature [ITS-90, deg C]
# name 3 = c0mS/cm: Conductivity [mS/cm]
# name 4 = t190C: Temperature, 2 [ITS-90, deg C]
# name 5 = c1mS/cm: Conductivity, 2 [mS/cm]
# name 6 = sbeox0ML/L: Oxygen, SBE 43 [ml/l]
# name 7 = sbeox1ML/L: Oxygen, SBE 43, 2 [ml/l]
# name 8 = flECO-AFL: Fluorescence, WET Labs ECO-AFL/FL [mg/m^3]
# name 9 = CStarTr0: Beam Transmission, WET Labs C-Star [%]
# name 10 = par: PAR/Irradiance, Biospherical/Licor
# name 11 = latitude: Latitude [deg]
# name 12 = longitude: Longitude [deg]
# name 13 = timeJ: Julian Days
# name 14 = altM: Altimeter [m]
# name 15 = spar: SPAR, Biospherical/Licor
# name 16 = timeS: Time, Elapsed [seconds]
# name 17 = scan: Scan Count
# name 18 = density00: Density [density, kg/m^3]
# name 19 = density11: Density, 2 [density, kg/m^3]
# name 20 = v3: Voltage 3
# name 21 = v4: Voltage 4
# name 22 = v5: Voltage 5
# name 23 = sal00: Salinity, Practical [PSU]
# name 24 = sal11: Salinity, Practical, 2 [PSU]
# name 25 = oxsolML/L: Oxygen Saturation, Garcia & Gordon [ml/l]
# name 26 = nbin: number of scans per bin
# name 27 = flag: flag
# span 0 =      3.000,    767.000       
# span 1 =      2.970,    757.687       
# span 2 =    -1.7256,     0.5662       
# span 3 =  27.038130,  29.538797       
# span 4 =    -1.7248,     0.5690       
# span 5 =  27.038829,  29.539470       
# span 6 =     4.5354,     8.7192       
# span 7 =     4.6566,     8.9648       
# span 8 =     0.1291,    18.4421       
# span 9 =    81.6726,    98.5556       
# span 10 = -1.231e-05, 2.3563e+02      
# span 11 =  -73.42308,  -73.42308      
# span 12 = -114.21054, -114.21050      
# span 13 =  52.713821,  52.724652      
# span 14 =       2.85,      99.97      
# span 15 = 5.5819e+02, 6.3809e+02      
# span 16 =    200.134,   1135.971      
# span 17 =       4804,      27264      
# span 18 =  1027.1652,  1031.3371      
# span 19 =  1027.1678,  1031.3351      
# span 20 =     3.8747,     4.6753      
# span 21 =     0.0849,     2.9316      
# span 22 =     0.1072,     0.2180      
# span 23 =    33.7513,    34.5653      
# span 24 =    33.7543,    34.5632      
# span 25 =    7.91735,    8.43840      
# span 26 =         17,         48      
# span 27 = 0.0000e+00, 0.0000e+00      
# interval = decibars: 1                
# start_time = Feb 21 2022 17:04:34 [NMEA time, header]
# bad_flag = -9.990e-29
*END*
      3.000      2.970    -1.2702  27.045252    -1.2715  27.046409     8.7010     8.5248    11.4769    83.8437 2.3563e+02  -73.42308 -114.21051  52.713821      98.63 5.6336e+02    200.134       4804  1027.1652  1027.1678     3.9761     1.8467     0.1773    33.7514    33.7545    8.35676         28 0.0000e+00
      4.000      3.958    -1.2673  27.048280    -1.2692  27.048551     8.7077     8.5498    10.8486    83.5160 1.7282e+02  -73.42308 -114.21051  52.713874      99.44 5.6346e+02    204.675       4913  1027.1700  1027.1722     3.9627     1.6248     0.1884    33.7517    33.7543    8.35610         40 0.0000e+00
      5.000      4.948    -1.2650  27.050526    -1.2671  27.050899     8.7056     8.6043    12.7113    83.2267 1.3414e+02  -73.42308 -114.21051  52.713896      97.50 5.6184e+02    206.627       4960  1027.1746  1027.1771     3.9484     1.7991     0.1763    33.7516    33.7545    8.35559         42 0.0000e+00
      6.000      5.939    -1.2672  27.048998    -1.2696  27.049362     8.7073     8.6791    11.7690    84.4566 1.0358e+02  -73.42308 -114.21051  52.713919      93.11 5.6059e+02    208.606       5008  1027.1794  1027.1821     4.0066     1.9867     0.1923    33.7513    33.7546    8.35610         46 0.0000e+00
      7.000      6.928    -1.2657  27.050929    -1.2672  27.051670     8.7192     8.7880    12.1628    84.4698 7.9329e+01  -73.42308 -114.21052  52.713942      99.31 5.6124e+02    210.588       5055  1027.1844  1027.1866     4.0075     1.8811     0.1791    33.7517    33.7544    8.35575         43 0.0000e+00
      8.000      7.918    -1.2633  27.053340    -1.2656  27.053404     8.7121     8.8376    14.8697    84.0627 6.1774e+01  -73.42308 -114.21052  52.713964      99.46 5.6053e+02    212.500       5101  1027.1891  1027.1913     3.9881     2.0420     0.1685    33.7517    33.7544    8.35521         39 0.0000e+00
      9.000      8.907    -1.2661  27.051223    -1.2675  27.052336     8.6757     8.8882    14.6032    83.8842 4.8225e+01  -73.42308 -114.21052  52.713987      99.46 5.5984e+02    214.442       5148  1027.1938  1027.1963     3.9792     2.0381     0.1804    33.7513    33.7544    8.35586         40 0.0000e+00
     10.000      9.897    -1.2801  27.040254    -1.2819  27.040931     8.6610     8.9100    14.1761    83.3066 3.7839e+01  -73.42308 -114.21052  52.714009      99.45 5.6048e+02    216.408       5195  1027.1994  1027.2019     3.9521     2.0576     0.1833    33.7514    33.7544    8.35899         42 0.0000e+00
     11.000     10.888    -1.2834  27.038130    -1.2850  27.038829     8.6621     8.9360    12.0911    83.7372 3.0186e+01  -73.42308 -114.21052  52.714032      99.58 5.6013e+02    218.325       5241  1027.2045  1027.2068     3.9728     2.2222     0.1719    33.7516    33.7544    8.35972         42 0.0000e+00
     12.000     11.875    -1.2836  27.038524    -1.2854  27.038943     8.6491     8.9648    13.5567    84.3295 2.3878e+01  -73.42308 -114.21051  52.714054      99.52 5.5948e+02    220.297       5288  1027.2094  1027.2115     4.0008     2.1976     0.1842    33.7517    33.7543    8.35976         43 0.0000e+00
     13.000     12.865    -1.2842  27.038529    -1.2856  27.039291     8.6341     8.9494    12.7439    83.8608 1.8843e+01  -73.42308 -114.21051  52.714077      99.09 5.5957e+02    222.272       5336  1027.2142  1027.2163     3.9783     2.2748     0.1806    33.7518    33.7544    8.35989         38 0.0000e+00
     14.000     13.856    -1.2847  27.038967    -1.2863  27.039572     8.6181     8.9320    14.9121    83.5431 1.5165e+01  -73.42308 -114.21051  52.714100      99.61 5.5966e+02    224.202       5382  1027.2194  1027.2216     3.9635     2.3286     0.1855    33.7524    33.7549    8.35997         38 0.0000e+00
     15.000     14.843    -1.2847  27.039699    -1.2863  27.040253     8.6151     8.9228    12.8153    84.3455 1.2076e+01  -73.42308 -114.21051  52.714123      99.63 5.5948e+02    226.182       5429  1027.2245  1027.2266     4.0015     2.2828     0.1850    33.7527    33.7553    8.35995         40 0.0000e+00
     16.000     15.836    -1.2849  27.039973    -1.2866  27.040435     8.6163     8.9309    14.1304    84.0375 9.6667e+00  -73.42308 -114.21051  52.714144      99.70 5.5987e+02    228.083       5475  1027.2293  1027.2314     3.9869     2.4079     0.1976    33.7527    33.7552    8.35999         44 0.0000e+00
     17.000     16.825    -1.2854  27.040138    -1.2871  27.040588     8.6114     8.9384    13.7375    84.6501 7.7908e+00  -73.42308 -114.21051  52.714167      99.74 5.5993e+02    230.017       5521  1027.2342  1027.2363     4.0158     2.5080     0.1711    33.7529    33.7554    8.36009         37 0.0000e+00
     18.000     17.813    -1.2855  27.040580    -1.2872  27.040877     8.6175     8.9299    14.1952    83.5404 6.2655e+00  -73.42308 -114.21051  52.714191      99.81 5.5963e+02    232.062       5570  1027.2391  1027.2411     3.9633     2.5970     0.2038    33.7529    33.7553    8.36010         42 0.0000e+00
     19.000     18.803    -1.2858  27.040776    -1.2873  27.041275     8.6167     8.9332    13.9678    83.2900 5.0583e+00  -73.42308 -114.21051  52.714212      99.75 5.5942e+02    233.946       5616  1027.2439  1027.2458     3.9516     2.5129     0.1847    33.7530    33.7552    8.36018         39 0.0000e+00
     20.000     19.793    -1.2859  27.041280    -1.2873  27.041674     8.6143     8.9347    15.4073    83.6815 4.1050e+00  -73.42308 -114.21051  52.714234      99.91 5.5976e+02    235.811       5660  1027.2488  1027.2506     3.9700     2.8593     0.2039    33.7530    33.7552    8.36018         42 0.0000e+00
     21.000     20.781    -1.2858  27.041778    -1.2872  27.042268     8.6176     8.9358    14.4419    83.9774 3.3334e+00  -73.42308 -114.21051  52.714258      99.67 5.5921e+02    237.887       5710  1027.2535  1027.2554     3.9841     2.3664     0.1640    33.7530    33.7553    8.36016         36 0.0000e+00
     22.000     21.773    -1.2859  27.042166    -1.2873  27.042618     8.6192     8.9358    14.3090    83.4956 2.7144e+00  -73.42308 -114.21052  52.714280      99.66 5.5908e+02    239.823       5757  1027.2584  1027.2602     3.9615     2.2767     0.1919    33.7530    33.7553    8.36019         42 0.0000e+00
     23.000     22.761    -1.2860  27.042585    -1.2873  27.043081     8.6135     8.9426    15.3397    84.2279 2.2158e+00  -73.42308 -114.21052  52.714301      99.67 5.5976e+02    241.631       5800  1027.2632  1027.2650     3.9957     2.4149     0.1792    33.7531    33.7552    8.36020         45 0.0000e+00
     24.000     23.752    -1.2859  27.043072    -1.2872  27.043637     8.6087     8.9419    17.3131    83.9949 1.8023e+00  -73.42308 -114.21052  52.714325      99.85 5.5903e+02    243.689       5850  1027.2681  1027.2699     3.9849     2.6642     0.2022    33.7531    33.7553    8.36020         44 0.0000e+00
     25.000     24.741    -1.2858  27.043703    -1.2871  27.044168     8.6149     8.9388    18.4421    84.0342 1.4665e+00  -73.42308 -114.21052  52.714349      99.88 5.5927e+02    245.737       5899  1027.2729  1027.2746     3.9867     2.7469     0.1998    33.7532    33.7553    8.36016         40 0.0000e+00
     26.000     25.730    -1.2858  27.044250    -1.2870  27.044643     8.6029     8.9343    13.7704    83.6973 1.2054e+00  -73.42308 -114.21052  52.714369      90.36 5.5940e+02    247.473       5940  1027.2778  1027.2793     3.9713     2.5234     0.2012    33.7533    33.7552    8.36015         40 0.0000e+00
     27.000     26.720    -1.2861  27.044260    -1.2875  27.044661     8.5992     8.9315    16.2336    85.1830 9.7876e-01  -73.42308 -114.21052  52.714391      99.78 5.5819e+02    249.400       5987  1027.2825  1027.2842     4.0407     2.6069     0.1819    33.7531    33.7552    8.36024         39 0.0000e+00
     28.000     27.710    -1.2863  27.044670    -1.2875  27.045170     8.6081     8.9319    14.5478    83.7016 7.9680e-01  -73.42308 -114.21052  52.714416      99.88 5.5893e+02    251.569       6039  1027.2874  1027.2891     3.9709     2.6531     0.1996    33.7532    33.7553    8.36028         38 0.0000e+00
     29.000     28.699    -1.2863  27.045172    -1.2875  27.045593     8.6129     8.9308    14.5039    83.6525 6.4985e-01  -73.42308 -114.21052  52.714437      99.89 5.5950e+02    253.367       6082  1027.2922  1027.2937     3.9691     2.6801     0.1753    33.7533    33.7552    8.36027         37 0.0000e+00
     30.000     29.688    -1.2863  27.045658    -1.2875  27.045994     8.6115     8.9342    14.9219    85.2465 5.2826e-01  -73.42308 -114.21052  52.714458      99.90 5.5820e+02    255.211       6126  1027.2971  1027.2986     4.0439     2.9316     0.2180    33.7533    33.7551    8.36027         43 0.0000e+00
     31.000     30.678    -1.2861  27.046394    -1.2871  27.046876     8.6070     8.9372    16.1458    84.2736 4.2744e-01  -73.42308 -114.21052  52.714484      99.79 5.5988e+02    257.408       6179  1027.3020  1027.3035     3.9979     2.5680     0.2061    33.7534    33.7553    8.36021         43 0.0000e+00
     32.000     31.668    -1.2861  27.046874    -1.2871  27.047258     8.6123     8.9310    16.3069    83.4325 3.4398e-01  -73.42308 -114.21052  52.714506      99.86 5.5979e+02    259.302       6224  1027.3068  1027.3082     3.9586     2.6070     0.1771    33.7535    33.7552    8.36021         37 0.0000e+00
     33.000     32.658    -1.2857  27.047706    -1.2868  27.048087     8.6143     8.9230    16.6199    84.2021 2.7703e-01  -73.42308 -114.21052  52.714526      93.89 5.5864e+02    261.068       6267  1027.3117  1027.3131     3.9951     2.8066     0.1920    33.7536    33.7553    8.36012         35 0.0000e+00
     34.000     33.647    -1.2857  27.048115    -1.2866  27.048705     8.6125     8.9311    17.3229    84.4369 2.2038e-01  -73.42308 -114.21052  52.714550      99.83 5.5857e+02    263.098       6315  1027.3164  1027.3179     4.0058     2.5810     0.1617    33.7535    33.7554    8.36012         47 0.0000e+00
     35.000     34.636    -1.2852  27.049138    -1.2859  27.049819     8.6071     8.9370    15.5671    84.9000 1.7509e-01  -73.42308 -114.21052  52.714573      99.85 5.5942e+02    265.130       6364  1027.3213  1027.3228     4.0277     2.6901     0.2048    33.7537    33.7554    8.35999         35 0.0000e+00
     36.000     35.625    -1.2844  27.050242    -1.2855  27.050644     8.6069     8.9358    16.0231    83.4727 1.3502e-01  -73.42308 -114.21052  52.714594      99.90 5.5921e+02    266.961       6408  1027.3262  1027.3276     3.9602     2.7969     0.1792    33.7537    33.7554    8.35982         41 0.0000e+00
     37.000     36.615    -1.2845  27.050766    -1.2852  27.051286     8.6036     8.9299    16.2334    84.4010 1.0340e-01  -73.42308 -114.21052  52.714617      99.83 5.5883e+02    268.875       6454  1027.3311  1027.3324     4.0042     2.5970     0.2105    33.7538    33.7554    8.35982         48 0.0000e+00
     38.000     37.605    -1.2842  27.051449    -1.2852  27.051799     8.6052     8.9406    16.7954    84.5834 7.7666e-02  -73.42308 -114.21052  52.714640      99.72 5.5914e+02    270.896       6503  1027.3359  1027.3372     4.0130     2.5397     0.1871    33.7539    33.7555    8.35976         46 0.0000e+00
     39.000     38.594    -1.2839  27.052186    -1.2848  27.052613     8.6093     8.9401    15.8121    84.7832 5.5112e-02  -73.42308 -114.21052  52.714662      99.57 5.5996e+02    272.822       6549  1027.3407  1027.3420     4.0220     2.2044     0.1943    33.7539    33.7555    8.35969         41 0.0000e+00
     40.000     39.584    -1.2836  27.052817    -1.2843  27.053382     8.6050     8.9357    15.5201    84.0624 3.8251e-02  -73.42308 -114.21052  52.714684      98.38 5.6011e+02    274.694       6594  1027.3454  1027.3467     3.9880     2.3641     0.1900    33.7538    33.7554    8.35963         40 0.0000e+00
     41.000     40.574    -1.2830  27.053974    -1.2839  27.054255     8.6003     8.9304    14.7466    84.5698 2.2069e-02  -73.42308 -114.21051  52.714707      99.57 5.5998e+02    276.707       6642  1027.3505  1027.3517     4.0119     2.2827     0.1827    33.7541    33.7556    8.35948         40 0.0000e+00
     42.000     41.563    -1.2825  27.054951    -1.2832  27.055428     8.6024     8.9343    14.3814    83.9194 9.3875e-03  -73.42308 -114.21050  52.714729      99.69 5.5981e+02    278.614       6688  1027.3553  1027.3565     3.9815     2.3899     0.1744    33.7542    33.7557    8.35935         40 0.0000e+00
     43.000     42.552    -1.2808  27.057162    -1.2814  27.057635     8.6053     8.9265    15.0227    84.9590 6.4927e-04  -73.42308 -114.21050  52.714751      99.63 5.5956e+02    280.462       6732  1027.3605  1027.3615     4.0302     2.4947     0.1754    33.7548    33.7560    8.35895         41 0.0000e+00
     44.000     43.543    -1.2796  27.058756    -1.2805  27.058942     8.6084     8.9292    14.0633    83.9877 -1.231e-05  -73.42308 -114.21050  52.714774      99.74 5.5985e+02    282.474       6780  1027.3654  1027.3664     3.9847     2.4882     0.1977    33.7549    33.7562    8.35866         35 0.0000e+00
     45.000     44.531    -1.2796  27.059174    -1.2803  27.059506     8.6006     8.9323    13.4521    83.7751 1.0000e-12  -73.42308 -114.21050  52.714797      99.56 5.6008e+02    284.498       6829  1027.3702  1027.3712     3.9744     2.2108     0.1965    33.7549    33.7562    8.35867         38 0.0000e+00
     46.000     45.520    -1.2777  27.061633    -1.2784  27.061884     8.6046     8.9268    14.2247    83.9754 1.0000e-12  -73.42308 -114.21050  52.714819      94.32 5.6025e+02    286.373       6874  1027.3754  1027.3763     3.9840     2.3795     0.1590    33.7555    33.7566    8.35821         40 0.0000e+00
     47.000     46.510    -1.2766  27.063201    -1.2773  27.063535     8.5972     8.9208    13.2441    84.2397 1.0000e-12  -73.42308 -114.21051  52.714841      99.51 5.6021e+02    288.296       6920  1027.3804  1027.3815     3.9965     2.1993     0.1839    33.7557    33.7571    8.35794         36 0.0000e+00
     48.000     47.500    -1.2747  27.065912    -1.2753  27.066168     8.5993     8.9071    12.8229    84.2563 1.0000e-12  -73.42308 -114.21051  52.714863      99.51 5.6056e+02    290.195       6966  1027.3859  1027.3868     3.9974     2.1595     0.1766    33.7568    33.7578    8.35747         41 0.0000e+00
     49.000     48.491    -1.2755  27.066107    -1.2760  27.066548     8.6016     8.9172    16.3269    84.1616 1.0000e-12  -73.42308 -114.21051  52.714885      99.70 5.6040e+02    292.093       7011  1027.3912  1027.3922     3.9927     2.2643     0.1856    33.7573    33.7585    8.35761         37 0.0000e+00
     50.000     49.479    -1.2761  27.066054    -1.2764  27.066583     8.6005     8.9233    14.0372    82.9701 1.0000e-12  -73.42308 -114.21051  52.714908      99.64 5.6060e+02    294.023       7058  1027.3961  1027.3970     3.9363     2.3057     0.2054    33.7573    33.7584    8.35774         40 0.0000e+00
     51.000     50.468    -1.2763  27.066512    -1.2768  27.066909     8.5952     8.9348    15.3542    82.4613 1.0000e-12  -73.42308 -114.21051  52.714931      99.78 5.6115e+02    296.030       7106  1027.4010  1027.4020     3.9121     2.5028     0.1884    33.7575    33.7587    8.35777         40 0.0000e+00
     52.000     51.457    -1.2762  27.067074    -1.2768  27.067449     8.5947     8.9281    13.3978    83.6696 1.0000e-12  -73.42308 -114.21051  52.714955      99.63 5.6438e+02    298.086       7155  1027.4059  1027.4069     3.9687     2.3181     0.1661    33.7576    33.7587    8.35776         36 0.0000e+00
     53.000     52.447    -1.2762  27.067732    -1.2766  27.068195     8.5901     8.9188    13.6484    83.9343 1.0000e-12  -73.42308 -114.21051  52.714977      97.83 5.6521e+02    299.990       7201  1027.4110  1027.4119     3.9820     2.2872     0.2053    33.7579    33.7589    8.35774         42 0.0000e+00
