ocean_section_plots/required_files/ctd/dnbp2202_ctd129.cnv
* Sea-Bird SBE 9 Data File:
* FileName = D:\Data\raw\NBP2202_CTD129.hex
* Software Version Seasave V 7.26.7.121
* Temperature SN = 1649
* Conductivity SN = 2513
* Number of Bytes Per Scan = 40
* Number of Voltage Words = 5
* Number of Scans Averaged by the Deck Unit = 1
* NMEA Latitude = 74 05.71 S
* NMEA Longitude = 111 54.45 W
* NMEA UTC (Time) = Jan 27 2022  23:28:10
* NMEA baud rate = 9600
** Ship: RVIB N.B. Palmer
** Cruise: NBP2202 Thwaites
** Station: 58
** Operator: A. Robinson
# nquan = 25
# nvalues = 499                         
# units = specified
# name 0 = prDM: Pressure, Digiquartz [db]
# name 1 = depSM: Depth [salt water, m]
# name 2 = t090C: Temperature [ITS-90, deg C]
# name 3 = c0mS/cm: Conductivity [mS/cm]
# name 4 = t190C: Temperature, 2 [ITS-90, deg C]
# name 5 = c1mS/cm: Conductivity, 2 [mS/cm]
# name 6 = sbeox0ML/L: Oxygen, SBE 43 [ml/l]
# name 7 = sbeox1ML/L: Oxygen, SBE 43, 2 [ml/l]
# name 8 = flECO-AFL: Fluorescence, WET Labs ECO-AFL/FL [mg/m^3]
# name 9 = CStarTr0: Beam Transmission, WET Labs C-Star [%]
# name 10 = par: PAR/Irradiance, Biospherical/Licor
# name 11 = latitude: Latitude [deg]
# name 12 = longitude: Longitude [deg]
# name 13 = timeJ: Julian Days
# name 14 = altM: Altimeter [m]
# name 15 = spar: SPAR, Biospherical/Licor
# name 16 = timeS: Time, Elapsed [seconds]
# name 17 = scan: Scan Count
# name 18 = density00: Density [density, kg/m^3]
# name 19 = density11: Density, 2 [density, kg/m^3]
# name 20 = sal00: Salinity, Practical [PSU]
# name 21 = sal11: Salinity, Practical, 2 [PSU]
# name 22 = oxsolML/L: Oxygen Saturation, Garcia & Gordon [ml/l]
# name 23 = nbin: number of scans per bin
# name 24 = flag: flag
# span 0 =      3.000,    501.000       
# span 1 =      2.966,    495.218       
# span 2 =    -1.5526,     0.1227       
# span 3 =  27.031550,  28.944008       
# span 4 =    -1.5527,     0.1246       
# span 5 =  27.031734,  28.943730       
# span 6 =     4.7139,     9.0036       
# span 7 =     4.8992,     9.2120       
# span 8 =    -0.0005,    29.2218       
# span 9 =    66.2980,    94.9669       
# span 10 = -7.878e-05, 1.3277e+02      
# span 11 =  -74.09520,  -74.09518      
# span 12 = -111.90764, -111.90762      
# span 13 =  27.981365,  27.989480      
# span 14 =       2.68,     101.64      
# span 15 = 4.2689e+02, 4.9927e+02      
# span 16 =    299.939,   1001.084      
# span 17 =       7200,      24027      
# span 18 =  1027.2071,  1030.0189      
# span 19 =  1027.2088,  1030.0167      
# span 20 =    33.8240,    34.4364      
# span 21 =    33.8271,    34.4338      
# span 22 =    8.01615,    8.40740      
# span 23 =         25,         78      
# span 24 = 0.0000e+00, 0.0000e+00      
# interval = decibars: 1                
# start_time = Jan 27 2022 23:28:10 [NMEA time, header]
# bad_flag = -9.990e-29
*END*
[from data line 232]
    235.000    232.436    -1.1425  27.497858    -1.1409  27.497344     5.8043     5.9599     0.1908    94.8464 1.0000e-12  -74.09520 -111.90764  27.985096      99.78 4.3711e+02    622.287      14936  1028.5371  1028.5349    34.0826    34.0801    8.30876         28 0.0000e+00
    236.000    233.425    -1.1374  27.502486    -1.1367  27.501943     5.8112     5.9768     0.1374    94.8152 1.0000e-12  -74.09520 -111.90764  27.985109      99.78 4.3323e+02    623.455      14964  1028.5421  1028.5409    34.0825    34.0810    8.30763         27 0.0000e+00
    237.000    234.413    -1.1394  27.501889    -1.1381  27.501601     5.7789     5.9460     0.1607    94.8209 1.0000e-12  -74.09520 -111.90764  27.985123      99.77 4.3605e+02    624.625      14992  1028.5482  1028.5467    34.0833    34.0814    8.30802         28 0.0000e+00
    238.000    235.402    -1.1329  27.508728    -1.1328  27.506776     5.7338     5.8968     0.1864    94.8291 1.0000e-12  -74.09520 -111.90764  27.985136      99.79 4.3695e+02    625.779      15020  1028.5541  1028.5519    34.0847    34.0819    8.30650         28 0.0000e+00
    239.000    236.392    -1.0798  27.557574    -1.0784  27.555685     5.7116     5.8741     0.1663    94.7094 1.0000e-12  -74.09520 -111.90764  27.985150      99.77 4.3422e+02    626.936      15047  1028.5604  1028.5569    34.0905    34.0864    8.29439         26 0.0000e+00
    240.000    237.378    -1.0655  27.571310    -1.0655  27.569676     5.7095     5.8539     0.2238    94.7020 1.0000e-12  -74.09520 -111.90764  27.985163      99.78 4.3678e+02    628.119      15076  1028.5664  1028.5646    34.0925    34.0902    8.29113         28 0.0000e+00
    241.000    238.368    -1.0616  27.576097    -1.0602  27.575707     5.7078     5.8487     0.1607    94.1626 1.0000e-12  -74.09520 -111.90764  27.985177      79.36 4.3725e+02    629.272      15104  1028.5726  1028.5708    34.0940    34.0918    8.29018         28 0.0000e+00
    242.000    239.357    -1.0557  27.582189    -1.0549  27.581562     5.7065     5.8556     0.1629    94.7150 1.0000e-12  -74.09520 -111.90764  27.985190      94.82 4.3521e+02    630.422      15131  1028.5783  1028.5768    34.0950    34.0931    8.28882         28 0.0000e+00
    243.000    240.344    -1.0565  27.581884    -1.0555  27.581348     5.7063     5.8475     0.1918    94.6698 1.0000e-12  -74.09520 -111.90764  27.985204      99.76 4.3690e+02    631.661      15161  1028.5835  1028.5819    34.0948    34.0929    8.28900         31 0.0000e+00
    244.000    241.333    -1.0514  27.587003    -1.0495  27.587052     5.6946     5.8309     0.8487    94.6905 1.0000e-12  -74.09520 -111.90764  27.985220      99.77 4.3747e+02    632.994      15193  1028.5888  1028.5869    34.0954    34.0933    8.28784         32 0.0000e+00
    245.000    242.322    -1.0400  27.597826    -1.0384  27.597619     5.6735     5.8194     0.4608    94.6111 1.0000e-12  -74.09520 -111.90764  27.985235      99.78 4.3612e+02    634.282      15224  1028.5941  1028.5922    34.0966    34.0945    8.28525         31 0.0000e+00
    246.000    243.310    -1.0300  27.607518    -1.0290  27.606628     5.6688     5.8147     0.3044    94.6350 1.0000e-12  -74.09520 -111.90764  27.985250      99.78 4.3568e+02    635.605      15256  1028.5995  1028.5975    34.0979    34.0955    8.28297         28 0.0000e+00
    247.000    244.298    -1.0212  27.616066    -1.0203  27.615220     5.6827     5.8154     0.1752    94.6396 1.0000e-12  -74.09520 -111.90763  27.985266      99.78 4.3795e+02    636.961      15288  1028.6048  1028.6030    34.0989    34.0967    8.28096         33 0.0000e+00
    248.000    245.288    -1.0230  27.615134    -1.0222  27.614554     5.7099     5.8296     0.1352    94.5609 1.0000e-12  -74.09520 -111.90763  27.985281      99.78 4.3615e+02    638.311      15320  1028.6103  1028.6088    34.0991    34.0974    8.28136         32 0.0000e+00
    249.000    246.275    -1.0315  27.608489    -1.0322  27.607251     5.8207     5.9188     0.1334    94.3137 1.0000e-12  -74.09520 -111.90763  27.985297      99.78 4.3565e+02    639.631      15352  1028.6159  1028.6152    34.0991    34.0981    8.28324         31 0.0000e+00
    250.000    247.264    -1.0740  27.571748    -1.0777  27.569324     5.9700     6.0559     0.1319    94.3032 1.0000e-12  -74.09520 -111.90763  27.985312      99.78 4.3826e+02    640.946      15384  1028.6218  1028.6227    34.0965    34.0974    8.29277         32 0.0000e+00
    251.000    248.252    -1.1881  27.473811    -1.1869  27.476376     6.0706     6.1605     0.2559    94.5562 1.0000e-12  -74.09520 -111.90763  27.985328      91.74 4.3714e+02    642.316      15417  1028.6304  1028.6320    34.0916    34.0937    8.31835         34 0.0000e+00
    252.000    249.241    -1.2316  27.437805    -1.2335  27.436124     6.1493     6.2418     0.2918    94.6105 1.0000e-12  -74.09520 -111.90762  27.985344      96.53 4.3496e+02    643.701      15450  1028.6371  1028.6371    34.0911    34.0909    8.32806         33 0.0000e+00
    253.000    250.229    -1.2671  27.407686    -1.2679  27.407414     6.2027     6.3071     0.2215    94.5891 1.0000e-12  -74.09520 -111.90762  27.985359      99.75 4.3805e+02    645.052      15482  1028.6425  1028.6429    34.0896    34.0900    8.33607         32 0.0000e+00
    254.000    251.218    -1.3152  27.367440    -1.3150  27.367870     6.2201     6.3437     0.1932    94.6374 1.0000e-12  -74.09520 -111.90762  27.985375      99.78 4.3813e+02    646.400      15515  1028.6489  1028.6491    34.0885    34.0888    8.34688         32 0.0000e+00
    255.000    252.205    -1.3220  27.362759    -1.3215  27.362459     6.2180     6.3547     0.0928    94.5586 1.0000e-12  -74.09520 -111.90762  27.985390      99.78 4.3563e+02    647.738      15547  1028.6538  1028.6530    34.0891    34.0881    8.34835         32 0.0000e+00
    256.000    253.196    -1.3230  27.362720    -1.3219  27.362710     6.1911     6.3343     0.0942    94.6117 1.0000e-12  -74.09520 -111.90762  27.985406      99.78 4.3833e+02    649.088      15579  1028.6583  1028.6573    34.0895    34.0883    8.34854         33 0.0000e+00
    257.000    254.183    -1.3123  27.373393    -1.3102  27.373817     6.1640     6.3087     0.0779    94.6388 1.0000e-12  -74.09520 -111.90762  27.985422      99.78 4.3813e+02    650.438      15612  1028.6634  1028.6617    34.0915    34.0896    8.34605         32 0.0000e+00
    258.000    255.171    -1.2921  27.391802    -1.2917  27.391422     6.1606     6.3117     0.0757    94.7096 1.0000e-12  -74.09520 -111.90762  27.985437      99.79 4.3594e+02    651.754      15643  1028.6677  1028.6668    34.0931    34.0921    8.34143         31 0.0000e+00
    259.000    256.160    -1.3056  27.381520    -1.3054  27.380810     6.1741     6.3187     0.1001    94.6383 1.0000e-12  -74.09520 -111.90762  27.985452      99.78 4.3809e+02    653.072      15675  1028.6736  1028.6727    34.0937    34.0925    8.34441         32 0.0000e+00
    260.000    257.149    -1.3083  27.380418    -1.3095  27.378687     6.1786     6.3182     0.1169    94.6319 1.0000e-12  -74.09520 -111.90762  27.985468      99.78 4.3714e+02    654.407      15707  1028.6791  1028.6783    34.0947    34.0936    8.34496         33 0.0000e+00
    261.000    258.136    -1.3144  27.376283    -1.3139  27.375825     6.2044     6.3402     0.1113    94.6442 1.0000e-12  -74.09520 -111.90762  27.985483      93.58 4.3688e+02    655.777      15740  1028.6845  1028.6835    34.0953    34.0941    8.34627         33 0.0000e+00
    262.000    259.125    -1.3170  27.374887    -1.3164  27.374790     6.2111     6.3589     0.1137    94.7552 1.0000e-12  -74.09520 -111.90762  27.985499      60.88 4.3878e+02    657.117      15772  1028.6896  1028.6889    34.0957    34.0949    8.34683         31 0.0000e+00
    263.000    260.114    -1.3302  27.365020    -1.3297  27.364530     6.1967     6.3475     0.0597    94.8163 1.0000e-12  -74.09520 -111.90762  27.985514      99.51 4.3928e+02    658.450      15804  1028.6958  1028.6947    34.0966    34.0953    8.34974         33 0.0000e+00
    264.000    261.102    -1.3137  27.380429    -1.3147  27.378245     6.1917     6.3458     0.1205    94.8112 1.0000e-12  -74.09520 -111.90762  27.985531      99.79 4.3825e+02    659.853      15837  1028.7006  1028.6992    34.0984    34.0965    8.34595         33 0.0000e+00
    265.000    262.091    -1.3140  27.381201    -1.3131  27.381182     6.2021     6.3525     0.2139    94.8332 1.0000e-12  -74.09520 -111.90762  27.985547      99.78 4.3796e+02    661.218      15870  1028.7059  1028.7050    34.0991    34.0981    8.34596         32 0.0000e+00
    266.000    263.078    -1.3185  27.379170    -1.3178  27.378858     6.2086     6.3603     0.1985    94.8369 1.0000e-12  -74.09520 -111.90762  27.985561      99.78 4.4056e+02    662.499      15901  1028.7123  1028.7113    34.1008    34.0997    8.34686         29 0.0000e+00
    267.000    264.068    -1.3189  27.379575    -1.3182  27.379125     6.2058     6.3574     0.1531    94.8259 1.0000e-12  -74.09520 -111.90762  27.985574      99.78 4.3890e+02    663.592      15927  1028.7173  1028.7162    34.1012    34.0999    8.34693         26 0.0000e+00
    268.000    265.056    -1.3189  27.380046    -1.3181  27.379910     6.2064     6.3633     0.0569    94.6953 1.0000e-12  -74.09520 -111.90762  27.985587      99.79 4.3884e+02    664.730      15955  1028.7221  1028.7211    34.1012    34.1001    8.34693         29 0.0000e+00
    269.000    266.043    -1.3192  27.380376    -1.3185  27.380217     6.2122     6.3565     0.0570    94.6194 1.0000e-12  -74.09520 -111.90763  27.985602      99.77 4.4071e+02    665.991      15985  1028.7270  1028.7261    34.1014    34.1004    8.34699         31 0.0000e+00
    270.000    267.033    -1.3199  27.381389    -1.3196  27.380634     6.1999     6.3553     0.5596    94.7341 1.0000e-12  -74.09520 -111.90764  27.985617      99.79 4.3986e+02    667.299      16016  1028.7330  1028.7319    34.1030    34.1017    8.34706         31 0.0000e+00
    271.000    268.020    -1.3159  27.386624    -1.3144  27.386673     6.1997     6.3486     0.2696    94.8177 1.0000e-12  -74.09520 -111.90764  27.985632      88.91 4.3895e+02    668.588      16047  1028.7391  1028.7377    34.1051    34.1034    8.34605         31 0.0000e+00
    272.000    269.009    -1.3112  27.392053    -1.3098  27.392363     6.1958     6.3411     0.1476    94.8561 1.0000e-12  -74.09520 -111.90764  27.985646      97.90 4.4087e+02    669.855      16078  1028.7448  1028.7437    34.1065    34.1053    8.34491         29 0.0000e+00
    273.000    269.997    -1.3085  27.395150    -1.3078  27.394828     6.1952     6.3372     0.0597    94.8001 1.0000e-12  -74.09520 -111.90764  27.985659      99.78 4.4092e+02    670.979      16104  1028.7497  1028.7487    34.1070    34.1058    8.34426         26 0.0000e+00
    274.000    270.985    -1.3086  27.395704    -1.3078  27.395321     6.1919     6.3412     0.0690    94.8121 1.0000e-12  -74.09520 -111.90764  27.985672      99.78 4.4024e+02    672.073      16131  1028.7548  1028.7536    34.1073    34.1058    8.34428         26 0.0000e+00
    275.000    271.975    -1.3093  27.395554    -1.3085  27.395242     6.1969     6.3459     0.0691    94.6831 1.0000e-12  -74.09520 -111.90764  27.985685      99.79 4.4170e+02    673.170      16157  1028.7596  1028.7586    34.1072    34.1060    8.34443         27 0.0000e+00
    276.000    272.959    -1.3107  27.395044    -1.3099  27.394820     6.1927     6.3412     0.3652    94.8381 1.0000e-12  -74.09520 -111.90764  27.985697      99.79 4.4149e+02    674.263      16183  1028.7647  1028.7636    34.1075    34.1063    8.34473         25 0.0000e+00
    277.000    273.953    -1.3113  27.395232    -1.3103  27.395050     6.1946     6.3467     0.4083    94.7946 1.0000e-12  -74.09520 -111.90764  27.985710      99.78 4.4045e+02    675.346      16209  1028.7697  1028.7687    34.1078    34.1065    8.34484         27 0.0000e+00
    278.000    274.939    -1.3114  27.395680    -1.3106  27.395441     6.1983     6.3490     0.0730    94.8372 1.0000e-12  -74.09520 -111.90764  27.985722      99.78 4.4269e+02    676.413      16235  1028.7747  1028.7736    34.1080    34.1067    8.34486         25 0.0000e+00
    279.000    275.927    -1.3145  27.394858    -1.3135  27.394685     6.1962     6.3393     0.0624    94.8317 1.0000e-12  -74.09520 -111.90764  27.985735      99.78 4.4228e+02    677.485      16261  1028.7811  1028.7799    34.1097    34.1084    8.34544         26 0.0000e+00
    280.000    276.916    -1.3123  27.398812    -1.3115  27.398339     6.1967     6.3409     0.0806    94.7822 1.0000e-12  -74.09520 -111.90763  27.985748      99.78 4.3992e+02    678.594      16287  1028.7876  1028.7862    34.1121    34.1105    8.34483         27 0.0000e+00
    281.000    277.904    -1.3116  27.401044    -1.3108  27.401055     6.1894     6.3350     0.0658    94.8085 1.0000e-12  -74.09520 -111.90763  27.985761      99.78 4.4320e+02    679.709      16314  1028.7936  1028.7929    34.1137    34.1128    8.34456         27 0.0000e+00
    282.000    278.892    -1.3131  27.403063    -1.3126  27.402637     6.1872     6.3335     0.0740    94.7850 1.0000e-12  -74.09520 -111.90763  27.985773      90.70 4.4298e+02    680.787      16340  1028.8016  1028.8007    34.1175    34.1164    8.34467         25 0.0000e+00
    283.000    279.881    -1.3138  27.403849    -1.3128  27.403620     6.1836     6.3315     0.0690    94.8540 1.0000e-12  -74.09520 -111.90763  27.985785      82.79 4.4040e+02    681.845      16365  1028.8074  1028.8063    34.1188    34.1173    8.34475         26 0.0000e+00
    284.000    280.868    -1.3089  27.409772    -1.3088  27.408946     6.1835     6.3271     0.0585    94.8758 1.0000e-12  -74.09520 -111.90763  27.985798      97.16 4.4278e+02    682.972      16392  1028.8135  1028.8125    34.1208    34.1194    8.34355         28 0.0000e+00
    285.000    281.857    -1.3114  27.408767    -1.3109  27.408206     6.1814     6.3324     0.0606    94.8418 1.0000e-12  -74.09520 -111.90762  27.985813      99.83 4.4340e+02    684.227      16422  1028.8191  1028.8180    34.1216    34.1202    8.34405         31 0.0000e+00
    286.000    282.846    -1.3131  27.408001    -1.3121  27.408044     6.1840     6.3324     0.0607    94.6270 1.0000e-12  -74.09520 -111.90762  27.985827      99.78 4.4158e+02    685.493      16453  1028.8243  1028.8234    34.1219    34.1208    8.34442         30 0.0000e+00
    287.000    283.834    -1.3137  27.408768    -1.3130  27.408307     6.1797     6.3281     0.0469    94.8497 1.0000e-12  -74.09520 -111.90762  27.985842      99.78 4.4260e+02    686.750      16483  1028.8299  1028.8288    34.1229    34.1216    8.34448         31 0.0000e+00
    288.000    284.822    -1.3100  27.413150    -1.3095  27.412138     6.1722     6.3233     0.1406    94.8952 1.0000e-12  -74.09520 -111.90762  27.985857      99.78 4.4354e+02    688.015      16513  1028.8354  1028.8339    34.1241    34.1222    8.34358         30 0.0000e+00
    289.000    285.809    -1.3027  27.421180    -1.3002  27.421959     6.1738     6.3235     0.0555    94.8596 1.0000e-12  -74.09520 -111.90762  27.985872      99.79 4.4248e+02    689.298      16544  1028.8414  1028.8398    34.1263    34.1245    8.34184         31 0.0000e+00
    290.000    286.799    -1.2927  27.430292    -1.3022  27.420946     6.1627     6.3076     0.0706    94.8585 1.0000e-12  -74.09520 -111.90762  27.985886      99.78 4.4231e+02    690.556      16574  1028.8460  1028.8450    34.1268    34.1248    8.33958         30 0.0000e+00
    291.000    287.787    -1.2880  27.435295    -1.2859  27.435667     6.1618     6.3053     0.0842    94.8665 1.0000e-12  -74.09520 -111.90762  27.985901      99.79 4.4412e+02    691.840      16605  1028.8512  1028.8495    34.1276    34.1257    8.33847         32 0.0000e+00
