ocean_section_plots/required_files/ctd/dnbp2202_ctd174.cnv
* Sea-Bird SBE 9 Data File:
* FileName = D:\Data\raw\NBP2202_CTD174.hex
* Software Version Seasave V 7.26.7.121
* Temperature SN = 1649
* Conductivity SN = 2513
* Number of Bytes Per Scan = 40
* Number of Voltage Words = 5
* Number of Scans Averaged by the Deck Unit = 1
* NMEA Latitude = 74 04.34 S
* NMEA Longitude = 110 47.47 W
* NMEA UTC (Time) = Feb 03 2022  18:11:19
* NMEA baud rate = 9600
** Ship: RVIB N.B. Palmer
** Cruise: NBP2202 Thwaites
** Station: 96
** Operator: A. Robinson
# nquan = 28
# nvalues = 325                         
# units = specified
# name 0 = prDM: Pressure, Digiquartz [db]
# name 1 = depSM: Depth [salt water, m]
# name 2 = t090C: Temperature [ITS-90, deg C]
# name 3 = c0mS/cm: Conductivity [mS/cm]
# name 4 = t190C: Temperature, 2 [ITS-90, deg C]
# name 5 = c1mS/cm: Conductivity, 2 [mS/cm]
# name 6 = sbeox0ML/L: Oxygen, SBE 43 [ml/l]
# name 7 = sbeox1ML/L: Oxygen, SBE 43, 2 [ml/l]
# name 8 = flECO-AFL: Fluorescence, WET Labs ECO-AFL/FL [mg/m^3]
# name 9 = CStarTr0: Beam Transmission, WET Labs C-Star [%]
# name 10 = par: PAR/Irradiance, Biospherical/Licor
# name 11 = latitude: Latitude [deg]
# name 12 = longitude: Longitude [deg]
# name 13 = timeJ: Julian Days
# name 14 = altM: Altimeter [m]
# name 15 = spar: SPAR, Biospherical/Licor
# name 16 = timeS: Time, Elapsed [seconds]
# name 17 = scan: Scan Count
# name 18 = density00: Density [density, kg/m^3]
# name 19 = density11: Density, 2 [density, kg/m^3]
# name 20 = v3: Voltage 3
# name 21 = v4: Voltage 4
# name 22 = v5: Voltage 5
# name 23 = sal00: Salinity, Practical [PSU]
# name 24 = sal11: Salinity, Practical, 2 [PSU]
# name 25 = oxsolML/L: Oxygen Saturation, Garcia & Gordon [ml/l]
# name 26 = nbin: number of scans per bin
# name 27 = flag: flag
# span 0 =      2.000,    326.000       
# span 1 =      1.983,    322.375       
# span 2 =    -1.5482,    -1.1517       
# span 3 =  26.796329,  27.569934       
# span 4 =    -1.5481,    -1.1507       
# span 5 =  26.796616,  27.569312       
# span 6 =     5.9251,     7.7189       
# span 7 =     5.8950,     7.8807       
# span 8 =    -0.0197,    13.5342       
# span 9 =    82.9452,    98.6749       
# span 10 = -1.478e-05, 1.2949e+02      
# span 11 =  -74.07248,  -74.07246      
# span 12 = -110.79122, -110.79118      
# span 13 =  34.760541,  34.766158      
# span 14 =       4.94,      99.97      
# span 15 = 1.8122e+03, 1.8192e+03      
# span 16 =    231.711,    717.031      
# span 17 =       5562,      17210      
# span 18 =  1027.1275,  1029.0191      
# span 19 =  1027.1293,  1029.0174      
# span 20 =     3.9351,     4.6809      
# span 21 =     0.0633,     2.0743      
# span 22 =     0.1175,     0.1775      
# span 23 =    33.7000,    34.1354      
# span 24 =    33.7021,    34.1334      
# span 25 =    8.30768,    8.41796      
# span 26 =         20,         46      
# span 27 = 0.0000e+00, 0.0000e+00      
# interval = decibars: 1                
# start_time = Feb 03 2022 18:11:19 [NMEA time, header]
# bad_flag = -9.990e-29
*END*
[from data line 156]
    158.000    156.305    -1.4881  27.111761    -1.4879  27.111521     6.2965     6.4762     0.2569    97.9902 1.0000e-12  -74.07248 -110.79120  34.763142      99.88 1.8159e+03    456.464      10956  1028.1137  1028.1132     4.6485     0.1182     0.1215    33.9932    33.9926    8.39136         28 0.0000e+00
    159.000    157.295    -1.4899  27.111656    -1.4895  27.111475     6.3024     6.4771     0.2482    98.0431 1.0000e-12  -74.07248 -110.79120  34.763155      99.89 1.8175e+03    457.618      10984  1028.1196  1028.1190     4.6510     0.1143     0.1198    33.9945    33.9937    8.39169         27 0.0000e+00
    160.000    158.283    -1.4903  27.112059    -1.4900  27.111871     6.3049     6.4847     0.3139    98.0589 1.0000e-12  -74.07248 -110.79120  34.763169      99.88 1.8169e+03    458.777      11012  1028.1246  1028.1241     4.6518     0.1384     0.1212    33.9948    33.9941    8.39175         28 0.0000e+00
    161.000    159.273    -1.4905  27.112591    -1.4900  27.112323     6.3085     6.4821     0.3340    98.0817 1.0000e-12  -74.07248 -110.79120  34.763182      99.88 1.8159e+03    459.926      11039  1028.1297  1028.1290     4.6527     0.1353     0.1210    33.9951    33.9942    8.39178         27 0.0000e+00
    162.000    160.261    -1.4907  27.113273    -1.4902  27.113083     6.3039     6.4727     0.3324    97.7870 1.0000e-12  -74.07248 -110.79120  34.763195      99.88 1.8164e+03    461.079      11067  1028.1349  1028.1343     4.6390     0.1345     0.1235    33.9957    33.9948    8.39179         28 0.0000e+00
    163.000    161.250    -1.4906  27.113806    -1.4901  27.113536     6.3022     6.4736     0.2544    97.9046 1.0000e-12  -74.07248 -110.79120  34.763209      97.05 1.8159e+03    462.242      11095  1028.1398  1028.1390     4.6444     0.1753     0.1233    33.9957    33.9947    8.39178         28 0.0000e+00
    164.000    162.239    -1.4906  27.114187    -1.4901  27.113979     6.2976     6.4738     0.2968    97.4968 1.0000e-12  -74.07248 -110.79120  34.763222      96.38 1.8151e+03    463.396      11123  1028.1444  1028.1437     4.6251     0.1198     0.1210    33.9955    33.9947    8.39177         28 0.0000e+00
    165.000    163.227    -1.4907  27.114691    -1.4901  27.114575     6.3022     6.4753     0.3636    98.0465 1.0000e-12  -74.07248 -110.79120  34.763236      99.87 1.8161e+03    464.560      11150  1028.1493  1028.1487     4.6512     0.1119     0.1202    33.9957    33.9949    8.39178         28 0.0000e+00
    166.000    164.217    -1.4907  27.115055    -1.4903  27.114828     6.3050     6.4762     0.3387    98.1213 1.0000e-12  -74.07248 -110.79120  34.763249      99.88 1.8173e+03    465.728      11178  1028.1540  1028.1534     4.6547     0.1081     0.1227    33.9956    33.9949    8.39179         28 0.0000e+00
    167.000    165.206    -1.4910  27.115715    -1.4907  27.115634     6.3001     6.4773     0.2645    98.0773 1.0000e-12  -74.07248 -110.79120  34.763263      99.88 1.8165e+03    466.894      11206  1028.1594  1028.1590     4.6526     0.1220     0.1269    33.9962    33.9958    8.39182         28 0.0000e+00
    168.000    166.195    -1.4914  27.116292    -1.4909  27.116205     6.2963     6.4778     0.2396    97.8460 1.0000e-12  -74.07248 -110.79120  34.763276      99.88 1.8168e+03    468.060      11234  1028.1647  1028.1641     4.6417     0.1258     0.1208    33.9969    33.9962    8.39188         28 0.0000e+00
    169.000    167.182    -1.4913  27.116887    -1.4909  27.116699     6.3038     6.4781     0.3346    97.9514 1.0000e-12  -74.07248 -110.79120  34.763290      99.88 1.8174e+03    469.238      11263  1028.1695  1028.1689     4.6467     0.1300     0.1200    33.9969    33.9963    8.39185         29 0.0000e+00
    170.000    168.174    -1.4913  27.117338    -1.4909  27.117246     6.2994     6.4801     0.2985    97.7315 1.0000e-12  -74.07248 -110.79120  34.763303      99.87 1.8169e+03    470.412      11291  1028.1744  1028.1738     4.6362     0.1462     0.1216    33.9970    33.9964    8.39186         27 0.0000e+00
    171.000    169.161    -1.4913  27.118649    -1.4909  27.118506     6.2993     6.4811     0.3206    97.7537 1.0000e-12  -74.07248 -110.79120  34.763317      99.88 1.8162e+03    471.591      11319  1028.1801  1028.1795     4.6373     0.1216     0.1236    33.9982    33.9974    8.39179         29 0.0000e+00
    172.000    170.150    -1.4915  27.119755    -1.4910  27.119569     6.3020     6.4808     0.4628    97.9756 1.0000e-12  -74.07248 -110.79120  34.763331      99.88 1.8175e+03    472.782      11348  1028.1858  1028.1851     4.6478     0.1112     0.1233    33.9992    33.9984    8.39175         29 0.0000e+00
    173.000    171.139    -1.4913  27.120537    -1.4909  27.120360     6.3028     6.4827     0.2958    98.0691 1.0000e-12  -74.07248 -110.79120  34.763345      99.88 1.8175e+03    473.970      11376  1028.1907  1028.1901     4.6523     0.1326     0.1216    33.9995    33.9988    8.39170         28 0.0000e+00
    174.000    172.127    -1.4914  27.121175    -1.4909  27.120975     6.3046     6.4826     0.3192    98.0406 1.0000e-12  -74.07246 -110.79120  34.763358      99.88 1.8169e+03    475.155      11405  1028.1959  1028.1951     4.6509     0.1450     0.1203    33.9999    33.9991    8.39170         29 0.0000e+00
    175.000    173.117    -1.4915  27.121713    -1.4910  27.121528     6.3031     6.4839     0.4536    97.8063 1.0000e-12  -74.07246 -110.79120  34.763372      99.39 1.8175e+03    476.348      11433  1028.2008  1028.2001     4.6398     0.1179     0.1175    34.0001    33.9992    8.39171         28 0.0000e+00
    176.000    174.105    -1.4918  27.122486    -1.4913  27.122261     6.3042     6.4848     0.3250    97.9587 1.0000e-12  -74.07246 -110.79120  34.763386      99.88 1.8175e+03    477.532      11462  1028.2063  1028.2056     4.6470     0.1135     0.1216    34.0009    34.0000    8.39174         27 0.0000e+00
    177.000    175.093    -1.4923  27.123408    -1.4918  27.123184     6.3104     6.4855     0.4555    97.8861 1.0000e-12  -74.07246 -110.79120  34.763399      99.89 1.8176e+03    478.706      11490  1028.2121  1028.2113     4.6436     0.1027     0.1211    34.0021    34.0012    8.39177         27 0.0000e+00
    178.000    176.084    -1.4923  27.124346    -1.4919  27.124072     6.3081     6.4857     0.3665    97.8323 1.0000e-12  -74.07246 -110.79120  34.763413      99.89 1.8184e+03    479.880      11518  1028.2175  1028.2168     4.6410     0.1099     0.1233    34.0028    34.0020    8.39174         29 0.0000e+00
    179.000    177.072    -1.4925  27.125020    -1.4920  27.124815     6.3173     6.4864     0.6288    97.9481 1.0000e-12  -74.07246 -110.79120  34.763426      99.88 1.8182e+03    481.043      11546  1028.2227  1028.2219     4.6465     0.1152     0.1242    34.0033    34.0025    8.39174         27 0.0000e+00
    180.000    178.059    -1.4927  27.125978    -1.4922  27.125734     6.3155     6.4877     0.8818    98.0114 1.0000e-12  -74.07246 -110.79120  34.763440      99.88 1.8175e+03    482.194      11574  1028.2282  1028.2274     4.6496     0.1356     0.1230    34.0042    34.0033    8.39173         28 0.0000e+00
    181.000    179.049    -1.4924  27.127492    -1.4919  27.127218     6.3147     6.4890     0.2814    98.0036 1.0000e-12  -74.07246 -110.79120  34.763453      99.88 1.8192e+03    483.354      11602  1028.2339  1028.2331     4.6492     0.1197     0.1212    34.0054    34.0044    8.39160         28 0.0000e+00
    182.000    180.036    -1.4916  27.129876    -1.4911  27.129656     6.3201     6.4948     0.2281    97.8816 1.0000e-12  -74.07246 -110.79120  34.763467      99.87 1.8187e+03    484.518      11629  1028.2401  1028.2394     4.6433     0.1203     0.1237    34.0071    34.0063    8.39132         28 0.0000e+00
    183.000    181.028    -1.4906  27.132257    -1.4900  27.131971     6.3160     6.4883     0.2283    97.8380 1.0000e-12  -74.07246 -110.79120  34.763480      99.88 1.8176e+03    485.667      11657  1028.2460  1028.2452     4.6413     0.1832     0.1222    34.0086    34.0076    8.39099         28 0.0000e+00
    184.000    182.016    -1.4896  27.135058    -1.4890  27.134784     6.3147     6.4893     0.2388    98.0538 1.0000e-12  -74.07246 -110.79120  34.763493      99.88 1.8178e+03    486.832      11685  1028.2525  1028.2516     4.6514     0.1111     0.1224    34.0107    34.0097    8.39065         28 0.0000e+00
    185.000    183.004    -1.4897  27.136758    -1.4891  27.136477     6.3211     6.4993     0.3421    97.9558 1.0000e-12  -74.07246 -110.79120  34.763507      99.88 1.8176e+03    487.998      11713  1028.2588  1028.2579     4.6469     0.1017     0.1236    34.0125    34.0115    8.39055         27 0.0000e+00
    186.000    183.992    -1.4896  27.138647    -1.4891  27.138461     6.3239     6.5025     0.5127    98.0002 1.0000e-12  -74.07246 -110.79122  34.763520      90.36 1.8175e+03    489.151      11741  1028.2651  1028.2644     4.6490     0.1193     0.1238    34.0145    34.0136    8.39043         28 0.0000e+00
    187.000    184.982    -1.4895  27.140397    -1.4889  27.140122     6.3266     6.4993     0.4098    97.8131 1.0000e-12  -74.07246 -110.79120  34.763534      99.89 1.8175e+03    490.314      11769  1028.2713  1028.2704     4.6401     0.1325     0.1229    34.0161    34.0150    8.39030         28 0.0000e+00
    188.000    185.972    -1.4895  27.141148    -1.4888  27.140990     6.3247     6.4975     0.2858    97.9201 1.0000e-12  -74.07246 -110.79122  34.763547      99.88 1.8175e+03    491.482      11797  1028.2764  1028.2756     4.6452     0.1234     0.1224    34.0165    34.0155    8.39028         28 0.0000e+00
    189.000    186.959    -1.4894  27.141412    -1.4888  27.141283     6.3182     6.5008     0.2710    97.9163 1.0000e-12  -74.07246 -110.79120  34.763561      99.88 1.8175e+03    492.637      11824  1028.2810  1028.2802     4.6450     0.1270     0.1226    34.0162    34.0153    8.39029         28 0.0000e+00
    190.000    187.948    -1.4898  27.141641    -1.4891  27.141391     6.3248     6.4969     0.2539    98.0115 1.0000e-12  -74.07246 -110.79120  34.763574      99.88 1.8175e+03    493.797      11852  1028.2858  1028.2849     4.6495     0.1079     0.1205    34.0162    34.0152    8.39035         28 0.0000e+00
    191.000    188.938    -1.4896  27.142433    -1.4890  27.142126     6.3180     6.4873     0.2337    98.0301 1.0000e-12  -74.07246 -110.79120  34.763588      99.87 1.8175e+03    494.967      11880  1028.2908  1028.2899     4.6504     0.1174     0.1212    34.0165    34.0154    8.39030         28 0.0000e+00
    192.000    189.926    -1.4889  27.144431    -1.4883  27.143990     6.3162     6.4918     0.1988    97.9950 1.0000e-12  -74.07246 -110.79120  34.763601      99.88 1.8175e+03    496.128      11908  1028.2966  1028.2956     4.6487     0.1059     0.1211    34.0178    34.0166    8.39006         28 0.0000e+00
    193.000    190.914    -1.4868  27.148468    -1.4862  27.148080     6.3188     6.4948     0.1872    97.9804 1.0000e-12  -74.07246 -110.79120  34.763614      99.88 1.8175e+03    497.288      11936  1028.3034  1028.3024     4.6481     0.1072     0.1218    34.0204    34.0191    8.38944         27 0.0000e+00
    194.000    191.903    -1.4856  27.150562    -1.4849  27.150379     6.3153     6.4955     0.3911    98.1106 1.0000e-12  -74.07246 -110.79120  34.763628      99.87 1.8175e+03    498.459      11964  1028.3089  1028.3080     4.6542     0.1168     0.1244    34.0213    34.0203    8.38912         29 0.0000e+00
    195.000    192.892    -1.4833  27.154468    -1.4827  27.153953     6.3161     6.4853     0.2054    98.0270 1.0000e-12  -74.07246 -110.79120  34.763641      99.88 1.8175e+03    499.614      11992  1028.3152  1028.3141     4.6503     0.1493     0.1249    34.0234    34.0220    8.38846         27 0.0000e+00
    196.000    193.880    -1.4792  27.159904    -1.4786  27.159482     6.3087     6.4807     0.2573    98.1820 1.0000e-12  -74.07247 -110.79120  34.763655      99.89 1.8170e+03    500.771      12020  1028.3216  1028.3206     4.6576     0.1066     0.1250    34.0257    34.0244    8.38742         28 0.0000e+00
    197.000    194.869    -1.4775  27.162057    -1.4770  27.161625     6.3039     6.4875     0.1862    97.7971 1.0000e-12  -74.07248 -110.79120  34.763668      95.98 1.8175e+03    501.955      12048  1028.3267  1028.3257     4.6395     0.1024     0.1226    34.0261    34.0249    8.38701         29 0.0000e+00
    198.000    195.859    -1.4756  27.164778    -1.4749  27.164476     6.2979     6.4760     0.2532    98.0854 1.0000e-12  -74.07248 -110.79120  34.763682      99.67 1.8173e+03    503.138      12076  1028.3322  1028.3311     4.6528     0.1037     0.1231    34.0270    34.0258    8.38652         28 0.0000e+00
    199.000    196.847    -1.4735  27.167292    -1.4726  27.167156     6.2967     6.4718     0.1916    98.1086 1.0000e-12  -74.07248 -110.79120  34.763696      99.87 1.8160e+03    504.325      12105  1028.3372  1028.3362     4.6541     0.0933     0.1243    34.0275    34.0263    8.38602         29 0.0000e+00
    200.000    197.834    -1.4691  27.172032    -1.4680  27.172017     6.2915     6.4708     0.1924    98.0699 1.0000e-12  -74.07247 -110.79121  34.763710      99.87 1.8175e+03    505.519      12133  1028.3425  1028.3415     4.6523     0.0975     0.1312    34.0283    34.0271    8.38497         28 0.0000e+00
    201.000    198.824    -1.4688  27.172547    -1.4684  27.172213     6.2928     6.4662     0.2005    98.0616 1.0000e-12  -74.07247 -110.79121  34.763724      99.88 1.8171e+03    506.714      12162  1028.3472  1028.3463     4.6519     0.1028     0.1252    34.0281    34.0271    8.38492         29 0.0000e+00
    202.000    199.813    -1.4691  27.172841    -1.4676  27.173322     6.2856     6.4681     0.2321    98.1068 1.0000e-12  -74.07247 -110.79121  34.763737      99.88 1.8149e+03    507.912      12191  1028.3521  1028.3512     4.6540     0.1070     0.1235    34.0282    34.0272    8.38498         29 0.0000e+00
    203.000    200.802    -1.4638  27.178674    -1.4633  27.178113     6.2896     6.4634     0.2446    98.1670 1.0000e-12  -74.07246 -110.79122  34.763751      99.88 1.8171e+03    509.119      12220  1028.3577  1028.3566     4.6568     0.0964     0.1248    34.0296    34.0282    8.38370         29 0.0000e+00
    204.000    201.789    -1.4623  27.180425    -1.4618  27.179946     6.2823     6.4534     0.1923    98.0811 1.0000e-12  -74.07246 -110.79120  34.763765      99.88 1.8175e+03    510.335      12249  1028.3625  1028.3615     4.6528     0.1179     0.1225    34.0297    34.0284    8.38336         29 0.0000e+00
    205.000    202.779    -1.4628  27.180529    -1.4620  27.180211     6.2870     6.4595     0.1656    98.0546 1.0000e-12  -74.07246 -110.79121  34.763779      99.87 1.8157e+03    511.539      12278  1028.3675  1028.3663     4.6516     0.0904     0.1222    34.0298    34.0284    8.38347         29 0.0000e+00
    206.000    203.768    -1.4638  27.179938    -1.4627  27.180015     6.2832     6.4607     0.1726    98.1015 1.0000e-12  -74.07246 -110.79121  34.763793      99.89 1.8172e+03    512.746      12307  1028.3721  1028.3711     4.6538     0.0995     0.1219    34.0295    34.0283    8.38372         29 0.0000e+00
    207.000    204.756    -1.4640  27.180150    -1.4633  27.179814     6.2833     6.4596     0.1638    98.1841 1.0000e-12  -74.07246 -110.79121  34.763807      99.88 1.8175e+03    513.958      12336  1028.3769  1028.3759     4.6577     0.0903     0.1239    34.0294    34.0281    8.38377         29 0.0000e+00
    208.000    205.744    -1.4633  27.181236    -1.4625  27.181056     6.2847     6.4584     0.2141    98.0949 1.0000e-12  -74.07246 -110.79122  34.763821      88.17 1.8158e+03    515.162      12365  1028.3818  1028.3807     4.6535     0.0939     0.1214    34.0295    34.0283    8.38361         29 0.0000e+00
