ocean_section_plots/required_files/ctd/dnbp2202_ctd135.cnv
* Sea-Bird SBE 9 Data File:
* FileName = D:\Data\raw\NBP2202_CTD135.hex
* Software Version Seasave V 7.26.7.121
* Temperature SN = 1649
* Conductivity SN = 2513
* Number of Bytes Per Scan = 40
* Number of Voltage Words = 5
* Number of Scans Averaged by the Deck Unit = 1
* NMEA Latitude = 74 00.94 S
* NMEA Longitude = 112 50.22 W
* NMEA UTC (Time) = Jan 28 2022  07:59:16
* NMEA baud rate = 9600
** Ship: RVIB N.B. Palmer
** Cruise: NBP2202 Thwaites
** Station: 64
** Operator: B. Bjork
# nquan = 25
# nvalues = 783                         
# units = specified
# name 0 = prDM: Pressure, Digiquartz [db]
# name 1 = depSM: Depth [salt water, m]
# name 2 = t090C: Temperature [ITS-90, deg C]
# name 3 = c0mS/cm: Conductivity [mS/cm]
# name 4 = t190C: Temperature, 2 [ITS-90, deg C]
# name 5 = c1mS/cm: Conductivity, 2 [mS/cm]
# name 6 = sbeox0ML/L: Oxygen, SBE 43 [ml/l]
# name 7 = sbeox1ML/L: Oxygen, SBE 43, 2 [ml/l]
# name 8 = flECO-AFL: Fluorescence, WET Labs ECO-AFL/FL [mg/m^3]
# name 9 = CStarTr0: Beam Transmission, WET Labs C-Star [%]
# name 10 = par: PAR/Irradiance, Biospherical/Licor
# name 11 = latitude: Latitude [deg]
# name 12 = longitude: Longitude [deg]
# name 13 = timeJ: Julian Days
# name 14 = altM: Altimeter [m]
# name 15 = spar: SPAR, Biospherical/Licor
# name 16 = timeS: Time, Elapsed [seconds]
# name 17 = scan: Scan Count
# name 18 = density00: Density [density, kg/m^3]
# name 19 = density11: Density, 2 [density, kg/m^3]
# name 20 = sal00: Salinity, Practical [PSU]
# name 21 = sal11: Salinity, Practical, 2 [PSU]
# name 22 = oxsolML/L: Oxygen Saturation, Garcia & Gordon [ml/l]
# name 23 = nbin: number of scans per bin
# name 24 = flag: flag
# span 0 =      2.000,    784.000       
# span 1 =      1.982,    774.424       
# span 2 =    -1.6157,     0.3410       
# span 3 =  26.931689,  29.288759       
# span 4 =    -1.6173,     0.3435       
# span 5 =  26.932510,  29.288646       
# span 6 =     4.6512,     9.1750       
# span 7 =     4.7313,     9.4184       
# span 8 =    -0.0160,    29.4441       
# span 9 =    61.7319,    94.2754       
# span 10 = 1.0000e-12, 6.3754e+00      
# span 11 =  -74.01611,  -74.01574      
# span 12 = -112.83738, -112.83701      
# span 13 =  28.335417,  28.347504      
# span 14 =       1.04,     100.42      
# span 15 = 2.4680e+01, 3.7033e+01      
# span 16 =    224.069,   1268.342      
# span 17 =       5379,      30441      
# span 18 =  1027.1904,  1031.3668      
# span 19 =  1027.1939,  1031.3644      
# span 20 =    33.8166,    34.4814      
# span 21 =    33.8209,    34.4785      
# span 22 =    7.96829,    8.42391      
# span 23 =          4,         53      
# span 24 = 0.0000e+00, 0.0000e+00      
# interval = decibars: 1                
# start_time = Jan 28 2022 07:59:16 [NMEA time, header]
# bad_flag = -9.990e-29
*END*
[from data line 174]
    176.000    174.105    -1.5134  27.111254    -1.5138  27.111075     6.3513     6.4930     0.1543    93.7121 1.0000e-12  -74.01574 -112.83708  28.338689      99.79 3.3266e+01    506.721      12162  1028.2145  1028.2146    34.0100    34.0102    8.39607         27 0.0000e+00
    177.000    175.094    -1.5128  27.112368    -1.5131  27.112120     6.3464     6.4876     0.1445    93.7932 1.0000e-12  -74.01574 -112.83708  28.338702      99.79 3.4607e+01    507.879      12190  1028.2193  1028.2194    34.0102    34.0103    8.39590         28 0.0000e+00
    178.000    176.084    -1.5087  27.117092    -1.5089  27.116797     6.3435     6.4808     0.1474    93.7786 1.0000e-12  -74.01574 -112.83708  28.338717      99.80 3.4552e+01    509.110      12220  1028.2249  1028.2248    34.0115    34.0113    8.39492         30 0.0000e+00
    179.000    177.072    -1.5056  27.121327    -1.5060  27.121113     6.3396     6.4823     0.1394    93.6482 1.0000e-12  -74.01574 -112.83710  28.338730      99.79 3.4088e+01    510.279      12248  1028.2309  1028.2311    34.0132    34.0133    8.39412         27 0.0000e+00
    180.000    178.061    -1.5044  27.123513    -1.5046  27.123219     6.3434     6.4809     0.1351    93.7808 1.0000e-12  -74.01574 -112.83708  28.338743      99.79 3.4686e+01    511.360      12274  1028.2364  1028.2364    34.0141    34.0140    8.39377         25 0.0000e+00
    181.000    179.050    -1.5071  27.121976    -1.5079  27.121408     6.3461     6.4894     0.1351    93.7311 1.0000e-12  -74.01574 -112.83708  28.338755      99.79 3.5117e+01    512.425      12299  1028.2418  1028.2418    34.0145    34.0146    8.39437         26 0.0000e+00
    182.000    180.039    -1.5094  27.120599    -1.5099  27.120297     6.3477     6.4927     0.1395    93.7770 1.0000e-12  -74.01574 -112.83709  28.338768      99.79 3.3960e+01    513.540      12326  1028.2467  1028.2469    34.0145    34.0147    8.39488         28 0.0000e+00
    183.000    181.027    -1.5100  27.120872    -1.5104  27.120583     6.3512     6.4901     0.1351    93.8056 1.0000e-12  -74.01574 -112.83709  28.338782      93.11 3.4041e+01    514.739      12355  1028.2520  1028.2520    34.0150    34.0151    8.39500         29 0.0000e+00
    184.000    182.017    -1.5088  27.123063    -1.5093  27.122534     6.3551     6.4913     0.1270    93.7105 1.0000e-12  -74.01574 -112.83708  28.338796      96.62 3.5141e+01    515.931      12383  1028.2575  1028.2574    34.0161    34.0159    8.39466         27 0.0000e+00
    185.000    183.005    -1.5083  27.124180    -1.5086  27.124004     6.3552     6.4999     0.1398    93.7811 1.0000e-12  -74.01574 -112.83708  28.338808      99.85 3.4502e+01    517.038      12410  1028.2626  1028.2626    34.0164    34.0164    8.39453         26 0.0000e+00
    186.000    183.994    -1.5109  27.122621    -1.5114  27.122295     6.3657     6.4995     0.1376    93.8148 1.0000e-12  -74.01574 -112.83708  28.338820      99.79 3.4598e+01    518.070      12435  1028.2677  1028.2679    34.0166    34.0167    8.39510         24 0.0000e+00
    187.000    184.983    -1.5156  27.119618    -1.5160  27.119296     6.3730     6.4984     0.1236    93.8712 1.0000e-12  -74.01574 -112.83708  28.338832      99.80 3.5255e+01    519.058      12458  1028.2733  1028.2733    34.0171    34.0172    8.39613         24 0.0000e+00
    188.000    185.970    -1.5163  27.119734    -1.5166  27.119437     6.3733     6.5072     0.1271    93.8746 1.0000e-12  -74.01574 -112.83708  28.338843      99.79 3.4753e+01    520.044      12482  1028.2783  1028.2783    34.0175    34.0174    8.39627         24 0.0000e+00
    189.000    186.959    -1.5162  27.120317    -1.5165  27.120008     6.3684     6.5041     0.1470    93.8198 1.0000e-12  -74.01574 -112.83708  28.338855      99.79 3.4934e+01    521.045      12506  1028.2831  1028.2831    34.0175    34.0174    8.39624         24 0.0000e+00
    190.000    187.949    -1.5156  27.121495    -1.5158  27.121307     6.3518     6.4924     0.1439    93.8985 1.0000e-12  -74.01574 -112.83708  28.338866      99.79 3.5258e+01    522.042      12530  1028.2882  1028.2881    34.0179    34.0179    8.39609         23 0.0000e+00
    191.000    188.937    -1.5073  27.130783    -1.5071  27.130560     6.3509     6.4881     0.0855    93.9538 1.0000e-12  -74.01574 -112.83708  28.338877      99.79 3.5258e+01    523.008      12553  1028.2946  1028.2942    34.0206    34.0201    8.39404         23 0.0000e+00
    192.000    189.926    -1.4992  27.139616    -1.4991  27.139399     6.3485     6.4856     0.0730    93.9489 1.0000e-12  -74.01574 -112.83708  28.338888      99.80 3.5258e+01    523.953      12576  1028.3009  1028.3005    34.0230    34.0226    8.39209         23 0.0000e+00
    193.000    190.915    -1.4953  27.144056    -1.4955  27.143654     6.3413     6.4781     0.0729    93.9508 1.0000e-12  -74.01574 -112.83708  28.338900      99.79 3.5258e+01    524.951      12600  1028.3063  1028.3061    34.0240    34.0237    8.39115         24 0.0000e+00
    194.000    191.903    -1.4945  27.145682    -1.4946  27.145273     6.3460     6.4805     0.0854    93.9487 1.0000e-12  -74.01574 -112.83708  28.338911      99.79 3.5258e+01    525.942      12624  1028.3116  1028.3113    34.0247    34.0242    8.39091         24 0.0000e+00
    195.000    192.892    -1.4927  27.148186    -1.4929  27.147801     6.3451     6.4815     0.0747    93.9844 1.0000e-12  -74.01574 -112.83708  28.338922      99.79 3.5258e+01    526.865      12646  1028.3171  1028.3167    34.0255    34.0251    8.39047         21 0.0000e+00
    196.000    193.880    -1.4916  27.151003    -1.4918  27.150714     6.3408     6.4831     0.0966    94.0348 1.0000e-12  -74.01574 -112.83708  28.338933      84.43 3.5258e+01    527.776      12668  1028.3234  1028.3234    34.0274    34.0274    8.39009         22 0.0000e+00
    197.000    194.870    -1.4923  27.153120    -1.4923  27.152601     6.3381     6.4815     0.1033    94.0660 1.0000e-12  -74.01574 -112.83708  28.338944      98.20 3.5329e+01    528.752      12691  1028.3309  1028.3303    34.0306    34.0299    8.39008         25 0.0000e+00
    198.000    195.859    -1.4877  27.157919    -1.4878  27.157534     6.3355     6.4736     0.0851    94.0721 1.0000e-12  -74.01574 -112.83708  28.338956      99.78 3.5258e+01    529.771      12716  1028.3360  1028.3356    34.0314    34.0309    8.38899         24 0.0000e+00
    199.000    196.848    -1.4865  27.159612    -1.4865  27.159233     6.3294     6.4715     0.1136    94.0720 1.0000e-12  -74.01574 -112.83708  28.338967      99.79 3.5180e+01    530.773      12740  1028.3411  1028.3407    34.0317    34.0312    8.38870         23 0.0000e+00
    200.000    197.836    -1.4845  27.162784    -1.4846  27.162391     6.3281     6.4697     0.0952    94.0709 1.0000e-12  -74.01574 -112.83708  28.338978      99.79 3.4715e+01    531.721      12762  1028.3469  1028.3466    34.0331    34.0327    8.38815         23 0.0000e+00
    201.000    198.825    -1.4820  27.166611    -1.4821  27.166163     6.3294     6.4655     0.1169    94.0842 1.0000e-12  -74.01574 -112.83708  28.338989      99.79 3.3912e+01    532.629      12784  1028.3530  1028.3526    34.0349    34.0344    8.38748         21 0.0000e+00
    202.000    199.813    -1.4780  27.171796    -1.4779  27.171450     6.3245     6.4733     0.0708    94.0821 1.0000e-12  -74.01574 -112.83708  28.338999      99.79 3.5339e+01    533.545      12806  1028.3592  1028.3588    34.0369    34.0364    8.38646         23 0.0000e+00
    203.000    200.802    -1.4745  27.176107    -1.4746  27.175748     6.3255     6.4759     0.0729    94.1011 1.0000e-12  -74.01574 -112.83708  28.339010      99.79 3.5640e+01    534.497      12829  1028.3650  1028.3646    34.0383    34.0379    8.38560         23 0.0000e+00
    204.000    201.791    -1.4743  27.177102    -1.4743  27.176700     6.3289     6.4763     0.0879    94.0887 1.0000e-12  -74.01574 -112.83708  28.339022      99.80 3.4095e+01    535.467      12852  1028.3702  1028.3698    34.0388    34.0383    8.38552         23 0.0000e+00
    205.000    202.779    -1.4750  27.177124    -1.4750  27.176729     6.3209     6.4679     0.1138    94.0968 1.0000e-12  -74.01574 -112.83708  28.339033      99.78 3.4904e+01    536.456      12876  1028.3753  1028.3748    34.0390    34.0384    8.38567         25 0.0000e+00
    206.000    203.770    -1.4732  27.179825    -1.4732  27.179479     6.3141     6.4505     0.1258    94.0910 1.0000e-12  -74.01574 -112.83708  28.339045      99.80 3.5106e+01    537.466      12900  1028.3809  1028.3805    34.0401    34.0396    8.38520         23 0.0000e+00
    207.000    204.757    -1.4663  27.187892    -1.4661  27.187672     6.3143     6.4483     0.0929    94.1097 1.0000e-12  -74.01574 -112.83708  28.339056      99.79 3.4445e+01    538.413      12923  1028.3874  1028.3870    34.0426    34.0421    8.38348         22 0.0000e+00
    208.000    205.745    -1.4615  27.193121    -1.4615  27.192762     6.3104     6.4528     0.0875    93.8922 1.0000e-12  -74.01574 -112.83708  28.339066      99.80 3.5423e+01    539.289      12944  1028.3929  1028.3925    34.0438    34.0433    8.38234         21 0.0000e+00
    209.000    206.735    -1.4606  27.194440    -1.4607  27.194103     6.3050     6.4466     0.1068    94.0856 1.0000e-12  -74.01574 -112.83708  28.339076      72.16 3.5340e+01    540.170      12965  1028.3978  1028.3975    34.0440    34.0436    8.38213         22 0.0000e+00
    210.000    207.723    -1.4591  27.196719    -1.4591  27.196253     6.3009     6.4432     0.1044    94.0882 1.0000e-12  -74.01574 -112.83708  28.339087      89.19 3.4968e+01    541.135      12988  1028.4032  1028.4027    34.0448    34.0441    8.38174         24 0.0000e+00
    211.000    208.710    -1.4514  27.205014    -1.4513  27.204491     6.3041     6.4381     0.1022    94.1080 1.0000e-12  -74.01574 -112.83708  28.339100      99.91 3.5262e+01    542.200      13014  1028.4093  1028.4086    34.0469    34.0460    8.37990         26 0.0000e+00
    212.000    209.702    -1.4495  27.207277    -1.4494  27.207038     6.3001     6.4339     0.0938    94.0885 1.0000e-12  -74.01574 -112.83708  28.339111      99.80 3.5258e+01    543.224      13038  1028.4143  1028.4139    34.0472    34.0467    8.37945         23 0.0000e+00
    213.000    210.687    -1.4472  27.210074    -1.4473  27.209627     6.2921     6.4249     0.0818    94.0320 1.0000e-12  -74.01574 -112.83708  28.339122      99.79 3.5258e+01    544.136      13060  1028.4195  1028.4191    34.0478    34.0473    8.37889         21 0.0000e+00
    214.000    211.677    -1.4439  27.213833    -1.4440  27.213249     6.2779     6.4171     0.0725    94.0474 1.0000e-12  -74.01574 -112.83708  28.339132      99.80 3.5258e+01    544.983      13081  1028.4248  1028.4242    34.0485    34.0479    8.37810         20 0.0000e+00
    215.000    212.665    -1.4376  27.220304    -1.4372  27.219874     6.2684     6.4107     0.0693    94.0867 1.0000e-12  -74.01574 -112.83708  28.339142      99.79 3.5258e+01    545.878      13102  1028.4301  1028.4293    34.0497    34.0487    8.37661         23 0.0000e+00
    216.000    213.654    -1.4303  27.227181    -1.4301  27.226664     6.2621     6.3968     0.0689    94.1082 1.0000e-12  -74.01574 -112.83708  28.339154      99.80 3.5258e+01    546.916      13127  1028.4350  1028.4342    34.0502    34.0493    8.37494         26 0.0000e+00
    217.000    214.645    -1.4239  27.233341    -1.4233  27.233176     6.2419     6.3812     0.0521    94.0830 1.0000e-12  -74.01574 -112.83708  28.339166      99.79 3.5258e+01    547.976      13152  1028.4399  1028.4392    34.0507    34.0498    8.37346         25 0.0000e+00
    218.000    215.631    -1.4172  27.239915    -1.4164  27.239877     6.2164     6.3645     0.0711    94.1050 1.0000e-12  -74.01574 -112.83708  28.339178      99.80 3.5258e+01    548.948      13176  1028.4451  1028.4442    34.0516    34.0506    8.37192         22 0.0000e+00
    219.000    216.621    -1.4082  27.248443    -1.4085  27.247459     6.1759     6.3369     0.2406    94.0904 1.0000e-12  -74.01574 -112.83708  28.339188      99.79 3.5342e+01    549.829      13197  1028.4501  1028.4492    34.0525    34.0514    8.36985         21 0.0000e+00
    220.000    217.610    -1.3894  27.265658    -1.3892  27.264716     6.1424     6.3098     0.2629    94.0924 1.0000e-12  -74.01574 -112.83708  28.339198      99.79 3.4394e+01    550.672      13217  1028.4550  1028.4539    34.0541    34.0526    8.36552         20 0.0000e+00
    221.000    218.597    -1.3711  27.282298    -1.3704  27.281621     6.0825     6.2481     0.0606    94.1020 1.0000e-12  -74.01574 -112.83709  28.339208      99.80 3.5390e+01    551.591      13239  1028.4601  1028.4585    34.0556    34.0538    8.36134         24 0.0000e+00
    222.000    219.587    -1.3172  27.331203    -1.3164  27.329552     5.9835     6.1262     0.0862    94.1128 1.0000e-12  -74.01574 -112.83709  28.339220      99.80 3.5258e+01    552.647      13265  1028.4657  1028.4632    34.0608    34.0577    8.34895         26 0.0000e+00
    223.000    220.573    -1.2781  27.367463    -1.2757  27.366747     6.0132     6.1404     0.1149    94.1150 1.0000e-12  -74.01574 -112.83709  28.339232      99.79 3.4647e+01    553.684      13289  1028.4721  1028.4690    34.0654    34.0618    8.33993         24 0.0000e+00
    224.000    221.564    -1.2262  27.413478    -1.2252  27.412938     6.1252     6.2499     0.1468    94.0420 1.0000e-12  -74.01574 -112.83709  28.339243      96.89 3.5252e+01    554.615      13312  1028.4767  1028.4752    34.0689    34.0671    8.32816         21 0.0000e+00
    225.000    222.553    -1.2577  27.383646    -1.2571  27.386835     6.2164     6.3377     0.0949    94.0582 1.0000e-12  -74.01574 -112.83708  28.339253      99.77 3.5258e+01    555.487      13333  1028.4796  1028.4826    34.0633    34.0670    8.33553         21 0.0000e+00
    226.000    223.540    -1.3876  27.276099    -1.3888  27.276505     6.2711     6.3855     0.0971    93.7338 1.0000e-12  -74.01574 -112.83710  28.339264      99.79 3.5258e+01    556.380      13354  1028.4929  1028.4946    34.0627    34.0647    8.36461         22 0.0000e+00
    227.000    224.529    -1.4061  27.262273    -1.4064  27.261878     6.2907     6.4117     0.0864    93.8660 1.0000e-12  -74.01574 -112.83708  28.339275      99.79 3.5258e+01    557.347      13377  1028.5000  1028.4998    34.0641    34.0639    8.36867         24 0.0000e+00
    228.000    225.518    -1.4080  27.261548    -1.4079  27.261156     6.3005     6.4222     0.0718    94.0608 1.0000e-12  -74.01574 -112.83710  28.339287      99.79 3.5258e+01    558.386      13402  1028.5051  1028.5046    34.0646    34.0640    8.36906         25 0.0000e+00
    229.000    226.506    -1.4089  27.262724    -1.4089  27.262288     6.2922     6.4211     0.0729    93.9575 1.0000e-12  -74.01574 -112.83708  28.339298      99.79 3.5258e+01    559.389      13426  1028.5115  1028.5110    34.0667    34.0661    8.36915         23 0.0000e+00
    230.000    227.495    -1.4072  27.265436    -1.4072  27.264896     6.2897     6.4226     0.0729    93.8693 1.0000e-12  -74.01574 -112.83710  28.339309      99.80 3.5258e+01    560.314      13449  1028.5171  1028.5164    34.0679    34.0671    8.36871         22 0.0000e+00
    231.000    228.482    -1.4030  27.271412    -1.4026  27.270926     6.2931     6.4195     0.0729    94.1001 1.0000e-12  -74.01574 -112.83708  28.339320      99.80 3.5258e+01    561.208      13470  1028.5238  1028.5228    34.0707    34.0695    8.36760         21 0.0000e+00
    232.000    229.473    -1.3957  27.281073    -1.3954  27.280644     6.2887     6.4120     0.0729    94.1535 1.0000e-12  -74.01574 -112.83710  28.339330      99.79 3.5258e+01    562.121      13492  1028.5315  1028.5308    34.0751    34.0741    8.36570         23 0.0000e+00
