ocean_section_plots/required_files/ctd/dnbp2202_ctd214.cnv
* Sea-Bird SBE 9 Data File:
* FileName = D:\Data\raw\NBP2202_CTD214.hex
* Software Version Seasave V 7.26.7.121
* Temperature SN = 1649
* Conductivity SN = 2513
* Number of Bytes Per Scan = 40
* Number of Voltage Words = 5
* Number of Scans Averaged by the Deck Unit = 1
* NMEA Latitude = 73 59.97 S
* NMEA Longitude = 111 30.14 W
* NMEA UTC (Time) = Feb 11 2022  05:19:47
* NMEA baud rate = 9600
** Ship: RVIB N.B. Palmer
** Cruise: NBP2202 Thwaites
** Station: 126
** Operator: B. Bjork
# nquan = 28
# nvalues = 407                         
# units = specified
# name 0 = prDM: Pressure, Digiquartz [db]
# name 1 = depSM: Depth [salt water, m]
# name 2 = t090C: Temperature [ITS-90, deg C]
# name 3 = c0mS/cm: Conductivity [mS/cm]
# name 4 = t190C: Temperature, 2 [ITS-90, deg C]
# name 5 = c1mS/cm: Conductivity, 2 [mS/cm]
# name 6 = sbeox0ML/L: Oxygen, SBE 43 [ml/l]
# name 7 = sbeox1ML/L: Oxygen, SBE 43, 2 [ml/l]
# name 8 = flECO-AFL: Fluorescence, WET Labs ECO-AFL/FL [mg/m^3]
# name 9 = CStarTr0: Beam Transmission, WET Labs C-Star [%]
# name 10 = par: PAR/Irradiance, Biospherical/Licor
# name 11 = latitude: Latitude [deg]
# name 12 = longitude: Longitude [deg]
# name 13 = timeJ: Julian Days
# name 14 = altM: Altimeter [m]
# name 15 = spar: SPAR, Biospherical/Licor
# name 16 = timeS: Time, Elapsed [seconds]
# name 17 = scan: Scan Count
# name 18 = density00: Density [density, kg/m^3]
# name 19 = density11: Density, 2 [density, kg/m^3]
# name 20 = v3: Voltage 3
# name 21 = v4: Voltage 4
# name 22 = v5: Voltage 5
# name 23 = sal00: Salinity, Practical [PSU]
# name 24 = sal11: Salinity, Practical, 2 [PSU]
# name 25 = oxsolML/L: Oxygen Saturation, Garcia & Gordon [ml/l]
# name 26 = nbin: number of scans per bin
# name 27 = flag: flag
# span 0 =      1.000,    407.000       
# span 1 =      0.987,    402.396       
# span 2 =    -1.5860,    -0.0735       
# span 3 =  26.969355,  28.701971       
# span 4 =    -1.5863,    -0.0715       
# span 5 =  26.969292,  28.701746       
# span 6 =     4.9807,     8.9110       
# span 7 =     5.1360,     9.2632       
# span 8 =    -0.0123,    24.9499       
# span 9 =    71.3919,    97.8808       
# span 10 = 1.0000e-12, 1.9614e+02      
# span 11 =  -73.99956,  -73.99954      
# span 12 = -111.50246, -111.50242      
# span 13 =  42.223991,  42.230444      
# span 14 =       8.78,     100.69      
# span 15 = 7.4840e+01, 1.3074e+02      
# span 16 =    165.828,    723.339      
# span 17 =       3981,      17361      
# span 18 =  1027.1950,  1029.5556      
# span 19 =  1027.1974,  1029.5534      
# span 20 =     3.3873,     4.6433      
# span 21 =     0.0652,     4.2484      
# span 22 =     0.1154,     0.2461      
# span 23 =    33.8013,    34.3972      
# span 24 =    33.8036,    34.3938      
# span 25 =    8.05951,    8.41569      
# span 26 =         17,         49      
# span 27 = 0.0000e+00, 0.0000e+00      
# interval = decibars: 1                
# start_time = Feb 11 2022 05:19:47 [NMEA time, header]
# bad_flag = -9.990e-29
*END*
[from data line 259]
    260.000    257.150    -1.1684  27.505744    -1.1673  27.505431     5.9390     6.1423     0.0267    97.7446 1.0000e-12  -73.99954 -111.50244  42.228354      99.83 1.0150e+02    542.785      13028  1028.6805  1028.6791     4.6369     0.0725     0.1224    34.1073    34.1057    8.31305         24 0.0000e+00
    261.000    258.137    -1.1648  27.510112    -1.1635  27.509751     5.9385     6.1408     0.0114    97.7122 1.0000e-12  -73.99954 -111.50244  42.228366      99.83 9.8852e+01    543.777      13052  1028.6862  1028.6846     4.6353     0.0724     0.1243    34.1085    34.1066    8.31217         24 0.0000e+00
    262.000    259.127    -1.1627  27.512857    -1.1615  27.512589     5.9402     6.1395     0.0017    97.7231 1.0000e-12  -73.99954 -111.50244  42.228377      99.84 1.0151e+02    544.770      13075  1028.6917  1028.6903     4.6358     0.0749     0.1244    34.1093    34.1076    8.31166         24 0.0000e+00
    263.000    260.115    -1.1612  27.514924    -1.1599  27.514808     5.9376     6.1370    -0.0004    97.7364 1.0000e-12  -73.99954 -111.50244  42.228388      99.84 1.0249e+02    545.760      13099  1028.6969  1028.6955     4.6364     0.0742     0.1225    34.1098    34.1082    8.31129         23 0.0000e+00
    264.000    261.103    -1.1600  27.516479    -1.1589  27.516242     5.9430     6.1433     0.0030    97.7502 1.0000e-12  -73.99954 -111.50244  42.228400      99.84 9.8125e+01    546.748      13123  1028.7018  1028.7005     4.6371     0.0749     0.1243    34.1099    34.1084    8.31102         24 0.0000e+00
    265.000    262.092    -1.1608  27.516074    -1.1599  27.515628     5.9432     6.1420     0.0048    97.7597 1.0000e-12  -73.99954 -111.50244  42.228411      90.41 1.0065e+02    547.737      13147  1028.7067  1028.7053     4.6376     0.0707     0.1223    34.1098    34.1081    8.31122         24 0.0000e+00
    266.000    263.079    -1.1609  27.516451    -1.1595  27.516480     5.9383     6.1388     0.0036    97.7510 1.0000e-12  -73.99954 -111.50244  42.228423      99.34 1.0056e+02    548.730      13171  1028.7116  1028.7102     4.6372     0.0718     0.1232    34.1097    34.1082    8.31124         24 0.0000e+00
    267.000    264.069    -1.1607  27.517106    -1.1596  27.516954     5.9496     6.1462     0.0127    97.7468 1.0000e-12  -73.99954 -111.50244  42.228434      99.83 9.7056e+01    549.722      13194  1028.7165  1028.7152     4.6370     0.0733     0.1283    34.1098    34.1083    8.31119         24 0.0000e+00
    268.000    265.056    -1.1600  27.518832    -1.1588  27.518722     5.9701     6.1730     0.0076    97.7414 1.0000e-12  -73.99954 -111.50244  42.228446      99.84 9.9646e+01    550.717      13218  1028.7221  1028.7208     4.6367     0.0754     0.1245    34.1107    34.1092    8.31098         24 0.0000e+00
    269.000    266.045    -1.1648  27.515338    -1.1642  27.515090     5.9809     6.1772     0.0072    97.7103 1.0000e-12  -73.99954 -111.50244  42.228457      99.84 9.9100e+01    551.715      13242  1028.7274  1028.7264     4.6352     0.0726     0.1210    34.1108    34.1098    8.31205         23 0.0000e+00
    270.000    267.033    -1.1796  27.503958    -1.1787  27.503677     5.9689     6.1540    -0.0001    97.7296 1.0000e-12  -73.99954 -111.50244  42.228469      99.84 9.6030e+01    552.712      13266  1028.7336  1028.7325     4.6362     0.0707     0.1191    34.1114    34.1100    8.31529         25 0.0000e+00
    271.000    268.022    -1.1703  27.512940    -1.1692  27.512805     5.9865     6.1682    -0.0004    97.6768 1.0000e-12  -73.99954 -111.50244  42.228480      99.84 9.5860e+01    553.712      13290  1028.7387  1028.7374     4.6337     0.0713     0.1225    34.1125    34.1110    8.31316         24 0.0000e+00
    272.000    269.010    -1.1678  27.516057    -1.1669  27.515681     6.0270     6.2080     0.0053    97.7486 1.0000e-12  -73.99954 -111.50244  42.228492      99.83 9.8382e+01    554.712      13314  1028.7439  1028.7427     4.6370     0.0720     0.1250    34.1133    34.1118    8.31256         24 0.0000e+00
    273.000    269.998    -1.1899  27.497103    -1.1908  27.496603     6.0423     6.2351    -0.0032    97.7405 1.0000e-12  -73.99954 -111.50244  42.228504      99.84 9.5342e+01    555.706      13338  1028.7492  1028.7495     4.6366     0.0714     0.1225    34.1119    34.1122    8.31756         24 0.0000e+00
    274.000    270.987    -1.2225  27.471832    -1.2224  27.471140     6.0404     6.2398    -0.0034    97.7528 1.0000e-12  -73.99954 -111.50244  42.228515      99.84 9.4840e+01    556.702      13362  1028.7576  1028.7568     4.6373     0.0735     0.1214    34.1137    34.1126    8.32470         24 0.0000e+00
    275.000    271.976    -1.2145  27.479988    -1.2126  27.480252     6.0235     6.2294     0.0068    97.7741 1.0000e-12  -73.99954 -111.50244  42.228527      99.83 9.7156e+01    557.695      13386  1028.7628  1028.7613     4.6383     0.0734     0.1207    34.1152    34.1134    8.32282         23 0.0000e+00
    276.000    272.963    -1.2034  27.490281    -1.2023  27.490057     6.0058     6.2168     0.0057    97.7746 1.0000e-12  -73.99954 -111.50244  42.228538      99.84 9.5564e+01    558.687      13409  1028.7674  1028.7661     4.6383     0.0728     0.1217    34.1160    34.1144    8.32030         24 0.0000e+00
    277.000    273.953    -1.1976  27.496478    -1.1968  27.495617     5.9759     6.1912    -0.0077    97.7631 1.0000e-12  -73.99955 -111.50244  42.228549      95.70 9.2812e+01    559.669      13433  1028.7728  1028.7711     4.6378     0.0739     0.1214    34.1173    34.1152    8.31894         23 0.0000e+00
    278.000    274.940    -1.1756  27.516222    -1.1756  27.514665     5.9452     6.1631    -0.0056    97.7963 1.0000e-12  -73.99955 -111.50244  42.228561      88.00 9.6098e+01    560.652      13457  1028.7771  1028.7754     4.6393     0.0738     0.1223    34.1187    34.1166    8.31397         24 0.0000e+00
    279.000    275.927    -1.1653  27.526056    -1.1626  27.526882     5.9132     6.1321     0.0067    97.8306 1.0000e-12  -73.99955 -111.50244  42.228572      94.02 9.5190e+01    561.631      13480  1028.7821  1028.7804     4.6409     0.0712     0.1220    34.1198    34.1179    8.31162         23 0.0000e+00
    280.000    276.918    -1.1332  27.555629    -1.1306  27.555859     5.8898     6.1063    -0.0004    97.8369 1.0000e-12  -73.99955 -111.50244  42.228583      99.84 9.0931e+01    562.605      13504  1028.7874  1028.7852     4.6412     0.0727     0.1198    34.1232    34.1206    8.30430         24 0.0000e+00
    281.000    277.906    -1.1143  27.572861    -1.1135  27.571913     5.8860     6.0944    -0.0071    97.8225 1.0000e-12  -73.99955 -111.50244  42.228595      99.83 9.4735e+01    563.583      13527  1028.7923  1028.7904     4.6405     0.0719     0.1189    34.1247    34.1224    8.30003         23 0.0000e+00
    282.000    278.893    -1.1082  27.578805    -1.1072  27.578404     5.8921     6.0997     0.0042    97.8348 1.0000e-12  -73.99955 -111.50244  42.228606      99.84 9.3942e+01    564.569      13551  1028.7973  1028.7959     4.6411     0.0710     0.1322    34.1252    34.1235    8.29865         24 0.0000e+00
    283.000    279.881    -1.1111  27.577993    -1.1098  27.577860     5.8974     6.1031     0.0017    97.8081 1.0000e-12  -73.99955 -111.50244  42.228617      99.83 9.0304e+01    565.554      13574  1028.8037  1028.8024     4.6399     0.0710     0.1204    34.1268    34.1251    8.29919         24 0.0000e+00
    284.000    280.870    -1.1121  27.578179    -1.1109  27.578044     5.8995     6.1015    -0.0045    97.8057 1.0000e-12  -73.99955 -111.50244  42.228629      99.84 9.3362e+01    566.544      13598  1028.8094  1028.8081     4.6398     0.0707     0.1196    34.1275    34.1260    8.29937         23 0.0000e+00
    285.000    281.859    -1.1122  27.578762    -1.1111  27.578609     5.9065     6.1028    -0.0013    97.7768 1.0000e-12  -73.99955 -111.50244  42.228641      99.84 9.3788e+01    567.548      13622  1028.8146  1028.8133     4.6384     0.0710     0.1223    34.1278    34.1264    8.29938         25 0.0000e+00
    286.000    282.846    -1.1115  27.580286    -1.1103  27.579944     5.9086     6.1045     0.0008    97.7842 1.0000e-12  -73.99955 -111.50244  42.228652      99.84 8.9355e+01    568.554      13646  1028.8200  1028.8184     4.6388     0.0723     0.1236    34.1285    34.1266    8.29918         24 0.0000e+00
    287.000    283.836    -1.1116  27.581157    -1.1103  27.581005     5.9110     6.1073    -0.0055    97.8067 1.0000e-12  -73.99955 -111.50244  42.228664      99.84 9.0854e+01    569.557      13670  1028.8254  1028.8240     4.6398     0.0733     0.1219    34.1291    34.1275    8.29916         24 0.0000e+00
    288.000    284.823    -1.1114  27.581927    -1.1100  27.581706     5.9167     6.1136    -0.0004    97.7713 1.0000e-12  -73.99955 -111.50244  42.228676      99.83 9.3001e+01    570.567      13695  1028.8304  1028.8289     4.6381     0.0705     0.1255    34.1294    34.1276    8.29911         24 0.0000e+00
    289.000    285.812    -1.1113  27.582403    -1.1102  27.582226     5.9197     6.1157     0.0008    97.7636 1.0000e-12  -73.99955 -111.50244  42.228687      99.84 8.8374e+01    571.579      13719  1028.8353  1028.8340     4.6378     0.0713     0.1202    34.1293    34.1278    8.29909         25 0.0000e+00
    290.000    286.799    -1.1098  27.584756    -1.1088  27.584439     5.9287     6.1196     0.0062    97.7671 1.0000e-12  -73.99955 -111.50244  42.228699      99.84 9.1421e+01    572.595      13743  1028.8407  1028.8394     4.6379     0.0728     0.1226    34.1302    34.1287    8.29871         24 0.0000e+00
    291.000    287.789    -1.1146  27.581414    -1.1104  27.584185     5.9366     6.1290    -0.0004    97.7617 1.0000e-12  -73.99955 -111.50244  42.228711      75.03 9.3661e+01    573.608      13768  1028.8462  1028.8450     4.6377     0.0699     0.1196    34.1305    34.1294    8.29976         24 0.0000e+00
    292.000    288.777    -1.1210  27.577022    -1.1199  27.577062     5.9340     6.1349    -0.0078    97.7758 1.0000e-12  -73.99955 -111.50244  42.228722      94.33 8.8392e+01    574.613      13792  1028.8520  1028.8509     4.6383     0.0699     0.1215    34.1312    34.1299    8.30114         24 0.0000e+00
    293.000    289.764    -1.1201  27.579410    -1.1187  27.579391     5.9297     6.1345    -0.0077    97.7594 1.0000e-12  -73.99955 -111.50244  42.228734      99.92 8.9928e+01    575.619      13816  1028.8580  1028.8566     4.6376     0.0719     0.1215    34.1328    34.1312    8.30084         24 0.0000e+00
    294.000    290.753    -1.1123  27.587160    -1.1108  27.587282     5.9270     6.1260    -0.0019    97.7790 1.0000e-12  -73.99955 -111.50244  42.228746      99.84 9.1669e+01    576.625      13840  1028.8631  1028.8618     4.6385     0.0704     0.1200    34.1339    34.1323    8.29904         25 0.0000e+00
    295.000    291.741    -1.1119  27.588554    -1.1110  27.588112     5.9236     6.1223    -0.0004    97.7674 1.0000e-12  -73.99955 -111.50244  42.228757      99.84 8.8509e+01    577.623      13864  1028.8685  1028.8673     4.6380     0.0717     0.1240    34.1347    34.1331    8.29890         24 0.0000e+00
    296.000    292.730    -1.1084  27.592613    -1.1073  27.592229     5.9264     6.1236    -0.0092    97.7621 1.0000e-12  -73.99955 -111.50244  42.228769      99.83 8.9974e+01    578.619      13888  1028.8739  1028.8724     4.6377     0.0721     0.1215    34.1356    34.1338    8.29808         23 0.0000e+00
    297.000    293.717    -1.1059  27.596034    -1.1047  27.595686     5.9341     6.1245    -0.0077    97.7902 1.0000e-12  -73.99955 -111.50244  42.228780      99.84 9.1032e+01    579.622      13912  1028.8796  1028.8780     4.6390     0.0734     0.1218    34.1369    34.1350    8.29746         25 0.0000e+00
    298.000    294.707    -1.1062  27.596338    -1.1050  27.596207     5.9327     6.1251    -0.0006    97.7751 1.0000e-12  -73.99955 -111.50244  42.228792      99.84 8.9438e+01    580.618      13936  1028.8845  1028.8832     4.6383     0.0724     0.1202    34.1370    34.1354    8.29751         24 0.0000e+00
    299.000    295.694    -1.1073  27.596079    -1.1061  27.596069     5.9262     6.1261    -0.0004    97.7610 1.0000e-12  -73.99955 -111.50244  42.228803      99.83 9.0588e+01    581.618      13960  1028.8896  1028.8884     4.6377     0.0718     0.1204    34.1373    34.1359    8.29774         23 0.0000e+00
    300.000    296.682    -1.1054  27.599557    -1.1042  27.599131     5.9201     6.1246    -0.0021    97.7839 1.0000e-12  -73.99956 -111.50244  42.228815      99.84 9.2285e+01    582.613      13984  1028.8958  1028.8942     4.6387     0.0725     0.1226    34.1393    34.1373    8.29720         25 0.0000e+00
    301.000    297.669    -1.0954  27.609983    -1.0940  27.609785     5.9131     6.1136    -0.0055    97.7405 1.0000e-12  -73.99956 -111.50244  42.228827      99.84 8.8690e+01    583.617      14008  1028.9017  1028.9002     4.6367     0.0709     0.1226    34.1415    34.1396    8.29485         24 0.0000e+00
    302.000    298.660    -1.0919  27.613639    -1.0901  27.613889     5.9135     6.1134     0.0057    97.7319 1.0000e-12  -73.99956 -111.50244  42.228838      99.84 8.9728e+01    584.619      14032  1028.9067  1028.9052     4.6362     0.0739     0.1258    34.1419    34.1402    8.29406         24 0.0000e+00
    303.000    299.648    -1.0885  27.617329    -1.0872  27.617175     5.9228     6.1204    -0.0075    97.7391 1.0000e-12  -73.99956 -111.50244  42.228850      99.84 9.1720e+01    585.634      14056  1028.9117  1028.9103     4.6366     0.0719     0.1237    34.1424    34.1408    8.29326         24 0.0000e+00
    304.000    300.635    -1.0900  27.617026    -1.0886  27.617070     5.9213     6.1155     0.0064    97.7744 1.0000e-12  -73.99956 -111.50244  42.228862      96.23 8.9793e+01    586.653      14081  1028.9172  1028.9160     4.6382     0.0698     0.1209    34.1431    34.1416    8.29356         25 0.0000e+00
    305.000    301.624    -1.0902  27.617787    -1.0891  27.617359     5.9158     6.1121     0.0003    97.7874 1.0000e-12  -73.99956 -111.50244  42.228874      92.43 8.8672e+01    587.675      14105  1028.9225  1028.9211     4.6389     0.0702     0.1247    34.1437    34.1420    8.29356         24 0.0000e+00
    306.000    302.611    -1.0866  27.621960    -1.0859  27.621272     5.9168     6.1172    -0.0004    97.7965 1.0000e-12  -73.99956 -111.50244  42.228885      99.49 9.2070e+01    588.701      14130  1028.9280  1028.9265     4.6393     0.0713     0.1266    34.1448    34.1430    8.29272         25 0.0000e+00
    307.000    303.599    -1.0859  27.623712    -1.0844  27.623816     5.9228     6.1213    -0.0058    97.7503 1.0000e-12  -73.99956 -111.50244  42.228897      99.83 9.0578e+01    589.722      14154  1028.9335  1028.9322     4.6371     0.0721     0.1245    34.1458    34.1442    8.29250         24 0.0000e+00
    308.000    304.588    -1.0881  27.622343    -1.0871  27.622040     5.9285     6.1203     0.0021    97.7824 1.0000e-12  -73.99956 -111.50244  42.228909      99.84 8.7239e+01    590.736      14179  1028.9385  1028.9372     4.6386     0.0707     0.1225    34.1458    34.1442    8.29299         24 0.0000e+00
    309.000    305.577    -1.0915  27.619879    -1.0912  27.619111     5.9324     6.1284    -0.0017    97.7887 1.0000e-12  -73.99956 -111.50243  42.228921      99.84 9.0094e+01    591.744      14203  1028.9435  1028.9424     4.6389     0.0708     0.1185    34.1457    34.1443    8.29375         24 0.0000e+00
    310.000    306.564    -1.0960  27.617230    -1.0949  27.617060     5.9413     6.1404    -0.0042    97.7480 1.0000e-12  -73.99956 -111.50242  42.228932      99.84 8.8137e+01    592.754      14227  1028.9493  1028.9480     4.6370     0.0722     0.1209    34.1466    34.1450    8.29470         25 0.0000e+00
