ocean_section_plots/required_files/ctd/dnbp2202_ctd117.cnv
* Sea-Bird SBE 9 Data File:
* FileName = D:\Data\raw\NBP2202_CTD117.hex
* Software Version Seasave V 7.26.7.121
* Temperature SN = 1649
* Conductivity SN = 2513
* Number of Bytes Per Scan = 40
* Number of Voltage Words = 5
* Number of Scans Averaged by the Deck Unit = 1
* NMEA Latitude = 74 10.52 S
* NMEA Longitude = 113 20.65 W
* NMEA UTC (Time) = Jan 27 2022  09:33:29
* NMEA baud rate = 9600
** Ship: RVIB N.B. Palmer
** Cruise: NBP2202 Thwaites
** Station: YoYo001
** Operator: B. Bjork
# nquan = 25
# nvalues = 608                         
# units = specified
# name 0 = prDM: Pressure, Digiquartz [db]
# name 1 = depSM: Depth [salt water, m]
# name 2 = t090C: Temperature [ITS-90, deg C]
# name 3 = c0mS/cm: Conductivity [mS/cm]
# name 4 = t190C: Temperature, 2 [ITS-90, deg C]
# name 5 = c1mS/cm: Conductivity, 2 [mS/cm]
# name 6 = sbeox0ML/L: Oxygen, SBE 43 [ml/l]
# name 7 = sbeox1ML/L: Oxygen, SBE 43, 2 [ml/l]
# name 8 = flECO-AFL: Fluorescence, WET Labs ECO-AFL/FL [mg/m^3]
# name 9 = CStarTr0: Beam Transmission, WET Labs C-Star [%]
# name 10 = par: PAR/Irradiance, Biospherical/Licor
# name 11 = latitude: Latitude [deg]
# name 12 = longitude: Longitude [deg]
# name 13 = timeJ: Julian Days
# name 14 = altM: Altimeter [m]
# name 15 = spar: SPAR, Biospherical/Licor
# name 16 = timeS: Time, Elapsed [seconds]
# name 17 = scan: Scan Count
# name 18 = density00: Density [density, kg/m^3]
# name 19 = density11: Density, 2 [density, kg/m^3]
# name 20 = sal00: Salinity, Practical [PSU]
# name 21 = sal11: Salinity, Practical, 2 [PSU]
# name 22 = oxsolML/L: Oxygen Saturation, Garcia & Gordon [ml/l]
# name 23 = nbin: number of scans per bin
# name 24 = flag: flag
# span 0 =     10.000,    617.000       
# span 1 =      9.897,    609.702       
# span 2 =    -1.3874,     0.1069       
# span 3 =  27.061259,  28.940995       
# span 4 =    -1.3866,     0.1089       
# span 5 =  27.061423,  28.940145       
# span 6 =     4.6756,     8.7114       
# span 7 =     4.7276,     8.6356       
# span 8 =    -0.0224,    25.9453       
# span 9 =    69.3483,    95.6239       
# span 10 = 1.0000e-12, 1.8935e+00      
# span 11 =  -74.17536,  -74.17536      
# span 12 = -113.34428, -113.34424      
# span 13 =  27.398550,  27.405797      
# span 14 =       6.82,     100.52      
# span 15 = 1.2516e+02, 1.3574e+02      
# span 16 =     25.742,    651.868      
# span 17 =        619,      15646      
# span 18 =  1027.2236,  1030.5240      
# span 19 =  1027.2218,  1030.5217      
# span 20 =    33.7856,    34.3847      
# span 21 =    33.7838,    34.3821      
# span 22 =    8.02236,    8.37689      
# span 23 =         13,         41      
# span 24 = 0.0000e+00, 0.0000e+00      
# interval = decibars: 1                
# start_time = Jan 27 2022 09:33:29 [NMEA time, header]
# bad_flag = -9.990e-29
*END*
[from data line 232]
    242.000    239.356    -0.7737  27.800752    -0.7727  27.798972     5.0127     5.0657    -0.0129    95.4272 1.0000e-12  -74.17536 -113.34426  27.401224      99.86 1.3023e+02    256.725       6162  1028.5498  1028.5470    34.0729    34.0694    8.22819         24 0.0000e+00
    243.000    240.343    -0.7717  27.803447    -0.7699  27.802869     5.0100     5.0652    -0.0120    95.4347 1.0000e-12  -74.17536 -113.34426  27.401235      99.87 1.3008e+02    257.737       6187  1028.5551  1028.5528    34.0737    34.0709    8.22771         24 0.0000e+00
    244.000    241.333    -0.7714  27.804139    -0.7697  27.803633     5.0117     5.0669    -0.0103    95.4421 1.0000e-12  -74.17536 -113.34426  27.401247      99.86 1.3045e+02    258.761       6211  1028.5600  1028.5578    34.0737    34.0711    8.22765         25 0.0000e+00
    245.000    242.320    -0.7701  27.805925    -0.7685  27.805217     5.0129     5.0666    -0.0040    95.4368 1.0000e-12  -74.17536 -113.34426  27.401259      99.87 1.3045e+02    259.781       6236  1028.5649  1028.5627    34.0740    34.0713    8.22734         24 0.0000e+00
    246.000    243.310    -0.7684  27.808226    -0.7665  27.807752     5.0097     5.0686    -0.0136    95.4410 1.0000e-12  -74.17536 -113.34426  27.401271      99.78 1.3045e+02    260.799       6260  1028.5702  1028.5679    34.0747    34.0719    8.22694         25 0.0000e+00
    247.000    244.297    -0.7671  27.809959    -0.7658  27.809122     5.0125     5.0684    -0.0141    95.4298 1.0000e-12  -74.17536 -113.34426  27.401283      99.28 1.3045e+02    261.821       6285  1028.5751  1028.5729    34.0749    34.0722    8.22664         25 0.0000e+00
    248.000    245.287    -0.7673  27.810285    -0.7657  27.809693     5.0120     5.0652    -0.0141    95.4251 1.0000e-12  -74.17536 -113.34426  27.401294      99.86 1.3045e+02    262.839       6309  1028.5800  1028.5778    34.0749    34.0723    8.22668         24 0.0000e+00
    249.000    246.274    -0.7661  27.812199    -0.7645  27.811560     5.0051     5.0637    -0.0135    95.4163 1.0000e-12  -74.17536 -113.34426  27.401306      99.87 1.3045e+02    263.864       6334  1028.5852  1028.5830    34.0755    34.0729    8.22638         24 0.0000e+00
    250.000    247.264    -0.7646  27.814016    -0.7630  27.813558     5.0072     5.0666    -0.0064    95.4257 1.0000e-12  -74.17536 -113.34426  27.401318      99.87 1.3045e+02    264.891       6358  1028.5901  1028.5880    34.0758    34.0732    8.22605         25 0.0000e+00
    251.000    248.250    -0.7646  27.814511    -0.7634  27.813704     5.0131     5.0717    -0.0112    95.4214 1.0000e-12  -74.17536 -113.34425  27.401330      99.87 1.3045e+02    265.919       6383  1028.5949  1028.5929    34.0758    34.0734    8.22604         25 0.0000e+00
    252.000    249.240    -0.7657  27.814116    -0.7629  27.814657     5.0186     5.0712    -0.0129    95.4207 1.0000e-12  -74.17536 -113.34425  27.401342      99.86 1.3045e+02    266.943       6408  1028.5999  1028.5978    34.0759    34.0735    8.22628         24 0.0000e+00
    253.000    250.229    -0.7639  27.817593    -0.7619  27.817517     5.0131     5.0699    -0.0135    95.4245 1.0000e-12  -74.17536 -113.34426  27.401354      99.87 1.3045e+02    267.960       6432  1028.6062  1028.6042    34.0780    34.0756    8.22577         25 0.0000e+00
    254.000    251.217    -0.7508  27.834070    -0.7483  27.833826     5.0054     5.0634    -0.0156    95.4143 1.0000e-12  -74.17536 -113.34426  27.401365      77.93 1.3045e+02    268.975       6456  1028.6156  1028.6129    34.0848    34.0817    8.22251         24 0.0000e+00
    255.000    252.205    -0.7360  27.849319    -0.7339  27.848788     4.9960     5.0535    -0.0194    95.4264 1.0000e-12  -74.17536 -113.34426  27.401377      73.60 1.3045e+02    269.987       6481  1028.6220  1028.6195    34.0881    34.0851    8.21909         25 0.0000e+00
    256.000    253.195    -0.7243  27.862053    -0.7215  27.862479     4.9918     5.0475    -0.0208    95.4293 1.0000e-12  -74.17536 -113.34426  27.401389      99.59 1.3045e+02    271.010       6505  1028.6287  1028.6265    34.0915    34.0889    8.21634         24 0.0000e+00
    257.000    254.181    -0.7169  27.870228    -0.7150  27.869716     4.9855     5.0520    -0.0160    95.4255 1.0000e-12  -74.17536 -113.34426  27.401401      99.86 1.3045e+02    272.035       6530  1028.6348  1028.6324    34.0937    34.0908    8.21462         25 0.0000e+00
    258.000    255.170    -0.7130  27.874549    -0.7118  27.873420     4.9821     5.0450    -0.0062    95.4175 1.0000e-12  -74.17536 -113.34426  27.401413      99.86 1.3045e+02    273.056       6554  1028.6401  1028.6378    34.0945    34.0916    8.21373         24 0.0000e+00
    259.000    256.158    -0.7092  27.879176    -0.7072  27.878604     4.9797     5.0440    -0.0057    95.4122 1.0000e-12  -74.17536 -113.34426  27.401424      91.41 1.3045e+02    274.071       6579  1028.6457  1028.6433    34.0958    34.0928    8.21281         25 0.0000e+00
    260.000    257.149    -0.6980  27.891048    -0.6941  27.892543     4.9772     5.0411    -0.0143    95.3963 1.0000e-12  -74.17536 -113.34426  27.401436      99.73 1.3045e+02    275.088       6603  1028.6522  1028.6499    34.0987    34.0962    8.21022         24 0.0000e+00
    261.000    258.135    -0.6919  27.898201    -0.6901  27.897753     4.9794     5.0345    -0.0199    95.3853 1.0000e-12  -74.17536 -113.34426  27.401448      99.86 1.3045e+02    276.101       6627  1028.6584  1028.6561    34.1008    34.0981    8.20878         24 0.0000e+00
    262.000    259.124    -0.6906  27.900109    -0.6889  27.899588     4.9751     5.0348    -0.0122    95.3579 1.0000e-12  -74.17536 -113.34426  27.401460      99.87 1.3045e+02    277.113       6652  1028.6636  1028.6613    34.1013    34.0986    8.20846         25 0.0000e+00
    263.000    260.114    -0.6900  27.901111    -0.6881  27.900711     4.9747     5.0365    -0.0123    95.3955 1.0000e-12  -74.17536 -113.34426  27.401471      99.87 1.3045e+02    278.131       6676  1028.6685  1028.6662    34.1014    34.0987    8.20833         24 0.0000e+00
    264.000    261.100    -0.6898  27.901893    -0.6880  27.901425     4.9769     5.0409    -0.0200    95.3799 1.0000e-12  -74.17536 -113.34426  27.401483      99.86 1.3045e+02    279.149       6701  1028.6736  1028.6713    34.1016    34.0989    8.20827         24 0.0000e+00
    265.000    262.089    -0.6896  27.902662    -0.6871  27.902792     4.9698     5.0394    -0.0196    95.3679 1.0000e-12  -74.17536 -113.34426  27.401495      99.86 1.3045e+02    280.164       6725  1028.6785  1028.6763    34.1018    34.0991    8.20821         24 0.0000e+00
    266.000    263.078    -0.6880  27.904754    -0.6858  27.904545     4.9684     5.0301    -0.0203    95.3542 1.0000e-12  -74.17536 -113.34426  27.401507      99.87 1.3045e+02    281.184       6749  1028.6836  1028.6813    34.1021    34.0995    8.20784         25 0.0000e+00
    267.000    264.067    -0.6857  27.907536    -0.6836  27.907426     4.9710     5.0308    -0.0110    95.3671 1.0000e-12  -74.17536 -113.34426  27.401518      99.87 1.3045e+02    282.194       6774  1028.6887  1028.6866    34.1027    34.1002    8.20730         24 0.0000e+00
    268.000    265.053    -0.6798  27.914367    -0.6774  27.914313     4.9689     5.0312    -0.0030    95.3555 1.0000e-12  -74.17536 -113.34426  27.401530      99.86 1.3045e+02    283.207       6798  1028.6947  1028.6923    34.1047    34.1019    8.20591         25 0.0000e+00
    269.000    266.042    -0.6753  27.919341    -0.6730  27.919307     4.9717     5.0286    -0.0062    95.3478 1.0000e-12  -74.17536 -113.34426  27.401542      99.86 1.3045e+02    284.229       6822  1028.7001  1028.6978    34.1057    34.1031    8.20488         24 0.0000e+00
    270.000    267.032    -0.6741  27.921035    -0.6726  27.920295     4.9691     5.0294    -0.0127    95.3648 1.0000e-12  -74.17536 -113.34426  27.401554      99.86 1.3045e+02    285.251       6847  1028.7051  1028.7029    34.1061    34.1034    8.20460         25 0.0000e+00
    271.000    268.019    -0.6743  27.921325    -0.6726  27.920837     4.9747     5.0331    -0.0138    95.3475 1.0000e-12  -74.17536 -113.34426  27.401566      83.95 1.3045e+02    286.276       6872  1028.7100  1028.7078    34.1061    34.1035    8.20465         25 0.0000e+00
    272.000    269.009    -0.6752  27.921496    -0.6734  27.921113     4.9767     5.0385    -0.0205    95.3435 1.0000e-12  -74.17536 -113.34426  27.401578      97.29 1.3045e+02    287.300       6896  1028.7154  1028.7133    34.1067    34.1042    8.20480         24 0.0000e+00
    273.000    269.996    -0.6734  27.924447    -0.6715  27.923869     4.9786     5.0417    -0.0212    95.3273 1.0000e-12  -74.17536 -113.34426  27.401589      99.88 1.3045e+02    288.318       6921  1028.7211  1028.7188    34.1080    34.1052    8.20433         24 0.0000e+00
    274.000    270.984    -0.6734  27.925330    -0.6718  27.924836     4.9772     5.0437    -0.0199    95.3437 1.0000e-12  -74.17536 -113.34426  27.401601      99.86 1.3045e+02    289.328       6945  1028.7265  1028.7244    34.1087    34.1062    8.20430         24 0.0000e+00
    275.000    271.973    -0.6714  27.928267    -0.6693  27.928101     4.9698     5.0316    -0.0123    95.3390 1.0000e-12  -74.17536 -113.34426  27.401613      99.86 1.3045e+02    290.341       6969  1028.7320  1028.7298    34.1098    34.1071    8.20381         25 0.0000e+00
    276.000    272.961    -0.6636  27.937457    -0.6643  27.933983     4.9627     5.0247    -0.0135    95.3316 1.0000e-12  -74.17536 -113.34426  27.401625      99.86 1.3045e+02    291.365       6994  1028.7386  1028.7356    34.1127    34.1088    8.20193         24 0.0000e+00
    277.000    273.950    -0.6494  27.951862    -0.6478  27.951163     4.9579     5.0231    -0.0195    95.3266 1.0000e-12  -74.17536 -113.34426  27.401636      99.86 1.3045e+02    292.390       7018  1028.7447  1028.7423    34.1155    34.1128    8.19869         25 0.0000e+00
    278.000    274.938    -0.6477  27.954166    -0.6451  27.954474     4.9540     5.0140    -0.0136    95.3379 1.0000e-12  -74.17536 -113.34426  27.401648      99.86 1.3045e+02    293.412       7043  1028.7498  1028.7477    34.1161    34.1136    8.19828         25 0.0000e+00
    279.000    275.926    -0.6473  27.954859    -0.6458  27.954178     4.9525     5.0116    -0.0181    95.3263 1.0000e-12  -74.17536 -113.34426  27.401660      99.87 1.3045e+02    294.435       7067  1028.7546  1028.7524    34.1159    34.1134    8.19820         24 0.0000e+00
    280.000    276.914    -0.6429  27.959534    -0.6408  27.959361     4.9435     5.0082    -0.0150    95.3241 1.0000e-12  -74.17536 -113.34428  27.401672      99.86 1.3045e+02    295.443       7092  1028.7597  1028.7575    34.1167    34.1141    8.19722         24 0.0000e+00
    281.000    277.903    -0.6397  27.963341    -0.6367  27.963942     4.9409     5.0018    -0.0128    95.3263 1.0000e-12  -74.17536 -113.34426  27.401683      99.87 1.3045e+02    296.452       7116  1028.7651  1028.7628    34.1176    34.1150    8.19646         24 0.0000e+00
    282.000    278.891    -0.6378  27.965495    -0.6358  27.965210     4.9405     5.0026    -0.0150    95.3298 1.0000e-12  -74.17536 -113.34428  27.401695      99.87 1.3045e+02    297.468       7140  1028.7699  1028.7676    34.1178    34.1151    8.19604         25 0.0000e+00
    283.000    279.880    -0.6320  27.971845    -0.6299  27.971602     4.9314     4.9998    -0.0197    95.3101 1.0000e-12  -74.17536 -113.34426  27.401707      87.95 1.3045e+02    298.486       7165  1028.7754  1028.7732    34.1192    34.1166    8.19470         24 0.0000e+00
    284.000    280.867    -0.6284  27.976124    -0.6269  27.975125     4.9232     4.9932    -0.0194    95.3175 1.0000e-12  -74.17536 -113.34426  27.401719      80.56 1.3045e+02    299.512       7189  1028.7810  1028.7784    34.1204    34.1173    8.19387         25 0.0000e+00
    285.000    281.857    -0.6162  27.989660    -0.6140  27.989227     4.9136     4.9788    -0.0177    95.3132 1.0000e-12  -74.17536 -113.34426  27.401731      99.89 1.3045e+02    300.548       7214  1028.7879  1028.7853    34.1242    34.1211    8.19099         25 0.0000e+00
    286.000    282.844    -0.6037  28.003661    -0.6009  28.003692     4.9018     4.9661    -0.0141    95.3091 1.0000e-12  -74.17536 -113.34426  27.401743      99.86 1.3045e+02    301.563       7239  1028.7952  1028.7926    34.1283    34.1253    8.18805         24 0.0000e+00
    287.000    283.832    -0.5897  28.017417    -0.5882  28.016423     4.9005     4.9631    -0.0166    95.2993 1.0000e-12  -74.17536 -113.34426  27.401754      99.86 1.3045e+02    302.576       7263  1028.8007  1028.7983    34.1305    34.1275    8.18489         24 0.0000e+00
    288.000    284.821    -0.5867  28.020528    -0.5847  28.020192     4.8908     4.9582    -0.0124    95.3133 1.0000e-12  -74.17536 -113.34426  27.401766      99.87 1.3045e+02    303.585       7287  1028.8057  1028.8034    34.1307    34.1281    8.18424         25 0.0000e+00
    289.000    285.809    -0.5841  28.023695    -0.5820  28.023253     4.8843     4.9530    -0.0126    95.2994 1.0000e-12  -74.17536 -113.34426  27.401778      99.87 1.3045e+02    304.607       7312  1028.8109  1028.8084    34.1314    34.1285    8.18363         24 0.0000e+00
    290.000    286.799    -0.5818  28.026112    -0.5797  28.025893     4.8890     4.9473    -0.0199    95.2789 1.0000e-12  -74.17536 -113.34426  27.401790      99.87 1.3045e+02    305.641       7336  1028.8157  1028.8135    34.1315    34.1289    8.18313         25 0.0000e+00
    291.000    287.786    -0.5780  28.030332    -0.5758  28.030020     4.8885     4.9446    -0.0136    95.2912 1.0000e-12  -74.17536 -113.34426  27.401802      99.86 1.3045e+02    306.681       7361  1028.8209  1028.8186    34.1322    34.1294    8.18226         26 0.0000e+00
    292.000    288.773    -0.5747  28.034030    -0.5727  28.033678     4.8826     4.9458    -0.0129    95.2749 1.0000e-12  -74.17536 -113.34426  27.401814      99.86 1.3045e+02    307.722       7386  1028.8262  1028.8239    34.1330    34.1303    8.18152         24 0.0000e+00
    293.000    289.764    -0.5725  28.036765    -0.5706  28.036393     4.8814     4.9408    -0.0127    95.2586 1.0000e-12  -74.17536 -113.34426  27.401826      99.86 1.3045e+02    308.753       7411  1028.8314  1028.8290    34.1335    34.1308    8.18101         25 0.0000e+00
    294.000    290.749    -0.5713  28.038661    -0.5693  28.038291     4.8827     4.9391    -0.0191    95.2576 1.0000e-12  -74.17536 -113.34426  27.401838      99.87 1.3045e+02    309.785       7436  1028.8366  1028.8343    34.1341    34.1314    8.18071         25 0.0000e+00
    295.000    291.739    -0.5705  28.039926    -0.5686  28.039536     4.8835     4.9474    -0.0203    95.2617 1.0000e-12  -74.17536 -113.34426  27.401850      99.86 1.3045e+02    310.821       7461  1028.8416  1028.8393    34.1343    34.1316    8.18052         25 0.0000e+00
    296.000    292.727    -0.5694  28.041878    -0.5673  28.041502     4.8889     4.9475    -0.0212    95.2617 1.0000e-12  -74.17536 -113.34426  27.401862      99.22 1.3045e+02    311.855       7486  1028.8470  1028.8445    34.1351    34.1323    8.18024         25 0.0000e+00
    297.000    293.715    -0.5685  28.043148    -0.5665  28.042829     4.8929     4.9530    -0.0198    95.2385 1.0000e-12  -74.17536 -113.34426  27.401874      86.67 1.3045e+02    312.898       7511  1028.8519  1028.8496    34.1352    34.1326    8.18005         25 0.0000e+00
    298.000    294.702    -0.5585  28.056637    -0.5564  28.055915     4.8930     4.9559    -0.0156    95.2330 1.0000e-12  -74.17536 -113.34426  27.401886      96.75 1.3045e+02    313.938       7536  1028.8609  1028.8581    34.1414    34.1382    8.17752         24 0.0000e+00
