ocean_section_plots/required_files/ctd/dnbp2202_ctd274.cnv
* Sea-Bird SBE 9 Data File:
* FileName = D:\Data\raw\NBP2202_CTD274.hex
* Software Version Seasave V 7.26.7.121
* Temperature SN = 1649
* Conductivity SN = 2513
* Number of Bytes Per Scan = 40
* Number of Voltage Words = 5
* Number of Scans Averaged by the Deck Unit = 1
* NMEA Latitude = 73 57.36 S
* NMEA Longitude = 116 14.32 W
* NMEA UTC (Time) = Feb 21 2022  02:48:53
* NMEA baud rate = 9600
** Ship: RVIB N.B. Palmer
** Cruise: NBP2202 Thwaites
** Station: 176
** Operator: A. Robinson
# nquan = 28
# nvalues = 655                         
# units = specified
# name 0 = prDM: Pressure, Digiquartz [db]
# name 1 = depSM: Depth [salt water, m]
# name 2 = t090C: Temperature [ITS-90, deg C]
# name 3 = c0mS/cm: Conductivity [mS/cm]
# name 4 = t190C: Temperature, 2 [ITS-90, deg C]
# name 5 = c1mS/cm: Conductivity, 2 [mS/cm]
# name 6 = sbeox0ML/L: Oxygen, SBE 43 [ml/l]
# name 7 = sbeox1ML/L: Oxygen, SBE 43, 2 [ml/l]
# name 8 = flECO-AFL: Fluorescence, WET Labs ECO-AFL/FL [mg/m^3]
# name 9 = CStarTr0: Beam Transmission, WET Labs C-Star [%]
# name 10 = par: PAR/Irradiance, Biospherical/Licor
# name 11 = latitude: Latitude [deg]
# name 12 = longitude: Longitude [deg]
# name 13 = timeJ: Julian Days
# name 14 = altM: Altimeter [m]
# name 15 = spar: SPAR, Biospherical/Licor
# name 16 = timeS: Time, Elapsed [seconds]
# name 17 = scan: Scan Count
# name 18 = density00: Density [density, kg/m^3]
# name 19 = density11: Density, 2 [density, kg/m^3]
# name 20 = v3: Voltage 3
# name 21 = v4: Voltage 4
# name 22 = v5: Voltage 5
# name 23 = sal00: Salinity, Practical [PSU]
# name 24 = sal11: Salinity, Practical, 2 [PSU]
# name 25 = oxsolML/L: Oxygen Saturation, Garcia & Gordon [ml/l]
# name 26 = nbin: number of scans per bin
# name 27 = flag: flag
# span 0 =      2.000,    656.000       
# span 1 =      1.982,    648.190       
# span 2 =    -1.8706,    -0.0064       
# span 3 =  26.859803,  28.904427       
# span 4 =    -1.8703,    -0.0087       
# span 5 =  26.860338,  28.899942       
# span 6 =     4.9141,     9.0808       
# span 7 =     5.0479,     9.3881       
# span 8 =    -0.0150,    10.6335       
# span 9 =    87.7888,    98.7329       
# span 10 = 1.0000e-12, 4.2437e+01      
# span 11 =  -73.95602,  -73.95602      
# span 12 = -116.23876, -116.23872      
# span 13 =  52.119773,  52.129272      
# span 14 =       3.41,     100.34      
# span 15 = 7.4572e+01, 9.8502e+01      
# span 16 =    215.426,   1036.116      
# span 17 =       5171,      24868      
# span 18 =  1027.1707,  1030.7583      
# span 19 =  1027.1721,  1030.7558      
# span 20 =     4.1653,     4.6837      
# span 21 =     0.0643,     1.8136      
# span 22 =     0.1061,     0.2431      
# span 23 =    33.7936,    34.4379      
# span 24 =    33.7953,    34.4345      
# span 25 =    8.04309,    8.47504      
# span 26 =         21,         48      
# span 27 = 0.0000e+00, 0.0000e+00      
# interval = decibars: 1                
# start_time = Feb 21 2022 02:48:53 [NMEA time, header]
# bad_flag = -9.990e-29
*END*
[from data line 415]
    417.000    412.274    -1.7381  27.123241    -1.7371  27.123598     6.4946     6.6737     0.1156    98.3229 1.0000e-12  -73.95602 -116.23874  52.125648      99.95 8.9827e+01    722.947      17352  1029.4766  1029.4760     4.6642     0.0973     0.1112    34.1330    34.1324    8.43965         26 0.0000e+00
    418.000    413.260    -1.7371  27.124697    -1.7360  27.125128     6.4892     6.6710     0.1139    98.3083 1.0000e-12  -73.95602 -116.23874  52.125660      99.92 8.9553e+01    724.007      17377  1029.4815  1029.4809     4.6636     0.1047     0.1103    34.1333    34.1326    8.43942         25 0.0000e+00
    419.000    414.248    -1.7370  27.125249    -1.7358  27.125740     6.4919     6.6743     0.1353    98.2837 1.0000e-12  -73.95602 -116.23874  52.125672      99.92 8.9554e+01    725.041      17402  1029.4864  1029.4857     4.6624     0.0890     0.1103    34.1333    34.1326    8.43939         25 0.0000e+00
    420.000    415.236    -1.7362  27.126561    -1.7352  27.126884     6.4941     6.6799     0.1027    98.2874 1.0000e-12  -73.95602 -116.23874  52.125683      99.91 8.8961e+01    726.047      17426  1029.4914  1029.4907     4.6626     0.0904     0.1081    34.1336    34.1328    8.43920         24 0.0000e+00
    421.000    416.224    -1.7353  27.128054    -1.7343  27.128199     6.4909     6.6775     0.1022    98.3003 1.0000e-12  -73.95602 -116.23874  52.125695      99.92 8.8879e+01    727.058      17450  1029.4963  1029.4956     4.6632     0.0881     0.1104    34.1339    34.1331    8.43895         24 0.0000e+00
    422.000    417.212    -1.7345  27.129318    -1.7333  27.129761     6.5000     6.6748     0.0953    98.3010 1.0000e-12  -73.95602 -116.23874  52.125707      99.91 9.0942e+01    728.113      17476  1029.5013  1029.5006     4.6632     0.0864     0.1085    34.1341    34.1334    8.43875         26 0.0000e+00
    423.000    418.197    -1.7346  27.129855    -1.7336  27.130119     6.4959     6.6842     0.1084    98.3094 1.0000e-12  -73.95602 -116.23874  52.125720      99.91 8.8792e+01    729.211      17502  1029.5063  1029.5056     4.6636     0.0890     0.1109    34.1344    34.1336    8.43877         27 0.0000e+00
    424.000    419.187    -1.7367  27.128677    -1.7359  27.128843     6.5024     6.6838     0.1374    98.3119 1.0000e-12  -73.95602 -116.23874  52.125733      99.91 8.9230e+01    730.314      17529  1029.5114  1029.5108     4.6637     0.0880     0.1094    34.1346    34.1339    8.43924         26 0.0000e+00
    425.000    420.175    -1.7418  27.125683    -1.7408  27.125989     6.5072     6.6811     0.2253    98.2897 1.0000e-12  -73.95602 -116.23874  52.125745      99.91 8.7776e+01    731.386      17554  1029.5174  1029.5167     4.6627     0.0908     0.1103    34.1357    34.1350    8.44035         25 0.0000e+00
    426.000    421.161    -1.7418  27.126221    -1.7408  27.126523     6.5075     6.6817     0.1184    98.3349 1.0000e-12  -73.95602 -116.23874  52.125757      99.92 8.6600e+01    732.410      17579  1029.5223  1029.5216     4.6648     0.0861     0.1089    34.1358    34.1350    8.44034         25 0.0000e+00
    427.000    422.150    -1.7419  27.126491    -1.7408  27.126818     6.5062     6.6825     0.0758    98.3529 1.0000e-12  -73.95602 -116.23874  52.125769      99.91 8.9747e+01    733.433      17603  1029.5269  1029.5261     4.6657     0.0857     0.1099    34.1357    34.1348    8.44036         24 0.0000e+00
    428.000    423.137    -1.7419  27.126937    -1.7411  27.127003     6.5047     6.6874     0.0833    98.3734 1.0000e-12  -73.95602 -116.23874  52.125781      85.88 9.1065e+01    734.483      17629  1029.5317  1029.5310     4.6667     0.0841     0.1092    34.1357    34.1348    8.44037         26 0.0000e+00
    429.000    424.127    -1.7420  27.127332    -1.7411  27.127590     6.5033     6.6866     0.0822    98.3674 1.0000e-12  -73.95602 -116.23874  52.125793      96.48 8.7752e+01    735.558      17654  1029.5365  1029.5359     4.6664     0.0858     0.1086    34.1357    34.1350    8.44039         26 0.0000e+00
    430.000    425.111    -1.7418  27.127934    -1.7407  27.128365     6.4994     6.6840     0.0802    98.3868 1.0000e-12  -73.95602 -116.23874  52.125806      99.84 8.8402e+01    736.624      17680  1029.5412  1029.5406     4.6673     0.0846     0.1098    34.1357    34.1350    8.44034         26 0.0000e+00
    431.000    426.100    -1.7416  27.128872    -1.7408  27.128975     6.4970     6.6845     0.0850    98.4044 1.0000e-12  -73.95602 -116.23874  52.125818      99.91 8.9316e+01    737.684      17705  1029.5464  1029.5456     4.6681     0.0846     0.1082    34.1361    34.1353    8.44027         24 0.0000e+00
    432.000    427.088    -1.7413  27.129907    -1.7404  27.130070     6.4970     6.6801     0.0830    98.3991 1.0000e-12  -73.95602 -116.23874  52.125830      99.92 8.7799e+01    738.733      17731  1029.5515  1029.5508     4.6679     0.0844     0.1091    34.1366    34.1358    8.44017         26 0.0000e+00
    433.000    428.075    -1.7409  27.130716    -1.7392  27.131784     6.4930     6.6767     0.0744    98.4034 1.0000e-12  -73.95602 -116.23874  52.125842      99.92 8.9468e+01    739.772      17756  1029.5563  1029.5558     4.6681     0.0847     0.1104    34.1367    34.1361    8.44008         24 0.0000e+00
    434.000    429.062    -1.7400  27.132015    -1.7389  27.132485     6.4851     6.6799     0.0704    98.4080 1.0000e-12  -73.95602 -116.23874  52.125854      99.91 9.0647e+01    740.808      17780  1029.5611  1029.5605     4.6683     0.0836     0.1095    34.1368    34.1361    8.43986         26 0.0000e+00
    435.000    430.050    -1.7351  27.137156    -1.7335  27.137923     6.4705     6.6715     0.0705    98.3679 1.0000e-12  -73.95602 -116.23874  52.125866      99.92 8.6323e+01    741.855      17806  1029.5663  1029.5656     4.6664     0.0843     0.1094    34.1377    34.1369    8.43869         25 0.0000e+00
    436.000    431.038    -1.7247  27.147698    -1.7211  27.149844     6.4384     6.6321     0.0706    98.3910 1.0000e-12  -73.95602 -116.23874  52.125879      99.92 8.8670e+01    742.930      17831  1029.5721  1029.5709     4.6675     0.0814     0.1090    34.1398    34.1386    8.43620         26 0.0000e+00
    437.000    432.027    -1.7022  27.168586    -1.7009  27.168542     6.4010     6.5997     0.0717    98.4235 1.0000e-12  -73.95602 -116.23874  52.125891      99.92 9.1018e+01    743.992      17857  1029.5774  1029.5761     4.6690     0.0827     0.1095    34.1424    34.1408    8.43092         25 0.0000e+00
    438.000    433.013    -1.6610  27.206005    -1.6607  27.204741     6.3684     6.5729     0.0979    98.4237 1.0000e-12  -73.95602 -116.23874  52.125903      99.92 8.8218e+01    745.021      17881  1029.5828  1029.5811     4.6691     0.0828     0.1107    34.1464    34.1443    8.42132         24 0.0000e+00
    439.000    433.999    -1.6384  27.226160    -1.6378  27.225396     6.3503     6.5497     0.1187    98.4371 1.0000e-12  -73.95602 -116.23874  52.125915      99.92 8.8635e+01    746.036      17906  1029.5875  1029.5861     4.6697     0.0819     0.1092    34.1478    34.1461    8.41611         25 0.0000e+00
    440.000    434.989    -1.6256  27.238722    -1.6244  27.238270     6.3425     6.5337     0.0479    98.4430 1.0000e-12  -73.95602 -116.23874  52.125927      74.65 9.0696e+01    747.053      17930  1029.5933  1029.5916     4.6699     0.0765     0.1081    34.1499    34.1479    8.41307         24 0.0000e+00
    441.000    435.976    -1.6054  27.257966    -1.6035  27.258483     6.3350     6.5217     0.0292    98.4573 1.0000e-12  -73.95602 -116.23874  52.125938      92.94 8.9386e+01    748.087      17955  1029.5994  1029.5981     4.6707     0.0782     0.1077    34.1528    34.1513    8.40832         26 0.0000e+00
    442.000    436.964    -1.5981  27.265045    -1.5965  27.265364     6.3290     6.5204     0.0289    98.4575 1.0000e-12  -73.95602 -116.23874  52.125951      99.77 8.7904e+01    749.164      17981  1029.6046  1029.6034     4.6707     0.0787     0.1106    34.1536    34.1523    8.40662         26 0.0000e+00
    443.000    437.950    -1.5970  27.266292    -1.5955  27.266831     6.3330     6.5216     0.0307    98.4827 1.0000e-12  -73.95602 -116.23874  52.125965      99.91 8.9245e+01    750.339      18009  1029.6096  1029.6087     4.6719     0.0779     0.1071    34.1535    34.1525    8.40638         29 0.0000e+00
    444.000    438.939    -1.5932  27.270197    -1.5910  27.271214     6.3323     6.5143     0.0337    98.4979 1.0000e-12  -73.95602 -116.23874  52.125979      99.92 9.0290e+01    751.563      18039  1029.6148  1029.6138     4.6726     0.0793     0.1090    34.1540    34.1528    8.40550         29 0.0000e+00
    445.000    439.925    -1.5917  27.272452    -1.5913  27.271786     6.3226     6.5037     0.0228    98.5244 1.0000e-12  -73.95602 -116.23874  52.125992      99.92 8.8823e+01    752.740      18067  1029.6203  1029.6193     4.6739     0.0762     0.1067    34.1547    34.1534    8.40511         28 0.0000e+00
    446.000    440.914    -1.5749  27.288632    -1.5755  27.286876     6.3229     6.5011     0.0178    98.5323 1.0000e-12  -73.95602 -116.23874  52.126006      99.91 8.8935e+01    753.923      18095  1029.6263  1029.6249     4.6742     0.0758     0.1087    34.1573    34.1555    8.40116         29 0.0000e+00
    447.000    441.902    -1.5790  27.285657    -1.5769  27.286643     6.3234     6.4989     0.0172    98.5295 1.0000e-12  -73.95602 -116.23874  52.126020      99.92 8.9203e+01    755.149      18125  1029.6316  1029.6306     4.6741     0.0756     0.1090    34.1572    34.1561    8.40209         30 0.0000e+00
    448.000    442.887    -1.5779  27.287076    -1.5773  27.286949     6.3283     6.5132     0.0245    98.5399 1.0000e-12  -73.95602 -116.23874  52.126034      99.91 8.4891e+01    756.366      18154  1029.6365  1029.6359     4.6746     0.0766     0.1100    34.1572    34.1564    8.40183         28 0.0000e+00
    449.000    443.876    -1.5876  27.280524    -1.5861  27.280866     6.3305     6.5122     0.0290    98.5610 1.0000e-12  -73.95602 -116.23874  52.126048      99.92 8.9861e+01    757.560      18182  1029.6433  1029.6423     4.6755     0.0784     0.1061    34.1587    34.1575    8.40394         29 0.0000e+00
    450.000    444.863    -1.5787  27.288715    -1.5779  27.288819     6.3397     6.5134     0.0292    98.5937 1.0000e-12  -73.95602 -116.23874  52.126061      99.91 8.8215e+01    758.667      18209  1029.6481  1029.6474     4.6771     0.0767     0.1092    34.1592    34.1584    8.40190         25 0.0000e+00
    451.000    445.851    -1.5845  27.285769    -1.5818  27.286916     6.3419     6.5222     0.0352    98.5918 1.0000e-12  -73.95602 -116.23874  52.126073      99.92 8.6878e+01    759.719      18234  1029.6549  1029.6535     4.6770     0.0756     0.1076    34.1611    34.1597    8.40309         27 0.0000e+00
    452.000    446.838    -1.5887  27.282477    -1.5874  27.283263     6.3399     6.5101     0.0436    98.5828 1.0000e-12  -73.95602 -116.23874  52.126087      86.83 8.8879e+01    760.920      18263  1029.6598  1029.6594     4.6766     0.0730     0.1107    34.1608    34.1604    8.40407         29 0.0000e+00
    453.000    447.826    -1.5853  27.286828    -1.5829  27.287584     6.3301     6.5044     0.0240    98.5870 1.0000e-12  -73.95602 -116.23874  52.126101      97.39 9.0436e+01    762.146      18292  1029.6656  1029.6641     4.6768     0.0827     0.1098    34.1623    34.1607    8.40321         30 0.0000e+00
    454.000    448.814    -1.5700  27.300354    -1.5686  27.300729     6.3284     6.5059     0.0344    98.5935 1.0000e-12  -73.95602 -116.23874  52.126115      99.91 8.6685e+01    763.375      18322  1029.6698  1029.6689     4.6771     0.0785     0.1098    34.1629    34.1618    8.39972         29 0.0000e+00
    455.000    449.802    -1.5676  27.303437    -1.5687  27.301406     6.3116     6.4953     0.0237    98.5689 1.0000e-12  -73.95602 -116.23874  52.126129      99.92 9.0295e+01    764.571      18351  1029.6752  1029.6741     4.6759     0.0770     0.1087    34.1637    34.1622    8.39911         29 0.0000e+00
    456.000    450.786    -1.5515  27.319013    -1.5516  27.317385     6.2972     6.4781     0.0317    98.5808 1.0000e-12  -73.95602 -116.23874  52.126143      99.91 8.8760e+01    765.790      18380  1029.6810  1029.6794     4.6765     0.0771     0.1094    34.1662    34.1642    8.39533         30 0.0000e+00
    457.000    451.778    -1.5428  27.327508    -1.5412  27.327957     6.2966     6.4758     0.0331    98.5299 1.0000e-12  -73.95602 -116.23874  52.126158      99.92 8.7393e+01    767.016      18409  1029.6862  1029.6852     4.6741     0.0831     0.1103    34.1674    34.1662    8.39329         28 0.0000e+00
    458.000    452.763    -1.5449  27.325931    -1.5441  27.325993     6.3194     6.4976     0.0289    98.5762 1.0000e-12  -73.95602 -116.23874  52.126172      99.91 8.7415e+01    768.220      18438  1029.6911  1029.6904     4.6763     0.0762     0.1091    34.1670    34.1662    8.39380         29 0.0000e+00
    459.000    453.752    -1.5589  27.314191    -1.5564  27.316000     6.3236     6.5080     0.0289    98.5818 1.0000e-12  -73.95602 -116.23874  52.126186      99.91 8.9062e+01    769.465      18468  1029.6963  1029.6958     4.6765     0.0769     0.1083    34.1662    34.1658    8.39701         31 0.0000e+00
    460.000    454.738    -1.5652  27.310487    -1.5628  27.311177     6.3028     6.4803     0.0172    98.5829 1.0000e-12  -73.95602 -116.23874  52.126200      99.91 8.5686e+01    770.718      18498  1029.7028  1029.7011     4.6766     0.0778     0.1094    34.1677    34.1659    8.39834         29 0.0000e+00
    461.000    455.726    -1.5419  27.331801    -1.5398  27.332640     6.2944     6.4708     0.0343    98.5756 1.0000e-12  -73.95602 -116.23874  52.126214      99.91 8.7724e+01    771.908      18527  1029.7077  1029.7065     4.6762     0.0791     0.1114    34.1699    34.1686    8.39295         28 0.0000e+00
    462.000    456.713    -1.5248  27.347324    -1.5177  27.352352     6.3001     6.4748     0.0151    98.5863 1.0000e-12  -73.95602 -116.23874  52.126228      99.92 8.9908e+01    773.077      18555  1029.7123  1029.7109     4.6768     0.0770     0.1081    34.1711    34.1699    8.38902         27 0.0000e+00
    463.000    457.702    -1.5364  27.337510    -1.5359  27.337236     6.2943     6.4689     0.0212    98.5723 1.0000e-12  -73.95602 -116.23874  52.126240      94.14 8.7189e+01    774.112      18580  1029.7173  1029.7166     4.6761     0.0760     0.1130    34.1702    34.1693    8.39168         25 0.0000e+00
    464.000    458.689    -1.5385  27.336340    -1.5381  27.335801     6.3002     6.4806     0.0223    98.5459 1.0000e-12  -73.95602 -116.23874  52.126253      99.89 8.8258e+01    775.267      18607  1029.7225  1029.7215     4.6748     0.0778     0.1121    34.1704    34.1691    8.39216         30 0.0000e+00
    465.000    459.674    -1.5392  27.336092    -1.5382  27.336174     6.2869     6.4787     0.0351    98.5985 1.0000e-12  -73.95602 -116.23874  52.126267      99.92 8.9903e+01    776.476      18636  1029.7272  1029.7264     4.6774     0.0757     0.1096    34.1702    34.1692    8.39231         28 0.0000e+00
    466.000    460.664    -1.5390  27.337014    -1.5376  27.337311     6.2512     6.4466     0.0288    98.5971 1.0000e-12  -73.95602 -116.23874  52.126281      99.92 8.8007e+01    777.676      18665  1029.7324  1029.7313     4.6773     0.0768     0.1088    34.1706    34.1694    8.39224         29 0.0000e+00
    467.000    461.651    -1.5084  27.366195    -1.5140  27.358562     6.2219     6.4294     0.0289    98.5075 1.0000e-12  -73.95602 -116.23874  52.126295      99.91 8.8022e+01    778.861      18694  1029.7388  1029.7359     4.6731     0.0766     0.1093    34.1753    34.1712    8.38508         29 0.0000e+00
