ocean_section_plots/required_files/ctd/dnbp2202_ctd070.cnv
* Sea-Bird SBE 9 Data File:
* FileName = D:\Data\raw\NBP2202_CTD070.hex
* Software Version Seasave V 7.26.7.121
* Temperature SN = 1649
* Conductivity SN = 2513
* Number of Bytes Per Scan = 40
* Number of Voltage Words = 5
* Number of Scans Averaged by the Deck Unit = 1
* NMEA Latitude = 74 13.20 S
* NMEA Longitude = 112 13.23 W
* NMEA UTC (Time) = Jan 26 2022  02:45:50
* NMEA baud rate = 9600
** Ship: RVIB N.B. Palmer
** Cruise: NBP2202 Thwaites
** Station: 51
** Operator: A. Robinson
** N-S Transect Line
# nquan = 25
# nvalues = 938                         
# units = specified
# name 0 = prDM: Pressure, Digiquartz [db]
# name 1 = depSM: Depth [salt water, m]
# name 2 = t090C: Temperature [ITS-90, deg C]
# name 3 = c0mS/cm: Conductivity [mS/cm]
# name 4 = t190C: Temperature, 2 [ITS-90, deg C]
# name 5 = c1mS/cm: Conductivity, 2 [mS/cm]
# name 6 = sbeox0ML/L: Oxygen, SBE 43 [ml/l]
# name 7 = sbeox1ML/L: Oxygen, SBE 43, 2 [ml/l]
# name 8 = flECO-AFL: Fluorescence, WET Labs ECO-AFL/FL [mg/m^3]
# name 9 = CStarTr0: Beam Transmission, WET Labs C-Star [%]
# name 10 = par: PAR/Irradiance, Biospherical/Licor
# name 11 = latitude: Latitude [deg]
# name 12 = longitude: Longitude [deg]
# name 13 = timeJ: Julian Days
# name 14 = altM: Altimeter [m]
# name 15 = spar: SPAR, Biospherical/Licor
# name 16 = timeS: Time, Elapsed [seconds]
# name 17 = scan: Scan Count
# name 18 = density00: Density [density, kg/m^3]
# name 19 = density11: Density, 2 [density, kg/m^3]
# name 20 = sal00: Salinity, Practical [PSU]
# name 21 = sal11: Salinity, Practical, 2 [PSU]
# name 22 = oxsolML/L: Oxygen Saturation, Garcia & Gordon [ml/l]
# name 23 = nbin: number of scans per bin
# name 24 = flag: flag
# span 0 =      2.000,    939.000       
# span 1 =      1.982,    927.180       
# span 2 =    -1.4900,     0.5692       
# span 3 =  27.146357,  29.617587       
# span 4 =    -1.4897,     0.5712       
# span 5 =  27.145794,  29.617439       
# span 6 =     4.5351,     8.3259       
# span 7 =     4.6607,     8.6784       
# span 8 =    -0.0207,    26.8398       
# span 9 =    69.7299,    95.6677       
# span 10 = 1.0000e-12, 1.1920e+02      
# span 11 =  -74.22000,  -74.22000      
# span 12 = -112.22066, -112.22061      
# span 13 =  26.118204,  26.132770      
# span 14 =       4.29,     100.16      
# span 15 = 2.7417e+02, 3.0006e+02      
# span 16 =    262.846,   1521.339      
# span 17 =       6309,      36513      
# span 18 =  1027.1984,  1032.1405      
# span 19 =  1027.1989,  1032.1382      
# span 20 =    33.8076,    34.5674      
# span 21 =    33.8080,    34.5650      
# span 22 =    7.91663,    8.39008      
# span 23 =         22,         49      
# span 24 = 0.0000e+00, 0.0000e+00      
# interval = decibars: 1                
# start_time = Jan 26 2022 02:45:50 [NMEA time, header]
# bad_flag = -9.990e-29
*END*
[from data line 580]
    582.000    575.167     0.0574  28.894843     0.0592  28.894448     4.7858     4.9380     0.0099    95.4573 1.0000e-12  -74.22000 -112.22062  26.126982      99.85 2.8592e+02   1021.268      24511  1030.3728  1030.3707    34.3971    34.3946    8.03199         27 0.0000e+00
    583.000    576.155     0.0582  28.896372     0.0600  28.895611     4.7782     4.9326     0.0110    95.4457 1.0000e-12  -74.22000 -112.22062  26.126996      99.86 2.8638e+02   1022.430      24539  1030.3779  1030.3755    34.3976    34.3947    8.03180         29 0.0000e+00
    584.000    577.140     0.0615  28.899901     0.0630  28.899049     4.7671     4.9256     0.0193    95.4627 1.0000e-12  -74.22000 -112.22064  26.127010      99.85 2.8620e+02   1023.623      24568  1030.3828  1030.3805    34.3981    34.3953    8.03109         29 0.0000e+00
    585.000    578.127     0.0677  28.906337     0.0692  28.905244     4.7691     4.9329     0.0157    95.4679 1.0000e-12  -74.22000 -112.22064  26.127024      77.97 2.8559e+02   1024.863      24598  1030.3878  1030.3852    34.3991    34.3959    8.02974         30 0.0000e+00
    586.000    579.115     0.0726  28.911461     0.0746  28.911192     4.7606     4.9256     0.0143    95.4779 1.0000e-12  -74.22000 -112.22064  26.127038      94.57 2.8559e+02   1026.096      24627  1030.3926  1030.3904    34.3997    34.3971    8.02867         29 0.0000e+00
    587.000    580.101     0.0744  28.913351     0.0768  28.913620     4.7554     4.9191     0.0143    95.4745 1.0000e-12  -74.22000 -112.22062  26.127051      99.94 2.8559e+02   1027.249      24655  1030.3972  1030.3952    34.3996    34.3973    8.02830         26 0.0000e+00
    588.000    581.088     0.0780  28.917645     0.0818  28.919133     4.7541     4.9194    -0.0010    95.4693 1.0000e-12  -74.22000 -112.22062  26.127064      99.84 2.8559e+02   1028.336      24681  1030.4025  1030.4003    34.4007    34.3984    8.02750         27 0.0000e+00
    589.000    582.075     0.0844  28.924553     0.0864  28.923974     4.7513     4.9125     0.0135    95.4665 1.0000e-12  -74.22000 -112.22062  26.127077      99.85 2.8566e+02   1029.440      24708  1030.4077  1030.4052    34.4020    34.3990    8.02607         27 0.0000e+00
    590.000    583.062     0.0950  28.935157     0.0954  28.933013     4.7410     4.9042     0.0079    95.4182 1.0000e-12  -74.22000 -112.22062  26.127091      99.85 2.8618e+02   1030.645      24736  1030.4128  1030.4101    34.4036    34.4003    8.02378         30 0.0000e+00
    591.000    584.049     0.1020  28.942402     0.1043  28.942256     4.7349     4.9020     0.0120    95.4694 1.0000e-12  -74.22000 -112.22062  26.127106      99.85 2.8575e+02   1031.937      24767  1030.4178  1030.4155    34.4047    34.4020    8.02224         31 0.0000e+00
    592.000    585.036     0.1040  28.945064     0.1057  28.944226     4.7369     4.9017    -0.0001    95.4681 1.0000e-12  -74.22000 -112.22062  26.127120      99.85 2.8629e+02   1033.186      24797  1030.4230  1030.4205    34.4053    34.4024    8.02178         29 0.0000e+00
    593.000    586.023     0.1047  28.946148     0.1067  28.945726     4.7501     4.8976    -0.0017    95.4486 1.0000e-12  -74.22000 -112.22062  26.127133      99.84 2.8560e+02   1034.318      24825  1030.4279  1030.4255    34.4055    34.4027    8.02164         27 0.0000e+00
    594.000    587.009     0.1048  28.946724     0.1068  28.946333     4.7434     4.9018     0.0026    95.4517 1.0000e-12  -74.22000 -112.22062  26.127146      99.85 2.8559e+02   1035.410      24851  1030.4327  1030.4304    34.4055    34.4028    8.02161         26 0.0000e+00
    595.000    587.997     0.1052  28.947614     0.1070  28.947054     4.7390     4.9036    -0.0009    95.4617 1.0000e-12  -74.22000 -112.22062  26.127159      99.85 2.8559e+02   1036.555      24878  1030.4376  1030.4353    34.4057    34.4029    8.02153         28 0.0000e+00
    596.000    588.982     0.1062  28.949080     0.1081  28.948727     4.7385     4.8976     0.0081    95.4654 1.0000e-12  -74.22000 -112.22062  26.127173      86.01 2.8559e+02   1037.771      24908  1030.4425  1030.4403    34.4059    34.4033    8.02130         29 0.0000e+00
    597.000    589.969     0.1071  28.950773     0.1091  28.950246     4.7439     4.9000     0.0043    95.4720 1.0000e-12  -74.22000 -112.22062  26.127187      93.67 2.8559e+02   1038.954      24936  1030.4476  1030.4451    34.4065    34.4036    8.02107         28 0.0000e+00
    598.000    590.958     0.1090  28.953171     0.1110  28.952831     4.7362     4.9029    -0.0072    95.4361 1.0000e-12  -74.22000 -112.22062  26.127200      99.83 2.8559e+02   1040.102      24963  1030.4526  1030.4502    34.4069    34.4043    8.02065         28 0.0000e+00
    599.000    591.943     0.1124  28.957118     0.1144  28.956638     4.7372     4.8972    -0.0022    95.4502 1.0000e-12  -74.22000 -112.22062  26.127214      99.85 2.8559e+02   1041.281      24992  1030.4576  1030.4553    34.4078    34.4050    8.01990         29 0.0000e+00
    600.000    592.930     0.1148  28.960125     0.1170  28.960069     4.7322     4.8927    -0.0011    95.4163 1.0000e-12  -74.22000 -112.22062  26.127228      99.85 2.8559e+02   1042.509      25021  1030.4627  1030.4605    34.4084    34.4059    8.01935         29 0.0000e+00
    601.000    593.916     0.1159  28.961775     0.1179  28.961468     4.7362     4.8943    -0.0004    95.4301 1.0000e-12  -74.22000 -112.22062  26.127242      99.85 2.8559e+02   1043.731      25051  1030.4677  1030.4654    34.4088    34.4062    8.01911         29 0.0000e+00
    602.000    594.904     0.1190  28.965840     0.1216  28.965972     4.7170     4.8956     0.0048    95.4302 1.0000e-12  -74.22000 -112.22062  26.127256      99.85 2.8559e+02   1044.881      25078  1030.4732  1030.4708    34.4101    34.4074    8.01838         27 0.0000e+00
    603.000    595.891     0.1239  28.971230     0.1259  28.970892     4.7349     4.8898    -0.0068    95.4379 1.0000e-12  -74.22000 -112.22062  26.127268      99.85 2.8559e+02   1045.977      25104  1030.4783  1030.4760    34.4112    34.4085    8.01731         26 0.0000e+00
    604.000    596.876     0.1251  28.973004     0.1271  28.972615     4.7343     4.8877     0.0067    95.4493 1.0000e-12  -74.22000 -112.22062  26.127281      99.85 2.8529e+02   1047.111      25132  1030.4833  1030.4810    34.4115    34.4089    8.01703         29 0.0000e+00
    605.000    597.864     0.1259  28.974259     0.1278  28.973888     4.7276     4.8926     0.0043    95.4399 1.0000e-12  -74.22000 -112.22062  26.127296      99.85 2.8509e+02   1048.348      25161  1030.4882  1030.4859    34.4118    34.4091    8.01686         28 0.0000e+00
    606.000    598.850     0.1263  28.975249     0.1284  28.975064     4.7347     4.8906    -0.0004    95.4448 1.0000e-12  -74.22000 -112.22062  26.127310      99.85 2.8512e+02   1049.615      25192  1030.4931  1030.4909    34.4120    34.4094    8.01675         30 0.0000e+00
    607.000    599.839     0.1284  28.978400     0.1306  28.978132     4.7274     4.8847     0.0029    95.4426 1.0000e-12  -74.22000 -112.22062  26.127324      73.23 2.8428e+02   1050.794      25220  1030.4986  1030.4963    34.4132    34.4105    8.01625         27 0.0000e+00
    608.000    600.823     0.1299  28.980744     0.1318  28.980364     4.7208     4.8876     0.0023    95.4523 1.0000e-12  -74.22000 -112.22062  26.127337      81.27 2.8428e+02   1051.924      25247  1030.5039  1030.5017    34.4141    34.4115    8.01589         27 0.0000e+00
    609.000    601.811     0.1327  28.985107     0.1347  28.984691     4.7248     4.8924     0.0080    95.4517 1.0000e-12  -74.22000 -112.22062  26.127350      99.80 2.8458e+02   1053.064      25275  1030.5100  1030.5076    34.4161    34.4133    8.01520         28 0.0000e+00
    610.000    602.798     0.1357  28.989853     0.1377  28.989558     4.7268     4.8984     0.0044    95.4715 1.0000e-12  -74.22000 -112.22062  26.127364      99.85 2.8443e+02   1054.243      25303  1030.5163  1030.5140    34.4183    34.4158    8.01443         29 0.0000e+00
    611.000    603.785     0.1362  28.991524     0.1360  28.989528     4.7298     4.9002    -0.0066    95.4783 1.0000e-12  -74.22000 -112.22062  26.127378      99.85 2.8464e+02   1055.436      25331  1030.5219  1030.5200    34.4195    34.4170    8.01428         28 0.0000e+00
    612.000    604.771     0.1314  28.988266     0.1334  28.987840     4.7499     4.9007     0.0038    95.4774 1.0000e-12  -74.22000 -112.22062  26.127391      99.85 2.8439e+02   1056.606      25360  1030.5275  1030.5251    34.4200    34.4172    8.01525         28 0.0000e+00
    613.000    605.759     0.1320  28.989148     0.1343  28.989167     4.7334     4.9009     0.0069    95.4628 1.0000e-12  -74.22000 -112.22061  26.127405      99.85 2.8470e+02   1057.765      25387  1030.5321  1030.5298    34.4199    34.4173    8.01513         28 0.0000e+00
    614.000    606.745     0.1330  28.990540     0.1350  28.990202     4.7427     4.8994     0.0132    95.4810 1.0000e-12  -74.22000 -112.22061  26.127418      99.85 2.8445e+02   1058.932      25415  1030.5368  1030.5345    34.4200    34.4173    8.01492         28 0.0000e+00
    615.000    607.730     0.1321  28.990246     0.1346  28.990331     4.7335     4.9015     0.0062    95.4593 1.0000e-12  -74.22000 -112.22062  26.127432      99.85 2.8431e+02   1060.120      25444  1030.5416  1030.5393    34.4200    34.4173    8.01509         29 0.0000e+00
    616.000    608.718     0.1281  28.987272     0.1303  28.987197     4.7449     4.9001    -0.0006    95.4662 1.0000e-12  -74.22000 -112.22062  26.127446      99.85 2.8437e+02   1061.320      25473  1030.5467  1030.5445    34.4200    34.4174    8.01593         29 0.0000e+00
    617.000    609.706     0.1269  28.987094     0.1290  28.986942     4.7408     4.9079    -0.0007    95.4573 1.0000e-12  -74.22000 -112.22062  26.127459      99.86 2.8420e+02   1062.501      25501  1030.5520  1030.5497    34.4205    34.4179    8.01616         28 0.0000e+00
    618.000    610.691     0.1275  28.988754     0.1294  28.988194     4.7329     4.9082     0.0031    95.4851 1.0000e-12  -74.22000 -112.22062  26.127473      85.50 2.8454e+02   1063.647      25529  1030.5574  1030.5549    34.4215    34.4186    8.01598         27 0.0000e+00
    619.000    611.678     0.1353  28.998430     0.1378  28.998351     4.7269     4.8915     0.0092    95.4702 1.0000e-12  -74.22000 -112.22062  26.127486      83.96 2.8427e+02   1064.801      25556  1030.5640  1030.5615    34.4249    34.4220    8.01416         28 0.0000e+00
    620.000    612.665     0.1503  29.015230     0.1520  29.013857     4.7208     4.8931     0.0021    95.4849 1.0000e-12  -74.22000 -112.22062  26.127500      99.78 2.8413e+02   1065.995      25585  1030.5710  1030.5681    34.4296    34.4260    8.01076         29 0.0000e+00
    621.000    613.652     0.1675  29.033648     0.1680  29.031772     4.7332     4.8989     0.0029    95.4912 1.0000e-12  -74.22000 -112.22062  26.127514      99.85 2.8382e+02   1067.211      25614  1030.5778  1030.5754    34.4341    34.4311    8.00694         29 0.0000e+00
    622.000    614.637     0.1641  29.031849     0.1658  29.031325     4.7363     4.8994    -0.0007    95.4820 1.0000e-12  -74.22000 -112.22062  26.127528      99.85 2.8382e+02   1068.401      25643  1030.5836  1030.5814    34.4349    34.4323    8.00759         28 0.0000e+00
    623.000    615.626     0.1633  29.032751     0.1653  29.032438     4.7330     4.8993    -0.0009    95.5096 1.0000e-12  -74.22000 -112.22062  26.127541      99.85 2.8382e+02   1069.551      25670  1030.5897  1030.5874    34.4364    34.4337    8.00768         27 0.0000e+00
    624.000    616.611     0.1644  29.034950     0.1664  29.034815     4.7317     4.8999    -0.0064    95.4476 1.0000e-12  -74.22000 -112.22062  26.127554      99.85 2.8382e+02   1070.695      25698  1030.5952  1030.5931    34.4374    34.4350    8.00738         28 0.0000e+00
    625.000    617.599     0.1655  29.037124     0.1679  29.037127     4.7337     4.8999    -0.0102    95.4759 1.0000e-12  -74.22000 -112.22062  26.127568      99.85 2.8382e+02   1071.867      25726  1030.6007  1030.5983    34.4385    34.4358    8.00710         29 0.0000e+00
    626.000    618.584     0.1676  29.039998     0.1701  29.039903     4.7372     4.8955     0.0040    95.5169 1.0000e-12  -74.22000 -112.22062  26.127582      99.85 2.8382e+02   1073.060      25754  1030.6059  1030.6034    34.4393    34.4364    8.00661         28 0.0000e+00
    627.000    619.572     0.1705  29.043443     0.1744  29.044550     4.7296     4.8863     0.0060    95.4815 1.0000e-12  -74.22000 -112.22062  26.127596      99.85 2.8382e+02   1074.261      25783  1030.6110  1030.6084    34.4400    34.4372    8.00597         27 0.0000e+00
    628.000    620.558     0.1742  29.047063     0.1760  29.046588     4.7259     4.8906    -0.0007    95.5090 1.0000e-12  -74.22000 -112.22062  26.127610      99.86 2.8382e+02   1075.464      25812  1030.6155  1030.6132    34.4401    34.4375    8.00520         29 0.0000e+00
    629.000    621.545     0.1773  29.051187     0.1786  29.049986     4.7175     4.8924     0.0048    95.5191 1.0000e-12  -74.22000 -112.22062  26.127623      99.85 2.8382e+02   1076.641      25840  1030.6210  1030.6185    34.4415    34.4385    8.00448         27 0.0000e+00
    630.000    622.532     0.1802  29.055227     0.1822  29.054867     4.7273     4.8921    -0.0080    95.5113 1.0000e-12  -74.22000 -112.22062  26.127636      83.94 2.8382e+02   1077.754      25867  1030.6266  1030.6244    34.4429    34.4403    8.00378         27 0.0000e+00
    631.000    623.518     0.1801  29.056466     0.1822  29.056080     4.7327     4.8924    -0.0005    95.5249 1.0000e-12  -74.22000 -112.22062  26.127649      94.12 2.8382e+02   1078.842      25893  1030.6324  1030.6300    34.4441    34.4413    8.00374         26 0.0000e+00
    632.000    624.505     0.1826  29.060418     0.1854  29.060443     4.7199     4.8872     0.0013    95.5126 1.0000e-12  -74.22000 -112.22062  26.127662      99.83 2.8382e+02   1080.016      25921  1030.6383  1030.6357    34.4459    34.4429    8.00312         30 0.0000e+00
    633.000    625.492     0.2008  29.079045     0.2034  29.078724     4.7138     4.8805     0.0041    95.5219 1.0000e-12  -74.22000 -112.22062  26.127677      99.85 2.8382e+02   1081.305      25952  1030.6442  1030.6413    34.4495    34.4461    7.99914         31 0.0000e+00
    634.000    626.478     0.2086  29.088407     0.2108  29.088126     4.7158     4.8849     0.0031    95.5160 1.0000e-12  -74.22000 -112.22062  26.127691      99.85 2.8382e+02   1082.543      25982  1030.6506  1030.6482    34.4524    34.4497    7.99734         29 0.0000e+00
    635.000    627.466     0.2109  29.091650     0.2131  29.091287     4.6919     4.8824     0.0019    95.5514 1.0000e-12  -74.22000 -112.22062  26.127705      99.86 2.8382e+02   1083.677      26009  1030.6561  1030.6536    34.4536    34.4507    7.99681         26 0.0000e+00
    636.000    628.452     0.2131  29.094528     0.2152  29.094050     4.6984     4.8724    -0.0006    95.5448 1.0000e-12  -74.22000 -112.22062  26.127717      99.84 2.8382e+02   1084.781      26036  1030.6613  1030.6588    34.4543    34.4513    7.99631         27 0.0000e+00
    637.000    629.438     0.2172  29.099015     0.2204  29.099646     4.6936     4.8757    -0.0009    95.5409 1.0000e-12  -74.22000 -112.22062  26.127731      99.85 2.8382e+02   1085.938      26064  1030.6663  1030.6639    34.4551    34.4523    7.99542         28 0.0000e+00
    638.000    630.425     0.2250  29.107311     0.2269  29.106667     4.7057     4.8717     0.0042    95.5357 1.0000e-12  -74.22000 -112.22062  26.127745      99.85 2.8382e+02   1087.151      26093  1030.6716  1030.6691    34.4566    34.4537    7.99370         30 0.0000e+00
