ocean_section_plots/required_files/ctd/dnbp2202_ctd018.cnv
* Sea-Bird SBE 9 Data File:
* FileName = D:\Data\raw\NBP2202_CTD018.hex
* Software Version Seasave V 7.26.7.121
* Temperature SN = 1649
* Conductivity SN = 2513
* Number of Bytes Per Scan = 40
* Number of Voltage Words = 5
* Number of Scans Averaged by the Deck Unit = 1
* NMEA Latitude = 73 47.98 S
* NMEA Longitude = 112 39.90 W
* NMEA UTC (Time) = Jan 18 2022  05:51:28
* NMEA baud rate = 9600
** Ship: RVIB N.B. Palmer
** Cruise: NBP2202 Thwaites
** Station: 13
** Operator: B. Bjork
** pH sensor, Monocorer
# nquan = 25
# nvalues = 737                         
# units = specified
# name 0 = prDM: Pressure, Digiquartz [db]
# name 1 = depSM: Depth [salt water, m]
# name 2 = t090C: Temperature [ITS-90, deg C]
# name 3 = c0mS/cm: Conductivity [mS/cm]
# name 4 = t190C: Temperature, 2 [ITS-90, deg C]
# name 5 = c1mS/cm: Conductivity, 2 [mS/cm]
# name 6 = sbeox0ML/L: Oxygen, SBE 43 [ml/l]
# name 7 = sbeox1ML/L: Oxygen, SBE 43, 2 [ml/l]
# name 8 = flECO-AFL: Fluorescence, WET Labs ECO-AFL/FL [mg/m^3]
# name 9 = CStarTr0: Beam Transmission, WET Labs C-Star [%]
# name 10 = par: PAR/Irradiance, Biospherical/Licor
# name 11 = latitude: Latitude [deg]
# name 12 = longitude: Longitude [deg]
# name 13 = timeJ: Julian Days
# name 14 = altM: Altimeter [m]
# name 15 = spar: SPAR, Biospherical/Licor
# name 16 = timeS: Time, Elapsed [seconds]
# name 17 = scan: Scan Count
# name 18 = density00: Density [density, kg/m^3]
# name 19 = density11: Density, 2 [density, kg/m^3]
# name 20 = sal00: Salinity, Practical [PSU]
# name 21 = sal11: Salinity, Practical, 2 [PSU]
# name 22 = oxsolML/L: Oxygen Saturation, Garcia & Gordon [ml/l]
# name 23 = nbin: number of scans per bin
# name 24 = flag: flag
# span 0 =      3.000,    739.000       
# span 1 =      2.968,    730.052       
# span 2 =    -1.8136,     0.5698       
# span 3 =  26.990652,  29.535905       
# span 4 =    -1.8128,     0.5722       
# span 5 =  26.990234,  29.535469       
# span 6 =     4.5537,     8.8900       
# span 7 =     4.8109,     9.4203       
# span 8 =    -0.0112,    29.1987       
# span 9 =    66.1999,    99.3150       
# span 10 = -2.332e-05, 9.3600e+00      
# span 11 =  -73.79976,  -73.79974      
# span 12 = -112.66506, -112.66500      
# span 13 =  18.247162,  18.261036      
# span 14 =       3.17,     100.59      
# span 15 = 4.1429e+01, 4.7598e+01      
# span 16 =    266.773,   1465.547      
# span 17 =       6404,      35174      
# span 18 =  1027.1815,  1031.2124      
# span 19 =  1027.1822,  1031.2099      
# span 20 =    33.8024,    34.5736      
# span 21 =    33.8031,    34.5705      
# span 22 =    7.91616,    8.45638      
# span 23 =         12,         50      
# span 24 = 0.0000e+00, 0.0000e+00      
# interval = decibars: 1                
# start_time = Jan 18 2022 05:51:28 [NMEA time, header]
# bad_flag = -9.990e-29
*END*
[from data line 174]
    177.000    175.096    -1.4729  27.136171    -1.4737  27.134313     6.3767     6.7457     0.2426    98.3577 1.0000e-12  -73.79974 -112.66504  18.251682      99.84 4.4072e+01    657.363      15778  1028.2099  1028.2086    33.9976    33.9960    8.38767         30 0.0000e+00
    178.000    176.085    -1.4566  27.150856    -1.4549  27.151241     6.3462     6.7233     0.1223    98.3570 1.0000e-12  -73.79974 -112.66504  18.251697      99.84 4.4072e+01    658.601      15807  1028.2143  1028.2130    33.9987    33.9972    8.38393         30 0.0000e+00
    179.000    177.074    -1.4518  27.155838    -1.4501  27.156489     6.3231     6.6980     0.1561    98.4075 1.0000e-12  -73.79974 -112.66504  18.251711      99.84 4.4072e+01    659.794      15836  1028.2192  1028.2182    33.9995    33.9984    8.38281         28 0.0000e+00
    180.000    178.063    -1.4395  27.167278    -1.4389  27.166739     6.3052     6.6829     0.1374    98.4857 1.0000e-12  -73.79974 -112.66504  18.251724      99.84 4.4072e+01    660.968      15864  1028.2240  1028.2227    34.0006    33.9991    8.37997         28 0.0000e+00
    181.000    179.051    -1.4330  27.174196    -1.4324  27.173601     6.2912     6.6828     0.1427    98.3522 1.0000e-12  -73.79974 -112.66504  18.251738      99.84 4.4072e+01    662.200      15894  1028.2294  1028.2282    34.0021    34.0006    8.37841         30 0.0000e+00
    182.000    180.042    -1.4263  27.182509    -1.4257  27.181781     6.2729     6.6629     0.1989    98.1496 1.0000e-12  -73.79974 -112.66504  18.251753      99.85 4.4072e+01    663.476      15924  1028.2363  1028.2350    34.0053    34.0036    8.37671         31 0.0000e+00
    183.000    181.029    -1.4128  27.196923    -1.4120  27.196118     6.2617     6.6491     0.2095    98.3101 1.0000e-12  -73.79974 -112.66504  18.251767      92.54 4.4072e+01    664.707      15954  1028.2434  1028.2418    34.0092    34.0072    8.37346         29 0.0000e+00
    184.000    182.018    -1.4037  27.205843    -1.4036  27.205083     6.2505     6.6362     0.1794    98.0688 1.0000e-12  -73.79974 -112.66504  18.251781      99.77 4.4072e+01    665.842      15981  1028.2487  1028.2477    34.0104    34.0093    8.37132         26 0.0000e+00
    185.000    183.006    -1.4070  27.204992    -1.4064  27.204229     6.2163     6.6127     0.2131    98.2060 1.0000e-12  -73.79974 -112.66504  18.251794      99.84 4.4072e+01    667.014      16009  1028.2554  1028.2540    34.0124    34.0107    8.37195         30 0.0000e+00
    186.000    183.995    -1.3857  27.224822    -1.3848  27.224021     6.1517     6.5439     0.3381    98.1822 1.0000e-12  -73.79974 -112.66504  18.251809      99.85 4.4072e+01    668.333      16041  1028.2609  1028.2591    34.0149    34.0128    8.36702         33 0.0000e+00
    187.000    184.984    -1.3587  27.250930    -1.3574  27.250086     6.0911     6.4818     0.2177    98.0696 1.0000e-12  -73.79974 -112.66504  18.251824      99.83 4.4072e+01    669.628      16072  1028.2678  1028.2656    34.0195    34.0168    8.36070         28 0.0000e+00
    188.000    185.972    -1.3210  27.285504    -1.3203  27.284433     6.0690     6.4616     0.3252    98.2746 1.0000e-12  -73.79974 -112.66504  18.251837      99.84 4.4334e+01    670.753      16099  1028.2736  1028.2718    34.0235    34.0213    8.35201         27 0.0000e+00
    189.000    186.962    -1.3123  27.293609    -1.3114  27.293148     6.0792     6.4612     0.2835    97.2705 1.0000e-12  -73.79974 -112.66504  18.251850      99.85 4.4410e+01    671.837      16125  1028.2786  1028.2773    34.0241    34.0225    8.35002         26 0.0000e+00
    190.000    187.950    -1.3137  27.292917    -1.3132  27.292130     6.0946     6.4674     0.2753    97.8625 1.0000e-12  -73.79974 -112.66504  18.251864      99.84 4.4775e+01    673.012      16153  1028.2839  1028.2825    34.0242    34.0225    8.35034         30 0.0000e+00
    191.000    188.941    -1.3154  27.291886    -1.3147  27.291310     6.0992     6.4765     0.3833    98.3255 1.0000e-12  -73.79974 -112.66504  18.251879      99.84 4.4060e+01    674.314      16185  1028.2890  1028.2877    34.0240    34.0224    8.35072         31 0.0000e+00
    192.000    189.927    -1.3166  27.291572    -1.3160  27.290724     6.1186     6.4859     0.6558    98.2749 1.0000e-12  -73.79974 -112.66504  18.251893      99.84 4.4072e+01    675.581      16215  1028.2944  1028.2928    34.0243    34.0225    8.35098         30 0.0000e+00
    193.000    190.918    -1.3170  27.291743    -1.3161  27.291397     6.1377     6.5151     0.1880    98.2291 1.0000e-12  -73.79974 -112.66504  18.251906      90.34 4.4072e+01    676.720      16242  1028.2994  1028.2982    34.0244    34.0230    8.35106         26 0.0000e+00
    194.000    191.906    -1.3287  27.282174    -1.3270  27.282720     6.1572     6.5366     0.3018    98.3061 1.0000e-12  -73.79974 -112.66504  18.251919      98.77 4.4072e+01    677.813      16269  1028.3047  1028.3037    34.0239    34.0228    8.35371         27 0.0000e+00
    195.000    192.894    -1.3396  27.274056    -1.3386  27.273801     6.1708     6.5584     0.2851    98.2397 1.0000e-12  -73.79974 -112.66504  18.251933      99.83 4.4072e+01    679.026      16298  1028.3108  1028.3096    34.0245    34.0231    8.35611         31 0.0000e+00
    196.000    193.883    -1.3446  27.271742    -1.3435  27.271343     6.1265     6.5086     0.3122    98.1898 1.0000e-12  -73.79974 -112.66504  18.251949      99.84 4.4072e+01    680.402      16331  1028.3175  1028.3160    34.0264    34.0247    8.35712         34 0.0000e+00
    197.000    194.872    -1.3317  27.284624    -1.3305  27.284031     6.0307     6.4142     0.2629    98.2605 1.0000e-12  -73.79974 -112.66504  18.251964      99.84 4.4072e+01    681.706      16362  1028.3233  1028.3216    34.0288    34.0267    8.35408         29 0.0000e+00
    198.000    195.860    -1.2934  27.320461    -1.2901  27.321072     5.9830     6.3644     0.2754    98.1434 1.0000e-12  -73.79974 -112.66504  18.251977      99.84 4.4072e+01    682.846      16389  1028.3297  1028.3272    34.0339    34.0310    8.34522         26 0.0000e+00
    199.000    196.849    -1.2775  27.334375    -1.2760  27.334196     5.9479     6.3257     0.3228    98.2804 1.0000e-12  -73.79974 -112.66504  18.251990      99.84 4.4072e+01    683.931      16415  1028.3341  1028.3324    34.0344    34.0324    8.34165         26 0.0000e+00
    200.000    197.839    -1.2649  27.346465    -1.2635  27.345986     5.8648     6.2425     0.4487    98.0322 1.0000e-12  -73.79974 -112.66504  18.252004      99.84 4.4072e+01    685.167      16445  1028.3396  1028.3377    34.0360    34.0338    8.33873         33 0.0000e+00
    201.000    198.826    -1.2245  27.384203    -1.2227  27.382643     5.8168     6.1850     0.2380    98.1589 1.0000e-12  -73.79974 -112.66504  18.252020      99.85 4.4072e+01    686.534      16478  1028.3463  1028.3428    34.0413    34.0371    8.32943         32 0.0000e+00
    202.000    199.815    -1.1869  27.417258    -1.1827  27.419266     5.8406     6.1991     0.4174    97.9947 1.0000e-12  -73.79974 -112.66503  18.252034      99.84 4.4072e+01    687.776      16508  1028.3505  1028.3487    34.0432    34.0412    8.32094         28 0.0000e+00
    203.000    200.805    -1.1843  27.420166    -1.1842  27.418900     5.9603     6.2983     0.4530    98.0178 1.0000e-12  -73.79974 -112.66502  18.252047      99.84 4.4072e+01    688.867      16534  1028.3559  1028.3544    34.0436    34.0417    8.32034         25 0.0000e+00
    204.000    201.792    -1.2071  27.400098    -1.2078  27.399680     6.1120     6.4548     0.2726    98.1839 1.0000e-12  -73.79974 -112.66502  18.252060      95.32 4.4072e+01    689.961      16560  1028.3609  1028.3611    34.0414    34.0415    8.32554         28 0.0000e+00
    205.000    202.782    -1.3358  27.291069    -1.3347  27.294470     6.2799     6.6213     0.3615    98.2125 1.0000e-12  -73.79974 -112.66502  18.252075      96.41 4.4072e+01    691.260      16591  1028.3711  1028.3739    34.0373    34.0408    8.35450         34 0.0000e+00
    206.000    203.769    -1.4146  27.223922    -1.4167  27.222465     6.4071     6.7547     0.1781    98.2122 1.0000e-12  -73.79974 -112.66502  18.252091      99.91 4.4072e+01    692.653      16625  1028.3780  1028.3785    34.0340    34.0345    8.37237         31 0.0000e+00
    207.000    204.759    -1.4653  27.181941    -1.4648  27.181819     6.4676     6.8260     0.2208    98.1164 1.0000e-12  -73.79974 -112.66502  18.252105      99.84 4.4072e+01    693.830      16653  1028.3848  1028.3842    34.0333    34.0326    8.38381         26 0.0000e+00
    208.000    205.749    -1.4867  27.164140    -1.4864  27.164012     6.4965     6.8579     0.3369    98.3137 1.0000e-12  -73.79974 -112.66502  18.252116      99.84 4.4072e+01    694.851      16677  1028.3898  1028.3893    34.0326    34.0320    8.38870         24 0.0000e+00
    209.000    206.738    -1.5056  27.148851    -1.5038  27.149759     6.5085     6.8766     0.2368    98.3624 1.0000e-12  -73.79974 -112.66502  18.252129      99.84 4.4196e+01    695.920      16703  1028.3950  1028.3942    34.0324    34.0315    8.39297         28 0.0000e+00
    210.000    207.724    -1.5142  27.142656    -1.5136  27.142163     6.5022     6.8814     0.1739    98.4512 1.0000e-12  -73.79974 -112.66502  18.252145      99.84 4.3874e+01    697.294      16736  1028.4000  1028.3989    34.0330    34.0316    8.39487         35 0.0000e+00
    211.000    208.714    -1.5177  27.140910    -1.5171  27.140532     6.4968     6.8899     0.1552    98.5081 1.0000e-12  -73.79974 -112.66502  18.252162      99.84 4.4902e+01    698.756      16771  1028.4051  1028.4041    34.0339    34.0328    8.39560         31 0.0000e+00
    212.000    209.702    -1.5215  27.139000    -1.5210  27.138519     6.5181     6.9094     0.1491    98.4711 1.0000e-12  -73.79974 -112.66502  18.252175      99.84 4.4120e+01    699.912      16799  1028.4105  1028.4095    34.0350    34.0338    8.39639         25 0.0000e+00
    213.000    210.691    -1.5333  27.129548    -1.5329  27.129093     6.5213     6.9210     0.1750    98.5218 1.0000e-12  -73.79974 -112.66502  18.252186      99.84 4.4071e+01    700.905      16823  1028.4155  1028.4146    34.0348    34.0337    8.39908         24 0.0000e+00
    214.000    211.680    -1.5379  27.126741    -1.5374  27.126098     6.4913     6.8876     0.1573    98.4465 1.0000e-12  -73.79974 -112.66502  18.252200      99.84 4.4072e+01    702.039      16850  1028.4208  1028.4196    34.0355    34.0341    8.40007         33 0.0000e+00
    215.000    212.668    -1.5179  27.145772    -1.5164  27.144819     6.4433     6.8413     0.1476    98.5194 1.0000e-12  -73.79974 -112.66502  18.252217      79.07 4.4072e+01    703.537      16886  1028.4261  1028.4236    34.0384    34.0354    8.39539         35 0.0000e+00
    216.000    213.658    -1.4991  27.162932    -1.4989  27.161932     6.4416     6.8427     0.2060    98.4927 1.0000e-12  -73.79974 -112.66502  18.252231     100.16 4.4072e+01    704.793      16916  1028.4308  1028.4295    34.0400    34.0384    8.39103         26 0.0000e+00
    217.000    214.644    -1.4999  27.163523    -1.4992  27.163454     6.4481     6.8510     0.1831    98.5396 1.0000e-12  -73.79974 -112.66502  18.252243      99.84 4.4072e+01    705.813      16941  1028.4365  1028.4357    34.0411    34.0402    8.39116         24 0.0000e+00
    218.000    215.635    -1.5151  27.154974    -1.5143  27.154686     6.4538     6.8643     0.2547    98.5175 1.0000e-12  -73.79974 -112.66502  18.252256      99.85 4.4072e+01    706.934      16967  1028.4461  1028.4450    34.0461    34.0448    8.39430         31 0.0000e+00
    219.000    216.621    -1.5052  27.165121    -1.5038  27.164731     6.3578     6.7593     0.2151    98.5267 1.0000e-12  -73.79974 -112.66502  18.252272      99.84 4.4072e+01    708.326      17001  1028.4517  1028.4499    34.0481    34.0459    8.39193         30 0.0000e+00
    220.000    217.611    -1.4671  27.201156    -1.4617  27.202707     6.2742     6.6682     0.5088    98.3435 1.0000e-12  -73.79975 -112.66502  18.252288      99.84 4.4072e+01    709.660      17033  1028.4586  1028.4551    34.0537    34.0498    8.38301         29 0.0000e+00
    221.000    218.600    -1.4034  27.256554    -1.4019  27.256482     6.3081     6.7054     0.2869    98.2401 1.0000e-12  -73.79975 -112.66502  18.252301      99.83 4.4072e+01    710.787      17060  1028.4620  1028.4604    34.0569    34.0551    8.36850         26 0.0000e+00
    222.000    219.587    -1.4344  27.229778    -1.4319  27.231989     6.3289     6.7169     0.1576    98.4617 1.0000e-12  -73.79974 -112.66502  18.252313      99.84 4.4072e+01    711.851      17085  1028.4672  1028.4674    34.0547    34.0549    8.37559         26 0.0000e+00
    223.000    220.578    -1.4839  27.189356    -1.4768  27.194681     6.3272     6.7199     0.2086    98.3788 1.0000e-12  -73.79974 -112.66502  18.252327      99.84 4.4072e+01    713.023      17114  1028.4754  1028.4744    34.0547    34.0540    8.38673         31 0.0000e+00
    224.000    221.566    -1.4484  27.221249    -1.4437  27.223492     6.3106     6.7149     0.1684    98.1919 1.0000e-12  -73.79974 -112.66502  18.252342      99.84 4.4072e+01    714.372      17146  1028.4803  1028.4782    34.0577    34.0554    8.37857         33 0.0000e+00
    225.000    222.554    -1.4375  27.231458    -1.4407  27.227259     6.2269     6.6225     0.1935    98.5324 1.0000e-12  -73.79974 -112.66502  18.252357      99.82 4.4072e+01    715.664      17177  1028.4853  1028.4839    34.0587    34.0566    8.37605         29 0.0000e+00
    226.000    223.541    -1.3920  27.274282    -1.3945  27.269089     6.1855     6.5698     0.1619    98.6290 1.0000e-12  -73.79974 -112.66502  18.252370      99.56 4.4072e+01    716.812      17204  1028.4924  1028.4892    34.0652    34.0609    8.36545         27 0.0000e+00
    227.000    224.531    -1.3526  27.308158    -1.3516  27.307891     6.2396     6.6234     0.1922    98.3631 1.0000e-12  -73.79974 -112.66502  18.252384      98.66 4.4072e+01    717.968      17232  1028.4959  1028.4946    34.0664    34.0648    8.35655         29 0.0000e+00
    228.000    225.521    -1.3865  27.279407    -1.3883  27.278199     6.3316     6.7127     0.1787    98.5815 1.0000e-12  -73.79974 -112.66502  18.252399      99.82 4.4072e+01    719.234      17263  1028.5021  1028.5025    34.0648    34.0651    8.36425         31 0.0000e+00
    229.000    226.509    -1.4503  27.226241    -1.4500  27.226140     6.3830     6.7555     0.1510    98.5729 1.0000e-12  -73.79974 -112.66502  18.252413      99.85 4.4072e+01    720.474      17292  1028.5103  1028.5099    34.0636    34.0631    8.37864         28 0.0000e+00
    230.000    227.497    -1.4700  27.210056    -1.4691  27.209924     6.4213     6.7917     0.1169    98.3069 1.0000e-12  -73.79974 -112.66502  18.252427      99.84 4.4435e+01    721.662      17321  1028.5158  1028.5149    34.0631    34.0619    8.38310         29 0.0000e+00
    231.000    228.486    -1.4806  27.201369    -1.4793  27.201642     6.4527     6.8214     0.1611    98.5545 1.0000e-12  -73.79974 -112.66502  18.252441      99.84 4.4386e+01    722.877      17350  1028.5208  1028.5199    34.0626    34.0615    8.38552         28 0.0000e+00
    232.000    229.474    -1.5045  27.181830    -1.5040  27.181360     6.5017     6.8860     0.2755    98.5732 1.0000e-12  -73.79974 -112.66502  18.252455      99.84 4.3521e+01    724.131      17380  1028.5266  1028.5257    34.0623    34.0611    8.39093         29 0.0000e+00
    233.000    230.463    -1.5284  27.161985    -1.5302  27.160049     6.5446     6.9289     0.2755    98.5409 1.0000e-12  -73.79974 -112.66502  18.252469      99.84 4.4077e+01    725.344      17409  1028.5321  1028.5318    34.0615    34.0609    8.39637         29 0.0000e+00
