ocean_section_plots/required_files/ctd/dnbp2202_ctd118.cnv
* Sea-Bird SBE 9 Data File:
* FileName = D:\Data\raw\NBP2202_CTD118.hex
* Software Version Seasave V 7.26.7.121
* Temperature SN = 1649
* Conductivity SN = 2513
* Number of Bytes Per Scan = 40
* Number of Voltage Words = 5
* Number of Scans Averaged by the Deck Unit = 1
* NMEA Latitude = 74 10.52 S
* NMEA Longitude = 113 20.65 W
* NMEA UTC (Time) = Jan 27 2022  09:55:55
* NMEA baud rate = 9600
** Ship: RVIB N.B. Palmer
** Cruise: NBP2202 Thwaites
** Station: YoYo001
** Operator: B. Bjork
# nquan = 25
# nvalues = 608                         
# units = specified
# name 0 = prDM: Pressure, Digiquartz [db]
# name 1 = depSM: Depth [salt water, m]
# name 2 = t090C: Temperature [ITS-90, deg C]
# name 3 = c0mS/cm: Conductivity [mS/cm]
# name 4 = t190C: Temperature, 2 [ITS-90, deg C]
# name 5 = c1mS/cm: Conductivity, 2 [mS/cm]
# name 6 = sbeox0ML/L: Oxygen, SBE 43 [ml/l]
# name 7 = sbeox1ML/L: Oxygen, SBE 43, 2 [ml/l]
# name 8 = flECO-AFL: Fluorescence, WET Labs ECO-AFL/FL [mg/m^3]
# name 9 = CStarTr0: Beam Transmission, WET Labs C-Star [%]
# name 10 = par: PAR/Irradiance, Biospherical/Licor
# name 11 = latitude: Latitude [deg]
# name 12 = longitude: Longitude [deg]
# name 13 = timeJ: Julian Days
# name 14 = altM: Altimeter [m]
# name 15 = spar: SPAR, Biospherical/Licor
# name 16 = timeS: Time, Elapsed [seconds]
# name 17 = scan: Scan Count
# name 18 = density00: Density [density, kg/m^3]
# name 19 = density11: Density, 2 [density, kg/m^3]
# name 20 = sal00: Salinity, Practical [PSU]
# name 21 = sal11: Salinity, Practical, 2 [PSU]
# name 22 = oxsolML/L: Oxygen Saturation, Garcia & Gordon [ml/l]
# name 23 = nbin: number of scans per bin
# name 24 = flag: flag
# span 0 =     10.000,    617.000       
# span 1 =      9.896,    609.708       
# span 2 =    -1.3755,     0.0918       
# span 3 =  27.085778,  28.926607       
# span 4 =    -1.3743,     0.0944       
# span 5 =  27.086284,  28.927676       
# span 6 =     4.6790,     8.5155       
# span 7 =     4.7325,     8.4099       
# span 8 =    -0.0250,    24.3555       
# span 9 =    70.1498,    95.6251       
# span 10 = -2.926e-05, 2.3364e+00      
# span 11 =  -74.17536,  -74.17536      
# span 12 = -113.34426, -113.34424      
# span 13 =  27.414211,  27.421522      
# span 14 =       6.71,     100.00      
# span 15 = 1.5337e+02, 1.7805e+02      
# span 16 =     32.815,    664.502      
# span 17 =        789,      15949      
# span 18 =  1027.2249,  1030.5227      
# span 19 =  1027.2230,  1030.5206      
# span 20 =    33.7894,    34.3810      
# span 21 =    33.7871,    34.3787      
# span 22 =    8.02573,    8.37143      
# span 23 =         17,         43      
# span 24 = 0.0000e+00, 0.0000e+00      
# interval = decibars: 1                
# start_time = Jan 27 2022 09:55:55 [NMEA time, header]
# bad_flag = -9.990e-29
*END*
[from data line 174]
    184.000    182.016    -1.3038  27.247605    -1.3024  27.247263     5.5307     5.5964    -0.0170    95.5877 1.0000e-12  -74.17536 -113.34424  27.416290      99.86 1.6307e+02    212.476       5100  1028.2001  1028.1984    33.9544    33.9523    8.35226         22 0.0000e+00
    185.000    183.003    -1.3038  27.247967    -1.3021  27.247991     5.5309     5.5980    -0.0187    95.5902 1.0000e-12  -74.17536 -113.34424  27.416301      99.87 1.6278e+02    213.431       5123  1028.2048  1028.2032    33.9543    33.9524    8.35227         24 0.0000e+00
    186.000    183.994    -1.3033  27.249169    -1.3017  27.249014     5.5331     5.6024    -0.0079    95.5808 1.0000e-12  -74.17536 -113.34424  27.416312      99.86 1.6251e+02    214.378       5146  1028.2099  1028.2083    33.9548    33.9528    8.35213         22 0.0000e+00
    187.000    184.980    -1.3031  27.250146    -1.3016  27.249858     5.5319     5.6024    -0.0077    95.5925 1.0000e-12  -74.17536 -113.34424  27.416323      99.86 1.6227e+02    215.322       5169  1028.2151  1028.2133    33.9552    33.9531    8.35206         22 0.0000e+00
    188.000    185.971    -1.3025  27.251405    -1.3011  27.251112     5.5425     5.6087    -0.0138    95.5988 1.0000e-12  -74.17536 -113.34424  27.416334      99.87 1.6263e+02    216.266       5191  1028.2202  1028.2185    33.9557    33.9536    8.35190         24 0.0000e+00
    189.000    186.958    -1.3014  27.253868    -1.2994  27.254045     5.5541     5.6168    -0.0203    95.5867 1.0000e-12  -74.17536 -113.34424  27.416345      99.87 1.6259e+02    217.219       5214  1028.2261  1028.2244    33.9572    33.9551    8.35156         22 0.0000e+00
    190.000    187.947    -1.2925  27.266621    -1.2910  27.266224     5.5567     5.6190    -0.0144    95.5991 1.0000e-12  -74.17536 -113.34424  27.416356      99.86 1.6265e+02    218.165       5237  1028.2358  1028.2339    33.9639    33.9617    8.34916         23 0.0000e+00
    191.000    188.935    -1.2916  27.269124    -1.2901  27.268949     5.5707     5.6247    -0.0077    95.5958 1.0000e-12  -74.17536 -113.34424  27.416367      99.86 1.6288e+02    219.119       5260  1028.2420  1028.2404    33.9657    33.9638    8.34886         23 0.0000e+00
    192.000    189.924    -1.2902  27.272329    -1.2888  27.272053     5.5739     5.6312    -0.0115    95.5924 1.0000e-12  -74.17536 -113.34424  27.416378      99.87 1.6288e+02    220.077       5283  1028.2485  1028.2469    33.9679    33.9660    8.34841         23 0.0000e+00
    193.000    190.915    -1.2898  27.273741    -1.2883  27.273494     5.5793     5.6362    -0.0222    95.5902 1.0000e-12  -74.17536 -113.34424  27.416389      96.46 1.6295e+02    221.027       5306  1028.2540  1028.2524    33.9688    33.9668    8.34827         23 0.0000e+00
    194.000    191.902    -1.2875  27.277740    -1.2860  27.277484     5.5779     5.6415    -0.0224    95.6011 1.0000e-12  -74.17536 -113.34424  27.416400      96.38 1.6311e+02    221.980       5329  1028.2605  1028.2588    33.9710    33.9690    8.34762         23 0.0000e+00
    195.000    192.889    -1.2839  27.283198    -1.2825  27.282774     5.5765     5.6445    -0.0224    95.5924 1.0000e-12  -74.17536 -113.34424  27.416411      99.85 1.6331e+02    222.933       5351  1028.2674  1028.2656    33.9738    33.9717    8.34665         22 0.0000e+00
    196.000    193.880    -1.2778  27.291608    -1.2759  27.291658     5.5793     5.6453    -0.0166    95.5868 1.0000e-12  -74.17536 -113.34424  27.416422      99.87 1.6372e+02    223.876       5374  1028.2750  1028.2732    33.9778    33.9757    8.34506         23 0.0000e+00
    197.000    194.868    -1.2731  27.297158    -1.2721  27.296308     5.5739     5.6419    -0.0059    95.5990 1.0000e-12  -74.17536 -113.34424  27.416433      99.87 1.6355e+02    224.822       5397  1028.2810  1028.2790    33.9795    33.9771    8.34391         23 0.0000e+00
    198.000    195.857    -1.2694  27.301396    -1.2679  27.301031     5.5749     5.6448    -0.0037    95.5935 1.0000e-12  -74.17536 -113.34424  27.416444      99.87 1.6395e+02    225.775       5420  1028.2864  1028.2845    33.9805    33.9783    8.34303         22 0.0000e+00
    199.000    196.845    -1.2628  27.309496    -1.2613  27.308931     5.5799     5.6481    -0.0077    95.6081 1.0000e-12  -74.17536 -113.34424  27.416455      99.87 1.6395e+02    226.711       5442  1028.2932  1028.2911    33.9834    33.9810    8.34136         23 0.0000e+00
    200.000    197.835    -1.2548  27.319548    -1.2530  27.319340     5.5808     5.6514    -0.0087    95.6006 1.0000e-12  -74.17536 -113.34424  27.416466      99.86 1.6395e+02    227.640       5464  1028.3009  1028.2989    33.9876    33.9853    8.33934         22 0.0000e+00
    201.000    198.823    -1.2506  27.325283    -1.2492  27.324918     5.5802     5.6436    -0.0151    95.6025 1.0000e-12  -74.17536 -113.34424  27.416477      99.87 1.6395e+02    228.592       5487  1028.3075  1028.3058    33.9901    33.9880    8.33827         23 0.0000e+00
    202.000    199.811    -1.2486  27.328103    -1.2463  27.328547     5.5656     5.6310    -0.0150    95.6111 1.0000e-12  -74.17536 -113.34424  27.416488      99.87 1.6395e+02    229.525       5510  1028.3130  1028.3113    33.9910    33.9891    8.33775         22 0.0000e+00
    203.000    200.801    -1.2390  27.339114    -1.2369  27.339384     5.5672     5.6325    -0.0150    95.6103 1.0000e-12  -74.17536 -113.34424  27.416498      99.87 1.6395e+02    230.468       5532  1028.3202  1028.3184    33.9947    33.9926    8.33541         23 0.0000e+00
    204.000    201.790    -1.2271  27.352726    -1.2261  27.351639     5.5610     5.6295    -0.0199    95.6171 1.0000e-12  -74.17536 -113.34424  27.416510      99.87 1.6395e+02    231.432       5555  1028.3279  1028.3259    33.9991    33.9966    8.33248         23 0.0000e+00
    205.000    202.776    -1.2227  27.357833    -1.2213  27.357069     5.4995     5.5872    -0.0184    95.6202 1.0000e-12  -74.17536 -113.34424  27.416521      99.87 1.6395e+02    232.392       5578  1028.3337  1028.3316    34.0005    33.9979    8.33141         24 0.0000e+00
    206.000    203.768    -1.2065  27.373771    -1.2043  27.373769     5.4365     5.5321    -0.0150    95.6251 1.0000e-12  -74.17536 -113.34424  27.416532      98.47 1.6395e+02    233.344       5601  1028.3399  1028.3378    34.0034    34.0009    8.32765         22 0.0000e+00
    207.000    204.754    -1.1545  27.426636    -1.1536  27.423409     5.3870     5.4840    -0.0150    95.6169 1.0000e-12  -74.17536 -113.34424  27.416543      84.92 1.6395e+02    234.299       5624  1028.3516  1028.3472    34.0161    34.0107    8.31533         23 0.0000e+00
    208.000    205.744    -1.0898  27.486970    -1.0905  27.483274     5.3388     5.4336    -0.0150    95.6159 1.0000e-12  -74.17536 -113.34424  27.416554      95.75 1.6395e+02    235.243       5647  1028.3592  1028.3558    34.0247    34.0204    8.30048         23 0.0000e+00
    209.000    206.734    -1.0774  27.498518    -1.0706  27.503454     5.2910     5.3822    -0.0150    95.6158 1.0000e-12  -74.17536 -113.34424  27.416564      99.80 1.6395e+02    236.171       5669  1028.3646  1028.3633    34.0258    34.0248    8.29768         22 0.0000e+00
    210.000    207.720    -1.0322  27.543963    -1.0282  27.544328     5.2543     5.3447    -0.0150    95.6148 1.0000e-12  -74.17536 -113.34424  27.416575      99.87 1.6395e+02    237.117       5692  1028.3749  1028.3714    34.0360    34.0320    8.28709         23 0.0000e+00
    211.000    208.711    -0.9987  27.576138    -0.9870  27.583598     5.2345     5.3188    -0.0150    95.6041 1.0000e-12  -74.17536 -113.34424  27.416586      99.87 1.6395e+02    238.064       5715  1028.3822  1028.3789    34.0413    34.0382    8.27938         22 0.0000e+00
    212.000    209.698    -0.9786  27.594830    -0.9723  27.598106     5.2300     5.3098    -0.0150    95.5688 1.0000e-12  -74.17536 -113.34424  27.416597      99.87 1.6395e+02    239.003       5737  1028.3878  1028.3854    34.0433    34.0407    8.27482         23 0.0000e+00
    213.000    210.688    -0.9666  27.605772    -0.9640  27.606041     5.2267     5.3067    -0.0150    95.5655 1.0000e-12  -74.17536 -113.34424  27.416608      99.87 1.6395e+02    239.952       5760  1028.3930  1028.3908    34.0440    34.0415    8.27215         23 0.0000e+00
    214.000    211.675    -0.9668  27.606370    -0.9666  27.604289     5.2205     5.2981    -0.0150    95.5358 1.0000e-12  -74.17536 -113.34424  27.416619      99.86 1.6395e+02    240.899       5783  1028.3987  1028.3963    34.0445    34.0415    8.27217         23 0.0000e+00
    215.000    212.664    -0.9621  27.610597    -0.9623  27.608346     5.2081     5.2818    -0.0083    95.5248 1.0000e-12  -74.17536 -113.34424  27.416630      99.86 1.6395e+02    241.829       5805  1028.4035  1028.4012    34.0444    34.0414    8.27115         22 0.0000e+00
    216.000    213.653    -0.9505  27.622253    -0.9469  27.622656     5.1894     5.2626    -0.0150    95.5175 1.0000e-12  -74.17536 -113.34424  27.416641      99.87 1.6395e+02    242.766       5827  1028.4096  1028.4065    34.0465    34.0429    8.26847         22 0.0000e+00
    217.000    214.641    -0.9346  27.636054    -0.9362  27.632515     5.1864     5.2492    -0.0147    95.5140 1.0000e-12  -74.17536 -113.34424  27.416652      99.87 1.6395e+02    243.712       5850  1028.4138  1028.4116    34.0466    34.0436    8.26496         23 0.0000e+00
    218.000    215.631    -0.9307  27.640170    -0.9261  27.642045     5.1811     5.2523    -0.0150    95.5034 1.0000e-12  -74.17536 -113.34424  27.416663      99.86 1.6395e+02    244.646       5873  1028.4192  1028.4168    34.0472    34.0446    8.26407         22 0.0000e+00
    219.000    216.619    -0.9225  27.647736    -0.9190  27.648883     5.1822     5.2589    -0.0189    95.4916 1.0000e-12  -74.17536 -113.34424  27.416673      99.87 1.6395e+02    245.587       5895  1028.4241  1028.4220    34.0476    34.0452    8.26225         23 0.0000e+00
    220.000    217.607    -0.9306  27.641558    -0.9298  27.640273     5.1635     5.2389    -0.0194    95.4810 1.0000e-12  -74.17536 -113.34424  27.416684      99.87 1.6395e+02    246.534       5918  1028.4299  1028.4278    34.0477    34.0450    8.26402         22 0.0000e+00
    221.000    218.596    -0.9214  27.650664    -0.9210  27.648724     5.1321     5.2048    -0.0150    95.4849 1.0000e-12  -74.17536 -113.34424  27.416695      88.60 1.6395e+02    247.466       5940  1028.4354  1028.4330    34.0491    34.0460    8.26191         23 0.0000e+00
    222.000    219.584    -0.9017  27.669045    -0.8975  27.670295     5.1037     5.1835    -0.0156    95.4639 1.0000e-12  -74.17536 -113.34424  27.416706      99.69 1.6395e+02    248.402       5963  1028.4408  1028.4381    34.0512    34.0481    8.25747         23 0.0000e+00
    223.000    220.574    -0.8653  27.703931    -0.8609  27.704620     5.0888     5.1640    -0.0223    95.4578 1.0000e-12  -74.17536 -113.34424  27.416717      99.86 1.6395e+02    249.347       5985  1028.4477  1028.4443    34.0567    34.0527    8.24915         22 0.0000e+00
    224.000    221.562    -0.8487  27.720024    -0.8453  27.721046     5.0744     5.1463    -0.0221    95.4669 1.0000e-12  -74.17536 -113.34424  27.416728      99.87 1.6395e+02    250.281       6008  1028.4538  1028.4517    34.0593    34.0569    8.24538         23 0.0000e+00
    225.000    222.550    -0.8446  27.725578    -0.8419  27.725589     5.0523     5.1321    -0.0164    95.4706 1.0000e-12  -74.17536 -113.34424  27.416739      99.87 1.6395e+02    251.215       6030  1028.4605  1028.4579    34.0615    34.0585    8.24435         22 0.0000e+00
    226.000    223.539    -0.8192  27.750942    -0.8223  27.745133     5.0358     5.1125    -0.0150    95.4559 1.0000e-12  -74.17536 -113.34424  27.416750      99.87 1.6395e+02    252.160       6053  1028.4679  1028.4646    34.0666    34.0622    8.23849         23 0.0000e+00
    227.000    224.528    -0.8091  27.760949    -0.8071  27.760175     5.0199     5.0953    -0.0177    95.4531 1.0000e-12  -74.17536 -113.34424  27.416760      99.86 1.6395e+02    253.094       6075  1028.4735  1028.4708    34.0681    34.0649    8.23619         22 0.0000e+00
    228.000    225.515    -0.7896  27.779330    -0.7885  27.777757     5.0069     5.0776    -0.0190    95.4391 1.0000e-12  -74.17536 -113.34424  27.416771      99.87 1.6395e+02    254.018       6097  1028.4792  1028.4763    34.0705    34.0671    8.23181         22 0.0000e+00
    229.000    226.505    -0.7823  27.786065    -0.7801  27.785779     4.9982     5.0665    -0.0150    95.4379 1.0000e-12  -74.17536 -113.34424  27.416782      99.87 1.6395e+02    254.958       6120  1028.4840  1028.4816    34.0708    34.0679    8.23020         23 0.0000e+00
    230.000    227.493    -0.7742  27.794080    -0.7688  27.796515     4.9954     5.0655    -0.0147    95.4157 1.0000e-12  -74.17536 -113.34424  27.416793      99.86 1.6395e+02    255.893       6142  1028.4894  1028.4869    34.0718    34.0691    8.22837         22 0.0000e+00
    231.000    228.482    -0.7641  27.804334    -0.7623  27.803637     4.9991     5.0635    -0.0150    95.4285 1.0000e-12  -74.17536 -113.34424  27.416803      99.87 1.6395e+02    256.814       6165  1028.4953  1028.4928    34.0737    34.0707    8.22605         22 0.0000e+00
    232.000    229.468    -0.7623  27.807053    -0.7603  27.806658     4.9988     5.0629    -0.0249    95.4132 1.0000e-12  -74.17536 -113.34424  27.416814      99.87 1.6395e+02    257.751       6187  1028.5012  1028.4988    34.0747    34.0719    8.22561         23 0.0000e+00
    233.000    230.460    -0.7583  27.812502    -0.7569  27.811591     5.0008     5.0602    -0.0250    95.4051 1.0000e-12  -74.17536 -113.34424  27.416825      99.87 1.6395e+02    258.688       6210  1028.5078  1028.5054    34.0770    34.0741    8.22460         22 0.0000e+00
    234.000    231.445    -0.7551  27.816550    -0.7521  27.816995     4.9985     5.0562    -0.0190    95.4039 1.0000e-12  -74.17536 -113.34424  27.416836      91.15 1.6395e+02    259.615       6232  1028.5135  1028.5112    34.0782    34.0755    8.22383         22 0.0000e+00
    235.000    232.437    -0.7495  27.822473    -0.7481  27.821558     4.9903     5.0514    -0.0146    95.4032 1.0000e-12  -74.17536 -113.34424  27.416847      92.77 1.6395e+02    260.553       6254  1028.5190  1028.5167    34.0792    34.0765    8.22254         23 0.0000e+00
    236.000    233.424    -0.7435  27.829897    -0.7435  27.827113     4.9891     5.0481    -0.0140    95.3981 1.0000e-12  -74.17536 -113.34424  27.416857      98.53 1.6395e+02    261.486       6277  1028.5258  1028.5227    34.0820    34.0782    8.22109         22 0.0000e+00
    237.000    234.412    -0.7375  27.836589    -0.7357  27.836036     4.9880     5.0496    -0.0068    95.3843 1.0000e-12  -74.17536 -113.34424  27.416868      99.85 1.6395e+02    262.408       6299  1028.5317  1028.5294    34.0836    34.0808    8.21969         23 0.0000e+00
    238.000    235.403    -0.7363  27.838337    -0.7345  27.837819     4.9898     5.0483    -0.0133    95.3803 1.0000e-12  -74.17536 -113.34424  27.416879      99.86 1.6395e+02    263.333       6321  1028.5369  1028.5346    34.0840    34.0813    8.21940         21 0.0000e+00
    239.000    236.388    -0.7363  27.838782    -0.7342  27.838387     4.9929     5.0492    -0.0086    95.3774 1.0000e-12  -74.17536 -113.34424  27.416890      99.87 1.6395e+02    264.262       6343  1028.5418  1028.5395    34.0840    34.0812    8.21939         23 0.0000e+00
    240.000    237.380    -0.7361  27.839340    -0.7340  27.839036     4.9870     5.0456    -0.0046    95.3785 1.0000e-12  -74.17536 -113.34424  27.416900      99.87 1.6395e+02    265.200       6366  1028.5467  1028.5444    34.0839    34.0812    8.21935         23 0.0000e+00
