ocean_section_plots/required_files/ctd/dnbp2202_ctd172.cnv
* Sea-Bird SBE 9 Data File:
* FileName = D:\Data\raw\NBP2202_CTD172.hex
* Software Version Seasave V 7.26.7.121
* Temperature SN = 1649
* Conductivity SN = 2513
* Number of Bytes Per Scan = 40
* Number of Voltage Words = 5
* Number of Scans Averaged by the Deck Unit = 1
* NMEA Latitude = 74 08.12 S
* NMEA Longitude = 110 39.27 W
* NMEA UTC (Time) = Feb 03 2022  15:35:41
* NMEA baud rate = 9600
** Ship: RVIB N.B. Palmer
** Cruise: NBP2202 Thwaites
** Station: 94
** Operator: A. Robinson
# nquan = 28
# nvalues = 416                         
# units = specified
# name 0 = prDM: Pressure, Digiquartz [db]
# name 1 = depSM: Depth [salt water, m]
# name 2 = t090C: Temperature [ITS-90, deg C]
# name 3 = c0mS/cm: Conductivity [mS/cm]
# name 4 = t190C: Temperature, 2 [ITS-90, deg C]
# name 5 = c1mS/cm: Conductivity, 2 [mS/cm]
# name 6 = sbeox0ML/L: Oxygen, SBE 43 [ml/l]
# name 7 = sbeox1ML/L: Oxygen, SBE 43, 2 [ml/l]
# name 8 = flECO-AFL: Fluorescence, WET Labs ECO-AFL/FL [mg/m^3]
# name 9 = CStarTr0: Beam Transmission, WET Labs C-Star [%]
# name 10 = par: PAR/Irradiance, Biospherical/Licor
# name 11 = latitude: Latitude [deg]
# name 12 = longitude: Longitude [deg]
# name 13 = timeJ: Julian Days
# name 14 = altM: Altimeter [m]
# name 15 = spar: SPAR, Biospherical/Licor
# name 16 = timeS: Time, Elapsed [seconds]
# name 17 = scan: Scan Count
# name 18 = density00: Density [density, kg/m^3]
# name 19 = density11: Density, 2 [density, kg/m^3]
# name 20 = v3: Voltage 3
# name 21 = v4: Voltage 4
# name 22 = v5: Voltage 5
# name 23 = sal00: Salinity, Practical [PSU]
# name 24 = sal11: Salinity, Practical, 2 [PSU]
# name 25 = oxsolML/L: Oxygen Saturation, Garcia & Gordon [ml/l]
# name 26 = nbin: number of scans per bin
# name 27 = flag: flag
# span 0 =      2.000,    417.000       
# span 1 =      1.987,    412.269       
# span 2 =    -1.4382,    -0.9347       
# span 3 =  26.987128,  27.817351       
# span 4 =    -1.4366,    -0.9330       
# span 5 =  26.987679,  27.816640       
# span 6 =     5.6979,     6.9969       
# span 7 =     5.8129,     6.8890       
# span 8 =    -0.0230,     8.1145       
# span 9 =    85.1194,    98.8694       
# span 10 = 1.0000e-12, 1.0681e+02      
# span 11 =  -74.13544,  -74.13498      
# span 12 = -110.65456, -110.65195      
# span 13 =  34.652648,  34.659786      
# span 14 =       5.10,     100.04      
# span 15 = 1.7626e+03, 1.7868e+03      
# span 16 =    247.772,    864.500      
# span 17 =       5948,      20749      
# span 18 =  1027.1801,  1029.4705      
# span 19 =  1027.1784,  1029.4681      
# span 20 =     4.0384,     4.6902      
# span 21 =     0.0636,     1.1724      
# span 22 =     0.1201,     0.1652      
# span 23 =    33.7694,    34.1706      
# span 24 =    33.7680,    34.1677      
# span 25 =    8.25773,    8.38746      
# span 26 =         17,         48      
# span 27 = 0.0000e+00, 0.0000e+00      
# interval = decibars: 1                
# start_time = Feb 03 2022 15:35:41 [NMEA time, header]
# bad_flag = -9.990e-29
*END*
[from data line 311]
    313.000    309.526    -1.1711  27.534838    -1.1695  27.534424     5.9295     6.0514    -0.0150    98.8432 1.0000e-12  -74.13520 -110.65396  34.657539      99.97 1.7769e+03    670.360      16090  1028.9430  1028.9410     4.6889     0.0696     0.1213    34.1175    34.1151    8.31305         28 0.0000e+00
    314.000    310.516    -1.1710  27.535340    -1.1693  27.534963     5.9216     6.0514    -0.0150    98.8529 1.0000e-12  -74.13520 -110.65395  34.657553      99.58 1.7764e+03    671.558      16118  1028.9478  1028.9458     4.6894     0.0707     0.1239    34.1175    34.1150    8.31303         29 0.0000e+00
    315.000    311.503    -1.1701  27.536868    -1.1685  27.536347     5.9245     6.0556    -0.0150    98.8488 1.0000e-12  -74.13520 -110.65394  34.657567      99.18 1.7769e+03    672.773      16148  1028.9529  1028.9508     4.6892     0.0700     0.1246    34.1178    34.1154    8.31279         30 0.0000e+00
    316.000    312.491    -1.1684  27.539071    -1.1666  27.538858     5.9254     6.0543    -0.0150    98.8493 1.0000e-12  -74.13520 -110.65394  34.657581      98.79 1.7778e+03    674.000      16177  1028.9580  1028.9560     4.6892     0.0707     0.1238    34.1183    34.1160    8.31240         29 0.0000e+00
    317.000    313.480    -1.1653  27.542724    -1.1636  27.542586     5.9167     6.0458    -0.0154    98.8437 1.0000e-12  -74.13520 -110.65394  34.657595      98.10 1.7786e+03    675.224      16206  1028.9633  1028.9615     4.6889     0.0683     0.1230    34.1192    34.1170    8.31166         30 0.0000e+00
    318.000    314.467    -1.1582  27.550790    -1.1566  27.550289     5.9131     6.0455    -0.0113    98.8386 1.0000e-12  -74.13520 -110.65392  34.657609      97.38 1.7786e+03    676.450      16236  1028.9696  1028.9674     4.6887     0.0698     0.1232    34.1216    34.1190    8.30995         29 0.0000e+00
    319.000    315.456    -1.1518  27.557566    -1.1503  27.556985     5.9052     6.0374    -0.0150    98.8430 1.0000e-12  -74.13518 -110.65392  34.657623      96.21 1.7803e+03    677.664      16265  1028.9751  1028.9730     4.6889     0.0686     0.1243    34.1229    34.1205    8.30844         29 0.0000e+00
    320.000    316.444    -1.1495  27.560188    -1.1482  27.559500     5.9039     6.0316    -0.0150    98.8515 1.0000e-12  -74.13518 -110.65392  34.657637      94.87 1.7784e+03    678.852      16293  1028.9800  1028.9780     4.6893     0.0705     0.1217    34.1232    34.1208    8.30791         28 0.0000e+00
    321.000    317.432    -1.1481  27.562020    -1.1463  27.561779     5.9015     6.0351    -0.0150    98.8320 1.0000e-12  -74.13518 -110.65391  34.657651      94.51 1.7779e+03    680.031      16322  1028.9851  1028.9830     4.6884     0.0696     0.1232    34.1236    34.1212    8.30759         28 0.0000e+00
    322.000    318.420    -1.1459  27.564539    -1.1436  27.564862     5.8754     6.0168    -0.0150    98.8694 1.0000e-12  -74.13518 -110.65390  34.657664      93.49 1.7777e+03    681.200      16350  1028.9900  1028.9881     4.6902     0.0696     0.1250    34.1239    34.1217    8.30708         28 0.0000e+00
    323.000    319.408    -1.1353  27.575449    -1.1336  27.574954     5.8575     5.9922    -0.0150    98.8596 1.0000e-12  -74.13518 -110.65388  34.657678      92.18 1.7773e+03    682.344      16377  1028.9959  1028.9937     4.6897     0.0685     0.1250    34.1262    34.1235    8.30459         27 0.0000e+00
    324.000    320.397    -1.1047  27.604099    -1.1021  27.604327     5.8410     5.9730    -0.0150    98.8218 1.0000e-12  -74.13518 -110.65387  34.657691      91.77 1.7772e+03    683.490      16405  1029.0016  1028.9993     4.6879     0.0686     0.1215    34.1299    34.1273    8.29760         28 0.0000e+00
    325.000    321.384    -1.0966  27.611899    -1.0954  27.611025     5.8365     5.9665    -0.0085    98.8295 1.0000e-12  -74.13518 -110.65386  34.657704      91.02 1.7774e+03    684.647      16433  1029.0067  1029.0046     4.6883     0.0696     0.1220    34.1308    34.1282    8.29576         28 0.0000e+00
    326.000    322.373    -1.0926  27.616197    -1.0907  27.615980     5.8336     5.9613    -0.0149    98.8513 1.0000e-12  -74.13518 -110.65385  34.657718      90.10 1.7753e+03    685.801      16460  1029.0120  1029.0099     4.6893     0.0684     0.1224    34.1315    34.1290    8.29483         28 0.0000e+00
    327.000    323.361    -1.0894  27.619686    -1.0878  27.619231     5.8348     5.9605    -0.0145    98.8470 1.0000e-12  -74.13518 -110.65384  34.657731      89.73 1.7765e+03    686.975      16488  1029.0171  1029.0151     4.6891     0.0691     0.1254    34.1320    34.1295    8.29409         28 0.0000e+00
    328.000    324.348    -1.0895  27.620131    -1.0878  27.619641     5.8406     5.9614    -0.0092    98.8324 1.0000e-12  -74.13518 -110.65382  34.657745      87.67 1.7752e+03    688.161      16517  1029.0222  1029.0201     4.6884     0.0681     0.1220    34.1321    34.1295    8.29411         29 0.0000e+00
    329.000    325.337    -1.0894  27.620622    -1.0873  27.620662     5.8380     5.9620    -0.0152    98.8441 1.0000e-12  -74.13518 -110.65384  34.657759      86.84 1.7752e+03    689.349      16545  1029.0270  1029.0250     4.6890     0.0693     0.1237    34.1320    34.1297    8.29408         28 0.0000e+00
    330.000    326.324    -1.0883  27.622162    -1.0864  27.621914     5.8318     5.9613    -0.0175    98.8129 1.0000e-12  -74.13516 -110.65382  34.657772      86.07 1.7752e+03    690.540      16574  1029.0320  1029.0299     4.6875     0.0686     0.1241    34.1322    34.1297    8.29383         29 0.0000e+00
    331.000    327.313    -1.0865  27.624353    -1.0850  27.623760     5.8302     5.9543    -0.0224    98.8244 1.0000e-12  -74.13516 -110.65381  34.657786      85.18 1.7752e+03    691.754      16603  1029.0371  1029.0350     4.6880     0.0679     0.1294    34.1326    34.1301    8.29341         29 0.0000e+00
    332.000    328.301    -1.0838  27.627363    -1.0821  27.626965     5.8308     5.9591    -0.0147    98.8154 1.0000e-12  -74.13516 -110.65380  34.657801      84.12 1.7749e+03    692.970      16632  1029.0421  1029.0400     4.6876     0.0682     0.1245    34.1330    34.1305    8.29278         29 0.0000e+00
    333.000    329.289    -1.0819  27.629720    -1.0800  27.629402     5.8285     5.9594    -0.0175    98.7853 1.0000e-12  -74.13516 -110.65378  34.657815      83.14 1.7756e+03    694.189      16662  1029.0472  1029.0451     4.6862     0.0682     0.1255    34.1335    34.1309    8.29235         30 0.0000e+00
    334.000    330.277    -1.0805  27.631457    -1.0789  27.630972     5.8209     5.9485    -0.0170    98.8005 1.0000e-12  -74.13516 -110.65378  34.657829      82.01 1.7770e+03    695.422      16691  1029.0521  1029.0500     4.6869     0.0673     0.1256    34.1336    34.1312    8.29202         29 0.0000e+00
    335.000    331.265    -1.0748  27.637752    -1.0738  27.636468     5.8158     5.9447    -0.0150    98.7845 1.0000e-12  -74.13516 -110.65377  34.657843      80.73 1.7770e+03    696.643      16720  1029.0577  1029.0554     4.6861     0.0681     0.1250    34.1351    34.1323    8.29067         30 0.0000e+00
    336.000    332.251    -1.0688  27.644254    -1.0672  27.643835     5.8167     5.9378    -0.0230    98.8039 1.0000e-12  -74.13516 -110.65376  34.657857      79.92 1.7770e+03    697.868      16750  1029.0633  1029.0613     4.6871     0.0692     0.1241    34.1365    34.1341    8.28926         28 0.0000e+00
    337.000    333.245    -1.0682  27.645308    -1.0674  27.644097     5.8186     5.9393    -0.0206    98.8064 1.0000e-12  -74.13514 -110.65374  34.657871      80.00 1.7770e+03    699.082      16779  1029.0683  1029.0661     4.6872     0.0674     0.1232    34.1368    34.1341    8.28913         28 0.0000e+00
    338.000    334.229    -1.0667  27.647420    -1.0651  27.646886     5.8164     5.9364    -0.0116    98.7908 1.0000e-12  -74.13514 -110.65374  34.657885      78.13 1.7769e+03    700.283      16808  1029.0735  1029.0713     4.6864     0.0671     0.1224    34.1373    34.1347    8.28876         29 0.0000e+00
    339.000    335.217    -1.0665  27.648030    -1.0645  27.647819     5.8215     5.9390    -0.0199    98.7827 1.0000e-12  -74.13514 -110.65372  34.657899      77.46 1.7783e+03    701.466      16836  1029.0783  1029.0762     4.6861     0.0666     0.1247    34.1372    34.1348    8.28871         28 0.0000e+00
    340.000    336.206    -1.0659  27.648982    -1.0642  27.648562     5.8193     5.9418    -0.0095    98.8101 1.0000e-12  -74.13514 -110.65372  34.657913      76.31 1.7788e+03    702.645      16864  1029.0831  1029.0810     4.6874     0.0668     0.1233    34.1373    34.1348    8.28858         28 0.0000e+00
    341.000    337.193    -1.0660  27.649592    -1.0645  27.648944     5.8161     5.9406    -0.0069    98.7965 1.0000e-12  -74.13514 -110.65371  34.657926      75.23 1.7781e+03    703.804      16892  1029.0882  1029.0861     4.6867     0.0664     0.1232    34.1376    34.1351    8.28858         28 0.0000e+00
    342.000    338.181    -1.0642  27.651659    -1.0626  27.651155     5.8136     5.9400    -0.0115    98.7596 1.0000e-12  -74.13514 -110.65370  34.657939      74.51 1.7780e+03    704.959      16920  1029.0930  1029.0909     4.6850     0.0671     0.1228    34.1378    34.1353    8.28818         27 0.0000e+00
    343.000    339.170    -1.0630  27.653224    -1.0619  27.652360     5.8089     5.9345    -0.0080    98.7649 1.0000e-12  -74.13514 -110.65368  34.657953      73.47 1.7770e+03    706.125      16948  1029.0979  1029.0959     4.6852     0.0657     0.1265    34.1380    34.1355    8.28791         29 0.0000e+00
    344.000    340.158    -1.0610  27.655468    -1.0595  27.654840     5.8111     5.9316    -0.0123    98.7719 1.0000e-12  -74.13514 -110.65368  34.657966      72.53 1.7766e+03    707.289      16976  1029.1027  1029.1005     4.6856     0.0660     0.1232    34.1381    34.1355    8.28745         27 0.0000e+00
    345.000    341.145    -1.0593  27.657504    -1.0565  27.658071     5.8014     5.9272    -0.0198    98.7799 1.0000e-12  -74.13514 -110.65368  34.657980      71.48 1.7752e+03    708.445      17004  1029.1076  1029.1055     4.6859     0.0674     0.1252    34.1384    34.1360    8.28707         28 0.0000e+00
    346.000    342.133    -1.0565  27.660540    -1.0545  27.660355     5.7991     5.9303    -0.0171    98.7789 1.0000e-12  -74.13514 -110.65367  34.657993      70.97 1.7752e+03    709.612      17032  1029.1125  1029.1103     4.6859     0.0657     0.1259    34.1387    34.1362    8.28642         28 0.0000e+00
    347.000    343.122    -1.0551  27.662352    -1.0533  27.661928     5.8056     5.9251    -0.0150    98.7613 1.0000e-12  -74.13514 -110.65366  34.658007      69.32 1.7752e+03    710.780      17060  1029.1174  1029.1152     4.6851     0.0661     0.1226    34.1389    34.1363    8.28609         28 0.0000e+00
    348.000    344.110    -1.0551  27.662720    -1.0533  27.662364     5.8024     5.9302    -0.0090    98.7507 1.0000e-12  -74.13514 -110.65365  34.658020      68.55 1.7749e+03    711.956      17088  1029.1222  1029.1200     4.6846     0.0646     0.1254    34.1389    34.1363    8.28611         29 0.0000e+00
    349.000    345.098    -1.0561  27.662494    -1.0544  27.662216     5.8034     5.9293    -0.0145    98.7331 1.0000e-12  -74.13512 -110.65364  34.658034      67.77 1.7755e+03    713.157      17117  1029.1272  1029.1252     4.6838     0.0650     0.1242    34.1391    34.1368    8.28631         29 0.0000e+00
    350.000    346.085    -1.0572  27.662373    -1.0555  27.661882     5.8067     5.9300    -0.0095    98.7490 1.0000e-12  -74.13512 -110.65362  34.658048      66.79 1.7756e+03    714.378      17146  1029.1324  1029.1302     4.6845     0.0654     0.1234    34.1395    34.1369    8.28652         29 0.0000e+00
    351.000    347.074    -1.0568  27.663175    -1.0551  27.662630     5.8044     5.9272    -0.0211    98.7698 1.0000e-12  -74.13512 -110.65361  34.658063      65.56 1.7758e+03    715.600      17175  1029.1372  1029.1350     4.6855     0.0657     0.1221    34.1395    34.1369    8.28643         30 0.0000e+00
    352.000    348.061    -1.0525  27.668326    -1.0504  27.668122     5.7946     5.9211    -0.0177    98.7665 1.0000e-12  -74.13512 -110.65360  34.658077      65.17 1.7769e+03    716.848      17205  1029.1429  1029.1407     4.6853     0.0659     0.1266    34.1411    34.1385    8.28541         30 0.0000e+00
    353.000    349.049    -1.0425  27.678680    -1.0400  27.678690     5.7874     5.9136    -0.0185    98.7880 1.0000e-12  -74.13512 -110.65358  34.658092      63.84 1.7768e+03    718.159      17237  1029.1488  1029.1463     4.6863     0.0659     0.1231    34.1433    34.1404    8.28307         32 0.0000e+00
    354.000    350.037    -1.0374  27.684221    -1.0347  27.684254     5.7786     5.8982    -0.0150    98.7779 1.0000e-12  -74.13512 -110.65358  34.658108      62.94 1.7764e+03    719.557      17270  1029.1541  1029.1515     4.6858     0.0649     0.1240    34.1443    34.1414    8.28187         35 0.0000e+00
    355.000    351.026    -1.0287  27.692616    -1.0256  27.693165     5.7671     5.8952    -0.0150    98.7689 1.0000e-12  -74.13512 -110.65358  34.658126      61.96 1.7777e+03    721.075      17307  1029.1591  1029.1568     4.6854     0.0646     0.1250    34.1453    34.1426    8.27990         36 0.0000e+00
    356.000    352.013    -1.0257  27.696096    -1.0236  27.695635     5.7593     5.8877    -0.0199    98.7692 1.0000e-12  -74.13511 -110.65356  34.658144      60.84 1.7778e+03    722.661      17345  1029.1643  1029.1619     4.6855     0.0640     0.1241    34.1460    34.1431    8.27919         32 0.0000e+00
    357.000    353.001    -1.0184  27.702833    -1.0184  27.700610     5.7542     5.8806    -0.0158    98.7587 1.0000e-12  -74.13510 -110.65354  34.658162      60.02 1.7766e+03    724.206      17382  1029.1690  1029.1666     4.6849     0.0647     0.1253    34.1464    34.1434    8.27757         36 0.0000e+00
    358.000    353.989    -1.0140  27.707208    -1.0125  27.706416     5.7628     5.8868    -0.0150    98.7596 1.0000e-12  -74.13510 -110.65353  34.658180      59.33 1.7748e+03    725.733      17419  1029.1738  1029.1715     4.6850     0.0655     0.1259    34.1468    34.1439    8.27658         37 0.0000e+00
    359.000    354.978    -1.0157  27.706078    -1.0140  27.705478     5.7590     5.8838    -0.0200    98.7466 1.0000e-12  -74.13510 -110.65352  34.658198      58.12 1.7750e+03    727.328      17457  1029.1786  1029.1763     4.6844     0.0652     0.1272    34.1464    34.1437    8.27696         32 0.0000e+00
    360.000    355.964    -1.0146  27.707620    -1.0129  27.706849     5.7586     5.8850    -0.0181    98.7386 1.0000e-12  -74.13510 -110.65350  34.658217      57.61 1.7714e+03    728.934      17495  1029.1836  1029.1812     4.6840     0.0653     0.1267    34.1467    34.1438    8.27671         38 0.0000e+00
    361.000    356.953    -1.0145  27.707787    -1.0126  27.707551     5.7585     5.8790    -0.0183    98.7369 1.0000e-12  -74.13510 -110.65348  34.658236      56.45 1.7691e+03    730.598      17535  1029.1880  1029.1859     4.6839     0.0656     0.1260    34.1462    34.1437    8.27671         42 0.0000e+00
    362.000    357.941    -1.0145  27.708417    -1.0128  27.707712     5.7609     5.8788    -0.0224    98.7338 1.0000e-12  -74.13510 -110.65346  34.658257      55.62 1.7709e+03    732.383      17578  1029.1931  1029.1907     4.6838     0.0654     0.1267    34.1465    34.1436    8.27671         42 0.0000e+00
    363.000    358.928    -1.0155  27.707931    -1.0142  27.706901     5.7570     5.8740    -0.0155    98.7299 1.0000e-12  -74.13510 -110.65344  34.658278      55.07 1.7718e+03    734.235      17623  1029.1979  1029.1955     4.6836     0.0648     0.1256    34.1463    34.1435    8.27693         40 0.0000e+00
