ocean_section_plots/required_files/ctd/dnbp2202_ctd110.cnv
* Sea-Bird SBE 9 Data File:
* FileName = D:\Data\raw\NBP2202_CTD110.hex
* Software Version Seasave V 7.26.7.121
* Temperature SN = 1649
* Conductivity SN = 2513
* Number of Bytes Per Scan = 40
* Number of Voltage Words = 5
* Number of Scans Averaged by the Deck Unit = 1
* NMEA Latitude = 74 10.52 S
* NMEA Longitude = 113 20.65 W
* NMEA UTC (Time) = Jan 27 2022  06:52:16
* NMEA baud rate = 9600
** Ship: RVIB N.B. Palmer
** Cruise: NBP2202 Thwaites
** Station: YoYo001
** Operator: B. Bjork
# nquan = 25
# nvalues = 608                         
# units = specified
# name 0 = prDM: Pressure, Digiquartz [db]
# name 1 = depSM: Depth [salt water, m]
# name 2 = t090C: Temperature [ITS-90, deg C]
# name 3 = c0mS/cm: Conductivity [mS/cm]
# name 4 = t190C: Temperature, 2 [ITS-90, deg C]
# name 5 = c1mS/cm: Conductivity, 2 [mS/cm]
# name 6 = sbeox0ML/L: Oxygen, SBE 43 [ml/l]
# name 7 = sbeox1ML/L: Oxygen, SBE 43, 2 [ml/l]
# name 8 = flECO-AFL: Fluorescence, WET Labs ECO-AFL/FL [mg/m^3]
# name 9 = CStarTr0: Beam Transmission, WET Labs C-Star [%]
# name 10 = par: PAR/Irradiance, Biospherical/Licor
# name 11 = latitude: Latitude [deg]
# name 12 = longitude: Longitude [deg]
# name 13 = timeJ: Julian Days
# name 14 = altM: Altimeter [m]
# name 15 = spar: SPAR, Biospherical/Licor
# name 16 = timeS: Time, Elapsed [seconds]
# name 17 = scan: Scan Count
# name 18 = density00: Density [density, kg/m^3]
# name 19 = density11: Density, 2 [density, kg/m^3]
# name 20 = sal00: Salinity, Practical [PSU]
# name 21 = sal11: Salinity, Practical, 2 [PSU]
# name 22 = oxsolML/L: Oxygen Saturation, Garcia & Gordon [ml/l]
# name 23 = nbin: number of scans per bin
# name 24 = flag: flag
# span 0 =     10.000,    617.000       
# span 1 =      9.893,    609.718       
# span 2 =    -1.4653,     0.1266       
# span 3 =  26.970393,  28.964873       
# span 4 =    -1.4639,     0.1288       
# span 5 =  26.970547,  28.964486       
# span 6 =     4.6778,     9.2236       
# span 7 =     4.7398,     9.0895       
# span 8 =    -0.0230,    27.3843       
# span 9 =    67.9215,    95.5999       
# span 10 = 1.0000e-12, 1.2192e+00      
# span 11 =  -74.17536,  -74.17534      
# span 12 = -113.34425, -113.34422      
# span 13 =  27.286676,  27.294189      
# span 14 =       7.72,     100.07      
# span 15 = 6.1694e+01, 6.8250e+01      
# span 16 =     32.836,    681.958      
# span 17 =        789,      16368      
# span 18 =  1027.2145,  1030.5290      
# span 19 =  1027.2131,  1030.5264      
# span 20 =    33.7901,    34.3920      
# span 21 =    33.7875,    34.3893      
# span 22 =    8.01782,    8.39653      
# span 23 =          5,         47      
# span 24 = 0.0000e+00, 0.0000e+00      
# interval = decibars: 1                
# start_time = Jan 27 2022 06:52:16 [NMEA time, header]
# bad_flag = -9.990e-29
*END*
     10.000      9.893    -0.8533  27.422127    -0.8506  27.423272     9.2236     9.0895    20.4172    71.5514 1.2192e+00  -74.17536 -113.34424  27.286676      99.97 6.5227e+01     32.836        789  1027.2145  1027.2131    33.7923    33.7908    8.26195         15 0.0000e+00
     11.000     10.887    -0.8598  27.417268    -0.8517  27.422140     9.0294     8.9988    21.9015    70.8871 8.8593e-01  -74.17536 -113.34424  27.286691      99.98 6.5227e+01     34.086        819  1027.2201  1027.2177    33.7924    33.7899    8.26338         31 0.0000e+00
     12.000     11.875    -0.9037  27.380475    -0.9005  27.383445     8.8842     8.9259    22.4452    70.2337 6.3152e-01  -74.17536 -113.34424  27.286706      99.97 6.5227e+01     35.374        850  1027.2271  1027.2273    33.7911    33.7915    8.27311         31 0.0000e+00
     13.000     12.865    -0.9517  27.341191    -0.9422  27.346560     8.8781     8.9457    23.1538    68.5682 4.4987e-01  -74.17536 -113.34424  27.286721      99.98 6.5227e+01     36.657        881  1027.2349  1027.2316    33.7909    33.7876    8.28368         30 0.0000e+00
     14.000     13.855    -0.9513  27.341746    -0.9456  27.345651     8.8875     8.9389    25.6941    69.7097 3.2030e-01  -74.17536 -113.34424  27.286735      99.97 6.5227e+01     37.881        910  1027.2393  1027.2382    33.7906    33.7896    8.28361         29 0.0000e+00
     15.000     14.843    -0.9533  27.341222    -0.9452  27.346150     8.8038     8.8408    23.1996    70.0488 2.2748e-01  -74.17536 -113.34424  27.286749      95.64 6.5227e+01     39.122        940  1027.2449  1027.2426    33.7916    33.7892    8.28400         31 0.0000e+00
     16.000     15.835    -0.9444  27.348572    -0.9405  27.349283     8.5908     8.6657    26.7279    67.9215 1.5563e-01  -74.17536 -113.34424  27.286764     100.03 6.5227e+01     40.370        970  1027.2486  1027.2456    33.7910    33.7875    8.28208         28 0.0000e+00
     17.000     16.823    -1.0048  27.298525    -1.0282  27.280237     8.4242     8.5674    27.0025    69.1656 1.0431e-01  -74.17536 -113.34424  27.286777      99.97 6.5227e+01     41.560        998  1027.2564  1027.2592    33.7901    33.7915    8.29546         29 0.0000e+00
     18.000     17.814    -1.0579  27.257936    -1.0545  27.259419     8.3801     8.5360    23.2109    69.2623 6.5605e-02  -74.17536 -113.34424  27.286791      99.97 6.5227e+01     42.753       1027  1027.2673  1027.2657    33.7939    33.7921    8.30698         29 0.0000e+00
     19.000     18.802    -1.0619  27.255708    -1.0602  27.255839     8.3779     8.5247    22.6831    69.4361 3.7003e-02  -74.17536 -113.34424  27.286805      99.98 6.5227e+01     43.972       1056  1027.2727  1027.2711    33.7948    33.7930    8.30783         29 0.0000e+00
     20.000     19.793    -1.0640  27.254427    -1.0625  27.254495     8.3753     8.5171    23.4432    69.1906 1.5389e-02  -74.17536 -113.34424  27.286819      99.98 6.5227e+01     45.155       1085  1027.2771  1027.2757    33.7947    33.7931    8.30828         28 0.0000e+00
     21.000     20.781    -1.0661  27.252868    -1.0649  27.252887     8.3714     8.5147    23.0864    70.2033 9.9394e-04  -74.17536 -113.34424  27.286832      99.99 6.5227e+01     46.328       1113  1027.2814  1027.2803    33.7943    33.7930    8.30878         29 0.0000e+00
     22.000     21.772    -1.0714  27.249275    -1.0731  27.246620     8.3653     8.5084    24.9300    70.2452 7.9805e-06  -74.17536 -113.34424  27.286846      99.99 6.5227e+01     47.511       1141  1027.2866  1027.2853    33.7948    33.7930    8.30992         28 0.0000e+00
     23.000     22.760    -1.0725  27.249061    -1.0708  27.249136     8.3387     8.4885    24.0808    70.0216 1.0000e-12  -74.17536 -113.34424  27.286860      99.98 6.5227e+01     48.664       1169  1027.2914  1027.2899    33.7950    33.7933    8.31014         27 0.0000e+00
     24.000     23.750    -1.0740  27.248056    -1.0737  27.247343     8.2993     8.4592    27.3843    70.0644 1.0000e-12  -74.17536 -113.34424  27.286873      99.99 6.5227e+01     49.814       1197  1027.2959  1027.2948    33.7948    33.7935    8.31050         28 0.0000e+00
     25.000     24.740    -1.0817  27.242384    -1.0802  27.242552     8.2583     8.4178    21.7883    70.4931 1.0000e-12  -74.17536 -113.34424  27.286885      99.98 6.5227e+01     50.864       1222  1027.3012  1027.3000    33.7951    33.7936    8.31219         23 0.0000e+00
     26.000     25.730    -1.0876  27.237990    -1.0869  27.237420     8.2291     8.3885    17.7892    71.0811 1.0000e-12  -74.17536 -113.34424  27.286896      94.03 6.5227e+01     51.839       1245  1027.3063  1027.3049    33.7951    33.7935    8.31350         24 0.0000e+00
     27.000     26.719    -1.0931  27.234451    -1.0888  27.236570     8.1609     8.3251    18.8862    71.1585 1.0000e-12  -74.17536 -113.34424  27.286909      99.95 6.5227e+01     52.913       1271  1027.3118  1027.3099    33.7958    33.7939    8.31467         27 0.0000e+00
     28.000     27.708    -1.0955  27.232385    -1.0942  27.232388     8.0828     8.2494    23.7245    72.5829 1.0000e-12  -74.17536 -113.34424  27.286922      99.94 6.5227e+01     54.032       1298  1027.3160  1027.3148    33.7952    33.7937    8.31526         25 0.0000e+00
     29.000     28.698    -1.1203  27.213095    -1.1212  27.211367     8.0290     8.1979    22.0732    71.4759 1.0000e-12  -74.17536 -113.34424  27.286933      99.98 6.5227e+01     54.993       1321  1027.3230  1027.3219    33.7961    33.7947    8.32070         23 0.0000e+00
     30.000     29.687    -1.1198  27.214160    -1.1201  27.213061     7.9578     8.1352    21.2137    70.9103 1.0000e-12  -74.17536 -113.34424  27.286944      99.88 6.5227e+01     55.988       1345  1027.3277  1027.3268    33.7964    33.7952    8.32058         25 0.0000e+00
     31.000     30.678    -1.1352  27.202568    -1.1336  27.203042     7.8942     8.0764    20.3170    71.6022 1.0000e-12  -74.17536 -113.34424  27.286957      99.96 6.5227e+01     57.092       1371  1027.3340  1027.3330    33.7973    33.7961    8.32395         27 0.0000e+00
     32.000     31.665    -1.1483  27.193227    -1.1464  27.193684     7.8594     8.0410    22.6540    72.5096 1.0000e-12  -74.17536 -113.34424  27.286970      99.95 6.5227e+01     58.216       1398  1027.3405  1027.3392    33.7986    33.7971    8.32678         27 0.0000e+00
     33.000     32.656    -1.1597  27.184307    -1.1562  27.186220     7.8569     8.0228    20.7594    71.5489 1.0000e-12  -74.17536 -113.34424  27.286983      99.90 6.5227e+01     59.329       1425  1027.3458  1027.3445    33.7987    33.7973    8.32932         27 0.0000e+00
     34.000     33.645    -1.1623  27.183137    -1.1604  27.183496     7.8394     8.0003    20.1848    72.6449 1.0000e-12  -74.17536 -113.34424  27.286996      99.91 6.5227e+01     60.471       1452  1027.3510  1027.3496    33.7993    33.7977    8.32984         27 0.0000e+00
     35.000     34.635    -1.1574  27.187710    -1.1547  27.188970     7.8141     7.9679    18.5240    73.7079 1.0000e-12  -74.17536 -113.34424  27.287009      99.82 6.5227e+01     61.596       1479  1027.3553  1027.3542    33.7994    33.7981    8.32875         27 0.0000e+00
     36.000     35.625    -1.1669  27.181319    -1.1654  27.181198     7.7887     7.9277    17.3764    72.7123 1.0000e-12  -74.17536 -113.34424  27.287022      99.68 6.5227e+01     62.699       1506  1027.3616  1027.3602    33.8008    33.7990    8.33078         26 0.0000e+00
     37.000     36.613    -1.1718  27.178371    -1.1710  27.177963     7.7618     7.9017    15.9515    73.8356 1.0000e-12  -74.17536 -113.34424  27.287035      99.64 6.5666e+01     63.808       1532  1027.3673  1027.3661    33.8017    33.8002    8.33183         28 0.0000e+00
     38.000     37.603    -1.1730  27.178391    -1.1730  27.177044     7.7270     7.8714    15.7661    73.2767 1.0000e-12  -74.17536 -113.34424  27.287048      99.70 6.5701e+01     64.939       1560  1027.3726  1027.3712    33.8025    33.8006    8.33205         26 0.0000e+00
     39.000     38.593    -1.1826  27.171016    -1.1806  27.171481     7.7228     7.8687    17.0752    73.5325 1.0000e-12  -74.17536 -113.34424  27.287061      99.82 6.6275e+01     66.050       1586  1027.3779  1027.3766    33.8025    33.8010    8.33417         27 0.0000e+00
     40.000     39.582    -1.1870  27.168367    -1.1853  27.168667     7.7279     7.8714    17.4887    74.1595 1.0000e-12  -74.17536 -113.34424  27.287074      99.71 6.5749e+01     67.167       1613  1027.3834  1027.3821    33.8033    33.8018    8.33512         27 0.0000e+00
     41.000     40.573    -1.1830  27.172101    -1.1812  27.172319     7.7299     7.8738    16.7682    73.3591 1.0000e-12  -74.17536 -113.34424  27.287085      99.73 6.5628e+01     68.187       1637  1027.3877  1027.3863    33.8032    33.8015    8.33423         22 0.0000e+00
     42.000     41.561    -1.1853  27.170702    -1.1826  27.171646     7.7364     7.8777    15.9494    74.0964 1.0000e-12  -74.17536 -113.34424  27.287096      99.85 6.6294e+01     69.117       1660  1027.3927  1027.3911    33.8033    33.8015    8.33474         23 0.0000e+00
     43.000     42.551    -1.1822  27.173827    -1.1814  27.173148     7.7445     7.8750    16.1838    74.8200 1.0000e-12  -74.17536 -113.34424  27.287108      99.69 6.5972e+01     70.147       1685  1027.3973  1027.3958    33.8034    33.8016    8.33404         26 0.0000e+00
     44.000     43.540    -1.1839  27.172780    -1.1840  27.171602     7.7504     7.8766    17.6740    76.4617 1.0000e-12  -74.17536 -113.34424  27.287121      99.62 6.5296e+01     71.227       1710  1027.4020  1027.4009    33.8033    33.8018    8.33442         26 0.0000e+00
     45.000     44.529    -1.1816  27.175117    -1.1804  27.174882     7.7453     7.8710    18.4206    76.4544 1.0000e-12  -74.17536 -113.34424  27.287133      99.69 6.6037e+01     72.307       1736  1027.4066  1027.4052    33.8033    33.8017    8.33392         26 0.0000e+00
     46.000     45.519    -1.1816  27.175665    -1.1804  27.175360     7.7187     7.8451    16.6784    75.6080 1.0000e-12  -74.17536 -113.34424  27.287146      99.59 6.5700e+01     73.400       1763  1027.4114  1027.4099    33.8034    33.8016    8.33391         26 0.0000e+00
     47.000     46.507    -1.1819  27.175669    -1.1805  27.175616     7.6679     7.8030    14.5232    74.7363 1.0000e-12  -74.17536 -113.34424  27.287158      99.48 6.5626e+01     74.415       1787  1027.4160  1027.4146    33.8031    33.8014    8.33399         22 0.0000e+00
     48.000     47.499    -1.1925  27.166809    -1.1935  27.165107     7.6048     7.7510    15.1541    75.2335 1.0000e-12  -74.17536 -113.34424  27.287168      99.63 6.6453e+01     75.334       1809  1027.4208  1027.4199    33.8024    33.8012    8.33640         23 0.0000e+00
     49.000     48.487    -1.2079  27.155719    -1.2069  27.155213     7.5361     7.6843    14.2547    75.1059 1.0000e-12  -74.17536 -113.34424  27.287180      99.67 6.5572e+01     76.342       1833  1027.4277  1027.4262    33.8039    33.8021    8.33974         25 0.0000e+00
     50.000     49.477    -1.2191  27.146167    -1.2179  27.146408     7.4211     7.5657    15.9246    76.6726 1.0000e-12  -74.17536 -113.34424  27.287192      89.03 6.5910e+01     77.413       1859  1027.4322  1027.4313    33.8028    33.8018    8.34231         26 0.0000e+00
     51.000     50.465    -1.2378  27.130916    -1.2374  27.130692     7.2806     7.4300    16.3208    76.6373 1.0000e-12  -74.17536 -113.34424  27.287205      99.52 6.6866e+01     78.479       1884  1027.4377  1027.4371    33.8025    33.8017    8.34651         25 0.0000e+00
     52.000     51.456    -1.2687  27.106904    -1.2676  27.106727     7.1152     7.2895    18.4041    75.1097 1.0000e-12  -74.17536 -113.34424  27.287217      99.55 6.5611e+01     79.541       1910  1027.4452  1027.4440    33.8037    33.8023    8.35333         26 0.0000e+00
     53.000     52.444    -1.2942  27.086041    -1.3061  27.076544     6.9759     7.1671    15.4892    75.0480 1.0000e-12  -74.17536 -113.34424  27.287229      99.34 6.6518e+01     80.611       1936  1027.4510  1027.4521    33.8033    33.8038    8.35907         25 0.0000e+00
     54.000     53.434    -1.3289  27.059225    -1.3214  27.064586     6.8948     7.0861    13.6127    77.5047 1.0000e-12  -74.17536 -113.34424  27.287240      99.35 6.6975e+01     81.535       1958  1027.4590  1027.4577    33.8050    33.8040    8.36673         22 0.0000e+00
     55.000     54.424    -1.3419  27.049790    -1.3416  27.048771     6.8243     7.0216    12.7525    77.4252 1.0000e-12  -74.17536 -113.34424  27.287251      99.41 6.5544e+01     82.506       1981  1027.4651  1027.4637    33.8062    33.8045    8.36959         24 0.0000e+00
     56.000     55.413    -1.3611  27.034831    -1.3594  27.035423     6.7930     6.9757    12.3355    77.9457 1.0000e-12  -74.17536 -113.34424  27.287263      99.40 6.6236e+01     83.552       2006  1027.4711  1027.4700    33.8067    33.8056    8.37387         26 0.0000e+00
     57.000     56.402    -1.3732  27.026112    -1.3691  27.028529     6.8068     6.9587    11.5408    77.4684 1.0000e-12  -74.17536 -113.34424  27.287276      99.38 6.6919e+01     84.626       2032  1027.4770  1027.4757    33.8078    33.8065    8.37653         25 0.0000e+00
     58.000     57.392    -1.3761  27.024271    -1.3752  27.024156     6.8469     6.9600    10.0680    78.7949 1.0000e-12  -74.17536 -113.34424  27.287288      99.38 6.6346e+01     85.682       2057  1027.4816  1027.4807    33.8079    33.8068    8.37716         25 0.0000e+00
     59.000     58.381    -1.3694  27.030190    -1.3769  27.023501     6.9245     6.9991    10.7181    79.6507 1.0000e-12  -74.17536 -113.34424  27.287300      99.47 6.6797e+01     86.755       2083  1027.4856  1027.4855    33.8078    33.8071    8.37566         26 0.0000e+00
     60.000     59.371    -1.3666  27.034161    -1.3735  27.027151     6.9400     7.0197    10.7927    81.3861 1.0000e-12  -74.17536 -113.34424  27.287313      99.47 6.6204e+01     87.837       2109  1027.4912  1027.4902    33.8095    33.8077    8.37494         27 0.0000e+00
     61.000     60.359    -1.3463  27.048682    -1.3551  27.041379     6.9079     7.0087    10.0269    81.6640 1.0000e-12  -74.17536 -113.34424  27.287325      99.38 6.6424e+01     88.910       2135  1027.4917  1027.4922    33.8059    33.8058    8.37060         25 0.0000e+00
     62.000     61.349    -1.3672  27.033622    -1.3644  27.034548     6.8543     6.9648    10.1912    81.3200 1.0000e-12  -74.17536 -113.34424  27.287338      99.38 6.6786e+01     89.979       2161  1027.4995  1027.4977    33.8082    33.8063    8.37515         26 0.0000e+00
     63.000     62.340    -1.3674  27.033765    -1.3708  27.030321     6.7905     6.9141    10.0425    82.2284 1.0000e-12  -74.17536 -113.34424  27.287350      96.18 6.5766e+01     91.066       2187  1027.5039  1027.5035    33.8079    33.8071    8.37520         26 0.0000e+00
     64.000     63.327    -1.3845  27.020994    -1.3813  27.022697     6.7579     6.8840     9.3092    82.6566 1.0000e-12  -74.17536 -113.34424  27.287363      99.43 6.6707e+01     92.125       2212  1027.5107  1027.5093    33.8092    33.8079    8.37900         25 0.0000e+00
     65.000     64.316    -1.3909  27.017079    -1.3891  27.017582     6.7553     6.8737     8.3692    83.3527 1.0000e-12  -74.17536 -113.34424  27.287375      99.49 6.6854e+01     93.185       2237  1027.5166  1027.5154    33.8104    33.8091    8.38035         26 0.0000e+00
     66.000     65.307    -1.3896  27.018417    -1.3898  27.017275     6.7556     6.8625     8.2098    81.7112 1.0000e-12  -74.17536 -113.34424  27.287387      99.46 6.5908e+01     94.267       2263  1027.5209  1027.5198    33.8102    33.8087    8.38008         26 0.0000e+00
