ocean_section_plots/required_files/ctd/dnbp2202_ctd074.cnv
* Sea-Bird SBE 9 Data File:
* FileName = D:\Data\raw\NBP2202_CTD074.hex
* Software Version Seasave V 7.26.7.121
* Temperature SN = 1649
* Conductivity SN = 2513
* Number of Bytes Per Scan = 40
* Number of Voltage Words = 5
* Number of Scans Averaged by the Deck Unit = 1
* NMEA Latitude = 74 01.09 S
* NMEA Longitude = 112 59.02 W
* NMEA UTC (Time) = Jan 26 2022  09:44:02
* NMEA baud rate = 9600
** Ship: RVIB N.B. Palmer
** Cruise: NBP2202 Thwaites
** Station: 55
** Operator: B Bjork
# nquan = 25
# nvalues = 553                         
# units = specified
# name 0 = prDM: Pressure, Digiquartz [db]
# name 1 = depSM: Depth [salt water, m]
# name 2 = t090C: Temperature [ITS-90, deg C]
# name 3 = c0mS/cm: Conductivity [mS/cm]
# name 4 = t190C: Temperature, 2 [ITS-90, deg C]
# name 5 = c1mS/cm: Conductivity, 2 [mS/cm]
# name 6 = sbeox0ML/L: Oxygen, SBE 43 [ml/l]
# name 7 = sbeox1ML/L: Oxygen, SBE 43, 2 [ml/l]
# name 8 = flECO-AFL: Fluorescence, WET Labs ECO-AFL/FL [mg/m^3]
# name 9 = CStarTr0: Beam Transmission, WET Labs C-Star [%]
# name 10 = par: PAR/Irradiance, Biospherical/Licor
# name 11 = latitude: Latitude [deg]
# name 12 = longitude: Longitude [deg]
# name 13 = timeJ: Julian Days
# name 14 = altM: Altimeter [m]
# name 15 = spar: SPAR, Biospherical/Licor
# name 16 = timeS: Time, Elapsed [seconds]
# name 17 = scan: Scan Count
# name 18 = density00: Density [density, kg/m^3]
# name 19 = density11: Density, 2 [density, kg/m^3]
# name 20 = sal00: Salinity, Practical [PSU]
# name 21 = sal11: Salinity, Practical, 2 [PSU]
# name 22 = oxsolML/L: Oxygen Saturation, Garcia & Gordon [ml/l]
# name 23 = nbin: number of scans per bin
# name 24 = flag: flag
# span 0 =      2.000,    554.000       
# span 1 =      1.977,    547.540       
# span 2 =    -1.4998,     0.1617       
# span 3 =  27.082825,  28.979592       
# span 4 =    -1.5001,     0.1636       
# span 5 =  27.082735,  28.979236       
# span 6 =     4.7160,     9.0079       
# span 7 =     4.8215,     9.2815       
# span 8 =    -0.0179,    29.4361       
# span 9 =    65.4657,    95.5647       
# span 10 = 1.0000e-12, 3.5673e+01      
# span 11 =  -74.01828,  -74.01828      
# span 12 = -112.98380, -112.98376      
# span 13 =  26.407207,  26.415370      
# span 14 =       4.88,     100.87      
# span 15 = 1.3075e+02, 1.3372e+02      
# span 16 =    140.642,    846.014      
# span 17 =       3376,      20305      
# span 18 =  1027.1913,  1030.2435      
# span 19 =  1027.1948,  1030.2412      
# span 20 =    33.8146,    34.4085      
# span 21 =    33.8182,    34.4059      
# span 22 =    8.00956,    8.39292      
# span 23 =         20,         49      
# span 24 = 0.0000e+00, 0.0000e+00      
# interval = decibars: 1                
# start_time = Jan 26 2022 09:44:02 [NMEA time, header]
# bad_flag = -9.990e-29
*END*
[from data line 290]
    292.000    288.775    -1.3055  27.425820    -1.3037  27.426274     6.1534     6.3035     0.0571    95.4242 1.0000e-12  -74.01828 -112.98380  26.411569      90.57 1.3222e+02    517.533      12422  1028.8615  1028.8603    34.1340    34.1326    8.34200         26 0.0000e+00
    293.000    289.767    -1.3018  27.429446    -1.3011  27.429076     6.1584     6.3176     0.0401    95.4867 1.0000e-12  -74.01828 -112.98380  26.411581      99.85 1.3222e+02    518.609      12448  1028.8663  1028.8652    34.1341    34.1328    8.34117         26 0.0000e+00
    294.000    290.752    -1.3044  27.427366    -1.3049  27.426194     6.1566     6.3089     0.2029    95.4834 1.0000e-12  -74.01828 -112.98380  26.411594      99.81 1.3222e+02    519.681      12473  1028.8709  1028.8701    34.1336    34.1325    8.34178         26 0.0000e+00
    295.000    291.740    -1.3045  27.427613    -1.3035  27.427602     6.1502     6.3113     0.1311    95.4884 1.0000e-12  -74.01828 -112.98380  26.411606      99.81 1.3222e+02    520.781      12500  1028.8757  1028.8747    34.1335    34.1323    8.34182         26 0.0000e+00
    296.000    292.729    -1.3021  27.430455    -1.3017  27.429756     6.1513     6.3096     0.0429    95.4617 1.0000e-12  -74.01828 -112.98380  26.411619      99.81 1.3222e+02    521.876      12526  1028.8808  1028.8796    34.1339    34.1325    8.34124         27 0.0000e+00
    297.000    293.717    -1.3001  27.432671    -1.2998  27.431990     6.1532     6.3067     0.0924    95.4675 1.0000e-12  -74.01828 -112.98380  26.411632      99.81 1.3222e+02    522.964      12552  1028.8856  1028.8846    34.1342    34.1328    8.34079         26 0.0000e+00
    298.000    294.706    -1.3009  27.432547    -1.3003  27.432113     6.1528     6.3101     0.0761    95.4369 1.0000e-12  -74.01828 -112.98380  26.411644      99.82 1.3222e+02    524.041      12578  1028.8906  1028.8895    34.1342    34.1329    8.34096         25 0.0000e+00
    299.000    295.693    -1.3021  27.431970    -1.3014  27.431601     6.1556     6.3051     0.0644    95.4962 1.0000e-12  -74.01828 -112.98380  26.411656      99.81 1.3222e+02    525.103      12603  1028.8955  1028.8945    34.1342    34.1329    8.34123         26 0.0000e+00
    300.000    296.682    -1.3036  27.431171    -1.3026  27.431152     6.1537     6.3083     0.0729    95.4223 1.0000e-12  -74.01828 -112.98380  26.411669      99.82 1.3222e+02    526.183      12629  1028.9004  1028.8995    34.1341    34.1330    8.34156         26 0.0000e+00
    301.000    297.670    -1.3039  27.431449    -1.3031  27.431123     6.1483     6.3102     0.0608    95.3685 1.0000e-12  -74.01828 -112.98380  26.411682      99.81 1.3222e+02    527.307      12656  1028.9054  1028.9042    34.1343    34.1329    8.34162         27 0.0000e+00
    302.000    298.658    -1.3039  27.431825    -1.3033  27.431335     6.1493     6.3107     0.0441    95.5200 1.0000e-12  -74.01828 -112.98380  26.411695      99.82 1.3222e+02    528.432      12683  1028.9101  1028.9090    34.1342    34.1329    8.34164         27 0.0000e+00
    303.000    299.648    -1.3032  27.432750    -1.3029  27.432166     6.1477     6.3003     0.0815    95.4479 1.0000e-12  -74.01828 -112.98380  26.411708      84.79 1.3222e+02    529.535      12710  1028.9148  1028.9138    34.1341    34.1329    8.34149         26 0.0000e+00
    304.000    300.634    -1.3029  27.433828    -1.3011  27.434422     6.1413     6.2986     0.0623    95.5147 1.0000e-12  -74.01828 -112.98380  26.411720      99.94 1.3222e+02    530.614      12736  1028.9199  1028.9188    34.1346    34.1333    8.34139         26 0.0000e+00
    305.000    301.624    -1.2982  27.438462    -1.2968  27.438696     6.1422     6.2990     0.0376    95.5245 1.0000e-12  -74.01828 -112.98380  26.411732      99.81 1.3222e+02    531.671      12761  1028.9247  1028.9236    34.1349    34.1337    8.34031         25 0.0000e+00
    306.000    302.611    -1.2937  27.442897    -1.2932  27.442387     6.1408     6.2915     0.0379    95.5043 1.0000e-12  -74.01828 -112.98380  26.411745      99.81 1.3222e+02    532.726      12786  1028.9294  1028.9284    34.1352    34.1340    8.33929         26 0.0000e+00
    307.000    303.600    -1.2928  27.444209    -1.2925  27.443448     6.1384     6.2915     0.0525    95.5075 1.0000e-12  -74.01828 -112.98380  26.411757      99.81 1.3222e+02    533.831      12813  1028.9343  1028.9332    34.1354    34.1340    8.33907         27 0.0000e+00
    308.000    304.587    -1.2928  27.444554    -1.2920  27.444286     6.1360     6.2949     0.0517    95.5131 1.0000e-12  -74.01828 -112.98380  26.411770      99.82 1.3222e+02    534.947      12840  1028.9390  1028.9379    34.1352    34.1340    8.33908         27 0.0000e+00
    309.000    305.576    -1.2919  27.445729    -1.2918  27.444880     6.1302     6.2886     0.0366    95.5233 1.0000e-12  -74.01828 -112.98380  26.411783      99.81 1.3222e+02    536.038      12866  1028.9438  1028.9428    34.1353    34.1340    8.33889         25 0.0000e+00
    310.000    306.565    -1.2898  27.448278    -1.2882  27.448513     6.1073     6.2622     0.0439    95.5051 1.0000e-12  -74.01828 -112.98380  26.411795      99.81 1.3222e+02    537.113      12892  1028.9489  1028.9476    34.1358    34.1342    8.33840         26 0.0000e+00
    311.000    307.553    -1.2729  27.464568    -1.2719  27.463462     6.0785     6.2294     0.0545    95.5329 1.0000e-12  -74.01828 -112.98380  26.411808      99.81 1.3222e+02    538.186      12917  1028.9545  1028.9523    34.1382    34.1356    8.33447         26 0.0000e+00
    312.000    308.540    -1.2440  27.491334    -1.2429  27.490346     6.0629     6.2193     0.0509    95.5062 1.0000e-12  -74.01828 -112.98380  26.411820      99.81 1.3222e+02    539.271      12943  1028.9599  1028.9578    34.1415    34.1388    8.32785         26 0.0000e+00
    313.000    309.529    -1.2303  27.504387    -1.2296  27.503705     6.0563     6.2093     0.0453    95.4782 1.0000e-12  -74.01828 -112.98380  26.411833      99.82 1.3222e+02    540.364      12970  1028.9653  1028.9638    34.1430    34.1413    8.32469         27 0.0000e+00
    314.000    310.517    -1.2308  27.504807    -1.2298  27.504372     6.0470     6.2046     0.0519    95.4168 1.0000e-12  -74.01828 -112.98380  26.411846      99.82 1.3222e+02    541.466      12996  1028.9707  1028.9693    34.1436    34.1419    8.32477         26 0.0000e+00
    315.000    311.504    -1.2263  27.509890    -1.2253  27.509355     6.0449     6.1991     0.0465    95.5075 1.0000e-12  -74.01828 -112.98380  26.411858      93.70 1.3222e+02    542.549      13022  1028.9764  1028.9748    34.1449    34.1430    8.32371         25 0.0000e+00
    316.000    312.493    -1.2150  27.520822    -1.2143  27.520192     6.0362     6.1939     0.0334    95.5075 1.0000e-12  -74.01828 -112.98380  26.411871      93.24 1.3222e+02    543.631      13048  1028.9817  1028.9804    34.1463    34.1447    8.32110         27 0.0000e+00
    317.000    313.482    -1.2117  27.524781    -1.2104  27.524701     6.0293     6.1808     0.0351    95.5466 1.0000e-12  -74.01828 -112.98380  26.411883      99.78 1.3222e+02    544.723      13074  1028.9873  1028.9859    34.1474    34.1457    8.32031         26 0.0000e+00
    318.000    314.470    -1.2059  27.530926    -1.2047  27.530642     6.0319     6.1777     0.0421    95.5213 1.0000e-12  -74.01828 -112.98380  26.411896      99.81 1.3183e+02    545.793      13100  1028.9929  1028.9913    34.1486    34.1468    8.31895         25 0.0000e+00
    319.000    315.457    -1.2034  27.533864    -1.2033  27.532811     6.0338     6.1809     0.0505    95.4293 1.0000e-12  -74.01828 -112.98380  26.411908      99.81 1.3170e+02    546.864      13126  1028.9980  1028.9968    34.1491    34.1476    8.31835         27 0.0000e+00
    320.000    316.445    -1.2061  27.531945    -1.2059  27.531137     6.0187     6.1754     0.0478    95.5170 1.0000e-12  -74.01828 -112.98380  26.411921      99.82 1.3201e+02    547.965      13152  1029.0031  1029.0019    34.1490    34.1476    8.31897         26 0.0000e+00
    321.000    317.433    -1.2084  27.530714    -1.2066  27.531130     6.0067     6.1618     0.0384    95.5441 1.0000e-12  -74.01828 -112.98380  26.411934      99.81 1.3181e+02    549.073      13179  1029.0084  1029.0071    34.1493    34.1478    8.31947         26 0.0000e+00
    322.000    318.423    -1.1874  27.551076    -1.1870  27.549770     5.9976     6.1525     0.0391    95.5078 1.0000e-12  -74.01828 -112.98380  26.411946      99.81 1.3161e+02    550.158      13205  1029.0144  1029.0126    34.1526    34.1503    8.31459         26 0.0000e+00
    323.000    319.410    -1.1835  27.554767    -1.1840  27.552968     5.9862     6.1354     0.0516    95.4222 1.0000e-12  -74.01828 -112.98378  26.411959      99.82 1.3194e+02    551.224      13230  1029.0191  1029.0176    34.1526    34.1507    8.31373         25 0.0000e+00
    324.000    320.398    -1.1747  27.564384    -1.1744  27.563098     5.9808     6.1325     0.0557    95.5578 1.0000e-12  -74.01828 -112.98380  26.411971      99.81 1.3160e+02    552.288      13256  1029.0255  1029.0237    34.1552    34.1530    8.31163         26 0.0000e+00
    325.000    321.386    -1.1705  27.569639    -1.1697  27.568932     5.9822     6.1323     0.0423    95.5387 1.0000e-12  -74.01828 -112.98378  26.411983      99.82 1.3175e+02    553.367      13282  1029.0315  1029.0300    34.1569    34.1551    8.31058         26 0.0000e+00
    326.000    322.375    -1.1701  27.570228    -1.1694  27.569728     5.9807     6.1279     0.0386    95.5361 1.0000e-12  -74.01828 -112.98380  26.411996      99.81 1.3170e+02    554.465      13308  1029.0363  1029.0350    34.1567    34.1552    8.31051         27 0.0000e+00
    327.000    323.363    -1.1702  27.570844    -1.1694  27.570287     5.9811     6.1287     0.0395    95.5471 1.0000e-12  -74.01828 -112.98379  26.412009      75.66 1.3172e+02    555.543      13334  1029.0414  1029.0401    34.1570    34.1554    8.31051         25 0.0000e+00
    328.000    324.350    -1.1696  27.572781    -1.1688  27.572187     5.9639     6.1177     0.0393    95.5557 1.0000e-12  -74.01828 -112.98379  26.412021      91.93 1.3229e+02    556.605      13360  1029.0474  1029.0460    34.1584    34.1567    8.31030         26 0.0000e+00
    329.000    325.339    -1.1671  27.576613    -1.1662  27.576129     5.9332     6.0948     0.1157    95.5231 1.0000e-12  -74.01828 -112.98379  26.412033      99.37 1.3202e+02    557.687      13385  1029.0535  1029.0520    34.1602    34.1585    8.30965         26 0.0000e+00
    330.000    326.327    -1.1470  27.598845    -1.1456  27.598184     5.8835     6.0484     0.1675    95.5201 1.0000e-12  -74.01828 -112.98379  26.412046      99.81 1.3167e+02    558.776      13412  1029.0625  1029.0604    34.1670    34.1646    8.30477         26 0.0000e+00
    331.000    327.316    -1.1204  27.625982    -1.1189  27.624805     5.8211     5.9849     0.0316    95.5240 1.0000e-12  -74.01828 -112.98379  26.412058      99.81 1.3154e+02    559.848      13437  1029.0705  1029.0677    34.1733    34.1699    8.29852         26 0.0000e+00
    332.000    328.302    -1.0816  27.662464    -1.0802  27.661475     5.7849     5.9612     0.0461    95.5432 1.0000e-12  -74.01828 -112.98379  26.412071      99.82 1.3119e+02    560.902      13463  1029.0768  1029.0743    34.1784    34.1754    8.28965         24 0.0000e+00
    333.000    329.292    -1.0509  27.691935    -1.0501  27.689923     5.7230     5.9069     0.0397    95.5408 1.0000e-12  -74.01828 -112.98378  26.412082      99.82 1.3152e+02    561.928      13487  1029.0834  1029.0804    34.1831    34.1794    8.28258         25 0.0000e+00
    334.000    330.279    -1.0146  27.725079    -1.0144  27.722971     5.6263     5.8061     0.0412    95.5481 1.0000e-12  -74.01828 -112.98378  26.412094      99.82 1.3151e+02    562.955      13512  1029.0886  1029.0861    34.1863    34.1833    8.27438         25 0.0000e+00
    335.000    331.267    -0.9541  27.783558    -0.9483  27.783393     5.5454     5.7262     0.0480    95.5647 1.0000e-12  -74.01828 -112.98378  26.412107      99.81 1.3165e+02    564.009      13537  1029.0975  1029.0917    34.1966    34.1898    8.26048         25 0.0000e+00
    336.000    332.256    -0.8541  27.873891    -0.8506  27.873835     5.5061     5.6808     0.0412    95.5566 1.0000e-12  -74.01828 -112.98378  26.412119      99.81 1.3168e+02    565.074      13563  1029.1025  1029.0990    34.2053    34.2013    8.23806         26 0.0000e+00
    337.000    333.243    -0.8281  27.897929    -0.8263  27.897120     5.4945     5.6531     0.0517    95.5449 1.0000e-12  -74.01828 -112.98378  26.412131      99.81 1.3161e+02    566.144      13588  1029.1083  1029.1056    34.2079    34.2047    8.23223         26 0.0000e+00
    338.000    334.231    -0.8137  27.912984    -0.8124  27.911303     5.4940     5.6444     0.0799    95.5389 1.0000e-12  -74.01828 -112.98378  26.412144      99.82 1.3147e+02    567.228      13614  1029.1156  1029.1126    34.2113    34.2076    8.22888         26 0.0000e+00
    339.000    335.218    -0.7909  27.936633    -0.7900  27.935693     5.4996     5.6448     0.0325    95.4847 1.0000e-12  -74.01828 -112.98378  26.412156      99.81 1.3165e+02    568.282      13640  1029.1240  1029.1220    34.2169    34.2146    8.22359         25 0.0000e+00
    340.000    336.208    -0.7947  27.934812    -0.7936  27.934003     5.5102     5.6496     0.0429    95.5010 1.0000e-12  -74.01828 -112.98376  26.412168      83.58 1.3141e+02    569.301      13664  1029.1307  1029.1288    34.2181    34.2158    8.22433         24 0.0000e+00
    341.000    337.196    -0.7985  27.932180    -0.7972  27.931771     5.5188     5.6610     0.0353    95.5214 1.0000e-12  -74.01828 -112.98378  26.412179      97.05 1.3156e+02    570.307      13688  1029.1366  1029.1349    34.2182    34.2162    8.22516         24 0.0000e+00
    342.000    338.182    -0.8012  27.930329    -0.7997  27.929881     5.5266     5.6662     0.0480    95.5368 1.0000e-12  -74.01828 -112.98376  26.412191      99.84 1.3126e+02    571.324      13713  1029.1420  1029.1401    34.2181    34.2159    8.22574         24 0.0000e+00
    343.000    339.172    -0.8013  27.930639    -0.8001  27.929921     5.5288     5.6714     0.0563    95.4211 1.0000e-12  -74.01828 -112.98376  26.412203      99.81 1.3134e+02    572.363      13738  1029.1472  1029.1453    34.2181    34.2158    8.22577         26 0.0000e+00
    344.000    340.160    -0.8019  27.930407    -0.8004  27.930133     5.5304     5.6638     0.0468    95.5169 1.0000e-12  -74.01828 -112.98376  26.412216      99.82 1.3154e+02    573.424      13763  1029.1522  1029.1505    34.2179    34.2159    8.22593         26 0.0000e+00
    345.000    341.147    -0.8027  27.930204    -0.8015  27.929629     5.5236     5.6550     0.0431    95.5081 1.0000e-12  -74.01828 -112.98376  26.412228      99.82 1.3109e+02    574.483      13789  1029.1574  1029.1556    34.2179    34.2157    8.22609         25 0.0000e+00
    346.000    342.135    -0.7990  27.934697    -0.7983  27.933353     5.5250     5.6489     0.0430    95.4979 1.0000e-12  -74.01828 -112.98376  26.412240      99.81 1.3111e+02    575.525      13814  1029.1632  1029.1610    34.2191    34.2165    8.22521         24 0.0000e+00
    347.000    343.124    -0.7933  27.940259    -0.7916  27.940056     5.5210     5.6460     0.0478    95.5049 1.0000e-12  -74.01828 -112.98376  26.412252      99.81 1.3166e+02    576.560      13838  1029.1682  1029.1663    34.2197    34.2174    8.22395         25 0.0000e+00
    348.000    344.112    -0.7900  27.943970    -0.7891  27.943046     5.5181     5.6475     0.0462    95.5214 1.0000e-12  -74.01828 -112.98376  26.412264      99.81 1.3144e+02    577.588      13863  1029.1734  1029.1716    34.2203    34.2181    8.22318         25 0.0000e+00
