ocean_section_plots/required_files/ctd/dnbp2202_ctd099.cnv
* Sea-Bird SBE 9 Data File:
* FileName = D:\Data\raw\NBP2202_CTD099.hex
* Software Version Seasave V 7.26.7.121
* Temperature SN = 1649
* Conductivity SN = 2513
* Number of Bytes Per Scan = 40
* Number of Voltage Words = 5
* Number of Scans Averaged by the Deck Unit = 1
* NMEA Latitude = 74 10.51 S
* NMEA Longitude = 113 20.67 W
* NMEA UTC (Time) = Jan 27 2022  01:57:22
* NMEA baud rate = 9600
** Ship: RVIB N.B. Palmer
** Cruise: NBP2202 Thwaites
** Station: YoYo001
** Operator: A. Robinson
# nquan = 25
# nvalues = 608                         
# units = specified
# name 0 = prDM: Pressure, Digiquartz [db]
# name 1 = depSM: Depth [salt water, m]
# name 2 = t090C: Temperature [ITS-90, deg C]
# name 3 = c0mS/cm: Conductivity [mS/cm]
# name 4 = t190C: Temperature, 2 [ITS-90, deg C]
# name 5 = c1mS/cm: Conductivity, 2 [mS/cm]
# name 6 = sbeox0ML/L: Oxygen, SBE 43 [ml/l]
# name 7 = sbeox1ML/L: Oxygen, SBE 43, 2 [ml/l]
# name 8 = flECO-AFL: Fluorescence, WET Labs ECO-AFL/FL [mg/m^3]
# name 9 = CStarTr0: Beam Transmission, WET Labs C-Star [%]
# name 10 = par: PAR/Irradiance, Biospherical/Licor
# name 11 = latitude: Latitude [deg]
# name 12 = longitude: Longitude [deg]
# name 13 = timeJ: Julian Days
# name 14 = altM: Altimeter [m]
# name 15 = spar: SPAR, Biospherical/Licor
# name 16 = timeS: Time, Elapsed [seconds]
# name 17 = scan: Scan Count
# name 18 = density00: Density [density, kg/m^3]
# name 19 = density11: Density, 2 [density, kg/m^3]
# name 20 = sal00: Salinity, Practical [PSU]
# name 21 = sal11: Salinity, Practical, 2 [PSU]
# name 22 = oxsolML/L: Oxygen Saturation, Garcia & Gordon [ml/l]
# name 23 = nbin: number of scans per bin
# name 24 = flag: flag
# span 0 =     10.000,    617.000       
# span 1 =      9.896,    609.699       
# span 2 =    -1.5104,     0.0775       
# span 3 =  26.938711,  28.912769       
# span 4 =    -1.5091,     0.0793       
# span 5 =  26.178403,  28.380050       
# span 6 =     4.6876,     7.9032       
# span 7 =     4.7579,     7.9371       
# span 8 =    -0.0224,    23.3944       
# span 9 =    73.5966,    95.5919       
# span 10 = 1.0000e-12, 3.2199e+01      
# span 11 =  -74.17528,  -74.17528      
# span 12 = -113.34460, -113.34456      
# span 13 =  27.082187,  27.091685      
# span 14 =       4.92,     100.40      
# span 15 = 5.2925e+02, 1.5803e+03      
# span 16 =     58.946,    879.548      
# span 17 =       1416,      21110      
# span 18 =  1027.2343,  1030.5212      
# span 19 =  1026.2546,  1029.9591      
# span 20 =    33.7974,    34.3789      
# span 21 =    32.5920,    33.6770      
# span 22 =    8.02884,    8.40650      
# span 23 =          7,         49      
# span 24 = 0.0000e+00, 0.0000e+00      
# interval = decibars: 1                
# start_time = Jan 27 2022 01:57:22 [NMEA time, header]
# bad_flag = -9.990e-29
*END*
[from data line 116]
    126.000    124.658    -1.2851  27.194211    -1.2830  26.451626     5.2540     5.3512    -0.0015    95.4154 1.0000e-12  -74.17528 -113.34458  27.084311      99.86 1.5481e+03    242.514       5821  1027.8729  1027.0462    33.8960    32.8759    8.35154         28 0.0000e+00
    127.000    125.647    -1.2810  27.198836    -1.2804  26.456071     5.2659     5.3556    -0.0146    95.4104 1.0000e-12  -74.17528 -113.34458  27.084325      99.87 1.5496e+03    243.672       5849  1027.8784  1027.0531    33.8971    32.8785    8.35056         28 0.0000e+00
    128.000    126.634    -1.2808  27.199363    -1.2794  26.458043     5.2844     5.3693    -0.0142    95.3967 1.0000e-12  -74.17528 -113.34458  27.084338      97.98 1.5486e+03    244.837       5877  1027.8833  1027.0588    33.8970    32.8795    8.35052         28 0.0000e+00
    129.000    127.626    -1.2892  27.192999    -1.2879  26.453494     5.2983     5.3749    -0.0121    95.3940 1.0000e-12  -74.17528 -113.34458  27.084352      99.51 1.5483e+03    245.983       5905  1027.8889  1027.0664    33.8971    32.8820    8.35239         27 0.0000e+00
    130.000    128.614    -1.2975  27.187347    -1.2959  26.448516     5.3086     5.3908     0.0015    95.3579 1.0000e-12  -74.17528 -113.34458  27.084365      99.87 1.5496e+03    247.120       5932  1027.8951  1027.0727    33.8981    32.8833    8.35418         27 0.0000e+00
    131.000    129.603    -1.2977  27.187603    -1.2966  26.448384     5.3035     5.3871     0.0096    95.4304 1.0000e-12  -74.17528 -113.34458  27.084378      99.86 1.5479e+03    248.269       5959  1027.8999  1027.0777    33.8981    32.8834    8.35424         28 0.0000e+00
    132.000    130.592    -1.2985  27.187627    -1.2974  26.448591     5.3142     5.3936    -0.0088    95.4570 1.0000e-12  -74.17528 -113.34458  27.084391      99.86 1.5477e+03    249.419       5987  1027.9050  1027.0830    33.8984    32.8839    8.35439         27 0.0000e+00
    133.000    131.582    -1.2962  27.189858    -1.2944  26.451923     5.3215     5.4045    -0.0106    95.4442 1.0000e-12  -74.17528 -113.34458  27.084405      57.30 1.5492e+03    250.576       6015  1027.9096  1027.0882    33.8982    32.8846    8.35389         28 0.0000e+00
    134.000    132.569    -1.3026  27.186265    -1.3011  26.448768     5.3187     5.4047    -0.0114    95.4611 1.0000e-12  -74.17528 -113.34458  27.084418     100.40 1.5477e+03    251.744       6043  1027.9162  1027.0954    33.8999    32.8870    8.35522         28 0.0000e+00
    135.000    133.560    -1.2994  27.190481    -1.2986  26.452295     5.3235     5.4065    -0.0145    95.4549 1.0000e-12  -74.17528 -113.34458  27.084432      99.87 1.5474e+03    252.893       6070  1027.9220  1027.1012    33.9015    32.8885    8.35442         27 0.0000e+00
    136.000    134.548    -1.2984  27.191947    -1.2991  26.452677     5.3184     5.4122    -0.0193    95.4433 1.0000e-12  -74.17528 -113.34458  27.084445      99.86 1.5490e+03    254.031       6098  1027.9270  1027.1065    33.9017    32.8890    8.35417         28 0.0000e+00
    137.000    135.538    -1.3001  27.191026    -1.2989  26.454401     5.3004     5.4044     0.0059    95.4455 1.0000e-12  -74.17528 -113.34458  27.084458      99.87 1.5489e+03    255.167       6125  1027.9319  1027.1125    33.9018    32.8904    8.35455         27 0.0000e+00
    138.000    136.526    -1.2924  27.199178    -1.2937  26.459588     5.2832     5.3896    -0.0104    95.4379 1.0000e-12  -74.17528 -113.34458  27.084471      99.87 1.5479e+03    256.316       6153  1027.9377  1027.1176    33.9036    32.8913    8.35272         28 0.0000e+00
    139.000    137.515    -1.2827  27.208229    -1.2836  26.469988     5.2898     5.3883    -0.0167    95.4532 1.0000e-12  -74.17528 -113.34458  27.084485      89.79 1.5489e+03    257.461       6180  1027.9426  1027.1238    33.9044    32.8937    8.35050         27 0.0000e+00
    140.000    138.504    -1.2845  27.207294    -1.2841  26.471751     5.2756     5.3813    -0.0203    95.4680 1.0000e-12  -74.17528 -113.34458  27.084498      99.78 1.5495e+03    258.620       6208  1027.9477  1027.1306    33.9046    32.8961    8.35090         29 0.0000e+00
    141.000    139.494    -1.2825  27.209854    -1.2784  26.477026     5.2426     5.3497    -0.0159    95.4571 1.0000e-12  -74.17528 -113.34458  27.084511      99.86 1.5477e+03    259.777       6236  1027.9529  1027.1355    33.9052    32.8965    8.35041         27 0.0000e+00
    142.000    140.482    -1.2507  27.241753    -1.2500  26.502504     5.2299     5.3335    -0.0150    95.4263 1.0000e-12  -74.17528 -113.34458  27.084525      99.87 1.5487e+03    260.922       6263  1027.9614  1027.1411    33.9123    32.8995    8.34288         27 0.0000e+00
    143.000    141.471    -1.2264  27.264844    -1.2252  26.527759     5.2151     5.3198    -0.0002    95.4535 1.0000e-12  -74.17528 -113.34458  27.084538      99.87 1.5496e+03    262.061       6290  1027.9677  1027.1499    33.9158    32.9061    8.33725         28 0.0000e+00
    144.000    142.460    -1.2254  27.266402    -1.2241  26.530905     5.1886     5.2961    -0.0064    95.4512 1.0000e-12  -74.17528 -113.34458  27.084551      99.87 1.5483e+03    263.210       6318  1027.9730  1027.1569    33.9162    32.9086    8.33701         27 0.0000e+00
    145.000    143.450    -1.1956  27.297338    -1.1973  26.555889     5.1804     5.2862    -0.0129    95.4563 1.0000e-12  -74.17528 -113.34458  27.084564      99.87 1.5486e+03    264.354       6345  1027.9825  1027.1635    33.9242    32.9126    8.32989         28 0.0000e+00
    146.000    144.437    -1.1649  27.329836    -1.1636  26.590791     5.1560     5.2639    -0.0012    95.4293 1.0000e-12  -74.17528 -113.34458  27.084578      99.86 1.5502e+03    265.502       6373  1027.9930  1027.1746    33.9334    32.9226    8.32252         27 0.0000e+00
    147.000    145.427    -1.1460  27.349435    -1.1452  26.609876     5.1474     5.2421    -0.0122    95.4453 1.0000e-12  -74.17528 -113.34458  27.084591      99.87 1.5488e+03    266.651       6401  1028.0008  1027.1829    33.9381    32.9279    8.31803         28 0.0000e+00
    148.000    146.416    -1.1140  27.383056    -1.1131  26.641585     5.1732     5.2568    -0.0032    95.4237 1.0000e-12  -74.17528 -113.34458  27.084604      99.87 1.5490e+03    267.783       6428  1028.0113  1027.1920    33.9473    32.9352    8.31039         27 0.0000e+00
    149.000    147.403    -1.1143  27.384515    -1.1114  26.648861     5.2347     5.2950    -0.0168    95.4314 1.0000e-12  -74.17528 -113.34458  27.084617      99.87 1.5507e+03    268.933       6455  1028.0180  1027.2032    33.9490    32.9426    8.31036         28 0.0000e+00
    150.000    148.395    -1.1387  27.365051    -1.1384  26.630183     5.3003     5.3493    -0.0049    95.4235 1.0000e-12  -74.17528 -113.34458  27.084631      99.87 1.5490e+03    270.093       6483  1028.0251  1027.2130    33.9494    32.9462    8.31575         27 0.0000e+00
    151.000    149.383    -1.1785  27.332252    -1.1768  26.600616     5.3585     5.4126    -0.0077    95.4046 1.0000e-12  -74.17528 -113.34458  27.084644      93.61 1.5492e+03    271.241       6511  1028.0324  1027.2215    33.9489    32.9475    8.32463         28 0.0000e+00
    152.000    150.371    -1.2062  27.308770    -1.2059  26.577131     5.3997     5.4580    -0.0148    95.4189 1.0000e-12  -74.17528 -113.34458  27.084657      99.92 1.5509e+03    272.385       6538  1028.0379  1027.2276    33.9475    32.9468    8.33087         27 0.0000e+00
    153.000    151.361    -1.2360  27.284114    -1.2348  26.553954     5.4269     5.4919    -0.0145    95.4176 1.0000e-12  -74.17528 -113.34458  27.084671      99.87 1.5498e+03    273.532       6566  1028.0441  1027.2337    33.9469    32.9464    8.33756         28 0.0000e+00
    154.000    152.350    -1.2493  27.274044    -1.2484  26.543612     5.4304     5.5089    -0.0180    95.4293 1.0000e-12  -74.17528 -113.34458  27.084684      99.87 1.5497e+03    274.667       6593  1028.0500  1027.2393    33.9475    32.9466    8.34049         27 0.0000e+00
    155.000    153.338    -1.2498  27.274979    -1.2488  26.544576     5.4191     5.5038    -0.0177    95.4476 1.0000e-12  -74.17528 -113.34458  27.084697      99.86 1.5496e+03    275.803       6620  1028.0556  1027.2448    33.9487    32.9477    8.34052         27 0.0000e+00
    156.000    154.327    -1.2403  27.284412    -1.2393  26.553362     5.3883     5.4798    -0.0098    95.4512 1.0000e-12  -74.17528 -113.34458  27.084710      99.87 1.5496e+03    276.950       6648  1028.0609  1027.2497    33.9503    32.9487    8.33831         29 0.0000e+00
    157.000    155.317    -1.2294  27.295030    -1.2295  26.563731     5.3975     5.4762    -0.0120    95.4587 1.0000e-12  -74.17528 -113.34458  27.084723      99.87 1.5496e+03    278.103       6675  1028.0662  1027.2560    33.9519    32.9514    8.33580         27 0.0000e+00
    158.000    156.305    -1.2113  27.311746    -1.2094  26.582008     5.4216     5.4991    -0.0150    95.4836 1.0000e-12  -74.17528 -113.34458  27.084737      99.87 1.5507e+03    279.257       6703  1028.0712  1027.2613    33.9537    32.9537    8.33166         28 0.0000e+00
    159.000    157.295    -1.2444  27.285533    -1.2420  26.559955     5.4349     5.5179    -0.0150    95.4978 1.0000e-12  -74.17528 -113.34458  27.084750      99.86 1.5495e+03    280.404       6731  1028.0789  1027.2723    33.9546    32.9589    8.33897         27 0.0000e+00
    160.000    158.281    -1.2469  27.284277    -1.2457  26.557037     5.4381     5.5240    -0.0083    95.4977 1.0000e-12  -74.17528 -113.34458  27.084763      99.87 1.5490e+03    281.552       6758  1028.0841  1027.2768    33.9551    32.9583    8.33950         28 0.0000e+00
    161.000    159.272    -1.2466  27.285115    -1.2455  26.558021     5.4324     5.5247    -0.0015    95.5094 1.0000e-12  -74.17528 -113.34458  27.084777      99.87 1.5497e+03    282.705       6786  1028.0889  1027.2819    33.9553    32.9588    8.33942         27 0.0000e+00
    162.000    160.261    -1.2437  27.288309    -1.2426  26.561512     5.4333     5.5281    -0.0122    95.5124 1.0000e-12  -74.17528 -113.34458  27.084790      99.87 1.5498e+03    283.863       6814  1028.0938  1027.2873    33.9558    32.9598    8.33875         28 0.0000e+00
    163.000    161.248    -1.2422  27.290785    -1.2411  26.564432     5.4379     5.5329    -0.0215    95.4988 1.0000e-12  -74.17528 -113.34458  27.084803      93.91 1.5488e+03    285.006       6841  1028.0994  1027.2933    33.9569    32.9615    8.33836         28 0.0000e+00
    164.000    162.239    -1.2431  27.291450    -1.2420  26.565505     5.4398     5.5331    -0.0221    95.5184 1.0000e-12  -74.17528 -113.34458  27.084816      99.72 1.5489e+03    286.139       6868  1028.1052  1027.2996    33.9582    32.9633    8.33848         27 0.0000e+00
    165.000    163.228    -1.2428  27.292717    -1.2419  26.567108     5.4393     5.5277    -0.0069    95.5292 1.0000e-12  -74.17528 -113.34458  27.084829      99.87 1.5499e+03    287.271       6895  1028.1106  1027.3055    33.9590    32.9648    8.33837         27 0.0000e+00
    166.000    164.216    -1.2414  27.294843    -1.2406  26.569601     5.4347     5.5344    -0.0072    95.5294 1.0000e-12  -74.17528 -113.34458  27.084843      99.87 1.5489e+03    288.408       6923  1028.1158  1027.3113    33.9596    32.9662    8.33801         27 0.0000e+00
    167.000    165.206    -1.2403  27.296512    -1.2394  26.572165     5.4314     5.5329    -0.0015    95.5285 1.0000e-12  -74.17528 -113.34458  27.084856      99.87 1.5486e+03    289.544       6950  1028.1209  1027.3173    33.9601    32.9678    8.33774         27 0.0000e+00
    168.000    166.194    -1.2378  27.299439    -1.2368  26.575902     5.4349     5.5295    -0.0224    95.5354 1.0000e-12  -74.17528 -113.34457  27.084869      99.87 1.5498e+03    290.687       6977  1028.1259  1027.3233    33.9606    32.9694    8.33715         28 0.0000e+00
    169.000    167.182    -1.2364  27.301444    -1.2354  26.578201     5.4337     5.5286    -0.0208    95.5418 1.0000e-12  -74.17528 -113.34457  27.084882      99.87 1.5494e+03    291.845       7005  1028.1310  1027.3287    33.9612    32.9704    8.33680         28 0.0000e+00
    170.000    168.171    -1.2354  27.303020    -1.2344  26.580294     5.4323     5.5295    -0.0133    95.5382 1.0000e-12  -74.17528 -113.34457  27.084896      99.86 1.5489e+03    293.002       7033  1028.1361  1027.3344    33.9615    32.9715    8.33655         28 0.0000e+00
    171.000    169.161    -1.2341  27.304860    -1.2331  26.582582     5.4336     5.5328    -0.0090    95.5537 1.0000e-12  -74.17528 -113.34458  27.084910      99.87 1.5500e+03    294.184       7061  1028.1412  1027.3401    33.9620    32.9727    8.33625         28 0.0000e+00
    172.000    170.148    -1.2327  27.306768    -1.2316  26.584775     5.4320     5.5351    -0.0147    95.5510 1.0000e-12  -74.17528 -113.34456  27.084923      99.87 1.5495e+03    295.351       7089  1028.1462  1027.3454    33.9624    32.9734    8.33591         28 0.0000e+00
    173.000    171.138    -1.2299  27.310395    -1.2290  26.588675     5.4461     5.5368    -0.0177    95.5382 1.0000e-12  -74.17528 -113.34457  27.084936      98.63 1.5490e+03    296.487       7117  1028.1518  1027.3515    33.9636    32.9752    8.33522         27 0.0000e+00
    174.000    172.127    -1.2277  27.313186    -1.2268  26.592335     5.4855     5.5637    -0.0193    95.5310 1.0000e-12  -74.17528 -113.34457  27.084949      88.31 1.5507e+03    297.605       7144  1028.1571  1027.3578    33.9643    32.9772    8.33469         26 0.0000e+00
    175.000    173.115    -1.2391  27.306723    -1.2378  26.587110     5.5269     5.6029    -0.0116    95.5335 1.0000e-12  -74.17528 -113.34457  27.084962      97.30 1.5491e+03    298.732       7171  1028.1653  1027.3668    33.9677    32.9816    8.33701         28 0.0000e+00
    176.000    174.104    -1.2564  27.296898    -1.2548  26.578199     5.5524     5.6300    -0.0074    95.5342 1.0000e-12  -74.17528 -113.34457  27.084975      99.86 1.5491e+03    299.870       7198  1028.1758  1027.3775    33.9733    32.9876    8.34055         27 0.0000e+00
    177.000    175.094    -1.2605  27.295403    -1.2589  26.576982     5.5607     5.6400    -0.0074    95.5474 1.0000e-12  -74.17528 -113.34457  27.084989      99.87 1.5506e+03    301.025       7226  1028.1823  1027.3843    33.9752    32.9898    8.34135         28 0.0000e+00
    178.000    176.082    -1.2599  27.297484    -1.2589  26.578737     5.5609     5.6458    -0.0156    95.5353 1.0000e-12  -74.17528 -113.34458  27.085002      99.87 1.5491e+03    302.192       7254  1028.1883  1027.3904    33.9768    32.9915    8.34113         28 0.0000e+00
    179.000    177.070    -1.2584  27.300196    -1.2574  26.581934     5.5566     5.6504    -0.0224    95.5620 1.0000e-12  -74.17528 -113.34456  27.085016      99.87 1.5489e+03    303.338       7281  1028.1940  1027.3968    33.9782    32.9936    8.34070         27 0.0000e+00
    180.000    178.059    -1.2574  27.301760    -1.2567  26.583623     5.5476     5.6464    -0.0122    95.5532 1.0000e-12  -74.17528 -113.34458  27.085029      99.87 1.5497e+03    304.471       7308  1028.1990  1027.4023    33.9786    32.9946    8.34047         27 0.0000e+00
    181.000    179.048    -1.2550  27.305083    -1.2539  26.587687     5.5512     5.6423    -0.0127    95.5547 1.0000e-12  -74.17528 -113.34457  27.085042      99.87 1.5486e+03    305.611       7336  1028.2046  1027.4083    33.9798    32.9964    8.33986         28 0.0000e+00
    182.000    180.037    -1.2547  27.305789    -1.2536  26.589032     5.5544     5.6424    -0.0207    95.5610 1.0000e-12  -74.17528 -113.34458  27.085055      99.87 1.5486e+03    306.760       7363  1028.2093  1027.4139    33.9798    32.9974    8.33978         28 0.0000e+00
