ocean_section_plots/required_files/ctd/dnbp2202_ctd142.cnv
* Sea-Bird SBE 9 Data File:
* FileName = D:\Data\raw\NBP2202_CTD142.hex
* Software Version Seasave V 7.26.7.121
* Temperature SN = 1649
* Conductivity SN = 2513
* Number of Bytes Per Scan = 40
* Number of Voltage Words = 5
* Number of Scans Averaged by the Deck Unit = 1
* NMEA Latitude = 74 06.99 S
* NMEA Longitude = 112 46.90 W
* NMEA UTC (Time) = Jan 30 2022  06:05:41
* NMEA baud rate = 9600
** Ship: RVIB N.B. Palmer
** Cruise: NBP2202 Thwaites
** Station: 70
** Operator: B. Bjork
# nquan = 28
# nvalues = 782                         
# units = specified
# name 0 = prDM: Pressure, Digiquartz [db]
# name 1 = depSM: Depth [salt water, m]
# name 2 = t090C: Temperature [ITS-90, deg C]
# name 3 = c0mS/cm: Conductivity [mS/cm]
# name 4 = t190C: Temperature, 2 [ITS-90, deg C]
# name 5 = c1mS/cm: Conductivity, 2 [mS/cm]
# name 6 = sbeox0ML/L: Oxygen, SBE 43 [ml/l]
# name 7 = sbeox1ML/L: Oxygen, SBE 43, 2 [ml/l]
# name 8 = flECO-AFL: Fluorescence, WET Labs ECO-AFL/FL [mg/m^3]
# name 9 = CStarTr0: Beam Transmission, WET Labs C-Star [%]
# name 10 = par: PAR/Irradiance, Biospherical/Licor
# name 11 = latitude: Latitude [deg]
# name 12 = longitude: Longitude [deg]
# name 13 = timeJ: Julian Days
# name 14 = altM: Altimeter [m]
# name 15 = spar: SPAR, Biospherical/Licor
# name 16 = timeS: Time, Elapsed [seconds]
# name 17 = scan: Scan Count
# name 18 = density00: Density [density, kg/m^3]
# name 19 = density11: Density, 2 [density, kg/m^3]
# name 20 = v3: Voltage 3
# name 21 = v4: Voltage 4
# name 22 = v5: Voltage 5
# name 23 = sal00: Salinity, Practical [PSU]
# name 24 = sal11: Salinity, Practical, 2 [PSU]
# name 25 = oxsolML/L: Oxygen Saturation, Garcia & Gordon [ml/l]
# name 26 = nbin: number of scans per bin
# name 27 = flag: flag
# span 0 =      2.000,    783.000       
# span 1 =      1.984,    773.436       
# span 2 =    -1.5061,     0.3922       
# span 3 =  27.068703,  29.353896       
# span 4 =    -1.5053,     0.3942       
# span 5 =  27.068828,  29.353527       
# span 6 =     4.6173,     9.6188       
# span 7 =     4.7043,     9.7666       
# span 8 =    -0.0188,    28.2586       
# span 9 =    65.3439,    93.6973       
# span 10 = -1.543e-05, 1.6088e+01      
# span 11 =  -74.11656,  -74.11654      
# span 12 = -112.78174, -112.78170      
# span 13 =  30.255992,  30.267593      
# span 14 =       5.69,     112.76      
# span 15 = 4.1877e+01, 5.8264e+01      
# span 16 =    176.715,   1179.077      
# span 17 =       4242,      28299      
# span 18 =  1027.1328,  1031.3811      
# span 19 =  1027.1352,  1031.3788      
# span 20 =     3.1008,     4.4449      
# span 21 =     0.0640,     4.4348      
# span 22 =     0.1137,     0.2775      
# span 23 =    33.7398,    34.5093      
# span 24 =    33.7352,    34.5065      
# span 25 =    7.95618,    8.39547      
# span 26 =          9,         48      
# span 27 = 0.0000e+00, 0.0000e+00      
# interval = decibars: 1                
# start_time = Jan 30 2022 06:05:41 [NMEA time, header]
# bad_flag = -9.990e-29
*END*
[from data line 622]
    624.000    616.614     0.2734  29.145226     0.2756  29.145059     4.6614     4.7477    -0.0083    93.6563 1.0000e-12  -74.11656 -112.78172  30.264551      99.89 5.5986e+01    916.172      21989  1030.6057  1030.6033     4.4429     0.0700     0.1215    34.4604    34.4577    7.98344         25 0.0000e+00
    625.000    617.601     0.2757  29.148328     0.2781  29.148194     4.6583     4.7494    -0.0085    93.6355 1.0000e-12  -74.11656 -112.78172  30.264563      99.89 5.5735e+01    917.225      22014  1030.6109  1030.6085     4.4420     0.0696     0.1228    34.4613    34.4585    7.98291         26 0.0000e+00
    626.000    618.589     0.2771  29.150324     0.2795  29.150248     4.6618     4.7544    -0.0083    93.5836 1.0000e-12  -74.11656 -112.78172  30.264575      92.58 5.6536e+01    918.297      22040  1030.6160  1030.6136     4.4396     0.0693     0.1209    34.4619    34.4591    7.98260         26 0.0000e+00
    627.000    619.575     0.2789  29.153113     0.2812  29.152883     4.6609     4.7541    -0.0088    93.5968 1.0000e-12  -74.11656 -112.78174  30.264588      85.32 5.5730e+01    919.402      22067  1030.6214  1030.6190     4.4402     0.0678     0.1232    34.4629    34.4601    7.98216         26 0.0000e+00
    628.000    620.560     0.2792  29.153941     0.2815  29.153827     4.6614     4.7550    -0.0006    93.6045 1.0000e-12  -74.11656 -112.78172  30.264600      96.59 5.2788e+01    920.469      22092  1030.6263  1030.6240     4.4406     0.0689     0.1229    34.4631    34.4604    7.98210         25 0.0000e+00
    629.000    621.550     0.2798  29.155341     0.2821  29.155224     4.6644     4.7552    -0.0079    93.5459 1.0000e-12  -74.11656 -112.78174  30.264612      99.85 5.5834e+01    921.508      22117  1030.6314  1030.6291     4.4378     0.0699     0.1236    34.4637    34.4610    7.98194         26 0.0000e+00
    630.000    622.533     0.2807  29.157075     0.2829  29.156762     4.6648     4.7516    -0.0013    93.5260 1.0000e-12  -74.11656 -112.78174  30.264625      99.89 5.5458e+01    922.560      22142  1030.6366  1030.6341     4.4368     0.0703     0.1218    34.4643    34.4614    7.98172         24 0.0000e+00
    631.000    623.521     0.2819  29.158777     0.2841  29.158628     4.6615     4.7476     0.0048    93.5158 1.0000e-12  -74.11656 -112.78174  30.264636      99.89 5.4671e+01    923.516      22165  1030.6415  1030.6391     4.4364     0.0696     0.1220    34.4646    34.4620    7.98145         23 0.0000e+00
    632.000    624.509     0.2831  29.160620     0.2854  29.160542     4.6638     4.7505    -0.0037    93.5216 1.0000e-12  -74.11656 -112.78174  30.264647      99.89 5.5670e+01    924.514      22189  1030.6465  1030.6442     4.4366     0.0692     0.1216    34.4651    34.4625    7.98117         24 0.0000e+00
    633.000    625.494     0.2842  29.162287     0.2864  29.162206     4.6602     4.7494    -0.0130    93.5342 1.0000e-12  -74.11656 -112.78174  30.264659      99.89 5.6406e+01    925.574      22215  1030.6514  1030.6492     4.4372     0.0705     0.1221    34.4656    34.4630    7.98093         27 0.0000e+00
    634.000    626.483     0.2847  29.163431     0.2871  29.163335     4.6609     4.7483    -0.0061    93.5353 1.0000e-12  -74.11656 -112.78174  30.264672      99.89 5.6076e+01    926.676      22241  1030.6563  1030.6540     4.4372     0.0707     0.1254    34.4658    34.4631    7.98079         26 0.0000e+00
    635.000    627.468     0.2858  29.165116     0.2880  29.165097     4.6614     4.7504    -0.0060    93.5482 1.0000e-12  -74.11656 -112.78174  30.264685      99.89 5.5530e+01    927.771      22268  1030.6613  1030.6591     4.4378     0.0705     0.1229    34.4663    34.4638    7.98055         26 0.0000e+00
    636.000    628.454     0.2872  29.166901     0.2890  29.166525     4.6620     4.7501     0.0006    93.5531 1.0000e-12  -74.11655 -112.78174  30.264697      99.89 5.6335e+01    928.842      22293  1030.6661  1030.6639     4.4381     0.0693     0.1225    34.4665    34.4639    7.98025         26 0.0000e+00
    637.000    629.441     0.2881  29.168346     0.2903  29.168207     4.6581     4.7462    -0.0018    93.5479 1.0000e-12  -74.11655 -112.78174  30.264710      99.89 5.6691e+01    929.907      22319  1030.6710  1030.6687     4.4378     0.0695     0.1244    34.4668    34.4641    7.98005         25 0.0000e+00
    638.000    630.428     0.2887  29.169405     0.2911  29.169426     4.6601     4.7413    -0.0128    93.5642 1.0000e-12  -74.11655 -112.78174  30.264722      99.89 5.4908e+01    930.987      22345  1030.6758  1030.6734     4.4386     0.0698     0.1248    34.4670    34.4643    7.97992         26 0.0000e+00
    639.000    631.414     0.2915  29.172775     0.2933  29.172201     4.6500     4.7451    -0.0161    93.5485 1.0000e-12  -74.11656 -112.78174  30.264735      84.54 5.5500e+01    932.087      22371  1030.6807  1030.6784     4.4379     0.0693     0.1236    34.4677    34.4649    7.97929         27 0.0000e+00
    640.000    632.401     0.2939  29.175868     0.2966  29.175974     4.6423     4.7412    -0.0156    93.5478 1.0000e-12  -74.11656 -112.78174  30.264747      97.61 5.6552e+01    933.166      22397  1030.6858  1030.6834     4.4378     0.0698     0.1223    34.4684    34.4656    7.97875         25 0.0000e+00
    641.000    633.387     0.3047  29.187028     0.3070  29.186636     4.6441     4.7343    -0.0080    93.5458 1.0000e-12  -74.11656 -112.78174  30.264759      99.89 5.7114e+01    934.202      22422  1030.6911  1030.6885     4.4377     0.0690     0.1233    34.4704    34.4674    7.97640         25 0.0000e+00
    642.000    634.373     0.3116  29.194282     0.3143  29.194604     4.6474     4.7332    -0.0010    93.5383 1.0000e-12  -74.11656 -112.78174  30.264772      99.89 5.6346e+01    935.269      22447  1030.6962  1030.6939     4.4374     0.0691     0.1229    34.4716    34.4691    7.97491         26 0.0000e+00
    643.000    635.362     0.3106  29.193959     0.3127  29.193741     4.6505     4.7313    -0.0032    93.5511 1.0000e-12  -74.11656 -112.78174  30.264783      99.89 5.6411e+01    936.272      22472  1030.7011  1030.6989     4.4380     0.0704     0.1230    34.4717    34.4691    7.97511         23 0.0000e+00
    644.000    636.348     0.3106  29.194493     0.3128  29.194360     4.6517     4.7309    -0.0082    93.5444 1.0000e-12  -74.11656 -112.78174  30.264795      99.89 5.7056e+01    937.246      22495  1030.7060  1030.7037     4.4376     0.0705     0.1237    34.4719    34.4692    7.97511         24 0.0000e+00
    645.000    637.333     0.3089  29.193272     0.3112  29.193316     4.6535     4.7349    -0.0083    93.5314 1.0000e-12  -74.11656 -112.78174  30.264807      99.89 5.4946e+01    938.285      22520  1030.7106  1030.7085     4.4371     0.0700     0.1244    34.4716    34.4690    7.97547         25 0.0000e+00
    646.000    638.321     0.3088  29.193684     0.3099  29.192443     4.6483     4.7382    -0.0066    93.5295 1.0000e-12  -74.11656 -112.78174  30.264819      99.89 5.6492e+01    939.385      22546  1030.7154  1030.7132     4.4370     0.0709     0.1238    34.4716    34.4689    7.97548         27 0.0000e+00
    647.000    639.307     0.3072  29.192505     0.3083  29.191460     4.6519     4.7399    -0.0024    93.5386 1.0000e-12  -74.11656 -112.78174  30.264832      99.89 5.6909e+01    940.468      22572  1030.7201  1030.7180     4.4374     0.0702     0.1254    34.4713    34.4688    7.97584         25 0.0000e+00
    648.000    640.294     0.3066  29.192612     0.3087  29.192481     4.6499     4.7385    -0.0074    93.5304 1.0000e-12  -74.11656 -112.78174  30.264844      99.89 5.4987e+01    941.522      22598  1030.7251  1030.7229     4.4370     0.0695     0.1264    34.4716    34.4690    7.97595         26 0.0000e+00
    649.000    641.280     0.3069  29.193428     0.3093  29.193468     4.6462     4.7381    -0.0010    93.5264 1.0000e-12  -74.11656 -112.78174  30.264857      99.88 5.6273e+01    942.601      22623  1030.7299  1030.7276     4.4368     0.0706     0.1250    34.4717    34.4691    7.97588         26 0.0000e+00
    650.000    642.268     0.3115  29.198440     0.3142  29.198569     4.6479     4.7396    -0.0034    93.5190 1.0000e-12  -74.11656 -112.78174  30.264869      99.89 5.6347e+01    943.707      22650  1030.7348  1030.7323     4.4365     0.0693     0.1257    34.4725    34.4697    7.97487         27 0.0000e+00
    651.000    643.253     0.3139  29.201153     0.3166  29.201486     4.6460     4.7392    -0.0133    93.5284 1.0000e-12  -74.11656 -112.78174  30.264882      73.06 5.5333e+01    944.807      22676  1030.7396  1030.7373     4.4369     0.0675     0.1259    34.4729    34.4703    7.97437         26 0.0000e+00
    652.000    644.241     0.3159  29.203550     0.3180  29.203159     4.6430     4.7351    -0.0037    93.5214 1.0000e-12  -74.11656 -112.78174  30.264895      93.68 5.6350e+01    945.902      22703  1030.7443  1030.7419     4.4366     0.0693     0.1256    34.4731    34.4703    7.97393         26 0.0000e+00
    653.000    645.226     0.3159  29.203990     0.3184  29.204032     4.6411     4.7247    -0.0150    93.5284 1.0000e-12  -74.11656 -112.78174  30.264907      99.89 5.3631e+01    946.980      22729  1030.7491  1030.7467     4.4369     0.0700     0.1256    34.4732    34.4705    7.97394         26 0.0000e+00
    654.000    646.213     0.3196  29.207801     0.3217  29.207528     4.6371     4.7304    -0.0074    93.5362 1.0000e-12  -74.11656 -112.78174  30.264920      99.88 5.6023e+01    948.085      22755  1030.7537  1030.7513     4.4373     0.0698     0.1244    34.4735    34.4707    7.97316         27 0.0000e+00
    655.000    647.200     0.3197  29.208468     0.3219  29.208181     4.6370     4.7266    -0.0028    93.5247 1.0000e-12  -74.11656 -112.78174  30.264933      99.89 5.5563e+01    949.210      22782  1030.7585  1030.7561     4.4367     0.0703     0.1257    34.4736    34.4708    7.97312         27 0.0000e+00
    656.000    648.185     0.3214  29.210473     0.3237  29.210481     4.6407     4.7242    -0.0077    93.5262 1.0000e-12  -74.11656 -112.78174  30.264945      99.89 5.4725e+01    950.284      22808  1030.7632  1030.7610     4.4368     0.0701     0.1253    34.4738    34.4712    7.97276         25 0.0000e+00
    657.000    649.174     0.3229  29.212383     0.3249  29.212130     4.6377     4.7307    -0.0077    93.5392 1.0000e-12  -74.11656 -112.78174  30.264958      99.89 5.5119e+01    951.342      22833  1030.7680  1030.7658     4.4374     0.0696     0.1246    34.4741    34.4715    7.97244         26 0.0000e+00
    658.000    650.159     0.3230  29.212995     0.3251  29.212753     4.6358     4.7311    -0.0077    93.5294 1.0000e-12  -74.11656 -112.78174  30.264971      99.89 5.5238e+01    952.474      22860  1030.7728  1030.7705     4.4370     0.0705     0.1233    34.4742    34.4715    7.97242         27 0.0000e+00
    659.000    651.146     0.3227  29.213165     0.3250  29.213133     4.6338     4.7323    -0.0077    93.5113 1.0000e-12  -74.11656 -112.78174  30.264984      99.88 5.3791e+01    953.591      22887  1030.7776  1030.7753     4.4361     0.0692     0.1275    34.4742    34.4716    7.97248         27 0.0000e+00
    660.000    652.131     0.3223  29.213213     0.3246  29.213284     4.6399     4.7273    -0.0068    93.5118 1.0000e-12  -74.11656 -112.78174  30.264996      99.89 5.5340e+01    954.657      22913  1030.7823  1030.7801     4.4361     0.0702     0.1275    34.4741    34.4716    7.97257         25 0.0000e+00
    661.000    653.120     0.3227  29.214350     0.3248  29.214055     4.6402     4.7325    -0.0004    93.5047 1.0000e-12  -74.11656 -112.78173  30.265009      99.89 5.5433e+01    955.755      22939  1030.7873  1030.7849     4.4358     0.0701     0.1269    34.4745    34.4718    7.97245         27 0.0000e+00
    662.000    654.106     0.3228  29.215019     0.3249  29.214786     4.6388     4.7275    -0.0007    93.5019 1.0000e-12  -74.11656 -112.78173  30.265022      99.89 5.4320e+01    956.877      22966  1030.7921  1030.7898     4.4357     0.0692     0.1268    34.4747    34.4720    7.97242         27 0.0000e+00
    663.000    655.092     0.3230  29.215935     0.3249  29.215440     4.6417     4.7274    -0.0021    93.5036 1.0000e-12  -74.11656 -112.78173  30.265034      89.44 5.5789e+01    957.969      22992  1030.7971  1030.7947     4.4357     0.0684     0.1240    34.4751    34.4723    7.97235         26 0.0000e+00
    664.000    656.079     0.3231  29.216377     0.3253  29.216222     4.6416     4.7261    -0.0104    93.5204 1.0000e-12  -74.11656 -112.78174  30.265047      87.33 5.5466e+01    959.054      23018  1030.8017  1030.7995     4.4365     0.0688     0.1249    34.4750    34.4724    7.97234         26 0.0000e+00
    665.000    657.066     0.3236  29.217262     0.3256  29.217084     4.6417     4.7301    -0.0130    93.5185 1.0000e-12  -74.11656 -112.78172  30.265059      99.21 5.4248e+01    960.141      23044  1030.8065  1030.8043     4.4365     0.0699     0.1251    34.4751    34.4726    7.97225         26 0.0000e+00
    666.000    658.051     0.3219  29.216187     0.3241  29.216011     4.6419     4.7314    -0.0038    93.5022 1.0000e-12  -74.11656 -112.78174  30.265072      99.88 5.5283e+01    961.230      23071  1030.8112  1030.8089     4.4357     0.0700     0.1255    34.4750    34.4723    7.97260         27 0.0000e+00
    667.000    659.038     0.3212  29.215714     0.3230  29.215349     4.6480     4.7320    -0.0145    93.4912 1.0000e-12  -74.11656 -112.78172  30.265085      99.89 5.5496e+01    962.337      23097  1030.8157  1030.8135     4.4352     0.0706     0.1254    34.4746    34.4720    7.97277         25 0.0000e+00
    668.000    660.025     0.3196  29.214655     0.3218  29.214551     4.6441     4.7320    -0.0060    93.5057 1.0000e-12  -74.11656 -112.78174  30.265097      99.88 5.3824e+01    963.403      23123  1030.8204  1030.8182     4.4358     0.0695     0.1280    34.4744    34.4718    7.97311         26 0.0000e+00
    669.000    661.010     0.3203  29.216197     0.3225  29.215888     4.6408     4.7325     0.0068    93.5037 1.0000e-12  -74.11656 -112.78172  30.265110      99.89 5.5445e+01    964.467      23148  1030.8254  1030.8231     4.4358     0.0709     0.1252    34.4750    34.4721    7.97292         26 0.0000e+00
    670.000    661.998     0.3220  29.218330     0.3241  29.218116     4.6438     4.7341     0.0056    93.5294 1.0000e-12  -74.11656 -112.78173  30.265122      99.88 5.6084e+01    965.580      23175  1030.8303  1030.8280     4.4370     0.0711     0.1242    34.4753    34.4727    7.97255         27 0.0000e+00
    671.000    662.984     0.3229  29.219739     0.3250  29.219629     4.6430     4.7334    -0.0028    93.5115 1.0000e-12  -74.11656 -112.78173  30.265135      99.89 5.4845e+01    966.681      23201  1030.8351  1030.8329     4.4361     0.0681     0.1261    34.4756    34.4731    7.97235         25 0.0000e+00
    672.000    663.970     0.3233  29.220650     0.3253  29.220524     4.6430     4.7276    -0.0151    93.5274 1.0000e-12  -74.11656 -112.78173  30.265147      99.89 5.5859e+01    967.720      23226  1030.8399  1030.8378     4.4368     0.0697     0.1249    34.4758    34.4733    7.97227         25 0.0000e+00
    673.000    664.956     0.3234  29.221331     0.3256  29.221177     4.6379     4.7275    -0.0080    93.5209 1.0000e-12  -74.11656 -112.78173  30.265160      99.89 5.5955e+01    968.795      23252  1030.8447  1030.8424     4.4366     0.0689     0.1245    34.4759    34.4733    7.97223         27 0.0000e+00
    674.000    665.943     0.3238  29.222075     0.3259  29.221926     4.6429     4.7332    -0.0004    93.5219 1.0000e-12  -74.11656 -112.78173  30.265173      99.88 5.4255e+01    969.918      23279  1030.8494  1030.8471     4.4366     0.0700     0.1266    34.4760    34.4733    7.97216         27 0.0000e+00
