ocean_section_plots/required_files/ctd/dnbp2202_ctd146.cnv
* Sea-Bird SBE 9 Data File:
* FileName = D:\Data\raw\NBP2202_CTD146.hex
* Software Version Seasave V 7.26.7.121
* Temperature SN = 1649
* Conductivity SN = 2513
* Number of Bytes Per Scan = 40
* Number of Voltage Words = 5
* Number of Scans Averaged by the Deck Unit = 1
* NMEA Latitude = 74 07.00 S
* NMEA Longitude = 113 15.87 W
* NMEA UTC (Time) = Jan 30 2022  10:00:10
* NMEA baud rate = 9600
** Ship: RVIB N.B. Palmer
** Cruise: NBP2202 Thwaites
** Station: 74
** Operator: B.Bjork
# nquan = 28
# nvalues = 515                         
# units = specified
# name 0 = prDM: Pressure, Digiquartz [db]
# name 1 = depSM: Depth [salt water, m]
# name 2 = t090C: Temperature [ITS-90, deg C]
# name 3 = c0mS/cm: Conductivity [mS/cm]
# name 4 = t190C: Temperature, 2 [ITS-90, deg C]
# name 5 = c1mS/cm: Conductivity, 2 [mS/cm]
# name 6 = sbeox0ML/L: Oxygen, SBE 43 [ml/l]
# name 7 = sbeox1ML/L: Oxygen, SBE 43, 2 [ml/l]
# name 8 = flECO-AFL: Fluorescence, WET Labs ECO-AFL/FL [mg/m^3]
# name 9 = CStarTr0: Beam Transmission, WET Labs C-Star [%]
# name 10 = par: PAR/Irradiance, Biospherical/Licor
# name 11 = latitude: Latitude [deg]
# name 12 = longitude: Longitude [deg]
# name 13 = timeJ: Julian Days
# name 14 = altM: Altimeter [m]
# name 15 = spar: SPAR, Biospherical/Licor
# name 16 = timeS: Time, Elapsed [seconds]
# name 17 = scan: Scan Count
# name 18 = density00: Density [density, kg/m^3]
# name 19 = density11: Density, 2 [density, kg/m^3]
# name 20 = v3: Voltage 3
# name 21 = v4: Voltage 4
# name 22 = v5: Voltage 5
# name 23 = sal00: Salinity, Practical [PSU]
# name 24 = sal11: Salinity, Practical, 2 [PSU]
# name 25 = oxsolML/L: Oxygen Saturation, Garcia & Gordon [ml/l]
# name 26 = nbin: number of scans per bin
# name 27 = flag: flag
# span 0 =      2.000,    516.000       
# span 1 =      1.985,    510.024       
# span 2 =    -1.4938,    -0.1005       
# span 3 =  26.964007,  28.669191       
# span 4 =    -1.4929,    -0.0999       
# span 5 =  26.964022,  28.666969       
# span 6 =     4.7399,     8.5957       
# span 7 =     4.8252,     8.2635       
# span 8 =    -0.0223,    19.4082       
# span 9 =    71.8658,    93.5677       
# span 10 = -2.552e-05, 1.5390e+01      
# span 11 =  -74.11670,  -74.11670      
# span 12 = -113.26465, -113.26460      
# span 13 =  30.419223,  30.426421      
# span 14 =       4.47,     100.85      
# span 15 = 5.0449e+01, 6.5853e+01      
# span 16 =    210.906,    832.780      
# span 17 =       5063,      19988      
# span 18 =  1027.1703,  1030.0051      
# span 19 =  1027.1693,  1030.0027      
# span 20 =     3.4098,     4.4388      
# span 21 =     0.0631,     3.3449      
# span 22 =     0.1160,     0.2276      
# span 23 =    33.7719,    34.3151      
# span 24 =    33.7706,    34.3114      
# span 25 =    8.06984,    8.40010      
# span 26 =         15,         47      
# span 27 = 0.0000e+00, 0.0000e+00      
# interval = decibars: 1                
# start_time = Jan 30 2022 10:00:10 [NMEA time, header]
# bad_flag = -9.990e-29
*END*
[from data line 208]
    210.000    207.722    -0.8662  27.722658    -0.8624  27.723364     5.1976     5.3195    -0.0150    93.3693 1.0000e-12  -74.11670 -113.26464  30.422142      99.95 6.1331e+01    463.108      11116  1028.4133  1028.4104     4.4294     0.0697     0.1258    34.0912    34.0878    8.24735         24 0.0000e+00
    211.000    208.710    -0.8361  27.750600    -0.8334  27.750359     5.1615     5.2983    -0.0150    93.3256 1.0000e-12  -74.11670 -113.26464  30.422154      99.95 6.2078e+01    464.075      11139  1028.4190  1028.4162     4.4273     0.0715     0.1289    34.0944    34.0911    8.24057         23 0.0000e+00
    212.000    209.697    -0.8229  27.763137    -0.8249  27.758726     5.1316     5.2572    -0.0150    93.3070 1.0000e-12  -74.11670 -113.26464  30.422165      99.95 6.2585e+01    465.067      11163  1028.4246  1028.4217     4.4265     0.0699     0.1266    34.0959    34.0922    8.23761         24 0.0000e+00
    213.000    210.688    -0.7876  27.795623    -0.8097  27.772194     5.1114     5.2322    -0.0150    93.2359 1.0000e-12  -74.11670 -113.26464  30.422177      99.95 6.0763e+01    466.053      11186  1028.4301  1028.4262     4.4231     0.0687     0.1312    34.0994    34.0926    8.22969         24 0.0000e+00
    214.000    211.675    -0.7728  27.809104    -0.7719  27.807021     5.1088     5.2267    -0.0147    93.2601 1.0000e-12  -74.11670 -113.26464  30.422188      99.95 6.2375e+01    467.032      11210  1028.4349  1028.4317     4.4242     0.0693     0.1283    34.1003    34.0965    8.22640         23 0.0000e+00
    215.000    212.665    -0.7679  27.813823    -0.7679  27.811648     5.1074     5.2158    -0.0096    93.2503 1.0000e-12  -74.11670 -113.26464  30.422199      99.95 6.2085e+01    467.999      11233  1028.4402  1028.4377     4.4237     0.0683     0.1298    34.1006    34.0977    8.22533         23 0.0000e+00
    216.000    213.654    -0.7672  27.814859    -0.7662  27.813412     5.1030     5.2101    -0.0112    93.2290 1.0000e-12  -74.11670 -113.26464  30.422210      99.95 6.1625e+01    468.957      11256  1028.4453  1028.4427     4.4228     0.0703     0.1295    34.1006    34.0976    8.22517         23 0.0000e+00
    217.000    214.641    -0.7655  27.816852    -0.7645  27.815383     5.1029     5.2135    -0.0144    93.2256 1.0000e-12  -74.11670 -113.26464  30.422221      99.95 6.2928e+01    469.917      11279  1028.4505  1028.4479     4.4226     0.0700     0.1306    34.1007    34.0977    8.22479         23 0.0000e+00
    218.000    215.631    -0.7632  27.819052    -0.7621  27.817859     5.1037     5.2062    -0.0141    93.2081 1.0000e-12  -74.11670 -113.26464  30.422233      99.95 6.3024e+01    470.907      11303  1028.4553  1028.4528     4.4217     0.0705     0.1314    34.1006    34.0976    8.22431         24 0.0000e+00
    219.000    216.619    -0.7628  27.819992    -0.7604  27.819990     5.0932     5.1982    -0.0107    93.2051 1.0000e-12  -74.11670 -113.26464  30.422244      99.95 6.1764e+01    471.904      11327  1028.4605  1028.4582     4.4216     0.0708     0.1317    34.1007    34.0981    8.22420         24 0.0000e+00
    220.000    217.607    -0.7461  27.837906    -0.7431  27.837608     5.0808     5.1797    -0.0044    93.1903 1.0000e-12  -74.11670 -113.26464  30.422256      99.21 6.2647e+01    472.886      11350  1028.4681  1028.4649     4.4208     0.0681     0.1302    34.1055    34.1017    8.22028         24 0.0000e+00
    221.000    218.598    -0.7333  27.850582    -0.7313  27.849917     5.0722     5.1790    -0.0143    93.1732 1.0000e-12  -74.11670 -113.26464  30.422267      99.93 6.3153e+01    473.866      11374  1028.4740  1028.4713     4.4201     0.0677     0.1297    34.1076    34.1044    8.21738         23 0.0000e+00
    222.000    219.584    -0.7235  27.861102    -0.7219  27.859830     5.0688     5.1775    -0.0147    93.1584 1.0000e-12  -74.11670 -113.26464  30.422278      99.95 6.2850e+01    474.835      11397  1028.4804  1028.4774     4.4193     0.0697     0.1307    34.1102    34.1066    8.21510         23 0.0000e+00
    223.000    220.574    -0.7114  27.873989    -0.7098  27.872900     5.0660     5.1688    -0.0202    93.1404 1.0000e-12  -74.11670 -113.26463  30.422289      99.95 6.2158e+01    475.796      11420  1028.4871  1028.4844     4.4185     0.0708     0.1303    34.1133    34.1100    8.21229         23 0.0000e+00
    224.000    221.562    -0.7030  27.884209    -0.7011  27.883414     5.0525     5.1543    -0.0159    93.1418 1.0000e-12  -74.11670 -113.26463  30.422301      99.95 6.2584e+01    476.775      11444  1028.4945  1028.4918     4.4186     0.0697     0.1307    34.1170    34.1138    8.21024         24 0.0000e+00
    225.000    222.550    -0.6854  27.903134    -0.6822  27.903234     5.0457     5.1409    -0.0068    93.1354 1.0000e-12  -74.11670 -113.26463  30.422312      99.95 6.3094e+01    477.766      11467  1028.5024  1028.4994     4.4183     0.0704     0.1317    34.1221    34.1186    8.20613         24 0.0000e+00
    226.000    223.540    -0.6685  27.920508    -0.6666  27.919525     5.0347     5.1370    -0.0096    93.1216 1.0000e-12  -74.11670 -113.26463  30.422323      99.95 6.1792e+01    478.740      11491  1028.5092  1028.5063     4.4177     0.0704     0.1327    34.1259    34.1223    8.20224         23 0.0000e+00
    227.000    224.528    -0.6601  27.930066    -0.6580  27.929607     5.0300     5.1373    -0.0137    93.1237 1.0000e-12  -74.11670 -113.26463  30.422335      99.95 6.2623e+01    479.710      11514  1028.5159  1028.5134     4.4178     0.0700     0.1297    34.1286    34.1257    8.20024         23 0.0000e+00
    228.000    225.516    -0.6578  27.932989    -0.6560  27.932337     5.0304     5.1393    -0.0128    93.1384 1.0000e-12  -74.11670 -113.26463  30.422346      99.95 6.2698e+01    480.675      11537  1028.5215  1028.5190     4.4184     0.0703     0.1307    34.1294    34.1265    8.19971         23 0.0000e+00
    229.000    226.507    -0.6539  27.937601    -0.6519  27.936879     5.0125     5.1224    -0.0134    93.1338 1.0000e-12  -74.11670 -113.26463  30.422357      99.95 6.2233e+01    481.634      11560  1028.5272  1028.5245     4.4182     0.0702     0.1311    34.1306    34.1274    8.19880         23 0.0000e+00
    230.000    227.493    -0.6381  27.955709    -0.6349  27.955744     4.9875     5.0923    -0.0116    93.1093 1.0000e-12  -74.11670 -113.26463  30.422368      99.95 6.2959e+01    482.617      11584  1028.5358  1028.5328     4.4171     0.0693     0.1294    34.1366    34.1330    8.19502         24 0.0000e+00
    231.000    228.482    -0.6115  27.984191    -0.6107  27.981795     4.9652     5.0701    -0.0049    93.1151 1.0000e-12  -74.11670 -113.26463  30.422380      99.95 6.3099e+01    483.619      11608  1028.5451  1028.5419     4.4173     0.0707     0.1305    34.1444    34.1403    8.18881         24 0.0000e+00
    232.000    229.469    -0.5750  28.019908    -0.5756  28.016161     4.9624     5.0613    -0.0122    93.1204 1.0000e-12  -74.11670 -113.26463  30.422391      99.95 6.1920e+01    484.592      11631  1028.5527  1028.5492     4.4176     0.0689     0.1333    34.1508    34.1463    8.18056         23 0.0000e+00
    233.000    230.460    -0.5703  28.024484    -0.5674  28.024970     4.9623     5.0549    -0.0190    93.1044 1.0000e-12  -74.11670 -113.26463  30.422402      87.67 6.3014e+01    485.555      11654  1028.5577  1028.5553     4.4169     0.0676     0.1308    34.1510    34.1483    8.17953         24 0.0000e+00
    234.000    231.448    -0.5732  28.022597    -0.5699  28.023100     4.9591     5.0534    -0.0110    93.1036 1.0000e-12  -74.11670 -113.26463  30.422414      96.55 6.3080e+01    486.531      11678  1028.5631  1028.5605     4.4168     0.0703     0.1336    34.1511    34.1481    8.18015         23 0.0000e+00
    235.000    232.435    -0.5665  28.028857    -0.5688  28.024349     4.9537     5.0487    -0.0089    93.1032 1.0000e-12  -74.11670 -113.26463  30.422425      99.94 6.4048e+01    487.518      11701  1028.5679  1028.5654     4.4168     0.0698     0.1332    34.1513    34.1479    8.17868         24 0.0000e+00
    236.000    233.425    -0.5662  28.029598    -0.5655  28.027741     4.9510     5.0466    -0.0152    93.0884 1.0000e-12  -74.11670 -113.26463  30.422436      99.95 6.5211e+01    488.507      11725  1028.5730  1028.5703     4.4161     0.0686     0.1348    34.1514    34.1482    8.17861         24 0.0000e+00
    237.000    234.414    -0.5630  28.032784    -0.5623  28.031178     4.9500     5.0452    -0.0202    93.0776 1.0000e-12  -74.11670 -113.26463  30.422448      99.95 6.2970e+01    489.512      11749  1028.5779  1028.5754     4.4155     0.0699     0.1337    34.1515    34.1485    8.17793         24 0.0000e+00
    238.000    235.402    -0.5644  28.031955    -0.5615  28.032301     4.9504     5.0461    -0.0173    93.0778 1.0000e-12  -74.11670 -113.26462  30.422460      99.95 6.4234e+01    490.503      11773  1028.5828  1028.5804     4.4156     0.0693     0.1316    34.1513    34.1486    8.17823         23 0.0000e+00
    239.000    236.391    -0.5645  28.032282    -0.5616  28.032621     4.9511     5.0440    -0.0123    93.0807 1.0000e-12  -74.11670 -113.26464  30.422471      99.95 6.5229e+01    491.481      11797  1028.5878  1028.5853     4.4157     0.0698     0.1333    34.1513    34.1485    8.17826         24 0.0000e+00
    240.000    237.378    -0.5616  28.035538    -0.5564  28.037876     4.9407     5.0324    -0.0195    93.0743 1.0000e-12  -74.11670 -113.26462  30.422482      99.95 6.4067e+01    492.466      11820  1028.5929  1028.5903     4.4154     0.0720     0.1325    34.1518    34.1490    8.17761         24 0.0000e+00
    241.000    238.368    -0.5584  28.038773    -0.5554  28.039251     4.9360     5.0256    -0.0116    93.0568 1.0000e-12  -74.11670 -113.26464  30.422494      99.95 6.4455e+01    493.445      11844  1028.5976  1028.5953     4.4146     0.0699     0.1338    34.1519    34.1492    8.17690         23 0.0000e+00
    242.000    239.356    -0.5471  28.050069    -0.5436  28.050676     4.9308     5.0215    -0.0051    93.0701 1.0000e-12  -74.11670 -113.26462  30.422505      99.95 6.5157e+01    494.426      11867  1028.6032  1028.6005     4.4151     0.0693     0.1338    34.1538    34.1507    8.17435         23 0.0000e+00
    243.000    240.344    -0.5412  28.056224    -0.5389  28.055895     4.9320     5.0267    -0.0149    93.0689 1.0000e-12  -74.11670 -113.26462  30.422516      99.95 6.4405e+01    495.415      11891  1028.6085  1028.6059     4.4151     0.0701     0.1332    34.1548    34.1517    8.17302         24 0.0000e+00
    244.000    241.334    -0.5366  28.061757    -0.5346  28.061311     4.9429     5.0262    -0.0041    93.0552 1.0000e-12  -74.11670 -113.26462  30.422528      99.94 6.4772e+01    496.390      11914  1028.6144  1028.6120     4.4145     0.0692     0.1331    34.1565    34.1536    8.17194         23 0.0000e+00
    245.000    242.321    -0.5404  28.059300    -0.5392  28.058327     4.9375     5.0281    -0.0028    93.0539 1.0000e-12  -74.11670 -113.26462  30.422539      99.95 6.4713e+01    497.349      11937  1028.6200  1028.6178     4.4144     0.0695     0.1330    34.1569    34.1542    8.17274         24 0.0000e+00
    246.000    243.310    -0.5439  28.057147    -0.5426  28.056078     4.9351     5.0323    -0.0131    93.0588 1.0000e-12  -74.11670 -113.26462  30.422550      99.77 6.4232e+01    498.330      11961  1028.6255  1028.6231     4.4146     0.0690     0.1335    34.1573    34.1544    8.17347         23 0.0000e+00
    247.000    244.299    -0.5385  28.063561    -0.5323  28.066534     4.9278     5.0337    -0.0160    93.0355 1.0000e-12  -74.11670 -113.26462  30.422562      88.98 6.4789e+01    499.317      11985  1028.6314  1028.6286     4.4136     0.0681     0.1323    34.1592    34.1562    8.17219         24 0.0000e+00
    248.000    245.286    -0.5329  28.069037    -0.5323  28.067337     4.9160     5.0189    -0.0032    93.0398 1.0000e-12  -74.11670 -113.26462  30.422573      72.79 6.4613e+01    500.299      12008  1028.6363  1028.6338     4.4137     0.0689     0.1345    34.1597    34.1566    8.17096         23 0.0000e+00
    249.000    246.275    -0.5308  28.071569    -0.5290  28.070760     4.9142     5.0157    -0.0107    93.0367 1.0000e-12  -74.11670 -113.26462  30.422584      99.93 6.4639e+01    501.270      12031  1028.6413  1028.6387     4.4136     0.0709     0.1326    34.1600    34.1570    8.17048         24 0.0000e+00
    250.000    247.263    -0.5219  28.080139    -0.5203  28.079206     4.9207     5.0231    -0.0118    93.0375 1.0000e-12  -74.11670 -113.26462  30.422595      99.96 6.4389e+01    502.232      12055  1028.6462  1028.6436     4.4137     0.0694     0.1342    34.1610    34.1579    8.16851         23 0.0000e+00
    251.000    248.254    -0.5214  28.081228    -0.5193  28.081067     4.9131     5.0149    -0.0117    93.0349 1.0000e-12  -74.11670 -113.26462  30.422606      99.95 6.4585e+01    503.183      12077  1028.6512  1028.6490     4.4135     0.0699     0.1348    34.1612    34.1586    8.16838         22 0.0000e+00
    252.000    249.241    -0.5269  28.078375    -0.5243  28.078182     4.9040     5.0021    -0.0107    93.0345 1.0000e-12  -74.11670 -113.26462  30.422617      99.95 6.5078e+01    504.143      12100  1028.6579  1028.6553     4.4135     0.0696     0.1347    34.1630    34.1599    8.16946         24 0.0000e+00
    253.000    250.230    -0.5041  28.101932    -0.5026  28.100187     4.8992     4.9988    -0.0109    93.0342 1.0000e-12  -74.11670 -113.26462  30.422629      99.95 6.4689e+01    505.128      12124  1028.6653  1028.6620     4.4135     0.0697     0.1338    34.1683    34.1644    8.16424         23 0.0000e+00
    254.000    251.216    -0.4947  28.111451    -0.4926  28.110981     4.8992     4.9995    -0.0080    93.0113 1.0000e-12  -74.11670 -113.26462  30.422640      99.95 6.4299e+01    506.103      12147  1028.6708  1028.6683     4.4124     0.0700     0.1349    34.1699    34.1670    8.16213         23 0.0000e+00
    255.000    252.206    -0.4928  28.113829    -0.4911  28.113180     4.8977     4.9820    -0.0065    93.0099 1.0000e-12  -74.11670 -113.26462  30.422651      99.94 6.5236e+01    507.072      12171  1028.6759  1028.6736     4.4124     0.0701     0.1345    34.1704    34.1676    8.16170         24 0.0000e+00
    256.000    253.194    -0.4901  28.117170    -0.4886  28.116178     4.8903     4.9762    -0.0096    93.0141 1.0000e-12  -74.11670 -113.26462  30.422663      99.95 6.4609e+01    508.050      12194  1028.6813  1028.6788     4.4125     0.0692     0.1341    34.1713    34.1682    8.16107         23 0.0000e+00
    257.000    254.184    -0.4822  28.126571    -0.4787  28.126955     4.8822     4.9734    -0.0031    93.0388 1.0000e-12  -74.11670 -113.26462  30.422674      99.95 6.4713e+01    509.021      12218  1028.6880  1028.6851     4.4137     0.0691     0.1333    34.1743    34.1709    8.15919         24 0.0000e+00
    258.000    255.171    -0.4670  28.142542    -0.4646  28.142277     4.8806     4.9756    -0.0034    93.0314 1.0000e-12  -74.11670 -113.26462  30.422685      99.95 6.5146e+01    510.005      12241  1028.6948  1028.6922     4.4134     0.0704     0.1336    34.1781    34.1751    8.15571         24 0.0000e+00
    259.000    256.161    -0.4650  28.144999    -0.4634  28.144046     4.8886     4.9744    -0.0179    93.0144 1.0000e-12  -74.11670 -113.26462  30.422697      99.95 6.4646e+01    511.007      12265  1028.6999  1028.6974     4.4126     0.0692     0.1364    34.1786    34.1754    8.15526         24 0.0000e+00
