ocean_section_plots/required_files/ctd/dnbp2202_ctd145.cnv
* Sea-Bird SBE 9 Data File:
* FileName = D:\Data\raw\NBP2202_CTD145.hex
* Software Version Seasave V 7.26.7.121
* Temperature SN = 1649
* Conductivity SN = 2513
* Number of Bytes Per Scan = 40
* Number of Voltage Words = 5
* Number of Scans Averaged by the Deck Unit = 1
* NMEA Latitude = 74 07.00 S
* NMEA Longitude = 113 09.89 W
* NMEA UTC (Time) = Jan 30 2022  09:13:00
* NMEA baud rate = 9600
** Ship: RVIB N.B. Palmer
** Cruise: NBP2202 Thwaites
** Station: 73
** Operator: B. Bjork
# nquan = 28
# nvalues = 532                         
# units = specified
# name 0 = prDM: Pressure, Digiquartz [db]
# name 1 = depSM: Depth [salt water, m]
# name 2 = t090C: Temperature [ITS-90, deg C]
# name 3 = c0mS/cm: Conductivity [mS/cm]
# name 4 = t190C: Temperature, 2 [ITS-90, deg C]
# name 5 = c1mS/cm: Conductivity, 2 [mS/cm]
# name 6 = sbeox0ML/L: Oxygen, SBE 43 [ml/l]
# name 7 = sbeox1ML/L: Oxygen, SBE 43, 2 [ml/l]
# name 8 = flECO-AFL: Fluorescence, WET Labs ECO-AFL/FL [mg/m^3]
# name 9 = CStarTr0: Beam Transmission, WET Labs C-Star [%]
# name 10 = par: PAR/Irradiance, Biospherical/Licor
# name 11 = latitude: Latitude [deg]
# name 12 = longitude: Longitude [deg]
# name 13 = timeJ: Julian Days
# name 14 = altM: Altimeter [m]
# name 15 = spar: SPAR, Biospherical/Licor
# name 16 = timeS: Time, Elapsed [seconds]
# name 17 = scan: Scan Count
# name 18 = density00: Density [density, kg/m^3]
# name 19 = density11: Density, 2 [density, kg/m^3]
# name 20 = v3: Voltage 3
# name 21 = v4: Voltage 4
# name 22 = v5: Voltage 5
# name 23 = sal00: Salinity, Practical [PSU]
# name 24 = sal11: Salinity, Practical, 2 [PSU]
# name 25 = oxsolML/L: Oxygen Saturation, Garcia & Gordon [ml/l]
# name 26 = nbin: number of scans per bin
# name 27 = flag: flag
# span 0 =      3.000,    534.000       
# span 1 =      2.970,    527.792       
# span 2 =    -1.5231,     0.0532       
# span 3 =  26.992521,  28.850704       
# span 4 =    -1.5221,     0.0549       
# span 5 =  26.992366,  28.850037       
# span 6 =     4.7030,     8.4689       
# span 7 =     4.7895,     8.5303       
# span 8 =    -0.0226,    27.0954       
# span 9 =    68.3256,    93.2331       
# span 10 = 1.0000e-12, 7.3553e+00      
# span 11 =  -74.11668,  -74.11668      
# span 12 = -113.16494, -113.16490      
# span 13 =  30.384975,  30.392357      
# span 14 =       4.74,     100.08      
# span 15 = 3.6324e+01, 5.1127e+01      
# span 16 =     81.809,    719.673      
# span 17 =       1964,      17273      
# span 18 =  1027.1985,  1030.1273      
# span 19 =  1027.1976,  1030.1250      
# span 20 =     3.2419,     4.4229      
# span 21 =     0.0631,     3.9749      
# span 22 =     0.1238,     0.2458      
# span 23 =    33.8046,    34.3719      
# span 24 =    33.8025,    34.3693      
# span 25 =    8.03431,    8.40596      
# span 26 =         22,         48      
# span 27 = 0.0000e+00, 0.0000e+00      
# interval = decibars: 1                
# start_time = Jan 30 2022 09:13:00 [NMEA time, header]
# bad_flag = -9.990e-29
*END*
[from data line 311]
    314.000    310.515    -0.3232  28.331158    -0.3211  28.330819     4.8426     4.9405    -0.0078    92.9058 1.0000e-12  -74.11668 -113.16492  30.389147      79.21 4.8996e+01    442.335      10617  1028.9991  1028.9967     4.4074     0.0681     0.1374    34.2350    34.2322    8.12166         24 0.0000e+00
    315.000    311.503    -0.3224  28.332391    -0.3201  28.332201     4.8444     4.9338    -0.0042    92.9032 1.0000e-12  -74.11668 -113.16492  30.389159      95.80 4.9283e+01    443.329      10641  1029.0040  1029.0016     4.4073     0.0691     0.1352    34.2351    34.2323    8.12148         23 0.0000e+00
    316.000    312.491    -0.3208  28.334410    -0.3185  28.334257     4.8421     4.9294    -0.0111    92.8982 1.0000e-12  -74.11668 -113.16492  30.389170     100.01 4.9362e+01    444.327      10665  1029.0090  1029.0066     4.4070     0.0707     0.1381    34.2354    34.2326    8.12112         24 0.0000e+00
    317.000    313.480    -0.3203  28.335296    -0.3179  28.335144     4.8409     4.9259    -0.0114    92.8994 1.0000e-12  -74.11668 -113.16492  30.389182      99.94 4.8542e+01    445.326      10689  1029.0139  1029.0115     4.4071     0.0692     0.1389    34.2355    34.2326    8.12102         24 0.0000e+00
    318.000    314.467    -0.3192  28.336904    -0.3171  28.336478     4.8369     4.9254    -0.0118    92.8989 1.0000e-12  -74.11668 -113.16492  30.389194      99.94 4.9357e+01    446.328      10713  1029.0189  1029.0164     4.4071     0.0697     0.1383    34.2357    34.2328    8.12075         25 0.0000e+00
    319.000    315.458    -0.3155  28.341490    -0.3133  28.340999     4.8374     4.9325    -0.0121    92.8932 1.0000e-12  -74.11668 -113.16492  30.389205      99.95 4.9361e+01    447.323      10737  1029.0245  1029.0219     4.4068     0.0712     0.1345    34.2371    34.2340    8.11989         23 0.0000e+00
    320.000    316.443    -0.3117  28.346040    -0.3096  28.345687     4.8406     4.9344    -0.0186    92.8908 1.0000e-12  -74.11668 -113.16492  30.389216      99.95 4.9361e+01    448.304      10760  1029.0300  1029.0277     4.4067     0.0699     0.1349    34.2383    34.2355    8.11901         24 0.0000e+00
    321.000    317.432    -0.3093  28.349547    -0.3071  28.349159     4.8369     4.9345    -0.0124    92.8981 1.0000e-12  -74.11668 -113.16492  30.389228      99.95 4.9361e+01    449.295      10784  1029.0358  1029.0332     4.4070     0.0699     0.1365    34.2397    34.2367    8.11842         24 0.0000e+00
    322.000    318.421    -0.3077  28.351680    -0.3055  28.351491     4.8373     4.9341    -0.0121    92.8718 1.0000e-12  -74.11668 -113.16492  30.389240      99.95 4.9361e+01    450.294      10808  1029.0409  1029.0385     4.4059     0.0691     0.1364    34.2402    34.2374    8.11806         23 0.0000e+00
    323.000    319.409    -0.3079  28.351935    -0.3058  28.351562     4.8406     4.9342    -0.0172    92.8920 1.0000e-12  -74.11668 -113.16492  30.389251      99.94 4.7361e+01    451.279      10832  1029.0457  1029.0432     4.4067     0.0714     0.1369    34.2401    34.2372    8.11810         24 0.0000e+00
    324.000    320.396    -0.3065  28.354099    -0.3044  28.353790     4.8419     4.9346    -0.0196    92.8736 1.0000e-12  -74.11668 -113.16492  30.389262      99.95 4.9358e+01    452.269      10855  1029.0510  1029.0486     4.4059     0.0697     0.1349    34.2408    34.2380    8.11776         24 0.0000e+00
    325.000    321.385    -0.3029  28.358866    -0.3007  28.358654     4.8358     4.9304    -0.0157    92.8789 1.0000e-12  -74.11668 -113.16492  30.389274      99.94 4.9361e+01    453.259      10879  1029.0569  1029.0545     4.4062     0.0701     0.1375    34.2425    34.2398    8.11689         24 0.0000e+00
    326.000    322.373    -0.2992  28.363789    -0.2971  28.363394     4.8319     4.9212    -0.0113    92.8752 1.0000e-12  -74.11668 -113.16492  30.389285      99.94 4.8379e+01    454.236      10903  1029.0628  1029.0604     4.4060     0.0700     0.1376    34.2444    34.2415    8.11601         23 0.0000e+00
    327.000    323.361    -0.2928  28.371046    -0.2905  28.371011     4.8324     4.9209    -0.0107    92.8715 1.0000e-12  -74.11668 -113.16492  30.389296      91.97 4.9132e+01    455.218      10926  1029.0687  1029.0664     4.4058     0.0684     0.1373    34.2463    34.2436    8.11454         24 0.0000e+00
    328.000    324.349    -0.2891  28.375729    -0.2869  28.375402     4.8318     4.9202    -0.0029    92.8786 1.0000e-12  -74.11668 -113.16492  30.389308      96.10 4.9361e+01    456.210      10950  1029.0744  1029.0719     4.4061     0.0702     0.1363    34.2478    34.2449    8.11366         23 0.0000e+00
    329.000    325.337    -0.2872  28.378278    -0.2851  28.377932     4.8265     4.9156    -0.0130    92.8711 1.0000e-12  -74.11668 -113.16492  30.389320      99.89 4.9008e+01    457.209      10974  1029.0796  1029.0772     4.4058     0.0686     0.1372    34.2484    34.2456    8.11321         25 0.0000e+00
    330.000    326.326    -0.2842  28.381926    -0.2822  28.381418     4.8252     4.9214    -0.0032    92.8741 1.0000e-12  -74.11668 -113.16492  30.389331      99.94 4.9438e+01    458.210      10998  1029.0848  1029.0824     4.4059     0.0700     0.1383    34.2493    34.2464    8.11252         23 0.0000e+00
    331.000    327.313    -0.2801  28.386546    -0.2779  28.386285     4.8267     4.9200    -0.0099    92.8703 1.0000e-12  -74.11668 -113.16492  30.389343      99.94 4.9360e+01    459.201      11022  1029.0901  1029.0878     4.4058     0.0694     0.1375    34.2502    34.2475    8.11159         24 0.0000e+00
    332.000    328.301    -0.2786  28.388885    -0.2764  28.388636     4.8274     4.9155    -0.0041    92.8576 1.0000e-12  -74.11668 -113.16492  30.389354      99.94 4.9361e+01    460.182      11045  1029.0955  1029.0931     4.4052     0.0685     0.1382    34.2510    34.2483    8.11122         24 0.0000e+00
    333.000    329.289    -0.2770  28.391274    -0.2750  28.390707     4.8219     4.9166    -0.0004    92.8562 1.0000e-12  -74.11668 -113.16492  30.389365      99.95 4.9361e+01    461.173      11069  1029.1008  1029.0983     4.4051     0.0690     0.1376    34.2519    34.2489    8.11085         23 0.0000e+00
    334.000    330.277    -0.2744  28.394523    -0.2721  28.394207     4.8224     4.9104    -0.0111    92.8651 1.0000e-12  -74.11668 -113.16492  30.389377      99.94 4.9361e+01    462.182      11093  1029.1061  1029.1036     4.4055     0.0714     0.1361    34.2527    34.2497    8.11025         25 0.0000e+00
    335.000    331.266    -0.2725  28.396997    -0.2703  28.396715     4.8214     4.9107    -0.0153    92.8565 1.0000e-12  -74.11668 -113.16492  30.389389      99.94 4.9361e+01    463.180      11117  1029.1112  1029.1088     4.4051     0.0695     0.1374    34.2532    34.2504    8.10981         24 0.0000e+00
    336.000    332.253    -0.2703  28.399555    -0.2680  28.399377     4.8219     4.9129    -0.0105    92.8670 1.0000e-12  -74.11668 -113.16492  30.389400      99.95 4.9361e+01    464.170      11141  1029.1160  1029.1137     4.4056     0.0694     0.1386    34.2535    34.2508    8.10931         24 0.0000e+00
    337.000    333.242    -0.2699  28.400428    -0.2677  28.400180     4.8262     4.9178    -0.0078    92.8567 1.0000e-12  -74.11668 -113.16492  30.389412      99.95 4.9361e+01    465.167      11165  1029.1209  1029.1186     4.4051     0.0701     0.1392    34.2537    34.2510    8.10923         24 0.0000e+00
    338.000    334.229    -0.2704  28.400703    -0.2686  28.400077     4.8322     4.9208    -0.0040    92.8407 1.0000e-12  -74.11668 -113.16492  30.389423      99.94 4.9361e+01    466.152      11189  1029.1261  1029.1237     4.4043     0.0707     0.1388    34.2540    34.2512    8.10932         23 0.0000e+00
    339.000    335.217    -0.2713  28.400297    -0.2692  28.399930     4.8303     4.9221    -0.0189    92.8483 1.0000e-12  -74.11668 -113.16492  30.389434      99.94 4.9361e+01    467.126      11212  1029.1309  1029.1285     4.4047     0.0723     0.1364    34.2539    34.2511    8.10952         23 0.0000e+00
    340.000    336.206    -0.2717  28.400939    -0.2697  28.400469     4.8304     4.9250    -0.0104    92.8324 1.0000e-12  -74.11668 -113.16492  30.389446      99.94 4.9361e+01    468.097      11235  1029.1362  1029.1339     4.4039     0.0700     0.1372    34.2546    34.2518    8.10956         23 0.0000e+00
    341.000    337.193    -0.2710  28.402174    -0.2691  28.401615     4.8293     4.9267    -0.0104    92.8545 1.0000e-12  -74.11668 -113.16492  30.389457      93.66 4.9361e+01    469.070      11259  1029.1412  1029.1388     4.4050     0.0698     0.1379    34.2549    34.2520    8.10940         24 0.0000e+00
    342.000    338.182    -0.2694  28.404396    -0.2676  28.403756     4.8345     4.9243    -0.0156    92.8607 1.0000e-12  -74.11668 -113.16492  30.389468      99.88 4.9361e+01    470.053      11282  1029.1462  1029.1439     4.4053     0.0696     0.1377    34.2554    34.2526    8.10902         24 0.0000e+00
    343.000    339.170    -0.2683  28.405987    -0.2663  28.405662     4.8305     4.9248    -0.0128    92.8673 1.0000e-12  -74.11668 -113.16492  30.389480      99.94 4.9361e+01    471.041      11306  1029.1512  1029.1489     4.4056     0.0716     0.1371    34.2558    34.2531    8.10878         23 0.0000e+00
    344.000    340.158    -0.2677  28.407100    -0.2656  28.406881     4.8229     4.9201    -0.0104    92.8725 1.0000e-12  -74.11668 -113.16492  30.389491      99.94 4.9361e+01    472.022      11330  1029.1560  1029.1538     4.4058     0.0694     0.1348    34.2559    34.2533    8.10863         24 0.0000e+00
    345.000    341.147    -0.2657  28.409724    -0.2633  28.409710     4.8170     4.9107    -0.0074    92.8630 1.0000e-12  -74.11668 -113.16492  30.389502      99.94 4.9361e+01    473.010      11353  1029.1612  1029.1589     4.4054     0.0693     0.1358    34.2566    34.2539    8.10818         24 0.0000e+00
    346.000    342.133    -0.2582  28.417812    -0.2557  28.417901     4.8096     4.9038    -0.0013    92.8767 1.0000e-12  -74.11668 -113.16492  30.389514      99.94 4.9361e+01    474.015      11377  1029.1668  1029.1644     4.4060     0.0694     0.1363    34.2584    34.2556    8.10648         24 0.0000e+00
    347.000    343.122    -0.2529  28.423556    -0.2510  28.423115     4.8076     4.9009    -0.0028    92.8704 1.0000e-12  -74.11668 -113.16492  30.389526      99.94 5.0005e+01    475.026      11402  1029.1720  1029.1697     4.4057     0.0698     0.1366    34.2595    34.2567    8.10529         24 0.0000e+00
    348.000    344.110    -0.2476  28.429596    -0.2455  28.429256     4.8066     4.8965    -0.0104    92.8843 1.0000e-12  -74.11668 -113.16492  30.389537      99.94 5.0096e+01    476.020      11425  1029.1776  1029.1751     4.4064     0.0682     0.1366    34.2610    34.2581    8.10408         24 0.0000e+00
    349.000    345.097    -0.2451  28.432512    -0.2431  28.432201     4.8022     4.8938    -0.0104    92.8640 1.0000e-12  -74.11668 -113.16492  30.389549      99.94 5.0536e+01    477.020      11449  1029.1826  1029.1803     4.4055     0.0706     0.1390    34.2615    34.2588    8.10352         24 0.0000e+00
    350.000    346.085    -0.2425  28.436044    -0.2405  28.435525     4.7999     4.8947    -0.0019    92.8553 1.0000e-12  -74.11668 -113.16492  30.389561      99.95 4.9277e+01    478.029      11474  1029.1881  1029.1856     4.4051     0.0697     0.1364    34.2626    34.2597    8.10289         24 0.0000e+00
    351.000    347.074    -0.2379  28.441528    -0.2361  28.440858     4.7945     4.8913    -0.0092    92.8447 1.0000e-12  -74.11668 -113.16492  30.389572      99.94 4.9214e+01    479.017      11497  1029.1937  1029.1914     4.4046     0.0695     0.1382    34.2641    34.2613    8.10183         24 0.0000e+00
    352.000    348.062    -0.2343  28.445796    -0.2324  28.445325     4.7944     4.8885    -0.0089    92.8372 1.0000e-12  -74.11668 -113.16492  30.389583      99.94 4.9359e+01    480.007      11521  1029.1992  1029.1968     4.4042     0.0704     0.1395    34.2652    34.2625    8.10101         24 0.0000e+00
    353.000    349.050    -0.2328  28.447874    -0.2308  28.447561     4.7981     4.8888     0.0017    92.8394 1.0000e-12  -74.11668 -113.16492  30.389595      97.93 4.9361e+01    480.992      11545  1029.2042  1029.2020     4.4042     0.0701     0.1395    34.2657    34.2631    8.10066         23 0.0000e+00
    354.000    350.038    -0.2316  28.449765    -0.2298  28.449296     4.7932     4.8903     0.0009    92.8461 1.0000e-12  -74.11668 -113.16492  30.389606      90.58 4.9361e+01    481.967      11568  1029.2094  1029.2071     4.4046     0.0684     0.1395    34.2663    34.2636    8.10038         23 0.0000e+00
    355.000    351.026    -0.2302  28.451930    -0.2280  28.451737     4.7940     4.8841    -0.0057    92.8163 1.0000e-12  -74.11668 -113.16492  30.389618      97.93 4.9361e+01    482.953      11592  1029.2146  1029.2123     4.4032     0.0699     0.1386    34.2669    34.2642    8.10003         24 0.0000e+00
    356.000    352.012    -0.2268  28.456163    -0.2246  28.455913     4.7928     4.8843    -0.0065    92.7884 1.0000e-12  -74.11668 -113.16492  30.389629      99.98 4.9361e+01    483.954      11616  1029.2201  1029.2178     4.4018     0.0707     0.1377    34.2682    34.2654    8.09924         24 0.0000e+00
    357.000    353.002    -0.2258  28.457761    -0.2237  28.457416     4.7924     4.8843    -0.0040    92.8159 1.0000e-12  -74.11668 -113.16492  30.389641      99.95 4.9361e+01    484.945      11640  1029.2252  1029.2228     4.4031     0.0690     0.1397    34.2686    34.2658    8.09900         24 0.0000e+00
    358.000    353.989    -0.2241  28.459986    -0.2220  28.459844     4.7910     4.8773    -0.0092    92.8017 1.0000e-12  -74.11668 -113.16492  30.389652      99.94 4.9361e+01    485.936      11663  1029.2303  1029.2280     4.4024     0.0699     0.1398    34.2691    34.2665    8.09863         24 0.0000e+00
    359.000    354.978    -0.2209  28.463982    -0.2188  28.463685     4.7880     4.8836    -0.0017    92.7946 1.0000e-12  -74.11668 -113.16492  30.389663      99.94 4.9361e+01    486.916      11687  1029.2357  1029.2333     4.4022     0.0696     0.1394    34.2702    34.2674    8.09788         23 0.0000e+00
    360.000    355.966    -0.2203  28.464986    -0.2182  28.464696     4.7886     4.8851    -0.0103    92.7742 1.0000e-12  -74.11668 -113.16492  30.389675      99.95 4.9361e+01    487.887      11710  1029.2405  1029.2382     4.4011     0.0696     0.1389    34.2703    34.2675    8.09775         23 0.0000e+00
    361.000    356.954    -0.2195  28.466492    -0.2175  28.466077     4.7877     4.8766    -0.0157    92.7673 1.0000e-12  -74.11668 -113.16492  30.389686      99.94 4.9361e+01    488.870      11734  1029.2456  1029.2432     4.4009     0.0696     0.1397    34.2707    34.2679    8.09754         24 0.0000e+00
    362.000    357.941    -0.2169  28.469757    -0.2151  28.469331     4.7875     4.8770    -0.0051    92.7487 1.0000e-12  -74.11668 -113.16492  30.389698      99.94 4.9361e+01    489.871      11758  1029.2509  1029.2486     4.4000     0.0696     0.1404    34.2716    34.2689    8.09695         25 0.0000e+00
    363.000    358.929    -0.2150  28.472357    -0.2130  28.472010     4.7882     4.8812    -0.0083    92.7823 1.0000e-12  -74.11668 -113.16492  30.389709      99.95 4.9361e+01    490.877      11782  1029.2561  1029.2538     4.4015     0.0696     0.1397    34.2724    34.2696    8.09651         23 0.0000e+00
    364.000    359.915    -0.2154  28.472537    -0.2133  28.472220     4.7858     4.8768    -0.0149    92.7671 1.0000e-12  -74.11668 -113.16492  30.389721      99.94 4.9361e+01    491.876      11806  1029.2609  1029.2585     4.4008     0.0696     0.1397    34.2724    34.2696    8.09658         24 0.0000e+00
