ocean_section_plots/required_files/ctd/dnbp2202_ctd222.cnv
* Sea-Bird SBE 9 Data File:
* FileName = D:\Data\raw\NBP2202_CTD222.hex
* Software Version Seasave V 7.26.7.121
* Temperature SN = 1649
* Conductivity SN = 2513
* Number of Bytes Per Scan = 40
* Number of Voltage Words = 5
* Number of Scans Averaged by the Deck Unit = 1
* NMEA Latitude = 74 10.77 S
* NMEA Longitude = 110 50.68 W
* NMEA UTC (Time) = Feb 11 2022  15:09:01
* NMEA baud rate = 9600
** Ship: RVIB N.B. Palmer
** Cruise: NBP2202 Thwaites
** Station: 133
** Operator: A. Robinson
# nquan = 28
# nvalues = 348                         
# units = specified
# name 0 = prDM: Pressure, Digiquartz [db]
# name 1 = depSM: Depth [salt water, m]
# name 2 = t090C: Temperature [ITS-90, deg C]
# name 3 = c0mS/cm: Conductivity [mS/cm]
# name 4 = t190C: Temperature, 2 [ITS-90, deg C]
# name 5 = c1mS/cm: Conductivity, 2 [mS/cm]
# name 6 = sbeox0ML/L: Oxygen, SBE 43 [ml/l]
# name 7 = sbeox1ML/L: Oxygen, SBE 43, 2 [ml/l]
# name 8 = flECO-AFL: Fluorescence, WET Labs ECO-AFL/FL [mg/m^3]
# name 9 = CStarTr0: Beam Transmission, WET Labs C-Star [%]
# name 10 = par: PAR/Irradiance, Biospherical/Licor
# name 11 = latitude: Latitude [deg]
# name 12 = longitude: Longitude [deg]
# name 13 = timeJ: Julian Days
# name 14 = altM: Altimeter [m]
# name 15 = spar: SPAR, Biospherical/Licor
# name 16 = timeS: Time, Elapsed [seconds]
# name 17 = scan: Scan Count
# name 18 = density00: Density [density, kg/m^3]
# name 19 = density11: Density, 2 [density, kg/m^3]
# name 20 = v3: Voltage 3
# name 21 = v4: Voltage 4
# name 22 = v5: Voltage 5
# name 23 = sal00: Salinity, Practical [PSU]
# name 24 = sal11: Salinity, Practical, 2 [PSU]
# name 25 = oxsolML/L: Oxygen Saturation, Garcia & Gordon [ml/l]
# name 26 = nbin: number of scans per bin
# name 27 = flag: flag
# span 0 =      2.000,    349.000       
# span 1 =      1.979,    345.098       
# span 2 =    -1.5007,    -1.1339       
# span 3 =  26.856083,  27.446224       
# span 4 =    -1.5002,    -1.1323       
# span 5 =  26.856773,  27.446031       
# span 6 =     5.5396,     6.5262       
# span 7 =     5.7137,     6.6242       
# span 8 =    -0.0224,     2.0249       
# span 9 =    93.3363,    97.3629       
# span 10 = 1.0000e-12, 7.4863e+01      
# span 11 =  -74.17960,  -74.17958      
# span 12 = -110.84476, -110.84470      
# span 13 =  42.633357,  42.639289      
# span 14 =       5.24,     100.42      
# span 15 = 1.9392e+02, 2.6774e+02      
# span 16 =    181.018,    693.562      
# span 17 =       4345,      16646      
# span 18 =  1027.1679,  1029.0970      
# span 19 =  1027.1684,  1029.0955      
# span 20 =     4.4278,     4.6187      
# span 21 =     0.0639,     0.4081      
# span 22 =     0.1196,     0.1441      
# span 23 =    33.7519,    34.0881      
# span 24 =    33.7527,    34.0864      
# span 25 =    8.31011,    8.40854      
# span 26 =         25,         57      
# span 27 = 0.0000e+00, 0.0000e+00      
# interval = decibars: 1                
# start_time = Feb 11 2022 15:09:01 [NMEA time, header]
# bad_flag = -9.990e-29
*END*
[from data line 104]
    106.000    104.876    -1.4225  27.097636    -1.4213  27.097620     5.8349     6.0239     0.0364    97.3211 1.1456e-01  -74.17960 -110.84472  42.635340      99.93 2.1507e+02    352.364       8458  1027.8115  1027.8104     4.6167     0.0780     0.1260    33.9316    33.9302    8.38024         28 0.0000e+00
    107.000    105.865    -1.4225  27.099351    -1.4213  27.099460     5.8411     6.0228     0.0275    97.3140 1.0778e-01  -74.17959 -110.84472  42.635353      99.93 2.1507e+02    353.498       8485  1027.8178  1027.8168     4.6164     0.0797     0.1244    33.9333    33.9322    8.38015         28 0.0000e+00
    108.000    106.854    -1.4226  27.100711    -1.4217  27.100673     5.8385     6.0164     0.0446    97.3352 1.0144e-01  -74.17959 -110.84472  42.635366      99.93 2.1507e+02    354.643       8512  1027.8237  1027.8228     4.6174     0.0768     0.1224    33.9347    33.9336    8.38009         27 0.0000e+00
    109.000    107.844    -1.4234  27.101028    -1.4223  27.101090     5.8430     6.0224     0.0395    97.3395 9.5906e-02  -74.17959 -110.84472  42.635380      98.99 2.1507e+02    355.801       8540  1027.8290  1027.8281     4.6176     0.0749     0.1217    33.9354    33.9342    8.38021         27 0.0000e+00
    110.000    108.832    -1.4230  27.101611    -1.4219  27.101623     5.8475     6.0277     0.0240    97.3338 9.0863e-02  -74.17959 -110.84472  42.635393      97.64 2.1507e+02    356.920       8567  1027.8337  1027.8326     4.6174     0.0770     0.1224    33.9352    33.9338    8.38016         27 0.0000e+00
    111.000    109.821    -1.4234  27.102388    -1.4223  27.102545     5.8514     6.0283     0.0347    97.3415 8.3874e-02  -74.17960 -110.84472  42.635406      99.95 2.1507e+02    358.069       8595  1027.8392  1027.8384     4.6177     0.0824     0.1224    33.9360    33.9350    8.38019         28 0.0000e+00
    112.000    110.811    -1.4233  27.104062    -1.4218  27.104588     5.8458     6.0242     0.0423    97.3008 7.8956e-02  -74.17960 -110.84472  42.635420      99.93 2.1507e+02    359.246       8623  1027.8453  1027.8444     4.6158     0.0773     0.1226    33.9376    33.9366    8.38007         29 0.0000e+00
    113.000    111.799    -1.4208  27.107644    -1.4198  27.107522     5.8388     6.0246     0.0346    97.3203 7.3844e-02  -74.17960 -110.84472  42.635433      99.93 2.1507e+02    360.410       8651  1027.8511  1027.8500     4.6167     0.0795     0.1219    33.9390    33.9377    8.37942         27 0.0000e+00
    114.000    112.790    -1.4201  27.108855    -1.4188  27.109154     5.8347     6.0243     0.0290    97.3085 6.8770e-02  -74.17960 -110.84472  42.635446      99.93 2.1507e+02    361.551       8678  1027.8561  1027.8552     4.6162     0.0772     0.1255    33.9393    33.9382    8.37925         28 0.0000e+00
    115.000    113.777    -1.4200  27.109782    -1.4192  27.109482     5.8325     6.0174     0.0299    97.3575 6.4048e-02  -74.17960 -110.84472  42.635460      99.93 2.1526e+02    362.715       8706  1027.8614  1027.8603     4.6185     0.0751     0.1225    33.9399    33.9385    8.37920         28 0.0000e+00
    116.000    114.767    -1.4159  27.114707    -1.4153  27.114158     5.8298     6.0108     0.0243    97.3519 5.9430e-02  -74.17960 -110.84472  42.635473      99.94 2.1533e+02    363.871       8734  1027.8671  1027.8659     4.6182     0.0737     0.1208    33.9413    33.9399    8.37818         27 0.0000e+00
    117.000    115.757    -1.4158  27.115252    -1.4146  27.115415     5.8293     6.0198     0.0268    97.3256 5.4733e-02  -74.17960 -110.84472  42.635486      99.93 2.1628e+02    365.032       8762  1027.8720  1027.8710     4.6170     0.0849     0.1241    33.9413    33.9402    8.37816         28 0.0000e+00
    118.000    116.745    -1.4153  27.116251    -1.4142  27.116185     5.8256     6.0174     0.0653    97.3102 5.0357e-02  -74.17960 -110.84472  42.635500      99.93 2.1520e+02    366.187       8789  1027.8769  1027.8758     4.6162     0.0744     0.1217    33.9416    33.9402    8.37804         28 0.0000e+00
    119.000    117.735    -1.4155  27.116369    -1.4144  27.116399     5.8236     6.0150     0.0474    97.3345 4.6710e-02  -74.17960 -110.84472  42.635513      99.93 2.1548e+02    367.319       8817  1027.8815  1027.8805     4.6174     0.0790     0.1237    33.9413    33.9401    8.37809         26 0.0000e+00
    120.000    118.725    -1.4141  27.118436    -1.4131  27.118258     5.8225     6.0039     0.0448    97.3313 4.2793e-02  -74.17960 -110.84472  42.635526      99.93 2.1532e+02    368.463       8844  1027.8868  1027.8856     4.6172     0.0800     0.1196    33.9419    33.9405    8.37774         28 0.0000e+00
    121.000    119.712    -1.4140  27.119111    -1.4126  27.119197     5.8273     6.0014     0.0323    97.3323 3.8662e-02  -74.17960 -110.84472  42.635539      99.93 2.1570e+02    369.608       8872  1027.8917  1027.8905     4.6173     0.0755     0.1218    33.9421    33.9406    8.37770         28 0.0000e+00
    122.000    120.702    -1.4133  27.119917    -1.4124  27.119671     5.8204     6.0022     0.0385    97.3187 3.4982e-02  -74.17960 -110.84472  42.635553      99.94 2.1564e+02    370.752       8899  1027.8963  1027.8951     4.6167     0.0743     0.1243    33.9419    33.9404    8.37758         28 0.0000e+00
    123.000    121.690    -1.4126  27.121304    -1.4107  27.121853     5.8112     5.9887     0.0613    97.3240 3.1293e-02  -74.17960 -110.84472  42.635566      99.93 2.1551e+02    371.925       8927  1027.9015  1027.9003     4.6169     0.0751     0.1209    33.9423    33.9409    8.37738         28 0.0000e+00
    124.000    122.680    -1.4072  27.127716    -1.4045  27.129161     5.8108     5.9855     0.0167    97.3585 2.8068e-02  -74.17960 -110.84472  42.635580      99.93 2.1563e+02    373.089       8955  1027.9076  1027.9066     4.6185     0.0767     0.1215    33.9444    33.9433    8.37605         28 0.0000e+00
    125.000    123.669    -1.3998  27.136068    -1.3987  27.135693     5.8049     5.9909     0.0268    97.3220 2.4528e-02  -74.17960 -110.84472  42.635593      99.94 2.1540e+02    374.233       8983  1027.9140  1027.9125     4.6168     0.0745     0.1238    33.9468    33.9451    8.37424         27 0.0000e+00
    126.000    124.657    -1.3996  27.137265    -1.3985  27.137203     5.8133     5.9938     0.0146    97.3322 2.1211e-02  -74.17960 -110.84472  42.635606      99.93 2.1538e+02    375.392       9010  1027.9195  1027.9184     4.6173     0.0736     0.1205    33.9476    33.9463    8.37414         28 0.0000e+00
    127.000    125.647    -1.4012  27.137064    -1.4003  27.136709     5.8146     5.9987     0.0127    97.2948 1.8379e-02  -74.17960 -110.84472  42.635620      99.93 2.1570e+02    376.556       9038  1027.9252  1027.9240     4.6155     0.0787     0.1221    33.9486    33.9470    8.37445         28 0.0000e+00
    128.000    126.637    -1.4014  27.137400    -1.4005  27.137208     5.8208     5.9956     0.0077    97.2975 1.5378e-02  -74.17960 -110.84472  42.635633      99.93 2.1533e+02    377.702       9066  1027.9301  1027.9290     4.6157     0.0762     0.1223    33.9486    33.9473    8.37449         27 0.0000e+00
    129.000    127.624    -1.4005  27.139183    -1.3999  27.138525     5.8200     5.9980     0.0069    97.3497 1.3006e-02  -74.17960 -110.84472  42.635646      99.94 2.1521e+02    378.852       9093  1027.9355  1027.9342     4.6181     0.0745     0.1220    33.9494    33.9478    8.37423         28 0.0000e+00
    130.000    128.614    -1.4012  27.139573    -1.4001  27.139566     5.8329     5.9981     0.0104    97.3557 9.5198e-03  -74.17960 -110.84472  42.635660      99.93 2.1507e+02    380.033       9122  1027.9410  1027.9399     4.6184     0.0730     0.1232    33.9501    33.9488    8.37435         29 0.0000e+00
    131.000    129.603    -1.4028  27.139188    -1.4014  27.139407     5.8345     6.0025     0.0146    97.3509 7.3549e-03  -74.17960 -110.84472  42.635674      99.93 2.1507e+02    381.208       9150  1027.9464  1027.9453     4.6181     0.0723     0.1228    33.9507    33.9495    8.37467         27 0.0000e+00
    132.000    130.593    -1.4028  27.139779    -1.4015  27.139784     5.8380     6.0130     0.0232    97.3525 5.9838e-03  -74.17960 -110.84472  42.635687      96.30 2.1507e+02    382.354       9177  1027.9514  1027.9501     4.6183     0.0751     0.1224    33.9509    33.9495    8.37466         28 0.0000e+00
    133.000    131.581    -1.4032  27.140191    -1.4022  27.140104     5.8379     6.0142     0.0292    97.3615 2.2309e-03  -74.17960 -110.84472  42.635700      99.93 2.1507e+02    383.501       9205  1027.9566  1027.9555     4.6186     0.0735     0.1253    33.9514    33.9501    8.37473         27 0.0000e+00
    134.000    132.569    -1.4041  27.141694    -1.4033  27.141444     5.8408     6.0227     0.0460    97.3478 3.9335e-04  -74.17960 -110.84472  42.635714      99.93 2.1507e+02    384.652       9233  1027.9634  1027.9624     4.6180     0.0733     0.1229    33.9538    33.9526    8.37478         28 0.0000e+00
    135.000    133.560    -1.4028  27.143765    -1.4018  27.143629     5.8343     6.0262     0.0236    97.3490 2.5968e-06  -74.17960 -110.84472  42.635727      99.93 2.1507e+02    385.784       9260  1027.9688  1027.9676     4.6181     0.0731     0.1232    33.9546    33.9532    8.37445         27 0.0000e+00
    136.000    134.548    -1.4034  27.143656    -1.4023  27.143644     5.7992     5.9927     0.0226    97.3325 1.0000e-12  -74.17960 -110.84472  42.635740      99.93 2.1507e+02    386.925       9287  1027.9736  1027.9725     4.6173     0.0717     0.1236    33.9545    33.9532    8.37459         28 0.0000e+00
    137.000    135.537    -1.3877  27.159870    -1.3881  27.157364     5.7649     5.9559     0.0132    97.3005 1.0000e-12  -74.17960 -110.84472  42.635753      99.93 2.1507e+02    388.080       9315  1027.9805  1027.9781     4.6158     0.0747     0.1238    33.9584    33.9554    8.37083         27 0.0000e+00
    138.000    136.526    -1.3467  27.199489    -1.3499  27.194396     5.7477     5.9403     0.0013    97.3150 1.0000e-12  -74.17960 -110.84472  42.635767      99.93 2.1507e+02    389.242       9343  1027.9887  1027.9862     4.6164     0.0738     0.1236    33.9657    33.9623    8.36120         28 0.0000e+00
    139.000    137.516    -1.3437  27.202865    -1.3424  27.202741     5.7486     5.9297     0.0123    97.3629 1.0000e-12  -74.17960 -110.84472  42.635780      99.93 2.1507e+02    390.417       9371  1027.9941  1027.9927     4.6187     0.0753     0.1230    33.9663    33.9647    8.36049         29 0.0000e+00
    140.000    138.504    -1.3424  27.205382    -1.3416  27.204577     5.7510     5.9216     0.0077    97.3387 1.0000e-12  -74.17960 -110.84472  42.635794      99.93 2.1507e+02    391.579       9399  1028.0000  1027.9984     4.6176     0.0730     0.1237    33.9676    33.9656    8.36011         27 0.0000e+00
    141.000    139.492    -1.3391  27.208887    -1.3377  27.208909     5.7540     5.9218     0.0140    97.3433 1.0000e-12  -74.17960 -110.84472  42.635807      99.93 2.1507e+02    392.719       9426  1028.0052  1028.0038     4.6178     0.0735     0.1226    33.9681    33.9665    8.35935         28 0.0000e+00
    142.000    140.482    -1.3387  27.209639    -1.3370  27.210034     5.7545     5.9252     0.0122    97.3180 1.0000e-12  -74.17960 -110.84472  42.635820      99.93 2.1507e+02    393.875       9454  1028.0101  1028.0089     4.6166     0.0725     0.1244    33.9680    33.9667    8.35926         28 0.0000e+00
    143.000    141.473    -1.3383  27.210452    -1.3370  27.210526     5.7527     5.9293    -0.0068    97.3347 1.0000e-12  -74.17960 -110.84472  42.635834      92.86 2.1507e+02    395.039       9482  1028.0151  1028.0138     4.6174     0.0713     0.1239    33.9681    33.9667    8.35918         27 0.0000e+00
    144.000    142.460    -1.3385  27.210696    -1.3372  27.210629     5.7521     5.9255     0.0007    97.2898 1.0000e-12  -74.17960 -110.84472  42.635847      99.94 2.1507e+02    396.169       9509  1028.0199  1028.0186     4.6153     0.0726     0.1250    33.9680    33.9665    8.35922         27 0.0000e+00
    145.000    143.449    -1.3378  27.211921    -1.3366  27.211766     5.7493     5.9229     0.0096    97.3019 1.0000e-12  -74.17960 -110.84472  42.635860      99.94 2.1507e+02    397.314       9537  1028.0249  1028.0236     4.6159     0.0721     0.1259    33.9683    33.9667    8.35905         28 0.0000e+00
    146.000    144.438    -1.3363  27.214061    -1.3352  27.213659     5.7460     5.9197     0.0123    97.2541 1.0000e-12  -74.17960 -110.84472  42.635874      99.93 2.1507e+02    398.510       9565  1028.0303  1028.0287     4.6136     0.0715     0.1252    33.9689    33.9670    8.35868         29 0.0000e+00
    147.000    145.427    -1.3324  27.218628    -1.3305  27.218971     5.7337     5.9139     0.0069    97.1874 1.0000e-12  -74.17960 -110.84472  42.635887      99.92 2.1507e+02    399.675       9593  1028.0359  1028.0345     4.6105     0.0827     0.1268    33.9701    33.9685    8.35773         27 0.0000e+00
    148.000    146.416    -1.3276  27.224269    -1.3258  27.224454     5.7236     5.9059     0.0069    97.2779 1.0000e-12  -74.17960 -110.84472  42.635900      99.94 2.1507e+02    400.785       9620  1028.0419  1028.0403     4.6147     0.0716     0.1255    33.9718    33.9700    8.35656         27 0.0000e+00
    149.000    147.405    -1.3213  27.231248    -1.3196  27.231238     5.7088     5.8919     0.0069    97.2644 1.0000e-12  -74.17960 -110.84472  42.635913      99.93 2.1507e+02    401.926       9647  1028.0478  1028.0462     4.6141     0.0724     0.1244    33.9736    33.9717    8.35504         28 0.0000e+00
    150.000    148.394    -1.3141  27.238358    -1.3129  27.238284     5.7068     5.8873     0.0069    97.2615 1.0000e-12  -74.17960 -110.84472  42.635927      99.93 2.1507e+02    403.111       9676  1028.0530  1028.0518     4.6139     0.0749     0.1254    33.9746    33.9731    8.35337         28 0.0000e+00
    151.000    149.382    -1.3098  27.243125    -1.3083  27.243022     5.6971     5.8845    -0.0010    97.2441 1.0000e-12  -74.17960 -110.84472  42.635940      99.93 2.1507e+02    404.255       9703  1028.0585  1028.0569     4.6132     0.0720     0.1263    33.9756    33.9737    8.35235         27 0.0000e+00
    152.000    150.372    -1.3092  27.244121    -1.3072  27.244614     5.6690     5.8557     0.0006    97.2731 1.0000e-12  -74.17960 -110.84472  42.635953      99.93 2.1507e+02    405.383       9730  1028.0635  1028.0621     4.6145     0.0714     0.1278    33.9757    33.9741    8.35221         28 0.0000e+00
    153.000    151.360    -1.2925  27.260916    -1.2936  27.257806     5.6478     5.8332     0.0025    97.2798 1.0000e-12  -74.17960 -110.84472  42.635967      99.93 2.1507e+02    406.558       9758  1028.0701  1028.0676     4.6149     0.0725     0.1254    33.9792    33.9761    8.34826         28 0.0000e+00
    154.000    152.350    -1.2688  27.284076    -1.2675  27.283609     5.6402     5.8251    -0.0004    97.2852 1.0000e-12  -74.17960 -110.84472  42.635981      99.93 2.1507e+02    407.719       9786  1028.0769  1028.0752     4.6151     0.0716     0.1282    33.9834    33.9813    8.34271         27 0.0000e+00
    155.000    153.338    -1.2660  27.287283    -1.2642  27.287623     5.6428     5.8287    -0.0004    97.2751 1.0000e-12  -74.17960 -110.84472  42.635994      99.77 2.1507e+02    408.875       9814  1028.0823  1028.0809     4.6146     0.0705     0.1260    33.9841    33.9825    8.34206         28 0.0000e+00
    156.000    154.327    -1.2626  27.292424    -1.2608  27.292795     5.6502     5.8247    -0.0060    97.2687 1.0000e-12  -74.17960 -110.84472  42.636007      99.93 2.1507e+02    410.046       9842  1028.0891  1028.0878     4.6143     0.0729     0.1306    33.9866    33.9850    8.34115         29 0.0000e+00
