ocean_section_plots/required_files/ctd/dnbp2202_ctd229.cnv
* Sea-Bird SBE 9 Data File:
* FileName = D:\Data\raw\NBP2202_CTD229.hex
* Software Version Seasave V 7.26.7.121
* Temperature SN = 1649
* Conductivity SN = 2513
* Number of Bytes Per Scan = 40
* Number of Voltage Words = 5
* Number of Scans Averaged by the Deck Unit = 1
* NMEA Latitude = 74 06.03 S
* NMEA Longitude = 111 14.06 W
* NMEA UTC (Time) = Feb 12 2022  19:12:44
* NMEA baud rate = 9600
** Ship: RVIB N.B. Palmer
** Cruise: NBP2202 Thwaites
** Station: 140
** Operator: A. Robinson
# nquan = 28
# nvalues = 350                         
# units = specified
# name 0 = prDM: Pressure, Digiquartz [db]
# name 1 = depSM: Depth [salt water, m]
# name 2 = t090C: Temperature [ITS-90, deg C]
# name 3 = c0mS/cm: Conductivity [mS/cm]
# name 4 = t190C: Temperature, 2 [ITS-90, deg C]
# name 5 = c1mS/cm: Conductivity, 2 [mS/cm]
# name 6 = sbeox0ML/L: Oxygen, SBE 43 [ml/l]
# name 7 = sbeox1ML/L: Oxygen, SBE 43, 2 [ml/l]
# name 8 = flECO-AFL: Fluorescence, WET Labs ECO-AFL/FL [mg/m^3]
# name 9 = CStarTr0: Beam Transmission, WET Labs C-Star [%]
# name 10 = par: PAR/Irradiance, Biospherical/Licor
# name 11 = latitude: Latitude [deg]
# name 12 = longitude: Longitude [deg]
# name 13 = timeJ: Julian Days
# name 14 = altM: Altimeter [m]
# name 15 = spar: SPAR, Biospherical/Licor
# name 16 = timeS: Time, Elapsed [seconds]
# name 17 = scan: Scan Count
# name 18 = density00: Density [density, kg/m^3]
# name 19 = density11: Density, 2 [density, kg/m^3]
# name 20 = v3: Voltage 3
# name 21 = v4: Voltage 4
# name 22 = v5: Voltage 5
# name 23 = sal00: Salinity, Practical [PSU]
# name 24 = sal11: Salinity, Practical, 2 [PSU]
# name 25 = oxsolML/L: Oxygen Saturation, Garcia & Gordon [ml/l]
# name 26 = nbin: number of scans per bin
# name 27 = flag: flag
# span 0 =      3.000,    352.000       
# span 1 =      2.970,    348.072       
# span 2 =    -1.4518,    -1.1478       
# span 3 =  26.916321,  27.566184       
# span 4 =    -1.4527,    -1.1465       
# span 5 =  26.916810,  27.566067       
# span 6 =     5.7867,     6.7497       
# span 7 =     5.9871,     7.0135       
# span 8 =    -0.0150,     4.5616       
# span 9 =    91.0902,    97.3904       
# span 10 = -4.500e-07, 1.2465e+02      
# span 11 =  -74.10060,  -74.10054      
# span 12 = -111.23434, -111.23420      
# span 13 =  43.803275,  43.808635      
# span 14 =       2.25,      99.87      
# span 15 = 1.8303e+03, 1.8646e+03      
# span 16 =    238.977,    702.063      
# span 17 =       5736,      16851      
# span 18 =  1027.1756,  1029.1223      
# span 19 =  1027.1787,  1029.1211      
# span 20 =     4.3213,     4.6200      
# span 21 =     0.0644,     0.7726      
# span 22 =     0.1190,     0.1568      
# span 23 =    33.7588,    34.1105      
# span 24 =    33.7621,    34.1088      
# span 25 =    8.30828,    8.39679      
# span 26 =         12,         46      
# span 27 = 0.0000e+00, 0.0000e+00      
# interval = decibars: 1                
# start_time = Feb 12 2022 19:12:44 [NMEA time, header]
# bad_flag = -9.990e-29
*END*
[from data line 259]
    262.000    259.125    -1.2543  27.413190    -1.2532  27.413250     6.0033     6.2069    -0.0066    97.2774 1.0000e-12  -74.10054 -111.23422  43.806933      94.71 1.8423e+03    555.047      13322  1028.6700  1028.6691     4.6147     0.0701     0.1266    34.0770    34.0758    8.33395         25 0.0000e+00
    263.000    260.114    -1.2538  27.414291    -1.2528  27.414161     6.0024     6.2149    -0.0025    97.2499 1.0000e-12  -74.10054 -111.23422  43.806945      93.77 1.8409e+03    556.067      13347  1028.6751  1028.6741     4.6133     0.0702     0.1264    34.0772    34.0760    8.33381         24 0.0000e+00
    264.000    261.102    -1.2537  27.414715    -1.2525  27.414908     6.0100     6.2145    -0.0004    97.2337 1.0000e-12  -74.10054 -111.23422  43.806956      92.75 1.8424e+03    557.035      13370  1028.6798  1028.6790     4.6126     0.0692     0.1298    34.0771    34.0761    8.33380         23 0.0000e+00
    265.000    262.090    -1.2539  27.414801    -1.2531  27.414823     6.0084     6.2126    -0.0041    97.2523 1.0000e-12  -74.10054 -111.23422  43.806967      91.75 1.8441e+03    557.983      13393  1028.6845  1028.6837     4.6135     0.0694     0.1305    34.0769    34.0759    8.33387         23 0.0000e+00
    266.000    263.079    -1.2542  27.415012    -1.2532  27.415006     6.0023     6.2122    -0.0077    97.2457 1.0000e-12  -74.10054 -111.23422  43.806979      90.65 1.8412e+03    558.974      13416  1028.6893  1028.6885     4.6132     0.0702     0.1315    34.0768    34.0758    8.33393         24 0.0000e+00
    267.000    264.066    -1.2537  27.415992    -1.2529  27.415834     6.0018     6.2135    -0.0077    97.2493 1.0000e-12  -74.10054 -111.23422  43.806991      89.59 1.8422e+03    560.039      13442  1028.6943  1028.6934     4.6134     0.0695     0.1293    34.0771    34.0759    8.33382         26 0.0000e+00
    268.000    265.056    -1.2531  27.416964    -1.2522  27.416938     5.9997     6.2119    -0.0101    97.2031 1.0000e-12  -74.10054 -111.23422  43.807004      88.55 1.8443e+03    561.112      13468  1028.6992  1028.6982     4.6111     0.0691     0.1271    34.0771    34.0760    8.33368         25 0.0000e+00
    269.000    266.043    -1.2520  27.418527    -1.2510  27.418529     6.0031     6.2097    -0.0138    97.2092 1.0000e-12  -74.10054 -111.23422  43.807015      87.59 1.8419e+03    562.109      13492  1028.7041  1028.7031     4.6115     0.0684     0.1257    34.0773    34.0762    8.33342         24 0.0000e+00
    270.000    267.035    -1.2516  27.419337    -1.2505  27.419510     5.9991     6.2083    -0.0078    97.2168 1.0000e-12  -74.10054 -111.23422  43.807026      86.61 1.8420e+03    563.053      13514  1028.7089  1028.7080     4.6118     0.0680     0.1299    34.0773    34.0764    8.33332         22 0.0000e+00
    271.000    268.019    -1.2506  27.420650    -1.2498  27.420666     6.0019     6.2109    -0.0077    97.2189 1.0000e-12  -74.10054 -111.23422  43.807037      85.49 1.8421e+03    564.015      13537  1028.7137  1028.7129     4.6119     0.0691     0.1286    34.0775    34.0765    8.33311         24 0.0000e+00
    272.000    269.010    -1.2498  27.421985    -1.2493  27.421620     6.0001     6.2007    -0.0077    97.2436 1.0000e-12  -74.10054 -111.23422  43.807049      84.43 1.8414e+03    565.049      13562  1028.7187  1028.7178     4.6130     0.0690     0.1345    34.0778    34.0766    8.33291         25 0.0000e+00
    273.000    269.996    -1.2495  27.422818    -1.2486  27.422666     5.9981     6.1976    -0.0077    97.2473 1.0000e-12  -74.10054 -111.23422  43.807061      83.39 1.8427e+03    566.109      13588  1028.7236  1028.7226     4.6132     0.0689     0.1301    34.0779    34.0767    8.33282         26 0.0000e+00
    274.000    270.986    -1.2490  27.423605    -1.2483  27.423433     5.9960     6.2029    -0.0080    97.2280 1.0000e-12  -74.10054 -111.23422  43.807073      82.36 1.8454e+03    567.124      13612  1028.7283  1028.7274     4.6123     0.0683     0.1285    34.0778    34.0767    8.33272         23 0.0000e+00
    275.000    271.974    -1.2485  27.424652    -1.2478  27.424430     5.9995     6.2034    -0.0077    97.2415 1.0000e-12  -74.10054 -111.23422  43.807084      81.49 1.8457e+03    568.090      13635  1028.7332  1028.7323     4.6130     0.0686     0.1288    34.0780    34.0769    8.33259         23 0.0000e+00
    276.000    272.962    -1.2472  27.426275    -1.2463  27.426355     5.9953     6.1985    -0.0036    97.2269 1.0000e-12  -74.10054 -111.23422  43.807095      80.42 1.8442e+03    569.041      13658  1028.7381  1028.7373     4.6123     0.0699     0.1317    34.0782    34.0773    8.33230         23 0.0000e+00
    277.000    273.951    -1.2470  27.427025    -1.2461  27.427016     5.9917     6.2029    -0.0004    97.2076 1.0000e-12  -74.10054 -111.23422  43.807107      79.36 1.8451e+03    570.030      13682  1028.7430  1028.7421     4.6114     0.0681     0.1293    34.0784    34.0773    8.33225         25 0.0000e+00
    278.000    274.939    -1.2460  27.428599    -1.2450  27.428649     5.9929     6.1936    -0.0050    97.2125 1.0000e-12  -74.10054 -111.23422  43.807119      78.41 1.8456e+03    571.085      13707  1028.7481  1028.7471     4.6116     0.0682     0.1313    34.0788    34.0777    8.33200         26 0.0000e+00
    279.000    275.928    -1.2460  27.429030    -1.2451  27.428996     5.9916     6.1956    -0.0077    97.2000 1.0000e-12  -74.10054 -111.23422  43.807131      77.25 1.8453e+03    572.130      13732  1028.7529  1028.7520     4.6111     0.0676     0.1275    34.0787    34.0777    8.33200         23 0.0000e+00
    280.000    276.915    -1.2432  27.432558    -1.2429  27.431786     5.9859     6.2004    -0.0077    97.2102 1.0000e-12  -74.10054 -111.23422  43.807142      76.35 1.8450e+03    573.091      13755  1028.7583  1028.7571     4.6115     0.0670     0.1330    34.0797    34.0783    8.33131         23 0.0000e+00
    281.000    277.904    -1.2413  27.434897    -1.2405  27.434730     5.9842     6.1963    -0.0077    97.2212 1.0000e-12  -74.10054 -111.23422  43.807153      75.33 1.8460e+03    574.032      13778  1028.7633  1028.7624     4.6120     0.0674     0.1313    34.0802    34.0791    8.33086         23 0.0000e+00
    282.000    278.892    -1.2408  27.436042    -1.2399  27.435844     5.9886     6.1955    -0.0149    97.2238 1.0000e-12  -74.10054 -111.23420  43.807165      74.22 1.8453e+03    575.031      13802  1028.7684  1028.7673     4.6121     0.0677     0.1338    34.0805    34.0793    8.33072         25 0.0000e+00
    283.000    279.881    -1.2406  27.436607    -1.2397  27.436526     5.9925     6.2041    -0.0078    97.2249 1.0000e-12  -74.10054 -111.23422  43.807177      73.20 1.8469e+03    576.070      13827  1028.7731  1028.7722     4.6122     0.0679     0.1318    34.0804    34.0794    8.33068         25 0.0000e+00
    284.000    280.869    -1.2408  27.436810    -1.2398  27.436865     5.9957     6.1981    -0.0150    97.2253 1.0000e-12  -74.10054 -111.23420  43.807189      72.32 1.8488e+03    577.100      13851  1028.7779  1028.7769     4.6122     0.0660     0.1287    34.0804    34.0793    8.33074         24 0.0000e+00
    285.000    281.856    -1.2408  27.437286    -1.2399  27.437336     5.9959     6.1950    -0.0089    97.2010 1.0000e-12  -74.10054 -111.23422  43.807200      71.30 1.8452e+03    578.088      13875  1028.7827  1028.7818     4.6111     0.0671     0.1279    34.0804    34.0794    8.33073         23 0.0000e+00
    286.000    282.845    -1.2392  27.439694    -1.2382  27.439717     5.9874     6.1977    -0.0132    97.2135 1.0000e-12  -74.10054 -111.23420  43.807211      70.26 1.8453e+03    579.064      13899  1028.7881  1028.7872     4.6117     0.0663     0.1287    34.0813    34.0802    8.33034         24 0.0000e+00
    287.000    283.834    -1.2387  27.440503    -1.2379  27.440568     5.9882     6.2000    -0.0106    97.1897 1.0000e-12  -74.10054 -111.23422  43.807223      69.19 1.8504e+03    580.091      13923  1028.7928  1028.7921     4.6105     0.0672     0.1255    34.0812    34.0804    8.33023         25 0.0000e+00
    288.000    284.822    -1.2336  27.446481    -1.2345  27.444498     5.9842     6.1919    -0.0124    97.2002 1.0000e-12  -74.10054 -111.23420  43.807235      68.22 1.8481e+03    581.129      13948  1028.7987  1028.7974     4.6110     0.0670     0.1273    34.0830    34.0813    8.32898         25 0.0000e+00
    289.000    285.811    -1.2293  27.450825    -1.2284  27.450759     5.9812     6.1895    -0.0112    97.2269 1.0000e-12  -74.10054 -111.23422  43.807247      67.15 1.8479e+03    582.126      13972  1028.8035  1028.8026     4.6123     0.0658     0.1292    34.0834    34.0823    8.32799         23 0.0000e+00
    290.000    286.797    -1.2293  27.451211    -1.2284  27.451237     5.9775     6.1891     0.0040    97.2447 1.0000e-12  -74.10054 -111.23422  43.807258      66.03 1.8515e+03    583.111      13996  1028.8083  1028.8074     4.6131     0.0672     0.1287    34.0834    34.0823    8.32801         24 0.0000e+00
    291.000    287.788    -1.2290  27.452095    -1.2278  27.452355     5.9692     6.1885     0.0120    97.2258 1.0000e-12  -74.10054 -111.23422  43.807270      65.14 1.8496e+03    584.130      14020  1028.8133  1028.8124     4.6122     0.0667     0.1285    34.0836    34.0826    8.32792         25 0.0000e+00
    292.000    288.774    -1.2242  27.458004    -1.2243  27.456429     5.9704     6.1787    -0.0043    97.2253 1.0000e-12  -74.10054 -111.23422  43.807282      64.13 1.8486e+03    585.163      14045  1028.8194  1028.8177     4.6122     0.0654     0.1276    34.0856    34.0835    8.32673         24 0.0000e+00
    293.000    289.762    -1.2164  27.465988    -1.2153  27.466059     5.9769     6.1830     0.0043    97.2156 1.0000e-12  -74.10054 -111.23422  43.807294      63.12 1.8511e+03    586.173      14069  1028.8248  1028.8238     4.6117     0.0663     0.1307    34.0871    34.0858    8.32491         25 0.0000e+00
    294.000    290.752    -1.2164  27.466323    -1.2152  27.466429     5.9751     6.1796    -0.0074    97.2146 1.0000e-12  -74.10054 -111.23422  43.807305      62.12 1.8485e+03    587.165      14093  1028.8296  1028.8286     4.6117     0.0662     0.1281    34.0869    34.0857    8.32492         23 0.0000e+00
    295.000    291.740    -1.2165  27.466802    -1.2160  27.466247     5.9688     6.1746    -0.0004    97.2382 1.0000e-12  -74.10054 -111.23422  43.807317      61.12 1.8479e+03    588.148      14117  1028.8346  1028.8334     4.6128     0.0653     0.1307    34.0871    34.0857    8.32494         24 0.0000e+00
    296.000    292.725    -1.2155  27.468224    -1.2146  27.467976     5.9662     6.1762    -0.0073    97.2256 1.0000e-12  -74.10054 -111.23420  43.807328      60.01 1.8498e+03    589.176      14141  1028.8395  1028.8384     4.6122     0.0661     0.1309    34.0873    34.0859    8.32470         26 0.0000e+00
    297.000    293.719    -1.2136  27.470604    -1.2129  27.470307     5.9690     6.1709    -0.0077    97.2126 1.0000e-12  -74.10054 -111.23422  43.807340      58.95 1.8464e+03    590.218      14166  1028.8446  1028.8435     4.6116     0.0658     0.1268    34.0878    34.0865    8.32425         24 0.0000e+00
    298.000    294.705    -1.2125  27.472190    -1.2116  27.472065     5.9667     6.1763    -0.0077    97.2591 1.0000e-12  -74.10054 -111.23420  43.807352      57.99 1.8466e+03    591.226      14190  1028.8495  1028.8486     4.6138     0.0666     0.1284    34.0880    34.0869    8.32398         23 0.0000e+00
    299.000    295.693    -1.2118  27.473476    -1.2108  27.473352     5.9722     6.1733    -0.0077    97.2629 1.0000e-12  -74.10054 -111.23420  43.807363      57.09 1.8478e+03    592.199      14214  1028.8546  1028.8535     4.6141     0.0663     0.1296    34.0884    34.0871    8.32382         24 0.0000e+00
    300.000    296.681    -1.2110  27.474725    -1.2104  27.474292     5.9698     6.1700    -0.0077    97.2446 1.0000e-12  -74.10054 -111.23420  43.807375      55.92 1.8478e+03    593.202      14238  1028.8595  1028.8585     4.6131     0.0656     0.1291    34.0886    34.0873    8.32362         25 0.0000e+00
    301.000    297.669    -1.2099  27.476232    -1.2090  27.476199     5.9681     6.1734    -0.0121    97.2424 1.0000e-12  -74.10054 -111.23420  43.807387      54.98 1.8463e+03    594.259      14263  1028.8644  1028.8635     4.6130     0.0664     0.1282    34.0888    34.0877    8.32336         25 0.0000e+00
    302.000    298.657    -1.2094  27.477350    -1.2086  27.477046     5.9693     6.1715    -0.0113    97.1637 1.0000e-12  -74.10054 -111.23420  43.807399      54.02 1.8469e+03    595.291      14288  1028.8694  1028.8684     4.6093     0.0644     0.1271    34.0891    34.0878    8.32323         24 0.0000e+00
    303.000    299.647    -1.2096  27.477438    -1.2085  27.477658     5.9654     6.1711    -0.0110    97.1867 1.0000e-12  -74.10054 -111.23420  43.807411      52.93 1.8467e+03    596.274      14312  1028.8741  1028.8733     4.6104     0.0658     0.1286    34.0889    34.0879    8.32329         24 0.0000e+00
    304.000    300.632    -1.2098  27.477805    -1.2086  27.477916     5.9673     6.1720    -0.0109    97.2111 1.0000e-12  -74.10054 -111.23420  43.807422      52.04 1.8483e+03    597.244      14335  1028.8789  1028.8780     4.6115     0.0652     0.1268    34.0889    34.0878    8.32333         23 0.0000e+00
    305.000    301.622    -1.2098  27.478319    -1.2087  27.478339     5.9648     6.1793    -0.0021    97.2467 1.0000e-12  -74.10054 -111.23420  43.807433      50.92 1.8472e+03    598.255      14359  1028.8838  1028.8828     4.6132     0.0665     0.1324    34.0890    34.0878    8.32332         25 0.0000e+00
    306.000    302.611    -1.2097  27.478680    -1.2087  27.478718     5.9647     6.1804    -0.0066    97.2858 1.0000e-12  -74.10054 -111.23420  43.807446      49.89 1.8471e+03    599.297      14384  1028.8885  1028.8875     4.6151     0.0669     0.1263    34.0888    34.0877    8.32332         25 0.0000e+00
    307.000    303.597    -1.2094  27.479544    -1.2088  27.479166     5.9685     6.1758    -0.0007    97.2682 1.0000e-12  -74.10054 -111.23420  43.807457      48.87 1.8455e+03    600.299      14408  1028.8933  1028.8924     4.6143     0.0649     0.1286    34.0890    34.0878    8.32323         23 0.0000e+00
    308.000    304.587    -1.2093  27.479927    -1.2084  27.480052     5.9655     6.1751    -0.0081    97.2563 1.0000e-12  -74.10054 -111.23420  43.807469      47.85 1.8474e+03    601.282      14432  1028.8980  1028.8973     4.6137     0.0653     0.1293    34.0888    34.0880    8.32322         24 0.0000e+00
    309.000    305.574    -1.2092  27.480587    -1.2080  27.480761     5.9604     6.1751    -0.0147    97.2568 1.0000e-12  -74.10054 -111.23420  43.807480      46.79 1.8475e+03    602.288      14456  1028.9030  1028.9020     4.6137     0.0667     0.1302    34.0890    34.0879    8.32320         25 0.0000e+00
    310.000    306.564    -1.2090  27.481256    -1.2081  27.481143     5.9687     6.1765    -0.0086    97.2393 1.0000e-12  -74.10054 -111.23420  43.807492      45.80 1.8446e+03    603.310      14480  1028.9078  1028.9068     4.6129     0.0656     0.1305    34.0891    34.0879    8.32314         24 0.0000e+00
    311.000    307.551    -1.2086  27.482247    -1.2077  27.482138     5.9688     6.1756    -0.0134    97.2369 1.0000e-12  -74.10054 -111.23420  43.807503      44.84 1.8447e+03    604.294      14504  1028.9128  1028.9118     4.6128     0.0669     0.1297    34.0893    34.0882    8.32304         23 0.0000e+00
    312.000    308.539    -1.2077  27.483594    -1.2067  27.483632     5.9605     6.1733    -0.0150    97.2522 1.0000e-12  -74.10054 -111.23420  43.807515      43.84 1.8456e+03    605.273      14528  1028.9176  1028.9167     4.6135     0.0652     0.1284    34.0895    34.0884    8.32282         24 0.0000e+00
