ocean_section_plots/required_files/ctd/dnbp2202_ctd290.cnv
* Sea-Bird SBE 9 Data File:
* FileName = D:\Data\raw\NBP2202_CTD290.hex
* Software Version Seasave V 7.26.7.121
* Temperature SN = 1649
* Conductivity SN = 2513
* Number of Bytes Per Scan = 40
* Number of Voltage Words = 5
* Number of Scans Averaged by the Deck Unit = 1
* NMEA Latitude = 73 50.28 S
* NMEA Longitude = 111 17.39 W
* NMEA UTC (Time) = Feb 23 2022  09:14:41
* NMEA baud rate = 9600
** Ship: RVIB N.B. Palmer
** Cruise: NBP2202 Thwaites
** Station: 192
** Operator: B. Bjork
# nquan = 28
# nvalues = 306                         
# units = specified
# name 0 = prDM: Pressure, Digiquartz [db]
# name 1 = depSM: Depth [salt water, m]
# name 2 = t090C: Temperature [ITS-90, deg C]
# name 3 = c0mS/cm: Conductivity [mS/cm]
# name 4 = t190C: Temperature, 2 [ITS-90, deg C]
# name 5 = c1mS/cm: Conductivity, 2 [mS/cm]
# name 6 = sbeox0ML/L: Oxygen, SBE 43 [ml/l]
# name 7 = sbeox1ML/L: Oxygen, SBE 43, 2 [ml/l]
# name 8 = flECO-AFL: Fluorescence, WET Labs ECO-AFL/FL [mg/m^3]
# name 9 = CStarTr0: Beam Transmission, WET Labs C-Star [%]
# name 10 = par: PAR/Irradiance, Biospherical/Licor
# name 11 = latitude: Latitude [deg]
# name 12 = longitude: Longitude [deg]
# name 13 = timeJ: Julian Days
# name 14 = altM: Altimeter [m]
# name 15 = spar: SPAR, Biospherical/Licor
# name 16 = timeS: Time, Elapsed [seconds]
# name 17 = scan: Scan Count
# name 18 = density00: Density [density, kg/m^3]
# name 19 = density11: Density, 2 [density, kg/m^3]
# name 20 = v3: Voltage 3
# name 21 = v4: Voltage 4
# name 22 = v5: Voltage 5
# name 23 = sal00: Salinity, Practical [PSU]
# name 24 = sal11: Salinity, Practical, 2 [PSU]
# name 25 = oxsolML/L: Oxygen Saturation, Garcia & Gordon [ml/l]
# name 26 = nbin: number of scans per bin
# name 27 = flag: flag
# span 0 =      2.000,    307.000       
# span 1 =      1.980,    303.601       
# span 2 =    -1.6346,    -0.9777       
# span 3 =  26.800965,  27.744234       
# span 4 =    -1.6344,    -0.9761       
# span 5 =  26.801042,  27.744425       
# span 6 =     5.7723,     7.9702       
# span 7 =     5.9508,     8.2371       
# span 8 =     0.0240,     8.2863       
# span 9 =    87.7784,    98.3687       
# span 10 = 1.0000e-12, 7.2867e-01      
# span 11 =  -73.83800,  -73.83800      
# span 12 = -111.28992, -111.28988      
# span 13 =  54.388538,  54.393830      
# span 14 =       2.27,      99.89      
# span 15 = 1.5295e+01, 1.5866e+01      
# span 16 =    288.705,    745.903      
# span 17 =       6930,      17903      
# span 18 =  1027.2011,  1028.9628      
# span 19 =  1027.2030,  1028.9614      
# span 20 =     4.1644,     4.6665      
# span 21 =     0.0724,     1.3856      
# span 22 =     0.1035,     0.1775      
# span 23 =    33.7892,    34.1880      
# span 24 =    33.7923,    34.1864      
# span 25 =    8.26618,    8.43039      
# span 26 =         22,         50      
# span 27 = 0.0000e+00, 0.0000e+00      
# interval = decibars: 1                
# start_time = Feb 23 2022 09:14:41 [NMEA time, header]
# bad_flag = -9.990e-29
*END*
[from data line 259]
    261.000    258.140    -1.2362  27.471812    -1.2351  27.472089     6.0436     6.2289     0.1054    98.2115 1.0000e-12  -73.83800 -111.28988  54.392364      49.97 1.5866e+01    619.236      14863  1028.7127  1028.7120     4.6590     0.0858     0.1088    34.1374    34.1365    8.32636         24 0.0000e+00
    262.000    259.127    -1.2321  27.476748    -1.2308  27.477016     6.0388     6.2257     0.0856    98.3572 1.0000e-12  -73.83800 -111.28990  54.392376      49.00 1.5866e+01    620.260      14887  1028.7186  1028.7176     4.6659     0.0828     0.1077    34.1389    34.1377    8.32536         25 0.0000e+00
    263.000    260.117    -1.2245  27.484678    -1.2232  27.484830     6.0407     6.2261     0.0746    98.3248 1.0000e-12  -73.83800 -111.28988  54.392388      48.10 1.5866e+01    621.296      14912  1028.7243  1028.7232     4.6643     0.0770     0.1087    34.1404    34.1391    8.32356         25 0.0000e+00
    264.000    261.105    -1.2228  27.486741    -1.2215  27.487033     6.0523     6.2271     0.0650    98.2912 1.0000e-12  -73.83800 -111.28990  54.392400      46.97 1.5866e+01    622.326      14937  1028.7293  1028.7284     4.6627     0.0800     0.1077    34.1406    34.1396    8.32316         25 0.0000e+00
    265.000    262.094    -1.2160  27.494357    -1.2148  27.494248     6.0674     6.2398     0.0713    98.2672 1.0000e-12  -73.83800 -111.28988  54.392411      45.88 1.5866e+01    623.351      14961  1028.7354  1028.7342     4.6617     0.0791     0.1059    34.1427    34.1413    8.32153         24 0.0000e+00
    266.000    263.082    -1.2152  27.496112    -1.2137  27.496606     6.0875     6.2635     0.0687    98.3450 1.0000e-12  -73.83800 -111.28990  54.392423      44.99 1.5866e+01    624.382      14986  1028.7411  1028.7402     4.6653     0.0804     0.1071    34.1437    34.1426    8.32131         25 0.0000e+00
    267.000    264.070    -1.2238  27.489950    -1.2227  27.490157     6.0941     6.2826     0.0652    98.3077 1.0000e-12  -73.83800 -111.28988  54.392435      43.86 1.5866e+01    625.400      15011  1028.7472  1028.7463     4.6635     0.0755     0.1085    34.1444    34.1434    8.32318         24 0.0000e+00
    268.000    265.059    -1.2250  27.489789    -1.2232  27.490721     6.0957     6.2890     0.0708    98.2520 1.0000e-12  -73.83800 -111.28988  54.392447      42.79 1.5866e+01    626.413      15035  1028.7526  1028.7518     4.6609     0.0768     0.1135    34.1449    34.1441    8.32341         25 0.0000e+00
    269.000    266.047    -1.2275  27.488337    -1.2262  27.488742     6.0898     6.2746     0.0619    98.2962 1.0000e-12  -73.83800 -111.28988  54.392459      41.78 1.5866e+01    627.440      15060  1028.7577  1028.7569     4.6630     0.0778     0.1130    34.1451    34.1441    8.32395         24 0.0000e+00
    270.000    267.036    -1.2193  27.496883    -1.2178  27.497040     6.0921     6.2698     0.0359    98.2545 1.0000e-12  -73.83800 -111.28988  54.392471      40.72 1.5866e+01    628.469      15084  1028.7634  1028.7621     4.6610     0.0781     0.1177    34.1468    34.1453    8.32202         25 0.0000e+00
    271.000    268.024    -1.2081  27.507849    -1.2068  27.508079     6.0886     6.2660     0.0420    98.2435 1.0000e-12  -73.83800 -111.28988  54.392482      39.78 1.5866e+01    629.483      15109  1028.7688  1028.7679     4.6605     0.0793     0.1139    34.1485    34.1474    8.31944         24 0.0000e+00
    272.000    269.012    -1.2041  27.512952    -1.2029  27.513252     6.0889     6.2688     0.0705    98.1905 1.0000e-12  -73.83800 -111.28988  54.392494      38.67 1.5866e+01    630.510      15133  1028.7749  1028.7741     4.6580     0.0925     0.1176    34.1503    34.1494    8.31844         25 0.0000e+00
    273.000    270.000    -1.2044  27.513294    -1.2033  27.513473     6.0926     6.2797     0.0600    98.1808 1.0000e-12  -73.83800 -111.28988  54.392506      37.72 1.5866e+01    631.534      15158  1028.7800  1028.7791     4.6575     0.0732     0.1167    34.1505    34.1495    8.31850         25 0.0000e+00
    274.000    270.989    -1.2054  27.513047    -1.2040  27.513326     6.0841     6.2676     0.0290    98.1695 1.0000e-12  -73.83800 -111.28988  54.392518      36.71 1.5866e+01    632.558      15182  1028.7850  1028.7841     4.6570     0.0734     0.1183    34.1507    34.1495    8.31870         24 0.0000e+00
    275.000    271.978    -1.2057  27.513261    -1.2045  27.513542     6.0636     6.2584     0.0363    98.1113 1.0000e-12  -73.83800 -111.28988  54.392530      35.59 1.5866e+01    633.591      15207  1028.7900  1028.7892     4.6542     0.0752     0.1167    34.1507    34.1498    8.31877         25 0.0000e+00
    276.000    272.966    -1.1937  27.526378    -1.1920  27.526382     6.0434     6.2360     0.0365    98.0293 1.0000e-12  -73.83800 -111.28988  54.392542      34.59 1.5866e+01    634.626      15232  1028.7969  1028.7953     4.6504     0.0923     0.1176    34.1543    34.1525    8.31588         25 0.0000e+00
    277.000    273.954    -1.1737  27.545230    -1.1722  27.545317     6.0218     6.2174     0.0240    98.0139 1.0000e-12  -73.83800 -111.28988  54.392554      33.56 1.5866e+01    635.646      15257  1028.8023  1028.8010     4.6497     0.0759     0.1201    34.1568    34.1553    8.31130         24 0.0000e+00
    278.000    274.942    -1.1633  27.555721    -1.1615  27.555913     5.9979     6.1952     0.0507    98.0035 1.0000e-12  -73.83800 -111.28988  54.392566      32.55 1.5866e+01    636.670      15281  1028.8081  1028.8066     4.6492     0.0724     0.1197    34.1587    34.1570    8.30888         25 0.0000e+00
    279.000    275.931    -1.1480  27.570270    -1.1462  27.570449     5.9757     6.1738     0.0484    97.9071 1.0000e-12  -73.83800 -111.28988  54.392579      31.50 1.5866e+01    637.792      15308  1028.8135  1028.8120     4.6445     0.0768     0.1196    34.1606    34.1588    8.30538         29 0.0000e+00
    280.000    276.918    -1.1295  27.588111    -1.1278  27.588381     5.9602     6.1550     0.0384    97.8745 1.0000e-12  -73.83800 -111.28988  54.392593      30.39 1.5866e+01    639.027      15338  1028.8194  1028.8180     4.6430     0.0778     0.1193    34.1633    34.1617    8.30111         30 0.0000e+00
    281.000    277.907    -1.1187  27.598788    -1.1173  27.598947     5.9618     6.1507     0.0341    97.8749 1.0000e-12  -73.83800 -111.28988  54.392607      29.44 1.5866e+01    640.283      15368  1028.8251  1028.8239     4.6430     0.0765     0.1214    34.1650    34.1636    8.29863         31 0.0000e+00
    282.000    278.897    -1.1142  27.603425    -1.1130  27.603478     5.9596     6.1470     0.0655    97.8636 1.0000e-12  -73.83800 -111.28988  54.392622      28.35 1.5866e+01    641.549      15398  1028.8303  1028.8293     4.6425     0.0746     0.1200    34.1657    34.1644    8.29760         30 0.0000e+00
    283.000    279.884    -1.1131  27.605034    -1.1119  27.604993     5.9537     6.1368     0.0484    97.8533 1.0000e-12  -73.83800 -111.28988  54.392637      27.38 1.5866e+01    642.802      15428  1028.8356  1028.8343     4.6420     0.0900     0.1225    34.1660    34.1645    8.29734         30 0.0000e+00
    284.000    280.872    -1.1072  27.611190    -1.1064  27.610568     5.9318     6.1161     0.0455    97.8232 1.0000e-12  -73.83800 -111.28988  54.392651      26.33 1.5866e+01    644.061      15458  1028.8410  1028.8395     4.6406     0.0761     0.1216    34.1671    34.1652    8.29597         30 0.0000e+00
    285.000    281.861    -1.0938  27.624420    -1.0921  27.624419     5.9194     6.1055     0.0483    97.8075 1.0000e-12  -73.83800 -111.28988  54.392666      25.32 1.5866e+01    645.343      15489  1028.8468  1028.8452     4.6398     0.0772     0.1238    34.1692    34.1673    8.29287         31 0.0000e+00
    286.000    282.848    -1.0866  27.631289    -1.0855  27.631138     5.9216     6.1060     0.0476    97.7977 1.0000e-12  -73.83800 -111.28988  54.392681      24.26 1.5866e+01    646.629      15520  1028.8517  1028.8505     4.6394     0.0775     0.1233    34.1698    34.1683    8.29124         31 0.0000e+00
    287.000    283.837    -1.0864  27.631767    -1.0851  27.631824     5.9220     6.1070     0.0561    97.7272 1.0000e-12  -73.83800 -111.28988  54.392696      23.24 1.5866e+01    647.914      15551  1028.8566  1028.8554     4.6360     0.0773     0.1238    34.1696    34.1682    8.29121         31 0.0000e+00
    288.000    284.826    -1.0868  27.631863    -1.0852  27.632141     5.9185     6.0997     0.0842    97.7396 1.0000e-12  -73.83800 -111.28988  54.392711      22.21 1.5866e+01    649.241      15583  1028.8616  1028.8603     4.6366     0.0772     0.1233    34.1695    34.1682    8.29130         33 0.0000e+00
    289.000    285.814    -1.0804  27.638547    -1.0786  27.638655     5.9053     6.0901     0.0459    97.7117 1.0000e-12  -73.83800 -111.28988  54.392728      21.13 1.5866e+01    650.689      15618  1028.8671  1028.8654     4.6353     0.0770     0.1247    34.1708    34.1689    8.28981         36 0.0000e+00
    290.000    286.802    -1.0740  27.644814    -1.0722  27.645144     5.8969     6.0833     0.0536    97.6983 1.0000e-12  -73.83800 -111.28988  54.392746      20.12 1.5866e+01    652.235      15655  1028.8721  1028.8708     4.6346     0.0769     0.1240    34.1715    34.1699    8.28837         37 0.0000e+00
    291.000    287.791    -1.0692  27.649769    -1.0676  27.649801     5.8921     6.0797     0.0745    97.7088 1.0000e-12  -73.83800 -111.28988  54.392766      19.08 1.5866e+01    653.971      15696  1028.8773  1028.8758     4.6351     0.0777     0.1221    34.1722    34.1704    8.28726         42 0.0000e+00
    292.000    288.779    -1.0650  27.654242    -1.0632  27.654339     5.8928     6.0650     0.0555    97.6985 1.0000e-12  -73.83800 -111.28988  54.392787      17.98 1.5866e+01    655.813      15741  1028.8826  1028.8809     4.6347     0.0780     0.1264    34.1729    34.1710    8.28629         42 0.0000e+00
    293.000    289.769    -1.0560  27.663460    -1.0539  27.663907     5.8779     6.0512     0.0707    97.6521 1.0000e-12  -73.83800 -111.28988  54.392808      17.05 1.5866e+01    657.617      15784  1028.8883  1028.8867     4.6325     0.0801     0.1259    34.1746    34.1728    8.28421         39 0.0000e+00
    294.000    290.756    -1.0470  27.672459    -1.0451  27.672886     5.8649     6.0455     0.0687    97.6392 1.0000e-12  -73.83800 -111.28988  54.392829      15.98 1.5866e+01    659.431      15827  1028.8937  1028.8923     4.6319     0.0781     0.1283    34.1760    34.1745    8.28213         37 0.0000e+00
    295.000    291.742    -1.0463  27.673495    -1.0443  27.674040     5.8609     6.0426     0.0741    97.6598 1.0000e-12  -73.83800 -111.28988  54.392851      14.99 1.5866e+01    661.358      15874  1028.8986  1028.8973     4.6328     0.0802     0.1264    34.1760    34.1746    8.28198         43 0.0000e+00
    296.000    292.733    -1.0400  27.680401    -1.0384  27.680075     5.8367     6.0229     0.0747    97.6296 1.0000e-12  -73.83800 -111.28988  54.392874      13.95 1.5866e+01    663.298      15920  1028.9045  1028.9026     4.6314     0.0783     0.1285    34.1777    34.1755    8.28050         37 0.0000e+00
    297.000    293.720    -1.0241  27.696021    -1.0227  27.695963     5.8198     5.9989     0.0772    97.6400 1.0000e-12  -73.83800 -111.28988  54.392897      12.94 1.5866e+01    665.341      15969  1028.9104  1028.9090     4.6319     0.0798     0.1266    34.1803    34.1787    8.27684         45 0.0000e+00
    298.000    294.708    -1.0100  27.710189    -1.0077  27.710672     5.8037     5.9821     0.0823    97.6112 1.0000e-12  -73.83800 -111.28988  54.392922      11.87 1.5866e+01    667.498      16021  1028.9166  1028.9148     4.6306     0.0798     0.1263    34.1830    34.1810    8.27357         31 0.0000e+00
    299.000    295.697    -0.9990  27.721201    -0.9970  27.721650     5.7827     5.9678     0.0895    97.3823 1.0000e-12  -73.83800 -111.28988  54.392948      10.89 1.5866e+01    669.735      16075  1028.9224  1028.9209     4.6197     0.0895     0.1366    34.1849    34.1832    8.27104         39 0.0000e+00
    300.000    296.687    -0.9830  27.737018    -0.9819  27.736417     5.7767     5.9552     0.0789    97.3645 1.0000e-12  -73.83800 -111.28988  54.392975       9.84 1.5866e+01    672.044      16130  1028.9285  1028.9267     4.6188     0.0825     0.1313    34.1876    34.1856    8.26736         32 0.0000e+00
    301.000    297.675    -0.9789  27.741195    -0.9772  27.741337     5.7723     5.9539     0.0721    97.4947 1.0000e-12  -73.83800 -111.28988  54.393004       8.78 1.5866e+01    674.545      16190  1028.9336  1028.9322     4.6250     0.0807     0.1308    34.1880    34.1864    8.26643         34 0.0000e+00
    302.000    298.658    -0.9788  27.741632    -0.9784  27.740705     5.7737     5.9576     0.0794    97.4508 1.0000e-12  -73.83800 -111.28988  54.393047       7.74 1.5866e+01    678.217      16278  1028.9386  1028.9372     4.6229     0.0813     0.1355    34.1879    34.1862    8.26642         37 0.0000e+00
    303.000    299.651    -0.9788  27.742000    -0.9767  27.742585     5.7765     5.9544     0.0782    97.4110 1.0000e-12  -73.83800 -111.28988  54.393086       6.74 1.5866e+01    681.618      16360  1028.9435  1028.9421     4.6211     0.0817     0.1329    34.1878    34.1862    8.26642         48 0.0000e+00
    304.000    300.638    -0.9782  27.742998    -0.9765  27.743216     5.7809     5.9526     0.0899    97.4246 1.0000e-12  -73.83800 -111.28988  54.393115       5.72 1.5866e+01    684.146      16420  1028.9483  1028.9469     4.6217     0.0814     0.1358    34.1878    34.1862    8.26628         41 0.0000e+00
    305.000    301.628    -0.9780  27.743573    -0.9763  27.743847     5.7743     5.9563     0.1018    97.3931 1.0000e-12  -73.83800 -111.28988  54.393144       4.72 1.5866e+01    686.656      16481  1028.9531  1028.9518     4.6202     0.0827     0.1355    34.1878    34.1862    8.26624         38 0.0000e+00
    306.000    302.615    -0.9777  27.744234    -0.9761  27.744425     5.7749     5.9508     0.0799    97.3759 1.0000e-12  -73.83800 -111.28988  54.393173       3.69 1.5866e+01    689.177      16541  1028.9579  1028.9565     4.6193     0.0825     0.1312    34.1877    34.1862    8.26618         37 0.0000e+00
    307.000    303.601    -0.9792  27.743342    -0.9768  27.744248     5.7757     5.9558     0.0770    97.3837 1.0000e-12  -73.83800 -111.28989  54.393830       2.27 1.5866e+01    745.903      17903  1028.9628  1028.9614     4.6198     0.0803     0.1340    34.1876    34.1861    8.26652         50 0.0000e+00
