ocean_section_plots/required_files/ctd/dnbp2202_ctd184.cnv
* Sea-Bird SBE 9 Data File:
* FileName = D:\Data\raw\NBP2202_CTD184.hex
* Software Version Seasave V 7.26.7.121
* Temperature SN = 1649
* Conductivity SN = 2513
* Number of Bytes Per Scan = 40
* Number of Voltage Words = 5
* Number of Scans Averaged by the Deck Unit = 1
* NMEA Latitude = 74 09.54 S
* NMEA Longitude = 111 26.36 W
* NMEA UTC (Time) = Feb 05 2022  10:14:04
* NMEA baud rate = 9600
** Ship: RVIB N.B. Palmer
** Cruise: NBP2202 Thwaites
** Station: 106
** Operator: B Bjork
# nquan = 28
# nvalues = 321                         
# units = specified
# name 0 = prDM: Pressure, Digiquartz [db]
# name 1 = depSM: Depth [salt water, m]
# name 2 = t090C: Temperature [ITS-90, deg C]
# name 3 = c0mS/cm: Conductivity [mS/cm]
# name 4 = t190C: Temperature, 2 [ITS-90, deg C]
# name 5 = c1mS/cm: Conductivity, 2 [mS/cm]
# name 6 = sbeox0ML/L: Oxygen, SBE 43 [ml/l]
# name 7 = sbeox1ML/L: Oxygen, SBE 43, 2 [ml/l]
# name 8 = flECO-AFL: Fluorescence, WET Labs ECO-AFL/FL [mg/m^3]
# name 9 = CStarTr0: Beam Transmission, WET Labs C-Star [%]
# name 10 = par: PAR/Irradiance, Biospherical/Licor
# name 11 = latitude: Latitude [deg]
# name 12 = longitude: Longitude [deg]
# name 13 = timeJ: Julian Days
# name 14 = altM: Altimeter [m]
# name 15 = spar: SPAR, Biospherical/Licor
# name 16 = timeS: Time, Elapsed [seconds]
# name 17 = scan: Scan Count
# name 18 = density00: Density [density, kg/m^3]
# name 19 = density11: Density, 2 [density, kg/m^3]
# name 20 = v3: Voltage 3
# name 21 = v4: Voltage 4
# name 22 = v5: Voltage 5
# name 23 = sal00: Salinity, Practical [PSU]
# name 24 = sal11: Salinity, Practical, 2 [PSU]
# name 25 = oxsolML/L: Oxygen Saturation, Garcia & Gordon [ml/l]
# name 26 = nbin: number of scans per bin
# name 27 = flag: flag
# span 0 =      1.000,    321.000       
# span 1 =      1.013,    317.433       
# span 2 =    -1.3986,    -1.2854       
# span 3 =  27.051064,  27.333225       
# span 4 =    -1.3981,    -1.2865       
# span 5 =  27.051581,  27.332956       
# span 6 =     5.7532,     7.3622       
# span 7 =     5.9305,     7.5724       
# span 8 =     0.0143,     8.7621       
# span 9 =    85.5656,    98.4371       
# span 10 = -3.444e-06, 9.9420e+01      
# span 11 =  -74.15912,  -74.15912      
# span 12 = -111.43944, -111.43940      
# span 13 =  36.428840,  36.434373      
# span 14 =       4.75,     100.38      
# span 15 = 4.5704e+02, 5.4628e+02      
# span 16 =    207.750,    685.807      
# span 17 =       4987,      16460      
# span 18 =  1027.1871,  1028.9265      
# span 19 =  1027.1895,  1028.9251      
# span 20 =     4.0597,     4.6697      
# span 21 =     0.0688,     1.4210      
# span 22 =     0.1248,     0.1754      
# span 23 =    33.7883,    34.0403      
# span 24 =    33.7900,    34.0389      
# span 25 =    8.35497,    8.37640      
# span 26 =          5,         54      
# span 27 = 0.0000e+00, 0.0000e+00      
# interval = decibars: 1                
# start_time = Feb 05 2022 10:14:04 [NMEA time, header]
# bad_flag = -9.990e-29
*END*
[from data line 156]
    157.000    155.315    -1.3651  27.170681    -1.3645  27.171078     5.7972     5.9675     0.2122    98.0038 1.0000e-12  -74.15912 -111.43942  36.431491      99.83 5.2395e+02    436.783      10484  1028.0569  1028.0566     4.6491     0.1087     0.1283    33.9351    33.9349    8.36715         23 0.0000e+00
    158.000    156.304    -1.3641  27.172935    -1.3637  27.172642     5.7945     5.9660     0.1624    97.9810 1.0000e-12  -74.15912 -111.43942  36.431502      99.82 5.2366e+02    437.757      10507  1028.0627  1028.0620     4.6481     0.1035     0.1268    33.9364    33.9355    8.36684         24 0.0000e+00
    159.000    157.294    -1.3613  27.178146    -1.3609  27.177637     5.7846     5.9640     0.1458    98.1016 1.0000e-12  -74.15912 -111.43942  36.431513      99.82 5.2395e+02    438.769      10531  1028.0700  1028.0691     4.6538     0.1016     0.1252    33.9397    33.9386    8.36600         24 0.0000e+00
    160.000    158.284    -1.3592  27.182427    -1.3590  27.181830     5.8043     5.9705     0.1987    97.9938 1.0000e-12  -74.15912 -111.43942  36.431525      99.83 5.2402e+02    439.778      10556  1028.0771  1028.0763     4.6487     0.0965     0.1284    33.9427    33.9416    8.36537         24 0.0000e+00
    161.000    159.272    -1.3581  27.185238    -1.3576  27.185276     5.8061     5.9705     0.1663    98.0986 1.0000e-12  -74.15912 -111.43942  36.431537      99.82 5.2453e+02    440.760      10579  1028.0835  1028.0830     4.6537     0.0916     0.1264    33.9446    33.9441    8.36500         24 0.0000e+00
    162.000    160.260    -1.3554  27.191365    -1.3550  27.191211     5.7988     5.9757     0.1355    98.1791 1.0000e-12  -74.15912 -111.43942  36.431548      99.82 5.2640e+02    441.785      10604  1028.0920  1028.0915     4.6575     0.0897     0.1267    33.9493    33.9487    8.36411         25 0.0000e+00
    163.000    161.250    -1.3544  27.194311    -1.3541  27.194041     5.8191     5.9812     0.1624    98.2691 1.0000e-12  -74.15912 -111.43942  36.431560      99.82 5.2710e+02    442.790      10628  1028.0987  1028.0980     4.6617     0.0883     0.1264    33.9517    33.9509    8.36376         23 0.0000e+00
    164.000    162.238    -1.3529  27.197425    -1.3525  27.197200     5.8231     5.9837     0.1541    98.2235 1.0000e-12  -74.15912 -111.43942  36.431571      99.83 5.2710e+02    443.763      10651  1028.1050  1028.1044     4.6595     0.0967     0.1295    33.9537    33.9529    8.36331         24 0.0000e+00
    165.000    163.228    -1.3520  27.200676    -1.3514  27.200464     5.8087     5.9757     0.1053    98.2423 1.0000e-12  -74.15912 -111.43942  36.431583      98.94 5.2710e+02    444.763      10675  1028.1120  1028.1113     4.6605     0.1009     0.1258    33.9564    33.9555    8.36293         24 0.0000e+00
    166.000    164.216    -1.3497  27.206058    -1.3490  27.205908     5.8074     5.9702     0.0997    98.2467 1.0000e-12  -74.15912 -111.43942  36.431595      92.56 5.2686e+02    445.772      10700  1028.1201  1028.1193     4.6606     0.0896     0.1260    33.9606    33.9596    8.36217         24 0.0000e+00
    167.000    165.205    -1.3434  27.212896    -1.3429  27.212698     5.8011     5.9633     0.0814    98.2281 1.0000e-12  -74.15912 -111.43942  36.431606      99.71 5.2582e+02    446.735      10723  1028.1259  1028.1252     4.6598     0.0898     0.1332    33.9622    33.9614    8.36066         23 0.0000e+00
    168.000    166.194    -1.3415  27.215362    -1.3411  27.214888     5.7697     5.9470     0.0805    98.3564 1.0000e-12  -74.15912 -111.43942  36.431617      99.83 5.2708e+02    447.715      10746  1028.1312  1028.1303     4.6659     0.0810     0.1273    33.9629    33.9618    8.36021         24 0.0000e+00
    169.000    167.182    -1.3366  27.221346    -1.3363  27.220680     5.7624     5.9341     0.0796    98.3949 1.0000e-12  -74.15912 -111.43942  36.431629      99.83 5.2687e+02    448.718      10770  1028.1374  1028.1364     4.6677     0.0850     0.1283    33.9649    33.9637    8.35899         23 0.0000e+00
    170.000    168.172    -1.3288  27.230410    -1.3278  27.230465     5.7578     5.9305     0.0594    98.3270 1.0000e-12  -74.15912 -111.43943  36.431640      99.83 5.2651e+02    449.690      10794  1028.1441  1028.1432     4.6645     0.0842     0.1314    33.9678    33.9668    8.35705         24 0.0000e+00
    171.000    169.160    -1.3247  27.234956    -1.3243  27.234708     5.7637     5.9320     0.0482    98.3755 1.0000e-12  -74.15912 -111.43943  36.431652      99.83 5.2710e+02    450.688      10818  1028.1495  1028.1488     4.6668     0.0797     0.1248    33.9688    33.9680    8.35608         24 0.0000e+00
    172.000    170.151    -1.3242  27.236285    -1.3237  27.235916     5.7532     5.9334     0.0583    98.4014 1.0000e-12  -74.15912 -111.43943  36.431663      99.83 5.2562e+02    451.695      10842  1028.1548  1028.1541     4.6680     0.0782     0.1274    33.9694    33.9684    8.35593         24 0.0000e+00
    173.000    171.136    -1.3244  27.237016    -1.3239  27.236809     5.7594     5.9410     0.0410    98.3834 1.0000e-12  -74.15912 -111.43943  36.431674      99.83 5.2503e+02    452.668      10865  1028.1603  1028.1595     4.6671     0.0780     0.1293    33.9701    33.9692    8.35595         23 0.0000e+00
    174.000    172.127    -1.3242  27.238261    -1.3235  27.238036     5.7713     5.9402     0.0252    98.3647 1.0000e-12  -74.15912 -111.43943  36.431686      99.82 5.2534e+02    453.647      10889  1028.1658  1028.1650     4.6663     0.0762     0.1339    33.9709    33.9699    8.35584         24 0.0000e+00
    175.000    173.115    -1.3241  27.239931    -1.3235  27.239621     5.7841     5.9352     0.0292    98.4371 1.0000e-12  -74.15912 -111.43943  36.431697      99.82 5.2490e+02    454.653      10913  1028.1719  1028.1710     4.6696     0.0791     0.1306    33.9724    33.9714    8.35572         24 0.0000e+00
    176.000    174.105    -1.3223  27.243067    -1.3216  27.242966     5.7740     5.9410     0.0411    98.3979 1.0000e-12  -74.15912 -111.43943  36.431709      99.82 5.2527e+02    455.648      10937  1028.1780  1028.1772     4.6678     0.0756     0.1270    33.9742    33.9732    8.35524         24 0.0000e+00
    177.000    175.094    -1.3213  27.244808    -1.3205  27.244771     5.7895     5.9489     0.0729    98.3862 1.0000e-12  -74.15912 -111.43944  36.431720      99.82 5.2563e+02    456.646      10960  1028.1833  1028.1825     4.6672     0.0788     0.1330    33.9748    33.9738    8.35497         24 0.0000e+00
    178.000    176.082    -1.3223  27.244616    -1.3217  27.244510     5.7969     5.9727     0.0375    98.4244 1.0000e-12  -74.15912 -111.43944  36.431732      99.82 5.2690e+02    457.663      10985  1028.1884  1028.1877     4.6691     0.0867     0.1279    33.9750    33.9742    8.35517         24 0.0000e+00
    179.000    177.070    -1.3266  27.242038    -1.3267  27.241476     5.8200     5.9932     0.0412    98.4367 1.0000e-12  -74.15912 -111.43943  36.431744      95.85 5.2562e+02    458.655      11009  1028.1941  1028.1936     4.6697     0.0789     0.1277    33.9757    33.9751    8.35609         24 0.0000e+00
    180.000    178.061    -1.3321  27.238686    -1.3321  27.238222     5.8418     6.0015     0.0243    98.4356 1.0000e-12  -74.15912 -111.43942  36.431755      99.16 5.2556e+02    459.629      11032  1028.2001  1028.1996     4.6696     0.0807     0.1286    33.9767    33.9761    8.35726         24 0.0000e+00
    181.000    179.049    -1.3353  27.236746    -1.3355  27.236033     5.8428     6.0117     0.0430    98.4205 1.0000e-12  -74.15912 -111.43942  36.431767      99.82 5.2710e+02    460.645      11056  1028.2053  1028.2048     4.6689     0.0777     0.1285    33.9770    33.9764    8.35796         24 0.0000e+00
    182.000    180.038    -1.3397  27.234233    -1.3386  27.234241     5.8634     6.0198     0.0532    98.3792 1.0000e-12  -74.15912 -111.43942  36.431778      99.82 5.2643e+02    461.659      11081  1028.2112  1028.2101     4.6669     0.0766     0.1323    33.9780    33.9768    8.35890         24 0.0000e+00
    183.000    181.024    -1.3402  27.234055    -1.3400  27.233711     5.8679     6.0342     0.0621    98.3767 1.0000e-12  -74.15912 -111.43942  36.431790      99.82 5.2710e+02    462.630      11104  1028.2157  1028.2152     4.6668     0.0784     0.1298    33.9777    33.9770    8.35902         23 0.0000e+00
    184.000    182.016    -1.3437  27.232005    -1.3439  27.231241     5.8733     6.0461     0.0688    98.3919 1.0000e-12  -74.15912 -111.43942  36.431801      99.82 5.2710e+02    463.629      11128  1028.2212  1028.2205     4.6676     0.0781     0.1285    33.9783    33.9775    8.35978         25 0.0000e+00
    185.000    183.003    -1.3467  27.230188    -1.3479  27.228865     5.8928     6.0494     0.0778    98.3459 1.0000e-12  -74.15912 -111.43942  36.431813      99.82 5.2710e+02    464.638      11152  1028.2263  1028.2260     4.6653     0.0797     0.1289    33.9786    33.9780    8.36043         23 0.0000e+00
    186.000    183.994    -1.3505  27.227930    -1.3503  27.227576     5.9009     6.0556     0.0873    98.4129 1.0000e-12  -74.15912 -111.43942  36.431824      99.82 5.2710e+02    465.618      11176  1028.2318  1028.2313     4.6685     0.0793     0.1325    33.9791    33.9785    8.36125         24 0.0000e+00
    187.000    184.980    -1.3517  27.227621    -1.3511  27.227458     5.8973     6.0650     0.0998    98.3398 1.0000e-12  -74.15912 -111.43942  36.431836      99.83 5.2695e+02    466.608      11200  1028.2369  1028.2361     4.6651     0.0864     0.1298    33.9794    33.9785    8.36150         24 0.0000e+00
    188.000    185.970    -1.3544  27.226048    -1.3536  27.226151     5.8973     6.0709     0.1048    98.2462 1.0000e-12  -74.15912 -111.43942  36.431847      99.82 5.2656e+02    467.602      11223  1028.2421  1028.2414     4.6606     0.0893     0.1303    33.9798    33.9790    8.36210         23 0.0000e+00
    189.000    186.959    -1.3539  27.227018    -1.3532  27.226858     5.9045     6.0753     0.1031    98.3099 1.0000e-12  -74.15912 -111.43942  36.431859      99.83 5.2599e+02    468.577      11247  1028.2468  1028.2460     4.6637     0.0841     0.1270    33.9798    33.9789    8.36196         24 0.0000e+00
    190.000    187.948    -1.3557  27.226192    -1.3543  27.226566     5.9118     6.0822     0.1149    98.2826 1.0000e-12  -74.15912 -111.43942  36.431870      99.82 5.2713e+02    469.586      11271  1028.2520  1028.2510     4.6624     0.0804     0.1356    33.9802    33.9791    8.36236         24 0.0000e+00
    191.000    188.936    -1.3569  27.225749    -1.3568  27.225294     5.9096     6.0832     0.1195    98.2764 1.0000e-12  -74.15912 -111.43942  36.431882      99.83 5.2710e+02    470.598      11295  1028.2569  1028.2563     4.6621     0.0782     0.1307    33.9803    33.9795    8.36262         25 0.0000e+00
    192.000    189.923    -1.3574  27.225795    -1.3570  27.225566     5.9083     6.0810     0.1283    98.2960 1.0000e-12  -74.15912 -111.43942  36.431893      99.82 5.2710e+02    471.580      11319  1028.2617  1028.2610     4.6630     0.0809     0.1305    33.9803    33.9795    8.36273         23 0.0000e+00
    193.000    190.914    -1.3581  27.225736    -1.3579  27.225313     5.9154     6.0851     0.0921    98.2712 1.0000e-12  -74.15912 -111.43942  36.431905      99.82 5.2710e+02    472.572      11343  1028.2666  1028.2659     4.6618     0.0808     0.1305    33.9804    33.9795    8.36288         24 0.0000e+00
    194.000    191.903    -1.3584  27.226640    -1.3576  27.226566     5.9043     6.0776     0.0736    98.3007 1.0000e-12  -74.15912 -111.43942  36.431916      99.82 5.2710e+02    473.572      11367  1028.2721  1028.2713     4.6632     0.0936     0.1310    33.9813    33.9804    8.36289         24 0.0000e+00
    195.000    192.890    -1.3543  27.231425    -1.3533  27.231444     5.8937     6.0681     0.0817    98.2277 1.0000e-12  -74.15912 -111.43942  36.431928      99.82 5.2710e+02    474.558      11390  1028.2777  1028.2767     4.6597     0.0870     0.1286    33.9827    33.9815    8.36190         24 0.0000e+00
    196.000    193.881    -1.3473  27.238714    -1.3467  27.238500     5.9000     6.0678     0.0774    98.1996 1.0000e-12  -74.15912 -111.43942  36.431939      99.83 5.2710e+02    475.559      11414  1028.2832  1028.2823     4.6584     0.0813     0.1304    33.9842    33.9831    8.36025         24 0.0000e+00
    197.000    194.867    -1.3457  27.241919    -1.3451  27.241797     5.8995     6.0782     0.1074    98.1821 1.0000e-12  -74.15912 -111.43942  36.431951      99.82 5.2710e+02    476.574      11439  1028.2894  1028.2887     4.6576     0.1076     0.1312    33.9860    33.9852    8.35976         24 0.0000e+00
    198.000    195.857    -1.3474  27.241500    -1.3472  27.241099     5.9166     6.0872     0.1651    98.2517 1.0000e-12  -74.15912 -111.43942  36.431963      99.82 5.2710e+02    477.573      11463  1028.2950  1028.2943     4.6609     0.0873     0.1305    33.9868    33.9860    8.36010         24 0.0000e+00
    199.000    196.847    -1.3494  27.241001    -1.3495  27.240464     5.9259     6.0870     0.0904    98.2928 1.0000e-12  -74.15912 -111.43942  36.431974      99.83 5.2710e+02    478.579      11487  1028.3007  1028.3002     4.6628     0.0997     0.1297    33.9878    33.9871    8.36050         25 0.0000e+00
    200.000    197.834    -1.3522  27.239605    -1.3516  27.239575     5.9210     6.0993     0.0935    98.3246 1.0000e-12  -74.15912 -111.43942  36.431986      99.83 5.2876e+02    479.589      11511  1028.3062  1028.3056     4.6643     0.0839     0.1404    33.9884    33.9877    8.36109         24 0.0000e+00
    201.000    198.824    -1.3523  27.240050    -1.3518  27.239759     5.9362     6.1054     0.0768    98.3564 1.0000e-12  -74.15912 -111.43942  36.431997      99.82 5.2756e+02    480.579      11535  1028.3111  1028.3102     4.6658     0.0942     0.1303    33.9885    33.9875    8.36110         23 0.0000e+00
    202.000    199.811    -1.3544  27.239441    -1.3541  27.239106     5.9462     6.1159     0.0959    98.3082 1.0000e-12  -74.15912 -111.43942  36.432009      99.82 5.2769e+02    481.555      11558  1028.3167  1028.3161     4.6636     0.0877     0.1295    33.9894    33.9887    8.36151         24 0.0000e+00
    203.000    200.800    -1.3583  27.237878    -1.3577  27.237688     5.9585     6.1295     0.1513    98.2268 1.0000e-12  -74.15912 -111.43942  36.432020      99.83 5.2725e+02    482.556      11582  1028.3231  1028.3224     4.6598     0.0898     0.1267    33.9911    33.9902    8.36229         24 0.0000e+00
    204.000    201.790    -1.3640  27.235759    -1.3635  27.235625     5.9710     6.1421     0.1470    98.2471 1.0000e-12  -74.15912 -111.43942  36.432032      99.81 5.2640e+02    483.554      11606  1028.3306  1028.3300     4.6607     0.0890     0.1286    33.9941    33.9933    8.36340         23 0.0000e+00
    205.000    202.778    -1.3657  27.235748    -1.3652  27.235439     5.9817     6.1478     0.1378    98.2632 1.0000e-12  -74.15912 -111.43941  36.432043      99.69 5.2789e+02    484.550      11630  1028.3365  1028.3357     4.6614     0.0862     0.1264    33.9953    33.9943    8.36370         25 0.0000e+00
    206.000    203.766    -1.3670  27.235683    -1.3667  27.235263     5.9879     6.1471     0.1126    98.0208 1.0000e-12  -74.15912 -111.43941  36.432055      99.71 5.3033e+02    485.560      11654  1028.3420  1028.3412     4.6500     0.0901     0.1374    33.9961    33.9952    8.36394         24 0.0000e+00
    207.000    204.755    -1.3677  27.235871    -1.3671  27.235581     5.9857     6.1440     0.0965    98.2203 1.0000e-12  -74.15912 -111.43941  36.432067      99.82 5.2990e+02    486.554      11678  1028.3471  1028.3462     4.6594     0.0819     0.1282    33.9965    33.9954    8.36408         24 0.0000e+00
