ocean_section_plots/required_files/ctd/dnbp2202_ctd017.cnv
* Sea-Bird SBE 9 Data File:
* FileName = D:\Data\raw\NBP2202_CTD017.hex
* Software Version Seasave V 7.26.7.121
* Temperature SN = 1649
* Conductivity SN = 2513
* Number of Bytes Per Scan = 40
* Number of Voltage Words = 5
* Number of Scans Averaged by the Deck Unit = 1
* NMEA Latitude = 73 48.30 S
* NMEA Longitude = 112 40.09 W
* NMEA UTC (Time) = Jan 17 2022  15:44:46
* NMEA baud rate = 9600
** Ship: RVIB N.B. Palmer
** Cruise: NBP2202 Thwaites
** Station: #12
** Operator: A. Robinson
** Glider deployment
# nquan = 25
# nvalues = 753                         
# units = specified
# name 0 = prDM: Pressure, Digiquartz [db]
# name 1 = depSM: Depth [salt water, m]
# name 2 = t090C: Temperature [ITS-90, deg C]
# name 3 = c0mS/cm: Conductivity [mS/cm]
# name 4 = t190C: Temperature, 2 [ITS-90, deg C]
# name 5 = c1mS/cm: Conductivity, 2 [mS/cm]
# name 6 = sbeox0ML/L: Oxygen, SBE 43 [ml/l]
# name 7 = sbeox1ML/L: Oxygen, SBE 43, 2 [ml/l]
# name 8 = flECO-AFL: Fluorescence, WET Labs ECO-AFL/FL [mg/m^3]
# name 9 = CStarTr0: Beam Transmission, WET Labs C-Star [%]
# name 10 = par: PAR/Irradiance, Biospherical/Licor
# name 11 = latitude: Latitude [deg]
# name 12 = longitude: Longitude [deg]
# name 13 = timeJ: Julian Days
# name 14 = altM: Altimeter [m]
# name 15 = spar: SPAR, Biospherical/Licor
# name 16 = timeS: Time, Elapsed [seconds]
# name 17 = scan: Scan Count
# name 18 = density00: Density [density, kg/m^3]
# name 19 = density11: Density, 2 [density, kg/m^3]
# name 20 = sal00: Salinity, Practical [PSU]
# name 21 = sal11: Salinity, Practical, 2 [PSU]
# name 22 = oxsolML/L: Oxygen Saturation, Garcia & Gordon [ml/l]
# name 23 = nbin: number of scans per bin
# name 24 = flag: flag
# span 0 =      3.000,    755.000       
# span 1 =      2.970,    745.848       
# span 2 =    -1.4506,     0.5674       
# span 3 =  27.126601,  29.537593       
# span 4 =    -1.4501,     0.5696       
# span 5 =  27.126256,  29.537208       
# span 6 =     4.5507,     8.9667       
# span 7 =     4.8100,     9.5484       
# span 8 =    -0.0152,    29.2004       
# span 9 =    67.2111,    99.4142       
# span 10 = 1.0000e-12, 2.5329e+02      
# span 11 =  -73.80504,  -73.80504      
# span 12 = -112.66824, -112.66816      
# span 13 =  17.658573,  17.671512      
# span 14 =       6.37,     100.16      
# span 15 = 6.5932e+02, 2.4750e+03      
# span 16 =    214.708,   1332.586      
# span 17 =       5154,      31983      
# span 18 =  1027.1831,  1031.2839      
# span 19 =  1027.1839,  1031.2816      
# span 20 =    33.8050,    34.5693      
# span 21 =    33.8046,    34.5663      
# span 22 =    7.91689,    8.38417      
# span 23 =          5,         48      
# span 24 = 0.0000e+00, 0.0000e+00      
# interval = decibars: 1                
# start_time = Jan 17 2022 15:44:46 [NMEA time, header]
# bad_flag = -9.990e-29
*END*
[from data line 348]
    351.000    347.079    -0.3311  28.344678    -0.3297  28.343995     4.9087     5.2013     0.0107    98.7188 1.0000e-12  -73.80504 -112.66819  17.664324      89.89 8.9687e+02    711.623      17080  1029.1795  1029.1775    34.2396    34.2372    8.12307         31 0.0000e+00
    352.000    348.067    -0.3318  28.344794    -0.3303  28.344181     4.9149     5.2028     0.0050    98.7229 1.0000e-12  -73.80504 -112.66819  17.664338      99.27 8.7681e+02    712.806      17108  1029.1847  1029.1826    34.2400    34.2375    8.12321         26 0.0000e+00
    353.000    349.054    -0.3331  28.344339    -0.3313  28.344059     4.9141     5.2070     0.0135    98.7062 1.0000e-12  -73.80504 -112.66818  17.664350      99.84 8.6769e+02    713.839      17133  1029.1898  1029.1878    34.2403    34.2379    8.12348         24 0.0000e+00
    354.000    350.043    -0.3309  28.347339    -0.3293  28.346817     4.9190     5.2078     0.0174    98.7121 1.0000e-12  -73.80504 -112.66816  17.664362      99.84 8.6348e+02    714.853      17157  1029.1952  1029.1930    34.2412    34.2386    8.12295         25 0.0000e+00
    355.000    351.031    -0.3311  28.348011    -0.3291  28.347834     4.9175     5.2070     0.0181    98.7089 1.0000e-12  -73.80504 -112.66816  17.664376      99.85 8.6005e+02    716.060      17186  1029.2004  1029.1983    34.2417    34.2392    8.12295         34 0.0000e+00
    356.000    352.019    -0.3288  28.351165    -0.3266  28.350945     4.9151     5.2067     0.0201    98.7143 1.0000e-12  -73.80504 -112.66817  17.664394      99.84 8.5589e+02    717.636      17224  1029.2058  1029.2035    34.2427    34.2400    8.12241         38 0.0000e+00
    357.000    353.008    -0.3279  28.352327    -0.3263  28.351908     4.9162     5.2077     0.0139    98.7392 1.0000e-12  -73.80504 -112.66818  17.664410      99.85 8.5323e+02    718.994      17257  1029.2105  1029.2085    34.2427    34.2403    8.12222         27 0.0000e+00
    358.000    353.993    -0.3280  28.352864    -0.3264  28.352351     4.9207     5.2084     0.0146    98.7238 1.0000e-12  -73.80504 -112.66818  17.664421      99.84 8.5224e+02    719.999      17281  1029.2154  1029.2134    34.2429    34.2404    8.12222         23 0.0000e+00
    359.000    354.983    -0.3279  28.353615    -0.3260  28.353276     4.9222     5.2077     0.0212    98.6772 1.0000e-12  -73.80504 -112.66818  17.664432      99.84 8.5148e+02    720.923      17303  1029.2205  1029.2183    34.2432    34.2406    8.12220         22 0.0000e+00
    360.000    355.971    -0.3272  28.354978    -0.3249  28.354851     4.9183     5.2033     0.0341    98.5306 1.0000e-12  -73.80504 -112.66817  17.664445      99.85 8.5147e+02    722.027      17330  1029.2255  1029.2231    34.2436    34.2409    8.12202         31 0.0000e+00
    361.000    356.959    -0.3253  28.357233    -0.3235  28.356814     4.9111     5.1952     0.0288    98.7156 1.0000e-12  -73.80504 -112.66817  17.664463      85.86 8.5147e+02    723.624      17368  1029.2304  1029.2282    34.2439    34.2413    8.12160         39 0.0000e+00
    362.000    357.947    -0.3222  28.360733    -0.3211  28.359677     4.9114     5.2009     0.0185    98.7535 1.0000e-12  -73.80504 -112.66817  17.664479      92.21 8.5120e+02    724.979      17400  1029.2354  1029.2332    34.2445    34.2419    8.12091         27 0.0000e+00
    363.000    358.934    -0.3217  28.361715    -0.3198  28.361435     4.9082     5.2036     0.0142    98.7472 1.0000e-12  -73.80504 -112.66818  17.664491      99.95 8.5140e+02    726.014      17425  1029.2402  1029.2380    34.2446    34.2421    8.12079         23 0.0000e+00
    364.000    359.923    -0.3200  28.363851    -0.3179  28.363565     4.9114     5.2037     0.0178    98.7330 1.0000e-12  -73.80504 -112.66818  17.664502      99.85 8.5161e+02    726.988      17449  1029.2451  1029.2428    34.2449    34.2423    8.12040         25 0.0000e+00
    365.000    360.910    -0.3179  28.366672    -0.3162  28.366181     4.9126     5.2041     0.0083    98.7429 1.0000e-12  -73.80504 -112.66818  17.664515      99.84 8.5238e+02    728.104      17476  1029.2504  1029.2482    34.2458    34.2432    8.11992         30 0.0000e+00
    366.000    361.898    -0.3154  28.370881    -0.3141  28.369938     4.9112     5.2046     0.0096    98.6958 1.0000e-12  -73.80504 -112.66817  17.664531      99.84 8.5296e+02    729.454      17508  1029.2568  1029.2544    34.2480    34.2452    8.11926         33 0.0000e+00
    367.000    362.886    -0.3134  28.373830    -0.3120  28.372914     4.9156     5.2073     0.0200    98.7742 1.0000e-12  -73.80504 -112.66817  17.664547      99.84 8.5374e+02    730.843      17541  1029.2622  1029.2599    34.2491    34.2463    8.11876         32 0.0000e+00
    368.000    363.874    -0.3119  28.376195    -0.3099  28.375730     4.9165     5.2060     0.0107    98.7462 1.0000e-12  -73.80504 -112.66816  17.664561      99.84 8.5412e+02    732.088      17571  1029.2675  1029.2652    34.2499    34.2471    8.11839         28 0.0000e+00
    369.000    364.862    -0.3095  28.379586    -0.3073  28.379409     4.9150     5.2047     0.0052    98.6935 1.0000e-12  -73.80504 -112.66818  17.664574      99.84 8.5411e+02    733.202      17598  1029.2731  1029.2708    34.2512    34.2485    8.11781         26 0.0000e+00
    370.000    365.850    -0.3031  28.386601    -0.3009  28.386462     4.9160     5.2102     0.0305    98.7672 1.0000e-12  -73.80504 -112.66816  17.664587      99.84 8.5566e+02    734.289      17624  1029.2787  1029.2764    34.2528    34.2501    8.11636         28 0.0000e+00
    371.000    366.838    -0.3022  28.388835    -0.3004  28.388223     4.9330     5.2190     0.0117    98.7277 1.0000e-12  -73.80504 -112.66818  17.664600      99.85 8.5596e+02    735.474      17652  1029.2845  1029.2821    34.2541    34.2513    8.11608         29 0.0000e+00
    372.000    367.825    -0.3041  28.388684    -0.3026  28.388146     4.9526     5.2426     0.0090    98.4964 1.0000e-12  -73.80504 -112.66818  17.664615      99.54 8.5610e+02    736.776      17684  1029.2906  1029.2885    34.2555    34.2530    8.11642         32 0.0000e+00
    373.000    368.814    -0.3163  28.380284    -0.3139  28.380419     4.9667     5.2550     0.0143    98.7226 1.0000e-12  -73.80504 -112.66817  17.664630      86.82 8.5651e+02    738.025      17714  1029.2978  1029.2957    34.2573    34.2549    8.11890         28 0.0000e+00
    374.000    369.801    -0.3215  28.376985    -0.3196  28.376586     4.9687     5.2539     0.0143    98.7678 1.0000e-12  -73.80504 -112.66818  17.664643      98.06 8.5582e+02    739.187      17741  1029.3037  1029.3015    34.2582    34.2555    8.11997         28 0.0000e+00
    375.000    370.790    -0.3111  28.390253    -0.3061  28.392372     4.9482     5.2370     0.0143    98.7658 1.0000e-12  -73.80504 -112.66816  17.664657      99.81 8.5441e+02    740.356      17770  1029.3119  1029.3093    34.2636    34.2609    8.11744         29 0.0000e+00
    376.000    371.777    -0.2929  28.408244    -0.2900  28.408559     4.9138     5.2113     0.0143    98.7581 1.0000e-12  -73.80504 -112.66818  17.664671      99.85 8.5566e+02    741.604      17799  1029.3175  1029.3150    34.2666    34.2638    8.11340         31 0.0000e+00
    377.000    372.766    -0.2710  28.429432    -0.2687  28.429066     4.8910     5.1913     0.0150    98.7621 1.0000e-12  -73.80504 -112.66818  17.664686      99.84 8.5418e+02    742.887      17830  1029.3229  1029.3204    34.2696    34.2666    8.10855         30 0.0000e+00
    378.000    373.754    -0.2576  28.442325    -0.2559  28.441456     4.8777     5.1750     0.0165    98.7782 1.0000e-12  -73.80504 -112.66818  17.664700      99.84 8.5238e+02    744.115      17860  1029.3279  1029.3253    34.2711    34.2681    8.10561         26 0.0000e+00
    379.000    374.741    -0.2496  28.450367    -0.2482  28.449283     4.8775     5.1718     0.0098    98.8418 1.0000e-12  -73.80504 -112.66820  17.664714      99.84 8.5153e+02    745.278      17888  1029.3331  1029.3306    34.2723    34.2693    8.10386         28 0.0000e+00
    380.000    375.728    -0.2465  28.453934    -0.2448  28.453362     4.8751     5.1685     0.0326    98.8340 1.0000e-12  -73.80504 -112.66818  17.664727      99.84 8.5147e+02    746.409      17915  1029.3383  1029.3360    34.2730    34.2702    8.10316         27 0.0000e+00
    381.000    376.718    -0.2465  28.454433    -0.2445  28.454047     4.8835     5.1724     0.0318    98.8213 1.0000e-12  -73.80504 -112.66820  17.664740      99.84 8.5016e+02    747.554      17942  1029.3433  1029.3409    34.2731    34.2703    8.10316         28 0.0000e+00
    382.000    377.703    -0.2468  28.454471    -0.2447  28.454341     4.8741     5.1646     0.0547    98.7775 1.0000e-12  -73.80504 -112.66820  17.664754      99.84 8.5000e+02    748.779      17972  1029.3480  1029.3458    34.2729    34.2703    8.10323         31 0.0000e+00
    383.000    378.691    -0.2418  28.460071    -0.2400  28.459390     4.8545     5.1499     0.0078    98.7714 1.0000e-12  -73.80504 -112.66820  17.664770      85.16 8.4901e+02    750.166      18005  1029.3534  1029.3510    34.2741    34.2711    8.10210         35 0.0000e+00
    384.000    379.682    -0.2206  28.480634    -0.2191  28.479701     4.8531     5.1382     0.0057    98.7032 1.0000e-12  -73.80504 -112.66820  17.664786      92.03 8.4666e+02    751.516      18037  1029.3589  1029.3565    34.2771    34.2741    8.09743         30 0.0000e+00
    385.000    380.667    -0.2178  28.483747    -0.2172  28.482232     4.8519     5.1379     0.0212    98.7111 1.0000e-12  -73.80504 -112.66820  17.664799      99.80 8.4689e+02    752.661      18065  1029.3639  1029.3617    34.2775    34.2747    8.09681         25 0.0000e+00
    386.000    381.657    -0.2205  28.481755    -0.2191  28.481017     4.8524     5.1429    -0.0104    98.7375 1.0000e-12  -73.80504 -112.66820  17.664812      99.84 8.4652e+02    753.717      18090  1029.3689  1029.3668    34.2773    34.2747    8.09739         26 0.0000e+00
    387.000    382.645    -0.2225  28.480465    -0.2208  28.479813     4.8569     5.1458     0.0047    98.6707 1.0000e-12  -73.80504 -112.66820  17.664825      99.84 8.4574e+02    754.879      18118  1029.3738  1029.3715    34.2772    34.2744    8.09782         26 0.0000e+00
    388.000    383.631    -0.2219  28.481359    -0.2211  28.479947     4.8538     5.1399     0.0191    98.6347 1.0000e-12  -73.80504 -112.66820  17.664841      99.84 8.4557e+02    756.274      18152  1029.3786  1029.3763    34.2771    34.2743    8.09770         35 0.0000e+00
    389.000    384.619    -0.2205  28.483153    -0.2203  28.481134     4.8575     5.1365     0.0142    98.6654 1.0000e-12  -73.80504 -112.66820  17.664857      99.84 8.4582e+02    757.623      18184  1029.3835  1029.3812    34.2773    34.2744    8.09739         29 0.0000e+00
    390.000    385.607    -0.2188  28.485018    -0.2154  28.486093     4.8718     5.1534     0.0143    98.6701 1.0000e-12  -73.80504 -112.66820  17.664870      99.84 8.4482e+02    758.730      18211  1029.3881  1029.3859    34.2773    34.2748    8.09702         25 0.0000e+00
    391.000    386.595    -0.2259  28.478843    -0.2257  28.477303     4.8852     5.1666     0.0143    98.6544 1.0000e-12  -73.80504 -112.66820  17.664881      99.84 8.4470e+02    759.756      18235  1029.3929  1029.3910    34.2765    34.2741    8.09859         25 0.0000e+00
    392.000    387.582    -0.2424  28.464535    -0.2388  28.466030     4.8904     5.1796     0.0065    98.6956 1.0000e-12  -73.80504 -112.66820  17.664894      99.84 8.4539e+02    760.874      18262  1029.3981  1029.3962    34.2753    34.2733    8.10215         29 0.0000e+00
    393.000    388.571    -0.2475  28.460310    -0.2461  28.459484     4.9009     5.1855     0.0171    98.6777 1.0000e-12  -73.80504 -112.66820  17.664909      99.84 8.4575e+02    762.162      18293  1029.4029  1029.4006    34.2748    34.2721    8.10326         33 0.0000e+00
    394.000    389.559    -0.2563  28.453335    -0.2554  28.452117     4.9119     5.1942     0.0225    98.6930 1.0000e-12  -73.80504 -112.66820  17.664925      83.95 8.4499e+02    763.492      18325  1029.4083  1029.4061    34.2748    34.2722    8.10514         31 0.0000e+00
    395.000    390.546    -0.2607  28.451321    -0.2590  28.450769     4.9107     5.1913    -0.0026    98.6888 1.0000e-12  -73.80504 -112.66821  17.664939      96.15 8.4536e+02    764.721      18354  1029.4146  1029.4124    34.2764    34.2737    8.10597         28 0.0000e+00
    396.000    391.534    -0.2605  28.454174    -0.2588  28.453157     4.9003     5.1817    -0.0024    98.6784 1.0000e-12  -73.80504 -112.66822  17.664952      99.83 8.4469e+02    765.853      18381  1029.4216  1029.4190    34.2794    34.2762    8.10577         26 0.0000e+00
    397.000    392.521    -0.2460  28.468962    -0.2444  28.468268     4.8857     5.1775    -0.0015    98.6728 1.0000e-12  -73.80504 -112.66822  17.664965      99.85 8.4468e+02    766.961      18408  1029.4274  1029.4251    34.2823    34.2796    8.10253         27 0.0000e+00
    398.000    393.509    -0.2400  28.475398    -0.2378  28.474997     4.8580     5.1471     0.0314    98.6651 1.0000e-12  -73.80504 -112.66820  17.664979      99.84 8.4548e+02    768.150      18437  1029.4326  1029.4301    34.2835    34.2805    8.10118         30 0.0000e+00
    399.000    394.497    -0.2163  28.498631    -0.2103  28.501029     4.8236     5.1076     0.0081    98.7036 1.0000e-12  -73.80504 -112.66821  17.664994      60.53 8.4498e+02    769.471      18468  1029.4383  1029.4350    34.2872    34.2837    8.09593         31 0.0000e+00
    400.000    395.485    -0.1759  28.536635    -0.1714  28.537991     4.7950     5.0896     0.0039    98.6790 1.0000e-12  -73.80504 -112.66821  17.665010     100.09 8.4503e+02    770.821      18501  1029.4434  1029.4404    34.2918    34.2886    8.08710         32 0.0000e+00
    401.000    396.472    -0.1619  28.550132    -0.1595  28.549914     4.7950     5.0837     0.0022    98.6897 1.0000e-12  -73.80504 -112.66822  17.665024      99.85 8.4492e+02    772.065      18531  1029.4485  1029.4460    34.2934    34.2905    8.08404         28 0.0000e+00
    402.000    397.461    -0.1583  28.554021    -0.1562  28.553705     4.7950     5.0804     0.0115    98.7021 1.0000e-12  -73.80504 -112.66822  17.665037      99.84 8.4491e+02    773.181      18557  1029.4536  1029.4513    34.2940    34.2912    8.08325         25 0.0000e+00
    403.000    398.449    -0.1578  28.554946    -0.1557  28.554684     4.7987     5.0808     0.0080    98.6900 1.0000e-12  -73.80504 -112.66822  17.665049      99.84 8.4533e+02    774.250      18583  1029.4586  1029.4563    34.2940    34.2914    8.08314         27 0.0000e+00
    404.000    399.435    -0.1577  28.555511    -0.1560  28.554740     4.8027     5.0861     0.0116    98.6679 1.0000e-12  -73.80504 -112.66821  17.665063      91.11 8.4588e+02    775.432      18611  1029.4635  1029.4611    34.2941    34.2912    8.08312         31 0.0000e+00
    405.000    400.425    -0.1594  28.554146    -0.1567  28.554424     4.8012     5.0820     0.0013    98.6272 1.0000e-12  -73.80504 -112.66821  17.665079      78.99 8.4719e+02    776.783      18644  1029.4682  1029.4659    34.2936    34.2910    8.08350         30 0.0000e+00
    406.000    401.411    -0.1526  28.562063    -0.1511  28.560904     4.7994     5.0843     0.0133    98.6450 1.0000e-12  -73.80504 -112.66821  17.665093      97.99 8.4603e+02    778.051      18674  1029.4743  1029.4717    34.2959    34.2927    8.08193         28 0.0000e+00
    407.000    402.399    -0.1497  28.565838    -0.1478  28.565211     4.7956     5.0806     0.0049    98.6370 1.0000e-12  -73.80504 -112.66823  17.665106      99.83 8.4660e+02    779.122      18700  1029.4799  1029.4775    34.2971    34.2942    8.08126         25 0.0000e+00
