ocean_section_plots/required_files/ctd/dnbp2202_ctd248.cnv
* Sea-Bird SBE 9 Data File:
* FileName = D:\Data\raw\NBP2202_CTD248.hex
* Software Version Seasave V 7.26.7.121
* Temperature SN = 1649
* Conductivity SN = 2513
* Number of Bytes Per Scan = 40
* Number of Voltage Words = 5
* Number of Scans Averaged by the Deck Unit = 1
* NMEA Latitude = 73 55.53 S
* NMEA Longitude = 118 47.20 W
* NMEA UTC (Time) = Feb 15 2022  06:07:30
* NMEA baud rate = 9600
** Ship: RVIB N.B. Palmer
** Cruise: NBP2202 Thwaites
** Station: 156
** Operator: B. Bjork
# nquan = 28
# nvalues = 1230                        
# units = specified
# name 0 = prDM: Pressure, Digiquartz [db]
# name 1 = depSM: Depth [salt water, m]
# name 2 = t090C: Temperature [ITS-90, deg C]
# name 3 = c0mS/cm: Conductivity [mS/cm]
# name 4 = t190C: Temperature, 2 [ITS-90, deg C]
# name 5 = c1mS/cm: Conductivity, 2 [mS/cm]
# name 6 = sbeox0ML/L: Oxygen, SBE 43 [ml/l]
# name 7 = sbeox1ML/L: Oxygen, SBE 43, 2 [ml/l]
# name 8 = flECO-AFL: Fluorescence, WET Labs ECO-AFL/FL [mg/m^3]
# name 9 = CStarTr0: Beam Transmission, WET Labs C-Star [%]
# name 10 = par: PAR/Irradiance, Biospherical/Licor
# name 11 = latitude: Latitude [deg]
# name 12 = longitude: Longitude [deg]
# name 13 = timeJ: Julian Days
# name 14 = altM: Altimeter [m]
# name 15 = spar: SPAR, Biospherical/Licor
# name 16 = timeS: Time, Elapsed [seconds]
# name 17 = scan: Scan Count
# name 18 = density00: Density [density, kg/m^3]
# name 19 = density11: Density, 2 [density, kg/m^3]
# name 20 = v3: Voltage 3
# name 21 = v4: Voltage 4
# name 22 = v5: Voltage 5
# name 23 = sal00: Salinity, Practical [PSU]
# name 24 = sal11: Salinity, Practical, 2 [PSU]
# name 25 = oxsolML/L: Oxygen Saturation, Garcia & Gordon [ml/l]
# name 26 = nbin: number of scans per bin
# name 27 = flag: flag
# span 0 =      2.000,   1231.000       
# span 1 =      1.973,   1214.680       
# span 2 =    -1.6758,     0.7412       
# span 3 =  26.992170,  29.898713       
# span 4 =    -1.6755,     0.7434       
# span 5 =  26.991997,  29.898988       
# span 6 =     4.5712,     9.0856       
# span 7 =     4.7021,     9.3719       
# span 8 =    -0.0247,    12.7744       
# span 9 =    82.2936,    97.1052       
# span 10 = -1.300e-05, 3.2989e+00      
# span 11 =  -73.92564,  -73.92562      
# span 12 = -118.78680, -118.78672      
# span 13 =  46.257385,  46.273768      
# span 14 =       5.19,     104.89      
# span 15 = 1.9374e+01, 2.4823e+01      
# span 16 =    188.101,   1603.557      
# span 17 =       4515,      38486      
# span 18 =  1027.1421,  1033.4875      
# span 19 =  1027.1403,  1033.4857      
# span 20 =     3.9042,     4.6065      
# span 21 =     0.0638,     2.0583      
# span 22 =     0.1120,     0.2118      
# span 23 =    33.7725,    34.5781      
# span 24 =    33.7721,    34.5761      
# span 25 =    7.88103,    8.43307      
# span 26 =         20,         57      
# span 27 = 0.0000e+00, 0.0000e+00      
# interval = decibars: 1                
# start_time = Feb 15 2022 06:07:30 [NMEA time, header]
# bad_flag = -9.990e-29
*END*
[from data line 933]
    935.000    923.256     0.6766  29.705768     0.6787  29.705999     4.6438     4.7578    -0.0137    97.0870 1.0000e-12  -73.92564 -118.78676  46.269336      99.89 2.0034e+01   1220.644      29296  1032.1100  1032.1082     4.6056     0.0696     0.1181    34.5642    34.5621    7.89492         22 0.0000e+00
    936.000    924.239     0.6763  29.705827     0.6784  29.706144     4.6329     4.7575    -0.0069    97.0801 1.0000e-12  -73.92564 -118.78676  46.269347      99.89 2.1602e+01   1221.543      29318  1032.1146  1032.1128     4.6053     0.0703     0.1146    34.5640    34.5620    7.89498         22 0.0000e+00
    937.000    925.227     0.6755  29.705370     0.6774  29.705498     4.6376     4.7553    -0.0064    97.0737 1.0000e-12  -73.92564 -118.78676  46.269357      99.89 2.1391e+01   1222.476      29340  1032.1192  1032.1175     4.6050     0.0703     0.1155    34.5637    34.5618    7.89516         23 0.0000e+00
    938.000    926.211     0.6754  29.705850     0.6774  29.705897     4.6545     4.7568    -0.0149    97.0847 1.0000e-12  -73.92564 -118.78676  46.269369      99.89 1.9698e+01   1223.472      29364  1032.1240  1032.1221     4.6055     0.0695     0.1142    34.5639    34.5618    7.89517         24 0.0000e+00
    939.000    927.198     0.6766  29.707500     0.6783  29.707345     4.6328     4.7553    -0.0138    97.0921 1.0000e-12  -73.92564 -118.78676  46.269381      99.89 2.2040e+01   1224.517      29389  1032.1286  1032.1268     4.6059     0.0686     0.1143    34.5641    34.5620    7.89491         25 0.0000e+00
    940.000    928.181     0.6763  29.707716     0.6785  29.707948     4.6348     4.7546    -0.0085    97.0846 1.0000e-12  -73.92564 -118.78676  46.269393      99.89 2.0918e+01   1225.536      29414  1032.1333  1032.1315     4.6056     0.0692     0.1162    34.5642    34.5621    7.89497         24 0.0000e+00
    941.000    929.165     0.6767  29.708469     0.6787  29.708664     4.6392     4.7546    -0.0077    97.0776 1.0000e-12  -73.92564 -118.78676  46.269404      99.90 2.0036e+01   1226.477      29436  1032.1380  1032.1362     4.6052     0.0695     0.1159    34.5641    34.5622    7.89489         22 0.0000e+00
    942.000    930.153     0.6773  29.709616     0.6794  29.709785     4.6431     4.7473    -0.0160    97.0785 1.0000e-12  -73.92564 -118.78676  46.269414      99.89 2.1890e+01   1227.365      29458  1032.1427  1032.1409     4.6052     0.0691     0.1140    34.5644    34.5623    7.89475         21 0.0000e+00
    943.000    931.137     0.6783  29.710967     0.6804  29.711222     4.6361     4.7499    -0.0157    97.0846 1.0000e-12  -73.92564 -118.78676  46.269424      99.89 2.1876e+01   1228.261      29479  1032.1474  1032.1456     4.6056     0.0699     0.1154    34.5645    34.5625    7.89455         22 0.0000e+00
    944.000    932.122     0.6779  29.711068     0.6801  29.711302     4.6393     4.7549    -0.0112    97.0869 1.0000e-12  -73.92564 -118.78676  46.269435      91.43 1.9922e+01   1229.212      29502  1032.1521  1032.1502     4.6057     0.0696     0.1173    34.5645    34.5624    7.89462         23 0.0000e+00
    945.000    933.107     0.6783  29.711917     0.6799  29.711537     4.6407     4.7555    -0.0088    97.0827 1.0000e-12  -73.92564 -118.78676  46.269447      83.21 2.1389e+01   1230.224      29526  1032.1567  1032.1549     4.6055     0.0679     0.1174    34.5646    34.5624    7.89454         25 0.0000e+00
    946.000    934.092     0.6783  29.712307     0.6807  29.712705     4.6361     4.7573    -0.0121    97.0920 1.0000e-12  -73.92564 -118.78676  46.269459      95.28 2.1508e+01   1231.255      29551  1032.1613  1032.1595     4.6059     0.0691     0.1187    34.5645    34.5624    7.89454         25 0.0000e+00
    947.000    935.078     0.6776  29.711904     0.6798  29.712249     4.6429     4.7532    -0.0137    97.0905 1.0000e-12  -73.92564 -118.78676  46.269470      99.93 1.9861e+01   1232.237      29575  1032.1659  1032.1641     4.6058     0.0692     0.1152    34.5642    34.5623    7.89470         22 0.0000e+00
    948.000    936.062     0.6782  29.713010     0.6802  29.713212     4.6527     4.7505    -0.0093    97.0798 1.0000e-12  -73.92564 -118.78676  46.269481      99.89 2.1830e+01   1233.162      29597  1032.1706  1032.1689     4.6054     0.0714     0.1158    34.5644    34.5625    7.89457         22 0.0000e+00
    949.000    937.049     0.6785  29.713791     0.6807  29.714010     4.6381     4.7518    -0.0083    97.0913 1.0000e-12  -73.92564 -118.78676  46.269492      99.88 2.1920e+01   1234.076      29619  1032.1753  1032.1734     4.6058     0.0700     0.1149    34.5645    34.5624    7.89450         23 0.0000e+00
    950.000    938.034     0.6788  29.714293     0.6809  29.714673     4.6457     4.7554    -0.0012    97.0871 1.0000e-12  -73.92564 -118.78676  46.269502      99.89 1.9745e+01   1235.007      29641  1032.1798  1032.1782     4.6057     0.0687     0.1162    34.5643    34.5625    7.89446         22 0.0000e+00
    951.000    939.017     0.6794  29.715522     0.6815  29.715759     4.6371     4.7524    -0.0061    97.0880 1.0000e-12  -73.92564 -118.78676  46.269514      99.89 2.1357e+01   1235.969      29664  1032.1847  1032.1829     4.6057     0.0678     0.1142    34.5647    34.5627    7.89432         24 0.0000e+00
    952.000    940.005     0.6802  29.716898     0.6823  29.717071     4.6389     4.7513    -0.0080    97.0848 1.0000e-12  -73.92564 -118.78676  46.269525      99.89 2.1811e+01   1236.969      29688  1032.1894  1032.1876     4.6056     0.0704     0.1143    34.5650    34.5629    7.89413         24 0.0000e+00
    953.000    940.988     0.6801  29.717213     0.6822  29.717374     4.6354     4.7530    -0.0126    97.0847 1.0000e-12  -73.92564 -118.78676  46.269537      99.89 1.9757e+01   1237.980      29713  1032.1940  1032.1922     4.6055     0.0709     0.1172    34.5649    34.5628    7.89415         24 0.0000e+00
    954.000    941.975     0.6797  29.717184     0.6818  29.717398     4.6356     4.7532    -0.0153    97.0780 1.0000e-12  -73.92564 -118.78676  46.269548      99.89 2.1001e+01   1238.958      29736  1032.1987  1032.1968     4.6052     0.0708     0.1182    34.5648    34.5627    7.89424         23 0.0000e+00
    955.000    942.959     0.6798  29.717657     0.6819  29.717915     4.6377     4.7504    -0.0113    97.0894 1.0000e-12  -73.92564 -118.78676  46.269559      99.89 2.1962e+01   1239.902      29759  1032.2033  1032.2015     4.6058     0.0696     0.1159    34.5648    34.5628    7.89423         22 0.0000e+00
    956.000    943.944     0.6796  29.717976     0.6818  29.718212     4.6407     4.7446    -0.0013    97.0881 1.0000e-12  -73.92564 -118.78676  46.269570      99.89 1.9850e+01   1240.834      29781  1032.2080  1032.2061     4.6057     0.0700     0.1151    34.5648    34.5627    7.89426         23 0.0000e+00
    957.000    944.930     0.6799  29.718616     0.6819  29.718811     4.6422     4.7459    -0.0077    97.0893 1.0000e-12  -73.92564 -118.78676  46.269581      82.85 2.1468e+01   1241.767      29803  1032.2126  1032.2108     4.6058     0.0671     0.1153    34.5648    34.5627    7.89420         22 0.0000e+00
    958.000    945.915     0.6797  29.718884     0.6820  29.719248     4.6451     4.7500    -0.0080    97.0847 1.0000e-12  -73.92564 -118.78676  46.269592      79.48 2.1816e+01   1242.730      29827  1032.2172  1032.2155     4.6055     0.0688     0.1138    34.5647    34.5627    7.89424         24 0.0000e+00
    959.000    946.899     0.6797  29.719202     0.6817  29.719413     4.6398     4.7513    -0.0152    97.0761 1.0000e-12  -73.92564 -118.78676  46.269604      92.47 2.0031e+01   1243.754      29851  1032.2218  1032.2201     4.6051     0.0689     0.1148    34.5646    34.5626    7.89425         26 0.0000e+00
    960.000    947.885     0.6797  29.719648     0.6818  29.719972     4.6382     4.7484    -0.0095    97.0796 1.0000e-12  -73.92564 -118.78676  46.269616      98.83 2.1142e+01   1244.822      29877  1032.2265  1032.2247     4.6053     0.0697     0.1138    34.5646    34.5627    7.89425         25 0.0000e+00
    961.000    948.870     0.6796  29.719930     0.6817  29.720139     4.6373     4.7443    -0.0021    97.0631 1.0000e-12  -73.92564 -118.78676  46.269628      99.91 2.1898e+01   1245.866      29902  1032.2310  1032.2293     4.6045     0.0705     0.1138    34.5645    34.5625    7.89427         24 0.0000e+00
    962.000    949.855     0.6793  29.720159     0.6812  29.720147     4.6342     4.7417    -0.0058    97.0612 1.0000e-12  -73.92564 -118.78676  46.269639      99.89 2.0302e+01   1246.840      29925  1032.2358  1032.2339     4.6045     0.0705     0.1152    34.5646    34.5625    7.89433         23 0.0000e+00
    963.000    950.840     0.6792  29.720488     0.6815  29.720762     4.6421     4.7460    -0.0084    97.0659 1.0000e-12  -73.92564 -118.78676  46.269650      99.89 2.0994e+01   1247.771      29947  1032.2404  1032.2385     4.6047     0.0720     0.1156    34.5646    34.5625    7.89435         22 0.0000e+00
    964.000    951.825     0.6814  29.723368     0.6821  29.721813     4.6306     4.7491    -0.0109    97.0724 1.0000e-12  -73.92564 -118.78676  46.269661      99.89 2.1921e+01   1248.708      29970  1032.2454  1032.2432     4.6049     0.0696     0.1132    34.5653    34.5626    7.89387         23 0.0000e+00
    965.000    952.810     0.6833  29.725674     0.6849  29.725374     4.6329     4.7487    -0.0114    97.0729 1.0000e-12  -73.92564 -118.78676  46.269673      99.89 1.9955e+01   1249.718      29994  1032.2501  1032.2483     4.6050     0.0709     0.1156    34.5657    34.5635    7.89347         26 0.0000e+00
    966.000    953.796     0.6836  29.726376     0.6865  29.727399     4.6362     4.7505    -0.0032    97.0640 1.0000e-12  -73.92564 -118.78676  46.269685      99.89 2.0498e+01   1250.825      30021  1032.2548  1032.2530     4.6046     0.0692     0.1144    34.5657    34.5638    7.89341         27 0.0000e+00
    967.000    954.781     0.6831  29.726290     0.6856  29.727001     4.6460     4.7516    -0.0105    97.0769 1.0000e-12  -73.92564 -118.78676  46.269698      99.89 2.2100e+01   1251.935      30047  1032.2594  1032.2576     4.6052     0.0696     0.1146    34.5655    34.5637    7.89351         26 0.0000e+00
    968.000    955.764     0.6836  29.727402     0.6856  29.727396     4.6328     4.7506    -0.0154    97.0960 1.0000e-12  -73.92564 -118.78676  46.269710      99.89 2.0146e+01   1252.965      30072  1032.2642  1032.2623     4.6061     0.0692     0.1149    34.5658    34.5636    7.89339         23 0.0000e+00
    969.000    956.750     0.6864  29.730830     0.6881  29.730564     4.6342     4.7482    -0.0158    97.0890 1.0000e-12  -73.92564 -118.78676  46.269722      99.89 2.0421e+01   1253.939      30096  1032.2692  1032.2673     4.6057     0.0696     0.1147    34.5666    34.5644    7.89278         24 0.0000e+00
    970.000    957.737     0.6869  29.731659     0.6886  29.731498     4.6345     4.7413    -0.0079    97.0768 1.0000e-12  -73.92564 -118.78676  46.269733      99.89 2.1553e+01   1254.936      30119  1032.2737  1032.2719     4.6052     0.0696     0.1140    34.5665    34.5644    7.89268         25 0.0000e+00
    971.000    958.721     0.6870  29.732125     0.6891  29.732392     4.6372     4.7377    -0.0077    97.0765 1.0000e-12  -73.92564 -118.78676  46.269745      79.84 2.0387e+01   1255.993      30145  1032.2784  1032.2766     4.6052     0.0680     0.1135    34.5665    34.5646    7.89266         25 0.0000e+00
    972.000    959.704     0.6883  29.734114     0.6908  29.734602     4.6324     4.7463    -0.0077    97.0869 1.0000e-12  -73.92564 -118.78676  46.269758      92.22 2.0569e+01   1257.093      30171  1032.2833  1032.2814     4.6057     0.0685     0.1174    34.5670    34.5650    7.89236         27 0.0000e+00
    973.000    960.691     0.6895  29.735582     0.6917  29.735975     4.6393     4.7461    -0.0077    97.0694 1.0000e-12  -73.92564 -118.78676  46.269770      99.87 2.1716e+01   1258.164      30197  1032.2879  1032.2862     4.6048     0.0701     0.1142    34.5671    34.5652    7.89213         25 0.0000e+00
    974.000    961.677     0.6893  29.735794     0.6916  29.736274     4.6400     4.7466    -0.0077    97.0931 1.0000e-12  -73.92564 -118.78676  46.269782      99.89 2.0213e+01   1259.179      30221  1032.2925  1032.2908     4.6059     0.0710     0.1141    34.5670    34.5651    7.89217         24 0.0000e+00
    975.000    962.660     0.6890  29.735910     0.6911  29.736216     4.6379     4.7466    -0.0017    97.0732 1.0000e-12  -73.92564 -118.78676  46.269794      99.89 2.0128e+01   1260.173      30245  1032.2972  1032.2954     4.6050     0.0694     0.1165    34.5670    34.5650    7.89224         24 0.0000e+00
    976.000    963.646     0.6890  29.736299     0.6907  29.736102     4.6186     4.7467    -0.0120    97.0775 1.0000e-12  -73.92564 -118.78676  46.269806      99.89 2.2332e+01   1261.198      30270  1032.3018  1032.2999     4.6052     0.0692     0.1150    34.5669    34.5648    7.89224         25 0.0000e+00
    977.000    964.631     0.6878  29.735503     0.6899  29.735761     4.6407     4.7403    -0.0153    97.0789 1.0000e-12  -73.92564 -118.78676  46.269818      99.89 2.0151e+01   1262.265      30295  1032.3063  1032.3046     4.6053     0.0707     0.1142    34.5666    34.5647    7.89249         26 0.0000e+00
    978.000    965.616     0.6881  29.736354     0.6902  29.736506     4.6326     4.7402    -0.0103    97.0796 1.0000e-12  -73.92564 -118.78676  46.269830      99.89 2.0309e+01   1263.335      30321  1032.3111  1032.3092     4.6053     0.0699     0.1157    34.5668    34.5647    7.89242         25 0.0000e+00
    979.000    966.602     0.6889  29.737607     0.6910  29.737810     4.6342     4.7461    -0.0077    97.0745 1.0000e-12  -73.92564 -118.78676  46.269842      99.89 2.1853e+01   1264.370      30346  1032.3158  1032.3140     4.6051     0.0695     0.1163    34.5670    34.5649    7.89224         25 0.0000e+00
    980.000    967.585     0.6892  29.738372     0.6914  29.738608     4.6359     4.7446    -0.0080    97.0719 1.0000e-12  -73.92564 -118.78676  46.269854      99.89 2.0356e+01   1265.390      30370  1032.3205  1032.3187     4.6049     0.0695     0.1143    34.5671    34.5650    7.89218         24 0.0000e+00
    981.000    968.571     0.6895  29.738978     0.6917  29.739259     4.6391     4.7453    -0.0080    97.0796 1.0000e-12  -73.92564 -118.78676  46.269866      99.89 2.0168e+01   1266.412      30395  1032.3250  1032.3232     4.6053     0.0692     0.1162    34.5670    34.5650    7.89212         25 0.0000e+00
    982.000    969.556     0.6910  29.741125     0.6926  29.740744     4.6439     4.7474    -0.0045    97.0786 1.0000e-12  -73.92564 -118.78676  46.269878      99.89 2.1583e+01   1267.462      30420  1032.3300  1032.3281     4.6053     0.0692     0.1150    34.5675    34.5653    7.89179         25 0.0000e+00
    983.000    970.543     0.6912  29.741505     0.6937  29.742275     4.6190     4.7479    -0.0074    97.0779 1.0000e-12  -73.92564 -118.78676  46.269890      97.85 2.0272e+01   1268.522      30446  1032.3344  1032.3327     4.6052     0.0684     0.1145    34.5673    34.5655    7.89177         26 0.0000e+00
    984.000    971.526     0.6918  29.742939     0.6940  29.743149     4.6281     4.7483    -0.0120    97.0898 1.0000e-12  -73.92564 -118.78676  46.269902      84.92 1.9960e+01   1269.571      30471  1032.3395  1032.3376     4.6058     0.0683     0.1190    34.5679    34.5657    7.89161         25 0.0000e+00
