ocean_section_plots/required_files/ctd/dnbp2202_ctd047.cnv
* Sea-Bird SBE 9 Data File:
* FileName = D:\Data\raw\NBP2202_CTD047.hex
* Software Version Seasave V 7.26.7.121
* Temperature SN = 1649
* Conductivity SN = 2513
* Number of Bytes Per Scan = 40
* Number of Voltage Words = 5
* Number of Scans Averaged by the Deck Unit = 1
* NMEA Latitude = 74 11.27 S
* NMEA Longitude = 113 07.86 W
* NMEA UTC (Time) = Jan 24 2022  01:33:18
* NMEA baud rate = 9600
** Ship: RVIB N.B. Palmer
** Cruise: NBP2202 Thwaites
** Station: Section Dotson C
** Operator: A. Robinson
# nquan = 25
# nvalues = 871                         
# units = specified
# name 0 = prDM: Pressure, Digiquartz [db]
# name 1 = depSM: Depth [salt water, m]
# name 2 = t090C: Temperature [ITS-90, deg C]
# name 3 = c0mS/cm: Conductivity [mS/cm]
# name 4 = t190C: Temperature, 2 [ITS-90, deg C]
# name 5 = c1mS/cm: Conductivity, 2 [mS/cm]
# name 6 = sbeox0ML/L: Oxygen, SBE 43 [ml/l]
# name 7 = sbeox1ML/L: Oxygen, SBE 43, 2 [ml/l]
# name 8 = flECO-AFL: Fluorescence, WET Labs ECO-AFL/FL [mg/m^3]
# name 9 = CStarTr0: Beam Transmission, WET Labs C-Star [%]
# name 10 = par: PAR/Irradiance, Biospherical/Licor
# name 11 = latitude: Latitude [deg]
# name 12 = longitude: Longitude [deg]
# name 13 = timeJ: Julian Days
# name 14 = altM: Altimeter [m]
# name 15 = spar: SPAR, Biospherical/Licor
# name 16 = timeS: Time, Elapsed [seconds]
# name 17 = scan: Scan Count
# name 18 = density00: Density [density, kg/m^3]
# name 19 = density11: Density, 2 [density, kg/m^3]
# name 20 = sal00: Salinity, Practical [PSU]
# name 21 = sal11: Salinity, Practical, 2 [PSU]
# name 22 = oxsolML/L: Oxygen Saturation, Garcia & Gordon [ml/l]
# name 23 = nbin: number of scans per bin
# name 24 = flag: flag
# span 0 =      2.000,    872.000       
# span 1 =      1.981,    861.167       
# span 2 =    -1.4893,     0.3493       
# span 3 =  27.121415,  29.332757       
# span 4 =    -1.4883,     0.3514       
# span 5 =  27.121052,  29.332363       
# span 6 =     4.6043,     8.9595       
# span 7 =     4.8515,     9.4435       
# span 8 =    -0.0171,    29.3312       
# span 9 =    65.2931,    96.2144       
# span 10 = -2.090e-05, 1.1005e+02      
# span 11 =  -74.18784,  -74.18782      
# span 12 = -113.13104, -113.13100      
# span 13 =  24.067250,  24.080402      
# span 14 =       3.59,     100.23      
# span 15 = 1.9567e+02, 2.6614e+02      
# span 16 =    212.386,   1348.704      
# span 17 =       5098,      32370      
# span 18 =  1027.1939,  1031.7766      
# span 19 =  1027.1931,  1031.7741      
# span 20 =    33.8129,    34.4798      
# span 21 =    33.8131,    34.4770      
# span 22 =    7.96667,    8.39037      
# span 23 =         23,         50      
# span 24 = 0.0000e+00, 0.0000e+00      
# interval = decibars: 1                
# start_time = Jan 24 2022 01:33:18 [NMEA time, header]
# bad_flag = -9.990e-29
*END*
[from data line 348]
    350.000    346.084    -1.0721  27.629416    -1.0528  27.638847     5.5126     5.8413     0.0259    96.1856 1.0000e-12  -74.18782 -113.13102  24.073052      99.90 2.3689e+02    713.663      17129  1029.1084  1029.0997    34.1115    34.1024    8.29151         28 0.0000e+00
    351.000    347.073    -0.9412  27.742886    -0.9384  27.741883     5.4089     5.7311     0.0276    96.2058 1.0000e-12  -74.18782 -113.13102  24.073065      99.89 2.3528e+02    714.816      17157  1029.1084  1029.1046    34.1170    34.1125    8.26229         28 0.0000e+00
    352.000    348.060    -0.8845  27.795177    -0.8820  27.794198     5.3487     5.6761     0.0217    96.2103 1.0000e-12  -74.18782 -113.13102  24.073078      99.89 2.3473e+02    715.945      17184  1029.1147  1029.1113    34.1233    34.1192    8.24948         27 0.0000e+00
    353.000    349.049    -0.8514  27.825739    -0.8479  27.825794     5.3425     5.6482     0.0189    96.1818 1.0000e-12  -74.18782 -113.13102  24.073091      99.89 2.3720e+02    717.080      17211  1029.1206  1029.1173    34.1267    34.1228    8.24204         27 0.0000e+00
    354.000    350.036    -0.8367  27.839181    -0.8370  27.836471     5.3398     5.6417     0.0187    96.1874 1.0000e-12  -74.18782 -113.13102  24.073105      99.89 2.3427e+02    718.232      17239  1029.1260  1029.1234    34.1278    34.1244    8.23877         28 0.0000e+00
    355.000    351.024    -0.8280  27.848227    -0.8258  27.847652     5.3465     5.6405     0.0293    96.1792 1.0000e-12  -74.18782 -113.13100  24.073118      99.90 2.3340e+02    719.380      17266  1029.1323  1029.1296    34.1295    34.1263    8.23676         28 0.0000e+00
    356.000    352.013    -0.8244  27.851911    -0.8234  27.850437     5.3620     5.6449     0.0273    96.1723 1.0000e-12  -74.18782 -113.13101  24.073131      99.89 2.3544e+02    720.538      17294  1029.1378  1029.1352    34.1299    34.1267    8.23596         27 0.0000e+00
    357.000    353.000    -0.8197  27.859173    -0.8181  27.858007     5.3650     5.6479     0.0168    96.1209 1.0000e-12  -74.18782 -113.13101  24.073145      99.90 2.3287e+02    721.694      17322  1029.1459  1029.1431    34.1337    34.1303    8.23469         28 0.0000e+00
    358.000    353.989    -0.8192  27.860252    -0.8189  27.858620     5.3758     5.6503     0.0140    96.0960 1.0000e-12  -74.18782 -113.13101  24.073158      99.89 2.3218e+02    722.828      17349  1029.1515  1029.1495    34.1340    34.1315    8.23457         27 0.0000e+00
    359.000    354.975    -0.8208  27.859268    -0.8183  27.859248     5.3856     5.6610     0.0246    96.1312 1.0000e-12  -74.18782 -113.13101  24.073171      87.08 2.3472e+02    723.959      17376  1029.1567  1029.1543    34.1339    34.1311    8.23492         27 0.0000e+00
    360.000    355.965    -0.8222  27.858400    -0.8210  27.857177     5.4007     5.6704     0.0205    96.1063 1.0000e-12  -74.18782 -113.13100  24.073184      99.98 2.3315e+02    725.090      17403  1029.1617  1029.1594    34.1337    34.1308    8.23524         27 0.0000e+00
    361.000    356.952    -0.8303  27.852039    -0.8278  27.852261     5.4221     5.6809     0.0810    96.1160 1.0000e-12  -74.18782 -113.13102  24.073197      99.90 2.3112e+02    726.218      17430  1029.1675  1029.1653    34.1337    34.1311    8.23703         27 0.0000e+00
    362.000    357.939    -0.8342  27.849457    -0.8315  27.849755     5.4060     5.6695     0.0315    96.1188 1.0000e-12  -74.18782 -113.13102  24.073210      99.89 2.3423e+02    727.344      17457  1029.1730  1029.1707    34.1340    34.1314    8.23786         27 0.0000e+00
    363.000    358.928    -0.8350  27.848974    -0.8334  27.848438     5.4193     5.6905     0.0030    96.1063 1.0000e-12  -74.18782 -113.13102  24.073223      99.89 2.3261e+02    728.474      17484  1029.1777  1029.1756    34.1336    34.1311    8.23806         27 0.0000e+00
    364.000    359.916    -0.8371  27.848272    -0.8364  27.846576     5.4206     5.6973     0.0151    96.0852 1.0000e-12  -74.18782 -113.13100  24.073236      99.90 2.3049e+02    729.607      17512  1029.1835  1029.1810    34.1345    34.1313    8.23847         28 0.0000e+00
    365.000    360.903    -0.8412  27.844546    -0.8412  27.843206     5.3728     5.6511     0.0191    96.0817 1.0000e-12  -74.18782 -113.13100  24.073249      99.89 2.3305e+02    730.733      17539  1029.1879  1029.1865    34.1334    34.1316    8.23942         27 0.0000e+00
    366.000    361.891    -0.8202  27.869145    -0.8122  27.872087     5.3332     5.6093     0.0259    96.0797 1.0000e-12  -74.18782 -113.13100  24.073262      99.89 2.3251e+02    731.871      17566  1029.1982  1029.1936    34.1423    34.1373    8.23432         27 0.0000e+00
    367.000    362.880    -0.7693  27.914706    -0.7663  27.915132     5.3101     5.5842     0.0188    96.1106 1.0000e-12  -74.18782 -113.13100  24.073276      99.89 2.3026e+02    733.013      17593  1029.2021  1029.1997    34.1459    34.1431    8.22300         27 0.0000e+00
    368.000    363.867    -0.7591  27.924885    -0.7585  27.922920     5.2731     5.5535     0.0179    96.1055 1.0000e-12  -74.18782 -113.13100  24.073289      99.90 2.3315e+02    734.150      17621  1029.2077  1029.2051    34.1475    34.1442    8.22068         28 0.0000e+00
    369.000    364.856    -0.7418  27.941952    -0.7365  27.943739     5.2374     5.5167     0.0119    96.0988 1.0000e-12  -74.18782 -113.13100  24.073302      99.89 2.3290e+02    735.286      17648  1029.2138  1029.2106    34.1504    34.1469    8.21674         27 0.0000e+00
    370.000    365.843    -0.7138  27.969417    -0.7090  27.970001     5.2039     5.4866     0.0132    96.0940 1.0000e-12  -74.18782 -113.13100  24.073315      78.32 2.3101e+02    736.415      17675  1029.2206  1029.2166    34.1553    34.1507    8.21036         27 0.0000e+00
    371.000    366.831    -0.6810  27.999701    -0.6810  27.996942     5.1922     5.4695     0.0191    96.0915 1.0000e-12  -74.18782 -113.13100  24.073328      95.77 2.3258e+02    737.532      17702  1029.2258  1029.2229    34.1585    34.1548    8.20305         26 0.0000e+00
    372.000    367.818    -0.6652  28.016634    -0.6632  28.015405     5.1896     5.4638     0.0172    96.0752 1.0000e-12  -74.18782 -113.13100  24.073341      99.70 2.3352e+02    738.647      17729  1029.2333  1029.2301    34.1630    34.1590    8.19937         28 0.0000e+00
    373.000    368.807    -0.6568  28.025227    -0.6551  28.024413     5.1948     5.4624     0.0027    96.0757 1.0000e-12  -74.18782 -113.13100  24.073354      99.89 2.3039e+02    739.774      17756  1029.2391  1029.2366    34.1645    34.1615    8.19747         26 0.0000e+00
    374.000    369.795    -0.6428  28.043099    -0.6414  28.041100     5.2003     5.4671     0.0203    96.0633 1.0000e-12  -74.18782 -113.13100  24.073367      99.89 2.3221e+02    740.894      17782  1029.2493  1029.2459    34.1722    34.1679    8.19399         27 0.0000e+00
    375.000    370.782    -0.6356  28.051915    -0.6339  28.051029     5.2104     5.4705     0.0194    96.0461 1.0000e-12  -74.18782 -113.13100  24.073380      99.89 2.3350e+02    742.017      17809  1029.2565  1029.2539    34.1754    34.1722    8.19225         27 0.0000e+00
    376.000    371.770    -0.6356  28.052633    -0.6338  28.051970     5.2071     5.4677     0.0111    96.0376 1.0000e-12  -74.18782 -113.13100  24.073393      99.89 2.2929e+02    743.145      17836  1029.2619  1029.2595    34.1756    34.1727    8.19222         27 0.0000e+00
    377.000    372.759    -0.6357  28.053023    -0.6337  28.052448     5.2042     5.4706    -0.0000    96.0465 1.0000e-12  -74.18782 -113.13100  24.073406      99.89 2.3056e+02    744.267      17863  1029.2670  1029.2645    34.1757    34.1727    8.19225         27 0.0000e+00
    378.000    373.745    -0.6361  28.053028    -0.6343  28.052318     5.2114     5.4767    -0.0018    96.0454 1.0000e-12  -74.18782 -113.13100  24.073419      99.89 2.3213e+02    745.386      17890  1029.2720  1029.2695    34.1756    34.1726    8.19234         27 0.0000e+00
    379.000    374.734    -0.6370  28.053036    -0.6346  28.052808     5.2136     5.4805     0.0136    96.0387 1.0000e-12  -74.18782 -113.13100  24.073432      99.88 2.2922e+02    746.507      17917  1029.2774  1029.2748    34.1760    34.1730    8.19250         27 0.0000e+00
    380.000    375.720    -0.6378  28.053281    -0.6360  28.052521     5.2160     5.4773     0.0100    96.0216 1.0000e-12  -74.18782 -113.13100  24.073445      99.90 2.2878e+02    747.618      17944  1029.2829  1029.2803    34.1766    34.1735    8.19265         27 0.0000e+00
    381.000    376.710    -0.6352  28.056554    -0.6335  28.055831     5.2124     5.4776     0.0067    96.0311 1.0000e-12  -74.18782 -113.13100  24.073457      75.46 2.3052e+02    748.723      17970  1029.2883  1029.2859    34.1775    34.1746    8.19204         26 0.0000e+00
    382.000    377.697    -0.6329  28.059972    -0.6311  28.059409     5.2157     5.4798     0.0138    96.0474 1.0000e-12  -74.18782 -113.13100  24.073470      90.52 2.2851e+02    749.839      17997  1029.2941  1029.2918    34.1789    34.1761    8.19145         27 0.0000e+00
    383.000    378.686    -0.6326  28.061519    -0.6301  28.061385     5.1973     5.4678     0.0132    96.0454 1.0000e-12  -74.18782 -113.13100  24.073483      97.27 2.2767e+02    750.956      18024  1029.2999  1029.2974    34.1800    34.1771    8.19132         27 0.0000e+00
    384.000    379.672    -0.6201  28.075530    -0.6194  28.073055     5.1865     5.4532     0.0160    96.0610 1.0000e-12  -74.18782 -113.13100  24.073496      99.92 2.2974e+02    752.075      18051  1029.3072  1029.3038    34.1842    34.1800    8.18838         26 0.0000e+00
    385.000    380.660    -0.5969  28.100396    -0.5919  28.101923     5.1716     5.4348     0.0289    96.0568 1.0000e-12  -74.18782 -113.13100  24.073509      99.90 2.2770e+02    753.184      18077  1029.3155  1029.3124    34.1909    34.1873    8.18297         27 0.0000e+00
    386.000    381.649    -0.5797  28.118075    -0.5775  28.117365     5.1562     5.4217     0.0238    96.0216 1.0000e-12  -74.18782 -113.13100  24.073522      99.89 2.2708e+02    754.291      18104  1029.3221  1029.3193    34.1947    34.1912    8.17903         27 0.0000e+00
    387.000    382.637    -0.5576  28.142628    -0.5576  28.138915     5.1445     5.4110    -0.0050    96.0763 1.0000e-12  -74.18782 -113.13100  24.073535      99.89 2.2941e+02    755.405      18131  1029.3314  1029.3275    34.2021    34.1972    8.17383         27 0.0000e+00
    388.000    383.623    -0.5368  28.164990    -0.5363  28.162323     5.1412     5.4027    -0.0015    96.0707 1.0000e-12  -74.18782 -113.13100  24.073548      99.88 2.2808e+02    756.524      18158  1029.3396  1029.3363    34.2082    34.2040    8.16900         26 0.0000e+00
    389.000    384.611    -0.5278  28.175208    -0.5258  28.174155     5.1391     5.3980     0.0020    96.0730 1.0000e-12  -74.18782 -113.13100  24.073560      99.90 2.2695e+02    757.626      18184  1029.3464  1029.3433    34.2112    34.2075    8.16690         27 0.0000e+00
    390.000    385.600    -0.5256  28.177538    -0.5238  28.176862     5.1430     5.3965     0.0030    96.0835 1.0000e-12  -74.18782 -113.13100  24.073573      99.90 2.2976e+02    758.719      18210  1029.3513  1029.3488    34.2112    34.2083    8.16642         26 0.0000e+00
    391.000    386.587    -0.5241  28.179782    -0.5219  28.179337     5.1400     5.3996     0.0077    96.0882 1.0000e-12  -74.18782 -113.13100  24.073586      99.89 2.2873e+02    759.821      18237  1029.3568  1029.3542    34.2119    34.2089    8.16605         27 0.0000e+00
    392.000    387.576    -0.5229  28.181420    -0.5210  28.180830     5.1392     5.3976     0.0137    96.0876 1.0000e-12  -74.18782 -113.13100  24.073599      99.89 2.2782e+02    760.930      18263  1029.3618  1029.3593    34.2122    34.2092    8.16578         26 0.0000e+00
    393.000    388.563    -0.5195  28.185850    -0.5170  28.185591     5.1355     5.3935     0.0059    96.0873 1.0000e-12  -74.18782 -113.13100  24.073612      78.93 2.3033e+02    762.035      18290  1029.3677  1029.3650    34.2137    34.2105    8.16496         27 0.0000e+00
    394.000    389.551    -0.5174  28.188425    -0.5159  28.187148     5.1352     5.3955    -0.0013    96.0995 1.0000e-12  -74.18782 -113.13100  24.073624      93.67 2.2931e+02    763.148      18317  1029.3728  1029.3701    34.2142    34.2108    8.16448         26 0.0000e+00
    395.000    390.537    -0.5155  28.190951    -0.5140  28.189735     5.1325     5.3953    -0.0001    96.0712 1.0000e-12  -74.18782 -113.13100  24.073637     100.02 2.2765e+02    764.251      18343  1029.3782  1029.3755    34.2148    34.2116    8.16403         26 0.0000e+00
    396.000    391.528    -0.5090  28.198558    -0.5069  28.197897     5.1196     5.3785    -0.0004    95.9716 1.0000e-12  -74.18782 -113.13100  24.073650      99.89 2.2983e+02    765.335      18369  1029.3844  1029.3816    34.2171    34.2138    8.16250         26 0.0000e+00
    397.000    392.514    -0.4999  28.208628    -0.4982  28.207488     5.1070     5.3699     0.0045    96.0717 1.0000e-12  -74.18782 -113.13102  24.073662      99.90 2.2937e+02    766.423      18395  1029.3907  1029.3879    34.2198    34.2164    8.16040         27 0.0000e+00
    398.000    393.503    -0.4821  28.227393    -0.4802  28.226209     5.0896     5.3583     0.0027    96.0964 1.0000e-12  -74.18782 -113.13101  24.073675      99.88 2.2627e+02    767.518      18421  1029.3977  1029.3946    34.2243    34.2206    8.15630         26 0.0000e+00
    399.000    394.489    -0.4695  28.240209    -0.4685  28.238078     5.0680     5.3304     0.0018    96.0775 1.0000e-12  -74.18782 -113.13101  24.073688      99.90 2.2825e+02    768.615      18448  1029.4036  1029.4004    34.2267    34.2227    8.15346         26 0.0000e+00
    400.000    395.479    -0.4528  28.257551    -0.4505  28.256400     5.0438     5.3064    -0.0004    96.0452 1.0000e-12  -74.18782 -113.13101  24.073700      99.90 2.2971e+02    769.716      18474  1029.4103  1029.4068    34.2305    34.2264    8.14965         27 0.0000e+00
    401.000    396.464    -0.4198  28.290353    -0.4174  28.289314     5.0437     5.2939    -0.0004    95.9457 1.0000e-12  -74.18782 -113.13102  24.073713      99.88 2.2731e+02    770.827      18501  1029.4175  1029.4141    34.2367    34.2327    8.14221         26 0.0000e+00
    402.000    397.453    -0.4051  28.306274    -0.4031  28.305073     5.0352     5.2932     0.0084    96.0954 1.0000e-12  -74.18782 -113.13102  24.073726      99.89 2.2787e+02    771.927      18527  1029.4247  1029.4215    34.2409    34.2370    8.13883         27 0.0000e+00
    403.000    398.440    -0.3966  28.316010    -0.3946  28.315087     5.0252     5.2841     0.0089    96.0767 1.0000e-12  -74.18782 -113.13101  24.073739      99.89 2.2950e+02    773.016      18553  1029.4314  1029.4285    34.2437    34.2403    8.13684         26 0.0000e+00
    404.000    399.428    -0.3862  28.327220    -0.3843  28.326263     5.0250     5.2780     0.0046    96.0687 1.0000e-12  -74.18782 -113.13102  24.073751      99.89 2.2603e+02    774.112      18580  1029.4378  1029.4349    34.2465    34.2430    8.13447         26 0.0000e+00
    405.000    400.417    -0.3832  28.330762    -0.3805  28.330708     5.0289     5.2903     0.0001    96.0698 1.0000e-12  -74.18782 -113.13102  24.073764      96.20 2.2750e+02    775.202      18606  1029.4432  1029.4406    34.2473    34.2442    8.13378         26 0.0000e+00
    406.000    401.404    -0.3780  28.338303    -0.3760  28.337551     5.0333     5.2891     0.0037    96.0826 1.0000e-12  -74.18782 -113.13102  24.073777      93.83 2.2891e+02    776.290      18632  1029.4507  1029.4480    34.2508    34.2476    8.13246         27 0.0000e+00
