ocean_section_plots/required_files/ctd/dnbp2202_ctd057.cnv
* Sea-Bird SBE 9 Data File:
* FileName = D:\Data\raw\NBP2202_CTD057.hex
* Software Version Seasave V 7.26.7.121
* Temperature SN = 1649
* Conductivity SN = 2513
* Number of Bytes Per Scan = 40
* Number of Voltage Words = 5
* Number of Scans Averaged by the Deck Unit = 1
* NMEA Latitude = 74 13.90 S
* NMEA Longitude = 112 15.37 W
* NMEA UTC (Time) = Jan 24 2022  16:10:30
* NMEA baud rate = 9600
** Ship: RVIB N.B. Palmer
** Cruise: NBP2202 Thwaites
** Station: Section Dotson C
** Operator: A. Robinson
# nquan = 25
# nvalues = 1023                        
# units = specified
# name 0 = prDM: Pressure, Digiquartz [db]
# name 1 = depSM: Depth [salt water, m]
# name 2 = t090C: Temperature [ITS-90, deg C]
# name 3 = c0mS/cm: Conductivity [mS/cm]
# name 4 = t190C: Temperature, 2 [ITS-90, deg C]
# name 5 = c1mS/cm: Conductivity, 2 [mS/cm]
# name 6 = sbeox0ML/L: Oxygen, SBE 43 [ml/l]
# name 7 = sbeox1ML/L: Oxygen, SBE 43, 2 [ml/l]
# name 8 = flECO-AFL: Fluorescence, WET Labs ECO-AFL/FL [mg/m^3]
# name 9 = CStarTr0: Beam Transmission, WET Labs C-Star [%]
# name 10 = par: PAR/Irradiance, Biospherical/Licor
# name 11 = latitude: Latitude [deg]
# name 12 = longitude: Longitude [deg]
# name 13 = timeJ: Julian Days
# name 14 = altM: Altimeter [m]
# name 15 = spar: SPAR, Biospherical/Licor
# name 16 = timeS: Time, Elapsed [seconds]
# name 17 = scan: Scan Count
# name 18 = density00: Density [density, kg/m^3]
# name 19 = density11: Density, 2 [density, kg/m^3]
# name 20 = sal00: Salinity, Practical [PSU]
# name 21 = sal11: Salinity, Practical, 2 [PSU]
# name 22 = oxsolML/L: Oxygen Saturation, Garcia & Gordon [ml/l]
# name 23 = nbin: number of scans per bin
# name 24 = flag: flag
# span 0 =      2.000,   1024.000       
# span 1 =      1.982,   1010.904       
# span 2 =    -1.5218,     0.5381       
# span 3 =  27.075295,  29.619156       
# span 4 =    -1.5216,     0.5402       
# span 5 =  27.075113,  29.618992       
# span 6 =     4.5757,     8.4515       
# span 7 =     4.7632,     8.7980       
# span 8 =    -0.0139,    18.7503       
# span 9 =    72.6230,    97.0776       
# span 10 = 1.0000e-12, 3.2054e+02      
# span 11 =  -74.23168,  -74.23166      
# span 12 = -112.25628, -112.25624      
# span 13 =  24.676199,  24.691883      
# span 14 =       3.41,     102.06      
# span 15 = 7.6637e+02, 8.4392e+02      
# span 16 =    193.614,   1548.715      
# span 17 =       4648,      37170      
# span 18 =  1027.1943,  1032.5294      
# span 19 =  1027.1966,  1032.5272      
# span 20 =    33.7983,    34.5558      
# span 21 =    33.7997,    34.5533      
# span 22 =    7.92363,    8.40041      
# span 23 =         13,         48      
# span 24 = 0.0000e+00, 0.0000e+00      
# interval = decibars: 1                
# start_time = Jan 24 2022 16:10:30 [NMEA time, header]
# bad_flag = -9.990e-29
*END*
[from data line 406]
    408.000    403.378    -1.2506  27.544367    -1.2493  27.544096     6.0194     6.3036     0.0036    96.9615 1.0000e-12  -74.23168 -112.25625  24.682394      99.85 8.1621e+02    728.860      17494  1029.4371  1029.4355    34.1625    34.1606    8.32807         29 0.0000e+00
    409.000    404.366    -1.2471  27.549127    -1.2458  27.548669     6.0079     6.2954     0.0118    96.9619 1.0000e-12  -74.23168 -112.25625  24.682408      99.87 8.1621e+02    730.034      17522  1029.4431  1029.4412    34.1644    34.1622    8.32719         27 0.0000e+00
    410.000    405.354    -1.2361  27.559711    -1.2349  27.559202     6.0126     6.2863     0.0100    96.8956 1.0000e-12  -74.23168 -112.25624  24.682421      99.87 8.1621e+02    731.212      17550  1029.4481  1029.4463    34.1658    34.1637    8.32465         29 0.0000e+00
    411.000    406.341    -1.2396  27.557157    -1.2398  27.555735     6.0175     6.2954     0.0180    96.9866 1.0000e-12  -74.23168 -112.25626  24.682435      99.87 8.1621e+02    732.397      17579  1029.4529  1029.4516    34.1656    34.1639    8.32543         28 0.0000e+00
    412.000    407.330    -1.2451  27.552901    -1.2445  27.552092     6.0153     6.2993     0.0181    96.9677 1.0000e-12  -74.23168 -112.25625  24.682449      99.87 8.1642e+02    733.583      17607  1029.4579  1029.4565    34.1654    34.1636    8.32667         29 0.0000e+00
    413.000    408.315    -1.2483  27.550674    -1.2471  27.550355     6.0149     6.2946     0.0190    96.9718 1.0000e-12  -74.23168 -112.25625  24.682462      99.87 8.1790e+02    734.761      17635  1029.4629  1029.4614    34.1654    34.1636    8.32738         28 0.0000e+00
    414.000    409.304    -1.2492  27.550609    -1.2485  27.549639     6.0096     6.2868     0.0119    96.9690 1.0000e-12  -74.23168 -112.25625  24.682476      99.87 8.1773e+02    735.938      17664  1029.4680  1029.4663    34.1657    34.1636    8.32757         28 0.0000e+00
    415.000    410.292    -1.2420  27.557622    -1.2414  27.556649     6.0113     6.2906     0.0072    96.9633 1.0000e-12  -74.23168 -112.25624  24.682490      99.87 8.1804e+02    737.122      17692  1029.4728  1029.4712    34.1666    34.1645    8.32592         29 0.0000e+00
    416.000    411.281    -1.2374  27.562394    -1.2374  27.560846     5.9991     6.2803     0.0192    96.9654 1.0000e-12  -74.23168 -112.25626  24.682504      80.81 8.1798e+02    738.312      17720  1029.4778  1029.4761    34.1672    34.1651    8.32486         28 0.0000e+00
    417.000    412.267    -1.2344  27.565682    -1.2332  27.565180     6.0013     6.2714     0.0150    96.9358 1.0000e-12  -74.23168 -112.25624  24.682517      94.18 8.1798e+02    739.502      17749  1029.4827  1029.4810    34.1677    34.1657    8.32416         29 0.0000e+00
    418.000    413.255    -1.2281  27.572078    -1.2270  27.571486     5.9962     6.2728     0.0491    96.9193 1.0000e-12  -74.23168 -112.25624  24.682531      99.92 8.1798e+02    740.697      17778  1029.4879  1029.4862    34.1687    34.1666    8.32270         28 0.0000e+00
    419.000    414.243    -1.2326  27.568983    -1.2314  27.568723     5.9921     6.2733     0.3526    96.9736 1.0000e-12  -74.23168 -112.25625  24.682545      99.87 8.1919e+02    741.886      17806  1029.4932  1029.4918    34.1689    34.1673    8.32368         29 0.0000e+00
    420.000    415.230    -1.2318  27.570871    -1.2305  27.570294     5.9740     6.2564     0.0273    96.9727 1.0000e-12  -74.23168 -112.25626  24.682559      99.87 8.1899e+02    743.064      17835  1029.4987  1029.4969    34.1699    34.1678    8.32343         28 0.0000e+00
    421.000    416.218    -1.2130  27.588845    -1.2115  27.588104     5.9364     6.2291     0.0197    96.9589 1.0000e-12  -74.23168 -112.25626  24.682572      99.87 8.1974e+02    744.235      17863  1029.5042  1029.5020    34.1725    34.1698    8.31910         28 0.0000e+00
    422.000    417.207    -1.1856  27.615321    -1.1837  27.614755     5.9162     6.1979     0.0118    96.9915 1.0000e-12  -74.23168 -112.25626  24.682586      99.87 8.2071e+02    745.411      17891  1029.5107  1029.5082    34.1770    34.1741    8.31276         29 0.0000e+00
    423.000    418.193    -1.1554  27.644327    -1.1528  27.644291     5.8833     6.1650     0.0106    96.9820 1.0000e-12  -74.23168 -112.25626  24.682599      99.88 8.2050e+02    746.589      17919  1029.5171  1029.5146    34.1817    34.1787    8.30578         28 0.0000e+00
    424.000    419.181    -1.1264  27.671010    -1.1255  27.669780     5.8760     6.1574     0.0143    96.9782 1.0000e-12  -74.23168 -112.25626  24.682613      99.87 8.2031e+02    747.771      17948  1029.5224  1029.5202    34.1846    34.1819    8.29918         28 0.0000e+00
    425.000    420.168    -1.1136  27.683083    -1.1124  27.682503     5.8882     6.1676     0.0186    96.9775 1.0000e-12  -74.23168 -112.25626  24.682627      99.88 8.2083e+02    748.958      17976  1029.5276  1029.5258    34.1859    34.1838    8.29628         29 0.0000e+00
    426.000    421.157    -1.1294  27.670018    -1.1289  27.669348     5.8905     6.1650     0.0231    96.9755 1.0000e-12  -74.23168 -112.25626  24.682640      99.87 8.2142e+02    750.134      18004  1029.5335  1029.5323    34.1854    34.1839    8.29980         28 0.0000e+00
    427.000    422.143    -1.1361  27.665232    -1.1350  27.664557     5.8772     6.1552     0.0226    96.8999 1.0000e-12  -74.23168 -112.25626  24.682654      99.50 8.2150e+02    751.316      18033  1029.5394  1029.5376    34.1859    34.1837    8.30126         28 0.0000e+00
    428.000    423.133    -1.1225  27.679452    -1.1205  27.678697     5.8558     6.1294     0.0352    96.9704 1.0000e-12  -74.23168 -112.25626  24.682668      83.64 8.2150e+02    752.499      18061  1029.5460  1029.5432    34.1892    34.1859    8.29805         29 0.0000e+00
    429.000    424.118    -1.0992  27.700715    -1.0980  27.699976     5.8456     6.1237     0.0178    96.9636 1.0000e-12  -74.23168 -112.25626  24.682682      96.46 8.2157e+02    753.681      18089  1029.5508  1029.5487    34.1912    34.1887    8.29279         28 0.0000e+00
    430.000    425.107    -1.0904  27.709242    -1.0891  27.708679     5.8344     6.1101     0.0173    96.9651 1.0000e-12  -74.23168 -112.25626  24.682695      99.85 8.2162e+02    754.868      18118  1029.5560  1029.5540    34.1922    34.1899    8.29078         29 0.0000e+00
    431.000    426.096    -1.0865  27.713383    -1.0852  27.712639     5.8018     6.0682     0.1205    96.9460 1.0000e-12  -74.23168 -112.25626  24.682709      99.87 8.2210e+02    756.055      18146  1029.5611  1029.5591    34.1927    34.1903    8.28987         24 0.0000e+00
    432.000    427.082    -1.0667  27.732778    -1.0645  27.732226     5.7872     6.0696     0.0196    96.9156 1.0000e-12  -74.23168 -112.25626  24.682723      99.87 8.2254e+02    757.244      18175  1029.5673  1029.5645    34.1961    34.1928    8.28531         29 0.0000e+00
    433.000    428.070    -1.0471  27.750999    -1.0455  27.750494     5.7306     6.0312     0.0345    96.9257 1.0000e-12  -74.23168 -112.25626  24.682736      99.87 8.2214e+02    758.423      18203  1029.5725  1029.5703    34.1981    34.1955    8.28087         28 0.0000e+00
    434.000    429.056    -1.0261  27.772048    -1.0236  27.771237     5.6385     5.9177     0.0226    96.9499 1.0000e-12  -74.23168 -112.25626  24.682750      99.87 8.2283e+02    759.609      18232  1029.5793  1029.5759    34.2023    34.1983    8.27599         28 0.0000e+00
    435.000    430.045    -0.9228  27.868154    -0.9195  27.865982     5.5601     5.8464     0.0232    96.9554 1.0000e-12  -74.23168 -112.25626  24.682764      99.87 8.2341e+02    760.791      18260  1029.5867  1029.5811    34.2151    34.2084    8.25253         28 0.0000e+00
    436.000    431.032    -0.8558  27.928139    -0.8538  27.926800     5.5226     5.8143     0.0234    96.9419 1.0000e-12  -74.23168 -112.25626  24.682777      99.88 8.2321e+02    761.967      18288  1029.5909  1029.5875    34.2200    34.2159    8.23758         29 0.0000e+00
    437.000    432.018    -0.8315  27.950464    -0.8326  27.947076     5.4900     5.7686     0.0221    96.8848 1.0000e-12  -74.23168 -112.25626  24.682791      99.87 8.2327e+02    763.156      18317  1029.5963  1029.5937    34.2220    34.2187    8.23214         29 0.0000e+00
    438.000    433.008    -0.8095  27.972426    -0.8051  27.972675     5.4617     5.7432     0.0232    96.9164 1.0000e-12  -74.23168 -112.25626  24.682805      77.91 8.2327e+02    764.344      18345  1029.6035  1029.5994    34.2262    34.2216    8.22709         28 0.0000e+00
    439.000    433.995    -0.7722  28.006102    -0.7711  28.004542     5.4475     5.7197     0.0289    96.9139 1.0000e-12  -74.23168 -112.25626  24.682819      90.79 8.2327e+02    765.520      18373  1029.6083  1029.6056    34.2290    34.2256    8.21881         28 0.0000e+00
    440.000    434.982    -0.7572  28.020457    -0.7571  28.017887     5.4394     5.7077     0.0250    96.9083 1.0000e-12  -74.23168 -112.25626  24.682832      99.90 8.2352e+02    766.692      18402  1029.6141  1029.6113    34.2308    34.2272    8.21542         28 0.0000e+00
    441.000    435.970    -0.7485  28.028416    -0.7458  28.028388     5.4456     5.7016     0.0171    96.8826 1.0000e-12  -74.23168 -112.25626  24.682846      99.87 8.2424e+02    767.873      18430  1029.6192  1029.6166    34.2311    34.2281    8.21352         29 0.0000e+00
    442.000    436.958    -0.7426  28.034193    -0.7424  28.031859     5.4408     5.7043     0.0249    96.8808 1.0000e-12  -74.23168 -112.25625  24.682859      99.87 8.2371e+02    769.055      18458  1029.6246  1029.6219    34.2317    34.2283    8.21221         28 0.0000e+00
    443.000    437.945    -0.7449  28.032007    -0.7427  28.031828     5.4359     5.6885     0.0166    96.8852 1.0000e-12  -74.23168 -112.25626  24.682873      99.87 8.2430e+02    770.247      18487  1029.6293  1029.6270    34.2307    34.2280    8.21277         29 0.0000e+00
    444.000    438.934    -0.7288  28.047903    -0.7319  28.042339     5.4179     5.6677     0.0018    96.8845 1.0000e-12  -74.23168 -112.25624  24.682887      99.87 8.2503e+02    771.432      18515  1029.6355  1029.6325    34.2334    34.2294    8.20911         28 0.0000e+00
    445.000    439.920    -0.7088  28.066753    -0.7058  28.066732     5.4097     5.6555     0.0200    96.8836 1.0000e-12  -74.23168 -112.25625  24.682900      99.87 8.2503e+02    772.601      18543  1029.6407  1029.6378    34.2355    34.2322    8.20463         28 0.0000e+00
    446.000    440.908    -0.6975  28.077342    -0.6956  28.076566     5.4004     5.6485     0.0292    96.8734 1.0000e-12  -74.23168 -112.25625  24.682914      99.87 8.2503e+02    773.773      18572  1029.6458  1029.6432    34.2365    34.2333    8.20212         28 0.0000e+00
    447.000    441.895    -0.6946  28.080281    -0.6931  28.079387     5.3964     5.6503     0.0183    96.8888 1.0000e-12  -74.23168 -112.25625  24.682928      99.88 8.2552e+02    774.962      18600  1029.6509  1029.6485    34.2366    34.2337    8.20149         29 0.0000e+00
    448.000    442.881    -0.6925  28.082571    -0.6908  28.081795     5.3822     5.6385     0.0243    96.8721 1.0000e-12  -74.23168 -112.25624  24.682942      99.87 8.2522e+02    776.148      18629  1029.6559  1029.6534    34.2367    34.2337    8.20103         29 0.0000e+00
    449.000    443.872    -0.6883  28.086930    -0.6858  28.086843     5.3648     5.6150     0.0262    96.8807 1.0000e-12  -74.23168 -112.25624  24.682955      75.40 8.2529e+02    777.320      18657  1029.6611  1029.6586    34.2372    34.2343    8.20009         27 0.0000e+00
    450.000    444.858    -0.6704  28.104271    -0.6688  28.102994     5.3478     5.6043     0.0163    96.8808 1.0000e-12  -74.23168 -112.25624  24.682969      83.83 8.2649e+02    778.490      18685  1029.6667  1029.6638    34.2398    34.2362    8.19606         28 0.0000e+00
    451.000    445.845    -0.6570  28.117032    -0.6558  28.115540     5.3195     5.5750     0.0280    96.8724 1.0000e-12  -74.23168 -112.25625  24.682982      99.91 8.2679e+02    779.659      18713  1029.6719  1029.6691    34.2412    34.2379    8.19307         28 0.0000e+00
    452.000    446.833    -0.6313  28.142130    -0.6281  28.141779     5.2697     5.5256     0.0347    96.8764 1.0000e-12  -74.23168 -112.25625  24.682996      99.87 8.2679e+02    780.841      18741  1029.6782  1029.6748    34.2454    34.2414    8.18726         29 0.0000e+00
    453.000    447.821    -0.5857  28.185965    -0.5823  28.184968     5.2277     5.4774     0.0352    96.8834 1.0000e-12  -74.23168 -112.25625  24.683010      99.88 8.2679e+02    782.029      18770  1029.6852  1029.6808    34.2523    34.2472    8.17701         29 0.0000e+00
    454.000    448.808    -0.5383  28.230253    -0.5354  28.229366     5.1942     5.4500     0.0202    96.8713 1.0000e-12  -74.23168 -112.25624  24.683023      99.87 8.2679e+02    783.210      18798  1029.6909  1029.6871    34.2578    34.2533    8.16648         27 0.0000e+00
    455.000    449.796    -0.5072  28.259272    -0.5039  28.259294     5.1662     5.4182     0.0186    96.8665 1.0000e-12  -74.23168 -112.25626  24.683037      99.87 8.2722e+02    784.379      18826  1029.6963  1029.6931    34.2611    34.2574    8.15959         29 0.0000e+00
    456.000    450.782    -0.4799  28.285619    -0.4776  28.284429     5.1505     5.4014     0.0182    96.8157 1.0000e-12  -74.23168 -112.25626  24.683050      99.87 8.2823e+02    785.557      18854  1029.7026  1029.6990    34.2650    34.2608    8.15350         28 0.0000e+00
    457.000    451.769    -0.4615  28.303049    -0.4596  28.302116     5.1454     5.3903     0.0198    96.8488 1.0000e-12  -74.23168 -112.25626  24.683064      99.87 8.2855e+02    786.749      18883  1029.7080  1029.7052    34.2671    34.2637    8.14943         29 0.0000e+00
    458.000    452.758    -0.4555  28.309416    -0.4531  28.308795     5.1355     5.3712     0.0282    96.8449 1.0000e-12  -74.23168 -112.25626  24.683078      99.87 8.2855e+02    787.944      18912  1029.7138  1029.7108    34.2682    34.2647    8.14807         28 0.0000e+00
    459.000    453.745    -0.4401  28.324449    -0.4374  28.323928     5.1317     5.3703     0.0317    96.8568 1.0000e-12  -74.23168 -112.25626  24.683092      99.87 8.2855e+02    789.129      18940  1029.7196  1029.7164    34.2705    34.2667    8.14464         29 0.0000e+00
    460.000    454.732    -0.4330  28.331086    -0.4312  28.330295     5.1306     5.3647     0.0206    96.8459 1.0000e-12  -74.23168 -112.25626  24.683105      82.93 8.2855e+02    790.307      18968  1029.7245  1029.7219    34.2707    34.2676    8.14310         28 0.0000e+00
    461.000    455.719    -0.4324  28.332050    -0.4306  28.331324     5.1282     5.3644     0.0234    96.8422 1.0000e-12  -74.23168 -112.25626  24.683119      93.12 8.2868e+02    791.475      18996  1029.7297  1029.7271    34.2707    34.2677    8.14297         28 0.0000e+00
    462.000    456.707    -0.4293  28.335620    -0.4270  28.335120     5.1323     5.3594     0.0208    96.8117 1.0000e-12  -74.23168 -112.25626  24.683133      99.88 8.2893e+02    792.649      19025  1029.7351  1029.7323    34.2714    34.2681    8.14227         28 0.0000e+00
    463.000    457.694    -0.4255  28.339708    -0.4232  28.339207     5.1263     5.3563     0.0134    96.8369 1.0000e-12  -74.23168 -112.25626  24.683146      99.87 8.2906e+02    793.823      19053  1029.7403  1029.7376    34.2720    34.2688    8.14142         28 0.0000e+00
    464.000    458.684    -0.4195  28.345846    -0.4175  28.344988     5.1163     5.3476     0.0138    96.8293 1.0000e-12  -74.23168 -112.25626  24.683160      99.87 8.2880e+02    794.995      19081  1029.7456  1029.7428    34.2729    34.2695    8.14009         29 0.0000e+00
