ocean_section_plots/required_files/ctd/dnbp2202_ctd230.cnv
* Sea-Bird SBE 9 Data File:
* FileName = D:\Data\raw\NBP2202_CTD230.hex
* Software Version Seasave V 7.26.7.121
* Temperature SN = 1649
* Conductivity SN = 2513
* Number of Bytes Per Scan = 40
* Number of Voltage Words = 5
* Number of Scans Averaged by the Deck Unit = 1
* NMEA Latitude = 73 59.06 S
* NMEA Longitude = 113 23.14 W
* NMEA UTC (Time) = Feb 13 2022  02:22:19
* NMEA baud rate = 9600
** Ship: RVIB N.B. Palmer
** Cruise: NBP2202 Thwaites
** Station: 141
** Operator: A. Robinson
# nquan = 28
# nvalues = 252                         
# units = specified
# name 0 = prDM: Pressure, Digiquartz [db]
# name 1 = depSM: Depth [salt water, m]
# name 2 = t090C: Temperature [ITS-90, deg C]
# name 3 = c0mS/cm: Conductivity [mS/cm]
# name 4 = t190C: Temperature, 2 [ITS-90, deg C]
# name 5 = c1mS/cm: Conductivity, 2 [mS/cm]
# name 6 = sbeox0ML/L: Oxygen, SBE 43 [ml/l]
# name 7 = sbeox1ML/L: Oxygen, SBE 43, 2 [ml/l]
# name 8 = flECO-AFL: Fluorescence, WET Labs ECO-AFL/FL [mg/m^3]
# name 9 = CStarTr0: Beam Transmission, WET Labs C-Star [%]
# name 10 = par: PAR/Irradiance, Biospherical/Licor
# name 11 = latitude: Latitude [deg]
# name 12 = longitude: Longitude [deg]
# name 13 = timeJ: Julian Days
# name 14 = altM: Altimeter [m]
# name 15 = spar: SPAR, Biospherical/Licor
# name 16 = timeS: Time, Elapsed [seconds]
# name 17 = scan: Scan Count
# name 18 = density00: Density [density, kg/m^3]
# name 19 = density11: Density, 2 [density, kg/m^3]
# name 20 = v3: Voltage 3
# name 21 = v4: Voltage 4
# name 22 = v5: Voltage 5
# name 23 = sal00: Salinity, Practical [PSU]
# name 24 = sal11: Salinity, Practical, 2 [PSU]
# name 25 = oxsolML/L: Oxygen Saturation, Garcia & Gordon [ml/l]
# name 26 = nbin: number of scans per bin
# name 27 = flag: flag
# span 0 =      2.000,    253.000       
# span 1 =      1.986,    250.230       
# span 2 =    -1.4334,    -0.7341       
# span 3 =  27.108719,  27.689156       
# span 4 =    -1.4335,    -0.6765       
# span 5 =  27.108771,  27.688952       
# span 6 =     5.4138,     8.7061       
# span 7 =     5.6029,     9.0359       
# span 8 =     0.3064,    19.4452       
# span 9 =    77.9225,    96.5112       
# span 10 = 1.0000e-12, 3.6912e+02      
# span 11 =  -73.98444,  -73.98442      
# span 12 = -113.38582, -113.38576      
# span 13 =  44.101470,  44.105744      
# span 14 =       3.51,     100.50      
# span 15 = 3.3128e+02, 1.0739e+03      
# span 16 =    227.966,    597.269      
# span 17 =       5472,      14335      
# span 18 =  1027.1558,  1028.6146      
# span 19 =  1027.1495,  1028.6137      
# span 20 =     3.6970,     4.5784      
# span 21 =     0.1055,     3.4606      
# span 22 =     0.1163,     0.2264      
# span 23 =    33.7569,    34.0792      
# span 24 =    33.7620,    34.0782      
# span 25 =    8.23719,    8.38196      
# span 26 =         21,         46      
# span 27 = 0.0000e+00, 0.0000e+00      
# interval = decibars: 1                
# start_time = Feb 13 2022 02:22:19 [NMEA time, header]
# bad_flag = -9.990e-29
*END*
[from data line 208]
    210.000    207.722    -1.3368  27.259690    -1.3381  27.259073     5.9858     6.2150     1.6481    94.4022 1.0000e-12  -73.98442 -113.38580  44.104434      46.96 1.0560e+03    484.087      11619  1028.3558  1028.3563     4.4784     0.2424     0.1274    33.9923    33.9929    8.35741         28 0.0000e+00
    211.000    208.712    -1.3324  27.265256    -1.3341  27.263960     5.9847     6.2091     2.0655    94.2412 1.0000e-12  -73.98442 -113.38580  44.104447      45.90 1.0542e+03    485.260      11647  1028.3620  1028.3622     4.4707     0.2258     0.1204    33.9943    33.9945    8.35629         28 0.0000e+00
    212.000    209.700    -1.3293  27.268803    -1.3307  27.268149     5.9896     6.2043     1.9423    93.9214 1.0000e-12  -73.98442 -113.38580  44.104461      44.76 1.0556e+03    486.458      11676  1028.3673  1028.3680     4.4556     0.2502     0.1235    33.9950    33.9958    8.35555         29 0.0000e+00
    213.000    210.689    -1.3279  27.271146    -1.3283  27.271372     5.9725     6.1930     1.9037    94.8874 1.0000e-12  -73.98442 -113.38581  44.104476      43.84 1.0554e+03    487.687      11705  1028.3730  1028.3736     4.5014     0.3264     0.1220    33.9961    33.9969    8.35519         29 0.0000e+00
    214.000    211.679    -1.3257  27.275674    -1.3241  27.277323     5.9516     6.1762     0.8738    94.3695 1.0000e-12  -73.98442 -113.38581  44.104490      42.72 1.0529e+03    488.919      11735  1028.3802  1028.3805     4.4768     0.3126     0.1295    33.9991    33.9996    8.35450         30 0.0000e+00
    215.000    212.665    -1.3037  27.296884    -1.3044  27.296503     5.9387     6.1536     0.9086    94.4532 1.0000e-12  -73.98442 -113.38581  44.104505      41.83 1.0535e+03    490.228      11766  1028.3865  1028.3867     4.4808     0.3486     0.1240    34.0026    34.0029    8.34937         34 0.0000e+00
    216.000    213.656    -1.2988  27.302005    -1.2973  27.303453     5.9182     6.1379     1.3502    94.6129 1.0000e-12  -73.98442 -113.38582  44.104522      40.66 1.0535e+03    491.685      11801  1028.3919  1028.3920     4.4883     0.3127     0.1224    34.0035    34.0038    8.34823         36 0.0000e+00
    217.000    214.643    -1.2876  27.312992    -1.2886  27.312469     5.9162     6.1384     1.1711    94.3152 1.0000e-12  -73.98442 -113.38582  44.104539      39.52 1.0529e+03    493.186      11837  1028.3976  1028.3979     4.4743     0.2634     0.1253    34.0053    34.0056    8.34563         36 0.0000e+00
    218.000    215.632    -1.2882  27.313353    -1.2896  27.312294     5.9268     6.1404     1.1474    95.5128 1.0000e-12  -73.98442 -113.38582  44.104556      38.50 1.0544e+03    494.670      11873  1028.4030  1028.4033     4.5310     0.2356     0.1185    34.0058    34.0060    8.34572         35 0.0000e+00
    219.000    216.621    -1.2893  27.313578    -1.2900  27.313103     5.9245     6.1404     0.9621    95.3560 1.0000e-12  -73.98442 -113.38581  44.104574      37.48 1.0543e+03    496.171      11909  1028.4088  1028.4090     4.5236     0.2717     0.1218    34.0067    34.0069    8.34591         37 0.0000e+00
    220.000    217.610    -1.2888  27.314940    -1.2889  27.315224     5.9232     6.1390     0.6584    94.8013 1.0000e-12  -73.98442 -113.38581  44.104591      36.52 1.0542e+03    497.704      11946  1028.4143  1028.4147     4.4973     0.2064     0.1218    34.0075    34.0080    8.34577         37 0.0000e+00
    221.000    218.598    -1.2860  27.318375    -1.2863  27.318316     5.9064     6.1199     0.7718    95.3639 1.0000e-12  -73.98442 -113.38580  44.104609      35.44 1.0542e+03    499.196      11982  1028.4197  1028.4200     4.5237     0.2367     0.1254    34.0083    34.0086    8.34508         33 0.0000e+00
    222.000    219.586    -1.2806  27.324500    -1.2795  27.325138     5.8574     6.0887     1.2883    95.0965 1.0000e-12  -73.98442 -113.38581  44.104626      34.45 1.0541e+03    500.719      12018  1028.4256  1028.4252     4.5115     0.2576     0.1196    34.0101    34.0096    8.34379         37 0.0000e+00
    223.000    220.575    -1.2517  27.351871    -1.2528  27.350601     5.7643     5.9982     0.7303    95.8030 1.0000e-12  -73.98442 -113.38582  44.104644      33.42 1.0526e+03    502.273      12056  1028.4319  1028.4316     4.5448     0.1829     0.1225    34.0141    34.0136    8.33709         33 0.0000e+00
    224.000    221.564    -1.2086  27.392031    -1.2012  27.395427     5.6515     5.8851     0.8243    95.4624 1.0000e-12  -73.98442 -113.38581  44.104662      32.43 1.0523e+03    503.791      12092  1028.4385  1028.4349     4.5286     0.1622     0.1262    34.0196    34.0158    8.32716         37 0.0000e+00
    225.000    222.552    -1.1403  27.453851    -1.1380  27.454257     5.5815     5.8116     0.5347    95.5694 1.0000e-12  -73.98442 -113.38580  44.104680      31.44 1.0532e+03    505.335      12129  1028.4444  1028.4426     4.5337     0.1869     0.1250    34.0261    34.0241    8.31160         38 0.0000e+00
    226.000    223.541    -1.0990  27.494489    -1.0991  27.493122     5.5605     5.7858     0.5775    95.2106 1.0000e-12  -73.98442 -113.38581  44.104699      30.36 1.0531e+03    506.959      12168  1028.4537  1028.4523     4.5167     0.1833     0.1246    34.0343    34.0325    8.30196         39 0.0000e+00
    227.000    224.529    -1.0873  27.506311    -1.0884  27.504965     5.5679     5.7813     0.5699    95.5917 1.0000e-12  -73.98442 -113.38581  44.104718      29.32 1.0512e+03    508.592      12207  1028.4602  1028.4599     4.5348     0.1499     0.1251    34.0365    34.0359    8.29923         38 0.0000e+00
    228.000    225.518    -1.0858  27.507812    -1.0862  27.507211     5.5750     5.7829     1.2695    96.1542 1.0000e-12  -73.98442 -113.38580  44.104737      28.27 1.0531e+03    510.320      12249  1028.4654  1028.4652     4.5614     0.1423     0.1257    34.0362    34.0359    8.29892         40 0.0000e+00
    229.000    226.506    -1.0896  27.504229    -1.0916  27.502253     5.5900     5.7856     0.5966    95.9835 1.0000e-12  -73.98442 -113.38581  44.104758      27.30 1.0526e+03    512.081      12291  1028.4701  1028.4699     4.5534     0.1850     0.1299    34.0351    34.0346    8.29983         42 0.0000e+00
    230.000    227.495    -1.0942  27.499797    -1.0942  27.499740     5.5979     5.7884     0.4333    95.9965 1.0000e-12  -73.98442 -113.38580  44.104779      26.24 1.0515e+03    513.949      12336  1028.4744  1028.4743     4.5540     0.1627     0.1415    34.0336    34.0334    8.30093         41 0.0000e+00
    231.000    228.484    -1.0924  27.501985    -1.0925  27.501708     5.5936     5.7855     0.4917    96.0904 1.0000e-12  -73.98442 -113.38580  44.104801      25.21 1.0511e+03    515.790      12380  1028.4797  1028.4795     4.5584     0.3331     0.1265    34.0339    34.0337    8.30051         44 0.0000e+00
    232.000    229.472    -1.0923  27.502317    -1.0926  27.501900     5.5945     5.7825     0.5941    96.1006 1.0000e-12  -73.98442 -113.38580  44.104823      24.17 1.0532e+03    517.706      12426  1028.4845  1028.4844     4.5588     0.1174     0.1246    34.0336    34.0334    8.30051         43 0.0000e+00
    233.000    230.461    -1.0914  27.503471    -1.0918  27.503034     5.5897     5.7869     0.3792    96.0430 1.0000e-12  -73.98442 -113.38580  44.104845      23.16 1.0510e+03    519.649      12473  1028.4894  1028.4893     4.5562     0.1609     0.1265    34.0336    34.0334    8.30032         40 0.0000e+00
    234.000    231.450    -1.0920  27.503311    -1.0924  27.502808     5.5848     5.7876     0.3905    96.2683 1.0000e-12  -73.98442 -113.38580  44.104869      22.12 1.0513e+03    521.636      12520  1028.4942  1028.4941     4.5668     0.1645     0.1266    34.0334    34.0332    8.30046         39 0.0000e+00
    235.000    232.438    -1.0911  27.504710    -1.0913  27.504326     5.5859     5.7827     0.4205    96.0670 1.0000e-12  -73.98442 -113.38580  44.104892      21.07 1.0495e+03    523.704      12570  1028.4993  1028.4991     4.5573     0.1408     0.1246    34.0336    34.0334    8.30024         41 0.0000e+00
    236.000    233.426    -1.0888  27.507345    -1.0889  27.507041     5.5803     5.7755     0.4016    96.3635 1.0000e-12  -73.98442 -113.38580  44.104917      20.02 1.0493e+03    525.841      12621  1028.5043  1028.5041     4.5713     0.2373     0.1286    34.0341    34.0338    8.29971         44 0.0000e+00
    237.000    234.415    -1.0804  27.515725    -1.0797  27.516150     5.5646     5.7614     0.3918    96.1915 1.0000e-12  -73.98442 -113.38579  44.104944      18.97 1.0495e+03    528.186      12677  1028.5096  1028.5094     4.5634     0.1303     0.1255    34.0353    34.0351    8.29777         38 0.0000e+00
    238.000    235.404    -1.0746  27.521889    -1.0746  27.521890     5.5620     5.7616     0.5392    96.2320 1.0000e-12  -73.98442 -113.38579  44.104975      17.91 1.0501e+03    530.813      12741  1028.5152  1028.5152     4.5652     0.1355     0.1255    34.0365    34.0366    8.29641         37 0.0000e+00
    239.000    236.392    -1.0710  27.526149    -1.0700  27.526387     5.5568     5.7561     0.3064    96.3582 1.0000e-12  -73.98442 -113.38579  44.105006      16.91 1.0504e+03    533.490      12805  1028.5208  1028.5201     4.5710     0.1506     0.1284    34.0377    34.0369    8.29556         42 0.0000e+00
    240.000    237.381    -1.0701  27.527481    -1.0697  27.527423     5.5595     5.7517     0.6212    96.2657 1.0000e-12  -73.98442 -113.38578  44.105038      15.84 1.0508e+03    536.286      12872  1028.5257  1028.5253     4.5667     0.1408     0.1255    34.0378    34.0373    8.29534         39 0.0000e+00
    241.000    238.368    -1.0672  27.530496    -1.0672  27.530162     5.5474     5.7423     0.5179    95.7872 1.0000e-12  -73.98442 -113.38578  44.105071      14.83 1.0507e+03    539.097      12939  1028.5306  1028.5303     4.5443     0.1169     0.1278    34.0381    34.0377    8.29469         44 0.0000e+00
    242.000    239.355    -1.0664  27.531793    -1.0661  27.531707     5.5439     5.7470     0.4299    96.4114 1.0000e-12  -73.98442 -113.38577  44.105103      13.79 1.0501e+03    541.874      13006  1028.5356  1028.5352     4.5736     0.2015     0.1283    34.0383    34.0379    8.29450         46 0.0000e+00
    243.000    240.346    -1.0420  27.556159    -1.0421  27.554501     5.4944     5.7003     0.4343    96.5112 1.0000e-12  -73.98442 -113.38577  44.105134      12.77 1.0492e+03    544.613      13072  1028.5427  1028.5411     4.5784     0.1055     0.1266    34.0433    34.0412    8.28882         37 0.0000e+00
    244.000    241.333    -0.9876  27.614891    -0.9879  27.613239     5.4738     5.6671     0.3865    96.4068 1.0000e-12  -73.98442 -113.38577  44.105166      11.76 1.0489e+03    547.329      13137  1028.5586  1028.5571     4.5735     0.1716     0.1285    34.0611    34.0592    8.27577         38 0.0000e+00
    245.000    242.323    -0.9826  27.617499    -0.9805  27.620493     5.4760     5.6661     0.8762    96.1933 1.0000e-12  -73.98442 -113.38578  44.105197      10.71 1.0483e+03    550.037      13202  1028.5615  1028.5628     4.5632     0.1288     0.1284    34.0584    34.0601    8.27483         33 0.0000e+00
    246.000    243.313    -0.9818  27.620833    -0.9751  27.625210     5.4697     5.6553     0.7909    96.0798 1.0000e-12  -73.98442 -113.38578  44.105229       9.69 1.0484e+03    552.795      13268  1028.5687  1028.5675     4.5578     0.1420     0.1330    34.0614    34.0598    8.27447         41 0.0000e+00
    247.000    244.298    -0.9744  27.629770    -0.9698  27.634446     5.4566     5.6542     0.5467    96.3351 1.0000e-12  -73.98442 -113.38578  44.105261       8.65 1.0489e+03    555.546      13334  1028.5762  1028.5768     4.5700     0.1702     0.1325    34.0646    34.0658    8.27266         32 0.0000e+00
    248.000    245.292    -0.9565  27.648059    -0.9507  27.652953     5.4417     5.6314     0.4831    96.1447 1.0000e-12  -73.98442 -113.38578  44.105293       7.62 1.0495e+03    558.298      13400  1028.5831  1028.5829     4.5610     0.1463     0.1402    34.0686    34.0687    8.26848         35 0.0000e+00
    249.000    246.278    -0.9388  27.666964    -0.9381  27.666530     5.4260     5.6151     0.3856    96.0697 1.0000e-12  -73.98442 -113.38578  44.105324       6.58 1.0491e+03    561.023      13466  1028.5910  1028.5900     4.5574     0.1778     0.1341    34.0736    34.0723    8.26429         37 0.0000e+00
    250.000    247.267    -0.9315  27.675308    -0.9297  27.675604     5.4218     5.6135     0.7090    95.9997 1.0000e-12  -73.98442 -113.38578  44.105356       5.56 1.0493e+03    563.768      13531  1028.5976  1028.5963     4.5542     0.1688     0.1348    34.0761    34.0745    8.26255         41 0.0000e+00
    251.000    248.254    -0.9250  27.682249    -0.9237  27.682336     5.4158     5.6052     0.4276    96.0734 1.0000e-12  -73.98442 -113.38578  44.105388       4.55 1.0510e+03    566.514      13597  1028.6034  1028.6023     4.5578     0.1205     0.1346    34.0776    34.0763    8.26104         37 0.0000e+00
    252.000    249.242    -0.9218  27.686082    -0.9216  27.685228     5.4138     5.6029     0.4402    96.0503 1.0000e-12  -73.98442 -113.38578  44.105419       3.51 1.0516e+03    569.200      13662  1028.6091  1028.6080     4.5567     0.1553     0.1433    34.0786    34.0772    8.26028         38 0.0000e+00
    253.000    250.230    -0.9192  27.689156    -0.9185  27.688952     5.4190     5.6184     0.6070    96.0151 1.0000e-12  -73.98442 -113.38579  44.105744       3.83 1.0479e+03    597.269      14335  1028.6146  1028.6137     4.5545     0.1679     0.1472    34.0792    34.0782    8.25967         28 0.0000e+00
