ocean_section_plots/required_files/ctd/dnbp2202_ctd098.cnv
* Sea-Bird SBE 9 Data File:
* FileName = D:\Data\raw\NBP2202_CTD098.hex
* Software Version Seasave V 7.26.7.121
* Temperature SN = 1649
* Conductivity SN = 2513
* Number of Bytes Per Scan = 40
* Number of Voltage Words = 5
* Number of Scans Averaged by the Deck Unit = 1
* NMEA Latitude = 74 10.51 S
* NMEA Longitude = 113 20.67 W
* NMEA UTC (Time) = Jan 27 2022  01:28:41
* NMEA baud rate = 9600
** Ship: RVIB N.B. Palmer
** Cruise: NBP2202 Thwaites
** Station: YoYo001
** Operator: A. Robinson
# nquan = 25
# nvalues = 608                         
# units = specified
# name 0 = prDM: Pressure, Digiquartz [db]
# name 1 = depSM: Depth [salt water, m]
# name 2 = t090C: Temperature [ITS-90, deg C]
# name 3 = c0mS/cm: Conductivity [mS/cm]
# name 4 = t190C: Temperature, 2 [ITS-90, deg C]
# name 5 = c1mS/cm: Conductivity, 2 [mS/cm]
# name 6 = sbeox0ML/L: Oxygen, SBE 43 [ml/l]
# name 7 = sbeox1ML/L: Oxygen, SBE 43, 2 [ml/l]
# name 8 = flECO-AFL: Fluorescence, WET Labs ECO-AFL/FL [mg/m^3]
# name 9 = CStarTr0: Beam Transmission, WET Labs C-Star [%]
# name 10 = par: PAR/Irradiance, Biospherical/Licor
# name 11 = latitude: Latitude [deg]
# name 12 = longitude: Longitude [deg]
# name 13 = timeJ: Julian Days
# name 14 = altM: Altimeter [m]
# name 15 = spar: SPAR, Biospherical/Licor
# name 16 = timeS: Time, Elapsed [seconds]
# name 17 = scan: Scan Count
# name 18 = density00: Density [density, kg/m^3]
# name 19 = density11: Density, 2 [density, kg/m^3]
# name 20 = sal00: Salinity, Practical [PSU]
# name 21 = sal11: Salinity, Practical, 2 [PSU]
# name 22 = oxsolML/L: Oxygen Saturation, Garcia & Gordon [ml/l]
# name 23 = nbin: number of scans per bin
# name 24 = flag: flag
# span 0 =     10.000,    617.000       
# span 1 =      9.898,    609.704       
# span 2 =    -1.5162,     0.0898       
# span 3 =  26.927871,  28.925445       
# span 4 =    -1.5152,     0.0931       
# span 5 =  26.927619,  28.925675       
# span 6 =     4.6837,     7.8781       
# span 7 =     4.7415,     7.7797       
# span 8 =    -0.0225,    20.4068       
# span 9 =    73.6316,    95.5182       
# span 10 = 1.0000e-12, 4.3869e+01      
# span 11 =  -74.17528,  -74.17528      
# span 12 = -113.34458, -113.34455      
# span 13 =  27.062111,  27.071587      
# span 14 =       4.45,     100.44      
# span 15 = 1.4323e+03, 1.7470e+03      
# span 16 =     45.343,    864.160      
# span 17 =       1089,      20741      
# span 18 =  1027.2337,  1030.5226      
# span 19 =  1027.2307,  1030.5205      
# span 20 =    33.7978,    34.3814      
# span 21 =    33.7971,    34.3781      
# span 22 =    8.02610,    8.40794      
# span 23 =         17,         49      
# span 24 = 0.0000e+00, 0.0000e+00      
# interval = decibars: 1                
# start_time = Jan 27 2022 01:28:41 [NMEA time, header]
# bad_flag = -9.990e-29
*END*
[from data line 290]
    300.000    296.681    -0.6242  27.985711    -0.6215  27.985478     4.9149     4.9872    -0.0195    95.2135 1.0000e-12  -74.17528 -113.34456  27.066331      84.54 1.6412e+03    410.020       9841  1028.8557  1028.8529    34.1188    34.1155    8.19305         28 0.0000e+00
    301.000    297.667    -0.6143  27.996097    -0.6124  27.995477     4.9108     4.9814    -0.0187    95.2218 1.0000e-12  -74.17528 -113.34456  27.066345      95.53 1.6412e+03    411.199       9870  1028.8615  1028.8591    34.1210    34.1181    8.19077         28 0.0000e+00
    302.000    298.656    -0.6122  27.998597    -0.6105  27.997904     4.9114     4.9840    -0.0187    95.2199 1.0000e-12  -74.17528 -113.34456  27.066358      99.91 1.6409e+03    412.364       9898  1028.8666  1028.8642    34.1214    34.1185    8.19029         28 0.0000e+00
    303.000    299.644    -0.6092  28.002130    -0.6071  28.001888     4.9135     4.9759    -0.0114    95.2166 1.0000e-12  -74.17528 -113.34456  27.066372      99.87 1.6399e+03    413.508       9925  1028.8719  1028.8695    34.1222    34.1195    8.18960         27 0.0000e+00
    304.000    300.633    -0.6065  28.005376    -0.6047  28.004848     4.9101     4.9812    -0.0131    95.2127 1.0000e-12  -74.17528 -113.34456  27.066385      99.86 1.6398e+03    414.638       9952  1028.8771  1028.8748    34.1229    34.1201    8.18897         27 0.0000e+00
    305.000    301.622    -0.6056  28.006718    -0.6036  28.006480     4.9044     4.9793    -0.0158    95.2025 1.0000e-12  -74.17528 -113.34456  27.066398      99.87 1.6391e+03    415.768       9979  1028.8821  1028.8799    34.1231    34.1205    8.18877         28 0.0000e+00
    306.000    302.607    -0.6048  28.008068    -0.6028  28.007668     4.9061     4.9702    -0.0071    95.2119 1.0000e-12  -74.17528 -113.34456  27.066411      99.86 1.6377e+03    416.925      10007  1028.8870  1028.8847    34.1234    34.1206    8.18857         27 0.0000e+00
    307.000    303.596    -0.6015  28.012062    -0.5995  28.011548     4.9045     4.9726    -0.0133    95.2147 1.0000e-12  -74.17528 -113.34456  27.066425      99.87 1.6377e+03    418.100      10035  1028.8924  1028.8900    34.1244    34.1215    8.18779         30 0.0000e+00
    308.000    304.588    -0.5973  28.016809    -0.5954  28.016497     4.9045     4.9701    -0.0057    95.2147 1.0000e-12  -74.17528 -113.34456  27.066438      99.87 1.6377e+03    419.272      10064  1028.8979  1028.8957    34.1255    34.1229    8.18683         27 0.0000e+00
    309.000    305.574    -0.5968  28.017836    -0.5949  28.017453     4.9044     4.9724    -0.0166    95.2208 1.0000e-12  -74.17528 -113.34456  27.066452      99.87 1.6375e+03    420.435      10091  1028.9028  1028.9006    34.1257    34.1230    8.18670         28 0.0000e+00
    310.000    306.561    -0.5954  28.019986    -0.5934  28.019475     4.9060     4.9756    -0.0145    95.2109 1.0000e-12  -74.17528 -113.34456  27.066465      99.86 1.6365e+03    421.582      10119  1028.9081  1028.9057    34.1264    34.1235    8.18636         27 0.0000e+00
    311.000    307.550    -0.5940  28.021929    -0.5921  28.021489     4.8991     4.9687    -0.0112    95.2214 1.0000e-12  -74.17528 -113.34456  27.066478      80.46 1.6358e+03    422.715      10146  1028.9132  1028.9109    34.1268    34.1241    8.18603         27 0.0000e+00
    312.000    308.539    -0.5917  28.024897    -0.5897  28.024429     4.8970     4.9623    -0.0059    95.2245 1.0000e-12  -74.17528 -113.34456  27.066491      91.96 1.6342e+03    423.850      10173  1028.9185  1028.9161    34.1277    34.1248    8.18549         28 0.0000e+00
    313.000    309.526    -0.5876  28.029441    -0.5858  28.028867     4.8983     4.9599    -0.0031    95.2061 1.0000e-12  -74.17528 -113.34456  27.066505      99.87 1.6342e+03    425.000      10201  1028.9237  1028.9213    34.1286    34.1257    8.18456         27 0.0000e+00
    314.000    310.514    -0.5864  28.031053    -0.5846  28.030561     4.8977     4.9614    -0.0088    95.2135 1.0000e-12  -74.17528 -113.34456  27.066518      99.86 1.6342e+03    426.152      10229  1028.9286  1028.9263    34.1287    34.1260    8.18428         28 0.0000e+00
    315.000    311.503    -0.5857  28.032343    -0.5837  28.031974     4.8998     4.9686    -0.0119    95.2218 1.0000e-12  -74.17528 -113.34456  27.066531      99.87 1.6342e+03    427.322      10257  1028.9336  1028.9313    34.1291    34.1264    8.18411         28 0.0000e+00
    316.000    312.491    -0.5855  28.033026    -0.5836  28.032647     4.8993     4.9673    -0.0174    95.1940 1.0000e-12  -74.17528 -113.34456  27.066545      99.87 1.6342e+03    428.488      10285  1028.9385  1028.9362    34.1293    34.1265    8.18407         28 0.0000e+00
    317.000    313.478    -0.5853  28.033697    -0.5833  28.033513     4.9001     4.9654    -0.0053    95.2013 1.0000e-12  -74.17528 -113.34456  27.066558      99.86 1.6324e+03    429.620      10312  1028.9434  1028.9412    34.1293    34.1268    8.18403         27 0.0000e+00
    318.000    314.466    -0.5852  28.034073    -0.5833  28.034111     4.9247     4.9856    -0.0105    95.1925 1.0000e-12  -74.17528 -113.34456  27.066571      99.87 1.6324e+03    430.752      10339  1028.9479  1028.9461    34.1290    34.1270    8.18400         28 0.0000e+00
    319.000    315.456    -0.5939  28.026969    -0.5921  28.026965     4.9490     5.0143    -0.0111    95.1995 1.0000e-12  -74.17528 -113.34456  27.066585      99.87 1.6324e+03    431.913      10367  1028.9531  1028.9515    34.1287    34.1267    8.18591         28 0.0000e+00
    320.000    316.443    -0.6123  28.012280    -0.6109  28.011896     4.9646     5.0248    -0.0038    95.2024 1.0000e-12  -74.17528 -113.34456  27.066598      99.87 1.6312e+03    433.096      10395  1028.9596  1028.9579    34.1290    34.1270    8.18987         28 0.0000e+00
    321.000    317.431    -0.6209  28.007435    -0.6190  28.007058     4.9669     5.0314    -0.0198    95.2135 1.0000e-12  -74.17528 -113.34456  27.066612      99.87 1.6308e+03    434.275      10424  1028.9670  1028.9648    34.1316    34.1289    8.19159         28 0.0000e+00
    322.000    318.419    -0.6133  28.015982    -0.6108  28.016121     4.9467     5.0198    -0.0166    95.2099 1.0000e-12  -74.17528 -113.34456  27.066625      99.86 1.6303e+03    435.423      10451  1028.9730  1028.9707    34.1339    34.1313    8.18981         27 0.0000e+00
    323.000    319.407    -0.6031  28.027036    -0.6010  28.026517     4.9305     5.0086    -0.0047    95.2185 1.0000e-12  -74.17528 -113.34456  27.066638      86.75 1.6292e+03    436.540      10478  1028.9791  1028.9765    34.1367    34.1336    8.18743         27 0.0000e+00
    324.000    320.396    -0.5801  28.051080    -0.5781  28.050182     4.9194     4.9984    -0.0109    95.2157 1.0000e-12  -74.17528 -113.34456  27.066651      98.42 1.6288e+03    437.659      10505  1028.9868  1028.9839    34.1426    34.1391    8.18213         27 0.0000e+00
    325.000    321.384    -0.5657  28.066372    -0.5638  28.065735     4.9100     4.9860    -0.0171    95.2153 1.0000e-12  -74.17528 -113.34456  27.066664      99.87 1.6289e+03    438.812      10532  1028.9935  1028.9910    34.1463    34.1433    8.17880         28 0.0000e+00
    326.000    322.372    -0.5486  28.085862    -0.5468  28.084487     4.9055     4.9769    -0.0183    95.2256 1.0000e-12  -74.17528 -113.34456  27.066678      99.87 1.6276e+03    439.996      10561  1029.0021  1028.9989    34.1527    34.1488    8.17475         29 0.0000e+00
    327.000    323.359    -0.5279  28.108575    -0.5257  28.108225     4.9297     4.9981    -0.0128    95.2327 1.0000e-12  -74.17528 -113.34456  27.066692      99.87 1.6271e+03    441.168      10589  1029.0108  1029.0082    34.1593    34.1563    8.16991         28 0.0000e+00
    328.000    324.349    -0.5268  28.110788    -0.5276  28.108392     4.9464     5.0177    -0.0046    95.2432 1.0000e-12  -74.17528 -113.34456  27.066705      99.87 1.6268e+03    442.318      10617  1029.0166  1029.0148    34.1604    34.1581    8.16960         27 0.0000e+00
    329.000    325.336    -0.5488  28.093822    -0.5482  28.092670     4.9552     5.0257    -0.0020    95.2452 1.0000e-12  -74.17528 -113.34456  27.066718      99.87 1.6255e+03    443.446      10644  1029.0243  1029.0226    34.1617    34.1595    8.17426         27 0.0000e+00
    330.000    326.324    -0.5472  28.095787    -0.5474  28.093447     4.9641     5.0279    -0.0063    95.2509 1.0000e-12  -74.17528 -113.34456  27.066731      99.86 1.6237e+03    444.581      10671  1029.0292  1029.0270    34.1620    34.1591    8.17390         27 0.0000e+00
    331.000    327.312    -0.5495  28.094014    -0.5485  28.093036     4.9553     5.0246    -0.0117    95.2443 1.0000e-12  -74.17528 -113.34456  27.066745      99.87 1.6220e+03    445.744      10699  1029.0339  1029.0319    34.1615    34.1592    8.17442         29 0.0000e+00
    332.000    328.299    -0.5489  28.095177    -0.5459  28.095607     4.9574     5.0283    -0.0173    95.2429 1.0000e-12  -74.17528 -113.34456  27.066758      99.87 1.6213e+03    446.919      10727  1029.0389  1029.0365    34.1619    34.1591    8.17428         28 0.0000e+00
    333.000    329.288    -0.5449  28.098867    -0.5434  28.098299     4.9620     5.0289    -0.0123    95.2433 1.0000e-12  -74.17528 -113.34456  27.066772      99.86 1.6201e+03    448.086      10755  1029.0433  1029.0412    34.1617    34.1593    8.17343         27 0.0000e+00
    334.000    330.277    -0.5525  28.093092    -0.5498  28.093429     4.9625     5.0378    -0.0040    95.2577 1.0000e-12  -74.17528 -113.34456  27.066785      80.07 1.6198e+03    449.231      10783  1029.0489  1029.0466    34.1619    34.1594    8.17506         28 0.0000e+00
    335.000    331.265    -0.5481  28.097314    -0.5483  28.094959     4.9834     5.0498    -0.0104    95.2368 1.0000e-12  -74.17528 -113.34456  27.066798      95.53 1.6183e+03    450.367      10810  1029.0534  1029.0511    34.1620    34.1591    8.17410         27 0.0000e+00
    336.000    332.252    -0.5516  28.093910    -0.5525  28.091770     5.0080     5.0624    -0.0171    95.2684 1.0000e-12  -74.17528 -113.34456  27.066811      99.83 1.6183e+03    451.512      10837  1029.0575  1029.0560    34.1608    34.1589    8.17493         28 0.0000e+00
    337.000    333.240    -0.5814  28.069182    -0.5768  28.071342     5.0164     5.0747    -0.0125    95.2643 1.0000e-12  -74.17528 -113.34456  27.066825      99.86 1.6183e+03    452.676      10865  1029.0643  1029.0622    34.1604    34.1583    8.18137         27 0.0000e+00
    338.000    334.229    -0.5803  28.070614    -0.5765  28.071982     5.0248     5.0790    -0.0036    95.2650 1.0000e-12  -74.17528 -113.34456  27.066838      99.87 1.6183e+03    453.838      10893  1029.0690  1029.0668    34.1606    34.1581    8.18114         28 0.0000e+00
    339.000    335.217    -0.5804  28.070839    -0.5778  28.071253     5.0397     5.1013    -0.0111    95.2723 1.0000e-12  -74.17528 -113.34456  27.066852      99.87 1.6184e+03    454.980      10921  1029.0735  1029.0715    34.1604    34.1580    8.18117         28 0.0000e+00
    340.000    336.204    -0.5905  28.062532    -0.5920  28.059898     5.0516     5.1151    -0.0194    95.2751 1.0000e-12  -74.17528 -113.34456  27.066865      99.86 1.6186e+03    456.128      10948  1029.0787  1029.0773    34.1600    34.1581    8.18338         28 0.0000e+00
    341.000    337.193    -0.6073  28.048780    -0.6060  28.048398     5.0654     5.1332    -0.0170    95.2927 1.0000e-12  -74.17528 -113.34456  27.066878      99.87 1.6198e+03    457.279      10976  1029.0845  1029.0828    34.1598    34.1578    8.18702         27 0.0000e+00
    342.000    338.181    -0.6153  28.042937    -0.6138  28.042575     5.0688     5.1421    -0.0044    95.3045 1.0000e-12  -74.17528 -113.34456  27.066892      99.87 1.6201e+03    458.431      11003  1029.0902  1029.0883    34.1604    34.1581    8.18872         28 0.0000e+00
    343.000    339.169    -0.6145  28.046254    -0.6151  28.043426     5.0291     5.1148    -0.0202    95.2996 1.0000e-12  -74.17528 -113.34456  27.066905      99.86 1.6203e+03    459.583      11031  1029.0970  1029.0946    34.1633    34.1601    8.18837         27 0.0000e+00
    344.000    340.156    -0.6005  28.060864    -0.5973  28.060945     4.9597     5.0533    -0.0195    95.3229 1.0000e-12  -74.17528 -113.34456  27.066918      92.71 1.6214e+03    460.726      11058  1029.1033  1029.1001    34.1666    34.1630    8.18516         28 0.0000e+00
    345.000    341.145    -0.5359  28.122746    -0.5336  28.120657     4.9046     4.9946    -0.0178    95.3178 1.0000e-12  -74.17528 -113.34456  27.066931      76.15 1.6218e+03    461.863      11086  1029.1107  1029.1062    34.1764    34.1710    8.17065         27 0.0000e+00
    346.000    342.132    -0.4845  28.171549    -0.4822  28.170370     4.8654     4.9570    -0.0135    95.3220 1.0000e-12  -74.17528 -113.34456  27.066945      98.21 1.6213e+03    463.020      11113  1029.1172  1029.1136    34.1835    34.1792    8.15917         28 0.0000e+00
    347.000    343.121    -0.4582  28.197463    -0.4561  28.196528     4.8530     4.9322    -0.0174    95.3341 1.0000e-12  -74.17528 -113.34456  27.066958      99.88 1.6210e+03    464.201      11142  1029.1238  1029.1208    34.1880    34.1844    8.15325         28 0.0000e+00
    348.000    344.109    -0.4348  28.221957    -0.4324  28.221556     4.8545     4.9370    -0.0163    95.3455 1.0000e-12  -74.17528 -113.34456  27.066972      99.87 1.6202e+03    465.370      11170  1029.1319  1029.1291    34.1940    34.1907    8.14789         29 0.0000e+00
    349.000    345.097    -0.4325  28.225118    -0.4304  28.224993     4.8859     4.9529    -0.0150    95.3463 1.0000e-12  -74.17528 -113.34456  27.066985      99.87 1.6204e+03    466.531      11198  1029.1378  1029.1356    34.1950    34.1924    8.14734         27 0.0000e+00
    350.000    346.084    -0.4435  28.216185    -0.4413  28.216395     4.9053     4.9702    -0.0119    95.3212 1.0000e-12  -74.17528 -113.34456  27.066999      99.87 1.6201e+03    467.684      11225  1029.1436  1029.1417    34.1948    34.1926    8.14971         28 0.0000e+00
    351.000    347.073    -0.4505  28.214578    -0.4489  28.213218     4.8921     4.9679    -0.0145    95.2790 1.0000e-12  -74.17528 -113.34456  27.067012      99.87 1.6201e+03    468.823      11253  1029.1533  1029.1503    34.1999    34.1963    8.15092         27 0.0000e+00
    352.000    348.061    -0.4230  28.242748    -0.4201  28.242929     4.8694     4.9445    -0.0171    95.2806 1.0000e-12  -74.17528 -113.34456  27.067025      99.87 1.6201e+03    469.969      11280  1029.1611  1029.1584    34.2061    34.2031    8.14467         28 0.0000e+00
    353.000    349.049    -0.3988  28.267373    -0.3964  28.266482     4.8406     4.9167    -0.0117    95.2996 1.0000e-12  -74.17528 -113.34456  27.067039      99.86 1.6201e+03    471.129      11308  1029.1682  1029.1649    34.2112    34.2074    8.13918         28 0.0000e+00
    354.000    350.037    -0.3797  28.285132    -0.3781  28.284174     4.8261     4.9007    -0.0107    95.2778 1.0000e-12  -74.17528 -113.34456  27.067052      99.87 1.6201e+03    472.284      11336  1029.1731  1029.1705    34.2130    34.2098    8.13500         27 0.0000e+00
    355.000    351.024    -0.3725  28.291888    -0.3722  28.289930     4.8268     4.8997    -0.0096    95.2613 1.0000e-12  -74.17528 -113.34456  27.067065      99.86 1.6201e+03    473.427      11363  1029.1779  1029.1755    34.2133    34.2103    8.13343         27 0.0000e+00
    356.000    352.012    -0.3716  28.293165    -0.3685  28.293703     4.8254     4.8985    -0.0184    95.2650 1.0000e-12  -74.17528 -113.34456  27.067078      82.44 1.6202e+03    474.563      11391  1029.1830  1029.1806    34.2134    34.2106    8.13323         28 0.0000e+00
