ocean_section_plots/required_files/ctd/dnbp2202_ctd091.cnv
* Sea-Bird SBE 9 Data File:
* FileName = D:\Data\raw\NBP2202_CTD091.hex
* Software Version Seasave V 7.26.7.121
* Temperature SN = 1649
* Conductivity SN = 2513
* Number of Bytes Per Scan = 40
* Number of Voltage Words = 5
* Number of Scans Averaged by the Deck Unit = 1
* NMEA Latitude = 74 10.51 S
* NMEA Longitude = 113 20.67 W
* NMEA UTC (Time) = Jan 26 2022  22:09:58
* NMEA baud rate = 9600
** Ship: RVIB N.B. Palmer
** Cruise: NBP2202 Thwaites
** Station: YoYo001
** Operator: A. Robinson
# nquan = 25
# nvalues = 607                         
# units = specified
# name 0 = prDM: Pressure, Digiquartz [db]
# name 1 = depSM: Depth [salt water, m]
# name 2 = t090C: Temperature [ITS-90, deg C]
# name 3 = c0mS/cm: Conductivity [mS/cm]
# name 4 = t190C: Temperature, 2 [ITS-90, deg C]
# name 5 = c1mS/cm: Conductivity, 2 [mS/cm]
# name 6 = sbeox0ML/L: Oxygen, SBE 43 [ml/l]
# name 7 = sbeox1ML/L: Oxygen, SBE 43, 2 [ml/l]
# name 8 = flECO-AFL: Fluorescence, WET Labs ECO-AFL/FL [mg/m^3]
# name 9 = CStarTr0: Beam Transmission, WET Labs C-Star [%]
# name 10 = par: PAR/Irradiance, Biospherical/Licor
# name 11 = latitude: Latitude [deg]
# name 12 = longitude: Longitude [deg]
# name 13 = timeJ: Julian Days
# name 14 = altM: Altimeter [m]
# name 15 = spar: SPAR, Biospherical/Licor
# name 16 = timeS: Time, Elapsed [seconds]
# name 17 = scan: Scan Count
# name 18 = density00: Density [density, kg/m^3]
# name 19 = density11: Density, 2 [density, kg/m^3]
# name 20 = sal00: Salinity, Practical [PSU]
# name 21 = sal11: Salinity, Practical, 2 [PSU]
# name 22 = oxsolML/L: Oxygen Saturation, Garcia & Gordon [ml/l]
# name 23 = nbin: number of scans per bin
# name 24 = flag: flag
# span 0 =     10.000,    616.000       
# span 1 =      9.896,    608.718       
# span 2 =    -1.5381,     0.1084       
# span 3 =  26.919868,  28.944006       
# span 4 =    -1.5368,     0.1105       
# span 5 =  26.920673,  28.943683       
# span 6 =     4.6812,     9.1337       
# span 7 =     4.7512,     9.0120       
# span 8 =    -0.0222,    28.4421       
# span 9 =    66.7773,    95.5322       
# span 10 = 1.0000e-12, 6.8412e+01      
# span 11 =  -74.17530,  -74.17530      
# span 12 = -113.34462, -113.34458      
# span 13 =  26.924000,  26.933095      
# span 14 =       4.13,      99.98      
# span 15 = 1.8704e+03, 1.8842e+03      
# span 16 =     35.596,    821.380      
# span 17 =        855,      19714      
# span 18 =  1027.2033,  1030.5197      
# span 19 =  1027.2087,  1030.5173      
# span 20 =    33.7762,    34.3856      
# span 21 =    33.7835,    34.3830      
# span 22 =    8.02197,    8.41237      
# span 23 =         15,         44      
# span 24 = 0.0000e+00, 0.0000e+00      
# interval = decibars: 1                
# start_time = Jan 26 2022 22:09:58 [NMEA time, header]
# bad_flag = -9.990e-29
*END*
[from data line 348]
    358.000    353.988    -0.3857  28.278401    -0.3836  28.277900     4.8279     4.9177    -0.0120    95.4128 1.0000e-12  -74.17530 -113.34460  26.928717      99.86 1.8757e+03    443.139      10636  1029.1877  1029.1851    34.2082    34.2052    8.13654         27 0.0000e+00
    359.000    354.975    -0.3864  28.277822    -0.3850  28.276719     4.8310     4.9167    -0.0041    95.3582 1.0000e-12  -74.17530 -113.34458  26.928730      99.87 1.8757e+03    444.260      10663  1029.1925  1029.1900    34.2076    34.2047    8.13672         27 0.0000e+00
    360.000    355.964    -0.3848  28.279969    -0.3839  28.278148     4.8381     4.9192    -0.0111    95.3405 1.0000e-12  -74.17530 -113.34460  26.928743      99.87 1.8757e+03    445.391      10690  1029.1979  1029.1951    34.2082    34.2047    8.13636         28 0.0000e+00
    361.000    356.953    -0.3828  28.282395    -0.3812  28.281385     4.8414     4.9135    -0.0121    95.3140 1.0000e-12  -74.17530 -113.34459  26.928756      99.86 1.8760e+03    446.549      10718  1029.2032  1029.2006    34.2085    34.2054    8.13591         28 0.0000e+00
    362.000    357.941    -0.3810  28.284691    -0.3784  28.284690     4.8378     4.9133    -0.0181    95.2835 1.0000e-12  -74.17530 -113.34459  26.928770      99.86 1.8760e+03    447.724      10746  1029.2085  1029.2060    34.2089    34.2061    8.13549         28 0.0000e+00
    363.000    358.927    -0.3809  28.285136    -0.3789  28.284576     4.8451     4.9183    -0.0109    95.2560 1.0000e-12  -74.17530 -113.34459  26.928783      93.87 1.8762e+03    448.886      10774  1029.2134  1029.2109    34.2088    34.2058    8.13547         28 0.0000e+00
    364.000    359.916    -0.3817  28.284470    -0.3796  28.284127     4.8410     4.9241    -0.0120    95.2351 1.0000e-12  -74.17530 -113.34459  26.928797      77.56 1.8760e+03    450.023      10802  1029.2180  1029.2156    34.2082    34.2055    8.13568         27 0.0000e+00
    365.000    360.905    -0.3811  28.285571    -0.3792  28.285069     4.8424     4.9172    -0.0093    95.2262 1.0000e-12  -74.17530 -113.34460  26.928810      94.44 1.8757e+03    451.159      10829  1029.2231  1029.2206    34.2085    34.2056    8.13555         27 0.0000e+00
    366.000    361.891    -0.3740  28.294313    -0.3696  28.296063     4.8345     4.9030    -0.0040    95.2028 1.0000e-12  -74.17530 -113.34460  26.928823      99.82 1.8757e+03    452.323      10857  1029.2299  1029.2275    34.2115    34.2090    8.13384         29 0.0000e+00
    367.000    362.879    -0.3668  28.301862    -0.3644  28.301895     4.8275     4.9014    -0.0108    95.2180 1.0000e-12  -74.17530 -113.34460  26.928837      99.87 1.8757e+03    453.516      10885  1029.2354  1029.2331    34.2130    34.2104    8.13223         28 0.0000e+00
    368.000    363.867    -0.3635  28.306382    -0.3610  28.306170     4.8263     4.9090    -0.0115    95.2283 1.0000e-12  -74.17530 -113.34460  26.928851      99.87 1.8757e+03    454.709      10914  1029.2414  1029.2387    34.2147    34.2116    8.13143         29 0.0000e+00
    369.000    364.856    -0.3577  28.313145    -0.3550  28.313427     4.8240     4.8965    -0.0134    95.1959 1.0000e-12  -74.17530 -113.34460  26.928864      99.87 1.8757e+03    455.866      10942  1029.2473  1029.2450    34.2166    34.2140    8.13007         27 0.0000e+00
    370.000    365.842    -0.3474  28.325615    -0.3448  28.325300     4.8222     4.9002    -0.0082    95.1972 1.0000e-12  -74.17530 -113.34460  26.928877      99.87 1.8757e+03    456.989      10969  1029.2551  1029.2522    34.2212    34.2178    8.12762         26 0.0000e+00
    371.000    366.832    -0.3283  28.347721    -0.3248  28.348144     4.8251     4.8936    -0.0103    95.1960 1.0000e-12  -74.17530 -113.34460  26.928890      99.87 1.8757e+03    458.109      10996  1029.2643  1029.2614    34.2286    34.2253    8.12311         28 0.0000e+00
    372.000    367.819    -0.3241  28.352310    -0.3214  28.352433     4.8171     4.8977    -0.0083    95.1909 1.0000e-12  -74.17530 -113.34460  26.928903      99.86 1.8757e+03    459.247      11023  1029.2696  1029.2672    34.2294    34.2266    8.12217         27 0.0000e+00
    373.000    368.807    -0.3232  28.353804    -0.3212  28.353319     4.8218     4.9001    -0.0066    95.1942 1.0000e-12  -74.17530 -113.34460  26.928917      99.87 1.8757e+03    460.402      11051  1029.2748  1029.2723    34.2298    34.2269    8.12195         28 0.0000e+00
    374.000    369.795    -0.3232  28.354341    -0.3211  28.353952     4.8276     4.8956    -0.0159    95.1969 1.0000e-12  -74.17530 -113.34460  26.928930      99.87 1.8757e+03    461.571      11079  1029.2799  1029.2774    34.2299    34.2271    8.12195         28 0.0000e+00
    375.000    370.782    -0.3234  28.354788    -0.3214  28.354294     4.8207     4.9018    -0.0174    95.1895 1.0000e-12  -74.17530 -113.34460  26.928944      84.83 1.8757e+03    462.736      11107  1029.2849  1029.2824    34.2301    34.2272    8.12198         28 0.0000e+00
    376.000    371.771    -0.3227  28.355916    -0.3216  28.354475     4.8234     4.9061    -0.0114    95.1678 1.0000e-12  -74.17530 -113.34460  26.928957      94.70 1.8757e+03    463.883      11134  1029.2898  1029.2873    34.2303    34.2272    8.12183         27 0.0000e+00
    377.000    372.758    -0.3229  28.356110    -0.3207  28.355742     4.8255     4.9068    -0.0116    95.1656 1.0000e-12  -74.17530 -113.34460  26.928970      99.94 1.8757e+03    465.035      11162  1029.2946  1029.2921    34.2301    34.2272    8.12187         28 0.0000e+00
    378.000    373.747    -0.3251  28.354312    -0.3227  28.354520     4.8305     4.9087    -0.0178    95.1591 1.0000e-12  -74.17530 -113.34460  26.928984      99.86 1.8757e+03    466.205      11190  1029.2992  1029.2971    34.2296    34.2272    8.12237         29 0.0000e+00
    379.000    374.734    -0.3221  28.357852    -0.3212  28.356389     4.8406     4.9093    -0.0109    95.1642 1.0000e-12  -74.17530 -113.34460  26.928997      99.87 1.8751e+03    467.382      11218  1029.3043  1029.3019    34.2304    34.2274    8.12169         27 0.0000e+00
    380.000    375.723    -0.3294  28.351536    -0.3275  28.351287     4.8330     4.9165    -0.0102    95.1751 1.0000e-12  -74.17530 -113.34460  26.929011      99.87 1.8743e+03    468.550      11246  1029.3091  1029.3070    34.2296    34.2270    8.12330         29 0.0000e+00
    381.000    376.709    -0.3253  28.356543    -0.3235  28.356167     4.8373     4.9176    -0.0106    95.1803 1.0000e-12  -74.17530 -113.34460  26.929024      99.86 1.8751e+03    469.713      11274  1029.3147  1029.3126    34.2310    34.2285    8.12233         28 0.0000e+00
    382.000    377.697    -0.3208  28.363890    -0.3186  28.363672     4.8437     4.9118    -0.0113    95.1849 1.0000e-12  -74.17530 -113.34460  26.929038      99.87 1.8754e+03    470.871      11302  1029.3225  1029.3201    34.2352    34.2324    8.12114         28 0.0000e+00
    383.000    378.689    -0.3189  28.366787    -0.3168  28.366465     4.8384     4.9153    -0.0112    95.2033 1.0000e-12  -74.17530 -113.34460  26.929051      99.87 1.8757e+03    472.038      11330  1029.3280  1029.3257    34.2363    34.2335    8.12066         25 0.0000e+00
    384.000    379.672    -0.3170  28.369962    -0.3149  28.369471     4.8313     4.9092    -0.0100    95.1964 1.0000e-12  -74.17530 -113.34460  26.929065      99.86 1.8757e+03    473.208      11358  1029.3339  1029.3313    34.2378    34.2348    8.12017         29 0.0000e+00
    385.000    380.662    -0.3023  28.385568    -0.2999  28.385203     4.8171     4.8969    -0.0142    95.1881 1.0000e-12  -74.17530 -113.34460  26.929078      99.87 1.8757e+03    474.356      11386  1029.3404  1029.3377    34.2415    34.2384    8.11683         27 0.0000e+00
    386.000    381.650    -0.2856  28.403401    -0.2837  28.402026     4.8095     4.8902    -0.0142    95.1852 1.0000e-12  -74.17530 -113.34460  26.929091      78.52 1.8757e+03    475.498      11413  1029.3473  1029.3441    34.2459    34.2420    8.11301         27 0.0000e+00
    387.000    382.637    -0.2702  28.419504    -0.2685  28.418326     4.8170     4.8844    -0.0074    95.1933 1.0000e-12  -74.17530 -113.34460  26.929105      89.97 1.8757e+03    476.657      11441  1029.3539  1029.3510    34.2495    34.2461    8.10954         28 0.0000e+00
    388.000    383.624    -0.2709  28.420382    -0.2690  28.419905     4.8177     4.8887    -0.0061    95.1923 1.0000e-12  -74.17530 -113.34460  26.929118      99.90 1.8757e+03    477.817      11469  1029.3599  1029.3576    34.2509    34.2481    8.10960         28 0.0000e+00
    389.000    384.612    -0.2737  28.418586    -0.2724  28.417469     4.8190     4.8904    -0.0105    95.1918 1.0000e-12  -74.17530 -113.34460  26.929132      99.87 1.8757e+03    478.972      11496  1029.3652  1029.3628    34.2510    34.2481    8.11019         27 0.0000e+00
    390.000    385.600    -0.2732  28.419959    -0.2706  28.420081     4.8084     4.8884    -0.0151    95.2073 1.0000e-12  -74.17530 -113.34460  26.929145      99.87 1.8757e+03    480.121      11524  1029.3706  1029.3681    34.2517    34.2489    8.11005         28 0.0000e+00
    391.000    386.588    -0.2713  28.422465    -0.2693  28.422102     4.8102     4.8948    -0.0124    95.1933 1.0000e-12  -74.17530 -113.34460  26.929158      99.87 1.8757e+03    481.264      11551  1029.3758  1029.3734    34.2523    34.2496    8.10961         28 0.0000e+00
    392.000    387.576    -0.2686  28.426086    -0.2667  28.425599     4.8060     4.8901    -0.0101    95.1966 1.0000e-12  -74.17530 -113.34460  26.929171      99.87 1.8757e+03    482.413      11579  1029.3813  1029.3789    34.2535    34.2507    8.10897         27 0.0000e+00
    393.000    388.563    -0.2690  28.426380    -0.2669  28.426143     4.8120     4.8904    -0.0042    95.1813 1.0000e-12  -74.17530 -113.34460  26.929185      99.87 1.8757e+03    483.583      11607  1029.3864  1029.3841    34.2538    34.2511    8.10904         29 0.0000e+00
    394.000    389.551    -0.2626  28.434111    -0.2616  28.432536     4.8091     4.8892    -0.0099    95.1876 1.0000e-12  -74.17530 -113.34460  26.929198      99.86 1.8757e+03    484.751      11635  1029.3927  1029.3900    34.2563    34.2530    8.10754         28 0.0000e+00
    395.000    390.540    -0.2591  28.438099    -0.2569  28.437774     4.8086     4.8851    -0.0024    95.1859 1.0000e-12  -74.17530 -113.34460  26.929212      99.87 1.8757e+03    485.917      11663  1029.3978  1029.3953    34.2571    34.2542    8.10674         28 0.0000e+00
    396.000    391.527    -0.2481  28.450467    -0.2464  28.449399     4.8127     4.8812    -0.0099    95.1938 1.0000e-12  -74.17530 -113.34460  26.929226      99.86 1.8757e+03    487.089      11691  1029.4045  1029.4018    34.2606    34.2573    8.10420         27 0.0000e+00
    397.000    392.514    -0.2426  28.457571    -0.2407  28.456910     4.8072     4.8853    -0.0165    95.1857 1.0000e-12  -74.17530 -113.34460  26.929239      99.87 1.8757e+03    488.253      11719  1029.4110  1029.4085    34.2632    34.2602    8.10287         28 0.0000e+00
    398.000    393.503    -0.2387  28.462595    -0.2367  28.462187     4.8052     4.8826    -0.0163    95.1868 1.0000e-12  -74.17530 -113.34460  26.929252      83.60 1.8757e+03    489.412      11747  1029.4170  1029.4147    34.2650    34.2623    8.10196         28 0.0000e+00
    399.000    394.489    -0.2373  28.464722    -0.2351  28.464519     4.7996     4.8824    -0.0105    95.1822 1.0000e-12  -74.17530 -113.34460  26.929266      96.47 1.8757e+03    490.580      11775  1029.4222  1029.4199    34.2656    34.2629    8.10161         28 0.0000e+00
    400.000    395.478    -0.2372  28.465559    -0.2350  28.465429     4.7948     4.8730    -0.0111    95.1813 1.0000e-12  -74.17530 -113.34460  26.929279      99.89 1.8757e+03    491.737      11803  1029.4274  1029.4252    34.2661    34.2634    8.10157         28 0.0000e+00
    401.000    396.466    -0.2290  28.474778    -0.2285  28.472858     4.7886     4.8686    -0.0137    95.1861 1.0000e-12  -74.17530 -113.34460  26.929293      99.86 1.8752e+03    492.878      11830  1029.4335  1029.4310    34.2685    34.2654    8.09969         27 0.0000e+00
    402.000    397.453    -0.2209  28.482968    -0.2187  28.482514     4.7806     4.8565    -0.0142    95.1717 1.0000e-12  -74.17530 -113.34460  26.929306      99.87 1.8746e+03    494.004      11857  1029.4387  1029.4360    34.2698    34.2667    8.09790         27 0.0000e+00
    403.000    398.441    -0.2177  28.486450    -0.2155  28.486088     4.7820     4.8574    -0.0068    95.1805 1.0000e-12  -74.17530 -113.34460  26.929319      99.87 1.8755e+03    495.138      11884  1029.4436  1029.4411    34.2702    34.2672    8.09720         27 0.0000e+00
    404.000    399.429    -0.2177  28.486524    -0.2153  28.486420     4.7831     4.8608    -0.0062    95.1458 1.0000e-12  -74.17530 -113.34460  26.929332      99.86 1.8757e+03    496.291      11912  1029.4481  1029.4456    34.2697    34.2668    8.09723         29 0.0000e+00
    405.000    400.416    -0.2163  28.488069    -0.2155  28.486526     4.7800     4.8562    -0.0074    95.1785 1.0000e-12  -74.17530 -113.34460  26.929346      99.87 1.8757e+03    497.459      11940  1029.4527  1029.4503    34.2696    34.2667    8.09693         27 0.0000e+00
    406.000    401.405    -0.2168  28.488238    -0.2143  28.488132     4.7821     4.8655    -0.0024    95.1870 1.0000e-12  -74.17530 -113.34460  26.929359      99.87 1.8757e+03    498.626      11968  1029.4577  1029.4552    34.2698    34.2669    8.09703         28 0.0000e+00
    407.000    402.392    -0.2154  28.490254    -0.2132  28.490169     4.7874     4.8663    -0.0061    95.1767 1.0000e-12  -74.17530 -113.34460  26.929372      99.86 1.8757e+03    499.774      11996  1029.4628  1029.4606    34.2704    34.2678    8.09671         28 0.0000e+00
    408.000    403.379    -0.2188  28.487892    -0.2169  28.487555     4.7991     4.8671    -0.0115    95.1830 1.0000e-12  -74.17530 -113.34460  26.929386      93.36 1.8757e+03    500.912      12023  1029.4680  1029.4657    34.2704    34.2678    8.09742         28 0.0000e+00
    409.000    404.368    -0.2194  28.487540    -0.2171  28.487452     4.7996     4.8671    -0.0110    95.1870 1.0000e-12  -74.17530 -113.34460  26.929399      82.72 1.8757e+03    502.061      12050  1029.4725  1029.4701    34.2700    34.2672    8.09758         27 0.0000e+00
    410.000    405.355    -0.2169  28.489649    -0.2149  28.489307     4.7984     4.8691    -0.0038    95.1658 1.0000e-12  -74.17530 -113.34460  26.929412      93.71 1.8757e+03    503.224      12078  1029.4765  1029.4743    34.2694    34.2667    8.09707         28 0.0000e+00
    411.000    406.342    -0.2184  28.489466    -0.2175  28.488179     4.7965     4.8676    -0.0151    95.1573 1.0000e-12  -74.17530 -113.34460  26.929426      99.77 1.8757e+03    504.404      12107  1029.4822  1029.4799    34.2703    34.2675    8.09735         28 0.0000e+00
    412.000    407.331    -0.2189  28.489855    -0.2183  28.488198     4.7865     4.8646    -0.0121    95.1741 1.0000e-12  -74.17530 -113.34460  26.929439      99.87 1.8757e+03    505.571      12135  1029.4873  1029.4850    34.2707    34.2679    8.09742         28 0.0000e+00
    413.000    408.317    -0.2159  28.493293    -0.2141  28.492777     4.7828     4.8575    -0.0098    95.1756 1.0000e-12  -74.17530 -113.34460  26.929453      99.87 1.8757e+03    506.724      12162  1029.4923  1029.4900    34.2713    34.2686    8.09674         27 0.0000e+00
    414.000    409.306    -0.2124  28.496992    -0.2104  28.496421     4.7765     4.8551    -0.0100    95.1822 1.0000e-12  -74.17530 -113.34460  26.929466      99.86 1.8753e+03    507.857      12190  1029.4971  1029.4946    34.2717    34.2687    8.09598         28 0.0000e+00
