ocean_section_plots/required_files/ctd/dnbp2202_ctd032.cnv
* Sea-Bird SBE 9 Data File:
* FileName = D:\Data\raw\NBP2202_CTD032.hex
* Software Version Seasave V 7.26.7.121
* Temperature SN = 1649
* Conductivity SN = 2513
* Number of Bytes Per Scan = 40
* Number of Voltage Words = 5
* Number of Scans Averaged by the Deck Unit = 1
* NMEA Latitude = 74 13.00 S
* NMEA Longitude = 111 52.07 W
* NMEA UTC (Time) = Jan 21 2022  13:57:39
* NMEA baud rate = 9600
** Ship: RVIB N.B. Palmer
** Cruise: NBP2202 Thwaites
** Station: 19
** Operator: B. Bjork
# nquan = 25
# nvalues = 166                         
# units = specified
# name 0 = prDM: Pressure, Digiquartz [db]
# name 1 = depSM: Depth [salt water, m]
# name 2 = t090C: Temperature [ITS-90, deg C]
# name 3 = c0mS/cm: Conductivity [mS/cm]
# name 4 = t190C: Temperature, 2 [ITS-90, deg C]
# name 5 = c1mS/cm: Conductivity, 2 [mS/cm]
# name 6 = sbeox0ML/L: Oxygen, SBE 43 [ml/l]
# name 7 = sbeox1ML/L: Oxygen, SBE 43, 2 [ml/l]
# name 8 = flECO-AFL: Fluorescence, WET Labs ECO-AFL/FL [mg/m^3]
# name 9 = CStarTr0: Beam Transmission, WET Labs C-Star [%]
# name 10 = par: PAR/Irradiance, Biospherical/Licor
# name 11 = latitude: Latitude [deg]
# name 12 = longitude: Longitude [deg]
# name 13 = timeJ: Julian Days
# name 14 = altM: Altimeter [m]
# name 15 = spar: SPAR, Biospherical/Licor
# name 16 = timeS: Time, Elapsed [seconds]
# name 17 = scan: Scan Count
# name 18 = density00: Density [density, kg/m^3]
# name 19 = density11: Density, 2 [density, kg/m^3]
# name 20 = sal00: Salinity, Practical [PSU]
# name 21 = sal11: Salinity, Practical, 2 [PSU]
# name 22 = oxsolML/L: Oxygen Saturation, Garcia & Gordon [ml/l]
# name 23 = nbin: number of scans per bin
# name 24 = flag: flag
# span 0 =      2.000,    167.000       
# span 1 =      1.976,    165.206       
# span 2 =    -1.3947,    -1.1279       
# span 3 =  27.117112,  27.188322       
# span 4 =    -1.3941,    -1.1299       
# span 5 =  27.116892,  27.188375       
# span 6 =     6.2534,     8.0578       
# span 7 =     6.5892,     8.4070       
# span 8 =     0.9306,    16.9315       
# span 9 =    75.7180,    95.0950       
# span 10 = 1.0000e-12, 1.0294e+02      
# span 11 =  -74.21670,  -74.21670      
# span 12 = -111.86800, -111.86796      
# span 13 =  21.585221,  21.588484      
# span 14 =       7.03,      99.63      
# span 15 = 1.6693e+03, 1.6788e+03      
# span 16 =    304.075,    586.034      
# span 17 =       7299,      14066      
# span 18 =  1027.1725,  1028.1215      
# span 19 =  1027.1751,  1028.1204      
# span 20 =    33.7720,    33.9539      
# span 21 =    33.7752,    33.9528      
# span 22 =    8.32365,    8.37308      
# span 23 =         17,         56      
# span 24 = 0.0000e+00, 0.0000e+00      
# interval = decibars: 1                
# start_time = Jan 21 2022 13:57:39 [NMEA time, header]
# bad_flag = -9.990e-29
*END*
      2.000      1.976    -1.1335  27.172262    -1.1365  27.172155     8.0578     7.4369    10.7406    75.7180 1.0294e+02  -74.21670 -111.86798  21.585221      96.65 1.6697e+03    304.075       7299  1027.1725  1027.1751    33.7720    33.7752    8.32506         17 0.0000e+00
      3.000      2.969    -1.1299  27.176707    -1.1318  27.177090     8.0070     7.4653    10.7719    77.8662 7.6466e+01  -74.21670 -111.86798  21.585318      99.33 1.6695e+03    312.443       7500  1027.1781  1027.1803    33.7734    33.7760    8.32417         37 0.0000e+00
      4.000      3.956    -1.1291  27.178735    -1.1309  27.178816     8.0027     7.5241    10.1243    77.0643 5.4178e+01  -74.21670 -111.86799  21.585352      99.36 1.6697e+03    315.382       7570  1027.1840  1027.1857    33.7746    33.7767    8.32392         34 0.0000e+00
      5.000      4.949    -1.1282  27.179752    -1.1305  27.179991     7.9778     7.6207    11.3111    76.5340 3.8778e+01  -74.21670 -111.86800  21.585383      99.38 1.6703e+03    318.066       7635  1027.1885  1027.1910    33.7744    33.7773    8.32374         43 0.0000e+00
      6.000      5.938    -1.1344  27.176327    -1.1373  27.176047     7.9368     7.6985    12.1693    77.2492 2.8025e+01  -74.21670 -111.86800  21.585413      99.13 1.6700e+03    320.724       7698  1027.1951  1027.1975    33.7761    33.7789    8.32502         47 0.0000e+00
      7.000      6.929    -1.1356  27.176335    -1.1370  27.176713     7.9312     7.8555    11.4704    75.9087 2.0661e+01  -74.21670 -111.86800  21.585442      99.54 1.6702e+03    323.192       7758  1027.2005  1027.2022    33.7768    33.7789    8.32523         41 0.0000e+00
      8.000      7.918    -1.1385  27.174662    -1.1408  27.174598     7.8933     7.9641    11.5846    76.8440 1.5414e+01  -74.21670 -111.86800  21.585469      99.36 1.6705e+03    325.536       7814  1027.2057  1027.2079    33.7771    33.7797    8.32586         39 0.0000e+00
      9.000      8.907    -1.1442  27.171460    -1.1460  27.171877     7.9075     8.0322    11.1899    78.2729 1.1630e+01  -74.21670 -111.86800  21.585491      99.38 1.6694e+03    327.420       7859  1027.2121  1027.2141    33.7786    33.7811    8.32705         40 0.0000e+00
     10.000      9.896    -1.1356  27.177525    -1.1385  27.176932     7.9615     8.1256    11.8773    78.0202 8.8138e+00  -74.21670 -111.86800  21.585512      99.38 1.6693e+03    329.204       7902  1027.2146  1027.2167    33.7766    33.7790    8.32526         39 0.0000e+00
     11.000     10.885    -1.1311  27.181108    -1.1330  27.181137     7.9999     8.1899    13.2063    77.3192 6.7195e+00  -74.21670 -111.86800  21.585533      99.41 1.6710e+03    331.018       7945  1027.2185  1027.2203    33.7757    33.7779    8.32430         38 0.0000e+00
     12.000     11.875    -1.1286  27.183191    -1.1307  27.183134     8.0109     8.2504    12.8873    76.8996 5.1612e+00  -74.21670 -111.86800  21.585554      95.35 1.6702e+03    332.834       7989  1027.2227  1027.2246    33.7752    33.7774    8.32378         37 0.0000e+00
     13.000     12.866    -1.1279  27.183929    -1.1299  27.183935     7.9984     8.2471    12.2369    77.4476 3.9905e+00  -74.21670 -111.86800  21.585574      94.90 1.6712e+03    334.621       8032  1027.2272  1027.2291    33.7748    33.7771    8.32365         35 0.0000e+00
     14.000     13.853    -1.1297  27.183321    -1.1313  27.183669     7.9535     8.2285    14.0705    77.3204 3.1235e+00  -74.21670 -111.86800  21.585595      99.32 1.6712e+03    336.427       8075  1027.2326  1027.2345    33.7753    33.7776    8.32402         39 0.0000e+00
     15.000     14.846    -1.1334  27.181333    -1.1351  27.181594     7.9523     8.2285    16.9315    78.0433 2.4675e+00  -74.21670 -111.86800  21.585616      99.37 1.6711e+03    338.235       8119  1027.2383  1027.2402    33.7762    33.7784    8.32479         39 0.0000e+00
     16.000     15.834    -1.1326  27.182378    -1.1339  27.182626     7.9428     8.2216    13.1750    78.1195 1.9666e+00  -74.21670 -111.86800  21.585637      99.44 1.6708e+03    340.047       8162  1027.2430  1027.2445    33.7761    33.7778    8.32462         42 0.0000e+00
     17.000     16.822    -1.1352  27.180916    -1.1358  27.181958     7.8962     8.2097    14.7819    76.7837 1.5731e+00  -74.21670 -111.86800  21.585658      99.38 1.6712e+03    341.855       8206  1027.2482  1027.2499    33.7764    33.7785    8.32518         36 0.0000e+00
     18.000     17.813    -1.1462  27.173974    -1.1422  27.177619     7.9433     8.2301    13.5658    77.6859 1.2661e+00  -74.21670 -111.86800  21.585679      99.41 1.6706e+03    343.642       8248  1027.2555  1027.2556    33.7787    33.7791    8.32749         38 0.0000e+00
     19.000     18.803    -1.1336  27.182623    -1.1364  27.182202     7.9478     8.2316    12.6220    76.4657 1.0240e+00  -74.21670 -111.86800  21.585700      99.52 1.6716e+03    345.479       8292  1027.2570  1027.2593    33.7757    33.7782    8.32487         41 0.0000e+00
     20.000     19.792    -1.1379  27.180811    -1.1378  27.181802     7.9761     8.2731    14.6935    75.7271 8.2707e-01  -74.21670 -111.86800  21.585722      99.30 1.6712e+03    347.349       8337  1027.2636  1027.2645    33.7774    33.7786    8.32572         38 0.0000e+00
     21.000     20.781    -1.1314  27.185352    -1.1330  27.185455     7.9399     8.2588    13.8301    77.8276 6.6447e-01  -74.21670 -111.86800  21.585743      99.39 1.6720e+03    349.212       8382  1027.2665  1027.2682    33.7757    33.7776    8.32438         45 0.0000e+00
     22.000     21.769    -1.1370  27.181660    -1.1418  27.180088     7.8465     8.2259    12.8576    77.4696 5.4104e-01  -74.21670 -111.86800  21.585765      99.37 1.6713e+03    351.086       8427  1027.2722  1027.2751    33.7763    33.7796    8.32558         35 0.0000e+00
     23.000     22.761    -1.1598  27.167242    -1.1591  27.168589     7.9188     8.3246    11.9213    76.9870 4.4128e-01  -74.21670 -111.86800  21.585787      99.42 1.6732e+03    352.969       8472  1027.2827  1027.2834    33.7816    33.7826    8.33034         43 0.0000e+00
     24.000     23.750    -1.1335  27.184997    -1.1333  27.186325     7.9513     8.3636    11.4891    77.7772 3.6174e-01  -74.21670 -111.86800  21.585808      99.37 1.6726e+03    354.807       8516  1027.2810  1027.2822    33.7756    33.7773    8.32484         38 0.0000e+00
     25.000     24.740    -1.1400  27.181239    -1.1437  27.180117     7.9753     8.4058    13.6982    77.0952 2.9528e-01  -74.21670 -111.86800  21.585830      99.42 1.6725e+03    356.672       8561  1027.2874  1027.2898    33.7772    33.7798    8.32619         40 0.0000e+00
     26.000     25.729    -1.1322  27.186718    -1.1334  27.187078     7.9768     8.4070    12.5543    77.3692 2.3985e-01  -74.21670 -111.86800  21.585851      99.55 1.6726e+03    358.544       8606  1027.2903  1027.2918    33.7753    33.7772    8.32458         38 0.0000e+00
     27.000     26.717    -1.1328  27.186711    -1.1351  27.186498     7.9391     8.3407    12.6949    77.7918 1.9433e-01  -74.21670 -111.86800  21.585873      97.76 1.6725e+03    360.411       8651  1027.2951  1027.2971    33.7753    33.7776    8.32470         41 0.0000e+00
     28.000     27.709    -1.1433  27.180062    -1.1526  27.175149     7.9717     8.3317    12.6495    77.8387 1.5544e-01  -74.21670 -111.86800  21.585895      99.34 1.6720e+03    362.300       8696  1027.3023  1027.3059    33.7775    33.7812    8.32692         46 0.0000e+00
     29.000     28.698    -1.1335  27.186945    -1.1500  27.177070     7.9732     8.3581    14.5260    77.8684 1.2282e-01  -74.21670 -111.86800  21.585917      99.38 1.6717e+03    364.198       8742  1027.3047  1027.3097    33.7752    33.7803    8.32486         45 0.0000e+00
     30.000     29.687    -1.1368  27.185811    -1.1411  27.183084     7.9279     8.3594    14.1768    76.6561 9.5721e-02  -74.21670 -111.86800  21.585938      99.34 1.6718e+03    366.075       8787  1027.3109  1027.3120    33.7767    33.7779    8.32551         40 0.0000e+00
     31.000     30.677    -1.1447  27.179771    -1.1461  27.180830     7.7491     8.2150    13.9891    78.0835 7.3250e-02  -74.21670 -111.86800  21.585960      99.48 1.6724e+03    367.950       8832  1027.3163  1027.3187    33.7768    33.7798    8.32727         43 0.0000e+00
     32.000     31.666    -1.1757  27.160165    -1.1772  27.160113     7.6963     8.1595    13.1196    79.2639 5.3651e-02  -74.21670 -111.86800  21.585982      99.47 1.6730e+03    369.822       8877  1027.3289  1027.3302    33.7842    33.7859    8.33372         39 0.0000e+00
     33.000     32.656    -1.1761  27.160347    -1.1774  27.160413     7.7086     8.1647    11.7300    79.1606 3.6907e-02  -74.21670 -111.86800  21.586004      99.37 1.6722e+03    371.730       8923  1027.3336  1027.3348    33.7843    33.7859    8.33381         42 0.0000e+00
     34.000     33.645    -1.1767  27.160476    -1.1779  27.160563     7.7283     8.1649    13.1321    76.3488 2.3945e-02  -74.21670 -111.86800  21.586025      99.33 1.6719e+03    373.599       8967  1027.3385  1027.3396    33.7846    33.7860    8.33394         37 0.0000e+00
     35.000     34.635    -1.1771  27.160675    -1.1784  27.160620     7.7238     8.1601    14.5240    78.4136 1.1564e-02  -74.21670 -111.86800  21.586047      99.39 1.6727e+03    375.428       9011  1027.3433  1027.3444    33.7847    33.7861    8.33402         46 0.0000e+00
     36.000     35.624    -1.1789  27.159742    -1.1800  27.159826     7.7166     8.1526    12.5620    78.8781 1.7926e-03  -74.21670 -111.86800  21.586068      99.34 1.6720e+03    377.318       9057  1027.3482  1027.3493    33.7848    33.7862    8.33441         41 0.0000e+00
     37.000     36.614    -1.1806  27.158916    -1.1817  27.159016     7.7122     8.1454    12.5876    77.3049 1.9759e-05  -74.21670 -111.86800  21.586090      99.38 1.6718e+03    379.184       9101  1027.3531  1027.3542    33.7849    33.7863    8.33477         40 0.0000e+00
     38.000     37.603    -1.1830  27.157509    -1.1843  27.157494     7.7009     8.1389    12.4716    78.8867 1.0000e-12  -74.21670 -111.86800  21.586113      99.36 1.6726e+03    381.133       9148  1027.3582  1027.3593    33.7852    33.7865    8.33531         48 0.0000e+00
     39.000     38.593    -1.1859  27.155868    -1.1870  27.155907     7.6924     8.1364    12.8448    79.5797 1.0000e-12  -74.21670 -111.86800  21.586137      99.36 1.6719e+03    383.238       9199  1027.3633  1027.3644    33.7855    33.7868    8.33592         40 0.0000e+00
     40.000     39.583    -1.1869  27.155836    -1.1879  27.155841     7.7040     8.1382    13.3554    78.6959 1.0000e-12  -74.21670 -111.86800  21.586161      96.28 1.6712e+03    385.354       9249  1027.3685  1027.3695    33.7860    33.7872    8.33613         39 0.0000e+00
     41.000     40.572    -1.1870  27.156412    -1.1880  27.156352     7.7051     8.1340    13.1782    78.8369 1.0000e-12  -74.21670 -111.86800  21.586186      98.79 1.6712e+03    387.449       9300  1027.3734  1027.3744    33.7862    33.7873    8.33612         49 0.0000e+00
     42.000     41.561    -1.1877  27.156415    -1.1885  27.156636     7.7072     8.1352    12.4723    79.7301 1.0000e-12  -74.21670 -111.86800  21.586210      99.36 1.6712e+03    389.553       9350  1027.3784  1027.3794    33.7864    33.7876    8.33627         42 0.0000e+00
     43.000     42.550    -1.1882  27.156609    -1.1892  27.156587     7.6982     8.1379    12.8523    79.3371 1.0000e-12  -74.21670 -111.86799  21.586235      99.37 1.6721e+03    391.665       9401  1027.3834  1027.3843    33.7866    33.7878    8.33637         36 0.0000e+00
     44.000     43.540    -1.1882  27.157133    -1.1890  27.157136     7.7016     8.1357    12.3006    78.7466 1.0000e-12  -74.21670 -111.86798  21.586259      99.38 1.6714e+03    393.819       9453  1027.3883  1027.3890    33.7868    33.7877    8.33637         48 0.0000e+00
     45.000     44.529    -1.1885  27.157490    -1.1893  27.157438     7.7021     8.1475    12.5131    78.8410 1.0000e-12  -74.21670 -111.86798  21.586284      99.40 1.6714e+03    395.951       9504  1027.3931  1027.3939    33.7869    33.7877    8.33641         48 0.0000e+00
     46.000     45.519    -1.1885  27.158295    -1.1890  27.158452     7.7067     8.1485    11.5841    80.0392 1.0000e-12  -74.21670 -111.86798  21.586309      99.35 1.6712e+03    398.068       9555  1027.3984  1027.3991    33.7874    33.7882    8.33639         41 0.0000e+00
     47.000     46.509    -1.1883  27.158842    -1.1891  27.158799     7.7101     8.1416    12.4663    80.4158 1.0000e-12  -74.21670 -111.86798  21.586333      99.31 1.6718e+03    400.189       9606  1027.4030  1027.4038    33.7873    33.7881    8.33635         44 0.0000e+00
     48.000     47.497    -1.1880  27.159683    -1.1888  27.159544     7.7170     8.1464    11.3911    78.7745 1.0000e-12  -74.21670 -111.86798  21.586358      99.52 1.6716e+03    402.308       9656  1027.4080  1027.4086    33.7875    33.7882    8.33628         49 0.0000e+00
     49.000     48.488    -1.1898  27.159538    -1.1900  27.159713     7.7087     8.1441    12.9786    80.0589 1.0000e-12  -74.21670 -111.86798  21.586382      99.50 1.6712e+03    404.436       9707  1027.4138  1027.4143    33.7886    33.7892    8.33660         38 0.0000e+00
     50.000     49.477    -1.1892  27.160308    -1.1897  27.160363     7.7108     8.1464    13.4033    81.5626 1.0000e-12  -74.21670 -111.86798  21.586406      99.39 1.6705e+03    406.494       9757  1027.4185  1027.4190    33.7885    33.7891    8.33649         37 0.0000e+00
     51.000     50.467    -1.1903  27.160162    -1.1911  27.160034     7.7136     8.1421    12.9306    79.4394 1.0000e-12  -74.21670 -111.86798  21.586430      99.42 1.6710e+03    408.585       9807  1027.4236  1027.4243    33.7889    33.7896    8.33671         42 0.0000e+00
     52.000     51.454    -1.1907  27.160352    -1.1913  27.160334     7.7124     8.1480    11.5490    80.9132 1.0000e-12  -74.21670 -111.86798  21.586455      99.54 1.6707e+03    410.715       9858  1027.4285  1027.4291    33.7889    33.7896    8.33679         40 0.0000e+00
     53.000     52.445    -1.1898  27.162532    -1.1903  27.162642     7.7170     8.1480    12.2705    79.9574 1.0000e-12  -74.21670 -111.86798  21.586480      99.37 1.6707e+03    412.835       9909  1027.4344  1027.4350    33.7903    33.7911    8.33651         43 0.0000e+00
     54.000     53.436    -1.1897  27.163253    -1.1904  27.163051     7.7153     8.1415    12.6432    78.4754 1.0000e-12  -74.21670 -111.86798  21.586504      99.52 1.6720e+03    414.913       9959  1027.4394  1027.4398    33.7906    33.7911    8.33648         35 0.0000e+00
     55.000     54.423    -1.1899  27.163535    -1.1904  27.163397     7.7100     8.1437    11.7912    80.2452 1.0000e-12  -74.21670 -111.86798  21.586528      99.44 1.6719e+03    417.001      10009  1027.4441  1027.4445    33.7905    33.7910    8.33651         41 0.0000e+00
     56.000     55.412    -1.1895  27.164372    -1.1896  27.164824     7.7094     8.1464    12.8636    80.6594 1.0000e-12  -74.21670 -111.86796  21.586552      99.46 1.6715e+03    419.092      10059  1027.4490  1027.4496    33.7907    33.7913    8.33643         42 0.0000e+00
     57.000     56.403    -1.1889  27.165465    -1.1898  27.165007     7.7203     8.1420    12.5182    79.6299 1.0000e-12  -74.21670 -111.86796  21.586575      99.36 1.6717e+03    421.105      10108  1027.4539  1027.4543    33.7908    33.7913    8.33628         39 0.0000e+00
     58.000     57.391    -1.1889  27.165878    -1.1895  27.165682     7.7203     8.1506    13.7440    79.1279 1.0000e-12  -74.21670 -111.86796  21.586599      99.41 1.6720e+03    423.148      10157  1027.4587  1027.4590    33.7908    33.7912    8.33629         45 0.0000e+00
