ocean_section_plots/required_files/ctd/dnbp2202_ctd105.cnv
* Sea-Bird SBE 9 Data File:
* FileName = D:\Data\raw\NBP2202_CTD105.hex
* Software Version Seasave V 7.26.7.121
* Temperature SN = 1649
* Conductivity SN = 2513
* Number of Bytes Per Scan = 40
* Number of Voltage Words = 5
* Number of Scans Averaged by the Deck Unit = 1
* NMEA Latitude = 74 10.52 S
* NMEA Longitude = 113 20.65 W
* NMEA UTC (Time) = Jan 27 2022  04:47:53
* NMEA baud rate = 9600
** Ship: RVIB N.B. Palmer
** Cruise: NBP2202 Thwaites
** Station: YoYo001
** Operator: B. Bjork
# nquan = 25
# nvalues = 608                         
# units = specified
# name 0 = prDM: Pressure, Digiquartz [db]
# name 1 = depSM: Depth [salt water, m]
# name 2 = t090C: Temperature [ITS-90, deg C]
# name 3 = c0mS/cm: Conductivity [mS/cm]
# name 4 = t190C: Temperature, 2 [ITS-90, deg C]
# name 5 = c1mS/cm: Conductivity, 2 [mS/cm]
# name 6 = sbeox0ML/L: Oxygen, SBE 43 [ml/l]
# name 7 = sbeox1ML/L: Oxygen, SBE 43, 2 [ml/l]
# name 8 = flECO-AFL: Fluorescence, WET Labs ECO-AFL/FL [mg/m^3]
# name 9 = CStarTr0: Beam Transmission, WET Labs C-Star [%]
# name 10 = par: PAR/Irradiance, Biospherical/Licor
# name 11 = latitude: Latitude [deg]
# name 12 = longitude: Longitude [deg]
# name 13 = timeJ: Julian Days
# name 14 = altM: Altimeter [m]
# name 15 = spar: SPAR, Biospherical/Licor
# name 16 = timeS: Time, Elapsed [seconds]
# name 17 = scan: Scan Count
# name 18 = density00: Density [density, kg/m^3]
# name 19 = density11: Density, 2 [density, kg/m^3]
# name 20 = sal00: Salinity, Practical [PSU]
# name 21 = sal11: Salinity, Practical, 2 [PSU]
# name 22 = oxsolML/L: Oxygen Saturation, Garcia & Gordon [ml/l]
# name 23 = nbin: number of scans per bin
# name 24 = flag: flag
# span 0 =     10.000,    617.000       
# span 1 =      9.896,    609.705       
# span 2 =    -1.4807,     0.1214       
# span 3 =  26.961657,  28.958091       
# span 4 =    -1.4810,     0.1237       
# span 5 =  26.960777,  28.957797       
# span 6 =     4.6950,     8.7733       
# span 7 =     4.7636,     8.7240       
# span 8 =    -0.0225,    27.1732       
# span 9 =    67.6689,    95.5331       
# span 10 = 1.0000e-12, 4.8978e+00      
# span 11 =  -74.17536,  -74.17536      
# span 12 = -113.34428, -113.34424      
# span 13 =  27.200313,  27.208698      
# span 14 =       7.90,     100.08      
# span 15 = 1.6395e+02, 1.9215e+02      
# span 16 =     34.069,    758.503      
# span 17 =        819,      18205      
# span 18 =  1027.2267,  1030.5269      
# span 19 =  1027.2260,  1030.5243      
# span 20 =    33.7925,    34.3892      
# span 21 =    33.7916,    34.3862      
# span 22 =    8.01907,    8.40031      
# span 23 =         10,         47      
# span 24 = 0.0000e+00, 0.0000e+00      
# interval = decibars: 1                
# start_time = Jan 27 2022 04:47:53 [NMEA time, header]
# bad_flag = -9.990e-29
*END*
[from data line 348]
    358.000    353.987    -0.3556  28.313516    -0.3533  28.313114     4.8556     4.9365    -0.0192    95.2072 1.0000e-12  -74.17536 -113.34426  27.204808      99.86 1.7476e+02    422.380      10138  1029.1988  1029.1962    34.2214    34.2183    8.12935         23 0.0000e+00
    359.000    354.977    -0.3503  28.318900    -0.3476  28.319061     4.8577     4.9384    -0.0191    95.2282 1.0000e-12  -74.17536 -113.34426  27.204819      85.26 1.7524e+02    423.398      10163  1029.2038  1029.2014    34.2220    34.2192    8.12818         25 0.0000e+00
    360.000    355.965    -0.3466  28.323213    -0.3437  28.323614     4.8626     4.9485    -0.0117    95.2226 1.0000e-12  -74.17536 -113.34426  27.204831      92.73 1.7559e+02    424.424      10187  1029.2092  1029.2068    34.2230    34.2203    8.12733         25 0.0000e+00
    361.000    356.952    -0.3436  28.327225    -0.3429  28.326050     4.8750     4.9598    -0.0187    95.2190 1.0000e-12  -74.17536 -113.34426  27.204843      99.88 1.7460e+02    425.440      10212  1029.2150  1029.2131    34.2244    34.2221    8.12662         24 0.0000e+00
    362.000    357.939    -0.3468  28.326736    -0.3452  28.325821     4.8729     4.9608    -0.0079    95.2331 1.0000e-12  -74.17536 -113.34426  27.204855      99.87 1.7460e+02    426.450      10236  1029.2220  1029.2195    34.2267    34.2238    8.12717         24 0.0000e+00
    363.000    358.928    -0.3434  28.331764    -0.3404  28.332076     4.8682     4.9467    -0.0124    95.2050 1.0000e-12  -74.17536 -113.34426  27.204866      99.87 1.7559e+02    427.461      10260  1029.2284  1029.2258    34.2290    34.2261    8.12631         25 0.0000e+00
    364.000    359.916    -0.3322  28.343717    -0.3280  28.345294     4.8589     4.9352    -0.0199    95.2125 1.0000e-12  -74.17536 -113.34426  27.204878      99.86 1.7454e+02    428.473      10284  1029.2346  1029.2322    34.2318    34.2293    8.12376         24 0.0000e+00
    365.000    360.904    -0.3241  28.352191    -0.3197  28.353919     4.8488     4.9337    -0.0154    95.2215 1.0000e-12  -74.17536 -113.34426  27.204890      99.87 1.7460e+02    429.492      10309  1029.2400  1029.2376    34.2334    34.2308    8.12194         25 0.0000e+00
    366.000    361.892    -0.3171  28.359099    -0.3145  28.359484     4.8452     4.9316    -0.0130    95.2407 1.0000e-12  -74.17536 -113.34426  27.204902      99.86 1.7543e+02    430.518      10333  1029.2449  1029.2428    34.2342    34.2318    8.12040         25 0.0000e+00
    367.000    362.879    -0.3154  28.361295    -0.3126  28.361763     4.8464     4.9261    -0.0176    95.2408 1.0000e-12  -74.17536 -113.34426  27.204914      99.87 1.7454e+02    431.535      10358  1029.2500  1029.2478    34.2346    34.2321    8.12001         23 0.0000e+00
    368.000    363.868    -0.3121  28.364973    -0.3118  28.362907     4.8394     4.9236    -0.0132    95.2401 1.0000e-12  -74.17536 -113.34426  27.204925      99.87 1.7453e+02    432.556      10382  1029.2550  1029.2527    34.2352    34.2322    8.11927         25 0.0000e+00
    369.000    364.855    -0.3115  28.366092    -0.3085  28.366434     4.8398     4.9204    -0.0162    95.2401 1.0000e-12  -74.17536 -113.34426  27.204937      99.86 1.7566e+02    433.589      10407  1029.2601  1029.2575    34.2354    34.2325    8.11913         25 0.0000e+00
    370.000    365.843    -0.3107  28.367297    -0.3092  28.366204     4.8301     4.9125    -0.0125    95.2416 1.0000e-12  -74.17536 -113.34426  27.204949      99.86 1.7451e+02    434.619      10432  1029.2650  1029.2623    34.2356    34.2324    8.11896         24 0.0000e+00
    371.000    366.831    -0.3040  28.373911    -0.3019  28.373575     4.8291     4.9117    -0.0109    95.2401 1.0000e-12  -74.17536 -113.34426  27.204961      99.86 1.7453e+02    435.650      10457  1029.2698  1029.2674    34.2363    34.2334    8.11749         25 0.0000e+00
    372.000    367.819    -0.2990  28.379271    -0.2971  28.378691     4.8285     4.9076    -0.0106    95.2370 1.0000e-12  -74.17536 -113.34426  27.204973      89.33 1.7560e+02    436.677      10481  1029.2750  1029.2726    34.2372    34.2343    8.11638         25 0.0000e+00
    373.000    368.807    -0.3004  28.378199    -0.2986  28.377724     4.8308     4.9056    -0.0022    95.2458 1.0000e-12  -74.17536 -113.34426  27.204985      99.64 1.7453e+02    437.687      10505  1029.2796  1029.2773    34.2367    34.2341    8.11669         24 0.0000e+00
    374.000    369.794    -0.3001  28.379108    -0.2984  28.378276     4.8324     4.9039    -0.0098    95.2704 1.0000e-12  -74.17536 -113.34426  27.204996      99.88 1.7453e+02    438.685      10529  1029.2846  1029.2820    34.2370    34.2340    8.11661         24 0.0000e+00
    375.000    370.782    -0.2972  28.382372    -0.2958  28.381245     4.8265     4.9002    -0.0114    95.2920 1.0000e-12  -74.17536 -113.34426  27.205008      99.86 1.7453e+02    439.688      10554  1029.2896  1029.2871    34.2375    34.2345    8.11596         24 0.0000e+00
    376.000    371.771    -0.2951  28.385381    -0.2926  28.385200     4.8271     4.9074    -0.0160    95.3127 1.0000e-12  -74.17536 -113.34426  27.205020      99.87 1.7453e+02    440.703      10578  1029.2951  1029.2925    34.2386    34.2355    8.11546         24 0.0000e+00
    377.000    372.758    -0.2922  28.388843    -0.2900  28.388470     4.8300     4.9107    -0.0147    95.3398 1.0000e-12  -74.17536 -113.34426  27.205032      99.87 1.7453e+02    441.727      10602  1029.3002  1029.2978    34.2393    34.2364    8.11479         26 0.0000e+00
    378.000    373.746    -0.2925  28.388758    -0.2905  28.388417     4.8276     4.9086    -0.0144    95.3622 1.0000e-12  -74.17536 -113.34426  27.205044      99.87 1.7453e+02    442.768      10627  1029.3048  1029.3025    34.2390    34.2363    8.11489         25 0.0000e+00
    379.000    374.735    -0.2922  28.389743    -0.2899  28.389570     4.8295     4.9083    -0.0147    95.3628 1.0000e-12  -74.17536 -113.34426  27.205055      99.87 1.7453e+02    443.797      10652  1029.3098  1029.3075    34.2393    34.2365    8.11479         24 0.0000e+00
    380.000    375.721    -0.2918  28.390525    -0.2897  28.390304     4.8256     4.9029    -0.0095    95.3885 1.0000e-12  -74.17536 -113.34426  27.205067      99.87 1.7453e+02    444.812      10676  1029.3146  1029.3124    34.2394    34.2367    8.11472         24 0.0000e+00
    381.000    376.709    -0.2918  28.391124    -0.2897  28.390833     4.8247     4.9056    -0.0135    95.4124 1.0000e-12  -74.17536 -113.34426  27.205079      99.87 1.7453e+02    445.822      10701  1029.3196  1029.3172    34.2395    34.2368    8.11470         24 0.0000e+00
    382.000    377.699    -0.2917  28.391589    -0.2896  28.391439     4.8257     4.9114    -0.0181    95.4175 1.0000e-12  -74.17536 -113.34426  27.205091      99.87 1.7453e+02    446.825      10725  1029.3243  1029.3221    34.2395    34.2369    8.11469         24 0.0000e+00
    383.000    378.686    -0.2916  28.392168    -0.2895  28.391903     4.8244     4.9161    -0.0153    95.4173 1.0000e-12  -74.17536 -113.34425  27.205102      99.87 1.7453e+02    447.831      10749  1029.3291  1029.3268    34.2395    34.2368    8.11466         25 0.0000e+00
    384.000    379.672    -0.2908  28.393518    -0.2890  28.392960     4.8281     4.9090    -0.0089    95.4229 1.0000e-12  -74.17536 -113.34424  27.205114      92.09 1.7453e+02    448.855      10774  1029.3341  1029.3317    34.2398    34.2371    8.11448         24 0.0000e+00
    385.000    380.662    -0.2870  28.399864    -0.2848  28.399321     4.8288     4.9097    -0.0021    95.4079 1.0000e-12  -74.17536 -113.34424  27.205126      85.75 1.7453e+02    449.884      10798  1029.3414  1029.3387    34.2434    34.2402    8.11346         25 0.0000e+00
    386.000    381.648    -0.2779  28.410618    -0.2760  28.410034     4.8301     4.9042    -0.0158    95.4152 1.0000e-12  -74.17536 -113.34424  27.205138      99.70 1.7432e+02    450.913      10823  1029.3482  1029.3458    34.2469    34.2440    8.11132         25 0.0000e+00
    387.000    382.637    -0.2764  28.412769    -0.2744  28.412443     4.8234     4.9026    -0.0099    95.3961 1.0000e-12  -74.17536 -113.34424  27.205150      99.87 1.7482e+02    451.932      10847  1029.3533  1029.3510    34.2475    34.2448    8.11096         24 0.0000e+00
    388.000    383.625    -0.2680  28.421314    -0.2657  28.420998     4.8201     4.9025    -0.0100    95.3639 1.0000e-12  -74.17536 -113.34424  27.205161      99.87 1.7397e+02    452.952      10872  1029.3585  1029.3560    34.2489    34.2458    8.10910         25 0.0000e+00
    389.000    384.612    -0.2640  28.425491    -0.2613  28.425668     4.8164     4.8967    -0.0029    95.3281 1.0000e-12  -74.17536 -113.34424  27.205173      99.86 1.7384e+02    453.961      10896  1029.3634  1029.3610    34.2493    34.2465    8.10822         23 0.0000e+00
    390.000    385.601    -0.2589  28.431207    -0.2565  28.430927     4.8157     4.8896    -0.0078    95.3203 1.0000e-12  -74.17536 -113.34424  27.205185      99.87 1.7375e+02    454.976      10920  1029.3689  1029.3662    34.2507    34.2476    8.10707         25 0.0000e+00
    391.000    386.587    -0.2514  28.439716    -0.2493  28.439243     4.8153     4.8962    -0.0102    95.3427 1.0000e-12  -74.17536 -113.34424  27.205197      99.86 1.7394e+02    455.996      10945  1029.3750  1029.3724    34.2530    34.2500    8.10534         24 0.0000e+00
    392.000    387.576    -0.2455  28.446319    -0.2435  28.446012     4.8088     4.8874    -0.0139    95.3462 1.0000e-12  -74.17536 -113.34424  27.205208      99.87 1.7297e+02    457.006      10969  1029.3805  1029.3782    34.2545    34.2518    8.10399         25 0.0000e+00
    393.000    388.563    -0.2430  28.449981    -0.2407  28.449735     4.8168     4.8926    -0.0133    95.3839 1.0000e-12  -74.17536 -113.34424  27.205220      99.87 1.7374e+02    458.029      10994  1029.3864  1029.3838    34.2560    34.2531    8.10338         25 0.0000e+00
    394.000    389.551    -0.2384  28.455441    -0.2362  28.455129     4.8176     4.8985    -0.0059    95.4300 1.0000e-12  -74.17536 -113.34424  27.205232      99.86 1.7408e+02    459.054      11018  1029.3920  1029.3896    34.2575    34.2547    8.10231         24 0.0000e+00
    395.000    390.539    -0.2393  28.455091    -0.2386  28.453764     4.8242     4.9006    -0.0083    95.4552 1.0000e-12  -74.17536 -113.34424  27.205244      99.86 1.7298e+02    460.075      11043  1029.3969  1029.3948    34.2575    34.2549    8.10251         25 0.0000e+00
    396.000    391.526    -0.2454  28.450508    -0.2440  28.449671     4.8229     4.8994    -0.0129    95.4775 1.0000e-12  -74.17536 -113.34424  27.205256      99.86 1.7313e+02    461.099      11067  1029.4023  1029.4001    34.2576    34.2549    8.10379         24 0.0000e+00
    397.000    392.514    -0.2481  28.448642    -0.2461  28.448263     4.8239     4.8987    -0.0056    95.4553 1.0000e-12  -74.17536 -113.34424  27.205268      99.74 1.7411e+02    462.128      11092  1029.4074  1029.4050    34.2576    34.2549    8.10437         25 0.0000e+00
    398.000    393.503    -0.2479  28.449071    -0.2460  28.448724     4.8303     4.9012    -0.0163    95.4432 1.0000e-12  -74.17536 -113.34424  27.205280      81.15 1.7305e+02    463.149      11117  1029.4119  1029.4097    34.2573    34.2547    8.10435         24 0.0000e+00
    399.000    394.489    -0.2509  28.446870    -0.2483  28.447286     4.8361     4.9110    -0.0118    95.4286 1.0000e-12  -74.17536 -113.34424  27.205291      95.29 1.7347e+02    464.169      11141  1029.4168  1029.4147    34.2572    34.2548    8.10499         25 0.0000e+00
    400.000    395.478    -0.2547  28.444663    -0.2535  28.443780     4.8395     4.9197    -0.0171    95.4079 1.0000e-12  -74.17536 -113.34424  27.205303      99.85 1.7423e+02    465.186      11165  1029.4224  1029.4204    34.2579    34.2553    8.10576         24 0.0000e+00
    401.000    396.465    -0.2545  28.447134    -0.2525  28.446868     4.8353     4.9201    -0.0101    95.3851 1.0000e-12  -74.17536 -113.34424  27.205315      99.87 1.7297e+02    466.199      11190  1029.4292  1029.4270    34.2603    34.2578    8.10557         24 0.0000e+00
    402.000    397.453    -0.2464  28.457567    -0.2439  28.457104     4.8168     4.8994    -0.0030    95.3729 1.0000e-12  -74.17536 -113.34424  27.205327      99.86 1.7290e+02    467.215      11214  1029.4366  1029.4337    34.2645    34.2611    8.10361         25 0.0000e+00
    403.000    398.441    -0.2325  28.471277    -0.2281  28.472704     4.8127     4.8864    -0.0013    95.3802 1.0000e-12  -74.17536 -113.34424  27.205339      99.87 1.7410e+02    468.245      11239  1029.4419  1029.4390    34.2667    34.2635    8.10055         25 0.0000e+00
    404.000    399.429    -0.2088  28.493645    -0.2079  28.491916     4.8048     4.8833    -0.0102    95.3588 1.0000e-12  -74.17536 -113.34424  27.205350      99.87 1.7299e+02    469.279      11264  1029.4466  1029.4440    34.2692    34.2659    8.09536         25 0.0000e+00
    405.000    400.416    -0.2077  28.495697    -0.2058  28.495361     4.8143     4.8948    -0.0158    95.3392 1.0000e-12  -74.17536 -113.34424  27.205363      99.87 1.7297e+02    470.323      11289  1029.4522  1029.4500    34.2701    34.2676    8.09508         25 0.0000e+00
    406.000    401.404    -0.2105  28.494180    -0.2083  28.494057     4.8193     4.8984    -0.0069    95.3359 1.0000e-12  -74.17536 -113.34424  27.205375      99.86 1.7423e+02    471.364      11314  1029.4577  1029.4555    34.2707    34.2680    8.09565         25 0.0000e+00
    407.000    402.393    -0.2203  28.485988    -0.2189  28.485679     4.8086     4.8841    -0.0083    95.3773 1.0000e-12  -74.17536 -113.34424  27.205386      99.87 1.7336e+02    472.384      11338  1029.4630  1029.4613    34.2701    34.2681    8.09775         24 0.0000e+00
    408.000    403.379    -0.2111  28.497268    -0.2094  28.495729     4.8023     4.8821    -0.0068    95.4064 1.0000e-12  -74.17536 -113.34424  27.205398      99.87 1.7284e+02    473.385      11362  1029.4703  1029.4670    34.2742    34.2702    8.09557         24 0.0000e+00
    409.000    404.367    -0.1881  28.518434    -0.1861  28.517942     4.8105     4.8887    -0.0104    95.4185 1.0000e-12  -74.17536 -113.34424  27.205410      99.87 1.7407e+02    474.387      11386  1029.4745  1029.4721    34.2759    34.2731    8.09058         24 0.0000e+00
    410.000    405.356    -0.1933  28.514357    -0.1919  28.513697     4.8128     4.8859    -0.0171    95.4164 1.0000e-12  -74.17536 -113.34424  27.205421      70.25 1.7276e+02    475.393      11410  1029.4797  1029.4776    34.2758    34.2733    8.09171         24 0.0000e+00
    411.000    406.342    -0.2022  28.507478    -0.2005  28.506906     4.8092     4.8825    -0.0147    95.4183 1.0000e-12  -74.17536 -113.34424  27.205433      88.33 1.7276e+02    476.412      11435  1029.4855  1029.4832    34.2760    34.2733    8.09358         25 0.0000e+00
    412.000    407.330    -0.1935  28.516794    -0.1911  28.516438     4.8050     4.8883    -0.0101    95.4424 1.0000e-12  -74.17536 -113.34424  27.205445      99.95 1.7410e+02    477.446      11460  1029.4912  1029.4884    34.2781    34.2749    8.09161         24 0.0000e+00
    413.000    408.318    -0.1879  28.522556    -0.1868  28.521253     4.8081     4.8886    -0.0100    95.4503 1.0000e-12  -74.17536 -113.34424  27.205457      99.86 1.7274e+02    478.472      11484  1029.4961  1029.4937    34.2788    34.2759    8.09038         25 0.0000e+00
    414.000    409.306    -0.1910  28.520629    -0.1891  28.520305     4.8117     4.8915    -0.0107    95.4335 1.0000e-12  -74.17536 -113.34424  27.205469      99.87 1.7292e+02    479.487      11509  1029.5015  1029.4993    34.2791    34.2766    8.09101         24 0.0000e+00
