ocean_section_plots/required_files/ctd/dnbp2202_ctd266.cnv
* Sea-Bird SBE 9 Data File:
* FileName = D:\Data\raw\NBP2202_CTD266.hex
* Software Version Seasave V 7.26.7.121
* Temperature SN = 1649
* Conductivity SN = 2513
* Number of Bytes Per Scan = 40
* Number of Voltage Words = 5
* Number of Scans Averaged by the Deck Unit = 1
* NMEA Latitude = 73 52.89 S
* NMEA Longitude = 118 44.51 W
* NMEA UTC (Time) = Feb 19 2022  20:36:14
* NMEA baud rate = 9600
** Ship: RVIB N.B. Palmer
** Cruise: NBP2202 Thwaites
** Station: 171
** Operator: A. Robinson
# nquan = 28
# nvalues = 672                         
# units = specified
# name 0 = prDM: Pressure, Digiquartz [db]
# name 1 = depSM: Depth [salt water, m]
# name 2 = t090C: Temperature [ITS-90, deg C]
# name 3 = c0mS/cm: Conductivity [mS/cm]
# name 4 = t190C: Temperature, 2 [ITS-90, deg C]
# name 5 = c1mS/cm: Conductivity, 2 [mS/cm]
# name 6 = sbeox0ML/L: Oxygen, SBE 43 [ml/l]
# name 7 = sbeox1ML/L: Oxygen, SBE 43, 2 [ml/l]
# name 8 = flECO-AFL: Fluorescence, WET Labs ECO-AFL/FL [mg/m^3]
# name 9 = CStarTr0: Beam Transmission, WET Labs C-Star [%]
# name 10 = par: PAR/Irradiance, Biospherical/Licor
# name 11 = latitude: Latitude [deg]
# name 12 = longitude: Longitude [deg]
# name 13 = timeJ: Julian Days
# name 14 = altM: Altimeter [m]
# name 15 = spar: SPAR, Biospherical/Licor
# name 16 = timeS: Time, Elapsed [seconds]
# name 17 = scan: Scan Count
# name 18 = density00: Density [density, kg/m^3]
# name 19 = density11: Density, 2 [density, kg/m^3]
# name 20 = v3: Voltage 3
# name 21 = v4: Voltage 4
# name 22 = v5: Voltage 5
# name 23 = sal00: Salinity, Practical [PSU]
# name 24 = sal11: Salinity, Practical, 2 [PSU]
# name 25 = oxsolML/L: Oxygen Saturation, Garcia & Gordon [ml/l]
# name 26 = nbin: number of scans per bin
# name 27 = flag: flag
# span 0 =      3.000,    674.000       
# span 1 =      2.973,    665.947       
# span 2 =    -1.7649,     0.4360       
# span 3 =  26.935747,  29.348806       
# span 4 =    -1.7643,     0.4416       
# span 5 =  26.936237,  29.351206       
# span 6 =     4.7363,     8.9857       
# span 7 =     4.8552,     9.2855       
# span 8 =    -0.0214,    10.7783       
# span 9 =    87.4667,    98.3130       
# span 10 = -1.983e-05, 8.8110e+02      
# span 11 =  -73.88164,  -73.88164      
# span 12 = -118.74194, -118.74190      
# span 13 =  50.860944,  50.870501      
# span 14 =       1.69,     100.15      
# span 15 = 1.6403e+03, 1.6607e+03      
# span 16 =    211.565,   1037.278      
# span 17 =       5079,      24896      
# span 18 =  1027.0944,  1030.8734      
# span 19 =  1027.0950,  1030.8701      
# span 20 =     4.1494,     4.6636      
# span 21 =     0.0639,     1.7310      
# span 22 =     0.1126,     0.2028      
# span 23 =    33.6988,    34.5166      
# span 24 =    33.6942,    34.5133      
# span 25 =    7.94680,    8.45185      
# span 26 =          4,         46      
# span 27 = 0.0000e+00, 0.0000e+00      
# interval = decibars: 1                
# start_time = Feb 19 2022 20:36:14 [NMEA time, header]
# bad_flag = -9.990e-29
*END*
      3.000      2.973    -0.2896  27.831173    -0.2747  27.849005     8.9555     8.7326     2.5656    88.5212 8.8110e+02  -73.88164 -118.74193  50.860944      82.71 1.6504e+03    211.565       5079  1027.0995  1027.1042     4.1997     0.4732     0.1818    33.7182    33.7255    8.14402         26 0.0000e+00
      4.000      3.960    -0.3158  27.798843    -0.3108  27.803900     8.9516     8.7516     2.5253    88.5673 6.6000e+02  -73.88164 -118.74193  50.860970      88.48 1.6505e+03    213.825       5133  1027.0944  1027.0950     4.2017     0.5049     0.1705    33.7035    33.7047    8.15048         38 0.0000e+00
      5.000      4.948    -0.3182  27.796615    -0.3171  27.796470     8.9555     8.8362     2.2375    88.4952 5.1247e+02  -73.88164 -118.74193  50.861006      99.64 1.6500e+03    216.950       5208  1027.0983  1027.0971     4.1983     0.3661     0.1802    33.7026    33.7011    8.15104         36 0.0000e+00
      6.000      5.938    -0.3152  27.800416    -0.3133  27.802067     8.9588     8.9028     2.1831    88.8526 4.4834e+02  -73.88164 -118.74193  50.861026      99.90 1.6501e+03    218.668       5249  1027.1037  1027.1037     4.2152     0.4364     0.1770    33.7037    33.7038    8.15033         38 0.0000e+00
      7.000      6.927    -0.3090  27.809065    -0.3066  27.809720     8.9554     8.9599     2.0816    88.6685 3.3751e+02  -73.88164 -118.74193  50.861047      99.91 1.6499e+03    220.417       5291  1027.1113  1027.1098     4.2065     0.4401     0.1714    33.7078    33.7060    8.14877         46 0.0000e+00
      8.000      7.918    -0.3053  27.813946    -0.3181  27.797298     8.9306     9.0465     2.3972    89.2724 2.7060e+02  -73.88164 -118.74193  50.861070      99.90 1.6487e+03    222.431       5339  1027.1173  1027.1117     4.2351     0.4547     0.1804    33.7096    33.7015    8.14788         44 0.0000e+00
      9.000      8.907    -0.3271  27.788229    -0.3332  27.779726     8.9389     9.1279     2.3292    89.4316 2.4432e+02  -73.88164 -118.74193  50.861094      99.90 1.6487e+03    224.495       5389  1027.1150  1027.1115     4.2425     0.4841     0.1737    33.6988    33.6942    8.15317         40 0.0000e+00
     10.000      9.896    -0.3103  27.807458    -0.2927  27.827435     8.9533     9.1572     2.1215    88.3911 1.8995e+02  -73.88164 -118.74193  50.861114      83.03 1.6489e+03    226.219       5430  1027.1236  1027.1280     4.1933     0.4718     0.1686    33.7052    33.7124    8.14919         39 0.0000e+00
     11.000     10.886    -0.2289  27.916999    -0.2296  27.908123     8.9698     9.2165     3.8116    88.5179 1.5979e+02  -73.88164 -118.74193  50.861134      96.67 1.6490e+03    227.983       5473  1027.1671  1027.1583     4.1993     0.7834     0.1796    33.7605    33.7494    8.12863         44 0.0000e+00
     12.000     11.875    -0.2199  27.926996    -0.1983  27.953846     8.9802     9.2526     4.7397    89.3767 1.3359e+02  -73.88164 -118.74193  50.861159      99.69 1.6488e+03    230.165       5525  1027.1742  1027.1822     4.2400     1.0568     0.1996    33.7632    33.7751    8.12655         42 0.0000e+00
     13.000     12.865    -0.1934  27.956166    -0.1914  27.957039     8.9826     9.2643     5.9715    89.3867 1.0993e+02  -73.88164 -118.74193  50.861180      99.61 1.6484e+03    231.933       5567  1027.1846  1027.1838     4.2406     1.1869     0.1688    33.7721    33.7711    8.12039         38 0.0000e+00
     14.000     13.855    -0.1915  27.960429    -0.1898  27.960984     8.9833     9.2700     6.8543    88.9127 9.0810e+01  -73.88164 -118.74194  50.861200      99.59 1.6499e+03    233.670       5609  1027.1920  1027.1911     4.2180     1.2515     0.1777    33.7751    33.7739    8.11981         40 0.0000e+00
     15.000     14.844    -0.1875  27.975201    -0.1860  27.979247     8.9685     9.2742     6.6013    88.9876 7.5628e+01  -73.88164 -118.74194  50.861224      99.70 1.6486e+03    235.758       5659  1027.2088  1027.2118     4.2217     1.0252     0.1957    33.7897    33.7934    8.11813         33 0.0000e+00
     16.000     15.833    -0.1776  28.001895    -0.1757  28.001419     8.9857     9.2738     7.1097    88.6796 6.3115e+01  -73.88164 -118.74194  50.861246      99.59 1.6483e+03    237.687       5705  1027.2324  1027.2301     4.2070     1.2439     0.1743    33.8137    33.8109    8.11465         38 0.0000e+00
     17.000     16.823    -0.1816  27.991447    -0.1820  27.988509     8.9613     9.2782     6.3252    88.6755 5.2720e+01  -73.88164 -118.74193  50.861268      99.21 1.6495e+03    239.519       5749  1027.2297  1027.2269     4.2068     1.3355     0.1824    33.8036    33.8001    8.11609         42 0.0000e+00
     18.000     17.812    -0.1729  28.006797    -0.1745  28.001934     8.9435     9.2746     6.9216    88.9266 4.3846e+01  -73.88164 -118.74193  50.861289      99.31 1.6486e+03    241.376       5794  1027.2422  1027.2386     4.2186     1.4961     0.1951    33.8137    33.8090    8.11365         33 0.0000e+00
     19.000     18.806    -0.1684  28.013744    -0.1670  28.013841     8.9567     9.2784     7.4505    88.4224 3.7007e+01  -73.88164 -118.74192  50.861311      99.76 1.6483e+03    243.285       5840  1027.2498  1027.2486     4.1953     0.9094     0.1752    33.8175    33.8160    8.11249         38 0.0000e+00
     20.000     19.792    -0.1687  28.013628    -0.1668  28.014315     8.9611     9.2707     6.6058    87.4667 3.0629e+01  -73.88164 -118.74192  50.861333      99.55 1.6483e+03    245.167       5885  1027.2545  1027.2534     4.1494     1.3253     0.1841    33.8170    33.8158    8.11258         40 0.0000e+00
     21.000     20.782    -0.1680  28.014831    -0.1655  28.015894     8.9636     9.2700     7.9507    88.5126 2.5811e+01  -73.88164 -118.74192  50.861354      99.64 1.6495e+03    246.963       5928  1027.2595  1027.2582     4.1991     1.3011     0.1770    33.8172    33.8158    8.11242         41 0.0000e+00
     22.000     21.772    -0.1664  28.016802    -0.1653  28.016583     8.9639     9.2695     7.7651    89.3299 2.2043e+01  -73.88164 -118.74192  50.861377      99.64 1.6485e+03    248.945       5976  1027.2644  1027.2632     4.2379     1.1342     0.1924    33.8174    33.8159    8.11205         38 0.0000e+00
     23.000     22.760    -0.1669  28.016666    -0.1649  28.017393     8.9636     9.2660     5.9989    89.4534 1.8379e+01  -73.88164 -118.74192  50.861400      99.68 1.6483e+03    250.922       6023  1027.2691  1027.2680     4.2437     1.0608     0.1761    33.8172    33.8160    8.11217         42 0.0000e+00
     24.000     23.749    -0.1671  28.017182    -0.1653  28.017566     8.9533     9.2686     7.5932    88.6229 1.5725e+01  -73.88164 -118.74193  50.861419      95.68 1.6483e+03    252.631       6064  1027.2743  1027.2730     4.2044     1.3800     0.1797    33.8175    33.8161    8.11220         35 0.0000e+00
     25.000     24.740    -0.1685  28.016483    -0.1671  28.016630     8.9593     9.2694     7.0601    89.0410 1.3281e+01  -73.88164 -118.74194  50.861442      99.22 1.6482e+03    254.609       6112  1027.2793  1027.2780     4.2240     1.1105     0.1962    33.8176    33.8162    8.11251         44 0.0000e+00
     26.000     25.730    -0.1721  28.013718    -0.1696  28.014853     8.9497     9.2749     7.9673    90.7496 1.1346e+01  -73.88164 -118.74194  50.861465      99.74 1.6486e+03    256.554       6158  1027.2841  1027.2829     4.3051     0.9541     0.1885    33.8172    33.8160    8.11328         38 0.0000e+00
     27.000     26.719    -0.1720  28.014593    -0.1703  28.014764     8.9511     9.2749     7.9213    89.8082 9.6548e+00  -73.88164 -118.74194  50.861485      99.60 1.6499e+03    258.303       6200  1027.2891  1027.2878     4.2606     1.2123     0.1757    33.8177    33.8161    8.11323         42 0.0000e+00
     28.000     27.709    -0.1710  28.015981    -0.1694  28.016295     8.9552     9.2747     8.3713    90.3058 8.1901e+00  -73.88164 -118.74194  50.861508      99.69 1.6501e+03    260.299       6248  1027.2940  1027.2928     4.2841     1.0218     0.1726    33.8179    33.8165    8.11302         41 0.0000e+00
     29.000     28.698    -0.1704  28.016972    -0.1688  28.017343     8.9600     9.2676     8.6444    89.7929 7.0066e+00  -73.88164 -118.74194  50.861529      99.65 1.6501e+03    262.134       6292  1027.2988  1027.2977     4.2598     1.1333     0.1828    33.8179    33.8166    8.11289         40 0.0000e+00
     30.000     29.688    -0.1727  28.015677    -0.1708  28.016208     8.9540     9.2683     8.4942    88.8139 5.9337e+00  -73.88164 -118.74194  50.861550      99.61 1.6501e+03    263.882       6334  1027.3039  1027.3026     4.2134     1.2562     0.1781    33.8180    33.8166    8.11335         37 0.0000e+00
     31.000     30.677    -0.1698  28.019044    -0.1675  28.019554     8.9525     9.2737     7.3881    89.1799 5.1240e+00  -73.88164 -118.74194  50.861575      96.17 1.6484e+03    266.112       6388  1027.3090  1027.3074     4.2308     1.2848     0.1911    33.8188    33.8169    8.11271         38 0.0000e+00
     32.000     31.667    -0.1672  28.021501    -0.1653  28.022325     8.9545     9.2744     7.0146    89.3772 4.3359e+00  -73.88164 -118.74194  50.861595      99.40 1.6494e+03    267.786       6428  1027.3135  1027.3124     4.2402     1.3586     0.1806    33.8186    33.8175    8.11217         31 0.0000e+00
     33.000     32.656    -0.1700  28.019845    -0.1658  28.022363     8.9560     9.2692     9.5241    89.8145 3.7300e+00  -73.88164 -118.74194  50.861614      99.52 1.6505e+03    269.420       6467  1027.3186  1027.3173     4.2607     1.3870     0.1842    33.8188    33.8175    8.11274         44 0.0000e+00
     34.000     33.645    -0.1710  28.019396    -0.1696  28.019587     8.9455     9.2612     8.1358    88.5596 3.2007e+00  -73.88164 -118.74194  50.861640      99.56 1.6484e+03    271.734       6523  1027.3234  1027.3223     4.2017     1.3070     0.1805    33.8187    33.8174    8.11296         42 0.0000e+00
     35.000     34.636    -0.1714  28.019351    -0.1696  28.020077     8.9447     9.2684     7.4221    89.0199 2.7508e+00  -73.88164 -118.74193  50.861662      99.53 1.6489e+03    273.576       6567  1027.3281  1027.3272     4.2228     1.3676     0.1797    33.8185    33.8175    8.11306         36 0.0000e+00
     36.000     35.624    -0.1719  28.019713    -0.1701  28.020078     8.9601     9.2714     9.2034    88.2723 2.3469e+00  -73.88164 -118.74192  50.861680      99.53 1.6495e+03    275.157       6605  1027.3332  1027.3319     4.1881     1.3925     0.1735    33.8189    33.8174    8.11314         39 0.0000e+00
     37.000     36.613    -0.1730  28.019377    -0.1709  28.020027     8.9546     9.2725     8.2815    89.4746 1.9979e+00  -73.88164 -118.74192  50.861703      99.49 1.6501e+03    277.159       6653  1027.3381  1027.3370     4.2443     1.6314     0.1859    33.8191    33.8177    8.11336         41 0.0000e+00
     38.000     37.603    -0.1738  28.018952    -0.1722  28.019355     8.9537     9.2760     9.8640    89.8399 1.7523e+00  -73.88164 -118.74192  50.861727      92.14 1.6501e+03    279.247       6703  1027.3428  1027.3417     4.2620     1.1857     0.1749    33.8189    33.8176    8.11356         37 0.0000e+00
     39.000     38.594    -0.1748  28.018520    -0.1726  28.019404     8.9499     9.2826     6.6133    89.0063 1.5107e+00  -73.88164 -118.74192  50.861746      99.16 1.6503e+03    280.883       6742  1027.3476  1027.3464     4.2226     1.3886     0.1761    33.8188    33.8175    8.11377         36 0.0000e+00
     40.000     39.583    -0.1764  28.017832    -0.1749  28.017763     8.9478     9.2745     6.0640    89.3241 1.2812e+00  -73.88164 -118.74192  50.861768      99.62 1.6487e+03    282.772       6788  1027.3527  1027.3512     4.2376     1.1690     0.1933    33.8190    33.8173    8.11410         38 0.0000e+00
     41.000     40.572    -0.1759  28.018633    -0.1744  28.018702     8.9515     9.2705     9.3557    89.4313 1.0994e+00  -73.88164 -118.74192  50.861793      99.57 1.6483e+03    284.938       6840  1027.3573  1027.3560     4.2427     1.2800     0.1792    33.8189    33.8174    8.11399         41 0.0000e+00
     42.000     41.562    -0.1768  28.017988    -0.1768  28.017126     8.9507     9.2700     9.1559    89.7382 9.5040e-01  -73.88164 -118.74192  50.861813      99.44 1.6483e+03    286.625       6880  1027.3617  1027.3609     4.2576     1.5724     0.2028    33.8185    33.8174    8.11422         36 0.0000e+00
     43.000     42.551    -0.1860  28.010733    -0.1843  28.011075     8.9469     9.2634     7.6624    89.1324 8.1350e-01  -73.88164 -118.74192  50.861833      99.56 1.6483e+03    288.383       6922  1027.3671  1027.3659     4.2281     1.4779     0.1856    33.8184    33.8170    8.11617         43 0.0000e+00
     44.000     43.540    -0.1857  28.011522    -0.1835  28.012278     8.9555     9.2739     7.4327    88.5127 6.8890e-01  -73.88164 -118.74192  50.861859      99.60 1.6483e+03    290.616       6976  1027.3719  1027.3706     4.1988     1.2431     0.1896    33.8185    33.8170    8.11610         34 0.0000e+00
     45.000     44.531    -0.1844  28.013015    -0.1829  28.013331     8.9612     9.2749     8.3671    88.8995 5.9498e-01  -73.88164 -118.74192  50.861879      95.25 1.6484e+03    292.362       7018  1027.3765  1027.3754     4.2174     1.3446     0.1877    33.8184    33.8172    8.11583         37 0.0000e+00
     46.000     45.518    -0.1867  28.011728    -0.1856  28.011702     8.9609     9.2855     9.2371    89.2399 5.0810e-01  -73.88164 -118.74192  50.861897      99.48 1.6491e+03    293.917       7055  1027.3816  1027.3805     4.2334     1.3302     0.1707    33.8187    33.8174    8.11631         38 0.0000e+00
     47.000     46.509    -0.1880  28.011447    -0.1872  28.010742     8.9544     9.2798     9.2291    88.7104 4.2993e-01  -73.88164 -118.74192  50.861923      99.51 1.6495e+03    296.127       7108  1027.3868  1027.3853     4.2085     1.4027     0.1864    33.8191    33.8173    8.11655         36 0.0000e+00
     48.000     47.498    -0.1810  28.018154    -0.1795  28.018270     8.9502     9.2751     8.2657    89.3857 3.6676e-01  -73.88164 -118.74192  50.861945      99.60 1.6500e+03    298.060       7154  1027.3914  1027.3902     4.2406     1.2133     0.1765    33.8197    33.8182    8.11504         38 0.0000e+00
     49.000     48.488    -0.1808  28.018638    -0.1842  28.014698     8.9576     9.2758     7.8210    89.2732 3.0970e-01  -73.88164 -118.74192  50.861964      99.72 1.6514e+03    299.649       7193  1027.3961  1027.3952     4.2350     0.9721     0.1697    33.8195    33.8180    8.11501         39 0.0000e+00
     50.000     49.478    -0.1829  28.017792    -0.1829  28.016225     8.9519     9.2602     8.3824    89.6465 2.5962e-01  -73.88164 -118.74192  50.861986      99.47 1.6508e+03    301.614       7240  1027.4014  1027.3998     4.2526     1.5449     0.1853    33.8201    33.8180    8.11541         41 0.0000e+00
     51.000     50.466    -0.1752  28.024852    -0.1741  28.024640     8.9517     9.2506     7.9770    89.6388 2.1741e-01  -73.88164 -118.74192  50.862011      99.64 1.6484e+03    303.764       7291  1027.4059  1027.4046     4.2526     1.6208     0.2005    33.8203    33.8188    8.11376         36 0.0000e+00
     52.000     51.455    -0.1744  28.026109    -0.1730  28.026238     8.9533     9.2553     7.7759    90.1435 1.8102e-01  -73.88164 -118.74192  50.862032      99.51 1.6492e+03    305.569       7335  1027.4108  1027.4096     4.2760     1.7310     0.1949    33.8205    33.8191    8.11358         35 0.0000e+00
     53.000     52.446    -0.1719  28.028798    -0.1698  28.029567     8.9520     9.2649     7.9838    88.8487 1.4798e-01  -73.88164 -118.74192  50.862052      99.55 1.6494e+03    307.270       7375  1027.4156  1027.4144     4.2157     1.4554     0.1643    33.8208    33.8195    8.11304         38 0.0000e+00
