ocean_section_plots/required_files/ctd/dnbp2202_ctd277.cnv
* Sea-Bird SBE 9 Data File:
* FileName = D:\Data\raw\NBP2202_CTD277.hex
* Software Version Seasave V 7.26.7.121
* Temperature SN = 1649
* Conductivity SN = 2513
* Number of Bytes Per Scan = 40
* Number of Voltage Words = 5
* Number of Scans Averaged by the Deck Unit = 1
* NMEA Latitude = 74 02.50 S
* NMEA Longitude = 116 09.27 W
* NMEA UTC (Time) = Feb 21 2022  06:08:41
* NMEA baud rate = 9600
** Ship: RVIB N.B. Palmer
** Cruise: NBP2202 Thwaites
** Station: 179
** Operator: B. Bjork
# nquan = 28
# nvalues = 1009                        
# units = specified
# name 0 = prDM: Pressure, Digiquartz [db]
# name 1 = depSM: Depth [salt water, m]
# name 2 = t090C: Temperature [ITS-90, deg C]
# name 3 = c0mS/cm: Conductivity [mS/cm]
# name 4 = t190C: Temperature, 2 [ITS-90, deg C]
# name 5 = c1mS/cm: Conductivity, 2 [mS/cm]
# name 6 = sbeox0ML/L: Oxygen, SBE 43 [ml/l]
# name 7 = sbeox1ML/L: Oxygen, SBE 43, 2 [ml/l]
# name 8 = flECO-AFL: Fluorescence, WET Labs ECO-AFL/FL [mg/m^3]
# name 9 = CStarTr0: Beam Transmission, WET Labs C-Star [%]
# name 10 = par: PAR/Irradiance, Biospherical/Licor
# name 11 = latitude: Latitude [deg]
# name 12 = longitude: Longitude [deg]
# name 13 = timeJ: Julian Days
# name 14 = altM: Altimeter [m]
# name 15 = spar: SPAR, Biospherical/Licor
# name 16 = timeS: Time, Elapsed [seconds]
# name 17 = scan: Scan Count
# name 18 = density00: Density [density, kg/m^3]
# name 19 = density11: Density, 2 [density, kg/m^3]
# name 20 = v3: Voltage 3
# name 21 = v4: Voltage 4
# name 22 = v5: Voltage 5
# name 23 = sal00: Salinity, Practical [PSU]
# name 24 = sal11: Salinity, Practical, 2 [PSU]
# name 25 = oxsolML/L: Oxygen Saturation, Garcia & Gordon [ml/l]
# name 26 = nbin: number of scans per bin
# name 27 = flag: flag
# span 0 =      2.000,   1010.000       
# span 1 =      1.983,    997.105       
# span 2 =    -1.8101,     0.5053       
# span 3 =  26.958914,  29.585677       
# span 4 =    -1.8094,     0.5077       
# span 5 =  26.959531,  29.586350       
# span 6 =     4.5039,     9.1089       
# span 7 =     4.6090,     9.4083       
# span 8 =    -0.0154,     9.0063       
# span 9 =    87.8052,    98.8379       
# span 10 = -2.594e-05, 8.8860e-01      
# span 11 =  -74.04178,  -74.04176      
# span 12 = -116.15462, -116.15458      
# span 13 =  52.258554,  52.271905      
# span 14 =       2.72,     100.83      
# span 15 = 1.4309e+01, 2.5680e+01      
# span 16 =    218.030,   1371.626      
# span 17 =       5234,      32920      
# span 18 =  1027.1420,  1032.4679      
# span 19 =  1027.1434,  1032.4663      
# span 20 =     4.1659,     4.6886      
# span 21 =     0.0643,     1.5013      
# span 22 =     0.1058,     0.2138      
# span 23 =    33.7387,    34.5570      
# span 24 =    33.7413,    34.5551      
# span 25 =    7.93029,    8.45942      
# span 26 =          6,         47      
# span 27 = 0.0000e+00, 0.0000e+00      
# interval = decibars: 1                
# start_time = Feb 21 2022 06:08:41 [NMEA time, header]
# bad_flag = -9.990e-29
*END*
[from data line 415]
    417.000    412.271    -1.7458  27.114589    -1.7446  27.115009     6.5125     6.6745     1.0787    96.2498 1.0000e-12  -74.04178 -116.15459  52.264467      99.90 1.6222e+01    728.928      17495  1029.4744  1029.4737     4.5660     0.2235     0.1169    34.1298    34.1290    8.44160         26 0.0000e+00
    418.000    413.259    -1.7446  27.116671    -1.7433  27.117194     6.5070     6.6715     1.0289    96.6317 1.0000e-12  -74.04178 -116.15459  52.264479      99.90 1.6405e+01    730.003      17521  1029.4798  1029.4791     4.5841     0.1852     0.1172    34.1307    34.1299    8.44128         26 0.0000e+00
    419.000    414.247    -1.7446  27.117350    -1.7435  27.117774     6.5065     6.6821     0.6792    96.3262 1.0000e-12  -74.04178 -116.15460  52.264492      99.89 1.8916e+01    731.117      17548  1029.4849  1029.4843     4.5696     0.2606     0.1236    34.1310    34.1303    8.44126         27 0.0000e+00
    420.000    415.234    -1.7425  27.120057    -1.7412  27.120457     6.5023     6.6739     0.8421    96.1329 1.0000e-12  -74.04178 -116.15458  52.264505      99.90 1.6268e+01    732.246      17575  1029.4901  1029.4893     4.5604     0.2088     0.1203    34.1317    34.1309    8.44073         27 0.0000e+00
    421.000    416.223    -1.7413  27.121700    -1.7402  27.122017     6.5027     6.6737     0.7982    96.8307 1.0000e-12  -74.04178 -116.15460  52.264518      99.89 1.6452e+01    733.368      17602  1029.4950  1029.4943     4.5935     0.2245     0.1183    34.1320    34.1312    8.44044         27 0.0000e+00
    422.000    417.208    -1.7407  27.122936    -1.7396  27.123200     6.4989     6.6822     0.6187    96.3624 1.0000e-12  -74.04178 -116.15459  52.264531      99.90 1.8237e+01    734.513      17629  1029.5002  1029.4994     4.5713     0.2072     0.1179    34.1324    34.1316    8.44028         27 0.0000e+00
    423.000    418.198    -1.7426  27.122106    -1.7416  27.122502     6.5064     6.6822     0.7128    96.6990 1.0000e-12  -74.04178 -116.15459  52.264544      99.89 1.6310e+01    735.622      17656  1029.5054  1029.5049     4.5873     0.2101     0.1192    34.1328    34.1322    8.44068         26 0.0000e+00
    424.000    419.185    -1.7446  27.121564    -1.7437  27.121779     6.5030     6.6828     0.8650    96.7105 1.0000e-12  -74.04178 -116.15458  52.264557      99.89 1.6815e+01    736.688      17682  1029.5111  1029.5104     4.5878     0.2297     0.1183    34.1338    34.1330    8.44109         26 0.0000e+00
    425.000    420.172    -1.7443  27.122548    -1.7431  27.123034     6.5026     6.6795     0.6996    96.5957 1.0000e-12  -74.04178 -116.15458  52.264569      88.38 1.8182e+01    737.779      17708  1029.5162  1029.5155     4.5824     0.2224     0.1138    34.1342    34.1334    8.44100         26 0.0000e+00
    426.000    421.161    -1.7432  27.124168    -1.7421  27.124601     6.5006     6.6812     0.7493    96.8437 1.0000e-12  -74.04178 -116.15459  52.264582      96.73 1.6962e+01    738.888      17734  1029.5212  1029.5206     4.5941     0.1764     0.1189    34.1345    34.1339    8.44072         27 0.0000e+00
    427.000    422.148    -1.7432  27.124845    -1.7421  27.125143     6.5042     6.6833     1.0656    96.8417 1.0000e-12  -74.04178 -116.15460  52.264595      99.92 1.6124e+01    740.005      17761  1029.5262  1029.5255     4.5940     0.1919     0.1176    34.1349    34.1341    8.44071         27 0.0000e+00
    428.000    423.134    -1.7433  27.125352    -1.7420  27.125815     6.5031     6.6776     1.0311    96.8551 1.0000e-12  -74.04178 -116.15460  52.264608      99.90 1.7572e+01    741.151      17789  1029.5312  1029.5304     4.5946     0.1717     0.1171    34.1351    34.1342    8.44072         28 0.0000e+00
    429.000    424.124    -1.7435  27.126109    -1.7424  27.126428     6.5058     6.6678     1.1032    97.0412 1.0000e-12  -74.04178 -116.15458  52.264621      99.88 1.6976e+01    742.292      17816  1029.5365  1029.5357     4.6035     0.2658     0.1149    34.1357    34.1349    8.44073         27 0.0000e+00
    430.000    425.111    -1.7417  27.128709    -1.7406  27.129030     6.5068     6.6750     0.9874    96.8478 1.0000e-12  -74.04178 -116.15458  52.264634      99.89 1.6362e+01    743.370      17842  1029.5419  1029.5412     4.5943     0.2396     0.1178    34.1366    34.1358    8.44026         25 0.0000e+00
    431.000    426.097    -1.7401  27.131072    -1.7388  27.131507     6.5053     6.6796     0.7345    96.6326 1.0000e-12  -74.04178 -116.15458  52.264646      99.89 1.7981e+01    744.446      17868  1029.5472  1029.5465     4.5841     0.2311     0.1172    34.1374    34.1366    8.43984         26 0.0000e+00
    432.000    427.086    -1.7396  27.132012    -1.7384  27.132510     6.4894     6.6704     0.8144    96.7206 1.0000e-12  -74.04178 -116.15458  52.264659      99.90 1.8153e+01    745.553      17894  1029.5521  1029.5515     4.5883     0.2304     0.1161    34.1376    34.1368    8.43972         27 0.0000e+00
    433.000    428.073    -1.7375  27.135012    -1.7360  27.135637     6.4929     6.6620     0.9324    96.5946 1.0000e-12  -74.04178 -116.15458  52.264672      99.89 1.6735e+01    746.655      17921  1029.5577  1029.5569     4.5823     0.2373     0.1181    34.1387    34.1379    8.43918         26 0.0000e+00
    434.000    429.061    -1.7346  27.138872    -1.7333  27.139168     6.4880     6.6663     0.8820    96.5239 1.0000e-12  -74.04178 -116.15458  52.264685      99.87 1.6492e+01    747.786      17948  1029.5634  1029.5625     4.5790     0.3407     0.1233    34.1401    34.1391    8.43843         28 0.0000e+00
    435.000    430.048    -1.7329  27.141277    -1.7317  27.141567     6.4851     6.6593     0.7421    95.4135 1.0000e-12  -74.04178 -116.15458  52.264698      99.89 1.7636e+01    748.924      17975  1029.5687  1029.5679     4.5264     0.2647     0.1191    34.1409    34.1399    8.43800         27 0.0000e+00
    436.000    431.037    -1.7316  27.143181    -1.7305  27.143468     6.4922     6.6600     0.7595    96.3826 1.0000e-12  -74.04178 -116.15458  52.264711      91.52 1.6345e+01    750.017      18001  1029.5739  1029.5731     4.5722     0.2003     0.1178    34.1415    34.1405    8.43768         26 0.0000e+00
    437.000    432.022    -1.7280  27.147589    -1.7269  27.147898     6.4830     6.6500     0.6779    96.7803 1.0000e-12  -74.04178 -116.15460  52.264723      83.22 1.6882e+01    751.103      18027  1029.5796  1029.5788     4.5911     0.1906     0.1166    34.1428    34.1419    8.43677         26 0.0000e+00
    438.000    433.012    -1.7256  27.150615    -1.7243  27.151010     6.4796     6.6587     0.7910    96.7204 1.0000e-12  -74.04178 -116.15458  52.264736      97.40 1.8484e+01    752.212      18054  1029.5849  1029.5841     4.5883     0.3463     0.1255    34.1436    34.1427    8.43617         27 0.0000e+00
    439.000    433.999    -1.7252  27.151678    -1.7240  27.152084     6.4776     6.6566     0.9290    96.9275 1.0000e-12  -74.04178 -116.15460  52.264749      99.90 1.6710e+01    753.293      18080  1029.5900  1029.5893     4.5980     0.1789     0.1162    34.1440    34.1432    8.43606         25 0.0000e+00
    440.000    434.987    -1.7245  27.152914    -1.7231  27.153288     6.4783     6.6485     0.8699    96.3940 1.0000e-12  -74.04178 -116.15458  52.264761      99.89 1.7173e+01    754.378      18106  1029.5949  1029.5941     4.5729     0.1648     0.1154    34.1443    34.1433    8.43587         27 0.0000e+00
    441.000    435.973    -1.7241  27.153625    -1.7228  27.154226     6.4778     6.6557     0.7698    96.8361 1.0000e-12  -74.04178 -116.15459  52.264774      99.90 1.8221e+01    755.505      18133  1029.5997  1029.5991     4.5937     0.1795     0.1158    34.1442    34.1436    8.43579         27 0.0000e+00
    442.000    436.961    -1.7210  27.157529    -1.7198  27.157935     6.4678     6.6514     0.8721    96.7568 1.0000e-12  -74.04178 -116.15459  52.264787      99.89 1.6130e+01    756.608      18160  1029.6053  1029.6046     4.5900     0.1830     0.1160    34.1455    34.1446    8.43501         26 0.0000e+00
    443.000    437.950    -1.7199  27.159131    -1.7187  27.159551     6.4710     6.6423     0.8433    96.6078 1.0000e-12  -74.04178 -116.15459  52.264800      99.90 1.6647e+01    757.703      18186  1029.6103  1029.6096     4.5830     0.1896     0.1144    34.1458    34.1450    8.43474         27 0.0000e+00
    444.000    438.936    -1.7182  27.161597    -1.7168  27.161989     6.4610     6.6432     0.9620    96.8773 1.0000e-12  -74.04178 -116.15459  52.264813      99.89 1.8461e+01    758.823      18213  1029.6157  1029.6148     4.5958     0.1916     0.1187    34.1467    34.1456    8.43430         27 0.0000e+00
    445.000    439.924    -1.7135  27.166877    -1.7116  27.167652     6.4618     6.6375     0.9982    96.6435 1.0000e-12  -74.04178 -116.15459  52.264825      99.89 1.6294e+01    759.914      18239  1029.6212  1029.6203     4.5847     0.2622     0.1196    34.1479    34.1469    8.43315         25 0.0000e+00
    446.000    440.913    -1.7089  27.171804    -1.7074  27.172343     6.4590     6.6237     0.6969    96.8972 1.0000e-12  -74.04178 -116.15459  52.264838      99.89 1.6477e+01    760.985      18265  1029.6265  1029.6257     4.5966     0.2080     0.1165    34.1489    34.1479    8.43204         26 0.0000e+00
    447.000    441.898    -1.7030  27.178316    -1.7015  27.178882     6.4510     6.6188     1.1312    96.6401 1.0000e-12  -74.04178 -116.15458  52.264851      99.89 1.8351e+01    762.089      18291  1029.6323  1029.6314     4.5845     0.2464     0.1223    34.1505    34.1496    8.43060         26 0.0000e+00
    448.000    442.888    -1.6965  27.185543    -1.6948  27.186221     6.4459     6.6212     1.3275    96.6056 1.0000e-12  -74.04178 -116.15460  52.264863      78.74 1.6294e+01    763.183      18317  1029.6383  1029.6374     4.5828     0.2397     0.1165    34.1525    34.1515    8.42901         27 0.0000e+00
    449.000    443.873    -1.6937  27.188406    -1.6924  27.188855     6.4473     6.6243     1.1267    96.9917 1.0000e-12  -74.04178 -116.15458  52.264876      89.66 1.6679e+01    764.268      18343  1029.6430  1029.6424     4.6012     0.2149     0.1153    34.1526    34.1518    8.42836         26 0.0000e+00
    450.000    444.861    -1.6928  27.189925    -1.6915  27.190135     6.4252     6.6113     1.0613    97.1412 1.0000e-12  -74.04178 -116.15460  52.264889      99.62 1.7509e+01    765.390      18370  1029.6482  1029.6473     4.6082     0.2333     0.1141    34.1531    34.1520    8.42813         27 0.0000e+00
    451.000    445.850    -1.6862  27.196946    -1.6845  27.197493     6.4284     6.6056     0.6816    96.7745 1.0000e-12  -74.04178 -116.15458  52.264902      99.90 1.6175e+01    766.505      18397  1029.6539  1029.6529     4.5909     0.2143     0.1165    34.1547    34.1535    8.42655         26 0.0000e+00
    452.000    446.836    -1.6777  27.205614    -1.6764  27.205921     6.4302     6.6005     0.7470    97.0905 1.0000e-12  -74.04178 -116.15459  52.264914      99.90 1.6411e+01    767.576      18423  1029.6595  1029.6586     4.6058     0.1640     0.1121    34.1563    34.1552    8.42451         26 0.0000e+00
    453.000    447.824    -1.6701  27.214053    -1.6685  27.214592     6.4169     6.5943     0.9105    96.8445 1.0000e-12  -74.04178 -116.15459  52.264927      99.89 1.8478e+01    768.667      18449  1029.6658  1029.6648     4.5942     0.1873     0.1132    34.1587    34.1576    8.42264         27 0.0000e+00
    454.000    448.812    -1.6681  27.216614    -1.6667  27.217003     6.4202     6.5955     0.9334    96.4956 1.0000e-12  -74.04178 -116.15459  52.264939      99.89 1.6633e+01    769.758      18475  1029.6711  1029.6701     4.5776     0.2369     0.1228    34.1593    34.1583    8.42215         26 0.0000e+00
    455.000    449.799    -1.6679  27.217248    -1.6667  27.217620     6.4211     6.5904     0.8264    96.9848 1.0000e-12  -74.04178 -116.15459  52.264952      99.88 1.6431e+01    770.829      18501  1029.6759  1029.6752     4.6008     0.2382     0.1196    34.1593    34.1585    8.42210         25 0.0000e+00
    456.000    450.787    -1.6675  27.218139    -1.6662  27.218486     6.4221     6.5902     0.8601    97.0590 1.0000e-12  -74.04178 -116.15459  52.264965      99.90 1.7564e+01    771.936      18527  1029.6810  1029.6801     4.6043     0.1677     0.1153    34.1595    34.1584    8.42200         28 0.0000e+00
    457.000    451.775    -1.6653  27.220824    -1.6634  27.221666     6.4205     6.5981     1.0349    97.0179 1.0000e-12  -74.04178 -116.15460  52.264977      99.90 1.7360e+01    773.052      18554  1029.6862  1029.6853     4.6024     0.1882     0.1148    34.1601    34.1591    8.42147         26 0.0000e+00
    458.000    452.762    -1.6650  27.222062    -1.6635  27.222599     6.4189     6.5879     1.0604    96.0691 1.0000e-12  -74.04178 -116.15458  52.264990      99.89 1.6502e+01    774.124      18580  1029.6915  1029.6907     4.5575     0.1911     0.1214    34.1608    34.1598    8.42135         25 0.0000e+00
    459.000    453.749    -1.6593  27.228463    -1.6570  27.229457     6.3893     6.5723     0.8279    96.8879 1.0000e-12  -74.04178 -116.15460  52.265002      99.83 1.7753e+01    775.203      18606  1029.6974  1029.6963     4.5962     0.2533     0.1589    34.1625    34.1613    8.41996         27 0.0000e+00
    460.000    454.737    -1.6415  27.245851    -1.6393  27.246285     6.3826     6.5626     0.7259    96.9036 1.0000e-12  -74.04178 -116.15458  52.265015      79.69 1.6749e+01    776.311      18632  1029.7035  1029.7019     4.5970     0.1993     0.1872    34.1656    34.1638    8.41573         26 0.0000e+00
    461.000    455.724    -1.6311  27.255557    -1.6297  27.255844     6.3840     6.5567     0.5853    97.0288 1.0000e-12  -74.04178 -116.15460  52.265028      94.21 1.6279e+01    777.382      18658  1029.7085  1029.7074     4.6029     0.2382     0.1166    34.1665    34.1653    8.41333         26 0.0000e+00
    462.000    456.711    -1.6271  27.259945    -1.6258  27.260084     6.3672     6.5447     0.6634    96.9982 1.0000e-12  -74.04178 -116.15458  52.265040      99.82 1.7409e+01    778.464      18684  1029.7138  1029.7127     4.6016     0.2132     0.1160    34.1674    34.1661    8.41236         26 0.0000e+00
    463.000    457.698    -1.6152  27.272185    -1.6134  27.272495     6.3459     6.5310     0.7062    97.2039 1.0000e-12  -74.04178 -116.15459  52.265053      99.90 1.8107e+01    779.569      18711  1029.7200  1029.7187     4.6111     0.1625     0.1127    34.1701    34.1685    8.40951         26 0.0000e+00
    464.000    458.687    -1.5991  27.288023    -1.5976  27.287959     6.3400     6.5201     0.8453    97.1183 1.0000e-12  -74.04178 -116.15459  52.265065      99.90 1.6291e+01    780.635      18736  1029.7262  1029.7246     4.6071     0.1648     0.1146    34.1730    34.1711    8.40570         26 0.0000e+00
    465.000    459.675    -1.5837  27.302560    -1.5820  27.302943     6.3341     6.5049     0.8809    97.2876 1.0000e-12  -74.04178 -116.15459  52.265078      99.89 1.7055e+01    781.695      18762  1029.7316  1029.7303     4.6152     0.1941     0.1127    34.1748    34.1734    8.40209         25 0.0000e+00
    466.000    460.660    -1.5756  27.310420    -1.5753  27.309545     6.3241     6.5007     0.7636    97.1439 1.0000e-12  -74.04178 -116.15459  52.265090      99.90 1.7500e+01    782.788      18788  1029.7368  1029.7356     4.6084     0.1671     0.1159    34.1758    34.1742    8.40021         26 0.0000e+00
    467.000    461.649    -1.5720  27.314233    -1.5712  27.314047     6.3315     6.5073     0.8060    96.8871 1.0000e-12  -74.04178 -116.15459  52.265103      99.89 1.6462e+01    783.869      18814  1029.7420  1029.7410     4.5962     0.1709     0.1154    34.1763    34.1751    8.39936         26 0.0000e+00
