ocean_section_plots/required_files/ctd/dnbp2202_ctd110.cnv
* Sea-Bird SBE 9 Data File:
* FileName = D:\Data\raw\NBP2202_CTD110.hex
* Software Version Seasave V 7.26.7.121
* Temperature SN = 1649
* Conductivity SN = 2513
* Number of Bytes Per Scan = 40
* Number of Voltage Words = 5
* Number of Scans Averaged by the Deck Unit = 1
* NMEA Latitude = 74 10.52 S
* NMEA Longitude = 113 20.65 W
* NMEA UTC (Time) = Jan 27 2022  06:52:16
* NMEA baud rate = 9600
** Ship: RVIB N.B. Palmer
** Cruise: NBP2202 Thwaites
** Station: YoYo001
** Operator: B. Bjork
# nquan = 25
# nvalues = 608                         
# units = specified
# name 0 = prDM: Pressure, Digiquartz [db]
# name 1 = depSM: Depth [salt water, m]
# name 2 = t090C: Temperature [ITS-90, deg C]
# name 3 = c0mS/cm: Conductivity [mS/cm]
# name 4 = t190C: Temperature, 2 [ITS-90, deg C]
# name 5 = c1mS/cm: Conductivity, 2 [mS/cm]
# name 6 = sbeox0ML/L: Oxygen, SBE 43 [ml/l]
# name 7 = sbeox1ML/L: Oxygen, SBE 43, 2 [ml/l]
# name 8 = flECO-AFL: Fluorescence, WET Labs ECO-AFL/FL [mg/m^3]
# name 9 = CStarTr0: Beam Transmission, WET Labs C-Star [%]
# name 10 = par: PAR/Irradiance, Biospherical/Licor
# name 11 = latitude: Latitude [deg]
# name 12 = longitude: Longitude [deg]
# name 13 = timeJ: Julian Days
# name 14 = altM: Altimeter [m]
# name 15 = spar: SPAR, Biospherical/Licor
# name 16 = timeS: Time, Elapsed [seconds]
# name 17 = scan: Scan Count
# name 18 = density00: Density [density, kg/m^3]
# name 19 = density11: Density, 2 [density, kg/m^3]
# name 20 = sal00: Salinity, Practical [PSU]
# name 21 = sal11: Salinity, Practical, 2 [PSU]
# name 22 = oxsolML/L: Oxygen Saturation, Garcia & Gordon [ml/l]
# name 23 = nbin: number of scans per bin
# name 24 = flag: flag
# span 0 =     10.000,    617.000       
# span 1 =      9.893,    609.718       
# span 2 =    -1.4653,     0.1266       
# span 3 =  26.970393,  28.964873       
# span 4 =    -1.4639,     0.1288       
# span 5 =  26.970547,  28.964486       
# span 6 =     4.6778,     9.2236       
# span 7 =     4.7398,     9.0895       
# span 8 =    -0.0230,    27.3843       
# span 9 =    67.9215,    95.5999       
# span 10 = 1.0000e-12, 1.2192e+00      
# span 11 =  -74.17536,  -74.17534      
# span 12 = -113.34425, -113.34422      
# span 13 =  27.286676,  27.294189      
# span 14 =       7.72,     100.07      
# span 15 = 6.1694e+01, 6.8250e+01      
# span 16 =     32.836,    681.958      
# span 17 =        789,      16368      
# span 18 =  1027.2145,  1030.5290      
# span 19 =  1027.2131,  1030.5264      
# span 20 =    33.7901,    34.3920      
# span 21 =    33.7875,    34.3893      
# span 22 =    8.01782,    8.39653      
# span 23 =          5,         47      
# span 24 = 0.0000e+00, 0.0000e+00      
# interval = decibars: 1                
# start_time = Jan 27 2022 06:52:16 [NMEA time, header]
# bad_flag = -9.990e-29
*END*
[from data line 232]
    242.000    239.356    -0.8136  27.755312    -0.8118  27.755062     5.0223     5.0943    -0.0141    95.4378 1.0000e-12  -74.17536 -113.34424  27.289437      99.87 6.3746e+01    271.361       6514  1028.5389  1028.5369    34.0565    34.0541    8.23787         24 0.0000e+00
    243.000    240.344    -0.8137  27.755837    -0.8118  27.755492     5.0231     5.0883    -0.0219    95.4585 1.0000e-12  -74.17536 -113.34424  27.289449      73.23 6.3609e+01    272.364       6538  1028.5439  1028.5417    34.0567    34.0541    8.23787         24 0.0000e+00
    244.000    241.333    -0.8139  27.756047    -0.8121  27.755711     5.0258     5.0914    -0.0050    95.4528 1.0000e-12  -74.17536 -113.34424  27.289460      92.11 6.5248e+01    273.368       6562  1028.5486  1028.5465    34.0566    34.0541    8.23793         24 0.0000e+00
    245.000    242.319    -0.8140  27.756343    -0.8130  27.755319     5.0337     5.0942    -0.0043    95.4540 1.0000e-12  -74.17536 -113.34424  27.289472      99.98 6.4110e+01    274.368       6586  1028.5533  1028.5513    34.0565    34.0540    8.23795         24 0.0000e+00
    246.000    243.310    -0.8165  27.754708    -0.8148  27.754123     5.0361     5.0968    -0.0106    95.4717 1.0000e-12  -74.17536 -113.34424  27.289483      99.86 6.3608e+01    275.368       6610  1028.5582  1028.5560    34.0564    34.0538    8.23849         25 0.0000e+00
    247.000    244.297    -0.8168  27.754853    -0.8161  27.753625     5.0358     5.0990    -0.0134    95.4602 1.0000e-12  -74.17536 -113.34424  27.289495      99.86 6.4999e+01    276.377       6634  1028.5629  1028.5610    34.0563    34.0539    8.23856         23 0.0000e+00
    248.000    245.286    -0.8184  27.753977    -0.8169  27.753418     5.0475     5.1023    -0.0126    95.4574 1.0000e-12  -74.17536 -113.34424  27.289507      99.87 6.4224e+01    277.396       6659  1028.5678  1028.5658    34.0564    34.0539    8.23891         25 0.0000e+00
    249.000    246.275    -0.8219  27.751802    -0.8176  27.753467     5.0518     5.1162    -0.0170    95.4523 1.0000e-12  -74.17536 -113.34424  27.289519      99.86 6.3471e+01    278.407       6683  1028.5732  1028.5708    34.0568    34.0542    8.23966         25 0.0000e+00
    250.000    247.263    -0.8209  27.753020    -0.8203  27.752012     5.0698     5.1311    -0.0138    95.4502 1.0000e-12  -74.17536 -113.34424  27.289530      99.87 6.4384e+01    279.417       6707  1028.5778  1028.5761    34.0567    34.0546    8.23944         23 0.0000e+00
    251.000    248.253    -0.8255  27.750232    -0.8224  27.750971     5.0878     5.1486    -0.0077    95.3647 1.0000e-12  -74.17536 -113.34424  27.289542      99.86 6.4733e+01    280.418       6731  1028.5836  1028.5814    34.0575    34.0550    8.24041         25 0.0000e+00
    252.000    249.238    -0.8362  27.742951    -0.8343  27.742853     5.0985     5.1582    -0.0131    95.2851 1.0000e-12  -74.17536 -113.34424  27.289553      99.87 6.3702e+01    281.409       6755  1028.5903  1028.5884    34.0591    34.0568    8.24265         23 0.0000e+00
    253.000    250.229    -0.8411  27.740678    -0.8386  27.740729     5.1051     5.1671    -0.0197    95.4609 1.0000e-12  -74.17536 -113.34424  27.289565      99.86 6.3981e+01    282.405       6779  1028.5969  1028.5945    34.0608    34.0581    8.24361         24 0.0000e+00
    254.000    251.216    -0.8416  27.740935    -0.8395  27.740811     5.1106     5.1733    -0.0206    95.4648 1.0000e-12  -74.17536 -113.34424  27.289577      99.86 6.4425e+01    283.409       6803  1028.6019  1028.5997    34.0612    34.0587    8.24371         24 0.0000e+00
    255.000    252.206    -0.8421  27.741133    -0.8403  27.740692     5.1071     5.1820    -0.0203    95.4543 1.0000e-12  -74.17536 -113.34424  27.289588      99.86 6.3462e+01    284.419       6827  1028.6068  1028.6047    34.0614    34.0589    8.24380         25 0.0000e+00
    256.000    253.193    -0.8441  27.740091    -0.8424  27.739853     5.1050     5.1842    -0.0139    95.4614 1.0000e-12  -74.17536 -113.34424  27.289600      85.49 6.3900e+01    285.426       6851  1028.6119  1028.6099    34.0617    34.0594    8.24423         24 0.0000e+00
    257.000    254.182    -0.8448  27.740190    -0.8430  27.739898     5.1146     5.1887    -0.0199    95.4625 1.0000e-12  -74.17536 -113.34424  27.289611      97.97 6.5077e+01    286.435       6875  1028.6169  1028.6148    34.0619    34.0595    8.24436         24 0.0000e+00
    258.000    255.172    -0.8447  27.741456    -0.8426  27.741514     5.1190     5.1824    -0.0081    95.4465 1.0000e-12  -74.17536 -113.34424  27.289623      99.82 6.3471e+01    287.433       6899  1028.6224  1028.6204    34.0630    34.0607    8.24429         24 0.0000e+00
    259.000    256.157    -0.8434  27.744686    -0.8416  27.744336     5.1108     5.1850    -0.0162    95.4529 1.0000e-12  -74.17536 -113.34424  27.289635      99.86 6.3537e+01    288.432       6923  1028.6289  1028.6268    34.0653    34.0627    8.24387         24 0.0000e+00
    260.000    257.148    -0.8403  27.748850    -0.8364  27.750420     5.1036     5.1757    -0.0166    95.4668 1.0000e-12  -74.17536 -113.34424  27.289646      99.87 6.5301e+01    289.438       6948  1028.6346  1028.6326    34.0668    34.0645    8.24310         24 0.0000e+00
    261.000    258.137    -0.8269  27.763177    -0.8246  27.763030     5.1047     5.1718    -0.0088    95.4538 1.0000e-12  -74.17536 -113.34424  27.289658      99.87 6.3447e+01    290.447       6972  1028.6413  1028.6390    34.0704    34.0677    8.23995         24 0.0000e+00
    262.000    259.123    -0.8232  27.767286    -0.8214  27.766996     5.0969     5.1673    -0.0092    95.4513 1.0000e-12  -74.17536 -113.34424  27.289670      99.86 6.3676e+01    291.459       6996  1028.6465  1028.6444    34.0712    34.0688    8.23910         25 0.0000e+00
    263.000    260.113    -0.8184  27.773101    -0.8160  27.772956     5.0861     5.1564    -0.0144    95.4326 1.0000e-12  -74.17536 -113.34424  27.289681      99.87 6.5150e+01    292.477       7020  1028.6524  1028.6500    34.0731    34.0702    8.23794         24 0.0000e+00
    264.000    261.101    -0.8082  27.783996    -0.8062  27.783601     5.0803     5.1529    -0.0159    95.4487 1.0000e-12  -74.17536 -113.34424  27.289693      99.87 6.3895e+01    293.487       7045  1028.6586  1028.6563    34.0757    34.0729    8.23556         24 0.0000e+00
    265.000    262.089    -0.7998  27.793280    -0.7981  27.792542     5.0740     5.1514    -0.0196    95.4443 1.0000e-12  -74.17536 -113.34424  27.289705      99.87 6.3463e+01    294.482       7069  1028.6648  1028.6624    34.0781    34.0753    8.23357         24 0.0000e+00
    266.000    263.078    -0.7935  27.800298    -0.7916  27.799771     5.0639     5.1444    -0.0138    95.4357 1.0000e-12  -74.17536 -113.34424  27.289716      99.87 6.5010e+01    295.481       7093  1028.6707  1028.6683    34.0800    34.0771    8.23210         24 0.0000e+00
    267.000    264.067    -0.7823  27.812408    -0.7803  27.811730     5.0520     5.1347    -0.0222    95.4271 1.0000e-12  -74.17536 -113.34424  27.289728      99.87 6.3970e+01    296.487       7117  1028.6773  1028.6746    34.0831    34.0799    8.22948         24 0.0000e+00
    268.000    265.054    -0.7682  27.827390    -0.7673  27.825912     5.0447     5.1213    -0.0218    95.4348 1.0000e-12  -74.17536 -113.34424  27.289740      97.17 6.3467e+01    297.494       7141  1028.6841  1028.6817    34.0868    34.0839    8.22618         25 0.0000e+00
    269.000    266.042    -0.7526  27.843508    -0.7509  27.842435     5.0278     5.1084    -0.0148    95.4325 1.0000e-12  -74.17536 -113.34424  27.289751      76.16 6.4554e+01    298.510       7165  1028.6908  1028.6880    34.0904    34.0871    8.22257         24 0.0000e+00
    270.000    267.031    -0.7432  27.852698    -0.7415  27.852084     5.0216     5.1014    -0.0203    95.4163 1.0000e-12  -74.17536 -113.34424  27.289763      91.40 6.3901e+01    299.526       7190  1028.6960  1028.6937    34.0917    34.0889    8.22045         24 0.0000e+00
    271.000    268.019    -0.7334  27.862862    -0.7316  27.862125     5.0206     5.0969    -0.0162    95.4207 1.0000e-12  -74.17536 -113.34424  27.289775      99.87 6.3537e+01    300.521       7214  1028.7019  1028.6994    34.0937    34.0908    8.21820         24 0.0000e+00
    272.000    269.009    -0.7289  27.867522    -0.7273  27.866872     5.0144     5.0890    -0.0135    95.4111 1.0000e-12  -74.17536 -113.34424  27.289786      99.86 6.4339e+01    301.513       7237  1028.7070  1028.7048    34.0943    34.0917    8.21718         24 0.0000e+00
    273.000    269.996    -0.7250  27.871854    -0.7219  27.872574     5.0062     5.0838    -0.0141    95.3885 1.0000e-12  -74.17536 -113.34424  27.289798      99.86 6.4345e+01    302.520       7261  1028.7124  1028.7102    34.0952    34.0927    8.21629         24 0.0000e+00
    274.000    270.985    -0.7147  27.883075    -0.7123  27.882538     5.0005     5.0735    -0.0101    95.3788 1.0000e-12  -74.17536 -113.34424  27.289809      99.86 6.3535e+01    303.524       7286  1028.7189  1028.7161    34.0981    34.0947    8.21387         24 0.0000e+00
    275.000    271.973    -0.6999  27.898111    -0.6983  27.897154     4.9944     5.0669    -0.0089    95.3638 1.0000e-12  -74.17536 -113.34424  27.289821      99.86 6.4096e+01    304.538       7310  1028.7252  1028.7227    34.1012    34.0981    8.21049         25 0.0000e+00
    276.000    272.961    -0.6954  27.903242    -0.6932  27.902931     4.9861     5.0596    -0.0089    95.3649 1.0000e-12  -74.17536 -113.34424  27.289833      99.87 6.4344e+01    305.556       7334  1028.7309  1028.7284    34.1024    34.0995    8.20944         24 0.0000e+00
    277.000    273.950    -0.6839  27.915951    -0.6811  27.916351     4.9844     5.0552    -0.0071    95.3457 1.0000e-12  -74.17536 -113.34424  27.289844      99.86 6.3467e+01    306.559       7358  1028.7379  1028.7356    34.1060    34.1034    8.20673         24 0.0000e+00
    278.000    274.938    -0.6800  27.920613    -0.6779  27.920339     4.9802     5.0562    -0.0135    95.3360 1.0000e-12  -74.17536 -113.34424  27.289856      99.86 6.3830e+01    307.560       7382  1028.7436  1028.7412    34.1073    34.1045    8.20581         24 0.0000e+00
    279.000    275.926    -0.6753  27.925799    -0.6734  27.925261     4.9840     5.0543    -0.0129    95.3295 1.0000e-12  -74.17536 -113.34424  27.289868      99.87 6.4715e+01    308.566       7407  1028.7491  1028.7467    34.1084    34.1055    8.20473         24 0.0000e+00
    280.000    276.914    -0.6746  27.926971    -0.6727  27.926655     4.9822     5.0482    -0.0132    95.3295 1.0000e-12  -74.17536 -113.34424  27.289879      99.87 6.3463e+01    309.563       7431  1028.7542  1028.7520    34.1086    34.1060    8.20457         24 0.0000e+00
    281.000    277.903    -0.6715  27.931201    -0.6698  27.930400     4.9850     5.0501    -0.0129    95.3166 1.0000e-12  -74.17536 -113.34424  27.289891      99.86 6.3537e+01    310.561       7454  1028.7601  1028.7577    34.1102    34.1072    8.20380         24 0.0000e+00
    282.000    278.893    -0.6671  27.936604    -0.6650  27.936236     4.9808     5.0569    -0.0058    95.3188 1.0000e-12  -74.17536 -113.34424  27.289902      82.34 6.4721e+01    311.570       7479  1028.7661  1028.7636    34.1118    34.1089    8.20274         24 0.0000e+00
    283.000    279.879    -0.6622  27.942451    -0.6601  27.942045     4.9728     5.0473    -0.0111    95.3242 1.0000e-12  -74.17536 -113.34424  27.289914      95.34 6.3456e+01    312.569       7503  1028.7721  1028.7696    34.1137    34.1107    8.20158         24 0.0000e+00
    284.000    280.867    -0.6539  27.951844    -0.6522  27.950841     4.9715     5.0420    -0.0117    95.3144 1.0000e-12  -74.17536 -113.34424  27.289926      99.89 6.3538e+01    313.567       7527  1028.7785  1028.7757    34.1163    34.1130    8.19963         24 0.0000e+00
    285.000    281.857    -0.6438  27.962313    -0.6420  27.961757     4.9661     5.0392    -0.0170    95.3102 1.0000e-12  -74.17536 -113.34424  27.289937      99.87 6.4726e+01    314.577       7551  1028.7844  1028.7820    34.1185    34.1157    8.19731         25 0.0000e+00
    286.000    282.842    -0.6410  27.966000    -0.6390  27.965588     4.9625     5.0351    -0.0211    95.3123 1.0000e-12  -74.17536 -113.34424  27.289949      99.86 6.3544e+01    315.598       7575  1028.7900  1028.7876    34.1196    34.1168    8.19663         24 0.0000e+00
    287.000    283.833    -0.6325  27.975239    -0.6304  27.974842     4.9553     5.0273    -0.0205    95.3113 1.0000e-12  -74.17536 -113.34424  27.289961      99.86 6.3464e+01    316.607       7600  1028.7962  1028.7936    34.1220    34.1189    8.19467         24 0.0000e+00
    288.000    284.821    -0.6249  27.983592    -0.6226  27.983218     4.9505     5.0239    -0.0181    95.3059 1.0000e-12  -74.17536 -113.34424  27.289972      99.87 6.4792e+01    317.609       7624  1028.8022  1028.7995    34.1240    34.1209    8.19290         24 0.0000e+00
    289.000    285.809    -0.6159  27.993510    -0.6137  27.993360     4.9493     5.0264    -0.0119    95.2918 1.0000e-12  -74.17536 -113.34424  27.289984      99.87 6.3743e+01    318.618       7648  1028.8085  1028.8062    34.1266    34.1239    8.19080         24 0.0000e+00
    290.000    286.798    -0.6143  27.995787    -0.6124  27.995324     4.9516     5.0241    -0.0135    95.2926 1.0000e-12  -74.17536 -113.34424  27.289996      99.86 6.3465e+01    319.623       7672  1028.8138  1028.8115    34.1273    34.1245    8.19041         25 0.0000e+00
    291.000    287.785    -0.6130  27.997620    -0.6109  27.997399     4.9578     5.0184    -0.0132    95.2770 1.0000e-12  -74.17536 -113.34424  27.290007      99.87 6.4559e+01    320.640       7696  1028.8190  1028.8167    34.1277    34.1250    8.19010         24 0.0000e+00
    292.000    288.773    -0.6106  28.001074    -0.6085  28.000529     4.9597     5.0208    -0.0132    95.2905 1.0000e-12  -74.17536 -113.34424  27.290019      99.87 6.3608e+01    321.663       7721  1028.8247  1028.8222    34.1289    34.1259    8.18950         25 0.0000e+00
    293.000    289.763    -0.6074  28.005017    -0.6054  28.004632     4.9545     5.0197    -0.0202    95.2967 1.0000e-12  -74.17536 -113.34424  27.290031      99.86 6.3466e+01    322.696       7746  1028.8303  1028.8280    34.1301    34.1273    8.18875         25 0.0000e+00
    294.000    290.749    -0.6040  28.009807    -0.6018  28.009423     4.9545     5.0227    -0.0144    95.2812 1.0000e-12  -74.17536 -113.34424  27.290043      86.67 6.4422e+01    323.732       7771  1028.8365  1028.8340    34.1321    34.1291    8.18789         24 0.0000e+00
    295.000    291.740    -0.6022  28.012257    -0.6003  28.011828     4.9506     5.0255    -0.0192    95.2813 1.0000e-12  -74.17536 -113.34424  27.290055      86.29 6.3596e+01    324.761       7795  1028.8419  1028.8395    34.1328    34.1300    8.18748         25 0.0000e+00
    296.000    292.727    -0.6016  28.013354    -0.5999  28.012913     4.9490     5.0265    -0.0147    95.2941 1.0000e-12  -74.17536 -113.34424  27.290067      98.19 6.3464e+01    325.772       7820  1028.8469  1028.8447    34.1330    34.1304    8.18734         24 0.0000e+00
    297.000    293.715    -0.6007  28.014835    -0.5988  28.014435     4.9432     5.0195    -0.0194    95.2660 1.0000e-12  -74.17536 -113.34424  27.290078      99.88 6.3464e+01    326.778       7844  1028.8520  1028.8497    34.1334    34.1307    8.18712         24 0.0000e+00
    298.000    294.703    -0.5971  28.019167    -0.5949  28.018781     4.9404     5.0145    -0.0203    95.2662 1.0000e-12  -74.17536 -113.34424  27.290090      99.86 6.3464e+01    327.787       7868  1028.8574  1028.8549    34.1345    34.1315    8.18627         24 0.0000e+00
