ocean_section_plots/required_files/ctd/dnbp2202_ctd016.cnv
* Sea-Bird SBE 9 Data File:
* FileName = D:\Data\raw\NBP2202_CTD016.hex
* Software Version Seasave V 7.26.7.121
* Temperature SN = 1649
* Conductivity SN = 2513
* Number of Bytes Per Scan = 40
* Number of Voltage Words = 5
* Number of Scans Averaged by the Deck Unit = 1
* NMEA Latitude = 73 09.18 S
* NMEA Longitude = 113 59.92 W
* NMEA UTC (Time) = Jan 17 2022  05:04:18
* NMEA baud rate = 9600
** Ship: RVIB N.B. Palmer
** Cruise: NBP2202 Thwaites
** Station: #11
** Operator: B Bjork
# nquan = 25
# nvalues = 568                         
# units = specified
# name 0 = prDM: Pressure, Digiquartz [db]
# name 1 = depSM: Depth [salt water, m]
# name 2 = t090C: Temperature [ITS-90, deg C]
# name 3 = c0mS/cm: Conductivity [mS/cm]
# name 4 = t190C: Temperature, 2 [ITS-90, deg C]
# name 5 = c1mS/cm: Conductivity, 2 [mS/cm]
# name 6 = sbeox0ML/L: Oxygen, SBE 43 [ml/l]
# name 7 = sbeox1ML/L: Oxygen, SBE 43, 2 [ml/l]
# name 8 = flECO-AFL: Fluorescence, WET Labs ECO-AFL/FL [mg/m^3]
# name 9 = CStarTr0: Beam Transmission, WET Labs C-Star [%]
# name 10 = par: PAR/Irradiance, Biospherical/Licor
# name 11 = latitude: Latitude [deg]
# name 12 = longitude: Longitude [deg]
# name 13 = timeJ: Julian Days
# name 14 = altM: Altimeter [m]
# name 15 = spar: SPAR, Biospherical/Licor
# name 16 = timeS: Time, Elapsed [seconds]
# name 17 = scan: Scan Count
# name 18 = density00: Density [density, kg/m^3]
# name 19 = density11: Density, 2 [density, kg/m^3]
# name 20 = sal00: Salinity, Practical [PSU]
# name 21 = sal11: Salinity, Practical, 2 [PSU]
# name 22 = oxsolML/L: Oxygen Saturation, Garcia & Gordon [ml/l]
# name 23 = nbin: number of scans per bin
# name 24 = flag: flag
# span 0 =      2.000,    569.000       
# span 1 =      1.979,    562.365       
# span 2 =    -1.8171,     0.6018       
# span 3 =  26.992942,  29.499797       
# span 4 =    -1.8161,     0.6034       
# span 5 =  26.992651,  29.498250       
# span 6 =     4.5767,     8.8317       
# span 7 =     4.8424,     9.3434       
# span 8 =    -0.0232,    25.4361       
# span 9 =    70.9203,    99.5907       
# span 10 = -1.955e-04, 1.4315e+01      
# span 11 =  -73.15302,  -73.15300      
# span 12 = -113.99880, -113.99870      
# span 13 =  17.213627,  17.223645      
# span 14 =       8.96,     101.36      
# span 15 = 4.7596e+01, 7.6027e+01      
# span 16 =    199.342,   1064.961      
# span 17 =       4785,      25560      
# span 18 =  1027.2282,  1030.4246      
# span 19 =  1027.2280,  1030.4216      
# span 20 =    33.8810,    34.5893      
# span 21 =    33.8804,    34.5855      
# span 22 =    7.90876,    8.45687      
# span 23 =         17,         47      
# span 24 = 0.0000e+00, 0.0000e+00      
# interval = decibars: 1                
# start_time = Jan 17 2022 05:04:18 [NMEA time, header]
# bad_flag = -9.990e-29
*END*
[from data line 464]
    466.000    460.682    -0.9293  27.902141    -0.9272  27.901274     5.6637     6.0093    -0.0109    99.4938 1.0000e-12  -73.15302 -113.99875  17.221062      99.89 6.1701e+01    841.717      20202  1029.7647  1029.7618    34.2497    34.2462    8.25193         28 0.0000e+00
    467.000    461.670    -0.9139  27.917217    -0.9126  27.915798     5.6222     5.9643    -0.0120    99.4880 1.0000e-12  -73.15302 -113.99875  17.221074      99.89 6.1701e+01    842.780      20228  1029.7705  1029.7677    34.2521    34.2487    8.24842         24 0.0000e+00
    468.000    462.657    -0.8609  27.968479    -0.8592  27.966421     5.5984     5.9340    -0.0079    99.4908 1.0000e-12  -73.15302 -113.99875  17.221085      99.90 6.1701e+01    843.752      20251  1029.7784  1029.7745    34.2610    34.2562    8.23631         25 0.0000e+00
    469.000    463.644    -0.8259  28.001002    -0.8235  28.000115     5.5710     5.9133    -0.0035    99.4968 1.0000e-12  -73.15302 -113.99875  17.221102      99.89 6.1701e+01    845.171      20285  1029.7841  1029.7807    34.2647    34.2607    8.22844         41 0.0000e+00
    470.000    464.632    -0.8142  28.012668    -0.8117  28.012148     5.5616     5.9011    -0.0058    99.5026 1.0000e-12  -73.15302 -113.99874  17.221122      67.20 6.1701e+01    846.911      20327  1029.7902  1029.7872    34.2666    34.2631    8.22577         33 0.0000e+00
    471.000    465.618    -0.8080  28.019256    -0.8060  28.018567     5.5248     5.8637    -0.0018    99.4889 1.0000e-12  -73.15302 -113.99874  17.221135     101.36 6.1701e+01    848.095      20355  1029.7960  1029.7933    34.2679    34.2647    8.22434         23 0.0000e+00
    472.000    466.608    -0.7924  28.035030    -0.7901  28.034008     5.5045     5.8354    -0.0078    99.4887 1.0000e-12  -73.15302 -113.99874  17.221145      96.54 6.1701e+01    848.935      20375  1029.8022  1029.7988    34.2709    34.2670    8.22076         19 0.0000e+00
    473.000    467.593    -0.7438  28.082246    -0.7421  28.080071     5.4920     5.8215    -0.0077    99.4879 1.0000e-12  -73.15302 -113.99874  17.221154      85.42 6.2134e+01    849.736      20395  1029.8099  1029.8059    34.2791    34.2742    8.20972         21 0.0000e+00
    474.000    468.583    -0.7250  28.098637    -0.7228  28.097534     5.4717     5.8032    -0.0122    99.4661 1.0000e-12  -73.15302 -113.99874  17.221167      96.68 6.2048e+01    850.838      20421  1029.8139  1029.8106    34.2794    34.2754    8.20562         31 0.0000e+00
    475.000    469.568    -0.7233  28.100677    -0.7210  28.099887     5.4652     5.8072    -0.0113    99.4719 1.0000e-12  -73.15302 -113.99874  17.221189     100.02 6.2607e+01    852.748      20467  1029.8195  1029.8165    34.2795    34.2760    8.20523         40 0.0000e+00
    476.000    470.557    -0.7205  28.103694    -0.7190  28.102550     5.3744     5.7173    -0.0029    99.4425 1.0000e-12  -73.15302 -113.99874  17.221206      99.89 6.1857e+01    854.215      20502  1029.8249  1029.8222    34.2799    34.2767    8.20461         28 0.0000e+00
    477.000    471.544    -0.6688  28.156602    -0.6727  28.148084     5.2859     5.6194    -0.0062    99.4799 1.0000e-12  -73.15302 -113.99874  17.221218      99.90 6.2951e+01    855.237      20527  1029.8355  1029.8302    34.2921    34.2851    8.19269         22 0.0000e+00
    478.000    472.530    -0.5610  28.255660    -0.5595  28.252868     5.2326     5.5633    -0.0077    99.4781 1.0000e-12  -73.15302 -113.99874  17.221228      99.89 6.2619e+01    856.099      20547  1029.8404  1029.8359    34.3030    34.2976    8.16877         21 0.0000e+00
    479.000    473.519    -0.4855  28.327991    -0.4808  28.327613     5.2000     5.5234    -0.0032    99.4675 1.0000e-12  -73.15302 -113.99874  17.221240      99.85 6.3419e+01    857.167      20573  1029.8486  1029.8436    34.3143    34.3085    8.15187         34 0.0000e+00
    480.000    474.505    -0.4464  28.365939    -0.4445  28.363045     5.1801     5.4988     0.0004    99.4413 1.0000e-12  -73.15302 -113.99874  17.221259      98.97 6.3388e+01    858.811      20612  1029.8566  1029.8515    34.3205    34.3144    8.14313         36 0.0000e+00
    481.000    475.494    -0.4282  28.382954    -0.4254  28.382476     5.1685     5.4806     0.0008    99.4437 1.0000e-12  -73.15302 -113.99874  17.221276      98.67 6.3466e+01    860.259      20647  1029.8622  1029.8589    34.3221    34.3182    8.13912         30 0.0000e+00
    482.000    476.480    -0.4095  28.401829    -0.4064  28.401333     5.1618     5.4723    -0.0028    99.3924 1.0000e-12  -73.15302 -113.99874  17.221289      97.75 6.3464e+01    861.404      20675  1029.8690  1029.8655    34.3256    34.3215    8.13491         27 0.0000e+00
    483.000    477.469    -0.3948  28.416056    -0.3928  28.414371     5.1410     5.4569    -0.0058    99.4446 1.0000e-12  -73.15302 -113.99876  17.221305      96.70 6.3464e+01    862.709      20706  1029.8750  1029.8713    34.3275    34.3230    8.13167         35 0.0000e+00
    484.000    478.455    -0.3596  28.451350    -0.3591  28.447093     5.1144     5.4244    -0.0069    99.4252 1.0000e-12  -73.15302 -113.99876  17.221324      95.52 6.3464e+01    864.374      20746  1029.8833  1029.8782    34.3345    34.3282    8.12375         37 0.0000e+00
    485.000    479.443    -0.3302  28.479776    -0.3292  28.476822     5.1053     5.4133     0.0059    99.4327 1.0000e-12  -73.15302 -113.99876  17.221340      94.54 6.3464e+01    865.768      20779  1029.8897  1029.8856    34.3387    34.3337    8.11723         29 0.0000e+00
    486.000    480.431    -0.3231  28.486520    -0.3203  28.486258     5.0998     5.4020    -0.0058    99.4198 1.0000e-12  -73.15302 -113.99876  17.221353      93.65 6.3936e+01    866.862      20806  1029.8949  1029.8918    34.3391    34.3356    8.11570         23 0.0000e+00
    487.000    481.417    -0.3172  28.492936    -0.3179  28.488894     5.0998     5.3964    -0.0077    99.4216 1.0000e-12  -73.15302 -113.99876  17.221364      92.75 6.5007e+01    867.813      20829  1029.9006  1029.8971    34.3404    34.3359    8.11436         24 0.0000e+00
    488.000    482.406    -0.3059  28.504140    -0.3036  28.502891     5.0927     5.3937    -0.0023    99.3850 1.0000e-12  -73.15302 -113.99876  17.221377      91.57 6.3521e+01    868.976      20856  1029.9062  1029.9026    34.3420    34.3378    8.11185         34 0.0000e+00
    489.000    483.393    -0.3013  28.508733    -0.2994  28.507518     5.0911     5.3901     0.0066    99.4051 1.0000e-12  -73.15302 -113.99876  17.221395      90.58 6.3975e+01    870.515      20893  1029.9116  1029.9084    34.3425    34.3387    8.11087         35 0.0000e+00
    490.000    484.379    -0.2973  28.512807    -0.2947  28.512230     5.0864     5.3773     0.0045    99.3957 1.0000e-12  -73.15302 -113.99876  17.221411      89.35 6.4323e+01    871.940      20928  1029.9168  1029.9136    34.3428    34.3391    8.10999         31 0.0000e+00
    491.000    485.369    -0.2868  28.523430    -0.2843  28.522979     5.0774     5.3722     0.0074    99.4084 1.0000e-12  -73.15302 -113.99876  17.221426      88.54 6.3877e+01    873.184      20957  1029.9224  1029.9194    34.3446    34.3411    8.10766         30 0.0000e+00
    492.000    486.354    -0.2770  28.533377    -0.2755  28.531633     5.0800     5.3678     0.0077    99.4017 1.0000e-12  -73.15302 -113.99876  17.221440      87.63 6.3750e+01    874.446      20988  1029.9279  1029.9246    34.3461    34.3422    8.10547         31 0.0000e+00
    493.000    487.343    -0.2758  28.534908    -0.2726  28.534893     5.0696     5.3606     0.0003    99.4011 1.0000e-12  -73.15302 -113.99877  17.221456      86.48 6.4065e+01    875.818      21021  1029.9330  1029.9299    34.3462    34.3427    8.10521         35 0.0000e+00
    494.000    488.329    -0.2698  28.541039    -0.2685  28.538991     5.0580     5.3519     0.0026    99.3981 1.0000e-12  -73.15302 -113.99878  17.221473      85.37 6.3781e+01    877.297      21056  1029.9382  1029.9348    34.3471    34.3429    8.10389         34 0.0000e+00
    495.000    489.317    -0.2650  28.546190    -0.2621  28.545604     5.0408     5.3353    -0.0020    99.3940 1.0000e-12  -73.15301 -113.99878  17.221491      84.56 6.4399e+01    878.822      21093  1029.9435  1029.9401    34.3479    34.3439    8.10281         36 0.0000e+00
    496.000    490.303    -0.2476  28.563553    -0.2451  28.562583     5.0268     5.3135     0.0146    99.3764 1.0000e-12  -73.15300 -113.99876  17.221507      83.48 6.4281e+01    880.169      21125  1029.9493  1029.9459    34.3509    34.3468    8.09895         28 0.0000e+00
    497.000    491.292    -0.2278  28.582864    -0.2248  28.582669     5.0069     5.3019     0.0013    99.3757 1.0000e-12  -73.15300 -113.99876  17.221520      82.32 6.3452e+01    881.329      21153  1029.9549  1029.9517    34.3538    34.3501    8.09459         28 0.0000e+00
    498.000    492.279    -0.2096  28.601115    -0.2084  28.598771     4.9966     5.2869     0.0034    99.3927 1.0000e-12  -73.15300 -113.99878  17.221534      81.38 6.3694e+01    882.562      21182  1029.9608  1029.9572    34.3570    34.3525    8.09054         31 0.0000e+00
    499.000    493.264    -0.1903  28.621616    -0.1880  28.619973     4.9954     5.2847     0.0075    99.3786 1.0000e-12  -73.15300 -113.99878  17.221553      80.38 6.4468e+01    884.209      21222  1029.9683  1029.9644    34.3620    34.3573    8.08617         41 0.0000e+00
    500.000    494.255    -0.1869  28.627303    -0.1844  28.626448     4.9777     5.2787     0.0015    99.3370 1.0000e-12  -73.15300 -113.99878  17.221573      79.36 6.3611e+01    885.933      21263  1029.9757  1029.9724    34.3651    34.3612    8.08527         34 0.0000e+00
    501.000    495.240    -0.1677  28.648880    -0.1653  28.647692     4.9327     5.2282     0.0056    99.3501 1.0000e-12  -73.15300 -113.99876  17.221589      78.38 6.3462e+01    887.245      21295  1029.9843  1029.9807    34.3717    34.3674    8.08084         28 0.0000e+00
    502.000    496.229    -0.1315  28.685806    -0.1301  28.683128     4.9000     5.2012     0.0142    99.3751 1.0000e-12  -73.15300 -113.99876  17.221601      77.41 6.3464e+01    888.316      21321  1029.9922  1029.9880    34.3795    34.3743    8.07275         25 0.0000e+00
    503.000    497.215    -0.0904  28.725067    -0.0871  28.724691     4.8863     5.1835     0.0128    99.3886 1.0000e-12  -73.15300 -113.99876  17.221614      76.51 6.3464e+01    889.419      21347  1029.9978  1029.9943    34.3847    34.3806    8.06376         29 0.0000e+00
    504.000    498.202    -0.0710  28.744495    -0.0698  28.741493     4.8528     5.1449     0.0042    99.3744 1.0000e-12  -73.15300 -113.99878  17.221634      75.17 6.3464e+01    891.143      21388  1030.0042  1029.9999    34.3881    34.3828    8.05948         40 0.0000e+00
    505.000    499.189    -0.0353  28.779580    -0.0323  28.778636     4.8163     5.1046     0.0014    99.3901 1.0000e-12  -73.15300 -113.99876  17.221657      74.33 6.3464e+01    893.181      21437  1030.0112  1030.0072    34.3939    34.3893    8.05164         32 0.0000e+00
    506.000    500.178    -0.0107  28.804692    -0.0082  28.803661     4.8158     5.0969    -0.0034    99.4053 1.0000e-12  -73.15300 -113.99876  17.221672      73.24 6.3464e+01    894.427      21467  1030.0182  1030.0147    34.3990    34.3949    8.04619         27 0.0000e+00
    507.000    501.165     0.0027  28.820361     0.0053  28.819679     4.8167     5.0932     0.0015    99.3820 1.0000e-12  -73.15300 -113.99876  17.221684      72.34 6.3464e+01    895.500      21493  1030.0263  1030.0230    34.4041    34.4003    8.04309         26 0.0000e+00
    508.000    502.151     0.0068  28.826201     0.0096  28.825636     4.8237     5.0940     0.0000    99.3840 1.0000e-12  -73.15300 -113.99876  17.221699      71.34 6.3079e+01    896.792      21524  1030.0332  1030.0298    34.4067    34.4027    8.04208         36 0.0000e+00
    509.000    503.141     0.0072  28.827105     0.0094  28.825804     4.8233     5.0955    -0.0048    99.1417 1.0000e-12  -73.15300 -113.99876  17.221722      70.09 6.2527e+01    898.790      21572  1030.0386  1030.0351    34.4068    34.4026    8.04199         37 0.0000e+00
    510.000    504.126     0.0083  28.828583     0.0106  28.827680     4.8216     5.0954     0.0069    99.2951 1.0000e-12  -73.15300 -113.99876  17.221741      69.13 6.2021e+01    900.429      21611  1030.0437  1030.0406    34.4069    34.4031    8.04174         32 0.0000e+00
    511.000    505.113     0.0110  28.832006     0.0133  28.831223     4.8159     5.0870     0.0070    99.4471 1.0000e-12  -73.15300 -113.99876  17.221755      68.22 6.2492e+01    901.669      21641  1030.0492  1030.0462    34.4078    34.4042    8.04113         29 0.0000e+00
    512.000    506.101     0.0179  28.839373     0.0254  28.843862     4.8084     5.0843    -0.0008    99.4576 1.0000e-12  -73.15300 -113.99876  17.221770      67.19 6.2088e+01    902.917      21671  1030.0547  1030.0521    34.4092    34.4068    8.03960         33 0.0000e+00
    513.000    507.088     0.0291  28.851264     0.0319  28.850610     4.8038     5.0850     0.0081    99.4532 1.0000e-12  -73.15300 -113.99876  17.221789      66.19 6.1799e+01    904.596      21711  1030.0607  1030.0574    34.4118    34.4079    8.03711         43 0.0000e+00
    514.000    508.076     0.0378  28.861472     0.0402  28.859761     4.7867     5.0682     0.0025    99.4683 1.0000e-12  -73.15300 -113.99876  17.221812      65.15 6.1698e+01    906.588      21759  1030.0675  1030.0634    34.4150    34.4100    8.03511         42 0.0000e+00
    515.000    509.063     0.0620  28.887492     0.0648  28.886626     4.7836     5.0622     0.0067    99.4222 1.0000e-12  -73.15300 -113.99876  17.221834      64.28 6.1649e+01    908.439      21804  1030.0756  1030.0720    34.4216    34.4173    8.02967         36 0.0000e+00
    516.000    510.050     0.0688  28.895053     0.0713  28.894553     4.7840     5.0592     0.0060    99.4757 1.0000e-12  -73.15300 -113.99876  17.221851      63.10 6.1162e+01    909.932      21839  1030.0814  1030.0785    34.4233    34.4200    8.02814         33 0.0000e+00
    517.000    511.038     0.0681  28.894687     0.0713  28.894836     4.7850     5.0617     0.0019    99.4630 1.0000e-12  -73.15300 -113.99876  17.221869      62.15 6.0781e+01    911.523      21878  1030.0862  1030.0833    34.4230    34.4197    8.02830         33 0.0000e+00
    518.000    512.024     0.0693  28.896961     0.0730  28.897674     4.7828     5.0560    -0.0028    99.4410 1.0000e-12  -73.15300 -113.99876  17.221907      61.07 6.0412e+01    914.784      21956  1030.0921  1030.0892    34.4242    34.4209    8.02799         31 0.0000e+00
    519.000    513.011     0.0792  28.909677     0.0820  28.909534     4.7796     5.0592     0.0061    99.4539 1.0000e-12  -73.15300 -113.99876  17.221924      60.10 6.0189e+01    916.275      21992  1030.1001  1030.0972    34.4292    34.4259    8.02563         28 0.0000e+00
    520.000    513.999     0.0819  28.913760     0.0845  28.913255     4.7875     5.0606     0.0010    99.4722 1.0000e-12  -73.15300 -113.99875  17.221939      59.11 5.9944e+01    917.573      22023  1030.1061  1030.1031    34.4310    34.4274    8.02497         36 0.0000e+00
    521.000    514.987     0.0830  28.916725     0.0854  28.915652     4.7954     5.0679    -0.0013    99.4565 1.0000e-12  -73.15300 -113.99876  17.221974      58.06 5.9938e+01    920.565      22095  1030.1126  1030.1092    34.4331    34.4290    8.02463         34 0.0000e+00
    522.000    515.973     0.0844  28.922678     0.0871  28.922089     4.8033     5.0769     0.0047    99.4577 1.0000e-12  -73.15300 -113.99875  17.221999      57.12 5.9938e+01    922.676      22145  1030.1219  1030.1188    34.4387    34.4350    8.02400         37 0.0000e+00
