ocean_section_plots/required_files/ctd/dnbp2202_ctd096.cnv
* Sea-Bird SBE 9 Data File:
* FileName = D:\Data\raw\NBP2202_CTD096.hex
* Software Version Seasave V 7.26.7.121
* Temperature SN = 1649
* Conductivity SN = 2513
* Number of Bytes Per Scan = 40
* Number of Voltage Words = 5
* Number of Scans Averaged by the Deck Unit = 1
* NMEA Latitude = 74 10.51 S
* NMEA Longitude = 113 20.67 W
* NMEA UTC (Time) = Jan 27 2022  00:30:53
* NMEA baud rate = 9600
** Ship: RVIB N.B. Palmer
** Cruise: NBP2202 Thwaites
** Station: YoYo001
** Operator: A. Robinson
# nquan = 25
# nvalues = 608                         
# units = specified
# name 0 = prDM: Pressure, Digiquartz [db]
# name 1 = depSM: Depth [salt water, m]
# name 2 = t090C: Temperature [ITS-90, deg C]
# name 3 = c0mS/cm: Conductivity [mS/cm]
# name 4 = t190C: Temperature, 2 [ITS-90, deg C]
# name 5 = c1mS/cm: Conductivity, 2 [mS/cm]
# name 6 = sbeox0ML/L: Oxygen, SBE 43 [ml/l]
# name 7 = sbeox1ML/L: Oxygen, SBE 43, 2 [ml/l]
# name 8 = flECO-AFL: Fluorescence, WET Labs ECO-AFL/FL [mg/m^3]
# name 9 = CStarTr0: Beam Transmission, WET Labs C-Star [%]
# name 10 = par: PAR/Irradiance, Biospherical/Licor
# name 11 = latitude: Latitude [deg]
# name 12 = longitude: Longitude [deg]
# name 13 = timeJ: Julian Days
# name 14 = altM: Altimeter [m]
# name 15 = spar: SPAR, Biospherical/Licor
# name 16 = timeS: Time, Elapsed [seconds]
# name 17 = scan: Scan Count
# name 18 = density00: Density [density, kg/m^3]
# name 19 = density11: Density, 2 [density, kg/m^3]
# name 20 = sal00: Salinity, Practical [PSU]
# name 21 = sal11: Salinity, Practical, 2 [PSU]
# name 22 = oxsolML/L: Oxygen Saturation, Garcia & Gordon [ml/l]
# name 23 = nbin: number of scans per bin
# name 24 = flag: flag
# span 0 =     10.000,    617.000       
# span 1 =      9.896,    609.706       
# span 2 =    -1.5211,     0.0870       
# span 3 =  26.920193,  28.922539       
# span 4 =    -1.5194,     0.0891       
# span 5 =  26.920589,  28.922354       
# span 6 =     4.6862,     8.1157       
# span 7 =     4.7457,     7.9836       
# span 8 =    -0.0224,    19.9576       
# span 9 =    73.2474,    95.5171       
# span 10 = 1.0000e-12, 5.1978e+01      
# span 11 =  -74.17530,  -74.17528      
# span 12 = -113.34458, -113.34454      
# span 13 =  27.021890,  27.031332      
# span 14 =       4.51,     100.01      
# span 15 = 1.6917e+03, 1.7115e+03      
# span 16 =     38.294,    854.070      
# span 17 =        920,      20499      
# span 18 =  1027.2272,  1030.5222      
# span 19 =  1027.2258,  1030.5201      
# span 20 =    33.7939,    34.3802      
# span 21 =    33.7922,    34.3776      
# span 22 =    8.02676,    8.40913      
# span 23 =         18,         47      
# span 24 = 0.0000e+00, 0.0000e+00      
# interval = decibars: 1                
# start_time = Jan 27 2022 00:30:53 [NMEA time, header]
# bad_flag = -9.990e-29
*END*
[from data line 464]
    474.000    468.557    -0.0923  28.661021    -0.0905  28.660461     4.7495     4.8080    -0.0093    95.0211 1.0000e-12  -74.17530 -113.34456  27.028541      99.86 1.6984e+03    612.957      14712  1029.8114  1029.8091    34.3193    34.3165    8.06788         27 0.0000e+00
    475.000    469.545    -0.0915  28.662469    -0.0891  28.662367     4.7451     4.8084    -0.0085    95.0189 1.0000e-12  -74.17530 -113.34456  27.028554      99.87 1.6982e+03    614.074      14739  1029.8165  1029.8140    34.3197    34.3169    8.06768         26 0.0000e+00
    476.000    470.532    -0.0891  28.665557    -0.0873  28.664857     4.7437     4.8132    -0.0095    94.9954 1.0000e-12  -74.17530 -113.34456  27.028567      99.87 1.6978e+03    615.195      14766  1029.8217  1029.8191    34.3205    34.3175    8.06713         28 0.0000e+00
    477.000    471.521    -0.0886  28.666515    -0.0866  28.666112     4.7424     4.8121    -0.0120    94.9934 1.0000e-12  -74.17530 -113.34456  27.028580      99.86 1.6994e+03    616.334      14793  1029.8264  1029.8241    34.3206    34.3178    8.06701         27 0.0000e+00
    478.000    472.507    -0.0879  28.667691    -0.0856  28.667503     4.7405     4.8009    -0.0093    95.0098 1.0000e-12  -74.17530 -113.34456  27.028593      78.79 1.6994e+03    617.468      14820  1029.8313  1029.8289    34.3208    34.3180    8.06685         27 0.0000e+00
    479.000    473.494    -0.0860  28.670637    -0.0839  28.670433     4.7425     4.8041    -0.0088    95.0183 1.0000e-12  -74.17530 -113.34456  27.028606      87.37 1.6990e+03    618.593      14847  1029.8369  1029.8346    34.3220    34.3193    8.06639         27 0.0000e+00
    480.000    474.482    -0.0859  28.671367    -0.0836  28.671196     4.7400     4.8051    -0.0167    95.0105 1.0000e-12  -74.17530 -113.34456  27.028619      98.23 1.6985e+03    619.723      14874  1029.8418  1029.8395    34.3222    34.3195    8.06635         27 0.0000e+00
    481.000    475.470    -0.0857  28.672014    -0.0835  28.671842     4.7410     4.8037    -0.0126    95.0097 1.0000e-12  -74.17530 -113.34456  27.028632      99.87 1.6981e+03    620.838      14901  1029.8465  1029.8443    34.3222    34.3196    8.06630         27 0.0000e+00
    482.000    476.456    -0.0847  28.674075    -0.0828  28.673287     4.7426     4.8016    -0.0094    95.0200 1.0000e-12  -74.17530 -113.34456  27.028645      99.87 1.6980e+03    621.942      14928  1029.8521  1029.8494    34.3233    34.3201    8.06604         26 0.0000e+00
    483.000    477.444    -0.0841  28.675427    -0.0820  28.675130     4.7441     4.8055    -0.0087    95.0066 1.0000e-12  -74.17530 -113.34456  27.028658      99.86 1.6992e+03    623.057      14954  1029.8572  1029.8548    34.3238    34.3210    8.06588         28 0.0000e+00
    484.000    478.432    -0.0836  28.676751    -0.0815  28.676470     4.7396     4.8031    -0.0038    94.9912 1.0000e-12  -74.17530 -113.34456  27.028671      99.87 1.6989e+03    624.185      14981  1029.8623  1029.8600    34.3244    34.3217    8.06574         26 0.0000e+00
    485.000    479.417    -0.0828  28.678155    -0.0807  28.677817     4.7386     4.8057    -0.0059    94.9918 1.0000e-12  -74.17530 -113.34456  27.028684      99.86 1.6981e+03    625.318      15009  1029.8674  1029.8649    34.3248    34.3220    8.06556         28 0.0000e+00
    486.000    480.407    -0.0812  28.680381    -0.0789  28.680215     4.7407     4.8071    -0.0093    94.9453 1.0000e-12  -74.17530 -113.34456  27.028697      99.86 1.6977e+03    626.447      15036  1029.8724  1029.8700    34.3254    34.3226    8.06518         27 0.0000e+00
    487.000    481.392    -0.0792  28.683222    -0.0769  28.683022     4.7420     4.8062    -0.0091    94.9645 1.0000e-12  -74.17530 -113.34456  27.028710      99.87 1.6977e+03    627.563      15063  1029.8777  1029.8753    34.3263    34.3234    8.06471         26 0.0000e+00
    488.000    482.381    -0.0763  28.686981    -0.0746  28.686023     4.7404     4.8039    -0.0154    94.9629 1.0000e-12  -74.17530 -113.34456  27.028723      99.87 1.6977e+03    628.683      15089  1029.8831  1029.8805    34.3274    34.3243    8.06402         27 0.0000e+00
    489.000    483.368    -0.0767  28.686801    -0.0742  28.686953     4.7398     4.8036    -0.0117    94.9445 1.0000e-12  -74.17530 -113.34456  27.028736      99.86 1.6977e+03    629.811      15116  1029.8876  1029.8854    34.3271    34.3245    8.06414         27 0.0000e+00
    490.000    484.355    -0.0780  28.685688    -0.0765  28.684773     4.7335     4.8041    -0.0092    94.9440 1.0000e-12  -74.17530 -113.34456  27.028749      80.91 1.6977e+03    630.945      15144  1029.8920  1029.8896    34.3265    34.3236    8.06445         28 0.0000e+00
    491.000    485.342    -0.0734  28.691848    -0.0707  28.691938     4.7383     4.8082    -0.0094    94.9456 1.0000e-12  -74.17530 -113.34456  27.028762      90.94 1.6977e+03    632.066      15171  1029.8982  1029.8957    34.3288    34.3259    8.06334         26 0.0000e+00
    492.000    486.330    -0.0690  28.697610    -0.0667  28.697582     4.7366     4.8115    -0.0085    94.9400 1.0000e-12  -74.17530 -113.34456  27.028775     100.01 1.6977e+03    633.183      15197  1029.9043  1029.9020    34.3310    34.3283    8.06230         27 0.0000e+00
    493.000    487.317    -0.0687  28.698358    -0.0661  28.698743     4.7406     4.8069    -0.0023    94.9391 1.0000e-12  -74.17530 -113.34456  27.028788      99.86 1.6979e+03    634.299      15224  1029.9091  1029.9069    34.3310    34.3286    8.06223         27 0.0000e+00
    494.000    488.304    -0.0670  28.700897    -0.0649  28.700626     4.7375     4.8073    -0.0074    94.9258 1.0000e-12  -74.17530 -113.34456  27.028801      99.87 1.6976e+03    635.415      15251  1029.9144  1029.9120    34.3319    34.3292    8.06182         27 0.0000e+00
    495.000    489.292    -0.0670  28.701316    -0.0649  28.700903     4.7381     4.7986    -0.0088    94.9353 1.0000e-12  -74.17530 -113.34455  27.028814      99.86 1.6968e+03    636.544      15278  1029.9191  1029.9167    34.3319    34.3290    8.06182         27 0.0000e+00
    496.000    490.279    -0.0673  28.701306    -0.0651  28.701140     4.7364     4.8010    -0.0091    94.9439 1.0000e-12  -74.17530 -113.34455  27.028827      99.87 1.6971e+03    637.671      15305  1029.9237  1029.9214    34.3316    34.3289    8.06191         27 0.0000e+00
    497.000    491.267    -0.0668  28.702249    -0.0649  28.701954     4.7329     4.8054    -0.0091    94.9191 1.0000e-12  -74.17530 -113.34455  27.028840      99.86 1.6964e+03    638.792      15332  1029.9285  1029.9263    34.3317    34.3292    8.06179         27 0.0000e+00
    498.000    492.254    -0.0668  28.702828    -0.0649  28.702330     4.7370     4.8061    -0.0091    94.9285 1.0000e-12  -74.17530 -113.34455  27.028853      99.86 1.6970e+03    639.911      15359  1029.9333  1029.9310    34.3318    34.3291    8.06177         27 0.0000e+00
    499.000    493.239    -0.0667  28.703183    -0.0647  28.702861     4.7399     4.8049    -0.0165    94.9498 1.0000e-12  -74.17530 -113.34455  27.028866      99.86 1.6964e+03    641.032      15386  1029.9379  1029.9357    34.3316    34.3290    8.06177         26 0.0000e+00
    500.000    494.230    -0.0661  28.704601    -0.0637  28.704487     4.7391     4.8072    -0.0095    94.9384 1.0000e-12  -74.17530 -113.34454  27.028879      99.87 1.6959e+03    642.153      15413  1029.9431  1029.9407    34.3323    34.3294    8.06161         28 0.0000e+00
    501.000    495.215    -0.0657  28.705392    -0.0634  28.705403     4.7382     4.8091    -0.0085    94.9466 1.0000e-12  -74.17530 -113.34456  27.028892      99.86 1.6959e+03    643.277      15440  1029.9478  1029.9456    34.3323    34.3297    8.06153         27 0.0000e+00
    502.000    496.204    -0.0663  28.705195    -0.0642  28.704957     4.7393     4.8078    -0.0160    94.9439 1.0000e-12  -74.17530 -113.34454  27.028905      85.03 1.6959e+03    644.407      15467  1029.9524  1029.9502    34.3321    34.3294    8.06166         27 0.0000e+00
    503.000    497.189    -0.0654  28.706880    -0.0640  28.705510     4.7403     4.8082    -0.0099    94.9194 1.0000e-12  -74.17530 -113.34455  27.028918      90.45 1.6959e+03    645.529      15494  1029.9575  1029.9548    34.3327    34.3294    8.06143         27 0.0000e+00
    504.000    498.177    -0.0625  28.710467    -0.0624  28.707865     4.7380     4.7987    -0.0165    94.9162 1.0000e-12  -74.17530 -113.34455  27.028931      99.72 1.6959e+03    646.649      15521  1029.9628  1029.9600    34.3336    34.3301    8.06078         27 0.0000e+00
    505.000    499.164    -0.0606  28.713345    -0.0583  28.713101     4.7378     4.8000    -0.0156    94.9453 1.0000e-12  -74.17530 -113.34455  27.028944      99.87 1.6959e+03    647.775      15548  1029.9682  1029.9657    34.3347    34.3318    8.06031         27 0.0000e+00
    506.000    500.151    -0.0584  28.716175    -0.0564  28.715848     4.7384     4.8008    -0.0086    94.9486 1.0000e-12  -74.17530 -113.34455  27.028957      99.86 1.6959e+03    648.902      15575  1029.9734  1029.9710    34.3354    34.3327    8.05981         27 0.0000e+00
    507.000    501.140    -0.0587  28.716246    -0.0565  28.716110     4.7403     4.8038    -0.0082    94.9382 1.0000e-12  -74.17530 -113.34455  27.028970      99.86 1.6959e+03    650.036      15602  1029.9779  1029.9757    34.3352    34.3326    8.05987         27 0.0000e+00
    508.000    502.126    -0.0595  28.715898    -0.0573  28.715679     4.7361     4.8047    -0.0038    94.9513 1.0000e-12  -74.17530 -113.34456  27.028984      99.87 1.6959e+03    651.178      15629  1029.9826  1029.9803    34.3350    34.3323    8.06005         28 0.0000e+00
    509.000    503.113    -0.0571  28.719115    -0.0551  28.718517     4.7375     4.8004     0.0014    94.9402 1.0000e-12  -74.17530 -113.34456  27.028997      99.86 1.6959e+03    652.317      15657  1029.9880  1029.9854    34.3360    34.3330    8.05949         27 0.0000e+00
    510.000    504.101    -0.0534  28.723535    -0.0517  28.722662     4.7336     4.7982    -0.0092    94.9713 1.0000e-12  -74.17530 -113.34456  27.029010      99.86 1.6959e+03    653.451      15684  1029.9933  1029.9907    34.3372    34.3341    8.05866         27 0.0000e+00
    511.000    505.088    -0.0508  28.726982    -0.0489  28.726243     4.7311     4.7961    -0.0094    94.9524 1.0000e-12  -74.17530 -113.34456  27.029023      99.87 1.6959e+03    654.573      15711  1029.9986  1029.9961    34.3382    34.3352    8.05804         26 0.0000e+00
    512.000    506.075    -0.0496  28.728844    -0.0474  28.728490     4.7293     4.7920    -0.0096    94.9592 1.0000e-12  -74.17530 -113.34456  27.029036      99.87 1.6959e+03    655.682      15737  1030.0037  1030.0012    34.3387    34.3359    8.05776         27 0.0000e+00
    513.000    507.062    -0.0474  28.731717    -0.0455  28.730993     4.7317     4.7959    -0.0115    94.9400 1.0000e-12  -74.17530 -113.34456  27.029049      74.67 1.6959e+03    656.793      15764  1030.0089  1030.0063    34.3395    34.3365    8.05726         27 0.0000e+00
    514.000    508.050    -0.0365  28.744680    -0.0341  28.744159     4.7268     4.7904    -0.0134    94.9410 1.0000e-12  -74.17530 -113.34456  27.029061      70.48 1.6958e+03    657.912      15791  1030.0161  1030.0133    34.3438    34.3406    8.05472         27 0.0000e+00
    515.000    509.037    -0.0298  28.752276    -0.0277  28.751903     4.7266     4.7827    -0.0119    94.9427 1.0000e-12  -74.17530 -113.34456  27.029074      92.96 1.6959e+03    659.023      15818  1030.0219  1030.0194    34.3459    34.3430    8.05320         26 0.0000e+00
    516.000    510.024    -0.0278  28.754916    -0.0255  28.754742     4.7251     4.7901    -0.0139    94.9371 1.0000e-12  -74.17530 -113.34456  27.029087      99.88 1.6955e+03    660.132      15844  1030.0271  1030.0247    34.3465    34.3437    8.05274         27 0.0000e+00
    517.000    511.012    -0.0258  28.757544    -0.0236  28.757286     4.7248     4.7917    -0.0099    94.9183 1.0000e-12  -74.17530 -113.34456  27.029100      99.86 1.6949e+03    661.241      15871  1030.0321  1030.0297    34.3471    34.3443    8.05228         27 0.0000e+00
    518.000    511.997    -0.0243  28.759542    -0.0221  28.759323     4.7265     4.7882    -0.0123    94.9095 1.0000e-12  -74.17530 -113.34456  27.029113      99.87 1.6946e+03    662.373      15898  1030.0372  1030.0348    34.3476    34.3448    8.05195         27 0.0000e+00
    519.000    512.985    -0.0218  28.762702    -0.0195  28.762634     4.7212     4.7871    -0.0123    94.9163 1.0000e-12  -74.17530 -113.34456  27.029126      99.86 1.6941e+03    663.510      15925  1030.0424  1030.0400    34.3484    34.3457    8.05138         27 0.0000e+00
    520.000    513.972    -0.0146  28.770887    -0.0123  28.770626     4.7179     4.7810    -0.0056    94.9128 1.0000e-12  -74.17530 -113.34456  27.029139      99.87 1.6941e+03    664.643      15952  1030.0482  1030.0457    34.3505    34.3476    8.04974         28 0.0000e+00
    521.000    514.960    -0.0097  28.776543    -0.0074  28.776380     4.7175     4.7833    -0.0015    94.9058 1.0000e-12  -74.17530 -113.34456  27.029153      99.86 1.6941e+03    665.776      15980  1030.0537  1030.0513    34.3519    34.3491    8.04863         27 0.0000e+00
    522.000    515.948    -0.0062  28.780809    -0.0041  28.780202     4.7171     4.7838    -0.0105    94.8873 1.0000e-12  -74.17530 -113.34456  27.029165      99.59 1.6941e+03    666.890      16006  1030.0591  1030.0565    34.3530    34.3499    8.04783         26 0.0000e+00
    523.000    516.933    -0.0047  28.782810    -0.0026  28.782380     4.7093     4.7761    -0.0120    94.8771 1.0000e-12  -74.17530 -113.34456  27.029178      99.35 1.6941e+03    668.002      16033  1030.0641  1030.0616    34.3534    34.3505    8.04750         27 0.0000e+00
    524.000    517.922    -0.0022  28.786146    -0.0001  28.785579     4.7096     4.7766    -0.0137    94.9057 1.0000e-12  -74.17530 -113.34456  27.029191      98.85 1.6941e+03    669.125      16060  1030.0694  1030.0669    34.3544    34.3514    8.04691         27 0.0000e+00
    525.000    518.909     0.0018  28.790974     0.0041  28.790646     4.7130     4.7808    -0.0109    94.9191 1.0000e-12  -74.17530 -113.34456  27.029204      98.45 1.6941e+03    670.251      16087  1030.0749  1030.0724    34.3557    34.3528    8.04600         27 0.0000e+00
    526.000    519.896     0.0028  28.792386     0.0050  28.792185     4.7156     4.7810    -0.0082    94.9172 1.0000e-12  -74.17530 -113.34456  27.029217      97.68 1.6941e+03    671.379      16114  1030.0797  1030.0774    34.3559    34.3532    8.04577         27 0.0000e+00
    527.000    520.881     0.0042  28.794311     0.0063  28.794062     4.7176     4.7805    -0.0088    94.8866 1.0000e-12  -74.17530 -113.34456  27.029230      96.50 1.6941e+03    672.502      16141  1030.0848  1030.0825    34.3563    34.3536    8.04547         27 0.0000e+00
    528.000    521.870     0.0074  28.798287     0.0098  28.798315     4.7190     4.7802    -0.0085    94.9309 1.0000e-12  -74.17530 -113.34456  27.029243      95.58 1.6941e+03    673.611      16168  1030.0901  1030.0878    34.3574    34.3547    8.04474         27 0.0000e+00
    529.000    522.858     0.0106  28.802565     0.0130  28.802329     4.7139     4.7822    -0.0152    94.9230 1.0000e-12  -74.17530 -113.34456  27.029256      94.41 1.6944e+03    674.732      16195  1030.0958  1030.0932    34.3589    34.3559    8.04398         27 0.0000e+00
    530.000    523.844     0.0123  28.805023     0.0146  28.804799     4.7129     4.7852    -0.0108    94.9050 1.0000e-12  -74.17530 -113.34456  27.029269      93.83 1.6951e+03    675.855      16222  1030.1010  1030.0986    34.3596    34.3568    8.04357         26 0.0000e+00
