ocean_section_plots/required_files/ctd/dnbp2202_ctd265.cnv
* Sea-Bird SBE 9 Data File:
* FileName = D:\Data\raw\NBP2202_CTD265.hex
* Software Version Seasave V 7.26.7.121
* Temperature SN = 1649
* Conductivity SN = 2513
* Number of Bytes Per Scan = 40
* Number of Voltage Words = 5
* Number of Scans Averaged by the Deck Unit = 1
* NMEA Latitude = 73 52.82 S
* NMEA Longitude = 118 43.32 W
* NMEA UTC (Time) = Feb 19 2022  19:07:30
* NMEA baud rate = 9600
** Ship: RVIB N.B. Palmer
** Cruise: NBP2202 Thwaites
** Station: 170
** Operator: A. Robinson
# nquan = 28
# nvalues = 674                         
# units = specified
# name 0 = prDM: Pressure, Digiquartz [db]
# name 1 = depSM: Depth [salt water, m]
# name 2 = t090C: Temperature [ITS-90, deg C]
# name 3 = c0mS/cm: Conductivity [mS/cm]
# name 4 = t190C: Temperature, 2 [ITS-90, deg C]
# name 5 = c1mS/cm: Conductivity, 2 [mS/cm]
# name 6 = sbeox0ML/L: Oxygen, SBE 43 [ml/l]
# name 7 = sbeox1ML/L: Oxygen, SBE 43, 2 [ml/l]
# name 8 = flECO-AFL: Fluorescence, WET Labs ECO-AFL/FL [mg/m^3]
# name 9 = CStarTr0: Beam Transmission, WET Labs C-Star [%]
# name 10 = par: PAR/Irradiance, Biospherical/Licor
# name 11 = latitude: Latitude [deg]
# name 12 = longitude: Longitude [deg]
# name 13 = timeJ: Julian Days
# name 14 = altM: Altimeter [m]
# name 15 = spar: SPAR, Biospherical/Licor
# name 16 = timeS: Time, Elapsed [seconds]
# name 17 = scan: Scan Count
# name 18 = density00: Density [density, kg/m^3]
# name 19 = density11: Density, 2 [density, kg/m^3]
# name 20 = v3: Voltage 3
# name 21 = v4: Voltage 4
# name 22 = v5: Voltage 5
# name 23 = sal00: Salinity, Practical [PSU]
# name 24 = sal11: Salinity, Practical, 2 [PSU]
# name 25 = oxsolML/L: Oxygen Saturation, Garcia & Gordon [ml/l]
# name 26 = nbin: number of scans per bin
# name 27 = flag: flag
# span 0 =      3.000,    676.000       
# span 1 =      2.970,    667.919       
# span 2 =    -1.6937,     0.4752       
# span 3 =  27.009725,  29.389292       
# span 4 =    -1.6941,     0.4798       
# span 5 =  27.006810,  29.391271       
# span 6 =     4.7174,     8.9749       
# span 7 =     4.8460,     9.2467       
# span 8 =    -0.0225,    11.5566       
# span 9 =    87.4238,    98.5241       
# span 10 = -2.386e-06, 1.3580e+02      
# span 11 =  -73.88042,  -73.88040      
# span 12 = -118.72202, -118.72196      
# span 13 =  50.798983,  50.809476      
# span 14 =       0.42,     100.08      
# span 15 = 1.6394e+03, 1.6589e+03      
# span 16 =    182.130,   1088.685      
# span 17 =       4372,      26129      
# span 18 =  1027.1264,  1030.8857      
# span 19 =  1027.1266,  1030.8835      
# span 20 =     4.1481,     4.6738      
# span 21 =     0.0628,     1.8269      
# span 22 =     0.1130,     0.1942      
# span 23 =    33.7546,    34.5243      
# span 24 =    33.7553,    34.5218      
# span 25 =    7.93825,    8.43490      
# span 26 =          2,         48      
# span 27 = 0.0000e+00, 0.0000e+00      
# interval = decibars: 1                
# start_time = Feb 19 2022 19:07:30 [NMEA time, header]
# bad_flag = -9.990e-29
*END*
[from data line 518]
    521.000    514.968    -0.0424  28.772570    -0.0399  28.773029     4.9767     5.1146    -0.0035    98.4446 1.0000e-12  -73.88040 -118.72198  50.806266      99.92 1.6561e+03    811.346      19473  1030.0805  1030.0785     4.6700     0.0696     0.1172    34.3832    34.3810    8.05374         21 0.0000e+00
    522.000    515.953    -0.0400  28.775379    -0.0382  28.775396     4.9876     5.1167    -0.0039    98.4469 1.0000e-12  -73.88040 -118.72198  50.806275      99.93 1.6569e+03    812.196      19494  1030.0855  1030.0838     4.6701     0.0708     0.1156    34.3837    34.3817    8.05321         21 0.0000e+00
    523.000    516.942    -0.0396  28.776293    -0.0374  28.776788     4.9839     5.1123    -0.0069    98.4516 1.0000e-12  -73.88040 -118.72198  50.806286      99.92 1.6571e+03    813.076      19515  1030.0904  1030.0888     4.6703     0.0699     0.1188    34.3838    34.3820    8.05312         22 0.0000e+00
    524.000    517.929    -0.0387  28.777687    -0.0370  28.777189     4.9835     5.1083    -0.0125    98.4506 1.0000e-12  -73.88040 -118.72198  50.806298      99.93 1.6571e+03    814.110      19540  1030.0953  1030.0932     4.6703     0.0705     0.1177    34.3840    34.3815    8.05291         27 0.0000e+00
    525.000    518.917    -0.0364  28.780525    -0.0345  28.780282     4.9791     5.1059    -0.0110    98.4301 1.0000e-12  -73.88040 -118.72198  50.806311      99.92 1.6557e+03    815.295      19568  1030.1005  1030.0984     4.6693     0.0699     0.1183    34.3847    34.3822    8.05240         29 0.0000e+00
    526.000    519.901    -0.0323  28.785561    -0.0303  28.785389     4.9769     5.1132    -0.0127    98.4219 1.0000e-12  -73.88040 -118.72198  50.806324      99.93 1.6553e+03    816.430      19595  1030.1061  1030.1040     4.6689     0.0709     0.1181    34.3861    34.3836    8.05145         26 0.0000e+00
    527.000    520.892    -0.0324  28.785841    -0.0295  28.786837     4.9751     5.1145    -0.0110    98.4237 1.0000e-12  -73.88040 -118.72198  50.806336      99.92 1.6556e+03    817.446      19620  1030.1109  1030.1091     4.6691     0.0699     0.1179    34.3860    34.3841    8.05147         22 0.0000e+00
    528.000    521.877    -0.0301  28.789251    -0.0291  28.788047     4.9770     5.1096    -0.0046    98.4347 1.0000e-12  -73.88040 -118.72198  50.806346      99.87 1.6562e+03    818.336      19641  1030.1165  1030.1143     4.6696     0.0696     0.1170    34.3873    34.3847    8.05091         21 0.0000e+00
    529.000    522.864    -0.0258  28.794222    -0.0229  28.795126     4.9729     5.1134    -0.0123    98.4524 1.0000e-12  -73.88040 -118.72198  50.806357      89.07 1.6569e+03    819.277      19664  1030.1219  1030.1200     4.6704     0.0689     0.1176    34.3885    34.3865    8.04995         25 0.0000e+00
    530.000    523.853    -0.0241  28.796615    -0.0225  28.796266     4.9747     5.1078    -0.0170    98.4344 1.0000e-12  -73.88040 -118.72198  50.806371      95.53 1.6568e+03    820.429      19691  1030.1270  1030.1251     4.6696     0.0699     0.1154    34.3891    34.3869    8.04954         30 0.0000e+00
    531.000    524.839    -0.0203  28.801407    -0.0199  28.799376     4.9715     5.1057    -0.0054    98.4500 1.0000e-12  -73.88040 -118.72198  50.806386      99.97 1.6549e+03    821.765      19723  1030.1327  1030.1302     4.6703     0.0699     0.1173    34.3906    34.3875    8.04866         33 0.0000e+00
    532.000    525.826    -0.0128  28.809657    -0.0106  28.809789     4.9672     5.0979    -0.0110    98.4390 1.0000e-12  -73.88040 -118.72199  50.806401      99.92 1.6552e+03    823.015      19753  1030.1384  1030.1363     4.6698     0.0689     0.1180    34.3926    34.3903    8.04699         27 0.0000e+00
    533.000    526.812    -0.0106  28.812351    -0.0087  28.812286     4.9619     5.0976    -0.0112    98.4371 1.0000e-12  -73.88040 -118.72198  50.806413      99.93 1.6552e+03    824.072      19779  1030.1434  1030.1415     4.6697     0.0707     0.1167    34.3931    34.3909    8.04650         23 0.0000e+00
    534.000    527.801    -0.0063  28.817525    -0.0037  28.818120     4.9600     5.1000    -0.0128    98.4364 1.0000e-12  -73.88041 -118.72199  50.806423      99.92 1.6563e+03    824.944      19800  1030.1489  1030.1470     4.6697     0.0696     0.1183    34.3946    34.3924    8.04551         20 0.0000e+00
    535.000    528.787    -0.0021  28.822201    -0.0007  28.821457     4.9859     5.0999    -0.0186    98.4440 1.0000e-12  -73.88041 -118.72200  50.806432      99.92 1.6570e+03    825.758      19819  1030.1540  1030.1519     4.6700     0.0700     0.1182    34.3954    34.3929    8.04458         20 0.0000e+00
    536.000    529.776    -0.0090  28.814994    -0.0089  28.813486     4.9815     5.1018    -0.0067    98.4431 1.0000e-12  -73.88041 -118.72200  50.806443      99.92 1.6567e+03    826.651      19841  1030.1575  1030.1559     4.6700     0.0699     0.1182    34.3930    34.3909    8.04615         24 0.0000e+00
    537.000    530.761    -0.0124  28.812086    -0.0091  28.813564     4.9542     5.0992    -0.0094    98.4496 1.0000e-12  -73.88041 -118.72200  50.806456      99.92 1.6548e+03    827.781      19868  1030.1622  1030.1604     4.6703     0.0710     0.1163    34.3924    34.3907    8.04691         29 0.0000e+00
    538.000    531.749    -0.0113  28.813486    -0.0082  28.814726     4.9554     5.0930    -0.0040    98.4438 1.0000e-12  -73.88041 -118.72200  50.806470      99.92 1.6547e+03    828.989      19897  1030.1669  1030.1652     4.6700     0.0703     0.1178    34.3925    34.3906    8.04668         27 0.0000e+00
    539.000    532.735    -0.0064  28.819815    -0.0038  28.820384     4.9517     5.0831    -0.0154    98.4582 1.0000e-12  -73.88040 -118.72200  50.806482      99.92 1.6559e+03    830.031      19922  1030.1730  1030.1710     4.6707     0.0681     0.1179    34.3947    34.3926    8.04552         24 0.0000e+00
    540.000    533.723     0.0009  28.827927     0.0042  28.829262     4.9679     5.0762    -0.0073    98.3833 1.0000e-12  -73.88041 -118.72200  50.806492      96.42 1.6560e+03    830.941      19944  1030.1787  1030.1768     4.6672     0.0696     0.1150    34.3967    34.3948    8.04388         20 0.0000e+00
    541.000    534.711     0.0109  28.840011     0.0191  28.846282     4.9447     5.0725    -0.0058    98.4465 1.0000e-12  -73.88041 -118.72200  50.806503      81.84 1.6555e+03    831.823      19965  1030.1858  1030.1843     4.6701     0.0687     0.1192    34.4008    34.3999    8.04154         23 0.0000e+00
    542.000    535.697     0.0330  28.863457     0.0336  28.861923     4.9291     5.0719    -0.0126    98.4480 1.0000e-12  -73.88041 -118.72200  50.806515      94.69 1.6559e+03    832.905      19991  1030.1930  1030.1910     4.6702     0.0696     0.1186    34.4065    34.4038    8.03659         30 0.0000e+00
    543.000    536.683     0.0331  28.864113     0.0365  28.865632     4.9442     5.0698    -0.0096    98.4446 1.0000e-12  -73.88042 -118.72200  50.806530      99.95 1.6556e+03    834.194      20022  1030.1981  1030.1964     4.6700     0.0712     0.1173    34.4067    34.4048    8.03656         30 0.0000e+00
    544.000    537.671     0.0376  28.869597     0.0397  28.869527     4.9430     5.0708    -0.0118    98.4594 1.0000e-12  -73.88042 -118.72200  50.806544      99.92 1.6552e+03    835.391      20050  1030.2038  1030.2018     4.6707     0.0715     0.1170    34.4082    34.4059    8.03552         27 0.0000e+00
    545.000    538.659     0.0450  28.877933     0.0485  28.879198     4.9278     5.0617    -0.0066    98.4547 1.0000e-12  -73.88042 -118.72200  50.806556      99.92 1.6567e+03    836.452      20076  1030.2097  1030.2077     4.6705     0.0696     0.1173    34.4104    34.4082    8.03385         25 0.0000e+00
    546.000    539.645     0.0519  28.885326     0.0540  28.885417     4.9356     5.0671    -0.0040    98.4564 1.0000e-12  -73.88042 -118.72200  50.806568      99.91 1.6560e+03    837.442      20100  1030.2151  1030.2131     4.6706     0.0691     0.1174    34.4119    34.4096    8.03233         22 0.0000e+00
    547.000    540.633     0.0542  28.888221     0.0563  28.888344     4.9255     5.0546    -0.0025    98.4486 1.0000e-12  -73.88042 -118.72200  50.806579      99.92 1.6557e+03    838.405      20123  1030.2202  1030.2183     4.6702     0.0697     0.1179    34.4125    34.4103    8.03182         25 0.0000e+00
    548.000    541.618     0.0587  28.893373     0.0608  28.893436     4.9294     5.0576    -0.0024    98.4497 1.0000e-12  -73.88042 -118.72200  50.806592      99.92 1.6567e+03    839.538      20150  1030.2255  1030.2236     4.6703     0.0707     0.1174    34.4136    34.4114    8.03080         29 0.0000e+00
    549.000    542.607     0.0595  28.894656     0.0629  28.896114     4.9196     5.0606    -0.0027    98.4552 1.0000e-12  -73.88042 -118.72200  50.806606      99.92 1.6556e+03    840.737      20179  1030.2305  1030.2287     4.6705     0.0695     0.1170    34.4139    34.4119    8.03063         28 0.0000e+00
    550.000    543.594     0.0640  28.899541     0.0660  28.899642     4.8990     5.0438    -0.0088    98.4418 1.0000e-12  -73.88042 -118.72200  50.806619      99.92 1.6551e+03    841.847      20205  1030.2356  1030.2338     4.6699     0.0690     0.1184    34.4147    34.4126    8.02963         26 0.0000e+00
    551.000    544.579     0.0819  28.919554     0.0841  28.919222     4.8814     5.0243    -0.0162    98.4675 1.0000e-12  -73.88042 -118.72200  50.806631      99.92 1.6559e+03    842.885      20230  1030.2433  1030.2408     4.6711     0.0698     0.1192    34.4204    34.4175    8.02556         24 0.0000e+00
    552.000    545.569     0.1226  28.963763     0.1291  28.967557     4.8725     5.0089    -0.0096    98.4639 1.0000e-12  -73.88041 -118.72200  50.806643      74.83 1.6567e+03    843.985      20257  1030.2540  1030.2517     4.6710     0.0678     0.1210    34.4325    34.4303    8.01638         29 0.0000e+00
    553.000    546.553     0.1444  28.986620     0.1467  28.987054     4.8785     5.0044    -0.0087    98.4551 1.0000e-12  -73.88042 -118.72200  50.806657      83.74 1.6564e+03    845.192      20286  1030.2611  1030.2594     4.6705     0.0688     0.1162    34.4377    34.4357    8.01155         29 0.0000e+00
    554.000    547.543     0.1509  28.994685     0.1543  28.995959     4.8685     5.0040    -0.0060    98.4645 1.0000e-12  -73.88040 -118.72200  50.806671      98.71 1.6557e+03    846.356      20314  1030.2678  1030.2658     4.6710     0.0725     0.1173    34.4405    34.4384    8.01004         26 0.0000e+00
    555.000    548.528     0.1547  28.999227     0.1567  28.999150     4.8717     5.0002    -0.0018    98.4629 1.0000e-12  -73.88040 -118.72200  50.806683      99.94 1.6552e+03    847.437      20339  1030.2733  1030.2713     4.6709     0.0700     0.1200    34.4416    34.4392    8.00918         25 0.0000e+00
    556.000    549.516     0.1625  29.008193     0.1647  29.008298     4.8654     4.9953    -0.0067    98.4634 1.0000e-12  -73.88040 -118.72200  50.806694      99.92 1.6555e+03    848.386      20362  1030.2795  1030.2775     4.6710     0.0696     0.1166    34.4441    34.4417    8.00741         22 0.0000e+00
    557.000    550.502     0.1641  29.010150     0.1662  29.010340     4.8684     4.9937    -0.0137    98.4772 1.0000e-12  -73.88040 -118.72200  50.806705      99.92 1.6567e+03    849.343      20385  1030.2844  1030.2826     4.6716     0.0696     0.1177    34.4443    34.4422    8.00707         24 0.0000e+00
    558.000    551.490     0.1675  29.014219     0.1698  29.014492     4.8613     4.9981    -0.0189    98.4683 1.0000e-12  -73.88040 -118.72200  50.806718      99.92 1.6571e+03    850.465      20412  1030.2898  1030.2879     4.6712     0.0693     0.1166    34.4452    34.4430    8.00630         29 0.0000e+00
    559.000    552.477     0.1689  29.016101     0.1711  29.016416     4.8620     4.9866    -0.0186    98.4647 1.0000e-12  -73.88041 -118.72200  50.806732      99.91 1.6569e+03    851.679      20441  1030.2949  1030.2931     4.6710     0.0705     0.1184    34.4456    34.4435    8.00600         29 0.0000e+00
    560.000    553.463     0.1702  29.017894     0.1728  29.018617     4.8594     4.9845    -0.0075    98.4611 1.0000e-12  -73.88041 -118.72200  50.806746      99.92 1.6570e+03    852.829      20469  1030.3000  1030.2982     4.6708     0.0707     0.1180    34.4459    34.4439    8.00571         27 0.0000e+00
    561.000    554.450     0.1739  29.022539     0.1764  29.022809     4.8546     4.9934    -0.0021    98.4812 1.0000e-12  -73.88041 -118.72200  50.806759      99.92 1.6557e+03    853.936      20495  1030.3056  1030.3034     4.6718     0.0700     0.1167    34.4473    34.4448    8.00486         26 0.0000e+00
    562.000    555.439     0.1864  29.036300     0.1891  29.036814     4.8532     4.9915    -0.0084    98.4910 1.0000e-12  -73.88041 -118.72200  50.806770      99.91 1.6550e+03    854.971      20520  1030.3120  1030.3099     4.6723     0.0708     0.1167    34.4507    34.4484    8.00205         23 0.0000e+00
    563.000    556.425     0.1909  29.041324     0.1933  29.041686     4.8574     4.9891    -0.0106    98.4876 1.0000e-12  -73.88041 -118.72199  50.806782      99.92 1.6558e+03    855.960      20544  1030.3172  1030.3153     4.6721     0.0700     0.1154    34.4517    34.4495    8.00106         25 0.0000e+00
    564.000    557.411     0.1934  29.044382     0.1957  29.044724     4.8564     4.9837    -0.0134    98.4868 1.0000e-12  -73.88041 -118.72199  50.806794      88.06 1.6571e+03    857.031      20570  1030.3224  1030.3205     4.6721     0.0683     0.1174    34.4524    34.4502    8.00051         27 0.0000e+00
    565.000    558.399     0.1953  29.046802     0.1972  29.046751     4.8500     4.9862    -0.0104    98.4782 1.0000e-12  -73.88040 -118.72198  50.806807      90.73 1.6564e+03    858.163      20597  1030.3275  1030.3256     4.6717     0.0689     0.1164    34.4529    34.4507    8.00010         27 0.0000e+00
    566.000    559.386     0.1957  29.047601     0.1978  29.047828     4.8530     4.9818    -0.0069    98.4846 1.0000e-12  -73.88042 -118.72200  50.806821      99.92 1.6555e+03    859.321      20625  1030.3323  1030.3305     4.6720     0.0705     0.1188    34.4529    34.4508    8.00001         28 0.0000e+00
    567.000    560.372     0.1983  29.050942     0.2006  29.051273     4.8593     4.9780    -0.0107    98.4685 1.0000e-12  -73.88040 -118.72198  50.806834      99.92 1.6548e+03    860.475      20652  1030.3375  1030.3357     4.6712     0.0708     0.1191    34.4537    34.4516    7.99941         27 0.0000e+00
    568.000    561.361     0.1991  29.052157     0.2015  29.052705     4.8434     4.9800    -0.0042    98.4804 1.0000e-12  -73.88040 -118.72198  50.806847      99.92 1.6554e+03    861.579      20679  1030.3424  1030.3406     4.6718     0.0701     0.1198    34.4539    34.4519    7.99924         26 0.0000e+00
    569.000    562.345     0.2019  29.055737     0.2037  29.055459     4.8410     4.9738    -0.0056    98.4702 1.0000e-12  -73.88040 -118.72198  50.806859      99.92 1.6571e+03    862.620      20704  1030.3477  1030.3458     4.6713     0.0698     0.1166    34.4549    34.4525    7.99860         25 0.0000e+00
    570.000    563.334     0.2033  29.057610     0.2055  29.057878     4.8535     4.9752    -0.0063    98.4793 1.0000e-12  -73.88040 -118.72198  50.806871      99.92 1.6568e+03    863.682      20729  1030.3527  1030.3508     4.6717     0.0693     0.1194    34.4552    34.4530    7.99829         26 0.0000e+00
    571.000    564.321     0.2060  29.060885     0.2086  29.061372     4.8359     4.9730    -0.0065    98.4832 1.0000e-12  -73.88040 -118.72198  50.806885      99.92 1.6564e+03    864.866      20758  1030.3578  1030.3558     4.6719     0.0707     0.1180    34.4559    34.4537    7.99769         30 0.0000e+00
