ocean_section_plots/required_files/ctd/dnbp2202_ctd066.cnv
* Sea-Bird SBE 9 Data File:
* FileName = D:\Data\raw\NBP2202_CTD066.hex
* Software Version Seasave V 7.26.7.121
* Temperature SN = 1649
* Conductivity SN = 2513
* Number of Bytes Per Scan = 40
* Number of Voltage Words = 5
* Number of Scans Averaged by the Deck Unit = 1
* NMEA Latitude = 74 09.18 S
* NMEA Longitude = 112 12.70 W
* NMEA UTC (Time) = Jan 25 2022  21:43:09
* NMEA baud rate = 9600
** Ship: RVIB N.B. Palmer
** Cruise: NBP2202 Thwaites
** Station: 47
** Operator: A. Robinson
** N-S Transect Line
# nquan = 25
# nvalues = 921                         
# units = specified
# name 0 = prDM: Pressure, Digiquartz [db]
# name 1 = depSM: Depth [salt water, m]
# name 2 = t090C: Temperature [ITS-90, deg C]
# name 3 = c0mS/cm: Conductivity [mS/cm]
# name 4 = t190C: Temperature, 2 [ITS-90, deg C]
# name 5 = c1mS/cm: Conductivity, 2 [mS/cm]
# name 6 = sbeox0ML/L: Oxygen, SBE 43 [ml/l]
# name 7 = sbeox1ML/L: Oxygen, SBE 43, 2 [ml/l]
# name 8 = flECO-AFL: Fluorescence, WET Labs ECO-AFL/FL [mg/m^3]
# name 9 = CStarTr0: Beam Transmission, WET Labs C-Star [%]
# name 10 = par: PAR/Irradiance, Biospherical/Licor
# name 11 = latitude: Latitude [deg]
# name 12 = longitude: Longitude [deg]
# name 13 = timeJ: Julian Days
# name 14 = altM: Altimeter [m]
# name 15 = spar: SPAR, Biospherical/Licor
# name 16 = timeS: Time, Elapsed [seconds]
# name 17 = scan: Scan Count
# name 18 = density00: Density [density, kg/m^3]
# name 19 = density11: Density, 2 [density, kg/m^3]
# name 20 = sal00: Salinity, Practical [PSU]
# name 21 = sal11: Salinity, Practical, 2 [PSU]
# name 22 = oxsolML/L: Oxygen Saturation, Garcia & Gordon [ml/l]
# name 23 = nbin: number of scans per bin
# name 24 = flag: flag
# span 0 =      2.000,    922.000       
# span 1 =      1.978,    910.430       
# span 2 =    -1.5381,     0.5477       
# span 3 =  27.050783,  29.585898       
# span 4 =    -1.5387,     0.5498       
# span 5 =  27.050544,  29.586380       
# span 6 =     4.5763,     9.1505       
# span 7 =     4.7342,     9.6308       
# span 8 =    -0.0119,    29.4371       
# span 9 =    58.4610,    96.2763       
# span 10 = 1.0000e-12, 2.3001e+02      
# span 11 =  -74.15308,  -74.15306      
# span 12 = -112.21198, -112.21184      
# span 13 =  25.908251,  25.922617      
# span 14 =       4.53,     107.34      
# span 15 = 4.2519e+02, 5.4178e+02      
# span 16 =    283.910,   1525.089      
# span 17 =       6815,      36603      
# span 18 =  1027.1935,  1032.0570      
# span 19 =  1027.1971,  1032.0552      
# span 20 =    33.8242,    34.5596      
# span 21 =    33.8270,    34.5574      
# span 22 =    7.92145,    8.40390      
# span 23 =         24,         50      
# span 24 = 0.0000e+00, 0.0000e+00      
# interval = decibars: 1                
# start_time = Jan 25 2022 21:43:09 [NMEA time, header]
# bad_flag = -9.990e-29
*END*
      2.000      1.978    -0.5829  27.666156    -0.5887  27.664332     9.1200     8.7550    19.6923    67.2146 2.3001e+02  -74.15306 -112.21184  25.908251     107.34 5.1829e+02    283.910       6815  1027.1935  1027.1971    33.8242    33.8282    8.20111         26 0.0000e+00
      3.000      2.969    -0.5884  27.662084    -0.5909  27.662520     9.1278     8.7641    19.1949    67.5274 1.5319e+02  -74.15306 -112.21186  25.908340      72.28 5.1829e+02    291.576       6999  1027.1987  1027.2016    33.8243    33.8277    8.20230         44 0.0000e+00
      4.000      3.959    -0.5874  27.663389    -0.5899  27.663797     9.1332     8.7972    19.1522    67.9044 1.0235e+02  -74.15306 -112.21187  25.908370      91.37 5.1829e+02    294.146       7061  1027.2035  1027.2062    33.8243    33.8276    8.20208         36 0.0000e+00
      5.000      4.948    -0.5869  27.664250    -0.5895  27.664456     9.1386     8.8744    22.8065    67.6631 6.9058e+01  -74.15306 -112.21188  25.908397     100.28 5.1829e+02    296.536       7118  1027.2082  1027.2109    33.8243    33.8275    8.20198         38 0.0000e+00
      6.000      5.938    -0.5873  27.664340    -0.5899  27.664547     9.1317     8.9616    25.1351    68.6858 4.7838e+01  -74.15306 -112.21188  25.908425      99.98 5.1829e+02    298.907       7175  1027.2130  1027.2157    33.8242    33.8275    8.20206         44 0.0000e+00
      7.000      6.927    -0.5872  27.665033    -0.5896  27.665281     9.1278     9.0476    26.2513    68.8755 3.3912e+01  -74.15306 -112.21188  25.908452      99.97 5.1941e+02    301.271       7232  1027.2179  1027.2204    33.8244    33.8274    8.20203         39 0.0000e+00
      8.000      7.917    -0.5854  27.667132    -0.5882  27.667072     9.1221     9.1645    27.6236    67.9189 2.3631e+01  -74.15306 -112.21190  25.908478      99.97 5.1845e+02    303.522       7286  1027.2228  1027.2254    33.8246    33.8277    8.20163         50 0.0000e+00
      9.000      8.906    -0.5862  27.666872    -0.5886  27.667283     9.1243     9.2524    27.7492    67.9542 1.7401e+01  -74.15306 -112.21190  25.908505      75.98 5.1999e+02    305.804       7340  1027.2275  1027.2302    33.8245    33.8278    8.20180         36 0.0000e+00
     10.000      9.896    -0.5864  27.667235    -0.5893  27.667071     9.1132     9.3919    28.3267    67.8651 1.2208e+01  -74.15306 -112.21190  25.908531      97.62 5.1961e+02    308.036       7394  1027.2324  1027.2350    33.8246    33.8277    8.20184         42 0.0000e+00
     11.000     10.886    -0.5870  27.667147    -0.5896  27.667184     9.1148     9.4558    27.6089    68.0682 8.9826e+00  -74.15306 -112.21190  25.908555     100.03 5.1974e+02    310.157       7445  1027.2372  1027.2397    33.8246    33.8276    8.20197         45 0.0000e+00
     12.000     11.875    -0.5902  27.664991    -0.5926  27.665237     9.1148     9.4911    28.1061    68.4619 6.8415e+00  -74.15306 -112.21191  25.908574      99.97 5.2137e+02    311.793       7484  1027.2422  1027.2448    33.8246    33.8277    8.20267         38 0.0000e+00
     13.000     12.867    -0.5912  27.664651    -0.5937  27.664701     9.1117     9.5178    28.5189    67.9554 4.8741e+00  -74.15306 -112.21192  25.908594      99.99 5.2002e+02    313.512       7525  1027.2471  1027.2495    33.8247    33.8275    8.20288         33 0.0000e+00
     14.000     13.855    -0.5908  27.665368    -0.5930  27.665394     9.1144     9.5422    29.0592    66.8226 3.6752e+00  -74.15306 -112.21192  25.908615      99.98 5.2116e+02    315.341       7569  1027.2518  1027.2540    33.8246    33.8272    8.20280         31 0.0000e+00
     15.000     14.844    -0.5902  27.666378    -0.5924  27.666400     9.1102     9.5693    26.4142    67.7318 2.8125e+00  -74.15306 -112.21192  25.908634      99.98 5.2205e+02    317.006       7609  1027.2566  1027.2587    33.8247    33.8272    8.20267         35 0.0000e+00
     16.000     15.833    -0.5905  27.666610    -0.5927  27.666794     9.1204     9.5988    28.0007    66.8510 2.1108e+00  -74.15306 -112.21192  25.908655      99.94 5.2025e+02    318.796       7652  1027.2614  1027.2637    33.8247    33.8274    8.20273         42 0.0000e+00
     17.000     16.824    -0.5911  27.666583    -0.5934  27.666687     9.1182     9.6108    26.2210    66.5130 1.5877e+00  -74.15306 -112.21192  25.908676      99.36 5.2211e+02    320.637       7696  1027.2663  1027.2686    33.8247    33.8275    8.20286         42 0.0000e+00
     18.000     17.813    -0.5907  27.667364    -0.5931  27.667400     9.1137     9.5995    28.2913    66.7306 1.1948e+00  -74.15307 -112.21192  25.908698     100.00 5.2355e+02    322.545       7742  1027.2711  1027.2733    33.8248    33.8275    8.20278         41 0.0000e+00
     19.000     18.802    -0.5904  27.668021    -0.5927  27.668115     9.1187     9.6010    27.9350    67.5663 9.3774e-01  -74.15307 -112.21192  25.908718      99.97 5.2188e+02    324.256       7783  1027.2757  1027.2780    33.8247    33.8274    8.20271         38 0.0000e+00
     20.000     19.791    -0.5903  27.668612    -0.5924  27.668736     9.1203     9.5927    24.9441    67.2888 7.0994e-01  -74.15307 -112.21192  25.908736      99.98 5.2224e+02    325.795       7820  1027.2805  1027.2827    33.8247    33.8273    8.20269         37 0.0000e+00
     21.000     20.782    -0.5904  27.669032    -0.5924  27.669240     9.1214     9.5989    27.1708    66.4160 5.2607e-01  -74.15307 -112.21191  25.908755      99.97 5.2269e+02    327.431       7859  1027.2853  1027.2875    33.8248    33.8273    8.20270         40 0.0000e+00
     22.000     21.772    -0.5904  27.669455    -0.5925  27.669571     9.1200     9.6041    27.3663    67.8451 4.0643e-01  -74.15308 -112.21190  25.908776      99.97 5.2340e+02    329.273       7904  1027.2902  1027.2923    33.8248    33.8273    8.20271         36 0.0000e+00
     23.000     22.760    -0.5905  27.669820    -0.5926  27.669965     9.1220     9.6017    25.1400    68.2166 3.0913e-01  -74.15308 -112.21190  25.908797      99.98 5.2283e+02    331.035       7946  1027.2949  1027.2971    33.8247    33.8273    8.20273         42 0.0000e+00
     24.000     23.751    -0.5907  27.670242    -0.5926  27.670447     9.1214     9.6091    28.8863    67.3203 2.2227e-01  -74.15308 -112.21190  25.908820      99.98 5.2377e+02    333.018       7993  1027.2999  1027.3019    33.8249    33.8274    8.20276         42 0.0000e+00
     25.000     24.739    -0.5909  27.670610    -0.5928  27.670730     9.1121     9.6141    23.7272    67.6688 1.6610e-01  -74.15308 -112.21190  25.908845      99.97 5.2402e+02    335.226       8046  1027.3047  1027.3067    33.8250    33.8273    8.20279         37 0.0000e+00
     26.000     25.729    -0.5911  27.670953    -0.5930  27.671028     9.1138     9.6126    25.8459    67.1428 1.1923e-01  -74.15308 -112.21190  25.908869      99.98 5.2241e+02    337.292       8096  1027.3096  1027.3115    33.8251    33.8273    8.20283         40 0.0000e+00
     27.000     26.720    -0.5911  27.671405    -0.5929  27.671558     9.1119     9.6096    25.8750    67.2192 8.1381e-02  -74.15307 -112.21190  25.908893      99.97 5.2407e+02    339.370       8146  1027.3144  1027.3163    33.8250    33.8273    8.20283         36 0.0000e+00
     28.000     27.706    -0.5910  27.671938    -0.5928  27.672031     9.1109     9.6066    27.4130    66.7830 5.3988e-02  -74.15307 -112.21190  25.908917      99.97 5.2477e+02    341.408       8195  1027.3191  1027.3210    33.8250    33.8273    8.20281         35 0.0000e+00
     29.000     28.697    -0.5909  27.672480    -0.5927  27.672621     9.1138     9.6023    26.1448    68.3922 3.3909e-02  -74.15308 -112.21190  25.908937      99.98 5.2249e+02    343.168       8237  1027.3239  1027.3258    33.8250    33.8273    8.20279         42 0.0000e+00
     30.000     29.687    -0.5907  27.673121    -0.5924  27.673233     9.1145     9.6021    27.5290    68.4326 1.5644e-02  -74.15307 -112.21189  25.908960      99.98 5.2424e+02    345.175       8285  1027.3288  1027.3305    33.8252    33.8272    8.20276         38 0.0000e+00
     31.000     30.676    -0.5906  27.673716    -0.5924  27.673761     9.1153     9.6135    27.2067    67.4758 3.0840e-03  -74.15308 -112.21190  25.908986      99.36 5.2612e+02    347.396       8339  1027.3336  1027.3354    33.8252    33.8273    8.20273         42 0.0000e+00
     32.000     31.666    -0.5899  27.674619    -0.5917  27.674658     9.1178     9.6108    27.6895    68.3762 7.4940e-05  -74.15308 -112.21189  25.909009      99.96 5.2358e+02    349.356       8386  1027.3382  1027.3399    33.8250    33.8271    8.20258         46 0.0000e+00
     33.000     32.656    -0.5906  27.674540    -0.5924  27.674636     9.1106     9.5987    28.0048    67.8545 1.0000e-12  -74.15308 -112.21189  25.909034      99.98 5.2544e+02    351.521       8438  1027.3431  1027.3449    33.8251    33.8272    8.20274         42 0.0000e+00
     34.000     33.645    -0.5910  27.674827    -0.5928  27.674850     9.1228     9.6071    27.2303    67.5513 1.0000e-12  -74.15308 -112.21189  25.909059      99.98 5.2686e+02    353.661       8489  1027.3481  1027.3498    33.8253    33.8274    8.20281         42 0.0000e+00
     35.000     34.634    -0.5909  27.675487    -0.5927  27.675347     9.1255     9.6102    26.7415    67.5998 1.0000e-12  -74.15308 -112.21189  25.909081      99.97 5.2409e+02    355.605       8536  1027.3529  1027.3545    33.8255    33.8273    8.20278         37 0.0000e+00
     36.000     35.624    -0.5906  27.676079    -0.5924  27.676027     9.1174     9.6023    26.7360    68.5173 1.0000e-12  -74.15308 -112.21190  25.909104      99.97 5.2545e+02    357.624       8584  1027.3576  1027.3593    33.8253    33.8272    8.20272         41 0.0000e+00
     37.000     36.614    -0.5912  27.676069    -0.5920  27.676632     9.1018     9.6053    24.4720    68.0055 1.0000e-12  -74.15308 -112.21190  25.909129      99.97 5.2692e+02    359.739       8635  1027.3625  1027.3639    33.8254    33.8270    8.20285         39 0.0000e+00
     38.000     37.603    -0.5923  27.675889    -0.5939  27.675871     9.1087     9.6038    26.4557    67.8500 1.0000e-12  -74.15308 -112.21190  25.909152      99.98 5.2488e+02    361.752       8683  1027.3676  1027.3692    33.8257    33.8275    8.20306         43 0.0000e+00
     39.000     38.594    -0.5919  27.676545    -0.5935  27.676557     9.1084     9.5992    24.5152    66.7865 1.0000e-12  -74.15308 -112.21190  25.909175      99.97 5.2516e+02    363.693       8730  1027.3723  1027.3738    33.8256    33.8274    8.20299         40 0.0000e+00
     40.000     39.583    -0.5920  27.676921    -0.5936  27.676987     9.1146     9.5975    28.0460    69.7177 1.0000e-12  -74.15308 -112.21190  25.909200      99.97 5.2637e+02    365.850       8781  1027.3771  1027.3786    33.8256    33.8274    8.20302         42 0.0000e+00
     41.000     40.571    -0.5923  27.677392    -0.5941  27.677043     9.1168     9.5943    25.6169    68.7588 1.0000e-12  -74.15308 -112.21192  25.909221      99.97 5.2533e+02    367.722       8826  1027.3821  1027.3834    33.8258    33.8274    8.20305         33 0.0000e+00
     42.000     41.560    -0.5928  27.677329    -0.5938  27.677709     9.1130     9.5972    26.6188    69.5270 1.0000e-12  -74.15308 -112.21192  25.909242      99.98 5.2534e+02    369.476       8868  1027.3869  1027.3882    33.8258    33.8274    8.20318         34 0.0000e+00
     43.000     42.550    -0.5965  27.675155    -0.5984  27.674823     9.1182     9.6116    26.5569    68.0610 1.0000e-12  -74.15308 -112.21194  25.909265      99.97 5.2666e+02    371.476       8916  1027.3924  1027.3939    33.8264    33.8281    8.20394         38 0.0000e+00
     44.000     43.541    -0.5972  27.675308    -0.5975  27.675893     9.1200     9.5991    27.0267    68.2051 1.0000e-12  -74.15308 -112.21194  25.909287      99.98 5.2428e+02    373.411       8963  1027.3975  1027.3984    33.8267    33.8279    8.20407         35 0.0000e+00
     45.000     44.529    -0.5975  27.675417    -0.5994  27.674832     9.1255     9.6049    26.7085    68.1425 1.0000e-12  -74.15308 -112.21194  25.909311      99.98 5.2501e+02    375.487       9013  1027.4022  1027.4034    33.8266    33.8280    8.20415         40 0.0000e+00
     46.000     45.519    -0.6108  27.664928    -0.6240  27.655902     9.1456     9.6154    27.2768    67.0601 1.0000e-12  -74.15308 -112.21194  25.909334      99.98 5.2537e+02    377.452       9060  1027.4080  1027.4109    33.8267    33.8294    8.20702         42 0.0000e+00
     47.000     46.508    -0.6494  27.636156    -0.6517  27.635761     9.1505     9.6170    29.2641    68.2389 1.0000e-12  -74.15308 -112.21196  25.909357      99.98 5.2356e+02    379.414       9107  1027.4183  1027.4200    33.8305    33.8325    8.21518         42 0.0000e+00
     48.000     47.499    -0.6581  27.629831    -0.6694  27.622006     9.1484     9.6241    29.4371    67.1178 1.0000e-12  -74.15308 -112.21196  25.909381      99.98 5.2308e+02    381.530       9158  1027.4238  1027.4262    33.8311    33.8332    8.21704         33 0.0000e+00
     49.000     48.487    -0.6918  27.603546    -0.6946  27.603161     9.1468     9.6274    29.4311    65.9102 1.0000e-12  -74.15308 -112.21196  25.909401      99.99 5.2284e+02    383.226       9198  1027.4320  1027.4341    33.8328    33.8353    8.22429         38 0.0000e+00
     50.000     49.477    -0.7060  27.593247    -0.7075  27.593257     9.1422     9.6265    29.4315    65.7264 1.0000e-12  -74.15308 -112.21197  25.909423      99.99 5.2339e+02    385.118       9244  1027.4385  1027.4398    33.8341    33.8359    8.22730         38 0.0000e+00
     51.000     50.466    -0.7187  27.583328    -0.7170  27.586251     9.1452     9.6308    29.4300    64.1225 1.0000e-12  -74.15308 -112.21198  25.909446      99.99 5.2022e+02    387.129       9292  1027.4438  1027.4453    33.8343    33.8364    8.23005         43 0.0000e+00
     52.000     51.456    -0.7388  27.568206    -0.7465  27.563905     9.1405     9.6161    29.4298    64.8289 1.0000e-12  -74.15308 -112.21198  25.909466      99.99 5.2010e+02    388.864       9334  1027.4509  1027.4535    33.8358    33.8386    8.23436         41 0.0000e+00
     53.000     52.444    -0.7542  27.556575    -0.7558  27.556862     9.1351     9.6129    29.4300    63.6464 1.0000e-12  -74.15308 -112.21198  25.909490      99.99 5.2238e+02    390.945       9384  1027.4569  1027.4587    33.8367    33.8389    8.23766         37 0.0000e+00
     54.000     53.434    -0.7850  27.533052    -0.7875  27.532478     9.1337     9.6182    29.4303    62.6775 1.0000e-12  -74.15308 -112.21198  25.909512      99.99 5.1835e+02    392.869       9430  1027.4650  1027.4667    33.8388    33.8408    8.24427         41 0.0000e+00
     55.000     54.424    -0.7990  27.522694    -0.7994  27.523603     9.1298     9.6017    29.4303    61.7963 1.0000e-12  -74.15308 -112.21198  25.909535      99.99 5.1694e+02    394.806       9476  1027.4711  1027.4724    33.8399    33.8416    8.24728         39 0.0000e+00
     56.000     55.414    -0.8014  27.521225    -0.8018  27.522173     9.1325     9.6046    29.4299    61.0405 1.0000e-12  -74.15308 -112.21198  25.909558      99.99 5.1851e+02    396.782       9524  1027.4756  1027.4770    33.8400    33.8416    8.24779         39 0.0000e+00
     57.000     56.403    -0.8059  27.518575    -0.8061  27.519155     9.1257     9.5983    29.4299    60.8700 1.0000e-12  -74.15308 -112.21198  25.909581      99.43 5.1508e+02    398.820       9573  1027.4811  1027.4818    33.8409    33.8418    8.24874         39 0.0000e+00
     58.000     57.391    -0.8007  27.523321    -0.8017  27.523306     9.1335     9.6133    29.4298    61.6636 1.0000e-12  -74.15308 -112.21198  25.909603      99.98 5.1367e+02    400.688       9618  1027.4852  1027.4861    33.8408    33.8419    8.24759         41 0.0000e+00
