ocean_section_plots/required_files/ctd/dnbp2202_ctd234.cnv
* Sea-Bird SBE 9 Data File:
* FileName = D:\Data\raw\NBP2202_CTD234.hex
* Software Version Seasave V 7.26.7.121
* Temperature SN = 1649
* Conductivity SN = 2513
* Number of Bytes Per Scan = 40
* Number of Voltage Words = 5
* Number of Scans Averaged by the Deck Unit = 1
* NMEA Latitude = 73 49.60 S
* NMEA Longitude = 113 57.32 W
* NMEA UTC (Time) = Feb 13 2022  10:57:29
* NMEA baud rate = 9600
** Ship: RVIB N.B. Palmer
** Cruise: NBP2202 Thwaites
** Station: 125
** Operator: B. Bjork
** Repeat station
# nquan = 28
# nvalues = 339                         
# units = specified
# name 0 = prDM: Pressure, Digiquartz [db]
# name 1 = depSM: Depth [salt water, m]
# name 2 = t090C: Temperature [ITS-90, deg C]
# name 3 = c0mS/cm: Conductivity [mS/cm]
# name 4 = t190C: Temperature, 2 [ITS-90, deg C]
# name 5 = c1mS/cm: Conductivity, 2 [mS/cm]
# name 6 = sbeox0ML/L: Oxygen, SBE 43 [ml/l]
# name 7 = sbeox1ML/L: Oxygen, SBE 43, 2 [ml/l]
# name 8 = flECO-AFL: Fluorescence, WET Labs ECO-AFL/FL [mg/m^3]
# name 9 = CStarTr0: Beam Transmission, WET Labs C-Star [%]
# name 10 = par: PAR/Irradiance, Biospherical/Licor
# name 11 = latitude: Latitude [deg]
# name 12 = longitude: Longitude [deg]
# name 13 = timeJ: Julian Days
# name 14 = altM: Altimeter [m]
# name 15 = spar: SPAR, Biospherical/Licor
# name 16 = timeS: Time, Elapsed [seconds]
# name 17 = scan: Scan Count
# name 18 = density00: Density [density, kg/m^3]
# name 19 = density11: Density, 2 [density, kg/m^3]
# name 20 = v3: Voltage 3
# name 21 = v4: Voltage 4
# name 22 = v5: Voltage 5
# name 23 = sal00: Salinity, Practical [PSU]
# name 24 = sal11: Salinity, Practical, 2 [PSU]
# name 25 = oxsolML/L: Oxygen Saturation, Garcia & Gordon [ml/l]
# name 26 = nbin: number of scans per bin
# name 27 = flag: flag
# span 0 =      3.000,    341.000       
# span 1 =      2.970,    337.197       
# span 2 =    -1.2591,    -0.5052       
# span 3 =  27.280438,  28.158792       
# span 4 =    -1.2568,    -0.5034       
# span 5 =  27.280592,  28.158333       
# span 6 =     4.9840,     8.6132       
# span 7 =     5.1284,     8.8961       
# span 8 =     0.1097,    18.2140       
# span 9 =    78.1024,    96.4513       
# span 10 = -2.220e-05, 2.0169e+01      
# span 11 =  -73.82672,  -73.82672      
# span 12 = -113.95541, -113.95534      
# span 13 =  44.460015,  44.465208      
# span 14 =      -1.82,     100.20      
# span 15 = 2.0993e+02, 3.1736e+02      
# span 16 =    296.309,    744.991      
# span 17 =       7112,      17881      
# span 18 =  1027.1611,  1029.1048      
# span 19 =  1027.1597,  1029.1026      
# span 20 =     3.7059,     4.5755      
# span 21 =     0.0815,     2.8548      
# span 22 =     0.1286,     0.2536      
# span 23 =    33.7577,    34.1932      
# span 24 =    33.7560,    34.1905      
# span 25 =    8.16306,    8.34147      
# span 26 =         22,         50      
# span 27 = 0.0000e+00, 0.0000e+00      
# interval = decibars: 1                
# start_time = Feb 13 2022 10:57:29 [NMEA time, header]
# bad_flag = -9.990e-29
*END*
      3.000      2.970    -0.9903  27.280703    -0.9888  27.280785     8.6104     8.4692    15.3202    79.5597 2.0169e+01  -73.82672 -113.95538  44.460015      -1.82 2.0993e+02    296.309       7112  1027.1611  1027.1597     3.7745     2.3052     0.2163    33.7582    33.7566    8.29413         26 0.0000e+00
      4.000      3.960    -0.9904  27.281390    -0.9883  27.281790     8.6037     8.4505    14.7866    79.7316 1.3862e+01  -73.82672 -113.95538  44.460095      21.63 2.1275e+02    303.204       7278  1027.1661  1027.1646     3.7826     2.6976     0.2123    33.7586    33.7568    8.29412         29 0.0000e+00
      5.000      4.949    -0.9894  27.282619    -0.9885  27.282184     8.6011     8.4671    15.1172    80.1075 9.5123e+00  -73.82672 -113.95538  44.460132       1.79 2.1520e+02    306.373       7354  1027.1708  1027.1695     3.8004     2.5348     0.2259    33.7585    33.7569    8.29390         39 0.0000e+00
      6.000      5.936    -0.9921  27.280807    -0.9908  27.280728     8.6002     8.5162    14.0655    80.4376 6.7935e+00  -73.82672 -113.95538  44.460167       1.76 2.1985e+02    309.410       7427  1027.1757  1027.1744     3.8162     2.7999     0.2165    33.7585    33.7569    8.29450         38 0.0000e+00
      7.000      6.927    -0.9881  27.284883    -0.9870  27.284351     8.6075     8.5766    15.0896    80.2108 4.9173e+00  -73.82672 -113.95538  44.460193      24.15 2.2144e+02    311.641       7480  1027.1806  1027.1790     3.8055     2.6159     0.2097    33.7589    33.7570    8.29359         40 0.0000e+00
      8.000      7.917    -0.9839  27.289003    -0.9834  27.287784     8.6132     8.6413    15.9303    79.7482 3.6529e+00  -73.82672 -113.95538  44.460222      93.36 2.2502e+02    314.151       7541  1027.1854  1027.1836     3.7835     2.6094     0.2186    33.7592    33.7570    8.29264         50 0.0000e+00
      9.000      8.907    -0.9894  27.283825    -0.9879  27.283825     8.6080     8.7385    18.2140    79.4569 2.7275e+00  -73.82672 -113.95538  44.460252      86.94 2.2733e+02    316.780       7604  1027.1893  1027.1880     3.7696     2.4180     0.2154    33.7577    33.7560    8.29395         35 0.0000e+00
     10.000      9.897    -0.9925  27.282047    -0.9925  27.281146     8.6070     8.7959    14.5419    79.2720 2.0839e+00  -73.82672 -113.95538  44.460277      99.79 2.2917e+02    318.951       7656  1027.1947  1027.1937     3.7608     2.5140     0.2243    33.7581    33.7569    8.29460         39 0.0000e+00
     11.000     10.886    -0.9954  27.280689    -0.9940  27.280592     8.6052     8.8363    14.9206    79.8677 1.5928e+00  -73.82672 -113.95538  44.460300      99.74 2.3080e+02    320.893       7702  1027.2003  1027.1989     3.7891     2.5023     0.2050    33.7590    33.7572    8.29521         42 0.0000e+00
     12.000     11.876    -0.9955  27.280438    -0.9934  27.281883     8.6103     8.8539    15.4245    81.1620 1.2129e+00  -73.82672 -113.95538  44.460321      99.79 2.3441e+02    322.762       7747  1027.2035  1027.2040     3.8502     2.5185     0.1962    33.7581    33.7577    8.29528         39 0.0000e+00
     13.000     12.864    -0.9942  27.283053    -0.9924  27.283466     8.5961     8.8630    15.4044    79.7666 9.3779e-01  -73.82672 -113.95538  44.460343      99.77 2.3466e+02    324.639       7792  1027.2104  1027.2091     3.7845     2.4972     0.2219    33.7596    33.7581    8.29491         37 0.0000e+00
     14.000     13.855    -0.9943  27.283134    -0.9925  27.283383     8.6024     8.8657    14.5701    79.1978 7.0994e-01  -73.82672 -113.95538  44.460365      99.49 2.3618e+02    326.533       7838  1027.2147  1027.2133     3.7578     2.1679     0.2119    33.7591    33.7575    8.29494         42 0.0000e+00
     15.000     14.845    -0.9940  27.283886    -0.9926  27.283795     8.6010     8.8719    14.1540    79.4502 5.3323e-01  -73.82672 -113.95538  44.460387      99.83 2.4229e+02    328.479       7884  1027.2196  1027.2182     3.7694     2.6901     0.2098    33.7592    33.7576    8.29488         39 0.0000e+00
     16.000     15.834    -0.9949  27.283738    -0.9934  27.283717     8.6029     8.8746    13.5717    80.1094 4.0278e-01  -73.82672 -113.95538  44.460410      96.45 2.4356e+02    330.429       7931  1027.2246  1027.2232     3.8007     2.6304     0.1863    33.7594    33.7577    8.29506         41 0.0000e+00
     17.000     16.824    -0.9939  27.285818    -0.9923  27.285923     8.5940     8.8758    16.1855    79.4240 2.9307e-01  -73.82672 -113.95538  44.460432      99.58 2.4762e+02    332.332       7977  1027.2302  1027.2288     3.7683     2.1940     0.2191    33.7605    33.7588    8.29478         37 0.0000e+00
     18.000     17.814    -0.9935  27.286694    -0.9920  27.286667     8.5921     8.8742    15.7862    79.6492 2.2061e-01  -73.82672 -113.95538  44.460455      99.67 2.5083e+02    334.317       8025  1027.2351  1027.2337     3.7793     2.3643     0.2016    33.7606    33.7589    8.29468         39 0.0000e+00
     19.000     18.803    -0.9940  27.286523    -0.9925  27.286511     8.6017     8.8733    15.2141    80.5910 1.6548e-01  -73.82672 -113.95538  44.460477      99.64 2.5216e+02    336.225       8070  1027.2397  1027.2383     3.8235     2.3492     0.2129    33.7604    33.7587    8.29482         46 0.0000e+00
     20.000     19.792    -0.9947  27.286012    -0.9931  27.286167     8.6036     8.8690    15.1654    79.4591 1.1807e-01  -73.82672 -113.95538  44.460499      99.74 2.5602e+02    338.129       8116  1027.2441  1027.2427     3.7698     2.4861     0.2039    33.7598    33.7582    8.29500         43 0.0000e+00
     21.000     20.781    -0.9950  27.285983    -0.9929  27.286734     8.6015     8.8776    14.0629    78.7954 8.3938e-02  -73.82672 -113.95538  44.460521      99.79 2.5661e+02    340.040       8162  1027.2487  1027.2475     3.7384     2.5692     0.2318    33.7595    33.7582    8.29509         41 0.0000e+00
     22.000     21.772    -0.9948  27.286730    -0.9932  27.286896     8.5908     8.8802    14.3552    79.0622 5.6771e-02  -73.82672 -113.95538  44.460543      99.54 2.5860e+02    341.894       8206  1027.2536  1027.2522     3.7509     2.1370     0.2059    33.7597    33.7580    8.29504         35 0.0000e+00
     23.000     22.760    -0.9946  27.287482    -0.9936  27.286843     8.5900     8.8878    15.0227    79.9802 3.4317e-02  -73.82672 -113.95538  44.460565      97.45 2.6074e+02    343.814       8253  1027.2585  1027.2568     3.7944     2.4286     0.2005    33.7598    33.7578    8.29497         37 0.0000e+00
     24.000     23.751    -0.9949  27.287662    -0.9935  27.287283     8.5979     8.8961    13.9394    79.3992 1.5482e-02  -73.82672 -113.95538  44.460587      99.71 2.5949e+02    345.688       8298  1027.2633  1027.2616     3.7669     2.6866     0.1978    33.7598    33.7577    8.29504         41 0.0000e+00
     25.000     24.740    -0.9940  27.289474    -0.9925  27.289428     8.5951     8.8920    13.6107    78.8280 1.7387e-03  -73.82672 -113.95538  44.460609      99.72 2.6359e+02    347.664       8345  1027.2687  1027.2673     3.7397     2.6951     0.1910    33.7607    33.7589    8.29480         46 0.0000e+00
     26.000     25.729    -0.9934  27.290538    -0.9917  27.291023     8.5965     8.8903    14.0490    80.2575 -2.220e-05  -73.82672 -113.95538  44.460632      99.61 2.6432e+02    349.563       8391  1027.2736  1027.2725     3.8076     2.1012     0.2103    33.7608    33.7595    8.29466         43 0.0000e+00
     27.000     26.721    -0.9933  27.291192    -0.9923  27.290616     8.5951     8.8952    14.5689    79.2619 1.0000e-12  -73.82672 -113.95538  44.460653      99.57 2.6393e+02    351.412       8435  1027.2786  1027.2769     3.7604     2.2398     0.1972    33.7610    33.7590    8.29463         32 0.0000e+00
     28.000     27.708    -0.9938  27.291183    -0.9923  27.291005     8.5947     8.8944    14.2675    80.1225 1.0000e-12  -73.82672 -113.95538  44.460676      99.86 2.6630e+02    353.419       8483  1027.2833  1027.2817     3.8008     2.6617     0.2385    33.7608    33.7589    8.29473         40 0.0000e+00
     29.000     28.698    -0.9934  27.292016    -0.9920  27.291953     8.5940     8.8908    14.5166    78.9918 1.0000e-12  -73.82672 -113.95538  44.460698      92.66 2.6854e+02    355.327       8529  1027.2881  1027.2867     3.7476     2.3904     0.2160    33.7609    33.7592    8.29465         40 0.0000e+00
     30.000     29.688    -0.9936  27.292384    -0.9919  27.292575     8.5954     8.8893    13.0500    80.0774 1.0000e-12  -73.82672 -113.95538  44.460721      99.75 2.7013e+02    357.282       8576  1027.2930  1027.2916     3.7995     2.5024     0.2068    33.7610    33.7594    8.29468         38 0.0000e+00
     31.000     30.677    -0.9938  27.292535    -0.9923  27.292520     8.5902     8.8901    14.2888    79.9460 1.0000e-12  -73.82672 -113.95538  44.460743      99.57 2.7150e+02    359.176       8621  1027.2977  1027.2963     3.7929     2.2532     0.2113    33.7609    33.7591    8.29475         42 0.0000e+00
     32.000     31.667    -0.9933  27.293532    -0.9919  27.293446     8.5743     8.8921    13.3755    79.3322 1.0000e-12  -73.82672 -113.95538  44.460762      99.47 2.7148e+02    360.797       8660  1027.3026  1027.3012     3.7647     2.0456     0.1960    33.7610    33.7593    8.29462         35 0.0000e+00
     33.000     32.656    -0.9861  27.302333    -0.9858  27.300988     8.5668     8.8835    12.9292    80.4820 1.0000e-12  -73.82672 -113.95538  44.460778      99.39 2.7148e+02    362.244       8695  1027.3097  1027.3079     3.8173     1.9563     0.1921    33.7643    33.7622    8.29284         33 0.0000e+00
     34.000     33.647    -0.9857  27.303416    -0.9868  27.300226     8.5712     8.8826    14.4584    78.7547 1.0000e-12  -73.82672 -113.95538  44.460795      99.52 2.7323e+02    363.696       8730  1027.3147  1027.3124     3.7364     2.1115     0.1906    33.7647    33.7616    8.29272         35 0.0000e+00
     35.000     34.635    -0.9832  27.306517    -0.9824  27.305687     8.5763     8.8796    15.1060    79.2013 1.0000e-12  -73.82672 -113.95538  44.460812      99.69 2.7275e+02    365.125       8764  1027.3201  1027.3184     3.7575     2.4272     0.1918    33.7655    33.7635    8.29213         32 0.0000e+00
     36.000     35.625    -0.9871  27.302552    -0.9857  27.302390     8.5664     8.8810    15.0458    79.6813 1.0000e-12  -73.82672 -113.95538  44.460828      99.47 2.6998e+02    366.518       8797  1027.3239  1027.3223     3.7803     2.1111     0.2256    33.7639    33.7621    8.29309         34 0.0000e+00
     37.000     36.615    -0.9861  27.304518    -0.9856  27.303159     8.5653     8.8734    13.7397    78.6253 1.0000e-12  -73.82672 -113.95538  44.460844      99.68 2.7132e+02    367.915       8831  1027.3293  1027.3274     3.7302     2.4164     0.1988    33.7648    33.7624    8.29281         33 0.0000e+00
     38.000     37.604    -0.9845  27.306685    -0.9847  27.304757     8.5692     8.8795    14.9323    78.5317 1.0000e-12  -73.82672 -113.95538  44.460860      97.19 2.7195e+02    369.312       8864  1027.3345  1027.3326     3.7259     2.2098     0.1900    33.7654    33.7629    8.29243         34 0.0000e+00
     39.000     38.592    -0.9850  27.306367    -0.9843  27.305661     8.5662     8.8810    14.2345    79.8440 1.0000e-12  -73.82672 -113.95538  44.460877      99.47 2.7002e+02    370.735       8899  1027.3389  1027.3374     3.7879     2.1427     0.2167    33.7649    33.7630    8.29257         34 0.0000e+00
     40.000     39.583    -0.9839  27.308065    -0.9832  27.307193     8.5631     8.8697    14.7021    79.9913 1.0000e-12  -73.82672 -113.95538  44.460893      99.72 2.7086e+02    372.139       8932  1027.3441  1027.3424     3.7950     2.4995     0.1993    33.7653    33.7633    8.29230         31 0.0000e+00
     41.000     40.572    -0.9824  27.310307    -0.9816  27.309618     8.5637     8.8767    13.3146    78.8396 1.0000e-12  -73.82672 -113.95538  44.460909      99.70 2.7168e+02    373.515       8965  1027.3494  1027.3478     3.7404     2.4073     0.2053    33.7661    33.7642    8.29192         34 0.0000e+00
     42.000     41.559    -0.9825  27.310825    -0.9804  27.311399     8.5605     8.8786    16.0256    78.5778 1.0000e-12  -73.82672 -113.95538  44.460925      99.67 2.7067e+02    374.913       8999  1027.3543  1027.3530     3.7280     2.5387     0.1872    33.7662    33.7647    8.29193         34 0.0000e+00
     43.000     42.553    -0.9817  27.312076    -0.9802  27.312077     8.5564     8.8729    14.6857    78.2191 1.0000e-12  -73.82672 -113.95538  44.460941      99.58 2.7121e+02    376.333       9033  1027.3592  1027.3578     3.7110     2.2213     0.1936    33.7664    33.7648    8.29174         34 0.0000e+00
     44.000     43.541    -0.9818  27.312451    -0.9805  27.312269     8.5555     8.8665    14.5044    79.8367 1.0000e-12  -73.82672 -113.95538  44.460958      99.74 2.7195e+02    377.770       9067  1027.3641  1027.3626     3.7877     2.5433     0.2184    33.7665    33.7647    8.29177         34 0.0000e+00
     45.000     44.529    -0.9794  27.315623    -0.9780  27.315451     8.5499     8.8640    15.3148    79.4638 1.0000e-12  -73.82672 -113.95539  44.460974      99.40 2.7148e+02    379.178       9101  1027.3695  1027.3680     3.7700     1.9480     0.1777    33.7674    33.7656    8.29117         33 0.0000e+00
     46.000     45.521    -0.9792  27.316213    -0.9777  27.316225     8.5497     8.8607    14.6455    79.7733 1.0000e-12  -73.82672 -113.95539  44.460990      99.56 2.7176e+02    380.559       9134  1027.3743  1027.3729     3.7847     2.1771     0.2239    33.7674    33.7657    8.29113         32 0.0000e+00
     47.000     46.509    -0.9789  27.317256    -0.9774  27.317148     8.5492     8.8616    13.6803    79.3358 1.0000e-12  -73.82672 -113.95540  44.461007      99.17 2.7372e+02    382.006       9169  1027.3794  1027.3780     3.7642     2.1974     0.1938    33.7678    33.7660    8.29103         33 0.0000e+00
     48.000     47.499    -0.9790  27.317708    -0.9774  27.317679     8.5443     8.8551    12.8323    80.2710 1.0000e-12  -73.82672 -113.95540  44.461024      97.84 2.7293e+02    383.450       9204  1027.3844  1027.3828     3.8083     2.4070     0.2187    33.7679    33.7661    8.29105         34 0.0000e+00
     49.000     48.487    -0.9788  27.318252    -0.9773  27.318211     8.5444     8.8614    14.7349    79.4476 1.0000e-12  -73.82672 -113.95540  44.461040      99.58 2.7399e+02    384.829       9237  1027.3891  1027.3876     3.7692     2.2127     0.2423    33.7679    33.7661    8.29102         33 0.0000e+00
     50.000     49.477    -0.9789  27.318520    -0.9774  27.318555     8.5532     8.8633    15.3418    80.1743 1.0000e-12  -73.82672 -113.95540  44.461056      99.80 2.7471e+02    386.245       9271  1027.3938  1027.3924     3.8037     2.5205     0.1935    33.7677    33.7661    8.29104         35 0.0000e+00
     51.000     50.467    -0.9789  27.318973    -0.9775  27.318934     8.5460     8.8537    14.2104    79.4992 1.0000e-12  -73.82672 -113.95540  44.461073      99.50 2.7574e+02    387.698       9306  1027.3987  1027.3972     3.7717     2.1668     0.2098    33.7677    33.7660    8.29105         34 0.0000e+00
     52.000     51.455    -0.9787  27.319552    -0.9774  27.319362     8.5509     8.8502    13.3075    79.2666 1.0000e-12  -73.82672 -113.95540  44.461089      99.58 2.7678e+02    389.075       9339  1027.4034  1027.4020     3.7607     2.1625     0.2059    33.7676    33.7660    8.29101         32 0.0000e+00
     53.000     52.446    -0.9793  27.319567    -0.9776  27.319676     8.5536     8.8531    13.7914    80.0368 1.0000e-12  -73.82672 -113.95540  44.461105      99.78 2.7566e+02    390.463       9372  1027.4083  1027.4068     3.7972     2.5541     0.2069    33.7677    33.7659    8.29113         35 0.0000e+00
