ocean_section_plots/required_files/ctd/dnbp2202_ctd100.cnv
* Sea-Bird SBE 9 Data File:
* FileName = D:\Data\raw\NBP2202_CTD100.hex
* Software Version Seasave V 7.26.7.121
* Temperature SN = 1649
* Conductivity SN = 2513
* Number of Bytes Per Scan = 40
* Number of Voltage Words = 5
* Number of Scans Averaged by the Deck Unit = 1
* NMEA Latitude = 74 10.51 S
* NMEA Longitude = 113 20.67 W
* NMEA UTC (Time) = Jan 27 2022  02:26:09
* NMEA baud rate = 9600
** Ship: RVIB N.B. Palmer
** Cruise: NBP2202 Thwaites
** Station: YoYo001
** Operator: A. Robinson
# nquan = 25
# nvalues = 608                         
# units = specified
# name 0 = prDM: Pressure, Digiquartz [db]
# name 1 = depSM: Depth [salt water, m]
# name 2 = t090C: Temperature [ITS-90, deg C]
# name 3 = c0mS/cm: Conductivity [mS/cm]
# name 4 = t190C: Temperature, 2 [ITS-90, deg C]
# name 5 = c1mS/cm: Conductivity, 2 [mS/cm]
# name 6 = sbeox0ML/L: Oxygen, SBE 43 [ml/l]
# name 7 = sbeox1ML/L: Oxygen, SBE 43, 2 [ml/l]
# name 8 = flECO-AFL: Fluorescence, WET Labs ECO-AFL/FL [mg/m^3]
# name 9 = CStarTr0: Beam Transmission, WET Labs C-Star [%]
# name 10 = par: PAR/Irradiance, Biospherical/Licor
# name 11 = latitude: Latitude [deg]
# name 12 = longitude: Longitude [deg]
# name 13 = timeJ: Julian Days
# name 14 = altM: Altimeter [m]
# name 15 = spar: SPAR, Biospherical/Licor
# name 16 = timeS: Time, Elapsed [seconds]
# name 17 = scan: Scan Count
# name 18 = density00: Density [density, kg/m^3]
# name 19 = density11: Density, 2 [density, kg/m^3]
# name 20 = sal00: Salinity, Practical [PSU]
# name 21 = sal11: Salinity, Practical, 2 [PSU]
# name 22 = oxsolML/L: Oxygen Saturation, Garcia & Gordon [ml/l]
# name 23 = nbin: number of scans per bin
# name 24 = flag: flag
# span 0 =     10.000,    617.000       
# span 1 =      9.896,    609.708       
# span 2 =    -1.4983,     0.0737       
# span 3 =  26.947155,  28.908402       
# span 4 =    -1.4975,     0.0759       
# span 5 =  26.691400,  28.703842       
# span 6 =     4.6881,     8.8854       
# span 7 =     4.7403,     8.8431       
# span 8 =    -0.0225,    25.2161       
# span 9 =    70.0251,    95.5620       
# span 10 = -1.161e-07, 1.8596e+01      
# span 11 =  -74.17528,  -74.17528      
# span 12 = -113.34460, -113.34454      
# span 13 =  27.102383,  27.112084      
# span 14 =       4.53,     100.34      
# span 15 = 5.4026e+02, 5.6965e+02      
# span 16 =     76.901,    915.030      
# span 17 =       1847,      21962      
# span 18 =  1027.1982,  1030.5203      
# span 19 =  1026.8761,  1030.3042      
# span 20 =    33.7747,    34.3771      
# span 21 =    33.3795,    34.1070      
# span 22 =    8.02972,    8.40399      
# span 23 =         19,         47      
# span 24 = 0.0000e+00, 0.0000e+00      
# interval = decibars: 1                
# start_time = Jan 27 2022 02:26:09 [NMEA time, header]
# bad_flag = -9.990e-29
*END*
[from data line 580]
    590.000    583.062     0.0517  28.875193     0.0536  28.665916     4.7006     4.7512    -0.0125    94.9605 1.0000e-12  -74.17528 -113.34457  27.110933      32.85 5.6588e+02    815.584      19575  1030.3921  1030.1693    34.3730    34.0955    8.03456         41 0.0000e+00
    591.000    584.050     0.0521  28.876117     0.0542  28.667191     4.7021     4.7542    -0.0123    94.9686 1.0000e-12  -74.17528 -113.34457  27.110956      31.57 5.6588e+02    817.555      19622  1030.3970  1030.1744    34.3732    34.0959    8.03447         43 0.0000e+00
    592.000    585.037     0.0539  28.878531     0.0559  28.669492     4.6993     4.7546    -0.0087    94.9749 1.0000e-12  -74.17528 -113.34457  27.110979      30.75 5.6588e+02    819.598      19671  1030.4019  1030.1794    34.3738    34.0966    8.03405         40 0.0000e+00
    593.000    586.023     0.0543  28.879455     0.0561  28.670357     4.6923     4.7549    -0.0079    94.9653 1.0000e-12  -74.17528 -113.34457  27.111003      29.75 5.6588e+02    821.634      19720  1030.4068  1030.1844    34.3739    34.0969    8.03395         36 0.0000e+00
    594.000    587.011     0.0550  28.880689     0.0570  28.671906     4.6981     4.7559    -0.0077    94.9697 1.0000e-12  -74.17528 -113.34457  27.111027      28.58 5.6588e+02    823.717      19770  1030.4116  1030.1895    34.3742    34.0973    8.03379         34 0.0000e+00
    595.000    587.996     0.0561  28.882411     0.0579  28.673750     4.7009     4.7558    -0.0048    94.9464 1.0000e-12  -74.17528 -113.34457  27.111055      27.52 5.6588e+02    826.148      19829  1030.4166  1030.1946    34.3747    34.0982    8.03354         33 0.0000e+00
    596.000    588.984     0.0565  28.883165     0.0584  28.674711     4.6991     4.7561    -0.0060    94.9662 1.0000e-12  -74.17528 -113.34457  27.111085      26.31 5.6588e+02    828.777      19892  1030.4213  1030.1995    34.3746    34.0983    8.03346         31 0.0000e+00
    597.000    589.971     0.0571  28.884218     0.0590  28.675906     4.6978     4.7561    -0.0120    94.9909 1.0000e-12  -74.17528 -113.34456  27.111114      25.43 5.6588e+02    831.249      19951  1030.4260  1030.2044    34.3748    34.0987    8.03333         36 0.0000e+00
    598.000    590.958     0.0584  28.885981     0.0601  28.677577     4.7003     4.7547    -0.0090    94.9759 1.0000e-12  -74.17528 -113.34456  27.111144      24.40 5.6588e+02    833.881      20014  1030.4309  1030.2093    34.3751    34.0990    8.03304         26 0.0000e+00
    599.000    591.943     0.0602  28.888200     0.0615  28.679733     4.6928     4.7477    -0.0081    94.9807 1.0000e-12  -74.17528 -113.34456  27.111179      23.28 5.6588e+02    836.853      20085  1030.4357  1030.2145    34.3754    34.0998    8.03265         30 0.0000e+00
    600.000    592.932     0.0610  28.889356     0.0634  28.681939     4.6967     4.7526    -0.0097    95.0065 1.0000e-12  -74.17528 -113.34456  27.111212      22.23 5.6588e+02    839.681      20153  1030.4404  1030.2193    34.3755    34.1000    8.03248         33 0.0000e+00
    601.000    593.918     0.0625  28.891263     0.0644  28.683609     4.6944     4.7485    -0.0064    94.9994 1.0000e-12  -74.17528 -113.34456  27.111245      21.17 5.6588e+02    842.587      20223  1030.4452  1030.2243    34.3757    34.1004    8.03214         33 0.0000e+00
    602.000    594.905     0.0653  28.894413     0.0669  28.686434     4.6882     4.7445    -0.0190    95.0075 1.0000e-12  -74.17528 -113.34456  27.111279      20.15 5.6588e+02    845.483      20293  1030.4500  1030.2292    34.3761    34.1009    8.03153         35 0.0000e+00
    603.000    595.891     0.0649  28.894366     0.0677  28.687834     4.6937     4.7469    -0.0101    95.0108 1.0000e-12  -74.17528 -113.34456  27.111312      19.05 5.6588e+02    848.394      20362  1030.4546  1030.2341    34.3759    34.1012    8.03163         24 0.0000e+00
    604.000    596.877     0.0658  28.895809     0.0682  28.689058     4.6926     4.7483    -0.0108    94.9953 1.0000e-12  -74.17528 -113.34456  27.111346      18.13 5.6588e+02    851.316      20433  1030.4595  1030.2391    34.3762    34.1017    8.03142         32 0.0000e+00
    605.000    597.867     0.0682  28.898703     0.0699  28.691556     4.6927     4.7490    -0.0087    94.9927 1.0000e-12  -74.17528 -113.34456  27.111379      17.01 5.6588e+02    854.172      20501  1030.4644  1030.2444    34.3768    34.1025    8.03088         31 0.0000e+00
    606.000    598.854     0.0688  28.899416     0.0705  28.692975     4.6932     4.7483    -0.0102    95.0065 1.0000e-12  -74.17528 -113.34456  27.111413      15.98 5.6588e+02    857.122      20572  1030.4689  1030.2496    34.3764    34.1031    8.03077         34 0.0000e+00
    607.000    599.838     0.0673  28.898452     0.0692  28.692283     4.6943     4.7464    -0.0088    95.0321 1.0000e-12  -74.17528 -113.34456  27.111449      15.00 5.6588e+02    860.192      20646  1030.4736  1030.2544    34.3762    34.1031    8.03110         34 0.0000e+00
    608.000    600.825     0.0683  28.900133     0.0708  28.694453     4.6907     4.7416    -0.0106    94.9942 1.0000e-12  -74.17528 -113.34456  27.111483      14.00 5.6588e+02    863.139      20716  1030.4786  1030.2593    34.3767    34.1036    8.03086         44 0.0000e+00
    609.000    601.813     0.0702  28.902386     0.0723  28.696497     4.6881     4.7443    -0.0154    95.0077 1.0000e-12  -74.17528 -113.34456  27.111516      12.96 5.6588e+02    866.011      20785  1030.4833  1030.2644    34.3770    34.1041    8.03045         41 0.0000e+00
    610.000    602.799     0.0714  28.903931     0.0731  28.698147     4.6903     4.7458    -0.0129    95.0019 1.0000e-12  -74.17528 -113.34456  27.111551      11.86 5.6588e+02    869.001      20857  1030.4881  1030.2694    34.3771    34.1047    8.03019         45 0.0000e+00
    611.000    603.785     0.0710  28.903897     0.0731  28.698418     4.6957     4.7461    -0.0081    95.0286 1.0000e-12  -74.17528 -113.34456  27.111584      10.89 5.6458e+02    871.883      20926  1030.4927  1030.2741    34.3770    34.1045    8.03029         31 0.0000e+00
    612.000    604.772     0.0688  28.901969     0.0710  28.696937     4.6953     4.7463    -0.0120    95.0177 1.0000e-12  -74.17528 -113.34456  27.111616       9.81 5.6537e+02    874.637      20992  1030.4972  1030.2788    34.3764    34.1043    8.03079         33 0.0000e+00
    613.000    605.759     0.0695  28.903261     0.0711  28.697808     4.6925     4.7483    -0.0084    95.0483 1.0000e-12  -74.17528 -113.34457  27.111650       8.79 5.6586e+02    877.546      21062  1030.5020  1030.2838    34.3767    34.1047    8.03062         41 0.0000e+00
    614.000    606.746     0.0696  28.903927     0.0713  28.698540     4.6932     4.7403    -0.0060    95.0128 1.0000e-12  -74.17528 -113.34458  27.111683       7.74 5.6588e+02    880.387      21130  1030.5068  1030.2887    34.3768    34.1050    8.03059         35 0.0000e+00
    615.000    607.732     0.0710  28.905579     0.0718  28.699409     4.6912     4.7439    -0.0084    95.0457 1.0000e-12  -74.17528 -113.34458  27.111716       6.72 5.6594e+02    883.261      21199  1030.5115  1030.2934    34.3769    34.1050    8.03030         35 0.0000e+00
    616.000    608.720     0.0737  28.908402     0.0759  28.703633     4.6885     4.7408    -0.0123    94.9821 1.0000e-12  -74.17528 -113.34458  27.111750       5.78 5.6740e+02    886.202      21270  1030.5160  1030.2980    34.3770    34.1054    8.02972         31 0.0000e+00
    617.000    609.708     0.0721  28.906964     0.0742  28.703842     4.6921     4.7448    -0.0081    95.0321 1.0000e-12  -74.17528 -113.34457  27.112084       4.53 5.6965e+02    915.030      21962  1030.5203  1030.3042    34.3763    34.1070    8.03009         26 0.0000e+00
