ocean_section_plots/required_files/ctd/dnbp2202_ctd162.cnv
* Sea-Bird SBE 9 Data File:
* FileName = D:\Data\raw\NBP2202_CTD162.hex
* Software Version Seasave V 7.26.7.121
* Temperature SN = 1649
* Conductivity SN = 2513
* Number of Bytes Per Scan = 40
* Number of Voltage Words = 5
* Number of Scans Averaged by the Deck Unit = 1
* NMEA Latitude = 74 14.28 S
* NMEA Longitude = 112 14.04 W
* NMEA UTC (Time) = Feb 01 2022  01:03:51
* NMEA baud rate = 9600
** Ship: RVIB N.B. Palmer
** Cruise: NBP2202 Thwaites
** Station: 84
** Operator: A. Robinson
# nquan = 28
# nvalues = 504                         
# units = specified
# name 0 = prDM: Pressure, Digiquartz [db]
# name 1 = depSM: Depth [salt water, m]
# name 2 = t090C: Temperature [ITS-90, deg C]
# name 3 = c0mS/cm: Conductivity [mS/cm]
# name 4 = t190C: Temperature, 2 [ITS-90, deg C]
# name 5 = c1mS/cm: Conductivity, 2 [mS/cm]
# name 6 = sbeox0ML/L: Oxygen, SBE 43 [ml/l]
# name 7 = sbeox1ML/L: Oxygen, SBE 43, 2 [ml/l]
# name 8 = flECO-AFL: Fluorescence, WET Labs ECO-AFL/FL [mg/m^3]
# name 9 = CStarTr0: Beam Transmission, WET Labs C-Star [%]
# name 10 = par: PAR/Irradiance, Biospherical/Licor
# name 11 = latitude: Latitude [deg]
# name 12 = longitude: Longitude [deg]
# name 13 = timeJ: Julian Days
# name 14 = altM: Altimeter [m]
# name 15 = spar: SPAR, Biospherical/Licor
# name 16 = timeS: Time, Elapsed [seconds]
# name 17 = scan: Scan Count
# name 18 = density00: Density [density, kg/m^3]
# name 19 = density11: Density, 2 [density, kg/m^3]
# name 20 = v3: Voltage 3
# name 21 = v4: Voltage 4
# name 22 = v5: Voltage 5
# name 23 = sal00: Salinity, Practical [PSU]
# name 24 = sal11: Salinity, Practical, 2 [PSU]
# name 25 = oxsolML/L: Oxygen Saturation, Garcia & Gordon [ml/l]
# name 26 = nbin: number of scans per bin
# name 27 = flag: flag
# span 0 =      3.000,    506.000       
# span 1 =      2.968,    500.151       
# span 2 =    -1.5230,    -0.1473       
# span 3 =  27.020258,  28.635881       
# span 4 =    -1.5235,    -0.1447       
# span 5 =  27.020187,  28.635914       
# span 6 =     4.9023,     8.1384       
# span 7 =     4.9842,     8.2543       
# span 8 =     0.0015,    19.0522       
# span 9 =    72.8866,    93.5640       
# span 10 = -3.136e-04, 3.7662e+02      
# span 11 =  -74.23802,  -74.23800      
# span 12 = -112.23402, -112.23398      
# span 13 =  32.047324,  32.055506      
# span 14 =      75.45,     100.27      
# span 15 = 7.8033e+02, 1.9280e+03      
# span 16 =    257.775,    964.743      
# span 17 =       6188,      23155      
# span 18 =  1027.2021,  1029.9734      
# span 19 =  1027.2071,  1029.9708      
# span 20 =     3.4581,     4.4386      
# span 21 =     0.0711,     3.0074      
# span 22 =     0.1147,     0.2240      
# span 23 =    33.8077,    34.3286      
# span 24 =    33.8118,    34.3257      
# span 25 =    8.07896,    8.40187      
# span 26 =         18,         69      
# span 27 = 0.0000e+00, 0.0000e+00      
# interval = decibars: 1                
# start_time = Feb 01 2022 01:03:51 [NMEA time, header]
# bad_flag = -9.990e-29
*END*
[from data line 363]
    366.000    361.891    -1.2770  27.472381    -1.2752  27.472796     6.1429     6.2581     0.0232    93.4570 1.0000e-12  -74.23800 -112.23400  32.053057      99.88 8.6505e+02    753.118      18076  1029.2037  1029.2024     4.4335     0.0780     0.1162    34.1197    34.1182    8.33649         27 0.0000e+00
    367.000    362.878    -1.2759  27.473998    -1.2747  27.473883     6.1380     6.2494     0.0377    93.4778 1.0000e-12  -74.23800 -112.23402  32.053070      99.88 8.6437e+02    754.206      18102  1029.2085  1029.2072     4.4346     0.0782     0.1160    34.1201    34.1185    8.33622         25 0.0000e+00
    368.000    363.867    -1.2703  27.480732    -1.2690  27.480510     6.1273     6.2405     0.0226    93.4541 1.0000e-12  -74.23800 -112.23400  32.053082      99.89 8.6231e+02    755.294      18128  1029.2146  1029.2132     4.4334     0.0748     0.1187    34.1223    34.1206    8.33484         27 0.0000e+00
    369.000    364.854    -1.2711  27.482061    -1.2699  27.482061     6.1088     6.2275     0.0286    93.4560 1.0000e-12  -74.23800 -112.23402  32.053095      99.89 8.6105e+02    756.432      18155  1029.2211  1029.2199     4.4335     0.0784     0.1168    34.1244    34.1230    8.33489         28 0.0000e+00
    370.000    365.842    -1.2638  27.490622    -1.2613  27.491232     6.0742     6.2026     0.0308    93.4255 1.0000e-12  -74.23800 -112.23401  32.053109      99.89 8.6192e+02    757.585      18183  1029.2275  1029.2258     4.4321     0.0748     0.1180    34.1272    34.1252    8.33309         27 0.0000e+00
    371.000    366.831    -1.2526  27.501626    -1.2516  27.500749     6.0611     6.1861     0.0556    93.4656 1.0000e-12  -74.23800 -112.23401  32.053122      99.88 8.6319e+02    758.740      18211  1029.2329  1029.2310     4.4340     0.0754     0.1193    34.1289    34.1266    8.33049         28 0.0000e+00
    372.000    367.817    -1.2377  27.517033    -1.2358  27.516686     6.0536     6.1734     0.0606    93.5008 1.0000e-12  -74.23800 -112.23400  32.053135      99.88 8.6311e+02    759.846      18237  1029.2396  1029.2373     4.4356     0.0790     0.1190    34.1325    34.1299    8.32698         25 0.0000e+00
    373.000    368.806    -1.2405  27.515146    -1.2397  27.515145     6.0631     6.1717     0.0546    93.5057 1.0000e-12  -74.23800 -112.23400  32.053147      99.88 8.6004e+02    760.889      18262  1029.2446  1029.2438     4.4359     0.0799     0.1194    34.1325    34.1315    8.32760         25 0.0000e+00
    374.000    369.794    -1.2400  27.517779    -1.2387  27.517291     6.0778     6.1850     0.0731    93.4831 1.0000e-12  -74.23800 -112.23400  32.053159      79.78 8.5861e+02    761.960      18288  1029.2513  1029.2495     4.4348     0.0774     0.1194    34.1349    34.1327    8.32734         28 0.0000e+00
    375.000    370.782    -1.2630  27.498240    -1.2628  27.498291     6.1178     6.2205     0.0534    93.4648 1.0000e-12  -74.23800 -112.23400  32.053173      92.84 8.6056e+02    763.171      18317  1029.2569  1029.2567     4.4340     0.0783     0.1230    34.1337    34.1335    8.33254         30 0.0000e+00
    376.000    371.768    -1.2844  27.481576    -1.2839  27.481537     6.1590     6.2598     0.1328    93.4186 1.0000e-12  -74.23800 -112.23400  32.053188      99.96 8.6183e+02    764.451      18348  1029.2638  1029.2633     4.4317     0.0805     0.1171    34.1346    34.1340    8.33727         30 0.0000e+00
    377.000    372.756    -1.3191  27.453217    -1.3186  27.453286     6.1727     6.2800     0.2001    93.4655 1.0000e-12  -74.23800 -112.23400  32.053201      99.89 8.6078e+02    765.584      18375  1029.2710  1029.2705     4.4340     0.0782     0.1171    34.1346    34.1340    8.34501         25 0.0000e+00
    378.000    373.746    -1.3313  27.444220    -1.3304  27.444015     6.1869     6.2905     0.0401    93.4274 1.0000e-12  -74.23800 -112.23400  32.053213      99.89 8.5698e+02    766.623      18400  1029.2771  1029.2760     4.4321     0.0767     0.1198    34.1354    34.1341    8.34768         25 0.0000e+00
    379.000    374.733    -1.3335  27.442912    -1.3325  27.442835     6.1956     6.2988     0.0410    93.4038 1.0000e-12  -74.23800 -112.23400  32.053225      99.88 8.5703e+02    767.682      18425  1029.2819  1029.2808     4.4310     0.0786     0.1159    34.1356    34.1343    8.34817         26 0.0000e+00
    380.000    375.721    -1.3427  27.436066    -1.3418  27.436117     6.2014     6.3042     0.0576    93.4238 1.0000e-12  -74.23800 -112.23400  32.053239      99.89 8.5946e+02    768.807      18452  1029.2874  1029.2866     4.4319     0.0769     0.1164    34.1360    34.1350    8.35020         28 0.0000e+00
    381.000    376.708    -1.3551  27.427945    -1.3540  27.427954     6.1905     6.2946     0.0288    93.4537 1.0000e-12  -74.23800 -112.23400  32.053252      99.88 8.5972e+02    769.994      18481  1029.2947  1029.2937     4.4334     0.0767     0.1241    34.1384    34.1371    8.35283         28 0.0000e+00
    382.000    377.696    -1.3535  27.431077    -1.3528  27.430669     6.1851     6.3004     0.0330    93.4619 1.0000e-12  -74.23800 -112.23400  32.053265      99.89 8.5679e+02    771.139      18508  1029.3006  1029.2995     4.4338     0.0772     0.1182    34.1403    34.1389    8.35237         27 0.0000e+00
    383.000    378.685    -1.3663  27.422354    -1.3656  27.422241     6.1914     6.3078     0.0340    93.4177 1.0000e-12  -74.23800 -112.23400  32.053278      99.88 8.5676e+02    772.223      18534  1029.3078  1029.3069     4.4317     0.0768     0.1303    34.1423    34.1413    8.35512         26 0.0000e+00
    384.000    379.671    -1.3835  27.409088    -1.3835  27.408359     6.1853     6.3061     0.0324    93.3481 1.0000e-12  -74.23800 -112.23400  32.053290      99.88 8.5556e+02    773.290      18560  1029.3141  1029.3133     4.4284     0.0785     0.1186    34.1430    34.1420    8.35892         25 0.0000e+00
    385.000    380.661    -1.3844  27.409452    -1.3839  27.408796     6.1689     6.2991     0.0402    93.4953 1.0000e-12  -74.23800 -112.23402  32.053303      99.89 8.5507e+02    774.358      18586  1029.3194  1029.3183     4.4354     0.0768     0.1163    34.1439    34.1424    8.35907         26 0.0000e+00
    386.000    381.648    -1.3752  27.419433    -1.3735  27.419018     6.1502     6.2894     0.0419    93.4716 1.0000e-12  -74.23800 -112.23402  32.053315      85.64 8.5674e+02    775.445      18612  1029.3255  1029.3233     4.4343     0.0759     0.1202    34.1465    34.1440    8.35685         27 0.0000e+00
    387.000    382.635    -1.3529  27.440227    -1.3505  27.440310     6.1199     6.2480     0.0368    93.4990 1.0000e-12  -74.23800 -112.23402  32.053329      99.58 8.5676e+02    776.582      18639  1029.3305  1029.3283     4.4355     0.0768     0.1177    34.1490    34.1465    8.35171         27 0.0000e+00
    388.000    383.622    -1.3284  27.463298    -1.3296  27.460065     6.0911     6.2174     0.0546    93.5166 1.0000e-12  -74.23800 -112.23402  32.053341      99.88 8.5527e+02    777.690      18666  1029.3360  1029.3337     4.4364     0.0777     0.1179    34.1522    34.1491    8.34604         26 0.0000e+00
    389.000    384.611    -1.2873  27.500382    -1.2865  27.499361     6.0867     6.2115     0.0591    93.5324 1.0000e-12  -74.23800 -112.23402  32.053354      99.88 8.5385e+02    778.769      18691  1029.3408  1029.3388     4.4371     0.0782     0.1234    34.1557    34.1533    8.33666         26 0.0000e+00
    390.000    385.600    -1.2813  27.506524    -1.2808  27.505437     6.0783     6.1977     0.0294    93.5043 1.0000e-12  -74.23800 -112.23402  32.053367      99.89 8.5330e+02    779.877      18718  1029.3460  1029.3443     4.4358     0.0755     0.1166    34.1566    34.1545    8.33526         28 0.0000e+00
    391.000    386.586    -1.2817  27.506450    -1.2801  27.506612     6.0804     6.1862     0.0291    93.4814 1.0000e-12  -74.23800 -112.23402  32.053380      99.88 8.5383e+02    781.056      18746  1029.3509  1029.3494     4.4347     0.0761     0.1191    34.1564    34.1547    8.33537         29 0.0000e+00
    392.000    387.575    -1.2805  27.508224    -1.2796  27.507496     6.1091     6.2179     0.0204    93.5163 1.0000e-12  -74.23800 -112.23402  32.053394      99.88 8.5480e+02    782.257      18775  1029.3560  1029.3544     4.4363     0.0761     0.1201    34.1568    34.1548    8.33507         28 0.0000e+00
    393.000    388.561    -1.2997  27.491088    -1.2998  27.491050     6.1241     6.2362     0.0143    93.5353 1.0000e-12  -74.23800 -112.23402  32.053407      99.89 8.5240e+02    783.366      18802  1029.3606  1029.3607     4.4372     0.0773     0.1162    34.1546    34.1546    8.33950         25 0.0000e+00
    394.000    389.551    -1.3593  27.441816    -1.3578  27.443150     6.1243     6.2371     0.0224    93.5273 1.0000e-12  -74.23800 -112.23402  32.053419      99.88 8.5092e+02    784.404      18827  1029.3694  1029.3694     4.4369     0.0773     0.1222    34.1542    34.1543    8.35284         25 0.0000e+00
    395.000    390.538    -1.3419  27.459638    -1.3407  27.458838     6.1142     6.2329     0.0288    93.5148 1.0000e-12  -74.23800 -112.23402  32.053431      99.88 8.5199e+02    785.458      18852  1029.3759  1029.3740     4.4363     0.0771     0.1156    34.1582    34.1558    8.34870         26 0.0000e+00
    396.000    391.525    -1.3288  27.471484    -1.3278  27.470512     6.0929     6.2105     0.0340    93.5248 1.0000e-12  -74.23800 -112.23402  32.053444      99.88 8.5333e+02    786.582      18879  1029.3803  1029.3783     4.4367     0.0749     0.1191    34.1590    34.1565    8.34573         28 0.0000e+00
    397.000    392.514    -1.3066  27.491223    -1.3091  27.487609     6.0559     6.1705     0.0376    93.5314 1.0000e-12  -74.23800 -112.23402  32.053458      78.60 8.5212e+02    787.748      18907  1029.3844  1029.3829     4.4371     0.0747     0.1173    34.1602    34.1580    8.34071         27 0.0000e+00
    398.000    393.501    -1.2793  27.516955    -1.2737  27.519271     6.0502     6.1560     0.0283    93.5334 1.0000e-12  -74.23800 -112.23402  32.053470      89.16 8.4935e+02    788.838      18933  1029.3901  1029.3871     4.4372     0.0781     0.1150    34.1637    34.1605    8.33439         25 0.0000e+00
    399.000    394.489    -1.2712  27.523408    -1.2713  27.522211     6.0809     6.1921     0.0222    93.5489 1.0000e-12  -74.23800 -112.23402  32.053482      99.88 8.4887e+02    789.875      18958  1029.3936  1029.3925     4.4378     0.0915     0.1175    34.1627    34.1612    8.33265         25 0.0000e+00
    400.000    395.476    -1.2941  27.503529    -1.2958  27.501815     6.0875     6.2065     0.0252    93.5079 1.0000e-12  -74.23800 -112.23402  32.053495      99.89 8.5004e+02    790.931      18983  1029.3988  1029.3986     4.4360     0.0780     0.1184    34.1609    34.1605    8.33786         26 0.0000e+00
    401.000    396.464    -1.3338  27.469918    -1.3343  27.468757     6.0693     6.1911     0.0294    93.5057 1.0000e-12  -74.23800 -112.23402  32.053507      99.88 8.5062e+02    792.033      19010  1029.4053  1029.4045     4.4359     0.0787     0.1193    34.1594    34.1584    8.34682         27 0.0000e+00
    402.000    397.452    -1.3032  27.499855    -1.3007  27.498904     6.0340     6.1542     0.0299    93.5331 1.0000e-12  -74.23800 -112.23402  32.053521      99.87 8.5003e+02    793.179      19037  1029.4122  1029.4087     4.4372     0.0773     0.1193    34.1650    34.1608    8.33965         28 0.0000e+00
    403.000    398.440    -1.2633  27.535044    -1.2619  27.534465     6.0072     6.1222     0.0263    93.5404 1.0000e-12  -74.23800 -112.23402  32.053534      99.89 8.4964e+02    794.331      19065  1029.4159  1029.4139     4.4375     0.0762     0.1163    34.1672    34.1648    8.33062         26 0.0000e+00
    404.000    399.426    -1.2372  27.559679    -1.2360  27.558535     5.9929     6.1220     0.0264    93.5164 1.0000e-12  -74.23800 -112.23402  32.053546      99.89 8.4917e+02    795.400      19091  1029.4217  1029.4193     4.4364     0.0790     0.1187    34.1706    34.1677    8.32461         26 0.0000e+00
    405.000    400.417    -1.2306  27.565447    -1.2297  27.565038     5.9891     6.1121     0.0297    93.5379 1.0000e-12  -74.23800 -112.23402  32.053559      99.88 8.4704e+02    796.458      19116  1029.4261  1029.4247     4.4374     0.0764     0.1175    34.1704    34.1688    8.32315         26 0.0000e+00
    406.000    401.402    -1.2315  27.565979    -1.2297  27.565817     5.9891     6.1002     0.0352    93.5438 1.0000e-12  -74.23800 -112.23402  32.053572      99.88 8.4690e+02    797.587      19143  1029.4321  1029.4301     4.4376     0.0768     0.1193    34.1716    34.1693    8.32329         27 0.0000e+00
    407.000    402.391    -1.2216  27.575463    -1.2200  27.575136     5.9913     6.0963     0.0340    93.5554 1.0000e-12  -74.23800 -112.23402  32.053585      99.88 8.4895e+02    798.721      19170  1029.4372  1029.4352     4.4382     0.0742     0.1206    34.1726    34.1703    8.32101         27 0.0000e+00
    408.000    403.379    -1.2241  27.573934    -1.2227  27.573781     5.9989     6.1079     0.0200    93.5315 1.0000e-12  -74.23800 -112.23402  32.053597      99.88 8.4951e+02    799.809      19196  1029.4425  1029.4409     4.4371     0.0762     0.1190    34.1727    34.1709    8.32156         26 0.0000e+00
    409.000    404.365    -1.2262  27.572571    -1.2253  27.572278     6.0006     6.1130     0.0233    93.5533 1.0000e-12  -74.23800 -112.23402  32.053610      94.26 8.4630e+02    800.903      19223  1029.4475  1029.4464     4.4381     0.0741     0.1191    34.1727    34.1713    8.32204         26 0.0000e+00
    410.000    405.355    -1.2352  27.566073    -1.2340  27.565848     5.9996     6.1125     0.0250    93.5372 1.0000e-12  -74.23800 -112.23402  32.053623      88.61 8.4399e+02    801.989      19249  1029.4537  1029.4522     4.4373     0.0769     0.1199    34.1734    34.1717    8.32400         26 0.0000e+00
    411.000    406.342    -1.2374  27.564876    -1.2355  27.565252     6.0026     6.1151     0.0180    93.5274 1.0000e-12  -74.23800 -112.23402  32.053635      98.15 8.4455e+02    803.061      19274  1029.4588  1029.4574     4.4369     0.0777     0.1207    34.1737    34.1720    8.32447         26 0.0000e+00
    412.000    407.329    -1.2373  27.565505    -1.2363  27.564976     6.0059     6.1145     0.0301    93.5354 1.0000e-12  -74.23800 -112.23402  32.053647      99.88 8.4596e+02    804.121      19300  1029.4638  1029.4622     4.4372     0.0757     0.1167    34.1739    34.1719    8.32445         25 0.0000e+00
    413.000    408.317    -1.2356  27.567523    -1.2344  27.567135     6.0077     6.1132     0.0309    93.5393 1.0000e-12  -74.23800 -112.23402  32.053660      99.88 8.4543e+02    805.192      19326  1029.4687  1029.4671     4.4374     0.0760     0.1201    34.1741    34.1722    8.32405         26 0.0000e+00
    414.000    409.305    -1.2363  27.567546    -1.2350  27.567253     6.0055     6.1137     0.0258    93.5306 1.0000e-12  -74.23800 -112.23402  32.053673      99.88 8.4380e+02    806.310      19352  1029.4737  1029.4721     4.4370     0.0757     0.1183    34.1743    34.1724    8.32420         28 0.0000e+00
    415.000    410.292    -1.2369  27.567512    -1.2357  27.567228     6.0044     6.1156     0.0250    93.5324 1.0000e-12  -74.23800 -112.23402  32.053686      99.88 8.4174e+02    807.499      19381  1029.4786  1029.4771     4.4371     0.0758     0.1213    34.1743    34.1725    8.32433         28 0.0000e+00
    416.000    411.280    -1.2392  27.566050    -1.2380  27.565802     6.0109     6.1185     0.0264    93.5224 1.0000e-12  -74.23800 -112.23402  32.053699      99.89 8.4136e+02    808.613      19408  1029.4836  1029.4821     4.4367     0.0758     0.1176    34.1743    34.1726    8.32484         26 0.0000e+00
