ocean_section_plots/required_files/ctd/dnbp2202_ctd022.cnv
* Sea-Bird SBE 9 Data File:
* FileName = D:\Data\raw\NBP2202_CTD022.hex
* Software Version Seasave V 7.26.7.121
* Temperature SN = 1649
* Conductivity SN = 2513
* Number of Bytes Per Scan = 40
* Number of Voltage Words = 5
* Number of Scans Averaged by the Deck Unit = 1
* NMEA Latitude = 74 13.84 S
* NMEA Longitude = 112 04.61 W
* NMEA UTC (Time) = Jan 20 2022  06:24:14
* NMEA baud rate = 9600
** Ship: RVIB N.B. Palmer
** Cruise: NBP2202 Thwaites
** Station: 14
** Operator: B.Bjork
# nquan = 25
# nvalues = 870                         
# units = specified
# name 0 = prDM: Pressure, Digiquartz [db]
# name 1 = depSM: Depth [salt water, m]
# name 2 = t090C: Temperature [ITS-90, deg C]
# name 3 = c0mS/cm: Conductivity [mS/cm]
# name 4 = t190C: Temperature, 2 [ITS-90, deg C]
# name 5 = c1mS/cm: Conductivity, 2 [mS/cm]
# name 6 = sbeox0ML/L: Oxygen, SBE 43 [ml/l]
# name 7 = sbeox1ML/L: Oxygen, SBE 43, 2 [ml/l]
# name 8 = flECO-AFL: Fluorescence, WET Labs ECO-AFL/FL [mg/m^3]
# name 9 = CStarTr0: Beam Transmission, WET Labs C-Star [%]
# name 10 = par: PAR/Irradiance, Biospherical/Licor
# name 11 = latitude: Latitude [deg]
# name 12 = longitude: Longitude [deg]
# name 13 = timeJ: Julian Days
# name 14 = altM: Altimeter [m]
# name 15 = spar: SPAR, Biospherical/Licor
# name 16 = timeS: Time, Elapsed [seconds]
# name 17 = scan: Scan Count
# name 18 = density00: Density [density, kg/m^3]
# name 19 = density11: Density, 2 [density, kg/m^3]
# name 20 = sal00: Salinity, Practical [PSU]
# name 21 = sal11: Salinity, Practical, 2 [PSU]
# name 22 = oxsolML/L: Oxygen Saturation, Garcia & Gordon [ml/l]
# name 23 = nbin: number of scans per bin
# name 24 = flag: flag
# span 0 =      2.000,    871.000       
# span 1 =      1.966,    860.178       
# span 2 =    -1.4573,     0.4384       
# span 3 =  27.092332,  29.442308       
# span 4 =    -1.4562,     0.4405       
# span 5 =  27.092079,  29.442034       
# span 6 =     4.6015,     7.8517       
# span 7 =     4.8595,     8.2548       
# span 8 =    -0.0150,    15.5907       
# span 9 =    79.7365,    98.2146       
# span 10 = -3.306e-05, 5.3069e+01      
# span 11 =  -74.23076,  -74.23074      
# span 12 = -112.07688, -112.07684      
# span 13 =  20.272596,  20.286586      
# span 14 =       4.18,     100.04      
# span 15 = 1.3509e+02, 1.3729e+02      
# span 16 =    498.316,   1707.047      
# span 17 =      11961,      40970      
# span 18 =  1027.2115,  1031.8035      
# span 19 =  1027.2100,  1031.8012      
# span 20 =    33.8131,    34.5304      
# span 21 =    33.8111,    34.5276      
# span 22 =    7.94551,    8.38709      
# span 23 =          8,         48      
# span 24 = 0.0000e+00, 0.0000e+00      
# interval = decibars: 1                
# start_time = Jan 20 2022 06:24:14 [NMEA time, header]
# bad_flag = -9.990e-29
*END*
[from data line 348]
    350.000    346.083    -1.0793  27.662657    -1.0774  27.662021     5.9340     6.2994     0.0176    98.1862 1.0000e-12  -74.23074 -112.07688  20.278560      99.88 1.3574e+02   1013.599      24327  1029.1524  1029.1499    34.1650    34.1620    8.28992         29 0.0000e+00
    351.000    347.072    -1.0752  27.667248    -1.0735  27.666643     5.9244     6.2894     0.0076    98.1913 1.0000e-12  -74.23074 -112.07688  20.278574      99.87 1.3574e+02   1014.800      24356  1029.1580  1029.1556    34.1659    34.1632    8.28895         29 0.0000e+00
    352.000    348.060    -1.0647  27.678777    -1.0615  27.679051     5.9071     6.2691    -0.0014    98.1772 1.0000e-12  -74.23074 -112.07688  20.278588      99.88 1.3574e+02   1015.995      24385  1029.1647  1029.1619    34.1691    34.1659    8.28644         29 0.0000e+00
    353.000    349.047    -1.0475  27.696440    -1.0470  27.694132     5.8988     6.2617    -0.0029    98.1798 1.0000e-12  -74.23074 -112.07688  20.278602      99.87 1.3574e+02   1017.212      24414  1029.1716  1029.1688    34.1731    34.1694    8.28241         29 0.0000e+00
    354.000    350.036    -1.0371  27.707151    -1.0366  27.705108     5.8866     6.2418     0.0073    98.1869 1.0000e-12  -74.23074 -112.07688  20.278616      99.88 1.3574e+02   1018.426      24443  1029.1778  1029.1750    34.1753    34.1719    8.28000         29 0.0000e+00
    355.000    351.024    -1.0286  27.716183    -1.0273  27.714959     5.8783     6.2354    -0.0048    98.2146 1.0000e-12  -74.23074 -112.07688  20.278630      99.88 1.3574e+02   1019.634      24472  1029.1838  1029.1812    34.1773    34.1741    8.27801         29 0.0000e+00
    356.000    352.012    -1.0200  27.725110    -1.0184  27.724393     5.8696     6.2307    -0.0040    98.1221 1.0000e-12  -74.23074 -112.07688  20.278644      96.23 1.3574e+02   1020.844      24501  1029.1896  1029.1874    34.1791    34.1763    8.27600         29 0.0000e+00
    357.000    352.999    -1.0134  27.732381    -1.0116  27.731683     5.8539     6.2135    -0.0077    98.1589 1.0000e-12  -74.23074 -112.07688  20.278658      79.32 1.3574e+02   1022.067      24531  1029.1956  1029.1931    34.1808    34.1779    8.27444         30 0.0000e+00
    358.000    353.987    -1.0006  27.746176    -0.9966  27.747380     5.8251     6.1880    -0.0077    98.1851 1.0000e-12  -74.23074 -112.07688  20.278672      98.20 1.3574e+02   1023.294      24560  1029.2026  1029.2000    34.1845    34.1816    8.27141         29 0.0000e+00
    359.000    354.976    -0.9670  27.780941    -0.9629  27.781493     5.7867     6.1469    -0.0077    98.1880 1.0000e-12  -74.23074 -112.07688  20.278687      99.90 1.3574e+02   1024.533      24590  1029.2121  1029.2086    34.1931    34.1892    8.26353         30 0.0000e+00
    360.000    355.962    -0.9303  27.818255    -0.9268  27.818626     5.7363     6.0940     0.0058    98.1845 1.0000e-12  -74.23074 -112.07688  20.278701      99.88 1.3574e+02   1025.761      24619  1029.2213  1029.2183    34.2016    34.1981    8.25497         30 0.0000e+00
    361.000    356.952    -0.8808  27.868599    -0.8791  27.866533     5.7005     6.0570    -0.0014    98.1921 1.0000e-12  -74.23074 -112.07688  20.278715      99.89 1.3574e+02   1026.973      24648  1029.2320  1029.2281    34.2131    34.2084    8.24344         28 0.0000e+00
    362.000    357.939    -0.8501  27.899308    -0.8468  27.899346     5.6904     6.0422    -0.0076    98.1660 1.0000e-12  -74.23074 -112.07688  20.278729      99.88 1.3574e+02   1028.172      24677  1029.2401  1029.2369    34.2194    34.2157    8.23637         30 0.0000e+00
    363.000    358.927    -0.8399  27.909753    -0.8384  27.908542     5.6809     6.0323    -0.0054    98.1718 1.0000e-12  -74.23074 -112.07688  20.278743      99.88 1.3574e+02   1029.378      24706  1029.2463  1029.2435    34.2213    34.2180    8.23401         28 0.0000e+00
    364.000    359.916    -0.8343  27.915704    -0.8327  27.914339     5.6776     6.0188    -0.0036    98.1552 1.0000e-12  -74.23074 -112.07688  20.278757      99.88 1.3574e+02   1030.613      24736  1029.2521  1029.2491    34.2225    34.2188    8.23273         30 0.0000e+00
    365.000    360.903    -0.8236  27.926681    -0.8225  27.925033     5.6737     6.0149    -0.0036    98.1715 1.0000e-12  -74.23074 -112.07688  20.278771      99.88 1.3574e+02   1031.844      24765  1029.2582  1029.2554    34.2246    34.2211    8.23026         30 0.0000e+00
    366.000    361.890    -0.8213  27.929212    -0.8185  27.929291     5.6646     6.0077    -0.0001    97.6504 1.0000e-12  -74.23074 -112.07688  20.278786      99.88 1.3574e+02   1033.067      24795  1029.2635  1029.2608    34.2249    34.2218    8.22976         28 0.0000e+00
    367.000    362.879    -0.8171  27.933484    -0.8151  27.932882     5.6560     5.9946    -0.0058    98.1642 1.0000e-12  -74.23074 -112.07688  20.278800      98.46 1.3574e+02   1034.284      24824  1029.2687  1029.2660    34.2253    34.2221    8.22882         30 0.0000e+00
    368.000    363.867    -0.8120  27.939007    -0.8095  27.938684     5.6500     5.9925    -0.0014    98.0530 1.0000e-12  -74.23074 -112.07688  20.278814      81.45 1.3574e+02   1035.508      24853  1029.2742  1029.2714    34.2263    34.2230    8.22764         29 0.0000e+00
    369.000    364.855    -0.8036  27.947399    -0.8021  27.946309     5.6277     5.9729     0.0068    97.9390 1.0000e-12  -74.23074 -112.07688  20.278828      98.61 1.3574e+02   1036.728      24882  1029.2797  1029.2771    34.2276    34.2244    8.22573         29 0.0000e+00
    370.000    365.842    -0.7891  27.962248    -0.7850  27.963254     5.6065     5.9465    -0.0051    98.1156 1.0000e-12  -74.23074 -112.07688  20.278842      99.89 1.3574e+02   1037.942      24912  1029.2860  1029.2831    34.2306    34.2274    8.22239         30 0.0000e+00
    371.000    366.830    -0.7639  27.986297    -0.7639  27.983309     5.5877     5.9243     0.0053    98.1008 1.0000e-12  -74.23074 -112.07688  20.278856      99.88 1.3574e+02   1039.158      24941  1029.2919  1029.2887    34.2340    34.2300    8.21670         29 0.0000e+00
    372.000    367.816    -0.7515  27.997929    -0.7489  27.997626     5.5675     5.9049    -0.0059    98.1326 1.0000e-12  -74.23074 -112.07688  20.278870      99.88 1.3574e+02   1040.383      24970  1029.2969  1029.2940    34.2351    34.2317    8.21395         30 0.0000e+00
    373.000    368.809    -0.7407  28.008372    -0.7387  28.007365     5.5474     5.8800    -0.0150    98.0436 1.0000e-12  -74.23074 -112.07688  20.278884      99.88 1.3574e+02   1041.598      24999  1029.3022  1029.2992    34.2364    34.2328    8.21151         28 0.0000e+00
    374.000    369.792    -0.7252  28.023370    -0.7228  28.022899     5.5305     5.8668    -0.0109    98.1213 1.0000e-12  -74.23074 -112.07688  20.278898      99.88 1.3574e+02   1042.807      25028  1029.3078  1029.3050    34.2385    34.2351    8.20802         29 0.0000e+00
    375.000    370.783    -0.7136  28.034857    -0.7122  28.033288     5.5225     5.8478    -0.0026    98.1537 1.0000e-12  -74.23074 -112.07688  20.278912      99.88 1.3574e+02   1044.026      25058  1029.3135  1029.3104    34.2403    34.2366    8.20541         30 0.0000e+00
    376.000    371.765    -0.7033  28.044926    -0.7023  28.043262     5.5028     5.8391     0.0062    98.1233 1.0000e-12  -74.23074 -112.07688  20.278927      99.88 1.3574e+02   1045.259      25087  1029.3188  1029.3160    34.2417    34.2382    8.20309         27 0.0000e+00
    377.000    372.761    -0.6946  28.053683    -0.6902  28.054888     5.4898     5.8251     0.0003    98.1083 1.0000e-12  -74.23074 -112.07687  20.278941      99.88 1.3574e+02   1046.500      25117  1029.3243  1029.3213    34.2430    34.2397    8.20112         29 0.0000e+00
    378.000    373.744    -0.6859  28.062165    -0.6847  28.060668     5.4777     5.8145    -0.0011    98.1148 1.0000e-12  -74.23074 -112.07686  20.278955      76.75 1.3574e+02   1047.728      25146  1029.3294  1029.3267    34.2440    34.2406    8.19917         29 0.0000e+00
    379.000    374.733    -0.6797  28.068633    -0.6767  28.068629     5.4750     5.8021    -0.0041    98.1193 1.0000e-12  -74.23074 -112.07686  20.278969      91.70 1.3574e+02   1048.943      25176  1029.3349  1029.3321    34.2451    34.2418    8.19776         29 0.0000e+00
    380.000    375.721    -0.6732  28.075046    -0.6706  28.074973     5.4531     5.7836     0.0052    98.1105 1.0000e-12  -74.23074 -112.07686  20.278983      99.83 1.3574e+02   1050.160      25205  1029.3400  1029.3374    34.2458    34.2427    8.19632         29 0.0000e+00
    381.000    376.709    -0.6634  28.085012    -0.6626  28.082836     5.4456     5.7738    -0.0004    98.0963 1.0000e-12  -74.23074 -112.07686  20.278997      99.88 1.3574e+02   1051.376      25234  1029.3456  1029.3426    34.2475    34.2438    8.19409         29 0.0000e+00
    382.000    377.697    -0.6542  28.093869    -0.6522  28.092977     5.4312     5.7646    -0.0004    98.1230 1.0000e-12  -74.23074 -112.07686  20.279011      99.88 1.3574e+02   1052.586      25263  1029.3507  1029.3478    34.2485    34.2450    8.19205         29 0.0000e+00
    383.000    378.684    -0.6489  28.099157    -0.6480  28.097311     5.4098     5.7391    -0.0004    98.0884 1.0000e-12  -74.23074 -112.07686  20.279025      99.88 1.3603e+02   1053.798      25292  1029.3557  1029.3529    34.2490    34.2456    8.19086         28 0.0000e+00
    384.000    379.670    -0.6322  28.115165    -0.6327  28.111728     5.3826     5.7195     0.0074    98.0846 1.0000e-12  -74.23074 -112.07686  20.279039      99.88 1.3630e+02   1055.004      25321  1029.3611  1029.3579    34.2511    34.2470    8.18713         28 0.0000e+00
    385.000    380.661    -0.6178  28.128569    -0.6175  28.126249     5.3522     5.6849     0.0084    98.1158 1.0000e-12  -74.23074 -112.07686  20.279053      99.87 1.3586e+02   1056.206      25350  1029.3658  1029.3631    34.2523    34.2489    8.18394         29 0.0000e+00
    386.000    381.648    -0.5992  28.146902    -0.6042  28.139267     5.3282     5.6526     0.0149    98.0988 1.0000e-12  -74.23074 -112.07686  20.279067      99.88 1.3586e+02   1057.431      25379  1029.3719  1029.3686    34.2554    34.2508    8.17976         29 0.0000e+00
    387.000    382.636    -0.5812  28.163427    -0.5783  28.162734     5.3218     5.6455     0.0011    98.1008 1.0000e-12  -74.23074 -112.07686  20.279082      99.88 1.3729e+02   1058.648      25409  1029.3765  1029.3729    34.2566    34.2525    8.17578         29 0.0000e+00
    388.000    383.623    -0.5779  28.166623    -0.5758  28.166050     5.2992     5.6175     0.0103    98.0846 1.0000e-12  -74.23074 -112.07686  20.279095      99.88 1.3585e+02   1059.844      25437  1029.3814  1029.3787    34.2567    34.2535    8.17508         29 0.0000e+00
    389.000    384.611    -0.5711  28.173786    -0.5689  28.172806     5.2611     5.5817     0.0128    98.0764 1.0000e-12  -74.23074 -112.07686  20.279110      86.42 1.3586e+02   1061.061      25466  1029.3869  1029.3836    34.2580    34.2542    8.17354         30 0.0000e+00
    390.000    385.599    -0.5411  28.201610    -0.5394  28.200141     5.2504     5.5585     0.0135    98.0679 1.0000e-12  -74.23074 -112.07686  20.279124      92.93 1.3665e+02   1062.286      25496  1029.3919  1029.3886    34.2610    34.2571    8.16690         29 0.0000e+00
    391.000    386.587    -0.5359  28.206555    -0.5311  28.208322     5.2422     5.5518     0.0163    98.0912 1.0000e-12  -74.23074 -112.07686  20.279138      99.95 1.3579e+02   1063.513      25525  1029.3966  1029.3939    34.2611    34.2581    8.16576         29 0.0000e+00
    392.000    387.575    -0.5335  28.209310    -0.5309  28.209113     5.2440     5.5544     0.0216    98.0694 1.0000e-12  -74.23074 -112.07686  20.279152      99.87 1.3598e+02   1064.734      25555  1029.4018  1029.3991    34.2615    34.2583    8.16522         30 0.0000e+00
    393.000    388.562    -0.5326  28.210340    -0.5306  28.209719     5.2281     5.5412     0.0231    98.0511 1.0000e-12  -74.23074 -112.07686  20.279166      99.89 1.3641e+02   1065.954      25584  1029.4066  1029.4040    34.2612    34.2582    8.16504         29 0.0000e+00
    394.000    389.550    -0.5322  28.211198    -0.5266  28.213681     5.2239     5.5294     0.0276    98.0741 1.0000e-12  -74.23074 -112.07686  20.279180      99.88 1.3587e+02   1067.167      25613  1029.4117  1029.4088    34.2614    34.2584    8.16495         29 0.0000e+00
    395.000    390.538    -0.5206  28.222070    -0.5164  28.223628     5.2202     5.5235     0.0274    98.0677 1.0000e-12  -74.23074 -112.07686  20.279194      99.88 1.3574e+02   1068.397      25643  1029.4164  1029.4140    34.2623    34.2596    8.16240         30 0.0000e+00
    396.000    391.526    -0.5192  28.224250    -0.5136  28.226577     5.2181     5.5165     0.0013    98.0782 1.0000e-12  -74.23074 -112.07686  20.279208      99.88 1.3574e+02   1069.611      25672  1029.4219  1029.4189    34.2630    34.2599    8.16206         28 0.0000e+00
    397.000    392.513    -0.5099  28.233131    -0.5105  28.229819     5.2011     5.5087     0.0147    98.0712 1.0000e-12  -74.23074 -112.07686  20.279222      99.88 1.3574e+02   1070.809      25700  1029.4267  1029.4238    34.2639    34.2601    8.16001         30 0.0000e+00
    398.000    393.501    -0.5073  28.235795    -0.5025  28.237767     5.1916     5.4989     0.0267    98.0662 1.0000e-12  -74.23074 -112.07686  20.279236      99.88 1.3574e+02   1072.023      25730  1029.4315  1029.4289    34.2639    34.2611    8.15945         29 0.0000e+00
    399.000    394.490    -0.4984  28.244866    -0.4962  28.243997     5.1911     5.4960     0.0246    98.0389 1.0000e-12  -74.23074 -112.07686  20.279250      79.47 1.3574e+02   1073.237      25759  1029.4369  1029.4338    34.2654    34.2618    8.15744         29 0.0000e+00
    400.000    395.477    -0.4955  28.247514    -0.4930  28.247390     5.1853     5.4865     0.0161    98.0340 1.0000e-12  -74.23074 -112.07686  20.279264      88.08 1.3574e+02   1074.438      25788  1029.4413  1029.4388    34.2651    34.2622    8.15684         28 0.0000e+00
    401.000    396.464    -0.5006  28.243604    -0.4950  28.246114     5.1732     5.4696     0.0158    98.0449 1.0000e-12  -74.23074 -112.07686  20.279278     100.04 1.3586e+02   1075.643      25816  1029.4465  1029.4438    34.2650    34.2621    8.15794         29 0.0000e+00
    402.000    397.452    -0.4804  28.263058    -0.4782  28.262246     5.1679     5.4710     0.0199    98.0645 1.0000e-12  -74.23074 -112.07686  20.279292      99.87 1.3623e+02   1076.848      25845  1029.4519  1029.4490    34.2678    34.2642    8.15345         29 0.0000e+00
    403.000    398.440    -0.4801  28.263400    -0.4775  28.263511     5.1419     5.4494     0.0199    98.0583 1.0000e-12  -74.23074 -112.07686  20.279306      99.88 1.3615e+02   1078.070      25875  1029.4565  1029.4541    34.2673    34.2645    8.15341         30 0.0000e+00
    404.000    399.428    -0.4671  28.277636    -0.4664  28.273860     5.1185     5.4203     0.0199    98.0472 1.0000e-12  -74.23074 -112.07686  20.279321      99.88 1.3697e+02   1079.305      25904  1029.4633  1029.4586    34.2711    34.2652    8.15040         30 0.0000e+00
    405.000    400.416    -0.4163  28.325818    -0.4160  28.322581     5.1007     5.3992     0.0200    98.0615 1.0000e-12  -74.23074 -112.07686  20.279335      99.88 1.3581e+02   1080.516      25933  1029.4694  1029.4657    34.2778    34.2731    8.13911         28 0.0000e+00
    406.000    401.402    -0.4254  28.317167    -0.4107  28.328255     5.0852     5.3813     0.0352    98.0571 1.0000e-12  -74.23074 -112.07686  20.279349      99.87 1.3691e+02   1081.728      25962  1029.4737  1029.4712    34.2758    34.2741    8.14117         29 0.0000e+00
