ocean_section_plots/required_files/ctd/dnbp2202_ctd111.cnv
* Sea-Bird SBE 9 Data File:
* FileName = D:\Data\raw\NBP2202_CTD111.hex
* Software Version Seasave V 7.26.7.121
* Temperature SN = 1649
* Conductivity SN = 2513
* Number of Bytes Per Scan = 40
* Number of Voltage Words = 5
* Number of Scans Averaged by the Deck Unit = 1
* NMEA Latitude = 74 10.52 S
* NMEA Longitude = 113 20.65 W
* NMEA UTC (Time) = Jan 27 2022  07:15:07
* NMEA baud rate = 9600
** Ship: RVIB N.B. Palmer
** Cruise: NBP2202 Thwaites
** Station: YoYo001
** Operator: B. Bjork
# nquan = 25
# nvalues = 608                         
# units = specified
# name 0 = prDM: Pressure, Digiquartz [db]
# name 1 = depSM: Depth [salt water, m]
# name 2 = t090C: Temperature [ITS-90, deg C]
# name 3 = c0mS/cm: Conductivity [mS/cm]
# name 4 = t190C: Temperature, 2 [ITS-90, deg C]
# name 5 = c1mS/cm: Conductivity, 2 [mS/cm]
# name 6 = sbeox0ML/L: Oxygen, SBE 43 [ml/l]
# name 7 = sbeox1ML/L: Oxygen, SBE 43, 2 [ml/l]
# name 8 = flECO-AFL: Fluorescence, WET Labs ECO-AFL/FL [mg/m^3]
# name 9 = CStarTr0: Beam Transmission, WET Labs C-Star [%]
# name 10 = par: PAR/Irradiance, Biospherical/Licor
# name 11 = latitude: Latitude [deg]
# name 12 = longitude: Longitude [deg]
# name 13 = timeJ: Julian Days
# name 14 = altM: Altimeter [m]
# name 15 = spar: SPAR, Biospherical/Licor
# name 16 = timeS: Time, Elapsed [seconds]
# name 17 = scan: Scan Count
# name 18 = density00: Density [density, kg/m^3]
# name 19 = density11: Density, 2 [density, kg/m^3]
# name 20 = sal00: Salinity, Practical [PSU]
# name 21 = sal11: Salinity, Practical, 2 [PSU]
# name 22 = oxsolML/L: Oxygen Saturation, Garcia & Gordon [ml/l]
# name 23 = nbin: number of scans per bin
# name 24 = flag: flag
# span 0 =     10.000,    617.000       
# span 1 =      9.896,    609.702       
# span 2 =    -1.4677,     0.1231       
# span 3 =  26.970739,  28.961252       
# span 4 =    -1.4666,     0.1263       
# span 5 =  26.970510,  28.962393       
# span 6 =     4.6809,     8.4627       
# span 7 =     4.7384,     8.5598       
# span 8 =    -0.0224,    25.7213       
# span 9 =    67.3000,    95.5855       
# span 10 = -8.103e-08, 1.0727e+00      
# span 11 =  -74.17536,  -74.17536      
# span 12 = -113.34426, -113.34424      
# span 13 =  27.302473,  27.309873      
# span 14 =       7.40,     102.18      
# span 15 = 5.8142e+01, 6.4931e+01      
# span 16 =     26.634,    666.005      
# span 17 =        640,      15985      
# span 18 =  1027.2217,  1030.5284      
# span 19 =  1027.2216,  1030.5264      
# span 20 =    33.7890,    34.3911      
# span 21 =    33.7886,    34.3887      
# span 22 =    8.01862,    8.39703      
# span 23 =         16,         48      
# span 24 = 0.0000e+00, 0.0000e+00      
# interval = decibars: 1                
# start_time = Jan 27 2022 07:15:07 [NMEA time, header]
# bad_flag = -9.990e-29
*END*
[from data line 406]
    416.000    411.281    -0.1921  28.523476    -0.1901  28.522843     4.7879     4.8504    -0.0115    95.2553 1.0000e-12  -74.17536 -113.34424  27.307171      99.86 5.9938e+01    432.533      10382  1029.5140  1029.5114    34.2830    34.2799    8.09104         23 0.0000e+00
    417.000    412.269    -0.1859  28.530197    -0.1834  28.530105     4.7856     4.8482    -0.0106    95.2306 1.0000e-12  -74.17536 -113.34424  27.307182      80.16 5.9938e+01    433.504      10405  1029.5195  1029.5169    34.2844    34.2814    8.08965         23 0.0000e+00
    418.000    413.256    -0.1815  28.535351    -0.1794  28.534886     4.7796     4.8431    -0.0111    95.2113 1.0000e-12  -74.17536 -113.34424  27.307193      96.28 5.9938e+01    434.491      10429  1029.5249  1029.5224    34.2857    34.2827    8.08864         24 0.0000e+00
    419.000    414.243    -0.1765  28.541065    -0.1746  28.540491     4.7777     4.8416    -0.0147    95.2222 1.0000e-12  -74.17536 -113.34424  27.307205      99.85 5.9938e+01    435.476      10452  1029.5304  1029.5280    34.2871    34.2841    8.08750         24 0.0000e+00
    420.000    415.232    -0.1751  28.542811    -0.1732  28.542301     4.7752     4.8385    -0.0189    95.2222 1.0000e-12  -74.17536 -113.34424  27.307216      99.87 5.9938e+01    436.462      10476  1029.5353  1029.5328    34.2873    34.2844    8.08720         24 0.0000e+00
    421.000    416.219    -0.1746  28.543850    -0.1726  28.543425     4.7764     4.8437    -0.0179    95.2041 1.0000e-12  -74.17536 -113.34424  27.307227      99.86 5.9938e+01    437.448      10500  1029.5402  1029.5378    34.2875    34.2846    8.08708         23 0.0000e+00
    422.000    417.207    -0.1730  28.545899    -0.1711  28.545465     4.7781     4.8403    -0.0105    95.1971 1.0000e-12  -74.17536 -113.34424  27.307239      99.86 5.9938e+01    438.425      10523  1029.5451  1029.5428    34.2878    34.2850    8.08671         23 0.0000e+00
    423.000    418.195    -0.1729  28.546423    -0.1709  28.545995     4.7726     4.8372    -0.0098    95.1836 1.0000e-12  -74.17536 -113.34424  27.307250      99.87 5.9938e+01    439.399      10547  1029.5499  1029.5476    34.2878    34.2850    8.08669         24 0.0000e+00
    424.000    419.183    -0.1683  28.551782    -0.1666  28.550815     4.7735     4.8393    -0.0096    95.1692 1.0000e-12  -74.17536 -113.34424  27.307261      99.86 5.9938e+01    440.374      10570  1029.5554  1029.5528    34.2891    34.2860    8.08564         23 0.0000e+00
    425.000    420.169    -0.1657  28.554639    -0.1638  28.554017     4.7715     4.8325    -0.0110    95.1344 1.0000e-12  -74.17536 -113.34424  27.307273      99.86 5.9938e+01    441.350      10593  1029.5602  1029.5577    34.2894    34.2864    8.08507         24 0.0000e+00
    426.000    421.157    -0.1653  28.555385    -0.1632  28.555114     4.7705     4.8303    -0.0159    95.1345 1.0000e-12  -74.17536 -113.34424  27.307284      99.87 5.9938e+01    442.323      10617  1029.5650  1029.5627    34.2894    34.2867    8.08500         23 0.0000e+00
    427.000    422.144    -0.1639  28.557403    -0.1609  28.557884     4.7731     4.8368    -0.0087    95.1470 1.0000e-12  -74.17536 -113.34424  27.307295      99.86 5.9938e+01    443.301      10640  1029.5701  1029.5677    34.2899    34.2872    8.08467         24 0.0000e+00
    428.000    423.133    -0.1611  28.560677    -0.1584  28.561035     4.7672     4.8302    -0.0058    95.1434 1.0000e-12  -74.17536 -113.34424  27.307307      99.87 5.9938e+01    444.289      10664  1029.5751  1029.5728    34.2906    34.2879    8.08405         23 0.0000e+00
    429.000    424.120    -0.1565  28.566086    -0.1537  28.566321     4.7704     4.8242    -0.0047    95.1514 1.0000e-12  -74.17536 -113.34424  27.307318      99.86 5.9938e+01    445.275      10688  1029.5806  1029.5782    34.2919    34.2892    8.08299         24 0.0000e+00
    430.000    425.109    -0.1510  28.572521    -0.1486  28.572222     4.7666     4.8314    -0.0001    95.1648 1.0000e-12  -74.17536 -113.34424  27.307329      75.52 5.9938e+01    446.257      10711  1029.5863  1029.5838    34.2937    34.2907    8.08172         23 0.0000e+00
    431.000    426.095    -0.1459  28.577968    -0.1436  28.578018     4.7671     4.8247    -0.0176    95.1589 1.0000e-12  -74.17536 -113.34424  27.307341      87.62 5.9938e+01    447.237      10735  1029.5914  1029.5893    34.2946    34.2921    8.08059         24 0.0000e+00
    432.000    427.083    -0.1474  28.577337    -0.1465  28.575592     4.7649     4.8204    -0.0125    95.1624 1.0000e-12  -74.17536 -113.34424  27.307352      99.83 5.9938e+01    448.206      10758  1029.5966  1029.5939    34.2949    34.2916    8.08089         23 0.0000e+00
    433.000    428.070    -0.1425  28.582359    -0.1405  28.581996     4.7649     4.8256    -0.0096    95.1986 1.0000e-12  -74.17536 -113.34424  27.307363      99.86 5.9938e+01    449.175      10781  1029.6015  1029.5991    34.2955    34.2928    8.07983         23 0.0000e+00
    434.000    429.059    -0.1422  28.583035    -0.1403  28.582638     4.7670     4.8294    -0.0110    95.2040 1.0000e-12  -74.17536 -113.34424  27.307374      99.86 5.9938e+01    450.145      10804  1029.6062  1029.6040    34.2955    34.2928    8.07977         24 0.0000e+00
    435.000    430.046    -0.1426  28.583618    -0.1403  28.583462     4.7649     4.8308    -0.0099    95.2406 1.0000e-12  -74.17536 -113.34424  27.307386      99.86 5.9938e+01    451.120      10828  1029.6115  1029.6091    34.2960    34.2933    8.07981         23 0.0000e+00
    436.000    431.032    -0.1436  28.583440    -0.1413  28.583274     4.7682     4.8333    -0.0061    95.2578 1.0000e-12  -74.17536 -113.34424  27.307397      99.86 5.9938e+01    452.112      10852  1029.6166  1029.6143    34.2963    34.2936    8.08000         24 0.0000e+00
    437.000    432.021    -0.1447  28.583336    -0.1429  28.582669     4.7680     4.8303    -0.0019    95.2641 1.0000e-12  -74.17536 -113.34424  27.307409      99.86 5.9938e+01    453.104      10875  1029.6220  1029.6194    34.2969    34.2940    8.08021         24 0.0000e+00
    438.000    433.008    -0.1343  28.595257    -0.1360  28.590714     4.7646     4.8294    -0.0048    95.2666 1.0000e-12  -74.17536 -113.34424  27.307420      99.87 5.9938e+01    454.084      10899  1029.6286  1029.6255    34.3004    34.2963    8.07780         23 0.0000e+00
    439.000    433.995    -0.1312  28.598493    -0.1314  28.595773     4.7647     4.8283    -0.0100    95.2689 1.0000e-12  -74.17536 -113.34424  27.307431      99.87 5.9938e+01    455.055      10922  1029.6334  1029.6307    34.3007    34.2973    8.07714         23 0.0000e+00
    440.000    434.984    -0.1249  28.605514    -0.1227  28.605292     4.7585     4.8302    -0.0117    95.2662 1.0000e-12  -74.17536 -113.34424  27.307442      99.86 5.9938e+01    456.019      10945  1029.6389  1029.6365    34.3024    34.2996    8.07572         24 0.0000e+00
    441.000    435.971    -0.1241  28.607179    -0.1219  28.606867     4.7632     4.8297    -0.0112    95.2765 1.0000e-12  -74.17536 -113.34424  27.307454      99.86 5.9938e+01    456.980      10969  1029.6442  1029.6417    34.3030    34.3001    8.07550         23 0.0000e+00
    442.000    436.959    -0.1238  28.607986    -0.1222  28.607190     4.7649     4.8233    -0.0093    95.2922 1.0000e-12  -74.17536 -113.34424  27.307465      99.86 5.9938e+01    457.948      10992  1029.6491  1029.6467    34.3032    34.3003    8.07543         23 0.0000e+00
    443.000    437.948    -0.1236  28.608728    -0.1217  28.608209     4.7595     4.8190    -0.0092    95.2973 1.0000e-12  -74.17536 -113.34424  27.307476      95.67 5.9938e+01    458.939      11016  1029.6540  1029.6516    34.3033    34.3005    8.07538         24 0.0000e+00
    444.000    438.933    -0.1223  28.610650    -0.1183  28.612177     4.7586     4.8239    -0.0156    95.3144 1.0000e-12  -74.17536 -113.34424  27.307488      85.23 5.9938e+01    459.932      11039  1029.6591  1029.6568    34.3038    34.3014    8.07507         24 0.0000e+00
    445.000    439.922    -0.1163  28.617318    -0.1138  28.617481     4.7592     4.8251    -0.0134    95.2889 1.0000e-12  -74.17536 -113.34424  27.307499      96.42 5.9938e+01    460.920      11063  1029.6645  1029.6623    34.3054    34.3028    8.07372         23 0.0000e+00
    446.000    440.908    -0.1198  28.614600    -0.1183  28.613785     4.7586     4.8223    -0.0107    95.3244 1.0000e-12  -74.17536 -113.34424  27.307511      99.89 5.9938e+01    461.903      11087  1029.6694  1029.6671    34.3050    34.3023    8.07447         24 0.0000e+00
    447.000    441.894    -0.1179  28.617097    -0.1168  28.615814     4.7625     4.8227    -0.0067    95.3416 1.0000e-12  -74.17536 -113.34424  27.307522      99.86 5.9938e+01    462.877      11110  1029.6746  1029.6722    34.3057    34.3028    8.07405         23 0.0000e+00
    448.000    442.886    -0.1160  28.619274    -0.1142  28.618610     4.7659     4.8199    -0.0050    95.3681 1.0000e-12  -74.17536 -113.34424  27.307533      99.87 5.9938e+01    463.852      11133  1029.6793  1029.6768    34.3058    34.3030    8.07363         24 0.0000e+00
    449.000    443.871    -0.1174  28.618611    -0.1155  28.618146     4.7657     4.8261    -0.0167    95.3776 1.0000e-12  -74.17536 -113.34424  27.307544      99.87 5.9938e+01    464.838      11157  1029.6842  1029.6819    34.3059    34.3032    8.07392         24 0.0000e+00
    450.000    444.859    -0.1190  28.617914    -0.1168  28.617723     4.7663     4.8240    -0.0160    95.3908 1.0000e-12  -74.17536 -113.34424  27.307556      99.86 5.9938e+01    465.826      11181  1029.6894  1029.6871    34.3062    34.3035    8.07424         23 0.0000e+00
    451.000    445.846    -0.1198  28.618439    -0.1177  28.618081     4.7657     4.8205    -0.0107    95.3703 1.0000e-12  -74.17536 -113.34424  27.307567      99.86 5.9938e+01    466.813      11205  1029.6950  1029.6926    34.3072    34.3044    8.07435         24 0.0000e+00
    452.000    446.833    -0.1164  28.623337    -0.1148  28.622274     4.7602     4.8205    -0.0183    95.3786 1.0000e-12  -74.17536 -113.34424  27.307579      99.87 5.9938e+01    467.801      11228  1029.7011  1029.6985    34.3093    34.3062    8.07351         23 0.0000e+00
    453.000    447.822    -0.1111  28.629853    -0.1087  28.629520     4.7599     4.8225    -0.0103    95.3474 1.0000e-12  -74.17536 -113.34424  27.307590      99.87 5.9938e+01    468.780      11252  1029.7070  1029.7044    34.3114    34.3083    8.07228         23 0.0000e+00
    454.000    448.810    -0.1053  28.637522    -0.1031  28.637225     4.7555     4.8223    -0.0042    95.3335 1.0000e-12  -74.17536 -113.34424  27.307601      99.86 5.9938e+01    469.747      11275  1029.7138  1029.7113    34.3145    34.3116    8.07089         24 0.0000e+00
    455.000    449.796    -0.1005  28.643668    -0.0983  28.643287     4.7585     4.8205    -0.0116    95.3201 1.0000e-12  -74.17536 -113.34424  27.307612      99.86 5.9938e+01    470.721      11298  1029.7199  1029.7173    34.3167    34.3137    8.06974         23 0.0000e+00
    456.000    450.783    -0.0987  28.646270    -0.0963  28.646180     4.7552     4.8168    -0.0104    95.2714 1.0000e-12  -74.17536 -113.34424  27.307624      81.81 5.9938e+01    471.691      11322  1029.7252  1029.7228    34.3175    34.3147    8.06932         24 0.0000e+00
    457.000    451.772    -0.0986  28.646849    -0.0963  28.646607     4.7548     4.8196    -0.0049    95.2029 1.0000e-12  -74.17536 -113.34424  27.307635      85.17 5.9938e+01    472.664      11345  1029.7300  1029.7276    34.3176    34.3147    8.06929         23 0.0000e+00
    458.000    452.759    -0.0985  28.647232    -0.0961  28.647371     4.7563     4.8213    -0.0113    95.1516 1.0000e-12  -74.17536 -113.34424  27.307646      95.01 5.9938e+01    473.642      11368  1029.7346  1029.7325    34.3174    34.3149    8.06928         24 0.0000e+00
    459.000    453.747    -0.0976  28.648866    -0.0955  28.648683     4.7595     4.8187    -0.0112    95.1265 1.0000e-12  -74.17536 -113.34424  27.307658      99.88 5.9938e+01    474.628      11392  1029.7398  1029.7375    34.3180    34.3153    8.06907         23 0.0000e+00
    460.000    454.733    -0.0969  28.650090    -0.0949  28.649765     4.7582     4.8208    -0.0117    95.0827 1.0000e-12  -74.17536 -113.34424  27.307669      99.86 5.9938e+01    475.606      11416  1029.7447  1029.7424    34.3182    34.3155    8.06890         24 0.0000e+00
    461.000    455.721    -0.0966  28.650848    -0.0944  28.650584     4.7592     4.8226    -0.0171    95.0669 1.0000e-12  -74.17536 -113.34424  27.307680      99.86 5.9938e+01    476.590      11439  1029.7495  1029.7472    34.3183    34.3155    8.06883         24 0.0000e+00
    462.000    456.708    -0.0969  28.650989    -0.0948  28.650601     4.7563     4.8165    -0.0176    95.0640 1.0000e-12  -74.17536 -113.34424  27.307692      99.87 5.9938e+01    477.577      11463  1029.7542  1029.7518    34.3182    34.3153    8.06890         23 0.0000e+00
    463.000    457.697    -0.0970  28.651032    -0.0948  28.650826     4.7529     4.8165    -0.0117    95.0624 1.0000e-12  -74.17536 -113.34424  27.307703      99.87 5.9938e+01    478.554      11486  1029.7587  1029.7563    34.3178    34.3150    8.06895         24 0.0000e+00
    464.000    458.682    -0.0966  28.651722    -0.0948  28.651310     4.7537     4.8120    -0.0157    95.0561 1.0000e-12  -74.17536 -113.34424  27.307715      99.86 5.9938e+01    479.541      11510  1029.7633  1029.7611    34.3177    34.3151    8.06887         23 0.0000e+00
    465.000    459.672    -0.0964  28.652321    -0.0942  28.652190     4.7502     4.8174    -0.0129    95.0494 1.0000e-12  -74.17536 -113.34424  27.307726      99.86 5.9938e+01    480.527      11534  1029.7680  1029.7657    34.3177    34.3150    8.06883         24 0.0000e+00
    466.000    460.658    -0.0965  28.653080    -0.0944  28.652755     4.7528     4.8184    -0.0070    95.0415 1.0000e-12  -74.17536 -113.34424  27.307737      99.86 5.9938e+01    481.507      11557  1029.7731  1029.7708    34.3181    34.3153    8.06881         23 0.0000e+00
    467.000    461.646    -0.0959  28.654472    -0.0939  28.653817     4.7552     4.8174    -0.0043    95.0215 1.0000e-12  -74.17536 -113.34424  27.307749      99.86 5.9938e+01    482.481      11581  1029.7783  1029.7757    34.3187    34.3156    8.06865         24 0.0000e+00
    468.000    462.634    -0.0954  28.655419    -0.0930  28.655419     4.7538     4.8099    -0.0112    94.9933 1.0000e-12  -74.17536 -113.34424  27.307760      99.86 5.9938e+01    483.462      11604  1029.7831  1029.7808    34.3189    34.3162    8.06855         23 0.0000e+00
    469.000    463.620    -0.0960  28.655182    -0.0938  28.655014     4.7466     4.8079    -0.0193    95.0066 1.0000e-12  -74.17536 -113.34424  27.307771      99.86 5.9938e+01    484.438      11628  1029.7878  1029.7855    34.3186    34.3159    8.06869         24 0.0000e+00
    470.000    464.608    -0.0975  28.654268    -0.0953  28.654099     4.7505     4.8118    -0.0182    94.9901 1.0000e-12  -74.17536 -113.34424  27.307783      80.99 5.9938e+01    485.411      11651  1029.7925  1029.7902    34.3185    34.3158    8.06901         23 0.0000e+00
    471.000    465.595    -0.0916  28.662007    -0.0893  28.661572     4.7543     4.8157    -0.0026    94.9787 1.0000e-12  -74.17536 -113.34424  27.307794      95.73 5.9938e+01    486.390      11674  1029.7991  1029.7964    34.3215    34.3183    8.06759         24 0.0000e+00
    472.000    466.584    -0.0882  28.666061    -0.0860  28.665790     4.7516     4.8165    -0.0150    94.9837 1.0000e-12  -74.17536 -113.34424  27.307805      99.87 5.9938e+01    487.354      11698  1029.8044  1029.8019    34.3225    34.3197    8.06683         22 0.0000e+00
