ocean_section_plots/required_files/ctd/dnbp2202_ctd119.cnv
* Sea-Bird SBE 9 Data File:
* FileName = D:\Data\raw\NBP2202_CTD119.hex
* Software Version Seasave V 7.26.7.121
* Temperature SN = 1649
* Conductivity SN = 2513
* Number of Bytes Per Scan = 40
* Number of Voltage Words = 5
* Number of Scans Averaged by the Deck Unit = 1
* NMEA Latitude = 74 10.52 S
* NMEA Longitude = 113 20.65 W
* NMEA UTC (Time) = Jan 27 2022  10:17:54
* NMEA baud rate = 9600
** Ship: RVIB N.B. Palmer
** Cruise: NBP2202 Thwaites
** Station: YoYo001
** Operator: B. Bjork
# nquan = 25
# nvalues = 608                         
# units = specified
# name 0 = prDM: Pressure, Digiquartz [db]
# name 1 = depSM: Depth [salt water, m]
# name 2 = t090C: Temperature [ITS-90, deg C]
# name 3 = c0mS/cm: Conductivity [mS/cm]
# name 4 = t190C: Temperature, 2 [ITS-90, deg C]
# name 5 = c1mS/cm: Conductivity, 2 [mS/cm]
# name 6 = sbeox0ML/L: Oxygen, SBE 43 [ml/l]
# name 7 = sbeox1ML/L: Oxygen, SBE 43, 2 [ml/l]
# name 8 = flECO-AFL: Fluorescence, WET Labs ECO-AFL/FL [mg/m^3]
# name 9 = CStarTr0: Beam Transmission, WET Labs C-Star [%]
# name 10 = par: PAR/Irradiance, Biospherical/Licor
# name 11 = latitude: Latitude [deg]
# name 12 = longitude: Longitude [deg]
# name 13 = timeJ: Julian Days
# name 14 = altM: Altimeter [m]
# name 15 = spar: SPAR, Biospherical/Licor
# name 16 = timeS: Time, Elapsed [seconds]
# name 17 = scan: Scan Count
# name 18 = density00: Density [density, kg/m^3]
# name 19 = density11: Density, 2 [density, kg/m^3]
# name 20 = sal00: Salinity, Practical [PSU]
# name 21 = sal11: Salinity, Practical, 2 [PSU]
# name 22 = oxsolML/L: Oxygen Saturation, Garcia & Gordon [ml/l]
# name 23 = nbin: number of scans per bin
# name 24 = flag: flag
# span 0 =     10.000,    617.000       
# span 1 =      9.896,    609.704       
# span 2 =    -1.3865,     0.0999       
# span 3 =  27.052582,  28.935459       
# span 4 =    -1.3850,     0.1017       
# span 5 =  27.051836,  28.934934       
# span 6 =     4.6810,     8.7679       
# span 7 =     4.7318,     8.6992       
# span 8 =    -0.0228,    24.8557       
# span 9 =    69.5520,    95.6108       
# span 10 = 1.0000e-12, 3.7285e+00      
# span 11 =  -74.17538,  -74.17536      
# span 12 = -113.34424, -113.34422      
# span 13 =  27.429536,  27.436998      
# span 14 =       6.91,     100.02      
# span 15 = 2.3269e+02, 2.6620e+02      
# span 16 =     37.954,    682.648      
# span 17 =        912,      16385      
# span 18 =  1027.2193,  1030.5237      
# span 19 =  1027.2177,  1030.5213      
# span 20 =    33.7833,    34.3833      
# span 21 =    33.7812,    34.3807      
# span 22 =    8.02388,    8.37536      
# span 23 =         17,         46      
# span 24 = 0.0000e+00, 0.0000e+00      
# interval = decibars: 1                
# start_time = Jan 27 2022 10:17:54 [NMEA time, header]
# bad_flag = -9.990e-29
*END*
[from data line 580]
    590.000    583.063     0.0769  28.900986     0.0806  28.902413     4.6957     4.7422    -0.0079    95.0467 1.0000e-12  -74.17536 -113.34423  27.436499      34.85 2.3446e+02    639.479      15349  1030.3949  1030.3928    34.3788    34.3765    8.02895         25 0.0000e+00
    591.000    584.050     0.0750  28.899419     0.0783  28.900759     4.6929     4.7480    -0.0077    95.0495 1.0000e-12  -74.17536 -113.34423  27.436511      33.80 2.3446e+02    640.528      15374  1030.3995  1030.3976    34.3783    34.3764    8.02938         25 0.0000e+00
    592.000    585.037     0.0759  28.900790     0.0784  28.901131     4.6958     4.7423    -0.0086    95.0444 1.0000e-12  -74.17536 -113.34423  27.436523      32.83 2.3446e+02    641.577      15399  1030.4042  1030.4021    34.3785    34.3761    8.02918         25 0.0000e+00
    593.000    586.024     0.0706  28.896040     0.0734  28.896695     4.6923     4.7445    -0.0083    95.0558 1.0000e-12  -74.17536 -113.34424  27.436535      31.77 2.3446e+02    642.627      15424  1030.4087  1030.4066    34.3776    34.3753    8.03034         25 0.0000e+00
    594.000    587.010     0.0708  28.896847     0.0729  28.896533     4.6946     4.7466    -0.0080    95.0599 1.0000e-12  -74.17536 -113.34424  27.436547      30.80 2.3446e+02    643.668      15449  1030.4135  1030.4112    34.3778    34.3751    8.03028         25 0.0000e+00
    595.000    587.998     0.0707  28.896904     0.0726  28.896593     4.6925     4.7467     0.0037    95.0506 1.0000e-12  -74.17536 -113.34424  27.436559      29.71 2.3446e+02    644.709      15474  1030.4179  1030.4158    34.3774    34.3749    8.03032         25 0.0000e+00
    596.000    588.984     0.0687  28.895513     0.0716  28.895964     4.6920     4.7475    -0.0039    95.0670 1.0000e-12  -74.17536 -113.34424  27.436571      28.75 2.3446e+02    645.747      15499  1030.4227  1030.4203    34.3773    34.3746    8.03075         25 0.0000e+00
    597.000    589.971     0.0743  28.901660     0.0736  28.898541     4.6974     4.7455    -0.0077    95.0569 1.0000e-12  -74.17536 -113.34424  27.436583      27.66 2.3446e+02    646.783      15524  1030.4279  1030.4253    34.3785    34.3752    8.02951         25 0.0000e+00
    598.000    590.958     0.0764  28.903986     0.0780  28.903277     4.6947     4.7463    -0.0077    95.0466 1.0000e-12  -74.17536 -113.34424  27.436595      26.64 2.3446e+02    647.824      15549  1030.4325  1030.4302    34.3787    34.3760    8.02907         25 0.0000e+00
    599.000    591.945     0.0763  28.904543     0.0785  28.904357     4.6934     4.7473    -0.0077    95.0823 1.0000e-12  -74.17536 -113.34424  27.436607      25.68 2.3446e+02    648.867      15574  1030.4374  1030.4351    34.3789    34.3762    8.02907         25 0.0000e+00
    600.000    592.929     0.0785  28.907340     0.0813  28.907645     4.6926     4.7450    -0.0080    95.0841 1.0000e-12  -74.17536 -113.34424  27.436619      24.72 2.3446e+02    649.914      15599  1030.4424  1030.4401    34.3795    34.3769    8.02857         23 0.0000e+00
    601.000    593.918     0.0764  28.905310     0.0787  28.905353     4.6889     4.7454    -0.0093    95.0653 1.0000e-12  -74.17536 -113.34424  27.436632      23.51 2.3446e+02    650.980      15625  1030.4467  1030.4445    34.3787    34.3761    8.02907         27 0.0000e+00
    602.000    594.906     0.0796  28.908905     0.0806  28.907562     4.6943     4.7473    -0.0085    95.0658 1.0000e-12  -74.17536 -113.34424  27.436645      22.50 2.3446e+02    652.146      15653  1030.4516  1030.4491    34.3793    34.3763    8.02837         29 0.0000e+00
    603.000    595.892     0.0799  28.909730     0.0796  28.907273     4.6930     4.7457    -0.0143    95.0757 1.0000e-12  -74.17536 -113.34424  27.436660      21.46 2.3446e+02    653.425      15683  1030.4563  1030.4540    34.3793    34.3765    8.02828         32 0.0000e+00
    604.000    596.877     0.0807  28.911030     0.0815  28.909549     4.6888     4.7388    -0.0106    95.0664 1.0000e-12  -74.17536 -113.34424  27.436676      20.45 2.3446e+02    654.794      15716  1030.4611  1030.4589    34.3796    34.3768    8.02810         33 0.0000e+00
    605.000    597.867     0.0866  28.917521     0.0862  28.914814     4.6909     4.7355    -0.0141    95.0570 1.0000e-12  -74.17536 -113.34424  27.436692      19.40 2.3446e+02    656.183      15749  1030.4664  1030.4640    34.3810    34.3779    8.02680         34 0.0000e+00
    606.000    598.852     0.0871  28.918597     0.0888  28.918083     4.6907     4.7412    -0.0077    95.0782 1.0000e-12  -74.17536 -113.34424  27.436709      18.36 2.3446e+02    657.618      15784  1030.4714  1030.4691    34.3813    34.3787    8.02668         33 0.0000e+00
    607.000    599.838     0.0878  28.919711     0.0900  28.919681     4.6918     4.7404    -0.0030    95.0774 1.0000e-12  -74.17536 -113.34424  27.436726      17.39 2.3408e+02    659.123      15820  1030.4761  1030.4739    34.3814    34.3789    8.02652         37 0.0000e+00
    608.000    600.825     0.0872  28.919546     0.0891  28.919283     4.6905     4.7385    -0.0060    95.0168 1.0000e-12  -74.17536 -113.34424  27.436744      16.38 2.3371e+02    660.659      15857  1030.4808  1030.4787    34.3812    34.3787    8.02666         35 0.0000e+00
    609.000    601.812     0.0877  28.920770     0.0895  28.920152     4.6915     4.7398    -0.0065    95.1121 1.0000e-12  -74.17536 -113.34424  27.436762      15.36 2.3376e+02    662.214      15894  1030.4858  1030.4835    34.3817    34.3789    8.02652         35 0.0000e+00
    610.000    602.799     0.0886  28.922042     0.0902  28.921339     4.6893     4.7371    -0.0079    95.1005 1.0000e-12  -74.17536 -113.34424  27.436780      14.31 2.3378e+02    663.797      15932  1030.4905  1030.4883    34.3818    34.3791    8.02633         39 0.0000e+00
    611.000    603.786     0.0899  28.923721     0.0926  28.923877     4.6831     4.7376    -0.0089    95.0930 1.0000e-12  -74.17536 -113.34424  27.436800      13.29 2.3378e+02    665.495      15973  1030.4953  1030.4928    34.3820    34.3792    8.02605         36 0.0000e+00
    612.000    604.773     0.0917  28.925557     0.0938  28.925299     4.6848     4.7393    -0.0159    95.1033 1.0000e-12  -74.17538 -113.34424  27.436820      12.29 2.3340e+02    667.232      16015  1030.4997  1030.4974    34.3818    34.3791    8.02568         40 0.0000e+00
    613.000    605.759     0.0907  28.924990     0.0928  28.924782     4.6839     4.7392    -0.0104    95.1207 1.0000e-12  -74.17538 -113.34424  27.436841      11.27 2.3333e+02    669.040      16058  1030.5044  1030.5021    34.3816    34.3790    8.02591         42 0.0000e+00
    614.000    606.747     0.0913  28.926142     0.0931  28.925537     4.6863     4.7318    -0.0033    95.1037 1.0000e-12  -74.17536 -113.34424  27.436865      10.20 2.3284e+02    671.135      16108  1030.5093  1030.5069    34.3819    34.3791    8.02577         46 0.0000e+00
    615.000    607.731     0.0962  28.931437     0.0985  28.931410     4.6810     4.7323    -0.0087    95.0945 1.0000e-12  -74.17536 -113.34424  27.436890       9.20 2.3269e+02    673.298      16160  1030.5143  1030.5120    34.3828    34.3801    8.02469         41 0.0000e+00
    616.000    608.719     0.0999  28.935459     0.1017  28.934934     4.6847     4.7372    -0.0084    95.0965 1.0000e-12  -74.17536 -113.34424  27.436915       8.19 2.3270e+02    675.496      16213  1030.5191  1030.5168    34.3833    34.3807    8.02388         43 0.0000e+00
    617.000    609.704     0.0943  28.930373     0.0958  28.929538     4.6914     4.7388    -0.0124    95.1158 1.0000e-12  -74.17536 -113.34424  27.436998       6.91 2.3302e+02    682.648      16385  1030.5237  1030.5213    34.3824    34.3795    8.02512         46 0.0000e+00
