ocean_section_plots/required_files/ctd/dnbp2202_ctd239.cnv
* Sea-Bird SBE 9 Data File:
* FileName = D:\Data\raw\NBP2202_CTD239.hex
* Software Version Seasave V 7.26.7.121
* Temperature SN = 1649
* Conductivity SN = 2513
* Number of Bytes Per Scan = 40
* Number of Voltage Words = 5
* Number of Scans Averaged by the Deck Unit = 1
* NMEA Latitude = 73 46.97 S
* NMEA Longitude = 118 43.94 W
* NMEA UTC (Time) = Feb 14 2022  00:56:14
* NMEA baud rate = 9600
** Ship: RVIB N.B. Palmer
** Cruise: NBP2202 Thwaites
** Station: 149
** Operator: A. Robinson
# nquan = 28
# nvalues = 306                         
# units = specified
# name 0 = prDM: Pressure, Digiquartz [db]
# name 1 = depSM: Depth [salt water, m]
# name 2 = t090C: Temperature [ITS-90, deg C]
# name 3 = c0mS/cm: Conductivity [mS/cm]
# name 4 = t190C: Temperature, 2 [ITS-90, deg C]
# name 5 = c1mS/cm: Conductivity, 2 [mS/cm]
# name 6 = sbeox0ML/L: Oxygen, SBE 43 [ml/l]
# name 7 = sbeox1ML/L: Oxygen, SBE 43, 2 [ml/l]
# name 8 = flECO-AFL: Fluorescence, WET Labs ECO-AFL/FL [mg/m^3]
# name 9 = CStarTr0: Beam Transmission, WET Labs C-Star [%]
# name 10 = par: PAR/Irradiance, Biospherical/Licor
# name 11 = latitude: Latitude [deg]
# name 12 = longitude: Longitude [deg]
# name 13 = timeJ: Julian Days
# name 14 = altM: Altimeter [m]
# name 15 = spar: SPAR, Biospherical/Licor
# name 16 = timeS: Time, Elapsed [seconds]
# name 17 = scan: Scan Count
# name 18 = density00: Density [density, kg/m^3]
# name 19 = density11: Density, 2 [density, kg/m^3]
# name 20 = v3: Voltage 3
# name 21 = v4: Voltage 4
# name 22 = v5: Voltage 5
# name 23 = sal00: Salinity, Practical [PSU]
# name 24 = sal11: Salinity, Practical, 2 [PSU]
# name 25 = oxsolML/L: Oxygen Saturation, Garcia & Gordon [ml/l]
# name 26 = nbin: number of scans per bin
# name 27 = flag: flag
# span 0 =      2.000,    307.000       
# span 1 =      1.980,    303.599       
# span 2 =    -1.5946,     0.0047       
# span 3 =  27.061513,  28.185376       
# span 4 =    -1.5940,     0.0043       
# span 5 =  27.061221,  28.183677       
# span 6 =     5.9580,     9.0401       
# span 7 =     6.2674,     9.3804       
# span 8 =     0.4138,    13.1757       
# span 9 =    85.1857,    96.2762       
# span 10 = 1.0000e-12, 5.8704e+02      
# span 11 =  -73.78292,  -73.78292      
# span 12 = -118.73238, -118.73232      
# span 13 =  45.041900,  45.047293      
# span 14 =       4.13,     100.66      
# span 15 = 1.4201e+03, 1.4459e+03      
# span 16 =    246.127,    712.078      
# span 17 =       5908,      17091      
# span 18 =  1027.1941,  1028.8924      
# span 19 =  1027.1919,  1028.8913      
# span 20 =     4.0413,     4.5672      
# span 21 =     0.1437,     1.9538      
# span 22 =     0.1238,     0.2118      
# span 23 =    33.8543,    34.0736      
# span 24 =    33.8533,    34.0718      
# span 25 =    8.07356,    8.41391      
# span 26 =          2,         44      
# span 27 = 0.0000e+00, 0.0000e+00      
# interval = decibars: 1                
# start_time = Feb 14 2022 00:56:14 [NMEA time, header]
# bad_flag = -9.990e-29
*END*
[from data line 52]
     54.000     53.436    -0.3745  27.898969    -0.3734  27.899563     8.4347     8.7780     5.7447    88.3766 1.0000e-12  -73.78292 -118.73234  45.043147      99.69 1.4367e+03    353.901       8495  1027.4753  1027.4750     4.1927     0.9939     0.1613    33.8722    33.8718    8.15339         32 0.0000e+00
     55.000     54.425    -0.3883  27.889250    -0.3892  27.888366     8.4187     8.7544     4.6577    88.0880 1.0000e-12  -73.78292 -118.73234  45.043163      99.76 1.4366e+03    355.293       8528  1027.4819  1027.4819     4.1789     0.8348     0.1752    33.8740    33.8738    8.15626         35 0.0000e+00
     56.000     55.413    -0.4010  27.880932    -0.3999  27.881537     8.3969     8.7392     4.7167    88.8502 1.0000e-12  -73.78292 -118.73234  45.043182      99.73 1.4345e+03    356.925       8567  1027.4889  1027.4885     4.2151     0.8662     0.1708    33.8764    33.8760    8.15884         39 0.0000e+00
     57.000     56.403    -0.4072  27.877352    -0.4066  27.877358     8.3933     8.7251     4.4962    89.2605 1.0000e-12  -73.78292 -118.73234  45.043200      99.77 1.4338e+03    358.447       8604  1027.4948  1027.4943     4.2345     0.7938     0.1518    33.8780    33.8773    8.16010         32 0.0000e+00
     58.000     57.393    -0.4089  27.876745    -0.4075  27.877058     8.3980     8.7141     4.0020    89.8903 1.0000e-12  -73.78292 -118.73234  45.043214      99.70 1.4359e+03    359.695       8634  1027.4997  1027.4988     4.2644     0.9653     0.1610    33.8784    33.8773    8.16043         29 0.0000e+00
     59.000     58.382    -0.4159  27.872151    -0.4149  27.872563     8.3798     8.7113     5.1262    89.4898 1.0000e-12  -73.78292 -118.73234  45.043230      99.75 1.4363e+03    361.090       8667  1027.5055  1027.5050     4.2452     0.8608     0.1552    33.8795    33.8789    8.16188         35 0.0000e+00
     60.000     59.370    -0.4179  27.871225    -0.4167  27.871718     8.3669     8.7049     5.5760    89.7266 1.0000e-12  -73.78292 -118.73234  45.043250      99.73 1.4349e+03    362.776       8708  1027.5103  1027.5097     4.2570     0.9070     0.1683    33.8799    33.8792    8.16229         34 0.0000e+00
     61.000     60.361    -0.4216  27.869119    -0.4211  27.867699     8.3590     8.6933     9.4173    90.9856 1.0000e-12  -73.78292 -118.73234  45.043266      99.65 1.4349e+03    364.157       8741  1027.5157  1027.5136     4.3160     1.0876     0.1662    33.8805    33.8780    8.16304         29 0.0000e+00
     62.000     61.350    -0.4256  27.866673    -0.4248  27.866773     8.3621     8.6913     6.2451    89.2699 1.0000e-12  -73.78292 -118.73234  45.043279      99.75 1.4363e+03    365.333       8769  1027.5209  1027.5203     4.2352     0.8731     0.1670    33.8811    33.8803    8.16386         30 0.0000e+00
     63.000     62.340    -0.4261  27.867253    -0.4251  27.867435     8.3615     8.6876     7.4960    89.5604 1.0000e-12  -73.78292 -118.73234  45.043296      99.76 1.4367e+03    366.746       8803  1027.5261  1027.5254     4.2487     0.8370     0.1588    33.8818    33.8810    8.16393         38 0.0000e+00
     64.000     63.329    -0.4231  27.870155    -0.4239  27.868900     8.3652     8.6911     7.4526    89.9412 1.0000e-12  -73.78292 -118.73234  45.043315      99.74 1.4367e+03    368.389       8842  1027.5304  1027.5299     4.2669     0.8856     0.1632    33.8818    33.8810    8.16329         39 0.0000e+00
     65.000     64.319    -0.4237  27.870187    -0.4232  27.870061     8.3698     8.6864     6.7978    89.3907 1.0000e-12  -73.78292 -118.73234  45.043332      99.67 1.4367e+03    369.859       8878  1027.5353  1027.5346     4.2407     1.0363     0.1539    33.8819    33.8812    8.16342         31 0.0000e+00
     66.000     65.308    -0.4222  27.871913    -0.4207  27.872311     8.3742     8.6865     6.6335    89.8824 1.0000e-12  -73.78292 -118.73236  45.043347      99.61 1.4361e+03    371.163       8909  1027.5398  1027.5388     4.2641     1.1580     0.1851    33.8819    33.8808    8.16309         30 0.0000e+00
     67.000     66.298    -0.4209  27.873493    -0.4197  27.873775     8.3589     8.6836     5.5380    88.4262 1.0000e-12  -73.78292 -118.73236  45.043362      99.66 1.4369e+03    372.511       8941  1027.5445  1027.5436     4.1950     0.9012     0.1670    33.8820    33.8810    8.16281         35 0.0000e+00
     68.000     67.286    -0.4237  27.872013    -0.4217  27.872939     8.3494     8.6792     5.2092    89.9753 1.0000e-12  -73.78292 -118.73236  45.043380      98.30 1.4364e+03    374.074       8979  1027.5497  1027.5488     4.2685     0.7697     0.1529    33.8825    33.8815    8.16337         38 0.0000e+00
     69.000     68.275    -0.4262  27.870629    -0.4249  27.871036     8.3437     8.6777     5.6451    89.1562 1.0000e-12  -73.78292 -118.73236  45.043398      99.70 1.4360e+03    375.562       9014  1027.5550  1027.5541     4.2296     0.9604     0.1626    33.8829    33.8819    8.16390         34 0.0000e+00
     70.000     69.265    -0.4278  27.869958    -0.4268  27.870095     8.3287     8.6622     5.8935    89.7152 1.0000e-12  -73.78292 -118.73236  45.043414      99.71 1.4361e+03    376.938       9048  1027.5600  1027.5592     4.2561     0.9529     0.1753    33.8832    33.8822    8.16423         32 0.0000e+00
     71.000     70.254    -0.4275  27.871403    -0.4272  27.870734     8.3224     8.6602     6.2704    88.1209 1.0000e-12  -73.78292 -118.73236  45.043430      99.62 1.4367e+03    378.319       9081  1027.5655  1027.5645     4.1805     1.1216     0.1708    33.8841    33.8829    8.16411         34 0.0000e+00
     72.000     71.245    -0.4269  27.872924    -0.4263  27.872727     8.3165     8.6467     6.3571    88.3665 1.0000e-12  -73.78292 -118.73237  45.043446      99.79 1.4365e+03    379.743       9115  1027.5708  1027.5700     4.1922     0.7597     0.1555    33.8849    33.8840    8.16393         34 0.0000e+00
     73.000     72.233    -0.4257  27.876243    -0.4253  27.875128     8.3010     8.6123     5.3814    89.9148 1.0000e-12  -73.78292 -118.73238  45.043462      99.72 1.4383e+03    381.120       9148  1027.5774  1027.5759     4.2656     0.9092     0.1568    33.8873    33.8854    8.16353         32 0.0000e+00
     74.000     73.222    -0.4170  27.885907    -0.4151  27.886320     8.2712     8.5695     6.0882    89.6696 1.0000e-12  -73.78292 -118.73237  45.043478      99.67 1.4403e+03    382.490       9181  1027.5837  1027.5824     4.2539     1.0340     0.1676    33.8899    33.8884    8.16150         34 0.0000e+00
     75.000     74.212    -0.4141  27.888644    -0.4131  27.888976     8.2087     8.5250     7.1748    89.1347 1.0000e-12  -73.78292 -118.73238  45.043494      99.73 1.4390e+03    383.901       9215  1027.5882  1027.5876     4.2288     0.9154     0.1662    33.8898    33.8892    8.16089         34 0.0000e+00
     76.000     75.201    -0.4866  27.830851    -0.4854  27.833518     8.1734     8.4875     6.1296    90.2001 1.0000e-12  -73.78292 -118.73238  45.043510      98.98 1.4386e+03    385.301       9248  1027.6006  1027.6023     4.2789     1.1635     0.1659    33.8927    33.8949    8.17635         33 0.0000e+00
     77.000     76.191    -0.5077  27.814926    -0.5071  27.814815     8.1473     8.4584     6.7889    88.9627 1.0000e-12  -73.78292 -118.73238  45.043527      98.97 1.4412e+03    386.732       9283  1027.6078  1027.6071     4.2205     0.8851     0.1699    33.8943    33.8935    8.18081         34 0.0000e+00
     78.000     77.179    -0.5137  27.810221    -0.5135  27.810148     8.1110     8.4361     5.2242    88.4033 1.0000e-12  -73.78292 -118.73238  45.043544      99.70 1.4423e+03    388.227       9318  1027.6125  1027.6122     4.1939     0.9737     0.1662    33.8941    33.8937    8.18211         35 0.0000e+00
     79.000     78.169    -0.5443  27.786314    -0.5440  27.786852     8.0844     8.4141     6.0834    89.6788 1.0000e-12  -73.78292 -118.73238  45.043561      99.66 1.4396e+03    389.626       9352  1027.6203  1027.6206     4.2544     1.0324     0.1812    33.8955    33.8959    8.18864         32 0.0000e+00
     80.000     79.158    -0.5559  27.777408    -0.5529  27.779750     8.0742     8.3954     6.9379    88.0773 1.0000e-12  -73.78292 -118.73238  45.043576      99.71 1.4395e+03    390.998       9385  1027.6259  1027.6254     4.1785     0.9488     0.1651    33.8959    33.8957    8.19113         35 0.0000e+00
     81.000     80.148    -0.5652  27.771351    -0.5645  27.771429     8.0727     8.3866     5.0200    89.7786 1.0000e-12  -73.78292 -118.73238  45.043593      99.70 1.4392e+03    392.461       9420  1027.6322  1027.6317     4.2591     0.9779     0.1710    33.8976    33.8969    8.19304         35 0.0000e+00
     82.000     81.136    -0.5691  27.768852    -0.5672  27.769686     8.0848     8.3864     5.7355    90.6408 1.0000e-12  -73.78292 -118.73238  45.043610      99.77 1.4421e+03    393.912       9455  1027.6372  1027.6363     4.3000     0.7878     0.1646    33.8980    33.8969    8.19387         35 0.0000e+00
     83.000     82.126    -0.5644  27.773080    -0.5641  27.772574     8.0822     8.3925     5.8814    90.3741 1.0000e-12  -73.78292 -118.73238  45.043627      99.78 1.4423e+03    395.362       9490  1027.6412  1027.6404     4.2874     0.7714     0.1710    33.8978    33.8967    8.19286         32 0.0000e+00
     84.000     83.116    -0.5678  27.771258    -0.5660  27.772003     8.0797     8.3858     4.6048    90.4324 1.0000e-12  -73.78292 -118.73238  45.043643      99.72 1.4403e+03    396.752       9523  1027.6466  1027.6457     4.2901     0.9493     0.1702    33.8985    33.8975    8.19355         33 0.0000e+00
     85.000     84.105    -0.5658  27.773560    -0.5649  27.773561     8.0703     8.3798     3.8871    90.8860 1.0000e-12  -73.78292 -118.73238  45.043658      99.75 1.4394e+03    398.067       9555  1027.6512  1027.6503     4.3116     0.8331     0.1667    33.8988    33.8977    8.19311         30 0.0000e+00
     86.000     85.092    -0.5698  27.771612    -0.5676  27.773005     8.0624     8.3750     4.7300    90.7549 1.0000e-12  -73.78292 -118.73238  45.043672      99.39 1.4395e+03    399.301       9584  1027.6572  1027.6565     4.3054     0.9216     0.1551    33.9000    33.8994    8.19390         29 0.0000e+00
     87.000     86.084    -0.5733  27.769704    -0.5719  27.770108     8.0627     8.3575     4.8638    90.1971 1.0000e-12  -73.78292 -118.73238  45.043687      99.78 1.4402e+03    400.559       9614  1027.6626  1027.6617     4.2789     0.7610     0.1621    33.9007    33.8997    8.19461         32 0.0000e+00
     88.000     87.071    -0.5789  27.765593    -0.5769  27.766595     8.0127     8.3226     5.8153    91.3349 1.0000e-12  -73.78292 -118.73238  45.043702      99.78 1.4389e+03    401.868       9646  1027.6678  1027.6669     4.3329     0.7826     0.1558    33.9008    33.8999    8.19581         30 0.0000e+00
     89.000     88.063    -0.5886  27.758404    -0.5875  27.758964     7.9740     8.2867     6.7011    90.6482 1.0000e-12  -73.78292 -118.73238  45.043717      99.76 1.4376e+03    403.108       9676  1027.6736  1027.6732     4.3003     0.7971     0.1577    33.9014    33.9009    8.19789         30 0.0000e+00
     90.000     89.051    -0.6116  27.740432    -0.6116  27.740688     7.9304     8.2505     5.7713    90.4925 1.0000e-12  -73.78292 -118.73236  45.043731      99.72 1.4371e+03    404.365       9706  1027.6807  1027.6810     4.2930     0.9501     0.1568    33.9024    33.9027    8.20282         30 0.0000e+00
     91.000     90.041    -0.6427  27.716967    -0.6418  27.717411     7.9006     8.2150     6.6472    90.7966 1.0000e-12  -73.78292 -118.73236  45.043746      99.74 1.4359e+03    405.640       9736  1027.6895  1027.6891     4.3074     0.8789     0.1669    33.9050    33.9046    8.20942         31 0.0000e+00
     92.000     91.029    -0.6503  27.711929    -0.6488  27.712337     7.8697     8.1842     4.6365    91.1430 1.0000e-12  -73.78292 -118.73236  45.043760      99.80 1.4352e+03    406.835       9765  1027.6954  1027.6944     4.3238     0.7557     0.1528    33.9061    33.9049    8.21101         27 0.0000e+00
     93.000     92.018    -0.6657  27.699887    -0.6651  27.700177     7.8539     8.1506     5.7454    90.4197 1.0000e-12  -73.78292 -118.73236  45.043772      99.78 1.4365e+03    407.942       9792  1027.7013  1027.7012     4.2895     0.7870     0.1643    33.9065    33.9063    8.21432         26 0.0000e+00
     94.000     93.008    -0.6857  27.685526    -0.6862  27.684895     7.8190     8.1137     3.4186    89.6155 1.0000e-12  -73.78292 -118.73236  45.043786      99.78 1.4378e+03    409.091       9819  1027.7092  1027.7091     4.2514     0.7753     0.1566    33.9090    33.9087    8.21854         30 0.0000e+00
     95.000     93.997    -0.7012  27.674277    -0.7022  27.673349     7.7862     8.0739     4.0741    89.7937 1.0000e-12  -73.78292 -118.73236  45.043801      99.82 1.4368e+03    410.398       9851  1027.7160  1027.7160     4.2599     0.6590     0.1445    33.9105    33.9105    8.22182         31 0.0000e+00
     96.000     94.985    -0.7133  27.665371    -0.7136  27.664798     7.7377     8.0370     4.9345    90.0424 1.0000e-12  -73.78292 -118.73235  45.043815      99.82 1.4372e+03    411.624       9880  1027.7220  1027.7217     4.2717     0.6674     0.1559    33.9115    33.9110    8.22440         27 0.0000e+00
     97.000     95.977    -0.7485  27.638906    -0.7493  27.638390     7.7000     8.0056     5.5215    89.8157 1.0000e-12  -73.78292 -118.73235  45.043827      99.84 1.4390e+03    412.685       9905  1027.7315  1027.7317     4.2605     0.6011     0.1579    33.9146    33.9148    8.23188         25 0.0000e+00
     98.000     96.963    -0.7628  27.628589    -0.7641  27.627563     7.6783     7.9794     4.1410    88.9834 1.0000e-12  -73.78292 -118.73235  45.043840      99.78 1.4384e+03    413.757       9931  1027.7381  1027.7382     4.2217     0.7604     0.1726    33.9162    33.9161    8.23493         28 0.0000e+00
     99.000     97.954    -0.7809  27.615455    -0.7798  27.616170     7.6506     7.9494     4.1626    89.9943 1.0000e-12  -73.78292 -118.73234  45.043854      99.82 1.4394e+03    414.947       9960  1027.7453  1027.7449     4.2694     0.6338     0.1723    33.9181    33.9178    8.23877         28 0.0000e+00
    100.000     98.943    -0.8047  27.597705    -0.8050  27.597633     7.6200     7.9175     3.5766    89.6984 1.0000e-12  -73.78292 -118.73234  45.043867      99.81 1.4404e+03    416.119       9988  1027.7530  1027.7532     4.2553     0.6845     0.1588    33.9202    33.9205    8.24385         28 0.0000e+00
    101.000     99.932    -0.8247  27.583278    -0.8248  27.582670     7.6075     7.8964     4.3223    90.4740 1.0000e-12  -73.78292 -118.73234  45.043881      99.79 1.4398e+03    417.279      10016  1027.7605  1027.7600     4.2921     0.7606     0.1635    33.9225    33.9218    8.24808         29 0.0000e+00
    102.000    100.922    -0.8393  27.573152    -0.8391  27.573123     7.5875     7.8793     4.0872    90.3444 1.0000e-12  -73.78292 -118.73234  45.043895      99.79 1.4391e+03    418.507      10045  1027.7676  1027.7673     4.2860     0.7270     0.1601    33.9246    33.9243    8.25117         30 0.0000e+00
    103.000    101.911    -0.8638  27.555534    -0.8637  27.553034     7.5744     7.8651     3.7466    90.4619 1.0000e-12  -73.78292 -118.73234  45.043909      99.80 1.4380e+03    419.713      10074  1027.7759  1027.7731     4.2915     0.6690     0.1624    33.9276    33.9241    8.25635         27 0.0000e+00
    104.000    102.899    -0.8772  27.545511    -0.8742  27.547639     7.5576     7.8397     3.5595    90.0229 1.0000e-12  -73.78292 -118.73234  45.043921      99.73 1.4371e+03    420.809      10100  1027.7820  1027.7813     4.2707     0.9178     0.1679    33.9285    33.9280    8.25925         26 0.0000e+00
