ocean_section_plots/required_files/ctd/dnbp2202_ctd081.cnv
* Sea-Bird SBE 9 Data File:
* FileName = D:\Data\raw\NBP2202_CTD081.hex
* Software Version Seasave V 7.26.7.121
* Temperature SN = 1649
* Conductivity SN = 2513
* Number of Bytes Per Scan = 40
* Number of Voltage Words = 5
* Number of Scans Averaged by the Deck Unit = 1
* NMEA Latitude = 74 10.51 S
* NMEA Longitude = 113 20.67 W
* NMEA UTC (Time) = Jan 26 2022  17:39:01
* NMEA baud rate = 9600
** Ship: RVIB N.B. Palmer
** Cruise: NBP2202 Thwaites
** Station: YoYo001
** Operator: A. Robinson
# nquan = 25
# nvalues = 607                         
# units = specified
# name 0 = prDM: Pressure, Digiquartz [db]
# name 1 = depSM: Depth [salt water, m]
# name 2 = t090C: Temperature [ITS-90, deg C]
# name 3 = c0mS/cm: Conductivity [mS/cm]
# name 4 = t190C: Temperature, 2 [ITS-90, deg C]
# name 5 = c1mS/cm: Conductivity, 2 [mS/cm]
# name 6 = sbeox0ML/L: Oxygen, SBE 43 [ml/l]
# name 7 = sbeox1ML/L: Oxygen, SBE 43, 2 [ml/l]
# name 8 = flECO-AFL: Fluorescence, WET Labs ECO-AFL/FL [mg/m^3]
# name 9 = CStarTr0: Beam Transmission, WET Labs C-Star [%]
# name 10 = par: PAR/Irradiance, Biospherical/Licor
# name 11 = latitude: Latitude [deg]
# name 12 = longitude: Longitude [deg]
# name 13 = timeJ: Julian Days
# name 14 = altM: Altimeter [m]
# name 15 = spar: SPAR, Biospherical/Licor
# name 16 = timeS: Time, Elapsed [seconds]
# name 17 = scan: Scan Count
# name 18 = density00: Density [density, kg/m^3]
# name 19 = density11: Density, 2 [density, kg/m^3]
# name 20 = sal00: Salinity, Practical [PSU]
# name 21 = sal11: Salinity, Practical, 2 [PSU]
# name 22 = oxsolML/L: Oxygen Saturation, Garcia & Gordon [ml/l]
# name 23 = nbin: number of scans per bin
# name 24 = flag: flag
# span 0 =     10.000,    616.000       
# span 1 =      9.895,    608.719       
# span 2 =    -1.5488,     0.0869       
# span 3 =  26.945016,  28.920442       
# span 4 =    -1.5476,     0.0893       
# span 5 =  26.944862,  28.920706       
# span 6 =     4.7010,     8.5002       
# span 7 =     4.7874,     8.5026       
# span 8 =    -0.0226,    24.2660       
# span 9 =    69.9191,    95.7746       
# span 10 = 1.0000e-12, 6.2852e+01      
# span 11 =  -74.17530,  -74.17528      
# span 12 = -113.34462, -113.34458      
# span 13 =  26.735745,  26.744791      
# span 14 =       4.74,     100.01      
# span 15 = 1.6748e+03, 1.8971e+03      
# span 16 =     27.394,    808.928      
# span 17 =        658,      19415      
# span 18 =  1027.2275,  1030.5163      
# span 19 =  1027.2258,  1030.5142      
# span 20 =    33.7978,    34.3786      
# span 21 =    33.7954,    34.3762      
# span 22 =    8.02686,    8.40707      
# span 23 =          7,         54      
# span 24 = 0.0000e+00, 0.0000e+00      
# interval = decibars: 1                
# start_time = Jan 26 2022 17:39:01 [NMEA time, header]
# bad_flag = -9.990e-29
*END*
[from data line 58]
     68.000     67.285    -1.4902  26.959745    -1.4878  26.960417     5.8147     5.9250     1.7277    91.1261 1.0000e-12  -74.17528 -113.34460  26.737010      98.93 1.8165e+03    136.675       3281  1027.5590  1027.5574    33.8421    33.8403    8.40085         36 0.0000e+00
     69.000     68.275    -1.4865  26.962724    -1.4867  26.961773     5.7800     5.8983     2.1466    91.8101 1.0000e-12  -74.17528 -113.34460  26.737030      99.79 1.7628e+03    138.381       3322  1027.5629  1027.5620    33.8414    33.8402    8.40006         39 0.0000e+00
     70.000     69.262    -1.4922  26.959185    -1.4923  26.958280     5.7002     5.8337     1.8199    91.9325 1.0000e-12  -74.17528 -113.34460  26.737049      99.85 1.7554e+03    140.048       3362  1027.5687  1027.5679    33.8423    33.8411    8.40129         39 0.0000e+00
     71.000     70.254    -1.5020  26.953361    -1.5014  26.952989     5.6225     5.7642     1.7521    91.4445 1.0000e-12  -74.17528 -113.34459  26.737068      99.82 1.7264e+03    141.714       3402  1027.5760  1027.5750    33.8447    33.8435    8.40335         34 0.0000e+00
     72.000     71.242    -1.5100  26.948716    -1.5077  26.949354     5.6050     5.7366     1.5296    92.8568 1.0000e-12  -74.17528 -113.34460  26.737087      99.83 1.7033e+03    143.355       3442  1027.5828  1027.5813    33.8468    33.8450    8.40504         37 0.0000e+00
     73.000     72.233    -1.5098  26.948969    -1.5087  26.948858     5.5878     5.7102     0.9974    93.3889 1.0000e-12  -74.17528 -113.34460  26.737106      99.86 1.7078e+03    144.994       3481  1027.5871  1027.5859    33.8463    33.8449    8.40503         33 0.0000e+00
     74.000     73.220    -1.5141  26.946642    -1.5125  26.946616     5.5634     5.6739     0.7808    93.1361 1.0000e-12  -74.17528 -113.34460  26.737125      99.85 1.7305e+03    146.624       3520  1027.5928  1027.5914    33.8473    33.8455    8.40593         35 0.0000e+00
     75.000     74.210    -1.5176  26.945016    -1.5169  26.944862     5.5462     5.6646     0.3089    93.4755 1.0000e-12  -74.17528 -113.34460  26.737144      99.85 1.7460e+03    148.236       3559  1027.5987  1027.5978    33.8485    33.8474    8.40667         36 0.0000e+00
     76.000     75.200    -1.5174  26.945829    -1.5166  26.945585     5.5498     5.6629     0.1108    93.9965 1.0000e-12  -74.17529 -113.34460  26.737163      93.45 1.7528e+03    149.865       3598  1027.6035  1027.6025    33.8487    33.8474    8.40660         37 0.0000e+00
     77.000     76.189    -1.5175  26.946445    -1.5169  26.945850     5.5524     5.6645     0.0284    93.5995 1.0000e-12  -74.17530 -113.34460  26.737182      99.87 1.7800e+03    151.482       3637  1027.6086  1027.6073    33.8490    33.8475    8.40661         38 0.0000e+00
     78.000     77.180    -1.5170  26.947562    -1.5162  26.947217     5.5524     5.6644     0.0328    93.9749 1.0000e-12  -74.17530 -113.34460  26.737200      99.80 1.7661e+03    153.102       3675  1027.6136  1027.6124    33.8494    33.8479    8.40648         30 0.0000e+00
     79.000     78.167    -1.5168  26.948375    -1.5158  26.948130     5.5490     5.6586     0.0409    94.4841 1.0000e-12  -74.17530 -113.34460  26.737219      99.86 1.7554e+03    154.736       3715  1027.6186  1027.6173    33.8496    33.8482    8.40641         33 0.0000e+00
     80.000     79.157    -1.5159  26.949831    -1.5148  26.949521     5.5488     5.6561     0.0293    94.8173 1.0000e-12  -74.17530 -113.34460  26.737238      99.86 1.7568e+03    156.358       3754  1027.6235  1027.6222    33.8499    33.8483    8.40618         38 0.0000e+00
     81.000     80.145    -1.5146  26.951682    -1.5136  26.951287     5.5484     5.6532     0.0105    94.9644 1.0000e-12  -74.17530 -113.34460  26.737257      99.86 1.7821e+03    157.969       3792  1027.6286  1027.6272    33.8504    33.8487    8.40586         35 0.0000e+00
     82.000     81.135    -1.5124  26.954748    -1.5112  26.954619     5.5494     5.6597     0.0099    94.9274 1.0000e-12  -74.17530 -113.34460  26.737275      99.87 1.7786e+03    159.587       3831  1027.6342  1027.6329    33.8515    33.8500    8.40529         39 0.0000e+00
     83.000     82.124    -1.5109  26.957011    -1.5100  26.956594     5.5571     5.6770     0.0049    95.1174 1.0000e-12  -74.17530 -113.34460  26.737294      99.87 1.7593e+03    161.210       3870  1027.6395  1027.6383    33.8523    33.8508    8.40491         37 0.0000e+00
     84.000     83.113    -1.5116  26.957412    -1.5107  26.957112     5.5722     5.6772     0.0014    95.4043 1.0000e-12  -74.17530 -113.34460  26.737312      99.64 1.7764e+03    162.791       3908  1027.6451  1027.6438    33.8531    33.8516    8.40503         37 0.0000e+00
     85.000     84.103    -1.5112  26.959076    -1.5101  26.958851     5.5786     5.6903     0.0154    95.4395 1.0000e-12  -74.17530 -113.34460  26.737330      99.87 1.7478e+03    164.321       3945  1027.6508  1027.6495    33.8542    33.8527    8.40486         36 0.0000e+00
     86.000     85.092    -1.5109  26.959901    -1.5100  26.959523     5.5896     5.7020     0.0220    95.4085 1.0000e-12  -74.17530 -113.34460  26.737348      99.87 1.7531e+03    165.839       3981  1027.6558  1027.6544    33.8545    33.8529    8.40479         37 0.0000e+00
     87.000     86.081    -1.5109  26.960963    -1.5099  26.960743     5.6237     5.7205     0.0085    95.3830 1.0000e-12  -74.17530 -113.34460  26.737365      99.87 1.7582e+03    167.341       4017  1027.6613  1027.6601    33.8553    33.8539    8.40474         36 0.0000e+00
     88.000     87.071    -1.5114  26.962133    -1.5105  26.961923     5.6418     5.7449     0.0381    95.4090 1.0000e-12  -74.17530 -113.34461  26.737382      99.87 1.7605e+03    168.823       4053  1027.6674  1027.6663    33.8569    33.8556    8.40476         35 0.0000e+00
     89.000     88.060    -1.5116  26.964426    -1.5109  26.963738     5.6408     5.7504     0.0652    95.4505 1.0000e-12  -74.17530 -113.34461  26.737399      99.87 1.7888e+03    170.297       4088  1027.6744  1027.6730    33.8596    33.8579    8.40464         35 0.0000e+00
     90.000     89.048    -1.5115  26.964999    -1.5105  26.964661     5.6384     5.7468     0.0909    95.4370 1.0000e-12  -74.17530 -113.34461  26.737416      99.87 1.8054e+03    171.722       4122  1027.6792  1027.6779    33.8597    33.8580    8.40461         33 0.0000e+00
     91.000     90.039    -1.5110  26.965993    -1.5099  26.965796     5.6377     5.7510     0.0603    95.4176 1.0000e-12  -74.17529 -113.34461  26.737431      99.87 1.7497e+03    173.070       4155  1027.6841  1027.6829    33.8598    33.8584    8.40448         32 0.0000e+00
     92.000     91.027    -1.5108  26.966568    -1.5099  26.966312     5.6375     5.7418     0.0598    95.3986 1.0000e-12  -74.17528 -113.34461  26.737447      99.87 1.7541e+03    174.386       4186  1027.6889  1027.6878    33.8598    33.8585    8.40445         32 0.0000e+00
     93.000     92.017    -1.5104  26.967728    -1.5094  26.967400     5.6276     5.7368     0.0685    95.2872 1.0000e-12  -74.17528 -113.34461  26.737462      98.36 1.7694e+03    175.731       4219  1027.6941  1027.6928    33.8603    33.8587    8.40432         32 0.0000e+00
     94.000     93.006    -1.5078  26.970850    -1.5064  26.970843     5.6239     5.7306     0.0680    95.2454 1.0000e-12  -74.17528 -113.34461  26.737478      98.30 1.7736e+03    177.068       4251  1027.6994  1027.6980    33.8611    33.8594    8.40369         32 0.0000e+00
     95.000     93.995    -1.5079  26.971204    -1.5071  26.970899     5.6151     5.7321     0.0574    95.3646 1.0000e-12  -74.17528 -113.34460  26.737493      99.88 1.7892e+03    178.360       4282  1027.7042  1027.7031    33.8610    33.8596    8.40372         30 0.0000e+00
     96.000     94.984    -1.5076  26.971853    -1.5068  26.971387     5.6148     5.7343     0.0508    95.3176 1.0000e-12  -74.17528 -113.34461  26.737508      99.87 1.8446e+03    179.657       4313  1027.7089  1027.7077    33.8609    33.8594    8.40365         32 0.0000e+00
     97.000     95.972    -1.5061  26.973543    -1.5060  26.972499     5.6120     5.7293     0.1228    95.3614 1.0000e-12  -74.17528 -113.34461  26.737522      99.87 1.8656e+03    180.875       4342  1027.7137  1027.7124    33.8610    33.8594    8.40332         26 0.0000e+00
     98.000     96.964    -1.5073  26.972949    -1.5077  26.971529     5.6020     5.7209     0.0599    95.3992 1.0000e-12  -74.17528 -113.34461  26.737534      99.86 1.8804e+03    181.908       4367  1027.7185  1027.7173    33.8609    33.8593    8.40359         26 0.0000e+00
     99.000     97.952    -1.5060  26.974505    -1.5042  26.974871     5.5956     5.7180     0.0587    95.3703 1.0000e-12  -74.17528 -113.34462  26.737547      99.86 1.8918e+03    183.085       4395  1027.7233  1027.7219    33.8609    33.8593    8.40330         29 0.0000e+00
    100.000     98.941    -1.5044  26.976233    -1.5037  26.975660     5.5868     5.7035     0.0336    95.4220 1.0000e-12  -74.17528 -113.34460  26.737562      99.87 1.8918e+03    184.322       4425  1027.7279  1027.7267    33.8608    33.8593    8.40293         30 0.0000e+00
    101.000     99.930    -1.5031  26.977815    -1.5023  26.977316     5.5723     5.6916     0.0365    95.3711 1.0000e-12  -74.17528 -113.34461  26.737576      99.86 1.8971e+03    185.557       4454  1027.7327  1027.7314    33.8609    33.8593    8.40263         30 0.0000e+00
    102.000    100.919    -1.5004  26.980667    -1.4991  26.980624     5.5635     5.6839     0.0856    95.4171 1.0000e-12  -74.17528 -113.34461  26.737590      99.87 1.8919e+03    186.808       4484  1027.7376  1027.7363    33.8612    33.8596    8.40201         30 0.0000e+00
    103.000    101.910    -1.4985  26.983148    -1.4974  26.982825     5.5595     5.6835     0.0520    95.4233 1.0000e-12  -74.17528 -113.34461  26.737605      99.19 1.8923e+03    188.059       4514  1027.7428  1027.7415    33.8618    33.8601    8.40154         30 0.0000e+00
    104.000    102.897    -1.4972  26.985167    -1.4962  26.984712     5.5582     5.6798     0.0613    95.4005 1.0000e-12  -74.17528 -113.34462  26.737619      89.65 1.8916e+03    189.297       4544  1027.7482  1027.7467    33.8625    33.8607    8.40121         29 0.0000e+00
    105.000    103.886    -1.4965  26.986176    -1.4952  26.986136     5.5542     5.6729     0.0208    95.4338 1.0000e-12  -74.17528 -113.34461  26.737633      99.61 1.8890e+03    190.530       4574  1027.7530  1027.7517    33.8625    33.8609    8.40106         30 0.0000e+00
    106.000    104.877    -1.4963  26.986780    -1.4952  26.986510     5.5539     5.6727     0.0060    95.4231 1.0000e-12  -74.17528 -113.34462  26.737648      99.88 1.8907e+03    191.787       4604  1027.7577  1027.7565    33.8624    33.8609    8.40100         30 0.0000e+00
    107.000    105.865    -1.4946  26.989217    -1.4923  26.989963     5.5521     5.6704    -0.0004    95.4216 1.0000e-12  -74.17528 -113.34462  26.737662      99.86 1.8896e+03    193.024       4634  1027.7632  1027.7617    33.8632    33.8617    8.40057         30 0.0000e+00
    108.000    106.854    -1.4927  26.991737    -1.4917  26.991419     5.5592     5.6668    -0.0059    95.3009 1.0000e-12  -74.17528 -113.34462  26.737677      99.87 1.8857e+03    194.253       4663  1027.7684  1027.7671    33.8639    33.8623    8.40010         29 0.0000e+00
    109.000    107.844    -1.4926  26.992308    -1.4917  26.992044     5.5627     5.6743    -0.0039    95.5121 1.0000e-12  -74.17528 -113.34462  26.737691      99.86 1.8825e+03    195.497       4693  1027.7734  1027.7721    33.8640    33.8626    8.40009         31 0.0000e+00
    110.000    108.832    -1.4927  26.992915    -1.4917  26.992590     5.5572     5.6696     0.0026    95.5169 1.0000e-12  -74.17528 -113.34462  26.737705      99.87 1.8798e+03    196.749       4723  1027.7784  1027.7770    33.8643    33.8627    8.40008         29 0.0000e+00
    111.000    109.823    -1.4925  26.993415    -1.4916  26.993133     5.5570     5.6691    -0.0004    95.5110 1.0000e-12  -74.17528 -113.34462  26.737720      99.86 1.8793e+03    198.004       4753  1027.7832  1027.7819    33.8642    33.8627    8.40006         31 0.0000e+00
    112.000    110.810    -1.4927  26.993885    -1.4917  26.993582     5.5531     5.6670    -0.0004    95.4670 1.0000e-12  -74.17528 -113.34462  26.737733      99.87 1.8793e+03    199.169       4781  1027.7881  1027.7869    33.8643    33.8629    8.40007         24 0.0000e+00
    113.000    111.799    -1.4928  26.994096    -1.4918  26.993712     5.5556     5.6627    -0.0115    95.4788 1.0000e-12  -74.17528 -113.34462  26.737745      99.87 1.8785e+03    200.140       4804  1027.7928  1027.7914    33.8642    33.8626    8.40011         25 0.0000e+00
    114.000    112.789    -1.4930  26.994170    -1.4920  26.993794     5.5582     5.6670     0.0071    95.5148 1.0000e-12  -74.17528 -113.34462  26.737757      99.87 1.8714e+03    201.218       4830  1027.7974  1027.7960    33.8639    33.8622    8.40018         26 0.0000e+00
    115.000    113.779    -1.4928  26.994867    -1.4918  26.994557     5.5588     5.6720     0.0039    95.5125 1.0000e-12  -74.17528 -113.34462  26.737770      94.58 1.8618e+03    202.368       4858  1027.8023  1027.8009    33.8640    33.8624    8.40013         29 0.0000e+00
    116.000    114.766    -1.4925  26.995970    -1.4913  26.995627     5.5628     5.6716    -0.0122    95.5246 1.0000e-12  -74.17528 -113.34462  26.737784      99.85 1.8572e+03    203.538       4886  1027.8075  1027.8060    33.8645    33.8627    8.40002         27 0.0000e+00
    117.000    115.757    -1.4924  26.996459    -1.4914  26.996182     5.5621     5.6734    -0.0021    95.5187 1.0000e-12  -74.17528 -113.34462  26.737798      99.87 1.8559e+03    204.711       4914  1027.8123  1027.8110    33.8645    33.8629    8.40001         29 0.0000e+00
    118.000    116.745    -1.4924  26.996952    -1.4912  26.996659     5.5602     5.6669    -0.0075    95.5238 1.0000e-12  -74.17528 -113.34462  26.737811      99.87 1.8550e+03    205.897       4943  1027.8171  1027.8157    33.8645    33.8628    8.40000         27 0.0000e+00
    119.000    117.734    -1.4927  26.997097    -1.4919  26.996701     5.5611     5.6650    -0.0150    95.5095 1.0000e-12  -74.17528 -113.34462  26.737823      99.87 1.8553e+03    206.920       4967  1027.8219  1027.8206    33.8644    33.8630    8.40007         23 0.0000e+00
    120.000    118.724    -1.4929  26.997349    -1.4919  26.997083     5.5625     5.6684    -0.0088    95.5294 1.0000e-12  -74.17528 -113.34462  26.737835      99.86 1.8546e+03    207.956       4992  1027.8267  1027.8254    33.8644    33.8629    8.40012         27 0.0000e+00
    121.000    119.713    -1.4929  26.998182    -1.4920  26.997825     5.5724     5.6842    -0.0142    95.5249 1.0000e-12  -74.17528 -113.34462  26.737849      99.87 1.8610e+03    209.112       5020  1027.8320  1027.8306    33.8650    33.8633    8.40010         29 0.0000e+00
    122.000    120.702    -1.4943  26.998604    -1.4933  26.998328     5.5807     5.6864    -0.0013    95.5033 1.0000e-12  -74.17528 -113.34462  26.737862      99.87 1.8643e+03    210.303       5048  1027.8381  1027.8368    33.8664    33.8650    8.40032         28 0.0000e+00
    123.000    121.690    -1.4946  26.999085    -1.4935  26.998738     5.5780     5.6946    -0.0077    95.5233 1.0000e-12  -74.17528 -113.34462  26.737876      99.87 1.8681e+03    211.475       5076  1027.8432  1027.8417    33.8669    33.8651    8.40037         28 0.0000e+00
    124.000    122.679    -1.4944  26.999924    -1.4933  26.999472     5.5756     5.6888    -0.0048    95.5225 1.0000e-12  -74.17528 -113.34462  26.737889      99.87 1.8688e+03    212.646       5105  1027.8482  1027.8467    33.8672    33.8653    8.40030         28 0.0000e+00
