ocean_section_plots/required_files/ctd/dnbp2202_ctd039.cnv
* Sea-Bird SBE 9 Data File:
* FileName = D:\Data\raw\NBP2202_CTD039.hex
* Software Version Seasave V 7.26.7.121
* Temperature SN = 1649
* Conductivity SN = 2513
* Number of Bytes Per Scan = 40
* Number of Voltage Words = 5
* Number of Scans Averaged by the Deck Unit = 1
* NMEA Latitude = 74 08.81 S
* NMEA Longitude = 113 21.16 W
* NMEA UTC (Time) = Jan 22 2022  15:51:45
* NMEA baud rate = 9600
** Ship: RVIB N.B. Palmer
** Cruise: NBP2202 Thwaites
** Station: Tow-Yo #2
** Operator: A. Robinson
# nquan = 25
# nvalues = 421                         
# units = specified
# name 0 = prDM: Pressure, Digiquartz [db]
# name 1 = depSM: Depth [salt water, m]
# name 2 = t090C: Temperature [ITS-90, deg C]
# name 3 = c0mS/cm: Conductivity [mS/cm]
# name 4 = t190C: Temperature, 2 [ITS-90, deg C]
# name 5 = c1mS/cm: Conductivity, 2 [mS/cm]
# name 6 = sbeox0ML/L: Oxygen, SBE 43 [ml/l]
# name 7 = sbeox1ML/L: Oxygen, SBE 43, 2 [ml/l]
# name 8 = flECO-AFL: Fluorescence, WET Labs ECO-AFL/FL [mg/m^3]
# name 9 = CStarTr0: Beam Transmission, WET Labs C-Star [%]
# name 10 = par: PAR/Irradiance, Biospherical/Licor
# name 11 = latitude: Latitude [deg]
# name 12 = longitude: Longitude [deg]
# name 13 = timeJ: Julian Days
# name 14 = altM: Altimeter [m]
# name 15 = spar: SPAR, Biospherical/Licor
# name 16 = timeS: Time, Elapsed [seconds]
# name 17 = scan: Scan Count
# name 18 = density00: Density [density, kg/m^3]
# name 19 = density11: Density, 2 [density, kg/m^3]
# name 20 = sal00: Salinity, Practical [PSU]
# name 21 = sal11: Salinity, Practical, 2 [PSU]
# name 22 = oxsolML/L: Oxygen Saturation, Garcia & Gordon [ml/l]
# name 23 = nbin: number of scans per bin
# name 24 = flag: flag
# span 0 =     10.000,    430.000       
# span 1 =      9.898,    425.115       
# span 2 =    -1.4620,    -0.2532       
# span 3 =  26.991328,  28.456533       
# span 4 =    -1.4606,    -0.2510       
# span 5 =  26.991049,  28.456280       
# span 6 =     4.8068,     8.4324       
# span 7 =     5.0715,     8.7420       
# span 8 =    -0.0211,    18.7831       
# span 9 =    73.1663,    97.3224       
# span 10 = -2.635e-04, 2.4690e+01      
# span 11 =  -74.14698,  -74.14688      
# span 12 = -113.35212, -113.33748      
# span 13 =  22.661230,  22.669073      
# span 14 =      17.03,     100.09      
# span 15 = 1.5616e+03, 2.3803e+03      
# span 16 =     25.303,    702.870      
# span 17 =        608,      16870      
# span 18 =  1027.2151,  1029.5616      
# span 19 =  1027.2133,  1029.5592      
# span 20 =    33.7806,    34.2547      
# span 21 =    33.7786,    34.2519      
# span 22 =    8.10562,    8.39410      
# span 23 =         15,         48      
# span 24 = 0.0000e+00, 0.0000e+00      
# interval = decibars: 1                
# start_time = Jan 22 2022 15:51:45 [NMEA time, header]
# bad_flag = -9.990e-29
*END*
[from data line 174]
    184.000    182.016    -1.2265  27.338177    -1.2241  27.337935     5.5726     5.8856    -0.0096    97.2031 1.0000e-12  -74.14698 -113.34743  22.663705      90.89 1.9177e+03    239.075       5739  1028.2251  1028.2227    33.9909    33.9879    8.33283         30 0.0000e+00
    185.000    183.004    -1.2253  27.339560    -1.2230  27.339593     5.5742     5.8909    -0.0121    97.1948 1.0000e-12  -74.14698 -113.34740  22.663719      69.75 1.9274e+03    240.310       5768  1028.2301  1028.2279    33.9909    33.9883    8.33258         31 0.0000e+00
    186.000    183.991    -1.2246  27.340689    -1.2243  27.338956     5.5835     5.8917    -0.0120    97.2346 1.0000e-12  -74.14698 -113.34736  22.663735      99.54 1.9467e+03    241.673       5801  1028.2351  1028.2330    33.9910    33.9883    8.33241         34 0.0000e+00
    187.000    184.983    -1.2233  27.342535    -1.2214  27.342339     5.5818     5.8892    -0.0089    97.2260 1.0000e-12  -74.14698 -113.34733  22.663752      99.86 1.9643e+03    243.140       5836  1028.2403  1028.2383    33.9914    33.9890    8.33209         32 0.0000e+00
    188.000    185.969    -1.2222  27.344234    -1.2209  27.343488     5.5906     5.8948    -0.0055    97.2522 1.0000e-12  -74.14698 -113.34731  22.663769      99.87 1.9732e+03    244.606       5872  1028.2456  1028.2436    33.9919    33.9894    8.33181         33 0.0000e+00
    189.000    186.958    -1.2256  27.341703    -1.2246  27.340926     5.5903     5.9015    -0.0004    97.2494 1.0000e-12  -74.14698 -113.34727  22.663785      99.87 1.9796e+03    246.055       5906  1028.2506  1028.2488    33.9917    33.9895    8.33259         34 0.0000e+00
    190.000    187.947    -1.2264  27.341644    -1.2235  27.342278     5.5893     5.9020    -0.0062    97.2114 1.0000e-12  -74.14698 -113.34724  22.663802      99.86 1.9857e+03    247.479       5940  1028.2557  1028.2536    33.9919    33.9894    8.33276         32 0.0000e+00
    191.000    188.936    -1.2260  27.342342    -1.2248  27.341547     5.5866     5.8979    -0.0027    97.2432 1.0000e-12  -74.14698 -113.34722  22.663818      99.86 1.9908e+03    248.904       5975  1028.2605  1028.2585    33.9917    33.9894    8.33267         33 0.0000e+00
    192.000    189.926    -1.2208  27.347634    -1.2190  27.347496     5.5826     5.8893    -0.0115    97.2532 1.0000e-12  -74.14698 -113.34717  22.663835      99.86 1.9889e+03    250.346       6009  1028.2656  1028.2636    33.9925    33.9902    8.33148         33 0.0000e+00
    193.000    190.915    -1.2194  27.349573    -1.2170  27.349712     5.5831     5.8958    -0.0089    97.2353 1.0000e-12  -74.14698 -113.34714  22.663852      96.39 1.9749e+03    251.798       6044  1028.2707  1028.2686    33.9930    33.9905    8.33114         32 0.0000e+00
    194.000    191.901    -1.2195  27.349760    -1.2180  27.349403     5.5831     5.8921     0.0064    97.2625 1.0000e-12  -74.14698 -113.34712  22.663868      99.89 1.9570e+03    253.238       6079  1028.2754  1028.2735    33.9927    33.9904    8.33118         34 0.0000e+00
    195.000    192.892    -1.2191  27.350838    -1.2179  27.349909     5.5678     5.8838    -0.0060    97.2492 1.0000e-12  -74.14698 -113.34709  22.663885      99.86 1.9448e+03    254.659       6113  1028.2805  1028.2783    33.9931    33.9904    8.33106         35 0.0000e+00
    196.000    193.879    -1.2140  27.355827    -1.2132  27.354509     5.5615     5.8766    -0.0077    97.2557 1.0000e-12  -74.14698 -113.34706  22.663902      99.87 1.9447e+03    256.116       6148  1028.2853  1028.2831    33.9935    33.9908    8.32989         35 0.0000e+00
    197.000    194.868    -1.2052  27.364482    -1.2049  27.362723     5.6282     5.9341    -0.0077    97.2676 1.0000e-12  -74.14698 -113.34703  22.663919      99.87 1.9610e+03    257.563       6183  1028.2906  1028.2884    33.9947    33.9920    8.32786         34 0.0000e+00
    198.000    195.856    -1.2319  27.346505    -1.2351  27.343577     5.6598     5.9665    -0.0077    97.2609 1.0000e-12  -74.14698 -113.34701  22.663935      99.86 1.9820e+03    258.967       6216  1028.3014  1028.3013    33.9998    33.9994    8.33351         30 0.0000e+00
    199.000    196.847    -1.2313  27.357001    -1.2264  27.358636     5.6145     5.9174    -0.0032    97.2457 1.0000e-12  -74.14698 -113.34698  22.663950      99.87 2.0005e+03    260.281       6248  1028.3166  1028.3137    34.0129    34.0096    8.33261         28 0.0000e+00
    200.000    197.835    -1.1963  27.390566    -1.1904  27.392497     5.5580     5.8651    -0.0099    97.2844 1.0000e-12  -74.14698 -113.34693  22.663964      99.86 2.0147e+03    261.490       6277  1028.3236  1028.3200    34.0186    34.0145    8.32449         29 0.0000e+00
    201.000    198.823    -1.1478  27.434582    -1.1378  27.440405     5.4809     5.8013     0.0037    97.3049 1.0000e-12  -74.14698 -113.34691  22.663979      99.87 2.0285e+03    262.821       6309  1028.3290  1028.3257    34.0231    34.0198    8.31343         33 0.0000e+00
    202.000    199.812    -1.1085  27.471062    -1.1068  27.469171     5.4066     5.7284    -0.0078    97.3224 1.0000e-12  -74.14698 -113.34688  22.663996      90.60 2.0376e+03    264.217       6342  1028.3353  1028.3316    34.0279    34.0234    8.30445         33 0.0000e+00
    203.000    200.801    -1.0524  27.524114    -1.0482  27.524209     5.3683     5.6839    -0.0109    97.3136 1.0000e-12  -74.14698 -113.34685  22.664011      99.82 2.0402e+03    265.556       6374  1028.3434  1028.3394    34.0361    34.0314    8.29154         32 0.0000e+00
    204.000    201.789    -1.0262  27.548308    -1.0237  27.547918     5.3685     5.6811    -0.0103    97.2848 1.0000e-12  -74.14698 -113.34683  22.664027      99.86 2.0350e+03    266.910       6407  1028.3492  1028.3464    34.0388    34.0354    8.28560         34 0.0000e+00
    205.000    202.778    -1.0255  27.549274    -1.0261  27.546550     5.3811     5.6825    -0.0120    97.2653 1.0000e-12  -74.14698 -113.34680  22.664044      99.87 2.0200e+03    268.400       6443  1028.3545  1028.3522    34.0387    34.0356    8.28545         36 0.0000e+00
    206.000    203.766    -1.0252  27.551397    -1.0249  27.549181     5.3903     5.6917    -0.0087    97.2368 1.0000e-12  -74.14698 -113.34677  22.664061      99.87 1.9970e+03    269.832       6477  1028.3614  1028.3587    34.0406    34.0372    8.28526         31 0.0000e+00
    207.000    204.755    -1.0282  27.548525    -1.0263  27.548059     5.3917     5.6917    -0.0139    97.2217 1.0000e-12  -74.14698 -113.34673  22.664076      99.87 1.9759e+03    271.204       6510  1028.3659  1028.3635    34.0394    34.0367    8.28599         34 0.0000e+00
    208.000    205.744    -1.0305  27.546378    -1.0271  27.547228     5.3822     5.6809    -0.0130    97.1971 1.0000e-12  -74.14698 -113.34671  22.664092      99.87 1.9602e+03    272.511       6541  1028.3705  1028.3681    34.0386    34.0359    8.28656         26 0.0000e+00
    209.000    206.733    -1.0172  27.561116    -1.0148  27.560841     5.3945     5.6848    -0.0090    97.1916 1.0000e-12  -74.14698 -113.34667  22.664104      99.86 1.9537e+03    273.602       6567  1028.3781  1028.3754    34.0430    34.0398    8.28336         28 0.0000e+00
    210.000    207.721    -1.0164  27.562218    -1.0146  27.561550     5.3748     5.6813    -0.0141    97.1780 1.0000e-12  -74.14698 -113.34665  22.664119      99.86 1.9501e+03    274.863       6598  1028.3830  1028.3806    34.0429    34.0400    8.28318         33 0.0000e+00
    211.000    208.710    -1.0165  27.562588    -1.0147  27.562007     5.3315     5.6274    -0.0200    97.1863 1.0000e-12  -74.14698 -113.34662  22.664134      91.94 1.9499e+03    276.196       6630  1028.3880  1028.3857    34.0429    34.0401    8.28320         29 0.0000e+00
    212.000    209.700    -0.9865  27.591372    -0.9865  27.587926     5.3222     5.6260    -0.0087    97.1817 1.0000e-12  -74.14698 -113.34660  22.664147      80.66 1.9498e+03    277.276       6656  1028.3946  1028.3908    34.0476    34.0428    8.27632         25 0.0000e+00
    213.000    210.687    -0.9803  27.596623    -0.9706  27.602815     5.2911     5.6013    -0.0150    97.1745 1.0000e-12  -74.14698 -113.34658  22.664160      95.54 1.9480e+03    278.382       6682  1028.3988  1028.3962    34.0470    34.0446    8.27498         27 0.0000e+00
    214.000    211.677    -0.9679  27.608798    -0.9601  27.612643     5.1628     5.4563    -0.0145    97.1791 1.0000e-12  -74.14698 -113.34655  22.664173      99.87 1.9404e+03    279.545       6710  1028.4046  1028.4012    34.0491    34.0454    8.27215         29 0.0000e+00
    215.000    212.663    -0.9072  27.668881    -0.8884  27.678471     5.0619     5.3652    -0.0147    97.1669 1.0000e-12  -74.14698 -113.34651  22.664186      99.87 1.9279e+03    280.713       6738  1028.4153  1028.4074    34.0615    34.0532    8.25810         28 0.0000e+00
    216.000    213.653    -0.7790  27.786618    -0.7786  27.783096     5.0425     5.3736    -0.0172    97.1830 1.0000e-12  -74.14698 -113.34649  22.664200      99.86 1.9150e+03    281.868       6766  1028.4229  1028.4188    34.0757    34.0705    8.22919         27 0.0000e+00
    217.000    214.642    -0.7859  27.779737    -0.8030  27.761122     5.0441     5.3635    -0.0166    97.1723 1.0000e-12  -74.14698 -113.34647  22.664213      99.86 1.9021e+03    283.019       6793  1028.4273  1028.4240    34.0736    34.0677    8.23082         28 0.0000e+00
    218.000    215.630    -0.8012  27.765371    -0.8251  27.739946     5.0257     5.3241    -0.0070    97.1556 1.0000e-12  -74.14698 -113.34644  22.664226      99.87 1.8909e+03    284.159       6821  1028.4317  1028.4274    34.0708    34.0633    8.23432         27 0.0000e+00
    219.000    216.620    -0.7623  27.804588    -0.7642  27.798767     5.0079     5.2963    -0.0109    97.1339 1.0000e-12  -74.14698 -113.34640  22.664240      99.87 1.8829e+03    285.327       6849  1028.4412  1028.4366    34.0793    34.0736    8.22534         29 0.0000e+00
    220.000    217.608    -0.7474  27.820307    -0.7382  27.824484     5.0024     5.2849    -0.0186    97.1231 1.0000e-12  -74.14698 -113.34637  22.664254      99.86 1.8776e+03    286.542       6878  1028.4484  1028.4441    34.0831    34.0785    8.22186         29 0.0000e+00
    221.000    218.597    -0.7390  27.827146    -0.7366  27.826617     5.0096     5.2844    -0.0170    97.1330 1.0000e-12  -74.14698 -113.34635  22.664268      99.87 1.8761e+03    287.770       6907  1028.4527  1028.4497    34.0823    34.0789    8.22008         30 0.0000e+00
    222.000    219.584    -0.7378  27.828327    -0.7354  27.828206     5.0131     5.2873    -0.0080    97.1177 1.0000e-12  -74.14698 -113.34633  22.664284      99.87 1.8789e+03    289.097       6939  1028.4577  1028.4552    34.0820    34.0791    8.21984         33 0.0000e+00
    223.000    220.573    -0.7397  27.827573    -0.7368  27.827631     5.0186     5.2849    -0.0033    97.1020 1.0000e-12  -74.14698 -113.34629  22.664300      88.01 1.8811e+03    290.536       6974  1028.4636  1028.4608    34.0825    34.0793    8.22023         34 0.0000e+00
    224.000    221.563    -0.7362  27.830765    -0.7338  27.830412     5.0361     5.2936    -0.0130    97.1100 1.0000e-12  -74.14698 -113.34625  22.664317      98.24 1.8821e+03    291.959       7008  1028.4683  1028.4656    34.0823    34.0790    8.21948         34 0.0000e+00
    225.000    222.549    -0.7446  27.825206    -0.7389  27.827210     5.0573     5.3309    -0.0176    97.0929 1.0000e-12  -74.14698 -113.34622  22.664333      99.88 1.8828e+03    293.366       7042  1028.4751  1028.4717    34.0835    34.0798    8.22122         32 0.0000e+00
    226.000    223.539    -0.7452  27.825041    -0.7445  27.823854     5.0837     5.3494    -0.0211    97.1234 1.0000e-12  -74.14698 -113.34619  22.664347      99.86 1.8828e+03    294.600       7071  1028.4801  1028.4781    34.0835    34.0810    8.22138         27 0.0000e+00
    227.000    224.529    -0.7555  27.819719    -0.7536  27.819133     5.0854     5.3601    -0.0141    97.1151 1.0000e-12  -74.14698 -113.34617  22.664361      99.87 1.8828e+03    295.765       7099  1028.4888  1028.4863    34.0872    34.0842    8.22339         30 0.0000e+00
    228.000    225.516    -0.7563  27.819469    -0.7540  27.819251     5.0875     5.3619    -0.0112    97.1234 1.0000e-12  -74.14698 -113.34613  22.664376      99.87 1.8845e+03    297.081       7131  1028.4937  1028.4913    34.0871    34.0843    8.22357         32 0.0000e+00
    229.000    226.503    -0.7558  27.820285    -0.7539  27.819562     5.0856     5.3527    -0.0184    97.1086 1.0000e-12  -74.14698 -113.34611  22.664393      99.87 1.8933e+03    298.525       7166  1028.4985  1028.4959    34.0871    34.0840    8.22346         30 0.0000e+00
    230.000    227.495    -0.7555  27.820924    -0.7536  27.820247     5.0851     5.3576    -0.0189    97.1082 1.0000e-12  -74.14698 -113.34608  22.664408      99.87 1.9084e+03    299.878       7198  1028.5033  1028.5007    34.0871    34.0840    8.22341         30 0.0000e+00
    231.000    228.482    -0.7537  27.823325    -0.7517  27.822761     5.0786     5.3573    -0.0202    97.0998 1.0000e-12  -74.14698 -113.34605  22.664424      99.87 1.9330e+03    301.227       7230  1028.5085  1028.5060    34.0877    34.0846    8.22298         30 0.0000e+00
    232.000    229.471    -0.7534  27.824162    -0.7513  27.823792     5.0790     5.3562    -0.0059    97.0771 1.0000e-12  -74.14698 -113.34603  22.664438      99.87 1.9596e+03    302.456       7260  1028.5134  1028.5110    34.0878    34.0849    8.22290         28 0.0000e+00
    233.000    230.458    -0.7535  27.824647    -0.7520  27.823463     5.0739     5.3560    -0.0031    97.0794 1.0000e-12  -74.14698 -113.34599  22.664453      92.73 1.9854e+03    303.725       7290  1028.5184  1028.5157    34.0879    34.0846    8.22291         32 0.0000e+00
    234.000    231.448    -0.7535  27.824961    -0.7515  27.824474     5.0701     5.3549    -0.0152    97.0965 1.0000e-12  -74.14698 -113.34597  22.664468      96.55 2.0103e+03    305.048       7322  1028.5231  1028.5206    34.0878    34.0848    8.22293         30 0.0000e+00
    235.000    232.436    -0.7565  27.821506    -0.7550  27.820417     5.0746     5.3511    -0.0150    97.0940 1.0000e-12  -74.14698 -113.34594  22.664481      57.49 2.0278e+03    306.183       7349  1028.5266  1028.5240    34.0859    34.0827    8.22369         25 0.0000e+00
    236.000    233.425    -0.7541  27.824872    -0.7522  27.824009     5.0748     5.3467    -0.0150    97.0983 1.0000e-12  -74.14698 -113.34592  22.664494     100.09 2.0411e+03    307.298       7376  1028.5321  1028.5294    34.0871    34.0838    8.22309         29 0.0000e+00
    237.000    234.413    -0.7549  27.824365    -0.7513  27.825494     5.0723     5.3521    -0.0137    97.0918 1.0000e-12  -74.14698 -113.34589  22.664509      99.87 2.0501e+03    308.611       7408  1028.5367  1028.5345    34.0867    34.0842    8.22329         35 0.0000e+00
    238.000    235.402    -0.7515  27.828683    -0.7476  27.830334     5.0767     5.3445    -0.0196    97.0913 1.0000e-12  -74.14698 -113.34587  22.664526      99.87 2.0550e+03    310.059       7442  1028.5424  1028.5404    34.0882    34.0859    8.22248         33 0.0000e+00
    239.000    236.391    -0.7441  27.838412    -0.7404  27.839355     5.0737     5.3431     0.0001    97.0952 1.0000e-12  -74.14698 -113.34584  22.664541      99.87 2.0533e+03    311.370       7474  1028.5500  1028.5474    34.0923    34.0894    8.22061         28 0.0000e+00
    240.000    237.380    -0.7359  27.847702    -0.7348  27.846091     5.0687     5.3465     0.0229    97.0834 1.0000e-12  -74.14698 -113.34581  22.664556      99.87 2.0494e+03    312.644       7504  1028.5564  1028.5536    34.0950    34.0916    8.21867         32 0.0000e+00
