ocean_section_plots/required_files/ctd/dnbp2202_ctd122.cnv
* Sea-Bird SBE 9 Data File:
* FileName = D:\Data\raw\NBP2202_CTD122.hex
* Software Version Seasave V 7.26.7.121
* Temperature SN = 1649
* Conductivity SN = 2513
* Number of Bytes Per Scan = 40
* Number of Voltage Words = 5
* Number of Scans Averaged by the Deck Unit = 1
* NMEA Latitude = 74 10.52 S
* NMEA Longitude = 113 20.65 W
* NMEA UTC (Time) = Jan 27 2022  11:29:02
* NMEA baud rate = 9600
** Ship: RVIB N.B. Palmer
** Cruise: NBP2202 Thwaites
** Station: YoYo001
** Operator: B. Bjork
# nquan = 25
# nvalues = 607                         
# units = specified
# name 0 = prDM: Pressure, Digiquartz [db]
# name 1 = depSM: Depth [salt water, m]
# name 2 = t090C: Temperature [ITS-90, deg C]
# name 3 = c0mS/cm: Conductivity [mS/cm]
# name 4 = t190C: Temperature, 2 [ITS-90, deg C]
# name 5 = c1mS/cm: Conductivity, 2 [mS/cm]
# name 6 = sbeox0ML/L: Oxygen, SBE 43 [ml/l]
# name 7 = sbeox1ML/L: Oxygen, SBE 43, 2 [ml/l]
# name 8 = flECO-AFL: Fluorescence, WET Labs ECO-AFL/FL [mg/m^3]
# name 9 = CStarTr0: Beam Transmission, WET Labs C-Star [%]
# name 10 = par: PAR/Irradiance, Biospherical/Licor
# name 11 = latitude: Latitude [deg]
# name 12 = longitude: Longitude [deg]
# name 13 = timeJ: Julian Days
# name 14 = altM: Altimeter [m]
# name 15 = spar: SPAR, Biospherical/Licor
# name 16 = timeS: Time, Elapsed [seconds]
# name 17 = scan: Scan Count
# name 18 = density00: Density [density, kg/m^3]
# name 19 = density11: Density, 2 [density, kg/m^3]
# name 20 = sal00: Salinity, Practical [PSU]
# name 21 = sal11: Salinity, Practical, 2 [PSU]
# name 22 = oxsolML/L: Oxygen Saturation, Garcia & Gordon [ml/l]
# name 23 = nbin: number of scans per bin
# name 24 = flag: flag
# span 0 =     10.000,    616.000       
# span 1 =      9.895,    608.722       
# span 2 =    -1.4340,     0.0810       
# span 3 =  26.984259,  28.908262       
# span 4 =    -1.4340,     0.0822       
# span 5 =  26.983054,  28.908641       
# span 6 =     4.6858,     8.5891       
# span 7 =     4.7372,     8.3656       
# span 8 =    -0.0224,    25.8702       
# span 9 =    70.0757,    95.6202       
# span 10 = 1.0000e-12, 4.7133e+00      
# span 11 =  -74.17536,  -74.17536      
# span 12 = -113.34424, -113.34422      
# span 13 =  27.478928,  27.486627      
# span 14 =       7.99,      99.98      
# span 15 = 2.0097e+02, 2.2389e+02      
# span 16 =     37.345,    702.553      
# span 17 =        897,      16862      
# span 18 =  1027.2264,  1030.5166      
# span 19 =  1027.2248,  1030.5144      
# span 20 =    33.7923,    34.3799      
# span 21 =    33.7919,    34.3768      
# span 22 =    8.02804,    8.38977      
# span 23 =         20,         56      
# span 24 = 0.0000e+00, 0.0000e+00      
# interval = decibars: 1                
# start_time = Jan 27 2022 11:29:02 [NMEA time, header]
# bad_flag = -9.990e-29
*END*
[from data line 348]
    358.000    353.989    -0.4597  28.217584    -0.4579  28.217597     5.0447     5.0900    -0.0154    95.3023 1.0000e-12  -74.17536 -113.34423  27.483202      99.86 2.0978e+02    406.657       9761  1029.1977  1029.1959    34.2100    34.2080    8.15231         23 0.0000e+00
    359.000    354.977    -0.4895  28.192474    -0.4908  28.190282     5.0617     5.1087    -0.0115    95.3205 1.0000e-12  -74.17536 -113.34423  27.483213      99.86 2.0978e+02    407.633       9784  1029.2042  1029.2031    34.2093    34.2078    8.15876         23 0.0000e+00
    360.000    355.965    -0.5048  28.180646    -0.5024  28.181005     5.0733     5.1221    -0.0129    95.3370 1.0000e-12  -74.17536 -113.34423  27.483225      99.87 2.0978e+02    408.605       9808  1029.2106  1029.2085    34.2101    34.2078    8.16201         24 0.0000e+00
    361.000    356.952    -0.5089  28.177459    -0.5076  28.176777     5.0813     5.1375    -0.0181    95.3703 1.0000e-12  -74.17536 -113.34423  27.483236      99.86 2.0978e+02    409.571       9831  1029.2151  1029.2131    34.2097    34.2074    8.16290         23 0.0000e+00
    362.000    357.941    -0.5147  28.173083    -0.5147  28.171374     5.0905     5.1457    -0.0124    95.3999 1.0000e-12  -74.17536 -113.34423  27.483247      99.86 2.0978e+02    410.545       9854  1029.2202  1029.2184    34.2098    34.2076    8.16415         23 0.0000e+00
    363.000    358.927    -0.5215  28.168720    -0.5203  28.168209     5.0953     5.1468    -0.0184    95.4153 1.0000e-12  -74.17536 -113.34422  27.483258      99.86 2.0978e+02    411.517       9877  1029.2263  1029.2245    34.2111    34.2090    8.16555         24 0.0000e+00
    364.000    359.916    -0.5202  28.172937    -0.5178  28.173220     5.0978     5.1535    -0.0205    95.4522 1.0000e-12  -74.17536 -113.34422  27.483270      99.86 2.0978e+02    412.494       9901  1029.2336  1029.2315    34.2147    34.2122    8.16506         23 0.0000e+00
    365.000    360.904    -0.5141  28.180829    -0.5127  28.179908     5.0978     5.1541    -0.0202    95.4850 1.0000e-12  -74.17536 -113.34422  27.483281      99.87 2.0978e+02    413.476       9924  1029.2401  1029.2378    34.2177    34.2149    8.16356         24 0.0000e+00
    366.000    361.892    -0.5112  28.184724    -0.5101  28.183494     5.0978     5.1500    -0.0198    95.4749 1.0000e-12  -74.17536 -113.34422  27.483292      99.87 2.0978e+02    414.453       9948  1029.2456  1029.2432    34.2191    34.2162    8.16286         23 0.0000e+00
    367.000    362.880    -0.5081  28.189711    -0.5074  28.187847     5.0841     5.1569    -0.0179    95.4940 1.0000e-12  -74.17536 -113.34422  27.483304      79.54 2.0978e+02    415.426       9971  1029.2522  1029.2495    34.2217    34.2184    8.16205         23 0.0000e+00
    368.000    363.866    -0.5052  28.194114    -0.5035  28.193397     5.0882     5.1501    -0.0127    95.5133 1.0000e-12  -74.17536 -113.34422  27.483315      94.13 2.0978e+02    416.393       9994  1029.2582  1029.2558    34.2237    34.2209    8.16130         23 0.0000e+00
    369.000    364.857    -0.5101  28.190610    -0.5107  28.188714     5.0918     5.1577    -0.0126    95.5526 1.0000e-12  -74.17536 -113.34422  27.483326      99.58 2.0978e+02    417.353      10017  1029.2634  1029.2620    34.2239    34.2221    8.16234         24 0.0000e+00
    370.000    365.842    -0.5069  28.195980    -0.5035  28.196319     5.0833     5.1605    -0.0125    95.5838 1.0000e-12  -74.17536 -113.34422  27.483337      99.86 2.0978e+02    418.311      10040  1029.2702  1029.2673    34.2269    34.2236    8.16148         23 0.0000e+00
    371.000    366.832    -0.4879  28.215130    -0.4929  28.208807     5.0409     5.1152    -0.0134    95.6043 1.0000e-12  -74.17536 -113.34422  27.483348      99.86 2.0978e+02    419.273      10064  1029.2764  1029.2745    34.2306    34.2278    8.15719         23 0.0000e+00
    372.000    367.820    -0.4919  28.212587    -0.4879  28.213573     4.9741     5.0500    -0.0192    95.6036 1.0000e-12  -74.17536 -113.34422  27.483359      99.87 2.0978e+02    420.245      10087  1029.2818  1029.2790    34.2311    34.2279    8.15802         23 0.0000e+00
    373.000    368.806    -0.4244  28.275924    -0.4272  28.268780     4.9370     5.0177    -0.0147    95.6202 1.0000e-12  -74.17536 -113.34422  27.483371      99.86 2.0978e+02    421.225      10110  1029.2877  1029.2828    34.2394    34.2330    8.14306         24 0.0000e+00
    374.000    369.794    -0.3667  28.327003    -0.3669  28.324769     4.9323     5.0085    -0.0141    95.6181 1.0000e-12  -74.17536 -113.34422  27.483382      99.87 2.0978e+02    422.201      10134  1029.2903  1029.2880    34.2423    34.2395    8.13054         23 0.0000e+00
    375.000    370.783    -0.3777  28.318931    -0.3748  28.319275     4.9330     4.9994    -0.0092    95.6068 1.0000e-12  -74.17536 -113.34422  27.483393      99.86 2.0978e+02    423.180      10157  1029.2971  1029.2946    34.2433    34.2405    8.13284         23 0.0000e+00
    376.000    371.769    -0.3781  28.319488    -0.3762  28.318905     4.9252     4.9938    -0.0090    95.5624 1.0000e-12  -74.17536 -113.34422  27.483404      99.86 2.0978e+02    424.144      10180  1029.3026  1029.3001    34.2438    34.2409    8.13289         23 0.0000e+00
    377.000    372.760    -0.3694  28.327971    -0.3658  28.328838     4.9243     4.9872    -0.0098    95.5699 1.0000e-12  -74.17536 -113.34422  27.483416      99.86 2.0941e+02    425.105      10204  1029.3077  1029.3050    34.2448    34.2419    8.13097         24 0.0000e+00
    378.000    373.747    -0.3666  28.330934    -0.3636  28.331442     4.9217     4.9877    -0.0046    95.5833 1.0000e-12  -74.17536 -113.34422  27.483427      99.86 2.0947e+02    426.072      10227  1029.3125  1029.3102    34.2450    34.2423    8.13035         23 0.0000e+00
    379.000    374.734    -0.3599  28.337213    -0.3588  28.336093     4.9305     4.9873    -0.0042    95.5522 1.0000e-12  -74.17536 -113.34422  27.483438      99.86 2.0833e+02    427.037      10250  1029.3173  1029.3149    34.2453    34.2425    8.12891         23 0.0000e+00
    380.000    375.721    -0.3630  28.334869    -0.3599  28.335239     4.9351     4.9878    -0.0128    95.5239 1.0000e-12  -74.17536 -113.34422  27.483449      99.86 2.0833e+02    428.007      10273  1029.3222  1029.3196    34.2449    34.2420    8.12958         23 0.0000e+00
    381.000    376.710    -0.3640  28.334530    -0.3598  28.336110     4.9305     4.9846    -0.0181    95.4881 1.0000e-12  -74.17536 -113.34422  27.483461      88.06 2.0810e+02    428.983      10297  1029.3273  1029.3249    34.2450    34.2425    8.12979         24 0.0000e+00
    382.000    377.699    -0.3722  28.327583    -0.3590  28.337432     4.9292     4.9761    -0.0075    95.4760 1.0000e-12  -74.17536 -113.34422  27.483472      96.51 2.0802e+02    429.953      10320  1029.3323  1029.3300    34.2444    34.2428    8.13159         23 0.0000e+00
    383.000    378.685    -0.3653  28.335803    -0.3477  28.347731     4.9129     4.9700    -0.0077    95.4714 1.0000e-12  -74.17536 -113.34422  27.483483      99.84 2.0802e+02    430.920      10343  1029.3387  1029.3342    34.2470    34.2431    8.12996         23 0.0000e+00
    384.000    379.673    -0.3435  28.354076    -0.3412  28.353705     4.8915     4.9561    -0.0166    95.4550 1.0000e-12  -74.17536 -113.34422  27.483494      99.87 2.0802e+02    431.896      10367  1029.3412  1029.3387    34.2463    34.2432    8.12534         24 0.0000e+00
    385.000    380.661    -0.3440  28.354647    -0.3388  28.356493     4.8888     4.9483    -0.0185    95.4724 1.0000e-12  -74.17536 -113.34422  27.483505      99.87 2.0802e+02    432.866      10390  1029.3468  1029.3437    34.2471    34.2437    8.12541         23 0.0000e+00
    386.000    381.649    -0.3270  28.369937    -0.3242  28.370197     4.9051     4.9566    -0.0202    95.4434 1.0000e-12  -74.17536 -113.34422  27.483517      99.86 2.0802e+02    433.836      10413  1029.3508  1029.3485    34.2478    34.2450    8.12174         23 0.0000e+00
    387.000    382.637    -0.3310  28.366917    -0.3287  28.367082     4.9245     4.9887    -0.0175    95.4491 1.0000e-12  -74.17536 -113.34422  27.483528      99.86 2.0802e+02    434.805      10436  1029.3560  1029.3540    34.2477    34.2453    8.12261         23 0.0000e+00
    388.000    383.625    -0.3489  28.353255    -0.3478  28.352049     4.9356     4.9982    -0.0196    95.4067 1.0000e-12  -74.17536 -113.34422  27.483539      99.87 2.0802e+02    435.772      10460  1029.3634  1029.3611    34.2490    34.2461    8.12636         24 0.0000e+00
    389.000    384.612    -0.3598  28.343403    -0.3571  28.344294     4.9144     4.9837    -0.0186    95.4198 1.0000e-12  -74.17536 -113.34422  27.483550      99.86 2.0802e+02    436.737      10483  1029.3680  1029.3663    34.2474    34.2455    8.12877         23 0.0000e+00
    390.000    385.601    -0.3533  28.351890    -0.3566  28.345998     4.8606     4.9397    -0.0128    95.4255 1.0000e-12  -74.17536 -113.34422  27.483561      99.87 2.0802e+02    437.705      10506  1029.3749  1029.3719    34.2508    34.2466    8.12718         23 0.0000e+00
    391.000    386.587    -0.3146  28.388678    -0.3090  28.389894     4.8022     4.8866    -0.0131    95.4120 1.0000e-12  -74.17536 -113.34422  27.483573      99.86 2.0802e+02    438.673      10529  1029.3804  1029.3762    34.2559    34.2512    8.11864         23 0.0000e+00
    392.000    387.575    -0.2612  28.439007    -0.2597  28.436754     4.7966     4.8654    -0.0159    95.4304 1.0000e-12  -74.17536 -113.34422  27.483584      99.86 2.0802e+02    439.645      10552  1029.3860  1029.3822    34.2624    34.2577    8.10688         24 0.0000e+00
    393.000    388.564    -0.2300  28.469170    -0.2287  28.467773     4.7951     4.8635    -0.0153    95.4134 1.0000e-12  -74.17536 -113.34422  27.483595      99.87 2.0802e+02    440.616      10576  1029.3921  1029.3895    34.2670    34.2637    8.09999         23 0.0000e+00
    394.000    389.551    -0.2298  28.470464    -0.2275  28.470232     4.7825     4.8639    -0.0099    95.3876 1.0000e-12  -74.17536 -113.34422  27.483606      85.95 2.0802e+02    441.597      10599  1029.3979  1029.3956    34.2678    34.2650    8.09989         24 0.0000e+00
    395.000    390.538    -0.2292  28.472521    -0.2271  28.471960     4.8130     4.8642    -0.0099    95.3497 1.0000e-12  -74.17536 -113.34422  27.483618      74.95 2.0802e+02    442.576      10623  1029.4042  1029.4016    34.2693    34.2663    8.09969         23 0.0000e+00
    396.000    391.527    -0.2257  28.476647    -0.2240  28.475691     4.8030     4.8611    -0.0107    95.3563 1.0000e-12  -74.17536 -113.34422  27.483629      60.57 2.0802e+02    443.563      10647  1029.4097  1029.4071    34.2703    34.2672    8.09889         24 0.0000e+00
    397.000    392.514    -0.2211  28.481835    -0.2168  28.483616     4.7883     4.8552    -0.0110    95.3289 1.0000e-12  -74.17536 -113.34422  27.483641      99.27 2.0802e+02    444.547      10670  1029.4152  1029.4130    34.2715    34.2691    8.09785         24 0.0000e+00
    398.000    393.502    -0.2133  28.490677    -0.2100  28.491160     4.7947     4.8583    -0.0022    95.3063 1.0000e-12  -74.17536 -113.34422  27.483652      99.86 2.0802e+02    445.519      10693  1029.4215  1029.4188    34.2738    34.2708    8.09605         23 0.0000e+00
    399.000    394.491    -0.2072  28.497165    -0.2054  28.496426     4.7861     4.8618    -0.0104    95.2771 1.0000e-12  -74.17536 -113.34422  27.483663      99.86 2.0802e+02    446.487      10717  1029.4269  1029.4243    34.2751    34.2720    8.09469         23 0.0000e+00
    400.000    395.478    -0.2031  28.501705    -0.2011  28.501065     4.7732     4.8442    -0.0115    95.2900 1.0000e-12  -74.17536 -113.34422  27.483674      99.86 2.0802e+02    447.454      10740  1029.4321  1029.4296    34.2759    34.2728    8.09377         23 0.0000e+00
    401.000    396.465    -0.1996  28.505410    -0.1983  28.504248     4.7840     4.8449    -0.0165    95.2802 1.0000e-12  -74.17536 -113.34422  27.483685      99.86 2.0802e+02    448.429      10763  1029.4372  1029.4347    34.2763    34.2733    8.09300         24 0.0000e+00
    402.000    397.454    -0.1888  28.516145    -0.1885  28.513958     4.7837     4.8414    -0.0192    95.2800 1.0000e-12  -74.17536 -113.34422  27.483697      99.87 2.0802e+02    449.409      10787  1029.4425  1029.4398    34.2779    34.2746    8.09063         23 0.0000e+00
    403.000    398.441    -0.1873  28.518055    -0.1873  28.515894     4.7772     4.8374    -0.0129    95.2588 1.0000e-12  -74.17536 -113.34422  27.483708      99.87 2.0802e+02    450.391      10810  1029.4475  1029.4452    34.2782    34.2753    8.09030         24 0.0000e+00
    404.000    399.428    -0.1892  28.517367    -0.1887  28.515344     4.7627     4.8301    -0.0021    95.2410 1.0000e-12  -74.17536 -113.34422  27.483720      99.87 2.0802e+02    451.363      10834  1029.4530  1029.4504    34.2787    34.2755    8.09066         23 0.0000e+00
    405.000    400.416    -0.1801  28.526359    -0.1757  28.527989     4.7725     4.8233    -0.0029    95.2364 1.0000e-12  -74.17536 -113.34422  27.483731      99.86 2.0802e+02    452.332      10857  1029.4581  1029.4555    34.2799    34.2772    8.08867         23 0.0000e+00
    406.000    401.403    -0.1787  28.528266    -0.1768  28.527526     4.8002     4.8282    -0.0106    95.2285 1.0000e-12  -74.17536 -113.34422  27.483742      99.86 2.0802e+02    453.300      10880  1029.4632  1029.4605    34.2803    34.2771    8.08835         23 0.0000e+00
    407.000    402.392    -0.1731  28.533934    -0.1709  28.533459     4.7631     4.8255    -0.0099    95.2263 1.0000e-12  -74.17536 -113.34422  27.483753      99.86 2.0802e+02    454.260      10903  1029.4681  1029.4654    34.2810    34.2778    8.08713         23 0.0000e+00
    408.000    403.380    -0.1743  28.533636    -0.1746  28.531230     4.7599     4.8218    -0.0104    95.2286 1.0000e-12  -74.17536 -113.34422  27.483764      82.01 2.0802e+02    455.223      10926  1029.4733  1029.4711    34.2813    34.2784    8.08736         24 0.0000e+00
    409.000    404.367    -0.1718  28.536580    -0.1692  28.536330     4.7588     4.8160    -0.0149    95.2416 1.0000e-12  -74.17536 -113.34422  27.483775      95.20 2.0802e+02    456.184      10949  1029.4784  1029.4756    34.2818    34.2786    8.08680         23 0.0000e+00
    410.000    405.355    -0.1625  28.546082    -0.1628  28.543173     4.7576     4.8079    -0.0174    95.2142 1.0000e-12  -74.17536 -113.34422  27.483787      99.88 2.0802e+02    457.150      10973  1029.4837  1029.4810    34.2834    34.2799    8.08474         22 0.0000e+00
    411.000    406.343    -0.1576  28.551635    -0.1560  28.550664     4.7544     4.8072    -0.0181    95.1995 1.0000e-12  -74.17536 -113.34422  27.483798      99.86 2.0802e+02    458.115      10996  1029.4892  1029.4866    34.2847    34.2816    8.08363         24 0.0000e+00
    412.000    407.330    -0.1567  28.553160    -0.1544  28.552768     4.7565     4.8079    -0.0160    95.1983 1.0000e-12  -74.17536 -113.34422  27.483809      99.86 2.0694e+02    459.087      11019  1029.4942  1029.4916    34.2851    34.2820    8.08341         23 0.0000e+00
    413.000    408.317    -0.1560  28.554164    -0.1539  28.553698     4.7578     4.8091    -0.0095    95.1825 1.0000e-12  -74.17536 -113.34422  27.483820      99.87 2.0721e+02    460.063      11043  1029.4991  1029.4966    34.2851    34.2822    8.08327         24 0.0000e+00
    414.000    409.309    -0.1538  28.557506    -0.1516  28.557062     4.7584     4.8055    -0.0109    95.1793 1.0000e-12  -74.17536 -113.34422  27.483831      99.87 2.0695e+02    461.039      11066  1029.5049  1029.5023    34.2865    34.2835    8.08273         23 0.0000e+00
