ocean_section_plots/required_files/ctd/dnbp2202_ctd201.cnv
* Sea-Bird SBE 9 Data File:
* FileName = D:\Data\raw\NBP2202_CTD201.hex
* Software Version Seasave V 7.26.7.121
* Temperature SN = 1649
* Conductivity SN = 2513
* Number of Bytes Per Scan = 40
* Number of Voltage Words = 5
* Number of Scans Averaged by the Deck Unit = 1
* NMEA Latitude = 73 51.49 S
* NMEA Longitude = 113 03.67 W
* NMEA UTC (Time) = Feb 08 2022  18:15:22
* NMEA baud rate = 9600
** Ship: RVIB N.B. Palmer
** Cruise: NBP2202 Thwaites
** Station: 120
** Operator: A. Robinson Ken B
# nquan = 28
# nvalues = 758                         
# units = specified
# name 0 = prDM: Pressure, Digiquartz [db]
# name 1 = depSM: Depth [salt water, m]
# name 2 = t090C: Temperature [ITS-90, deg C]
# name 3 = c0mS/cm: Conductivity [mS/cm]
# name 4 = t190C: Temperature, 2 [ITS-90, deg C]
# name 5 = c1mS/cm: Conductivity, 2 [mS/cm]
# name 6 = sbeox0ML/L: Oxygen, SBE 43 [ml/l]
# name 7 = sbeox1ML/L: Oxygen, SBE 43, 2 [ml/l]
# name 8 = flECO-AFL: Fluorescence, WET Labs ECO-AFL/FL [mg/m^3]
# name 9 = CStarTr0: Beam Transmission, WET Labs C-Star [%]
# name 10 = par: PAR/Irradiance, Biospherical/Licor
# name 11 = latitude: Latitude [deg]
# name 12 = longitude: Longitude [deg]
# name 13 = timeJ: Julian Days
# name 14 = altM: Altimeter [m]
# name 15 = spar: SPAR, Biospherical/Licor
# name 16 = timeS: Time, Elapsed [seconds]
# name 17 = scan: Scan Count
# name 18 = density00: Density [density, kg/m^3]
# name 19 = density11: Density, 2 [density, kg/m^3]
# name 20 = v3: Voltage 3
# name 21 = v4: Voltage 4
# name 22 = v5: Voltage 5
# name 23 = sal00: Salinity, Practical [PSU]
# name 24 = sal11: Salinity, Practical, 2 [PSU]
# name 25 = oxsolML/L: Oxygen Saturation, Garcia & Gordon [ml/l]
# name 26 = nbin: number of scans per bin
# name 27 = flag: flag
# span 0 =      1.000,    758.000       
# span 1 =      0.993,    748.796       
# span 2 =    -1.5055,     0.3358       
# span 3 =  27.025343,  29.272306       
# span 4 =    -1.5046,     0.3381       
# span 5 =  27.025747,  29.272515       
# span 6 =     4.6353,     9.0644       
# span 7 =     4.7528,     9.3636       
# span 8 =    -0.0166,    27.6808       
# span 9 =    75.8099,    98.4793       
# span 10 = -1.382e-05, 3.4038e+02      
# span 11 =  -73.85828,  -73.85826      
# span 12 = -113.06136, -113.06130      
# span 13 =  39.763433,  39.775359      
# span 14 =     -18.84,     100.22      
# span 15 = 2.6073e+02, 2.8291e+02      
# span 16 =    238.616,   1269.037      
# span 17 =       5728,      30458      
# span 18 =  1027.1566,  1031.2454      
# span 19 =  1027.1556,  1031.2434      
# span 20 =     3.5968,     4.6717      
# span 21 =     0.0637,     4.4615      
# span 22 =     0.1162,     0.2689      
# span 23 =    33.7827,    34.4805      
# span 24 =    33.7814,    34.4780      
# span 25 =    7.96941,    8.39865      
# span 26 =         11,         76      
# span 27 = 0.0000e+00, 0.0000e+00      
# interval = decibars: 1                
# start_time = Feb 08 2022 18:15:22 [NMEA time, header]
# bad_flag = -9.990e-29
*END*
[from data line 208]
    209.000    206.736    -1.3430  27.305719    -1.3418  27.305430     6.1000     6.2828     0.4611    97.3069 1.0000e-12  -73.85828 -113.06130  39.766898      95.77 2.8030e+02    538.005      12913  1028.4091  1028.4076     4.6161     0.1339     0.1231    34.0632    34.0615    8.35458         23 0.0000e+00
    210.000    207.724    -1.3398  27.309356    -1.3385  27.308993     6.0906     6.2793     0.4324    97.3906 1.0000e-12  -73.85828 -113.06130  39.766911      99.84 2.7967e+02    539.117      12940  1028.4143  1028.4127     4.6201     0.1234     0.1205    34.0640    34.0620    8.35382         30 0.0000e+00
    211.000    208.713    -1.3322  27.317520    -1.3305  27.317151     6.0835     6.2674     0.3119    97.4678 1.0000e-12  -73.85828 -113.06131  39.766928      99.91 2.7671e+02    540.596      12975  1028.4203  1028.4182     4.6237     0.2221     0.1221    34.0660    34.0634    8.35201         37 0.0000e+00
    212.000    209.702    -1.3251  27.325289    -1.3237  27.324978     6.0799     6.2656     0.3195    97.2977 1.0000e-12  -73.85828 -113.06130  39.766946      99.92 2.7963e+02    542.121      13012  1028.4263  1028.4246     4.6157     0.1884     0.1245    34.0679    34.0658    8.35030         33 0.0000e+00
    213.000    210.688    -1.3212  27.330429    -1.3203  27.330026     6.0787     6.2631     0.3782    97.6802 1.0000e-12  -73.85828 -113.06130  39.766959      99.92 2.7813e+02    543.236      13039  1028.4326  1028.4312     4.6335     0.1665     0.1230    34.0699    34.0683    8.34931         22 0.0000e+00
    214.000    211.680    -1.3217  27.331299    -1.3200  27.331732     6.0814     6.2678     0.2826    97.3054 1.0000e-12  -73.85828 -113.06130  39.766969      99.93 2.7738e+02    544.099      13059  1028.4384  1028.4372     4.6163     0.1194     0.1225    34.0711    34.0696    8.34935         21 0.0000e+00
    215.000    212.669    -1.3194  27.334153    -1.3181  27.333997     6.0881     6.2641     0.4739    97.5667 1.0000e-12  -73.85828 -113.06130  39.766981      99.92 2.7830e+02    545.119      13084  1028.4436  1028.4422     4.6284     0.1940     0.1263    34.0717    34.0700    8.34880         30 0.0000e+00
    216.000    213.656    -1.3219  27.332694    -1.3208  27.332389     6.0952     6.2731     0.2568    97.0482 1.0000e-12  -73.85828 -113.06132  39.767000      99.93 2.7995e+02    546.759      13123  1028.4489  1028.4475     4.6038     0.1347     0.1190    34.0719    34.0703    8.34934         38 0.0000e+00
    217.000    214.644    -1.3254  27.330634    -1.3241  27.330497     6.0910     6.2800     0.5736    97.7805 1.0000e-12  -73.85828 -113.06132  39.767019      99.93 2.7581e+02    548.401      13163  1028.4544  1028.4530     4.6385     0.1439     0.1347    34.0725    34.0708    8.35009         31 0.0000e+00
    218.000    215.633    -1.3262  27.331450    -1.3253  27.331144     6.0910     6.2794     0.6922    97.7636 1.0000e-12  -73.85828 -113.06130  39.767031      99.93 2.7928e+02    549.505      13189  1028.4604  1028.4592     4.6378     0.1327     0.1257    34.0739    34.0724    8.35019         23 0.0000e+00
    219.000    216.622    -1.3246  27.333630    -1.3233  27.333528     6.0902     6.2759     0.4285    97.7367 1.0000e-12  -73.85828 -113.06132  39.767042      91.89 2.8109e+02    550.393      13210  1028.4656  1028.4642     4.6365     0.1355     0.1271    34.0745    34.0728    8.34980         22 0.0000e+00
    220.000    217.611    -1.3219  27.336773    -1.3205  27.336489     6.0872     6.2673     0.4503    97.4860 1.0000e-12  -73.85828 -113.06131  39.767054      99.64 2.7796e+02    551.501      13237  1028.4707  1028.4691     4.6246     0.1376     0.1214    34.0750    34.0731    8.34916         33 0.0000e+00
    221.000    218.600    -1.3160  27.343488    -1.3144  27.343074     6.0794     6.2642     0.6914    97.6171 1.0000e-12  -73.85828 -113.06132  39.767072      99.93 2.7781e+02    553.046      13274  1028.4767  1028.4747     4.6308     0.1209     0.1231    34.0770    34.0746    8.34773         39 0.0000e+00
    222.000    219.587    -1.3116  27.348411    -1.3102  27.348220     6.0792     6.2581     0.5831    97.7255 1.0000e-12  -73.85828 -113.06132  39.767090      99.93 2.7945e+02    554.554      13310  1028.4821  1028.4806     4.6359     0.1113     0.1195    34.0780    34.0762    8.34667         32 0.0000e+00
    223.000    220.577    -1.3119  27.348886    -1.3107  27.348713     6.0907     6.2743     0.3906    97.8394 1.0000e-12  -73.85828 -113.06132  39.767103      99.92 2.7899e+02    555.691      13338  1028.4873  1028.4860     4.6413     0.1566     0.1221    34.0784    34.0768    8.34672         23 0.0000e+00
    224.000    221.565    -1.3146  27.346942    -1.3128  27.347393     6.0884     6.2754     0.4189    97.7874 1.0000e-12  -73.85828 -113.06132  39.767114      99.93 2.7741e+02    556.664      13361  1028.4921  1028.4908     4.6388     0.1277     0.1227    34.0782    34.0767    8.34734         25 0.0000e+00
    225.000    222.554    -1.3181  27.345394    -1.3164  27.345015     6.0765     6.2569     0.7899    97.3115 1.0000e-12  -73.85828 -113.06132  39.767129      99.92 2.8013e+02    557.916      13391  1028.4982  1028.4961     4.6164     0.1678     0.1231    34.0794    34.0770    8.34805         32 0.0000e+00
    226.000    223.541    -1.2967  27.366205    -1.2950  27.365636     6.0678     6.2432     0.4348    97.7415 1.0000e-12  -73.85828 -113.06132  39.767147      99.93 2.7749e+02    559.478      13428  1028.5045  1028.5022     4.6367     0.0933     0.1176    34.0831    34.0803    8.34305         36 0.0000e+00
    227.000    224.533    -1.2949  27.368893    -1.2938  27.368733     6.0668     6.2478     0.4171    97.7614 1.0000e-12  -73.85828 -113.06132  39.767163      99.93 2.7513e+02    560.868      13462  1028.5101  1028.5089     4.6377     0.1160     0.1246    34.0840    34.0826    8.34258         29 0.0000e+00
    228.000    225.520    -1.2998  27.366524    -1.2988  27.366190     6.0631     6.2526     0.1866    97.6782 1.0000e-12  -73.85828 -113.06132  39.767177      96.02 2.8099e+02    562.102      13491  1028.5167  1028.5153     4.6337     0.1175     0.1256    34.0858    34.0841    8.34359         30 0.0000e+00
    229.000    226.509    -1.2922  27.375288    -1.2910  27.374975     6.0550     6.2445     0.2345    97.9206 1.0000e-12  -73.85828 -113.06132  39.767191      92.60 2.7966e+02    563.284      13520  1028.5232  1028.5217     4.6450     0.1262     0.1231    34.0885    34.0868    8.34172         27 0.0000e+00
    230.000    227.495    -1.2868  27.380827    -1.2856  27.380468     6.0539     6.2344     0.2827    97.7445 1.0000e-12  -73.85828 -113.06132  39.767206     100.04 2.7734e+02    564.603      13551  1028.5284  1028.5269     4.6370     0.0990     0.1200    34.0894    34.0876    8.34047         35 0.0000e+00
    231.000    228.485    -1.2838  27.384434    -1.2826  27.384002     6.0578     6.2396     0.2951    97.9733 1.0000e-12  -73.85828 -113.06132  39.767223      99.93 2.8041e+02    566.027      13586  1028.5338  1028.5322     4.6477     0.1032     0.1203    34.0903    34.0883    8.33974         33 0.0000e+00
    232.000    229.474    -1.2852  27.383939    -1.2839  27.383847     6.0713     6.2453     0.4085    97.7151 1.0000e-12  -73.85828 -113.06132  39.767238      99.92 2.7954e+02    567.362      13618  1028.5391  1028.5376     4.6354     0.1547     0.1222    34.0906    34.0889    8.34004         31 0.0000e+00
    233.000    230.463    -1.2876  27.382315    -1.2871  27.381532     6.0673     6.2505     0.4640    97.9435 1.0000e-12  -73.85828 -113.06132  39.767251      99.92 2.7647e+02    568.505      13645  1028.5440  1028.5426     4.6463     0.1368     0.1268    34.0905    34.0888    8.34058         26 0.0000e+00
    234.000    231.450    -1.2904  27.380324    -1.2906  27.378914     6.0756     6.2523     0.6206    97.9465 1.0000e-12  -73.85828 -113.06132  39.767265      99.93 2.8105e+02    569.737      13675  1028.5488  1028.5475     4.6464     0.1182     0.1187    34.0903    34.0886    8.34122         33 0.0000e+00
    235.000    232.441    -1.2926  27.378846    -1.2904  27.379388     6.0748     6.2505     0.4244    97.7711 1.0000e-12  -73.85828 -113.06132  39.767282      99.93 2.8103e+02    571.187      13709  1028.5537  1028.5522     4.6380     0.0934     0.1202    34.0901    34.0884    8.34171         34 0.0000e+00
    236.000    233.427    -1.2941  27.378264    -1.2924  27.378394     6.0728     6.2499     0.2444    97.8925 1.0000e-12  -73.85828 -113.06132  39.767299      99.93 2.7771e+02    572.654      13745  1028.5589  1028.5573     4.6439     0.1262     0.1217    34.0905    34.0887    8.34204         35 0.0000e+00
    237.000    234.416    -1.2897  27.383209    -1.2884  27.382978     6.0687     6.2504     0.2202    97.9213 1.0000e-12  -73.85828 -113.06132  39.767316      99.93 2.8076e+02    574.072      13779  1028.5643  1028.5628     4.6452     0.1555     0.1215    34.0916    34.0898    8.34098         32 0.0000e+00
    238.000    235.405    -1.2886  27.385703    -1.2876  27.385364     6.0666     6.2481     0.2099    97.7493 1.0000e-12  -73.85828 -113.06132  39.767330      99.93 2.8096e+02    575.351      13809  1028.5702  1028.5689     4.6371     0.0986     0.1223    34.0931    34.0915    8.34064         27 0.0000e+00
    239.000    236.394    -1.2847  27.390207    -1.2832  27.390264     6.0622     6.2514     0.2299    97.7276 1.0000e-12  -73.85828 -113.06134  39.767342      94.46 2.7924e+02    576.373      13834  1028.5757  1028.5743     4.6361     0.1440     0.1212    34.0943    34.0926    8.33971         25 0.0000e+00
    240.000    237.382    -1.2822  27.393059    -1.2815  27.392294     6.0568     6.2418     0.3583    97.8706 1.0000e-12  -73.85828 -113.06133  39.767356      99.76 2.8075e+02    577.526      13862  1028.5807  1028.5792     4.6428     0.1380     0.1239    34.0948    34.0928    8.33913         32 0.0000e+00
    241.000    238.370    -1.2732  27.403035    -1.2712  27.402805     6.0332     6.2221     0.4150    97.7569 1.0000e-12  -73.85828 -113.06134  39.767373      99.93 2.8021e+02    579.072      13899  1028.5872  1028.5850     4.6373     0.0988     0.1190    34.0976    34.0949    8.33695         37 0.0000e+00
    242.000    239.358    -1.2581  27.418157    -1.2555  27.418896     5.9975     6.1876     0.2792    97.7137 1.0000e-12  -73.85828 -113.06133  39.767390      99.93 2.7769e+02    580.530      13934  1028.5934  1028.5918     4.6355     0.1042     0.1219    34.1005    34.0986    8.33340         31 0.0000e+00
    243.000    240.348    -1.2465  27.429768    -1.2443  27.430206     5.9667     6.1620     0.8240    97.7531 1.0000e-12  -73.85828 -113.06133  39.767403      99.93 2.8125e+02    581.644      13960  1028.5993  1028.5976     4.6373     0.1025     0.1228    34.1025    34.1007    8.33069         24 0.0000e+00
    244.000    241.337    -1.2286  27.446540    -1.2282  27.445173     5.9571     6.1525     0.4601    97.9363 1.0000e-12  -73.85828 -113.06134  39.767414      99.93 2.8226e+02    582.594      13983  1028.6045  1028.6027     4.6460     0.1132     0.1231    34.1045    34.1023    8.32658         23 0.0000e+00
    245.000    242.325    -1.2177  27.456286    -1.2165  27.455872     5.9677     6.1501     0.2317    98.0690 1.0000e-12  -73.85828 -113.06134  39.767428      99.92 2.7836e+02    583.813      14013  1028.6091  1028.6074     4.6522     0.1546     0.1226    34.1049    34.1030    8.32415         34 0.0000e+00
    246.000    243.313    -1.2247  27.451585    -1.2233  27.451540     5.9949     6.1760     0.1691    97.9885 1.0000e-12  -73.85828 -113.06134  39.767447      99.93 2.8051e+02    585.445      14052  1028.6153  1028.6139     4.6484     0.1034     0.1238    34.1058    34.1041    8.32564         38 0.0000e+00
    247.000    244.300    -1.2303  27.447883    -1.2290  27.447667     5.9930     6.1698     0.1747    97.9726 1.0000e-12  -73.85828 -113.06133  39.767463      99.93 2.8104e+02    586.815      14085  1028.6212  1028.6198     4.6477     0.1097     0.1204    34.1065    34.1048    8.32686         29 0.0000e+00
    248.000    245.290    -1.2332  27.447654    -1.2320  27.447361     5.9885     6.1645     0.3060    98.1047 1.0000e-12  -73.85828 -113.06133  39.767475      99.93 2.8230e+02    587.823      14109  1028.6283  1028.6267     4.6539     0.1030     0.1192    34.1089    34.1071    8.32737         21 0.0000e+00
    249.000    246.278    -1.2086  27.471737    -1.2078  27.470392     5.9989     6.1713     0.2491    98.0538 1.0000e-12  -73.85828 -113.06134  39.767485      87.45 2.7851e+02    588.720      14130  1028.6349  1028.6327     4.6515     0.1051     0.1198    34.1133    34.1105    8.32163         23 0.0000e+00
    250.000    247.268    -1.2172  27.464735    -1.2203  27.461186     6.0118     6.1821     0.1613    97.9990 1.0000e-12  -73.85828 -113.06135  39.767499      99.47 2.8254e+02    589.936      14159  1028.6401  1028.6393     4.6490     0.0965     0.1235    34.1128    34.1116    8.32357         36 0.0000e+00
    251.000    248.256    -1.2319  27.452826    -1.2302  27.452677     5.9995     6.1816     0.1698    97.9954 1.0000e-12  -73.85828 -113.06135  39.767519      99.93 2.7887e+02    591.594      14199  1028.6458  1028.6441     4.6488     0.0943     0.1211    34.1126    34.1105    8.32684         37 0.0000e+00
    252.000    249.243    -1.2237  27.462073    -1.2216  27.462209     5.9730     6.1567     0.4334    97.8382 1.0000e-12  -73.85828 -113.06135  39.767535      99.93 2.7990e+02    592.990      14233  1028.6522  1028.6504     4.6413     0.0931     0.1190    34.1153    34.1132    8.32486         30 0.0000e+00
    253.000    250.233    -1.2045  27.480314    -1.2024  27.480560     5.9569     6.1398     0.4335    97.7265 1.0000e-12  -73.85828 -113.06134  39.767548      99.93 2.8291e+02    594.168      14261  1028.6578  1028.6561     4.6360     0.0941     0.1223    34.1178    34.1158    8.32044         27 0.0000e+00
    254.000    251.220    -1.1961  27.488642    -1.1948  27.488377     5.9458     6.1267     0.1974    98.1416 1.0000e-12  -73.85828 -113.06134  39.767560      99.93 2.8112e+02    595.224      14286  1028.6632  1028.6616     4.6557     0.0870     0.1189    34.1192    34.1172    8.31851         24 0.0000e+00
    255.000    252.209    -1.1905  27.494489    -1.1895  27.493749     5.9426     6.1253     0.1790    98.0557 1.0000e-12  -73.85828 -113.06134  39.767573      99.93 2.7807e+02    596.312      14312  1028.6685  1028.6667     4.6516     0.0916     0.1180    34.1201    34.1179    8.31720         30 0.0000e+00
    256.000    253.199    -1.1879  27.497017    -1.1865  27.496684     5.9358     6.1207     0.4034    97.9615 1.0000e-12  -73.85828 -113.06134  39.767589      99.93 2.8203e+02    597.692      14346  1028.6732  1028.6714     4.6471     0.0984     0.1217    34.1200    34.1179    8.31663         33 0.0000e+00
    257.000    254.185    -1.1852  27.499968    -1.1839  27.499589     5.9322     6.1130     0.3206    97.9085 1.0000e-12  -73.85828 -113.06134  39.767607      99.93 2.8059e+02    599.249      14383  1028.6782  1028.6765     4.6446     0.1062     0.1213    34.1203    34.1183    8.31600         37 0.0000e+00
    258.000    255.174    -1.1834  27.502243    -1.1820  27.501980     5.9369     6.1147     0.3603    98.0704 1.0000e-12  -73.85828 -113.06134  39.767623      99.93 2.7594e+02    600.635      14416  1028.6834  1028.6818     4.6523     0.1211     0.1271    34.1208    34.1189    8.31559         31 0.0000e+00
