ocean_section_plots/required_files/ctd/dnbp2202_ctd033.cnv
* Sea-Bird SBE 9 Data File:
* FileName = D:\Data\raw\NBP2202_CTD033.hex
* Software Version Seasave V 7.26.7.121
* Temperature SN = 1649
* Conductivity SN = 2513
* Number of Bytes Per Scan = 40
* Number of Voltage Words = 5
* Number of Scans Averaged by the Deck Unit = 1
* NMEA Latitude = 74 09.02 S
* NMEA Longitude = 111 53.91 W
* NMEA UTC (Time) = Jan 21 2022  23:44:24
* NMEA baud rate = 9600
** Ship: RVIB N.B. Palmer
** Cruise: NBP2202 Thwaites
** Station: 20
** Operator: A. Robinson
# nquan = 25
# nvalues = 504                         
# units = specified
# name 0 = prDM: Pressure, Digiquartz [db]
# name 1 = depSM: Depth [salt water, m]
# name 2 = t090C: Temperature [ITS-90, deg C]
# name 3 = c0mS/cm: Conductivity [mS/cm]
# name 4 = t190C: Temperature, 2 [ITS-90, deg C]
# name 5 = c1mS/cm: Conductivity, 2 [mS/cm]
# name 6 = sbeox0ML/L: Oxygen, SBE 43 [ml/l]
# name 7 = sbeox1ML/L: Oxygen, SBE 43, 2 [ml/l]
# name 8 = flECO-AFL: Fluorescence, WET Labs ECO-AFL/FL [mg/m^3]
# name 9 = CStarTr0: Beam Transmission, WET Labs C-Star [%]
# name 10 = par: PAR/Irradiance, Biospherical/Licor
# name 11 = latitude: Latitude [deg]
# name 12 = longitude: Longitude [deg]
# name 13 = timeJ: Julian Days
# name 14 = altM: Altimeter [m]
# name 15 = spar: SPAR, Biospherical/Licor
# name 16 = timeS: Time, Elapsed [seconds]
# name 17 = scan: Scan Count
# name 18 = density00: Density [density, kg/m^3]
# name 19 = density11: Density, 2 [density, kg/m^3]
# name 20 = sal00: Salinity, Practical [PSU]
# name 21 = sal11: Salinity, Practical, 2 [PSU]
# name 22 = oxsolML/L: Oxygen Saturation, Garcia & Gordon [ml/l]
# name 23 = nbin: number of scans per bin
# name 24 = flag: flag
# span 0 =      2.000,    505.000       
# span 1 =      1.977,    499.167       
# span 2 =    -1.5454,     0.1274       
# span 3 =  27.055305,  28.949195       
# span 4 =    -1.5458,     0.1297       
# span 5 =  27.054838,  28.949045       
# span 6 =     4.7845,     7.9232       
# span 7 =     5.0511,     8.1671       
# span 8 =    -0.0150,    12.8454       
# span 9 =    77.5933,    97.3479       
# span 10 = -7.723e-07, 1.0602e+03      
# span 11 =  -74.15036,  -74.15036      
# span 12 = -111.89864, -111.89860      
# span 13 =  21.992251,  22.000733      
# span 14 =       4.70,      99.66      
# span 15 = 1.5902e+03, 1.7699e+03      
# span 16 =    266.457,    999.348      
# span 17 =       6396,      23985      
# span 18 =  1027.1908,  1030.0368      
# span 19 =  1027.1948,  1030.0344      
# span 20 =    33.7775,    34.4355      
# span 21 =    33.7802,    34.4328      
# span 22 =    8.01520,    8.40493      
# span 23 =         19,         53      
# span 24 = 0.0000e+00, 0.0000e+00      
# interval = decibars: 1                
# start_time = Jan 21 2022 23:44:24 [NMEA time, header]
# bad_flag = -9.990e-29
*END*
[from data line 464]
    466.000    460.658     0.0670  28.861187     0.0686  28.860161     4.8322     5.1114    -0.0100    96.9955 1.0000e-12  -74.15036 -111.89862  21.999679      43.89 1.6347e+03    908.301      21800  1029.8362  1029.8336    34.4102    34.4071    8.02926         26 0.0000e+00
    467.000    461.646     0.0682  28.863219     0.0704  28.863017     4.8349     5.1109    -0.0024    97.0003 1.0000e-12  -74.15036 -111.89864  21.999692      43.03 1.6340e+03    909.376      21826  1029.8414  1029.8391    34.4109    34.4081    8.02896         25 0.0000e+00
    468.000    462.634     0.0698  28.865456     0.0720  28.865072     4.8367     5.1091     0.0049    96.9726 1.0000e-12  -74.15036 -111.89862  21.999705      41.76 1.6632e+03    910.485      21853  1029.8465  1029.8441    34.4115    34.4086    8.02860         28 0.0000e+00
    469.000    463.622     0.0691  28.864880     0.0714  28.864900     4.8395     5.1071    -0.0019    96.9745 1.0000e-12  -74.15036 -111.89863  21.999718      40.88 1.6634e+03    911.628      21880  1029.8509  1029.8487    34.4110    34.4084    8.02878         28 0.0000e+00
    470.000    464.608     0.0690  28.865475     0.0707  28.864568     4.8349     5.1045    -0.0038    96.9736 1.0000e-12  -74.15036 -111.89863  21.999731      39.70 1.7017e+03    912.801      21908  1029.8559  1029.8533    34.4113    34.4082    8.02878         28 0.0000e+00
    471.000    465.596     0.0714  28.868697     0.0726  28.867336     4.8370     5.1053    -0.0085    96.9929 1.0000e-12  -74.15036 -111.89863  21.999745      38.83 1.6972e+03    913.977      21936  1029.8612  1029.8586    34.4122    34.4090    8.02822         28 0.0000e+00
    472.000    466.584     0.0708  28.868348     0.0729  28.868091     4.8338     5.1045    -0.0048    96.9819 1.0000e-12  -74.15036 -111.89864  21.999759      37.59 1.7294e+03    915.141      21964  1029.8657  1029.8634    34.4118    34.4091    8.02836         28 0.0000e+00
    473.000    467.570     0.0712  28.869160     0.0729  28.868417     4.8278     5.1082    -0.0040    96.9865 1.0000e-12  -74.15036 -111.89862  21.999772      36.56 1.7396e+03    916.316      21993  1029.8705  1029.8681    34.4119    34.4090    8.02829         28 0.0000e+00
    474.000    468.559     0.0742  28.873084     0.0769  28.873173     4.8245     5.1010     0.0050    96.9917 1.0000e-12  -74.15036 -111.89863  21.999786      35.42 1.6984e+03    917.509      22021  1029.8759  1029.8734    34.4130    34.4102    8.02758         29 0.0000e+00
    475.000    469.545     0.0816  28.882893     0.0846  28.883083     4.8208     5.0969     0.0104    96.9948 1.0000e-12  -74.15036 -111.89863  21.999800      34.40 1.7182e+03    918.728      22050  1029.8833  1029.8805    34.4172    34.4140    8.02582         30 0.0000e+00
    476.000    470.533     0.0874  28.890074     0.0894  28.889570     4.8175     5.1016     0.0197    96.9948 1.0000e-12  -74.15036 -111.89863  21.999815      33.33 1.7266e+03    919.979      22081  1029.8894  1029.8869    34.4196    34.4166    8.02447         30 0.0000e+00
    477.000    471.520     0.0883  28.891582     0.0903  28.891057     4.8238     5.0985     0.0150    96.9861 1.0000e-12  -74.15036 -111.89864  21.999829      32.36 1.7487e+03    921.255      22111  1029.8944  1029.8919    34.4199    34.4169    8.02425         31 0.0000e+00
    478.000    472.508     0.0878  28.891410     0.0904  28.891489     4.8248     5.1014     0.0127    96.9829 1.0000e-12  -74.15036 -111.89863  21.999844      31.27 1.7486e+03    922.545      22142  1029.8991  1029.8967    34.4197    34.4169    8.02437         32 0.0000e+00
    479.000    473.496     0.0894  28.893908     0.0915  28.893240     4.8241     5.0961     0.0028    96.9844 1.0000e-12  -74.15036 -111.89863  21.999860      30.27 1.7466e+03    923.892      22174  1029.9044  1029.9018    34.4205    34.4174    8.02398         32 0.0000e+00
    480.000    474.483     0.0921  28.897481     0.0935  28.896059     4.8237     5.0989     0.0022    96.9691 1.0000e-12  -74.15036 -111.89863  21.999876      29.26 1.7477e+03    925.282      22208  1029.9098  1029.9070    34.4217    34.4182    8.02336         34 0.0000e+00
    481.000    475.469     0.0911  28.896638     0.0934  28.896473     4.8210     5.0986    -0.0012    96.9667 1.0000e-12  -74.15036 -111.89863  21.999892      28.23 1.7501e+03    926.703      22242  1029.9143  1029.9118    34.4211    34.4183    8.02360         35 0.0000e+00
    482.000    476.457     0.0900  28.895929     0.0926  28.895913     4.8227     5.1005     0.0049    96.9640 1.0000e-12  -74.15036 -111.89863  21.999909      27.19 1.7480e+03    928.158      22277  1029.9189  1029.9163    34.4209    34.4178    8.02386         34 0.0000e+00
    483.000    477.445     0.0933  28.900062     0.0932  28.897419     4.8236     5.1001     0.0051    96.9915 1.0000e-12  -74.15036 -111.89863  21.999927      26.09 1.7472e+03    929.691      22314  1029.9243  1029.9216    34.4220    34.4186    8.02310         37 0.0000e+00
    484.000    478.432     0.0982  28.906952     0.1015  28.907619     4.8236     5.0920     0.0007    96.9808 1.0000e-12  -74.15036 -111.89863  21.999946      25.07 1.7488e+03    931.296      22352  1029.9310  1029.9285    34.4250    34.4222    8.02191         39 0.0000e+00
    485.000    479.420     0.1004  28.909936     0.1019  28.908697     4.8169     5.0938    -0.0004    96.9828 1.0000e-12  -74.15036 -111.89863  21.999965      24.01 1.7456e+03    932.970      22392  1029.9363  1029.9335    34.4259    34.4225    8.02140         41 0.0000e+00
    486.000    480.407     0.0992  28.908851     0.1015  28.908530     4.8179     5.0967     0.0052    96.9576 1.0000e-12  -74.15036 -111.89864  21.999985      22.99 1.6889e+03    934.712      22434  1029.9406  1029.9380    34.4251    34.4222    8.02168         43 0.0000e+00
    487.000    481.394     0.0991  28.909032     0.1012  28.908609     4.8186     5.0958     0.0001    96.9374 1.0000e-12  -74.15036 -111.89862  22.000006      21.87 1.6598e+03    936.550      22478  1029.9452  1029.9427    34.4250    34.4220    8.02172         42 0.0000e+00
    488.000    482.381     0.1012  28.912073     0.1026  28.910658     4.8206     5.0947     0.0105    96.9523 1.0000e-12  -74.15036 -111.89862  22.000028      20.95 1.6412e+03    938.423      22523  1029.9505  1029.9478    34.4260    34.4226    8.02121         43 0.0000e+00
    489.000    483.368     0.1032  28.914570     0.1041  28.912751     4.8195     5.0889     0.0072    96.9592 1.0000e-12  -74.15036 -111.89862  22.000050      19.85 1.6796e+03    940.339      22569  1029.9555  1029.9528    34.4265    34.4231    8.02077         47 0.0000e+00
    490.000    484.355     0.1077  28.920444     0.1097  28.919930     4.8163     5.0897     0.0013    96.9360 1.0000e-12  -74.15036 -111.89862  22.000074      18.76 1.6309e+03    942.427      22619  1029.9616  1029.9590    34.4286    34.4256    8.01971         41 0.0000e+00
    491.000    485.344     0.1088  28.921921     0.1114  28.922050     4.8144     5.0885    -0.0031    96.9414 1.0000e-12  -74.15036 -111.89862  22.000100      17.68 1.6427e+03    944.621      22672  1029.9664  1029.9640    34.4287    34.4260    8.01948         39 0.0000e+00
    492.000    486.331     0.1126  28.926764     0.1148  28.926547     4.8106     5.0851    -0.0014    96.9563 1.0000e-12  -74.15036 -111.89862  22.000128      16.77 1.7392e+03    947.020      22729  1029.9721  1029.9697    34.4303    34.4275    8.01860         46 0.0000e+00
    493.000    487.319     0.1140  28.928696     0.1161  28.928547     4.8085     5.0846     0.0056    96.8881 1.0000e-12  -74.15036 -111.89862  22.000156      15.70 1.7053e+03    949.470      22788  1029.9770  1029.9748    34.4306    34.4281    8.01828         37 0.0000e+00
    494.000    488.305     0.1178  28.933555     0.1187  28.932042     4.8118     5.0855     0.0033    96.9024 1.0000e-12  -74.15036 -111.89862  22.000186      14.72 1.6148e+03    952.054      22850  1029.9827  1029.9802    34.4322    34.4292    8.01740         41 0.0000e+00
    495.000    489.293     0.1169  28.932934     0.1186  28.932136     4.8114     5.0811     0.0055    96.9394 1.0000e-12  -74.15036 -111.89862  22.000216      13.76 1.6229e+03    954.636      22912  1029.9872  1029.9848    34.4317    34.4289    8.01760         42 0.0000e+00
    496.000    490.281     0.1197  28.936377     0.1222  28.936611     4.8034     5.0789     0.0064    96.9454 1.0000e-12  -74.15036 -111.89862  22.000247      12.74 1.7142e+03    957.308      22976  1029.9923  1029.9901    34.4326    34.4301    8.01697         44 0.0000e+00
    497.000    491.267     0.1242  28.941921     0.1265  28.941890     4.8053     5.0751     0.0069    96.9316 1.0000e-12  -74.15036 -111.89862  22.000278      11.77 1.7008e+03    960.018      23041  1029.9980  1029.9958    34.4343    34.4317    8.01594         40 0.0000e+00
    498.000    492.253     0.1244  28.942628     0.1259  28.941646     4.8074     5.0815     0.0097    96.9415 1.0000e-12  -74.15036 -111.89862  22.000310      10.77 1.6290e+03    962.754      23107  1030.0029  1030.0005    34.4344    34.4315    8.01590         40 0.0000e+00
    499.000    493.243     0.1260  28.944779     0.1281  28.944537     4.8029     5.0761     0.0048    96.9518 1.0000e-12  -74.15036 -111.89862  22.000341       9.76 1.5902e+03    965.466      23172  1030.0079  1030.0056    34.4349    34.4322    8.01554         45 0.0000e+00
    500.000    494.229     0.1270  28.946455     0.1288  28.945766     4.8036     5.0775     0.0038    96.9170 1.0000e-12  -74.15036 -111.89862  22.000372       8.73 1.6491e+03    968.167      23237  1030.0130  1030.0105    34.4354    34.4324    8.01530         35 0.0000e+00
    501.000    495.217     0.1256  28.945459     0.1274  28.944625     4.8020     5.0751     0.0176    96.8322 1.0000e-12  -74.15036 -111.89862  22.000404       7.71 1.7331e+03    970.876      23302  1030.0176  1030.0150    34.4350    34.4319    8.01561         42 0.0000e+00
    502.000    496.202     0.1264  28.946646     0.1281  28.945854     4.8042     5.0760     0.0035    96.9302 1.0000e-12  -74.15036 -111.89862  22.000435       6.70 1.7040e+03    973.613      23368  1030.0223  1030.0198    34.4351    34.4322    8.01545         45 0.0000e+00
    503.000    497.190     0.1268  28.947727     0.1285  28.946775     4.8044     5.0737     0.0084    96.8947 1.0000e-12  -74.15036 -111.89862  22.000467       5.69 1.6441e+03    976.334      23433  1030.0273  1030.0246    34.4355    34.4323    8.01534         48 0.0000e+00
    504.000    498.175     0.1263  28.947576     0.1284  28.947070     4.8023     5.0736     0.0107    96.8902 1.0000e-12  -74.15036 -111.89863  22.000498       4.70 1.6264e+03    979.033      23498  1030.0318  1030.0293    34.4352    34.4322    8.01545         35 0.0000e+00
    505.000    499.167     0.1274  28.949195     0.1297  28.949045     4.8052     5.0748     0.0095    96.9433 1.0000e-12  -74.15036 -111.89863  22.000733       8.36 1.6435e+03    999.348      23985  1030.0368  1030.0344    34.4355    34.4328    8.01520         53 0.0000e+00
