ocean_section_plots/required_files/ctd/dnbp2202_ctd164.cnv
* Sea-Bird SBE 9 Data File:
* FileName = D:\Data\raw\NBP2202_CTD164.hex
* Software Version Seasave V 7.26.7.121
* Temperature SN = 1649
* Conductivity SN = 2513
* Number of Bytes Per Scan = 40
* Number of Voltage Words = 5
* Number of Scans Averaged by the Deck Unit = 1
* NMEA Latitude = 74 14.28 S
* NMEA Longitude = 112 17.86 W
* NMEA UTC (Time) = Feb 01 2022  02:32:13
* NMEA baud rate = 9600
** Ship: RVIB N.B. Palmer
** Cruise: NBP2202 Thwaites
** Station: 86
** Operator: A. Robinson
# nquan = 28
# nvalues = 505                         
# units = specified
# name 0 = prDM: Pressure, Digiquartz [db]
# name 1 = depSM: Depth [salt water, m]
# name 2 = t090C: Temperature [ITS-90, deg C]
# name 3 = c0mS/cm: Conductivity [mS/cm]
# name 4 = t190C: Temperature, 2 [ITS-90, deg C]
# name 5 = c1mS/cm: Conductivity, 2 [mS/cm]
# name 6 = sbeox0ML/L: Oxygen, SBE 43 [ml/l]
# name 7 = sbeox1ML/L: Oxygen, SBE 43, 2 [ml/l]
# name 8 = flECO-AFL: Fluorescence, WET Labs ECO-AFL/FL [mg/m^3]
# name 9 = CStarTr0: Beam Transmission, WET Labs C-Star [%]
# name 10 = par: PAR/Irradiance, Biospherical/Licor
# name 11 = latitude: Latitude [deg]
# name 12 = longitude: Longitude [deg]
# name 13 = timeJ: Julian Days
# name 14 = altM: Altimeter [m]
# name 15 = spar: SPAR, Biospherical/Licor
# name 16 = timeS: Time, Elapsed [seconds]
# name 17 = scan: Scan Count
# name 18 = density00: Density [density, kg/m^3]
# name 19 = density11: Density, 2 [density, kg/m^3]
# name 20 = v3: Voltage 3
# name 21 = v4: Voltage 4
# name 22 = v5: Voltage 5
# name 23 = sal00: Salinity, Practical [PSU]
# name 24 = sal11: Salinity, Practical, 2 [PSU]
# name 25 = oxsolML/L: Oxygen Saturation, Garcia & Gordon [ml/l]
# name 26 = nbin: number of scans per bin
# name 27 = flag: flag
# span 0 =      2.000,    506.000       
# span 1 =      1.991,    500.168       
# span 2 =    -1.5610,    -0.1275       
# span 3 =  27.018156,  28.652630       
# span 4 =    -1.5600,    -0.1259       
# span 5 =  27.018566,  28.651600       
# span 6 =     4.8818,     7.7417       
# span 7 =     4.9939,     7.8533       
# span 8 =     0.0045,    13.6106       
# span 9 =    77.3857,    93.7150       
# span 10 = -4.807e-05, 7.5578e+01      
# span 11 =  -74.23806,  -74.23802      
# span 12 = -112.29784, -112.29778      
# span 13 =  32.108942,  32.116912      
# span 14 =      10.32,     100.19      
# span 15 = 1.2945e+03, 1.3499e+03      
# span 16 =    279.561,    968.186      
# span 17 =       6710,      23237      
# span 18 =  1027.2012,  1029.9703      
# span 19 =  1027.2030,  1029.9683      
# span 20 =     3.6716,     4.4458      
# span 21 =     0.0707,     2.0934      
# span 22 =     0.1145,     0.2174      
# span 23 =    33.8075,    34.3291      
# span 24 =    33.8091,    34.3260      
# span 25 =    8.07473,    8.40966      
# span 26 =          3,         46      
# span 27 = 0.0000e+00, 0.0000e+00      
# interval = decibars: 1                
# start_time = Feb 01 2022 02:32:13 [NMEA time, header]
# bad_flag = -9.990e-29
*END*
[from data line 52]
     54.000     53.435    -1.2767  27.118223    -1.2711  27.123262     7.3159     7.5123     7.4432    81.8956 1.0000e-12  -74.23804 -112.29780  32.110299      99.50 1.3428e+03    396.808       9524  1027.4716  1027.4718     3.8853     1.3111     0.1691    33.8271    33.8277    8.35373         43 0.0000e+00
     55.000     54.425    -1.2548  27.139390    -1.2552  27.138882     7.3799     7.5649     9.2350    81.5230 1.0000e-12  -74.23804 -112.29780  32.110324      99.55 1.3458e+03    398.976       9576  1027.4782  1027.4781     3.8679     1.2113     0.1633    33.8308    33.8305    8.34863         39 0.0000e+00
     56.000     55.413    -1.2400  27.153195    -1.2418  27.151952     7.3860     7.5837     8.3265    81.1598 1.0000e-12  -74.23804 -112.29782  32.110341      99.46 1.3462e+03    400.468       9612  1027.4836  1027.4840     3.8504     1.3952     0.1770    33.8324    33.8327    8.34523         28 0.0000e+00
     57.000     56.402    -1.2391  27.154583    -1.2401  27.153996     7.3811     7.5899     8.5586    80.9208 1.0000e-12  -74.23804 -112.29781  32.110354      99.45 1.3441e+03    401.545       9638  1027.4887  1027.4890     3.8392     1.4053     0.1665    33.8326    33.8330    8.34500         29 0.0000e+00
     58.000     57.392    -1.2385  27.155424    -1.2391  27.155098     7.3827     7.5881     9.5634    80.3523 1.0000e-12  -74.23804 -112.29781  32.110373      99.41 1.3443e+03    403.210       9678  1027.4935  1027.4938     3.8122     1.5177     0.1641    33.8325    33.8327    8.34489         42 0.0000e+00
     59.000     58.381    -1.2347  27.159470    -1.2353  27.159034     7.3729     7.5952     9.7866    79.7618 1.0000e-12  -74.23804 -112.29782  32.110395      99.38 1.3449e+03    405.086       9723  1027.4988  1027.4989     3.7840     1.5970     0.1674    33.8331    33.8332    8.34400         31 0.0000e+00
     60.000     59.370    -1.2331  27.161830    -1.2341  27.160746     7.3618     7.5885    10.1696    79.8997 1.0000e-12  -74.23804 -112.29782  32.110410      99.35 1.3431e+03    406.417       9755  1027.5042  1027.5040     3.7907     1.6641     0.1736    33.8339    33.8335    8.34359         32 0.0000e+00
     61.000     60.361    -1.2297  27.168043    -1.2304  27.167165     7.3500     7.5767    12.0718    79.0854 1.0000e-12  -74.23804 -112.29782  32.110428      99.39 1.3446e+03    407.975       9792  1027.5123  1027.5120     3.7521     1.5623     0.1799    33.8380    33.8376    8.34260         36 0.0000e+00
     62.000     61.349    -1.2293  27.169335    -1.2298  27.169314     7.3176     7.5451    12.1993    79.2213 1.0000e-12  -74.23804 -112.29781  32.110451      99.41 1.3480e+03    409.935       9839  1027.5177  1027.5182     3.7583     1.9481     0.1797    33.8386    33.8392    8.34246         36 0.0000e+00
     63.000     62.339    -1.2326  27.170631    -1.2330  27.170564     7.2864     7.5164    11.8827    78.8700 1.0000e-12  -74.23804 -112.29782  32.110468      99.37 1.3436e+03    411.458       9876  1027.5267  1027.5271     3.7418     1.6579     0.1798    33.8435    33.8439    8.34291         34 0.0000e+00
     64.000     63.327    -1.2349  27.170290    -1.2347  27.170423     7.2514     7.4800    10.8097    78.8205 1.0000e-12  -74.23804 -112.29782  32.110485      99.44 1.3424e+03    412.922       9911  1027.5329  1027.5330     3.7395     1.7805     0.1830    33.8450    33.8450    8.34333         37 0.0000e+00
     65.000     64.316    -1.2404  27.168314    -1.2410  27.168202     7.2177     7.4470    10.8760    79.3805 1.0000e-12  -74.23804 -112.29781  32.110505      99.37 1.3458e+03    414.632       9952  1027.5405  1027.5410     3.7656     1.6471     0.1667    33.8479    33.8484    8.34439         36 0.0000e+00
     66.000     65.306    -1.2446  27.166628    -1.2459  27.166310     7.1834     7.4140    10.5319    79.6061 1.0000e-12  -74.23804 -112.29781  32.110523      99.36 1.3415e+03    416.149       9989  1027.5470  1027.5479     3.7768     1.6285     0.1809    33.8497    33.8507    8.34522         34 0.0000e+00
     67.000     66.295    -1.2500  27.164271    -1.2503  27.164261     7.1410     7.3679    10.8965    79.1271 1.0000e-12  -74.23804 -112.29781  32.110540      99.40 1.3388e+03    417.655      10025  1027.5540  1027.5542     3.7540     1.5311     0.1685    33.8520    33.8523    8.34630         37 0.0000e+00
     68.000     67.286    -1.2554  27.163559    -1.2555  27.163556     7.0454     7.2764    13.3541    79.6622 1.0000e-12  -74.23804 -112.29780  32.110561      96.97 1.3423e+03    419.442      10068  1027.5627  1027.5628     3.7797     1.8617     0.1627    33.8565    33.8566    8.34723         37 0.0000e+00
     69.000     68.274    -1.2582  27.165092    -1.2585  27.164897     6.9074     7.1478    11.5243    79.4268 1.0000e-12  -74.23804 -112.29780  32.110580      99.41 1.3450e+03    421.111      10108  1027.5714  1027.5715     3.7683     1.6097     0.1731    33.8612    33.8613    8.34759         35 0.0000e+00
     70.000     69.264    -1.2823  27.149607    -1.2839  27.150070     6.8099     7.0600    10.0852    79.1549 1.0000e-12  -74.23804 -112.29780  32.110596      99.42 1.3443e+03    422.514      10141  1027.5820  1027.5840     3.7554     1.4799     0.1697    33.8666    33.8690    8.35266         34 0.0000e+00
     71.000     70.254    -1.3259  27.123054    -1.3269  27.122729     6.7854     7.0126    10.4186    79.5072 1.0000e-12  -74.23804 -112.29780  32.110615      99.40 1.3422e+03    424.090      10179  1027.5992  1027.5998     3.7720     1.6143     0.1568    33.8789    33.8795    8.36170         38 0.0000e+00
     72.000     71.242    -1.3076  27.143129    -1.3075  27.143098     6.7912     7.0074    10.2980    79.3624 1.0000e-12  -74.23804 -112.29780  32.110634      99.47 1.3394e+03    425.767      10219  1027.6075  1027.6074     3.7653     1.3834     0.1574    33.8851    33.8849    8.35722         37 0.0000e+00
     73.000     72.232    -1.3001  27.150985    -1.3001  27.150986     6.8043     7.0121     9.7266    80.5583 1.0000e-12  -74.23804 -112.29780  32.110651      99.49 1.3415e+03    427.212      10254  1027.6130  1027.6130     3.8219     1.3213     0.1694    33.8867    33.8867    8.35544         34 0.0000e+00
     74.000     73.221    -1.2963  27.155104    -1.2972  27.154225     6.8046     7.0096     9.2132    80.7308 1.0000e-12  -74.23804 -112.29780  32.110668      99.42 1.3408e+03    428.706      10290  1027.6181  1027.6180     3.8301     1.4686     0.1760    33.8875    33.8873    8.35455         34 0.0000e+00
     75.000     74.210    -1.2941  27.157714    -1.2941  27.157871     6.8049     7.0046    11.2645    80.8357 1.0000e-12  -74.23804 -112.29780  32.110687      99.44 1.3395e+03    430.335      10329  1027.6231  1027.6232     3.8351     1.4390     0.1786    33.8879    33.8882    8.35403         36 0.0000e+00
     76.000     75.200    -1.2910  27.161381    -1.2910  27.161476     6.7844     6.9907     9.1556    80.8674 1.0000e-12  -74.23804 -112.29781  32.110704      99.39 1.3378e+03    431.805      10364  1027.6284  1027.6284     3.8366     1.5260     0.1825    33.8888    33.8890    8.35328         33 0.0000e+00
     77.000     76.189    -1.2892  27.165028    -1.2891  27.165058     6.7429     6.9519     8.7317    81.0554 1.0000e-12  -74.23804 -112.29780  32.110722      98.03 1.3399e+03    433.374      10402  1027.6349  1027.6349     3.8455     1.4161     0.1641    33.8912    33.8911    8.35274         37 0.0000e+00
     78.000     77.177    -1.2942  27.164532    -1.2942  27.164625     6.6449     6.8584     8.5287    80.9850 1.0000e-12  -74.23804 -112.29780  32.110743      99.61 1.3451e+03    435.197      10446  1027.6436  1027.6437     3.8421     1.2690     0.1530    33.8955    33.8957    8.35359         38 0.0000e+00
     79.000     78.167    -1.3182  27.148496    -1.3158  27.151125     6.5296     6.7512     8.7868    81.3955 1.0000e-12  -74.23804 -112.29780  32.110760      99.45 1.3428e+03    436.694      10482  1027.6535  1027.6541     3.8616     1.4012     0.1659    33.9001    33.9010    8.35870         32 0.0000e+00
     80.000     79.157    -1.3500  27.125115    -1.3503  27.125861     6.4383     6.6593    10.6236    81.1713 1.0000e-12  -74.23804 -112.29780  32.110776      99.50 1.3398e+03    438.046      10514  1027.6628  1027.6639     3.8510     1.3005     0.1787    33.9034    33.9047    8.36564         35 0.0000e+00
     81.000     80.145    -1.3969  27.089574    -1.3966  27.091509     6.3604     6.5811    10.1306    80.8473 1.0000e-12  -74.23804 -112.29781  32.110797      99.50 1.3439e+03    439.850      10557  1027.6731  1027.6749     3.8356     1.3117     0.1730    33.9071    33.9094    8.37596         40 0.0000e+00
     82.000     81.135    -1.4253  27.068946    -1.4262  27.069025     6.3525     6.5596     9.1961    81.3062 1.0000e-12  -74.23804 -112.29782  32.110818      99.47 1.3491e+03    441.636      10600  1027.6815  1027.6825     3.8574     1.4031     0.1725    33.9102    33.9114    8.38214         32 0.0000e+00
     83.000     82.125    -1.4335  27.064480    -1.4338  27.064705     6.3587     6.5619     7.2490    81.0648 1.0000e-12  -74.23804 -112.29782  32.110832      99.48 1.3448e+03    442.909      10631  1027.6886  1027.6890     3.8460     1.4131     0.1642    33.9128    33.9134    8.38385         29 0.0000e+00
     84.000     83.113    -1.4349  27.065232    -1.4351  27.065463     6.3597     6.5474     6.4145    82.6802 1.0000e-12  -74.23804 -112.29782  32.110847      99.50 1.3398e+03    444.194      10662  1027.6947  1027.6951     3.9224     1.2949     0.1643    33.9149    33.9153    8.38404         31 0.0000e+00
     85.000     84.102    -1.4346  27.066811    -1.4345  27.066998     6.3376     6.5179     7.6527    83.2571 1.0000e-12  -74.23804 -112.29782  32.110868      99.59 1.3462e+03    445.953      10704  1027.6999  1027.7001     3.9499     0.9348     0.1657    33.9160    33.9162    8.38389         40 0.0000e+00
     86.000     85.093    -1.4329  27.069649    -1.4328  27.069864     6.3039     6.4917     6.2753    84.9244 1.0000e-12  -74.23804 -112.29782  32.110888      99.67 1.3491e+03    447.712      10746  1027.7054  1027.7056     4.0289     0.8487     0.1413    33.9173    33.9176    8.38343         31 0.0000e+00
     87.000     86.081    -1.4310  27.072079    -1.4312  27.072181     6.2905     6.4724     2.8652    84.8029 1.0000e-12  -74.23804 -112.29782  32.110904      99.77 1.3453e+03    449.070      10779  1027.7104  1027.7107     4.0233     0.5223     0.1444    33.9180    33.9183    8.38298         30 0.0000e+00
     88.000     87.070    -1.4306  27.073264    -1.4306  27.073404     6.2817     6.4688     1.8466    85.9427 1.0000e-12  -74.23804 -112.29782  32.110918      99.80 1.3426e+03    450.315      10809  1027.7155  1027.7156     4.0773     0.4526     0.1348    33.9185    33.9187    8.38285         31 0.0000e+00
     89.000     88.060    -1.4296  27.074802    -1.4298  27.074779     6.2819     6.4604     2.4062    87.5658 1.0000e-12  -74.23804 -112.29782  32.110936      99.79 1.3435e+03    451.893      10846  1027.7204  1027.7205     4.1537     0.5039     0.1375    33.9189    33.9190    8.38261         42 0.0000e+00
     90.000     89.049    -1.4300  27.074925    -1.4298  27.075097     6.2733     6.4538     2.6112    89.2168 1.0000e-12  -74.23804 -112.29782  32.110959      99.78 1.3445e+03    453.844      10893  1027.7251  1027.7251     4.2325     0.4755     0.1419    33.9188    33.9189    8.38270         38 0.0000e+00
     91.000     90.038    -1.4292  27.076105    -1.4294  27.076078     6.2702     6.4475     1.6962    89.8731 1.0000e-12  -74.23804 -112.29782  32.110975      99.82 1.3447e+03    455.252      10927  1027.7298  1027.7300     4.2636     0.3378     0.1336    33.9190    33.9192    8.38251         29 0.0000e+00
     92.000     91.027    -1.4293  27.076451    -1.4292  27.076622     6.2554     6.4344     2.0670    90.4279 1.0000e-12  -74.23804 -112.29782  32.110989      99.81 1.3439e+03    456.470      10956  1027.7345  1027.7346     4.2899     0.3202     0.1338    33.9189    33.9190    8.38253         31 0.0000e+00
     93.000     92.017    -1.4290  27.077275    -1.4290  27.077223     6.2086     6.3988     1.9816    90.2210 1.0000e-12  -74.23804 -112.29782  32.111007      98.37 1.3430e+03    458.003      10993  1027.7394  1027.7393     4.2801     0.3985     0.1344    33.9191    33.9189    8.38245         41 0.0000e+00
     94.000     93.006    -1.4273  27.079483    -1.4276  27.079132     6.1477     6.3372     1.6554    90.3839 1.0000e-12  -74.23804 -112.29783  32.111028      98.65 1.3439e+03    459.859      11038  1027.7444  1027.7443     4.2878     0.3436     0.1364    33.9195    33.9194    8.38204         41 0.0000e+00
     95.000     93.995    -1.4263  27.081179    -1.4264  27.081053     6.1155     6.3070     1.7619    90.7249 1.0000e-12  -74.23804 -112.29782  32.111046      99.85 1.3444e+03    461.356      11074  1027.7496  1027.7496     4.3039     0.3618     0.1351    33.9200    33.9201    8.38178         32 0.0000e+00
     96.000     94.985    -1.4255  27.082987    -1.4255  27.082909     6.0979     6.2860     1.3414    90.3363 1.0000e-12  -74.23804 -112.29782  32.111060      99.81 1.3461e+03    462.616      11104  1027.7551  1027.7551     4.2857     0.3456     0.1311    33.9210    33.9210    8.38155         31 0.0000e+00
     97.000     95.972    -1.4245  27.084606    -1.4247  27.084426     6.0811     6.2667     0.9098    90.5672 1.0000e-12  -74.23804 -112.29783  32.111076      99.83 1.3446e+03    463.977      11136  1027.7603  1027.7603     4.2965     0.2198     0.1302    33.9216    33.9216    8.38130         35 0.0000e+00
     98.000     96.964    -1.4216  27.088823    -1.4216  27.088535     6.0704     6.2496     1.0280    91.1373 1.0000e-12  -74.23804 -112.29782  32.111095      99.83 1.3406e+03    465.606      11176  1027.7665  1027.7661     4.3235     0.1916     0.1292    33.9235    33.9230    8.38054         40 0.0000e+00
     99.000     97.952    -1.4207  27.090132    -1.4207  27.090035     6.0769     6.2550     1.3433    91.5663 1.0000e-12  -74.23804 -112.29782  32.111114      99.84 1.3440e+03    467.275      11216  1027.7713  1027.7712     4.3438     0.1621     0.1294    33.9235    33.9234    8.38031         38 0.0000e+00
    100.000     98.941    -1.4210  27.090281    -1.4215  27.089918     6.1064     6.2725     0.8554    91.7462 1.0000e-12  -74.23804 -112.29782  32.111132      99.84 1.3469e+03    468.805      11252  1027.7761  1027.7762     4.3525     0.1592     0.1240    33.9235    33.9236    8.38039         36 0.0000e+00
    101.000     99.929    -1.4235  27.089233    -1.4235  27.089195     6.1497     6.3139     0.6428    92.1629 1.0000e-12  -74.23804 -112.29784  32.111148      99.83 1.3458e+03    470.224      11286  1027.7816  1027.7816     4.3720     0.2603     0.1310    33.9242    33.9242    8.38090         32 0.0000e+00
    102.000    100.919    -1.4232  27.090548    -1.4234  27.090407     6.2129     6.3687     0.5265    92.1027 1.0000e-12  -74.23804 -112.29784  32.111164      96.45 1.3437e+03    471.540      11318  1027.7871  1027.7871     4.3693     0.1720     0.1289    33.9251    33.9251    8.38079         32 0.0000e+00
    103.000    101.910    -1.4233  27.091904    -1.4232  27.091864     6.2903     6.4403     0.9062    92.0090 1.0000e-12  -74.23804 -112.29784  32.111182      99.68 1.3439e+03    473.120      11356  1027.7931  1027.7929     4.3649     0.1923     0.1300    33.9265    33.9263    8.38073         43 0.0000e+00
    104.000    102.897    -1.4233  27.092963    -1.4231  27.093092     6.3824     6.5297     0.8419    92.1662 1.0000e-12  -74.23804 -112.29784  32.111205      99.84 1.3496e+03    475.128      11404  1027.7986  1027.7985     4.3723     0.2237     0.1294    33.9274    33.9272    8.38069         38 0.0000e+00
