ocean_section_plots/required_files/ctd/dnbp2202_ctd018.cnv
* Sea-Bird SBE 9 Data File:
* FileName = D:\Data\raw\NBP2202_CTD018.hex
* Software Version Seasave V 7.26.7.121
* Temperature SN = 1649
* Conductivity SN = 2513
* Number of Bytes Per Scan = 40
* Number of Voltage Words = 5
* Number of Scans Averaged by the Deck Unit = 1
* NMEA Latitude = 73 47.98 S
* NMEA Longitude = 112 39.90 W
* NMEA UTC (Time) = Jan 18 2022  05:51:28
* NMEA baud rate = 9600
** Ship: RVIB N.B. Palmer
** Cruise: NBP2202 Thwaites
** Station: 13
** Operator: B. Bjork
** pH sensor, Monocorer
# nquan = 25
# nvalues = 737                         
# units = specified
# name 0 = prDM: Pressure, Digiquartz [db]
# name 1 = depSM: Depth [salt water, m]
# name 2 = t090C: Temperature [ITS-90, deg C]
# name 3 = c0mS/cm: Conductivity [mS/cm]
# name 4 = t190C: Temperature, 2 [ITS-90, deg C]
# name 5 = c1mS/cm: Conductivity, 2 [mS/cm]
# name 6 = sbeox0ML/L: Oxygen, SBE 43 [ml/l]
# name 7 = sbeox1ML/L: Oxygen, SBE 43, 2 [ml/l]
# name 8 = flECO-AFL: Fluorescence, WET Labs ECO-AFL/FL [mg/m^3]
# name 9 = CStarTr0: Beam Transmission, WET Labs C-Star [%]
# name 10 = par: PAR/Irradiance, Biospherical/Licor
# name 11 = latitude: Latitude [deg]
# name 12 = longitude: Longitude [deg]
# name 13 = timeJ: Julian Days
# name 14 = altM: Altimeter [m]
# name 15 = spar: SPAR, Biospherical/Licor
# name 16 = timeS: Time, Elapsed [seconds]
# name 17 = scan: Scan Count
# name 18 = density00: Density [density, kg/m^3]
# name 19 = density11: Density, 2 [density, kg/m^3]
# name 20 = sal00: Salinity, Practical [PSU]
# name 21 = sal11: Salinity, Practical, 2 [PSU]
# name 22 = oxsolML/L: Oxygen Saturation, Garcia & Gordon [ml/l]
# name 23 = nbin: number of scans per bin
# name 24 = flag: flag
# span 0 =      3.000,    739.000       
# span 1 =      2.968,    730.052       
# span 2 =    -1.8136,     0.5698       
# span 3 =  26.990652,  29.535905       
# span 4 =    -1.8128,     0.5722       
# span 5 =  26.990234,  29.535469       
# span 6 =     4.5537,     8.8900       
# span 7 =     4.8109,     9.4203       
# span 8 =    -0.0112,    29.1987       
# span 9 =    66.1999,    99.3150       
# span 10 = -2.332e-05, 9.3600e+00      
# span 11 =  -73.79976,  -73.79974      
# span 12 = -112.66506, -112.66500      
# span 13 =  18.247162,  18.261036      
# span 14 =       3.17,     100.59      
# span 15 = 4.1429e+01, 4.7598e+01      
# span 16 =    266.773,   1465.547      
# span 17 =       6404,      35174      
# span 18 =  1027.1815,  1031.2124      
# span 19 =  1027.1822,  1031.2099      
# span 20 =    33.8024,    34.5736      
# span 21 =    33.8031,    34.5705      
# span 22 =    7.91616,    8.45638      
# span 23 =         12,         50      
# span 24 = 0.0000e+00, 0.0000e+00      
# interval = decibars: 1                
# start_time = Jan 18 2022 05:51:28 [NMEA time, header]
# bad_flag = -9.990e-29
*END*
[from data line 232]
    235.000    232.439    -1.5694  27.130334    -1.5692  27.129785     6.6575     7.0219     0.4478    98.5912 1.0000e-12  -73.79974 -112.66502  18.252496      99.84 4.4072e+01    727.679      17465  1028.5451  1028.5442    34.0633    34.0623    8.40553         28 0.0000e+00
    236.000    233.428    -1.6241  27.085329    -1.6206  27.089059     6.7477     7.1267     0.2957    98.6182 1.0000e-12  -73.79974 -112.66502  18.252511      99.85 4.4072e+01    728.911      17495  1028.5526  1028.5534    34.0629    34.0641    8.41795         31 0.0000e+00
    237.000    234.418    -1.6929  27.028166    -1.6950  27.027367     6.7992     7.1885     0.1362    98.5877 1.0000e-12  -73.79974 -112.66502  18.252526      87.98 4.4072e+01    730.207      17526  1028.5601  1028.5613    34.0617    34.0630    8.43364         31 0.0000e+00
    238.000    235.406    -1.7313  26.997390    -1.7311  26.997043     6.8090     7.2120     0.1215    98.2656 1.0000e-12  -73.79974 -112.66502  18.252540      99.99 4.4072e+01    731.494      17557  1028.5669  1028.5664    34.0623    34.0616    8.44235         30 0.0000e+00
    239.000    236.394    -1.7332  26.996603    -1.7326  26.996554     6.7972     7.2038     0.1181    98.4347 1.0000e-12  -73.79974 -112.66502  18.252554      99.84 4.4072e+01    732.693      17586  1028.5715  1028.5708    34.0628    34.0620    8.44277         28 0.0000e+00
    240.000    237.383    -1.7318  26.998798    -1.7308  26.998846     6.7964     7.1924     0.1522    98.5789 1.0000e-12  -73.79974 -112.66502  18.252567      99.84 4.4853e+01    733.830      17613  1028.5762  1028.5753    34.0636    34.0626    8.44239         27 0.0000e+00
    241.000    238.371    -1.7300  27.001967    -1.7295  27.001712     6.7877     7.1903     0.1552    98.6799 1.0000e-12  -73.79974 -112.66502  18.252581      99.84 4.3473e+01    734.992      17641  1028.5817  1028.5810    34.0653    34.0644    8.44187         29 0.0000e+00
    242.000    239.359    -1.7321  27.001557    -1.7315  27.001283     6.7830     7.1932     0.1395    98.6979 1.0000e-12  -73.79974 -112.66502  18.252596      99.84 4.4065e+01    736.289      17672  1028.5872  1028.5863    34.0666    34.0655    8.44229         31 0.0000e+00
    243.000    240.349    -1.7364  26.999057    -1.7360  26.998776     6.7802     7.1901     0.1410    98.6943 1.0000e-12  -73.79974 -112.66502  18.252611      99.85 4.4310e+01    737.619      17704  1028.5924  1028.5917    34.0674    34.0664    8.44322         30 0.0000e+00
    244.000    241.336    -1.7366  26.999639    -1.7360  26.999367     6.7829     7.1922     0.1555    98.7071 1.0000e-12  -73.79974 -112.66502  18.252624      99.84 4.3648e+01    738.752      17731  1028.5972  1028.5964    34.0678    34.0667    8.44324         25 0.0000e+00
    245.000    242.326    -1.7384  26.999047    -1.7379  26.998816     6.7820     7.1979     0.2073    98.6155 1.0000e-12  -73.79974 -112.66502  18.252636      99.84 4.3370e+01    739.779      17756  1028.6024  1028.6016    34.0684    34.0674    8.44361         25 0.0000e+00
    246.000    243.311    -1.7377  27.000900    -1.7369  27.000689     6.7784     7.1953     0.1552    98.6923 1.0000e-12  -73.79974 -112.66502  18.252650      99.85 4.4320e+01    740.993      17785  1028.6078  1028.6068    34.0695    34.0683    8.44338         28 0.0000e+00
    247.000    244.302    -1.7362  27.003087    -1.7356  27.002726     6.7785     7.1907     0.1307    98.6875 1.0000e-12  -73.79974 -112.66502  18.252667      83.99 4.4068e+01    742.417      17819  1028.6128  1028.6118    34.0702    34.0690    8.44300         34 0.0000e+00
    248.000    245.290    -1.7360  27.003997    -1.7353  27.003623     6.7793     7.1921     0.1474    98.7028 1.0000e-12  -73.79974 -112.66502  18.252682      95.42 4.4072e+01    743.707      17850  1028.6177  1028.6167    34.0706    34.0693    8.44292         28 0.0000e+00
    249.000    246.279    -1.7367  27.004023    -1.7362  27.003802     6.7796     7.1982     0.2269    98.6613 1.0000e-12  -73.79974 -112.66502  18.252695      99.87 4.4072e+01    744.820      17877  1028.6227  1028.6219    34.0709    34.0699    8.44308         26 0.0000e+00
    250.000    247.268    -1.7377  27.004016    -1.7371  27.003588     6.7833     7.2028     0.2557    98.7990 1.0000e-12  -73.79974 -112.66502  18.252707      99.85 4.4072e+01    745.897      17903  1028.6277  1028.6267    34.0713    34.0701    8.44327         27 0.0000e+00
    251.000    248.256    -1.7420  27.001236    -1.7418  27.000619     6.7881     7.2039     0.3050    98.7761 1.0000e-12  -73.79974 -112.66502  18.252721      99.84 4.4072e+01    747.123      17932  1028.6331  1028.6322    34.0718    34.0707    8.44423         32 0.0000e+00
    252.000    249.245    -1.7469  26.998104    -1.7463  26.997820     6.7917     7.2064     0.2655    98.8204 1.0000e-12  -73.79974 -112.66502  18.252738      99.85 4.4072e+01    748.528      17966  1028.6386  1028.6377    34.0725    34.0713    8.44531         34 0.0000e+00
    253.000    250.232    -1.7518  26.995132    -1.7515  26.994681     6.7971     7.2182     0.0917    98.7602 1.0000e-12  -73.79974 -112.66502  18.252753      99.84 4.3928e+01    749.838      17997  1028.6442  1028.6434    34.0732    34.0723    8.44637         28 0.0000e+00
    254.000    251.222    -1.7564  26.992576    -1.7559  26.992176     6.7949     7.2153     0.0748    98.7658 1.0000e-12  -73.79974 -112.66502  18.252765      99.84 4.3079e+01    750.924      18023  1028.6501  1028.6492    34.0743    34.0733    8.44736         25 0.0000e+00
    255.000    252.209    -1.7573  26.992921    -1.7568  26.992566     6.8016     7.2170     0.1092    98.3665 1.0000e-12  -73.79974 -112.66502  18.252777      99.84 4.4142e+01    751.957      18048  1028.6556  1028.6546    34.0753    34.0741    8.44752         25 0.0000e+00
    256.000    253.199    -1.7580  26.993093    -1.7573  26.992708     6.8026     7.2187     0.0858    98.7036 1.0000e-12  -73.79974 -112.66502  18.252791      99.84 4.4576e+01    753.104      18075  1028.6606  1028.6595    34.0756    34.0743    8.44764         31 0.0000e+00
    257.000    254.186    -1.7591  26.992798    -1.7582  26.992515     6.8032     7.2235     0.1032    98.7222 1.0000e-12  -73.79974 -112.66502  18.252807      83.12 4.3208e+01    754.504      18109  1028.6655  1028.6644    34.0759    34.0745    8.44788         36 0.0000e+00
    258.000    255.175    -1.7609  26.992281    -1.7603  26.991895     6.8042     7.2211     0.0894    98.7620 1.0000e-12  -73.79974 -112.66502  18.252823      90.11 4.3430e+01    755.921      18143  1028.6709  1028.6699    34.0765    34.0754    8.44824         30 0.0000e+00
    259.000    256.164    -1.7637  26.991082    -1.7631  26.990662     6.8047     7.2214     0.5209    98.7021 1.0000e-12  -73.79974 -112.66502  18.252837     100.04 4.4085e+01    757.108      18172  1028.6765  1028.6755    34.0775    34.0762    8.44883         27 0.0000e+00
    260.000    257.153    -1.7650  26.990921    -1.7644  26.990559     6.8062     7.2183     0.5424    98.8371 1.0000e-12  -73.79974 -112.66502  18.252849      99.84 4.2941e+01    758.169      18197  1028.6819  1028.6809    34.0781    34.0769    8.44908         25 0.0000e+00
    261.000    258.141    -1.7665  26.990652    -1.7659  26.990234     6.7987     7.2099     0.1013    98.7920 1.0000e-12  -73.79974 -112.66502  18.252862      99.84 4.3828e+01    759.312      18224  1028.6873  1028.6863    34.0788    34.0776    8.44939         31 0.0000e+00
    262.000    259.128    -1.7676  26.991264    -1.7668  26.990774     6.7854     7.2010     0.0807    98.8318 1.0000e-12  -73.79974 -112.66502  18.252878      99.84 4.4183e+01    760.681      18257  1028.6933  1028.6920    34.0803    34.0787    8.44955         33 0.0000e+00
    263.000    260.118    -1.7672  26.993543    -1.7666  26.993158     6.7718     7.1896     0.0845    98.6660 1.0000e-12  -73.79974 -112.66502  18.252893      99.85 4.3085e+01    761.975      18288  1028.6997  1028.6987    34.0824    34.0812    8.44934         29 0.0000e+00
    264.000    261.106    -1.7671  26.995076    -1.7664  26.994686     6.7718     7.1940     0.0658    98.7204 1.0000e-12  -73.79974 -112.66502  18.252906      99.84 4.3789e+01    763.082      18315  1028.7056  1028.7045    34.0837    34.0824    8.44922         25 0.0000e+00
    265.000    262.094    -1.7665  26.996082    -1.7660  26.995529     6.7705     7.1904     0.1476    98.7826 1.0000e-12  -73.79974 -112.66502  18.252919      99.84 4.4130e+01    764.171      18341  1028.7104  1028.7093    34.0839    34.0826    8.44909         28 0.0000e+00
    266.000    263.082    -1.7662  26.996914    -1.7655  26.996452     6.7732     7.1876     0.1500    98.7750 1.0000e-12  -73.79974 -112.66502  18.252933      99.85 4.3484e+01    765.415      18371  1028.7153  1028.7141    34.0841    34.0827    8.44901         30 0.0000e+00
    267.000    264.072    -1.7645  26.999696    -1.7638  26.999190     6.7682     7.1841     0.0757    98.7401 1.0000e-12  -73.79974 -112.66502  18.252949      99.84 4.3503e+01    766.763      18403  1028.7210  1028.7197    34.0853    34.0838    8.44854         31 0.0000e+00
    268.000    265.060    -1.7635  27.001848    -1.7628  27.001295     6.7479     7.1572     0.0753    98.5697 1.0000e-12  -73.79974 -112.66502  18.252963      91.62 4.4211e+01    767.972      18432  1028.7267  1028.7254    34.0865    34.0850    8.44824         27 0.0000e+00
    269.000    266.047    -1.7591  27.006905    -1.7586  27.006294     6.7292     7.1437     0.0851    98.7609 1.0000e-12  -73.79974 -112.66502  18.252976      86.00 4.3823e+01    769.095      18459  1028.7324  1028.7311    34.0880    34.0865    8.44716         28 0.0000e+00
    270.000    267.037    -1.7546  27.012096    -1.7538  27.011647     6.7215     7.1383     0.0842    98.7197 1.0000e-12  -73.79974 -112.66502  18.252990      98.38 4.3509e+01    770.310      18488  1028.7380  1028.7367    34.0893    34.0878    8.44604         31 0.0000e+00
    271.000    268.024    -1.7524  27.015009    -1.7518  27.014403     6.7111     7.1307     0.0956    98.7922 1.0000e-12  -73.79974 -112.66502  18.253005      99.84 4.4873e+01    771.629      18520  1028.7434  1028.7422    34.0902    34.0887    8.44548         31 0.0000e+00
    272.000    269.013    -1.7518  27.016252    -1.7511  27.015899     6.7180     7.1369     0.1075    98.8047 1.0000e-12  -73.79974 -112.66503  18.253019      99.85 4.3685e+01    772.864      18550  1028.7486  1028.7475    34.0907    34.0893    8.44533         28 0.0000e+00
    273.000    270.001    -1.7509  27.017932    -1.7502  27.017492     6.7408     7.1519     0.3052    98.8576 1.0000e-12  -73.79974 -112.66503  18.253033      99.84 4.3381e+01    774.013      18577  1028.7539  1028.7527    34.0913    34.0899    8.44508         28 0.0000e+00
    274.000    270.989    -1.7575  27.013048    -1.7570  27.012917     6.7572     7.1703     0.0827    98.8925 1.0000e-12  -73.79974 -112.66502  18.253046      99.84 4.4068e+01    775.201      18606  1028.7593  1028.7586    34.0915    34.0907    8.44658         29 0.0000e+00
    275.000    271.979    -1.7634  27.009863    -1.7628  27.009248     6.7645     7.1821     0.0657    98.9081 1.0000e-12  -73.79974 -112.66502  18.253061      99.85 4.4720e+01    776.441      18636  1028.7657  1028.7645    34.0932    34.0917    8.44781         30 0.0000e+00
    276.000    272.966    -1.7648  27.009217    -1.7644  27.008689     6.7389     7.1523     0.0610    98.9061 1.0000e-12  -73.79974 -112.66503  18.253075      99.84 4.3226e+01    777.662      18665  1028.7708  1028.7698    34.0933    34.0921    8.44814         29 0.0000e+00
    277.000    273.954    -1.7551  27.019082    -1.7542  27.018617     6.7123     7.1197     0.0590    98.8994 1.0000e-12  -73.79974 -112.66504  18.253088      99.84 4.3751e+01    778.840      18693  1028.7765  1028.7750    34.0953    34.0935    8.44580         28 0.0000e+00
    278.000    274.944    -1.7415  27.031689    -1.7393  27.032521     6.6933     7.0993     0.0696    98.9093 1.0000e-12  -73.79974 -112.66504  18.253102      99.84 4.4067e+01    780.003      18721  1028.7815  1028.7802    34.0966    34.0951    8.44263         28 0.0000e+00
    279.000    275.931    -1.7442  27.030243    -1.7435  27.029858     6.6825     7.0988     0.0696    98.8420 1.0000e-12  -73.79974 -112.66504  18.253116      99.84 4.4072e+01    781.231      18751  1028.7869  1028.7857    34.0970    34.0957    8.44321         31 0.0000e+00
    280.000    276.920    -1.7431  27.031884    -1.7424  27.031302     6.6851     7.1044     0.0729    98.8727 1.0000e-12  -73.79974 -112.66504  18.253131      98.48 4.4072e+01    782.549      18782  1028.7920  1028.7907    34.0974    34.0958    8.44293         31 0.0000e+00
    281.000    277.908    -1.7478  27.028622    -1.7473  27.027929     6.6940     7.0948     0.0842    98.9113 1.0000e-12  -73.79974 -112.66504  18.253146      99.42 4.4754e+01    783.816      18813  1028.7973  1028.7961    34.0977    34.0961    8.44400         29 0.0000e+00
    282.000    278.896    -1.7437  27.033450    -1.7431  27.032799     6.6991     7.1004     0.3771    98.9103 1.0000e-12  -73.79974 -112.66504  18.253159      99.84 4.3235e+01    784.949      18840  1028.8030  1028.8017    34.0990    34.0974    8.44298         27 0.0000e+00
    283.000    279.885    -1.7420  27.035613    -1.7413  27.035071     6.6894     7.1026     0.1018    98.8656 1.0000e-12  -73.79974 -112.66504  18.253173      99.84 4.4306e+01    786.115      18868  1028.8080  1028.8068    34.0994    34.0979    8.44256         29 0.0000e+00
    284.000    280.873    -1.7420  27.036070    -1.7413  27.035566     6.6917     7.1009     0.0688    98.9419 1.0000e-12  -73.79974 -112.66504  18.253187      99.84 4.4255e+01    787.391      18898  1028.8129  1028.8117    34.0995    34.0980    8.44256         32 0.0000e+00
    285.000    281.861    -1.7436  27.035600    -1.7431  27.035180     6.6980     7.1153     0.0775    98.9345 1.0000e-12  -73.79974 -112.66503  18.253202      99.84 4.4071e+01    788.671      18929  1028.8183  1028.8173    34.1000    34.0989    8.44289         29 0.0000e+00
    286.000    282.849    -1.7538  27.029165    -1.7530  27.028767     6.7083     7.1235     0.0636    98.9639 1.0000e-12  -73.79974 -112.66502  18.253216      99.85 4.4072e+01    789.861      18958  1028.8254  1028.8241    34.1022    34.1006    8.44510         28 0.0000e+00
    287.000    283.839    -1.7553  27.028331    -1.7548  27.027710     6.7064     7.1155     0.0541    98.9742 1.0000e-12  -73.79974 -112.66503  18.253229      99.84 4.4072e+01    791.001      18985  1028.8302  1028.8290    34.1021    34.1006    8.44544         27 0.0000e+00
    288.000    284.826    -1.7557  27.028491    -1.7535  27.029480     6.6995     7.1097     0.0658    98.8154 1.0000e-12  -73.79974 -112.66504  18.253243      99.84 4.4072e+01    792.167      19013  1028.8351  1028.8340    34.1022    34.1010    8.44553         29 0.0000e+00
    289.000    285.814    -1.7493  27.035126    -1.7484  27.034610     6.6868     7.0951     0.0589    98.8752 1.0000e-12  -73.79974 -112.66504  18.253257      99.84 4.4072e+01    793.421      19043  1028.8405  1028.8390    34.1034    34.1016    8.44399         31 0.0000e+00
    290.000    286.802    -1.7454  27.039279    -1.7440  27.039210     6.6891     7.0895     0.1773    98.8511 1.0000e-12  -73.79975 -112.66503  18.253272      98.91 4.4072e+01    794.697      19074  1028.8455  1028.8441    34.1040    34.1024    8.44305         31 0.0000e+00
    291.000    287.791    -1.7432  27.042323    -1.7421  27.041952     6.6943     7.1028     0.1091    98.9297 1.0000e-12  -73.79975 -112.66503  18.253286      91.62 4.3833e+01    795.939      19104  1028.8510  1028.8496    34.1051    34.1034    8.44249         29 0.0000e+00
