ocean_section_plots/required_files/ctd/dnbp2202_ctd215.cnv
* Sea-Bird SBE 9 Data File:
* FileName = D:\Data\raw\NBP2202_CTD215.hex
* Software Version Seasave V 7.26.7.121
* Temperature SN = 1649
* Conductivity SN = 2513
* Number of Bytes Per Scan = 40
* Number of Voltage Words = 5
* Number of Scans Averaged by the Deck Unit = 1
* NMEA Latitude = 73 58.28 S
* NMEA Longitude = 111 27.70 W
* NMEA UTC (Time) = Feb 11 2022  06:04:34
* NMEA baud rate = 9600
** Ship: RVIB N.B. Palmer
** Cruise: NBP2202 Thwaites
** Station: 127
** Operator: B. Bjork
# nquan = 28
# nvalues = 493                         
# units = specified
# name 0 = prDM: Pressure, Digiquartz [db]
# name 1 = depSM: Depth [salt water, m]
# name 2 = t090C: Temperature [ITS-90, deg C]
# name 3 = c0mS/cm: Conductivity [mS/cm]
# name 4 = t190C: Temperature, 2 [ITS-90, deg C]
# name 5 = c1mS/cm: Conductivity, 2 [mS/cm]
# name 6 = sbeox0ML/L: Oxygen, SBE 43 [ml/l]
# name 7 = sbeox1ML/L: Oxygen, SBE 43, 2 [ml/l]
# name 8 = flECO-AFL: Fluorescence, WET Labs ECO-AFL/FL [mg/m^3]
# name 9 = CStarTr0: Beam Transmission, WET Labs C-Star [%]
# name 10 = par: PAR/Irradiance, Biospherical/Licor
# name 11 = latitude: Latitude [deg]
# name 12 = longitude: Longitude [deg]
# name 13 = timeJ: Julian Days
# name 14 = altM: Altimeter [m]
# name 15 = spar: SPAR, Biospherical/Licor
# name 16 = timeS: Time, Elapsed [seconds]
# name 17 = scan: Scan Count
# name 18 = density00: Density [density, kg/m^3]
# name 19 = density11: Density, 2 [density, kg/m^3]
# name 20 = v3: Voltage 3
# name 21 = v4: Voltage 4
# name 22 = v5: Voltage 5
# name 23 = sal00: Salinity, Practical [PSU]
# name 24 = sal11: Salinity, Practical, 2 [PSU]
# name 25 = oxsolML/L: Oxygen Saturation, Garcia & Gordon [ml/l]
# name 26 = nbin: number of scans per bin
# name 27 = flag: flag
# span 0 =      2.000,    494.000       
# span 1 =      1.981,    488.312       
# span 2 =    -1.6294,     0.3080       
# span 3 =  26.923596,  29.146284       
# span 4 =    -1.6285,     0.3104       
# span 5 =  26.923754,  29.146284       
# span 6 =     4.6770,     8.8510       
# span 7 =     4.8150,     9.1567       
# span 8 =    -0.0141,    28.4622       
# span 9 =    71.3394,    97.9819       
# span 10 = -1.611e-05, 4.8997e+00      
# span 11 =  -73.97138,  -73.97138      
# span 12 = -111.46183, -111.46178      
# span 13 =  42.255106,  42.262875      
# span 14 =       6.02,     100.03      
# span 15 = 2.9310e+01, 4.3957e+01      
# span 16 =    167.164,    838.386      
# span 17 =       4013,      20122      
# span 18 =  1027.2013,  1030.0236      
# span 19 =  1027.2010,  1030.0210      
# span 20 =     3.3843,     4.6481      
# span 21 =     0.0649,     4.4821      
# span 22 =     0.1178,     0.2624      
# span 23 =    33.8090,    34.4990      
# span 24 =    33.8085,    34.4966      
# span 25 =    7.97414,    8.42613      
# span 26 =          4,         50      
# span 27 = 0.0000e+00, 0.0000e+00      
# interval = decibars: 1                
# start_time = Feb 11 2022 06:04:34 [NMEA time, header]
# bad_flag = -9.990e-29
*END*
[from data line 467]
    469.000    463.625     0.2332  29.054832     0.2360  29.054817     4.7180     4.8659     0.0086    97.7604 1.0000e-12  -73.97138 -111.46180  42.261787      32.32 3.5908e+01    744.430      17867  1029.8929  1029.8901     4.6376     0.0767     0.1306    34.4773    34.4742    7.99085         30 0.0000e+00
    470.000    464.613     0.2365  29.058615     0.2392  29.058975     4.7200     4.8636     0.0143    97.7392 1.0000e-12  -73.97138 -111.46179  42.261802      31.53 4.1437e+01    745.677      17897  1029.8979  1029.8956     4.6366     0.0665     0.1273    34.4780    34.4754    7.99013         30 0.0000e+00
    471.000    465.600     0.2376  29.060365     0.2393  29.059314     4.7116     4.8600     0.0004    97.7602 1.0000e-12  -73.97138 -111.46179  42.261817      30.21 3.7099e+01    746.952      17928  1029.9029  1029.9002     4.6376     0.0681     0.1290    34.4785    34.4752    7.98987         31 0.0000e+00
    472.000    466.587     0.2519  29.076418     0.2551  29.076517     4.7062     4.8517     0.0040    97.7639 1.0000e-12  -73.97138 -111.46180  42.261831      29.40 3.5964e+01    748.229      17958  1029.9100  1029.9070     4.6378     0.0706     0.1250    34.4830    34.4796    7.98665         30 0.0000e+00
    473.000    467.575     0.2638  29.089475     0.2664  29.089583     4.7066     4.8489     0.0006    97.7204 1.0000e-12  -73.97138 -111.46180  42.261846      28.35 4.0871e+01    749.472      17988  1029.9163  1029.9138     4.6357     0.0684     0.1256    34.4862    34.4834    7.98401         30 0.0000e+00
    474.000    468.562     0.2648  29.091013     0.2673  29.090888     4.7035     4.8418     0.0023    97.7674 1.0000e-12  -73.97138 -111.46180  42.261860      27.40 3.7131e+01    750.731      18019  1029.9214  1029.9188     4.6380     0.0672     0.1256    34.4866    34.4836    7.98378         30 0.0000e+00
    475.000    469.550     0.2680  29.094818     0.2704  29.094643     4.6972     4.8378     0.0017    97.7096 1.0000e-12  -73.97138 -111.46180  42.261875      26.26 3.5712e+01    752.001      18049  1029.9265  1029.9241     4.6352     0.0680     0.1260    34.4873    34.4844    7.98306         31 0.0000e+00
    476.000    470.537     0.2748  29.102679     0.2772  29.102414     4.6959     4.8400    -0.0001    97.7794 1.0000e-12  -73.97138 -111.46180  42.261890      25.32 4.0431e+01    753.256      18079  1029.9324  1029.9298     4.6385     0.0687     0.1279    34.4895    34.4865    7.98154         30 0.0000e+00
    477.000    471.524     0.2774  29.105879     0.2799  29.105829     4.6981     4.8362    -0.0016    97.7669 1.0000e-12  -73.97138 -111.46180  42.261904      24.26 3.6960e+01    754.543      18110  1029.9376  1029.9351     4.6379     0.0684     0.1291    34.4902    34.4873    7.98096         31 0.0000e+00
    478.000    472.512     0.2798  29.108983     0.2821  29.108674     4.6933     4.8392     0.0014    97.7416 1.0000e-12  -73.97138 -111.46180  42.261920      23.31 3.6193e+01    755.856      18142  1029.9428  1029.9403     4.6367     0.0686     0.1285    34.4910    34.4880    7.98042         32 0.0000e+00
    479.000    473.499     0.2855  29.115643     0.2883  29.115838     4.6863     4.8350     0.0044    97.7794 1.0000e-12  -73.97138 -111.46180  42.261935      22.41 3.8131e+01    757.156      18173  1029.9486  1029.9460     4.6385     0.0680     0.1253    34.4928    34.4898    7.97914         32 0.0000e+00
    480.000    474.487     0.2871  29.117704     0.2894  29.117415     4.6915     4.8313    -0.0054    97.7968 1.0000e-12  -73.97138 -111.46180  42.261950      21.20 3.6403e+01    758.489      18205  1029.9535  1029.9510     4.6393     0.0702     0.1261    34.4931    34.4902    7.97879         32 0.0000e+00
    481.000    475.474     0.2868  29.117876     0.2896  29.117873     4.6927     4.8261    -0.0018    97.7562 1.0000e-12  -73.97138 -111.46180  42.261966      20.34 3.5151e+01    759.851      18237  1029.9583  1029.9556     4.6374     0.0682     0.1271    34.4930    34.4899    7.97885         32 0.0000e+00
    482.000    476.461     0.2880  29.119561     0.2907  29.119586     4.6911     4.8316     0.0001    97.7544 1.0000e-12  -73.97138 -111.46180  42.261982      19.20 3.7712e+01    761.215      18270  1029.9632  1029.9606     4.6373     0.0692     0.1326    34.4933    34.4903    7.97859         31 0.0000e+00
    483.000    477.449     0.2885  29.120382     0.2912  29.120506     4.6872     4.8338     0.0115    97.7813 1.0000e-12  -73.97138 -111.46179  42.261998      18.24 3.7608e+01    762.595      18303  1029.9679  1029.9654     4.6386     0.0680     0.1251    34.4933    34.4904    7.97849         33 0.0000e+00
    484.000    478.435     0.2903  29.122786     0.2929  29.122685     4.6865     4.8282     0.0105    97.7671 1.0000e-12  -73.97138 -111.46179  42.262014      17.30 3.5150e+01    764.004      18337  1029.9729  1029.9704     4.6380     0.0686     0.1264    34.4938    34.4908    7.97808         35 0.0000e+00
    485.000    479.424     0.2934  29.126656     0.2960  29.126377     4.6859     4.8273     0.0082    97.7489 1.0000e-12  -73.97138 -111.46179  42.262031      16.35 3.7111e+01    765.460      18372  1029.9782  1029.9755     4.6371     0.0698     0.1263    34.4948    34.4916    7.97738         37 0.0000e+00
    486.000    480.410     0.2966  29.130627     0.2990  29.130006     4.6833     4.8261     0.0178    97.7664 1.0000e-12  -73.97138 -111.46179  42.262050      15.24 3.6062e+01    767.081      18411  1029.9835  1029.9806     4.6379     0.0691     0.1281    34.4958    34.4924    7.97666         36 0.0000e+00
    487.000    481.399     0.2997  29.134289     0.3021  29.133941     4.6832     4.8297     0.0092    97.7396 1.0000e-12  -73.97138 -111.46179  42.262070      14.23 3.3153e+01    768.849      18453  1029.9887  1029.9860     4.6366     0.0696     0.1276    34.4966    34.4935    7.97598         34 0.0000e+00
    488.000    482.384     0.3006  29.135735     0.3039  29.136325     4.6818     4.8229     0.0088    97.7735 1.0000e-12  -73.97138 -111.46180  42.262092      13.30 3.3608e+01    770.764      18499  1029.9937  1029.9910     4.6382     0.0692     0.1330    34.4970    34.4940    7.97578         39 0.0000e+00
    489.000    483.373     0.3046  29.140486     0.3080  29.141150     4.6827     4.8210     0.0072    97.7596 1.0000e-12  -73.97138 -111.46180  42.262116      12.25 3.5094e+01    772.846      18549  1029.9989  1029.9964     4.6375     0.0685     0.1268    34.4980    34.4952    7.97488         38 0.0000e+00
    490.000    484.360     0.3071  29.143802     0.3087  29.142598     4.6799     4.8150     0.0110    97.7697 1.0000e-12  -73.97138 -111.46180  42.262142      11.14 3.2465e+01    775.096      18603  1030.0043  1030.0015     4.6381     0.0697     0.1288    34.4990    34.4956    7.97431         45 0.0000e+00
    491.000    485.348     0.3078  29.144850     0.3104  29.144755     4.6802     4.8189     0.0143    97.7763 1.0000e-12  -73.97138 -111.46180  42.262170      10.20 3.2336e+01    777.510      18661  1030.0090  1030.0064     4.6384     0.0695     0.1283    34.4990    34.4961    7.97416         38 0.0000e+00
    492.000    486.333     0.3079  29.145312     0.3090  29.143706     4.6789     4.8207     0.0109    97.7686 1.0000e-12  -73.97138 -111.46180  42.262206       9.14 3.3446e+01    780.593      18735  1030.0138  1030.0110     4.6381     0.0695     0.1252    34.4990    34.4957    7.97416         41 0.0000e+00
    493.000    487.323     0.3078  29.145656     0.3104  29.145625     4.6770     4.8158     0.0007    97.7664 1.0000e-12  -73.97138 -111.46180  42.262244       8.08 3.1910e+01    783.872      18814  1030.0185  1030.0159     4.6378     0.0701     0.1309    34.4989    34.4960    7.97417         42 0.0000e+00
    494.000    488.312     0.3080  29.146284     0.3102  29.146284     4.6819     4.8224     0.0056    97.7331 1.0000e-12  -73.97138 -111.46180  42.262875       6.02 2.9899e+01    838.386      20122  1030.0236  1030.0210     4.6359     0.0709     0.1961    34.4990    34.4966    7.97414          4 0.0000e+00
