ocean_section_plots/required_files/ctd/dnbp2202_ctd049.cnv
* Sea-Bird SBE 9 Data File:
* FileName = D:\Data\raw\NBP2202_CTD049.hex
* Software Version Seasave V 7.26.7.121
* Temperature SN = 1649
* Conductivity SN = 2513
* Number of Bytes Per Scan = 40
* Number of Voltage Words = 5
* Number of Scans Averaged by the Deck Unit = 1
* NMEA Latitude = 74 12.49 S
* NMEA Longitude = 112 57.02 W
* NMEA UTC (Time) = Jan 24 2022  03:49:28
* NMEA baud rate = 9600
** Ship: RVIB N.B. Palmer
** Cruise: NBP2202 Thwaites
** Station: Section Dotson C
** Operator: B Bjork
# nquan = 25
# nvalues = 729                         
# units = specified
# name 0 = prDM: Pressure, Digiquartz [db]
# name 1 = depSM: Depth [salt water, m]
# name 2 = t090C: Temperature [ITS-90, deg C]
# name 3 = c0mS/cm: Conductivity [mS/cm]
# name 4 = t190C: Temperature, 2 [ITS-90, deg C]
# name 5 = c1mS/cm: Conductivity, 2 [mS/cm]
# name 6 = sbeox0ML/L: Oxygen, SBE 43 [ml/l]
# name 7 = sbeox1ML/L: Oxygen, SBE 43, 2 [ml/l]
# name 8 = flECO-AFL: Fluorescence, WET Labs ECO-AFL/FL [mg/m^3]
# name 9 = CStarTr0: Beam Transmission, WET Labs C-Star [%]
# name 10 = par: PAR/Irradiance, Biospherical/Licor
# name 11 = latitude: Latitude [deg]
# name 12 = longitude: Longitude [deg]
# name 13 = timeJ: Julian Days
# name 14 = altM: Altimeter [m]
# name 15 = spar: SPAR, Biospherical/Licor
# name 16 = timeS: Time, Elapsed [seconds]
# name 17 = scan: Scan Count
# name 18 = density00: Density [density, kg/m^3]
# name 19 = density11: Density, 2 [density, kg/m^3]
# name 20 = sal00: Salinity, Practical [PSU]
# name 21 = sal11: Salinity, Practical, 2 [PSU]
# name 22 = oxsolML/L: Oxygen Saturation, Garcia & Gordon [ml/l]
# name 23 = nbin: number of scans per bin
# name 24 = flag: flag
# span 0 =      2.000,    730.000       
# span 1 =      1.980,    721.176       
# span 2 =    -1.5219,     0.3227       
# span 3 =  27.072551,  29.241242       
# span 4 =    -1.5213,     0.3248       
# span 5 =  27.071840,  29.240927       
# span 6 =     4.6212,     8.5093       
# span 7 =     4.8707,     8.8360       
# span 8 =    -0.0195,    23.7670       
# span 9 =    68.4379,    96.4344       
# span 10 = 1.0000e-12, 1.3770e+02      
# span 11 =  -74.20820,  -74.20820      
# span 12 = -112.95042, -112.95038      
# span 13 =  24.160913,  24.172874      
# span 14 =       5.33,     100.42      
# span 15 = 3.0031e+02, 3.2790e+02      
# span 16 =    134.889,   1168.341      
# span 17 =       3238,      28041      
# span 18 =  1027.1880,  1031.1073      
# span 19 =  1027.1909,  1031.1049      
# span 20 =    33.7957,    34.4703      
# span 21 =    33.7985,    34.4675      
# span 22 =    7.97268,    8.39954      
# span 23 =         15,         48      
# span 24 = 0.0000e+00, 0.0000e+00      
# interval = decibars: 1                
# start_time = Jan 24 2022 03:49:28 [NMEA time, header]
# bad_flag = -9.990e-29
*END*
[from data line 464]
    466.000    460.658    -0.1109  28.654126    -0.1087  28.653502     4.8753     5.1153     0.0075    96.2629 1.0000e-12  -74.20820 -112.95040  24.168215      96.29 3.1873e+02    765.745      18379  1029.7874  1029.7847    34.3356    34.3324    8.07086         25 0.0000e+00
    467.000    461.644    -0.1065  28.659383    -0.1040  28.658941     4.8756     5.1196     0.0105    96.2485 1.0000e-12  -74.20820 -112.95040  24.168227      99.88 3.1795e+02    766.793      18404  1029.7931  1029.7902    34.3371    34.3337    8.06986         25 0.0000e+00
    468.000    462.633    -0.1016  28.664671    -0.0996  28.664033     4.8706     5.1131    -0.0033    96.2485 1.0000e-12  -74.20820 -112.95040  24.168239      99.87 3.1824e+02    767.834      18429  1029.7982  1029.7956    34.3380    34.3350    8.06877         25 0.0000e+00
    469.000    463.619    -0.0997  28.666909    -0.0978  28.666266     4.8719     5.1140    -0.0036    96.2609 1.0000e-12  -74.20820 -112.95040  24.168251      99.87 3.1902e+02    768.883      18454  1029.8031  1029.8005    34.3383    34.3353    8.06836         25 0.0000e+00
    470.000    464.608    -0.0975  28.669709    -0.0955  28.669001     4.8687     5.1132    -0.0021    96.2678 1.0000e-12  -74.20820 -112.95040  24.168263      99.88 3.1691e+02    769.939      18480  1029.8082  1029.8055    34.3390    34.3358    8.06786         26 0.0000e+00
    471.000    465.595    -0.0967  28.671063    -0.0946  28.670440     4.8683     5.1071     0.0135    96.2691 1.0000e-12  -74.20820 -112.95040  24.168276      99.87 3.1746e+02    771.006      18505  1029.8132  1029.8106    34.3392    34.3361    8.06766         25 0.0000e+00
    472.000    466.581    -0.0948  28.673447    -0.0927  28.672808     4.8700     5.1085    -0.0195    96.2658 1.0000e-12  -74.20820 -112.95040  24.168288      99.88 3.1842e+02    772.080      18531  1029.8182  1029.8156    34.3396    34.3365    8.06724         26 0.0000e+00
    473.000    467.570    -0.0941  28.674440    -0.0922  28.673883     4.8650     5.1102    -0.0114    96.2658 1.0000e-12  -74.20820 -112.95040  24.168300      99.87 3.1624e+02    773.145      18556  1029.8229  1029.8204    34.3396    34.3367    8.06709         26 0.0000e+00
    474.000    468.557    -0.0913  28.677980    -0.0892  28.677424     4.8589     5.1052    -0.0021    96.2557 1.0000e-12  -74.20820 -112.95040  24.168313      99.88 3.1676e+02    774.209      18582  1029.8282  1029.8257    34.3406    34.3375    8.06645         25 0.0000e+00
    475.000    469.544    -0.0881  28.681574    -0.0863  28.680891     4.8593     5.1022    -0.0035    96.2679 1.0000e-12  -74.20820 -112.95040  24.168325      99.87 3.1794e+02    775.280      18608  1029.8332  1029.8307    34.3412    34.3382    8.06575         26 0.0000e+00
    476.000    470.531    -0.0853  28.684779    -0.0834  28.684265     4.8587     5.1047     0.0038    96.2757 1.0000e-12  -74.20820 -112.95040  24.168337      81.69 3.1570e+02    776.351      18633  1029.8382  1029.8357    34.3417    34.3388    8.06513         26 0.0000e+00
    477.000    471.518    -0.0840  28.686532    -0.0820  28.686010     4.8504     5.0974    -0.0021    96.2455 1.0000e-12  -74.20820 -112.95040  24.168350      79.83 3.1619e+02    777.412      18659  1029.8431  1029.8407    34.3419    34.3390    8.06483         25 0.0000e+00
    478.000    472.508    -0.0823  28.688781    -0.0802  28.688272     4.8536     5.0955    -0.0173    96.2621 1.0000e-12  -74.20820 -112.95040  24.168362      95.84 3.1897e+02    778.470      18684  1029.8482  1029.8455    34.3425    34.3394    8.06446         25 0.0000e+00
    479.000    473.493    -0.0774  28.694439    -0.0753  28.693850     4.8476     5.0951    -0.0060    96.2490 1.0000e-12  -74.20820 -112.95040  24.168374      99.77 3.1562e+02    779.522      18710  1029.8536  1029.8509    34.3439    34.3407    8.06334         26 0.0000e+00
    480.000    474.481    -0.0734  28.699025    -0.0712  28.698516     4.8416     5.0872    -0.0109    96.2438 1.0000e-12  -74.20820 -112.95040  24.168387      99.88 3.1563e+02    780.609      18736  1029.8588  1029.8562    34.3448    34.3417    8.06243         27 0.0000e+00
    481.000    475.468    -0.0709  28.701906    -0.0689  28.701260     4.8515     5.0916    -0.0040    96.2241 1.0000e-12  -74.20820 -112.95040  24.168400      99.87 3.1809e+02    781.777      18764  1029.8638  1029.8611    34.3452    34.3422    8.06188         28 0.0000e+00
    482.000    476.457    -0.0707  28.702648    -0.0686  28.702170     4.8521     5.0877    -0.0029    96.2559 1.0000e-12  -74.20820 -112.95040  24.168414      99.87 3.1554e+02    782.966      18792  1029.8686  1029.8661    34.3454    34.3424    8.06183         29 0.0000e+00
    483.000    477.443    -0.0702  28.703740    -0.0682  28.703301     4.8462     5.0896    -0.0125    96.2566 1.0000e-12  -74.20820 -112.95040  24.168428      99.88 3.1519e+02    784.165      18821  1029.8737  1029.8712    34.3457    34.3429    8.06171         29 0.0000e+00
    484.000    478.430    -0.0664  28.708516    -0.0641  28.708103     4.8469     5.0922    -0.0096    96.2359 1.0000e-12  -74.20820 -112.95040  24.168442      99.87 3.1729e+02    785.411      18851  1029.8792  1029.8766    34.3471    34.3441    8.06082         30 0.0000e+00
    485.000    479.418    -0.0625  28.713016    -0.0604  28.712522     4.8391     5.0914    -0.0017    96.2448 1.0000e-12  -74.20820 -112.95040  24.168457      99.88 3.1523e+02    786.665      18881  1029.8845  1029.8820    34.3482    34.3452    8.05995         30 0.0000e+00
    486.000    480.405    -0.0589  28.717688    -0.0568  28.716887     4.8387     5.0780    -0.0068    96.2595 1.0000e-12  -74.20820 -112.95040  24.168471      99.87 3.1447e+02    787.925      18911  1029.8902  1029.8874    34.3497    34.3464    8.05910         31 0.0000e+00
    487.000    481.393    -0.0534  28.723473    -0.0512  28.723000     4.8396     5.0742     0.0043    96.2524 1.0000e-12  -74.20820 -112.95040  24.168486      99.88 3.1562e+02    789.193      18942  1029.8953  1029.8926    34.3506    34.3476    8.05789         30 0.0000e+00
    488.000    482.381    -0.0522  28.725074    -0.0499  28.724771     4.8345     5.0765    -0.0060    96.2517 1.0000e-12  -74.20820 -112.95040  24.168501      82.93 3.1444e+02    790.449      18972  1029.9002  1029.8976    34.3509    34.3478    8.05763         28 0.0000e+00
    489.000    483.368    -0.0507  28.726904    -0.0484  28.726572     4.8383     5.0813    -0.0048    96.2343 1.0000e-12  -74.20820 -112.95040  24.168515      96.04 3.1402e+02    791.699      19002  1029.9049  1029.9023    34.3511    34.3480    8.05731         30 0.0000e+00
    490.000    484.355    -0.0497  28.728410    -0.0477  28.727943     4.8311     5.0814    -0.0030    96.2627 1.0000e-12  -74.20820 -112.95040  24.168530      99.88 3.1545e+02    792.960      19032  1029.9099  1029.9074    34.3513    34.3484    8.05708         31 0.0000e+00
    491.000    485.341    -0.0489  28.729781    -0.0468  28.729231     4.8248     5.0774    -0.0030    96.2406 1.0000e-12  -74.20820 -112.95040  24.168544      99.88 3.1482e+02    794.234      19063  1029.9148  1029.9122    34.3515    34.3485    8.05688         31 0.0000e+00
    492.000    486.329    -0.0415  28.738218    -0.0393  28.737603     4.8272     5.0678     0.0059    96.2660 1.0000e-12  -74.20820 -112.95040  24.168559      99.87 3.1380e+02    795.512      19093  1029.9207  1029.9180    34.3538    34.3507    8.05520         30 0.0000e+00
    493.000    487.317    -0.0332  28.747957    -0.0309  28.747411     4.8281     5.0689    -0.0081    96.2553 1.0000e-12  -74.20820 -112.95040  24.168574      99.87 3.1532e+02    796.787      19124  1029.9272  1029.9244    34.3569    34.3536    8.05330         31 0.0000e+00
    494.000    488.304    -0.0276  28.754813    -0.0254  28.754322     4.8244     5.0662    -0.0055    96.2100 1.0000e-12  -74.20820 -112.95040  24.168589      99.87 3.1462e+02    798.050      19154  1029.9333  1029.9307    34.3592    34.3560    8.05199         30 0.0000e+00
    495.000    489.292    -0.0206  28.763101    -0.0184  28.762631     4.8147     5.0595    -0.0036    96.2464 1.0000e-12  -74.20820 -112.95040  24.168603      99.88 3.1420e+02    799.310      19184  1029.9395  1029.9369    34.3616    34.3585    8.05037         30 0.0000e+00
    496.000    490.277    -0.0130  28.771365    -0.0108  28.770799     4.8086     5.0613     0.0029    96.2386 1.0000e-12  -74.20820 -112.95040  24.168618      99.87 3.1482e+02    800.587      19215  1029.9451  1029.9424    34.3635    34.3603    8.04868         31 0.0000e+00
    497.000    491.267    -0.0075  28.777320    -0.0053  28.776948     4.8094     5.0502    -0.0087    96.2292 1.0000e-12  -74.20820 -112.95040  24.168633      99.87 3.1462e+02    801.858      19246  1029.9504  1029.9479    34.3646    34.3617    8.04745         30 0.0000e+00
    498.000    492.252    -0.0046  28.780685    -0.0026  28.780199     4.8057     5.0454    -0.0018    96.2477 1.0000e-12  -74.20820 -112.95040  24.168647      94.47 3.1379e+02    803.119      19276  1029.9555  1029.9530    34.3652    34.3623    8.04681         31 0.0000e+00
    499.000    493.240    -0.0000  28.785720     0.0022  28.785110     4.8028     5.0495     0.0010    96.2507 1.0000e-12  -74.20820 -112.95040  24.168662      88.90 3.1426e+02    804.391      19306  1029.9606  1029.9578    34.3661    34.3629    8.04580         30 0.0000e+00
    500.000    494.227     0.0045  28.790711     0.0063  28.789756     4.8017     5.0407     0.0001    96.2354 1.0000e-12  -74.20820 -112.95040  24.168677      99.63 3.1498e+02    805.661      19337  1029.9657  1029.9630    34.3670    34.3638    8.04478         31 0.0000e+00
    501.000    495.216     0.0096  28.796118     0.0114  28.795218     4.7918     5.0384     0.0047    96.2467 1.0000e-12  -74.20820 -112.95041  24.168691      99.87 3.1381e+02    806.933      19367  1029.9708  1029.9682    34.3679    34.3647    8.04367         31 0.0000e+00
    502.000    496.202     0.0136  28.800569     0.0158  28.799987     4.7952     5.0391    -0.0030    96.2430 1.0000e-12  -74.20820 -112.95040  24.168706      99.88 3.1379e+02    808.210      19398  1029.9759  1029.9732    34.3687    34.3655    8.04278         30 0.0000e+00
    503.000    497.189     0.0147  28.801779     0.0168  28.801369     4.7965     5.0443    -0.0021    96.2456 1.0000e-12  -74.20820 -112.95040  24.168721      99.87 3.1379e+02    809.484      19429  1029.9805  1029.9781    34.3686    34.3657    8.04257         30 0.0000e+00
    504.000    498.176     0.0156  28.803306     0.0177  28.802699     4.7924     5.0341     0.0008    96.2516 1.0000e-12  -74.20820 -112.95040  24.168735      99.88 3.1379e+02    810.730      19459  1029.9856  1029.9829    34.3690    34.3658    8.04236         30 0.0000e+00
    505.000    499.164     0.0176  28.805818     0.0199  28.805370     4.7886     5.0325    -0.0017    96.2332 1.0000e-12  -74.20820 -112.95040  24.168750      99.87 3.1379e+02    811.974      19488  1029.9905  1029.9879    34.3694    34.3662    8.04190         28 0.0000e+00
    506.000    500.150     0.0205  28.808862     0.0226  28.808514     4.7840     5.0296    -0.0016    96.2345 1.0000e-12  -74.20820 -112.95040  24.168764      99.87 3.1379e+02    813.242      19519  1029.9953  1029.9929    34.3696    34.3668    8.04129         31 0.0000e+00
    507.000    501.138     0.0236  28.812845     0.0253  28.811776     4.7858     5.0278    -0.0076    96.2410 1.0000e-12  -74.20820 -112.95040  24.168779      99.87 3.1379e+02    814.515      19549  1030.0008  1029.9980    34.3708    34.3675    8.04057         31 0.0000e+00
    508.000    502.126     0.0318  28.821620     0.0337  28.820806     4.7799     5.0204    -0.0115    96.2202 1.0000e-12  -74.20820 -112.95040  24.168794      99.87 3.1379e+02    815.790      19580  1030.0063  1030.0036    34.3726    34.3695    8.03875         30 0.0000e+00
    509.000    503.113     0.0350  28.825382     0.0372  28.824993     4.7808     5.0227    -0.0095    96.2264 1.0000e-12  -74.20820 -112.95040  24.168808      87.15 3.1471e+02    817.047      19610  1030.0115  1030.0089    34.3735    34.3704    8.03804         29 0.0000e+00
    510.000    504.099     0.0371  28.828014     0.0391  28.827459     4.7850     5.0207    -0.0016    96.2421 1.0000e-12  -74.20820 -112.95040  24.168823      95.21 3.1379e+02    818.270      19639  1030.0165  1030.0140    34.3740    34.3711    8.03757         30 0.0000e+00
    511.000    505.087     0.0371  28.828677     0.0392  28.828101     4.7789     5.0180    -0.0024    96.2379 1.0000e-12  -74.20820 -112.95040  24.168837      99.86 3.1373e+02    819.499      19669  1030.0215  1030.0190    34.3743    34.3712    8.03755         29 0.0000e+00
    512.000    506.074     0.0371  28.829230     0.0391  28.828688     4.7791     5.0224    -0.0019    96.2406 1.0000e-12  -74.20820 -112.95040  24.168851      99.88 3.1447e+02    820.719      19698  1030.0264  1030.0239    34.3744    34.3714    8.03754         29 0.0000e+00
    513.000    507.061     0.0380  28.830877     0.0401  28.830360     4.7761     5.0241    -0.0011    96.2092 1.0000e-12  -74.20820 -112.95040  24.168865      99.87 3.1378e+02    821.929      19727  1030.0316  1030.0290    34.3750    34.3719    8.03732         29 0.0000e+00
    514.000    508.049     0.0427  28.836422     0.0451  28.836161     4.7760     5.0185    -0.0022    96.1951 1.0000e-12  -74.20820 -112.95040  24.168879      99.87 3.1379e+02    823.138      19756  1030.0371  1030.0345    34.3765    34.3734    8.03625         29 0.0000e+00
    515.000    509.035     0.0486  28.843577     0.0510  28.843315     4.7742     5.0139    -0.0098    96.2231 1.0000e-12  -74.20820 -112.95040  24.168893      99.87 3.1453e+02    824.347      19785  1030.0432  1030.0406    34.3787    34.3757    8.03489         29 0.0000e+00
    516.000    510.023     0.0529  28.848767     0.0550  28.848105     4.7743     5.0168    -0.0121    96.2275 1.0000e-12  -74.20820 -112.95040  24.168907      99.87 3.1391e+02    825.559      19814  1030.0487  1030.0460    34.3801    34.3769    8.03390         30 0.0000e+00
    517.000    511.010     0.0532  28.849439     0.0553  28.848968     4.7722     5.0167    -0.0112    96.2316 1.0000e-12  -74.20820 -112.95040  24.168921      99.87 3.1361e+02    826.778      19844  1030.0534  1030.0509    34.3801    34.3771    8.03384         29 0.0000e+00
    518.000    511.997     0.0544  28.850973     0.0564  28.850512     4.7695     5.0089    -0.0017    96.2255 1.0000e-12  -74.20820 -112.95040  24.168935      99.87 3.1434e+02    827.997      19873  1030.0582  1030.0558    34.3802    34.3774    8.03358         29 0.0000e+00
    519.000    512.985     0.0583  28.855970     0.0605  28.855599     4.7665     5.0109    -0.0026    96.2401 1.0000e-12  -74.20820 -112.95042  24.168949      90.64 3.1392e+02    829.196      19902  1030.0639  1030.0614    34.3818    34.3789    8.03267         27 0.0000e+00
    520.000    513.972     0.0597  28.858423     0.0618  28.858014     4.7683     5.0130    -0.0076    96.2240 1.0000e-12  -74.20820 -112.95040  24.168963      80.02 3.1379e+02    830.395      19930  1030.0694  1030.0670    34.3830    34.3800    8.03233         29 0.0000e+00
    521.000    514.959     0.0618  28.861288     0.0638  28.860771     4.7698     5.0127    -0.0153    96.2067 1.0000e-12  -74.20820 -112.95041  24.168977      99.28 3.1379e+02    831.602      19959  1030.0747  1030.0723    34.3838    34.3809    8.03184         28 0.0000e+00
    522.000    515.946     0.0623  28.862153     0.0643  28.861742     4.7761     5.0119    -0.0059    96.1845 1.0000e-12  -74.20820 -112.95041  24.168991      99.88 3.1379e+02    832.821      19989  1030.0794  1030.0770    34.3838    34.3810    8.03173         30 0.0000e+00
