ocean_section_plots/required_files/ctd/dnbp2202_ctd126.cnv
* Sea-Bird SBE 9 Data File:
* FileName = D:\Data\raw\NBP2202_CTD126.hex
* Software Version Seasave V 7.26.7.121
* Temperature SN = 1649
* Conductivity SN = 2513
* Number of Bytes Per Scan = 40
* Number of Voltage Words = 5
* Number of Scans Averaged by the Deck Unit = 1
* NMEA Latitude = 74 10.52 S
* NMEA Longitude = 113 20.65 W
* NMEA UTC (Time) = Jan 27 2022  13:06:03
* NMEA baud rate = 9600
** Ship: RVIB N.B. Palmer
** Cruise: NBP2202 Thwaites
** Station: YoYo001
** Operator: B. Bjork
# nquan = 25
# nvalues = 610                         
# units = specified
# name 0 = prDM: Pressure, Digiquartz [db]
# name 1 = depSM: Depth [salt water, m]
# name 2 = t090C: Temperature [ITS-90, deg C]
# name 3 = c0mS/cm: Conductivity [mS/cm]
# name 4 = t190C: Temperature, 2 [ITS-90, deg C]
# name 5 = c1mS/cm: Conductivity, 2 [mS/cm]
# name 6 = sbeox0ML/L: Oxygen, SBE 43 [ml/l]
# name 7 = sbeox1ML/L: Oxygen, SBE 43, 2 [ml/l]
# name 8 = flECO-AFL: Fluorescence, WET Labs ECO-AFL/FL [mg/m^3]
# name 9 = CStarTr0: Beam Transmission, WET Labs C-Star [%]
# name 10 = par: PAR/Irradiance, Biospherical/Licor
# name 11 = latitude: Latitude [deg]
# name 12 = longitude: Longitude [deg]
# name 13 = timeJ: Julian Days
# name 14 = altM: Altimeter [m]
# name 15 = spar: SPAR, Biospherical/Licor
# name 16 = timeS: Time, Elapsed [seconds]
# name 17 = scan: Scan Count
# name 18 = density00: Density [density, kg/m^3]
# name 19 = density11: Density, 2 [density, kg/m^3]
# name 20 = sal00: Salinity, Practical [PSU]
# name 21 = sal11: Salinity, Practical, 2 [PSU]
# name 22 = oxsolML/L: Oxygen Saturation, Garcia & Gordon [ml/l]
# name 23 = nbin: number of scans per bin
# name 24 = flag: flag
# span 0 =     10.000,    619.000       
# span 1 =      9.897,    611.671       
# span 2 =    -1.4317,     0.0731       
# span 3 =  27.001458,  28.908612       
# span 4 =    -1.4304,     0.0751       
# span 5 =  27.001011,  28.908441       
# span 6 =     4.6830,     7.9229       
# span 7 =     4.7325,     7.9443       
# span 8 =    -0.0224,    24.2464       
# span 9 =    71.6524,    95.6401       
# span 10 = -4.689e-06, 4.5136e+00      
# span 11 =  -74.17536,  -74.17536      
# span 12 = -113.34430, -113.34426      
# span 13 =  27.546279,  27.554746      
# span 14 =       3.59,     107.31      
# span 15 = 1.7981e+02, 2.5738e+02      
# span 16 =     35.530,    767.082      
# span 17 =        854,      18411      
# span 18 =  1027.2308,  1030.5296      
# span 19 =  1027.2300,  1030.5273      
# span 20 =    33.7959,    34.3762      
# span 21 =    33.7945,    34.3738      
# span 22 =    8.02989,    8.38431      
# span 23 =          6,         45      
# span 24 = 0.0000e+00, 0.0000e+00      
# interval = decibars: 1                
# start_time = Jan 27 2022 13:06:03 [NMEA time, header]
# bad_flag = -9.990e-29
*END*
[from data line 348]
    358.000    353.988    -0.4642  28.227745    -0.4649  28.224645     5.0174     5.0827    -0.0048    95.4716 1.0000e-12  -74.17536 -113.34428  27.550472      99.86 2.2212e+02    397.798       9548  1029.2110  1029.2084    34.2286    34.2253    8.15220         23 0.0000e+00
    359.000    354.976    -0.4572  28.234592    -0.4532  28.235645     5.0192     5.0720    -0.0129    95.4817 1.0000e-12  -74.17536 -113.34428  27.550483      99.86 2.2212e+02    398.762       9571  1029.2159  1029.2131    34.2294    34.2263    8.15067         23 0.0000e+00
    360.000    355.964    -0.4383  28.252565    -0.4425  28.246379     5.0290     5.0858    -0.0123    95.4925 1.0000e-12  -74.17536 -113.34428  27.550494      99.86 2.2212e+02    399.723       9594  1029.2210  1029.2184    34.2316    34.2280    8.14648         24 0.0000e+00
    361.000    356.952    -0.4494  28.243557    -0.4482  28.242715     5.0352     5.0933    -0.0200    95.5010 1.0000e-12  -74.17536 -113.34428  27.550506      99.86 2.2212e+02    400.683       9617  1029.2267  1029.2245    34.2314    34.2289    8.14888         22 0.0000e+00
    362.000    357.940    -0.4527  28.242237    -0.4512  28.241248     5.0382     5.0953    -0.0208    95.5085 1.0000e-12  -74.17536 -113.34428  27.550517      99.87 2.2212e+02    401.643       9640  1029.2329  1029.2303    34.2328    34.2298    8.14950         23 0.0000e+00
    363.000    358.929    -0.4536  28.241780    -0.4509  28.242149     5.0375     5.0950    -0.0159    95.4969 1.0000e-12  -74.17536 -113.34428  27.550528      99.86 2.2212e+02    402.605       9664  1029.2376  1029.2354    34.2326    34.2301    8.14971         24 0.0000e+00
    364.000    359.915    -0.4525  28.244126    -0.4505  28.243779     5.0372     5.0968    -0.0160    95.5057 1.0000e-12  -74.17536 -113.34428  27.550539      99.32 2.2212e+02    403.558       9686  1029.2434  1029.2411    34.2339    34.2311    8.14940         22 0.0000e+00
    365.000    360.904    -0.4532  28.244154    -0.4515  28.243663     5.0495     5.1060    -0.0173    95.5107 1.0000e-12  -74.17536 -113.34428  27.550550      97.65 2.2212e+02    404.512       9709  1029.2485  1029.2463    34.2341    34.2316    8.14954         23 0.0000e+00
    366.000    361.892    -0.4565  28.241928    -0.4541  28.242177     5.0535     5.1119    -0.0118    95.5129 1.0000e-12  -74.17536 -113.34428  27.550561      99.08 2.2212e+02    405.469       9732  1029.2536  1029.2515    34.2342    34.2318    8.15024         23 0.0000e+00
    367.000    362.880    -0.4601  28.239650    -0.4583  28.239321     5.0362     5.1032    -0.0036    95.5039 1.0000e-12  -74.17536 -113.34428  27.550572      99.87 2.2212e+02    406.416       9755  1029.2590  1029.2570    34.2346    34.2322    8.15099         23 0.0000e+00
    368.000    363.868    -0.4624  28.238692    -0.4601  28.238870     5.0095     5.0833    -0.0202    95.4916 1.0000e-12  -74.17536 -113.34428  27.550583      99.86 2.2212e+02    407.375       9778  1029.2646  1029.2625    34.2353    34.2329    8.15144         23 0.0000e+00
    369.000    364.855    -0.4383  28.262316    -0.4362  28.260958     4.9841     5.0486    -0.0198    95.4950 1.0000e-12  -74.17536 -113.34428  27.550594      99.86 2.2253e+02    408.345       9801  1029.2704  1029.2669    34.2392    34.2350    8.14604         23 0.0000e+00
    370.000    365.843    -0.4129  28.285838    -0.4117  28.284544     4.9653     5.0330    -0.0138    95.4990 1.0000e-12  -74.17536 -113.34428  27.550606      99.86 2.2286e+02    409.314       9825  1029.2751  1029.2725    34.2416    34.2384    8.14047         24 0.0000e+00
    371.000    366.830    -0.3849  28.313682    -0.3852  28.310422     4.9504     5.0200    -0.0118    95.5241 1.0000e-12  -74.17536 -113.34428  27.550617      99.86 2.2389e+02    410.292       9848  1029.2817  1029.2786    34.2466    34.2426    8.13417         23 0.0000e+00
    372.000    367.819    -0.3752  28.322901    -0.3730  28.322470     4.9510     5.0123    -0.0157    95.5264 1.0000e-12  -74.17536 -113.34428  27.550628      99.86 2.2389e+02    411.266       9871  1029.2866  1029.2840    34.2475    34.2444    8.13205         23 0.0000e+00
    373.000    368.806    -0.3704  28.328175    -0.3691  28.326989     4.9554     5.0112    -0.0184    95.5411 1.0000e-12  -74.17536 -113.34426  27.550639      99.86 2.2389e+02    412.243       9895  1029.2920  1029.2895    34.2485    34.2455    8.13096         24 0.0000e+00
    374.000    369.795    -0.3730  28.325821    -0.3711  28.325539     4.9518     5.0121    -0.0192    95.5330 1.0000e-12  -74.17536 -113.34428  27.550651      99.87 2.2389e+02    413.208       9918  1029.2966  1029.2944    34.2477    34.2452    8.13156         23 0.0000e+00
    375.000    370.783    -0.3734  28.326015    -0.3702  28.326756     4.9536     5.0107    -0.0178    95.5142 1.0000e-12  -74.17536 -113.34426  27.550662      99.86 2.2389e+02    414.180       9941  1029.3016  1029.2993    34.2478    34.2452    8.13164         24 0.0000e+00
    376.000    371.771    -0.3695  28.330244    -0.3668  28.330540     4.9491     5.0054    -0.0030    95.5107 1.0000e-12  -74.17536 -113.34428  27.550673      99.87 2.2389e+02    415.145       9964  1029.3067  1029.3044    34.2485    34.2458    8.13078         23 0.0000e+00
    377.000    372.758    -0.3626  28.337133    -0.3617  28.335709     4.9407     4.9965    -0.0120    95.4953 1.0000e-12  -74.17536 -113.34426  27.550684      81.15 2.2389e+02    416.102       9987  1029.3118  1029.3094    34.2493    34.2464    8.12925         22 0.0000e+00
    378.000    373.747    -0.3618  28.338815    -0.3584  28.339525     4.9439     4.9977    -0.0177    95.4938 1.0000e-12  -74.17536 -113.34428  27.550695      89.39 2.2412e+02    417.055      10010  1029.3171  1029.3146    34.2500    34.2472    8.12903         23 0.0000e+00
    379.000    374.735    -0.3592  28.340948    -0.3543  28.343649     4.9313     4.9990    -0.0185    95.4713 1.0000e-12  -74.17536 -113.34427  27.550706      95.56 2.2450e+02    418.006      10033  1029.3213  1029.3194    34.2494    34.2475    8.12852         23 0.0000e+00
    380.000    375.721    -0.3652  28.337029    -0.3592  28.339776     4.9069     4.9783    -0.0157    95.4715 1.0000e-12  -74.17536 -113.34427  27.550717      98.41 2.2534e+02    418.957      10056  1029.3274  1029.3245    34.2504    34.2473    8.12975         23 0.0000e+00
    381.000    376.710    -0.3459  28.355533    -0.3441  28.354438     4.8710     4.9404    -0.0128    95.4591 1.0000e-12  -74.17536 -113.34427  27.550728      99.87 2.2550e+02    419.918      10079  1029.3326  1029.3296    34.2528    34.2492    8.12549         23 0.0000e+00
    382.000    377.697    -0.3061  28.394160    -0.3065  28.390324     4.8579     4.9282    -0.0169    95.4486 1.0000e-12  -74.17536 -113.34427  27.550739      99.86 2.2565e+02    420.893      10102  1029.3391  1029.3354    34.2590    34.2543    8.11664         24 0.0000e+00
    383.000    378.686    -0.2842  28.414221    -0.2815  28.414110     4.8637     4.9238    -0.0109    95.4568 1.0000e-12  -74.17536 -113.34427  27.550751      99.86 2.2565e+02    421.866      10126  1029.3436  1029.3408    34.2606    34.2574    8.11189         23 0.0000e+00
    384.000    379.673    -0.2848  28.414456    -0.2816  28.414782     4.8601     4.9163    -0.0113    95.4296 1.0000e-12  -74.17536 -113.34427  27.550762      99.87 2.2565e+02    422.843      10149  1029.3489  1029.3462    34.2610    34.2579    8.11199         24 0.0000e+00
    385.000    380.661    -0.2842  28.415152    -0.2816  28.415174     4.8612     4.9230    -0.0110    95.4088 1.0000e-12  -74.17536 -113.34427  27.550773      99.86 2.2565e+02    423.804      10172  1029.3535  1029.3511    34.2606    34.2577    8.11188         22 0.0000e+00
    386.000    381.650    -0.2811  28.418507    -0.2794  28.417704     4.8753     4.9234    -0.0122    95.3907 1.0000e-12  -74.17536 -113.34427  27.550784      99.86 2.2565e+02    424.759      10195  1029.3586  1029.3561    34.2610    34.2580    8.11120         23 0.0000e+00
    387.000    382.637    -0.2874  28.413362    -0.2854  28.413160     4.8821     4.9288    -0.0054    95.3942 1.0000e-12  -74.17536 -113.34428  27.550795      99.86 2.2573e+02    425.716      10218  1029.3638  1029.3617    34.2607    34.2581    8.11257         23 0.0000e+00
    388.000    383.625    -0.2906  28.411719    -0.2885  28.411102     4.8926     4.9484    -0.0116    95.3908 1.0000e-12  -74.17536 -113.34428  27.550806      99.86 2.2627e+02    426.676      10241  1029.3696  1029.3670    34.2614    34.2583    8.11319         23 0.0000e+00
    389.000    384.611    -0.2989  28.404458    -0.2951  28.405757     4.8908     4.9554    -0.0112    95.3761 1.0000e-12  -74.17536 -113.34428  27.550818      99.87 2.2696e+02    427.638      10264  1029.3744  1029.3722    34.2604    34.2580    8.11502         23 0.0000e+00
    390.000    385.599    -0.3048  28.400021    -0.3015  28.400768     4.8789     4.9307    -0.0050    95.3703 1.0000e-12  -74.17536 -113.34428  27.550829      99.86 2.2741e+02    428.600      10287  1029.3799  1029.3774    34.2606    34.2579    8.11628         24 0.0000e+00
    391.000    386.589    -0.3036  28.401851    -0.2951  28.407874     4.8561     4.9124    -0.0126    95.3480 1.0000e-12  -74.17536 -113.34428  27.550840      83.31 2.2741e+02    429.553      10310  1029.3850  1029.3831    34.2610    34.2596    8.11599         22 0.0000e+00
    392.000    387.575    -0.2625  28.445293    -0.2564  28.447343     4.8353     4.9018    -0.0179    95.3596 1.0000e-12  -74.17536 -113.34428  27.550851      90.08 2.2741e+02    430.504      10333  1029.3951  1029.3914    34.2722    34.2681    8.10660         23 0.0000e+00
    393.000    388.564    -0.2313  28.474624    -0.2299  28.473531     4.8219     4.8888    -0.0102    95.3651 1.0000e-12  -74.17536 -113.34428  27.550862      97.86 2.2741e+02    431.460      10356  1029.4002  1029.3977    34.2757    34.2727    8.09977         23 0.0000e+00
    394.000    389.551    -0.2405  28.466700    -0.2400  28.464099     4.8067     4.8801    -0.0106    95.3583 1.0000e-12  -74.17536 -113.34428  27.550873      99.89 2.2741e+02    432.430      10379  1029.4053  1029.4022    34.2749    34.2709    8.10178         23 0.0000e+00
    395.000    390.540    -0.2216  28.484634    -0.2231  28.480625     4.8113     4.8692    -0.0098    95.3455 1.0000e-12  -74.17536 -113.34428  27.550884      99.86 2.2741e+02    433.404      10403  1029.4103  1029.4075    34.2770    34.2732    8.09764         24 0.0000e+00
    396.000    391.528    -0.2192  28.487068    -0.2162  28.487485     4.8144     4.8682    -0.0154    95.3472 1.0000e-12  -74.17536 -113.34428  27.550896      99.86 2.2756e+02    434.378      10426  1029.4150  1029.4126    34.2769    34.2740    8.09713         23 0.0000e+00
    397.000    392.513    -0.2169  28.489931    -0.2145  28.489628     4.8150     4.8744    -0.0106    95.3292 1.0000e-12  -74.17536 -113.34428  27.550907      99.86 2.2772e+02    435.338      10449  1029.4203  1029.4176    34.2775    34.2744    8.09661         23 0.0000e+00
    398.000    393.503    -0.2153  28.492021    -0.2157  28.488998     4.8219     4.8706    -0.0070    95.3137 1.0000e-12  -74.17536 -113.34428  27.550918      99.86 2.2813e+02    436.277      10472  1029.4253  1029.4226    34.2779    34.2744    8.09624         22 0.0000e+00
    399.000    394.490    -0.2192  28.488321    -0.2161  28.489012     4.8204     4.8675    -0.0160    95.3046 1.0000e-12  -74.17536 -113.34428  27.550928      99.87 2.2895e+02    437.216      10494  1029.4297  1029.4275    34.2767    34.2742    8.09714         23 0.0000e+00
    400.000    395.478    -0.2198  28.487940    -0.2176  28.487634     4.8472     4.8929    -0.0099    95.3002 1.0000e-12  -74.17536 -113.34428  27.550939      99.86 2.2917e+02    438.167      10517  1029.4343  1029.4318    34.2763    34.2734    8.09729         23 0.0000e+00
    401.000    396.464    -0.2222  28.485939    -0.2188  28.486806     4.8960     4.9056    -0.0096    95.2721 1.0000e-12  -74.17536 -113.34428  27.550951      99.87 2.2917e+02    439.127      10540  1029.4389  1029.4365    34.2757    34.2731    8.09783         23 0.0000e+00
    402.000    397.454    -0.2485  28.461892    -0.2446  28.464317     4.9276     4.9183    -0.0029    95.2609 1.0000e-12  -74.17536 -113.34428  27.550962      99.86 2.2917e+02    440.100      10563  1029.4435  1029.4423    34.2726    34.2715    8.10360         24 0.0000e+00
    403.000    398.442    -0.2923  28.421268    -0.2651  28.445654     4.9538     4.9515    -0.0080    95.2365 1.0000e-12  -74.17536 -113.34428  27.550973      99.86 2.2917e+02    441.077      10587  1029.4475  1029.4469    34.2671    34.2690    8.11324         23 0.0000e+00
    404.000    399.428    -0.3205  28.401009    -0.2641  28.447468     4.9794     5.0024    -0.0112    95.2430 1.0000e-12  -74.17536 -113.34428  27.550984      99.86 2.2917e+02    442.034      10610  1029.4576  1029.4519    34.2711    34.2698    8.11903         23 0.0000e+00
    405.000    400.417    -0.3261  28.390412    -0.3084  28.406938     4.9968     5.0328    -0.0104    95.2354 1.0000e-12  -74.17536 -113.34428  27.550995      92.20 2.2917e+02    442.980      10633  1029.4562  1029.4566    34.2627    34.2648    8.12070         22 0.0000e+00
    406.000    401.405    -0.3432  28.378032    -0.3469  28.373523     5.0014     5.0420    -0.0077    95.2498 1.0000e-12  -74.17536 -113.34428  27.551006      91.16 2.2917e+02    443.920      10655  1029.4636  1029.4628    34.2648    34.2629    8.12422         23 0.0000e+00
    407.000    402.391    -0.3550  28.368949    -0.3546  28.366687     4.9983     5.0510    -0.0011    95.2708 1.0000e-12  -74.17536 -113.34428  27.551017      96.36 2.2917e+02    444.862      10678  1029.4696  1029.4670    34.2654    34.2619    8.12672         23 0.0000e+00
    408.000    403.379    -0.3478  28.374317    -0.3494  28.371266     4.9971     5.0524    -0.0014    95.2973 1.0000e-12  -74.17536 -113.34428  27.551028      99.84 2.2925e+02    445.807      10700  1029.4723  1029.4708    34.2638    34.2616    8.12526         22 0.0000e+00
    409.000    404.367    -0.3598  28.365217    -0.3598  28.362782     5.0030     5.0579    -0.0110    95.3219 1.0000e-12  -74.17536 -113.34428  27.551039      99.86 2.2976e+02    446.768      10723  1029.4783  1029.4760    34.2646    34.2613    8.12779         24 0.0000e+00
    410.000    405.355    -0.3602  28.364599    -0.3581  28.364775     5.0094     5.0582    -0.0172    95.3259 1.0000e-12  -74.17536 -113.34428  27.551050      99.86 2.3047e+02    447.736      10747  1029.4821  1029.4805    34.2635    34.2614    8.12792         23 0.0000e+00
    411.000    406.343    -0.3625  28.363415    -0.3623  28.361655     5.0054     5.0602    -0.0122    95.3682 1.0000e-12  -74.17536 -113.34428  27.551061      99.86 2.3094e+02    448.703      10770  1029.4872  1029.4853    34.2639    34.2614    8.12839         23 0.0000e+00
    412.000    407.329    -0.3655  28.361386    -0.3653  28.359639     5.0064     5.0584    -0.0125    95.3741 1.0000e-12  -74.17536 -113.34428  27.551073      99.86 2.3094e+02    449.677      10793  1029.4920  1029.4902    34.2640    34.2615    8.12903         23 0.0000e+00
    413.000    408.319    -0.3661  28.361469    -0.3619  28.363346     5.0025     5.0545    -0.0063    95.3752 1.0000e-12  -74.17536 -113.34428  27.551084      99.87 2.3094e+02    450.642      10816  1029.4969  1029.4949    34.2642    34.2620    8.12915         23 0.0000e+00
    414.000    409.306    -0.3645  28.363726    -0.3622  28.363833     5.0003     5.0484    -0.0053    95.4208 1.0000e-12  -74.17536 -113.34428  27.551095      99.86 2.3094e+02    451.606      10840  1029.5018  1029.4999    34.2648    34.2624    8.12877         24 0.0000e+00
