ocean_section_plots/required_files/ctd/dnbp2202_ctd282.cnv
* Sea-Bird SBE 9 Data File:
* FileName = D:\Data\raw\NBP2202_CTD282.hex
* Software Version Seasave V 7.26.7.121
* Temperature SN = 1649
* Conductivity SN = 2513
* Number of Bytes Per Scan = 40
* Number of Voltage Words = 5
* Number of Scans Averaged by the Deck Unit = 1
* NMEA Latitude = 74 07.00 S
* NMEA Longitude = 115 43.88 W
* NMEA UTC (Time) = Feb 22 2022  07:47:17
* NMEA baud rate = 9600
** Ship: RVIB N.B. Palmer
** Cruise: NBP2202 Thwaites
** Station: 184
** Operator: B. Bjork
# nquan = 28
# nvalues = 1131                        
# units = specified
# name 0 = prDM: Pressure, Digiquartz [db]
# name 1 = depSM: Depth [salt water, m]
# name 2 = t090C: Temperature [ITS-90, deg C]
# name 3 = c0mS/cm: Conductivity [mS/cm]
# name 4 = t190C: Temperature, 2 [ITS-90, deg C]
# name 5 = c1mS/cm: Conductivity, 2 [mS/cm]
# name 6 = sbeox0ML/L: Oxygen, SBE 43 [ml/l]
# name 7 = sbeox1ML/L: Oxygen, SBE 43, 2 [ml/l]
# name 8 = flECO-AFL: Fluorescence, WET Labs ECO-AFL/FL [mg/m^3]
# name 9 = CStarTr0: Beam Transmission, WET Labs C-Star [%]
# name 10 = par: PAR/Irradiance, Biospherical/Licor
# name 11 = latitude: Latitude [deg]
# name 12 = longitude: Longitude [deg]
# name 13 = timeJ: Julian Days
# name 14 = altM: Altimeter [m]
# name 15 = spar: SPAR, Biospherical/Licor
# name 16 = timeS: Time, Elapsed [seconds]
# name 17 = scan: Scan Count
# name 18 = density00: Density [density, kg/m^3]
# name 19 = density11: Density, 2 [density, kg/m^3]
# name 20 = v3: Voltage 3
# name 21 = v4: Voltage 4
# name 22 = v5: Voltage 5
# name 23 = sal00: Salinity, Practical [PSU]
# name 24 = sal11: Salinity, Practical, 2 [PSU]
# name 25 = oxsolML/L: Oxygen Saturation, Garcia & Gordon [ml/l]
# name 26 = nbin: number of scans per bin
# name 27 = flag: flag
# span 0 =      2.000,   1132.000       
# span 1 =      1.981,   1117.246       
# span 2 =    -1.8815,     0.5328       
# span 3 =  26.900858,  29.665421       
# span 4 =    -1.8807,     0.5351       
# span 5 =  26.900922,  29.666082       
# span 6 =     4.4007,     9.1390       
# span 7 =     4.4991,     9.4643       
# span 8 =     0.0174,    11.7215       
# span 9 =    89.2330,    98.6956       
# span 10 = -3.422e-04, 5.3394e-01      
# span 11 =  -74.11678,  -74.11676      
# span 12 = -115.73144, -115.73140      
# span 13 =  53.326929,  53.342062      
# span 14 =       2.91,     100.20      
# span 15 = 1.4069e+01, 2.4767e+01      
# span 16 =    209.634,   1517.202      
# span 17 =       5032,      36414      
# span 18 =  1027.1606,  1033.0358      
# span 19 =  1027.1600,  1033.0342      
# span 20 =     4.2322,     4.6819      
# span 21 =     0.0695,     1.6122      
# span 22 =     0.1069,     0.1859      
# span 23 =    33.7785,    34.5616      
# span 24 =    33.7776,    34.5599      
# span 25 =    7.92440,    8.47591      
# span 26 =         21,         49      
# span 27 = 0.0000e+00, 0.0000e+00      
# interval = decibars: 1                
# start_time = Feb 22 2022 07:47:17 [NMEA time, header]
# bad_flag = -9.990e-29
*END*
[from data line 984]
    986.000    973.487     0.5173  29.586760     0.5197  29.587381     4.5182     4.6253     0.0731    98.5708 1.0000e-12  -74.11678 -115.73142  53.339256      99.90 1.9608e+01   1274.733      30595  1032.3564  1032.3547     4.6760     0.0824     0.1105    34.5581    34.5562    7.92776         24 0.0000e+00
    987.000    974.472     0.5176  29.587489     0.5199  29.588064     4.5154     4.6264     0.1992    98.6071 1.0000e-12  -74.11678 -115.73142  53.339267      99.90 1.7717e+01   1275.703      30618  1032.3611  1032.3594     4.6778     0.0842     0.1101    34.5581    34.5563    7.92770         23 0.0000e+00
    988.000    975.456     0.5181  29.588338     0.5204  29.588931     4.5168     4.6233     0.1673    98.5531 1.0000e-12  -74.11678 -115.73142  53.339279      91.65 2.0755e+01   1276.677      30641  1032.3657  1032.3640     4.6752     0.0824     0.1143    34.5581    34.5563    7.92760         24 0.0000e+00
    989.000    976.443     0.5183  29.588970     0.5207  29.589667     4.5152     4.6197     0.1105    98.6000 1.0000e-12  -74.11678 -115.73142  53.339290      74.79 1.9939e+01   1277.655      30665  1032.3703  1032.3687     4.6774     0.0788     0.1104    34.5581    34.5564    7.92755         23 0.0000e+00
    990.000    977.427     0.5186  29.589737     0.5209  29.590406     4.5120     4.6209     0.0877    98.5965 1.0000e-12  -74.11678 -115.73142  53.339301      89.49 1.7573e+01   1278.639      30688  1032.3750  1032.3734     4.6772     0.0807     0.1113    34.5583    34.5565    7.92749         24 0.0000e+00
    991.000    978.411     0.5187  29.590323     0.5211  29.590968     4.5134     4.6185     0.0932    98.4854 1.0000e-12  -74.11678 -115.73142  53.339313      99.88 2.0002e+01   1279.624      30712  1032.3797  1032.3780     4.6720     0.0832     0.1106    34.5583    34.5565    7.92746         23 0.0000e+00
    992.000    979.398     0.5187  29.590696     0.5211  29.591318     4.5119     4.6200     0.0921    98.5536 1.0000e-12  -74.11678 -115.73142  53.339324      99.90 2.0273e+01   1280.605      30736  1032.3843  1032.3827     4.6752     0.0794     0.1122    34.5582    34.5564    7.92746         24 0.0000e+00
    993.000    980.380     0.5186  29.591053     0.5210  29.591693     4.5162     4.6233     0.0936    98.2330 1.0000e-12  -74.11678 -115.73142  53.339335      99.90 1.7559e+01   1281.581      30759  1032.3890  1032.3873     4.6600     0.0988     0.1138    34.5582    34.5565    7.92748         23 0.0000e+00
    994.000    981.368     0.5186  29.591526     0.5211  29.592229     4.5146     4.6241     0.1844    98.1944 1.0000e-12  -74.11678 -115.73142  53.339347      99.90 2.0185e+01   1282.557      30782  1032.3937  1032.3920     4.6582     0.0920     0.1127    34.5583    34.5565    7.92747         24 0.0000e+00
    995.000    982.351     0.5187  29.592025     0.5211  29.592660     4.5123     4.6259     0.1158    98.5426 1.0000e-12  -74.11678 -115.73142  53.339358      99.90 2.0542e+01   1283.542      30806  1032.3983  1032.3966     4.6747     0.0813     0.1099    34.5583    34.5564    7.92746         23 0.0000e+00
    996.000    983.337     0.5189  29.592540     0.5213  29.593286     4.5122     4.6217     0.1303    98.5836 1.0000e-12  -74.11678 -115.73142  53.339369      99.90 1.7632e+01   1284.520      30829  1032.4029  1032.4013     4.6767     0.0892     0.1106    34.5582    34.5565    7.92743         24 0.0000e+00
    997.000    984.321     0.5190  29.593184     0.5214  29.593807     4.5100     4.6177     0.0978    98.5601 1.0000e-12  -74.11678 -115.73142  53.339381      99.90 1.9867e+01   1285.506      30853  1032.4076  1032.4059     4.6755     0.0871     0.1139    34.5583    34.5565    7.92739         23 0.0000e+00
    998.000    985.307     0.5191  29.593770     0.5215  29.594314     4.5148     4.6151     0.1309    98.6424 1.0000e-12  -74.11678 -115.73142  53.339392      99.89 2.0426e+01   1286.490      30877  1032.4124  1032.4106     4.6794     0.1722     0.1190    34.5585    34.5565    7.92737         24 0.0000e+00
    999.000    986.291     0.5190  29.594052     0.5214  29.594718     4.5094     4.6167     0.1015    98.0990 1.0000e-12  -74.11678 -115.73142  53.339404      99.90 1.7652e+01   1287.471      30900  1032.4170  1032.4153     4.6537     0.0907     0.1077    34.5583    34.5566    7.92740         24 0.0000e+00
   1000.000    987.277     0.5191  29.594559     0.5214  29.595239     4.5141     4.6203     0.0656    97.9107 1.0000e-12  -74.11678 -115.73142  53.339415      99.90 1.9979e+01   1288.448      30924  1032.4216  1032.4201     4.6447     0.0779     0.1083    34.5584    34.5567    7.92738         23 0.0000e+00
   1001.000    988.260     0.5192  29.595042     0.5214  29.595598     4.5088     4.6143     0.0700    98.5225 1.0000e-12  -74.11678 -115.73142  53.339426      99.90 2.0930e+01   1289.422      30947  1032.4262  1032.4246     4.6737     0.0786     0.1106    34.5583    34.5566    7.92737         23 0.0000e+00
   1002.000    989.247     0.5191  29.595491     0.5215  29.596129     4.5124     4.6093     0.0918    98.6030 1.0000e-12  -74.11678 -115.73142  53.339438      79.17 1.7624e+01   1290.397      30971  1032.4309  1032.4293     4.6776     0.0877     0.1130    34.5584    34.5566    7.92737         24 0.0000e+00
   1003.000    990.230     0.5192  29.595984     0.5215  29.596598     4.5131     4.6123     0.0935    98.6084 1.0000e-12  -74.11678 -115.73142  53.339449      83.70 1.9528e+01   1291.366      30994  1032.4356  1032.4339     4.6779     0.1022     0.1156    34.5584    34.5566    7.92735         23 0.0000e+00
   1004.000    991.215     0.5194  29.596460     0.5216  29.597076     4.5105     4.6167     0.1080    98.5814 1.0000e-12  -74.11678 -115.73142  53.339460      94.18 2.1087e+01   1292.339      31017  1032.4401  1032.4385     4.6765     0.0817     0.1109    34.5583    34.5566    7.92733         23 0.0000e+00
   1005.000    992.202     0.5195  29.597045     0.5218  29.597723     4.5109     4.6192     0.0498    98.5922 1.0000e-12  -74.11678 -115.73142  53.339471      97.77 1.7617e+01   1293.316      31041  1032.4448  1032.4432     4.6771     0.0847     0.1108    34.5583    34.5566    7.92730         24 0.0000e+00
   1006.000    993.186     0.5191  29.597323     0.5217  29.598088     4.5117     4.6181     0.0814    98.5507 1.0000e-12  -74.11678 -115.73142  53.339483      99.88 1.9740e+01   1294.304      31064  1032.4496  1032.4479     4.6751     0.0797     0.1101    34.5585    34.5566    7.92736         24 0.0000e+00
   1007.000    994.170     0.5194  29.597955     0.5217  29.598634     4.5098     4.6198     0.0760    98.6178 1.0000e-12  -74.11678 -115.73142  53.339494      99.90 2.1240e+01   1295.298      31088  1032.4542  1032.4526     4.6783     0.0849     0.1133    34.5585    34.5568    7.92730         23 0.0000e+00
   1008.000    995.156     0.5195  29.598558     0.5219  29.599154     4.5077     4.6205     0.1451    98.3116 1.0000e-12  -74.11678 -115.73142  53.339506      99.90 1.7646e+01   1296.287      31112  1032.4590  1032.4573     4.6637     0.0966     0.1176    34.5585    34.5567    7.92728         24 0.0000e+00
   1009.000    996.140     0.5198  29.599273     0.5221  29.599877     4.5070     4.6144     0.1916    98.4566 1.0000e-12  -74.11678 -115.73140  53.339517      99.90 1.9190e+01   1297.283      31136  1032.4636  1032.4620     4.6706     0.1167     0.1133    34.5587    34.5568    7.92722         24 0.0000e+00
   1010.000    997.127     0.5198  29.599821     0.5224  29.600438     4.5036     4.6093     0.1775    98.5791 1.0000e-12  -74.11678 -115.73142  53.339529      99.90 2.1538e+01   1298.278      31160  1032.4683  1032.4665     4.6764     0.0872     0.1113    34.5588    34.5567    7.92721         24 0.0000e+00
   1011.000    998.110     0.5205  29.600833     0.5228  29.601413     4.4979     4.6133     0.1190    98.6351 1.0000e-12  -74.11678 -115.73140  53.339540      99.90 1.7553e+01   1299.271      31184  1032.4729  1032.4713     4.6791     0.0881     0.1117    34.5588    34.5569    7.92707         24 0.0000e+00
   1012.000    999.096     0.5208  29.601490     0.5233  29.602328     4.5074     4.6126     0.0557    98.2374 1.0000e-12  -74.11678 -115.73142  53.339552      99.90 1.9678e+01   1300.267      31207  1032.4775  1032.4760     4.6602     0.0810     0.1106    34.5587    34.5571    7.92700         24 0.0000e+00
   1013.000   1000.079     0.5205  29.601672     0.5228  29.602354     4.5059     4.6155     0.0522    98.3388 1.0000e-12  -74.11678 -115.73140  53.339563      99.91 2.1644e+01   1301.258      31231  1032.4822  1032.4806     4.6650     0.0794     0.1108    34.5587    34.5570    7.92706         24 0.0000e+00
   1014.000   1001.065     0.5208  29.602441     0.5234  29.603280     4.5069     4.6120     0.0745    98.4460 1.0000e-12  -74.11678 -115.73142  53.339575      99.89 1.7634e+01   1302.249      31255  1032.4869  1032.4853     4.6703     0.0918     0.1111    34.5588    34.5571    7.92700         23 0.0000e+00
   1015.000   1002.049     0.5211  29.603133     0.5233  29.603726     4.5096     4.6070     0.1469    98.6707 1.0000e-12  -74.11678 -115.73140  53.339586      70.92 1.9336e+01   1303.239      31279  1032.4915  1032.4900     4.6806     0.0777     0.1105    34.5588    34.5572    7.92693         24 0.0000e+00
   1016.000   1003.034     0.5217  29.604243     0.5241  29.604871     4.5026     4.6065     0.0535    98.6243 1.0000e-12  -74.11678 -115.73140  53.339598      78.84 2.1451e+01   1304.230      31303  1032.4962  1032.4946     4.6786     0.0803     0.1098    34.5590    34.5572    7.92680         24 0.0000e+00
   1017.000   1004.020     0.5223  29.605149     0.5246  29.605829     4.5073     4.6108     0.0627    98.5998 1.0000e-12  -74.11678 -115.73140  53.339609      91.00 1.7867e+01   1305.224      31326  1032.5008  1032.4993     4.6774     0.0836     0.1099    34.5590    34.5573    7.92669         24 0.0000e+00
   1018.000   1005.004     0.5225  29.605825     0.5251  29.606665     4.5062     4.6128     0.0508    98.5848 1.0000e-12  -74.11678 -115.73142  53.339621      99.95 1.9248e+01   1306.215      31350  1032.5055  1032.5039     4.6767     0.0786     0.1104    34.5591    34.5573    7.92664         23 0.0000e+00
   1019.000   1005.989     0.5225  29.606139     0.5247  29.606754     4.5108     4.6091     0.0376    98.5934 1.0000e-12  -74.11678 -115.73142  53.339632      99.90 2.2002e+01   1307.202      31374  1032.5101  1032.5086     4.6771     0.0758     0.1100    34.5590    34.5573    7.92665         24 0.0000e+00
   1020.000   1006.974     0.5216  29.605833     0.5240  29.606564     4.5077     4.6118     0.0362    98.5705 1.0000e-12  -74.11678 -115.73142  53.339644      99.90 1.7885e+01   1308.197      31398  1032.5149  1032.5133     4.6760     0.0783     0.1105    34.5590    34.5572    7.92683         24 0.0000e+00
   1021.000   1007.959     0.5215  29.606187     0.5239  29.606929     4.5033     4.6096     0.0411    98.4979 1.0000e-12  -74.11678 -115.73142  53.339655      99.90 1.9316e+01   1309.186      31421  1032.5196  1032.5180     4.6726     0.0795     0.1096    34.5590    34.5573    7.92686         24 0.0000e+00
   1022.000   1008.944     0.5210  29.606335     0.5234  29.606977     4.5020     4.6056     0.0442    98.5255 1.0000e-12  -74.11678 -115.73142  53.339666      99.90 2.1797e+01   1310.180      31445  1032.5243  1032.5227     4.6739     0.1056     0.1179    34.5591    34.5573    7.92693         24 0.0000e+00
   1023.000   1009.928     0.5211  29.606777     0.5234  29.607524     4.5053     4.6086     0.0933    98.5256 1.0000e-12  -74.11678 -115.73142  53.339678      99.90 1.7757e+01   1311.173      31469  1032.5290  1032.5275     4.6739     0.0815     0.1104    34.5591    34.5575    7.92693         23 0.0000e+00
   1024.000   1010.915     0.5210  29.607229     0.5235  29.608006     4.5063     4.6106     0.2649    98.4876 1.0000e-12  -74.11678 -115.73142  53.339689      99.90 1.8594e+01   1312.159      31493  1032.5337  1032.5321     4.6721     0.0780     0.1109    34.5592    34.5574    7.92693         24 0.0000e+00
   1025.000   1011.896     0.5214  29.607976     0.5237  29.608633     4.5115     4.6086     0.0782    98.5898 1.0000e-12  -74.11678 -115.73142  53.339701      99.90 2.2063e+01   1313.154      31517  1032.5383  1032.5367     4.6770     0.0772     0.1100    34.5591    34.5574    7.92685         24 0.0000e+00
   1026.000   1012.883     0.5221  29.609016     0.5244  29.609729     4.5097     4.6092     0.0729    98.6104 1.0000e-12  -74.11678 -115.73142  53.339712      99.90 1.8147e+01   1314.145      31540  1032.5429  1032.5413     4.6779     0.0780     0.1100    34.5592    34.5575    7.92672         24 0.0000e+00
   1027.000   1013.868     0.5222  29.609497     0.5245  29.610261     4.5011     4.6102     0.0587    98.5998 1.0000e-12  -74.11678 -115.73142  53.339724      99.90 1.8506e+01   1315.134      31564  1032.5475  1032.5460     4.6774     0.0851     0.1149    34.5592    34.5576    7.92670         24 0.0000e+00
   1028.000   1014.852     0.5222  29.609982     0.5245  29.610712     4.4981     4.6008     0.0563    98.6006 1.0000e-12  -74.11678 -115.73142  53.339735      99.65 2.1755e+01   1316.121      31588  1032.5522  1032.5507     4.6774     0.0843     0.1280    34.5593    34.5576    7.92670         23 0.0000e+00
   1029.000   1015.837     0.5223  29.610543     0.5246  29.611271     4.5001     4.6008     0.0579    98.5760 1.0000e-12  -74.11678 -115.73142  53.339747      74.58 1.8048e+01   1317.110      31612  1032.5568  1032.5554     4.6763     0.0761     0.1111    34.5592    34.5577    7.92666         24 0.0000e+00
   1030.000   1016.822     0.5224  29.611159     0.5248  29.611767     4.5054     4.6075     0.0431    98.6419 1.0000e-12  -74.11678 -115.73142  53.339758      88.77 1.8361e+01   1318.094      31635  1032.5616  1032.5599     4.6794     0.0839     0.1132    34.5594    34.5576    7.92664         24 0.0000e+00
   1031.000   1017.806     0.5224  29.611553     0.5248  29.612323     4.5119     4.6076     0.0528    98.6755 1.0000e-12  -74.11678 -115.73142  53.339769      92.36 2.1377e+01   1319.081      31659  1032.5662  1032.5646     4.6810     0.0875     0.1130    34.5593    34.5577    7.92664         23 0.0000e+00
   1032.000   1018.791     0.5225  29.612054     0.5248  29.612739     4.5071     4.6059     0.0667    98.6639 1.0000e-12  -74.11678 -115.73142  53.339781     100.02 1.8094e+01   1320.077      31683  1032.5709  1032.5693     4.6805     0.0808     0.1105    34.5594    34.5577    7.92663         24 0.0000e+00
   1033.000   1019.776     0.5225  29.612541     0.5248  29.613207     4.5031     4.6002     0.0402    98.6337 1.0000e-12  -74.11678 -115.73142  53.339793      99.90 1.8292e+01   1321.073      31707  1032.5755  1032.5740     4.6790     0.0789     0.1124    34.5594    34.5577    7.92662         24 0.0000e+00
   1034.000   1020.762     0.5226  29.613059     0.5249  29.613702     4.4995     4.6069     0.0439    98.6470 1.0000e-12  -74.11678 -115.73142  53.339804      99.91 1.9843e+01   1322.069      31731  1032.5802  1032.5786     4.6796     0.0801     0.1121    34.5594    34.5577    7.92660         24 0.0000e+00
   1035.000   1021.745     0.5225  29.613542     0.5250  29.614192     4.5074     4.6014     0.0661    98.6083 1.0000e-12  -74.11678 -115.73142  53.339815      99.90 1.7851e+01   1323.061      31754  1032.5849  1032.5833     4.6778     0.0818     0.1102    34.5595    34.5577    7.92660         24 0.0000e+00
   1036.000   1022.731     0.5226  29.614009     0.5250  29.614799     4.5019     4.6006     0.0802    98.6622 1.0000e-12  -74.11678 -115.73142  53.339827      99.07 1.7629e+01   1324.043      31778  1032.5896  1032.5880     4.6804     0.0753     0.1112    34.5596    34.5579    7.92660         23 0.0000e+00
