ocean_section_plots/required_files/ctd/dnbp2202_ctd021.cnv
* Sea-Bird SBE 9 Data File:
* FileName = D:\Data\raw\NBP2202_TMC021.hex
* Software Version Seasave V 7.26.7.121
* Temperature SN = 1649
* Conductivity SN = 2513
* Number of Bytes Per Scan = 40
* Number of Voltage Words = 5
* Number of Scans Averaged by the Deck Unit = 1
* NMEA Latitude = 74 12.94 S
* NMEA Longitude = 112 12.34 W
* NMEA UTC (Time) = Jan 19 2022  19:57:19
* NMEA baud rate = 9600
** Ship: RVIB N.B. Palmer
** Cruise: NBP2202 Thwaites
** Station: 13
** Operator: A. Robinson
** Glider calibration cast
# nquan = 25
# nvalues = 962                         
# units = specified
# name 0 = prDM: Pressure, Digiquartz [db]
# name 1 = depSM: Depth [salt water, m]
# name 2 = t090C: Temperature [ITS-90, deg C]
# name 3 = c0mS/cm: Conductivity [mS/cm]
# name 4 = t190C: Temperature, 2 [ITS-90, deg C]
# name 5 = c1mS/cm: Conductivity, 2 [mS/cm]
# name 6 = sbeox0ML/L: Oxygen, SBE 43 [ml/l]
# name 7 = sbeox1ML/L: Oxygen, SBE 43, 2 [ml/l]
# name 8 = flECO-AFL: Fluorescence, WET Labs ECO-AFL/FL [mg/m^3]
# name 9 = CStarTr0: Beam Transmission, WET Labs C-Star [%]
# name 10 = par: PAR/Irradiance, Biospherical/Licor
# name 11 = latitude: Latitude [deg]
# name 12 = longitude: Longitude [deg]
# name 13 = timeJ: Julian Days
# name 14 = altM: Altimeter [m]
# name 15 = spar: SPAR, Biospherical/Licor
# name 16 = timeS: Time, Elapsed [seconds]
# name 17 = scan: Scan Count
# name 18 = density00: Density [density, kg/m^3]
# name 19 = density11: Density, 2 [density, kg/m^3]
# name 20 = sal00: Salinity, Practical [PSU]
# name 21 = sal11: Salinity, Practical, 2 [PSU]
# name 22 = oxsolML/L: Oxygen Saturation, Garcia & Gordon [ml/l]
# name 23 = nbin: number of scans per bin
# name 24 = flag: flag
# span 0 =      2.000,    963.000       
# span 1 =      1.969,    950.828       
# span 2 =    -1.5386,     0.5120       
# span 3 =  27.079211,  29.566102       
# span 4 =    -1.5379,     0.5139       
# span 5 =  27.078869,  29.565838       
# span 6 =     4.5647,     7.8777       
# span 7 =     4.8245,     8.3172       
# span 8 =    -0.0163,    11.8747       
# span 9 =    80.2009,    98.3654       
# span 10 = -9.652e-06, 4.7904e+02      
# span 11 =  -74.21576,  -74.21576      
# span 12 = -112.20580, -112.20576      
# span 13 =  19.833992,  19.848899      
# span 14 =     -20.47,     100.54      
# span 15 = 8.2003e+02, 9.8557e+02      
# span 16 =    217.894,   1505.856      
# span 17 =       5230,      36142      
# span 18 =  1027.2000,  1032.2435      
# span 19 =  1027.2009,  1032.2414      
# span 20 =    33.8077,    34.5502      
# span 21 =    33.8095,    34.5476      
# span 22 =    7.92929,    8.40336      
# span 23 =          9,         46      
# span 24 = 0.0000e+00, 0.0000e+00      
# interval = decibars: 1                
# start_time = Jan 19 2022 19:57:19 [NMEA time, header]
# bad_flag = -9.990e-29
*END*
[from data line 696]
    698.000    689.613     0.3229  29.224490     0.3250  29.224133     4.6349     4.9069    -0.0020    98.2156 1.0000e-12  -74.21576 -112.20577  19.844510      85.69 8.3816e+02   1126.674      27041  1030.9542  1030.9517    34.4663    34.4634    7.97288         32 0.0000e+00
    699.000    690.600     0.3228  29.224925     0.3249  29.224488     4.6365     4.9083     0.0015    98.2063 1.0000e-12  -74.21576 -112.20577  19.844526      91.78 8.3868e+02   1128.046      27074  1030.9589  1030.9565    34.4663    34.4635    7.97288         31 0.0000e+00
    700.000    691.586     0.3230  29.225529     0.3251  29.225094     4.6397     4.9074     0.0033    98.1930 1.0000e-12  -74.21576 -112.20578  19.844542      80.94 8.3856e+02   1129.440      27108  1030.9636  1030.9611    34.4664    34.4634    7.97285         34 0.0000e+00
    701.000    692.572     0.3247  29.228478     0.3269  29.228074     4.6418     4.9071    -0.0064    98.1595 1.0000e-12  -74.21576 -112.20578  19.844558      99.84 8.3732e+02   1130.834      27141  1030.9692  1030.9667    34.4677    34.4647    7.97242         33 0.0000e+00
    702.000    693.559     0.3255  29.229916     0.3276  29.229486     4.6375     4.9086     0.0038    98.2266 1.0000e-12  -74.21576 -112.20578  19.844574      99.83 8.3732e+02   1132.208      27174  1030.9742  1030.9717    34.4681    34.4652    7.97223         33 0.0000e+00
    703.000    694.544     0.3271  29.232680     0.3291  29.231993     4.6374     4.9091    -0.0071    98.2360 1.0000e-12  -74.21576 -112.20578  19.844590      99.84 8.3714e+02   1133.619      27208  1030.9798  1030.9771    34.4694    34.4662    7.97183         32 0.0000e+00
    704.000    695.532     0.3296  29.236939     0.3314  29.236031     4.6353     4.9100     0.0073    98.2376 1.0000e-12  -74.21576 -112.20578  19.844607      99.83 8.3570e+02   1135.013      27241  1030.9860  1030.9833    34.4716    34.4684    7.97120         33 0.0000e+00
    705.000    696.517     0.3303  29.238367     0.3326  29.238304     4.6380     4.9094    -0.0024    98.2266 1.0000e-12  -74.21576 -112.20578  19.844623      99.83 8.3588e+02   1136.383      27274  1030.9911  1030.9887    34.4722    34.4694    7.97102         33 0.0000e+00
    706.000    697.503     0.3314  29.240189     0.3335  29.239686     4.6363     4.9119     0.0000    98.1980 1.0000e-12  -74.21576 -112.20578  19.844639      99.84 8.3545e+02   1137.790      27308  1030.9961  1030.9936    34.4727    34.4697    7.97075         33 0.0000e+00
    707.000    698.490     0.3327  29.242422     0.3348  29.241838     4.6399     4.9067     0.0035    98.2356 1.0000e-12  -74.21576 -112.20578  19.844655      99.84 8.3333e+02   1139.193      27342  1031.0014  1030.9987    34.4736    34.4705    7.97044         33 0.0000e+00
    708.000    699.476     0.3341  29.244314     0.3362  29.243931     4.6344     4.8994    -0.0003    98.2291 1.0000e-12  -74.21576 -112.20578  19.844671      92.39 8.3399e+02   1140.562      27374  1031.0062  1031.0037    34.4739    34.4710    7.97013         33 0.0000e+00
    709.000    700.463     0.3349  29.245784     0.3371  29.245380     4.6358     4.9035    -0.0072    98.2414 1.0000e-12  -74.21576 -112.20578  19.844687      98.74 8.3336e+02   1141.953      27408  1031.0112  1031.0087    34.4744    34.4714    7.96994         33 0.0000e+00
    710.000    701.448     0.3360  29.247356     0.3381  29.246907     4.6378     4.9045    -0.0005    98.2494 1.0000e-12  -74.21576 -112.20578  19.844703      99.84 8.3255e+02   1143.350      27441  1031.0160  1031.0136    34.4746    34.4718    7.96970         33 0.0000e+00
    711.000    702.435     0.3372  29.249362     0.3394  29.249194     4.6337     4.9071    -0.0004    98.2376 1.0000e-12  -74.21576 -112.20578  19.844719      99.84 8.3208e+02   1144.703      27474  1031.0212  1031.0188    34.4753    34.4726    7.96941         33 0.0000e+00
    712.000    703.422     0.3379  29.250826     0.3400  29.250335     4.6375     4.8980    -0.0010    98.2474 1.0000e-12  -74.21576 -112.20578  19.844735      99.84 8.3223e+02   1146.083      27507  1031.0263  1031.0238    34.4759    34.4729    7.96923         34 0.0000e+00
    713.000    704.408     0.3380  29.251230     0.3401  29.250886     4.6365     4.9017    -0.0077    98.1687 1.0000e-12  -74.21576 -112.20578  19.844751      99.83 8.3133e+02   1147.503      27541  1031.0308  1031.0285    34.4757    34.4730    7.96922         33 0.0000e+00
    714.000    705.394     0.3394  29.253701     0.3413  29.252879     4.6335     4.9057    -0.0013    98.2222 1.0000e-12  -74.21576 -112.20578  19.844767      99.83 8.3149e+02   1148.882      27574  1031.0363  1031.0336    34.4768    34.4736    7.96887         33 0.0000e+00
    715.000    706.380     0.3435  29.259350     0.3456  29.259039     4.6360     4.8998    -0.0042    98.2587 1.0000e-12  -74.21576 -112.20578  19.844783      99.83 8.3070e+02   1150.253      27607  1031.0424  1031.0400    34.4791    34.4763    7.96790         33 0.0000e+00
    716.000    707.367     0.3439  29.260148     0.3459  29.259770     4.6367     4.9009    -0.0030    98.2431 1.0000e-12  -74.21576 -112.20578  19.844799      99.84 8.3032e+02   1151.642      27640  1031.0471  1031.0447    34.4791    34.4763    7.96782         34 0.0000e+00
    717.000    708.353     0.3437  29.260322     0.3457  29.259991     4.6343     4.9030     0.0040    98.2019 1.0000e-12  -74.21576 -112.20578  19.844815      83.39 8.3032e+02   1153.035      27674  1031.0517  1031.0494    34.4790    34.4763    7.96786         33 0.0000e+00
    718.000    709.339     0.3439  29.261139     0.3462  29.260914     4.6393     4.9051    -0.0054    98.2500 1.0000e-12  -74.21576 -112.20578  19.844831      97.06 8.2979e+02   1154.420      27707  1031.0566  1031.0542    34.4792    34.4764    7.96780         34 0.0000e+00
    719.000    710.325     0.3444  29.262180     0.3465  29.261847     4.6389     4.9043    -0.0045    98.2382 1.0000e-12  -74.21576 -112.20578  19.844847      99.82 8.2938e+02   1155.808      27740  1031.0614  1031.0590    34.4794    34.4767    7.96769         32 0.0000e+00
    720.000    711.311     0.3448  29.263142     0.3470  29.262705     4.6387     4.9021    -0.0093    98.2234 1.0000e-12  -74.21576 -112.20578  19.844863      99.84 8.2876e+02   1157.171      27773  1031.0662  1031.0638    34.4796    34.4767    7.96759         33 0.0000e+00
    721.000    712.297     0.3450  29.263637     0.3470  29.263285     4.6369     4.9046    -0.0011    98.2276 1.0000e-12  -74.21576 -112.20578  19.844879      99.84 8.2866e+02   1158.569      27807  1031.0709  1031.0685    34.4796    34.4768    7.96757         35 0.0000e+00
    722.000    713.284     0.3450  29.264113     0.3470  29.263709     4.6352     4.9083    -0.0070    98.2317 1.0000e-12  -74.21576 -112.20578  19.844896      99.83 8.2855e+02   1159.971      27840  1031.0756  1031.0733    34.4796    34.4768    7.96757         32 0.0000e+00
    723.000    714.270     0.3452  29.264877     0.3473  29.264516     4.6410     4.9059    -0.0113    98.2421 1.0000e-12  -74.21576 -112.20579  19.844911      99.83 8.2855e+02   1161.306      27872  1031.0804  1031.0780    34.4797    34.4769    7.96750         32 0.0000e+00
    724.000    715.257     0.3453  29.265392     0.3473  29.264958     4.6418     4.8977    -0.0025    98.1781 1.0000e-12  -74.21576 -112.20579  19.844927      99.84 8.2835e+02   1162.667      27905  1031.0851  1031.0827    34.4798    34.4770    7.96749         34 0.0000e+00
    725.000    716.242     0.3454  29.265749     0.3475  29.265434     4.6344     4.9010    -0.0023    98.2554 1.0000e-12  -74.21576 -112.20579  19.844943      99.84 8.2788e+02   1164.094      27939  1031.0897  1031.0873    34.4796    34.4768    7.96749         34 0.0000e+00
    726.000    717.229     0.3456  29.266607     0.3476  29.266117     4.6381     4.9044    -0.0057    98.2607 1.0000e-12  -74.21576 -112.20579  19.844959      99.84 8.2689e+02   1165.494      27973  1031.0945  1031.0921    34.4799    34.4771    7.96742         32 0.0000e+00
    727.000    718.215     0.3456  29.267003     0.3477  29.266683     4.6365     4.9050     0.0085    98.2559 1.0000e-12  -74.21576 -112.20579  19.844975      91.53 8.2695e+02   1166.857      28006  1031.0992  1031.0969    34.4798    34.4771    7.96742         34 0.0000e+00
    728.000    719.202     0.3458  29.267586     0.3478  29.267355     4.6384     4.9056    -0.0106    98.2507 1.0000e-12  -74.21576 -112.20578  19.844991      97.23 8.2592e+02   1168.262      28039  1031.1039  1031.1016    34.4798    34.4773    7.96739         34 0.0000e+00
    729.000    720.187     0.3459  29.268383     0.3481  29.267980     4.6314     4.9062    -0.0035    98.2500 1.0000e-12  -74.21576 -112.20578  19.845008      99.85 8.2524e+02   1169.672      28073  1031.1088  1031.1063    34.4801    34.4772    7.96734         33 0.0000e+00
    730.000    721.174     0.3465  29.269665     0.3486  29.269299     4.6371     4.9068    -0.0129    98.2134 1.0000e-12  -74.21576 -112.20578  19.845024      99.84 8.2526e+02   1171.068      28107  1031.1138  1031.1113    34.4806    34.4777    7.96720         34 0.0000e+00
    731.000    722.160     0.3473  29.271438     0.3494  29.271035     4.6376     4.9073    -0.0000    98.2428 1.0000e-12  -74.21576 -112.20578  19.845040      99.84 8.2503e+02   1172.450      28140  1031.1190  1031.1166    34.4814    34.4786    7.96698         33 0.0000e+00
    732.000    723.146     0.3478  29.272506     0.3498  29.272143     4.6346     4.9048    -0.0067    98.2614 1.0000e-12  -74.21576 -112.20578  19.845056      99.83 8.2503e+02   1173.810      28172  1031.1240  1031.1216    34.4817    34.4790    7.96687         33 0.0000e+00
    733.000    724.133     0.3483  29.273683     0.3504  29.273405     4.6364     4.8992    -0.0005    98.2012 1.0000e-12  -74.21576 -112.20578  19.845072      99.83 8.2493e+02   1175.215      28206  1031.1289  1031.1266    34.4821    34.4794    7.96674         34 0.0000e+00
    734.000    725.118     0.3485  29.274228     0.3504  29.273820     4.6381     4.8996    -0.0004    98.2358 1.0000e-12  -74.21576 -112.20578  19.845089      99.84 8.2476e+02   1176.648      28241  1031.1335  1031.1312    34.4820    34.4794    7.96671         33 0.0000e+00
    735.000    726.104     0.3498  29.277019     0.3519  29.276518     4.6348     4.9027    -0.0004    98.2142 1.0000e-12  -74.21576 -112.20578  19.845104      99.84 8.2338e+02   1177.996      28273  1031.1393  1031.1367    34.4836    34.4806    7.96634         33 0.0000e+00
    736.000    727.090     0.3517  29.279979     0.3537  29.279417     4.6379     4.9046    -0.0006    98.2291 1.0000e-12  -74.21576 -112.20578  19.845120      87.70 8.2387e+02   1179.341      28305  1031.1448  1031.1422    34.4848    34.4818    7.96589         32 0.0000e+00
    737.000    728.077     0.3522  29.280999     0.3544  29.280714     4.6341     4.9042    -0.0008    98.2447 1.0000e-12  -74.21576 -112.20578  19.845136      94.43 8.2421e+02   1180.743      28339  1031.1496  1031.1472    34.4850    34.4822    7.96577         34 0.0000e+00
    738.000    729.062     0.3528  29.282265     0.3550  29.282008     4.6401     4.9037     0.0033    98.2397 1.0000e-12  -74.21576 -112.20578  19.845152      99.89 8.2337e+02   1182.116      28372  1031.1545  1031.1522    34.4854    34.4827    7.96563         32 0.0000e+00
    739.000    730.049     0.3530  29.282973     0.3551  29.282633     4.6334     4.9061    -0.0048    98.2585 1.0000e-12  -74.21576 -112.20578  19.845167      99.84 8.2396e+02   1183.452      28404  1031.1593  1031.1569    34.4855    34.4828    7.96557         31 0.0000e+00
    740.000    731.035     0.3532  29.283612     0.3554  29.283283     4.6315     4.9059     0.0060    98.2273 1.0000e-12  -74.21576 -112.20578  19.845183      99.83 8.2326e+02   1184.836      28437  1031.1640  1031.1615    34.4855    34.4827    7.96553         31 0.0000e+00
    741.000    732.021     0.3535  29.284384     0.3557  29.284020     4.6326     4.9049     0.0294    98.2269 1.0000e-12  -74.21576 -112.20578  19.845199      99.84 8.2327e+02   1186.215      28470  1031.1688  1031.1663    34.4857    34.4828    7.96547         32 0.0000e+00
    742.000    733.008     0.3538  29.285184     0.3559  29.284813     4.6337     4.9000    -0.0085    98.2219 1.0000e-12  -74.21576 -112.20578  19.845215      99.83 8.2327e+02   1187.548      28502  1031.1735  1031.1712    34.4858    34.4830    7.96539         33 0.0000e+00
    743.000    733.993     0.3540  29.285910     0.3562  29.285601     4.6357     4.9015    -0.0048    98.2581 1.0000e-12  -74.21576 -112.20578  19.845231      99.84 8.2327e+02   1188.927      28535  1031.1783  1031.1759    34.4859    34.4831    7.96534         33 0.0000e+00
    744.000    734.980     0.3547  29.287110     0.3570  29.287171     4.6348     4.8982     0.0041    98.2508 1.0000e-12  -74.21576 -112.20578  19.845247      99.83 8.2327e+02   1190.305      28568  1031.1832  1031.1809    34.4862    34.4836    7.96519         33 0.0000e+00
    745.000    735.966     0.3559  29.289160     0.3582  29.289099     4.6370     4.9020    -0.0047    98.2398 1.0000e-12  -74.21576 -112.20578  19.845262      84.25 8.2327e+02   1191.646      28600  1031.1883  1031.1860    34.4869    34.4844    7.96490         32 0.0000e+00
    746.000    736.952     0.3563  29.290076     0.3586  29.290120     4.6373     4.9031     0.0027    98.2336 1.0000e-12  -74.21576 -112.20578  19.845278      83.04 8.2327e+02   1193.006      28633  1031.1931  1031.1909    34.4871    34.4846    7.96480         33 0.0000e+00
    747.000    737.938     0.3572  29.291803     0.3595  29.291576     4.6356     4.9034     0.0042    98.2587 1.0000e-12  -74.21576 -112.20578  19.845294      97.68 8.2327e+02   1194.378      28666  1031.1982  1031.1958    34.4878    34.4850    7.96458         33 0.0000e+00
    748.000    738.924     0.3591  29.294446     0.3610  29.294045     4.6320     4.9041    -0.0079    98.2695 1.0000e-12  -74.21576 -112.20578  19.845310      99.83 8.2327e+02   1195.750      28699  1031.2034  1031.2011    34.4886    34.4859    7.96416         33 0.0000e+00
    749.000    739.910     0.3593  29.295330     0.3615  29.295005     4.6370     4.9002    -0.0083    98.2536 1.0000e-12  -74.21576 -112.20578  19.845326      99.83 8.2327e+02   1197.152      28733  1031.2083  1031.2059    34.4889    34.4861    7.96408         35 0.0000e+00
    750.000    740.896     0.3594  29.295838     0.3615  29.295506     4.6351     4.9010    -0.0089    98.2603 1.0000e-12  -74.21576 -112.20578  19.845342      99.84 8.2327e+02   1198.531      28766  1031.2130  1031.2106    34.4889    34.4861    7.96406         31 0.0000e+00
    751.000    741.882     0.3595  29.296349     0.3616  29.296006     4.6383     4.9018     0.0024    98.2548 1.0000e-12  -74.21576 -112.20578  19.845357      99.83 8.2278e+02   1199.862      28798  1031.2176  1031.2153    34.4889    34.4861    7.96405         33 0.0000e+00
    752.000    742.868     0.3596  29.296824     0.3617  29.296578     4.6356     4.9012    -0.0010    98.2586 1.0000e-12  -74.21576 -112.20578  19.845373      99.83 8.2237e+02   1201.226      28830  1031.2223  1031.2200    34.4889    34.4861    7.96404         33 0.0000e+00
    753.000    743.854     0.3597  29.297405     0.3618  29.297110     4.6412     4.9079    -0.0034    98.2679 1.0000e-12  -74.21576 -112.20578  19.845389      99.83 8.2238e+02   1202.599      28863  1031.2271  1031.2247    34.4889    34.4862    7.96401         32 0.0000e+00
    754.000    744.840     0.3594  29.297422     0.3613  29.296962     4.6362     4.9019    -0.0130    98.2471 1.0000e-12  -74.21576 -112.20578  19.845405      99.84 8.2193e+02   1203.950      28896  1031.2317  1031.2293    34.4887    34.4859    7.96409         33 0.0000e+00
