ocean_section_plots/required_files/ctd/dnbp2202_ctd248.cnv
* Sea-Bird SBE 9 Data File:
* FileName = D:\Data\raw\NBP2202_CTD248.hex
* Software Version Seasave V 7.26.7.121
* Temperature SN = 1649
* Conductivity SN = 2513
* Number of Bytes Per Scan = 40
* Number of Voltage Words = 5
* Number of Scans Averaged by the Deck Unit = 1
* NMEA Latitude = 73 55.53 S
* NMEA Longitude = 118 47.20 W
* NMEA UTC (Time) = Feb 15 2022  06:07:30
* NMEA baud rate = 9600
** Ship: RVIB N.B. Palmer
** Cruise: NBP2202 Thwaites
** Station: 156
** Operator: B. Bjork
# nquan = 28
# nvalues = 1230                        
# units = specified
# name 0 = prDM: Pressure, Digiquartz [db]
# name 1 = depSM: Depth [salt water, m]
# name 2 = t090C: Temperature [ITS-90, deg C]
# name 3 = c0mS/cm: Conductivity [mS/cm]
# name 4 = t190C: Temperature, 2 [ITS-90, deg C]
# name 5 = c1mS/cm: Conductivity, 2 [mS/cm]
# name 6 = sbeox0ML/L: Oxygen, SBE 43 [ml/l]
# name 7 = sbeox1ML/L: Oxygen, SBE 43, 2 [ml/l]
# name 8 = flECO-AFL: Fluorescence, WET Labs ECO-AFL/FL [mg/m^3]
# name 9 = CStarTr0: Beam Transmission, WET Labs C-Star [%]
# name 10 = par: PAR/Irradiance, Biospherical/Licor
# name 11 = latitude: Latitude [deg]
# name 12 = longitude: Longitude [deg]
# name 13 = timeJ: Julian Days
# name 14 = altM: Altimeter [m]
# name 15 = spar: SPAR, Biospherical/Licor
# name 16 = timeS: Time, Elapsed [seconds]
# name 17 = scan: Scan Count
# name 18 = density00: Density [density, kg/m^3]
# name 19 = density11: Density, 2 [density, kg/m^3]
# name 20 = v3: Voltage 3
# name 21 = v4: Voltage 4
# name 22 = v5: Voltage 5
# name 23 = sal00: Salinity, Practical [PSU]
# name 24 = sal11: Salinity, Practical, 2 [PSU]
# name 25 = oxsolML/L: Oxygen Saturation, Garcia & Gordon [ml/l]
# name 26 = nbin: number of scans per bin
# name 27 = flag: flag
# span 0 =      2.000,   1231.000       
# span 1 =      1.973,   1214.680       
# span 2 =    -1.6758,     0.7412       
# span 3 =  26.992170,  29.898713       
# span 4 =    -1.6755,     0.7434       
# span 5 =  26.991997,  29.898988       
# span 6 =     4.5712,     9.0856       
# span 7 =     4.7021,     9.3719       
# span 8 =    -0.0247,    12.7744       
# span 9 =    82.2936,    97.1052       
# span 10 = -1.300e-05, 3.2989e+00      
# span 11 =  -73.92564,  -73.92562      
# span 12 = -118.78680, -118.78672      
# span 13 =  46.257385,  46.273768      
# span 14 =       5.19,     104.89      
# span 15 = 1.9374e+01, 2.4823e+01      
# span 16 =    188.101,   1603.557      
# span 17 =       4515,      38486      
# span 18 =  1027.1421,  1033.4875      
# span 19 =  1027.1403,  1033.4857      
# span 20 =     3.9042,     4.6065      
# span 21 =     0.0638,     2.0583      
# span 22 =     0.1120,     0.2118      
# span 23 =    33.7725,    34.5781      
# span 24 =    33.7721,    34.5761      
# span 25 =    7.88103,    8.43307      
# span 26 =         20,         57      
# span 27 = 0.0000e+00, 0.0000e+00      
# interval = decibars: 1                
# start_time = Feb 15 2022 06:07:30 [NMEA time, header]
# bad_flag = -9.990e-29
*END*
[from data line 984]
    986.000    973.496     0.6921  29.743837     0.6940  29.743963     4.6340     4.7368    -0.0156    97.0880 1.0000e-12  -73.92564 -118.78676  46.269926      99.89 2.0859e+01   1271.606      30520  1032.3485  1032.3468     4.6057     0.0696     0.1138    34.5676    34.5656    7.89157         24 0.0000e+00
    987.000    974.481     0.6920  29.744221     0.6943  29.744664     4.6282     4.7363    -0.0159    97.0828 1.0000e-12  -73.92564 -118.78676  46.269938      99.89 2.0171e+01   1272.620      30544  1032.3533  1032.3515     4.6054     0.0691     0.1152    34.5677    34.5657    7.89159         25 0.0000e+00
    988.000    975.466     0.6931  29.746171     0.6954  29.746311     4.6232     4.7438    -0.0144    97.0891 1.0000e-12  -73.92564 -118.78676  46.269950      99.89 2.1752e+01   1273.652      30569  1032.3583  1032.3563     4.6057     0.0685     0.1160    34.5684    34.5660    7.89132         24 0.0000e+00
    989.000    976.451     0.6958  29.749340     0.6972  29.748737     4.6331     4.7429    -0.0082    97.0429 1.0000e-12  -73.92564 -118.78676  46.269962      99.89 2.0946e+01   1274.695      30594  1032.3631  1032.3612     4.6036     0.0684     0.1149    34.5689    34.5667    7.89074         26 0.0000e+00
    990.000    977.437     0.6960  29.749941     0.6991  29.751134     4.6304     4.7379    -0.0156    97.0622 1.0000e-12  -73.92564 -118.78676  46.269974      99.90 1.9683e+01   1275.731      30619  1032.3678  1032.3660     4.6045     0.0693     0.1130    34.5689    34.5670    7.89070         24 0.0000e+00
    991.000    978.420     0.6993  29.754029     0.7026  29.755412     4.6245     4.7351    -0.0007    97.0776 1.0000e-12  -73.92564 -118.78676  46.269986      99.88 2.1577e+01   1276.750      30643  1032.3729  1032.3711     4.6052     0.0691     0.1204    34.5700    34.5682    7.88997         25 0.0000e+00
    992.000    979.406     0.6967  29.751478     0.6988  29.751688     4.6280     4.7330    -0.0004    97.0687 1.0000e-12  -73.92564 -118.78676  46.269997      99.89 2.1304e+01   1277.762      30667  1032.3771  1032.3753     4.6048     0.0684     0.1184    34.5690    34.5669    7.89055         24 0.0000e+00
    993.000    980.391     0.6985  29.754017     0.6990  29.752438     4.6260     4.7368    -0.0066    97.0652 1.0000e-12  -73.92564 -118.78676  46.270009      99.89 1.9738e+01   1278.796      30692  1032.3822  1032.3800     4.6047     0.0687     0.1151    34.5698    34.5671    7.89015         25 0.0000e+00
    994.000    981.377     0.7036  29.759887     0.7062  29.760626     4.6164     4.7386    -0.0024    97.0768 1.0000e-12  -73.92564 -118.78676  46.270021      99.89 2.1348e+01   1279.847      30717  1032.3874  1032.3855     4.6052     0.0690     0.1172    34.5712    34.5692    7.88904         26 0.0000e+00
    995.000    982.361     0.7046  29.761355     0.7068  29.761661     4.6338     4.7320    -0.0117    97.0725 1.0000e-12  -73.92564 -118.78676  46.270034      99.89 2.1575e+01   1280.902      30743  1032.3920  1032.3902     4.6050     0.0688     0.1158    34.5713    34.5693    7.88881         25 0.0000e+00
    996.000    983.346     0.7043  29.761389     0.7064  29.761551     4.6212     4.7350    -0.0106    97.0552 1.0000e-12  -73.92564 -118.78676  46.270046      72.20 1.9977e+01   1281.945      30768  1032.3966  1032.3948     4.6042     0.0668     0.1159    34.5712    34.5691    7.88889         25 0.0000e+00
    997.000    984.330     0.7041  29.761546     0.7065  29.762127     4.6237     4.7327    -0.0077    97.0719 1.0000e-12  -73.92564 -118.78676  46.270058      88.37 2.1156e+01   1282.980      30793  1032.4013  1032.3995     4.6050     0.0680     0.1168    34.5711    34.5691    7.88894         24 0.0000e+00
    998.000    985.316     0.7045  29.762374     0.7062  29.762298     4.6216     4.7330    -0.0042    97.0714 1.0000e-12  -73.92564 -118.78676  46.270070      97.72 2.1510e+01   1284.007      30817  1032.4059  1032.4042     4.6049     0.0707     0.1150    34.5711    34.5691    7.88885         25 0.0000e+00
    999.000    986.302     0.7047  29.763101     0.7070  29.763489     4.6242     4.7371    -0.0085    97.0724 1.0000e-12  -73.92564 -118.78676  46.270081      99.88 1.9688e+01   1285.034      30842  1032.4106  1032.4088     4.6050     0.0699     0.1159    34.5712    34.5692    7.88880         25 0.0000e+00
   1000.000    987.285     0.7052  29.763924     0.7074  29.764349     4.6238     4.7385    -0.0120    97.0694 1.0000e-12  -73.92564 -118.78676  46.270093      99.89 2.1209e+01   1286.072      30867  1032.4153  1032.4136     4.6048     0.0700     0.1149    34.5713    34.5694    7.88871         25 0.0000e+00
   1001.000    988.271     0.7052  29.764482     0.7072  29.764526     4.6373     4.7386    -0.0044    97.0496 1.0000e-12  -73.92564 -118.78676  46.270106      99.89 2.1722e+01   1287.133      30892  1032.4200  1032.4181     4.6039     0.0703     0.1143    34.5713    34.5692    7.88869         25 0.0000e+00
   1002.000    989.256     0.7044  29.764025     0.7064  29.763985     4.6099     4.7395    -0.0004    97.0712 1.0000e-12  -73.92564 -118.78676  46.270118      99.89 1.9643e+01   1288.198      30918  1032.4245  1032.4225     4.6049     0.0692     0.1149    34.5711    34.5689    7.88887         26 0.0000e+00
   1003.000    990.239     0.7038  29.763763     0.7061  29.764053     4.6345     4.7396    -0.0059    97.0622 1.0000e-12  -73.92564 -118.78676  46.270130      99.90 2.0871e+01   1289.238      30943  1032.4291  1032.4271     4.6045     0.0692     0.1154    34.5709    34.5687    7.88901         24 0.0000e+00
   1004.000    991.226     0.7057  29.766211     0.7078  29.766487     4.6228     4.7398    -0.0140    97.0663 1.0000e-12  -73.92564 -118.78676  46.270142      99.89 2.1734e+01   1290.269      30967  1032.4340  1032.4322     4.6047     0.0702     0.1155    34.5714    34.5694    7.88860         25 0.0000e+00
   1005.000    992.209     0.7060  29.766854     0.7082  29.767216     4.6120     4.7388    -0.0082    97.0537 1.0000e-12  -73.92564 -118.78676  46.270154      99.89 2.0067e+01   1291.311      30992  1032.4385  1032.4368     4.6041     0.0677     0.1157    34.5714    34.5694    7.88854         25 0.0000e+00
   1006.000    993.195     0.7061  29.767520     0.7084  29.767886     4.6269     4.7280    -0.0080    97.0561 1.0000e-12  -73.92564 -118.78676  46.270166      99.89 2.0888e+01   1292.360      31018  1032.4433  1032.4414     4.6042     0.0708     0.1164    34.5716    34.5694    7.88851         26 0.0000e+00
   1007.000    994.180     0.7065  29.768304     0.7087  29.768607     4.6346     4.7298    -0.0092    97.0697 1.0000e-12  -73.92564 -118.78676  46.270178      99.89 2.1374e+01   1293.394      31042  1032.4480  1032.4461     4.6049     0.0714     0.1156    34.5716    34.5695    7.88843         24 0.0000e+00
   1008.000    995.165     0.7063  29.768613     0.7085  29.768930     4.6254     4.7345    -0.0142    97.0631 1.0000e-12  -73.92564 -118.78676  46.270190      99.89 1.9876e+01   1294.423      31067  1032.4526  1032.4508     4.6046     0.0698     0.1186    34.5715    34.5696    7.88846         25 0.0000e+00
   1009.000    996.150     0.7070  29.769754     0.7091  29.769969     4.6052     4.7375    -0.0006    97.0673 1.0000e-12  -73.92564 -118.78676  46.270202      99.89 2.1021e+01   1295.465      31092  1032.4574  1032.4555     4.6047     0.0700     0.1162    34.5718    34.5697    7.88832         25 0.0000e+00
   1010.000    997.134     0.7079  29.771165     0.7102  29.771501     4.6236     4.7376    -0.0080    97.0640 1.0000e-12  -73.92564 -118.78676  46.270214      83.40 2.1566e+01   1296.530      31118  1032.4621  1032.4603     4.6046     0.0681     0.1149    34.5720    34.5700    7.88811         26 0.0000e+00
   1011.000    998.119     0.7084  29.772090     0.7107  29.772510     4.6353     4.7372    -0.0083    97.0571 1.0000e-12  -73.92564 -118.78676  46.270227      99.82 1.9875e+01   1297.599      31143  1032.4668  1032.4650     4.6043     0.0698     0.1159    34.5721    34.5701    7.88802         26 0.0000e+00
   1012.000    999.102     0.7084  29.772420     0.7106  29.772816     4.6224     4.7369    -0.0247    97.0558 1.0000e-12  -73.92564 -118.78676  46.270239      99.89 2.0797e+01   1298.657      31169  1032.4713  1032.4695     4.6042     0.0693     0.1156    34.5720    34.5700    7.88802         24 0.0000e+00
   1013.000   1000.090     0.7080  29.772519     0.7106  29.773184     4.6195     4.7366    -0.0167    97.0541 1.0000e-12  -73.92564 -118.78676  46.270251      99.89 2.1839e+01   1299.694      31194  1032.4760  1032.4742     4.6041     0.0708     0.1147    34.5719    34.5700    7.88809         26 0.0000e+00
   1014.000   1001.075     0.7077  29.772659     0.7098  29.772902     4.6164     4.7408    -0.0162    97.0547 1.0000e-12  -73.92564 -118.78676  46.270263      99.89 1.9848e+01   1300.721      31218  1032.4806  1032.4789     4.6042     0.0683     0.1160    34.5719    34.5699    7.88816         24 0.0000e+00
   1015.000   1002.060     0.7080  29.773308     0.7097  29.773211     4.6218     4.7288    -0.0098    97.0693 1.0000e-12  -73.92564 -118.78676  46.270275      99.89 2.0590e+01   1301.748      31243  1032.4853  1032.4835     4.6048     0.0699     0.1159    34.5719    34.5698    7.88810         25 0.0000e+00
   1016.000   1003.043     0.7084  29.774207     0.7109  29.774834     4.6238     4.7326    -0.0080    97.0745 1.0000e-12  -73.92564 -118.78676  46.270287      99.89 2.2011e+01   1302.800      31268  1032.4900  1032.4881     4.6051     0.0694     0.1173    34.5720    34.5700    7.88801         25 0.0000e+00
   1017.000   1004.029     0.7090  29.775258     0.7112  29.775463     4.6238     4.7346    -0.0025    97.0533 1.0000e-12  -73.92564 -118.78676  46.270300      99.89 1.9641e+01   1303.881      31294  1032.4947  1032.4928     4.6041     0.0690     0.1152    34.5722    34.5701    7.88788         27 0.0000e+00
   1018.000   1005.014     0.7092  29.775876     0.7112  29.775986     4.6181     4.7344    -0.0060    97.0581 1.0000e-12  -73.92564 -118.78676  46.270312      99.89 2.0476e+01   1304.978      31320  1032.4992  1032.4975     4.6043     0.0705     0.1144    34.5721    34.5701    7.88783         26 0.0000e+00
   1019.000   1005.997     0.7097  29.776740     0.7120  29.777202     4.6128     4.7344    -0.0138    97.0591 1.0000e-12  -73.92564 -118.78676  46.270325      99.89 2.1719e+01   1306.042      31346  1032.5039  1032.5021     4.6044     0.0702     0.1129    34.5722    34.5702    7.88774         25 0.0000e+00
   1020.000   1006.984     0.7106  29.778172     0.7125  29.778147     4.6206     4.7277    -0.0105    97.0463 1.0000e-12  -73.92564 -118.78676  46.270336      99.89 1.9790e+01   1307.047      31370  1032.5087  1032.5069     4.6038     0.0701     0.1185    34.5725    34.5704    7.88754         24 0.0000e+00
   1021.000   1007.968     0.7120  29.780023     0.7141  29.780331     4.6249     4.7232    -0.0042    97.0767 1.0000e-12  -73.92564 -118.78676  46.270348      99.11 2.0615e+01   1308.038      31394  1032.5134  1032.5116     4.6052     0.0682     0.1147    34.5728    34.5708    7.88724         23 0.0000e+00
   1022.000   1008.952     0.7123  29.780679     0.7143  29.780907     4.6250     4.7280    -0.0040    97.0570 1.0000e-12  -73.92564 -118.78676  46.270360      87.90 2.1499e+01   1309.068      31419  1032.5180  1032.5163     4.6042     0.0667     0.1165    34.5728    34.5708    7.88719         26 0.0000e+00
   1023.000   1009.938     0.7114  29.780146     0.7135  29.780455     4.6087     4.7261    -0.0077    97.0534 1.0000e-12  -73.92564 -118.78676  46.270372      96.68 2.0377e+01   1310.161      31445  1032.5226  1032.5208     4.6041     0.0691     0.1161    34.5725    34.5705    7.88738         27 0.0000e+00
   1024.000   1010.922     0.7103  29.779471     0.7124  29.779745     4.6181     4.7219    -0.0077    97.0561 1.0000e-12  -73.92564 -118.78676  46.270385      99.90 2.1498e+01   1311.275      31472  1032.5272  1032.5254     4.6042     0.0696     0.1155    34.5723    34.5703    7.88762         26 0.0000e+00
   1025.000   1011.909     0.7111  29.780641     0.7131  29.780918     4.6207     4.7280    -0.0121    97.0694 1.0000e-12  -73.92564 -118.78676  46.270397      99.89 2.1578e+01   1312.339      31497  1032.5317  1032.5302     4.6048     0.0688     0.1146    34.5723    34.5705    7.88745         25 0.0000e+00
   1026.000   1012.892     0.7121  29.782435     0.7148  29.783247     4.6207     4.7277    -0.0156    97.0724 1.0000e-12  -73.92564 -118.78676  46.270409      99.89 1.9821e+01   1313.371      31522  1032.5368  1032.5350     4.6050     0.0685     0.1171    34.5730    34.5710    7.88721         25 0.0000e+00
   1027.000   1013.877     0.7133  29.784051     0.7154  29.784206     4.6246     4.7287    -0.0127    97.0624 1.0000e-12  -73.92564 -118.78676  46.270421      99.89 2.0712e+01   1314.394      31546  1032.5415  1032.5396     4.6045     0.0702     0.1178    34.5732    34.5711    7.88695         25 0.0000e+00
   1028.000   1014.863     0.7141  29.785219     0.7160  29.785263     4.6172     4.7302    -0.0062    97.0760 1.0000e-12  -73.92564 -118.78676  46.270433      99.89 2.1950e+01   1315.427      31571  1032.5461  1032.5443     4.6051     0.0695     0.1213    34.5733    34.5713    7.88679         24 0.0000e+00
   1029.000   1015.846     0.7135  29.785137     0.7155  29.785239     4.6220     4.7298    -0.0041    97.0661 1.0000e-12  -73.92564 -118.78676  46.270445      99.89 2.0012e+01   1316.474      31596  1032.5508  1032.5490     4.6047     0.0703     0.1153    34.5732    34.5712    7.88691         26 0.0000e+00
   1030.000   1016.832     0.7137  29.785802     0.7156  29.785723     4.6163     4.7312    -0.0118    97.0631 1.0000e-12  -73.92564 -118.78676  46.270458      99.89 2.0738e+01   1317.547      31622  1032.5555  1032.5536     4.6045     0.0705     0.1164    34.5733    34.5711    7.88686         26 0.0000e+00
   1031.000   1017.816     0.7138  29.786090     0.7160  29.786634     4.6175     4.7326    -0.0004    97.0700 1.0000e-12  -73.92564 -118.78676  46.270470      99.89 2.1833e+01   1318.646      31648  1032.5599  1032.5583     4.6049     0.0700     0.1151    34.5730    34.5713    7.88686         26 0.0000e+00
   1032.000   1018.801     0.7147  29.787569     0.7162  29.787240     4.6255     4.7335    -0.0030    97.0693 1.0000e-12  -73.92564 -118.78676  46.270483      99.89 1.9950e+01   1319.712      31674  1032.5648  1032.5630     4.6049     0.0702     0.1183    34.5734    34.5714    7.88666         25 0.0000e+00
   1033.000   1019.785     0.7147  29.788084     0.7161  29.787602     4.6174     4.7316    -0.0153    97.0590 1.0000e-12  -73.92564 -118.78676  46.270495      87.40 2.0789e+01   1320.731      31699  1032.5695  1032.5677     4.6043     0.0676     0.1171    34.5735    34.5713    7.88665         24 0.0000e+00
   1034.000   1020.772     0.7146  29.788334     0.7168  29.788714     4.6148     4.7313    -0.0150    97.0601 1.0000e-12  -73.92564 -118.78676  46.270506      81.10 2.2195e+01   1321.738      31723  1032.5741  1032.5723     4.6044     0.0686     0.1157    34.5734    34.5715    7.88668         25 0.0000e+00
   1035.000   1021.755     0.7135  29.787470     0.7158  29.787954     4.6279     4.7299    -0.0150    97.0550 1.0000e-12  -73.92564 -118.78676  46.270518      94.80 1.9976e+01   1322.782      31748  1032.5784  1032.5767     4.6042     0.0695     0.1152    34.5729    34.5710    7.88692         25 0.0000e+00
   1036.000   1022.741     0.7132  29.787590     0.7154  29.788000     4.6138     4.7322    -0.0153    97.0630 1.0000e-12  -73.92564 -118.78676  46.270531      99.91 2.0570e+01   1323.879      31774  1032.5831  1032.5814     4.6045     0.0695     0.1176    34.5729    34.5710    7.88699         27 0.0000e+00
