ocean_section_plots/required_files/ctd/dnbp2202_ctd122.cnv
* Sea-Bird SBE 9 Data File:
* FileName = D:\Data\raw\NBP2202_CTD122.hex
* Software Version Seasave V 7.26.7.121
* Temperature SN = 1649
* Conductivity SN = 2513
* Number of Bytes Per Scan = 40
* Number of Voltage Words = 5
* Number of Scans Averaged by the Deck Unit = 1
* NMEA Latitude = 74 10.52 S
* NMEA Longitude = 113 20.65 W
* NMEA UTC (Time) = Jan 27 2022  11:29:02
* NMEA baud rate = 9600
** Ship: RVIB N.B. Palmer
** Cruise: NBP2202 Thwaites
** Station: YoYo001
** Operator: B. Bjork
# nquan = 25
# nvalues = 607                         
# units = specified
# name 0 = prDM: Pressure, Digiquartz [db]
# name 1 = depSM: Depth [salt water, m]
# name 2 = t090C: Temperature [ITS-90, deg C]
# name 3 = c0mS/cm: Conductivity [mS/cm]
# name 4 = t190C: Temperature, 2 [ITS-90, deg C]
# name 5 = c1mS/cm: Conductivity, 2 [mS/cm]
# name 6 = sbeox0ML/L: Oxygen, SBE 43 [ml/l]
# name 7 = sbeox1ML/L: Oxygen, SBE 43, 2 [ml/l]
# name 8 = flECO-AFL: Fluorescence, WET Labs ECO-AFL/FL [mg/m^3]
# name 9 = CStarTr0: Beam Transmission, WET Labs C-Star [%]
# name 10 = par: PAR/Irradiance, Biospherical/Licor
# name 11 = latitude: Latitude [deg]
# name 12 = longitude: Longitude [deg]
# name 13 = timeJ: Julian Days
# name 14 = altM: Altimeter [m]
# name 15 = spar: SPAR, Biospherical/Licor
# name 16 = timeS: Time, Elapsed [seconds]
# name 17 = scan: Scan Count
# name 18 = density00: Density [density, kg/m^3]
# name 19 = density11: Density, 2 [density, kg/m^3]
# name 20 = sal00: Salinity, Practical [PSU]
# name 21 = sal11: Salinity, Practical, 2 [PSU]
# name 22 = oxsolML/L: Oxygen Saturation, Garcia & Gordon [ml/l]
# name 23 = nbin: number of scans per bin
# name 24 = flag: flag
# span 0 =     10.000,    616.000       
# span 1 =      9.895,    608.722       
# span 2 =    -1.4340,     0.0810       
# span 3 =  26.984259,  28.908262       
# span 4 =    -1.4340,     0.0822       
# span 5 =  26.983054,  28.908641       
# span 6 =     4.6858,     8.5891       
# span 7 =     4.7372,     8.3656       
# span 8 =    -0.0224,    25.8702       
# span 9 =    70.0757,    95.6202       
# span 10 = 1.0000e-12, 4.7133e+00      
# span 11 =  -74.17536,  -74.17536      
# span 12 = -113.34424, -113.34422      
# span 13 =  27.478928,  27.486627      
# span 14 =       7.99,      99.98      
# span 15 = 2.0097e+02, 2.2389e+02      
# span 16 =     37.345,    702.553      
# span 17 =        897,      16862      
# span 18 =  1027.2264,  1030.5166      
# span 19 =  1027.2248,  1030.5144      
# span 20 =    33.7923,    34.3799      
# span 21 =    33.7919,    34.3768      
# span 22 =    8.02804,    8.38977      
# span 23 =         20,         56      
# span 24 = 0.0000e+00, 0.0000e+00      
# interval = decibars: 1                
# start_time = Jan 27 2022 11:29:02 [NMEA time, header]
# bad_flag = -9.990e-29
*END*
[from data line 174]
    184.000    182.014    -1.2593  27.296101    -1.2575  27.295919     5.5102     5.5815    -0.0150    95.5902 1.0000e-12  -74.17536 -113.34423  27.481273      99.87 2.1507e+02    239.961       5760  1028.2109  1028.2090    33.9705    33.9682    8.34136         23 0.0000e+00
    185.000    183.005    -1.2588  27.297317    -1.2573  27.297007     5.5145     5.5813    -0.0150    95.6049 1.0000e-12  -74.17536 -113.34423  27.481284      99.87 2.1507e+02    240.929       5783  1028.2162  1028.2143    33.9710    33.9688    8.34123         23 0.0000e+00
    186.000    183.990    -1.2569  27.300494    -1.2552  27.300469     5.5182     5.5758    -0.0150    95.5855 1.0000e-12  -74.17536 -113.34423  27.481295      99.87 2.1507e+02    241.884       5806  1028.2221  1028.2204    33.9725    33.9705    8.34070         23 0.0000e+00
    187.000    184.982    -1.2563  27.301443    -1.2549  27.301059     5.5164     5.5752    -0.0150    95.5935 1.0000e-12  -74.17536 -113.34423  27.481306      99.87 2.1507e+02    242.835       5829  1028.2268  1028.2252    33.9725    33.9704    8.34056         23 0.0000e+00
    188.000    185.969    -1.2557  27.302599    -1.2540  27.302739     5.5079     5.5819    -0.0150    95.5946 1.0000e-12  -74.17536 -113.34423  27.481317      99.86 2.1507e+02    243.799       5852  1028.2319  1028.2304    33.9728    33.9710    8.34042         23 0.0000e+00
    189.000    186.959    -1.2551  27.303791    -1.2537  27.303386     5.5060     5.5694    -0.0150    95.5800 1.0000e-12  -74.17536 -113.34423  27.481328      99.87 2.1507e+02    244.756       5875  1028.2370  1028.2353    33.9732    33.9710    8.34027         23 0.0000e+00
    190.000    187.947    -1.2529  27.306729    -1.2504  27.307308     5.5094     5.5652    -0.0150    95.5767 1.0000e-12  -74.17536 -113.34423  27.481339      93.46 2.1507e+02    245.711       5898  1028.2425  1028.2406    33.9741    33.9720    8.33973         23 0.0000e+00
    191.000    188.935    -1.2469  27.312927    -1.2449  27.313010     5.5050     5.5668    -0.0126    95.5954 1.0000e-12  -74.17536 -113.34423  27.481350      92.16 2.1507e+02    246.679       5921  1028.2477  1028.2459    33.9751    33.9730    8.33832         24 0.0000e+00
    192.000    189.925    -1.2410  27.319502    -1.2389  27.319470     5.4772     5.5447    -0.0074    95.5947 1.0000e-12  -74.17536 -113.34423  27.481361      98.58 2.1507e+02    247.633       5944  1028.2536  1028.2515    33.9768    33.9744    8.33690         22 0.0000e+00
    193.000    190.914    -1.2385  27.322474    -1.2368  27.322348     5.4476     5.5344    -0.0077    95.5846 1.0000e-12  -74.17536 -113.34423  27.481372      99.85 2.1507e+02    248.578       5967  1028.2587  1028.2570    33.9774    33.9753    8.33630         23 0.0000e+00
    194.000    191.902    -1.2083  27.354187    -1.2089  27.350074     5.4196     5.5150    -0.0149    95.5702 1.0000e-12  -74.17536 -113.34423  27.481383      99.86 2.1507e+02    249.529       5990  1028.2685  1028.2646    33.9860    33.9811    8.32907         23 0.0000e+00
    195.000    192.890    -1.1899  27.370624    -1.1883  27.370584     5.4092     5.4893    -0.0150    95.5865 1.0000e-12  -74.17536 -113.34424  27.481394      99.86 2.1507e+02    250.480       6013  1028.2731  1028.2715    33.9871    33.9852    8.32492         22 0.0000e+00
    196.000    193.880    -1.1764  27.385311    -1.1803  27.378739     5.3762     5.4583    -0.0150    95.5902 1.0000e-12  -74.17536 -113.34422  27.481405      99.87 2.1507e+02    251.421       6035  1028.2805  1028.2771    33.9912    33.9866    8.32166         23 0.0000e+00
    197.000    194.868    -1.1427  27.417324    -1.1413  27.415983     5.3481     5.4240    -0.0109    95.5868 1.0000e-12  -74.17536 -113.34424  27.481416      99.87 2.1507e+02    252.373       6058  1028.2873  1028.2845    33.9963    33.9929    8.31388         23 0.0000e+00
    198.000    195.858    -1.1274  27.432522    -1.1215  27.435355     5.3313     5.4056    -0.0106    95.5790 1.0000e-12  -74.17536 -113.34424  27.481427      99.86 2.1507e+02    253.325       6081  1028.2937  1028.2910    33.9990    33.9962    8.31032         23 0.0000e+00
    199.000    196.845    -1.1002  27.458105    -1.0972  27.458493     5.3055     5.3926    -0.0147    95.6018 1.0000e-12  -74.17536 -113.34424  27.481438      99.87 2.1507e+02    254.272       6104  1028.2998  1028.2973    34.0026    33.9998    8.30408         22 0.0000e+00
    200.000    197.834    -1.0942  27.464168    -1.0920  27.463988     5.3033     5.3878    -0.0157    95.5742 1.0000e-12  -74.17536 -113.34424  27.481449      99.87 2.1453e+02    255.218       6126  1028.3052  1028.3029    34.0034    34.0007    8.30270         23 0.0000e+00
    201.000    198.823    -1.0884  27.470054    -1.0877  27.468402     5.3078     5.3780    -0.0224    95.5678 1.0000e-12  -74.17536 -113.34424  27.481460      99.87 2.1461e+02    256.165       6149  1028.3106  1028.3082    34.0043    34.0013    8.30136         23 0.0000e+00
    202.000    199.812    -1.0847  27.474072    -1.0816  27.474839     5.3064     5.3763    -0.0154    95.5631 1.0000e-12  -74.17536 -113.34424  27.481471      99.86 2.1443e+02    257.100       6171  1028.3160  1028.3139    34.0050    34.0025    8.30051         22 0.0000e+00
    203.000    200.800    -1.0825  27.476283    -1.0803  27.476249     5.3102     5.3791    -0.0150    95.5455 1.0000e-12  -74.17536 -113.34424  27.481482      99.86 2.1438e+02    258.036       6194  1028.3209  1028.3188    34.0049    34.0024    8.30003         23 0.0000e+00
    204.000    201.787    -1.0744  27.484985    -1.0726  27.484542     5.2923     5.3715    -0.0194    95.5186 1.0000e-12  -74.17536 -113.34424  27.481493      99.87 2.1443e+02    258.980       6217  1028.3271  1028.3249    34.0070    34.0043    8.29811         22 0.0000e+00
    205.000    202.779    -1.0718  27.488083    -1.0700  27.487637     5.2946     5.3580    -0.0192    95.5241 1.0000e-12  -74.17536 -113.34424  27.481504      93.03 2.1446e+02    259.915       6239  1028.3325  1028.3302    34.0076    34.0050    8.29749         23 0.0000e+00
    206.000    203.767    -1.0645  27.495968    -1.0624  27.495627     5.3161     5.3709    -0.0151    95.5384 1.0000e-12  -74.17536 -113.34424  27.481515      99.75 2.1453e+02    260.859       6262  1028.3385  1028.3362    34.0095    34.0067    8.29577         23 0.0000e+00
    207.000    204.755    -1.0614  27.500542    -1.0589  27.500864     5.3164     5.3758    -0.0150    95.5276 1.0000e-12  -74.17536 -113.34424  27.481526      99.86 2.1461e+02    261.817       6285  1028.3450  1028.3430    34.0116    34.0092    8.29496         23 0.0000e+00
    208.000    205.744    -1.0675  27.495266    -1.0655  27.495683     5.2814     5.3456    -0.0150    95.5027 1.0000e-12  -74.17536 -113.34424  27.481537      99.87 2.1428e+02    262.756       6307  1028.3498  1028.3483    34.0108    34.0091    8.29637         22 0.0000e+00
    209.000    206.732    -1.0732  27.492920    -1.0671  27.495371     5.2422     5.3217    -0.0217    95.5151 1.0000e-12  -74.17536 -113.34424  27.481547      99.87 2.1403e+02    263.689       6330  1028.3572  1028.3539    34.0134    34.0098    8.29748         22 0.0000e+00
    210.000    207.721    -1.0247  27.536177    -1.0169  27.540216     5.2343     5.3088    -0.0099    95.4971 1.0000e-12  -74.17536 -113.34424  27.481558      99.86 2.1408e+02    264.632       6352  1028.3616  1028.3584    34.0169    34.0135    8.28655         23 0.0000e+00
    211.000    208.710    -1.0093  27.549468    -1.0078  27.549067     5.2259     5.2863    -0.0074    95.5034 1.0000e-12  -74.17536 -113.34424  27.481569      99.86 2.1371e+02    265.565       6375  1028.3656  1028.3637    34.0169    34.0147    8.28315         22 0.0000e+00
    212.000    209.699    -1.0143  27.546262    -1.0146  27.543914     5.1879     5.2636    -0.0093    95.4972 1.0000e-12  -74.17536 -113.34424  27.481580      99.86 2.1392e+02    266.497       6397  1028.3716  1028.3694    34.0177    34.0148    8.28421         23 0.0000e+00
    213.000    210.687    -0.9871  27.573317    -0.9804  27.576062     5.1724     5.2510    -0.0143    95.4847 1.0000e-12  -74.17536 -113.34424  27.481591      99.87 2.1411e+02    267.437       6419  1028.3791  1028.3755    34.0231    34.0193    8.27790         22 0.0000e+00
    214.000    211.675    -0.9673  27.591633    -0.9650  27.591473     5.1638     5.2388    -0.0150    95.4643 1.0000e-12  -74.17536 -113.34424  27.481602      99.86 2.1362e+02    268.377       6442  1028.3843  1028.3819    34.0250    34.0222    8.27341         22 0.0000e+00
    215.000    212.665    -0.9647  27.594780    -0.9627  27.594480     5.1684     5.2398    -0.0222    95.4727 1.0000e-12  -74.17536 -113.34424  27.481612      99.86 2.1385e+02    269.302       6464  1028.3898  1028.3876    34.0258    34.0231    8.27280         23 0.0000e+00
    216.000    213.653    -0.9640  27.596186    -0.9617  27.596217     5.1678     5.2357    -0.0080    95.4600 1.0000e-12  -74.17536 -113.34424  27.481623      99.87 2.1355e+02    270.235       6487  1028.3952  1028.3930    34.0263    34.0237    8.27262         22 0.0000e+00
    217.000    214.641    -0.9586  27.602000    -0.9570  27.601255     5.1652     5.2257    -0.0183    95.4661 1.0000e-12  -74.17536 -113.34424  27.481634      99.86 2.1330e+02    271.169       6509  1028.4008  1028.3986    34.0274    34.0246    8.27136         22 0.0000e+00
    218.000    215.630    -0.9564  27.604622    -0.9533  27.605353     5.1569     5.2283    -0.0182    95.4692 1.0000e-12  -74.17536 -113.34424  27.481645      84.30 2.1331e+02    272.092       6531  1028.4061  1028.4038    34.0279    34.0253    8.27085         23 0.0000e+00
    219.000    216.619    -0.9518  27.609558    -0.9494  27.609407     5.1585     5.2277    -0.0169    95.4570 1.0000e-12  -74.17536 -113.34424  27.481656      92.14 2.1331e+02    273.032       6554  1028.4115  1028.4090    34.0288    34.0259    8.26979         23 0.0000e+00
    220.000    217.607    -0.9508  27.610794    -0.9493  27.609966     5.1555     5.2211    -0.0184    95.4461 1.0000e-12  -74.17536 -113.34424  27.481666      99.83 2.1331e+02    273.974       6576  1028.4164  1028.4140    34.0287    34.0259    8.26957         22 0.0000e+00
    221.000    218.596    -0.9496  27.612536    -0.9481  27.611763     5.1495     5.2164    -0.0069    95.4484 1.0000e-12  -74.17536 -113.34424  27.481677      99.87 2.1331e+02    274.904       6599  1028.4216  1028.4193    34.0292    34.0263    8.26928         22 0.0000e+00
    222.000    219.585    -0.9418  27.620879    -0.9406  27.619530     5.1398     5.2008    -0.0208    95.4401 1.0000e-12  -74.17536 -113.34424  27.481688      99.86 2.1331e+02    275.833       6621  1028.4275  1028.4249    34.0310    34.0278    8.26745         23 0.0000e+00
    223.000    220.573    -0.9297  27.633499    -0.9283  27.632114     5.1326     5.1866    -0.0154    95.4391 1.0000e-12  -74.17536 -113.34424  27.481699      99.87 2.1331e+02    276.768       6643  1028.4339  1028.4310    34.0339    34.0304    8.26462         22 0.0000e+00
    224.000    221.561    -0.9139  27.649348    -0.9126  27.648119     5.1331     5.1950    -0.0190    95.4332 1.0000e-12  -74.17536 -113.34424  27.481709      99.87 2.1331e+02    277.689       6666  1028.4401  1028.4377    34.0369    34.0339    8.26097         22 0.0000e+00
    225.000    222.551    -0.9123  27.651554    -0.9130  27.648896     5.1405     5.2061    -0.0184    95.4450 1.0000e-12  -74.17536 -113.34424  27.481720      99.86 2.1331e+02    278.609       6688  1028.4456  1028.4434    34.0376    34.0347    8.26059         22 0.0000e+00
    226.000    223.537    -0.9207  27.644217    -0.9205  27.642806     5.1367     5.2065    -0.0144    95.4424 1.0000e-12  -74.17536 -113.34424  27.481731      99.86 2.1331e+02    279.536       6710  1028.4502  1028.4486    34.0364    34.0343    8.26249         23 0.0000e+00
    227.000    224.528    -0.9301  27.637211    -0.9290  27.635872     5.1202     5.1969    -0.0143    95.4464 1.0000e-12  -74.17536 -113.34424  27.481741      99.87 2.1331e+02    280.451       6732  1028.4562  1028.4537    34.0369    34.0339    8.26453         21 0.0000e+00
    228.000    225.515    -0.9165  27.650972    -0.9145  27.650021     5.1350     5.1895    -0.0131    95.4268 1.0000e-12  -74.17536 -113.34424  27.481752      99.87 2.1331e+02    281.370       6754  1028.4623  1028.4594    34.0397    34.0361    8.26139         23 0.0000e+00
    229.000    226.504    -0.9020  27.665098    -0.8997  27.664821     5.1345     5.1831    -0.0210    95.4285 1.0000e-12  -74.17536 -113.34424  27.481763      99.86 2.1331e+02    282.301       6776  1028.4680  1028.4654    34.0419    34.0389    8.25808         22 0.0000e+00
    230.000    227.493    -0.8903  27.679595    -0.8880  27.679173     5.1114     5.1712    -0.0207    95.4239 1.0000e-12  -74.17536 -113.34424  27.481773      99.87 2.1331e+02    283.222       6798  1028.4767  1028.4741    34.0477    34.0445    8.25516         22 0.0000e+00
    231.000    228.482    -0.8774  27.694039    -0.8749  27.693835     5.0894     5.1621    -0.0207    95.4308 1.0000e-12  -74.17536 -113.34424  27.481784      92.36 2.1331e+02    284.134       6820  1028.4844  1028.4817    34.0521    34.0490    8.25208         22 0.0000e+00
    232.000    229.469    -0.8666  27.704359    -0.8657  27.702762     5.0889     5.1509    -0.0184    95.4250 1.0000e-12  -74.17536 -113.34424  27.481795      82.18 2.1331e+02    285.061       6842  1028.4895  1028.4869    34.0533    34.0502    8.24965         22 0.0000e+00
    233.000    230.461    -0.8593  27.711230    -0.8578  27.710302     5.0805     5.1446    -0.0143    95.4274 1.0000e-12  -74.17536 -113.34424  27.481805      93.66 2.1331e+02    285.986       6865  1028.4943  1028.4919    34.0537    34.0509    8.24801         22 0.0000e+00
    234.000    231.446    -0.8553  27.715345    -0.8511  27.716884     5.0721     5.1347    -0.0137    95.4334 1.0000e-12  -74.17536 -113.34424  27.481816      99.83 2.1331e+02    286.911       6887  1028.4994  1028.4969    34.0542    34.0515    8.24711         23 0.0000e+00
    235.000    232.435    -0.8482  27.722640    -0.8447  27.723322     5.0708     5.1262    -0.0203    95.4090 1.0000e-12  -74.17536 -113.34424  27.481827      99.87 2.1331e+02    287.841       6909  1028.5049  1028.5022    34.0555    34.0525    8.24549         22 0.0000e+00
    236.000    233.425    -0.8376  27.733781    -0.8354  27.733409     5.0667     5.1302    -0.0078    95.4063 1.0000e-12  -74.17536 -113.34424  27.481838      99.87 2.1331e+02    288.767       6931  1028.5111  1028.5086    34.0580    34.0551    8.24302         22 0.0000e+00
    237.000    234.413    -0.8300  27.743410    -0.8280  27.742937     5.0713     5.1293    -0.0110    95.4051 1.0000e-12  -74.17536 -113.34424  27.481848      99.87 2.1331e+02    289.682       6953  1028.5186  1028.5162    34.0619    34.0589    8.24113         22 0.0000e+00
    238.000    235.401    -0.8245  27.750721    -0.8227  27.750097     5.0718     5.1266    -0.0127    95.4086 1.0000e-12  -74.17536 -113.34424  27.481859      99.86 2.1331e+02    290.607       6976  1028.5257  1028.5233    34.0650    34.0621    8.23975         22 0.0000e+00
    239.000    236.388    -0.8194  27.758270    -0.8178  27.757235     5.0573     5.1149    -0.0134    95.4088 1.0000e-12  -74.17536 -113.34424  27.481870      99.86 2.1331e+02    291.540       6998  1028.5334  1028.5308    34.0688    34.0656    8.23840         23 0.0000e+00
    240.000    237.379    -0.8091  27.768668    -0.8073  27.767817     5.0381     5.1036    -0.0133    95.4017 1.0000e-12  -74.17536 -113.34424  27.481880      99.86 2.1331e+02    292.463       7020  1028.5391  1028.5365    34.0706    34.0675    8.23605         22 0.0000e+00
