ocean_section_plots/required_files/ctd/dnbp2202_CTD001.cnv
* Sea-Bird SBE 9 Data File:
* FileName = D:\Data\raw\NBP2202_001.hex
* Software Version Seasave V 7.26.7.121
* Temperature SN = 1649
* Conductivity SN = 2513
* Number of Bytes Per Scan = 40
* Number of Voltage Words = 5
* Number of Scans Averaged by the Deck Unit = 1
* NMEA Latitude = 69 26.97 S
* NMEA Longitude = 102 20.59 W
* NMEA UTC (Time) = Jan 12 2022  14:23:23
* NMEA baud rate = 9600
** Ship: RVIB N.B. Palmer
** Cruise: NBP2202 Thwaites
** Station: Test
** Operator: B.Bjork A.Robinson
# nquan = 25
# nvalues = 507                         
# units = specified
# name 0 = prDM: Pressure, Digiquartz [db]
# name 1 = depSM: Depth [salt water, m]
# name 2 = t090C: Temperature [ITS-90, deg C]
# name 3 = c0mS/cm: Conductivity [mS/cm]
# name 4 = t190C: Temperature, 2 [ITS-90, deg C]
# name 5 = c1mS/cm: Conductivity, 2 [mS/cm]
# name 6 = sbeox0ML/L: Oxygen, SBE 43 [ml/l]
# name 7 = sbeox1ML/L: Oxygen, SBE 43, 2 [ml/l]
# name 8 = flECO-AFL: Fluorescence, WET Labs ECO-AFL/FL [mg/m^3]
# name 9 = CStarTr0: Beam Transmission, WET Labs C-Star [%]
# name 10 = par: PAR/Irradiance, Biospherical/Licor
# name 11 = latitude: Latitude [deg]
# name 12 = longitude: Longitude [deg]
# name 13 = timeJ: Julian Days
# name 14 = altM: Altimeter [m]
# name 15 = spar: SPAR, Biospherical/Licor
# name 16 = timeS: Time, Elapsed [seconds]
# name 17 = scan: Scan Count
# name 18 = density00: Density [density, kg/m^3]
# name 19 = density11: Density, 2 [density, kg/m^3]
# name 20 = sal00: Salinity, Practical [PSU]
# name 21 = sal11: Salinity, Practical, 2 [PSU]
# name 22 = oxsolML/L: Oxygen Saturation, Garcia & Gordon [ml/l]
# name 23 = nbin: number of scans per bin
# name 24 = flag: flag
# span 0 =      1.000,    507.000       
# span 1 =      0.995,    501.265       
# span 2 =    -1.6051,     1.9706       
# span 3 =  26.838001,  30.697194       
# span 4 =    -1.6058,     1.9726       
# span 5 =  26.837369,  30.696284       
# span 6 =     4.0488,     8.8308       
# span 7 =     4.2575,     9.2781       
# span 8 =    -0.0159,    13.9448       
# span 9 =    88.3418,    99.9417       
# span 10 = 1.0000e-12, 4.8963e+02      
# span 11 =  -69.44956,  -69.44956      
# span 12 = -102.34328, -102.34326      
# span 13 =  12.602834,  12.609926      
# span 14 =       9.38,     100.46      
# span 15 = 2.7331e+02, 3.3847e+02      
# span 16 =    281.851,    894.652      
# span 17 =       6765,      21473      
# span 18 =  1026.6771,  1030.1221      
# span 19 =  1026.6771,  1030.1189      
# span 20 =    33.1764,    34.7092      
# span 21 =    33.1760,    34.7054      
# span 22 =    7.63316,    8.42855      
# span 23 =          9,         49      
# span 24 = 0.0000e+00, 0.0000e+00      
# interval = decibars: 1                
# start_time = Jan 12 2022 14:23:23 [NMEA time, header]
# bad_flag = -9.990e-29
*END*
[from data line 290]
    291.000    287.859     1.9532  30.589914     1.9554  30.588769     4.0669     4.2757     0.0072    99.8637 1.0000e-12  -69.44956 -102.34326  12.607315      99.77 3.2790e+02    669.046      16058  1029.0607  1029.0574    34.6489    34.6451    7.63802         25 0.0000e+00
    292.000    288.849     1.9535  30.590647     1.9558  30.589833     4.0620     4.2746     0.0043    99.8658 1.0000e-12  -69.44956 -102.34326  12.607327      99.77 3.2790e+02    670.078      16083  1029.0655  1029.0624    34.6490    34.6454    7.63797         25 0.0000e+00
    293.000    289.837     1.9521  30.590268     1.9544  30.589252     4.0556     4.2777     0.0014    99.8785 1.0000e-12  -69.44956 -102.34326  12.607339      99.77 3.2783e+02    671.097      16107  1029.0707  1029.0674    34.6495    34.6457    7.63820         24 0.0000e+00
    294.000    290.826     1.9520  30.590981     1.9542  30.589836     4.0538     4.2741     0.0054    99.8402 1.0000e-12  -69.44956 -102.34326  12.607351      99.77 3.2739e+02    672.100      16131  1029.0758  1029.0725    34.6499    34.6460    7.63820         24 0.0000e+00
    295.000    291.814     1.9539  30.593785     1.9561  30.592741     4.0563     4.2758    -0.0000    99.8506 1.0000e-12  -69.44956 -102.34326  12.607362      99.77 3.2665e+02    673.092      16155  1029.0810  1029.0778    34.6508    34.6471    7.63779         24 0.0000e+00
    296.000    292.804     1.9552  30.595881     1.9575  30.594844     4.0593     4.2783     0.0069    99.8411 1.0000e-12  -69.44956 -102.34326  12.607374      99.77 3.2613e+02    674.080      16179  1029.0860  1029.0828    34.6514    34.6476    7.63751         23 0.0000e+00
    297.000    293.791     1.9561  30.597323     1.9583  30.596354     4.0643     4.2761    -0.0004    99.8500 1.0000e-12  -69.44956 -102.34326  12.607385      99.77 3.2620e+02    675.101      16203  1029.0908  1029.0877    34.6516    34.6480    7.63732         26 0.0000e+00
    298.000    294.778     1.9567  30.598592     1.9589  30.597603     4.0641     4.2732     0.0060    99.8533 1.0000e-12  -69.44956 -102.34326  12.607398      99.77 3.2613e+02    676.156      16229  1029.0957  1029.0926    34.6520    34.6483    7.63718         23 0.0000e+00
    299.000    295.767     1.9575  30.600109     1.9597  30.599138     4.0591     4.2714     0.0005    99.8618 1.0000e-12  -69.44956 -102.34326  12.607410      98.03 3.2593e+02    677.227      16254  1029.1007  1029.0976    34.6525    34.6488    7.63700         26 0.0000e+00
    300.000    296.757     1.9583  30.601735     1.9605  30.600761     4.0626     4.2700    -0.0004    99.8718 1.0000e-12  -69.44956 -102.34326  12.607422      99.73 3.2508e+02    678.279      16280  1029.1059  1029.1028    34.6531    34.6495    7.63683         25 0.0000e+00
    301.000    297.745     1.9580  30.602608     1.9602  30.601611     4.0650     4.2656    -0.0064    99.8791 1.0000e-12  -69.44956 -102.34326  12.607434      99.77 3.2445e+02    679.289      16304  1029.1112  1029.1081    34.6539    34.6503    7.63683         23 0.0000e+00
    302.000    298.734     1.9568  30.602570     1.9591  30.601600     4.0649     4.2636    -0.0032    99.8723 1.0000e-12  -69.44956 -102.34326  12.607445      99.77 3.2437e+02    680.268      16327  1029.1166  1029.1134    34.6546    34.6509    7.63702         23 0.0000e+00
    303.000    299.722     1.9571  30.603526     1.9594  30.602524     4.0500     4.2690    -0.0050    99.8635 1.0000e-12  -69.44956 -102.34326  12.607456      99.77 3.2437e+02    681.237      16351  1029.1215  1029.1184    34.6549    34.6512    7.63695         24 0.0000e+00
    304.000    300.711     1.9575  30.604630     1.9596  30.603544     4.0515     4.2711    -0.0052    99.8601 1.0000e-12  -69.44956 -102.34326  12.607468      99.78 3.2437e+02    682.204      16374  1029.1265  1029.1234    34.6554    34.6517    7.63686         23 0.0000e+00
    305.000    301.699     1.9575  30.605405     1.9597  30.604360     4.0546     4.2671    -0.0003    99.8691 1.0000e-12  -69.44956 -102.34326  12.607479      99.77 3.2437e+02    683.202      16398  1029.1315  1029.1283    34.6557    34.6520    7.63684         24 0.0000e+00
    306.000    302.687     1.9587  30.607881     1.9610  30.606865     4.0533     4.2680    -0.0004    99.8587 1.0000e-12  -69.44956 -102.34326  12.607491      99.76 3.2258e+02    684.246      16423  1029.1370  1029.1338    34.6569    34.6532    7.63654         26 0.0000e+00
    307.000    303.676     1.9589  30.609023     1.9613  30.608086     4.0533     4.2732    -0.0004    99.8518 1.0000e-12  -69.44956 -102.34326  12.607504      99.77 3.2261e+02    685.333      16449  1029.1422  1029.1390    34.6576    34.6538    7.63647         26 0.0000e+00
    308.000    304.664     1.9600  30.611068     1.9625  30.610214     4.0563     4.2694    -0.0004    99.8697 1.0000e-12  -69.44956 -102.34326  12.607516      99.77 3.2261e+02    686.415      16475  1029.1474  1029.1442    34.6584    34.6546    7.63621         27 0.0000e+00
    309.000    305.653     1.9609  30.612919     1.9631  30.611950     4.0582     4.2658     0.0068    99.8750 1.0000e-12  -69.44956 -102.34326  12.607529      99.77 3.2261e+02    687.484      16501  1029.1526  1029.1495    34.6591    34.6555    7.63600         25 0.0000e+00
    310.000    306.641     1.9613  30.614360     1.9636  30.613390     4.0589     4.2672     0.0069    99.8853 1.0000e-12  -69.44956 -102.34326  12.607541      99.77 3.2261e+02    688.534      16526  1029.1579  1029.1548    34.6600    34.6563    7.63589         25 0.0000e+00
    311.000    307.630     1.9615  30.615312     1.9638  30.614279     4.0544     4.2685     0.0069    99.8840 1.0000e-12  -69.44956 -102.34326  12.607553      86.41 3.2261e+02    689.560      16550  1029.1629  1029.1597    34.6604    34.6566    7.63582         24 0.0000e+00
    312.000    308.617     1.9618  30.616319     1.9640  30.615368     4.0507     4.2696     0.0069    99.8757 1.0000e-12  -69.44956 -102.34326  12.607564      88.22 3.2261e+02    690.549      16574  1029.1679  1029.1648    34.6608    34.6572    7.63575         23 0.0000e+00
    313.000    309.605     1.9615  30.616786     1.9637  30.615710     4.0516     4.2639     0.0004    99.8623 1.0000e-12  -69.44956 -102.34326  12.607575      97.07 3.2210e+02    691.504      16597  1029.1728  1029.1697    34.6610    34.6574    7.63578         23 0.0000e+00
    314.000    310.595     1.9615  30.617348     1.9637  30.616425     4.0535     4.2603    -0.0004    99.8645 1.0000e-12  -69.44956 -102.34326  12.607586      99.76 3.2085e+02    692.434      16619  1029.1777  1029.1746    34.6613    34.6577    7.63579         22 0.0000e+00
    315.000    311.584     1.9616  30.618265     1.9639  30.617369     4.0545     4.2627    -0.0004    99.8758 1.0000e-12  -69.44956 -102.34326  12.607597      99.77 3.2084e+02    693.376      16642  1029.1827  1029.1796    34.6616    34.6581    7.63573         23 0.0000e+00
    316.000    312.572     1.9620  30.619468     1.9642  30.618543     4.0557     4.2665    -0.0045    99.8709 1.0000e-12  -69.44956 -102.34326  12.607609      99.77 3.2084e+02    694.378      16666  1029.1878  1029.1847    34.6622    34.6586    7.63564         25 0.0000e+00
    317.000    313.559     1.9626  30.620660     1.9648  30.619712     4.0593     4.2692     0.0033    99.8678 1.0000e-12  -69.44956 -102.34326  12.607621      99.77 3.2084e+02    695.442      16692  1029.1926  1029.1895    34.6625    34.6589    7.63551         26 0.0000e+00
    318.000    314.549     1.9626  30.621226     1.9647  30.620253     4.0560     4.2672     0.0107    99.8818 1.0000e-12  -69.44956 -102.34326  12.607633      99.77 3.2084e+02    696.528      16718  1029.1974  1029.1944    34.6626    34.6590    7.63550         26 0.0000e+00
    319.000    315.536     1.9622  30.621661     1.9645  30.620648     4.0536     4.2682    -0.0001    99.8886 1.0000e-12  -69.44956 -102.34326  12.607646      99.77 3.2084e+02    697.600      16743  1029.2024  1029.1992    34.6630    34.6592    7.63555         26 0.0000e+00
    320.000    316.525     1.9626  30.622662     1.9649  30.621737     4.0545     4.2691    -0.0077    99.8797 1.0000e-12  -69.44956 -102.34326  12.607658      99.77 3.2084e+02    698.647      16769  1029.2073  1029.2042    34.6633    34.6596    7.63546         24 0.0000e+00
    321.000    317.515     1.9630  30.623730     1.9652  30.622797     4.0592     4.2675    -0.0050    99.8823 1.0000e-12  -69.44956 -102.34326  12.607670      99.77 3.2084e+02    699.680      16793  1029.2122  1029.2091    34.6636    34.6600    7.63537         25 0.0000e+00
    322.000    318.501     1.9630  30.624332     1.9653  30.623487     4.0563     4.2707     0.0015    99.8699 1.0000e-12  -69.44956 -102.34326  12.607682      99.77 3.2084e+02    700.698      16818  1029.2171  1029.2140    34.6638    34.6602    7.63536         24 0.0000e+00
    323.000    319.491     1.9651  30.627215     1.9673  30.626079     4.0526     4.2692     0.0083    99.8930 1.0000e-12  -69.44956 -102.34326  12.607693      99.77 3.2084e+02    701.683      16841  1029.2221  1029.2188    34.6646    34.6607    7.63492         23 0.0000e+00
    324.000    320.478     1.9660  30.628829     1.9682  30.627923     4.0530     4.2697     0.0128    99.8763 1.0000e-12  -69.44956 -102.34326  12.607704      72.92 3.2084e+02    702.660      16865  1029.2271  1029.2240    34.6650    34.6615    7.63472         24 0.0000e+00
    325.000    321.469     1.9659  30.629776     1.9683  30.628866     4.0566     4.2702    -0.0156    99.8700 1.0000e-12  -69.44956 -102.34326  12.607716      88.33 3.2084e+02    703.646      16888  1029.2323  1029.2291    34.6657    34.6620    7.63469         24 0.0000e+00
    326.000    322.453     1.9673  30.631720     1.9696  30.630792     4.0570     4.2728    -0.0080    99.8883 1.0000e-12  -69.44956 -102.34326  12.607727      99.78 3.1908e+02    704.647      16913  1029.2372  1029.2340    34.6661    34.6624    7.63441         24 0.0000e+00
    327.000    323.444     1.9679  30.633028     1.9702  30.632018     4.0622     4.2727    -0.0013    99.8813 1.0000e-12  -69.44956 -102.34326  12.607739      99.77 3.1908e+02    705.656      16937  1029.2421  1029.2389    34.6665    34.6628    7.63428         25 0.0000e+00
    328.000    324.432     1.9691  30.634854     1.9713  30.633865     4.0619     4.2679    -0.0064    99.8863 1.0000e-12  -69.44956 -102.34326  12.607751      99.77 3.1908e+02    706.683      16961  1029.2470  1029.2439    34.6669    34.6633    7.63402         25 0.0000e+00
    329.000    325.421     1.9695  30.635786     1.9716  30.634825     4.0580     4.2632     0.0084    99.8841 1.0000e-12  -69.44956 -102.34326  12.607763      99.77 3.1908e+02    707.703      16986  1029.2518  1029.2488    34.6671    34.6636    7.63394         24 0.0000e+00
    330.000    326.408     1.9685  30.635696     1.9707  30.634784     4.0567     4.2658     0.0044    99.8782 1.0000e-12  -69.44956 -102.34326  12.607775      99.77 3.1908e+02    708.738      17011  1029.2569  1029.2539    34.6675    34.6640    7.63411         25 0.0000e+00
    331.000    327.396     1.9680  30.636100     1.9703  30.635124     4.0606     4.2682    -0.0053    99.8843 1.0000e-12  -69.44956 -102.34326  12.607787      99.77 3.1908e+02    709.789      17036  1029.2620  1029.2589    34.6680    34.6643    7.63417         25 0.0000e+00
    332.000    328.385     1.9682  30.636849     1.9704  30.635873     4.0586     4.2694    -0.0080    99.8728 1.0000e-12  -69.44956 -102.34326  12.607799      99.77 3.1908e+02    710.851      17061  1029.2668  1029.2637    34.6681    34.6645    7.63413         26 0.0000e+00
    333.000    329.374     1.9686  30.637834     1.9709  30.636889     4.0527     4.2686    -0.0080    99.8954 1.0000e-12  -69.44956 -102.34326  12.607811      99.77 3.1908e+02    711.902      17087  1029.2716  1029.2685    34.6683    34.6647    7.63404         25 0.0000e+00
    334.000    330.361     1.9695  30.639355     1.9717  30.638428     4.0488     4.2664    -0.0077    99.8916 1.0000e-12  -69.44956 -102.34326  12.607823      99.77 3.1901e+02    712.918      17111  1029.2765  1029.2735    34.6688    34.6652    7.63385         24 0.0000e+00
    335.000    331.350     1.9688  30.639345     1.9710  30.638340     4.0517     4.2677    -0.0052    99.9013 1.0000e-12  -69.44956 -102.34326  12.607835      99.77 3.1840e+02    713.897      17135  1029.2814  1029.2783    34.6689    34.6652    7.63397         23 0.0000e+00
    336.000    332.338     1.9681  30.639176     1.9702  30.638157     4.0547     4.2681    -0.0018    99.8880 1.0000e-12  -69.44956 -102.34326  12.607845      99.76 3.1765e+02    714.846      17157  1029.2862  1029.2831    34.6689    34.6653    7.63411         22 0.0000e+00
    337.000    333.327     1.9680  30.639591     1.9701  30.638583     4.0568     4.2675    -0.0081    99.8802 1.0000e-12  -69.44956 -102.34326  12.607856      75.10 3.1732e+02    715.801      17180  1029.2910  1029.2879    34.6690    34.6654    7.63413         23 0.0000e+00
    338.000    334.315     1.9677  30.639943     1.9698  30.638950     4.0584     4.2639    -0.0080    99.8978 1.0000e-12  -69.44956 -102.34326  12.607868      97.95 3.1732e+02    716.764      17203  1029.2958  1029.2928    34.6692    34.6656    7.63417         24 0.0000e+00
    339.000    335.302     1.9676  30.640424     1.9697  30.639476     4.0597     4.2661    -0.0011    99.8938 1.0000e-12  -69.44956 -102.34326  12.607879      99.73 3.1657e+02    717.736      17227  1029.3006  1029.2976    34.6693    34.6658    7.63419         23 0.0000e+00
    340.000    336.293     1.9672  30.640710     1.9693  30.639816     4.0555     4.2669     0.0112    99.8798 1.0000e-12  -69.44956 -102.34326  12.607890      99.77 3.1557e+02    718.724      17250  1029.3055  1029.3025    34.6695    34.6661    7.63424         24 0.0000e+00
    341.000    337.280     1.9669  30.641241     1.9691  30.640239     4.0548     4.2642     0.0039    99.8861 1.0000e-12  -69.44956 -102.34326  12.607902      99.77 3.1556e+02    719.729      17274  1029.3105  1029.3074    34.6699    34.6663    7.63428         24 0.0000e+00
    342.000    338.269     1.9672  30.642209     1.9694  30.641290     4.0540     4.2575    -0.0051    99.9019 1.0000e-12  -69.44956 -102.34326  12.607914      99.77 3.1556e+02    720.755      17299  1029.3154  1029.3124    34.6703    34.6668    7.63421         25 0.0000e+00
    343.000    339.257     1.9673  30.642905     1.9694  30.641851     4.0577     4.2651    -0.0083    99.8865 1.0000e-12  -69.44956 -102.34326  12.607926      99.77 3.1556e+02    721.820      17325  1029.3203  1029.3172    34.6705    34.6669    7.63418         26 0.0000e+00
    344.000    340.244     1.9678  30.644232     1.9700  30.643315     4.0580     4.2675    -0.0038    99.8817 1.0000e-12  -69.44956 -102.34326  12.607939      99.77 3.1556e+02    722.893      17350  1029.3254  1029.3224    34.6710    34.6675    7.63406         26 0.0000e+00
    345.000    341.233     1.9687  30.646213     1.9708  30.645150     4.0565     4.2668    -0.0004    99.8825 1.0000e-12  -69.44956 -102.34326  12.607950      99.77 3.1556e+02    723.915      17375  1029.3306  1029.3276    34.6719    34.6684    7.63383         23 0.0000e+00
    346.000    342.222     1.9696  30.647610     1.9715  30.646522     4.0573     4.2662    -0.0004    99.8905 1.0000e-12  -69.44956 -102.34326  12.607962      99.77 3.1556e+02    724.901      17399  1029.3354  1029.3324    34.6722    34.6687    7.63365         24 0.0000e+00
    347.000    343.210     1.9701  30.648595     1.9722  30.647745     4.0548     4.2658    -0.0004    99.8971 1.0000e-12  -69.44956 -102.34326  12.607973      99.77 3.1517e+02    725.880      17422  1029.3401  1029.3372    34.6723    34.6689    7.63355         23 0.0000e+00
