ocean_section_plots/required_files/ctd/dnbp2202_ctd212.cnv
* Sea-Bird SBE 9 Data File:
* FileName = D:\Data\raw\NBP2202_CTD212.hex
* Software Version Seasave V 7.26.7.121
* Temperature SN = 1649
* Conductivity SN = 2513
* Number of Bytes Per Scan = 40
* Number of Voltage Words = 5
* Number of Scans Averaged by the Deck Unit = 1
* NMEA Latitude = 74 08.59 S
* NMEA Longitude = 113 21.25 W
* NMEA UTC (Time) = Feb 10 2022  10:09:41
* NMEA baud rate = 9600
** Ship: RVIB N.B. Palmer
** Cruise: NBP2202 Thwaites
** Station: Tow-Yo #3
** Operator: B. Bjork
# nquan = 28
# nvalues = 495                         
# units = specified
# name 0 = prDM: Pressure, Digiquartz [db]
# name 1 = depSM: Depth [salt water, m]
# name 2 = t090C: Temperature [ITS-90, deg C]
# name 3 = c0mS/cm: Conductivity [mS/cm]
# name 4 = t190C: Temperature, 2 [ITS-90, deg C]
# name 5 = c1mS/cm: Conductivity, 2 [mS/cm]
# name 6 = sbeox0ML/L: Oxygen, SBE 43 [ml/l]
# name 7 = sbeox1ML/L: Oxygen, SBE 43, 2 [ml/l]
# name 8 = flECO-AFL: Fluorescence, WET Labs ECO-AFL/FL [mg/m^3]
# name 9 = CStarTr0: Beam Transmission, WET Labs C-Star [%]
# name 10 = par: PAR/Irradiance, Biospherical/Licor
# name 11 = latitude: Latitude [deg]
# name 12 = longitude: Longitude [deg]
# name 13 = timeJ: Julian Days
# name 14 = altM: Altimeter [m]
# name 15 = spar: SPAR, Biospherical/Licor
# name 16 = timeS: Time, Elapsed [seconds]
# name 17 = scan: Scan Count
# name 18 = density00: Density [density, kg/m^3]
# name 19 = density11: Density, 2 [density, kg/m^3]
# name 20 = v3: Voltage 3
# name 21 = v4: Voltage 4
# name 22 = v5: Voltage 5
# name 23 = sal00: Salinity, Practical [PSU]
# name 24 = sal11: Salinity, Practical, 2 [PSU]
# name 25 = oxsolML/L: Oxygen Saturation, Garcia & Gordon [ml/l]
# name 26 = nbin: number of scans per bin
# name 27 = flag: flag
# span 0 =     10.000,    504.000       
# span 1 =      9.894,    498.177       
# span 2 =    -1.5295,    -0.0895       
# span 3 =  26.946798,  28.676538       
# span 4 =    -1.5278,    -0.0871       
# span 5 =  26.945204,  28.676626       
# span 6 =     4.7698,     8.6487       
# span 7 =     4.8964,     8.8404       
# span 8 =    -0.0226,    18.3806       
# span 9 =    76.4334,    97.9447       
# span 10 = 1.0000e-12, 6.5699e-01      
# span 11 =  -74.14477,  -74.14332      
# span 12 = -113.35375, -113.34528      
# span 13 =  41.423848,  41.430992      
# span 14 =       8.55,     100.09      
# span 15 = 3.1724e+01, 3.9767e+01      
# span 16 =     39.464,    656.679      
# span 17 =        948,      15761      
# span 18 =  1027.1929,  1029.9529      
# span 19 =  1027.1912,  1029.9507      
# span 20 =     3.6263,     4.6463      
# span 21 =     0.0639,     2.8482      
# span 22 =     0.1253,     0.2375      
# span 23 =    33.7502,    34.3190      
# span 24 =    33.7483,    34.3164      
# span 25 =    8.06730,    8.40927      
# span 26 =         20,         74      
# span 27 = 0.0000e+00, 0.0000e+00      
# interval = decibars: 1                
# start_time = Feb 10 2022 10:09:41 [NMEA time, header]
# bad_flag = -9.990e-29
*END*
[from data line 208]
    218.000    215.631    -0.8907  27.676096    -0.8889  27.675844     5.1741     5.3210    -0.0107    97.8882 1.0000e-12  -74.14396 -113.34995  41.427000      99.88 3.6958e+01    311.827       7485  1028.4230  1028.4210     4.6437     0.0698     0.1282    34.0508    34.0484    8.25508         24 0.0000e+00
    219.000    216.619    -0.8919  27.675711    -0.8899  27.675750     5.1781     5.3289    -0.0016    97.9015 1.0000e-12  -74.14396 -113.34994  41.427012      99.88 3.5336e+01    312.828       7509  1028.4280  1028.4262     4.6443     0.0838     0.1299    34.0510    34.0488    8.25532         25 0.0000e+00
    220.000    217.608    -0.8934  27.675065    -0.8915  27.675220     5.1859     5.3361    -0.0132    97.9023 1.0000e-12  -74.14396 -113.34993  41.427024      99.87 3.6843e+01    313.834       7533  1028.4332  1028.4315     4.6444     0.0714     0.1301    34.0512    34.0492    8.25565         24 0.0000e+00
    221.000    218.595    -0.8953  27.674768    -0.8936  27.674670     5.1989     5.3496    -0.0075    97.8939 1.0000e-12  -74.14396 -113.34991  41.427035      99.88 3.8610e+01    314.839       7557  1028.4391  1028.4374     4.6439     0.0725     0.1321    34.0524    34.0503    8.25600         24 0.0000e+00
    222.000    219.585    -0.8954  27.675894    -0.8936  27.675781     5.2148     5.3551    -0.0065    97.8969 1.0000e-12  -74.14396 -113.34990  41.427047      99.88 3.5433e+01    315.845       7581  1028.4446  1028.4429     4.6441     0.0731     0.1283    34.0533    34.0512    8.25595         24 0.0000e+00
    223.000    220.573    -0.8969  27.676744    -0.8951  27.676653     5.2269     5.3633    -0.0144    97.8948 1.0000e-12  -74.14396 -113.34989  41.427059      99.89 3.6070e+01    316.860       7606  1028.4514  1028.4495     4.6439     0.0702     0.1311    34.0556    34.0534    8.25615         24 0.0000e+00
    224.000    221.562    -0.8997  27.674985    -0.8981  27.674890     5.2386     5.3807    -0.0079    97.7849 1.0000e-12  -74.14397 -113.34988  41.427070      99.88 3.7854e+01    317.869       7630  1028.4566  1028.4549     4.6389     0.0693     0.1282    34.0558    34.0538    8.25677         24 0.0000e+00
    225.000    222.551    -0.9044  27.672356    -0.9022  27.672702     5.2499     5.3944    -0.0009    97.8660 1.0000e-12  -74.14398 -113.34987  41.427082      99.88 3.5143e+01    318.870       7654  1028.4625  1028.4608     4.6426     0.0748     0.1299    34.0569    34.0548    8.25773         24 0.0000e+00
    226.000    223.538    -0.9101  27.668590    -0.9087  27.668424     5.2634     5.3971     0.0002    97.8924 1.0000e-12  -74.14398 -113.34985  41.427093      97.84 3.6249e+01    319.878       7678  1028.4683  1028.4667     4.6439     0.0846     0.1304    34.0576    34.0558    8.25893         25 0.0000e+00
    227.000    224.527    -0.9120  27.667892    -0.9100  27.668152     5.2630     5.4033    -0.0040    97.8842 1.0000e-12  -74.14398 -113.34984  41.427105      89.00 3.8174e+01    320.884       7702  1028.4736  1028.4720     4.6435     0.0708     0.1296    34.0582    34.0562    8.25932         24 0.0000e+00
    228.000    225.517    -0.9117  27.669674    -0.9100  27.669381     5.2706     5.4097    -0.0074    97.8755 1.0000e-12  -74.14398 -113.34983  41.427117      99.83 3.5197e+01    321.892       7726  1028.4795  1028.4775     4.6431     0.0717     0.1285    34.0596    34.0573    8.25917         24 0.0000e+00
    229.000    226.505    -0.9117  27.671416    -0.9099  27.671289     5.2728     5.4125     0.0024    97.8850 1.0000e-12  -74.14398 -113.34982  41.427129      99.88 3.6024e+01    322.905       7751  1028.4856  1028.4838     4.6435     0.0718     0.1310    34.0614    34.0592    8.25906         25 0.0000e+00
    230.000    227.494    -0.9116  27.672136    -0.9098  27.671916     5.2678     5.4144     0.0150    97.8704 1.0000e-12  -74.14398 -113.34981  41.427140      99.88 3.9096e+01    323.920       7775  1028.4906  1028.4887     4.6428     0.0753     0.1300    34.0616    34.0593    8.25903         24 0.0000e+00
    231.000    228.481    -0.9105  27.673932    -0.9084  27.674062     5.2664     5.4139     0.0131    97.8838 1.0000e-12  -74.14398 -113.34979  41.427152      99.88 3.5469e+01    324.920       7799  1028.4957  1028.4939     4.6434     0.0728     0.1313    34.0622    34.0600    8.25875         24 0.0000e+00
    232.000    229.470    -0.9110  27.673926    -0.9091  27.674017     5.2691     5.4146     0.0155    97.8681 1.0000e-12  -74.14398 -113.34978  41.427163      99.88 3.5842e+01    325.930       7823  1028.5005  1028.4988     4.6427     0.0706     0.1317    34.0622    34.0602    8.25887         24 0.0000e+00
    233.000    230.460    -0.9113  27.674156    -0.9103  27.673357     5.2649     5.4138     0.0112    97.8830 1.0000e-12  -74.14398 -113.34977  41.427175      99.88 3.8493e+01    326.939       7848  1028.5053  1028.5036     4.6434     0.0727     0.1281    34.0621    34.0600    8.25892         24 0.0000e+00
    234.000    231.447    -0.9116  27.674620    -0.9097  27.674458     5.2646     5.4205     0.0118    97.8948 1.0000e-12  -74.14399 -113.34976  41.427187      99.88 3.5472e+01    327.940       7872  1028.5104  1028.5084     4.6440     0.0782     0.1314    34.0626    34.0602    8.25897         24 0.0000e+00
    235.000    232.436    -0.9105  27.676227    -0.9083  27.676609     5.2584     5.4161     0.0013    97.8643 1.0000e-12  -74.14400 -113.34975  41.427199      99.88 3.5478e+01    328.951       7896  1028.5153  1028.5136     4.6425     0.0792     0.1278    34.0628    34.0609    8.25871         24 0.0000e+00
    236.000    233.424    -0.9055  27.682714    -0.9036  27.682483     5.2548     5.4122     0.0002    97.8791 1.0000e-12  -74.14400 -113.34974  41.427210      99.88 3.7177e+01    329.967       7920  1028.5218  1028.5197     4.6432     0.0717     0.1300    34.0654    34.0630    8.25746         25 0.0000e+00
    237.000    234.413    -0.8999  27.689196    -0.8987  27.688406     5.2585     5.4126    -0.0001    97.7722 1.0000e-12  -74.14400 -113.34973  41.427222      99.87 3.5419e+01    330.971       7944  1028.5277  1028.5257     4.6381     0.0731     0.1294    34.0673    34.0649    8.25614         24 0.0000e+00
    238.000    235.402    -0.8995  27.690307    -0.8977  27.690256     5.2584     5.4124    -0.0050    97.8415 1.0000e-12  -74.14400 -113.34972  41.427234      99.88 3.5626e+01    331.984       7969  1028.5327  1028.5310     4.6415     0.0709     0.1280    34.0677    34.0656    8.25601         24 0.0000e+00
    239.000    236.389    -0.8982  27.692380    -0.8967  27.692034     5.2545     5.4112    -0.0074    97.8388 1.0000e-12  -74.14400 -113.34969  41.427245      99.87 3.6741e+01    333.002       7993  1028.5381  1028.5362     4.6413     0.0718     0.1297    34.0684    34.0662    8.25568         25 0.0000e+00
    240.000    237.379    -0.8984  27.692655    -0.8968  27.692420     5.2554     5.4082    -0.0029    97.8655 1.0000e-12  -74.14400 -113.34968  41.427257      99.09 3.5857e+01    334.008       8017  1028.5429  1028.5410     4.6426     0.0775     0.1311    34.0684    34.0663    8.25573         24 0.0000e+00
    241.000    238.368    -0.8976  27.693902    -0.8960  27.693738     5.2558     5.4092    -0.0031    97.8432 1.0000e-12  -74.14402 -113.34966  41.427269      99.88 3.5476e+01    335.027       8042  1028.5478  1028.5460     4.6416     0.0707     0.1287    34.0686    34.0665    8.25554         24 0.0000e+00
    242.000    239.354    -0.8959  27.696264    -0.8939  27.696217     5.2434     5.3989    -0.0077    97.8460 1.0000e-12  -74.14402 -113.34966  41.427281      99.87 3.7100e+01    336.047       8066  1028.5530  1028.5510     4.6416     0.0727     0.1317    34.0693    34.0670    8.25513         25 0.0000e+00
    243.000    240.345    -0.8899  27.702364    -0.8899  27.700463     5.2405     5.3959    -0.0074    97.8679 1.0000e-12  -74.14402 -113.34964  41.427292      99.88 3.5922e+01    337.060       8090  1028.5581  1028.5560     4.6427     0.0729     0.1291    34.0702    34.0675    8.25377         24 0.0000e+00
    244.000    241.332    -0.8868  27.705886    -0.8857  27.705128     5.2361     5.3940    -0.0051    97.8553 1.0000e-12  -74.14402 -113.34964  41.427304      99.88 3.5682e+01    338.078       8115  1028.5632  1028.5613     4.6421     0.0707     0.1294    34.0708    34.0685    8.25305         25 0.0000e+00
    245.000    242.322    -0.8817  27.711518    -0.8796  27.711512     5.2228     5.3845    -0.0007    97.8147 1.0000e-12  -74.14402 -113.34962  41.427316      99.88 3.6935e+01    339.094       8139  1028.5687  1028.5667     4.6402     0.0724     0.1309    34.0721    34.0698    8.25186         24 0.0000e+00
    246.000    243.308    -0.8780  27.715454    -0.8761  27.715356     5.2138     5.3740    -0.0059    97.8947 1.0000e-12  -74.14402 -113.34960  41.427328      99.88 3.6067e+01    340.103       8163  1028.5737  1028.5718     4.6440     0.0694     0.1296    34.0726    34.0703    8.25101         24 0.0000e+00
    247.000    244.299    -0.8680  27.726558    -0.8663  27.725666     5.2060     5.3604     0.0110    97.8594 1.0000e-12  -74.14402 -113.34958  41.427339      99.88 3.5893e+01    341.125       8188  1028.5803  1028.5777     4.6423     0.0718     0.1303    34.0758    34.0727    8.24864         25 0.0000e+00
    248.000    245.286    -0.8538  27.740358    -0.8521  27.740048     5.1939     5.3486    -0.0073    97.8808 1.0000e-12  -74.14402 -113.34958  41.427351      99.88 3.7089e+01    342.141       8212  1028.5859  1028.5839     4.6434     0.0705     0.1293    34.0779    34.0755    8.24541         24 0.0000e+00
    249.000    246.276    -0.8502  27.744523    -0.8482  27.744234     5.1756     5.3358    -0.0141    97.8895 1.0000e-12  -74.14402 -113.34956  41.427363      99.88 3.6212e+01    343.147       8237  1028.5912  1028.5891     4.6437     0.0691     0.1297    34.0788    34.0762    8.24456         24 0.0000e+00
    250.000    247.262    -0.8292  27.767424    -0.8270  27.766917     5.1669     5.3232     0.0332    97.8743 1.0000e-12  -74.14404 -113.34954  41.427374      99.88 3.5917e+01    344.152       8261  1028.6000  1028.5973     4.6430     0.0708     0.1308    34.0855    34.0824    8.23958         24 0.0000e+00
    251.000    248.252    -0.8159  27.780872    -0.8138  27.780951     5.1652     5.3220     0.0065    97.8779 1.0000e-12  -74.14404 -113.34952  41.427386      81.21 3.7295e+01    345.161       8285  1028.6061  1028.6041     4.6432     0.0671     0.1288    34.0881    34.0859    8.23652         25 0.0000e+00
    252.000    249.240    -0.8101  27.787852    -0.8081  27.787724     5.1571     5.3228    -0.0070    97.8796 1.0000e-12  -74.14404 -113.34952  41.427398      89.63 3.6716e+01    346.163       8309  1028.6124  1028.6104     4.6433     0.0704     0.1285    34.0904    34.0880    8.23512         23 0.0000e+00
    253.000    250.228    -0.8064  27.791922    -0.8042  27.792002     5.1529     5.3128    -0.0115    97.8748 1.0000e-12  -74.14404 -113.34950  41.427409      98.12 3.5606e+01    347.171       8333  1028.6177  1028.6157     4.6431     0.0703     0.1292    34.0911    34.0888    8.23427         25 0.0000e+00
    254.000    251.218    -0.8019  27.796709    -0.8002  27.796414     5.1521     5.3055    -0.0114    97.8701 1.0000e-12  -74.14404 -113.34950  41.427421      99.88 3.6724e+01    348.185       8357  1028.6230  1028.6211     4.6428     0.0701     0.1308    34.0919    34.0896    8.23324         24 0.0000e+00
    255.000    252.205    -0.7979  27.801287    -0.7962  27.800617     5.1474     5.2958    -0.0132    97.8842 1.0000e-12  -74.14404 -113.34948  41.427433      99.88 3.6801e+01    349.198       8382  1028.6286  1028.6262     4.6435     0.0689     0.1312    34.0931    34.0902    8.23231         24 0.0000e+00
    256.000    253.196    -0.7848  27.815056    -0.7822  27.815238     5.1398     5.2935    -0.0201    97.8675 1.0000e-12  -74.14406 -113.34946  41.427445      99.87 3.5605e+01    350.213       8406  1028.6351  1028.6328     4.6427     0.0687     0.1310    34.0962    34.0936    8.22925         25 0.0000e+00
    257.000    254.181    -0.7778  27.822392    -0.7759  27.822222     5.1391     5.2840    -0.0165    97.8690 1.0000e-12  -74.14406 -113.34946  41.427456      99.88 3.6507e+01    351.229       8430  1028.6407  1028.6386     4.6428     0.0699     0.1306    34.0977    34.0952    8.22765         24 0.0000e+00
    258.000    255.171    -0.7755  27.825062    -0.7741  27.824350     5.1365     5.2833    -0.0206    97.8875 1.0000e-12  -74.14406 -113.34944  41.427468      99.88 3.6432e+01    352.242       8455  1028.6458  1028.6437     4.6436     0.0699     0.1329    34.0981    34.0955    8.22713         24 0.0000e+00
    259.000    256.159    -0.7715  27.829369    -0.7695  27.829107     5.1413     5.2847    -0.0141    97.8737 1.0000e-12  -74.14406 -113.34942  41.427480      99.87 3.5675e+01    353.259       8479  1028.6510  1028.6488     4.6430     0.0701     0.1315    34.0987    34.0962    8.22621         25 0.0000e+00
    260.000    257.149    -0.7705  27.830992    -0.7686  27.830805     5.1397     5.2860    -0.0144    97.8550 1.0000e-12  -74.14406 -113.34942  41.427492      99.87 3.6731e+01    354.275       8504  1028.6562  1028.6542     4.6421     0.0691     0.1313    34.0991    34.0968    8.22596         24 0.0000e+00
    261.000    258.135    -0.7694  27.832604    -0.7675  27.832540     5.1326     5.2835    -0.0060    97.8573 1.0000e-12  -74.14406 -113.34940  41.427503      99.87 3.7441e+01    355.287       8528  1028.6614  1028.6594     4.6421     0.0703     0.1319    34.0996    34.0973    8.22571         25 0.0000e+00
    262.000    259.123    -0.7681  27.834923    -0.7661  27.834910     5.1251     5.2769    -0.0065    97.8657 1.0000e-12  -74.14406 -113.34940  41.427515      99.88 3.5805e+01    356.293       8552  1028.6670  1028.6650     4.6426     0.0706     0.1325    34.1005    34.0983    8.22536         24 0.0000e+00
    263.000    260.115    -0.7609  27.842794    -0.7589  27.842575     5.1182     5.2770     0.0001    97.8595 1.0000e-12  -74.14406 -113.34938  41.427527      99.88 3.6930e+01    357.298       8576  1028.6729  1028.6708     4.6423     0.0696     0.1318    34.1026    34.1000    8.22369         24 0.0000e+00
    264.000    261.102    -0.7550  27.849359    -0.7531  27.849428     5.1195     5.2817    -0.0166    97.8605 1.0000e-12  -74.14406 -113.34936  41.427538      99.44 3.7755e+01    358.312       8600  1028.6786  1028.6768     4.6423     0.0692     0.1288    34.1041    34.1020    8.22230         24 0.0000e+00
    265.000    262.089    -0.7543  27.850610    -0.7524  27.850476     5.0939     5.2593    -0.0122    97.8218 1.0000e-12  -74.14406 -113.34936  41.427550      85.84 3.6199e+01    359.318       8625  1028.6837  1028.6818     4.6405     0.0677     0.1291    34.1044    34.1021    8.22213         25 0.0000e+00
    266.000    263.079    -0.7433  27.863739    -0.7443  27.859349     5.0520     5.2195    -0.0013    97.8135 1.0000e-12  -74.14408 -113.34934  41.427562      98.42 3.6785e+01    360.329       8649  1028.6916  1028.6878     4.6401     0.0714     0.1319    34.1092    34.1043    8.21947         24 0.0000e+00
    267.000    264.066    -0.6997  27.908129    -0.6967  27.907746     5.0260     5.1903    -0.0104    97.8207 1.0000e-12  -74.14408 -113.34932  41.427573      99.86 3.7236e+01    361.342       8673  1028.7013  1028.6980     4.6405     0.0708     0.1312    34.1193    34.1154    8.20939         24 0.0000e+00
