ocean_section_plots/required_files/ctd/dnbp2202_ctd277.cnv
* Sea-Bird SBE 9 Data File:
* FileName = D:\Data\raw\NBP2202_CTD277.hex
* Software Version Seasave V 7.26.7.121
* Temperature SN = 1649
* Conductivity SN = 2513
* Number of Bytes Per Scan = 40
* Number of Voltage Words = 5
* Number of Scans Averaged by the Deck Unit = 1
* NMEA Latitude = 74 02.50 S
* NMEA Longitude = 116 09.27 W
* NMEA UTC (Time) = Feb 21 2022  06:08:41
* NMEA baud rate = 9600
** Ship: RVIB N.B. Palmer
** Cruise: NBP2202 Thwaites
** Station: 179
** Operator: B. Bjork
# nquan = 28
# nvalues = 1009                        
# units = specified
# name 0 = prDM: Pressure, Digiquartz [db]
# name 1 = depSM: Depth [salt water, m]
# name 2 = t090C: Temperature [ITS-90, deg C]
# name 3 = c0mS/cm: Conductivity [mS/cm]
# name 4 = t190C: Temperature, 2 [ITS-90, deg C]
# name 5 = c1mS/cm: Conductivity, 2 [mS/cm]
# name 6 = sbeox0ML/L: Oxygen, SBE 43 [ml/l]
# name 7 = sbeox1ML/L: Oxygen, SBE 43, 2 [ml/l]
# name 8 = flECO-AFL: Fluorescence, WET Labs ECO-AFL/FL [mg/m^3]
# name 9 = CStarTr0: Beam Transmission, WET Labs C-Star [%]
# name 10 = par: PAR/Irradiance, Biospherical/Licor
# name 11 = latitude: Latitude [deg]
# name 12 = longitude: Longitude [deg]
# name 13 = timeJ: Julian Days
# name 14 = altM: Altimeter [m]
# name 15 = spar: SPAR, Biospherical/Licor
# name 16 = timeS: Time, Elapsed [seconds]
# name 17 = scan: Scan Count
# name 18 = density00: Density [density, kg/m^3]
# name 19 = density11: Density, 2 [density, kg/m^3]
# name 20 = v3: Voltage 3
# name 21 = v4: Voltage 4
# name 22 = v5: Voltage 5
# name 23 = sal00: Salinity, Practical [PSU]
# name 24 = sal11: Salinity, Practical, 2 [PSU]
# name 25 = oxsolML/L: Oxygen Saturation, Garcia & Gordon [ml/l]
# name 26 = nbin: number of scans per bin
# name 27 = flag: flag
# span 0 =      2.000,   1010.000       
# span 1 =      1.983,    997.105       
# span 2 =    -1.8101,     0.5053       
# span 3 =  26.958914,  29.585677       
# span 4 =    -1.8094,     0.5077       
# span 5 =  26.959531,  29.586350       
# span 6 =     4.5039,     9.1089       
# span 7 =     4.6090,     9.4083       
# span 8 =    -0.0154,     9.0063       
# span 9 =    87.8052,    98.8379       
# span 10 = -2.594e-05, 8.8860e-01      
# span 11 =  -74.04178,  -74.04176      
# span 12 = -116.15462, -116.15458      
# span 13 =  52.258554,  52.271905      
# span 14 =       2.72,     100.83      
# span 15 = 1.4309e+01, 2.5680e+01      
# span 16 =    218.030,   1371.626      
# span 17 =       5234,      32920      
# span 18 =  1027.1420,  1032.4679      
# span 19 =  1027.1434,  1032.4663      
# span 20 =     4.1659,     4.6886      
# span 21 =     0.0643,     1.5013      
# span 22 =     0.1058,     0.2138      
# span 23 =    33.7387,    34.5570      
# span 24 =    33.7413,    34.5551      
# span 25 =    7.93029,    8.45942      
# span 26 =          6,         47      
# span 27 = 0.0000e+00, 0.0000e+00      
# interval = decibars: 1                
# start_time = Feb 21 2022 06:08:41 [NMEA time, header]
# bad_flag = -9.990e-29
*END*
[from data line 467]
    469.000    463.624    -1.5722  27.314579    -1.5727  27.313379     6.3178     6.4890     0.8063    96.8057 1.0000e-12  -74.04178 -116.15460  52.265128      99.89 1.7309e+01    786.048      18866  1029.7516  1029.7507     4.5924     0.2362     0.1252    34.1758    34.1747    8.39945         26 0.0000e+00
    470.000    464.611    -1.5673  27.319883    -1.5660  27.320048     6.3201     6.4978     0.7082    97.0915 1.0000e-12  -74.04178 -116.15460  52.265140      99.89 1.6742e+01    787.114      18892  1029.7570  1029.7560     4.6058     0.2026     0.1231    34.1769    34.1757    8.39827         26 0.0000e+00
    471.000    465.598    -1.5665  27.320781    -1.5648  27.321480     6.3157     6.4927     0.7751    97.1384 1.0000e-12  -74.04178 -116.15460  52.265152      99.89 1.6783e+01    788.168      18917  1029.7616  1029.7607     4.6081     0.1987     0.1142    34.1766    34.1756    8.39810         25 0.0000e+00
    472.000    466.587    -1.5635  27.324313    -1.5613  27.325109     6.3039     6.4856     0.4684    96.5711 1.0000e-12  -74.04178 -116.15460  52.265165      99.90 1.7846e+01    789.272      18944  1029.7669  1029.7658     4.5812     0.1820     0.1161    34.1774    34.1761    8.39737         27 0.0000e+00
    473.000    467.573    -1.5579  27.329830    -1.5562  27.330424     6.2943     6.4761     0.5643    96.9907 1.0000e-12  -74.04178 -116.15460  52.265178      81.14 1.6740e+01    790.362      18970  1029.7720  1029.7709     4.6011     0.1651     0.1144    34.1781    34.1769    8.39608         26 0.0000e+00
    474.000    468.560    -1.5464  27.341159    -1.5445  27.341703     6.2901     6.4603     0.7450    97.3671 1.0000e-12  -74.04178 -116.15460  52.265190      93.89 1.6477e+01    791.435      18995  1029.7776  1029.7763     4.6189     0.2218     0.1155    34.1799    34.1784    8.39337         26 0.0000e+00
    475.000    469.549    -1.5411  27.346344    -1.5393  27.346834     6.2814     6.4528     0.7729    97.4164 1.0000e-12  -74.04178 -116.15460  52.265203      99.85 1.7037e+01    792.532      19022  1029.7825  1029.7813     4.6213     0.1910     0.1164    34.1803    34.1790    8.39214         27 0.0000e+00
    476.000    470.534    -1.5342  27.353384    -1.5325  27.353899     6.2647     6.4464     0.7199    97.4317 1.0000e-12  -74.04178 -116.15460  52.265215      99.89 1.6228e+01    793.612      19048  1029.7879  1029.7868     4.6219     0.1892     0.1186    34.1816    34.1803    8.39052         25 0.0000e+00
    477.000    471.522    -1.5211  27.366078    -1.5188  27.366868     6.2507     6.4295     0.8538    97.0807 1.0000e-12  -74.04178 -116.15460  52.265228      99.89 1.6571e+01    794.667      19073  1029.7934  1029.7921     4.6055     0.2220     0.1196    34.1835    34.1820    8.38744         25 0.0000e+00
    478.000    472.511    -1.5093  27.377806    -1.5069  27.378428     6.2319     6.4137     0.7861    96.9713 1.0000e-12  -74.04178 -116.15460  52.265240      58.08 1.7244e+01    795.761      19099  1029.7992  1029.7975     4.6002     0.2258     0.1209    34.1856    34.1836    8.38466         27 0.0000e+00
    479.000    473.498    -1.4862  27.399443    -1.4849  27.399112     6.2246     6.4004     0.7434    97.1895 1.0000e-12  -74.04178 -116.15460  52.265253     100.22 1.6607e+01    796.863      19126  1029.8049  1029.8032     4.6105     0.1878     0.1244    34.1884    34.1865    8.37930         26 0.0000e+00
    480.000    474.486    -1.4675  27.416958    -1.4647  27.418031     6.2110     6.3842     0.5469    97.1555 1.0000e-12  -74.04178 -116.15460  52.265265      99.90 1.6999e+01    797.928      19151  1029.8102  1029.8087     4.6089     0.1946     0.1129    34.1905    34.1889    8.37495         25 0.0000e+00
    481.000    475.471    -1.4601  27.424002    -1.4585  27.423982     6.1992     6.3748     0.5387    97.2188 1.0000e-12  -74.04178 -116.15460  52.265278      99.90 1.7436e+01    799.007      19177  1029.8152  1029.8137     4.6119     0.1706     0.1120    34.1911    34.1893    8.37325         27 0.0000e+00
    482.000    476.461    -1.4500  27.433763    -1.4486  27.433653     6.2028     6.3763     0.4583    97.2043 1.0000e-12  -74.04178 -116.15460  52.265290      99.90 1.6504e+01    800.079      19203  1029.8206  1029.8191     4.6112     0.1441     0.1137    34.1924    34.1907    8.37090         25 0.0000e+00
    483.000    477.445    -1.4416  27.441577    -1.4404  27.441518     6.1789     6.3585     0.3201    96.6745 1.0000e-12  -74.04178 -116.15460  52.265302      99.90 1.7122e+01    801.116      19228  1029.8254  1029.8242     4.5861     0.1285     0.1136    34.1930    34.1915    8.36898         24 0.0000e+00
    484.000    478.434    -1.4344  27.448682    -1.4329  27.448826     6.1472     6.3152     0.4199    96.4840 1.0000e-12  -74.04178 -116.15460  52.265315      99.89 1.7500e+01    802.172      19253  1029.8308  1029.8294     4.5770     0.1594     0.1113    34.1940    34.1924    8.36732         27 0.0000e+00
    485.000    479.423    -1.3836  27.496503    -1.3806  27.496374     6.1179     6.2873     0.6021    97.4963 1.0000e-12  -74.04178 -116.15460  52.265327      85.91 1.6623e+01    803.257      19279  1029.8377  1029.8346     4.6250     0.1655     0.1143    34.2011    34.1975    8.35549         26 0.0000e+00
    486.000    480.409    -1.3570  27.519477    -1.3558  27.518796     6.0995     6.2709     0.3973    97.5538 1.0000e-12  -74.04178 -116.15460  52.265339      91.18 1.6780e+01    804.318      19305  1029.8415  1029.8396     4.6278     0.1818     0.1126    34.2017    34.1994    8.34950         25 0.0000e+00
    487.000    481.395    -1.3470  27.528640    -1.3458  27.528298     6.0915     6.2600     0.6648    97.5742 1.0000e-12  -74.04178 -116.15460  52.265352      99.62 1.7292e+01    805.401      19331  1029.8464  1029.8449     4.6288     0.1502     0.1144    34.2023    34.2004    8.34723         26 0.0000e+00
    488.000    482.384    -1.3418  27.534227    -1.3405  27.533931     6.0708     6.2440     0.3619    97.6193 1.0000e-12  -74.04178 -116.15460  52.265365      99.90 1.6257e+01    806.496      19357  1029.8522  1029.8506     4.6309     0.1824     0.1168    34.2034    34.2015    8.34601         26 0.0000e+00
    489.000    483.371    -1.3237  27.551320    -1.3217  27.551648     6.0657     6.2313     0.2606    97.7899 1.0000e-12  -74.04178 -116.15460  52.265377      99.90 1.6572e+01    807.545      19382  1029.8577  1029.8561     4.6390     0.1803     0.1173    34.2055    34.2038    8.34182         25 0.0000e+00
    490.000    484.358    -1.3131  27.561859    -1.3116  27.561438     6.0548     6.2136     0.4172    97.8497 1.0000e-12  -74.04178 -116.15460  52.265389      99.90 1.8020e+01    808.593      19407  1029.8635  1029.8616     4.6418     0.1172     0.1137    34.2074    34.2051    8.33936         26 0.0000e+00
    491.000    485.346    -1.3007  27.573430    -1.2990  27.573482     6.0315     6.2060     0.2983    98.0334 1.0000e-12  -74.04178 -116.15460  52.265401      99.90 1.7165e+01    809.675      19433  1029.8686  1029.8670     4.6505     0.1179     0.1148    34.2084    34.2066    8.33652         26 0.0000e+00
    492.000    486.332    -1.2914  27.583034    -1.2886  27.584050     6.0310     6.1959     0.4394    97.8473 1.0000e-12  -74.04178 -116.15460  52.265414      99.90 1.7135e+01    810.743      19459  1029.8746  1029.8730     4.6418     0.1144     0.1103    34.2104    34.2086    8.33433         25 0.0000e+00
    493.000    487.322    -1.2808  27.592933    -1.2797  27.592696     6.0258     6.1980     0.3189    97.8997 1.0000e-12  -74.04178 -116.15460  52.265426      99.89 1.7222e+01    811.807      19484  1029.8797  1029.8783     4.6442     0.1125     0.1114    34.2113    34.2097    8.33192         26 0.0000e+00
    494.000    488.306    -1.2789  27.595435    -1.2771  27.595618     6.0256     6.1898     0.3795    97.7661 1.0000e-12  -74.04178 -116.15460  52.265439      99.90 1.7277e+01    812.888      19510  1029.8851  1029.8836     4.6379     0.1168     0.1129    34.2119    34.2101    8.33145         25 0.0000e+00
    495.000    489.296    -1.2735  27.600660    -1.2719  27.600770     6.0181     6.1768     0.3083    98.0239 1.0000e-12  -74.04178 -116.15460  52.265451      99.89 1.6777e+01    813.928      19535  1029.8901  1029.8887     4.6501     0.2122     0.1124    34.2124    34.2107    8.33023         25 0.0000e+00
    496.000    490.282    -1.2655  27.609007    -1.2646  27.608021     6.0026     6.1599     0.3244    98.0257 1.0000e-12  -74.04178 -116.15460  52.265463      99.90 1.7152e+01    814.974      19560  1029.8959  1029.8940     4.6502     0.1210     0.1103    34.2140    34.2117    8.32834         26 0.0000e+00
    497.000    491.270    -1.2500  27.623442    -1.2485  27.623303     5.9951     6.1513     0.3131    97.9317 1.0000e-12  -74.04178 -116.15460  52.265475      99.89 1.7754e+01    816.072      19587  1029.9010  1029.8994     4.6457     0.1661     0.1139    34.2156    34.2137    8.32481         27 0.0000e+00
    498.000    492.258    -1.2388  27.634907    -1.2363  27.635693     5.9871     6.1551     0.3718    98.2044 1.0000e-12  -74.04178 -116.15460  52.265488      92.53 1.7006e+01    817.151      19613  1029.9071  1029.9055     4.6586     0.1269     0.1123    34.2179    34.2161    8.32218         25 0.0000e+00
    499.000    493.243    -1.2381  27.635877    -1.2360  27.636507     5.9992     6.1493     0.2426    98.0575 1.0000e-12  -74.04178 -116.15460  52.265500      99.88 1.6994e+01    818.206      19638  1029.9120  1029.9106     4.6517     0.1336     0.1118    34.2178    34.2162    8.32202         25 0.0000e+00
    500.000    494.231    -1.2377  27.636736    -1.2355  27.637387     6.0017     6.1516     0.3290    98.0703 1.0000e-12  -74.04178 -116.15460  52.265512      99.90 1.8307e+01    819.271      19664  1029.9170  1029.9156     4.6523     0.1174     0.1096    34.2178    34.2163    8.32192         26 0.0000e+00
    501.000    495.218    -1.2381  27.636599    -1.2356  27.637725     6.0059     6.1540     0.4559    97.8738 1.0000e-12  -74.04178 -116.15460  52.265524      99.90 1.7197e+01    820.305      19688  1029.9218  1029.9206     4.6430     0.1150     0.1116    34.2175    34.2163    8.32203         24 0.0000e+00
    502.000    496.206    -1.2407  27.634627    -1.2383  27.635561     6.0056     6.1513     0.4042    97.9692 1.0000e-12  -74.04178 -116.15460  52.265536      99.89 1.6741e+01    821.328      19713  1029.9267  1029.9253     4.6475     0.1474     0.1091    34.2173    34.2158    8.32264         24 0.0000e+00
    503.000    497.194    -1.2414  27.634510    -1.2391  27.635266     6.0030     6.1578     0.3420    98.0583 1.0000e-12  -74.04178 -116.15460  52.265549      99.89 1.8282e+01    822.412      19739  1029.9317  1029.9302     4.6517     0.1567     0.1135    34.2173    34.2157    8.32279         28 0.0000e+00
    504.000    498.180    -1.2425  27.633729    -1.2407  27.634221     5.9907     6.1562     0.3943    98.1046 1.0000e-12  -74.04178 -116.15460  52.265561      99.90 1.7230e+01    823.513      19765  1029.9362  1029.9350     4.6539     0.1542     0.1131    34.2168    34.2155    8.32305         26 0.0000e+00
    505.000    499.168    -1.2387  27.638272    -1.2387  27.636657     5.9850     6.1482     0.4092    97.9887 1.0000e-12  -74.04178 -116.15460  52.265574      99.90 1.7042e+01    824.558      19790  1029.9419  1029.9401     4.6485     0.1334     0.1173    34.2181    34.2158    8.32214         24 0.0000e+00
    506.000    500.153    -1.2314  27.644931    -1.2322  27.643123     5.9573     6.1225     0.3492    98.0532 1.0000e-12  -74.04178 -116.15460  52.265586      99.90 1.8216e+01    825.604      19815  1029.9463  1029.9451     4.6515     0.1287     0.1088    34.2183    34.2167    8.32050         25 0.0000e+00
    507.000    501.144    -1.2081  27.667865    -1.2069  27.666845     5.9358     6.0964     0.3084    98.0994 1.0000e-12  -74.04178 -116.15460  52.265598      99.89 1.6534e+01    826.649      19841  1029.9528  1029.9506     4.6537     0.1721     0.1173    34.2226    34.2198    8.31508         25 0.0000e+00
    508.000    502.129    -1.1911  27.683358    -1.1904  27.682324     5.9248     6.0875     0.3016    97.8685 1.0000e-12  -74.04178 -116.15460  52.265610      99.88 1.6714e+01    827.682      19865  1029.9574  1029.9557     4.6427     0.2368     0.1192    34.2237    34.2216    8.31123         25 0.0000e+00
    509.000    503.117    -1.1775  27.696549    -1.1767  27.695691     5.8996     6.0710     0.3116    97.7121 1.0000e-12  -74.04178 -116.15460  52.265622      99.90 1.7170e+01    828.746      19891  1029.9629  1029.9612     4.6353     0.1072     0.1117    34.2256    34.2236    8.30809         27 0.0000e+00
    510.000    504.103    -1.1659  27.707702    -1.1642  27.707724     5.8762     6.0474     0.4840    97.8947 1.0000e-12  -74.04178 -116.15459  52.265635      88.27 1.6217e+01    829.835      19917  1029.9682  1029.9666     4.6437     0.1024     0.1113    34.2270    34.2252    8.30543         25 0.0000e+00
    511.000    505.091    -1.1383  27.734777    -1.1372  27.733402     5.8580     6.0198     0.3041    97.3214 1.0000e-12  -74.04178 -116.15459  52.265647      96.04 1.6290e+01    830.887      19942  1029.9750  1029.9725     4.6171     0.1131     0.1128    34.2321    34.2290    8.29903         25 0.0000e+00
    512.000    506.078    -1.1176  27.753358    -1.1158  27.753411     5.8457     6.0148     0.2364    97.9050 1.0000e-12  -74.04178 -116.15460  52.265659      99.89 1.8033e+01    831.936      19967  1029.9795  1029.9777     4.6445     0.1320     0.1105    34.2333    34.2313    8.29438         26 0.0000e+00
    513.000    507.066    -1.1085  27.762504    -1.1069  27.762404     5.8421     6.0022     0.3457    97.9944 1.0000e-12  -74.04178 -116.15460  52.265671      99.90 1.6735e+01    832.990      19993  1029.9851  1029.9834     4.6487     0.1056     0.1120    34.2348    34.2328    8.29228         24 0.0000e+00
    514.000    508.052    -1.1043  27.767000    -1.1016  27.767763     5.8327     5.9927     0.2909    98.0975 1.0000e-12  -74.04178 -116.15460  52.265683      99.90 1.6926e+01    834.012      20017  1029.9904  1029.9886     4.6536     0.1529     0.1174    34.2355    34.2335    8.29130         25 0.0000e+00
    515.000    509.041    -1.0899  27.781259    -1.0877  27.781384     5.8178     5.9777     0.6607    98.0333 1.0000e-12  -74.04178 -116.15460  52.265695      99.90 1.8041e+01    835.067      20043  1029.9963  1029.9943     4.6506     0.1179     0.1120    34.2380    34.2356    8.28797         26 0.0000e+00
    516.000    510.027    -1.0787  27.792020    -1.0769  27.791944     5.8139     5.9618     0.2865    98.1651 1.0000e-12  -74.04178 -116.15460  52.265708      99.90 1.6808e+01    836.152      20069  1030.0016  1029.9998     4.6568     0.1205     0.1114    34.2394    34.2372    8.28543         26 0.0000e+00
    517.000    511.014    -1.0733  27.797435    -1.0720  27.796845     5.8095     5.9534     0.5445    98.1044 1.0000e-12  -74.04178 -116.15460  52.265720      99.90 1.7130e+01    837.192      20094  1030.0067  1030.0049     4.6539     0.1193     0.1122    34.2399    34.2377    8.28419         25 0.0000e+00
    518.000    512.002    -1.0681  27.802486    -1.0657  27.803195     5.7962     5.9513     0.2217    98.1715 1.0000e-12  -74.04178 -116.15460  52.265732      99.90 1.7900e+01    838.235      20119  1030.0117  1030.0101     4.6570     0.1168     0.1131    34.2404    34.2386    8.28303         25 0.0000e+00
