ocean_section_plots/required_files/ctd/dnbp2202_ctd147.cnv
* Sea-Bird SBE 9 Data File:
* FileName = D:\Data\raw\NBP2202_CTD147.hex
* Software Version Seasave V 7.26.7.121
* Temperature SN = 1649
* Conductivity SN = 2513
* Number of Bytes Per Scan = 40
* Number of Voltage Words = 5
* Number of Scans Averaged by the Deck Unit = 1
* NMEA Latitude = 74 06.99 S
* NMEA Longitude = 113 20.89 W
* NMEA UTC (Time) = Jan 30 2022  10:48:34
* NMEA baud rate = 9600
** Ship: RVIB N.B. Palmer
** Cruise: NBP2202 Thwaites
** Station: 75
** Operator: B.Bjork
# nquan = 28
# nvalues = 367                         
# units = specified
# name 0 = prDM: Pressure, Digiquartz [db]
# name 1 = depSM: Depth [salt water, m]
# name 2 = t090C: Temperature [ITS-90, deg C]
# name 3 = c0mS/cm: Conductivity [mS/cm]
# name 4 = t190C: Temperature, 2 [ITS-90, deg C]
# name 5 = c1mS/cm: Conductivity, 2 [mS/cm]
# name 6 = sbeox0ML/L: Oxygen, SBE 43 [ml/l]
# name 7 = sbeox1ML/L: Oxygen, SBE 43, 2 [ml/l]
# name 8 = flECO-AFL: Fluorescence, WET Labs ECO-AFL/FL [mg/m^3]
# name 9 = CStarTr0: Beam Transmission, WET Labs C-Star [%]
# name 10 = par: PAR/Irradiance, Biospherical/Licor
# name 11 = latitude: Latitude [deg]
# name 12 = longitude: Longitude [deg]
# name 13 = timeJ: Julian Days
# name 14 = altM: Altimeter [m]
# name 15 = spar: SPAR, Biospherical/Licor
# name 16 = timeS: Time, Elapsed [seconds]
# name 17 = scan: Scan Count
# name 18 = density00: Density [density, kg/m^3]
# name 19 = density11: Density, 2 [density, kg/m^3]
# name 20 = v3: Voltage 3
# name 21 = v4: Voltage 4
# name 22 = v5: Voltage 5
# name 23 = sal00: Salinity, Practical [PSU]
# name 24 = sal11: Salinity, Practical, 2 [PSU]
# name 25 = oxsolML/L: Oxygen Saturation, Garcia & Gordon [ml/l]
# name 26 = nbin: number of scans per bin
# name 27 = flag: flag
# span 0 =      1.000,    367.000       
# span 1 =      0.990,    362.894       
# span 2 =    -1.4088,    -0.3342       
# span 3 =  27.018945,  28.336858       
# span 4 =    -1.4074,    -0.3335       
# span 5 =  27.019668,  28.337753       
# span 6 =     4.8384,     9.4561       
# span 7 =     4.9338,     9.5629       
# span 8 =    -0.0220,    23.2408       
# span 9 =    67.9415,    93.4172       
# span 10 = -2.453e-05, 4.3533e+01      
# span 11 =  -74.11660,  -74.11658      
# span 12 = -113.34820, -113.34817      
# span 13 =  30.452694,  30.458591      
# span 14 =       5.23,     100.17      
# span 15 = 7.9330e+01, 1.0048e+02      
# span 16 =    198.794,    708.315      
# span 17 =       4772,      17001      
# span 18 =  1027.1377,  1029.2418      
# span 19 =  1027.1353,  1029.2424      
# span 20 =     3.2237,     4.4316      
# span 21 =     0.0641,     3.8227      
# span 22 =     0.1268,     0.2607      
# span 23 =    33.7458,    34.2230      
# span 24 =    33.7433,    34.2235      
# span 25 =    8.12468,    8.38255      
# span 26 =          2,         47      
# span 27 = 0.0000e+00, 0.0000e+00      
# interval = decibars: 1                
# start_time = Jan 30 2022 10:48:34 [NMEA time, header]
# bad_flag = -9.990e-29
*END*
[from data line 259]
    260.000    257.148    -0.7092  27.886725    -0.7074  27.886405     5.0354     5.1346    -0.0153    93.3286 1.0000e-12  -74.11660 -113.34818  30.456935      99.94 9.8573e+01    565.155      13565  1028.6593  1028.6572     4.4275     0.0735     0.1318    34.1054    34.1029    8.21226         24 0.0000e+00
    261.000    258.137    -0.7091  27.887167    -0.7074  27.886773     5.0343     5.1329    -0.0156    93.3317 1.0000e-12  -74.11660 -113.34818  30.456946      99.94 9.3914e+01    566.137      13588  1028.6640  1028.6619     4.4276     0.0731     0.1319    34.1053    34.1028    8.21225         24 0.0000e+00
    262.000    259.124    -0.7106  27.886127    -0.7085  27.886117     5.0334     5.1309    -0.0163    93.3317 1.0000e-12  -74.11660 -113.34818  30.456958      99.94 9.7655e+01    567.136      13612  1028.6686  1028.6666     4.4276     0.0698     0.1324    34.1049    34.1026    8.21259         24 0.0000e+00
    263.000    260.113    -0.7097  27.887530    -0.7077  27.887316     5.0321     5.1194    -0.0036    93.3370 1.0000e-12  -74.11660 -113.34818  30.456969      99.94 9.8637e+01    568.135      13636  1028.6735  1028.6713     4.4279     0.0688     0.1312    34.1052    34.1026    8.21238         24 0.0000e+00
    264.000    261.102    -0.7093  27.888360    -0.7073  27.888106     5.0337     5.1253    -0.0048    93.3287 1.0000e-12  -74.11660 -113.34818  30.456981      99.94 9.7734e+01    569.115      13660  1028.6782  1028.6760     4.4275     0.0687     0.1299    34.1052    34.1026    8.21228         23 0.0000e+00
    265.000    262.090    -0.7093  27.888683    -0.7076  27.888305     5.0326     5.1303    -0.0125    93.3317 1.0000e-12  -74.11660 -113.34818  30.456992      99.94 9.8708e+01    570.092      13683  1028.6829  1028.6809     4.4276     0.0698     0.1313    34.1051    34.1027    8.21231         24 0.0000e+00
    266.000    263.079    -0.7089  27.889466    -0.7072  27.889045     5.0345     5.1324    -0.0207    93.3375 1.0000e-12  -74.11660 -113.34818  30.457003      93.33 9.8872e+01    571.070      13707  1028.6876  1028.6855     4.4279     0.0693     0.1331    34.1051    34.1026    8.21222         23 0.0000e+00
    267.000    264.066    -0.7096  27.889427    -0.7082  27.888873     5.0332     5.1333    -0.0083    93.3387 1.0000e-12  -74.11660 -113.34818  30.457014      80.82 9.8026e+01    572.047      13730  1028.6925  1028.6906     4.4280     0.0672     0.1319    34.1052    34.1029    8.21235         23 0.0000e+00
    268.000    265.056    -0.7098  27.889765    -0.7080  27.889340     5.0402     5.1352    -0.0111    93.3197 1.0000e-12  -74.11660 -113.34818  30.457026      95.47 9.8730e+01    573.033      13754  1028.6974  1028.6953     4.4271     0.0696     0.1332    34.1053    34.1028    8.21240         24 0.0000e+00
    269.000    266.043    -0.7099  27.889965    -0.7080  27.889720     5.0494     5.1361    -0.0126    93.3330 1.0000e-12  -74.11660 -113.34818  30.457037     100.00 9.8795e+01    574.033      13778  1028.7020  1028.6999     4.4277     0.0698     0.1321    34.1051    34.1026    8.21243         24 0.0000e+00
    270.000    267.032    -0.7120  27.888936    -0.7100  27.888895     5.0554     5.1450    -0.0172    93.3157 1.0000e-12  -74.11660 -113.34818  30.457049      99.94 9.8721e+01    575.020      13801  1028.7072  1028.7052     4.4269     0.0709     0.1318    34.1055    34.1031    8.21287         24 0.0000e+00
    271.000    268.021    -0.7169  27.886500    -0.7135  27.887232     5.0565     5.1551    -0.0187    93.3210 1.0000e-12  -74.11660 -113.34818  30.457060      99.94 9.8721e+01    576.015      13825  1028.7137  1028.7111     4.4271     0.0730     0.1312    34.1071    34.1042    8.21385         24 0.0000e+00
    272.000    269.008    -0.7172  27.886670    -0.7154  27.886333     5.0637     5.1568    -0.0113    93.3192 1.0000e-12  -74.11660 -113.34818  30.457072      99.94 9.8721e+01    577.035      13850  1028.7183  1028.7163     4.4271     0.0758     0.1305    34.1070    34.1045    8.21390         25 0.0000e+00
    273.000    269.998    -0.7198  27.885328    -0.7187  27.884650     5.0604     5.1629    -0.0026    93.3253 1.0000e-12  -74.11660 -113.34818  30.457084      99.94 9.8721e+01    578.043      13874  1028.7237  1028.7219     4.4273     0.0687     0.1317    34.1075    34.1054    8.21444         23 0.0000e+00
    274.000    270.985    -0.7226  27.883705    -0.7206  27.883694     5.0632     5.1642     0.0012    93.3155 1.0000e-12  -74.11660 -113.34818  30.457095      99.93 9.8721e+01    579.034      13898  1028.7289  1028.7270     4.4268     0.0697     0.1319    34.1078    34.1056    8.21502         24 0.0000e+00
    275.000    271.973    -0.7225  27.884659    -0.7205  27.884394     5.0677     5.1560    -0.0220    93.3370 1.0000e-12  -74.11660 -113.34818  30.457107      99.19 9.8721e+01    580.024      13922  1028.7341  1028.7320     4.4279     0.0712     0.1309    34.1084    34.1059    8.21498         23 0.0000e+00
    276.000    272.962    -0.7224  27.884860    -0.7207  27.884315     5.0652     5.1581    -0.0208    93.3284 1.0000e-12  -74.11660 -113.34818  30.457118      98.72 9.8721e+01    580.996      13945  1028.7385  1028.7363     4.4275     0.0692     0.1322    34.1080    34.1054    8.21498         24 0.0000e+00
    277.000    273.951    -0.7222  27.885718    -0.7203  27.885370     5.0595     5.1626    -0.0069    93.3328 1.0000e-12  -74.11660 -113.34818  30.457129      97.69 9.8721e+01    581.969      13968  1028.7435  1028.7413     4.4277     0.0714     0.1322    34.1083    34.1057    8.21492         24 0.0000e+00
    278.000    274.938    -0.7215  27.887015    -0.7195  27.886809     5.0579     5.1655     0.0009    93.3208 1.0000e-12  -74.11660 -113.34818  30.457141      96.64 9.8721e+01    582.957      13992  1028.7484  1028.7463     4.4271     0.0699     0.1318    34.1086    34.1062    8.21474         23 0.0000e+00
    279.000    275.927    -0.7210  27.888261    -0.7191  27.888183     5.0584     5.1635    -0.0078    93.3167 1.0000e-12  -74.11660 -113.34818  30.457152      95.52 9.8721e+01    583.946      14016  1028.7536  1028.7517     4.4269     0.0690     0.1315    34.1092    34.1070    8.21461         24 0.0000e+00
    280.000    276.915    -0.7164  27.894695    -0.7153  27.893512     5.0618     5.1590    -0.0135    93.3424 1.0000e-12  -74.11660 -113.34818  30.457164      94.53 9.8721e+01    584.933      14039  1028.7603  1028.7580     4.4281     0.0696     0.1313    34.1121    34.1093    8.21344         24 0.0000e+00
    281.000    277.903    -0.7145  27.897188    -0.7129  27.896513     5.0649     5.1637    -0.0135    93.3371 1.0000e-12  -74.11660 -113.34818  30.457175      93.51 9.8721e+01    585.931      14063  1028.7655  1028.7631     4.4279     0.0698     0.1319    34.1127    34.1100    8.21300         24 0.0000e+00
    282.000    278.892    -0.7124  27.899962    -0.7109  27.899338     5.0605     5.1612    -0.0150    93.3180 1.0000e-12  -74.11659 -113.34818  30.457187      92.43 9.8721e+01    586.927      14087  1028.7707  1028.7686     4.4270     0.0705     0.1322    34.1134    34.1110    8.21249         24 0.0000e+00
    283.000    279.880    -0.7108  27.902516    -0.7078  27.903211     5.0487     5.1500    -0.0150    93.3084 1.0000e-12  -74.11658 -113.34818  30.457198      91.50 9.6875e+01    587.918      14111  1028.7761  1028.7740     4.4265     0.0687     0.1314    34.1145    34.1120    8.21208         23 0.0000e+00
    284.000    280.870    -0.7031  27.910839    -0.6999  27.912028     5.0405     5.1366    -0.0201    93.3254 1.0000e-12  -74.11658 -113.34818  30.457210      90.44 9.8729e+01    588.921      14135  1028.7819  1028.7801     4.4273     0.0702     0.1328    34.1165    34.1144    8.21030         25 0.0000e+00
    285.000    281.856    -0.6870  27.928355    -0.6795  27.933634     5.0400     5.1360    -0.0150    93.3118 1.0000e-12  -74.11658 -113.34818  30.457221      89.41 9.8644e+01    589.920      14159  1028.7894  1028.7878     4.4267     0.0725     0.1325    34.1213    34.1199    8.20651         23 0.0000e+00
    286.000    282.846    -0.6823  27.932950    -0.6802  27.932881     5.0445     5.1443    -0.0213    93.3199 1.0000e-12  -74.11658 -113.34818  30.457233      88.41 9.7781e+01    590.898      14183  1028.7942  1028.7921     4.4271     0.0687     0.1321    34.1216    34.1192    8.20547         23 0.0000e+00
    287.000    283.834    -0.6854  27.930363    -0.6820  27.931471     5.0398     5.1385    -0.0124    93.3254 1.0000e-12  -74.11658 -113.34818  30.457244      87.31 9.8667e+01    591.877      14206  1028.7987  1028.7967     4.4273     0.0677     0.1329    34.1210    34.1187    8.20618         24 0.0000e+00
    288.000    284.822    -0.6954  27.920303    -0.6929  27.920691     5.0363     5.1316    -0.0120    93.3285 1.0000e-12  -74.11658 -113.34818  30.457255      86.31 9.8721e+01    592.860      14230  1028.8021  1028.8000     4.4275     0.0679     0.1304    34.1181    34.1158    8.20853         24 0.0000e+00
    289.000    285.811    -0.6918  27.925480    -0.6886  27.926122     5.0237     5.1247    -0.0059    93.3221 1.0000e-12  -74.11658 -113.34818  30.457267      85.26 9.7629e+01    593.845      14253  1028.8084  1028.8060     4.4271     0.0702     0.1324    34.1204    34.1176    8.20760         24 0.0000e+00
    290.000    286.798    -0.6693  27.947707    -0.6685  27.946381     5.0181     5.1259    -0.0110    93.3306 1.0000e-12  -74.11658 -113.34818  30.457278      84.29 9.8781e+01    594.843      14277  1028.8148  1028.8126     4.4276     0.0689     0.1316    34.1245    34.1218    8.20250         24 0.0000e+00
    291.000    287.786    -0.6624  27.955925    -0.6612  27.954368     5.0193     5.1280    -0.0156    93.3307 1.0000e-12  -74.11658 -113.34818  30.457290      83.43 9.8867e+01    595.850      14301  1028.8213  1028.8184     4.4276     0.0688     0.1322    34.1271    34.1237    8.20084         24 0.0000e+00
    292.000    288.775    -0.6450  27.978333    -0.6443  27.975877     4.9946     5.1076    -0.0175    93.3168 1.0000e-12  -74.11658 -113.34818  30.457301      82.31 9.7769e+01    596.852      14325  1028.8328  1028.8295     4.4269     0.0686     0.1319    34.1371    34.1330    8.19649         24 0.0000e+00
    293.000    289.763    -0.6373  27.986883    -0.6347  27.986628     4.9419     5.0597    -0.0122    93.3113 1.0000e-12  -74.11658 -113.34818  30.457313      81.31 9.8430e+01    597.859      14350  1028.8389  1028.8361     4.4267     0.0674     0.1315    34.1393    34.1360    8.19469         24 0.0000e+00
    294.000    290.751    -0.5926  28.030355    -0.5926  28.026819     4.9075     5.0159    -0.0129    93.3070 1.0000e-12  -74.11658 -113.34818  30.457325      80.30 9.8128e+01    598.872      14374  1028.8465  1028.8428     4.4264     0.0676     0.1333    34.1469    34.1422    8.18458         24 0.0000e+00
    295.000    291.739    -0.5439  28.076297    -0.5455  28.071968     4.8959     4.9985    -0.0112    93.3151 1.0000e-12  -74.11658 -113.34818  30.457337      79.29 9.7874e+01    599.877      14398  1028.8528  1028.8498     4.4268     0.0661     0.1310    34.1532    34.1492    8.17369         25 0.0000e+00
    296.000    292.728    -0.5370  28.082401    -0.5349  28.082374     4.8906     5.0017    -0.0050    93.3156 1.0000e-12  -74.11658 -113.34818  30.457348      78.31 9.7913e+01    600.892      14422  1028.8574  1028.8553     4.4269     0.0677     0.1342    34.1531    34.1507    8.17222         24 0.0000e+00
    297.000    293.715    -0.5461  28.073668    -0.5435  28.073911     4.8938     5.0045    -0.0139    93.3069 1.0000e-12  -74.11658 -113.34818  30.457360      77.38 9.8731e+01    601.909      14447  1028.8615  1028.8594     4.4263     0.0672     0.1331    34.1510    34.1485    8.17430         24 0.0000e+00
    298.000    294.705    -0.5452  28.074814    -0.5436  28.074071     4.8994     5.0011    -0.0027    93.3038 1.0000e-12  -74.11658 -113.34818  30.457372      76.32 9.7904e+01    602.907      14471  1028.8666  1028.8642     4.4263     0.0668     0.1338    34.1510    34.1481    8.17412         24 0.0000e+00
    299.000    295.692    -0.5401  28.080980    -0.5392  28.079115     4.8975     4.9978    -0.0117    93.2930 1.0000e-12  -74.11658 -113.34818  30.457383      75.21 9.6584e+01    603.901      14495  1028.8727  1028.8699     4.4258     0.0660     0.1324    34.1529    34.1494    8.17290         24 0.0000e+00
    300.000    296.681    -0.5343  28.087648    -0.5315  28.088308     4.9026     4.9996    -0.0182    93.2965 1.0000e-12  -74.11658 -113.34818  30.457395      74.45 9.8717e+01    604.915      14519  1028.8787  1028.8767     4.4259     0.0654     0.1331    34.1547    34.1524    8.17154         25 0.0000e+00
    301.000    297.669    -0.5329  28.089900    -0.5297  28.090514     4.9050     4.9989    -0.0159    93.2654 1.0000e-12  -74.11658 -113.34818  30.457407      73.22 9.8721e+01    605.932      14543  1028.8843  1028.8819     4.4245     0.0662     0.1318    34.1555    34.1528    8.17119         24 0.0000e+00
    302.000    298.657    -0.5307  28.092268    -0.5294  28.091189     4.8996     4.9978    -0.0116    93.2706 1.0000e-12  -74.11658 -113.34818  30.457418      72.16 9.8721e+01    606.939      14568  1028.8892  1028.8868     4.4247     0.0666     0.1354    34.1556    34.1527    8.17071         24 0.0000e+00
    303.000    299.644    -0.5314  28.091940    -0.5286  28.092418     4.9062     4.9958    -0.0132    93.2587 1.0000e-12  -74.11658 -113.34818  30.457430      71.19 9.8721e+01    607.947      14592  1028.8940  1028.8918     4.4241     0.0653     0.1324    34.1554    34.1528    8.17088         24 0.0000e+00
    304.000    300.634    -0.5249  28.099363    -0.5213  28.099993     4.9016     4.9890    -0.0123    93.2631 1.0000e-12  -74.11658 -113.34818  30.457442      70.22 9.8721e+01    608.949      14616  1028.9000  1028.8972     4.4244     0.0650     0.1332    34.1574    34.1542    8.16935         24 0.0000e+00
    305.000    301.621    -0.5290  28.095375    -0.5256  28.096382     4.8994     4.9950    -0.0083    93.2716 1.0000e-12  -74.11658 -113.34818  30.457453      69.09 9.8721e+01    609.935      14639  1028.9042  1028.9020     4.4247     0.0647     0.1324    34.1560    34.1536    8.17032         24 0.0000e+00
    306.000    302.610    -0.5266  28.098366    -0.5251  28.097429     4.9000     4.9973    -0.0054    93.2455 1.0000e-12  -74.11658 -113.34818  30.457465      68.06 9.8721e+01    610.939      14664  1028.9094  1028.9071     4.4235     0.0669     0.1346    34.1568    34.1538    8.16976         25 0.0000e+00
    307.000    303.598    -0.5246  28.100775    -0.5225  28.100385     4.8961     4.9931    -0.0127    93.2457 1.0000e-12  -74.11658 -113.34818  30.457476      67.30 9.8721e+01    611.941      14688  1028.9145  1028.9121     4.4235     0.0667     0.1339    34.1571    34.1543    8.16931         23 0.0000e+00
    308.000    304.586    -0.5246  28.101262    -0.5227  28.100605     4.8991     4.9928    -0.0199    93.2523 1.0000e-12  -74.11658 -113.34818  30.457488      66.21 9.8338e+01    612.938      14712  1028.9193  1028.9169     4.4238     0.0655     0.1340    34.1572    34.1541    8.16930         24 0.0000e+00
    309.000    305.575    -0.5247  28.101473    -0.5231  28.100671     4.9007     4.9961    -0.0116    93.2502 1.0000e-12  -74.11658 -113.34818  30.457499      65.17 9.8368e+01    613.950      14736  1028.9241  1028.9217     4.4237     0.0651     0.1342    34.1570    34.1541    8.16933         25 0.0000e+00
    310.000    306.563    -0.5240  28.102577    -0.5218  28.102469     4.9029     4.9948    -0.0111    93.2343 1.0000e-12  -74.11658 -113.34817  30.457511      64.24 9.8716e+01    614.965      14760  1028.9290  1028.9267     4.4230     0.0668     0.1329    34.1571    34.1544    8.16919         24 0.0000e+00
