ocean_section_plots/required_files/ctd/dnbp2202_ctd222.cnv
* Sea-Bird SBE 9 Data File:
* FileName = D:\Data\raw\NBP2202_CTD222.hex
* Software Version Seasave V 7.26.7.121
* Temperature SN = 1649
* Conductivity SN = 2513
* Number of Bytes Per Scan = 40
* Number of Voltage Words = 5
* Number of Scans Averaged by the Deck Unit = 1
* NMEA Latitude = 74 10.77 S
* NMEA Longitude = 110 50.68 W
* NMEA UTC (Time) = Feb 11 2022  15:09:01
* NMEA baud rate = 9600
** Ship: RVIB N.B. Palmer
** Cruise: NBP2202 Thwaites
** Station: 133
** Operator: A. Robinson
# nquan = 28
# nvalues = 348                         
# units = specified
# name 0 = prDM: Pressure, Digiquartz [db]
# name 1 = depSM: Depth [salt water, m]
# name 2 = t090C: Temperature [ITS-90, deg C]
# name 3 = c0mS/cm: Conductivity [mS/cm]
# name 4 = t190C: Temperature, 2 [ITS-90, deg C]
# name 5 = c1mS/cm: Conductivity, 2 [mS/cm]
# name 6 = sbeox0ML/L: Oxygen, SBE 43 [ml/l]
# name 7 = sbeox1ML/L: Oxygen, SBE 43, 2 [ml/l]
# name 8 = flECO-AFL: Fluorescence, WET Labs ECO-AFL/FL [mg/m^3]
# name 9 = CStarTr0: Beam Transmission, WET Labs C-Star [%]
# name 10 = par: PAR/Irradiance, Biospherical/Licor
# name 11 = latitude: Latitude [deg]
# name 12 = longitude: Longitude [deg]
# name 13 = timeJ: Julian Days
# name 14 = altM: Altimeter [m]
# name 15 = spar: SPAR, Biospherical/Licor
# name 16 = timeS: Time, Elapsed [seconds]
# name 17 = scan: Scan Count
# name 18 = density00: Density [density, kg/m^3]
# name 19 = density11: Density, 2 [density, kg/m^3]
# name 20 = v3: Voltage 3
# name 21 = v4: Voltage 4
# name 22 = v5: Voltage 5
# name 23 = sal00: Salinity, Practical [PSU]
# name 24 = sal11: Salinity, Practical, 2 [PSU]
# name 25 = oxsolML/L: Oxygen Saturation, Garcia & Gordon [ml/l]
# name 26 = nbin: number of scans per bin
# name 27 = flag: flag
# span 0 =      2.000,    349.000       
# span 1 =      1.979,    345.098       
# span 2 =    -1.5007,    -1.1339       
# span 3 =  26.856083,  27.446224       
# span 4 =    -1.5002,    -1.1323       
# span 5 =  26.856773,  27.446031       
# span 6 =     5.5396,     6.5262       
# span 7 =     5.7137,     6.6242       
# span 8 =    -0.0224,     2.0249       
# span 9 =    93.3363,    97.3629       
# span 10 = 1.0000e-12, 7.4863e+01      
# span 11 =  -74.17960,  -74.17958      
# span 12 = -110.84476, -110.84470      
# span 13 =  42.633357,  42.639289      
# span 14 =       5.24,     100.42      
# span 15 = 1.9392e+02, 2.6774e+02      
# span 16 =    181.018,    693.562      
# span 17 =       4345,      16646      
# span 18 =  1027.1679,  1029.0970      
# span 19 =  1027.1684,  1029.0955      
# span 20 =     4.4278,     4.6187      
# span 21 =     0.0639,     0.4081      
# span 22 =     0.1196,     0.1441      
# span 23 =    33.7519,    34.0881      
# span 24 =    33.7527,    34.0864      
# span 25 =    8.31011,    8.40854      
# span 26 =         25,         57      
# span 27 = 0.0000e+00, 0.0000e+00      
# interval = decibars: 1                
# start_time = Feb 11 2022 15:09:01 [NMEA time, header]
# bad_flag = -9.990e-29
*END*
[from data line 311]
    313.000    309.525    -1.3302  27.368005    -1.3285  27.368145     6.0480     6.2270    -0.0120    97.1332 1.0000e-12  -74.17958 -110.84472  42.638210      42.96 2.4436e+02    600.307      14408  1028.9117  1028.9102     4.6078     0.0643     0.1321    34.0697    34.0679    8.35133         39 0.0000e+00
    314.000    310.515    -1.3281  27.370611    -1.3262  27.370881     6.0443     6.2234    -0.0150    97.1525 1.0000e-12  -74.17958 -110.84472  42.638229      41.77 2.4461e+02    601.991      14449  1028.9168  1028.9152     4.6088     0.0652     0.1370    34.0703    34.0685    8.35083         37 0.0000e+00
    315.000    311.502    -1.3257  27.373530    -1.3241  27.373447     6.0434     6.2188    -0.0066    97.1376 1.0000e-12  -74.17958 -110.84472  42.638249      40.39 2.4668e+02    603.683      14489  1028.9220  1028.9204     4.6081     0.0643     0.1318    34.0710    34.0690    8.35026         41 0.0000e+00
    316.000    312.491    -1.3231  27.376606    -1.3215  27.376563     6.0414     6.2194    -0.0183    97.1366 1.0000e-12  -74.17958 -110.84472  42.638269      39.78 2.4616e+02    605.421      14531  1028.9271  1028.9255     4.6081     0.0648     0.1310    34.0716    34.0697    8.34963         39 0.0000e+00
    317.000    313.478    -1.3222  27.378101    -1.3207  27.378012     6.0420     6.2236    -0.0125    97.1641 1.0000e-12  -74.17958 -110.84472  42.638288      38.44 2.4640e+02    607.125      14572  1028.9322  1028.9307     4.6093     0.0652     0.1288    34.0720    34.0702    8.34940         39 0.0000e+00
    318.000    314.467    -1.3207  27.380066    -1.3192  27.380073     6.0414     6.2205    -0.0108    97.1716 1.0000e-12  -74.17958 -110.84472  42.638308      37.24 2.4759e+02    608.833      14613  1028.9373  1028.9358     4.6097     0.0646     0.1327    34.0724    34.0707    8.34906         42 0.0000e+00
    319.000    315.455    -1.3164  27.385021    -1.3147  27.385033     6.0267     6.2109    -0.0113    97.1472 1.0000e-12  -74.17958 -110.84472  42.638328      36.47 2.4757e+02    610.573      14655  1028.9428  1028.9412     4.6085     0.0654     0.1329    34.0737    34.0718    8.34801         39 0.0000e+00
    320.000    316.443    -1.3090  27.392933    -1.3072  27.392873     6.0240     6.2134    -0.0161    97.1548 1.0000e-12  -74.17958 -110.84472  42.638348      35.45 2.4831e+02    612.286      14696  1028.9486  1028.9468     4.6089     0.0641     0.1310    34.0755    34.0734    8.34625         37 0.0000e+00
    321.000    317.432    -1.3065  27.395724    -1.3049  27.395676     6.0340     6.2143    -0.0128    97.0534 1.0000e-12  -74.17958 -110.84472  42.638368      34.15 2.4857e+02    613.962      14736  1028.9536  1028.9520     4.6041     0.0655     0.1323    34.0758    34.0740    8.34566         40 0.0000e+00
    322.000    318.419    -1.3016  27.403051    -1.3010  27.401519     6.0296     6.2204    -0.0122    97.1910 1.0000e-12  -74.17958 -110.84472  42.638388      33.17 2.4857e+02    615.692      14778  1028.9612  1028.9590     4.6106     0.0647     0.1320    34.0797    34.0770    8.34434         42 0.0000e+00
    323.000    319.408    -1.2984  27.407010    -1.2971  27.406577     6.0329     6.2101    -0.0107    97.1954 1.0000e-12  -74.17958 -110.84472  42.638407      32.11 2.4866e+02    617.412      14819  1028.9668  1028.9651     4.6108     0.0653     0.1282    34.0809    34.0788    8.34355         39 0.0000e+00
    324.000    320.395    -1.2994  27.406387    -1.2977  27.406499     6.0314     6.2119    -0.0102    97.1891 1.0000e-12  -74.17958 -110.84472  42.638428      31.08 2.4960e+02    619.135      14860  1028.9715  1028.9700     4.6105     0.0660     0.1302    34.0805    34.0788    8.34380         38 0.0000e+00
    325.000    321.383    -1.3000  27.406144    -1.2984  27.406212     6.0338     6.2144    -0.0111    97.1757 1.0000e-12  -74.17958 -110.84472  42.638448      30.28 2.4943e+02    620.942      14904  1028.9762  1028.9747     4.6099     0.0661     0.1358    34.0803    34.0785    8.34396         41 0.0000e+00
    326.000    322.372    -1.3013  27.404958    -1.3003  27.404452     6.0335     6.2143    -0.0132    97.2163 1.0000e-12  -74.17958 -110.84472  42.638469      29.10 2.4995e+02    622.739      14947  1028.9805  1028.9790     4.6118     0.0660     0.1326    34.0796    34.0777    8.34429         38 0.0000e+00
    327.000    323.359    -1.3004  27.406526    -1.2992  27.405964     6.0338     6.2103    -0.0079    97.2152 1.0000e-12  -74.17958 -110.84472  42.638490      28.17 2.5028e+02    624.537      14990  1028.9856  1028.9839     4.6117     0.0660     0.1298    34.0800    34.0779    8.34405         40 0.0000e+00
    328.000    324.348    -1.2961  27.411327    -1.2941  27.411760     6.0324     6.2097    -0.0180    97.2339 1.0000e-12  -74.17958 -110.84472  42.638511      27.07 2.5033e+02    626.318      15033  1028.9910  1028.9895     4.6126     0.0669     0.1328    34.0811    34.0794    8.34303         45 0.0000e+00
    329.000    325.336    -1.2942  27.413623    -1.2927  27.413587     6.0266     6.2101    -0.0215    97.2532 1.0000e-12  -74.17959 -110.84472  42.638531      25.96 2.5033e+02    628.108      15076  1028.9960  1028.9945     4.6136     0.0667     0.1322    34.0815    34.0798    8.34259         40 0.0000e+00
    330.000    326.324    -1.2908  27.417996    -1.2887  27.418249     6.0269     6.2094    -0.0154    97.2292 1.0000e-12  -74.17959 -110.84472  42.638551      24.97 2.5197e+02    629.827      15117  1029.0018  1029.0001     4.6124     0.0661     0.1293    34.0830    34.0810    8.34173         37 0.0000e+00
    331.000    327.311    -1.2891  27.419911    -1.2875  27.419815     6.0226     6.2128    -0.0084    97.2443 1.0000e-12  -74.17960 -110.84472  42.638572      23.86 2.5209e+02    631.607      15160  1029.0066  1029.0050     4.6131     0.0657     0.1272    34.0831    34.0812    8.34135         38 0.0000e+00
    332.000    328.301    -1.2897  27.419903    -1.2881  27.419935     6.0365     6.2143    -0.0083    97.2482 1.0000e-12  -74.17960 -110.84471  42.638593      22.81 2.5200e+02    633.410      15203  1029.0115  1029.0100     4.6133     0.0660     0.1321    34.0832    34.0814    8.34149         39 0.0000e+00
    333.000    329.289    -1.2944  27.417035    -1.2930  27.417015     6.0467     6.2205    -0.0152    97.2309 1.0000e-12  -74.17960 -110.84471  42.638613      21.73 2.5322e+02    635.159      15245  1029.0173  1029.0158     4.6125     0.0667     0.1277    34.0840    34.0823    8.34249         40 0.0000e+00
    334.000    330.275    -1.2971  27.416243    -1.2956  27.416156     6.0535     6.2277    -0.0096    97.2297 1.0000e-12  -74.17960 -110.84471  42.638634      20.79 2.5378e+02    636.960      15288  1029.0233  1029.0218     4.6124     0.0671     0.1307    34.0853    34.0835    8.34300         39 0.0000e+00
    335.000    331.264    -1.2973  27.416541    -1.2959  27.416448     6.0539     6.2309    -0.0125    97.2452 1.0000e-12  -74.17960 -110.84471  42.638655      19.76 2.5315e+02    638.803      15332  1029.0282  1029.0267     4.6131     0.0666     0.1314    34.0854    34.0836    8.34306         43 0.0000e+00
    336.000    332.253    -1.2978  27.416710    -1.2962  27.416742     6.0496     6.2347    -0.0181    97.2281 1.0000e-12  -74.17960 -110.84472  42.638675      18.68 2.5437e+02    640.529      15374  1029.0330  1029.0316     4.6123     0.0665     0.1344    34.0855    34.0838    8.34315         33 0.0000e+00
    337.000    333.240    -1.2979  27.417271    -1.2963  27.417197     6.0539     6.2310    -0.0158    97.2438 1.0000e-12  -74.17960 -110.84472  42.638696      17.62 2.5550e+02    642.312      15416  1029.0380  1029.0365     4.6131     0.0665     0.1317    34.0858    34.0839    8.34316         40 0.0000e+00
    338.000    334.228    -1.2980  27.418121    -1.2964  27.418151     6.0548     6.2319    -0.0159    97.2276 1.0000e-12  -74.17960 -110.84472  42.638716      16.58 2.5478e+02    644.093      15459  1029.0433  1029.0419     4.6123     0.0668     0.1322    34.0864    34.0847    8.34314         42 0.0000e+00
    339.000    335.217    -1.2978  27.418894    -1.2962  27.418840     6.0534     6.2316    -0.0141    97.2451 1.0000e-12  -74.17960 -110.84472  42.638737      15.58 2.5563e+02    645.853      15501  1029.0482  1029.0467     4.6132     0.0668     0.1310    34.0866    34.0848    8.34308         40 0.0000e+00
    340.000    336.205    -1.2973  27.420118    -1.2957  27.419990     6.0545     6.2329    -0.0079    97.2685 1.0000e-12  -74.17960 -110.84472  42.638757      14.53 2.5562e+02    647.612      15544  1029.0534  1029.0517     4.6143     0.0675     0.1303    34.0871    34.0851    8.34294         40 0.0000e+00
    341.000    337.193    -1.2961  27.422014    -1.2947  27.421688     6.0557     6.2390    -0.0183    97.2804 1.0000e-12  -74.17960 -110.84472  42.638778      13.48 2.5562e+02    649.412      15587  1029.0587  1029.0569     4.6148     0.0672     0.1327    34.0878    34.0857    8.34264         36 0.0000e+00
    342.000    338.180    -1.2963  27.422187    -1.2947  27.422238     6.0537     6.2370    -0.0103    97.2689 1.0000e-12  -74.17960 -110.84472  42.638801      12.43 2.5675e+02    651.374      15634  1029.0632  1029.0618     4.6143     0.0685     0.1281    34.0876    34.0859    8.34268         43 0.0000e+00
    343.000    339.169    -1.2962  27.422809    -1.2946  27.422738     6.0546     6.2309    -0.0191    97.2560 1.0000e-12  -74.17960 -110.84472  42.638824      11.40 2.5736e+02    653.384      15682  1029.0682  1029.0666     4.6137     0.0675     0.1311    34.0877    34.0859    8.34266         42 0.0000e+00
    344.000    340.157    -1.2960  27.423511    -1.2943  27.423560     6.0586     6.2348    -0.0152    97.2494 1.0000e-12  -74.17960 -110.84472  42.638848      10.38 2.5738e+02    655.438      15732  1029.0730  1029.0715     4.6133     0.0679     0.1330    34.0878    34.0860    8.34260         35 0.0000e+00
    345.000    341.145    -1.2954  27.424686    -1.2938  27.424709     6.0552     6.2362    -0.0108    97.2743 1.0000e-12  -74.17960 -110.84472  42.638872       9.33 2.5738e+02    657.521      15782  1029.0780  1029.0765     4.6145     0.0674     0.1322    34.0881    34.0864    8.34245         35 0.0000e+00
    346.000    342.130    -1.2953  27.425163    -1.2937  27.425116     6.0560     6.2368    -0.0192    97.2692 1.0000e-12  -74.17960 -110.84472  42.638899       8.24 2.5780e+02    659.864      15838  1029.0827  1029.0812     4.6143     0.0672     0.1306    34.0881    34.0863    8.34244         33 0.0000e+00
    347.000    343.122    -1.2954  27.425535    -1.2938  27.425530     6.0588     6.2369    -0.0127    97.2639 1.0000e-12  -74.17960 -110.84472  42.638932       7.18 2.5735e+02    662.756      15907  1029.0875  1029.0859     4.6140     0.0672     0.1376    34.0881    34.0862    8.34246         43 0.0000e+00
    348.000    344.109    -1.2951  27.426239    -1.2936  27.426143     6.0542     6.2367    -0.0164    97.2523 1.0000e-12  -74.17960 -110.84472  42.638970       6.16 2.5781e+02    666.040      15986  1029.0923  1029.0907     4.6135     0.0672     0.1290    34.0881    34.0863    8.34240         44 0.0000e+00
    349.000    345.098    -1.2950  27.426695    -1.2933  27.426780     6.0525     6.2373    -0.0081    97.2340 1.0000e-12  -74.17960 -110.84472  42.639289       5.24 2.6774e+02    693.562      16646  1029.0970  1029.0955     4.6127     0.0673     0.1331    34.0880    34.0862    8.34238         57 0.0000e+00
