ocean_section_plots/required_files/ctd/dnbp2202_ctd242.cnv
* Sea-Bird SBE 9 Data File:
* FileName = D:\Data\raw\NBP2202_CTD242.hex
* Software Version Seasave V 7.26.7.121
* Temperature SN = 1649
* Conductivity SN = 2513
* Number of Bytes Per Scan = 40
* Number of Voltage Words = 5
* Number of Scans Averaged by the Deck Unit = 1
* NMEA Latitude = 73 54.84 S
* NMEA Longitude = 118 51.48 W
* NMEA UTC (Time) = Feb 14 2022  23:43:54
* NMEA baud rate = 9600
** Ship: RVIB N.B. Palmer
** Cruise: NBP2202 Thwaites
** Station: 152
** Operator: A. Robinson
# nquan = 28
# nvalues = 341                         
# units = specified
# name 0 = prDM: Pressure, Digiquartz [db]
# name 1 = depSM: Depth [salt water, m]
# name 2 = t090C: Temperature [ITS-90, deg C]
# name 3 = c0mS/cm: Conductivity [mS/cm]
# name 4 = t190C: Temperature, 2 [ITS-90, deg C]
# name 5 = c1mS/cm: Conductivity, 2 [mS/cm]
# name 6 = sbeox0ML/L: Oxygen, SBE 43 [ml/l]
# name 7 = sbeox1ML/L: Oxygen, SBE 43, 2 [ml/l]
# name 8 = flECO-AFL: Fluorescence, WET Labs ECO-AFL/FL [mg/m^3]
# name 9 = CStarTr0: Beam Transmission, WET Labs C-Star [%]
# name 10 = par: PAR/Irradiance, Biospherical/Licor
# name 11 = latitude: Latitude [deg]
# name 12 = longitude: Longitude [deg]
# name 13 = timeJ: Julian Days
# name 14 = altM: Altimeter [m]
# name 15 = spar: SPAR, Biospherical/Licor
# name 16 = timeS: Time, Elapsed [seconds]
# name 17 = scan: Scan Count
# name 18 = density00: Density [density, kg/m^3]
# name 19 = density11: Density, 2 [density, kg/m^3]
# name 20 = v3: Voltage 3
# name 21 = v4: Voltage 4
# name 22 = v5: Voltage 5
# name 23 = sal00: Salinity, Practical [PSU]
# name 24 = sal11: Salinity, Practical, 2 [PSU]
# name 25 = oxsolML/L: Oxygen Saturation, Garcia & Gordon [ml/l]
# name 26 = nbin: number of scans per bin
# name 27 = flag: flag
# span 0 =      2.000,    342.000       
# span 1 =      1.986,    338.189       
# span 2 =    -1.4413,    -0.1836       
# span 3 =  27.176168,  28.035653       
# span 4 =    -1.4411,    -0.1824       
# span 5 =  27.176008,  28.035506       
# span 6 =     5.8293,     9.2295       
# span 7 =     6.0587,     9.5888       
# span 8 =    -0.0200,    10.2785       
# span 9 =    86.3773,    97.2634       
# span 10 = 1.0000e-12, 2.6272e+02      
# span 11 =  -73.91404,  -73.91402      
# span 12 = -118.85814, -118.85812      
# span 13 =  45.991545,  45.997698      
# span 14 =       3.65,     107.54      
# span 15 = 5.8187e+02, 6.0259e+02      
# span 16 =    235.486,    767.129      
# span 17 =       5653,      18412      
# span 18 =  1027.1346,  1029.0617      
# span 19 =  1027.1367,  1029.0601      
# span 20 =     4.0986,     4.6140      
# span 21 =     0.0639,     2.0474      
# span 22 =     0.1129,     0.1955      
# span 23 =    33.7643,    34.0852      
# span 24 =    33.7653,    34.0834      
# span 25 =    8.11399,    8.37894      
# span 26 =         10,         49      
# span 27 = 0.0000e+00, 0.0000e+00      
# interval = decibars: 1                
# start_time = Feb 14 2022 23:43:54 [NMEA time, header]
# bad_flag = -9.990e-29
*END*
[from data line 104]
    106.000    104.878    -1.2459  27.260898    -1.2480  27.259212     6.3577     6.6036     1.9829    92.0316 1.0000e-12  -73.91402 -118.85814  45.993454      99.77 5.9905e+02    400.450       9612  1027.8260  1027.8261     4.3660     0.6435     0.1384    33.9556    33.9556    8.33926         26 0.0000e+00
    107.000    105.866    -1.2592  27.249370    -1.2635  27.247365     6.2973     6.5648     2.1094    92.4658 1.0000e-12  -73.91402 -118.85814  45.993466      99.74 5.9847e+02    401.499       9637  1027.8303  1027.8323     4.3866     0.7104     0.1401    33.9542    33.9564    8.34230         25 0.0000e+00
    108.000    106.856    -1.2715  27.240617    -1.2745  27.238526     6.2998     6.5692     2.9157    93.6871 1.0000e-12  -73.91402 -118.85814  45.993479      99.79 5.9903e+02    402.546       9662  1027.8368  1027.8374     4.4444     0.5479     0.1482    33.9556    33.9561    8.34497         25 0.0000e+00
    109.000    107.845    -1.2725  27.240180    -1.2742  27.239302     6.3500     6.5978     2.4225    93.5471 1.0000e-12  -73.91402 -118.85814  45.993491      99.78 5.9856e+02    403.613       9688  1027.8414  1027.8420     4.4378     0.5266     0.1382    33.9555    33.9561    8.34520         26 0.0000e+00
    110.000    108.834    -1.2695  27.243437    -1.2692  27.244012     6.3892     6.6272     1.9593    93.6162 1.0000e-12  -73.91402 -118.85814  45.993503      99.83 5.9818e+02    404.672       9713  1027.8462  1027.8465     4.4411     0.2889     0.1376    33.9559    33.9564    8.34450         25 0.0000e+00
    111.000    109.822    -1.2624  27.250032    -1.2603  27.251809     6.3772     6.6105     2.1903    93.3495 1.0000e-12  -73.91402 -118.85814  45.993515      99.84 5.9898e+02    405.732       9739  1027.8507  1027.8505     4.4284     0.3204     0.1354    33.9563    33.9563    8.34290         26 0.0000e+00
    112.000    110.813    -1.2556  27.255283    -1.2565  27.255436     6.3213     6.5639     2.3511    93.3501 1.0000e-12  -73.91402 -118.85814  45.993528      99.84 5.9889e+02    406.795       9764  1027.8540  1027.8551     4.4285     0.3098     0.1293    33.9551    33.9564    8.34144         25 0.0000e+00
    113.000    111.801    -1.2725  27.242273    -1.2730  27.242343     6.2792     6.5361     2.3273    93.6723 1.0000e-12  -73.91402 -118.85814  45.993540      99.79 5.9829e+02    407.868       9790  1027.8604  1027.8609     4.4438     0.5081     0.1386    33.9558    33.9565    8.34518         26 0.0000e+00
    114.000    112.790    -1.2760  27.240140    -1.2769  27.239691     6.2817     6.5285     2.2138    93.0024 1.0000e-12  -73.91402 -118.85814  45.993553      99.76 5.9853e+02    408.955       9816  1027.8656  1027.8660     4.4124     0.6115     0.1302    33.9562    33.9567    8.34593         27 0.0000e+00
    115.000    113.780    -1.2774  27.239379    -1.2784  27.238931     6.2734     6.5340     1.6164    94.3877 1.0000e-12  -73.91402 -118.85814  45.993565      99.79 5.9868e+02    410.036       9842  1027.8703  1027.8708     4.4772     0.5059     0.1339    33.9561    33.9567    8.34625         25 0.0000e+00
    116.000    114.769    -1.2788  27.238867    -1.2781  27.239665     6.3026     6.5429     1.4315    94.2238 1.0000e-12  -73.91402 -118.85814  45.993577      99.84 5.9776e+02    411.088       9867  1027.8753  1027.8755     4.4699     0.3116     0.1300    33.9564    33.9567    8.34654         25 0.0000e+00
    117.000    115.758    -1.2768  27.241000    -1.2765  27.241382     6.3171     6.5550     2.3633    94.0871 1.0000e-12  -73.91402 -118.85814  45.993590      99.83 5.9701e+02    412.137       9892  1027.8800  1027.8800     4.4634     0.2835     0.1309    33.9565    33.9566    8.34611         26 0.0000e+00
    118.000    116.748    -1.2691  27.247304    -1.2692  27.247379     6.3193     6.5621     2.2190    94.2289 1.0000e-12  -73.91402 -118.85814  45.993602      99.85 5.9883e+02    413.224       9918  1027.8837  1027.8838     4.4702     0.2046     0.1290    33.9558    33.9560    8.34443         26 0.0000e+00
    119.000    117.735    -1.2699  27.247158    -1.2700  27.247404     6.3279     6.5531     1.6635    94.4470 1.0000e-12  -73.91402 -118.85814  45.993615      99.82 5.9788e+02    414.320       9945  1027.8885  1027.8888     4.4805     0.3809     0.1331    33.9559    33.9562    8.34460         26 0.0000e+00
    120.000    118.726    -1.2694  27.248250    -1.2699  27.248011     6.3172     6.5576     2.2547    94.5398 1.0000e-12  -73.91402 -118.85814  45.993627      98.71 5.9748e+02    415.398       9971  1027.8934  1027.8937     4.4849     0.2900     0.1293    33.9561    33.9564    8.34446         26 0.0000e+00
    121.000    119.713    -1.2685  27.249116    -1.2687  27.249217     6.3144     6.5510     1.9915    94.2800 1.0000e-12  -73.91402 -118.85814  45.993640      99.80 5.9748e+02    416.467       9996  1027.8978  1027.8981     4.4727     0.4210     0.1322    33.9557    33.9561    8.34430         26 0.0000e+00
    122.000    120.703    -1.2697  27.248694    -1.2695  27.248982     6.2950     6.5391     1.6861    94.5561 1.0000e-12  -73.91402 -118.85814  45.993652      99.83 5.9781e+02    417.570      10023  1027.9027  1027.9029     4.4855     0.3314     0.1307    33.9558    33.9560    8.34454         27 0.0000e+00
    123.000    121.693    -1.2691  27.249582    -1.2691  27.249663     6.2599     6.5043     1.6554    93.7928 1.0000e-12  -73.91402 -118.85814  45.993666      99.82 5.9737e+02    418.724      10050  1027.9074  1027.9076     4.4494     0.3629     0.1277    33.9557    33.9559    8.34441         28 0.0000e+00
    124.000    122.681    -1.2791  27.242563    -1.2801  27.242423     6.2337     6.4752     2.2546    93.4631 1.0000e-12  -73.91402 -118.85814  45.993679      99.82 5.9856e+02    419.894      10078  1027.9138  1027.9146     4.4339     0.3727     0.1301    33.9569    33.9578    8.34659         28 0.0000e+00
    125.000    123.670    -1.2786  27.244021    -1.2783  27.244115     6.1858     6.4357     1.8752    93.8931 1.0000e-12  -73.91402 -118.85814  45.993692      99.83 5.9833e+02    420.995      10105  1027.9191  1027.9189     4.4542     0.3719     0.1308    33.9576    33.9574    8.34642         25 0.0000e+00
    126.000    124.660    -1.2901  27.235384    -1.2890  27.237095     6.1563     6.4085     1.8003    94.5558 1.0000e-12  -73.91402 -118.85814  45.993704      99.84 5.9790e+02    422.038      10130  1027.9251  1027.9258     4.4857     0.2876     0.1351    33.9582    33.9593    8.34896         25 0.0000e+00
    127.000    125.649    -1.3014  27.228740    -1.3030  27.227782     6.1404     6.4027     1.8192    94.5718 1.0000e-12  -73.91402 -118.85814  45.993717      99.81 5.9795e+02    423.112      10156  1027.9330  1027.9335     4.4863     0.4422     0.1308    33.9613    33.9618    8.35132         27 0.0000e+00
    128.000    126.637    -1.3065  27.225542    -1.3059  27.226162     6.2248     6.4358     1.3522    93.5744 1.0000e-12  -73.91402 -118.85814  45.993730      99.83 5.9822e+02    424.276      10184  1027.9386  1027.9387     4.4391     0.3088     0.1338    33.9621    33.9623    8.35241         29 0.0000e+00
    129.000    127.627    -1.3039  27.228376    -1.3008  27.230135     6.2459     6.4690     1.4593    94.1375 1.0000e-12  -73.91402 -118.85814  45.993744      99.84 5.9763e+02    425.462      10212  1027.9434  1027.9423     4.4658     0.3033     0.1281    33.9624    33.9613    8.35181         28 0.0000e+00
    130.000    128.615    -1.2814  27.244349    -1.2828  27.243105     6.2418     6.4554     1.3377    95.1130 1.0000e-12  -73.91402 -118.85814  45.993757      99.85 5.9762e+02    426.588      10239  1027.9433  1027.9433     4.5121     0.1992     0.1313    33.9582    33.9581    8.34703         25 0.0000e+00
    131.000    129.606    -1.2786  27.246787    -1.2780  27.247084     6.1355     6.3794     1.7076    95.1753 1.0000e-12  -73.91402 -118.85814  45.993769      99.83 5.9762e+02    427.660      10265  1027.9475  1027.9473     4.5150     0.3026     0.1300    33.9577    33.9575    8.34643         26 0.0000e+00
    132.000    130.593    -1.2925  27.235817    -1.2963  27.234243     6.0395     6.2825     1.3780    94.9756 1.0000e-12  -73.91402 -118.85814  45.993782      99.83 5.9762e+02    428.748      10291  1027.9533  1027.9553     4.5055     0.3131     0.1396    33.9578    33.9599    8.34953         27 0.0000e+00
    133.000    131.583    -1.3391  27.205058    -1.3379  27.205981     5.9684     6.2160     0.9359    94.9095 1.0000e-12  -73.91402 -118.85814  45.993795      99.82 5.9762e+02    429.902      10319  1027.9691  1027.9690     4.5026     0.3411     0.1277    33.9678    33.9677    8.35936         29 0.0000e+00
    134.000    132.572    -1.3372  27.206057    -1.3452  27.201347     5.9176     6.1668     1.2448    95.1691 1.0000e-12  -73.91402 -118.85814  45.993808      99.86 5.9762e+02    431.052      10346  1027.9724  1027.9750     4.5146     0.1855     0.1241    33.9664    33.9690    8.35902         26 0.0000e+00
    135.000    133.560    -1.3584  27.192562    -1.3592  27.192123     5.8820     6.1312     1.2955    95.1773 1.0000e-12  -73.91402 -118.85814  45.993821      99.82 5.9762e+02    432.121      10372  1027.9823  1027.9826     4.5151     0.3485     0.1290    33.9713    33.9716    8.36348         25 0.0000e+00
    136.000    134.551    -1.3692  27.186478    -1.3714  27.185970     5.8647     6.1076     0.8377    94.8793 1.0000e-12  -73.91402 -118.85814  45.993833      99.83 5.9762e+02    433.167      10397  1027.9903  1027.9919     4.5010     0.3150     0.1254    33.9746    33.9764    8.36571         26 0.0000e+00
    137.000    135.539    -1.3919  27.180014    -1.3924  27.179689     5.8613     6.1021     1.4521    95.3181 1.0000e-12  -73.91402 -118.85814  45.993846      99.85 5.9762e+02    434.287      10424  1028.0094  1028.0096     4.5218     0.1511     0.1213    33.9908    33.9911    8.36983         28 0.0000e+00
    138.000    136.527    -1.3941  27.181166    -1.3943  27.181538     5.8695     6.1059     0.9626    95.0535 1.0000e-12  -73.91402 -118.85814  45.993860      99.85 5.9762e+02    435.475      10452  1028.0169  1028.0175     4.5093     0.1510     0.1189    33.9944    33.9951    8.37014         28 0.0000e+00
    139.000    137.517    -1.3955  27.183855    -1.3957  27.184268     5.8786     6.1089     0.2508    95.3033 1.0000e-12  -73.91402 -118.85813  45.993873      99.85 5.9762e+02    436.633      10480  1028.0253  1028.0259     4.5211     0.1637     0.1241    33.9990    33.9998    8.37017         27 0.0000e+00
    140.000    138.506    -1.3961  27.185316    -1.3960  27.185540     5.8629     6.1047     0.4521    96.3004 1.0000e-12  -73.91402 -118.85813  45.993886      99.85 5.9762e+02    437.729      10506  1028.0316  1028.0317     4.5683     0.1413     0.1204    34.0011    34.0013    8.37018         26 0.0000e+00
    141.000    139.496    -1.3957  27.185865    -1.3958  27.186037     5.8875     6.1044     0.2584    96.2229 1.0000e-12  -73.91402 -118.85813  45.993898      99.84 5.9762e+02    438.804      10532  1028.0360  1028.0361     4.5647     0.1910     0.1183    34.0008    34.0011    8.37011         26 0.0000e+00
    142.000    140.484    -1.3956  27.185762    -1.3955  27.185973     5.8910     6.1076     0.4436    96.1124 1.0000e-12  -73.91402 -118.85814  45.993911      99.85 5.9762e+02    439.933      10559  1028.0398  1028.0399     4.5595     0.1612     0.1200    33.9999    34.0000    8.37014         28 0.0000e+00
    143.000    141.473    -1.3956  27.186380    -1.3955  27.186516     5.8855     6.1081     0.2112    95.5917 1.0000e-12  -73.91402 -118.85814  45.993925      92.21 5.9762e+02    441.095      10587  1028.0446  1028.0447     4.5348     0.1992     0.1185    34.0001    34.0001    8.37012         28 0.0000e+00
    144.000    142.460    -1.3960  27.187702    -1.3958  27.187969     5.8856     6.1059     0.4243    96.1548 1.0000e-12  -73.91402 -118.85814  45.993938      99.72 5.9762e+02    442.231      10615  1028.0507  1028.0509     4.5615     0.1229     0.1179    34.0017    34.0020    8.37011         27 0.0000e+00
    145.000    143.451    -1.3960  27.188960    -1.3959  27.189468     5.8859     6.1076     0.3928    96.2938 1.0000e-12  -73.91402 -118.85814  45.993951      99.85 5.9762e+02    443.325      10641  1028.0563  1028.0568     4.5681     0.1692     0.1195    34.0028    34.0035    8.37005         25 0.0000e+00
    146.000    144.440    -1.3961  27.190402    -1.3961  27.190643     5.8891     6.1056     0.5850    96.4596 1.0000e-12  -73.91402 -118.85814  45.993963      99.85 5.9762e+02    444.419      10667  1028.0622  1028.0625     4.5759     0.1001     0.1321    34.0044    34.0047    8.36999         27 0.0000e+00
    147.000    145.429    -1.3962  27.191206    -1.3962  27.191198     5.8872     6.1058     0.4863    96.4580 1.0000e-12  -73.91402 -118.85814  45.993976      99.86 5.9762e+02    445.516      10693  1028.0675  1028.0675     4.5758     0.1063     0.1176    34.0050    34.0050    8.36998         26 0.0000e+00
    148.000    146.418    -1.3963  27.191770    -1.3962  27.191934     5.8918     6.1080     0.3709    96.7321 1.0000e-12  -73.91402 -118.85814  45.993988      99.85 5.9687e+02    446.600      10719  1028.0723  1028.0725     4.5889     0.1412     0.1187    34.0052    34.0054    8.36998         26 0.0000e+00
    149.000    147.407    -1.3968  27.192571    -1.3971  27.192365     5.8960     6.1111     0.2160    96.5470 1.0000e-12  -73.91402 -118.85814  45.994001      99.85 5.9755e+02    447.698      10746  1028.0780  1028.0781     4.5801     0.1651     0.1247    34.0062    34.0063    8.37003         27 0.0000e+00
    150.000    148.395    -1.3983  27.192501    -1.3996  27.191248     5.8988     6.1174     0.4658    96.7070 1.0000e-12  -73.91402 -118.85814  45.994014      99.85 5.9707e+02    448.816      10773  1028.0837  1028.0835     4.5876     0.1221     0.1181    34.0072    34.0069    8.37031         26 0.0000e+00
    151.000    149.384    -1.3993  27.192039    -1.3996  27.191628     5.8937     6.1062     0.2061    95.9825 1.0000e-12  -73.91402 -118.85814  45.994027      99.85 5.9703e+02    449.917      10799  1028.0884  1028.0881     4.5533     0.1306     0.1200    34.0071    34.0068    8.37054         27 0.0000e+00
    152.000    150.374    -1.4004  27.191490    -1.4005  27.191470     5.9032     6.1170     0.1311    96.1758 1.0000e-12  -73.91402 -118.85814  45.994039      99.86 5.9755e+02    450.997      10825  1028.0931  1028.0932     4.5624     0.0916     0.1197    34.0070    34.0071    8.37079         25 0.0000e+00
    153.000    151.363    -1.4013  27.191420    -1.4010  27.191622     5.9160     6.1304     0.0968    96.6182 1.0000e-12  -73.91402 -118.85814  45.994052      99.85 5.9698e+02    452.054      10850  1028.0981  1028.0980     4.5834     0.1122     0.1203    34.0073    34.0072    8.37098         25 0.0000e+00
    154.000    152.350    -1.4151  27.184128    -1.4173  27.183565     5.9220     6.1444     0.1905    96.7633 1.0000e-12  -73.91402 -118.85814  45.994064      99.85 5.9620e+02    453.099      10875  1028.1079  1028.1094     4.5903     0.1429     0.1190    34.0124    34.0141    8.37379         26 0.0000e+00
    155.000    153.341    -1.4309  27.176168    -1.4312  27.176008     5.9249     6.1491     0.1261    96.5770 1.0000e-12  -73.91402 -118.85814  45.994076      98.42 5.9702e+02    454.190      10902  1028.1188  1028.1189     4.5815     0.1032     0.1183    34.0187    34.0189    8.37695         27 0.0000e+00
    156.000    154.329    -1.4311  27.177234    -1.4310  27.177220     5.9308     6.1472     0.1059    96.7261 1.0000e-12  -73.91402 -118.85814  45.994090      99.42 5.9703e+02    455.339      10929  1028.1243  1028.1242     4.5886     0.0866     0.1165    34.0198    34.0197    8.37693         27 0.0000e+00
