ocean_section_plots/required_files/ctd/dnbp2202_ctd063.cnv
* Sea-Bird SBE 9 Data File:
* FileName = D:\Data\raw\NBP2202_CTD063.hex
* Software Version Seasave V 7.26.7.121
* Temperature SN = 1649
* Conductivity SN = 2513
* Number of Bytes Per Scan = 40
* Number of Voltage Words = 5
* Number of Scans Averaged by the Deck Unit = 1
* NMEA Latitude = 74 01.46 S
* NMEA Longitude = 111 43.71 W
* NMEA UTC (Time) = Jan 25 2022  13:27:31
* NMEA baud rate = 9600
** Ship: RVIB N.B. Palmer
** Cruise: NBP2202 Thwaites
** Station: 44
** Operator: B.Bjork
# nquan = 25
# nvalues = 400                         
# units = specified
# name 0 = prDM: Pressure, Digiquartz [db]
# name 1 = depSM: Depth [salt water, m]
# name 2 = t090C: Temperature [ITS-90, deg C]
# name 3 = c0mS/cm: Conductivity [mS/cm]
# name 4 = t190C: Temperature, 2 [ITS-90, deg C]
# name 5 = c1mS/cm: Conductivity, 2 [mS/cm]
# name 6 = sbeox0ML/L: Oxygen, SBE 43 [ml/l]
# name 7 = sbeox1ML/L: Oxygen, SBE 43, 2 [ml/l]
# name 8 = flECO-AFL: Fluorescence, WET Labs ECO-AFL/FL [mg/m^3]
# name 9 = CStarTr0: Beam Transmission, WET Labs C-Star [%]
# name 10 = par: PAR/Irradiance, Biospherical/Licor
# name 11 = latitude: Latitude [deg]
# name 12 = longitude: Longitude [deg]
# name 13 = timeJ: Julian Days
# name 14 = altM: Altimeter [m]
# name 15 = spar: SPAR, Biospherical/Licor
# name 16 = timeS: Time, Elapsed [seconds]
# name 17 = scan: Scan Count
# name 18 = density00: Density [density, kg/m^3]
# name 19 = density11: Density, 2 [density, kg/m^3]
# name 20 = sal00: Salinity, Practical [PSU]
# name 21 = sal11: Salinity, Practical, 2 [PSU]
# name 22 = oxsolML/L: Oxygen Saturation, Garcia & Gordon [ml/l]
# name 23 = nbin: number of scans per bin
# name 24 = flag: flag
# span 0 =      5.000,    404.000       
# span 1 =      4.947,    399.433       
# span 2 =    -1.6822,    -0.2982       
# span 3 =  26.871484,  28.471751       
# span 4 =    -1.6829,    -0.2964       
# span 5 =  26.871153,  28.471495       
# span 6 =     5.1693,     9.1159       
# span 7 =     5.3681,     9.5031       
# span 8 =    -0.0220,    29.4203       
# span 9 =    61.5400,    96.1534       
# span 10 = 1.0000e-12, 3.2164e+01      
# span 11 =  -74.02443,  -74.02442      
# span 12 = -111.72866, -111.72860      
# span 13 =  25.562907,  25.569765      
# span 14 =       5.57,     100.22      
# span 15 = 2.5802e+02, 3.2707e+02      
# span 16 =    184.170,    776.722      
# span 17 =       4421,      18642      
# span 18 =  1027.2112,  1029.5108      
# span 19 =  1027.2104,  1029.5087      
# span 20 =    33.8277,    34.3410      
# span 21 =    33.8270,    34.3386      
# span 22 =    8.11028,    8.43930      
# span 23 =         23,         48      
# span 24 = 0.0000e+00, 0.0000e+00      
# interval = decibars: 1                
# start_time = Jan 25 2022 13:27:31 [NMEA time, header]
# bad_flag = -9.990e-29
*END*
[from data line 174]
    179.000    177.071    -1.5238  27.108716    -1.5234  27.108107     6.3700     6.6237     0.1396    95.5165 1.0000e-12  -74.02442 -111.72864  25.565936      99.93 2.7840e+02    445.860      10702  1028.2341  1028.2329    34.0165    34.0151    8.39803         30 0.0000e+00
    180.000    178.062    -1.5219  27.111411    -1.5214  27.110840     6.3529     6.6137     0.1274    95.7077 1.0000e-12  -74.02442 -111.72864  25.565950      99.93 2.7887e+02    447.047      10730  1028.2395  1028.2384    34.0174    34.0160    8.39753         27 0.0000e+00
    181.000    179.049    -1.5188  27.115494    -1.5183  27.115029     6.3465     6.6109     0.0973    95.7887 1.0000e-12  -74.02442 -111.72864  25.565962      99.93 2.7992e+02    448.091      10755  1028.2454  1028.2444    34.0189    34.0177    8.39675         24 0.0000e+00
    182.000    180.039    -1.5185  27.117040    -1.5179  27.116580     6.3457     6.6048     0.1821    95.8076 1.0000e-12  -74.02442 -111.72864  25.565973      99.93 2.7900e+02    449.078      10779  1028.2511  1028.2500    34.0200    34.0187    8.39661         24 0.0000e+00
    183.000    181.027    -1.5175  27.118894    -1.5169  27.118306     6.3391     6.5993     0.0948    95.6090 1.0000e-12  -74.02442 -111.72864  25.565985      99.93 2.7835e+02    450.144      10804  1028.2566  1028.2554    34.0208    34.0194    8.39633         27 0.0000e+00
    184.000    182.017    -1.5169  27.119937    -1.5163  27.119405     6.3442     6.6015     0.1338    95.8049 1.0000e-12  -74.02442 -111.72864  25.565999      99.93 2.7972e+02    451.357      10834  1028.2616  1028.2603    34.0210    34.0195    8.39620         30 0.0000e+00
    185.000    183.005    -1.5166  27.120831    -1.5158  27.120371     6.3428     6.6101     0.0975    95.8448 1.0000e-12  -74.02442 -111.72864  25.566014      92.89 2.8242e+02    452.607      10864  1028.2665  1028.2653    34.0212    34.0197    8.39610         30 0.0000e+00
    186.000    183.993    -1.5162  27.121694    -1.5156  27.121235     6.3486     6.6067     0.0823    95.8575 1.0000e-12  -74.02442 -111.72864  25.566028      95.68 2.8096e+02    453.844      10893  1028.2714  1028.2703    34.0213    34.0200    8.39602         30 0.0000e+00
    187.000    184.983    -1.5130  27.125941    -1.5125  27.125206     6.3623     6.6134     0.0950    95.8193 1.0000e-12  -74.02442 -111.72864  25.566043      99.90 2.8147e+02    455.141      10924  1028.2774  1028.2761    34.0230    34.0213    8.39520         30 0.0000e+00
    188.000    185.972    -1.5080  27.132222    -1.5074  27.131665     6.3686     6.6161     0.1022    95.8424 1.0000e-12  -74.02442 -111.72864  25.566059      99.93 2.8507e+02    456.457      10956  1028.2838  1028.2826    34.0253    34.0238    8.39393         31 0.0000e+00
    189.000    186.959    -1.5050  27.136804    -1.5045  27.135871     6.3666     6.6231     0.0961    95.8666 1.0000e-12  -74.02442 -111.72864  25.566073      99.93 2.8474e+02    457.699      10986  1028.2903  1028.2888    34.0275    34.0257    8.39311         29 0.0000e+00
    190.000    187.947    -1.5012  27.142089    -1.5005  27.141557     6.3463     6.6130     0.0615    95.8898 1.0000e-12  -74.02442 -111.72864  25.566087      99.93 2.8571e+02    458.942      11016  1028.2969  1028.2955    34.0299    34.0284    8.39212         29 0.0000e+00
    191.000    188.938    -1.4949  27.150291    -1.4940  27.149733     6.3359     6.5951     0.0450    95.9048 1.0000e-12  -74.02442 -111.72864  25.566103      99.93 2.9038e+02    460.287      11048  1028.3043  1028.3027    34.0335    34.0316    8.39050         32 0.0000e+00
    192.000    189.926    -1.4916  27.154653    -1.4908  27.154065     6.3292     6.5840     0.0537    95.9689 1.0000e-12  -74.02442 -111.72864  25.566118      99.93 2.8889e+02    461.579      11079  1028.3102  1028.3088    34.0350    34.0334    8.38964         29 0.0000e+00
    193.000    190.914    -1.4870  27.160705    -1.4860  27.160422     6.3230     6.5858     0.0552    95.9769 1.0000e-12  -74.02442 -111.72864  25.566131      99.92 2.9083e+02    462.756      11107  1028.3167  1028.3155    34.0375    34.0360    8.38845         29 0.0000e+00
    194.000    191.904    -1.4846  27.164083    -1.4839  27.163477     6.3204     6.5874     0.0639    95.9717 1.0000e-12  -74.02442 -111.72864  25.566146      99.93 2.9351e+02    464.023      11138  1028.3226  1028.3212    34.0388    34.0372    8.38784         33 0.0000e+00
    195.000    192.893    -1.4813  27.169315    -1.4805  27.168869     6.3193     6.5857     0.0614    95.9746 1.0000e-12  -74.02442 -111.72864  25.566162      99.93 2.9246e+02    465.410      11171  1028.3296  1028.3283    34.0417    34.0401    8.38693         32 0.0000e+00
    196.000    193.879    -1.4807  27.170682    -1.4799  27.170153     6.3222     6.5808     0.0742    95.9306 1.0000e-12  -74.02442 -111.72863  25.566177      98.95 2.9407e+02    466.694      11202  1028.3348  1028.3335    34.0422    34.0406    8.38676         29 0.0000e+00
    197.000    194.871    -1.4800  27.171664    -1.4793  27.171261     6.3271     6.5838     0.1013    95.9163 1.0000e-12  -74.02442 -111.72862  25.566190      99.95 2.9687e+02    467.855      11230  1028.3396  1028.3385    34.0422    34.0408    8.38660         27 0.0000e+00
    198.000    195.858    -1.4798  27.172583    -1.4792  27.172018     6.3257     6.5812     0.0873    95.9014 1.0000e-12  -74.02442 -111.72862  25.566203      99.93 2.9511e+02    468.912      11255  1028.3448  1028.3437    34.0426    34.0412    8.38654         25 0.0000e+00
    199.000    196.847    -1.4798  27.173114    -1.4791  27.172744     6.3267     6.5865     0.0901    95.8529 1.0000e-12  -74.02442 -111.72862  25.566216      99.93 2.9649e+02    470.072      11283  1028.3498  1028.3487    34.0427    34.0414    8.38653         31 0.0000e+00
    200.000    197.837    -1.4796  27.174111    -1.4789  27.173519     6.3299     6.5862     0.0927    95.8516 1.0000e-12  -74.02442 -111.72862  25.566231      99.93 2.9813e+02    471.377      11314  1028.3550  1028.3537    34.0432    34.0416    8.38646         30 0.0000e+00
    201.000    198.824    -1.4790  27.175698    -1.4783  27.175213     6.3266     6.5856     0.0727    95.8454 1.0000e-12  -74.02442 -111.72862  25.566245      99.93 2.9596e+02    472.596      11343  1028.3606  1028.3593    34.0441    34.0426    8.38627         29 0.0000e+00
    202.000    199.814    -1.4772  27.179757    -1.4763  27.179233     6.3294     6.5873     0.0764    95.8043 1.0000e-12  -74.02442 -111.72862  25.566259      99.92 2.9616e+02    473.774      11372  1028.3676  1028.3662    34.0470    34.0453    8.38568         29 0.0000e+00
    203.000    200.801    -1.4758  27.182314    -1.4751  27.181834     6.3247     6.5845     0.0892    95.8391 1.0000e-12  -74.02442 -111.72862  25.566274      99.93 2.9764e+02    475.051      11402  1028.3734  1028.3722    34.0484    34.0469    8.38530         32 0.0000e+00
    204.000    201.790    -1.4734  27.186212    -1.4724  27.185615     6.3148     6.5769     0.0887    95.8094 1.0000e-12  -74.02442 -111.72860  25.566289      99.93 2.9660e+02    476.402      11435  1028.3797  1028.3781    34.0503    34.0484    8.38463         31 0.0000e+00
    205.000    202.780    -1.4675  27.193152    -1.4665  27.192876     6.3167     6.5764     0.0795    95.8244 1.0000e-12  -74.02442 -111.72860  25.566304      99.93 2.9627e+02    477.675      11465  1028.3860  1028.3848    34.0526    34.0511    8.38318         30 0.0000e+00
    206.000    203.768    -1.4655  27.195729    -1.4648  27.195141     6.3193     6.5788     0.0781    95.7882 1.0000e-12  -74.02442 -111.72860  25.566319      99.93 2.9731e+02    478.924      11495  1028.3913  1028.3900    34.0533    34.0517    8.38269         31 0.0000e+00
    207.000    204.756    -1.4639  27.198170    -1.4630  27.197660     6.3126     6.5757     0.0914    95.8030 1.0000e-12  -74.02442 -111.72860  25.566334      98.52 2.9713e+02    480.244      11527  1028.3967  1028.3954    34.0541    34.0524    8.38227         33 0.0000e+00
    208.000    205.745    -1.4614  27.201674    -1.4606  27.201080     6.3118     6.5706     0.0875    95.8001 1.0000e-12  -74.02442 -111.72860  25.566349      99.93 2.9598e+02    481.565      11559  1028.4025  1028.4011    34.0554    34.0538    8.38162         30 0.0000e+00
    209.000    206.734    -1.4574  27.206642    -1.4566  27.206167     6.3153     6.5776     0.1944    95.8053 1.0000e-12  -74.02442 -111.72860  25.566364      99.93 2.9658e+02    482.827      11589  1028.4085  1028.4073    34.0572    34.0556    8.38063         30 0.0000e+00
    210.000    207.723    -1.4565  27.208198    -1.4557  27.207713     6.3166     6.5754     0.1025    95.8024 1.0000e-12  -74.02442 -111.72860  25.566378      99.93 2.9611e+02    484.100      11619  1028.4137  1028.4124    34.0577    34.0561    8.38039         32 0.0000e+00
    211.000    208.711    -1.4561  27.209251    -1.4556  27.208441     6.3138     6.5721     0.0847    95.8050 1.0000e-12  -74.02442 -111.72860  25.566394      99.93 2.9452e+02    485.412      11651  1028.4188  1028.4175    34.0580    34.0564    8.38027         31 0.0000e+00
    212.000    209.699    -1.4547  27.211211    -1.4541  27.210483     6.3147     6.5674     0.0713    95.8364 1.0000e-12  -74.02442 -111.72860  25.566409      99.93 2.9464e+02    486.696      11682  1028.4239  1028.4225    34.0584    34.0568    8.37993         30 0.0000e+00
    213.000    210.689    -1.4534  27.213075    -1.4525  27.212700     6.3125     6.5721     0.0758    95.8214 1.0000e-12  -74.02442 -111.72860  25.566423      99.93 2.9505e+02    487.946      11712  1028.4291  1028.4278    34.0590    34.0574    8.37962         30 0.0000e+00
    214.000    211.677    -1.4528  27.214132    -1.4520  27.213653     6.3019     6.5707     0.0764    95.7200 1.0000e-12  -74.02442 -111.72860  25.566438      99.93 2.9293e+02    489.202      11742  1028.4340  1028.4327    34.0591    34.0575    8.37947         31 0.0000e+00
    215.000    212.666    -1.4492  27.218878    -1.4485  27.218123     6.3014     6.5597     0.0712    95.7177 1.0000e-12  -74.02442 -111.72860  25.566452      99.93 2.9247e+02    490.462      11772  1028.4401  1028.4386    34.0609    34.0591    8.37855         30 0.0000e+00
    216.000    213.654    -1.4425  27.227312    -1.4416  27.226718     6.3016     6.5583     0.0688    95.7688 1.0000e-12  -74.02442 -111.72860  25.566466      99.93 2.9306e+02    491.703      11802  1028.4473  1028.4457    34.0643    34.0625    8.37685         29 0.0000e+00
    217.000    214.643    -1.4419  27.228416    -1.4409  27.228175     6.3017     6.5520     0.0712    95.6881 1.0000e-12  -74.02442 -111.72860  25.566481      95.92 2.9091e+02    492.942      11832  1028.4522  1028.4510    34.0644    34.0630    8.37669         31 0.0000e+00
    218.000    215.631    -1.4416  27.229278    -1.4400  27.229479     6.2935     6.5525     0.0586    95.7452 1.0000e-12  -74.02442 -111.72860  25.566496      99.87 2.9088e+02    494.211      11862  1028.4572  1028.4560    34.0647    34.0632    8.37662         30 0.0000e+00
    219.000    216.620    -1.4360  27.236332    -1.4357  27.234942     6.2918     6.5487     0.0611    95.8498 1.0000e-12  -74.02442 -111.72860  25.566510      99.93 2.9129e+02    495.488      11893  1028.4639  1028.4621    34.0674    34.0652    8.37520         30 0.0000e+00
    220.000    217.609    -1.4330  27.240139    -1.4323  27.239628     6.2927     6.5515     0.0631    95.8231 1.0000e-12  -74.02442 -111.72860  25.566525      99.93 2.8999e+02    496.737      11923  1028.4696  1028.4683    34.0686    34.0671    8.37445         30 0.0000e+00
    221.000    218.598    -1.4312  27.243012    -1.4307  27.242061     6.2933     6.5455     0.0496    95.8645 1.0000e-12  -74.02442 -111.72861  25.566539      99.93 2.8991e+02    497.990      11953  1028.4753  1028.4738    34.0699    34.0680    8.37397         31 0.0000e+00
    222.000    219.586    -1.4296  27.245135    -1.4287  27.244944     6.2864     6.5494     0.0490    95.8731 1.0000e-12  -74.02442 -111.72862  25.566554      99.92 2.9065e+02    499.289      11984  1028.4805  1028.4794    34.0704    34.0691    8.37359         31 0.0000e+00
    223.000    220.574    -1.4256  27.250845    -1.4248  27.250069     6.2872     6.5421     0.0443    95.8947 1.0000e-12  -74.02442 -111.72862  25.566569      99.93 2.8970e+02    500.563      12015  1028.4872  1028.4856    34.0730    34.0711    8.37252         29 0.0000e+00
    224.000    221.564    -1.4230  27.254278    -1.4224  27.253639     6.2846     6.5416     0.0431    95.8845 1.0000e-12  -74.02442 -111.72862  25.566583      99.93 2.9052e+02    501.757      12043  1028.4929  1028.4917    34.0743    34.0727    8.37188         29 0.0000e+00
    225.000    222.552    -1.4227  27.255124    -1.4220  27.254492     6.2839     6.5399     0.0380    95.9297 1.0000e-12  -74.02442 -111.72862  25.566597      99.93 2.9098e+02    502.980      12073  1028.4979  1028.4965    34.0745    34.0728    8.37180         31 0.0000e+00
    226.000    223.540    -1.4218  27.256785    -1.4209  27.256197     6.2870     6.5351     0.0492    95.9387 1.0000e-12  -74.02442 -111.72862  25.566612      99.72 2.9048e+02    504.284      12104  1028.5032  1028.5017    34.0751    34.0732    8.37155         31 0.0000e+00
    227.000    224.529    -1.4179  27.261535    -1.4170  27.261000     6.2752     6.5340     0.0546    95.8885 1.0000e-12  -74.02442 -111.72863  25.566627      92.23 2.9102e+02    505.544      12134  1028.5090  1028.5075    34.0765    34.0748    8.37059         28 0.0000e+00
    228.000    225.517    -1.4147  27.266136    -1.4139  27.265704     6.2751     6.5381     0.0342    95.9537 1.0000e-12  -74.02442 -111.72864  25.566640      99.03 2.9203e+02    506.707      12162  1028.5153  1028.5140    34.0787    34.0771    8.36975         29 0.0000e+00
    229.000    226.506    -1.4134  27.268644    -1.4125  27.268234     6.2699     6.5265     0.0267    95.9822 1.0000e-12  -74.02442 -111.72864  25.566654      99.91 2.9251e+02    507.907      12191  1028.5211  1028.5198    34.0799    34.0784    8.36937         30 0.0000e+00
    230.000    227.496    -1.4030  27.280859    -1.4033  27.278615     6.2571     6.5185     0.0289    95.9562 1.0000e-12  -74.02442 -111.72864  25.566669      99.93 2.9167e+02    509.210      12222  1028.5288  1028.5266    34.0843    34.0815    8.36677         31 0.0000e+00
    231.000    228.482    -1.3922  27.291847    -1.3913  27.291306     6.2444     6.5109     0.0308    95.9002 1.0000e-12  -74.02442 -111.72864  25.566684      99.93 2.9305e+02    510.509      12253  1028.5348  1028.5333    34.0865    34.0847    8.36423         31 0.0000e+00
    232.000    229.473    -1.3915  27.293258    -1.3907  27.292621     6.2336     6.4966     0.0458    95.9460 1.0000e-12  -74.02442 -111.72864  25.566698      99.92 2.9384e+02    511.742      12283  1028.5401  1028.5386    34.0870    34.0852    8.36403         28 0.0000e+00
    233.000    230.461    -1.3779  27.307073    -1.3775  27.305449     6.2176     6.4747     0.0194    96.0714 1.0000e-12  -74.02442 -111.72864  25.566712      99.93 2.9282e+02    512.938      12312  1028.5464  1028.5443    34.0899    34.0872    8.36082         30 0.0000e+00
    234.000    231.449    -1.3627  27.321128    -1.3622  27.320151     6.2106     6.4667     0.0144    96.0755 1.0000e-12  -74.02442 -111.72864  25.566726      99.93 2.9351e+02    514.166      12341  1028.5515  1028.5499    34.0913    34.0894    8.35733         30 0.0000e+00
    235.000    232.437    -1.3586  27.325185    -1.3577  27.324650     6.2079     6.4661     0.0223    96.0631 1.0000e-12  -74.02442 -111.72864  25.566742      99.93 2.9673e+02    515.485      12373  1028.5564  1028.5550    34.0915    34.0898    8.35639         32 0.0000e+00
