ocean_section_plots/required_files/ctd/dnbp2202_ctd055.cnv
* Sea-Bird SBE 9 Data File:
* FileName = D:\Data\raw\NBP2202_CTD055.hex
* Software Version Seasave V 7.26.7.121
* Temperature SN = 1649
* Conductivity SN = 2513
* Number of Bytes Per Scan = 40
* Number of Voltage Words = 5
* Number of Scans Averaged by the Deck Unit = 1
* NMEA Latitude = 74 13.98 S
* NMEA Longitude = 112 24.77 W
* NMEA UTC (Time) = Jan 24 2022  13:35:25
* NMEA baud rate = 9600
** Ship: RVIB N.B. Palmer
** Cruise: NBP2202 Thwaites
** Station: Section Dotson C
** Operator: B Bjork
# nquan = 25
# nvalues = 1009                        
# units = specified
# name 0 = prDM: Pressure, Digiquartz [db]
# name 1 = depSM: Depth [salt water, m]
# name 2 = t090C: Temperature [ITS-90, deg C]
# name 3 = c0mS/cm: Conductivity [mS/cm]
# name 4 = t190C: Temperature, 2 [ITS-90, deg C]
# name 5 = c1mS/cm: Conductivity, 2 [mS/cm]
# name 6 = sbeox0ML/L: Oxygen, SBE 43 [ml/l]
# name 7 = sbeox1ML/L: Oxygen, SBE 43, 2 [ml/l]
# name 8 = flECO-AFL: Fluorescence, WET Labs ECO-AFL/FL [mg/m^3]
# name 9 = CStarTr0: Beam Transmission, WET Labs C-Star [%]
# name 10 = par: PAR/Irradiance, Biospherical/Licor
# name 11 = latitude: Latitude [deg]
# name 12 = longitude: Longitude [deg]
# name 13 = timeJ: Julian Days
# name 14 = altM: Altimeter [m]
# name 15 = spar: SPAR, Biospherical/Licor
# name 16 = timeS: Time, Elapsed [seconds]
# name 17 = scan: Scan Count
# name 18 = density00: Density [density, kg/m^3]
# name 19 = density11: Density, 2 [density, kg/m^3]
# name 20 = sal00: Salinity, Practical [PSU]
# name 21 = sal11: Salinity, Practical, 2 [PSU]
# name 22 = oxsolML/L: Oxygen Saturation, Garcia & Gordon [ml/l]
# name 23 = nbin: number of scans per bin
# name 24 = flag: flag
# span 0 =      2.000,   1010.000       
# span 1 =      1.979,    997.114       
# span 2 =    -1.5347,     0.4999       
# span 3 =  27.089966,  29.574781       
# span 4 =    -1.5359,     0.5020       
# span 5 =  27.089594,  29.574536       
# span 6 =     4.5944,     8.6862       
# span 7 =     4.7899,     9.0377       
# span 8 =    -0.0158,    27.4647       
# span 9 =    68.6283,    97.0495       
# span 10 = -6.377e-06, 4.9381e+02      
# span 11 =  -74.23314,  -74.23312      
# span 12 = -112.41294, -112.41290      
# span 13 =  24.568451,  24.583627      
# span 14 =       4.95,      99.99      
# span 15 = 5.9762e+02, 1.1390e+03      
# span 16 =    189.166,   1500.326      
# span 17 =       4541,      36009      
# span 18 =  1027.1722,  1032.4620      
# span 19 =  1027.1758,  1032.4599      
# span 20 =    33.7767,    34.5489      
# span 21 =    33.7808,    34.5463      
# span 22 =    7.93183,    8.40200      
# span 23 =         20,         48      
# span 24 = 0.0000e+00, 0.0000e+00      
# interval = decibars: 1                
# start_time = Jan 24 2022 13:35:25 [NMEA time, header]
# bad_flag = -9.990e-29
*END*
[from data line 406]
    408.000    403.379    -1.2004  27.584554    -1.1994  27.585481     6.0013     6.2881     0.0196    96.9224 1.0000e-12  -74.23314 -112.41290  24.574627      99.68 7.7846e+02    722.796      17348  1029.4330  1029.4332    34.1603    34.1605    8.31702         29 0.0000e+00
    409.000    404.365    -1.2225  27.567161    -1.2212  27.566920     5.9957     6.2906     0.0229    96.9185 1.0000e-12  -74.23314 -112.41290  24.574641      99.68 7.7775e+02    723.968      17376  1029.4400  1029.4384    34.1611    34.1593    8.32190         28 0.0000e+00
    410.000    405.354    -1.2236  27.566711    -1.2205  27.568450     5.9793     6.2721     0.0221    96.9176 1.0000e-12  -74.23314 -112.41290  24.574654      99.68 7.7787e+02    725.145      17404  1029.4446  1029.4435    34.1611    34.1599    8.32214         28 0.0000e+00
    411.000    406.342    -1.2069  27.584269    -1.2032  27.585066     5.9595     6.2504     0.0288    96.9413 1.0000e-12  -74.23314 -112.41290  24.574668      99.68 7.7843e+02    726.303      17432  1029.4515  1029.4488    34.1655    34.1624    8.31816         28 0.0000e+00
    412.000    407.330    -1.1912  27.598850    -1.1897  27.598414     5.9466     6.2317     0.0351    96.9108 1.0000e-12  -74.23314 -112.41290  24.574681      99.68 7.7763e+02    727.458      17460  1029.4563  1029.4544    34.1669    34.1647    8.31458         28 0.0000e+00
    413.000    408.316    -1.1869  27.603316    -1.1858  27.602792     5.9543     6.2378     0.0326    96.9221 1.0000e-12  -74.23314 -112.41290  24.574695      99.69 7.7749e+02    728.633      17488  1029.4614  1029.4597    34.1676    34.1656    8.31361         28 0.0000e+00
    414.000    409.304    -1.1876  27.603849    -1.1871  27.603323     5.9683     6.2653     0.0131    96.9368 1.0000e-12  -74.23314 -112.41290  24.574708      79.91 7.7749e+02    729.803      17516  1029.4669  1029.4659    34.1685    34.1672    8.31370         28 0.0000e+00
    415.000    410.293    -1.2124  27.584509    -1.2117  27.584229     5.9566     6.2501     0.0132    96.9278 1.0000e-12  -74.23314 -112.41290  24.574722      90.19 7.7731e+02    730.966      17544  1029.4745  1029.4734    34.1697    34.1684    8.31915         28 0.0000e+00
    416.000    411.280    -1.2103  27.587617    -1.2089  27.586854     5.9288     6.2231     0.0275    96.8847 1.0000e-12  -74.23314 -112.41290  24.574735      98.67 7.7674e+02    732.139      17572  1029.4800  1029.4778    34.1710    34.1683    8.31861         28 0.0000e+00
    417.000    412.267    -1.1700  27.625018    -1.1702  27.622200     5.9102     6.2024     0.0157    96.9238 1.0000e-12  -74.23314 -112.41290  24.574749      99.68 7.7661e+02    733.305      17600  1029.4854  1029.4826    34.1756    34.1720    8.30938         28 0.0000e+00
    418.000    413.255    -1.1638  27.630522    -1.1632  27.629523     5.8974     6.1883     0.0292    96.9410 1.0000e-12  -74.23314 -112.41290  24.574762      99.69 7.7632e+02    734.461      17628  1029.4898  1029.4881    34.1754    34.1734    8.30801         27 0.0000e+00
    419.000    414.243    -1.1589  27.635796    -1.1572  27.635379     5.8963     6.1954     0.0150    96.9505 1.0000e-12  -74.23314 -112.41290  24.574776      99.68 7.7599e+02    735.628      17656  1029.4951  1029.4931    34.1765    34.1740    8.30686         27 0.0000e+00
    420.000    415.229    -1.1505  27.643752    -1.1498  27.642673     5.8613     6.1576     0.0224    96.9352 1.0000e-12  -74.23314 -112.41290  24.574789      99.69 7.7554e+02    736.791      17684  1029.4999  1029.4981    34.1772    34.1749    8.30496         27 0.0000e+00
    421.000    416.219    -1.1386  27.655788    -1.1371  27.654355     5.8151     6.1081     0.0234    96.9259 1.0000e-12  -74.23314 -112.41290  24.574802      99.68 7.7498e+02    737.936      17711  1029.5059  1029.5027    34.1795    34.1758    8.30219         28 0.0000e+00
    422.000    417.205    -1.0902  27.700366    -1.0886  27.698331     5.7773     6.0784     0.0324    96.9438 1.0000e-12  -74.23314 -112.41290  24.574816      99.69 7.7424e+02    739.083      17739  1029.5112  1029.5075    34.1847    34.1802    8.29116         27 0.0000e+00
    423.000    418.194    -1.0580  27.729039    -1.0574  27.727363     5.7246     6.0238     0.0352    96.9331 1.0000e-12  -74.23314 -112.41290  24.574829      99.68 7.7403e+02    740.242      17767  1029.5155  1029.5132    34.1867    34.1837    8.28395         28 0.0000e+00
    424.000    419.181    -1.0299  27.755989    -1.0270  27.754532     5.6542     5.9499     0.0223    96.9179 1.0000e-12  -74.23314 -112.41290  24.574842      99.68 7.7411e+02    741.386      17794  1029.5219  1029.5174    34.1908    34.1855    8.27750         27 0.0000e+00
    425.000    420.169    -0.9622  27.817679    -0.9566  27.818358     5.5805     5.8781     0.0248    96.8998 1.0000e-12  -74.23314 -112.41290  24.574856      99.69 7.7346e+02    742.538      17822  1029.5272  1029.5224    34.1973    34.1919    8.26221         28 0.0000e+00
    426.000    421.156    -0.8999  27.874117    -0.8950  27.874643     5.5287     5.8209     0.0305    96.9094 1.0000e-12  -74.23314 -112.41290  24.574869      88.74 7.7277e+02    743.694      17850  1029.5321  1029.5279    34.2027    34.1979    8.24823         28 0.0000e+00
    427.000    422.144    -0.8613  27.908914    -0.8591  27.907641     5.5073     5.7863     0.0262    96.9104 1.0000e-12  -74.23314 -112.41290  24.574882      96.31 7.7325e+02    744.829      17877  1029.5369  1029.5335    34.2055    34.2014    8.23961         27 0.0000e+00
    428.000    423.132    -0.8310  27.936670    -0.8288  27.935701     5.5161     5.7878     0.0321    96.8316 1.0000e-12  -74.23314 -112.41290  24.574896      99.70 7.7213e+02    745.985      17905  1029.5423  1029.5392    34.2082    34.2045    8.23283         28 0.0000e+00
    429.000    424.117    -0.8294  27.938688    -0.8286  27.938035     5.5352     5.8040     0.0355    96.8380 1.0000e-12  -74.23314 -112.41290  24.574909      99.69 7.7214e+02    747.145      17932  1029.5480  1029.5466    34.2085    34.2068    8.23246         27 0.0000e+00
    430.000    425.109    -0.8440  27.926785    -0.8424  27.926321     5.5527     5.8287     0.0214    96.8394 1.0000e-12  -74.23314 -112.41290  24.574922      99.69 7.7214e+02    748.283      17960  1029.5544  1029.5525    34.2083    34.2060    8.23566         28 0.0000e+00
    431.000    426.094    -0.8548  27.917371    -0.8535  27.917065     5.5599     5.8257     0.0213    96.8238 1.0000e-12  -74.23314 -112.41290  24.574936      99.68 7.7214e+02    749.436      17987  1029.5597  1029.5582    34.2072    34.2054    8.23809         28 0.0000e+00
    432.000    427.082    -0.8574  27.915972    -0.8558  27.915232     5.5652     5.8200     0.0428    96.8146 1.0000e-12  -74.23314 -112.41290  24.574949      99.69 7.7145e+02    750.603      18015  1029.5654  1029.5632    34.2076    34.2049    8.23863         28 0.0000e+00
    433.000    428.070    -0.8554  27.918296    -0.8537  27.917778     5.5731     5.8396     0.0368    96.8540 1.0000e-12  -74.23314 -112.41290  24.574962      99.69 7.7175e+02    751.745      18043  1029.5706  1029.5685    34.2079    34.2054    8.23818         27 0.0000e+00
    434.000    429.056    -0.8576  27.916700    -0.8579  27.914916     5.5868     5.8533     0.0274    96.8358 1.0000e-12  -74.23314 -112.41290  24.574976      99.68 7.7045e+02    752.890      18070  1029.5756  1029.5741    34.2077    34.2056    8.23868         28 0.0000e+00
    435.000    430.045    -0.8792  27.899457    -0.8779  27.899316     5.5981     5.8641     0.0246    96.8313 1.0000e-12  -74.23314 -112.41290  24.574989      99.69 7.6973e+02    754.038      18098  1029.5827  1029.5814    34.2081    34.2065    8.24337         27 0.0000e+00
    436.000    431.032    -0.8714  27.909478    -0.8711  27.907633     5.6008     5.8630     0.0330    96.7996 1.0000e-12  -74.23314 -112.41290  24.575002      99.69 7.7019e+02    755.173      18125  1029.5904  1029.5880    34.2123    34.2095    8.24143         27 0.0000e+00
    437.000    432.020    -0.8715  27.909853    -0.8701  27.909359     5.5889     5.8580     0.0320    96.8255 1.0000e-12  -74.23314 -112.41290  24.575015      99.69 7.6906e+02    756.309      18152  1029.5952  1029.5933    34.2124    34.2100    8.24145         28 0.0000e+00
    438.000    433.007    -0.8714  27.910489    -0.8693  27.910567     5.5943     5.8610     0.0251    96.8141 1.0000e-12  -74.23314 -112.41290  24.575028      94.49 7.6888e+02    757.454      18180  1029.6002  1029.5982    34.2125    34.2102    8.24142         27 0.0000e+00
    439.000    433.994    -0.8701  27.912236    -0.8684  27.911861     5.5706     5.8442     0.0270    96.8275 1.0000e-12  -74.23314 -112.41290  24.575042      99.45 7.6868e+02    758.587      18207  1029.6051  1029.6031    34.2127    34.2104    8.24111         27 0.0000e+00
    440.000    434.982    -0.8680  27.914412    -0.8622  27.917897     5.5271     5.7935     0.0419    96.8400 1.0000e-12  -74.23314 -112.41290  24.575055      99.69 7.6855e+02    759.721      18234  1029.6099  1029.6079    34.2128    34.2109    8.24067         27 0.0000e+00
    441.000    435.971    -0.8192  27.962505    -0.8128  27.963704     5.4758     5.7485     0.0282    96.8571 1.0000e-12  -74.23314 -112.41290  24.575068      99.68 7.6804e+02    760.871      18262  1029.6182  1029.6133    34.2220    34.2164    8.22946         28 0.0000e+00
    442.000    436.958    -0.7722  28.006011    -0.7689  28.005739     5.4300     5.6909     0.0418    96.8416 1.0000e-12  -74.23314 -112.41290  24.575081      99.69 7.6766e+02    762.012      18289  1029.6236  1029.6200    34.2270    34.2229    8.21891         27 0.0000e+00
    443.000    437.945    -0.7351  28.041367    -0.7325  28.040066     5.4012     5.6530     0.0329    96.8542 1.0000e-12  -74.23314 -112.41290  24.575094      99.69 7.6685e+02    763.129      18316  1029.6299  1029.6260    34.2322    34.2275    8.21054         27 0.0000e+00
    444.000    438.932    -0.7053  28.069101    -0.7033  28.064543     5.3879     5.6277     0.0297    96.8605 1.0000e-12  -74.23314 -112.41290  24.575107      99.69 7.6685e+02    764.264      18343  1029.6353  1029.6284    34.2354    34.2270    8.20388         28 0.0000e+00
    445.000    439.920    -0.6959  28.078260    -0.6945  28.077396     5.3830     5.6160     0.0226    96.8394 1.0000e-12  -74.23314 -112.41290  24.575120      99.68 7.6685e+02    765.391      18370  1029.6407  1029.6384    34.2366    34.2337    8.20178         27 0.0000e+00
    446.000    440.908    -0.6831  28.090429    -0.6834  28.088069     5.3716     5.6097     0.0345    96.8511 1.0000e-12  -74.23314 -112.41290  24.575133      99.69 7.6645e+02    766.516      18397  1029.6460  1029.6438    34.2379    34.2350    8.19892         26 0.0000e+00
    447.000    441.896    -0.6755  28.097703    -0.6739  28.097116     5.3536     5.5952     0.0368    96.8514 1.0000e-12  -74.23314 -112.41290  24.575146      99.69 7.6635e+02    767.655      18425  1029.6511  1029.6489    34.2385    34.2358    8.19724         28 0.0000e+00
    448.000    442.882    -0.6631  28.109859    -0.6617  28.108844     5.3369     5.5809     0.0430    96.8031 1.0000e-12  -74.23314 -112.41290  24.575160      99.69 7.6555e+02    768.781      18452  1029.6567  1029.6543    34.2403    34.2374    8.19446         27 0.0000e+00
    449.000    443.870    -0.6495  28.122654    -0.6488  28.121077     5.3191     5.5609     0.0396    96.8135 1.0000e-12  -74.23314 -112.41290  24.575172      83.43 7.6502e+02    769.895      18478  1029.6617  1029.6594    34.2415    34.2386    8.19142         26 0.0000e+00
    450.000    444.858    -0.6295  28.141605    -0.6298  28.139007     5.2980     5.5452     0.0322    96.8331 1.0000e-12  -74.23314 -112.41290  24.575186      93.11 7.6452e+02    771.030      18506  1029.6671  1029.6647    34.2439    34.2408    8.18696         28 0.0000e+00
    451.000    445.845    -0.6125  28.157791    -0.6112  28.156670     5.2799     5.5274     0.0330    96.8398 1.0000e-12  -74.23314 -112.41290  24.575199      99.71 7.6359e+02    772.170      18533  1029.6725  1029.6700    34.2459    34.2429    8.18318         27 0.0000e+00
    452.000    446.833    -0.6006  28.169293    -0.5994  28.168153     5.2671     5.5108     0.0395    96.8475 1.0000e-12  -74.23314 -112.41290  24.575212      99.69 7.6313e+02    773.294      18560  1029.6778  1029.6754    34.2473    34.2444    8.18051         27 0.0000e+00
    453.000    447.820    -0.5830  28.186056    -0.5813  28.185313     5.2642     5.4974     0.0348    96.8340 1.0000e-12  -74.23314 -112.41290  24.575225      99.69 7.6195e+02    774.422      18587  1029.6832  1029.6808    34.2494    34.2465    8.17659         27 0.0000e+00
    454.000    448.807    -0.5726  28.196209    -0.5714  28.194973     5.2541     5.4918     0.0390    96.8178 1.0000e-12  -74.23314 -112.41290  24.575238      99.69 7.6162e+02    775.547      18614  1029.6885  1029.6861    34.2507    34.2477    8.17427         27 0.0000e+00
    455.000    449.795    -0.5696  28.199250    -0.5680  28.198703     5.2445     5.4808     0.0355    96.7914 1.0000e-12  -74.23314 -112.41290  24.575251      99.69 7.6182e+02    776.659      18641  1029.6935  1029.6914    34.2508    34.2483    8.17362         27 0.0000e+00
    456.000    450.783    -0.5600  28.208579    -0.5588  28.207654     5.2336     5.4710     0.0322    96.7827 1.0000e-12  -74.23314 -112.41290  24.575264      99.69 7.6060e+02    777.779      18668  1029.6986  1029.6965    34.2519    34.2494    8.17148         27 0.0000e+00
    457.000    451.770    -0.5485  28.220101    -0.5475  28.218652     5.2171     5.4500     0.0405    96.7826 1.0000e-12  -74.23314 -112.41290  24.575277      99.69 7.5988e+02    778.905      18695  1029.7043  1029.7018    34.2538    34.2508    8.16889         27 0.0000e+00
    458.000    452.758    -0.5361  28.232163    -0.5344  28.231286     5.1992     5.4246     0.0436    96.7848 1.0000e-12  -74.23314 -112.41290  24.575289      99.69 7.5980e+02    780.007      18721  1029.7096  1029.7070    34.2554    34.2524    8.16613         26 0.0000e+00
    459.000    453.744    -0.5153  28.251916    -0.5138  28.250775     5.1863     5.4053     0.0390    96.7817 1.0000e-12  -74.23314 -112.41290  24.575302      99.69 7.5980e+02    781.119      18748  1029.7149  1029.7123    34.2579    34.2547    8.16151         27 0.0000e+00
    460.000    454.733    -0.5005  28.266169    -0.4994  28.264864     5.1684     5.3847     0.0362    96.7817 1.0000e-12  -74.23314 -112.41290  24.575315      99.69 7.5980e+02    782.241      18775  1029.7203  1029.7178    34.2598    34.2567    8.15822         27 0.0000e+00
    461.000    455.719    -0.4825  28.284038    -0.4810  28.283090     5.1391     5.3524     0.0548    96.7739 1.0000e-12  -74.23314 -112.41290  24.575328      99.10 7.5973e+02    783.352      18801  1029.7263  1029.7239    34.2628    34.2599    8.15417         26 0.0000e+00
    462.000    456.707    -0.4634  28.303639    -0.4621  28.301863     5.1134     5.3404     0.0409    96.5007 1.0000e-12  -74.23314 -112.41290  24.575341      99.69 7.5843e+02    784.457      18828  1029.7332  1029.7300    34.2670    34.2632    8.14984         27 0.0000e+00
    463.000    457.696    -0.4217  28.343472    -0.4198  28.342595     5.0956     5.3419     0.0332    96.7668 1.0000e-12  -74.23314 -112.41290  24.575354      99.70 7.5843e+02    785.581      18855  1029.7394  1029.7366    34.2728    34.2695    8.14056         27 0.0000e+00
    464.000    458.682    -0.4007  28.364099    -0.3989  28.363318     5.0872     5.3318     0.0303    96.7579 1.0000e-12  -74.23314 -112.41290  24.575367      99.69 7.5888e+02    786.693      18882  1029.7455  1029.7429    34.2761    34.2730    8.13587         27 0.0000e+00
