ocean_section_plots/required_files/ctd/dnbp2202_ctd161.cnv
* Sea-Bird SBE 9 Data File:
* FileName = D:\Data\raw\NBP2202_CTD161.hex
* Software Version Seasave V 7.26.7.121
* Temperature SN = 1649
* Conductivity SN = 2513
* Number of Bytes Per Scan = 40
* Number of Voltage Words = 5
* Number of Scans Averaged by the Deck Unit = 1
* NMEA Latitude = 74 14.14 S
* NMEA Longitude = 112 11.99 W
* NMEA UTC (Time) = Feb 01 2022  00:19:51
* NMEA baud rate = 9600
** Ship: RVIB N.B. Palmer
** Cruise: NBP2202 Thwaites
** Station: 83
** Operator: A. Robinson
# nquan = 28
# nvalues = 506                         
# units = specified
# name 0 = prDM: Pressure, Digiquartz [db]
# name 1 = depSM: Depth [salt water, m]
# name 2 = t090C: Temperature [ITS-90, deg C]
# name 3 = c0mS/cm: Conductivity [mS/cm]
# name 4 = t190C: Temperature, 2 [ITS-90, deg C]
# name 5 = c1mS/cm: Conductivity, 2 [mS/cm]
# name 6 = sbeox0ML/L: Oxygen, SBE 43 [ml/l]
# name 7 = sbeox1ML/L: Oxygen, SBE 43, 2 [ml/l]
# name 8 = flECO-AFL: Fluorescence, WET Labs ECO-AFL/FL [mg/m^3]
# name 9 = CStarTr0: Beam Transmission, WET Labs C-Star [%]
# name 10 = par: PAR/Irradiance, Biospherical/Licor
# name 11 = latitude: Latitude [deg]
# name 12 = longitude: Longitude [deg]
# name 13 = timeJ: Julian Days
# name 14 = altM: Altimeter [m]
# name 15 = spar: SPAR, Biospherical/Licor
# name 16 = timeS: Time, Elapsed [seconds]
# name 17 = scan: Scan Count
# name 18 = density00: Density [density, kg/m^3]
# name 19 = density11: Density, 2 [density, kg/m^3]
# name 20 = v3: Voltage 3
# name 21 = v4: Voltage 4
# name 22 = v5: Voltage 5
# name 23 = sal00: Salinity, Practical [PSU]
# name 24 = sal11: Salinity, Practical, 2 [PSU]
# name 25 = oxsolML/L: Oxygen Saturation, Garcia & Gordon [ml/l]
# name 26 = nbin: number of scans per bin
# name 27 = flag: flag
# span 0 =      2.000,    507.000       
# span 1 =      1.980,    501.117       
# span 2 =    -1.4877,    -0.1703       
# span 3 =  27.045587,  28.619484       
# span 4 =    -1.4883,    -0.1643       
# span 5 =  27.045556,  28.623246       
# span 6 =     4.9333,     8.3802       
# span 7 =     5.0287,     8.5759       
# span 8 =     0.0028,    23.8173       
# span 9 =    69.3477,    93.7782       
# span 10 = 1.0000e-12, 3.2483e+02      
# span 11 =  -74.23578,  -74.23576      
# span 12 = -112.19998, -112.19993      
# span 13 =  32.016076,  32.023970      
# span 14 =     -22.50,     100.02      
# span 15 = 5.2909e+02, 7.3292e+02      
# span 16 =    197.989,    880.044      
# span 17 =       4753,      21122      
# span 18 =  1027.1895,  1029.9829      
# span 19 =  1027.1938,  1029.9812      
# span 20 =     3.2906,     4.4488      
# span 21 =     0.0707,     3.6258      
# span 22 =     0.1143,     0.2415      
# span 23 =    33.8033,    34.3326      
# span 24 =    33.8095,    34.3303      
# span 25 =    8.08360,    8.39510      
# span 26 =          2,         46      
# span 27 = 0.0000e+00, 0.0000e+00      
# interval = decibars: 1                
# start_time = Feb 01 2022 00:19:51 [NMEA time, header]
# bad_flag = -9.990e-29
*END*
[from data line 259]
    261.000    258.134    -1.4139  27.257197    -1.4133  27.256938     6.2100     6.3365     0.0700    92.9720 1.0000e-12  -74.23578 -112.19994  32.020456      99.88 5.8367e+02    576.396      13835  1028.6463  1028.6455     4.4105     0.0835     0.1294    34.0449    34.0438    8.37158         34 0.0000e+00
    262.000    259.123    -1.4135  27.258356    -1.4129  27.258001     6.2023     6.3377     0.1111    92.9398 1.0000e-12  -74.23578 -112.19994  32.020471      99.87 5.7904e+02    577.720      13866  1028.6515  1028.6505     4.4091     0.0801     0.1292    34.0454    34.0441    8.37146         29 0.0000e+00
    263.000    260.112    -1.4125  27.259722    -1.4119  27.259543     6.2125     6.3407     0.0724    93.0714 1.0000e-12  -74.23578 -112.19994  32.020485      99.88 5.8641e+02    578.889      13894  1028.6563  1028.6555     4.4151     0.0824     0.1287    34.0455    34.0446    8.37122         27 0.0000e+00
    264.000    261.101    -1.4128  27.260257    -1.4122  27.259926     6.2140     6.3465     0.0700    93.1235 1.0000e-12  -74.23578 -112.19994  32.020499      99.88 5.7973e+02    580.079      13923  1028.6615  1028.6606     4.4177     0.0825     0.1330    34.0459    34.0448    8.37126         31 0.0000e+00
    265.000    262.088    -1.4130  27.260793    -1.4126  27.260422     6.2219     6.3548     0.0693    93.1542 1.0000e-12  -74.23578 -112.19994  32.020514      96.30 5.7947e+02    581.399      13955  1028.6666  1028.6658     4.4192     0.0820     0.1329    34.0463    34.0453    8.37129         31 0.0000e+00
    266.000    263.077    -1.4162  27.259117    -1.4159  27.258669     6.2295     6.3596     0.0942    93.2281 1.0000e-12  -74.23578 -112.19994  32.020528      99.75 5.8322e+02    582.628      13984  1028.6722  1028.6714     4.4227     0.0839     0.1277    34.0470    34.0461    8.37197         27 0.0000e+00
    267.000    264.065    -1.4211  27.256006    -1.4205  27.255788     6.2275     6.3592     0.0679    93.2937 1.0000e-12  -74.23578 -112.19994  32.020542      99.87 5.7552e+02    583.836      14013  1028.6778  1028.6770     4.4258     0.0833     0.1285    34.0477    34.0466    8.37303         30 0.0000e+00
    268.000    265.054    -1.4197  27.257991    -1.4191  27.257686     6.2220     6.3548     0.0611    93.3377 1.0000e-12  -74.23578 -112.19994  32.020558      99.87 5.7766e+02    585.171      14045  1028.6829  1028.6820     4.4279     0.0815     0.1266    34.0482    34.0471    8.37269         32 0.0000e+00
    269.000    266.041    -1.4178  27.260582    -1.4172  27.260235     6.2199     6.3539     0.0768    93.3408 1.0000e-12  -74.23578 -112.19994  32.020572      99.88 5.7932e+02    586.411      14075  1028.6882  1028.6872     4.4281     0.0827     0.1265    34.0489    34.0478    8.37221         27 0.0000e+00
    270.000    267.031    -1.4158  27.262909    -1.4153  27.262669     6.2144     6.3537     0.0596    93.3421 1.0000e-12  -74.23578 -112.19994  32.020584      99.87 5.7256e+02    587.427      14099  1028.6931  1028.6923     4.4282     0.0807     0.1302    34.0493    34.0483    8.37174         23 0.0000e+00
    271.000    268.019    -1.4152  27.264063    -1.4145  27.263826     6.2147     6.3469     0.0709    93.3560 1.0000e-12  -74.23578 -112.19996  32.020596      99.87 5.7413e+02    588.490      14125  1028.6980  1028.6971     4.4288     0.0823     0.1277    34.0495    34.0484    8.37158         30 0.0000e+00
    272.000    269.006    -1.4136  27.266369    -1.4126  27.266231     6.2178     6.3422     0.0626    93.3609 1.0000e-12  -74.23578 -112.19996  32.020612      99.88 5.7088e+02    589.871      14158  1028.7033  1028.7022     4.4290     0.0800     0.1219    34.0502    34.0489    8.37118         35 0.0000e+00
    273.000    269.995    -1.4101  27.270464    -1.4096  27.269907     6.2120     6.3437     0.0579    93.3265 1.0000e-12  -74.23578 -112.19994  32.020628      99.88 5.6990e+02    591.281      14192  1028.7087  1028.7077     4.4274     0.0787     0.1232    34.0513    34.0500    8.37034         31 0.0000e+00
    274.000    270.985    -1.4082  27.273883    -1.4075  27.273594     6.2150     6.3406     0.0565    92.7828 1.0000e-12  -74.23578 -112.19996  32.020642      99.80 5.6995e+02    592.433      14219  1028.7149  1028.7140     4.4016     0.0784     0.1234    34.0532    34.0520    8.36979         26 0.0000e+00
    275.000    271.972    -1.4079  27.274966    -1.4071  27.274792     6.2190     6.3463     0.0432    93.4314 1.0000e-12  -74.23578 -112.19996  32.020654      72.94 5.6483e+02    593.500      14245  1028.7201  1028.7192     4.4323     0.0769     0.1244    34.0537    34.0526    8.36969         26 0.0000e+00
    276.000    272.960    -1.4077  27.275527    -1.4072  27.275162     6.2243     6.3556     0.0364    93.4581 1.0000e-12  -74.23578 -112.19996  32.020667      94.31 5.7070e+02    594.653      14273  1028.7249  1028.7240     4.4337     0.0790     0.1242    34.0537    34.0526    8.36965         30 0.0000e+00
    277.000    273.948    -1.4116  27.272985    -1.4111  27.272531     6.2355     6.3647     0.0450    93.4709 1.0000e-12  -74.23578 -112.19996  32.020683      98.99 5.6339e+02    596.003      14305  1028.7302  1028.7293     4.4342     0.0813     0.1355    34.0540    34.0528    8.37051         34 0.0000e+00
    278.000    274.937    -1.4153  27.270672    -1.4146  27.270490     6.2438     6.3715     0.0715    93.4680 1.0000e-12  -74.23578 -112.19996  32.020699      99.87 5.6671e+02    597.394      14338  1028.7357  1028.7348     4.4341     0.0778     0.1253    34.0545    34.0534    8.37133         32 0.0000e+00
    279.000    275.926    -1.4173  27.270236    -1.4165  27.270041     6.2416     6.3699     0.0692    93.4964 1.0000e-12  -74.23578 -112.19996  32.020713      99.88 5.6670e+02    598.643      14368  1028.7414  1028.7404     4.4354     0.0906     0.1248    34.0555    34.0543    8.37171         28 0.0000e+00
    280.000    276.913    -1.4171  27.271107    -1.4164  27.270864     6.2437     6.3717     0.0457    93.5014 1.0000e-12  -74.23578 -112.19996  32.020726      99.87 5.6465e+02    599.732      14395  1028.7465  1028.7455     4.4356     0.0799     0.1244    34.0559    34.0547    8.37165         25 0.0000e+00
    281.000    277.903    -1.4176  27.271381    -1.4168  27.271241     6.2458     6.3836     0.0419    93.4695 1.0000e-12  -74.23578 -112.19996  32.020738      99.87 5.6266e+02    600.796      14420  1028.7515  1028.7505     4.4342     0.0849     0.1245    34.0562    34.0550    8.37174         26 0.0000e+00
    282.000    278.889    -1.4203  27.269898    -1.4198  27.269562     6.2545     6.3892     0.0453    93.4187 1.0000e-12  -74.23578 -112.19996  32.020752      99.87 5.6449e+02    601.960      14448  1028.7568  1028.7559     4.4318     0.0805     0.1228    34.0566    34.0555    8.37232         29 0.0000e+00
    283.000    279.880    -1.4211  27.270006    -1.4202  27.269906     6.2585     6.3850     0.0542    93.4972 1.0000e-12  -74.23578 -112.19996  32.020766      99.88 5.6248e+02    603.220      14478  1028.7619  1028.7610     4.4354     0.0794     0.1220    34.0570    34.0559    8.37247         32 0.0000e+00
    284.000    280.868    -1.4215  27.270167    -1.4208  27.269907     6.2586     6.3829     0.0772    93.4912 1.0000e-12  -74.23578 -112.19996  32.020781      99.87 5.5902e+02    604.517      14509  1028.7667  1028.7658     4.4351     0.0814     0.1292    34.0570    34.0559    8.37255         30 0.0000e+00
    285.000    281.856    -1.4189  27.273395    -1.4182  27.272925     6.2498     6.3802     0.0563    93.4827 1.0000e-12  -74.23578 -112.19996  32.020796      99.87 5.5965e+02    605.733      14539  1028.7721  1028.7709     4.4348     0.0825     0.1380    34.0580    34.0565    8.37193         28 0.0000e+00
    286.000    282.843    -1.4165  27.276327    -1.4158  27.275975     6.2548     6.3803     0.0576    93.5013 1.0000e-12  -74.23578 -112.19996  32.020808      99.87 5.5639e+02    606.823      14565  1028.7772  1028.7762     4.4356     0.0780     0.1240    34.0586    34.0573    8.37134         25 0.0000e+00
    287.000    283.830    -1.4162  27.277239    -1.4154  27.276997     6.2518     6.3794     0.0669    93.4912 1.0000e-12  -74.23578 -112.19996  32.020820      94.82 5.5790e+02    607.868      14590  1028.7822  1028.7812     4.4352     0.0789     0.1244    34.0589    34.0576    8.37125         25 0.0000e+00
    288.000    284.820    -1.4164  27.277474    -1.4156  27.277281     6.2506     6.3825     0.0486    93.4659 1.0000e-12  -74.23578 -112.19996  32.020834      99.82 5.5583e+02    609.049      14618  1028.7870  1028.7860     4.4340     0.0795     0.1229    34.0588    34.0577    8.37131         32 0.0000e+00
    289.000    285.809    -1.4161  27.278543    -1.4153  27.278253     6.2513     6.3833     0.0584    93.5338 1.0000e-12  -74.23576 -112.19996  32.020850      99.87 5.5344e+02    610.414      14651  1028.7922  1028.7911     4.4372     0.0802     0.1224    34.0593    34.0581    8.37121         33 0.0000e+00
    290.000    286.795    -1.4167  27.279162    -1.4159  27.278955     6.2511     6.3849     0.0560    93.5157 1.0000e-12  -74.23576 -112.19996  32.020865      99.87 5.5157e+02    611.753      14683  1028.7977  1028.7967     4.4363     0.0798     0.1242    34.0602    34.0591    8.37128         30 0.0000e+00
    291.000    287.785    -1.4144  27.282482    -1.4137  27.282180     6.2497     6.3843     0.0680    93.5498 1.0000e-12  -74.23576 -112.19996  32.020879      99.87 5.5357e+02    612.915      14711  1028.8034  1028.8024     4.4380     0.0795     0.1232    34.0616    34.0604    8.37069         26 0.0000e+00
    292.000    288.773    -1.4127  27.285176    -1.4120  27.284879     6.2537     6.3845     0.0776    93.5519 1.0000e-12  -74.23576 -112.19997  32.020891      99.87 5.5029e+02    613.960      14736  1028.8091  1028.8080     4.4380     0.0805     0.1247    34.0628    34.0615    8.37025         25 0.0000e+00
    293.000    289.761    -1.4135  27.285227    -1.4128  27.284918     6.2653     6.3851     0.0442    93.5083 1.0000e-12  -74.23576 -112.19997  32.020903      99.87 5.4984e+02    615.043      14762  1028.8142  1028.8132     4.4360     0.0837     0.1216    34.0632    34.0619    8.37041         28 0.0000e+00
    294.000    290.750    -1.4147  27.284981    -1.4138  27.284662     6.2672     6.3898     0.0478    93.5273 1.0000e-12  -74.23576 -112.19997  32.020919      99.87 5.4997e+02    616.382      14794  1028.8194  1028.8182     4.4369     0.0873     0.1223    34.0636    34.0621    8.37065         35 0.0000e+00
    295.000    291.738    -1.4143  27.286429    -1.4135  27.286091     6.2608     6.3942     0.0573    93.5063 1.0000e-12  -74.23576 -112.19997  32.020934      99.87 5.4607e+02    617.728      14826  1028.8249  1028.8238     4.4359     0.0809     0.1208    34.0644    34.0631    8.37050         29 0.0000e+00
    296.000    292.726    -1.4141  27.287394    -1.4134  27.287039     6.2585     6.3849     0.0588    93.5087 1.0000e-12  -74.23576 -112.19997  32.020947      99.87 5.4641e+02    618.794      14852  1028.8300  1028.8290     4.4360     0.0826     0.1222    34.0649    34.0636    8.37043         24 0.0000e+00
    297.000    293.715    -1.4133  27.288903    -1.4124  27.288534     6.2594     6.3920     0.0582    93.5486 1.0000e-12  -74.23576 -112.19997  32.020958      91.20 5.4541e+02    619.789      14876  1028.8352  1028.8340     4.4379     0.0798     0.1199    34.0655    34.0640    8.37022         24 0.0000e+00
    298.000    294.704    -1.4087  27.293941    -1.4079  27.293667     6.2673     6.4035     0.0678    93.5495 1.0000e-12  -74.23576 -112.19998  32.020970      93.59 5.4640e+02    620.794      14900  1028.8405  1028.8394     4.4379     0.0795     0.1195    34.0665    34.0652    8.36911         24 0.0000e+00
    299.000    295.690    -1.4099  27.294188    -1.4092  27.293854     6.2623     6.3951     0.0646    93.5698 1.0000e-12  -74.23576 -112.19998  32.020983      99.54 5.4239e+02    621.962      14928  1028.8463  1028.8453     4.4389     0.0864     0.1224    34.0676    34.0664    8.36933         31 0.0000e+00
    300.000    296.679    -1.4083  27.296724    -1.4069  27.296709     6.2287     6.3643     0.0750    93.5572 1.0000e-12  -74.23576 -112.19998  32.020998      99.87 5.4211e+02    623.216      14958  1028.8519  1028.8505     4.4383     0.0826     0.1220    34.0687    34.0671    8.36890         29 0.0000e+00
    301.000    297.668    -1.3849  27.318571    -1.3826  27.318658     6.2038     6.3449     0.0703    93.5394 1.0000e-12  -74.23576 -112.19998  32.021012      99.87 5.4267e+02    624.422      14987  1028.8573  1028.8552     4.4375     0.0844     0.1185    34.0714    34.0690    8.36348         29 0.0000e+00
    302.000    298.656    -1.3722  27.330376    -1.3713  27.330409     6.2070     6.3448     0.0867    93.5114 1.0000e-12  -74.23576 -112.19998  32.021025      99.87 5.4074e+02    625.585      15015  1028.8624  1028.8614     4.4361     0.0843     0.1280    34.0726    34.0716    8.36057         27 0.0000e+00
    303.000    299.643    -1.3737  27.330101    -1.3730  27.329526     6.2099     6.3459     0.1715    93.5480 1.0000e-12  -74.23576 -112.19998  32.021039      99.87 5.3812e+02    626.729      15042  1028.8679  1028.8666     4.4379     0.0821     0.1184    34.0733    34.0717    8.36085         28 0.0000e+00
    304.000    300.631    -1.3787  27.326865    -1.3778  27.326731     6.2147     6.3470     0.0805    93.5247 1.0000e-12  -74.23576 -112.19998  32.021052      99.87 5.4101e+02    627.933      15071  1028.8736  1028.8727     4.4368     0.0815     0.1197    34.0739    34.0728    8.36194         30 0.0000e+00
    305.000    301.621    -1.3712  27.335101    -1.3709  27.334124     6.1917     6.3280     0.0963    93.5973 1.0000e-12  -74.23576 -112.19998  32.021068      99.88 5.3898e+02    629.240      15103  1028.8798  1028.8784     4.4403     0.0861     0.1180    34.0761    34.0744    8.36013         33 0.0000e+00
    306.000    302.608    -1.3573  27.348643    -1.3569  27.346997     6.1887     6.3265     0.0990    93.6046 1.0000e-12  -74.23576 -112.19998  32.021083      99.87 5.3951e+02    630.584      15135  1028.8855  1028.8833     4.4405     0.0834     0.1163    34.0782    34.0756    8.35689         30 0.0000e+00
    307.000    303.596    -1.3429  27.362358    -1.3413  27.363228     6.2061     6.3360     0.1352    93.6000 1.0000e-12  -74.23576 -112.19998  32.021097      99.87 5.3698e+02    631.774      15164  1028.8910  1028.8903     4.4404     0.0815     0.1173    34.0802    34.0795    8.35356         27 0.0000e+00
    308.000    304.584    -1.3652  27.345364    -1.3650  27.344685     6.2166     6.3472     0.1079    93.5041 1.0000e-12  -74.23576 -112.19998  32.021109      99.87 5.3547e+02    632.850      15189  1028.8985  1028.8975     4.4357     0.1096     0.1196    34.0815    34.0803    8.35846         25 0.0000e+00
    309.000    305.573    -1.3670  27.344223    -1.3657  27.344271     6.2104     6.3426     0.0660    93.5146 1.0000e-12  -74.23576 -112.19998  32.021122      94.70 5.3797e+02    633.953      15216  1028.9033  1028.9022     4.4363     0.0795     0.1218    34.0814    34.0800    8.35888         29 0.0000e+00
    310.000    306.560    -1.3644  27.347327    -1.3633  27.347034     6.2202     6.3595     0.0574    93.5889 1.0000e-12  -74.23576 -112.19996  32.021137      99.93 5.3946e+02    635.222      15246  1028.9085  1028.9072     4.4398     0.0842     0.1166    34.0820    34.0804    8.35825         31 0.0000e+00
    311.000    307.549    -1.3623  27.349718    -1.3614  27.349502     6.1744     6.3177     0.0587    93.5917 1.0000e-12  -74.23576 -112.19997  32.021152      99.87 5.3646e+02    636.498      15277  1028.9135  1028.9123     4.4400     0.0978     0.1210    34.0823    34.0810    8.35777         30 0.0000e+00
