ocean_section_plots/required_files/ctd/dnbp2202_ctd232.cnv
* Sea-Bird SBE 9 Data File:
* FileName = D:\Data\raw\NBP2202_CTD232.hex
* Software Version Seasave V 7.26.7.121
* Temperature SN = 1649
* Conductivity SN = 2513
* Number of Bytes Per Scan = 40
* Number of Voltage Words = 5
* Number of Scans Averaged by the Deck Unit = 1
* NMEA Latitude = 73 45.74 S
* NMEA Longitude = 113 49.36 W
* NMEA UTC (Time) = Feb 13 2022  09:14:08
* NMEA baud rate = 9600
** Ship: RVIB N.B. Palmer
** Cruise: NBP2202 Thwaites
** Station: 144
** Operator: B. Bjork
# nquan = 28
# nvalues = 510                         
# units = specified
# name 0 = prDM: Pressure, Digiquartz [db]
# name 1 = depSM: Depth [salt water, m]
# name 2 = t090C: Temperature [ITS-90, deg C]
# name 3 = c0mS/cm: Conductivity [mS/cm]
# name 4 = t190C: Temperature, 2 [ITS-90, deg C]
# name 5 = c1mS/cm: Conductivity, 2 [mS/cm]
# name 6 = sbeox0ML/L: Oxygen, SBE 43 [ml/l]
# name 7 = sbeox1ML/L: Oxygen, SBE 43, 2 [ml/l]
# name 8 = flECO-AFL: Fluorescence, WET Labs ECO-AFL/FL [mg/m^3]
# name 9 = CStarTr0: Beam Transmission, WET Labs C-Star [%]
# name 10 = par: PAR/Irradiance, Biospherical/Licor
# name 11 = latitude: Latitude [deg]
# name 12 = longitude: Longitude [deg]
# name 13 = timeJ: Julian Days
# name 14 = altM: Altimeter [m]
# name 15 = spar: SPAR, Biospherical/Licor
# name 16 = timeS: Time, Elapsed [seconds]
# name 17 = scan: Scan Count
# name 18 = density00: Density [density, kg/m^3]
# name 19 = density11: Density, 2 [density, kg/m^3]
# name 20 = v3: Voltage 3
# name 21 = v4: Voltage 4
# name 22 = v5: Voltage 5
# name 23 = sal00: Salinity, Practical [PSU]
# name 24 = sal11: Salinity, Practical, 2 [PSU]
# name 25 = oxsolML/L: Oxygen Saturation, Garcia & Gordon [ml/l]
# name 26 = nbin: number of scans per bin
# name 27 = flag: flag
# span 0 =      2.000,    511.000       
# span 1 =      1.974,    505.089       
# span 2 =    -1.4740,    -0.0715       
# span 3 =  27.100074,  28.706924       
# span 4 =    -1.4736,    -0.0696       
# span 5 =  27.100079,  28.706696       
# span 6 =     4.8044,     8.9771       
# span 7 =     4.9532,     9.3168       
# span 8 =     0.0033,    24.6881       
# span 9 =    77.3010,    97.3241       
# span 10 = 1.0000e-12, 4.5197e+00      
# span 11 =  -73.76236,  -73.76236      
# span 12 = -113.82280, -113.82274      
# span 13 =  44.387422,  44.395284      
# span 14 =       1.32,     100.07      
# span 15 = 3.1719e+01, 4.0295e+01      
# span 16 =    225.323,    904.505      
# span 17 =       5409,      21709      
# span 18 =  1027.1625,  1029.9975      
# span 19 =  1027.1624,  1029.9954      
# span 20 =     3.6668,     4.6169      
# span 21 =     0.0675,     3.7148      
# span 22 =     0.1179,     0.2764      
# span 23 =    33.7867,    34.3349      
# span 24 =    33.7865,    34.3324      
# span 25 =    8.06260,    8.38891      
# span 26 =         10,         48      
# span 27 = 0.0000e+00, 0.0000e+00      
# interval = decibars: 1                
# start_time = Feb 13 2022 09:14:08 [NMEA time, header]
# bad_flag = -9.990e-29
*END*
[from data line 104]
    106.000    104.878    -1.3493  27.114051    -1.3489  27.114020     6.4830     6.7124     6.0065    87.4436 1.0000e-12  -73.76236 -113.82276  44.389473      99.59 3.5337e+01    402.467       9660  1027.7605  1027.7600     4.1484     1.1896     0.1623    33.8711    33.8705    8.36741         26 0.0000e+00
    107.000    105.866    -1.3497  27.114387    -1.3491  27.114481     6.4822     6.7059     5.2025    87.2528 1.0000e-12  -73.76236 -113.82277  44.389486      99.74 3.5687e+01    403.558       9686  1027.7655  1027.7650     4.1395     0.8739     0.1472    33.8714    33.8708    8.36747         25 0.0000e+00
    108.000    106.859    -1.3501  27.114774    -1.3495  27.114727     6.4851     6.7063     5.3891    88.2208 1.0000e-12  -73.76236 -113.82277  44.389498      99.74 3.6759e+01    404.603       9711  1027.7705  1027.7699     4.1851     0.8732     0.1740    33.8717    33.8710    8.36754         25 0.0000e+00
    109.000    107.846    -1.3499  27.115455    -1.3497  27.115100     6.4829     6.6977     5.3193    88.4292 1.0000e-12  -73.76236 -113.82277  44.389509      99.62 3.6434e+01    405.602       9735  1027.7753  1027.7748     4.1951     1.1165     0.1575    33.8718    33.8711    8.36749         24 0.0000e+00
    110.000    108.834    -1.3501  27.115866    -1.3498  27.115687     6.4799     6.6961     5.0249    87.6361 1.0000e-12  -73.76236 -113.82277  44.389521      99.65 3.5348e+01    406.589       9759  1027.7803  1027.7797     4.1575     1.0958     0.1752    33.8720    33.8713    8.36753         24 0.0000e+00
    111.000    109.825    -1.3509  27.115898    -1.3504  27.115747     6.4775     6.6984     4.7997    88.1739 1.0000e-12  -73.76236 -113.82277  44.389533      99.74 3.6533e+01    407.630       9784  1027.7853  1027.7847     4.1830     0.8515     0.1613    33.8723    33.8715    8.36769         25 0.0000e+00
    112.000    110.813    -1.3507  27.116479    -1.3505  27.116342     6.4693     6.6907     5.4597    87.8285 1.0000e-12  -73.76236 -113.82277  44.389545      99.80 3.5397e+01    408.653       9809  1027.7900  1027.7896     4.1668     0.7168     0.1597    33.8723    33.8718    8.36765         24 0.0000e+00
    113.000    111.802    -1.3504  27.117187    -1.3500  27.117077     6.4566     6.6795     5.8432    88.8190 1.0000e-12  -73.76236 -113.82277  44.389556      99.68 3.5477e+01    409.634       9832  1027.7948  1027.7943     4.2135     1.0130     0.1698    33.8723    33.8717    8.36758         24 0.0000e+00
    114.000    112.791    -1.3507  27.117518    -1.3503  27.117462     6.4368     6.6652     5.4369    88.9546 1.0000e-12  -73.76236 -113.82277  44.389568      99.72 3.6654e+01    410.655       9857  1027.7998  1027.7993     4.2200     0.9326     0.1600    33.8725    33.8719    8.36764         25 0.0000e+00
    115.000    113.780    -1.3578  27.114870    -1.3580  27.114776     6.4326     6.6601     4.7658    89.3204 1.0000e-12  -73.76236 -113.82277  44.389580      99.70 3.5322e+01    411.713       9882  1027.8080  1027.8081     4.2374     0.9653     0.1553    33.8763    33.8763    8.36901         25 0.0000e+00
    116.000    114.769    -1.3601  27.114717    -1.3581  27.115126     6.4239     6.6476     4.5217    89.1668 1.0000e-12  -73.76236 -113.82277  44.389592      98.98 3.5625e+01    412.729       9906  1027.8143  1027.8129     4.2301     0.9545     0.1851    33.8779    33.8763    8.36941         24 0.0000e+00
    117.000    115.759    -1.3562  27.116570    -1.3553  27.116535     6.4019     6.6243     4.8181    89.2290 1.0000e-12  -73.76236 -113.82277  44.389603      96.64 3.6347e+01    413.712       9930  1027.8168  1027.8159     4.2331     0.6939     0.1604    33.8755    33.8744    8.36868         24 0.0000e+00
    118.000    116.748    -1.3607  27.115295    -1.3603  27.115242     6.3598     6.5872     5.1461    88.6940 1.0000e-12  -73.76236 -113.82277  44.389615      99.75 3.6316e+01    414.739       9955  1027.8241  1027.8236     4.2077     0.7726     0.1729    33.8782    33.8776    8.36954         25 0.0000e+00
    119.000    117.737    -1.3683  27.112857    -1.3688  27.112546     6.3109     6.5411     6.0009    88.8810 1.0000e-12  -73.76236 -113.82277  44.389627      99.77 3.6245e+01    415.792       9980  1027.8331  1027.8332     4.2166     0.8113     0.1623    33.8828    33.8830    8.37096         25 0.0000e+00
    120.000    118.726    -1.3775  27.109871    -1.3770  27.109954     6.2597     6.4946     4.7231    89.4276 1.0000e-12  -73.76236 -113.82277  44.389639      99.77 3.7027e+01    416.821      10005  1027.8431  1027.8426     4.2425     0.8032     0.1565    33.8886    33.8881    8.37270         24 0.0000e+00
    121.000    119.715    -1.3816  27.108919    -1.3817  27.108634     6.2092     6.4510     3.8978    88.7791 1.0000e-12  -73.76236 -113.82277  44.389651      99.79 3.6355e+01    417.820      10029  1027.8502  1027.8500     4.2116     0.7417     0.1549    33.8913    33.8910    8.37346         24 0.0000e+00
    122.000    120.704    -1.3891  27.106258    -1.3891  27.106035     6.1892     6.4328     5.0525    88.3902 1.0000e-12  -73.76236 -113.82277  44.389662      99.79 3.6214e+01    418.804      10052  1027.8588  1027.8585     4.1934     0.7455     0.1580    33.8955    33.8951    8.37489         24 0.0000e+00
    123.000    121.693    -1.4035  27.101909    -1.4043  27.101604     6.1906     6.4248     3.9341    88.2662 1.0000e-12  -73.76236 -113.82278  44.389674      99.78 3.6870e+01    419.807      10076  1027.8723  1027.8727     4.1874     0.7720     0.1554    33.9053    33.9057    8.37755         24 0.0000e+00
    124.000    122.683    -1.4092  27.100337    -1.4088  27.100277     6.1947     6.4202     3.2682    89.7454 1.0000e-12  -73.76236 -113.82278  44.389686      99.80 3.6880e+01    420.838      10101  1027.8802  1027.8798     4.2576     0.7201     0.1586    33.9088    33.9084    8.37860         25 0.0000e+00
    125.000    123.671    -1.4091  27.100825    -1.4086  27.100795     6.1968     6.4194     3.8175    88.7393 1.0000e-12  -73.76236 -113.82278  44.389697      99.79 3.5781e+01    421.846      10125  1027.8849  1027.8844     4.2099     0.7149     0.1539    33.9089    33.9082    8.37860         24 0.0000e+00
    126.000    124.661    -1.4093  27.101279    -1.4088  27.101283     6.1985     6.4160     3.3960    89.6112 1.0000e-12  -73.76236 -113.82278  44.389709      99.79 3.6865e+01    422.846      10149  1027.8898  1027.8892     4.2511     0.7275     0.1532    33.9091    33.9085    8.37862         24 0.0000e+00
    127.000    125.650    -1.4092  27.101830    -1.4086  27.101793     6.2093     6.4241     2.6542    89.9182 1.0000e-12  -73.76236 -113.82278  44.389720      99.82 3.6947e+01    423.849      10173  1027.8944  1027.8938     4.2658     0.6619     0.1489    33.9091    33.9084    8.37860         24 0.0000e+00
    128.000    126.638    -1.4090  27.102313    -1.4086  27.102263     6.2200     6.4328     2.6596    90.7596 1.0000e-12  -73.76236 -113.82278  44.389732      99.82 3.6792e+01    424.830      10197  1027.8990  1027.8985     4.3056     0.6441     0.1579    33.9089    33.9083    8.37856         23 0.0000e+00
    129.000    127.628    -1.4095  27.102696    -1.4094  27.102504     6.2292     6.4344     2.9883    90.8163 1.0000e-12  -73.76236 -113.82277  44.389743      89.90 3.6394e+01    425.814      10221  1027.9041  1027.9038     4.3083     0.5863     0.1512    33.9094    33.9090    8.37865         25 0.0000e+00
    130.000    128.617    -1.4126  27.102206    -1.4131  27.101935     6.2340     6.4393     3.2373    91.8205 1.0000e-12  -73.76236 -113.82276  44.389755      99.67 3.7010e+01    426.857      10246  1027.9108  1027.9110     4.3559     0.5782     0.1554    33.9116    33.9117    8.37921         25 0.0000e+00
    131.000    129.605    -1.4156  27.101917    -1.4153  27.101731     6.2359     6.4429     3.3025    91.3411 1.0000e-12  -73.76236 -113.82276  44.389767      99.79 3.5992e+01    427.897      10271  1027.9177  1027.9172     4.3333     0.7468     0.1588    33.9140    33.9134    8.37974         24 0.0000e+00
    132.000    130.595    -1.4220  27.100432    -1.4211  27.100532     6.2265     6.4394     2.7701    91.4819 1.0000e-12  -73.76236 -113.82276  44.389779      99.83 3.6284e+01    428.887      10294  1027.9265  1027.9257     4.3399     0.6124     0.1517    33.9185    33.9176    8.38090         24 0.0000e+00
    133.000    131.584    -1.4249  27.100074    -1.4246  27.100079     6.2262     6.4305     2.9210    92.2204 1.0000e-12  -73.76236 -113.82276  44.389790      99.85 3.7095e+01    429.872      10318  1027.9332  1027.9329     4.3749     0.5419     0.1451    33.9208    33.9204    8.38144         23 0.0000e+00
    134.000    132.572    -1.4252  27.100622    -1.4249  27.100498     6.2286     6.4344     2.3823    91.1783 1.0000e-12  -73.76236 -113.82276  44.389802      99.86 3.6808e+01    430.881      10342  1027.9383  1027.9379     4.3255     0.5150     0.1456    33.9212    33.9207    8.38147         25 0.0000e+00
    135.000    133.562    -1.4269  27.101140    -1.4265  27.101118     6.2259     6.4284     2.3382    91.2860 1.0000e-12  -73.76236 -113.82276  44.389813      99.89 3.5926e+01    431.887      10366  1027.9447  1027.9444     4.3306     0.4060     0.1429    33.9232    33.9228    8.38173         24 0.0000e+00
    136.000    134.551    -1.4272  27.103636    -1.4267  27.103803     6.2216     6.4353     2.2586    91.9765 1.0000e-12  -73.76236 -113.82276  44.389825      99.86 3.7166e+01    432.894      10390  1027.9521  1027.9518     4.3633     0.4783     0.1519    33.9264    33.9260    8.38162         24 0.0000e+00
    137.000    135.540    -1.4266  27.105288    -1.4261  27.105309     6.2250     6.4347     2.3739    92.1067 1.0000e-12  -73.76236 -113.82276  44.389837      99.87 3.6366e+01    433.889      10414  1027.9576  1027.9571     4.3694     0.4465     0.1451    33.9274    33.9268    8.38143         24 0.0000e+00
    138.000    136.530    -1.4259  27.106791    -1.4256  27.106473     6.2202     6.4260     2.7455    91.4629 1.0000e-12  -73.76236 -113.82276  44.389848      99.87 3.5949e+01    434.872      10438  1027.9628  1027.9621     4.3390     0.4811     0.1527    33.9280    33.9272    8.38122         23 0.0000e+00
    139.000    137.517    -1.4257  27.107560    -1.4254  27.107155     6.2203     6.4282     3.1369    91.5248 1.0000e-12  -73.76236 -113.82276  44.389860      99.80 3.6822e+01    435.890      10462  1027.9677  1027.9669     4.3420     0.6987     0.1553    33.9282    33.9273    8.38116         25 0.0000e+00
    140.000    138.507    -1.4244  27.109693    -1.4238  27.109648     6.2209     6.4323     3.0630    92.0325 1.0000e-12  -73.76236 -113.82276  44.389872      99.82 3.6380e+01    436.931      10487  1027.9731  1027.9725     4.3660     0.6196     0.1481    33.9291    33.9283    8.38083         25 0.0000e+00
    141.000    139.496    -1.4226  27.112632    -1.4220  27.112374     6.2248     6.4276     2.7210    92.2098 1.0000e-12  -73.76236 -113.82276  44.389883      99.84 3.6174e+01    437.933      10511  1027.9788  1027.9780     4.3744     0.5740     0.1463    33.9304    33.9294    8.38033         23 0.0000e+00
    142.000    140.484    -1.4225  27.112923    -1.4219  27.112987     6.2294     6.4320     2.9643    91.8448 1.0000e-12  -73.76236 -113.82276  44.389895      96.96 3.6884e+01    438.910      10535  1027.9833  1027.9828     4.3575     0.6422     0.1597    33.9300    33.9295    8.38033         24 0.0000e+00
    143.000    141.474    -1.4224  27.113698    -1.4220  27.113392     6.2298     6.4410     3.4642    92.4598 1.0000e-12  -73.76236 -113.82276  44.389906      97.41 3.6739e+01    439.916      10559  1027.9884  1027.9877     4.3859     0.6337     0.1517    33.9304    33.9295    8.38029         25 0.0000e+00
    144.000    142.463    -1.4214  27.114931    -1.4207  27.115080     6.2310     6.4403     3.7563    91.7350 1.0000e-12  -73.76236 -113.82276  44.389918      99.85 3.6727e+01    440.941      10584  1027.9931  1027.9925     4.3519     0.5634     0.1418    33.9304    33.9297    8.38008         24 0.0000e+00
    145.000    143.452    -1.4185  27.118140    -1.4180  27.118258     6.2351     6.4354     3.3532    92.3712 1.0000e-12  -73.76236 -113.82275  44.389930      99.85 3.7095e+01    441.969      10608  1027.9981  1027.9977     4.3821     0.5458     0.1571    33.9309    33.9304    8.37939         25 0.0000e+00
    146.000    144.440    -1.4181  27.119499    -1.4178  27.118963     6.2326     6.4411     3.4781    91.9176 1.0000e-12  -73.76236 -113.82274  44.389942      99.85 3.6733e+01    442.962      10632  1028.0035  1028.0026     4.3606     0.5454     0.1523    33.9316    33.9306    8.37925         24 0.0000e+00
    147.000    145.431    -1.4196  27.123121    -1.4196  27.122771     6.2317     6.4338     3.6523    91.7322 1.0000e-12  -73.76236 -113.82274  44.389953      99.86 3.6188e+01    443.940      10656  1028.0133  1028.0130     4.3516     0.5128     0.1498    33.9377    33.9373    8.37923         23 0.0000e+00
    148.000    146.419    -1.4258  27.122887    -1.4256  27.122708     6.2257     6.4318     4.0280    91.3751 1.0000e-12  -73.76236 -113.82274  44.389965      99.75 3.7234e+01    444.960      10680  1028.0235  1028.0231     4.3349     0.8438     0.1649    33.9439    33.9433    8.38027         25 0.0000e+00
    149.000    147.408    -1.4268  27.124306    -1.4264  27.124155     6.2150     6.4358     4.6521    91.0987 1.0000e-12  -73.76236 -113.82274  44.389977      99.84 3.6681e+01    446.022      10706  1028.0304  1028.0297     4.3218     0.5976     0.1624    33.9463    33.9456    8.38035         26 0.0000e+00
    150.000    148.394    -1.4280  27.124924    -1.4275  27.124832     6.2120     6.4344     4.2985    90.7744 1.0000e-12  -73.76236 -113.82274  44.389989      99.83 3.5325e+01    447.036      10730  1028.0364  1028.0358     4.3063     0.6459     0.1549    33.9478    33.9471    8.38051         21 0.0000e+00
    151.000    149.386    -1.4291  27.125117    -1.4288  27.124983     6.2134     6.4328     3.8252    90.3377 1.0000e-12  -73.76236 -113.82274  44.390000      99.80 3.6108e+01    448.009      10753  1028.0421  1028.0416     4.2856     0.7130     0.1552    33.9488    33.9483    8.38072         23 0.0000e+00
    152.000    150.375    -1.4309  27.124851    -1.4304  27.124806     6.2253     6.4321     3.9271    90.7786 1.0000e-12  -73.76236 -113.82274  44.390011      99.81 3.6808e+01    448.990      10777  1028.0478  1028.0473     4.3066     0.6643     0.1523    33.9498    33.9492    8.38106         24 0.0000e+00
    153.000    151.363    -1.4322  27.124773    -1.4316  27.124777     6.2372     6.4452     4.0702    90.7668 1.0000e-12  -73.76236 -113.82274  44.390023      99.84 3.6384e+01    450.006      10801  1028.0532  1028.0526     4.3060     0.5970     0.1611    33.9506    33.9499    8.38130         25 0.0000e+00
    154.000    152.353    -1.4336  27.124236    -1.4335  27.123892     6.2452     6.4587     3.6893    90.8153 1.0000e-12  -73.76236 -113.82274  44.390035      99.83 3.5610e+01    451.043      10826  1028.0582  1028.0578     4.3083     0.6266     0.1490    33.9508    33.9502    8.38160         25 0.0000e+00
    155.000    153.341    -1.4414  27.119337    -1.4411  27.119184     6.2540     6.4673     3.6330    90.6584 1.0000e-12  -73.76236 -113.82274  44.390047      87.10 3.6963e+01    452.074      10851  1028.0647  1028.0643     4.3008     0.6209     0.1600    33.9523    33.9517    8.38327         24 0.0000e+00
    156.000    154.330    -1.4434  27.118591    -1.4429  27.118419     6.2572     6.4724     3.8798    89.8681 1.0000e-12  -73.76236 -113.82274  44.390059      99.28 3.5406e+01    453.079      10875  1028.0700  1028.0695     4.2634     0.8326     0.1558    33.9529    33.9521    8.38368         25 0.0000e+00
