ocean_section_plots/required_files/ctd/dnbp2202_ctd051.cnv
* Sea-Bird SBE 9 Data File:
* FileName = D:\Data\raw\NBP2202_CTD051.hex
* Software Version Seasave V 7.26.7.121
* Temperature SN = 1649
* Conductivity SN = 2513
* Number of Bytes Per Scan = 40
* Number of Voltage Words = 5
* Number of Scans Averaged by the Deck Unit = 1
* NMEA Latitude = 74 13.57 S
* NMEA Longitude = 112 46.78 W
* NMEA UTC (Time) = Jan 24 2022  06:04:52
* NMEA baud rate = 9600
** Ship: RVIB N.B. Palmer
** Cruise: NBP2202 Thwaites
** Station: Section Dotson C
** Operator: B Bjork
# nquan = 25
# nvalues = 827                         
# units = specified
# name 0 = prDM: Pressure, Digiquartz [db]
# name 1 = depSM: Depth [salt water, m]
# name 2 = t090C: Temperature [ITS-90, deg C]
# name 3 = c0mS/cm: Conductivity [mS/cm]
# name 4 = t190C: Temperature, 2 [ITS-90, deg C]
# name 5 = c1mS/cm: Conductivity, 2 [mS/cm]
# name 6 = sbeox0ML/L: Oxygen, SBE 43 [ml/l]
# name 7 = sbeox1ML/L: Oxygen, SBE 43, 2 [ml/l]
# name 8 = flECO-AFL: Fluorescence, WET Labs ECO-AFL/FL [mg/m^3]
# name 9 = CStarTr0: Beam Transmission, WET Labs C-Star [%]
# name 10 = par: PAR/Irradiance, Biospherical/Licor
# name 11 = latitude: Latitude [deg]
# name 12 = longitude: Longitude [deg]
# name 13 = timeJ: Julian Days
# name 14 = altM: Altimeter [m]
# name 15 = spar: SPAR, Biospherical/Licor
# name 16 = timeS: Time, Elapsed [seconds]
# name 17 = scan: Scan Count
# name 18 = density00: Density [density, kg/m^3]
# name 19 = density11: Density, 2 [density, kg/m^3]
# name 20 = sal00: Salinity, Practical [PSU]
# name 21 = sal11: Salinity, Practical, 2 [PSU]
# name 22 = oxsolML/L: Oxygen Saturation, Garcia & Gordon [ml/l]
# name 23 = nbin: number of scans per bin
# name 24 = flag: flag
# span 0 =      2.000,    828.000       
# span 1 =      1.981,    817.795       
# span 2 =    -1.4930,     0.3882       
# span 3 =  27.099236,  29.367749       
# span 4 =    -1.4924,     0.3900       
# span 5 =  27.098835,  29.367112       
# span 6 =     4.6359,     8.2628       
# span 7 =     4.8419,     8.5527       
# span 8 =    -0.0192,    22.2790       
# span 9 =    71.9629,    96.5037       
# span 10 = 1.0000e-12, 6.7030e+01      
# span 11 =  -74.22628,  -74.22587      
# span 12 = -112.77982, -112.77812      
# span 13 =  24.254915,  24.268534      
# span 14 =       5.72,     100.47      
# span 15 = 1.8334e+02, 3.5244e+02      
# span 16 =    132.653,   1309.308      
# span 17 =       3185,      31424      
# span 18 =  1027.1865,  1031.5893      
# span 19 =  1027.1849,  1031.5868      
# span 20 =    33.7854,    34.5061      
# span 21 =    33.7881,    34.5033      
# span 22 =    7.95718,    8.39435      
# span 23 =         21,         47      
# span 24 = 0.0000e+00, 0.0000e+00      
# interval = decibars: 1                
# start_time = Jan 24 2022 06:04:52 [NMEA time, header]
# bad_flag = -9.990e-29
*END*
[from data line 348]
    350.000    346.084    -1.3405  27.398532    -1.3393  27.398083     6.2008     6.5034     0.0021    96.4820 1.0000e-12  -74.22606 -112.77846  24.260969      99.93 2.6309e+02    655.719      15738  1029.1135  1029.1118    34.1004    34.0985    8.35181         29 0.0000e+00
    351.000    347.071    -1.3371  27.402456    -1.3361  27.402015     6.2037     6.5009    -0.0046    96.4770 1.0000e-12  -74.22606 -112.77846  24.260983      99.89 2.6324e+02    656.951      15768  1029.1189  1029.1174    34.1014    34.0996    8.35101         31 0.0000e+00
    352.000    348.060    -1.3369  27.403559    -1.3358  27.403047     6.2058     6.5009     0.0032    96.4593 1.0000e-12  -74.22606 -112.77844  24.260998      99.88 2.6399e+02    658.187      15797  1029.1241  1029.1226    34.1020    34.1001    8.35091         29 0.0000e+00
    353.000    349.047    -1.3328  27.408259    -1.3316  27.407918     6.1908     6.4845     0.0064    96.4967 1.0000e-12  -74.22606 -112.77844  24.261012      99.89 2.6350e+02    659.425      15827  1029.1297  1029.1282    34.1032    34.1014    8.34992         30 0.0000e+00
    354.000    350.037    -1.3182  27.423238    -1.3167  27.423185     6.1817     6.4637     0.0012    96.5037 1.0000e-12  -74.22606 -112.77843  24.261026      99.89 2.6424e+02    660.637      15856  1029.1361  1029.1346    34.1066    34.1047    8.34646         28 0.0000e+00
    355.000    351.023    -1.3041  27.439534    -1.3031  27.438769     6.1907     6.4823     0.0054    96.4962 1.0000e-12  -74.22606 -112.77842  24.261040      99.88 2.6472e+02    661.848      15885  1029.1447  1029.1428    34.1122    34.1101    8.34297         30 0.0000e+00
    356.000    352.012    -1.3254  27.425243    -1.3239  27.425288     6.2320     6.5263     0.0007    96.5033 1.0000e-12  -74.22606 -112.77842  24.261054      99.89 2.6557e+02    663.062      15914  1029.1544  1029.1530    34.1163    34.1147    8.34750         29 0.0000e+00
    357.000    352.999    -1.3707  27.388222    -1.3713  27.386901     6.2818     6.5755     0.0140    96.4734 1.0000e-12  -74.22606 -112.77842  24.261068      99.88 2.6545e+02    664.264      15943  1029.1624  1029.1616    34.1164    34.1152    8.35763         26 0.0000e+00
    358.000    353.988    -1.4237  27.344377    -1.4254  27.342121     6.3064     6.5997     0.0106    96.4850 1.0000e-12  -74.22606 -112.77840  24.261082      89.85 2.6620e+02    665.477      15972  1029.1703  1029.1695    34.1158    34.1147    8.36955         30 0.0000e+00
    359.000    354.975    -1.4442  27.327745    -1.4442  27.326717     6.3104     6.6108     0.0072    96.5007 1.0000e-12  -74.22605 -112.77840  24.261096      81.09 2.6729e+02    666.708      16002  1029.1761  1029.1749    34.1158    34.1143    8.37418         29 0.0000e+00
    360.000    355.963    -1.4458  27.327066    -1.4449  27.326670     6.3143     6.6109     0.0184    96.4624 1.0000e-12  -74.22605 -112.77840  24.261110      98.99 2.6620e+02    667.922      16031  1029.1807  1029.1794    34.1160    34.1144    8.37451         29 0.0000e+00
    361.000    356.952    -1.4429  27.330348    -1.4419  27.329972     6.2998     6.5977     0.0101    96.4293 1.0000e-12  -74.22604 -112.77840  24.261124      99.89 2.6725e+02    669.143      16060  1029.1855  1029.1840    34.1166    34.1149    8.37383         30 0.0000e+00
    362.000    357.938    -1.4360  27.337582    -1.4348  27.337323     6.2994     6.5899     0.0069    96.4324 1.0000e-12  -74.22604 -112.77838  24.261139      99.88 2.6748e+02    670.380      16090  1029.1906  1029.1892    34.1180    34.1164    8.37218         29 0.0000e+00
    363.000    358.928    -1.4368  27.337655    -1.4352  27.337732     6.3141     6.6094     0.0064    96.4831 1.0000e-12  -74.22604 -112.77838  24.261153      99.88 2.6644e+02    671.600      16119  1029.1956  1029.1941    34.1184    34.1167    8.37234         30 0.0000e+00
    364.000    359.915    -1.4451  27.331313    -1.4439  27.331195     6.3209     6.6218     0.0134    96.3383 1.0000e-12  -74.22604 -112.77837  24.261167      99.89 2.6716e+02    672.811      16148  1029.2010  1029.1996    34.1186    34.1170    8.37421         29 0.0000e+00
    365.000    360.903    -1.4613  27.318434    -1.4596  27.318786     6.3395     6.6381     0.0143    96.4482 1.0000e-12  -74.22604 -112.77836  24.261181      99.89 2.6747e+02    674.031      16178  1029.2067  1029.2054    34.1187    34.1172    8.37784         29 0.0000e+00
    366.000    361.891    -1.4632  27.317451    -1.4621  27.317423     6.3457     6.6351     0.0128    96.4528 1.0000e-12  -74.22604 -112.77836  24.261195      99.88 2.6639e+02    675.237      16207  1029.2116  1029.2105    34.1189    34.1176    8.37826         29 0.0000e+00
    367.000    362.879    -1.4726  27.310336    -1.4716  27.310055     6.3475     6.6374     0.0066    96.4642 1.0000e-12  -74.22604 -112.77836  24.261209      99.89 2.6715e+02    676.443      16236  1029.2170  1029.2157    34.1192    34.1176    8.38035         28 0.0000e+00
    368.000    363.867    -1.4748  27.309157    -1.4739  27.308774     6.3497     6.6471     0.0094    96.4775 1.0000e-12  -74.22604 -112.77835  24.261223      99.89 2.6785e+02    677.662      16265  1029.2220  1029.2207    34.1195    34.1179    8.38083         30 0.0000e+00
    369.000    364.854    -1.4762  27.308679    -1.4754  27.308247     6.3453     6.6379     0.0176    96.4243 1.0000e-12  -74.22604 -112.77834  24.261237      95.86 2.6662e+02    678.876      16294  1029.2270  1029.2256    34.1198    34.1182    8.38113         29 0.0000e+00
    370.000    365.843    -1.4796  27.307242    -1.4787  27.306843     6.3418     6.6451     0.0216    96.4607 1.0000e-12  -74.22604 -112.77834  24.261251      81.72 2.6753e+02    680.081      16323  1029.2329  1029.2315    34.1211    34.1194    8.38182         29 0.0000e+00
    371.000    366.831    -1.4803  27.307258    -1.4793  27.306929     6.3384     6.6431     0.0168    96.4652 1.0000e-12  -74.22604 -112.77834  24.261265      97.96 2.6802e+02    681.296      16352  1029.2376  1029.2364    34.1212    34.1197    8.38195         29 0.0000e+00
    372.000    367.817    -1.4829  27.305862    -1.4821  27.305442     6.3180     6.6248     0.0084    96.4554 1.0000e-12  -74.22604 -112.77834  24.261279      99.91 2.6655e+02    682.509      16381  1029.2429  1029.2416    34.1217    34.1202    8.38253         29 0.0000e+00
    373.000    368.806    -1.4758  27.313976    -1.4741  27.313888     6.3073     6.6238     0.0131    96.4258 1.0000e-12  -74.22604 -112.77833  24.261293      99.89 2.6650e+02    683.724      16410  1029.2490  1029.2472    34.1241    34.1220    8.38077         29 0.0000e+00
    374.000    369.795    -1.4585  27.329885    -1.4579  27.329203     6.2779     6.5917     0.0205    96.4747 1.0000e-12  -74.22604 -112.77832  24.261307      99.88 2.6595e+02    684.958      16440  1029.2538  1029.2524    34.1257    34.1241    8.37680         30 0.0000e+00
    375.000    370.782    -1.4501  27.338492    -1.4481  27.338473     6.2348     6.5498     0.0155    96.4267 1.0000e-12  -74.22604 -112.77832  24.261322      99.88 2.6390e+02    686.188      16470  1029.2593  1029.2574    34.1273    34.1251    8.37480         30 0.0000e+00
    376.000    371.770    -1.4089  27.376121    -1.4069  27.376113     6.2192     6.5267     0.0195    96.4700 1.0000e-12  -74.22602 -112.77832  24.261336      99.89 2.6305e+02    687.401      16499  1029.2647  1029.2627    34.1316    34.1292    8.36531         29 0.0000e+00
    377.000    372.757    -1.3991  27.385306    -1.3982  27.384676     6.2009     6.5121     0.0221    96.4846 1.0000e-12  -74.22603 -112.77832  24.261350      99.88 2.6316e+02    688.615      16528  1029.2697  1029.2681    34.1324    34.1305    8.36305         29 0.0000e+00
    378.000    373.746    -1.3906  27.394177    -1.3895  27.393797     6.1697     6.4815     0.0327    96.4577 1.0000e-12  -74.22603 -112.77832  24.261364      99.88 2.6268e+02    689.811      16556  1029.2756  1029.2741    34.1343    34.1325    8.36103         29 0.0000e+00
    379.000    374.733    -1.3661  27.417122    -1.3646  27.416533     6.1599     6.4720     0.0290    96.4508 1.0000e-12  -74.22603 -112.77831  24.261377      99.89 2.6344e+02    690.976      16584  1029.2813  1029.2792    34.1373    34.1348    8.35537         27 0.0000e+00
    380.000    375.721    -1.3531  27.428825    -1.3539  27.426753     6.1594     6.4636     0.0289    96.4364 1.0000e-12  -74.22602 -112.77830  24.261390      77.81 2.6522e+02    692.128      16612  1029.2860  1029.2844    34.1380    34.1359    8.35242         27 0.0000e+00
    381.000    376.709    -1.3602  27.423596    -1.3588  27.423367     6.1503     6.4512     0.0248    96.4354 1.0000e-12  -74.22602 -112.77830  24.261404      89.13 2.6602e+02    693.269      16639  1029.2917  1029.2901    34.1382    34.1363    8.35398         27 0.0000e+00
    382.000    377.696    -1.3555  27.428839    -1.3538  27.428637     6.1469     6.4461     0.0352    96.4238 1.0000e-12  -74.22602 -112.77830  24.261417      99.86 2.6714e+02    694.394      16666  1029.2973  1029.2955    34.1394    34.1372    8.35285         28 0.0000e+00
    383.000    378.685    -1.3446  27.439151    -1.3429  27.439080     6.1414     6.4436     0.0341    96.4343 1.0000e-12  -74.22603 -112.77830  24.261430      99.89 2.6889e+02    695.525      16694  1029.3025  1029.3008    34.1406    34.1386    8.35036         27 0.0000e+00
    384.000    379.672    -1.3440  27.440741    -1.3426  27.440512     6.1362     6.4358     0.0289    96.4153 1.0000e-12  -74.22603 -112.77830  24.261443      99.89 2.6973e+02    696.695      16722  1029.3081  1029.3065    34.1414    34.1395    8.35016         28 0.0000e+00
    385.000    380.661    -1.3361  27.448813    -1.3346  27.448505     6.1324     6.4185     0.0289    96.4164 1.0000e-12  -74.22602 -112.77830  24.261457      99.88 2.6972e+02    697.860      16750  1029.3138  1029.3120    34.1429    34.1408    8.34831         28 0.0000e+00
    386.000    381.648    -1.3338  27.451312    -1.3330  27.450448     6.1153     6.4101     0.0229    96.3996 1.0000e-12  -74.22602 -112.77830  24.261470      99.89 2.6972e+02    699.037      16778  1029.3186  1029.3170    34.1431    34.1410    8.34778         29 0.0000e+00
    387.000    382.636    -1.3201  27.464270    -1.3166  27.465724     6.0980     6.3903     0.0284    96.3500 1.0000e-12  -74.22602 -112.77830  24.261484      99.88 2.6945e+02    700.233      16807  1029.3239  1029.3221    34.1447    34.1427    8.34463         28 0.0000e+00
    388.000    383.623    -1.3145  27.469639    -1.3136  27.468911     6.1014     6.4002     0.0512    96.4185 1.0000e-12  -74.22602 -112.77830  24.261498      99.89 2.6814e+02    701.430      16835  1029.3288  1029.3271    34.1451    34.1430    8.34336         30 0.0000e+00
    389.000    384.612    -1.3112  27.473119    -1.3096  27.472944     6.0690     6.3802     0.0483    96.4400 1.0000e-12  -74.22602 -112.77830  24.261512      99.89 2.6815e+02    702.629      16864  1029.3338  1029.3321    34.1454    34.1434    8.34259         28 0.0000e+00
    390.000    385.598    -1.3042  27.480081    -1.3033  27.479229     6.0187     6.3217     0.0330    96.4483 1.0000e-12  -74.22602 -112.77831  24.261526      99.88 2.6729e+02    703.833      16893  1029.3391  1029.3373    34.1465    34.1442    8.34098         29 0.0000e+00
    391.000    386.587    -1.2500  27.529924    -1.2488  27.528390     5.9717     6.2763     0.0440    96.3892 1.0000e-12  -74.22602 -112.77832  24.261539      92.48 2.6626e+02    705.009      16921  1029.3450  1029.3422    34.1525    34.1490    8.32854         27 0.0000e+00
    392.000    387.575    -1.2185  27.557546    -1.2182  27.556308     5.9204     6.2233     0.0385    96.4112 1.0000e-12  -74.22604 -112.77832  24.261553      85.44 2.6767e+02    706.164      16949  1029.3490  1029.3473    34.1538    34.1518    8.32144         28 0.0000e+00
    393.000    388.564    -1.1860  27.588544    -1.1822  27.589674     5.8605     6.1662     0.0470    96.4016 1.0000e-12  -74.22604 -112.77832  24.261566      98.79 2.6891e+02    707.316      16977  1029.3556  1029.3531    34.1586    34.1558    8.31392         28 0.0000e+00
    394.000    389.549    -1.1388  27.631925    -1.1339  27.633016     5.8122     6.1149     0.0490    96.3842 1.0000e-12  -74.22604 -112.77832  24.261579      99.88 2.6932e+02    708.443      17004  1029.3615  1029.3579    34.1636    34.1596    8.30316         27 0.0000e+00
    395.000    390.538    -1.0970  27.668944    -1.0962  27.667370     5.7865     6.0787     0.0328    96.3945 1.0000e-12  -74.22604 -112.77833  24.261592      99.89 2.7059e+02    709.552      17030  1029.3657  1029.3632    34.1661    34.1630    8.29377         26 0.0000e+00
    396.000    391.526    -1.0669  27.696000    -1.0660  27.694590     5.7666     6.0623     0.0408    96.3925 1.0000e-12  -74.22604 -112.77834  24.261605      99.88 2.7232e+02    710.658      17057  1029.3706  1029.3682    34.1682    34.1653    8.28699         27 0.0000e+00
    397.000    392.514    -1.0561  27.706370    -1.0540  27.706013     5.7611     6.0504     0.0331    96.3954 1.0000e-12  -74.22604 -112.77834  24.261618      99.88 2.7188e+02    711.779      17084  1029.3763  1029.3739    34.1695    34.1666    8.28454         27 0.0000e+00
    398.000    393.501    -1.0470  27.714996    -1.0456  27.714280     5.7600     6.0426     0.0469    96.4074 1.0000e-12  -74.22604 -112.77834  24.261631      99.88 2.7230e+02    712.892      17110  1029.3815  1029.3795    34.1702    34.1677    8.28247         26 0.0000e+00
    399.000    394.489    -1.0431  27.719168    -1.0416  27.718388     5.7617     6.0355     0.1342    96.3861 1.0000e-12  -74.22604 -112.77834  24.261644      99.89 2.7406e+02    714.016      17137  1029.3872  1029.3849    34.1709    34.1681    8.28157         28 0.0000e+00
    400.000    395.477    -1.0370  27.725175    -1.0344  27.725442     5.7628     6.0342     0.1070    96.3479 1.0000e-12  -74.22604 -112.77834  24.261657      99.89 2.7469e+02    715.171      17165  1029.3925  1029.3903    34.1715    34.1690    8.28018         28 0.0000e+00
    401.000    396.464    -1.0357  27.727834    -1.0340  27.727549     5.7558     6.0305     0.0356    96.3547 1.0000e-12  -74.22604 -112.77834  24.261671      99.88 2.7364e+02    716.339      17193  1029.3989  1029.3969    34.1731    34.1708    8.27982         28 0.0000e+00
    402.000    397.453    -1.0340  27.730449    -1.0324  27.729886     5.7313     6.0061     0.0365    96.3428 1.0000e-12  -74.22604 -112.77836  24.261684      99.89 2.7438e+02    717.520      17221  1029.4048  1029.4026    34.1741    34.1716    8.27938         28 0.0000e+00
    403.000    398.441    -1.0222  27.741845    -1.0194  27.742086     5.6985     5.9809     0.0388    96.3613 1.0000e-12  -74.22604 -112.77836  24.261698      89.62 2.7416e+02    718.709      17250  1029.4103  1029.4078    34.1757    34.1728    8.27670         29 0.0000e+00
    404.000    399.427    -0.9997  27.762391    -0.9987  27.761143     5.6777     5.9724     0.2546    96.2717 1.0000e-12  -74.22604 -112.77836  24.261712      98.36 2.7263e+02    719.888      17278  1029.4151  1029.4128    34.1775    34.1747    8.27163         28 0.0000e+00
    405.000    400.416    -0.9702  27.789361    -0.9682  27.789027     5.5672     5.8557     0.0449    96.2996 1.0000e-12  -74.22604 -112.77836  24.261725      99.89 2.7357e+02    721.065      17307  1029.4201  1029.4178    34.1801    34.1774    8.26499         28 0.0000e+00
    406.000    401.402    -0.9173  27.838894    -0.9124  27.839893     5.4392     5.7317     0.0383    96.3381 1.0000e-12  -74.22604 -112.77836  24.261739      99.88 2.7355e+02    722.247      17335  1029.4266  1029.4229    34.1868    34.1826    8.25299         29 0.0000e+00
