ocean_section_plots/required_files/ctd/dnbp2202_ctd059.cnv
* Sea-Bird SBE 9 Data File:
* FileName = D:\Data\raw\NBP2202_CTD059.hex
* Software Version Seasave V 7.26.7.121
* Temperature SN = 1649
* Conductivity SN = 2513
* Number of Bytes Per Scan = 40
* Number of Voltage Words = 5
* Number of Scans Averaged by the Deck Unit = 1
* NMEA Latitude = 74 07.53 S
* NMEA Longitude = 111 43.37 W
* NMEA UTC (Time) = Jan 25 2022  08:59:56
* NMEA baud rate = 9600
** Ship: RVIB N.B. Palmer
** Cruise: NBP2202 Thwaites
** Station: 40
** Operator: B.Bjork
# nquan = 25
# nvalues = 285                         
# units = specified
# name 0 = prDM: Pressure, Digiquartz [db]
# name 1 = depSM: Depth [salt water, m]
# name 2 = t090C: Temperature [ITS-90, deg C]
# name 3 = c0mS/cm: Conductivity [mS/cm]
# name 4 = t190C: Temperature, 2 [ITS-90, deg C]
# name 5 = c1mS/cm: Conductivity, 2 [mS/cm]
# name 6 = sbeox0ML/L: Oxygen, SBE 43 [ml/l]
# name 7 = sbeox1ML/L: Oxygen, SBE 43, 2 [ml/l]
# name 8 = flECO-AFL: Fluorescence, WET Labs ECO-AFL/FL [mg/m^3]
# name 9 = CStarTr0: Beam Transmission, WET Labs C-Star [%]
# name 10 = par: PAR/Irradiance, Biospherical/Licor
# name 11 = latitude: Latitude [deg]
# name 12 = longitude: Longitude [deg]
# name 13 = timeJ: Julian Days
# name 14 = altM: Altimeter [m]
# name 15 = spar: SPAR, Biospherical/Licor
# name 16 = timeS: Time, Elapsed [seconds]
# name 17 = scan: Scan Count
# name 18 = density00: Density [density, kg/m^3]
# name 19 = density11: Density, 2 [density, kg/m^3]
# name 20 = sal00: Salinity, Practical [PSU]
# name 21 = sal11: Salinity, Practical, 2 [PSU]
# name 22 = oxsolML/L: Oxygen Saturation, Garcia & Gordon [ml/l]
# name 23 = nbin: number of scans per bin
# name 24 = flag: flag
# span 0 =      2.000,    286.000       
# span 1 =      1.979,    282.849       
# span 2 =    -1.6734,    -1.1828       
# span 3 =  26.911170,  27.275086       
# span 4 =    -1.6731,    -1.1844       
# span 5 =  26.910937,  27.274768       
# span 6 =     6.1925,     7.8054       
# span 7 =     6.4830,     8.1742       
# span 8 =     0.0360,    19.5427       
# span 9 =    75.4384,    96.7604       
# span 10 = -1.079e-06, 1.0045e+01      
# span 11 =  -74.12550,  -74.12550      
# span 12 = -111.72290, -111.72286      
# span 13 =  25.377552,  25.383218      
# span 14 =     -27.75,     101.76      
# span 15 = 3.6964e+01, 4.3112e+01      
# span 16 =    224.520,    714.032      
# span 17 =       5389,      17138      
# span 18 =  1027.2054,  1028.7687      
# span 19 =  1027.2071,  1028.7672      
# span 20 =    33.8105,    34.0484      
# span 21 =    33.8120,    34.0467      
# span 22 =    8.33364,    8.43675      
# span 23 =         18,         48      
# span 24 = 0.0000e+00, 0.0000e+00      
# interval = decibars: 1                
# start_time = Jan 25 2022 08:59:56 [NMEA time, header]
# bad_flag = -9.990e-29
*END*
[from data line 232]
    234.000    231.449    -1.4811  27.170503    -1.4803  27.169753     6.2816     6.5838     0.1096    96.6779 1.0000e-12  -74.12550 -111.72288  25.381867      59.41 4.1910e+01    597.290      14336  1028.4978  1028.4962    34.0187    34.0168    8.38826         31 0.0000e+00
    235.000    232.435    -1.4763  27.175652    -1.4754  27.175199     6.2802     6.5775     0.1144    96.5206 1.0000e-12  -74.12550 -111.72288  25.381882      58.31 3.9880e+01    598.573      14367  1028.5031  1028.5018    34.0197    34.0181    8.38711         31 0.0000e+00
    236.000    233.425    -1.4745  27.177898    -1.4737  27.177316     6.2718     6.5702     0.1133    96.5620 1.0000e-12  -74.12550 -111.72288  25.381896      57.35 4.0369e+01    599.859      14398  1028.5083  1028.5069    34.0201    34.0184    8.38668         31 0.0000e+00
    237.000    234.413    -1.4697  27.182938    -1.4691  27.182375     6.2608     6.5592     0.1487    96.6074 1.0000e-12  -74.12550 -111.72288  25.381911      56.31 4.1886e+01    601.127      14428  1028.5136  1028.5124    34.0210    34.0195    8.38555         29 0.0000e+00
    238.000    235.402    -1.4647  27.188258    -1.4635  27.188148     6.2584     6.5548     0.1273    96.6611 1.0000e-12  -74.12550 -111.72288  25.381926      55.27 4.0592e+01    602.386      14458  1028.5190  1028.5177    34.0220    34.0204    8.38436         31 0.0000e+00
    239.000    236.390    -1.4608  27.192585    -1.4600  27.191977     6.2529     6.5535     0.0898    96.6589 1.0000e-12  -74.12550 -111.72288  25.381941      54.27 3.9406e+01    603.670      14489  1028.5244  1028.5229    34.0229    34.0212    8.38343         31 0.0000e+00
    240.000    237.379    -1.4584  27.195617    -1.4577  27.195125     6.2604     6.5532     0.1978    96.5866 1.0000e-12  -74.12550 -111.72288  25.381956      53.51 4.2256e+01    604.960      14520  1028.5298  1028.5285    34.0237    34.0222    8.38284         31 0.0000e+00
    241.000    238.367    -1.4580  27.196779    -1.4573  27.196207     6.2592     6.5540     0.0745    96.5029 1.0000e-12  -74.12550 -111.72288  25.381970      52.30 4.1127e+01    606.236      14551  1028.5351  1028.5338    34.0243    34.0227    8.38272         31 0.0000e+00
    242.000    239.355    -1.4578  27.197614    -1.4572  27.197012     6.2592     6.5509     0.0752    96.6566 1.0000e-12  -74.12550 -111.72288  25.381985      51.30 3.9097e+01    607.523      14582  1028.5402  1028.5389    34.0246    34.0230    8.38266         31 0.0000e+00
    243.000    240.344    -1.4564  27.199538    -1.4558  27.198933     6.2576     6.5528     0.0764    96.6384 1.0000e-12  -74.12550 -111.72288  25.382000      50.18 4.2497e+01    608.819      14613  1028.5454  1028.5441    34.0250    34.0235    8.38232         31 0.0000e+00
    244.000    241.332    -1.4561  27.200442    -1.4554  27.199824     6.2525     6.5482     0.1091    96.6694 1.0000e-12  -74.12550 -111.72288  25.382015      49.29 4.1075e+01    610.110      14644  1028.5504  1028.5490    34.0252    34.0236    8.38223         31 0.0000e+00
    245.000    242.321    -1.4533  27.203540    -1.4524  27.203046     6.2395     6.5429     0.0880    96.6266 1.0000e-12  -74.12550 -111.72288  25.382030      48.28 3.8560e+01    611.415      14675  1028.5555  1028.5540    34.0258    34.0240    8.38158         31 0.0000e+00
    246.000    243.310    -1.4479  27.209644    -1.4472  27.208961     6.2405     6.5264     0.0769    96.6644 1.0000e-12  -74.12550 -111.72288  25.382046      47.34 4.2494e+01    612.736      14707  1028.5613  1028.5598    34.0274    34.0256    8.38027         32 0.0000e+00
    247.000    244.298    -1.4454  27.212523    -1.4445  27.212093     6.2288     6.5252     0.0733    96.6432 1.0000e-12  -74.12550 -111.72288  25.382061      46.24 4.1063e+01    614.037      14738  1028.5664  1028.5651    34.0279    34.0263    8.37967         31 0.0000e+00
    248.000    245.287    -1.4438  27.214582    -1.4429  27.214150     6.2283     6.5282     0.0671    96.6821 1.0000e-12  -74.12550 -111.72288  25.382076      45.23 3.8112e+01    615.359      14770  1028.5715  1028.5701    34.0283    34.0266    8.37929         32 0.0000e+00
    249.000    246.275    -1.4425  27.216086    -1.4417  27.215564     6.2346     6.5222     0.0683    96.6167 1.0000e-12  -74.12550 -111.72288  25.382091      44.13 4.2204e+01    616.689      14802  1028.5762  1028.5749    34.0282    34.0266    8.37899         32 0.0000e+00
    250.000    247.264    -1.4412  27.217959    -1.4401  27.217567     6.2309     6.5163     0.0721    96.6579 1.0000e-12  -74.12550 -111.72288  25.382106      43.27 4.0898e+01    617.999      14833  1028.5813  1028.5799    34.0287    34.0269    8.37867         32 0.0000e+00
    251.000    248.252    -1.4392  27.220369    -1.4384  27.219698     6.2162     6.5070     0.0656    96.6474 1.0000e-12  -74.12550 -111.72288  25.382122      42.20 3.8257e+01    619.342      14865  1028.5864  1028.5849    34.0291    34.0273    8.37819         32 0.0000e+00
    252.000    249.240    -1.4340  27.226125    -1.4333  27.225236     6.2044     6.5004     0.0768    96.6345 1.0000e-12  -74.12550 -111.72288  25.382138      41.13 4.0393e+01    620.731      14899  1028.5920  1028.5904    34.0305    34.0285    8.37694         34 0.0000e+00
    253.000    250.229    -1.4289  27.231662    -1.4279  27.231160     6.2058     6.4973     0.0637    96.6680 1.0000e-12  -74.12550 -111.72288  25.382155      40.03 3.9960e+01    622.182      14933  1028.5975  1028.5961    34.0317    34.0299    8.37572         36 0.0000e+00
    254.000    251.217    -1.4271  27.234236    -1.4262  27.233639     6.2038     6.4987     0.0760    96.6890 1.0000e-12  -74.12550 -111.72288  25.382172      39.19 3.8699e+01    623.696      14970  1028.6030  1028.6015    34.0325    34.0307    8.37526         37 0.0000e+00
    255.000    252.205    -1.4259  27.235949    -1.4251  27.235371     6.2071     6.4911     0.0573    96.5921 1.0000e-12  -74.12550 -111.72287  25.382191      37.99 3.8922e+01    625.268      15007  1028.6081  1028.6067    34.0330    34.0312    8.37498         38 0.0000e+00
    256.000    253.194    -1.4253  27.237200    -1.4244  27.236656     6.2071     6.4945     0.0580    96.6578 1.0000e-12  -74.12550 -111.72287  25.382209      36.99 3.9798e+01    626.872      15046  1028.6133  1028.6118    34.0334    34.0316    8.37482         38 0.0000e+00
    257.000    254.183    -1.4246  27.238794    -1.4238  27.238104     6.2066     6.4898     0.0499    96.6941 1.0000e-12  -74.12550 -111.72287  25.382230      35.90 3.8032e+01    628.661      15089  1028.6187  1028.6172    34.0341    34.0323    8.37461         40 0.0000e+00
    258.000    255.171    -1.4238  27.240192    -1.4229  27.239685     6.2041     6.4919     0.0849    96.6708 1.0000e-12  -74.12550 -111.72287  25.382251      34.95 3.8176e+01    630.484      15133  1028.6238  1028.6224    34.0346    34.0328    8.37441         38 0.0000e+00
    259.000    256.160    -1.4233  27.241330    -1.4226  27.240556     6.2034     6.4948     0.1488    96.5458 1.0000e-12  -74.12550 -111.72286  25.382273      34.00 3.8356e+01    632.357      15178  1028.6290  1028.6274    34.0349    34.0330    8.37428         41 0.0000e+00
    260.000    257.148    -1.4195  27.246757    -1.4188  27.245818     6.2044     6.4951     0.0618    96.6853 1.0000e-12  -74.12550 -111.72286  25.382296      32.91 3.7920e+01    634.354      15225  1028.6355  1028.6339    34.0374    34.0354    8.37327         36 0.0000e+00
    261.000    258.137    -1.4182  27.248791    -1.4172  27.248334     6.2002     6.4899     0.0520    96.6871 1.0000e-12  -74.12550 -111.72286  25.382320      31.80 3.7747e+01    636.417      15275  1028.6409  1028.6394    34.0381    34.0364    8.37293         39 0.0000e+00
    262.000    259.124    -1.4175  27.250024    -1.4166  27.249498     6.1989     6.4883     0.0511    96.6993 1.0000e-12  -74.12550 -111.72286  25.382343      30.83 3.8377e+01    638.476      15324  1028.6459  1028.6444    34.0384    34.0366    8.37277         42 0.0000e+00
    263.000    260.113    -1.4172  27.250830    -1.4163  27.250267     6.2031     6.4920     0.0377    96.6910 1.0000e-12  -74.12550 -111.72286  25.382367      29.78 3.7690e+01    640.546      15374  1028.6509  1028.6494    34.0386    34.0368    8.37269         42 0.0000e+00
    264.000    261.101    -1.4163  27.252326    -1.4156  27.251642     6.2021     6.4897     0.0608    96.5226 1.0000e-12  -74.12550 -111.72286  25.382391      28.76 3.7309e+01    642.543      15422  1028.6560  1028.6545    34.0390    34.0372    8.37246         37 0.0000e+00
    265.000    262.090    -1.4161  27.253051    -1.4151  27.252665     6.2004     6.4854     0.0533    96.7033 1.0000e-12  -74.12550 -111.72286  25.382413      27.66 3.8035e+01    644.493      15469  1028.6608  1028.6595    34.0391    34.0375    8.37240         44 0.0000e+00
    266.000    263.079    -1.4157  27.254131    -1.4147  27.253641     6.1995     6.4886     0.0545    96.6859 1.0000e-12  -74.12550 -111.72286  25.382435      26.68 3.7086e+01    646.387      15514  1028.6660  1028.6645    34.0396    34.0377    8.37230         44 0.0000e+00
    267.000    264.066    -1.4151  27.255202    -1.4144  27.254488     6.2025     6.4867     0.0432    96.6541 1.0000e-12  -74.12550 -111.72286  25.382457      25.68 3.7019e+01    648.260      15559  1028.6709  1028.6694    34.0398    34.0379    8.37216         40 0.0000e+00
    268.000    265.055    -1.4144  27.256736    -1.4135  27.256273     6.1996     6.4921     0.0515    96.7210 1.0000e-12  -74.12550 -111.72286  25.382478      24.60 3.7933e+01    650.134      15604  1028.6762  1028.6748    34.0404    34.0388    8.37195         39 0.0000e+00
    269.000    266.043    -1.4139  27.258016    -1.4129  27.257701     6.2015     6.4893     0.0482    96.6534 1.0000e-12  -74.12550 -111.72286  25.382501      23.65 3.7381e+01    652.063      15651  1028.6815  1028.6801    34.0410    34.0394    8.37181         44 0.0000e+00
    270.000    267.032    -1.4141  27.258138    -1.4129  27.258156     6.1992     6.4830     0.0684    96.7319 1.0000e-12  -74.12550 -111.72286  25.382523      22.59 3.7011e+01    654.028      15698  1028.6861  1028.6850    34.0408    34.0394    8.37187         36 0.0000e+00
    271.000    268.020    -1.4139  27.258979    -1.4128  27.258723     6.1945     6.4917     0.0579    96.7116 1.0000e-12  -74.12550 -111.72286  25.382547      21.51 3.7514e+01    656.030      15746  1028.6912  1028.6898    34.0411    34.0395    8.37180         40 0.0000e+00
    272.000    269.009    -1.4122  27.262619    -1.4111  27.262366     6.1925     6.4863     0.3277    96.7178 1.0000e-12  -74.12550 -111.72287  25.382570      20.40 3.7231e+01    658.077      15795  1028.6978  1028.6965    34.0435    34.0420    8.37127         34 0.0000e+00
    273.000    269.997    -1.4116  27.264295    -1.4109  27.263801     6.2055     6.4889     0.0500    96.7454 1.0000e-12  -74.12550 -111.72288  25.382594      19.43 3.7017e+01    660.135      15844  1028.7034  1028.7021    34.0446    34.0430    8.37108         41 0.0000e+00
    274.000    270.985    -1.4112  27.266219    -1.4104  27.265629     6.2049     6.4994     0.0360    96.7604 1.0000e-12  -74.12550 -111.72288  25.382617      18.36 3.7021e+01    662.148      15893  1028.7094  1028.7080    34.0461    34.0443    8.37089         41 0.0000e+00
    275.000    271.974    -1.4107  27.267372    -1.4096  27.266956     6.2014     6.4957     0.0703    96.7318 1.0000e-12  -74.12550 -111.72288  25.382641      17.35 3.7021e+01    664.215      15942  1028.7145  1028.7130    34.0465    34.0446    8.37076         37 0.0000e+00
    276.000    272.962    -1.4101  27.268391    -1.4089  27.268137     6.1964     6.4856     0.0436    96.7152 1.0000e-12  -74.12550 -111.72288  25.382668      16.32 3.7021e+01    666.474      15996  1028.7193  1028.7179    34.0466    34.0449    8.37061         45 0.0000e+00
    277.000    273.950    -1.4085  27.270442    -1.4076  27.269884     6.1971     6.4881     0.0492    96.7098 1.0000e-12  -74.12550 -111.72288  25.382696      15.22 3.7021e+01    668.919      16055  1028.7243  1028.7229    34.0469    34.0452    8.37023         43 0.0000e+00
    278.000    274.939    -1.4088  27.270304    -1.4083  27.269313     6.1950     6.4906     0.0410    96.6916 1.0000e-12  -74.12550 -111.72288  25.382733      14.14 3.7021e+01    672.131      16132  1028.7288  1028.7272    34.0465    34.0446    8.37033         42 0.0000e+00
    279.000    275.927    -1.4084  27.271642    -1.4076  27.270982     6.1967     6.4921     0.0586    96.7210 1.0000e-12  -74.12550 -111.72288  25.382781      13.06 3.7021e+01    676.232      16231  1028.7342  1028.7327    34.0472    34.0454    8.37019         34 0.0000e+00
    280.000    276.915    -1.4085  27.272295    -1.4076  27.271752     6.2042     6.4902     0.0837    96.6358 1.0000e-12  -74.12550 -111.72288  25.382818      12.04 3.7021e+01    679.479      16308  1028.7394  1028.7378    34.0477    34.0459    8.37020         38 0.0000e+00
    281.000    277.905    -1.4088  27.272284    -1.4078  27.271798     6.2059     6.4873     0.1358    96.7364 1.0000e-12  -74.12550 -111.72288  25.382855      11.00 3.7021e+01    682.696      16386  1028.7439  1028.7424    34.0474    34.0456    8.37028         35 0.0000e+00
    282.000    278.892    -1.4086  27.273036    -1.4077  27.272521     6.2049     6.4876     0.0438    96.7031 1.0000e-12  -74.12550 -111.72288  25.382893      10.00 3.7021e+01    685.913      16463  1028.7488  1028.7473    34.0475    34.0458    8.37022         32 0.0000e+00
    283.000    279.881    -1.4085  27.273768    -1.4075  27.273361     6.2009     6.4885     0.0511    96.7110 1.0000e-12  -74.12550 -111.72288  25.382930       8.95 3.7021e+01    689.177      16541  1028.7538  1028.7523    34.0478    34.0461    8.37018         34 0.0000e+00
    284.000    280.869    -1.4086  27.274544    -1.4075  27.274160     6.2042     6.4860     0.0478    96.6809 1.0000e-12  -74.12550 -111.72288  25.382970       7.91 3.7021e+01    692.574      16623  1028.7590  1028.7575    34.0483    34.0466    8.37017         39 0.0000e+00
    285.000    281.856    -1.4086  27.274994    -1.4074  27.274768     6.2043     6.4881     0.0495    96.7359 1.0000e-12  -74.12550 -111.72288  25.383007       6.87 3.7021e+01    695.802      16700  1028.7639  1028.7624    34.0484    34.0467    8.37018         36 0.0000e+00
    286.000    282.849    -1.4091  27.275086    -1.4079  27.274712     6.2093     6.4956     0.0839    96.7218 1.0000e-12  -74.12550 -111.72287  25.383218       5.65 3.7021e+01    714.032      17138  1028.7687  1028.7672    34.0484    34.0466    8.37028         21 0.0000e+00
