ocean_section_plots/required_files/ctd/dnbp2202_ctd248.cnv
* Sea-Bird SBE 9 Data File:
* FileName = D:\Data\raw\NBP2202_CTD248.hex
* Software Version Seasave V 7.26.7.121
* Temperature SN = 1649
* Conductivity SN = 2513
* Number of Bytes Per Scan = 40
* Number of Voltage Words = 5
* Number of Scans Averaged by the Deck Unit = 1
* NMEA Latitude = 73 55.53 S
* NMEA Longitude = 118 47.20 W
* NMEA UTC (Time) = Feb 15 2022  06:07:30
* NMEA baud rate = 9600
** Ship: RVIB N.B. Palmer
** Cruise: NBP2202 Thwaites
** Station: 156
** Operator: B. Bjork
# nquan = 28
# nvalues = 1230                        
# units = specified
# name 0 = prDM: Pressure, Digiquartz [db]
# name 1 = depSM: Depth [salt water, m]
# name 2 = t090C: Temperature [ITS-90, deg C]
# name 3 = c0mS/cm: Conductivity [mS/cm]
# name 4 = t190C: Temperature, 2 [ITS-90, deg C]
# name 5 = c1mS/cm: Conductivity, 2 [mS/cm]
# name 6 = sbeox0ML/L: Oxygen, SBE 43 [ml/l]
# name 7 = sbeox1ML/L: Oxygen, SBE 43, 2 [ml/l]
# name 8 = flECO-AFL: Fluorescence, WET Labs ECO-AFL/FL [mg/m^3]
# name 9 = CStarTr0: Beam Transmission, WET Labs C-Star [%]
# name 10 = par: PAR/Irradiance, Biospherical/Licor
# name 11 = latitude: Latitude [deg]
# name 12 = longitude: Longitude [deg]
# name 13 = timeJ: Julian Days
# name 14 = altM: Altimeter [m]
# name 15 = spar: SPAR, Biospherical/Licor
# name 16 = timeS: Time, Elapsed [seconds]
# name 17 = scan: Scan Count
# name 18 = density00: Density [density, kg/m^3]
# name 19 = density11: Density, 2 [density, kg/m^3]
# name 20 = v3: Voltage 3
# name 21 = v4: Voltage 4
# name 22 = v5: Voltage 5
# name 23 = sal00: Salinity, Practical [PSU]
# name 24 = sal11: Salinity, Practical, 2 [PSU]
# name 25 = oxsolML/L: Oxygen Saturation, Garcia & Gordon [ml/l]
# name 26 = nbin: number of scans per bin
# name 27 = flag: flag
# span 0 =      2.000,   1231.000       
# span 1 =      1.973,   1214.680       
# span 2 =    -1.6758,     0.7412       
# span 3 =  26.992170,  29.898713       
# span 4 =    -1.6755,     0.7434       
# span 5 =  26.991997,  29.898988       
# span 6 =     4.5712,     9.0856       
# span 7 =     4.7021,     9.3719       
# span 8 =    -0.0247,    12.7744       
# span 9 =    82.2936,    97.1052       
# span 10 = -1.300e-05, 3.2989e+00      
# span 11 =  -73.92564,  -73.92562      
# span 12 = -118.78680, -118.78672      
# span 13 =  46.257385,  46.273768      
# span 14 =       5.19,     104.89      
# span 15 = 1.9374e+01, 2.4823e+01      
# span 16 =    188.101,   1603.557      
# span 17 =       4515,      38486      
# span 18 =  1027.1421,  1033.4875      
# span 19 =  1027.1403,  1033.4857      
# span 20 =     3.9042,     4.6065      
# span 21 =     0.0638,     2.0583      
# span 22 =     0.1120,     0.2118      
# span 23 =    33.7725,    34.5781      
# span 24 =    33.7721,    34.5761      
# span 25 =    7.88103,    8.43307      
# span 26 =         20,         57      
# span 27 = 0.0000e+00, 0.0000e+00      
# interval = decibars: 1                
# start_time = Feb 15 2022 06:07:30 [NMEA time, header]
# bad_flag = -9.990e-29
*END*
[from data line 467]
    469.000    463.626    -0.7206  28.072781    -0.7218  28.069423     5.4541     5.6043     0.0398    97.0107 1.0000e-12  -73.92564 -118.78676  46.263841      99.92 2.2251e+01    745.818      17901  1029.7609  1029.7586     4.6021     0.0699     0.1163    34.2425    34.2394    8.20679         24 0.0000e+00
    470.000    464.614    -0.7149  28.078700    -0.7122  28.078899     5.4411     5.5943    -0.0208    97.0043 1.0000e-12  -73.92564 -118.78676  46.263851      99.91 2.1333e+01    746.766      17923  1029.7664  1029.7640     4.6018     0.0699     0.1166    34.2435    34.2408    8.20550         23 0.0000e+00
    471.000    465.601    -0.7051  28.088396    -0.7052  28.085770     5.4170     5.5931    -0.0155    97.0358 1.0000e-12  -73.92564 -118.78676  46.263863      99.92 2.2878e+01    747.727      17946  1029.7718  1029.7691     4.6033     0.0707     0.1172    34.2449    34.2415    8.20329         23 0.0000e+00
    472.000    466.588    -0.6997  28.093999    -0.7000  28.091297     5.3796     5.5715    -0.0093    97.0321 1.0000e-12  -73.92564 -118.78676  46.263874      99.92 2.2231e+01    748.704      17970  1029.7772  1029.7746     4.6031     0.0722     0.1157    34.2458    34.2425    8.20207         23 0.0000e+00
    473.000    467.576    -0.6818  28.111174    -0.6797  28.110281     5.4061     5.5568     0.0585    96.9978 1.0000e-12  -73.92564 -118.78676  46.263885      99.92 2.1228e+01    749.688      17994  1029.7826  1029.7796     4.6015     0.0720     0.1173    34.2481    34.2445    8.19805         24 0.0000e+00
    474.000    468.564    -0.6606  28.131183    -0.6644  28.124921     5.3888     5.5430     0.1891    97.0224 1.0000e-12  -73.92564 -118.78676  46.263897      99.91 2.2762e+01    750.682      18017  1029.7879  1029.7849     4.6026     0.0715     0.1166    34.2505    34.2463    8.19332         24 0.0000e+00
    475.000    469.550    -0.6434  28.146444    -0.6414  28.146081     5.3575     5.5123     0.1436    97.0209 1.0000e-12  -73.92564 -118.78676  46.263908      99.91 2.2301e+01    751.674      18041  1029.7920  1029.7897     4.6026     0.0703     0.1178    34.2510    34.2483    8.18956         23 0.0000e+00
    476.000    470.538    -0.6387  28.152476    -0.6382  28.149668     5.3529     5.5083    -0.0102    97.0193 1.0000e-12  -73.92564 -118.78676  46.263920      99.92 2.1136e+01    752.662      18065  1029.7986  1029.7951     4.6025     0.0702     0.1164    34.2533    34.2489    8.18842         24 0.0000e+00
    477.000    471.526    -0.6111  28.178238    -0.6115  28.175364     5.3471     5.5006    -0.0071    97.0215 1.0000e-12  -73.92564 -118.78676  46.263931      99.91 2.2193e+01    753.656      18089  1029.8037  1029.8010     4.6026     0.0721     0.1160    34.2562    34.2527    8.18228         24 0.0000e+00
    478.000    472.514    -0.5964  28.192211    -0.5943  28.191896     5.3085     5.4733    -0.0065    96.8689 1.0000e-12  -73.92564 -118.78676  46.263943      99.92 2.2282e+01    754.664      18113  1029.8089  1029.8065     4.5953     0.0711     0.1151    34.2578    34.2550    8.17901         25 0.0000e+00
    479.000    473.499    -0.5838  28.206604    -0.5791  28.207987     5.3085     5.4595    -0.0055    97.0103 1.0000e-12  -73.92564 -118.78676  46.263954      99.91 2.1922e+01    755.663      18137  1029.8166  1029.8134     4.6020     0.0692     0.1136    34.2623    34.2588    8.17603         23 0.0000e+00
    480.000    474.487    -0.5263  28.267931    -0.5223  28.267703     5.3100     5.4533     0.0176    97.0347 1.0000e-12  -73.92564 -118.78676  46.263966      85.02 2.2467e+01    756.642      18160  1029.8305  1029.8263     4.6032     0.0677     0.1142    34.2792    34.2744    8.16266         23 0.0000e+00
    481.000    475.475    -0.5146  28.279176    -0.5129  28.278282     5.2981     5.4517    -0.0045    97.0264 1.0000e-12  -73.92564 -118.78676  46.263977     100.12 2.2691e+01    757.598      18183  1029.8358  1029.8332     4.6028     0.0691     0.1157    34.2804    34.2773    8.16006         23 0.0000e+00
    482.000    476.462    -0.5115  28.283482    -0.5105  28.281420     5.3060     5.4509    -0.0074    97.0163 1.0000e-12  -73.92564 -118.78676  46.263988      99.91 2.1291e+01    758.554      18206  1029.8421  1029.8389     4.6023     0.0683     0.1158    34.2821    34.2783    8.15930         23 0.0000e+00
    483.000    477.450    -0.5116  28.283930    -0.5101  28.282962     5.3051     5.4431    -0.0124    97.0137 1.0000e-12  -73.92564 -118.78676  46.263999      99.91 2.2001e+01    759.543      18230  1029.8474  1029.8449     4.6022     0.0705     0.1163    34.2822    34.2792    8.15931         25 0.0000e+00
    484.000    478.438    -0.5113  28.284779    -0.5092  28.284526     5.3043     5.4446    -0.0150    97.0301 1.0000e-12  -73.92564 -118.78676  46.264011      99.91 2.2625e+01    760.565      18255  1029.8527  1029.8503     4.6030     0.0686     0.1164    34.2824    34.2798    8.15923         24 0.0000e+00
    485.000    479.424    -0.5077  28.291732    -0.5059  28.291038     5.3076     5.4610    -0.0147    97.0376 1.0000e-12  -73.92564 -118.78676  46.264023      99.92 2.1369e+01    761.567      18279  1029.8612  1029.8587     4.6034     0.0699     0.1149    34.2871    34.2842    8.15819         24 0.0000e+00
    486.000    480.411    -0.5115  28.289591    -0.5093  28.289457     5.3202     5.4736    -0.0147    97.0426 1.0000e-12  -73.92564 -118.78676  46.264034      99.91 2.1639e+01    762.533      18302  1029.8672  1029.8650     4.6036     0.0700     0.1162    34.2879    34.2853    8.15896         22 0.0000e+00
    487.000    481.400    -0.5253  28.279478    -0.5229  28.280042     5.3209     5.4792    -0.0132    97.0181 1.0000e-12  -73.92564 -118.78676  46.264045      99.91 2.2998e+01    763.484      18325  1029.8746  1029.8728     4.6024     0.0687     0.1148    34.2894    34.2874    8.16186         24 0.0000e+00
    488.000    482.385    -0.5057  28.303614    -0.5069  28.298758     5.2542     5.4337    -0.0058    97.0298 1.0000e-12  -73.92564 -118.78676  46.264056      99.92 2.1310e+01    764.458      18348  1029.8854  1029.8815     4.6030     0.0707     0.1170    34.2990    34.2939    8.15709         23 0.0000e+00
    489.000    483.376    -0.4660  28.340247    -0.4651  28.337435     5.1979     5.3672    -0.0145    97.0503 1.0000e-12  -73.92564 -118.78676  46.264068      99.91 2.1563e+01    765.487      18373  1029.8902  1029.8862     4.6039     0.0699     0.1174    34.3028    34.2979    8.14835         26 0.0000e+00
    490.000    484.361    -0.3683  28.434829    -0.3779  28.419978     5.1652     5.3236    -0.0147    97.0652 1.0000e-12  -73.92564 -118.78676  46.264080      99.92 2.2918e+01    766.543      18398  1029.8993  1029.8929     4.6046     0.0713     0.1158    34.3186    34.3095    8.12653         25 0.0000e+00
    491.000    485.347    -0.3116  28.483264    -0.3132  28.479553     5.1508     5.3021    -0.0071    97.0612 1.0000e-12  -73.92564 -118.78676  46.264092      99.91 2.1387e+01    767.540      18422  1029.9001  1029.8976     4.6044     0.0699     0.1164    34.3189    34.3157    8.11439         23 0.0000e+00
    492.000    486.336    -0.3235  28.472991    -0.3175  28.476043     5.1527     5.2938    -0.0071    97.0445 1.0000e-12  -73.92564 -118.78676  46.264103      99.56 2.1157e+01    768.492      18445  1029.9059  1029.9032     4.6037     0.0696     0.1170    34.3180    34.3153    8.11699         23 0.0000e+00
    493.000    487.324    -0.3126  28.483727    -0.3071  28.486118     5.1723     5.3048    -0.0124    97.0636 1.0000e-12  -73.92564 -118.78676  46.264114      78.20 2.3000e+01    769.439      18468  1029.9114  1029.9084     4.6046     0.0667     0.1160    34.3195    34.3165    8.11458         22 0.0000e+00
    494.000    488.312    -0.3166  28.479071    -0.3118  28.481626     5.1808     5.3196    -0.0184    97.0601 1.0000e-12  -73.92564 -118.78676  46.264125      94.30 2.1520e+01    770.397      18491  1029.9152  1029.9131     4.6044     0.0706     0.1164    34.3172    34.3152    8.11557         24 0.0000e+00
    495.000    489.297    -0.3331  28.465109    -0.3313  28.464332     5.1774     5.3180    -0.0184    97.0590 1.0000e-12  -73.92564 -118.78676  46.264136      99.81 2.1162e+01    771.378      18514  1029.9212  1029.9186     4.6044     0.0709     0.1179    34.3165    34.3134    8.11912         24 0.0000e+00
    496.000    490.286    -0.3409  28.457705    -0.3371  28.459243     5.1993     5.3261    -0.0103    97.0369 1.0000e-12  -73.92564 -118.78676  46.264148      99.91 2.2666e+01    772.376      18538  1029.9256  1029.9235     4.6033     0.0702     0.1176    34.3148    34.3125    8.12089         24 0.0000e+00
    497.000    491.270    -0.3332  28.465985    -0.3314  28.465205     5.1960     5.3199    -0.0077    97.0512 1.0000e-12  -73.92564 -118.78676  46.264160      99.91 2.1685e+01    773.381      18562  1029.9314  1029.9289     4.6040     0.0697     0.1165    34.3166    34.3136    8.11913         23 0.0000e+00
    498.000    492.260    -0.3539  28.444985    -0.3410  28.455570     5.1843     5.3243    -0.0145    97.0508 1.0000e-12  -73.92564 -118.78676  46.264171      99.92 2.1151e+01    774.382      18586  1029.9339  1029.9326     4.6040     0.0697     0.1172    34.3112    34.3109    8.12386         25 0.0000e+00
    499.000    493.248    -0.3715  28.429094    -0.3706  28.428393     5.2190     5.3773    -0.0144    97.0478 1.0000e-12  -73.92564 -118.78676  46.264183      99.91 2.2833e+01    775.370      18610  1029.9388  1029.9373     4.6038     0.0696     0.1179    34.3092    34.3073    8.12773         23 0.0000e+00
    500.000    494.233    -0.3642  28.438587    -0.3704  28.429742     5.1996     5.3693    -0.0218    97.0085 1.0000e-12  -73.92564 -118.78676  46.264194      99.91 2.1995e+01    776.336      18633  1029.9460  1029.9428     4.6019     0.0707     0.1162    34.3131    34.3083    8.12596         23 0.0000e+00
    501.000    495.221    -0.3900  28.412233    -0.3998  28.402240     5.1344     5.2913    -0.0218    97.0264 1.0000e-12  -73.92564 -118.78674  46.264205      99.91 2.1158e+01    777.288      18656  1029.9477  1029.9467     4.6028     0.0696     0.1156    34.3064    34.3040    8.13186         23 0.0000e+00
    502.000    496.209    -0.3594  28.447643    -0.3463  28.456243     5.0728     5.2209    -0.0099    97.0322 1.0000e-12  -73.92564 -118.78674  46.264216      99.92 2.2622e+01    778.270      18679  1029.9595  1029.9557     4.6031     0.0707     0.1167    34.3185    34.3153    8.12462         24 0.0000e+00
    503.000    497.196    -0.1932  28.605952    -0.1777  28.614705     5.0334     5.1887    -0.0112    97.0323 1.0000e-12  -73.92564 -118.78674  46.264228      99.91 2.2283e+01    779.290      18704  1029.9685  1029.9626     4.6031     0.0717     0.1168    34.3421    34.3364    8.08792         25 0.0000e+00
    504.000    498.184    -0.1653  28.631548    -0.1623  28.631824     5.0306     5.1774    -0.0150    97.0429 1.0000e-12  -73.92564 -118.78674  46.264240      99.92 2.1232e+01    780.309      18728  1029.9731  1029.9705     4.6036     0.0699     0.1182    34.3442    34.3412    8.08189         24 0.0000e+00
    505.000    499.169    -0.1522  28.645905    -0.1495  28.645882     5.0263     5.1707    -0.0098    97.0365 1.0000e-12  -73.92564 -118.78674  46.264251      99.91 2.2399e+01    781.309      18752  1029.9803  1029.9777     4.6033     0.0700     0.1179    34.3479    34.3448    8.07889         24 0.0000e+00
    506.000    500.158    -0.1483  28.650772    -0.1461  28.650135     5.0257     5.1734    -0.0096    97.0354 1.0000e-12  -73.92564 -118.78674  46.264263      92.18 2.2150e+01    782.294      18776  1029.9865  1029.9838     4.6032     0.0683     0.1163    34.3494    34.3462    8.07799         23 0.0000e+00
    507.000    501.146    -0.1492  28.650061    -0.1470  28.649617     4.9885     5.1762    -0.0138    97.0366 1.0000e-12  -73.92564 -118.78674  46.264274      93.82 2.0991e+01    783.259      18799  1029.9914  1029.9888     4.6033     0.0698     0.1186    34.3489    34.3458    8.07821         23 0.0000e+00
    508.000    502.133    -0.1499  28.649782    -0.1477  28.649293     4.9891     5.1699    -0.0144    97.0253 1.0000e-12  -73.92564 -118.78674  46.264285      99.10 2.2236e+01    784.215      18822  1029.9965  1029.9939     4.6028     0.0706     0.1171    34.3487    34.3456    8.07837         23 0.0000e+00
    509.000    503.119    -0.1452  28.655340    -0.1433  28.654424     5.0848     5.1559    -0.0129    97.0226 1.0000e-12  -73.92564 -118.78674  46.264296      99.90 2.2256e+01    785.177      18845  1030.0024  1029.9997     4.6027     0.0700     0.1179    34.3503    34.3469    8.07729         24 0.0000e+00
    510.000    504.108    -0.1284  28.673514    -0.1260  28.672655     5.0400     5.1439    -0.0060    97.0183 1.0000e-12  -73.92564 -118.78674  46.264308      99.92 2.1097e+01    786.174      18869  1030.0097  1030.0066     4.6025     0.0701     0.1155    34.3549    34.3511    8.07347         24 0.0000e+00
    511.000    505.093    -0.1102  28.693925    -0.1086  28.692366     4.9883     5.1460    -0.0205    97.0230 1.0000e-12  -73.92564 -118.78674  46.264320      99.91 2.2081e+01    787.218      18894  1030.0181  1030.0149     4.6026     0.0683     0.1180    34.3610    34.3571    8.06929         25 0.0000e+00
    512.000    506.081    -0.1050  28.699529    -0.1027  28.699282     4.9505     5.1394    -0.0061    97.0150 1.0000e-12  -73.92564 -118.78674  46.264331      99.91 2.2332e+01    788.237      18919  1030.0235  1030.0211     4.6023     0.0695     0.1184    34.3619    34.3591    8.06813         24 0.0000e+00
    513.000    507.070    -0.1026  28.702586    -0.1006  28.701971     5.0302     5.1385    -0.0036    97.0153 1.0000e-12  -73.92564 -118.78674  46.264343      99.91 2.1013e+01    789.200      18942  1030.0290  1030.0265     4.6023     0.0695     0.1226    34.3628    34.3598    8.06758         23 0.0000e+00
    514.000    508.055    -0.0922  28.714620    -0.0890  28.714864     5.0304     5.1309    -0.0090    97.0261 1.0000e-12  -73.92564 -118.78674  46.264353      99.91 2.1552e+01    790.140      18964  1030.0360  1030.0332     4.6028     0.0699     0.1175    34.3664    34.3631    8.06517         22 0.0000e+00
    515.000    509.044    -0.0845  28.722512    -0.0824  28.722062     5.0158     5.1244    -0.0093    97.0052 1.0000e-12  -73.92564 -118.78674  46.264364      99.91 2.2843e+01    791.085      18987  1030.0414  1030.0389     4.6018     0.0696     0.1178    34.3677    34.3647    8.06348         23 0.0000e+00
    516.000    510.029    -0.0796  28.728223    -0.0768  28.728410     4.9664     5.1219    -0.0056    96.9989 1.0000e-12  -73.92564 -118.78674  46.264376      99.92 2.1153e+01    792.064      19011  1030.0471  1030.0447     4.6016     0.0694     0.1175    34.3692    34.3663    8.06237         24 0.0000e+00
    517.000    511.017    -0.0742  28.734490    -0.0713  28.734686     4.9890     5.1216    -0.0054    96.9973 1.0000e-12  -73.92564 -118.78674  46.264387      99.92 2.1225e+01    793.073      19035  1030.0529  1030.0504     4.6014     0.0700     0.1178    34.3708    34.3679    8.06113         25 0.0000e+00
    518.000    512.005    -0.0694  28.739893    -0.0668  28.739885     4.9896     5.1225    -0.0068    96.9983 1.0000e-12  -73.92564 -118.78674  46.264399      99.91 2.2603e+01    794.101      19059  1030.0585  1030.0559     4.6015     0.0704     0.1179    34.3720    34.3691    8.06006         25 0.0000e+00
