ocean_section_plots/required_files/ctd/dnbp2202_ctd128.cnv
* Sea-Bird SBE 9 Data File:
* FileName = D:\Data\raw\NBP2202_CTD128.hex
* Software Version Seasave V 7.26.7.121
* Temperature SN = 1649
* Conductivity SN = 2513
* Number of Bytes Per Scan = 40
* Number of Voltage Words = 5
* Number of Scans Averaged by the Deck Unit = 1
* NMEA Latitude = 74 05.39 S
* NMEA Longitude = 111 47.97 W
* NMEA UTC (Time) = Jan 27 2022  22:33:27
* NMEA baud rate = 9600
** Ship: RVIB N.B. Palmer
** Cruise: NBP2202 Thwaites
** Station: 57
** Operator: A. Robinson
# nquan = 25
# nvalues = 371                         
# units = specified
# name 0 = prDM: Pressure, Digiquartz [db]
# name 1 = depSM: Depth [salt water, m]
# name 2 = t090C: Temperature [ITS-90, deg C]
# name 3 = c0mS/cm: Conductivity [mS/cm]
# name 4 = t190C: Temperature, 2 [ITS-90, deg C]
# name 5 = c1mS/cm: Conductivity, 2 [mS/cm]
# name 6 = sbeox0ML/L: Oxygen, SBE 43 [ml/l]
# name 7 = sbeox1ML/L: Oxygen, SBE 43, 2 [ml/l]
# name 8 = flECO-AFL: Fluorescence, WET Labs ECO-AFL/FL [mg/m^3]
# name 9 = CStarTr0: Beam Transmission, WET Labs C-Star [%]
# name 10 = par: PAR/Irradiance, Biospherical/Licor
# name 11 = latitude: Latitude [deg]
# name 12 = longitude: Longitude [deg]
# name 13 = timeJ: Julian Days
# name 14 = altM: Altimeter [m]
# name 15 = spar: SPAR, Biospherical/Licor
# name 16 = timeS: Time, Elapsed [seconds]
# name 17 = scan: Scan Count
# name 18 = density00: Density [density, kg/m^3]
# name 19 = density11: Density, 2 [density, kg/m^3]
# name 20 = sal00: Salinity, Practical [PSU]
# name 21 = sal11: Salinity, Practical, 2 [PSU]
# name 22 = oxsolML/L: Oxygen Saturation, Garcia & Gordon [ml/l]
# name 23 = nbin: number of scans per bin
# name 24 = flag: flag
# span 0 =      4.000,    374.000       
# span 1 =      3.959,    369.795       
# span 2 =    -1.5677,    -0.6421       
# span 3 =  27.021500,  28.108139       
# span 4 =    -1.5673,    -0.6412       
# span 5 =  27.021132,  28.106978       
# span 6 =     5.4947,     8.3427       
# span 7 =     5.5841,     8.4541       
# span 8 =    -0.0114,    22.1647       
# span 9 =    71.4531,    95.7640       
# span 10 = 1.0000e-12, 1.4745e+02      
# span 11 =  -74.08992,  -74.08992      
# span 12 = -111.79948, -111.79942      
# span 13 =  27.943322,  27.949811      
# span 14 =       4.10,     100.04      
# span 15 = 5.7552e+02, 6.3821e+02      
# span 16 =    295.986,    856.634      
# span 17 =       7105,      20560      
# span 18 =  1027.2173,  1029.3217      
# span 19 =  1027.2173,  1029.3196      
# span 20 =    33.8194,    34.2588      
# span 21 =    33.8192,    34.2563      
# span 22 =    8.18882,    8.41024      
# span 23 =         25,         48      
# span 24 = 0.0000e+00, 0.0000e+00      
# interval = decibars: 1                
# start_time = Jan 27 2022 22:33:27 [NMEA time, header]
# bad_flag = -9.990e-29
*END*
      4.000      3.959    -0.9839  27.333298    -0.9828  27.334428     8.2675     8.1959    16.3500    72.9743 1.4745e+02  -74.08992 -111.79946  27.943322      70.78 6.3189e+02    295.986       7105  1027.2173  1027.2173    33.8221    33.8223    8.28897         28 0.0000e+00
      5.000      4.948    -0.9779  27.338826    -0.9747  27.341854     8.3128     8.2351    16.2781    72.5494 1.0847e+02  -74.08992 -111.79946  27.943354      99.78 6.3255e+02    298.818       7173  1027.2219  1027.2220    33.8222    33.8227    8.28763         33 0.0000e+00
      6.000      5.938    -0.9589  27.355838    -0.9582  27.356358     8.3422     8.2685    15.7462    71.7173 7.5611e+01  -74.08992 -111.79946  27.943375      99.88 6.3288e+02    300.611       7216  1027.2265  1027.2264    33.8234    33.8233    8.28338         44 0.0000e+00
      7.000      6.927    -0.9586  27.356680    -0.9588  27.356826     8.3427     8.2977    15.7180    72.7603 5.7828e+01  -74.08992 -111.79946  27.943394      99.80 6.3287e+02    302.257       7255  1027.2315  1027.2318    33.8235    33.8240    8.28329         37 0.0000e+00
      8.000      7.916    -0.9629  27.353517    -0.9632  27.353541     8.3414     8.3329    18.7900    72.0863 4.2148e+01  -74.08992 -111.79946  27.943414      99.82 6.3287e+02    303.989       7297  1027.2366  1027.2369    33.8234    33.8238    8.28424         37 0.0000e+00
      9.000      8.906    -0.9615  27.355329    -0.9616  27.355249     8.3047     8.3344    18.6013    72.2492 3.2832e+01  -74.08992 -111.79946  27.943434      99.82 6.3287e+02    305.731       7339  1027.2416  1027.2415    33.8238    33.8237    8.28392         36 0.0000e+00
     10.000      9.897    -0.9759  27.343627    -0.9767  27.344073     8.2504     8.3204    16.6195    72.7953 2.4502e+01  -74.08992 -111.79946  27.943454      99.88 6.3287e+02    307.433       7379  1027.2471  1027.2484    33.8234    33.8249    8.28713         38 0.0000e+00
     11.000     10.885    -0.9994  27.323624    -1.0002  27.323523     8.2243     8.3174    14.3692    72.1108 1.9194e+01  -74.08992 -111.79946  27.943474      99.81 6.3287e+02    309.180       7421  1027.2522  1027.2528    33.8220    33.8227    8.29239         34 0.0000e+00
     12.000     11.876    -1.0107  27.314094    -1.0104  27.314735     8.2213     8.3350    15.6281    72.3459 1.4624e+01  -74.08992 -111.79946  27.943494      94.64 6.3287e+02    310.884       7462  1027.2568  1027.2572    33.8211    33.8217    8.29494         35 0.0000e+00
     13.000     12.867    -1.0099  27.315342    -1.0096  27.315791     8.2234     8.3635    17.5348    72.0404 1.1355e+01  -74.08992 -111.79946  27.943514     100.04 6.3298e+02    312.597       7503  1027.2614  1027.2617    33.8212    33.8216    8.29475         35 0.0000e+00
     14.000     13.854    -1.0131  27.313419    -1.0072  27.318845     8.1990     8.3561    17.3244    72.3200 8.7800e+00  -74.08992 -111.79946  27.943533      99.88 6.3398e+02    314.278       7544  1027.2666  1027.2669    33.8216    33.8224    8.29544         41 0.0000e+00
     15.000     14.845    -1.0187  27.309296    -1.0213  27.306641     8.1744     8.3475    18.1097    71.6783 6.8593e+00  -74.08992 -111.79947  27.943553      99.87 6.3355e+02    316.019       7585  1027.2717  1027.2714    33.8217    33.8210    8.29668         39 0.0000e+00
     16.000     15.833    -1.0291  27.300986    -1.0254  27.304259     8.1768     8.3507    17.8036    72.9785 5.3837e+00  -74.08992 -111.79947  27.943574      99.99 6.3379e+02    317.763       7627  1027.2768  1027.2768    33.8214    33.8218    8.29899         37 0.0000e+00
     17.000     16.824    -1.0271  27.302726    -1.0280  27.302246     8.1812     8.3545    20.9256    72.2768 4.1681e+00  -74.08992 -111.79947  27.943594      99.95 6.3450e+02    319.535       7670  1027.2809  1027.2813    33.8209    33.8213    8.29858         37 0.0000e+00
     18.000     17.813    -1.0272  27.303345    -1.0263  27.304196     8.1900     8.3696    20.2622    73.4944 3.3086e+00  -74.08992 -111.79947  27.943615      99.96 6.3464e+02    321.306       7712  1027.2858  1027.2860    33.8212    33.8214    8.29857         41 0.0000e+00
     19.000     18.803    -1.0258  27.304929    -1.0260  27.304868     8.2097     8.3824    22.1647    73.7446 2.6235e+00  -74.08992 -111.79946  27.943636      98.10 6.3464e+02    323.132       7756  1027.2905  1027.2907    33.8212    33.8214    8.29827         43 0.0000e+00
     20.000     19.791    -1.0131  27.315814    -1.0115  27.317311     8.2047     8.3766    19.8672    73.4967 2.0813e+00  -74.08992 -111.79947  27.943657     100.02 6.3464e+02    324.995       7801  1027.2944  1027.2945    33.8211    33.8214    8.29546         37 0.0000e+00
     21.000     20.782    -1.0297  27.302647    -1.0262  27.305758     8.1776     8.3556    19.7101    72.8349 1.6648e+00  -74.08992 -111.79946  27.943679      99.97 6.3464e+02    326.855       7846  1027.3003  1027.3004    33.8213    33.8216    8.29913         43 0.0000e+00
     22.000     21.772    -1.0337  27.299386    -1.0342  27.299058     8.1719     8.3435    19.4167    73.3908 1.3175e+00  -74.08992 -111.79946  27.943701      99.97 6.3464e+02    328.737       7891  1027.3049  1027.3050    33.8208    33.8208    8.30006         40 0.0000e+00
     23.000     22.760    -1.0334  27.300233    -1.0331  27.300518     8.1693     8.3481    21.3553    73.9209 1.0619e+00  -74.08992 -111.79946  27.943723      99.88 6.3510e+02    330.682       7937  1027.3097  1027.3097    33.8209    33.8210    8.29997         46 0.0000e+00
     24.000     23.750    -1.0337  27.300572    -1.0342  27.300264     8.1623     8.3401    18.6320    72.4574 8.4135e-01  -74.08992 -111.79946  27.943745      99.98 6.3533e+02    332.582       7983  1027.3145  1027.3148    33.8210    33.8212    8.30002         38 0.0000e+00
     25.000     24.740    -1.0355  27.299533    -1.0349  27.300029     8.1616     8.3599    18.9816    74.0524 6.6539e-01  -74.08992 -111.79946  27.943767      99.93 6.3606e+02    334.465       8028  1027.3195  1027.3194    33.8211    33.8211    8.30043         36 0.0000e+00
     26.000     25.729    -1.0315  27.303527    -1.0275  27.306354     8.2072     8.4077    18.5550    73.3300 5.3515e-01  -74.08992 -111.79946  27.943789      99.73 6.3588e+02    336.349       8073  1027.3242  1027.3234    33.8214    33.8207    8.29952         41 0.0000e+00
     27.000     26.718    -1.0093  27.323065    -0.9926  27.335373     8.2643     8.4213    17.6857    73.2900 4.2202e-01  -74.08992 -111.79946  27.943810      99.67 6.3554e+02    338.212       8118  1027.3284  1027.3257    33.8224    33.8204    8.29456         43 0.0000e+00
     28.000     27.708    -0.9914  27.339375    -1.0007  27.331448     8.2422     8.3948    19.9539    73.5636 3.3290e-01  -74.08992 -111.79946  27.943831      99.95 6.3625e+02    340.040       8162  1027.3334  1027.3339    33.8238    33.8236    8.29051         42 0.0000e+00
     29.000     28.697    -1.0096  27.323985    -1.0128  27.321236     8.1802     8.3583    19.0924    73.5635 2.6156e-01  -74.08992 -111.79945  27.943853      99.93 6.3639e+02    341.941       8208  1027.3387  1027.3388    33.8227    33.8226    8.29459         37 0.0000e+00
     30.000     29.687    -1.0353  27.302001    -1.0374  27.300541     8.1523     8.3240    18.8841    73.5952 2.0208e-01  -74.08992 -111.79946  27.943875      99.83 6.3640e+02    343.821       8253  1027.3438  1027.3442    33.8211    33.8215    8.30038         44 0.0000e+00
     31.000     30.677    -1.0427  27.295721    -1.0421  27.296438     8.1310     8.3127    16.9276    73.0718 1.5469e-01  -74.08992 -111.79946  27.943897      99.94 6.3640e+02    345.714       8298  1027.3482  1027.3484    33.8202    33.8205    8.30207         38 0.0000e+00
     32.000     31.666    -1.0526  27.287754    -1.0549  27.285351     8.1299     8.3135    16.0624    74.5652 1.1822e-01  -74.08992 -111.79946  27.943920      99.91 6.3676e+02    347.648       8345  1027.3532  1027.3528    33.8199    33.8192    8.30428         43 0.0000e+00
     33.000     32.657    -1.0511  27.289135    -1.0541  27.286825     8.1447     8.3125    15.4719    73.2990 8.7273e-02  -74.08992 -111.79947  27.943941      99.82 6.3749e+02    349.534       8390  1027.3574  1027.3577    33.8195    33.8197    8.30398         39 0.0000e+00
     34.000     33.644    -1.0452  27.294431    -1.0449  27.294947     8.1327     8.3277    16.4239    74.6586 6.1694e-02  -74.08992 -111.79947  27.943963      99.93 6.3704e+02    351.393       8434  1027.3617  1027.3619    33.8194    33.8198    8.30266         40 0.0000e+00
     35.000     34.635    -1.0508  27.290762    -1.0429  27.297800     8.1537     8.3430    17.8711    73.8648 4.1628e-02  -74.08992 -111.79947  27.943985      99.75 6.3678e+02    353.280       8480  1027.3673  1027.3674    33.8201    33.8209    8.30387         38 0.0000e+00
     36.000     35.625    -1.0383  27.301833    -1.0328  27.306498     8.1523     8.3391    17.8996    73.7563 2.3961e-02  -74.08992 -111.79948  27.944006      99.97 6.3798e+02    355.159       8525  1027.3716  1027.3715    33.8205    33.8206    8.30108         34 0.0000e+00
     37.000     36.615    -1.0441  27.297273    -1.0399  27.301307     8.1557     8.3424    17.3780    73.2910 1.0122e-02  -74.08992 -111.79947  27.944028      99.86 6.3763e+02    357.031       8570  1027.3766  1027.3769    33.8202    33.8210    8.30238         37 0.0000e+00
     38.000     37.604    -1.0382  27.303894    -1.0315  27.309249     8.1634     8.3446    18.3568    73.9656 5.5819e-04  -74.08992 -111.79948  27.944050      99.98 6.3694e+02    358.926       8615  1027.3823  1027.3818    33.8219    33.8217    8.30097         39 0.0000e+00
     39.000     38.593    -1.0262  27.315056    -1.0258  27.315279     8.1554     8.3491    19.5003    74.3051 2.9775e-06  -74.08992 -111.79948  27.944072      99.95 6.3802e+02    360.812       8660  1027.3874  1027.3872    33.8231    33.8229    8.29826         38 0.0000e+00
     40.000     39.582    -1.0197  27.321418    -1.0178  27.323282     8.2024     8.3810    19.1065    72.9273 1.0000e-12  -74.08992 -111.79948  27.944094      99.85 6.3820e+02    362.738       8707  1027.3924  1027.3927    33.8238    33.8242    8.29678         42 0.0000e+00
     41.000     40.570    -0.9907  27.347405    -0.9887  27.349035     8.2036     8.3701    20.0366    72.7438 1.0000e-12  -74.08992 -111.79946  27.944117      99.99 6.3771e+02    364.688       8754  1027.3973  1027.3972    33.8260    33.8259    8.29024         39 0.0000e+00
     42.000     41.560    -1.0081  27.332568    -1.0030  27.337506     8.1516     8.3436    19.4997    72.9034 1.0000e-12  -74.08992 -111.79946  27.944139      99.98 6.3816e+02    366.587       8799  1027.4025  1027.4030    33.8246    33.8257    8.29416         38 0.0000e+00
     43.000     42.550    -1.0227  27.320689    -1.0213  27.321793     8.1587     8.3658    20.9671    73.2741 1.0000e-12  -74.08992 -111.79946  27.944160      99.97 6.3816e+02    368.462       8844  1027.4078  1027.4078    33.8243    33.8242    8.29740         39 0.0000e+00
     44.000     43.540    -1.0144  27.328360    -1.0034  27.337607     8.2310     8.4173    18.7827    72.7124 1.0000e-12  -74.08992 -111.79946  27.944182      99.97 6.3816e+02    370.365       8890  1027.4125  1027.4121    33.8248    33.8250    8.29555         37 0.0000e+00
     45.000     44.531    -0.9805  27.357504    -0.9798  27.357680     8.2557     8.4290    19.8549    73.3830 1.0000e-12  -74.08992 -111.79946  27.944204      99.98 6.3816e+02    372.251       8935  1027.4159  1027.4157    33.8257    33.8252    8.28800         41 0.0000e+00
     46.000     45.519    -0.9816  27.357679    -0.9823  27.356814     8.2679     8.4380    19.9178    72.4633 1.0000e-12  -74.08992 -111.79946  27.944226      99.98 6.3816e+02    374.119       8980  1027.4218  1027.4216    33.8266    33.8262    8.28820         40 0.0000e+00
     47.000     46.508    -0.9788  27.359152    -0.9794  27.358379     8.2665     8.4541    21.5299    73.4511 1.0000e-12  -74.08992 -111.79946  27.944247      99.62 6.3741e+02    375.962       9024  1027.4251  1027.4249    33.8248    33.8245    8.28767         44 0.0000e+00
     48.000     47.499    -0.9791  27.359321    -0.9788  27.359118     8.2665     8.4452    21.4207    72.9119 1.0000e-12  -74.08992 -111.79946  27.944270      99.92 6.3802e+02    377.912       9071  1027.4300  1027.4296    33.8247    33.8241    8.28775         38 0.0000e+00
     49.000     48.487    -0.9789  27.360295    -0.9793  27.359692     8.2736     8.4326    21.1952    73.4241 1.0000e-12  -74.08992 -111.79946  27.944292      99.99 6.3821e+02    379.839       9117  1027.4353  1027.4351    33.8252    33.8249    8.28767         39 0.0000e+00
     50.000     49.478    -0.9764  27.362810    -0.9790  27.360407     8.2788     8.4478    21.1013    72.7234 1.0000e-12  -74.08992 -111.79946  27.944313      99.98 6.3743e+02    381.676       9161  1027.4400  1027.4399    33.8252    33.8249    8.28712         34 0.0000e+00
     51.000     50.466    -0.9794  27.360588    -0.9827  27.357587     8.2157     8.3489    20.3047    71.9731 1.0000e-12  -74.08992 -111.79945  27.944335      99.96 6.3748e+02    383.579       9207  1027.4449  1027.4449    33.8249    33.8246    8.28780         44 0.0000e+00
     52.000     51.456    -1.0103  27.336109    -1.0111  27.334768     7.7791     7.9349    20.0207    71.4531 1.0000e-12  -74.08992 -111.79946  27.944358      99.99 6.3811e+02    385.497       9253  1027.4523  1027.4517    33.8257    33.8249    8.29458         42 0.0000e+00
     53.000     52.445    -1.1703  27.203611    -1.1895  27.186739     7.2041     7.4725    20.6278    72.5810 1.0000e-12  -74.08992 -111.79946  27.944380      99.97 6.3718e+02    387.395       9298  1027.4660  1027.4661    33.8245    33.8231    8.33019         42 0.0000e+00
     54.000     53.434    -1.3280  27.074812    -1.3313  27.072105     6.9972     7.2645    16.1356    72.5211 1.0000e-12  -74.08992 -111.79946  27.944401      99.82 6.3693e+02    389.258       9343  1027.4799  1027.4801    33.8255    33.8256    8.36533         37 0.0000e+00
     55.000     54.424    -1.3553  27.054743    -1.3544  27.055231     6.9733     7.1969    11.3699    74.3069 1.0000e-12  -74.08992 -111.79946  27.944423      99.70 6.3721e+02    391.144       9388  1027.4867  1027.4863    33.8282    33.8279    8.37129         43 0.0000e+00
     56.000     55.413    -1.3566  27.054701    -1.3566  27.054858     6.9862     7.1668    10.5696    76.5208 1.0000e-12  -74.08992 -111.79946  27.944445      99.46 6.3668e+02    393.058       9434  1027.4907  1027.4908    33.8290    33.8292    8.37154         44 0.0000e+00
     57.000     56.403    -1.3583  27.054720    -1.3587  27.054366     7.0279     7.1831     9.6434    78.5306 1.0000e-12  -74.08992 -111.79946  27.944466      99.54 6.3573e+02    394.887       9478  1027.4956  1027.4955    33.8303    33.8303    8.37185         43 0.0000e+00
     58.000     57.391    -1.3631  27.051979    -1.3644  27.050929     7.0656     7.2074     9.6041    80.8182 1.0000e-12  -74.08992 -111.79946  27.944489      99.43 6.3620e+02    396.827       9525  1027.5006  1027.5006    33.8313    33.8314    8.37285         45 0.0000e+00
     59.000     58.382    -1.3716  27.046388    -1.3736  27.044744     7.0858     7.2253     8.7245    82.0879 1.0000e-12  -74.08992 -111.79946  27.944510      99.43 6.3503e+02    398.699       9570  1027.5062  1027.5064    33.8326    33.8327    8.37469         38 0.0000e+00
     60.000     59.371    -1.3773  27.042699    -1.3771  27.042812     7.0890     7.2270     8.0925    83.5408 1.0000e-12  -74.08992 -111.79946  27.944532      99.43 6.3358e+02    400.552       9614  1027.5115  1027.5112    33.8334    33.8333    8.37593         40 0.0000e+00
