ocean_section_plots/required_files/ctd/dnbp2202_ctd082.cnv
* Sea-Bird SBE 9 Data File:
* FileName = D:\Data\raw\NBP2202_CTD082.hex
* Software Version Seasave V 7.26.7.121
* Temperature SN = 1649
* Conductivity SN = 2513
* Number of Bytes Per Scan = 40
* Number of Voltage Words = 5
* Number of Scans Averaged by the Deck Unit = 1
* NMEA Latitude = 74 10.51 S
* NMEA Longitude = 113 20.67 W
* NMEA UTC (Time) = Jan 26 2022  18:05:57
* NMEA baud rate = 9600
** Ship: RVIB N.B. Palmer
** Cruise: NBP2202 Thwaites
** Station: YoYo001
** Operator: A. Robinson
# nquan = 25
# nvalues = 607                         
# units = specified
# name 0 = prDM: Pressure, Digiquartz [db]
# name 1 = depSM: Depth [salt water, m]
# name 2 = t090C: Temperature [ITS-90, deg C]
# name 3 = c0mS/cm: Conductivity [mS/cm]
# name 4 = t190C: Temperature, 2 [ITS-90, deg C]
# name 5 = c1mS/cm: Conductivity, 2 [mS/cm]
# name 6 = sbeox0ML/L: Oxygen, SBE 43 [ml/l]
# name 7 = sbeox1ML/L: Oxygen, SBE 43, 2 [ml/l]
# name 8 = flECO-AFL: Fluorescence, WET Labs ECO-AFL/FL [mg/m^3]
# name 9 = CStarTr0: Beam Transmission, WET Labs C-Star [%]
# name 10 = par: PAR/Irradiance, Biospherical/Licor
# name 11 = latitude: Latitude [deg]
# name 12 = longitude: Longitude [deg]
# name 13 = timeJ: Julian Days
# name 14 = altM: Altimeter [m]
# name 15 = spar: SPAR, Biospherical/Licor
# name 16 = timeS: Time, Elapsed [seconds]
# name 17 = scan: Scan Count
# name 18 = density00: Density [density, kg/m^3]
# name 19 = density11: Density, 2 [density, kg/m^3]
# name 20 = sal00: Salinity, Practical [PSU]
# name 21 = sal11: Salinity, Practical, 2 [PSU]
# name 22 = oxsolML/L: Oxygen Saturation, Garcia & Gordon [ml/l]
# name 23 = nbin: number of scans per bin
# name 24 = flag: flag
# span 0 =     10.000,    616.000       
# span 1 =      9.893,    608.728       
# span 2 =    -1.5755,     0.0813       
# span 3 =  26.951669,  28.914476       
# span 4 =    -1.5750,     0.0839       
# span 5 =  26.951507,  28.915005       
# span 6 =     4.6993,     8.6288       
# span 7 =     4.7820,     8.5272       
# span 8 =    -0.0225,    26.3556       
# span 9 =    70.0690,    95.7542       
# span 10 = -1.276e-05, 5.0333e+01      
# span 11 =  -74.17530,  -74.17528      
# span 12 = -113.34460, -113.34456      
# span 13 =  26.754552,  26.764194      
# span 14 =       4.54,      99.99      
# span 15 = 1.2851e+03, 1.5299e+03      
# span 16 =     36.288,    869.344      
# span 17 =        872,      20865      
# span 18 =  1027.2249,  1030.5160      
# span 19 =  1027.2234,  1030.5138      
# span 20 =    33.7930,    34.3775      
# span 21 =    33.7911,    34.3750      
# span 22 =    8.02812,    8.41302      
# span 23 =         15,         44      
# span 24 = 0.0000e+00, 0.0000e+00      
# interval = decibars: 1                
# start_time = Jan 26 2022 18:05:57 [NMEA time, header]
# bad_flag = -9.990e-29
*END*
[from data line 290]
    300.000    296.681    -0.8548  27.803880    -0.8536  27.802539     5.3630     5.4882    -0.0224    95.7542 1.0000e-12  -74.17528 -113.34458  26.758987      90.44 1.3623e+03    419.470      10068  1028.8768  1028.8741    34.1333    34.1301    8.24240         28 0.0000e+00
    301.000    297.668    -0.8483  27.810197    -0.8462  27.810155     5.3462     5.4795    -0.0224    95.7478 1.0000e-12  -74.17528 -113.34458  26.759001      83.45 1.3642e+03    420.643      10096  1028.8820  1028.8799    34.1338    34.1314    8.24094         28 0.0000e+00
    302.000    298.656    -0.8419  27.816863    -0.8403  27.815828     5.2625     5.3886    -0.0224    95.7371 1.0000e-12  -74.17528 -113.34458  26.759014      98.57 1.3659e+03    421.835      10125  1028.8877  1028.8849    34.1351    34.1318    8.23948         29 0.0000e+00
    303.000    299.644    -0.7782  27.879495    -0.7753  27.877177     5.1721     5.2996    -0.0014    95.7344 1.0000e-12  -74.17528 -113.34458  26.759028      99.87 1.3676e+03    423.043      10154  1028.8978  1028.8923    34.1473    34.1408    8.22488         29 0.0000e+00
    304.000    300.633    -0.6825  27.967215    -0.6774  27.968745     5.1349     5.2708    -0.0140    95.7185 1.0000e-12  -74.17528 -113.34458  26.759042      99.87 1.3692e+03    424.247      10183  1028.9037  1028.9004    34.1570    34.1534    8.20346         29 0.0000e+00
    305.000    301.620    -0.6699  27.978549    -0.6682  27.978536     5.1053     5.2344    -0.0223    95.7019 1.0000e-12  -74.17528 -113.34458  26.759056      99.87 1.3714e+03    425.430      10211  1028.9088  1028.9071    34.1576    34.1556    8.20071         28 0.0000e+00
    306.000    302.609    -0.6636  27.984756    -0.6659  27.980523     5.1266     5.2422    -0.0156    95.6977 1.0000e-12  -74.17528 -113.34458  26.759070      99.86 1.3715e+03    426.611      10240  1028.9142  1028.9120    34.1582    34.1551    8.19931         24 0.0000e+00
    307.000    303.597    -0.6468  28.000350    -0.6443  28.000068     5.0892     5.2196    -0.0150    95.6482 1.0000e-12  -74.17528 -113.34458  26.759083      99.87 1.3715e+03    427.793      10268  1028.9197  1028.9169    34.1597    34.1565    8.19558         29 0.0000e+00
    308.000    304.585    -0.6578  27.990656    -0.6590  27.987568     5.0154     5.1686    -0.0150    95.5950 1.0000e-12  -74.17528 -113.34457  26.759097      99.87 1.3720e+03    428.981      10297  1028.9249  1028.9228    34.1584    34.1556    8.19803         28 0.0000e+00
    309.000    305.574    -0.5808  28.063490    -0.6055  28.034920     4.9872     5.1322    -0.0161    95.5840 1.0000e-12  -74.17528 -113.34456  26.759111      99.87 1.3723e+03    430.153      10325  1028.9326  1028.9261    34.1691    34.1585    8.18077         28 0.0000e+00
    310.000    306.562    -0.5548  28.083203    -0.5699  28.068691     4.9429     5.0665    -0.0206    95.5545 1.0000e-12  -74.17528 -113.34458  26.759124      99.86 1.3721e+03    431.320      10353  1028.9335  1028.9325    34.1657    34.1632    8.17533         28 0.0000e+00
    311.000    307.550    -0.5484  28.091850    -0.5447  28.091075     4.9068     5.0190    -0.0145    95.5304 1.0000e-12  -74.17528 -113.34458  26.759138      76.42 1.3726e+03    432.490      10381  1028.9415  1028.9368    34.1696    34.1643    8.17374         29 0.0000e+00
    312.000    308.538    -0.4921  28.141791    -0.4909  28.140265     4.8874     4.9990    -0.0150    95.4805 1.0000e-12  -74.17528 -113.34458  26.759151      87.97 1.3732e+03    433.680      10409  1028.9449  1028.9419    34.1726    34.1692    8.16143         28 0.0000e+00
    313.000    309.527    -0.4869  28.147507    -0.4850  28.146549     4.8855     4.9872    -0.0145    95.4349 1.0000e-12  -74.17528 -113.34458  26.759165      95.93 1.3736e+03    434.861      10438  1028.9510  1028.9480    34.1739    34.1705    8.16024         28 0.0000e+00
    314.000    310.515    -0.4781  28.155930    -0.4760  28.155432     4.8824     4.9830    -0.0137    95.4259 1.0000e-12  -74.17528 -113.34458  26.759179      99.87 1.3737e+03    436.023      10466  1028.9563  1028.9537    34.1746    34.1716    8.15829         28 0.0000e+00
    315.000    311.502    -0.4753  28.158795    -0.4733  28.158242     4.8816     4.9771    -0.0079    95.3889 1.0000e-12  -74.17528 -113.34458  26.759192      99.87 1.3750e+03    437.196      10494  1028.9615  1028.9589    34.1747    34.1717    8.15769         28 0.0000e+00
    316.000    312.491    -0.4692  28.165391    -0.4672  28.164807     4.8822     4.9774    -0.0046    95.3783 1.0000e-12  -74.17528 -113.34458  26.759206      99.87 1.3755e+03    438.388      10522  1028.9675  1028.9648    34.1761    34.1731    8.15630         29 0.0000e+00
    317.000    313.478    -0.4632  28.172050    -0.4614  28.171327     4.8756     4.9759    -0.0107    95.3446 1.0000e-12  -74.17528 -113.34458  26.759220      99.87 1.3775e+03    439.585      10551  1028.9735  1028.9709    34.1777    34.1747    8.15492         29 0.0000e+00
    318.000    314.468    -0.4571  28.179226    -0.4547  28.179000     4.8815     4.9750    -0.0188    95.3246 1.0000e-12  -74.17528 -113.34459  26.759234      99.87 1.3789e+03    440.781      10580  1028.9799  1028.9772    34.1799    34.1768    8.15349         28 0.0000e+00
    319.000    315.455    -0.4515  28.185897    -0.4493  28.185616     4.8840     4.9738    -0.0127    95.2770 1.0000e-12  -74.17528 -113.34459  26.759247      99.87 1.3803e+03    441.962      10608  1028.9861  1028.9837    34.1818    34.1790    8.15216         29 0.0000e+00
    320.000    316.444    -0.4505  28.187440    -0.4490  28.186333     4.8817     4.9730    -0.0121    95.2788 1.0000e-12  -74.17528 -113.34460  26.759261      99.87 1.3818e+03    443.128      10636  1028.9914  1028.9888    34.1822    34.1790    8.15192         28 0.0000e+00
    321.000    317.431    -0.4472  28.191510    -0.4454  28.190575     4.8792     4.9686    -0.0054    95.2541 1.0000e-12  -74.17528 -113.34460  26.759274      99.86 1.3827e+03    444.305      10664  1028.9972  1028.9944    34.1834    34.1801    8.15116         28 0.0000e+00
    322.000    318.418    -0.4394  28.200288    -0.4370  28.199931     4.8709     4.9661    -0.0205    95.2502 1.0000e-12  -74.17528 -113.34460  26.759288      89.30 1.3840e+03    445.492      10693  1029.0034  1029.0007    34.1857    34.1826    8.14934         28 0.0000e+00
    323.000    319.408    -0.4335  28.206862    -0.4313  28.206564     4.8759     4.9655    -0.0180    95.2371 1.0000e-12  -74.17528 -113.34460  26.759302      81.00 1.3857e+03    446.676      10721  1029.0093  1029.0067    34.1873    34.1844    8.14799         29 0.0000e+00
    324.000    320.396    -0.4321  28.208908    -0.4301  28.208594     4.8758     4.9634    -0.0145    95.2281 1.0000e-12  -74.17528 -113.34460  26.759316      98.93 1.3863e+03    447.863      10750  1029.0146  1029.0123    34.1879    34.1852    8.14766         28 0.0000e+00
    325.000    321.385    -0.4323  28.209762    -0.4302  28.209335     4.8791     4.9658    -0.0199    95.2283 1.0000e-12  -74.17528 -113.34460  26.759329      99.88 1.3864e+03    449.053      10778  1029.0201  1029.0177    34.1886    34.1857    8.14765         29 0.0000e+00
    326.000    322.372    -0.4321  28.210271    -0.4301  28.209809     4.8861     4.9722    -0.0115    95.2346 1.0000e-12  -74.17528 -113.34460  26.759343      99.87 1.3853e+03    450.217      10806  1029.0249  1029.0226    34.1885    34.1857    8.14762         28 0.0000e+00
    327.000    323.359    -0.4332  28.210156    -0.4308  28.209832     4.8877     4.9743    -0.0085    95.2138 1.0000e-12  -74.17528 -113.34460  26.759356      99.87 1.3842e+03    451.370      10834  1029.0303  1029.0277    34.1889    34.1859    8.14782         27 0.0000e+00
    328.000    324.349    -0.4338  28.210046    -0.4323  28.209231     4.8878     4.9801    -0.0175    95.2159 1.0000e-12  -74.17528 -113.34460  26.759370      99.87 1.3832e+03    452.537      10862  1029.0352  1029.0329    34.1889    34.1862    8.14796         29 0.0000e+00
    329.000    325.336    -0.4349  28.209652    -0.4332  28.209103     4.8905     4.9849    -0.0096    95.2318 1.0000e-12  -74.17528 -113.34460  26.759383      99.86 1.3820e+03    453.726      10890  1029.0402  1029.0379    34.1890    34.1863    8.14820         28 0.0000e+00
    330.000    326.324    -0.4367  28.208735    -0.4347  28.208336     4.8950     4.9840    -0.0161    95.2193 1.0000e-12  -74.17528 -113.34460  26.759397      99.87 1.3803e+03    454.929      10919  1029.0453  1029.0430    34.1892    34.1864    8.14856         29 0.0000e+00
    331.000    327.312    -0.4372  28.208849    -0.4351  28.208626     4.8960     4.9828    -0.0138    95.2239 1.0000e-12  -74.17528 -113.34460  26.759411      99.87 1.3789e+03    456.128      10948  1029.0503  1029.0480    34.1894    34.1866    8.14868         29 0.0000e+00
    332.000    328.300    -0.4369  28.209856    -0.4350  28.209294     4.8954     4.9815    -0.0036    95.2272 1.0000e-12  -74.17528 -113.34460  26.759425      99.87 1.3775e+03    457.299      10976  1029.0553  1029.0529    34.1897    34.1868    8.14858         28 0.0000e+00
    333.000    329.289    -0.4371  28.210160    -0.4353  28.209663     4.8964     4.9836    -0.0208    95.2271 1.0000e-12  -74.17528 -113.34460  26.759438      99.87 1.3757e+03    458.459      11004  1029.0601  1029.0579    34.1897    34.1870    8.14862         27 0.0000e+00
    334.000    330.276    -0.4372  28.210455    -0.4356  28.209778     4.8971     4.9825    -0.0180    95.2399 1.0000e-12  -74.17528 -113.34460  26.759452      85.78 1.3750e+03    459.632      11032  1029.0649  1029.0626    34.1897    34.1869    8.14866         29 0.0000e+00
    335.000    331.265    -0.4377  28.210464    -0.4359  28.209982     4.8925     4.9820    -0.0126    95.2364 1.0000e-12  -74.17528 -113.34460  26.759465      92.77 1.3749e+03    460.818      11061  1029.0697  1029.0674    34.1896    34.1869    8.14876         29 0.0000e+00
    336.000    332.252    -0.4375  28.211162    -0.4356  28.210743     4.8967     4.9855    -0.0127    95.2301 1.0000e-12  -74.17528 -113.34459  26.759479      99.77 1.3738e+03    462.005      11089  1029.0745  1029.0723    34.1897    34.1871    8.14871         28 0.0000e+00
    337.000    333.240    -0.4354  28.213962    -0.4334  28.213522     4.8961     4.9859    -0.0119    95.2328 1.0000e-12  -74.17528 -113.34460  26.759493      99.87 1.3744e+03    463.177      11117  1029.0797  1029.0774    34.1905    34.1877    8.14821         28 0.0000e+00
    338.000    334.229    -0.4346  28.215216    -0.4324  28.215065     4.8918     4.9861    -0.0124    95.2482 1.0000e-12  -74.17528 -113.34458  26.759506      99.87 1.3745e+03    464.339      11145  1029.0846  1029.0823    34.1907    34.1880    8.14803         28 0.0000e+00
    339.000    335.216    -0.4348  28.215453    -0.4331  28.214826     4.8930     4.9857    -0.0116    95.2356 1.0000e-12  -74.17528 -113.34459  26.759520      99.87 1.3741e+03    465.518      11173  1029.0894  1029.0870    34.1906    34.1879    8.14808         28 0.0000e+00
    340.000    336.205    -0.4346  28.215979    -0.4326  28.215786     4.8902     4.9857    -0.0122    95.2336 1.0000e-12  -74.17528 -113.34459  26.759534      99.87 1.3750e+03    466.717      11202  1029.0940  1029.0919    34.1906    34.1880    8.14805         29 0.0000e+00
    341.000    337.192    -0.4342  28.216988    -0.4319  28.217055     4.8935     4.9842    -0.0124    95.2448 1.0000e-12  -74.17528 -113.34459  26.759547      99.87 1.3750e+03    467.900      11231  1029.0990  1029.0968    34.1909    34.1883    8.14794         28 0.0000e+00
    342.000    338.181    -0.4333  28.218377    -0.4313  28.218038     4.8841     4.9768    -0.0115    95.2414 1.0000e-12  -74.17528 -113.34458  26.759561      99.87 1.3755e+03    469.047      11258  1029.1039  1029.1016    34.1911    34.1883    8.14773         27 0.0000e+00
    343.000    339.169    -0.4326  28.219692    -0.4311  28.218776     4.8864     4.9762    -0.0064    95.2383 1.0000e-12  -74.17528 -113.34458  26.759574      99.87 1.3775e+03    470.190      11286  1029.1089  1029.1065    34.1914    34.1885    8.14756         28 0.0000e+00
    344.000    340.157    -0.4303  28.222421    -0.4286  28.221805     4.8824     4.9772    -0.0159    95.2617 1.0000e-12  -74.17528 -113.34458  26.759587      94.13 1.3782e+03    471.358      11314  1029.1139  1029.1115    34.1919    34.1891    8.14704         29 0.0000e+00
    345.000    341.145    -0.4285  28.224927    -0.4265  28.224584     4.8808     4.9688    -0.0038    95.2409 1.0000e-12  -74.17528 -113.34459  26.759601      77.38 1.3801e+03    472.561      11342  1029.1190  1029.1167    34.1926    34.1899    8.14661         25 0.0000e+00
    346.000    342.133    -0.4253  28.228952    -0.4247  28.227065     4.8845     4.9723    -0.0114    95.2365 1.0000e-12  -74.17528 -113.34459  26.759615      97.31 1.3804e+03    473.773      11372  1029.1245  1029.1219    34.1938    34.1906    8.14585         28 0.0000e+00
    347.000    343.120    -0.4255  28.229223    -0.4236  28.228751     4.8844     4.9775    -0.0102    95.2229 1.0000e-12  -74.17528 -113.34459  26.759629      99.89 1.3813e+03    474.967      11400  1029.1293  1029.1270    34.1938    34.1910    8.14590         29 0.0000e+00
    348.000    344.109    -0.4216  28.234235    -0.4194  28.234222     4.8842     4.9763    -0.0057    95.2127 1.0000e-12  -74.17528 -113.34458  26.759643      99.87 1.3821e+03    476.125      11428  1029.1352  1029.1331    34.1956    34.1931    8.14497         28 0.0000e+00
    349.000    345.097    -0.4180  28.238822    -0.4151  28.239455     4.8853     4.9765    -0.0168    95.2184 1.0000e-12  -74.17528 -113.34460  26.759656      99.86 1.3821e+03    477.276      11456  1029.1408  1029.1387    34.1970    34.1946    8.14411         27 0.0000e+00
    350.000    346.083    -0.4152  28.242200    -0.4130  28.242301     4.8808     4.9758    -0.0114    95.2282 1.0000e-12  -74.17528 -113.34460  26.759669      99.87 1.3821e+03    478.429      11483  1029.1460  1029.1440    34.1978    34.1954    8.14347         27 0.0000e+00
    351.000    347.075    -0.4148  28.243362    -0.4114  28.244564     4.8797     4.9745    -0.0133    95.2301 1.0000e-12  -74.17528 -113.34460  26.759683      99.87 1.3803e+03    479.588      11511  1029.1512  1029.1492    34.1983    34.1961    8.14335         29 0.0000e+00
    352.000    348.061    -0.4085  28.250838    -0.4060  28.251105     4.8725     4.9728    -0.0119    95.2319 1.0000e-12  -74.17528 -113.34460  26.759696      99.87 1.3786e+03    480.777      11540  1029.1573  1029.1552    34.2006    34.1981    8.14186         28 0.0000e+00
    353.000    349.049    -0.4031  28.256927    -0.4018  28.255951     4.8670     4.9603    -0.0102    95.2517 1.0000e-12  -74.17528 -113.34460  26.759710      99.87 1.3761e+03    481.974      11568  1029.1629  1029.1606    34.2021    34.1993    8.14062         29 0.0000e+00
    354.000    350.036    -0.3960  28.265117    -0.3941  28.264581     4.8615     4.9604    -0.0198    95.2266 1.0000e-12  -74.17528 -113.34460  26.759724      99.87 1.3742e+03    483.165      11597  1029.1690  1029.1666    34.2044    34.2016    8.13896         29 0.0000e+00
    355.000    351.024    -0.3869  28.275160    -0.3845  28.275150     4.8526     4.9480    -0.0130    95.2191 1.0000e-12  -74.17528 -113.34458  26.759738      99.86 1.3712e+03    484.344      11625  1029.1752  1029.1729    34.2070    34.2043    8.13686         28 0.0000e+00
    356.000    352.013    -0.3825  28.280283    -0.3802  28.280181     4.8491     4.9416    -0.0123    95.2109 1.0000e-12  -74.17528 -113.34459  26.759751      85.64 1.3681e+03    485.503      11653  1029.1808  1029.1785    34.2084    34.2057    8.13585         27 0.0000e+00
