ocean_section_plots/required_files/ctd/dnbp2202_ctd064.cnv
* Sea-Bird SBE 9 Data File:
* FileName = D:\Data\raw\NBP2202_CTD064.hex
* Software Version Seasave V 7.26.7.121
* Temperature SN = 1649
* Conductivity SN = 2513
* Number of Bytes Per Scan = 40
* Number of Voltage Words = 5
* Number of Scans Averaged by the Deck Unit = 1
* NMEA Latitude = 74 00.47 S
* NMEA Longitude = 111 44.01 W
* NMEA UTC (Time) = Jan 25 2022  14:18:17
* NMEA baud rate = 9600
** Ship: RVIB N.B. Palmer
** Cruise: NBP2202 Thwaites
** Station: 45
** Operator: B.Bjork
# nquan = 25
# nvalues = 375                         
# units = specified
# name 0 = prDM: Pressure, Digiquartz [db]
# name 1 = depSM: Depth [salt water, m]
# name 2 = t090C: Temperature [ITS-90, deg C]
# name 3 = c0mS/cm: Conductivity [mS/cm]
# name 4 = t190C: Temperature, 2 [ITS-90, deg C]
# name 5 = c1mS/cm: Conductivity, 2 [mS/cm]
# name 6 = sbeox0ML/L: Oxygen, SBE 43 [ml/l]
# name 7 = sbeox1ML/L: Oxygen, SBE 43, 2 [ml/l]
# name 8 = flECO-AFL: Fluorescence, WET Labs ECO-AFL/FL [mg/m^3]
# name 9 = CStarTr0: Beam Transmission, WET Labs C-Star [%]
# name 10 = par: PAR/Irradiance, Biospherical/Licor
# name 11 = latitude: Latitude [deg]
# name 12 = longitude: Longitude [deg]
# name 13 = timeJ: Julian Days
# name 14 = altM: Altimeter [m]
# name 15 = spar: SPAR, Biospherical/Licor
# name 16 = timeS: Time, Elapsed [seconds]
# name 17 = scan: Scan Count
# name 18 = density00: Density [density, kg/m^3]
# name 19 = density11: Density, 2 [density, kg/m^3]
# name 20 = sal00: Salinity, Practical [PSU]
# name 21 = sal11: Salinity, Practical, 2 [PSU]
# name 22 = oxsolML/L: Oxygen Saturation, Garcia & Gordon [ml/l]
# name 23 = nbin: number of scans per bin
# name 24 = flag: flag
# span 0 =      5.000,    379.000       
# span 1 =      4.949,    374.738       
# span 2 =    -1.6446,    -0.3253       
# span 3 =  26.912310,  28.428732       
# span 4 =    -1.6441,    -0.3232       
# span 5 =  26.912552,  28.428288       
# span 6 =     5.1729,     9.1070       
# span 7 =     5.3719,     9.5066       
# span 8 =    -0.0224,    29.4178       
# span 9 =    62.6546,    96.4170       
# span 10 = -1.889e-04, 4.5159e+01      
# span 11 =  -74.00796,  -74.00794      
# span 12 = -111.73364, -111.73357      
# span 13 =  25.598711,  25.605524      
# span 14 =       5.95,     100.36      
# span 15 = 3.5806e+02, 4.6481e+02      
# span 16 =    231.641,    820.287      
# span 17 =       5560,      19688      
# span 18 =  1027.2182,  1029.3824      
# span 19 =  1027.2170,  1029.3807      
# span 20 =    33.8341,    34.3291      
# span 21 =    33.8327,    34.3261      
# span 22 =    8.11673,    8.43000      
# span 23 =         20,         49      
# span 24 = 0.0000e+00, 0.0000e+00      
# interval = decibars: 1                
# start_time = Jan 25 2022 14:18:17 [NMEA time, header]
# bad_flag = -9.990e-29
*END*
      5.000      4.949    -0.6298  27.636337    -0.6312  27.633945     9.0967     9.2196    29.4135    64.1768 4.5159e+01  -74.00794 -111.73364  25.598711      99.99 3.7541e+02    231.641       5560  1027.2182  1027.2170    33.8346    33.8330    8.21068         20 0.0000e+00
      6.000      5.939    -0.6395  27.628355    -0.6391  27.627811     9.0980     9.2097    29.4135    63.5559 2.6575e+01  -74.00794 -111.73363  25.598734      99.99 3.7722e+02    233.614       5608  1027.2233  1027.2223    33.8341    33.8330    8.21282         34 0.0000e+00
      7.000      6.928    -0.6410  27.627612    -0.6401  27.627219     9.1070     9.2002    29.4135    63.8088 1.9607e+01  -74.00794 -111.73363  25.598772      98.20 3.7726e+02    236.870       5686  1027.2281  1027.2269    33.8342    33.8327    8.21314         41 0.0000e+00
      8.000      7.916    -0.6414  27.627937    -0.6403  27.627709     9.0959     9.1972    29.4135    63.1950 1.2640e+01  -74.00794 -111.73363  25.598800      88.38 3.7755e+02    239.323       5745  1027.2332  1027.2319    33.8345    33.8330    8.21322         41 0.0000e+00
      9.000      8.908    -0.6404  27.629383    -0.6395  27.629085     9.0997     9.2189    29.4135    63.9178 9.4877e+00  -74.00794 -111.73363  25.598833     100.36 3.7897e+02    242.214       5814  1027.2380  1027.2369    33.8347    33.8332    8.21299         39 0.0000e+00
     10.000      9.894    -0.6395  27.630453    -0.6388  27.630027     9.0952     9.2455    29.4135    63.1203 6.7787e+00  -74.00794 -111.73363  25.598860      99.99 3.7902e+02    244.545       5870  1027.2426  1027.2415    33.8345    33.8331    8.21280         34 0.0000e+00
     11.000     10.886    -0.6396  27.630794    -0.6389  27.630264     9.1000     9.2865    29.4135    63.5211 5.3513e+00  -74.00794 -111.73362  25.598886      99.99 3.8056e+02    246.793       5924  1027.2473  1027.2462    33.8345    33.8330    8.21283         34 0.0000e+00
     12.000     11.875    -0.6403  27.630569    -0.6392  27.630473     9.0947     9.3307    29.4135    64.0572 3.8654e+00  -74.00794 -111.73364  25.598906      99.99 3.8179e+02    248.504       5965  1027.2522  1027.2510    33.8344    33.8330    8.21299         36 0.0000e+00
     13.000     12.866    -0.6385  27.633084    -0.6393  27.631059     9.0868     9.3583    29.4135    63.0845 2.8055e+00  -74.00794 -111.73364  25.598928      99.99 3.8260e+02    250.351       6009  1027.2574  1027.2560    33.8351    33.8332    8.21255         45 0.0000e+00
     14.000     13.855    -0.6396  27.632183    -0.6388  27.631780     9.0591     9.3100    29.4135    62.6784 2.2907e+00  -74.00794 -111.73364  25.598948      98.92 3.8331e+02    252.108       6052  1027.2618  1027.2606    33.8345    33.8331    8.21282         36 0.0000e+00
     15.000     14.844    -0.6338  27.641119    -0.6317  27.642315     9.0104     9.2738    29.4135    63.5844 1.5693e+00  -74.00794 -111.73363  25.598966      99.97 3.8329e+02    253.701       6090  1027.2702  1027.2694    33.8395    33.8387    8.21128         31 0.0000e+00
     16.000     15.834    -0.6318  27.645557    -0.6309  27.645258     8.9774     9.2595    29.4135    63.5286 1.2230e+00  -74.00794 -111.73363  25.598991      99.99 3.8307e+02    255.808       6140  1027.2774  1027.2763    33.8426    33.8412    8.21066         44 0.0000e+00
     17.000     16.824    -0.6337  27.646133    -0.6325  27.646197     8.9701     9.2560    29.4135    63.6481 9.1985e-01  -74.00794 -111.73362  25.599014      99.99 3.8381e+02    257.768       6187  1027.2843  1027.2831    33.8449    33.8436    8.21095         35 0.0000e+00
     18.000     17.813    -0.6358  27.645352    -0.6352  27.645437     8.9793     9.2807    29.4135    63.2471 6.3572e-01  -74.00794 -111.73362  25.599033      99.99 3.8281e+02    259.427       6227  1027.2898  1027.2893    33.8456    33.8450    8.21137         41 0.0000e+00
     19.000     18.804    -0.6368  27.644398    -0.6358  27.643820     8.9904     9.3514    29.4135    63.0980 5.2044e-01  -74.00794 -111.73362  25.599058      99.99 3.7954e+02    261.585       6279  1027.2940  1027.2924    33.8448    33.8429    8.21163         43 0.0000e+00
     20.000     19.792    -0.6385  27.641458    -0.6373  27.641223     9.0003     9.3830    29.4135    63.5984 3.4417e-01  -74.00794 -111.73362  25.599082      99.99 3.7877e+02    263.681       6329  1027.2967  1027.2953    33.8421    33.8405    8.21214         47 0.0000e+00
     21.000     20.782    -0.6399  27.640613    -0.6388  27.640680     9.0190     9.4043    29.4135    63.9234 2.6606e-01  -74.00794 -111.73362  25.599107      99.93 3.7654e+02    265.881       6382  1027.3014  1027.3004    33.8419    33.8407    8.21246         44 0.0000e+00
     22.000     21.770    -0.6368  27.643429    -0.6365  27.642700     9.0422     9.4306    29.4135    64.2065 1.7774e-01  -74.00794 -111.73362  25.599135      99.99 3.7628e+02    268.230       6439  1027.3057  1027.3047    33.8416    33.8403    8.21180         43 0.0000e+00
     23.000     22.760    -0.6364  27.643600    -0.6358  27.643528     8.9512     9.3756    29.4135    63.3377 1.2322e-01  -74.00794 -111.73362  25.599159      99.99 3.7486e+02    270.370       6490  1027.3099  1027.3092    33.8408    33.8400    8.21177         41 0.0000e+00
     24.000     23.750    -0.6458  27.640893    -0.6435  27.641489     8.8971     9.3474    29.4135    63.3122 8.3162e-02  -74.00794 -111.73362  25.599186      99.99 3.7221e+02    272.640       6544  1027.3202  1027.3188    33.8470    33.8453    8.21344         32 0.0000e+00
     25.000     24.742    -0.6490  27.639748    -0.6396  27.644653     8.9251     9.3447    29.4135    63.6581 4.8441e-02  -74.00794 -111.73362  25.599213      99.99 3.7122e+02    275.009       6601  1027.3264  1027.3227    33.8484    33.8446    8.21406         40 0.0000e+00
     26.000     25.729    -0.6436  27.644481    -0.6420  27.644583     8.9228     9.3237    29.4135    63.2848 2.3983e-02  -74.00794 -111.73362  25.599237      99.71 3.7012e+02    277.110       6652  1027.3306  1027.3292    33.8482    33.8465    8.21291         44 0.0000e+00
     27.000     26.720    -0.6457  27.643198    -0.6455  27.642380     8.9588     9.3595    29.4135    63.2986 5.7230e-03  -74.00794 -111.73363  25.599264      98.81 3.6853e+02    279.423       6707  1027.3355  1027.3344    33.8482    33.8468    8.21336         33 0.0000e+00
     28.000     27.709    -0.6413  27.645451    -0.6404  27.645137     9.0645     9.4442    29.4135    63.8922 -1.889e-04  -74.00794 -111.73363  25.599288     100.04 3.6875e+02    281.493       6757  1027.3380  1027.3368    33.8457    33.8443    8.21255         42 0.0000e+00
     29.000     28.697    -0.6325  27.648052    -0.6326  27.647983     9.0742     9.4758    29.4135    64.3132 1.0000e-12  -74.00794 -111.73363  25.599314      99.98 3.6601e+02    283.754       6811  1027.3366  1027.3365    33.8387    33.8387    8.21104         32 0.0000e+00
     30.000     29.689    -0.6320  27.648325    -0.6307  27.648414     9.0741     9.4806    29.4135    63.2651 1.0000e-12  -74.00794 -111.73364  25.599340      99.99 3.6519e+02    285.980       6865  1027.3406  1027.3396    33.8379    33.8366    8.21097         36 0.0000e+00
     31.000     30.679    -0.6318  27.649839    -0.6305  27.649746     9.0578     9.4752    29.4135    62.8027 1.0000e-12  -74.00794 -111.73364  25.599366      99.98 3.6507e+02    288.232       6919  1027.3464  1027.3451    33.8391    33.8375    8.21086         35 0.0000e+00
     32.000     31.667    -0.6312  27.650471    -0.6305  27.650417     9.0773     9.4874    29.4135    62.7502 1.0000e-12  -74.00794 -111.73364  25.599392      99.99 3.6201e+02    290.452       6972  1027.3509  1027.3502    33.8387    33.8378    8.21076         43 0.0000e+00
     33.000     32.656    -0.6308  27.650275    -0.6298  27.650494     9.0725     9.4932    29.4135    62.9442 1.0000e-12  -74.00794 -111.73364  25.599416      99.65 3.6066e+02    292.570       7023  1027.3547  1027.3540    33.8374    33.8366    8.21075         45 0.0000e+00
     34.000     33.645    -0.6314  27.650810    -0.6299  27.650686     9.0683     9.4741    29.4135    63.2605 1.0000e-12  -74.00794 -111.73364  25.599442      99.98 3.6019e+02    294.830       7077  1027.3601  1027.3586    33.8381    33.8363    8.21083         39 0.0000e+00
     35.000     34.635    -0.6314  27.651123    -0.6309  27.651035     9.0529     9.4595    29.1483    63.7509 1.0000e-12  -74.00794 -111.73364  25.599467      99.99 3.5875e+02    296.971       7128  1027.3648  1027.3643    33.8379    33.8373    8.21085         42 0.0000e+00
     36.000     35.624    -0.6337  27.650566    -0.6324  27.650304     9.0395     9.4627    29.4147    63.6426 1.0000e-12  -74.00794 -111.73364  25.599494      99.99 3.5806e+02    299.261       7183  1027.3707  1027.3692    33.8391    33.8373    8.21127         43 0.0000e+00
     37.000     36.615    -0.6337  27.650946    -0.6329  27.650522     9.0508     9.4845    29.4135    63.9618 1.0000e-12  -74.00794 -111.73363  25.599518      99.99 3.5919e+02    301.318       7233  1027.3753  1027.3741    33.8390    33.8375    8.21127         38 0.0000e+00
     38.000     37.604    -0.6316  27.652593    -0.6291  27.652763     9.0781     9.5066    29.4135    63.0358 1.0000e-12  -74.00794 -111.73362  25.599543      95.35 3.5987e+02    303.542       7286  1027.3795  1027.3773    33.8383    33.8358    8.21087         44 0.0000e+00
     39.000     38.592    -0.6287  27.654395    -0.6276  27.654093     9.0418     9.4570    29.4135    63.8664 1.0000e-12  -74.00794 -111.73362  25.599569      99.45 3.6160e+02    305.787       7340  1027.3829  1027.3816    33.8369    33.8353    8.21032         39 0.0000e+00
     40.000     39.583    -0.6360  27.650817    -0.6356  27.650072     8.7333     9.2085    29.4135    62.6546 1.0000e-12  -74.00794 -111.73362  25.599594     100.00 3.6256e+02    307.882       7390  1027.3904  1027.3896    33.8396    33.8385    8.21175         44 0.0000e+00
     41.000     40.571    -0.6879  27.624283    -0.6829  27.625926     8.5719     9.0152    29.4135    63.3890 1.0000e-12  -74.00794 -111.73362  25.599619      99.99 3.6403e+02    310.108       7444  1027.4162  1027.4131    33.8614    33.8579    8.22178         43 0.0000e+00
     42.000     41.561    -0.7010  27.616240    -0.6994  27.616541     8.5656     8.9784    29.4135    62.8745 1.0000e-12  -74.00794 -111.73362  25.599643      99.99 3.6673e+02    312.150       7493  1027.4241  1027.4230    33.8645    33.8632    8.22445         44 0.0000e+00
     43.000     42.552    -0.6994  27.618461    -0.6993  27.617336     8.5694     8.9769    29.4140    63.5956 1.0000e-12  -74.00794 -111.73362  25.599668      99.99 3.6789e+02    314.354       7545  1027.4289  1027.4276    33.8651    33.8634    8.22405         45 0.0000e+00
     44.000     43.541    -0.7120  27.608790    -0.7035  27.614668     8.5291     8.9349    29.1833    63.0570 1.0000e-12  -74.00794 -111.73362  25.599692      99.99 3.6977e+02    316.378       7594  1027.4346  1027.4329    33.8655    33.8640    8.22678         42 0.0000e+00
     45.000     44.529    -0.7298  27.595084    -0.7249  27.598257     8.4583     8.8497    29.4178    63.6616 1.0000e-12  -74.00794 -111.73362  25.599716      97.78 3.7142e+02    318.417       7643  1027.4411  1027.4399    33.8664    33.8652    8.23062         40 0.0000e+00
     46.000     45.520    -0.7470  27.581828    -0.7501  27.579707     8.2535     8.6621    29.4022    63.7703 1.0000e-12  -74.00794 -111.73362  25.599739      99.99 3.7263e+02    320.435       7691  1027.4474  1027.4481    33.8671    33.8677    8.23432         35 0.0000e+00
     47.000     46.508    -0.8200  27.525947    -0.8184  27.527576     8.1424     8.5479    29.0885    63.5079 1.0000e-12  -74.00794 -111.73362  25.599757      99.99 3.7513e+02    322.006       7729  1027.4613  1027.4617    33.8728    33.8732    8.24995         35 0.0000e+00
     48.000     47.498    -0.8496  27.504097    -0.8489  27.504134     8.1127     8.5040    29.4058    64.2832 1.0000e-12  -74.00794 -111.73362  25.599778      99.98 3.7720e+02    323.793       7772  1027.4698  1027.4693    33.8758    33.8751    8.25626         36 0.0000e+00
     49.000     48.488    -0.8591  27.497502    -0.8636  27.493431     8.0980     8.4881    28.3136    64.3691 1.0000e-12  -74.00794 -111.73362  25.599796      99.97 3.7745e+02    325.388       7810  1027.4755  1027.4755    33.8769    33.8765    8.25828         36 0.0000e+00
     50.000     49.477    -0.8715  27.488189    -0.8660  27.491812     8.0706     8.4621    26.9917    64.8237 1.0000e-12  -74.00794 -111.73362  25.599815      99.97 3.8008e+02    326.972       7848  1027.4812  1027.4798    33.8777    33.8764    8.26097         36 0.0000e+00
     51.000     50.467    -0.8917  27.473221    -0.8847  27.478033     8.0411     8.4203    28.9419    64.8437 1.0000e-12  -74.00794 -111.73362  25.599837      99.97 3.8276e+02    328.943       7896  1027.4881  1027.4867    33.8794    33.8782    8.26529         43 0.0000e+00
     52.000     51.455    -0.9060  27.462879    -0.9035  27.464236     8.0018     8.3755    27.8618    65.1118 1.0000e-12  -74.00794 -111.73362  25.599860      99.97 3.8514e+02    330.935       7943  1027.4944  1027.4935    33.8808    33.8799    8.26835         42 0.0000e+00
     53.000     52.446    -0.9215  27.451443    -0.9171  27.454278     7.9758     8.3548    25.6935    65.8934 1.0000e-12  -74.00794 -111.73362  25.599884      99.98 3.8912e+02    333.005       7993  1027.5008  1027.4996    33.8822    33.8810    8.27170         39 0.0000e+00
     54.000     53.435    -0.9265  27.448871    -0.9222  27.451152     7.9953     8.3505    26.9707    64.6639 1.0000e-12  -74.00794 -111.73362  25.599909      99.97 3.9053e+02    335.121       8044  1027.5066  1027.5049    33.8837    33.8819    8.27271         39 0.0000e+00
     55.000     54.424    -0.9247  27.450033    -0.9216  27.451837     7.9417     8.2897    26.4885    65.9176 1.0000e-12  -74.00794 -111.73362  25.599932      99.97 3.9320e+02    337.104       8091  1027.5100  1027.5091    33.8826    33.8816    8.27237         38 0.0000e+00
     56.000     55.412    -0.9530  27.429340    -0.9537  27.428356     7.8263     8.1717    28.0128    66.6958 1.0000e-12  -74.00794 -111.73362  25.599957      99.97 3.9565e+02    339.285       8144  1027.5188  1027.5185    33.8857    33.8852    8.27842         38 0.0000e+00
     57.000     56.404    -1.0042  27.390369    -1.0073  27.388267     7.6906     8.0538    24.2956    66.9749 1.0000e-12  -74.00794 -111.73362  25.599980      99.97 3.9662e+02    341.282       8192  1027.5298  1027.5306    33.8898    33.8904    8.28948         39 0.0000e+00
     58.000     57.393    -1.0554  27.352332    -1.0505  27.355772     7.5997     7.9654    24.6770    66.9177 1.0000e-12  -74.00794 -111.73361  25.600004      99.51 3.9792e+02    343.310       8240  1027.5415  1027.5405    33.8951    33.8942    8.30049         44 0.0000e+00
     59.000     58.381    -1.0903  27.326128    -1.0889  27.327144     7.5718     7.9230    25.6719    67.8922 1.0000e-12  -74.00794 -111.73361  25.600031      99.98 3.9842e+02    345.663       8297  1027.5500  1027.5498    33.8981    33.8979    8.30804         44 0.0000e+00
     60.000     59.370    -1.0985  27.321016    -1.0969  27.321712     7.5213     7.8503    20.9198    68.4181 1.0000e-12  -74.00794 -111.73361  25.600052      99.97 3.9901e+02    347.531       8342  1027.5558  1027.5551    33.8997    33.8988    8.30976         35 0.0000e+00
     61.000     60.361    -1.1430  27.285904    -1.1448  27.285578     7.3795     7.7261    21.2285    68.4480 1.0000e-12  -74.00794 -111.73361  25.600077      99.97 3.9953e+02    349.638       8392  1027.5642  1027.5656    33.9014    33.9029    8.31955         40 0.0000e+00
