ocean_section_plots/required_files/ctd/dnbp2202_ctd198.cnv
* Sea-Bird SBE 9 Data File:
* FileName = D:\Data\raw\NBP2202_CTD198.hex
* Software Version Seasave V 7.26.7.121
* Temperature SN = 1649
* Conductivity SN = 2513
* Number of Bytes Per Scan = 40
* Number of Voltage Words = 5
* Number of Scans Averaged by the Deck Unit = 1
* NMEA Latitude = 73 55.66 S
* NMEA Longitude = 113 14.60 W
* NMEA UTC (Time) = Feb 08 2022  15:22:25
* NMEA baud rate = 9600
** Ship: RVIB N.B. Palmer
** Cruise: NBP2202 Thwaites
** Station: 117
** Operator: A. Robinson
# nquan = 28
# nvalues = 391                         
# units = specified
# name 0 = prDM: Pressure, Digiquartz [db]
# name 1 = depSM: Depth [salt water, m]
# name 2 = t090C: Temperature [ITS-90, deg C]
# name 3 = c0mS/cm: Conductivity [mS/cm]
# name 4 = t190C: Temperature, 2 [ITS-90, deg C]
# name 5 = c1mS/cm: Conductivity, 2 [mS/cm]
# name 6 = sbeox0ML/L: Oxygen, SBE 43 [ml/l]
# name 7 = sbeox1ML/L: Oxygen, SBE 43, 2 [ml/l]
# name 8 = flECO-AFL: Fluorescence, WET Labs ECO-AFL/FL [mg/m^3]
# name 9 = CStarTr0: Beam Transmission, WET Labs C-Star [%]
# name 10 = par: PAR/Irradiance, Biospherical/Licor
# name 11 = latitude: Latitude [deg]
# name 12 = longitude: Longitude [deg]
# name 13 = timeJ: Julian Days
# name 14 = altM: Altimeter [m]
# name 15 = spar: SPAR, Biospherical/Licor
# name 16 = timeS: Time, Elapsed [seconds]
# name 17 = scan: Scan Count
# name 18 = density00: Density [density, kg/m^3]
# name 19 = density11: Density, 2 [density, kg/m^3]
# name 20 = v3: Voltage 3
# name 21 = v4: Voltage 4
# name 22 = v5: Voltage 5
# name 23 = sal00: Salinity, Practical [PSU]
# name 24 = sal11: Salinity, Practical, 2 [PSU]
# name 25 = oxsolML/L: Oxygen Saturation, Garcia & Gordon [ml/l]
# name 26 = nbin: number of scans per bin
# name 27 = flag: flag
# span 0 =      3.000,    393.000       
# span 1 =      2.969,    388.546       
# span 2 =    -1.5757,    -0.1169       
# span 3 =  26.976476,  28.599083       
# span 4 =    -1.5746,    -0.1136       
# span 5 =  26.976666,  28.599912       
# span 6 =     4.8109,     8.9369       
# span 7 =     4.9617,     9.2723       
# span 8 =    -0.0179,    25.6861       
# span 9 =    75.8252,    98.6460       
# span 10 = 1.0000e-12, 5.3254e+01      
# span 11 =  -73.92774,  -73.92766      
# span 12 = -113.24321, -113.24036      
# span 13 =  39.643262,  39.650137      
# span 14 =       3.37,     100.24      
# span 15 = 1.6871e+02, 1.9964e+02      
# span 16 =    232.832,    826.816      
# span 17 =       5589,      19845      
# span 18 =  1027.1590,  1029.4250      
# span 19 =  1027.1583,  1029.4228      
# span 20 =     3.5975,     4.6796      
# span 21 =     0.0636,     3.8542      
# span 22 =     0.1122,     0.2491      
# span 23 =    33.7584,    34.3128      
# span 24 =    33.7570,    34.3101      
# span 25 =    8.07343,    8.41469      
# span 26 =          7,         48      
# span 27 = 0.0000e+00, 0.0000e+00      
# interval = decibars: 1                
# start_time = Feb 08 2022 15:22:25 [NMEA time, header]
# bad_flag = -9.990e-29
*END*
[from data line 104]
    107.000    105.866    -1.5125  27.020435    -1.5118  27.020464     6.5624     6.7769     2.2362    94.5013 1.0000e-12  -73.92770 -113.24145  39.645233      99.87 1.9386e+02    403.153       9677  1027.8176  1027.8170     4.4832     0.3992     0.1383    33.9268    33.9260    8.40083         30 0.0000e+00
    108.000    106.856    -1.5253  27.010859    -1.5252  27.010490     6.5825     6.7887     2.1502    94.7190 1.0000e-12  -73.92770 -113.24144  39.645247      99.87 1.9292e+02    404.345       9705  1027.8234  1027.8229     4.4932     0.3895     0.1456    33.9274    33.9269    8.40367         28 0.0000e+00
    109.000    107.845    -1.5389  27.000657    -1.5378  27.001229     6.5935     6.8063     1.8156    94.3573 1.0000e-12  -73.92770 -113.24141  39.645261      99.88 1.9331e+02    405.539       9734  1027.8293  1027.8289     4.4762     0.3842     0.1363    33.9282    33.9278    8.40671         29 0.0000e+00
    110.000    108.833    -1.5461  26.995631    -1.5465  26.995330     6.6033     6.8272     2.7615    94.0785 1.0000e-12  -73.92770 -113.24139  39.645276      99.75 1.9435e+02    406.803       9764  1027.8347  1027.8347     4.4630     0.3468     0.1373    33.9288    33.9288    8.40830         32 0.0000e+00
    111.000    109.823    -1.5661  26.981201    -1.5657  26.981428     6.6041     6.8361     2.0143    94.6717 1.0000e-12  -73.92770 -113.24136  39.645291      99.88 1.9310e+02    408.103       9795  1027.8421  1027.8419     4.4911     0.3793     0.1321    33.9311    33.9309    8.41270         30 0.0000e+00
    112.000    110.813    -1.5728  26.977111    -1.5720  26.977213     6.6031     6.8396     1.8656    95.0672 1.0000e-12  -73.92770 -113.24134  39.645305      99.89 1.9374e+02    409.341       9825  1027.8481  1027.8474     4.5099     0.2990     0.1357    33.9324    33.9316    8.41414         29 0.0000e+00
    113.000    111.801    -1.5746  26.976476    -1.5737  26.976666     6.5874     6.8249     2.1766    95.4640 1.0000e-12  -73.92768 -113.24131  39.645319      99.88 1.9519e+02    410.527       9854  1027.8531  1027.8524     4.5287     0.3547     0.1424    33.9329    33.9321    8.41451         28 0.0000e+00
    114.000    112.790    -1.5757  26.976882    -1.5746  26.977144     6.5512     6.7953     1.7862    95.2187 1.0000e-12  -73.92768 -113.24129  39.645333      99.85 1.9376e+02    411.741       9883  1027.8586  1027.8579     4.5170     0.4613     0.1331    33.9341    33.9332    8.41469         31 0.0000e+00
    115.000    113.779    -1.5612  26.991438    -1.5591  26.991777     6.4832     6.7298     2.1553    95.1322 1.0000e-12  -73.92768 -113.24127  39.645348      99.88 1.9465e+02    413.029       9914  1027.8648  1027.8631     4.5130     0.3414     0.1316    33.9371    33.9351    8.41123         31 0.0000e+00
    116.000    114.769    -1.5493  27.003001    -1.5473  27.003672     6.3932     6.6473     1.7692    95.1457 1.0000e-12  -73.92768 -113.24124  39.645363      99.86 1.9541e+02    414.349       9945  1027.8702  1027.8689     4.5137     0.4107     0.1347    33.9390    33.9375    8.40843         31 0.0000e+00
    117.000    115.757    -1.5181  27.032421    -1.5164  27.032507     6.3493     6.6030     1.6639    95.1298 1.0000e-12  -73.92768 -113.24121  39.645377      99.88 1.9422e+02    415.595       9975  1027.8767  1027.8752     4.5129     0.3356     0.1248    33.9434    33.9416    8.40109         30 0.0000e+00
    118.000    116.747    -1.5103  27.039922    -1.5093  27.039848     6.3106     6.5645     1.5065    95.5870 1.0000e-12  -73.92768 -113.24120  39.645391      99.89 1.9535e+02    416.794      10004  1027.8818  1027.8808     4.5345     0.3152     0.1238    33.9443    33.9430    8.39928         28 0.0000e+00
    119.000    117.736    -1.5036  27.046746    -1.5024  27.046662     6.2694     6.5135     1.3322    95.3602 1.0000e-12  -73.92768 -113.24119  39.645406      99.88 1.9551e+02    418.040      10034  1027.8873  1027.8861     4.5238     0.3742     0.1309    33.9455    33.9440    8.39771         31 0.0000e+00
    120.000    118.725    -1.4862  27.065129    -1.4848  27.065042     6.2438     6.4924     1.6916    95.7535 1.0000e-12  -73.92768 -113.24116  39.645420      96.78 1.9426e+02    419.328      10065  1027.8952  1027.8938     4.5424     0.3544     0.1292    33.9504    33.9487    8.39348         31 0.0000e+00
    121.000    119.713    -1.4809  27.071409    -1.4803  27.071103     6.2506     6.4864     1.6956    95.7727 1.0000e-12  -73.92768 -113.24113  39.645435      99.91 1.9518e+02    420.569      10095  1027.9015  1027.9006     4.5434     0.2826     0.1282    33.9524    33.9513    8.39216         28 0.0000e+00
    122.000    120.703    -1.4821  27.071741    -1.4814  27.071508     6.2576     6.4872     1.4428    96.5016 1.0000e-12  -73.92768 -113.24112  39.645448      99.89 1.9602e+02    421.721      10122  1027.9075  1027.9066     4.5780     0.2933     0.1262    33.9536    33.9525    8.39236         27 0.0000e+00
    123.000    121.692    -1.4825  27.073282    -1.4818  27.073120     6.2656     6.4995     1.2954    96.8552 1.0000e-12  -73.92768 -113.24111  39.645461      99.89 1.9492e+02    422.863      10150  1027.9141  1027.9132     4.5945     0.2796     0.1281    33.9556    33.9546    8.39234         28 0.0000e+00
    124.000    122.681    -1.4841  27.073572    -1.4832  27.073419     6.2791     6.5073     0.9619    96.3357 1.0000e-12  -73.92768 -113.24110  39.645475      99.90 1.9474e+02    424.081      10179  1027.9204  1027.9193     4.5700     0.2252     0.1257    33.9572    33.9560    8.39260         30 0.0000e+00
    125.000    123.671    -1.4847  27.073887    -1.4843  27.073600     6.2809     6.5082     0.6425    96.7976 1.0000e-12  -73.92768 -113.24108  39.645490      99.90 1.9576e+02    425.342      10209  1027.9257  1027.9250     4.5920     0.2205     0.1288    33.9577    33.9568    8.39271         30 0.0000e+00
    126.000    124.658    -1.4859  27.073699    -1.4853  27.073546     6.2944     6.5212     0.6783    96.6488 1.0000e-12  -73.92768 -113.24105  39.645504      99.90 1.9536e+02    426.531      10238  1027.9311  1027.9303     4.5849     0.2044     0.1288    33.9582    33.9573    8.39296         28 0.0000e+00
    127.000    125.649    -1.4869  27.074300    -1.4863  27.074164     6.3081     6.5261     0.7212    96.6672 1.0000e-12  -73.92768 -113.24104  39.645517      99.90 1.9462e+02    427.671      10265  1027.9370  1027.9363     4.5857     0.1711     0.1271    33.9595    33.9586    8.39309         28 0.0000e+00
    128.000    126.638    -1.4891  27.074788    -1.4884  27.074693     6.3146     6.5258     0.5842    97.0296 1.0000e-12  -73.92768 -113.24103  39.645531      99.90 1.9605e+02    428.845      10293  1027.9441  1027.9433     4.6030     0.1721     0.1238    33.9621    33.9611    8.39345         28 0.0000e+00
    129.000    127.627    -1.4893  27.076013    -1.4886  27.075832     6.2997     6.5187     0.5046    96.8233 1.0000e-12  -73.92768 -113.24102  39.645545      99.90 1.9556e+02    430.067      10323  1027.9499  1027.9491     4.5935     0.2044     0.1231    33.9633    33.9623    8.39340         30 0.0000e+00
    130.000    128.615    -1.4878  27.078058    -1.4869  27.078229     6.2658     6.4938     0.5320    97.3903 1.0000e-12  -73.92768 -113.24100  39.645559      99.90 1.9544e+02    431.299      10352  1027.9551  1027.9544     4.6198     0.1771     0.1238    33.9638    33.9630    8.39304         29 0.0000e+00
    131.000    129.605    -1.4808  27.087150    -1.4793  27.087660     6.2516     6.4788     0.7617    97.2448 1.0000e-12  -73.92768 -113.24099  39.645573      97.83 1.9647e+02    432.500      10381  1027.9627  1027.9618     4.6131     0.1708     0.1219    33.9678    33.9668    8.39123         29 0.0000e+00
    132.000    130.593    -1.4752  27.094654    -1.4743  27.094670     6.2326     6.4607     0.4090    97.3930 1.0000e-12  -73.92768 -113.24098  39.645586      99.86 1.9589e+02    433.645      10408  1027.9699  1027.9691     4.6202     0.2076     0.1268    33.9711    33.9702    8.38976         27 0.0000e+00
    133.000    131.584    -1.4743  27.097841    -1.4736  27.097561     6.2148     6.4334     0.3829    97.6473 1.0000e-12  -73.92768 -113.24097  39.645599      99.91 1.9426e+02    434.782      10436  1027.9770  1027.9760     4.6323     0.1325     0.1204    33.9739    33.9727    8.38940         27 0.0000e+00
    134.000    132.571    -1.4700  27.103649    -1.4687  27.103934     6.1746     6.4038     0.4056    97.8083 1.0000e-12  -73.92768 -113.24096  39.645613      99.91 1.9616e+02    435.984      10465  1027.9836  1027.9826     4.6399     0.1696     0.1209    33.9764    33.9752    8.38828         30 0.0000e+00
    135.000    133.561    -1.4631  27.111362    -1.4618  27.111494     6.1576     6.3816     0.4987    97.8265 1.0000e-12  -73.92770 -113.24094  39.645628      99.91 1.9598e+02    437.217      10494  1027.9898  1027.9887     4.6407     0.1274     0.1244    33.9785    33.9773    8.38660         29 0.0000e+00
    136.000    134.549    -1.4553  27.120098    -1.4545  27.119877     6.1498     6.3799     0.3638    97.8354 1.0000e-12  -73.92770 -113.24094  39.645641      99.91 1.9403e+02    438.405      10523  1027.9963  1027.9952     4.6412     0.1297     0.1213    33.9811    33.9798    8.38469         28 0.0000e+00
    137.000    135.540    -1.4546  27.121298    -1.4538  27.121062     6.1575     6.3785     0.2578    97.9029 1.0000e-12  -73.92770 -113.24092  39.645654      99.92 1.9600e+02    439.537      10550  1028.0013  1028.0002     4.6443     0.1069     0.1208    33.9813    33.9800    8.38451         27 0.0000e+00
    138.000    136.528    -1.4542  27.122609    -1.4534  27.122442     6.1699     6.3831     0.3527    98.0431 1.0000e-12  -73.92770 -113.24091  39.645667      99.91 1.9656e+02    440.642      10576  1028.0068  1028.0058     4.6511     0.1134     0.1194    33.9820    33.9809    8.38438         26 0.0000e+00
    139.000    137.517    -1.4532  27.124950    -1.4524  27.124891     6.2016     6.4212     0.7625    98.0492 1.0000e-12  -73.92770 -113.24090  39.645680      99.91 1.9495e+02    441.788      10604  1028.0128  1028.0119     4.6513     0.1084     0.1205    33.9836    33.9825    8.38407         29 0.0000e+00
    140.000    138.506    -1.4604  27.123399    -1.4603  27.122716     6.2467     6.4611     0.4569    97.7145 1.0000e-12  -73.92770 -113.24090  39.645695      99.92 1.9607e+02    443.033      10634  1028.0224  1028.0216     4.6355     0.1047     0.1245    33.9889    33.9878    8.38536         31 0.0000e+00
    141.000    139.494    -1.4711  27.116859    -1.4712  27.116137     6.2643     6.4790     0.2103    98.1150 1.0000e-12  -73.92770 -113.24090  39.645710      99.54 1.9611e+02    444.306      10664  1028.0301  1028.0293     4.6545     0.1077     0.1224    33.9915    33.9905    8.38763         29 0.0000e+00
    142.000    140.483    -1.4761  27.113875    -1.4753  27.113732     6.2785     6.4880     0.3620    98.0340 1.0000e-12  -73.92770 -113.24088  39.645723      90.62 1.9540e+02    445.486      10693  1028.0359  1028.0349     4.6506     0.0963     0.1228    33.9924    33.9913    8.38869         27 0.0000e+00
    143.000    141.472    -1.4775  27.113335    -1.4765  27.113207     6.2772     6.4891     0.2199    98.1857 1.0000e-12  -73.92770 -113.24087  39.645736      99.97 1.9517e+02    446.611      10720  1028.0409  1028.0399     4.6578     0.1095     0.1182    33.9926    33.9914    8.38900         28 0.0000e+00
    144.000    142.462    -1.4782  27.113358    -1.4773  27.113150     6.2781     6.4983     0.1918    98.1465 1.0000e-12  -73.92770 -113.24086  39.645750      99.91 1.9711e+02    447.792      10748  1028.0459  1028.0448     4.6559     0.1388     0.1200    33.9928    33.9915    8.38914         30 0.0000e+00
    145.000    143.451    -1.4785  27.113762    -1.4777  27.113529     6.2741     6.4936     0.2406    98.1786 1.0000e-12  -73.92770 -113.24085  39.645765      99.92 1.9532e+02    449.067      10779  1028.0509  1028.0499     4.6574     0.1133     0.1212    33.9931    33.9919    8.38919         30 0.0000e+00
    146.000    144.439    -1.4790  27.113911    -1.4783  27.113564     6.2611     6.4827     0.4012    98.0843 1.0000e-12  -73.92770 -113.24084  39.645779      99.91 1.9511e+02    450.286      10808  1028.0558  1028.0548     4.6530     0.0933     0.1192    33.9933    33.9919    8.38930         28 0.0000e+00
    147.000    145.428    -1.4780  27.115406    -1.4769  27.115374     6.2577     6.4751     0.3963    98.1837 1.0000e-12  -73.92770 -113.24084  39.645792      99.91 1.9759e+02    451.402      10835  1028.0608  1028.0597     4.6577     0.1121     0.1211    33.9936    33.9923    8.38905         26 0.0000e+00
    148.000    146.417    -1.4743  27.119307    -1.4733  27.119214     6.2474     6.4726     0.5792    98.2514 1.0000e-12  -73.92770 -113.24082  39.645804      99.92 1.9670e+02    452.478      10860  1028.0658  1028.0647     4.6609     0.0953     0.1180    33.9941    33.9928    8.38819         26 0.0000e+00
    149.000    147.408    -1.4728  27.121143    -1.4719  27.120982     6.2457     6.4634     0.2407    98.2465 1.0000e-12  -73.92770 -113.24081  39.645817      99.92 1.9358e+02    453.584      10887  1028.0706  1028.0696     4.6607     0.0939     0.1205    33.9943    33.9930    8.38783         25 0.0000e+00
    150.000    148.395    -1.4727  27.121719    -1.4717  27.121618     6.2712     6.4846     0.2504    98.3071 1.0000e-12  -73.92770 -113.24080  39.645830      99.91 1.9813e+02    454.718      10914  1028.0755  1028.0744     4.6635     0.0938     0.1208    33.9944    33.9930    8.38782         27 0.0000e+00
    151.000    149.385    -1.4742  27.121442    -1.4735  27.121215     6.2760     6.4895     0.2390    98.2355 1.0000e-12  -73.92770 -113.24079  39.645843      99.91 1.9644e+02    455.853      10941  1028.0809  1028.0800     4.6601     0.1010     0.1205    33.9950    33.9939    8.38811         28 0.0000e+00
    152.000    150.373    -1.4781  27.120681    -1.4770  27.120647     6.2640     6.4841     0.3139    98.2444 1.0000e-12  -73.92770 -113.24078  39.645856      99.92 1.9483e+02    456.998      10969  1028.0882  1028.0871     4.6605     0.1155     0.1193    33.9978    33.9965    8.38882         28 0.0000e+00
    153.000    151.363    -1.4747  27.125277    -1.4732  27.125456     6.2557     6.4793     0.2765    98.1359 1.0000e-12  -73.92770 -113.24078  39.645870      94.93 1.9749e+02    458.179      10997  1028.0943  1028.0930     4.6554     0.0917     0.1181    33.9997    33.9982    8.38795         28 0.0000e+00
    154.000    152.351    -1.4699  27.130407    -1.4688  27.130415     6.2422     6.4713     0.2480    98.2097 1.0000e-12  -73.92770 -113.24074  39.645884      98.51 1.9776e+02    459.370      11026  1028.0996  1028.0985     4.6589     0.0996     0.1195    34.0006    33.9994    8.38680         28 0.0000e+00
    155.000    153.340    -1.4659  27.135313    -1.4647  27.135187     6.2324     6.4509     0.2355    98.2248 1.0000e-12  -73.92771 -113.24074  39.645897      99.94 1.9552e+02    460.516      11053  1028.1055  1028.1041     4.6597     0.0996     0.1186    34.0023    34.0007    8.38582         27 0.0000e+00
    156.000    154.330    -1.4615  27.140438    -1.4601  27.140674     6.2260     6.4435     0.1569    98.1279 1.0000e-12  -73.92771 -113.24073  39.645911      99.91 1.9838e+02    461.687      11081  1028.1112  1028.1101     4.6550     0.0956     0.1199    34.0037    34.0024    8.38474         30 0.0000e+00
    157.000    155.318    -1.4570  27.145826    -1.4557  27.145922     6.2170     6.4386     0.5865    98.1773 1.0000e-12  -73.92771 -113.24072  39.645925      99.91 1.9830e+02    462.957      11112  1028.1171  1028.1160     4.6574     0.1096     0.1176    34.0053    34.0040    8.38362         31 0.0000e+00
