ocean_section_plots/required_files/ctd/dnbp2202_ctd243.cnv
* Sea-Bird SBE 9 Data File:
* FileName = D:\Data\raw\NBP2202_CTD243.hex
* Software Version Seasave V 7.26.7.121
* Temperature SN = 1649
* Conductivity SN = 2513
* Number of Bytes Per Scan = 40
* Number of Voltage Words = 5
* Number of Scans Averaged by the Deck Unit = 1
* NMEA Latitude = 73 55.32 S
* NMEA Longitude = 118 50.27 W
* NMEA UTC (Time) = Feb 15 2022  00:35:58
* NMEA baud rate = 9600
** Ship: RVIB N.B. Palmer
** Cruise: NBP2202 Thwaites
** Station: 153
** Operator: A. Robinson
# nquan = 28
# nvalues = 596                         
# units = specified
# name 0 = prDM: Pressure, Digiquartz [db]
# name 1 = depSM: Depth [salt water, m]
# name 2 = t090C: Temperature [ITS-90, deg C]
# name 3 = c0mS/cm: Conductivity [mS/cm]
# name 4 = t190C: Temperature, 2 [ITS-90, deg C]
# name 5 = c1mS/cm: Conductivity, 2 [mS/cm]
# name 6 = sbeox0ML/L: Oxygen, SBE 43 [ml/l]
# name 7 = sbeox1ML/L: Oxygen, SBE 43, 2 [ml/l]
# name 8 = flECO-AFL: Fluorescence, WET Labs ECO-AFL/FL [mg/m^3]
# name 9 = CStarTr0: Beam Transmission, WET Labs C-Star [%]
# name 10 = par: PAR/Irradiance, Biospherical/Licor
# name 11 = latitude: Latitude [deg]
# name 12 = longitude: Longitude [deg]
# name 13 = timeJ: Julian Days
# name 14 = altM: Altimeter [m]
# name 15 = spar: SPAR, Biospherical/Licor
# name 16 = timeS: Time, Elapsed [seconds]
# name 17 = scan: Scan Count
# name 18 = density00: Density [density, kg/m^3]
# name 19 = density11: Density, 2 [density, kg/m^3]
# name 20 = v3: Voltage 3
# name 21 = v4: Voltage 4
# name 22 = v5: Voltage 5
# name 23 = sal00: Salinity, Practical [PSU]
# name 24 = sal11: Salinity, Practical, 2 [PSU]
# name 25 = oxsolML/L: Oxygen Saturation, Garcia & Gordon [ml/l]
# name 26 = nbin: number of scans per bin
# name 27 = flag: flag
# span 0 =      2.000,    597.000       
# span 1 =      1.983,    589.977       
# span 2 =    -1.7239,     0.2729       
# span 3 =  26.973266,  29.138703       
# span 4 =    -1.7238,     0.2733       
# span 5 =  26.973728,  29.137261       
# span 6 =     4.6649,     9.2351       
# span 7 =     5.0211,     9.6170       
# span 8 =    -0.0225,    11.7152       
# span 9 =    85.9700,    97.2246       
# span 10 = -1.210e-06, 1.6473e+02      
# span 11 =  -73.92216,  -73.92216      
# span 12 = -118.83795, -118.83792      
# span 13 =  46.027635,  46.037755      
# span 14 =       3.70,     100.41      
# span 15 = 4.2099e+02, 4.5996e+02      
# span 16 =    229.690,   1104.029      
# span 17 =       5514,      26498      
# span 18 =  1027.1480,  1030.4855      
# span 19 =  1027.1486,  1030.4836      
# span 20 =     4.0785,     4.6122      
# span 21 =     0.0636,     2.2915      
# span 22 =     0.1130,     0.2107      
# span 23 =    33.7824,    34.4681      
# span 24 =    33.7831,    34.4658      
# span 25 =    7.98312,    8.44236      
# span 26 =         22,         51      
# span 27 = 0.0000e+00, 0.0000e+00      
# interval = decibars: 1                
# start_time = Feb 15 2022 00:35:58 [NMEA time, header]
# bad_flag = -9.990e-29
*END*
[from data line 467]
    469.000    463.627    -0.4640  28.315812    -0.4625  28.315564     5.2771     5.4592    -0.0116    97.1316 1.0000e-12  -73.92216 -118.83794  46.034463      99.90 4.2906e+02    819.578      19671  1029.7785  1029.7768     4.6078     0.0706     0.1168    34.2798    34.2777    8.14924         27 0.0000e+00
    470.000    464.613    -0.4623  28.317876    -0.4589  28.319485     5.3369     5.4540    -0.0064    97.1453 1.0000e-12  -73.92216 -118.83794  46.034476      99.90 4.3149e+02    820.752      19699  1029.7834  1029.7818     4.6084     0.0687     0.1151    34.2800    34.2784    8.14885         29 0.0000e+00
    471.000    465.603    -0.4611  28.319481    -0.4575  28.321371     5.0818     5.4522    -0.0126    97.1435 1.0000e-12  -73.92216 -118.83794  46.034491      83.28 4.3421e+02    821.983      19729  1029.7883  1029.7868     4.6084     0.0684     0.1158    34.2802    34.2786    8.14858         29 0.0000e+00
    472.000    466.587    -0.4578  28.323254    -0.4559  28.323364     5.7831     5.4507    -0.0062    97.1342 1.0000e-12  -73.92216 -118.83794  46.034504      95.37 4.2863e+02    823.124      19756  1029.7935  1029.7918     4.6079     0.0695     0.1161    34.2810    34.2790    8.14784         26 0.0000e+00
    473.000    467.576    -0.4483  28.333574    -0.4472  28.332421     5.1968     5.4217    -0.0203    97.1287 1.0000e-12  -73.92216 -118.83794  46.034516      99.93 4.3055e+02    824.214      19782  1029.7995  1029.7972     4.6077     0.0696     0.1183    34.2835    34.2806    8.14565         27 0.0000e+00
    474.000    468.564    -0.4291  28.353440    -0.4268  28.352839     5.2729     5.3911    -0.0083    97.1284 1.0000e-12  -73.92216 -118.83794  46.034529      99.90 4.3434e+02    825.311      19808  1029.8062  1029.8033     4.6076     0.0711     0.1188    34.2878    34.2845    8.14128         26 0.0000e+00
    475.000    469.551    -0.3758  28.407301    -0.3712  28.408753     5.1967     5.3798    -0.0066    97.1372 1.0000e-12  -73.92216 -118.83794  46.034541      99.90 4.2905e+02    826.383      19834  1029.8157  1029.8127     4.6081     0.0701     0.1186    34.2993    34.2960    8.12922         26 0.0000e+00
    476.000    470.538    -0.3631  28.419382    -0.3607  28.419769     5.0470     5.3763    -0.0138    97.1392 1.0000e-12  -73.92216 -118.83794  46.034554      99.91 4.3026e+02    827.488      19861  1029.8207  1029.8188     4.6082     0.0699     0.1196    34.3005    34.2983    8.12643         27 0.0000e+00
    477.000    471.526    -0.3611  28.421652    -0.3598  28.421024     5.3007     5.3726    -0.0071    97.1434 1.0000e-12  -73.92216 -118.83794  46.034568      99.91 4.3614e+02    828.700      19890  1029.8257  1029.8239     4.6084     0.0696     0.1165    34.3007    34.2984    8.12599         30 0.0000e+00
    478.000    472.513    -0.3601  28.423148    -0.3579  28.423446     5.1231     5.3640    -0.0063    97.1306 1.0000e-12  -73.92216 -118.83794  46.034582      99.90 4.2933e+02    829.880      19918  1029.8310  1029.8291     4.6078     0.0701     0.1148    34.3010    34.2989    8.12577         27 0.0000e+00
    479.000    473.500    -0.3553  28.428410    -0.3524  28.429175     4.9453     5.3486    -0.0071    97.1294 1.0000e-12  -73.92216 -118.83794  46.034595      99.91 4.3042e+02    830.986      19945  1029.8363  1029.8343     4.6077     0.0716     0.1177    34.3020    34.2997    8.12468         26 0.0000e+00
    480.000    474.488    -0.3445  28.439626    -0.3244  28.457267     5.2105     5.3455    -0.0129    97.1152 1.0000e-12  -73.92216 -118.83794  46.034608      99.91 4.3551e+02    832.108      19972  1029.8422  1029.8413     4.6070     0.0702     0.1160    34.3042    34.3052    8.12225         28 0.0000e+00
    481.000    475.475    -0.3307  28.454638    -0.3181  28.464283     6.6912     5.3356    -0.0063    97.1362 1.0000e-12  -73.92216 -118.83794  46.034621      99.91 4.3064e+02    833.224      19998  1029.8490  1029.8471     4.6081     0.0695     0.1175    34.3081    34.3069    8.11908         26 0.0000e+00
    482.000    476.463    -0.3005  28.484092    -0.3048  28.478062     4.8503     5.3331    -0.0066    97.1288 1.0000e-12  -73.92216 -118.83794  46.034633      99.90 4.3002e+02    834.327      20025  1029.8553  1029.8532     4.6076     0.0700     0.1183    34.3130    34.3097    8.11238         27 0.0000e+00
    483.000    477.450    -0.3023  28.483894    -0.3003  28.483216     4.8567     5.3302    -0.0126    97.1134 1.0000e-12  -73.92216 -118.83794  46.034647      84.96 4.3545e+02    835.463      20052  1029.8615  1029.8588     4.6069     0.0697     0.1172    34.3141    34.3109    8.11270         27 0.0000e+00
    484.000    478.437    -0.2985  28.486542    -0.3003  28.483775     5.1325     5.3402    -0.0077    97.1202 1.0000e-12  -73.92216 -118.83794  46.034660      97.01 4.3145e+02    836.583      20079  1029.8651  1029.8639     4.6072     0.0694     0.1202    34.3128    34.3110    8.11196         27 0.0000e+00
    485.000    479.425    -0.3117  28.474628    -0.3098  28.474180     5.1664     5.3311    -0.0138    97.1147 1.0000e-12  -73.92216 -118.83794  46.034672      99.89 4.2952e+02    837.661      20105  1029.8698  1029.8675     4.6069     0.0697     0.1194    34.3111    34.3083    8.11486         25 0.0000e+00
    486.000    480.412    -0.3033  28.483548    -0.3019  28.482430     5.1617     5.3282    -0.0136    97.1106 1.0000e-12  -73.92216 -118.83794  46.034685      99.91 4.3545e+02    838.753      20131  1029.8755  1029.8730     4.6068     0.0705     0.1196    34.3129    34.3099    8.11296         27 0.0000e+00
    487.000    481.399    -0.2987  28.488023    -0.2955  28.489492     5.1748     5.3353    -0.0063    97.1056 1.0000e-12  -73.92216 -118.83794  46.034697      99.90 4.3096e+02    839.853      20157  1029.8801  1029.8787     4.6065     0.0703     0.1190    34.3131    34.3116    8.11197         26 0.0000e+00
    488.000    482.387    -0.2975  28.489648    -0.2980  28.487257     5.1746     5.3252    -0.0063    97.0930 1.0000e-12  -73.92216 -118.83794  46.034710      99.91 4.2795e+02    840.920      20183  1029.8851  1029.8831     4.6060     0.0699     0.1175    34.3134    34.3107    8.11171         26 0.0000e+00
    489.000    483.373    -0.3014  28.486320    -0.3027  28.482977     5.1725     5.3268    -0.0090    97.0934 1.0000e-12  -73.92216 -118.83794  46.034723      99.91 4.3383e+02    842.035      20210  1029.8898  1029.8876     4.6059     0.0699     0.1194    34.3127    34.3097    8.11257         27 0.0000e+00
    490.000    484.362    -0.3031  28.483908    -0.2901  28.495780     5.1777     5.3363    -0.0206    97.1136 1.0000e-12  -73.92216 -118.83794  46.034736      99.90 4.3307e+02    843.175      20237  1029.8933  1029.8932     4.6069     0.0713     0.1168    34.3108    34.3121    8.11304         27 0.0000e+00
    491.000    485.348    -0.3127  28.475381    -0.3094  28.477011     5.1876     5.3413    -0.0142    97.0955 1.0000e-12  -73.92216 -118.83794  46.034749      99.90 4.2834e+02    844.285      20264  1029.8979  1029.8965     4.6060     0.0701     0.1178    34.3096    34.3080    8.11515         27 0.0000e+00
    492.000    486.337    -0.3197  28.468637    -0.3179  28.468794     5.1706     5.3298    -0.0136    97.0996 1.0000e-12  -73.92216 -118.83794  46.034761      99.91 4.3348e+02    845.385      20290  1029.9020  1029.9005     4.6062     0.0701     0.1172    34.3079    34.3062    8.11675         26 0.0000e+00
    493.000    487.322    -0.3127  28.477548    -0.3070  28.480402     5.1560     5.3260    -0.0144    97.0907 1.0000e-12  -73.92216 -118.83794  46.034774      99.91 4.3346e+02    846.486      20317  1029.9088  1029.9063     4.6059     0.0703     0.1187    34.3113    34.3088    8.11506         26 0.0000e+00
    494.000    488.311    -0.2915  28.498131    -0.2892  28.498642     5.1552     5.3148    -0.0115    97.1094 1.0000e-12  -73.92216 -118.83794  46.034786      90.42 4.2758e+02    847.534      20342  1029.9141  1029.9125     4.6067     0.0695     0.1166    34.3143    34.3124    8.11037         25 0.0000e+00
    495.000    489.298    -0.2909  28.499314    -0.2886  28.499665     5.1579     5.3100    -0.0008    97.1106 1.0000e-12  -73.92216 -118.83794  46.034799      77.34 4.3165e+02    848.609      20368  1029.9192  1029.9174     4.6068     0.0700     0.1172    34.3147    34.3125    8.11022         27 0.0000e+00
    496.000    490.285    -0.2837  28.507574    -0.2820  28.506984     5.1525     5.3013    -0.0157    97.1033 1.0000e-12  -73.92216 -118.83794  46.034812      95.03 4.3403e+02    849.765      20395  1029.9252  1029.9230     4.6064     0.0694     0.1177    34.3169    34.3143    8.10856         28 0.0000e+00
    497.000    491.273    -0.2800  28.511512    -0.2763  28.513353     5.1523     5.3041    -0.0170    97.1107 1.0000e-12  -73.92216 -118.83794  46.034825      99.41 4.2822e+02    850.922      20423  1029.9302  1029.9285     4.6067     0.0698     0.1184    34.3175    34.3157    8.10775         27 0.0000e+00
    498.000    492.259    -0.2693  28.523156    -0.2684  28.521910     5.1392     5.2976    -0.0036    97.1068 1.0000e-12  -73.92216 -118.83794  46.034838      99.17 4.3290e+02    852.045      20450  1029.9364  1029.9342     4.6066     0.0706     0.1190    34.3204    34.3177    8.10531         27 0.0000e+00
    499.000    493.247    -0.2666  28.526199    -0.2657  28.525133     5.1330     5.2974     0.0008    97.1013 1.0000e-12  -73.92216 -118.83794  46.034851      98.79 4.3325e+02    853.128      20476  1029.9413  1029.9393     4.6063     0.0706     0.1179    34.3208    34.3183    8.10471         25 0.0000e+00
    500.000    494.235    -0.2596  28.534419    -0.2588  28.532632     5.1310     5.2936    -0.0074    97.1054 1.0000e-12  -73.92216 -118.83794  46.034863      98.63 4.2783e+02    854.164      20501  1029.9475  1029.9449     4.6065     0.0703     0.1199    34.3233    34.3200    8.10307         25 0.0000e+00
    501.000    495.222    -0.2544  28.539786    -0.2477  28.544519     5.1255     5.2908    -0.0109    97.1105 1.0000e-12  -73.92216 -118.83794  46.034875      98.27 4.2964e+02    855.199      20526  1029.9524  1029.9510     4.6067     0.0701     0.1198    34.3239    34.3228    8.10192         25 0.0000e+00
    502.000    496.209    -0.2510  28.543665    -0.2458  28.547014     5.1208     5.2785    -0.0079    97.1033 1.0000e-12  -73.92216 -118.83794  46.034888      97.33 4.3312e+02    856.317      20553  1029.9577  1029.9562     4.6064     0.0707     0.1177    34.3248    34.3234    8.10117         28 0.0000e+00
    503.000    497.197    -0.2387  28.557388    -0.2299  28.563612     5.1174     5.2737    -0.0123    97.0953 1.0000e-12  -73.92216 -118.83794  46.034901      96.66 4.2823e+02    857.464      20580  1029.9645  1029.9625     4.6060     0.0698     0.1204    34.3286    34.3270    8.09834         27 0.0000e+00
    504.000    498.183    -0.2270  28.569338    -0.2257  28.568435     5.1170     5.2719    -0.0066    97.0857 1.0000e-12  -73.92216 -118.83794  46.034914      95.61 4.2950e+02    858.594      20607  1029.9700  1029.9680     4.6056     0.0715     0.1172    34.3307    34.3281    8.09572         27 0.0000e+00
    505.000    499.171    -0.2247  28.572269    -0.2217  28.573106     5.1052     5.2786    -0.0054    97.1128 1.0000e-12  -73.92216 -118.83794  46.034927      94.76 4.3240e+02    859.695      20634  1029.9754  1029.9734     4.6069     0.0685     0.1160    34.3315    34.3293    8.09520         26 0.0000e+00
    506.000    500.159    -0.2214  28.575613    -0.2221  28.573244     5.1160     5.2810    -0.0093    97.0985 1.0000e-12  -73.92216 -118.83794  46.034939      93.22 4.2751e+02    860.744      20659  1029.9800  1029.9783     4.6062     0.0700     0.1159    34.3316    34.3292    8.09449         24 0.0000e+00
    507.000    501.145    -0.2282  28.568811    -0.2246  28.570961     5.1162     5.2692    -0.0220    97.1003 1.0000e-12  -73.92216 -118.83794  46.034951      92.13 4.2660e+02    861.762      20683  1029.9839  1029.9828     4.6063     0.0692     0.1203    34.3296    34.3285    8.09604         25 0.0000e+00
    508.000    502.133    -0.2219  28.576553    -0.2233  28.572723     5.1119     5.2745    -0.0182    97.0895 1.0000e-12  -73.92216 -118.83794  46.034964      91.37 4.3203e+02    862.854      20709  1029.9902  1029.9876     4.6058     0.0691     0.1179    34.3322    34.3287    8.09455         28 0.0000e+00
    509.000    503.119    -0.2209  28.577602    -0.2218  28.574707     5.1184     5.2798    -0.0054    97.0904 1.0000e-12  -73.92216 -118.83794  46.034977      90.11 4.2845e+02    864.039      20738  1029.9948  1029.9926     4.6058     0.0688     0.1166    34.3320    34.3291    8.09437         28 0.0000e+00
    510.000    504.107    -0.2238  28.574317    -0.2211  28.575711     5.1125     5.2763    -0.0099    97.1007 1.0000e-12  -73.92216 -118.83794  46.034991      89.42 4.2787e+02    865.206      20766  1029.9985  1029.9974     4.6063     0.0686     0.1171    34.3302    34.3291    8.09508         28 0.0000e+00
    511.000    505.093    -0.2227  28.577111    -0.2139  28.583670     5.1135     5.2639    -0.0190    97.1104 1.0000e-12  -73.92216 -118.83792  46.035003      88.66 4.3345e+02    866.295      20792  1030.0046  1030.0030     4.6067     0.0686     0.1172    34.3321    34.3309    8.09473         26 0.0000e+00
    512.000    506.082    -0.2173  28.582918    -0.2078  28.590474     5.1094     5.2687    -0.0151    97.1031 1.0000e-12  -73.92216 -118.83794  46.035015      87.74 4.2969e+02    867.339      20817  1030.0099  1030.0086     4.6064     0.0697     0.1189    34.3331    34.3326    8.09352         24 0.0000e+00
    513.000    507.069    -0.2099  28.590551    -0.2065  28.592255     5.1077     5.2603    -0.0150    97.0958 1.0000e-12  -73.92216 -118.83792  46.035028      86.99 4.2711e+02    868.391      20842  1030.0150  1030.0136     4.6061     0.0698     0.1195    34.3344    34.3329    8.09188         26 0.0000e+00
    514.000    508.055    -0.2088  28.592527    -0.2056  28.593710     5.1061     5.2672    -0.0150    97.1014 1.0000e-12  -73.92216 -118.83793  46.035041      85.41 4.3292e+02    869.511      20869  1030.0203  1030.0185     4.6064     0.0680     0.1201    34.3352    34.3332    8.09161         28 0.0000e+00
    515.000    509.044    -0.2106  28.590792    -0.2094  28.590186     5.1067     5.2593    -0.0141    97.0987 1.0000e-12  -73.92216 -118.83793  46.035054      84.55 4.2990e+02    870.637      20896  1030.0246  1030.0229     4.6062     0.0682     0.1173    34.3344    34.3322    8.09204         26 0.0000e+00
    516.000    510.029    -0.2111  28.590756    -0.2087  28.591378     5.1046     5.2604    -0.0106    97.1167 1.0000e-12  -73.92216 -118.83793  46.035066      83.52 4.2697e+02    871.710      20922  1030.0294  1030.0278     4.6071     0.0686     0.1175    34.3342    34.3324    8.09214         25 0.0000e+00
    517.000    511.018    -0.2106  28.591703    -0.2082  28.592285     5.1124     5.2678    -0.0089    97.1008 1.0000e-12  -73.92216 -118.83793  46.035078      83.06 4.3262e+02    872.765      20947  1030.0342  1030.0326     4.6063     0.0690     0.1196    34.3343    34.3325    8.09203         26 0.0000e+00
    518.000    512.003    -0.2130  28.589414    -0.2110  28.589829     5.1065     5.2682    -0.0207    97.1054 1.0000e-12  -73.92216 -118.83793  46.035091      81.90 4.3148e+02    873.840      20973  1030.0385  1030.0370     4.6065     0.0672     0.1170    34.3334    34.3317    8.09260         25 0.0000e+00
