ocean_section_plots/required_files/ctd/dnbp2202_ctd060.cnv
* Sea-Bird SBE 9 Data File:
* FileName = D:\Data\raw\NBP2202_CTD060.hex
* Software Version Seasave V 7.26.7.121
* Temperature SN = 1649
* Conductivity SN = 2513
* Number of Bytes Per Scan = 40
* Number of Voltage Words = 5
* Number of Scans Averaged by the Deck Unit = 1
* NMEA Latitude = 74 04.83 S
* NMEA Longitude = 111 40.54 W
* NMEA UTC (Time) = Jan 25 2022  09:53:58
* NMEA baud rate = 9600
** Ship: RVIB N.B. Palmer
** Cruise: NBP2202 Thwaites
** Station: 41
** Operator: B.Bjork
# nquan = 25
# nvalues = 309                         
# units = specified
# name 0 = prDM: Pressure, Digiquartz [db]
# name 1 = depSM: Depth [salt water, m]
# name 2 = t090C: Temperature [ITS-90, deg C]
# name 3 = c0mS/cm: Conductivity [mS/cm]
# name 4 = t190C: Temperature, 2 [ITS-90, deg C]
# name 5 = c1mS/cm: Conductivity, 2 [mS/cm]
# name 6 = sbeox0ML/L: Oxygen, SBE 43 [ml/l]
# name 7 = sbeox1ML/L: Oxygen, SBE 43, 2 [ml/l]
# name 8 = flECO-AFL: Fluorescence, WET Labs ECO-AFL/FL [mg/m^3]
# name 9 = CStarTr0: Beam Transmission, WET Labs C-Star [%]
# name 10 = par: PAR/Irradiance, Biospherical/Licor
# name 11 = latitude: Latitude [deg]
# name 12 = longitude: Longitude [deg]
# name 13 = timeJ: Julian Days
# name 14 = altM: Altimeter [m]
# name 15 = spar: SPAR, Biospherical/Licor
# name 16 = timeS: Time, Elapsed [seconds]
# name 17 = scan: Scan Count
# name 18 = density00: Density [density, kg/m^3]
# name 19 = density11: Density, 2 [density, kg/m^3]
# name 20 = sal00: Salinity, Practical [PSU]
# name 21 = sal11: Salinity, Practical, 2 [PSU]
# name 22 = oxsolML/L: Oxygen Saturation, Garcia & Gordon [ml/l]
# name 23 = nbin: number of scans per bin
# name 24 = flag: flag
# span 0 =      3.000,    311.000       
# span 1 =      2.966,    307.544       
# span 2 =    -1.5342,    -1.2615       
# span 3 =  27.029556,  27.362515       
# span 4 =    -1.5340,    -1.2600       
# span 5 =  27.029427,  27.361445       
# span 6 =     5.8459,     7.4603       
# span 7 =     6.1293,     7.8381       
# span 8 =     0.0089,    11.7517       
# span 9 =    79.3732,    96.7901       
# span 10 = -5.906e-07, 1.1398e+01      
# span 11 =  -74.08054,  -74.08054      
# span 12 = -111.67570, -111.67564      
# span 13 =  25.414675,  25.420647      
# span 14 =       5.01,      99.99      
# span 15 = 4.6943e+01, 5.7321e+01      
# span 16 =    189.897,    705.867      
# span 17 =       4559,      16942      
# span 18 =  1027.2048,  1028.9176      
# span 19 =  1027.2053,  1028.9158      
# span 20 =    33.7974,    34.0876      
# span 21 =    33.7981,    34.0856      
# span 22 =    8.35151,    8.40166      
# span 23 =         14,         48      
# span 24 = 0.0000e+00, 0.0000e+00      
# interval = decibars: 1                
# start_time = Jan 25 2022 09:53:58 [NMEA time, header]
# bad_flag = -9.990e-29
*END*
      3.000      2.966    -1.3226  27.036093    -1.3231  27.036109     7.2612     6.9580     8.6782    84.4688 1.1398e+01  -74.08054 -111.67567  25.414675      29.82 4.6943e+01    189.897       4559  1027.2048  1027.2053    33.7982    33.7987    8.36574         33 0.0000e+00
      4.000      3.959    -1.3206  27.038355    -1.3204  27.038883     7.2466     6.9522     8.3009    83.6842 8.5187e+00  -74.08054 -111.67567  25.414709      80.29 4.7558e+01    192.872       4630  1027.2097  1027.2100    33.7984    33.7989    8.36528         37 0.0000e+00
      5.000      4.948    -1.3215  27.037903    -1.3217  27.038227     7.2418     6.9833     8.5750    83.7930 6.7094e+00  -74.08054 -111.67568  25.414739      86.80 4.7596e+01    195.445       4692  1027.2144  1027.2149    33.7982    33.7988    8.36550         47 0.0000e+00
      6.000      5.940    -1.3266  27.033920    -1.3267  27.034356     7.2141     7.0374     9.1349    84.0432 5.3620e+00  -74.08054 -111.67566  25.414768      99.16 4.7598e+01    197.912       4751  1027.2191  1027.2198    33.7978    33.7986    8.36666         38 0.0000e+00
      7.000      6.926    -1.3306  27.030960    -1.3296  27.032215     7.2096     7.1087     8.9020    84.0514 4.3174e+00  -74.08054 -111.67566  25.414796      68.05 4.7598e+01    200.345       4809  1027.2240  1027.2244    33.7976    33.7982    8.36757         40 0.0000e+00
      8.000      7.917    -1.3327  27.029556    -1.3335  27.029427     7.2123     7.2038     9.0484    84.1272 3.4908e+00  -74.08054 -111.67566  25.414822      62.37 4.7598e+01    202.597       4863  1027.2287  1027.2293    33.7975    33.7981    8.36805         46 0.0000e+00
      9.000      8.907    -1.3309  27.031456    -1.3307  27.032179     7.2187     7.2824     8.2294    84.0319 2.9069e+00  -74.08054 -111.67566  25.414848      99.98 4.7598e+01    204.869       4918  1027.2334  1027.2340    33.7974    33.7982    8.36765         41 0.0000e+00
     10.000      9.897    -1.3288  27.033920    -1.3266  27.036217     7.2373     7.3876     8.9330    83.7458 2.4391e+00  -74.08054 -111.67566  25.414873      81.85 4.7598e+01    206.993       4969  1027.2383  1027.2387    33.7978    33.7985    8.36716         40 0.0000e+00
     11.000     10.886    -1.3223  27.040289    -1.3198  27.042796     7.2423     7.4764     8.2110    84.2301 2.0142e+00  -74.08054 -111.67566  25.414897      93.98 4.7598e+01    209.100       5019  1027.2434  1027.2437    33.7986    33.7992    8.36566         46 0.0000e+00
     12.000     11.876    -1.3155  27.046756    -1.3166  27.045988     7.2512     7.5357     7.9156    83.0706 1.6838e+00  -74.08054 -111.67566  25.414917      99.55 4.7598e+01    210.872       5062  1027.2483  1027.2485    33.7991    33.7992    8.36409         33 0.0000e+00
     13.000     12.865    -1.3144  27.048060    -1.3152  27.047588     7.2561     7.5340     8.3235    83.0679 1.3966e+00  -74.08054 -111.67566  25.414936      99.45 4.7809e+01    212.464       5100  1027.2531  1027.2534    33.7991    33.7993    8.36385         36 0.0000e+00
     14.000     13.857    -1.3149  27.048098    -1.3179  27.045732     7.2490     7.5274     9.7247    83.0444 1.1520e+00  -74.08054 -111.67566  25.414955      99.41 4.7826e+01    214.116       5140  1027.2580  1027.2582    33.7991    33.7992    8.36397         31 0.0000e+00
     15.000     14.844    -1.3180  27.045894    -1.3188  27.045280     7.2358     7.5125     9.8890    83.3664 9.6286e-01  -74.08054 -111.67566  25.414974      99.48 4.8163e+01    215.771       5180  1027.2628  1027.2630    33.7989    33.7990    8.36467         34 0.0000e+00
     16.000     15.834    -1.3203  27.044297    -1.3213  27.043545     7.2163     7.5108     9.3577    83.2493 7.8840e-01  -74.08054 -111.67565  25.414993      99.49 4.7643e+01    217.437       5219  1027.2676  1027.2678    33.7986    33.7988    8.36519         37 0.0000e+00
     17.000     16.824    -1.3270  27.038779    -1.3298  27.036746     7.2191     7.5230     8.3193    83.7969 6.5071e-01  -74.08054 -111.67565  25.415012      99.49 4.7598e+01    219.049       5258  1027.2723  1027.2727    33.7980    33.7984    8.36673         39 0.0000e+00
     18.000     17.813    -1.3238  27.042295    -1.3238  27.042297     7.2453     7.5614     8.2501    83.4959 5.3230e-01  -74.08054 -111.67565  25.415031      96.24 4.7598e+01    220.705       5298  1027.2774  1027.2773    33.7986    33.7986    8.36598         40 0.0000e+00
     19.000     18.802    -1.3161  27.049687    -1.3141  27.051297     7.2743     7.5937     8.6609    83.7645 4.3635e-01  -74.08054 -111.67565  25.415050      95.62 4.7598e+01    222.340       5337  1027.2824  1027.2823    33.7995    33.7994    8.36421         39 0.0000e+00
     20.000     19.792    -1.3103  27.055011    -1.3108  27.054670     7.2696     7.6001    10.3696    84.9198 3.5875e-01  -74.08054 -111.67565  25.415069      99.34 4.7598e+01    223.996       5377  1027.2870  1027.2871    33.7995    33.7997    8.36289         38 0.0000e+00
     21.000     20.781    -1.3130  27.053076    -1.3131  27.053052     7.2371     7.5838     9.2525    83.1354 2.9306e-01  -74.08054 -111.67565  25.415088      99.46 4.7598e+01    225.625       5416  1027.2919  1027.2919    33.7994    33.7995    8.36352         38 0.0000e+00
     22.000     21.773    -1.3224  27.044956    -1.3240  27.043954     7.2065     7.5710     8.5200    84.5617 2.3867e-01  -74.08054 -111.67566  25.415107      99.48 4.7598e+01    227.233       5455  1027.2963  1027.2967    33.7981    33.7986    8.36569         35 0.0000e+00
     23.000     22.760    -1.3272  27.041468    -1.3269  27.041878     7.2065     7.5680     8.5718    84.1170 1.9353e-01  -74.08054 -111.67566  25.415126      99.50 4.7647e+01    228.853       5493  1027.3014  1027.3015    33.7982    33.7984    8.36677         38 0.0000e+00
     24.000     23.750    -1.3263  27.042846    -1.3271  27.042098     7.2106     7.5693     8.5070    83.9440 1.5373e-01  -74.08054 -111.67566  25.415144      99.54 4.7974e+01    230.469       5532  1027.3062  1027.3062    33.7984    33.7983    8.36655         38 0.0000e+00
     25.000     24.740    -1.3270  27.042641    -1.3275  27.042327     7.2173     7.5782     8.6956    83.9091 1.1795e-01  -74.08054 -111.67566  25.415164      99.51 4.8005e+01    232.132       5572  1027.3110  1027.3111    33.7983    33.7985    8.36672         39 0.0000e+00
     26.000     25.730    -1.3269  27.043080    -1.3254  27.044567     7.2233     7.5922     8.7762    83.6501 9.2097e-02  -74.08054 -111.67566  25.415182      99.54 4.7915e+01    233.732       5611  1027.3157  1027.3158    33.7982    33.7985    8.36670         39 0.0000e+00
     27.000     26.720    -1.3258  27.044756    -1.3241  27.046269     7.2565     7.6268     8.7988    84.2968 6.9332e-02  -74.08054 -111.67566  25.415201      97.53 4.7999e+01    235.362       5650  1027.3207  1027.3207    33.7986    33.7987    8.36643         35 0.0000e+00
     28.000     27.706    -1.3142  27.055284    -1.3133  27.056037     7.2850     7.6362     8.0413    83.2179 4.7860e-02  -74.08054 -111.67566  25.415220      99.44 4.8305e+01    236.994       5689  1027.3255  1027.3254    33.7993    33.7993    8.36379         37 0.0000e+00
     29.000     28.700    -1.3090  27.060305    -1.3105  27.058978     7.2824     7.6336     8.1057    83.4915 3.2174e-02  -74.08054 -111.67566  25.415239      99.46 4.7611e+01    238.626       5728  1027.3304  1027.3303    33.7998    33.7996    8.36260         38 0.0000e+00
     30.000     29.688    -1.3123  27.057876    -1.3133  27.056794     7.2463     7.6009     8.5900    83.5741 1.7943e-02  -74.08054 -111.67566  25.415259      99.56 4.7598e+01    240.370       5770  1027.3352  1027.3350    33.7995    33.7991    8.36335         39 0.0000e+00
     31.000     30.677    -1.3199  27.051701    -1.3224  27.049474     7.2267     7.5977     8.7959    83.5847 5.7544e-03  -74.08054 -111.67566  25.415282      99.49 4.8023e+01    242.371       5818  1027.3401  1027.3401    33.7990    33.7988    8.36509         46 0.0000e+00
     32.000     31.666    -1.3242  27.048151    -1.3244  27.048348     7.2649     7.6290     8.1847    83.8251 7.3703e-05  -74.08054 -111.67566  25.415305      99.49 4.7877e+01    244.320       5865  1027.3447  1027.3450    33.7984    33.7989    8.36609         38 0.0000e+00
     33.000     32.656    -1.3076  27.063710    -1.3061  27.064393     7.2600     7.6392     8.8334    84.7773 -5.906e-07  -74.08054 -111.67567  25.415328      99.52 4.8146e+01    246.300       5912  1027.3500  1027.3493    33.8003    33.7995    8.36224         42 0.0000e+00
     34.000     33.644    -1.3172  27.055273    -1.3160  27.056308     7.3026     7.6803     8.6502    83.6976 1.0000e-12  -74.08054 -111.67567  25.415350      97.00 4.7990e+01    248.285       5960  1027.3543  1027.3543    33.7989    33.7990    8.36447         41 0.0000e+00
     35.000     34.636    -1.3003  27.071918    -1.2942  27.076183     7.3967     7.7641     8.6143    83.7960 1.0000e-12  -74.08054 -111.67567  25.415373      99.56 4.8029e+01    250.224       6006  1027.3606  1027.3595    33.8020    33.8011    8.36050         41 0.0000e+00
     36.000     35.626    -1.2781  27.090512    -1.2773  27.090998     7.4417     7.8080     9.0061    83.5632 1.0000e-12  -74.08054 -111.67567  25.415395      99.35 4.8027e+01    252.141       6052  1027.3642  1027.3639    33.8019    33.8016    8.35555         37 0.0000e+00
     37.000     36.614    -1.2717  27.096546    -1.2714  27.096376     7.4434     7.8220    10.5649    83.3681 1.0000e-12  -74.08054 -111.67567  25.415418      99.39 4.8577e+01    254.082       6099  1027.3691  1027.3688    33.8023    33.8018    8.35408         41 0.0000e+00
     38.000     37.603    -1.2700  27.098582    -1.2682  27.099785     7.4603     7.8381    10.7004    82.7786 1.0000e-12  -74.08054 -111.67568  25.415440      99.36 4.8290e+01    256.040       6146  1027.3743  1027.3738    33.8026    33.8021    8.35370         43 0.0000e+00
     39.000     38.593    -1.2640  27.104102    -1.2637  27.104117     7.4595     7.8352    11.4247    81.3515 1.0000e-12  -74.08054 -111.67568  25.415462      99.36 4.8394e+01    257.935       6191  1027.3790  1027.3788    33.8027    33.8025    8.35234         40 0.0000e+00
     40.000     39.582    -1.2646  27.103847    -1.2652  27.103028     7.4468     7.8288    11.0476    81.5557 1.0000e-12  -74.08054 -111.67569  25.415485      99.08 4.8931e+01    259.878       6238  1027.3838  1027.3835    33.8025    33.8020    8.35250         41 0.0000e+00
     41.000     40.571    -1.2674  27.101913    -1.2678  27.101216     7.4399     7.8100    11.3681    81.1433 1.0000e-12  -74.08054 -111.67569  25.415507      93.72 4.8252e+01    261.772       6284  1027.3888  1027.3884    33.8023    33.8019    8.35312         38 0.0000e+00
     42.000     41.562    -1.2677  27.102075    -1.2674  27.102040     7.4388     7.8168    11.6626    81.1535 1.0000e-12  -74.08054 -111.67568  25.415530      99.41 4.8689e+01    263.766       6331  1027.3936  1027.3933    33.8023    33.8019    8.35320         47 0.0000e+00
     43.000     42.551    -1.2693  27.101014    -1.2688  27.101163     7.4295     7.7976    11.2895    81.2453 1.0000e-12  -74.08054 -111.67569  25.415552      99.38 4.9130e+01    265.733       6379  1027.3984  1027.3981    33.8020    33.8016    8.35357         38 0.0000e+00
     44.000     43.539    -1.2708  27.100015    -1.2713  27.099367     7.3876     7.7674    11.4162    80.5884 1.0000e-12  -74.08054 -111.67569  25.415576      99.35 4.8797e+01    267.754       6427  1027.4030  1027.4028    33.8017    33.8013    8.35392         40 0.0000e+00
     45.000     44.530    -1.2794  27.093349    -1.2784  27.093947     7.3860     7.7661    11.2636    81.3623 1.0000e-12  -74.08054 -111.67570  25.415598      99.37 4.9000e+01    269.694       6474  1027.4084  1027.4080    33.8017    33.8013    8.35586         44 0.0000e+00
     46.000     45.519    -1.2761  27.096872    -1.2764  27.096289     7.4085     7.7936    10.7899    81.4236 1.0000e-12  -74.08054 -111.67569  25.415621      99.45 4.9042e+01    271.639       6520  1027.4132  1027.4130    33.8021    33.8017    8.35508         44 0.0000e+00
     47.000     46.509    -1.2685  27.104016    -1.2687  27.103335     7.4109     7.7977    10.9264    81.6512 1.0000e-12  -74.08054 -111.67569  25.415644      97.11 4.8867e+01    273.625       6568  1027.4181  1027.4176    33.8027    33.8020    8.35335         39 0.0000e+00
     48.000     47.498    -1.2662  27.107228    -1.2675  27.105459     7.3937     7.7795    11.2443    81.4489 1.0000e-12  -74.08054 -111.67569  25.415666      97.95 4.9182e+01    275.516       6613  1027.4238  1027.4231    33.8038    33.8029    8.35276         32 0.0000e+00
     49.000     48.486    -1.2657  27.108613    -1.2680  27.105400     7.3876     7.7650    11.5701    80.4224 1.0000e-12  -74.08054 -111.67569  25.415688      99.45 4.9368e+01    277.460       6660  1027.4291  1027.4279    33.8046    33.8028    8.35261         38 0.0000e+00
     50.000     49.477    -1.2687  27.105858    -1.2694  27.104940     7.3881     7.7633    11.6979    81.4551 1.0000e-12  -74.08054 -111.67569  25.415712      99.37 4.9361e+01    279.477       6708  1027.4334  1027.4330    33.8036    33.8031    8.35335         40 0.0000e+00
     51.000     50.466    -1.2615  27.113875    -1.2617  27.113109     7.3660     7.7457    11.0166    80.4001 1.0000e-12  -74.08054 -111.67569  25.415734      99.38 4.9361e+01    281.435       6755  1027.4395  1027.4389    33.8058    33.8050    8.35160         44 0.0000e+00
     52.000     51.455    -1.2619  27.114432    -1.2600  27.115615     7.3297     7.7262    11.3333    81.2007 1.0000e-12  -74.08054 -111.67569  25.415757      99.38 4.9361e+01    283.386       6802  1027.4449  1027.4444    33.8064    33.8059    8.35165         40 0.0000e+00
     53.000     52.446    -1.2633  27.114369    -1.2620  27.114846     7.3184     7.6946    11.7517    79.8722 1.0000e-12  -74.08054 -111.67569  25.415780      99.44 4.9361e+01    285.405       6851  1027.4506  1027.4499    33.8073    33.8065    8.35192         42 0.0000e+00
     54.000     53.435    -1.2616  27.116535    -1.2621  27.115822     7.2614     7.6375    11.5082    80.5644 1.0000e-12  -74.08054 -111.67568  25.415803      97.28 4.9361e+01    287.364       6898  1027.4556  1027.4553    33.8077    33.8073    8.35151         37 0.0000e+00
     55.000     54.423    -1.2684  27.111920    -1.2672  27.112394     7.0828     7.4794    11.1686    79.3732 1.0000e-12  -74.08054 -111.67568  25.415825      99.44 4.9361e+01    289.291       6944  1027.4615  1027.4609    33.8085    33.8078    8.35300         33 0.0000e+00
     56.000     55.413    -1.2933  27.094025    -1.2914  27.095445     6.9137     7.3100    11.0487    80.4657 1.0000e-12  -74.08054 -111.67567  25.415848      99.35 4.9361e+01    291.243       6991  1027.4702  1027.4699    33.8114    33.8111    8.35839         37 0.0000e+00
     57.000     56.403    -1.3070  27.084913    -1.3065  27.085049     6.8652     7.2357     9.8976    81.3165 1.0000e-12  -74.08054 -111.67566  25.415871      99.46 4.9361e+01    293.220       7038  1027.4775  1027.4771    33.8138    33.8134    8.36132         37 0.0000e+00
     58.000     57.390    -1.3111  27.082529    -1.3112  27.082203     6.8524     7.2011     8.4206    81.7631 1.0000e-12  -74.08054 -111.67567  25.415892      99.46 4.9361e+01    295.086       7083  1027.4829  1027.4826    33.8144    33.8141    8.36218         38 0.0000e+00
     59.000     58.382    -1.3141  27.081095    -1.3154  27.079946     6.7813     7.1307     7.5857    81.1215 1.0000e-12  -74.08054 -111.67566  25.415914      99.54 4.9361e+01    296.985       7129  1027.4884  1027.4884    33.8153    33.8152    8.36282         40 0.0000e+00
