ocean_section_plots/required_files/ctd/dnbp2202_ctd159.cnv
* Sea-Bird SBE 9 Data File:
* FileName = D:\Data\raw\NBP2202_CTD159.hex
* Software Version Seasave V 7.26.7.121
* Temperature SN = 1649
* Conductivity SN = 2513
* Number of Bytes Per Scan = 40
* Number of Voltage Words = 5
* Number of Scans Averaged by the Deck Unit = 1
* NMEA Latitude = 74 13.88 S
* NMEA Longitude = 112 07.95 W
* NMEA UTC (Time) = Jan 31 2022  22:43:55
* NMEA baud rate = 9600
** Ship: RVIB N.B. Palmer
** Cruise: NBP2202 Thwaites
** Station: 81
** Operator: A. Robinson/K. Block
# nquan = 28
# nvalues = 505                         
# units = specified
# name 0 = prDM: Pressure, Digiquartz [db]
# name 1 = depSM: Depth [salt water, m]
# name 2 = t090C: Temperature [ITS-90, deg C]
# name 3 = c0mS/cm: Conductivity [mS/cm]
# name 4 = t190C: Temperature, 2 [ITS-90, deg C]
# name 5 = c1mS/cm: Conductivity, 2 [mS/cm]
# name 6 = sbeox0ML/L: Oxygen, SBE 43 [ml/l]
# name 7 = sbeox1ML/L: Oxygen, SBE 43, 2 [ml/l]
# name 8 = flECO-AFL: Fluorescence, WET Labs ECO-AFL/FL [mg/m^3]
# name 9 = CStarTr0: Beam Transmission, WET Labs C-Star [%]
# name 10 = par: PAR/Irradiance, Biospherical/Licor
# name 11 = latitude: Latitude [deg]
# name 12 = longitude: Longitude [deg]
# name 13 = timeJ: Julian Days
# name 14 = altM: Altimeter [m]
# name 15 = spar: SPAR, Biospherical/Licor
# name 16 = timeS: Time, Elapsed [seconds]
# name 17 = scan: Scan Count
# name 18 = density00: Density [density, kg/m^3]
# name 19 = density11: Density, 2 [density, kg/m^3]
# name 20 = v3: Voltage 3
# name 21 = v4: Voltage 4
# name 22 = v5: Voltage 5
# name 23 = sal00: Salinity, Practical [PSU]
# name 24 = sal11: Salinity, Practical, 2 [PSU]
# name 25 = oxsolML/L: Oxygen Saturation, Garcia & Gordon [ml/l]
# name 26 = nbin: number of scans per bin
# name 27 = flag: flag
# span 0 =      2.000,    506.000       
# span 1 =      1.988,    500.157       
# span 2 =    -1.4922,    -0.1493       
# span 3 =  27.006271,  28.631729       
# span 4 =    -1.4913,    -0.1516       
# span 5 =  27.006327,  28.627734       
# span 6 =     4.8920,     8.5413       
# span 7 =     5.0074,     8.4822       
# span 8 =     0.0017,    22.7574       
# span 9 =    70.3250,    93.3696       
# span 10 = -4.206e-05, 1.2096e+03      
# span 11 =  -74.23136,  -74.23136      
# span 12 = -112.13264, -112.13260      
# span 13 =  31.950883,  31.959275      
# span 14 =       1.07,     100.15      
# span 15 = 8.7933e+02, 2.3295e+03      
# span 16 =    321.337,   1046.393      
# span 17 =       7713,      25114      
# span 18 =  1027.1895,  1029.9708      
# span 19 =  1027.1905,  1029.9697      
# span 20 =     3.3367,     4.4294      
# span 21 =     0.0701,     3.4100      
# span 22 =     0.1161,     0.2228      
# span 23 =    33.7966,    34.3274      
# span 24 =    33.7993,    34.3232      
# span 25 =    8.07956,    8.39275      
# span 26 =          3,         47      
# span 27 = 0.0000e+00, 0.0000e+00      
# interval = decibars: 1                
# start_time = Jan 31 2022 22:43:55 [NMEA time, header]
# bad_flag = -9.990e-29
*END*
[from data line 415]
    417.000    412.268    -1.0008  27.778783    -0.9993  27.778230     5.7687     5.9206     0.0428    93.3267 1.0000e-12  -74.23136 -112.13262  31.957491      98.03 1.0668e+03    892.238      21415  1029.4913  1029.4892     4.4274     0.0729     0.1186    34.1931    34.1906    8.27096         23 0.0000e+00
    418.000    413.256    -0.9901  27.788996    -0.9884  27.788810     5.7527     5.9011     0.0222    93.3454 1.0000e-12  -74.23136 -112.13262  31.957503      74.00 1.0620e+03    893.222      21438  1029.4963  1029.4944     4.4283     0.0721     0.1184    34.1943    34.1920    8.26854         25 0.0000e+00
    419.000    414.243    -0.9727  27.806719    -0.9704  27.806277     5.7312     5.8760     0.0200    93.3407 1.0000e-12  -74.23136 -112.13262  31.957516      91.91 1.0563e+03    894.379      21466  1029.5028  1029.5001     4.4281     0.0727     0.1188    34.1979    34.1948    8.26448         31 0.0000e+00
    420.000    415.231    -0.9555  27.823540    -0.9538  27.822884     5.7090     5.8523     0.0232    93.3474 1.0000e-12  -74.23136 -112.13261  31.957532      99.70 1.0572e+03    895.793      21500  1029.5087  1029.5064     4.4284     0.0752     0.1178    34.2007    34.1979    8.26054         34 0.0000e+00
    421.000    416.217    -0.9372  27.841698    -0.9351  27.841202     5.6807     5.8282     0.0249    93.3213 1.0000e-12  -74.23136 -112.13260  31.957549      99.85 1.0706e+03    897.202      21534  1029.5150  1029.5124     4.4272     0.0733     0.1186    34.2040    34.2010    8.25633         29 0.0000e+00
    422.000    417.207    -0.9257  27.852627    -0.9239  27.852488     5.6640     5.8182     0.0142    93.3298 1.0000e-12  -74.23136 -112.13262  31.957561      99.85 1.0695e+03    898.263      21559  1029.5201  1029.5182     4.4276     0.0734     0.1219    34.2052    34.2030    8.25374         23 0.0000e+00
    423.000    418.192    -0.9186  27.860250    -0.9167  27.859837     5.6584     5.8101     0.0150    93.3350 1.0000e-12  -74.23136 -112.13260  31.957571      99.86 1.0617e+03    899.168      21581  1029.5259  1029.5236     4.4278     0.0734     0.1199    34.2069    34.2042    8.25209         21 0.0000e+00
    424.000    419.181    -0.9104  27.868076    -0.9085  27.867963     5.6524     5.7966     0.0226    93.3206 1.0000e-12  -74.23136 -112.13262  31.957582      99.85 1.0657e+03    900.101      21603  1029.5307  1029.5288     4.4271     0.0722     0.1197    34.2076    34.2053    8.25024         25 0.0000e+00
    425.000    420.170    -0.9071  27.871612    -0.9050  27.871503     5.6548     5.7945     0.0212    93.3169 1.0000e-12  -74.23136 -112.13261  31.957597      99.85 1.0740e+03    901.347      21633  1029.5359  1029.5337     4.4269     0.0750     0.1183    34.2081    34.2056    8.24949         35 0.0000e+00
    426.000    421.157    -0.9015  27.877190    -0.9001  27.876706     5.6272     5.7730     0.0283    93.3122 1.0000e-12  -74.23136 -112.13261  31.957614      99.85 1.0868e+03    902.886      21670  1029.5410  1029.5391     4.4267     0.0739     0.1218    34.2087    34.2065    8.24823         33 0.0000e+00
    427.000    422.143    -0.8896  27.889891    -0.8877  27.889075     5.5980     5.7414     0.0046    93.3057 1.0000e-12  -74.23136 -112.13262  31.957628      99.85 1.1035e+03    904.102      21699  1029.5476  1029.5449     4.4264     0.0763     0.1209    34.2119    34.2086    8.24544         25 0.0000e+00
    428.000    423.130    -0.8649  27.913326    -0.8629  27.912984     5.5793     5.7238     0.0158    93.3111 1.0000e-12  -74.23136 -112.13260  31.957639      99.85 1.1172e+03    905.052      21722  1029.5532  1029.5508     4.4266     0.0743     0.1204    34.2150    34.2123    8.23985         22 0.0000e+00
    429.000    424.120    -0.8514  27.926670    -0.8498  27.925826     5.5631     5.7003     0.0247    93.3180 1.0000e-12  -74.23136 -112.13260  31.957650      88.84 1.1300e+03    905.954      21744  1029.5588  1029.5563     4.4270     0.0719     0.1212    34.2172    34.2142    8.23678         22 0.0000e+00
    430.000    425.108    -0.8386  27.938585    -0.8369  27.937740     5.5469     5.6817     0.0242    93.3056 1.0000e-12  -74.23136 -112.13260  31.957662      83.85 1.1552e+03    906.999      21769  1029.5636  1029.5611     4.4264     0.0729     0.1182    34.2182    34.2152    8.23391         29 0.0000e+00
    431.000    426.094    -0.8210  27.955301    -0.8185  27.955215     5.5431     5.6842     0.0373    93.3178 1.0000e-12  -74.23136 -112.13260  31.957677      99.07 1.1526e+03    908.334      21801  1029.5691  1029.5666     4.4270     0.0752     0.1198    34.2203    34.2175    8.22995         33 0.0000e+00
    432.000    427.082    -0.8232  27.953695    -0.8218  27.953054     5.5257     5.6710     0.0207    93.3033 1.0000e-12  -74.23136 -112.13260  31.957692      99.86 1.1153e+03    909.615      21832  1029.5741  1029.5722     4.4263     0.0742     0.1201    34.2200    34.2176    8.23044         28 0.0000e+00
    433.000    428.071    -0.8201  27.957473    -0.8181  27.957179     5.5083     5.6513     0.0207    93.3113 1.0000e-12  -74.23136 -112.13260  31.957705      99.85 1.1249e+03    910.682      21857  1029.5797  1029.5774     4.4266     0.0768     0.1212    34.2211    34.2184    8.22972         24 0.0000e+00
    434.000    429.055    -0.7936  27.983569    -0.7917  27.982336     5.4917     5.6381     0.0285    93.3007 1.0000e-12  -74.23136 -112.13261  31.957716      99.85 1.1524e+03    911.700      21882  1029.5864  1029.5831     4.4262     0.0749     0.1205    34.2258    34.2219    8.22366         25 0.0000e+00
    435.000    430.045    -0.7741  28.001464    -0.7723  28.000697     5.4871     5.6271     0.0219    93.2924 1.0000e-12  -74.23136 -112.13261  31.957729      99.86 1.1788e+03    912.808      21908  1029.5910  1029.5885     4.4257     0.0725     0.1184    34.2272    34.2243    8.21931         28 0.0000e+00
    436.000    431.033    -0.7676  28.007605    -0.7659  28.007098     5.4874     5.6176     0.0110    93.3202 1.0000e-12  -74.23136 -112.13261  31.957743      99.85 1.1912e+03    913.990      21937  1029.5959  1029.5938     4.4271     0.0732     0.1204    34.2276    34.2251    8.21788         28 0.0000e+00
    437.000    432.020    -0.7614  28.013924    -0.7593  28.013605     5.4854     5.6068     0.0081    93.3085 1.0000e-12  -74.23136 -112.13260  31.957757      99.85 1.1971e+03    915.180      21965  1029.6012  1029.5989     4.4265     0.0739     0.1216    34.2285    34.2258    8.21647         29 0.0000e+00
    438.000    433.008    -0.7572  28.017953    -0.7555  28.017557     5.4793     5.6105     0.0146    93.3092 1.0000e-12  -74.23136 -112.13260  31.957770      99.86 1.1774e+03    916.340      21993  1029.6060  1029.6040     4.4265     0.0729     0.1199    34.2286    34.2262    8.21556         27 0.0000e+00
    439.000    433.994    -0.7579  28.017830    -0.7565  28.017159     5.4756     5.6056     0.0110    93.3045 1.0000e-12  -74.23136 -112.13260  31.957783      99.85 1.1488e+03    917.449      22020  1029.6111  1029.6091     4.4263     0.0749     0.1235    34.2286    34.2262    8.21571         27 0.0000e+00
    440.000    434.983    -0.7567  28.019668    -0.7549  28.019064     5.4640     5.5957     0.0099    93.3017 1.0000e-12  -74.23136 -112.13260  31.957796      99.85 1.1434e+03    918.536      22046  1029.6163  1029.6140     4.4262     0.0744     0.1194    34.2291    34.2264    8.21541         25 0.0000e+00
    441.000    435.969    -0.7437  28.031979    -0.7416  28.031751     5.4625     5.5905     0.0087    93.2996 1.0000e-12  -74.23136 -112.13261  31.957808      88.42 1.1457e+03    919.591      22071  1029.6213  1029.6190     4.4261     0.0711     0.1193    34.2305    34.2278    8.21251         25 0.0000e+00
    442.000    436.958    -0.7407  28.035060    -0.7393  28.034395     5.4644     5.5886     0.0099    93.3138 1.0000e-12  -74.23136 -112.13261  31.957820      96.92 1.1649e+03    920.652      22097  1029.6261  1029.6241     4.4267     0.0734     0.1186    34.2306    34.2281    8.21184         27 0.0000e+00
    443.000    437.944    -0.7383  28.037722    -0.7368  28.037003     5.4518     5.5772     0.0158    93.2998 1.0000e-12  -74.23136 -112.13260  31.957834      99.85 1.2430e+03    921.831      22125  1029.6312  1029.6290     4.4261     0.0734     0.1214    34.2310    34.2283    8.21131         29 0.0000e+00
    444.000    438.934    -0.7325  28.043629    -0.7305  28.043358     5.4383     5.5632     0.0105    93.3025 1.0000e-12  -74.23136 -112.13260  31.957848      99.85 1.3712e+03    923.042      22154  1029.6363  1029.6341     4.4262     0.0747     0.1215    34.2317    34.2292    8.21000         28 0.0000e+00
    445.000    439.920    -0.7203  28.055993    -0.7176  28.055958     5.4263     5.5614     0.0171    93.2899 1.0000e-12  -74.23136 -112.13262  31.957860      99.85 1.4970e+03    924.108      22180  1029.6420  1029.6394     4.4256     0.0739     0.1295    34.2340    34.2310    8.20721         24 0.0000e+00
    446.000    440.907    -0.7128  28.062926    -0.7105  28.062989     5.4043     5.5418     0.0251    93.2954 1.0000e-12  -74.23136 -112.13260  31.957872      99.85 1.5991e+03    925.118      22204  1029.6465  1029.6444     4.4259     0.0733     0.1200    34.2343    34.2319    8.20557         25 0.0000e+00
    447.000    441.895    -0.7011  28.074834    -0.6988  28.074424     5.3793     5.5171     0.0183    93.3035 1.0000e-12  -74.23136 -112.13262  31.957884      99.85 1.6505e+03    926.176      22229  1029.6524  1029.6497     4.4263     0.0748     0.1204    34.2366    34.2334    8.20290         26 0.0000e+00
    448.000    442.883    -0.6702  28.104963    -0.6662  28.105402     5.3500     5.4861     0.0163    93.2827 1.0000e-12  -74.23136 -112.13260  31.957898      99.86 1.6889e+03    927.350      22257  1029.6589  1029.6555     4.4253     0.0741     0.1219    34.2417    34.2377    8.19591         30 0.0000e+00
    449.000    443.871    -0.6372  28.136412    -0.6346  28.136131     5.3251     5.4539     0.0116    93.2949 1.0000e-12  -74.23136 -112.13261  31.957913      99.85 1.6937e+03    928.639      22288  1029.6649  1029.6621     4.4259     0.0755     0.1199    34.2461    34.2429    8.18850         31 0.0000e+00
    450.000    444.857    -0.6179  28.155558    -0.6155  28.155049     5.3105     5.4413     0.0164    93.2860 1.0000e-12  -74.23136 -112.13261  31.957927      99.86 1.6244e+03    929.877      22318  1029.6712  1029.6683     4.4254     0.0749     0.1207    34.2496    34.2461    8.18413         27 0.0000e+00
    451.000    445.845    -0.6069  28.165849    -0.6052  28.165147     5.3069     5.4433     0.0186    93.2813 1.0000e-12  -74.23136 -112.13261  31.957939      99.85 1.5793e+03    930.900      22343  1029.6761  1029.6737     4.4252     0.0748     0.1213    34.2503    34.2476    8.18170         24 0.0000e+00
    452.000    446.834    -0.6044  28.168538    -0.6022  28.168396     5.2966     5.4283     0.0268    93.2718 1.0000e-12  -74.23136 -112.13261  31.957950      93.57 1.5694e+03    931.847      22365  1029.6811  1029.6788     4.4248     0.0731     0.1211    34.2506    34.2479    8.18115         23 0.0000e+00
    453.000    447.820    -0.5993  28.173818    -0.5974  28.173323     5.2747     5.4093     0.0423    93.2739 1.0000e-12  -74.23136 -112.13261  31.957962      82.43 1.5834e+03    932.887      22390  1029.6863  1029.6840     4.4249     0.0726     0.1213    34.2513    34.2485    8.18000         27 0.0000e+00
    454.000    448.807    -0.5681  28.204070    -0.5653  28.203210     5.2570     5.3959     0.0250    93.2782 1.0000e-12  -74.23136 -112.13262  31.957976      99.29 1.6160e+03    934.118      22420  1029.6927  1029.6891     4.4251     0.0743     0.1220    34.2562    34.2519    8.17299         31 0.0000e+00
    455.000    449.795    -0.5543  28.216967    -0.5528  28.216155     5.2535     5.3874     0.0186    93.2766 1.0000e-12  -74.23136 -112.13260  31.957991      99.86 1.6531e+03    935.405      22451  1029.6977  1029.6954     4.4250     0.0744     0.1202    34.2574    34.2546    8.16995         30 0.0000e+00
    456.000    450.783    -0.5499  28.221611    -0.5479  28.221295     5.2489     5.3806     0.0216    93.2500 1.0000e-12  -74.23136 -112.13261  31.958004      99.86 1.6134e+03    936.549      22478  1029.7030  1029.7008     4.4237     0.0757     0.1219    34.2580    34.2554    8.16896         25 0.0000e+00
    457.000    451.771    -0.5484  28.223785    -0.5466  28.223162     5.2346     5.3658     0.0112    93.2479 1.0000e-12  -74.23136 -112.13260  31.958015      99.85 1.5707e+03    937.525      22502  1029.7084  1029.7060     4.4237     0.0748     0.1221    34.2586    34.2558    8.16860         22 0.0000e+00
    458.000    452.757    -0.5329  28.239555    -0.5308  28.238602     5.2093     5.3417     0.0109    93.2638 1.0000e-12  -74.23136 -112.13262  31.958026      99.85 1.5913e+03    938.460      22524  1029.7146  1029.7115     4.4244     0.0748     0.1224    34.2617    34.2581    8.16508         24 0.0000e+00
    459.000    453.745    -0.5052  28.265963    -0.5030  28.264661     5.1890     5.3168     0.0176    93.2591 1.0000e-12  -74.23136 -112.13261  31.958039      99.85 1.6917e+03    939.544      22550  1029.7202  1029.7167     4.4242     0.0762     0.1200    34.2654    34.2612    8.15891         29 0.0000e+00
    460.000    454.733    -0.4754  28.294446    -0.4728  28.293602     5.1710     5.2957     0.0175    93.2188 1.0000e-12  -74.23136 -112.13261  31.958054      99.86 1.7912e+03    940.847      22581  1029.7261  1029.7227     4.4223     0.0744     0.1203    34.2694    34.2654    8.15228         30 0.0000e+00
    461.000    455.720    -0.4633  28.306257    -0.4611  28.305799     5.1540     5.2888     0.0185    93.2410 1.0000e-12  -74.23136 -112.13262  31.958068      99.85 1.7765e+03    942.110      22612  1029.7316  1029.7289     4.4233     0.0729     0.1223    34.2710    34.2679    8.14959         28 0.0000e+00
    462.000    456.707    -0.4566  28.312894    -0.4546  28.312510     5.1580     5.2808     0.0277    93.2636 1.0000e-12  -74.23136 -112.13260  31.958081      99.85 1.7758e+03    943.210      22638  1029.7367  1029.7344     4.4244     0.0754     0.1201    34.2717    34.2689    8.14810         25 0.0000e+00
    463.000    457.696    -0.4517  28.318253    -0.4495  28.317799     5.1485     5.2803     0.0225    93.2577 1.0000e-12  -74.23136 -112.13262  31.958093      99.85 1.8553e+03    944.229      22662  1029.7423  1029.7397     4.4241     0.0757     0.1190    34.2728    34.2697    8.14700         24 0.0000e+00
    464.000    458.682    -0.4470  28.322999    -0.4447  28.322778     5.1295     5.2601     0.0123    93.2455 1.0000e-12  -74.23136 -112.13262  31.958105      98.28 1.9676e+03    945.273      22688  1029.7473  1029.7448     4.4235     0.0735     0.1209    34.2733    34.2703    8.14596         27 0.0000e+00
    465.000    459.669    -0.4245  28.345759    -0.4217  28.344357     5.1064     5.2237     0.0129    93.2411 1.0000e-12  -74.23136 -112.13262  31.958120      85.71 2.0760e+03    946.550      22718  1029.7540  1029.7498     4.4233     0.0720     0.1216    34.2778    34.2728    8.14087         32 0.0000e+00
    466.000    460.658    -0.3814  28.387207    -0.3779  28.387460     5.0780     5.2005     0.0230    93.2400 1.0000e-12  -74.23136 -112.13261  31.958136     100.15 2.1498e+03    947.944      22752  1029.7606  1029.7575     4.4233     0.0756     0.1200    34.2841    34.2805    8.13129         31 0.0000e+00
    467.000    461.645    -0.3705  28.398061    -0.3683  28.397570     5.0795     5.1990     0.0216    93.2483 1.0000e-12  -74.23136 -112.13260  31.958150      99.85 2.1544e+03    949.190      22782  1029.7662  1029.7636     4.4237     0.0732     0.1229    34.2857    34.2826    8.12885         30 0.0000e+00
