ocean_section_plots/required_files/ctd/dnbp2202_ctd087.cnv
* Sea-Bird SBE 9 Data File:
* FileName = D:\Data\raw\NBP2202_CTD087.hex
* Software Version Seasave V 7.26.7.121
* Temperature SN = 1649
* Conductivity SN = 2513
* Number of Bytes Per Scan = 40
* Number of Voltage Words = 5
* Number of Scans Averaged by the Deck Unit = 1
* NMEA Latitude = 74 10.51 S
* NMEA Longitude = 113 20.67 W
* NMEA UTC (Time) = Jan 26 2022  20:22:48
* NMEA baud rate = 9600
** Ship: RVIB N.B. Palmer
** Cruise: NBP2202 Thwaites
** Station: YoYo001
** Operator: A. Robinson
# nquan = 25
# nvalues = 607                         
# units = specified
# name 0 = prDM: Pressure, Digiquartz [db]
# name 1 = depSM: Depth [salt water, m]
# name 2 = t090C: Temperature [ITS-90, deg C]
# name 3 = c0mS/cm: Conductivity [mS/cm]
# name 4 = t190C: Temperature, 2 [ITS-90, deg C]
# name 5 = c1mS/cm: Conductivity, 2 [mS/cm]
# name 6 = sbeox0ML/L: Oxygen, SBE 43 [ml/l]
# name 7 = sbeox1ML/L: Oxygen, SBE 43, 2 [ml/l]
# name 8 = flECO-AFL: Fluorescence, WET Labs ECO-AFL/FL [mg/m^3]
# name 9 = CStarTr0: Beam Transmission, WET Labs C-Star [%]
# name 10 = par: PAR/Irradiance, Biospherical/Licor
# name 11 = latitude: Latitude [deg]
# name 12 = longitude: Longitude [deg]
# name 13 = timeJ: Julian Days
# name 14 = altM: Altimeter [m]
# name 15 = spar: SPAR, Biospherical/Licor
# name 16 = timeS: Time, Elapsed [seconds]
# name 17 = scan: Scan Count
# name 18 = density00: Density [density, kg/m^3]
# name 19 = density11: Density, 2 [density, kg/m^3]
# name 20 = sal00: Salinity, Practical [PSU]
# name 21 = sal11: Salinity, Practical, 2 [PSU]
# name 22 = oxsolML/L: Oxygen Saturation, Garcia & Gordon [ml/l]
# name 23 = nbin: number of scans per bin
# name 24 = flag: flag
# span 0 =     10.000,    616.000       
# span 1 =      9.895,    608.718       
# span 2 =    -1.5369,     0.1172       
# span 3 =  26.912934,  28.953141       
# span 4 =    -1.5366,     0.1178       
# span 5 =  26.912481,  28.952130       
# span 6 =     4.6828,     8.7428       
# span 7 =     4.7594,     8.6147       
# span 8 =    -0.0221,    26.9210       
# span 9 =    67.7747,    95.6788       
# span 10 = 1.0000e-12, 7.3413e+01      
# span 11 =  -74.17530,  -74.17528      
# span 12 = -113.34462, -113.34458      
# span 13 =  26.849572,  26.858251      
# span 14 =       4.16,     100.03      
# span 15 = 1.8508e+03, 1.9709e+03      
# span 16 =     35.048,    784.897      
# span 17 =        842,      18839      
# span 18 =  1027.2270,  1030.5210      
# span 19 =  1027.2253,  1030.5195      
# span 20 =    33.7958,    34.3873      
# span 21 =    33.7938,    34.3852      
# span 22 =    8.02005,    8.41186      
# span 23 =         12,         48      
# span 24 = 0.0000e+00, 0.0000e+00      
# interval = decibars: 1                
# start_time = Jan 26 2022 20:22:48 [NMEA time, header]
# bad_flag = -9.990e-29
*END*
[from data line 290]
    300.000    296.679    -0.6614  27.949992    -0.6598  27.949521     4.9823     5.0650    -0.0127    95.2706 1.0000e-12  -74.17530 -113.34460  26.853463      81.37 1.9603e+03    371.222       8910  1028.8529  1028.8508    34.1126    34.1102    8.20147         28 0.0000e+00
    301.000    297.668    -0.6611  27.950955    -0.6595  27.950523     4.9818     5.0599    -0.0179    95.2877 1.0000e-12  -74.17530 -113.34460  26.853476      93.12 1.9594e+03    372.349       8937  1028.8579  1028.8559    34.1129    34.1105    8.20138         27 0.0000e+00
    302.000    298.656    -0.6592  27.953420    -0.6579  27.952745     4.9759     5.0609    -0.0175    95.2731 1.0000e-12  -74.17530 -113.34460  26.853489      99.77 1.9599e+03    373.483       8965  1028.8630  1028.8610    34.1135    34.1111    8.20094         27 0.0000e+00
    303.000    299.644    -0.6580  27.955199    -0.6567  27.954490     4.9783     5.0618    -0.0195    95.2632 1.0000e-12  -74.17530 -113.34460  26.853503      99.87 1.9591e+03    374.642       8992  1028.8681  1028.8661    34.1139    34.1115    8.20065         28 0.0000e+00
    304.000    300.633    -0.6573  27.956499    -0.6558  27.955873     4.9787     5.0673    -0.0140    95.2742 1.0000e-12  -74.17530 -113.34460  26.853516      99.86 1.9586e+03    375.812       9020  1028.8731  1028.8710    34.1142    34.1117    8.20047         28 0.0000e+00
    305.000    301.621    -0.6557  27.958727    -0.6537  27.958579     4.9716     5.0622    -0.0181    95.2912 1.0000e-12  -74.17530 -113.34460  26.853530      99.87 1.9586e+03    376.968       9048  1028.8783  1028.8762    34.1148    34.1124    8.20009         27 0.0000e+00
    306.000    302.608    -0.6525  27.962584    -0.6506  27.962330     4.9805     5.0697    -0.0140    95.2724 1.0000e-12  -74.17530 -113.34460  26.853543      99.87 1.9586e+03    378.103       9075  1028.8837  1028.8815    34.1159    34.1134    8.19934         28 0.0000e+00
    307.000    303.597    -0.6434  27.973379    -0.6418  27.973073     5.0094     5.0913    -0.0185    95.2776 1.0000e-12  -74.17530 -113.34460  26.853556      99.87 1.9586e+03    379.230       9103  1028.8907  1028.8889    34.1195    34.1173    8.19715         27 0.0000e+00
    308.000    304.586    -0.6509  27.972229    -0.6492  27.972184     5.0154     5.0954     0.0002    95.2751 1.0000e-12  -74.17530 -113.34460  26.853569      99.87 1.9586e+03    380.385       9130  1028.9011  1028.8995    34.1258    34.1238    8.19841         28 0.0000e+00
    309.000    305.573    -0.6531  27.972185    -0.6501  27.972825     5.0052     5.0882    -0.0176    95.2751 1.0000e-12  -74.17530 -113.34460  26.853583      99.87 1.9586e+03    381.559       9158  1028.9076  1028.9054    34.1276    34.1251    8.19879         28 0.0000e+00
    310.000    306.562    -0.6402  27.980872    -0.6390  27.980179     5.0116     5.0954    -0.0116    95.2871 1.0000e-12  -74.17530 -113.34460  26.853596      99.87 1.9586e+03    382.729       9186  1028.9086  1028.9068    34.1242    34.1219    8.19619         28 0.0000e+00
    311.000    307.550    -0.6441  27.978840    -0.6466  27.975815     5.0660     5.1409    -0.0121    95.2917 1.0000e-12  -74.17530 -113.34460  26.853610      96.40 1.9586e+03    383.896       9215  1028.9146  1028.9139    34.1252    34.1240    8.19697         28 0.0000e+00
    312.000    308.538    -0.6621  27.966231    -0.6602  27.966535     5.1259     5.1991    -0.0111    95.2907 1.0000e-12  -74.17530 -113.34460  26.853623      85.37 1.9586e+03    385.058       9242  1028.9230  1028.9215    34.1279    34.1262    8.20073         28 0.0000e+00
    313.000    309.526    -0.7001  27.937904    -0.6998  27.936966     5.1804     5.2351    -0.0062    95.3014 1.0000e-12  -74.17530 -113.34460  26.853637      63.28 1.9586e+03    386.195       9270  1028.9339  1028.9326    34.1320    34.1304    8.20875         27 0.0000e+00
    314.000    310.514    -0.7155  27.926061    -0.7136  27.926330     5.2230     5.2759    -0.0182    95.3132 1.0000e-12  -74.17530 -113.34460  26.853650      92.21 1.9586e+03    387.320       9297  1028.9403  1028.9388    34.1327    34.1310    8.21205         26 0.0000e+00
    315.000    311.502    -0.7324  27.913338    -0.7257  27.917065     5.2664     5.3267    -0.0150    95.2950 1.0000e-12  -74.17530 -113.34460  26.853663     100.03 1.9590e+03    388.461       9324  1028.9471  1028.9447    34.1339    34.1315    8.21564         28 0.0000e+00
    316.000    312.491    -0.7661  27.886844    -0.7675  27.884559     5.3051     5.3672    -0.0186    95.3313 1.0000e-12  -74.17530 -113.34460  26.853676      99.87 1.9603e+03    389.625       9352  1028.9555  1028.9545    34.1356    34.1341    8.22289         29 0.0000e+00
    317.000    313.479    -0.7815  27.875341    -0.7817  27.873900     5.3257     5.3879    -0.0099    95.3747 1.0000e-12  -74.17530 -113.34460  26.853690      99.86 1.9590e+03    390.785       9380  1028.9621  1028.9609    34.1368    34.1352    8.22618         27 0.0000e+00
    318.000    314.467    -0.7959  27.865086    -0.7940  27.865166     5.3237     5.3945    -0.0090    95.4163 1.0000e-12  -74.17530 -113.34460  26.853703      99.87 1.9583e+03    391.925       9407  1028.9691  1028.9673    34.1386    34.1365    8.22922         28 0.0000e+00
    319.000    315.455    -0.7954  27.865708    -0.7941  27.865395     5.3203     5.4025    -0.0128    95.4291 1.0000e-12  -74.17530 -113.34460  26.853716      99.87 1.9572e+03    393.070       9435  1028.9732  1028.9716    34.1382    34.1364    8.22913         27 0.0000e+00
    320.000    316.443    -0.7993  27.863287    -0.7958  27.864354     5.3278     5.4101    -0.0134    95.4626 1.0000e-12  -74.17530 -113.34460  26.853729      99.87 1.9577e+03    394.225       9462  1028.9783  1028.9761    34.1388    34.1363    8.22996         28 0.0000e+00
    321.000    317.431    -0.8033  27.860581    -0.8019  27.860273     5.3262     5.4184    -0.0083    95.4863 1.0000e-12  -74.17530 -113.34460  26.853743      99.87 1.9568e+03    395.381       9490  1028.9833  1028.9817    34.1391    34.1371    8.23081         28 0.0000e+00
    322.000    318.419    -0.8071  27.858052    -0.8055  27.857978     5.3321     5.4213    -0.0106    95.5156 1.0000e-12  -74.17530 -113.34460  26.853756      87.87 1.9568e+03    396.525       9518  1028.9884  1028.9867    34.1393    34.1374    8.23163         27 0.0000e+00
    323.000    319.406    -0.8080  27.857916    -0.8069  27.857221     5.3384     5.4274    -0.0090    95.5467 1.0000e-12  -74.17530 -113.34460  26.853769      76.92 1.9568e+03    397.671       9545  1028.9931  1028.9914    34.1395    34.1374    8.23181         27 0.0000e+00
    324.000    320.396    -0.8084  27.857850    -0.8076  27.857062     5.3510     5.4311    -0.0119    95.5880 1.0000e-12  -74.17530 -113.34460  26.853783      94.68 1.9568e+03    398.818       9573  1028.9975  1028.9959    34.1392    34.1373    8.23190         28 0.0000e+00
    325.000    321.384    -0.8202  27.848726    -0.8188  27.848418     5.3602     5.4361    -0.0148    95.5905 1.0000e-12  -74.17530 -113.34460  26.853796      99.95 1.9569e+03    399.973       9600  1029.0033  1029.0016    34.1396    34.1377    8.23446         27 0.0000e+00
    326.000    322.372    -0.8226  27.847584    -0.8213  27.847017     5.3520     5.4363    -0.0073    95.6111 1.0000e-12  -74.17530 -113.34460  26.853809      99.87 1.9551e+03    401.123       9628  1029.0085  1029.0067    34.1402    34.1380    8.23496         28 0.0000e+00
    327.000    323.361    -0.8232  27.847428    -0.8203  27.848205     5.3420     5.4360    -0.0198    95.6255 1.0000e-12  -74.17530 -113.34460  26.853823      99.86 1.9550e+03    402.269       9655  1029.0130  1029.0111    34.1400    34.1379    8.23509         28 0.0000e+00
    328.000    324.348    -0.8206  27.850178    -0.8186  27.850145     5.3397     5.4260    -0.0075    95.6343 1.0000e-12  -74.17530 -113.34460  26.853836      99.87 1.9541e+03    403.412       9683  1029.0176  1029.0156    34.1402    34.1379    8.23451         27 0.0000e+00
    329.000    325.336    -0.8134  27.857965    -0.8120  27.856966     5.3366     5.4243    -0.0143    95.6495 1.0000e-12  -74.17530 -113.34460  26.853849      99.87 1.9550e+03    404.536       9710  1029.0231  1029.0208    34.1420    34.1391    8.23284         27 0.0000e+00
    330.000    326.323    -0.8017  27.871482    -0.7991  27.871748     5.3368     5.4225    -0.0150    95.6704 1.0000e-12  -74.17530 -113.34460  26.853862      99.87 1.9542e+03    405.659       9737  1029.0305  1029.0282    34.1464    34.1439    8.23002         27 0.0000e+00
    331.000    327.313    -0.7977  27.877568    -0.7961  27.877144     5.3268     5.4210    -0.0150    95.6632 1.0000e-12  -74.17530 -113.34460  26.853875      99.86 1.9548e+03    406.806       9764  1029.0375  1029.0355    34.1496    34.1472    8.22898         28 0.0000e+00
    332.000    328.300    -0.7983  27.879253    -0.7964  27.879201     5.3368     5.4404    -0.0158    95.6558 1.0000e-12  -74.17530 -113.34460  26.853889      99.88 1.9534e+03    407.978       9792  1029.0442  1029.0424    34.1520    34.1498    8.22897         28 0.0000e+00
    333.000    329.290    -0.7949  27.884425    -0.7931  27.884067     5.2999     5.4156    -0.0206    95.6577 1.0000e-12  -74.17530 -113.34460  26.853902      99.86 1.9540e+03    409.150       9821  1029.0508  1029.0487    34.1545    34.1520    8.22808         28 0.0000e+00
    334.000    330.275    -0.7861  27.894281    -0.7845  27.893436     5.1997     5.3172    -0.0166    95.6613 1.0000e-12  -74.17530 -113.34460  26.853916      80.68 1.9545e+03    410.311       9848  1029.0571  1029.0547    34.1573    34.1544    8.22600         28 0.0000e+00
    335.000    331.264    -0.6930  27.984273    -0.6858  27.986428     5.0837     5.2142    -0.0183    95.6773 1.0000e-12  -74.17530 -113.34460  26.853929      96.18 1.9537e+03    411.461       9876  1029.0673  1029.0627    34.1731    34.1679    8.20483         27 0.0000e+00
    336.000    332.254    -0.5969  28.072450    -0.5930  28.072762     4.9965     5.1311    -0.0071    95.6770 1.0000e-12  -74.17530 -113.34460  26.853942      99.88 1.9539e+03    412.608       9904  1029.0729  1029.0695    34.1829    34.1790    8.18343         28 0.0000e+00
    337.000    333.240    -0.5377  28.127192    -0.5388  28.122582     4.9360     5.0656    -0.0095    95.6788 1.0000e-12  -74.17530 -113.34461  26.853956      99.87 1.9550e+03    413.757       9931  1029.0788  1029.0750    34.1892    34.1842    8.17029         28 0.0000e+00
    338.000    334.228    -0.5025  28.158958    -0.4999  28.158616     4.9198     5.0388    -0.0109    95.6449 1.0000e-12  -74.17530 -113.34461  26.853969      99.87 1.9531e+03    414.915       9959  1029.0836  1029.0806    34.1917    34.1882    8.16257         27 0.0000e+00
    339.000    335.217    -0.4749  28.183899    -0.4740  28.181980     4.9119     5.0177    -0.0095    95.6200 1.0000e-12  -74.17530 -113.34461  26.853982      99.87 1.9521e+03    416.061       9986  1029.0884  1029.0855    34.1935    34.1898    8.15653         28 0.0000e+00
    340.000    336.206    -0.4808  28.178633    -0.4787  28.178174     4.9011     4.9968    -0.0180    95.5741 1.0000e-12  -74.17530 -113.34460  26.853996      99.87 1.9528e+03    417.213      10014  1029.0937  1029.0911    34.1924    34.1894    8.15786         27 0.0000e+00
    341.000    337.192    -0.4555  28.202367    -0.4480  28.206053     4.8876     4.9875    -0.0169    95.5051 1.0000e-12  -74.17530 -113.34462  26.854009      99.87 1.9532e+03    418.368      10042  1029.0992  1029.0959    34.1952    34.1917    8.15226         28 0.0000e+00
    342.000    338.181    -0.4439  28.212708    -0.4430  28.211190     4.8791     4.9819    -0.0126    95.4679 1.0000e-12  -74.17530 -113.34462  26.854022      99.87 1.9527e+03    419.530      10070  1029.1040  1029.1015    34.1954    34.1923    8.14976         28 0.0000e+00
    343.000    339.169    -0.4332  28.223586    -0.4331  28.221044     4.8662     4.9612    -0.0187    95.4307 1.0000e-12  -74.17530 -113.34461  26.854036      66.14 1.9522e+03    420.683      10097  1029.1100  1029.1072    34.1974    34.1938    8.14736         28 0.0000e+00
    344.000    340.157    -0.4226  28.233968    -0.4215  28.232498     4.8547     4.9458    -0.0204    95.4151 1.0000e-12  -74.17530 -113.34460  26.854049      90.92 1.9533e+03    421.809      10124  1029.1155  1029.1129    34.1987    34.1955    8.14500         26 0.0000e+00
    345.000    341.144    -0.4091  28.247425    -0.4074  28.246360     4.8523     4.9452    -0.0085    95.4064 1.0000e-12  -74.17530 -113.34460  26.854062      99.90 1.9528e+03    422.921      10151  1029.1215  1029.1187    34.2009    34.1976    8.14198         27 0.0000e+00
    346.000    342.134    -0.4040  28.252694    -0.4029  28.251256     4.8511     4.9414    -0.0108    95.3626 1.0000e-12  -74.17530 -113.34460  26.854075      87.32 1.9518e+03    424.059      10178  1029.1269  1029.1244    34.2017    34.1985    8.14084         28 0.0000e+00
    347.000    343.120    -0.4044  28.252911    -0.4038  28.251069     4.8481     4.9441    -0.0116    95.3155 1.0000e-12  -74.17530 -113.34460  26.854088      99.29 1.9510e+03    425.230      10207  1029.1322  1029.1297    34.2018    34.1986    8.14092         28 0.0000e+00
    348.000    344.109    -0.3992  28.258714    -0.3960  28.259276     4.8470     4.9398    -0.0117    95.2833 1.0000e-12  -74.17530 -113.34460  26.854102      99.87 1.9517e+03    426.421      10235  1029.1380  1029.1355    34.2031    34.2003    8.13973         29 0.0000e+00
    349.000    345.098    -0.3919  28.266946    -0.3900  28.266287     4.8442     4.9254    -0.0192    95.2660 1.0000e-12  -74.17530 -113.34460  26.854116      99.87 1.9527e+03    427.599      10263  1029.1443  1029.1417    34.2053    34.2023    8.13804         28 0.0000e+00
    350.000    346.083    -0.3833  28.276349    -0.3813  28.275825     4.8404     4.9252    -0.0118    95.2605 1.0000e-12  -74.17530 -113.34460  26.854129      99.87 1.9516e+03    428.746      10291  1029.1505  1029.1481    34.2077    34.2047    8.13607         27 0.0000e+00
    351.000    347.073    -0.3811  28.279258    -0.3791  28.278775     4.8400     4.9287    -0.0035    95.2388 1.0000e-12  -74.17530 -113.34460  26.854142      99.86 1.9533e+03    429.853      10317  1029.1560  1029.1535    34.2084    34.2055    8.13555         26 0.0000e+00
    352.000    348.061    -0.3773  28.283742    -0.3751  28.283436     4.8361     4.9226    -0.0165    95.2301 1.0000e-12  -74.17530 -113.34460  26.854155      99.87 1.9533e+03    430.966      10344  1029.1616  1029.1591    34.2095    34.2067    8.13467         28 0.0000e+00
    353.000    349.048    -0.3669  28.295815    -0.3651  28.294887     4.8339     4.9142    -0.0008    95.2455 1.0000e-12  -74.17530 -113.34460  26.854168      99.87 1.9533e+03    432.134      10372  1029.1689  1029.1661    34.2135    34.2101    8.13223         28 0.0000e+00
    354.000    350.037    -0.3509  28.314077    -0.3482  28.314003     4.8268     4.9081    -0.0062    95.2354 1.0000e-12  -74.17530 -113.34460  26.854182      99.87 1.9542e+03    433.334      10401  1029.1772  1029.1745    34.2192    34.2161    8.12847         28 0.0000e+00
    355.000    351.024    -0.3461  28.319606    -0.3440  28.319150     4.8273     4.9084    -0.0149    95.2228 1.0000e-12  -74.17530 -113.34460  26.854196      99.87 1.9536e+03    434.515      10429  1029.1829  1029.1805    34.2206    34.2177    8.12737         29 0.0000e+00
    356.000    352.013    -0.3458  28.320424    -0.3433  28.320443     4.8234     4.9076    -0.0142    95.2120 1.0000e-12  -74.17530 -113.34460  26.854209      99.87 1.9533e+03    435.654      10457  1029.1880  1029.1857    34.2208    34.2181    8.12729         27 0.0000e+00
