ocean_section_plots/required_files/ctd/dnbp2202_ctd225.cnv
* Sea-Bird SBE 9 Data File:
* FileName = D:\Data\raw\NBP2202_CTD225.hex
* Software Version Seasave V 7.26.7.121
* Temperature SN = 1649
* Conductivity SN = 2513
* Number of Bytes Per Scan = 40
* Number of Voltage Words = 5
* Number of Scans Averaged by the Deck Unit = 1
* NMEA Latitude = 73 57.30 S
* NMEA Longitude = 111 26.03 W
* NMEA UTC (Time) = Feb 12 2022  10:44:23
* NMEA baud rate = 9600
** Ship: RVIB N.B. Palmer
** Cruise: NBP2202 Thwaites
** Station: 135
** Operator: B. Bjork
# nquan = 28
# nvalues = 720                         
# units = specified
# name 0 = prDM: Pressure, Digiquartz [db]
# name 1 = depSM: Depth [salt water, m]
# name 2 = t090C: Temperature [ITS-90, deg C]
# name 3 = c0mS/cm: Conductivity [mS/cm]
# name 4 = t190C: Temperature, 2 [ITS-90, deg C]
# name 5 = c1mS/cm: Conductivity, 2 [mS/cm]
# name 6 = sbeox0ML/L: Oxygen, SBE 43 [ml/l]
# name 7 = sbeox1ML/L: Oxygen, SBE 43, 2 [ml/l]
# name 8 = flECO-AFL: Fluorescence, WET Labs ECO-AFL/FL [mg/m^3]
# name 9 = CStarTr0: Beam Transmission, WET Labs C-Star [%]
# name 10 = par: PAR/Irradiance, Biospherical/Licor
# name 11 = latitude: Latitude [deg]
# name 12 = longitude: Longitude [deg]
# name 13 = timeJ: Julian Days
# name 14 = altM: Altimeter [m]
# name 15 = spar: SPAR, Biospherical/Licor
# name 16 = timeS: Time, Elapsed [seconds]
# name 17 = scan: Scan Count
# name 18 = density00: Density [density, kg/m^3]
# name 19 = density11: Density, 2 [density, kg/m^3]
# name 20 = v3: Voltage 3
# name 21 = v4: Voltage 4
# name 22 = v5: Voltage 5
# name 23 = sal00: Salinity, Practical [PSU]
# name 24 = sal11: Salinity, Practical, 2 [PSU]
# name 25 = oxsolML/L: Oxygen Saturation, Garcia & Gordon [ml/l]
# name 26 = nbin: number of scans per bin
# name 27 = flag: flag
# span 0 =      2.000,    721.000       
# span 1 =      1.980,    712.306       
# span 2 =    -1.5783,     0.3862       
# span 3 =  26.993588,  29.329264       
# span 4 =    -1.5774,     0.3885       
# span 5 =  26.993773,  29.329495       
# span 6 =     4.6051,     8.2572       
# span 7 =     4.7260,     8.5132       
# span 8 =    -0.0151,    21.8659       
# span 9 =    76.9753,    97.6855       
# span 10 = -4.419e-05, 3.0077e+01      
# span 11 =  -73.95500,  -73.95500      
# span 12 = -111.43390, -111.43388      
# span 13 =  43.450341,  43.460184      
# span 14 =       3.57,     100.09      
# span 15 = 3.1274e+02, 3.9960e+02      
# span 16 =    246.439,   1096.919      
# span 17 =       5916,      26327      
# span 18 =  1027.2322,  1031.0996      
# span 19 =  1027.2317,  1031.0977      
# span 20 =     3.6518,     4.6340      
# span 21 =     0.0651,     2.8205      
# span 22 =     0.1084,     0.2175      
# span 23 =    33.8404,    34.5194      
# span 24 =    33.8393,    34.5173      
# span 25 =    7.95685,    8.41224      
# span 26 =         21,         48      
# span 27 = 0.0000e+00, 0.0000e+00      
# interval = decibars: 1                
# start_time = Feb 12 2022 10:44:23 [NMEA time, header]
# bad_flag = -9.990e-29
*END*
[from data line 674]
    676.000    667.920     0.3778  29.301017     0.3801  29.301262     4.6133     4.7379     0.0126    96.9462 1.0000e-12  -73.95500 -111.43388  43.459089      52.48 3.9665e+02   1002.306      24056  1030.8880  1030.8861     4.5990     0.0671     0.1319    34.5177    34.5154    7.95867         26 0.0000e+00
    677.000    668.909     0.3778  29.301495     0.3801  29.301780     4.6132     4.7393     0.0087    96.9407 1.0000e-12  -73.95500 -111.43390  43.459101      51.53 3.9665e+02   1003.358      24082  1030.8927  1030.8908     4.5987     0.0661     0.1316    34.5177    34.5155    7.95867         25 0.0000e+00
    678.000    669.894     0.3781  29.302111     0.3802  29.302263     4.6128     4.7408     0.0119    96.9365 1.0000e-12  -73.95500 -111.43388  43.459114      50.47 3.9615e+02   1004.410      24107  1030.8973  1030.8955     4.5985     0.0673     0.1420    34.5176    34.5155    7.95861         25 0.0000e+00
    679.000    670.880     0.3781  29.302589     0.3803  29.302844     4.6159     4.7407     0.0094    96.9466 1.0000e-12  -73.95500 -111.43389  43.459126      49.49 3.9691e+02   1005.495      24133  1030.9021  1030.9001     4.5990     0.0688     0.1322    34.5177    34.5155    7.95862         27 0.0000e+00
    680.000    671.868     0.3784  29.303415     0.3807  29.303595     4.6132     4.7414     0.0069    96.9618 1.0000e-12  -73.95500 -111.43389  43.459139      48.41 3.9704e+02   1006.619      24160  1030.9068  1030.9048     4.5997     0.0680     0.1343    34.5178    34.5155    7.95854         27 0.0000e+00
    681.000    672.853     0.3792  29.304708     0.3814  29.304822     4.6200     4.7365     0.0125    96.9303 1.0000e-12  -73.95500 -111.43390  43.459153      47.40 3.9823e+02   1007.775      24188  1030.9117  1030.9096     4.5982     0.0675     0.1277    34.5181    34.5157    7.95837         28 0.0000e+00
    682.000    673.840     0.3798  29.305732     0.3821  29.305900     4.6160     4.7346     0.0143    96.9322 1.0000e-12  -73.95500 -111.43390  43.459166      46.39 3.9841e+02   1008.977      24216  1030.9164  1030.9143     4.5983     0.0667     0.1357    34.5182    34.5158    7.95824         30 0.0000e+00
    683.000    674.827     0.3807  29.307016     0.3828  29.307125     4.6068     4.7405     0.0143    96.9449 1.0000e-12  -73.95500 -111.43390  43.459181      45.34 3.9841e+02   1010.210      24246  1030.9210  1030.9191     4.5989     0.0673     0.1350    34.5182    34.5161    7.95804         30 0.0000e+00
    684.000    675.814     0.3810  29.307832     0.3833  29.308052     4.6143     4.7376     0.0143    96.9350 1.0000e-12  -73.95500 -111.43390  43.459195      44.37 3.9841e+02   1011.470      24276  1030.9258  1030.9238     4.5985     0.0680     0.1316    34.5184    34.5161    7.95797         28 0.0000e+00
    685.000    676.799     0.3813  29.308524     0.3837  29.308860     4.6123     4.7355     0.0167    96.9272 1.0000e-12  -73.95500 -111.43390  43.459210      43.36 3.9841e+02   1012.758      24307  1030.9305  1030.9285     4.5981     0.0662     0.1285    34.5183    34.5162    7.95791         31 0.0000e+00
    686.000    677.786     0.3820  29.309855     0.3844  29.310080     4.6159     4.7366     0.0178    96.8931 1.0000e-12  -73.95500 -111.43390  43.459226      42.33 3.9841e+02   1014.084      24339  1030.9354  1030.9333     4.5965     0.0682     0.1304    34.5187    34.5164    7.95774         33 0.0000e+00
    687.000    678.771     0.3822  29.310301     0.3844  29.310547     4.6132     4.7352     0.0143    96.9416 1.0000e-12  -73.95500 -111.43390  43.459242      41.25 3.9841e+02   1015.468      24372  1030.9400  1030.9380     4.5987     0.0685     0.1316    34.5186    34.5164    7.95772         34 0.0000e+00
    688.000    679.758     0.3823  29.310926     0.3846  29.311139     4.6118     4.7324     0.0111    96.9540 1.0000e-12  -73.95500 -111.43390  43.459258      40.25 3.9841e+02   1016.886      24406  1030.9447  1030.9427     4.5993     0.0686     0.1298    34.5186    34.5164    7.95769         34 0.0000e+00
    689.000    680.745     0.3825  29.311537     0.3847  29.311705     4.6127     4.7327     0.0022    96.9310 1.0000e-12  -73.95500 -111.43390  43.459275      39.25 3.9841e+02   1018.323      24441  1030.9493  1030.9474     4.5983     0.0689     0.1329    34.5187    34.5164    7.95765         32 0.0000e+00
    690.000    681.731     0.3824  29.311941     0.3848  29.312121     4.6083     4.7337     0.0119    96.9335 1.0000e-12  -73.95500 -111.43390  43.459291      38.19 3.9841e+02   1019.787      24476  1030.9541  1030.9520     4.5984     0.0685     0.1299    34.5187    34.5163    7.95766         36 0.0000e+00
    691.000    682.717     0.3832  29.313353     0.3855  29.313414     4.6132     4.7350     0.0143    96.9041 1.0000e-12  -73.95500 -111.43390  43.459309      37.17 3.9960e+02   1021.296      24512  1030.9590  1030.9569     4.5970     0.0662     0.1316    34.5191    34.5166    7.95748         37 0.0000e+00
    692.000    683.704     0.3848  29.315263     0.3872  29.315615     4.6132     4.7358     0.0143    96.9359 1.0000e-12  -73.95500 -111.43390  43.459326      36.18 3.9916e+02   1022.796      24548  1030.9637  1030.9618     4.5985     0.0682     0.1263    34.5193    34.5170    7.95715         35 0.0000e+00
    693.000    684.690     0.3852  29.316146     0.3875  29.316432     4.6088     4.7367     0.0143    96.9185 1.0000e-12  -73.95500 -111.43390  43.459344      35.12 3.9844e+02   1024.339      24585  1030.9685  1030.9665     4.5977     0.0681     0.1325    34.5194    34.5172    7.95706         38 0.0000e+00
    694.000    685.677     0.3849  29.316310     0.3871  29.316493     4.6066     4.7291     0.0143    96.9188 1.0000e-12  -73.95500 -111.43390  43.459364      34.07 3.9841e+02   1026.062      24626  1030.9732  1030.9712     4.5977     0.0681     0.1353    34.5194    34.5171    7.95712         39 0.0000e+00
    695.000    686.663     0.3849  29.316707     0.3870  29.316791     4.6110     4.7301     0.0097    96.9372 1.0000e-12  -73.95500 -111.43390  43.459386      33.03 3.9841e+02   1027.932      24671  1030.9779  1030.9759     4.5986     0.0703     0.1392    34.5193    34.5171    7.95712         45 0.0000e+00
    696.000    687.650     0.3849  29.317252     0.3872  29.317470     4.6131     4.7309     0.0099    96.9590 1.0000e-12  -73.95500 -111.43390  43.459408      32.06 3.9841e+02   1029.834      24717  1030.9826  1030.9806     4.5996     0.0688     0.1346    34.5194    34.5171    7.95711         42 0.0000e+00
    697.000    688.636     0.3853  29.318045     0.3875  29.318264     4.6055     4.7331     0.0143    96.9311 1.0000e-12  -73.95500 -111.43390  43.459430      31.04 3.9841e+02   1031.756      24763  1030.9873  1030.9853     4.5983     0.0684     0.1323    34.5194    34.5172    7.95703         41 0.0000e+00
    698.000    689.621     0.3853  29.318452     0.3875  29.318667     4.6135     4.7320     0.0143    96.9403 1.0000e-12  -73.95500 -111.43390  43.459452      30.04 3.9731e+02   1033.675      24809  1030.9919  1030.9900     4.5987     0.0685     0.1294    34.5194    34.5172    7.95703         40 0.0000e+00
    699.000    690.609     0.3851  29.318564     0.3873  29.318888     4.6087     4.7357     0.0143    96.8984 1.0000e-12  -73.95500 -111.43390  43.459474      28.99 3.9666e+02   1035.566      24855  1030.9965  1030.9947     4.5967     0.0686     0.1308    34.5192    34.5171    7.95708         38 0.0000e+00
    700.000    691.594     0.3853  29.319295     0.3875  29.319477     4.6114     4.7329     0.0153    96.8994 1.0000e-12  -73.95500 -111.43390  43.459496      27.99 3.9669e+02   1037.461      24900  1031.0013  1030.9994     4.5967     0.0691     0.1330    34.5193    34.5172    7.95703         42 0.0000e+00
    701.000    692.581     0.3854  29.319888     0.3877  29.320204     4.6084     4.7343     0.0171    96.9415 1.0000e-12  -73.95500 -111.43390  43.459518      26.99 3.9578e+02   1039.359      24946  1031.0060  1031.0041     4.5988     0.0703     0.1316    34.5194    34.5173    7.95700         43 0.0000e+00
    702.000    693.565     0.3854  29.320225     0.3876  29.320478     4.6104     4.7326     0.0142    96.9348 1.0000e-12  -73.95500 -111.43390  43.459540      25.95 3.9445e+02   1041.283      24992  1031.0106  1031.0087     4.5985     0.0683     0.1285    34.5193    34.5172    7.95702         35 0.0000e+00
    703.000    694.555     0.3853  29.320578     0.3876  29.320890     4.6099     4.7285     0.0143    96.9566 1.0000e-12  -73.95500 -111.43390  43.459563      24.94 3.9522e+02   1043.239      25039  1031.0153  1031.0134     4.5995     0.0693     0.1299    34.5193    34.5172    7.95704         38 0.0000e+00
    704.000    695.540     0.3855  29.321120     0.3876  29.321369     4.6085     4.7339     0.0291    96.9759 1.0000e-12  -73.95500 -111.43390  43.459586      23.95 3.9567e+02   1045.186      25085  1031.0200  1031.0181     4.6004     0.0684     0.1281    34.5192    34.5172    7.95701         37 0.0000e+00
    705.000    696.525     0.3854  29.321566     0.3876  29.321804     4.6084     4.7390     0.0401    96.9490 1.0000e-12  -73.95500 -111.43390  43.459608      22.91 3.9392e+02   1047.125      25132  1031.0247  1031.0228     4.5991     0.0695     0.1366    34.5193    34.5172    7.95701         43 0.0000e+00
    706.000    697.513     0.3854  29.321982     0.3876  29.322265     4.6105     4.7330     0.0151    96.9437 1.0000e-12  -73.95500 -111.43390  43.459631      21.86 3.9456e+02   1049.131      25180  1031.0294  1031.0275     4.5989     0.0689     0.1297    34.5193    34.5172    7.95702         40 0.0000e+00
    707.000    698.498     0.3853  29.322400     0.3877  29.322658     4.6058     4.7338     0.0075    96.9595 1.0000e-12  -73.95500 -111.43390  43.459657      20.85 3.9385e+02   1051.321      25233  1031.0341  1031.0321     4.5996     0.0699     0.1279    34.5194    34.5171    7.95703         41 0.0000e+00
    708.000    699.487     0.3855  29.322947     0.3877  29.323159     4.6118     4.7353     0.0156    96.9243 1.0000e-12  -73.95500 -111.43390  43.459685      19.82 3.9181e+02   1053.816      25293  1031.0387  1031.0368     4.5979     0.0690     0.1349    34.5193    34.5171    7.95699         37 0.0000e+00
    709.000    700.472     0.3855  29.323358     0.3878  29.323637     4.6099     4.7341     0.0187    96.9262 1.0000e-12  -73.95500 -111.43390  43.459717      18.79 3.9216e+02   1056.535      25358  1031.0434  1031.0415     4.5980     0.0702     0.1344    34.5192    34.5171    7.95700         35 0.0000e+00
    710.000    701.456     0.3856  29.323981     0.3879  29.324245     4.6085     4.7311     0.0188    96.9431 1.0000e-12  -73.95500 -111.43390  43.459749      17.74 3.9167e+02   1059.331      25425  1031.0481  1031.0462     4.5989     0.0706     0.1315    34.5193    34.5171    7.95696         37 0.0000e+00
    711.000    702.443     0.3857  29.324495     0.3880  29.324727     4.6082     4.7260     0.0128    96.9554 1.0000e-12  -73.95500 -111.43390  43.459782      16.73 3.8961e+02   1062.152      25493  1031.0528  1031.0508     4.5995     0.0702     0.1292    34.5193    34.5171    7.95694         39 0.0000e+00
    712.000    703.431     0.3858  29.325023     0.3881  29.325253     4.6066     4.7305     0.0114    96.9626 1.0000e-12  -73.95500 -111.43390  43.459815      15.74 3.8960e+02   1065.000      25561  1031.0575  1031.0555     4.5998     0.0690     0.1306    34.5193    34.5171    7.95693         38 0.0000e+00
    713.000    704.417     0.3858  29.325470     0.3881  29.325720     4.6097     4.7336     0.0097    96.9644 1.0000e-12  -73.95500 -111.43390  43.459848      14.68 3.9010e+02   1067.873      25630  1031.0622  1031.0602     4.5998     0.0700     0.1310    34.5193    34.5171    7.95692         35 0.0000e+00
    714.000    705.404     0.3860  29.326060     0.3882  29.326230     4.6051     4.7315     0.0146    96.9447 1.0000e-12  -73.95500 -111.43389  43.459881      13.67 3.9040e+02   1070.756      25699  1031.0668  1031.0649     4.5989     0.0702     0.1275    34.5193    34.5171    7.95689         41 0.0000e+00
    715.000    706.389     0.3861  29.326540     0.3884  29.326816     4.6101     4.7320     0.0143    96.9096 1.0000e-12  -73.95500 -111.43388  43.459915      12.69 3.9116e+02   1073.689      25770  1031.0715  1031.0696     4.5972     0.0710     0.1301    34.5193    34.5171    7.95687         38 0.0000e+00
    716.000    707.375     0.3862  29.327117     0.3884  29.327334     4.6063     4.7331     0.0100    96.9354 1.0000e-12  -73.95500 -111.43388  43.459949      11.67 3.9207e+02   1076.565      25839  1031.0762  1031.0743     4.5985     0.0700     0.1300    34.5194    34.5171    7.95685         46 0.0000e+00
    717.000    708.363     0.3862  29.327483     0.3884  29.327763     4.6096     4.7321     0.0102    96.9557 1.0000e-12  -73.95500 -111.43388  43.459981      10.66 3.8971e+02   1079.326      25905  1031.0808  1031.0789     4.5994     0.0696     0.1336    34.5193    34.5171    7.95685         42 0.0000e+00
    718.000    709.347     0.3862  29.327932     0.3885  29.328272     4.6054     4.7327     0.0144    96.9497 1.0000e-12  -73.95500 -111.43388  43.460013       9.65 3.8960e+02   1082.129      25972  1031.0855  1031.0836     4.5991     0.0690     0.1395    34.5193    34.5172    7.95685         42 0.0000e+00
    719.000    710.333     0.3862  29.328435     0.3885  29.328673     4.6076     4.7309     0.0171    96.8799 1.0000e-12  -73.95500 -111.43388  43.460046       8.63 3.9018e+02   1084.998      26041  1031.0903  1031.0882     4.5958     0.0696     0.1329    34.5194    34.5171    7.95685         41 0.0000e+00
    720.000    711.320     0.3861  29.328857     0.3884  29.328956     4.6058     4.7273     0.0194    96.9051 1.0000e-12  -73.95500 -111.43388  43.460080       7.61 3.9003e+02   1087.914      26111  1031.0949  1031.0929     4.5970     0.0698     0.1508    34.5194    34.5170    7.95686         37 0.0000e+00
    721.000    712.306     0.3861  29.329264     0.3884  29.329495     4.6088     4.7319     0.0101    96.9544 1.0000e-12  -73.95500 -111.43390  43.460184       6.43 3.9325e+02   1096.919      26327  1031.0996  1031.0977     4.5994     0.0694     0.1523    34.5194    34.5171    7.95686         41 0.0000e+00
