ocean_section_plots/required_files/ctd/dnbp2202_ctd046.cnv
* Sea-Bird SBE 9 Data File:
* FileName = D:\Data\raw\NBP2202_CTD046.hex
* Software Version Seasave V 7.26.7.121
* Temperature SN = 1649
* Conductivity SN = 2513
* Number of Bytes Per Scan = 40
* Number of Voltage Words = 5
* Number of Scans Averaged by the Deck Unit = 1
* NMEA Latitude = 74 10.52 S
* NMEA Longitude = 113 10.44 W
* NMEA UTC (Time) = Jan 24 2022  00:27:04
* NMEA baud rate = 9600
** Ship: RVIB N.B. Palmer
** Cruise: NBP2202 Thwaites
** Station: Section Dotson C
** Operator: A. Robinson
# nquan = 25
# nvalues = 915                         
# units = specified
# name 0 = prDM: Pressure, Digiquartz [db]
# name 1 = depSM: Depth [salt water, m]
# name 2 = t090C: Temperature [ITS-90, deg C]
# name 3 = c0mS/cm: Conductivity [mS/cm]
# name 4 = t190C: Temperature, 2 [ITS-90, deg C]
# name 5 = c1mS/cm: Conductivity, 2 [mS/cm]
# name 6 = sbeox0ML/L: Oxygen, SBE 43 [ml/l]
# name 7 = sbeox1ML/L: Oxygen, SBE 43, 2 [ml/l]
# name 8 = flECO-AFL: Fluorescence, WET Labs ECO-AFL/FL [mg/m^3]
# name 9 = CStarTr0: Beam Transmission, WET Labs C-Star [%]
# name 10 = par: PAR/Irradiance, Biospherical/Licor
# name 11 = latitude: Latitude [deg]
# name 12 = longitude: Longitude [deg]
# name 13 = timeJ: Julian Days
# name 14 = altM: Altimeter [m]
# name 15 = spar: SPAR, Biospherical/Licor
# name 16 = timeS: Time, Elapsed [seconds]
# name 17 = scan: Scan Count
# name 18 = density00: Density [density, kg/m^3]
# name 19 = density11: Density, 2 [density, kg/m^3]
# name 20 = sal00: Salinity, Practical [PSU]
# name 21 = sal11: Salinity, Practical, 2 [PSU]
# name 22 = oxsolML/L: Oxygen Saturation, Garcia & Gordon [ml/l]
# name 23 = nbin: number of scans per bin
# name 24 = flag: flag
# span 0 =     10.000,    924.000       
# span 1 =      9.895,    912.398       
# span 2 =    -1.4959,     0.3417       
# span 3 =  26.979022,  29.346238       
# span 4 =    -1.4948,     0.3432       
# span 5 =  26.981034,  29.345633       
# span 6 =     4.6145,     9.2593       
# span 7 =     4.8639,     9.8131       
# span 8 =    -0.0207,    28.5847       
# span 9 =    67.3266,    96.3907       
# span 10 = -7.350e-05, 1.3664e+01      
# span 11 =  -74.17540,  -74.17538      
# span 12 = -113.17406, -113.17402      
# span 13 =  24.019160,  24.033061      
# span 14 =       8.41,     100.13      
# span 15 = 3.9303e+02, 5.1156e+02      
# span 16 =     31.431,   1232.492      
# span 17 =        755,      29581      
# span 18 =  1027.2304,  1032.0166      
# span 19 =  1027.2289,  1032.0142      
# span 20 =    33.8013,    34.4753      
# span 21 =    33.8011,    34.4729      
# span 22 =    7.96848,    8.39763      
# span 23 =          3,         47      
# span 24 = 0.0000e+00, 0.0000e+00      
# interval = decibars: 1                
# start_time = Jan 24 2022 00:27:04 [NMEA time, header]
# bad_flag = -9.990e-29
*END*
     10.000      9.895    -0.6523  27.608171    -0.6521  27.606928     9.1319     9.3326    25.6255    69.3570 1.3664e+01  -74.17540 -113.17405  24.019160      92.39 5.0805e+02     31.431        755  1027.2304  1027.2289    33.8188    33.8169    8.21650         19 0.0000e+00
     11.000     10.886    -0.6553  27.606085    -0.6529  27.606373     9.1222     9.3876    27.9996    68.5153 1.0075e+01  -74.17540 -113.17405  24.019181      99.81 5.0781e+02     33.245        799  1027.2353  1027.2334    33.8187    33.8165    8.21716         39 0.0000e+00
     12.000     11.874    -0.6567  27.605339    -0.6547  27.605385     9.1656     9.4812    26.9907    68.4779 7.4006e+00  -74.17540 -113.17404  24.019202      99.97 5.0771e+02     35.058        842  1027.2401  1027.2383    33.8186    33.8165    8.21746         34 0.0000e+00
     13.000     12.865    -0.6398  27.621816    -0.6402  27.618515     9.2161     9.5838    28.3022    69.7575 5.4826e+00  -74.17540 -113.17404  24.019223      99.97 5.0766e+02     36.853        885  1027.2460  1027.2427    33.8214    33.8173    8.21364         43 0.0000e+00
     14.000     13.854    -0.6000  27.655636    -0.5953  27.657773     9.2223     9.6168    27.8500    69.0762 4.0806e+00  -74.17540 -113.17404  24.019244      99.97 5.0675e+02     38.661        929  1027.2486  1027.2464    33.8218    33.8194    8.20497         41 0.0000e+00
     15.000     14.844    -0.6170  27.640699    -0.6144  27.642303     9.1950     9.6187    26.5556    69.0624 3.0717e+00  -74.17540 -113.17404  24.019265      99.97 5.0637e+02     40.465        972  1027.2534  1027.2526    33.8201    33.8193    8.20875         42 0.0000e+00
     16.000     15.834    -0.6190  27.639920    -0.6219  27.635687     9.1809     9.6343    27.4687    68.5967 2.2965e+00  -74.17540 -113.17404  24.019285      99.97 5.0595e+02     42.245       1015  1027.2589  1027.2571    33.8207    33.8182    8.20916         40 0.0000e+00
     17.000     16.823    -0.6331  27.628450    -0.6320  27.627332     9.1696     9.6468    26.3234    68.8413 1.7329e+00  -74.17540 -113.17404  24.019306      99.65 5.0595e+02     44.058       1058  1027.2644  1027.2622    33.8203    33.8176    8.21223         39 0.0000e+00
     18.000     17.813    -0.6343  27.627361    -0.6306  27.629339     9.1501     9.6659    27.2874    69.6128 1.3185e+00  -74.17540 -113.17404  24.019327      99.08 5.0595e+02     45.884       1102  1027.2688  1027.2673    33.8196    33.8181    8.21254         41 0.0000e+00
     19.000     18.802    -0.6377  27.624962    -0.6328  27.627237     9.1632     9.6809    25.4369    68.6996 1.0001e+00  -74.17540 -113.17405  24.019348      99.97 5.0595e+02     47.662       1145  1027.2737  1027.2714    33.8196    33.8171    8.21328         39 0.0000e+00
     20.000     19.792    -0.6336  27.629073    -0.6330  27.627787     9.1872     9.6921    25.3493    69.0427 7.5663e-01  -74.17540 -113.17405  24.019369      99.97 5.0591e+02     49.467       1188  1027.2785  1027.2766    33.8199    33.8175    8.21237         44 0.0000e+00
     21.000     20.782    -0.6255  27.636779    -0.6312  27.630168     9.2258     9.7282    27.0705    69.4126 5.7360e-01  -74.17540 -113.17405  24.019390      99.97 5.0568e+02     51.299       1232  1027.2833  1027.2817    33.8206    33.8181    8.21057         39 0.0000e+00
     22.000     21.771    -0.6078  27.652520    -0.6149  27.644602     9.2293     9.7717    23.4593    69.6881 4.3228e-01  -74.17540 -113.17405  24.019411      99.98 5.0508e+02     53.081       1275  1027.2876  1027.2858    33.8215    33.8187    8.20668         37 0.0000e+00
     23.000     22.760    -0.5957  27.663501    -0.5925  27.663945     9.2308     9.7859    25.8802    69.8444 3.2167e-01  -74.17540 -113.17404  24.019432      99.97 5.0433e+02     54.886       1318  1027.2922  1027.2896    33.8221    33.8191    8.20402         40 0.0000e+00
     24.000     23.750    -0.6062  27.654743    -0.5954  27.662281     9.2593     9.8020    27.4712    68.9197 2.3789e-01  -74.17540 -113.17404  24.019452      98.76 5.0418e+02     56.684       1361  1027.2974  1027.2951    33.8214    33.8195    8.20633         43 0.0000e+00
     25.000     24.740    -0.5892  27.669927    -0.5859  27.670559     9.2549     9.8131    27.1261    67.3266 1.7296e-01  -74.17540 -113.17404  24.019474      98.74 5.0418e+02     58.507       1405  1027.3017  1027.2993    33.8222    33.8194    8.20260         38 0.0000e+00
     26.000     25.729    -0.5864  27.672610    -0.5836  27.673361     9.2450     9.7947    28.5847    68.1931 1.2099e-01  -74.17540 -113.17404  24.019494      99.96 5.0418e+02     60.302       1448  1027.3064  1027.3045    33.8221    33.8200    8.20199         39 0.0000e+00
     27.000     26.719    -0.5942  27.666438    -0.5972  27.662015     9.1768     9.7155    26.7240    69.0133 8.1744e-02  -74.17540 -113.17404  24.019515      99.97 5.0418e+02     62.101       1491  1027.3116  1027.3098    33.8219    33.8193    8.20370         44 0.0000e+00
     28.000     27.708    -0.6544  27.614487    -0.6278  27.635920     8.9088     9.4251    26.4489    67.4834 5.1513e-02  -74.17540 -113.17404  24.019536      99.98 5.0418e+02     63.907       1535  1027.3181  1027.3155    33.8186    33.8177    8.21697         40 0.0000e+00
     29.000     28.698    -0.7469  27.533607    -0.7686  27.520120     8.4404     9.0540    25.9257    67.3759 2.7222e-02  -74.17540 -113.17404  24.019557      99.97 5.0418e+02     65.685       1577  1027.3234  1027.3301    33.8122    33.8183    8.23753         41 0.0000e+00
     30.000     29.688    -1.0008  27.316566    -0.9851  27.332099     8.2723     8.8728    25.4932    68.1601 8.9560e-03  -74.17540 -113.17405  24.019577      99.97 5.0418e+02     67.495       1621  1027.3358  1027.3376    33.8022    33.8057    8.29386         40 0.0000e+00
     31.000     30.676    -1.0501  27.275693    -1.0389  27.285386     8.2789     8.8323    22.0760    69.0540 -7.350e-05  -74.17540 -113.17406  24.019598      97.23 5.0418e+02     69.288       1664  1027.3409  1027.3406    33.8013    33.8018    8.30483         37 0.0000e+00
     32.000     31.666    -1.0649  27.264503    -1.0625  27.265790     8.3072     8.8235    21.0528    69.7128 2.5867e-06  -74.17540 -113.17406  24.019619      96.54 5.0418e+02     71.066       1707  1027.3453  1027.3445    33.8021    33.8011    8.30806         39 0.0000e+00
     33.000     32.658    -1.0679  27.263236    -1.0669  27.263259     8.3018     8.8141    18.3784    68.2040 1.0000e-12  -74.17540 -113.17406  24.019640     100.13 5.0418e+02     72.891       1750  1027.3496  1027.3487    33.8031    33.8019    8.30867         37 0.0000e+00
     34.000     33.647    -1.0865  27.248316    -1.0837  27.249902     8.3010     8.7986    22.3619    69.7069 1.0000e-12  -74.17540 -113.17406  24.019661      99.87 5.0418e+02     74.699       1794  1027.3543  1027.3534    33.8030    33.8020    8.31279         34 0.0000e+00
     35.000     34.635    -1.0907  27.246117    -1.0864  27.248544     8.3300     8.8168    19.2774    71.8801 1.0000e-12  -74.17540 -113.17406  24.019681      99.97 5.0418e+02     76.470       1836  1027.3592  1027.3578    33.8041    33.8026    8.31366         36 0.0000e+00
     36.000     35.624    -1.0635  27.270534    -1.0723  27.260603     8.3944     8.8789    20.0886    71.2073 1.0000e-12  -74.17540 -113.17406  24.019702      99.87 5.0418e+02     78.269       1879  1027.3631  1027.3608    33.8062    33.8025    8.30750         40 0.0000e+00
     37.000     36.614    -1.0321  27.298393    -1.0390  27.290365     8.4873     8.9472    18.6747    71.6030 1.0000e-12  -74.17540 -113.17406  24.019723      99.96 5.0418e+02     80.071       1923  1027.3670  1027.3651    33.8082    33.8051    8.30042         36 0.0000e+00
     38.000     37.603    -0.9742  27.349116    -0.9924  27.331190     8.4974     8.9663    20.0386    71.9836 1.0000e-12  -74.17540 -113.17406  24.019744      99.96 5.0418e+02     81.860       1966  1027.3709  1027.3687    33.8116    33.8076    8.28745         39 0.0000e+00
     39.000     38.593    -0.9769  27.345841    -0.9765  27.345182     8.4625     8.9402    22.5225    71.9304 1.0000e-12  -74.17540 -113.17406  24.019764      96.21 5.0389e+02     83.636       2008  1027.3742  1027.3731    33.8094    33.8082    8.28815         44 0.0000e+00
     40.000     39.582    -0.9923  27.333156    -0.9893  27.333919     8.4235     8.9152    19.5737    72.1993 1.0000e-12  -74.17540 -113.17406  24.019786     100.05 5.0368e+02     85.494       2053  1027.3799  1027.3777    33.8089    33.8066    8.29159         39 0.0000e+00
     41.000     40.572    -1.0074  27.321161    -1.0165  27.312224     8.3969     8.8916    22.1277    72.0469 1.0000e-12  -74.17540 -113.17406  24.019807      99.97 5.0304e+02     87.319       2097  1027.3855  1027.3845    33.8089    33.8070    8.29492         40 0.0000e+00
     42.000     41.561    -1.0281  27.303140    -1.0207  27.309603     8.4053     8.9049    21.4785    71.9877 1.0000e-12  -74.17540 -113.17406  24.019827      99.94 5.0252e+02     89.075       2139  1027.3901  1027.3899    33.8070    33.8076    8.29961         39 0.0000e+00
     43.000     42.550    -1.0119  27.319453    -1.0131  27.315345     8.4047     8.8820    18.7784    71.5534 1.0000e-12  -74.17540 -113.17405  24.019848      99.97 5.0306e+02     90.889       2182  1027.3962  1027.3930    33.8104    33.8062    8.29583         39 0.0000e+00
     44.000     43.539    -1.0154  27.313795    -1.0057  27.322503     8.2981     8.8144    20.0535    71.8449 1.0000e-12  -74.17540 -113.17405  24.019869      99.87 5.0301e+02     92.706       2226  1027.3978  1027.3980    33.8060    33.8070    8.29686         39 0.0000e+00
     45.000     44.530    -1.0681  27.271263    -1.0655  27.272528     8.3016     8.7833    19.0463    72.7555 1.0000e-12  -74.17540 -113.17405  24.019890      99.96 5.0261e+02     94.487       2269  1027.4063  1027.4052    33.8067    33.8055    8.30849         33 0.0000e+00
     46.000     45.518    -1.0751  27.265505    -1.0746  27.265146     8.2700     8.7734    19.5789    71.8035 1.0000e-12  -74.17540 -113.17405  24.019911      98.58 5.0253e+02     96.300       2312  1027.4108  1027.4099    33.8062    33.8051    8.31008         35 0.0000e+00
     47.000     46.509    -1.0760  27.265849    -1.0754  27.264968     8.2604     8.7562    19.5689    72.2104 1.0000e-12  -74.17540 -113.17406  24.019932      99.50 5.0242e+02     98.106       2356  1027.4160  1027.4145    33.8070    33.8051    8.31022         42 0.0000e+00
     48.000     47.497    -1.0858  27.258259    -1.0835  27.259168     8.2506     8.7413    19.6421    72.2004 1.0000e-12  -74.17540 -113.17406  24.019953      99.96 5.0242e+02     99.905       2399  1027.4212  1027.4201    33.8071    33.8058    8.31239         37 0.0000e+00
     49.000     48.488    -1.0780  27.265998    -1.0777  27.264879     8.2484     8.7466    18.7526    72.1639 1.0000e-12  -74.17540 -113.17406  24.019973      99.97 5.0242e+02    101.705       2442  1027.4262  1027.4248    33.8082    33.8064    8.31059         39 0.0000e+00
     50.000     49.476    -1.0798  27.265143    -1.0784  27.265106     8.2582     8.7377    18.3479    72.8320 1.0000e-12  -74.17540 -113.17406  24.019994      99.88 5.0242e+02    103.514       2485  1027.4312  1027.4299    33.8085    33.8069    8.31099         40 0.0000e+00
     51.000     50.467    -1.0812  27.264178    -1.0805  27.263795     8.2476     8.7234    19.0994    70.3193 1.0000e-12  -74.17540 -113.17406  24.020016      99.89 5.0242e+02    105.348       2529  1027.4357  1027.4346    33.8082    33.8068    8.31132         37 0.0000e+00
     52.000     51.455    -1.0889  27.258339    -1.0879  27.258037     8.2272     8.7136    18.4119    72.5858 1.0000e-12  -74.17540 -113.17406  24.020036      99.99 5.0242e+02    107.103       2571  1027.4410  1027.4396    33.8082    33.8066    8.31302         40 0.0000e+00
     53.000     52.444    -1.0883  27.259635    -1.0873  27.259199     8.2196     8.7100    17.9068    72.0511 1.0000e-12  -74.17540 -113.17406  24.020056      95.05 5.0242e+02    108.873       2614  1027.4460  1027.4445    33.8087    33.8069    8.31286         39 0.0000e+00
     54.000     53.435    -1.0872  27.260966    -1.0869  27.260031     8.2319     8.6993    18.6698    71.2866 1.0000e-12  -74.17540 -113.17406  24.020077      99.20 5.0242e+02    110.671       2657  1027.4506  1027.4493    33.8086    33.8071    8.31261         39 0.0000e+00
     55.000     54.423    -1.0883  27.260769    -1.0866  27.260906     8.2096     8.6937    17.2129    73.2683 1.0000e-12  -74.17540 -113.17406  24.020098      99.95 5.0242e+02    112.441       2700  1027.4557  1027.4542    33.8090    33.8072    8.31284         43 0.0000e+00
     56.000     55.414    -1.0981  27.252559    -1.0965  27.253159     8.1890     8.6653    19.0647    71.4497 1.0000e-12  -74.17540 -113.17406  24.020119      99.97 5.0242e+02    114.257       2743  1027.4604  1027.4595    33.8082    33.8072    8.31506         40 0.0000e+00
     57.000     56.404    -1.1058  27.247249    -1.1043  27.247178     8.1714     8.6511    17.3339    72.8426 1.0000e-12  -74.17540 -113.17406  24.020140      99.91 5.0242e+02    116.074       2787  1027.4662  1027.4647    33.8090    33.8072    8.31672         36 0.0000e+00
     58.000     57.392    -1.1039  27.249541    -1.1032  27.248844     8.1639     8.6452    16.6416    72.8595 1.0000e-12  -74.17540 -113.17406  24.020161      99.83 5.0242e+02    117.883       2830  1027.4710  1027.4696    33.8093    33.8076    8.31627         40 0.0000e+00
     59.000     58.380    -1.1089  27.245927    -1.1082  27.245395     8.1524     8.6275    18.1099    72.0776 1.0000e-12  -74.17540 -113.17406  24.020181      99.94 5.0242e+02    119.672       2873  1027.4762  1027.4749    33.8094    33.8079    8.31738         36 0.0000e+00
     60.000     59.370    -1.1142  27.242073    -1.1122  27.242461     8.1342     8.6110    16.2691    72.0450 1.0000e-12  -74.17540 -113.17406  24.020203      99.92 5.0242e+02    121.527       2918  1027.4812  1027.4798    33.8095    33.8078    8.31855         35 0.0000e+00
     61.000     60.359    -1.1226  27.235575    -1.1217  27.235115     8.1361     8.6068    16.3268    72.9877 1.0000e-12  -74.17540 -113.17406  24.020225      99.86 5.0242e+02    123.461       2964  1027.4864  1027.4851    33.8095    33.8079    8.32042         43 0.0000e+00
     62.000     61.350    -1.1217  27.236745    -1.1212  27.236065     8.1214     8.6015    16.6498    73.5314 1.0000e-12  -74.17540 -113.17405  24.020248      99.89 5.0281e+02    125.461       3012  1027.4911  1027.4898    33.8095    33.8080    8.32023         42 0.0000e+00
     63.000     62.338    -1.1243  27.235211    -1.1234  27.234884     8.1181     8.5947    17.4561    73.2866 1.0000e-12  -74.17540 -113.17405  24.020272      99.96 5.0297e+02    127.485       3061  1027.4961  1027.4949    33.8097    33.8082    8.32080         42 0.0000e+00
     64.000     63.330    -1.1210  27.239121    -1.1205  27.238269     8.1043     8.5879    16.1618    73.2641 1.0000e-12  -74.17540 -113.17405  24.020295      99.98 5.0334e+02    129.467       3108  1027.5013  1027.5000    33.8106    33.8089    8.31999         36 0.0000e+00
     65.000     64.317    -1.1184  27.242022    -1.1184  27.240576     8.1142     8.5823    16.5331    72.5723 1.0000e-12  -74.17540 -113.17405  24.020317      99.86 5.0356e+02    131.418       3155  1027.5063  1027.5047    33.8111    33.8091    8.31940         42 0.0000e+00
     66.000     65.306    -1.1181  27.242757    -1.1171  27.242338     8.0817     8.5604    17.9414    73.0863 1.0000e-12  -74.17540 -113.17405  24.020341      99.96 5.0400e+02    133.450       3204  1027.5111  1027.5097    33.8111    33.8094    8.31933         45 0.0000e+00
