ocean_section_plots/required_files/ctd/dnbp2202_ctd117.cnv
* Sea-Bird SBE 9 Data File:
* FileName = D:\Data\raw\NBP2202_CTD117.hex
* Software Version Seasave V 7.26.7.121
* Temperature SN = 1649
* Conductivity SN = 2513
* Number of Bytes Per Scan = 40
* Number of Voltage Words = 5
* Number of Scans Averaged by the Deck Unit = 1
* NMEA Latitude = 74 10.52 S
* NMEA Longitude = 113 20.65 W
* NMEA UTC (Time) = Jan 27 2022  09:33:29
* NMEA baud rate = 9600
** Ship: RVIB N.B. Palmer
** Cruise: NBP2202 Thwaites
** Station: YoYo001
** Operator: B. Bjork
# nquan = 25
# nvalues = 608                         
# units = specified
# name 0 = prDM: Pressure, Digiquartz [db]
# name 1 = depSM: Depth [salt water, m]
# name 2 = t090C: Temperature [ITS-90, deg C]
# name 3 = c0mS/cm: Conductivity [mS/cm]
# name 4 = t190C: Temperature, 2 [ITS-90, deg C]
# name 5 = c1mS/cm: Conductivity, 2 [mS/cm]
# name 6 = sbeox0ML/L: Oxygen, SBE 43 [ml/l]
# name 7 = sbeox1ML/L: Oxygen, SBE 43, 2 [ml/l]
# name 8 = flECO-AFL: Fluorescence, WET Labs ECO-AFL/FL [mg/m^3]
# name 9 = CStarTr0: Beam Transmission, WET Labs C-Star [%]
# name 10 = par: PAR/Irradiance, Biospherical/Licor
# name 11 = latitude: Latitude [deg]
# name 12 = longitude: Longitude [deg]
# name 13 = timeJ: Julian Days
# name 14 = altM: Altimeter [m]
# name 15 = spar: SPAR, Biospherical/Licor
# name 16 = timeS: Time, Elapsed [seconds]
# name 17 = scan: Scan Count
# name 18 = density00: Density [density, kg/m^3]
# name 19 = density11: Density, 2 [density, kg/m^3]
# name 20 = sal00: Salinity, Practical [PSU]
# name 21 = sal11: Salinity, Practical, 2 [PSU]
# name 22 = oxsolML/L: Oxygen Saturation, Garcia & Gordon [ml/l]
# name 23 = nbin: number of scans per bin
# name 24 = flag: flag
# span 0 =     10.000,    617.000       
# span 1 =      9.897,    609.702       
# span 2 =    -1.3874,     0.1069       
# span 3 =  27.061259,  28.940995       
# span 4 =    -1.3866,     0.1089       
# span 5 =  27.061423,  28.940145       
# span 6 =     4.6756,     8.7114       
# span 7 =     4.7276,     8.6356       
# span 8 =    -0.0224,    25.9453       
# span 9 =    69.3483,    95.6239       
# span 10 = 1.0000e-12, 1.8935e+00      
# span 11 =  -74.17536,  -74.17536      
# span 12 = -113.34428, -113.34424      
# span 13 =  27.398550,  27.405797      
# span 14 =       6.82,     100.52      
# span 15 = 1.2516e+02, 1.3574e+02      
# span 16 =     25.742,    651.868      
# span 17 =        619,      15646      
# span 18 =  1027.2236,  1030.5240      
# span 19 =  1027.2218,  1030.5217      
# span 20 =    33.7856,    34.3847      
# span 21 =    33.7838,    34.3821      
# span 22 =    8.02236,    8.37689      
# span 23 =         13,         41      
# span 24 = 0.0000e+00, 0.0000e+00      
# interval = decibars: 1                
# start_time = Jan 27 2022 09:33:29 [NMEA time, header]
# bad_flag = -9.990e-29
*END*
[from data line 522]
    532.000    525.818    -0.0310  28.757158    -0.0290  28.756814     4.7193     4.7799    -0.0097    94.8889 1.0000e-12  -74.17536 -113.34426  27.404675      93.68 1.3398e+02    554.881      13318  1030.1009  1030.0986    34.3436    34.3409    8.05357         25 0.0000e+00
    533.000    526.805    -0.0299  28.758786    -0.0279  28.758426     4.7211     4.7802    -0.0095    94.8961 1.0000e-12  -74.17536 -113.34425  27.404687      92.59 1.3398e+02    555.917      13343  1030.1057  1030.1035    34.3439    34.3413    8.05332         25 0.0000e+00
    534.000    527.792    -0.0270  28.762130    -0.0243  28.762284     4.7253     4.7794    -0.0089    94.8840 1.0000e-12  -74.17536 -113.34425  27.404698      91.66 1.3398e+02    556.940      13368  1030.1107  1030.1082    34.3445    34.3417    8.05268         25 0.0000e+00
    535.000    528.780    -0.0264  28.763112    -0.0244  28.762781     4.7275     4.7781    -0.0092    94.9169 1.0000e-12  -74.17536 -113.34425  27.404710      90.78 1.3398e+02    557.962      13392  1030.1155  1030.1132    34.3446    34.3419    8.05256         24 0.0000e+00
    536.000    529.767    -0.0280  28.762115    -0.0260  28.762142     4.7212     4.7777    -0.0106    94.9116 1.0000e-12  -74.17536 -113.34425  27.404722      89.81 1.3398e+02    558.990      13417  1030.1203  1030.1183    34.3445    34.3422    8.05290         25 0.0000e+00
    537.000    530.754    -0.0260  28.764995    -0.0244  28.764098     4.7191     4.7732    -0.0144    94.8972 1.0000e-12  -74.17536 -113.34425  27.404734      88.69 1.3398e+02    560.017      13441  1030.1256  1030.1230    34.3455    34.3424    8.05242         24 0.0000e+00
    538.000    531.740    -0.0239  28.767701    -0.0220  28.767467     4.7245     4.7706    -0.0077    94.8899 1.0000e-12  -74.17536 -113.34426  27.404746      87.73 1.3398e+02    561.044      13466  1030.1306  1030.1285    34.3461    34.3436    8.05194         25 0.0000e+00
    539.000    532.728    -0.0248  28.767349    -0.0227  28.767243     4.7207     4.7765    -0.0015    94.9005 1.0000e-12  -74.17536 -113.34424  27.404758      86.72 1.3398e+02    562.076      13491  1030.1354  1030.1333    34.3460    34.3436    8.05213         24 0.0000e+00
    540.000    533.716    -0.0243  28.768236    -0.0217  28.768684     4.7228     4.7767    -0.0087    94.9348 1.0000e-12  -74.17536 -113.34426  27.404770      85.65 1.3398e+02    563.100      13515  1030.1401  1030.1380    34.3461    34.3437    8.05203         25 0.0000e+00
    541.000    534.702    -0.0218  28.770858    -0.0198  28.770954     4.7227     4.7770    -0.0097    94.9229 1.0000e-12  -74.17536 -113.34426  27.404782      84.47 1.3398e+02    564.121      13540  1030.1447  1030.1428    34.3462    34.3440    8.05150         25 0.0000e+00
    542.000    535.689    -0.0216  28.771658    -0.0197  28.771579     4.7214     4.7789    -0.0174    94.9090 1.0000e-12  -74.17536 -113.34426  27.404793      83.43 1.3398e+02    565.140      13564  1030.1496  1030.1476    34.3464    34.3442    8.05144         24 0.0000e+00
    543.000    536.678    -0.0212  28.772668    -0.0190  28.772369     4.7226     4.7778    -0.0162    94.9177 1.0000e-12  -74.17536 -113.34426  27.404805      82.54 1.3398e+02    566.159      13589  1030.1545  1030.1521    34.3467    34.3439    8.05133         25 0.0000e+00
    544.000    537.663    -0.0196  28.774365    -0.0160  28.775676     4.7255     4.7783    -0.0099    94.9292 1.0000e-12  -74.17536 -113.34426  27.404817      81.38 1.3398e+02    567.179      13613  1030.1590  1030.1569    34.3466    34.3443    8.05101         24 0.0000e+00
    545.000    538.651    -0.0093  28.785488    -0.0078  28.784626     4.7188     4.7768    -0.0080    94.9239 1.0000e-12  -74.17536 -113.34426  27.404829      80.60 1.3398e+02    568.205      13638  1030.1649  1030.1624    34.3492    34.3463    8.04871         25 0.0000e+00
    546.000    539.637    -0.0089  28.786144    -0.0067  28.786144     4.7208     4.7736    -0.0097    94.9259 1.0000e-12  -74.17536 -113.34426  27.404841      79.38 1.3398e+02    569.243      13663  1030.1694  1030.1673    34.3489    34.3465    8.04862         25 0.0000e+00
    547.000    540.625    -0.0103  28.785279    -0.0081  28.785133     4.7191     4.7702    -0.0138    94.9249 1.0000e-12  -74.17536 -113.34426  27.404853      78.32 1.3398e+02    570.282      13688  1030.1742  1030.1719    34.3488    34.3462    8.04892         25 0.0000e+00
    548.000    541.612    -0.0081  28.788053    -0.0058  28.788065     4.7166     4.7714    -0.0112    94.9485 1.0000e-12  -74.17536 -113.34426  27.404865      77.43 1.3440e+02    571.327      13713  1030.1793  1030.1770    34.3495    34.3469    8.04844         25 0.0000e+00
    549.000    542.599    -0.0074  28.789481    -0.0052  28.789699     4.7195     4.7712    -0.0126    94.9659 1.0000e-12  -74.17536 -113.34426  27.404877      76.24 1.3420e+02    572.359      13738  1030.1844  1030.1824    34.3500    34.3478    8.04826         24 0.0000e+00
    550.000    543.585    -0.0061  28.792361    -0.0038  28.792593     4.7165     4.7720    -0.0103    94.9880 1.0000e-12  -74.17536 -113.34426  27.404889      75.47 1.3433e+02    573.386      13762  1030.1903  1030.1884    34.3517    34.3494    8.04788         25 0.0000e+00
    551.000    544.573    -0.0040  28.795428    -0.0018  28.795068     4.7154     4.7681    -0.0069    94.9990 1.0000e-12  -74.17536 -113.34426  27.404901      74.30 1.3433e+02    574.409      13787  1030.1959  1030.1933    34.3529    34.3499    8.04738         25 0.0000e+00
    552.000    545.559     0.0023  28.802851     0.0047  28.803134     4.7097     4.7688    -0.0174    95.0289 1.0000e-12  -74.17536 -113.34426  27.404912      73.48 1.3515e+02    575.432      13811  1030.2018  1030.1997    34.3551    34.3527    8.04594         24 0.0000e+00
    553.000    546.547     0.0049  28.806220     0.0071  28.806277     4.7165     4.7699    -0.0168    94.9992 1.0000e-12  -74.17536 -113.34426  27.404924      72.19 1.3469e+02    576.455      13836  1030.2070  1030.2049    34.3560    34.3535    8.04534         25 0.0000e+00
    554.000    547.534     0.0081  28.810693     0.0108  28.811030     4.7113     4.7637    -0.0159    94.9873 1.0000e-12  -74.17536 -113.34426  27.404936      71.23 1.3464e+02    577.473      13860  1030.2128  1030.2106    34.3576    34.3551    8.04455         24 0.0000e+00
    555.000    548.520     0.0113  28.814746     0.0132  28.814445     4.7099     4.7669    -0.0104    94.9745 1.0000e-12  -74.17536 -113.34424  27.404948      70.37 1.3433e+02    578.494      13885  1030.2183  1030.2161    34.3589    34.3563    8.04383         25 0.0000e+00
    556.000    549.507     0.0163  28.821130     0.0185  28.820708     4.7090     4.7670    -0.0077    94.9659 1.0000e-12  -74.17536 -113.34425  27.404960      69.25 1.3442e+02    579.512      13909  1030.2244  1030.2218    34.3611    34.3581    8.04264         24 0.0000e+00
    557.000    550.495     0.0160  28.821243     0.0189  28.821702     4.7048     4.7601    -0.0010    94.9476 1.0000e-12  -74.17536 -113.34425  27.404972      68.08 1.3419e+02    580.543      13934  1030.2291  1030.2268    34.3610    34.3584    8.04271         25 0.0000e+00
    558.000    551.482     0.0197  28.825477     0.0222  28.825570     4.7054     4.7606    -0.0079    94.9394 1.0000e-12  -74.17536 -113.34425  27.404983      67.28 1.3440e+02    581.571      13959  1030.2342  1030.2319    34.3619    34.3592    8.04189         25 0.0000e+00
    559.000    552.468     0.0217  28.828302     0.0240  28.828557     4.7066     4.7652    -0.0016    94.9571 1.0000e-12  -74.17536 -113.34425  27.404995      66.34 1.3457e+02    582.600      13983  1030.2396  1030.2377    34.3628    34.3606    8.04142         24 0.0000e+00
    560.000    553.456     0.0221  28.829652     0.0243  28.829581     4.7074     4.7622    -0.0132    94.9558 1.0000e-12  -74.17536 -113.34425  27.405007      65.27 1.3447e+02    583.624      14008  1030.2449  1030.2427    34.3636    34.3610    8.04129         25 0.0000e+00
    561.000    554.443     0.0227  28.830659     0.0245  28.830242     4.7054     4.7604    -0.0101    94.9475 1.0000e-12  -74.17536 -113.34425  27.405019      64.32 1.3420e+02    584.647      14033  1030.2497  1030.2475    34.3636    34.3610    8.04116         24 0.0000e+00
    562.000    555.429     0.0268  28.835864     0.0288  28.835436     4.7120     4.7616    -0.0147    94.9373 1.0000e-12  -74.17536 -113.34426  27.405031      63.18 1.3461e+02    585.667      14057  1030.2553  1030.2530    34.3653    34.3625    8.04020         25 0.0000e+00
    563.000    556.416     0.0284  28.837936     0.0308  28.837987     4.7060     4.7602    -0.0176    94.9322 1.0000e-12  -74.17536 -113.34426  27.405043      62.05 1.3448e+02    586.690      14082  1030.2604  1030.2581    34.3657    34.3631    8.03986         25 0.0000e+00
    564.000    557.405     0.0299  28.839979     0.0321  28.839841     4.7028     4.7599    -0.0127    94.9315 1.0000e-12  -74.17536 -113.34426  27.405055      61.35 1.3449e+02    587.715      14106  1030.2653  1030.2630    34.3660    34.3635    8.03951         24 0.0000e+00
    565.000    558.390     0.0343  28.845619     0.0362  28.844901     4.7027     4.7611    -0.0095    94.9369 1.0000e-12  -74.17536 -113.34426  27.405066      60.23 1.3427e+02    588.736      14131  1030.2712  1030.2686    34.3681    34.3650    8.03848         24 0.0000e+00
    566.000    559.377     0.0614  28.875228     0.0654  28.876142     4.6997     4.7493    -0.0118    94.9228 1.0000e-12  -74.17536 -113.34426  27.405078      59.34 1.3462e+02    589.758      14155  1030.2799  1030.2770    34.3762    34.3730    8.03234         25 0.0000e+00
    567.000    560.365     0.0626  28.876438     0.0695  28.880993     4.6958     4.7505    -0.0124    94.9382 1.0000e-12  -74.17536 -113.34426  27.405090      58.17 1.3447e+02    590.785      14180  1030.2845  1030.2824    34.3759    34.3741    8.03212         25 0.0000e+00
    568.000    561.352     0.0791  28.893818     0.0821  28.894340     4.6968     4.7543    -0.0059    94.9603 1.0000e-12  -74.17536 -113.34426  27.405102      57.05 1.3420e+02    591.808      14204  1030.2908  1030.2885    34.3797    34.3771    8.02843         24 0.0000e+00
    569.000    562.338     0.0739  28.888918     0.0768  28.889716     4.6959     4.7517    -0.0042    94.9527 1.0000e-12  -74.17536 -113.34426  27.405114      56.00 1.3440e+02    592.836      14229  1030.2952  1030.2933    34.3785    34.3763    8.02960         25 0.0000e+00
    570.000    563.325     0.0684  28.884177     0.0705  28.883940     4.6945     4.7519    -0.0146    94.9558 1.0000e-12  -74.17536 -113.34426  27.405126      55.06 1.3468e+02    593.864      14254  1030.3000  1030.2978    34.3779    34.3752    8.03079         25 0.0000e+00
    571.000    564.312     0.0685  28.884683     0.0704  28.884266     4.6972     4.7511    -0.0084    94.9466 1.0000e-12  -74.17536 -113.34426  27.405138      54.12 1.3471e+02    594.884      14278  1030.3048  1030.3026    34.3778    34.3752    8.03076         24 0.0000e+00
    572.000    565.299     0.0679  28.884466     0.0699  28.884126     4.6989     4.7536    -0.0086    94.9885 1.0000e-12  -74.17536 -113.34426  27.405149      53.03 1.3464e+02    595.901      14303  1030.3095  1030.3072    34.3776    34.3749    8.03090         24 0.0000e+00
    573.000    566.287     0.0687  28.885805     0.0710  28.885676     4.6972     4.7538    -0.0010    95.0043 1.0000e-12  -74.17536 -113.34426  27.405161      52.08 1.3454e+02    596.920      14327  1030.3144  1030.3121    34.3779    34.3752    8.03072         25 0.0000e+00
    574.000    567.273     0.0691  28.886681     0.0713  28.886364     4.6949     4.7549    -0.0077    95.0055 1.0000e-12  -74.17536 -113.34426  27.405173      51.10 1.3479e+02    597.939      14352  1030.3192  1030.3168    34.3780    34.3752    8.03062         24 0.0000e+00
    575.000    568.260     0.0689  28.886902     0.0711  28.886676     4.6993     4.7563    -0.0019    95.0084 1.0000e-12  -74.17536 -113.34426  27.405185      50.06 1.3497e+02    598.958      14376  1030.3239  1030.3216    34.3779    34.3752    8.03067         25 0.0000e+00
    576.000    569.246     0.0696  28.887987     0.0718  28.887853     4.7007     4.7550    -0.0123    95.0249 1.0000e-12  -74.17536 -113.34426  27.405197      49.00 1.3486e+02    599.982      14401  1030.3286  1030.3264    34.3780    34.3754    8.03052         24 0.0000e+00
    577.000    570.234     0.0700  28.888883     0.0722  28.888813     4.6960     4.7519    -0.0121    95.0166 1.0000e-12  -74.17536 -113.34426  27.405208      47.90 1.3490e+02    601.002      14425  1030.3335  1030.3313    34.3782    34.3756    8.03043         25 0.0000e+00
    578.000    571.221     0.0706  28.889911     0.0729  28.889912     4.7007     4.7551    -0.0086    95.0109 1.0000e-12  -74.17536 -113.34426  27.405220      46.95 1.3457e+02    602.014      14449  1030.3383  1030.3360    34.3783    34.3757    8.03030         24 0.0000e+00
    579.000    572.208     0.0722  28.892063     0.0745  28.891883     4.6989     4.7502    -0.0103    95.0380 1.0000e-12  -74.17536 -113.34426  27.405232      45.83 1.3482e+02    603.033      14474  1030.3433  1030.3409    34.3788    34.3760    8.02994         25 0.0000e+00
    580.000    573.194     0.0735  28.893871     0.0755  28.893482     4.7037     4.7515    -0.0122    95.0451 1.0000e-12  -74.17536 -113.34426  27.405244      44.98 1.3493e+02    604.054      14498  1030.3482  1030.3458    34.3791    34.3764    8.02965         24 0.0000e+00
    581.000    574.181     0.0739  28.894746     0.0761  28.894630     4.6963     4.7520    -0.0138    95.0149 1.0000e-12  -74.17536 -113.34426  27.405255      43.91 1.3516e+02    605.071      14523  1030.3530  1030.3507    34.3792    34.3766    8.02956         24 0.0000e+00
    582.000    575.168     0.0741  28.895415     0.0762  28.895159     4.6966     4.7523    -0.0106    95.0614 1.0000e-12  -74.17536 -113.34426  27.405267      43.05 1.3518e+02    606.095      14547  1030.3577  1030.3555    34.3793    34.3766    8.02951         25 0.0000e+00
    583.000    576.155     0.0742  28.896053     0.0765  28.895939     4.6975     4.7543    -0.0161    95.0425 1.0000e-12  -74.17536 -113.34426  27.405279      41.85 1.3504e+02    607.116      14572  1030.3625  1030.3602    34.3794    34.3767    8.02947         25 0.0000e+00
    584.000    577.143     0.0748  28.897145     0.0773  28.897228     4.7004     4.7569    -0.0153    95.0452 1.0000e-12  -74.17536 -113.34426  27.405291      40.91 1.3508e+02    608.133      14596  1030.3674  1030.3651    34.3796    34.3769    8.02934         24 0.0000e+00
    585.000    578.127     0.0756  28.898303     0.0779  28.898281     4.6988     4.7555    -0.0156    95.0441 1.0000e-12  -74.17536 -113.34426  27.405303      39.93 1.3530e+02    609.159      14621  1030.3721  1030.3698    34.3797    34.3770    8.02918         24 0.0000e+00
    586.000    579.117     0.0765  28.899733     0.0783  28.899199     4.6954     4.7538    -0.0150    95.0937 1.0000e-12  -74.17536 -113.34426  27.405315      38.90 1.3503e+02    610.185      14645  1030.3770  1030.3746    34.3800    34.3772    8.02897         25 0.0000e+00
    587.000    580.103     0.0764  28.900191     0.0786  28.899948     4.6978     4.7559    -0.0098    95.1062 1.0000e-12  -74.17536 -113.34428  27.405326      37.84 1.3539e+02    611.206      14670  1030.3818  1030.3794    34.3801    34.3773    8.02899         25 0.0000e+00
    588.000    581.090     0.0771  28.901202     0.0793  28.901047     4.6950     4.7568    -0.0089    95.0744 1.0000e-12  -74.17536 -113.34426  27.405338      36.82 1.3523e+02    612.220      14694  1030.3864  1030.3842    34.3800    34.3774    8.02884         24 0.0000e+00
