ocean_section_plots/required_files/ctd/dnbp2202_ctd192.cnv
* Sea-Bird SBE 9 Data File:
* FileName = D:\Data\raw\NBP2202_CTD192.hex
* Software Version Seasave V 7.26.7.121
* Temperature SN = 1649
* Conductivity SN = 2513
* Number of Bytes Per Scan = 40
* Number of Voltage Words = 5
* Number of Scans Averaged by the Deck Unit = 1
* NMEA Latitude = 74 10.65 S
* NMEA Longitude = 113 14.44 W
* NMEA UTC (Time) = Feb 07 2022  11:24:19
* NMEA baud rate = 9600
** Ship: RVIB N.B. Palmer
** Cruise: NBP2202 Thwaites
** Station: 113
** Operator: B Bjork
# nquan = 28
# nvalues = 861                         
# units = specified
# name 0 = prDM: Pressure, Digiquartz [db]
# name 1 = depSM: Depth [salt water, m]
# name 2 = t090C: Temperature [ITS-90, deg C]
# name 3 = c0mS/cm: Conductivity [mS/cm]
# name 4 = t190C: Temperature, 2 [ITS-90, deg C]
# name 5 = c1mS/cm: Conductivity, 2 [mS/cm]
# name 6 = sbeox0ML/L: Oxygen, SBE 43 [ml/l]
# name 7 = sbeox1ML/L: Oxygen, SBE 43, 2 [ml/l]
# name 8 = flECO-AFL: Fluorescence, WET Labs ECO-AFL/FL [mg/m^3]
# name 9 = CStarTr0: Beam Transmission, WET Labs C-Star [%]
# name 10 = par: PAR/Irradiance, Biospherical/Licor
# name 11 = latitude: Latitude [deg]
# name 12 = longitude: Longitude [deg]
# name 13 = timeJ: Julian Days
# name 14 = altM: Altimeter [m]
# name 15 = spar: SPAR, Biospherical/Licor
# name 16 = timeS: Time, Elapsed [seconds]
# name 17 = scan: Scan Count
# name 18 = density00: Density [density, kg/m^3]
# name 19 = density11: Density, 2 [density, kg/m^3]
# name 20 = v3: Voltage 3
# name 21 = v4: Voltage 4
# name 22 = v5: Voltage 5
# name 23 = sal00: Salinity, Practical [PSU]
# name 24 = sal11: Salinity, Practical, 2 [PSU]
# name 25 = oxsolML/L: Oxygen Saturation, Garcia & Gordon [ml/l]
# name 26 = nbin: number of scans per bin
# name 27 = flag: flag
# span 0 =      2.000,    862.000       
# span 1 =      1.979,    851.296       
# span 2 =    -1.6202,     0.3128       
# span 3 =  26.837452,  29.285484       
# span 4 =    -1.6212,     0.3147       
# span 5 =  26.840536,  29.285243       
# span 6 =     4.6286,     8.7398       
# span 7 =     4.7209,     8.9867       
# span 8 =    -0.0213,    24.3159       
# span 9 =    75.2356,    98.4954       
# span 10 = 1.0000e-12, 1.1045e+01      
# span 11 =  -74.17756,  -74.17756      
# span 12 = -113.24076, -113.24068      
# span 13 =  38.477284,  38.487999      
# span 14 =     -31.95,     101.10      
# span 15 = 3.3437e+01, 5.8633e+01      
# span 16 =    178.293,   1104.148      
# span 17 =       4280,      26501      
# span 18 =  1027.1704,  1031.7213      
# span 19 =  1027.1711,  1031.7197      
# span 20 =     3.5695,     4.6725      
# span 21 =     0.0636,     3.4300      
# span 22 =     0.1152,     0.2559      
# span 23 =    33.7759,    34.4657      
# span 24 =    33.7750,    34.4632      
# span 25 =    7.97501,    8.43285      
# span 26 =          3,         48      
# span 27 = 0.0000e+00, 0.0000e+00      
# interval = decibars: 1                
# start_time = Feb 07 2022 11:24:19 [NMEA time, header]
# bad_flag = -9.990e-29
*END*
[from data line 415]
    417.000    412.269    -0.2017  28.523855    -0.1994  28.523668     4.8615     4.9689    -0.0089    98.2756 1.0000e-12  -74.17756 -113.24070  38.482622      99.92 4.1440e+01    639.511      15349  1029.5277  1029.5253     4.6620     0.0701     0.1284    34.2936    34.2908    8.09246         24 0.0000e+00
    418.000    413.256    -0.1992  28.526745    -0.1972  28.526430     4.8639     4.9632    -0.0016    98.2703 1.0000e-12  -74.17756 -113.24070  38.482633      99.92 4.2907e+01    640.528      15374  1029.5328  1029.5305     4.6618     0.0694     0.1282    34.2941    34.2914    8.09191         24 0.0000e+00
    419.000    414.244    -0.1980  28.528446    -0.1959  28.528198     4.8640     4.9633    -0.0027    98.2672 1.0000e-12  -74.17756 -113.24070  38.482645      99.91 4.3513e+01    641.551      15398  1029.5377  1029.5355     4.6616     0.0706     0.1311    34.2944    34.2918    8.09164         25 0.0000e+00
    420.000    415.232    -0.1975  28.529425    -0.1954  28.529228     4.8616     4.9628    -0.0019    98.2660 1.0000e-12  -74.17756 -113.24070  38.482657      99.92 4.2089e+01    642.562      15422  1029.5426  1029.5403     4.6616     0.0725     0.1302    34.2946    34.2919    8.09153         24 0.0000e+00
    421.000    416.218    -0.1975  28.529898    -0.1955  28.529714     4.8665     4.9669    -0.0031    98.2595 1.0000e-12  -74.17756 -113.24070  38.482669      99.91 4.2756e+01    643.572      15447  1029.5474  1029.5453     4.6613     0.0696     0.1285    34.2946    34.2921    8.09152         24 0.0000e+00
    422.000    417.205    -0.1975  28.530389    -0.1955  28.530177     4.8702     4.9709    -0.0191    98.2538 1.0000e-12  -74.17756 -113.24070  38.482681      85.62 4.3804e+01    644.597      15471  1029.5523  1029.5501     4.6610     0.0678     0.1299    34.2946    34.2921    8.09152         25 0.0000e+00
    423.000    418.197    -0.1975  28.531180    -0.1953  28.530936     4.8683     4.9709    -0.0098    98.2768 1.0000e-12  -74.17756 -113.24070  38.482692      89.92 4.2306e+01    645.606      15496  1029.5574  1029.5551     4.6621     0.0684     0.1295    34.2951    34.2924    8.09149         24 0.0000e+00
    424.000    419.183    -0.1972  28.532134    -0.1951  28.531897     4.8629     4.9727    -0.0112    98.2475 1.0000e-12  -74.17756 -113.24070  38.482704      98.69 4.2805e+01    646.630      15520  1029.5625  1029.5602     4.6607     0.0708     0.1307    34.2954    34.2928    8.09141         25 0.0000e+00
    425.000    420.169    -0.1970  28.532996    -0.1949  28.532789     4.8627     4.9726    -0.0033    98.2352 1.0000e-12  -74.17756 -113.24070  38.482716      99.92 4.3869e+01    647.675      15545  1029.5675  1029.5652     4.6601     0.0702     0.1291    34.2957    34.2931    8.09134         25 0.0000e+00
    426.000    421.157    -0.1966  28.534182    -0.1945  28.533941     4.8721     4.9717    -0.0022    98.2565 1.0000e-12  -74.17756 -113.24070  38.482728      99.91 4.2301e+01    648.692      15570  1029.5726  1029.5704     4.6612     0.0709     0.1299    34.2963    34.2937    8.09123         24 0.0000e+00
    427.000    422.145    -0.1964  28.534643    -0.1944  28.534553     4.8653     4.9745    -0.0108    98.2529 1.0000e-12  -74.17756 -113.24070  38.482740      99.92 4.2588e+01    649.696      15594  1029.5773  1029.5752     4.6610     0.0690     0.1300    34.2961    34.2937    8.09121         25 0.0000e+00
    428.000    423.133    -0.1967  28.535053    -0.1946  28.534876     4.8607     4.9719    -0.0144    98.2574 1.0000e-12  -74.17756 -113.24070  38.482751      99.91 4.3766e+01    650.719      15618  1029.5823  1029.5800     4.6612     0.0706     0.1288    34.2964    34.2938    8.09125         24 0.0000e+00
    429.000    424.120    -0.1964  28.535704    -0.1946  28.535344     4.8619     4.9727    -0.0072    98.2498 1.0000e-12  -74.17756 -113.24070  38.482763      99.92 4.2323e+01    651.740      15643  1029.5869  1029.5848     4.6608     0.0704     0.1296    34.2962    34.2938    8.09118         25 0.0000e+00
    430.000    425.108    -0.1965  28.536111    -0.1944  28.535857     4.8602     4.9712    -0.0017    98.2627 1.0000e-12  -74.17756 -113.24070  38.482775      99.92 4.2600e+01    652.761      15667  1029.5917  1029.5895     4.6614     0.0709     0.1283    34.2963    34.2937    8.09121         24 0.0000e+00
    431.000    426.095    -0.1951  28.538004    -0.1925  28.538243     4.8618     4.9719     0.0002    98.2639 1.0000e-12  -74.17756 -113.24070  38.482787      99.91 4.4910e+01    653.784      15692  1029.5967  1029.5944     4.6615     0.0703     0.1300    34.2967    34.2941    8.09090         24 0.0000e+00
    432.000    427.082    -0.1924  28.541476    -0.1901  28.541374     4.8670     4.9686     0.0054    98.2758 1.0000e-12  -74.17756 -113.24070  38.482798      99.91 4.2359e+01    654.780      15716  1029.6019  1029.5997     4.6621     0.0695     0.1283    34.2976    34.2950    8.09026         24 0.0000e+00
    433.000    428.071    -0.1929  28.541567    -0.1908  28.541527     4.8693     4.9629     0.0051    98.2703 1.0000e-12  -74.17756 -113.24070  38.482810      99.92 4.2530e+01    655.774      15740  1029.6069  1029.6048     4.6618     0.0692     0.1284    34.2978    34.2954    8.09037         24 0.0000e+00
    434.000    429.059    -0.1894  28.546291    -0.1870  28.546244     4.8663     4.9638    -0.0113    98.2527 1.0000e-12  -74.17756 -113.24070  38.482822      93.47 4.4725e+01    656.800      15764  1029.6127  1029.6104     4.6610     0.0690     0.1291    34.2996    34.2968    8.08953         25 0.0000e+00
    435.000    430.046    -0.1832  28.553272    -0.1811  28.552931     4.8687     4.9661    -0.0028    98.2446 1.0000e-12  -74.17756 -113.24070  38.482834      81.26 4.2888e+01    657.825      15789  1029.6183  1029.6159     4.6606     0.0690     0.1320    34.3013    34.2985    8.08811         25 0.0000e+00
    436.000    431.032    -0.1820  28.555655    -0.1799  28.555358     4.8704     4.9665    -0.0127    98.2758 1.0000e-12  -74.17756 -113.24070  38.482845      94.95 4.2312e+01    658.829      15813  1029.6240  1029.6216     4.6621     0.0689     0.1296    34.3025    34.2997    8.08779         23 0.0000e+00
    437.000    432.020    -0.1814  28.557246    -0.1792  28.557015     4.8702     4.9688    -0.0115    98.2590 1.0000e-12  -74.17756 -113.24070  38.482857      99.92 4.4494e+01    659.833      15837  1029.6294  1029.6270     4.6613     0.0697     0.1301    34.3033    34.3005    8.08761         25 0.0000e+00
    438.000    433.010    -0.1802  28.558999    -0.1783  28.558731     4.8689     4.9663    -0.0120    98.2384 1.0000e-12  -74.17756 -113.24070  38.482869      99.91 4.3280e+01    660.841      15861  1029.6343  1029.6323     4.6602     0.0704     0.1302    34.3037    34.3012    8.08733         24 0.0000e+00
    439.000    433.996    -0.1809  28.559121    -0.1788  28.558930     4.8697     4.9712    -0.0106    98.2780 1.0000e-12  -74.17756 -113.24070  38.482880      99.91 4.2669e+01    661.862      15886  1029.6394  1029.6372     4.6622     0.0678     0.1253    34.3040    34.3014    8.08746         25 0.0000e+00
    440.000    434.984    -0.1800  28.560677    -0.1779  28.560576     4.8682     4.9695    -0.0049    98.2614 1.0000e-12  -74.17756 -113.24071  38.482892      99.91 4.4388e+01    662.895      15910  1029.6446  1029.6424     4.6614     0.0704     0.1289    34.3046    34.3021    8.08725         25 0.0000e+00
    441.000    435.970    -0.1781  28.563552    -0.1760  28.563400     4.8695     4.9681    -0.0026    98.2807 1.0000e-12  -74.17756 -113.24072  38.482904      99.92 4.4151e+01    663.917      15935  1029.6500  1029.6478     4.6623     0.0711     0.1283    34.3056    34.3031    8.08678         24 0.0000e+00
    442.000    436.959    -0.1768  28.565376    -0.1746  28.565254     4.8696     4.9689    -0.0091    98.2936 1.0000e-12  -74.17756 -113.24072  38.482916      99.91 4.3216e+01    664.911      15959  1029.6549  1029.6527     4.6629     0.0711     0.1284    34.3060    34.3034    8.08649         24 0.0000e+00
    443.000    437.947    -0.1765  28.566150    -0.1743  28.565982     4.8692     4.9712    -0.0096    98.2866 1.0000e-12  -74.17756 -113.24072  38.482927      99.91 4.4627e+01    665.915      15983  1029.6598  1029.6575     4.6626     0.0698     0.1266    34.3061    34.3034    8.08642         24 0.0000e+00
    444.000    438.932    -0.1758  28.567201    -0.1738  28.567057     4.8665     4.9722     0.0035    98.3142 1.0000e-12  -74.17756 -113.24072  38.482939      99.91 4.4733e+01    666.934      16007  1029.6645  1029.6624     4.6639     0.0699     0.1308    34.3062    34.3037    8.08628         24 0.0000e+00
    445.000    439.922    -0.1748  28.568773    -0.1727  28.568698     4.8655     4.9723    -0.0047    98.3279 1.0000e-12  -74.17756 -113.24072  38.482951      99.91 4.4005e+01    667.953      16032  1029.6695  1029.6674     4.6645     0.0696     0.1291    34.3065    34.3041    8.08604         25 0.0000e+00
    446.000    440.910    -0.1732  28.570949    -0.1712  28.570756     4.8600     4.9672    -0.0077    98.3272 1.0000e-12  -74.17756 -113.24072  38.482963      99.92 4.4072e+01    668.979      16056  1029.6744  1029.6723     4.6644     0.0703     0.1300    34.3070    34.3045    8.08566         24 0.0000e+00
    447.000    441.896    -0.1723  28.572334    -0.1703  28.572071     4.8610     4.9669    -0.0027    98.3249 1.0000e-12  -74.17756 -113.24072  38.482975      99.91 4.4920e+01    670.002      16081  1029.6793  1029.6771     4.6643     0.0702     0.1300    34.3072    34.3047    8.08546         25 0.0000e+00
    448.000    442.884    -0.1713  28.573723    -0.1692  28.573639     4.8664     4.9685    -0.0091    98.3303 1.0000e-12  -74.17756 -113.24072  38.482986      85.72 4.4081e+01    671.009      16105  1029.6841  1029.6820     4.6646     0.0687     0.1284    34.3074    34.3049    8.08525         24 0.0000e+00
    449.000    443.871    -0.1710  28.574674    -0.1687  28.574531     4.8603     4.9692    -0.0016    98.3251 1.0000e-12  -74.17756 -113.24072  38.482998      93.20 4.4072e+01    672.017      16129  1029.6891  1029.6868     4.6644     0.0696     0.1274    34.3077    34.3050    8.08516         24 0.0000e+00
    450.000    444.859    -0.1681  28.578373    -0.1658  28.578302     4.8551     4.9644    -0.0101    98.3326 1.0000e-12  -74.17756 -113.24072  38.483009      99.91 4.4072e+01    673.020      16153  1029.6945  1029.6922     4.6647     0.0705     0.1315    34.3088    34.3061    8.08449         24 0.0000e+00
    451.000    445.846    -0.1579  28.590098    -0.1555  28.590027     4.8541     4.9605    -0.0110    98.3378 1.0000e-12  -74.17756 -113.24072  38.483021      99.91 4.4072e+01    674.005      16177  1029.7011  1029.6987     4.6650     0.0705     0.1255    34.3123    34.3095    8.08213         24 0.0000e+00
    452.000    446.835    -0.1532  28.595815    -0.1510  28.595520     4.8556     4.9556    -0.0026    98.3272 1.0000e-12  -74.17756 -113.24072  38.483033      99.92 4.4072e+01    675.018      16201  1029.7069  1029.7044     4.6644     0.0701     0.1273    34.3141    34.3111    8.08104         25 0.0000e+00
    453.000    447.822    -0.1496  28.600256    -0.1476  28.599852     4.8501     4.9597    -0.0080    98.3315 1.0000e-12  -74.17756 -113.24072  38.483045      99.91 4.5394e+01    676.063      16227  1029.7124  1029.7100     4.6646     0.0701     0.1279    34.3153    34.3125    8.08020         24 0.0000e+00
    454.000    448.808    -0.1485  28.601965    -0.1462  28.601827     4.8533     4.9559    -0.0018    98.3391 1.0000e-12  -74.17756 -113.24072  38.483056      99.91 4.4055e+01    677.075      16251  1029.7175  1029.7151     4.6650     0.0696     0.1262    34.3158    34.3130    8.07995         24 0.0000e+00
    455.000    449.795    -0.1462  28.604951    -0.1446  28.604180     4.8524     4.9493    -0.0028    98.3411 1.0000e-12  -74.17756 -113.24072  38.483068      99.91 4.4291e+01    678.057      16274  1029.7227  1029.7203     4.6651     0.0693     0.1295    34.3165    34.3137    8.07941         24 0.0000e+00
    456.000    450.784    -0.1446  28.607284    -0.1423  28.607286     4.8499     4.9533    -0.0101    98.3348 1.0000e-12  -74.17756 -113.24072  38.483079      99.91 4.5675e+01    679.053      16298  1029.7279  1029.7256     4.6648     0.0705     0.1285    34.3172    34.3146    8.07903         24 0.0000e+00
    457.000    451.771    -0.1414  28.611486    -0.1394  28.611068     4.8429     4.9480    -0.0077    98.3681 1.0000e-12  -74.17756 -113.24072  38.483091      51.91 4.4067e+01    680.066      16323  1029.7335  1029.7312     4.6664     0.0688     0.1256    34.3186    34.3158    8.07827         24 0.0000e+00
    458.000    452.759    -0.1321  28.622241    -0.1297  28.622086     4.8458     4.9458    -0.0030    98.3300 1.0000e-12  -74.17756 -113.24072  38.483103      99.99 4.4072e+01    681.085      16347  1029.7401  1029.7377     4.6646     0.0696     0.1269    34.3218    34.3190    8.07612         25 0.0000e+00
    459.000    453.746    -0.1266  28.628331    -0.1246  28.628086     4.8428     4.9495    -0.0028    98.3401 1.0000e-12  -74.17756 -113.24072  38.483115      99.91 4.5762e+01    682.105      16372  1029.7456  1029.7433     4.6651     0.0691     0.1268    34.3232    34.3206    8.07490         24 0.0000e+00
    460.000    454.733    -0.1256  28.629946    -0.1235  28.629626     4.8449     4.9485    -0.0028    98.3594 1.0000e-12  -74.17756 -113.24072  38.483126      78.52 4.4139e+01    683.108      16396  1029.7506  1029.7483     4.6660     0.0674     0.1262    34.3237    34.3209    8.07466         24 0.0000e+00
    461.000    455.722    -0.1248  28.631310    -0.1226  28.631118     4.8475     4.9428    -0.0104    98.3679 1.0000e-12  -74.17756 -113.24072  38.483138      92.45 4.4072e+01    684.101      16419  1029.7556  1029.7532     4.6664     0.0697     0.1254    34.3239    34.3212    8.07446         24 0.0000e+00
    462.000    456.708    -0.1234  28.633160    -0.1212  28.633105     4.8479     4.9433     0.0059    98.3814 1.0000e-12  -74.17756 -113.24072  38.483150      96.49 4.5401e+01    685.116      16444  1029.7605  1029.7583     4.6671     0.0698     0.1266    34.3242    34.3217    8.07415         25 0.0000e+00
    463.000    457.696    -0.1232  28.633864    -0.1211  28.633633     4.8420     4.9474    -0.0010    98.3744 1.0000e-12  -74.17756 -113.24072  38.483161      99.70 4.4224e+01    686.126      16468  1029.7654  1029.7631     4.6668     0.0707     0.1249    34.3243    34.3216    8.07410         23 0.0000e+00
    464.000    458.683    -0.1227  28.634770    -0.1205  28.634617     4.8410     4.9477    -0.0074    98.3647 1.0000e-12  -74.17756 -113.24072  38.483173      99.91 4.4071e+01    687.108      16492  1029.7701  1029.7679     4.6662     0.0706     0.1258    34.3244    34.3218    8.07400         24 0.0000e+00
    465.000    459.671    -0.1209  28.637232    -0.1189  28.636879     4.8354     4.9480    -0.0046    98.3604 1.0000e-12  -74.17756 -113.24072  38.483184      99.91 4.5178e+01    688.108      16516  1029.7753  1029.7729     4.6660     0.0692     0.1245    34.3251    34.3223    8.07358         24 0.0000e+00
    466.000    460.658    -0.1181  28.640498    -0.1159  28.640457     4.8354     4.9426    -0.0024    98.3620 1.0000e-12  -74.17756 -113.24072  38.483196      99.91 4.5129e+01    689.137      16540  1029.7803  1029.7781     4.6661     0.0689     0.1277    34.3256    34.3231    8.07295         25 0.0000e+00
    467.000    461.646    -0.1166  28.642495    -0.1146  28.642205     4.8428     4.9371    -0.0108    98.3680 1.0000e-12  -74.17756 -113.24072  38.483208      99.91 4.4067e+01    690.151      16565  1029.7852  1029.7830     4.6664     0.0698     0.1270    34.3260    34.3234    8.07261         24 0.0000e+00
