ocean_section_plots/required_files/ctd/dnbp2202_ctd151.cnv
* Sea-Bird SBE 9 Data File:
* FileName = D:\Data\raw\NBP2202_CTD151.hex
* Software Version Seasave V 7.26.7.121
* Temperature SN = 1649
* Conductivity SN = 2513
* Number of Bytes Per Scan = 40
* Number of Voltage Words = 5
* Number of Scans Averaged by the Deck Unit = 1
* NMEA Latitude = 74 06.59 S
* NMEA Longitude = 113 19.34 W
* NMEA UTC (Time) = Jan 31 2022  11:49:46
* NMEA baud rate = 9600
** Ship: RVIB N.B. Palmer
** Cruise: NBP2202 Thwaites
** Station: Yo-Yo 002
** Operator: B. Bjork
# nquan = 28
# nvalues = 414                         
# units = specified
# name 0 = prDM: Pressure, Digiquartz [db]
# name 1 = depSM: Depth [salt water, m]
# name 2 = t090C: Temperature [ITS-90, deg C]
# name 3 = c0mS/cm: Conductivity [mS/cm]
# name 4 = t190C: Temperature, 2 [ITS-90, deg C]
# name 5 = c1mS/cm: Conductivity, 2 [mS/cm]
# name 6 = sbeox0ML/L: Oxygen, SBE 43 [ml/l]
# name 7 = sbeox1ML/L: Oxygen, SBE 43, 2 [ml/l]
# name 8 = flECO-AFL: Fluorescence, WET Labs ECO-AFL/FL [mg/m^3]
# name 9 = CStarTr0: Beam Transmission, WET Labs C-Star [%]
# name 10 = par: PAR/Irradiance, Biospherical/Licor
# name 11 = latitude: Latitude [deg]
# name 12 = longitude: Longitude [deg]
# name 13 = timeJ: Julian Days
# name 14 = altM: Altimeter [m]
# name 15 = spar: SPAR, Biospherical/Licor
# name 16 = timeS: Time, Elapsed [seconds]
# name 17 = scan: Scan Count
# name 18 = density00: Density [density, kg/m^3]
# name 19 = density11: Density, 2 [density, kg/m^3]
# name 20 = v3: Voltage 3
# name 21 = v4: Voltage 4
# name 22 = v5: Voltage 5
# name 23 = sal00: Salinity, Practical [PSU]
# name 24 = sal11: Salinity, Practical, 2 [PSU]
# name 25 = oxsolML/L: Oxygen Saturation, Garcia & Gordon [ml/l]
# name 26 = nbin: number of scans per bin
# name 27 = flag: flag
# span 0 =     10.000,    423.000       
# span 1 =      9.896,    418.210       
# span 2 =    -1.4590,    -0.1959       
# span 3 =  27.022917,  28.519725       
# span 4 =    -1.4590,    -0.1940       
# span 5 =  27.023858,  28.519374       
# span 6 =     4.7794,     7.9990       
# span 7 =     4.8666,     8.2006       
# span 8 =    -0.0220,    23.4049       
# span 9 =    70.7108,    93.6503       
# span 10 = -1.753e-04, 4.2324e+00      
# span 11 =  -74.10992,  -74.10989      
# span 12 = -113.32236, -113.32231      
# span 13 =  31.493216,  31.500275      
# span 14 =       4.74,     100.06      
# span 15 = 1.0206e+03, 1.0745e+03      
# span 16 =     27.866,    637.710      
# span 17 =        670,      15306      
# span 18 =  1027.2370,  1029.5442      
# span 19 =  1027.2354,  1029.5422      
# span 20 =     3.3551,     4.4427      
# span 21 =     0.0635,     3.6986      
# span 22 =     0.1218,     0.2409      
# span 23 =    33.8038,    34.2783      
# span 24 =    33.8020,    34.2763      
# span 25 =    8.09212,    8.39202      
# span 26 =          2,         52      
# span 27 = 0.0000e+00, 0.0000e+00      
# interval = decibars: 1                
# start_time = Jan 31 2022 11:49:46 [NMEA time, header]
# bad_flag = -9.990e-29
*END*
[from data line 311]
    321.000    317.432    -0.4650  28.179933    -0.4633  28.179056     4.9146     5.0220    -0.0192    93.3244 1.0000e-12  -74.10990 -113.32234  31.498257      99.86 1.0665e+03    463.380      11122  1029.0026  1029.0000     4.4273     0.0702     0.1362    34.1878    34.1848    8.15472         27 0.0000e+00
    322.000    318.421    -0.4635  28.181715    -0.4605  28.182476     4.9147     5.0152    -0.0120    93.3101 1.0000e-12  -74.10990 -113.32233  31.498270      99.86 1.0672e+03    464.502      11149  1029.0074  1029.0053     4.4266     0.0697     0.1371    34.1879    34.1856    8.15439         27 0.0000e+00
    323.000    319.409    -0.4639  28.181812    -0.4625  28.180726     4.9040     5.0103    -0.0182    93.3054 1.0000e-12  -74.10990 -113.32233  31.498283      99.86 1.0656e+03    465.618      11176  1029.0122  1029.0098     4.4263     0.0698     0.1335    34.1879    34.1849    8.15447         27 0.0000e+00
    324.000    320.395    -0.4597  28.186689    -0.4566  28.187333     4.9069     5.0125    -0.0173    93.3147 1.0000e-12  -74.10990 -113.32233  31.498296      99.86 1.0669e+03    466.770      11203  1029.0178  1029.0154     4.4268     0.0701     0.1352    34.1891    34.1865    8.15351         29 0.0000e+00
    325.000    321.385    -0.4540  28.193103    -0.4512  28.193450     4.9047     5.0086    -0.0038    93.3253 1.0000e-12  -74.10990 -113.32234  31.498310      99.86 1.0675e+03    467.947      11232  1029.0234  1029.0211     4.4273     0.0693     0.1332    34.1907    34.1880    8.15219         27 0.0000e+00
    326.000    322.373    -0.4507  28.197211    -0.4481  28.197274     4.8942     4.9963    -0.0044    93.3130 1.0000e-12  -74.10990 -113.32234  31.498323      76.27 1.0654e+03    469.133      11260  1029.0289  1029.0265     4.4268     0.0678     0.1331    34.1919    34.1890    8.15141         29 0.0000e+00
    327.000    323.361    -0.4323  28.217983    -0.4275  28.219267     4.8883     4.9916    -0.0167    93.3044 1.0000e-12  -74.10990 -113.32234  31.498338      92.90 1.0644e+03    470.436      11291  1029.0376  1029.0343     4.4263     0.0693     0.1352    34.1984    34.1948    8.14709         34 0.0000e+00
    328.000    324.349    -0.4186  28.232615    -0.4162  28.232446     4.8855     4.9902    -0.0196    93.3091 1.0000e-12  -74.10990 -113.32234  31.498355      98.69 1.0666e+03    471.842      11325  1029.0444  1029.0418     4.4266     0.0696     0.1319    34.2021    34.1991    8.14395         31 0.0000e+00
    329.000    325.337    -0.4181  28.233692    -0.4162  28.233083     4.8859     4.9861    -0.0156    93.2936 1.0000e-12  -74.10990 -113.32234  31.498368      98.90 1.0651e+03    472.983      11353  1029.0494  1029.0470     4.4258     0.0702     0.1343    34.2023    34.1993    8.14383         26 0.0000e+00
    330.000    326.326    -0.4173  28.234919    -0.4153  28.234319     4.8822     4.9845    -0.0046    93.2942 1.0000e-12  -74.10990 -113.32234  31.498382      98.22 1.0653e+03    474.178      11381  1029.0544  1029.0518     4.4258     0.0698     0.1339    34.2024    34.1994    8.14364         32 0.0000e+00
    331.000    327.314    -0.4165  28.235958    -0.4144  28.235557     4.8860     4.9890     0.0006    93.2565 1.0000e-12  -74.10990 -113.32236  31.498398      97.59 1.0665e+03    475.583      11415  1029.0592  1029.0567     4.4240     0.0688     0.1338    34.2023    34.1995    8.14348         35 0.0000e+00
    332.000    328.300    -0.4163  28.236638    -0.4144  28.236142     4.8867     4.9911    -0.0163    93.3031 1.0000e-12  -74.10990 -113.32236  31.498413      95.59 1.0655e+03    476.842      11445  1029.0641  1029.0617     4.4262     0.0696     0.1347    34.2025    34.1996    8.14344         26 0.0000e+00
    333.000    329.290    -0.4166  28.236869    -0.4146  28.236452     4.8782     4.9799    -0.0033    93.3016 1.0000e-12  -74.10990 -113.32236  31.498425      95.70 1.0648e+03    477.928      11471  1029.0690  1029.0666     4.4262     0.0709     0.1336    34.2024    34.1996    8.14349         26 0.0000e+00
    334.000    330.277    -0.4084  28.246817    -0.4051  28.247046     4.8715     4.9754    -0.0048    93.3043 1.0000e-12  -74.10990 -113.32236  31.498438      95.55 1.0673e+03    479.055      11498  1029.0760  1029.0731     4.4263     0.0695     0.1338    34.2060    34.2026    8.14154         28 0.0000e+00
    335.000    331.266    -0.3869  28.269917    -0.3819  28.271943     4.8644     4.9690    -0.0139    93.2889 1.0000e-12  -74.10990 -113.32236  31.498452      93.47 1.0680e+03    480.248      11527  1029.0839  1029.0813     4.4256     0.0701     0.1344    34.2121    34.2092    8.13658         30 0.0000e+00
    336.000    332.254    -0.3808  28.276321    -0.3792  28.275373     4.8507     4.9605    -0.0175    93.2940 1.0000e-12  -74.10990 -113.32236  31.498467      93.07 1.0674e+03    481.532      11558  1029.0894  1029.0868     4.4258     0.0702     0.1372    34.2132    34.2101    8.13522         32 0.0000e+00
    337.000    333.242    -0.3737  28.284480    -0.3720  28.283053     4.8479     4.9519    -0.0192    93.2846 1.0000e-12  -74.10990 -113.32236  31.498483      92.12 1.0667e+03    482.891      11590  1029.0955  1029.0924     4.4254     0.0682     0.1352    34.2155    34.2117    8.13356         32 0.0000e+00
    338.000    334.229    -0.3652  28.293264    -0.3633  28.293007     4.8535     4.9516    -0.0122    93.2820 1.0000e-12  -74.10990 -113.32236  31.498497      91.05 1.0673e+03    484.116      11620  1029.1011  1029.0989     4.4252     0.0699     0.1366    34.2171    34.2146    8.13165         25 0.0000e+00
    339.000    335.218    -0.3702  28.288772    -0.3679  28.288813     4.8467     4.9483    -0.0133    93.2799 1.0000e-12  -74.10990 -113.32236  31.498508      90.90 1.0671e+03    485.134      11644  1029.1056  1029.1033     4.4251     0.0696     0.1366    34.2162    34.2135    8.13278         26 0.0000e+00
    340.000    336.205    -0.3691  28.290391    -0.3655  28.291574     4.8458     4.9465    -0.0043    93.2721 1.0000e-12  -74.10990 -113.32236  31.498521      90.09 1.0681e+03    486.236      11671  1029.1107  1029.1084     4.4248     0.0695     0.1339    34.2165    34.2140    8.13253         27 0.0000e+00
    341.000    337.194    -0.3630  28.297054    -0.3607  28.296851     4.8470     4.9457    -0.0026    93.2722 1.0000e-12  -74.10990 -113.32236  31.498535      88.46 1.0669e+03    487.437      11699  1029.1161  1029.1137     4.4248     0.0704     0.1363    34.2179    34.2151    8.13114         29 0.0000e+00
    342.000    338.182    -0.3607  28.299958    -0.3572  28.301112     4.8396     4.9429     0.0055    93.2767 1.0000e-12  -74.10990 -113.32236  31.498549      87.97 1.0643e+03    488.648      11729  1029.1214  1029.1192     4.4250     0.0692     0.1374    34.2186    34.2162    8.13061         29 0.0000e+00
    343.000    339.169    -0.3474  28.315525    -0.3418  28.318283     4.8365     4.9427    -0.0031    93.2701 1.0000e-12  -74.10990 -113.32236  31.498562      87.73 1.0661e+03    489.793      11756  1029.1294  1029.1268     4.4247     0.0674     0.1376    34.2239    34.2212    8.12746         27 0.0000e+00
    344.000    340.158    -0.3389  28.324852    -0.3364  28.324832     4.8387     4.9397    -0.0099    93.2798 1.0000e-12  -74.10990 -113.32236  31.498575      87.26 1.0665e+03    490.894      11782  1029.1354  1029.1330     4.4251     0.0687     0.1370    34.2262    34.2233    8.12551         26 0.0000e+00
    345.000    341.146    -0.3374  28.326961    -0.3354  28.326540     4.8408     4.9376    -0.0104    93.2682 1.0000e-12  -74.10990 -113.32236  31.498588      85.46 1.0662e+03    492.045      11810  1029.1406  1029.1383     4.4246     0.0685     0.1373    34.2267    34.2239    8.12516         30 0.0000e+00
    346.000    342.134    -0.3369  28.328122    -0.3346  28.327891     4.8399     4.9412    -0.0049    93.2639 1.0000e-12  -74.10990 -113.32236  31.498605      84.09 1.0681e+03    493.429      11843  1029.1457  1029.1433     4.4244     0.0675     0.1364    34.2270    34.2242    8.12503         33 0.0000e+00
    347.000    343.122    -0.3366  28.329064    -0.3341  28.329161     4.8430     4.9440    -0.0045    93.2477 1.0000e-12  -74.10990 -113.32236  31.498622      82.81 1.0697e+03    494.930      11879  1029.1509  1029.1486     4.4236     0.0681     0.1358    34.2275    34.2247    8.12496         34 0.0000e+00
    348.000    344.110    -0.3348  28.331630    -0.3327  28.331245     4.8361     4.9388    -0.0026    93.2619 1.0000e-12  -74.10990 -113.32236  31.498637      82.22 1.0676e+03    496.265      11911  1029.1563  1029.1538     4.4243     0.0673     0.1360    34.2282    34.2253    8.12452         30 0.0000e+00
    349.000    345.098    -0.3330  28.333984    -0.3308  28.333900     4.8376     4.9322    -0.0113    93.2708 1.0000e-12  -74.10990 -113.32236  31.498652      81.31 1.0685e+03    497.548      11942  1029.1614  1029.1591     4.4247     0.0683     0.1363    34.2287    34.2261    8.12411         32 0.0000e+00
    350.000    346.086    -0.3321  28.335513    -0.3299  28.335172     4.8404     4.9384    -0.0156    93.2718 1.0000e-12  -74.10990 -113.32236  31.498668      80.52 1.0696e+03    498.929      11975  1029.1664  1029.1640     4.4248     0.0674     0.1385    34.2291    34.2262    8.12389         34 0.0000e+00
    351.000    347.073    -0.3319  28.336003    -0.3298  28.335700     4.8457     4.9379    -0.0057    93.2795 1.0000e-12  -74.10990 -113.32235  31.498685      79.17 1.0688e+03    500.366      12010  1029.1712  1029.1688     4.4251     0.0670     0.1363    34.2290    34.2262    8.12386         34 0.0000e+00
    352.000    348.062    -0.3313  28.337144    -0.3292  28.336769     4.8366     4.9375    -0.0092    93.2658 1.0000e-12  -74.10990 -113.32235  31.498701      78.25 1.0701e+03    501.769      12043  1029.1761  1029.1736     4.4245     0.0666     0.1377    34.2292    34.2264    8.12371         34 0.0000e+00
    353.000    349.049    -0.3274  28.342221    -0.3246  28.342410     4.8321     4.9329    -0.0043    93.2551 1.0000e-12  -74.10990 -113.32236  31.498717      77.76 1.0688e+03    503.109      12076  1029.1820  1029.1795     4.4240     0.0664     0.1354    34.2310    34.2281    8.12278         29 0.0000e+00
    354.000    350.038    -0.3267  28.343259    -0.3248  28.342803     4.8319     4.9325    -0.0095    93.2663 1.0000e-12  -74.10990 -113.32234  31.498729      76.95 1.0682e+03    504.185      12101  1029.1867  1029.1844     4.4245     0.0660     0.1363    34.2310    34.2283    8.12263         24 0.0000e+00
    355.000    351.025    -0.3250  28.345644    -0.3227  28.345545     4.8343     4.9337    -0.0104    93.2625 1.0000e-12  -74.10990 -113.32236  31.498741      75.98 1.0690e+03    505.239      12127  1029.1920  1029.1896     4.4243     0.0662     0.1384    34.2318    34.2290    8.12224         27 0.0000e+00
    356.000    352.014    -0.3234  28.347694    -0.3213  28.347507     4.8327     4.9345    -0.0117    93.2624 1.0000e-12  -74.10990 -113.32234  31.498755      74.48 1.0707e+03    506.393      12154  1029.1969  1029.1947     4.4243     0.0656     0.1367    34.2320    34.2295    8.12187         29 0.0000e+00
    357.000    353.002    -0.3224  28.349179    -0.3204  28.348833     4.8331     4.9335    -0.0109    93.2589 1.0000e-12  -74.10991 -113.32234  31.498769      73.74 1.0703e+03    507.663      12185  1029.2018  1029.1995     4.4241     0.0664     0.1374    34.2323    34.2296    8.12165         32 0.0000e+00
    358.000    353.990    -0.3191  28.353491    -0.3174  28.352561     4.8318     4.9323    -0.0151    93.2758 1.0000e-12  -74.10991 -113.32234  31.498785      72.08 1.0696e+03    509.031      12218  1029.2075  1029.2049     4.4249     0.0662     0.1359    34.2337    34.2306    8.12085         32 0.0000e+00
    359.000    354.978    -0.3146  28.358794    -0.3119  28.359157     4.8327     4.9356    -0.0167    93.2706 1.0000e-12  -74.10990 -113.32234  31.498800      72.33 1.0696e+03    510.361      12250  1029.2131  1029.2108     4.4247     0.0657     0.1362    34.2352    34.2326    8.11981         31 0.0000e+00
    360.000    355.965    -0.3130  28.360919    -0.3119  28.359665     4.8333     4.9335    -0.0122    93.2570 1.0000e-12  -74.10991 -113.32234  31.498814      70.83 1.0692e+03    511.527      12278  1029.2181  1029.2157     4.4241     0.0660     0.1350    34.2357    34.2327    8.11945         26 0.0000e+00
    361.000    356.954    -0.3152  28.359086    -0.3129  28.358899     4.8358     4.9380    -0.0164    93.2483 1.0000e-12  -74.10991 -113.32234  31.498828      69.35 1.0702e+03    512.728      12306  1029.2226  1029.2202     4.4237     0.0669     0.1378    34.2350    34.2322    8.11994         32 0.0000e+00
    362.000    357.941    -0.3137  28.361125    -0.3114  28.361215     4.8280     4.9337    -0.0122    93.2568 1.0000e-12  -74.10992 -113.32234  31.498843      68.25 1.0704e+03    514.063      12339  1029.2276  1029.2255     4.4241     0.0659     0.1348    34.2355    34.2330    8.11960         33 0.0000e+00
    363.000    358.928    -0.3132  28.362045    -0.3106  28.362349     4.8286     4.9290    -0.0192    93.2300 1.0000e-12  -74.10992 -113.32233  31.498860      67.70 1.0698e+03    515.490      12373  1029.2325  1029.2302     4.4228     0.0645     0.1361    34.2356    34.2330    8.11950         34 0.0000e+00
    364.000    359.918    -0.3115  28.364293    -0.3094  28.363961     4.8360     4.9235    -0.0115    93.2549 1.0000e-12  -74.10992 -113.32233  31.498876      67.17 1.0687e+03    516.900      12407  1029.2375  1029.2351     4.4240     0.0657     0.1376    34.2360    34.2332    8.11910         32 0.0000e+00
    365.000    360.904    -0.3113  28.364868    -0.3092  28.364525     4.8282     4.9259    -0.0174    93.2583 1.0000e-12  -74.10990 -113.32232  31.498892      65.57 1.0701e+03    518.249      12439  1029.2422  1029.2398     4.4241     0.0647     0.1385    34.2360    34.2332    8.11907         31 0.0000e+00
    366.000    361.894    -0.3113  28.365580    -0.3092  28.365347     4.8300     4.9306    -0.0165    93.2348 1.0000e-12  -74.10992 -113.32234  31.498905      64.94 1.0722e+03    519.412      12467  1029.2472  1029.2449     4.4230     0.0644     0.1374    34.2363    34.2337    8.11904         25 0.0000e+00
    367.000    362.881    -0.3107  28.366540    -0.3087  28.366113     4.8280     4.9304    -0.0120    93.2358 1.0000e-12  -74.10990 -113.32233  31.498919      63.86 1.0715e+03    520.567      12495  1029.2520  1029.2495     4.4231     0.0652     0.1370    34.2364    34.2335    8.11892         31 0.0000e+00
    368.000    363.869    -0.3106  28.366920    -0.3085  28.366676     4.8289     4.9220    -0.0031    93.2572 1.0000e-12  -74.10990 -113.32233  31.498935      62.67 1.0710e+03    521.956      12528  1029.2565  1029.2543     4.4241     0.0647     0.1365    34.2362    34.2335    8.11891         35 0.0000e+00
    369.000    364.856    -0.3112  28.366706    -0.3090  28.366544     4.8239     4.9245    -0.0078    93.2619 1.0000e-12  -74.10992 -113.32234  31.498952      62.24 1.0706e+03    523.440      12564  1029.2611  1029.2589     4.4243     0.0635     0.1353    34.2359    34.2332    8.11904         30 0.0000e+00
    370.000    365.845    -0.3111  28.367223    -0.3091  28.366896     4.8278     4.9275     0.0108    93.2515 1.0000e-12  -74.10992 -113.32234  31.498967      60.84 1.0693e+03    524.770      12595  1029.2659  1029.2636     4.4238     0.0653     0.1386    34.2359    34.2332    8.11902         31 0.0000e+00
    371.000    366.831    -0.3121  28.366507    -0.3102  28.366084     4.8269     4.9273    -0.0028    93.2358 1.0000e-12  -74.10992 -113.32234  31.498981      59.84 1.0718e+03    525.955      12624  1029.2704  1029.2681     4.4231     0.0636     0.1347    34.2355    34.2328    8.11926         27 0.0000e+00
