ocean_section_plots/required_files/ctd/dnbp2202_ctd274.cnv
* Sea-Bird SBE 9 Data File:
* FileName = D:\Data\raw\NBP2202_CTD274.hex
* Software Version Seasave V 7.26.7.121
* Temperature SN = 1649
* Conductivity SN = 2513
* Number of Bytes Per Scan = 40
* Number of Voltage Words = 5
* Number of Scans Averaged by the Deck Unit = 1
* NMEA Latitude = 73 57.36 S
* NMEA Longitude = 116 14.32 W
* NMEA UTC (Time) = Feb 21 2022  02:48:53
* NMEA baud rate = 9600
** Ship: RVIB N.B. Palmer
** Cruise: NBP2202 Thwaites
** Station: 176
** Operator: A. Robinson
# nquan = 28
# nvalues = 655                         
# units = specified
# name 0 = prDM: Pressure, Digiquartz [db]
# name 1 = depSM: Depth [salt water, m]
# name 2 = t090C: Temperature [ITS-90, deg C]
# name 3 = c0mS/cm: Conductivity [mS/cm]
# name 4 = t190C: Temperature, 2 [ITS-90, deg C]
# name 5 = c1mS/cm: Conductivity, 2 [mS/cm]
# name 6 = sbeox0ML/L: Oxygen, SBE 43 [ml/l]
# name 7 = sbeox1ML/L: Oxygen, SBE 43, 2 [ml/l]
# name 8 = flECO-AFL: Fluorescence, WET Labs ECO-AFL/FL [mg/m^3]
# name 9 = CStarTr0: Beam Transmission, WET Labs C-Star [%]
# name 10 = par: PAR/Irradiance, Biospherical/Licor
# name 11 = latitude: Latitude [deg]
# name 12 = longitude: Longitude [deg]
# name 13 = timeJ: Julian Days
# name 14 = altM: Altimeter [m]
# name 15 = spar: SPAR, Biospherical/Licor
# name 16 = timeS: Time, Elapsed [seconds]
# name 17 = scan: Scan Count
# name 18 = density00: Density [density, kg/m^3]
# name 19 = density11: Density, 2 [density, kg/m^3]
# name 20 = v3: Voltage 3
# name 21 = v4: Voltage 4
# name 22 = v5: Voltage 5
# name 23 = sal00: Salinity, Practical [PSU]
# name 24 = sal11: Salinity, Practical, 2 [PSU]
# name 25 = oxsolML/L: Oxygen Saturation, Garcia & Gordon [ml/l]
# name 26 = nbin: number of scans per bin
# name 27 = flag: flag
# span 0 =      2.000,    656.000       
# span 1 =      1.982,    648.190       
# span 2 =    -1.8706,    -0.0064       
# span 3 =  26.859803,  28.904427       
# span 4 =    -1.8703,    -0.0087       
# span 5 =  26.860338,  28.899942       
# span 6 =     4.9141,     9.0808       
# span 7 =     5.0479,     9.3881       
# span 8 =    -0.0150,    10.6335       
# span 9 =    87.7888,    98.7329       
# span 10 = 1.0000e-12, 4.2437e+01      
# span 11 =  -73.95602,  -73.95602      
# span 12 = -116.23876, -116.23872      
# span 13 =  52.119773,  52.129272      
# span 14 =       3.41,     100.34      
# span 15 = 7.4572e+01, 9.8502e+01      
# span 16 =    215.426,   1036.116      
# span 17 =       5171,      24868      
# span 18 =  1027.1707,  1030.7583      
# span 19 =  1027.1721,  1030.7558      
# span 20 =     4.1653,     4.6837      
# span 21 =     0.0643,     1.8136      
# span 22 =     0.1061,     0.2431      
# span 23 =    33.7936,    34.4379      
# span 24 =    33.7953,    34.4345      
# span 25 =    8.04309,    8.47504      
# span 26 =         21,         48      
# span 27 = 0.0000e+00, 0.0000e+00      
# interval = decibars: 1                
# start_time = Feb 21 2022 02:48:53 [NMEA time, header]
# bad_flag = -9.990e-29
*END*
[from data line 518]
    520.000    513.977    -1.0062  27.861201    -1.0051  27.860664     5.7405     5.9136    -0.0004    98.7081 1.0000e-12  -73.95602 -116.23874  52.126974      99.92 8.6642e+01    837.537      20102  1030.0242  1030.0225     4.6825     0.0721     0.1099    34.2487    34.2467    8.26889         27 0.0000e+00
    521.000    514.966    -0.9985  27.868808    -0.9971  27.868764     5.7252     5.8916    -0.0062    98.6933 1.0000e-12  -73.95602 -116.23874  52.126986      85.24 8.8718e+01    838.602      20127  1030.0294  1030.0280     4.6818     0.0703     0.1092    34.2496    34.2480    8.26713         23 0.0000e+00
    522.000    515.954    -0.9863  27.881843    -0.9828  27.883192     5.7185     5.8779    -0.0020    98.6991 1.0000e-12  -73.95602 -116.23874  52.126997      99.89 8.7531e+01    839.541      20150  1030.0361  1030.0342     4.6821     0.0716     0.1104    34.2530    34.2508    8.26427         23 0.0000e+00
    523.000    516.939    -0.9702  27.896712    -0.9684  27.896908     5.7212     5.8721     0.0086    98.6957 1.0000e-12  -73.95602 -116.23874  52.127009      99.92 8.7509e+01    840.535      20174  1030.0409  1030.0394     4.6820     0.0718     0.1104    34.2542    34.2525    8.26065         25 0.0000e+00
    524.000    517.926    -0.9628  27.904441    -0.9603  27.905125     5.7040     5.8731     0.0112    98.7053 1.0000e-12  -73.95602 -116.23874  52.127021      99.91 8.9184e+01    841.619      20200  1030.0466  1030.0450     4.6824     0.0719     0.1094    34.2557    34.2539    8.25893         26 0.0000e+00
    525.000    518.914    -0.9571  27.910170    -0.9550  27.910549     5.6972     5.8663     0.0133    98.7115 1.0000e-12  -73.95602 -116.23874  52.127033      99.92 8.7911e+01    842.628      20224  1030.0518  1030.0501     4.6827     0.0714     0.1133    34.2565    34.2545    8.25764         23 0.0000e+00
    526.000    519.902    -0.9524  27.915140    -0.9503  27.915468     5.6865     5.8446     0.0099    98.6989 1.0000e-12  -73.95602 -116.23874  52.127044      99.91 8.7512e+01    843.619      20248  1030.0571  1030.0554     4.6821     0.0710     0.1095    34.2573    34.2554    8.25656         25 0.0000e+00
    527.000    520.889    -0.9306  27.936914    -0.9267  27.938393     5.6726     5.8270     0.0030    98.7121 1.0000e-12  -73.95602 -116.23874  52.127057      99.91 8.8288e+01    844.727      20274  1030.0637  1030.0616     4.6827     0.0710     0.1089    34.2615    34.2591    8.25154         27 0.0000e+00
    528.000    521.876    -0.9102  27.955966    -0.9083  27.956250     5.6510     5.8207     0.0064    98.7080 1.0000e-12  -73.95602 -116.23874  52.127070      99.91 8.7862e+01    845.842      20301  1030.0689  1030.0673     4.6825     0.0717     0.1094    34.2637    34.2618    8.24695         26 0.0000e+00
    529.000    522.861    -0.9062  27.960247    -0.9044  27.960353     5.6668     5.8174    -0.0030    98.7021 1.0000e-12  -73.95602 -116.23874  52.127082      99.91 8.7531e+01    846.904      20327  1030.0742  1030.0725     4.6822     0.0734     0.1108    34.2643    34.2623    8.24603         26 0.0000e+00
    530.000    523.851    -0.9043  27.962581    -0.9013  27.963888     5.6444     5.8072    -0.0077    98.6791 1.0000e-12  -73.95602 -116.23874  52.127094      99.91 8.8218e+01    847.964      20352  1030.0794  1030.0778     4.6812     0.0741     0.1086    34.2647    34.2630    8.24559         25 0.0000e+00
    531.000    524.838    -0.8929  27.974232    -0.8899  27.975198     5.6367     5.7953    -0.0020    98.7066 1.0000e-12  -73.95602 -116.23874  52.127106      99.91 8.5798e+01    848.946      20376  1030.0853  1030.0834     4.6825     0.0718     0.1089    34.2669    34.2648    8.24296         23 0.0000e+00
    532.000    525.824    -0.8850  27.981946    -0.8827  27.982631     5.6295     5.7896     0.0148    98.7212 1.0000e-12  -73.95602 -116.23874  52.127117      99.91 8.7266e+01    849.937      20399  1030.0904  1030.0889     4.6832     0.0727     0.1091    34.2679    34.2661    8.24118         25 0.0000e+00
    533.000    526.810    -0.8671  27.999615    -0.8634  28.001490     5.5998     5.7682     0.0089    98.7120 1.0000e-12  -73.95602 -116.23874  52.127130      78.86 8.7603e+01    851.026      20426  1030.0964  1030.0947     4.6827     0.0684     0.1071    34.2709    34.2692    8.23709         26 0.0000e+00
    534.000    527.799    -0.8539  28.013093    -0.8521  28.012843     5.6016     5.7465     0.0003    98.7042 1.0000e-12  -73.95602 -116.23874  52.127143      92.42 8.6962e+01    852.137      20452  1030.1024  1030.1005     4.6823     0.0715     0.1082    34.2735    34.2712    8.23403         27 0.0000e+00
    535.000    528.785    -0.8371  28.029260    -0.8350  28.029391     5.6016     5.7421    -0.0015    98.7239 1.0000e-12  -73.95602 -116.23874  52.127155      99.90 8.7600e+01    853.227      20478  1030.1080  1030.1061     4.6833     0.0703     0.1097    34.2758    34.2736    8.23024         26 0.0000e+00
    536.000    529.773    -0.8329  28.033648    -0.8307  28.034046     5.5862     5.7412    -0.0051    98.7225 1.0000e-12  -73.95602 -116.23874  52.127168      99.91 8.8710e+01    854.294      20504  1030.1131  1030.1114     4.6832     0.0718     0.1078    34.2763    34.2744    8.22928         25 0.0000e+00
    537.000    530.758    -0.8285  28.038596    -0.8260  28.039206     5.5841     5.7358     0.0116    98.7126 1.0000e-12  -73.95602 -116.23874  52.127179      99.91 8.8379e+01    855.288      20528  1030.1186  1030.1169     4.6827     0.0723     0.1090    34.2774    34.2755    8.22826         22 0.0000e+00
    538.000    531.747    -0.8187  28.048578    -0.8166  28.048699     5.5734     5.7267     0.0099    98.7122 1.0000e-12  -73.95602 -116.23874  52.127190      99.92 8.7172e+01    856.238      20551  1030.1243  1030.1224     4.6827     0.0720     0.1081    34.2792    34.2771    8.22602         25 0.0000e+00
    539.000    532.734    -0.8071  28.060297    -0.8042  28.061316     5.5741     5.7216    -0.0059    98.7189 1.0000e-12  -73.95602 -116.23874  52.127203      99.91 8.8070e+01    857.305      20576  1030.1300  1030.1283     4.6830     0.0718     0.1096    34.2814    34.2795    8.22337         26 0.0000e+00
    540.000    533.721    -0.8060  28.061663    -0.8036  28.062429     5.5746     5.7225     0.0085    98.7081 1.0000e-12  -73.95602 -116.23874  52.127215      99.91 8.8468e+01    858.410      20603  1030.1350  1030.1334     4.6825     0.0716     0.1076    34.2814    34.2796    8.22313         27 0.0000e+00
    541.000    534.707    -0.8049  28.063086    -0.8018  28.064501     5.5652     5.7208     0.0014    98.7172 1.0000e-12  -73.95602 -116.23874  52.127228      99.92 8.7452e+01    859.487      20629  1030.1399  1030.1384     4.6829     0.0722     0.1080    34.2814    34.2798    8.22288         25 0.0000e+00
    542.000    535.696    -0.8036  28.064576    -0.8033  28.063367     5.5724     5.7171    -0.0062    98.7021 1.0000e-12  -73.95602 -116.23874  52.127240      99.91 8.7648e+01    860.531      20654  1030.1447  1030.1432     4.6823     0.0710     0.1092    34.2813    34.2794    8.22260         25 0.0000e+00
    543.000    536.682    -0.8047  28.063947    -0.8052  28.061961     5.5690     5.7205     0.0076    98.7182 1.0000e-12  -73.95602 -116.23874  52.127252      99.91 8.9899e+01    861.593      20679  1030.1496  1030.1479     4.6830     0.0715     0.1108    34.2812    34.2790    8.22286         24 0.0000e+00
    544.000    537.669    -0.8039  28.065562    -0.8037  28.063999     5.5670     5.7170     0.0106    98.7027 1.0000e-12  -73.95602 -116.23874  52.127264      99.91 8.7848e+01    862.563      20703  1030.1549  1030.1530     4.6822     0.0711     0.1085    34.2818    34.2795    8.22264         24 0.0000e+00
    545.000    538.657    -0.7996  28.069775    -0.7983  28.069579     5.5591     5.7139     0.0044    98.6913 1.0000e-12  -73.95602 -116.23874  52.127275      73.68 8.7265e+01    863.599      20727  1030.1595  1030.1581     4.6817     0.0692     0.1079    34.2820    34.2803    8.22169         26 0.0000e+00
    546.000    539.643    -0.7976  28.072072    -0.7956  28.072539     5.5633     5.7118     0.0086    98.7171 1.0000e-12  -73.95602 -116.23874  52.127288      85.17 8.8419e+01    864.691      20754  1030.1645  1030.1630     4.6829     0.0689     0.1069    34.2823    34.2806    8.22124         26 0.0000e+00
    547.000    540.630    -0.7914  28.078873    -0.7898  28.078633     5.5776     5.7088     0.0035    98.7130 1.0000e-12  -73.95602 -116.23874  52.127301      99.93 8.6515e+01    865.772      20780  1030.1700  1030.1683     4.6827     0.0711     0.1090    34.2838    34.2817    8.21979         26 0.0000e+00
    548.000    541.618    -0.7875  28.082699    -0.7857  28.082932     5.5596     5.7025     0.0005    98.7101 1.0000e-12  -73.95602 -116.23874  52.127313      99.91 8.7051e+01    866.838      20805  1030.1748  1030.1733     4.6826     0.0710     0.1083    34.2841    34.2823    8.21894         26 0.0000e+00
    549.000    542.603    -0.7876  28.083154    -0.7859  28.083204     5.5488     5.7012     0.0080    98.6983 1.0000e-12  -73.95602 -116.23874  52.127326      99.92 8.8203e+01    867.929      20831  1030.1797  1030.1781     4.6821     0.0739     0.1140    34.2841    34.2823    8.21895         26 0.0000e+00
    550.000    543.592    -0.7842  28.086963    -0.7824  28.087040     5.5409     5.6937     0.0052    98.7091 1.0000e-12  -73.95602 -116.23874  52.127338      99.92 8.6306e+01    869.025      20858  1030.1848  1030.1832     4.6826     0.0711     0.1101    34.2848    34.2829    8.21817         26 0.0000e+00
    551.000    544.578    -0.7760  28.095555    -0.7744  28.095243     5.5303     5.6887     0.0102    98.7174 1.0000e-12  -73.95602 -116.23874  52.127351      99.92 8.7798e+01    870.088      20883  1030.1904  1030.1886     4.6830     0.0722     0.1098    34.2865    34.2844    8.21628         25 0.0000e+00
    552.000    545.567    -0.7642  28.107365    -0.7622  28.107655     5.5256     5.6800     0.0093    98.7037 1.0000e-12  -73.95602 -116.23874  52.127363      54.15 8.8007e+01    871.146      20908  1030.1959  1030.1942     4.6823     0.0704     0.1099    34.2886    34.2867    8.21361         25 0.0000e+00
    553.000    546.551    -0.7612  28.110621    -0.7593  28.110772     5.5223     5.6800     0.0083    98.7152 1.0000e-12  -73.95602 -116.23874  52.127374     100.34 8.5070e+01    872.114      20932  1030.2008  1030.1992     4.6828     0.0735     0.1080    34.2890    34.2871    8.21293         22 0.0000e+00
    554.000    547.540    -0.7556  28.116804    -0.7536  28.116978     5.5184     5.6727     0.0166    98.7030 1.0000e-12  -73.95602 -116.23874  52.127385      99.92 8.7282e+01    873.076      20955  1030.2063  1030.2045     4.6823     0.0711     0.1094    34.2904    34.2883    8.21162         25 0.0000e+00
    555.000    548.527    -0.7472  28.125186    -0.7452  28.125492     5.5086     5.6583     0.0126    98.7071 1.0000e-12  -73.95602 -116.23874  52.127398      54.15 8.6373e+01    874.156      20981  1030.2115  1030.2099     4.6825     0.0705     0.1083    34.2916    34.2898    8.20974         26 0.0000e+00
    556.000    549.514    -0.7402  28.132491    -0.7379  28.132891     5.4982     5.6413     0.0118    98.7052 1.0000e-12  -73.95602 -116.23874  52.127410     100.17 8.6315e+01    875.256      21007  1030.2168  1030.2151     4.6824     0.0709     0.1074    34.2929    34.2909    8.20813         27 0.0000e+00
    557.000    550.499    -0.7287  28.144403    -0.7264  28.144691     5.4882     5.6381     0.0067    98.6979 1.0000e-12  -73.95602 -116.23874  52.127423      99.91 8.5894e+01    876.317      21033  1030.2228  1030.2208     4.6820     0.0703     0.1107    34.2954    34.2931    8.20550         25 0.0000e+00
    558.000    551.489    -0.7195  28.153393    -0.7173  28.153952     5.4789     5.6388    -0.0028    98.6785 1.0000e-12  -73.95602 -116.23874  52.127435      28.82 8.7118e+01    877.388      21058  1030.2278  1030.2262     4.6811     0.0676     0.1081    34.2966    34.2947    8.20344         26 0.0000e+00
    559.000    552.473    -0.7148  28.158409    -0.7129  28.158690     5.4663     5.6230     0.0120    98.6893 1.0000e-12  -73.95602 -116.23874  52.127448      89.59 8.7602e+01    878.480      21085  1030.2330  1030.2314     4.6817     0.0708     0.1106    34.2974    34.2956    8.20236         26 0.0000e+00
    560.000    553.462    -0.7046  28.169816    -0.7019  28.170176     5.4473     5.6068     0.0099    98.6926 1.0000e-12  -73.95602 -116.23874  52.127460      98.38 8.6248e+01    879.535      21110  1030.2396  1030.2374     4.6818     0.0738     0.1103    34.3005    34.2980    8.19995         25 0.0000e+00
    561.000    554.449    -0.6695  28.204467    -0.6672  28.204490     5.4399     5.5942     0.0033    98.6952 1.0000e-12  -73.95602 -116.23874  52.127472      99.04 8.7451e+01    880.591      21135  1030.2467  1030.2445     4.6819     0.0722     0.1102    34.3070    34.3045    8.19198         26 0.0000e+00
    562.000    555.435    -0.6545  28.219122    -0.6524  28.219269     5.4256     5.5754     0.0111    98.6686 1.0000e-12  -73.95602 -116.23874  52.127485      98.60 8.7533e+01    881.683      21161  1030.2522  1030.2503     4.6807     0.0734     0.1085    34.3091    34.3070    8.18860         26 0.0000e+00
    563.000    556.423    -0.6460  28.228040    -0.6437  28.228193     5.4155     5.5652     0.0098    98.6596 1.0000e-12  -73.95602 -116.23874  52.127497      97.74 8.6588e+01    882.767      21187  1030.2580  1030.2559     4.6803     0.0720     0.1093    34.3110    34.3086    8.18667         26 0.0000e+00
    564.000    557.410    -0.6329  28.241398    -0.6306  28.241418     5.4011     5.5521    -0.0052    98.6985 1.0000e-12  -73.95602 -116.23874  52.127510      96.92 8.7252e+01    883.837      21213  1030.2639  1030.2618     4.6820     0.0717     0.1097    34.3135    34.3110    8.18368         26 0.0000e+00
    565.000    558.397    -0.6218  28.252563    -0.6197  28.252835     5.3863     5.5435     0.0002    98.6734 1.0000e-12  -73.95602 -116.23874  52.127522      95.74 8.7534e+01    884.937      21239  1030.2695  1030.2677     4.6809     0.0706     0.1086    34.3154    34.3134    8.18117         26 0.0000e+00
    566.000    559.383    -0.6049  28.269913    -0.6035  28.269231     5.3779     5.5367    -0.0054    98.6932 1.0000e-12  -73.95602 -116.23874  52.127535      94.70 8.6047e+01    886.017      21265  1030.2760  1030.2739     4.6819     0.0717     0.1112    34.3191    34.3165    8.17731         26 0.0000e+00
    567.000    560.370    -0.5924  28.282639    -0.5905  28.282287     5.3585     5.5157    -0.0021    98.6900 1.0000e-12  -73.95602 -116.23874  52.127548      93.54 8.7977e+01    887.105      21292  1030.2819  1030.2797     4.6816     0.0715     0.1087    34.3215    34.3189    8.17448         27 0.0000e+00
    568.000    561.358    -0.5746  28.300263    -0.5727  28.300076     5.3476     5.5032    -0.0127    98.6991 1.0000e-12  -73.95602 -116.23874  52.127560      92.64 8.7672e+01    888.220      21318  1030.2878  1030.2858     4.6821     0.0711     0.1099    34.3244    34.3221    8.17047         26 0.0000e+00
    569.000    562.344    -0.5592  28.316164    -0.5570  28.316117     5.3404     5.4861    -0.0064    98.7006 1.0000e-12  -73.95602 -116.23874  52.127573      91.63 8.6073e+01    889.280      21344  1030.2942  1030.2920     4.6821     0.0692     0.1102    34.3277    34.3252    8.16695         24 0.0000e+00
    570.000    563.331    -0.5450  28.330135    -0.5431  28.330042     5.3298     5.4709     0.0005    98.7061 1.0000e-12  -73.95602 -116.23874  52.127585      90.62 8.7878e+01    890.301      21368  1030.2998  1030.2978     4.6824     0.0707     0.1108    34.3299    34.3276    8.16377         25 0.0000e+00
