ocean_section_plots/required_files/ctd/dnbp2202_ctd125.cnv
* Sea-Bird SBE 9 Data File:
* FileName = D:\Data\raw\NBP2202_CTD125.hex
* Software Version Seasave V 7.26.7.121
* Temperature SN = 1649
* Conductivity SN = 2513
* Number of Bytes Per Scan = 40
* Number of Voltage Words = 5
* Number of Scans Averaged by the Deck Unit = 1
* NMEA Latitude = 74 10.52 S
* NMEA Longitude = 113 20.65 W
* NMEA UTC (Time) = Jan 27 2022  12:41:33
* NMEA baud rate = 9600
** Ship: RVIB N.B. Palmer
** Cruise: NBP2202 Thwaites
** Station: YoYo001
** Operator: B. Bjork
# nquan = 25
# nvalues = 608                         
# units = specified
# name 0 = prDM: Pressure, Digiquartz [db]
# name 1 = depSM: Depth [salt water, m]
# name 2 = t090C: Temperature [ITS-90, deg C]
# name 3 = c0mS/cm: Conductivity [mS/cm]
# name 4 = t190C: Temperature, 2 [ITS-90, deg C]
# name 5 = c1mS/cm: Conductivity, 2 [mS/cm]
# name 6 = sbeox0ML/L: Oxygen, SBE 43 [ml/l]
# name 7 = sbeox1ML/L: Oxygen, SBE 43, 2 [ml/l]
# name 8 = flECO-AFL: Fluorescence, WET Labs ECO-AFL/FL [mg/m^3]
# name 9 = CStarTr0: Beam Transmission, WET Labs C-Star [%]
# name 10 = par: PAR/Irradiance, Biospherical/Licor
# name 11 = latitude: Latitude [deg]
# name 12 = longitude: Longitude [deg]
# name 13 = timeJ: Julian Days
# name 14 = altM: Altimeter [m]
# name 15 = spar: SPAR, Biospherical/Licor
# name 16 = timeS: Time, Elapsed [seconds]
# name 17 = scan: Scan Count
# name 18 = density00: Density [density, kg/m^3]
# name 19 = density11: Density, 2 [density, kg/m^3]
# name 20 = sal00: Salinity, Practical [PSU]
# name 21 = sal11: Salinity, Practical, 2 [PSU]
# name 22 = oxsolML/L: Oxygen Saturation, Garcia & Gordon [ml/l]
# name 23 = nbin: number of scans per bin
# name 24 = flag: flag
# span 0 =     10.000,    617.000       
# span 1 =      9.896,    609.710       
# span 2 =    -1.4602,     0.0896       
# span 3 =  27.017118,  28.917807       
# span 4 =    -1.4591,     0.0919       
# span 5 =  27.017160,  28.917532       
# span 6 =     4.6746,     8.3603       
# span 7 =     4.7199,     8.1627       
# span 8 =    -0.0225,    23.2540       
# span 9 =    70.6276,    95.6431       
# span 10 = -2.665e-06, 7.8444e+00      
# span 11 =  -74.17536,  -74.17534      
# span 12 = -113.34430, -113.34422      
# span 13 =  27.529374,  27.537129      
# span 14 =       6.59,     100.11      
# span 15 = 2.6091e+02, 3.4165e+02      
# span 16 =     44.926,    714.903      
# span 17 =       1079,      17159      
# span 18 =  1027.2276,  1030.5181      
# span 19 =  1027.2257,  1030.5155      
# span 20 =    33.7932,    34.3806      
# span 21 =    33.7912,    34.3778      
# span 22 =    8.02621,    8.39059      
# span 23 =         20,         46      
# span 24 = 0.0000e+00, 0.0000e+00      
# interval = decibars: 1                
# start_time = Jan 27 2022 12:41:33 [NMEA time, header]
# bad_flag = -9.990e-29
*END*
[from data line 348]
    358.000    353.987    -0.5178  28.159112    -0.5163  28.158893     5.0554     5.1083    -0.0129    95.3971 1.0000e-12  -74.17536 -113.34424  27.533696      99.86 2.9440e+02    418.346      10041  1029.1895  1029.1878    34.1970    34.1950    8.16556         24 0.0000e+00
    359.000    354.977    -0.5246  28.156835    -0.5225  28.156580     5.0624     5.1193    -0.0115    95.4066 1.0000e-12  -74.17536 -113.34424  27.533708      99.86 2.9440e+02    419.339      10065  1029.1980  1029.1957    34.2010    34.1983    8.16679         23 0.0000e+00
    360.000    355.965    -0.5268  28.157271    -0.5230  28.158099     5.0531     5.1074    -0.0113    95.4265 1.0000e-12  -74.17536 -113.34424  27.533719      99.87 2.9440e+02    420.332      10089  1029.2049  1029.2021    34.2034    34.2003    8.16712         24 0.0000e+00
    361.000    356.952    -0.5132  28.173287    -0.5107  28.172695     5.0371     5.0946    -0.0034    95.4347 1.0000e-12  -74.17536 -113.34424  27.533731      76.10 2.9440e+02    421.318      10113  1029.2130  1029.2100    34.2090    34.2055    8.16387         24 0.0000e+00
    362.000    357.939    -0.4832  28.203842    -0.4835  28.200793     5.0407     5.0913    -0.0110    95.4443 1.0000e-12  -74.17536 -113.34424  27.533742      86.96 2.9382e+02    422.307      10136  1029.2207  1029.2177    34.2157    34.2119    8.15704         24 0.0000e+00
    363.000    358.928    -0.4803  28.207666    -0.4787  28.207121     5.0707     5.1211    -0.0192    95.4536 1.0000e-12  -74.17536 -113.34424  27.533753      99.92 2.9325e+02    423.296      10160  1029.2263  1029.2242    34.2169    34.2144    8.15634         23 0.0000e+00
    364.000    359.917    -0.4855  28.205545    -0.4824  28.206287     5.0853     5.1446    -0.0143    95.4616 1.0000e-12  -74.17536 -113.34424  27.533765      99.87 2.9285e+02    424.285      10184  1029.2334  1029.2312    34.2193    34.2167    8.15732         24 0.0000e+00
    365.000    360.904    -0.5147  28.181396    -0.5124  28.182350     5.0656     5.1283    -0.0126    95.4658 1.0000e-12  -74.17536 -113.34424  27.533776      99.86 2.9264e+02    425.277      10208  1029.2406  1029.2395    34.2192    34.2179    8.16362         24 0.0000e+00
    366.000    361.892    -0.5074  28.192585    -0.5106  28.186416     5.0417     5.1038    -0.0157    95.4739 1.0000e-12  -74.17536 -113.34424  27.533788      99.87 2.9264e+02    426.269      10231  1029.2497  1029.2462    34.2254    34.2207    8.16169         23 0.0000e+00
    367.000    362.879    -0.4576  28.237952    -0.4579  28.234899     5.0174     5.0784    -0.0172    95.4787 1.0000e-12  -74.17536 -113.34424  27.533799      99.86 2.9264e+02    427.247      10255  1029.2536  1029.2507    34.2295    34.2257    8.15073         24 0.0000e+00
    368.000    363.868    -0.4486  28.246673    -0.4450  28.247492     5.0126     5.0705    -0.0169    95.4979 1.0000e-12  -74.17536 -113.34424  27.533810      99.86 2.9264e+02    428.227      10278  1029.2586  1029.2560    34.2305    34.2275    8.14875         24 0.0000e+00
    369.000    364.856    -0.4421  28.252903    -0.4409  28.251966     5.0329     5.0908    -0.0201    95.5073 1.0000e-12  -74.17536 -113.34424  27.533822      99.87 2.9113e+02    429.206      10302  1029.2634  1029.2612    34.2309    34.2283    8.14734         23 0.0000e+00
    370.000    365.843    -0.4444  28.251232    -0.4432  28.250807     5.0700     5.1254    -0.0193    95.4991 1.0000e-12  -74.17536 -113.34424  27.533833      99.87 2.9088e+02    430.179      10325  1029.2683  1029.2667    34.2307    34.2288    8.14785         24 0.0000e+00
    371.000    366.831    -0.4752  28.226181    -0.4722  28.227561     5.0885     5.1423    -0.0134    95.5028 1.0000e-12  -74.17536 -113.34424  27.533844      99.87 2.9088e+02    431.162      10349  1029.2761  1029.2747    34.2312    34.2296    8.15443         23 0.0000e+00
    372.000    367.820    -0.4910  28.214388    -0.4896  28.213708     5.0987     5.1536    -0.0113    95.4839 1.0000e-12  -74.17536 -113.34424  27.533856      99.87 2.9088e+02    432.151      10373  1029.2833  1029.2812    34.2325    34.2300    8.15774         24 0.0000e+00
    373.000    368.806    -0.4912  28.214637    -0.4894  28.214260     5.0775     5.1301    -0.0110    95.5001 1.0000e-12  -74.17536 -113.34424  27.533867      99.86 2.9088e+02    433.147      10397  1029.2880  1029.2858    34.2325    34.2299    8.15779         24 0.0000e+00
    374.000    369.795    -0.4791  28.226569    -0.4794  28.223678     5.0553     5.1211    -0.0187    95.5119 1.0000e-12  -74.17536 -113.34424  27.533879      99.86 2.9088e+02    434.143      10420  1029.2931  1029.2903    34.2343    34.2307    8.15509         24 0.0000e+00
    375.000    370.783    -0.4687  28.236499    -0.4705  28.232369     5.0411     5.1138    -0.0208    95.5185 1.0000e-12  -74.17536 -113.34424  27.533890      83.25 2.9088e+02    435.132      10444  1029.2978  1029.2952    34.2353    34.2317    8.15280         23 0.0000e+00
    376.000    371.770    -0.4415  28.261972    -0.4388  28.261973     5.0286     5.0893    -0.0193    95.5216 1.0000e-12  -74.17536 -113.34424  27.533902      95.27 2.8999e+02    436.112      10468  1029.3027  1029.3001    34.2381    34.2351    8.14678         24 0.0000e+00
    377.000    372.758    -0.4579  28.248328    -0.4546  28.248852     5.0087     5.0832    -0.0151    95.5375 1.0000e-12  -74.17536 -113.34424  27.533913      99.85 2.8934e+02    437.082      10491  1029.3086  1029.3059    34.2377    34.2347    8.15033         23 0.0000e+00
    378.000    373.746    -0.4252  28.279140    -0.4221  28.278918     4.9835     5.0555    -0.0063    95.5545 1.0000e-12  -74.17536 -113.34424  27.533924      99.86 2.8926e+02    438.054      10514  1029.3138  1029.3105    34.2416    34.2378    8.14310         23 0.0000e+00
    379.000    374.734    -0.4122  28.290665    -0.4114  28.289433     4.9436     5.0173    -0.0138    95.5741 1.0000e-12  -74.17536 -113.34424  27.533935      99.86 2.8911e+02    439.018      10537  1029.3178  1029.3157    34.2418    34.2392    8.14030         24 0.0000e+00
    380.000    375.724    -0.3922  28.311422    -0.3961  28.304694     4.9248     5.0042    -0.0188    95.5645 1.0000e-12  -74.17536 -113.34424  27.533947      99.86 2.8866e+02    439.990      10561  1029.3248  1029.3214    34.2465    34.2419    8.13575         23 0.0000e+00
    381.000    376.708    -0.3537  28.347055    -0.3438  28.353646     4.9062     4.9826    -0.0024    95.5587 1.0000e-12  -74.17536 -113.34424  27.533958      99.87 2.8780e+02    440.973      10584  1029.3296  1029.3268    34.2502    34.2478    8.12731         23 0.0000e+00
    382.000    377.697    -0.3460  28.354832    -0.3460  28.352358     4.8733     4.9495    -0.0174    95.5656 1.0000e-12  -74.17536 -113.34424  27.533969      99.86 2.8735e+02    441.962      10608  1029.3349  1029.3323    34.2514    34.2481    8.12560         25 0.0000e+00
    383.000    378.686    -0.3319  28.369265    -0.3287  28.368964     4.8493     4.9202    -0.0189    95.5432 1.0000e-12  -74.17536 -113.34424  27.533981      99.87 2.8735e+02    442.953      10632  1029.3410  1029.3375    34.2541    34.2501    8.12241         23 0.0000e+00
    384.000    379.674    -0.2728  28.426861    -0.2681  28.427146     4.8416     4.9105    -0.0206    95.5290 1.0000e-12  -74.17536 -113.34424  27.533992      99.86 2.8735e+02    443.942      10656  1029.3489  1029.3447    34.2640    34.2592    8.10926         24 0.0000e+00
    385.000    380.661    -0.2644  28.434920    -0.2633  28.433674     4.8537     4.9145    -0.0153    95.4730 1.0000e-12  -74.17536 -113.34424  27.534004      99.86 2.8735e+02    444.929      10679  1029.3542  1029.3517    34.2648    34.2619    8.10743         23 0.0000e+00
    386.000    381.648    -0.2674  28.432586    -0.2639  28.433798     4.8738     4.9304    -0.0128    95.4506 1.0000e-12  -74.17536 -113.34424  27.534015      99.86 2.8667e+02    445.904      10703  1029.3592  1029.3571    34.2644    34.2621    8.10809         24 0.0000e+00
    387.000    382.638    -0.2830  28.419376    -0.2789  28.421098     4.8861     4.9468    -0.0111    95.4327 1.0000e-12  -74.17536 -113.34424  27.534026      89.70 2.8560e+02    446.884      10726  1029.3651  1029.3630    34.2637    34.2614    8.11144         24 0.0000e+00
    388.000    383.625    -0.2977  28.407519    -0.2941  28.408489     4.8921     4.9554    -0.0102    95.4290 1.0000e-12  -74.17536 -113.34424  27.534038      81.69 2.8559e+02    447.868      10750  1029.3715  1029.3691    34.2638    34.2611    8.11457         23 0.0000e+00
    389.000    384.611    -0.2989  28.407439    -0.2979  28.405989     4.8725     4.9333    -0.0138    95.4023 1.0000e-12  -74.17536 -113.34424  27.534049      95.25 2.8559e+02    448.859      10774  1029.3771  1029.3746    34.2645    34.2614    8.11480         24 0.0000e+00
    390.000    385.601    -0.2843  28.422287    -0.2805  28.423174     4.8335     4.8978    -0.0181    95.4111 1.0000e-12  -74.17536 -113.34424  27.534061      97.94 2.8559e+02    449.855      10798  1029.3830  1029.3802    34.2673    34.2641    8.11153         24 0.0000e+00
    391.000    386.588    -0.2526  28.453990    -0.2527  28.449891     4.8101     4.8701    -0.0099    95.3997 1.0000e-12  -74.17536 -113.34424  27.534072      99.87 2.8559e+02    450.840      10821  1029.3900  1029.3858    34.2733    34.2680    8.10443         23 0.0000e+00
    392.000    387.575    -0.2142  28.489330    -0.2094  28.491306     4.7938     4.8554    -0.0111    95.3842 1.0000e-12  -74.17536 -113.34424  27.534084      99.87 2.8559e+02    451.817      10845  1029.3944  1029.3919    34.2766    34.2739    8.09608         24 0.0000e+00
    393.000    388.563    -0.1996  28.505346    -0.1920  28.510029     4.7874     4.8400    -0.0121    95.3752 1.0000e-12  -74.17536 -113.34424  27.534095      99.86 2.8559e+02    452.794      10868  1029.4018  1029.3994    34.2810    34.2787    8.09274         23 0.0000e+00
    394.000    389.550    -0.1904  28.515590    -0.1865  28.516406     4.7850     4.8390    -0.0098    95.3564 1.0000e-12  -74.17536 -113.34424  27.534106      99.87 2.8559e+02    453.767      10891  1029.4082  1029.4054    34.2837    34.2805    8.09063         24 0.0000e+00
    395.000    390.540    -0.1811  28.525048    -0.1775  28.525781     4.7819     4.8374    -0.0105    95.3440 1.0000e-12  -74.17536 -113.34424  27.534117      99.86 2.8384e+02    454.739      10915  1029.4138  1029.4111    34.2852    34.2822    8.08858         23 0.0000e+00
    396.000    391.528    -0.1765  28.529982    -0.1753  28.528751     4.7734     4.8340    -0.0096    95.3202 1.0000e-12  -74.17536 -113.34424  27.534129      99.87 2.8382e+02    455.714      10938  1029.4191  1029.4167    34.2861    34.2831    8.08756         23 0.0000e+00
    397.000    392.513    -0.1716  28.535153    -0.1697  28.534266     4.7936     4.8460    -0.0114    95.2829 1.0000e-12  -74.17536 -113.34425  27.534140      99.87 2.8382e+02    456.700      10962  1029.4244  1029.4216    34.2869    34.2835    8.08648         24 0.0000e+00
    398.000    393.503    -0.1738  28.532827    -0.1730  28.531467     4.8075     4.8529    -0.0117    95.2599 1.0000e-12  -74.17536 -113.34425  27.534151      99.86 2.8382e+02    457.684      10985  1029.4286  1029.4264    34.2856    34.2829    8.08701         24 0.0000e+00
    399.000    394.489    -0.1948  28.513010    -0.1900  28.515784     4.8063     4.8513    -0.0176    95.2320 1.0000e-12  -74.17536 -113.34425  27.534163      99.87 2.8374e+02    458.664      11009  1029.4327  1029.4309    34.2822    34.2805    8.09166         23 0.0000e+00
    400.000    395.479    -0.1985  28.511653    -0.1958  28.511555     4.7996     4.8553    -0.0011    95.2182 1.0000e-12  -74.17536 -113.34426  27.534174      99.87 2.8281e+02    459.640      11032  1029.4392  1029.4366    34.2839    34.2808    8.09233         23 0.0000e+00
    401.000    396.466    -0.1864  28.523201    -0.1836  28.523240     4.8040     4.8561    -0.0099    95.2244 1.0000e-12  -74.17536 -113.34426  27.534185      88.88 2.8228e+02    460.611      11056  1029.4440  1029.4414    34.2851    34.2821    8.08970         24 0.0000e+00
    402.000    397.453    -0.1874  28.522204    -0.1867  28.520711     4.8151     4.8683    -0.0163    95.2174 1.0000e-12  -74.17536 -113.34426  27.534197      93.74 2.8221e+02    461.578      11079  1029.4484  1029.4461    34.2844    34.2816    8.08997         23 0.0000e+00
    403.000    398.441    -0.1957  28.515261    -0.1939  28.514718     4.8254     4.8779    -0.0176    95.2207 1.0000e-12  -74.17536 -113.34426  27.534208      98.67 2.8206e+02    462.551      11102  1029.4534  1029.4511    34.2838    34.2811    8.09174         23 0.0000e+00
    404.000    399.428    -0.2135  28.498429    -0.2142  28.496005     4.8425     4.8898    -0.0067    95.2287 1.0000e-12  -74.17536 -113.34426  27.534219      99.87 2.8169e+02    463.525      11126  1029.4574  1029.4556    34.2808    34.2784    8.09570         24 0.0000e+00
    405.000    400.417    -0.2156  28.496985    -0.2114  28.498930     4.8519     4.9067    -0.0053    95.2202 1.0000e-12  -74.17536 -113.34426  27.534230      99.86 2.8061e+02    464.502      11149  1029.4622  1029.4601    34.2806    34.2785    8.09615         24 0.0000e+00
    406.000    401.405    -0.2329  28.482812    -0.2268  28.485434     4.8422     4.9071    -0.0092    95.2174 1.0000e-12  -74.17536 -113.34426  27.534242      99.87 2.8061e+02    465.487      11173  1029.4683  1029.4652    34.2806    34.2773    8.09983         23 0.0000e+00
    407.000    402.391    -0.2353  28.481020    -0.2301  28.483173     4.8346     4.8907    -0.0110    95.2254 1.0000e-12  -74.17536 -113.34426  27.534253      99.87 2.8038e+02    466.471      11196  1029.4730  1029.4702    34.2803    34.2773    8.10035         24 0.0000e+00
    408.000    403.380    -0.2131  28.501535    -0.2164  28.496051     4.8291     4.8749    -0.0084    95.2351 1.0000e-12  -74.17536 -113.34426  27.534264      99.87 2.8030e+02    467.442      11220  1029.4773  1029.4747    34.2821    34.2785    8.09554         23 0.0000e+00
    409.000    404.367    -0.2055  28.509479    -0.2074  28.505164     4.8185     4.8798    -0.0014    95.2308 1.0000e-12  -74.17536 -113.34426  27.534276      99.87 2.8022e+02    468.411      11243  1029.4824  1029.4798    34.2835    34.2800    8.09384         23 0.0000e+00
    410.000    405.356    -0.2009  28.513803    -0.2004  28.512058     4.8309     4.8837    -0.0087    95.2442 1.0000e-12  -74.17536 -113.34426  27.534287      99.86 2.7946e+02    469.379      11266  1029.4868  1029.4845    34.2836    34.2807    8.09287         23 0.0000e+00
    411.000    406.343    -0.2089  28.506707    -0.2090  28.504917     4.8375     4.8827    -0.0104    95.2147 1.0000e-12  -74.17536 -113.34426  27.534298      99.86 2.7905e+02    470.356      11290  1029.4915  1029.4897    34.2825    34.2802    8.09463         24 0.0000e+00
    412.000    407.330    -0.2153  28.501797    -0.2150  28.499878     4.8221     4.8826    -0.0110    95.2360 1.0000e-12  -74.17536 -113.34426  27.534310      99.86 2.7854e+02    471.347      11313  1029.4968  1029.4945    34.2826    34.2797    8.09599         24 0.0000e+00
    413.000    408.317    -0.2164  28.501326    -0.2134  28.501769     4.8204     4.8808    -0.0144    95.2566 1.0000e-12  -74.17536 -113.34426  27.534321      99.86 2.7854e+02    472.336      11337  1029.5016  1029.4992    34.2825    34.2798    8.09621         23 0.0000e+00
    414.000    409.306    -0.2056  28.512240    -0.2055  28.509732     4.8107     4.8702    -0.0138    95.2652 1.0000e-12  -74.17536 -113.34426  27.534332      99.86 2.7854e+02    473.319      11361  1029.5068  1029.5042    34.2843    34.2810    8.09382         24 0.0000e+00
