ocean_section_plots/required_files/ctd/dnbp2202_ctd217.cnv
* Sea-Bird SBE 9 Data File:
* FileName = D:\Data\raw\NBP2202_CTD217.hex
* Software Version Seasave V 7.26.7.121
* Temperature SN = 1649
* Conductivity SN = 2513
* Number of Bytes Per Scan = 40
* Number of Voltage Words = 5
* Number of Scans Averaged by the Deck Unit = 1
* NMEA Latitude = 73 54.81 S
* NMEA Longitude = 111 22.62 W
* NMEA UTC (Time) = Feb 11 2022  08:12:02
* NMEA baud rate = 9600
** Ship: RVIB N.B. Palmer
** Cruise: NBP2202 Thwaites
** Station: 129
** Operator: B. Bjork
# nquan = 28
# nvalues = 571                         
# units = specified
# name 0 = prDM: Pressure, Digiquartz [db]
# name 1 = depSM: Depth [salt water, m]
# name 2 = t090C: Temperature [ITS-90, deg C]
# name 3 = c0mS/cm: Conductivity [mS/cm]
# name 4 = t190C: Temperature, 2 [ITS-90, deg C]
# name 5 = c1mS/cm: Conductivity, 2 [mS/cm]
# name 6 = sbeox0ML/L: Oxygen, SBE 43 [ml/l]
# name 7 = sbeox1ML/L: Oxygen, SBE 43, 2 [ml/l]
# name 8 = flECO-AFL: Fluorescence, WET Labs ECO-AFL/FL [mg/m^3]
# name 9 = CStarTr0: Beam Transmission, WET Labs C-Star [%]
# name 10 = par: PAR/Irradiance, Biospherical/Licor
# name 11 = latitude: Latitude [deg]
# name 12 = longitude: Longitude [deg]
# name 13 = timeJ: Julian Days
# name 14 = altM: Altimeter [m]
# name 15 = spar: SPAR, Biospherical/Licor
# name 16 = timeS: Time, Elapsed [seconds]
# name 17 = scan: Scan Count
# name 18 = density00: Density [density, kg/m^3]
# name 19 = density11: Density, 2 [density, kg/m^3]
# name 20 = v3: Voltage 3
# name 21 = v4: Voltage 4
# name 22 = v5: Voltage 5
# name 23 = sal00: Salinity, Practical [PSU]
# name 24 = sal11: Salinity, Practical, 2 [PSU]
# name 25 = oxsolML/L: Oxygen Saturation, Garcia & Gordon [ml/l]
# name 26 = nbin: number of scans per bin
# name 27 = flag: flag
# span 0 =      1.000,    571.000       
# span 1 =      0.977,    564.321       
# span 2 =    -1.6005,     0.3837       
# span 3 =  26.949346,  29.261752       
# span 4 =    -1.5993,     0.3861       
# span 5 =  26.949874,  29.261873       
# span 6 =     4.5898,     8.8841       
# span 7 =     4.7125,     9.1118       
# span 8 =    -0.0253,    28.9928       
# span 9 =    71.3417,    98.4293       
# span 10 = 1.0000e-12, 4.7674e+00      
# span 11 =  -73.91348,  -73.91346      
# span 12 = -111.37668, -111.37666      
# span 13 =  42.343562,  42.351407      
# span 14 =       7.53,     102.39      
# span 15 = 2.0934e+01, 3.4996e+01      
# span 16 =    161.779,    839.585      
# span 17 =       3884,      20151      
# span 18 =  1027.1400,  1030.3973      
# span 19 =  1027.1375,  1030.3950      
# span 20 =     3.3849,     4.6693      
# span 21 =     0.0670,     4.8962      
# span 22 =     0.1096,     0.2644      
# span 23 =    33.7414,    34.5208      
# span 24 =    33.7402,    34.5181      
# span 25 =    7.95729,    8.41976      
# span 26 =          4,         50      
# span 27 = 0.0000e+00, 0.0000e+00      
# interval = decibars: 1                
# start_time = Feb 11 2022 08:12:02 [NMEA time, header]
# bad_flag = -9.990e-29
*END*
[from data line 518]
    519.000    512.992     0.3431  29.194474     0.3458  29.194643     4.6179     4.7502     0.0154    97.8821 1.0000e-12  -73.91348 -111.37668  42.350469      61.00 2.9155e+01    758.483      18205  1030.1448  1030.1424     4.6434     0.0678     0.1240    34.5082    34.5055    7.96636         23 0.0000e+00
    520.000    513.979     0.3472  29.199376     0.3498  29.199440     4.6147     4.7369     0.0212    97.8756 1.0000e-12  -73.91348 -111.37668  42.350480      59.88 2.9591e+01    759.458      18228  1030.1502  1030.1478     4.6431     0.0690     0.1236    34.5094    34.5067    7.96544         24 0.0000e+00
    521.000    514.967     0.3529  29.206340     0.3561  29.207025     4.6077     4.7314     0.0143    97.8603 1.0000e-12  -73.91348 -111.37668  42.350492      58.93 2.7274e+01    760.507      18253  1030.1563  1030.1539     4.6423     0.0700     0.1233    34.5117    34.5089    7.96415         25 0.0000e+00
    522.000    515.953     0.3627  29.217837     0.3658  29.218198     4.6029     4.7351     0.0143    97.8254 1.0000e-12  -73.91348 -111.37668  42.350504      57.85 2.7078e+01    761.542      18278  1030.1630  1030.1604     4.6406     0.0686     0.1229    34.5152    34.5122    7.96193         25 0.0000e+00
    523.000    516.941     0.3675  29.223454     0.3706  29.223930     4.6034     4.7364     0.0209    97.7984 1.0000e-12  -73.91348 -111.37668  42.350516      56.94 2.8782e+01    762.555      18302  1030.1685  1030.1660     4.6394     0.0698     0.1267    34.5166    34.5138    7.96086         24 0.0000e+00
    524.000    517.928     0.3714  29.227976     0.3737  29.227827     4.6052     4.7343     0.0213    97.7691 1.0000e-12  -73.91348 -111.37668  42.350527      55.98 2.8190e+01    763.568      18327  1030.1738  1030.1714     4.6381     0.0699     0.1247    34.5176    34.5148    7.96001         23 0.0000e+00
    525.000    518.914     0.3731  29.230330     0.3755  29.230237     4.6050     4.7295     0.0266    97.7634 1.0000e-12  -73.91348 -111.37668  42.350538      54.84 2.8692e+01    764.489      18349  1030.1789  1030.1765     4.6378     0.0682     0.1259    34.5181    34.5153    7.95962         22 0.0000e+00
    526.000    519.902     0.3735  29.231151     0.3760  29.231114     4.6031     4.7285     0.0289    97.7371 1.0000e-12  -73.91348 -111.37668  42.350549      54.04 3.0407e+01    765.436      18371  1030.1837  1030.1813     4.6365     0.0695     0.1263    34.5182    34.5154    7.95953         24 0.0000e+00
    527.000    520.890     0.3740  29.232236     0.3766  29.232208     4.6012     4.7230     0.0324    97.7129 1.0000e-12  -73.91348 -111.37668  42.350561      52.90 2.7766e+01    766.465      18396  1030.1887  1030.1861     4.6353     0.0713     0.1294    34.5184    34.5155    7.95941         25 0.0000e+00
    528.000    521.877     0.3769  29.235856     0.3794  29.235797     4.5983     4.7272     0.0309    97.6955 1.0000e-12  -73.91348 -111.37668  42.350573      51.96 2.8208e+01    767.504      18421  1030.1939  1030.1915     4.6345     0.0704     0.1270    34.5193    34.5165    7.95876         25 0.0000e+00
    529.000    522.863     0.3799  29.239709     0.3826  29.239794     4.5967     4.7204     0.0262    97.6707 1.0000e-12  -73.91348 -111.37668  42.350585      50.78 3.0544e+01    768.515      18445  1030.1993  1030.1968     4.6334     0.0713     0.1259    34.5204    34.5176    7.95808         24 0.0000e+00
    530.000    523.851     0.3809  29.241141     0.3833  29.241034     4.5996     4.7199     0.0348    97.6543 1.0000e-12  -73.91348 -111.37668  42.350596      49.76 2.8927e+01    769.529      18470  1030.2042  1030.2017     4.6326     0.0689     0.1266    34.5206    34.5178    7.95787         24 0.0000e+00
    531.000    524.837     0.3810  29.241614     0.3835  29.241582     4.5967     4.7224     0.0288    97.6174 1.0000e-12  -73.91348 -111.37668  42.350607      48.82 2.9901e+01    770.474      18492  1030.2089  1030.2064     4.6309     0.0705     0.1256    34.5206    34.5178    7.95786         21 0.0000e+00
    532.000    525.825     0.3811  29.242132     0.3836  29.242174     4.5993     4.7166     0.0438    97.6169 1.0000e-12  -73.91348 -111.37668  42.350618      47.84 2.9676e+01    771.390      18514  1030.2137  1030.2113     4.6308     0.0710     0.1293    34.5206    34.5178    7.95784         24 0.0000e+00
    533.000    526.812     0.3813  29.242617     0.3837  29.242632     4.5974     4.7213     0.0369    97.6296 1.0000e-12  -73.91348 -111.37668  42.350630      46.82 2.8639e+01    772.407      18539  1030.2183  1030.2159     4.6315     0.0709     0.1286    34.5204    34.5177    7.95780         25 0.0000e+00
    534.000    527.800     0.3813  29.243132     0.3839  29.243202     4.5939     4.7251     0.0305    97.6077 1.0000e-12  -73.91348 -111.37668  42.350642      45.70 3.0279e+01    773.476      18564  1030.2231  1030.2207     4.6303     0.0709     0.1289    34.5204    34.5177    7.95779         25 0.0000e+00
    535.000    528.786     0.3814  29.243655     0.3839  29.243656     4.6004     4.7224     0.0411    97.5913 1.0000e-12  -73.91348 -111.37668  42.350654      44.81 3.1038e+01    774.515      18589  1030.2278  1030.2254     4.6296     0.0717     0.1280    34.5204    34.5177    7.95777         25 0.0000e+00
    536.000    529.774     0.3814  29.244117     0.3839  29.244183     4.6010     4.7169     0.0436    97.5947 1.0000e-12  -73.91348 -111.37668  42.350666      43.82 3.0884e+01    775.553      18614  1030.2325  1030.2302     4.6297     0.0709     0.1280    34.5204    34.5177    7.95777         25 0.0000e+00
    537.000    530.761     0.3817  29.244698     0.3840  29.244621     4.5949     4.7162     0.0436    97.5653 1.0000e-12  -73.91348 -111.37667  42.350678      42.85 3.1245e+01    776.603      18639  1030.2372  1030.2349     4.6283     0.0713     0.1297    34.5204    34.5176    7.95773         25 0.0000e+00
    538.000    531.747     0.3817  29.245304     0.3842  29.245257     4.5969     4.7205     0.0392    97.5808 1.0000e-12  -73.91348 -111.37667  42.350690      41.87 3.0464e+01    777.630      18664  1030.2421  1030.2396     4.6291     0.0704     0.1310    34.5205    34.5177    7.95770         24 0.0000e+00
    539.000    532.735     0.3818  29.245726     0.3841  29.245682     4.5913     4.7230     0.0362    97.5731 1.0000e-12  -73.91348 -111.37667  42.350702      40.79 3.0785e+01    778.654      18689  1030.2468  1030.2444     4.6287     0.0730     0.1280    34.5204    34.5178    7.95770         26 0.0000e+00
    540.000    533.722     0.3816  29.246148     0.3842  29.246185     4.5906     4.7207     0.0321    97.5464 1.0000e-12  -73.91348 -111.37667  42.350714      39.67 3.0885e+01    779.702      18714  1030.2515  1030.2491     4.6275     0.0726     0.1281    34.5205    34.5177    7.95772         25 0.0000e+00
    541.000    534.710     0.3819  29.246757     0.3844  29.246840     4.5949     4.7248     0.0368    97.5095 1.0000e-12  -73.91348 -111.37668  42.350726      38.66 3.1025e+01    780.740      18739  1030.2562  1030.2539     4.6257     0.0716     0.1282    34.5204    34.5178    7.95767         25 0.0000e+00
    542.000    535.696     0.3820  29.247547     0.3846  29.247674     4.5964     4.7173     0.0405    97.5692 1.0000e-12  -73.91348 -111.37668  42.350738      37.65 3.0633e+01    781.762      18763  1030.2611  1030.2587     4.6285     0.0726     0.1302    34.5207    34.5180    7.95763         24 0.0000e+00
    543.000    536.684     0.3822  29.248044     0.3847  29.248209     4.5964     4.7145     0.0365    97.5587 1.0000e-12  -73.91348 -111.37668  42.350750      36.69 3.0393e+01    782.786      18788  1030.2657  1030.2634     4.6281     0.0730     0.1286    34.5206    34.5181    7.95760         25 0.0000e+00
    544.000    537.670     0.3824  29.248686     0.3848  29.248629     4.5946     4.7175     0.0365    97.5590 1.0000e-12  -73.91348 -111.37668  42.350762      35.58 3.1060e+01    783.797      18812  1030.2705  1030.2681     4.6280     0.0712     0.1305    34.5207    34.5179    7.95756         24 0.0000e+00
    545.000    538.658     0.3824  29.249127     0.3848  29.249156     4.5948     4.7204     0.0377    97.5504 1.0000e-12  -73.91348 -111.37667  42.350773      34.56 3.2018e+01    784.805      18836  1030.2751  1030.2728     4.6277     0.0718     0.1307    34.5206    34.5180    7.95756         24 0.0000e+00
    546.000    539.644     0.3824  29.249529     0.3848  29.249689     4.5960     4.7217     0.0439    97.5348 1.0000e-12  -73.91348 -111.37666  42.350785      33.63 3.0383e+01    785.839      18861  1030.2798  1030.2776     4.6269     0.0700     0.1299    34.5206    34.5181    7.95756         25 0.0000e+00
    547.000    540.631     0.3825  29.250086     0.3849  29.250098     4.5958     4.7220     0.0433    97.5411 1.0000e-12  -73.91348 -111.37666  42.350797      32.55 3.1165e+01    786.871      18886  1030.2845  1030.2823     4.6272     0.0728     0.1298    34.5206    34.5180    7.95754         25 0.0000e+00
    548.000    541.619     0.3825  29.250554     0.3850  29.250627     4.5955     4.7214     0.0368    97.5407 1.0000e-12  -73.91348 -111.37667  42.350809      31.55 3.2682e+01    787.893      18910  1030.2893  1030.2869     4.6272     0.0728     0.1304    34.5206    34.5180    7.95753         24 0.0000e+00
    549.000    542.604     0.3825  29.251019     0.3849  29.251009     4.5917     4.7150     0.0365    97.5685 1.0000e-12  -73.91348 -111.37667  42.350821      30.51 2.9793e+01    788.952      18936  1030.2940  1030.2916     4.6285     0.0721     0.1300    34.5207    34.5180    7.95753         26 0.0000e+00
    550.000    543.594     0.3826  29.251471     0.3850  29.251610     4.5985     4.7211     0.0365    97.5322 1.0000e-12  -73.91348 -111.37667  42.350834      29.48 3.1199e+01    790.029      18962  1030.2986  1030.2964     4.6268     0.0719     0.1288    34.5206    34.5181    7.95752         26 0.0000e+00
    551.000    544.579     0.3826  29.252008     0.3851  29.252037     4.5978     4.7249     0.0432    97.5452 1.0000e-12  -73.91348 -111.37666  42.350846      28.43 3.2061e+01    791.091      18987  1030.3034  1030.3010     4.6274     0.0712     0.1320    34.5207    34.5180    7.95751         26 0.0000e+00
    552.000    545.567     0.3826  29.252414     0.3852  29.252478     4.5963     4.7157     0.0436    97.5447 1.0000e-12  -73.91348 -111.37668  42.350859      27.49 2.9709e+01    792.204      19014  1030.3081  1030.3057     4.6274     0.0729     0.1302    34.5207    34.5179    7.95752         28 0.0000e+00
    553.000    546.554     0.3827  29.252940     0.3853  29.253035     4.5977     4.7159     0.0411    97.5565 1.0000e-12  -73.91348 -111.37666  42.350873      26.43 2.9748e+01    793.467      19044  1030.3128  1030.3103     4.6279     0.0727     0.1303    34.5207    34.5178    7.95750         32 0.0000e+00
    554.000    547.540     0.3828  29.253377     0.3853  29.253503     4.5917     4.7199     0.0318    97.5411 1.0000e-12  -73.91348 -111.37666  42.350889      25.42 3.0082e+01    794.788      19076  1030.3174  1030.3151     4.6272     0.0727     0.1305    34.5206    34.5179    7.95749         31 0.0000e+00
    555.000    548.529     0.3827  29.253922     0.3854  29.253983     4.5993     4.7212     0.0363    97.5519 1.0000e-12  -73.91348 -111.37666  42.350904      24.35 2.9508e+01    796.098      19107  1030.3222  1030.3197     4.6277     0.0730     0.1382    34.5208    34.5178    7.95749         31 0.0000e+00
    556.000    549.514     0.3829  29.254422     0.3855  29.254500     4.5937     4.7209     0.0370    97.5371 1.0000e-12  -73.91348 -111.37666  42.350919      23.38 3.0336e+01    797.402      19139  1030.3268  1030.3244     4.6271     0.0726     0.1300    34.5206    34.5179    7.95746         30 0.0000e+00
    557.000    550.500     0.3830  29.254926     0.3856  29.254992     4.5960     4.7213     0.0771    97.5408 1.0000e-12  -73.91348 -111.37666  42.350935      22.23 3.0783e+01    798.791      19172  1030.3315  1030.3291     4.6272     0.0731     0.1294    34.5206    34.5178    7.95744         33 0.0000e+00
    558.000    551.489     0.3830  29.255454     0.3856  29.255500     4.5977     4.7171     0.0439    97.5554 1.0000e-12  -73.91348 -111.37666  42.350952      21.26 3.0215e+01    800.265      19207  1030.3363  1030.3338     4.6279     0.0727     0.1324    34.5207    34.5178    7.95743         35 0.0000e+00
    559.000    552.476     0.3830  29.255899     0.3857  29.256016     4.5898     4.7125     0.0436    97.5261 1.0000e-12  -73.91348 -111.37666  42.350969      20.29 2.9966e+01    801.748      19243  1030.3410  1030.3385     4.6265     0.0742     0.1306    34.5207    34.5178    7.95743         36 0.0000e+00
    560.000    553.463     0.3830  29.256403     0.3857  29.256473     4.5907     4.7177     0.0497    97.5614 1.0000e-12  -73.91348 -111.37666  42.350986      19.26 2.8443e+01    803.223      19278  1030.3457  1030.3432     4.6282     0.0730     0.1291    34.5207    34.5178    7.95742         35 0.0000e+00
    561.000    554.450     0.3832  29.256929     0.3858  29.256946     4.5981     4.7208     0.0394    97.5171 1.0000e-12  -73.91348 -111.37666  42.351003      18.15 3.0706e+01    804.687      19313  1030.3504  1030.3479     4.6261     0.0739     0.1291    34.5207    34.5178    7.95740         35 0.0000e+00
    562.000    555.438     0.3833  29.257403     0.3859  29.257491     4.5999     4.7210     0.0389    97.5251 1.0000e-12  -73.91348 -111.37666  42.351020      17.12 2.9560e+01    806.165      19349  1030.3550  1030.3526     4.6264     0.0746     0.1304    34.5206    34.5178    7.95738         35 0.0000e+00
    563.000    556.424     0.3833  29.257875     0.3859  29.257972     4.5976     4.7188     0.0418    97.5527 1.0000e-12  -73.91348 -111.37666  42.351038      16.13 2.8256e+01    807.705      19386  1030.3597  1030.3573     4.6277     0.0745     0.1296    34.5206    34.5179    7.95738         37 0.0000e+00
    564.000    557.410     0.3833  29.258438     0.3859  29.258476     4.5974     4.7205     0.0365    97.5152 1.0000e-12  -73.91348 -111.37666  42.351058      15.04 2.8924e+01    809.447      19428  1030.3645  1030.3621     4.6260     0.0735     0.1435    34.5207    34.5179    7.95736         36 0.0000e+00
    565.000    558.398     0.3834  29.258884     0.3860  29.258999     4.5961     4.7218     0.0424    97.5447 1.0000e-12  -73.91348 -111.37666  42.351079      14.03 2.8652e+01    811.208      19470  1030.3691  1030.3668     4.6273     0.0749     0.1274    34.5207    34.5179    7.95735         39 0.0000e+00
    566.000    559.384     0.3834  29.259418     0.3860  29.259473     4.5923     4.7210     0.0361    97.5735 1.0000e-12  -73.91348 -111.37666  42.351101      12.98 2.8115e+01    813.113      19516  1030.3739  1030.3715     4.6287     0.0754     0.1304    34.5208    34.5180    7.95734         45 0.0000e+00
    567.000    560.373     0.3835  29.259912     0.3860  29.259957     4.5932     4.7222     0.0382    97.5572 1.0000e-12  -73.91348 -111.37666  42.351124      11.94 2.8841e+01    815.154      19565  1030.3786  1030.3762     4.6280     0.0752     0.1336    34.5207    34.5180    7.95733         36 0.0000e+00
    568.000    561.358     0.3835  29.260332     0.3860  29.260447     4.5922     4.7212     0.0473    97.5601 1.0000e-12  -73.91348 -111.37666  42.351148      10.93 2.8400e+01    817.210      19614  1030.3833  1030.3809     4.6281     0.0742     0.1269    34.5207    34.5180    7.95734         36 0.0000e+00
    569.000    562.346     0.3836  29.260851     0.3861  29.261005     4.5903     4.7137     0.0404    97.5797 1.0000e-12  -73.91348 -111.37666  42.351172       9.90 2.6646e+01    819.293      19664  1030.3879  1030.3857     4.6290     0.0745     0.1288    34.5207    34.5181    7.95731         44 0.0000e+00
