ocean_section_plots/required_files/ctd/dnbp2202_ctd177.cnv
* Sea-Bird SBE 9 Data File:
* FileName = D:\Data\raw\NBP2202_CTD177.hex
* Software Version Seasave V 7.26.7.121
* Temperature SN = 1649
* Conductivity SN = 2513
* Number of Bytes Per Scan = 40
* Number of Voltage Words = 5
* Number of Scans Averaged by the Deck Unit = 1
* NMEA Latitude = 74 00.70 S
* NMEA Longitude = 111 15.75 W
* NMEA UTC (Time) = Feb 03 2022  21:49:47
* NMEA baud rate = 9600
** Ship: RVIB N.B. Palmer
** Cruise: NBP2202 Thwaites
** Station: 99
** Operator: A. Robinson
# nquan = 28
# nvalues = 610                         
# units = specified
# name 0 = prDM: Pressure, Digiquartz [db]
# name 1 = depSM: Depth [salt water, m]
# name 2 = t090C: Temperature [ITS-90, deg C]
# name 3 = c0mS/cm: Conductivity [mS/cm]
# name 4 = t190C: Temperature, 2 [ITS-90, deg C]
# name 5 = c1mS/cm: Conductivity, 2 [mS/cm]
# name 6 = sbeox0ML/L: Oxygen, SBE 43 [ml/l]
# name 7 = sbeox1ML/L: Oxygen, SBE 43, 2 [ml/l]
# name 8 = flECO-AFL: Fluorescence, WET Labs ECO-AFL/FL [mg/m^3]
# name 9 = CStarTr0: Beam Transmission, WET Labs C-Star [%]
# name 10 = par: PAR/Irradiance, Biospherical/Licor
# name 11 = latitude: Latitude [deg]
# name 12 = longitude: Longitude [deg]
# name 13 = timeJ: Julian Days
# name 14 = altM: Altimeter [m]
# name 15 = spar: SPAR, Biospherical/Licor
# name 16 = timeS: Time, Elapsed [seconds]
# name 17 = scan: Scan Count
# name 18 = density00: Density [density, kg/m^3]
# name 19 = density11: Density, 2 [density, kg/m^3]
# name 20 = v3: Voltage 3
# name 21 = v4: Voltage 4
# name 22 = v5: Voltage 5
# name 23 = sal00: Salinity, Practical [PSU]
# name 24 = sal11: Salinity, Practical, 2 [PSU]
# name 25 = oxsolML/L: Oxygen Saturation, Garcia & Gordon [ml/l]
# name 26 = nbin: number of scans per bin
# name 27 = flag: flag
# span 0 =      2.000,    611.000       
# span 1 =      1.967,    603.800       
# span 2 =    -1.5504,     0.3380       
# span 3 =  26.997590,  29.228131       
# span 4 =    -1.5509,     0.3403       
# span 5 =  26.998029,  29.227599       
# span 6 =     4.6567,     7.3735       
# span 7 =     4.7823,     7.4763       
# span 8 =    -0.0150,     5.2591       
# span 9 =    85.8260,    98.8611       
# span 10 = -7.872e-06, 1.0248e+03      
# span 11 =  -74.01176,  -74.01174      
# span 12 = -111.26256, -111.26250      
# span 13 =  34.912301,  34.920206      
# span 14 =       4.07,      99.88      
# span 15 = 1.7226e+03, 1.7376e+03      
# span 16 =    235.761,    918.753      
# span 17 =       5659,      22051      
# span 18 =  1027.1761,  1030.5762      
# span 19 =  1027.1809,  1030.5736      
# span 20 =     4.0717,     4.6898      
# span 21 =     0.0652,     0.9543      
# span 22 =     0.1134,     0.1537      
# span 23 =    33.7724,    34.5053      
# span 24 =    33.7770,    34.5026      
# span 25 =    7.96757,    8.40523      
# span 26 =          4,         44      
# span 27 = 0.0000e+00, 0.0000e+00      
# interval = decibars: 1                
# start_time = Feb 03 2022 21:49:47 [NMEA time, header]
# bad_flag = -9.990e-29
*END*
[from data line 363]
    365.000    360.907    -0.7004  28.039295    -0.6989  28.039018     5.5374     5.7013     0.0037    98.5973 1.0000e-12  -74.01176 -111.26254  34.917139      99.79 1.7287e+03    653.842      15693  1029.2632  1029.2613     4.6773     0.0714     0.1215    34.2375    34.2353    8.20271         27 0.0000e+00
    366.000    361.895    -0.6953  28.044835    -0.6939  28.044438     5.5314     5.6968    -0.0044    98.6276 1.0000e-12  -74.01176 -111.26254  34.917153      99.81 1.7288e+03    654.998      15721  1029.2687  1029.2669     4.6787     0.0715     0.1208    34.2385    34.2364    8.20153         28 0.0000e+00
    367.000    362.883    -0.6940  28.046597    -0.6926  28.046071     5.5105     5.6761    -0.0036    98.6299 1.0000e-12  -74.01176 -111.26254  34.917166      99.80 1.7283e+03    656.150      15749  1029.2739  1029.2719     4.6789     0.0707     0.1212    34.2389    34.2365    8.20123         27 0.0000e+00
    368.000    363.870    -0.6836  28.057737    -0.6817  28.057440     5.4925     5.6593    -0.0048    98.6170 1.0000e-12  -74.01176 -111.26254  34.917179      99.80 1.7284e+03    657.272      15776  1029.2802  1029.2780     4.6783     0.0708     0.1207    34.2415    34.2390    8.19883         28 0.0000e+00
    369.000    364.858    -0.6541  28.088344    -0.6515  28.088335     5.4710     5.6381    -0.0028    98.5998 1.0000e-12  -74.01176 -111.26254  34.917192      99.80 1.7277e+03    658.423      15803  1029.2886  1029.2861     4.6774     0.0714     0.1203    34.2488    34.2459    8.19200         28 0.0000e+00
    370.000    365.845    -0.6411  28.101462    -0.6403  28.100170     5.4418     5.6070    -0.0055    98.5663 1.0000e-12  -74.01176 -111.26254  34.917206      86.63 1.7282e+03    659.568      15831  1029.2947  1029.2925     4.6758     0.0694     0.1198    34.2512    34.2485    8.18905         26 0.0000e+00
    371.000    366.836    -0.6056  28.139014    -0.6030  28.138321     5.4112     5.5746    -0.0025    98.5830 1.0000e-12  -74.01176 -111.26254  34.917219      83.45 1.7284e+03    660.686      15857  1029.3047  1029.3015     4.6766     0.0697     0.1197    34.2610    34.2572    8.18081         28 0.0000e+00
    372.000    367.821    -0.5732  28.172243    -0.5702  28.172460     5.3933     5.5512    -0.0058    98.5898 1.0000e-12  -74.01176 -111.26254  34.917232      98.83 1.7280e+03    661.828      15885  1029.3133  1029.3107     4.6769     0.0697     0.1225    34.2685    34.2655    8.17337         27 0.0000e+00
    373.000    368.810    -0.5437  28.202530    -0.5412  28.202292     5.3759     5.5301    -0.0017    98.5986 1.0000e-12  -74.01176 -111.26254  34.917245      99.80 1.7279e+03    662.980      15913  1029.3217  1029.3190     4.6774     0.0711     0.1195    34.2753    34.2722    8.16662         28 0.0000e+00
    374.000    369.798    -0.5332  28.212839    -0.5318  28.212072     5.3778     5.5281    -0.0129    98.5759 1.0000e-12  -74.01176 -111.26254  34.917258      99.80 1.7290e+03    664.105      15940  1029.3272  1029.3251     4.6762     0.0720     0.1201    34.2767    34.2741    8.16428         27 0.0000e+00
    375.000    370.786    -0.5285  28.218083    -0.5243  28.219779     5.3759     5.5320    -0.0023    98.5884 1.0000e-12  -74.01176 -111.26254  34.917272      99.79 1.7287e+03    665.259      15967  1029.3330  1029.3307     4.6769     0.0707     0.1217    34.2778    34.2754    8.16320         28 0.0000e+00
    376.000    371.773    -0.5292  28.217232    -0.5281  28.216320     5.3622     5.5142    -0.0142    98.5831 1.0000e-12  -74.01176 -111.26254  34.917285      99.81 1.7280e+03    666.415      15995  1029.3375  1029.3355     4.6766     0.0708     0.1209    34.2769    34.2745    8.16341         27 0.0000e+00
    377.000    372.763    -0.5212  28.226999    -0.5160  28.229257     5.3416     5.4948    -0.0003    98.5745 1.0000e-12  -74.01176 -111.26254  34.917298      99.80 1.7288e+03    667.548      16022  1029.3447  1029.3420     4.6762     0.0697     0.1208    34.2804    34.2775    8.16149         27 0.0000e+00
    378.000    373.749    -0.4820  28.266281    -0.4788  28.266721     5.3257     5.4795    -0.0061    98.5554 1.0000e-12  -74.01176 -111.26254  34.917311      99.80 1.7281e+03    668.688      16050  1029.3530  1029.3504     4.6753     0.0716     0.1186    34.2883    34.2853    8.15261         28 0.0000e+00
    379.000    374.737    -0.4743  28.274240    -0.4727  28.273369     5.3036     5.4642     0.0079    98.5642 1.0000e-12  -74.01176 -111.26254  34.917325      99.80 1.7278e+03    669.848      16077  1029.3586  1029.3562     4.6757     0.0710     0.1218    34.2897    34.2867    8.15087         27 0.0000e+00
    380.000    375.725    -0.4517  28.298188    -0.4530  28.294216     5.2861     5.4437    -0.0052    98.5747 1.0000e-12  -74.01176 -111.26254  34.917338      99.81 1.7277e+03    670.977      16104  1029.3668  1029.3638     4.6762     0.0701     0.1199    34.2957    34.2918    8.14569         27 0.0000e+00
    381.000    376.713    -0.4380  28.311971    -0.4381  28.309388     5.2736     5.4325     0.0083    98.5507 1.0000e-12  -74.01176 -111.26254  34.917351      99.80 1.7276e+03    672.110      16132  1029.3728  1029.3701     4.6751     0.0710     0.1208    34.2981    34.2948    8.14261         28 0.0000e+00
    382.000    377.701    -0.4218  28.329138    -0.4205  28.327631     5.2601     5.4144    -0.0049    98.5749 1.0000e-12  -74.01176 -111.26254  34.917364      78.54 1.7276e+03    673.266      16159  1029.3799  1029.3770     4.6762     0.0697     0.1202    34.3022    34.2987    8.13890         27 0.0000e+00
    383.000    378.689    -0.4141  28.337294    -0.4135  28.335280     5.2432     5.3983     0.0007    98.5755 1.0000e-12  -74.01176 -111.26254  34.917377      94.90 1.7276e+03    674.386      16186  1029.3857  1029.3830     4.6763     0.0703     0.1205    34.3038    34.3005    8.13715         27 0.0000e+00
    384.000    379.676    -0.3887  28.363450    -0.3852  28.364265     5.2363     5.3842     0.0004    98.5766 1.0000e-12  -74.01176 -111.26254  34.917390      99.78 1.7275e+03    675.514      16213  1029.3934  1029.3908     4.6763     0.0709     0.1211    34.3097    34.3068    8.13139         28 0.0000e+00
    385.000    380.665    -0.3806  28.371696    -0.3789  28.371099     5.2351     5.3804    -0.0004    98.5528 1.0000e-12  -74.01176 -111.26254  34.917403      99.80 1.7278e+03    676.660      16241  1029.3989  1029.3966     4.6752     0.0720     0.1204    34.3110    34.3083    8.12958         27 0.0000e+00
    386.000    381.652    -0.3769  28.375829    -0.3752  28.375301     5.2333     5.3786    -0.0012    98.4917 1.0000e-12  -74.01176 -111.26254  34.917417      99.79 1.7290e+03    677.789      16268  1029.4044  1029.4021     4.6722     0.0712     0.1206    34.3117    34.3091    8.12875         27 0.0000e+00
    387.000    382.640    -0.3744  28.378874    -0.3725  28.378367     5.2314     5.3714    -0.0036    98.5470 1.0000e-12  -74.01176 -111.26254  34.917430      99.80 1.7285e+03    678.918      16295  1029.4097  1029.4074     4.6749     0.0705     0.1215    34.3123    34.3095    8.12817         27 0.0000e+00
    388.000    383.627    -0.3694  28.384396    -0.3676  28.383695     5.2257     5.3679    -0.0027    98.5730 1.0000e-12  -74.01176 -111.26254  34.917443      99.80 1.7294e+03    680.080      16323  1029.4153  1029.4128     4.6761     0.0712     0.1191    34.3135    34.3106    8.12704         29 0.0000e+00
    389.000    384.616    -0.3653  28.388857    -0.3636  28.388114     5.2183     5.3621    -0.0063    98.5940 1.0000e-12  -74.01176 -111.26254  34.917456      99.80 1.7294e+03    681.220      16350  1029.4206  1029.4182     4.6771     0.0704     0.1217    34.3143    34.3114    8.12612         26 0.0000e+00
    390.000    385.604    -0.3558  28.399809    -0.3543  28.398556     5.2059     5.3528    -0.0100    98.6132 1.0000e-12  -74.01176 -111.26254  34.917469      99.80 1.7294e+03    682.344      16377  1029.4275  1029.4247     4.6781     0.0718     0.1205    34.3176    34.3143    8.12391         28 0.0000e+00
    391.000    386.590    -0.3428  28.413846    -0.3408  28.413039     5.2050     5.3453     0.0004    98.5994 1.0000e-12  -74.01176 -111.26254  34.917483      99.80 1.7296e+03    683.495      16405  1029.4341  1029.4314     4.6774     0.0704     0.1202    34.3211    34.3178    8.12092         27 0.0000e+00
    392.000    387.579    -0.3291  28.427989    -0.3280  28.426736     5.1989     5.3356     0.0013    98.5946 1.0000e-12  -74.01176 -111.26254  34.917496      99.80 1.7281e+03    684.628      16432  1029.4404  1029.4380     4.6772     0.0713     0.1213    34.3240    34.3211    8.11784         27 0.0000e+00
    393.000    388.567    -0.3239  28.434060    -0.3211  28.434430     5.1948     5.3328    -0.0068    98.6002 1.0000e-12  -74.01176 -111.26254  34.917509      99.79 1.7278e+03    685.737      16459  1029.4463  1029.4438     4.6775     0.0708     0.1215    34.3257    34.3229    8.11664         27 0.0000e+00
    394.000    389.553    -0.3200  28.438528    -0.3144  28.441842     5.1923     5.3355    -0.0072    98.5993 1.0000e-12  -74.01176 -111.26254  34.917522      90.46 1.7285e+03    686.883      16486  1029.4516  1029.4497     4.6774     0.0701     0.1218    34.3265    34.3247    8.11574         27 0.0000e+00
    395.000    390.542    -0.3168  28.442019    -0.3146  28.442004     5.1957     5.3363    -0.0069    98.6069 1.0000e-12  -74.01176 -111.26254  34.917535      98.73 1.7276e+03    688.020      16513  1029.4567  1029.4546     4.6778     0.0704     0.1203    34.3270    34.3246    8.11503         28 0.0000e+00
    396.000    391.530    -0.3246  28.434242    -0.3175  28.439460     5.1842     5.3309     0.0074    98.6089 1.0000e-12  -74.01176 -111.26254  34.917548      99.78 1.7276e+03    689.141      16540  1029.4607  1029.4593     4.6779     0.0694     0.1188    34.3249    34.3238    8.11683         27 0.0000e+00
    397.000    392.517    -0.3155  28.444266    -0.3139  28.443393     5.1858     5.3328    -0.0025    98.6061 1.0000e-12  -74.01176 -111.26254  34.917561      99.79 1.7276e+03    690.282      16568  1029.4668  1029.4643     4.6778     0.0711     0.1197    34.3274    34.3244    8.11475         27 0.0000e+00
    398.000    393.505    -0.3156  28.444436    -0.3141  28.443672     5.1918     5.3276    -0.0053    98.6184 1.0000e-12  -74.01176 -111.26254  34.917574      99.80 1.7279e+03    691.416      16595  1029.4715  1029.4692     4.6783     0.0697     0.1207    34.3271    34.3244    8.11478         27 0.0000e+00
    399.000    394.493    -0.3132  28.447381    -0.3111  28.447215     5.1847     5.3312     0.0009    98.5930 1.0000e-12  -74.01176 -111.26254  34.917587      99.80 1.7281e+03    692.528      16622  1029.4766  1029.4744     4.6771     0.0712     0.1226    34.3277    34.3251    8.11423         27 0.0000e+00
    400.000    395.481    -0.3125  28.448579    -0.3112  28.447505     5.1795     5.3212     0.0009    98.6148 1.0000e-12  -74.01176 -111.26254  34.917600      99.80 1.7286e+03    693.668      16649  1029.4815  1029.4792     4.6782     0.0706     0.1206    34.3279    34.3251    8.11406         28 0.0000e+00
    401.000    396.469    -0.3123  28.449094    -0.3105  28.448673     5.1761     5.3200    -0.0054    98.6230 1.0000e-12  -74.01176 -111.26254  34.917614      99.79 1.7278e+03    694.809      16676  1029.4863  1029.4841     4.6785     0.0710     0.1216    34.3278    34.3252    8.11404         27 0.0000e+00
    402.000    397.456    -0.3112  28.450791    -0.3088  28.450909     5.1811     5.3276    -0.0063    98.6190 1.0000e-12  -74.01176 -111.26254  34.917626      99.80 1.7278e+03    695.921      16703  1029.4914  1029.4892     4.6783     0.0709     0.1220    34.3283    34.3257    8.11378         26 0.0000e+00
    403.000    398.444    -0.3110  28.451476    -0.3077  28.452541     5.1608     5.2997    -0.0067    98.5786 1.0000e-12  -74.01176 -111.26254  34.917640      99.80 1.7276e+03    697.057      16730  1029.4962  1029.4942     4.6764     0.0710     0.1218    34.3283    34.3260    8.11373         28 0.0000e+00
    404.000    399.431    -0.3022  28.460892    -0.2948  28.466339     5.1186     5.2661     0.0120    98.5812 1.0000e-12  -74.01176 -111.26254  34.917653      99.80 1.7276e+03    698.203      16758  1029.5021  1029.5006     4.6765     0.0694     0.1209    34.3304    34.3293    8.11173         27 0.0000e+00
    405.000    400.420    -0.2420  28.525593    -0.2357  28.527436     5.1038     5.2495    -0.0059    98.5944 1.0000e-12  -74.01176 -111.26254  34.917666      99.79 1.7276e+03    699.322      16785  1029.5159  1029.5119     4.6772     0.0703     0.1212    34.3483    34.3437    8.09792         27 0.0000e+00
    406.000    401.407    -0.2216  28.544819    -0.2194  28.544539     5.0914     5.2363    -0.0051    98.6022 1.0000e-12  -74.01176 -111.26254  34.917679      90.71 1.7276e+03    700.460      16812  1029.5210  1029.5186     4.6775     0.0694     0.1219    34.3504    34.3475    8.09347         28 0.0000e+00
    407.000    402.396    -0.2181  28.548965    -0.2156  28.548825     5.0930     5.2324    -0.0002    98.5919 1.0000e-12  -74.01176 -111.26254  34.917692      98.40 1.7276e+03    701.605      16840  1029.5266  1029.5241     4.6770     0.0709     0.1218    34.3514    34.3484    8.09267         27 0.0000e+00
    408.000    403.383    -0.2129  28.554681    -0.2111  28.553971     5.0860     5.2337    -0.0065    98.6178 1.0000e-12  -74.01176 -111.26254  34.917705      99.77 1.7276e+03    702.723      16866  1029.5321  1029.5297     4.6783     0.0704     0.1215    34.3525    34.3496    8.09150         27 0.0000e+00
    409.000    404.370    -0.2134  28.554378    -0.2112  28.554293     5.0866     5.2350    -0.0026    98.5905 1.0000e-12  -74.01176 -111.26254  34.917718      99.80 1.7276e+03    703.850      16893  1029.5368  1029.5346     4.6770     0.0710     0.1193    34.3521    34.3495    8.09163         27 0.0000e+00
    410.000    405.359    -0.2131  28.555178    -0.2111  28.554838     5.0811     5.2258     0.0093    98.5936 1.0000e-12  -74.01176 -111.26254  34.917731      99.80 1.7280e+03    704.992      16921  1029.5418  1029.5396     4.6771     0.0695     0.1219    34.3522    34.3495    8.09155         27 0.0000e+00
    411.000    406.345    -0.2055  28.563574    -0.2040  28.562728     5.0790     5.2153    -0.0062    98.6119 1.0000e-12  -74.01176 -111.26254  34.917744      99.80 1.7279e+03    706.097      16947  1029.5477  1029.5454     4.6780     0.0715     0.1221    34.3542    34.3514    8.08982         26 0.0000e+00
    412.000    407.334    -0.1957  28.574237    -0.1937  28.573504     5.0687     5.2117    -0.0050    98.6108 1.0000e-12  -74.01176 -111.26254  34.917757      99.80 1.7284e+03    707.204      16974  1029.5539  1029.5511     4.6780     0.0706     0.1187    34.3568    34.3535    8.08760         27 0.0000e+00
    413.000    408.320    -0.1879  28.582346    -0.1859  28.581810     5.0636     5.2041    -0.0039    98.6166 1.0000e-12  -74.01176 -111.26252  34.917770      99.79 1.7289e+03    708.341      17001  1029.5593  1029.5568     4.6782     0.0712     0.1226    34.3582    34.3553    8.08587         27 0.0000e+00
    414.000    409.309    -0.1803  28.590618    -0.1785  28.589875     5.0553     5.1967     0.0042    98.6040 1.0000e-12  -74.01176 -111.26254  34.917783      99.80 1.7291e+03    709.449      17028  1029.5651  1029.5626     4.6777     0.0691     0.1242    34.3601    34.3571    8.08416         26 0.0000e+00
    415.000    410.297    -0.1759  28.595556    -0.1738  28.595037     5.0583     5.1940     0.0077    98.6087 1.0000e-12  -74.01176 -111.26253  34.917796      99.80 1.7279e+03    710.558      17054  1029.5704  1029.5679     4.6778     0.0704     0.1210    34.3611    34.3581    8.08317         28 0.0000e+00
