ocean_section_plots/required_files/ctd/dnbp2202_ctd187.cnv
* Sea-Bird SBE 9 Data File:
* FileName = D:\Data\raw\NBP2202_CTD187.hex
* Software Version Seasave V 7.26.7.121
* Temperature SN = 1649
* Conductivity SN = 2513
* Number of Bytes Per Scan = 40
* Number of Voltage Words = 5
* Number of Scans Averaged by the Deck Unit = 1
* NMEA Latitude = 74 10.22 S
* NMEA Longitude = 113 23.05 W
* NMEA UTC (Time) = Feb 07 2022  07:55:43
* NMEA baud rate = 9600
** Ship: RVIB N.B. Palmer
** Cruise: NBP2202 Thwaites
** Station: 108
** Operator: B Bjork
# nquan = 28
# nvalues = 298                         
# units = specified
# name 0 = prDM: Pressure, Digiquartz [db]
# name 1 = depSM: Depth [salt water, m]
# name 2 = t090C: Temperature [ITS-90, deg C]
# name 3 = c0mS/cm: Conductivity [mS/cm]
# name 4 = t190C: Temperature, 2 [ITS-90, deg C]
# name 5 = c1mS/cm: Conductivity, 2 [mS/cm]
# name 6 = sbeox0ML/L: Oxygen, SBE 43 [ml/l]
# name 7 = sbeox1ML/L: Oxygen, SBE 43, 2 [ml/l]
# name 8 = flECO-AFL: Fluorescence, WET Labs ECO-AFL/FL [mg/m^3]
# name 9 = CStarTr0: Beam Transmission, WET Labs C-Star [%]
# name 10 = par: PAR/Irradiance, Biospherical/Licor
# name 11 = latitude: Latitude [deg]
# name 12 = longitude: Longitude [deg]
# name 13 = timeJ: Julian Days
# name 14 = altM: Altimeter [m]
# name 15 = spar: SPAR, Biospherical/Licor
# name 16 = timeS: Time, Elapsed [seconds]
# name 17 = scan: Scan Count
# name 18 = density00: Density [density, kg/m^3]
# name 19 = density11: Density, 2 [density, kg/m^3]
# name 20 = v3: Voltage 3
# name 21 = v4: Voltage 4
# name 22 = v5: Voltage 5
# name 23 = sal00: Salinity, Practical [PSU]
# name 24 = sal11: Salinity, Practical, 2 [PSU]
# name 25 = oxsolML/L: Oxygen Saturation, Garcia & Gordon [ml/l]
# name 26 = nbin: number of scans per bin
# name 27 = flag: flag
# span 0 =      2.000,    299.000       
# span 1 =      1.982,    295.684       
# span 2 =    -1.4126,    -0.6365       
# span 3 =  27.035155,  27.971099       
# span 4 =    -1.4117,    -0.6336       
# span 5 =  27.035124,  27.971603       
# span 6 =     4.9506,     8.9080       
# span 7 =     5.0741,     9.2085       
# span 8 =    -0.0225,    24.6759       
# span 9 =    75.0558,    98.4569       
# span 10 = -4.120e-05, 6.3156e+00      
# span 11 =  -74.17036,  -74.17034      
# span 12 = -113.38420, -113.38414      
# span 13 =  38.332849,  38.337550      
# span 14 =       7.48,     100.88      
# span 15 = 2.4680e+01, 3.3512e+01      
# span 16 =    215.171,    621.342      
# span 17 =       5165,      14913      
# span 18 =  1027.1754,  1028.8485      
# span 19 =  1027.1741,  1028.8463      
# span 20 =     3.5620,     4.6706      
# span 21 =     0.0640,     3.2952      
# span 22 =     0.1249,     0.2682      
# span 23 =    33.7870,    34.1153      
# span 24 =    33.7853,    34.1128      
# span 25 =    8.19590,    8.38243      
# span 26 =         17,         48      
# span 27 = 0.0000e+00, 0.0000e+00      
# interval = decibars: 1                
# start_time = Feb 07 2022 07:55:43 [NMEA time, header]
# bad_flag = -9.990e-29
*END*
      2.000      1.982    -0.8734  27.397970    -0.8743  27.396015     8.8781     8.5316    20.6154    76.6516 6.3156e+00  -74.17034 -113.38419  38.332849      95.55 2.4680e+01    215.171       5165  1027.1754  1027.1741     3.6366     3.1844     0.2259    33.7870    33.7853    8.26667         25 0.0000e+00
      3.000      2.968    -0.8677  27.404706    -0.8688  27.401666     8.8879     8.5483    19.7606    76.2268 4.5544e+00  -74.17034 -113.38420  38.332896     100.09 2.4680e+01    219.188       5262  1027.1815  1027.1793     3.6159     3.0595     0.2508    33.7892    33.7863    8.26531         41 0.0000e+00
      4.000      3.959    -0.8640  27.408940    -0.8669  27.404716     8.8858     8.6083    18.4664    77.7595 3.1854e+00  -74.17034 -113.38420  38.332923      89.32 2.4680e+01    221.520       5317  1027.1869  1027.1849     3.6895     3.1793     0.2629    33.7901    33.7876    8.26443         40 0.0000e+00
      5.000      4.949    -0.8641  27.409462    -0.8648  27.407378     8.8803     8.6888    20.6248    78.3470 2.2180e+00  -74.17034 -113.38420  38.332947      94.05 2.4680e+01    223.587       5367  1027.1918  1027.1902     3.7167     2.9906     0.2069    33.7903    33.7883    8.26443         38 0.0000e+00
      6.000      5.937    -0.8675  27.406615    -0.8669  27.405914     8.8787     8.8071    17.5349    76.8905 1.5653e+00  -74.17034 -113.38419  38.332970     100.21 2.4899e+01    225.593       5415  1027.1963  1027.1950     3.6482     3.0502     0.2161    33.7896    33.7881    8.26522         42 0.0000e+00
      7.000      6.927    -0.8661  27.408672    -0.8644  27.408888     8.8694     8.8864    21.5198    77.4536 1.1330e+00  -74.17034 -113.38418  38.332994      99.96 2.5197e+01    227.647       5465  1027.2015  1027.2001     3.6747     3.1963     0.2093    33.7902    33.7886    8.26488         41 0.0000e+00
      8.000      7.917    -0.8650  27.410213    -0.8638  27.410014     8.8754     8.9571    19.9710    78.4182 8.1572e-01  -74.17034 -113.38418  38.333016      99.87 2.6339e+01    229.588       5511  1027.2065  1027.2051     3.7204     2.8585     0.2240    33.7905    33.7889    8.26463         46 0.0000e+00
      9.000      8.906    -0.8639  27.411989    -0.8629  27.411577     8.8761     9.0251    17.2950    76.7046 5.8708e-01  -74.17034 -113.38418  38.333039      99.91 2.6442e+01    231.572       5559  1027.2116  1027.2102     3.6392     2.9402     0.2109    33.7910    33.7894    8.26435         43 0.0000e+00
     10.000      9.897    -0.8644  27.411976    -0.8633  27.411643     8.8729     9.0957    18.6887    76.6596 4.1547e-01  -74.17034 -113.38418  38.333062      99.93 2.6443e+01    233.560       5606  1027.2164  1027.2150     3.6373     3.0601     0.2069    33.7910    33.7893    8.26447         42 0.0000e+00
     11.000     10.886    -0.8658  27.411034    -0.8647  27.410992     8.8711     9.1225    18.2191    76.8542 3.0135e-01  -74.17034 -113.38418  38.333085      99.74 2.6443e+01    235.552       5654  1027.2210  1027.2199     3.6461     2.5548     0.2066    33.7907    33.7893    8.26480         43 0.0000e+00
     12.000     11.875    -0.8671  27.410487    -0.8654  27.410719     8.8731     9.1374    18.4897    76.9677 2.1402e-01  -74.17034 -113.38418  38.333107      99.80 2.6443e+01    237.473       5700  1027.2260  1027.2246     3.6517     2.8067     0.1848    33.7908    33.7892    8.26508         46 0.0000e+00
     13.000     12.865    -0.8674  27.410802    -0.8663  27.410454     8.8840     9.1495    20.4645    77.7447 1.4615e-01  -74.17034 -113.38418  38.333129      99.86 2.6443e+01    239.385       5746  1027.2309  1027.2294     3.6885     2.6581     0.2123    33.7909    33.7891    8.26513         42 0.0000e+00
     14.000     13.854    -0.8571  27.420471    -0.8567  27.419297     8.8940     9.1619    20.5647    77.3856 9.6085e-02  -74.17034 -113.38418  38.333152      99.97 2.6443e+01    241.329       5793  1027.2358  1027.2341     3.6715     3.1285     0.2431    33.7918    33.7897    8.26281         40 0.0000e+00
     15.000     14.843    -0.8562  27.421477    -0.8550  27.421121     8.8934     9.1717    18.6877    76.4837 5.9105e-02  -74.17034 -113.38418  38.333174      99.97 2.6443e+01    243.247       5839  1027.2403  1027.2388     3.6287     3.0732     0.2246    33.7915    33.7897    8.26263         41 0.0000e+00
     16.000     15.834    -0.8547  27.423267    -0.8528  27.423497     8.8914     9.1650    21.5626    78.1636 3.0920e-02  -74.17034 -113.38418  38.333196      99.92 2.6443e+01    245.142       5884  1027.2452  1027.2437     3.7082     2.8659     0.2186    33.7916    33.7899    8.26229         39 0.0000e+00
     17.000     16.823    -0.8547  27.423650    -0.8534  27.423539     8.8929     9.1746    20.4683    78.6081 8.7920e-03  -74.17034 -113.38417  38.333219      99.90 2.6443e+01    247.099       5931  1027.2500  1027.2486     3.7288     3.0040     0.2226    33.7916    33.7900    8.26230         47 0.0000e+00
     18.000     17.812    -0.8552  27.423990    -0.8491  27.427739     8.9065     9.1822    20.5812    75.0558 -4.120e-05  -74.17034 -113.38417  38.333242      94.64 2.6443e+01    249.095       5979  1027.2551  1027.2534     3.5620     2.8253     0.2476    33.7920    33.7902    8.26238         33 0.0000e+00
     19.000     18.804    -0.8440  27.434094    -0.8448  27.432082     8.9080     9.1866    19.6118    76.5817 1.0000e-12  -74.17034 -113.38417  38.333264      99.85 2.6443e+01    251.020       6025  1027.2597  1027.2583     3.6331     2.8311     0.2268    33.7925    33.7907    8.25990         35 0.0000e+00
     20.000     19.792    -0.8466  27.432292    -0.8423  27.434683     8.8999     9.1798    18.7466    76.9159 1.0000e-12  -74.17034 -113.38417  38.333287      99.92 2.6443e+01    252.994       6073  1027.2647  1027.2632     3.6493     2.9868     0.2014    33.7924    33.7908    8.26049         40 0.0000e+00
     21.000     20.782    -0.8453  27.433713    -0.8424  27.435185     8.8985     9.1815    18.9996    77.4537 1.0000e-12  -74.17034 -113.38418  38.333310      99.76 2.6443e+01    254.953       6120  1027.2693  1027.2681     3.6751     2.5409     0.1869    33.7922    33.7909    8.26021         40 0.0000e+00
     22.000     21.772    -0.8491  27.430352    -0.8472  27.430733     8.8984     9.1820    16.6225    76.4839 1.0000e-12  -74.17034 -113.38416  38.333332      99.91 2.6443e+01    256.870       6166  1027.2736  1027.2722     3.6276     2.9297     0.2078    33.7913    33.7897    8.26109         38 0.0000e+00
     23.000     22.760    -0.8497  27.430469    -0.8467  27.431790     8.9022     9.1839    17.7205    76.8468 1.0000e-12  -74.17034 -113.38416  38.333354      99.91 2.6443e+01    258.778       6212  1027.2786  1027.2773     3.6459     2.7805     0.2157    33.7915    33.7900    8.26121         44 0.0000e+00
     24.000     23.751    -0.8488  27.431646    -0.8477  27.431190     8.9034     9.1750    18.0475    75.3856 1.0000e-12  -74.17034 -113.38416  38.333376      99.86 2.6443e+01    260.713       6258  1027.2833  1027.2819     3.5779     2.7156     0.2337    33.7914    33.7897    8.26101         40 0.0000e+00
     25.000     24.740    -0.8442  27.437156    -0.8430  27.436803     8.8676     9.1533    19.7425    77.1012 1.0000e-12  -74.17034 -113.38416  38.333399      96.30 2.6443e+01    262.633       6304  1027.2892  1027.2877     3.6580     2.7532     0.2240    33.7931    33.7913    8.25990         42 0.0000e+00
     26.000     25.729    -0.8479  27.435758    -0.8486  27.433949     8.8591     9.1583    19.8733    76.0092 1.0000e-12  -74.17034 -113.38416  38.333421      99.76 2.6443e+01    264.572       6351  1027.2956  1027.2944     3.6063     2.7688     0.2109    33.7948    33.7931    8.26062         41 0.0000e+00
     27.000     26.718    -0.8443  27.439483    -0.8432  27.439005     8.8963     9.1842    19.3442    77.6670 1.0000e-12  -74.17034 -113.38416  38.333444      99.75 2.7182e+01    266.526       6398  1027.3005  1027.2989     3.6841     2.4951     0.2202    33.7952    33.7933    8.25981         39 0.0000e+00
     28.000     27.708    -0.8413  27.440844    -0.8381  27.442919     8.9070     9.2085    18.0200    76.5435 1.0000e-12  -74.17034 -113.38416  38.333466      99.98 2.6725e+01    268.476       6444  1027.3034  1027.3026     3.6320     3.0748     0.2220    33.7931    33.7923    8.25927         38 0.0000e+00
     29.000     28.697    -0.8406  27.441567    -0.8345  27.446013     8.8969     9.1988    21.0934    77.1902 1.0000e-12  -74.17034 -113.38416  38.333489      99.94 2.7214e+01    270.415       6491  1027.3079  1027.3068     3.6622     3.0091     0.1963    33.7927    33.7918    8.25915         42 0.0000e+00
     30.000     29.688    -0.8361  27.447931    -0.8329  27.449091     8.8538     9.1560    20.5443    76.8390 1.0000e-12  -74.17034 -113.38416  38.333511      99.93 2.7568e+01    272.346       6537  1027.3148  1027.3130     3.6458     2.9926     0.2223    33.7956    33.7936    8.25798         39 0.0000e+00
     31.000     30.675    -0.8360  27.450309    -0.8335  27.451284     8.7891     9.0826    16.6839    77.6657 1.0000e-12  -74.17034 -113.38416  38.333533      99.98 2.7557e+01    274.247       6583  1027.3217  1027.3204     3.6850     3.2185     0.2301    33.7981    33.7966    8.25782         38 0.0000e+00
     32.000     31.667    -0.8384  27.453007    -0.8380  27.452048     8.7687     9.0593    19.8697    77.0706 1.0000e-12  -74.17034 -113.38416  38.333555      98.96 2.8209e+01    276.195       6630  1027.3313  1027.3299     3.6565     2.9569     0.2365    33.8038    33.8021    8.25801         38 0.0000e+00
     33.000     32.654    -0.8322  27.459578    -0.8328  27.457431     8.7867     9.0715    21.8958    76.8854 1.0000e-12  -74.17034 -113.38416  38.333578     100.01 2.8206e+01    278.173       6677  1027.3368  1027.3351     3.6478     2.9288     0.2247    33.8052    33.8029    8.25657         36 0.0000e+00
     34.000     33.646    -0.8318  27.459608    -0.8304  27.459431     8.7927     9.0808    19.7096    77.9463 1.0000e-12  -74.17034 -113.38416  38.333601      99.90 2.8206e+01    280.155       6725  1027.3408  1027.3392     3.6979     2.6957     0.2049    33.8042    33.8023    8.25655         42 0.0000e+00
     35.000     34.634    -0.8319  27.460318    -0.8295  27.460827     8.7854     9.0821    23.3956    75.3326 1.0000e-12  -74.17034 -113.38416  38.333624      99.98 2.8206e+01    282.128       6772  1027.3460  1027.3443     3.5742     3.1578     0.2134    33.8046    33.8026    8.25654         41 0.0000e+00
     36.000     35.624    -0.8323  27.459918    -0.8305  27.459814     8.7930     9.0800    19.7460    75.0992 1.0000e-12  -74.17035 -113.38415  38.333647      99.87 2.8206e+01    284.069       6819  1027.3502  1027.3484     3.5630     2.7509     0.2296    33.8039    33.8017    8.25666         39 0.0000e+00
     37.000     36.613    -0.8311  27.461981    -0.8303  27.460898     8.7800     9.0628    18.8455    75.7246 1.0000e-12  -74.17035 -113.38415  38.333668      99.91 2.8206e+01    285.949       6864  1027.3557  1027.3537     3.5929     2.9404     0.2136    33.8047    33.8023    8.25635         34 0.0000e+00
     38.000     37.603    -0.8307  27.463480    -0.8299  27.462836     8.7733     9.0546    20.5107    77.0555 1.0000e-12  -74.17035 -113.38415  38.333690      98.40 2.8206e+01    287.809       6908  1027.3612  1027.3598     3.6559     3.2913     0.2682    33.8057    33.8040    8.25622         37 0.0000e+00
     39.000     38.592    -0.8332  27.462223    -0.8325  27.461622     8.7036     8.9942    23.6072    77.1960 1.0000e-12  -74.17035 -113.38415  38.333712      97.15 2.8206e+01    289.684       6953  1027.3666  1027.3653     3.6631     2.9800     0.2330    33.8061    33.8046    8.25673         40 0.0000e+00
     40.000     39.585    -0.8439  27.453614    -0.8416  27.455900     8.4056     8.7636    24.6759    78.7135 1.0000e-12  -74.17036 -113.38415  38.333734     100.03 2.8206e+01    291.582       6999  1027.3719  1027.3723     3.7340     2.9739     0.2365    33.8059    33.8064    8.25910         35 0.0000e+00
     41.000     40.571    -0.9257  27.392781    -0.9156  27.400894     8.2303     8.5721    20.3363    78.8465 1.0000e-12  -74.17036 -113.38414  38.333756      99.82 2.8206e+01    293.512       7045  1027.3889  1027.3881     3.7407     2.6103     0.2205    33.8145    33.8142    8.27657         41 0.0000e+00
     42.000     41.561    -0.9411  27.382568    -0.9412  27.380928     8.3396     8.6012    17.8510    77.4796 1.0000e-12  -74.17036 -113.38415  38.333779      99.97 2.8613e+01    295.496       7093  1027.3962  1027.3948     3.6761     3.0627     0.2199    33.8173    33.8153    8.27979         44 0.0000e+00
     43.000     42.551    -0.9145  27.402694    -0.9209  27.396695     8.4216     8.6816    21.7943    77.6963 1.0000e-12  -74.17036 -113.38414  38.333802      99.97 2.9514e+01    297.458       7140  1027.3964  1027.3960     3.6864     3.1416     0.2030    33.8142    33.8132    8.27413         39 0.0000e+00
     44.000     43.540    -0.9273  27.389970    -0.9227  27.393858     8.3849     8.6641    18.8763    77.6219 1.0000e-12  -74.17036 -113.38414  38.333824      99.97 2.8365e+01    299.387       7186  1027.3989  1027.3988     3.6828     3.2952     0.2586    33.8107    33.8108    8.27715         39 0.0000e+00
     45.000     44.527    -0.9437  27.378502    -0.9314  27.386097     7.8818     8.1997    20.7565    76.8841 1.0000e-12  -74.17036 -113.38415  38.333846      98.02 2.8155e+01    301.306       7232  1027.4064  1027.4027     3.6482     3.0202     0.2256    33.8129    33.8094    8.28064         36 0.0000e+00
     46.000     45.519    -1.0559  27.293881    -1.0517  27.299783     7.2003     7.5416    21.6340    77.7981 1.0000e-12  -74.17036 -113.38415  38.333868      97.99 2.9026e+01    303.202       7278  1027.4264  1027.4290     3.6910     2.7925     0.2446    33.8233    33.8266    8.30482         45 0.0000e+00
     47.000     46.508    -1.1879  27.194734    -1.1967  27.189622     6.7683     7.1296    18.5644    78.1074 1.0000e-12  -74.17036 -113.38415  38.333890      99.92 2.8465e+01    305.066       7323  1027.4488  1027.4517     3.7051     2.8248     0.2325    33.8360    33.8390    8.33338         40 0.0000e+00
     48.000     47.498    -1.2527  27.144145    -1.2482  27.148502     6.5600     6.9126    15.3694    79.0806 1.0000e-12  -74.17036 -113.38416  38.333912      99.86 2.8644e+01    306.981       7369  1027.4587  1027.4592     3.7513     2.6164     0.2418    33.8393    33.8402    8.34765         37 0.0000e+00
     49.000     48.488    -1.2844  27.121020    -1.2805  27.123643     6.5152     6.7955    15.1053    78.2733 1.0000e-12  -74.17036 -113.38416  38.333935      99.65 2.9645e+01    308.947       7416  1027.4666  1027.4658     3.7135     2.4166     0.2041    33.8428    33.8420    8.35454         44 0.0000e+00
     50.000     49.477    -1.3116  27.100506    -1.3088  27.102590     6.5021     6.7350    13.0590    79.5024 1.0000e-12  -74.17036 -113.38416  38.333957      99.85 2.8500e+01    310.925       7463  1027.4733  1027.4729     3.7713     2.6499     0.2082    33.8448    33.8445    8.36051         38 0.0000e+00
     51.000     50.465    -1.3231  27.093322    -1.3332  27.084478     6.5350     6.7361    10.7857    80.9279 1.0000e-12  -74.17036 -113.38416  38.333980      99.64 2.8584e+01    312.850       7509  1027.4796  1027.4796     3.8395     2.3117     0.2124    33.8473    33.8466    8.36294         42 0.0000e+00
     52.000     51.456    -1.3293  27.088822    -1.3297  27.087439     6.5320     6.7232     9.5584    83.1280 1.0000e-12  -74.17036 -113.38416  38.334001      99.70 2.9850e+01    314.645       7552  1027.4840  1027.4828     3.9437     2.4271     0.1850    33.8476    33.8461    8.36431         39 0.0000e+00
