ocean_section_plots/required_files/ctd/dnbp2202_ctd064.cnv
* Sea-Bird SBE 9 Data File:
* FileName = D:\Data\raw\NBP2202_CTD064.hex
* Software Version Seasave V 7.26.7.121
* Temperature SN = 1649
* Conductivity SN = 2513
* Number of Bytes Per Scan = 40
* Number of Voltage Words = 5
* Number of Scans Averaged by the Deck Unit = 1
* NMEA Latitude = 74 00.47 S
* NMEA Longitude = 111 44.01 W
* NMEA UTC (Time) = Jan 25 2022  14:18:17
* NMEA baud rate = 9600
** Ship: RVIB N.B. Palmer
** Cruise: NBP2202 Thwaites
** Station: 45
** Operator: B.Bjork
# nquan = 25
# nvalues = 375                         
# units = specified
# name 0 = prDM: Pressure, Digiquartz [db]
# name 1 = depSM: Depth [salt water, m]
# name 2 = t090C: Temperature [ITS-90, deg C]
# name 3 = c0mS/cm: Conductivity [mS/cm]
# name 4 = t190C: Temperature, 2 [ITS-90, deg C]
# name 5 = c1mS/cm: Conductivity, 2 [mS/cm]
# name 6 = sbeox0ML/L: Oxygen, SBE 43 [ml/l]
# name 7 = sbeox1ML/L: Oxygen, SBE 43, 2 [ml/l]
# name 8 = flECO-AFL: Fluorescence, WET Labs ECO-AFL/FL [mg/m^3]
# name 9 = CStarTr0: Beam Transmission, WET Labs C-Star [%]
# name 10 = par: PAR/Irradiance, Biospherical/Licor
# name 11 = latitude: Latitude [deg]
# name 12 = longitude: Longitude [deg]
# name 13 = timeJ: Julian Days
# name 14 = altM: Altimeter [m]
# name 15 = spar: SPAR, Biospherical/Licor
# name 16 = timeS: Time, Elapsed [seconds]
# name 17 = scan: Scan Count
# name 18 = density00: Density [density, kg/m^3]
# name 19 = density11: Density, 2 [density, kg/m^3]
# name 20 = sal00: Salinity, Practical [PSU]
# name 21 = sal11: Salinity, Practical, 2 [PSU]
# name 22 = oxsolML/L: Oxygen Saturation, Garcia & Gordon [ml/l]
# name 23 = nbin: number of scans per bin
# name 24 = flag: flag
# span 0 =      5.000,    379.000       
# span 1 =      4.949,    374.738       
# span 2 =    -1.6446,    -0.3253       
# span 3 =  26.912310,  28.428732       
# span 4 =    -1.6441,    -0.3232       
# span 5 =  26.912552,  28.428288       
# span 6 =     5.1729,     9.1070       
# span 7 =     5.3719,     9.5066       
# span 8 =    -0.0224,    29.4178       
# span 9 =    62.6546,    96.4170       
# span 10 = -1.889e-04, 4.5159e+01      
# span 11 =  -74.00796,  -74.00794      
# span 12 = -111.73364, -111.73357      
# span 13 =  25.598711,  25.605524      
# span 14 =       5.95,     100.36      
# span 15 = 3.5806e+02, 4.6481e+02      
# span 16 =    231.641,    820.287      
# span 17 =       5560,      19688      
# span 18 =  1027.2182,  1029.3824      
# span 19 =  1027.2170,  1029.3807      
# span 20 =    33.8341,    34.3291      
# span 21 =    33.8327,    34.3261      
# span 22 =    8.11673,    8.43000      
# span 23 =         20,         49      
# span 24 = 0.0000e+00, 0.0000e+00      
# interval = decibars: 1                
# start_time = Jan 25 2022 14:18:17 [NMEA time, header]
# bad_flag = -9.990e-29
*END*
[from data line 174]
    179.000    177.072    -1.5037  27.128390    -1.5028  27.127970     6.3114     6.5614     0.1799    95.9726 1.0000e-12  -74.00794 -111.73362  25.602013      99.94 4.3543e+02    516.935      12407  1028.2373  1028.2360    34.0207    34.0191    8.39322         34 0.0000e+00
    180.000    178.062    -1.5022  27.131132    -1.5015  27.130341     6.3033     6.5618     0.3416    96.0411 1.0000e-12  -74.00794 -111.73362  25.602029      99.94 4.3657e+02    518.291      12440  1028.2432  1028.2417    34.0222    34.0203    8.39281         32 0.0000e+00
    181.000    179.049    -1.4983  27.135744    -1.4975  27.135087     6.2995     6.5502     0.0814    96.0597 1.0000e-12  -74.00794 -111.73362  25.602044      99.94 4.3642e+02    519.630      12472  1028.2488  1028.2473    34.0235    34.0216    8.39185         32 0.0000e+00
    182.000    180.039    -1.4959  27.138814    -1.4952  27.138257     6.2996     6.5513     0.0785    96.0726 1.0000e-12  -74.00794 -111.73362  25.602058      99.95 4.3591e+02    520.845      12501  1028.2541  1028.2529    34.0244    34.0227    8.39126         26 0.0000e+00
    183.000    181.026    -1.4949  27.141018    -1.4941  27.140568     6.3017     6.5508     0.0653    96.0744 1.0000e-12  -74.00794 -111.73362  25.602070      99.94 4.3668e+02    521.887      12526  1028.2600  1028.2587    34.0257    34.0241    8.39096         25 0.0000e+00
    184.000    182.017    -1.4955  27.141294    -1.4946  27.140889     6.3001     6.5487     0.0614    96.0786 1.0000e-12  -74.00794 -111.73362  25.602083      99.94 4.3685e+02    522.966      12552  1028.2651  1028.2638    34.0260    34.0245    8.39106         26 0.0000e+00
    185.000    183.005    -1.4954  27.141884    -1.4946  27.141455     6.2988     6.5537     0.0691    96.0923 1.0000e-12  -74.00794 -111.73362  25.602096      99.94 4.3665e+02    524.128      12580  1028.2700  1028.2688    34.0262    34.0246    8.39104         29 0.0000e+00
    186.000    183.993    -1.4954  27.142476    -1.4946  27.141949     6.3013     6.5591     0.0637    96.1101 1.0000e-12  -74.00794 -111.73362  25.602110      99.94 4.3732e+02    525.283      12608  1028.2749  1028.2737    34.0263    34.0247    8.39102         27 0.0000e+00
    187.000    184.982    -1.4947  27.144564    -1.4938  27.143896     6.3066     6.5606     0.0710    96.0871 1.0000e-12  -74.00794 -111.73362  25.602122      99.84 4.3690e+02    526.351      12633  1028.2808  1028.2793    34.0277    34.0259    8.39077         24 0.0000e+00
    188.000    185.971    -1.4884  27.152696    -1.4875  27.152177     6.3109     6.5618     0.0761    96.0939 1.0000e-12  -74.00794 -111.73362  25.602134      99.76 4.3831e+02    527.364      12658  1028.2881  1028.2867    34.0312    34.0295    8.38915         25 0.0000e+00
    189.000    186.960    -1.4848  27.157296    -1.4837  27.157049     6.3046     6.5573     0.0801    95.9409 1.0000e-12  -74.00794 -111.73362  25.602146      99.94 4.3557e+02    528.412      12683  1028.2940  1028.2926    34.0328    34.0312    8.38824         26 0.0000e+00
    190.000    187.949    -1.4821  27.160775    -1.4812  27.160220     6.3061     6.5546     0.0736    96.1215 1.0000e-12  -74.00794 -111.73362  25.602160      99.94 4.3592e+02    529.638      12712  1028.2996  1028.2980    34.0340    34.0321    8.38758         32 0.0000e+00
    191.000    188.938    -1.4820  27.161306    -1.4809  27.160990     6.3038     6.5647     0.0606    95.8923 1.0000e-12  -74.00794 -111.73362  25.602176      99.94 4.3804e+02    530.995      12745  1028.3044  1028.3030    34.0339    34.0323    8.38755         32 0.0000e+00
    192.000    189.926    -1.4815  27.162343    -1.4807  27.161879     6.3057     6.5571     0.0520    96.1781 1.0000e-12  -74.00794 -111.73362  25.602189      99.95 4.3525e+02    532.159      12773  1028.3094  1028.3081    34.0342    34.0326    8.38743         24 0.0000e+00
    193.000    190.915    -1.4792  27.165717    -1.4784  27.165263     6.3008     6.5553     0.0338    96.2065 1.0000e-12  -74.00794 -111.73362  25.602200      99.94 4.3780e+02    533.093      12795  1028.3152  1028.3139    34.0355    34.0340    8.38682         22 0.0000e+00
    194.000    191.904    -1.4768  27.168900    -1.4757  27.168631     6.2964     6.5529     0.0339    96.1962 1.0000e-12  -74.00794 -111.73362  25.602213      99.94 4.3700e+02    534.201      12822  1028.3207  1028.3193    34.0366    34.0349    8.38622         32 0.0000e+00
    195.000    192.892    -1.4764  27.169801    -1.4755  27.169202     6.2965     6.5548     0.0408    96.1449 1.0000e-12  -74.00794 -111.73362  25.602229      99.94 4.3370e+02    535.612      12856  1028.3257  1028.3241    34.0367    34.0349    8.38612         34 0.0000e+00
    196.000    193.881    -1.4765  27.170098    -1.4755  27.169724     6.2817     6.5450     0.0305    96.2209 1.0000e-12  -74.00794 -111.73362  25.602244      99.95 4.3723e+02    536.887      12886  1028.3304  1028.3291    34.0366    34.0350    8.38615         28 0.0000e+00
    197.000    194.869    -1.4719  27.176102    -1.4708  27.175634     6.2807     6.5411     0.0377    96.1822 1.0000e-12  -74.00794 -111.73362  25.602257      99.94 4.3670e+02    538.011      12913  1028.3369  1028.3354    34.0390    34.0372    8.38496         25 0.0000e+00
    198.000    195.859    -1.4635  27.186295    -1.4624  27.185857     6.2814     6.5400     0.0470    96.2527 1.0000e-12  -74.00794 -111.73362  25.602269      99.94 4.3503e+02    539.028      12938  1028.3443  1028.3428    34.0429    34.0410    8.38284         25 0.0000e+00
    199.000    196.848    -1.4613  27.188981    -1.4602  27.188579     6.2767     6.5362     0.0598    96.2619 1.0000e-12  -74.00794 -111.73362  25.602283      96.98 4.3554e+02    540.232      12967  1028.3495  1028.3481    34.0435    34.0417    8.38231         32 0.0000e+00
    200.000    197.835    -1.4582  27.193309    -1.4570  27.192830     6.2715     6.5258     0.0323    96.2721 1.0000e-12  -74.00794 -111.73363  25.602298     100.01 4.3549e+02    541.572      12999  1028.3557  1028.3540    34.0453    34.0432    8.38151         31 0.0000e+00
    201.000    198.824    -1.4508  27.202182    -1.4497  27.201706     6.2664     6.5201     0.0327    96.2608 1.0000e-12  -74.00794 -111.73363  25.602312      99.94 4.3529e+02    542.771      13028  1028.3627  1028.3611    34.0485    34.0465    8.37966         25 0.0000e+00
    202.000    199.814    -1.4452  27.208852    -1.4441  27.208509     6.2622     6.5191     0.0255    96.3203 1.0000e-12  -74.00794 -111.73364  25.602324      99.94 4.3483e+02    543.776      13052  1028.3689  1028.3675    34.0506    34.0489    8.37826         23 0.0000e+00
    203.000    200.801    -1.4430  27.211629    -1.4419  27.211074     6.2531     6.5156     0.0250    96.2763 1.0000e-12  -74.00794 -111.73364  25.602337      99.95 4.3479e+02    544.879      13078  1028.3743  1028.3726    34.0514    34.0494    8.37773         30 0.0000e+00
    204.000    201.791    -1.4393  27.216186    -1.4380  27.215742     6.2496     6.5124     0.0314    96.2704 1.0000e-12  -74.00794 -111.73364  25.602352      99.94 4.3506e+02    546.215      13110  1028.3801  1028.3784    34.0529    34.0507    8.37682         33 0.0000e+00
    205.000    202.779    -1.4334  27.223219    -1.4323  27.222669     6.2464     6.5030     0.0349    96.2973 1.0000e-12  -74.00794 -111.73363  25.602367      99.94 4.3319e+02    547.497      13141  1028.3865  1028.3849    34.0551    34.0531    8.37534         29 0.0000e+00
    206.000    203.769    -1.4256  27.232418    -1.4245  27.231889     6.2483     6.4999     0.0425    96.2991 1.0000e-12  -74.00794 -111.73363  25.602381      99.94 4.3408e+02    548.694      13170  1028.3935  1028.3918    34.0583    34.0563    8.37341         29 0.0000e+00
    207.000    204.757    -1.4197  27.239497    -1.4189  27.238460     6.2430     6.4968     0.0291    96.2894 1.0000e-12  -74.00794 -111.73364  25.602396      99.95 4.3509e+02    549.977      13200  1028.4000  1028.3980    34.0607    34.0583    8.37194         33 0.0000e+00
    208.000    205.744    -1.4177  27.242209    -1.4167  27.241541     6.2451     6.4973     0.0192    96.3093 1.0000e-12  -74.00794 -111.73364  25.602412      99.94 4.3267e+02    551.365      13234  1028.4055  1028.4038    34.0615    34.0595    8.37143         33 0.0000e+00
    209.000    206.735    -1.4168  27.243649    -1.4159  27.242899     6.2349     6.4963     0.0330    96.2971 1.0000e-12  -74.00794 -111.73364  25.602427      88.39 4.3267e+02    552.684      13265  1028.4106  1028.4089    34.0618    34.0598    8.37121         30 0.0000e+00
    210.000    207.723    -1.4148  27.246264    -1.4139  27.245518     6.2369     6.4942     0.0187    96.2818 1.0000e-12  -74.00794 -111.73364  25.602442      99.93 4.3498e+02    553.958      13296  1028.4160  1028.4143    34.0626    34.0605    8.37073         31 0.0000e+00
    211.000    208.711    -1.4121  27.249868    -1.4107  27.249563     6.2345     6.4851     0.0195    96.2810 1.0000e-12  -74.00794 -111.73364  25.602456      99.94 4.3184e+02    555.234      13327  1028.4217  1028.4200    34.0638    34.0618    8.37004         31 0.0000e+00
    212.000    209.700    -1.4079  27.255087    -1.4067  27.254434     6.2329     6.4811     0.0143    96.3091 1.0000e-12  -74.00794 -111.73364  25.602471      99.94 4.3174e+02    556.534      13358  1028.4277  1028.4258    34.0656    34.0634    8.36899         31 0.0000e+00
    213.000    210.688    -1.4003  27.264216    -1.3990  27.263710     6.2248     6.4849     0.0199    96.2643 1.0000e-12  -74.00794 -111.73364  25.602487      99.94 4.3300e+02    557.898      13391  1028.4348  1028.4330    34.0689    34.0668    8.36709         33 0.0000e+00
    214.000    211.677    -1.3953  27.271103    -1.3940  27.270661     6.2259     6.4775     0.0248    96.2906 1.0000e-12  -74.00794 -111.73364  25.602502      99.94 4.3069e+02    559.210      13422  1028.4419  1028.4402    34.0721    34.0700    8.36578         30 0.0000e+00
    215.000    212.666    -1.3943  27.272896    -1.3933  27.272259     6.2297     6.4772     0.0166    96.3052 1.0000e-12  -74.00794 -111.73362  25.602516      99.95 4.3190e+02    560.404      13451  1028.4473  1028.4457    34.0727    34.0708    8.36551         29 0.0000e+00
    216.000    213.655    -1.3944  27.273458    -1.3934  27.272975     6.2291     6.4771     0.0198    96.2917 1.0000e-12  -74.00794 -111.73363  25.602531      99.94 4.3284e+02    561.684      13481  1028.4525  1028.4509    34.0730    34.0712    8.36552         32 0.0000e+00
    217.000    214.643    -1.3948  27.273815    -1.3935  27.273405     6.2314     6.4808     0.0127    96.2928 1.0000e-12  -74.00794 -111.73362  25.602548      99.93 4.3065e+02    563.118      13516  1028.4576  1028.4559    34.0734    34.0713    8.36559         30 0.0000e+00
    218.000    215.632    -1.3952  27.273855    -1.3943  27.273426     6.2327     6.4830     0.0066    96.3183 1.0000e-12  -74.00794 -111.73362  25.602562      99.95 4.3199e+02    564.372      13546  1028.4624  1028.4610    34.0733    34.0716    8.36569         28 0.0000e+00
    219.000    216.621    -1.3954  27.274335    -1.3945  27.273809     6.2343     6.4841     0.0063    96.2660 1.0000e-12  -74.00794 -111.73362  25.602574      88.41 4.3258e+02    565.401      13571  1028.4675  1028.4660    34.0735    34.0717    8.36572         23 0.0000e+00
    220.000    217.609    -1.3949  27.276411    -1.3935  27.276166     6.2364     6.4866     0.0094    96.2461 1.0000e-12  -74.00794 -111.73362  25.602587      99.82 4.2944e+02    566.490      13597  1028.4736  1028.4720    34.0752    34.0733    8.36550         29 0.0000e+00
    221.000    218.598    -1.3912  27.282470    -1.3903  27.281773     6.2343     6.4857     0.0187    96.3167 1.0000e-12  -74.00794 -111.73362  25.602602      99.94 4.3236e+02    567.825      13629  1028.4810  1028.4793    34.0787    34.0766    8.36447         33 0.0000e+00
    222.000    219.586    -1.3909  27.283257    -1.3901  27.282503     6.2355     6.4865     0.0094    96.3089 1.0000e-12  -74.00794 -111.73362  25.602617      99.94 4.3221e+02    569.095      13659  1028.4860  1028.4843    34.0788    34.0768    8.36440         29 0.0000e+00
    223.000    220.576    -1.3905  27.284237    -1.3894  27.283872     6.2363     6.4869     0.0145    96.3289 1.0000e-12  -74.00794 -111.73360  25.602629      99.95 4.2971e+02    570.157      13685  1028.4910  1028.4895    34.0790    34.0773    8.36428         23 0.0000e+00
    224.000    221.563    -1.3905  27.284744    -1.3893  27.284542     6.2358     6.4869     0.0131    96.3461 1.0000e-12  -74.00794 -111.73362  25.602641      99.94 4.3077e+02    571.153      13709  1028.4958  1028.4945    34.0791    34.0775    8.36428         25 0.0000e+00
    225.000    222.552    -1.3895  27.286461    -1.3884  27.285848     6.2283     6.4861     0.0062    96.3408 1.0000e-12  -74.00794 -111.73360  25.602654      99.95 4.3071e+02    572.335      13737  1028.5011  1028.4994    34.0798    34.0777    8.36403         31 0.0000e+00
    226.000    223.541    -1.3890  27.287583    -1.3878  27.287181     6.2301     6.4840     0.0059    96.3548 1.0000e-12  -74.00794 -111.73360  25.602669      99.94 4.2996e+02    573.623      13768  1028.5062  1028.5046    34.0801    34.0782    8.36389         30 0.0000e+00
    227.000    224.529    -1.3884  27.288790    -1.3872  27.288598     6.2251     6.4796     0.0127    96.3299 1.0000e-12  -74.00794 -111.73360  25.602683      99.94 4.2987e+02    574.786      13796  1028.5112  1028.5099    34.0804    34.0788    8.36373         26 0.0000e+00
    228.000    225.519    -1.3873  27.290896    -1.3863  27.290367     6.2219     6.4804     0.0143    96.3378 1.0000e-12  -74.00794 -111.73360  25.602694      99.94 4.2759e+02    575.769      13819  1028.5167  1028.5152    34.0814    34.0795    8.36342         23 0.0000e+00
    229.000    226.505    -1.3868  27.291953    -1.3857  27.291408     6.2270     6.4840     0.0045    96.3567 1.0000e-12  -74.00794 -111.73360  25.602706      99.95 4.2943e+02    576.807      13844  1028.5218  1028.5202    34.0818    34.0798    8.36331         28 0.0000e+00
    230.000    227.496    -1.3850  27.294496    -1.3839  27.293995     6.2324     6.4851     0.0160    96.3605 1.0000e-12  -74.00794 -111.73359  25.602721      78.59 4.2775e+02    578.082      13875  1028.5272  1028.5256    34.0826    34.0807    8.36285         29 0.0000e+00
    231.000    228.482    -1.3836  27.296968    -1.3825  27.296542     6.2326     6.4855     0.0148    96.3787 1.0000e-12  -74.00794 -111.73360  25.602735      93.76 4.2794e+02    579.318      13905  1028.5328  1028.5313    34.0837    34.0819    8.36246         28 0.0000e+00
    232.000    229.472    -1.3828  27.298474    -1.3817  27.298026     6.2290     6.4773     0.0208    96.3933 1.0000e-12  -74.00794 -111.73358  25.602749      99.89 4.2982e+02    580.471      13932  1028.5380  1028.5364    34.0842    34.0824    8.36224         28 0.0000e+00
    233.000    230.461    -1.3823  27.299522    -1.3812  27.299072     6.2241     6.4747     0.0064    96.3826 1.0000e-12  -74.00794 -111.73358  25.602763      99.94 4.2578e+02    581.731      13963  1028.5430  1028.5415    34.0845    34.0827    8.36212         32 0.0000e+00
    234.000    231.449    -1.3822  27.300147    -1.3811  27.299707     6.2262     6.4806     0.0096    96.3729 1.0000e-12  -74.00794 -111.73358  25.602779      99.94 4.2752e+02    583.079      13995  1028.5480  1028.5464    34.0847    34.0828    8.36210         31 0.0000e+00
    235.000    232.436    -1.3814  27.301825    -1.3804  27.301400     6.2280     6.4815     0.0247    96.3828 1.0000e-12  -74.00794 -111.73358  25.602793      99.94 4.2933e+02    584.316      14025  1028.5534  1028.5518    34.0854    34.0836    8.36187         29 0.0000e+00
