ocean_section_plots/required_files/ctd/dnbp2202_ctd199.cnv
* Sea-Bird SBE 9 Data File:
* FileName = D:\Data\raw\NBP2202_CTD199.hex
* Software Version Seasave V 7.26.7.121
* Temperature SN = 1649
* Conductivity SN = 2513
* Number of Bytes Per Scan = 40
* Number of Voltage Words = 5
* Number of Scans Averaged by the Deck Unit = 1
* NMEA Latitude = 73 54.04 S
* NMEA Longitude = 113 10.44 W
* NMEA UTC (Time) = Feb 08 2022  16:22:15
* NMEA baud rate = 9600
** Ship: RVIB N.B. Palmer
** Cruise: NBP2202 Thwaites
** Station: 118
** Operator: A. Robinson
# nquan = 28
# nvalues = 490                         
# units = specified
# name 0 = prDM: Pressure, Digiquartz [db]
# name 1 = depSM: Depth [salt water, m]
# name 2 = t090C: Temperature [ITS-90, deg C]
# name 3 = c0mS/cm: Conductivity [mS/cm]
# name 4 = t190C: Temperature, 2 [ITS-90, deg C]
# name 5 = c1mS/cm: Conductivity, 2 [mS/cm]
# name 6 = sbeox0ML/L: Oxygen, SBE 43 [ml/l]
# name 7 = sbeox1ML/L: Oxygen, SBE 43, 2 [ml/l]
# name 8 = flECO-AFL: Fluorescence, WET Labs ECO-AFL/FL [mg/m^3]
# name 9 = CStarTr0: Beam Transmission, WET Labs C-Star [%]
# name 10 = par: PAR/Irradiance, Biospherical/Licor
# name 11 = latitude: Latitude [deg]
# name 12 = longitude: Longitude [deg]
# name 13 = timeJ: Julian Days
# name 14 = altM: Altimeter [m]
# name 15 = spar: SPAR, Biospherical/Licor
# name 16 = timeS: Time, Elapsed [seconds]
# name 17 = scan: Scan Count
# name 18 = density00: Density [density, kg/m^3]
# name 19 = density11: Density, 2 [density, kg/m^3]
# name 20 = v3: Voltage 3
# name 21 = v4: Voltage 4
# name 22 = v5: Voltage 5
# name 23 = sal00: Salinity, Practical [PSU]
# name 24 = sal11: Salinity, Practical, 2 [PSU]
# name 25 = oxsolML/L: Oxygen Saturation, Garcia & Gordon [ml/l]
# name 26 = nbin: number of scans per bin
# name 27 = flag: flag
# span 0 =      2.000,    491.000       
# span 1 =      1.991,    485.349       
# span 2 =    -1.5435,     0.0255       
# span 3 =  27.056138,  28.802356       
# span 4 =    -1.5429,     0.0276       
# span 5 =  27.056220,  28.802240       
# span 6 =     4.7603,     8.7980       
# span 7 =     4.8989,     8.9320       
# span 8 =    -0.0171,    26.2564       
# span 9 =    75.0047,    98.6340       
# span 10 = 1.0000e-12, 8.8320e+01      
# span 11 =  -73.90059,  -73.89978      
# span 12 = -113.17424, -113.17383      
# span 13 =  39.684744,  39.693131      
# span 14 =       3.22,     100.10      
# span 15 = 2.2208e+02, 2.6232e+02      
# span 16 =    226.865,    951.516      
# span 17 =       5446,      22837      
# span 18 =  1027.1634,  1029.9207      
# span 19 =  1027.1632,  1029.9185      
# span 20 =     3.5586,     4.6791      
# span 21 =     0.0635,     4.0345      
# span 22 =     0.1133,     0.2679      
# span 23 =    33.7784,    34.3647      
# span 24 =    33.7769,    34.3622      
# span 25 =    8.04052,    8.40401      
# span 26 =          3,         48      
# span 27 = 0.0000e+00, 0.0000e+00      
# interval = decibars: 1                
# start_time = Feb 08 2022 16:22:15 [NMEA time, header]
# bad_flag = -9.990e-29
*END*
[from data line 363]
    365.000    360.907    -0.2586  28.456239    -0.2572  28.455044     4.9747     5.1235    -0.0027    98.3486 1.0000e-12  -73.89978 -113.17418  39.690679      99.93 2.5739e+02    739.686      17753  1029.2880  1029.2854     4.6655     0.0725     0.1220    34.2986    34.2954    8.10427         27 0.0000e+00
    366.000    361.897    -0.2527  28.462529    -0.2514  28.461017     4.9730     5.1182     0.0025    98.3299 1.0000e-12  -73.89978 -113.17418  39.690692      93.51 2.5664e+02    740.826      17781  1029.2934  1029.2906     4.6646     0.0704     0.1269    34.2997    34.2963    8.10295         27 0.0000e+00
    367.000    362.885    -0.2490  28.466391    -0.2469  28.465826     4.9602     5.1100    -0.0028    98.3526 1.0000e-12  -73.89978 -113.17418  39.690706     100.03 2.5624e+02    741.957      17808  1029.2984  1029.2958     4.6656     0.0731     0.1228    34.3001    34.2971    8.10215         28 0.0000e+00
    368.000    363.873    -0.2453  28.470672    -0.2447  28.468472     4.9636     5.1094     0.0194    98.3288 1.0000e-12  -73.89978 -113.17418  39.690718      99.92 2.5738e+02    743.063      17835  1029.3038  1029.3009     4.6645     0.0731     0.1219    34.3011    34.2974    8.10131         26 0.0000e+00
    369.000    364.859    -0.2350  28.480735    -0.2330  28.480226     4.9547     5.1080    -0.0031    98.3229 1.0000e-12  -73.89978 -113.17418  39.690731      99.92 2.5738e+02    744.115      17860  1029.3089  1029.3064     4.6643     0.0709     0.1228    34.3023    34.2994    8.09905         25 0.0000e+00
    370.000    365.848    -0.2374  28.478815    -0.2355  28.478512     4.9591     5.1042     0.0040    98.3169 1.0000e-12  -73.89978 -113.17418  39.690743      99.92 2.5678e+02    745.177      17885  1029.3136  1029.3115     4.6640     0.0711     0.1258    34.3019    34.2993    8.09958         26 0.0000e+00
    371.000    366.837    -0.2372  28.479348    -0.2314  28.482720     4.9549     5.1015     0.0177    98.3165 1.0000e-12  -73.89978 -113.17418  39.690757      99.92 2.5691e+02    746.434      17915  1029.3184  1029.3163     4.6640     0.0720     0.1252    34.3017    34.2997    8.09954         34 0.0000e+00
    372.000    367.824    -0.2316  28.485518    -0.2264  28.487918     4.9509     5.0983     0.0258    98.3119 1.0000e-12  -73.89978 -113.17418  39.690774      99.92 2.5728e+02    747.866      17950  1029.3239  1029.3214     4.6638     0.0720     0.1242    34.3030    34.3004    8.09827         34 0.0000e+00
    373.000    368.812    -0.2268  28.490681    -0.2242  28.490671     4.9547     5.1003     0.0003    98.3014 1.0000e-12  -73.89978 -113.17418  39.690789      99.92 2.5641e+02    749.167      17981  1029.3291  1029.3266     4.6632     0.0717     0.1251    34.3039    34.3010    8.09720         29 0.0000e+00
    374.000    369.800    -0.2304  28.487414    -0.2271  28.488305     4.9535     5.1021    -0.0006    98.3049 1.0000e-12  -73.89978 -113.17418  39.690803      99.92 2.5749e+02    750.366      18010  1029.3336  1029.3313     4.6634     0.0708     0.1240    34.3031    34.3005    8.09803         29 0.0000e+00
    375.000    370.787    -0.2339  28.484353    -0.2313  28.484563     4.9532     5.0948     0.0025    98.3200 1.0000e-12  -73.89978 -113.17418  39.690818      88.58 2.5738e+02    751.682      18041  1029.3381  1029.3358     4.6641     0.0715     0.1243    34.3023    34.2996    8.09881         35 0.0000e+00
    376.000    371.776    -0.2344  28.484318    -0.2320  28.484368     4.9586     5.1049    -0.0008    98.3101 1.0000e-12  -73.89978 -113.17418  39.690836      88.71 2.5563e+02    753.199      18078  1029.3429  1029.3406     4.6636     0.0720     0.1227    34.3022    34.2995    8.09892         37 0.0000e+00
    377.000    372.762    -0.2374  28.481500    -0.2353  28.481425     4.9443     5.1012     0.0010    98.3026 1.0000e-12  -73.89978 -113.17418  39.690852      99.84 2.5731e+02    754.636      18112  1029.3472  1029.3452     4.6633     0.0733     0.1281    34.3012    34.2988    8.09962         32 0.0000e+00
    378.000    373.752    -0.2382  28.481758    -0.2352  28.482029     4.9187     5.0780     0.0011    98.3106 1.0000e-12  -73.89978 -113.17418  39.690866      99.92 2.5745e+02    755.847      18141  1029.3525  1029.3499     4.6637     0.0708     0.1251    34.3018    34.2988    8.09974         25 0.0000e+00
    379.000    374.739    -0.2068  28.514103    -0.2123  28.505393     4.9119     5.0656     0.0167    98.2873 1.0000e-12  -73.89978 -113.17418  39.690878      99.92 2.5647e+02    756.828      18165  1029.3604  1029.3565     4.6626     0.0719     0.1243    34.3091    34.3036    8.09268         23 0.0000e+00
    380.000    375.727    -0.1946  28.525500    -0.1927  28.524646     4.9022     5.0616     0.0245    98.2957 1.0000e-12  -73.89978 -113.17418  39.690890      99.91 2.5559e+02    757.894      18190  1029.3649  1029.3621     4.6630     0.0731     0.1260    34.3099    34.3066    8.09003         30 0.0000e+00
    381.000    376.715    -0.1823  28.537954    -0.1801  28.537604     4.8858     5.0405     0.0094    98.2961 1.0000e-12  -73.89978 -113.17418  39.690906      99.92 2.5730e+02    759.287      18224  1029.3705  1029.3680     4.6630     0.0713     0.1253    34.3121    34.3091    8.08731         36 0.0000e+00
    382.000    377.703    -0.1702  28.550507    -0.1666  28.551211     4.8716     5.0229    -0.0024    98.2985 1.0000e-12  -73.89978 -113.17418  39.690923      99.92 2.5682e+02    760.750      18259  1029.3765  1029.3737     4.6631     0.0720     0.1257    34.3146    34.3115    8.08461         32 0.0000e+00
    383.000    378.690    -0.1511  28.569752    -0.1475  28.570672     4.8673     5.0163     0.0062    98.2721 1.0000e-12  -73.89978 -113.17417  39.690937      99.92 2.5719e+02    761.981      18289  1029.3826  1029.3800     4.6619     0.0735     0.1246    34.3181    34.3153    8.08036         28 0.0000e+00
    384.000    379.678    -0.1442  28.577414    -0.1406  28.578116     4.8646     5.0164     0.0074    98.2595 1.0000e-12  -73.89978 -113.17418  39.690951      99.92 2.5519e+02    763.160      18317  1029.3884  1029.3857     4.6613     0.0717     0.1276    34.3199    34.3168    8.07879         30 0.0000e+00
    385.000    380.667    -0.1395  28.582088    -0.1359  28.583240     4.8618     5.0138    -0.0081    98.2499 1.0000e-12  -73.89978 -113.17417  39.690967      66.26 2.5582e+02    764.515      18349  1029.3934  1029.3910     4.6609     0.0710     0.1257    34.3203    34.3178    8.07779         34 0.0000e+00
    386.000    381.655    -0.1400  28.581857    -0.1381  28.581320     4.8592     5.0115    -0.0050    98.2517 1.0000e-12  -73.89978 -113.17417  39.690984      83.96 2.5576e+02    765.996      18385  1029.3982  1029.3957     4.6609     0.0706     0.1275    34.3200    34.3171    8.07791         36 0.0000e+00
    387.000    382.641    -0.1360  28.586586    -0.1339  28.585830     4.8586     5.0055    -0.0023    98.2243 1.0000e-12  -73.89978 -113.17416  39.691000      96.22 2.5780e+02    767.391      18418  1029.4036  1029.4009     4.6596     0.0712     0.1278    34.3211    34.3178    8.07699         31 0.0000e+00
    388.000    383.630    -0.1270  28.595948    -0.1256  28.594876     4.8549     5.0106     0.0028    98.2227 1.0000e-12  -73.89978 -113.17416  39.691014     100.04 2.5786e+02    768.601      18447  1029.4091  1029.4067     4.6595     0.0728     0.1286    34.3229    34.3199    8.07499         26 0.0000e+00
    389.000    384.618    -0.1256  28.597870    -0.1238  28.597114     4.8562     5.0040    -0.0052    98.1895 1.0000e-12  -73.89978 -113.17416  39.691026      99.92 2.5718e+02    769.606      18472  1029.4142  1029.4117     4.6579     0.0715     0.1273    34.3232    34.3203    8.07467         25 0.0000e+00
    390.000    385.605    -0.1240  28.599708    -0.1226  28.598549     4.8578     5.0043    -0.0123    98.1923 1.0000e-12  -73.89978 -113.17416  39.691040      80.46 2.5717e+02    770.833      18501  1029.4190  1029.4165     4.6581     0.0701     0.1299    34.3233    34.3203    8.07433         34 0.0000e+00
    391.000    386.593    -0.1249  28.599244    -0.1222  28.599480     4.8496     4.9969    -0.0125    98.1872 1.0000e-12  -73.89978 -113.17416  39.691057      99.98 2.5642e+02    772.351      18537  1029.4238  1029.4214     4.6578     0.0784     0.1282    34.3231    34.3204    8.07453         35 0.0000e+00
    392.000    387.582    -0.1235  28.600998    -0.1213  28.600612     4.8487     4.9989    -0.0058    98.1628 1.0000e-12  -73.89978 -113.17416  39.691074      99.92 2.5532e+02    773.831      18573  1029.4287  1029.4261     4.6567     0.0719     0.1284    34.3232    34.3203    8.07422         33 0.0000e+00
    393.000    388.568    -0.1214  28.603528    -0.1192  28.603244     4.8392     4.9875    -0.0091    98.1896 1.0000e-12  -73.89978 -113.17416  39.691089      99.92 2.5734e+02    775.057      18602  1029.4337  1029.4312     4.6579     0.0698     0.1297    34.3237    34.3208    8.07376         27 0.0000e+00
    394.000    389.558    -0.1210  28.604399    -0.1183  28.604757     4.8342     4.9836     0.0037    98.1573 1.0000e-12  -73.89978 -113.17416  39.691101      99.92 2.5730e+02    776.083      18627  1029.4385  1029.4363     4.6564     0.0708     0.1286    34.3239    34.3213    8.07368         23 0.0000e+00
    395.000    390.544    -0.1044  28.622542    -0.0998  28.624270     4.8299     4.9814     0.0046    98.1498 1.0000e-12  -73.89978 -113.17416  39.691112      99.79 2.5365e+02    777.068      18651  1029.4457  1029.4431     4.6561     0.0718     0.1303    34.3286    34.3258    8.06989         26 0.0000e+00
    396.000    391.532    -0.0951  28.631821    -0.0932  28.631272     4.8289     4.9770     0.0027    98.1739 1.0000e-12  -73.89978 -113.17416  39.691127      99.21 2.5591e+02    778.383      18682  1029.4509  1029.4484     4.6572     0.0717     0.1271    34.3300    34.3271    8.06786         34 0.0000e+00
    397.000    392.520    -0.0915  28.635895    -0.0879  28.637058     4.8295     4.9738     0.0146    98.1524 1.0000e-12  -73.89978 -113.17416  39.691145      98.82 2.5508e+02    779.891      18718  1029.4561  1029.4539     4.6562     0.0704     0.1291    34.3307    34.3283    8.06705         34 0.0000e+00
    398.000    393.507    -0.0924  28.635576    -0.0900  28.635388     4.8288     4.9792     0.0019    98.1193 1.0000e-12  -73.89978 -113.17416  39.691159      98.43 2.5379e+02    781.170      18749  1029.4610  1029.4585     4.6547     0.0708     0.1293    34.3307    34.3278    8.06724         29 0.0000e+00
    399.000    394.495    -0.0912  28.637102    -0.0884  28.637458     4.8257     4.9756    -0.0029    98.1411 1.0000e-12  -73.89978 -113.17414  39.691173      97.29 2.5841e+02    782.328      18777  1029.4658  1029.4635     4.6557     0.0716     0.1317    34.3308    34.3282    8.06699         28 0.0000e+00
    400.000    395.483    -0.0913  28.637514    -0.0902  28.635857     4.8190     4.9684     0.0044    98.1359 1.0000e-12  -73.89978 -113.17415  39.691187      96.22 2.5879e+02    783.554      18806  1029.4707  1029.4679     4.6554     0.0735     0.1323    34.3308    34.3274    8.06700         31 0.0000e+00
    401.000    396.470    -0.0860  28.643720    -0.0830  28.643884     4.8209     4.9692     0.0025    98.1159 1.0000e-12  -73.89978 -113.17415  39.691203      95.50 2.5522e+02    784.955      18840  1029.4764  1029.4737     4.6545     0.0690     0.1314    34.3326    34.3294    8.06579         35 0.0000e+00
    402.000    397.459    -0.0745  28.656387    -0.0722  28.656151     4.8195     4.9665    -0.0038    98.1294 1.0000e-12  -73.89978 -113.17415  39.691220      94.22 2.5851e+02    786.390      18874  1029.4829  1029.4804     4.6551     0.0704     0.1292    34.3359    34.3329    8.06318         34 0.0000e+00
    403.000    398.447    -0.0739  28.657519    -0.0716  28.657348     4.8214     4.9657    -0.0086    98.1087 1.0000e-12  -73.89978 -113.17416  39.691236      93.50 2.5782e+02    787.762      18907  1029.4879  1029.4854     4.6541     0.0693     0.1309    34.3361    34.3332    8.06303         32 0.0000e+00
    404.000    399.434    -0.0702  28.661953    -0.0676  28.662018     4.8130     4.9646    -0.0124    98.1166 1.0000e-12  -73.89978 -113.17416  39.691250      92.54 2.5732e+02    789.028      18938  1029.4933  1029.4909     4.6545     0.0704     0.1286    34.3372    34.3344    8.06219         29 0.0000e+00
    405.000    400.423    -0.0650  28.668374    -0.0621  28.668543     4.8159     4.9640    -0.0029    98.1158 1.0000e-12  -73.89978 -113.17416  39.691265      91.43 2.5895e+02    790.257      18967  1029.4993  1029.4967     4.6545     0.0690     0.1307    34.3393    34.3363    8.06097         30 0.0000e+00
    406.000    401.409    -0.0575  28.676776    -0.0541  28.677689     4.8130     4.9589    -0.0002    98.0970 1.0000e-12  -73.89978 -113.17416  39.691280      90.27 2.5811e+02    791.597      18999  1029.5052  1029.5029     4.6536     0.0698     0.1289    34.3414    34.3388    8.05928         34 0.0000e+00
    407.000    402.396    -0.0527  28.682592    -0.0508  28.681670     4.8138     4.9623    -0.0041    98.1285 1.0000e-12  -73.89978 -113.17416  39.691296      89.57 2.5667e+02    792.998      19033  1029.5110  1029.5082     4.6550     0.0686     0.1306    34.3431    34.3398    8.05816         31 0.0000e+00
    408.000    403.386    -0.0463  28.689824    -0.0446  28.688897     4.8011     4.9522     0.0001    98.1266 1.0000e-12  -73.89978 -113.17414  39.691312      88.07 2.5556e+02    794.368      19066  1029.5168  1029.5142     4.6550     0.0703     0.1288    34.3450    34.3419    8.05672         31 0.0000e+00
    409.000    404.373    -0.0443  28.692410    -0.0425  28.691680     4.8050     4.9552    -0.0025    98.1258 1.0000e-12  -73.89978 -113.17414  39.691327      86.97 2.5909e+02    795.688      19098  1029.5219  1029.5195     4.6550     0.0694     0.1279    34.3455    34.3425    8.05627         31 0.0000e+00
    410.000    405.360    -0.0446  28.692340    -0.0432  28.691254     4.8042     4.9568    -0.0012    98.1486 1.0000e-12  -73.89978 -113.17414  39.691342      86.33 2.5478e+02    796.955      19128  1029.5265  1029.5241     4.6560     0.0686     0.1307    34.3452    34.3422    8.05635         29 0.0000e+00
    411.000    406.348    -0.0449  28.692515    -0.0426  28.692230     4.8028     4.9448    -0.0006    98.1202 1.0000e-12  -73.89978 -113.17414  39.691357      85.33 2.5610e+02    798.214      19158  1029.5313  1029.5289     4.6547     0.0696     0.1276    34.3452    34.3422    8.05641         32 0.0000e+00
    412.000    407.336    -0.0360  28.702530    -0.0333  28.702545     4.8006     4.9473     0.0028    98.1398 1.0000e-12  -73.89978 -113.17414  39.691373      84.08 2.6048e+02    799.584      19191  1029.5376  1029.5350     4.6556     0.0687     0.1272    34.3479    34.3449    8.05439         34 0.0000e+00
    413.000    408.323    -0.0336  28.705492    -0.0313  28.705298     4.8007     4.9467     0.0009    98.1139 1.0000e-12  -73.89978 -113.17414  39.691389      82.59 2.5728e+02    801.018      19225  1029.5427  1029.5403     4.6544     0.0695     0.1290    34.3485    34.3457    8.05385         33 0.0000e+00
    414.000    409.310    -0.0325  28.707144    -0.0306  28.706568     4.8034     4.9444    -0.0117    98.1314 1.0000e-12  -73.89978 -113.17414  39.691404      82.02 2.5815e+02    802.320      19257  1029.5477  1029.5453     4.6552     0.0686     0.1304    34.3488    34.3460    8.05359         30 0.0000e+00
    415.000    410.299    -0.0310  28.709395    -0.0289  28.708778     4.8002     4.9420    -0.0099    98.0869 1.0000e-12  -73.89978 -113.17414  39.691418      81.04 2.5984e+02    803.556      19286  1029.5530  1029.5502     4.6531     0.0686     0.1334    34.3496    34.3464    8.05325         30 0.0000e+00
