ocean_section_plots/required_files/ctd/dnbp2202_ctd055.cnv
* Sea-Bird SBE 9 Data File:
* FileName = D:\Data\raw\NBP2202_CTD055.hex
* Software Version Seasave V 7.26.7.121
* Temperature SN = 1649
* Conductivity SN = 2513
* Number of Bytes Per Scan = 40
* Number of Voltage Words = 5
* Number of Scans Averaged by the Deck Unit = 1
* NMEA Latitude = 74 13.98 S
* NMEA Longitude = 112 24.77 W
* NMEA UTC (Time) = Jan 24 2022  13:35:25
* NMEA baud rate = 9600
** Ship: RVIB N.B. Palmer
** Cruise: NBP2202 Thwaites
** Station: Section Dotson C
** Operator: B Bjork
# nquan = 25
# nvalues = 1009                        
# units = specified
# name 0 = prDM: Pressure, Digiquartz [db]
# name 1 = depSM: Depth [salt water, m]
# name 2 = t090C: Temperature [ITS-90, deg C]
# name 3 = c0mS/cm: Conductivity [mS/cm]
# name 4 = t190C: Temperature, 2 [ITS-90, deg C]
# name 5 = c1mS/cm: Conductivity, 2 [mS/cm]
# name 6 = sbeox0ML/L: Oxygen, SBE 43 [ml/l]
# name 7 = sbeox1ML/L: Oxygen, SBE 43, 2 [ml/l]
# name 8 = flECO-AFL: Fluorescence, WET Labs ECO-AFL/FL [mg/m^3]
# name 9 = CStarTr0: Beam Transmission, WET Labs C-Star [%]
# name 10 = par: PAR/Irradiance, Biospherical/Licor
# name 11 = latitude: Latitude [deg]
# name 12 = longitude: Longitude [deg]
# name 13 = timeJ: Julian Days
# name 14 = altM: Altimeter [m]
# name 15 = spar: SPAR, Biospherical/Licor
# name 16 = timeS: Time, Elapsed [seconds]
# name 17 = scan: Scan Count
# name 18 = density00: Density [density, kg/m^3]
# name 19 = density11: Density, 2 [density, kg/m^3]
# name 20 = sal00: Salinity, Practical [PSU]
# name 21 = sal11: Salinity, Practical, 2 [PSU]
# name 22 = oxsolML/L: Oxygen Saturation, Garcia & Gordon [ml/l]
# name 23 = nbin: number of scans per bin
# name 24 = flag: flag
# span 0 =      2.000,   1010.000       
# span 1 =      1.979,    997.114       
# span 2 =    -1.5347,     0.4999       
# span 3 =  27.089966,  29.574781       
# span 4 =    -1.5359,     0.5020       
# span 5 =  27.089594,  29.574536       
# span 6 =     4.5944,     8.6862       
# span 7 =     4.7899,     9.0377       
# span 8 =    -0.0158,    27.4647       
# span 9 =    68.6283,    97.0495       
# span 10 = -6.377e-06, 4.9381e+02      
# span 11 =  -74.23314,  -74.23312      
# span 12 = -112.41294, -112.41290      
# span 13 =  24.568451,  24.583627      
# span 14 =       4.95,      99.99      
# span 15 = 5.9762e+02, 1.1390e+03      
# span 16 =    189.166,   1500.326      
# span 17 =       4541,      36009      
# span 18 =  1027.1722,  1032.4620      
# span 19 =  1027.1758,  1032.4599      
# span 20 =    33.7767,    34.5489      
# span 21 =    33.7808,    34.5463      
# span 22 =    7.93183,    8.40200      
# span 23 =         20,         48      
# span 24 = 0.0000e+00, 0.0000e+00      
# interval = decibars: 1                
# start_time = Jan 24 2022 13:35:25 [NMEA time, header]
# bad_flag = -9.990e-29
*END*
[from data line 232]
    234.000    231.446    -1.5096  27.137833    -1.5105  27.137245     6.3502     6.6715     0.1396    96.6392 1.0000e-12  -74.23314 -112.41292  24.572156      94.87 6.0898e+02    509.249      12223  1028.4891  1028.4892    34.0061    34.0062    8.39544         29 0.0000e+00
    235.000    232.435    -1.5108  27.137548    -1.5115  27.137078     6.3463     6.6677     0.1763    96.7217 1.0000e-12  -74.23314 -112.41292  24.572169      99.59 6.0941e+02    510.444      12252  1028.4943  1028.4944    34.0065    34.0066    8.39569         29 0.0000e+00
    236.000    233.423    -1.5112  27.138045    -1.5119  27.137526     6.3470     6.6660     0.1804    96.7170 1.0000e-12  -74.23314 -112.41292  24.572183      99.66 6.0977e+02    511.648      12281  1028.4996  1028.4996    34.0070    34.0070    8.39575         30 0.0000e+00
    237.000    234.411    -1.5069  27.143247    -1.5073  27.142814     6.3441     6.6585     0.1261    96.6999 1.0000e-12  -74.23314 -112.41292  24.572199      99.65 6.0996e+02    512.959      12312  1028.5053  1028.5052    34.0086    34.0084    8.39467         32 0.0000e+00
    238.000    235.402    -1.5044  27.146437    -1.5048  27.145971     6.3432     6.6640     0.1226    96.7027 1.0000e-12  -74.23314 -112.41292  24.572214      99.65 6.0996e+02    514.325      12345  1028.5108  1028.5107    34.0095    34.0093    8.39406         33 0.0000e+00
    239.000    236.389    -1.5039  27.147447    -1.5047  27.146904     6.3452     6.6685     0.1282    96.6637 1.0000e-12  -74.23314 -112.41292  24.572230      99.65 6.0996e+02    515.708      12378  1028.5158  1028.5159    34.0098    34.0099    8.39394         33 0.0000e+00
    240.000    237.377    -1.5054  27.147286    -1.5059  27.146829     6.3443     6.6672     0.1984    96.6658 1.0000e-12  -74.23314 -112.41292  24.572246      99.65 6.1140e+02    517.089      12411  1028.5214  1028.5213    34.0106    34.0105    8.39423         32 0.0000e+00
    241.000    238.366    -1.5053  27.148701    -1.5056  27.148285     6.3381     6.6593     0.1207    96.6807 1.0000e-12  -74.23314 -112.41292  24.572262      99.65 6.1172e+02    518.482      12445  1028.5272  1028.5270    34.0118    34.0116    8.39413         33 0.0000e+00
    242.000    239.354    -1.5021  27.152896    -1.5025  27.152388     6.3368     6.6633     0.1055    96.6715 1.0000e-12  -74.23314 -112.41292  24.572279      99.66 6.1172e+02    519.876      12478  1028.5330  1028.5329    34.0133    34.0131    8.39331         33 0.0000e+00
    243.000    240.343    -1.4999  27.155841    -1.5003  27.155439     6.3392     6.6552     0.1172    96.6304 1.0000e-12  -74.23314 -112.41292  24.572294      99.63 6.1172e+02    521.241      12511  1028.5385  1028.5383    34.0143    34.0141    8.39276         33 0.0000e+00
    244.000    241.331    -1.4984  27.157966    -1.4989  27.157461     6.3323     6.6580     0.1151    96.7826 1.0000e-12  -74.23314 -112.41292  24.572310      97.88 6.1225e+02    522.614      12544  1028.5437  1028.5436    34.0148    34.0147    8.39238         33 0.0000e+00
    245.000    242.320    -1.4975  27.159513    -1.4979  27.159015     6.3336     6.6596     0.0617    96.7905 1.0000e-12  -74.23314 -112.41292  24.572327      99.64 6.1353e+02    524.014      12577  1028.5488  1028.5487    34.0153    34.0151    8.39215         34 0.0000e+00
    246.000    243.308    -1.4960  27.161442    -1.4963  27.160962     6.3301     6.6489     0.0788    96.7088 1.0000e-12  -74.23314 -112.41292  24.572343      99.64 6.1376e+02    525.391      12610  1028.5539  1028.5537    34.0157    34.0154    8.39180         32 0.0000e+00
    247.000    244.298    -1.4960  27.162075    -1.4962  27.161606     6.3368     6.6437     0.0733    96.7366 1.0000e-12  -74.23314 -112.41292  24.572358      99.65 6.1431e+02    526.767      12643  1028.5589  1028.5586    34.0159    34.0155    8.39177         34 0.0000e+00
    248.000    245.285    -1.4952  27.163213    -1.4956  27.162742     6.3348     6.6498     0.1072    96.7739 1.0000e-12  -74.23314 -112.41292  24.572375      99.66 6.1526e+02    528.165      12677  1028.5637  1028.5636    34.0160    34.0158    8.39160         31 0.0000e+00
    249.000    246.275    -1.4958  27.163198    -1.4964  27.162658     6.3294     6.6519     0.0964    96.8068 1.0000e-12  -74.23314 -112.41292  24.572390      99.66 6.1536e+02    529.527      12710  1028.5685  1028.5686    34.0160    34.0159    8.39173         32 0.0000e+00
    250.000    247.262    -1.4959  27.163761    -1.4964  27.163250     6.3310     6.6542     0.0901    96.0769 1.0000e-12  -74.23314 -112.41292  24.572406      99.65 6.1571e+02    530.842      12741  1028.5736  1028.5735    34.0163    34.0161    8.39174         31 0.0000e+00
    251.000    248.249    -1.4955  27.164987    -1.4959  27.164525     6.3350     6.6526     0.1108    96.7920 1.0000e-12  -74.23314 -112.41292  24.572419      99.66 6.1673e+02    532.015      12769  1028.5789  1028.5788    34.0169    34.0167    8.39161         26 0.0000e+00
    252.000    249.239    -1.4950  27.165936    -1.4953  27.165496     6.3300     6.6421     0.1098    96.7298 1.0000e-12  -74.23314 -112.41292  24.572432      88.13 6.1700e+02    533.099      12795  1028.5837  1028.5836    34.0170    34.0168    8.39148         27 0.0000e+00
    253.000    250.229    -1.4937  27.168092    -1.4937  27.167799     6.3290     6.6412     0.0724    96.8039 1.0000e-12  -74.23314 -112.41292  24.572445      84.66 6.1701e+02    534.219      12822  1028.5891  1028.5888    34.0178    34.0175    8.39114         26 0.0000e+00
    254.000    251.217    -1.4911  27.171304    -1.4913  27.170699     6.3210     6.6439     0.0828    96.7871 1.0000e-12  -74.23314 -112.41292  24.572458      97.89 6.1727e+02    535.347      12849  1028.5945  1028.5940    34.0187    34.0181    8.39050         27 0.0000e+00
    255.000    252.205    -1.4908  27.171844    -1.4912  27.171413     6.3086     6.6326     0.0605    96.8027 1.0000e-12  -74.23314 -112.41292  24.572471      99.67 6.1753e+02    536.465      12876  1028.5991  1028.5990    34.0185    34.0183    8.39045         27 0.0000e+00
    256.000    253.192    -1.4869  27.176307    -1.4869  27.175923     6.2905     6.6130     0.0705    96.8409 1.0000e-12  -74.23314 -112.41292  24.572484      99.66 6.1878e+02    537.588      12903  1028.6045  1028.6041    34.0195    34.0190    8.38950         27 0.0000e+00
    257.000    254.182    -1.4759  27.186966    -1.4761  27.186421     6.2807     6.6062     0.0737    96.8512 1.0000e-12  -74.23314 -112.41292  24.572497      99.65 6.1896e+02    538.705      12930  1028.6099  1028.6096    34.0212    34.0207    8.38694         27 0.0000e+00
    258.000    255.169    -1.4701  27.192941    -1.4706  27.192406     6.2824     6.6076     0.0691    96.8209 1.0000e-12  -74.23314 -112.41292  24.572510      99.65 6.1955e+02    539.827      12957  1028.6153  1028.6152    34.0222    34.0220    8.38558         27 0.0000e+00
    259.000    256.158    -1.4715  27.192574    -1.4720  27.192071     6.2827     6.6121     0.0595    96.8408 1.0000e-12  -74.23314 -112.41292  24.572523      99.66 6.2119e+02    540.962      12984  1028.6206  1028.6205    34.0226    34.0225    8.38586         27 0.0000e+00
    260.000    257.148    -1.4721  27.192875    -1.4724  27.192320     6.2876     6.6130     0.0642    96.8054 1.0000e-12  -74.23314 -112.41292  24.572536      99.66 6.2135e+02    542.102      13011  1028.6258  1028.6255    34.0231    34.0226    8.38596         28 0.0000e+00
    261.000    258.135    -1.4730  27.192824    -1.4730  27.192324     6.2898     6.6106     0.0726    96.8420 1.0000e-12  -74.23314 -112.41292  24.572549      99.66 6.2229e+02    543.223      13038  1028.6310  1028.6305    34.0234    34.0228    8.38614         26 0.0000e+00
    262.000    259.123    -1.4745  27.191893    -1.4749  27.191502     6.2952     6.6203     0.0650    96.7779 1.0000e-12  -74.23314 -112.41292  24.572562      99.65 6.2328e+02    544.333      13065  1028.6358  1028.6358    34.0233    34.0232    8.38650         27 0.0000e+00
    263.000    260.113    -1.4761  27.191420    -1.4763  27.190987     6.3050     6.6217     0.0888    96.8282 1.0000e-12  -74.23314 -112.41292  24.572575      99.66 6.2399e+02    545.455      13092  1028.6412  1028.6409    34.0238    34.0234    8.38683         27 0.0000e+00
    264.000    261.099    -1.4774  27.191044    -1.4773  27.190596     6.3087     6.6219     0.1051    96.8168 1.0000e-12  -74.23314 -112.41292  24.572588      99.66 6.2439e+02    546.594      13119  1028.6463  1028.6458    34.0241    34.0234    8.38709         27 0.0000e+00
    265.000    262.089    -1.4770  27.191723    -1.4771  27.191240     6.3099     6.6245     0.0737    96.7637 1.0000e-12  -74.23314 -112.41292  24.572601      99.12 6.2551e+02    547.735      13147  1028.6510  1028.6506    34.0240    34.0235    8.38702         28 0.0000e+00
    266.000    263.077    -1.4776  27.191923    -1.4779  27.191402     6.3094     6.6317     0.0693    96.6843 1.0000e-12  -74.23314 -112.41292  24.572614      99.51 6.2595e+02    548.876      13174  1028.6561  1028.6558    34.0243    34.0239    8.38713         27 0.0000e+00
    267.000    264.065    -1.4785  27.191882    -1.4788  27.191360     6.3124     6.6295     0.0702    96.6131 1.0000e-12  -74.23314 -112.41292  24.572627      99.67 6.2648e+02    550.011      13201  1028.6613  1028.6609    34.0247    34.0242    8.38732         27 0.0000e+00
    268.000    265.055    -1.4788  27.192267    -1.4789  27.191692     6.3086     6.6235     0.0766    96.7642 1.0000e-12  -74.23314 -112.41292  24.572641      99.66 6.2759e+02    551.147      13229  1028.6663  1028.6657    34.0249    34.0243    8.38737         28 0.0000e+00
    269.000    266.040    -1.4787  27.192730    -1.4789  27.192251     6.3166     6.6222     0.0720    96.7618 1.0000e-12  -74.23314 -112.41292  24.572654      99.65 6.2878e+02    552.312      13256  1028.6710  1028.6706    34.0248    34.0244    8.38735         29 0.0000e+00
    270.000    267.031    -1.4786  27.193226    -1.4789  27.192646     6.3125     6.6238     0.0609    96.8512 1.0000e-12  -74.23314 -112.41292  24.572669      99.66 6.3016e+02    553.600      13287  1028.6757  1028.6754    34.0248    34.0243    8.38733         31 0.0000e+00
    271.000    268.019    -1.4782  27.193863    -1.4782  27.193401     6.3115     6.6240     0.0683    96.8630 1.0000e-12  -74.23314 -112.41292  24.572684      99.66 6.3111e+02    554.901      13319  1028.6803  1028.6798    34.0246    34.0239    8.38725         32 0.0000e+00
    272.000    269.007    -1.4781  27.194408    -1.4782  27.193934     6.3083     6.6250     0.0596    96.8622 1.0000e-12  -74.23314 -112.41290  24.572699      99.66 6.3166e+02    556.226      13350  1028.6851  1028.6847    34.0246    34.0241    8.38723         32 0.0000e+00
    273.000    269.996    -1.4772  27.195296    -1.4771  27.194938     6.3035     6.6291     0.0522    96.8298 1.0000e-12  -74.23314 -112.41290  24.572715      99.66 6.3304e+02    557.590      13383  1028.6895  1028.6890    34.0242    34.0235    8.38705         33 0.0000e+00
    274.000    270.985    -1.4778  27.196134    -1.4781  27.195709     6.3001     6.6302     0.0543    96.6588 1.0000e-12  -74.23314 -112.41290  24.572731      92.13 6.3414e+02    558.930      13415  1028.6953  1028.6951    34.0254    34.0251    8.38711         32 0.0000e+00
    275.000    271.971    -1.4754  27.199369    -1.4754  27.198782     6.2888     6.6121     0.0469    96.8714 1.0000e-12  -74.23314 -112.41290  24.572746      82.58 6.3567e+02    560.258      13447  1028.7008  1028.7001    34.0265    34.0256    8.38651         32 0.0000e+00
    276.000    272.961    -1.4671  27.207322    -1.4683  27.205557     6.2561     6.5744     0.0763    96.9032 1.0000e-12  -74.23314 -112.41290  24.572761      99.72 6.3760e+02    561.588      13479  1028.7058  1028.7050    34.0273    34.0263    8.38458         31 0.0000e+00
    277.000    273.949    -1.4519  27.221220    -1.4483  27.223329     6.2248     6.5444     0.0528    96.7224 1.0000e-12  -74.23314 -112.41290  24.572777      99.66 6.3865e+02    562.921      13511  1028.7106  1028.7095    34.0286    34.0274    8.38108         33 0.0000e+00
    278.000    274.937    -1.4348  27.236902    -1.4325  27.238383     6.2177     6.5391     0.0530    96.8567 1.0000e-12  -74.23314 -112.41290  24.572792      99.66 6.3959e+02    564.259      13543  1028.7157  1028.7150    34.0301    34.0295    8.37715         31 0.0000e+00
    279.000    275.926    -1.4345  27.237471    -1.4346  27.236966     6.2128     6.5275     0.0480    96.4484 1.0000e-12  -74.23314 -112.41290  24.572808      99.67 6.4025e+02    565.591      13575  1028.7204  1028.7200    34.0299    34.0293    8.37709         33 0.0000e+00
    280.000    276.914    -1.4340  27.238848    -1.4311  27.240484     6.1988     6.5156     0.0513    96.8591 1.0000e-12  -74.23314 -112.41290  24.572823      99.67 6.4162e+02    566.901      13607  1028.7259  1028.7249    34.0307    34.0296    8.37695         31 0.0000e+00
    281.000    277.902    -1.4226  27.249504    -1.4230  27.248539     6.1980     6.5079     0.0597    96.8598 1.0000e-12  -74.23314 -112.41290  24.572838      99.66 6.4439e+02    568.207      13638  1028.7309  1028.7303    34.0317    34.0309    8.37431         32 0.0000e+00
    282.000    278.891    -1.4218  27.250891    -1.4220  27.250238     6.2029     6.5164     0.0564    96.8281 1.0000e-12  -74.23314 -112.41290  24.572853      99.66 6.4547e+02    569.539      13670  1028.7361  1028.7356    34.0321    34.0314    8.37411         32 0.0000e+00
    283.000    279.878    -1.4230  27.250624    -1.4230  27.250057     6.2230     6.5253     0.0521    96.8085 1.0000e-12  -74.23314 -112.41290  24.572869      99.66 6.4658e+02    570.873      13702  1028.7414  1028.7408    34.0324    34.0317    8.37435         31 0.0000e+00
    284.000    280.867    -1.4283  27.247605    -1.4281  27.247232     6.2332     6.5472     0.0520    96.7600 1.0000e-12  -74.23314 -112.41290  24.572884      99.67 6.4802e+02    572.186      13733  1028.7477  1028.7471    34.0337    34.0330    8.37547         32 0.0000e+00
    285.000    281.855    -1.4339  27.244433    -1.4343  27.243726     6.2541     6.5575     0.0526    96.8007 1.0000e-12  -74.23314 -112.41290  24.572899      96.00 6.4929e+02    573.503      13765  1028.7540  1028.7537    34.0351    34.0346    8.37665         30 0.0000e+00
    286.000    282.844    -1.4396  27.240941    -1.4404  27.240004     6.2652     6.5690     0.0929    96.7785 1.0000e-12  -74.23314 -112.41290  24.572915      96.11 6.5181e+02    574.833      13797  1028.7601  1028.7597    34.0362    34.0357    8.37787         31 0.0000e+00
    287.000    283.831    -1.4446  27.237885    -1.4449  27.237441     6.2768     6.5871     0.1196    96.7817 1.0000e-12  -74.23314 -112.41290  24.572930      99.67 6.5354e+02    576.146      13829  1028.7658  1028.7656    34.0370    34.0367    8.37894         32 0.0000e+00
    288.000    284.821    -1.4485  27.235954    -1.4486  27.235441     6.2867     6.5973     0.0501    96.7873 1.0000e-12  -74.23314 -112.41290  24.572945      99.67 6.5478e+02    577.459      13860  1028.7718  1028.7714    34.0382    34.0376    8.37975         32 0.0000e+00
    289.000    285.809    -1.4511  27.234733    -1.4512  27.234322     6.2830     6.5996     0.0516    96.7738 1.0000e-12  -74.23314 -112.41290  24.572961      99.66 6.5747e+02    578.801      13892  1028.7773  1028.7768    34.0388    34.0384    8.38029         32 0.0000e+00
    290.000    286.796    -1.4502  27.237550    -1.4501  27.237275     6.2856     6.5985     0.0504    96.7753 1.0000e-12  -74.23314 -112.41290  24.572976      99.67 6.5899e+02    580.150      13925  1028.7837  1028.7833    34.0411    34.0406    8.37996         32 0.0000e+00
