ocean_section_plots/required_files/ctd/dnbp2202_ctd095.cnv
* Sea-Bird SBE 9 Data File:
* FileName = D:\Data\raw\NBP2202_CTD095.hex
* Software Version Seasave V 7.26.7.121
* Temperature SN = 1649
* Conductivity SN = 2513
* Number of Bytes Per Scan = 40
* Number of Voltage Words = 5
* Number of Scans Averaged by the Deck Unit = 1
* NMEA Latitude = 74 10.51 S
* NMEA Longitude = 113 20.67 W
* NMEA UTC (Time) = Jan 27 2022  00:02:46
* NMEA baud rate = 9600
** Ship: RVIB N.B. Palmer
** Cruise: NBP2202 Thwaites
** Station: YoYo001
** Operator: A. Robinson
# nquan = 25
# nvalues = 608                         
# units = specified
# name 0 = prDM: Pressure, Digiquartz [db]
# name 1 = depSM: Depth [salt water, m]
# name 2 = t090C: Temperature [ITS-90, deg C]
# name 3 = c0mS/cm: Conductivity [mS/cm]
# name 4 = t190C: Temperature, 2 [ITS-90, deg C]
# name 5 = c1mS/cm: Conductivity, 2 [mS/cm]
# name 6 = sbeox0ML/L: Oxygen, SBE 43 [ml/l]
# name 7 = sbeox1ML/L: Oxygen, SBE 43, 2 [ml/l]
# name 8 = flECO-AFL: Fluorescence, WET Labs ECO-AFL/FL [mg/m^3]
# name 9 = CStarTr0: Beam Transmission, WET Labs C-Star [%]
# name 10 = par: PAR/Irradiance, Biospherical/Licor
# name 11 = latitude: Latitude [deg]
# name 12 = longitude: Longitude [deg]
# name 13 = timeJ: Julian Days
# name 14 = altM: Altimeter [m]
# name 15 = spar: SPAR, Biospherical/Licor
# name 16 = timeS: Time, Elapsed [seconds]
# name 17 = scan: Scan Count
# name 18 = density00: Density [density, kg/m^3]
# name 19 = density11: Density, 2 [density, kg/m^3]
# name 20 = sal00: Salinity, Practical [PSU]
# name 21 = sal11: Salinity, Practical, 2 [PSU]
# name 22 = oxsolML/L: Oxygen Saturation, Garcia & Gordon [ml/l]
# name 23 = nbin: number of scans per bin
# name 24 = flag: flag
# span 0 =     10.000,    617.000       
# span 1 =      9.895,    609.712       
# span 2 =    -1.5277,     0.0798       
# span 3 =  26.907311,  28.914872       
# span 4 =    -1.5266,     0.0818       
# span 5 =  26.906909,  28.914438       
# span 6 =     4.6851,     8.6260       
# span 7 =     4.7537,     8.4832       
# span 8 =    -0.0213,    23.3461       
# span 9 =    69.4860,    95.4226       
# span 10 = -1.110e-06, 4.8497e+01      
# span 11 =  -74.17530,  -74.17528      
# span 12 = -113.34460, -113.34454      
# span 13 =  27.002492,  27.011940      
# span 14 =       4.76,     100.56      
# span 15 = 1.7349e+03, 1.7590e+03      
# span 16 =     49.328,    865.613      
# span 17 =       1185,      20776      
# span 18 =  1027.2137,  1030.5217      
# span 19 =  1027.2072,  1030.5188      
# span 20 =    33.7869,    34.3787      
# span 21 =    33.7858,    34.3759      
# span 22 =    8.02835,    8.41071      
# span 23 =          4,         44      
# span 24 = 0.0000e+00, 0.0000e+00      
# interval = decibars: 1                
# start_time = Jan 27 2022 00:02:46 [NMEA time, header]
# bad_flag = -9.990e-29
*END*
[from data line 580]
    590.000    583.064     0.0555  28.879374     0.0578  28.879380     4.7034     4.7665    -0.0141    94.9596 1.0000e-12  -74.17530 -113.34455  27.010737      32.93 1.7385e+03    761.701      18282  1030.3927  1030.3905    34.3742    34.3717    8.03369         38 0.0000e+00
    591.000    584.050     0.0568  28.881318     0.0590  28.881112     4.7079     4.7673    -0.0106    94.9608 1.0000e-12  -74.17530 -113.34455  27.010755      31.88 1.7382e+03    763.268      18319  1030.3978  1030.3954    34.3747    34.3720    8.03338         38 0.0000e+00
    592.000    585.037     0.0570  28.881970     0.0592  28.881703     4.7028     4.7689    -0.0109    94.9612 1.0000e-12  -74.17530 -113.34456  27.010775      30.79 1.7382e+03    764.944      18360  1030.4025  1030.4002    34.3748    34.3720    8.03334         43 0.0000e+00
    593.000    586.024     0.0572  28.882635     0.0594  28.882467     4.7048     4.7696    -0.0002    94.9855 1.0000e-12  -74.17530 -113.34456  27.010797      29.69 1.7382e+03    766.835      18405  1030.4073  1030.4050    34.3749    34.3722    8.03330         39 0.0000e+00
    594.000    587.011     0.0579  28.883743     0.0598  28.883270     4.7023     4.7697    -0.0052    94.9845 1.0000e-12  -74.17530 -113.34456  27.010819      28.69 1.7382e+03    768.777      18452  1030.4121  1030.4097    34.3750    34.3723    8.03315         43 0.0000e+00
    595.000    587.997     0.0588  28.885187     0.0608  28.884840     4.7047     4.7708    -0.0107    95.0013 1.0000e-12  -74.17530 -113.34456  27.010840      27.60 1.7382e+03    770.604      18496  1030.4169  1030.4146    34.3753    34.3726    8.03294         44 0.0000e+00
    596.000    588.984     0.0598  28.886615     0.0621  28.886558     4.7035     4.7696    -0.0082    95.0007 1.0000e-12  -74.17530 -113.34456  27.010861      26.65 1.7382e+03    772.429      18539  1030.4217  1030.4194    34.3755    34.3729    8.03272         43 0.0000e+00
    597.000    589.970     0.0620  28.889292     0.0636  28.888603     4.7039     4.7722    -0.0084    95.0283 1.0000e-12  -74.17530 -113.34456  27.010884      25.56 1.7382e+03    774.338      18585  1030.4266  1030.4243    34.3759    34.3732    8.03223         40 0.0000e+00
    598.000    590.958     0.0617  28.889346     0.0641  28.889460     4.7040     4.7722    -0.0077    94.9905 1.0000e-12  -74.17530 -113.34456  27.010906      24.54 1.7382e+03    776.270      18631  1030.4312  1030.4290    34.3758    34.3733    8.03230         41 0.0000e+00
    599.000    591.947     0.0616  28.889808     0.0635  28.889348     4.7063     4.7710    -0.0082    95.0403 1.0000e-12  -74.17530 -113.34456  27.010929      23.53 1.7382e+03    778.265      18679  1030.4360  1030.4337    34.3759    34.3732    8.03231         31 0.0000e+00
    600.000    592.931     0.0621  28.890811     0.0645  28.890748     4.7051     4.7681    -0.0033    95.0290 1.0000e-12  -74.17530 -113.34456  27.010956      22.39 1.7371e+03    780.613      18736  1030.4409  1030.4385    34.3761    34.3734    8.03220         38 0.0000e+00
    601.000    593.920     0.0630  28.892119     0.0650  28.891748     4.7027     4.7644    -0.0099    95.0356 1.0000e-12  -74.17530 -113.34456  27.010985      21.43 1.7368e+03    783.104      18795  1030.4456  1030.4433    34.3762    34.3735    8.03200         38 0.0000e+00
    602.000    594.907     0.0639  28.893336     0.0663  28.893448     4.7017     4.7652    -0.0084    95.0280 1.0000e-12  -74.17530 -113.34456  27.011015      20.29 1.7369e+03    785.701      18858  1030.4503  1030.4481    34.3762    34.3738    8.03182         31 0.0000e+00
    603.000    595.889     0.0674  28.897115     0.0698  28.897084     4.6990     4.7634    -0.0080    95.0402 1.0000e-12  -74.17530 -113.34456  27.011046      19.37 1.7381e+03    788.371      18922  1030.4550  1030.4527    34.3767    34.3741    8.03105         31 0.0000e+00
    604.000    596.883     0.0679  28.897984     0.0693  28.897062     4.6963     4.7657    -0.0109    95.0481 1.0000e-12  -74.17530 -113.34456  27.011076      18.19 1.7374e+03    791.000      18985  1030.4598  1030.4575    34.3767    34.3740    8.03095         24 0.0000e+00
    605.000    597.866     0.0679  28.898328     0.0710  28.899150     4.7010     4.7632    -0.0097    95.0593 1.0000e-12  -74.17530 -113.34456  27.011109      17.16 1.7379e+03    793.806      19052  1030.4644  1030.4623    34.3766    34.3743    8.03096         32 0.0000e+00
    606.000    598.855     0.0687  28.899763     0.0712  28.899943     4.6934     4.7637    -0.0077    95.0540 1.0000e-12  -74.17530 -113.34457  27.011142      16.09 1.7382e+03    796.701      19122  1030.4693  1030.4671    34.3770    34.3744    8.03077         33 0.0000e+00
    607.000    599.838     0.0717  28.903269     0.0743  28.903481     4.6932     4.7596    -0.0018    95.0820 1.0000e-12  -74.17530 -113.34457  27.011177      15.10 1.7382e+03    799.712      19194  1030.4743  1030.4721    34.3777    34.3751    8.03010         40 0.0000e+00
    608.000    600.821     0.0736  28.905464     0.0758  28.905345     4.6967     4.7558    -0.0021    95.0631 1.0000e-12  -74.17530 -113.34457  27.011211      14.08 1.7382e+03    802.657      19265  1030.4791  1030.4769    34.3779    34.3753    8.02969         38 0.0000e+00
    609.000    601.812     0.0747  28.906935     0.0764  28.906316     4.6929     4.7593    -0.0078    95.0454 1.0000e-12  -74.17530 -113.34457  27.011246      13.05 1.7382e+03    805.679      19337  1030.4839  1030.4816    34.3780    34.3753    8.02946         39 0.0000e+00
    610.000    602.799     0.0738  28.906356     0.0759  28.906181     4.6924     4.7569    -0.0108    95.0091 1.0000e-12  -74.17530 -113.34457  27.011281      12.04 1.7382e+03    808.645      19408  1030.4884  1030.4862    34.3777    34.3751    8.02967         42 0.0000e+00
    611.000    603.789     0.0725  28.905617     0.0755  28.906331     4.6916     4.7537    -0.0082    95.0048 1.0000e-12  -74.17530 -113.34456  27.011314      11.07 1.7381e+03    811.557      19478  1030.4931  1030.4909    34.3775    34.3751    8.02993         33 0.0000e+00
    612.000    604.774     0.0763  28.909713     0.0782  28.909233     4.6950     4.7551    -0.0099    95.0261 1.0000e-12  -74.17530 -113.34456  27.011349      10.00 1.7367e+03    814.582      19551  1030.4979  1030.4956    34.3781    34.3754    8.02911         33 0.0000e+00
    613.000    605.760     0.0747  28.908471     0.0766  28.908298     4.6898     4.7569    -0.0041    95.0298 1.0000e-12  -74.17530 -113.34456  27.011383       9.02 1.7365e+03    817.514      19621  1030.5025  1030.5004    34.3777    34.3753    8.02948         27 0.0000e+00
    614.000    606.747     0.0789  28.913102     0.0807  28.912499     4.6851     4.7544    -0.0089    95.0683 1.0000e-12  -74.17530 -113.34456  27.011418       8.04 1.7364e+03    820.543      19694  1030.5074  1030.5051    34.3785    34.3758    8.02854         36 0.0000e+00
    615.000    607.730     0.0789  28.913602     0.0815  28.913607     4.6909     4.7544    -0.0077    95.0489 1.0000e-12  -74.17530 -113.34456  27.011453       7.04 1.7364e+03    823.509      19765  1030.5123  1030.5097    34.3786    34.3757    8.02854         33 0.0000e+00
    616.000    608.719     0.0798  28.914872     0.0818  28.914438     4.6910     4.7567    -0.0077    95.0167 1.0000e-12  -74.17530 -113.34456  27.011487       5.99 1.7364e+03    826.445      19836  1030.5170  1030.5146    34.3787    34.3759    8.02835         34 0.0000e+00
    617.000    609.712     0.0776  28.913306     0.0800  28.912593     4.7002     4.7578    -0.0077    95.0781 1.0000e-12  -74.17530 -113.34456  27.011940       4.76 1.7349e+03    865.613      20776  1030.5217  1030.5188    34.3785    34.3748    8.02882          4 0.0000e+00
