ocean_section_plots/required_files/ctd/dnbp2202_ctd134.cnv
* Sea-Bird SBE 9 Data File:
* FileName = D:\Data\raw\NBP2202_CTD134.hex
* Software Version Seasave V 7.26.7.121
* Temperature SN = 1649
* Conductivity SN = 2513
* Number of Bytes Per Scan = 40
* Number of Voltage Words = 5
* Number of Scans Averaged by the Deck Unit = 1
* NMEA Latitude = 74 00.16 S
* NMEA Longitude = 112 31.41 W
* NMEA UTC (Time) = Jan 28 2022  06:35:26
* NMEA baud rate = 9600
** Ship: RVIB N.B. Palmer
** Cruise: NBP2202 Thwaites
** Station: 63
** Operator: B. Bjork
# nquan = 25
# nvalues = 781                         
# units = specified
# name 0 = prDM: Pressure, Digiquartz [db]
# name 1 = depSM: Depth [salt water, m]
# name 2 = t090C: Temperature [ITS-90, deg C]
# name 3 = c0mS/cm: Conductivity [mS/cm]
# name 4 = t190C: Temperature, 2 [ITS-90, deg C]
# name 5 = c1mS/cm: Conductivity, 2 [mS/cm]
# name 6 = sbeox0ML/L: Oxygen, SBE 43 [ml/l]
# name 7 = sbeox1ML/L: Oxygen, SBE 43, 2 [ml/l]
# name 8 = flECO-AFL: Fluorescence, WET Labs ECO-AFL/FL [mg/m^3]
# name 9 = CStarTr0: Beam Transmission, WET Labs C-Star [%]
# name 10 = par: PAR/Irradiance, Biospherical/Licor
# name 11 = latitude: Latitude [deg]
# name 12 = longitude: Longitude [deg]
# name 13 = timeJ: Julian Days
# name 14 = altM: Altimeter [m]
# name 15 = spar: SPAR, Biospherical/Licor
# name 16 = timeS: Time, Elapsed [seconds]
# name 17 = scan: Scan Count
# name 18 = density00: Density [density, kg/m^3]
# name 19 = density11: Density, 2 [density, kg/m^3]
# name 20 = sal00: Salinity, Practical [PSU]
# name 21 = sal11: Salinity, Practical, 2 [PSU]
# name 22 = oxsolML/L: Oxygen Saturation, Garcia & Gordon [ml/l]
# name 23 = nbin: number of scans per bin
# name 24 = flag: flag
# span 0 =      2.000,    782.000       
# span 1 =      1.997,    772.462       
# span 2 =    -1.4723,     0.4093       
# span 3 =  27.091396,  29.368555       
# span 4 =    -1.4732,     0.4114       
# span 5 =  27.091256,  29.368479       
# span 6 =     4.6397,     9.2362       
# span 7 =     4.7191,     9.4709       
# span 8 =    -0.0157,    29.4355       
# span 9 =    64.8143,    94.2635       
# span 10 = -7.814e-05, 8.9457e+00      
# span 11 =  -74.00282,  -74.00282      
# span 12 = -112.52360, -112.52356      
# span 13 =  28.275748,  28.286604      
# span 14 =       5.43,     104.11      
# span 15 = 3.1173e+01, 3.8854e+01      
# span 16 =     98.610,   1036.605      
# span 17 =       2368,      24880      
# span 18 =  1027.1903,  1031.3749      
# span 19 =  1027.1931,  1031.3726      
# span 20 =    33.8167,    34.5106      
# span 21 =    33.8200,    34.5080      
# span 22 =    7.95258,    8.38763      
# span 23 =          1,         47      
# span 24 = 0.0000e+00, 0.0000e+00      
# interval = decibars: 1                
# start_time = Jan 28 2022 06:35:26 [NMEA time, header]
# bad_flag = -9.990e-29
*END*
[from data line 464]
    466.000    460.662     0.0679  28.837280     0.0700  28.837186     4.7532     4.8485     0.0421    94.0371 1.0000e-12  -74.00282 -112.52358  28.282227      99.79 3.8453e+01    658.451      15804  1029.8098  1029.8077    34.3777    34.3751    8.03091         28 0.0000e+00
    467.000    461.651     0.0702  28.840274     0.0723  28.840037     4.7511     4.8447     0.0361    94.0725 1.0000e-12  -74.00282 -112.52358  28.282240      99.79 3.8102e+01    659.574      15831  1029.8150  1029.8127    34.3785    34.3758    8.03037         26 0.0000e+00
    468.000    462.637     0.0744  28.845076     0.0765  28.844817     4.7537     4.8429     0.0214    94.0825 1.0000e-12  -74.00282 -112.52358  28.282253      99.79 3.8790e+01    660.636      15856  1029.8203  1029.8180    34.3795    34.3768    8.02944         25 0.0000e+00
    469.000    463.624     0.0769  28.848167     0.0788  28.847733     4.7503     4.8465     0.0146    94.0743 1.0000e-12  -74.00282 -112.52358  28.282264      99.79 3.8707e+01    661.623      15880  1029.8253  1029.8231    34.3801    34.3775    8.02887         23 0.0000e+00
    470.000    464.612     0.0786  28.850304     0.0803  28.849640     4.7495     4.8419     0.0262    94.0848 1.0000e-12  -74.00282 -112.52358  28.282276      99.79 3.7514e+01    662.630      15904  1029.8303  1029.8280    34.3805    34.3777    8.02850         26 0.0000e+00
    471.000    465.600     0.0807  28.852980     0.0827  28.852590     4.7496     4.8417     0.0168    94.0609 1.0000e-12  -74.00282 -112.52358  28.282289      99.78 3.8643e+01    663.741      15931  1029.8354  1029.8331    34.3811    34.3784    8.02803         27 0.0000e+00
    472.000    466.586     0.0836  28.856667     0.0857  28.856318     4.7495     4.8378     0.0265    94.0703 1.0000e-12  -74.00282 -112.52358  28.282302      99.79 3.8510e+01    664.869      15958  1029.8407  1029.8383    34.3821    34.3793    8.02736         26 0.0000e+00
    473.000    467.574     0.0871  28.860854     0.0890  28.860271     4.7478     4.8423     0.0169    94.0553 1.0000e-12  -74.00282 -112.52358  28.282313      99.78 3.7790e+01    665.871      15982  1029.8460  1029.8435    34.3831    34.3803    8.02657         23 0.0000e+00
    474.000    468.562     0.0923  28.867005     0.0945  28.866587     4.7450     4.8401     0.0409    94.0563 1.0000e-12  -74.00282 -112.52358  28.282325      84.36 3.8366e+01    666.878      16006  1029.8517  1029.8491    34.3849    34.3818    8.02539         26 0.0000e+00
    475.000    469.549     0.0968  28.872147     0.0989  28.871800     4.7438     4.8330     0.0307    94.0376 1.0000e-12  -74.00282 -112.52358  28.282338      96.03 3.8578e+01    667.970      16032  1029.8570  1029.8546    34.3860    34.3832    8.02438         26 0.0000e+00
    476.000    470.536     0.0989  28.874839     0.1009  28.874467     4.7461     4.8342     0.0064    94.0871 1.0000e-12  -74.00282 -112.52358  28.282350      99.83 3.7934e+01    669.010      16057  1029.8621  1029.8598    34.3866    34.3839    8.02391         23 0.0000e+00
    477.000    471.523     0.1009  28.877425     0.1029  28.877095     4.7458     4.8390     0.0066    94.0945 1.0000e-12  -74.00282 -112.52358  28.282361      99.79 3.8555e+01    669.967      16080  1029.8672  1029.8649    34.3872    34.3845    8.02345         24 0.0000e+00
    478.000    472.511     0.1017  28.878752     0.1037  28.878418     4.7419     4.8382     0.0176    94.0932 1.0000e-12  -74.00282 -112.52358  28.282373      99.78 3.8653e+01    671.043      16106  1029.8721  1029.8698    34.3875    34.3847    8.02328         27 0.0000e+00
    479.000    473.499     0.1023  28.879781     0.1043  28.879530     4.7432     4.8331     0.0256    94.1054 1.0000e-12  -74.00282 -112.52358  28.282387      99.79 3.6948e+01    672.194      16134  1029.8769  1029.8748    34.3876    34.3850    8.02314         28 0.0000e+00
    480.000    474.485     0.1028  28.880815     0.1049  28.880669     4.7453     4.8386     0.0247    94.0930 1.0000e-12  -74.00282 -112.52358  28.282399      99.78 3.8507e+01    673.309      16160  1029.8818  1029.8797    34.3877    34.3852    8.02303         26 0.0000e+00
    481.000    475.473     0.1034  28.881984     0.1054  28.881538     4.7467     4.8366     0.0216    94.0844 1.0000e-12  -74.00282 -112.52358  28.282412      99.79 3.8786e+01    674.385      16186  1029.8867  1029.8844    34.3880    34.3853    8.02288         25 0.0000e+00
    482.000    476.460     0.1037  28.882663     0.1058  28.882540     4.7458     4.8294     0.0102    94.0941 1.0000e-12  -74.00282 -112.52358  28.282424      99.79 3.7273e+01    675.451      16212  1029.8915  1029.8893    34.3880    34.3855    8.02283         26 0.0000e+00
    483.000    477.449     0.1066  28.886542     0.1088  28.886274     4.7445     4.8367     0.0131    94.0979 1.0000e-12  -74.00282 -112.52358  28.282436      99.79 3.7561e+01    676.512      16237  1029.8970  1029.8946    34.3893    34.3865    8.02215         26 0.0000e+00
    484.000    478.435     0.1092  28.889685     0.1113  28.889384     4.7409     4.8368     0.0132    94.0925 1.0000e-12  -74.00282 -112.52358  28.282449      99.79 3.8519e+01    677.632      16264  1029.9021  1029.8997    34.3900    34.3872    8.02157         28 0.0000e+00
    485.000    479.423     0.1098  28.890679     0.1119  28.890504     4.7352     4.8287     0.0072    94.0600 1.0000e-12  -74.00282 -112.52358  28.282463      93.96 3.8404e+01    678.821      16293  1029.9068  1029.9046    34.3900    34.3875    8.02145         28 0.0000e+00
    486.000    480.410     0.1103  28.891681     0.1124  28.891557     4.7321     4.8270     0.0143    94.0878 1.0000e-12  -74.00282 -112.52358  28.282476      72.61 3.8511e+01    679.930      16319  1029.9116  1029.9095    34.3901    34.3877    8.02132         26 0.0000e+00
    487.000    481.397     0.1115  28.893480     0.1134  28.893150     4.7344     4.8275     0.0184    94.0988 1.0000e-12  -74.00282 -112.52358  28.282488      90.21 3.8501e+01    680.991      16345  1029.9166  1029.9145    34.3906    34.3880    8.02105         25 0.0000e+00
    488.000    482.384     0.1128  28.895301     0.1147  28.894953     4.7410     4.8323     0.0292    94.0849 1.0000e-12  -74.00282 -112.52358  28.282500      97.55 3.7754e+01    682.022      16370  1029.9216  1029.9194    34.3910    34.3884    8.02076         24 0.0000e+00
    489.000    483.373     0.1152  28.898508     0.1174  28.898217     4.7344     4.8330     0.0301    94.0787 1.0000e-12  -74.00282 -112.52359  28.282512      99.72 3.8112e+01    682.992      16393  1029.9268  1029.9245    34.3919    34.3891    8.02020         24 0.0000e+00
    490.000    484.359     0.1184  28.902559     0.1205  28.902241     4.7352     4.8301     0.0216    94.0722 1.0000e-12  -74.00282 -112.52358  28.282524      99.79 3.8780e+01    684.057      16418  1029.9322  1029.9299    34.3931    34.3904    8.01947         26 0.0000e+00
    491.000    485.347     0.1214  28.906364     0.1235  28.906113     4.7338     4.8235     0.0185    94.1036 1.0000e-12  -74.00282 -112.52360  28.282537      99.79 3.7961e+01    685.192      16446  1029.9376  1029.9353    34.3941    34.3915    8.01878         28 0.0000e+00
    492.000    486.333     0.1236  28.909292     0.1257  28.909015     4.7336     4.8230     0.0143    94.1074 1.0000e-12  -74.00282 -112.52358  28.282550      99.79 3.7218e+01    686.332      16473  1029.9428  1029.9405    34.3949    34.3922    8.01827         27 0.0000e+00
    493.000    487.322     0.1249  28.911127     0.1269  28.910900     4.7384     4.8251     0.0140    94.0553 1.0000e-12  -74.00282 -112.52358  28.282563      99.79 3.8581e+01    687.424      16499  1029.9478  1029.9456    34.3954    34.3928    8.01799         25 0.0000e+00
    494.000    488.308     0.1270  28.914136     0.1292  28.914048     4.7396     4.8266     0.0111    94.0733 1.0000e-12  -74.00282 -112.52358  28.282575      99.79 3.8854e+01    688.493      16525  1029.9532  1029.9509    34.3964    34.3938    8.01749         26 0.0000e+00
    495.000    489.296     0.1296  28.917570     0.1318  28.917471     4.7366     4.8283     0.0128    94.1028 1.0000e-12  -74.00282 -112.52358  28.282588      99.78 3.7768e+01    689.561      16550  1029.9585  1029.9562    34.3974    34.3948    8.01688         26 0.0000e+00
    496.000    490.283     0.1303  28.918729     0.1323  28.918453     4.7360     4.8217     0.0181    94.1080 1.0000e-12  -74.00282 -112.52358  28.282600      99.79 3.8330e+01    690.663      16577  1029.9633  1029.9611    34.3975    34.3949    8.01673         28 0.0000e+00
    497.000    491.270     0.1312  28.920181     0.1329  28.919555     4.7299     4.8206     0.0076    94.0940 1.0000e-12  -74.00282 -112.52358  28.282614      99.79 3.8241e+01    691.806      16604  1029.9683  1029.9660    34.3979    34.3951    8.01653         26 0.0000e+00
    498.000    492.258     0.1326  28.922398     0.1348  28.922318     4.7339     4.8245     0.0082    94.1033 1.0000e-12  -74.00282 -112.52358  28.282626      75.66 3.7748e+01    692.869      16630  1029.9735  1029.9712    34.3986    34.3960    8.01619         24 0.0000e+00
    499.000    493.245     0.1340  28.924462     0.1360  28.924018     4.7350     4.8245     0.0216    94.0722 1.0000e-12  -74.00282 -112.52358  28.282637      91.16 3.8570e+01    693.873      16654  1029.9785  1029.9762    34.3992    34.3964    8.01586         25 0.0000e+00
    500.000    494.233     0.1348  28.925743     0.1368  28.925379     4.7275     4.8260     0.0164    94.1054 1.0000e-12  -74.00282 -112.52358  28.282650      99.77 3.8457e+01    694.955      16680  1029.9834  1029.9811    34.3994    34.3967    8.01569         27 0.0000e+00
    501.000    495.219     0.1363  28.927911     0.1384  28.927663     4.7272     4.8271     0.0067    94.1194 1.0000e-12  -74.00282 -112.52358  28.282662      99.79 3.7590e+01    696.035      16706  1029.9885  1029.9862    34.3999    34.3973    8.01534         25 0.0000e+00
    502.000    496.206     0.1366  28.928733     0.1387  28.928496     4.7299     4.8268     0.0066    94.1068 1.0000e-12  -74.00282 -112.52358  28.282675      99.79 3.8513e+01    697.105      16732  1029.9933  1029.9911    34.4001    34.3975    8.01527         26 0.0000e+00
    503.000    497.194     0.1368  28.929172     0.1386  28.928736     4.7307     4.8252     0.0089    94.1097 1.0000e-12  -74.00282 -112.52358  28.282687      99.79 3.8779e+01    698.172      16757  1029.9980  1029.9957    34.4000    34.3974    8.01525         26 0.0000e+00
    504.000    498.181     0.1367  28.929511     0.1389  28.929401     4.7378     4.8233     0.0143    94.1056 1.0000e-12  -74.00282 -112.52358  28.282699      99.79 3.7945e+01    699.203      16782  1030.0027  1030.0004    34.3999    34.3973    8.01527         23 0.0000e+00
    505.000    499.169     0.1382  28.931499     0.1404  28.931472     4.7348     4.8214     0.0140    94.1084 1.0000e-12  -74.00282 -112.52358  28.282710      99.79 3.7832e+01    700.155      16805  1030.0075  1030.0053    34.4003    34.3978    8.01494         24 0.0000e+00
    506.000    500.156     0.1396  28.933557     0.1417  28.933230     4.7322     4.8166     0.0109    94.1271 1.0000e-12  -74.00282 -112.52358  28.282723      99.79 3.8210e+01    701.253      16831  1030.0125  1030.0101    34.4008    34.3980    8.01461         28 0.0000e+00
    507.000    501.143     0.1412  28.935688     0.1432  28.935381     4.7273     4.8229     0.0384    94.1332 1.0000e-12  -74.00282 -112.52358  28.282736      99.80 3.7544e+01    702.415      16859  1030.0175  1030.0152    34.4012    34.3986    8.01425         27 0.0000e+00
    508.000    502.128     0.1428  28.937968     0.1449  28.937736     4.7279     4.8229     0.0056    94.1245 1.0000e-12  -74.00282 -112.52358  28.282749      99.79 3.8797e+01    703.491      16885  1030.0226  1030.0203    34.4018    34.3992    8.01388         24 0.0000e+00
    509.000    503.119     0.1442  28.939959     0.1463  28.939856     4.7273     4.8202    -0.0005    94.1046 1.0000e-12  -74.00282 -112.52358  28.282761      99.79 3.8567e+01    704.522      16910  1030.0276  1030.0255    34.4024    34.3999    8.01357         25 0.0000e+00
    510.000    504.105     0.1453  28.941710     0.1473  28.941472     4.7274     4.8216     0.0144    94.0638 1.0000e-12  -74.00282 -112.52358  28.282772      99.79 3.7316e+01    705.509      16933  1030.0326  1030.0304    34.4028    34.4002    8.01331         23 0.0000e+00
    511.000    505.092     0.1458  28.942622     0.1478  28.942339     4.7323     4.8179     0.0143    94.0848 1.0000e-12  -74.00282 -112.52358  28.282783      82.55 3.7824e+01    706.471      16956  1030.0373  1030.0352    34.4028    34.4003    8.01320         24 0.0000e+00
    512.000    506.079     0.1467  28.944027     0.1487  28.943797     4.7294     4.8169     0.0023    94.0998 1.0000e-12  -74.00282 -112.52358  28.282796      87.37 3.8529e+01    707.560      16982  1030.0422  1030.0401    34.4032    34.4006    8.01300         28 0.0000e+00
    513.000    507.066     0.1470  28.944844     0.1490  28.944618     4.7279     4.8179    -0.0007    94.0860 1.0000e-12  -74.00282 -112.52358  28.282809      99.83 3.8172e+01    708.691      17010  1030.0471  1030.0449    34.4033    34.4007    8.01293         26 0.0000e+00
    514.000    508.055     0.1477  28.946233     0.1496  28.945896     4.7307     4.8190     0.0057    94.1033 1.0000e-12  -74.00282 -112.52358  28.282821      99.79 3.7899e+01    709.740      17035  1030.0521  1030.0498    34.4037    34.4011    8.01275         24 0.0000e+00
    515.000    509.040     0.1490  28.948240     0.1511  28.948122     4.7310     4.8181     0.0125    94.0823 1.0000e-12  -74.00282 -112.52358  28.282833      99.79 3.8573e+01    710.760      17059  1030.0572  1030.0550    34.4043    34.4018    8.01245         26 0.0000e+00
    516.000    510.029     0.1504  28.950171     0.1524  28.949902     4.7252     4.8158     0.0197    94.0696 1.0000e-12  -74.00282 -112.52358  28.282846      99.79 3.8096e+01    711.884      17086  1030.0621  1030.0599    34.4047    34.4021    8.01214         28 0.0000e+00
    517.000    511.015     0.1524  28.953054     0.1545  28.952801     4.7251     4.8119     0.0090    94.0588 1.0000e-12  -74.00282 -112.52358  28.282859      73.21 3.8065e+01    713.046      17114  1030.0674  1030.0651    34.4057    34.4030    8.01166         27 0.0000e+00
    518.000    512.002     0.1543  28.955736     0.1563  28.955529     4.7215     4.8121     0.0069    94.0430 1.0000e-12  -74.00282 -112.52358  28.282872      81.57 3.8508e+01    714.143      17140  1030.0727  1030.0705    34.4066    34.4040    8.01123         25 0.0000e+00
    519.000    512.990     0.1568  28.959135     0.1586  28.958516     4.7302     4.8154     0.0066    94.0964 1.0000e-12  -74.00282 -112.52358  28.282884      99.96 3.8307e+01    715.198      17166  1030.0780  1030.0756    34.4076    34.4048    8.01065         26 0.0000e+00
    520.000    513.979     0.1593  28.962270     0.1613  28.961975     4.7309     4.8135     0.0708    94.1009 1.0000e-12  -74.00282 -112.52358  28.282897      99.78 3.6277e+01    716.270      17191  1030.0831  1030.0809    34.4083    34.4057    8.01008         26 0.0000e+00
    521.000    514.962     0.1629  28.966882     0.1649  28.966417     4.7193     4.8147     0.0293    94.1085 1.0000e-12  -74.00282 -112.52358  28.282910      99.79 3.8350e+01    717.388      17218  1030.0887  1030.0862    34.4098    34.4069    8.00924         27 0.0000e+00
    522.000    515.952     0.1637  28.968332     0.1658  28.968045     4.7203     4.8101     0.0141    94.1006 1.0000e-12  -74.00282 -112.52357  28.282923      83.24 3.8470e+01    718.536      17246  1030.0938  1030.0914    34.4103    34.4075    8.00906         28 0.0000e+00
