ocean_section_plots/required_files/ctd/dnbp2202_ctd176.cnv
* Sea-Bird SBE 9 Data File:
* FileName = D:\Data\raw\NBP2202_CTD176.hex
* Software Version Seasave V 7.26.7.121
* Temperature SN = 1649
* Conductivity SN = 2513
* Number of Bytes Per Scan = 40
* Number of Voltage Words = 5
* Number of Scans Averaged by the Deck Unit = 1
* NMEA Latitude = 74 01.77 S
* NMEA Longitude = 111 08.42 W
* NMEA UTC (Time) = Feb 03 2022  20:53:42
* NMEA baud rate = 9600
** Ship: RVIB N.B. Palmer
** Cruise: NBP2202 Thwaites
** Station: 98
** Operator: A. Robinson
# nquan = 28
# nvalues = 490                         
# units = specified
# name 0 = prDM: Pressure, Digiquartz [db]
# name 1 = depSM: Depth [salt water, m]
# name 2 = t090C: Temperature [ITS-90, deg C]
# name 3 = c0mS/cm: Conductivity [mS/cm]
# name 4 = t190C: Temperature, 2 [ITS-90, deg C]
# name 5 = c1mS/cm: Conductivity, 2 [mS/cm]
# name 6 = sbeox0ML/L: Oxygen, SBE 43 [ml/l]
# name 7 = sbeox1ML/L: Oxygen, SBE 43, 2 [ml/l]
# name 8 = flECO-AFL: Fluorescence, WET Labs ECO-AFL/FL [mg/m^3]
# name 9 = CStarTr0: Beam Transmission, WET Labs C-Star [%]
# name 10 = par: PAR/Irradiance, Biospherical/Licor
# name 11 = latitude: Latitude [deg]
# name 12 = longitude: Longitude [deg]
# name 13 = timeJ: Julian Days
# name 14 = altM: Altimeter [m]
# name 15 = spar: SPAR, Biospherical/Licor
# name 16 = timeS: Time, Elapsed [seconds]
# name 17 = scan: Scan Count
# name 18 = density00: Density [density, kg/m^3]
# name 19 = density11: Density, 2 [density, kg/m^3]
# name 20 = v3: Voltage 3
# name 21 = v4: Voltage 4
# name 22 = v5: Voltage 5
# name 23 = sal00: Salinity, Practical [PSU]
# name 24 = sal11: Salinity, Practical, 2 [PSU]
# name 25 = oxsolML/L: Oxygen Saturation, Garcia & Gordon [ml/l]
# name 26 = nbin: number of scans per bin
# name 27 = flag: flag
# span 0 =      2.000,    491.000       
# span 1 =      1.985,    485.346       
# span 2 =    -1.5226,     0.1305       
# span 3 =  26.984131,  28.952749       
# span 4 =    -1.5232,     0.1328       
# span 5 =  26.984259,  28.952719       
# span 6 =     4.8170,     7.6018       
# span 7 =     4.9408,     7.5467       
# span 8 =    -0.0174,     8.2597       
# span 9 =    85.2311,    99.1223       
# span 10 = -1.944e-06, 1.1035e+03      
# span 11 =  -74.02952,  -74.02952      
# span 12 = -111.14045, -111.14040      
# span 13 =  34.873610,  34.880756      
# span 14 =       8.95,     105.64      
# span 15 = 1.7611e+03, 1.7699e+03      
# span 16 =    257.924,    875.348      
# span 17 =       6191,      21009      
# span 18 =  1027.1748,  1029.9798      
# span 19 =  1027.1773,  1029.9776      
# span 20 =     4.0435,     4.7022      
# span 21 =     0.0651,     1.1282      
# span 22 =     0.1117,     0.1577      
# span 23 =    33.7696,    34.4480      
# span 24 =    33.7729,    34.4453      
# span 25 =    8.01386,    8.39842      
# span 26 =          7,         57      
# span 27 = 0.0000e+00, 0.0000e+00      
# interval = decibars: 1                
# start_time = Feb 03 2022 20:53:42 [NMEA time, header]
# bad_flag = -9.990e-29
*END*
[from data line 259]
    261.000    258.137    -1.2551  27.437015    -1.2541  27.436882     6.1330     6.3024     0.0216    98.8671 1.0000e-12  -74.02952 -111.14042  34.877149      94.38 1.7676e+03    563.667      13529  1028.6932  1028.6922     4.6901     0.0737     0.1175    34.1111    34.1099    8.33210         23 0.0000e+00
    262.000    259.126    -1.2457  27.450143    -1.2465  27.447379     6.1271     6.2931     0.0216    98.8518 1.0000e-12  -74.02952 -111.14042  34.877160      98.26 1.7696e+03    564.648      13553  1028.7028  1028.7005     4.6893     0.0760     0.1191    34.1178    34.1149    8.32961         24 0.0000e+00
    263.000    260.115    -1.2376  27.459793    -1.2365  27.459606     6.1217     6.2974     0.0273    98.8859 1.0000e-12  -74.02952 -111.14042  34.877172      99.71 1.7691e+03    565.639      13576  1028.7098  1028.7085     4.6910     0.0765     0.1162    34.1212    34.1197    8.32761         24 0.0000e+00
    264.000    261.103    -1.2381  27.459346    -1.2354  27.461383     6.1216     6.2975     0.0238    98.8570 1.0000e-12  -74.02952 -111.14042  34.877183      99.71 1.7672e+03    566.623      13600  1028.7142  1028.7138     4.6896     0.0758     0.1201    34.1206    34.1202    8.32776         23 0.0000e+00
    265.000    262.091    -1.2386  27.459087    -1.2372  27.459777     6.1244     6.2901     0.0216    98.8647 1.0000e-12  -74.02952 -111.14042  34.877195      99.72 1.7688e+03    567.605      13624  1028.7187  1028.7182     4.6900     0.0737     0.1161    34.1201    34.1195    8.32789         24 0.0000e+00
    266.000    263.079    -1.2376  27.460708    -1.2360  27.461420     6.1206     6.2940     0.0389    98.8988 1.0000e-12  -74.02952 -111.14042  34.877206      99.72 1.7688e+03    568.597      13647  1028.7240  1028.7232     4.6916     0.0756     0.1198    34.1207    34.1198    8.32766         24 0.0000e+00
    267.000    264.067    -1.2373  27.461693    -1.2360  27.461962     6.1164     6.2968     0.0515    98.9208 1.0000e-12  -74.02952 -111.14042  34.877217      99.72 1.7678e+03    569.585      13671  1028.7290  1028.7282     4.6926     0.0760     0.1153    34.1209    34.1199    8.32755         23 0.0000e+00
    268.000    265.057    -1.2306  27.470145    -1.2305  27.468975     6.1127     6.2831     0.0258    98.9205 1.0000e-12  -74.02952 -111.14041  34.877229      99.72 1.7687e+03    570.565      13695  1028.7362  1028.7348     4.6926     0.0757     0.1202    34.1244    34.1226    8.32588         24 0.0000e+00
    269.000    266.045    -1.2262  27.475727    -1.2261  27.474487     6.1148     6.2852     0.0144    98.9248 1.0000e-12  -74.02952 -111.14041  34.877240      99.72 1.7685e+03    571.556      13718  1028.7423  1028.7409     4.6928     0.0753     0.1170    34.1263    34.1246    8.32477         24 0.0000e+00
    270.000    267.033    -1.2221  27.480966    -1.2212  27.481039     6.1143     6.2820     0.0143    98.8750 1.0000e-12  -74.02952 -111.14041  34.877252      99.72 1.7679e+03    572.549      13742  1028.7485  1028.7476     4.6904     0.0761     0.1172    34.1283    34.1273    8.32375         24 0.0000e+00
    271.000    268.022    -1.2213  27.482580    -1.2205  27.482458     6.1177     6.2861     0.0143    98.9368 1.0000e-12  -74.02952 -111.14040  34.877263      99.73 1.7686e+03    573.530      13766  1028.7538  1028.7529     4.6934     0.0719     0.1167    34.1290    34.1279    8.32353         23 0.0000e+00
    272.000    269.009    -1.2244  27.480895    -1.2238  27.480518     6.1193     6.2916     0.0207    98.9730 1.0000e-12  -74.02952 -111.14040  34.877274      99.72 1.7690e+03    574.517      13789  1028.7593  1028.7584     4.6951     0.0726     0.1179    34.1295    34.1284    8.32418         24 0.0000e+00
    273.000    269.998    -1.2239  27.482037    -1.2232  27.481787     6.1183     6.2939    -0.0018    98.9791 1.0000e-12  -74.02952 -111.14040  34.877286      99.72 1.7683e+03    575.507      13813  1028.7645  1028.7635     4.6953     0.0705     0.1170    34.1299    34.1288    8.32405         23 0.0000e+00
    274.000    270.988    -1.2235  27.483113    -1.2226  27.483045     6.1221     6.2865    -0.0080    98.9698 1.0000e-12  -74.02952 -111.14042  34.877297      99.72 1.7674e+03    576.482      13837  1028.7695  1028.7686     4.6949     0.0721     0.1137    34.1303    34.1292    8.32393         24 0.0000e+00
    275.000    271.974    -1.2237  27.483296    -1.2229  27.483187     6.1254     6.2801    -0.0041    98.9593 1.0000e-12  -74.02952 -111.14042  34.877309      98.19 1.7692e+03    577.460      13860  1028.7743  1028.7734     4.6944     0.0730     0.1136    34.1302    34.1291    8.32399         24 0.0000e+00
    276.000    272.964    -1.2250  27.482866    -1.2239  27.482894     6.1215     6.2912    -0.0005    98.9578 1.0000e-12  -74.02952 -111.14042  34.877320      99.69 1.7690e+03    578.438      13884  1028.7794  1028.7784     4.6943     0.0707     0.1157    34.1304    34.1292    8.32426         23 0.0000e+00
    277.000    273.950    -1.2260  27.482592    -1.2259  27.481855     6.1333     6.3011    -0.0007    98.9533 1.0000e-12  -74.02952 -111.14042  34.877331      99.72 1.7663e+03    579.411      13907  1028.7844  1028.7835     4.6941     0.0701     0.1176    34.1306    34.1295    8.32448         23 0.0000e+00
    278.000    274.941    -1.2285  27.481023    -1.2278  27.480757     6.1265     6.3021    -0.0017    98.9714 1.0000e-12  -74.02952 -111.14042  34.877342      99.72 1.7685e+03    580.385      13930  1028.7894  1028.7885     4.6950     0.0701     0.1156    34.1306    34.1295    8.32503         23 0.0000e+00
    279.000    275.928    -1.2296  27.480914    -1.2287  27.480553     6.1203     6.2915    -0.0072    98.9959 1.0000e-12  -74.02952 -111.14042  34.877354      99.72 1.7677e+03    581.367      13954  1028.7947  1028.7935     4.6962     0.0712     0.1145    34.1311    34.1297    8.32524         24 0.0000e+00
    280.000    276.916    -1.2281  27.483098    -1.2269  27.483274     6.1171     6.2809     0.0071    99.0128 1.0000e-12  -74.02952 -111.14042  34.877365      99.72 1.7665e+03    582.344      13977  1028.7999  1028.7989     4.6970     0.0724     0.1144    34.1318    34.1307    8.32487         23 0.0000e+00
    281.000    277.906    -1.2201  27.492553    -1.2188  27.492655     6.1107     6.2822    -0.0069    98.9847 1.0000e-12  -74.02952 -111.14042  34.877376      99.72 1.7685e+03    583.320      14001  1028.8067  1028.8056     4.6957     0.0735     0.1146    34.1350    34.1337    8.32290         24 0.0000e+00
    282.000    278.893    -1.2186  27.494703    -1.2178  27.494574     6.1087     6.2872    -0.0077    99.0361 1.0000e-12  -74.02952 -111.14042  34.877388      99.72 1.7682e+03    584.306      14024  1028.8120  1028.8111     4.6981     0.0734     0.1136    34.1357    34.1346    8.32254         24 0.0000e+00
    283.000    279.882    -1.2164  27.497789    -1.2162  27.497016     6.0984     6.2772    -0.0077    99.0684 1.0000e-12  -74.02952 -111.14042  34.877399      99.72 1.7664e+03    585.286      14048  1028.8176  1028.8165     4.6996     0.0717     0.1134    34.1368    34.1355    8.32198         23 0.0000e+00
    284.000    280.869    -1.2133  27.501508    -1.2127  27.500847     6.0879     6.2618    -0.0077    99.0761 1.0000e-12  -74.02952 -111.14042  34.877410      99.72 1.7671e+03    586.271      14071  1028.8228  1028.8216     4.7000     0.0727     0.1166    34.1377    34.1361    8.32122         24 0.0000e+00
    285.000    281.859    -1.1966  27.518905    -1.1967  27.517119     6.0789     6.2521    -0.0077    99.0899 1.0000e-12  -74.02952 -111.14042  34.877422      99.72 1.7677e+03    587.264      14095  1028.8299  1028.8281     4.7007     0.0716     0.1137    34.1419    34.1396    8.31727         24 0.0000e+00
    286.000    282.846    -1.1849  27.529665    -1.1836  27.529729     6.0739     6.2446    -0.0077    99.0708 1.0000e-12  -74.02952 -111.14042  34.877433      99.73 1.7663e+03    588.252      14119  1028.8346  1028.8334     4.6997     0.0695     0.1134    34.1427    34.1413    8.31462         23 0.0000e+00
    287.000    283.835    -1.1863  27.528698    -1.1860  27.527977     6.0647     6.2345    -0.0077    99.0957 1.0000e-12  -74.02952 -111.14042  34.877445      99.72 1.7679e+03    589.240      14143  1028.8394  1028.8383     4.7010     0.0685     0.1117    34.1424    34.1410    8.31496         24 0.0000e+00
    288.000    284.822    -1.1777  27.538127    -1.1778  27.536368     6.0558     6.2315    -0.0077    99.0932 1.0000e-12  -74.02952 -111.14042  34.877456      92.71 1.7677e+03    590.231      14167  1028.8457  1028.8439     4.7008     0.0690     0.1122    34.1449    34.1426    8.31290         24 0.0000e+00
    289.000    285.812    -1.1695  27.546138    -1.1670  27.547188     6.0462     6.2273    -0.0074    99.1211 1.0000e-12  -74.02952 -111.14042  34.877468      99.71 1.7672e+03    591.228      14190  1028.8508  1028.8495     4.7021     0.0701     0.1147    34.1459    34.1445    8.31102         24 0.0000e+00
    290.000    286.799    -1.1639  27.552219    -1.1633  27.551541     6.0309     6.2075    -0.0004    99.1201 1.0000e-12  -74.02952 -111.14042  34.877480      99.72 1.7670e+03    592.232      14215  1028.8564  1028.8550     4.7021     0.0713     0.1144    34.1473    34.1456    8.30970         24 0.0000e+00
    291.000    287.787    -1.1525  27.564185    -1.1525  27.562554     6.0139     6.1887    -0.0148    99.1158 1.0000e-12  -74.02952 -111.14042  34.877491      99.73 1.7665e+03    593.237      14239  1028.8627  1028.8609     4.7019     0.0708     0.1152    34.1500    34.1477    8.30700         24 0.0000e+00
    292.000    288.776    -1.1299  27.586475    -1.1301  27.584590     6.0032     6.1729    -0.0024    99.1223 1.0000e-12  -74.02952 -111.14042  34.877503      99.72 1.7675e+03    594.241      14263  1028.8694  1028.8675     4.7022     0.0700     0.1161    34.1542    34.1518    8.30175         24 0.0000e+00
    293.000    289.765    -1.1212  27.594713    -1.1195  27.595014     6.0055     6.1753     0.0052    99.1092 1.0000e-12  -74.02952 -111.14042  34.877514      99.72 1.7665e+03    595.241      14287  1028.8744  1028.8730     4.7016     0.0707     0.1139    34.1550    34.1534    8.29979         24 0.0000e+00
    294.000    290.753    -1.1214  27.594707    -1.1206  27.594357     6.0032     6.1787    -0.0033    99.0386 1.0000e-12  -74.02952 -111.14042  34.877526      99.72 1.7669e+03    596.244      14311  1028.8790  1028.8779     4.6982     0.0696     0.1158    34.1545    34.1531    8.29984         24 0.0000e+00
    295.000    291.739    -1.1242  27.592772    -1.1235  27.592228     5.9828     6.1567     0.0056    99.0758 1.0000e-12  -74.02952 -111.14042  34.877538      99.72 1.7677e+03    597.251      14335  1028.8842  1028.8829     4.7000     0.0704     0.1166    34.1544    34.1529    8.30047         24 0.0000e+00
    296.000    292.730    -1.1172  27.600008    -1.1160  27.599897     5.9560     6.1290     0.0026    99.0717 1.0000e-12  -74.02952 -111.14042  34.877549      99.72 1.7674e+03    598.246      14359  1028.8898  1028.8884     4.6998     0.0713     0.1142    34.1558    34.1543    8.29885         25 0.0000e+00
    297.000    293.717    -1.0840  27.632006    -1.0790  27.633916     5.9355     6.1075     0.0015    99.0306 1.0000e-12  -74.02952 -111.14042  34.877561      99.72 1.7666e+03    599.247      14383  1028.8965  1028.8937     4.6978     0.0711     0.1171    34.1611    34.1580    8.29119         23 0.0000e+00
    298.000    294.705    -1.0654  27.649063    -1.0637  27.649221     5.9258     6.1016     0.0099    99.0585 1.0000e-12  -74.02952 -111.14042  34.877572      99.72 1.7681e+03    600.251      14407  1028.9015  1028.8999     4.6992     0.0711     0.1162    34.1626    34.1608    8.28699         24 0.0000e+00
    299.000    295.693    -1.0557  27.658801    -1.0544  27.658479     5.9379     6.0973     0.0010    99.0349 1.0000e-12  -74.02952 -111.14042  34.877584      99.72 1.7661e+03    601.246      14431  1028.9072  1028.9055     4.6980     0.0735     0.1162    34.1643    34.1623    8.28475         24 0.0000e+00
    300.000    296.682    -1.0570  27.657497    -1.0567  27.656715     5.9470     6.1092     0.0069    99.0172 1.0000e-12  -74.02952 -111.14042  34.877595      86.12 1.7653e+03    602.245      14455  1028.9116  1028.9104     4.6972     0.0711     0.1180    34.1633    34.1619    8.28509         25 0.0000e+00
    301.000    297.670    -1.0673  27.649429    -1.0666  27.649287     5.9567     6.1176     0.0084    98.9834 1.0000e-12  -74.02952 -111.14042  34.877607      98.23 1.7673e+03    603.252      14479  1028.9174  1028.9166     4.6956     0.0720     0.1174    34.1634    34.1624    8.28736         24 0.0000e+00
    302.000    298.658    -1.0744  27.644380    -1.0730  27.644635     5.9609     6.1243     0.0290    98.9745 1.0000e-12  -74.02952 -111.14042  34.877619      99.72 1.7667e+03    604.253      14503  1028.9232  1028.9222     4.6951     0.0721     0.1178    34.1639    34.1628    8.28889         23 0.0000e+00
    303.000    299.647    -1.0755  27.643927    -1.0737  27.644518     5.9624     6.1263     0.0086    98.9790 1.0000e-12  -74.02952 -111.14042  34.877630      99.72 1.7672e+03    605.252      14527  1028.9283  1028.9272     4.6954     0.0709     0.1169    34.1640    34.1627    8.28914         25 0.0000e+00
    304.000    300.637    -1.0772  27.642720    -1.0758  27.642957     5.9627     6.1259     0.0069    98.9700 1.0000e-12  -74.02952 -111.14042  34.877642      99.73 1.7675e+03    606.260      14551  1028.9330  1028.9319     4.6949     0.0698     0.1163    34.1636    34.1623    8.28952         24 0.0000e+00
    305.000    301.622    -1.0759  27.644592    -1.0755  27.643781     5.9627     6.1141    -0.0049    98.9677 1.0000e-12  -74.02952 -111.14042  34.877653      99.72 1.7671e+03    607.264      14575  1028.9381  1028.9369     4.6948     0.0715     0.1162    34.1641    34.1625    8.28921         24 0.0000e+00
    306.000    302.611    -1.0725  27.648782    -1.0708  27.649009     5.9474     6.1100    -0.0128    98.9399 1.0000e-12  -74.02952 -111.14042  34.877665      99.72 1.7693e+03    608.268      14599  1028.9438  1028.9423     4.6935     0.0768     0.1158    34.1654    34.1637    8.28839         24 0.0000e+00
    307.000    303.599    -1.0620  27.659546    -1.0587  27.661037     5.9397     6.1038    -0.0150    98.9387 1.0000e-12  -74.02952 -111.14042  34.877677      99.73 1.7683e+03    609.275      14624  1028.9495  1028.9480     4.6935     0.0704     0.1158    34.1675    34.1658    8.28594         24 0.0000e+00
    308.000    304.589    -1.0589  27.662751    -1.0581  27.662175     5.9406     6.1074    -0.0080    98.9398 1.0000e-12  -74.02952 -111.14042  34.877688      99.73 1.7669e+03    610.275      14648  1028.9544  1028.9530     4.6935     0.0713     0.1150    34.1678    34.1661    8.28525         24 0.0000e+00
    309.000    305.574    -1.0582  27.663943    -1.0573  27.663596     5.9389     6.1016    -0.0034    98.9398 1.0000e-12  -74.02952 -111.14042  34.877700      99.72 1.7661e+03    611.273      14672  1028.9594  1028.9581     4.6935     0.0711     0.1163    34.1679    34.1664    8.28508         24 0.0000e+00
    310.000    306.564    -1.0568  27.665983    -1.0549  27.666701     5.9265     6.0927    -0.0077    98.9624 1.0000e-12  -74.02952 -111.14042  34.877712      99.72 1.7676e+03    612.271      14696  1028.9646  1028.9636     4.6945     0.0709     0.1168    34.1685    34.1674    8.28474         24 0.0000e+00
    311.000    307.552    -1.0508  27.672998    -1.0473  27.674767     5.9090     6.0794    -0.0077    98.9698 1.0000e-12  -74.02952 -111.14042  34.877723      99.72 1.7680e+03    613.264      14719  1028.9708  1028.9693     4.6949     0.0704     0.1164    34.1707    34.1691    8.28329         24 0.0000e+00
