ocean_section_plots/required_files/ctd/dnbp2202_ctd135.cnv
* Sea-Bird SBE 9 Data File:
* FileName = D:\Data\raw\NBP2202_CTD135.hex
* Software Version Seasave V 7.26.7.121
* Temperature SN = 1649
* Conductivity SN = 2513
* Number of Bytes Per Scan = 40
* Number of Voltage Words = 5
* Number of Scans Averaged by the Deck Unit = 1
* NMEA Latitude = 74 00.94 S
* NMEA Longitude = 112 50.22 W
* NMEA UTC (Time) = Jan 28 2022  07:59:16
* NMEA baud rate = 9600
** Ship: RVIB N.B. Palmer
** Cruise: NBP2202 Thwaites
** Station: 64
** Operator: B. Bjork
# nquan = 25
# nvalues = 783                         
# units = specified
# name 0 = prDM: Pressure, Digiquartz [db]
# name 1 = depSM: Depth [salt water, m]
# name 2 = t090C: Temperature [ITS-90, deg C]
# name 3 = c0mS/cm: Conductivity [mS/cm]
# name 4 = t190C: Temperature, 2 [ITS-90, deg C]
# name 5 = c1mS/cm: Conductivity, 2 [mS/cm]
# name 6 = sbeox0ML/L: Oxygen, SBE 43 [ml/l]
# name 7 = sbeox1ML/L: Oxygen, SBE 43, 2 [ml/l]
# name 8 = flECO-AFL: Fluorescence, WET Labs ECO-AFL/FL [mg/m^3]
# name 9 = CStarTr0: Beam Transmission, WET Labs C-Star [%]
# name 10 = par: PAR/Irradiance, Biospherical/Licor
# name 11 = latitude: Latitude [deg]
# name 12 = longitude: Longitude [deg]
# name 13 = timeJ: Julian Days
# name 14 = altM: Altimeter [m]
# name 15 = spar: SPAR, Biospherical/Licor
# name 16 = timeS: Time, Elapsed [seconds]
# name 17 = scan: Scan Count
# name 18 = density00: Density [density, kg/m^3]
# name 19 = density11: Density, 2 [density, kg/m^3]
# name 20 = sal00: Salinity, Practical [PSU]
# name 21 = sal11: Salinity, Practical, 2 [PSU]
# name 22 = oxsolML/L: Oxygen Saturation, Garcia & Gordon [ml/l]
# name 23 = nbin: number of scans per bin
# name 24 = flag: flag
# span 0 =      2.000,    784.000       
# span 1 =      1.982,    774.424       
# span 2 =    -1.6157,     0.3410       
# span 3 =  26.931689,  29.288759       
# span 4 =    -1.6173,     0.3435       
# span 5 =  26.932510,  29.288646       
# span 6 =     4.6512,     9.1750       
# span 7 =     4.7313,     9.4184       
# span 8 =    -0.0160,    29.4441       
# span 9 =    61.7319,    94.2754       
# span 10 = 1.0000e-12, 6.3754e+00      
# span 11 =  -74.01611,  -74.01574      
# span 12 = -112.83738, -112.83701      
# span 13 =  28.335417,  28.347504      
# span 14 =       1.04,     100.42      
# span 15 = 2.4680e+01, 3.7033e+01      
# span 16 =    224.069,   1268.342      
# span 17 =       5379,      30441      
# span 18 =  1027.1904,  1031.3668      
# span 19 =  1027.1939,  1031.3644      
# span 20 =    33.8166,    34.4814      
# span 21 =    33.8209,    34.4785      
# span 22 =    7.96829,    8.42391      
# span 23 =          4,         53      
# span 24 = 0.0000e+00, 0.0000e+00      
# interval = decibars: 1                
# start_time = Jan 28 2022 07:59:16 [NMEA time, header]
# bad_flag = -9.990e-29
*END*
[from data line 58]
     60.000     59.369    -0.8968  27.449380    -0.9010  27.447597     8.5763     8.8047    29.4355    62.6964 1.0000e-12  -74.01574 -112.83702  28.336810      98.17 2.9275e+01    344.427       8267  1027.5043  1027.5065    33.8472    33.8495    8.26829         31 0.0000e+00
     61.000     60.360    -0.9340  27.422117    -0.9357  27.422385     8.4859     8.7236    29.2516    62.4849 1.0000e-12  -74.01574 -112.83702  28.336835      97.82 2.8477e+01    346.525       8318  1027.5146  1027.5166    33.8514    33.8537    8.27624         39 0.0000e+00
     62.000     61.351    -0.9620  27.402377    -0.9650  27.400761     8.4470     8.6822    28.4934    62.5412 1.0000e-12  -74.01574 -112.83702  28.336861      99.96 2.8899e+01    348.798       8372  1027.5239  1027.5250    33.8554    33.8566    8.28218         43 0.0000e+00
     63.000     62.338    -0.9792  27.389297    -0.9819  27.389076     8.3028     8.5376    28.9118    62.2272 1.0000e-12  -74.01574 -112.83702  28.336889      99.99 2.7805e+01    351.242       8431  1027.5300  1027.5323    33.8564    33.8591    8.28592         40 0.0000e+00
     64.000     63.328    -1.0424  27.343090    -1.0455  27.342648     8.1395     8.3870    29.0610    62.9256 1.0000e-12  -74.01574 -112.83702  28.336915      99.98 2.8445e+01    353.443       8484  1027.5445  1027.5469    33.8640    33.8670    8.29943         42 0.0000e+00
     65.000     64.318    -1.0787  27.317778    -1.0812  27.316810     8.0549     8.2937    28.0691    64.3223 1.0000e-12  -74.01574 -112.83702  28.336942      98.44 2.8285e+01    355.821       8541  1027.5553  1027.5566    33.8698    33.8713    8.30713         44 0.0000e+00
     66.000     65.307    -1.1095  27.294997    -1.1106  27.295779     8.0272     8.2397    26.8547    64.1271 1.0000e-12  -74.01574 -112.83702  28.336971      98.25 2.8705e+01    358.305       8600  1027.5636  1027.5654    33.8728    33.8751    8.31378         37 0.0000e+00
     67.000     66.296    -1.1154  27.292363    -1.1208  27.288675     7.9648     8.1718    26.1999    65.2129 1.0000e-12  -74.01574 -112.83702  28.336997      99.96 2.8672e+01    360.527       8654  1027.5699  1027.5710    33.8752    33.8763    8.31494         53 0.0000e+00
     68.000     67.285    -1.1494  27.266148    -1.1513  27.265883     7.8383     8.0614    25.9754    65.7073 1.0000e-12  -74.01574 -112.83703  28.337026      99.97 2.7905e+01    363.044       8714  1027.5777  1027.5792    33.8772    33.8789    8.32238         45 0.0000e+00
     69.000     68.275    -1.1914  27.234804    -1.1893  27.237660     7.7290     7.9500    24.4773    67.1234 1.0000e-12  -74.01574 -112.83703  28.337053      99.97 2.8362e+01    365.393       8770  1027.5876  1027.5887    33.8811    33.8827    8.33150         45 0.0000e+00
     70.000     69.262    -1.2181  27.215034    -1.2230  27.213202     7.6941     7.9055    22.6507    66.3827 1.0000e-12  -74.01574 -112.83703  28.337077      99.97 2.8093e+01    367.500       8821  1027.5954  1027.5980    33.8837    33.8866    8.33731         34 0.0000e+00
     71.000     70.256    -1.2380  27.201468    -1.2413  27.199211     7.6036     7.7966    21.7839    68.9366 1.0000e-12  -74.01574 -112.83703  28.337104      99.84 2.8880e+01    369.828       8877  1027.6033  1027.6039    33.8869    33.8876    8.34154         38 0.0000e+00
     72.000     71.244    -1.3012  27.152331    -1.3060  27.150349     7.4236     7.6208    20.2472    69.5081 1.0000e-12  -74.01574 -112.83703  28.337132      99.97 2.8314e+01    372.242       8935  1027.6141  1027.6165    33.8905    33.8932    8.35548         36 0.0000e+00
     73.000     72.233    -1.3573  27.111058    -1.3603  27.108629     7.2817     7.4818    18.0235    70.3358 1.0000e-12  -74.01574 -112.83704  28.337158      99.98 2.8916e+01    374.474       8988  1027.6263  1027.6265    33.8967    33.8968    8.36767         40 0.0000e+00
     74.000     73.221    -1.4306  27.055521    -1.4339  27.053787     7.1848     7.3871    16.2678    71.8650 1.0000e-12  -74.01574 -112.83704  28.337188      99.99 2.9090e+01    377.068       9051  1027.6392  1027.6403    33.9028    33.9041    8.38378         40 0.0000e+00
     75.000     74.210    -1.4477  27.043140    -1.4495  27.043341     7.1806     7.3628    12.3061    72.9945 1.0000e-12  -74.01574 -112.83704  28.337218      99.94 2.8769e+01    379.596       9111  1027.6450  1027.6469    33.9045    33.9069    8.38753         35 0.0000e+00
     76.000     75.201    -1.4511  27.042219    -1.4527  27.042262     7.1870     7.3624    10.5248    76.0168 1.0000e-12  -74.01574 -112.83704  28.337245      98.32 2.8470e+01    381.987       9169  1027.6505  1027.6521    33.9065    33.9084    8.38818         41 0.0000e+00
     77.000     76.189    -1.4544  27.040469    -1.4567  27.040037     7.1619     7.3291     9.9599    78.3835 1.0000e-12  -74.01574 -112.83704  28.337274      94.12 2.8663e+01    384.487       9229  1027.6554  1027.6571    33.9072    33.9093    8.38888         35 0.0000e+00
     78.000     77.180    -1.4710  27.029459    -1.4737  27.028983     7.0846     7.2542    10.0454    79.0614 1.0000e-12  -74.01574 -112.83704  28.337301      99.53 2.8917e+01    386.837       9285  1027.6631  1027.6651    33.9103    33.9126    8.39245         40 0.0000e+00
     79.000     78.166    -1.4988  27.010264    -1.5019  27.008867     7.0186     7.1939     9.0961    79.3044 1.0000e-12  -74.01574 -112.83704  28.337327      99.36 2.9280e+01    389.088       9339  1027.6726  1027.6741    33.9147    33.9164    8.39844         37 0.0000e+00
     80.000     79.158    -1.5340  26.982908    -1.5383  26.980579     6.9464     7.1210     8.4574    80.7320 1.0000e-12  -74.01574 -112.83704  28.337354      99.42 2.9243e+01    391.404       9395  1027.6802  1027.6817    33.9164    33.9180    8.40632         51 0.0000e+00
     81.000     80.146    -1.5661  26.958243    -1.5707  26.955938     6.8820     7.0601     7.4977    81.1402 1.0000e-12  -74.01574 -112.83704  28.337383      99.46 2.8719e+01    393.910       9455  1027.6876  1027.6893    33.9182    33.9202    8.41348         39 0.0000e+00
     82.000     81.137    -1.5699  26.957345    -1.5701  26.958801     6.7571     6.9380     6.3695    82.6336 1.0000e-12  -74.01574 -112.83704  28.337410      99.57 2.8811e+01    396.236       9511  1027.6938  1027.6956    33.9206    33.9229    8.41418         38 0.0000e+00
     83.000     82.125    -1.5556  26.971244    -1.5581  26.970995     6.7271     6.8956     5.5227    84.3294 1.0000e-12  -74.01574 -112.83703  28.337432      98.87 3.0496e+01    398.123       9556  1027.6994  1027.7014    33.9230    33.9254    8.41081         38 0.0000e+00
     84.000     83.115    -1.5589  26.969666    -1.5615  26.969245     6.7266     6.8894     4.2896    86.0555 1.0000e-12  -74.01574 -112.83703  28.337450      99.55 3.1265e+01    399.714       9594  1027.7049  1027.7069    33.9239    33.9263    8.41150         37 0.0000e+00
     85.000     84.103    -1.5766  26.956024    -1.5804  26.954855     6.7261     6.8833     3.6074    85.9056 1.0000e-12  -74.01574 -112.83702  28.337467      99.61 3.1737e+01    401.139       9628  1027.7111  1027.7134    33.9245    33.9272    8.41547         33 0.0000e+00
     86.000     85.093    -1.5828  26.951574    -1.5831  26.952776     6.7343     6.8913     3.6042    86.7073 1.0000e-12  -74.01574 -112.83702  28.337482      99.70 3.1732e+01    402.481       9661  1027.7162  1027.7179    33.9248    33.9269    8.41685         31 0.0000e+00
     87.000     86.081    -1.5928  26.943441    -1.5951  26.943529     6.7356     6.8959     3.2210    87.3818 1.0000e-12  -74.01574 -112.83703  28.337499      99.69 3.1849e+01    403.894       9694  1027.7211  1027.7233    33.9243    33.9270    8.41916         34 0.0000e+00
     88.000     87.071    -1.6082  26.931689    -1.6090  26.932510     6.6942     6.8531     3.0317    88.1929 1.0000e-12  -74.01574 -112.83704  28.337515      99.73 3.2175e+01    405.282       9728  1027.7271  1027.7287    33.9250    33.9270    8.42261         32 0.0000e+00
     89.000     88.061    -1.5869  26.951140    -1.5893  26.949945     6.6919     6.8412     3.0059    88.3799 1.0000e-12  -74.01574 -112.83704  28.337529      99.74 3.2339e+01    406.537       9758  1027.7320  1027.7330    33.9270    33.9281    8.41765         29 0.0000e+00
     90.000     89.050    -1.5756  26.961565    -1.5768  26.962299     6.7154     6.8617     2.0038    88.3248 1.0000e-12  -74.01574 -112.83704  28.337543      99.74 3.2236e+01    407.725       9786  1027.7369  1027.7388    33.9279    33.9303    8.41503         28 0.0000e+00
     91.000     90.039    -1.6010  26.942427    -1.6034  26.942565     6.7580     6.8973     2.2616    89.2108 1.0000e-12  -74.01574 -112.83704  28.337557      99.75 3.2218e+01    408.921       9815  1027.7447  1027.7471    33.9298    33.9327    8.42069         29 0.0000e+00
     92.000     91.028    -1.6136  26.933556    -1.6156  26.933373     6.7746     6.9172     2.1742    89.6287 1.0000e-12  -74.01574 -112.83704  28.337572      99.20 3.2416e+01    410.177       9845  1027.7512  1027.7529    33.9311    33.9332    8.42346         31 0.0000e+00
     93.000     92.018    -1.6157  26.932615    -1.6173  26.932673     6.7856     6.9269     2.2773    90.0305 1.0000e-12  -74.01574 -112.83704  28.337586      99.76 3.2934e+01    411.410       9875  1027.7563  1027.7579    33.9317    33.9336    8.42391         28 0.0000e+00
     94.000     93.007    -1.6064  26.942543    -1.6074  26.942491     6.7783     6.9274     2.1714    90.4346 1.0000e-12  -74.01574 -112.83704  28.337599      99.75 3.2452e+01    412.539       9902  1027.7625  1027.7633    33.9342    33.9352    8.42165         27 0.0000e+00
     95.000     93.995    -1.5941  26.954481    -1.5959  26.954398     6.7632     6.9136     2.0741    90.5562 1.0000e-12  -74.01574 -112.83704  28.337612      99.76 3.2514e+01    413.643       9928  1027.7681  1027.7697    33.9361    33.9380    8.41875         27 0.0000e+00
     96.000     94.986    -1.5982  26.951942    -1.6000  26.951984     6.7541     6.9066     1.6181    90.5987 1.0000e-12  -74.01574 -112.83704  28.337625      99.76 3.3116e+01    414.810       9956  1027.7735  1027.7752    33.9365    33.9386    8.41964         28 0.0000e+00
     97.000     95.975    -1.5877  26.962875    -1.5894  26.962396     6.7487     6.9052     1.7838    90.9644 1.0000e-12  -74.01574 -112.83704  28.337639      99.76 3.3245e+01    415.993       9985  1027.7797  1027.7808    33.9391    33.9404    8.41711         28 0.0000e+00
     98.000     96.963    -1.5740  26.975701    -1.5751  26.975361     6.7107     6.8695     1.5741    91.0054 1.0000e-12  -74.01574 -112.83704  28.337652      99.77 3.2826e+01    417.166      10013  1027.7849  1027.7856    33.9406    33.9414    8.41391         29 0.0000e+00
     99.000     97.953    -1.5498  26.998261    -1.5500  26.998658     6.6587     6.8223     1.5511    91.2162 1.0000e-12  -74.01574 -112.83704  28.337666      99.76 3.3128e+01    418.367      10042  1027.7909  1027.7914    33.9437    33.9444    8.40826         29 0.0000e+00
    100.000     98.940    -1.5222  27.025852    -1.5233  27.025786     6.6312     6.7976     2.1660    90.9766 1.0000e-12  -74.01574 -112.83704  28.337680      99.76 3.3021e+01    419.519      10069  1027.7991  1027.8001    33.9497    33.9509    8.40164         26 0.0000e+00
    101.000     99.933    -1.5169  27.031763    -1.5184  27.031472     6.6180     6.7804     2.0602    91.2500 1.0000e-12  -74.01574 -112.83704  28.337692      99.74 3.3504e+01    420.589      10095  1027.8051  1027.8062    33.9513    33.9526    8.40037         24 0.0000e+00
    102.000    100.920    -1.5140  27.035044    -1.5160  27.034294     6.5732     6.7407     1.9215    91.4244 1.0000e-12  -74.01574 -112.83704  28.337705      99.76 3.3495e+01    421.738      10123  1027.8105  1027.8115    33.9518    33.9531    8.39967         29 0.0000e+00
    103.000    101.910    -1.5041  27.045483    -1.5042  27.046177     6.4573     6.6327     1.8722    91.6569 1.0000e-12  -74.01574 -112.83704  28.337720      99.76 3.3495e+01    422.984      10153  1027.8170  1027.8178    33.9544    33.9554    8.39729         30 0.0000e+00
    104.000    102.898    -1.4777  27.071906    -1.4782  27.071832     6.3405     6.5204     1.8538    91.4614 1.0000e-12  -74.01574 -112.83704  28.337734      99.75 3.3495e+01    424.176      10181  1027.8251  1027.8254    33.9601    33.9606    8.39097         28 0.0000e+00
    105.000    103.888    -1.4452  27.102601    -1.4456  27.102754     6.2628     6.4413     1.9027    91.4771 1.0000e-12  -74.01574 -112.83704  28.337746      99.76 3.3495e+01    425.294      10208  1027.8320  1027.8326    33.9649    33.9655    8.38337         26 0.0000e+00
    106.000    104.877    -1.4336  27.113854    -1.4345  27.113640     6.2114     6.3924     2.2425    91.3064 1.0000e-12  -74.01574 -112.83704  28.337759      99.77 3.3495e+01    426.387      10234  1027.8379  1027.8385    33.9666    33.9673    8.38067         26 0.0000e+00
    107.000    105.865    -1.4218  27.126012    -1.4229  27.125678     6.2051     6.3783     2.0815    90.9990 1.0000e-12  -74.01574 -112.83704  28.337772      99.76 3.3495e+01    427.481      10261  1027.8445  1027.8453    33.9693    33.9701    8.37785         27 0.0000e+00
    108.000    106.855    -1.4168  27.131210    -1.4181  27.130943     6.2190     6.3820     1.5913    91.3344 1.0000e-12  -74.01574 -112.83704  28.337785      99.75 3.3495e+01    428.627      10288  1027.8501  1027.8510    33.9702    33.9713    8.37668         28 0.0000e+00
    109.000    107.845    -1.4232  27.126737    -1.4245  27.126665     6.2289     6.3792     1.0795    91.5169 1.0000e-12  -74.01574 -112.83704  28.337799      99.78 3.3495e+01    429.809      10316  1027.8560  1027.8572    33.9706    33.9720    8.37808         28 0.0000e+00
    110.000    108.832    -1.4244  27.127252    -1.4254  27.127204     6.2329     6.3807     1.2097    91.8771 1.0000e-12  -74.01575 -112.83704  28.337812      99.75 3.3495e+01    430.979      10345  1027.8623  1027.8632    33.9721    33.9732    8.37827         28 0.0000e+00
    111.000    109.824    -1.4217  27.130630    -1.4228  27.130640     6.2320     6.3820     1.0578    91.8127 1.0000e-12  -74.01576 -112.83704  28.337826      99.77 3.3495e+01    432.145      10372  1027.8680  1027.8690    33.9731    33.9743    8.37761         28 0.0000e+00
    112.000    110.812    -1.4224  27.130643    -1.4234  27.130655     6.2380     6.3797     1.0872    91.7851 1.0000e-12  -74.01576 -112.83704  28.337839      99.78 3.3495e+01    433.296      10400  1027.8731  1027.8741    33.9732    33.9744    8.37774         27 0.0000e+00
    113.000    111.801    -1.4230  27.130698    -1.4238  27.130876     6.2452     6.3848     0.9952    91.5983 1.0000e-12  -74.01576 -112.83704  28.337852      99.77 3.3495e+01    434.380      10426  1027.8782  1027.8792    33.9733    33.9745    8.37787         25 0.0000e+00
    114.000    112.790    -1.4238  27.130403    -1.4251  27.130140     6.2501     6.3838     0.9998    91.6592 1.0000e-12  -74.01576 -112.83704  28.337864      99.34 3.2739e+01    435.480      10453  1027.8831  1027.8841    33.9732    33.9744    8.37806         28 0.0000e+00
    115.000    113.781    -1.4253  27.130131    -1.4263  27.130023     6.2300     6.3622     1.1005    91.9094 1.0000e-12  -74.01576 -112.83704  28.337878      95.48 3.3059e+01    436.694      10482  1027.8887  1027.8895    33.9740    33.9750    8.37836         28 0.0000e+00
    116.000    114.768    -1.4232  27.133234    -1.4242  27.133120     6.1945     6.3361     1.1798    92.3067 1.0000e-12  -74.01576 -112.83704  28.337893      99.90 3.3509e+01    437.955      10512  1027.8945  1027.8953    33.9752    33.9761    8.37781         29 0.0000e+00
