ocean_section_plots/required_files/ctd/dnbp2202_CTD002.cnv
* Sea-Bird SBE 9 Data File:
* FileName = D:\Data\raw\NBP2202_002.hex
* Software Version Seasave V 7.26.7.121
* Temperature SN = 1649
* Conductivity SN = 2513
* Number of Bytes Per Scan = 40
* Number of Voltage Words = 5
* Number of Scans Averaged by the Deck Unit = 1
* NMEA Latitude = 69 26.97 S
* NMEA Longitude = 102 20.59 W
* NMEA UTC (Time) = Jan 12 2022  15:16:05
* NMEA baud rate = 9600
** Ship: RVIB N.B. Palmer
** Cruise: NBP2202 Thwaites
** Station: Test
** Operator: B.Bjork A.Robinson
# nquan = 25
# nvalues = 510                         
# units = specified
# name 0 = prDM: Pressure, Digiquartz [db]
# name 1 = depSM: Depth [salt water, m]
# name 2 = t090C: Temperature [ITS-90, deg C]
# name 3 = c0mS/cm: Conductivity [mS/cm]
# name 4 = t190C: Temperature, 2 [ITS-90, deg C]
# name 5 = c1mS/cm: Conductivity, 2 [mS/cm]
# name 6 = sbeox0ML/L: Oxygen, SBE 43 [ml/l]
# name 7 = sbeox1ML/L: Oxygen, SBE 43, 2 [ml/l]
# name 8 = flECO-AFL: Fluorescence, WET Labs ECO-AFL/FL [mg/m^3]
# name 9 = CStarTr0: Beam Transmission, WET Labs C-Star [%]
# name 10 = par: PAR/Irradiance, Biospherical/Licor
# name 11 = latitude: Latitude [deg]
# name 12 = longitude: Longitude [deg]
# name 13 = timeJ: Julian Days
# name 14 = altM: Altimeter [m]
# name 15 = spar: SPAR, Biospherical/Licor
# name 16 = timeS: Time, Elapsed [seconds]
# name 17 = scan: Scan Count
# name 18 = density00: Density [density, kg/m^3]
# name 19 = density11: Density, 2 [density, kg/m^3]
# name 20 = sal00: Salinity, Practical [PSU]
# name 21 = sal11: Salinity, Practical, 2 [PSU]
# name 22 = oxsolML/L: Oxygen Saturation, Garcia & Gordon [ml/l]
# name 23 = nbin: number of scans per bin
# name 24 = flag: flag
# span 0 =      3.000,    512.000       
# span 1 =      2.964,    506.187       
# span 2 =    -1.6084,     1.9706       
# span 3 =  26.839031,  30.703188       
# span 4 =    -1.6084,     1.9730       
# span 5 =  26.838456,  30.702746       
# span 6 =     4.0408,     8.8692       
# span 7 =     4.1351,     9.0561       
# span 8 =    -0.0244,    14.1521       
# span 9 =    87.5014,    99.7245       
# span 10 = 1.0000e-12, 3.2352e+02      
# span 11 =  -69.44958,  -69.44956      
# span 12 = -102.34329, -102.34326      
# span 13 =  12.639201,  12.649990      
# span 14 =      16.13,     100.38      
# span 15 = 8.0440e+02, 1.0645e+03      
# span 16 =    261.961,   1194.134      
# span 17 =       6288,      28660      
# span 18 =  1026.6033,  1030.1438      
# span 19 =  1026.6054,  1030.1410      
# span 20 =    33.0750,    34.7083      
# span 21 =    33.0786,    34.7044      
# span 22 =    7.63311,    8.42900      
# span 23 =          1,         49      
# span 24 = 0.0000e+00, 0.0000e+00      
# interval = decibars: 1                
# start_time = Jan 12 2022 15:16:05 [NMEA time, header]
# bad_flag = -9.990e-29
*END*
[from data line 58]
     61.000     60.374    -1.6015  26.855809    -1.6014  26.854667     7.4819     7.6916    13.4971    89.9913 3.0888e-01  -69.44957 -102.34328  12.640617      99.48 9.2724e+02    384.334       9225  1027.5181  1027.5167    33.8292    33.8274    8.42683         38 0.0000e+00
     62.000     61.365    -1.5787  26.891044    -1.5784  26.890194     7.4119     7.6219    10.4199    90.7457 2.6641e-01  -69.44957 -102.34328  12.640639      99.44 9.2728e+02    386.219       9270  1027.5396  1027.5383    33.8514    33.8498    8.42032         35 0.0000e+00
     63.000     62.354    -1.5725  26.901337    -1.5723  26.900556     7.4170     7.6126     6.8100    91.0715 2.3245e-01  -69.44957 -102.34328  12.640658      95.86 9.2728e+02    387.813       9309  1027.5494  1027.5484    33.8579    33.8566    8.41851         39 0.0000e+00
     64.000     63.345    -1.5697  26.905579    -1.5695  26.904944     7.4071     7.5928     6.2531    91.3773 2.0109e-01  -69.44957 -102.34328  12.640678      99.82 9.2728e+02    389.612       9352  1027.5559  1027.5549    33.8600    33.8589    8.41777         41 0.0000e+00
     65.000     64.334    -1.5661  26.914447    -1.5658  26.913725     7.3901     7.5696     7.4899    93.4027 1.7901e-01  -69.44956 -102.34327  12.640700      99.70 9.2728e+02    391.477       9396  1027.5667  1027.5656    33.8676    33.8662    8.41649         41 0.0000e+00
     66.000     65.323    -1.5663  26.918182    -1.5662  26.917139     7.3622     7.5530     4.5525    93.0328 1.6156e-01  -69.44956 -102.34328  12.640719      99.79 9.2723e+02    393.143       9436  1027.5755  1027.5743    33.8723    33.8708    8.41625         34 0.0000e+00
     67.000     66.314    -1.5686  26.921274    -1.5685  26.920562     7.3245     7.5011     3.5569    93.1552 1.4586e-01  -69.44956 -102.34328  12.640737      99.79 9.2571e+02    394.702       9474  1027.5857  1027.5847    33.8787    33.8775    8.41641         30 0.0000e+00
     68.000     67.303    -1.5694  26.937402    -1.5694  26.936655     7.2934     7.4754     3.9408    94.8690 1.3090e-01  -69.44956 -102.34328  12.640756      99.81 9.2537e+02    396.299       9512  1027.6088  1027.6080    33.9012    33.9002    8.41522         38 0.0000e+00
     69.000     68.291    -1.5758  26.936687    -1.5756  26.935960     7.2876     7.4649     4.7460    94.9569 1.1726e-01  -69.44956 -102.34328  12.640776      99.82 9.2293e+02    398.069       9555  1027.6187  1027.6177    33.9070    33.9057    8.41635         37 0.0000e+00
     70.000     69.282    -1.5741  26.941224    -1.5738  26.940536     7.2791     7.4442     4.8949    95.0378 1.0465e-01  -69.44956 -102.34328  12.640799      96.69 9.2083e+02    400.011       9601  1027.6264  1027.6253    33.9107    33.9093    8.41574         39 0.0000e+00
     71.000     70.271    -1.5724  26.945427    -1.5721  26.944733     7.2630     7.4305     4.6489    95.4968 9.2386e-02  -69.44956 -102.34328  12.640821      98.15 9.1740e+02    401.937       9647  1027.6338  1027.6326    33.9139    33.9126    8.41515         41 0.0000e+00
     72.000     71.261    -1.5694  26.951357    -1.5691  26.950482     7.2389     7.4119     3.3389    95.4735 8.0071e-02  -69.44956 -102.34328  12.640842      99.82 9.1384e+02    403.736       9691  1027.6418  1027.6405    33.9181    33.9165    8.41422         40 0.0000e+00
     73.000     72.249    -1.5655  26.960987    -1.5653  26.960188     7.2199     7.3919     3.6505    95.6262 6.9923e-02  -69.44956 -102.34328  12.640862      99.84 9.1123e+02    405.487       9733  1027.6531  1027.6520    33.9263    33.9250    8.41284         35 0.0000e+00
     74.000     73.241    -1.5584  26.973055    -1.5578  26.972128     7.1971     7.3705     4.5901    95.1423 6.0693e-02  -69.44956 -102.34328  12.640884      99.77 9.0916e+02    407.377       9778  1027.6640  1027.6624    33.9343    33.9324    8.41075         44 0.0000e+00
     75.000     74.230    -1.5463  26.992001    -1.5458  26.990874     7.1556     7.3347     3.1152    95.7711 5.1192e-02  -69.44956 -102.34327  12.640910      99.82 9.0761e+02    409.614       9832  1027.6778  1027.6761    33.9461    33.9440    8.40731         41 0.0000e+00
     76.000     75.218    -1.5323  27.011572    -1.5319  27.010736     7.1411     7.3117     3.8283    95.7042 4.2651e-02  -69.44956 -102.34327  12.640936      99.84 9.0619e+02    411.907       9887  1027.6906  1027.6892    33.9567    33.9550    8.40352         34 0.0000e+00
     77.000     76.208    -1.5284  27.018029    -1.5278  27.017142     7.1250     7.2924     3.2021    96.2657 3.6152e-02  -69.44956 -102.34327  12.640960      95.08 9.0569e+02    413.908       9935  1027.6984  1027.6969    33.9605    33.9586    8.40241         37 0.0000e+00
     78.000     77.198    -1.5302  27.022414    -1.5298  27.021710     7.1148     7.2830     5.0493    96.2804 2.8433e-02  -69.44956 -102.34327  12.640984      99.78 9.0404e+02    415.976       9984  1027.7096  1027.7084    33.9680    33.9665    8.40237         41 0.0000e+00
     79.000     78.188    -1.5242  27.032231    -1.5238  27.031096     7.0990     7.2606     2.7144    96.4697 2.2676e-02  -69.44956 -102.34327  12.641009      99.87 9.0192e+02    418.206      10038  1027.7191  1027.7175    33.9740    33.9721    8.40064         39 0.0000e+00
     80.000     79.181    -1.5068  27.050654    -1.5059  27.049993     7.0936     7.2635     3.4388    96.2405 1.7096e-02  -69.44956 -102.34327  12.641034      99.86 9.0024e+02    420.326      10089  1027.7271  1027.7255    33.9791    33.9771    8.39641         29 0.0000e+00
     81.000     80.165    -1.5003  27.061341    -1.5002  27.059610     7.0773     7.2459     2.3711    96.4425 1.1987e-02  -69.44956 -102.34327  12.641058      99.86 8.9803e+02    422.455      10140  1027.7372  1027.7353    33.9858    33.9834    8.39454         37 0.0000e+00
     82.000     81.157    -1.4821  27.083059    -1.4836  27.080072     7.0638     7.2265     3.1018    96.6996 7.3395e-03  -69.44956 -102.34327  12.641083      99.87 8.9603e+02    424.535      10190  1027.7482  1027.7463    33.9945    33.9920    8.38993         41 0.0000e+00
     83.000     82.145    -1.4876  27.081438    -1.4825  27.084306     7.0602     7.2214     1.4942    96.9371 3.2597e-03  -69.44956 -102.34327  12.641107      99.49 8.9376e+02    426.683      10241  1027.7564  1027.7546    33.9979    33.9960    8.39097         46 0.0000e+00
     84.000     83.135    -1.4957  27.076637    -1.4947  27.075910     7.0475     7.2270     1.8068    97.1128 3.6227e-04  -69.44956 -102.34327  12.641135      99.20 8.9220e+02    429.047      10298  1027.7634  1027.7617    33.9998    33.9977    8.39266         43 0.0000e+00
     85.000     84.125    -1.4809  27.092422    -1.4756  27.094988     7.0087     7.1879     1.6439    97.3858 1.4291e-06  -69.44956 -102.34327  12.641159      99.89 8.9001e+02    431.094      10347  1027.7709  1027.7686    34.0042    34.0016    8.38908         41 0.0000e+00
     86.000     85.114    -1.3958  27.171610    -1.3903  27.172756     6.9757     7.1494     1.0248    97.7267 1.0000e-12  -69.44956 -102.34328  12.641181      99.89 8.8707e+02    433.054      10394  1027.7802  1027.7762    34.0158    34.0111    8.36924         46 0.0000e+00
     87.000     86.104    -1.3449  27.216663    -1.3444  27.215589     6.9540     7.1284     1.1018    98.0146 1.0000e-12  -69.44956 -102.34328  12.641206      99.90 8.8530e+02    435.204      10446  1027.7856  1027.7839    34.0193    34.0172    8.35762         41 0.0000e+00
     88.000     87.094    -1.3191  27.242897    -1.3179  27.242073     6.9411     7.1078     1.4562    98.1755 1.0000e-12  -69.44956 -102.34328  12.641232      99.89 8.8399e+02    437.433      10499  1027.7946  1027.7926    34.0253    34.0228    8.35147         39 0.0000e+00
     89.000     88.081    -1.2995  27.264948    -1.2985  27.263697     6.9145     7.0739     1.4559    98.1629 1.0000e-12  -69.44956 -102.34328  12.641257      94.58 8.8213e+02    439.595      10551  1027.8051  1027.8026    34.0328    34.0298    8.34666         34 0.0000e+00
     90.000     89.073    -1.2639  27.299927    -1.2625  27.299075     6.8844     7.0510     0.8642    98.3235 1.0000e-12  -69.44956 -102.34328  12.641281      99.74 8.8035e+02    441.713      10602  1027.8137  1027.8116    34.0397    34.0369    8.33830         41 0.0000e+00
     91.000     90.061    -1.2426  27.320439    -1.2414  27.319694     6.8694     7.0433     0.7241    98.7510 1.0000e-12  -69.44956 -102.34327  12.641306      99.90 8.7880e+02    443.795      10652  1027.8208  1027.8189    34.0430    34.0406    8.33335         47 0.0000e+00
     92.000     91.051    -1.2272  27.337431    -1.2264  27.335877     6.8304     7.0052     0.9165    98.5305 1.0000e-12  -69.44956 -102.34327  12.641329      99.90 8.7598e+02    445.808      10700  1027.8296  1027.8271    34.0482    34.0451    8.32962         45 0.0000e+00
     93.000     92.041    -1.1892  27.374435    -1.1870  27.374031     6.8009     6.9862     0.5762    98.4559 1.0000e-12  -69.44956 -102.34328  12.641352      99.90 8.7315e+02    447.819      10749  1027.8382  1027.8357    34.0551    34.0520    8.32075         43 0.0000e+00
     94.000     93.031    -1.1714  27.392687    -1.1707  27.390990     6.7547     6.9409     0.8423    98.7370 1.0000e-12  -69.44956 -102.34328  12.641377      99.90 8.7010e+02    449.986      10801  1027.8460  1027.8434    34.0592    34.0561    8.31655         44 0.0000e+00
     95.000     94.018    -1.0851  27.473114    -1.0830  27.472547     6.7165     6.8841     0.8112    98.9628 1.0000e-12  -69.44956 -102.34328  12.641403      99.90 8.6684e+02    452.206      10854  1027.8552  1027.8525    34.0706    34.0674    8.29675         41 0.0000e+00
     96.000     95.010    -1.0583  27.496722    -1.0575  27.495199     6.7027     6.8625     0.5709    98.7433 1.0000e-12  -69.44956 -102.34327  12.641427      99.72 8.6333e+02    454.322      10905  1027.8603  1027.8578    34.0718    34.0688    8.29074         39 0.0000e+00
     97.000     95.998    -1.0503  27.505070    -1.0495  27.503822     6.6917     6.8545     0.3887    98.8793 1.0000e-12  -69.44956 -102.34327  12.641453      99.91 8.5949e+02    456.523      10958  1027.8670  1027.8648    34.0735    34.0709    8.28888         42 0.0000e+00
     98.000     96.988    -1.0422  27.514297    -1.0405  27.513511     6.6730     6.8367     0.3336    98.9386 1.0000e-12  -69.44956 -102.34327  12.641476      99.90 8.5595e+02    458.509      11005  1027.8742  1027.8716    34.0763    34.0732    8.28693         39 0.0000e+00
     99.000     97.978    -1.0162  27.538882    -1.0142  27.538150     6.6512     6.8156     0.3375    98.8869 1.0000e-12  -69.44956 -102.34328  12.641497      99.90 8.5236e+02    460.340      11049  1027.8805  1027.8778    34.0797    34.0765    8.28099         39 0.0000e+00
    100.000     98.966    -0.9652  27.586959    -0.9621  27.586199     6.5970     6.7634     0.3157    98.7909 1.0000e-12  -69.44956 -102.34328  12.641521      99.90 8.4898e+02    462.420      11099  1027.8884  1027.8845    34.0868    34.0823    8.26934         43 0.0000e+00
    101.000     99.956    -0.9191  27.632061    -0.9176  27.631065     6.5845     6.7433     0.4020    99.0566 1.0000e-12  -69.44956 -102.34327  12.641548      99.90 8.4459e+02    464.767      11155  1027.8979  1027.8954    34.0953    34.0923    8.25870         42 0.0000e+00
    102.000    100.946    -0.9155  27.636918    -0.9146  27.636012     6.5443     6.7258     0.4611    99.2011 1.0000e-12  -69.44956 -102.34327  12.641574      93.55 8.4207e+02    466.990      11209  1027.9050  1027.9031    34.0973    34.0949    8.25781         38 0.0000e+00
    103.000    101.934    -0.8525  27.700817    -0.8494  27.699092     6.4781     6.6512     0.1871    99.1592 1.0000e-12  -69.44956 -102.34327  12.641597      99.99 8.3996e+02    468.964      11256  1027.9180  1027.9131    34.1121    34.1062    8.24314         37 0.0000e+00
    104.000    102.926    -0.7802  27.768328    -0.7777  27.767471     6.4623     6.6215     0.2229    99.2789 1.0000e-12  -69.44957 -102.34327  12.641619      99.90 8.3740e+02    470.862      11302  1027.9262  1027.9229    34.1212    34.1173    8.22680         34 0.0000e+00
    105.000    103.910    -0.7715  27.777823    -0.7701  27.776664     6.4548     6.6189     0.5071    99.2228 1.0000e-12  -69.44956 -102.34327  12.641643      99.91 8.3604e+02    472.969      11352  1027.9335  1027.9310    34.1237    34.1206    8.22477         37 0.0000e+00
    106.000    104.904    -0.7446  27.805052    -0.7427  27.804026     6.4004     6.5758     0.6145    99.3376 1.0000e-12  -69.44956 -102.34327  12.641669      99.90 8.3251e+02    475.241      11407  1027.9421  1027.9391    34.1295    34.1259    8.21857         36 0.0000e+00
    107.000    105.893    -0.6806  27.867326    -0.6771  27.866447     6.3248     6.4884     0.1917    99.3393 1.0000e-12  -69.44956 -102.34328  12.641694      99.91 8.3084e+02    477.357      11458  1027.9524  1027.9480    34.1408    34.1356    8.20401         39 0.0000e+00
    108.000    106.882    -0.6103  27.934578    -0.6076  27.933584     6.2921     6.4554     0.1400    99.1679 1.0000e-12  -69.44956 -102.34328  12.641716      96.44 8.2830e+02    479.291      11504  1027.9619  1027.9583    34.1516    34.1472    8.18815         39 0.0000e+00
    109.000    107.871    -0.5911  27.953450    -0.5890  27.952289     6.2823     6.4425     0.1433    99.3090 1.0000e-12  -69.44956 -102.34328  12.641739      99.81 8.2531e+02    481.255      11551  1027.9690  1027.9658    34.1547    34.1508    8.18380         42 0.0000e+00
    110.000    108.862    -0.5702  27.973801    -0.5684  27.972548     6.2764     6.4216     0.1631    99.2485 1.0000e-12  -69.44956 -102.34328  12.641763      99.91 8.2256e+02    483.353      11601  1027.9760  1027.9730    34.1580    34.1543    8.17911         36 0.0000e+00
    111.000    109.850    -0.5497  27.994415    -0.5475  27.993279     6.2532     6.4088     0.1598    99.3250 1.0000e-12  -69.44956 -102.34328  12.641788      99.91 8.1981e+02    485.452      11652  1027.9834  1027.9801    34.1619    34.1579    8.17445         45 0.0000e+00
    112.000    110.838    -0.5339  28.009401    -0.5322  28.008143     6.2473     6.4050     0.1602    99.4043 1.0000e-12  -69.44956 -102.34328  12.641812      99.90 8.1696e+02    487.576      11703  1027.9893  1027.9863    34.1637    34.1601    8.17094         38 0.0000e+00
    113.000    111.829    -0.5205  28.022743    -0.5183  28.021675     6.2371     6.3962     0.1719    99.4338 1.0000e-12  -69.44956 -102.34328  12.641836      99.91 8.1480e+02    489.638      11752  1027.9956  1027.9923    34.1659    34.1620    8.16792         44 0.0000e+00
    114.000    112.818    -0.4972  28.045812    -0.4945  28.044941     6.2335     6.3858     0.1401    99.3843 1.0000e-12  -69.44956 -102.34328  12.641859      93.42 8.1270e+02    491.589      11799  1028.0025  1027.9991    34.1700    34.1659    8.16266         30 0.0000e+00
    115.000    113.806    -0.4711  28.071571    -0.4678  28.071496     6.2220     6.3726     0.2648    99.4086 1.0000e-12  -69.44956 -102.34328  12.641882      98.50 8.0991e+02    493.589      11847  1028.0098  1028.0065    34.1747    34.1708    8.15680         44 0.0000e+00
    116.000    114.796    -0.4502  28.092417    -0.4482  28.091592     6.2001     6.3553     0.2046    99.4075 1.0000e-12  -69.44956 -102.34328  12.641906      99.87 8.0899e+02    495.681      11897  1028.0167  1028.0139    34.1785    34.1751    8.15208         37 0.0000e+00
    117.000    115.786    -0.4470  28.096166    -0.4486  28.092586     6.2041     6.3635     0.1992    99.4526 1.0000e-12  -69.44956 -102.34328  12.641930      99.90 8.0732e+02    497.757      11947  1028.0225  1028.0203    34.1793    34.1763    8.15134         39 0.0000e+00
