ocean_section_plots/required_files/ctd/dnbp2202_ctd015.cnv
* Sea-Bird SBE 9 Data File:
* FileName = D:\Data\raw\NBP2202_CTD015.hex
* Software Version Seasave V 7.26.7.121
* Temperature SN = 1649
* Conductivity SN = 2513
* Number of Bytes Per Scan = 40
* Number of Voltage Words = 5
* Number of Scans Averaged by the Deck Unit = 1
* NMEA Latitude = 73 03.16 S
* NMEA Longitude = 113 40.41 W
* NMEA UTC (Time) = Jan 17 2022  03:21:48
* NMEA baud rate = 9600
** Ship: RVIB N.B. Palmer
** Cruise: NBP2202 Thwaites
** Station: #10
** Operator: B Bjork
# nquan = 25
# nvalues = 475                         
# units = specified
# name 0 = prDM: Pressure, Digiquartz [db]
# name 1 = depSM: Depth [salt water, m]
# name 2 = t090C: Temperature [ITS-90, deg C]
# name 3 = c0mS/cm: Conductivity [mS/cm]
# name 4 = t190C: Temperature, 2 [ITS-90, deg C]
# name 5 = c1mS/cm: Conductivity, 2 [mS/cm]
# name 6 = sbeox0ML/L: Oxygen, SBE 43 [ml/l]
# name 7 = sbeox1ML/L: Oxygen, SBE 43, 2 [ml/l]
# name 8 = flECO-AFL: Fluorescence, WET Labs ECO-AFL/FL [mg/m^3]
# name 9 = CStarTr0: Beam Transmission, WET Labs C-Star [%]
# name 10 = par: PAR/Irradiance, Biospherical/Licor
# name 11 = latitude: Latitude [deg]
# name 12 = longitude: Longitude [deg]
# name 13 = timeJ: Julian Days
# name 14 = altM: Altimeter [m]
# name 15 = spar: SPAR, Biospherical/Licor
# name 16 = timeS: Time, Elapsed [seconds]
# name 17 = scan: Scan Count
# name 18 = density00: Density [density, kg/m^3]
# name 19 = density11: Density, 2 [density, kg/m^3]
# name 20 = sal00: Salinity, Practical [PSU]
# name 21 = sal11: Salinity, Practical, 2 [PSU]
# name 22 = oxsolML/L: Oxygen Saturation, Garcia & Gordon [ml/l]
# name 23 = nbin: number of scans per bin
# name 24 = flag: flag
# span 0 =      2.000,    476.000       
# span 1 =      1.980,    470.560       
# span 2 =    -1.6645,     0.5097       
# span 3 =  26.898986,  29.358936       
# span 4 =    -1.6637,     0.5127       
# span 5 =  26.898903,  29.359292       
# span 6 =     4.5812,     8.8228       
# span 7 =     4.8442,     9.3845       
# span 8 =    -0.0174,    27.4412       
# span 9 =    68.5336,    97.3141       
# span 10 = 1.0000e-12, 3.4935e+01      
# span 11 =  -73.05276,  -73.05274      
# span 12 = -113.67374, -113.67366      
# span 13 =  17.142236,  17.150866      
# span 14 =       9.35,     100.92      
# span 15 = 7.7995e+01, 1.2869e+02      
# span 16 =    181.212,    926.845      
# span 17 =       4350,      22245      
# span 18 =  1027.2313,  1029.9754      
# span 19 =  1027.2304,  1029.9726      
# span 20 =    33.8756,    34.5631      
# span 21 =    33.8747,    34.5599      
# span 22 =    7.92904,    8.43368      
# span 23 =         16,         50      
# span 24 = 0.0000e+00, 0.0000e+00      
# interval = decibars: 1                
# start_time = Jan 17 2022 03:21:48 [NMEA time, header]
# bad_flag = -9.990e-29
*END*
[from data line 406]
    408.000    403.402     0.0402  28.818457     0.0426  28.818011     4.8103     5.0871    -0.0040    97.1572 1.0000e-12  -73.05276 -113.67372  17.149133      78.89 8.9907e+01    777.120      18652  1029.5701  1029.5673    34.4181    34.4148    8.03442         26 0.0000e+00
    409.000    404.390     0.0423  28.821258     0.0448  28.820827     4.8069     5.0912     0.0041    97.1638 1.0000e-12  -73.05274 -113.67372  17.149148      77.79 8.9907e+01    778.357      18682  1029.5753  1029.5725    34.4188    34.4154    8.03394         33 0.0000e+00
    410.000    405.379     0.0451  28.824894     0.0475  28.824444     4.8087     5.0826     0.0069    97.1599 1.0000e-12  -73.05274 -113.67372  17.149164      76.69 8.9907e+01    779.737      18715  1029.5808  1029.5780    34.4199    34.4166    8.03330         31 0.0000e+00
    411.000    406.365     0.0478  28.828532     0.0503  28.828124     4.8024     5.0823    -0.0068    97.1724 1.0000e-12  -73.05276 -113.67373  17.149180      75.64 8.9907e+01    781.122      18748  1029.5864  1029.5835    34.4211    34.4177    8.03266         33 0.0000e+00
    412.000    407.354     0.0534  28.835179     0.0559  28.834593     4.7995     5.0807    -0.0087    97.1902 1.0000e-12  -73.05276 -113.67373  17.149197      74.57 8.9907e+01    782.605      18784  1029.5922  1029.5892    34.4230    34.4194    8.03138         38 0.0000e+00
    413.000    408.340     0.0552  28.837092     0.0576  28.836748     4.7975     5.0747    -0.0090    97.1888 1.0000e-12  -73.05276 -113.67373  17.149214      73.54 8.9907e+01    784.122      18820  1029.5969  1029.5941    34.4230    34.4198    8.03102         34 0.0000e+00
    414.000    409.328     0.0617  28.844936     0.0645  28.844594     4.7950     5.0720    -0.0046    97.1825 1.0000e-12  -73.05276 -113.67374  17.149230      72.66 8.9907e+01    785.430      18851  1029.6030  1029.6000    34.4254    34.4219    8.02951         29 0.0000e+00
    415.000    410.317     0.0712  28.855246     0.0737  28.854805     4.7914     5.0655    -0.0102    97.1950 1.0000e-12  -73.05274 -113.67372  17.149243      71.69 8.9907e+01    786.626      18880  1029.6089  1029.6060    34.4278    34.4244    8.02739         29 0.0000e+00
    416.000    411.304     0.0758  28.860878     0.0783  28.860345     4.7876     5.0665    -0.0053    97.1881 1.0000e-12  -73.05274 -113.67372  17.149259      70.59 8.9907e+01    787.948      18912  1029.6147  1029.6117    34.4295    34.4259    8.02634         33 0.0000e+00
    417.000    412.292     0.0748  28.861002     0.0773  28.860529     4.7884     5.0621    -0.0083    97.1827 1.0000e-12  -73.05276 -113.67372  17.149276      69.55 8.9907e+01    789.475      18948  1029.6202  1029.6173    34.4301    34.4268    8.02650         38 0.0000e+00
    418.000    413.279     0.0783  28.866376     0.0812  28.866032     4.7882     5.0608    -0.0015    97.2061 1.0000e-12  -73.05276 -113.67373  17.149294      68.35 8.9907e+01    791.007      18985  1029.6268  1029.6236    34.4328    34.4290    8.02563         33 0.0000e+00
    419.000    414.267     0.0857  28.875226     0.0884  28.874965     4.7785     5.0563     0.0095    97.2154 1.0000e-12  -73.05274 -113.67374  17.149310      67.49 8.9907e+01    792.424      19019  1029.6333  1029.6303    34.4356    34.4321    8.02393         33 0.0000e+00
    420.000    415.254     0.0930  28.883900     0.0958  28.883777     4.7780     5.0574    -0.0079    97.1527 1.0000e-12  -73.05274 -113.67373  17.149326      66.46 8.9907e+01    793.769      19051  1029.6395  1029.6366    34.4382    34.4349    8.02225         32 0.0000e+00
    421.000    416.243     0.0964  28.888043     0.0990  28.887625     4.7791     5.0496     0.0084    97.2187 1.0000e-12  -73.05274 -113.67372  17.149341      65.55 8.9907e+01    795.090      19083  1029.6449  1029.6420    34.4392    34.4358    8.02147         32 0.0000e+00
    422.000    417.231     0.0991  28.891194     0.1012  28.890417     4.7758     5.0566     0.0029    97.2318 1.0000e-12  -73.05274 -113.67372  17.149357      64.43 8.9478e+01    796.464      19116  1029.6499  1029.6471    34.4398    34.4364    8.02088         33 0.0000e+00
    423.000    418.218     0.1008  28.893288     0.1033  28.892887     4.7739     5.0574    -0.0155    97.2429 1.0000e-12  -73.05274 -113.67372  17.149373      63.45 8.9578e+01    797.833      19149  1029.6548  1029.6520    34.4400    34.4367    8.02050         32 0.0000e+00
    424.000    419.206     0.1042  28.897539     0.1072  28.897565     4.7801     5.0579    -0.0048    97.2215 1.0000e-12  -73.05274 -113.67372  17.149389      62.41 8.8771e+01    799.180      19181  1029.6603  1029.6575    34.4413    34.4380    8.01974         34 0.0000e+00
    425.000    420.193     0.1083  28.903048     0.1096  28.900922     4.7792     5.0541    -0.0087    97.2281 1.0000e-12  -73.05274 -113.67372  17.149406      61.32 8.8655e+01    800.677      19217  1029.6664  1029.6630    34.4434    34.4391    8.01876         38 0.0000e+00
    426.000    421.181     0.1095  28.905080     0.1116  28.904070     4.7800     5.0541    -0.0077    97.2435 1.0000e-12  -73.05274 -113.67372  17.149424      60.33 8.8699e+01    802.236      19255  1029.6717  1029.6687    34.4440    34.4404    8.01846         35 0.0000e+00
    427.000    422.169     0.1101  28.906265     0.1124  28.905830     4.7786     5.0524    -0.0013    97.2158 1.0000e-12  -73.05274 -113.67371  17.149439      59.31 8.8257e+01    803.568      19287  1029.6768  1029.6740    34.4444    34.4412    8.01833         29 0.0000e+00
    428.000    423.157     0.1127  28.909746     0.1139  28.908000     4.7787     5.0531    -0.0027    97.1993 1.0000e-12  -73.05274 -113.67370  17.149453      58.35 8.8141e+01    804.714      19314  1029.6822  1029.6792    34.4455    34.4418    8.01772         26 0.0000e+00
    429.000    424.145     0.1208  28.919830     0.1234  28.919526     4.7777     5.0503    -0.0174    97.2266 1.0000e-12  -73.05274 -113.67370  17.149464      57.39 8.8144e+01    805.697      19338  1029.6891  1029.6862    34.4491    34.4457    8.01583         23 0.0000e+00
    430.000    425.132     0.1323  28.932761     0.1351  28.932572     4.7776     5.0472    -0.0125    97.2302 1.0000e-12  -73.05274 -113.67371  17.149476      56.26 8.8144e+01    806.768      19363  1029.6957  1029.6928    34.4526    34.4492    8.01322         31 0.0000e+00
    431.000    426.119     0.1404  28.941682     0.1431  28.941155     4.7671     5.0460    -0.0070    97.2350 1.0000e-12  -73.05274 -113.67370  17.149495      54.97 8.8144e+01    808.378      19402  1029.7015  1029.6984    34.4547    34.4511    8.01142         43 0.0000e+00
    432.000    427.107     0.1514  28.954028     0.1546  28.953953     4.7620     5.0412    -0.0133    97.2327 1.0000e-12  -73.05274 -113.67370  17.149514      54.07 8.8144e+01    810.028      19442  1029.7080  1029.7048    34.4581    34.4544    8.00894         34 0.0000e+00
    433.000    428.094     0.1608  28.964426     0.1633  28.963935     4.7640     5.0330    -0.0017    97.2317 1.0000e-12  -73.05274 -113.67370  17.149528      53.31 8.8144e+01    811.259      19471  1029.7141  1029.7112    34.4606    34.4572    8.00683         27 0.0000e+00
    434.000    429.082     0.1710  28.976667     0.1737  28.976240     4.7607     5.0378    -0.0095    97.2196 1.0000e-12  -73.05274 -113.67368  17.149541      52.35 8.8144e+01    812.344      19497  1029.7213  1029.7183    34.4648    34.4612    8.00448         25 0.0000e+00
    435.000    430.070     0.1774  28.984010     0.1798  28.983565     4.7611     5.0400    -0.0011    97.1953 1.0000e-12  -73.05274 -113.67370  17.149554      51.20 8.8144e+01    813.471      19524  1029.7272  1029.7244    34.4667    34.4634    8.00304         31 0.0000e+00
    436.000    431.058     0.1795  28.986648     0.1818  28.986006     4.7572     5.0338     0.0072    97.2001 1.0000e-12  -73.05274 -113.67370  17.149572      50.03 8.8144e+01    815.062      19562  1029.7323  1029.7295    34.4672    34.4638    8.00257         34 0.0000e+00
    437.000    432.046     0.1871  28.995628     0.1893  28.994941     4.7536     5.0315    -0.0026    97.2021 1.0000e-12  -73.05274 -113.67369  17.149603      49.00 8.8144e+01    817.700      19626  1029.7389  1029.7360    34.4700    34.4665    8.00085         37 0.0000e+00
    438.000    433.032     0.1926  29.002247     0.1950  29.001781     4.7480     5.0239    -0.0110    97.2037 1.0000e-12  -73.05274 -113.67368  17.149619      48.03 8.8144e+01    819.058      19658  1029.7448  1029.7420    34.4719    34.4686    7.99958         26 0.0000e+00
    439.000    434.021     0.1991  29.010308     0.2020  29.010211     4.7477     5.0170    -0.0088    97.1958 1.0000e-12  -73.05274 -113.67368  17.149631      47.30 8.8144e+01    820.090      19683  1029.7511  1029.7483    34.4746    34.4713    7.99808         26 0.0000e+00
    440.000    435.006     0.2047  29.016464     0.2064  29.015038     4.7506     5.0190     0.0015    97.2035 1.0000e-12  -73.05274 -113.67368  17.149650      45.99 8.8144e+01    821.722      19722  1029.7566  1029.7534    34.4758    34.4720    7.99685         36 0.0000e+00
    441.000    435.995     0.2087  29.021783     0.2128  29.022925     4.7302     5.0108    -0.0056    97.1883 1.0000e-12  -73.05274 -113.67368  17.149688      44.98 8.8194e+01    825.020      19801  1029.7628  1029.7599    34.4778    34.4747    7.99592         38 0.0000e+00
    442.000    436.984     0.2161  29.030087     0.2185  29.029583     4.7364     5.0122    -0.0095    97.1864 1.0000e-12  -73.05274 -113.67368  17.149703      44.06 8.8363e+01    826.339      19833  1029.7686  1029.7657    34.4798    34.4764    7.99426         32 0.0000e+00
    443.000    437.972     0.2172  29.031659     0.2197  29.031272     4.7353     5.0132    -0.0016    97.1816 1.0000e-12  -73.05274 -113.67368  17.149723      43.00 8.8938e+01    828.070      19875  1029.7735  1029.7707    34.4801    34.4768    7.99402         35 0.0000e+00
    444.000    438.958     0.2218  29.037280     0.2246  29.036909     4.7270     4.9988    -0.0054    97.1743 1.0000e-12  -73.05274 -113.67368  17.149751      41.91 8.9875e+01    830.495      19933  1029.7793  1029.7762    34.4817    34.4781    7.99296         40 0.0000e+00
    445.000    439.944     0.2309  29.047650     0.2332  29.046896     4.7172     4.9878    -0.0025    97.1672 1.0000e-12  -73.05274 -113.67369  17.149776      40.91 8.9907e+01    832.607      19984  1029.7856  1029.7826    34.4845    34.4810    7.99091         33 0.0000e+00
    446.000    440.933     0.2382  29.056151     0.2410  29.055725     4.7053     4.9856    -0.0082    97.1491 1.0000e-12  -73.05274 -113.67369  17.149805      39.97 8.9907e+01    835.191      20046  1029.7917  1029.7886    34.4869    34.4833    7.98926         36 0.0000e+00
    447.000    441.921     0.2418  29.060410     0.2446  29.060220     4.7018     4.9770    -0.0059    97.1319 1.0000e-12  -73.05274 -113.67368  17.149825      39.01 8.9907e+01    836.899      20087  1029.7971  1029.7941    34.4879    34.4846    7.98847         37 0.0000e+00
    448.000    442.909     0.2455  29.064878     0.2480  29.064427     4.7042     4.9722     0.0039    97.1171 1.0000e-12  -73.05274 -113.67369  17.149846      37.97 8.9907e+01    838.687      20129  1029.8025  1029.7996    34.4891    34.4857    7.98764         37 0.0000e+00
    449.000    443.894     0.2480  29.068130     0.2506  29.067794     4.6987     4.9709    -0.0013    97.0815 1.0000e-12  -73.05274 -113.67370  17.149878      36.88 8.9907e+01    841.470      20196  1029.8078  1029.8049    34.4899    34.4866    7.98706         31 0.0000e+00
    450.000    444.884     0.2508  29.071388     0.2535  29.071003     4.6896     4.9666     0.0027    97.0660 1.0000e-12  -73.05274 -113.67370  17.149902      35.91 8.9823e+01    843.537      20246  1029.8128  1029.8099    34.4905    34.4870    7.98645         41 0.0000e+00
    451.000    445.871     0.2648  29.087240     0.2676  29.086394     4.6896     4.9574    -0.0000    97.0509 1.0000e-12  -73.05274 -113.67370  17.149925      34.92 8.8459e+01    845.506      20293  1029.8200  1029.8164    34.4951    34.4908    7.98329         44 0.0000e+00
    452.000    446.862     0.2796  29.103271     0.2822  29.102789     4.6784     4.9525    -0.0017    97.0596 1.0000e-12  -73.05274 -113.67370  17.149951      33.87 8.8131e+01    847.776      20348  1029.8266  1029.8236    34.4990    34.4954    7.98001         29 0.0000e+00
    453.000    447.846     0.2845  29.108803     0.2874  29.108652     4.6827     4.9532     0.0011    97.0379 1.0000e-12  -73.05274 -113.67371  17.149984      32.88 8.8144e+01    850.610      20416  1029.8321  1029.8291    34.5002    34.4967    7.97894         37 0.0000e+00
    454.000    448.834     0.2953  29.120730     0.2980  29.120091     4.6777     4.9485     0.0038    97.0302 1.0000e-12  -73.05274 -113.67371  17.150006      31.90 8.8144e+01    852.552      20462  1029.8383  1029.8351    34.5031    34.4993    7.97653         39 0.0000e+00
    455.000    449.822     0.3062  29.132543     0.3089  29.132227     4.6707     4.9481    -0.0039    96.9991 1.0000e-12  -73.05274 -113.67372  17.150033      30.81 8.7881e+01    854.816      20517  1029.8445  1029.8414    34.5059    34.5024    7.97413         34 0.0000e+00
    456.000    450.810     0.3242  29.152359     0.3270  29.151673     4.6729     4.9372     0.0055    97.0192 1.0000e-12  -73.05274 -113.67373  17.150065      29.80 8.6601e+01    857.641      20584  1029.8519  1029.8485    34.5111    34.5070    7.97010         39 0.0000e+00
    457.000    451.798     0.3360  29.165195     0.3384  29.164346     4.6758     4.9389     0.0093    97.0189 1.0000e-12  -73.05274 -113.67373  17.150089      28.84 8.6329e+01    859.689      20634  1029.8582  1029.8551    34.5141    34.5104    7.96749         35 0.0000e+00
    458.000    452.784     0.3363  29.166327     0.3406  29.167181     4.6717     4.9377    -0.0107    97.0088 1.0000e-12  -73.05274 -113.67374  17.150146      27.76 8.4549e+01    864.628      20752  1029.8638  1029.8606    34.5147    34.5111    7.96740         40 0.0000e+00
    459.000    453.775     0.3533  29.184285     0.3564  29.184090     4.6648     4.9364     0.0025    97.0302 1.0000e-12  -73.05274 -113.67374  17.150172      26.74 8.4092e+01    866.883      20806  1029.8703  1029.8671    34.5186    34.5149    7.96368         35 0.0000e+00
    460.000    454.760     0.3581  29.190125     0.3614  29.190128     4.6597     4.9288     0.0014    97.0253 1.0000e-12  -73.05274 -113.67374  17.150225      25.73 8.2199e+01    871.472      20916  1029.8762  1029.8730    34.5203    34.5166    7.96259         42 0.0000e+00
    461.000    455.748     0.3884  29.222831     0.3905  29.221316     4.6546     4.9223    -0.0019    97.0211 1.0000e-12  -73.05274 -113.67374  17.150249      24.77 8.1454e+01    873.528      20966  1029.8848  1029.8812    34.5286    34.5243    7.95588         39 0.0000e+00
    462.000    456.735     0.3875  29.222818     0.3921  29.223887     4.6494     4.9173     0.0012    97.0250 1.0000e-12  -73.05274 -113.67372  17.150301      23.67 8.1068e+01    878.016      21073  1029.8905  1029.8871    34.5291    34.5253    7.95605         37 0.0000e+00
    463.000    457.722     0.4072  29.243945     0.4103  29.243867     4.6449     4.9116    -0.0004    97.0389 1.0000e-12  -73.05274 -113.67372  17.150329      22.75 8.0077e+01    880.449      21132  1029.8975  1029.8945    34.5341    34.5305    7.95170         35 0.0000e+00
    464.000    458.710     0.4119  29.249326     0.4126  29.246583     4.6423     4.9106     0.0060    97.0373 1.0000e-12  -73.05274 -113.67372  17.150372      21.63 7.9537e+01    884.114      21220  1029.9031  1029.8997    34.5353    34.5309    7.95067         34 0.0000e+00
