ocean_section_plots/required_files/ctd/dnbp2202_ctd193.cnv
* Sea-Bird SBE 9 Data File:
* FileName = D:\Data\raw\NBP2202_CTD193.hex
* Software Version Seasave V 7.26.7.121
* Temperature SN = 1649
* Conductivity SN = 2513
* Number of Bytes Per Scan = 40
* Number of Voltage Words = 5
* Number of Scans Averaged by the Deck Unit = 1
* NMEA Latitude = 74 10.76 S
* NMEA Longitude = 113 12.55 W
* NMEA UTC (Time) = Feb 07 2022  12:16:19
* NMEA baud rate = 9600
** Ship: RVIB N.B. Palmer
** Cruise: NBP2202 Thwaites
** Station: 114
** Operator: B Bjork
# nquan = 28
# nvalues = 940                         
# units = specified
# name 0 = prDM: Pressure, Digiquartz [db]
# name 1 = depSM: Depth [salt water, m]
# name 2 = t090C: Temperature [ITS-90, deg C]
# name 3 = c0mS/cm: Conductivity [mS/cm]
# name 4 = t190C: Temperature, 2 [ITS-90, deg C]
# name 5 = c1mS/cm: Conductivity, 2 [mS/cm]
# name 6 = sbeox0ML/L: Oxygen, SBE 43 [ml/l]
# name 7 = sbeox1ML/L: Oxygen, SBE 43, 2 [ml/l]
# name 8 = flECO-AFL: Fluorescence, WET Labs ECO-AFL/FL [mg/m^3]
# name 9 = CStarTr0: Beam Transmission, WET Labs C-Star [%]
# name 10 = par: PAR/Irradiance, Biospherical/Licor
# name 11 = latitude: Latitude [deg]
# name 12 = longitude: Longitude [deg]
# name 13 = timeJ: Julian Days
# name 14 = altM: Altimeter [m]
# name 15 = spar: SPAR, Biospherical/Licor
# name 16 = timeS: Time, Elapsed [seconds]
# name 17 = scan: Scan Count
# name 18 = density00: Density [density, kg/m^3]
# name 19 = density11: Density, 2 [density, kg/m^3]
# name 20 = v3: Voltage 3
# name 21 = v4: Voltage 4
# name 22 = v5: Voltage 5
# name 23 = sal00: Salinity, Practical [PSU]
# name 24 = sal11: Salinity, Practical, 2 [PSU]
# name 25 = oxsolML/L: Oxygen Saturation, Garcia & Gordon [ml/l]
# name 26 = nbin: number of scans per bin
# name 27 = flag: flag
# span 0 =      2.000,    941.000       
# span 1 =      1.978,    929.157       
# span 2 =    -1.5297,     0.3269       
# span 3 =  27.016233,  29.337770       
# span 4 =    -1.5293,     0.3291       
# span 5 =  27.016414,  29.337818       
# span 6 =     4.6253,     8.7104       
# span 7 =     4.7099,     8.9459       
# span 8 =    -0.0188,    23.5644       
# span 9 =    74.6499,    98.5103       
# span 10 = -4.195e-07, 3.1236e+01      
# span 11 =  -74.17940,  -74.17940      
# span 12 = -113.20936, -113.20932      
# span 13 =  38.513492,  38.525222      
# span 14 =       1.57,     100.02      
# span 15 = 7.2517e+01, 1.1283e+02      
# span 16 =    186.749,   1200.138      
# span 17 =       4483,      28804      
# span 18 =  1027.1718,  1032.0938      
# span 19 =  1027.1719,  1032.0916      
# span 20 =     3.5417,     4.6732      
# span 21 =     0.0636,     3.8401      
# span 22 =     0.1173,     0.2678      
# span 23 =    33.7770,    34.4712      
# span 24 =    33.7771,    34.4689      
# span 25 =    7.97178,    8.40548      
# span 26 =         21,         73      
# span 27 = 0.0000e+00, 0.0000e+00      
# interval = decibars: 1                
# start_time = Feb 07 2022 12:16:19 [NMEA time, header]
# bad_flag = -9.990e-29
*END*
      2.000      1.978    -0.9709  27.311032    -0.9703  27.311684     8.6957     8.3165    23.5644    75.8215 3.1236e+01  -74.17940 -113.20932  38.513492       6.59 7.9330e+01    186.749       4483  1027.1718  1027.1719     3.5971     3.2352     0.2182    33.7784    33.7786    8.28866         23 0.0000e+00
      3.000      2.967    -0.9717  27.311013    -0.9722  27.310932     8.6959     8.3259    18.1917    77.3932 2.2198e+01  -74.17940 -113.20933  38.513531       1.68 7.9330e+01    190.103       4563  1027.1768  1027.1773     3.6708     3.0335     0.2237    33.7785    33.7791    8.28882         37 0.0000e+00
      4.000      3.957    -0.9725  27.310791    -0.9729  27.310763     8.6954     8.3585    17.2700    76.3049 1.5139e+01  -74.17940 -113.20934  38.513564       1.57 7.9330e+01    192.892       4630  1027.1816  1027.1820     3.6210     2.9069     0.2099    33.7785    33.7790    8.28900         38 0.0000e+00
      5.000      4.948    -0.9718  27.311633    -0.9727  27.311345     8.6997     8.4400    19.2709    77.3798 1.0761e+01  -74.17940 -113.20934  38.513592      19.70 7.9330e+01    195.365       4690  1027.1862  1027.1868     3.6716     2.9832     0.1897    33.7783    33.7789    8.28886         29 0.0000e+00
      6.000      5.937    -0.9739  27.310611    -0.9744  27.310547     8.6980     8.5166    18.4557    76.5621 7.7043e+00  -74.17940 -113.20934  38.513620      77.27 7.9330e+01    197.735       4747  1027.1914  1027.1917     3.6325     2.8659     0.2194    33.7786    33.7791    8.28930         47 0.0000e+00
      7.000      6.928    -0.9722  27.312386    -0.9740  27.311111     8.7044     8.5928    18.5092    77.3504 5.6019e+00  -74.17940 -113.20934  38.513645      94.74 7.9330e+01    199.925       4799  1027.1961  1027.1963     3.6699     2.8903     0.2126    33.7786    33.7788    8.28894         40 0.0000e+00
      8.000      7.915    -0.9635  27.320172    -0.9623  27.321227     8.6985     8.6960    19.4726    77.3922 4.1353e+00  -74.17940 -113.20934  38.513672      99.96 7.9330e+01    202.240       4855  1027.2004  1027.2004     3.6717     2.8236     0.2239    33.7787    33.7788    8.28700         41 0.0000e+00
      9.000      8.908    -0.9625  27.321124    -0.9622  27.321781     8.6990     8.7501    19.1116    76.1123 3.0828e+00  -74.17940 -113.20934  38.513698      99.89 7.9330e+01    204.481       4909  1027.2048  1027.2053     3.6105     2.8256     0.2269    33.7783    33.7788    8.28681         35 0.0000e+00
     10.000      9.896    -0.9620  27.322138    -0.9672  27.318506     8.6927     8.8220    21.8786    76.4726 2.2709e+00  -74.17940 -113.20934  38.513722      99.96 7.9330e+01    206.602       4959  1027.2098  1027.2109     3.6276     3.1131     0.2178    33.7785    33.7794    8.28668         39 0.0000e+00
     11.000     10.885    -0.9758  27.311062    -0.9773  27.309985     8.6991     8.8502    19.6273    77.3634 1.7157e+00  -74.17940 -113.20934  38.513747      89.59 7.9330e+01    208.783       5012  1027.2153  1027.2156     3.6704     3.1406     0.2168    33.7782    33.7785    8.28974         47 0.0000e+00
     12.000     11.875    -0.9773  27.310243    -0.9777  27.309994     8.7055     8.8811    20.2622    77.8149 1.2688e+00  -74.17940 -113.20934  38.513773      99.30 7.9330e+01    210.980       5065  1027.2201  1027.2202     3.6917     3.8401     0.2405    33.7782    33.7783    8.29008         43 0.0000e+00
     13.000     12.865    -0.9778  27.310006    -0.9776  27.310428     8.7072     8.8932    17.5761    77.6526 9.5742e-01  -74.17940 -113.20934  38.513797      99.73 7.9330e+01    213.070       5115  1027.2246  1027.2249     3.6838     2.7389     0.2008    33.7778    33.7782    8.29021         39 0.0000e+00
     14.000     13.854    -0.9772  27.310906    -0.9769  27.311466     8.7078     8.8919    19.5237    76.9938 7.2029e-01  -74.17940 -113.20934  38.513821      99.82 7.9330e+01    215.094       5163  1027.2293  1027.2296     3.6529     2.7675     0.2059    33.7778    33.7782    8.29008         46 0.0000e+00
     15.000     14.843    -0.9770  27.311864    -0.9771  27.311884     8.7045     8.8957    19.2137    76.6746 5.4183e-01  -74.17940 -113.20934  38.513844      99.90 7.9330e+01    217.149       5213  1027.2344  1027.2345     3.6378     2.9520     0.2128    33.7782    33.7783    8.29000         44 0.0000e+00
     16.000     15.833    -0.9784  27.310448    -0.9793  27.309830     8.7083     8.8998    18.4762    76.3430 4.0769e-01  -74.17940 -113.20934  38.513868      99.98 7.9330e+01    219.237       5263  1027.2385  1027.2387     3.6220     3.7031     0.2482    33.7772    33.7774    8.29037         42 0.0000e+00
     17.000     16.826    -0.9795  27.309795    -0.9794  27.309934     8.6994     8.9093    18.9383    75.2597 3.0314e-01  -74.17940 -113.20934  38.513892      99.97 7.9330e+01    221.232       5311  1027.2431  1027.2432     3.5711     3.8015     0.2218    33.7770    33.7771    8.29064         35 0.0000e+00
     18.000     17.814    -0.9780  27.311801    -0.9776  27.312229     8.7090     8.9346    17.8104    76.2684 2.2867e-01  -74.17940 -113.20935  38.513911      95.88 7.9330e+01    222.904       5351  1027.2481  1027.2483     3.6185     3.2283     0.2097    33.7774    33.7776    8.29028         36 0.0000e+00
     19.000     18.802    -0.9768  27.313479    -0.9765  27.313794     8.7090     8.9301    21.6397    78.6396 1.6842e-01  -74.17940 -113.20935  38.513930      99.12 7.9330e+01    224.524       5390  1027.2532  1027.2532     3.7309     2.7550     0.2160    33.7778    33.7778    8.29000         37 0.0000e+00
     20.000     19.792    -0.9775  27.313192    -0.9776  27.313237     8.7104     8.9433    20.6789    77.9980 1.2141e-01  -74.17940 -113.20935  38.513949      99.99 7.9330e+01    226.168       5429  1027.2578  1027.2579     3.7005     3.2372     0.1906    33.7775    33.7777    8.29016         38 0.0000e+00
     21.000     20.782    -0.9773  27.313822    -0.9774  27.313867     8.7081     8.9459    20.4313    76.3701 8.2541e-02  -74.17940 -113.20935  38.513968      99.91 7.9330e+01    227.830       5469  1027.2627  1027.2628     3.6233     3.3376     0.2153    33.7776    33.7777    8.29013         37 0.0000e+00
     22.000     21.771    -0.9775  27.314130    -0.9776  27.314078     8.7040     8.9452    17.9231    76.8024 5.3139e-02  -74.17940 -113.20935  38.513987      99.98 7.9330e+01    229.512       5509  1027.2674  1027.2675     3.6439     3.8084     0.2504    33.7775    33.7776    8.29016         39 0.0000e+00
     23.000     22.761    -0.9774  27.314743    -0.9783  27.313923     8.6987     8.9391    18.9333    77.2977 2.9464e-02  -74.17940 -113.20935  38.514007      99.97 7.9330e+01    231.165       5549  1027.2723  1027.2722     3.6669     3.7446     0.2678    33.7776    33.7775    8.29014         37 0.0000e+00
     24.000     23.749    -0.9764  27.317346    -0.9765  27.317133     8.6929     8.9319    18.8526    76.6742 1.0182e-02  -74.17940 -113.20935  38.514026      99.89 7.9330e+01    232.823       5589  1027.2785  1027.2783     3.6375     2.7471     0.2258    33.7795    33.7793    8.28981         41 0.0000e+00
     25.000     24.740    -0.9769  27.317248    -0.9771  27.316863     8.7029     8.9383    18.8886    76.3424 9.5439e-05  -74.17940 -113.20935  38.514045      99.96 7.9330e+01    234.506       5629  1027.2832  1027.2829     3.6226     2.9203     0.2127    33.7793    33.7789    8.28993         39 0.0000e+00
     26.000     25.730    -0.9781  27.315973    -0.9783  27.315634     8.6955     8.9425    20.9771    77.9935 -4.195e-07  -74.17940 -113.20935  38.514065      96.59 7.9330e+01    236.193       5670  1027.2872  1027.2870     3.7002     2.7932     0.1939    33.7782    33.7780    8.29025         42 0.0000e+00
     27.000     26.718    -0.9777  27.317111    -0.9779  27.316917     8.6864     8.9308    18.5647    77.1817 1.0000e-12  -74.17940 -113.20935  38.514084      99.89 7.9330e+01    237.881       5710  1027.2924  1027.2923     3.6617     2.7888     0.2640    33.7787    33.7787    8.29014         38 0.0000e+00
     28.000     27.709    -0.9752  27.321163    -0.9758  27.320118     8.6798     8.9186    17.1124    76.4210 1.0000e-12  -74.17940 -113.20934  38.514104      99.91 7.9330e+01    239.623       5752  1027.2987  1027.2981     3.6259     2.8607     0.2233    33.7808    33.7800    8.28946         42 0.0000e+00
     29.000     28.699    -0.9733  27.324204    -0.9733  27.324207     8.6759     8.9170    16.8839    76.3328 1.0000e-12  -74.17940 -113.20934  38.514125      99.95 7.9330e+01    241.441       5796  1027.3046  1027.3046     3.6215     3.3311     0.2156    33.7822    33.7822    8.28897         40 0.0000e+00
     30.000     29.688    -0.9749  27.322702    -0.9752  27.322304     8.6737     8.9219    20.5379    76.6408 1.0000e-12  -74.17940 -113.20934  38.514145      99.74 7.9330e+01    243.161       5837  1027.3088  1027.3086     3.6362     2.8443     0.2065    33.7814    33.7811    8.28937         33 0.0000e+00
     31.000     30.677    -0.9751  27.323280    -0.9748  27.323455     8.6661     8.9097    18.6884    77.1387 1.0000e-12  -74.17940 -113.20934  38.514165      99.88 7.9330e+01    244.888       5878  1027.3139  1027.3138     3.6598     2.8761     0.2065    33.7817    33.7816    8.28939         39 0.0000e+00
     32.000     31.667    -0.9742  27.325191    -0.9743  27.324824     8.6659     8.9094    18.3512    76.8644 1.0000e-12  -74.17940 -113.20934  38.514185      99.97 7.9330e+01    246.584       5919  1027.3194  1027.3190     3.6468     2.8632     0.2097    33.7827    33.7822    8.28913         39 0.0000e+00
     33.000     32.656    -0.9742  27.325781    -0.9740  27.325853     8.6717     8.9113    18.7161    77.2623 1.0000e-12  -74.17940 -113.20934  38.514204      99.77 7.9330e+01    248.251       5959  1027.3244  1027.3243     3.6656     2.6058     0.2080    33.7829    33.7828    8.28913         40 0.0000e+00
     34.000     33.646    -0.9741  27.326089    -0.9739  27.326200     8.6794     8.9184    20.6169    77.4783 1.0000e-12  -74.17940 -113.20934  38.514224      99.80 7.9330e+01    249.936       5999  1027.3290  1027.3288     3.6762     2.7555     0.1839    33.7826    33.7824    8.28912         37 0.0000e+00
     35.000     34.635    -0.9740  27.326446    -0.9737  27.326454     8.6856     8.9184    19.7828    77.9699 1.0000e-12  -74.17940 -113.20934  38.514244      99.99 7.9330e+01    251.707       6042  1027.3335  1027.3332     3.6995     3.1249     0.2127    33.7823    33.7819    8.28911         39 0.0000e+00
     36.000     35.625    -0.9740  27.326706    -0.9737  27.326689     8.6770     8.9189    19.2608    77.7169 1.0000e-12  -74.17940 -113.20934  38.514266      99.84 7.9330e+01    253.620       6088  1027.3381  1027.3378     3.6871     3.0649     0.2269    33.7820    33.7817    8.28912         43 0.0000e+00
     37.000     36.614    -0.9745  27.327078    -0.9742  27.327217     8.6800     8.9153    20.8595    76.0862 1.0000e-12  -74.17940 -113.20934  38.514289      99.97 7.9330e+01    255.576       6135  1027.3433  1027.3431     3.6099     3.1327     0.2466    33.7824    33.7823    8.28920         44 0.0000e+00
     38.000     37.602    -0.9740  27.327464    -0.9737  27.327553     8.6752     8.9237    18.8782    77.1022 1.0000e-12  -74.17940 -113.20934  38.514311      99.91 7.9330e+01    257.479       6180  1027.3475  1027.3473     3.6574     3.1228     0.2201    33.7818    33.7816    8.28914         39 0.0000e+00
     39.000     38.595    -0.9742  27.328032    -0.9738  27.328084     8.6761     8.9182    19.1049    77.3336 1.0000e-12  -74.17940 -113.20934  38.514334      75.10 7.9330e+01    259.488       6229  1027.3526  1027.3523     3.6687     2.8572     0.1938    33.7822    33.7818    8.28916         37 0.0000e+00
     40.000     39.583    -0.9743  27.328666    -0.9740  27.328647     8.6762     8.9163    18.4214    76.8864 1.0000e-12  -74.17940 -113.20934  38.514357      99.77 7.9330e+01    261.406       6275  1027.3578  1027.3574     3.6479     2.9041     0.2090    33.7826    33.7821    8.28916         39 0.0000e+00
     41.000     40.571    -0.9739  27.329233    -0.9738  27.329189     8.6717     8.9165    17.7451    77.2451 1.0000e-12  -74.17940 -113.20934  38.514378      99.40 7.9330e+01    263.280       6320  1027.3623  1027.3621     3.6650     2.8287     0.2098    33.7823    33.7821    8.28909         38 0.0000e+00
     42.000     41.561    -0.9740  27.329738    -0.9739  27.329631     8.6666     8.9231    18.5293    76.9623 1.0000e-12  -74.17940 -113.20934  38.514397      99.86 7.9330e+01    264.887       6358  1027.3672  1027.3670     3.6514     2.8570     0.2128    33.7824    33.7822    8.28910         33 0.0000e+00
     43.000     42.551    -0.9739  27.330112    -0.9737  27.330330     8.6619     8.9145    19.0917    77.6630 1.0000e-12  -74.17940 -113.20934  38.514413      99.84 7.9330e+01    266.290       6392  1027.3719  1027.3719     3.6846     2.6880     0.2232    33.7822    33.7823    8.28909         35 0.0000e+00
     44.000     43.540    -0.9738  27.331006    -0.9734  27.330886     8.6545     8.9152    20.2215    77.0228 1.0000e-12  -74.17940 -113.20934  38.514429      99.94 7.9330e+01    267.705       6426  1027.3770  1027.3765     3.6543     2.7750     0.2137    33.7827    33.7821    8.28904         33 0.0000e+00
     45.000     44.529    -0.9738  27.331673    -0.9734  27.331758     8.6583     8.9055    20.9963    77.9970 1.0000e-12  -74.17940 -113.20934  38.514446      99.99 7.9330e+01    269.099       6459  1027.3821  1027.3818     3.7004     3.0942     0.2513    33.7830    33.7827    8.28902         34 0.0000e+00
     46.000     45.519    -0.9738  27.332340    -0.9733  27.332767     8.6554     8.9012    22.2976    76.7568 1.0000e-12  -74.17940 -113.20934  38.514462      99.91 7.9330e+01    270.516       6493  1027.3871  1027.3871     3.6417     2.8813     0.2336    33.7833    33.7833    8.28901         34 0.0000e+00
     47.000     46.508    -0.9738  27.332998    -0.9733  27.333075     8.6505     8.8943    19.4598    78.3506 1.0000e-12  -74.17940 -113.20934  38.514479      99.84 7.9330e+01    271.970       6528  1027.3921  1027.3917     3.7172     2.5667     0.1921    33.7835    33.7831    8.28899         33 0.0000e+00
     48.000     47.498    -0.9737  27.334355    -0.9734  27.334326     8.6476     8.8896    19.9396    76.8852 1.0000e-12  -74.17940 -113.20934  38.514495      99.94 7.9330e+01    273.405       6563  1027.3979  1027.3975     3.6476     2.7322     0.2151    33.7847    33.7842    8.28891         34 0.0000e+00
     49.000     48.487    -0.9736  27.334564    -0.9732  27.334777     8.6405     8.8753    18.2506    76.7599 1.0000e-12  -74.17940 -113.20934  38.514511      99.82 7.9330e+01    274.793       6596  1027.4023  1027.4021     3.6420     2.5411     0.1928    33.7842    33.7841    8.28891         33 0.0000e+00
     50.000     49.477    -0.9736  27.335684    -0.9732  27.335632     8.6148     8.8618    17.1270    76.7831 1.0000e-12  -74.17940 -113.20934  38.514528      93.53 7.9330e+01    276.194       6630  1027.4078  1027.4074     3.6429     2.8573     0.2124    33.7852    33.7846    8.28886         34 0.0000e+00
     51.000     50.465    -0.9741  27.336675    -0.9737  27.336692     8.5906     8.8442    16.0081    76.5412 1.0000e-12  -74.17940 -113.20934  38.514544     100.02 7.9330e+01    277.634       6664  1027.4137  1027.4132     3.6310     2.8925     0.2069    33.7864    33.7859    8.28889         35 0.0000e+00
     52.000     51.455    -0.9751  27.337746    -0.9740  27.337301     8.5689     8.8201    17.6425    75.8951 1.0000e-12  -74.17940 -113.20934  38.514561      99.72 7.9330e+01    279.037       6698  1027.4201  1027.4185     3.6012     2.4228     0.2224    33.7883    33.7865    8.28899         33 0.0000e+00
