ocean_section_plots/required_files/ctd/dnbp2202_ctd283.cnv
* Sea-Bird SBE 9 Data File:
* FileName = D:\Data\raw\NBP2202_CTD283.hex
* Software Version Seasave V 7.26.7.121
* Temperature SN = 1649
* Conductivity SN = 2513
* Number of Bytes Per Scan = 40
* Number of Voltage Words = 5
* Number of Scans Averaged by the Deck Unit = 1
* NMEA Latitude = 74 08.10 S
* NMEA Longitude = 115 33.38 W
* NMEA UTC (Time) = Feb 22 2022  09:10:02
* NMEA baud rate = 9600
** Ship: RVIB N.B. Palmer
** Cruise: NBP2202 Thwaites
** Station: 185
** Operator: B. Bjork
# nquan = 28
# nvalues = 964                         
# units = specified
# name 0 = prDM: Pressure, Digiquartz [db]
# name 1 = depSM: Depth [salt water, m]
# name 2 = t090C: Temperature [ITS-90, deg C]
# name 3 = c0mS/cm: Conductivity [mS/cm]
# name 4 = t190C: Temperature, 2 [ITS-90, deg C]
# name 5 = c1mS/cm: Conductivity, 2 [mS/cm]
# name 6 = sbeox0ML/L: Oxygen, SBE 43 [ml/l]
# name 7 = sbeox1ML/L: Oxygen, SBE 43, 2 [ml/l]
# name 8 = flECO-AFL: Fluorescence, WET Labs ECO-AFL/FL [mg/m^3]
# name 9 = CStarTr0: Beam Transmission, WET Labs C-Star [%]
# name 10 = par: PAR/Irradiance, Biospherical/Licor
# name 11 = latitude: Latitude [deg]
# name 12 = longitude: Longitude [deg]
# name 13 = timeJ: Julian Days
# name 14 = altM: Altimeter [m]
# name 15 = spar: SPAR, Biospherical/Licor
# name 16 = timeS: Time, Elapsed [seconds]
# name 17 = scan: Scan Count
# name 18 = density00: Density [density, kg/m^3]
# name 19 = density11: Density, 2 [density, kg/m^3]
# name 20 = v3: Voltage 3
# name 21 = v4: Voltage 4
# name 22 = v5: Voltage 5
# name 23 = sal00: Salinity, Practical [PSU]
# name 24 = sal11: Salinity, Practical, 2 [PSU]
# name 25 = oxsolML/L: Oxygen Saturation, Garcia & Gordon [ml/l]
# name 26 = nbin: number of scans per bin
# name 27 = flag: flag
# span 0 =      2.000,    965.000       
# span 1 =      1.979,    952.803       
# span 2 =    -1.8288,     0.5239       
# span 3 =  26.911987,  29.579917       
# span 4 =    -1.8284,     0.5264       
# span 5 =  26.912388,  29.580503       
# span 6 =     4.5072,     9.1427       
# span 7 =     4.6144,     9.3898       
# span 8 =     0.1744,    10.1976       
# span 9 =    89.6797,    98.3055       
# span 10 = 1.0000e-12, 4.0970e-01      
# span 11 =  -74.13500,  -74.13500      
# span 12 = -115.55645, -115.55640      
# span 13 =  53.384776,  53.398019      
# span 14 =       3.05,     101.16      
# span 15 = 1.4099e+01, 2.6200e+01      
# span 16 =    242.644,   1386.807      
# span 17 =       5824,      33284      
# span 18 =  1027.1721,  1032.2582      
# span 19 =  1027.1735,  1032.2565      
# span 20 =     4.2544,     4.6635      
# span 21 =     0.0932,     1.4466      
# span 22 =     0.1091,     0.2808      
# span 23 =    33.8035,    34.5581      
# span 24 =    33.8058,    34.5560      
# span 25 =    7.92642,    8.46474      
# span 26 =         22,         57      
# span 27 = 0.0000e+00, 0.0000e+00      
# interval = decibars: 1                
# start_time = Feb 22 2022 09:10:02 [NMEA time, header]
# bad_flag = -9.990e-29
*END*
[from data line 933]
    935.000    923.246     0.5224  29.568922     0.5248  29.569323     4.5303     4.6285     0.2390    98.2683 1.0000e-12  -74.13500 -115.55642  53.396682      32.56 1.5951e+01   1271.367      30514  1032.1184  1032.1165     4.6617     0.0982     0.1135    34.5579    34.5558    7.92672         35 0.0000e+00
    936.000    924.230     0.5229  29.569779     0.5252  29.570026     4.5302     4.6283     0.2090    98.1516 1.0000e-12  -74.13500 -115.55642  53.396701      31.22 1.5864e+01   1272.928      30551  1032.1231  1032.1211     4.6562     0.0948     0.1131    34.5580    34.5557    7.92663         32 0.0000e+00
    937.000    925.216     0.5237  29.570994     0.5262  29.571595     4.5206     4.6270     0.2322    98.2221 1.0000e-12  -74.13500 -115.55642  53.396718      30.54 1.7186e+01   1274.435      30587  1032.1278  1032.1259     4.6595     0.1156     0.1159    34.5581    34.5560    7.92646         38 0.0000e+00
    938.000    926.202     0.5239  29.571557     0.5264  29.572159     4.5235     4.6275     0.2243    98.1625 1.0000e-12  -74.13500 -115.55642  53.396737      29.24 1.5890e+01   1276.039      30626  1032.1324  1032.1305     4.6567     0.0950     0.1133    34.5580    34.5559    7.92642         35 0.0000e+00
    939.000    927.187     0.5237  29.571846     0.5261  29.572340     4.5236     4.6297     0.3394    98.2703 1.0000e-12  -74.13500 -115.55642  53.396755      28.38 1.5866e+01   1277.616      30664  1032.1371  1032.1353     4.6617     0.0932     0.1128    34.5580    34.5560    7.92646         32 0.0000e+00
    940.000    928.171     0.5232  29.571845     0.5259  29.572558     4.5255     4.6308     0.2595    98.2682 1.0000e-12  -74.13500 -115.55642  53.396773      27.36 1.6623e+01   1279.167      30701  1032.1418  1032.1399     4.6617     0.0982     0.1129    34.5580    34.5560    7.92655         37 0.0000e+00
    941.000    929.158     0.5221  29.571158     0.5248  29.571918     4.5222     4.6301     0.2239    98.2615 1.0000e-12  -74.13500 -115.55642  53.396791      26.51 1.6047e+01   1280.783      30740  1032.1464  1032.1445     4.6613     0.0969     0.1126    34.5578    34.5558    7.92680         38 0.0000e+00
    942.000    930.142     0.5221  29.571549     0.5248  29.572330     4.5267     4.6308     0.2021    98.2218 1.0000e-12  -74.13500 -115.55642  53.396809      25.23 1.5870e+01   1282.327      30777  1032.1510  1032.1492     4.6595     0.0951     0.1135    34.5578    34.5557    7.92680         35 0.0000e+00
    943.000    931.126     0.5228  29.572726     0.5254  29.573327     4.5270     4.6283     0.3293    98.2385 1.0000e-12  -74.13500 -115.55642  53.396828      24.24 1.6614e+01   1283.982      30817  1032.1557  1032.1538     4.6603     0.0978     0.1121    34.5579    34.5558    7.92664         35 0.0000e+00
    944.000    932.113     0.5231  29.573462     0.5259  29.574182     4.5322     4.6338     0.5499    98.2569 1.0000e-12  -74.13500 -115.55642  53.396848      23.28 1.5969e+01   1285.656      30857  1032.1604  1032.1584     4.6612     0.0984     0.1125    34.5580    34.5558    7.92658         37 0.0000e+00
    945.000    933.098     0.5233  29.573975     0.5259  29.574556     4.5277     4.6339     0.2591    98.2684 1.0000e-12  -74.13500 -115.55642  53.396867      22.37 1.6167e+01   1287.334      30897  1032.1649  1032.1630     4.6617     0.0977     0.1136    34.5579    34.5557    7.92655         41 0.0000e+00
    946.000    934.084     0.5236  29.574706     0.5263  29.575383     4.5246     4.6235     0.1777    98.0381 1.0000e-12  -74.13500 -115.55642  53.396888      21.35 1.6549e+01   1289.126      30940  1032.1696  1032.1677     4.6508     0.0983     0.1242    34.5579    34.5558    7.92648         38 0.0000e+00
    947.000    935.067     0.5226  29.574421     0.5253  29.575101     4.5250     4.6170     0.1744    98.2840 1.0000e-12  -74.13500 -115.55642  53.396910      20.28 1.6060e+01   1290.988      30985  1032.1745  1032.1726     4.6624     0.0940     0.1111    34.5581    34.5560    7.92668         44 0.0000e+00
    948.000    936.052     0.5217  29.574058     0.5245  29.574851     4.5211     4.6223     0.1860    98.2198 1.0000e-12  -74.13500 -115.55642  53.396933      19.31 1.5873e+01   1293.050      31034  1032.1792  1032.1773     4.6594     0.1563     0.1377    34.5581    34.5559    7.92686         42 0.0000e+00
    949.000    937.039     0.5216  29.574453     0.5242  29.575052     4.5164     4.6254     0.1920    98.2797 1.0000e-12  -74.13500 -115.55642  53.396959      18.32 1.5866e+01   1295.213      31086  1032.1839  1032.1820     4.6623     0.1081     0.1125    34.5581    34.5560    7.92688         34 0.0000e+00
    950.000    938.024     0.5202  29.573628     0.5228  29.574130     4.5246     4.6255     0.2063    98.3055 1.0000e-12  -74.13500 -115.55642  53.396986      17.30 1.5866e+01   1297.589      31143  1032.1886  1032.1867     4.6635     0.0961     0.1116    34.5580    34.5558    7.92716         42 0.0000e+00
    951.000    939.009     0.5204  29.574116     0.5234  29.575141     4.5206     4.6235     0.2109    98.3006 1.0000e-12  -74.13500 -115.55642  53.397017      16.27 1.5866e+01   1300.286      31208  1032.1932  1032.1913     4.6632     0.0974     0.1114    34.5579    34.5559    7.92714         40 0.0000e+00
    952.000    939.995     0.5198  29.574003     0.5225  29.574764     4.5215     4.6218     0.2314    98.2889 1.0000e-12  -74.13500 -115.55642  53.397050      15.25 1.5866e+01   1303.091      31275  1032.1979  1032.1960     4.6625     0.1160     0.1130    34.5578    34.5558    7.92726         37 0.0000e+00
    953.000    940.978     0.5203  29.574863     0.5228  29.575529     4.5171     4.6217     0.4517    98.2349 1.0000e-12  -74.13500 -115.55642  53.397090      14.34 1.5866e+01   1306.602      31359  1032.2025  1032.2007     4.6600     0.1035     0.1148    34.5579    34.5559    7.92716         32 0.0000e+00
    954.000    941.965     0.5199  29.574950     0.5223  29.575538     4.5171     4.6210     0.2618    98.1399 1.0000e-12  -74.13500 -115.55642  53.397120      13.35 1.5866e+01   1309.178      31421  1032.2071  1032.2054     4.6557     0.1022     0.1124    34.5578    34.5559    7.92724         38 0.0000e+00
    955.000    942.948     0.5196  29.575211     0.5222  29.575845     4.5184     4.6227     0.2496    98.2230 1.0000e-12  -74.13500 -115.55642  53.397151      12.43 1.5866e+01   1311.818      31485  1032.2119  1032.2100     4.6595     0.1012     0.1137    34.5579    34.5558    7.92730         33 0.0000e+00
    956.000    943.937     0.5195  29.575417     0.5220  29.576128     4.5135     4.6153     0.2769    98.2361 1.0000e-12  -74.13500 -115.55642  53.397182      11.49 1.5866e+01   1314.524      31550  1032.2165  1032.2147     4.6601     0.1017     0.1115    34.5578    34.5559    7.92733         42 0.0000e+00
    957.000    944.921     0.5194  29.575865     0.5219  29.576585     4.5177     4.6162     0.2594    98.2420 1.0000e-12  -74.13500 -115.55642  53.397213      10.56 1.5866e+01   1317.224      31614  1032.2212  1032.2194     4.6605     0.1263     0.1149    34.5579    34.5560    7.92735         34 0.0000e+00
    958.000    945.905     0.5195  29.576481     0.5221  29.577000     4.5185     4.6185     0.2658    97.8229 1.0000e-12  -74.13500 -115.55642  53.397247       9.59 1.5866e+01   1320.113      31684  1032.2259  1032.2240     4.6408     0.1035     0.1128    34.5580    34.5558    7.92731         29 0.0000e+00
    959.000    946.889     0.5195  29.576839     0.5223  29.577609     4.5121     4.6199     0.2481    98.1506 1.0000e-12  -74.13500 -115.55642  53.397298       8.65 1.5866e+01   1324.537      31790  1032.2305  1032.2286     4.6561     0.1124     0.1136    34.5579    34.5558    7.92732         44 0.0000e+00
    960.000    947.878     0.5195  29.577353     0.5222  29.578031     4.5147     4.6185     0.3693    98.0907 1.0000e-12  -74.13500 -115.55642  53.397328       7.57 1.5866e+01   1327.144      31852  1032.2352  1032.2333     4.6533     0.1154     0.1143    34.5580    34.5559    7.92731         33 0.0000e+00
    961.000    948.859     0.5196  29.577864     0.5222  29.578507     4.5148     4.6169     0.2958    98.0941 1.0000e-12  -74.13500 -115.55642  53.397361       6.53 1.5866e+01   1329.950      31920  1032.2398  1032.2380     4.6535     0.1146     0.1120    34.5580    34.5560    7.92729         31 0.0000e+00
    962.000    949.845     0.5198  29.578411     0.5223  29.578967     4.5154     4.6185     0.3343    98.0348 1.0000e-12  -74.13500 -115.55642  53.397394       5.57 1.5866e+01   1332.801      31988  1032.2445  1032.2426     4.6506     0.1596     0.1227    34.5579    34.5559    7.92726         35 0.0000e+00
    963.000    950.828     0.5198  29.578889     0.5224  29.579563     4.5072     4.6162     0.3888    97.9732 1.0000e-12  -74.13500 -115.55642  53.397427       4.54 1.5866e+01   1335.666      32057  1032.2491  1032.2473     4.6478     0.1189     0.1133    34.5579    34.5559    7.92725         34 0.0000e+00
    964.000    951.815     0.5198  29.579328     0.5225  29.580064     4.5107     4.6144     0.3043    97.1238 1.0000e-12  -74.13500 -115.55642  53.397459       3.56 1.5866e+01   1338.447      32124  1032.2538  1032.2520     4.6068     0.1193     0.1138    34.5580    34.5560    7.92725         35 0.0000e+00
    965.000    952.803     0.5202  29.579917     0.5226  29.580503     4.5171     4.6172     0.3083    98.1429 1.0000e-12  -74.13500 -115.55642  53.398019       3.05 1.5866e+01   1386.807      33284  1032.2582  1032.2565     4.6554     0.1144     0.1210    34.5578    34.5558    7.92719         57 0.0000e+00
