ocean_section_plots/required_files/ctd/dnbp2202_ctd146.cnv
* Sea-Bird SBE 9 Data File:
* FileName = D:\Data\raw\NBP2202_CTD146.hex
* Software Version Seasave V 7.26.7.121
* Temperature SN = 1649
* Conductivity SN = 2513
* Number of Bytes Per Scan = 40
* Number of Voltage Words = 5
* Number of Scans Averaged by the Deck Unit = 1
* NMEA Latitude = 74 07.00 S
* NMEA Longitude = 113 15.87 W
* NMEA UTC (Time) = Jan 30 2022  10:00:10
* NMEA baud rate = 9600
** Ship: RVIB N.B. Palmer
** Cruise: NBP2202 Thwaites
** Station: 74
** Operator: B.Bjork
# nquan = 28
# nvalues = 515                         
# units = specified
# name 0 = prDM: Pressure, Digiquartz [db]
# name 1 = depSM: Depth [salt water, m]
# name 2 = t090C: Temperature [ITS-90, deg C]
# name 3 = c0mS/cm: Conductivity [mS/cm]
# name 4 = t190C: Temperature, 2 [ITS-90, deg C]
# name 5 = c1mS/cm: Conductivity, 2 [mS/cm]
# name 6 = sbeox0ML/L: Oxygen, SBE 43 [ml/l]
# name 7 = sbeox1ML/L: Oxygen, SBE 43, 2 [ml/l]
# name 8 = flECO-AFL: Fluorescence, WET Labs ECO-AFL/FL [mg/m^3]
# name 9 = CStarTr0: Beam Transmission, WET Labs C-Star [%]
# name 10 = par: PAR/Irradiance, Biospherical/Licor
# name 11 = latitude: Latitude [deg]
# name 12 = longitude: Longitude [deg]
# name 13 = timeJ: Julian Days
# name 14 = altM: Altimeter [m]
# name 15 = spar: SPAR, Biospherical/Licor
# name 16 = timeS: Time, Elapsed [seconds]
# name 17 = scan: Scan Count
# name 18 = density00: Density [density, kg/m^3]
# name 19 = density11: Density, 2 [density, kg/m^3]
# name 20 = v3: Voltage 3
# name 21 = v4: Voltage 4
# name 22 = v5: Voltage 5
# name 23 = sal00: Salinity, Practical [PSU]
# name 24 = sal11: Salinity, Practical, 2 [PSU]
# name 25 = oxsolML/L: Oxygen Saturation, Garcia & Gordon [ml/l]
# name 26 = nbin: number of scans per bin
# name 27 = flag: flag
# span 0 =      2.000,    516.000       
# span 1 =      1.985,    510.024       
# span 2 =    -1.4938,    -0.1005       
# span 3 =  26.964007,  28.669191       
# span 4 =    -1.4929,    -0.0999       
# span 5 =  26.964022,  28.666969       
# span 6 =     4.7399,     8.5957       
# span 7 =     4.8252,     8.2635       
# span 8 =    -0.0223,    19.4082       
# span 9 =    71.8658,    93.5677       
# span 10 = -2.552e-05, 1.5390e+01      
# span 11 =  -74.11670,  -74.11670      
# span 12 = -113.26465, -113.26460      
# span 13 =  30.419223,  30.426421      
# span 14 =       4.47,     100.85      
# span 15 = 5.0449e+01, 6.5853e+01      
# span 16 =    210.906,    832.780      
# span 17 =       5063,      19988      
# span 18 =  1027.1703,  1030.0051      
# span 19 =  1027.1693,  1030.0027      
# span 20 =     3.4098,     4.4388      
# span 21 =     0.0631,     3.3449      
# span 22 =     0.1160,     0.2276      
# span 23 =    33.7719,    34.3151      
# span 24 =    33.7706,    34.3114      
# span 25 =    8.06984,    8.40010      
# span 26 =         15,         47      
# span 27 = 0.0000e+00, 0.0000e+00      
# interval = decibars: 1                
# start_time = Jan 30 2022 10:00:10 [NMEA time, header]
# bad_flag = -9.990e-29
*END*
[from data line 104]
    106.000    104.876    -1.4746  27.008461    -1.4737  27.008346     6.3256     6.4677     4.1857    86.6486 1.0000e-12  -74.11670 -113.26464  30.420957      99.80 5.9938e+01    360.701       8658  1027.7614  1027.7604     4.1111     0.7583     0.1476    33.8677    33.8665    8.39579         23 0.0000e+00
    107.000    105.865    -1.4757  27.011203    -1.4752  27.010874     6.2831     6.4371     3.8544    87.4693 1.0000e-12  -74.11670 -113.26464  30.420968      99.80 5.9938e+01    361.668       8681  1027.7699  1027.7691     4.1496     0.7619     0.1464    33.8721    33.8711    8.39578         23 0.0000e+00
    108.000    106.854    -1.4799  27.013904    -1.4785  27.013386     6.2360     6.3909     3.6833    87.4946 1.0000e-12  -74.11670 -113.26464  30.420980      99.79 5.9938e+01    362.664       8705  1027.7814  1027.7794     4.1508     0.7878     0.1431    33.8800    33.8777    8.39625         25 0.0000e+00
    109.000    107.846    -1.4823  27.015678    -1.4816  27.015528     6.1801     6.3403     3.5911    88.1308 1.0000e-12  -74.11670 -113.26464  30.420992      99.83 5.9938e+01    363.669       8729  1027.7901  1027.7892     4.1810     0.6596     0.1474    33.8846    33.8836    8.39653         23 0.0000e+00
    110.000    108.832    -1.4870  27.024876    -1.4853  27.022569     6.1397     6.2952     3.3670    87.3704 1.0000e-12  -74.11670 -113.26464  30.421003      99.81 5.9938e+01    364.652       8753  1027.8092  1027.8050     4.1449     0.7151     0.1484    33.9020    33.8969    8.39655         24 0.0000e+00
    111.000    109.823    -1.4884  27.027813    -1.4874  27.027802     6.1059     6.2545     3.1081    87.8430 1.0000e-12  -74.11670 -113.26464  30.421014      99.84 5.9938e+01    365.639       8776  1027.8181  1027.8172     4.1674     0.6432     0.1441    33.9070    33.9059    8.39656         24 0.0000e+00
    112.000    110.811    -1.4863  27.034841    -1.4858  27.034593     6.0933     6.2365     2.5219    87.9613 1.0000e-12  -74.11670 -113.26464  30.421026      99.90 5.9515e+01    366.633       8800  1027.8282  1027.8275     4.1730     0.4141     0.1354    33.9137    33.9128    8.39568         23 0.0000e+00
    113.000    111.799    -1.4855  27.039460    -1.4847  27.039461     6.1072     6.2434     2.2728    88.6391 1.0000e-12  -74.11670 -113.26464  30.421037      99.89 6.0252e+01    367.593       8823  1027.8369  1027.8361     4.2051     0.4654     0.1427    33.9186    33.9176    8.39523         23 0.0000e+00
    114.000    112.792    -1.4862  27.040324    -1.4852  27.039804     6.1277     6.2596     1.4330    89.1557 1.0000e-12  -74.11670 -113.26464  30.421048      99.52 5.9934e+01    368.576       8847  1027.8428  1027.8413     4.2296     0.4153     0.1345    33.9199    33.9181    8.39530         24 0.0000e+00
    115.000    113.775    -1.4843  27.040718    -1.4835  27.040615     6.1306     6.2549     1.5403    89.3569 1.0000e-12  -74.11670 -113.26464  30.421060      99.59 6.0013e+01    369.590       8871  1027.8457  1027.8448     4.2391     0.3558     0.1331    33.9177    33.9167    8.39501         24 0.0000e+00
    116.000    114.769    -1.4833  27.041384    -1.4824  27.041302     6.1028     6.2317     1.4538    89.6038 1.0000e-12  -74.11670 -113.26464  30.421071      99.92 6.0170e+01    370.555       8894  1027.8497  1027.8487     4.2508     0.3352     0.1290    33.9168    33.9157    8.39483         23 0.0000e+00
    117.000    115.757    -1.4851  27.041543    -1.4849  27.041222     6.0577     6.2007     1.4330    90.3190 1.0000e-12  -74.11670 -113.26464  30.421082      99.90 5.9938e+01    371.522       8918  1027.8559  1027.8554     4.2843     0.3870     0.1329    33.9184    33.9178    8.39513         24 0.0000e+00
    118.000    116.746    -1.4865  27.041702    -1.4857  27.041418     5.9993     6.1473     1.5620    89.5161 1.0000e-12  -74.11670 -113.26464  30.421094      99.90 5.9938e+01    372.533       8942  1027.8618  1027.8608     4.2472     0.4260     0.1344    33.9196    33.9184    8.39537         24 0.0000e+00
    119.000    117.734    -1.4896  27.041325    -1.4886  27.041175     5.9562     6.1115     1.5858    90.4966 1.0000e-12  -74.11670 -113.26464  30.421106      99.90 5.9938e+01    373.524       8966  1027.8687  1027.8676     4.2932     0.4131     0.1354    33.9220    33.9207    8.39594         24 0.0000e+00
    120.000    118.725    -1.4929  27.040899    -1.4916  27.040839     5.9420     6.0925     1.3291    90.6684 1.0000e-12  -74.11670 -113.26464  30.421117      99.94 5.9938e+01    374.506       8989  1027.8758  1027.8744     4.3013     0.2375     0.1307    33.9246    33.9230    8.39654         24 0.0000e+00
    121.000    119.713    -1.4929  27.042026    -1.4917  27.042069     5.9477     6.0874     0.9644    90.7562 1.0000e-12  -74.11670 -113.26464  30.421129      99.94 6.0157e+01    375.514       9013  1027.8813  1027.8801     4.3055     0.2171     0.1256    33.9255    33.9242    8.39648         24 0.0000e+00
    122.000    120.701    -1.4938  27.043104    -1.4929  27.043311     5.9496     6.0902     0.7143    91.1502 1.0000e-12  -74.11670 -113.26462  30.421140      99.93 5.9633e+01    376.498       9037  1027.8876  1027.8869     4.3242     0.2206     0.1264    33.9274    33.9266    8.39656         23 0.0000e+00
    123.000    121.691    -1.4936  27.045235    -1.4927  27.044677     5.9562     6.0897     0.7354    91.0803 1.0000e-12  -74.11670 -113.26464  30.421151      99.94 5.9496e+01    377.486       9061  1027.8941  1027.8926     4.3209     0.2042     0.1258    33.9294    33.9276    8.39639         24 0.0000e+00
    124.000    122.680    -1.4935  27.046680    -1.4926  27.046174     5.9552     6.0815     0.6093    91.4169 1.0000e-12  -74.11670 -113.26462  30.421163      99.94 6.0586e+01    378.513       9085  1027.8999  1027.8984     4.3368     0.1567     0.1248    33.9307    33.9290    8.39630         25 0.0000e+00
    125.000    123.668    -1.4932  27.048643    -1.4924  27.048731     5.9499     6.0725     0.4813    91.9918 1.0000e-12  -74.11670 -113.26464  30.421175      99.94 5.9717e+01    379.521       9110  1027.9061  1027.9054     4.3640     0.1927     0.1256    33.9325    33.9317    8.39613         24 0.0000e+00
    126.000    124.660    -1.4932  27.049866    -1.4922  27.050129     5.9330     6.0593     0.4020    91.9919 1.0000e-12  -74.11670 -113.26462  30.421186      99.95 5.9177e+01    380.491       9133  1027.9117  1027.9110     4.3641     0.1550     0.1254    33.9335    33.9327    8.39607         23 0.0000e+00
    127.000    125.647    -1.4927  27.050588    -1.4919  27.050239     5.9051     6.0326     0.6017    92.0511 1.0000e-12  -74.11670 -113.26464  30.421198      95.63 6.0017e+01    381.486       9157  1027.9163  1027.9151     4.3669     0.1164     0.1224    33.9333    33.9319    8.39596         24 0.0000e+00
    128.000    126.636    -1.4921  27.055551    -1.4911  27.056095     5.8859     6.0173     0.5713    92.1113 1.0000e-12  -74.11670 -113.26462  30.421209     100.00 6.0325e+01    382.471       9180  1027.9256  1027.9253     4.3698     0.1274     0.1217    33.9388    33.9385    8.39549         23 0.0000e+00
    129.000    127.625    -1.4920  27.058880    -1.4910  27.059044     5.8771     6.0081     0.3639    92.2611 1.0000e-12  -74.11670 -113.26462  30.421220      99.95 5.9203e+01    383.438       9204  1027.9335  1027.9327     4.3768     0.1153     0.1227    33.9428    33.9418    8.39525         24 0.0000e+00
    130.000    128.616    -1.4924  27.059108    -1.4915  27.058840     5.8803     6.0089     0.1701    92.3618 1.0000e-12  -74.11670 -113.26462  30.421232      99.95 6.0011e+01    384.436       9227  1027.9384  1027.9372     4.3816     0.0879     0.1220    33.9428    33.9415    8.39532         24 0.0000e+00
    131.000    129.603    -1.4928  27.058778    -1.4916  27.059080     5.8878     6.0091     0.0458    92.6038 1.0000e-12  -74.11670 -113.26464  30.421243      99.95 6.0324e+01    385.424       9251  1027.9428  1027.9420     4.3931     0.0917     0.1229    33.9422    33.9413    8.39545         23 0.0000e+00
    132.000    130.592    -1.4930  27.059126    -1.4922  27.058905     5.8861     6.0071     0.0208    92.7915 1.0000e-12  -74.11670 -113.26462  30.421254      99.95 5.9395e+01    386.382       9274  1027.9477  1027.9465     4.4020     0.0936     0.1220    33.9424    33.9410    8.39550         23 0.0000e+00
    133.000    131.582    -1.4927  27.060546    -1.4919  27.060130     5.8872     6.0028     0.0152    92.9194 1.0000e-12  -74.11670 -113.26464  30.421266      99.95 6.0073e+01    387.366       9298  1027.9533  1027.9519     4.4081     0.0861     0.1225    33.9433    33.9418    8.39537         25 0.0000e+00
    134.000    132.571    -1.4902  27.063812    -1.4879  27.064830     5.8932     6.0078     0.0539    92.4820 1.0000e-12  -74.11670 -113.26462  30.421278      99.95 6.0168e+01    388.378       9322  1027.9587  1027.9576     4.3877     0.0748     0.1177    33.9444    33.9431    8.39475         23 0.0000e+00
    135.000    133.559    -1.4852  27.069324    -1.4844  27.069025     5.8953     6.0157     0.0261    93.1313 1.0000e-12  -74.11670 -113.26462  30.421289      99.95 5.9349e+01    389.356       9346  1027.9643  1027.9631     4.4178     0.0778     0.1196    33.9457    33.9443    8.39354         24 0.0000e+00
    136.000    134.549    -1.4835  27.072054    -1.4820  27.072420     5.8933     6.0084     0.0158    93.0223 1.0000e-12  -74.11670 -113.26462  30.421300      99.95 6.0235e+01    390.358       9370  1027.9700  1027.9689     4.4130     0.0863     0.1200    33.9469    33.9457    8.39308         24 0.0000e+00
    137.000    135.538    -1.4791  27.078318    -1.4783  27.077777     5.8897     6.0127     0.0245    93.1490 1.0000e-12  -74.11670 -113.26462  30.421312      99.95 6.0081e+01    391.378       9394  1027.9770  1027.9756     4.4189     0.0785     0.1209    33.9499    33.9482    8.39191         24 0.0000e+00
    138.000    136.527    -1.4778  27.080519    -1.4773  27.079425     5.8878     6.0135     0.0249    93.2232 1.0000e-12  -74.11670 -113.26462  30.421323      99.95 5.9792e+01    392.352       9417  1027.9824  1027.9808     4.4225     0.0740     0.1226    33.9508    33.9487    8.39155         24 0.0000e+00
    139.000    137.514    -1.4776  27.081233    -1.4763  27.081189     5.8898     6.0164     0.0178    93.3132 1.0000e-12  -74.11670 -113.26462  30.421335      99.95 6.0298e+01    393.339       9441  1027.9874  1027.9861     4.4267     0.0745     0.1229    33.9509    33.9494    8.39150         24 0.0000e+00
    140.000    138.506    -1.4751  27.085467    -1.4738  27.085412     5.8964     6.0125     0.0207    93.3103 1.0000e-12  -74.11670 -113.26462  30.421347      99.84 6.0674e+01    394.359       9466  1027.9940  1027.9927     4.4266     0.0735     0.1215    33.9533    33.9517    8.39080         24 0.0000e+00
    141.000    139.492    -1.4721  27.090323    -1.4711  27.089854     5.8931     6.0132     0.0232    93.3950 1.0000e-12  -74.11670 -113.26462  30.421358      99.20 6.0003e+01    395.350       9489  1028.0008  1027.9993     4.4306     0.0751     0.1200    33.9559    33.9541    8.38996         23 0.0000e+00
    142.000    140.483    -1.4707  27.091944    -1.4701  27.091107     5.9022     6.0230     0.0073    93.4037 1.0000e-12  -74.11670 -113.26462  30.421370      99.96 6.0507e+01    396.344       9513  1028.0056  1028.0042     4.4310     0.0702     0.1205    33.9560    33.9542    8.38965         25 0.0000e+00
    143.000    141.472    -1.4685  27.094670    -1.4666  27.095272     5.9067     6.0268     0.0059    93.3672 1.0000e-12  -74.11670 -113.26462  30.421381      99.95 6.0318e+01    397.351       9537  1028.0108  1028.0097     4.4293     0.0708     0.1201    33.9566    33.9553    8.38912         23 0.0000e+00
    144.000    142.459    -1.4648  27.099491    -1.4636  27.099263     5.9095     6.0334    -0.0080    93.3460 1.0000e-12  -74.11670 -113.26462  30.421393      99.95 5.9616e+01    398.313       9561  1028.0169  1028.0155     4.4283     0.0723     0.1189    33.9584    33.9567    8.38817         23 0.0000e+00
    145.000    143.450    -1.4641  27.100459    -1.4628  27.100492     5.9138     6.0355     0.0132    93.4192 1.0000e-12  -74.11670 -113.26462  30.421404      99.95 6.0607e+01    399.279       9584  1028.0216  1028.0205     4.4317     0.1079     0.1200    33.9583    33.9569    8.38802         24 0.0000e+00
    146.000    144.438    -1.4624  27.103339    -1.4615  27.102809     5.9145     6.0308     0.0351    93.4022 1.0000e-12  -74.11670 -113.26462  30.421415      99.95 6.1273e+01    400.290       9608  1028.0275  1028.0261     4.4309     0.0752     0.1200    33.9597    33.9580    8.38755         24 0.0000e+00
    147.000    145.427    -1.4567  27.110802    -1.4562  27.109898     5.9020     6.0224     0.0316    93.4112 1.0000e-12  -74.11670 -113.26462  30.421427      99.96 6.0377e+01    401.273       9632  1028.0346  1028.0331     4.4314     0.0812     0.1210    33.9629    33.9611    8.38608         24 0.0000e+00
    148.000    146.417    -1.4529  27.115749    -1.4517  27.115433     5.8949     6.0206     0.0474    93.3486 1.0000e-12  -74.11670 -113.26462  30.421438      99.95 6.0851e+01    402.235       9655  1028.0408  1028.0393     4.4284     0.0795     0.1221    33.9648    33.9631    8.38512         23 0.0000e+00
    149.000    147.404    -1.4490  27.121608    -1.4478  27.121298     5.8921     6.0158     0.0413    93.3239 1.0000e-12  -74.11670 -113.26462  30.421450      99.95 6.0968e+01    403.242       9679  1028.0479  1028.0464     4.4272     0.0865     0.1210    33.9678    33.9661    8.38406         24 0.0000e+00
    150.000    148.395    -1.4504  27.121597    -1.4489  27.121792     5.8861     6.0079     0.0200    93.3102 1.0000e-12  -74.11670 -113.26462  30.421461      99.95 6.1261e+01    404.232       9703  1028.0536  1028.0524     4.4266     0.0728     0.1201    33.9688    33.9674    8.38432         24 0.0000e+00
    151.000    149.383    -1.4444  27.128430    -1.4432  27.128070     5.8763     6.0010     0.0026    93.4259 1.0000e-12  -74.11670 -113.26462  30.421472      99.95 6.1014e+01    405.198       9726  1028.0596  1028.0581     4.4320     0.0809     0.1197    33.9707    33.9688    8.38284         23 0.0000e+00
    152.000    150.372    -1.4396  27.133574    -1.4396  27.131881     5.8613     5.9897    -0.0097    93.3223 1.0000e-12  -74.11670 -113.26462  30.421484      99.95 6.1115e+01    406.206       9750  1028.0650  1028.0632     4.4272     0.0703     0.1191    33.9717    33.9694    8.38170         24 0.0000e+00
    153.000    151.362    -1.4228  27.149694    -1.4239  27.147056     5.8475     5.9806    -0.0144    93.4433 1.0000e-12  -74.11670 -113.26462  30.421495      95.09 6.1484e+01    407.196       9774  1028.0709  1028.0691     4.4329     0.0698     0.1197    33.9743    33.9719    8.37778         24 0.0000e+00
    154.000    152.349    -1.4156  27.157091    -1.4152  27.155908     5.8493     5.9760    -0.0077    93.4328 1.0000e-12  -74.11670 -113.26462  30.421506      98.57 6.1014e+01    408.160       9797  1028.0765  1028.0748     4.4324     0.0744     0.1192    33.9756    33.9736    8.37608         23 0.0000e+00
    155.000    153.339    -1.4131  27.160112    -1.4119  27.159773     5.8558     5.9744    -0.0003    93.4521 1.0000e-12  -74.11670 -113.26462  30.421518      99.96 6.1708e+01    409.156       9821  1028.0818  1028.0803     4.4333     0.0748     0.1196    33.9763    33.9745    8.37547         24 0.0000e+00
    156.000    154.326    -1.4114  27.162832    -1.4105  27.162381     5.8607     5.9828    -0.0004    93.4617 1.0000e-12  -74.11670 -113.26462  30.421530      99.95 6.1701e+01    410.155       9845  1028.0876  1028.0863     4.4338     0.0745     0.1194    33.9775    33.9759    8.37502         24 0.0000e+00
