ocean_section_plots/required_files/ctd/dnbp2202_CTD001.cnv
* Sea-Bird SBE 9 Data File:
* FileName = D:\Data\raw\NBP2202_001.hex
* Software Version Seasave V 7.26.7.121
* Temperature SN = 1649
* Conductivity SN = 2513
* Number of Bytes Per Scan = 40
* Number of Voltage Words = 5
* Number of Scans Averaged by the Deck Unit = 1
* NMEA Latitude = 69 26.97 S
* NMEA Longitude = 102 20.59 W
* NMEA UTC (Time) = Jan 12 2022  14:23:23
* NMEA baud rate = 9600
** Ship: RVIB N.B. Palmer
** Cruise: NBP2202 Thwaites
** Station: Test
** Operator: B.Bjork A.Robinson
# nquan = 25
# nvalues = 507                         
# units = specified
# name 0 = prDM: Pressure, Digiquartz [db]
# name 1 = depSM: Depth [salt water, m]
# name 2 = t090C: Temperature [ITS-90, deg C]
# name 3 = c0mS/cm: Conductivity [mS/cm]
# name 4 = t190C: Temperature, 2 [ITS-90, deg C]
# name 5 = c1mS/cm: Conductivity, 2 [mS/cm]
# name 6 = sbeox0ML/L: Oxygen, SBE 43 [ml/l]
# name 7 = sbeox1ML/L: Oxygen, SBE 43, 2 [ml/l]
# name 8 = flECO-AFL: Fluorescence, WET Labs ECO-AFL/FL [mg/m^3]
# name 9 = CStarTr0: Beam Transmission, WET Labs C-Star [%]
# name 10 = par: PAR/Irradiance, Biospherical/Licor
# name 11 = latitude: Latitude [deg]
# name 12 = longitude: Longitude [deg]
# name 13 = timeJ: Julian Days
# name 14 = altM: Altimeter [m]
# name 15 = spar: SPAR, Biospherical/Licor
# name 16 = timeS: Time, Elapsed [seconds]
# name 17 = scan: Scan Count
# name 18 = density00: Density [density, kg/m^3]
# name 19 = density11: Density, 2 [density, kg/m^3]
# name 20 = sal00: Salinity, Practical [PSU]
# name 21 = sal11: Salinity, Practical, 2 [PSU]
# name 22 = oxsolML/L: Oxygen Saturation, Garcia & Gordon [ml/l]
# name 23 = nbin: number of scans per bin
# name 24 = flag: flag
# span 0 =      1.000,    507.000       
# span 1 =      0.995,    501.265       
# span 2 =    -1.6051,     1.9706       
# span 3 =  26.838001,  30.697194       
# span 4 =    -1.6058,     1.9726       
# span 5 =  26.837369,  30.696284       
# span 6 =     4.0488,     8.8308       
# span 7 =     4.2575,     9.2781       
# span 8 =    -0.0159,    13.9448       
# span 9 =    88.3418,    99.9417       
# span 10 = 1.0000e-12, 4.8963e+02      
# span 11 =  -69.44956,  -69.44956      
# span 12 = -102.34328, -102.34326      
# span 13 =  12.602834,  12.609926      
# span 14 =       9.38,     100.46      
# span 15 = 2.7331e+02, 3.3847e+02      
# span 16 =    281.851,    894.652      
# span 17 =       6765,      21473      
# span 18 =  1026.6771,  1030.1221      
# span 19 =  1026.6771,  1030.1189      
# span 20 =    33.1764,    34.7092      
# span 21 =    33.1760,    34.7054      
# span 22 =    7.63316,    8.42855      
# span 23 =          9,         49      
# span 24 = 0.0000e+00, 0.0000e+00      
# interval = decibars: 1                
# start_time = Jan 12 2022 14:23:23 [NMEA time, header]
# bad_flag = -9.990e-29
*END*
      1.000      0.995    -0.4850  27.280734    -0.4670  27.304936     8.4146     8.7709     1.6158    89.1445 4.8963e+02  -69.44956 -102.34326  12.602834       9.38 3.1675e+02    281.851       6765  1026.6784  1026.6885    33.1984    33.2111    8.21607         31 0.0000e+00
      2.000      1.981    -0.4689  27.302941    -0.4735  27.297300     8.4162     8.7547     1.4815    90.0398 1.7190e+02  -69.44956 -102.34326  12.602895      95.70 3.1461e+02    287.089       6891  1026.6917  1026.6904    33.2100    33.2074    8.21190         30 0.0000e+00
      3.000      2.967    -0.4837  27.282842    -0.4893  27.276325     8.4031     8.7461     1.4641    89.8959 1.4612e+02  -69.44956 -102.34326  12.602966      99.44 3.1272e+02    293.301       7040  1026.6882  1026.6871    33.1987    33.1960    8.21577         35 0.0000e+00
      4.000      3.959    -0.5182  27.238534    -0.5201  27.236699     8.3830     8.7297     1.5002    90.0081 1.2222e+02  -69.44956 -102.34326  12.603053      99.73 3.1004e+02    300.745       7219  1026.6771  1026.6771    33.1764    33.1760    8.22455         35 0.0000e+00
      5.000      4.950    -0.5174  27.246891    -0.5106  27.247817     8.4316     8.7678     1.3261    90.1378 1.0750e+02  -69.44956 -102.34326  12.603080      99.74 3.0854e+02    303.145       7276  1026.6886  1026.6842    33.1798    33.1799    8.22417         44 0.0000e+00
      6.000      5.940    -0.4015  27.390956    -0.4016  27.390046     8.4695     8.8079     1.3440    90.3232 9.4181e+01  -69.44956 -102.34326  12.603104      99.74 3.0850e+02    305.224       7326  1026.7392  1026.7384    33.2514    33.2504    8.19491         45 0.0000e+00
      7.000      6.929    -0.3398  27.472567    -0.3385  27.474157     8.4914     8.8537     1.3424    90.4448 8.2985e+01  -69.44956 -102.34326  12.603129      99.74 3.0701e+02    307.354       7377  1026.7735  1026.7740    33.2923    33.2930    8.17924         48 0.0000e+00
      8.000      7.920    -0.3510  27.465953    -0.3512  27.466393     8.4858     8.8801     1.6024    90.5067 7.3617e+01  -69.44956 -102.34326  12.603153      99.71 3.0673e+02    309.394       7426  1026.7823  1026.7830    33.2951    33.2960    8.18149         37 0.0000e+00
      9.000      8.908    -0.3533  27.464630    -0.3549  27.463544     8.4769     8.9106     1.7183    90.7273 6.5605e+01  -69.44956 -102.34326  12.603174      99.68 3.0674e+02    311.266       7471  1026.7879  1026.7882    33.2953    33.2956    8.18198         44 0.0000e+00
     10.000      9.899    -0.3546  27.464371    -0.3550  27.464274     8.4753     8.9282     1.5853    90.7219 5.8512e+01  -69.44956 -102.34326  12.603197      99.73 3.0597e+02    313.212       7518  1026.7935  1026.7939    33.2958    33.2961    8.18223         40 0.0000e+00
     11.000     10.889    -0.3509  27.468339    -0.3520  27.467586     8.4918     8.9472     1.7459    90.8706 5.2500e+01  -69.44956 -102.34326  12.603220      99.73 3.0496e+02    315.205       7566  1026.7989  1026.7991    33.2964    33.2966    8.18140         39 0.0000e+00
     12.000     11.879    -0.3419  27.478411    -0.3421  27.478271     8.5178     8.9757     1.6736    90.7239 4.7358e+01  -69.44956 -102.34326  12.603243      99.73 3.0498e+02    317.175       7613  1026.8056  1026.8057    33.2993    33.2994    8.17928         45 0.0000e+00
     13.000     12.866    -0.3314  27.502847    -0.3337  27.502136     8.5840     9.0444     1.5902    90.4493 4.2328e+01  -69.44956 -102.34326  12.603266      99.73 3.0498e+02    319.178       7661  1026.8266  1026.8280    33.3199    33.3215    8.17585         38 0.0000e+00
     14.000     13.860    -0.3545  27.499733    -0.3556  27.499091     8.6052     9.0596     1.8262    90.5890 3.7890e+01  -69.44956 -102.34326  12.603289      90.65 3.0407e+02    321.187       7709  1026.8498  1026.8502    33.3404    33.3408    8.17963         40 0.0000e+00
     15.000     14.849    -0.3644  27.496740    -0.3657  27.496164     8.6435     9.1012     1.9398    90.7089 3.4105e+01  -69.44956 -102.34326  12.603311      90.18 3.0326e+02    323.069       7755  1026.8604  1026.8610    33.3468    33.3474    8.18141         37 0.0000e+00
     16.000     15.837    -0.3917  27.486705    -0.3960  27.485672     8.6682     9.1227     2.2214    90.4074 3.0800e+01  -69.44956 -102.34326  12.603333      99.11 3.0322e+02    324.972       7800  1026.8800  1026.8830    33.3627    33.3661    8.18638         39 0.0000e+00
     17.000     16.827    -0.4298  27.473857    -0.4338  27.473225     8.6957     9.1344     1.9070    90.2390 2.7762e+01  -69.44956 -102.34326  12.603356      99.73 3.0322e+02    326.969       7848  1026.9066  1026.9098    33.3868    33.3904    8.19321         42 0.0000e+00
     18.000     17.818    -0.6044  27.395191    -0.6112  27.396085     8.7342     9.2066     2.2670    90.1812 2.5088e+01  -69.44956 -102.34326  12.603378      99.70 3.0256e+02    328.875       7894  1026.9931  1027.0008    33.4735    33.4822    8.22613         35 0.0000e+00
     19.000     18.807    -0.7278  27.345614    -0.7303  27.345699     8.7639     9.2538     2.7294    90.3137 2.2537e+01  -69.44956 -102.34326  12.603399      99.70 3.0146e+02    330.693       7938  1027.0607  1027.0631    33.5428    33.5457    8.24899         45 0.0000e+00
     20.000     19.797    -0.7665  27.325251    -0.7743  27.322857     8.7459     9.2014     3.0446    90.0486 2.0271e+01  -69.44956 -102.34326  12.603422      99.71 3.0145e+02    332.624       7984  1027.0784  1027.0831    33.5578    33.5633    8.25660         43 0.0000e+00
     21.000     20.788    -0.8147  27.300276    -0.8138  27.302835     8.6898     9.1764     3.1108    89.7831 1.8142e+01  -69.44956 -102.34326  12.603446      86.96 3.0114e+02    334.698       8034  1027.1002  1027.1020    33.5771    33.5796    8.26606         40 0.0000e+00
     22.000     21.776    -0.9475  27.229789    -0.9526  27.228896     8.6700     9.1604     4.0328    89.5656 1.6169e+01  -69.44956 -102.34326  12.603469      89.82 3.0076e+02    336.680       8081  1027.1540  1027.1578    33.6291    33.6335    8.29225         43 0.0000e+00
     23.000     22.767    -0.9750  27.216982    -0.9803  27.215569     8.6679     9.1528     6.3059    89.0274 1.4347e+01  -69.44956 -102.34326  12.603490      99.34 2.9972e+02    338.555       8126  1027.1690  1027.1725    33.6418    33.6458    8.29758         34 0.0000e+00
     24.000     23.755    -1.0078  27.201998    -1.0113  27.201475     8.6257     9.1031     5.9974    88.9738 1.2629e+01  -69.44956 -102.34326  12.603512      99.64 2.9969e+02    340.440       8172  1027.1869  1027.1895    33.6576    33.6607    8.30391         38 0.0000e+00
     25.000     24.746    -1.0504  27.177848    -1.0511  27.178659     8.5328     9.0215     5.8385    89.3411 1.1118e+01  -69.44956 -102.34326  12.603534      74.59 2.9957e+02    342.370       8218  1027.2044  1027.2059    33.6718    33.6736    8.31251         45 0.0000e+00
     26.000     25.737    -1.1234  27.121476    -1.1317  27.118136     8.4680     8.9688     5.5118    89.1283 9.7892e+00  -69.44956 -102.34326  12.603556     100.46 2.9798e+02    344.258       8263  1027.2159  1027.2202    33.6761    33.6808    8.32846         35 0.0000e+00
     27.000     26.725    -1.1438  27.112638    -1.1447  27.112403     8.5397     9.0208     6.7788    89.1727 8.6258e+00  -69.44956 -102.34326  12.603579      99.59 2.9793e+02    346.219       8310  1027.2287  1027.2292    33.6864    33.6871    8.33241         43 0.0000e+00
     28.000     27.716    -1.1231  27.137275    -1.1238  27.136906     8.6125     9.0735     6.1369    89.1928 7.6271e+00  -69.44956 -102.34326  12.603603      99.55 2.9731e+02    348.253       8359  1027.2389  1027.2391    33.6962    33.6965    8.32722         49 0.0000e+00
     29.000     28.705    -1.0812  27.177936    -1.0824  27.177511     8.6261     9.1023     6.5595    89.0689 6.7423e+00  -69.44956 -102.34326  12.603625      99.47 2.9619e+02    350.220       8406  1027.2467  1027.2473    33.7040    33.7048    8.31744         44 0.0000e+00
     30.000     29.696    -1.1198  27.153371    -1.1220  27.152891     8.6240     9.0851     6.9302    89.3860 5.9337e+00  -69.44956 -102.34326  12.603647      99.45 2.9523e+02    352.075       8451  1027.2610  1027.2625    33.7133    33.7151    8.32548         41 0.0000e+00
     31.000     30.686    -1.1167  27.160180    -1.1170  27.160387     8.7505     9.1982     7.5486    89.3110 5.2189e+00  -69.44956 -102.34326  12.603668      99.43 2.9439e+02    353.880       8494  1027.2693  1027.2698    33.7184    33.7191    8.32447         38 0.0000e+00
     32.000     31.673    -1.2011  27.090934    -1.2039  27.091306     8.8308     9.2781     6.5413    89.6769 4.5758e+00  -69.44956 -102.34326  12.603690      99.56 2.9400e+02    355.789       8540  1027.2786  1027.2816    33.7180    33.7217    8.34331         34 0.0000e+00
     33.000     32.665    -1.2517  27.051149    -1.2572  27.049393     8.7594     9.2384     7.9114    89.6173 4.0011e+00  -69.44956 -102.34326  12.603713      99.42 2.9298e+02    357.763       8587  1027.2871  1027.2904    33.7199    33.7237    8.35451         42 0.0000e+00
     34.000     33.655    -1.3164  27.004001    -1.3199  27.003350     8.6816     9.1660     9.9206    89.6064 3.4902e+00  -69.44956 -102.34326  12.603736      99.38 2.9241e+02    359.785       8636  1027.3009  1027.3035    33.7275    33.7306    8.36854         44 0.0000e+00
     35.000     34.644    -1.3341  27.001247    -1.3359  27.001044     8.6432     9.1349    10.2057    88.8143 3.0135e+00  -69.44956 -102.34326  12.603760      99.40 2.9097e+02    361.848       8685  1027.3182  1027.3196    33.7431    33.7449    8.37159         42 0.0000e+00
     36.000     35.633    -1.3631  26.981312    -1.3650  26.981024     8.5944     9.0846    11.0948    88.4625 2.5905e+00  -69.44956 -102.34326  12.603782      70.64 2.9088e+02    363.744       8731  1027.3276  1027.3290    33.7478    33.7496    8.37783         38 0.0000e+00
     37.000     36.623    -1.3816  26.966255    -1.3824  26.967369     8.5256     9.0220    11.4526    89.1790 2.2364e+00  -69.44956 -102.34326  12.603802      98.69 2.9088e+02    365.487       8773  1027.3323  1027.3343    33.7473    33.7498    8.38200         41 0.0000e+00
     38.000     37.613    -1.4063  26.948977    -1.4067  26.949830     8.4694     8.9636    10.5239    88.3572 1.9336e+00  -69.44956 -102.34326  12.603823      99.41 2.8980e+02    367.346       8817  1027.3406  1027.3419    33.7509    33.7525    8.38736         40 0.0000e+00
     39.000     38.602    -1.4142  26.946375    -1.4159  26.946103     8.4477     8.9329    10.7225    88.3833 1.6557e+00  -69.44956 -102.34326  12.603846      99.46 2.8909e+02    369.328       8865  1027.3490  1027.3503    33.7556    33.7572    8.38886         45 0.0000e+00
     40.000     39.595    -1.4303  26.936281    -1.4317  26.936113     8.4754     8.9458    12.7904    88.3418 1.4147e+00  -69.44956 -102.34326  12.603870      99.38 2.8736e+02    371.345       8913  1027.3570  1027.3582    33.7593    33.7607    8.39227         37 0.0000e+00
     41.000     40.582    -1.4353  26.933781    -1.4369  26.933456     8.4885     8.9542    11.8543    89.6110 1.2359e+00  -69.44956 -102.34326  12.603893      99.41 2.8680e+02    373.368       8962  1027.3628  1027.3639    33.7609    33.7622    8.39330         38 0.0000e+00
     42.000     41.573    -1.4377  26.933238    -1.4390  26.932871     8.4818     8.9470    12.6552    89.1412 1.0885e+00  -69.44956 -102.34326  12.603916      94.75 2.8562e+02    375.304       9008  1027.3684  1027.3692    33.7622    33.7632    8.39376         38 0.0000e+00
     43.000     42.561    -1.4454  26.928727    -1.4466  26.928551     8.4742     8.9529    11.1326    88.6714 9.3980e-01  -69.44956 -102.34326  12.603936      99.16 2.8536e+02    377.073       9051  1027.3749  1027.3758    33.7641    33.7652    8.39539         39 0.0000e+00
     44.000     43.551    -1.4480  26.927702    -1.4493  26.927101     8.4713     8.9367    10.6881    88.6058 8.0914e-01  -69.44956 -102.34326  12.603958      99.35 2.8406e+02    378.941       9096  1027.3802  1027.3808    33.7650    33.7657    8.39592         42 0.0000e+00
     45.000     44.542    -1.4494  26.926934    -1.4518  26.925803     8.4296     8.8856    12.7688    88.6774 7.0376e-01  -69.44956 -102.34326  12.603982      99.39 2.8383e+02    381.008       9145  1027.3848  1027.3858    33.7649    33.7661    8.39625         37 0.0000e+00
     46.000     45.530    -1.4596  26.919384    -1.4615  26.918966     8.3116     8.7798    11.5665    89.4696 6.1744e-01  -69.44956 -102.34326  12.604004      99.43 2.8244e+02    382.934       9191  1027.3903  1027.3917    33.7654    33.7670    8.39851         36 0.0000e+00
     47.000     46.521    -1.4806  26.903265    -1.4831  26.902429     8.2130     8.6786    12.1104    89.4614 5.3779e-01  -69.44956 -102.34326  12.604025      99.38 2.8202e+02    384.777       9236  1027.3969  1027.3983    33.7663    33.7679    8.40320         41 0.0000e+00
     48.000     47.509    -1.4914  26.895834    -1.4937  26.894685     8.1632     8.6272    12.1712    89.4491 4.6260e-01  -69.44956 -102.34326  12.604048      99.43 2.8080e+02    386.758       9283  1027.4030  1027.4040    33.7676    33.7687    8.40556         37 0.0000e+00
     49.000     48.500    -1.4997  26.890579    -1.5010  26.890126     8.1362     8.5939    13.9448    89.8764 3.9974e-01  -69.44956 -102.34326  12.604072      97.59 2.8025e+02    388.797       9332  1027.4093  1027.4099    33.7692    33.7700    8.40736         42 0.0000e+00
     50.000     49.489    -1.5032  26.888805    -1.5051  26.887968     8.0684     8.5194    10.3914    89.6020 3.4670e-01  -69.44956 -102.34326  12.604094      99.35 2.7917e+02    390.698       9378  1027.4148  1027.4157    33.7701    33.7711    8.40809         34 0.0000e+00
     51.000     50.479    -1.5182  26.878224    -1.5198  26.877877     7.9730     8.4274    11.4304    89.7589 3.0342e-01  -69.44956 -102.34326  12.604115      99.39 2.7855e+02    392.520       9421  1027.4216  1027.4227    33.7719    33.7732    8.41138         42 0.0000e+00
     52.000     51.469    -1.5299  26.870097    -1.5311  26.869920     7.9016     8.3547    12.8359    89.9667 2.6386e-01  -69.44956 -102.34326  12.604136      99.48 2.7854e+02    394.332       9465  1027.4280  1027.4289    33.7733    33.7743    8.41395         36 0.0000e+00
     53.000     52.458    -1.5415  26.862111    -1.5425  26.861866     7.8673     8.3175    12.7723    90.6401 2.2703e-01  -69.44956 -102.34326  12.604159      99.36 2.7802e+02    396.340       9513  1027.4344  1027.4350    33.7748    33.7756    8.41649         36 0.0000e+00
     54.000     53.448    -1.5450  26.859533    -1.5461  26.859680     7.8746     8.3074    13.7010    90.3905 1.9700e-01  -69.44956 -102.34326  12.604184      99.45 2.7676e+02    398.516       9565  1027.4390  1027.4401    33.7745    33.7759    8.41729         41 0.0000e+00
     55.000     54.438    -1.5459  26.860197    -1.5470  26.859729     7.8657     8.2955    10.4116    90.6299 1.7330e-01  -69.44956 -102.34326  12.604206      99.45 2.7677e+02    400.386       9610  1027.4445  1027.4451    33.7758    33.7764    8.41741         40 0.0000e+00
     56.000     55.427    -1.5516  26.857292    -1.5529  26.856872     7.8642     8.2930     6.9513    92.3415 1.5450e-01  -69.44956 -102.34326  12.604226      99.34 2.7677e+02    402.109       9652  1027.4510  1027.4518    33.7776    33.7785    8.41859         40 0.0000e+00
     57.000     56.417    -1.5645  26.852068    -1.5664  26.851351     7.8929     8.3186     7.6487    91.8804 1.3391e-01  -69.44956 -102.34326  12.604247      99.41 2.7677e+02    403.924       9695  1027.4620  1027.4629    33.7845    33.7855    8.42112         39 0.0000e+00
