ocean_section_plots/required_files/ctd/dnbp2202_ctd085.cnv
* Sea-Bird SBE 9 Data File:
* FileName = D:\Data\raw\NBP2202_CTD085.hex
* Software Version Seasave V 7.26.7.121
* Temperature SN = 1649
* Conductivity SN = 2513
* Number of Bytes Per Scan = 40
* Number of Voltage Words = 5
* Number of Scans Averaged by the Deck Unit = 1
* NMEA Latitude = 74 10.51 S
* NMEA Longitude = 113 20.67 W
* NMEA UTC (Time) = Jan 26 2022  19:28:49
* NMEA baud rate = 9600
** Ship: RVIB N.B. Palmer
** Cruise: NBP2202 Thwaites
** Station: YoYo001
** Operator: A. Robinson
# nquan = 25
# nvalues = 607                         
# units = specified
# name 0 = prDM: Pressure, Digiquartz [db]
# name 1 = depSM: Depth [salt water, m]
# name 2 = t090C: Temperature [ITS-90, deg C]
# name 3 = c0mS/cm: Conductivity [mS/cm]
# name 4 = t190C: Temperature, 2 [ITS-90, deg C]
# name 5 = c1mS/cm: Conductivity, 2 [mS/cm]
# name 6 = sbeox0ML/L: Oxygen, SBE 43 [ml/l]
# name 7 = sbeox1ML/L: Oxygen, SBE 43, 2 [ml/l]
# name 8 = flECO-AFL: Fluorescence, WET Labs ECO-AFL/FL [mg/m^3]
# name 9 = CStarTr0: Beam Transmission, WET Labs C-Star [%]
# name 10 = par: PAR/Irradiance, Biospherical/Licor
# name 11 = latitude: Latitude [deg]
# name 12 = longitude: Longitude [deg]
# name 13 = timeJ: Julian Days
# name 14 = altM: Altimeter [m]
# name 15 = spar: SPAR, Biospherical/Licor
# name 16 = timeS: Time, Elapsed [seconds]
# name 17 = scan: Scan Count
# name 18 = density00: Density [density, kg/m^3]
# name 19 = density11: Density, 2 [density, kg/m^3]
# name 20 = sal00: Salinity, Practical [PSU]
# name 21 = sal11: Salinity, Practical, 2 [PSU]
# name 22 = oxsolML/L: Oxygen Saturation, Garcia & Gordon [ml/l]
# name 23 = nbin: number of scans per bin
# name 24 = flag: flag
# span 0 =     10.000,    616.000       
# span 1 =      9.896,    608.716       
# span 2 =    -1.5914,     0.0936       
# span 3 =  26.945219,  28.926688       
# span 4 =    -1.5903,     0.0958       
# span 5 =  26.945036,  28.925757       
# span 6 =     4.6928,     8.6205       
# span 7 =     4.7668,     8.6552       
# span 8 =    -0.0224,    25.5656       
# span 9 =    68.9818,    95.7174       
# span 10 = 1.0000e-12, 5.9402e+01      
# span 11 =  -74.17530,  -74.17528      
# span 12 = -113.34462, -113.34459      
# span 13 =  26.812179,  26.820902      
# span 14 =       4.34,      99.99      
# span 15 = 1.5228e+03, 1.8128e+03      
# span 16 =     43.224,    796.929      
# span 17 =       1038,      19127      
# span 18 =  1027.2136,  1030.5176      
# span 19 =  1027.2181,  1030.5152      
# span 20 =    33.7827,    34.3813      
# span 21 =    33.7872,    34.3786      
# span 22 =    8.02534,    8.41677      
# span 23 =         19,         43      
# span 24 = 0.0000e+00, 0.0000e+00      
# interval = decibars: 1                
# start_time = Jan 26 2022 19:28:49 [NMEA time, header]
# bad_flag = -9.990e-29
*END*
[from data line 522]
    532.000    525.818     0.0156  28.807424     0.0178  28.807354     4.7168     4.7989    -0.0093    94.9465 1.0000e-12  -74.17528 -113.34460  26.819192      89.21 1.5465e+03    649.183      15581  1030.1087  1030.1066    34.3579    34.3554    8.04297         27 0.0000e+00
    533.000    526.806     0.0160  28.808406     0.0182  28.808304     4.7231     4.7996    -0.0130    94.9672 1.0000e-12  -74.17528 -113.34460  26.819205      87.82 1.5465e+03    650.322      15609  1030.1138  1030.1114    34.3582    34.3555    8.04288         28 0.0000e+00
    534.000    527.792     0.0163  28.809181     0.0184  28.809013     4.7247     4.8029    -0.0096    94.9667 1.0000e-12  -74.17528 -113.34460  26.819218      87.27 1.5444e+03    651.458      15636  1030.1186  1030.1163    34.3583    34.3557    8.04281         27 0.0000e+00
    535.000    528.780     0.0152  28.808727     0.0172  28.808384     4.7258     4.8018    -0.0090    94.9523 1.0000e-12  -74.17528 -113.34460  26.819232      86.58 1.5360e+03    652.607      15664  1030.1235  1030.1212    34.3583    34.3557    8.04303         28 0.0000e+00
    536.000    529.767     0.0130  28.807437     0.0152  28.807378     4.7246     4.8069    -0.0171    94.9670 1.0000e-12  -74.17528 -113.34460  26.819245      85.20 1.5363e+03    653.769      15691  1030.1286  1030.1264    34.3585    34.3559    8.04349         28 0.0000e+00
    537.000    530.754     0.0116  28.806826     0.0136  28.806685     4.7249     4.8021    -0.0112    94.9667 1.0000e-12  -74.17528 -113.34460  26.819258      84.36 1.5352e+03    654.919      15719  1030.1336  1030.1316    34.3587    34.3563    8.04378         27 0.0000e+00
    538.000    531.742     0.0142  28.810522     0.0163  28.810159     4.7242     4.7924    -0.0088    94.9533 1.0000e-12  -74.17528 -113.34460  26.819271      84.01 1.5415e+03    656.052      15746  1030.1392  1030.1368    34.3600    34.3572    8.04315         27 0.0000e+00
    539.000    532.728     0.0224  28.819045     0.0233  28.817383     4.7225     4.7958    -0.0098    94.9459 1.0000e-12  -74.17528 -113.34460  26.819285      82.11 1.5448e+03    657.188      15774  1030.1444  1030.1418    34.3616    34.3583    8.04135         28 0.0000e+00
    540.000    533.715     0.0264  28.823257     0.0286  28.823093     4.7180     4.7919    -0.0154    94.9359 1.0000e-12  -74.17528 -113.34460  26.819298      81.36 1.5464e+03    658.332      15801  1030.1492  1030.1469    34.3621    34.3594    8.04048         28 0.0000e+00
    541.000    534.702     0.0274  28.824743     0.0297  28.824576     4.7189     4.7928    -0.0166    94.9741 1.0000e-12  -74.17528 -113.34460  26.819311      80.25 1.5441e+03    659.491      15829  1030.1541  1030.1517    34.3623    34.3595    8.04025         27 0.0000e+00
    542.000    535.691     0.0275  28.825304     0.0291  28.824673     4.7280     4.8039    -0.0108    94.9568 1.0000e-12  -74.17528 -113.34460  26.819325      79.11 1.5428e+03    660.650      15857  1030.1589  1030.1566    34.3624    34.3597    8.04023         28 0.0000e+00
    543.000    536.675     0.0203  28.818551     0.0227  28.818969     4.7252     4.8053    -0.0018    94.9411 1.0000e-12  -74.17528 -113.34460  26.819338      77.87 1.5399e+03    661.784      15884  1030.1631  1030.1613    34.3609    34.3588    8.04182         27 0.0000e+00
    544.000    537.663     0.0191  28.818119     0.0211  28.817721     4.7272     4.8043    -0.0086    94.9607 1.0000e-12  -74.17528 -113.34460  26.819351      77.39 1.5347e+03    662.906      15911  1030.1681  1030.1658    34.3611    34.3583    8.04206         26 0.0000e+00
    545.000    538.651     0.0195  28.818859     0.0222  28.819291     4.7288     4.7999    -0.0103    94.9690 1.0000e-12  -74.17528 -113.34460  26.819364      76.08 1.5295e+03    664.037      15938  1030.1728  1030.1706    34.3611    34.3586    8.04199         28 0.0000e+00
    546.000    539.638     0.0182  28.818150     0.0200  28.817579     4.7216     4.7985    -0.0095    94.9652 1.0000e-12  -74.17528 -113.34460  26.819377      75.05 1.5308e+03    665.189      15966  1030.1775  1030.1752    34.3609    34.3582    8.04226         28 0.0000e+00
    547.000    540.624     0.0174  28.817813     0.0195  28.817610     4.7208     4.7981    -0.0074    94.9648 1.0000e-12  -74.17528 -113.34460  26.819391      74.41 1.5258e+03    666.345      15993  1030.1822  1030.1800    34.3608    34.3582    8.04244         27 0.0000e+00
    548.000    541.612     0.0196  28.820316     0.0213  28.819742     4.7203     4.7998     0.0050    94.9698 1.0000e-12  -74.17528 -113.34460  26.819404      73.28 1.5272e+03    667.494      16021  1030.1869  1030.1847    34.3610    34.3584    8.04195         28 0.0000e+00
    549.000    542.599     0.0212  28.822266     0.0220  28.820859     4.7254     4.8008    -0.0102    94.9826 1.0000e-12  -74.17528 -113.34460  26.819417      72.34 1.5277e+03    668.639      16048  1030.1916  1030.1894    34.3612    34.3585    8.04161         28 0.0000e+00
    550.000    543.585     0.0201  28.821558     0.0212  28.820486     4.7234     4.8003    -0.0144    94.9811 1.0000e-12  -74.17528 -113.34460  26.819430      71.29 1.5282e+03    669.782      16076  1030.1962  1030.1940    34.3610    34.3583    8.04186         27 0.0000e+00
    551.000    544.573     0.0213  28.823241     0.0239  28.823471     4.7209     4.7991    -0.0090    94.9827 1.0000e-12  -74.17528 -113.34460  26.819444      70.07 1.5256e+03    670.939      16104  1030.2011  1030.1988    34.3612    34.3587    8.04158         28 0.0000e+00
    552.000    545.560     0.0202  28.822355     0.0228  28.822615     4.7208     4.7972    -0.0087    94.9608 1.0000e-12  -74.17528 -113.34460  26.819457      69.44 1.5252e+03    672.092      16131  1030.2055  1030.2033    34.3607    34.3582    8.04185         28 0.0000e+00
    553.000    546.547     0.0208  28.823449     0.0228  28.823179     4.7227     4.8002    -0.0059    94.9694 1.0000e-12  -74.17528 -113.34460  26.819470      68.38 1.5272e+03    673.228      16158  1030.2103  1030.2080    34.3609    34.3583    8.04171         27 0.0000e+00
    554.000    547.533     0.0189  28.821965     0.0213  28.822007     4.7197     4.7997    -0.0039    94.9874 1.0000e-12  -74.17528 -113.34460  26.819483      67.56 1.5305e+03    674.354      16186  1030.2149  1030.2126    34.3606    34.3579    8.04214         27 0.0000e+00
    555.000    548.518     0.0176  28.821021     0.0202  28.821386     4.7221     4.8038    -0.0053    94.9817 1.0000e-12  -74.17528 -113.34460  26.819496      66.04 1.5283e+03    675.479      16213  1030.2194  1030.2172    34.3602    34.3576    8.04244         24 0.0000e+00
    556.000    549.509     0.0183  28.822165     0.0210  28.822550     4.7219     4.7989    -0.0043    94.9780 1.0000e-12  -74.17528 -113.34460  26.819509      65.50 1.5271e+03    676.617      16240  1030.2241  1030.2220    34.3603    34.3578    8.04228         28 0.0000e+00
    557.000    550.494     0.0184  28.822769     0.0205  28.822597     4.7210     4.8031    -0.0047    94.9850 1.0000e-12  -74.17528 -113.34460  26.819523      64.60 1.5228e+03    677.767      16267  1030.2289  1030.2268    34.3604    34.3578    8.04226         27 0.0000e+00
    558.000    551.482     0.0178  28.822519     0.0197  28.822268     4.7252     4.8028    -0.0006    95.0031 1.0000e-12  -74.17528 -113.34460  26.819536      63.25 1.5247e+03    678.911      16295  1030.2335  1030.2314    34.3601    34.3577    8.04239         28 0.0000e+00
    559.000    552.469     0.0178  28.823333     0.0197  28.822853     4.7202     4.8110    -0.0051    94.9828 1.0000e-12  -74.17528 -113.34460  26.819549      62.11 1.5254e+03    680.051      16322  1030.2386  1030.2362    34.3607    34.3578    8.04237         28 0.0000e+00
    560.000    553.456     0.0188  28.824811     0.0208  28.824582     4.7260     4.8068    -0.0090    94.9877 1.0000e-12  -74.17528 -113.34460  26.819563      61.25 1.5255e+03    681.203      16350  1030.2434  1030.2412    34.3609    34.3583    8.04215         27 0.0000e+00
    561.000    554.443     0.0184  28.825185     0.0205  28.825045     4.7251     4.8026    -0.0093    94.9946 1.0000e-12  -74.17528 -113.34460  26.819576      59.98 1.5297e+03    682.356      16378  1030.2484  1030.2463    34.3612    34.3587    8.04220         28 0.0000e+00
    562.000    555.429     0.0194  28.827010     0.0215  28.826646     4.7231     4.8020    -0.0142    94.9783 1.0000e-12  -74.17528 -113.34460  26.819589      59.56 1.5308e+03    683.496      16405  1030.2537  1030.2513    34.3620    34.3591    8.04196         27 0.0000e+00
    563.000    556.417     0.0215  28.829946     0.0237  28.829836     4.7215     4.8015    -0.0118    94.9944 1.0000e-12  -74.17528 -113.34460  26.819602      58.43 1.5327e+03    684.623      16432  1030.2589  1030.2566    34.3628    34.3602    8.04146         27 0.0000e+00
    564.000    557.404     0.0220  28.830790     0.0239  28.830472     4.7226     4.8025    -0.0139    95.0175 1.0000e-12  -74.17528 -113.34460  26.819615      57.32 1.5355e+03    685.758      16459  1030.2636  1030.2614    34.3629    34.3603    8.04136         27 0.0000e+00
    565.000    558.391     0.0211  28.830278     0.0233  28.830236     4.7262     4.7994    -0.0109    95.0139 1.0000e-12  -74.17528 -113.34460  26.819628      56.24 1.5328e+03    686.890      16486  1030.2681  1030.2659    34.3625    34.3600    8.04155         28 0.0000e+00
    566.000    559.378     0.0241  28.834134     0.0255  28.833183     4.7225     4.7944    -0.0080    95.0078 1.0000e-12  -74.17528 -113.34460  26.819642      55.16 1.5259e+03    688.033      16514  1030.2735  1030.2711    34.3637    34.3609    8.04087         27 0.0000e+00
    567.000    560.365     0.0295  28.840125     0.0315  28.840043     4.7227     4.7958    -0.0020    95.0331 1.0000e-12  -74.17528 -113.34460  26.819655      54.25 1.5277e+03    689.183      16541  1030.2787  1030.2767    34.3650    34.3626    8.03966         28 0.0000e+00
    568.000    561.352     0.0262  28.837080     0.0275  28.836267     4.7233     4.7983    -0.0087    95.0231 1.0000e-12  -74.17528 -113.34460  26.819668      53.54 1.5325e+03    690.328      16569  1030.2831  1030.2810    34.3641    34.3616    8.04041         27 0.0000e+00
    569.000    562.337     0.0256  28.837265     0.0266  28.835755     4.7159     4.7976    -0.0093    94.9742 1.0000e-12  -74.17528 -113.34460  26.819682      52.23 1.5377e+03    691.483      16597  1030.2881  1030.2856    34.3644    34.3613    8.04051         28 0.0000e+00
    570.000    563.326     0.0291  28.841585     0.0300  28.839833     4.7179     4.7958    -0.0165    94.9999 1.0000e-12  -74.17528 -113.34460  26.819695      51.47 1.5394e+03    692.636      16624  1030.2934  1030.2908    34.3656    34.3623    8.03971         28 0.0000e+00
    571.000    564.312     0.0366  28.850066     0.0386  28.849668     4.7150     4.7896    -0.0150    94.9921 1.0000e-12  -74.17528 -113.34460  26.819708      50.30 1.5406e+03    693.778      16652  1030.2993  1030.2968    34.3678    34.3650    8.03801         26 0.0000e+00
    572.000    565.300     0.0413  28.855420     0.0438  28.855480     4.7108     4.7875    -0.0081    94.9993 1.0000e-12  -74.17528 -113.34460  26.819721      49.21 1.5418e+03    694.913      16679  1030.3045  1030.3021    34.3690    34.3663    8.03695         28 0.0000e+00
    573.000    566.285     0.0439  28.858365     0.0462  28.858293     4.7048     4.7925    -0.0098    95.0074 1.0000e-12  -74.17528 -113.34460  26.819734      48.49 1.5424e+03    696.057      16706  1030.3094  1030.3071    34.3694    34.3668    8.03639         28 0.0000e+00
    574.000    567.273     0.0443  28.859240     0.0458  28.858502     4.7087     4.7883    -0.0093    95.0202 1.0000e-12  -74.17528 -113.34460  26.819748      47.36 1.5443e+03    697.209      16734  1030.3142  1030.3120    34.3696    34.3669    8.03630         27 0.0000e+00
    575.000    568.262     0.0460  28.861410     0.0476  28.860653     4.7134     4.7826    -0.0067    95.0130 1.0000e-12  -74.17528 -113.34460  26.819761      46.37 1.5444e+03    698.354      16761  1030.3192  1030.3168    34.3700    34.3672    8.03593         28 0.0000e+00
    576.000    569.247     0.0456  28.861568     0.0477  28.861285     4.7128     4.7892    -0.0064    95.0106 1.0000e-12  -74.17528 -113.34460  26.819774      45.52 1.5475e+03    699.496      16789  1030.3239  1030.3217    34.3700    34.3673    8.03599         27 0.0000e+00
    577.000    570.233     0.0458  28.862237     0.0480  28.862082     4.7113     4.7885    -0.0137    94.9981 1.0000e-12  -74.17528 -113.34460  26.819787      43.96 1.5489e+03    700.637      16816  1030.3288  1030.3265    34.3701    34.3674    8.03596         27 0.0000e+00
    578.000    571.221     0.0457  28.862540     0.0479  28.862444     4.7133     4.7878    -0.0089    95.0169 1.0000e-12  -74.17528 -113.34460  26.819801      43.27 1.5522e+03    701.784      16844  1030.3334  1030.3312    34.3700    34.3675    8.03598         28 0.0000e+00
    579.000    572.207     0.0446  28.862014     0.0475  28.862538     4.7126     4.7949    -0.0129    95.0115 1.0000e-12  -74.17528 -113.34460  26.819814      42.50 1.5570e+03    702.927      16871  1030.3383  1030.3360    34.3700    34.3674    8.03622         27 0.0000e+00
    580.000    573.194     0.0428  28.860857     0.0456  28.861337     4.7207     4.7859    -0.0131    95.0019 1.0000e-12  -74.17528 -113.34460  26.819827      41.25 1.5598e+03    704.063      16899  1030.3431  1030.3408    34.3698    34.3673    8.03659         27 0.0000e+00
    581.000    574.181     0.0451  28.863641     0.0469  28.863106     4.7158     4.7896    -0.0129    94.9963 1.0000e-12  -74.17528 -113.34460  26.819840      40.24 1.5612e+03    705.210      16926  1030.3480  1030.3457    34.3703    34.3677    8.03608         28 0.0000e+00
    582.000    575.169     0.0437  28.862829     0.0461  28.862780     4.7168     4.7881    -0.0117    94.9868 1.0000e-12  -74.17528 -113.34460  26.819854      39.20 1.5633e+03    706.381      16954  1030.3527  1030.3504    34.3702    34.3675    8.03638         29 0.0000e+00
    583.000    576.155     0.0444  28.863851     0.0465  28.863608     4.7152     4.7903    -0.0090    94.9753 1.0000e-12  -74.17528 -113.34460  26.819867      38.36 1.5655e+03    707.544      16982  1030.3574  1030.3551    34.3703    34.3676    8.03624         27 0.0000e+00
    584.000    577.140     0.0458  28.865858     0.0479  28.865738     4.7164     4.7891    -0.0088    94.9954 1.0000e-12  -74.17528 -113.34460  26.819880      37.27 1.5679e+03    708.668      17009  1030.3625  1030.3602    34.3708    34.3682    8.03592         27 0.0000e+00
    585.000    578.129     0.0452  28.865866     0.0470  28.865179     4.7113     4.7878    -0.0142    94.9702 1.0000e-12  -74.17529 -113.34460  26.819893      36.29 1.5639e+03    709.780      17036  1030.3672  1030.3648    34.3708    34.3679    8.03603         26 0.0000e+00
    586.000    579.116     0.0483  28.869220     0.0492  28.867735     4.7126     4.7888    -0.0102    94.9717 1.0000e-12  -74.17529 -113.34460  26.819906      35.40 1.5683e+03    710.911      17063  1030.3720  1030.3696    34.3712    34.3683    8.03537         29 0.0000e+00
    587.000    580.103     0.0509  28.872187     0.0521  28.871062     4.7108     4.7911    -0.0024    94.9857 1.0000e-12  -74.17530 -113.34460  26.819920      34.38 1.5703e+03    712.073      17091  1030.3768  1030.3745    34.3717    34.3689    8.03480         27 0.0000e+00
    588.000    581.090     0.0511  28.872734     0.0529  28.872323     4.7093     4.7900    -0.0079    94.9841 1.0000e-12  -74.17528 -113.34460  26.819933      33.08 1.5722e+03    713.248      17119  1030.3815  1030.3793    34.3716    34.3691    8.03477         29 0.0000e+00
