ocean_section_plots/required_files/ctd/dnbp2202_ctd008.cnv
* Sea-Bird SBE 9 Data File:
* FileName = D:\Data\raw\NBP2202_CTD008.hex
* Software Version Seasave V 7.26.7.121
* Temperature SN = 1649
* Conductivity SN = 2513
* Number of Bytes Per Scan = 40
* Number of Voltage Words = 5
* Number of Scans Averaged by the Deck Unit = 1
* NMEA Latitude = 73 08.60 S
* NMEA Longitude = 113 56.92 W
* NMEA UTC (Time) = Jan 16 2022  19:59:29
* NMEA baud rate = 9600
** Ship: RVIB N.B. Palmer
** Cruise: NBP2202 Thwaites
** Station: #4
** Operator: A. Robinson
# nquan = 25
# nvalues = 560                         
# units = specified
# name 0 = prDM: Pressure, Digiquartz [db]
# name 1 = depSM: Depth [salt water, m]
# name 2 = t090C: Temperature [ITS-90, deg C]
# name 3 = c0mS/cm: Conductivity [mS/cm]
# name 4 = t190C: Temperature, 2 [ITS-90, deg C]
# name 5 = c1mS/cm: Conductivity, 2 [mS/cm]
# name 6 = sbeox0ML/L: Oxygen, SBE 43 [ml/l]
# name 7 = sbeox1ML/L: Oxygen, SBE 43, 2 [ml/l]
# name 8 = flECO-AFL: Fluorescence, WET Labs ECO-AFL/FL [mg/m^3]
# name 9 = CStarTr0: Beam Transmission, WET Labs C-Star [%]
# name 10 = par: PAR/Irradiance, Biospherical/Licor
# name 11 = latitude: Latitude [deg]
# name 12 = longitude: Longitude [deg]
# name 13 = timeJ: Julian Days
# name 14 = altM: Altimeter [m]
# name 15 = spar: SPAR, Biospherical/Licor
# name 16 = timeS: Time, Elapsed [seconds]
# name 17 = scan: Scan Count
# name 18 = density00: Density [density, kg/m^3]
# name 19 = density11: Density, 2 [density, kg/m^3]
# name 20 = sal00: Salinity, Practical [PSU]
# name 21 = sal11: Salinity, Practical, 2 [PSU]
# name 22 = oxsolML/L: Oxygen Saturation, Garcia & Gordon [ml/l]
# name 23 = nbin: number of scans per bin
# name 24 = flag: flag
# span 0 =      3.000,    562.000       
# span 1 =      2.972,    555.458       
# span 2 =    -1.8108,     0.5915       
# span 3 =  27.002163,  29.485007       
# span 4 =    -1.8100,     0.5935       
# span 5 =  27.001631,  29.484391       
# span 6 =     4.5510,     8.6499       
# span 7 =     4.7856,     9.1642       
# span 8 =    -0.0168,    23.4816       
# span 9 =    71.8040,    99.4936       
# span 10 = 1.0000e-12, 1.0348e+02      
# span 11 =  -73.14334,  -73.14332      
# span 12 = -113.94896, -113.94878      
# span 13 =  16.836774,  16.849285      
# span 14 =       8.58,     100.88      
# span 15 = 3.0573e+02, 6.0735e+02      
# span 16 =    328.320,   1409.205      
# span 17 =       7881,      33822      
# span 18 =  1027.2376,  1030.3909      
# span 19 =  1027.2370,  1030.3883      
# span 20 =    33.8816,    34.5851      
# span 21 =    33.8810,    34.5820      
# span 22 =    7.91110,    8.45534      
# span 23 =          2,         62      
# span 24 = 0.0000e+00, 0.0000e+00      
# interval = decibars: 1                
# start_time = Jan 16 2022 19:59:29 [NMEA time, header]
# bad_flag = -9.990e-29
*END*
      3.000      2.972    -0.4137  27.850435    -0.4125  27.850780     8.6278     8.8450    19.6778    74.1540 1.0348e+02  -73.14334 -113.94879  16.836774      99.93 3.1738e+02    328.320       7881  1027.2376  1027.2370    33.8822    33.8812    8.16125          2 0.0000e+00
      4.000      3.960    -0.4146  27.850007    -0.4146  27.850068     8.6439     8.8780    20.1677    73.6372 7.6768e+01  -73.14334 -113.94881  16.836848      99.99 3.1351e+02    334.687       8033  1027.2426  1027.2427    33.8820    33.8821    8.16146         44 0.0000e+00
      5.000      4.949    -0.4126  27.851856    -0.4126  27.851654     8.6491     8.8687    19.1888    73.0732 5.8558e+01  -73.14334 -113.94884  16.836969      99.92 3.0908e+02    345.123       8284  1027.2469  1027.2467    33.8816    33.8813    8.16104         18 0.0000e+00
      6.000      5.938    -0.4133  27.851714    -0.4132  27.851541     8.6453     8.8711    19.0533    73.0012 3.6442e+01  -73.14334 -113.94883  16.836979      99.97 3.0880e+02    345.975       8304  1027.2517  1027.2515    33.8816    33.8813    8.16119         24 0.0000e+00
      7.000      6.926    -0.4130  27.852543    -0.4129  27.852389     8.6414     8.8613    21.4268    73.8494 3.0337e+01  -73.14334 -113.94884  16.837025      99.99 3.0701e+02    349.925       8399  1027.2566  1027.2564    33.8817    33.8815    8.16111         25 0.0000e+00
      8.000      7.919    -0.4148  27.851764    -0.4150  27.851613     8.6456     8.8685    20.0698    73.4988 2.1851e+01  -73.14334 -113.94884  16.837041      99.98 3.0675e+02    351.307       8432  1027.2619  1027.2619    33.8822    33.8821    8.16149         26 0.0000e+00
      9.000      8.904    -0.4157  27.851813    -0.4156  27.851762     8.6447     8.8906    19.5529    73.0704 1.3920e+01  -73.14334 -113.94884  16.837060      99.99 3.0674e+02    353.000       8473  1027.2671  1027.2669    33.8826    33.8824    8.16166         31 0.0000e+00
     10.000      9.897    -0.4156  27.852378    -0.4158  27.852110     8.6351     8.9359    21.9028    73.3506 1.2877e+01  -73.14334 -113.94886  16.837100      99.99 3.0635e+02    356.432       8555  1027.2719  1027.2717    33.8826    33.8824    8.16163         32 0.0000e+00
     11.000     10.887    -0.4161  27.852537    -0.4161  27.852414     8.6238     8.9374    20.8840    72.8429 8.4776e+00  -73.14334 -113.94886  16.837115      99.99 3.0573e+02    357.712       8586  1027.2767  1027.2766    33.8827    33.8825    8.16173         34 0.0000e+00
     12.000     11.874    -0.4167  27.852517    -0.4166  27.852373     8.6374     9.0098    22.5846    72.9437 6.6430e+00  -73.14334 -113.94886  16.837152      89.13 3.0624e+02    360.946       8664  1027.2816  1027.2813    33.8828    33.8824    8.16186         37 0.0000e+00
     13.000     12.868    -0.4170  27.852849    -0.4168  27.852725     8.6441     9.0384    20.1290    71.8040 5.1404e+00  -73.14334 -113.94886  16.837176      99.33 3.0668e+02    363.033       8714  1027.2865  1027.2862    33.8829    33.8826    8.16191         31 0.0000e+00
     14.000     13.854    -0.4174  27.853025    -0.4172  27.852871     8.6393     9.0515    20.2593    72.7425 3.8355e+00  -73.14334 -113.94886  16.837200     100.01 3.0686e+02    365.120       8764  1027.2914  1027.2910    33.8830    33.8826    8.16199         32 0.0000e+00
     15.000     14.844    -0.4175  27.853330    -0.4174  27.853074     8.6407     9.1051    21.6342    73.7032 3.1474e+00  -73.14334 -113.94886  16.837241      99.97 3.0873e+02    368.633       8848  1027.2961  1027.2957    33.8829    33.8825    8.16202         36 0.0000e+00
     16.000     15.835    -0.4177  27.853679    -0.4179  27.853250     8.6381     9.1091    20.5279    72.7509 2.3826e+00  -73.14334 -113.94885  16.837257      99.98 3.0855e+02    370.018       8881  1027.3010  1027.3007    33.8830    33.8826    8.16205         38 0.0000e+00
     17.000     16.824    -0.4176  27.854246    -0.4181  27.853585     8.6399     9.1355    21.1997    73.3865 2.0002e+00  -73.14334 -113.94884  16.837304      99.98 3.1025e+02    374.052       8978  1027.3058  1027.3055    33.8830    33.8827    8.16203         35 0.0000e+00
     18.000     17.814    -0.4180  27.854440    -0.4177  27.854287     8.6357     9.1425    19.6569    74.1732 1.4845e+00  -73.14334 -113.94884  16.837323      99.63 3.1074e+02    375.713       9018  1027.3106  1027.3102    33.8831    33.8826    8.16211         33 0.0000e+00
     19.000     18.804    -0.4178  27.854920    -0.4176  27.854701     8.6399     9.1434    23.4816    73.4541 1.2902e+00  -73.14334 -113.94884  16.837368      99.60 3.1193e+02    379.564       9111  1027.3152  1027.3148    33.8830    33.8824    8.16208         35 0.0000e+00
     20.000     19.794    -0.4166  27.856081    -0.4163  27.855798     8.6434     9.1514    20.3620    73.1137 9.3944e-01  -73.14334 -113.94884  16.837388      99.98 3.1203e+02    381.353       9153  1027.3196  1027.3191    33.8826    33.8819    8.16185         33 0.0000e+00
     21.000     20.781    -0.4158  27.856862    -0.4150  27.857172     8.6411     9.1601    19.6825    73.4790 7.9370e-01  -73.14334 -113.94882  16.837430      99.99 3.1337e+02    384.956       9240  1027.3240  1027.3236    33.8822    33.8816    8.16171         32 0.0000e+00
     22.000     21.772    -0.4141  27.858538    -0.4139  27.858262     8.6482     9.1576    19.8191    73.1472 5.9723e-01  -73.14334 -113.94883  16.837455      99.98 3.1370e+02    387.082       9291  1027.3285  1027.3279    33.8818    33.8812    8.16135         36 0.0000e+00
     23.000     22.760    -0.4131  27.859691    -0.4135  27.858999     8.6492     9.1545    21.6581    73.2026 4.6824e-01  -73.14334 -113.94882  16.837488      99.98 3.1379e+02    389.975       9360  1027.3331  1027.3327    33.8817    33.8811    8.16115         29 0.0000e+00
     24.000     23.752    -0.4132  27.860121    -0.4130  27.859773     8.6430     9.1613    21.9540    73.9789 3.5446e-01  -73.14334 -113.94882  16.837520      99.97 3.1388e+02    392.720       9426  1027.3379  1027.3373    33.8817    33.8810    8.16116         39 0.0000e+00
     25.000     24.740    -0.4141  27.860338    -0.4137  27.860041     8.6408     9.1602    20.7582    72.4940 2.9088e-01  -73.14334 -113.94882  16.837544      99.95 3.1436e+02    394.808       9476  1027.3433  1027.3426    33.8824    33.8815    8.16132         24 0.0000e+00
     26.000     25.728    -0.4148  27.860277    -0.4142  27.860256     8.6378     9.1552    21.2104    73.5711 2.1824e-01  -73.14334 -113.94882  16.837584      99.98 3.1544e+02    398.294       9560  1027.3482  1027.3477    33.8825    33.8819    8.16146         33 0.0000e+00
     27.000     26.720    -0.4174  27.858939    -0.4169  27.858768     8.6281     9.1516    19.9108    72.3623 1.8099e-01  -73.14334 -113.94882  16.837614      99.98 3.1723e+02    400.807       9620  1027.3536  1027.3530    33.8830    33.8823    8.16199         35 0.0000e+00
     28.000     27.707    -0.4181  27.858941    -0.4171  27.859134     8.6330     9.1529    19.4177    72.3905 1.3755e-01  -73.14334 -113.94882  16.837637      97.89 3.1835e+02    402.825       9669  1027.3585  1027.3578    33.8832    33.8824    8.16213         37 0.0000e+00
     29.000     28.700    -0.4161  27.860982    -0.4150  27.861074     8.6441     9.1642    19.4227    73.3053 1.0579e-01  -73.14334 -113.94883  16.837684     100.05 3.2024e+02    406.913       9767  1027.3630  1027.3622    33.8830    33.8820    8.16171         40 0.0000e+00
     30.000     29.689    -0.4124  27.863961    -0.4120  27.863729     8.6467     9.1578    18.5503    73.5094 6.7342e-02  -73.14334 -113.94883  16.837703      99.98 3.2086e+02    408.537       9806  1027.3670  1027.3663    33.8823    33.8815    8.16096         36 0.0000e+00
     31.000     30.679    -0.4133  27.863740    -0.4130  27.863422     8.6499     9.1547    21.0647    73.7321 5.8911e-02  -73.14334 -113.94884  16.837750      99.99 3.2305e+02    412.635       9904  1027.3720  1027.3713    33.8825    33.8816    8.16115         36 0.0000e+00
     32.000     31.668    -0.4130  27.864461    -0.4129  27.863970     8.6421     9.1526    19.3384    74.2836 3.6068e-02  -73.14334 -113.94884  16.837771      97.23 3.2452e+02    414.412       9947  1027.3768  1027.3761    33.8825    33.8816    8.16109         34 0.0000e+00
     33.000     32.658    -0.4125  27.865375    -0.4120  27.865054     8.6443     9.1582    18.4465    73.1940 1.1797e-02  -73.14334 -113.94884  16.837812     100.10 3.2663e+02    417.975      10032  1027.3815  1027.3807    33.8824    33.8815    8.16096         40 0.0000e+00
     34.000     33.648    -0.4125  27.865766    -0.4119  27.865463     8.6398     9.1569    20.2512    73.9407 9.8367e-03  -73.14334 -113.94884  16.837833      81.73 3.2799e+02    419.752      10075  1027.3863  1027.3854    33.8824    33.8814    8.16098         37 0.0000e+00
     35.000     34.637    -0.4141  27.864920    -0.4153  27.863457     8.6301     9.1481    21.2861    73.5942 2.7925e-04  -73.14334 -113.94886  16.837866      99.96 3.2986e+02    422.653      10145  1027.3912  1027.3908    33.8824    33.8818    8.16132         44 0.0000e+00
     36.000     35.628    -0.4174  27.863311    -0.4152  27.863824     8.6247     9.1248    20.6038    73.4659 3.8831e-06  -73.14334 -113.94886  16.837900      99.96 3.3182e+02    425.565      10215  1027.3969  1027.3953    33.8834    33.8816    8.16197         33 0.0000e+00
     37.000     36.615    -0.4224  27.859850    -0.4244  27.858038     8.6268     9.1360    20.3324    73.2603 1.0000e-12  -73.14334 -113.94887  16.837917      99.91 3.3314e+02    427.051      10250  1027.4023  1027.4024    33.8837    33.8835    8.16302         28 0.0000e+00
     38.000     37.606    -0.4213  27.861113    -0.4220  27.859983     8.6320     9.1394    19.0562    73.9865 1.0000e-12  -73.14334 -113.94888  16.837932      96.21 3.3345e+02    428.298      10280  1027.4069  1027.4064    33.8836    33.8828    8.16281         32 0.0000e+00
     39.000     38.596    -0.4226  27.860521    -0.4231  27.859771     8.6037     9.1203    20.2109    73.9537 1.0000e-12  -73.14334 -113.94890  16.837973      96.40 3.3654e+02    431.832      10365  1027.4118  1027.4114    33.8836    33.8831    8.16308         28 0.0000e+00
     40.000     39.584    -0.4270  27.857681    -0.4283  27.856427     8.6022     9.1177    18.6628    73.2228 1.0000e-12  -73.14334 -113.94890  16.837990     100.00 3.3841e+02    433.359      10402  1027.4172  1027.4171    33.8841    33.8839    8.16400         26 0.0000e+00
     41.000     40.573    -0.4336  27.853569    -0.4302  27.855116     8.6071     9.1228    19.4044    73.6836 1.0000e-12  -73.14333 -113.94888  16.838005      99.99 3.3847e+02    434.659      10433  1027.4234  1027.4218    33.8853    33.8836    8.16535         34 0.0000e+00
     42.000     41.563    -0.4297  27.857084    -0.4248  27.859858     8.6051     9.1152    20.1814    73.3722 1.0000e-12  -73.14332 -113.94890  16.838047      99.97 3.4163e+02    438.228      10518  1027.4276  1027.4259    33.8851    33.8833    8.16452         34 0.0000e+00
     43.000     42.553    -0.4273  27.859163    -0.4277  27.858367     8.6005     9.1186    20.1631    73.6085 1.0000e-12  -73.14332 -113.94891  16.838065      99.98 3.4239e+02    439.847      10557  1027.4318  1027.4314    33.8846    33.8840    8.16403         34 0.0000e+00
     44.000     43.543    -0.4295  27.858150    -0.4297  27.857472     8.6083     9.1222    20.7087    73.2579 1.0000e-12  -73.14332 -113.94890  16.838086      99.86 3.4390e+02    441.635      10600  1027.4371  1027.4366    33.8851    33.8843    8.16448         36 0.0000e+00
     45.000     44.532    -0.4232  27.863460    -0.4234  27.862495     8.6184     9.1240    21.0570    73.4682 1.0000e-12  -73.14332 -113.94892  16.838115      99.96 3.4677e+02    444.126      10660  1027.4410  1027.4402    33.8845    33.8835    8.16315         36 0.0000e+00
     46.000     45.520    -0.4239  27.863194    -0.4240  27.862626     8.6085     9.1238    18.3373    72.8122 1.0000e-12  -73.14332 -113.94893  16.838131      99.98 3.4757e+02    445.503      10693  1027.4457  1027.4452    33.8844    33.8837    8.16332         30 0.0000e+00
     47.000     46.513    -0.4324  27.857420    -0.4260  27.861332     8.6080     9.1176    20.0435    72.6105 1.0000e-12  -73.14332 -113.94893  16.838154      99.98 3.4991e+02    447.479      10740  1027.4520  1027.4501    33.8855    33.8836    8.16508         31 0.0000e+00
     48.000     47.499    -0.4293  27.860260    -0.4290  27.859802     8.5995     9.1124    20.3929    73.9383 1.0000e-12  -73.14332 -113.94894  16.838187      99.99 3.5271e+02    450.357      10810  1027.4563  1027.4556    33.8853    33.8842    8.16443         32 0.0000e+00
     49.000     48.490    -0.4334  27.857625    -0.4337  27.856906     8.6057     9.1145    18.9786    73.3328 1.0000e-12  -73.14332 -113.94894  16.838200      99.92 3.5407e+02    451.451      10836  1027.4618  1027.4613    33.8857    33.8850    8.16529         27 0.0000e+00
     50.000     49.480    -0.4338  27.857837    -0.4341  27.856526     8.5962     9.1069    18.5425    73.3424 1.0000e-12  -73.14332 -113.94894  16.838220      99.46 3.5567e+02    453.193      10878  1027.4666  1027.4655    33.8858    33.8844    8.16536         29 0.0000e+00
     51.000     50.469    -0.4341  27.858047    -0.4336  27.857721     8.5930     9.1092    20.2383    72.1988 1.0000e-12  -73.14332 -113.94896  16.838257      99.94 3.5872e+02    456.426      10955  1027.4714  1027.4705    33.8858    33.8848    8.16543         34 0.0000e+00
     52.000     51.458    -0.4348  27.858018    -0.4345  27.857659     8.5975     9.0925    19.8739    74.0346 1.0000e-12  -73.14332 -113.94896  16.838270      99.92 3.6003e+02    457.522      10982  1027.4763  1027.4756    33.8859    33.8850    8.16558         29 0.0000e+00
     53.000     52.448    -0.4373  27.856907    -0.4367  27.856011     8.5782     9.0816    20.7026    73.8068 1.0000e-12  -73.14332 -113.94896  16.838289      99.98 3.6134e+02    459.135      11020  1027.4819  1027.4803    33.8866    33.8848    8.16607         42 0.0000e+00
     54.000     53.437    -0.4514  27.845536    -0.4516  27.845251     8.5538     9.0624    18.8745    72.6828 1.0000e-12  -73.14332 -113.94896  16.838320      99.98 3.6357e+02    461.807      11084  1027.4874  1027.4873    33.8865    33.8863    8.16911         39 0.0000e+00
     55.000     54.426    -0.4498  27.847680    -0.4492  27.847191     8.5642     9.0759    20.9820    72.7809 1.0000e-12  -73.14332 -113.94896  16.838342      99.99 3.6555e+02    463.717      11130  1027.4924  1027.4912    33.8869    33.8856    8.16874         43 0.0000e+00
     56.000     55.416    -0.4486  27.849035    -0.4484  27.848364     8.5662     9.0708    20.0861    74.7951 1.0000e-12  -73.14332 -113.94896  16.838365      99.99 3.6791e+02    465.733      11179  1027.4969  1027.4960    33.8869    33.8857    8.16849         45 0.0000e+00
     57.000     56.406    -0.4500  27.848449    -0.4493  27.848113     8.5601     9.0614    19.3541    73.9530 1.0000e-12  -73.14332 -113.94896  16.838387      98.79 3.6957e+02    467.595      11223  1027.5018  1027.5009    33.8870    33.8858    8.16877         38 0.0000e+00
     58.000     57.394    -0.4560  27.844277    -0.4550  27.844134     8.5422     9.0475    19.5513    73.9356 1.0000e-12  -73.14332 -113.94896  16.838408      99.94 3.7090e+02    469.495      11269  1027.5074  1027.5063    33.8875    33.8862    8.17004         38 0.0000e+00
     59.000     58.384    -0.4599  27.841483    -0.4583  27.842207     8.5333     9.0325    20.4449    73.7606 1.0000e-12  -73.14332 -113.94896  16.838435      99.96 3.7346e+02    471.793      11324  1027.5124  1027.5116    33.8875    33.8866    8.17088         43 0.0000e+00
