ocean_section_plots/required_files/ctd/dnbp2202_ctd173.cnv
* Sea-Bird SBE 9 Data File:
* FileName = D:\Data\raw\NBP2202_CTD173.hex
* Software Version Seasave V 7.26.7.121
* Temperature SN = 1649
* Conductivity SN = 2513
* Number of Bytes Per Scan = 40
* Number of Voltage Words = 5
* Number of Scans Averaged by the Deck Unit = 1
* NMEA Latitude = 74 05.23 S
* NMEA Longitude = 110 45.91 W
* NMEA UTC (Time) = Feb 03 2022  17:06:50
* NMEA baud rate = 9600
** Ship: RVIB N.B. Palmer
** Cruise: NBP2202 Thwaites
** Station: 95
** Operator: A. Robinson
# nquan = 28
# nvalues = 549                         
# units = specified
# name 0 = prDM: Pressure, Digiquartz [db]
# name 1 = depSM: Depth [salt water, m]
# name 2 = t090C: Temperature [ITS-90, deg C]
# name 3 = c0mS/cm: Conductivity [mS/cm]
# name 4 = t190C: Temperature, 2 [ITS-90, deg C]
# name 5 = c1mS/cm: Conductivity, 2 [mS/cm]
# name 6 = sbeox0ML/L: Oxygen, SBE 43 [ml/l]
# name 7 = sbeox1ML/L: Oxygen, SBE 43, 2 [ml/l]
# name 8 = flECO-AFL: Fluorescence, WET Labs ECO-AFL/FL [mg/m^3]
# name 9 = CStarTr0: Beam Transmission, WET Labs C-Star [%]
# name 10 = par: PAR/Irradiance, Biospherical/Licor
# name 11 = latitude: Latitude [deg]
# name 12 = longitude: Longitude [deg]
# name 13 = timeJ: Julian Days
# name 14 = altM: Altimeter [m]
# name 15 = spar: SPAR, Biospherical/Licor
# name 16 = timeS: Time, Elapsed [seconds]
# name 17 = scan: Scan Count
# name 18 = density00: Density [density, kg/m^3]
# name 19 = density11: Density, 2 [density, kg/m^3]
# name 20 = v3: Voltage 3
# name 21 = v4: Voltage 4
# name 22 = v5: Voltage 5
# name 23 = sal00: Salinity, Practical [PSU]
# name 24 = sal11: Salinity, Practical, 2 [PSU]
# name 25 = oxsolML/L: Oxygen Saturation, Garcia & Gordon [ml/l]
# name 26 = nbin: number of scans per bin
# name 27 = flag: flag
# span 0 =      2.000,    550.000       
# span 1 =      1.977,    543.588       
# span 2 =    -1.5625,    -0.8974       
# span 3 =  26.764428,  27.930485       
# span 4 =    -1.5658,    -0.8961       
# span 5 =  26.764656,  27.929643       
# span 6 =     5.7711,     7.3073       
# span 7 =     5.8806,     7.4476       
# span 8 =    -0.0214,     9.4719       
# span 9 =    87.5972,    98.7752       
# span 10 = 1.0000e-12, 1.2621e+02      
# span 11 =  -74.08728,  -74.08728      
# span 12 = -110.76518, -110.76514      
# span 13 =  34.716292,  34.725166      
# span 14 =       2.21,     100.56      
# span 15 = 1.8263e+03, 1.8365e+03      
# span 16 =    277.635,   1044.360      
# span 17 =       6664,      25066      
# span 18 =  1027.1150,  1030.1252      
# span 19 =  1027.1191,  1030.1235      
# span 20 =     4.1557,     4.6857      
# span 21 =     0.0639,     1.3012      
# span 22 =     0.1156,     0.1646      
# span 23 =    33.6846,    34.2027      
# span 24 =    33.6888,    34.2004      
# span 25 =    8.24771,    8.42652      
# span 26 =         25,         57      
# span 27 = 0.0000e+00, 0.0000e+00      
# interval = decibars: 1                
# start_time = Feb 03 2022 17:06:50 [NMEA time, header]
# bad_flag = -9.990e-29
*END*
[from data line 259]
    261.000    258.137    -1.2040  27.457421    -1.2035  27.457228     5.9537     6.1230    -0.0077    98.7193 1.0000e-12  -74.08728 -110.76514  34.720381      99.73 1.8342e+03    630.963      15144  1028.6665  1028.6658     4.6831     0.0700     0.1199    34.0810    34.0802    8.32251         28 0.0000e+00
    262.000    259.126    -1.2153  27.448258    -1.2136  27.448961     5.9745     6.1391    -0.0077    98.7017 1.0000e-12  -74.08728 -110.76514  34.720395      98.82 1.8340e+03    632.138      15172  1028.6719  1028.6710     4.6822     0.0701     0.1197    34.0807    34.0798    8.32505         28 0.0000e+00
    263.000    260.113    -1.2241  27.442301    -1.2234  27.441942     5.9817     6.1498    -0.0016    98.7368 1.0000e-12  -74.08728 -110.76516  34.720409      99.75 1.8350e+03    633.320      15201  1028.6783  1028.6772     4.6839     0.0699     0.1169    34.0819    34.0806    8.32693         28 0.0000e+00
    264.000    261.103    -1.2270  27.441536    -1.2252  27.442199     5.9821     6.1612    -0.0004    98.7403 1.0000e-12  -74.08728 -110.76514  34.720422      99.73 1.8338e+03    634.493      15229  1028.6845  1028.6835     4.6841     0.0710     0.1189    34.0835    34.0824    8.32747         28 0.0000e+00
    265.000    262.090    -1.2204  27.448942    -1.2201  27.448174     5.9651     6.1474    -0.0012    98.7384 1.0000e-12  -74.08728 -110.76516  34.720436      99.74 1.8336e+03    635.661      15257  1028.6904  1028.6894     4.6840     0.0686     0.1196    34.0855    34.0842    8.32588         28 0.0000e+00
    266.000    263.079    -1.2182  27.453265    -1.2167  27.453208     5.9340     6.1182    -0.0049    98.6570 1.0000e-12  -74.08728 -110.76516  34.720449      99.74 1.8347e+03    636.828      15285  1028.6973  1028.6958     4.6802     0.0710     0.1209    34.0883    34.0866    8.32523         29 0.0000e+00
    267.000    264.067    -1.1882  27.480999    -1.1865  27.480803     5.9286     6.1030     0.0032    98.7072 1.0000e-12  -74.08728 -110.76516  34.720463      99.73 1.8335e+03    637.980      15313  1028.7027  1028.7009     4.6825     0.0696     0.1183    34.0916    34.0894    8.31836         27 0.0000e+00
    268.000    265.055    -1.1820  27.486924    -1.1813  27.486661     5.9298     6.1043    -0.0035    98.7163 1.0000e-12  -74.08728 -110.76516  34.720476      99.74 1.8326e+03    639.133      15340  1028.7076  1028.7066     4.6830     0.0703     0.1183    34.0921    34.0909    8.31696         28 0.0000e+00
    269.000    266.045    -1.1824  27.488576    -1.1818  27.487931     5.9226     6.0951    -0.0001    98.7167 1.0000e-12  -74.08728 -110.76516  34.720489      99.74 1.8337e+03    640.285      15368  1028.7142  1028.7130     4.6830     0.0710     0.1209    34.0942    34.0926    8.31693         27 0.0000e+00
    270.000    267.032    -1.1709  27.501569    -1.1705  27.500347     5.9160     6.0940    -0.0095    98.7164 1.0000e-12  -74.08728 -110.76516  34.720503      99.74 1.8338e+03    641.436      15395  1028.7216  1028.7199     4.6829     0.0717     0.1196    34.0982    34.0962    8.31413         28 0.0000e+00
    271.000    268.021    -1.1630  27.509586    -1.1620  27.509212     5.9351     6.1046    -0.0066    98.7243 1.0000e-12  -74.08728 -110.76516  34.720516      99.73 1.8320e+03    642.591      15423  1028.7271  1028.7258     4.6833     0.0722     0.1211    34.0996    34.0980    8.31229         27 0.0000e+00
    272.000    269.009    -1.1727  27.501927    -1.1713  27.502264     5.9540     6.1138    -0.0151    98.7205 1.0000e-12  -74.08728 -110.76516  34.720530      99.74 1.8333e+03    643.761      15451  1028.7327  1028.7317     4.6832     0.0700     0.1192    34.0996    34.0984    8.31446         29 0.0000e+00
    273.000    269.997    -1.1814  27.495086    -1.1812  27.494587     5.9670     6.1351    -0.0150    98.7062 1.0000e-12  -74.08728 -110.76516  34.720543      99.74 1.8329e+03    644.937      15479  1028.7381  1028.7373     4.6824     0.0699     0.1194    34.0995    34.0985    8.31639         28 0.0000e+00
    274.000    270.986    -1.1874  27.490816    -1.1861  27.491043     5.9775     6.1511    -0.0105    98.6979 1.0000e-12  -74.08728 -110.76516  34.720557      99.73 1.8320e+03    646.116      15508  1028.7437  1028.7426     4.6820     0.0686     0.1203    34.0999    34.0987    8.31771         28 0.0000e+00
    275.000    271.975    -1.1958  27.484837    -1.1951  27.484464     5.9835     6.1575    -0.0130    98.7145 1.0000e-12  -74.08728 -110.76516  34.720571      99.74 1.8342e+03    647.307      15536  1028.7496  1028.7485     4.6828     0.0709     0.1198    34.1005    34.0993    8.31953         29 0.0000e+00
    276.000    272.961    -1.1981  27.483616    -1.1971  27.483422     5.9894     6.1606    -0.0092    98.7081 1.0000e-12  -74.08728 -110.76516  34.720584      99.73 1.8344e+03    648.497      15565  1028.7547  1028.7536     4.6825     0.0696     0.1207    34.1009    34.0995    8.32002         29 0.0000e+00
    277.000    273.951    -1.1967  27.485963    -1.1958  27.485762     5.9866     6.1585    -0.0077    98.6971 1.0000e-12  -74.08728 -110.76515  34.720598      99.74 1.8336e+03    649.677      15593  1028.7602  1028.7591     4.6820     0.0699     0.1202    34.1019    34.1006    8.31965         28 0.0000e+00
    278.000    274.939    -1.1952  27.488087    -1.1942  27.487776     5.9792     6.1528    -0.0080    98.7211 1.0000e-12  -74.08728 -110.76515  34.720612      99.74 1.8344e+03    650.862      15622  1028.7653  1028.7641     4.6832     0.0697     0.1205    34.1025    34.1010    8.31928         28 0.0000e+00
    279.000    275.927    -1.1923  27.491472    -1.1914  27.491015     5.9769     6.1489    -0.0151    98.6873 1.0000e-12  -74.08728 -110.76515  34.720625      99.74 1.8345e+03    652.039      15650  1028.7704  1028.7691     4.6815     0.0700     0.1185    34.1031    34.1016    8.31859         28 0.0000e+00
    280.000    276.916    -1.1900  27.494116    -1.1887  27.494259     5.9748     6.1451    -0.0142    98.7119 1.0000e-12  -74.08728 -110.76516  34.720639      99.74 1.8332e+03    653.196      15678  1028.7755  1028.7743     4.6827     0.0695     0.1190    34.1037    34.1023    8.31807         28 0.0000e+00
    281.000    277.905    -1.1891  27.495423    -1.1880  27.495394     5.9745     6.1519    -0.0077    98.7145 1.0000e-12  -74.08728 -110.76514  34.720652      99.74 1.8330e+03    654.346      15705  1028.7803  1028.7792     4.6829     0.0700     0.1206    34.1037    34.1024    8.31785         28 0.0000e+00
    282.000    278.892    -1.1874  27.497565    -1.1865  27.497229     5.9730     6.1450    -0.0077    98.7214 1.0000e-12  -74.08728 -110.76515  34.720665      99.74 1.8335e+03    655.491      15733  1028.7853  1028.7840     4.6832     0.0694     0.1208    34.1041    34.1026    8.31746         27 0.0000e+00
    283.000    279.882    -1.1849  27.500405    -1.1836  27.500397     5.9694     6.1454    -0.0077    98.7281 1.0000e-12  -74.08728 -110.76515  34.720679      97.35 1.8327e+03    656.627      15760  1028.7902  1028.7890     4.6835     0.0690     0.1194    34.1045    34.1031    8.31687         27 0.0000e+00
    284.000    280.868    -1.1761  27.510556    -1.1748  27.510480     5.9666     6.1408    -0.0081    98.7246 1.0000e-12  -74.08728 -110.76515  34.720692      87.41 1.8317e+03    657.763      15787  1028.7970  1028.7957     4.6833     0.0684     0.1202    34.1078    34.1062    8.31473         28 0.0000e+00
    285.000    281.857    -1.1754  27.512177    -1.1742  27.512047     5.9695     6.1440    -0.0125    98.7366 1.0000e-12  -74.08728 -110.76515  34.720705      99.50 1.8326e+03    658.908      15815  1028.8025  1028.8012     4.6839     0.0682     0.1207    34.1086    34.1071    8.31453         27 0.0000e+00
    286.000    282.846    -1.1771  27.511514    -1.1758  27.511446     5.9640     6.1441    -0.0077    98.7210 1.0000e-12  -74.08728 -110.76515  34.720718      99.73 1.8315e+03    660.055      15842  1028.8078  1028.8065     4.6832     0.0688     0.1183    34.1091    34.1075    8.31488         28 0.0000e+00
    287.000    283.834    -1.1773  27.511675    -1.1761  27.511601     5.9602     6.1449    -0.0140    98.7252 1.0000e-12  -74.08728 -110.76516  34.720732      99.74 1.8305e+03    661.210      15870  1028.8125  1028.8113     4.6833     0.0685     0.1184    34.1089    34.1074    8.31493         27 0.0000e+00
    288.000    284.822    -1.1771  27.512297    -1.1759  27.512258     5.9657     6.1459    -0.0189    98.6999 1.0000e-12  -74.08728 -110.76514  34.720745      99.74 1.8322e+03    662.383      15898  1028.8173  1028.8161     4.6821     0.0695     0.1226    34.1089    34.1074    8.31489         29 0.0000e+00
    289.000    285.810    -1.1779  27.512062    -1.1769  27.512015     5.9742     6.1459    -0.0150    98.7201 1.0000e-12  -74.08728 -110.76515  34.720759      99.74 1.8315e+03    663.565      15927  1028.8220  1028.8210     4.6831     0.0685     0.1240    34.1088    34.1076    8.31506         28 0.0000e+00
    290.000    286.799    -1.1781  27.512328    -1.1772  27.512044     5.9813     6.1497    -0.0057    98.7303 1.0000e-12  -74.08728 -110.76515  34.720773      99.74 1.8314e+03    664.754      15955  1028.8269  1028.8257     4.6836     0.0697     0.1201    34.1089    34.1074    8.31512         29 0.0000e+00
    291.000    287.787    -1.1784  27.512619    -1.1774  27.512441     5.9871     6.1526    -0.0111    98.7199 1.0000e-12  -74.08728 -110.76515  34.720786      99.74 1.8328e+03    665.947      15984  1028.8318  1028.8307     4.6831     0.0685     0.1198    34.1089    34.1076    8.31517         28 0.0000e+00
    292.000    288.775    -1.1800  27.513629    -1.1790  27.513447     5.9845     6.1625    -0.0094    98.7286 1.0000e-12  -74.08728 -110.76516  34.720800      99.74 1.8323e+03    667.137      16012  1028.8387  1028.8376     4.6835     0.0703     0.1193    34.1115    34.1101    8.31537         29 0.0000e+00
    293.000    289.763    -1.1798  27.515028    -1.1787  27.514766     5.9883     6.1619    -0.0077    98.7413 1.0000e-12  -74.08728 -110.76514  34.720814      99.74 1.8315e+03    668.320      16041  1028.8444  1028.8431     4.6842     0.0695     0.1205    34.1126    34.1110    8.31526         28 0.0000e+00
    294.000    290.751    -1.1774  27.518507    -1.1764  27.518237     5.9865     6.1584    -0.0143    98.7436 1.0000e-12  -74.08728 -110.76515  34.720828      99.73 1.8332e+03    669.503      16069  1028.8502  1028.8489     4.6843     0.0686     0.1189    34.1140    34.1125    8.31465         29 0.0000e+00
    295.000    291.740    -1.1757  27.520627    -1.1747  27.520457     5.9858     6.1574    -0.0085    98.7375 1.0000e-12  -74.08728 -110.76515  34.720841      99.34 1.8322e+03    670.686      16097  1028.8551  1028.8540     4.6839     0.0685     0.1193    34.1143    34.1130    8.31425         28 0.0000e+00
    296.000    292.728    -1.1743  27.522619    -1.1729  27.522832     5.9817     6.1583    -0.0150    98.7347 1.0000e-12  -74.08728 -110.76515  34.720855      99.73 1.8316e+03    671.861      16126  1028.8602  1028.8591     4.6838     0.0704     0.1213    34.1149    34.1136    8.31391         28 0.0000e+00
    297.000    293.717    -1.1724  27.525252    -1.1713  27.524986     5.9790     6.1596    -0.0132    98.7463 1.0000e-12  -74.08728 -110.76515  34.720869      99.73 1.8316e+03    673.041      16154  1028.8656  1028.8642     4.6844     0.0736     0.1199    34.1157    34.1141    8.31344         29 0.0000e+00
    298.000    294.704    -1.1721  27.526253    -1.1711  27.526017     5.9894     6.1598    -0.0077    98.7175 1.0000e-12  -74.08728 -110.76514  34.720882      99.74 1.8316e+03    674.220      16182  1028.8707  1028.8694     4.6830     0.0701     0.1184    34.1162    34.1146    8.31336         28 0.0000e+00
    299.000    295.694    -1.1713  27.527937    -1.1703  27.527782     5.9857     6.1616    -0.0106    98.7494 1.0000e-12  -74.08728 -110.76516  34.720896      99.74 1.8316e+03    675.395      16210  1028.8761  1028.8749     4.6845     0.0694     0.1217    34.1169    34.1155    8.31313         28 0.0000e+00
    300.000    296.680    -1.1707  27.529660    -1.1696  27.529484     5.9895     6.1618    -0.0119    98.7046 1.0000e-12  -74.08728 -110.76514  34.720910      99.74 1.8316e+03    676.582      16239  1028.8816  1028.8805     4.6824     0.0697     0.1198    34.1180    34.1165    8.31293         28 0.0000e+00
    301.000    297.669    -1.1708  27.530217    -1.1697  27.529992     5.9867     6.1625    -0.0120    98.7542 1.0000e-12  -74.08728 -110.76514  34.720923      99.74 1.8316e+03    677.770      16267  1028.8867  1028.8854     4.6847     0.0683     0.1199    34.1182    34.1166    8.31294         29 0.0000e+00
    302.000    298.658    -1.1713  27.530435    -1.1702  27.530224     5.9847     6.1634    -0.0153    98.7445 1.0000e-12  -74.08728 -110.76514  34.720937      99.74 1.8315e+03    678.958      16296  1028.8917  1028.8904     4.6843     0.0703     0.1216    34.1184    34.1169    8.31304         29 0.0000e+00
    303.000    299.646    -1.1717  27.530813    -1.1706  27.530713     5.9903     6.1635    -0.0150    98.7301 1.0000e-12  -74.08728 -110.76514  34.720951      99.74 1.8331e+03    680.151      16325  1028.8968  1028.8956     4.6836     0.0684     0.1182    34.1188    34.1174    8.31310         28 0.0000e+00
    304.000    300.634    -1.1714  27.531644    -1.1701  27.531692     5.9912     6.1647    -0.0214    98.7617 1.0000e-12  -74.08728 -110.76514  34.720965      99.74 1.8330e+03    681.345      16353  1028.9017  1028.9005     4.6851     0.0690     0.1189    34.1190    34.1175    8.31302         29 0.0000e+00
    305.000    301.623    -1.1706  27.532930    -1.1694  27.532728     5.9919     6.1660    -0.0161    98.7463 1.0000e-12  -74.08728 -110.76514  34.720978      99.55 1.8319e+03    682.534      16382  1028.9066  1028.9053     4.6844     0.0685     0.1181    34.1192    34.1176    8.31282         29 0.0000e+00
    306.000    302.610    -1.1704  27.533430    -1.1695  27.533154     5.9915     6.1652    -0.0150    98.7628 1.0000e-12  -74.08728 -110.76514  34.720992      84.62 1.8325e+03    683.728      16410  1028.9113  1028.9101     4.6851     0.0681     0.1179    34.1191    34.1176    8.31280         29 0.0000e+00
    307.000    303.599    -1.1704  27.534057    -1.1693  27.533900     5.9877     6.1625    -0.0160    98.7505 1.0000e-12  -74.08728 -110.76514  34.721006      97.53 1.8332e+03    684.925      16439  1028.9162  1028.9150     4.6846     0.0685     0.1199    34.1193    34.1178    8.31278         28 0.0000e+00
    308.000    304.586    -1.1687  27.536467    -1.1675  27.536301     5.9851     6.1576    -0.0203    98.7309 1.0000e-12  -74.08728 -110.76514  34.721020      99.75 1.8321e+03    686.113      16468  1028.9215  1028.9201     4.6837     0.0685     0.1202    34.1200    34.1184    8.31236         28 0.0000e+00
    309.000    305.575    -1.1674  27.538128    -1.1665  27.537771     5.9814     6.1588    -0.0097    98.7365 1.0000e-12  -74.08728 -110.76514  34.721034      99.74 1.8333e+03    687.297      16496  1028.9263  1028.9251     4.6839     0.0695     0.1196    34.1202    34.1187    8.31206         29 0.0000e+00
    310.000    306.563    -1.1666  27.539399    -1.1656  27.539198     5.9758     6.1584    -0.0127    98.7486 1.0000e-12  -74.08728 -110.76514  34.721047      99.74 1.8334e+03    688.483      16525  1028.9313  1028.9300     4.6845     0.0696     0.1210    34.1205    34.1190    8.31188         28 0.0000e+00
    311.000    307.552    -1.1659  27.540656    -1.1648  27.540436     5.9775     6.1551    -0.0080    98.7560 1.0000e-12  -74.08728 -110.76514  34.721061      99.75 1.8334e+03    689.655      16553  1028.9362  1028.9350     4.6848     0.0700     0.1211    34.1207    34.1192    8.31170         29 0.0000e+00
