ocean_section_plots/required_files/ctd/dnbp2202_ctd043.cnv
* Sea-Bird SBE 9 Data File:
* FileName = D:\Data\raw\NBP2202_CTD043.hex
* Software Version Seasave V 7.26.7.121
* Temperature SN = 1649
* Conductivity SN = 2513
* Number of Bytes Per Scan = 40
* Number of Voltage Words = 5
* Number of Scans Averaged by the Deck Unit = 1
* NMEA Latitude = 74 09.37 S
* NMEA Longitude = 113 19.35 W
* NMEA UTC (Time) = Jan 23 2022  11:31:37
* NMEA baud rate = 9600
** Ship: RVIB N.B. Palmer
** Cruise: NBP2202 Thwaites
** Station: 24
** Operator: B. Bjork
# nquan = 25
# nvalues = 447                         
# units = specified
# name 0 = prDM: Pressure, Digiquartz [db]
# name 1 = depSM: Depth [salt water, m]
# name 2 = t090C: Temperature [ITS-90, deg C]
# name 3 = c0mS/cm: Conductivity [mS/cm]
# name 4 = t190C: Temperature, 2 [ITS-90, deg C]
# name 5 = c1mS/cm: Conductivity, 2 [mS/cm]
# name 6 = sbeox0ML/L: Oxygen, SBE 43 [ml/l]
# name 7 = sbeox1ML/L: Oxygen, SBE 43, 2 [ml/l]
# name 8 = flECO-AFL: Fluorescence, WET Labs ECO-AFL/FL [mg/m^3]
# name 9 = CStarTr0: Beam Transmission, WET Labs C-Star [%]
# name 10 = par: PAR/Irradiance, Biospherical/Licor
# name 11 = latitude: Latitude [deg]
# name 12 = longitude: Longitude [deg]
# name 13 = timeJ: Julian Days
# name 14 = altM: Altimeter [m]
# name 15 = spar: SPAR, Biospherical/Licor
# name 16 = timeS: Time, Elapsed [seconds]
# name 17 = scan: Scan Count
# name 18 = density00: Density [density, kg/m^3]
# name 19 = density11: Density, 2 [density, kg/m^3]
# name 20 = sal00: Salinity, Practical [PSU]
# name 21 = sal11: Salinity, Practical, 2 [PSU]
# name 22 = oxsolML/L: Oxygen Saturation, Garcia & Gordon [ml/l]
# name 23 = nbin: number of scans per bin
# name 24 = flag: flag
# span 0 =      2.000,    448.000       
# span 1 =      1.981,    442.880       
# span 2 =    -1.4515,    -0.1612       
# span 3 =  26.989386,  28.566206       
# span 4 =    -1.4509,    -0.1592       
# span 5 =  26.989024,  28.565791       
# span 6 =     4.7948,     7.0519       
# span 7 =     5.0555,     7.4693       
# span 8 =    -0.0224,     7.5951       
# span 9 =    85.4623,    96.2799       
# span 10 = 1.0000e-12, 7.8885e+01      
# span 11 =  -74.15630,  -74.15628      
# span 12 = -113.32258, -113.32254      
# span 13 =  23.482606,  23.491001      
# span 14 =       8.31,     100.26      
# span 15 = 1.1511e+03, 1.1821e+03      
# span 16 =    200.184,    925.457      
# span 17 =       4805,      22212      
# span 18 =  1027.2269,  1029.6680      
# span 19 =  1027.2275,  1029.6652      
# span 20 =    33.8236,    34.2902      
# span 21 =    33.8230,    34.2875      
# span 22 =    8.08408,    8.39152      
# span 23 =         24,         53      
# span 24 = 0.0000e+00, 0.0000e+00      
# interval = decibars: 1                
# start_time = Jan 23 2022 11:31:37 [NMEA time, header]
# bad_flag = -9.990e-29
*END*
[from data line 174]
    176.000    174.103    -0.9939  27.543932    -0.9920  27.543741     5.2311     5.5332    -0.0069    96.2152 1.0000e-12  -74.15628 -113.32255  23.486696      99.87 1.1628e+03    553.544      13286  1028.1957  1028.1938    34.0135    34.0112    8.27994         37 0.0000e+00
    177.000    175.093    -0.9903  27.547691    -0.9889  27.547140     5.2159     5.5186    -0.0130    96.1987 1.0000e-12  -74.15628 -113.32255  23.486713      99.87 1.1626e+03    555.016      13321  1028.2010  1028.1990    34.0141    34.0117    8.27913         32 0.0000e+00
    178.000    176.083    -0.9810  27.557319    -0.9796  27.556538     5.2174     5.5206    -0.0220    96.1942 1.0000e-12  -74.15628 -113.32255  23.486730      99.87 1.1628e+03    556.463      13356  1028.2068  1028.2047    34.0159    34.0133    8.27695         35 0.0000e+00
    179.000    177.070    -0.9800  27.559370    -0.9789  27.558657     5.1995     5.5036    -0.0220    96.1955 1.0000e-12  -74.15628 -113.32255  23.486746      98.15 1.1630e+03    557.860      13390  1028.2126  1028.2108    34.0170    34.0148    8.27667         33 0.0000e+00
    180.000    178.060    -0.9743  27.565689    -0.9728  27.564643     5.1813     5.4815    -0.0224    96.1938 1.0000e-12  -74.15628 -113.32254  23.486762      94.23 1.1620e+03    559.213      13422  1028.2184  1028.2159    34.0186    34.0155    8.27533         31 0.0000e+00
    181.000    179.049    -0.9480  27.590632    -0.9461  27.589866     5.1477     5.4466    -0.0161    96.1971 1.0000e-12  -74.15628 -113.32255  23.486777      99.81 1.1632e+03    560.522      13454  1028.2245  1028.2218    34.0221    34.0189    8.26933         31 0.0000e+00
    182.000    180.037    -0.9342  27.604145    -0.9326  27.602945     5.0953     5.4025    -0.0150    96.1926 1.0000e-12  -74.15628 -113.32255  23.486791      99.87 1.1636e+03    561.747      13483  1028.2303  1028.2275    34.0243    34.0209    8.26617         29 0.0000e+00
    183.000    181.026    -0.8868  27.650069    -0.8843  27.649069     5.0709     5.3722    -0.0078    96.1383 1.0000e-12  -74.15628 -113.32255  23.486805      99.87 1.1637e+03    562.960      13512  1028.2387  1028.2352    34.0326    34.0284    8.25529         30 0.0000e+00
    184.000    182.014    -0.8655  27.670627    -0.8627  27.670662     5.0619     5.3581    -0.0159    96.1516 1.0000e-12  -74.15628 -113.32256  23.486819      99.87 1.1623e+03    564.192      13542  1028.2450  1028.2423    34.0358    34.0327    8.25043         29 0.0000e+00
    185.000    183.005    -0.8527  27.682931    -0.8513  27.682088     5.0668     5.3583    -0.0221    96.1618 1.0000e-12  -74.15628 -113.32254  23.486833      99.87 1.1617e+03    565.377      13570  1028.2507  1028.2484    34.0374    34.0347    8.24753         27 0.0000e+00
    186.000    183.991    -0.8510  27.685563    -0.8498  27.684583     5.0687     5.3634    -0.0214    96.1324 1.0000e-12  -74.15628 -113.32255  23.486846      99.88 1.1606e+03    566.534      13598  1028.2565  1028.2543    34.0385    34.0357    8.24709         29 0.0000e+00
    187.000    184.982    -0.8501  27.687421    -0.8489  27.686321     5.0672     5.3619    -0.0154    96.1358 1.0000e-12  -74.15628 -113.32255  23.486860      99.87 1.1619e+03    567.739      13627  1028.2623  1028.2600    34.0393    34.0366    8.24684         29 0.0000e+00
    188.000    185.969    -0.8479  27.690240    -0.8463  27.689663     5.0746     5.3595    -0.0108    96.1257 1.0000e-12  -74.15628 -113.32255  23.486874      99.87 1.1618e+03    568.946      13656  1028.2679  1028.2657    34.0401    34.0374    8.24632         28 0.0000e+00
    189.000    186.959    -0.8469  27.691674    -0.8456  27.690846     5.0718     5.3678    -0.0140    96.1230 1.0000e-12  -74.15628 -113.32256  23.486888      99.88 1.1623e+03    570.112      13684  1028.2730  1028.2708    34.0403    34.0377    8.24609         28 0.0000e+00
    190.000    187.947    -0.8468  27.692611    -0.8455  27.691835     5.0776     5.3654    -0.0142    96.0955 1.0000e-12  -74.15628 -113.32254  23.486902      99.87 1.1627e+03    571.304      13712  1028.2785  1028.2763    34.0408    34.0383    8.24604         29 0.0000e+00
    191.000    188.937    -0.8471  27.692933    -0.8456  27.692322     5.0837     5.3687    -0.0069    96.1228 1.0000e-12  -74.15628 -113.32254  23.486916      95.11 1.1632e+03    572.515      13741  1028.2836  1028.2814    34.0410    34.0384    8.24610         29 0.0000e+00
    192.000    189.925    -0.8474  27.693056    -0.8461  27.692337     5.0844     5.3727    -0.0125    96.1109 1.0000e-12  -74.15628 -113.32255  23.486929      99.87 1.1631e+03    573.708      13770  1028.2884  1028.2864    34.0409    34.0384    8.24616         29 0.0000e+00
    193.000    190.913    -0.8486  27.692945    -0.8479  27.692010     5.0847     5.3704    -0.0145    96.1037 1.0000e-12  -74.15628 -113.32256  23.486943      99.87 1.1621e+03    574.897      13799  1028.2939  1028.2922    34.0415    34.0393    8.24639         28 0.0000e+00
    194.000    191.901    -0.8492  27.692962    -0.8478  27.692268     5.0844     5.3720    -0.0125    96.1154 1.0000e-12  -74.15628 -113.32256  23.486957      99.87 1.1628e+03    576.083      13827  1028.2989  1028.2968    34.0416    34.0390    8.24652         29 0.0000e+00
    195.000    192.893    -0.8488  27.693544    -0.8472  27.692923     5.0855     5.3741    -0.0063    96.1083 1.0000e-12  -74.15628 -113.32256  23.486971      99.87 1.1620e+03    577.253      13855  1028.3036  1028.3013    34.0413    34.0387    8.24645         27 0.0000e+00
    196.000    193.880    -0.8491  27.693690    -0.8477  27.693047     5.0919     5.3740    -0.0142    96.1117 1.0000e-12  -74.15628 -113.32256  23.486984      99.87 1.1619e+03    578.430      13883  1028.3083  1028.3063    34.0412    34.0388    8.24652         30 0.0000e+00
    197.000    194.868    -0.8494  27.694193    -0.8479  27.693428     5.0886     5.3775    -0.0111    96.1129 1.0000e-12  -74.15628 -113.32256  23.486998      99.87 1.1617e+03    579.639      13912  1028.3135  1028.3113    34.0416    34.0389    8.24656         28 0.0000e+00
    198.000    195.858    -0.8499  27.694424    -0.8484  27.693868     5.0983     5.3811    -0.0047    96.1213 1.0000e-12  -74.15628 -113.32256  23.487012      99.87 1.1610e+03    580.828      13941  1028.3186  1028.3165    34.0418    34.0394    8.24665         28 0.0000e+00
    199.000    196.844    -0.8506  27.694767    -0.8493  27.694197     5.1085     5.3850    -0.0092    96.1242 1.0000e-12  -74.15628 -113.32256  23.487025      99.88 1.1608e+03    581.986      13969  1028.3240  1028.3221    34.0425    34.0402    8.24677         29 0.0000e+00
    200.000    197.835    -0.8535  27.694149    -0.8521  27.693583     5.1120     5.3951    -0.0136    96.1190 1.0000e-12  -74.15628 -113.32256  23.487039      99.87 1.1607e+03    583.178      13997  1028.3305  1028.3285    34.0444    34.0420    8.24730         29 0.0000e+00
    201.000    198.823    -0.8541  27.694311    -0.8528  27.693605     5.1090     5.3995    -0.0140    96.1014 1.0000e-12  -74.15628 -113.32256  23.487053      87.14 1.1613e+03    584.403      14027  1028.3355  1028.3335    34.0446    34.0422    8.24741         29 0.0000e+00
    202.000    199.811    -0.8546  27.694618    -0.8531  27.694064     5.1082     5.3998    -0.0195    96.1111 1.0000e-12  -74.15628 -113.32256  23.487067      99.08 1.1627e+03    585.604      14056  1028.3407  1028.3386    34.0450    34.0425    8.24750         28 0.0000e+00
    203.000    200.800    -0.8546  27.695341    -0.8532  27.694713     5.1121     5.3983    -0.0160    96.1136 1.0000e-12  -74.15628 -113.32256  23.487081      99.86 1.1615e+03    586.785      14084  1028.3457  1028.3437    34.0453    34.0429    8.24748         29 0.0000e+00
    204.000    201.789    -0.8549  27.695719    -0.8535  27.695189     5.1114     5.4062    -0.0139    96.1064 1.0000e-12  -74.15628 -113.32256  23.487095      99.87 1.1617e+03    587.966      14112  1028.3508  1028.3488    34.0456    34.0433    8.24754         27 0.0000e+00
    205.000    202.778    -0.8542  27.697579    -0.8527  27.696912     5.1109     5.4089    -0.0210    96.0849 1.0000e-12  -74.15628 -113.32256  23.487108      99.87 1.1617e+03    589.140      14140  1028.3564  1028.3542    34.0467    34.0441    8.24732         29 0.0000e+00
    206.000    203.766    -0.8534  27.699179    -0.8520  27.698503     5.1140     5.4078    -0.0141    96.1151 1.0000e-12  -74.15628 -113.32256  23.487122      99.87 1.1617e+03    590.323      14169  1028.3616  1028.3595    34.0473    34.0448    8.24709         29 0.0000e+00
    207.000    204.757    -0.8503  27.703470    -0.8480  27.703578     5.1117     5.4048    -0.0153    96.1202 1.0000e-12  -74.15628 -113.32256  23.487136      99.87 1.1612e+03    591.513      14197  1028.3675  1028.3654    34.0490    34.0466    8.24632         28 0.0000e+00
    208.000    205.743    -0.8439  27.710636    -0.8419  27.710273     5.1047     5.3910    -0.0177    96.1193 1.0000e-12  -74.15628 -113.32256  23.487149      99.87 1.1606e+03    592.706      14226  1028.3733  1028.3711    34.0509    34.0482    8.24480         28 0.0000e+00
    209.000    206.733    -0.8342  27.721416    -0.8321  27.721189     5.1010     5.3943    -0.0074    96.1359 1.0000e-12  -74.15628 -113.32256  23.487163      99.87 1.1617e+03    593.882      14254  1028.3800  1028.3777    34.0540    34.0513    8.24252         29 0.0000e+00
    210.000    207.720    -0.8303  27.725611    -0.8290  27.724861     5.0962     5.3902    -0.0142    96.1165 1.0000e-12  -74.15628 -113.32256  23.487177      99.87 1.1610e+03    595.066      14283  1028.3851  1028.3830    34.0547    34.0521    8.24163         28 0.0000e+00
    211.000    208.710    -0.8274  27.730062    -0.8261  27.729212     5.0991     5.3850    -0.0150    96.1351 1.0000e-12  -74.15628 -113.32256  23.487191      99.87 1.1601e+03    596.260      14311  1028.3915  1028.3893    34.0568    34.0541    8.24086         29 0.0000e+00
    212.000    209.698    -0.8207  27.737464    -0.8241  27.732197     5.0982     5.3915    -0.0150    96.1235 1.0000e-12  -74.15628 -113.32256  23.487204      98.30 1.1617e+03    597.445      14340  1028.3973  1028.3950    34.0586    34.0554    8.23928         29 0.0000e+00
    213.000    210.687    -0.8194  27.739602    -0.8170  27.739497     5.1022     5.3937    -0.0150    96.1260 1.0000e-12  -74.15628 -113.32256  23.487218      95.47 1.1607e+03    598.641      14368  1028.4028  1028.4003    34.0595    34.0566    8.23895         29 0.0000e+00
    214.000    211.677    -0.8195  27.740316    -0.8177  27.740131     5.0999     5.3931    -0.0142    96.1203 1.0000e-12  -74.15628 -113.32256  23.487232      99.84 1.1600e+03    599.845      14397  1028.4080  1028.4061    34.0599    34.0576    8.23895         28 0.0000e+00
    215.000    212.665    -0.8173  27.743051    -0.8157  27.742622     5.1001     5.3874    -0.0076    96.1230 1.0000e-12  -74.15628 -113.32256  23.487246      99.88 1.1599e+03    601.032      14426  1028.4132  1028.4112    34.0606    34.0582    8.23844         28 0.0000e+00
    216.000    213.653    -0.8167  27.744278    -0.8148  27.743981     5.0990     5.3951    -0.0124    96.1221 1.0000e-12  -74.15628 -113.32256  23.487259      99.87 1.1604e+03    602.194      14454  1028.4183  1028.4161    34.0609    34.0584    8.23828         28 0.0000e+00
    217.000    214.641    -0.8146  27.746605    -0.8132  27.746182     5.0975     5.3879    -0.0145    96.1127 1.0000e-12  -74.15628 -113.32256  23.487273      99.87 1.1616e+03    603.377      14482  1028.4231  1028.4213    34.0611    34.0589    8.23781         29 0.0000e+00
    218.000    215.630    -0.8154  27.746599    -0.8139  27.745965     5.1016     5.3887    -0.0074    96.1118 1.0000e-12  -74.15628 -113.32256  23.487287      99.88 1.1628e+03    604.592      14511  1028.4283  1028.4261    34.0614    34.0588    8.23797         29 0.0000e+00
    219.000    216.618    -0.8147  27.748152    -0.8131  27.747506     5.0995     5.3883    -0.0141    96.1110 1.0000e-12  -74.15628 -113.32256  23.487301      99.87 1.1631e+03    605.791      14540  1028.4336  1028.4314    34.0621    34.0594    8.23778         28 0.0000e+00
    220.000    217.608    -0.8151  27.749380    -0.8137  27.748346     5.0918     5.3847    -0.0142    96.1100 1.0000e-12  -74.15628 -113.32256  23.487314      99.87 1.1619e+03    606.966      14568  1028.4396  1028.4371    34.0636    34.0606    8.23778         29 0.0000e+00
    221.000    218.597    -0.8076  27.756801    -0.8063  27.755986     5.0896     5.3831    -0.0106    96.1047 1.0000e-12  -74.15628 -113.32256  23.487328      99.87 1.1628e+03    608.135      14596  1028.4446  1028.4425    34.0645    34.0619    8.23608         28 0.0000e+00
    222.000    219.584    -0.8043  27.760493    -0.8028  27.759897     5.0809     5.3804    -0.0087    96.0963 1.0000e-12  -74.15628 -113.32256  23.487342      99.87 1.1612e+03    609.318      14625  1028.4498  1028.4477    34.0653    34.0627    8.23533         28 0.0000e+00
    223.000    220.573    -0.7989  27.766304    -0.7984  27.764675     5.0438     5.3409    -0.0135    96.1030 1.0000e-12  -74.15628 -113.32256  23.487355      88.33 1.1613e+03    610.513      14653  1028.4552  1028.4530    34.0663    34.0636    8.23407         29 0.0000e+00
    224.000    221.562    -0.7796  27.785980    -0.7760  27.786181     5.0269     5.3200    -0.0186    96.1163 1.0000e-12  -74.15628 -113.32256  23.487369      98.05 1.1617e+03    611.711      14682  1028.4620  1028.4587    34.0706    34.0668    8.22961         29 0.0000e+00
    225.000    222.550    -0.7472  27.817584    -0.7450  27.817236     5.0203     5.3151    -0.0061    96.1055 1.0000e-12  -74.15628 -113.32256  23.487383      99.87 1.1629e+03    612.899      14711  1028.4690  1028.4666    34.0762    34.0732    8.22222         28 0.0000e+00
    226.000    223.539    -0.7587  27.806372    -0.7586  27.804349     5.0079     5.3024    -0.0092    96.1135 1.0000e-12  -74.15628 -113.32256  23.487397      99.87 1.1631e+03    614.071      14739  1028.4728  1028.4705    34.0734    34.0706    8.22490         29 0.0000e+00
    227.000    224.528    -0.7459  27.819838    -0.7452  27.817892     4.9960     5.2892    -0.0129    96.0992 1.0000e-12  -74.15628 -113.32256  23.487410      99.87 1.1625e+03    615.264      14767  1028.4792  1028.4765    34.0766    34.0731    8.22192         28 0.0000e+00
    228.000    225.516    -0.7336  27.832301    -0.7313  27.831941     4.9933     5.2806     0.0104    96.1019 1.0000e-12  -74.15628 -113.32256  23.487424      99.87 1.1656e+03    616.454      14796  1028.4852  1028.4826    34.0789    34.0758    8.21910         28 0.0000e+00
    229.000    226.504    -0.7285  27.837586    -0.7281  27.835804     4.9960     5.2791    -0.0115    96.0967 1.0000e-12  -74.15628 -113.32256  23.487438      99.87 1.1638e+03    617.625      14824  1028.4905  1028.4881    34.0798    34.0768    8.21796         29 0.0000e+00
    230.000    227.493    -0.7268  27.839870    -0.7253  27.839028     4.9861     5.2759    -0.0128    96.1141 1.0000e-12  -74.15628 -113.32256  23.487451      99.87 1.1626e+03    618.798      14852  1028.4957  1028.4934    34.0803    34.0775    8.21755         27 0.0000e+00
    231.000    228.482    -0.7243  27.843010    -0.7226  27.842289     4.9784     5.2682    -0.0130    96.1091 1.0000e-12  -74.15628 -113.32256  23.487465      99.87 1.1638e+03    619.981      14881  1028.5012  1028.4987    34.0811    34.0782    8.21696         29 0.0000e+00
    232.000    229.470    -0.7189  27.849129    -0.7173  27.848415     4.9790     5.2654    -0.0135    96.0984 1.0000e-12  -74.15628 -113.32256  23.487479      99.87 1.1628e+03    621.178      14909  1028.5070  1028.5046    34.0827    34.0799    8.21569         29 0.0000e+00
