ocean_section_plots/required_files/ctd/dnbp2202_ctd281.cnv
* Sea-Bird SBE 9 Data File:
* FileName = D:\Data\raw\NBP2202_CTD281.hex
* Software Version Seasave V 7.26.7.121
* Temperature SN = 1649
* Conductivity SN = 2513
* Number of Bytes Per Scan = 40
* Number of Voltage Words = 5
* Number of Scans Averaged by the Deck Unit = 1
* NMEA Latitude = 74 06.10 S
* NMEA Longitude = 115 52.62 W
* NMEA UTC (Time) = Feb 22 2022  06:31:30
* NMEA baud rate = 9600
** Ship: RVIB N.B. Palmer
** Cruise: NBP2202 Thwaites
** Station: 183
** Operator: B. Bjork
# nquan = 28
# nvalues = 970                         
# units = specified
# name 0 = prDM: Pressure, Digiquartz [db]
# name 1 = depSM: Depth [salt water, m]
# name 2 = t090C: Temperature [ITS-90, deg C]
# name 3 = c0mS/cm: Conductivity [mS/cm]
# name 4 = t190C: Temperature, 2 [ITS-90, deg C]
# name 5 = c1mS/cm: Conductivity, 2 [mS/cm]
# name 6 = sbeox0ML/L: Oxygen, SBE 43 [ml/l]
# name 7 = sbeox1ML/L: Oxygen, SBE 43, 2 [ml/l]
# name 8 = flECO-AFL: Fluorescence, WET Labs ECO-AFL/FL [mg/m^3]
# name 9 = CStarTr0: Beam Transmission, WET Labs C-Star [%]
# name 10 = par: PAR/Irradiance, Biospherical/Licor
# name 11 = latitude: Latitude [deg]
# name 12 = longitude: Longitude [deg]
# name 13 = timeJ: Julian Days
# name 14 = altM: Altimeter [m]
# name 15 = spar: SPAR, Biospherical/Licor
# name 16 = timeS: Time, Elapsed [seconds]
# name 17 = scan: Scan Count
# name 18 = density00: Density [density, kg/m^3]
# name 19 = density11: Density, 2 [density, kg/m^3]
# name 20 = v3: Voltage 3
# name 21 = v4: Voltage 4
# name 22 = v5: Voltage 5
# name 23 = sal00: Salinity, Practical [PSU]
# name 24 = sal11: Salinity, Practical, 2 [PSU]
# name 25 = oxsolML/L: Oxygen Saturation, Garcia & Gordon [ml/l]
# name 26 = nbin: number of scans per bin
# name 27 = flag: flag
# span 0 =      2.000,    971.000       
# span 1 =      1.980,    958.713       
# span 2 =    -1.7921,     0.5178       
# span 3 =  26.987589,  29.581319       
# span 4 =    -1.7912,     0.5203       
# span 5 =  26.988302,  29.582173       
# span 6 =     4.4901,     9.1506       
# span 7 =     4.6028,     9.5022       
# span 8 =     0.1811,    11.1586       
# span 9 =    88.1408,    98.3729       
# span 10 = -1.445e-05, 6.8523e-01      
# span 11 =  -74.10180,  -74.10180      
# span 12 = -115.87716, -115.87710      
# span 13 =  53.273483,  53.286944      
# span 14 =       1.97,     100.02      
# span 15 = 1.0648e+01, 2.6374e+01      
# span 16 =    138.961,   1301.986      
# span 17 =       3336,      31249      
# span 18 =  1027.1667,  1032.2872      
# span 19 =  1027.1674,  1032.2856      
# span 20 =     4.1802,     4.6667      
# span 21 =     0.0920,     1.8061      
# span 22 =     0.1058,     0.2392      
# span 23 =    33.7943,    34.5590      
# span 24 =    33.7950,    34.5572      
# span 25 =    7.92761,    8.45457      
# span 26 =         23,         62      
# span 27 = 0.0000e+00, 0.0000e+00      
# interval = decibars: 1                
# start_time = Feb 22 2022 06:31:30 [NMEA time, header]
# bad_flag = -9.990e-29
*END*
[from data line 208]
    210.000    207.721    -1.6425  27.022362    -1.6427  27.022304     6.5248     6.7423     2.1402    93.6622 1.0000e-12  -74.10180 -115.87714  53.276843      99.83 2.2627e+01    429.223      10302  1028.3872  1028.3873     4.4433     0.4468     0.1445    34.0130    34.0131    8.42512         23 0.0000e+00
    211.000    208.710    -1.6251  27.038373    -1.6224  27.041022     6.5385     6.7456     2.3156    94.2264 1.0000e-12  -74.10180 -115.87714  53.276854      99.84 2.1440e+01    430.195      10326  1028.3921  1028.3923     4.4700     0.3280     0.1254    34.0147    34.0152    8.42107         24 0.0000e+00
    212.000    209.700    -1.6199  27.044018    -1.6190  27.044864     6.5456     6.7473     2.5495    94.7936 1.0000e-12  -74.10180 -115.87714  53.276865      99.74 2.1741e+01    431.183      10349  1028.3971  1028.3972     4.4969     0.7768     0.1373    34.0159    34.0160    8.41981         24 0.0000e+00
    213.000    210.689    -1.6030  27.058849    -1.6037  27.058284     6.5470     6.7416     2.2712    94.7544 1.0000e-12  -74.10180 -115.87714  53.276877      99.83 2.2934e+01    432.180      10373  1028.4012  1028.4013     4.4951     0.3849     0.1382    34.0165    34.0165    8.41593         23 0.0000e+00
    214.000    211.676    -1.6067  27.056233    -1.6058  27.057068     6.5566     6.7438     2.4973    94.7777 1.0000e-12  -74.10180 -115.87714  53.276889      99.77 2.1506e+01    433.167      10397  1028.4061  1028.4062     4.4961     0.6447     0.1436    34.0165    34.0166    8.41678         25 0.0000e+00
    215.000    212.665    -1.5952  27.067718    -1.5945  27.067953     6.5625     6.7559     2.7663    94.2536 1.0000e-12  -74.10180 -115.87714  53.276900      99.82 2.1994e+01    434.160      10421  1028.4118  1028.4115     4.4714     0.4547     0.1324    34.0187    34.0182    8.41405         23 0.0000e+00
    216.000    213.652    -1.6033  27.061978    -1.6026  27.063402     6.5679     6.7670     2.7621    93.8833 1.0000e-12  -74.10180 -115.87714  53.276912      99.81 2.2922e+01    435.151      10445  1028.4177  1028.4186     4.4537     0.4698     0.1284    34.0193    34.0205    8.41584         24 0.0000e+00
    217.000    214.643    -1.6226  27.048725    -1.6240  27.048230     6.5781     6.7792     2.1767    94.3161 1.0000e-12  -74.10180 -115.87714  53.276923      99.79 2.2044e+01    436.137      10468  1028.4261  1028.4269     4.4742     0.6012     0.1346    34.0224    34.0233    8.42004         24 0.0000e+00
    218.000    215.631    -1.6386  27.037222    -1.6386  27.037630     6.5914     6.7809     2.3209    94.7384 1.0000e-12  -74.10180 -115.87714  53.276934      99.84 2.2470e+01    437.131      10492  1028.4331  1028.4336     4.4943     0.3231     0.1303    34.0241    34.0247    8.42356         24 0.0000e+00
    219.000    216.620    -1.6499  27.029488    -1.6499  27.029937     6.5853     6.7888     2.0986    94.5865 1.0000e-12  -74.10180 -115.87714  53.276946      82.46 2.2910e+01    438.129      10516  1028.4397  1028.4402     4.4871     0.4149     0.1293    34.0257    34.0263    8.42604         24 0.0000e+00
    220.000    217.606    -1.6531  27.028693    -1.6527  27.029270     6.5912     6.7926     2.0024    94.6535 1.0000e-12  -74.10180 -115.87714  53.276957      94.70 2.2234e+01    439.116      10540  1028.4460  1028.4464     4.4902     0.3819     0.1331    34.0276    34.0280    8.42664         23 0.0000e+00
    221.000    218.598    -1.6529  27.029563    -1.6522  27.030294     6.5969     6.7980     1.9006    94.5965 1.0000e-12  -74.10180 -115.87714  53.276969      99.86 2.1888e+01    440.109      10564  1028.4509  1028.4511     4.4876     0.3743     0.1334    34.0279    34.0282    8.42658         24 0.0000e+00
    222.000    219.585    -1.6481  27.036552    -1.6477  27.036553     6.5983     6.7981     2.1265    94.6389 1.0000e-12  -74.10180 -115.87714  53.276981      99.82 2.2926e+01    441.113      10588  1028.4582  1028.4578     4.4896     0.4551     0.1323    34.0315    34.0311    8.42527         24 0.0000e+00
    223.000    220.574    -1.6422  27.043811    -1.6414  27.044319     6.5894     6.7891     2.3636    94.0022 1.0000e-12  -74.10180 -115.87714  53.276992      99.83 2.2331e+01    442.101      10611  1028.4647  1028.4645     4.4594     0.3949     0.1364    34.0342    34.0340    8.42378         24 0.0000e+00
    224.000    221.563    -1.6309  27.056972    -1.6304  27.057333     6.5810     6.7848     1.9650    94.6541 1.0000e-12  -74.10180 -115.87714  53.277003      99.83 2.2546e+01    443.086      10635  1028.4726  1028.4725     4.4903     0.4161     0.1335    34.0390    34.0389    8.42093         24 0.0000e+00
    225.000    222.551    -1.6295  27.059970    -1.6291  27.060347     6.5688     6.7789     1.5400    94.5745 1.0000e-12  -74.10180 -115.87714  53.277015      99.84 2.2918e+01    444.086      10659  1028.4788  1028.4788     4.4863     0.3650     0.1351    34.0408    34.0409    8.42049         23 0.0000e+00
    226.000    223.538    -1.6277  27.062983    -1.6273  27.063347     6.5647     6.7699     1.6796    93.9470 1.0000e-12  -74.10180 -115.87714  53.277026      99.82 2.2768e+01    445.079      10683  1028.4847  1028.4847     4.4571     0.4720     0.1312    34.0424    34.0424    8.42000         24 0.0000e+00
    227.000    224.530    -1.6280  27.063682    -1.6284  27.063346     6.5693     6.7682     1.6410    94.2792 1.0000e-12  -74.10180 -115.87714  53.277038      99.84 2.1818e+01    446.059      10706  1028.4900  1028.4901     4.4725     0.3832     0.1305    34.0431    34.0430    8.42003         24 0.0000e+00
    228.000    225.516    -1.6284  27.064167    -1.6280  27.064475     6.5693     6.7673     1.8204    94.2237 1.0000e-12  -74.10180 -115.87714  53.277049      99.84 2.2910e+01    447.056      10730  1028.4952  1028.4952     4.4699     0.3647     0.1359    34.0435    34.0435    8.42008         24 0.0000e+00
    229.000    226.505    -1.6300  27.063839    -1.6297  27.064136     6.5761     6.7711     1.6066    94.3991 1.0000e-12  -74.10180 -115.87714  53.277061      99.84 2.2917e+01    448.049      10754  1028.5008  1028.5008     4.4782     0.3559     0.1310    34.0443    34.0444    8.42041         24 0.0000e+00
    230.000    227.494    -1.6311  27.063480    -1.6309  27.063815     6.5744     6.7709     1.2898    94.9299 1.0000e-12  -74.10180 -115.87714  53.277072      99.86 2.1927e+01    449.036      10778  1028.5057  1028.5059     4.5034     0.2681     0.1328    34.0444    34.0446    8.42064         23 0.0000e+00
    231.000    228.482    -1.6339  27.061569    -1.6338  27.062015     6.5711     6.7739     1.3909    95.7951 1.0000e-12  -74.10180 -115.87714  53.277084      99.84 2.2841e+01    450.036      10802  1028.5106  1028.5110     4.5444     0.3382     0.1277    34.0443    34.0448    8.42128         25 0.0000e+00
    232.000    229.472    -1.6373  27.059547    -1.6371  27.059717     6.5716     6.7692     1.5925    95.6504 1.0000e-12  -74.10180 -115.87714  53.277095      93.36 2.2917e+01    451.035      10826  1028.5160  1028.5159     4.5376     0.4668     0.1263    34.0448    34.0447    8.42204         23 0.0000e+00
    233.000    230.459    -1.6380  27.059691    -1.6373  27.060270     6.5736     6.7724     1.6906    95.4013 1.0000e-12  -74.10180 -115.87714  53.277107      94.42 2.2259e+01    452.017      10849  1028.5210  1028.5210     4.5258     0.3999     0.1259    34.0451    34.0452    8.42216         24 0.0000e+00
    234.000    231.449    -1.6426  27.056278    -1.6423  27.056805     6.5734     6.7707     1.6693    95.4162 1.0000e-12  -74.10180 -115.87714  53.277118      99.78 2.2546e+01    453.009      10873  1028.5260  1028.5263     4.5264     0.3066     0.1290    34.0451    34.0454    8.42322         24 0.0000e+00
    235.000    232.436    -1.6578  27.044484    -1.6571  27.045171     6.5702     6.7656     1.5179    95.3847 1.0000e-12  -74.10180 -115.87714  53.277130      99.84 2.2839e+01    454.005      10897  1028.5320  1028.5322     4.5250     0.3682     0.1293    34.0455    34.0457    8.42665         24 0.0000e+00
    236.000    233.424    -1.6615  27.042064    -1.6611  27.042562     6.5659     6.7642     1.6382    94.8962 1.0000e-12  -74.10180 -115.87714  53.277141      99.82 2.2006e+01    454.991      10921  1028.5372  1028.5373     4.5019     0.4581     0.1294    34.0457    34.0459    8.42747         23 0.0000e+00
    237.000    234.414    -1.6643  27.040638    -1.6642  27.040964     6.5764     6.7811     1.7238    95.3658 1.0000e-12  -74.10180 -115.87714  53.277152      99.85 2.2839e+01    455.974      10944  1028.5425  1028.5428     4.5240     0.3106     0.1313    34.0463    34.0466    8.42807         24 0.0000e+00
    238.000    235.402    -1.6750  27.032156    -1.6751  27.032407     6.5745     6.7916     1.9809    94.9299 1.0000e-12  -74.10180 -115.87714  53.277164      99.85 2.2917e+01    456.973      10968  1028.5478  1028.5482     4.5033     0.3102     0.1270    34.0461    34.0466    8.43051         24 0.0000e+00
    239.000    236.391    -1.6805  27.028442    -1.6808  27.028328     6.5682     6.7799     1.5051    95.2454 1.0000e-12  -74.10180 -115.87714  53.277175      99.84 2.2379e+01    457.962      10992  1028.5532  1028.5534     4.5183     0.3998     0.1260    34.0467    34.0468    8.43173         23 0.0000e+00
    240.000    237.378    -1.6771  27.033147    -1.6757  27.033822     6.5618     6.7738     1.3677    95.4580 1.0000e-12  -74.10180 -115.87714  53.277187      99.84 2.2925e+01    458.951      11016  1028.5593  1028.5587     4.5284     0.3179     0.1312    34.0486    34.0480    8.43083         24 0.0000e+00
    241.000    238.368    -1.6438  27.064295    -1.6414  27.065591     6.5658     6.7710     1.7161    95.5002 1.0000e-12  -74.10180 -115.87714  53.277198      99.86 2.2917e+01    459.939      11040  1028.5656  1028.5647     4.5305     0.2242     0.1268    34.0531    34.0522    8.42300         24 0.0000e+00
    242.000    239.356    -1.6433  27.065786    -1.6432  27.065982     6.5491     6.7601     1.7454    94.9413 1.0000e-12  -74.10180 -115.87714  53.277210      99.83 2.2917e+01    460.930      11063  1028.5710  1028.5712     4.5042     0.4023     0.1298    34.0540    34.0541    8.42283         24 0.0000e+00
    243.000    240.345    -1.6499  27.061562    -1.6498  27.061944     6.5449     6.7474     1.5790    95.2957 1.0000e-12  -74.10180 -115.87714  53.277221      99.85 2.2917e+01    461.924      11087  1028.5772  1028.5775     4.5205     0.2800     0.1208    34.0551    34.0555    8.42428         24 0.0000e+00
    244.000    241.333    -1.6428  27.068931    -1.6424  27.068919     6.5550     6.7497     1.5653    95.2677 1.0000e-12  -74.10180 -115.87714  53.277233      99.86 2.2917e+01    462.926      11111  1028.5827  1028.5823     4.5194     0.2161     0.1251    34.0565    34.0561    8.42257         24 0.0000e+00
    245.000    242.322    -1.6376  27.074007    -1.6375  27.073874     6.5587     6.7576     1.4836    95.5701 1.0000e-12  -74.10180 -115.87714  53.277245      99.84 2.2917e+01    463.928      11135  1028.5876  1028.5874     4.5337     0.3749     0.1231    34.0570    34.0567    8.42136         24 0.0000e+00
    246.000    243.310    -1.6478  27.065188    -1.6477  27.065784     6.5525     6.7547     1.2699    95.7320 1.0000e-12  -74.10180 -115.87713  53.277256      97.48 2.2917e+01    464.921      11159  1028.5922  1028.5927     4.5414     0.3359     0.1223    34.0559    34.0565    8.42376         23 0.0000e+00
    247.000    244.299    -1.6564  27.059181    -1.6560  27.059416     6.5519     6.7575     1.7994    95.1585 1.0000e-12  -74.10180 -115.87712  53.277268      99.85 2.2917e+01    465.924      11183  1028.5981  1028.5981     4.5144     0.3440     0.1326    34.0567    34.0566    8.42565         25 0.0000e+00
    248.000    245.287    -1.6539  27.062501    -1.6535  27.062140     6.5544     6.7555     1.4003    95.6351 1.0000e-12  -74.10180 -115.87712  53.277279      99.84 2.2536e+01    466.912      11207  1028.6037  1028.6030     4.5366     0.3263     0.1334    34.0578    34.0569    8.42501         23 0.0000e+00
    249.000    246.275    -1.6488  27.067443    -1.6495  27.066890     6.5537     6.7446     1.9009    95.6320 1.0000e-12  -74.10180 -115.87712  53.277291      99.84 2.2254e+01    467.903      11231  1028.6085  1028.6086     4.5367     0.3544     0.1278    34.0582    34.0583    8.42383         24 0.0000e+00
    250.000    247.264    -1.6511  27.066286    -1.6507  27.066534     6.5733     6.7542     1.4516    95.7220 1.0000e-12  -74.10180 -115.87712  53.277302      99.85 2.2915e+01    468.893      11254  1028.6137  1028.6137     4.5409     0.2879     0.1225    34.0586    34.0585    8.42433         24 0.0000e+00
    251.000    248.253    -1.6632  27.055751    -1.6629  27.056539     6.5888     6.7803     1.2191    95.6172 1.0000e-12  -74.10180 -115.87712  53.277313      99.86 2.2917e+01    469.884      11278  1028.6182  1028.6187     4.5360     0.2262     0.1277    34.0573    34.0580    8.42717         23 0.0000e+00
    252.000    249.240    -1.6909  27.032702    -1.6905  27.033627     6.5987     6.7897     1.1812    96.0175 1.0000e-12  -74.10180 -115.87712  53.277325      99.84 2.2547e+01    470.863      11302  1028.6239  1028.6246     4.5550     0.3537     0.1289    34.0563    34.0572    8.43351         24 0.0000e+00
    253.000    250.230    -1.7214  27.008623    -1.7202  27.009723     6.6053     6.8026     1.1587    96.2412 1.0000e-12  -74.10180 -115.87712  53.277336      99.84 2.2917e+01    471.853      11325  1028.6311  1028.6313     4.5655     0.3277     0.1241    34.0571    34.0574    8.44041         24 0.0000e+00
    254.000    251.218    -1.7231  27.008157    -1.7228  27.008422     6.5999     6.8078     1.3798    96.2180 1.0000e-12  -74.10180 -115.87712  53.277348      99.85 2.2917e+01    472.849      11349  1028.6364  1028.6364     4.5645     0.2756     0.1267    34.0578    34.0579    8.44075         24 0.0000e+00
    255.000    252.207    -1.7243  27.008064    -1.7239  27.008462     6.5880     6.7984     1.5477    95.3571 1.0000e-12  -74.10180 -115.87712  53.277359      99.86 2.2917e+01    473.842      11373  1028.6416  1028.6416     4.5236     0.2318     0.1227    34.0585    34.0586    8.44100         24 0.0000e+00
    256.000    253.195    -1.7188  27.014499    -1.7176  27.015064     6.5837     6.7851     1.0864    94.9219 1.0000e-12  -74.10180 -115.87712  53.277371      99.84 2.2917e+01    474.839      11397  1028.6474  1028.6469     4.5030     0.3263     0.1267    34.0605    34.0599    8.43962         24 0.0000e+00
    257.000    254.183    -1.6962  27.035145    -1.6946  27.036244     6.5719     6.7787     1.3052    95.6757 1.0000e-12  -74.10180 -115.87712  53.277382      99.85 2.2917e+01    475.843      11421  1028.6525  1028.6520     4.5387     0.2957     0.1410    34.0627    34.0623    8.43435         23 0.0000e+00
    258.000    255.170    -1.6885  27.042386    -1.6825  27.047428     6.5726     6.7747     1.0627    95.9079 1.0000e-12  -74.10180 -115.87712  53.277394      98.50 2.2917e+01    476.822      11445  1028.6572  1028.6569     4.5498     0.3081     0.1249    34.0632    34.0633    8.43255         24 0.0000e+00
    259.000    256.160    -1.6878  27.043101    -1.6850  27.045576     6.5713     6.7754     1.3338    96.1807 1.0000e-12  -74.10180 -115.87712  53.277405      86.41 2.2917e+01    477.818      11469  1028.6616  1028.6616     4.5626     0.2519     0.1228    34.0628    34.0630    8.43242         24 0.0000e+00
