ocean_section_plots/required_files/ctd/dnbp2202_ctd141.cnv
* Sea-Bird SBE 9 Data File:
* FileName = D:\Data\raw\NBP2202_CTD140.hex
* Software Version Seasave V 7.26.7.121
* Temperature SN = 1649
* Conductivity SN = 2513
* Number of Bytes Per Scan = 40
* Number of Voltage Words = 5
* Number of Scans Averaged by the Deck Unit = 1
* NMEA Latitude = 74 06.99 S
* NMEA Longitude = 112 39.88 W
* NMEA UTC (Time) = Jan 30 2022  04:54:44
* NMEA baud rate = 9600
** Ship: RVIB N.B. Palmer
** Cruise: NBP2202 Thwaites
** Station: 69
** Operator: B. Bjork
# nquan = 28
# nvalues = 932                         
# units = specified
# name 0 = prDM: Pressure, Digiquartz [db]
# name 1 = depSM: Depth [salt water, m]
# name 2 = t090C: Temperature [ITS-90, deg C]
# name 3 = c0mS/cm: Conductivity [mS/cm]
# name 4 = t190C: Temperature, 2 [ITS-90, deg C]
# name 5 = c1mS/cm: Conductivity, 2 [mS/cm]
# name 6 = sbeox0ML/L: Oxygen, SBE 43 [ml/l]
# name 7 = sbeox1ML/L: Oxygen, SBE 43, 2 [ml/l]
# name 8 = flECO-AFL: Fluorescence, WET Labs ECO-AFL/FL [mg/m^3]
# name 9 = CStarTr0: Beam Transmission, WET Labs C-Star [%]
# name 10 = par: PAR/Irradiance, Biospherical/Licor
# name 11 = latitude: Latitude [deg]
# name 12 = longitude: Longitude [deg]
# name 13 = timeJ: Julian Days
# name 14 = altM: Altimeter [m]
# name 15 = spar: SPAR, Biospherical/Licor
# name 16 = timeS: Time, Elapsed [seconds]
# name 17 = scan: Scan Count
# name 18 = density00: Density [density, kg/m^3]
# name 19 = density11: Density, 2 [density, kg/m^3]
# name 20 = v3: Voltage 3
# name 21 = v4: Voltage 4
# name 22 = v5: Voltage 5
# name 23 = sal00: Salinity, Practical [PSU]
# name 24 = sal11: Salinity, Practical, 2 [PSU]
# name 25 = oxsolML/L: Oxygen Saturation, Garcia & Gordon [ml/l]
# name 26 = nbin: number of scans per bin
# name 27 = flag: flag
# span 0 =      2.000,    933.000       
# span 1 =      1.975,    921.266       
# span 2 =    -1.5133,     0.4637       
# span 3 =  27.079659,  29.502143       
# span 4 =    -1.5131,     0.4653       
# span 5 =  27.077027,  29.501230       
# span 6 =     4.5987,     9.2010       
# span 7 =     4.6828,     9.4625       
# span 8 =    -0.0179,    29.4555       
# span 9 =    66.3432,    94.2260       
# span 10 = -1.942e-06, 2.6337e+01      
# span 11 =  -74.11662,  -74.11662      
# span 12 = -112.66469, -112.66464      
# span 13 =  30.206954,  30.220776      
# span 14 =       5.29,     100.08      
# span 15 = 7.0065e+01, 8.1827e+01      
# span 16 =    196.859,   1391.039      
# span 17 =       4726,      33386      
# span 18 =  1027.1786,  1032.0979      
# span 19 =  1027.1799,  1032.0956      
# span 20 =     3.1479,     4.4700      
# span 21 =     0.0642,     4.4378      
# span 22 =     0.1152,     0.2721      
# span 23 =    33.8018,    34.5375      
# span 24 =    33.8023,    34.5346      
# span 25 =    7.93989,    8.39688      
# span 26 =          6,         47      
# span 27 = 0.0000e+00, 0.0000e+00      
# interval = decibars: 1                
# start_time = Jan 30 2022 04:54:44 [NMEA time, header]
# bad_flag = -9.990e-29
*END*
[from data line 674]
    676.000    667.916     0.3168  29.216640     0.3188  29.216449     4.6487     4.7451    -0.0013    94.1308 1.0000e-12  -74.11662 -112.66466  30.215538      99.86 7.5819e+01    938.499      22525  1030.8588  1030.8566     4.4655     0.0715     0.1189    34.4754    34.4729    7.97362         26 0.0000e+00
    677.000    668.903     0.3176  29.218093     0.3197  29.218039     4.6498     4.7412    -0.0121    94.1319 1.0000e-12  -74.11662 -112.66466  30.215551      99.86 7.5804e+01    939.570      22551  1030.8638  1030.8617     4.4655     0.0700     0.1279    34.4759    34.4735    7.97344         25 0.0000e+00
    678.000    669.888     0.3189  29.220289     0.3210  29.220213     4.6464     4.7418    -0.0005    94.1492 1.0000e-12  -74.11662 -112.66466  30.215562      88.72 7.5804e+01    940.572      22575  1030.8690  1030.8670     4.4663     0.0687     0.1206    34.4767    34.4743    7.97312         25 0.0000e+00
    679.000    670.876     0.3199  29.221839     0.3219  29.221787     4.6489     4.7432    -0.0031    94.1372 1.0000e-12  -74.11662 -112.66466  30.215575      90.72 7.5804e+01    941.654      22601  1030.8739  1030.8719     4.4658     0.0701     0.1212    34.4770    34.4748    7.97289         27 0.0000e+00
    680.000    671.861     0.3201  29.222638     0.3222  29.222561     4.6480     4.7448    -0.0080    94.1306 1.0000e-12  -74.11662 -112.66466  30.215588      99.53 7.5804e+01    942.767      22627  1030.8788  1030.8766     4.4655     0.0698     0.1214    34.4773    34.4748    7.97284         26 0.0000e+00
    681.000    672.849     0.3204  29.223337     0.3226  29.223327     4.6491     4.7459    -0.0109    94.1408 1.0000e-12  -74.11662 -112.66466  30.215600      99.87 7.5804e+01    943.870      22654  1030.8834  1030.8813     4.4660     0.0697     0.1195    34.4773    34.4749    7.97277         27 0.0000e+00
    682.000    673.835     0.3213  29.224839     0.3235  29.224859     4.6537     4.7429    -0.0132    94.1567 1.0000e-12  -74.11662 -112.66466  30.215613      99.87 7.5804e+01    944.931      22679  1030.8884  1030.8862     4.4667     0.0704     0.1185    34.4777    34.4752    7.97257         24 0.0000e+00
    683.000    674.821     0.3230  29.227126     0.3251  29.226986     4.6489     4.7428    -0.0027    94.1621 1.0000e-12  -74.11662 -112.66466  30.215624      99.86 7.5804e+01    945.924      22703  1030.8933  1030.8911     4.4670     0.0711     0.1182    34.4782    34.4757    7.97218         24 0.0000e+00
    684.000    675.808     0.3265  29.231189     0.3283  29.230851     4.6455     4.7380    -0.0083    94.1573 1.0000e-12  -74.11662 -112.66466  30.215636      99.86 7.5804e+01    946.985      22729  1030.8983  1030.8962     4.4667     0.0701     0.1194    34.4790    34.4766    7.97141         26 0.0000e+00
    685.000    676.793     0.3271  29.232360     0.3292  29.232288     4.6473     4.7381    -0.0034    94.1523 1.0000e-12  -74.11662 -112.66466  30.215649      99.87 7.5804e+01    948.074      22755  1030.9032  1030.9011     4.4665     0.0710     0.1196    34.4793    34.4769    7.97127         26 0.0000e+00
    686.000    677.780     0.3278  29.233519     0.3296  29.233328     4.6428     4.7422    -0.0162    94.1629 1.0000e-12  -74.11662 -112.66466  30.215661      99.87 7.5804e+01    949.106      22780  1030.9080  1030.9060     4.4670     0.0695     0.1199    34.4795    34.4772    7.97113         23 0.0000e+00
    687.000    678.769     0.3282  29.234446     0.3302  29.234510     4.6518     4.7426    -0.0006    94.1544 1.0000e-12  -74.11662 -112.66466  30.215672      99.86 7.5804e+01    950.091      22803  1030.9129  1030.9110     4.4666     0.0708     0.1215    34.4797    34.4775    7.97103         25 0.0000e+00
    688.000    679.752     0.3290  29.235885     0.3313  29.235995     4.6471     4.7447     0.0061    94.1683 1.0000e-12  -74.11662 -112.66466  30.215685      99.87 7.5804e+01    951.153      22829  1030.9178  1030.9158     4.4672     0.0706     0.1175    34.4801    34.4777    7.97084         26 0.0000e+00
    689.000    680.739     0.3293  29.236687     0.3314  29.236658     4.6490     4.7445    -0.0153    94.1637 1.0000e-12  -74.11662 -112.66466  30.215697      99.86 7.5804e+01    952.221      22854  1030.9226  1030.9205     4.4670     0.0706     0.1215    34.4802    34.4779    7.97077         25 0.0000e+00
    690.000    681.725     0.3281  29.236318     0.3304  29.236494     4.6458     4.7428    -0.0163    94.1705 1.0000e-12  -74.11662 -112.66466  30.215708      77.05 7.5804e+01    953.205      22878  1030.9276  1030.9256     4.4673     0.0673     0.1168    34.4805    34.4782    7.97100         23 0.0000e+00
    691.000    682.713     0.3278  29.236459     0.3298  29.236419     4.6502     4.7391    -0.0104    94.1600 1.0000e-12  -74.11662 -112.66466  30.215720      82.91 7.6129e+01    954.244      22903  1030.9324  1030.9303     4.4669     0.0674     0.1176    34.4805    34.4781    7.97107         27 0.0000e+00
    692.000    683.699     0.3275  29.236559     0.3293  29.236480     4.6452     4.7431    -0.0086    94.1642 1.0000e-12  -74.11662 -112.66466  30.215733      96.39 7.6009e+01    955.341      22929  1030.9370  1030.9351     4.4670     0.0689     0.1222    34.4804    34.4782    7.97114         26 0.0000e+00
    693.000    684.683     0.3272  29.236840     0.3291  29.236649     4.6499     4.7433    -0.0026    94.1533 1.0000e-12  -74.11662 -112.66466  30.215746      99.86 7.5870e+01    956.455      22956  1030.9418  1030.9397     4.4665     0.0708     0.1183    34.4805    34.4781    7.97119         27 0.0000e+00
    694.000    685.672     0.3273  29.237297     0.3292  29.237234     4.6488     4.7413    -0.0077    94.1495 1.0000e-12  -74.11662 -112.66466  30.215759      99.87 7.6972e+01    957.576      22983  1030.9465  1030.9445     4.4663     0.0704     0.1212    34.4804    34.4781    7.97118         27 0.0000e+00
    695.000    686.658     0.3278  29.238634     0.3299  29.238531     4.6503     4.7419    -0.0086    94.1646 1.0000e-12  -74.11662 -112.66466  30.215772      99.87 7.7278e+01    958.664      23009  1030.9515  1030.9494     4.4671     0.0718     0.1190    34.4810    34.4785    7.97103         24 0.0000e+00
    696.000    687.643     0.3288  29.240178     0.3309  29.240086     4.6507     4.7425    -0.0080    94.1601 1.0000e-12  -74.11662 -112.66466  30.215783      99.86 7.5961e+01    959.638      23032  1030.9564  1030.9543     4.4669     0.0698     0.1195    34.4813    34.4789    7.97082         24 0.0000e+00
    697.000    688.630     0.3292  29.241041     0.3312  29.240941     4.6461     4.7422    -0.0039    94.1607 1.0000e-12  -74.11662 -112.66466  30.215795      99.86 7.7484e+01    960.658      23057  1030.9611  1030.9592     4.4669     0.0691     0.1196    34.4814    34.4791    7.97072         25 0.0000e+00
    698.000    689.617     0.3302  29.242693     0.3323  29.242659     4.6467     4.7424    -0.0016    94.1590 1.0000e-12  -74.11662 -112.66466  30.215806      99.87 7.7494e+01    961.677      23081  1030.9661  1030.9640     4.4668     0.0707     0.1207    34.4819    34.4795    7.97049         24 0.0000e+00
    699.000    690.604     0.3310  29.243967     0.3331  29.243907     4.6478     4.7444    -0.0004    94.1493 1.0000e-12  -74.11662 -112.66466  30.215819      99.86 7.6341e+01    962.734      23107  1030.9709  1030.9688     4.4664     0.0705     0.1192    34.4820    34.4797    7.97031         26 0.0000e+00
    700.000    691.589     0.3321  29.245685     0.3341  29.245522     4.6448     4.7443    -0.0044    94.1604 1.0000e-12  -74.11662 -112.66466  30.215831      99.87 7.7577e+01    963.821      23133  1030.9758  1030.9737     4.4669     0.0713     0.1200    34.4825    34.4800    7.97006         26 0.0000e+00
    701.000    692.575     0.3327  29.246747     0.3347  29.246670     4.6430     4.7432    -0.0084    94.1554 1.0000e-12  -74.11662 -112.66466  30.215844      99.86 7.7422e+01    964.903      23159  1030.9806  1030.9786     4.4666     0.0696     0.1211    34.4827    34.4804    7.96994         25 0.0000e+00
    702.000    693.562     0.3332  29.247963     0.3353  29.247824     4.6445     4.7419    -0.0098    94.1536 1.0000e-12  -74.11662 -112.66466  30.215855      99.86 7.6321e+01    965.894      23182  1030.9856  1030.9834     4.4666     0.0699     0.1178    34.4831    34.4807    7.96980         24 0.0000e+00
    703.000    694.549     0.3336  29.248924     0.3357  29.248900     4.6422     4.7414    -0.0077    94.1524 1.0000e-12  -74.11662 -112.66466  30.215867      77.52 7.7560e+01    966.911      23207  1030.9904  1030.9884     4.4665     0.0660     0.1189    34.4833    34.4810    7.96970         25 0.0000e+00
    704.000    695.535     0.3345  29.250422     0.3365  29.250266     4.6406     4.7376    -0.0077    94.1285 1.0000e-12  -74.11662 -112.66466  30.215879      84.52 7.7567e+01    967.983      23233  1030.9954  1030.9932     4.4654     0.0677     0.1206    34.4837    34.4813    7.96950         26 0.0000e+00
    705.000    696.521     0.3359  29.252489     0.3380  29.252304     4.6441     4.7402    -0.0077    94.1382 1.0000e-12  -74.11662 -112.66466  30.215892     100.08 7.7567e+01    969.057      23258  1031.0004  1030.9982     4.4658     0.0699     0.1227    34.4843    34.4818    7.96918         25 0.0000e+00
    706.000    697.507     0.3370  29.254059     0.3390  29.254044     4.6418     4.7360    -0.0077    94.1546 1.0000e-12  -74.11662 -112.66466  30.215903      99.86 7.7567e+01    970.055      23282  1031.0052  1031.0032     4.4666     0.0704     0.1183    34.4845    34.4823    7.96894         24 0.0000e+00
    707.000    698.493     0.3399  29.257613     0.3421  29.257424     4.6431     4.7327    -0.0088    94.1542 1.0000e-12  -74.11662 -112.66466  30.215916      99.87 7.7567e+01    971.127      23308  1031.0102  1031.0079     4.4666     0.0710     0.1201    34.4854    34.4827    7.96829         27 0.0000e+00
    708.000    699.479     0.3428  29.260767     0.3448  29.260655     4.6392     4.7287    -0.0064    94.1410 1.0000e-12  -74.11662 -112.66466  30.215929      99.86 7.7567e+01    972.237      23335  1031.0149  1031.0129     4.4660     0.0706     0.1184    34.4857    34.4833    7.96768         27 0.0000e+00
    709.000    700.467     0.3432  29.262152     0.3453  29.262041     4.6421     4.7331    -0.0022    94.1523 1.0000e-12  -74.11662 -112.66466  30.215941      99.86 7.7567e+01    973.321      23361  1031.0203  1031.0181     4.4665     0.0694     0.1206    34.4866    34.4840    7.96756         25 0.0000e+00
    710.000    701.452     0.3442  29.264097     0.3461  29.263996     4.6477     4.7376    -0.0100    94.1606 1.0000e-12  -74.11662 -112.66466  30.215953      99.86 7.7567e+01    974.348      23385  1031.0255  1031.0236     4.4669     0.0699     0.1239    34.4874    34.4851    7.96730         23 0.0000e+00
    711.000    702.438     0.3444  29.264800     0.3463  29.264676     4.6451     4.7368    -0.0159    94.1482 1.0000e-12  -74.11662 -112.66466  30.215965      99.86 7.7567e+01    975.340      23409  1031.0303  1031.0283     4.4663     0.0697     0.1250    34.4875    34.4851    7.96725         25 0.0000e+00
    712.000    703.425     0.3448  29.265671     0.3468  29.265556     4.6409     4.7387    -0.0091    94.1395 1.0000e-12  -74.11662 -112.66466  30.215977      99.87 7.7567e+01    976.396      23435  1031.0351  1031.0331     4.4659     0.0699     0.1198    34.4876    34.4852    7.96716         26 0.0000e+00
    713.000    704.411     0.3456  29.267134     0.3478  29.267147     4.6395     4.7378    -0.0009    94.1453 1.0000e-12  -74.11662 -112.66466  30.215989      99.87 7.7567e+01    977.472      23460  1031.0400  1031.0380     4.4662     0.0694     0.1218    34.4880    34.4856    7.96697         25 0.0000e+00
    714.000    705.399     0.3470  29.269118     0.3491  29.269151     4.6412     4.7305    -0.0007    94.1622 1.0000e-12  -74.11662 -112.66466  30.216001      99.86 7.7567e+01    978.482      23485  1031.0450  1031.0430     4.4669     0.0688     0.1196    34.4885    34.4862    7.96666         24 0.0000e+00
    715.000    706.382     0.3477  29.270274     0.3497  29.270228     4.6376     4.7289    -0.0004    94.1354 1.0000e-12  -74.11662 -112.66466  30.216012      99.86 7.7567e+01    979.478      23508  1031.0497  1031.0478     4.4657     0.0692     0.1188    34.4886    34.4864    7.96650         24 0.0000e+00
    716.000    707.370     0.3478  29.271025     0.3500  29.271011     4.6444     4.7343    -0.0064    94.1457 1.0000e-12  -74.11662 -112.66466  30.216025      77.00 7.7567e+01    980.550      23534  1031.0547  1031.0526     4.4662     0.0685     0.1222    34.4889    34.4865    7.96646         27 0.0000e+00
    717.000    708.356     0.3484  29.271909     0.3504  29.271843     4.6448     4.7348    -0.0024    94.1442 1.0000e-12  -74.11662 -112.66466  30.216037      91.51 7.7567e+01    981.631      23560  1031.0593  1031.0573     4.4661     0.0705     0.1199    34.4889    34.4866    7.96634         25 0.0000e+00
    718.000    709.342     0.3482  29.272301     0.3502  29.272231     4.6418     4.7337    -0.0007    94.1503 1.0000e-12  -74.11662 -112.66466  30.216049      99.70 7.7567e+01    982.625      23584  1031.0641  1031.0620     4.4664     0.0692     0.1204    34.4890    34.4866    7.96638         24 0.0000e+00
    719.000    710.330     0.3495  29.274255     0.3518  29.274269     4.6399     4.7358    -0.0054    94.1435 1.0000e-12  -74.11662 -112.66466  30.216061      99.86 7.7904e+01    983.682      23609  1031.0691  1031.0669     4.4661     0.0699     0.1184    34.4895    34.4870    7.96608         26 0.0000e+00
    720.000    711.314     0.3513  29.276337     0.3533  29.276324     4.6402     4.7366    -0.0031    94.1569 1.0000e-12  -74.11662 -112.66466  30.216074      99.86 7.7377e+01    984.779      23636  1031.0737  1031.0718     4.4667     0.0701     0.1199    34.4897    34.4874    7.96570         27 0.0000e+00
    721.000    712.301     0.3525  29.278341     0.3546  29.278270     4.6348     4.7377    -0.0057    94.1456 1.0000e-12  -74.11662 -112.66466  30.216087      99.87 7.7698e+01    985.882      23662  1031.0789  1031.0768     4.4662     0.0702     0.1170    34.4904    34.4880    7.96541         26 0.0000e+00
    722.000    713.288     0.3530  29.279298     0.3551  29.279250     4.6448     4.7383    -0.0087    94.1400 1.0000e-12  -74.11662 -112.66466  30.216099      99.86 7.8665e+01    986.986      23689  1031.0836  1031.0815     4.4659     0.0723     0.1192    34.4905    34.4881    7.96530         27 0.0000e+00
    723.000    714.273     0.3532  29.280069     0.3554  29.280046     4.6372     4.7353    -0.0030    94.1317 1.0000e-12  -74.11662 -112.66466  30.216112      99.87 7.7852e+01    988.087      23715  1031.0884  1031.0863     4.4655     0.0705     0.1231    34.4907    34.4883    7.96524         26 0.0000e+00
    724.000    715.261     0.3526  29.280018     0.3545  29.279940     4.6409     4.7359    -0.0057    94.1287 1.0000e-12  -74.11662 -112.66466  30.216125      99.86 7.7637e+01    989.168      23741  1031.0932  1031.0913     4.4654     0.0705     0.1231    34.4907    34.4885    7.96537         25 0.0000e+00
    725.000    716.246     0.3521  29.280135     0.3541  29.280051     4.6428     4.7373    -0.0037    94.1356 1.0000e-12  -74.11662 -112.66466  30.216137      99.86 7.9287e+01    990.246      23767  1031.0982  1031.0961     4.4657     0.0706     0.1206    34.4909    34.4885    7.96547         26 0.0000e+00
