ocean_section_plots/required_files/ctd/dnbp2202_ctd118.cnv
* Sea-Bird SBE 9 Data File:
* FileName = D:\Data\raw\NBP2202_CTD118.hex
* Software Version Seasave V 7.26.7.121
* Temperature SN = 1649
* Conductivity SN = 2513
* Number of Bytes Per Scan = 40
* Number of Voltage Words = 5
* Number of Scans Averaged by the Deck Unit = 1
* NMEA Latitude = 74 10.52 S
* NMEA Longitude = 113 20.65 W
* NMEA UTC (Time) = Jan 27 2022  09:55:55
* NMEA baud rate = 9600
** Ship: RVIB N.B. Palmer
** Cruise: NBP2202 Thwaites
** Station: YoYo001
** Operator: B. Bjork
# nquan = 25
# nvalues = 608                         
# units = specified
# name 0 = prDM: Pressure, Digiquartz [db]
# name 1 = depSM: Depth [salt water, m]
# name 2 = t090C: Temperature [ITS-90, deg C]
# name 3 = c0mS/cm: Conductivity [mS/cm]
# name 4 = t190C: Temperature, 2 [ITS-90, deg C]
# name 5 = c1mS/cm: Conductivity, 2 [mS/cm]
# name 6 = sbeox0ML/L: Oxygen, SBE 43 [ml/l]
# name 7 = sbeox1ML/L: Oxygen, SBE 43, 2 [ml/l]
# name 8 = flECO-AFL: Fluorescence, WET Labs ECO-AFL/FL [mg/m^3]
# name 9 = CStarTr0: Beam Transmission, WET Labs C-Star [%]
# name 10 = par: PAR/Irradiance, Biospherical/Licor
# name 11 = latitude: Latitude [deg]
# name 12 = longitude: Longitude [deg]
# name 13 = timeJ: Julian Days
# name 14 = altM: Altimeter [m]
# name 15 = spar: SPAR, Biospherical/Licor
# name 16 = timeS: Time, Elapsed [seconds]
# name 17 = scan: Scan Count
# name 18 = density00: Density [density, kg/m^3]
# name 19 = density11: Density, 2 [density, kg/m^3]
# name 20 = sal00: Salinity, Practical [PSU]
# name 21 = sal11: Salinity, Practical, 2 [PSU]
# name 22 = oxsolML/L: Oxygen Saturation, Garcia & Gordon [ml/l]
# name 23 = nbin: number of scans per bin
# name 24 = flag: flag
# span 0 =     10.000,    617.000       
# span 1 =      9.896,    609.708       
# span 2 =    -1.3755,     0.0918       
# span 3 =  27.085778,  28.926607       
# span 4 =    -1.3743,     0.0944       
# span 5 =  27.086284,  28.927676       
# span 6 =     4.6790,     8.5155       
# span 7 =     4.7325,     8.4099       
# span 8 =    -0.0250,    24.3555       
# span 9 =    70.1498,    95.6251       
# span 10 = -2.926e-05, 2.3364e+00      
# span 11 =  -74.17536,  -74.17536      
# span 12 = -113.34426, -113.34424      
# span 13 =  27.414211,  27.421522      
# span 14 =       6.71,     100.00      
# span 15 = 1.5337e+02, 1.7805e+02      
# span 16 =     32.815,    664.502      
# span 17 =        789,      15949      
# span 18 =  1027.2249,  1030.5227      
# span 19 =  1027.2230,  1030.5206      
# span 20 =    33.7894,    34.3810      
# span 21 =    33.7871,    34.3787      
# span 22 =    8.02573,    8.37143      
# span 23 =         17,         43      
# span 24 = 0.0000e+00, 0.0000e+00      
# interval = decibars: 1                
# start_time = Jan 27 2022 09:55:55 [NMEA time, header]
# bad_flag = -9.990e-29
*END*
[from data line 522]
    532.000    525.818    -0.0242  28.763985    -0.0226  28.763705     4.7260     4.7784    -0.0080    94.9416 1.0000e-12  -74.17536 -113.34424  27.420341      93.63 1.7490e+02    562.427      13499  1030.1015  1030.0996    34.3451    34.3428    8.05206         24 0.0000e+00
    533.000    526.806    -0.0217  28.766883    -0.0199  28.766131     4.7261     4.7780    -0.0112    94.9085 1.0000e-12  -74.17536 -113.34424  27.420352      92.80 1.7499e+02    563.412      13523  1030.1064  1030.1038    34.3455    34.3425    8.05152         23 0.0000e+00
    534.000    527.792    -0.0188  28.769855    -0.0172  28.769015     4.7266     4.7792    -0.0098    94.9153 1.0000e-12  -74.17536 -113.34424  27.420363      91.49 1.7490e+02    564.390      13546  1030.1109  1030.1085    34.3456    34.3427    8.05089         24 0.0000e+00
    535.000    528.780    -0.0146  28.775827    -0.0126  28.774990     4.7209     4.7794    -0.0040    94.9327 1.0000e-12  -74.17536 -113.34424  27.420375      90.61 1.7544e+02    565.364      13570  1030.1173  1030.1145    34.3482    34.3448    8.04986         23 0.0000e+00
    536.000    529.767    -0.0111  28.779683    -0.0090  28.779581     4.7235     4.7787    -0.0055    94.9516 1.0000e-12  -74.17536 -113.34424  27.420386      89.72 1.7527e+02    566.340      13593  1030.1222  1030.1201    34.3488    34.3463    8.04910         24 0.0000e+00
    537.000    530.754    -0.0102  28.781096    -0.0084  28.780633     4.7252     4.7757    -0.0055    94.9586 1.0000e-12  -74.17536 -113.34424  27.420397      88.87 1.7499e+02    567.322      13617  1030.1271  1030.1250    34.3490    34.3465    8.04889         23 0.0000e+00
    538.000    531.741    -0.0091  28.782445    -0.0070  28.782319     4.7192     4.7659    -0.0038    94.9796 1.0000e-12  -74.17536 -113.34424  27.420409      87.67 1.7504e+02    568.304      13640  1030.1318  1030.1297    34.3491    34.3466    8.04867         24 0.0000e+00
    539.000    532.728    -0.0090  28.783158    -0.0074  28.782379     4.7159     4.7691    -0.0086    94.9666 1.0000e-12  -74.17536 -113.34424  27.420420      86.49 1.7514e+02    569.291      13664  1030.1367  1030.1344    34.3493    34.3465    8.04864         23 0.0000e+00
    540.000    533.715    -0.0073  28.786054    -0.0050  28.785947     4.7202     4.7767    -0.0095    94.9765 1.0000e-12  -74.17536 -113.34424  27.420431      85.55 1.7556e+02    570.270      13687  1030.1424  1030.1400    34.3506    34.3479    8.04820         24 0.0000e+00
    541.000    534.702    -0.0055  28.789115    -0.0035  28.788695     4.7161     4.7728    -0.0105    94.9788 1.0000e-12  -74.17536 -113.34424  27.420443      84.48 1.7522e+02    571.240      13711  1030.1481  1030.1458    34.3520    34.3493    8.04774         23 0.0000e+00
    542.000    535.689    -0.0041  28.791191    -0.0019  28.791111     4.7143     4.7710    -0.0020    94.9957 1.0000e-12  -74.17536 -113.34424  27.420454      83.60 1.7560e+02    572.212      13734  1030.1532  1030.1510    34.3526    34.3501    8.04741         23 0.0000e+00
    543.000    536.677     0.0025  28.799480     0.0046  28.798877     4.7090     4.7669    -0.0082    95.0094 1.0000e-12  -74.17536 -113.34424  27.420465      82.54 1.7568e+02    573.191      13758  1030.1598  1030.1570    34.3556    34.3524    8.04586         23 0.0000e+00
    544.000    537.663     0.0162  28.814854     0.0189  28.815279     4.7078     4.7594    -0.0095    95.0063 1.0000e-12  -74.17536 -113.34424  27.420477      81.53 1.7594e+02    574.173      13781  1030.1668  1030.1646    34.3600    34.3575    8.04273         25 0.0000e+00
    545.000    538.651     0.0183  28.817398     0.0202  28.816989     4.7090     4.7651    -0.0128    95.0024 1.0000e-12  -74.17536 -113.34424  27.420488      80.49 1.7587e+02    575.159      13805  1030.1718  1030.1694    34.3604    34.3578    8.04227         23 0.0000e+00
    546.000    539.638     0.0174  28.817000     0.0193  28.816557     4.7120     4.7657    -0.0138    95.0046 1.0000e-12  -74.17536 -113.34424  27.420499      79.42 1.7630e+02    576.141      13828  1030.1765  1030.1742    34.3603    34.3576    8.04246         23 0.0000e+00
    547.000    540.625     0.0177  28.817860     0.0194  28.817002     4.7051     4.7664    -0.0083    94.9947 1.0000e-12  -74.17536 -113.34424  27.420511      78.50 1.7629e+02    577.111      13852  1030.1815  1030.1790    34.3606    34.3575    8.04239         24 0.0000e+00
    548.000    541.612     0.0175  28.818189     0.0196  28.817961     4.7088     4.7605    -0.0090    95.0035 1.0000e-12  -74.17536 -113.34424  27.420522      77.26 1.7629e+02    578.087      13875  1030.1864  1030.1841    34.3606    34.3580    8.04243         23 0.0000e+00
    549.000    542.599     0.0170  28.818472     0.0191  28.818326     4.7117     4.7670    -0.0083    94.9980 1.0000e-12  -74.17536 -113.34424  27.420533      76.33 1.7629e+02    579.064      13899  1030.1913  1030.1893    34.3609    34.3585    8.04250         24 0.0000e+00
    550.000    543.585     0.0168  28.819077     0.0190  28.818890     4.7086     4.7685    -0.0096    94.9979 1.0000e-12  -74.17536 -113.34424  27.420545      75.44 1.7629e+02    580.051      13922  1030.1965  1030.1942    34.3614    34.3587    8.04253         23 0.0000e+00
    551.000    544.573     0.0165  28.819323     0.0185  28.819127     4.7059     4.7627    -0.0154    94.9827 1.0000e-12  -74.17536 -113.34424  27.420556      74.61 1.7629e+02    581.037      13946  1030.2013  1030.1992    34.3614    34.3589    8.04258         24 0.0000e+00
    552.000    545.559     0.0184  28.822030     0.0198  28.820965     4.7134     4.7664    -0.0104    94.9603 1.0000e-12  -74.17536 -113.34424  27.420567      73.38 1.7629e+02    582.028      13970  1030.2066  1030.2041    34.3623    34.3593    8.04214         24 0.0000e+00
    553.000    546.546     0.0215  28.825545     0.0231  28.825060     4.7124     4.7672    -0.0138    94.9722 1.0000e-12  -74.17536 -113.34424  27.420579      72.46 1.7629e+02    583.004      13993  1030.2116  1030.2095    34.3630    34.3605    8.04146         23 0.0000e+00
    554.000    547.536     0.0212  28.826052     0.0233  28.826039     4.7069     4.7670    -0.0117    94.9594 1.0000e-12  -74.17536 -113.34424  27.420590      71.26 1.7629e+02    583.978      14016  1030.2167  1030.2145    34.3634    34.3609    8.04150         24 0.0000e+00
    555.000    548.519     0.0216  28.826935     0.0234  28.826666     4.7053     4.7676    -0.0084    94.9498 1.0000e-12  -74.17536 -113.34424  27.420601      70.40 1.7629e+02    584.950      14040  1030.2215  1030.2195    34.3635    34.3611    8.04141         23 0.0000e+00
    556.000    549.507     0.0226  28.828588     0.0247  28.828522     4.7183     4.7665    -0.0099    94.9452 1.0000e-12  -74.17536 -113.34424  27.420613      69.37 1.7629e+02    585.927      14063  1030.2265  1030.2244    34.3640    34.3615    8.04117         23 0.0000e+00
    557.000    550.495     0.0235  28.830099     0.0259  28.830179     4.7148     4.7629    -0.0098    94.9552 1.0000e-12  -74.17536 -113.34424  27.420624      68.34 1.7629e+02    586.913      14087  1030.2315  1030.2292    34.3644    34.3618    8.04096         24 0.0000e+00
    558.000    551.481     0.0246  28.831557     0.0267  28.831418     4.7071     4.7598    -0.0083    94.9389 1.0000e-12  -74.17536 -113.34424  27.420635      67.34 1.7629e+02    587.901      14111  1030.2362  1030.2340    34.3644    34.3619    8.04071         24 0.0000e+00
    559.000    552.470     0.0252  28.832700     0.0275  28.832578     4.7113     4.7599    -0.0087    94.9307 1.0000e-12  -74.17536 -113.34424  27.420647      66.32 1.7629e+02    588.880      14134  1030.2412  1030.2388    34.3647    34.3620    8.04058         23 0.0000e+00
    560.000    553.455     0.0258  28.833680     0.0278  28.833380     4.7089     4.7655    -0.0086    94.9229 1.0000e-12  -74.17536 -113.34424  27.420658      65.19 1.7629e+02    589.850      14157  1030.2459  1030.2436    34.3648    34.3621    8.04045         24 0.0000e+00
    561.000    554.444     0.0258  28.834207     0.0279  28.834016     4.7072     4.7658    -0.0152    94.9251 1.0000e-12  -74.17536 -113.34424  27.420669      64.23 1.7629e+02    590.822      14181  1030.2506  1030.2484    34.3648    34.3622    8.04044         23 0.0000e+00
    562.000    555.428     0.0263  28.835103     0.0284  28.834963     4.7131     4.7653    -0.0169    94.9374 1.0000e-12  -74.17536 -113.34424  27.420680      63.20 1.7629e+02    591.793      14204  1030.2554  1030.2532    34.3649    34.3624    8.04034         23 0.0000e+00
    563.000    556.418     0.0285  28.838158     0.0308  28.838019     4.7056     4.7629    -0.0156    94.9239 1.0000e-12  -74.17536 -113.34424  27.420692      62.03 1.7629e+02    592.773      14228  1030.2606  1030.2583    34.3658    34.3631    8.03982         24 0.0000e+00
    564.000    557.402     0.0304  28.840695     0.0326  28.840579     4.7096     4.7642    -0.0124    94.9183 1.0000e-12  -74.17536 -113.34424  27.420703      61.16 1.7629e+02    593.763      14251  1030.2657  1030.2635    34.3665    34.3639    8.03938         23 0.0000e+00
    565.000    558.391     0.0310  28.841821     0.0330  28.841533     4.7053     4.7568    -0.0116    94.9372 1.0000e-12  -74.17536 -113.34424  27.420715      60.15 1.7629e+02    594.748      14275  1030.2706  1030.2684    34.3667    34.3641    8.03925         24 0.0000e+00
    566.000    559.378     0.0322  28.843655     0.0345  28.843603     4.7049     4.7566    -0.0125    94.9238 1.0000e-12  -74.17536 -113.34424  27.420726      59.15 1.7629e+02    595.722      14298  1030.2756  1030.2734    34.3672    34.3646    8.03897         23 0.0000e+00
    567.000    560.365     0.0365  28.849014     0.0387  28.848562     4.7004     4.7545    -0.0021    94.9194 1.0000e-12  -74.17536 -113.34424  27.420737      58.14 1.7629e+02    596.684      14321  1030.2813  1030.2787    34.3689    34.3658    8.03798         23 0.0000e+00
    568.000    561.351     0.0538  28.867388     0.0563  28.867111     4.6936     4.7551    -0.0077    94.9283 1.0000e-12  -74.17536 -113.34424  27.420748      57.22 1.7629e+02    597.653      14345  1030.2879  1030.2852    34.3733    34.3701    8.03411         24 0.0000e+00
    569.000    562.339     0.0577  28.871768     0.0598  28.871613     4.6959     4.7563     0.0069    94.9296 1.0000e-12  -74.17536 -113.34424  27.420760      56.15 1.7629e+02    598.626      14368  1030.2930  1030.2907    34.3740    34.3715    8.03324         23 0.0000e+00
    570.000    563.325     0.0586  28.873521     0.0610  28.873524     4.6971     4.7503    -0.0078    94.9380 1.0000e-12  -74.17536 -113.34424  27.420771      55.06 1.7629e+02    599.613      14392  1030.2982  1030.2959    34.3747    34.3720    8.03301         24 0.0000e+00
    571.000    564.313     0.0604  28.875994     0.0629  28.876060     4.7022     4.7499    -0.0022    94.9465 1.0000e-12  -74.17536 -113.34424  27.420783      53.98 1.7629e+02    600.606      14416  1030.3034  1030.3011    34.3754    34.3727    8.03259         24 0.0000e+00
    572.000    565.299     0.0615  28.877631     0.0634  28.877145     4.7025     4.7525    -0.0058    94.9570 1.0000e-12  -74.17536 -113.34424  27.420794      52.94 1.7629e+02    601.589      14439  1030.3084  1030.3060    34.3757    34.3730    8.03234         24 0.0000e+00
    573.000    566.286     0.0625  28.879240     0.0646  28.878882     4.6996     4.7556    -0.0077    94.9587 1.0000e-12  -74.17536 -113.34424  27.420805      52.04 1.7629e+02    602.566      14463  1030.3134  1030.3110    34.3762    34.3734    8.03211         23 0.0000e+00
    574.000    567.273     0.0635  28.880672     0.0655  28.880265     4.7001     4.7569    -0.0045    94.9743 1.0000e-12  -74.17536 -113.34424  27.420816      50.96 1.7629e+02    603.538      14486  1030.3182  1030.3159    34.3764    34.3736    8.03189         23 0.0000e+00
    575.000    568.260     0.0638  28.881300     0.0659  28.881135     4.7001     4.7549    -0.0061    94.9744 1.0000e-12  -74.17536 -113.34424  27.420828      50.13 1.7629e+02    604.508      14509  1030.3229  1030.3207    34.3762    34.3738    8.03183         23 0.0000e+00
    576.000    569.247     0.0649  28.883054     0.0642  28.879666     4.6979     4.7470    -0.0126    94.9830 1.0000e-12  -74.17536 -113.34424  27.420839      48.98 1.7629e+02    605.486      14533  1030.3279  1030.3251    34.3767    34.3730    8.03157         24 0.0000e+00
    577.000    570.233     0.0690  28.887154     0.0696  28.885434     4.6932     4.7459    -0.0014    94.9978 1.0000e-12  -74.17536 -113.34424  27.420850      47.98 1.7629e+02    606.469      14556  1030.3325  1030.3302    34.3770    34.3741    8.03071         24 0.0000e+00
    578.000    571.222     0.0650  28.883490     0.0681  28.884409     4.6966     4.7488    -0.0089    95.0089 1.0000e-12  -74.17536 -113.34424  27.420862      46.86 1.7629e+02    607.446      14580  1030.3369  1030.3349    34.3761    34.3739    8.03160         23 0.0000e+00
    579.000    572.206     0.0672  28.886322     0.0688  28.885511     4.6965     4.7427    -0.0173    95.0102 1.0000e-12  -74.17536 -113.34424  27.420873      46.04 1.7629e+02    608.425      14603  1030.3420  1030.3396    34.3768    34.3739    8.03110         23 0.0000e+00
    580.000    573.194     0.0708  28.890588     0.0732  28.890664     4.6952     4.7400    -0.0101    95.0113 1.0000e-12  -74.17536 -113.34424  27.420884      45.01 1.7629e+02    609.393      14626  1030.3472  1030.3449    34.3778    34.3751    8.03029         23 0.0000e+00
    581.000    574.182     0.0705  28.890675     0.0742  28.892079     4.6974     4.7468    -0.0034    94.9907 1.0000e-12  -74.17536 -113.34424  27.420895      43.96 1.7629e+02    610.356      14650  1030.3518  1030.3497    34.3776    34.3753    8.03035         23 0.0000e+00
    582.000    575.169     0.0705  28.891129     0.0723  28.890600     4.6911     4.7500    -0.0050    94.9818 1.0000e-12  -74.17536 -113.34424  27.420907      42.94 1.7629e+02    611.323      14673  1030.3566  1030.3543    34.3776    34.3749    8.03035         24 0.0000e+00
    583.000    576.154     0.0705  28.891564     0.0732  28.891883     4.6952     4.7472    -0.0115    95.0205 1.0000e-12  -74.17536 -113.34424  27.420918      41.86 1.7637e+02    612.298      14696  1030.3614  1030.3591    34.3777    34.3751    8.03036         23 0.0000e+00
    584.000    577.143     0.0762  28.898005     0.0787  28.898176     4.6953     4.7455    -0.0132    95.0151 1.0000e-12  -74.17536 -113.34424  27.420929      40.79 1.7651e+02    613.276      14720  1030.3668  1030.3645    34.3792    34.3766    8.02908         24 0.0000e+00
    585.000    578.129     0.0810  28.902977     0.0829  28.902694     4.6928     4.7507    -0.0067    95.0326 1.0000e-12  -74.17536 -113.34424  27.420940      39.81 1.7675e+02    614.253      14743  1030.3715  1030.3694    34.3798    34.3773    8.02804         23 0.0000e+00
    586.000    579.115     0.0732  28.895390     0.0754  28.895488     4.7007     4.7488    -0.0016    95.0291 1.0000e-12  -74.17536 -113.34424  27.420952      38.83 1.7688e+02    615.234      14767  1030.3756  1030.3735    34.3779    34.3756    8.02978         24 0.0000e+00
    587.000    580.103     0.0723  28.895112     0.0741  28.894676     4.6992     4.7447    -0.0090    95.0214 1.0000e-12  -74.17536 -113.34424  27.420963      37.84 1.7667e+02    616.208      14790  1030.3804  1030.3782    34.3779    34.3754    8.02996         23 0.0000e+00
    588.000    581.089     0.0739  28.897272     0.0755  28.896556     4.6948     4.7445    -0.0008    95.0141 1.0000e-12  -74.17536 -113.34424  27.420974      36.82 1.7746e+02    617.179      14813  1030.3854  1030.3831    34.3784    34.3757    8.02960         24 0.0000e+00
