ocean_section_plots/required_files/ctd/dnbp2202_ctd187.cnv
* Sea-Bird SBE 9 Data File:
* FileName = D:\Data\raw\NBP2202_CTD187.hex
* Software Version Seasave V 7.26.7.121
* Temperature SN = 1649
* Conductivity SN = 2513
* Number of Bytes Per Scan = 40
* Number of Voltage Words = 5
* Number of Scans Averaged by the Deck Unit = 1
* NMEA Latitude = 74 10.22 S
* NMEA Longitude = 113 23.05 W
* NMEA UTC (Time) = Feb 07 2022  07:55:43
* NMEA baud rate = 9600
** Ship: RVIB N.B. Palmer
** Cruise: NBP2202 Thwaites
** Station: 108
** Operator: B Bjork
# nquan = 28
# nvalues = 298                         
# units = specified
# name 0 = prDM: Pressure, Digiquartz [db]
# name 1 = depSM: Depth [salt water, m]
# name 2 = t090C: Temperature [ITS-90, deg C]
# name 3 = c0mS/cm: Conductivity [mS/cm]
# name 4 = t190C: Temperature, 2 [ITS-90, deg C]
# name 5 = c1mS/cm: Conductivity, 2 [mS/cm]
# name 6 = sbeox0ML/L: Oxygen, SBE 43 [ml/l]
# name 7 = sbeox1ML/L: Oxygen, SBE 43, 2 [ml/l]
# name 8 = flECO-AFL: Fluorescence, WET Labs ECO-AFL/FL [mg/m^3]
# name 9 = CStarTr0: Beam Transmission, WET Labs C-Star [%]
# name 10 = par: PAR/Irradiance, Biospherical/Licor
# name 11 = latitude: Latitude [deg]
# name 12 = longitude: Longitude [deg]
# name 13 = timeJ: Julian Days
# name 14 = altM: Altimeter [m]
# name 15 = spar: SPAR, Biospherical/Licor
# name 16 = timeS: Time, Elapsed [seconds]
# name 17 = scan: Scan Count
# name 18 = density00: Density [density, kg/m^3]
# name 19 = density11: Density, 2 [density, kg/m^3]
# name 20 = v3: Voltage 3
# name 21 = v4: Voltage 4
# name 22 = v5: Voltage 5
# name 23 = sal00: Salinity, Practical [PSU]
# name 24 = sal11: Salinity, Practical, 2 [PSU]
# name 25 = oxsolML/L: Oxygen Saturation, Garcia & Gordon [ml/l]
# name 26 = nbin: number of scans per bin
# name 27 = flag: flag
# span 0 =      2.000,    299.000       
# span 1 =      1.982,    295.684       
# span 2 =    -1.4126,    -0.6365       
# span 3 =  27.035155,  27.971099       
# span 4 =    -1.4117,    -0.6336       
# span 5 =  27.035124,  27.971603       
# span 6 =     4.9506,     8.9080       
# span 7 =     5.0741,     9.2085       
# span 8 =    -0.0225,    24.6759       
# span 9 =    75.0558,    98.4569       
# span 10 = -4.120e-05, 6.3156e+00      
# span 11 =  -74.17036,  -74.17034      
# span 12 = -113.38420, -113.38414      
# span 13 =  38.332849,  38.337550      
# span 14 =       7.48,     100.88      
# span 15 = 2.4680e+01, 3.3512e+01      
# span 16 =    215.171,    621.342      
# span 17 =       5165,      14913      
# span 18 =  1027.1754,  1028.8485      
# span 19 =  1027.1741,  1028.8463      
# span 20 =     3.5620,     4.6706      
# span 21 =     0.0640,     3.2952      
# span 22 =     0.1249,     0.2682      
# span 23 =    33.7870,    34.1153      
# span 24 =    33.7853,    34.1128      
# span 25 =    8.19590,    8.38243      
# span 26 =         17,         48      
# span 27 = 0.0000e+00, 0.0000e+00      
# interval = decibars: 1                
# start_time = Feb 07 2022 07:55:43 [NMEA time, header]
# bad_flag = -9.990e-29
*END*
[from data line 208]
    210.000    207.721    -0.9331  27.607483    -0.9323  27.606641     5.0839     5.2246    -0.0043    98.4336 1.0000e-12  -74.17036 -113.38418  38.335990      98.60 3.2357e+01    486.516      11677  1028.3542  1028.3525     4.6695     0.0695     0.1273    34.0104    34.0084    8.26675         23 0.0000e+00
    211.000    208.710    -0.9449  27.597024    -0.9438  27.596754     5.0747     5.2110    -0.0157    98.4517 1.0000e-12  -74.17036 -113.38418  38.336001      97.53 3.2246e+01    487.482      11701  1028.3586  1028.3573     4.6704     0.0686     0.1285    34.0089    34.0073    8.26943         24 0.0000e+00
    212.000    209.698    -0.9383  27.604024    -0.9365  27.603994     5.0682     5.2044    -0.0176    98.4506 1.0000e-12  -74.17036 -113.38418  38.336012      96.48 3.2192e+01    488.450      11724  1028.3641  1028.3623     4.6703     0.0689     0.1274    34.0104    34.0082    8.26790         23 0.0000e+00
    213.000    210.687    -0.9214  27.621985    -0.9237  27.617275     5.0767     5.2098    -0.0096    98.4066 1.0000e-12  -74.17036 -113.38418  38.336023      94.32 3.2578e+01    489.423      11747  1028.3714  1028.3686     4.6682     0.0688     0.1275    34.0150    34.0112    8.26390         23 0.0000e+00
    214.000    211.675    -0.9303  27.612403    -0.9308  27.610728     5.0687     5.2008    -0.0087    98.4341 1.0000e-12  -74.17036 -113.38418  38.336035      93.14 3.2808e+01    490.386      11770  1028.3741  1028.3728     4.6695     0.0697     0.1271    34.0115    34.0098    8.26607         23 0.0000e+00
    215.000    212.664    -0.9317  27.612011    -0.9290  27.612625     5.0534     5.1848    -0.0195    98.4303 1.0000e-12  -74.17036 -113.38418  38.336046      90.75 3.3120e+01    491.358      11794  1028.3793  1028.3773     4.6694     0.0689     0.1290    34.0119    34.0097    8.26635         23 0.0000e+00
    216.000    213.654    -0.9137  27.630584    -0.9110  27.630970     5.0456     5.1795    -0.0135    98.4434 1.0000e-12  -74.17036 -113.38418  38.336057      89.77 3.0815e+01    492.333      11817  1028.3863  1028.3840     4.6700     0.0680     0.1299    34.0162    34.0136    8.26214         25 0.0000e+00
    217.000    214.641    -0.8847  27.662479    -0.8893  27.654898     5.0364     5.1765    -0.0137    98.4515 1.0000e-12  -74.17036 -113.38418  38.336068      90.37 3.2456e+01    493.308      11840  1028.3971  1028.3934     4.6704     0.0681     0.1303    34.0261    34.0210    8.25519         23 0.0000e+00
    218.000    215.629    -0.8891  27.657218    -0.8912  27.653102     5.0263     5.1684    -0.0199    98.4485 1.0000e-12  -74.17036 -113.38418  38.336080      88.03 3.3416e+01    494.306      11864  1028.4001  1028.3977     4.6702     0.0693     0.1284    34.0233    34.0201    8.25632         24 0.0000e+00
    219.000    216.619    -0.8745  27.673612    -0.8740  27.672390     5.0312     5.1656    -0.0129    98.4431 1.0000e-12  -74.17036 -113.38418  38.336091      88.51 3.1593e+01    495.308      11888  1028.4082  1028.4063     4.6699     0.0688     0.1272    34.0286    34.0263    8.25283         24 0.0000e+00
    220.000    217.607    -0.8797  27.668789    -0.8761  27.670711     5.0335     5.1635    -0.0176    98.4506 1.0000e-12  -74.17036 -113.38418  38.336103      88.29 3.2419e+01    496.288      11912  1028.4124  1028.4111     4.6703     0.0699     0.1293    34.0272    34.0258    8.25403         23 0.0000e+00
    221.000    218.596    -0.8730  27.676203    -0.8711  27.676386     5.0338     5.1640    -0.0156    98.4364 1.0000e-12  -74.17034 -113.38418  38.336114      87.24 3.3286e+01    497.284      11936  1028.4184  1028.4167     4.6696     0.0684     0.1273    34.0291    34.0272    8.25245         24 0.0000e+00
    222.000    219.585    -0.8713  27.678855    -0.8698  27.678406     5.0356     5.1650     0.0318    98.4323 1.0000e-12  -74.17034 -113.38418  38.336126      86.21 3.1039e+01    498.286      11960  1028.4241  1028.4221     4.6694     0.0691     0.1285    34.0302    34.0279    8.25202         24 0.0000e+00
    223.000    220.573    -0.8717  27.678469    -0.8696  27.678803     5.0350     5.1604     0.0283    98.4377 1.0000e-12  -74.17034 -113.38418  38.336138      83.21 3.3000e+01    499.281      11984  1028.4284  1028.4268     4.6697     0.0681     0.1255    34.0294    34.0276    8.25215         24 0.0000e+00
    224.000    221.562    -0.8713  27.679282    -0.8686  27.680721     5.0327     5.1688    -0.0180    98.4409 1.0000e-12  -74.17034 -113.38418  38.336149      81.46 3.3350e+01    500.276      12008  1028.4333  1028.4322     4.6699     0.0668     0.1289    34.0295    34.0284    8.25206         24 0.0000e+00
    225.000    222.551    -0.8716  27.679333    -0.8697  27.679667     5.0407     5.1679    -0.0131    98.4442 1.0000e-12  -74.17034 -113.38418  38.336161      80.66 3.2311e+01    501.279      12032  1028.4381  1028.4365     4.6700     0.0664     0.1290    34.0293    34.0276    8.25214         24 0.0000e+00
    226.000    223.539    -0.8710  27.681069    -0.8697  27.680431     5.0450     5.1628    -0.0141    98.4398 1.0000e-12  -74.17034 -113.38418  38.336172      80.96 3.3423e+01    502.272      12056  1028.4437  1028.4418     4.6698     0.0680     0.1276    34.0303    34.0281    8.25194         24 0.0000e+00
    227.000    224.527    -0.8707  27.682048    -0.8693  27.681642     5.0561     5.1644    -0.0196    98.4388 1.0000e-12  -74.17034 -113.38418  38.336184      78.94 3.3495e+01    503.274      12080  1028.4488  1028.4471     4.6698     0.0669     0.1288    34.0307    34.0286    8.25186         24 0.0000e+00
    228.000    225.515    -0.8683  27.685799    -0.8668  27.685477     5.0540     5.1680    -0.0113    98.4453 1.0000e-12  -74.17034 -113.38418  38.336195      77.26 3.1934e+01    504.283      12104  1028.4550  1028.4531     4.6701     0.0684     0.1272    34.0326    34.0304    8.25124         24 0.0000e+00
    229.000    226.505    -0.8678  27.686737    -0.8658  27.686879     5.0526     5.1728    -0.0118    98.4465 1.0000e-12  -74.17034 -113.38418  38.336207      76.39 3.3288e+01    505.295      12128  1028.4598  1028.4580     4.6701     0.0663     0.1277    34.0326    34.0306    8.25111         25 0.0000e+00
    230.000    227.494    -0.8705  27.684616    -0.8685  27.684712     5.0545     5.1774    -0.0138    98.4196 1.0000e-12  -74.17034 -113.38418  38.336219      75.26 3.3494e+01    506.307      12152  1028.4645  1028.4626     4.6689     0.0670     0.1291    34.0321    34.0300    8.25173         24 0.0000e+00
    231.000    228.481    -0.8692  27.686459    -0.8682  27.685479     5.0457     5.1738    -0.0138    98.4367 1.0000e-12  -74.17034 -113.38418  38.336231      74.21 3.2538e+01    507.314      12177  1028.4695  1028.4675     4.6697     0.0655     0.1291    34.0326    34.0301    8.25142         24 0.0000e+00
    232.000    229.470    -0.8717  27.684236    -0.8718  27.682165     5.0478     5.1760    -0.0144    98.4406 1.0000e-12  -74.17034 -113.38418  38.336242      73.20 3.2653e+01    508.303      12200  1028.4738  1028.4717     4.6698     0.0660     0.1285    34.0317    34.0291    8.25201         23 0.0000e+00
    233.000    230.460    -0.8697  27.686620    -0.8694  27.684875     5.0551     5.1764    -0.0032    98.4092 1.0000e-12  -74.17034 -113.38418  38.336253      72.20 3.3512e+01    509.291      12224  1028.4788  1028.4767     4.6684     0.0663     0.1249    34.0321    34.0295    8.25155         24 0.0000e+00
    234.000    231.445    -0.8790  27.677264    -0.8778  27.676689     5.0548     5.1829    -0.0078    98.4239 1.0000e-12  -74.17034 -113.38418  38.336265      71.52 3.3495e+01    510.298      12248  1028.4820  1028.4803     4.6690     0.0662     0.1277    34.0293    34.0272    8.25376         25 0.0000e+00
    235.000    232.436    -0.8802  27.676297    -0.8790  27.675601     5.0605     5.1846    -0.0137    98.4227 1.0000e-12  -74.17034 -113.38418  38.336277      70.19 3.3495e+01    511.299      12272  1028.4864  1028.4845     4.6690     0.0667     0.1277    34.0288    34.0265    8.25406         24 0.0000e+00
    236.000    233.425    -0.8802  27.676770    -0.8789  27.676398     5.0580     5.1790    -0.0080    98.4360 1.0000e-12  -74.17034 -113.38418  38.336288      69.18 3.3495e+01    512.288      12296  1028.4912  1028.4895     4.6696     0.0657     0.1263    34.0288    34.0268    8.25406         23 0.0000e+00
    237.000    234.412    -0.8784  27.679677    -0.8773  27.678867     5.0522     5.1775    -0.0114    98.4215 1.0000e-12  -74.17034 -113.38418  38.336300      68.14 3.2976e+01    513.280      12320  1028.4969  1028.4949     4.6690     0.0659     0.1279    34.0301    34.0278    8.25358         24 0.0000e+00
    238.000    235.402    -0.8760  27.682614    -0.8740  27.682861     5.0551     5.1786    -0.0071    98.4270 1.0000e-12  -74.17034 -113.38416  38.336311      66.62 3.1949e+01    514.274      12344  1028.5021  1028.5004     4.6692     0.0645     0.1270    34.0308    34.0289    8.25302         24 0.0000e+00
    239.000    236.390    -0.8729  27.686527    -0.8715  27.686098     5.0466     5.1784    -0.0218    98.4259 1.0000e-12  -74.17034 -113.38418  38.336322      66.03 3.2965e+01    515.256      12367  1028.5075  1028.5057     4.6691     0.0660     0.1288    34.0320    34.0298    8.25227         23 0.0000e+00
    240.000    237.379    -0.8766  27.682873    -0.8752  27.682606     5.0447     5.1794    -0.0040    98.4155 1.0000e-12  -74.17034 -113.38416  38.336334      65.54 3.3073e+01    516.260      12391  1028.5115  1028.5098     4.6687     0.0647     0.1261    34.0306    34.0286    8.25317         25 0.0000e+00
    241.000    238.365    -0.8688  27.693119    -0.8700  27.689107     5.0439     5.1730    -0.0184    98.4173 1.0000e-12  -74.17034 -113.38418  38.336346      64.18 3.2321e+01    517.270      12415  1028.5193  1028.5161     4.6688     0.0655     0.1279    34.0350    34.0309    8.25119         24 0.0000e+00
    242.000    239.355    -0.8419  27.722510    -0.8471  27.714554     5.0372     5.1706    -0.0212    98.4216 1.0000e-12  -74.17034 -113.38416  38.336357      63.13 3.2393e+01    518.266      12439  1028.5293  1028.5258     4.6690     0.0648     0.1282    34.0440    34.0390    8.24479         24 0.0000e+00
    243.000    240.343    -0.8276  27.738561    -0.8326  27.730633     5.0315     5.1669    -0.0132    98.4205 1.0000e-12  -74.17034 -113.38418  38.336369      61.97 3.3494e+01    519.270      12463  1028.5372  1028.5335     4.6689     0.0656     0.1280    34.0490    34.0439    8.24137         24 0.0000e+00
    244.000    241.334    -0.8206  27.746498    -0.8188  27.746251     5.0297     5.1589    -0.0132    98.4119 1.0000e-12  -74.17034 -113.38416  38.336381      60.89 3.2383e+01    520.280      12488  1028.5434  1028.5413     4.6685     0.0640     0.1302    34.0512    34.0488    8.23970         24 0.0000e+00
    245.000    242.319    -0.8150  27.753355    -0.8124  27.753744     5.0232     5.1573    -0.0126    98.4076 1.0000e-12  -74.17034 -113.38416  38.336392      59.95 3.2023e+01    521.279      12512  1028.5498  1028.5477     4.6683     0.0654     0.1295    34.0535    34.0512    8.23833         24 0.0000e+00
    246.000    243.310    -0.8101  27.758931    -0.8083  27.758706     5.0177     5.1587    -0.0160    98.3806 1.0000e-12  -74.17034 -113.38416  38.336404      58.98 3.3287e+01    522.281      12536  1028.5555  1028.5535     4.6670     0.0652     0.1315    34.0549    34.0526    8.23718         24 0.0000e+00
    247.000    244.298    -0.8080  27.761423    -0.8036  27.764181     5.0194     5.1433    -0.0175    98.3830 1.0000e-12  -74.17034 -113.38416  38.336415      57.92 3.2830e+01    523.280      12560  1028.5607  1028.5593     4.6672     0.0643     0.1295    34.0554    34.0541    8.23671         24 0.0000e+00
    248.000    245.286    -0.7927  27.779689    -0.7935  27.776110     5.0164     5.1368    -0.0144    98.3851 1.0000e-12  -74.17034 -113.38416  38.336427      56.85 3.2834e+01    524.261      12583  1028.5699  1028.5668     4.6672     0.0652     0.1299    34.0621    34.0582    8.23296         24 0.0000e+00
    249.000    246.275    -0.7799  27.793553    -0.7804  27.790921     5.0205     5.1470    -0.0186    98.3789 1.0000e-12  -74.17034 -113.38416  38.336438      55.78 3.2193e+01    525.248      12607  1028.5770  1028.5746     4.6670     0.0658     0.1301    34.0660    34.0629    8.22996         23 0.0000e+00
    250.000    247.263    -0.7777  27.796543    -0.7762  27.796193     5.0164     5.1427    -0.0039    98.3711 1.0000e-12  -74.17034 -113.38416  38.336450      54.84 3.2768e+01    526.241      12631  1028.5825  1028.5806     4.6666     0.0640     0.1299    34.0669    34.0647    8.22942         24 0.0000e+00
    251.000    248.253    -0.7743  27.800726    -0.7727  27.800338     4.9996     5.1347    -0.0047    98.3583 1.0000e-12  -74.17034 -113.38416  38.336461      53.81 3.2760e+01    527.230      12655  1028.5882  1028.5862     4.6659     0.0653     0.1326    34.0681    34.0658    8.22861         24 0.0000e+00
    252.000    249.238    -0.7716  27.804354    -0.7689  27.805119     5.0010     5.1360    -0.0119    98.3668 1.0000e-12  -74.17034 -113.38416  38.336472      52.74 3.3342e+01    528.219      12678  1028.5939  1028.5921     4.6664     0.0652     0.1273    34.0693    34.0673    8.22794         24 0.0000e+00
    253.000    250.228    -0.7570  27.821080    -0.7547  27.821057     5.0063     5.1370     0.0006    98.3700 1.0000e-12  -74.17034 -113.38416  38.336484      51.72 3.2649e+01    529.213      12702  1028.6022  1028.6000     4.6665     0.0644     0.1302    34.0749    34.0723    8.22444         23 0.0000e+00
    254.000    251.218    -0.7566  27.821424    -0.7552  27.820715     4.9992     5.1246    -0.0077    98.3637 1.0000e-12  -74.17034 -113.38416  38.336495      51.52 3.2467e+01    530.188      12726  1028.6066  1028.6045     4.6663     0.0652     0.1297    34.0743    34.0717    8.22438         24 0.0000e+00
    255.000    252.205    -0.7567  27.822475    -0.7553  27.821242     4.9905     5.1162    -0.0124    98.3610 1.0000e-12  -74.17034 -113.38416  38.336506      49.73 3.3180e+01    531.155      12749  1028.6123  1028.6097     4.6660     0.0643     0.1303    34.0752    34.0719    8.22435         23 0.0000e+00
    256.000    253.193    -0.7213  27.861421    -0.7204  27.859903     4.9868     5.1119    -0.0138    98.3456 1.0000e-12  -74.17034 -113.38416  38.336518      48.68 3.2401e+01    532.136      12772  1028.6243  1028.6218     4.6653     0.0649     0.1302    34.0872    34.0843    8.21593         24 0.0000e+00
    257.000    254.184    -0.7148  27.868151    -0.7129  27.867998     4.9858     5.1117    -0.0140    98.3576 1.0000e-12  -74.17034 -113.38416  38.336529      48.62 3.2574e+01    533.121      12796  1028.6298  1028.6278     4.6659     0.0652     0.1288    34.0884    34.0861    8.21446         23 0.0000e+00
    258.000    255.168    -0.7133  27.870190    -0.7121  27.869305     4.9821     5.1121    -0.0080    98.3486 1.0000e-12  -74.17034 -113.38416  38.336541      47.44 3.3202e+01    534.105      12820  1028.6351  1028.6329     4.6655     0.0646     0.1315    34.0889    34.0863    8.21411         24 0.0000e+00
    259.000    256.161    -0.7160  27.867533    -0.7143  27.867138     4.9852     5.1137     0.0016    98.3540 1.0000e-12  -74.17034 -113.38416  38.336552      46.28 3.1528e+01    535.094      12843  1028.6394  1028.6373     4.6657     0.0641     0.1285    34.0878    34.0854    8.21476         24 0.0000e+00
