ocean_section_plots/required_files/ctd/dnbp2202_ctd092.cnv
* Sea-Bird SBE 9 Data File:
* FileName = D:\Data\raw\NBP2202_CTD092.hex
* Software Version Seasave V 7.26.7.121
* Temperature SN = 1649
* Conductivity SN = 2513
* Number of Bytes Per Scan = 40
* Number of Voltage Words = 5
* Number of Scans Averaged by the Deck Unit = 1
* NMEA Latitude = 74 10.51 S
* NMEA Longitude = 113 20.67 W
* NMEA UTC (Time) = Jan 26 2022  22:37:36
* NMEA baud rate = 9600
** Ship: RVIB N.B. Palmer
** Cruise: NBP2202 Thwaites
** Station: YoYo001
** Operator: A. Robinson
# nquan = 25
# nvalues = 607                         
# units = specified
# name 0 = prDM: Pressure, Digiquartz [db]
# name 1 = depSM: Depth [salt water, m]
# name 2 = t090C: Temperature [ITS-90, deg C]
# name 3 = c0mS/cm: Conductivity [mS/cm]
# name 4 = t190C: Temperature, 2 [ITS-90, deg C]
# name 5 = c1mS/cm: Conductivity, 2 [mS/cm]
# name 6 = sbeox0ML/L: Oxygen, SBE 43 [ml/l]
# name 7 = sbeox1ML/L: Oxygen, SBE 43, 2 [ml/l]
# name 8 = flECO-AFL: Fluorescence, WET Labs ECO-AFL/FL [mg/m^3]
# name 9 = CStarTr0: Beam Transmission, WET Labs C-Star [%]
# name 10 = par: PAR/Irradiance, Biospherical/Licor
# name 11 = latitude: Latitude [deg]
# name 12 = longitude: Longitude [deg]
# name 13 = timeJ: Julian Days
# name 14 = altM: Altimeter [m]
# name 15 = spar: SPAR, Biospherical/Licor
# name 16 = timeS: Time, Elapsed [seconds]
# name 17 = scan: Scan Count
# name 18 = density00: Density [density, kg/m^3]
# name 19 = density11: Density, 2 [density, kg/m^3]
# name 20 = sal00: Salinity, Practical [PSU]
# name 21 = sal11: Salinity, Practical, 2 [PSU]
# name 22 = oxsolML/L: Oxygen Saturation, Garcia & Gordon [ml/l]
# name 23 = nbin: number of scans per bin
# name 24 = flag: flag
# span 0 =     10.000,    616.000       
# span 1 =      9.897,    608.724       
# span 2 =    -1.5399,     0.1090       
# span 3 =  26.894083,  28.945128       
# span 4 =    -1.5387,     0.1109       
# span 5 =  26.894348,  28.944720       
# span 6 =     4.6778,     8.2117       
# span 7 =     4.7487,     8.1278       
# span 8 =    -0.0216,    20.6090       
# span 9 =    69.1117,    95.5084       
# span 10 = 1.0000e-12, 6.7985e+01      
# span 11 =  -74.17530,  -74.17528      
# span 12 = -113.34460, -113.34456      
# span 13 =  26.943284,  26.952118      
# span 14 =       4.74,     100.46      
# span 15 = 1.8493e+03, 1.8615e+03      
# span 16 =     43.746,    806.961      
# span 17 =       1051,      19368      
# span 18 =  1027.2375,  1030.5208      
# span 19 =  1027.2339,  1030.5185      
# span 20 =    33.8031,    34.3860      
# span 21 =    33.8005,    34.3833      
# span 22 =    8.02184,    8.41340      
# span 23 =         18,         46      
# span 24 = 0.0000e+00, 0.0000e+00      
# interval = decibars: 1                
# start_time = Jan 26 2022 22:37:36 [NMEA time, header]
# bad_flag = -9.990e-29
*END*
[from data line 290]
    300.000    296.680    -0.6436  27.964467    -0.6417  27.964006     4.9394     5.0136    -0.0175    95.2439 1.0000e-12  -74.17528 -113.34458  26.947318      99.87 1.8546e+03    392.270       9415  1028.8513  1028.8490    34.1120    34.1093    8.19763         30 0.0000e+00
    301.000    297.667    -0.6429  27.965633    -0.6411  27.965245     4.9353     5.0186    -0.0186    95.2346 1.0000e-12  -74.17528 -113.34458  26.947332      99.87 1.8546e+03    393.496       9445  1028.8563  1028.8541    34.1122    34.1096    8.19748         29 0.0000e+00
    302.000    298.656    -0.6428  27.966217    -0.6410  27.965833     4.9413     5.0144    -0.0117    95.2455 1.0000e-12  -74.17528 -113.34458  26.947346      99.86 1.8546e+03    394.719       9474  1028.8612  1028.8590    34.1123    34.1097    8.19745         30 0.0000e+00
    303.000    299.645    -0.6428  27.966760    -0.6408  27.966452     4.9384     5.0063    -0.0045    95.2506 1.0000e-12  -74.17528 -113.34458  26.947361      99.87 1.8546e+03    395.951       9504  1028.8660  1028.8638    34.1123    34.1097    8.19744         30 0.0000e+00
    304.000    300.633    -0.6418  27.968299    -0.6399  27.967839     4.9308     5.0120    -0.0139    95.2348 1.0000e-12  -74.17528 -113.34458  26.947375      99.87 1.8546e+03    397.178       9533  1028.8711  1028.8688    34.1127    34.1099    8.19721         28 0.0000e+00
    305.000    301.621    -0.6364  27.974422    -0.6344  27.973930     4.9299     5.0123    -0.0170    95.2490 1.0000e-12  -74.17528 -113.34458  26.947389      95.22 1.8546e+03    398.394       9562  1028.8767  1028.8743    34.1142    34.1114    8.19594         30 0.0000e+00
    306.000    302.608    -0.6350  27.976155    -0.6330  27.975868     4.9304     5.0040    -0.0153    95.2279 1.0000e-12  -74.17528 -113.34458  26.947403      85.59 1.8546e+03    399.625       9592  1028.8815  1028.8793    34.1144    34.1118    8.19563         30 0.0000e+00
    307.000    303.598    -0.6328  27.978897    -0.6308  27.978564     4.9299     5.0066    -0.0168    95.2186 1.0000e-12  -74.17528 -113.34458  26.947417      99.61 1.8546e+03    400.866       9622  1028.8867  1028.8844    34.1150    34.1124    8.19512         29 0.0000e+00
    308.000    304.585    -0.6312  27.981089    -0.6292  27.980763     4.9286     5.0102    -0.0145    95.2257 1.0000e-12  -74.17528 -113.34458  26.947432      99.87 1.8546e+03    402.088       9651  1028.8918  1028.8895    34.1156    34.1129    8.19474         29 0.0000e+00
    309.000    305.573    -0.6298  27.983082    -0.6278  27.982816     4.9250     5.0113    -0.0044    95.2185 1.0000e-12  -74.17528 -113.34458  26.947446      99.86 1.8546e+03    403.292       9680  1028.8969  1028.8947    34.1161    34.1135    8.19441         29 0.0000e+00
    310.000    306.562    -0.6272  27.986237    -0.6253  27.985852     4.9274     5.0053    -0.0107    95.2194 1.0000e-12  -74.17528 -113.34458  26.947459      99.87 1.8546e+03    404.489       9709  1028.9021  1028.8999    34.1168    34.1142    8.19380         29 0.0000e+00
    311.000    307.551    -0.6263  27.987656    -0.6245  27.987263     4.9295     5.0013    -0.0025    95.2186 1.0000e-12  -74.17528 -113.34458  26.947473      99.87 1.8546e+03    405.695       9738  1028.9071  1028.9049    34.1171    34.1145    8.19359         29 0.0000e+00
    312.000    308.537    -0.6265  27.987944    -0.6246  27.987534     4.9298     5.0064    -0.0062    95.2148 1.0000e-12  -74.17528 -113.34458  26.947488      99.87 1.8546e+03    406.920       9767  1028.9119  1028.9097    34.1171    34.1145    8.19364         30 0.0000e+00
    313.000    309.526    -0.6264  27.988660    -0.6243  27.988363     4.9340     5.0097    -0.0179    95.2071 1.0000e-12  -74.17528 -113.34458  26.947502      99.87 1.8546e+03    408.153       9797  1028.9169  1028.9146    34.1173    34.1146    8.19359         29 0.0000e+00
    314.000    310.514    -0.6277  27.988376    -0.6260  27.987847     4.9335     5.0106    -0.0125    95.2238 1.0000e-12  -74.17528 -113.34458  26.947516      99.87 1.8546e+03    409.368       9826  1028.9222  1028.9200    34.1179    34.1152    8.19386         29 0.0000e+00
    315.000    311.503    -0.6288  27.987900    -0.6267  27.987855     4.9402     5.0186    -0.0121    95.2364 1.0000e-12  -74.17528 -113.34458  26.947530      99.87 1.8546e+03    410.559       9854  1028.9271  1028.9250    34.1178    34.1154    8.19410         28 0.0000e+00
    316.000    312.490    -0.6295  27.987763    -0.6280  27.987316     4.9501     5.0284    -0.0132    95.2226 1.0000e-12  -74.17528 -113.34458  26.947543      99.87 1.8546e+03    411.739       9883  1028.9319  1028.9299    34.1178    34.1155    8.19425         28 0.0000e+00
    317.000    313.479    -0.6362  27.983119    -0.6343  27.982763     4.9567     5.0240    -0.0165    95.2293 1.0000e-12  -74.17528 -113.34458  26.947557      85.76 1.8546e+03    412.934       9911  1028.9376  1028.9355    34.1184    34.1159    8.19565         30 0.0000e+00
    318.000    314.467    -0.6351  27.985105    -0.6328  27.985016     4.9493     5.0204    -0.0177    95.2259 1.0000e-12  -74.17528 -113.34458  26.947571      98.01 1.8546e+03    414.173       9941  1028.9430  1028.9407    34.1193    34.1166    8.19537         30 0.0000e+00
    319.000    315.455    -0.6269  27.993570    -0.6239  27.993895     4.9603     5.0301    -0.0188    95.2381 1.0000e-12  -74.17528 -113.34458  26.947586      99.87 1.8546e+03    415.416       9971  1028.9484  1028.9458    34.1209    34.1179    8.19351         29 0.0000e+00
    320.000    316.444    -0.6300  27.992064    -0.6284  27.991759     4.9814     5.0509    -0.0181    95.2381 1.0000e-12  -74.17528 -113.34458  26.947600      99.87 1.8546e+03    416.624      10000  1028.9541  1028.9523    34.1218    34.1196    8.19413         29 0.0000e+00
    321.000    317.431    -0.6431  27.982133    -0.6420  27.981598     4.9873     5.0623    -0.0111    95.2328 1.0000e-12  -74.17528 -113.34457  26.947614      99.87 1.8546e+03    417.816      10029  1028.9605  1028.9588    34.1225    34.1205    8.19692         29 0.0000e+00
    322.000    318.419    -0.6493  27.977936    -0.6473  27.977667     4.9881     5.0594    -0.0075    95.2429 1.0000e-12  -74.17528 -113.34456  26.947627      99.87 1.8546e+03    419.015      10057  1028.9663  1028.9641    34.1232    34.1207    8.19822         28 0.0000e+00
    323.000    319.407    -0.6430  27.984543    -0.6407  27.984269     4.9769     5.0533    -0.0168    95.2425 1.0000e-12  -74.17528 -113.34456  26.947641      99.87 1.8546e+03    420.214      10086  1028.9715  1028.9689    34.1245    34.1215    8.19680         29 0.0000e+00
    324.000    320.396    -0.6341  27.993755    -0.6322  27.993195     4.9636     5.0377    -0.0137    95.2461 1.0000e-12  -74.17528 -113.34456  26.947655      99.87 1.8546e+03    421.423      10115  1028.9769  1028.9745    34.1262    34.1233    8.19476         29 0.0000e+00
    325.000    321.384    -0.6236  28.004487    -0.6216  28.003928     4.9561     5.0408    -0.0145    95.2705 1.0000e-12  -74.17528 -113.34456  26.947670      99.87 1.8546e+03    422.647      10145  1028.9825  1028.9799    34.1282    34.1252    8.19236         30 0.0000e+00
    326.000    322.371    -0.6193  28.009201    -0.6174  28.008820     4.9586     5.0373    -0.0170    95.2514 1.0000e-12  -74.17528 -113.34456  26.947684      99.87 1.8546e+03    423.874      10174  1028.9877  1028.9854    34.1291    34.1264    8.19138         29 0.0000e+00
    327.000    323.360    -0.6184  28.010832    -0.6163  28.010559     4.9554     5.0328    -0.0150    95.2586 1.0000e-12  -74.17528 -113.34456  26.947698      83.37 1.8546e+03    425.092      10203  1028.9929  1028.9906    34.1297    34.1270    8.19116         29 0.0000e+00
    328.000    324.349    -0.6163  28.013409    -0.6144  28.013069     4.9580     5.0295    -0.0056    95.2603 1.0000e-12  -74.17528 -113.34456  26.947712      93.88 1.8546e+03    426.297      10232  1028.9980  1028.9957    34.1302    34.1276    8.19068         29 0.0000e+00
    329.000    325.335    -0.6130  28.017347    -0.6110  28.016982     4.9433     5.0312    -0.0034    95.2576 1.0000e-12  -74.17528 -113.34456  26.947726      99.38 1.8546e+03    427.494      10261  1029.0033  1029.0010    34.1312    34.1285    8.18990         29 0.0000e+00
    330.000    326.324    -0.6085  28.022466    -0.6070  28.021507     4.9382     5.0234    -0.0114    95.2585 1.0000e-12  -74.17528 -113.34456  26.947740      99.86 1.8546e+03    428.693      10290  1029.0088  1029.0063    34.1324    34.1294    8.18886         29 0.0000e+00
    331.000    327.312    -0.5977  28.034645    -0.5946  28.034978     4.9375     5.0219    -0.0180    95.2708 1.0000e-12  -74.17528 -113.34456  26.947753      99.87 1.8546e+03    429.901      10319  1029.0156  1029.0130    34.1360    34.1330    8.18631         29 0.0000e+00
    332.000    328.300    -0.5912  28.041840    -0.5893  28.041301     4.9371     5.0154    -0.0127    95.2577 1.0000e-12  -74.17528 -113.34456  26.947767      99.87 1.8546e+03    431.101      10347  1029.0213  1029.0190    34.1377    34.1350    8.18480         28 0.0000e+00
    333.000    329.288    -0.5835  28.050521    -0.5810  28.050613     4.9386     5.0157    -0.0120    95.2612 1.0000e-12  -74.17528 -113.34456  26.947781      99.86 1.8546e+03    432.296      10376  1029.0276  1029.0252    34.1402    34.1374    8.18300         29 0.0000e+00
    334.000    330.277    -0.5775  28.058111    -0.5757  28.057537     4.9369     5.0196    -0.0125    95.2736 1.0000e-12  -74.17528 -113.34456  26.947795      99.87 1.8546e+03    433.499      10405  1029.0343  1029.0319    34.1431    34.1402    8.18154         29 0.0000e+00
    335.000    331.264    -0.5746  28.062230    -0.5726  28.061732     4.9397     5.0123    -0.0155    95.2496 1.0000e-12  -74.17528 -113.34456  26.947809      99.87 1.8546e+03    434.711      10434  1029.0403  1029.0378    34.1447    34.1418    8.18082         29 0.0000e+00
    336.000    332.252    -0.5681  28.070351    -0.5660  28.069796     4.9303     5.0079    -0.0145    95.2451 1.0000e-12  -74.17528 -113.34456  26.947823      99.87 1.8546e+03    435.930      10463  1029.0470  1029.0445    34.1477    34.1446    8.17923         29 0.0000e+00
    337.000    333.240    -0.5573  28.081776    -0.5548  28.081650     4.9287     5.0100    -0.0122    95.2407 1.0000e-12  -74.17528 -113.34456  26.947837      99.87 1.8546e+03    437.149      10493  1029.0532  1029.0506    34.1503    34.1473    8.17675         29 0.0000e+00
    338.000    334.229    -0.5530  28.086811    -0.5512  28.086212     4.9290     5.0048    -0.0043    95.2422 1.0000e-12  -74.17528 -113.34456  26.947851      81.85 1.8546e+03    438.359      10522  1029.0588  1029.0564    34.1516    34.1487    8.17575         30 0.0000e+00
    339.000    335.217    -0.5518  28.088609    -0.5496  28.088325     4.9275     5.0056    -0.0178    95.2460 1.0000e-12  -74.17528 -113.34456  26.947865      93.77 1.8546e+03    439.557      10550  1029.0640  1029.0616    34.1521    34.1492    8.17547         29 0.0000e+00
    340.000    336.205    -0.5496  28.091413    -0.5474  28.091185     4.9285     5.0032    -0.0176    95.1461 1.0000e-12  -74.17528 -113.34456  26.947879      99.74 1.8546e+03    440.766      10579  1029.0692  1029.0669    34.1527    34.1500    8.17495         29 0.0000e+00
    341.000    337.192    -0.5491  28.092358    -0.5472  28.091983     4.9272     5.0017    -0.0131    95.2454 1.0000e-12  -74.17528 -113.34456  26.947893      99.87 1.8546e+03    441.987      10609  1029.0742  1029.0719    34.1529    34.1502    8.17484         28 0.0000e+00
    342.000    338.181    -0.5493  28.092596    -0.5471  28.092522     4.9279     5.0061    -0.0141    95.2542 1.0000e-12  -74.17528 -113.34456  26.947907      99.87 1.8546e+03    443.194      10638  1029.0790  1029.0768    34.1528    34.1503    8.17488         30 0.0000e+00
    343.000    339.168    -0.5481  28.094286    -0.5460  28.094006     4.9312     5.0010    -0.0163    95.2322 1.0000e-12  -74.17528 -113.34456  26.947921      99.87 1.8546e+03    444.398      10667  1029.0840  1029.0817    34.1532    34.1504    8.17461         29 0.0000e+00
    344.000    340.156    -0.5484  28.094788    -0.5459  28.094950     4.9379     5.0144    -0.0160    95.2555 1.0000e-12  -74.17528 -113.34458  26.947935      99.87 1.8546e+03    445.607      10696  1029.0892  1029.0869    34.1535    34.1509    8.17465         29 0.0000e+00
    345.000    341.145    -0.5487  28.095300    -0.5457  28.095975     4.9513     5.0195    -0.0135    95.2550 1.0000e-12  -74.17528 -113.34458  26.947949      99.87 1.8546e+03    446.817      10725  1029.0944  1029.0922    34.1540    34.1515    8.17470         29 0.0000e+00
    346.000    342.133    -0.5524  28.093107    -0.5503  28.092969     4.9608     5.0314    -0.0042    95.2426 1.0000e-12  -74.17528 -113.34458  26.947963      99.87 1.8546e+03    448.035      10754  1029.0999  1029.0978    34.1545    34.1520    8.17545         29 0.0000e+00
    347.000    343.120    -0.5512  28.095263    -0.5490  28.095041     4.9665     5.0300    -0.0163    95.2416 1.0000e-12  -74.17528 -113.34458  26.947977      99.87 1.8546e+03    449.247      10783  1029.1054  1029.1030    34.1555    34.1527    8.17514         29 0.0000e+00
    348.000    344.109    -0.5524  28.095532    -0.5483  28.097123     5.0535     5.0943    -0.0123    95.2460 1.0000e-12  -74.17528 -113.34458  26.947991      90.50 1.8530e+03    450.441      10812  1029.1112  1029.1089    34.1566    34.1542    8.17534         29 0.0000e+00
    349.000    345.097    -0.5778  28.074146    -0.5756  28.076262     5.1675     5.1973    -0.0187    95.2496 1.0000e-12  -74.17528 -113.34458  26.948005      78.65 1.8528e+03    451.646      10841  1029.1173  1029.1175    34.1558    34.1562    8.18086         29 0.0000e+00
    350.000    346.084    -0.6774  27.992541    -0.6633  28.004299     5.2136     5.2554    -0.0138    95.2444 1.0000e-12  -74.17528 -113.34458  26.948019      97.94 1.8528e+03    452.861      10870  1029.1313  1029.1302    34.1576    34.1575    8.20233         29 0.0000e+00
    351.000    347.074    -0.6948  27.978805    -0.6937  27.978378     5.2141     5.2779    -0.0203    95.2760 1.0000e-12  -74.17528 -113.34458  26.948033      99.85 1.8528e+03    454.074      10899  1029.1373  1029.1359    34.1581    34.1563    8.20608         29 0.0000e+00
    352.000    348.060    -0.6932  27.980462    -0.6923  27.979501     5.2034     5.2704    -0.0201    95.3101 1.0000e-12  -74.17528 -113.34458  26.948047      99.87 1.8528e+03    455.295      10928  1029.1413  1029.1395    34.1579    34.1556    8.20575         29 0.0000e+00
    353.000    349.048    -0.6919  27.982985    -0.6861  27.985738     5.1858     5.2666    -0.0201    95.3510 1.0000e-12  -74.17528 -113.34458  26.948061      99.87 1.8528e+03    456.505      10957  1029.1466  1029.1440    34.1592    34.1564    8.20538         29 0.0000e+00
    354.000    350.038    -0.6744  28.000379    -0.6725  28.000118     5.1663     5.2639    -0.0119    95.3872 1.0000e-12  -74.17528 -113.34458  26.948075      99.87 1.8528e+03    457.685      10985  1029.1521  1029.1501    34.1623    34.1599    8.20140         28 0.0000e+00
    355.000    351.024    -0.6677  28.008113    -0.6764  27.997956     5.1493     5.2419    -0.0155    95.3788 1.0000e-12  -74.17528 -113.34458  26.948089      99.86 1.8533e+03    458.881      11014  1029.1581  1029.1557    34.1646    34.1607    8.19983         30 0.0000e+00
    356.000    352.013    -0.6543  28.021670    -0.6575  28.016896     5.1484     5.2337    -0.0168    95.3784 1.0000e-12  -74.17528 -113.34458  26.948103      99.87 1.8542e+03    460.105      11044  1029.1637  1029.1617    34.1672    34.1644    8.19677         29 0.0000e+00
