ocean_section_plots/required_files/ctd/dnbp2202_ctd237.cnv
* Sea-Bird SBE 9 Data File:
* FileName = D:\Data\raw\NBP2202_CTD237.hex
* Software Version Seasave V 7.26.7.121
* Temperature SN = 1649
* Conductivity SN = 2513
* Number of Bytes Per Scan = 40
* Number of Voltage Words = 5
* Number of Scans Averaged by the Deck Unit = 1
* NMEA Latitude = 73 46.95 S
* NMEA Longitude = 118 29.97 W
* NMEA UTC (Time) = Feb 13 2022  22:43:28
* NMEA baud rate = 9600
** Ship: RVIB N.B. Palmer
** Cruise: NBP2202 Thwaites
** Station: 147
** Operator: A. Robinson
# nquan = 28
# nvalues = 1078                        
# units = specified
# name 0 = prDM: Pressure, Digiquartz [db]
# name 1 = depSM: Depth [salt water, m]
# name 2 = t090C: Temperature [ITS-90, deg C]
# name 3 = c0mS/cm: Conductivity [mS/cm]
# name 4 = t190C: Temperature, 2 [ITS-90, deg C]
# name 5 = c1mS/cm: Conductivity, 2 [mS/cm]
# name 6 = sbeox0ML/L: Oxygen, SBE 43 [ml/l]
# name 7 = sbeox1ML/L: Oxygen, SBE 43, 2 [ml/l]
# name 8 = flECO-AFL: Fluorescence, WET Labs ECO-AFL/FL [mg/m^3]
# name 9 = CStarTr0: Beam Transmission, WET Labs C-Star [%]
# name 10 = par: PAR/Irradiance, Biospherical/Licor
# name 11 = latitude: Latitude [deg]
# name 12 = longitude: Longitude [deg]
# name 13 = timeJ: Julian Days
# name 14 = altM: Altimeter [m]
# name 15 = spar: SPAR, Biospherical/Licor
# name 16 = timeS: Time, Elapsed [seconds]
# name 17 = scan: Scan Count
# name 18 = density00: Density [density, kg/m^3]
# name 19 = density11: Density, 2 [density, kg/m^3]
# name 20 = v3: Voltage 3
# name 21 = v4: Voltage 4
# name 22 = v5: Voltage 5
# name 23 = sal00: Salinity, Practical [PSU]
# name 24 = sal11: Salinity, Practical, 2 [PSU]
# name 25 = oxsolML/L: Oxygen Saturation, Garcia & Gordon [ml/l]
# name 26 = nbin: number of scans per bin
# name 27 = flag: flag
# span 0 =      3.000,   1080.000       
# span 1 =      2.958,   1066.073       
# span 2 =    -1.7414,     0.4993       
# span 3 =  27.022478,  29.583360       
# span 4 =    -1.7411,     0.5013       
# span 5 =  27.022377,  29.583682       
# span 6 =     4.6508,     9.0783       
# span 7 =     4.7911,     9.3552       
# span 8 =     0.0286,    13.2622       
# span 9 =    84.0291,    97.3253       
# span 10 = 1.0000e-12, 6.0254e+02      
# span 11 =  -73.78254,  -73.78252      
# span 12 = -118.49953, -118.49944      
# span 13 =  44.948482,  44.963191      
# span 14 =       6.65,     100.49      
# span 15 = 1.6192e+03, 1.7160e+03      
# span 16 =    140.805,   1411.696      
# span 17 =       3380,      33882      
# span 18 =  1027.1818,  1032.7693      
# span 19 =  1027.1896,  1032.7676      
# span 20 =     3.9867,     4.6170      
# span 21 =     0.0710,     2.2535      
# span 22 =     0.1058,     0.2039      
# span 23 =    33.8424,    34.5260      
# span 24 =    33.8507,    34.5240      
# span 25 =    7.93324,    8.44190      
# span 26 =          2,         65      
# span 27 = 0.0000e+00, 0.0000e+00      
# interval = decibars: 1                
# start_time = Feb 13 2022 22:43:28 [NMEA time, header]
# bad_flag = -9.990e-29
*END*
[from data line 984]
    987.000    974.488     0.4880  29.536295     0.4899  29.536482     4.6751     4.8218     0.0635    97.0439 1.0000e-12  -73.78252 -118.49950  44.961433     100.49 1.6296e+03   1259.796      30236  1032.3369  1032.3352     4.6037     0.0801     0.1195    34.5246    34.5227    7.93562         22 0.0000e+00
    988.000    975.473     0.4882  29.536878     0.4901  29.537057     4.6783     4.8273     0.0644    97.0748 1.0000e-12  -73.78252 -118.49950  44.961443      98.91 1.6334e+03   1260.661      30257  1032.3416  1032.3399     4.6050     0.0791     0.1216    34.5246    34.5227    7.93558         20 0.0000e+00
    989.000    976.458     0.4882  29.537289     0.4901  29.537522     4.6746     4.8285     0.0620    97.0624 1.0000e-12  -73.78252 -118.49950  44.961453      98.42 1.6366e+03   1261.510      30277  1032.3462  1032.3446     4.6045     0.0809     0.1221    34.5245    34.5227    7.93558         21 0.0000e+00
    990.000    977.444     0.4883  29.537725     0.4901  29.537962     4.6833     4.8253     0.0623    97.0478 1.0000e-12  -73.78252 -118.49948  44.961464      97.17 1.6300e+03   1262.451      30300  1032.3508  1032.3493     4.6038     0.0778     0.1192    34.5245    34.5228    7.93557         25 0.0000e+00
    991.000    978.427     0.4882  29.538198     0.4902  29.538348     4.6771     4.8259     0.0634    97.0490 1.0000e-12  -73.78252 -118.49948  44.961476      95.96 1.6325e+03   1263.554      30326  1032.3555  1032.3537     4.6039     0.0813     0.1195    34.5246    34.5226    7.93557         28 0.0000e+00
    992.000    979.412     0.4883  29.538638     0.4902  29.538905     4.6746     4.8271     0.0787    96.9721 1.0000e-12  -73.78252 -118.49949  44.961489      95.08 1.6351e+03   1264.686      30353  1032.3601  1032.3585     4.6002     0.0807     0.1225    34.5245    34.5227    7.93556         26 0.0000e+00
    993.000    980.399     0.4885  29.539235     0.4904  29.539413     4.6753     4.8228     0.1869    96.9948 1.0000e-12  -73.78252 -118.49950  44.961501      94.21 1.6307e+03   1265.693      30378  1032.3647  1032.3631     4.6013     0.0787     0.1187    34.5245    34.5227    7.93552         23 0.0000e+00
    994.000    981.383     0.4885  29.539655     0.4903  29.539827     4.6761     4.8181     0.1666    97.0552 1.0000e-12  -73.78252 -118.49950  44.961512      93.18 1.6331e+03   1266.625      30400  1032.3694  1032.3678     4.6042     0.0806     0.1206    34.5245    34.5227    7.93553         21 0.0000e+00
    995.000    982.367     0.4886  29.540234     0.4905  29.540405     4.6758     4.8219     0.0638    97.0375 1.0000e-12  -73.78252 -118.49949  44.961523      92.09 1.6341e+03   1267.551      30422  1032.3741  1032.3724     4.6033     0.0780     0.1193    34.5246    34.5227    7.93550         23 0.0000e+00
    996.000    983.354     0.4885  29.540654     0.4905  29.540869     4.6759     4.8243     0.0728    97.0155 1.0000e-12  -73.78252 -118.49948  44.961533      89.17 1.6286e+03   1268.490      30445  1032.3787  1032.3771     4.6023     0.0770     0.1211    34.5246    34.5227    7.93551         23 0.0000e+00
    997.000    984.338     0.4887  29.541088     0.4905  29.541259     4.6744     4.8246     0.0726    97.0393 1.0000e-12  -73.78252 -118.49948  44.961545      87.42 1.6326e+03   1269.462      30468  1032.3832  1032.3817     4.6034     0.0779     0.1198    34.5244    34.5227    7.93549         24 0.0000e+00
    998.000    985.322     0.4888  29.541599     0.4906  29.541804     4.6764     4.8264     0.0633    97.0530 1.0000e-12  -73.78252 -118.49947  44.961557      89.03 1.6360e+03   1270.513      30493  1032.3880  1032.3863     4.6041     0.0771     0.1240    34.5245    34.5227    7.93547         27 0.0000e+00
    999.000    986.308     0.4889  29.542250     0.4908  29.542373     4.6686     4.8263     0.0632    97.0632 1.0000e-12  -73.78252 -118.49948  44.961570      88.18 1.6287e+03   1271.628      30520  1032.3926  1032.3910     4.6045     0.0850     0.1263    34.5246    34.5227    7.93543         25 0.0000e+00
   1000.000    987.292     0.4890  29.542609     0.4908  29.542804     4.6696     4.8256     0.0725    97.0239 1.0000e-12  -73.78252 -118.49948  44.961582      87.26 1.6306e+03   1272.667      30545  1032.3971  1032.3955     4.6027     0.0828     0.1233    34.5244    34.5226    7.93542         24 0.0000e+00
   1001.000    988.278     0.4890  29.543199     0.4908  29.543355     4.6699     4.8213     0.0726    97.0472 1.0000e-12  -73.78252 -118.49947  44.961593      86.09 1.6341e+03   1273.604      30567  1032.4020  1032.4003     4.6038     0.0835     0.1210    34.5246    34.5227    7.93542         22 0.0000e+00
   1002.000    989.263     0.4891  29.543687     0.4909  29.543831     4.6758     4.8155     0.0839    97.0745 1.0000e-12  -73.78252 -118.49946  44.961603      85.21 1.6319e+03   1274.490      30589  1032.4066  1032.4050     4.6051     0.0785     0.1203    34.5246    34.5227    7.93540         21 0.0000e+00
   1003.000    990.247     0.4892  29.544204     0.4909  29.544353     4.6820     4.8194     0.1114    97.0426 1.0000e-12  -73.78252 -118.49948  44.961613      84.14 1.6330e+03   1275.393      30610  1032.4112  1032.4097     4.6036     0.0789     0.1238    34.5246    34.5228    7.93538         22 0.0000e+00
   1004.000    991.233     0.4891  29.544620     0.4911  29.544767     4.6747     4.8223     0.1277    97.0316 1.0000e-12  -73.78252 -118.49946  44.961625      83.16 1.6349e+03   1276.401      30635  1032.4159  1032.4142     4.6031     0.0810     0.1221    34.5246    34.5227    7.93538         27 0.0000e+00
   1005.000    992.217     0.4892  29.545016     0.4911  29.545241     4.6728     4.8250     0.1270    97.0440 1.0000e-12  -73.78252 -118.49947  44.961638      82.23 1.6277e+03   1277.502      30661  1032.4204  1032.4189     4.6036     0.0802     0.1205    34.5244    34.5227    7.93537         26 0.0000e+00
   1006.000    993.202     0.4896  29.545824     0.4915  29.545992     4.6754     4.8257     0.1279    97.0288 1.0000e-12  -73.78252 -118.49946  44.961650      81.51 1.6304e+03   1278.537      30686  1032.4251  1032.4235     4.6029     0.0779     0.1207    34.5246    34.5227    7.93530         23 0.0000e+00
   1007.000    994.187     0.4896  29.546329     0.4915  29.546518     4.6686     4.8263     0.0851    97.0191 1.0000e-12  -73.78252 -118.49946  44.961661      80.19 1.6369e+03   1279.480      30709  1032.4298  1032.4282     4.6025     0.0780     0.1217    34.5246    34.5228    7.93529         22 0.0000e+00
   1008.000    995.171     0.4899  29.546866     0.4916  29.547011     4.6749     4.8247     0.0730    97.0417 1.0000e-12  -73.78252 -118.49946  44.961672      79.29 1.6337e+03   1280.431      30731  1032.4344  1032.4329     4.6035     0.0812     0.1202    34.5245    34.5228    7.93524         24 0.0000e+00
   1009.000    996.158     0.4899  29.547361     0.4917  29.547574     4.6780     4.8246     0.0729    97.0036 1.0000e-12  -73.78252 -118.49948  44.961684      78.40 1.6320e+03   1281.479      30757  1032.4390  1032.4375     4.6017     0.0778     0.1228    34.5245    34.5228    7.93523         26 0.0000e+00
   1010.000    997.142     0.4900  29.547968     0.4918  29.548099     4.6695     4.8183     0.0873    97.0310 1.0000e-12  -73.78252 -118.49946  44.961697      82.68 1.6324e+03   1282.588      30783  1032.4438  1032.4421     4.6030     0.0913     0.1215    34.5247    34.5228    7.93521         26 0.0000e+00
   1011.000    998.125     0.4903  29.548682     0.4922  29.549001     4.6667     4.8181     0.0865    96.9990 1.0000e-12  -73.78252 -118.49946  44.961708      76.08 1.6253e+03   1283.603      30807  1032.4484  1032.4468     4.6015     0.0785     0.1249    34.5247    34.5229    7.93515         23 0.0000e+00
   1012.000    999.112     0.4905  29.549296     0.4924  29.549541     4.6726     4.8243     0.0749    97.0051 1.0000e-12  -73.78252 -118.49946  44.961719      75.29 1.6288e+03   1284.523      30830  1032.4531  1032.4515     4.6018     0.0749     0.1216    34.5247    34.5229    7.93511         22 0.0000e+00
   1013.000   1000.096     0.4905  29.549721     0.4923  29.549868     4.6740     4.8228     0.0666    97.0213 1.0000e-12  -73.78252 -118.49946  44.961729      74.12 1.6381e+03   1285.427      30851  1032.4577  1032.4561     4.6026     0.0757     0.1209    34.5247    34.5229    7.93511         22 0.0000e+00
   1014.000   1001.081     0.4906  29.550276     0.4926  29.550560     4.6719     4.8262     0.0686    96.9869 1.0000e-12  -73.78252 -118.49946  44.961741      73.08 1.6328e+03   1286.434      30875  1032.4624  1032.4607     4.6009     0.0739     0.1224    34.5247    34.5229    7.93507         26 0.0000e+00
   1015.000   1002.067     0.4907  29.550787     0.4927  29.550977     4.6757     4.8235     0.1392    97.0232 1.0000e-12  -73.78252 -118.49946  44.961755      72.07 1.6277e+03   1287.634      30904  1032.4670  1032.4653     4.6027     0.0738     0.1206    34.5248    34.5228    7.93506         30 0.0000e+00
   1016.000   1003.051     0.4912  29.551773     0.4930  29.551811     4.6683     4.8243     0.1188    97.0335 1.0000e-12  -73.78252 -118.49946  44.961768      71.22 1.6286e+03   1288.771      30931  1032.4717  1032.4700     4.6031     0.0744     0.1234    34.5248    34.5229    7.93494         25 0.0000e+00
   1017.000   1004.037     0.4914  29.552355     0.4934  29.552624     4.6779     4.8232     0.0746    97.0516 1.0000e-12  -73.78252 -118.49946  44.961779      70.14 1.6233e+03   1289.715      30954  1032.4764  1032.4747     4.6040     0.0710     0.1183    34.5249    34.5230    7.93491         21 0.0000e+00
   1018.000   1005.021     0.4910  29.552421     0.4929  29.552592     4.6790     4.8225     0.0739    97.0332 1.0000e-12  -73.78252 -118.49946  44.961789      69.36 1.6290e+03   1290.581      30975  1032.4810  1032.4794     4.6031     0.0760     0.1219    34.5248    34.5229    7.93499         21 0.0000e+00
   1019.000   1006.005     0.4909  29.552714     0.4928  29.552891     4.6731     4.8224     0.0977    97.0541 1.0000e-12  -73.78252 -118.49946  44.961799      68.22 1.6373e+03   1291.473      30996  1032.4856  1032.4840     4.6041     0.0776     0.1220    34.5248    34.5229    7.93502         22 0.0000e+00
   1020.000   1006.991     0.4910  29.553288     0.4930  29.553551     4.6720     4.8150     0.0892    97.0762 1.0000e-12  -73.78252 -118.49946  44.961812      67.33 1.6315e+03   1292.549      31022  1032.4903  1032.4887     4.6051     0.0757     0.1189    34.5248    34.5229    7.93499         29 0.0000e+00
   1021.000   1007.975     0.4916  29.554309     0.4935  29.554449     4.6650     4.8196     0.0893    97.0328 1.0000e-12  -73.78252 -118.49946  44.961826      65.96 1.6280e+03   1293.773      31052  1032.4950  1032.4933     4.6031     0.0737     0.1197    34.5250    34.5230    7.93487         28 0.0000e+00
   1022.000   1008.961     0.4922  29.555281     0.4942  29.555616     4.6703     4.8231     0.0934    97.0125 1.0000e-12  -73.78252 -118.49946  44.961838      65.35 1.6300e+03   1294.821      31077  1032.4996  1032.4980     4.6022     0.0744     0.1201    34.5249    34.5232    7.93473         23 0.0000e+00
   1023.000   1009.945     0.4929  29.556418     0.4948  29.556622     4.6745     4.8229     0.0539    97.0731 1.0000e-12  -73.78252 -118.49946  44.961849      64.42 1.6213e+03   1295.710      31098  1032.5043  1032.5027     4.6050     0.0744     0.1197    34.5251    34.5233    7.93459         20 0.0000e+00
   1024.000   1010.929     0.4926  29.556462     0.4944  29.556615     4.6737     4.8226     0.0618    97.0860 1.0000e-12  -73.78252 -118.49946  44.961858      63.38 1.6253e+03   1296.552      31118  1032.5088  1032.5073     4.6056     0.0808     0.1271    34.5249    34.5231    7.93465         21 0.0000e+00
   1025.000   1011.915     0.4926  29.557026     0.4947  29.557328     4.6753     4.8246     0.0633    97.0224 1.0000e-12  -73.78252 -118.49946  44.961869      62.26 1.6360e+03   1297.466      31140  1032.5136  1032.5119     4.6027     0.0747     0.1223    34.5251    34.5232    7.93464         24 0.0000e+00
   1026.000   1012.900     0.4944  29.559107     0.4960  29.558951     4.6711     4.8244     0.0890    97.0636 1.0000e-12  -73.78252 -118.49945  44.961881      61.27 1.6332e+03   1298.536      31166  1032.5182  1032.5165     4.6045     0.0732     0.1209    34.5252    34.5233    7.93427         28 0.0000e+00
   1027.000   1013.884     0.4954  29.560521     0.4973  29.560590     4.6732     4.8180     0.0886    97.0639 1.0000e-12  -73.78252 -118.49945  44.961895      60.17 1.6299e+03   1299.729      31195  1032.5229  1032.5212     4.6046     0.0742     0.1194    34.5254    34.5235    7.93405         27 0.0000e+00
   1028.000   1014.869     0.4963  29.561807     0.4981  29.561971     4.6690     4.8108     0.1611    97.0765 1.0000e-12  -73.78252 -118.49945  44.961907      59.15 1.6315e+03   1300.803      31220  1032.5276  1032.5260     4.6052     0.0732     0.1265    34.5256    34.5238    7.93387         24 0.0000e+00
   1029.000   1015.853     0.4973  29.563190     0.4991  29.563307     4.6747     4.8162     0.1594    97.0918 1.0000e-12  -73.78252 -118.49945  44.961918      58.22 1.6227e+03   1301.735      31243  1032.5322  1032.5306     4.6058     0.0714     0.1176    34.5257    34.5238    7.93366         22 0.0000e+00
   1030.000   1016.839     0.4980  29.564524     0.4999  29.564532     4.6736     4.8201     0.0985    97.0797 1.0000e-12  -73.78252 -118.49945  44.961929      57.33 1.6255e+03   1302.623      31264  1032.5370  1032.5352     4.6052     0.0748     0.1210    34.5260    34.5240    7.93348         21 0.0000e+00
   1031.000   1017.824     0.4983  29.564949     0.5000  29.565080     4.6740     4.8216     0.0578    96.8769 1.0000e-12  -73.78252 -118.49945  44.961939      56.17 1.6349e+03   1303.530      31286  1032.5414  1032.5399     4.5958     0.0748     0.1284    34.5257    34.5240    7.93345         23 0.0000e+00
   1032.000   1018.808     0.4982  29.565331     0.4999  29.565263     4.6696     4.8199     0.0636    97.0764 1.0000e-12  -73.78252 -118.49944  44.961951      55.01 1.6291e+03   1304.589      31311  1032.5461  1032.5445     4.6052     0.0744     0.1207    34.5258    34.5239    7.93346         28 0.0000e+00
   1033.000   1019.792     0.4980  29.565534     0.4999  29.565826     4.6541     4.8179     0.0711    97.0850 1.0000e-12  -73.78252 -118.49944  44.961965      54.14 1.6278e+03   1305.768      31339  1032.5508  1032.5492     4.6056     0.0748     0.1200    34.5257    34.5239    7.93351         27 0.0000e+00
   1034.000   1020.778     0.4981  29.566075     0.4998  29.566104     4.6943     4.8127     0.1037    97.0100 1.0000e-12  -73.78252 -118.49944  44.961977      53.35 1.6317e+03   1306.819      31365  1032.5555  1032.5539     4.6020     0.0959     0.1226    34.5258    34.5239    7.93349         23 0.0000e+00
   1035.000   1021.762     0.4982  29.566622     0.5001  29.566869     4.6963     4.8163     0.0544    96.8830 1.0000e-12  -73.78252 -118.49944  44.961988      52.33 1.6232e+03   1307.759      31387  1032.5601  1032.5585     4.5960     0.0755     0.1219    34.5258    34.5240    7.93346         22 0.0000e+00
   1036.000   1022.748     0.4983  29.567055     0.5002  29.567380     4.6562     4.8178     0.0620    97.0452 1.0000e-12  -73.78252 -118.49944  44.961998      51.32 1.6233e+03   1308.671      31409  1032.5647  1032.5631     4.6037     0.0722     0.1211    34.5257    34.5240    7.93345         23 0.0000e+00
   1037.000   1023.733     0.4983  29.567551     0.5002  29.567736     4.6763     4.8166     0.0896    97.0296 1.0000e-12  -73.78252 -118.49944  44.962010      50.22 1.6305e+03   1309.671      31433  1032.5694  1032.5678     4.6030     0.0734     0.1205    34.5257    34.5239    7.93344         26 0.0000e+00
