ocean_section_plots/required_files/ctd/dnbp2202_ctd059.cnv
* Sea-Bird SBE 9 Data File:
* FileName = D:\Data\raw\NBP2202_CTD059.hex
* Software Version Seasave V 7.26.7.121
* Temperature SN = 1649
* Conductivity SN = 2513
* Number of Bytes Per Scan = 40
* Number of Voltage Words = 5
* Number of Scans Averaged by the Deck Unit = 1
* NMEA Latitude = 74 07.53 S
* NMEA Longitude = 111 43.37 W
* NMEA UTC (Time) = Jan 25 2022  08:59:56
* NMEA baud rate = 9600
** Ship: RVIB N.B. Palmer
** Cruise: NBP2202 Thwaites
** Station: 40
** Operator: B.Bjork
# nquan = 25
# nvalues = 285                         
# units = specified
# name 0 = prDM: Pressure, Digiquartz [db]
# name 1 = depSM: Depth [salt water, m]
# name 2 = t090C: Temperature [ITS-90, deg C]
# name 3 = c0mS/cm: Conductivity [mS/cm]
# name 4 = t190C: Temperature, 2 [ITS-90, deg C]
# name 5 = c1mS/cm: Conductivity, 2 [mS/cm]
# name 6 = sbeox0ML/L: Oxygen, SBE 43 [ml/l]
# name 7 = sbeox1ML/L: Oxygen, SBE 43, 2 [ml/l]
# name 8 = flECO-AFL: Fluorescence, WET Labs ECO-AFL/FL [mg/m^3]
# name 9 = CStarTr0: Beam Transmission, WET Labs C-Star [%]
# name 10 = par: PAR/Irradiance, Biospherical/Licor
# name 11 = latitude: Latitude [deg]
# name 12 = longitude: Longitude [deg]
# name 13 = timeJ: Julian Days
# name 14 = altM: Altimeter [m]
# name 15 = spar: SPAR, Biospherical/Licor
# name 16 = timeS: Time, Elapsed [seconds]
# name 17 = scan: Scan Count
# name 18 = density00: Density [density, kg/m^3]
# name 19 = density11: Density, 2 [density, kg/m^3]
# name 20 = sal00: Salinity, Practical [PSU]
# name 21 = sal11: Salinity, Practical, 2 [PSU]
# name 22 = oxsolML/L: Oxygen Saturation, Garcia & Gordon [ml/l]
# name 23 = nbin: number of scans per bin
# name 24 = flag: flag
# span 0 =      2.000,    286.000       
# span 1 =      1.979,    282.849       
# span 2 =    -1.6734,    -1.1828       
# span 3 =  26.911170,  27.275086       
# span 4 =    -1.6731,    -1.1844       
# span 5 =  26.910937,  27.274768       
# span 6 =     6.1925,     7.8054       
# span 7 =     6.4830,     8.1742       
# span 8 =     0.0360,    19.5427       
# span 9 =    75.4384,    96.7604       
# span 10 = -1.079e-06, 1.0045e+01      
# span 11 =  -74.12550,  -74.12550      
# span 12 = -111.72290, -111.72286      
# span 13 =  25.377552,  25.383218      
# span 14 =     -27.75,     101.76      
# span 15 = 3.6964e+01, 4.3112e+01      
# span 16 =    224.520,    714.032      
# span 17 =       5389,      17138      
# span 18 =  1027.2054,  1028.7687      
# span 19 =  1027.2071,  1028.7672      
# span 20 =    33.8105,    34.0484      
# span 21 =    33.8120,    34.0467      
# span 22 =    8.33364,    8.43675      
# span 23 =         18,         48      
# span 24 = 0.0000e+00, 0.0000e+00      
# interval = decibars: 1                
# start_time = Jan 25 2022 08:59:56 [NMEA time, header]
# bad_flag = -9.990e-29
*END*
      2.000      1.979    -1.1877  27.155738    -1.1900  27.155125     7.7911     7.3844    15.2480    75.9971 1.0045e+01  -74.12550 -111.72288  25.377552     -27.75 3.7021e+01    224.520       5389  1027.2054  1027.2071    33.8105    33.8123    8.33484         18 0.0000e+00
      3.000      2.970    -1.1890  27.155832    -1.1903  27.155526     7.7872     7.4082    16.5403    76.1471 7.4141e+00  -74.12550 -111.72288  25.377721     101.76 3.7021e+01    239.069       5739  1027.2112  1027.2120    33.8115    33.8125    8.33509         37 0.0000e+00
      4.000      3.958    -1.1894  27.156003    -1.1907  27.155601     7.7892     7.4666    16.5776    75.9847 5.3697e+00  -74.12550 -111.72288  25.377744      99.90 3.7021e+01    241.103       5787  1027.2160  1027.2169    33.8116    33.8125    8.33516         42 0.0000e+00
      5.000      4.951    -1.1907  27.155390    -1.1917  27.155277     7.7871     7.5577    15.9889    76.7455 3.8885e+00  -74.12550 -111.72288  25.377773      99.84 3.7021e+01    243.583       5847  1027.2209  1027.2217    33.8115    33.8125    8.33545         45 0.0000e+00
      6.000      5.938    -1.1910  27.155543    -1.1917  27.155742     7.7799     7.6637    17.1570    76.4729 2.8375e+00  -74.12550 -111.72288  25.377802      87.56 3.7021e+01    246.064       5907  1027.2257  1027.2265    33.8115    33.8125    8.33553         39 0.0000e+00
      7.000      6.928    -1.1909  27.156015    -1.1920  27.155786     7.7792     7.7762    16.6613    76.3348 1.9811e+00  -74.12550 -111.72288  25.377829      82.86 3.7021e+01    248.461       5964  1027.2304  1027.2312    33.8113    33.8124    8.33550         39 0.0000e+00
      8.000      7.917    -1.1908  27.156684    -1.1918  27.156337     7.7915     7.8509    15.8002    75.8315 1.4310e+00  -74.12550 -111.72288  25.377855      99.13 3.7021e+01    250.713       6018  1027.2353  1027.2359    33.8115    33.8123    8.33547         44 0.0000e+00
      9.000      8.906    -1.1908  27.156922    -1.1922  27.156393     7.8028     7.9343    17.0689    75.4384 1.0704e+00  -74.12550 -111.72288  25.377882      99.74 3.7021e+01    253.006       6073  1027.2399  1027.2406    33.8112    33.8121    8.33549         41 0.0000e+00
     10.000      9.896    -1.1915  27.156743    -1.1925  27.156583     7.8031     7.9871    19.5427    76.0865 8.1455e-01  -74.12550 -111.72289  25.377909      99.78 3.7021e+01    255.309       6128  1027.2447  1027.2454    33.8112    33.8122    8.33566         41 0.0000e+00
     11.000     10.884    -1.1874  27.161034    -1.1885  27.160764     7.8054     8.0358    15.9853    76.7147 6.3989e-01  -74.12550 -111.72289  25.377934      99.88 3.7021e+01    257.504       6181  1027.2498  1027.2504    33.8119    33.8126    8.33471         34 0.0000e+00
     12.000     11.876    -1.1885  27.160492    -1.1893  27.160543     7.7952     8.0740    17.4212    76.1690 4.9865e-01  -74.12550 -111.72290  25.377960      99.91 3.7021e+01    259.767       6235  1027.2545  1027.2553    33.8117    33.8126    8.33496         46 0.0000e+00
     13.000     12.864    -1.1874  27.162094    -1.1881  27.162135     7.7841     8.1125    17.2828    75.8898 3.8690e-01  -74.12550 -111.72290  25.377986      99.18 3.7021e+01    262.007       6289  1027.2596  1027.2603    33.8120    33.8129    8.33469         46 0.0000e+00
     14.000     13.855    -1.1871  27.162892    -1.1879  27.162798     7.7543     8.0928    17.5622    76.0283 2.9682e-01  -74.12550 -111.72290  25.378012      99.85 3.7021e+01    264.196       6342  1027.2645  1027.2651    33.8121    33.8130    8.33462         37 0.0000e+00
     15.000     14.844    -1.1907  27.160424    -1.1935  27.158769     7.7181     8.0671    16.8522    76.0086 2.2719e-01  -74.12550 -111.72290  25.378037      99.79 3.7021e+01    266.399       6395  1027.2695  1027.2704    33.8122    33.8131    8.33541         48 0.0000e+00
     16.000     15.833    -1.1911  27.160891    -1.1920  27.160655     7.7915     8.1545    17.0728    76.5344 1.7043e-01  -74.12550 -111.72290  25.378063      99.78 3.7021e+01    268.615       6448  1027.2747  1027.2753    33.8127    33.8134    8.33548         39 0.0000e+00
     17.000     16.825    -1.1828  27.168075    -1.1844  27.167218     7.7776     8.1316    16.4104    76.4323 1.2651e-01  -74.12550 -111.72290  25.378088      99.76 3.7021e+01    270.791       6500  1027.2790  1027.2795    33.8126    33.8131    8.33364         40 0.0000e+00
     18.000     17.813    -1.1872  27.164883    -1.1893  27.163768     7.7081     8.0782    16.3502    75.7118 9.2262e-02  -74.12550 -111.72290  25.378109      99.80 3.7206e+01    272.640       6544  1027.2840  1027.2848    33.8125    33.8133    8.33463         38 0.0000e+00
     19.000     18.803    -1.1941  27.159478    -1.1944  27.160030     7.6766     8.0562    16.4853    76.9661 6.5196e-02  -74.12550 -111.72290  25.378128      99.73 3.7709e+01    274.292       6584  1027.2891  1027.2899    33.8122    33.8133    8.33617         41 0.0000e+00
     20.000     19.792    -1.1961  27.158523    -1.1966  27.158622     7.6722     8.0590    14.7957    76.9641 4.3023e-02  -74.12550 -111.72290  25.378148      99.70 3.8103e+01    275.950       6624  1027.2942  1027.2947    33.8126    33.8132    8.33661         39 0.0000e+00
     21.000     20.782    -1.1966  27.158527    -1.1963  27.159311     7.6691     8.0664    14.3542    77.6877 2.5063e-02  -74.12550 -111.72290  25.378167      99.51 3.7501e+01    277.617       6664  1027.2989  1027.2995    33.8125    33.8132    8.33671         40 0.0000e+00
     22.000     21.771    -1.1964  27.159261    -1.1962  27.159869     7.6806     8.0640    14.4570    77.0973 9.7870e-03  -74.12550 -111.72289  25.378186      99.49 3.7751e+01    279.286       6704  1027.3038  1027.3043    33.8127    33.8133    8.33666         41 0.0000e+00
     23.000     22.761    -1.1954  27.160482    -1.1971  27.159571     7.6905     8.0625    14.4764    77.4057 4.4163e-04  -74.12550 -111.72289  25.378206      99.62 3.8355e+01    280.976       6744  1027.3085  1027.3091    33.8126    33.8133    8.33644         38 0.0000e+00
     24.000     23.750    -1.1950  27.161305    -1.1964  27.160591     7.6771     8.0629    13.8013    76.6050 -1.079e-06  -74.12550 -111.72289  25.378225      99.47 3.7807e+01    282.610       6784  1027.3132  1027.3138    33.8126    33.8132    8.33634         38 0.0000e+00
     25.000     24.740    -1.1965  27.160424    -1.1992  27.158774     7.7128     8.1120    14.4436    77.2421 1.0000e-12  -74.12550 -111.72289  25.378244      99.48 3.7387e+01    284.247       6823  1027.3181  1027.3188    33.8125    33.8132    8.33670         38 0.0000e+00
     26.000     25.729    -1.1940  27.163052    -1.1939  27.163284     7.7885     8.1705    14.1221    77.6992 1.0000e-12  -74.12550 -111.72289  25.378263      99.52 3.8052e+01    285.952       6864  1027.3228  1027.3229    33.8127    33.8128    8.33613         37 0.0000e+00
     27.000     26.719    -1.1891  27.166983    -1.1910  27.165756     7.7841     8.1742    14.8322    76.6621 1.0000e-12  -74.12550 -111.72289  25.378283      97.50 3.7607e+01    287.650       6905  1027.3267  1027.3271    33.8118    33.8123    8.33507         42 0.0000e+00
     28.000     27.710    -1.1909  27.165991    -1.1917  27.165789     7.7235     8.1353    14.8130    76.9048 1.0000e-12  -74.12550 -111.72289  25.378303      99.72 3.7558e+01    289.388       6946  1027.3318  1027.3322    33.8120    33.8125    8.33549         36 0.0000e+00
     29.000     28.697    -1.1934  27.164802    -1.1933  27.165129     7.6833     8.1012    14.5260    77.0654 1.0000e-12  -74.12550 -111.72290  25.378323      99.71 3.8221e+01    291.100       6987  1027.3371  1027.3373    33.8125    33.8128    8.33600         37 0.0000e+00
     30.000     29.687    -1.1949  27.164158    -1.1954  27.164057     7.6767     8.0818    14.3442    76.0549 1.0000e-12  -74.12550 -111.72290  25.378344      99.69 3.7607e+01    292.921       7031  1027.3422  1027.3425    33.8127    33.8131    8.33633         46 0.0000e+00
     31.000     30.677    -1.1958  27.163847    -1.1967  27.163361     7.6782     8.0825    13.7897    76.0385 1.0000e-12  -74.12550 -111.72290  25.378367      99.51 3.7398e+01    294.931       7079  1027.3470  1027.3473    33.8126    33.8130    8.33653         42 0.0000e+00
     32.000     31.667    -1.1959  27.164156    -1.1963  27.164072     7.6859     8.0983    13.5482    76.4215 1.0000e-12  -74.12550 -111.72290  25.378391      99.45 3.8083e+01    296.957       7128  1027.3518  1027.3520    33.8126    33.8129    8.33656         40 0.0000e+00
     33.000     32.657    -1.1958  27.164677    -1.1968  27.163885     7.6967     8.1088    14.3590    76.6190 1.0000e-12  -74.12550 -111.72290  25.378414      99.72 3.7577e+01    299.004       7177  1027.3564  1027.3565    33.8125    33.8125    8.33653         38 0.0000e+00
     34.000     33.645    -1.1963  27.164551    -1.1982  27.162993     7.6954     8.1038    14.0345    77.7672 1.0000e-12  -74.12550 -111.72290  25.378438      96.42 3.7566e+01    301.084       7227  1027.3611  1027.3612    33.8123    33.8123    8.33666         42 0.0000e+00
     35.000     34.635    -1.1976  27.163764    -1.1981  27.163429     7.7147     8.1149    14.1404    78.8684 1.0000e-12  -74.12550 -111.72290  25.378462      99.61 3.8064e+01    303.106       7276  1027.3658  1027.3659    33.8121    33.8122    8.33697         41 0.0000e+00
     36.000     35.624    -1.1956  27.165776    -1.1966  27.165100     7.7366     8.1267    14.0632    78.1274 1.0000e-12  -74.12550 -111.72290  25.378485      99.70 3.7457e+01    305.111       7324  1027.3704  1027.3706    33.8120    33.8121    8.33653         42 0.0000e+00
     37.000     36.614    -1.1956  27.166182    -1.1965  27.165548     7.7147     8.1158    14.4868    76.7370 1.0000e-12  -74.12550 -111.72290  25.378508      99.55 3.7912e+01    307.120       7372  1027.3751  1027.3753    33.8119    33.8120    8.33653         45 0.0000e+00
     38.000     37.603    -1.1946  27.167600    -1.1951  27.167454     7.7119     8.1124    14.4833    78.0208 1.0000e-12  -74.12550 -111.72290  25.378532      99.66 3.8157e+01    309.127       7420  1027.3801  1027.3803    33.8121    33.8124    8.33630         40 0.0000e+00
     39.000     38.593    -1.1940  27.168642    -1.1946  27.168236     7.6896     8.0944    14.0162    77.0995 1.0000e-12  -74.12550 -111.72290  25.378554      99.47 3.8036e+01    311.098       7467  1027.3849  1027.3851    33.8122    33.8123    8.33616         40 0.0000e+00
     40.000     39.581    -1.1961  27.167430    -1.1965  27.167290     7.6737     8.0803    14.5548    77.6077 1.0000e-12  -74.12550 -111.72289  25.378578      99.76 3.7764e+01    313.110       7516  1027.3899  1027.3901    33.8123    33.8125    8.33662         45 0.0000e+00
     41.000     40.572    -1.1959  27.168037    -1.1962  27.167976     7.6915     8.0910    14.5017    78.0526 1.0000e-12  -74.12550 -111.72288  25.378601      99.56 3.7643e+01    315.135       7564  1027.3947  1027.3949    33.8123    33.8125    8.33658         37 0.0000e+00
     42.000     41.561    -1.1961  27.168359    -1.1963  27.168461     7.7003     8.1034    14.3056    77.6708 1.0000e-12  -74.12550 -111.72288  25.378624      99.74 3.8634e+01    317.120       7612  1027.3996  1027.3998    33.8123    33.8126    8.33662         44 0.0000e+00
     43.000     42.551    -1.1953  27.169488    -1.1952  27.169734     7.7226     8.1243    13.5734    77.1205 1.0000e-12  -74.12550 -111.72288  25.378647      99.66 3.7938e+01    319.110       7660  1027.4044  1027.4045    33.8124    33.8126    8.33644         39 0.0000e+00
     44.000     43.540    -1.1931  27.171850    -1.1932  27.171871     7.7353     8.1400    14.1237    77.4463 1.0000e-12  -74.12550 -111.72288  25.378670      99.59 3.7387e+01    321.056       7706  1027.4091  1027.4092    33.8125    33.8126    8.33594         36 0.0000e+00
     45.000     44.529    -1.1920  27.173229    -1.1916  27.173624     7.7184     8.1338    15.2879    77.6919 1.0000e-12  -74.12550 -111.72288  25.378692      99.64 3.8582e+01    323.010       7753  1027.4138  1027.4138    33.8124    33.8125    8.33569         39 0.0000e+00
     46.000     45.518    -1.1927  27.173211    -1.1921  27.173690     7.7163     8.1313    16.2899    77.3389 1.0000e-12  -74.12550 -111.72288  25.378716      99.66 3.7763e+01    325.027       7802  1027.4188  1027.4188    33.8125    33.8126    8.33583         34 0.0000e+00
     47.000     46.509    -1.1937  27.172781    -1.1938  27.172668     7.7157     8.1211    14.8534    76.8573 1.0000e-12  -74.12550 -111.72288  25.378739      97.94 3.7498e+01    327.065       7851  1027.4236  1027.4236    33.8125    33.8125    8.33606         37 0.0000e+00
     48.000     47.498    -1.1931  27.173739    -1.1933  27.173636     7.7171     8.1220    14.4315    77.3647 1.0000e-12  -74.12550 -111.72288  25.378762      99.68 3.8401e+01    329.069       7899  1027.4284  1027.4285    33.8125    33.8126    8.33594         43 0.0000e+00
     49.000     48.485    -1.1927  27.174579    -1.1930  27.174308     7.7240     8.1199    14.4767    77.1764 1.0000e-12  -74.12550 -111.72288  25.378785      99.83 3.7767e+01    331.065       7947  1027.4332  1027.4333    33.8126    33.8126    8.33583         35 0.0000e+00
     50.000     49.476    -1.1925  27.175231    -1.1930  27.174787     7.7068     8.0974    14.8163    76.6829 1.0000e-12  -74.12550 -111.72288  25.378809      99.64 3.7365e+01    333.093       7995  1027.4381  1027.4381    33.8127    33.8126    8.33580         35 0.0000e+00
     51.000     50.466    -1.1947  27.173979    -1.1959  27.172827     7.6790     8.0764    14.8535    76.4229 1.0000e-12  -74.12550 -111.72288  25.378832      99.83 3.8340e+01    335.055       8042  1027.4431  1027.4430    33.8128    33.8126    8.33627         47 0.0000e+00
     52.000     51.455    -1.1979  27.171584    -1.1989  27.170745     7.6678     8.0680    14.7289    76.7486 1.0000e-12  -74.12550 -111.72288  25.378854      99.85 3.7748e+01    337.012       8089  1027.4479  1027.4479    33.8125    33.8125    8.33701         37 0.0000e+00
     53.000     52.445    -1.1972  27.172678    -1.1968  27.173025     7.6437     8.0504    13.6394    77.6907 1.0000e-12  -74.12550 -111.72288  25.378877      99.70 3.7553e+01    339.015       8137  1027.4527  1027.4526    33.8126    33.8126    8.33685         40 0.0000e+00
     54.000     53.434    -1.2003  27.170705    -1.2009  27.170147     7.6246     8.0401    14.2664    77.5793 1.0000e-12  -74.12550 -111.72288  25.378900      99.73 3.7965e+01    340.953       8184  1027.4578  1027.4578    33.8128    33.8127    8.33753         41 0.0000e+00
     55.000     54.422    -1.2013  27.170457    -1.2003  27.171024     7.6488     8.0476    13.2645    77.8727 1.0000e-12  -74.12550 -111.72288  25.378922      99.55 3.7482e+01    342.894       8230  1027.4627  1027.4624    33.8129    33.8126    8.33773         37 0.0000e+00
     56.000     55.413    -1.1998  27.171850    -1.2000  27.171538     7.6422     8.0349    13.8913    77.3236 1.0000e-12  -74.12550 -111.72288  25.378945      99.65 3.7389e+01    344.815       8277  1027.4671  1027.4671    33.8125    33.8124    8.33742         43 0.0000e+00
     57.000     56.403    -1.2009  27.171454    -1.2012  27.171165     7.6243     8.0238    13.7747    77.0533 1.0000e-12  -74.12550 -111.72288  25.378967      99.64 3.7585e+01    346.781       8324  1027.4721  1027.4720    33.8126    33.8125    8.33767         38 0.0000e+00
     58.000     57.391    -1.2020  27.171063    -1.2023  27.170615     7.6446     8.0356    13.6766    76.9895 1.0000e-12  -74.12550 -111.72289  25.378990      99.56 3.7944e+01    348.776       8372  1027.4770  1027.4767    33.8127    33.8124    8.33792         44 0.0000e+00
