ocean_section_plots/required_files/ctd/dnbp2202_ctd285.cnv
* Sea-Bird SBE 9 Data File:
* FileName = D:\Data\raw\NBP2202_CTD285.hex
* Software Version Seasave V 7.26.7.121
* Temperature SN = 1649
* Conductivity SN = 2513
* Number of Bytes Per Scan = 40
* Number of Voltage Words = 5
* Number of Scans Averaged by the Deck Unit = 1
* NMEA Latitude = 74 08.43 S
* NMEA Longitude = 115 15.95 W
* NMEA UTC (Time) = Feb 22 2022  11:45:23
* NMEA baud rate = 9600
** Ship: RVIB N.B. Palmer
** Cruise: NBP2202 Thwaites
** Station: 187
** Operator: B. Bjork
# nquan = 28
# nvalues = 842                         
# units = specified
# name 0 = prDM: Pressure, Digiquartz [db]
# name 1 = depSM: Depth [salt water, m]
# name 2 = t090C: Temperature [ITS-90, deg C]
# name 3 = c0mS/cm: Conductivity [mS/cm]
# name 4 = t190C: Temperature, 2 [ITS-90, deg C]
# name 5 = c1mS/cm: Conductivity, 2 [mS/cm]
# name 6 = sbeox0ML/L: Oxygen, SBE 43 [ml/l]
# name 7 = sbeox1ML/L: Oxygen, SBE 43, 2 [ml/l]
# name 8 = flECO-AFL: Fluorescence, WET Labs ECO-AFL/FL [mg/m^3]
# name 9 = CStarTr0: Beam Transmission, WET Labs C-Star [%]
# name 10 = par: PAR/Irradiance, Biospherical/Licor
# name 11 = latitude: Latitude [deg]
# name 12 = longitude: Longitude [deg]
# name 13 = timeJ: Julian Days
# name 14 = altM: Altimeter [m]
# name 15 = spar: SPAR, Biospherical/Licor
# name 16 = timeS: Time, Elapsed [seconds]
# name 17 = scan: Scan Count
# name 18 = density00: Density [density, kg/m^3]
# name 19 = density11: Density, 2 [density, kg/m^3]
# name 20 = v3: Voltage 3
# name 21 = v4: Voltage 4
# name 22 = v5: Voltage 5
# name 23 = sal00: Salinity, Practical [PSU]
# name 24 = sal11: Salinity, Practical, 2 [PSU]
# name 25 = oxsolML/L: Oxygen Saturation, Garcia & Gordon [ml/l]
# name 26 = nbin: number of scans per bin
# name 27 = flag: flag
# span 0 =      2.000,    843.000       
# span 1 =      1.983,    832.584       
# span 2 =    -1.8289,     0.5035       
# span 3 =  26.965446,  29.508461       
# span 4 =    -1.8282,     0.5062       
# span 5 =  26.965780,  29.509010       
# span 6 =     4.5352,     9.0639       
# span 7 =     4.6363,     9.3692       
# span 8 =     0.1980,     8.6482       
# span 9 =    87.4263,    97.8962       
# span 10 = -4.886e-05, 1.5397e+01      
# span 11 =  -74.14058,  -74.14056      
# span 12 = -115.26587, -115.26580      
# span 13 =  53.492742,  53.504794      
# span 14 =       2.57,      99.95      
# span 15 = 4.0538e+01, 5.6195e+01      
# span 16 =    249.945,   1291.226      
# span 17 =       6000,      30990      
# span 18 =  1027.1753,  1031.6870      
# span 19 =  1027.1775,  1031.6851      
# span 20 =     4.1476,     4.6440      
# span 21 =     0.1038,     2.0457      
# span 22 =     0.1086,     0.2256      
# span 23 =    33.8071,    34.5529      
# span 24 =    33.8088,    34.5506      
# span 25 =    7.93087,    8.46263      
# span 26 =         15,         46      
# span 27 = 0.0000e+00, 0.0000e+00      
# interval = decibars: 1                
# start_time = Feb 22 2022 11:45:23 [NMEA time, header]
# bad_flag = -9.990e-29
*END*
[from data line 208]
    210.000    207.722    -1.4697  27.147125    -1.4693  27.147661     6.7406     6.9283     2.5137    94.1238 1.0000e-12  -74.14058 -115.26582  53.495840      99.84 5.1714e+01    517.541      12422  1028.3596  1028.3598     4.4652     0.4877     0.1478    33.9885    33.9887    8.38750         24 0.0000e+00
    211.000    208.709    -1.4724  27.145756    -1.4721  27.146205     6.7345     6.9217     2.4872    92.7113 1.0000e-12  -74.14057 -115.26582  53.495851      99.85 5.1003e+01    518.555      12446  1028.3649  1028.3651     4.3981     0.4537     0.1390    33.9890    33.9893    8.38807         25 0.0000e+00
    212.000    209.699    -1.4781  27.142214    -1.4778  27.142516     6.7200     6.9161     2.4763    94.0620 1.0000e-12  -74.14057 -115.26582  53.495863      99.86 5.1193e+01    519.585      12471  1028.3707  1028.3708     4.4621     0.3784     0.1432    33.9900    33.9901    8.38930         24 0.0000e+00
    213.000    210.689    -1.4855  27.137376    -1.4851  27.137809     6.7164     6.9037     2.5288    93.8943 1.0000e-12  -74.14057 -115.26582  53.495875      99.85 5.1637e+01    520.602      12495  1028.3767  1028.3769     4.4544     0.4299     0.1436    33.9911    33.9913    8.39089         24 0.0000e+00
    214.000    211.675    -1.4939  27.131956    -1.4934  27.132575     6.6992     6.8894     2.2604    93.5487 1.0000e-12  -74.14057 -115.26582  53.495887      99.86 5.1126e+01    521.600      12519  1028.3831  1028.3833     4.4379     0.4181     0.1480    33.9926    33.9929    8.39271         24 0.0000e+00
    215.000    212.664    -1.4983  27.129947    -1.4979  27.130428     6.6829     6.8756     1.9690    93.8487 1.0000e-12  -74.14057 -115.26582  53.495898      99.85 5.2380e+01    522.611      12544  1028.3893  1028.3894     4.4521     0.4545     0.1344    33.9941    33.9943    8.39359         24 0.0000e+00
    216.000    213.654    -1.5013  27.128567    -1.5010  27.129119     6.6723     6.8702     1.8905    93.2336 1.0000e-12  -74.14057 -115.26582  53.495910      99.84 5.2536e+01    523.637      12568  1028.3948  1028.3952     4.4229     0.5085     0.1452    33.9950    33.9955    8.39422         25 0.0000e+00
    217.000    214.642    -1.5077  27.124943    -1.5073  27.125336     6.6632     6.8557     1.6780    93.7384 1.0000e-12  -74.14057 -115.26582  53.495922      99.85 5.1028e+01    524.661      12593  1028.4012  1028.4013     4.4469     0.4457     0.1364    33.9967    33.9969    8.39556         24 0.0000e+00
    218.000    215.630    -1.5112  27.123209    -1.5107  27.123729     6.6555     6.8519     1.8499    93.8913 1.0000e-12  -74.14056 -115.26582  53.495934      99.88 5.1985e+01    525.683      12617  1028.4069  1028.4070     4.4541     0.3119     0.1326    33.9977    33.9979    8.39630         25 0.0000e+00
    219.000    216.619    -1.5138  27.121928    -1.5133  27.122368     6.6512     6.8424     1.9154    94.3374 1.0000e-12  -74.14056 -115.26582  53.495946      99.86 5.2006e+01    526.706      12642  1028.4122  1028.4122     4.4753     0.4201     0.1369    33.9983    33.9983    8.39685         24 0.0000e+00
    220.000    217.608    -1.5211  27.117581    -1.5202  27.118427     6.6425     6.8324     2.0191    93.9499 1.0000e-12  -74.14056 -115.26582  53.495957      99.80 5.1556e+01    527.707      12666  1028.4187  1028.4187     4.4569     0.6523     0.1354    34.0000    34.0001    8.39840         24 0.0000e+00
    221.000    218.596    -1.5252  27.115391    -1.5245  27.116008     6.6366     6.8304     2.1604    93.9855 1.0000e-12  -74.14056 -115.26582  53.495969      99.84 5.2883e+01    528.706      12690  1028.4244  1028.4244     4.4586     0.4931     0.1366    34.0010    34.0010    8.39927         25 0.0000e+00
    222.000    219.586    -1.5275  27.114481    -1.5272  27.114816     6.6279     6.8150     2.6823    94.4922 1.0000e-12  -74.14056 -115.26582  53.495980      99.86 5.2523e+01    529.718      12714  1028.4299  1028.4299     4.4824     0.4185     0.1425    34.0017    34.0018    8.39974         24 0.0000e+00
    223.000    220.573    -1.5299  27.113447    -1.5296  27.113860     6.6238     6.8104     2.3680    93.4087 1.0000e-12  -74.14056 -115.26582  53.495992      99.84 5.1122e+01    530.730      12739  1028.4352  1028.4353     4.4314     0.4693     0.1490    34.0024    34.0026    8.40025         24 0.0000e+00
    224.000    221.562    -1.5361  27.110073    -1.5357  27.110443     6.6286     6.8093     2.4791    93.5392 1.0000e-12  -74.14056 -115.26583  53.496004      99.86 5.1345e+01    531.732      12763  1028.4417  1028.4418     4.4374     0.4332     0.1502    34.0042    34.0043    8.40154         24 0.0000e+00
    225.000    222.551    -1.5512  27.100075    -1.5513  27.100484     6.6260     6.8122     2.3043    93.5016 1.0000e-12  -74.14056 -115.26584  53.496016      99.85 5.1686e+01    532.745      12787  1028.4496  1028.4501     4.4356     0.4137     0.1449    34.0070    34.0076    8.40479         25 0.0000e+00
    226.000    223.539    -1.5704  27.087558    -1.5701  27.088084     6.6371     6.8169     2.2509    94.5991 1.0000e-12  -74.14056 -115.26584  53.496027      99.86 5.1564e+01    533.770      12811  1028.4586  1028.4590     4.4877     0.3990     0.1447    34.0108    34.0113    8.40888         24 0.0000e+00
    227.000    224.528    -1.5802  27.081038    -1.5801  27.081404     6.6307     6.8170     2.2331    93.7665 1.0000e-12  -74.14056 -115.26584  53.496039      99.84 5.1547e+01    534.796      12836  1028.4651  1028.4654     4.4482     0.4781     0.1391    34.0125    34.0129    8.41102         25 0.0000e+00
    228.000    225.516    -1.5928  27.072101    -1.5926  27.072447     6.6249     6.8149     1.9353    94.2190 1.0000e-12  -74.14056 -115.26584  53.496051      96.98 5.2308e+01    535.825      12861  1028.4715  1028.4718     4.4696     0.4536     0.1396    34.0138    34.0141    8.41378         24 0.0000e+00
    229.000    226.505    -1.6095  27.060491    -1.6093  27.061097     6.6237     6.8087     1.8312    94.4650 1.0000e-12  -74.14056 -115.26584  53.496063      96.99 5.1828e+01    536.835      12885  1028.4791  1028.4796     4.4813     0.4409     0.1462    34.0163    34.0168    8.41744         25 0.0000e+00
    230.000    227.494    -1.6130  27.059726    -1.6125  27.060233     6.6269     6.8097     2.0829    94.4179 1.0000e-12  -74.14056 -115.26584  53.496075      99.28 5.0839e+01    537.845      12909  1028.4857  1028.4859     4.4791     0.3769     0.1459    34.0185    34.0187    8.41809         24 0.0000e+00
    231.000    228.482    -1.6152  27.058932    -1.6148  27.059572     6.6225     6.8061     1.8551    94.4443 1.0000e-12  -74.14056 -115.26584  53.496087      99.84 5.1726e+01    538.887      12934  1028.4910  1028.4913     4.4795     0.4548     0.1393    34.0193    34.0197    8.41854         26 0.0000e+00
    232.000    229.470    -1.6208  27.055974    -1.6203  27.056469     6.6205     6.8078     1.7517    92.8455 1.0000e-12  -74.14056 -115.26584  53.496099      99.87 5.2005e+01    539.938      12960  1028.4973  1028.4974     4.4054     0.3072     0.1389    34.0209    34.0210    8.41970         24 0.0000e+00
    233.000    230.459    -1.6228  27.055818    -1.6222  27.056439     6.6248     6.8056     1.9543    93.9997 1.0000e-12  -74.14056 -115.26584  53.496111      99.87 5.2252e+01    540.959      12984  1028.5033  1028.5033     4.4593     0.3284     0.1392    34.0225    34.0226    8.42008         25 0.0000e+00
    234.000    231.448    -1.6275  27.052769    -1.6272  27.053308     6.6184     6.8010     1.6753    94.6464 1.0000e-12  -74.14056 -115.26584  53.496122      99.87 5.2226e+01    541.970      13008  1028.5086  1028.5089     4.4899     0.3065     0.1438    34.0230    34.0234    8.42112         24 0.0000e+00
    235.000    232.437    -1.6341  27.048745    -1.6335  27.049273     6.6125     6.7911     1.4572    94.0741 1.0000e-12  -74.14056 -115.26584  53.496134      99.89 5.1564e+01    542.979      13033  1028.5146  1028.5147     4.4628     0.2632     0.1358    34.0242    34.0244    8.42252         24 0.0000e+00
    236.000    233.423    -1.6421  27.043858    -1.6412  27.044807     6.6096     6.7887     1.8831    94.5764 1.0000e-12  -74.14056 -115.26584  53.496146      99.86 5.1047e+01    543.986      13057  1028.5211  1028.5214     4.4871     0.3761     0.1361    34.0260    34.0263    8.42424         24 0.0000e+00
    237.000    234.414    -1.6513  27.037572    -1.6511  27.038069     6.6032     6.7907     2.0221    95.4014 1.0000e-12  -74.14056 -115.26584  53.496157      99.86 5.0529e+01    544.994      13081  1028.5273  1028.5277     4.5253     0.4137     0.1387    34.0272    34.0276    8.42626         24 0.0000e+00
    238.000    235.402    -1.6632  27.029555    -1.6631  27.030117     6.6041     6.7860     1.9613    94.3410 1.0000e-12  -74.14056 -115.26584  53.496169      99.87 5.1268e+01    546.004      13105  1028.5342  1028.5347     4.4755     0.3393     0.1368    34.0290    34.0297    8.42885         25 0.0000e+00
    239.000    236.389    -1.6747  27.023036    -1.6742  27.023500     6.6073     6.7843     1.9530    94.4287 1.0000e-12  -74.14056 -115.26584  53.496181      99.87 5.0979e+01    547.013      13129  1028.5423  1028.5423     4.4796     0.3335     0.1335    34.0326    34.0326    8.43127         24 0.0000e+00
    240.000    237.380    -1.6756  27.022882    -1.6752  27.023271     6.6063     6.7847     1.8723    95.0280 1.0000e-12  -74.14056 -115.26584  53.496192      99.87 4.8470e+01    548.024      13154  1028.5471  1028.5472     4.5081     0.2924     0.1388    34.0327    34.0328    8.43146         24 0.0000e+00
    241.000    238.365    -1.6775  27.022083    -1.6771  27.022565     6.5999     6.7880     1.4961    94.5206 1.0000e-12  -74.14056 -115.26584  53.496204      99.65 5.1173e+01    549.018      13177  1028.5521  1028.5524     4.4840     0.4589     0.1411    34.0331    34.0334    8.43185         23 0.0000e+00
    242.000    239.357    -1.6850  27.017864    -1.6847  27.018376     6.5983     6.7806     1.1637    94.9168 1.0000e-12  -74.14056 -115.26584  53.496215      97.04 5.0841e+01    550.003      13201  1028.5590  1028.5592     4.5027     0.3301     0.1456    34.0352    34.0356    8.43344         25 0.0000e+00
    243.000    240.345    -1.6937  27.012134    -1.6933  27.012945     6.5982     6.7786     1.4285    94.5096 1.0000e-12  -74.14056 -115.26584  53.496227      99.86 5.0170e+01    551.019      13225  1028.5653  1028.5658     4.4834     0.3722     0.1413    34.0366    34.0373    8.43534         24 0.0000e+00
    244.000    241.333    -1.6933  27.014124    -1.6929  27.014464     6.5920     6.7828     1.9005    94.3714 1.0000e-12  -74.14056 -115.26584  53.496239      99.87 5.0926e+01    552.060      13250  1028.5711  1028.5711     4.4769     0.3396     0.1350    34.0383    34.0382    8.43514         25 0.0000e+00
    245.000    242.319    -1.6994  27.009823    -1.6992  27.009895     6.5935     6.7755     1.4651    93.9971 1.0000e-12  -74.14056 -115.26584  53.496251      99.87 5.0390e+01    553.062      13274  1028.5765  1028.5764     4.4592     0.3084     0.1370    34.0387    34.0386    8.43652         24 0.0000e+00
    246.000    243.310    -1.7091  27.003677    -1.7085  27.004179     6.5884     6.7619     1.2090    94.6127 1.0000e-12  -74.14056 -115.26584  53.496262      99.87 5.0244e+01    554.055      13298  1028.5833  1028.5833     4.4883     0.3040     0.1308    34.0406    34.0406    8.43860         24 0.0000e+00
    247.000    244.299    -1.7107  27.002726    -1.7104  27.003301     6.5893     6.7602     1.3331    94.6899 1.0000e-12  -74.14056 -115.26584  53.496274      99.87 5.0137e+01    555.080      13323  1028.5879  1028.5883     4.4920     0.3444     0.1352    34.0404    34.0410    8.43897         25 0.0000e+00
    248.000    245.287    -1.7156  27.000188    -1.7152  27.000591     6.5857     6.7604     1.2243    94.3850 1.0000e-12  -74.14058 -115.26584  53.496286      99.87 5.0760e+01    556.109      13348  1028.5940  1028.5941     4.4776     0.3136     0.1329    34.0419    34.0420    8.44000         24 0.0000e+00
    249.000    246.274    -1.7227  26.995527    -1.7222  26.996095     6.5795     6.7547     1.2960    94.1431 1.0000e-12  -74.14056 -115.26584  53.496298      99.89 4.9780e+01    557.129      13372  1028.5999  1028.6002     4.4661     0.2492     0.1304    34.0429    34.0432    8.44156         25 0.0000e+00
    250.000    247.264    -1.7305  26.990988    -1.7303  26.991162     6.5718     6.7546     1.4669    95.1266 1.0000e-12  -74.14058 -115.26584  53.496309      99.87 5.0523e+01    558.128      13396  1028.6067  1028.6067     4.5127     0.3419     0.1407    34.0450    34.0450    8.44322         24 0.0000e+00
    251.000    248.252    -1.7225  26.999254    -1.7219  26.999653     6.5702     6.7666     1.4098    95.1660 1.0000e-12  -74.14056 -115.26584  53.496321      99.89 5.0464e+01    559.126      13420  1028.6122  1028.6120     4.5146     0.2156     0.1310    34.0467    34.0465    8.44129         24 0.0000e+00
    252.000    249.241    -1.7304  26.994222    -1.7300  26.994723     6.5790     6.7644     1.6962    95.2691 1.0000e-12  -74.14058 -115.26584  53.496333      99.89 5.0904e+01    560.148      13445  1028.6185  1028.6188     4.5195     0.2420     0.1334    34.0481    34.0484    8.44301         25 0.0000e+00
    253.000    250.230    -1.7285  26.997568    -1.7282  26.997879     6.5591     6.7385     1.6801    95.8060 1.0000e-12  -74.14058 -115.26584  53.496345      99.88 5.0423e+01    561.199      13470  1028.6246  1028.6246     4.5449     0.2674     0.1350    34.0500    34.0500    8.44247         25 0.0000e+00
    254.000    251.216    -1.7259  27.001265    -1.7254  27.001597     6.5517     6.7266     1.1376    95.5058 1.0000e-12  -74.14058 -115.26584  53.496357      89.90 5.0241e+01    562.239      13495  1028.6303  1028.6302     4.5307     0.3569     0.1336    34.0514    34.0513    8.44177         24 0.0000e+00
    255.000    252.206    -1.7029  27.023352    -1.7010  27.024359     6.5452     6.7280     0.9146    94.8367 1.0000e-12  -74.14058 -115.26584  53.496369      95.40 5.0539e+01    563.238      13519  1028.6366  1028.6359     4.4990     0.2709     0.1287    34.0552    34.0544    8.43631         24 0.0000e+00
    256.000    253.194    -1.7252  27.003792    -1.7263  27.003913     6.5463     6.7427     1.2316    95.0755 1.0000e-12  -74.14058 -115.26584  53.496380      99.83 4.8933e+01    564.221      13542  1028.6410  1028.6423     4.5105     0.3385     0.1384    34.0529    34.0544    8.44153         24 0.0000e+00
    257.000    254.183    -1.7584  26.979499    -1.7572  26.980392     6.5522     6.7389     1.3911    95.6186 1.0000e-12  -74.14058 -115.26584  53.496391      99.88 5.0823e+01    565.211      13566  1028.6507  1028.6506     4.5358     0.2909     0.1618    34.0565    34.0565    8.44888         23 0.0000e+00
    258.000    255.171    -1.7620  26.977330    -1.7615  26.977834     6.5537     6.7380     0.9509    94.9996 1.0000e-12  -74.14058 -115.26584  53.496403      99.88 5.0842e+01    566.207      13590  1028.6560  1028.6560     4.5066     0.2241     0.1394    34.0570    34.0571    8.44968         25 0.0000e+00
    259.000    256.158    -1.7639  26.976967    -1.7634  26.977394     6.5541     6.7344     1.0427    96.0110 1.0000e-12  -74.14058 -115.26584  53.496415      99.88 4.9234e+01    567.217      13614  1028.6616  1028.6615     4.5547     0.2733     0.1326    34.0581    34.0581    8.45006         24 0.0000e+00
