ocean_section_plots/required_files/ctd/dnbp2202_ctd183.cnv
* Sea-Bird SBE 9 Data File:
* FileName = D:\Data\raw\NBP2202_CTD183.hex
* Software Version Seasave V 7.26.7.121
* Temperature SN = 1649
* Conductivity SN = 2513
* Number of Bytes Per Scan = 40
* Number of Voltage Words = 5
* Number of Scans Averaged by the Deck Unit = 1
* NMEA Latitude = 74 00.89 S
* NMEA Longitude = 113 28.38 W
* NMEA UTC (Time) = Feb 04 2022  13:39:16
* NMEA baud rate = 9600
** Ship: RVIB N.B. Palmer
** Cruise: NBP2202 Thwaites
** Station: 105
** Operator: B Bjork
# nquan = 28
# nvalues = 170                         
# units = specified
# name 0 = prDM: Pressure, Digiquartz [db]
# name 1 = depSM: Depth [salt water, m]
# name 2 = t090C: Temperature [ITS-90, deg C]
# name 3 = c0mS/cm: Conductivity [mS/cm]
# name 4 = t190C: Temperature, 2 [ITS-90, deg C]
# name 5 = c1mS/cm: Conductivity, 2 [mS/cm]
# name 6 = sbeox0ML/L: Oxygen, SBE 43 [ml/l]
# name 7 = sbeox1ML/L: Oxygen, SBE 43, 2 [ml/l]
# name 8 = flECO-AFL: Fluorescence, WET Labs ECO-AFL/FL [mg/m^3]
# name 9 = CStarTr0: Beam Transmission, WET Labs C-Star [%]
# name 10 = par: PAR/Irradiance, Biospherical/Licor
# name 11 = latitude: Latitude [deg]
# name 12 = longitude: Longitude [deg]
# name 13 = timeJ: Julian Days
# name 14 = altM: Altimeter [m]
# name 15 = spar: SPAR, Biospherical/Licor
# name 16 = timeS: Time, Elapsed [seconds]
# name 17 = scan: Scan Count
# name 18 = density00: Density [density, kg/m^3]
# name 19 = density11: Density, 2 [density, kg/m^3]
# name 20 = v3: Voltage 3
# name 21 = v4: Voltage 4
# name 22 = v5: Voltage 5
# name 23 = sal00: Salinity, Practical [PSU]
# name 24 = sal11: Salinity, Practical, 2 [PSU]
# name 25 = oxsolML/L: Oxygen Saturation, Garcia & Gordon [ml/l]
# name 26 = nbin: number of scans per bin
# name 27 = flag: flag
# span 0 =      3.000,    172.000       
# span 1 =      2.972,    170.145       
# span 2 =    -1.3934,    -0.9967       
# span 3 =  27.070064,  27.447394       
# span 4 =    -1.3926,    -0.9956       
# span 5 =  27.069455,  27.447037       
# span 6 =     5.3939,     8.4075       
# span 7 =     5.5098,     8.6226       
# span 8 =     0.1613,    23.3137       
# span 9 =    75.2409,    98.2070       
# span 10 = -1.117e-04, 5.3427e+01      
# span 11 =  -74.01490,  -74.01490      
# span 12 = -113.47303, -113.47299      
# span 13 =  35.572132,  35.576822      
# span 14 =       3.84,     100.08      
# span 15 = 1.4028e+03, 1.4235e+03      
# span 16 =    276.169,    681.451      
# span 17 =       6629,      16356      
# span 18 =  1027.2106,  1028.1714      
# span 19 =  1027.2108,  1028.1706      
# span 20 =     3.5702,     4.6588      
# span 21 =     0.0914,     3.4556      
# span 22 =     0.1255,     0.2487      
# span 23 =    33.8176,    34.0003      
# span 24 =    33.8174,    33.9991      
# span 25 =    8.29156,    8.37678      
# span 26 =          7,         48      
# span 27 = 0.0000e+00, 0.0000e+00      
# interval = decibars: 1                
# start_time = Feb 04 2022 13:39:16 [NMEA time, header]
# bad_flag = -9.990e-29
*END*
      3.000      2.972    -1.0260  27.295069    -1.0253  27.295602     8.4023     8.4440    14.8950    75.2409 5.3427e+01  -74.01490 -113.47299  35.572132      99.85 1.4047e+03    276.169       6629  1027.2106  1027.2108     3.5702     2.5524     0.2160    33.8179    33.8179    8.29850          7 0.0000e+00
      4.000      3.958    -1.0244  27.296610    -1.0245  27.296463     8.4075     8.4482    15.0180    76.7614 3.9491e+01  -74.01490 -113.47300  35.572215      99.63 1.4052e+03    283.363       6802  1027.2152  1027.2152     3.6420     2.3236     0.2027    33.8176    33.8176    8.29816         36 0.0000e+00
      5.000      4.947    -1.0249  27.296903    -1.0240  27.297322     8.4065     8.4502    16.6198    77.2104 2.7009e+01  -74.01490 -113.47300  35.572247      80.59 1.4044e+03    286.111       6868  1027.2203  1027.2199     3.6632     2.5456     0.1956    33.8179    33.8176    8.29825         34 0.0000e+00
      6.000      5.937    -1.0252  27.296944    -1.0242  27.297720     8.3703     8.4265    18.4439    76.9299 1.9459e+01  -74.01490 -113.47300  35.572279      99.36 1.4048e+03    288.930       6935  1027.2249  1027.2248     3.6494     2.5920     0.2056    33.8177    33.8177    8.29833         45 0.0000e+00
      7.000      6.927    -1.0353  27.289214    -1.0342  27.290219     8.3659     8.4468    16.1107    77.0045 1.3673e+01  -74.01490 -113.47300  35.572303      99.77 1.4055e+03    290.951       6984  1027.2306  1027.2306     3.6534     2.5541     0.2000    33.8180    33.8182    8.30057         39 0.0000e+00
      8.000      7.917    -1.0289  27.295566    -1.0293  27.295088     8.3742     8.4727    16.4381    77.2096 1.0104e+01  -74.01490 -113.47300  35.572332      99.47 1.4042e+03    293.455       7044  1027.2355  1027.2354     3.6630     2.1158     0.1842    33.8188    33.8186    8.29909         37 0.0000e+00
      9.000      8.907    -1.0194  27.303998    -1.0196  27.303553     8.3622     8.5115    15.7808    77.9630 7.4642e+00  -74.01490 -113.47300  35.572354      99.62 1.4037e+03    295.407       7091  1027.2399  1027.2396     3.6989     2.3105     0.1955    33.8190    33.8186    8.29699         43 0.0000e+00
     10.000      9.897    -1.0195  27.304791    -1.0178  27.305909     8.3574     8.5446    17.0298    77.3254 5.4305e+00  -74.01490 -113.47300  35.572379      99.98 1.4038e+03    297.572       7143  1027.2452  1027.2448     3.6686     3.1588     0.2220    33.8195    33.8192    8.29697         38 0.0000e+00
     11.000     10.886    -1.0189  27.305793    -1.0189  27.305467     8.3629     8.5662    18.6737    77.9318 4.1215e+00  -74.01490 -113.47300  35.572403      99.90 1.4028e+03    299.580       7191  1027.2501  1027.2498     3.6975     3.1044     0.2039    33.8196    33.8192    8.29684         38 0.0000e+00
     12.000     11.875    -1.0213  27.304012    -1.0217  27.303441     8.3656     8.5807    20.1261    78.3121 3.0678e+00  -74.01490 -113.47300  35.572427      99.17 1.4042e+03    301.722       7242  1027.2547  1027.2546     3.7154     3.2383     0.2265    33.8192    33.8189    8.29738         40 0.0000e+00
     13.000     12.865    -1.0237  27.302476    -1.0219  27.303689     8.3667     8.5851    18.2015    78.0733 2.3310e+00  -74.01490 -113.47300  35.572450      99.96 1.4040e+03    303.673       7289  1027.2598  1027.2593     3.7041     3.0722     0.2259    33.8193    33.8189    8.29793         41 0.0000e+00
     14.000     13.855    -1.0202  27.305862    -1.0196  27.306091     8.3644     8.5809    17.2289    77.0786 1.7664e+00  -74.01490 -113.47301  35.572473      99.98 1.4046e+03    305.674       7337  1027.2644  1027.2640     3.6570     3.1499     0.2230    33.8194    33.8189    8.29715         44 0.0000e+00
     15.000     14.843    -1.0199  27.306694    -1.0188  27.307392     8.3385     8.5843    19.0000    77.0720 1.3426e+00  -74.01490 -113.47302  35.572497      99.93 1.4035e+03    307.728       7386  1027.2693  1027.2690     3.6566     3.0858     0.2134    33.8195    33.8192    8.29707         41 0.0000e+00
     16.000     15.834    -1.0146  27.312462    -1.0146  27.311058     8.3466     8.5803    18.2256    77.3584 1.0210e+00  -74.01490 -113.47302  35.572519      99.95 1.4041e+03    309.667       7433  1027.2748  1027.2733     3.6702     3.0920     0.2106    33.8207    33.8188    8.29582         45 0.0000e+00
     17.000     16.823    -1.0131  27.313453    -1.0123  27.314002     8.3587     8.5786    18.8842    76.5269 7.9497e-01  -74.01490 -113.47302  35.572542      99.96 1.4031e+03    311.628       7480  1027.2788  1027.2787     3.6306     3.2076     0.2397    33.8198    33.8197    8.29555         41 0.0000e+00
     18.000     17.813    -1.0135  27.313562    -1.0127  27.313795     8.3663     8.5822    20.3610    77.2359 6.1913e-01  -74.01490 -113.47302  35.572565      97.51 1.4033e+03    313.629       7528  1027.2837  1027.2832     3.6649     3.3781     0.1982    33.8198    33.8192    8.29564         44 0.0000e+00
     19.000     18.803    -1.0137  27.313690    -1.0126  27.314199     8.3558     8.5769    21.0911    77.7444 4.7119e-01  -74.01490 -113.47302  35.572589     100.02 1.4033e+03    315.651       7577  1027.2883  1027.2878     3.6884     3.2708     0.2183    33.8195    33.8190    8.29569         40 0.0000e+00
     20.000     19.793    -1.0138  27.314111    -1.0130  27.314531     8.3482     8.5681    20.7254    76.0431 3.6712e-01  -74.01490 -113.47302  35.572610      99.95 1.4036e+03    317.507       7621  1027.2931  1027.2929     3.6078     3.1977     0.2196    33.8196    33.8192    8.29571         41 0.0000e+00
     21.000     20.782    -1.0120  27.316890    -1.0114  27.316857     8.3285     8.5518    19.9001    76.6478 2.8072e-01  -74.01490 -113.47302  35.572634      99.97 1.4033e+03    319.570       7671  1027.2988  1027.2982     3.6365     3.4556     0.2238    33.8208    33.8200    8.29525         42 0.0000e+00
     22.000     21.771    -1.0117  27.317643    -1.0113  27.317536     8.3809     8.6017    22.3285    77.1547 2.1577e-01  -74.01490 -113.47302  35.572656      99.96 1.4059e+03    321.502       7717  1027.3037  1027.3031     3.6605     3.2860     0.2177    33.8208    33.8202    8.29518         37 0.0000e+00
     23.000     22.761    -1.0119  27.315871    -1.0113  27.315899     8.4025     8.6226    21.0901    77.7539 1.6301e-01  -74.01490 -113.47302  35.572679      99.99 1.4062e+03    323.471       7764  1027.3062  1027.3057     3.6889     3.0964     0.2195    33.8180    33.8174    8.29538         40 0.0000e+00
     24.000     23.751    -1.0138  27.315387    -1.0139  27.315242     8.3483     8.5711    22.0149    77.3848 1.2081e-01  -74.01490 -113.47301  35.572702      99.94 1.4067e+03    325.472       7812  1027.3118  1027.3118     3.6716     3.3194     0.2114    33.8188    33.8188    8.29575         35 0.0000e+00
     25.000     24.739    -1.0158  27.315412    -1.0148  27.315737     8.3251     8.5543    21.4687    78.3603 8.8681e-02  -74.01490 -113.47301  35.572725      96.00 1.4075e+03    327.418       7859  1027.3181  1027.3175     3.7179     2.9067     0.2337    33.8205    33.8198    8.29610         36 0.0000e+00
     26.000     25.729    -1.0159  27.316056    -1.0159  27.315638     8.3029     8.5367    19.8049    77.9689 6.2428e-02  -74.01490 -113.47300  35.572746      99.98 1.4077e+03    329.247       7903  1027.3232  1027.3228     3.6989     3.1037     0.2156    33.8209    33.8204    8.29610         41 0.0000e+00
     27.000     26.719    -1.0162  27.316863    -1.0156  27.316821     8.2893     8.5140    19.0510    77.5555 3.8619e-02  -74.01490 -113.47300  35.572771      99.98 1.4088e+03    331.391       7954  1027.3287  1027.3280     3.6796     3.1177     0.2394    33.8217    33.8209    8.29612         43 0.0000e+00
     28.000     27.708    -1.0153  27.318205    -1.0143  27.318683     8.3075     8.5154    19.8629    76.1107 2.2171e-02  -74.01490 -113.47300  35.572793      99.92 1.4094e+03    333.277       8000  1027.3336  1027.3332     3.6107     3.2498     0.2054    33.8219    33.8215    8.29591         39 0.0000e+00
     29.000     28.698    -1.0154  27.318424    -1.0144  27.318943     8.3222     8.5440    22.3342    76.1472 7.8326e-03  -74.01490 -113.47300  35.572815      99.93 1.4115e+03    335.196       8046  1027.3382  1027.3378     3.6128     2.9598     0.2246    33.8217    33.8212    8.29594         43 0.0000e+00
     30.000     29.688    -1.0154  27.318276    -1.0148  27.318126     8.3273     8.5547    19.8038    77.2187 -1.117e-04  -74.01490 -113.47300  35.572837      99.99 1.4103e+03    337.080       8091  1027.3424  1027.3416     3.6641     3.3149     0.2228    33.8209    33.8200    8.29600         37 0.0000e+00
     31.000     30.677    -1.0153  27.319162    -1.0151  27.318511     8.3118     8.5439    22.7659    77.8395 -2.685e-06  -74.01490 -113.47300  35.572860      99.92 1.4115e+03    339.128       8140  1027.3476  1027.3466     3.6931     2.9514     0.2341    33.8214    33.8202    8.29595         44 0.0000e+00
     32.000     31.667    -1.0152  27.319618    -1.0149  27.319201     8.2782     8.5000    19.5710    77.2765 1.0000e-12  -74.01490 -113.47300  35.572883      99.40 1.4116e+03    341.056       8186  1027.3523  1027.3515     3.6666     3.1817     0.2167    33.8213    33.8203    8.29593         36 0.0000e+00
     33.000     32.654    -1.0139  27.322577    -1.0126  27.323486     8.2498     8.4684    22.7856    76.9220 1.0000e-12  -74.01490 -113.47300  35.572904      99.96 1.4110e+03    342.898       8231  1027.3585  1027.3583     3.6494     2.9467     0.2221    33.8232    33.8230    8.29552         44 0.0000e+00
     34.000     33.647    -1.0131  27.324552    -1.0122  27.324743     8.2153     8.4404    23.3137    77.7493 1.0000e-12  -74.01490 -113.47300  35.572928      99.97 1.4109e+03    345.015       8281  1027.3642  1027.3635     3.6886     3.0344     0.1978    33.8244    33.8235    8.29528         32 0.0000e+00
     35.000     34.636    -1.0112  27.326750    -1.0105  27.327178     8.2183     8.4292    19.6012    78.5778 1.0000e-12  -74.01490 -113.47300  35.572950      99.99 1.4093e+03    346.847       8325  1027.3691  1027.3689     3.7275     3.2791     0.1873    33.8246    33.8244    8.29484         36 0.0000e+00
     36.000     35.625    -1.0106  27.328177    -1.0095  27.328934     8.2064     8.4231    19.7994    78.1629 1.0000e-12  -74.01490 -113.47300  35.572972      99.94 1.4108e+03    348.764       8371  1027.3744  1027.3742     3.7091     3.0270     0.2089    33.8252    33.8250    8.29467         36 0.0000e+00
     37.000     36.615    -1.0101  27.329415    -1.0092  27.329742     8.2048     8.4250    18.2949    78.2985 1.0000e-12  -74.01490 -113.47300  35.572995      99.97 1.4113e+03    350.764       8419  1027.3796  1027.3791     3.7148     2.9216     0.2248    33.8257    33.8251    8.29453         41 0.0000e+00
     38.000     37.603    -1.0100  27.329761    -1.0088  27.330422     8.2207     8.4309    19.5494    76.5603 1.0000e-12  -74.01490 -113.47300  35.573016      94.50 1.4101e+03    352.617       8464  1027.3842  1027.3838     3.6323     2.9736     0.2143    33.8255    33.8250    8.29453         43 0.0000e+00
     39.000     38.594    -1.0086  27.331394    -1.0076  27.331569     8.2254     8.4436    22.4999    77.9894 1.0000e-12  -74.01490 -113.47300  35.573039      99.98 1.4101e+03    354.570       8511  1027.3890  1027.3882     3.6993     3.1631     0.2002    33.8256    33.8246    8.29422         42 0.0000e+00
     40.000     39.582    -1.0057  27.334157    -1.0066  27.332766     8.2272     8.4457    20.2309    76.2566 1.0000e-12  -74.01490 -113.47300  35.573062      99.91 1.4104e+03    356.587       8559  1027.3935  1027.3929     3.6184     2.8572     0.1754    33.8253    33.8245    8.29358         46 0.0000e+00
     41.000     40.573    -1.0018  27.338201    -1.0012  27.338247     8.2323     8.4435    16.8251    77.9375 1.0000e-12  -74.01490 -113.47300  35.573084      99.92 1.4092e+03    358.419       8603  1027.3985  1027.3979     3.6976     2.7623     0.2192    33.8259    33.8252    8.29270         41 0.0000e+00
     42.000     41.562    -0.9985  27.341511    -0.9981  27.341201     8.2421     8.4537    19.5994    77.7850 1.0000e-12  -74.01490 -113.47300  35.573105      99.97 1.4093e+03    360.275       8648  1027.4033  1027.4025     3.6904     3.3216     0.2233    33.8261    33.8252    8.29196         42 0.0000e+00
     43.000     42.551    -0.9969  27.343068    -0.9964  27.342973     8.2365     8.4656    20.0867    78.3871 1.0000e-12  -74.01490 -113.47301  35.573129      99.99 1.4105e+03    362.383       8698  1027.4077  1027.4072     3.7190     3.2335     0.2019    33.8257    33.8251    8.29161         36 0.0000e+00
     44.000     43.541    -0.9974  27.343108    -0.9964  27.343360     8.2498     8.4655    21.0635    78.0765 1.0000e-12  -74.01490 -113.47301  35.573150      99.89 1.4113e+03    364.189       8742  1027.4126  1027.4120     3.7042     3.1453     0.1848    33.8257    33.8250    8.29172         40 0.0000e+00
     45.000     44.530    -0.9967  27.344263    -0.9960  27.344146     8.2364     8.4471    20.6969    78.9440 1.0000e-12  -74.01490 -113.47301  35.573172      99.88 1.4105e+03    366.095       8787  1027.4176  1027.4168     3.7455     2.7775     0.2334    33.8259    33.8250    8.29156         41 0.0000e+00
     46.000     45.519    -0.9967  27.344799    -0.9956  27.345158     8.2223     8.4414    19.6125    77.4700 1.0000e-12  -74.01490 -113.47301  35.573197      99.96 1.4142e+03    368.219       8838  1027.4225  1027.4218     3.6757     3.3901     0.2121    33.8260    33.8253    8.29156         37 0.0000e+00
     47.000     46.508    -1.0001  27.342339    -0.9996  27.342251     8.2158     8.4400    21.9168    78.0100 1.0000e-12  -74.01490 -113.47302  35.573218      99.98 1.4120e+03    370.062       8882  1027.4275  1027.4269     3.7010     3.2447     0.2090    33.8259    33.8252    8.29232         39 0.0000e+00
     48.000     47.499    -1.0005  27.342636    -0.9989  27.343442     8.2091     8.4299    20.0845    78.1251 1.0000e-12  -74.01490 -113.47302  35.573240      99.98 1.4109e+03    371.970       8928  1027.4325  1027.4317     3.7063     3.4225     0.2435    33.8261    33.8253    8.29240         39 0.0000e+00
     49.000     48.488    -1.0045  27.339802    -1.0044  27.339587     8.1993     8.4141    18.5708    76.2366 1.0000e-12  -74.01490 -113.47302  35.573264      99.96 1.4128e+03    373.997       8977  1027.4375  1027.4373     3.6165     3.1852     0.2012    33.8261    33.8258    8.29327         38 0.0000e+00
     50.000     49.477    -1.0042  27.340660    -1.0035  27.340562     8.1912     8.4028    16.5710    77.3691 1.0000e-12  -74.01490 -113.47302  35.573286      99.98 1.4128e+03    375.889       9022  1027.4424  1027.4416     3.6707     3.2623     0.2293    33.8264    33.8254    8.29320         40 0.0000e+00
     51.000     50.466    -1.0084  27.337502    -1.0098  27.336360     8.1609     8.3661    20.5853    77.9198 1.0000e-12  -74.01490 -113.47302  35.573307      99.98 1.4123e+03    377.735       9067  1027.4473  1027.4475     3.6969     2.9802     0.2105    33.8261    33.8262    8.29413         39 0.0000e+00
     52.000     51.456    -1.0199  27.328849    -1.0188  27.329558     8.1263     8.3416    20.3170    78.3453 1.0000e-12  -74.01490 -113.47302  35.573331      99.66 1.4122e+03    379.777       9116  1027.4532  1027.4529     3.7169     2.7563     0.1965    33.8267    33.8264    8.29665         44 0.0000e+00
     53.000     52.445    -1.0228  27.327909    -1.0218  27.327867     8.1332     8.3440    20.2039    78.2969 1.0000e-12  -74.01490 -113.47303  35.573353      99.98 1.4133e+03    381.682       9161  1027.4592  1027.4582     3.7146     3.2174     0.1994    33.8281    33.8269    8.29721         44 0.0000e+00
