ocean_section_plots/required_files/ctd/dnbp2202_ctd173.cnv
* Sea-Bird SBE 9 Data File:
* FileName = D:\Data\raw\NBP2202_CTD173.hex
* Software Version Seasave V 7.26.7.121
* Temperature SN = 1649
* Conductivity SN = 2513
* Number of Bytes Per Scan = 40
* Number of Voltage Words = 5
* Number of Scans Averaged by the Deck Unit = 1
* NMEA Latitude = 74 05.23 S
* NMEA Longitude = 110 45.91 W
* NMEA UTC (Time) = Feb 03 2022  17:06:50
* NMEA baud rate = 9600
** Ship: RVIB N.B. Palmer
** Cruise: NBP2202 Thwaites
** Station: 95
** Operator: A. Robinson
# nquan = 28
# nvalues = 549                         
# units = specified
# name 0 = prDM: Pressure, Digiquartz [db]
# name 1 = depSM: Depth [salt water, m]
# name 2 = t090C: Temperature [ITS-90, deg C]
# name 3 = c0mS/cm: Conductivity [mS/cm]
# name 4 = t190C: Temperature, 2 [ITS-90, deg C]
# name 5 = c1mS/cm: Conductivity, 2 [mS/cm]
# name 6 = sbeox0ML/L: Oxygen, SBE 43 [ml/l]
# name 7 = sbeox1ML/L: Oxygen, SBE 43, 2 [ml/l]
# name 8 = flECO-AFL: Fluorescence, WET Labs ECO-AFL/FL [mg/m^3]
# name 9 = CStarTr0: Beam Transmission, WET Labs C-Star [%]
# name 10 = par: PAR/Irradiance, Biospherical/Licor
# name 11 = latitude: Latitude [deg]
# name 12 = longitude: Longitude [deg]
# name 13 = timeJ: Julian Days
# name 14 = altM: Altimeter [m]
# name 15 = spar: SPAR, Biospherical/Licor
# name 16 = timeS: Time, Elapsed [seconds]
# name 17 = scan: Scan Count
# name 18 = density00: Density [density, kg/m^3]
# name 19 = density11: Density, 2 [density, kg/m^3]
# name 20 = v3: Voltage 3
# name 21 = v4: Voltage 4
# name 22 = v5: Voltage 5
# name 23 = sal00: Salinity, Practical [PSU]
# name 24 = sal11: Salinity, Practical, 2 [PSU]
# name 25 = oxsolML/L: Oxygen Saturation, Garcia & Gordon [ml/l]
# name 26 = nbin: number of scans per bin
# name 27 = flag: flag
# span 0 =      2.000,    550.000       
# span 1 =      1.977,    543.588       
# span 2 =    -1.5625,    -0.8974       
# span 3 =  26.764428,  27.930485       
# span 4 =    -1.5658,    -0.8961       
# span 5 =  26.764656,  27.929643       
# span 6 =     5.7711,     7.3073       
# span 7 =     5.8806,     7.4476       
# span 8 =    -0.0214,     9.4719       
# span 9 =    87.5972,    98.7752       
# span 10 = 1.0000e-12, 1.2621e+02      
# span 11 =  -74.08728,  -74.08728      
# span 12 = -110.76518, -110.76514      
# span 13 =  34.716292,  34.725166      
# span 14 =       2.21,     100.56      
# span 15 = 1.8263e+03, 1.8365e+03      
# span 16 =    277.635,   1044.360      
# span 17 =       6664,      25066      
# span 18 =  1027.1150,  1030.1252      
# span 19 =  1027.1191,  1030.1235      
# span 20 =     4.1557,     4.6857      
# span 21 =     0.0639,     1.3012      
# span 22 =     0.1156,     0.1646      
# span 23 =    33.6846,    34.2027      
# span 24 =    33.6888,    34.2004      
# span 25 =    8.24771,    8.42652      
# span 26 =         25,         57      
# span 27 = 0.0000e+00, 0.0000e+00      
# interval = decibars: 1                
# start_time = Feb 03 2022 17:06:50 [NMEA time, header]
# bad_flag = -9.990e-29
*END*
[from data line 518]
    520.000    513.976    -0.9062  27.909725    -0.9040  27.909967     5.7873     5.9479    -0.0004    98.5116 1.0000e-12  -74.08728 -110.76516  34.724223      35.19 1.8318e+03    962.890      23110  1029.9829  1029.9810     4.6732     0.0683     0.1296    34.2013    34.1991    8.24969         38 0.0000e+00
    521.000    514.963    -0.9103  27.906088    -0.9089  27.905794     5.7915     5.9488    -0.0033    98.4776 1.0000e-12  -74.08728 -110.76516  34.724242      34.27 1.8316e+03    964.484      23149  1029.9872  1029.9856     4.6717     0.0663     0.1347    34.2003    34.1984    8.25064         38 0.0000e+00
    522.000    515.949    -0.9120  27.905004    -0.9101  27.905130     5.7865     5.9470    -0.0024    98.4963 1.0000e-12  -74.08728 -110.76516  34.724260      33.22 1.8317e+03    966.055      23186  1029.9920  1029.9903     4.6725     0.0667     0.1314    34.2003    34.1983    8.25103         36 0.0000e+00
    523.000    516.937    -0.9084  27.908915    -0.9079  27.907561     5.7883     5.9409     0.0024    98.4697 1.0000e-12  -74.08728 -110.76516  34.724278      32.16 1.8320e+03    967.622      23224  1029.9969  1029.9950     4.6713     0.0666     0.1325    34.2009    34.1985    8.25020         33 0.0000e+00
    524.000    517.923    -0.9099  27.907873    -0.9078  27.908140     5.7906     5.9416     0.0031    98.5247 1.0000e-12  -74.08728 -110.76516  34.724296      31.12 1.8323e+03    969.195      23262  1030.0016  1029.9997     4.6738     0.0670     0.1322    34.2006    34.1985    8.25055         36 0.0000e+00
    525.000    518.910    -0.9109  27.907410    -0.9091  27.907405     5.7909     5.9479    -0.0015    98.5042 1.0000e-12  -74.08728 -110.76516  34.724314      30.19 1.8322e+03    970.762      23299  1030.0062  1030.0045     4.6729     0.0677     0.1330    34.2004    34.1984    8.25077         38 0.0000e+00
    526.000    519.898    -0.9115  27.907265    -0.9095  27.907359     5.7940     5.9451    -0.0038    98.4638 1.0000e-12  -74.08728 -110.76516  34.724333      29.18 1.8321e+03    972.333      23337  1030.0110  1030.0092     4.6710     0.0679     0.1314    34.2003    34.1983    8.25091         37 0.0000e+00
    527.000    520.884    -0.9095  27.909613    -0.9095  27.907851     5.7891     5.9484    -0.0001    98.4611 1.0000e-12  -74.08728 -110.76516  34.724351      28.11 1.8321e+03    973.917      23375  1030.0158  1030.0139     4.6708     0.0672     0.1398    34.2007    34.1982    8.25046         34 0.0000e+00
    528.000    521.873    -0.9098  27.909528    -0.9090  27.908825     5.7945     5.9470    -0.0033    98.4711 1.0000e-12  -74.08728 -110.76516  34.724369      27.05 1.8319e+03    975.512      23413  1030.0203  1030.0187     4.6713     0.0682     0.1286    34.2003    34.1984    8.25055         38 0.0000e+00
    529.000    522.858    -0.9119  27.908145    -0.9102  27.907973     5.7860     5.9496    -0.0069    98.5128 1.0000e-12  -74.08728 -110.76516  34.724388      25.97 1.8316e+03    977.107      23452  1030.0251  1030.0233     4.6733     0.0669     0.1389    34.2001    34.1981    8.25100         37 0.0000e+00
    530.000    523.847    -0.9116  27.908972    -0.9097  27.908890     5.7932     5.9424     0.0015    98.5087 1.0000e-12  -74.08728 -110.76516  34.724406      24.95 1.8317e+03    978.710      23490  1030.0299  1030.0280     4.6731     0.0668     0.1368    34.2003    34.1980    8.25092         39 0.0000e+00
    531.000    524.833    -0.9106  27.910277    -0.9086  27.910397     5.7877     5.9394     0.0052    98.4890 1.0000e-12  -74.08728 -110.76516  34.724425      23.94 1.8320e+03    980.302      23528  1030.0346  1030.0329     4.6722     0.0679     0.1300    34.2004    34.1983    8.25071         35 0.0000e+00
    532.000    525.821    -0.9102  27.911271    -0.9084  27.911120     5.7786     5.9436    -0.0047    98.4821 1.0000e-12  -74.08728 -110.76516  34.724443      22.89 1.8321e+03    981.881      23566  1030.0395  1030.0377     4.6719     0.0678     0.1342    34.2006    34.1985    8.25060         37 0.0000e+00
    533.000    526.808    -0.9102  27.911541    -0.9086  27.911379     5.7889     5.9430    -0.0046    98.4941 1.0000e-12  -74.08728 -110.76516  34.724461      21.93 1.8328e+03    983.458      23604  1030.0441  1030.0424     4.6724     0.0679     0.1298    34.2004    34.1984    8.25062         35 0.0000e+00
    534.000    527.795    -0.9107  27.911449    -0.9089  27.911415     5.7881     5.9383     0.0013    98.4416 1.0000e-12  -74.08728 -110.76516  34.724479      20.97 1.8325e+03    985.024      23642  1030.0488  1030.0470     4.6699     0.0684     0.1319    34.2003    34.1982    8.25075         38 0.0000e+00
    535.000    528.782    -0.9101  27.912479    -0.9084  27.912304     5.7912     5.9420     0.0084    98.4498 1.0000e-12  -74.08728 -110.76516  34.724498      19.88 1.8324e+03    986.592      23679  1030.0536  1030.0517     4.6703     0.0689     0.1310    34.2004    34.1983    8.25060         38 0.0000e+00
    536.000    529.769    -0.9102  27.912661    -0.9084  27.912712     5.7924     5.9427    -0.0056    98.5065 1.0000e-12  -74.08728 -110.76516  34.724516      18.84 1.8320e+03    988.223      23718  1030.0581  1030.0564     4.6730     0.0683     0.1320    34.2002    34.1982    8.25064         39 0.0000e+00
    537.000    530.754    -0.9120  27.911562    -0.9096  27.912126     5.7945     5.9476    -0.0078    98.5002 1.0000e-12  -74.08728 -110.76516  34.724537      17.78 1.8326e+03    989.958      23760  1030.0629  1030.0612     4.6727     0.0681     0.1301    34.2001    34.1981    8.25103         34 0.0000e+00
    538.000    531.743    -0.9132  27.910866    -0.9122  27.910209     5.7945     5.9522     0.0001    98.4947 1.0000e-12  -74.08728 -110.76516  34.724557      16.78 1.8330e+03    991.757      23803  1030.0677  1030.0660     4.6724     0.0684     0.1302    34.2000    34.1979    8.25131         38 0.0000e+00
    539.000    532.730    -0.9161  27.908426    -0.9136  27.909146     5.7904     5.9485     0.0417    98.4998 1.0000e-12  -74.08728 -110.76516  34.724580      15.74 1.8334e+03    993.688      23850  1030.0721  1030.0705     4.6727     0.0700     0.1299    34.1993    34.1975    8.25197         37 0.0000e+00
    540.000    533.719    -0.9146  27.910499    -0.9127  27.910576     5.7983     5.9535     0.0057    98.5206 1.0000e-12  -74.08728 -110.76516  34.724604      14.69 1.8334e+03    995.818      23901  1030.0771  1030.0754     4.6736     0.0679     0.1319    34.1998    34.1977    8.25163         38 0.0000e+00
    541.000    534.706    -0.9144  27.911016    -0.9129  27.910685     5.7978     5.9519    -0.0039    98.5007 1.0000e-12  -74.08728 -110.76516  34.724630      13.70 1.8334e+03    998.071      23955  1030.0817  1030.0799     4.6727     0.0684     0.1274    34.1997    34.1976    8.25159         51 0.0000e+00
    542.000    535.691    -0.9166  27.909480    -0.9150  27.909240     5.8000     5.9500     0.0022    98.5261 1.0000e-12  -74.08728 -110.76516  34.724658      12.64 1.8334e+03   1000.450      24012  1030.0864  1030.0846     4.6739     0.0681     0.1288    34.1994    34.1973    8.25207         42 0.0000e+00
    543.000    536.678    -0.9154  27.910918    -0.9138  27.910791     5.7959     5.9450    -0.0006    98.5183 1.0000e-12  -74.08728 -110.76516  34.724686      11.55 1.8334e+03   1002.873      24070  1030.0911  1030.0894     4.6735     0.0694     0.1302    34.1995    34.1975    8.25182         45 0.0000e+00
    544.000    537.666    -0.9135  27.913177    -0.9116  27.913053     5.7871     5.9392    -0.0031    98.4984 1.0000e-12  -74.08728 -110.76516  34.724720      10.57 1.8334e+03   1005.798      24140  1030.0959  1030.0940     4.6726     0.0676     0.1294    34.1998    34.1975    8.25138         49 0.0000e+00
    545.000    538.652    -0.9011  27.926117    -0.8990  27.925618     5.7711     5.9283    -0.0034    98.5065 1.0000e-12  -74.08728 -110.76516  34.724757       9.54 1.8335e+03   1009.038      24218  1030.1020  1030.0995     4.6730     0.0693     0.1322    34.2027    34.1997    8.24850         37 0.0000e+00
    546.000    539.643    -0.8974  27.929339    -0.8961  27.929032     5.7728     5.9233    -0.0062    98.5200 1.0000e-12  -74.08728 -110.76516  34.724789       8.52 1.8346e+03   1011.763      24283  1030.1063  1030.1047     4.6736     0.0686     0.1300    34.2023    34.2004    8.24771         39 0.0000e+00
    547.000    540.628    -0.8992  27.928054    -0.8974  27.928070     5.7737     5.9253     0.0014    98.5035 1.0000e-12  -74.08728 -110.76516  34.724820       7.52 1.8338e+03   1014.440      24348  1030.1110  1030.1092     4.6728     0.0695     0.1371    34.2020    34.2000    8.24812         39 0.0000e+00
    548.000    541.614    -0.8985  27.929188    -0.8972  27.928788     5.7745     5.9262     0.0015    98.5167 1.0000e-12  -74.08728 -110.76516  34.724851       6.50 1.8336e+03   1017.123      24412  1030.1158  1030.1142     4.6735     0.0684     0.1333    34.2021    34.2001    8.24796         41 0.0000e+00
    549.000    542.600    -0.8976  27.930485    -0.8967  27.929643     5.7718     5.9296    -0.0003    98.5063 1.0000e-12  -74.08728 -110.76516  34.724882       5.45 1.8350e+03   1019.816      24477  1030.1206  1030.1188     4.6731     0.0690     0.1349    34.2022    34.2000    8.24775         36 0.0000e+00
    550.000    543.588    -0.9001  27.928457    -0.8998  27.927144     5.7795     5.9291     0.0022    98.4933 1.0000e-12  -74.08728 -110.76517  34.725166       4.31 1.8333e+03   1044.360      25066  1030.1252  1030.1235     4.6723     0.0696     0.1327    34.2017    34.1997    8.24833         57 0.0000e+00
