ocean_section_plots/required_files/ctd/dnbp2202_ctd073.cnv
* Sea-Bird SBE 9 Data File:
* FileName = D:\Data\raw\NBP2202_CTD073.hex
* Software Version Seasave V 7.26.7.121
* Temperature SN = 1649
* Conductivity SN = 2513
* Number of Bytes Per Scan = 40
* Number of Voltage Words = 5
* Number of Scans Averaged by the Deck Unit = 1
* NMEA Latitude = 74 00.37 S
* NMEA Longitude = 112 40.94 W
* NMEA UTC (Time) = Jan 26 2022  08:13:33
* NMEA baud rate = 9600
** Ship: RVIB N.B. Palmer
** Cruise: NBP2202 Thwaites
** Station: 54
** Operator: B Bjork
# nquan = 25
# nvalues = 913                         
# units = specified
# name 0 = prDM: Pressure, Digiquartz [db]
# name 1 = depSM: Depth [salt water, m]
# name 2 = t090C: Temperature [ITS-90, deg C]
# name 3 = c0mS/cm: Conductivity [mS/cm]
# name 4 = t190C: Temperature, 2 [ITS-90, deg C]
# name 5 = c1mS/cm: Conductivity, 2 [mS/cm]
# name 6 = sbeox0ML/L: Oxygen, SBE 43 [ml/l]
# name 7 = sbeox1ML/L: Oxygen, SBE 43, 2 [ml/l]
# name 8 = flECO-AFL: Fluorescence, WET Labs ECO-AFL/FL [mg/m^3]
# name 9 = CStarTr0: Beam Transmission, WET Labs C-Star [%]
# name 10 = par: PAR/Irradiance, Biospherical/Licor
# name 11 = latitude: Latitude [deg]
# name 12 = longitude: Longitude [deg]
# name 13 = timeJ: Julian Days
# name 14 = altM: Altimeter [m]
# name 15 = spar: SPAR, Biospherical/Licor
# name 16 = timeS: Time, Elapsed [seconds]
# name 17 = scan: Scan Count
# name 18 = density00: Density [density, kg/m^3]
# name 19 = density11: Density, 2 [density, kg/m^3]
# name 20 = sal00: Salinity, Practical [PSU]
# name 21 = sal11: Salinity, Practical, 2 [PSU]
# name 22 = oxsolML/L: Oxygen Saturation, Garcia & Gordon [ml/l]
# name 23 = nbin: number of scans per bin
# name 24 = flag: flag
# span 0 =      2.000,    914.000       
# span 1 =      1.979,    902.562       
# span 2 =    -1.4876,     0.4537       
# span 3 =  27.077142,  29.481087       
# span 4 =    -1.4885,     0.4560       
# span 5 =  27.077028,  29.481031       
# span 6 =     4.6240,     8.8264       
# span 7 =     4.7219,     9.1228       
# span 8 =    -0.0156,    28.0025       
# span 9 =    66.6195,    95.8318       
# span 10 = -8.695e-06, 2.6488e+01      
# span 11 =  -74.00628,  -74.00626      
# span 12 = -112.68250, -112.68246      
# span 13 =  26.344907,  26.357388      
# span 14 =       4.83,     100.04      
# span 15 = 8.9899e+01, 9.3797e+01      
# span 16 =    186.993,   1265.280      
# span 17 =       4489,      30368      
# span 18 =  1027.1925,  1032.0058      
# span 19 =  1027.1954,  1032.0036      
# span 20 =    33.8094,    34.5320      
# span 21 =    33.8117,    34.5294      
# span 22 =    7.94226,    8.39149      
# span 23 =         20,         66      
# span 24 = 0.0000e+00, 0.0000e+00      
# interval = decibars: 1                
# start_time = Jan 26 2022 08:13:33 [NMEA time, header]
# bad_flag = -9.990e-29
*END*
[from data line 58]
     60.000     59.370    -1.2561  27.182537    -1.2577  27.183124     6.8468     7.0672     5.2988    84.3967 1.0000e-12  -74.00626 -112.68247  26.346250      99.57 9.0014e+01    303.042       7274  1027.5508  1027.5530    33.8883    33.8910    8.34550         33 0.0000e+00
     61.000     60.361    -1.2589  27.181523    -1.2600  27.182413     6.8884     7.1002     6.3863    85.2557 1.0000e-12  -74.00626 -112.68248  26.346267      99.62 9.0025e+01    304.490       7309  1027.5566  1027.5586    33.8896    33.8920    8.34607         36 0.0000e+00
     62.000     61.349    -1.2450  27.194758    -1.2468  27.195119     6.9151     7.1246     7.1931    84.9752 1.0000e-12  -74.00626 -112.68248  26.346284      99.63 8.9908e+01    305.907       7343  1027.5618  1027.5639    33.8914    33.8938    8.34286         33 0.0000e+00
     63.000     62.339    -1.2421  27.198364    -1.2442  27.198384     6.9307     7.1429     6.5647    84.3530 1.0000e-12  -74.00626 -112.68248  26.346299      99.59 8.9907e+01    307.273       7376  1027.5672  1027.5692    33.8923    33.8947    8.34214         33 0.0000e+00
     64.000     63.329    -1.2377  27.203172    -1.2403  27.202697     6.9419     7.1446     6.8208    85.6429 1.0000e-12  -74.00626 -112.68248  26.346316      99.46 9.0216e+01    308.707       7410  1027.5724  1027.5744    33.8933    33.8956    8.34110         31 0.0000e+00
     65.000     64.318    -1.2289  27.212469    -1.2326  27.210846     6.9031     7.1167     6.7085    84.3615 1.0000e-12  -74.00626 -112.68248  26.346333      99.54 9.0201e+01    310.184       7445  1027.5784  1027.5803    33.8955    33.8975    8.33901         36 0.0000e+00
     66.000     65.306    -1.2492  27.196698    -1.2479  27.200706     6.8543     7.0698     5.8406    84.5944 1.0000e-12  -74.00626 -112.68248  26.346350      99.57 9.0376e+01    311.666       7481  1027.5852  1027.5883    33.8963    33.9002    8.34351         34 0.0000e+00
     67.000     66.296    -1.2582  27.189983    -1.2580  27.191649     6.8051     7.0293     5.6015    85.5225 1.0000e-12  -74.00626 -112.68248  26.346367      99.60 8.9899e+01    313.086       7515  1027.5907  1027.5924    33.8966    33.8987    8.34549         34 0.0000e+00
     68.000     67.287    -1.2687  27.181434    -1.2710  27.181972     6.7681     6.9899     4.9228    86.1263 1.0000e-12  -74.00626 -112.68248  26.346382      99.66 8.9907e+01    314.425       7547  1027.5957  1027.5985    33.8962    33.8995    8.34787         32 0.0000e+00
     69.000     68.274    -1.2839  27.170189    -1.2862  27.170199     6.7771     6.9952     4.9660    85.6857 1.0000e-12  -74.00626 -112.68248  26.346398      99.54 8.9907e+01    315.816       7581  1027.6023  1027.6044    33.8973    33.8999    8.35120         35 0.0000e+00
     70.000     69.264    -1.2794  27.175542    -1.2816  27.175183     6.8303     7.0333     4.2179    84.6440 1.0000e-12  -74.00626 -112.68248  26.346415      99.65 9.0168e+01    317.283       7616  1027.6079  1027.6096    33.8989    33.9009    8.35009         34 0.0000e+00
     71.000     70.254    -1.2693  27.186238    -1.2721  27.185440     6.8877     7.0811     5.1588    86.2837 1.0000e-12  -74.00626 -112.68248  26.346432      99.63 9.0159e+01    318.729       7650  1027.6141  1027.6158    33.9016    33.9036    8.34768         35 0.0000e+00
     72.000     71.244    -1.2575  27.198680    -1.2594  27.198546     6.9387     7.1321     4.0849    86.6086 1.0000e-12  -74.00626 -112.68248  26.346449      95.29 9.0592e+01    320.175       7685  1027.6206  1027.6223    33.9046    33.9066    8.34486         33 0.0000e+00
     73.000     72.232    -1.2506  27.206051    -1.2527  27.205875     6.9776     7.1701     4.1433    86.3163 1.0000e-12  -74.00626 -112.68248  26.346465      98.08 9.0267e+01    321.615       7720  1027.6263  1027.6282    33.9063    33.9085    8.34322         34 0.0000e+00
     74.000     73.222    -1.2519  27.206851    -1.2538  27.206890     7.0003     7.1985     3.9127    86.4652 1.0000e-12  -74.00626 -112.68248  26.346482      99.66 9.0818e+01    323.007       7753  1027.6328  1027.6347    33.9082    33.9105    8.34340         33 0.0000e+00
     75.000     74.210    -1.2580  27.203240    -1.2600  27.203374     6.9939     7.2063     4.7997    86.8303 1.0000e-12  -74.00626 -112.68248  26.346497      99.65 9.0178e+01    324.364       7786  1027.6391  1027.6412    33.9095    33.9121    8.34468         32 0.0000e+00
     76.000     75.200    -1.2652  27.199025    -1.2674  27.198976     6.9819     7.1940     5.3026    86.8183 1.0000e-12  -74.00626 -112.68248  26.346513      99.64 8.9904e+01    325.763       7819  1027.6458  1027.6478    33.9113    33.9137    8.34618         35 0.0000e+00
     77.000     76.190    -1.2755  27.192308    -1.2778  27.192129     6.9652     7.1672     6.2667    87.1431 1.0000e-12  -74.00626 -112.68248  26.346531      99.63 8.9907e+01    327.282       7856  1027.6527  1027.6547    33.9132    33.9155    8.34838         39 0.0000e+00
     78.000     77.180    -1.2911  27.181426    -1.2939  27.181069     6.9029     7.1236     6.0277    86.8169 1.0000e-12  -74.00626 -112.68248  26.346551      99.58 8.9968e+01    328.968       7896  1027.6601  1027.6624    33.9153    33.9180    8.35174         33 0.0000e+00
     79.000     78.169    -1.3055  27.171828    -1.3076  27.171721     6.8574     7.0817     6.6631    86.8305 1.0000e-12  -74.00626 -112.68248  26.346569      99.57 9.0388e+01    330.586       7935  1027.6676  1027.6695    33.9178    33.9200    8.35481         36 0.0000e+00
     80.000     79.157    -1.3186  27.162299    -1.3214  27.161954     6.8174     7.0411     6.5074    86.6151 1.0000e-12  -74.00626 -112.68248  26.346588      99.60 9.0101e+01    332.201       7974  1027.6739  1027.6763    33.9189    33.9216    8.35767         37 0.0000e+00
     81.000     80.146    -1.3434  27.144696    -1.3456  27.144520     6.7968     7.0184     6.7038    85.2235 1.0000e-12  -74.00626 -112.68247  26.346607      99.57 9.0204e+01    333.867       8014  1027.6827  1027.6846    33.9222    33.9245    8.36303         36 0.0000e+00
     82.000     81.136    -1.3514  27.139642    -1.3532  27.139829     6.7918     7.0129     6.9642    85.5208 1.0000e-12  -74.00626 -112.68247  26.346626      99.54 8.9909e+01    335.511       8053  1027.6889  1027.6908    33.9237    33.9260    8.36474         40 0.0000e+00
     83.000     82.125    -1.3516  27.141266    -1.3534  27.141227     6.8110     7.0292     6.2374    84.5274 1.0000e-12  -74.00626 -112.68247  26.346646      99.52 8.9907e+01    337.219       8094  1027.6948  1027.6965    33.9255    33.9275    8.36467         38 0.0000e+00
     84.000     83.115    -1.3442  27.148743    -1.3450  27.149506     6.8724     7.0787     6.0765    85.3387 1.0000e-12  -74.00626 -112.68247  26.346666      99.60 8.9907e+01    338.953       8136  1027.7000  1027.7016    33.9268    33.9288    8.36294         41 0.0000e+00
     85.000     84.103    -1.3174  27.174727    -1.3190  27.174937     6.9197     7.1313     6.3464    84.9428 1.0000e-12  -74.00626 -112.68247  26.346685      99.59 8.9907e+01    340.618       8176  1027.7068  1027.7086    33.9315    33.9336    8.35666         38 0.0000e+00
     86.000     85.093    -1.3125  27.181928    -1.3139  27.182017     6.9763     7.1790     5.9054    84.4215 1.0000e-12  -74.00626 -112.68247  26.346703      99.56 8.9907e+01    342.172       8213  1027.7144  1027.7158    33.9353    33.9370    8.35535         38 0.0000e+00
     87.000     86.081    -1.3022  27.192515    -1.3044  27.192088     6.9873     7.1710     6.6545    84.6551 1.0000e-12  -74.00626 -112.68247  26.346722      99.47 8.9907e+01    343.806       8252  1027.7205  1027.7220    33.9375    33.9393    8.35291         36 0.0000e+00
     88.000     87.071    -1.3089  27.188815    -1.3127  27.187116     6.9160     7.1187     6.4106    83.9798 1.0000e-12  -74.00626 -112.68247  26.346741      99.57 8.9907e+01    345.452       8292  1027.7273  1027.7290    33.9394    33.9413    8.35430         38 0.0000e+00
     89.000     88.060    -1.3364  27.165650    -1.3410  27.163847     6.8246     7.0408     6.1473    85.7438 1.0000e-12  -74.00626 -112.68247  26.346760      96.75 8.9907e+01    347.077       8331  1027.7328  1027.7352    33.9381    33.9408    8.36053         38 0.0000e+00
     90.000     89.050    -1.3606  27.147526    -1.3632  27.146902     6.6887     6.9227     7.1741    85.0445 1.0000e-12  -74.00626 -112.68248  26.346780      99.51 8.9907e+01    348.785       8372  1027.7404  1027.7423    33.9400    33.9421    8.36583         35 0.0000e+00
     91.000     90.040    -1.4097  27.108223    -1.4110  27.108743     6.5691     6.8138     6.3085    84.8207 1.0000e-12  -74.00626 -112.68248  26.346799      99.55 8.9907e+01    350.402       8411  1027.7489  1027.7506    33.9411    33.9432    8.37681         38 0.0000e+00
     92.000     91.028    -1.4305  27.092978    -1.4324  27.093147     6.5599     6.7950     5.2936    85.3211 1.0000e-12  -74.00626 -112.68248  26.346817      99.56 8.9907e+01    351.990       8449  1027.7562  1027.7581    33.9431    33.9454    8.38137         39 0.0000e+00
     93.000     92.016    -1.4314  27.093801    -1.4330  27.093762     6.6110     6.8228     5.6642    85.5504 1.0000e-12  -74.00626 -112.68247  26.346836      99.57 9.0021e+01    353.642       8488  1027.7617  1027.7632    33.9446    33.9464    8.38147         38 0.0000e+00
     94.000     93.007    -1.4337  27.093035    -1.4357  27.092854     6.6438     6.8470     5.5432    84.8851 1.0000e-12  -74.00626 -112.68246  26.346856      99.58 9.0381e+01    355.380       8530  1027.7671  1027.7688    33.9456    33.9476    8.38194         34 0.0000e+00
     95.000     93.996    -1.4414  27.087962    -1.4433  27.087805     6.6457     6.8473     4.9613    85.9884 1.0000e-12  -74.00626 -112.68246  26.346875      99.63 9.0476e+01    357.031       8570  1027.7729  1027.7746    33.9466    33.9486    8.38360         37 0.0000e+00
     96.000     94.985    -1.4462  27.084948    -1.4476  27.085134     6.6344     6.8362     4.6322    86.4175 1.0000e-12  -74.00626 -112.68246  26.346894      99.65 9.0084e+01    358.600       8607  1027.7783  1027.7798    33.9473    33.9492    8.38464         37 0.0000e+00
     97.000     95.975    -1.4561  27.078666    -1.4580  27.078455     6.6132     6.8200     4.2906    86.1127 1.0000e-12  -74.00626 -112.68246  26.346912      99.62 8.9908e+01    360.183       8645  1027.7850  1027.7867    33.9493    33.9512    8.38675         38 0.0000e+00
     98.000     96.963    -1.4592  27.077240    -1.4611  27.077028     6.6056     6.8090     3.6381    86.7287 1.0000e-12  -74.00626 -112.68246  26.346931      99.67 8.9907e+01    361.823       8685  1027.7905  1027.7920    33.9502    33.9521    8.38740         41 0.0000e+00
     99.000     97.953    -1.4605  27.077142    -1.4621  27.077074     6.5912     6.7926     3.2189    87.5494 1.0000e-12  -74.00626 -112.68246  26.346950      99.62 8.9907e+01    363.501       8725  1027.7958  1027.7972    33.9509    33.9526    8.38765         36 0.0000e+00
    100.000     98.942    -1.4600  27.078447    -1.4616  27.078210     6.5797     6.7791     2.6537    87.8317 1.0000e-12  -74.00626 -112.68246  26.346965      99.70 8.9907e+01    364.775       8756  1027.8009  1027.8021    33.9515    33.9530    8.38750         28 0.0000e+00
    101.000     99.931    -1.4599  27.079216    -1.4615  27.079134     6.5525     6.7503     2.5806    89.1863 1.0000e-12  -74.00626 -112.68246  26.346978      99.66 8.9907e+01    365.907       8783  1027.8058  1027.8072    33.9518    33.9535    8.38746         27 0.0000e+00
    102.000    100.919    -1.4589  27.080997    -1.4605  27.080845     6.5170     6.7181     2.5229    89.4400 1.0000e-12  -74.00626 -112.68246  26.346991      99.67 8.9907e+01    367.037       8810  1027.8111  1027.8124    33.9526    33.9542    8.38720         28 0.0000e+00
    103.000    101.910    -1.4581  27.082969    -1.4596  27.082775     6.4870     6.6925     3.0655    90.1569 1.0000e-12  -74.00626 -112.68246  26.347005      99.73 8.9907e+01    368.214       8838  1027.8167  1027.8179    33.9537    33.9552    8.38694         28 0.0000e+00
    104.000    102.899    -1.4585  27.084088    -1.4602  27.083827     6.4787     6.6805     3.2914    89.6448 1.0000e-12  -74.00626 -112.68246  26.347019      99.72 8.9907e+01    369.417       8867  1027.8226  1027.8239    33.9551    33.9567    8.38695         29 0.0000e+00
    105.000    103.887    -1.4599  27.083850    -1.4614  27.083673     6.4764     6.6799     3.0552    90.0402 1.0000e-12  -74.00626 -112.68246  26.347033      99.73 8.9907e+01    370.661       8897  1027.8279  1027.8292    33.9558    33.9572    8.38723         31 0.0000e+00
    106.000    104.876    -1.4607  27.083838    -1.4622  27.083575     6.4750     6.6768     2.9783    90.2734 1.0000e-12  -74.00626 -112.68247  26.347048      99.72 8.9907e+01    371.920       8927  1027.8330  1027.8341    33.9560    33.9574    8.38739         29 0.0000e+00
    107.000    105.866    -1.4611  27.084209    -1.4626  27.083963     6.4762     6.6746     4.0460    90.0323 1.0000e-12  -74.00626 -112.68246  26.347062      98.79 8.9907e+01    373.158       8957  1027.8380  1027.8392    33.9564    33.9577    8.38747         30 0.0000e+00
    108.000    106.856    -1.4617  27.084329    -1.4632  27.084140     6.4693     6.6705     2.9673    90.8011 1.0000e-12  -74.00626 -112.68248  26.347076      99.45 8.9907e+01    374.361       8986  1027.8430  1027.8443    33.9566    33.9581    8.38759         28 0.0000e+00
    109.000    107.845    -1.4626  27.084403    -1.4641  27.084252     6.4671     6.6608     2.5597    90.1284 1.0000e-12  -74.00626 -112.68247  26.347090      99.70 9.1057e+01    375.536       9014  1027.8482  1027.8496    33.9571    33.9586    8.38776         29 0.0000e+00
    110.000    108.833    -1.4630  27.085212    -1.4645  27.084946     6.4527     6.6492     2.1672    90.0918 1.0000e-12  -74.00626 -112.68248  26.347103      99.72 9.0176e+01    376.706       9042  1027.8538  1027.8549    33.9580    33.9594    8.38779         28 0.0000e+00
    111.000    109.823    -1.4635  27.086308    -1.4650  27.086013     6.4585     6.6482     2.6872    90.6936 1.0000e-12  -74.00626 -112.68248  26.347117      99.75 9.0038e+01    377.872       9070  1027.8598  1027.8609    33.9595    33.9608    8.38782         27 0.0000e+00
    112.000    110.811    -1.4641  27.088121    -1.4657  27.087876     6.4601     6.6477     2.3261    91.7763 1.0000e-12  -74.00626 -112.68248  26.347130      99.72 9.0029e+01    379.043       9098  1027.8667  1027.8680    33.9620    33.9636    8.38780         29 0.0000e+00
    113.000    111.801    -1.4690  27.086113    -1.4707  27.085888     6.4289     6.6221     1.9177    91.5025 1.0000e-12  -74.00626 -112.68248  26.347144      99.71 9.0685e+01    380.227       9126  1027.8735  1027.8749    33.9642    33.9658    8.38877         29 0.0000e+00
    114.000    112.790    -1.4735  27.083630    -1.4751  27.083461     6.3842     6.5825     1.7888    91.6594 1.0000e-12  -74.00626 -112.68248  26.347158      99.74 9.0207e+01    381.465       9156  1027.8794  1027.8807    33.9653    33.9669    8.38973         30 0.0000e+00
    115.000    113.778    -1.4739  27.084758    -1.4754  27.084590     6.3846     6.5808     1.5532    91.4044 1.0000e-12  -74.00626 -112.68248  26.347172      99.75 9.0475e+01    382.692       9186  1027.8853  1027.8865    33.9667    33.9681    8.38973         28 0.0000e+00
    116.000    114.769    -1.4732  27.086637    -1.4746  27.086488     6.4287     6.6179     1.4208    91.9271 1.0000e-12  -74.00626 -112.68248  26.347186      99.77 9.0221e+01    383.857       9214  1027.8910  1027.8921    33.9678    33.9692    8.38950         28 0.0000e+00
