ocean_section_plots/required_files/ctd/dnbp2202_ctd110.cnv
* Sea-Bird SBE 9 Data File:
* FileName = D:\Data\raw\NBP2202_CTD110.hex
* Software Version Seasave V 7.26.7.121
* Temperature SN = 1649
* Conductivity SN = 2513
* Number of Bytes Per Scan = 40
* Number of Voltage Words = 5
* Number of Scans Averaged by the Deck Unit = 1
* NMEA Latitude = 74 10.52 S
* NMEA Longitude = 113 20.65 W
* NMEA UTC (Time) = Jan 27 2022  06:52:16
* NMEA baud rate = 9600
** Ship: RVIB N.B. Palmer
** Cruise: NBP2202 Thwaites
** Station: YoYo001
** Operator: B. Bjork
# nquan = 25
# nvalues = 608                         
# units = specified
# name 0 = prDM: Pressure, Digiquartz [db]
# name 1 = depSM: Depth [salt water, m]
# name 2 = t090C: Temperature [ITS-90, deg C]
# name 3 = c0mS/cm: Conductivity [mS/cm]
# name 4 = t190C: Temperature, 2 [ITS-90, deg C]
# name 5 = c1mS/cm: Conductivity, 2 [mS/cm]
# name 6 = sbeox0ML/L: Oxygen, SBE 43 [ml/l]
# name 7 = sbeox1ML/L: Oxygen, SBE 43, 2 [ml/l]
# name 8 = flECO-AFL: Fluorescence, WET Labs ECO-AFL/FL [mg/m^3]
# name 9 = CStarTr0: Beam Transmission, WET Labs C-Star [%]
# name 10 = par: PAR/Irradiance, Biospherical/Licor
# name 11 = latitude: Latitude [deg]
# name 12 = longitude: Longitude [deg]
# name 13 = timeJ: Julian Days
# name 14 = altM: Altimeter [m]
# name 15 = spar: SPAR, Biospherical/Licor
# name 16 = timeS: Time, Elapsed [seconds]
# name 17 = scan: Scan Count
# name 18 = density00: Density [density, kg/m^3]
# name 19 = density11: Density, 2 [density, kg/m^3]
# name 20 = sal00: Salinity, Practical [PSU]
# name 21 = sal11: Salinity, Practical, 2 [PSU]
# name 22 = oxsolML/L: Oxygen Saturation, Garcia & Gordon [ml/l]
# name 23 = nbin: number of scans per bin
# name 24 = flag: flag
# span 0 =     10.000,    617.000       
# span 1 =      9.893,    609.718       
# span 2 =    -1.4653,     0.1266       
# span 3 =  26.970393,  28.964873       
# span 4 =    -1.4639,     0.1288       
# span 5 =  26.970547,  28.964486       
# span 6 =     4.6778,     9.2236       
# span 7 =     4.7398,     9.0895       
# span 8 =    -0.0230,    27.3843       
# span 9 =    67.9215,    95.5999       
# span 10 = 1.0000e-12, 1.2192e+00      
# span 11 =  -74.17536,  -74.17534      
# span 12 = -113.34425, -113.34422      
# span 13 =  27.286676,  27.294189      
# span 14 =       7.72,     100.07      
# span 15 = 6.1694e+01, 6.8250e+01      
# span 16 =     32.836,    681.958      
# span 17 =        789,      16368      
# span 18 =  1027.2145,  1030.5290      
# span 19 =  1027.2131,  1030.5264      
# span 20 =    33.7901,    34.3920      
# span 21 =    33.7875,    34.3893      
# span 22 =    8.01782,    8.39653      
# span 23 =          5,         47      
# span 24 = 0.0000e+00, 0.0000e+00      
# interval = decibars: 1                
# start_time = Jan 27 2022 06:52:16 [NMEA time, header]
# bad_flag = -9.990e-29
*END*
[from data line 116]
    126.000    124.658    -1.2417  27.245588    -1.2405  27.244978     5.2835     5.3579    -0.0127    95.4838 1.0000e-12  -74.17536 -113.34424  27.288109      99.35 6.5255e+01    156.612       3760  1027.8884  1027.8866    33.9174    33.9152    8.34058         25 0.0000e+00
    127.000    125.647    -1.2375  27.250039    -1.2364  27.249423     5.2820     5.3488    -0.0081    95.5180 1.0000e-12  -74.17536 -113.34424  27.288121      99.86 6.7043e+01    157.635       3784  1027.8936  1027.8919    33.9180    33.9160    8.33959         24 0.0000e+00
    128.000    126.637    -1.2347  27.253735    -1.2331  27.253349     5.2937     5.3558    -0.0150    95.4990 1.0000e-12  -74.17536 -113.34424  27.288133      99.86 6.8022e+01    158.650       3809  1027.8994  1027.8975    33.9193    33.9170    8.33889         24 0.0000e+00
    129.000    127.624    -1.2297  27.259104    -1.2285  27.258512     5.3212     5.3853    -0.0150    95.5049 1.0000e-12  -74.17536 -113.34424  27.288144      99.86 6.5558e+01    159.675       3833  1027.9049  1027.9031    33.9204    33.9182    8.33772         25 0.0000e+00
    130.000    128.614    -1.2364  27.254782    -1.2374  27.252655     5.3443     5.4007    -0.0150    95.5084 1.0000e-12  -74.17536 -113.34424  27.288156      99.86 6.6841e+01    160.670       3857  1027.9112  1027.9098    33.9215    33.9197    8.33915         23 0.0000e+00
    131.000    129.603    -1.2528  27.242084    -1.2539  27.240009     5.3911     5.4309    -0.0150    95.5033 1.0000e-12  -74.17536 -113.34424  27.288167      99.86 6.8250e+01    161.654       3881  1027.9175  1027.9164    33.9220    33.9204    8.34278         24 0.0000e+00
    132.000    130.593    -1.2734  27.225224    -1.2694  27.227085     5.4608     5.4996    -0.0150    95.5055 1.0000e-12  -74.17536 -113.34424  27.288179      99.86 6.5170e+01    162.665       3905  1027.9234  1027.9215    33.9216    33.9196    8.34740         24 0.0000e+00
    133.000    131.581    -1.2933  27.207777    -1.2942  27.206863     5.5137     5.5606    -0.0094    95.4924 1.0000e-12  -74.17536 -113.34424  27.288191      99.87 6.5933e+01    163.669       3929  1027.9278  1027.9277    33.9195    33.9193    8.35198         25 0.0000e+00
    134.000    132.570    -1.3401  27.171406    -1.3392  27.171435     5.5538     5.5997    -0.0125    95.4958 1.0000e-12  -74.17536 -113.34424  27.288202      99.87 6.7115e+01    164.670       3953  1027.9374  1027.9366    33.9220    33.9211    8.36231         24 0.0000e+00
    135.000    133.559    -1.3523  27.163698    -1.3511  27.163542     5.5822     5.6253    -0.0147    95.5065 1.0000e-12  -74.17536 -113.34424  27.288214      99.86 6.5448e+01    165.687       3977  1027.9448  1027.9435    33.9246    33.9231    8.36488         24 0.0000e+00
    136.000    134.549    -1.3614  27.157592    -1.3607  27.157134     5.6030     5.6549    -0.0113    95.5065 1.0000e-12  -74.17536 -113.34424  27.288226      99.86 6.5595e+01    166.693       4002  1027.9510  1027.9498    33.9260    33.9245    8.36685         24 0.0000e+00
    137.000    135.536    -1.3719  27.150014    -1.3714  27.149539     5.6267     5.6829    -0.0101    95.5214 1.0000e-12  -74.17536 -113.34424  27.288237      99.87 6.7557e+01    167.678       4025  1027.9569  1027.9559    33.9268    33.9257    8.36916         24 0.0000e+00
    138.000    136.525    -1.3813  27.143138    -1.3808  27.142436     5.6442     5.7066    -0.0125    95.5353 1.0000e-12  -74.17536 -113.34424  27.288249      96.06 6.6345e+01    168.674       4049  1027.9625  1027.9612    33.9274    33.9259    8.37124         24 0.0000e+00
    139.000    137.516    -1.3965  27.132294    -1.3961  27.131819     5.6489     5.7172    -0.0077    95.5330 1.0000e-12  -74.17536 -113.34424  27.288260      94.17 6.5297e+01    169.673       4073  1027.9693  1027.9684    33.9291    33.9280    8.37454         23 0.0000e+00
    140.000    138.503    -1.3970  27.135545    -1.3957  27.135329     5.6508     5.7309    -0.0083    95.5421 1.0000e-12  -74.17536 -113.34424  27.288272      98.24 6.6949e+01    170.666       4097  1027.9774  1027.9760    33.9335    33.9318    8.37439         24 0.0000e+00
    141.000    139.494    -1.3925  27.142433    -1.3915  27.141928     5.6313     5.7170    -0.0226    95.5336 1.0000e-12  -74.17536 -113.34424  27.288283      99.88 6.6634e+01    171.678       4121  1027.9848  1027.9832    33.9373    33.9354    8.37316         25 0.0000e+00
    142.000    140.482    -1.3798  27.156407    -1.3783  27.156309     5.5752     5.6695    -0.0149    95.5420 1.0000e-12  -74.17536 -113.34424  27.288295      99.87 6.5807e+01    172.696       4146  1027.9920  1027.9904    33.9415    33.9397    8.37007         24 0.0000e+00
    143.000    141.472    -1.3609  27.175437    -1.3593  27.174246     5.5330     5.6207    -0.0150    95.5999 1.0000e-12  -74.17536 -113.34424  27.288307      99.86 6.6916e+01    173.687       4169  1027.9987  1027.9958    33.9455    33.9421    8.36558         24 0.0000e+00
    144.000    142.460    -1.3059  27.222839    -1.3060  27.221262     5.5151     5.6038    -0.0090    95.5956 1.0000e-12  -74.17536 -113.34424  27.288318      99.86 6.6405e+01    174.682       4193  1028.0017  1028.0000    33.9477    33.9456    8.35313         24 0.0000e+00
    145.000    143.450    -1.3020  27.226074    -1.2990  27.227363     5.5040     5.5921    -0.0077    95.5902 1.0000e-12  -74.17536 -113.34424  27.288330      99.86 6.5668e+01    175.687       4217  1028.0060  1028.0045    33.9471    33.9455    8.35229         24 0.0000e+00
    146.000    144.437    -1.3063  27.223496    -1.3039  27.223940     5.4861     5.5705    -0.0077    95.5822 1.0000e-12  -74.17536 -113.34424  27.288341      99.86 6.6150e+01    176.675       4241  1028.0117  1028.0100    33.9478    33.9457    8.35322         23 0.0000e+00
    147.000    145.427    -1.3001  27.229692    -1.2998  27.228348     5.4664     5.5526    -0.0077    95.5955 1.0000e-12  -74.17536 -113.34424  27.288353      99.86 6.6850e+01    177.669       4265  1028.0169  1028.0152    33.9486    33.9465    8.35177         25 0.0000e+00
    148.000    146.416    -1.2855  27.242444    -1.2799  27.245829     5.4528     5.5392    -0.0083    95.5977 1.0000e-12  -74.17536 -113.34424  27.288364      99.86 6.5238e+01    178.680       4289  1028.0212  1028.0195    33.9489    33.9472    8.34848         24 0.0000e+00
    149.000    147.405    -1.2725  27.254249    -1.2691  27.255354     5.4243     5.5151    -0.0128    95.5935 1.0000e-12  -74.17536 -113.34424  27.288376      99.86 6.5227e+01    179.669       4313  1028.0260  1028.0239    33.9498    33.9475    8.34554         23 0.0000e+00
    150.000    148.395    -1.2680  27.258192    -1.2630  27.261891     5.3801     5.4791    -0.0108    95.5892 1.0000e-12  -74.17536 -113.34424  27.288387      99.86 6.6840e+01    180.645       4336  1028.0305  1028.0297    33.9495    33.9489    8.34455         24 0.0000e+00
    151.000    149.381    -1.2456  27.280805    -1.2400  27.283241     5.3387     5.4343    -0.0214    95.5924 1.0000e-12  -74.17536 -113.34424  27.288399      99.87 6.5528e+01    181.641       4360  1028.0379  1028.0352    33.9545    33.9515    8.33925         24 0.0000e+00
    152.000    150.371    -1.2031  27.317064    -1.2033  27.314810     5.3132     5.4066    -0.0149    95.5721 1.0000e-12  -74.17536 -113.34424  27.288410      94.49 6.6537e+01    182.633       4384  1028.0409  1028.0388    33.9554    33.9526    8.32972         23 0.0000e+00
    153.000    151.362    -1.1871  27.331818    -1.1856  27.331395     5.3023     5.3993    -0.0076    95.5817 1.0000e-12  -74.17536 -113.34424  27.288421      99.91 6.6993e+01    183.613       4408  1028.0462  1028.0443    33.9568    33.9545    8.32607         24 0.0000e+00
    154.000    152.350    -1.1813  27.337275    -1.1788  27.337815     5.3011     5.3886    -0.0142    95.5784 1.0000e-12  -74.17536 -113.34424  27.288433      99.86 6.5348e+01    184.620       4432  1028.0512  1028.0494    33.9572    33.9551    8.32477         24 0.0000e+00
    155.000    153.338    -1.1794  27.339483    -1.1776  27.339412     5.3010     5.3864    -0.0150    95.5568 1.0000e-12  -74.17536 -113.34424  27.288445      99.86 6.5374e+01    185.610       4456  1028.0564  1028.0546    33.9573    33.9552    8.32432         24 0.0000e+00
    156.000    154.327    -1.1763  27.342969    -1.1748  27.342547     5.3005     5.3871    -0.0102    95.5554 1.0000e-12  -74.17536 -113.34424  27.288456      99.86 6.6381e+01    186.588       4479  1028.0618  1028.0599    33.9580    33.9557    8.32360         23 0.0000e+00
    157.000    155.316    -1.1736  27.345762    -1.1726  27.344982     5.2979     5.3833    -0.0076    95.5559 1.0000e-12  -74.17536 -113.34424  27.288467      99.86 6.5953e+01    187.582       4503  1028.0668  1028.0650    33.9581    33.9559    8.32299         24 0.0000e+00
    158.000    156.306    -1.1718  27.347892    -1.1702  27.347485     5.2745     5.3652    -0.0111    95.5526 1.0000e-12  -74.17536 -113.34424  27.288479      99.87 6.5516e+01    188.572       4527  1028.0719  1028.0700    33.9584    33.9560    8.32257         24 0.0000e+00
    159.000    157.292    -1.1605  27.359160    -1.1587  27.358817     5.2510     5.3371    -0.0150    95.5389 1.0000e-12  -74.17536 -113.34424  27.288490      99.87 6.6757e+01    189.553       4550  1028.0778  1028.0758    33.9604    33.9579    8.31994         24 0.0000e+00
    160.000    158.284    -1.1385  27.380650    -1.1387  27.378312     5.2213     5.3129    -0.0129    95.5208 1.0000e-12  -74.17536 -113.34424  27.288502      99.86 6.6192e+01    190.545       4574  1028.0845  1028.0821    33.9643    33.9613    8.31483         24 0.0000e+00
    161.000    159.271    -1.1172  27.400082    -1.1147  27.400452     5.2012     5.2894    -0.0077    95.5107 1.0000e-12  -74.17536 -113.34424  27.288513      99.86 6.5232e+01    191.536       4598  1028.0897  1028.0876    33.9661    33.9638    8.31000         23 0.0000e+00
    162.000    160.260    -1.1001  27.416772    -1.1009  27.413856     5.1910     5.2760    -0.0149    95.5172 1.0000e-12  -74.17536 -113.34424  27.288524      99.86 6.5805e+01    192.506       4621  1028.0958  1028.0935    33.9689    33.9659    8.30603         24 0.0000e+00
    163.000    161.249    -1.0903  27.425697    -1.0886  27.425144     5.1893     5.2704    -0.0144    95.5130 1.0000e-12  -74.17536 -113.34424  27.288536      99.86 6.6140e+01    193.481       4645  1028.1007  1028.0985    33.9694    33.9667    8.30384         23 0.0000e+00
    164.000    162.238    -1.0865  27.429646    -1.0864  27.427782     5.1903     5.2677    -0.0081    95.4864 1.0000e-12  -74.17536 -113.34424  27.288547      99.61 6.5235e+01    194.471       4668  1028.1059  1028.1038    33.9699    33.9672    8.30296         24 0.0000e+00
    165.000    163.228    -1.0860  27.430349    -1.0850  27.429448     5.1888     5.2661    -0.0127    95.4981 1.0000e-12  -74.17536 -113.34424  27.288558      97.85 6.5527e+01    195.438       4692  1028.1109  1028.1089    33.9697    33.9673    8.30288         23 0.0000e+00
    166.000    164.215    -1.0860  27.430851    -1.0843  27.430354     5.1873     5.2635    -0.0147    95.4811 1.0000e-12  -74.17536 -113.34424  27.288570      99.82 6.6313e+01    196.418       4715  1028.1160  1028.1138    33.9698    33.9671    8.30287         24 0.0000e+00
    167.000    165.206    -1.0833  27.433912    -1.0821  27.432985     5.1857     5.2632    -0.0144    95.4793 1.0000e-12  -74.17536 -113.34424  27.288581      99.87 6.5387e+01    197.409       4739  1028.1212  1028.1190    33.9703    33.9677    8.30224         23 0.0000e+00
    168.000    166.194    -1.0798  27.437505    -1.0782  27.436916     5.1864     5.2651    -0.0176    95.4737 1.0000e-12  -74.17536 -113.34424  27.288592      99.87 6.5150e+01    198.376       4762  1028.1262  1028.1240    33.9705    33.9680    8.30144         23 0.0000e+00
    169.000    167.183    -1.0792  27.438233    -1.0774  27.438073     5.1908     5.2607    -0.0224    95.4615 1.0000e-12  -74.17536 -113.34424  27.288604      99.87 6.6544e+01    199.351       4785  1028.1309  1028.1290    33.9703    33.9680    8.30133         24 0.0000e+00
    170.000    168.172    -1.0800  27.437826    -1.0777  27.438089     5.1890     5.2548    -0.0221    95.4681 1.0000e-12  -74.17536 -113.34424  27.288615      99.86 6.5224e+01    200.336       4809  1028.1357  1028.1338    33.9700    33.9678    8.30153         23 0.0000e+00
    171.000    169.160    -1.0788  27.439506    -1.0769  27.439388     5.1902     5.2610    -0.0221    95.4670 1.0000e-12  -74.17536 -113.34424  27.288626      99.86 6.5227e+01    201.309       4832  1028.1408  1028.1388    33.9704    33.9680    8.30124         23 0.0000e+00
    172.000    170.151    -1.0774  27.441349    -1.0754  27.441242     5.1872     5.2562    -0.0143    95.4571 1.0000e-12  -74.17536 -113.34424  27.288638      99.86 6.5227e+01    202.280       4856  1028.1458  1028.1438    33.9706    33.9682    8.30091         24 0.0000e+00
    173.000    171.136    -1.0772  27.442088    -1.0757  27.441533     5.2010     5.2664    -0.0150    95.4508 1.0000e-12  -74.17536 -113.34424  27.288649      99.87 6.5227e+01    203.268       4879  1028.1509  1028.1489    33.9708    33.9684    8.30085         24 0.0000e+00
    174.000    172.126    -1.0774  27.442401    -1.0761  27.441673     5.2029     5.2627    -0.0204    95.4535 1.0000e-12  -74.17536 -113.34424  27.288660      99.86 6.4699e+01    204.234       4903  1028.1558  1028.1538    33.9708    33.9684    8.30090         23 0.0000e+00
    175.000    173.115    -1.0809  27.439489    -1.0793  27.439200     5.2078     5.2693    -0.0167    95.4337 1.0000e-12  -74.17536 -113.34424  27.288671      99.87 6.6430e+01    205.196       4926  1028.1604  1028.1586    33.9702    33.9680    8.30171         23 0.0000e+00
    176.000    174.105    -1.0902  27.432292    -1.0873  27.433077     5.2293     5.2949    -0.0186    95.4503 1.0000e-12  -74.17536 -113.34424  27.288683      99.86 6.5061e+01    206.176       4949  1028.1660  1028.1640    33.9703    33.9681    8.30378         23 0.0000e+00
    177.000    175.094    -1.0868  27.435726    -1.0836  27.436705     5.2315     5.3059    -0.0192    95.4422 1.0000e-12  -74.17536 -113.34424  27.288694      99.86 6.4996e+01    207.142       4972  1028.1707  1028.1687    33.9705    33.9682    8.30300         23 0.0000e+00
    178.000    176.081    -1.1057  27.419525    -1.1058  27.418309     5.2087     5.2817    -0.0146    95.4492 1.0000e-12  -74.17536 -113.34424  27.288705      99.12 6.6013e+01    208.103       4995  1028.1757  1028.1745    33.9691    33.9676    8.30727         23 0.0000e+00
    179.000    177.071    -1.0974  27.431211    -1.0933  27.432185     5.1817     5.2561    -0.0150    95.4486 1.0000e-12  -74.17536 -113.34424  27.288716      96.35 6.5066e+01    209.078       5019  1028.1847  1028.1818    33.9752    33.9718    8.30509         24 0.0000e+00
    180.000    178.059    -1.0529  27.473748    -1.0502  27.474110     5.1622     5.2451    -0.0144    95.4614 1.0000e-12  -74.17536 -113.34424  27.288727      99.88 6.4535e+01    210.045       5042  1028.1922  1028.1900    33.9822    33.9796    8.29481         23 0.0000e+00
    181.000    179.048    -1.0472  27.479310    -1.0435  27.480693     5.1408     5.2210    -0.0073    95.4489 1.0000e-12  -74.17536 -113.34424  27.288739      99.86 6.5544e+01    211.011       5065  1028.1972  1028.1951    33.9827    33.9804    8.29353         23 0.0000e+00
    182.000    180.038    -1.0408  27.486000    -1.0384  27.486164     5.1212     5.2019    -0.0206    95.4454 1.0000e-12  -74.17536 -113.34424  27.288750      99.87 6.5520e+01    211.984       5089  1028.2027  1028.2006    33.9840    33.9815    8.29203         24 0.0000e+00
