ocean_section_plots/required_files/ctd/dnbp2202_ctd152.cnv
* Sea-Bird SBE 9 Data File:
* FileName = D:\Data\raw\NBP2202_CTD152.hex
* Software Version Seasave V 7.26.7.121
* Temperature SN = 1649
* Conductivity SN = 2513
* Number of Bytes Per Scan = 40
* Number of Voltage Words = 5
* Number of Scans Averaged by the Deck Unit = 1
* NMEA Latitude = 74 06.59 S
* NMEA Longitude = 113 19.34 W
* NMEA UTC (Time) = Jan 31 2022  12:10:33
* NMEA baud rate = 9600
** Ship: RVIB N.B. Palmer
** Cruise: NBP2202 Thwaites
** Station: Yo-Yo 002
** Operator: B. Bjork
# nquan = 28
# nvalues = 414                         
# units = specified
# name 0 = prDM: Pressure, Digiquartz [db]
# name 1 = depSM: Depth [salt water, m]
# name 2 = t090C: Temperature [ITS-90, deg C]
# name 3 = c0mS/cm: Conductivity [mS/cm]
# name 4 = t190C: Temperature, 2 [ITS-90, deg C]
# name 5 = c1mS/cm: Conductivity, 2 [mS/cm]
# name 6 = sbeox0ML/L: Oxygen, SBE 43 [ml/l]
# name 7 = sbeox1ML/L: Oxygen, SBE 43, 2 [ml/l]
# name 8 = flECO-AFL: Fluorescence, WET Labs ECO-AFL/FL [mg/m^3]
# name 9 = CStarTr0: Beam Transmission, WET Labs C-Star [%]
# name 10 = par: PAR/Irradiance, Biospherical/Licor
# name 11 = latitude: Latitude [deg]
# name 12 = longitude: Longitude [deg]
# name 13 = timeJ: Julian Days
# name 14 = altM: Altimeter [m]
# name 15 = spar: SPAR, Biospherical/Licor
# name 16 = timeS: Time, Elapsed [seconds]
# name 17 = scan: Scan Count
# name 18 = density00: Density [density, kg/m^3]
# name 19 = density11: Density, 2 [density, kg/m^3]
# name 20 = v3: Voltage 3
# name 21 = v4: Voltage 4
# name 22 = v5: Voltage 5
# name 23 = sal00: Salinity, Practical [PSU]
# name 24 = sal11: Salinity, Practical, 2 [PSU]
# name 25 = oxsolML/L: Oxygen Saturation, Garcia & Gordon [ml/l]
# name 26 = nbin: number of scans per bin
# name 27 = flag: flag
# span 0 =     10.000,    423.000       
# span 1 =      9.896,    418.195       
# span 2 =    -1.4492,    -0.1917       
# span 3 =  27.035220,  28.524427       
# span 4 =    -1.4481,    -0.1895       
# span 5 =  27.034931,  28.524220       
# span 6 =     4.7747,     7.9816       
# span 7 =     4.8670,     8.1571       
# span 8 =    -0.0223,    21.3011       
# span 9 =    71.2517,    93.6683       
# span 10 = -6.733e-05, 4.9887e+00      
# span 11 =  -74.10992,  -74.10990      
# span 12 = -113.32236, -113.32232      
# span 13 =  31.507694,  31.514814      
# span 14 =       5.29,     100.87      
# span 15 = 1.1104e+03, 1.1686e+03      
# span 16 =     31.788,    646.896      
# span 17 =        764,      15527      
# span 18 =  1027.2372,  1029.5452      
# span 19 =  1027.2355,  1029.5430      
# span 20 =     3.3806,     4.4435      
# span 21 =     0.0634,     3.3735      
# span 22 =     0.1210,     0.2419      
# span 23 =    33.8041,    34.2800      
# span 24 =    33.8023,    34.2771      
# span 25 =    8.09112,    8.38970      
# span 26 =         17,         49      
# span 27 = 0.0000e+00, 0.0000e+00      
# interval = decibars: 1                
# start_time = Jan 31 2022 12:10:33 [NMEA time, header]
# bad_flag = -9.990e-29
*END*
     10.000      9.896    -1.1265  27.205217    -1.1245  27.205475     7.9642     7.9004    16.9749    71.2517 4.9887e+00  -74.10992 -113.32234  31.507694     100.03 1.1106e+03     31.788        764  1027.2372  1027.2355     3.3806     2.7689     0.2189    33.8042    33.8023    8.32160         17 0.0000e+00
     11.000     10.886    -1.1230  27.208579    -1.1219  27.208160     7.9722     7.9369    17.5709    72.3053 3.7603e+00  -74.10992 -113.32233  31.507710      99.69 1.1131e+03     33.150        797  1027.2417  1027.2401     3.4306     2.6949     0.2044    33.8042    33.8024    8.32082         35 0.0000e+00
     12.000     11.876    -1.1242  27.207957    -1.1228  27.207742     7.9730     7.9761    18.9419    72.3069 2.8098e+00  -74.10992 -113.32233  31.507729      99.98 1.1131e+03     34.767        835  1027.2465  1027.2449     3.4306     2.9590     0.1952    33.8041    33.8023    8.32110         40 0.0000e+00
     13.000     12.865    -1.1250  27.207720    -1.1238  27.207450     7.9816     8.0084    17.7112    72.6041 2.1854e+00  -74.10992 -113.32233  31.507751      99.86 1.1113e+03     36.666        881  1027.2512  1027.2497     3.4447     2.6888     0.1959    33.8041    33.8023    8.32128         38 0.0000e+00
     14.000     13.855    -1.1237  27.209403    -1.1220  27.209629     7.9749     8.0331    19.7548    73.3857 1.6714e+00  -74.10992 -113.32233  31.507769      99.94 1.1104e+03     38.274        920  1027.2561  1027.2546     3.4816     2.7326     0.1881    33.8043    33.8026    8.32098         34 0.0000e+00
     15.000     14.845    -1.1238  27.209847    -1.1219  27.209983     7.9767     8.0426    17.1203    72.9736 1.2736e+00  -74.10992 -113.32233  31.507788      99.89 1.1109e+03     39.923        959  1027.2609  1027.2592     3.4626     2.7255     0.2255    33.8043    33.8024    8.32099         36 0.0000e+00
     16.000     15.832    -1.1233  27.210695    -1.1216  27.210616     7.9779     8.0586    19.3549    73.4152 9.7827e-01  -74.10992 -113.32233  31.507812      99.87 1.1122e+03     41.981       1009  1027.2657  1027.2639     3.4835     2.7386     0.2268    33.8044    33.8023    8.32089         38 0.0000e+00
     17.000     16.822    -1.1226  27.211698    -1.1210  27.211675     7.9793     8.0822    20.3949    72.6226 7.4601e-01  -74.10992 -113.32232  31.507838      99.94 1.1105e+03     44.192       1062  1027.2704  1027.2688     3.4460     3.0122     0.2187    33.8043    33.8024    8.32073         40 0.0000e+00
     18.000     17.814    -1.1227  27.212070    -1.1214  27.211782     7.9771     8.0847    17.6273    73.0791 5.8797e-01  -74.10992 -113.32232  31.507861      97.93 1.1118e+03     46.226       1110  1027.2752  1027.2736     3.4672     2.8307     0.1980    33.8043    33.8025    8.32076         45 0.0000e+00
     19.000     18.803    -1.1228  27.212477    -1.1213  27.212313     7.9777     8.0990    20.0685    72.8664 4.5836e-01  -74.10992 -113.32232  31.507884      99.80 1.1136e+03     48.205       1158  1027.2800  1027.2784     3.4572     2.6343     0.2028    33.8043    33.8024    8.32077         43 0.0000e+00
     20.000     19.791    -1.1229  27.212920    -1.1213  27.212788     7.9815     8.1224    17.6565    72.6653 3.4726e-01  -74.10992 -113.32232  31.507911      99.92 1.1117e+03     50.470       1212  1027.2848  1027.2832     3.4477     2.8584     0.2097    33.8044    33.8024    8.32078         45 0.0000e+00
     21.000     20.782    -1.1240  27.212478    -1.1221  27.212602     7.9747     8.1305    18.7511    72.2024 2.6795e-01  -74.10992 -113.32232  31.507935      99.97 1.1129e+03     52.571       1263  1027.2897  1027.2881     3.4255     3.0503     0.2093    33.8044    33.8025    8.32103         39 0.0000e+00
     22.000     21.770    -1.1226  27.214065    -1.1213  27.213774     7.9685     8.1308    19.2684    72.8512 2.0891e-01  -74.10992 -113.32234  31.507958      99.95 1.1146e+03     54.544       1310  1027.2945  1027.2929     3.4567     2.8264     0.2180    33.8044    33.8025    8.32073         38 0.0000e+00
     23.000     22.763    -1.1227  27.214551    -1.1211  27.214346     7.9768     8.1327    19.7420    71.9564 1.5914e-01  -74.10992 -113.32234  31.507984      99.97 1.1138e+03     56.836       1365  1027.2994  1027.2976     3.4146     3.1720     0.2298    33.8045    33.8025    8.32073         35 0.0000e+00
     24.000     23.750    -1.1227  27.214916    -1.1211  27.214782     7.9804     8.1444    19.7444    72.5592 1.1891e-01  -74.10992 -113.32234  31.508009      96.05 1.1138e+03     58.939       1416  1027.3041  1027.3024     3.4426     2.6121     0.1945    33.8044    33.8024    8.32074         48 0.0000e+00
     25.000     24.739    -1.1216  27.216296    -1.1200  27.216174     7.9762     8.1442    19.6564    72.2412 8.2267e-02  -74.10992 -113.32234  31.508033     100.02 1.1133e+03     61.034       1466  1027.3088  1027.3071     3.4276     2.8673     0.2208    33.8044    33.8024    8.32050         44 0.0000e+00
     26.000     25.730    -1.1219  27.216492    -1.1208  27.216057     7.9746     8.1457    19.4585    72.3896 5.8483e-02  -74.10992 -113.32234  31.508059      99.96 1.1139e+03     63.295       1520  1027.3137  1027.3122     3.4346     2.9332     0.1992    33.8044    33.8026    8.32057         41 0.0000e+00
     27.000     26.720    -1.1225  27.216493    -1.1217  27.215892     7.9741     8.1507    17.8392    72.5104 3.8393e-02  -74.10992 -113.32234  31.508080      99.95 1.1160e+03     65.100       1563  1027.3185  1027.3171     3.4403     2.7707     0.2282    33.8045    33.8027    8.32070         35 0.0000e+00
     28.000     27.707    -1.1181  27.220587    -1.1144  27.222192     7.9688     8.1507    16.7452    72.9830 1.9136e-02  -74.10992 -113.32234  31.508099      99.82 1.1151e+03     66.748       1603  1027.3231  1027.3212     3.4627     2.5439     0.1944    33.8045    33.8025    8.31972         36 0.0000e+00
     29.000     28.697    -1.1120  27.226388    -1.1100  27.226705     7.9612     8.1482    18.3167    73.3919 4.5090e-03  -74.10992 -113.32235  31.508126      99.87 1.1123e+03     69.046       1658  1027.3278  1027.3263     3.4821     2.7565     0.1959    33.8049    33.8031    8.31833         43 0.0000e+00
     30.000     29.687    -1.1112  27.227720    -1.1081  27.229010     7.9578     8.1508    18.1740    72.5818 -6.733e-05  -74.10992 -113.32235  31.508146      99.87 1.1144e+03     70.851       1701  1027.3329  1027.3313     3.4435     2.7140     0.2089    33.8052    33.8034    8.31814         36 0.0000e+00
     31.000     30.678    -1.1126  27.227056    -1.1094  27.228261     7.9645     8.1535    20.4281    72.6749 1.0000e-12  -74.10992 -113.32235  31.508169      98.61 1.1161e+03     72.785       1748  1027.3379  1027.3362     3.4483     2.9958     0.2297    33.8053    33.8033    8.31846         42 0.0000e+00
     32.000     31.665    -1.1075  27.231921    -1.1052  27.232306     7.9603     8.1522    17.4329    72.4378 1.0000e-12  -74.10992 -113.32235  31.508197      99.98 1.1153e+03     75.238       1807  1027.3427  1027.3409     3.4361     3.1226     0.1881    33.8056    33.8035    8.31731         41 0.0000e+00
     33.000     32.656    -1.1062  27.233554    -1.1040  27.234230     7.9552     8.1474    18.4666    72.8768 1.0000e-12  -74.10992 -113.32235  31.508221      99.93 1.1179e+03     77.267       1855  1027.3475  1027.3461     3.4576     2.9630     0.2099    33.8057    33.8041    8.31701         34 0.0000e+00
     34.000     33.645    -1.1037  27.236727    -1.1016  27.237034     7.9504     8.1507    19.0251    71.6124 1.0000e-12  -74.10992 -113.32235  31.508242      99.74 1.1186e+03     79.135       1900  1027.3530  1027.3513     3.3975     2.5474     0.2235    33.8066    33.8046    8.31640         41 0.0000e+00
     35.000     34.635    -1.1031  27.237975    -1.1014  27.237785     7.9520     8.1490    21.3011    72.7020 1.0000e-12  -74.10992 -113.32235  31.508266      99.83 1.1171e+03     81.208       1950  1027.3581  1027.3563     3.4495     2.6966     0.2355    33.8069    33.8048    8.31623         44 0.0000e+00
     36.000     35.624    -1.1028  27.238558    -1.1014  27.238311     7.9540     8.1464    20.4309    72.6349 1.0000e-12  -74.10992 -113.32235  31.508292      99.93 1.1157e+03     83.417       2003  1027.3628  1027.3612     3.4463     3.1679     0.2371    33.8068    33.8049    8.31618         41 0.0000e+00
     37.000     36.613    -1.1043  27.237705    -1.1020  27.238269     7.9521     8.1502    18.4208    71.9409 1.0000e-12  -74.10992 -113.32235  31.508315      95.64 1.1171e+03     85.405       2051  1027.3676  1027.3661     3.4132     2.6949     0.1941    33.8067    33.8049    8.31652         43 0.0000e+00
     38.000     37.605    -1.1039  27.238603    -1.1023  27.238506     7.9608     8.1509    20.1957    72.0663 1.0000e-12  -74.10992 -113.32235  31.508337      99.63 1.1174e+03     87.289       2096  1027.3725  1027.3709     3.4201     2.7029     0.2160    33.8068    33.8049    8.31642         35 0.0000e+00
     39.000     38.592    -1.1044  27.238627    -1.1025  27.238809     7.9584     8.1441    18.9787    71.7474 1.0000e-12  -74.10992 -113.32234  31.508363      99.89 1.1158e+03     89.528       2150  1027.3774  1027.3758     3.4045     3.1260     0.2110    33.8068    33.8049    8.31653         36 0.0000e+00
     40.000     39.581    -1.1041  27.239149    -1.1028  27.238741     7.9510     8.1441    19.7921    72.5019 1.0000e-12  -74.10992 -113.32235  31.508388      99.91 1.1179e+03     91.720       2202  1027.3821  1027.3803     3.4399     3.3735     0.2007    33.8066    33.8046    8.31649         40 0.0000e+00
     41.000     40.572    -1.1065  27.238367    -1.1032  27.239657     7.9371     8.1397    20.1707    73.5393 1.0000e-12  -74.10992 -113.32236  31.508410      99.95 1.1186e+03     93.634       2248  1027.3878  1027.3860     3.4885     2.8943     0.2419    33.8076    33.8057    8.31696         38 0.0000e+00
     42.000     41.561    -1.1030  27.242403    -1.1017  27.242027     7.9465     8.1436    19.2658    72.3212 1.0000e-12  -74.10992 -113.32234  31.508434      99.86 1.1181e+03     95.689       2298  1027.3931  1027.3915     3.4314     2.6883     0.2102    33.8085    33.8065    8.31612         41 0.0000e+00
     43.000     42.551    -1.1043  27.241039    -1.1025  27.241139     7.9499     8.1502    21.0024    73.1873 1.0000e-12  -74.10992 -113.32234  31.508460      98.49 1.1180e+03     97.933       2351  1027.3972  1027.3956     3.4724     2.9827     0.2053    33.8075    33.8056    8.31647         45 0.0000e+00
     44.000     43.540    -1.1036  27.242204    -1.1015  27.242428     7.9570     8.1485    18.2637    73.1256 1.0000e-12  -74.10992 -113.32234  31.508483      99.22 1.1195e+03     99.894       2398  1027.4021  1027.4004     3.4695     2.7122     0.2169    33.8077    33.8057    8.31630         41 0.0000e+00
     45.000     44.530    -1.1039  27.241914    -1.1023  27.241782     7.9549     8.1553    18.9365    72.8581 1.0000e-12  -74.10992 -113.32234  31.508504      99.91 1.1190e+03    101.721       2442  1027.4064  1027.4047     3.4570     2.8993     0.2121    33.8071    33.8051    8.31642         42 0.0000e+00
     46.000     45.521    -1.1040  27.242079    -1.1023  27.242060     7.9597     8.1571    17.5088    72.3249 1.0000e-12  -74.10992 -113.32234  31.508530      99.97 1.1162e+03    103.976       2496  1027.4110  1027.4093     3.4313     3.1717     0.2214    33.8067    33.8048    8.31645         28 0.0000e+00
     47.000     46.508    -1.1017  27.244889    -1.1004  27.244383     7.9507     8.1523    18.6550    72.3750 1.0000e-12  -74.10992 -113.32234  31.508555      99.79 1.1178e+03    106.187       2549  1027.4161  1027.4144     3.4338     2.7170     0.2028    33.8073    33.8052    8.31590         37 0.0000e+00
     48.000     47.498    -1.1000  27.247073    -1.0982  27.247240     7.9438     8.1550    17.8646    73.1969 1.0000e-12  -74.10992 -113.32234  31.508575      99.97 1.1191e+03    107.892       2590  1027.4212  1027.4196     3.4728     2.9039     0.1839    33.8078    33.8060    8.31550         41 0.0000e+00
     49.000     48.486    -1.0989  27.248711    -1.0971  27.248672     7.8839     8.0752    18.4395    72.3381 1.0000e-12  -74.10992 -113.32234  31.508600      98.84 1.1180e+03    109.996       2641  1027.4263  1027.4245     3.4320     2.9873     0.2062    33.8082    33.8061    8.31524         38 0.0000e+00
     50.000     49.475    -1.1203  27.233604    -1.1211  27.232449     7.6937     7.8841    18.1840    73.0394 1.0000e-12  -74.10992 -113.32234  31.508626      95.57 1.1192e+03    112.323       2697  1027.4348  1027.4342     3.4653     3.0107     0.2130    33.8110    33.8103    8.31982         36 0.0000e+00
     51.000     50.467    -1.1435  27.216653    -1.1541  27.209953     7.4563     7.7405    19.0611    73.0078 1.0000e-12  -74.10992 -113.32235  31.508648      99.95 1.1176e+03    114.179       2741  1027.4428  1027.4458     3.4642     2.7951     0.2050    33.8134    33.8162    8.32484         40 0.0000e+00
     52.000     51.455    -1.1905  27.184513    -1.1755  27.194966     7.4534     7.6986    18.6578    72.5939 1.0000e-12  -74.10992 -113.32235  31.508670      99.92 1.1173e+03    116.056       2786  1027.4570  1027.4539     3.4441     2.9549     0.2221    33.8218    33.8192    8.33480         43 0.0000e+00
     53.000     52.445    -1.1783  27.194201    -1.1774  27.193863     7.4898     7.7023    18.4109    72.2458 1.0000e-12  -74.10992 -113.32235  31.508695      99.82 1.1191e+03    118.278       2840  1027.4597  1027.4584     3.4277     2.6486     0.2099    33.8207    33.8193    8.33216         40 0.0000e+00
     54.000     53.435    -1.1836  27.190507    -1.1784  27.193997     7.4171     7.6173    19.0504    73.3282 1.0000e-12  -74.10992 -113.32235  31.508720      99.80 1.1193e+03    120.428       2891  1027.4648  1027.4635     3.4793     2.5566     0.2056    33.8211    33.8199    8.33332         45 0.0000e+00
     55.000     54.424    -1.1995  27.178893    -1.1986  27.178413     7.3690     7.5699    18.4324    73.7488 1.0000e-12  -74.10992 -113.32235  31.508742      99.65 1.1187e+03    122.346       2937  1027.4715  1027.4701     3.4990     2.3239     0.2003    33.8225    33.8208    8.33678         43 0.0000e+00
     56.000     55.414    -1.2089  27.171864    -1.2066  27.172998     7.3388     7.5356    15.9434    74.0420 1.0000e-12  -74.10992 -113.32235  31.508766      99.54 1.1206e+03    124.342       2985  1027.4768  1027.4758     3.5134     2.3660     0.2024    33.8228    33.8217    8.33886         39 0.0000e+00
     57.000     56.401    -1.2142  27.168400    -1.2115  27.169046     7.3399     7.5212    17.8233    75.9276 1.0000e-12  -74.10992 -113.32235  31.508791      99.84 1.1200e+03    126.532       3038  1027.4821  1027.4803     3.6024     2.7845     0.2159    33.8234    33.8212    8.33999         38 0.0000e+00
     58.000     57.392    -1.2154  27.167928    -1.2140  27.167656     7.3135     7.4970    15.0118    75.1224 1.0000e-12  -74.10992 -113.32235  31.508815      99.83 1.1201e+03    128.618       3088  1027.4869  1027.4853     3.5647     2.6883     0.2176    33.8235    33.8215    8.34025         45 0.0000e+00
     59.000     58.382    -1.2258  27.160466    -1.2232  27.161593     7.2513     7.4329    16.6392    75.2023 1.0000e-12  -74.10992 -113.32235  31.508838      99.55 1.1226e+03    130.617       3136  1027.4928  1027.4916     3.5672     2.2000     0.2061    33.8244    33.8230    8.34252         39 0.0000e+00
     60.000     59.371    -1.2327  27.155423    -1.2323  27.154507     7.2221     7.3928    15.9312    76.2718 1.0000e-12  -74.10992 -113.32235  31.508860      99.52 1.1218e+03    132.484       3181  1027.4981  1027.4967     3.6186     2.1866     0.1947    33.8247    33.8229    8.34405         41 0.0000e+00
