ocean_section_plots/required_files/ctd/dnbp2202_ctd131.cnv
* Sea-Bird SBE 9 Data File:
* FileName = D:\Data\raw\NBP2202_CTD131.hex
* Software Version Seasave V 7.26.7.121
* Temperature SN = 1649
* Conductivity SN = 2513
* Number of Bytes Per Scan = 40
* Number of Voltage Words = 5
* Number of Scans Averaged by the Deck Unit = 1
* NMEA Latitude = 74 06.28 S
* NMEA Longitude = 112 07.19 W
* NMEA UTC (Time) = Jan 28 2022  02:10:37
* NMEA baud rate = 9600
** Ship: RVIB N.B. Palmer
** Cruise: NBP2202 Thwaites
** Station: 60
** Operator: A. Robinson
# nquan = 25
# nvalues = 793                         
# units = specified
# name 0 = prDM: Pressure, Digiquartz [db]
# name 1 = depSM: Depth [salt water, m]
# name 2 = t090C: Temperature [ITS-90, deg C]
# name 3 = c0mS/cm: Conductivity [mS/cm]
# name 4 = t190C: Temperature, 2 [ITS-90, deg C]
# name 5 = c1mS/cm: Conductivity, 2 [mS/cm]
# name 6 = sbeox0ML/L: Oxygen, SBE 43 [ml/l]
# name 7 = sbeox1ML/L: Oxygen, SBE 43, 2 [ml/l]
# name 8 = flECO-AFL: Fluorescence, WET Labs ECO-AFL/FL [mg/m^3]
# name 9 = CStarTr0: Beam Transmission, WET Labs C-Star [%]
# name 10 = par: PAR/Irradiance, Biospherical/Licor
# name 11 = latitude: Latitude [deg]
# name 12 = longitude: Longitude [deg]
# name 13 = timeJ: Julian Days
# name 14 = altM: Altimeter [m]
# name 15 = spar: SPAR, Biospherical/Licor
# name 16 = timeS: Time, Elapsed [seconds]
# name 17 = scan: Scan Count
# name 18 = density00: Density [density, kg/m^3]
# name 19 = density11: Density, 2 [density, kg/m^3]
# name 20 = sal00: Salinity, Practical [PSU]
# name 21 = sal11: Salinity, Practical, 2 [PSU]
# name 22 = oxsolML/L: Oxygen Saturation, Garcia & Gordon [ml/l]
# name 23 = nbin: number of scans per bin
# name 24 = flag: flag
# span 0 =      3.000,    795.000       
# span 1 =      2.966,    785.271       
# span 2 =    -1.5096,     0.5506       
# span 3 =  27.078752,  29.533576       
# span 4 =    -1.5095,     0.5532       
# span 5 =  27.078711,  29.533583       
# span 6 =     4.5690,     8.8651       
# span 7 =     4.6668,     9.1019       
# span 8 =    -0.0073,    27.5183       
# span 9 =    68.9570,    94.7151       
# span 10 = -5.214e-07, 6.6747e+01      
# span 11 =  -74.10478,  -74.10478      
# span 12 = -112.11990, -112.11982      
# span 13 =  28.093815,  28.106441      
# span 14 =       1.55,     100.09      
# span 15 = 1.4660e+02, 2.1266e+02      
# span 16 =    268.630,   1359.533      
# span 17 =       6448,      32630      
# span 18 =  1027.1947,  1031.4690      
# span 19 =  1027.1972,  1031.4666      
# span 20 =    33.8074,    34.5665      
# span 21 =    33.8100,    34.5638      
# span 22 =    7.92049,    8.39645      
# span 23 =         24,         50      
# span 24 = 0.0000e+00, 0.0000e+00      
# interval = decibars: 1                
# start_time = Jan 28 2022 02:10:37 [NMEA time, header]
# bad_flag = -9.990e-29
*END*
[from data line 174]
    177.000    175.095    -1.4816  27.146458    -1.4812  27.146201     6.3430     6.5053     0.1823    94.0413 1.0000e-12  -74.10478 -112.11988  28.096753      99.78 2.0592e+02    522.489      12541  1028.2274  1028.2268    34.0217    34.0210    8.38819         27 0.0000e+00
    178.000    176.081    -1.4774  27.151550    -1.4769  27.151564     6.3401     6.4928     0.5409    94.3424 1.0000e-12  -74.10478 -112.11988  28.096767      99.78 2.0626e+02    523.663      12569  1028.2333  1028.2328    34.0233    34.0228    8.38714         28 0.0000e+00
    179.000    177.073    -1.4747  27.154991    -1.4746  27.154532     6.3373     6.4944     0.1456    94.3018 1.0000e-12  -74.10478 -112.11988  28.096781      99.77 2.0497e+02    524.847      12597  1028.2388  1028.2382    34.0244    34.0236    8.38647         29 0.0000e+00
    180.000    178.059    -1.4729  27.157372    -1.4725  27.157390     6.3317     6.4934     0.1960    94.2920 1.0000e-12  -74.10478 -112.11988  28.096794      96.72 2.0613e+02    526.019      12625  1028.2441  1028.2437    34.0250    34.0246    8.38604         28 0.0000e+00
    181.000    179.048    -1.4719  27.159018    -1.4716  27.158806     6.3228     6.4910     0.1573    94.1941 1.0000e-12  -74.10478 -112.11988  28.096808      86.66 2.0638e+02    527.181      12653  1028.2492  1028.2488    34.0255    34.0249    8.38578         28 0.0000e+00
    182.000    180.039    -1.4707  27.160885    -1.4705  27.160570     6.3242     6.4880     0.1431    94.4193 1.0000e-12  -74.10478 -112.11988  28.096821      97.23 2.0510e+02    528.319      12681  1028.2545  1028.2539    34.0261    34.0254    8.38547         27 0.0000e+00
    183.000    181.026    -1.4681  27.164232    -1.4676  27.164113     6.3234     6.4854     0.1510    94.3814 1.0000e-12  -74.10478 -112.11988  28.096834      99.75 2.0554e+02    529.451      12708  1028.2599  1028.2593    34.0271    34.0264    8.38482         27 0.0000e+00
    184.000    182.014    -1.4669  27.165931    -1.4666  27.165689     6.3218     6.4868     0.1309    94.3456 1.0000e-12  -74.10478 -112.11988  28.096847      99.78 2.0682e+02    530.595      12735  1028.2651  1028.2645    34.0275    34.0268    8.38454         28 0.0000e+00
    185.000    183.004    -1.4660  27.167774    -1.4659  27.167515     6.3216     6.4839     0.1287    94.3886 1.0000e-12  -74.10478 -112.11988  28.096861      99.78 2.0621e+02    531.776      12764  1028.2705  1028.2701    34.0283    34.0279    8.38427         29 0.0000e+00
    186.000    183.993    -1.4638  27.171356    -1.4638  27.170693     6.3244     6.4851     0.1526    94.4274 1.0000e-12  -74.10478 -112.11988  28.096874      99.77 2.0593e+02    532.944      12792  1028.2767  1028.2760    34.0302    34.0293    8.38367         27 0.0000e+00
    187.000    184.982    -1.4606  27.175076    -1.4603  27.174863     6.3216     6.4859     0.1301    94.4840 1.0000e-12  -74.10478 -112.11988  28.096887      99.78 2.0707e+02    534.059      12818  1028.2820  1028.2815    34.0310    34.0304    8.38289         26 0.0000e+00
    188.000    185.970    -1.4618  27.174745    -1.4624  27.173756     6.3152     6.4774     0.1275    94.3459 1.0000e-12  -74.10478 -112.11988  28.096900      99.78 2.0770e+02    535.183      12845  1028.2872  1028.2866    34.0313    34.0306    8.38315         28 0.0000e+00
    189.000    186.960    -1.4604  27.176794    -1.4610  27.175463     6.3133     6.4766     0.1394    94.1019 1.0000e-12  -74.10478 -112.11988  28.096914      99.78 2.0631e+02    536.382      12874  1028.2924  1028.2915    34.0319    34.0308    8.38280         29 0.0000e+00
    190.000    187.947    -1.4556  27.181387    -1.4560  27.180466     6.3035     6.4689     0.1779    94.4058 1.0000e-12  -74.10478 -112.11988  28.096928      99.78 2.0798e+02    537.597      12903  1028.2972  1028.2965    34.0322    34.0313    8.38172         29 0.0000e+00
    191.000    188.938    -1.4527  27.185592    -1.4527  27.184876     6.2852     6.4538     0.6683    94.3755 1.0000e-12  -74.10478 -112.11988  28.096942      99.77 2.0717e+02    538.747      12931  1028.3034  1028.3026    34.0341    34.0331    8.38095         27 0.0000e+00
    192.000    189.925    -1.4418  27.197717    -1.4400  27.198301     6.2720     6.4417     0.3250    94.3633 1.0000e-12  -74.10478 -112.11988  28.096954      92.37 2.0483e+02    539.854      12958  1028.3104  1028.3093    34.0377    34.0365    8.37827         26 0.0000e+00
    193.000    190.914    -1.4271  27.212250    -1.4269  27.211710     6.2569     6.4221     0.1565    94.2542 1.0000e-12  -74.10478 -112.11988  28.096967      98.17 2.0727e+02    540.980      12985  1028.3165  1028.3157    34.0404    34.0393    8.37481         28 0.0000e+00
    194.000    191.903    -1.4176  27.221899    -1.4169  27.221566     6.2514     6.4034     1.1638    94.3523 1.0000e-12  -74.10478 -112.11988  28.096981      99.76 2.0741e+02    542.160      13013  1028.3224  1028.3213    34.0422    34.0409    8.37257         29 0.0000e+00
    195.000    192.891    -1.4095  27.230985    -1.4090  27.230702     6.2456     6.4033     0.2821    94.2359 1.0000e-12  -74.10478 -112.11988  28.096995      99.78 2.0479e+02    543.364      13042  1028.3289  1028.3281    34.0448    34.0439    8.37058         28 0.0000e+00
    196.000    193.880    -1.4092  27.232376    -1.4089  27.232033     6.2422     6.4136     0.3221    94.0815 1.0000e-12  -74.10478 -112.11988  28.097008      99.78 2.0747e+02    544.527      13070  1028.3347  1028.3340    34.0459    34.0450    8.37047         28 0.0000e+00
    197.000    194.869    -1.4097  27.232958    -1.4093  27.232726     6.2439     6.4163     0.1183    94.3778 1.0000e-12  -74.10478 -112.11988  28.097022      99.78 2.0704e+02    545.665      13097  1028.3402  1028.3396    34.0466    34.0458    8.37053         27 0.0000e+00
    198.000    195.858    -1.4117  27.232710    -1.4116  27.232203     6.2499     6.4133     0.1198    94.4393 1.0000e-12  -74.10478 -112.11988  28.097035      99.78 2.0502e+02    546.791      13124  1028.3464  1028.3456    34.0479    34.0470    8.37090         27 0.0000e+00
    199.000    196.846    -1.4109  27.234517    -1.4106  27.234049     6.2540     6.4082     0.1658    94.3797 1.0000e-12  -74.10478 -112.11988  28.097048      99.77 2.0667e+02    547.927      13151  1028.3519  1028.3512    34.0488    34.0479    8.37066         27 0.0000e+00
    200.000    197.835    -1.4097  27.235994    -1.4096  27.235417     6.2552     6.4100     0.1005    94.4279 1.0000e-12  -74.10478 -112.11988  28.097061      99.78 2.0699e+02    549.096      13179  1028.3568  1028.3560    34.0489    34.0480    8.37040         29 0.0000e+00
    201.000    198.824    -1.4082  27.237872    -1.4082  27.237217     6.2534     6.4035     0.0947    94.4634 1.0000e-12  -74.10478 -112.11988  28.097075      99.77 2.0530e+02    550.281      13208  1028.3618  1028.3610    34.0492    34.0482    8.37005         28 0.0000e+00
    202.000    199.813    -1.4075  27.239150    -1.4076  27.238112     6.2593     6.3991     0.1021    94.4123 1.0000e-12  -74.10478 -112.11988  28.097089      99.78 2.0553e+02    551.458      13236  1028.3668  1028.3658    34.0494    34.0482    8.36986         29 0.0000e+00
    203.000    200.801    -1.4054  27.241615    -1.4050  27.241353     6.2804     6.4223     0.1144    94.3705 1.0000e-12  -74.10478 -112.11988  28.097102      99.78 2.0744e+02    552.629      13264  1028.3719  1028.3712    34.0499    34.0490    8.36938         27 0.0000e+00
    204.000    201.790    -1.4134  27.234912    -1.4120  27.236009     6.2989     6.4426     0.1215    94.4276 1.0000e-12  -74.10478 -112.11988  28.097115      91.51 2.0472e+02    553.763      13291  1028.3767  1028.3765    34.0491    34.0490    8.37122         27 0.0000e+00
    205.000    202.778    -1.4297  27.222371    -1.4284  27.222803     6.2906     6.4451     0.1229    94.4357 1.0000e-12  -74.10478 -112.11988  28.097129      99.94 2.0545e+02    554.919      13319  1028.3830  1028.3823    34.0497    34.0489    8.37483         28 0.0000e+00
    206.000    203.767    -1.4224  27.229653    -1.4214  27.229640     6.2835     6.4335     0.1065    94.4916 1.0000e-12  -74.10478 -112.11988  28.097143      99.78 2.0667e+02    556.140      13348  1028.3882  1028.3872    34.0509    34.0497    8.37314         31 0.0000e+00
    207.000    204.755    -1.4186  27.233557    -1.4186  27.232942     6.2768     6.4287     0.1052    94.4134 1.0000e-12  -74.10478 -112.11988  28.097157      99.78 2.0357e+02    557.337      13377  1028.3931  1028.3924    34.0512    34.0504    8.37224         27 0.0000e+00
    208.000    205.745    -1.4182  27.234873    -1.4177  27.234562     6.2625     6.4280     0.1022    94.4376 1.0000e-12  -74.10478 -112.11988  28.097170      99.77 2.0430e+02    558.464      13404  1028.3985  1028.3976    34.0520    34.0511    8.37212         27 0.0000e+00
    209.000    206.734    -1.4135  27.240411    -1.4124  27.240281     6.2394     6.3975     0.1022    94.2699 1.0000e-12  -74.10478 -112.11988  28.097183      99.79 2.0618e+02    559.615      13432  1028.4043  1028.4031    34.0536    34.0522    8.37096         29 0.0000e+00
    210.000    207.721    -1.3970  27.256362    -1.3955  27.256406     6.2112     6.3694     0.0905    94.4793 1.0000e-12  -74.10478 -112.11988  28.097197      99.78 2.0410e+02    560.815      13461  1028.4101  1028.4086    34.0562    34.0545    8.36710         29 0.0000e+00
    211.000    208.712    -1.3791  27.273554    -1.3742  27.276633     6.2026     6.3708     0.1006    94.4880 1.0000e-12  -74.10478 -112.11988  28.097211      99.78 2.0462e+02    561.996      13489  1028.4159  1028.4146    34.0588    34.0576    8.36293         26 0.0000e+00
    212.000    209.700    -1.3780  27.276352    -1.3773  27.276191     6.2199     6.3685     0.0949    94.4513 1.0000e-12  -74.10478 -112.11988  28.097224      99.78 2.0649e+02    563.151      13517  1028.4224  1028.4216    34.0608    34.0598    8.36256         27 0.0000e+00
    213.000    210.688    -1.3769  27.278052    -1.3744  27.279317     6.2090     6.3670     0.0943    94.3790 1.0000e-12  -74.10478 -112.11988  28.097238      99.78 2.0417e+02    564.319      13545  1028.4277  1028.4266    34.0613    34.0602    8.36229         28 0.0000e+00
    214.000    211.675    -1.3744  27.280746    -1.3743  27.279996     6.2114     6.3695     0.0910    94.5237 1.0000e-12  -74.10478 -112.11988  28.097251      99.77 2.0444e+02    565.511      13573  1028.4327  1028.4317    34.0616    34.0604    8.36173         29 0.0000e+00
    215.000    212.666    -1.3743  27.281091    -1.3744  27.280355     6.2085     6.3591     0.1061    94.4915 1.0000e-12  -74.10478 -112.11988  28.097265      99.47 2.0664e+02    566.690      13602  1028.4372  1028.4366    34.0613    34.0604    8.36171         28 0.0000e+00
    216.000    213.651    -1.3735  27.282779    -1.3727  27.282531     6.1977     6.3530     0.0912    94.4628 1.0000e-12  -74.10478 -112.11988  28.097278      99.51 2.0480e+02    567.833      13629  1028.4427  1028.4416    34.0620    34.0608    8.36148         26 0.0000e+00
    217.000    214.642    -1.3628  27.293162    -1.3619  27.292838     6.1859     6.3458     0.0848    94.2117 1.0000e-12  -74.10478 -112.11988  28.097291      99.78 2.0413e+02    568.950      13656  1028.4480  1028.4469    34.0635    34.0621    8.35900         29 0.0000e+00
    218.000    215.633    -1.3574  27.298308    -1.3570  27.297720     6.1814     6.3408     0.0896    94.4764 1.0000e-12  -74.10478 -112.11988  28.097305      99.78 2.0618e+02    570.116      13684  1028.4529  1028.4519    34.0639    34.0626    8.35777         27 0.0000e+00
    219.000    216.618    -1.3526  27.303273    -1.3534  27.301475     6.1625     6.3261     0.0800    94.4505 1.0000e-12  -74.10478 -112.11988  28.097318      99.77 2.0549e+02    571.294      13712  1028.4580  1028.4569    34.0645    34.0630    8.35665         28 0.0000e+00
    220.000    217.608    -1.3493  27.306846    -1.3486  27.306541     6.1398     6.3032     0.0835    94.4266 1.0000e-12  -74.10478 -112.11988  28.097331      99.78 2.0315e+02    572.433      13739  1028.4632  1028.4621    34.0651    34.0638    8.35588         27 0.0000e+00
    221.000    218.597    -1.3369  27.319100    -1.3327  27.321445     6.1149     6.2775     0.1091    94.5224 1.0000e-12  -74.10478 -112.11988  28.097345      99.78 2.0634e+02    573.568      13767  1028.4689  1028.4674    34.0672    34.0656    8.35297         28 0.0000e+00
    222.000    219.585    -1.3207  27.334141    -1.3193  27.334236     6.1008     6.2593     0.1082    94.2850 1.0000e-12  -74.10478 -112.11988  28.097358      99.78 2.0613e+02    574.727      13794  1028.4741  1028.4729    34.0688    34.0674    8.34926         28 0.0000e+00
    223.000    220.574    -1.3090  27.345843    -1.3077  27.345623     6.0990     6.2571     0.1331    94.4595 1.0000e-12  -74.10478 -112.11987  28.097372      99.78 2.0355e+02    575.897      13823  1028.4801  1028.4786    34.0710    34.0692    8.34652         28 0.0000e+00
    224.000    221.563    -1.3045  27.350869    -1.3040  27.350171     6.0980     6.2486     0.1124    94.4826 1.0000e-12  -74.10478 -112.11988  28.097385      99.78 2.0646e+02    577.092      13851  1028.4857  1028.4844    34.0721    34.0706    8.34543         29 0.0000e+00
    225.000    222.550    -1.3009  27.354947    -1.3003  27.354362     6.0893     6.2445     0.1047    94.4833 1.0000e-12  -74.10478 -112.11986  28.097399      99.78 2.0602e+02    578.293      13880  1028.4912  1028.4900    34.0731    34.0716    8.34459         29 0.0000e+00
    226.000    223.541    -1.2935  27.362994    -1.2932  27.362166     6.0971     6.2500     0.0909    94.4505 1.0000e-12  -74.10478 -112.11988  28.097412      89.09 2.0436e+02    579.435      13907  1028.4973  1028.4961    34.0750    34.0736    8.34281         26 0.0000e+00
    227.000    224.528    -1.2938  27.363650    -1.2932  27.363306     6.0951     6.2505     0.0998    94.4750 1.0000e-12  -74.10478 -112.11988  28.097426      99.43 2.0626e+02    580.563      13935  1028.5028  1028.5018    34.0757    34.0745    8.34285         28 0.0000e+00
    228.000    225.516    -1.2948  27.363699    -1.2940  27.363516     6.0964     6.2532     0.0895    94.4567 1.0000e-12  -74.10478 -112.11988  28.097439      99.78 2.0650e+02    581.752      13963  1028.5083  1028.5072    34.0763    34.0750    8.34304         29 0.0000e+00
    229.000    226.505    -1.2962  27.363257    -1.2958  27.362548     6.1021     6.2508     0.8812    94.4064 1.0000e-12  -74.10478 -112.11988  28.097453      99.78 2.0388e+02    582.929      13991  1028.5136  1028.5123    34.0766    34.0751    8.34333         27 0.0000e+00
    230.000    227.494    -1.2968  27.363014    -1.2963  27.362620     6.0996     6.2561     0.1003    94.3239 1.0000e-12  -74.10478 -112.11988  28.097466      99.78 2.0580e+02    584.042      14018  1028.5182  1028.5174    34.0763    34.0752    8.34347         27 0.0000e+00
    231.000    228.482    -1.2969  27.363473    -1.2963  27.363060     6.1059     6.2444     0.1011    94.2505 1.0000e-12  -74.10478 -112.11988  28.097479      99.79 2.0587e+02    585.152      14045  1028.5231  1028.5222    34.0764    34.0752    8.34348         27 0.0000e+00
    232.000    229.470    -1.2973  27.363508    -1.2963  27.363447     6.1025     6.2514     0.0815    94.3661 1.0000e-12  -74.10478 -112.11988  28.097492      99.78 2.0488e+02    586.300      14072  1028.5280  1028.5270    34.0763    34.0751    8.34358         28 0.0000e+00
    233.000    230.459    -1.2973  27.363979    -1.2966  27.363513     6.1053     6.2534     0.1089    94.4846 1.0000e-12  -74.10478 -112.11988  28.097505      99.78 2.0556e+02    587.465      14100  1028.5329  1028.5317    34.0763    34.0749    8.34358         28 0.0000e+00
