ocean_section_plots/required_files/ctd/dnbp2202_ctd164.cnv
* Sea-Bird SBE 9 Data File:
* FileName = D:\Data\raw\NBP2202_CTD164.hex
* Software Version Seasave V 7.26.7.121
* Temperature SN = 1649
* Conductivity SN = 2513
* Number of Bytes Per Scan = 40
* Number of Voltage Words = 5
* Number of Scans Averaged by the Deck Unit = 1
* NMEA Latitude = 74 14.28 S
* NMEA Longitude = 112 17.86 W
* NMEA UTC (Time) = Feb 01 2022  02:32:13
* NMEA baud rate = 9600
** Ship: RVIB N.B. Palmer
** Cruise: NBP2202 Thwaites
** Station: 86
** Operator: A. Robinson
# nquan = 28
# nvalues = 505                         
# units = specified
# name 0 = prDM: Pressure, Digiquartz [db]
# name 1 = depSM: Depth [salt water, m]
# name 2 = t090C: Temperature [ITS-90, deg C]
# name 3 = c0mS/cm: Conductivity [mS/cm]
# name 4 = t190C: Temperature, 2 [ITS-90, deg C]
# name 5 = c1mS/cm: Conductivity, 2 [mS/cm]
# name 6 = sbeox0ML/L: Oxygen, SBE 43 [ml/l]
# name 7 = sbeox1ML/L: Oxygen, SBE 43, 2 [ml/l]
# name 8 = flECO-AFL: Fluorescence, WET Labs ECO-AFL/FL [mg/m^3]
# name 9 = CStarTr0: Beam Transmission, WET Labs C-Star [%]
# name 10 = par: PAR/Irradiance, Biospherical/Licor
# name 11 = latitude: Latitude [deg]
# name 12 = longitude: Longitude [deg]
# name 13 = timeJ: Julian Days
# name 14 = altM: Altimeter [m]
# name 15 = spar: SPAR, Biospherical/Licor
# name 16 = timeS: Time, Elapsed [seconds]
# name 17 = scan: Scan Count
# name 18 = density00: Density [density, kg/m^3]
# name 19 = density11: Density, 2 [density, kg/m^3]
# name 20 = v3: Voltage 3
# name 21 = v4: Voltage 4
# name 22 = v5: Voltage 5
# name 23 = sal00: Salinity, Practical [PSU]
# name 24 = sal11: Salinity, Practical, 2 [PSU]
# name 25 = oxsolML/L: Oxygen Saturation, Garcia & Gordon [ml/l]
# name 26 = nbin: number of scans per bin
# name 27 = flag: flag
# span 0 =      2.000,    506.000       
# span 1 =      1.991,    500.168       
# span 2 =    -1.5610,    -0.1275       
# span 3 =  27.018156,  28.652630       
# span 4 =    -1.5600,    -0.1259       
# span 5 =  27.018566,  28.651600       
# span 6 =     4.8818,     7.7417       
# span 7 =     4.9939,     7.8533       
# span 8 =     0.0045,    13.6106       
# span 9 =    77.3857,    93.7150       
# span 10 = -4.807e-05, 7.5578e+01      
# span 11 =  -74.23806,  -74.23802      
# span 12 = -112.29784, -112.29778      
# span 13 =  32.108942,  32.116912      
# span 14 =      10.32,     100.19      
# span 15 = 1.2945e+03, 1.3499e+03      
# span 16 =    279.561,    968.186      
# span 17 =       6710,      23237      
# span 18 =  1027.2012,  1029.9703      
# span 19 =  1027.2030,  1029.9683      
# span 20 =     3.6716,     4.4458      
# span 21 =     0.0707,     2.0934      
# span 22 =     0.1145,     0.2174      
# span 23 =    33.8075,    34.3291      
# span 24 =    33.8091,    34.3260      
# span 25 =    8.07473,    8.40966      
# span 26 =          3,         46      
# span 27 = 0.0000e+00, 0.0000e+00      
# interval = decibars: 1                
# start_time = Feb 01 2022 02:32:13 [NMEA time, header]
# bad_flag = -9.990e-29
*END*
[from data line 363]
    365.000    360.903    -1.0249  27.697868    -1.0239  27.697582     5.7708     5.9079     0.0795    93.4407 1.0000e-12  -74.23804 -112.29782  32.114707      99.85 1.3268e+03    777.674      18665  1029.2020  1029.2007     4.4328     0.0833     0.1207    34.1421    34.1405    8.27926         37 0.0000e+00
    366.000    361.890    -1.0429  27.682752    -1.0402  27.683825     5.8366     5.9737     0.0645    93.4843 1.0000e-12  -74.23804 -112.29782  32.114724      99.84 1.3290e+03    779.183      18701  1029.2079  1029.2065     4.4348     0.0819     0.1214    34.1413    34.1397    8.28327         31 0.0000e+00
    367.000    362.878    -1.0730  27.656603    -1.0719  27.657391     5.8516     5.9907     0.0565    93.4922 1.0000e-12  -74.23804 -112.29782  32.114737      99.85 1.3280e+03    780.266      18727  1029.2135  1029.2133     4.4353     0.0825     0.1238    34.1392    34.1391    8.29005         23 0.0000e+00
    368.000    363.868    -1.0933  27.642935    -1.0922  27.642186     5.8577     5.9972     0.0589    93.4949 1.0000e-12  -74.23804 -112.29782  32.114747      99.84 1.3259e+03    781.184      18749  1029.2229  1029.2209     4.4353     0.0812     0.1207    34.1430    34.1406    8.29431         22 0.0000e+00
    369.000    364.853    -1.0891  27.647551    -1.0876  27.647252     5.8589     5.9918     0.0631    93.4893 1.0000e-12  -74.23804 -112.29782  32.114759      99.84 1.3244e+03    782.141      18772  1029.2280  1029.2263     4.4351     0.0815     0.1205    34.1438    34.1418    8.29332         25 0.0000e+00
    370.000    365.842    -1.0825  27.654292    -1.0818  27.653439     5.8388     5.9754     0.0598    93.4855 1.0000e-12  -74.23804 -112.29782  32.114771      99.85 1.3254e+03    783.253      18799  1029.2332  1029.2317     4.4349     0.0808     0.1235    34.1450    34.1431    8.29180         29 0.0000e+00
    371.000    366.830    -1.0851  27.654313    -1.0847  27.652589     5.8402     5.9723     0.0669    93.4817 1.0000e-12  -74.23804 -112.29783  32.114787      76.73 1.3307e+03    784.584      18831  1029.2401  1029.2379     4.4347     0.0790     0.1220    34.1473    34.1446    8.29223         33 0.0000e+00
    372.000    367.818    -1.0780  27.661543    -1.0772  27.661323     5.8381     5.9831     0.0744    93.4864 1.0000e-12  -74.23804 -112.29783  32.114802      86.85 1.3308e+03    785.860      18862  1029.2454  1029.2443     4.4350     0.0799     0.1228    34.1486    34.1473    8.29060         28 0.0000e+00
    373.000    368.805    -1.0926  27.650785    -1.0913  27.650441     5.8424     5.9837     0.0534    93.4894 1.0000e-12  -74.23804 -112.29783  32.114814      97.56 1.3282e+03    786.933      18887  1029.2522  1029.2507     4.4351     0.0839     0.1223    34.1498    34.1479    8.29375         24 0.0000e+00
    374.000    369.793    -1.0925  27.651858    -1.0912  27.651496     5.8427     5.9834     0.0732    93.4809 1.0000e-12  -74.23804 -112.29783  32.114825      99.85 1.3269e+03    787.916      18911  1029.2577  1029.2560     4.4347     0.0851     0.1238    34.1506    34.1486    8.29369         23 0.0000e+00
    375.000    370.783    -1.0928  27.652073    -1.0916  27.651617     5.8437     5.9846     0.0855    93.4809 1.0000e-12  -74.23804 -112.29783  32.114837      99.84 1.3283e+03    788.918      18935  1029.2624  1029.2607     4.4347     0.0868     0.1210    34.1506    34.1486    8.29375         25 0.0000e+00
    376.000    371.769    -1.0938  27.651798    -1.0924  27.651454     5.8389     5.9831     0.0656    93.4563 1.0000e-12  -74.23804 -112.29782  32.114849      99.85 1.3304e+03    789.932      18959  1029.2673  1029.2656     4.4335     0.1011     0.1225    34.1507    34.1486    8.29396         24 0.0000e+00
    377.000    372.758    -1.0934  27.652759    -1.0920  27.652523     5.8397     5.9764     0.0650    93.5116 1.0000e-12  -74.23804 -112.29782  32.114861      99.85 1.3310e+03    790.986      18985  1029.2722  1029.2706     4.4361     0.0814     0.1199    34.1509    34.1491    8.29385         27 0.0000e+00
    378.000    373.745    -1.0909  27.655672    -1.0893  27.655557     5.8293     5.9745     0.0683    93.4840 1.0000e-12  -74.23804 -112.29782  32.114875      99.85 1.3300e+03    792.183      19013  1029.2772  1029.2756     4.4348     0.0814     0.1238    34.1515    34.1495    8.29327         31 0.0000e+00
    379.000    374.732    -1.0888  27.658283    -1.0873  27.658233     5.8243     5.9809     0.1934    93.4212 1.0000e-12  -74.23804 -112.29782  32.114890      99.85 1.3277e+03    793.473      19044  1029.2823  1029.2808     4.4319     0.0817     0.1281    34.1521    34.1502    8.29278         28 0.0000e+00
    380.000    375.722    -1.0906  27.657747    -1.0887  27.657929     5.8423     5.9900     0.1815    93.4528 1.0000e-12  -74.23804 -112.29782  32.114902      99.85 1.3279e+03    794.537      19070  1029.2877  1029.2862     4.4334     0.0849     0.1196    34.1527    34.1509    8.29313         23 0.0000e+00
    381.000    376.709    -1.0940  27.656161    -1.0924  27.656212     5.8611     5.9979     0.0693    93.4481 1.0000e-12  -74.23804 -112.29782  32.114913      99.85 1.3292e+03    795.442      19092  1029.2936  1029.2922     4.4332     0.0825     0.1181    34.1538    34.1521    8.29382         22 0.0000e+00
    382.000    377.697    -1.1009  27.651038    -1.0987  27.651623     5.8656     5.9985     0.0662    93.4889 1.0000e-12  -74.23804 -112.29782  32.114923      99.84 1.3296e+03    796.353      19113  1029.2991  1029.2976     4.4350     0.0827     0.1207    34.1541    34.1523    8.29533         23 0.0000e+00
    383.000    378.684    -1.1103  27.643679    -1.1084  27.644083     5.8869     6.0163     0.0727    93.4426 1.0000e-12  -74.23804 -112.29782  32.114937      85.81 1.3305e+03    797.553      19142  1029.3046  1029.3032     4.4329     0.0788     0.1212    34.1541    34.1525    8.29742         34 0.0000e+00
    384.000    379.672    -1.1251  27.631400    -1.1227  27.632546     5.9348     6.0598     0.0791    93.4272 1.0000e-12  -74.23804 -112.29782  32.114957      90.23 1.3301e+03    799.279      19184  1029.3098  1029.3088     4.4321     0.0778     0.1263    34.1535    34.1524    8.30072         36 0.0000e+00
    385.000    380.657    -1.1559  27.607086    -1.1529  27.608707     5.9582     6.0897     0.0563    93.4365 1.0000e-12  -74.23804 -112.29782  32.114970      99.96 1.3263e+03    800.410      19211  1029.3177  1029.3166     4.4326     0.0809     0.1192    34.1547    34.1535    8.30748         22 0.0000e+00
    386.000    381.651    -1.1636  27.601481    -1.1624  27.601463     5.9554     6.0958     0.1229    93.5137 1.0000e-12  -74.23804 -112.29782  32.114980      99.84 1.3274e+03    801.278      19232  1029.3233  1029.3221     4.4362     0.0884     0.1210    34.1551    34.1538    8.30916         20 0.0000e+00
    387.000    382.635    -1.1679  27.598863    -1.1665  27.598832     5.9595     6.0943     0.1457    93.5140 1.0000e-12  -74.23804 -112.29784  32.114990      99.85 1.3291e+03    802.121      19252  1029.3287  1029.3273     4.4362     0.0805     0.1207    34.1558    34.1542    8.31007         21 0.0000e+00
    388.000    383.624    -1.1726  27.595813    -1.1714  27.595704     5.9702     6.1001     0.1191    93.5059 1.0000e-12  -74.23804 -112.29782  32.115002      99.84 1.3300e+03    803.148      19277  1029.3341  1029.3328     4.4359     0.0778     0.1197    34.1564    34.1549    8.31108         29 0.0000e+00
    389.000    384.611    -1.1799  27.591022    -1.1780  27.591589     5.9849     6.1200     0.0713    93.4901 1.0000e-12  -74.23804 -112.29783  32.115018      99.85 1.3294e+03    804.595      19311  1029.3400  1029.3388     4.4351     0.0857     0.1197    34.1575    34.1561    8.31263         38 0.0000e+00
    390.000    385.598    -1.2006  27.574855    -1.1998  27.574449     6.0021     6.1413     0.1309    93.5849 1.0000e-12  -74.23804 -112.29783  32.115035      99.85 1.3278e+03    806.049      19346  1029.3467  1029.3456     4.4396     0.0835     0.1190    34.1583    34.1569    8.31718         28 0.0000e+00
    391.000    386.587    -1.2104  27.567369    -1.2095  27.567047     6.0053     6.1480     0.0209    93.5851 1.0000e-12  -74.23804 -112.29782  32.115047      99.85 1.3278e+03    807.069      19371  1029.3523  1029.3511     4.4397     0.0761     0.1145    34.1587    34.1572    8.31936         22 0.0000e+00
    392.000    387.574    -1.2154  27.563689    -1.2141  27.564053     5.9893     6.1433     0.2399    93.5954 1.0000e-12  -74.23804 -112.29783  32.115057      99.85 1.3303e+03    807.936      19391  1029.3572  1029.3563     4.4401     0.0757     0.1197    34.1587    34.1576    8.32046         20 0.0000e+00
    393.000    388.563    -1.2169  27.564012    -1.2157  27.563726     6.0006     6.1513     0.0379    93.5896 1.0000e-12  -74.23804 -112.29783  32.115067      99.84 1.3310e+03    808.817      19413  1029.3631  1029.3617     4.4399     0.0780     0.1178    34.1602    34.1584    8.32070         23 0.0000e+00
    394.000    389.549    -1.2157  27.565423    -1.2139  27.565877     6.0073     6.1592     0.0351    93.5921 1.0000e-12  -74.23804 -112.29783  32.115079      99.85 1.3305e+03    809.862      19438  1029.3676  1029.3664     4.4400     0.0770     0.1178    34.1601    34.1588    8.32043         28 0.0000e+00
    395.000    390.537    -1.2209  27.561724    -1.2196  27.561633     5.9672     6.1147     0.0396    93.6165 1.0000e-12  -74.23804 -112.29783  32.115094      82.56 1.3270e+03    811.129      19468  1029.3727  1029.3714     4.4411     0.0747     0.1181    34.1604    34.1588    8.32158         32 0.0000e+00
    396.000    391.525    -1.1964  27.585932    -1.1955  27.584003     5.9576     6.1050     0.0458    93.6615 1.0000e-12  -74.23804 -112.29783  32.115110      97.34 1.3278e+03    812.469      19500  1029.3792  1029.3762     4.4432     0.0758     0.1197    34.1651    34.1614    8.31587         31 0.0000e+00
    397.000    392.513    -1.1716  27.606810    -1.1723  27.605527     5.9805     6.1242     0.0975    93.6529 1.0000e-12  -74.23804 -112.29782  32.115123      99.83 1.3279e+03    813.618      19528  1029.3819  1029.3813     4.4428     0.0774     0.1169    34.1647    34.1639    8.31037         25 0.0000e+00
    398.000    393.500    -1.2120  27.572571    -1.2121  27.572208     5.9841     6.1277     0.0334    93.6376 1.0000e-12  -74.23804 -112.29782  32.115134      99.85 1.3289e+03    814.611      19552  1029.3885  1029.3883     4.4421     0.0760     0.1191    34.1633    34.1629    8.31944         22 0.0000e+00
    399.000    394.487    -1.2206  27.567869    -1.2193  27.567982     5.9783     6.1305     0.0292    93.6570 1.0000e-12  -74.23804 -112.29782  32.115146      99.85 1.3292e+03    815.585      19575  1029.3960  1029.3948     4.4430     0.0765     0.1190    34.1660    34.1647    8.32118         25 0.0000e+00
    400.000    395.478    -1.2051  27.583338    -1.2036  27.583038     5.9748     6.1214     0.0295    93.6642 1.0000e-12  -74.23804 -112.29782  32.115157      99.85 1.3275e+03    816.586      19599  1029.4019  1029.4001     4.4433     0.0877     0.1186    34.1689    34.1668    8.31756         24 0.0000e+00
    401.000    396.466    -1.1963  27.591601    -1.1939  27.592423     5.9614     6.1109     0.0199    93.6386 1.0000e-12  -74.23804 -112.29782  32.115169      99.84 1.3264e+03    817.620      19624  1029.4065  1029.4050     4.4422     0.0784     0.1169    34.1697    34.1680    8.31558         25 0.0000e+00
    402.000    397.452    -1.1924  27.595533    -1.1902  27.596268     5.9583     6.1039     0.0144    93.6398 1.0000e-12  -74.23804 -112.29782  32.115182      99.85 1.3267e+03    818.725      19650  1029.4113  1029.4099     4.4422     0.0794     0.1168    34.1700    34.1685    8.31469         29 0.0000e+00
    403.000    398.439    -1.1909  27.597570    -1.1896  27.597307     5.9461     6.0937     0.0321    93.6574 1.0000e-12  -74.23804 -112.29782  32.115196      99.85 1.3271e+03    819.950      19680  1029.4162  1029.4148     4.4430     0.0778     0.1178    34.1704    34.1686    8.31432         29 0.0000e+00
    404.000    399.428    -1.1889  27.600004    -1.1881  27.599361     5.9208     6.0732     0.0312    93.6549 1.0000e-12  -74.23804 -112.29782  32.115210      99.84 1.3245e+03    821.102      19707  1029.4213  1029.4197     4.4429     0.0752     0.1197    34.1709    34.1690    8.31386         25 0.0000e+00
    405.000    400.416    -1.1740  27.614547    -1.1697  27.616902     5.9197     6.0659     0.0182    93.6748 1.0000e-12  -74.23804 -112.29782  32.115221      99.85 1.3247e+03    822.097      19731  1029.4268  1029.4252     4.4438     0.0769     0.1202    34.1731    34.1715    8.31040         23 0.0000e+00
    406.000    401.401    -1.1622  27.626069    -1.1586  27.627535     5.9125     6.0665     0.0321    93.6690 1.0000e-12  -74.23804 -112.29782  32.115232      99.85 1.3273e+03    823.042      19754  1029.4321  1029.4302     4.4436     0.0767     0.1182    34.1749    34.1728    8.30769         23 0.0000e+00
    407.000    402.391    -1.1557  27.632072    -1.1527  27.633246     5.8839     6.0408     0.0379    93.6730 1.0000e-12  -74.23804 -112.29782  32.115244      99.85 1.3267e+03    824.060      19778  1029.4368  1029.4351     4.4437     0.0752     0.1214    34.1751    34.1733    8.30624         26 0.0000e+00
    408.000    403.379    -1.1417  27.645960    -1.1394  27.645576     5.8430     5.9949     0.0296    93.6782 1.0000e-12  -74.23804 -112.29782  32.115257      79.13 1.3272e+03    825.207      19806  1029.4425  1029.4398     4.4440     0.0753     0.1184    34.1776    34.1744    8.30299         30 0.0000e+00
    409.000    404.366    -1.0945  27.688478    -1.0939  27.686735     5.8393     5.9876     0.0289    93.6833 1.0000e-12  -74.23804 -112.29782  32.115271      97.23 1.3261e+03    826.452      19836  1029.4470  1029.4445     4.4442     0.0761     0.1183    34.1813    34.1782    8.29232         28 0.0000e+00
    410.000    405.354    -1.0985  27.685608    -1.0981  27.684629     5.8692     6.0171     0.0289    93.6758 1.0000e-12  -74.23804 -112.29782  32.115285      99.87 1.3261e+03    827.584      19863  1029.4524  1029.4510     4.4439     0.0920     0.1195    34.1813    34.1796    8.29320         26 0.0000e+00
    411.000    406.342    -1.1190  27.667558    -1.1210  27.665358     5.8930     6.0393     0.0289    93.6327 1.0000e-12  -74.23804 -112.29782  32.115296      99.85 1.3278e+03    828.591      19887  1029.4574  1029.4570     4.4419     0.0763     0.1180    34.1794    34.1786    8.29786         24 0.0000e+00
    412.000    407.328    -1.1433  27.648725    -1.1417  27.648815     5.9059     6.0433     0.0267    93.6598 1.0000e-12  -74.23804 -112.29782  32.115308      99.85 1.3293e+03    829.597      19911  1029.4651  1029.4637     4.4431     0.0748     0.1199    34.1807    34.1790    8.30316         24 0.0000e+00
    413.000    408.318    -1.1467  27.646582    -1.1454  27.646312     5.9100     6.0421     0.0219    93.6651 1.0000e-12  -74.23804 -112.29782  32.115320      99.85 1.3258e+03    830.641      19936  1029.4704  1029.4689     4.4434     0.0761     0.1184    34.1810    34.1792    8.30389         26 0.0000e+00
    414.000    409.304    -1.1409  27.652339    -1.1392  27.652404     5.9031     6.0410     0.0234    93.6510 1.0000e-12  -74.23804 -112.29782  32.115333      99.85 1.3228e+03    831.769      19963  1029.4753  1029.4737     4.4427     0.0754     0.1192    34.1817    34.1798    8.30257         28 0.0000e+00
    415.000    410.293    -1.1369  27.656534    -1.1361  27.655840     5.8998     6.0397     0.0208    93.6735 1.0000e-12  -74.23804 -112.29781  32.115347      99.84 1.3237e+03    832.958      19992  1029.4802  1029.4786     4.4438     0.0738     0.1212    34.1822    34.1803    8.30165         28 0.0000e+00
