ocean_section_plots/required_files/ctd/dnbp2202_ctd212.cnv
* Sea-Bird SBE 9 Data File:
* FileName = D:\Data\raw\NBP2202_CTD212.hex
* Software Version Seasave V 7.26.7.121
* Temperature SN = 1649
* Conductivity SN = 2513
* Number of Bytes Per Scan = 40
* Number of Voltage Words = 5
* Number of Scans Averaged by the Deck Unit = 1
* NMEA Latitude = 74 08.59 S
* NMEA Longitude = 113 21.25 W
* NMEA UTC (Time) = Feb 10 2022  10:09:41
* NMEA baud rate = 9600
** Ship: RVIB N.B. Palmer
** Cruise: NBP2202 Thwaites
** Station: Tow-Yo #3
** Operator: B. Bjork
# nquan = 28
# nvalues = 495                         
# units = specified
# name 0 = prDM: Pressure, Digiquartz [db]
# name 1 = depSM: Depth [salt water, m]
# name 2 = t090C: Temperature [ITS-90, deg C]
# name 3 = c0mS/cm: Conductivity [mS/cm]
# name 4 = t190C: Temperature, 2 [ITS-90, deg C]
# name 5 = c1mS/cm: Conductivity, 2 [mS/cm]
# name 6 = sbeox0ML/L: Oxygen, SBE 43 [ml/l]
# name 7 = sbeox1ML/L: Oxygen, SBE 43, 2 [ml/l]
# name 8 = flECO-AFL: Fluorescence, WET Labs ECO-AFL/FL [mg/m^3]
# name 9 = CStarTr0: Beam Transmission, WET Labs C-Star [%]
# name 10 = par: PAR/Irradiance, Biospherical/Licor
# name 11 = latitude: Latitude [deg]
# name 12 = longitude: Longitude [deg]
# name 13 = timeJ: Julian Days
# name 14 = altM: Altimeter [m]
# name 15 = spar: SPAR, Biospherical/Licor
# name 16 = timeS: Time, Elapsed [seconds]
# name 17 = scan: Scan Count
# name 18 = density00: Density [density, kg/m^3]
# name 19 = density11: Density, 2 [density, kg/m^3]
# name 20 = v3: Voltage 3
# name 21 = v4: Voltage 4
# name 22 = v5: Voltage 5
# name 23 = sal00: Salinity, Practical [PSU]
# name 24 = sal11: Salinity, Practical, 2 [PSU]
# name 25 = oxsolML/L: Oxygen Saturation, Garcia & Gordon [ml/l]
# name 26 = nbin: number of scans per bin
# name 27 = flag: flag
# span 0 =     10.000,    504.000       
# span 1 =      9.894,    498.177       
# span 2 =    -1.5295,    -0.0895       
# span 3 =  26.946798,  28.676538       
# span 4 =    -1.5278,    -0.0871       
# span 5 =  26.945204,  28.676626       
# span 6 =     4.7698,     8.6487       
# span 7 =     4.8964,     8.8404       
# span 8 =    -0.0226,    18.3806       
# span 9 =    76.4334,    97.9447       
# span 10 = 1.0000e-12, 6.5699e-01      
# span 11 =  -74.14477,  -74.14332      
# span 12 = -113.35375, -113.34528      
# span 13 =  41.423848,  41.430992      
# span 14 =       8.55,     100.09      
# span 15 = 3.1724e+01, 3.9767e+01      
# span 16 =     39.464,    656.679      
# span 17 =        948,      15761      
# span 18 =  1027.1929,  1029.9529      
# span 19 =  1027.1912,  1029.9507      
# span 20 =     3.6263,     4.6463      
# span 21 =     0.0639,     2.8482      
# span 22 =     0.1253,     0.2375      
# span 23 =    33.7502,    34.3190      
# span 24 =    33.7483,    34.3164      
# span 25 =    8.06730,    8.40927      
# span 26 =         20,         74      
# span 27 = 0.0000e+00, 0.0000e+00      
# interval = decibars: 1                
# start_time = Feb 10 2022 10:09:41 [NMEA time, header]
# bad_flag = -9.990e-29
*END*
[from data line 311]
    321.000    317.433    -0.4535  28.192861    -0.4518  28.192239     4.9246     5.0609    -0.0148    97.6748 1.0000e-12  -74.14422 -113.34855  41.428235      99.88 3.8562e+01    418.487      10045  1029.0059  1029.0037     4.6336     0.0697     0.1373    34.1923    34.1895    8.15200         30 0.0000e+00
    322.000    318.420    -0.4528  28.194129    -0.4505  28.194206     4.9223     5.0600    -0.0147    97.6723 1.0000e-12  -74.14422 -113.34853  41.428249      99.88 3.7473e+01    419.673      10073  1029.0109  1029.0088     4.6334     0.0695     0.1369    34.1925    34.1900    8.15183         27 0.0000e+00
    323.000    319.408    -0.4497  28.198112    -0.4485  28.196735     4.9160     5.0614    -0.0142    97.6800 1.0000e-12  -74.14422 -113.34851  41.428262      99.87 3.6825e+01    420.826      10101  1029.0165  1029.0139     4.6338     0.0690     0.1376    34.1938    34.1906    8.15109         28 0.0000e+00
    324.000    320.396    -0.4402  28.208437    -0.4390  28.207289     4.9123     5.0484    -0.0189    97.6852 1.0000e-12  -74.14422 -113.34850  41.428276      99.88 3.7633e+01    422.007      10129  1029.0226  1029.0203     4.6340     0.0703     0.1356    34.1964    34.1935    8.14891         29 0.0000e+00
    325.000    321.384    -0.4359  28.214237    -0.4339  28.213491     4.9099     5.0499    -0.0136    97.6848 1.0000e-12  -74.14422 -113.34848  41.428289      99.87 3.7013e+01    423.182      10157  1029.0289  1029.0262     4.6340     0.0696     0.1352    34.1986    34.1954    8.14785         27 0.0000e+00
    326.000    322.372    -0.4299  28.221094    -0.4262  28.222552     4.9141     5.0418    -0.0209    97.6929 1.0000e-12  -74.14422 -113.34848  41.428302      94.00 3.6446e+01    424.329      10185  1029.0347  1029.0328     4.6344     0.0693     0.1365    34.2005    34.1983    8.14645         28 0.0000e+00
    327.000    323.360    -0.4284  28.223196    -0.4273  28.221847     4.9148     5.0487    -0.0133    97.6891 1.0000e-12  -74.14422 -113.34845  41.428316      99.96 3.7348e+01    425.495      10213  1029.0399  1029.0375     4.6342     0.0694     0.1369    34.2011    34.1980    8.14611         28 0.0000e+00
    328.000    324.349    -0.4268  28.225066    -0.4236  28.226485     4.9159     5.0529    -0.0198    97.6873 1.0000e-12  -74.14422 -113.34843  41.428329      99.87 3.7210e+01    426.648      10241  1029.0447  1029.0431     4.6341     0.0707     0.1380    34.2011    34.1994    8.14576         28 0.0000e+00
    329.000    325.336    -0.4255  28.227377    -0.4231  28.227386     4.9125     5.0524    -0.0188    97.6838 1.0000e-12  -74.14423 -113.34842  41.428342      99.87 3.6508e+01    427.777      10268  1029.0503  1029.0480     4.6340     0.0692     0.1363    34.2022    34.1995    8.14542         27 0.0000e+00
    330.000    326.324    -0.4254  28.227784    -0.4234  28.227560     4.9083     5.0512    -0.0148    97.6736 1.0000e-12  -74.14424 -113.34841  41.428356      99.88 3.8451e+01    428.927      10295  1029.0550  1029.0528     4.6335     0.0684     0.1359    34.2020    34.1995    8.14541         28 0.0000e+00
    331.000    327.313    -0.4250  28.228880    -0.4215  28.230181     4.9067     5.0516    -0.0155    97.6855 1.0000e-12  -74.14424 -113.34840  41.428369      99.87 3.7305e+01    430.061      10322  1029.0600  1029.0581     4.6340     0.0703     0.1373    34.2024    34.2002    8.14530         27 0.0000e+00
    332.000    328.300    -0.4231  28.231329    -0.4183  28.234176     4.9096     5.0522    -0.0209    97.6913 1.0000e-12  -74.14424 -113.34837  41.428382      99.88 3.6709e+01    431.181      10349  1029.0651  1029.0635     4.6343     0.0705     0.1364    34.2029    34.2013    8.14485         27 0.0000e+00
    333.000    329.289    -0.4178  28.238299    -0.4172  28.235692     4.9052     5.0454    -0.0213    97.6717 1.0000e-12  -74.14424 -113.34836  41.428395      99.87 3.7339e+01    432.318      10377  1029.0717  1029.0684     4.6334     0.0708     0.1358    34.2057    34.2015    8.14357         27 0.0000e+00
    334.000    330.278    -0.4041  28.253235    -0.4037  28.250949     4.9030     5.0358    -0.0210    97.6731 1.0000e-12  -74.14424 -113.34834  41.428408      99.88 3.7292e+01    433.443      10404  1029.0787  1029.0758     4.6335     0.0693     0.1393    34.2097    34.2062    8.14040         26 0.0000e+00
    335.000    331.264    -0.4017  28.256537    -0.3990  28.256817     4.9022     5.0346    -0.0172    97.6733 1.0000e-12  -74.14424 -113.34833  41.428421      99.87 3.6366e+01    434.544      10430  1029.0842  1029.0819     4.6335     0.0682     0.1378    34.2108    34.2082    8.13982         27 0.0000e+00
    336.000    332.253    -0.4009  28.257833    -0.3987  28.257686     4.9014     5.0368    -0.0172    97.6878 1.0000e-12  -74.14424 -113.34832  41.428433      99.87 3.9528e+01    435.607      10456  1029.0891  1029.0869     4.6341     0.0712     0.1374    34.2110    34.2083    8.13963         24 0.0000e+00
    337.000    333.242    -0.4023  28.256387    -0.4009  28.255553     4.9031     5.0374    -0.0217    97.6897 1.0000e-12  -74.14424 -113.34831  41.428444      99.88 3.7134e+01    436.549      10478  1029.0933  1029.0911     4.6343     0.0696     0.1365    34.2101    34.2074    8.13999         22 0.0000e+00
    338.000    334.228    -0.4015  28.257753    -0.3989  28.258275     4.8999     5.0275    -0.0196    97.6701 1.0000e-12  -74.14425 -113.34829  41.428456      97.07 3.6273e+01    437.565      10503  1029.0984  1029.0965     4.6333     0.0685     0.1359    34.2104    34.2082    8.13981         26 0.0000e+00
    339.000    335.218    -0.4021  28.257393    -0.4001  28.257272     4.9070     5.0373    -0.0129    97.6657 1.0000e-12  -74.14426 -113.34827  41.428468      97.98 3.8384e+01    438.663      10529  1029.1029  1029.1008     4.6331     0.0694     0.1374    34.2100    34.2076    8.13996         27 0.0000e+00
    340.000    336.205    -0.4033  28.256895    -0.4009  28.257157     4.9026     5.0401    -0.0070    97.6623 1.0000e-12  -74.14426 -113.34826  41.428481      99.84 3.7643e+01    439.753      10555  1029.1079  1029.1058     4.6330     0.0690     0.1365    34.2101    34.2077    8.14022         26 0.0000e+00
    341.000    337.193    -0.4027  28.258038    -0.4006  28.257935     4.9035     5.0418    -0.0135    97.6841 1.0000e-12  -74.14426 -113.34825  41.428493      99.88 3.6115e+01    440.826      10581  1029.1128  1029.1106     4.6340     0.0690     0.1392    34.2103    34.2078    8.14007         25 0.0000e+00
    342.000    338.181    -0.4026  28.258590    -0.4009  28.258247     4.9047     5.0402    -0.0193    97.6643 1.0000e-12  -74.14426 -113.34824  41.428506      99.87 3.8264e+01    441.897      10607  1029.1176  1029.1156     4.6331     0.0691     0.1370    34.2103    34.2080    8.14004         25 0.0000e+00
    343.000    339.171    -0.4023  28.259297    -0.4004  28.259153     4.9021     5.0382    -0.0136    97.6534 1.0000e-12  -74.14426 -113.34823  41.428517      99.88 3.7257e+01    442.858      10630  1029.1224  1029.1204     4.6325     0.0695     0.1360    34.2104    34.2080    8.13998         22 0.0000e+00
    344.000    340.156    -0.4036  28.258480    -0.4016  28.258235     4.9074     5.0440    -0.0130    97.6637 1.0000e-12  -74.14426 -113.34821  41.428528      99.88 3.6242e+01    443.837      10653  1029.1271  1029.1248     4.6330     0.0689     0.1369    34.2102    34.2076    8.14027         25 0.0000e+00
    345.000    341.145    -0.4032  28.259400    -0.4010  28.259488     4.9044     5.0421    -0.0191    97.6619 1.0000e-12  -74.14427 -113.34820  41.428541      99.88 3.8335e+01    444.921      10679  1029.1319  1029.1299     4.6330     0.0698     0.1362    34.2103    34.2080    8.14017         27 0.0000e+00
    346.000    342.134    -0.4016  28.261799    -0.3996  28.261679     4.9008     5.0344    -0.0141    97.6616 1.0000e-12  -74.14428 -113.34819  41.428553      99.88 3.7863e+01    446.009      10705  1029.1371  1029.1351     4.6329     0.0694     0.1356    34.2111    34.2087    8.13978         25 0.0000e+00
    347.000    343.121    -0.4021  28.261616    -0.3994  28.262416     4.9059     5.0366    -0.0079    97.6572 1.0000e-12  -74.14428 -113.34818  41.428566      99.87 3.6330e+01    447.071      10731  1029.1417  1029.1400     4.6327     0.0695     0.1355    34.2108    34.2088    8.13990         26 0.0000e+00
    348.000    344.109    -0.4011  28.263417    -0.3989  28.263399     4.9011     5.0356    -0.0116    97.6721 1.0000e-12  -74.14428 -113.34816  41.428578      99.88 3.8036e+01    448.143      10756  1029.1470  1029.1449     4.6334     0.0713     0.1352    34.2116    34.2090    8.13966         25 0.0000e+00
    349.000    345.097    -0.3997  28.265332    -0.3983  28.264436     4.9036     5.0368    -0.0124    97.6548 1.0000e-12  -74.14428 -113.34814  41.428589      99.88 3.7487e+01    449.112      10780  1029.1519  1029.1497     4.6326     0.0704     0.1372    34.2119    34.2091    8.13933         23 0.0000e+00
    350.000    346.085    -0.3980  28.267433    -0.3971  28.266133     4.9030     5.0375    -0.0161    97.6680 1.0000e-12  -74.14428 -113.34812  41.428600      89.94 3.6322e+01    450.075      10803  1029.1568  1029.1546     4.6332     0.0687     0.1347    34.2122    34.2095    8.13895         24 0.0000e+00
    351.000    347.074    -0.3976  28.268256    -0.3954  28.268331     4.8990     5.0360    -0.0164    97.6603 1.0000e-12  -74.14428 -113.34812  41.428613      92.00 3.6949e+01    451.139      10828  1029.1616  1029.1595     4.6329     0.0695     0.1352    34.2123    34.2099    8.13887         26 0.0000e+00
    352.000    348.060    -0.3961  28.270472    -0.3927  28.271472     4.9020     5.0399    -0.0088    97.6730 1.0000e-12  -74.14428 -113.34810  41.428625      99.41 3.7728e+01    452.212      10854  1029.1668  1029.1646     4.6335     0.0699     0.1365    34.2129    34.2105    8.13849         25 0.0000e+00
    353.000    349.049    -0.3925  28.275040    -0.3912  28.274124     4.8981     5.0443    -0.0057    97.6426 1.0000e-12  -74.14428 -113.34808  41.428637      99.87 3.6011e+01    453.266      10879  1029.1724  1029.1702     4.6320     0.0698     0.1360    34.2143    34.2117    8.13764         26 0.0000e+00
    354.000    350.038    -0.3941  28.273723    -0.3923  28.273542     4.8968     5.0432    -0.0088    97.6746 1.0000e-12  -74.14430 -113.34808  41.428650      99.88 3.6471e+01    454.338      10905  1029.1769  1029.1750     4.6336     0.0709     0.1348    34.2139    34.2116    8.13803         26 0.0000e+00
    355.000    351.025    -0.3966  28.271655    -0.3955  28.270721     4.9036     5.0298    -0.0092    97.6822 1.0000e-12  -74.14430 -113.34806  41.428662      99.88 3.6457e+01    455.418      10931  1029.1814  1029.1793     4.6339     0.0689     0.1346    34.2133    34.2108    8.13859         25 0.0000e+00
    356.000    352.014    -0.3931  28.275724    -0.3915  28.275143     4.9001     5.0330    -0.0097    97.6801 1.0000e-12  -74.14430 -113.34804  41.428675      99.88 3.5729e+01    456.485      10957  1029.1867  1029.1845     4.6338     0.0682     0.1368    34.2142    34.2116    8.13779         26 0.0000e+00
    357.000    353.000    -0.3932  28.276360    -0.3908  28.276425     4.8981     5.0400    -0.0199    97.6791 1.0000e-12  -74.14430 -113.34803  41.428687      99.88 3.7403e+01    457.561      10982  1029.1917  1029.1895     4.6337     0.0703     0.1341    34.2145    34.2120    8.13779         25 0.0000e+00
    358.000    353.989    -0.3930  28.277043    -0.3913  28.276492     4.9047     5.0391    -0.0163    97.6724 1.0000e-12  -74.14430 -113.34801  41.428698      99.87 3.7944e+01    458.549      11006  1029.1965  1029.1943     4.6335     0.0701     0.1349    34.2146    34.2120    8.13774         23 0.0000e+00
    359.000    354.978    -0.3948  28.275392    -0.3930  28.275046     4.9008     5.0401    -0.0046    97.6727 1.0000e-12  -74.14430 -113.34800  41.428709      99.87 3.5743e+01    459.501      11029  1029.2008  1029.1987     4.6334     0.0691     0.1355    34.2139    34.2114    8.13817         24 0.0000e+00
    360.000    355.964    -0.3958  28.274611    -0.3930  28.275456     4.9012     5.0417    -0.0142    97.6158 1.0000e-12  -74.14431 -113.34799  41.428722      99.87 3.7358e+01    460.561      11054  1029.2052  1029.2034     4.6308     0.0697     0.1363    34.2133    34.2113    8.13841         26 0.0000e+00
    361.000    356.952    -0.3961  28.274743    -0.3945  28.274252     4.9029     5.0430    -0.0192    97.6472 1.0000e-12  -74.14432 -113.34798  41.428734      99.87 3.8641e+01    461.640      11080  1029.2099  1029.2078     4.6322     0.0700     0.1360    34.2132    34.2108    8.13848         26 0.0000e+00
    362.000    357.941    -0.3977  28.273440    -0.3955  28.273682     4.9044     5.0412    -0.0128    97.6583 1.0000e-12  -74.14432 -113.34797  41.428746      99.87 3.5585e+01    462.693      11106  1029.2144  1029.2125     4.6328     0.0680     0.1376    34.2127    34.2105    8.13886         25 0.0000e+00
    363.000    358.929    -0.3984  28.273283    -0.3963  28.273328     4.9053     5.0428    -0.0108    97.6827 1.0000e-12  -74.14432 -113.34795  41.428759      94.11 3.6664e+01    463.755      11131  1029.2191  1029.2172     4.6339     0.0704     0.1356    34.2126    34.2104    8.13901         26 0.0000e+00
    364.000    359.916    -0.3987  28.273905    -0.3968  28.273482     4.9050     5.0417    -0.0114    97.6780 1.0000e-12  -74.14432 -113.34794  41.428771      99.91 3.7770e+01    464.827      11157  1029.2244  1029.2221     4.6337     0.0698     0.1383    34.2133    34.2105    8.13905         24 0.0000e+00
    365.000    360.904    -0.3963  28.277410    -0.3941  28.277266     4.9057     5.0421    -0.0119    97.6697 1.0000e-12  -74.14432 -113.34793  41.428783      99.88 3.5530e+01    465.871      11182  1029.2300  1029.2277     4.6333     0.0708     0.1358    34.2146    34.2120    8.13845         24 0.0000e+00
    366.000    361.893    -0.3972  28.276693    -0.3956  28.276026     4.9024     5.0396    -0.0192    97.6887 1.0000e-12  -74.14432 -113.34792  41.428795      99.87 3.6330e+01    466.922      11207  1029.2344  1029.2322     4.6342     0.0716     0.1354    34.2141    34.2114    8.13867         26 0.0000e+00
    367.000    362.880    -0.3939  28.280767    -0.3903  28.282392     4.8962     5.0445    -0.0127    97.6945 1.0000e-12  -74.14432 -113.34791  41.428808      99.87 3.7016e+01    467.992      11233  1029.2398  1029.2381     4.6345     0.0742     0.1358    34.2153    34.2134    8.13791         25 0.0000e+00
    368.000    363.868    -0.3957  28.278727    -0.3945  28.278166     4.8969     5.0444    -0.0039    97.6904 1.0000e-12  -74.14432 -113.34788  41.428820      99.87 3.5536e+01    469.045      11258  1029.2436  1029.2419     4.6343     0.0683     0.1347    34.2139    34.2118    8.13835         25 0.0000e+00
    369.000    364.856    -0.3935  28.282397    -0.3911  28.282145     4.8891     5.0277    -0.0105    97.6772 1.0000e-12  -74.14432 -113.34788  41.428832      99.88 3.6406e+01    470.098      11283  1029.2496  1029.2471     4.6337     0.0695     0.1362    34.2157    34.2127    8.13778         26 0.0000e+00
    370.000    365.843    -0.3778  28.300380    -0.3723  28.303901     4.8795     5.0154    -0.0111    97.6869 1.0000e-12  -74.14434 -113.34786  41.428845      99.87 3.6344e+01    471.173      11309  1029.2578  1029.2562     4.6341     0.0695     0.1379    34.2216    34.2201    8.13409         26 0.0000e+00
    371.000    366.832    -0.3578  28.322303    -0.3519  28.326032     4.8659     5.0075    -0.0176    97.6762 1.0000e-12  -74.14434 -113.34784  41.428857      99.87 3.5485e+01    472.231      11335  1029.2660  1029.2642     4.6336     0.0699     0.1383    34.2278    34.2261    8.12947         25 0.0000e+00
