ocean_section_plots/required_files/ctd/dnbp2202_ctd056.cnv
* Sea-Bird SBE 9 Data File:
* FileName = D:\Data\raw\NBP2202_CTD056.hex
* Software Version Seasave V 7.26.7.121
* Temperature SN = 1649
* Conductivity SN = 2513
* Number of Bytes Per Scan = 40
* Number of Voltage Words = 5
* Number of Scans Averaged by the Deck Unit = 1
* NMEA Latitude = 74 14.10 S
* NMEA Longitude = 112 19.83 W
* NMEA UTC (Time) = Jan 24 2022  14:51:27
* NMEA baud rate = 9600
** Ship: RVIB N.B. Palmer
** Cruise: NBP2202 Thwaites
** Station: Section Dotson C
** Operator: B Bjork
# nquan = 25
# nvalues = 1089                        
# units = specified
# name 0 = prDM: Pressure, Digiquartz [db]
# name 1 = depSM: Depth [salt water, m]
# name 2 = t090C: Temperature [ITS-90, deg C]
# name 3 = c0mS/cm: Conductivity [mS/cm]
# name 4 = t190C: Temperature, 2 [ITS-90, deg C]
# name 5 = c1mS/cm: Conductivity, 2 [mS/cm]
# name 6 = sbeox0ML/L: Oxygen, SBE 43 [ml/l]
# name 7 = sbeox1ML/L: Oxygen, SBE 43, 2 [ml/l]
# name 8 = flECO-AFL: Fluorescence, WET Labs ECO-AFL/FL [mg/m^3]
# name 9 = CStarTr0: Beam Transmission, WET Labs C-Star [%]
# name 10 = par: PAR/Irradiance, Biospherical/Licor
# name 11 = latitude: Latitude [deg]
# name 12 = longitude: Longitude [deg]
# name 13 = timeJ: Julian Days
# name 14 = altM: Altimeter [m]
# name 15 = spar: SPAR, Biospherical/Licor
# name 16 = timeS: Time, Elapsed [seconds]
# name 17 = scan: Scan Count
# name 18 = density00: Density [density, kg/m^3]
# name 19 = density11: Density, 2 [density, kg/m^3]
# name 20 = sal00: Salinity, Practical [PSU]
# name 21 = sal11: Salinity, Practical, 2 [PSU]
# name 22 = oxsolML/L: Oxygen Saturation, Garcia & Gordon [ml/l]
# name 23 = nbin: number of scans per bin
# name 24 = flag: flag
# span 0 =      1.000,   1089.000       
# span 1 =      1.035,   1074.910       
# span 2 =    -1.5003,     0.5272       
# span 3 =  27.093667,  29.634846       
# span 4 =    -1.5002,     0.5293       
# span 5 =  27.093922,  29.634702       
# span 6 =     4.5757,     8.3641       
# span 7 =     4.7582,     8.6034       
# span 8 =    -0.0132,    18.7031       
# span 9 =    71.8370,    97.0543       
# span 10 = 1.0000e-12, 5.3807e+02      
# span 11 =  -74.23512,  -74.23512      
# span 12 = -112.33052, -112.33048      
# span 13 =  24.621710,  24.639174      
# span 14 =       3.57,     100.17      
# span 15 = 1.0119e+03, 1.7047e+03      
# span 16 =    228.742,   1737.614      
# span 17 =       5491,      41704      
# span 18 =  1027.1723,  1032.8292      
# span 19 =  1027.1757,  1032.8270      
# span 20 =    33.7769,    34.5525      
# span 21 =    33.7822,    34.5498      
# span 22 =    7.92607,    8.39542      
# span 23 =          1,         49      
# span 24 = 0.0000e+00, 0.0000e+00      
# interval = decibars: 1                
# start_time = Jan 24 2022 14:51:27 [NMEA time, header]
# bad_flag = -9.990e-29
*END*
[from data line 986]
    987.000    974.466     0.5173  29.581644     0.5194  29.581496     4.5855     4.7705    -0.0004    96.7178 1.0000e-12  -74.23512 -112.33050  24.636745      99.85 1.4559e+03   1527.805      36668  1032.3553  1032.3531    34.5508    34.5483    7.92815         28 0.0000e+00
    988.000    975.451     0.5176  29.582262     0.5196  29.582102     4.5905     4.7692    -0.0004    96.7078 1.0000e-12  -74.23512 -112.33050  24.636759      99.85 1.4561e+03   1528.984      36697  1032.3599  1032.3578    34.5508    34.5483    7.92811         28 0.0000e+00
    989.000    976.436     0.5177  29.582761     0.5197  29.582523     4.5924     4.7703     0.0067    96.6882 1.0000e-12  -74.23512 -112.33050  24.636773      76.87 1.4560e+03   1530.162      36725  1032.3646  1032.3623    34.5508    34.5482    7.92809         29 0.0000e+00
    990.000    977.421     0.5178  29.583264     0.5198  29.583119     4.5876     4.7749     0.0142    96.7049 1.0000e-12  -74.23512 -112.33050  24.636786      50.43 1.4550e+03   1531.338      36753  1032.3691  1032.3670    34.5507    34.5483    7.92806         28 0.0000e+00
    991.000    978.407     0.5178  29.583715     0.5198  29.583486     4.5834     4.7753     0.0098    96.7070 1.0000e-12  -74.23512 -112.33050  24.636800      99.51 1.4522e+03   1532.513      36781  1032.3738  1032.3716    34.5508    34.5482    7.92806         28 0.0000e+00
    992.000    979.390     0.5180  29.584349     0.5199  29.584093     4.5840     4.7740     0.0119    96.6866 1.0000e-12  -74.23512 -112.33050  24.636814      99.86 1.4476e+03   1533.695      36810  1032.3785  1032.3763    34.5508    34.5483    7.92802         28 0.0000e+00
    993.000    980.376     0.5182  29.584929     0.5202  29.584665     4.5894     4.7687     0.0143    96.6632 1.0000e-12  -74.23512 -112.33050  24.636827      99.85 1.4410e+03   1534.878      36838  1032.3831  1032.3809    34.5507    34.5483    7.92798         29 0.0000e+00
    994.000    981.361     0.5182  29.585473     0.5203  29.585191     4.5893     4.7682     0.0020    96.7087 1.0000e-12  -74.23512 -112.33050  24.636841      98.88 1.4343e+03   1536.059      36866  1032.3879  1032.3856    34.5509    34.5483    7.92797         28 0.0000e+00
    995.000    982.345     0.5185  29.586216     0.5206  29.586064     4.5841     4.7717    -0.0068    96.6927 1.0000e-12  -74.23512 -112.33050  24.636855      98.51 1.4295e+03   1537.236      36895  1032.3926  1032.3903    34.5510    34.5484    7.92791         29 0.0000e+00
    996.000    983.332     0.5188  29.586850     0.5208  29.586605     4.5872     4.7714     0.0130    96.7077 1.0000e-12  -74.23512 -112.33050  24.636868      97.44 1.4260e+03   1538.422      36923  1032.3971  1032.3949    34.5510    34.5484    7.92785         28 0.0000e+00
    997.000    984.315     0.5187  29.587243     0.5208  29.587146     4.5865     4.7704    -0.0002    96.7111 1.0000e-12  -74.23512 -112.33050  24.636882      96.57 1.4253e+03   1539.611      36952  1032.4018  1032.3996    34.5509    34.5485    7.92786         29 0.0000e+00
    998.000    985.301     0.5186  29.587477     0.5206  29.587245     4.5847     4.7745     0.0027    96.6971 1.0000e-12  -74.23512 -112.33050  24.636896      95.47 1.4270e+03   1540.789      36980  1032.4064  1032.4042    34.5509    34.5484    7.92790         28 0.0000e+00
    999.000    986.285     0.5190  29.588523     0.5211  29.588205     4.5875     4.7723     0.0124    96.7255 1.0000e-12  -74.23512 -112.33050  24.636909      94.46 1.4292e+03   1541.965      37008  1032.4112  1032.4089    34.5512    34.5485    7.92779         27 0.0000e+00
   1000.000    987.271     0.5197  29.589496     0.5215  29.589162     4.5863     4.7734     0.0041    96.7182 1.0000e-12  -74.23512 -112.33050  24.636923      93.36 1.4322e+03   1543.132      37036  1032.4158  1032.4136    34.5511    34.5486    7.92766         29 0.0000e+00
   1001.000    988.256     0.5196  29.589920     0.5217  29.589761     4.5890     4.7726     0.0025    96.6676 1.0000e-12  -74.23512 -112.33050  24.636936      92.44 1.4382e+03   1544.309      37064  1032.4205  1032.4183    34.5513    34.5487    7.92767         28 0.0000e+00
   1002.000    989.242     0.5198  29.590536     0.5218  29.590195     4.5875     4.7733     0.0139    96.7084 1.0000e-12  -74.23512 -112.33050  24.636950      91.59 1.4484e+03   1545.495      37093  1032.4252  1032.4229    34.5513    34.5486    7.92763         28 0.0000e+00
   1003.000    990.224     0.5200  29.591106     0.5220  29.590970     4.5837     4.7691     0.0178    96.6916 1.0000e-12  -74.23512 -112.33050  24.636964      90.34 1.4618e+03   1546.671      37121  1032.4298  1032.4276    34.5512    34.5487    7.92759         29 0.0000e+00
   1004.000    991.210     0.5201  29.591645     0.5221  29.591482     4.5870     4.7680     0.0143    96.7005 1.0000e-12  -74.23512 -112.33050  24.636977      89.33 1.4751e+03   1547.847      37149  1032.4344  1032.4323    34.5513    34.5488    7.92757         28 0.0000e+00
   1005.000    992.196     0.5202  29.592138     0.5222  29.591917     4.5869     4.7667     0.0039    96.6916 1.0000e-12  -74.23512 -112.33050  24.636991      88.37 1.4892e+03   1549.040      37178  1032.4390  1032.4369    34.5512    34.5487    7.92755         29 0.0000e+00
   1006.000    993.180     0.5200  29.592514     0.5221  29.592253     4.5851     4.7717    -0.0066    96.6960 1.0000e-12  -74.23512 -112.33050  24.637005      87.32 1.5009e+03   1550.235      37207  1032.4438  1032.4415    34.5513    34.5487    7.92757         29 0.0000e+00
   1007.000    994.165     0.5199  29.592730     0.5221  29.592788     4.5872     4.7703     0.0050    96.6767 1.0000e-12  -74.23512 -112.33052  24.637019      86.42 1.5071e+03   1551.433      37235  1032.4484  1032.4463    34.5512    34.5488    7.92761         28 0.0000e+00
   1008.000    995.150     0.5202  29.593453     0.5223  29.593250     4.5852     4.7708     0.0006    96.6995 1.0000e-12  -74.23512 -112.33051  24.637033      85.34 1.5083e+03   1552.637      37264  1032.4530  1032.4508    34.5512    34.5487    7.92755         30 0.0000e+00
   1009.000    996.134     0.5204  29.594033     0.5225  29.593909     4.5857     4.7760     0.0069    96.6549 1.0000e-12  -74.23512 -112.33051  24.637047      84.31 1.5090e+03   1553.845      37293  1032.4576  1032.4555    34.5512    34.5487    7.92751         28 0.0000e+00
   1010.000    997.120     0.5204  29.594596     0.5226  29.594382     4.5872     4.7711     0.0089    96.6593 1.0000e-12  -74.23512 -112.33050  24.637061      83.27 1.5100e+03   1555.060      37322  1032.4624  1032.4600    34.5514    34.5487    7.92750         30 0.0000e+00
   1011.000    998.104     0.5204  29.594953     0.5225  29.594638     4.5882     4.7747     0.0083    96.6835 1.0000e-12  -74.23512 -112.33050  24.637076      82.33 1.5142e+03   1556.351      37353  1032.4670  1032.4647    34.5513    34.5486    7.92750         32 0.0000e+00
   1012.000    999.090     0.5204  29.595307     0.5225  29.595133     4.5812     4.7743     0.0040    96.6942 1.0000e-12  -74.23512 -112.33050  24.637092      81.24 1.5174e+03   1557.714      37386  1032.4716  1032.4694    34.5512    34.5486    7.92751         33 0.0000e+00
   1013.000   1000.073     0.5205  29.595765     0.5225  29.595589     4.5911     4.7735     0.0007    96.6867 1.0000e-12  -74.23512 -112.33050  24.637108      80.19 1.5190e+03   1559.109      37420  1032.4761  1032.4740    34.5511    34.5486    7.92749         34 0.0000e+00
   1014.000   1001.060     0.5206  29.596407     0.5227  29.596224     4.5896     4.7672     0.0015    96.7011 1.0000e-12  -74.23512 -112.33050  24.637124      79.28 1.5156e+03   1560.516      37453  1032.4809  1032.4786    34.5512    34.5486    7.92746         34 0.0000e+00
   1015.000   1002.043     0.5207  29.596872     0.5227  29.596574     4.5829     4.7726     0.0105    96.6996 1.0000e-12  -74.23512 -112.33050  24.637140      78.25 1.5066e+03   1561.925      37487  1032.4855  1032.4832    34.5512    34.5486    7.92745         34 0.0000e+00
   1016.000   1003.030     0.5207  29.597224     0.5227  29.597072     4.5853     4.7714     0.0143    96.6445 1.0000e-12  -74.23512 -112.33050  24.637157      77.24 1.4958e+03   1563.349      37521  1032.4901  1032.4879    34.5511    34.5486    7.92746         34 0.0000e+00
   1017.000   1004.014     0.5208  29.597743     0.5229  29.597526     4.5830     4.7706     0.0030    96.7080 1.0000e-12  -74.23512 -112.33050  24.637173      76.13 1.4849e+03   1564.782      37556  1032.4947  1032.4925    34.5511    34.5485    7.92744         35 0.0000e+00
   1018.000   1004.999     0.5208  29.598233     0.5227  29.597907     4.5846     4.7728     0.0143    96.7042 1.0000e-12  -74.23512 -112.33050  24.637190      75.19 1.4763e+03   1566.209      37590  1032.4994  1032.4972    34.5512    34.5486    7.92743         34 0.0000e+00
   1019.000   1005.983     0.5204  29.598262     0.5225  29.598089     4.5857     4.7734     0.0143    96.7087 1.0000e-12  -74.23512 -112.33050  24.637207      74.19 1.4680e+03   1567.640      37624  1032.5040  1032.5018    34.5510    34.5485    7.92751         34 0.0000e+00
   1020.000   1006.968     0.5202  29.598490     0.5224  29.598322     4.5808     4.7737     0.0079    96.6851 1.0000e-12  -74.23512 -112.33050  24.637223      73.22 1.4570e+03   1569.073      37659  1032.5087  1032.5064    34.5510    34.5484    7.92756         34 0.0000e+00
   1021.000   1007.953     0.5203  29.598983     0.5224  29.598733     4.5877     4.7646     0.0042    96.7201 1.0000e-12  -74.23512 -112.33050  24.637240      72.24 1.4437e+03   1570.511      37693  1032.5133  1032.5110    34.5510    34.5483    7.92754         34 0.0000e+00
   1022.000   1008.939     0.5204  29.599405     0.5225  29.599249     4.5863     4.7699     0.0043    96.6703 1.0000e-12  -74.23512 -112.33050  24.637258      71.14 1.4273e+03   1572.047      37730  1032.5179  1032.5156    34.5509    34.5483    7.92753         36 0.0000e+00
   1023.000   1009.921     0.5204  29.599904     0.5225  29.599731     4.5877     4.7660     0.0141    96.6924 1.0000e-12  -74.23512 -112.33050  24.637277      70.17 1.4085e+03   1573.696      37770  1032.5225  1032.5203    34.5510    34.5484    7.92752         36 0.0000e+00
   1024.000   1010.908     0.5204  29.600318     0.5226  29.600106     4.5876     4.7677     0.0099    96.6852 1.0000e-12  -74.23512 -112.33050  24.637296      69.17 1.3880e+03   1575.387      37810  1032.5272  1032.5248    34.5510    34.5483    7.92753         36 0.0000e+00
   1025.000   1011.892     0.5204  29.600838     0.5225  29.600590     4.5836     4.7738     0.0113    96.6898 1.0000e-12  -74.23512 -112.33050  24.637316      68.04 1.3703e+03   1577.104      37852  1032.5320  1032.5296    34.5511    34.5484    7.92752         42 0.0000e+00
   1026.000   1012.877     0.5209  29.601754     0.5231  29.601552     4.5877     4.7718     0.0045    96.7379 1.0000e-12  -74.23512 -112.33050  24.637336      67.13 1.3571e+03   1578.828      37893  1032.5365  1032.5343    34.5511    34.5485    7.92740         39 0.0000e+00
   1027.000   1013.862     0.5209  29.602140     0.5229  29.601780     4.5859     4.7721     0.0103    96.6620 1.0000e-12  -74.23512 -112.33050  24.637356      66.06 1.3483e+03   1580.555      37934  1032.5412  1032.5389    34.5511    34.5484    7.92741         37 0.0000e+00
   1028.000   1014.846     0.5213  29.603038     0.5235  29.602825     4.5795     4.7681     0.0055    96.7220 1.0000e-12  -74.23512 -112.33050  24.637376      65.11 1.3434e+03   1582.269      37975  1032.5459  1032.5435    34.5512    34.5485    7.92732         39 0.0000e+00
   1029.000   1015.831     0.5221  29.604310     0.5243  29.604201     4.5873     4.7599     0.0111    96.6778 1.0000e-12  -74.23512 -112.33050  24.637396      64.09 1.3382e+03   1583.970      38016  1032.5506  1032.5483    34.5515    34.5488    7.92714         37 0.0000e+00
   1030.000   1016.816     0.5226  29.605337     0.5257  29.606037     4.5838     4.7663     0.0074    96.7037 1.0000e-12  -74.23512 -112.33050  24.637415      63.06 1.3334e+03   1585.670      38057  1032.5553  1032.5531    34.5516    34.5492    7.92702         39 0.0000e+00
   1031.000   1017.802     0.5237  29.606794     0.5262  29.607071     4.5816     4.7663     0.0118    96.7277 1.0000e-12  -74.23512 -112.33050  24.637435      62.12 1.3303e+03   1587.370      38098  1032.5600  1032.5579    34.5518    34.5493    7.92680         39 0.0000e+00
   1032.000   1018.784     0.5237  29.607311     0.5258  29.607079     4.5797     4.7703     0.0090    96.7138 1.0000e-12  -74.23512 -112.33050  24.637454      61.02 1.3253e+03   1589.068      38139  1032.5647  1032.5625    34.5518    34.5492    7.92679         37 0.0000e+00
   1033.000   1019.771     0.5232  29.607189     0.5257  29.607280     4.5771     4.7698     0.0047    96.7015 1.0000e-12  -74.23512 -112.33050  24.637474      60.09 1.3190e+03   1590.786      38180  1032.5694  1032.5670    34.5518    34.5490    7.92691         37 0.0000e+00
   1034.000   1020.757     0.5242  29.608672     0.5259  29.607899     4.5828     4.7675     0.0103    96.6277 1.0000e-12  -74.23512 -112.33050  24.637494      58.99 1.3117e+03   1592.526      38222  1032.5741  1032.5717    34.5520    34.5491    7.92669         36 0.0000e+00
   1035.000   1021.740     0.5245  29.609405     0.5264  29.608871     4.5863     4.7633     0.0094    96.7129 1.0000e-12  -74.23512 -112.33050  24.637514      58.04 1.3046e+03   1594.251      38263  1032.5788  1032.5764    34.5521    34.5492    7.92662         41 0.0000e+00
   1036.000   1022.723     0.5252  29.610533     0.5272  29.610178     4.5856     4.7656     0.0106    96.6828 1.0000e-12  -74.23512 -112.33050  24.637534      56.99 1.2967e+03   1595.974      38304  1032.5835  1032.5811    34.5522    34.5495    7.92648         34 0.0000e+00
   1037.000   1023.708     0.5258  29.611581     0.5281  29.611494     4.5858     4.7634     0.0137    96.6633 1.0000e-12  -74.23512 -112.33050  24.637555      56.04 1.2901e+03   1597.724      38346  1032.5881  1032.5858    34.5523    34.5496    7.92634         35 0.0000e+00
   1038.000   1024.694     0.5259  29.612160     0.5281  29.611925     4.5834     4.7654     0.0046    96.7012 1.0000e-12  -74.23512 -112.33050  24.637575      55.04 1.2874e+03   1599.454      38388  1032.5928  1032.5904    34.5524    34.5496    7.92631         35 0.0000e+00
   1039.000   1025.679     0.5265  29.613102     0.5285  29.612812     4.5804     4.7657     0.0071    96.6970 1.0000e-12  -74.23512 -112.33050  24.637594      54.03 1.2869e+03   1601.156      38429  1032.5975  1032.5952    34.5524    34.5498    7.92620         40 0.0000e+00
   1040.000   1026.664     0.5265  29.613670     0.5287  29.613313     4.5864     4.7648     0.0125    96.7027 1.0000e-12  -74.23512 -112.33050  24.637614      52.98 1.2869e+03   1602.873      38470  1032.6022  1032.5998    34.5525    34.5497    7.92618         35 0.0000e+00
   1041.000   1027.649     0.5261  29.613545     0.5282  29.613387     4.5827     4.7683     0.0074    96.6990 1.0000e-12  -74.23512 -112.33050  24.637634      51.98 1.2869e+03   1604.605      38512  1032.6067  1032.6044    34.5522    34.5497    7.92627         39 0.0000e+00
   1042.000   1028.632     0.5264  29.614224     0.5283  29.613938     4.5824     4.7664    -0.0033    96.7101 1.0000e-12  -74.23512 -112.33050  24.637655      51.00 1.2869e+03   1606.358      38554  1032.6114  1032.6091    34.5523    34.5498    7.92623         40 0.0000e+00
   1043.000   1029.618     0.5262  29.614448     0.5283  29.614259     4.5782     4.7638     0.0146    96.6166 1.0000e-12  -74.23512 -112.33050  24.637675      50.04 1.2871e+03   1608.122      38596  1032.6160  1032.6137    34.5523    34.5497    7.92627         39 0.0000e+00
