ocean_section_plots/required_files/ctd/dnbp2202_ctd200.cnv
* Sea-Bird SBE 9 Data File:
* FileName = D:\Data\raw\NBP2202_CTD200.hex
* Software Version Seasave V 7.26.7.121
* Temperature SN = 1649
* Conductivity SN = 2513
* Number of Bytes Per Scan = 40
* Number of Voltage Words = 5
* Number of Scans Averaged by the Deck Unit = 1
* NMEA Latitude = 73 52.88 S
* NMEA Longitude = 113 07.16 W
* NMEA UTC (Time) = Feb 08 2022  17:13:48
* NMEA baud rate = 9600
** Ship: RVIB N.B. Palmer
** Cruise: NBP2202 Thwaites
** Station: 119
** Operator: A. Robinson
# nquan = 28
# nvalues = 673                         
# units = specified
# name 0 = prDM: Pressure, Digiquartz [db]
# name 1 = depSM: Depth [salt water, m]
# name 2 = t090C: Temperature [ITS-90, deg C]
# name 3 = c0mS/cm: Conductivity [mS/cm]
# name 4 = t190C: Temperature, 2 [ITS-90, deg C]
# name 5 = c1mS/cm: Conductivity, 2 [mS/cm]
# name 6 = sbeox0ML/L: Oxygen, SBE 43 [ml/l]
# name 7 = sbeox1ML/L: Oxygen, SBE 43, 2 [ml/l]
# name 8 = flECO-AFL: Fluorescence, WET Labs ECO-AFL/FL [mg/m^3]
# name 9 = CStarTr0: Beam Transmission, WET Labs C-Star [%]
# name 10 = par: PAR/Irradiance, Biospherical/Licor
# name 11 = latitude: Latitude [deg]
# name 12 = longitude: Longitude [deg]
# name 13 = timeJ: Julian Days
# name 14 = altM: Altimeter [m]
# name 15 = spar: SPAR, Biospherical/Licor
# name 16 = timeS: Time, Elapsed [seconds]
# name 17 = scan: Scan Count
# name 18 = density00: Density [density, kg/m^3]
# name 19 = density11: Density, 2 [density, kg/m^3]
# name 20 = v3: Voltage 3
# name 21 = v4: Voltage 4
# name 22 = v5: Voltage 5
# name 23 = sal00: Salinity, Practical [PSU]
# name 24 = sal11: Salinity, Practical, 2 [PSU]
# name 25 = oxsolML/L: Oxygen Saturation, Garcia & Gordon [ml/l]
# name 26 = nbin: number of scans per bin
# name 27 = flag: flag
# span 0 =      1.000,    673.000       
# span 1 =      0.987,    664.968       
# span 2 =    -1.5893,     0.2047       
# span 3 =  27.073011,  29.081466       
# span 4 =    -1.5884,     0.2069       
# span 5 =  27.072799,  29.081611       
# span 6 =     4.6792,     9.0140       
# span 7 =     4.8046,     9.3149       
# span 8 =    -0.0167,    24.2786       
# span 9 =    75.9018,    98.6462       
# span 10 = -1.311e-04, 3.1687e+02      
# span 11 =  -73.88147,  -73.88144      
# span 12 = -113.11938, -113.11933      
# span 13 =  39.720726,  39.732436      
# span 14 =       2.89,     104.29      
# span 15 = 2.2917e+02, 2.9338e+02      
# span 16 =    242.728,   1254.487      
# span 17 =       5826,      30109      
# span 18 =  1027.1574,  1030.8133      
# span 19 =  1027.1565,  1030.8111      
# span 20 =     3.6011,     4.6796      
# span 21 =     0.0641,     4.2594      
# span 22 =     0.1129,     0.2644      
# span 23 =    33.7824,    34.4258      
# span 24 =    33.7810,    34.4235      
# span 25 =    7.99965,    8.40472      
# span 26 =         10,         48      
# span 27 = 0.0000e+00, 0.0000e+00      
# interval = decibars: 1                
# start_time = Feb 08 2022 17:13:48 [NMEA time, header]
# bad_flag = -9.990e-29
*END*
[from data line 311]
    312.000    308.543    -1.5393  27.259714    -1.5402  27.257540     6.2958     6.4975     0.0914    98.4912 1.0000e-12  -73.88146 -113.11935  39.725873      99.93 2.7359e+02    687.447      16500  1028.9884  1028.9869     4.6723     0.0814     0.1152    34.1597    34.1578    8.39297         31 0.0000e+00
    313.000    309.530    -1.5365  27.262579    -1.5353  27.262651     6.2975     6.4845     0.0540    98.5206 1.0000e-12  -73.88146 -113.11935  39.725889      99.92 2.7277e+02    688.783      16532  1028.9931  1028.9920     4.6737     0.0803     0.1147    34.1598    34.1585    8.39233         33 0.0000e+00
    314.000    310.520    -1.5329  27.266380    -1.5299  27.267879     6.3009     6.4798     0.0804    98.5363 1.0000e-12  -73.88146 -113.11936  39.725905      97.11 2.7414e+02    690.199      16566  1028.9980  1028.9968     4.6744     0.0778     0.1133    34.1603    34.1590    8.39149         34 0.0000e+00
    315.000    311.507    -1.5325  27.267373    -1.5308  27.267896     6.3090     6.5042     0.0644    98.5119 1.0000e-12  -73.88146 -113.11936  39.725921      99.97 2.7313e+02    691.602      16599  1029.0031  1029.0020     4.6732     0.0798     0.1218    34.1607    34.1595    8.39139         33 0.0000e+00
    316.000    312.494    -1.5529  27.250144    -1.5527  27.250082     6.3296     6.5207     0.0364    98.5257 1.0000e-12  -73.88146 -113.11935  39.725937      99.93 2.7325e+02    692.925      16631  1029.0084  1029.0081     4.6739     0.0785     0.1136    34.1596    34.1592    8.39606         29 0.0000e+00
    317.000    313.484    -1.5591  27.245885    -1.5567  27.246941     6.3244     6.5155     0.0448    98.3727 1.0000e-12  -73.88146 -113.11934  39.725949      99.93 2.7421e+02    693.984      16657  1029.0140  1029.0128     4.6667     0.0809     0.1141    34.1602    34.1588    8.39742         24 0.0000e+00
    318.000    314.471    -1.5550  27.250097    -1.5527  27.250756     6.3190     6.5115     0.0707    98.5163 1.0000e-12  -73.88146 -113.11934  39.725961      99.92 2.7306e+02    695.002      16681  1029.0188  1029.0173     4.6734     0.0903     0.1162    34.1606    34.1590    8.39646         26 0.0000e+00
    319.000    315.459    -1.5439  27.260194    -1.5421  27.260375     6.3196     6.5092     0.0698    98.4974 1.0000e-12  -73.88146 -113.11936  39.725976      99.93 2.7281e+02    696.293      16712  1029.0233  1029.0218     4.6726     0.0826     0.1169    34.1613    34.1595    8.39392         36 0.0000e+00
    320.000    316.448    -1.5411  27.263093    -1.5398  27.263163     6.3103     6.5042     0.0486    98.5177 1.0000e-12  -73.88146 -113.11936  39.725994      99.93 2.7330e+02    697.869      16750  1029.0280  1029.0269     4.6735     0.0778     0.1144    34.1615    34.1601    8.39328         35 0.0000e+00
    321.000    317.436    -1.5396  27.265135    -1.5387  27.264799     6.2996     6.4989     0.0451    98.5618 1.0000e-12  -73.88146 -113.11934  39.726009      99.93 2.7074e+02    699.216      16782  1029.0331  1029.0319     4.6756     0.0783     0.1228    34.1619    34.1604    8.39290         29 0.0000e+00
    322.000    318.424    -1.5288  27.275490    -1.5271  27.275519     6.2997     6.4905     0.0512    98.5481 1.0000e-12  -73.88146 -113.11936  39.726022      99.93 2.7244e+02    700.318      16809  1029.0383  1029.0366     4.6749     0.0819     0.1150    34.1633    34.1613    8.39040         24 0.0000e+00
    323.000    319.411    -1.5231  27.280784    -1.5220  27.280595     6.2988     6.4850     0.0455    98.5234 1.0000e-12  -73.88146 -113.11934  39.726034      99.93 2.7452e+02    701.304      16832  1029.0428  1029.0416     4.6738     0.0801     0.1153    34.1634    34.1618    8.38909         25 0.0000e+00
    324.000    320.401    -1.5175  27.286357    -1.5163  27.286128     6.2888     6.4834     0.0447    98.5284 1.0000e-12  -73.88146 -113.11936  39.726049      91.02 2.7276e+02    702.602      16863  1029.0479  1029.0465     4.6741     0.0776     0.1146    34.1641    34.1624    8.38780         35 0.0000e+00
    325.000    321.388    -1.5147  27.289264    -1.5132  27.289440     6.2860     6.4829     0.0550    98.5326 1.0000e-12  -73.88146 -113.11936  39.726067      98.05 2.7148e+02    704.175      16901  1029.0527  1029.0515     4.6742     0.0786     0.1164    34.1642    34.1627    8.38715         32 0.0000e+00
    326.000    322.377    -1.5118  27.292457    -1.5109  27.291992     6.2883     6.4803     0.0680    98.5258 1.0000e-12  -73.88146 -113.11934  39.726082      99.97 2.7200e+02    705.512      16933  1029.0577  1029.0564     4.6739     0.0812     0.1176    34.1647    34.1631    8.38646         28 0.0000e+00
    327.000    323.364    -1.5072  27.296987    -1.5062  27.296737     6.2724     6.4757     0.0601    98.5448 1.0000e-12  -73.88146 -113.11935  39.726095      99.93 2.7255e+02    706.611      16960  1029.0627  1029.0614     4.6748     0.0801     0.1162    34.1652    34.1636    8.38542         25 0.0000e+00
    328.000    324.352    -1.5022  27.302006    -1.5008  27.301917     6.2690     6.4602     0.0432    98.5417 1.0000e-12  -73.88146 -113.11935  39.726107      99.92 2.7140e+02    707.643      16984  1029.0676  1029.0662     4.6746     0.0942     0.1206    34.1657    34.1639    8.38424         28 0.0000e+00
    329.000    325.342    -1.4964  27.307555    -1.4955  27.306940     6.2649     6.4677     0.0472    98.5015 1.0000e-12  -73.88145 -113.11936  39.726124      99.93 2.7320e+02    709.087      17019  1029.0725  1029.0710     4.6728     0.0779     0.1169    34.1661    34.1642    8.38292         34 0.0000e+00
    330.000    326.329    -1.4959  27.308279    -1.4942  27.308642     6.2493     6.4469     0.0488    98.5199 1.0000e-12  -73.88144 -113.11935  39.726141      99.92 2.7085e+02    710.601      17055  1029.0771  1029.0759     4.6736     0.0811     0.1141    34.1659    34.1644    8.38281         34 0.0000e+00
    331.000    327.316    -1.4783  27.325225    -1.4790  27.322183     6.2053     6.4119     0.0499    98.5270 1.0000e-12  -73.88144 -113.11935  39.726156      99.93 2.7136e+02    711.867      17086  1029.0830  1029.0803     4.6740     0.0793     0.1156    34.1686    34.1651    8.37870         28 0.0000e+00
    332.000    328.304    -1.4442  27.356112    -1.4421  27.356285     6.1916     6.3873     0.0676    98.5322 1.0000e-12  -73.88144 -113.11935  39.726168      99.92 2.7305e+02    712.954      17112  1029.0880  1029.0861     4.6742     0.0796     0.1157    34.1715    34.1693    8.37085         24 0.0000e+00
    333.000    329.294    -1.4212  27.377341    -1.4187  27.377763     6.1774     6.3724     0.0710    98.5527 1.0000e-12  -73.88144 -113.11935  39.726181      99.92 2.7199e+02    714.019      17137  1029.0934  1029.0913     4.6752     0.0782     0.1185    34.1739    34.1716    8.36555         30 0.0000e+00
    334.000    330.282    -1.4149  27.383283    -1.4115  27.384819     6.1704     6.3546     0.0592    98.5664 1.0000e-12  -73.88144 -113.11934  39.726197      99.93 2.7256e+02    715.435      17171  1029.0983  1029.0968     4.6758     0.0806     0.1187    34.1742    34.1725    8.36411         36 0.0000e+00
    335.000    331.269    -1.4009  27.396600    -1.4012  27.394871     6.1666     6.3532     0.0683    98.5234 1.0000e-12  -73.88144 -113.11934  39.726214      99.65 2.7275e+02    716.895      17206  1029.1039  1029.1023     4.6738     0.0804     0.1160    34.1759    34.1739    8.36086         32 0.0000e+00
    336.000    332.258    -1.3981  27.399587    -1.3967  27.399250     6.1570     6.3527     0.0511    98.5157 1.0000e-12  -73.88144 -113.11934  39.726228      99.93 2.7287e+02    718.128      17236  1029.1090  1029.1073     4.6734     0.0772     0.1157    34.1762    34.1742    8.36021         28 0.0000e+00
    337.000    333.245    -1.3955  27.402141    -1.3945  27.401661     6.1651     6.3638     0.0494    98.4868 1.0000e-12  -73.88144 -113.11936  39.726242      99.93 2.7342e+02    719.305      17264  1029.1138  1029.1124     4.6721     0.0804     0.1143    34.1761    34.1744    8.35964         30 0.0000e+00
    338.000    334.234    -1.3962  27.401881    -1.3956  27.400951     6.1622     6.3542     0.0442    98.5064 1.0000e-12  -73.88144 -113.11936  39.726258      99.92 2.7480e+02    720.695      17298  1029.1188  1029.1172     4.6730     0.0837     0.1212    34.1760    34.1741    8.35981         35 0.0000e+00
    339.000    335.221    -1.3928  27.405393    -1.3918  27.404720     6.1575     6.3439     0.0598    98.5486 1.0000e-12  -73.88144 -113.11936  39.726276      99.93 2.7384e+02    722.246      17335  1029.1239  1029.1221     4.6750     0.0816     0.1161    34.1763    34.1742    8.35903         33 0.0000e+00
    340.000    336.209    -1.3786  27.418526    -1.3786  27.416997     6.1438     6.3354     0.0500    98.5700 1.0000e-12  -73.88144 -113.11936  39.726291      99.92 2.7292e+02    723.569      17367  1029.1288  1029.1272     4.6760     0.0817     0.1145    34.1776    34.1755    8.35578         29 0.0000e+00
    341.000    337.198    -1.3757  27.421924    -1.3735  27.422280     6.1494     6.3331     0.0368    98.5755 1.0000e-12  -73.88144 -113.11936  39.726304      99.92 2.7540e+02    724.710      17394  1029.1341  1029.1324     4.6762     0.0759     0.1129    34.1783    34.1763    8.35507         26 0.0000e+00
    342.000    338.186    -1.3735  27.424370    -1.3717  27.424351     6.1483     6.3318     0.0410    98.5755 1.0000e-12  -73.88144 -113.11936  39.726317      99.93 2.7275e+02    725.756      17419  1029.1391  1029.1374     4.6762     0.0788     0.1179    34.1785    34.1765    8.35457         27 0.0000e+00
    343.000    339.173    -1.3719  27.425862    -1.3677  27.428309     6.1368     6.3247     0.0575    98.4952 1.0000e-12  -73.88144 -113.11936  39.726333      99.93 2.7095e+02    727.134      17452  1029.1436  1029.1423     4.6724     0.0786     0.1182    34.1781    34.1767    8.35424         37 0.0000e+00
    344.000    340.161    -1.3625  27.434928    -1.3641  27.431934     6.1368     6.3238     0.0425    98.5274 1.0000e-12  -73.88144 -113.11936  39.726350      99.92 2.7328e+02    728.601      17487  1029.1489  1029.1471     4.6740     0.0775     0.1167    34.1792    34.1769    8.35207         33 0.0000e+00
    345.000    341.150    -1.3660  27.432103    -1.3683  27.428830     6.1411     6.3258     0.0501    98.5778 1.0000e-12  -73.88144 -113.11936  39.726364      95.24 2.7173e+02    729.843      17517  1029.1537  1029.1523     4.6764     0.0830     0.1161    34.1788    34.1769    8.35289         27 0.0000e+00
    346.000    342.138    -1.3690  27.430052    -1.3669  27.430505     6.1104     6.3014     0.0396    98.5731 1.0000e-12  -73.88144 -113.11936  39.726377      99.88 2.7148e+02    730.989      17545  1029.1587  1029.1572     4.6761     0.0778     0.1145    34.1787    34.1770    8.35355         29 0.0000e+00
    347.000    343.125    -1.3687  27.430647    -1.3660  27.431618     6.1241     6.3339     0.0357    98.5493 1.0000e-12  -73.88144 -113.11936  39.726393      99.93 2.7176e+02    732.341      17577  1029.1635  1029.1619     4.6750     0.0794     0.1153    34.1786    34.1769    8.35350         37 0.0000e+00
    348.000    344.115    -1.3542  27.444176    -1.3537  27.443108     5.9985     6.2180     0.0332    98.5545 1.0000e-12  -73.88144 -113.11936  39.726410      99.93 2.7232e+02    733.866      17614  1029.1685  1029.1668     4.6752     0.0786     0.1153    34.1801    34.1780    8.35017         32 0.0000e+00
    349.000    345.102    -1.2600  27.533126    -1.2476  27.537665     5.8719     6.0777     0.0372    98.5058 1.0000e-12  -73.88144 -113.11936  39.726426      99.92 2.7181e+02    735.184      17645  1029.1778  1029.1706     4.6730     0.0776     0.1137    34.1940    34.1860    8.32834         28 0.0000e+00
    350.000    346.089    -1.1127  27.664667    -1.1128  27.661481     5.8200     6.0235     0.0307    98.5894 1.0000e-12  -73.88144 -113.11936  39.726440      99.93 2.7311e+02    736.422      17675  1029.1820  1029.1787     4.6769     0.0769     0.1157    34.2056    34.2014    8.29491         30 0.0000e+00
    351.000    347.078    -1.0942  27.681996    -1.0924  27.681514     5.8049     6.0097     0.0302    98.5460 1.0000e-12  -73.88144 -113.11936  39.726456      99.93 2.7273e+02    737.770      17707  1029.1883  1029.1860     4.6749     0.0777     0.1158    34.2077    34.2049    8.29071         34 0.0000e+00
    352.000    348.065    -1.0884  27.687854    -1.0865  27.687324     5.8087     5.9990     0.0338    98.5395 1.0000e-12  -73.88144 -113.11936  39.726472      99.93 2.7191e+02    739.173      17741  1029.1942  1029.1919     4.6745     0.0758     0.1167    34.2084    34.2056    8.28937         33 0.0000e+00
    353.000    349.053    -1.0818  27.693854    -1.0801  27.693416     5.8141     5.9937     0.0294    98.5712 1.0000e-12  -73.88144 -113.11937  39.726487      99.92 2.7286e+02    740.517      17773  1029.1995  1029.1973     4.6760     0.0782     0.1168    34.2085    34.2060    8.28792         32 0.0000e+00
    354.000    350.042    -1.0738  27.701639    -1.0683  27.704287     5.7926     5.9743     0.0296    98.5842 1.0000e-12  -73.88144 -113.11936  39.726503      91.85 2.7358e+02    741.819      17805  1029.2051  1029.2027     4.6766     0.0757     0.1149    34.2094    34.2068    8.28609         31 0.0000e+00
    355.000    351.029    -1.0630  27.711867    -1.0577  27.714429     5.7907     5.9777     0.0289    98.5679 1.0000e-12  -73.88144 -113.11936  39.726518      96.65 2.7225e+02    743.190      17838  1029.2106  1029.2083     4.6759     0.0794     0.1139    34.2104    34.2080    8.28364         33 0.0000e+00
    356.000    352.018    -1.0462  27.727459    -1.0441  27.727233     5.7374     5.9293     0.0386    98.5717 1.0000e-12  -73.88144 -113.11936  39.726535      99.92 2.7247e+02    744.644      17872  1029.2160  1029.2137     4.6760     0.0785     0.1192    34.2120    34.2093    8.27985         34 0.0000e+00
    357.000    353.006    -1.0207  27.752882    -1.0092  27.758462     5.6706     5.8652     0.0609    98.5320 1.0000e-12  -73.88144 -113.11936  39.726551      99.93 2.7307e+02    745.983      17905  1029.2234  1029.2183     4.6742     0.0769     0.1173    34.2170    34.2116    8.27394         30 0.0000e+00
    358.000    353.993    -0.9436  27.821775    -0.9408  27.821510     5.6344     5.8299     0.0397    98.5479 1.0000e-12  -73.88144 -113.11936  39.726565      99.92 2.7140e+02    747.182      17933  1029.2275  1029.2245     4.6750     0.0775     0.1159    34.2226    34.2190    8.25665         29 0.0000e+00
    359.000    354.981    -0.9215  27.842533    -0.9184  27.842500     5.6043     5.8000     0.0393    98.5295 1.0000e-12  -73.88144 -113.11936  39.726580      99.93 2.7291e+02    748.517      17965  1029.2334  1029.2305     4.6741     0.0764     0.1238    34.2251    34.2216    8.25165         33 0.0000e+00
    360.000    355.969    -0.9012  27.861496    -0.8961  27.863244     5.5437     5.7488     0.0476    98.5019 1.0000e-12  -73.88144 -113.11936  39.726598      99.92 2.7342e+02    750.059      18002  1029.2392  1029.2362     4.6728     0.0779     0.1166    34.2272    34.2238    8.24709         33 0.0000e+00
    361.000    356.957    -0.8558  27.903632    -0.8539  27.901280     5.4780     5.6836     0.0554    98.5125 1.0000e-12  -73.88144 -113.11934  39.726613      99.93 2.7096e+02    751.358      18034  1029.2453  1029.2410     4.6733     0.0779     0.1172    34.2323    34.2270    8.23686         28 0.0000e+00
    362.000    357.945    -0.8103  27.945074    -0.8087  27.943327     5.3973     5.6009     0.0266    98.5156 1.0000e-12  -73.88144 -113.11936  39.726625      99.92 2.7182e+02    752.413      18059  1029.2505  1029.2470     4.6734     0.0788     0.1256    34.2363    34.2321    8.22670         23 0.0000e+00
