ocean_section_plots/required_files/ctd/dnbp2202_ctd205.cnv
* Sea-Bird SBE 9 Data File:
* FileName = D:\Data\raw\NBP2202_CTD205.hex
* Software Version Seasave V 7.26.7.121
* Temperature SN = 1649
* Conductivity SN = 2513
* Number of Bytes Per Scan = 40
* Number of Voltage Words = 5
* Number of Scans Averaged by the Deck Unit = 1
* NMEA Latitude = 73 57.56 S
* NMEA Longitude = 113 52.18 W
* NMEA UTC (Time) = Feb 09 2022  14:32:03
* NMEA baud rate = 9600
** Ship: RVIB N.B. Palmer
** Cruise: NBP2202 Thwaites
** Station: 124
** Operator: B. Bjork
# nquan = 28
# nvalues = 462                         
# units = specified
# name 0 = prDM: Pressure, Digiquartz [db]
# name 1 = depSM: Depth [salt water, m]
# name 2 = t090C: Temperature [ITS-90, deg C]
# name 3 = c0mS/cm: Conductivity [mS/cm]
# name 4 = t190C: Temperature, 2 [ITS-90, deg C]
# name 5 = c1mS/cm: Conductivity, 2 [mS/cm]
# name 6 = sbeox0ML/L: Oxygen, SBE 43 [ml/l]
# name 7 = sbeox1ML/L: Oxygen, SBE 43, 2 [ml/l]
# name 8 = flECO-AFL: Fluorescence, WET Labs ECO-AFL/FL [mg/m^3]
# name 9 = CStarTr0: Beam Transmission, WET Labs C-Star [%]
# name 10 = par: PAR/Irradiance, Biospherical/Licor
# name 11 = latitude: Latitude [deg]
# name 12 = longitude: Longitude [deg]
# name 13 = timeJ: Julian Days
# name 14 = altM: Altimeter [m]
# name 15 = spar: SPAR, Biospherical/Licor
# name 16 = timeS: Time, Elapsed [seconds]
# name 17 = scan: Scan Count
# name 18 = density00: Density [density, kg/m^3]
# name 19 = density11: Density, 2 [density, kg/m^3]
# name 20 = v3: Voltage 3
# name 21 = v4: Voltage 4
# name 22 = v5: Voltage 5
# name 23 = sal00: Salinity, Practical [PSU]
# name 24 = sal11: Salinity, Practical, 2 [PSU]
# name 25 = oxsolML/L: Oxygen Saturation, Garcia & Gordon [ml/l]
# name 26 = nbin: number of scans per bin
# name 27 = flag: flag
# span 0 =      2.000,    463.000       
# span 1 =      1.982,    457.708       
# span 2 =    -1.2020,    -0.3776       
# span 3 =  27.294084,  28.355588       
# span 4 =    -1.2009,    -0.3792       
# span 5 =  27.294122,  28.351613       
# span 6 =     4.9212,     8.7714       
# span 7 =     5.0701,     9.0244       
# span 8 =    -0.0032,    19.7527       
# span 9 =    76.5033,    97.8604       
# span 10 = -7.885e-05, 1.2436e+02      
# span 11 =  -73.95940,  -73.95938      
# span 12 = -113.86975, -113.86970      
# span 13 =  40.607083,  40.613739      
# span 14 =       1.53,     100.01      
# span 15 = 3.0322e+02, 3.4740e+02      
# span 16 =    128.947,    704.051      
# span 17 =       3096,      16898      
# span 18 =  1027.1823,  1029.7132      
# span 19 =  1027.1816,  1029.7103      
# span 20 =     3.6298,     4.6423      
# span 21 =     0.0659,     2.9986      
# span 22 =     0.1240,     0.2381      
# span 23 =    33.7954,    34.2394      
# span 24 =    33.7945,    34.2359      
# span 25 =    8.13302,    8.33108      
# span 26 =          9,         46      
# span 27 = 0.0000e+00, 0.0000e+00      
# interval = decibars: 1                
# start_time = Feb 09 2022 14:32:03 [NMEA time, header]
# bad_flag = -9.990e-29
*END*
[from data line 259]
    261.000    258.138    -0.9629  27.650833    -0.9619  27.650205     5.3976     5.5766     0.3733    97.0900 1.0000e-12  -73.95938 -113.86974  40.610646      99.95 3.2642e+02    436.818      10485  1028.6474  1028.6457     4.6058     0.1503     0.1288    34.0717    34.0696    8.26972         24 0.0000e+00
    262.000    259.128    -0.9546  27.659686    -0.9535  27.658804     5.3966     5.5657     0.3300    97.0310 1.0000e-12  -73.95938 -113.86974  40.610657      99.95 3.2407e+02    437.791      10508  1028.6534  1028.6513     4.6030     0.1323     0.1284    34.0737    34.0712    8.26778         23 0.0000e+00
    263.000    260.114    -0.9443  27.669858    -0.9427  27.669608     5.3898     5.5585     0.2723    97.3457 1.0000e-12  -73.95938 -113.86974  40.610669      99.95 3.2792e+02    438.775      10532  1028.6588  1028.6570     4.6179     0.1302     0.1309    34.0752    34.0731    8.26542         24 0.0000e+00
    264.000    261.104    -0.9405  27.674021    -0.9391  27.673666     5.3863     5.5573     0.3118    97.0902 1.0000e-12  -73.95938 -113.86974  40.610680      99.95 3.2636e+02    439.750      10555  1028.6642  1028.6624     4.6059     0.1086     0.1273    34.0760    34.0740    8.26454         23 0.0000e+00
    265.000    262.091    -0.9393  27.675836    -0.9377  27.675562     5.3853     5.5552     0.2580    96.9825 1.0000e-12  -73.95938 -113.86974  40.610691      99.94 3.2385e+02    440.733      10579  1028.6694  1028.6676     4.6007     0.1757     0.1301    34.0765    34.0743    8.26425         24 0.0000e+00
    266.000    263.081    -0.9383  27.677086    -0.9369  27.676899     5.3866     5.5538     0.3369    96.7865 1.0000e-12  -73.95938 -113.86974  40.610703      99.95 3.2716e+02    441.716      10602  1028.6742  1028.6727     4.5914     0.1298     0.1325    34.0764    34.0745    8.26403         23 0.0000e+00
    267.000    264.069    -0.9358  27.680027    -0.9344  27.679848     5.3868     5.5492     0.4752    96.8319 1.0000e-12  -73.95938 -113.86974  40.610714      99.95 3.2724e+02    442.696      10626  1028.6795  1028.6779     4.5936     0.1049     0.1296    34.0770    34.0751    8.26345         24 0.0000e+00
    268.000    265.058    -0.9336  27.682798    -0.9319  27.682803     5.3830     5.5553     0.3605    97.2876 1.0000e-12  -73.95938 -113.86974  40.610725      99.95 3.2428e+02    443.670      10649  1028.6847  1028.6831     4.6152     0.1425     0.1312    34.0776    34.0757    8.26292         23 0.0000e+00
    269.000    266.045    -0.9310  27.685900    -0.9295  27.685617     5.3771     5.5450     0.1763    97.3520 1.0000e-12  -73.95938 -113.86974  40.610737      74.50 3.2761e+02    444.647      10673  1028.6900  1028.6882     4.6183     0.1104     0.1304    34.0783    34.0762    8.26232         24 0.0000e+00
    270.000    267.034    -0.9270  27.690255    -0.9254  27.690111     5.3717     5.5364     0.2928    97.4615 1.0000e-12  -73.95938 -113.86974  40.610748      85.81 3.2805e+02    445.621      10696  1028.6952  1028.6935     4.6234     0.1212     0.1295    34.0791    34.0771    8.26140         23 0.0000e+00
    271.000    268.021    -0.9241  27.693414    -0.9228  27.693099     5.3627     5.5296     0.2424    97.1421 1.0000e-12  -73.95938 -113.86973  40.610759      98.46 3.2427e+02    446.589      10719  1028.7003  1028.6987     4.6083     0.1271     0.1315    34.0795    34.0776    8.26074         23 0.0000e+00
    272.000    269.012    -0.9171  27.700842    -0.9154  27.700702     5.3463     5.5121     0.2124    97.4294 1.0000e-12  -73.95938 -113.86973  40.610770      99.95 3.2636e+02    447.563      10743  1028.7058  1028.7041     4.6219     0.1010     0.1306    34.0811    34.0790    8.25910         24 0.0000e+00
    273.000    269.999    -0.9080  27.710185    -0.9063  27.710180     5.3191     5.4886     0.5035    97.5177 1.0000e-12  -73.95938 -113.86973  40.610782      99.95 3.2820e+02    448.538      10766  1028.7115  1028.7098     4.6261     0.1152     0.1300    34.0828    34.0809    8.25699         23 0.0000e+00
    274.000    270.988    -0.8904  27.727989    -0.8881  27.727963     5.3010     5.4726     0.2353    97.4853 1.0000e-12  -73.95938 -113.86972  40.610793      99.95 3.2458e+02    449.504      10789  1028.7182  1028.7158     4.6246     0.1249     0.1352    34.0866    34.0838    8.25293         23 0.0000e+00
    275.000    271.975    -0.8719  27.745434    -0.8704  27.745063     5.2898     5.4558     0.1626    96.9947 1.0000e-12  -73.95938 -113.86974  40.610804      99.95 3.2533e+02    450.483      10813  1028.7234  1028.7216     4.6013     0.1167     0.1296    34.0886    34.0865    8.24874         24 0.0000e+00
    276.000    272.964    -0.8620  27.755628    -0.8603  27.755414     5.2756     5.4411     0.1356    97.1745 1.0000e-12  -73.95938 -113.86974  40.610815      99.95 3.2821e+02    451.459      10836  1028.7293  1028.7275     4.6098     0.1056     0.1318    34.0907    34.0885    8.24646         23 0.0000e+00
    277.000    273.953    -0.8545  27.763384    -0.8528  27.763111     5.2660     5.4366     0.1494    97.3579 1.0000e-12  -73.95938 -113.86974  40.610827      99.95 3.2455e+02    452.429      10859  1028.7349  1028.7330     4.6185     0.1014     0.1339    34.0921    34.0898    8.24474         24 0.0000e+00
    278.000    274.941    -0.8430  27.774702    -0.8411  27.774651     5.2726     5.4387     0.2944    97.1820 1.0000e-12  -73.95938 -113.86974  40.610838      99.95 3.2520e+02    453.405      10883  1028.7405  1028.7386     4.6102     0.1205     0.1305    34.0939    34.0917    8.24212         23 0.0000e+00
    279.000    275.929    -0.8412  27.777837    -0.8397  27.777440     5.2746     5.4424     0.4807    97.0248 1.0000e-12  -73.95938 -113.86974  40.610849      99.95 3.2770e+02    454.385      10906  1028.7466  1028.7448     4.6027     0.1146     0.1318    34.0954    34.0932    8.24162         23 0.0000e+00
    280.000    276.917    -0.8423  27.777470    -0.8410  27.777130     5.2663     5.4357     0.2749    97.0730 1.0000e-12  -73.95938 -113.86974  40.610861      99.95 3.2444e+02    455.356      10930  1028.7518  1028.7502     4.6050     0.1048     0.1275    34.0956    34.0936    8.24187         24 0.0000e+00
    281.000    277.904    -0.8377  27.782498    -0.8362  27.782132     5.2592     5.4234     0.1345    97.4784 1.0000e-12  -73.95938 -113.86974  40.610872      99.95 3.2466e+02    456.333      10953  1028.7572  1028.7554     4.6243     0.1002     0.1299    34.0966    34.0944    8.24079         24 0.0000e+00
    282.000    278.897    -0.8292  27.790721    -0.8269  27.790959     5.2562     5.4167     0.1876    97.4811 1.0000e-12  -73.95938 -113.86974  40.610883      99.95 3.2828e+02    457.313      10977  1028.7623  1028.7603     4.6243     0.0896     0.1283    34.0975    34.0952    8.23888         23 0.0000e+00
    283.000    279.882    -0.8250  27.795046    -0.8234  27.794819     5.2537     5.4186     0.1474    97.0782 1.0000e-12  -73.95938 -113.86974  40.610895      99.51 3.2544e+02    458.291      11000  1028.7673  1028.7655     4.6053     0.0918     0.1302    34.0980    34.0959    8.23793         23 0.0000e+00
    284.000    280.872    -0.8248  27.795734    -0.8231  27.795634     5.2574     5.4205     0.1021    97.2328 1.0000e-12  -73.95938 -113.86974  40.610906      95.88 3.2427e+02    459.266      11023  1028.7723  1028.7706     4.6126     0.1037     0.1323    34.0981    34.0961    8.23789         23 0.0000e+00
    285.000    281.858    -0.8259  27.795342    -0.8243  27.795220     5.2661     5.4251     0.1465    97.5879 1.0000e-12  -73.95938 -113.86974  40.610917     100.01 3.2885e+02    460.244      11047  1028.7774  1028.7757     4.6294     0.0942     0.1337    34.0982    34.0962    8.23813         24 0.0000e+00
    286.000    282.846    -0.8272  27.795513    -0.8256  27.795485     5.2620     5.4253     0.3312    97.4047 1.0000e-12  -73.95938 -113.86974  40.610928      99.95 3.2625e+02    461.222      11070  1028.7833  1028.7817     4.6207     0.1276     0.1316    34.0994    34.0974    8.23835         23 0.0000e+00
    287.000    283.838    -0.8239  27.799158    -0.8249  27.796482     5.2483     5.4025     0.4361    97.4576 1.0000e-12  -73.95938 -113.86974  40.610940      99.94 3.2405e+02    462.198      11094  1028.7883  1028.7865     4.6233     0.1764     0.1322    34.0999    34.0974    8.23758         24 0.0000e+00
    288.000    284.823    -0.8198  27.803529    -0.8192  27.802213     5.2281     5.3883     0.3059    97.2949 1.0000e-12  -73.95938 -113.86972  40.610951      99.95 3.2810e+02    463.182      11117  1028.7935  1028.7915     4.6152     0.0865     0.1353    34.1006    34.0982    8.23666         24 0.0000e+00
    289.000    285.812    -0.8025  27.820560    -0.7969  27.823807     5.2171     5.3768     0.2641    96.5156 1.0000e-12  -73.95938 -113.86974  40.610963      99.95 3.2689e+02    464.169      11141  1028.7994  1028.7975     4.5789     0.0845     0.1323    34.1035    34.1016    8.23270         24 0.0000e+00
    290.000    286.800    -0.7903  27.832202    -0.7887  27.832136     5.2150     5.3723     0.1248    97.6102 1.0000e-12  -73.95938 -113.86972  40.610974      99.95 3.2415e+02    465.164      11165  1028.8045  1028.8029     4.6305     0.0871     0.1289    34.1048    34.1029    8.22996         23 0.0000e+00
    291.000    287.790    -0.7872  27.835797    -0.7849  27.836172     5.1935     5.3695     0.1693    97.5691 1.0000e-12  -73.95938 -113.86974  40.610986      99.95 3.2728e+02    466.159      11189  1028.8098  1028.8080     4.6285     0.1260     0.1293    34.1056    34.1036    8.22924         24 0.0000e+00
    292.000    288.777    -0.7857  27.837539    -0.7839  27.837532     5.2043     5.3640     0.0938    97.5171 1.0000e-12  -73.95938 -113.86972  40.610997      99.95 3.2687e+02    467.147      11213  1028.8147  1028.8129     4.6260     0.0988     0.1324    34.1057    34.1036    8.22891         24 0.0000e+00
    293.000    289.765    -0.7836  27.840163    -0.7820  27.839866     5.2079     5.3627     0.1409    97.6354 1.0000e-12  -73.95938 -113.86974  40.611009      99.95 3.2410e+02    468.139      11236  1028.8198  1028.8180     4.6317     0.1035     0.1301    34.1062    34.1040    8.22841         24 0.0000e+00
    294.000    290.753    -0.7807  27.843426    -0.7791  27.843151     5.2043     5.3636     0.1008    97.6458 1.0000e-12  -73.95938 -113.86972  40.611020      99.95 3.2706e+02    469.136      11260  1028.8250  1028.8231     4.6322     0.0954     0.1330    34.1068    34.1046    8.22775         24 0.0000e+00
    295.000    291.741    -0.7790  27.845512    -0.7773  27.845284     5.2050     5.3657     0.0840    97.4665 1.0000e-12  -73.95938 -113.86974  40.611032      99.95 3.2690e+02    470.125      11284  1028.8300  1028.8281     4.6237     0.0827     0.1285    34.1071    34.1049    8.22736         23 0.0000e+00
    296.000    292.730    -0.7784  27.846528    -0.7767  27.846359     5.2052     5.3652     0.1741    97.6097 1.0000e-12  -73.95938 -113.86972  40.611043      89.46 3.2444e+02    471.106      11308  1028.8349  1028.8331     4.6305     0.0934     0.1291    34.1072    34.1050    8.22723         24 0.0000e+00
    297.000    293.718    -0.7751  27.850380    -0.7734  27.850261     5.2074     5.3676     0.2879    97.5316 1.0000e-12  -73.95938 -113.86974  40.611054      94.23 3.2656e+02    472.098      11331  1028.8402  1028.8384     4.6268     0.0862     0.1315    34.1080    34.1059    8.22646         24 0.0000e+00
    298.000    294.707    -0.7743  27.851634    -0.7723  27.851748     5.2139     5.3584     0.2593    97.5142 1.0000e-12  -73.95938 -113.86972  40.611066      98.88 3.2708e+02    473.086      11355  1028.8452  1028.8434     4.6260     0.0813     0.1316    34.1083    34.1062    8.22628         24 0.0000e+00
    299.000    295.694    -0.7724  27.854088    -0.7705  27.854115     5.2364     5.3749     0.1146    97.6353 1.0000e-12  -73.95938 -113.86974  40.611077      99.94 3.2463e+02    474.073      11379  1028.8503  1028.8486     4.6316     0.1011     0.1370    34.1087    34.1067    8.22582         23 0.0000e+00
    300.000    296.684    -0.7756  27.851548    -0.7722  27.853124     5.2844     5.4233     0.1669    97.4931 1.0000e-12  -73.95938 -113.86972  40.611089      99.95 3.2611e+02    475.066      11403  1028.8551  1028.8536     4.6250     0.0854     0.1324    34.1084    34.1067    8.22655         25 0.0000e+00
    301.000    297.672    -0.7981  27.832379    -0.7955  27.833662     5.3374     5.4739     0.1613    97.6304 1.0000e-12  -73.95938 -113.86974  40.611100      99.95 3.2800e+02    476.055      11426  1028.8607  1028.8595     4.6314     0.0978     0.1308    34.1072    34.1060    8.23153         23 0.0000e+00
    302.000    298.657    -0.8230  27.811129    -0.8265  27.806607     5.3684     5.5030     0.0763    97.5552 1.0000e-12  -73.95938 -113.86974  40.611112      99.95 3.2530e+02    477.039      11450  1028.8663  1028.8649     4.6279     0.0849     0.1301    34.1060    34.1038    8.23704         23 0.0000e+00
    303.000    299.649    -0.8572  27.781747    -0.8587  27.779814     5.4225     5.5633     0.2166    97.6708 1.0000e-12  -73.95938 -113.86974  40.611123      99.95 3.2606e+02    478.023      11474  1028.8722  1028.8715     4.6333     0.1294     0.1283    34.1042    34.1032    8.24462         24 0.0000e+00
    304.000    300.636    -0.8763  27.765904    -0.8770  27.764365     5.4735     5.6171     0.4471    97.6466 1.0000e-12  -73.95938 -113.86973  40.611134      99.95 3.2891e+02    479.006      11497  1028.8777  1028.8767     4.6322     0.0882     0.1301    34.1037    34.1023    8.24884         23 0.0000e+00
    305.000    301.623    -0.9072  27.737838    -0.9128  27.733062     5.5017     5.6474     0.2558    97.4232 1.0000e-12  -73.95938 -113.86972  40.611146      99.95 3.2581e+02    479.987      11521  1028.8814  1028.8818     4.6218     0.0805     0.1314    34.0998    34.0997    8.25583         24 0.0000e+00
    306.000    302.612    -0.9610  27.695180    -0.9634  27.691151     5.5010     5.6568     0.0755    97.7608 1.0000e-12  -73.95938 -113.86972  40.611157      99.95 3.2664e+02    480.973      11544  1028.8917  1028.8897     4.6375     0.0796     0.1272    34.1022    34.0994    8.26751         24 0.0000e+00
    307.000    303.601    -0.9365  27.716700    -0.9349  27.717098     5.4539     5.6237     0.2203    97.7901 1.0000e-12  -73.95938 -113.86973  40.611169      99.95 3.2952e+02    481.962      11568  1028.8949  1028.8938     4.6390     0.0994     0.1250    34.1030    34.1018    8.26207         23 0.0000e+00
    308.000    304.588    -0.9424  27.713271    -0.9350  27.717610     5.4011     5.5649     0.3647    97.7897 1.0000e-12  -73.95938 -113.86973  40.611180      99.95 3.2631e+02    482.950      11592  1028.9010  1028.8984     4.6390     0.0869     0.1240    34.1045    34.1020    8.26329         24 0.0000e+00
    309.000    305.577    -0.8818  27.768382    -0.8828  27.765441     5.3718     5.5296     0.0745    97.7627 1.0000e-12  -73.95938 -113.86973  40.611192      99.95 3.2650e+02    483.942      11616  1028.9055  1028.9032     4.6377     0.0840     0.1281    34.1102    34.1073    8.24967         24 0.0000e+00
    310.000    306.565    -0.8539  27.793002    -0.8523  27.792778     5.3701     5.5358     0.1318    97.7542 1.0000e-12  -73.95938 -113.86973  40.611203      97.23 3.2952e+02    484.939      11640  1028.9091  1028.9073     4.6373     0.0841     0.1255    34.1114    34.1093    8.24348         24 0.0000e+00
    311.000    307.554    -0.8560  27.792156    -0.8549  27.791907     5.3836     5.5520     0.6561    97.6770 1.0000e-12  -73.95938 -113.86973  40.611214      99.91 3.2647e+02    485.924      11663  1028.9145  1028.9133     4.6336     0.0833     0.1260    34.1120    34.1105    8.24389         24 0.0000e+00
