ocean_section_plots/required_files/ctd/dnbp2202_ctd152.cnv
* Sea-Bird SBE 9 Data File:
* FileName = D:\Data\raw\NBP2202_CTD152.hex
* Software Version Seasave V 7.26.7.121
* Temperature SN = 1649
* Conductivity SN = 2513
* Number of Bytes Per Scan = 40
* Number of Voltage Words = 5
* Number of Scans Averaged by the Deck Unit = 1
* NMEA Latitude = 74 06.59 S
* NMEA Longitude = 113 19.34 W
* NMEA UTC (Time) = Jan 31 2022  12:10:33
* NMEA baud rate = 9600
** Ship: RVIB N.B. Palmer
** Cruise: NBP2202 Thwaites
** Station: Yo-Yo 002
** Operator: B. Bjork
# nquan = 28
# nvalues = 414                         
# units = specified
# name 0 = prDM: Pressure, Digiquartz [db]
# name 1 = depSM: Depth [salt water, m]
# name 2 = t090C: Temperature [ITS-90, deg C]
# name 3 = c0mS/cm: Conductivity [mS/cm]
# name 4 = t190C: Temperature, 2 [ITS-90, deg C]
# name 5 = c1mS/cm: Conductivity, 2 [mS/cm]
# name 6 = sbeox0ML/L: Oxygen, SBE 43 [ml/l]
# name 7 = sbeox1ML/L: Oxygen, SBE 43, 2 [ml/l]
# name 8 = flECO-AFL: Fluorescence, WET Labs ECO-AFL/FL [mg/m^3]
# name 9 = CStarTr0: Beam Transmission, WET Labs C-Star [%]
# name 10 = par: PAR/Irradiance, Biospherical/Licor
# name 11 = latitude: Latitude [deg]
# name 12 = longitude: Longitude [deg]
# name 13 = timeJ: Julian Days
# name 14 = altM: Altimeter [m]
# name 15 = spar: SPAR, Biospherical/Licor
# name 16 = timeS: Time, Elapsed [seconds]
# name 17 = scan: Scan Count
# name 18 = density00: Density [density, kg/m^3]
# name 19 = density11: Density, 2 [density, kg/m^3]
# name 20 = v3: Voltage 3
# name 21 = v4: Voltage 4
# name 22 = v5: Voltage 5
# name 23 = sal00: Salinity, Practical [PSU]
# name 24 = sal11: Salinity, Practical, 2 [PSU]
# name 25 = oxsolML/L: Oxygen Saturation, Garcia & Gordon [ml/l]
# name 26 = nbin: number of scans per bin
# name 27 = flag: flag
# span 0 =     10.000,    423.000       
# span 1 =      9.896,    418.195       
# span 2 =    -1.4492,    -0.1917       
# span 3 =  27.035220,  28.524427       
# span 4 =    -1.4481,    -0.1895       
# span 5 =  27.034931,  28.524220       
# span 6 =     4.7747,     7.9816       
# span 7 =     4.8670,     8.1571       
# span 8 =    -0.0223,    21.3011       
# span 9 =    71.2517,    93.6683       
# span 10 = -6.733e-05, 4.9887e+00      
# span 11 =  -74.10992,  -74.10990      
# span 12 = -113.32236, -113.32232      
# span 13 =  31.507694,  31.514814      
# span 14 =       5.29,     100.87      
# span 15 = 1.1104e+03, 1.1686e+03      
# span 16 =     31.788,    646.896      
# span 17 =        764,      15527      
# span 18 =  1027.2372,  1029.5452      
# span 19 =  1027.2355,  1029.5430      
# span 20 =     3.3806,     4.4435      
# span 21 =     0.0634,     3.3735      
# span 22 =     0.1210,     0.2419      
# span 23 =    33.8041,    34.2800      
# span 24 =    33.8023,    34.2771      
# span 25 =    8.09112,    8.38970      
# span 26 =         17,         49      
# span 27 = 0.0000e+00, 0.0000e+00      
# interval = decibars: 1                
# start_time = Jan 31 2022 12:10:33 [NMEA time, header]
# bad_flag = -9.990e-29
*END*
[from data line 52]
     62.000     61.350    -1.2525  27.141468    -1.2575  27.137281     6.8496     7.0285    16.2033    76.7646 1.0000e-12  -74.10992 -113.32235  31.508910      99.66 1.1238e+03    136.851       3285  1027.5101  1027.5104     3.6419     2.6804     0.2012    33.8266    33.8266    8.34835         39 0.0000e+00
     63.000     62.339    -1.3355  27.077996    -1.3445  27.071431     6.6527     6.8773    13.9120    76.9439 1.0000e-12  -74.10992 -113.32234  31.508931      99.52 1.1226e+03    138.630       3328  1027.5246  1027.5261     3.6505     2.1561     0.2019    33.8327    33.8339    8.36658         40 0.0000e+00
     64.000     63.328    -1.3438  27.072811    -1.3421  27.073072     6.6530     6.8585    15.0670    77.6309 1.0000e-12  -74.10992 -113.32234  31.508952      99.37 1.1233e+03    140.494       3373  1027.5305  1027.5292     3.6827     1.9086     0.1901    33.8344    33.8328    8.36834         30 0.0000e+00
     65.000     64.317    -1.3456  27.072006    -1.3430  27.072969     6.6762     6.8447    12.3945    77.3238 1.0000e-12  -74.10992 -113.32234  31.508977      99.35 1.1237e+03    142.605       3424  1027.5351  1027.5337     3.6681     1.7691     0.1798    33.8347    33.8331    8.36873         39 0.0000e+00
     66.000     65.307    -1.3462  27.072231    -1.3456  27.071818     6.6688     6.8315    14.7932    78.2985 1.0000e-12  -74.10992 -113.32233  31.509000      99.41 1.1214e+03    144.602       3471  1027.5398  1027.5388     3.7148     1.6137     0.1627    33.8350    33.8338    8.36884         40 0.0000e+00
     67.000     66.295    -1.3495  27.070595    -1.3476  27.070837     6.6716     6.8271    11.6939    78.6630 1.0000e-12  -74.10992 -113.32233  31.509023      99.41 1.1214e+03    146.542       3518  1027.5452  1027.5436     3.7324     1.6999     0.1686    33.8359    33.8341    8.36953         40 0.0000e+00
     68.000     67.287    -1.3490  27.071596    -1.3475  27.071500     6.6958     6.8490    10.9504    79.7500 1.0000e-12  -74.10992 -113.32232  31.509046      99.45 1.1236e+03    148.593       3567  1027.5499  1027.5483     3.7844     1.7559     0.1808    33.8361    33.8343    8.36941         41 0.0000e+00
     69.000     68.274    -1.3442  27.075488    -1.3424  27.075590     6.7119     6.8649    10.9871    78.9316 1.0000e-12  -74.10992 -113.32232  31.509070      97.72 1.1236e+03    150.609       3616  1027.5536  1027.5520     3.7448     1.4414     0.1703    33.8354    33.8335    8.36838         42 0.0000e+00
     70.000     69.264    -1.3448  27.075500    -1.3431  27.075687     6.6809     6.8415    12.7491    79.7973 1.0000e-12  -74.10992 -113.32232  31.509093      99.35 1.1244e+03    152.601       3663  1027.5584  1027.5569     3.7867     1.6186     0.1715    33.8355    33.8338    8.36851         38 0.0000e+00
     71.000     70.255    -1.3510  27.071922    -1.3481  27.072875     6.6406     6.7972    13.4809    81.3583 1.0000e-12  -74.10992 -113.32232  31.509116      99.40 1.1249e+03    154.636       3712  1027.5646  1027.5630     3.8597     1.6361     0.1690    33.8369    33.8350    8.36980         39 0.0000e+00
     72.000     71.242    -1.3539  27.070413    -1.3527  27.070195     6.6227     6.7742    11.2648    81.2717 1.0000e-12  -74.10992 -113.32233  31.509139      99.44 1.1239e+03    156.637       3760  1027.5700  1027.5686     3.8557     1.5067     0.1511    33.8376    33.8359    8.37043         45 0.0000e+00
     73.000     72.233    -1.3553  27.069988    -1.3540  27.069836     6.6188     6.7709    11.3552    81.0614 1.0000e-12  -74.10992 -113.32234  31.509163      99.46 1.1242e+03    158.674       3809  1027.5751  1027.5737     3.8457     1.4421     0.1654    33.8379    33.8362    8.37072         42 0.0000e+00
     74.000     73.222    -1.3569  27.069054    -1.3569  27.067862     6.6168     6.7597     9.3401    81.5196 1.0000e-12  -74.10992 -113.32234  31.509186      99.40 1.1249e+03    160.680       3857  1027.5799  1027.5785     3.8669     1.5669     0.1760    33.8378    33.8361    8.37109         37 0.0000e+00
     75.000     74.211    -1.3597  27.067226    -1.3589  27.066725     6.6037     6.7524    10.3635    81.9457 1.0000e-12  -74.10992 -113.32234  31.509208      94.62 1.1241e+03    162.556       3902  1027.5847  1027.5834     3.8881     1.4121     0.1628    33.8378    33.8362    8.37171         35 0.0000e+00
     76.000     75.199    -1.3645  27.063976    -1.3647  27.062695     6.6063     6.7697     8.3363    81.7275 1.0000e-12  -74.10992 -113.32234  31.509232      97.83 1.1250e+03    164.682       3953  1027.5900  1027.5888     3.8770     1.4585     0.1681    33.8381    33.8367    8.37276         43 0.0000e+00
     77.000     76.189    -1.3626  27.065631    -1.3575  27.068070     6.6166     6.7842     8.8506    82.0308 1.0000e-12  -74.10992 -113.32234  31.509256      99.41 1.1262e+03    166.750       4003  1027.5942  1027.5919     3.8912     1.5333     0.1774    33.8377    33.8352    8.37237         39 0.0000e+00
     78.000     77.178    -1.3617  27.067087    -1.3560  27.069421     6.6129     6.7795     9.9100    80.1439 1.0000e-12  -74.10992 -113.32234  31.509277      99.42 1.1262e+03    168.550       4046  1027.5992  1027.5963     3.8020     1.5204     0.1558    33.8380    33.8348    8.37215         39 0.0000e+00
     79.000     78.167    -1.3624  27.067048    -1.3594  27.067845     6.5921     6.7551     8.7047    82.0477 1.0000e-12  -74.10992 -113.32234  31.509299      99.45 1.1264e+03    170.465       4092  1027.6042  1027.6022     3.8925     1.4378     0.1508    33.8381    33.8358    8.37230         41 0.0000e+00
     80.000     79.157    -1.3670  27.064825    -1.3632  27.066074     6.5493     6.7158     8.9175    82.4022 1.0000e-12  -74.10992 -113.32234  31.509326      99.45 1.1251e+03    172.766       4147  1027.6104  1027.6082     3.9094     1.4338     0.1602    33.8397    33.8371    8.37325         40 0.0000e+00
     81.000     80.147    -1.3695  27.063030    -1.3648  27.065351     6.5165     6.6998     9.0959    82.5875 1.0000e-12  -74.10991 -113.32234  31.509348      99.57 1.1261e+03    174.640       4192  1027.6151  1027.6132     3.9181     1.1983     0.1591    33.8394    33.8372    8.37381         38 0.0000e+00
     82.000     81.135    -1.3757  27.058988    -1.3735  27.059747     6.5302     6.7052     7.1814    82.5343 1.0000e-12  -74.10990 -113.32234  31.509367      93.88 1.1255e+03    176.267       4231  1027.6210  1027.6198     3.9156     1.4482     0.1675    33.8403    33.8388    8.37517         37 0.0000e+00
     83.000     82.124    -1.3721  27.062370    -1.3636  27.066670     6.6135     6.7487     8.5655    82.5319 1.0000e-12  -74.10990 -113.32234  31.509390      99.59 1.1247e+03    178.289       4280  1027.6254  1027.6219     3.9156     1.2981     0.1723    33.8402    33.8365    8.37436         43 0.0000e+00
     84.000     83.115    -1.3602  27.070180    -1.3583  27.069570     6.6517     6.7806     9.4794    82.1195 1.0000e-12  -74.10990 -113.32233  31.509415      99.57 1.1251e+03    180.499       4333  1027.6267  1027.6243     3.8960     1.1835     0.1818    33.8368    33.8338    8.37188         38 0.0000e+00
     85.000     84.104    -1.3588  27.071742    -1.3570  27.071840     6.6290     6.7699     9.4896    82.5328 1.0000e-12  -74.10990 -113.32233  31.509436      99.57 1.1240e+03    182.306       4376  1027.6314  1027.6299     3.9155     1.1958     0.1557    33.8367    33.8348    8.37157         40 0.0000e+00
     86.000     85.093    -1.3597  27.072234    -1.3577  27.072407     6.6036     6.7606     9.5594    83.2026 1.0000e-12  -74.10990 -113.32233  31.509459      99.55 1.1244e+03    184.239       4423  1027.6371  1027.6355     3.9469     1.2116     0.1604    33.8378    33.8358    8.37170         41 0.0000e+00
     87.000     86.082    -1.3618  27.071141    -1.3601  27.071195     6.5919     6.7454     8.8910    82.9811 1.0000e-12  -74.10990 -113.32233  31.509484      99.49 1.1265e+03    186.403       4475  1027.6424  1027.6408     3.9366     1.3528     0.1629    33.8381    33.8362    8.37217         33 0.0000e+00
     88.000     87.071    -1.3607  27.072439    -1.3588  27.072586     6.5262     6.7030     8.0071    82.3199 1.0000e-12  -74.10990 -113.32233  31.509508      99.41 1.1278e+03    188.463       4524  1027.6470  1027.6454     3.9054     1.3203     0.1583    33.8380    33.8360    8.37193         36 0.0000e+00
     89.000     88.060    -1.3742  27.064421    -1.3705  27.065658     6.5349     6.7169    11.1053    81.9491 1.0000e-12  -74.10990 -113.32232  31.509530      99.30 1.1278e+03    190.393       4570  1027.6556  1027.6533     3.8879     1.3957     0.1526    33.8416    33.8391    8.37474         36 0.0000e+00
     90.000     89.049    -1.3633  27.071778    -1.3577  27.074039     6.6015     6.7557     8.5491    81.8096 1.0000e-12  -74.10990 -113.32232  31.509552      99.52 1.1302e+03    192.305       4616  1027.6573  1027.6545     3.8810     1.3020     0.1607    33.8387    33.8356    8.37246         36 0.0000e+00
     91.000     90.038    -1.3596  27.074799    -1.3560  27.076417     6.5799     6.7351     9.4636    81.6569 1.0000e-12  -74.10992 -113.32232  31.509576      99.45 1.1312e+03    194.344       4665  1027.6615  1027.6598     3.8742     1.4719     0.1705    33.8382    33.8363    8.37167         43 0.0000e+00
     92.000     91.028    -1.3648  27.071692    -1.3638  27.071670     6.5461     6.7076    10.9969    83.2180 1.0000e-12  -74.10992 -113.32232  31.509598      99.48 1.1315e+03    196.307       4712  1027.6674  1027.6665     3.9476     1.5633     0.1744    33.8391    33.8379    8.37277         41 0.0000e+00
     93.000     92.017    -1.3659  27.071641    -1.3656  27.070546     6.5356     6.6877     8.7956    82.2739 1.0000e-12  -74.10992 -113.32232  31.509615      99.49 1.1312e+03    197.756       4747  1027.6727  1027.6713     3.9034     1.3580     0.1750    33.8397    33.8379    8.37300         31 0.0000e+00
     94.000     93.006    -1.3671  27.071402    -1.3657  27.071195     6.5432     6.6914     8.1219    82.7635 1.0000e-12  -74.10992 -113.32232  31.509631      99.49 1.1308e+03    199.124       4780  1027.6779  1027.6764     3.9265     1.3459     0.1570    33.8401    33.8382    8.37324         36 0.0000e+00
     95.000     93.995    -1.3685  27.070367    -1.3668  27.070657     6.5555     6.7033     8.5846    82.7640 1.0000e-12  -74.10992 -113.32232  31.509650      99.52 1.1311e+03    200.754       4819  1027.6824  1027.6811     3.9265     1.2829     0.1605    33.8396    33.8380    8.37358         40 0.0000e+00
     96.000     94.986    -1.3665  27.072245    -1.3643  27.072189     6.5424     6.6976     8.3665    82.9990 1.0000e-12  -74.10992 -113.32232  31.509670      98.47 1.1314e+03    202.529       4862  1027.6868  1027.6847     3.9377     1.2273     0.1730    33.8393    33.8368    8.37316         35 0.0000e+00
     97.000     95.973    -1.3681  27.071489    -1.3661  27.072050     6.4765     6.6374     8.0693    82.6254 1.0000e-12  -74.10992 -113.32233  31.509686      99.44 1.1293e+03    203.858       4894  1027.6918  1027.6905     3.9199     1.4641     0.1623    33.8394    33.8380    8.37349         30 0.0000e+00
     98.000     96.964    -1.3720  27.069367    -1.3719  27.068200     6.3076     6.4879     8.2513    83.1545 1.0000e-12  -74.10992 -113.32234  31.509700      99.49 1.1299e+03    205.108       4924  1027.6975  1027.6961     3.9450     1.3529     0.1761    33.8403    33.8385    8.37432         30 0.0000e+00
     99.000     97.952    -1.3850  27.064635    -1.3827  27.065218     6.1774     6.3453     7.4193    83.6548 1.0000e-12  -74.10992 -113.32234  31.509715      99.51 1.1303e+03    206.369       4954  1027.7093  1027.7077     3.9687     1.3268     0.1708    33.8479    33.8460    8.37680         31 0.0000e+00
    100.000     98.941    -1.3951  27.060216    -1.3935  27.060042     6.0668     6.1937     6.9592    83.4458 1.0000e-12  -74.10992 -113.32234  31.509730      99.67 1.1315e+03    207.683       4985  1027.7185  1027.7168     3.9589     0.9706     0.1717    33.8526    33.8505    8.37878         31 0.0000e+00
    101.000     99.930    -1.4001  27.056755    -1.4093  27.051559     5.9187     6.0647     6.5591    84.3101 1.0000e-12  -74.10992 -113.32234  31.509745      99.68 1.1317e+03    208.966       5016  1027.7236  1027.7269     3.9998     0.9036     0.1525    33.8529    33.8562    8.37989         31 0.0000e+00
    102.000    100.921    -1.4226  27.044254    -1.4245  27.042646     5.8292     6.0102     6.1574    83.8446 1.0000e-12  -74.10992 -113.32234  31.509759      99.60 1.1310e+03    210.179       5045  1027.7359  1027.7360     3.9778     1.1328     0.1580    33.8605    33.8605    8.38449         28 0.0000e+00
    103.000    101.909    -1.4245  27.044765    -1.4237  27.044187     5.8002     5.9769     4.8402    83.4738 1.0000e-12  -74.10992 -113.32234  31.509773      99.78 1.1302e+03    211.373       5074  1027.7425  1027.7410     3.9602     0.6314     0.1520    33.8628    33.8611    8.38479         29 0.0000e+00
    104.000    102.898    -1.4226  27.047250    -1.4221  27.046477     5.7817     5.9437     5.0914    85.0486 1.0000e-12  -74.10992 -113.32234  31.509787      99.78 1.1312e+03    212.567       5103  1027.7476  1027.7462     4.0349     0.6190     0.1424    33.8635    33.8618    8.38433         29 0.0000e+00
    105.000    103.888    -1.4217  27.049114    -1.4204  27.049354     5.7638     5.9179     5.2811    85.4715 1.0000e-12  -74.10992 -113.32235  31.509801      99.80 1.1334e+03    213.767       5131  1027.7530  1027.7519     4.0549     0.5720     0.1420    33.8644    33.8632    8.38408         28 0.0000e+00
    106.000    104.875    -1.4210  27.050689    -1.4206  27.050297     5.7408     5.8825     5.5649    86.8205 1.0000e-12  -74.10992 -113.32235  31.509814      99.81 1.1353e+03    214.944       5160  1027.7582  1027.7573     4.1188     0.5349     0.1435    33.8652    33.8641    8.38387         28 0.0000e+00
    107.000    105.866    -1.4243  27.049356    -1.4230  27.049399     5.7118     5.8496     3.1838    87.7334 1.0000e-12  -74.10992 -113.32236  31.509828      99.80 1.1343e+03    216.100       5187  1027.7641  1027.7629     4.1622     0.5501     0.1409    33.8664    33.8650    8.38453         28 0.0000e+00
    108.000    106.855    -1.4312  27.044884    -1.4302  27.044987     5.6517     5.7966     2.7393    88.6686 1.0000e-12  -74.10992 -113.32234  31.509841      99.80 1.1335e+03    217.284       5216  1027.7702  1027.7693     4.2065     0.5222     0.1386    33.8675    33.8664    8.38603         29 0.0000e+00
    109.000    107.844    -1.4492  27.035220    -1.4481  27.034931     5.5911     5.7418     2.8098    89.2092 1.0000e-12  -74.10992 -113.32234  31.509855      99.84 1.1332e+03    218.508       5245  1027.7812  1027.7798     4.2321     0.3431     0.1338    33.8740    33.8723    8.38970         30 0.0000e+00
    110.000    108.832    -1.4269  27.062452    -1.4255  27.062657     5.5626     5.7051     2.6165    89.8258 1.0000e-12  -74.10992 -113.32234  31.509869      99.85 1.1322e+03    219.712       5274  1027.7939  1027.7928     4.2614     0.3223     0.1299    33.8856    33.8842    8.38399         28 0.0000e+00
    111.000    109.822    -1.4180  27.075735    -1.4170  27.075285     5.5478     5.6892     1.5686    89.0660 1.0000e-12  -74.10992 -113.32234  31.509882      99.85 1.1319e+03    220.827       5301  1027.8042  1027.8028     4.2254     0.2838     0.1313    33.8932    33.8914    8.38153         25 0.0000e+00
    112.000    110.811    -1.4125  27.083611    -1.4118  27.082380     5.5414     5.6725     0.9257    90.3182 1.0000e-12  -74.10992 -113.32234  31.509895      99.84 1.1325e+03    221.891       5326  1027.8119  1027.8099     4.2847     0.2883     0.1310    33.8971    33.8946    8.38004         26 0.0000e+00
