ocean_section_plots/required_files/ctd/dnbp2202_ctd035.cnv
* Sea-Bird SBE 9 Data File:
* FileName = D:\Data\raw\NBP2202_CTD035.hex
* Software Version Seasave V 7.26.7.121
* Temperature SN = 1649
* Conductivity SN = 2513
* Number of Bytes Per Scan = 40
* Number of Voltage Words = 5
* Number of Scans Averaged by the Deck Unit = 1
* NMEA Latitude = 74 08.81 S
* NMEA Longitude = 113 26.78 W
* NMEA UTC (Time) = Jan 22 2022  14:26:47
* NMEA baud rate = 9600
** Ship: RVIB N.B. Palmer
** Cruise: NBP2202 Thwaites
** Station: Tow-Yo #2
** Operator: B Bjork
# nquan = 25
# nvalues = 201                         
# units = specified
# name 0 = prDM: Pressure, Digiquartz [db]
# name 1 = depSM: Depth [salt water, m]
# name 2 = t090C: Temperature [ITS-90, deg C]
# name 3 = c0mS/cm: Conductivity [mS/cm]
# name 4 = t190C: Temperature, 2 [ITS-90, deg C]
# name 5 = c1mS/cm: Conductivity, 2 [mS/cm]
# name 6 = sbeox0ML/L: Oxygen, SBE 43 [ml/l]
# name 7 = sbeox1ML/L: Oxygen, SBE 43, 2 [ml/l]
# name 8 = flECO-AFL: Fluorescence, WET Labs ECO-AFL/FL [mg/m^3]
# name 9 = CStarTr0: Beam Transmission, WET Labs C-Star [%]
# name 10 = par: PAR/Irradiance, Biospherical/Licor
# name 11 = latitude: Latitude [deg]
# name 12 = longitude: Longitude [deg]
# name 13 = timeJ: Julian Days
# name 14 = altM: Altimeter [m]
# name 15 = spar: SPAR, Biospherical/Licor
# name 16 = timeS: Time, Elapsed [seconds]
# name 17 = scan: Scan Count
# name 18 = density00: Density [density, kg/m^3]
# name 19 = density11: Density, 2 [density, kg/m^3]
# name 20 = sal00: Salinity, Practical [PSU]
# name 21 = sal11: Salinity, Practical, 2 [PSU]
# name 22 = oxsolML/L: Oxygen Saturation, Garcia & Gordon [ml/l]
# name 23 = nbin: number of scans per bin
# name 24 = flag: flag
# span 0 =      2.000,    202.000       
# span 1 =      1.980,    199.812       
# span 2 =    -1.3181,    -1.0009       
# span 3 =  27.118131,  27.526005       
# span 4 =    -1.3171,    -1.0008       
# span 5 =  27.117796,  27.525208       
# span 6 =     5.2783,     8.7539       
# span 7 =     5.5924,     9.3123       
# span 8 =    -0.0048,    23.2897       
# span 9 =    71.2155,    97.1587       
# span 10 = -6.218e-06, 3.4037e+02      
# span 11 =  -74.14698,  -74.14696      
# span 12 = -113.44632, -113.44629      
# span 13 =  22.606242,  22.610431      
# span 14 =       9.27,     101.38      
# span 15 = 9.2572e+02, 9.5333e+02      
# span 16 =    372.303,    734.281      
# span 17 =       8936,      17624      
# span 18 =  1027.1687,  1028.3165      
# span 19 =  1027.1688,  1028.3147      
# span 20 =    33.7718,    34.0060      
# span 21 =    33.7718,    34.0038      
# span 22 =    8.28664,    8.36103      
# span 23 =         26,         46      
# span 24 = 0.0000e+00, 0.0000e+00      
# interval = decibars: 1                
# start_time = Jan 22 2022 14:26:47 [NMEA time, header]
# bad_flag = -9.990e-29
*END*
[from data line 174]
    176.000    174.106    -1.0636  27.465516    -1.0628  27.464625     5.2885     5.6186     0.0545    97.0299 1.0000e-12  -74.14698 -113.44632  22.609660      36.64 9.3964e+02    667.590      16023  1028.1770  1028.1753    33.9856    33.9834    8.29699         36 0.0000e+00
    177.000    175.093    -1.0622  27.467257    -1.0606  27.467057     5.2872     5.6073     0.1024    97.1258 1.0000e-12  -74.14698 -113.44632  22.609677      35.63 9.3867e+02    669.108      16060  1028.1819  1028.1801    33.9857    33.9836    8.29666         37 0.0000e+00
    178.000    176.082    -1.0589  27.470989    -1.0579  27.470306     5.2828     5.5987     0.0565    97.0480 1.0000e-12  -74.14698 -113.44632  22.609695      34.65 9.3755e+02    670.632      16096  1028.1872  1028.1854    33.9865    33.9844    8.29589         37 0.0000e+00
    179.000    177.071    -1.0552  27.475165    -1.0530  27.475550     5.2783     5.5924    -0.0015    97.0658 1.0000e-12  -74.14698 -113.44632  22.609713      33.53 9.3776e+02    672.190      16134  1028.1925  1028.1907    33.9873    33.9853    8.29502         36 0.0000e+00
    180.000    178.060    -1.0488  27.481519    -1.0477  27.480954     5.2844     5.6026     0.0079    97.0067 1.0000e-12  -74.14698 -113.44630  22.609730      32.44 9.3725e+02    673.713      16170  1028.1975  1028.1958    33.9881    33.9861    8.29355         35 0.0000e+00
    181.000    179.048    -1.0511  27.480576    -1.0505  27.479720     5.2895     5.6052     0.0273    97.1122 1.0000e-12  -74.14696 -113.44630  22.609748      31.45 9.3825e+02    675.234      16207  1028.2032  1028.2016    33.9888    33.9870    8.29402         35 0.0000e+00
    182.000    180.038    -1.0498  27.484338    -1.0490  27.483405     5.2928     5.6094     0.1393    97.1200 1.0000e-12  -74.14696 -113.44630  22.609765      30.60 9.3550e+02    676.733      16243  1028.2104  1028.2085    33.9919    33.9897    8.29356         33 0.0000e+00
    183.000    181.026    -1.0475  27.487712    -1.0459  27.487510     5.2899     5.6180     0.0180    96.7443 1.0000e-12  -74.14696 -113.44630  22.609784      29.30 9.3767e+02    678.309      16280  1028.2162  1028.2144    33.9933    33.9912    8.29297         40 0.0000e+00
    184.000    182.014    -1.0440  27.492182    -1.0427  27.491769     5.2888     5.6140     0.0192    97.0980 1.0000e-12  -74.14696 -113.44630  22.609802      28.26 9.3837e+02    679.896      16319  1028.2220  1028.2203    33.9947    33.9927    8.29210         37 0.0000e+00
    185.000    183.004    -1.0425  27.494233    -1.0415  27.493528     5.2912     5.6102     0.0097    97.0989 1.0000e-12  -74.14696 -113.44630  22.609820      27.16 9.3335e+02    681.466      16356  1028.2271  1028.2254    33.9953    33.9932    8.29175         38 0.0000e+00
    186.000    183.993    -1.0417  27.495765    -1.0406  27.495088     5.2928     5.6096     0.0157    97.1321 1.0000e-12  -74.14696 -113.44630  22.609842      26.16 9.3525e+02    683.389      16402  1028.2324  1028.2306    33.9959    33.9936    8.29154         37 0.0000e+00
    187.000    184.983    -1.0417  27.496275    -1.0401  27.496138     5.2902     5.6093     0.0033    97.1093 1.0000e-12  -74.14696 -113.44630  22.609866      25.22 9.3533e+02    685.447      16452  1028.2373  1028.2356    33.9958    33.9939    8.29152         35 0.0000e+00
    188.000    185.969    -1.0407  27.497815    -1.0399  27.496786     5.2907     5.6085     0.0048    97.0929 1.0000e-12  -74.14696 -113.44630  22.609890      24.20 9.3117e+02    687.495      16501  1028.2424  1028.2404    33.9963    33.9940    8.29129         44 0.0000e+00
    189.000    186.959    -1.0399  27.499176    -1.0392  27.498079     5.2921     5.6183     0.0213    97.1059 1.0000e-12  -74.14696 -113.44630  22.609916      22.95 9.3455e+02    689.704      16554  1028.2474  1028.2455    33.9966    33.9943    8.29109         40 0.0000e+00
    190.000    187.947    -1.0392  27.500639    -1.0381  27.499857     5.2946     5.6141     0.0019    97.0968 1.0000e-12  -74.14696 -113.44630  22.609943      21.90 9.3074e+02    692.067      16611  1028.2526  1028.2507    33.9971    33.9948    8.29090         37 0.0000e+00
    191.000    188.937    -1.0377  27.502712    -1.0378  27.500682     5.2888     5.6050     0.0229    97.1052 1.0000e-12  -74.14696 -113.44630  22.609994      20.82 9.2987e+02    696.480      16717  1028.2578  1028.2556    33.9977    33.9950    8.29054         33 0.0000e+00
    192.000    189.926    -1.0313  27.510711    -1.0303  27.509813     5.2894     5.6099     0.0315    97.1451 1.0000e-12  -74.14697 -113.44631  22.610035      19.84 9.3087e+02    700.056      16802  1028.2646  1028.2627    34.0007    33.9984    8.28895         39 0.0000e+00
    193.000    190.913    -1.0297  27.512772    -1.0287  27.512017     5.2890     5.6090     0.0778    97.1302 1.0000e-12  -74.14698 -113.44632  22.610074      18.81 9.3195e+02    703.381      16882  1028.2698  1028.2679    34.0012    33.9989    8.28858         37 0.0000e+00
    194.000    191.905    -1.0288  27.514268    -1.0277  27.513529     5.2857     5.6071     0.0345    97.0816 1.0000e-12  -74.14698 -113.44632  22.610109      17.79 9.2905e+02    706.404      16955  1028.2749  1028.2730    34.0016    33.9993    8.28836         38 0.0000e+00
    195.000    192.891    -1.0264  27.517433    -1.0252  27.516837     5.2856     5.6031     0.0473    97.1426 1.0000e-12  -74.14698 -113.44631  22.610143      16.75 9.3050e+02    709.329      17025  1028.2804  1028.2785    34.0026    34.0003    8.28777         46 0.0000e+00
    196.000    193.879    -1.0252  27.519497    -1.0238  27.519143     5.2892     5.6135     0.0040    97.1440 1.0000e-12  -74.14698 -113.44631  22.610178      15.64 9.2989e+02    712.370      17098  1028.2857  1028.2840    34.0033    34.0013    8.28745         38 0.0000e+00
    197.000    194.869    -1.0243  27.521116    -1.0231  27.520553     5.2842     5.6104     0.0017    97.1190 1.0000e-12  -74.14698 -113.44631  22.610213      14.52 9.2986e+02    715.378      17170  1028.2910  1028.2892    34.0040    34.0018    8.28723         45 0.0000e+00
    198.000    195.857    -1.0236  27.522551    -1.0223  27.522084     5.2906     5.6135     0.0038    97.1348 1.0000e-12  -74.14697 -113.44631  22.610247      13.57 9.3095e+02    718.336      17241  1028.2962  1028.2944    34.0045    34.0023    8.28703         39 0.0000e+00
    199.000    196.845    -1.0221  27.525132    -1.0209  27.524695     5.2936     5.6133     0.0117    97.1587 1.0000e-12  -74.14697 -113.44630  22.610282      12.53 9.3045e+02    721.358      17314  1028.3019  1028.3002    34.0057    34.0037    8.28664         34 0.0000e+00
    200.000    197.834    -1.0225  27.525166    -1.0213  27.524535     5.2935     5.6128     0.0896    97.1175 1.0000e-12  -74.14696 -113.44630  22.610317      11.46 9.3094e+02    724.409      17387  1028.3066  1028.3048    34.0055    34.0033    8.28672         42 0.0000e+00
    201.000    198.824    -1.0228  27.525640    -1.0216  27.525126     5.2997     5.6174     0.0656    97.1231 1.0000e-12  -74.14696 -113.44630  22.610353      10.44 9.3050e+02    727.514      17461  1028.3118  1028.3100    34.0060    34.0038    8.28678         40 0.0000e+00
    202.000    199.812    -1.0230  27.526005    -1.0220  27.525208     5.2962     5.6129    -0.0048    97.1404 1.0000e-12  -74.14696 -113.44630  22.610431       9.27 9.3086e+02    734.281      17624  1028.3165  1028.3147    34.0060    34.0038    8.28680         43 0.0000e+00
