ocean_section_plots/required_files/ctd/dnbp2202_ctd036.cnv
* Sea-Bird SBE 9 Data File:
* FileName = D:\Data\raw\NBP2202_CTD036.hex
* Software Version Seasave V 7.26.7.121
* Temperature SN = 1649
* Conductivity SN = 2513
* Number of Bytes Per Scan = 40
* Number of Voltage Words = 5
* Number of Scans Averaged by the Deck Unit = 1
* NMEA Latitude = 74 08.81 S
* NMEA Longitude = 113 26.40 W
* NMEA UTC (Time) = Jan 22 2022  14:44:46
* NMEA baud rate = 9600
** Ship: RVIB N.B. Palmer
** Cruise: NBP2202 Thwaites
** Station: Tow-Yo #2
** Operator: B Bjork
# nquan = 25
# nvalues = 310                         
# units = specified
# name 0 = prDM: Pressure, Digiquartz [db]
# name 1 = depSM: Depth [salt water, m]
# name 2 = t090C: Temperature [ITS-90, deg C]
# name 3 = c0mS/cm: Conductivity [mS/cm]
# name 4 = t190C: Temperature, 2 [ITS-90, deg C]
# name 5 = c1mS/cm: Conductivity, 2 [mS/cm]
# name 6 = sbeox0ML/L: Oxygen, SBE 43 [ml/l]
# name 7 = sbeox1ML/L: Oxygen, SBE 43, 2 [ml/l]
# name 8 = flECO-AFL: Fluorescence, WET Labs ECO-AFL/FL [mg/m^3]
# name 9 = CStarTr0: Beam Transmission, WET Labs C-Star [%]
# name 10 = par: PAR/Irradiance, Biospherical/Licor
# name 11 = latitude: Latitude [deg]
# name 12 = longitude: Longitude [deg]
# name 13 = timeJ: Julian Days
# name 14 = altM: Altimeter [m]
# name 15 = spar: SPAR, Biospherical/Licor
# name 16 = timeS: Time, Elapsed [seconds]
# name 17 = scan: Scan Count
# name 18 = density00: Density [density, kg/m^3]
# name 19 = density11: Density, 2 [density, kg/m^3]
# name 20 = sal00: Salinity, Practical [PSU]
# name 21 = sal11: Salinity, Practical, 2 [PSU]
# name 22 = oxsolML/L: Oxygen Saturation, Garcia & Gordon [ml/l]
# name 23 = nbin: number of scans per bin
# name 24 = flag: flag
# span 0 =     10.000,    319.000       
# span 1 =      9.897,    315.451       
# span 2 =    -1.4288,    -0.4181       
# span 3 =  27.041888,  28.224249       
# span 4 =    -1.4271,    -0.4166       
# span 5 =  27.042201,  28.223436       
# span 6 =     4.9028,     8.7260       
# span 7 =     5.1882,     9.2330       
# span 8 =    -0.0171,    20.9053       
# span 9 =    71.2381,    97.1210       
# span 10 = 1.0000e-12, 2.2207e+01      
# span 11 =  -74.14700,  -74.14698      
# span 12 = -113.43933, -113.42617      
# span 13 =  22.614837,  22.621745      
# span 14 =      11.15,     100.01      
# span 15 = 9.4138e+02, 9.8815e+02      
# span 16 =     35.930,    632.766      
# span 17 =        863,      15187      
# span 18 =  1027.2100,  1028.9980      
# span 19 =  1027.2083,  1028.9958      
# span 20 =    33.7771,    34.1963      
# span 21 =    33.7750,    34.1935      
# span 22 =    8.14418,    8.38522      
# span 23 =         20,         48      
# span 24 = 0.0000e+00, 0.0000e+00      
# interval = decibars: 1                
# start_time = Jan 22 2022 14:44:46 [NMEA time, header]
# bad_flag = -9.990e-29
*END*
[from data line 58]
     68.000     67.287    -1.2274  27.163383    -1.2256  27.163479     6.7955     7.2228     8.8042    82.9669 1.0000e-12  -74.14698 -113.43645  22.616329      99.40 9.5705e+02    164.797       3956  1027.5364  1027.5347    33.8246    33.8227    8.34287         42 0.0000e+00
     69.000     68.275    -1.2481  27.151638    -1.2511  27.149730     6.4599     6.9130     8.5462    82.5647 1.0000e-12  -74.14698 -113.43639  22.616351      99.39 9.5784e+02    166.702       4002  1027.5477  1027.5485    33.8313    33.8320    8.34710         35 0.0000e+00
     70.000     69.263    -1.2835  27.133346    -1.2829  27.132737     6.3621     6.8061     7.1739    83.5711 1.0000e-12  -74.14698 -113.43636  22.616372      99.60 9.5552e+02    168.522       4046  1027.5658  1027.5646    33.8455    33.8440    8.35416         32 0.0000e+00
     71.000     70.257    -1.2860  27.133486    -1.2853  27.133002     6.3424     6.7626     5.8247    84.6141 1.0000e-12  -74.14698 -113.43631  22.616397      99.62 9.5603e+02    170.662       4097  1027.5723  1027.5711    33.8480    33.8465    8.35458         33 0.0000e+00
     72.000     71.247    -1.2864  27.136069    -1.2855  27.135317     6.2907     6.6994     5.9921    86.3531 1.0000e-12  -74.14698 -113.43626  22.616421      99.63 9.5658e+02    172.806       4148  1027.5795  1027.5778    33.8513    33.8493    8.35447         30 0.0000e+00
     73.000     72.233    -1.2914  27.134682    -1.2908  27.134168     6.2325     6.6351     5.5169    87.5099 1.0000e-12  -74.14698 -113.43622  22.616442      99.35 9.5604e+02    174.613       4192  1027.5869  1027.5858    33.8545    33.8531    8.35541         37 0.0000e+00
     74.000     73.221    -1.3011  27.129744    -1.3003  27.129228     6.1914     6.5905     4.8212    88.4638 1.0000e-12  -74.14698 -113.43618  22.616462      99.18 9.5751e+02    176.286       4232  1027.5951  1027.5937    33.8581    33.8564    8.35737         34 0.0000e+00
     75.000     74.210    -1.3064  27.127709    -1.3049  27.127448     6.1716     6.5572     4.9285    88.6486 1.0000e-12  -74.14698 -113.43614  22.616479      99.67 9.5877e+02    177.799       4268  1027.6020  1027.6003    33.8606    33.8585    8.35840         33 0.0000e+00
     76.000     75.200    -1.3078  27.127639    -1.3065  27.127164     6.1658     6.5446     4.3562    88.5310 1.0000e-12  -74.14698 -113.43611  22.616497      99.71 9.5706e+02    179.311       4304  1027.6074  1027.6057    33.8615    33.8594    8.35866         38 0.0000e+00
     77.000     76.191    -1.3108  27.125531    -1.3108  27.124429     6.1498     6.5369     4.2111    89.7438 1.0000e-12  -74.14698 -113.43608  22.616515      99.71 9.5805e+02    180.889       4342  1027.6122  1027.6110    33.8614    33.8599    8.35935         31 0.0000e+00
     78.000     77.178    -1.3217  27.118749    -1.3210  27.117564     6.1474     6.5129     4.3301    89.7584 1.0000e-12  -74.14698 -113.43606  22.616532      99.73 9.6061e+02    182.346       4377  1027.6194  1027.6175    33.8637    33.8614    8.36164         32 0.0000e+00
     79.000     78.168    -1.3242  27.117168    -1.3232  27.116692     6.1252     6.4943     4.2562    89.7319 1.0000e-12  -74.14698 -113.43602  22.616547      99.74 9.5570e+02    183.647       4409  1027.6243  1027.6228    33.8638    33.8620    8.36220         32 0.0000e+00
     80.000     79.157    -1.3285  27.114931    -1.3298  27.113104     6.0987     6.4813     4.3251    90.5738 1.0000e-12  -74.14698 -113.43599  22.616564      99.74 9.5615e+02    185.101       4443  1027.6301  1027.6294    33.8649    33.8639    8.36309         34 0.0000e+00
     81.000     80.146    -1.3298  27.115302    -1.3289  27.114528     6.0919     6.4673     3.5818    91.3830 1.0000e-12  -74.14698 -113.43595  22.616581      99.72 9.5872e+02    186.604       4480  1027.6360  1027.6343    33.8663    33.8643    8.36330         33 0.0000e+00
     82.000     81.137    -1.3295  27.115691    -1.3255  27.117513     6.0974     6.4657     3.4022    91.7112 1.0000e-12  -74.14698 -113.43593  22.616595      95.14 9.5553e+02    187.836       4509  1027.6403  1027.6384    33.8659    33.8638    8.36326         28 0.0000e+00
     83.000     82.122    -1.3477  27.102400    -1.3481  27.100185     6.0967     6.4692     3.1939    91.8261 1.0000e-12  -74.14698 -113.43591  22.616610      96.95 9.5548e+02    189.063       4539  1027.6475  1027.6455    33.8676    33.8650    8.36724         30 0.0000e+00
     84.000     83.113    -1.3669  27.086449    -1.3692  27.084030     6.1072     6.4759     3.3617    91.3928 1.0000e-12  -74.14698 -113.43586  22.616625      99.88 9.5831e+02    190.381       4570  1027.6528  1027.6523    33.8668    33.8661    8.37160         31 0.0000e+00
     85.000     84.104    -1.3851  27.072491    -1.3885  27.068710     6.1066     6.4770     2.8907    91.4417 1.0000e-12  -74.14698 -113.43584  22.616639      99.76 9.5552e+02    191.595       4599  1027.6591  1027.6582    33.8676    33.8663    8.37564         29 0.0000e+00
     86.000     85.093    -1.3989  27.061823    -1.3983  27.061235     6.1055     6.4738     2.9079    90.9909 1.0000e-12  -74.14698 -113.43582  22.616652      99.79 9.5735e+02    192.758       4627  1027.6647  1027.6635    33.8680    33.8665    8.37873         28 0.0000e+00
     87.000     86.082    -1.3978  27.063484    -1.3967  27.062954     6.0977     6.4592     2.8284    92.5018 1.0000e-12  -74.14698 -113.43579  22.616666      99.77 9.6077e+02    193.959       4656  1027.6695  1027.6679    33.8683    33.8664    8.37845         29 0.0000e+00
     88.000     87.070    -1.4037  27.058870    -1.4015  27.059642     6.0658     6.4390     2.4000    92.4757 1.0000e-12  -74.14698 -113.43578  22.616680      99.78 9.5717e+02    195.171       4685  1027.6743  1027.6730    33.8681    33.8666    8.37981         29 0.0000e+00
     89.000     88.060    -1.4108  27.053869    -1.4042  27.058250     6.0217     6.4013     2.3642    92.8417 1.0000e-12  -74.14698 -113.43574  22.616695      99.76 9.5898e+02    196.420       4715  1027.6797  1027.6781    33.8686    33.8671    8.38136         30 0.0000e+00
     90.000     89.049    -1.4288  27.041888    -1.4271  27.042201     5.9599     6.3291     2.7140    92.7020 1.0000e-12  -74.14698 -113.43572  22.616709      99.79 9.6259e+02    197.667       4745  1027.6880  1027.6868    33.8719    33.8704    8.38522         30 0.0000e+00
     91.000     90.038    -1.4210  27.051685    -1.4164  27.054280     5.9144     6.2854     2.3721    92.4543 1.0000e-12  -74.14698 -113.43569  22.616723      99.80 9.5737e+02    198.892       4774  1027.6954  1027.6938    33.8759    33.8743    8.38322         30 0.0000e+00
     92.000     91.028    -1.3940  27.076648    -1.3902  27.078253     5.8911     6.2684     1.5804    93.1398 1.0000e-12  -74.14698 -113.43566  22.616738      99.80 9.6000e+02    200.142       4804  1027.7009  1027.6990    33.8790    33.8769    8.37696         30 0.0000e+00
     93.000     92.017    -1.3871  27.083063    -1.3859  27.082275     5.8644     6.2420     1.7576    93.8652 1.0000e-12  -74.14698 -113.43564  22.616753      99.80 9.6251e+02    201.435       4835  1027.7057  1027.7036    33.8795    33.8769    8.37540         31 0.0000e+00
     94.000     93.005    -1.3717  27.097326    -1.3730  27.094444     5.8216     6.1798     1.9468    93.6101 1.0000e-12  -74.14698 -113.43562  22.616767      99.79 9.5727e+02    202.673       4865  1027.7107  1027.7088    33.8809    33.8785    8.37183         29 0.0000e+00
     95.000     93.996    -1.3415  27.125696    -1.3403  27.123373     5.8182     6.1868     1.9369    93.4713 1.0000e-12  -74.14698 -113.43560  22.616781      99.81 9.5951e+02    203.881       4894  1027.7171  1027.7134    33.8852    33.8806    8.36482         29 0.0000e+00
     96.000     94.984    -1.3311  27.133491    -1.3282  27.135196     5.8253     6.1860     2.0575    94.4763 1.0000e-12  -74.14698 -113.43556  22.616795      99.77 9.6373e+02    205.109       4924  1027.7201  1027.7192    33.8834    33.8825    8.36258         30 0.0000e+00
     97.000     95.974    -1.3532  27.115364    -1.3578  27.109622     5.8030     6.1525     2.2613    94.3791 1.0000e-12  -74.14698 -113.43554  22.616810      99.79 9.5903e+02    206.349       4953  1027.7260  1027.7241    33.8829    33.8802    8.36756         30 0.0000e+00
     98.000     96.963    -1.3245  27.141829    -1.3227  27.141244     5.7857     6.1384     2.0174    93.8508 1.0000e-12  -74.14698 -113.43551  22.616824      99.79 9.6103e+02    207.612       4984  1027.7318  1027.7293    33.8862    33.8833    8.36095         31 0.0000e+00
     99.000     97.951    -1.3160  27.149498    -1.3165  27.147467     5.7878     6.1395     2.1900    94.0473 1.0000e-12  -74.14698 -113.43549  22.616839      99.79 9.6625e+02    208.882       5014  1027.7365  1027.7347    33.8865    33.8842    8.35903         27 0.0000e+00
    100.000     98.942    -1.3197  27.146130    -1.3183  27.145840     5.7831     6.1389     1.8872    94.1488 1.0000e-12  -74.14698 -113.43546  22.616853      99.79 9.6095e+02    210.097       5043  1027.7408  1027.7392    33.8854    33.8835    8.35991         29 0.0000e+00
    101.000     99.929    -1.3189  27.147537    -1.3177  27.146907     5.7783     6.1306     2.1096    94.5185 1.0000e-12  -74.14698 -113.43544  22.616867      99.79 9.6303e+02    211.299       5072  1027.7461  1027.7442    33.8858    33.8835    8.35971         29 0.0000e+00
    102.000    100.919    -1.3173  27.149878    -1.3159  27.149163     5.7663     6.1178     2.2418    94.0451 1.0000e-12  -74.14698 -113.43539  22.616881      99.80 9.6649e+02    212.523       5102  1027.7515  1027.7494    33.8866    33.8840    8.35930         28 0.0000e+00
    103.000    101.909    -1.3122  27.155246    -1.3111  27.154623     5.7501     6.1028     2.6774    94.1116 1.0000e-12  -74.14698 -113.43537  22.616896      98.11 9.6248e+02    213.786       5132  1027.7569  1027.7551    33.8875    33.8854    8.35810         30 0.0000e+00
    104.000    102.898    -1.3106  27.157777    -1.3092  27.157401     5.7426     6.0961     2.2412    94.1275 1.0000e-12  -74.14698 -113.43535  22.616911      98.25 9.6544e+02    215.070       5163  1027.7626  1027.7608    33.8886    33.8864    8.35769         31 0.0000e+00
    105.000    103.887    -1.3069  27.162174    -1.3062  27.160902     5.7410     6.0940     1.8695    93.6370 1.0000e-12  -74.14698 -113.43532  22.616925      99.86 9.6997e+02    216.277       5192  1027.7682  1027.7661    33.8898    33.8873    8.35678         26 0.0000e+00
    106.000    104.877    -1.3039  27.165279    -1.3032  27.164236     5.7438     6.0939     2.0667    93.5459 1.0000e-12  -74.14698 -113.43529  22.616938      99.81 9.6291e+02    217.446       5220  1027.7731  1027.7713    33.8901    33.8878    8.35610         29 0.0000e+00
    107.000    105.866    -1.3040  27.165609    -1.3029  27.164877     5.7478     6.0926     2.0655    94.0074 1.0000e-12  -74.14698 -113.43525  22.616953      99.80 9.6529e+02    218.730       5251  1027.7780  1027.7762    33.8900    33.8878    8.35612         32 0.0000e+00
    108.000    106.855    -1.3054  27.164797    -1.3041  27.164399     5.7452     6.0903     2.0351    93.8870 1.0000e-12  -74.14698 -113.43523  22.616968      99.80 9.7002e+02    220.052       5282  1027.7829  1027.7811    33.8898    33.8878    8.35644         31 0.0000e+00
    109.000    107.843    -1.3056  27.165114    -1.3049  27.164273     5.7473     6.0885     1.8805    94.1272 1.0000e-12  -74.14698 -113.43519  22.616983      99.80 9.6344e+02    221.338       5313  1027.7878  1027.7862    33.8899    33.8879    8.35649         32 0.0000e+00
    110.000    108.832    -1.3062  27.165020    -1.3049  27.164697     5.7392     6.0854     1.7641    94.0263 1.0000e-12  -74.14698 -113.43516  22.616998      99.78 9.6492e+02    222.660       5345  1027.7926  1027.7910    33.8898    33.8879    8.35663         31 0.0000e+00
    111.000    109.822    -1.3062  27.165730    -1.3054  27.164855     5.7305     6.0876     1.9626    94.4817 1.0000e-12  -74.14698 -113.43513  22.617013      99.80 9.7061e+02    223.942       5376  1027.7977  1027.7959    33.8901    33.8880    8.35660         29 0.0000e+00
    112.000    110.811    -1.3056  27.166821    -1.3038  27.166726     5.7328     6.0803     2.0282    94.1132 1.0000e-12  -74.14698 -113.43510  22.617027      99.80 9.6376e+02    225.134       5404  1027.8027  1027.8008    33.8903    33.8881    8.35646         29 0.0000e+00
    113.000    111.801    -1.3009  27.171960    -1.2993  27.171512     5.7322     6.0849     2.0047    94.4428 1.0000e-12  -74.14698 -113.43506  22.617042      92.40 9.6512e+02    226.394       5434  1027.8081  1027.8061    33.8915    33.8890    8.35535         32 0.0000e+00
    114.000    112.789    -1.3016  27.171388    -1.3005  27.170874     5.7272     6.0754     1.9874    94.0494 1.0000e-12  -74.14698 -113.43504  22.617057      96.36 9.7038e+02    227.721       5466  1027.8125  1027.8109    33.8908    33.8889    8.35553         31 0.0000e+00
    115.000    113.778    -1.3027  27.171144    -1.3018  27.170188     5.7240     6.0683     1.7946    94.2912 1.0000e-12  -74.14698 -113.43501  22.617071      99.77 9.6434e+02    228.970       5496  1027.8177  1027.8158    33.8912    33.8888    8.35577         30 0.0000e+00
    116.000    114.768    -1.3000  27.174098    -1.2989  27.173511     5.7136     6.0557     1.9528    94.3249 1.0000e-12  -74.14698 -113.43498  22.617085      99.81 9.6605e+02    230.180       5525  1027.8227  1027.8209    33.8915    33.8894    8.35514         28 0.0000e+00
    117.000    115.756    -1.2983  27.176640    -1.2971  27.176022     5.6920     6.0317     1.7127    94.2719 1.0000e-12  -74.14698 -113.43496  22.617100      99.80 9.6955e+02    231.404       5555  1027.8281  1027.8262    33.8925    33.8902    8.35470         30 0.0000e+00
    118.000    116.746    -1.3004  27.175867    -1.2993  27.175244     5.6594     6.0041     1.5067    94.0911 1.0000e-12  -74.14698 -113.43493  22.617114      99.82 9.6447e+02    232.681       5585  1027.8336  1027.8319    33.8931    33.8911    8.35513         31 0.0000e+00
    119.000    117.733    -1.3025  27.175309    -1.3016  27.174558     5.6387     5.9828     1.6136    94.2277 1.0000e-12  -74.14698 -113.43489  22.617129      99.80 9.6789e+02    233.963       5616  1027.8393  1027.8377    33.8941    33.8920    8.35554         30 0.0000e+00
    120.000    118.726    -1.3058  27.173852    -1.3047  27.173302     5.6338     5.9717     1.5915    94.4949 1.0000e-12  -74.14698 -113.43488  22.617144      99.81 9.7056e+02    235.205       5646  1027.8453  1027.8436    33.8953    33.8932    8.35622         30 0.0000e+00
    121.000    119.713    -1.3057  27.174430    -1.3044  27.174081     5.6247     5.9690     1.5105    94.6658 1.0000e-12  -74.14698 -113.43486  22.617158      99.81 9.6466e+02    236.441       5676  1027.8501  1027.8485    33.8953    33.8934    8.35619         28 0.0000e+00
    122.000    120.702    -1.3057  27.175581    -1.3043  27.175105     5.6249     5.9635     1.3667    94.4883 1.0000e-12  -74.14698 -113.43482  22.617172      99.81 9.7082e+02    237.689       5706  1027.8557  1027.8538    33.8962    33.8940    8.35613         30 0.0000e+00
    123.000    121.691    -1.3057  27.175904    -1.3046  27.175316     5.6283     5.9628     1.2228    94.6615 1.0000e-12  -74.14698 -113.43479  22.617186      99.81 9.7110e+02    238.908       5735  1027.8604  1027.8587    33.8961    33.8940    8.35615         29 0.0000e+00
    124.000    122.680    -1.3059  27.176401    -1.3046  27.175893     5.6250     5.9628     1.1718    94.9621 1.0000e-12  -74.14698 -113.43476  22.617201      99.80 9.6606e+02    240.145       5764  1027.8654  1027.8635    33.8963    33.8941    8.35617         30 0.0000e+00
