ocean_section_plots/required_files/ctd/dnbp2202_ctd212.cnv
* Sea-Bird SBE 9 Data File:
* FileName = D:\Data\raw\NBP2202_CTD212.hex
* Software Version Seasave V 7.26.7.121
* Temperature SN = 1649
* Conductivity SN = 2513
* Number of Bytes Per Scan = 40
* Number of Voltage Words = 5
* Number of Scans Averaged by the Deck Unit = 1
* NMEA Latitude = 74 08.59 S
* NMEA Longitude = 113 21.25 W
* NMEA UTC (Time) = Feb 10 2022  10:09:41
* NMEA baud rate = 9600
** Ship: RVIB N.B. Palmer
** Cruise: NBP2202 Thwaites
** Station: Tow-Yo #3
** Operator: B. Bjork
# nquan = 28
# nvalues = 495                         
# units = specified
# name 0 = prDM: Pressure, Digiquartz [db]
# name 1 = depSM: Depth [salt water, m]
# name 2 = t090C: Temperature [ITS-90, deg C]
# name 3 = c0mS/cm: Conductivity [mS/cm]
# name 4 = t190C: Temperature, 2 [ITS-90, deg C]
# name 5 = c1mS/cm: Conductivity, 2 [mS/cm]
# name 6 = sbeox0ML/L: Oxygen, SBE 43 [ml/l]
# name 7 = sbeox1ML/L: Oxygen, SBE 43, 2 [ml/l]
# name 8 = flECO-AFL: Fluorescence, WET Labs ECO-AFL/FL [mg/m^3]
# name 9 = CStarTr0: Beam Transmission, WET Labs C-Star [%]
# name 10 = par: PAR/Irradiance, Biospherical/Licor
# name 11 = latitude: Latitude [deg]
# name 12 = longitude: Longitude [deg]
# name 13 = timeJ: Julian Days
# name 14 = altM: Altimeter [m]
# name 15 = spar: SPAR, Biospherical/Licor
# name 16 = timeS: Time, Elapsed [seconds]
# name 17 = scan: Scan Count
# name 18 = density00: Density [density, kg/m^3]
# name 19 = density11: Density, 2 [density, kg/m^3]
# name 20 = v3: Voltage 3
# name 21 = v4: Voltage 4
# name 22 = v5: Voltage 5
# name 23 = sal00: Salinity, Practical [PSU]
# name 24 = sal11: Salinity, Practical, 2 [PSU]
# name 25 = oxsolML/L: Oxygen Saturation, Garcia & Gordon [ml/l]
# name 26 = nbin: number of scans per bin
# name 27 = flag: flag
# span 0 =     10.000,    504.000       
# span 1 =      9.894,    498.177       
# span 2 =    -1.5295,    -0.0895       
# span 3 =  26.946798,  28.676538       
# span 4 =    -1.5278,    -0.0871       
# span 5 =  26.945204,  28.676626       
# span 6 =     4.7698,     8.6487       
# span 7 =     4.8964,     8.8404       
# span 8 =    -0.0226,    18.3806       
# span 9 =    76.4334,    97.9447       
# span 10 = 1.0000e-12, 6.5699e-01      
# span 11 =  -74.14477,  -74.14332      
# span 12 = -113.35375, -113.34528      
# span 13 =  41.423848,  41.430992      
# span 14 =       8.55,     100.09      
# span 15 = 3.1724e+01, 3.9767e+01      
# span 16 =     39.464,    656.679      
# span 17 =        948,      15761      
# span 18 =  1027.1929,  1029.9529      
# span 19 =  1027.1912,  1029.9507      
# span 20 =     3.6263,     4.6463      
# span 21 =     0.0639,     2.8482      
# span 22 =     0.1253,     0.2375      
# span 23 =    33.7502,    34.3190      
# span 24 =    33.7483,    34.3164      
# span 25 =    8.06730,    8.40927      
# span 26 =         20,         74      
# span 27 = 0.0000e+00, 0.0000e+00      
# interval = decibars: 1                
# start_time = Feb 10 2022 10:09:41 [NMEA time, header]
# bad_flag = -9.990e-29
*END*
[from data line 363]
    373.000    368.808    -0.3316  28.351209    -0.3295  28.351000     4.8685     5.0019    -0.0133    97.6772 1.0000e-12  -74.14434 -113.34782  41.428882      99.88 3.8535e+01    474.364      11386  1029.2799  1029.2777     4.6337     0.0698     0.1365    34.2358    34.2331    8.12341         26 0.0000e+00
    374.000    369.795    -0.3298  28.353378    -0.3283  28.352696     4.8609     5.0006    -0.0161    97.6653 1.0000e-12  -74.14434 -113.34780  41.428894      99.87 3.5491e+01    475.427      11411  1029.2850  1029.2828     4.6331     0.0702     0.1377    34.2361    34.2334    8.12301         26 0.0000e+00
    375.000    370.782    -0.3283  28.355592    -0.3266  28.355010     4.8623     5.0063    -0.0084    97.6647 1.0000e-12  -74.14434 -113.34778  41.428906      86.60 3.5956e+01    476.485      11437  1029.2903  1029.2881     4.6331     0.0669     0.1376    34.2367    34.2340    8.12265         25 0.0000e+00
    376.000    371.772    -0.3267  28.357567    -0.3246  28.357471     4.8663     4.9961    -0.0097    97.6385 1.0000e-12  -74.14434 -113.34777  41.428919      97.34 3.7493e+01    477.561      11462  1029.2952  1029.2931     4.6318     0.0694     0.1355    34.2369    34.2344    8.12229         26 0.0000e+00
    377.000    372.759    -0.3253  28.359589    -0.3230  28.359608     4.8631     4.9998    -0.0177    97.6090 1.0000e-12  -74.14434 -113.34775  41.428931      99.88 3.5539e+01    478.625      11488  1029.3004  1029.2982     4.6304     0.0691     0.1387    34.2375    34.2349    8.12197         25 0.0000e+00
    378.000    373.747    -0.3168  28.369841    -0.3136  28.370416     4.8597     4.9991    -0.0153    97.6336 1.0000e-12  -74.14434 -113.34774  41.428943      99.88 3.5801e+01    479.690      11514  1029.3074  1029.3049     4.6316     0.0696     0.1377    34.2410    34.2382    8.11995         26 0.0000e+00
    379.000    374.735    -0.3096  28.377627    -0.3083  28.376418     4.8527     4.9933    -0.0130    97.6207 1.0000e-12  -74.14435 -113.34773  41.428956      99.87 3.8235e+01    480.768      11539  1029.3130  1029.3105     4.6310     0.0685     0.1366    34.2427    34.2396    8.11831         26 0.0000e+00
    380.000    375.723    -0.3045  28.384238    -0.3014  28.384533     4.8495     4.9886    -0.0083    97.6214 1.0000e-12  -74.14436 -113.34771  41.428968      99.87 3.5397e+01    481.834      11565  1029.3195  1029.3168     4.6310     0.0696     0.1372    34.2452    34.2422    8.11708         25 0.0000e+00
    381.000    376.710    -0.2957  28.393760    -0.2933  28.393874     4.8485     4.9841    -0.0088    97.6106 1.0000e-12  -74.14436 -113.34769  41.428980      99.88 3.5667e+01    482.905      11591  1029.3254  1029.3232     4.6305     0.0702     0.1384    34.2474    34.2449    8.11508         26 0.0000e+00
    382.000    377.699    -0.2903  28.400217    -0.2878  28.400337     4.8466     4.9867    -0.0077    97.6148 1.0000e-12  -74.14436 -113.34768  41.428993      99.88 3.7665e+01    483.998      11617  1029.3315  1029.3291     4.6307     0.0702     0.1389    34.2494    34.2467    8.11383         26 0.0000e+00
    383.000    378.684    -0.2859  28.405273    -0.2840  28.404786     4.8453     4.9812    -0.0100    97.6267 1.0000e-12  -74.14436 -113.34766  41.429006      99.87 3.5433e+01    485.077      11643  1029.3369  1029.3346     4.6313     0.0698     0.1398    34.2506    34.2478    8.11282         26 0.0000e+00
    384.000    379.675    -0.2863  28.405319    -0.2844  28.404903     4.8470     4.9856    -0.0161    97.5954 1.0000e-12  -74.14436 -113.34766  41.429018      99.88 3.5648e+01    486.156      11669  1029.3417  1029.3395     4.6298     0.0702     0.1378    34.2504    34.2478    8.11290         27 0.0000e+00
    385.000    380.662    -0.2860  28.406073    -0.2840  28.405890     4.8439     4.9783    -0.0136    97.6105 1.0000e-12  -74.14436 -113.34762  41.429031      99.87 3.8465e+01    487.253      11695  1029.3467  1029.3445     4.6305     0.0707     0.1370    34.2506    34.2481    8.11285         26 0.0000e+00
    386.000    381.649    -0.2809  28.412117    -0.2793  28.411555     4.8455     4.9730    -0.0068    97.5965 1.0000e-12  -74.14438 -113.34762  41.429043      97.44 3.5294e+01    488.331      11721  1029.3525  1029.3503     4.6298     0.0705     0.1380    34.2523    34.2497    8.11166         23 0.0000e+00
    387.000    382.638    -0.2783  28.415355    -0.2761  28.415064     4.8399     4.9791    -0.0072    97.5923 1.0000e-12  -74.14438 -113.34760  41.429056      76.64 3.5774e+01    489.404      11747  1029.3577  1029.3553     4.6296     0.0670     0.1394    34.2531    34.2503    8.11105         27 0.0000e+00
    388.000    383.624    -0.2749  28.419302    -0.2731  28.418724     4.8396     4.9757    -0.0121    97.6080 1.0000e-12  -74.14438 -113.34759  41.429068      91.19 3.9199e+01    490.498      11773  1029.3630  1029.3606     4.6304     0.0691     0.1418    34.2540    34.2512    8.11029         25 0.0000e+00
    389.000    384.613    -0.2727  28.422390    -0.2697  28.423019     4.8361     4.9704    -0.0148    97.5938 1.0000e-12  -74.14438 -113.34756  41.429081      99.95 3.5429e+01    491.572      11799  1029.3684  1029.3662     4.6297     0.0699     0.1385    34.2549    34.2525    8.10975         26 0.0000e+00
    390.000    385.600    -0.2663  28.429548    -0.2637  28.429708     4.8361     4.9691    -0.0131    97.6067 1.0000e-12  -74.14438 -113.34755  41.429093      99.88 3.6745e+01    492.642      11824  1029.3741  1029.3719     4.6303     0.0709     0.1399    34.2567    34.2541    8.10829         26 0.0000e+00
    391.000    386.589    -0.2579  28.439753    -0.2540  28.440987     4.8288     4.9633    -0.0074    97.6058 1.0000e-12  -74.14438 -113.34754  41.429106      99.87 3.8517e+01    493.732      11851  1029.3811  1029.3786     4.6302     0.0712     0.1385    34.2603    34.2575    8.10630         26 0.0000e+00
    392.000    387.577    -0.2536  28.444335    -0.2517  28.443935     4.8280     4.9687    -0.0147    97.5881 1.0000e-12  -74.14438 -113.34753  41.429118      99.87 3.5084e+01    494.803      11876  1029.3862  1029.3839     4.6294     0.0695     0.1402    34.2610    34.2583    8.10535         26 0.0000e+00
    393.000    388.564    -0.2525  28.446106    -0.2499  28.446358     4.8278     4.9727    -0.0174    97.5823 1.0000e-12  -74.14438 -113.34751  41.429130      99.88 3.5889e+01    495.871      11902  1029.3914  1029.3892     4.6291     0.0699     0.1393    34.2615    34.2590    8.10508         25 0.0000e+00
    394.000    389.551    -0.2510  28.448073    -0.2483  28.448496     4.8264     4.9655    -0.0118    97.5618 1.0000e-12  -74.14438 -113.34749  41.429143      99.88 3.8287e+01    496.958      11928  1029.3963  1029.3942     4.6282     0.0709     0.1395    34.2618    34.2594    8.10474         26 0.0000e+00
    395.000    390.540    -0.2471  28.453246    -0.2447  28.453160     4.8235     4.9584    -0.0127    97.5659 1.0000e-12  -74.14439 -113.34748  41.429155      99.87 3.5129e+01    498.020      11953  1029.4023  1029.3999     4.6283     0.0694     0.1387    34.2637    34.2609    8.10380         25 0.0000e+00
    396.000    391.528    -0.2432  28.457672    -0.2421  28.456270     4.8249     4.9639    -0.0102    97.5591 1.0000e-12  -74.14440 -113.34746  41.429168      99.87 3.5813e+01    499.084      11979  1029.4076  1029.4051     4.6281     0.0701     0.1405    34.2647    34.2616    8.10293         26 0.0000e+00
    397.000    392.515    -0.2471  28.453171    -0.2449  28.453563     4.8303     4.9599    -0.0062    97.5774 1.0000e-12  -74.14440 -113.34746  41.429180      99.88 3.7112e+01    500.166      12005  1029.4110  1029.4093     4.6289     0.0702     0.1409    34.2625    34.2605    8.10388         26 0.0000e+00
    398.000    393.503    -0.2493  28.451584    -0.2468  28.451893     4.8271     4.9599    -0.0097    97.5652 1.0000e-12  -74.14440 -113.34744  41.429192      99.87 3.4990e+01    501.227      12030  1029.4158  1029.4137     4.6283     0.0696     0.1417    34.2622    34.2598    8.10436         26 0.0000e+00
    399.000    394.490    -0.2474  28.454199    -0.2453  28.454014     4.8294     4.9637    -0.0020    97.5942 1.0000e-12  -74.14440 -113.34742  41.429205      85.95 3.5783e+01    502.290      12056  1029.4210  1029.4188     4.6297     0.0685     0.1413    34.2630    34.2603    8.10392         26 0.0000e+00
    400.000    395.479    -0.2449  28.457273    -0.2431  28.456949     4.8277     4.9643    -0.0042    97.5875 1.0000e-12  -74.14440 -113.34740  41.429217      96.45 3.7286e+01    503.363      12082  1029.4262  1029.4241     4.6294     0.0686     0.1397    34.2637    34.2612    8.10334         25 0.0000e+00
    401.000    396.467    -0.2465  28.455796    -0.2445  28.455607     4.8272     4.9611    -0.0119    97.5791 1.0000e-12  -74.14440 -113.34740  41.429229      99.91 3.4881e+01    504.427      12107  1029.4305  1029.4284     4.6290     0.0699     0.1380    34.2629    34.2604    8.10373         25 0.0000e+00
    402.000    397.454    -0.2449  28.458300    -0.2427  28.458182     4.8255     4.9577    -0.0130    97.5612 1.0000e-12  -74.14440 -113.34738  41.429242      99.88 3.5665e+01    505.480      12133  1029.4359  1029.4336     4.6282     0.0693     0.1403    34.2638    34.2612    8.10333         26 0.0000e+00
    403.000    398.441    -0.2414  28.462939    -0.2386  28.463445     4.8214     4.9606    -0.0111    97.5809 1.0000e-12  -74.14441 -113.34735  41.429254      99.87 3.7353e+01    506.558      12158  1029.4416  1029.4395     4.6290     0.0693     0.1389    34.2655    34.2630    8.10249         26 0.0000e+00
    404.000    399.429    -0.2364  28.468819    -0.2335  28.469475     4.8223     4.9590    -0.0042    97.5802 1.0000e-12  -74.14442 -113.34734  41.429266      99.87 3.4642e+01    507.618      12184  1029.4474  1029.4452     4.6290     0.0695     0.1424    34.2671    34.2647    8.10135         25 0.0000e+00
    405.000    400.417    -0.2350  28.470759    -0.2330  28.470443     4.8214     4.9566    -0.0183    97.5869 1.0000e-12  -74.14442 -113.34733  41.429279      99.88 3.5385e+01    508.676      12209  1029.4523  1029.4501     4.6294     0.0709     0.1410    34.2675    34.2649    8.10101         26 0.0000e+00
    406.000    401.405    -0.2350  28.471288    -0.2318  28.472354     4.8222     4.9551    -0.0121    97.5905 1.0000e-12  -74.14442 -113.34731  41.429291      99.87 3.8641e+01    509.750      12235  1029.4572  1029.4552     4.6295     0.0702     0.1379    34.2676    34.2654    8.10101         25 0.0000e+00
    407.000    402.391    -0.2309  28.476195    -0.2284  28.476545     4.8194     4.9528    -0.0195    97.5801 1.0000e-12  -74.14442 -113.34730  41.429303      99.87 3.4725e+01    510.802      12260  1029.4627  1029.4606     4.6290     0.0701     0.1403    34.2690    34.2666    8.10007         25 0.0000e+00
    408.000    403.381    -0.2295  28.478214    -0.2271  28.478343     4.8208     4.9552    -0.0122    97.5672 1.0000e-12  -74.14442 -113.34729  41.429315      99.87 3.5664e+01    511.854      12285  1029.4678  1029.4657     4.6284     0.0715     0.1383    34.2694    34.2670    8.09973         26 0.0000e+00
    409.000    404.368    -0.2300  28.477915    -0.2271  28.478817     4.8144     4.9533    -0.0122    97.5446 1.0000e-12  -74.14443 -113.34727  41.429328      99.87 3.8010e+01    512.925      12311  1029.4724  1029.4704     4.6274     0.0703     0.1398    34.2691    34.2670    8.09988         26 0.0000e+00
    410.000    405.355    -0.2252  28.484297    -0.2241  28.482566     4.8096     4.9490    -0.0114    97.5609 1.0000e-12  -74.14444 -113.34726  41.429340      51.14 3.4711e+01    513.967      12336  1029.4786  1029.4758     4.6281     0.0697     0.1384    34.2715    34.2680    8.09870         24 0.0000e+00
    411.000    406.344    -0.2167  28.494004    -0.2132  28.495273     4.8093     4.9473    -0.0167    97.5612 1.0000e-12  -74.14444 -113.34725  41.429352      75.30 3.5453e+01    515.010      12361  1029.4850  1029.4829     4.6282     0.0666     0.1396    34.2744    34.2721    8.09675         26 0.0000e+00
    412.000    407.330    -0.2099  28.501993    -0.2076  28.502034     4.8106     4.9485    -0.0124    97.5484 1.0000e-12  -74.14444 -113.34724  41.429364      89.52 3.8119e+01    516.071      12387  1029.4912  1029.4890     4.6276     0.0694     0.1379    34.2768    34.2742    8.09517         25 0.0000e+00
    413.000    408.318    -0.2095  28.502727    -0.2071  28.503040     4.8138     4.9486    -0.0043    97.5482 1.0000e-12  -74.14444 -113.34722  41.429376      69.75 3.4041e+01    517.115      12412  1029.4959  1029.4939     4.6275     0.0684     0.1412    34.2767    34.2744    8.09509         24 0.0000e+00
    414.000    409.306    -0.2087  28.504178    -0.2064  28.504344     4.8172     4.9454    -0.0089    97.5543 1.0000e-12  -74.14444 -113.34720  41.429388      82.44 3.5198e+01    518.153      12437  1029.5010  1029.4989     4.6278     0.0693     0.1407    34.2771    34.2747    8.09489         26 0.0000e+00
    415.000    410.292    -0.2070  28.506480    -0.2045  28.506779     4.8102     4.9474    -0.0171    97.5410 1.0000e-12  -74.14444 -113.34718  41.429401      98.87 3.7314e+01    519.214      12462  1029.5061  1029.5040     4.6272     0.0702     0.1419    34.2777    34.2753    8.09451         25 0.0000e+00
    416.000    411.282    -0.2061  28.508174    -0.2041  28.507734     4.8114     4.9447    -0.0144    97.5431 1.0000e-12  -74.14444 -113.34718  41.429413      98.14 3.4831e+01    520.252      12487  1029.5113  1029.5089     4.6273     0.0696     0.1405    34.2783    34.2755    8.09427         25 0.0000e+00
    417.000    412.270    -0.2044  28.510427    -0.2020  28.510607     4.8101     4.9429    -0.0121    97.5308 1.0000e-12  -74.14444 -113.34716  41.429425      97.02 3.5467e+01    521.288      12512  1029.5163  1029.5142     4.6267     0.0689     0.1386    34.2788    34.2763    8.09388         25 0.0000e+00
    418.000    413.257    -0.2040  28.511430    -0.2017  28.511399     4.8102     4.9414    -0.0068    97.5184 1.0000e-12  -74.14444 -113.34714  41.429437      96.02 3.9085e+01    522.339      12537  1029.5213  1029.5191     4.6262     0.0696     0.1435    34.2791    34.2765    8.09378         25 0.0000e+00
    419.000    414.245    -0.2036  28.512056    -0.2016  28.512028     4.8125     4.9463    -0.0062    97.5226 1.0000e-12  -74.14446 -113.34714  41.429449      95.30 3.4336e+01    523.376      12562  1029.5260  1029.5239     4.6263     0.0700     0.1394    34.2789    34.2766    8.09371         25 0.0000e+00
    420.000    415.231    -0.2031  28.513235    -0.2009  28.513162     4.8079     4.9435    -0.0106    97.5297 1.0000e-12  -74.14446 -113.34712  41.429461      94.05 3.4130e+01    524.413      12587  1029.5309  1029.5287     4.6267     0.0696     0.1392    34.2793    34.2767    8.09357         25 0.0000e+00
    421.000    416.219    -0.2025  28.514339    -0.2003  28.514252     4.8057     4.9482    -0.0136    97.5204 1.0000e-12  -74.14446 -113.34710  41.429473      93.06 3.7042e+01    525.466      12612  1029.5359  1029.5337     4.6262     0.0694     0.1416    34.2795    34.2769    8.09344         25 0.0000e+00
    422.000    417.209    -0.2018  28.515465    -0.1997  28.515359     4.8078     4.9519    -0.0159    97.5340 1.0000e-12  -74.14446 -113.34710  41.429485      92.08 3.3813e+01    526.511      12637  1029.5407  1029.5385     4.6269     0.0692     0.1410    34.2797    34.2772    8.09329         25 0.0000e+00
    423.000    418.195    -0.2012  28.516625    -0.1991  28.516426     4.8086     4.9505    -0.0133    97.5339 1.0000e-12  -74.14446 -113.34708  41.429497      90.98 3.3777e+01    527.540      12662  1029.5456  1029.5434     4.6269     0.0691     0.1389    34.2799    34.2773    8.09314         25 0.0000e+00
