ocean_section_plots/required_files/ctd/dnbp2202_ctd069.cnv
* Sea-Bird SBE 9 Data File:
* FileName = D:\Data\raw\NBP2202_CTD069.hex
* Software Version Seasave V 7.26.7.121
* Temperature SN = 1649
* Conductivity SN = 2513
* Number of Bytes Per Scan = 40
* Number of Voltage Words = 5
* Number of Scans Averaged by the Deck Unit = 1
* NMEA Latitude = 74 12.18 S
* NMEA Longitude = 112 12.79 W
* NMEA UTC (Time) = Jan 26 2022  01:37:02
* NMEA baud rate = 9600
** Ship: RVIB N.B. Palmer
** Cruise: NBP2202 Thwaites
** Station: 50
** Operator: A. Robinson
** N-S Transect Line
# nquan = 25
# nvalues = 996                         
# units = specified
# name 0 = prDM: Pressure, Digiquartz [db]
# name 1 = depSM: Depth [salt water, m]
# name 2 = t090C: Temperature [ITS-90, deg C]
# name 3 = c0mS/cm: Conductivity [mS/cm]
# name 4 = t190C: Temperature, 2 [ITS-90, deg C]
# name 5 = c1mS/cm: Conductivity, 2 [mS/cm]
# name 6 = sbeox0ML/L: Oxygen, SBE 43 [ml/l]
# name 7 = sbeox1ML/L: Oxygen, SBE 43, 2 [ml/l]
# name 8 = flECO-AFL: Fluorescence, WET Labs ECO-AFL/FL [mg/m^3]
# name 9 = CStarTr0: Beam Transmission, WET Labs C-Star [%]
# name 10 = par: PAR/Irradiance, Biospherical/Licor
# name 11 = latitude: Latitude [deg]
# name 12 = longitude: Longitude [deg]
# name 13 = timeJ: Julian Days
# name 14 = altM: Altimeter [m]
# name 15 = spar: SPAR, Biospherical/Licor
# name 16 = timeS: Time, Elapsed [seconds]
# name 17 = scan: Scan Count
# name 18 = density00: Density [density, kg/m^3]
# name 19 = density11: Density, 2 [density, kg/m^3]
# name 20 = sal00: Salinity, Practical [PSU]
# name 21 = sal11: Salinity, Practical, 2 [PSU]
# name 22 = oxsolML/L: Oxygen Saturation, Garcia & Gordon [ml/l]
# name 23 = nbin: number of scans per bin
# name 24 = flag: flag
# span 0 =      2.000,    997.000       
# span 1 =      1.982,    984.318       
# span 2 =    -1.4989,     0.5734       
# span 3 =  27.143968,  29.645496       
# span 4 =    -1.4984,     0.5753       
# span 5 =  27.143345,  29.645417       
# span 6 =     4.5497,     8.4124       
# span 7 =     4.6837,     8.7480       
# span 8 =    -0.0153,    27.2199       
# span 9 =    66.6345,    95.6767       
# span 10 = -4.300e-06, 2.8873e+02      
# span 11 =  -74.20302,  -74.20302      
# span 12 = -112.21342, -112.21328      
# span 13 =  26.069909,  26.084657      
# span 14 =       2.68,      99.99      
# span 15 = 4.8209e+02, 6.2416e+02      
# span 16 =    218.131,   1492.349      
# span 17 =       5236,      35817      
# span 18 =  1027.2049,  1032.4100      
# span 19 =  1027.2052,  1032.4079      
# span 20 =    33.8162,    34.5676      
# span 21 =    33.8161,    34.5652      
# span 22 =    7.91576,    8.39214      
# span 23 =         18,         49      
# span 24 = 0.0000e+00, 0.0000e+00      
# interval = decibars: 1                
# start_time = Jan 26 2022 01:37:02 [NMEA time, header]
# bad_flag = -9.990e-29
*END*
[from data line 870]
    872.000    861.164     0.5512  29.569833     0.5529  29.569609     4.5803     4.7115     0.0004    95.1785 1.0000e-12  -74.20302 -112.21330  26.082325      99.84 4.9537e+02   1290.870      30982  1031.8263  1031.8243    34.5627    34.5604    7.92057         27 0.0000e+00
    873.000    862.150     0.5511  29.570265     0.5530  29.570030     4.5803     4.7130     0.0060    95.1728 1.0000e-12  -74.20302 -112.21331  26.082338      99.84 4.9537e+02   1291.989      31009  1031.8310  1031.8290    34.5627    34.5604    7.92058         27 0.0000e+00
    874.000    863.136     0.5512  29.570657     0.5531  29.570531     4.5795     4.7167     0.0069    95.1964 1.0000e-12  -74.20302 -112.21330  26.082351      99.85 4.9537e+02   1293.117      31036  1031.8355  1031.8336    34.5626    34.5604    7.92057         27 0.0000e+00
    875.000    864.121     0.5516  29.571629     0.5534  29.571250     4.5765     4.7186    -0.0002    95.1410 1.0000e-12  -74.20302 -112.21332  26.082364      99.83 4.9537e+02   1294.256      31063  1031.8403  1031.8383    34.5628    34.5604    7.92047         27 0.0000e+00
    876.000    865.107     0.5525  29.572979     0.5548  29.573289     4.5773     4.7164     0.0141    95.1824 1.0000e-12  -74.20302 -112.21330  26.082377      92.74 4.9537e+02   1295.378      31090  1031.8451  1031.8432    34.5630    34.5609    7.92028         27 0.0000e+00
    877.000    866.092     0.5534  29.574275     0.5552  29.574023     4.5737     4.7192     0.0069    95.1711 1.0000e-12  -74.20302 -112.21332  26.082390      74.96 4.9537e+02   1296.461      31116  1031.8498  1031.8478    34.5632    34.5609    7.92009         25 0.0000e+00
    878.000    867.077     0.5532  29.574619     0.5552  29.574560     4.5776     4.7119     0.0063    95.1794 1.0000e-12  -74.20302 -112.21331  26.082402      88.55 4.9537e+02   1297.528      31142  1031.8545  1031.8525    34.5632    34.5609    7.92012         26 0.0000e+00
    879.000    868.064     0.5532  29.574979     0.5551  29.574785     4.5778     4.7080    -0.0001    95.1832 1.0000e-12  -74.20302 -112.21331  26.082415      98.11 4.9537e+02   1298.616      31168  1031.8592  1031.8571    34.5632    34.5608    7.92013         27 0.0000e+00
    880.000    869.049     0.5533  29.575556     0.5553  29.575453     4.5848     4.7139    -0.0001    95.1654 1.0000e-12  -74.20302 -112.21331  26.082427      99.81 4.9537e+02   1299.735      31195  1031.8638  1031.8618    34.5632    34.5609    7.92010         27 0.0000e+00
    881.000    870.034     0.5535  29.576236     0.5554  29.576006     4.5608     4.7188     0.0137    95.1611 1.0000e-12  -74.20302 -112.21331  26.082441      99.85 4.9537e+02   1300.891      31222  1031.8686  1031.8664    34.5633    34.5609    7.92006         28 0.0000e+00
    882.000    871.019     0.5537  29.576828     0.5555  29.576592     4.5685     4.7138     0.0065    95.1856 1.0000e-12  -74.20302 -112.21331  26.082454      99.84 4.9537e+02   1302.035      31250  1031.8732  1031.8711    34.5633    34.5610    7.92002         26 0.0000e+00
    883.000    872.005     0.5546  29.578432     0.5567  29.578234     4.5785     4.7169     0.0066    95.1673 1.0000e-12  -74.20302 -112.21332  26.082467      99.84 4.9537e+02   1303.119      31276  1031.8782  1031.8760    34.5638    34.5613    7.91981         26 0.0000e+00
    884.000    872.990     0.5551  29.579274     0.5572  29.579246     4.5792     4.7180    -0.0004    95.1844 1.0000e-12  -74.20302 -112.21332  26.082479      99.84 4.9537e+02   1304.162      31301  1031.8827  1031.8807    34.5638    34.5615    7.91971         25 0.0000e+00
    885.000    873.975     0.5553  29.579893     0.5572  29.579655     4.5776     4.7111    -0.0004    95.1515 1.0000e-12  -74.20302 -112.21332  26.082491      99.84 4.9537e+02   1305.236      31327  1031.8874  1031.8853    34.5638    34.5614    7.91966         26 0.0000e+00
    886.000    874.962     0.5556  29.580560     0.5575  29.580423     4.5722     4.7063    -0.0072    95.1658 1.0000e-12  -74.20302 -112.21332  26.082504      99.85 4.9537e+02   1306.362      31354  1031.8920  1031.8900    34.5638    34.5614    7.91961         28 0.0000e+00
    887.000    875.947     0.5555  29.580912     0.5575  29.580755     4.5719     4.7100     0.0059    95.1592 1.0000e-12  -74.20302 -112.21332  26.082518      99.84 4.9537e+02   1307.525      31382  1031.8967  1031.8947    34.5638    34.5614    7.91963         28 0.0000e+00
    888.000    876.932     0.5554  29.581220     0.5575  29.581218     4.5688     4.7132    -0.0004    95.1670 1.0000e-12  -74.20302 -112.21332  26.082531      99.84 4.9537e+02   1308.666      31409  1031.9013  1031.8993    34.5637    34.5614    7.91965         27 0.0000e+00
    889.000    877.918     0.5556  29.581895     0.5575  29.581649     4.5753     4.7149     0.0016    95.1862 1.0000e-12  -74.20302 -112.21332  26.082544      72.36 4.9524e+02   1309.766      31435  1031.9060  1031.9040    34.5638    34.5614    7.91960         26 0.0000e+00
    890.000    878.903     0.5556  29.582376     0.5576  29.582195     4.5715     4.7136     0.0141    95.1673 1.0000e-12  -74.20302 -112.21332  26.082556      87.38 4.9460e+02   1310.860      31462  1031.9107  1031.9086    34.5638    34.5614    7.91960         27 0.0000e+00
    891.000    879.889     0.5559  29.582860     0.5577  29.582699     4.5771     4.7153     0.0143    95.0963 1.0000e-12  -74.20302 -112.21332  26.082569      98.95 4.9427e+02   1311.987      31489  1031.9152  1031.9133    34.5636    34.5614    7.91956         27 0.0000e+00
    892.000    880.873     0.5560  29.583542     0.5578  29.583271     4.5722     4.7105     0.0143    95.1618 1.0000e-12  -74.20302 -112.21332  26.082583      99.85 4.9406e+02   1313.133      31516  1031.9200  1031.9179    34.5638    34.5614    7.91953         27 0.0000e+00
    893.000    881.859     0.5562  29.584144     0.5581  29.583934     4.5655     4.7055     0.0124    95.1594 1.0000e-12  -74.20302 -112.21332  26.082596      99.83 4.9387e+02   1314.264      31543  1031.9247  1031.9226    34.5638    34.5614    7.91949         27 0.0000e+00
    894.000    882.845     0.5573  29.585985     0.5593  29.585729     4.5779     4.7077     0.0091    95.1632 1.0000e-12  -74.20302 -112.21332  26.082609      99.85 4.9367e+02   1315.382      31570  1031.9296  1031.9275    34.5643    34.5619    7.91922         27 0.0000e+00
    895.000    883.830     0.5573  29.586204     0.5593  29.586189     4.5659     4.7076     0.0072    95.1872 1.0000e-12  -74.20302 -112.21332  26.082622      99.84 4.9344e+02   1316.507      31597  1031.9341  1031.9321    34.5641    34.5619    7.91924         27 0.0000e+00
    896.000    884.816     0.5575  29.586925     0.5594  29.586750     4.5711     4.7096    -0.0032    95.1487 1.0000e-12  -74.20302 -112.21332  26.082635      99.85 4.9361e+02   1317.632      31624  1031.9388  1031.9368    34.5642    34.5619    7.91918         27 0.0000e+00
    897.000    885.800     0.5576  29.587465     0.5596  29.587334     4.5731     4.7052     0.0044    95.1636 1.0000e-12  -74.20302 -112.21332  26.082647      99.84 4.9361e+02   1318.731      31651  1031.9436  1031.9415    34.5643    34.5620    7.91917         26 0.0000e+00
    898.000    886.786     0.5575  29.587662     0.5595  29.587771     4.5748     4.7071     0.0037    95.1363 1.0000e-12  -74.20302 -112.21332  26.082660      99.84 4.9361e+02   1319.784      31676  1031.9480  1031.9462    34.5641    34.5620    7.91920         25 0.0000e+00
    899.000    887.772     0.5574  29.588013     0.5593  29.587859     4.5673     4.7040     0.0164    95.1299 1.0000e-12  -74.20302 -112.21332  26.082672      99.84 4.9361e+02   1320.834      31701  1031.9528  1031.9508    34.5641    34.5618    7.91923         25 0.0000e+00
    900.000    888.757     0.5571  29.588274     0.5594  29.588370     4.5735     4.7079     0.0181    95.1509 1.0000e-12  -74.20302 -112.21332  26.082684      99.85 4.9348e+02   1321.923      31727  1031.9575  1031.9554    34.5642    34.5618    7.91927         27 0.0000e+00
    901.000    889.742     0.5573  29.588807     0.5594  29.588704     4.5725     4.7097     0.0045    95.1454 1.0000e-12  -74.20302 -112.21332  26.082698      99.37 4.9304e+02   1323.070      31755  1031.9621  1031.9600    34.5641    34.5617    7.91924         28 0.0000e+00
    902.000    890.728     0.5575  29.589416     0.5596  29.589328     4.5739     4.7114    -0.0004    95.1381 1.0000e-12  -74.20302 -112.21332  26.082711      91.04 4.9209e+02   1324.227      31782  1031.9667  1031.9646    34.5641    34.5617    7.91920         28 0.0000e+00
    903.000    891.712     0.5579  29.590270     0.5599  29.590127     4.5671     4.7107     0.0023    95.1270 1.0000e-12  -74.20302 -112.21332  26.082724      97.93 4.9184e+02   1325.369      31810  1031.9714  1031.9693    34.5642    34.5618    7.91911         27 0.0000e+00
    904.000    892.699     0.5579  29.590726     0.5599  29.590642     4.5759     4.7073     0.0037    95.1644 1.0000e-12  -74.20302 -112.21332  26.082737      96.89 4.9184e+02   1326.507      31837  1031.9761  1031.9741    34.5642    34.5619    7.91911         27 0.0000e+00
    905.000    893.683     0.5580  29.591194     0.5601  29.591093     4.5720     4.7049    -0.0007    95.1517 1.0000e-12  -74.20302 -112.21332  26.082751      96.02 4.9184e+02   1327.657      31865  1031.9806  1031.9786    34.5641    34.5617    7.91909         28 0.0000e+00
    906.000    894.669     0.5582  29.591875     0.5601  29.591665     4.5741     4.7032     0.0034    95.1575 1.0000e-12  -74.20302 -112.21331  26.082764      94.95 4.9151e+02   1328.797      31892  1031.9854  1031.9833    34.5643    34.5618    7.91905         27 0.0000e+00
    907.000    895.655     0.5584  29.592466     0.5603  29.592257     4.5728     4.7041    -0.0012    95.1482 1.0000e-12  -74.20302 -112.21331  26.082777      93.94 4.9008e+02   1329.941      31920  1031.9901  1031.9881    34.5643    34.5619    7.91901         28 0.0000e+00
    908.000    896.640     0.5585  29.592999     0.5603  29.592681     4.5732     4.7072    -0.0032    95.1475 1.0000e-12  -74.20302 -112.21330  26.082791      92.87 4.9008e+02   1331.117      31948  1031.9947  1031.9927    34.5643    34.5619    7.91898         29 0.0000e+00
    909.000    897.625     0.5584  29.593360     0.5602  29.593033     4.5716     4.7082    -0.0059    95.1565 1.0000e-12  -74.20302 -112.21332  26.082805      91.82 4.9008e+02   1332.316      31977  1031.9994  1031.9973    34.5643    34.5618    7.91901         28 0.0000e+00
    910.000    898.611     0.5583  29.593630     0.5602  29.593474     4.5695     4.7091     0.0031    95.1623 1.0000e-12  -74.20302 -112.21330  26.082818      90.82 4.8920e+02   1333.456      32004  1032.0040  1032.0020    34.5642    34.5619    7.91904         27 0.0000e+00
    911.000    899.596     0.5581  29.594017     0.5602  29.593848     4.5691     4.7108     0.0068    95.1517 1.0000e-12  -74.20302 -112.21330  26.082830      89.93 4.8861e+02   1334.520      32029  1032.0087  1032.0066    34.5643    34.5618    7.91906         25 0.0000e+00
    912.000    900.581     0.5583  29.594451     0.5602  29.594385     4.5710     4.7097     0.0014    95.1751 1.0000e-12  -74.20302 -112.21330  26.082842      88.88 4.8888e+02   1335.578      32055  1032.0132  1032.0113    34.5641    34.5619    7.91903         25 0.0000e+00
    913.000    901.568     0.5585  29.595009     0.5604  29.594945     4.5677     4.7105    -0.0004    95.1711 1.0000e-12  -74.20302 -112.21330  26.082855      87.86 4.8844e+02   1336.701      32082  1032.0178  1032.0160    34.5640    34.5618    7.91899         28 0.0000e+00
    914.000    902.551     0.5588  29.595880     0.5607  29.595700     4.5732     4.7042    -0.0004    95.1661 1.0000e-12  -74.20302 -112.21330  26.082869      86.77 4.8838e+02   1337.878      32110  1032.0226  1032.0206    34.5643    34.5619    7.91892         29 0.0000e+00
    915.000    903.538     0.5588  29.596357     0.5607  29.596145     4.5689     4.7042     0.0058    95.1179 1.0000e-12  -74.20302 -112.21329  26.082882      85.87 4.8873e+02   1339.023      32138  1032.0273  1032.0253    34.5643    34.5620    7.91892         26 0.0000e+00
    916.000    904.521     0.5590  29.596968     0.5609  29.596827     4.5701     4.7055     0.0007    95.1248 1.0000e-12  -74.20302 -112.21330  26.082895      84.87 4.8881e+02   1340.095      32163  1032.0320  1032.0300    34.5643    34.5621    7.91888         25 0.0000e+00
    917.000    905.508     0.5591  29.597313     0.5609  29.597226     4.5663     4.7044     0.0052    95.1351 1.0000e-12  -74.20302 -112.21328  26.082907      83.86 4.8874e+02   1341.131      32188  1032.0366  1032.0347    34.5642    34.5621    7.91888         25 0.0000e+00
    918.000    906.494     0.5589  29.597740     0.5608  29.597585     4.5672     4.7076     0.0069    95.1378 1.0000e-12  -74.20302 -112.21330  26.082919      82.88 4.8832e+02   1342.192      32214  1032.0413  1032.0393    34.5643    34.5620    7.91889         26 0.0000e+00
    919.000    907.478     0.5590  29.598071     0.5609  29.597964     4.5715     4.7065     0.0017    95.1554 1.0000e-12  -74.20302 -112.21328  26.082932      81.81 4.8832e+02   1343.303      32240  1032.0458  1032.0439    34.5641    34.5619    7.91890         28 0.0000e+00
    920.000    908.464     0.5590  29.598560     0.5609  29.598531     4.5680     4.7044     0.0115    95.1471 1.0000e-12  -74.20302 -112.21328  26.082945      80.77 4.8832e+02   1344.449      32268  1032.0505  1032.0486    34.5641    34.5620    7.91888         27 0.0000e+00
    921.000    909.450     0.5591  29.599176     0.5612  29.599162     4.5732     4.7021     0.0143    95.1277 1.0000e-12  -74.20302 -112.21328  26.082958      79.84 4.8832e+02   1345.594      32295  1032.0552  1032.0532    34.5643    34.5620    7.91886         27 0.0000e+00
    922.000    910.434     0.5591  29.599657     0.5611  29.599493     4.5692     4.7034     0.0014    95.0846 1.0000e-12  -74.20302 -112.21328  26.082971      78.94 4.8760e+02   1346.716      32322  1032.0599  1032.0579    34.5643    34.5620    7.91885         25 0.0000e+00
    923.000    911.420     0.5593  29.600148     0.5612  29.600017     4.5683     4.7079     0.0061    95.1566 1.0000e-12  -74.20302 -112.21328  26.082984      77.77 4.8730e+02   1347.812      32348  1032.0645  1032.0625    34.5642    34.5619    7.91883         26 0.0000e+00
    924.000    912.406     0.5593  29.600613     0.5613  29.600513     4.5712     4.7036     0.0135    95.1814 1.0000e-12  -74.20302 -112.21328  26.082997      76.75 4.8703e+02   1348.898      32375  1032.0692  1032.0672    34.5643    34.5619    7.91883         26 0.0000e+00
    925.000    913.390     0.5597  29.601361     0.5615  29.601178     4.5663     4.7065     0.0205    95.1593 1.0000e-12  -74.20302 -112.21328  26.083009      75.78 4.8656e+02   1350.017      32401  1032.0738  1032.0718    34.5642    34.5620    7.91875         28 0.0000e+00
    926.000    914.374     0.5597  29.601828     0.5617  29.601703     4.5669     4.7057     0.0143    95.1027 1.0000e-12  -74.20302 -112.21328  26.083023      74.72 4.8656e+02   1351.199      32430  1032.0784  1032.0764    34.5642    34.5619    7.91874         29 0.0000e+00
    927.000    915.361     0.5600  29.602649     0.5619  29.602423     4.5699     4.7072     0.0069    95.1299 1.0000e-12  -74.20302 -112.21328  26.083037      73.78 4.8656e+02   1352.399      32459  1032.0832  1032.0811    34.5644    34.5620    7.91867         28 0.0000e+00
    928.000    916.346     0.5601  29.603191     0.5620  29.603021     4.5651     4.7088     0.0060    95.1560 1.0000e-12  -74.20302 -112.21328  26.083050      72.75 4.8656e+02   1353.536      32486  1032.0879  1032.0859    34.5645    34.5622    7.91865         26 0.0000e+00
