ocean_section_plots/required_files/ctd/dnbp2202_ctd194.cnv
* Sea-Bird SBE 9 Data File:
* FileName = D:\Data\raw\NBP2202_CTD194.hex
* Software Version Seasave V 7.26.7.121
* Temperature SN = 1649
* Conductivity SN = 2513
* Number of Bytes Per Scan = 40
* Number of Voltage Words = 5
* Number of Scans Averaged by the Deck Unit = 1
* NMEA Latitude = 73 47.99 S
* NMEA Longitude = 112 40.04 W
* NMEA UTC (Time) = Feb 07 2022  20:50:37
* NMEA baud rate = 9600
** Ship: RVIB N.B. Palmer
** Cruise: NBP2202 Thwaites
** Station: 115
** Operator: A. Robinson
# nquan = 28
# nvalues = 739                         
# units = specified
# name 0 = prDM: Pressure, Digiquartz [db]
# name 1 = depSM: Depth [salt water, m]
# name 2 = t090C: Temperature [ITS-90, deg C]
# name 3 = c0mS/cm: Conductivity [mS/cm]
# name 4 = t190C: Temperature, 2 [ITS-90, deg C]
# name 5 = c1mS/cm: Conductivity, 2 [mS/cm]
# name 6 = sbeox0ML/L: Oxygen, SBE 43 [ml/l]
# name 7 = sbeox1ML/L: Oxygen, SBE 43, 2 [ml/l]
# name 8 = flECO-AFL: Fluorescence, WET Labs ECO-AFL/FL [mg/m^3]
# name 9 = CStarTr0: Beam Transmission, WET Labs C-Star [%]
# name 10 = par: PAR/Irradiance, Biospherical/Licor
# name 11 = latitude: Latitude [deg]
# name 12 = longitude: Longitude [deg]
# name 13 = timeJ: Julian Days
# name 14 = altM: Altimeter [m]
# name 15 = spar: SPAR, Biospherical/Licor
# name 16 = timeS: Time, Elapsed [seconds]
# name 17 = scan: Scan Count
# name 18 = density00: Density [density, kg/m^3]
# name 19 = density11: Density, 2 [density, kg/m^3]
# name 20 = v3: Voltage 3
# name 21 = v4: Voltage 4
# name 22 = v5: Voltage 5
# name 23 = sal00: Salinity, Practical [PSU]
# name 24 = sal11: Salinity, Practical, 2 [PSU]
# name 25 = oxsolML/L: Oxygen Saturation, Garcia & Gordon [ml/l]
# name 26 = nbin: number of scans per bin
# name 27 = flag: flag
# span 0 =      1.000,    739.000       
# span 1 =      0.991,    730.062       
# span 2 =    -1.4777,     0.5772       
# span 3 =  27.085102,  29.544286       
# span 4 =    -1.4776,     0.5796       
# span 5 =  27.085077,  29.544327       
# span 6 =     4.5712,     8.9483       
# span 7 =     4.6760,     9.1672       
# span 8 =    -0.0090,    26.2042       
# span 9 =    74.9496,    98.7477       
# span 10 = 1.0000e-12, 2.8451e+02      
# span 11 =  -73.79998,  -73.79998      
# span 12 = -112.66744, -112.66742      
# span 13 =  38.870707,  38.881206      
# span 14 =       3.79,     109.39      
# span 15 = 4.8396e+02, 6.3238e+02      
# span 16 =    192.092,   1099.171      
# span 17 =       4611,      26381      
# span 18 =  1027.1674,  1031.2143      
# span 19 =  1027.1704,  1031.2119      
# span 20 =     3.5567,     4.6845      
# span 21 =     0.0647,     3.8189      
# span 22 =     0.1128,     0.2531      
# span 23 =    33.7956,    34.5766      
# span 24 =    33.7979,    34.5738      
# span 25 =    7.91449,    8.38973      
# span 26 =          2,         48      
# span 27 = 0.0000e+00, 0.0000e+00      
# interval = decibars: 1                
# start_time = Feb 07 2022 20:50:37 [NMEA time, header]
# bad_flag = -9.990e-29
*END*
[from data line 570]
    571.000    564.324     0.2375  29.072461     0.2395  29.072202     4.6815     4.7988    -0.0007    98.4189 1.0000e-12  -73.79998 -112.66742  38.878680      70.58 6.2644e+02    880.935      21143  1030.3400  1030.3378     4.6688     0.0688     0.1271    34.4359    34.4334    7.99226         26 0.0000e+00
    572.000    565.310     0.2385  29.074077     0.2405  29.073830     4.6803     4.7966     0.0035    98.4307 1.0000e-12  -73.79998 -112.66742  38.878692      84.83 6.2589e+02    882.014      21169  1030.3449  1030.3428     4.6694     0.0696     0.1264    34.4363    34.4339    7.99202         26 0.0000e+00
    573.000    566.296     0.2411  29.077820     0.2432  29.077556     4.6850     4.7940     0.0066    98.4444 1.0000e-12  -73.79998 -112.66742  38.878705      96.04 6.2582e+02    883.084      21195  1030.3506  1030.3483     4.6700     0.0705     0.1250    34.4378    34.4352    7.99142         26 0.0000e+00
    574.000    567.283     0.2426  29.079999     0.2447  29.079798     4.6825     4.7974     0.0066    98.4407 1.0000e-12  -73.79998 -112.66742  38.878717      99.75 6.2582e+02    884.171      21221  1030.3557  1030.3534     4.6699     0.0700     0.1229    34.4384    34.4358    7.99107         26 0.0000e+00
    575.000    568.271     0.2436  29.081570     0.2456  29.081414     4.6809     4.7954     0.0107    98.4505 1.0000e-12  -73.79998 -112.66742  38.878730      99.82 6.2537e+02    885.287      21248  1030.3606  1030.3584     4.6703     0.0703     0.1245    34.4388    34.4363    7.99085         27 0.0000e+00
    576.000    569.258     0.2441  29.082779     0.2461  29.082564     4.6786     4.7913     0.0100    98.4702 1.0000e-12  -73.79998 -112.66742  38.878743      99.82 6.2575e+02    886.385      21274  1030.3656  1030.3634     4.6713     0.0707     0.1249    34.4392    34.4367    7.99071         26 0.0000e+00
    577.000    570.243     0.2444  29.083410     0.2464  29.083259     4.6832     4.7884    -0.0011    98.4576 1.0000e-12  -73.79998 -112.66742  38.878755      99.81 6.2508e+02    887.468      21300  1030.3702  1030.3681     4.6706     0.0715     0.1233    34.4392    34.4367    7.99066         26 0.0000e+00
    578.000    571.231     0.2449  29.084536     0.2469  29.084353     4.6874     4.7905    -0.0037    98.4527 1.0000e-12  -73.79998 -112.66742  38.878768      99.81 6.2521e+02    888.538      21326  1030.3752  1030.3730     4.6704     0.0711     0.1221    34.4395    34.4370    7.99054         26 0.0000e+00
    579.000    572.219     0.2456  29.085975     0.2476  29.085727     4.6847     4.7944    -0.0004    98.4598 1.0000e-12  -73.79998 -112.66742  38.878780      99.81 6.2665e+02    889.613      21352  1030.3802  1030.3780     4.6708     0.0719     0.1253    34.4399    34.4374    7.99035         25 0.0000e+00
    580.000    573.204     0.2462  29.087054     0.2482  29.086998     4.6827     4.7959     0.0031    98.4649 1.0000e-12  -73.79998 -112.66742  38.878793      99.81 6.2427e+02    890.704      21378  1030.3850  1030.3830     4.6710     0.0706     0.1244    34.4402    34.4378    7.99022         27 0.0000e+00
    581.000    574.193     0.2472  29.088812     0.2493  29.088611     4.6828     4.7984     0.0030    98.4664 1.0000e-12  -73.79998 -112.66742  38.878806      99.81 6.2298e+02    891.806      21404  1030.3900  1030.3879     4.6711     0.0712     0.1238    34.4407    34.4382    7.98997         26 0.0000e+00
    582.000    575.178     0.2475  29.089520     0.2495  29.089304     4.6793     4.8003     0.0064    98.4841 1.0000e-12  -73.79998 -112.66742  38.878818      99.82 6.2789e+02    892.888      21430  1030.3948  1030.3927     4.6720     0.0708     0.1227    34.4408    34.4383    7.98992         26 0.0000e+00
    583.000    576.166     0.2478  29.090364     0.2497  29.090103     4.6808     4.7984     0.0067    98.4792 1.0000e-12  -73.79998 -112.66742  38.878831      84.79 6.2605e+02    893.984      21457  1030.3996  1030.3975     4.6717     0.0686     0.1250    34.4409    34.4384    7.98984         27 0.0000e+00
    584.000    577.152     0.2481  29.091242     0.2502  29.091130     4.6799     4.7948     0.0031    98.5094 1.0000e-12  -73.79998 -112.66742  38.878844      83.03 6.2321e+02    895.086      21483  1030.4045  1030.4024     4.6731     0.0689     0.1216    34.4411    34.4387    7.98976         25 0.0000e+00
    585.000    578.140     0.2488  29.092389     0.2504  29.091776     4.6808     4.7957     0.0102    98.4936 1.0000e-12  -73.79998 -112.66742  38.878856      94.06 6.2764e+02    896.138      21508  1030.4093  1030.4071     4.6724     0.0713     0.1254    34.4413    34.4387    7.98961         25 0.0000e+00
    586.000    579.126     0.2488  29.092869     0.2509  29.092619     4.6829     4.7912     0.0078    98.4964 1.0000e-12  -73.79998 -112.66742  38.878868      99.24 6.2641e+02    897.207      21534  1030.4141  1030.4118     4.6725     0.0706     0.1242    34.4414    34.4388    7.98962         27 0.0000e+00
    587.000    580.113     0.2488  29.093236     0.2508  29.093002     4.6784     4.7851    -0.0006    98.4926 1.0000e-12  -73.79998 -112.66742  38.878881      99.81 6.2348e+02    898.329      21561  1030.4186  1030.4165     4.6724     0.0731     0.1254    34.4412    34.4388    7.98962         27 0.0000e+00
    588.000    581.101     0.2490  29.093956     0.2510  29.093780     4.6767     4.7925    -0.0007    98.4782 1.0000e-12  -73.79998 -112.66742  38.878894      99.81 6.2749e+02    899.429      21587  1030.4235  1030.4214     4.6716     0.0707     0.1227    34.4414    34.4390    7.98957         25 0.0000e+00
    589.000    582.086     0.2496  29.095055     0.2515  29.094779     4.6742     4.7951     0.0024    98.4683 1.0000e-12  -73.79998 -112.66742  38.878906      99.81 6.2738e+02    900.486      21613  1030.4283  1030.4261     4.6712     0.0711     0.1225    34.4416    34.4391    7.98944         26 0.0000e+00
    590.000    583.073     0.2512  29.097366     0.2531  29.097173     4.6758     4.7958     0.0038    98.5097 1.0000e-12  -73.79998 -112.66742  38.878918      99.81 6.2462e+02    901.555      21638  1030.4334  1030.4313     4.6731     0.0724     0.1219    34.4423    34.4399    7.98907         26 0.0000e+00
    591.000    584.061     0.2538  29.101047     0.2558  29.100851     4.6810     4.7940     0.0049    98.4928 1.0000e-12  -73.79998 -112.66742  38.878931      99.81 6.2590e+02    902.625      21664  1030.4389  1030.4367     4.6724     0.0704     0.1233    34.4436    34.4411    7.98845         25 0.0000e+00
    592.000    585.047     0.2555  29.103403     0.2574  29.103190     4.6804     4.7945     0.0145    98.5063 1.0000e-12  -73.79998 -112.66742  38.878943      99.81 6.2568e+02    903.706      21690  1030.4439  1030.4418     4.6730     0.0729     0.1297    34.4442    34.4418    7.98806         26 0.0000e+00
    593.000    586.035     0.2560  29.104367     0.2579  29.104237     4.6786     4.7958     0.0143    98.5361 1.0000e-12  -73.79998 -112.66742  38.878956      99.82 6.2536e+02    904.814      21717  1030.4487  1030.4467     4.6743     0.0710     0.1227    34.4444    34.4420    7.98796         27 0.0000e+00
    594.000    587.021     0.2570  29.106098     0.2590  29.105899     4.6775     4.7899     0.0143    98.4799 1.0000e-12  -73.79998 -112.66742  38.878969      99.82 6.2747e+02    905.904      21743  1030.4538  1030.4516     4.6718     0.0713     0.1219    34.4449    34.4424    7.98771         26 0.0000e+00
    595.000    588.008     0.2587  29.108584     0.2608  29.108357     4.6762     4.7859     0.0093    98.4887 1.0000e-12  -73.79998 -112.66742  38.878981      99.81 6.2645e+02    906.963      21768  1030.4590  1030.4567     4.6722     0.0700     0.1225    34.4457    34.4431    7.98732         25 0.0000e+00
    596.000    588.994     0.2591  29.109448     0.2612  29.109255     4.6780     4.7872    -0.0007    98.5139 1.0000e-12  -73.79998 -112.66742  38.878993      96.90 6.2312e+02    908.020      21793  1030.4638  1030.4615     4.6733     0.0686     0.1233    34.4458    34.4432    7.98723         26 0.0000e+00
    597.000    589.983     0.2595  29.110342     0.2616  29.110220     4.6818     4.7905    -0.0027    98.5144 1.0000e-12  -73.79998 -112.66742  38.879005      88.86 6.2384e+02    909.070      21819  1030.4685  1030.4665     4.6734     0.0700     0.1257    34.4459    34.4435    7.98714         25 0.0000e+00
    598.000    590.968     0.2598  29.111097     0.2618  29.110854     4.6811     4.7924    -0.0074    98.4993 1.0000e-12  -73.79998 -112.66742  38.879018      99.70 6.2547e+02    910.135      21844  1030.4733  1030.4711     4.6727     0.0697     0.1252    34.4460    34.4435    7.98707         26 0.0000e+00
    599.000    591.956     0.2602  29.112019     0.2622  29.111878     4.6792     4.7898    -0.0023    98.5230 1.0000e-12  -73.79998 -112.66742  38.879030      99.81 6.2521e+02    911.235      21871  1030.4781  1030.4760     4.6738     0.0731     0.1224    34.4462    34.4438    7.98698         26 0.0000e+00
    600.000    592.942     0.2608  29.113205     0.2629  29.113119     4.6707     4.7893    -0.0075    98.5309 1.0000e-12  -73.79998 -112.66742  38.879043      99.81 6.2590e+02    912.325      21897  1030.4831  1030.4809     4.6742     0.0717     0.1258    34.4465    34.4440    7.98684         26 0.0000e+00
    601.000    593.929     0.2614  29.114454     0.2636  29.114340     4.6702     4.7900    -0.0021    98.5227 1.0000e-12  -73.79998 -112.66742  38.879055      99.81 6.2533e+02    913.376      21922  1030.4880  1030.4858     4.6738     0.0694     0.1217    34.4469    34.4443    7.98669         25 0.0000e+00
    602.000    594.915     0.2629  29.116666     0.2653  29.116853     4.6736     4.7894    -0.0059    98.5278 1.0000e-12  -73.79998 -112.66742  38.879067      99.81 6.2201e+02    914.417      21947  1030.4931  1030.4909     4.6740     0.0710     0.1200    34.4475    34.4451    7.98634         25 0.0000e+00
    603.000    595.903     0.2637  29.117937     0.2660  29.118110     4.6730     4.7842     0.0135    98.5338 1.0000e-12  -73.79998 -112.66742  38.879080      99.81 6.2305e+02    915.483      21973  1030.4978  1030.4959     4.6743     0.0705     0.1216    34.4477    34.4454    7.98616         26 0.0000e+00
    604.000    596.890     0.2648  29.119610     0.2668  29.119426     4.6758     4.7888     0.0066    98.5179 1.0000e-12  -73.79998 -112.66742  38.879092      99.82 6.2644e+02    916.564      21999  1030.5028  1030.5007     4.6735     0.0701     0.1233    34.4481    34.4457    7.98592         26 0.0000e+00
    605.000    597.876     0.2651  29.120540     0.2672  29.120393     4.6749     4.7900     0.0069    98.5327 1.0000e-12  -73.79998 -112.66742  38.879105      99.81 6.2387e+02    917.640      22024  1030.5077  1030.5055     4.6742     0.0704     0.1219    34.4484    34.4459    7.98584         26 0.0000e+00
    606.000    598.863     0.2657  29.121578     0.2677  29.121543     4.6756     4.7900     0.0066    98.5417 1.0000e-12  -73.79998 -112.66742  38.879117      99.81 6.2435e+02    918.683      22049  1030.5125  1030.5105     4.6746     0.0720     0.1270    34.4486    34.4462    7.98571         24 0.0000e+00
    607.000    599.850     0.2665  29.123293     0.2685  29.123018     4.6751     4.7885     0.0063    98.5407 1.0000e-12  -73.79998 -112.66742  38.879129      98.06 6.2658e+02    919.733      22075  1030.5177  1030.5155     4.6746     0.0714     0.1258    34.4493    34.4467    7.98550         26 0.0000e+00
    608.000    600.837     0.2669  29.124383     0.2692  29.124328     4.6770     4.7857    -0.0090    98.4836 1.0000e-12  -73.79998 -112.66742  38.879142      78.53 6.2197e+02    920.826      22101  1030.5227  1030.5205     4.6719     0.0686     0.1246    34.4497    34.4471    7.98539         26 0.0000e+00
    609.000    601.823     0.2678  29.125654     0.2700  29.125609     4.6767     4.7848     0.0062    98.5432 1.0000e-12  -73.79998 -112.66742  38.879154      90.57 6.2250e+02    921.905      22127  1030.5274  1030.5253     4.6747     0.0693     0.1233    34.4498    34.4473    7.98520         26 0.0000e+00
    610.000    602.810     0.2685  29.126762     0.2706  29.126669     4.6769     4.7858     0.0066    98.5428 1.0000e-12  -73.79998 -112.66742  38.879166      99.79 6.2618e+02    922.935      22151  1030.5321  1030.5300     4.6747     0.0727     0.1230    34.4499    34.4474    7.98505         24 0.0000e+00
    611.000    603.796     0.2686  29.127497     0.2709  29.127439     4.6793     4.7849    -0.0065    98.5412 1.0000e-12  -73.79998 -112.66742  38.879178      99.81 6.2378e+02    923.959      22176  1030.5371  1030.5349     4.6746     0.0705     0.1232    34.4501    34.4475    7.98501         25 0.0000e+00
    612.000    604.784     0.2695  29.128986     0.2715  29.128686     4.6771     4.7863     0.0040    98.5246 1.0000e-12  -73.79998 -112.66742  38.879190      99.81 6.2130e+02    925.005      22201  1030.5420  1030.5398     4.6738     0.0700     0.1251    34.4505    34.4479    7.98481         25 0.0000e+00
    613.000    605.770     0.2694  29.129484     0.2716  29.129392     4.6739     4.7854     0.0123    98.5507 1.0000e-12  -73.79998 -112.66742  38.879202      99.81 6.2578e+02    926.049      22226  1030.5468  1030.5446     4.6751     0.0705     0.1239    34.4506    34.4481    7.98481         25 0.0000e+00
    614.000    606.757     0.2699  29.130248     0.2720  29.130261     4.6790     4.7920     0.0035    98.4949 1.0000e-12  -73.79998 -112.66742  38.879214      99.82 6.2448e+02    927.076      22251  1030.5514  1030.5494     4.6725     0.0715     0.1243    34.4505    34.4482    7.98472         24 0.0000e+00
    615.000    607.744     0.2703  29.131212     0.2723  29.131045     4.6735     4.7839     0.0036    98.5566 1.0000e-12  -73.79998 -112.66742  38.879225      99.81 6.2107e+02    928.077      22275  1030.5563  1030.5542     4.6753     0.0706     0.1214    34.4508    34.4483    7.98463         24 0.0000e+00
    616.000    608.730     0.2705  29.131921     0.2726  29.131809     4.6730     4.7811     0.0106    98.5428 1.0000e-12  -73.79998 -112.66742  38.879237      99.81 6.2399e+02    929.065      22299  1030.5610  1030.5589     4.6747     0.0716     0.1235    34.4509    34.4484    7.98457         24 0.0000e+00
    617.000    609.718     0.2707  29.132615     0.2729  29.132601     4.6682     4.7829     0.0107    98.5351 1.0000e-12  -73.79998 -112.66742  38.879249      99.81 6.2287e+02    930.071      22323  1030.5658  1030.5637     4.6743     0.0718     0.1241    34.4510    34.4485    7.98453         25 0.0000e+00
    618.000    610.704     0.2709  29.133309     0.2730  29.133213     4.6702     4.7861     0.0069    98.5390 1.0000e-12  -73.79998 -112.66742  38.879260      99.82 6.2122e+02    931.085      22347  1030.5706  1030.5685     4.6745     0.0714     0.1248    34.4511    34.4487    7.98448         23 0.0000e+00
    619.000    611.690     0.2711  29.134010     0.2732  29.133967     4.6732     4.7856     0.0069    98.5158 1.0000e-12  -73.79998 -112.66742  38.879272      99.81 6.2379e+02    932.073      22371  1030.5754  1030.5733     4.6734     0.0708     0.1227    34.4512    34.4488    7.98443         24 0.0000e+00
    620.000    612.678     0.2716  29.134865     0.2736  29.134757     4.6746     4.7874     0.0057    98.5435 1.0000e-12  -73.79998 -112.66742  38.879283      99.81 6.2348e+02    933.048      22394  1030.5800  1030.5780     4.6747     0.0700     0.1240    34.4512    34.4489    7.98433         24 0.0000e+00
    621.000    613.664     0.2719  29.135702     0.2741  29.135645     4.6747     4.7864     0.0000    98.5228 1.0000e-12  -73.79998 -112.66742  38.879294      81.27 6.1936e+02    934.045      22418  1030.5849  1030.5827     4.6738     0.0679     0.1244    34.4514    34.4489    7.98426         24 0.0000e+00
