ocean_section_plots/required_files/ctd/dnbp2202_ctd063.cnv
* Sea-Bird SBE 9 Data File:
* FileName = D:\Data\raw\NBP2202_CTD063.hex
* Software Version Seasave V 7.26.7.121
* Temperature SN = 1649
* Conductivity SN = 2513
* Number of Bytes Per Scan = 40
* Number of Voltage Words = 5
* Number of Scans Averaged by the Deck Unit = 1
* NMEA Latitude = 74 01.46 S
* NMEA Longitude = 111 43.71 W
* NMEA UTC (Time) = Jan 25 2022  13:27:31
* NMEA baud rate = 9600
** Ship: RVIB N.B. Palmer
** Cruise: NBP2202 Thwaites
** Station: 44
** Operator: B.Bjork
# nquan = 25
# nvalues = 400                         
# units = specified
# name 0 = prDM: Pressure, Digiquartz [db]
# name 1 = depSM: Depth [salt water, m]
# name 2 = t090C: Temperature [ITS-90, deg C]
# name 3 = c0mS/cm: Conductivity [mS/cm]
# name 4 = t190C: Temperature, 2 [ITS-90, deg C]
# name 5 = c1mS/cm: Conductivity, 2 [mS/cm]
# name 6 = sbeox0ML/L: Oxygen, SBE 43 [ml/l]
# name 7 = sbeox1ML/L: Oxygen, SBE 43, 2 [ml/l]
# name 8 = flECO-AFL: Fluorescence, WET Labs ECO-AFL/FL [mg/m^3]
# name 9 = CStarTr0: Beam Transmission, WET Labs C-Star [%]
# name 10 = par: PAR/Irradiance, Biospherical/Licor
# name 11 = latitude: Latitude [deg]
# name 12 = longitude: Longitude [deg]
# name 13 = timeJ: Julian Days
# name 14 = altM: Altimeter [m]
# name 15 = spar: SPAR, Biospherical/Licor
# name 16 = timeS: Time, Elapsed [seconds]
# name 17 = scan: Scan Count
# name 18 = density00: Density [density, kg/m^3]
# name 19 = density11: Density, 2 [density, kg/m^3]
# name 20 = sal00: Salinity, Practical [PSU]
# name 21 = sal11: Salinity, Practical, 2 [PSU]
# name 22 = oxsolML/L: Oxygen Saturation, Garcia & Gordon [ml/l]
# name 23 = nbin: number of scans per bin
# name 24 = flag: flag
# span 0 =      5.000,    404.000       
# span 1 =      4.947,    399.433       
# span 2 =    -1.6822,    -0.2982       
# span 3 =  26.871484,  28.471751       
# span 4 =    -1.6829,    -0.2964       
# span 5 =  26.871153,  28.471495       
# span 6 =     5.1693,     9.1159       
# span 7 =     5.3681,     9.5031       
# span 8 =    -0.0220,    29.4203       
# span 9 =    61.5400,    96.1534       
# span 10 = 1.0000e-12, 3.2164e+01      
# span 11 =  -74.02443,  -74.02442      
# span 12 = -111.72866, -111.72860      
# span 13 =  25.562907,  25.569765      
# span 14 =       5.57,     100.22      
# span 15 = 2.5802e+02, 3.2707e+02      
# span 16 =    184.170,    776.722      
# span 17 =       4421,      18642      
# span 18 =  1027.2112,  1029.5108      
# span 19 =  1027.2104,  1029.5087      
# span 20 =    33.8277,    34.3410      
# span 21 =    33.8270,    34.3386      
# span 22 =    8.11028,    8.43930      
# span 23 =         23,         48      
# span 24 = 0.0000e+00, 0.0000e+00      
# interval = decibars: 1                
# start_time = Jan 25 2022 13:27:31 [NMEA time, header]
# bad_flag = -9.990e-29
*END*
[from data line 348]
    353.000    349.051    -0.5074  28.228837    -0.5059  28.228113     5.3392     5.5490    -0.0077    95.8479 1.0000e-12  -74.02442 -111.72860  25.568381      55.77 3.1120e+02    657.144      15772  1029.2326  1029.2303    34.2818    34.2791    8.15844         27 0.0000e+00
    354.000    350.039    -0.5053  28.231731    -0.5036  28.230967     5.3370     5.5483    -0.0080    95.8763 1.0000e-12  -74.02442 -111.72860  25.568395      55.07 3.1115e+02    658.302      15800  1029.2380  1029.2356    34.2827    34.2798    8.15794         28 0.0000e+00
    355.000    351.027    -0.5047  28.232770    -0.5030  28.232155     5.3378     5.5447    -0.0156    95.8583 1.0000e-12  -74.02442 -111.72860  25.568408      53.88 3.1316e+02    659.471      15828  1029.2429  1029.2406    34.2828    34.2800    8.15780         27 0.0000e+00
    356.000    352.016    -0.5042  28.233727    -0.5029  28.232775     5.3446     5.5481    -0.0206    95.8803 1.0000e-12  -74.02442 -111.72860  25.568421      52.98 3.1550e+02    660.610      15856  1029.2478  1029.2456    34.2829    34.2802    8.15769         28 0.0000e+00
    357.000    353.003    -0.5071  28.231468    -0.5060  28.230536     5.3511     5.5576    -0.0090    95.8450 1.0000e-12  -74.02442 -111.72860  25.568435      52.08 3.1641e+02    661.754      15883  1029.2526  1029.2506    34.2826    34.2801    8.15833         27 0.0000e+00
    358.000    353.992    -0.5090  28.230118    -0.5071  28.229977     5.3501     5.5546    -0.0151    95.8499 1.0000e-12  -74.02442 -111.72861  25.568448      50.89 3.1823e+02    662.913      15911  1029.2573  1029.2553    34.2823    34.2799    8.15875         28 0.0000e+00
    359.000    354.980    -0.5130  28.227244    -0.5112  28.226723     5.3409     5.5499    -0.0126    95.8439 1.0000e-12  -74.02442 -111.72860  25.568462      49.91 3.1985e+02    664.108      15940  1029.2625  1029.2603    34.2823    34.2796    8.15961         30 0.0000e+00
    360.000    355.966    -0.5087  28.232267    -0.5068  28.231610     5.3417     5.5488    -0.0075    95.8455 1.0000e-12  -74.02442 -111.72861  25.568477      48.49 3.2114e+02    665.452      15972  1029.2680  1029.2654    34.2836    34.2806    8.15861         35 0.0000e+00
    361.000    356.955    -0.5032  28.238426    -0.5013  28.237864     5.3369     5.5441    -0.0073    95.8646 1.0000e-12  -74.02442 -111.72861  25.568495      48.13 3.2013e+02    666.969      16008  1029.2735  1029.2711    34.2850    34.2822    8.15734         36 0.0000e+00
    362.000    357.943    -0.4928  28.250238    -0.4902  28.249523     5.3145     5.5222    -0.0077    95.8742 1.0000e-12  -74.02442 -111.72862  25.568512      46.90 3.2158e+02    668.459      16044  1029.2803  1029.2770    34.2886    34.2847    8.15491         36 0.0000e+00
    363.000    358.930    -0.4711  28.273190    -0.4694  28.272292     5.3044     5.5202    -0.0051    95.8714 1.0000e-12  -74.02442 -111.72862  25.568533      45.43 3.2336e+02    670.258      16087  1029.2880  1029.2854    34.2943    34.2911    8.14993         48 0.0000e+00
    364.000    359.919    -0.4647  28.280850    -0.4627  28.280249     5.2934     5.5130     0.0023    95.8708 1.0000e-12  -74.02442 -111.72862  25.568557      44.55 3.2263e+02    672.350      16137  1029.2944  1029.2919    34.2967    34.2937    8.14840         43 0.0000e+00
    365.000    360.906    -0.4499  28.296494    -0.4480  28.295633     5.2792     5.4883    -0.0033    95.8656 1.0000e-12  -74.02442 -111.72862  25.568578      43.35 3.2295e+02    674.126      16180  1029.3012  1029.2983    34.3005    34.2971    8.14503         41 0.0000e+00
    366.000    361.895    -0.4174  28.330911    -0.4160  28.329566     5.2650     5.4709    -0.0121    95.8687 1.0000e-12  -74.02442 -111.72862  25.568602      42.54 3.2444e+02    676.233      16231  1029.3106  1029.3079    34.3092    34.3059    8.13754         44 0.0000e+00
    367.000    362.882    -0.4083  28.340340    -0.4064  28.339747     5.2574     5.4647    -0.0047    95.8407 1.0000e-12  -74.02442 -111.72862  25.568626      41.60 3.2250e+02    678.267      16279  1029.3164  1029.3140    34.3110    34.3081    8.13549         41 0.0000e+00
    368.000    363.870    -0.4043  28.344916    -0.4023  28.344553     5.2548     5.4623    -0.0082    95.8246 1.0000e-12  -74.02442 -111.72862  25.568648      40.72 3.2180e+02    680.209      16326  1029.3221  1029.3197    34.3121    34.3093    8.13459         44 0.0000e+00
    369.000    364.856    -0.4024  28.347736    -0.3997  28.348075     5.2511     5.4599    -0.0009    95.8326 1.0000e-12  -74.02442 -111.72862  25.568671      39.82 3.2106e+02    682.194      16374  1029.3277  1029.3254    34.3130    34.3104    8.13411         33 0.0000e+00
    370.000    365.846    -0.3924  28.359032    -0.3913  28.357701     5.2450     5.4539    -0.0059    95.8152 1.0000e-12  -74.02442 -111.72862  25.568696      38.92 3.1911e+02    684.325      16425  1029.3345  1029.3320    34.3163    34.3133    8.13180         39 0.0000e+00
    371.000    366.834    -0.3875  28.364461    -0.3857  28.363898     5.2470     5.4523    -0.0075    95.8132 1.0000e-12  -74.02442 -111.72862  25.568718      37.76 3.1852e+02    686.265      16471  1029.3400  1029.3376    34.3174    34.3146    8.13068         40 0.0000e+00
    372.000    367.821    -0.3867  28.365871    -0.3849  28.365231     5.2481     5.4553    -0.0081    95.8184 1.0000e-12  -74.02442 -111.72862  25.568741      36.90 3.1785e+02    688.232      16519  1029.3451  1029.3428    34.3178    34.3150    8.13048         41 0.0000e+00
    373.000    368.809    -0.3855  28.367469    -0.3838  28.366911     5.2525     5.4490    -0.0077    95.8095 1.0000e-12  -74.02442 -111.72862  25.568767      35.99 3.1564e+02    690.489      16573  1029.3501  1029.3479    34.3180    34.3153    8.13022         38 0.0000e+00
    374.000    369.799    -0.3801  28.374155    -0.3781  28.373634     5.2467     5.4463    -0.0069    95.7511 1.0000e-12  -74.02442 -111.72862  25.568788      35.16 3.1432e+02    692.261      16615  1029.3563  1029.3539    34.3203    34.3173    8.12894         38 0.0000e+00
    375.000    370.785    -0.3755  28.379425    -0.3744  28.378290     5.2424     5.4391    -0.0129    95.8030 1.0000e-12  -74.02442 -111.72862  25.568815      33.98 3.1293e+02    694.589      16671  1029.3619  1029.3596    34.3216    34.3188    8.12788         39 0.0000e+00
    376.000    371.772    -0.3697  28.386184    -0.3679  28.385507     5.2352     5.4417    -0.0091    95.8034 1.0000e-12  -74.02442 -111.72862  25.568838      33.29 3.0921e+02    696.639      16720  1029.3678  1029.3653    34.3234    34.3205    8.12653         41 0.0000e+00
    377.000    372.762    -0.3667  28.389721    -0.3644  28.389612     5.2327     5.4353    -0.0087    95.8193 1.0000e-12  -74.02442 -111.72862  25.568863      32.60 3.0752e+02    698.731      16771  1029.3730  1029.3707    34.3242    34.3215    8.12585         43 0.0000e+00
    378.000    373.750    -0.3633  28.393718    -0.3620  28.392617     5.2219     5.4350    -0.0104    95.7936 1.0000e-12  -74.02442 -111.72862  25.568886      31.47 3.0563e+02    700.743      16819  1029.3783  1029.3759    34.3250    34.3221    8.12507         43 0.0000e+00
    379.000    374.737    -0.3591  28.398546    -0.3575  28.397724     5.2147     5.4230    -0.0064    95.8164 1.0000e-12  -74.02442 -111.72862  25.568911      30.25 3.0276e+02    702.929      16871  1029.3837  1029.3813    34.3262    34.3233    8.12411         42 0.0000e+00
    380.000    375.726    -0.3444  28.414661    -0.3412  28.415117     5.2120     5.4159    -0.0019    95.7697 1.0000e-12  -74.02442 -111.72862  25.568935      29.35 3.0020e+02    704.966      16920  1029.3909  1029.3883    34.3306    34.3276    8.12073         36 0.0000e+00
    381.000    376.710    -0.3374  28.421787    -0.3356  28.421397     5.2006     5.4079    -0.0040    95.8112 1.0000e-12  -74.02442 -111.72862  25.568958      28.55 2.9833e+02    706.942      16968  1029.3961  1029.3939    34.3317    34.3291    8.11918         31 0.0000e+00
    382.000    377.700    -0.3287  28.431171    -0.3268  28.430762     5.1948     5.3936    -0.0068    95.8194 1.0000e-12  -74.02442 -111.72863  25.568985      27.65 2.9489e+02    709.317      17025  1029.4020  1029.3997    34.3338    34.3310    8.11720         38 0.0000e+00
    383.000    378.688    -0.3212  28.439103    -0.3193  28.438448     5.1874     5.3914    -0.0012    95.8105 1.0000e-12  -74.02442 -111.72863  25.569006      26.78 2.9304e+02    711.159      17069  1029.4076  1029.4050    34.3353    34.3323    8.11551         43 0.0000e+00
    384.000    379.675    -0.3140  28.446813    -0.3131  28.445303     5.1819     5.3868    -0.0034    95.8047 1.0000e-12  -74.02442 -111.72863  25.569033      25.69 2.9140e+02    713.464      17124  1029.4132  1029.4106    34.3369    34.3338    8.11389         38 0.0000e+00
    385.000    380.664    -0.3103  28.450704    -0.3083  28.450428     5.1814     5.3855     0.0059    95.7909 1.0000e-12  -74.02442 -111.72864  25.569055      24.65 2.8918e+02    715.330      17169  1029.4181  1029.4158    34.3373    34.3347    8.11307         37 0.0000e+00
    386.000    381.650    -0.3091  28.452540    -0.3069  28.452406     5.1753     5.3815    -0.0035    95.8052 1.0000e-12  -74.02442 -111.72864  25.569079      23.67 2.8735e+02    717.428      17219  1029.4233  1029.4210    34.3378    34.3352    8.11279         38 0.0000e+00
    387.000    382.640    -0.3051  28.457021    -0.3029  28.456811     5.1787     5.3794    -0.0070    95.8153 1.0000e-12  -74.02442 -111.72863  25.569103      22.66 2.8577e+02    719.460      17268  1029.4285  1029.4262    34.3387    34.3360    8.11189         41 0.0000e+00
    388.000    383.628    -0.3049  28.457901    -0.3027  28.457805     5.1785     5.3828    -0.0048    95.8029 1.0000e-12  -74.02442 -111.72864  25.569125      21.68 2.8489e+02    721.407      17315  1029.4336  1029.4313    34.3390    34.3364    8.11182         35 0.0000e+00
    389.000    384.615    -0.3041  28.459166    -0.3019  28.459068     5.1784     5.3741    -0.0074    95.7939 1.0000e-12  -74.02442 -111.72864  25.569150      20.80 2.8354e+02    723.595      17367  1029.4385  1029.4363    34.3392    34.3366    8.11164         47 0.0000e+00
    390.000    385.604    -0.3035  28.460297    -0.3014  28.460031     5.1755     5.3812    -0.0142    95.7586 1.0000e-12  -74.02442 -111.72863  25.569178      19.63 2.8208e+02    725.980      17425  1029.4434  1029.4412    34.3395    34.3368    8.11150         35 0.0000e+00
    391.000    386.589    -0.3036  28.460635    -0.3015  28.460351     5.1786     5.3808    -0.0030    95.7713 1.0000e-12  -74.02442 -111.72862  25.569208      18.65 2.8162e+02    728.607      17488  1029.4482  1029.4460    34.3394    34.3367    8.11151         35 0.0000e+00
    392.000    387.579    -0.3029  28.461858    -0.3011  28.461238     5.1776     5.3771    -0.0110    95.7674 1.0000e-12  -74.02442 -111.72862  25.569243      17.59 2.8068e+02    731.632      17560  1029.4531  1029.4508    34.3396    34.3368    8.11135         35 0.0000e+00
    393.000    388.566    -0.3019  28.463254    -0.3001  28.462867     5.1774     5.3715    -0.0009    95.7887 1.0000e-12  -74.02442 -111.72862  25.569275      16.71 2.8095e+02    734.381      17626  1029.4580  1029.4558    34.3398    34.3372    8.11114         36 0.0000e+00
    394.000    389.553    -0.3014  28.464229    -0.2994  28.464027     5.1775     5.3747    -0.0060    95.7866 1.0000e-12  -74.02442 -111.72862  25.569310      15.80 2.8259e+02    737.349      17697  1029.4628  1029.4607    34.3400    34.3374    8.11102         37 0.0000e+00
    395.000    390.540    -0.3007  28.465577    -0.2988  28.465077     5.1725     5.3764    -0.0146    95.7751 1.0000e-12  -74.02442 -111.72862  25.569339      14.69 2.8307e+02    739.894      17758  1029.4678  1029.4655    34.3403    34.3375    8.11085         34 0.0000e+00
    396.000    391.530    -0.2999  28.466813    -0.2982  28.466297     5.1749     5.3757    -0.0072    95.7773 1.0000e-12  -74.02443 -111.72862  25.569373      13.83 2.8564e+02    742.835      17829  1029.4727  1029.4705    34.3405    34.3379    8.11068         39 0.0000e+00
    397.000    392.519    -0.2996  28.467620    -0.2980  28.467046     5.1719     5.3717    -0.0091    95.7890 1.0000e-12  -74.02443 -111.72862  25.569408      12.84 2.8603e+02    745.845      17901  1029.4775  1029.4753    34.3407    34.3380    8.11060         36 0.0000e+00
    398.000    393.505    -0.3000  28.467533    -0.2983  28.467161     5.1732     5.3742    -0.0130    95.7894 1.0000e-12  -74.02443 -111.72862  25.569441      11.77 2.8749e+02    748.723      17970  1029.4821  1029.4800    34.3404    34.3379    8.11070         43 0.0000e+00
    399.000    394.492    -0.3000  28.468004    -0.2983  28.467435     5.1693     5.3749    -0.0021    95.7844 1.0000e-12  -74.02443 -111.72863  25.569476      10.82 2.8914e+02    751.722      18042  1029.4868  1029.4846    34.3403    34.3378    8.11069         39 0.0000e+00
    400.000    395.479    -0.2998  28.468663    -0.2971  28.469384     5.1731     5.3720    -0.0081    95.7764 1.0000e-12  -74.02443 -111.72864  25.569506       9.86 2.8990e+02    754.314      18105  1029.4917  1029.4897    34.3405    34.3383    8.11065         38 0.0000e+00
    401.000    396.470    -0.2995  28.469503    -0.2975  28.469202     5.1732     5.3702    -0.0072    95.7792 1.0000e-12  -74.02443 -111.72864  25.569541       8.78 2.9086e+02    757.341      18177  1029.4965  1029.4943    34.3406    34.3380    8.11057         43 0.0000e+00
    402.000    397.457    -0.2992  28.470252    -0.2973  28.469990     5.1721     5.3794    -0.0092    95.7803 1.0000e-12  -74.02443 -111.72864  25.569574       7.79 2.9088e+02    760.225      18246  1029.5012  1029.4991    34.3407    34.3382    8.11051         37 0.0000e+00
    403.000    398.444    -0.2982  28.471751    -0.2964  28.471495     5.1717     5.3681    -0.0029    95.7795 1.0000e-12  -74.02443 -111.72864  25.569607       6.80 2.9120e+02    763.060      18314  1029.5061  1029.5041    34.3410    34.3386    8.11028         41 0.0000e+00
    404.000    399.433    -0.2987  28.471647    -0.2972  28.470996     5.1731     5.3753    -0.0080    95.7678 1.0000e-12  -74.02442 -111.72864  25.569765       5.57 2.9321e+02    776.722      18642  1029.5108  1029.5087    34.3408    34.3383    8.11040         46 0.0000e+00
