ocean_section_plots/required_files/ctd/dnbp2202_ctd170.cnv
* Sea-Bird SBE 9 Data File:
* FileName = D:\Data\raw\NBP2202_CTD170.hex
* Software Version Seasave V 7.26.7.121
* Temperature SN = 1649
* Conductivity SN = 2513
* Number of Bytes Per Scan = 40
* Number of Voltage Words = 5
* Number of Scans Averaged by the Deck Unit = 1
* NMEA Latitude = 74 11.43 S
* NMEA Longitude = 110 25.40 W
* NMEA UTC (Time) = Feb 03 2022  13:37:23
* NMEA baud rate = 9600
** Ship: RVIB N.B. Palmer
** Cruise: NBP2202 Thwaites
** Station: 92
** Operator: B Bjork
# nquan = 28
# nvalues = 203                         
# units = specified
# name 0 = prDM: Pressure, Digiquartz [db]
# name 1 = depSM: Depth [salt water, m]
# name 2 = t090C: Temperature [ITS-90, deg C]
# name 3 = c0mS/cm: Conductivity [mS/cm]
# name 4 = t190C: Temperature, 2 [ITS-90, deg C]
# name 5 = c1mS/cm: Conductivity, 2 [mS/cm]
# name 6 = sbeox0ML/L: Oxygen, SBE 43 [ml/l]
# name 7 = sbeox1ML/L: Oxygen, SBE 43, 2 [ml/l]
# name 8 = flECO-AFL: Fluorescence, WET Labs ECO-AFL/FL [mg/m^3]
# name 9 = CStarTr0: Beam Transmission, WET Labs C-Star [%]
# name 10 = par: PAR/Irradiance, Biospherical/Licor
# name 11 = latitude: Latitude [deg]
# name 12 = longitude: Longitude [deg]
# name 13 = timeJ: Julian Days
# name 14 = altM: Altimeter [m]
# name 15 = spar: SPAR, Biospherical/Licor
# name 16 = timeS: Time, Elapsed [seconds]
# name 17 = scan: Scan Count
# name 18 = density00: Density [density, kg/m^3]
# name 19 = density11: Density, 2 [density, kg/m^3]
# name 20 = v3: Voltage 3
# name 21 = v4: Voltage 4
# name 22 = v5: Voltage 5
# name 23 = sal00: Salinity, Practical [PSU]
# name 24 = sal11: Salinity, Practical, 2 [PSU]
# name 25 = oxsolML/L: Oxygen Saturation, Garcia & Gordon [ml/l]
# name 26 = nbin: number of scans per bin
# name 27 = flag: flag
# span 0 =      1.000,    203.000       
# span 1 =      0.970,    200.792       
# span 2 =    -1.4344,    -1.1958       
# span 3 =  26.960718,  27.396128       
# span 4 =    -1.4334,    -1.1944       
# span 5 =  26.960401,  27.396333       
# span 6 =     5.6585,     6.7147       
# span 7 =     5.7962,     6.8373       
# span 8 =    -0.0224,     5.7925       
# span 9 =    89.2433,    99.0094       
# span 10 = 1.0000e-12, 1.9332e+02      
# span 11 =  -74.19064,  -74.19042      
# span 12 = -110.42344, -110.42313      
# span 13 =  34.570766,  34.574579      
# span 14 =       4.11,     100.00      
# span 15 = 1.5161e+03, 1.5402e+03      
# span 16 =    271.167,    600.653      
# span 17 =       6509,      14417      
# span 18 =  1027.1830,  1028.3436      
# span 19 =  1027.1822,  1028.3421      
# span 20 =     4.2334,     4.6968      
# span 21 =     0.0641,     0.9348      
# span 22 =     0.1211,     0.1810      
# span 23 =    33.7788,    34.0254      
# span 24 =    33.7779,    34.0231      
# span 25 =    8.32399,    8.38693      
# span 26 =          5,         51      
# span 27 = 0.0000e+00, 0.0000e+00      
# interval = decibars: 1                
# start_time = Feb 03 2022 13:37:23 [NMEA time, header]
# bad_flag = -9.990e-29
*END*
      1.000      0.970    -1.3919  26.965279    -1.3920  26.964650     6.6748     6.2857     4.1249    90.1973 1.9332e+02  -74.19061 -110.42344  34.570766      69.05 1.5232e+03    271.167       6509  1027.1830  1027.1822     4.2728     0.4436     0.1489    33.7803    33.7796    8.38236          5 0.0000e+00
      2.000      1.978    -1.3958  26.962943    -1.3941  26.963723     6.6469     6.2646     3.6903    89.5606 1.0074e+02  -74.19063 -110.42344  34.570885      98.86 1.5239e+03    281.489       6757  1027.1882  1027.1876     4.2492     0.6262     0.1520    33.7809    33.7801    8.38320         35 0.0000e+00
      3.000      2.969    -1.3996  26.960718    -1.3991  26.960401     6.6574     6.3035     3.7804    90.1847 7.7810e+01  -74.19063 -110.42344  34.570926      82.78 1.5233e+03    285.011       6841  1027.1937  1027.1930     4.2788     0.6166     0.1489    33.7815    33.7806    8.38402         37 0.0000e+00
      4.000      3.959    -1.3953  26.963852    -1.3947  26.963819     6.6854     6.4007     3.6939    90.7274 6.3329e+01  -74.19062 -110.42344  34.570957      91.60 1.5219e+03    287.670       6905  1027.1974  1027.1968     4.3042     0.4797     0.1468    33.7804    33.7797    8.38314         46 0.0000e+00
      5.000      4.949    -1.3959  26.963744    -1.3943  26.964340     6.6858     6.5009     3.2530    89.7056 5.2097e+01  -74.19062 -110.42344  34.570985      96.84 1.5242e+03    290.114       6964  1027.2021  1027.2012     4.2564     0.5976     0.1427    33.7803    33.7792    8.38327         36 0.0000e+00
      6.000      5.938    -1.3891  26.969400    -1.3884  26.969082     6.7067     6.5878     2.9620    90.2593 4.3968e+01  -74.19062 -110.42344  34.571012      99.76 1.5235e+03    292.412       7019  1027.2061  1027.2051     4.2826     0.5393     0.1440    33.7797    33.7785    8.38177         43 0.0000e+00
      7.000      6.928    -1.3887  26.969885    -1.3873  26.970339     6.7147     6.6816     2.8403    90.5494 3.7438e+01  -74.19062 -110.42344  34.571038      99.85 1.5238e+03    294.651       7073  1027.2106  1027.2098     4.2955     0.5960     0.1502    33.7793    33.7784    8.38170         46 0.0000e+00
      8.000      7.917    -1.3888  26.970015    -1.3875  26.970364     6.7090     6.7343     3.0641    90.7291 3.1798e+01  -74.19063 -110.42344  34.571063      99.85 1.5228e+03    296.846       7125  1027.2152  1027.2143     4.3042     0.5783     0.1467    33.7790    33.7779    8.38176         48 0.0000e+00
      9.000      8.906    -1.3853  26.973750    -1.3838  26.974158     6.6949     6.7836     2.8057    89.5227 2.6970e+01  -74.19064 -110.42344  34.571087      99.85 1.5222e+03    298.930       7175  1027.2203  1027.2193     4.2470     0.5839     0.1417    33.7795    33.7783    8.38092         44 0.0000e+00
     10.000      9.897    -1.3779  26.979805    -1.3771  26.979948     6.6992     6.8165     4.0625    90.1138 2.2972e+01  -74.19064 -110.42344  34.571110      99.87 1.5209e+03    300.895       7222  1027.2241  1027.2236     4.2747     0.5014     0.1408    33.7788    33.7781    8.37930         40 0.0000e+00
     11.000     10.886    -1.3755  26.982123    -1.3749  26.982199     6.6972     6.8303     3.7937    89.8183 1.9577e+01  -74.19064 -110.42344  34.571132      99.65 1.5181e+03    302.829       7269  1027.2288  1027.2283     4.2611     0.4930     0.1457    33.7788    33.7781    8.37878         41 0.0000e+00
     12.000     11.876    -1.3755  26.982912    -1.3749  26.982779     6.6850     6.8373     3.0922    89.9466 1.6715e+01  -74.19062 -110.42344  34.571155      99.86 1.5162e+03    304.833       7317  1027.2341  1027.2334     4.2665     0.5517     0.1453    33.7791    33.7784    8.37874         44 0.0000e+00
     13.000     12.864    -1.3759  26.983373    -1.3751  26.983251     6.6668     6.8240     3.4921    89.3904 1.4329e+01  -74.19062 -110.42342  34.571180      99.86 1.5161e+03    306.958       7368  1027.2393  1027.2385     4.2406     0.5263     0.1481    33.7796    33.7786    8.37881         44 0.0000e+00
     14.000     13.854    -1.3767  26.983872    -1.3764  26.983649     6.5895     6.7712     3.9391    89.6275 1.2339e+01  -74.19062 -110.42342  34.571206      99.86 1.5179e+03    309.202       7422  1027.2450  1027.2445     4.2520     0.5341     0.1466    33.7806    33.7799    8.37893         43 0.0000e+00
     15.000     14.845    -1.3790  26.985375    -1.3787  26.984355     6.5787     6.7538     4.2308    89.2433 1.0719e+01  -74.19062 -110.42341  34.571232      99.85 1.5204e+03    311.463       7476  1027.2533  1027.2519     4.2334     0.5933     0.1419    33.7846    33.7829    8.37921         44 0.0000e+00
     16.000     15.834    -1.3788  26.985591    -1.3782  26.985396     6.5237     6.7036     3.8764    89.7495 9.3261e+00  -74.19062 -110.42340  34.571257      99.77 1.5214e+03    313.618       7528  1027.2577  1027.2569     4.2579     0.8190     0.1448    33.7841    33.7832    8.37920         42 0.0000e+00
     17.000     16.823    -1.3785  26.988935    -1.3780  26.988347     6.4749     6.6548     4.8079    90.6130 8.1250e+00  -74.19062 -110.42339  34.571281      96.18 1.5214e+03    315.662       7577  1027.2653  1027.2642     4.2984     0.6078     0.1439    33.7877    33.7863    8.37891         39 0.0000e+00
     18.000     17.814    -1.3769  26.992500    -1.3762  26.992419     6.3226     6.5047     5.7925    90.6056 7.0937e+00  -74.19062 -110.42338  34.571304      99.73 1.5202e+03    317.627       7624  1027.2721  1027.2713     4.2980     0.8065     0.1498    33.7901    33.7893    8.37840         39 0.0000e+00
     19.000     18.802    -1.3695  27.007213    -1.3683  27.007358     6.1201     6.3131     5.1685    90.4820 6.2917e+00  -74.19062 -110.42338  34.571326      99.72 1.5182e+03    319.580       7671  1027.2856  1027.2846     4.2922     0.9348     0.1439    33.8014    33.8003    8.37607         40 0.0000e+00
     20.000     19.793    -1.3773  27.007147    -1.3785  27.006446     5.9648     6.1504     4.2284    91.9733 5.6288e+00  -74.19062 -110.42336  34.571350      99.81 1.5182e+03    321.599       7719  1027.2976  1027.2979     4.3629     0.6996     0.1423    33.8095    33.8099    8.37734         40 0.0000e+00
     21.000     20.781    -1.3990  26.995649    -1.3995  26.995521     5.8768     6.0648     3.3386    93.6681 5.0844e+00  -74.19062 -110.42336  34.571374      99.77 1.5193e+03    323.699       7770  1027.3102  1027.3106     4.4436     0.8087     0.1381    33.8177    33.8181    8.38174         38 0.0000e+00
     22.000     21.771    -1.4014  26.995209    -1.4008  26.995113     5.8937     6.0667     1.7795    94.4435 4.7690e+00  -74.19062 -110.42335  34.571398      99.86 1.5202e+03    325.808       7820  1027.3162  1027.3155     4.4803     0.5333     0.1372    33.8192    33.8183    8.38220         46 0.0000e+00
     23.000     22.761    -1.4018  26.995774    -1.4008  26.995790     5.9076     6.0722     1.5229    96.0082 4.5563e+00  -74.19062 -110.42333  34.571422      97.76 1.5214e+03    327.870       7870  1027.3214  1027.3205     4.5548     0.3493     0.1375    33.8198    33.8187    8.38224         42 0.0000e+00
     24.000     23.751    -1.4009  26.997368    -1.3999  26.997371     5.9138     6.0718     1.3458    96.7950 4.3225e+00  -74.19061 -110.42332  34.571445      99.93 1.5236e+03    329.844       7917  1027.3265  1027.3256     4.5918     0.3036     0.1320    33.8203    33.8192    8.38200         41 0.0000e+00
     25.000     24.740    -1.4005  26.998323    -1.3997  26.998273     5.9200     6.0697     1.5363    96.5788 4.1067e+00  -74.19060 -110.42331  34.571467      99.91 1.5239e+03    331.736       7963  1027.3314  1027.3307     4.5816     0.3031     0.1332    33.8206    33.8196    8.38191         36 0.0000e+00
     26.000     25.729    -1.4001  26.999387    -1.3992  26.999409     5.9197     6.0677     1.6658    96.8079 3.9195e+00  -74.19060 -110.42330  34.571488      99.91 1.5221e+03    333.606       8008  1027.3365  1027.3356     4.5924     0.2774     0.1325    33.8209    33.8199    8.38179         42 0.0000e+00
     27.000     26.718    -1.3997  27.000403    -1.3989  27.000292     5.9175     6.0642     1.5089    96.6338 3.7534e+00  -74.19060 -110.42328  34.571510      99.91 1.5214e+03    335.487       8053  1027.3416  1027.3406     4.5842     0.2684     0.1340    33.8213    33.8202    8.38169         44 0.0000e+00
     28.000     27.709    -1.3996  27.001163    -1.3989  27.001140     5.9025     6.0453     1.7609    96.6600 3.5901e+00  -74.19060 -110.42328  34.571532      99.92 1.5231e+03    337.367       8098  1027.3466  1027.3458     4.5854     0.2414     0.1317    33.8216    33.8207    8.38164         45 0.0000e+00
     29.000     28.698    -1.4011  27.002029    -1.4003  27.001993     5.8783     6.0236     1.9381    96.6053 3.4353e+00  -74.19060 -110.42327  34.571554      99.93 1.5243e+03    339.298       8144  1027.3532  1027.3525     4.5825     0.2322     0.1340    33.8238    33.8229    8.38184         41 0.0000e+00
     30.000     29.689    -1.4019  27.003514    -1.4013  27.003445     5.8644     6.0082     1.3652    96.5682 3.2991e+00  -74.19059 -110.42325  34.571577      98.30 1.5248e+03    341.269       8191  1027.3600  1027.3593     4.5811     0.2462     0.1337    33.8261    33.8253    8.38189         35 0.0000e+00
     31.000     30.677    -1.4044  27.003373    -1.4035  27.003364     5.8532     6.0021     1.0717    96.8347 3.1591e+00  -74.19058 -110.42324  34.571600      99.59 1.5262e+03    343.223       8238  1027.3665  1027.3657     4.5937     0.2231     0.1297    33.8282    33.8271    8.38233         37 0.0000e+00
     32.000     31.665    -1.4064  27.002872    -1.4057  27.002778     5.8422     5.9899     1.2322    97.2439 3.0277e+00  -74.19058 -110.42323  34.571622      99.91 1.5260e+03    345.156       8285  1027.3723  1027.3715     4.6132     0.1802     0.1301    33.8292    33.8282    8.38273         37 0.0000e+00
     33.000     32.656    -1.4087  27.002228    -1.4078  27.002129     5.8296     5.9738     1.1136    97.1072 2.9035e+00  -74.19058 -110.42322  34.571644      99.92 1.5258e+03    347.079       8331  1027.3780  1027.3771     4.6067     0.2564     0.1320    33.8302    33.8291    8.38318         38 0.0000e+00
     34.000     33.645    -1.4099  27.002196    -1.4088  27.002151     5.8286     5.9703     1.1345    97.2250 2.7831e+00  -74.19056 -110.42320  34.571666      99.92 1.5267e+03    348.985       8377  1027.3834  1027.3824     4.6123     0.2178     0.1301    33.8309    33.8296    8.38340         37 0.0000e+00
     35.000     34.634    -1.4119  27.001777    -1.4108  27.001661     5.8074     5.9578     1.2786    97.3487 2.6692e+00  -74.19056 -110.42320  34.571689      99.93 1.5266e+03    350.906       8423  1027.3891  1027.3880     4.6181     0.2236     0.1330    33.8319    33.8306    8.38379         41 0.0000e+00
     36.000     35.624    -1.4143  27.001345    -1.4131  27.001269     5.7917     5.9445     0.7919    97.5820 2.5585e+00  -74.19056 -110.42318  34.571711      99.93 1.5291e+03    352.854       8469  1027.3953  1027.3941     4.6290     0.1980     0.1302    33.8334    33.8320    8.38424         40 0.0000e+00
     37.000     36.613    -1.4153  27.001557    -1.4144  27.001486     5.7906     5.9398     0.8667    97.4239 2.4534e+00  -74.19056 -110.42318  34.571734      99.92 1.5300e+03    354.789       8516  1027.4008  1027.3998     4.6216     0.2073     0.1302    33.8342    33.8331    8.38442         40 0.0000e+00
     38.000     37.604    -1.4159  27.002472    -1.4151  27.002189     5.7912     5.9368     0.5323    97.7974 2.3498e+00  -74.19056 -110.42316  34.571756      99.93 1.5302e+03    356.716       8562  1027.4066  1027.4056     4.6394     0.1610     0.1306    33.8356    33.8343    8.38448         38 0.0000e+00
     39.000     38.593    -1.4157  27.004939    -1.4149  27.004815     5.7884     5.9339     0.5629    97.9712 2.2519e+00  -74.19055 -110.42316  34.571778      99.93 1.5305e+03    358.629       8608  1027.4135  1027.4126     4.6476     0.1562     0.1310    33.8381    33.8371    8.38428         40 0.0000e+00
     40.000     39.582    -1.4170  27.004921    -1.4164  27.004717     5.7953     5.9365     0.4472    97.8934 2.1636e+00  -74.19054 -110.42315  34.571800      99.92 1.5318e+03    360.510       8653  1027.4190  1027.4182     4.6439     0.1908     0.1294    33.8390    33.8380    8.38453         41 0.0000e+00
     41.000     40.570    -1.4184  27.004647    -1.4176  27.004443     5.8029     5.9420     0.5295    98.1596 2.0797e+00  -74.19054 -110.42314  34.571821      99.93 1.5310e+03    362.361       8698  1027.4243  1027.4234     4.6565     0.1558     0.1296    33.8395    33.8384    8.38480         39 0.0000e+00
     42.000     41.560    -1.4204  27.003820    -1.4194  27.003880     5.7994     5.9385     0.4634    98.2872 2.0018e+00  -74.19054 -110.42314  34.571843      99.94 1.5309e+03    364.224       8742  1027.4297  1027.4287     4.6625     0.1546     0.1290    33.8400    33.8390    8.38523         36 0.0000e+00
     43.000     42.548    -1.4288  27.002922    -1.4287  27.002631     5.7729     5.9127     0.6596    98.1807 1.9303e+00  -74.19053 -110.42313  34.571864      99.93 1.5314e+03    366.086       8787  1027.4411  1027.4408     4.6576     0.1341     0.1285    33.8477    33.8472    8.38666         35 0.0000e+00
     44.000     43.539    -1.4308  27.003859    -1.4297  27.003881     5.7531     5.8942     0.4585    98.3944 1.8601e+00  -74.19052 -110.42313  34.571886      98.23 1.5305e+03    367.928       8831  1027.4483  1027.4473     4.6676     0.1368     0.1304    33.8506    33.8494    8.38693         39 0.0000e+00
     45.000     44.530    -1.4307  27.005046    -1.4295  27.005304     5.7416     5.8849     0.5718    98.3160 1.7865e+00  -74.19052 -110.42313  34.571907     100.00 1.5298e+03    369.793       8876  1027.4538  1027.4530     4.6639     0.1328     0.1298    33.8515    33.8505    8.38685         34 0.0000e+00
     46.000     45.518    -1.4305  27.006232    -1.4294  27.006152     5.7318     5.8775     0.5203    98.3532 1.7184e+00  -74.19052 -110.42313  34.571929      99.93 1.5308e+03    371.691       8922  1027.4592  1027.4581     4.6657     0.1513     0.1290    33.8523    33.8510    8.38678         46 0.0000e+00
     47.000     46.508    -1.4306  27.006860    -1.4294  27.006946     5.7216     5.8662     0.4317    98.4105 1.6519e+00  -74.19051 -110.42313  34.571951      99.94 1.5309e+03    373.602       8967  1027.4643  1027.4631     4.6684     0.1354     0.1271    33.8527    33.8513    8.38678         42 0.0000e+00
     48.000     47.498    -1.4304  27.008218    -1.4293  27.008274     5.6879     5.8359     0.4081    98.2818 1.5895e+00  -74.19050 -110.42313  34.571972      99.93 1.5317e+03    375.404       9011  1027.4699  1027.4689     4.6623     0.1161     0.1277    33.8537    33.8525    8.38667         37 0.0000e+00
     49.000     48.487    -1.4302  27.011471    -1.4293  27.011519     5.6632     5.8156     0.3441    98.2581 1.5294e+00  -74.19050 -110.42313  34.571991      99.93 1.5330e+03    377.032       9050  1027.4776  1027.4767     4.6611     0.1288     0.1281    33.8573    33.8563    8.38641         32 0.0000e+00
     50.000     49.477    -1.4299  27.012829    -1.4290  27.012885     5.6588     5.8037     0.3103    98.1314 1.4698e+00  -74.19050 -110.42314  34.572008      99.94 1.5344e+03    378.507       9085  1027.4831  1027.4823     4.6555     0.1464     0.1270    33.8582    33.8573    8.38629         35 0.0000e+00
     51.000     50.466    -1.4296  27.014439    -1.4285  27.014537     5.6608     5.8056     0.4181    98.3995 1.4131e+00  -74.19050 -110.42314  34.572025      99.93 1.5353e+03    379.957       9120  1027.4889  1027.4879     4.6679     0.1386     0.1265    33.8595    33.8583    8.38614         35 0.0000e+00
