ocean_section_plots/required_files/ctd/dnbp2202_ctd240.cnv
* Sea-Bird SBE 9 Data File:
* FileName = D:\Data\raw\NBP2202_CTD240.hex
* Software Version Seasave V 7.26.7.121
* Temperature SN = 1649
* Conductivity SN = 2513
* Number of Bytes Per Scan = 40
* Number of Voltage Words = 5
* Number of Scans Averaged by the Deck Unit = 1
* NMEA Latitude = 73 58.56 S
* NMEA Longitude = 118 30.32 W
* NMEA UTC (Time) = Feb 14 2022  14:40:11
* NMEA baud rate = 9600
** Ship: RVIB N.B. Palmer
** Cruise: NBP2202 Thwaites
** Station: 150
** Operator: B. Bjork
# nquan = 28
# nvalues = 1351                        
# units = specified
# name 0 = prDM: Pressure, Digiquartz [db]
# name 1 = depSM: Depth [salt water, m]
# name 2 = t090C: Temperature [ITS-90, deg C]
# name 3 = c0mS/cm: Conductivity [mS/cm]
# name 4 = t190C: Temperature, 2 [ITS-90, deg C]
# name 5 = c1mS/cm: Conductivity, 2 [mS/cm]
# name 6 = sbeox0ML/L: Oxygen, SBE 43 [ml/l]
# name 7 = sbeox1ML/L: Oxygen, SBE 43, 2 [ml/l]
# name 8 = flECO-AFL: Fluorescence, WET Labs ECO-AFL/FL [mg/m^3]
# name 9 = CStarTr0: Beam Transmission, WET Labs C-Star [%]
# name 10 = par: PAR/Irradiance, Biospherical/Licor
# name 11 = latitude: Latitude [deg]
# name 12 = longitude: Longitude [deg]
# name 13 = timeJ: Julian Days
# name 14 = altM: Altimeter [m]
# name 15 = spar: SPAR, Biospherical/Licor
# name 16 = timeS: Time, Elapsed [seconds]
# name 17 = scan: Scan Count
# name 18 = density00: Density [density, kg/m^3]
# name 19 = density11: Density, 2 [density, kg/m^3]
# name 20 = v3: Voltage 3
# name 21 = v4: Voltage 4
# name 22 = v5: Voltage 5
# name 23 = sal00: Salinity, Practical [PSU]
# name 24 = sal11: Salinity, Practical, 2 [PSU]
# name 25 = oxsolML/L: Oxygen Saturation, Garcia & Gordon [ml/l]
# name 26 = nbin: number of scans per bin
# name 27 = flag: flag
# span 0 =      2.000,   1352.000       
# span 1 =      1.983,   1333.690       
# span 2 =    -1.7528,     0.7493       
# span 3 =  26.926012,  29.966168       
# span 4 =    -1.7525,     0.7516       
# span 5 =  26.926399,  29.966580       
# span 6 =     4.6003,     9.2245       
# span 7 =     4.7161,     9.6203       
# span 8 =    -0.0150,    11.1810       
# span 9 =    85.2639,    97.5989       
# span 10 = 1.0000e-12, 1.0538e+02      
# span 11 =  -73.97602,  -73.97602      
# span 12 = -118.50550, -118.50544      
# span 13 =  45.614562,  45.632477      
# span 14 =       2.39,     100.27      
# span 15 = 1.4741e+03, 1.5582e+03      
# span 16 =    287.119,   1835.018      
# span 17 =       6892,      44041      
# span 18 =  1027.1544,  1034.0544      
# span 19 =  1027.1564,  1034.0525      
# span 20 =     4.0450,     4.6299      
# span 21 =     0.0635,     1.8268      
# span 22 =     0.1089,     0.1936      
# span 23 =    33.7876,    34.5897      
# span 24 =    33.7911,    34.5877      
# span 25 =    7.87876,    8.44724      
# span 26 =         20,         78      
# span 27 = 0.0000e+00, 0.0000e+00      
# interval = decibars: 1                
# start_time = Feb 14 2022 14:40:11 [NMEA time, header]
# bad_flag = -9.990e-29
*END*
[from data line 570]
    572.000    565.305    -0.2100  28.654295    -0.2077  28.654422     5.0824     5.2389     0.1456    96.9457 1.0000e-12  -73.97602 -118.50548  45.621986      99.71 1.5219e+03    928.626      22288  1030.3335  1030.3314     4.5990     0.0902     0.1153    34.3843    34.3819    8.08908         27 0.0000e+00
    573.000    566.291    -0.2144  28.651143    -0.2126  28.650902     5.0761     5.2346     0.1375    96.9138 1.0000e-12  -73.97602 -118.50548  45.622000      99.71 1.5256e+03    929.774      22316  1030.3389  1030.3369     4.5974     0.0891     0.1190    34.3845    34.3822    8.09000         28 0.0000e+00
    574.000    567.279    -0.2124  28.654553    -0.2097  28.654680     5.0682     5.2290     0.1343    96.9395 1.0000e-12  -73.97602 -118.50548  45.622013      99.71 1.5252e+03    930.905      22343  1030.3448  1030.3423     4.5987     0.0927     0.1195    34.3862    34.3833    8.08948         26 0.0000e+00
    575.000    568.266    -0.1888  28.678161    -0.1845  28.679825     5.0698     5.2278     0.1400    96.8839 1.0000e-12  -73.97602 -118.50548  45.622025      99.71 1.5222e+03    931.999      22369  1030.3508  1030.3484     4.5960     0.0932     0.1183    34.3905    34.3878    8.08424         26 0.0000e+00
    576.000    569.252    -0.1845  28.682568    -0.1825  28.682312     5.0653     5.2222     0.1468    96.9139 1.0000e-12  -73.97602 -118.50546  45.622038      99.71 1.5242e+03    933.074      22395  1030.3556  1030.3534     4.5975     0.0909     0.1170    34.3908    34.3882    8.08330         26 0.0000e+00
    577.000    570.240    -0.1770  28.690823    -0.1743  28.690961     5.0570     5.2221     0.1579    96.9001 1.0000e-12  -73.97602 -118.50548  45.622051      99.70 1.5228e+03    934.190      22422  1030.3613  1030.3589     4.5968     0.0936     0.1231    34.3928    34.3900    8.08160         28 0.0000e+00
    578.000    571.226    -0.1725  28.695871    -0.1682  28.697608     5.0556     5.2265     0.1474    96.8479 1.0000e-12  -73.97602 -118.50548  45.622064      99.72 1.5225e+03    935.343      22449  1030.3666  1030.3644     4.5943     0.0923     0.1173    34.3938    34.3914    8.08058         27 0.0000e+00
    579.000    572.214    -0.1681  28.700091    -0.1640  28.701927     5.0486     5.2141     0.1543    96.8340 1.0000e-12  -73.97602 -118.50548  45.622077      87.92 1.5281e+03    936.470      22476  1030.3712  1030.3692     4.5936     0.0901     0.1167    34.3940    34.3918    8.07966         27 0.0000e+00
    580.000    573.199    -0.1608  28.708142    -0.1608  28.705543     5.0489     5.2116     0.1537    96.8351 1.0000e-12  -73.97602 -118.50548  45.622090      79.17 1.5252e+03    937.582      22503  1030.3769  1030.3741     4.5937     0.0886     0.1161    34.3958    34.3923    8.07800         27 0.0000e+00
    581.000    574.187    -0.1494  28.719929    -0.1480  28.718606     5.0460     5.2026     0.1518    96.8124 1.0000e-12  -73.97602 -118.50547  45.622103      96.48 1.5230e+03    938.699      22530  1030.3825  1030.3798     4.5927     0.0928     0.1159    34.3981    34.3948    8.07546         27 0.0000e+00
    582.000    575.174    -0.1444  28.725178    -0.1414  28.725986     5.0425     5.2072     0.1548    96.8131 1.0000e-12  -73.97602 -118.50547  45.622116      99.71 1.5264e+03    939.830      22557  1030.3875  1030.3854     4.5927     0.0916     0.1190    34.3988    34.3965    8.07436         27 0.0000e+00
    583.000    576.160    -0.1385  28.732102    -0.1359  28.732253     5.0348     5.1950     0.1474    96.8122 1.0000e-12  -73.97602 -118.50547  45.622129      99.71 1.5234e+03    940.967      22584  1030.3934  1030.3910     4.5927     0.0940     0.1186    34.4008    34.3981    8.07301         27 0.0000e+00
    584.000    577.148    -0.1313  28.739961    -0.1286  28.740178     5.0329     5.1904     0.1609    96.7945 1.0000e-12  -73.97602 -118.50548  45.622142      99.71 1.5222e+03    942.074      22611  1030.3990  1030.3966     4.5918     0.0932     0.1173    34.4025    34.3998    8.07138         26 0.0000e+00
    585.000    578.133    -0.1216  28.750427    -0.1186  28.750833     5.0217     5.1877     0.1764    96.7865 1.0000e-12  -73.97602 -118.50548  45.622155      99.71 1.5286e+03    943.160      22637  1030.4049  1030.4024     4.5914     0.0949     0.1179    34.4050    34.4021    8.06921         27 0.0000e+00
    586.000    579.122    -0.1105  28.761427    -0.1082  28.761248     5.0231     5.1833     0.1627    96.8135 1.0000e-12  -73.97602 -118.50548  45.622167      99.71 1.5235e+03    944.270      22663  1030.4100  1030.4076     4.5927     0.0944     0.1184    34.4065    34.4037    8.06677         27 0.0000e+00
    587.000    580.108    -0.1039  28.768484    -0.1017  28.768424     5.0192     5.1747     0.1619    96.8115 1.0000e-12  -73.97602 -118.50546  45.622180      99.72 1.5219e+03    945.394      22690  1030.4154  1030.4132     4.5926     0.0936     0.1181    34.4079    34.4054    8.06530         26 0.0000e+00
    588.000    581.095    -0.1017  28.770821    -0.0988  28.771816     5.0139     5.1795     0.1653    96.8095 1.0000e-12  -73.97602 -118.50548  45.622193      99.71 1.5261e+03    946.485      22717  1030.4201  1030.4183     4.5925     0.0929     0.1178    34.4079    34.4059    8.06484         26 0.0000e+00
    589.000    582.083    -0.0990  28.773972    -0.0968  28.773942     5.0065     5.1706     0.1616    96.7928 1.0000e-12  -73.97602 -118.50548  45.622206      99.72 1.5227e+03    947.561      22742  1030.4252  1030.4231     4.5917     0.0928     0.1176    34.4084    34.4060    8.06423         26 0.0000e+00
    590.000    583.068    -0.0962  28.777337    -0.0938  28.777363     5.0060     5.1637     0.1690    96.8068 1.0000e-12  -73.97602 -118.50548  45.622218      99.71 1.5238e+03    948.630      22768  1030.4304  1030.4280     4.5924     0.0938     0.1181    34.4092    34.4065    8.06361         25 0.0000e+00
    591.000    584.055    -0.0810  28.793778    -0.0775  28.794408     4.9964     5.1528     0.1646    96.8191 1.0000e-12  -73.97602 -118.50548  45.622230      70.74 1.5265e+03    949.667      22793  1030.4371  1030.4343     4.5930     0.0919     0.1180    34.4133    34.4102    8.06017         25 0.0000e+00
    592.000    585.043    -0.0673  28.807326    -0.0651  28.807094     4.9955     5.1483     0.1605    96.8099 1.0000e-12  -73.97602 -118.50548  45.622242      82.15 1.5252e+03    950.705      22818  1030.4422  1030.4399     4.5926     0.0903     0.1176    34.4153    34.4126    8.05717         25 0.0000e+00
    593.000    586.029    -0.0625  28.812657    -0.0594  28.813253     4.9841     5.1489     0.1641    96.8083 1.0000e-12  -73.97602 -118.50548  45.622255      93.46 1.5250e+03    951.801      22844  1030.4476  1030.4452     4.5925     0.0918     0.1175    34.4163    34.4137    8.05609         27 0.0000e+00
    594.000    587.015    -0.0577  28.817854    -0.0555  28.817732     4.9794     5.1435     0.1650    96.7743 1.0000e-12  -73.97602 -118.50548  45.622268      99.67 1.5259e+03    952.931      22871  1030.4528  1030.4505     4.5908     0.0936     0.1179    34.4173    34.4146    8.05504         28 0.0000e+00
    595.000    588.004    -0.0487  28.827952    -0.0455  28.828452     4.9754     5.1323     0.1600    96.7144 1.0000e-12  -73.97602 -118.50548  45.622280      99.71 1.5228e+03    954.016      22897  1030.4589  1030.4564     4.5881     0.0959     0.1170    34.4199    34.4170    8.05299         25 0.0000e+00
    596.000    588.990    -0.0294  28.847411    -0.0269  28.847196     4.9708     5.1273     0.1589    96.8007 1.0000e-12  -73.97602 -118.50548  45.622292      99.71 1.5259e+03    955.033      22922  1030.4649  1030.4621     4.5921     0.0909     0.1173    34.4235    34.4203    8.04874         23 0.0000e+00
    597.000    589.976    -0.0242  28.852541    -0.0215  28.852662     4.9581     5.1213     0.1595    96.8116 1.0000e-12  -73.97602 -118.50548  45.622303      99.71 1.5256e+03    956.006      22945  1030.4696  1030.4671     4.5926     0.0923     0.1175    34.4239    34.4210    8.04762         23 0.0000e+00
    598.000    590.964    -0.0177  28.860086    -0.0140  28.860684     4.9546     5.1144     0.1468    96.7945 1.0000e-12  -73.97602 -118.50548  45.622315      99.71 1.5266e+03    956.995      22969  1030.4755  1030.4726     4.5918     0.0941     0.1192    34.4259    34.4226    8.04613         25 0.0000e+00
    599.000    591.950    -0.0009  28.876788     0.0014  28.876605     4.9562     5.1047     0.1492    96.8124 1.0000e-12  -73.97602 -118.50548  45.622327      99.71 1.5248e+03    958.057      22994  1030.4810  1030.4785     4.5926     0.0961     0.1183    34.4286    34.4257    8.04246         26 0.0000e+00
    600.000    592.937     0.0049  28.883537     0.0073  28.883408     4.9490     5.1016     0.1579    96.8057 1.0000e-12  -73.97602 -118.50548  45.622340      99.71 1.5236e+03    959.134      23020  1030.4869  1030.4844     4.5924     0.0955     0.1193    34.4304    34.4275    8.04114         26 0.0000e+00
    601.000    593.923     0.0072  28.886204     0.0096  28.886237     4.9424     5.1014     0.1634    96.7670 1.0000e-12  -73.97602 -118.50548  45.622352      99.71 1.5254e+03    960.198      23046  1030.4918  1030.4896     4.5904     0.0942     0.1183    34.4307    34.4281    8.04063         25 0.0000e+00
    602.000    594.911     0.0072  28.886835     0.0096  28.886945     4.9483     5.1020     0.1491    96.7882 1.0000e-12  -73.97602 -118.50548  45.622364      99.71 1.5240e+03    961.250      23071  1030.4969  1030.4947     4.5916     0.0943     0.1175    34.4310    34.4284    8.04061         25 0.0000e+00
    603.000    595.896     0.0079  28.888244     0.0104  28.888284     4.9444     5.0948     0.1652    96.8103 1.0000e-12  -73.97602 -118.50548  45.622376      98.14 1.5234e+03    962.280      23096  1030.5021  1030.4998     4.5926     0.0945     0.1179    34.4314    34.4287    8.04044         24 0.0000e+00
    604.000    596.885     0.0160  28.896654     0.0191  28.897094     4.9393     5.0991     0.1583    96.8096 1.0000e-12  -73.97602 -118.50548  45.622388      73.71 1.5273e+03    963.309      23120  1030.5074  1030.5049     4.5925     0.0913     0.1175    34.4330    34.4301    8.03867         26 0.0000e+00
    605.000    597.871     0.0263  28.907120     0.0296  28.907655     4.9374     5.0938     0.1503    96.8086 1.0000e-12  -73.97602 -118.50548  45.622400      89.25 1.5242e+03    964.373      23146  1030.5127  1030.5101     4.5925     0.0922     0.1218    34.4347    34.4317    8.03641         26 0.0000e+00
    606.000    598.859     0.0359  28.916524     0.0385  28.916568     4.9297     5.0874     0.1491    96.7101 1.0000e-12  -73.97602 -118.50548  45.622413      99.59 1.5230e+03    965.445      23172  1030.5174  1030.5151     4.5878     0.0949     0.1170    34.4357    34.4329    8.03433         25 0.0000e+00
    607.000    599.843     0.0434  28.924391     0.0459  28.924165     4.9230     5.0843     0.1572    96.8232 1.0000e-12  -73.97602 -118.50548  45.622425      99.71 1.5265e+03    966.481      23197  1030.5227  1030.5201     4.5931     0.0937     0.1165    34.4371    34.4340    8.03268         24 0.0000e+00
    608.000    600.832     0.0592  28.939590     0.0604  28.938118     4.9184     5.0757     0.1736    96.7920 1.0000e-12  -73.97602 -118.50548  45.622436      99.71 1.5230e+03    967.477      23220  1030.5275  1030.5249     4.5917     0.0963     0.1182    34.4389    34.4356    8.02928         24 0.0000e+00
    609.000    601.818     0.0722  28.952372     0.0748  28.952148     4.9168     5.0690     0.1590    96.8100 1.0000e-12  -73.97602 -118.50548  45.622448      99.72 1.5212e+03    968.473      23244  1030.5326  1030.5299     4.5925     0.0967     0.1176    34.4406    34.4374    8.02646         24 0.0000e+00
    610.000    602.804     0.0857  28.965014     0.0879  28.964734     4.9139     5.0659     0.1543    96.7747 1.0000e-12  -73.97602 -118.50548  45.622460      99.71 1.5226e+03    969.526      23270  1030.5370  1030.5346     4.5908     0.0937     0.1166    34.4416    34.4387    8.02359         26 0.0000e+00
    611.000    603.792     0.0893  28.968850     0.0920  28.968947     4.9094     5.0652     0.1616    96.8090 1.0000e-12  -73.97602 -118.50548  45.622473      99.71 1.5228e+03    970.645      23296  1030.5419  1030.5395     4.5925     0.0938     0.1167    34.4420    34.4391    8.02280         28 0.0000e+00
    612.000    604.778     0.0933  28.973189     0.0961  28.973429     4.9076     5.0628     0.1660    96.8242 1.0000e-12  -73.97602 -118.50548  45.622485      99.71 1.5212e+03    971.738      23323  1030.5471  1030.5446     4.5932     0.1035     0.1162    34.4427    34.4398    8.02193         24 0.0000e+00
    613.000    605.764     0.1115  28.991608     0.1143  28.991397     4.9045     5.0536     0.1611    96.8349 1.0000e-12  -73.97602 -118.50548  45.622497      99.72 1.5260e+03    972.737      23347  1030.5528  1030.5499     4.5937     0.0927     0.1141    34.4460    34.4426    8.01794         24 0.0000e+00
    614.000    606.752     0.1266  29.006137     0.1300  29.006856     4.9005     5.0519     0.1595    96.8384 1.0000e-12  -73.97602 -118.50548  45.622508      99.72 1.5226e+03    973.700      23370  1030.5576  1030.5551     4.5939     0.0949     0.1162    34.4476    34.4448    8.01470         23 0.0000e+00
    615.000    607.740     0.1320  29.012026     0.1345  29.012045     4.8949     5.0495     0.1590    96.8413 1.0000e-12  -73.97602 -118.50547  45.622520      99.71 1.5221e+03    974.690      23394  1030.5629  1030.5606     4.5940     0.0939     0.1157    34.4487    34.4460    8.01351         24 0.0000e+00
    616.000    608.724     0.1310  29.011507     0.1328  29.011109     4.8916     5.0410     0.1543    96.8652 1.0000e-12  -73.97602 -118.50547  45.622532      98.49 1.5250e+03    975.736      23419  1030.5679  1030.5657     4.5951     0.0923     0.1165    34.4486    34.4460    8.01373         26 0.0000e+00
    617.000    609.714     0.1282  29.009952     0.1304  29.009710     4.8982     5.0403     0.1456    96.8750 1.0000e-12  -73.97602 -118.50547  45.622544      81.73 1.5238e+03    976.826      23445  1030.5735  1030.5710     4.5956     0.0918     0.1168    34.4491    34.4463    8.01428         27 0.0000e+00
    618.000    610.698     0.1296  29.011797     0.1321  29.011807     4.9016     5.0454     0.1579    96.8759 1.0000e-12  -73.97602 -118.50547  45.622557      94.44 1.5225e+03    977.933      23471  1030.5785  1030.5761     4.5956     0.0920     0.1144    34.4494    34.4467    8.01398         26 0.0000e+00
    619.000    611.685     0.1317  29.014576     0.1343  29.014701     4.8935     5.0316     0.1596    96.8947 1.0000e-12  -73.97602 -118.50547  45.622569      99.67 1.5269e+03    978.971      23496  1030.5837  1030.5813     4.5966     0.0930     0.1158    34.4501    34.4474    8.01350         24 0.0000e+00
    620.000    612.672     0.1435  29.026878     0.1462  29.026889     4.8848     5.0362     0.1595    96.8532 1.0000e-12  -73.97602 -118.50547  45.622580      99.71 1.5251e+03    979.932      23519  1030.5893  1030.5867     4.5946     0.0918     0.1149    34.4525    34.4495    8.01090         22 0.0000e+00
    621.000    613.659     0.1510  29.034539     0.1538  29.034835     4.8892     5.0461     0.1583    96.8913 1.0000e-12  -73.97602 -118.50548  45.622590      99.71 1.5243e+03    980.808      23540  1030.5943  1030.5918     4.5964     0.0942     0.1152    34.4536    34.4508    8.00928         20 0.0000e+00
    622.000    614.645     0.1457  29.029908     0.1483  29.030516     4.8940     5.0508     0.1573    96.8873 1.0000e-12  -73.97602 -118.50548  45.622600      99.72 1.5259e+03    981.659      23561  1030.5991  1030.5971     4.5962     0.0939     0.1167    34.4529    34.4507    8.01042         21 0.0000e+00
