ocean_section_plots/required_files/ctd/dnbp2202_ctd165.cnv
* Sea-Bird SBE 9 Data File:
* FileName = D:\Data\raw\NBP2202_CTD165.hex
* Software Version Seasave V 7.26.7.121
* Temperature SN = 1649
* Conductivity SN = 2513
* Number of Bytes Per Scan = 40
* Number of Voltage Words = 5
* Number of Scans Averaged by the Deck Unit = 1
* NMEA Latitude = 74 14.19 S
* NMEA Longitude = 112 19.98 W
* NMEA UTC (Time) = Feb 01 2022  03:23:42
* NMEA baud rate = 9600
** Ship: RVIB N.B. Palmer
** Cruise: NBP2202 Thwaites
** Station: 87
** Operator: B Bjork
# nquan = 28
# nvalues = 504                         
# units = specified
# name 0 = prDM: Pressure, Digiquartz [db]
# name 1 = depSM: Depth [salt water, m]
# name 2 = t090C: Temperature [ITS-90, deg C]
# name 3 = c0mS/cm: Conductivity [mS/cm]
# name 4 = t190C: Temperature, 2 [ITS-90, deg C]
# name 5 = c1mS/cm: Conductivity, 2 [mS/cm]
# name 6 = sbeox0ML/L: Oxygen, SBE 43 [ml/l]
# name 7 = sbeox1ML/L: Oxygen, SBE 43, 2 [ml/l]
# name 8 = flECO-AFL: Fluorescence, WET Labs ECO-AFL/FL [mg/m^3]
# name 9 = CStarTr0: Beam Transmission, WET Labs C-Star [%]
# name 10 = par: PAR/Irradiance, Biospherical/Licor
# name 11 = latitude: Latitude [deg]
# name 12 = longitude: Longitude [deg]
# name 13 = timeJ: Julian Days
# name 14 = altM: Altimeter [m]
# name 15 = spar: SPAR, Biospherical/Licor
# name 16 = timeS: Time, Elapsed [seconds]
# name 17 = scan: Scan Count
# name 18 = density00: Density [density, kg/m^3]
# name 19 = density11: Density, 2 [density, kg/m^3]
# name 20 = v3: Voltage 3
# name 21 = v4: Voltage 4
# name 22 = v5: Voltage 5
# name 23 = sal00: Salinity, Practical [PSU]
# name 24 = sal11: Salinity, Practical, 2 [PSU]
# name 25 = oxsolML/L: Oxygen Saturation, Garcia & Gordon [ml/l]
# name 26 = nbin: number of scans per bin
# name 27 = flag: flag
# span 0 =      3.000,    506.000       
# span 1 =      2.969,    500.152       
# span 2 =    -1.5807,    -0.1034       
# span 3 =  26.996367,  28.675659       
# span 4 =    -1.5809,    -0.1005       
# span 5 =  26.996369,  28.675174       
# span 6 =     4.8520,     8.5269       
# span 7 =     4.9487,     8.7598       
# span 8 =    -0.0004,    19.9522       
# span 9 =    71.0620,    93.6309       
# span 10 = -3.808e-05, 4.6824e+01      
# span 11 =  -74.23660,  -74.23658      
# span 12 = -112.33316, -112.33309      
# span 13 =  32.143986,  32.151607      
# span 14 =      43.88,     100.12      
# span 15 = 1.0305e+03, 1.1378e+03      
# span 16 =    218.392,    876.891      
# span 17 =       5242,      21046      
# span 18 =  1027.1994,  1029.9712      
# span 19 =  1027.2031,  1029.9694      
# span 20 =     3.3715,     4.4418      
# span 21 =     0.0687,     3.3934      
# span 22 =     0.1147,     0.2579      
# span 23 =    33.8124,    34.3327      
# span 24 =    33.8147,    34.3289      
# span 25 =    8.06944,    8.41440      
# span 26 =         15,         50      
# span 27 = 0.0000e+00, 0.0000e+00      
# interval = decibars: 1                
# start_time = Feb 01 2022 03:23:42 [NMEA time, header]
# bad_flag = -9.990e-29
*END*
[from data line 363]
    366.000    361.890    -1.1407  27.594903    -1.1452  27.591640     6.0115     6.1192     0.0670    93.4244 1.0000e-12  -74.23659 -112.33314  32.149626      99.89 1.0466e+03    705.674      16937  1029.2071  1029.2080     4.4320     0.0829     0.1200    34.1324    34.1331    8.30542         17 0.0000e+00
    367.000    362.880    -1.1807  27.562488    -1.1787  27.563819     6.0371     6.1501     0.0759    93.4011 1.0000e-12  -74.23660 -112.33314  32.149634      99.87 1.0489e+03    706.410      16955  1029.2152  1029.2147     4.4309     0.0856     0.1212    34.1330    34.1325    8.31427         19 0.0000e+00
    368.000    363.867    -1.2096  27.539059    -1.2075  27.539966     6.0579     6.1692     0.1373    93.4295 1.0000e-12  -74.23660 -112.33314  32.149646      99.88 1.0518e+03    707.382      16978  1029.2220  1029.2210     4.4322     0.0822     0.1179    34.1331    34.1320    8.32068         30 0.0000e+00
    369.000    364.853    -1.2173  27.532811    -1.2163  27.532722     6.0688     6.1912     0.1489    93.4365 1.0000e-12  -74.23660 -112.33314  32.149661      99.87 1.0565e+03    708.743      17011  1029.2267  1029.2256     4.4325     0.0808     0.1173    34.1327    34.1314    8.32241         30 0.0000e+00
    370.000    365.841    -1.2237  27.528219    -1.2224  27.528193     6.0680     6.1991     0.0750    93.4868 1.0000e-12  -74.23660 -112.33314  32.149674      99.89 1.0580e+03    709.798      17036  1029.2320  1029.2307     4.4350     0.0804     0.1178    34.1331    34.1316    8.32382         23 0.0000e+00
    371.000    366.832    -1.2246  27.528021    -1.2235  27.527829     6.0554     6.1862     0.0771    93.5053 1.0000e-12  -74.23660 -112.33314  32.149684      99.88 1.0604e+03    710.668      17057  1029.2368  1029.2355     4.4358     0.0803     0.1163    34.1333    34.1317    8.32402         19 0.0000e+00
    372.000    367.818    -1.2254  27.527924    -1.2242  27.527874     6.0293     6.1589     0.0725    93.4923 1.0000e-12  -74.23660 -112.33314  32.149693      99.87 1.0622e+03    711.489      17077  1029.2416  1029.2403     4.4353     0.0819     0.1189    34.1334    34.1319    8.32417         20 0.0000e+00
    373.000    368.807    -1.2156  27.538130    -1.2125  27.538832     6.0033     6.1359     0.0495    93.5163 1.0000e-12  -74.23660 -112.33314  32.149703      99.87 1.0657e+03    712.358      17098  1029.2473  1029.2449     4.4363     0.0808     0.1211    34.1357    34.1330    8.32187         24 0.0000e+00
    374.000    369.794    -1.1890  27.562148    -1.1867  27.562313     5.9910     6.1298     0.0610    93.5013 1.0000e-12  -74.23660 -112.33314  32.149717      93.00 1.0706e+03    713.535      17126  1029.2516  1029.2496     4.4357     0.0781     0.1176    34.1376    34.1353    8.31583         30 0.0000e+00
    375.000    370.781    -1.1942  27.558164    -1.1867  27.563667     5.9725     6.1189     0.0721    93.5466 1.0000e-12  -74.23660 -112.33314  32.149730      94.16 1.0748e+03    714.697      17154  1029.2567  1029.2553     4.4378     0.0805     0.1165    34.1375    34.1365    8.31700         26 0.0000e+00
    376.000    371.768    -1.1908  27.562719    -1.1901  27.561756     5.8890     6.0614     0.0399    93.5548 1.0000e-12  -74.23660 -112.33314  32.149742      99.62 1.0754e+03    715.708      17178  1029.2625  1029.2609     4.4381     0.0840     0.1192    34.1392    34.1372    8.31614         22 0.0000e+00
    377.000    372.759    -1.1697  27.583017    -1.1674  27.582468     5.8037     5.9780     0.0446    93.5469 1.0000e-12  -74.23660 -112.33314  32.149753      99.88 1.0765e+03    716.628      17200  1029.2683  1029.2654     4.4378     0.0803     0.1191    34.1424    34.1390    8.31127         23 0.0000e+00
    378.000    373.745    -1.0975  27.647243    -1.1074  27.635924     5.7517     5.9165     0.0555    93.5537 1.0000e-12  -74.23660 -112.33314  32.149764      99.87 1.0798e+03    717.583      17223  1029.2719  1029.2693     4.4381     0.0795     0.1191    34.1475    34.1433    8.29497         24 0.0000e+00
    379.000    374.733    -1.0467  27.693468    -1.0546  27.683301     5.7345     5.8882     0.0620    93.5553 1.0000e-12  -74.23660 -112.33314  32.149776      99.88 1.0851e+03    718.674      17249  1029.2771  1029.2737     4.4382     0.0901     0.1170    34.1522    34.1474    8.28346         28 0.0000e+00
    380.000    375.719    -1.0404  27.699203    -1.0386  27.698966     5.7364     5.8781     0.0576    93.5185 1.0000e-12  -74.23660 -112.33314  32.149790      99.87 1.0885e+03    719.814      17277  1029.2819  1029.2799     4.4364     0.0849     0.1197    34.1523    34.1500    8.28207         26 0.0000e+00
    381.000    376.710    -1.0407  27.700285    -1.0395  27.699683     5.7698     5.9059     0.0607    93.4849 1.0000e-12  -74.23660 -112.33314  32.149802      99.88 1.0906e+03    720.892      17302  1029.2881  1029.2863     4.4349     0.0815     0.1201    34.1535    34.1513    8.28207         26 0.0000e+00
    382.000    377.695    -1.0449  27.697547    -1.0441  27.696922     5.8180     5.9411     0.0646    93.5326 1.0000e-12  -74.23660 -112.33314  32.149814      99.87 1.0926e+03    721.942      17328  1029.2939  1029.2924     4.4371     0.0804     0.1206    34.1539    34.1521    8.28296         24 0.0000e+00
    383.000    378.685    -1.0753  27.671212    -1.0754  27.670824     5.8521     5.9731     0.0637    93.5096 1.0000e-12  -74.23660 -112.33314  32.149826      99.88 1.0943e+03    722.949      17352  1029.2997  1029.2993     4.4361     0.0816     0.1231    34.1519    34.1515    8.28981         24 0.0000e+00
    384.000    379.672    -1.0972  27.654229    -1.0961  27.653779     5.8609     5.9739     0.0576    93.5159 1.0000e-12  -74.23660 -112.33314  32.149837      99.87 1.0969e+03    723.956      17376  1029.3070  1029.3055     4.4363     0.0809     0.1182    34.1530    34.1511    8.29458         25 0.0000e+00
    385.000    380.660    -1.0981  27.653797    -1.0966  27.653730     5.8853     5.9909     0.0580    93.5046 1.0000e-12  -74.23660 -112.33314  32.149850      99.87 1.0990e+03    725.020      17401  1029.3117  1029.3103     4.4358     0.1250     0.1203    34.1528    34.1511    8.29478         26 0.0000e+00
    386.000    381.647    -1.1023  27.650908    -1.1016  27.650513     5.9425     6.0485     0.0696    93.4300 1.0000e-12  -74.23660 -112.33314  32.149862      99.87 1.1000e+03    726.069      17427  1029.3170  1029.3159     4.4323     0.0811     0.1232    34.1530    34.1517    8.29570         24 0.0000e+00
    387.000    382.636    -1.1313  27.626283    -1.1312  27.626177     5.9921     6.0998     0.0670    93.4445 1.0000e-12  -74.23660 -112.33314  32.149874      97.33 1.1000e+03    727.073      17451  1029.3230  1029.3227     4.4330     0.0786     0.1192    34.1518    34.1514    8.30221         24 0.0000e+00
    388.000    383.624    -1.1950  27.572285    -1.1959  27.572175     6.0249     6.1316     0.0695    93.4719 1.0000e-12  -74.23660 -112.33314  32.149885      96.74 1.1000e+03    728.103      17475  1029.3307  1029.3315     4.4343     0.0791     0.1213    34.1497    34.1506    8.31646         26 0.0000e+00
    389.000    384.611    -1.2195  27.553622    -1.2185  27.553645     6.0514     6.1530     0.0526    93.5144 1.0000e-12  -74.23660 -112.33312  32.149898      99.87 1.1005e+03    729.184      17501  1029.3383  1029.3373     4.4363     0.0778     0.1175    34.1514    34.1503    8.32180         26 0.0000e+00
    390.000    385.598    -1.2297  27.545263    -1.2295  27.544768     6.0684     6.1774     0.0309    93.4832 1.0000e-12  -74.23660 -112.33314  32.149910      99.87 1.1028e+03    730.222      17526  1029.3431  1029.3423     4.4348     0.0790     0.1180    34.1510    34.1501    8.32410         24 0.0000e+00
    391.000    386.588    -1.2540  27.524664    -1.2526  27.525402     6.0816     6.1848     0.0307    93.4819 1.0000e-12  -74.23660 -112.33312  32.149922      99.87 1.1040e+03    731.236      17551  1029.3483  1029.3478     4.4348     0.0785     0.1162    34.1498    34.1493    8.32958         24 0.0000e+00
    392.000    387.574    -1.2775  27.504702    -1.2754  27.506193     6.1147     6.2274     0.0476    93.5279 1.0000e-12  -74.23660 -112.33314  32.149933      99.87 1.1044e+03    732.248      17575  1029.3534  1029.3530     4.4369     0.0782     0.1248    34.1486    34.1482    8.33489         24 0.0000e+00
    393.000    388.562    -1.2988  27.487023    -1.2979  27.487592     6.1252     6.2517     0.0477    93.4903 1.0000e-12  -74.23660 -112.33312  32.149945      99.87 1.1035e+03    733.246      17599  1029.3588  1029.3585     4.4351     0.0796     0.1224    34.1479    34.1477    8.33968         25 0.0000e+00
    394.000    389.550    -1.3218  27.467961    -1.3205  27.468698     6.0850     6.2214     0.0322    93.5201 1.0000e-12  -74.23660 -112.33314  32.149957      99.87 1.1005e+03    734.300      17624  1029.3643  1029.3638     4.4365     0.0824     0.1200    34.1473    34.1469    8.34484         26 0.0000e+00
    395.000    390.538    -1.3300  27.463674    -1.3271  27.464192     6.0442     6.1976     0.0525    93.4147 1.0000e-12  -74.23660 -112.33312  32.149970      99.87 1.0991e+03    735.394      17650  1029.3714  1029.3692     4.4315     0.0773     0.1177    34.1502    34.1477    8.34652         26 0.0000e+00
    396.000    391.526    -1.2574  27.528590    -1.2526  27.530493     5.9962     6.1581     0.0621    93.3686 1.0000e-12  -74.23660 -112.33314  32.149982      99.87 1.1004e+03    736.430      17675  1029.3753  1029.3726     4.4294     0.0781     0.1160    34.1560    34.1531    8.32998         24 0.0000e+00
    397.000    392.513    -1.2323  27.552202    -1.2311  27.550810     5.8965     6.0582     0.0329    93.5911 1.0000e-12  -74.23660 -112.33312  32.149993      99.88 1.1010e+03    737.417      17699  1029.3806  1029.3779     4.4399     0.0778     0.1177    34.1591    34.1558    8.32420         24 0.0000e+00
    398.000    393.501    -1.1932  27.587839    -1.1919  27.586510     5.8229     5.9803     0.0321    93.5754 1.0000e-12  -74.23660 -112.33314  32.150005      99.87 1.0992e+03    738.394      17722  1029.3854  1029.3827     4.4392     0.0763     0.1174    34.1628    34.1595    8.31528         23 0.0000e+00
    399.000    394.488    -1.0918  27.681164    -1.0867  27.681257     5.7998     5.9526     0.0388    93.5693 1.0000e-12  -74.23660 -112.33312  32.150016      97.51 1.0971e+03    739.373      17746  1029.3920  1029.3872     4.4389     0.0768     0.1164    34.1743    34.1687    8.29213         23 0.0000e+00
    400.000    395.478    -1.0774  27.691031    -1.0775  27.690298     5.8204     5.9666     0.0381    93.5792 1.0000e-12  -74.23660 -112.33314  32.150028      58.59 1.0958e+03    740.431      17771  1029.3936  1029.3929     4.4394     0.0739     0.1175    34.1709    34.1700    8.28916         28 0.0000e+00
    401.000    396.465    -1.0997  27.673689    -1.0978  27.673898     5.8263     5.9783     0.0410    93.5829 1.0000e-12  -74.23660 -112.33313  32.150041      97.20 1.0966e+03    741.565      17799  1029.4013  1029.3997     4.4395     0.0792     0.1181    34.1719    34.1701    8.29401         26 0.0000e+00
    402.000    397.452    -1.1016  27.672601    -1.1001  27.672403     5.7687     5.9166     0.0388    93.5669 1.0000e-12  -74.23660 -112.33313  32.150053      99.90 1.0982e+03    742.594      17823  1029.4066  1029.4049     4.4387     0.0767     0.1179    34.1720    34.1700    8.29443         23 0.0000e+00
    403.000    398.440    -1.0772  27.697034    -1.0769  27.694710     5.7337     5.8729     0.0359    93.5793 1.0000e-12  -74.23660 -112.33312  32.150064      99.87 1.0968e+03    743.531      17846  1029.4138  1029.4110     4.4393     0.0774     0.1201    34.1770    34.1735    8.28875         22 0.0000e+00
    404.000    399.427    -1.0202  27.748899    -1.0144  27.751290     5.7483     5.8782     0.0543    93.5917 1.0000e-12  -74.23660 -112.33312  32.150075      99.88 1.0950e+03    744.455      17868  1029.4188  1029.4157     4.4400     0.0774     0.1180    34.1823    34.1790    8.27585         23 0.0000e+00
    405.000    400.415    -1.0034  27.763315    -1.0004  27.764646     5.7972     5.9099     0.0312    93.5304 1.0000e-12  -74.23660 -112.33312  32.150086      99.88 1.0930e+03    745.464      17892  1029.4228  1029.4213     4.4370     0.0787     0.1184    34.1823    34.1807    8.27216         26 0.0000e+00
    406.000    401.403    -1.0455  27.727114    -1.0449  27.727014     5.8247     5.9371     0.0533    93.5223 1.0000e-12  -74.23660 -112.33312  32.150099      99.88 1.0946e+03    746.593      17919  1029.4295  1029.4289     4.4367     0.0861     0.1174    34.1802    34.1794    8.28156         28 0.0000e+00
    407.000    402.390    -1.0601  27.715475    -1.0592  27.714884     5.8377     5.9604     0.0301    93.5335 1.0000e-12  -74.23660 -112.33312  32.150113      99.87 1.0965e+03    747.738      17947  1029.4358  1029.4344     4.4372     0.0801     0.1215    34.1803    34.1785    8.28477         26 0.0000e+00
    408.000    403.378    -1.0693  27.708208    -1.0679  27.708245     5.8396     5.9660     0.0302    93.5662 1.0000e-12  -74.23660 -112.33312  32.150124      99.88 1.0946e+03    748.724      17970  1029.4414  1029.4401     4.4387     0.0776     0.1176    34.1802    34.1787    8.28681         22 0.0000e+00
    409.000    404.366    -1.0731  27.705906    -1.0722  27.705393     5.8513     5.9820     0.0553    93.5652 1.0000e-12  -74.23660 -112.33312  32.150135      99.88 1.0924e+03    749.637      17992  1029.4470  1029.4455     4.4387     0.0767     0.1178    34.1808    34.1790    8.28762         22 0.0000e+00
    410.000    405.355    -1.0766  27.704834    -1.0754  27.704306     5.8405     5.9857     0.0375    93.5646 1.0000e-12  -74.23660 -112.33312  32.150146      99.88 1.0913e+03    750.601      18015  1029.4537  1029.4519     4.4386     0.0763     0.1199    34.1827    34.1806    8.28829         24 0.0000e+00
    411.000    406.341    -1.0499  27.730805    -1.0481  27.729858     5.8043     5.9488     0.0302    93.5511 1.0000e-12  -74.23660 -112.33312  32.150158      99.88 1.0938e+03    751.611      18040  1029.4600  1029.4573     4.4380     0.0782     0.1172    34.1871    34.1838    8.28212         25 0.0000e+00
    412.000    407.329    -1.0175  27.761723    -1.0165  27.759100     5.7849     5.9138     0.0784    93.5773 1.0000e-12  -74.23660 -112.33312  32.150169      99.88 1.0952e+03    752.640      18064  1029.4662  1029.4624     4.4392     0.0751     0.1176    34.1918    34.1872    8.27470         24 0.0000e+00
    413.000    408.317    -0.9494  27.822612    -0.9475  27.821260     5.7536     5.8852     0.0471    93.5694 1.0000e-12  -74.23660 -112.33313  32.150182      92.25 1.0965e+03    753.736      18091  1029.4701  1029.4668     4.4389     0.0751     0.1179    34.1968    34.1928    8.25943         27 0.0000e+00
    414.000    409.304    -0.9357  27.835495    -0.9344  27.835093     5.7445     5.8742     0.0166    93.5891 1.0000e-12  -74.23660 -112.33313  32.150195      98.09 1.0965e+03    754.829      18117  1029.4753  1029.4737     4.4398     0.0739     0.1172    34.1981    34.1962    8.25634         26 0.0000e+00
    415.000    410.293    -0.9366  27.836499    -0.9355  27.835633     5.7427     5.8705     0.0184    93.5895 1.0000e-12  -74.23660 -112.33313  32.150206      99.86 1.0963e+03    755.823      18141  1029.4821  1029.4801     4.4399     0.0741     0.1177    34.2000    34.1976    8.25645         23 0.0000e+00
    416.000    411.279    -0.9368  27.836771    -0.9347  27.836895     5.7410     5.8700     0.0115    93.6128 1.0000e-12  -74.23660 -112.33314  32.150217      99.88 1.0971e+03    756.784      18164  1029.4871  1029.4853     4.4410     0.0725     0.1187    34.1999    34.1977    8.25648         23 0.0000e+00
