ocean_section_plots/required_files/ctd/dnbp2202_ctd098.cnv
* Sea-Bird SBE 9 Data File:
* FileName = D:\Data\raw\NBP2202_CTD098.hex
* Software Version Seasave V 7.26.7.121
* Temperature SN = 1649
* Conductivity SN = 2513
* Number of Bytes Per Scan = 40
* Number of Voltage Words = 5
* Number of Scans Averaged by the Deck Unit = 1
* NMEA Latitude = 74 10.51 S
* NMEA Longitude = 113 20.67 W
* NMEA UTC (Time) = Jan 27 2022  01:28:41
* NMEA baud rate = 9600
** Ship: RVIB N.B. Palmer
** Cruise: NBP2202 Thwaites
** Station: YoYo001
** Operator: A. Robinson
# nquan = 25
# nvalues = 608                         
# units = specified
# name 0 = prDM: Pressure, Digiquartz [db]
# name 1 = depSM: Depth [salt water, m]
# name 2 = t090C: Temperature [ITS-90, deg C]
# name 3 = c0mS/cm: Conductivity [mS/cm]
# name 4 = t190C: Temperature, 2 [ITS-90, deg C]
# name 5 = c1mS/cm: Conductivity, 2 [mS/cm]
# name 6 = sbeox0ML/L: Oxygen, SBE 43 [ml/l]
# name 7 = sbeox1ML/L: Oxygen, SBE 43, 2 [ml/l]
# name 8 = flECO-AFL: Fluorescence, WET Labs ECO-AFL/FL [mg/m^3]
# name 9 = CStarTr0: Beam Transmission, WET Labs C-Star [%]
# name 10 = par: PAR/Irradiance, Biospherical/Licor
# name 11 = latitude: Latitude [deg]
# name 12 = longitude: Longitude [deg]
# name 13 = timeJ: Julian Days
# name 14 = altM: Altimeter [m]
# name 15 = spar: SPAR, Biospherical/Licor
# name 16 = timeS: Time, Elapsed [seconds]
# name 17 = scan: Scan Count
# name 18 = density00: Density [density, kg/m^3]
# name 19 = density11: Density, 2 [density, kg/m^3]
# name 20 = sal00: Salinity, Practical [PSU]
# name 21 = sal11: Salinity, Practical, 2 [PSU]
# name 22 = oxsolML/L: Oxygen Saturation, Garcia & Gordon [ml/l]
# name 23 = nbin: number of scans per bin
# name 24 = flag: flag
# span 0 =     10.000,    617.000       
# span 1 =      9.898,    609.704       
# span 2 =    -1.5162,     0.0898       
# span 3 =  26.927871,  28.925445       
# span 4 =    -1.5152,     0.0931       
# span 5 =  26.927619,  28.925675       
# span 6 =     4.6837,     7.8781       
# span 7 =     4.7415,     7.7797       
# span 8 =    -0.0225,    20.4068       
# span 9 =    73.6316,    95.5182       
# span 10 = 1.0000e-12, 4.3869e+01      
# span 11 =  -74.17528,  -74.17528      
# span 12 = -113.34458, -113.34455      
# span 13 =  27.062111,  27.071587      
# span 14 =       4.45,     100.44      
# span 15 = 1.4323e+03, 1.7470e+03      
# span 16 =     45.343,    864.160      
# span 17 =       1089,      20741      
# span 18 =  1027.2337,  1030.5226      
# span 19 =  1027.2307,  1030.5205      
# span 20 =    33.7978,    34.3814      
# span 21 =    33.7971,    34.3781      
# span 22 =    8.02610,    8.40794      
# span 23 =         17,         49      
# span 24 = 0.0000e+00, 0.0000e+00      
# interval = decibars: 1                
# start_time = Jan 27 2022 01:28:41 [NMEA time, header]
# bad_flag = -9.990e-29
*END*
[from data line 58]
     68.000     67.285    -1.4770  26.948597    -1.4763  26.948148     6.2048     6.3207     6.0040    84.9398 1.0000e-12  -74.17528 -113.34456  27.063196      99.43 1.5613e+03    139.118       3340  1027.5350  1027.5338    33.8117    33.8102    8.39969         33 0.0000e+00
     69.000     68.274    -1.4745  26.950743    -1.4749  26.949811     6.1460     6.2673     5.6492    85.5317 1.0000e-12  -74.17528 -113.34456  27.063212      99.55 1.5728e+03    140.493       3373  1027.5389  1027.5383    33.8111    33.8103    8.39914         34 0.0000e+00
     70.000     69.263    -1.4905  26.941107    -1.4905  26.940365     6.2052     6.3148     5.1930    86.1304 1.0000e-12  -74.17528 -113.34456  27.063228      99.59 1.5843e+03    141.902       3407  1027.5479  1027.5471    33.8153    33.8143    8.40250         33 0.0000e+00
     71.000     70.254    -1.4786  26.949583    -1.4763  26.949734     6.2532     6.3484     4.7386    85.8998 1.0000e-12  -74.17528 -113.34456  27.063244      99.69 1.5962e+03    143.313       3441  1027.5498  1027.5477    33.8130    33.8106    8.39997         34 0.0000e+00
     72.000     71.243    -1.4746  26.952390    -1.4720  26.953033     6.2069     6.2901     4.3477    87.7426 1.0000e-12  -74.17528 -113.34456  27.063260      99.75 1.6071e+03    144.691       3474  1027.5531  1027.5514    33.8117    33.8096    8.39914         32 0.0000e+00
     73.000     72.231    -1.4789  26.950166    -1.4787  26.949276     6.0553     6.1632     5.6858    86.9530 1.0000e-12  -74.17528 -113.34456  27.063276      99.71 1.6181e+03    146.057       3506  1027.5591  1027.5579    33.8128    33.8114    8.40004         33 0.0000e+00
     74.000     73.221    -1.4971  26.938887    -1.4965  26.938780     5.9307     6.0642     5.3138    87.9380 1.0000e-12  -74.17528 -113.34456  27.063292      99.70 1.6302e+03    147.425       3539  1027.5684  1027.5678    33.8173    33.8164    8.40389         33 0.0000e+00
     75.000     74.210    -1.5072  26.933577    -1.5040  26.934895     5.8752     6.0105     4.9006    88.4678 1.0000e-12  -74.17528 -113.34455  27.063308      75.52 1.6421e+03    148.802       3572  1027.5765  1027.5749    33.8208    33.8190    8.40596         34 0.0000e+00
     76.000     75.200    -1.5138  26.929054    -1.5121  26.929438     5.8642     5.9785     3.5806    88.5829 1.0000e-12  -74.17528 -113.34456  27.063324      90.09 1.6556e+03    150.188       3606  1027.5820  1027.5807    33.8214    33.8199    8.40742         33 0.0000e+00
     77.000     76.189    -1.5162  26.927871    -1.5152  26.927619     5.8713     5.9635     2.9947    88.4718 1.0000e-12  -74.17528 -113.34456  27.063340      99.73 1.6692e+03    151.595       3639  1027.5871  1027.5859    33.8219    33.8203    8.40794         34 0.0000e+00
     78.000     77.179    -1.5138  26.930707    -1.5118  26.931477     5.8629     5.9449     2.4299    89.3504 1.0000e-12  -74.17528 -113.34456  27.063356      99.78 1.6811e+03    152.998       3673  1027.5921  1027.5910    33.8224    33.8212    8.40736         33 0.0000e+00
     79.000     78.166    -1.5102  26.934609    -1.5082  26.935198     5.8009     5.9012     2.6453    90.1962 1.0000e-12  -74.17528 -113.34456  27.063372      99.71 1.6922e+03    154.374       3706  1027.5970  1027.5958    33.8230    33.8216    8.40650         32 0.0000e+00
     80.000     79.157    -1.5002  26.947021    -1.4990  26.946710     5.7560     5.8610     2.6985    90.3611 1.0000e-12  -74.17528 -113.34456  27.063388      99.81 1.7019e+03    155.749       3739  1027.6054  1027.6039    33.8282    33.8264    8.40393         32 0.0000e+00
     81.000     80.146    -1.4989  26.949454    -1.4982  26.948379     5.7457     5.8423     2.4670    90.7403 1.0000e-12  -74.17528 -113.34456  27.063404      99.79 1.7097e+03    157.149       3773  1027.6112  1027.6093    33.8295    33.8272    8.40356         34 0.0000e+00
     82.000     81.135    -1.4994  26.949670    -1.4964  26.951240     5.7533     5.8410     3.3189    91.3965 1.0000e-12  -74.17528 -113.34456  27.063421      99.81 1.7145e+03    158.548       3806  1027.6162  1027.6151    33.8297    33.8285    8.40366         34 0.0000e+00
     83.000     82.124    -1.5018  26.947897    -1.4999  26.948372     5.7507     5.8394     2.2772    92.3070 1.0000e-12  -74.17528 -113.34456  27.063437      99.82 1.7175e+03    159.923       3839  1027.6209  1027.6195    33.8294    33.8279    8.40423         32 0.0000e+00
     84.000     83.114    -1.4986  26.951518    -1.4969  26.951397     5.7485     5.8331     1.5573    91.6929 1.0000e-12  -74.17528 -113.34456  27.063452      99.83 1.7184e+03    161.279       3872  1027.6260  1027.6244    33.8301    33.8281    8.40345         32 0.0000e+00
     85.000     84.103    -1.4975  26.952900    -1.4958  26.953010     5.7481     5.8294     1.9784    91.7145 1.0000e-12  -74.17528 -113.34456  27.063468      96.55 1.7189e+03    162.639       3904  1027.6308  1027.6293    33.8302    33.8284    8.40321         33 0.0000e+00
     86.000     85.093    -1.4974  26.953489    -1.4958  26.953586     5.7442     5.8270     2.0469    92.0589 1.0000e-12  -74.17528 -113.34456  27.063484      99.85 1.7188e+03    164.031       3938  1027.6357  1027.6343    33.8302    33.8286    8.40318         34 0.0000e+00
     87.000     86.081    -1.4961  26.955212    -1.4952  26.954573     5.7419     5.8230     2.1543    92.3870 1.0000e-12  -74.17528 -113.34456  27.063501      99.84 1.7188e+03    165.452       3972  1027.6407  1027.6391    33.8305    33.8286    8.40287         35 0.0000e+00
     88.000     87.070    -1.4963  26.955361    -1.4954  26.954846     5.7259     5.8112     2.0083    92.7344 1.0000e-12  -74.17528 -113.34456  27.063517      99.84 1.7162e+03    166.852       4005  1027.6453  1027.6439    33.8303    33.8286    8.40292         32 0.0000e+00
     89.000     88.061    -1.4968  26.955596    -1.4945  26.956137     5.6982     5.7949     2.0819    92.9827 1.0000e-12  -74.17528 -113.34456  27.063532      99.82 1.7135e+03    168.181       4037  1027.6503  1027.6488    33.8306    33.8288    8.40302         31 0.0000e+00
     90.000     89.048    -1.4910  26.961757    -1.4905  26.960736     5.6686     5.7637     1.3009    92.6540 1.0000e-12  -74.17528 -113.34456  27.063547      99.85 1.7120e+03    169.459       4068  1027.6558  1027.6543    33.8318    33.8299    8.40163         30 0.0000e+00
     91.000     90.039    -1.4861  26.967391    -1.4856  26.966146     5.6451     5.7382     1.6108    93.2459 1.0000e-12  -74.17528 -113.34456  27.063561      99.85 1.7093e+03    170.694       4098  1027.6617  1027.6599    33.8335    33.8312    8.40043         30 0.0000e+00
     92.000     91.028    -1.4840  26.969765    -1.4829  26.969201     5.6231     5.7208     1.9606    92.7828 1.0000e-12  -74.17528 -113.34456  27.063575      99.84 1.7076e+03    171.898       4127  1027.6666  1027.6650    33.8337    33.8318    8.39994         28 0.0000e+00
     93.000     92.017    -1.4822  26.972122    -1.4803  26.972286     5.5971     5.6959     1.4311    93.2715 1.0000e-12  -74.17528 -113.34456  27.063589      99.85 1.7065e+03    173.106       4156  1027.6718  1027.6702    33.8343    33.8324    8.39950         30 0.0000e+00
     94.000     93.005    -1.4794  26.975055    -1.4788  26.974256     5.5568     5.6575     1.3212    93.5429 1.0000e-12  -74.17528 -113.34456  27.063603      99.85 1.7055e+03    174.321       4185  1027.6768  1027.6754    33.8346    33.8328    8.39886         29 0.0000e+00
     95.000     93.996    -1.4761  26.979245    -1.4763  26.977489     5.5271     5.6266     1.7388    93.8096 1.0000e-12  -74.17528 -113.34456  27.063617      99.85 1.7046e+03    175.494       4213  1027.6826  1027.6808    33.8360    33.8338    8.39804         27 0.0000e+00
     96.000     94.983    -1.4715  26.984285    -1.4702  26.983943     5.5181     5.6124     1.0733    93.3087 1.0000e-12  -74.17528 -113.34456  27.063630      57.24 1.7033e+03    176.661       4241  1027.6880  1027.6864    33.8371    33.8351    8.39692         28 0.0000e+00
     97.000     95.975    -1.4682  26.987967    -1.4675  26.986927     5.5230     5.6057     1.4793    93.5559 1.0000e-12  -74.17528 -113.34456  27.063644     100.44 1.6999e+03    177.829       4269  1027.6933  1027.6915    33.8378    33.8356    8.39614         28 0.0000e+00
     98.000     96.963    -1.4540  27.002419    -1.4532  27.001383     5.5230     5.6040     1.1257    93.5025 1.0000e-12  -74.17528 -113.34456  27.063657      99.85 1.6970e+03    178.989       4297  1027.7000  1027.6980    33.8411    33.8387    8.39275         28 0.0000e+00
     99.000     97.952    -1.4518  27.005053    -1.4499  27.005289     5.5154     5.5963     0.8145    93.7447 1.0000e-12  -74.17528 -113.34456  27.063671      99.86 1.6930e+03    180.163       4325  1027.7051  1027.7036    33.8415    33.8397    8.39221         29 0.0000e+00
    100.000     98.941    -1.4470  27.010902    -1.4458  27.010612     5.5029     5.5806     1.0181    93.8847 1.0000e-12  -74.17528 -113.34456  27.063685      99.86 1.6888e+03    181.373       4354  1027.7114  1027.7099    33.8435    33.8417    8.39101         29 0.0000e+00
    101.000     99.931    -1.4388  27.022341    -1.4363  27.023049     5.4881     5.5705     0.6905    93.9769 1.0000e-12  -74.17528 -113.34456  27.063699      99.85 1.6847e+03    182.555       4382  1027.7206  1027.7190    33.8494    33.8475    8.38881         28 0.0000e+00
    102.000    100.920    -1.4325  27.030159    -1.4320  27.028801     5.4811     5.5620     0.8919    94.0932 1.0000e-12  -74.17528 -113.34456  27.063712      99.86 1.6809e+03    183.709       4410  1027.7276  1027.7256    33.8524    33.8499    8.38721         27 0.0000e+00
    103.000    101.908    -1.4288  27.035031    -1.4261  27.036304     5.4766     5.5598     0.9369    94.3483 1.0000e-12  -74.17528 -113.34456  27.063725      99.86 1.6773e+03    184.855       4438  1027.7338  1027.7327    33.8543    33.8530    8.38627         28 0.0000e+00
    104.000    102.897    -1.4262  27.038773    -1.4232  27.040320     5.4860     5.5616     0.9513    94.3317 1.0000e-12  -74.17528 -113.34456  27.063738      99.86 1.6756e+03    185.989       4465  1027.7399  1027.7387    33.8559    33.8545    8.38559         27 0.0000e+00
    105.000    103.887    -1.4224  27.044229    -1.4204  27.044771     5.4978     5.5724     0.6503    94.3528 1.0000e-12  -74.17528 -113.34456  27.063752      99.86 1.6736e+03    187.138       4492  1027.7466  1027.7454    33.8584    33.8569    8.38458         27 0.0000e+00
    106.000    104.876    -1.4207  27.049480    -1.4192  27.049009     5.5027     5.5744     0.4829    94.4994 1.0000e-12  -74.17528 -113.34456  27.063765      96.26 1.6725e+03    188.317       4521  1027.7553  1027.7533    33.8631    33.8607    8.38391         30 0.0000e+00
    107.000    105.865    -1.4155  27.057017    -1.4128  27.057912     5.5100     5.5827     0.5447    94.6519 1.0000e-12  -74.17528 -113.34456  27.063779      96.67 1.6723e+03    189.499       4549  1027.7631  1027.7614    33.8670    33.8652    8.38252         27 0.0000e+00
    108.000    106.854    -1.4077  27.066476    -1.4067  27.065860     5.4927     5.5750     0.3469    94.5382 1.0000e-12  -74.17528 -113.34456  27.063792      99.92 1.6741e+03    190.667       4577  1027.7703  1027.7687    33.8705    33.8686    8.38055         28 0.0000e+00
    109.000    107.844    -1.4043  27.070893    -1.4041  27.069032     5.4673     5.5451     0.1587    94.9162 1.0000e-12  -74.17528 -113.34456  27.063806      99.87 1.6766e+03    191.832       4605  1027.7763  1027.7741    33.8721    33.8693    8.37968         28 0.0000e+00
    110.000    108.832    -1.3908  27.085033    -1.3886  27.084699     5.4302     5.5242     0.2098    94.9318 1.0000e-12  -74.17528 -113.34456  27.063819      99.86 1.6785e+03    192.975       4632  1027.7833  1027.7808    33.8756    33.8727    8.37644         27 0.0000e+00
    111.000    109.821    -1.3715  27.102830    -1.3700  27.102360     5.3987     5.4963     0.2750    94.9798 1.0000e-12  -74.17528 -113.34456  27.063832      99.86 1.6820e+03    194.098       4659  1027.7888  1027.7868    33.8777    33.8754    8.37200         27 0.0000e+00
    112.000    110.812    -1.3655  27.109068    -1.3641  27.108226     5.3657     5.4480     0.2120    95.0220 1.0000e-12  -74.17528 -113.34456  27.063845      99.87 1.6856e+03    195.242       4687  1027.7943  1027.7921    33.8788    33.8761    8.37057         29 0.0000e+00
    113.000    111.800    -1.3533  27.120824    -1.3478  27.123514     5.3030     5.3811     0.1408    94.9005 1.0000e-12  -74.17528 -113.34456  27.063859      99.87 1.6902e+03    196.403       4715  1027.7999  1027.7976    33.8805    33.8780    8.36773         27 0.0000e+00
    114.000    112.789    -1.3323  27.140104    -1.3180  27.150141     5.2463     5.3370     0.0906    95.0141 1.0000e-12  -74.17528 -113.34456  27.063872      99.86 1.6944e+03    197.564       4743  1027.8053  1027.8026    33.8826    33.8803    8.36289         28 0.0000e+00
    115.000    113.778    -1.2981  27.170869    -1.2980  27.168733     5.2251     5.3173     0.0605    95.1371 1.0000e-12  -74.17528 -113.34456  27.063886      99.87 1.6976e+03    198.720       4770  1027.8106  1027.8083    33.8855    33.8825    8.35506         28 0.0000e+00
    116.000    114.767    -1.2906  27.178319    -1.2886  27.177953     5.2178     5.3064     0.0977    95.1752 1.0000e-12  -74.17528 -113.34456  27.063899      75.30 1.6993e+03    199.864       4798  1027.8162  1027.8140    33.8866    33.8839    8.35332         27 0.0000e+00
    117.000    115.756    -1.2884  27.180878    -1.2871  27.180212     5.2242     5.3105     0.2031    95.1605 1.0000e-12  -74.17528 -113.34456  27.063912      80.79 1.7003e+03    200.991       4825  1027.8216  1027.8196    33.8870    33.8846    8.35281         27 0.0000e+00
    118.000    116.745    -1.2877  27.182054    -1.2858  27.182034     5.2279     5.3081     0.0645    95.2070 1.0000e-12  -74.17528 -113.34456  27.063925      97.79 1.7011e+03    202.146       4852  1027.8268  1027.8250    33.8873    33.8851    8.35264         29 0.0000e+00
    119.000    117.734    -1.2882  27.181934    -1.2867  27.181520     5.2336     5.3055     0.0670    95.2269 1.0000e-12  -74.17528 -113.34456  27.063939      60.89 1.7008e+03    203.332       4881  1027.8317  1027.8298    33.8870    33.8847    8.35276         28 0.0000e+00
    120.000    118.724    -1.2854  27.185496    -1.2823  27.186443     5.2360     5.3015     0.0055    95.3651 1.0000e-12  -74.17528 -113.34456  27.063953      99.30 1.7009e+03    204.504       4909  1027.8374  1027.8355    33.8881    33.8859    8.35206         28 0.0000e+00
    121.000    119.713    -1.2822  27.189133    -1.2799  27.189732     5.2278     5.3041     0.0192    95.3852 1.0000e-12  -74.17528 -113.34456  27.063966      99.86 1.7012e+03    205.651       4937  1027.8429  1027.8413    33.8889    33.8871    8.35132         27 0.0000e+00
    122.000    120.701    -1.2796  27.192355    -1.2782  27.191734     5.2327     5.3019     0.0138    95.3948 1.0000e-12  -74.17528 -113.34456  27.063979      99.87 1.7005e+03    206.779       4964  1027.8483  1027.8463    33.8897    33.8872    8.35068         27 0.0000e+00
    123.000    121.692    -1.2777  27.194544    -1.2760  27.194393     5.2266     5.2996     0.0375    95.4061 1.0000e-12  -74.17528 -113.34456  27.063992      99.87 1.6993e+03    207.891       4990  1027.8533  1027.8516    33.8899    33.8878    8.35024         26 0.0000e+00
    124.000    122.680    -1.2771  27.195870    -1.2753  27.195523     5.2222     5.2979    -0.0120    95.3635 1.0000e-12  -74.17528 -113.34456  27.064005      99.87 1.6994e+03    209.018       5017  1027.8587  1027.8566    33.8904    33.8880    8.35007         28 0.0000e+00
