ocean_section_plots/required_files/ctd/dnbp2202_ctd114.cnv
* Sea-Bird SBE 9 Data File:
* FileName = D:\Data\raw\NBP2202_CTD114.hex
* Software Version Seasave V 7.26.7.121
* Temperature SN = 1649
* Conductivity SN = 2513
* Number of Bytes Per Scan = 40
* Number of Voltage Words = 5
* Number of Scans Averaged by the Deck Unit = 1
* NMEA Latitude = 74 10.52 S
* NMEA Longitude = 113 20.65 W
* NMEA UTC (Time) = Jan 27 2022  08:24:43
* NMEA baud rate = 9600
** Ship: RVIB N.B. Palmer
** Cruise: NBP2202 Thwaites
** Station: YoYo001
** Operator: B. Bjork
# nquan = 25
# nvalues = 608                         
# units = specified
# name 0 = prDM: Pressure, Digiquartz [db]
# name 1 = depSM: Depth [salt water, m]
# name 2 = t090C: Temperature [ITS-90, deg C]
# name 3 = c0mS/cm: Conductivity [mS/cm]
# name 4 = t190C: Temperature, 2 [ITS-90, deg C]
# name 5 = c1mS/cm: Conductivity, 2 [mS/cm]
# name 6 = sbeox0ML/L: Oxygen, SBE 43 [ml/l]
# name 7 = sbeox1ML/L: Oxygen, SBE 43, 2 [ml/l]
# name 8 = flECO-AFL: Fluorescence, WET Labs ECO-AFL/FL [mg/m^3]
# name 9 = CStarTr0: Beam Transmission, WET Labs C-Star [%]
# name 10 = par: PAR/Irradiance, Biospherical/Licor
# name 11 = latitude: Latitude [deg]
# name 12 = longitude: Longitude [deg]
# name 13 = timeJ: Julian Days
# name 14 = altM: Altimeter [m]
# name 15 = spar: SPAR, Biospherical/Licor
# name 16 = timeS: Time, Elapsed [seconds]
# name 17 = scan: Scan Count
# name 18 = density00: Density [density, kg/m^3]
# name 19 = density11: Density, 2 [density, kg/m^3]
# name 20 = sal00: Salinity, Practical [PSU]
# name 21 = sal11: Salinity, Practical, 2 [PSU]
# name 22 = oxsolML/L: Oxygen Saturation, Garcia & Gordon [ml/l]
# name 23 = nbin: number of scans per bin
# name 24 = flag: flag
# span 0 =     10.000,    617.000       
# span 1 =      9.892,    609.704       
# span 2 =    -1.4531,     0.1193       
# span 3 =  26.980961,  28.952752       
# span 4 =    -1.4519,     0.1217       
# span 5 =  26.980823,  28.952211       
# span 6 =     4.6776,     8.8456       
# span 7 =     4.7307,     8.8710       
# span 8 =    -0.0236,    25.3598       
# span 9 =    67.6913,    95.5738       
# span 10 = 1.0000e-12, 1.4183e+00      
# span 11 =  -74.17536,  -74.17536      
# span 12 = -113.34426, -113.34422      
# span 13 =  27.350841,  27.358214      
# span 14 =       7.23,      99.99      
# span 15 = 6.7291e+01, 7.2278e+01      
# span 16 =     29.678,    666.708      
# span 17 =        713,      16002      
# span 18 =  1027.2221,  1030.5266      
# span 19 =  1027.2196,  1030.5242      
# span 20 =    33.7908,    34.3886      
# span 21 =    33.7884,    34.3861      
# span 22 =    8.01953,    8.39380      
# span 23 =         16,         51      
# span 24 = 0.0000e+00, 0.0000e+00      
# interval = decibars: 1                
# start_time = Jan 27 2022 08:24:43 [NMEA time, header]
# bad_flag = -9.990e-29
*END*
     10.000      9.892    -1.0273  27.277321    -1.0188  27.282587     8.8117     8.6363    22.8618    71.0453 1.4183e+00  -74.17536 -113.34422  27.350841      99.99 6.7682e+01     29.678        713  1027.2221  1027.2196    33.7908    33.7884    8.30038         17 0.0000e+00
     11.000     10.887    -1.0116  27.290969    -1.0144  27.286947     8.7976     8.6931    22.2884    70.6141 1.0501e+00  -74.17536 -113.34423  27.350855      99.98 6.7387e+01     30.852        741  1027.2262  1027.2246    33.7911    33.7889    8.29689         27 0.0000e+00
     12.000     11.876    -1.0152  27.288352    -1.0181  27.284475     8.7994     8.7591    20.5215    70.1060 7.6358e-01  -74.17536 -113.34423  27.350869      99.97 6.7291e+01     32.061        770  1027.2312  1027.2299    33.7910    33.7891    8.29770         29 0.0000e+00
     13.000     12.865    -1.0202  27.284539    -1.0167  27.285921     8.8365     8.8288    23.5112    71.1520 5.5645e-01  -74.17536 -113.34424  27.350883      99.98 6.8265e+01     33.250        799  1027.2362  1027.2344    33.7908    33.7888    8.29882         28 0.0000e+00
     14.000     13.855    -1.0289  27.278850    -1.0282  27.278238     8.8456     8.8710    23.1909    70.8600 4.0116e-01  -74.17536 -113.34422  27.350896      99.97 6.8033e+01     34.380        826  1027.2429  1027.2415    33.7923    33.7907    8.30067         27 0.0000e+00
     15.000     14.845    -1.0302  27.278432    -1.0261  27.280587     8.7739     8.8276    24.8946    69.6112 2.8442e-01  -74.17536 -113.34424  27.350908      99.99 6.7407e+01     35.477        852  1027.2479  1027.2463    33.7925    33.7908    8.30093         24 0.0000e+00
     16.000     15.833    -1.0284  27.280573    -1.0268  27.280335     8.6308     8.7401    21.7350    69.1444 1.9907e-01  -74.17536 -113.34422  27.350919      99.98 6.7575e+01     36.425        875  1027.2528  1027.2511    33.7928    33.7907    8.30052         24 0.0000e+00
     17.000     16.823    -1.0381  27.273108    -1.0363  27.273387     8.4603     8.6105    24.5846    70.8538 1.3325e-01  -74.17536 -113.34424  27.350931      99.98 6.7650e+01     37.429        899  1027.2583  1027.2570    33.7929    33.7913    8.30265         24 0.0000e+00
     18.000     17.813    -1.0517  27.262734    -1.0454  27.266705     8.3020     8.4705    25.3527    70.5444 8.4830e-02  -74.17536 -113.34423  27.350943      99.97 6.7744e+01     38.518        925  1027.2644  1027.2627    33.7934    33.7918    8.30563         28 0.0000e+00
     19.000     18.803    -1.0722  27.246442    -1.0711  27.246406     8.2179     8.3854    24.4693    69.0659 5.0111e-02  -74.17536 -113.34423  27.350956      99.97 6.7802e+01     39.626        952  1027.2706  1027.2695    33.7936    33.7924    8.31016         26 0.0000e+00
     20.000     19.791    -1.0783  27.242177    -1.0773  27.241795     8.1631     8.3211    25.3598    67.6913 2.3936e-02  -74.17536 -113.34423  27.350969      98.20 6.7399e+01     40.722        978  1027.2760  1027.2746    33.7941    33.7924    8.31149         26 0.0000e+00
     21.000     20.781    -1.0859  27.236440    -1.0843  27.236656     8.0905     8.2540    25.1583    68.5965 5.4825e-03  -74.17536 -113.34423  27.350982      96.66 6.7773e+01     41.836       1005  1027.2812  1027.2799    33.7942    33.7927    8.31318         27 0.0000e+00
     22.000     21.772    -1.1008  27.225033    -1.0973  27.226854     8.0267     8.1935    21.5325    68.8949 1.4212e-04  -74.17536 -113.34423  27.350993      99.90 6.7712e+01     42.828       1029  1027.2873  1027.2859    33.7948    33.7933    8.31645         22 0.0000e+00
     23.000     22.761    -1.1067  27.221040    -1.1043  27.221750     7.9467     8.1184    19.4796    70.2532 1.0000e-12  -74.17536 -113.34423  27.351004      99.97 6.7723e+01     43.791       1052  1027.2927  1027.2913    33.7954    33.7937    8.31772         24 0.0000e+00
     24.000     23.750    -1.1270  27.204809    -1.1260  27.205195     7.8939     8.0573    19.1110    70.6811 1.0000e-12  -74.17536 -113.34423  27.351017      99.96 6.7801e+01     44.838       1077  1027.2987  1027.2982    33.7954    33.7949    8.32223         26 0.0000e+00
     25.000     24.740    -1.1452  27.191825    -1.1440  27.191637     7.8565     8.0235    18.9153    71.0263 1.0000e-12  -74.17536 -113.34423  27.351030      99.96 6.7512e+01     45.955       1104  1027.3061  1027.3047    33.7976    33.7959    8.32615         27 0.0000e+00
     26.000     25.729    -1.1469  27.190803    -1.1475  27.189199     7.8252     7.9891    18.7070    71.3786 1.0000e-12  -74.17536 -113.34424  27.351042      99.94 6.7667e+01     47.062       1130  1027.3106  1027.3094    33.7974    33.7959    8.32653         26 0.0000e+00
     27.000     26.719    -1.1601  27.179993    -1.1584  27.180687     7.8089     7.9617    17.8370    72.9804 1.0000e-12  -74.17536 -113.34422  27.351055      99.98 6.8147e+01     48.157       1157  1027.3156  1027.3148    33.7970    33.7960    8.32951         26 0.0000e+00
     28.000     27.709    -1.1665  27.175637    -1.1643  27.176298     7.8129     7.9600    16.5852    71.3024 1.0000e-12  -74.17536 -113.34424  27.351067      99.90 6.7788e+01     49.214       1182  1027.3210  1027.3196    33.7976    33.7960    8.33089         24 0.0000e+00
     29.000     28.697    -1.1690  27.174187    -1.1683  27.173750     7.8196     7.9702    16.1537    73.1628 1.0000e-12  -74.17536 -113.34422  27.351078      99.97 6.7379e+01     50.152       1205  1027.3260  1027.3248    33.7978    33.7963    8.33144         23 0.0000e+00
     30.000     29.688    -1.1640  27.179963    -1.1635  27.178803     7.8284     7.9763    16.1749    74.0038 1.0000e-12  -74.17536 -113.34424  27.351090      99.95 6.7867e+01     51.180       1229  1027.3315  1027.3298    33.7994    33.7973    8.33022         26 0.0000e+00
     31.000     30.677    -1.1692  27.175943    -1.1647  27.178592     7.8379     7.9746    16.2640    74.1176 1.0000e-12  -74.17536 -113.34422  27.351103      99.91 6.7513e+01     52.287       1256  1027.3362  1027.3349    33.7991    33.7978    8.33139         27 0.0000e+00
     32.000     31.667    -1.1627  27.182120    -1.1569  27.186022     7.8429     7.9834    17.2771    73.9842 1.0000e-12  -74.17536 -113.34424  27.351116      99.96 6.7773e+01     53.420       1283  1027.3409  1027.3396    33.7997    33.7985    8.32992         27 0.0000e+00
     33.000     32.656    -1.1625  27.182639    -1.1611  27.182735     7.8672     8.0022    17.0427    74.4428 1.0000e-12  -74.17536 -113.34423  27.351129      97.76 6.7993e+01     54.542       1310  1027.3455  1027.3442    33.7996    33.7980    8.32989         28 0.0000e+00
     34.000     33.646    -1.1673  27.178914    -1.1612  27.182910     7.9199     8.0313    16.0753    75.0318 1.0000e-12  -74.17536 -113.34423  27.351141      99.90 6.7603e+01     55.623       1336  1027.3503  1027.3488    33.7992    33.7979    8.33097         23 0.0000e+00
     35.000     34.634    -1.1553  27.190730    -1.1545  27.189353     7.9423     8.0552    16.9312    74.7482 1.0000e-12  -74.17536 -113.34423  27.351152      99.98 6.7901e+01     56.559       1358  1027.3558  1027.3536    33.8013    33.7985    8.32819         23 0.0000e+00
     36.000     35.624    -1.1387  27.205507    -1.1374  27.205182     7.9349     8.0522    16.3292    75.6947 1.0000e-12  -74.17536 -113.34423  27.351164      99.96 6.8046e+01     57.580       1383  1027.3602  1027.3587    33.8021    33.8002    8.32443         25 0.0000e+00
     37.000     36.615    -1.1422  27.203479    -1.1415  27.202656     7.9190     8.0455    16.1187    75.7038 1.0000e-12  -74.17536 -113.34423  27.351177      99.96 6.8005e+01     58.676       1409  1027.3657  1027.3643    33.8027    33.8008    8.32519         26 0.0000e+00
     38.000     37.603    -1.1456  27.201089    -1.1437  27.201261     7.9012     8.0380    16.3589    74.3355 1.0000e-12  -74.17536 -113.34424  27.351188      99.99 6.7950e+01     59.651       1433  1027.3707  1027.3691    33.8025    33.8006    8.32594         22 0.0000e+00
     39.000     38.593    -1.1441  27.202761    -1.1431  27.202249     7.9023     8.0345    16.1493    73.4185 1.0000e-12  -74.17536 -113.34424  27.351199      99.93 6.8327e+01     60.621       1456  1027.3754  1027.3739    33.8026    33.8008    8.32562         25 0.0000e+00
     40.000     39.581    -1.1474  27.200493    -1.1466  27.199956     7.9080     8.0390    17.7300    75.0023 1.0000e-12  -74.17536 -113.34424  27.351212      99.97 6.8277e+01     61.687       1481  1027.3804  1027.3791    33.8025    33.8009    8.32634         26 0.0000e+00
     41.000     40.572    -1.1468  27.201237    -1.1441  27.202467     7.9291     8.0591    17.3402    76.6346 1.0000e-12  -74.17536 -113.34424  27.351225      99.95 6.8162e+01     62.813       1509  1027.3850  1027.3837    33.8023    33.8009    8.32623         27 0.0000e+00
     42.000     41.561    -1.1443  27.204613    -1.1402  27.206545     7.9600     8.0872    17.1982    76.0196 1.0000e-12  -74.17536 -113.34424  27.351238      99.88 6.8362e+01     63.926       1535  1027.3905  1027.3887    33.8034    33.8014    8.32560         27 0.0000e+00
     43.000     42.550    -1.1343  27.213558    -1.1323  27.213565     7.9703     8.0923    15.1649    74.9021 1.0000e-12  -74.17536 -113.34424  27.351251      99.95 6.8188e+01     65.046       1562  1027.3949  1027.3931    33.8037    33.8016    8.32335         28 0.0000e+00
     44.000     43.540    -1.1296  27.217808    -1.1290  27.217069     7.9560     8.0845    17.7300    74.2048 1.0000e-12  -74.17536 -113.34424  27.351263      99.95 6.8444e+01     66.119       1588  1027.3995  1027.3981    33.8037    33.8020    8.32233         23 0.0000e+00
     45.000     44.529    -1.1326  27.215974    -1.1301  27.216779     7.9362     8.0707    15.9450    74.0235 1.0000e-12  -74.17536 -113.34424  27.351274      99.74 6.8222e+01     67.058       1610  1027.4047  1027.4031    33.8040    33.8022    8.32298         23 0.0000e+00
     46.000     45.519    -1.1344  27.215104    -1.1312  27.216258     7.9118     8.0548    16.9043    74.2949 1.0000e-12  -74.17536 -113.34424  27.351286      96.15 6.8344e+01     68.095       1635  1027.4097  1027.4080    33.8041    33.8021    8.32335         26 0.0000e+00
     47.000     46.508    -1.1373  27.213048    -1.1348  27.213919     7.8729     8.0179    16.8346    75.0467 1.0000e-12  -74.17536 -113.34424  27.351299      99.84 6.8100e+01     69.202       1662  1027.4147  1027.4132    33.8040    33.8023    8.32402         27 0.0000e+00
     48.000     47.499    -1.1450  27.207357    -1.1408  27.209458     7.8326     7.9741    18.2875    72.8914 1.0000e-12  -74.17536 -113.34424  27.351312      99.98 6.8357e+01     70.319       1689  1027.4201  1027.4185    33.8042    33.8024    8.32571         27 0.0000e+00
     49.000     48.487    -1.1502  27.203885    -1.1466  27.205419     7.7829     7.9174    18.1528    74.5166 1.0000e-12  -74.17536 -113.34424  27.351325      99.91 6.8360e+01     71.439       1716  1027.4257  1027.4240    33.8048    33.8028    8.32684         27 0.0000e+00
     50.000     49.477    -1.1605  27.195766    -1.1590  27.195965     7.7181     7.8466    17.1668    74.5090 1.0000e-12  -74.17536 -113.34424  27.351337      99.92 6.8257e+01     72.557       1742  1027.4311  1027.4299    33.8047    33.8033    8.32914         25 0.0000e+00
     51.000     50.465    -1.1711  27.188034    -1.1704  27.187526     7.6293     7.7720    15.8075    74.9723 1.0000e-12  -74.17536 -113.34424  27.351348      99.78 6.8664e+01     73.503       1765  1027.4370  1027.4358    33.8053    33.8039    8.33145         22 0.0000e+00
     52.000     51.456    -1.1749  27.185059    -1.1731  27.185666     7.4760     7.6451    15.7390    73.8907 1.0000e-12  -74.17536 -113.34424  27.351360      99.66 6.8328e+01     74.504       1789  1027.4417  1027.4407    33.8050    33.8038    8.33232         25 0.0000e+00
     53.000     52.445    -1.2064  27.159307    -1.2070  27.158992     7.3343     7.5211    16.1194    74.7677 1.0000e-12  -74.17536 -113.34424  27.351373      99.78 6.8757e+01     75.595       1815  1027.4480  1027.4483    33.8046    33.8049    8.33937         27 0.0000e+00
     54.000     53.433    -1.2504  27.124681    -1.2474  27.126381     7.2734     7.4491    15.2225    74.6972 1.0000e-12  -74.17536 -113.34424  27.351385      99.93 6.8752e+01     76.705       1842  1027.4566  1027.4556    33.8062    33.8052    8.34909         27 0.0000e+00
     55.000     54.424    -1.2620  27.115648    -1.2600  27.116262     7.2363     7.4087    13.3342    76.7964 1.0000e-12  -74.17536 -113.34424  27.351398      99.76 6.8752e+01     77.802       1868  1027.4618  1027.4606    33.8063    33.8049    8.35169         26 0.0000e+00
     56.000     55.414    -1.2661  27.112706    -1.2650  27.112735     7.2116     7.3735    14.4459    77.7389 1.0000e-12  -74.17536 -113.34424  27.351410      99.59 6.8752e+01     78.863       1894  1027.4665  1027.4656    33.8063    33.8051    8.35261         23 0.0000e+00
     57.000     56.401    -1.2710  27.109617    -1.2694  27.109899     7.1855     7.3374    14.8625    78.5799 1.0000e-12  -74.17536 -113.34424  27.351421      99.50 6.8752e+01     79.768       1915  1027.4720  1027.4708    33.8070    33.8056    8.35367         22 0.0000e+00
     58.000     57.392    -1.2802  27.102045    -1.2809  27.100915     7.1525     7.3007    13.4199    77.3434 1.0000e-12  -74.17536 -113.34424  27.351432      99.42 6.8752e+01     80.731       1939  1027.4766  1027.4761    33.8064    33.8056    8.35576         24 0.0000e+00
     59.000     58.381    -1.2889  27.095648    -1.2883  27.095281     7.1151     7.2541    14.3302    77.5570 1.0000e-12  -74.17536 -113.34424  27.351444      98.14 6.8752e+01     81.782       1964  1027.4819  1027.4810    33.8067    33.8056    8.35767         26 0.0000e+00
     60.000     59.370    -1.3007  27.086540    -1.2986  27.087452     7.0533     7.1880    13.7787    78.3853 1.0000e-12  -74.17536 -113.34424  27.351457      99.48 6.8752e+01     82.865       1990  1027.4874  1027.4864    33.8070    33.8059    8.36031         26 0.0000e+00
     61.000     60.360    -1.3086  27.080276    -1.3083  27.079917     6.9699     7.1113    13.9660    78.7019 1.0000e-12  -74.17536 -113.34424  27.351469      99.45 6.8752e+01     83.938       2016  1027.4921  1027.4914    33.8066    33.8058    8.36209         26 0.0000e+00
     62.000     61.348    -1.3320  27.061723    -1.3315  27.061712     6.9299     7.0757    12.1492    79.3580 1.0000e-12  -74.17536 -113.34424  27.351482      99.37 6.8752e+01     85.016       2041  1027.4983  1027.4978    33.8070    33.8064    8.36731         26 0.0000e+00
     63.000     62.340    -1.3463  27.051153    -1.3445  27.051629     6.9338     7.0707    11.3880    79.3523 1.0000e-12  -74.17536 -113.34424  27.351494      99.44 6.8752e+01     86.100       2067  1027.5044  1027.5033    33.8080    33.8066    8.37046         26 0.0000e+00
     64.000     63.327    -1.3428  27.054439    -1.3399  27.055729     6.9323     7.0638    10.9283    80.0189 1.0000e-12  -74.17536 -113.34424  27.351507      99.42 6.8752e+01     87.175       2093  1027.5087  1027.5073    33.8079    33.8064    8.36968         26 0.0000e+00
     65.000     64.319    -1.3457  27.052562    -1.3437  27.053229     6.9396     7.0568    10.2330    81.2235 1.0000e-12  -74.17536 -113.34424  27.351519      99.33 6.8752e+01     88.259       2119  1027.5135  1027.5122    33.8080    33.8066    8.37033         26 0.0000e+00
     66.000     65.306    -1.3449  27.053847    -1.3435  27.053815     6.9357     7.0495    10.4486    81.4581 1.0000e-12  -74.17536 -113.34424  27.351532      99.40 6.8752e+01     89.356       2146  1027.5182  1027.5169    33.8083    33.8067    8.37015         26 0.0000e+00
