ocean_section_plots/required_files/ctd/dnbp2202_ctd218.cnv
* Sea-Bird SBE 9 Data File:
* FileName = D:\Data\raw\NBP2202_CTD218.hex
* Software Version Seasave V 7.26.7.121
* Temperature SN = 1649
* Conductivity SN = 2513
* Number of Bytes Per Scan = 40
* Number of Voltage Words = 5
* Number of Scans Averaged by the Deck Unit = 1
* NMEA Latitude = 73 52.99 S
* NMEA Longitude = 111 20.07 W
* NMEA UTC (Time) = Feb 11 2022  09:04:58
* NMEA baud rate = 9600
** Ship: RVIB N.B. Palmer
** Cruise: NBP2202 Thwaites
** Station: 130
** Operator: B. Bjork
# nquan = 28
# nvalues = 455                         
# units = specified
# name 0 = prDM: Pressure, Digiquartz [db]
# name 1 = depSM: Depth [salt water, m]
# name 2 = t090C: Temperature [ITS-90, deg C]
# name 3 = c0mS/cm: Conductivity [mS/cm]
# name 4 = t190C: Temperature, 2 [ITS-90, deg C]
# name 5 = c1mS/cm: Conductivity, 2 [mS/cm]
# name 6 = sbeox0ML/L: Oxygen, SBE 43 [ml/l]
# name 7 = sbeox1ML/L: Oxygen, SBE 43, 2 [ml/l]
# name 8 = flECO-AFL: Fluorescence, WET Labs ECO-AFL/FL [mg/m^3]
# name 9 = CStarTr0: Beam Transmission, WET Labs C-Star [%]
# name 10 = par: PAR/Irradiance, Biospherical/Licor
# name 11 = latitude: Latitude [deg]
# name 12 = longitude: Longitude [deg]
# name 13 = timeJ: Julian Days
# name 14 = altM: Altimeter [m]
# name 15 = spar: SPAR, Biospherical/Licor
# name 16 = timeS: Time, Elapsed [seconds]
# name 17 = scan: Scan Count
# name 18 = density00: Density [density, kg/m^3]
# name 19 = density11: Density, 2 [density, kg/m^3]
# name 20 = v3: Voltage 3
# name 21 = v4: Voltage 4
# name 22 = v5: Voltage 5
# name 23 = sal00: Salinity, Practical [PSU]
# name 24 = sal11: Salinity, Practical, 2 [PSU]
# name 25 = oxsolML/L: Oxygen Saturation, Garcia & Gordon [ml/l]
# name 26 = nbin: number of scans per bin
# name 27 = flag: flag
# span 0 =      2.000,    456.000       
# span 1 =      1.978,    450.791       
# span 2 =    -1.7147,     0.2505       
# span 3 =  26.817805,  29.068226       
# span 4 =    -1.7135,     0.2536       
# span 5 =  26.818670,  29.069186       
# span 6 =     4.6777,     8.8062       
# span 7 =     4.8051,     9.0027       
# span 8 =    -0.0165,    26.8927       
# span 9 =    72.0963,    98.4378       
# span 10 = -7.483e-06, 3.4819e+00      
# span 11 =  -73.88322,  -73.88320      
# span 12 = -111.33468, -111.33464      
# span 13 =  42.380178,  42.386397      
# span 14 =       1.18,     100.55      
# span 15 = 2.1129e+01, 3.7036e+01      
# span 16 =    149.368,    686.735      
# span 17 =       3586,      16483      
# span 18 =  1027.1473,  1029.8360      
# span 19 =  1027.1459,  1029.8335      
# span 20 =     3.4212,     4.6697      
# span 21 =     0.0675,     4.3568      
# span 22 =     0.1082,     0.2686      
# span 23 =    33.7444,    34.4840      
# span 24 =    33.7429,    34.4809      
# span 25 =    7.98690,    8.44824      
# span 26 =         22,         48      
# span 27 = 0.0000e+00, 0.0000e+00      
# interval = decibars: 1                
# start_time = Feb 11 2022 09:04:58 [NMEA time, header]
# bad_flag = -9.990e-29
*END*
[from data line 156]
    158.000    156.307    -1.5455  27.076521    -1.5444  27.076492     6.3644     6.5641     0.0672    97.3887 1.0000e-12  -73.88322 -111.33468  42.382775      99.95 3.3426e+01    373.759       8971  1028.1288  1028.1277     4.6202     0.0865     0.1195    34.0099    34.0086    8.40332         23 0.0000e+00
    159.000    157.296    -1.5464  27.077655    -1.5454  27.077514     6.3699     6.5598     0.1678    97.9628 1.0000e-12  -73.88322 -111.33468  42.382786      99.95 3.3643e+01    374.732       8995  1028.1353  1028.1341     4.6471     0.0881     0.1169    34.0119    34.0105    8.40341         24 0.0000e+00
    160.000    158.283    -1.5462  27.078733    -1.5449  27.078654     6.3702     6.5574     0.1096    97.8268 1.0000e-12  -73.88322 -111.33468  42.382797      99.95 3.2735e+01    375.702       9018  1028.1406  1028.1392     4.6408     0.1073     0.1174    34.0125    34.0109    8.40332         23 0.0000e+00
    161.000    159.276    -1.5449  27.080881    -1.5437  27.080690     6.3655     6.5547     0.0692    97.8013 1.0000e-12  -73.88322 -111.33468  42.382809      99.95 3.1964e+01    376.664       9041  1028.1461  1028.1448     4.6395     0.0900     0.1166    34.0133    34.0118    8.40298         23 0.0000e+00
    162.000    160.262    -1.5448  27.081719    -1.5437  27.081622     6.3661     6.5591     0.0629    97.9993 1.0000e-12  -73.88322 -111.33468  42.382820      99.95 3.3434e+01    377.635       9064  1028.1513  1028.1500     4.6490     0.0863     0.1162    34.0138    34.0124    8.40293         23 0.0000e+00
    163.000    161.252    -1.5450  27.082534    -1.5438  27.082437     6.3652     6.5578     0.0831    97.9755 1.0000e-12  -73.88322 -111.33468  42.382831      99.96 3.3418e+01    378.599       9087  1028.1567  1028.1553     4.6478     0.0881     0.1144    34.0145    34.0129    8.40293         23 0.0000e+00
    164.000    162.241    -1.5435  27.085375    -1.5423  27.085182     6.3596     6.5490     0.0918    98.0159 1.0000e-12  -73.88322 -111.33468  42.382842      99.95 3.3342e+01    379.558       9110  1028.1627  1028.1613     4.6497     0.0977     0.1174    34.0161    34.0145    8.40251         24 0.0000e+00
    165.000    163.230    -1.5415  27.089003    -1.5402  27.088945     6.3687     6.5537     0.0731    98.0836 1.0000e-12  -73.88322 -111.33468  42.382853      99.95 3.3493e+01    380.529       9134  1028.1690  1028.1678     4.6528     0.0870     0.1161    34.0181    34.0166    8.40191         23 0.0000e+00
    166.000    164.219    -1.5406  27.090894    -1.5393  27.090679     6.3621     6.5567     0.0700    98.0609 1.0000e-12  -73.88322 -111.33468  42.382865      99.95 3.3495e+01    381.502       9157  1028.1746  1028.1731     4.6519     0.0837     0.1133    34.0191    34.0174    8.40165         23 0.0000e+00
    167.000    165.206    -1.5390  27.093458    -1.5378  27.093388     6.3604     6.5480     0.0358    98.0655 1.0000e-12  -73.88322 -111.33468  42.382876      99.95 3.3495e+01    382.470       9180  1028.1802  1028.1789     4.6520     0.0813     0.1148    34.0202    34.0187    8.40123         23 0.0000e+00
    168.000    166.197    -1.5354  27.098364    -1.5342  27.098174     6.3554     6.5467     0.0430    98.1234 1.0000e-12  -73.88322 -111.33468  42.382887      99.95 3.3495e+01    383.438       9204  1028.1865  1028.1851     4.6548     0.0831     0.1169    34.0223    34.0206    8.40029         24 0.0000e+00
    169.000    167.184    -1.5309  27.104068    -1.5297  27.104018     6.3560     6.5527     0.0683    98.0022 1.0000e-12  -73.88322 -111.33466  42.382898      99.54 3.3495e+01    384.412       9227  1028.1928  1028.1915     4.6491     0.0825     0.1167    34.0244    34.0229    8.39915         23 0.0000e+00
    170.000    168.175    -1.5286  27.107337    -1.5274  27.107127     6.3530     6.5538     0.0626    98.1167 1.0000e-12  -73.88322 -111.33466  42.382910      99.79 3.3495e+01    385.382       9250  1028.1985  1028.1971     4.6545     0.0796     0.1140    34.0257    34.0240    8.39856         23 0.0000e+00
    171.000    169.162    -1.5279  27.108645    -1.5267  27.108399     6.3495     6.5416     0.0413    98.2077 1.0000e-12  -73.88322 -111.33466  42.382921      99.95 3.3495e+01    386.361       9274  1028.2036  1028.2021     4.6588     0.0843     0.1135    34.0261    34.0243    8.39837         24 0.0000e+00
    172.000    170.150    -1.5272  27.109732    -1.5259  27.109788     6.3547     6.5419     0.0518    98.1864 1.0000e-12  -73.88322 -111.33466  42.382932      99.96 3.3746e+01    387.329       9297  1028.2085  1028.2073     4.6578     0.0807     0.1125    34.0262    34.0248    8.39822         23 0.0000e+00
    173.000    171.142    -1.5249  27.112999    -1.5236  27.112977     6.3527     6.5463     0.0720    98.1790 1.0000e-12  -73.88322 -111.33466  42.382943      99.96 3.3170e+01    388.279       9320  1028.2142  1028.2129     4.6575     0.0900     0.1163    34.0274    34.0259    8.39762         22 0.0000e+00
    174.000    172.130    -1.5229  27.116130    -1.5216  27.116019     6.3532     6.5516     0.0508    98.2158 1.0000e-12  -73.88322 -111.33466  42.382954      99.95 3.3941e+01    389.235       9343  1028.2201  1028.2187     4.6592     0.0809     0.1143    34.0289    34.0272    8.39709         24 0.0000e+00
    175.000    173.119    -1.5222  27.117799    -1.5210  27.117809     6.3590     6.5557     0.0509    98.1591 1.0000e-12  -73.88322 -111.33466  42.382965      99.95 3.4333e+01    390.195       9366  1028.2256  1028.2245     4.6565     0.0915     0.1157    34.0297    34.0284    8.39687         23 0.0000e+00
    176.000    174.105    -1.5213  27.120021    -1.5202  27.119805     6.3628     6.5587     0.0582    98.1626 1.0000e-12  -73.88322 -111.33466  42.382976      99.95 3.3255e+01    391.146       9388  1028.2315  1028.2302     4.6567     0.0825     0.1142    34.0311    34.0296    8.39658         22 0.0000e+00
    177.000    175.095    -1.5201  27.122076    -1.5189  27.121863     6.3618     6.5604     0.0582    98.2005 1.0000e-12  -73.88322 -111.33466  42.382987      99.96 3.4203e+01    392.101       9411  1028.2370  1028.2356     4.6585     0.0767     0.1153    34.0320    34.0303    8.39626         23 0.0000e+00
    178.000    176.085    -1.5195  27.123802    -1.5183  27.123660     6.3570     6.5667     0.0423    98.1984 1.0000e-12  -73.88322 -111.33466  42.382998      99.96 3.3862e+01    393.065       9435  1028.2427  1028.2413     4.6583     0.0805     0.1158    34.0331    34.0315    8.39607         24 0.0000e+00
    179.000    177.073    -1.5198  27.124307    -1.5185  27.124237     6.3608     6.5586     0.0495    98.2130 1.0000e-12  -73.88322 -111.33466  42.383010      99.95 3.3275e+01    394.025       9458  1028.2478  1028.2465     4.6591     0.0803     0.1133    34.0334    34.0319    8.39610         23 0.0000e+00
    180.000    178.062    -1.5197  27.125325    -1.5185  27.125194     6.3561     6.5442     0.0812    98.1999 1.0000e-12  -73.88322 -111.33466  42.383021      99.95 3.4178e+01    394.993       9481  1028.2532  1028.2519     4.6584     0.0791     0.1137    34.0341    34.0326    8.39604         23 0.0000e+00
    181.000    179.051    -1.5190  27.126829    -1.5179  27.126494     6.3459     6.5351     0.0837    98.2054 1.0000e-12  -73.88322 -111.33466  42.383032      99.95 3.4108e+01    395.960       9504  1028.2585  1028.2570     4.6587     0.0798     0.1139    34.0348    34.0330    8.39584         23 0.0000e+00
    182.000    180.040    -1.5126  27.133913    -1.5113  27.133751     6.3432     6.5343     0.0340    98.1740 1.0000e-12  -73.88322 -111.33466  42.383043      99.44 3.3341e+01    396.917       9527  1028.2645  1028.2630     4.6572     0.0803     0.1139    34.0367    34.0349    8.39430         23 0.0000e+00
    183.000    181.028    -1.5100  27.137634    -1.5088  27.137345     6.3468     6.5325     0.0576    98.1471 1.0000e-12  -73.88322 -111.33465  42.383054      95.52 3.3879e+01    397.876       9550  1028.2703  1028.2689     4.6560     0.0778     0.1145    34.0382    34.0364    8.39361         23 0.0000e+00
    184.000    182.017    -1.5093  27.139975    -1.5082  27.139862     6.3445     6.5336     0.0437    98.1767 1.0000e-12  -73.88322 -111.33465  42.383065      99.91 3.4444e+01    398.845       9573  1028.2766  1028.2754     4.6573     0.0765     0.1130    34.0400    34.0385    8.39334         24 0.0000e+00
    185.000    183.006    -1.5092  27.141602    -1.5081  27.141436     6.3483     6.5308     0.0501    98.2005 1.0000e-12  -73.88322 -111.33465  42.383077      99.95 3.3813e+01    399.816       9597  1028.2827  1028.2814     4.6585     0.0758     0.1139    34.0415    34.0400    8.39324         23 0.0000e+00
    186.000    183.994    -1.5055  27.147801    -1.5041  27.147630     6.3436     6.5373     0.0333    98.1854 1.0000e-12  -73.88322 -111.33465  42.383088      99.96 3.4105e+01    400.780       9620  1028.2902  1028.2888     4.6577     0.0775     0.1139    34.0452    34.0434    8.39217         23 0.0000e+00
    187.000    184.984    -1.5019  27.152136    -1.5007  27.151903     6.3389     6.5392     0.0333    98.1931 1.0000e-12  -73.88322 -111.33465  42.383099      99.95 3.4720e+01    401.748       9643  1028.2960  1028.2945     4.6581     0.0815     0.1160    34.0465    34.0447    8.39130         23 0.0000e+00
    188.000    185.973    -1.5011  27.153828    -1.4997  27.153669     6.3413     6.5407     0.0436    98.1931 1.0000e-12  -73.88322 -111.33464  42.383110      99.95 3.4644e+01    402.716       9666  1028.3013  1028.2999     4.6581     0.0807     0.1152    34.0472    34.0455    8.39105         23 0.0000e+00
    189.000    186.960    -1.5008  27.154471    -1.4994  27.154417     6.3415     6.5418     0.0536    98.2380 1.0000e-12  -73.88322 -111.33464  42.383121      99.95 3.4231e+01    403.684       9689  1028.3061  1028.3047     4.6603     0.0841     0.1120    34.0471    34.0455    8.39100         24 0.0000e+00
    190.000    187.950    -1.5009  27.154924    -1.4995  27.154904     6.3373     6.5384     0.0695    98.1658 1.0000e-12  -73.88322 -111.33464  42.383133      99.95 3.5172e+01    404.657       9713  1028.3110  1028.3096     4.6568     0.0794     0.1148    34.0472    34.0456    8.39101         23 0.0000e+00
    191.000    188.939    -1.5008  27.155383    -1.4994  27.155347     6.3360     6.5272     0.0998    98.2415 1.0000e-12  -73.88322 -111.33464  42.383144      99.95 3.4720e+01    405.629       9736  1028.3158  1028.3145     4.6604     0.0795     0.1139    34.0472    34.0456    8.39100         23 0.0000e+00
    192.000    189.928    -1.4994  27.157331    -1.4983  27.156915     6.3401     6.5220     0.0798    98.1725 1.0000e-12  -73.88322 -111.33464  42.383155      99.96 3.3874e+01    406.589       9759  1028.3210  1028.3194     4.6572     0.0848     0.1134    34.0476    34.0458    8.39066         23 0.0000e+00
    193.000    190.916    -1.4952  27.162902    -1.4936  27.162932     6.3392     6.5212     0.1086    98.2258 1.0000e-12  -73.88322 -111.33464  42.383166      77.42 3.5100e+01    407.553       9782  1028.3273  1028.3259     4.6596     0.1281     0.1161    34.0499    34.0482    8.38957         24 0.0000e+00
    194.000    191.904    -1.4934  27.165335    -1.4923  27.164963     6.3290     6.5272     0.0723    98.2667 1.0000e-12  -73.88322 -111.33464  42.383177      70.96 3.5337e+01    408.517       9805  1028.3326  1028.3311     4.6616     0.0793     0.1160    34.0506    34.0488    8.38912         22 0.0000e+00
    195.000    192.894    -1.4918  27.167246    -1.4906  27.167215     6.3294     6.5325     0.0504    98.2746 1.0000e-12  -73.88322 -111.33464  42.383188      99.81 3.4454e+01    409.475       9828  1028.3376  1028.3363     4.6620     0.0798     0.1173    34.0508    34.0494    8.38876         24 0.0000e+00
    196.000    193.881    -1.4893  27.171401    -1.4879  27.171207     6.3348     6.5326     0.0607    98.1741 1.0000e-12  -73.88322 -111.33464  42.383200      98.99 3.5248e+01    410.447       9852  1028.3440  1028.3425     4.6573     0.0738     0.1144    34.0530    34.0511    8.38805         23 0.0000e+00
    197.000    194.871    -1.4878  27.173602    -1.4864  27.173457     6.3357     6.5312     0.0598    98.2618 1.0000e-12  -73.88322 -111.33464  42.383211      95.76 3.5258e+01    411.422       9875  1028.3493  1028.3479     4.6614     0.0752     0.1131    34.0537    34.0520    8.38767         23 0.0000e+00
    198.000    195.861    -1.4872  27.174701    -1.4860  27.174543     6.3404     6.5347     0.0390    98.3143 1.0000e-12  -73.88322 -111.33464  42.383222      99.98 3.4873e+01    412.381       9898  1028.3543  1028.3530     4.6638     0.0754     0.1103    34.0539    34.0523    8.38753         23 0.0000e+00
    199.000    196.849    -1.4854  27.178194    -1.4842  27.177833     6.3437     6.5354     0.0356    98.2621 1.0000e-12  -73.88322 -111.33464  42.383233      99.95 3.5338e+01    413.340       9921  1028.3607  1028.3592     4.6615     0.0746     0.1120    34.0560    34.0543    8.38699         23 0.0000e+00
    200.000    197.837    -1.4857  27.179978    -1.4844  27.179822     6.3412     6.5362     0.0728    98.2863 1.0000e-12  -73.88322 -111.33464  42.383244      99.96 3.5257e+01    414.306       9944  1028.3674  1028.3660     4.6626     0.0768     0.1194    34.0583    34.0565    8.38693         23 0.0000e+00
    201.000    198.826    -1.4842  27.183072    -1.4829  27.182977     6.3405     6.5317     0.0363    98.3163 1.0000e-12  -73.88322 -111.33464  42.383255      99.95 3.4380e+01    415.267       9967  1028.3738  1028.3724     4.6639     0.0753     0.1133    34.0603    34.0586    8.38649         24 0.0000e+00
    202.000    199.815    -1.4833  27.185313    -1.4819  27.185234     6.3424     6.5239     0.2294    98.3240 1.0000e-12  -73.88322 -111.33464  42.383267      99.95 3.5476e+01    416.239       9991  1028.3796  1028.3782     4.6643     0.0790     0.1122    34.0616    34.0600    8.38618         23 0.0000e+00
    203.000    200.802    -1.4823  27.187421    -1.4809  27.187329     6.3352     6.5276     0.5467    98.3286 1.0000e-12  -73.88322 -111.33464  42.383278      99.95 3.5488e+01    417.217      10014  1028.3854  1028.3839     4.6645     0.0782     0.1121    34.0628    34.0610    8.38590         23 0.0000e+00
    204.000    201.793    -1.4817  27.188665    -1.4803  27.188614     6.3427     6.5344     0.2382    98.3353 1.0000e-12  -73.88322 -111.33464  42.383289      99.95 3.5256e+01    418.175      10037  1028.3905  1028.3891     4.6648     0.0816     0.1105    34.0632    34.0616    8.38573         23 0.0000e+00
    205.000    202.779    -1.4819  27.189449    -1.4807  27.189337     6.3453     6.5372     0.0459    98.2041 1.0000e-12  -73.88322 -111.33464  42.383300      99.96 3.6102e+01    419.126      10060  1028.3959  1028.3945     4.6587     0.0784     0.1100    34.0639    34.0623    8.38575         23 0.0000e+00
    206.000    203.770    -1.4822  27.190357    -1.4809  27.190249     6.3404     6.5336     0.0597    98.3255 1.0000e-12  -73.88322 -111.33464  42.383311      99.95 3.5568e+01    420.077      10083  1028.4015  1028.4002     4.6643     0.1046     0.1142    34.0648    34.0633    8.38575         23 0.0000e+00
    207.000    204.758    -1.4818  27.192428    -1.4804  27.192400     6.3542     6.5406     0.0196    98.2633 1.0000e-12  -73.88322 -111.33464  42.383322      99.95 3.4808e+01    421.029      10106  1028.4078  1028.4064     4.6614     0.0882     0.1107    34.0667    34.0650    8.38556         23 0.0000e+00
    208.000    205.747    -1.4814  27.194222    -1.4799  27.194122     6.3535     6.5462     0.0153    98.1661 1.0000e-12  -73.88322 -111.33464  42.383333      99.95 3.5861e+01    421.991      10129  1028.4136  1028.4121     4.6568     0.0749     0.1110    34.0680    34.0662    8.38537         23 0.0000e+00
