ocean_section_plots/required_files/ctd/dnbp2202_ctd014.cnv
* Sea-Bird SBE 9 Data File:
* FileName = D:\Data\raw\NBP2202_CTD014.hex
* Software Version Seasave V 7.26.7.121
* Temperature SN = 1649
* Conductivity SN = 2513
* Number of Bytes Per Scan = 40
* Number of Voltage Words = 5
* Number of Scans Averaged by the Deck Unit = 1
* NMEA Latitude = 73 04.22 S
* NMEA Longitude = 113 43.81 W
* NMEA UTC (Time) = Jan 17 2022  02:24:06
* NMEA baud rate = 9600
** Ship: RVIB N.B. Palmer
** Cruise: NBP2202 Thwaites
** Station: #9
** Operator: A. Robinson
# nquan = 25
# nvalues = 497                         
# units = specified
# name 0 = prDM: Pressure, Digiquartz [db]
# name 1 = depSM: Depth [salt water, m]
# name 2 = t090C: Temperature [ITS-90, deg C]
# name 3 = c0mS/cm: Conductivity [mS/cm]
# name 4 = t190C: Temperature, 2 [ITS-90, deg C]
# name 5 = c1mS/cm: Conductivity, 2 [mS/cm]
# name 6 = sbeox0ML/L: Oxygen, SBE 43 [ml/l]
# name 7 = sbeox1ML/L: Oxygen, SBE 43, 2 [ml/l]
# name 8 = flECO-AFL: Fluorescence, WET Labs ECO-AFL/FL [mg/m^3]
# name 9 = CStarTr0: Beam Transmission, WET Labs C-Star [%]
# name 10 = par: PAR/Irradiance, Biospherical/Licor
# name 11 = latitude: Latitude [deg]
# name 12 = longitude: Longitude [deg]
# name 13 = timeJ: Julian Days
# name 14 = altM: Altimeter [m]
# name 15 = spar: SPAR, Biospherical/Licor
# name 16 = timeS: Time, Elapsed [seconds]
# name 17 = scan: Scan Count
# name 18 = density00: Density [density, kg/m^3]
# name 19 = density11: Density, 2 [density, kg/m^3]
# name 20 = sal00: Salinity, Practical [PSU]
# name 21 = sal11: Salinity, Practical, 2 [PSU]
# name 22 = oxsolML/L: Oxygen Saturation, Garcia & Gordon [ml/l]
# name 23 = nbin: number of scans per bin
# name 24 = flag: flag
# span 0 =      3.000,    499.000       
# span 1 =      2.968,    493.267       
# span 2 =    -1.6199,     0.5189       
# span 3 =  26.962019,  29.379187       
# span 4 =    -1.6193,     0.5215       
# span 5 =  26.961760,  29.379126       
# span 6 =     4.5647,     8.7661       
# span 7 =     4.8328,     9.3231       
# span 8 =    -0.0181,    27.9918       
# span 9 =    69.0528,    97.8237       
# span 10 = -2.198e-05, 6.9187e+01      
# span 11 =  -73.07044,  -73.07042      
# span 12 = -113.73035, -113.73028      
# span 13 =  17.102995,  17.111936      
# span 14 =       5.18,     101.59      
# span 15 = 1.0326e+02, 1.9921e+02      
# span 16 =    252.777,   1025.258      
# span 17 =       6068,      24607      
# span 18 =  1027.2342,  1030.0843      
# span 19 =  1027.2329,  1030.0814      
# span 20 =    33.8797,    34.5656      
# span 21 =    33.8778,    34.5625      
# span 22 =    7.92703,    8.42305      
# span 23 =         17,         61      
# span 24 = 0.0000e+00, 0.0000e+00      
# interval = decibars: 1                
# start_time = Jan 17 2022 02:24:06 [NMEA time, header]
# bad_flag = -9.990e-29
*END*
[from data line 348]
    351.000    347.091    -0.3780  28.348229    -0.3758  28.347432     5.1115     5.4202    -0.0058    97.6953 1.0000e-12  -73.07044 -113.73032  17.109017      99.91 1.2340e+02    773.090      18555  1029.2275  1029.2245    34.2971    34.2935    8.12981         33 0.0000e+00
    352.000    348.080    -0.3739  28.352671    -0.3717  28.352038     5.0978     5.4086    -0.0056    97.6870 1.0000e-12  -73.07044 -113.73032  17.109035      99.91 1.2340e+02    774.658      18593  1029.2328  1029.2300    34.2978    34.2945    8.12889         31 0.0000e+00
    353.000    349.067    -0.3682  28.358747    -0.3661  28.358226     5.0900     5.4010    -0.0072    97.6175 1.0000e-12  -73.07044 -113.73032  17.109049      99.92 1.2348e+02    775.816      18621  1029.2382  1029.2356    34.2989    34.2959    8.12762         24 0.0000e+00
    354.000    350.056    -0.3520  28.375875    -0.3497  28.375080     5.0750     5.3849    -0.0062    97.6331 1.0000e-12  -73.07043 -113.73032  17.109060      99.91 1.2318e+02    776.780      18644  1029.2450  1029.2419    34.3030    34.2993    8.12393         24 0.0000e+00
    355.000    351.044    -0.3415  28.386318    -0.3390  28.385909     5.0524     5.3605     0.0010    97.6638 1.0000e-12  -73.07042 -113.73032  17.109072      99.92 1.2268e+02    777.833      18669  1029.2502  1029.2475    34.3045    34.3012    8.12159         27 0.0000e+00
    356.000    352.031    -0.3144  28.414373    -0.3116  28.413442     5.0447     5.3512     0.0069    97.6643 1.0000e-12  -73.07042 -113.73032  17.109086      99.91 1.2202e+02    779.019      18697  1029.2581  1029.2544    34.3108    34.3065    8.11545         30 0.0000e+00
    357.000    353.019    -0.2965  28.432181    -0.2944  28.431525     5.0366     5.3659     0.0017    97.6681 1.0000e-12  -73.07042 -113.73032  17.109101      91.80 1.2164e+02    780.342      18729  1029.2642  1029.2615    34.3139    34.3107    8.11146         31 0.0000e+00
    358.000    354.009    -0.2961  28.433114    -0.2939  28.432595     5.0391     5.3184     0.0017    97.6604 1.0000e-12  -73.07042 -113.73032  17.109117      93.56 1.2164e+02    781.691      18762  1029.2694  1029.2667    34.3141    34.3109    8.11137         32 0.0000e+00
    359.000    354.996    -0.2957  28.433901    -0.2935  28.433350     5.0333     5.3355    -0.0056    97.6331 1.0000e-12  -73.07042 -113.73032  17.109132     100.01 1.2164e+02    782.997      18793  1029.2744  1029.2717    34.3141    34.3109    8.11129         30 0.0000e+00
    360.000    355.984    -0.2922  28.438000    -0.2889  28.438511     5.0246     5.3282    -0.0039    97.6166 1.0000e-12  -73.07042 -113.73032  17.109146      99.91 1.2164e+02    784.224      18822  1029.2799  1029.2771    34.3151    34.3120    8.11049         29 0.0000e+00
    361.000    356.971    -0.2816  28.449349    -0.2791  28.449043     5.0224     5.3219    -0.0003    97.6325 1.0000e-12  -73.07042 -113.73032  17.109160      99.92 1.2164e+02    785.393      18850  1029.2860  1029.2833    34.3176    34.3145    8.10808         27 0.0000e+00
    362.000    357.961    -0.2790  28.452328    -0.2768  28.451869     5.0221     5.3202    -0.0075    97.6160 1.0000e-12  -73.07042 -113.73032  17.109172      99.91 1.2164e+02    786.480      18877  1029.2911  1029.2885    34.3181    34.3150    8.10750         25 0.0000e+00
    363.000    358.948    -0.2699  28.462360    -0.2674  28.462195     5.0160     5.3162    -0.0112    97.6256 1.0000e-12  -73.07042 -113.73032  17.109184      99.91 1.2164e+02    787.538      18902  1029.2973  1029.2947    34.3207    34.3176    8.10542         27 0.0000e+00
    364.000    359.936    -0.2631  28.469742    -0.2609  28.469076     5.0143     5.3112    -0.0063    97.6065 1.0000e-12  -73.07042 -113.73032  17.109198      99.92 1.2164e+02    788.710      18930  1029.3029  1029.3001    34.3222    34.3189    8.10389         29 0.0000e+00
    365.000    360.924    -0.2552  28.478337    -0.2529  28.477763     5.0059     5.3075    -0.0114    97.5896 1.0000e-12  -73.07042 -113.73032  17.109215      99.91 1.2164e+02    790.196      18966  1029.3088  1029.3060    34.3241    34.3208    8.10208         40 0.0000e+00
    366.000    361.912    -0.2499  28.484242    -0.2476  28.483749     5.0086     5.3014    -0.0068    97.5826 1.0000e-12  -73.07042 -113.73032  17.109234      99.91 1.2107e+02    791.780      19004  1029.3144  1029.3116    34.3255    34.3222    8.10089         34 0.0000e+00
    367.000    362.899    -0.2462  28.490295    -0.2439  28.489892     4.9959     5.2939    -0.0113    97.5811 1.0000e-12  -73.07042 -113.73032  17.109249      99.91 1.2059e+02    793.086      19035  1029.3216  1029.3190    34.3287    34.3256    8.09991         30 0.0000e+00
    368.000    363.888    -0.2329  28.503799    -0.2303  28.503427     5.0023     5.3021    -0.0061    97.5760 1.0000e-12  -73.07042 -113.73032  17.109263      87.64 1.2040e+02    794.293      19064  1029.3274  1029.3245    34.3312    34.3278    8.09695         27 0.0000e+00
    369.000    364.877    -0.2317  28.505680    -0.2296  28.505408     5.0195     5.3139    -0.0096    97.5485 1.0000e-12  -73.07042 -113.73032  17.109275      99.07 1.2008e+02    795.390      19090  1029.3327  1029.3304    34.3318    34.3291    8.09667         26 0.0000e+00
    370.000    365.863    -0.2467  28.493334    -0.2454  28.492514     5.0239     5.3198    -0.0128    97.5640 1.0000e-12  -73.07042 -113.73032  17.109289      99.90 1.1988e+02    796.613      19120  1029.3387  1029.3366    34.3316    34.3290    8.09986         33 0.0000e+00
    371.000    366.853    -0.2475  28.495480    -0.2447  28.495028     5.0051     5.3057    -0.0180    97.5482 1.0000e-12  -73.07042 -113.73032  17.109306      99.91 1.1988e+02    798.055      19154  1029.3461  1029.3429    34.3347    34.3310    8.09985         34 0.0000e+00
    372.000    367.840    -0.2286  28.514878    -0.2262  28.514090     4.9928     5.2901    -0.0041    97.5405 1.0000e-12  -73.07042 -113.73032  17.109324      99.92 1.1998e+02    799.600      19191  1029.3526  1029.3494    34.3387    34.3350    8.09561         38 0.0000e+00
    373.000    368.827    -0.2154  28.528329    -0.2131  28.527643     4.9635     5.2573    -0.0154    97.5301 1.0000e-12  -73.07042 -113.73032  17.109342      99.91 1.1973e+02    801.133      19228  1029.3584  1029.3554    34.3412    34.3377    8.09267         36 0.0000e+00
    374.000    369.815    -0.1942  28.550030    -0.1914  28.549092     4.9187     5.2230    -0.0066    97.5336 1.0000e-12  -73.07042 -113.73032  17.109358      99.91 1.1942e+02    802.568      19263  1029.3650  1029.3613    34.3457    34.3413    8.08793         31 0.0000e+00
    375.000    370.803    -0.1523  28.590745    -0.1500  28.589977     4.9065     5.2048     0.0147    97.5267 1.0000e-12  -73.07042 -113.73032  17.109372      99.91 1.1929e+02    803.712      19290  1029.3716  1029.3684    34.3522    34.3485    8.07869         24 0.0000e+00
    376.000    371.792    -0.1394  28.604464    -0.1371  28.603789     4.8999     5.1985    -0.0106    97.5032 1.0000e-12  -73.07042 -113.73032  17.109382      99.92 1.1921e+02    804.605      19312  1029.3779  1029.3749    34.3552    34.3517    8.07578         21 0.0000e+00
    377.000    372.778    -0.1286  28.615829    -0.1264  28.615128     4.9017     5.1950    -0.0069    97.4989 1.0000e-12  -73.07042 -113.73032  17.109394      99.91 1.1909e+02    805.617      19336  1029.3840  1029.3811    34.3577    34.3542    8.07337         29 0.0000e+00
    378.000    373.768    -0.1239  28.621420    -0.1213  28.620827     4.8960     5.1898    -0.0086    97.4696 1.0000e-12  -73.07042 -113.73033  17.109414      89.13 1.1900e+02    807.355      19378  1029.3900  1029.3868    34.3591    34.3555    8.07227         36 0.0000e+00
    379.000    374.755    -0.1140  28.632324    -0.1116  28.631728     4.8924     5.1825    -0.0135    97.4590 1.0000e-12  -73.07042 -113.73032  17.109434     100.23 1.1809e+02    809.065      19419  1029.3965  1029.3936    34.3619    34.3585    8.07004         32 0.0000e+00
    380.000    375.743    -0.1084  28.639172    -0.1065  28.638452     4.8901     5.1828     0.0145    97.4736 1.0000e-12  -73.07042 -113.73032  17.109447      99.91 1.1811e+02    810.221      19446  1029.4028  1029.4001    34.3642    34.3610    8.06873         24 0.0000e+00
    381.000    376.731    -0.1009  28.648244    -0.0987  28.647526     4.8910     5.1831     0.0056    97.4623 1.0000e-12  -73.07042 -113.73032  17.109457      99.91 1.1811e+02    811.120      19468  1029.4095  1029.4066    34.3672    34.3637    8.06698         21 0.0000e+00
    382.000    377.719    -0.0921  28.658614    -0.0899  28.657942     4.8936     5.1792    -0.0004    97.4593 1.0000e-12  -73.07042 -113.73032  17.109468      99.91 1.1811e+02    812.063      19491  1029.4163  1029.4134    34.3704    34.3670    8.06493         26 0.0000e+00
    383.000    378.706    -0.0882  28.663977    -0.0858  28.663263     4.8946     5.1835    -0.0029    97.4360 1.0000e-12  -73.07042 -113.73034  17.109485      99.91 1.1811e+02    813.464      19524  1029.4227  1029.4196    34.3725    34.3689    8.06399         39 0.0000e+00
    384.000    379.694    -0.0864  28.667040    -0.0842  28.666384     4.8901     5.1834     0.0000    97.4324 1.0000e-12  -73.07042 -113.73034  17.109504      99.91 1.1811e+02    815.156      19565  1029.4288  1029.4259    34.3740    34.3707    8.06353         35 0.0000e+00
    385.000    380.682    -0.0836  28.670837    -0.0814  28.670010     4.8718     5.1629    -0.0102    97.4305 1.0000e-12  -73.07042 -113.73034  17.109520      99.91 1.1811e+02    816.564      19599  1029.4344  1029.4315    34.3753    34.3718    8.06286         31 0.0000e+00
    386.000    381.671    -0.0541  28.701457    -0.0509  28.700762     4.8476     5.1407    -0.0062    97.4421 1.0000e-12  -73.07042 -113.73033  17.109535      99.92 1.1811e+02    817.820      19629  1029.4422  1029.4384    34.3821    34.3776    8.05625         30 0.0000e+00
    387.000    382.658    -0.0326  28.721662    -0.0302  28.721234     4.8389     5.1339    -0.0127    97.4368 1.0000e-12  -73.07042 -113.73033  17.109550      78.91 1.1811e+02    819.093      19659  1029.4471  1029.4443    34.3843    34.3809    8.05162         30 0.0000e+00
    388.000    383.647    -0.0288  28.725812    -0.0263  28.725321     4.8388     5.1259    -0.0073    97.4357 1.0000e-12  -73.07042 -113.73033  17.109566      87.59 1.1811e+02    820.483      19693  1029.4523  1029.4493    34.3848    34.3814    8.05078         34 0.0000e+00
    389.000    384.633    -0.0226  28.732135    -0.0204  28.731322     4.8309     5.1216    -0.0023    97.4441 1.0000e-12  -73.07042 -113.73034  17.109582      98.44 1.1811e+02    821.907      19727  1029.4574  1029.4544    34.3856    34.3821    8.04943         34 0.0000e+00
    390.000    385.621    -0.0096  28.747783    -0.0070  28.747166     4.8287     5.1194    -0.0089    97.4515 1.0000e-12  -73.07042 -113.73034  17.109598      99.92 1.1811e+02    823.268      19759  1029.4657  1029.4626    34.3912    34.3875    8.04639         30 0.0000e+00
    391.000    386.609    -0.0063  28.751632    -0.0041  28.750870     4.8294     5.1181    -0.0024    97.4586 1.0000e-12  -73.07042 -113.73034  17.109614      99.91 1.1806e+02    824.655      19793  1029.4711  1029.4682    34.3921    34.3885    8.04566         33 0.0000e+00
    392.000    387.598    -0.0029  28.755638    -0.0003  28.755407     4.8250     5.1084    -0.0035    97.4827 1.0000e-12  -73.07043 -113.73034  17.109632      81.51 1.1771e+02    826.211      19830  1029.4765  1029.4738    34.3929    34.3897    8.04488         36 0.0000e+00
    393.000    388.585     0.0026  28.761997     0.0052  28.761639     4.8181     5.1029    -0.0062    97.4870 1.0000e-12  -73.07042 -113.73034  17.109649      82.97 1.1725e+02    827.685      19865  1029.4823  1029.4794    34.3945    34.3912    8.04364         33 0.0000e+00
    394.000    389.574     0.0114  28.771782     0.0139  28.771552     4.8136     5.0992    -0.0034    97.4871 1.0000e-12  -73.07042 -113.73034  17.109663     100.22 1.1686e+02    828.876      19894  1029.4884  1029.4858    34.3970    34.3939    8.04165         24 0.0000e+00
    395.000    390.560     0.0166  28.777469     0.0187  28.776783     4.8106     5.0955    -0.0034    97.4882 1.0000e-12  -73.07042 -113.73034  17.109674      99.91 1.1664e+02    829.849      19917  1029.4938  1029.4910    34.3982    34.3948    8.04051         24 0.0000e+00
    396.000    391.548     0.0209  28.782614     0.0233  28.782172     4.8123     5.0875     0.0052    97.4959 1.0000e-12  -73.07042 -113.73034  17.109687      99.91 1.1691e+02    830.927      19943  1029.4993  1029.4966    34.3995    34.3963    8.03952         28 0.0000e+00
    397.000    392.536     0.0270  28.789654     0.0292  28.788874     4.8113     5.0945    -0.0094    97.4833 1.0000e-12  -73.07042 -113.73034  17.109702      90.60 1.1665e+02    832.236      19975  1029.5052  1029.5023    34.4014    34.3979    8.03814         35 0.0000e+00
    398.000    393.524     0.0305  28.794723     0.0327  28.794227     4.8129     5.0942    -0.0070    97.4858 1.0000e-12  -73.07042 -113.73034  17.109718      84.63 1.1658e+02    833.652      20009  1029.5116  1029.5089    34.4036    34.4004    8.03728         32 0.0000e+00
    399.000    394.512     0.0343  28.799729     0.0363  28.798916     4.8174     5.0965    -0.0083    97.4859 1.0000e-12  -73.07042 -113.73034  17.109733     100.44 1.1634e+02    834.896      20038  1029.5176  1029.5147    34.4054    34.4020    8.03639         26 0.0000e+00
    400.000    395.499     0.0400  28.807089     0.0422  28.806522     4.8242     5.0984    -0.0053    97.4711 1.0000e-12  -73.07043 -113.73034  17.109744      99.91 1.1635e+02    835.892      20062  1029.5240  1029.5213    34.4080    34.4049    8.03502         24 0.0000e+00
    401.000    396.488     0.0328  28.802392     0.0348  28.802105     4.8253     5.1043    -0.0046    97.4919 1.0000e-12  -73.07043 -113.73034  17.109757      61.90 1.1635e+02    836.982      20089  1029.5306  1029.5283    34.4094    34.4067    8.03648         30 0.0000e+00
    402.000    397.476     0.0277  28.798608     0.0297  28.798022     4.8388     5.1202     0.0004    97.4919 1.0000e-12  -73.07042 -113.73034  17.109774      99.81 1.1635e+02    838.491      20125  1029.5360  1029.5334    34.4095    34.4064    8.03753         35 0.0000e+00
    403.000    398.463     0.0172  28.790361     0.0191  28.789830     4.8530     5.1421    -0.0112    97.4895 1.0000e-12  -73.07042 -113.73033  17.109790      99.92 1.1635e+02    839.862      20158  1029.5419  1029.5396    34.4097    34.4069    8.03972         28 0.0000e+00
    404.000    399.452     0.0025  28.778606     0.0058  28.779476     4.8723     5.1590     0.0061    97.5098 1.0000e-12  -73.07042 -113.73033  17.109802      99.91 1.1635e+02    840.909      20183  1029.5482  1029.5460    34.4100    34.4075    8.04278         22 0.0000e+00
    405.000    400.438    -0.0089  28.768697    -0.0071  28.768145     4.8863     5.1750    -0.0009    97.5290 1.0000e-12  -73.07043 -113.73033  17.109812      99.91 1.1635e+02    841.792      20204  1029.5533  1029.5510    34.4092    34.4065    8.04523         22 0.0000e+00
    406.000    401.426    -0.0291  28.751582    -0.0272  28.751431     4.8980     5.1787    -0.0018    97.5633 1.0000e-12  -73.07043 -113.73033  17.109825      99.66 1.1635e+02    842.862      20230  1029.5592  1029.5572    34.4086    34.4063    8.04951         31 0.0000e+00
    407.000    402.414    -0.0304  28.752494    -0.0276  28.752284     4.8730     5.1580    -0.0036    97.6061 1.0000e-12  -73.07043 -113.73033  17.109843      98.86 1.1635e+02    844.472      20268  1029.5655  1029.5626    34.4107    34.4072    8.04967         36 0.0000e+00
