ocean_section_plots/required_files/ctd/dnbp2202_ctd115.cnv
* Sea-Bird SBE 9 Data File:
* FileName = D:\Data\raw\NBP2202_CTD115.hex
* Software Version Seasave V 7.26.7.121
* Temperature SN = 1649
* Conductivity SN = 2513
* Number of Bytes Per Scan = 40
* Number of Voltage Words = 5
* Number of Scans Averaged by the Deck Unit = 1
* NMEA Latitude = 74 10.52 S
* NMEA Longitude = 113 20.65 W
* NMEA UTC (Time) = Jan 27 2022  08:48:00
* NMEA baud rate = 9600
** Ship: RVIB N.B. Palmer
** Cruise: NBP2202 Thwaites
** Station: YoYo001
** Operator: B. Bjork
# nquan = 25
# nvalues = 607                         
# units = specified
# name 0 = prDM: Pressure, Digiquartz [db]
# name 1 = depSM: Depth [salt water, m]
# name 2 = t090C: Temperature [ITS-90, deg C]
# name 3 = c0mS/cm: Conductivity [mS/cm]
# name 4 = t190C: Temperature, 2 [ITS-90, deg C]
# name 5 = c1mS/cm: Conductivity, 2 [mS/cm]
# name 6 = sbeox0ML/L: Oxygen, SBE 43 [ml/l]
# name 7 = sbeox1ML/L: Oxygen, SBE 43, 2 [ml/l]
# name 8 = flECO-AFL: Fluorescence, WET Labs ECO-AFL/FL [mg/m^3]
# name 9 = CStarTr0: Beam Transmission, WET Labs C-Star [%]
# name 10 = par: PAR/Irradiance, Biospherical/Licor
# name 11 = latitude: Latitude [deg]
# name 12 = longitude: Longitude [deg]
# name 13 = timeJ: Julian Days
# name 14 = altM: Altimeter [m]
# name 15 = spar: SPAR, Biospherical/Licor
# name 16 = timeS: Time, Elapsed [seconds]
# name 17 = scan: Scan Count
# name 18 = density00: Density [density, kg/m^3]
# name 19 = density11: Density, 2 [density, kg/m^3]
# name 20 = sal00: Salinity, Practical [PSU]
# name 21 = sal11: Salinity, Practical, 2 [PSU]
# name 22 = oxsolML/L: Oxygen Saturation, Garcia & Gordon [ml/l]
# name 23 = nbin: number of scans per bin
# name 24 = flag: flag
# span 0 =     10.000,    616.000       
# span 1 =      9.897,    608.718       
# span 2 =    -1.4423,     0.1195       
# span 3 =  26.987078,  28.954705       
# span 4 =    -1.4401,     0.1219       
# span 5 =  26.987816,  28.954644       
# span 6 =     4.6753,     8.5677       
# span 7 =     4.7271,     8.5843       
# span 8 =    -0.0224,    23.8173       
# span 9 =    69.8013,    95.5711       
# span 10 = 1.0000e-12, 1.6099e+00      
# span 11 =  -74.17538,  -74.17536      
# span 12 = -113.34426, -113.34422      
# span 13 =  27.367015,  27.374260      
# span 14 =       8.13,     100.05      
# span 15 = 7.7566e+01, 8.4618e+01      
# span 16 =     30.079,    656.081      
# span 17 =        723,      15747      
# span 18 =  1027.2220,  1030.5204      
# span 19 =  1027.2205,  1030.5183      
# span 20 =    33.7899,    34.3885      
# span 21 =    33.7882,    34.3858      
# span 22 =    8.01949,    8.39155      
# span 23 =         12,         58      
# span 24 = 0.0000e+00, 0.0000e+00      
# interval = decibars: 1                
# start_time = Jan 27 2022 08:48:00 [NMEA time, header]
# bad_flag = -9.990e-29
*END*
[from data line 580]
    590.000    583.061     0.0828  28.907917     0.0851  28.907864     4.6938     4.7514    -0.0118    95.0671 1.0000e-12  -74.17536 -113.34424  27.373681      35.23 8.3911e+01    606.036      14546  1030.3964  1030.3942    34.3813    34.3788    8.02757         25 0.0000e+00
    591.000    584.050     0.0828  28.908297     0.0848  28.907917     4.6948     4.7472    -0.0169    95.0762 1.0000e-12  -74.17536 -113.34424  27.373693      34.16 8.4005e+01    607.039      14570  1030.4010  1030.3988    34.3812    34.3785    8.02757         23 0.0000e+00
    592.000    585.037     0.0829  28.908973     0.0850  28.908595     4.6917     4.7523    -0.0127    95.0474 1.0000e-12  -74.17536 -113.34424  27.373704      33.09 8.3842e+01    608.046      14594  1030.4059  1030.4035    34.3814    34.3786    8.02754         25 0.0000e+00
    593.000    586.024     0.0833  28.909707     0.0856  28.909667     4.6940     4.7488    -0.0030    95.0685 1.0000e-12  -74.17536 -113.34424  27.373716      32.03 8.3955e+01    609.050      14618  1030.4106  1030.4083    34.3814    34.3788    8.02747         24 0.0000e+00
    594.000    587.010     0.0844  28.911301     0.0869  28.911258     4.6932     4.7496    -0.0167    95.0200 1.0000e-12  -74.17536 -113.34424  27.373727      30.98 8.3666e+01    610.052      14642  1030.4154  1030.4130    34.3817    34.3789    8.02722         24 0.0000e+00
    595.000    587.998     0.0855  28.912676     0.0876  28.912344     4.6898     4.7452    -0.0078    95.0532 1.0000e-12  -74.17536 -113.34424  27.373739      30.10 8.4326e+01    611.068      14667  1030.4200  1030.4177    34.3817    34.3789    8.02698         25 0.0000e+00
    596.000    588.984     0.0865  28.914023     0.0887  28.913824     4.6911     4.7456    -0.0092    95.0764 1.0000e-12  -74.17536 -113.34424  27.373751      28.96 8.4054e+01    612.126      14692  1030.4248  1030.4225    34.3818    34.3791    8.02678         25 0.0000e+00
    597.000    589.971     0.0888  28.916594     0.0893  28.914987     4.6905     4.7427    -0.0091    95.0687 1.0000e-12  -74.17536 -113.34424  27.373764      27.93 8.3964e+01    613.224      14718  1030.4295  1030.4273    34.3820    34.3793    8.02629         27 0.0000e+00
    598.000    590.958     0.0920  28.920117     0.0947  28.920312     4.6867     4.7394    -0.0090    95.0543 1.0000e-12  -74.17536 -113.34424  27.373777      26.96 8.3862e+01    614.362      14746  1030.4343  1030.4319    34.3825    34.3797    8.02558         28 0.0000e+00
    599.000    591.945     0.0952  28.923606     0.0976  28.923558     4.6833     4.7405    -0.0012    95.0434 1.0000e-12  -74.17536 -113.34424  27.373791      25.96 8.4175e+01    615.513      14773  1030.4391  1030.4367    34.3829    34.3801    8.02489         28 0.0000e+00
    600.000    592.931     0.0984  28.927056     0.1015  28.927760     4.6840     4.7371    -0.0091    95.0768 1.0000e-12  -74.17536 -113.34424  27.373804      24.85 8.4363e+01    616.667      14801  1030.4438  1030.4416    34.3833    34.3808    8.02421         28 0.0000e+00
    601.000    593.918     0.1025  28.931561     0.1036  28.930174     4.6862     4.7398    -0.0142    95.0838 1.0000e-12  -74.17536 -113.34424  27.373818      23.89 8.4366e+01    617.843      14829  1030.4488  1030.4463    34.3840    34.3810    8.02330         28 0.0000e+00
    602.000    594.906     0.1072  28.936512     0.1085  28.935458     4.6781     4.7390    -0.0090    95.0977 1.0000e-12  -74.17536 -113.34424  27.373831      22.83 8.4194e+01    619.033      14858  1030.4536  1030.4514    34.3847    34.3819    8.02227         29 0.0000e+00
    603.000    595.891     0.1092  28.939489     0.1129  28.940674     4.6789     4.7341    -0.0086    95.0883 1.0000e-12  -74.17536 -113.34424  27.373846      21.77 8.4332e+01    620.279      14888  1030.4591  1030.4567    34.3858    34.3833    8.02179         31 0.0000e+00
    604.000    596.879     0.1132  28.943874     0.1156  28.943921     4.6769     4.7345    -0.0132    95.0806 1.0000e-12  -74.17536 -113.34424  27.373861      20.74 8.4617e+01    621.600      14919  1030.4641  1030.4618    34.3866    34.3840    8.02092         32 0.0000e+00
    605.000    597.865     0.1143  28.945592     0.1165  28.945322     4.6824     4.7318    -0.0163    95.0865 1.0000e-12  -74.17536 -113.34424  27.373877      19.76 8.4618e+01    622.988      14953  1030.4691  1030.4667    34.3870    34.3842    8.02067         34 0.0000e+00
    606.000    598.853     0.1147  28.946230     0.1166  28.945921     4.6799     4.7271    -0.0097    95.1022 1.0000e-12  -74.17536 -113.34424  27.373893      18.73 8.4618e+01    624.384      14986  1030.4737  1030.4715    34.3868    34.3843    8.02059         34 0.0000e+00
    607.000    599.839     0.1154  28.947519     0.1178  28.947597     4.6776     4.7318    -0.0125    95.1082 1.0000e-12  -74.17536 -113.34424  27.373910      17.65 8.4618e+01    625.809      15020  1030.4787  1030.4764    34.3871    34.3846    8.02043         35 0.0000e+00
    608.000    600.826     0.1165  28.949229     0.1183  28.948569     4.6802     4.7337    -0.0110    95.1131 1.0000e-12  -74.17536 -113.34424  27.373928      16.64 8.4618e+01    627.344      15057  1030.4837  1030.4812    34.3876    34.3847    8.02017         36 0.0000e+00
    609.000    601.812     0.1169  28.949978     0.1189  28.949527     4.6753     4.7325    -0.0082    95.1117 1.0000e-12  -74.17536 -113.34424  27.373947      15.59 8.4618e+01    628.983      15097  1030.4884  1030.4860    34.3876    34.3848    8.02010         39 0.0000e+00
    610.000    602.799     0.1167  28.950254     0.1189  28.950114     4.6823     4.7343    -0.0139    95.1356 1.0000e-12  -74.17536 -113.34424  27.373967      14.54 8.4618e+01    630.751      15139  1030.4932  1030.4909    34.3876    34.3849    8.02014         39 0.0000e+00
    611.000    603.786     0.1186  28.952840     0.1208  28.952646     4.6797     4.7347    -0.0135    95.1484 1.0000e-12  -74.17536 -113.34424  27.373989      13.53 8.4618e+01    632.629      15184  1030.4982  1030.4959    34.3882    34.3855    8.01970         39 0.0000e+00
    612.000    604.773     0.1190  28.953654     0.1212  28.953522     4.6765     4.7331    -0.0092    95.1361 1.0000e-12  -74.17536 -113.34424  27.374012      12.45 8.4618e+01    634.671      15233  1030.5031  1030.5007    34.3884    34.3856    8.01962         43 0.0000e+00
    613.000    605.759     0.1195  28.954705     0.1219  28.954644     4.6806     4.7326    -0.0110    95.1391 1.0000e-12  -74.17536 -113.34424  27.374040      11.42 8.4618e+01    637.090      15291  1030.5078  1030.5055    34.3885    34.3858    8.01949         35 0.0000e+00
    614.000    606.744     0.1183  28.953462     0.1190  28.951724     4.6787     4.7328    -0.0096    95.1435 1.0000e-12  -74.17536 -113.34424  27.374073      10.37 8.4618e+01    639.866      15358  1030.5120  1030.5096    34.3876    34.3846    8.01979         34 0.0000e+00
    615.000    607.732     0.1114  28.946855     0.1144  28.947373     4.6832     4.7409    -0.0108    95.1669 1.0000e-12  -74.17536 -113.34424  27.374106       9.36 8.4618e+01    642.785      15428  1030.5161  1030.5138    34.3861    34.3835    8.02133         37 0.0000e+00
    616.000    608.718     0.1101  28.945756     0.1120  28.945432     4.6810     4.7392    -0.0104    95.1712 1.0000e-12  -74.17536 -113.34424  27.374260       8.13 8.4618e+01    656.081      15747  1030.5204  1030.5183    34.3856    34.3830    8.02164         58 0.0000e+00
