ocean_section_plots/required_files/ctd/dnbp2202_ctd215.cnv
* Sea-Bird SBE 9 Data File:
* FileName = D:\Data\raw\NBP2202_CTD215.hex
* Software Version Seasave V 7.26.7.121
* Temperature SN = 1649
* Conductivity SN = 2513
* Number of Bytes Per Scan = 40
* Number of Voltage Words = 5
* Number of Scans Averaged by the Deck Unit = 1
* NMEA Latitude = 73 58.28 S
* NMEA Longitude = 111 27.70 W
* NMEA UTC (Time) = Feb 11 2022  06:04:34
* NMEA baud rate = 9600
** Ship: RVIB N.B. Palmer
** Cruise: NBP2202 Thwaites
** Station: 127
** Operator: B. Bjork
# nquan = 28
# nvalues = 493                         
# units = specified
# name 0 = prDM: Pressure, Digiquartz [db]
# name 1 = depSM: Depth [salt water, m]
# name 2 = t090C: Temperature [ITS-90, deg C]
# name 3 = c0mS/cm: Conductivity [mS/cm]
# name 4 = t190C: Temperature, 2 [ITS-90, deg C]
# name 5 = c1mS/cm: Conductivity, 2 [mS/cm]
# name 6 = sbeox0ML/L: Oxygen, SBE 43 [ml/l]
# name 7 = sbeox1ML/L: Oxygen, SBE 43, 2 [ml/l]
# name 8 = flECO-AFL: Fluorescence, WET Labs ECO-AFL/FL [mg/m^3]
# name 9 = CStarTr0: Beam Transmission, WET Labs C-Star [%]
# name 10 = par: PAR/Irradiance, Biospherical/Licor
# name 11 = latitude: Latitude [deg]
# name 12 = longitude: Longitude [deg]
# name 13 = timeJ: Julian Days
# name 14 = altM: Altimeter [m]
# name 15 = spar: SPAR, Biospherical/Licor
# name 16 = timeS: Time, Elapsed [seconds]
# name 17 = scan: Scan Count
# name 18 = density00: Density [density, kg/m^3]
# name 19 = density11: Density, 2 [density, kg/m^3]
# name 20 = v3: Voltage 3
# name 21 = v4: Voltage 4
# name 22 = v5: Voltage 5
# name 23 = sal00: Salinity, Practical [PSU]
# name 24 = sal11: Salinity, Practical, 2 [PSU]
# name 25 = oxsolML/L: Oxygen Saturation, Garcia & Gordon [ml/l]
# name 26 = nbin: number of scans per bin
# name 27 = flag: flag
# span 0 =      2.000,    494.000       
# span 1 =      1.981,    488.312       
# span 2 =    -1.6294,     0.3080       
# span 3 =  26.923596,  29.146284       
# span 4 =    -1.6285,     0.3104       
# span 5 =  26.923754,  29.146284       
# span 6 =     4.6770,     8.8510       
# span 7 =     4.8150,     9.1567       
# span 8 =    -0.0141,    28.4622       
# span 9 =    71.3394,    97.9819       
# span 10 = -1.611e-05, 4.8997e+00      
# span 11 =  -73.97138,  -73.97138      
# span 12 = -111.46183, -111.46178      
# span 13 =  42.255106,  42.262875      
# span 14 =       6.02,     100.03      
# span 15 = 2.9310e+01, 4.3957e+01      
# span 16 =    167.164,    838.386      
# span 17 =       4013,      20122      
# span 18 =  1027.2013,  1030.0236      
# span 19 =  1027.2010,  1030.0210      
# span 20 =     3.3843,     4.6481      
# span 21 =     0.0649,     4.4821      
# span 22 =     0.1178,     0.2624      
# span 23 =    33.8090,    34.4990      
# span 24 =    33.8085,    34.4966      
# span 25 =    7.97414,    8.42613      
# span 26 =          4,         50      
# span 27 = 0.0000e+00, 0.0000e+00      
# interval = decibars: 1                
# start_time = Feb 11 2022 06:04:34 [NMEA time, header]
# bad_flag = -9.990e-29
*END*
[from data line 156]
    158.000    156.306    -1.5593  27.052089    -1.5585  27.051731     6.4531     6.6708     0.4376    96.9775 1.0000e-12  -73.97138 -111.46180  42.258108      99.93 3.7653e+01    426.552      10238  1028.1149  1028.1137     4.6005     0.1409     0.1352    33.9919    33.9904    8.40752         29 0.0000e+00
    159.000    157.296    -1.5611  27.051194    -1.5607  27.050762     6.4494     6.6684     0.4457    96.9344 1.0000e-12  -73.97138 -111.46180  42.258122      99.92 3.7448e+01    427.741      10267  1028.1199  1028.1191     4.5984     0.1305     0.1322    33.9920    33.9910    8.40791         29 0.0000e+00
    160.000    158.284    -1.5624  27.050866    -1.5615  27.050810     6.4533     6.6751     0.4878    96.6574 1.0000e-12  -73.97138 -111.46180  42.258136      99.93 3.5523e+01    428.929      10295  1028.1251  1028.1242     4.5853     0.1297     0.1315    33.9924    33.9913    8.40818         28 0.0000e+00
    161.000    159.273    -1.5646  27.049649    -1.5637  27.049658     6.4488     6.6747     0.3779    96.3582 1.0000e-12  -73.97138 -111.46180  42.258149      96.11 3.7487e+01    430.113      10324  1028.1302  1028.1294     4.5711     0.1399     0.1333    33.9926    33.9916    8.40868         29 0.0000e+00
    162.000    160.262    -1.5676  27.047946    -1.5667  27.047828     6.4563     6.6680     0.9174    96.6803 1.0000e-12  -73.97138 -111.46180  42.258163      99.89 3.7399e+01    431.303      10352  1028.1355  1028.1345     4.5864     0.1505     0.1360    33.9930    33.9918    8.40932         28 0.0000e+00
    163.000    161.250    -1.5638  27.051844    -1.5623  27.052066     6.4487     6.6675     0.4574    96.6429 1.0000e-12  -73.97138 -111.46180  42.258177      99.93 3.4906e+01    432.497      10381  1028.1404  1028.1392     4.5846     0.1625     0.1452    33.9934    33.9921    8.40843         28 0.0000e+00
    164.000    162.241    -1.5627  27.053449    -1.5614  27.053613     6.4529     6.6602     0.5330    96.0836 1.0000e-12  -73.97138 -111.46180  42.258191      99.93 3.7424e+01    433.685      10409  1028.1454  1028.1443     4.5583     0.1382     0.1338    33.9938    33.9926    8.40816         29 0.0000e+00
    165.000    163.228    -1.5633  27.053599    -1.5622  27.053578     6.4518     6.6660     0.3346    96.4123 1.0000e-12  -73.97138 -111.46180  42.258205      99.92 3.8420e+01    434.876      10438  1028.1504  1028.1494     4.5735     0.1562     0.1343    33.9940    33.9928    8.40829         29 0.0000e+00
    166.000    164.218    -1.5658  27.052044    -1.5648  27.052121     6.4512     6.6653     0.3777    96.5335 1.0000e-12  -73.97138 -111.46180  42.258218      99.93 3.5086e+01    436.056      10466  1028.1554  1028.1546     4.5794     0.1302     0.1375    33.9941    33.9931    8.40884         28 0.0000e+00
    167.000    165.206    -1.5750  27.045383    -1.5741  27.045210     6.4528     6.6676     0.5437    96.7475 1.0000e-12  -73.97138 -111.46180  42.258232      99.92 3.6574e+01    437.225      10494  1028.1614  1028.1603     4.5896     0.1422     0.1374    33.9948    33.9936    8.41090         28 0.0000e+00
    168.000    166.196    -1.5768  27.044493    -1.5758  27.044378     6.4446     6.6653     0.6827    96.7270 1.0000e-12  -73.97138 -111.46180  42.258245      99.91 3.8954e+01    438.371      10522  1028.1664  1028.1653     4.5886     0.1533     0.1380    33.9949    33.9937    8.41128         26 0.0000e+00
    169.000    167.183    -1.5783  27.044155    -1.5771  27.044063     6.4447     6.6639     0.4743    96.5238 1.0000e-12  -73.97138 -111.46180  42.258257      99.92 3.7644e+01    439.426      10547  1028.1717  1028.1705     4.5790     0.1395     0.1387    33.9956    33.9942    8.41160         25 0.0000e+00
    170.000    168.174    -1.5780  27.045299    -1.5771  27.045117     6.4366     6.6595     0.4455    96.6280 1.0000e-12  -73.97138 -111.46180  42.258269      99.92 3.7755e+01    440.440      10572  1028.1770  1028.1759     4.5839     0.1410     0.1406    33.9963    33.9949    8.41150         24 0.0000e+00
    171.000    169.161    -1.5743  27.049240    -1.5724  27.049878     6.4253     6.6489     0.5306    96.5424 1.0000e-12  -73.97138 -111.46180  42.258281      99.92 3.9217e+01    441.466      10596  1028.1819  1028.1808     4.5799     0.1263     0.1402    33.9968    33.9955    8.41061         25 0.0000e+00
    172.000    170.151    -1.5651  27.058412    -1.5650  27.057251     6.4155     6.6490     0.3136    96.2789 1.0000e-12  -73.97138 -111.46180  42.258293      85.41 3.7822e+01    442.484      10621  1028.1875  1028.1861     4.5673     0.1436     0.1373    33.9984    33.9966    8.40844         24 0.0000e+00
    173.000    171.139    -1.5585  27.064474    -1.5584  27.063403     6.4198     6.6399     0.2876    96.2715 1.0000e-12  -73.97138 -111.46180  42.258304      95.12 3.7165e+01    443.483      10645  1028.1920  1028.1908     4.5670     0.1571     0.1376    33.9986    33.9971    8.40693         24 0.0000e+00
    174.000    172.129    -1.5639  27.060597    -1.5645  27.059254     6.4092     6.6304     0.2610    96.5548 1.0000e-12  -73.97138 -111.46180  42.258316      99.96 3.9832e+01    444.487      10669  1028.1974  1028.1965     4.5804     0.1257     0.1341    33.9989    33.9976    8.40815         24 0.0000e+00
    175.000    173.117    -1.5579  27.066661    -1.5563  27.066967     6.3950     6.6243     0.4290    96.4775 1.0000e-12  -73.97138 -111.46180  42.258328      99.92 3.8619e+01    445.494      10693  1028.2026  1028.2014     4.5767     0.1341     0.1383    33.9997    33.9983    8.40673         24 0.0000e+00
    176.000    174.106    -1.5528  27.072352    -1.5517  27.072046     6.3927     6.6196     0.4019    96.4753 1.0000e-12  -73.97138 -111.46180  42.258339      99.93 3.7294e+01    446.494      10717  1028.2082  1028.2069     4.5767     0.1277     0.1357    34.0011    33.9995    8.40549         24 0.0000e+00
    177.000    175.095    -1.5519  27.075280    -1.5508  27.075276     6.3882     6.6116     0.4369    96.6485 1.0000e-12  -73.97138 -111.46180  42.258351      99.93 3.9846e+01    447.502      10741  1028.2150  1028.2139     4.5849     0.1213     0.1323    34.0035    34.0023    8.40514         25 0.0000e+00
    178.000    176.083    -1.5515  27.076446    -1.5503  27.076482     6.3802     6.6044     0.3715    96.7532 1.0000e-12  -73.97138 -111.46180  42.258362      99.92 3.8722e+01    448.510      10765  1028.2202  1028.2191     4.5899     0.1181     0.1336    34.0041    34.0027    8.40503         24 0.0000e+00
    179.000    177.073    -1.5500  27.078565    -1.5490  27.078522     6.3710     6.6023     0.2263    96.8750 1.0000e-12  -73.97138 -111.46180  42.258374      99.93 3.6827e+01    449.507      10789  1028.2254  1028.2244     4.5955     0.1187     0.1348    34.0046    34.0034    8.40464         24 0.0000e+00
    180.000    178.061    -1.5491  27.080719    -1.5479  27.080529     6.3735     6.5979     0.2393    96.7671 1.0000e-12  -73.97138 -111.46180  42.258385      99.92 3.9686e+01    450.503      10813  1028.2313  1028.2299     4.5905     0.1268     0.1330    34.0059    34.0043    8.40436         24 0.0000e+00
    181.000    179.050    -1.5467  27.084055    -1.5456  27.083848     6.3676     6.5864     0.2961    96.9112 1.0000e-12  -73.97138 -111.46180  42.258397      99.92 3.9090e+01    451.500      10837  1028.2370  1028.2358     4.5973     0.1367     0.1300    34.0073    34.0057    8.40375         23 0.0000e+00
    182.000    180.039    -1.5443  27.087694    -1.5432  27.087554     6.3674     6.5798     0.3458    96.9403 1.0000e-12  -73.97138 -111.46180  42.258408      99.93 3.6845e+01    452.492      10861  1028.2431  1028.2419     4.5987     0.1059     0.1302    34.0089    34.0075    8.40311         24 0.0000e+00
    183.000    181.028    -1.5409  27.092759    -1.5397  27.092589     6.3682     6.5833     0.2409    97.0165 1.0000e-12  -73.97138 -111.46180  42.258420      99.92 3.8424e+01    453.484      10885  1028.2497  1028.2484     4.6023     0.1346     0.1339    34.0114    34.0098    8.40218         24 0.0000e+00
    184.000    182.017    -1.5394  27.094812    -1.5383  27.094760     6.3724     6.5865     0.2063    97.1935 1.0000e-12  -73.97138 -111.46180  42.258432      99.92 3.9897e+01    454.487      10909  1028.2549  1028.2538     4.6107     0.1012     0.1278    34.0119    34.0106    8.40183         24 0.0000e+00
    185.000    183.005    -1.5388  27.096052    -1.5377  27.096042     6.3681     6.5829     0.2563    97.1003 1.0000e-12  -73.97138 -111.46180  42.258443      98.58 3.7298e+01    455.486      10933  1028.2600  1028.2589     4.6063     0.1086     0.1279    34.0123    34.0110    8.40166         24 0.0000e+00
    186.000    183.995    -1.5379  27.097651    -1.5369  27.097521     6.3610     6.5804     0.2181    97.1524 1.0000e-12  -73.97138 -111.46180  42.258455      94.72 3.9373e+01    456.480      10957  1028.2653  1028.2641     4.6088     0.1150     0.1279    34.0129    34.0115    8.40143         24 0.0000e+00
    187.000    184.982    -1.5346  27.102485    -1.5334  27.102384     6.3567     6.5713     0.2047    97.2683 1.0000e-12  -73.97138 -111.46180  42.258466      99.93 3.8269e+01    457.480      10981  1028.2717  1028.2705     4.6143     0.1014     0.1292    34.0151    34.0136    8.40054         24 0.0000e+00
    188.000    185.972    -1.5322  27.105735    -1.5309  27.105709     6.3613     6.5727     0.1928    97.2990 1.0000e-12  -73.97138 -111.46180  42.258478      99.93 3.4819e+01    458.474      11004  1028.2774  1028.2761     4.6157     0.0981     0.1278    34.0163    34.0148    8.39994         23 0.0000e+00
    189.000    186.960    -1.5317  27.106794    -1.5305  27.106757     6.3635     6.5735     0.1726    97.2949 1.0000e-12  -73.97138 -111.46180  42.258489      99.93 3.8325e+01    459.469      11028  1028.2824  1028.2812     4.6156     0.1035     0.1313    34.0165    34.0151    8.39980         25 0.0000e+00
    190.000    187.950    -1.5316  27.107418    -1.5303  27.107279     6.3567     6.5684     0.1636    97.2641 1.0000e-12  -73.97138 -111.46180  42.258501      99.93 3.8708e+01    460.474      11052  1028.2873  1028.2860     4.6141     0.0968     0.1283    34.0166    34.0150    8.39977         24 0.0000e+00
    191.000    188.937    -1.5309  27.108670    -1.5297  27.108613     6.3527     6.5638     0.2055    97.3879 1.0000e-12  -73.97138 -111.46180  42.258512      99.93 3.5784e+01    461.475      11076  1028.2924  1028.2912     4.6199     0.1077     0.1278    34.0170    34.0155    8.39960         24 0.0000e+00
    192.000    189.927    -1.5265  27.114355    -1.5253  27.114378     6.3519     6.5658     0.2661    97.3969 1.0000e-12  -73.97138 -111.46180  42.258524      99.93 3.7445e+01    462.470      11100  1028.2988  1028.2976     4.6204     0.1006     0.1266    34.0192    34.0178    8.39848         24 0.0000e+00
    193.000    190.915    -1.5246  27.117027    -1.5233  27.117157     6.3509     6.5679     0.1658    97.3075 1.0000e-12  -73.97138 -111.46180  42.258536      99.93 3.8919e+01    463.472      11124  1028.3042  1028.3031     4.6161     0.1117     0.1297    34.0200    34.0188    8.39798         24 0.0000e+00
    194.000    191.902    -1.5245  27.117667    -1.5231  27.117710     6.3499     6.5694     0.1975    97.1757 1.0000e-12  -73.97138 -111.46180  42.258547      99.93 3.5914e+01    464.481      11149  1028.3091  1028.3079     4.6099     0.0981     0.1248    34.0202    34.0187    8.39795         24 0.0000e+00
    195.000    192.894    -1.5243  27.118331    -1.5232  27.118134     6.3442     6.5635     0.1974    97.3614 1.0000e-12  -73.97138 -111.46180  42.258559      99.92 3.5845e+01    465.484      11173  1028.3141  1028.3127     4.6187     0.1009     0.1241    34.0203    34.0187    8.39791         24 0.0000e+00
    196.000    193.882    -1.5230  27.120244    -1.5218  27.120141     6.3439     6.5578     0.2246    97.4709 1.0000e-12  -73.97138 -111.46180  42.258571      99.93 4.0541e+01    466.499      11197  1028.3192  1028.3180     4.6239     0.0987     0.1246    34.0208    34.0193    8.39758         25 0.0000e+00
    197.000    194.870    -1.5208  27.123287    -1.5196  27.123227     6.3422     6.5561     0.1954    97.3632 1.0000e-12  -73.97138 -111.46179  42.258582      74.81 3.6526e+01    467.516      11221  1028.3248  1028.3235     4.6187     0.0972     0.1279    34.0219    34.0204    8.39702         24 0.0000e+00
    198.000    195.859    -1.5179  27.127015    -1.5170  27.126608     6.3434     6.5495     0.2187    97.3005 1.0000e-12  -73.97138 -111.46179  42.258594      99.89 3.5332e+01    468.520      11245  1028.3304  1028.3291     4.6158     0.0993     0.1303    34.0231    34.0215    8.39629         24 0.0000e+00
    199.000    196.848    -1.5166  27.128976    -1.5155  27.128744     6.3408     6.5533     0.2319    97.4377 1.0000e-12  -73.97138 -111.46178  42.258606      95.04 3.9443e+01    469.520      11269  1028.3357  1028.3343     4.6223     0.1004     0.1262    34.0237    34.0221    8.39596         24 0.0000e+00
    200.000    197.836    -1.5163  27.129709    -1.5152  27.129576     6.3380     6.5550     0.2267    97.4303 1.0000e-12  -73.97138 -111.46178  42.258617      99.90 3.5062e+01    470.515      11293  1028.3406  1028.3393     4.6219     0.1014     0.1338    34.0238    34.0223    8.39590         24 0.0000e+00
    201.000    198.824    -1.5160  27.130545    -1.5148  27.130334     6.3370     6.5501     0.1996    97.3691 1.0000e-12  -73.97138 -111.46178  42.258628      99.92 3.5334e+01    471.500      11317  1028.3455  1028.3442     4.6190     0.1006     0.1293    34.0239    34.0223    8.39582         23 0.0000e+00
    202.000    199.814    -1.5151  27.132000    -1.5140  27.131855     6.3395     6.5506     0.1698    97.4158 1.0000e-12  -73.97138 -111.46180  42.258640      99.93 4.0318e+01    472.492      11341  1028.3505  1028.3493     4.6212     0.0957     0.1267    34.0242    34.0228    8.39558         24 0.0000e+00
    203.000    200.803    -1.5146  27.132931    -1.5134  27.132891     6.3393     6.5564     0.1644    97.3913 1.0000e-12  -73.97138 -111.46180  42.258652      99.92 3.7358e+01    473.490      11365  1028.3555  1028.3543     4.6201     0.1187     0.1299    34.0244    34.0230    8.39548         24 0.0000e+00
    204.000    201.791    -1.5141  27.134126    -1.5129  27.133975     6.3401     6.5552     0.1739    97.4195 1.0000e-12  -73.97138 -111.46180  42.258663      99.93 3.5697e+01    474.480      11389  1028.3606  1028.3593     4.6215     0.0946     0.1294    34.0249    34.0233    8.39534         24 0.0000e+00
    205.000    202.780    -1.5125  27.136446    -1.5113  27.136389     6.3385     6.5465     0.1648    97.4644 1.0000e-12  -73.97138 -111.46180  42.258674      99.93 3.8844e+01    475.475      11412  1028.3660  1028.3647     4.6236     0.0950     0.1246    34.0257    34.0241    8.39493         24 0.0000e+00
    206.000    203.769    -1.5096  27.140364    -1.5083  27.140399     6.3367     6.5438     0.2281    97.4614 1.0000e-12  -73.97138 -111.46180  42.258686      99.93 3.7835e+01    476.473      11436  1028.3718  1028.3705     4.6234     0.1121     0.1260    34.0271    34.0256    8.39419         24 0.0000e+00
    207.000    204.756    -1.5065  27.144263    -1.5051  27.144378     6.3335     6.5475     0.1575    97.4741 1.0000e-12  -73.97138 -111.46180  42.258698      99.93 3.4843e+01    477.470      11460  1028.3775  1028.3762     4.6240     0.0942     0.1354    34.0284    34.0269    8.39342         24 0.0000e+00
    208.000    205.747    -1.5049  27.146605    -1.5036  27.146599     6.3314     6.5385     0.1535    97.4785 1.0000e-12  -73.97138 -111.46180  42.258709      99.92 3.9244e+01    478.467      11484  1028.3828  1028.3815     4.6243     0.0997     0.1270    34.0291    34.0276    8.39301         24 0.0000e+00
