ocean_section_plots/required_files/ctd/dnbp2202_ctd270.cnv
* Sea-Bird SBE 9 Data File:
* FileName = D:\Data\raw\NBP2202_CTD270.hex
* Software Version Seasave V 7.26.7.121
* Temperature SN = 1649
* Conductivity SN = 2513
* Number of Bytes Per Scan = 40
* Number of Voltage Words = 5
* Number of Scans Averaged by the Deck Unit = 1
* NMEA Latitude = 73 44.89 S
* NMEA Longitude = 116 50.02 W
* NMEA UTC (Time) = Feb 20 2022  18:26:33
* NMEA baud rate = 9600
** Ship: RVIB N.B. Palmer
** Cruise: NBP2202 Thwaites
** Station: 173
** Operator: A. Robinson
# nquan = 28
# nvalues = 751                         
# units = specified
# name 0 = prDM: Pressure, Digiquartz [db]
# name 1 = depSM: Depth [salt water, m]
# name 2 = t090C: Temperature [ITS-90, deg C]
# name 3 = c0mS/cm: Conductivity [mS/cm]
# name 4 = t190C: Temperature, 2 [ITS-90, deg C]
# name 5 = c1mS/cm: Conductivity, 2 [mS/cm]
# name 6 = sbeox0ML/L: Oxygen, SBE 43 [ml/l]
# name 7 = sbeox1ML/L: Oxygen, SBE 43, 2 [ml/l]
# name 8 = flECO-AFL: Fluorescence, WET Labs ECO-AFL/FL [mg/m^3]
# name 9 = CStarTr0: Beam Transmission, WET Labs C-Star [%]
# name 10 = par: PAR/Irradiance, Biospherical/Licor
# name 11 = latitude: Latitude [deg]
# name 12 = longitude: Longitude [deg]
# name 13 = timeJ: Julian Days
# name 14 = altM: Altimeter [m]
# name 15 = spar: SPAR, Biospherical/Licor
# name 16 = timeS: Time, Elapsed [seconds]
# name 17 = scan: Scan Count
# name 18 = density00: Density [density, kg/m^3]
# name 19 = density11: Density, 2 [density, kg/m^3]
# name 20 = v3: Voltage 3
# name 21 = v4: Voltage 4
# name 22 = v5: Voltage 5
# name 23 = sal00: Salinity, Practical [PSU]
# name 24 = sal11: Salinity, Practical, 2 [PSU]
# name 25 = oxsolML/L: Oxygen Saturation, Garcia & Gordon [ml/l]
# name 26 = nbin: number of scans per bin
# name 27 = flag: flag
# span 0 =      3.000,    753.000       
# span 1 =      2.966,    743.872       
# span 2 =    -1.7708,     0.4784       
# span 3 =  26.982125,  29.427040       
# span 4 =    -1.7700,     0.4810       
# span 5 =  26.982559,  29.427698       
# span 6 =     4.6326,     8.7484       
# span 7 =     4.7620,     9.0915       
# span 8 =     0.2003,    10.4225       
# span 9 =    87.6811,    97.9196       
# span 10 = 1.0000e-12, 1.3775e+02      
# span 11 =  -73.74828,  -73.74826      
# span 12 = -116.83372, -116.83368      
# span 13 =  51.770774,  51.780874      
# span 14 =       2.84,     100.18      
# span 15 = 3.0067e+02, 3.9749e+02      
# span 16 =    201.903,   1074.519      
# span 17 =       4847,      25789      
# span 18 =  1027.0936,  1031.2471      
# span 19 =  1027.0943,  1031.2453      
# span 20 =     4.1596,     4.6451      
# span 21 =     0.0957,     1.6432      
# span 22 =     0.1112,     0.2094      
# span 23 =    33.7250,    34.5259      
# span 24 =    33.7254,    34.5238      
# span 25 =    7.93753,    8.44939      
# span 26 =         20,         49      
# span 27 = 0.0000e+00, 0.0000e+00      
# interval = decibars: 1                
# start_time = Feb 20 2022 18:26:33 [NMEA time, header]
# bad_flag = -9.990e-29
*END*
[from data line 311]
    314.000    310.522    -1.7159  27.088582    -1.7149  27.088724     6.3482     6.5578     0.4855    97.1473 1.0000e-12  -73.74828 -116.83370  51.775211      99.95 3.4187e+02    585.193      14046  1028.9748  1028.9740     4.6085     0.1483     0.1137    34.1236    34.1227    8.43515         26 0.0000e+00
    315.000    311.509    -1.7122  27.092591    -1.7114  27.092665     6.3533     6.5584     0.5973    97.4709 1.0000e-12  -73.74826 -116.83368  51.775223      99.93 3.4296e+02    586.280      14072  1028.9801  1028.9794     4.6239     0.1481     0.1125    34.1244    34.1236    8.43427         26 0.0000e+00
    316.000    312.498    -1.7122  27.093189    -1.7111  27.093576     6.3610     6.5564     0.5438    97.4213 1.0000e-12  -73.74826 -116.83370  51.775235      99.93 3.4361e+02    587.301      14096  1028.9851  1028.9846     4.6215     0.1603     0.1124    34.1246    34.1239    8.43426         23 0.0000e+00
    317.000    313.485    -1.7157  27.090667    -1.7145  27.091318     6.3632     6.5591     0.4861    97.3008 1.0000e-12  -73.74826 -116.83368  51.775246      99.94 3.4600e+02    588.259      14119  1028.9901  1028.9898     4.6158     0.1417     0.1131    34.1245    34.1240    8.43507         23 0.0000e+00
    318.000    314.472    -1.7171  27.090649    -1.7130  27.093440     6.3649     6.5619     0.5221    97.4840 1.0000e-12  -73.74826 -116.83370  51.775257      99.93 3.4538e+02    589.218      14142  1028.9958  1028.9950     4.6245     0.2048     0.1166    34.1254    34.1246    8.43532         24 0.0000e+00
    319.000    315.463    -1.7097  27.097555    -1.7093  27.097358     6.3650     6.5681     0.5763    97.3751 1.0000e-12  -73.74826 -116.83368  51.775269      99.93 3.4601e+02    590.233      14167  1029.0006  1029.0000     4.6194     0.1426     0.1156    34.1259    34.1252    8.43362         25 0.0000e+00
    320.000    316.450    -1.7085  27.099343    -1.7089  27.098752     6.3645     6.5732     0.5399    97.4113 1.0000e-12  -73.74826 -116.83370  51.775281      99.93 3.4813e+02    591.292      14192  1029.0057  1029.0055     4.6210     0.1584     0.1147    34.1264    34.1260    8.43331         25 0.0000e+00
    321.000    317.438    -1.7102  27.098605    -1.7087  27.099425     6.3591     6.5594     0.5033    97.4176 1.0000e-12  -73.74826 -116.83368  51.775294      99.94 3.4878e+02    592.358      14218  1029.0109  1029.0104     4.6214     0.1663     0.1141    34.1267    34.1261    8.43368         26 0.0000e+00
    322.000    318.425    -1.7087  27.100638    -1.7073  27.101208     6.3594     6.5512     0.5276    97.3321 1.0000e-12  -73.74826 -116.83370  51.775306      99.93 3.4905e+02    593.415      14243  1029.0161  1029.0153     4.6173     0.1694     0.1135    34.1271    34.1263    8.43331         25 0.0000e+00
    323.000    319.414    -1.7053  27.104083    -1.7031  27.105483     6.3630     6.5468     0.4828    97.3631 1.0000e-12  -73.74826 -116.83370  51.775318      99.94 3.5061e+02    594.452      14268  1029.0209  1029.0204     4.6188     0.1505     0.1135    34.1275    34.1269    8.43253         24 0.0000e+00
    324.000    320.403    -1.6998  27.109634    -1.6982  27.110225     6.3499     6.5450     0.5101    97.4474 1.0000e-12  -73.74826 -116.83370  51.775330      85.10 3.5210e+02    595.472      14292  1029.0260  1029.0251     4.6228     0.1385     0.1149    34.1282    34.1272    8.43122         25 0.0000e+00
    325.000    321.391    -1.6992  27.110480    -1.6973  27.111479     6.3456     6.5471     0.4918    97.3815 1.0000e-12  -73.74826 -116.83370  51.775341      88.56 3.5421e+02    596.485      14317  1029.0307  1029.0299     4.6196     0.2007     0.1167    34.1280    34.1273    8.43109         24 0.0000e+00
    326.000    322.377    -1.6961  27.113402    -1.6948  27.113962     6.3434     6.5434     0.5272    97.3394 1.0000e-12  -73.74826 -116.83370  51.775353      99.37 3.5546e+02    597.496      14341  1029.0353  1029.0347     4.6176     0.1422     0.1158    34.1280    34.1273    8.43040         25 0.0000e+00
    327.000    323.367    -1.6963  27.113849    -1.6952  27.113946     6.3419     6.5465     0.4413    97.4951 1.0000e-12  -73.74826 -116.83370  51.775365      99.93 3.5391e+02    598.510      14365  1029.0403  1029.0393     4.6251     0.1467     0.1145    34.1282    34.1270    8.43043         24 0.0000e+00
    328.000    324.355    -1.6956  27.115000    -1.6947  27.115047     6.3369     6.5394     0.5113    97.4181 1.0000e-12  -73.74826 -116.83370  51.775377      99.94 3.5629e+02    599.533      14390  1029.0452  1029.0444     4.6214     0.1428     0.1148    34.1283    34.1274    8.43026         25 0.0000e+00
    329.000    325.341    -1.6954  27.115572    -1.6942  27.116016     6.3462     6.5427     0.5197    97.3316 1.0000e-12  -73.74826 -116.83370  51.775388      99.94 3.5726e+02    600.550      14414  1029.0500  1029.0493     4.6173     0.1505     0.1167    34.1283    34.1275    8.43022         24 0.0000e+00
    330.000    326.332    -1.6949  27.116631    -1.6939  27.116826     6.3496     6.5461     0.6194    97.2005 1.0000e-12  -73.74826 -116.83369  51.775400      99.93 3.5809e+02    601.538      14438  1029.0549  1029.0542     4.6111     0.1787     0.1168    34.1285    34.1276    8.43009         23 0.0000e+00
    331.000    327.320    -1.6946  27.117187    -1.6935  27.117528     6.3504     6.5487     0.6205    97.2778 1.0000e-12  -73.74826 -116.83368  51.775411      99.93 3.5900e+02    602.547      14462  1029.0596  1029.0590     4.6147     0.1906     0.1161    34.1283    34.1276    8.43003         25 0.0000e+00
    332.000    328.307    -1.6957  27.117112    -1.6942  27.117606     6.3395     6.5375     0.5358    97.5441 1.0000e-12  -73.74826 -116.83368  51.775423      99.93 3.6052e+02    603.567      14487  1029.0649  1029.0640     4.6273     0.1729     0.1150    34.1288    34.1278    8.43024         24 0.0000e+00
    333.000    329.296    -1.6939  27.119266    -1.6934  27.118988     6.3356     6.5373     0.4729    97.4310 1.0000e-12  -73.74826 -116.83368  51.775435      99.93 3.6040e+02    604.582      14511  1029.0699  1029.0691     4.6221     0.1429     0.1140    34.1292    34.1282    8.42982         25 0.0000e+00
    334.000    330.282    -1.6855  27.128942    -1.6837  27.129638     6.3454     6.5379     0.6278    97.4859 1.0000e-12  -73.74826 -116.83368  51.775447      99.92 3.5779e+02    605.602      14535  1029.0767  1029.0758     4.6246     0.2138     0.1135    34.1323    34.1313    8.42772         24 0.0000e+00
    335.000    331.273    -1.6823  27.132548    -1.6812  27.132839     6.3458     6.5362     0.7472    97.4480 1.0000e-12  -73.74826 -116.83368  51.775459      99.93 3.6188e+02    606.618      14560  1029.0820  1029.0812     4.6227     0.1687     0.1145    34.1331    34.1321    8.42695         24 0.0000e+00
    336.000    332.259    -1.6843  27.131497    -1.6833  27.131741     6.3523     6.5463     0.4533    97.5211 1.0000e-12  -73.74826 -116.83368  51.775470      99.93 3.6176e+02    607.600      14583  1029.0871  1029.0864     4.6263     0.1407     0.1112    34.1332    34.1325    8.42739         24 0.0000e+00
    337.000    333.247    -1.6861  27.130504    -1.6850  27.130842     6.3571     6.5508     0.5122    97.4354 1.0000e-12  -73.74826 -116.83368  51.775481      99.93 3.5917e+02    608.580      14607  1029.0921  1029.0914     4.6223     0.1398     0.1129    34.1333    34.1325    8.42780         23 0.0000e+00
    338.000    334.236    -1.6861  27.131000    -1.6850  27.131378     6.3506     6.5447     0.7012    97.4919 1.0000e-12  -73.74826 -116.83368  51.775493      99.27 3.6239e+02    609.587      14631  1029.0969  1029.0963     4.6249     0.1334     0.1114    34.1333    34.1326    8.42779         25 0.0000e+00
    339.000    335.224    -1.6865  27.131242    -1.6854  27.131569     6.3485     6.5456     0.4814    97.0841 1.0000e-12  -73.74826 -116.83368  51.775505      96.73 3.6274e+02    610.630      14656  1029.1019  1029.1012     4.6055     0.1748     0.1164    34.1335    34.1328    8.42787         26 0.0000e+00
    340.000    336.211    -1.6862  27.132034    -1.6852  27.132260     6.3434     6.5395     0.5537    97.1177 1.0000e-12  -73.74826 -116.83368  51.775517      99.93 3.6238e+02    611.708      14682  1029.1068  1029.1061     4.6071     0.1534     0.1150    34.1337    34.1328    8.42780         25 0.0000e+00
    341.000    337.200    -1.6852  27.133912    -1.6839  27.134161     6.3449     6.5381     0.4082    97.4978 1.0000e-12  -73.74826 -116.83368  51.775530      99.93 3.6324e+02    612.773      14708  1029.1122  1029.1113     4.6252     0.1476     0.1121    34.1345    34.1334    8.42752         25 0.0000e+00
    342.000    338.188    -1.6842  27.135268    -1.6826  27.135944     6.3440     6.5338     0.5320    97.4570 1.0000e-12  -73.74826 -116.83368  51.775541      99.94 3.6286e+02    613.771      14732  1029.1171  1029.1163     4.6232     0.1411     0.1158    34.1347    34.1338    8.42730         24 0.0000e+00
    343.000    339.176    -1.6800  27.139593    -1.6787  27.139917     6.3361     6.5361     0.5529    97.4234 1.0000e-12  -73.74826 -116.83368  51.775553      99.94 3.6247e+02    614.735      14755  1029.1221  1029.1212     4.6216     0.1398     0.1153    34.1352    34.1341    8.42631         23 0.0000e+00
    344.000    340.164    -1.6754  27.144095    -1.6750  27.143681     6.3401     6.5408     0.5232    97.4514 1.0000e-12  -73.74826 -116.83368  51.775564      99.92 3.6473e+02    615.692      14778  1029.1269  1029.1260     4.6230     0.1876     0.1154    34.1355    34.1345    8.42524         23 0.0000e+00
    345.000    341.153    -1.6761  27.144003    -1.6752  27.144210     6.3487     6.5449     0.5339    97.4401 1.0000e-12  -73.74826 -116.83368  51.775575      99.93 3.6463e+02    616.670      14801  1029.1318  1029.1312     4.6224     0.1794     0.1167    34.1356    34.1349    8.42540         24 0.0000e+00
    346.000    342.139    -1.6818  27.140021    -1.6801  27.140859     6.3508     6.5439     0.5785    97.4756 1.0000e-12  -73.74826 -116.83368  51.775587      99.94 3.6463e+02    617.692      14826  1029.1372  1029.1366     4.6241     0.1434     0.1152    34.1359    34.1351    8.42666         25 0.0000e+00
    347.000    343.127    -1.6853  27.137563    -1.6827  27.139104     6.3593     6.5439     0.6126    97.1609 1.0000e-12  -73.74826 -116.83368  51.775599      99.92 3.6590e+02    618.750      14851  1029.1423  1029.1415     4.6092     0.1792     0.1217    34.1359    34.1352    8.42746         25 0.0000e+00
    348.000    344.117    -1.6857  27.137800    -1.6816  27.140511     6.3648     6.5500     0.5626    97.4713 1.0000e-12  -73.74826 -116.83368  51.775611      99.93 3.6548e+02    619.796      14876  1029.1472  1029.1463     4.6239     0.1713     0.1165    34.1361    34.1352    8.42754         25 0.0000e+00
    349.000    345.104    -1.6857  27.138272    -1.6836  27.139309     6.3643     6.5511     0.4131    97.4442 1.0000e-12  -73.74826 -116.83368  51.775623      99.93 3.6654e+02    620.837      14901  1029.1521  1029.1512     4.6226     0.1374     0.1171    34.1362    34.1352    8.42755         25 0.0000e+00
    350.000    346.092    -1.6869  27.137526    -1.6857  27.138001     6.3562     6.5475     0.4017    97.4443 1.0000e-12  -73.74826 -116.83368  51.775635      76.15 3.6710e+02    621.873      14926  1029.1567  1029.1560     4.6226     0.1752     0.1181    34.1359    34.1351    8.42784         25 0.0000e+00
    351.000    347.080    -1.6881  27.137121    -1.6868  27.137669     6.3492     6.5401     0.5010    97.5491 1.0000e-12  -73.74826 -116.83368  51.775647      94.15 3.6737e+02    622.872      14950  1029.1617  1029.1611     4.6275     0.1435     0.1152    34.1361    34.1354    8.42810         23 0.0000e+00
    352.000    348.069    -1.6854  27.139985    -1.6850  27.139531     6.3507     6.5391     0.8098    97.5330 1.0000e-12  -73.74826 -116.83368  51.775658      99.89 3.6773e+02    623.868      14974  1029.1665  1029.1657     4.6268     0.1459     0.1152    34.1363    34.1352    8.42746         25 0.0000e+00
    353.000    349.056    -1.6820  27.143436    -1.6811  27.143462     6.3183     6.5264     0.7833    97.2222 1.0000e-12  -73.74826 -116.83368  51.775670      99.92 3.6668e+02    624.912      14999  1029.1713  1029.1704     4.6121     0.1764     0.1191    34.1366    34.1355    8.42668         25 0.0000e+00
    354.000    350.044    -1.6716  27.153651    -1.6702  27.153854     6.3100     6.5110     0.4933    97.4330 1.0000e-12  -73.74826 -116.83368  51.775683      99.92 3.6844e+02    625.977      15024  1029.1767  1029.1756     4.6221     0.1856     0.1166    34.1381    34.1369    8.42421         26 0.0000e+00
    355.000    351.031    -1.6659  27.159223    -1.6645  27.159711     6.3041     6.5047     0.7198    97.4695 1.0000e-12  -73.74826 -116.83368  51.775695      99.93 3.6684e+02    627.026      15050  1029.1816  1029.1808     4.6238     0.1521     0.1156    34.1388    34.1379    8.42289         25 0.0000e+00
    356.000    352.021    -1.6561  27.169207    -1.6549  27.169142     6.2914     6.4839     0.4275    97.4305 1.0000e-12  -73.74826 -116.83368  51.775707      99.93 3.6968e+02    628.056      15074  1029.1874  1029.1862     4.6220     0.1518     0.1227    34.1407    34.1393    8.42054         24 0.0000e+00
    357.000    353.008    -1.6474  27.177666    -1.6463  27.177803     6.2760     6.4704     0.8382    97.0890 1.0000e-12  -73.74826 -116.83368  51.775718      99.93 3.7074e+02    629.075      15099  1029.1926  1029.1917     4.6058     0.1417     0.1136    34.1418    34.1409    8.41849         24 0.0000e+00
    358.000    353.996    -1.6371  27.187778    -1.6359  27.187920     6.2661     6.4577     0.5862    97.2841 1.0000e-12  -73.74826 -116.83368  51.775730      99.93 3.7065e+02    630.062      15122  1029.1981  1029.1971     4.6150     0.1509     0.1144    34.1435    34.1423    8.41607         24 0.0000e+00
    359.000    354.984    -1.6289  27.196101    -1.6280  27.195870     6.2623     6.4596     0.4688    97.2370 1.0000e-12  -73.74826 -116.83368  51.775741      99.93 3.7120e+02    631.042      15146  1029.2037  1029.2026     4.6128     0.1382     0.1150    34.1450    34.1436    8.41412         23 0.0000e+00
    360.000    355.971    -1.6261  27.198963    -1.6245  27.199393     6.2656     6.4641     0.5133    97.2832 1.0000e-12  -73.74826 -116.83368  51.775752      99.93 3.7116e+02    632.020      15169  1029.2086  1029.2075     4.6149     0.1486     0.1229    34.1452    34.1439    8.41348         24 0.0000e+00
    361.000    356.958    -1.6263  27.199232    -1.6246  27.199904     6.2714     6.4636     0.5433    97.3860 1.0000e-12  -73.74826 -116.83368  51.775764      99.93 3.7307e+02    633.026      15194  1029.2135  1029.2126     4.6199     0.1409     0.1126    34.1451    34.1441    8.41352         25 0.0000e+00
    362.000    357.948    -1.6325  27.194510    -1.6317  27.194437     6.2705     6.4604     0.6240    97.5058 1.0000e-12  -73.74826 -116.83368  51.775776      99.93 3.7081e+02    634.057      15218  1029.2188  1029.2179     4.6255     0.1454     0.1133    34.1451    34.1440    8.41493         24 0.0000e+00
    363.000    358.936    -1.6270  27.199662    -1.6254  27.200579     6.2731     6.4548     0.7230    97.4035 1.0000e-12  -73.74826 -116.83368  51.775788      99.93 3.7320e+02    635.045      15242  1029.2234  1029.2228     4.6207     0.1862     0.1218    34.1453    34.1447    8.41367         23 0.0000e+00
    364.000    359.924    -1.6323  27.195909    -1.6301  27.197082     6.2716     6.4580     0.4637    97.3657 1.0000e-12  -73.74826 -116.83368  51.775798      95.01 3.7453e+02    635.977      15264  1029.2288  1029.2280     4.6189     0.1413     0.1120    34.1455    34.1446    8.41485         22 0.0000e+00
