ocean_section_plots/required_files/ctd/dnbp2202_ctd132.cnv
* Sea-Bird SBE 9 Data File:
* FileName = D:\Data\raw\NBP2202_CTD132.hex
* Software Version Seasave V 7.26.7.121
* Temperature SN = 1649
* Conductivity SN = 2513
* Number of Bytes Per Scan = 40
* Number of Voltage Words = 5
* Number of Scans Averaged by the Deck Unit = 1
* NMEA Latitude = 74 06.56 S
* NMEA Longitude = 112 17.20 W
* NMEA UTC (Time) = Jan 28 2022  03:29:28
* NMEA baud rate = 9600
** Ship: RVIB N.B. Palmer
** Cruise: NBP2202 Thwaites
** Station: 61
** Operator: B. Bjork
# nquan = 25
# nvalues = 838                         
# units = specified
# name 0 = prDM: Pressure, Digiquartz [db]
# name 1 = depSM: Depth [salt water, m]
# name 2 = t090C: Temperature [ITS-90, deg C]
# name 3 = c0mS/cm: Conductivity [mS/cm]
# name 4 = t190C: Temperature, 2 [ITS-90, deg C]
# name 5 = c1mS/cm: Conductivity, 2 [mS/cm]
# name 6 = sbeox0ML/L: Oxygen, SBE 43 [ml/l]
# name 7 = sbeox1ML/L: Oxygen, SBE 43, 2 [ml/l]
# name 8 = flECO-AFL: Fluorescence, WET Labs ECO-AFL/FL [mg/m^3]
# name 9 = CStarTr0: Beam Transmission, WET Labs C-Star [%]
# name 10 = par: PAR/Irradiance, Biospherical/Licor
# name 11 = latitude: Latitude [deg]
# name 12 = longitude: Longitude [deg]
# name 13 = timeJ: Julian Days
# name 14 = altM: Altimeter [m]
# name 15 = spar: SPAR, Biospherical/Licor
# name 16 = timeS: Time, Elapsed [seconds]
# name 17 = scan: Scan Count
# name 18 = density00: Density [density, kg/m^3]
# name 19 = density11: Density, 2 [density, kg/m^3]
# name 20 = sal00: Salinity, Practical [PSU]
# name 21 = sal11: Salinity, Practical, 2 [PSU]
# name 22 = oxsolML/L: Oxygen Saturation, Garcia & Gordon [ml/l]
# name 23 = nbin: number of scans per bin
# name 24 = flag: flag
# span 0 =      2.000,    839.000       
# span 1 =      1.980,    828.614       
# span 2 =    -1.5499,     0.5537       
# span 3 =  27.045755,  29.556995       
# span 4 =    -1.5506,     0.5557       
# span 5 =  27.045603,  29.556711       
# span 6 =     4.5634,     9.0206       
# span 7 =     4.6685,     9.3344       
# span 8 =    -0.0095,    29.4456       
# span 9 =    66.3981,    94.7804       
# span 10 = -1.951e-05, 3.6390e+01      
# span 11 =  -74.10940,  -74.10914      
# span 12 = -112.28670, -112.28644      
# span 13 =  28.147782,  28.159242      
# span 14 =      -1.84,     100.23      
# span 15 = 9.3410e+01, 1.0179e+02      
# span 16 =    200.363,   1190.620      
# span 17 =       4810,      28576      
# span 18 =  1027.1872,  1031.6725      
# span 19 =  1027.1917,  1031.6695      
# span 20 =    33.8112,    34.5636      
# span 21 =    33.8158,    34.5603      
# span 22 =    7.92003,    8.40596      
# span 23 =          1,         47      
# span 24 = 0.0000e+00, 0.0000e+00      
# interval = decibars: 1                
# start_time = Jan 28 2022 03:29:28 [NMEA time, header]
# bad_flag = -9.990e-29
*END*
[from data line 232]
    234.000    231.449    -1.4196  27.259171    -1.4193  27.258904     6.3164     6.4898     0.0588    94.6024 1.0000e-12  -74.10940 -112.28667  28.151480      87.25 9.7854e+01    519.900      12479  1028.5379  1028.5373    34.0708    34.0701    8.37130         23 0.0000e+00
    235.000    232.435    -1.4180  27.261111    -1.4175  27.260948     6.3085     6.4890     0.0501    94.6159 1.0000e-12  -74.10940 -112.28667  28.151492      99.22 9.7913e+01    520.888      12502  1028.5428  1028.5422    34.0711    34.0703    8.37093         24 0.0000e+00
    236.000    233.426    -1.4185  27.261195    -1.4182  27.260992     6.3156     6.4830     0.0468    94.6484 1.0000e-12  -74.10940 -112.28667  28.151503      99.75 9.7116e+01    521.870      12526  1028.5478  1028.5473    34.0711    34.0705    8.37104         23 0.0000e+00
    237.000    234.412    -1.4185  27.261707    -1.4180  27.261574     6.3149     6.4904     0.0509    94.6547 1.0000e-12  -74.10940 -112.28667  28.151515      99.75 9.7326e+01    522.856      12550  1028.5527  1028.5521    34.0712    34.0705    8.37104         24 0.0000e+00
    238.000    235.401    -1.4187  27.261935    -1.4185  27.261670     6.3200     6.4959     0.0525    94.6213 1.0000e-12  -74.10940 -112.28667  28.151526      99.75 9.7884e+01    523.845      12573  1028.5574  1028.5569    34.0711    34.0705    8.37108         23 0.0000e+00
    239.000    236.391    -1.4191  27.262050    -1.4189  27.261740     6.3142     6.4912     0.0608    94.6591 1.0000e-12  -74.10940 -112.28668  28.151537      99.75 9.6637e+01    524.803      12596  1028.5623  1028.5618    34.0711    34.0705    8.37118         23 0.0000e+00
    240.000    237.380    -1.4194  27.262415    -1.4192  27.262089     6.3193     6.4822     0.1025    94.6553 1.0000e-12  -74.10940 -112.28668  28.151548      99.75 9.6806e+01    525.757      12619  1028.5673  1028.5668    34.0714    34.0707    8.37123         23 0.0000e+00
    241.000    238.367    -1.4200  27.262347    -1.4197  27.262132     6.3187     6.4864     0.0490    94.6493 1.0000e-12  -74.10940 -112.28668  28.151559      99.74 9.7835e+01    526.725      12642  1028.5721  1028.5716    34.0713    34.0707    8.37137         24 0.0000e+00
    242.000    239.356    -1.4201  27.262723    -1.4199  27.262422     6.3205     6.4935     0.0496    94.6620 1.0000e-12  -74.10940 -112.28668  28.151571      99.75 9.6727e+01    527.709      12666  1028.5769  1028.5764    34.0713    34.0706    8.37139         23 0.0000e+00
    243.000    240.345    -1.4205  27.262986    -1.4202  27.262724     6.3204     6.5041     0.0407    94.6194 1.0000e-12  -74.10940 -112.28668  28.151582      99.74 9.6677e+01    528.701      12690  1028.5819  1028.5814    34.0715    34.0708    8.37147         25 0.0000e+00
    244.000    241.333    -1.4217  27.262667    -1.4214  27.262347     6.3161     6.5021     0.0504    94.6464 1.0000e-12  -74.10940 -112.28668  28.151593      99.75 9.7988e+01    529.679      12713  1028.5870  1028.5865    34.0718    34.0711    8.37172         22 0.0000e+00
    245.000    242.322    -1.4230  27.262387    -1.4231  27.261672     6.3093     6.4815     0.0903    94.6362 1.0000e-12  -74.10940 -112.28668  28.151604      99.75 9.6953e+01    530.630      12736  1028.5923  1028.5916    34.0723    34.0714    8.37198         23 0.0000e+00
    246.000    243.310    -1.4144  27.272195    -1.4126  27.272727     6.2851     6.4536     0.1069    94.6508 1.0000e-12  -74.10940 -112.28669  28.151616      99.75 9.6576e+01    531.581      12759  1028.5991  1028.5978    34.0754    34.0740    8.36987         23 0.0000e+00
    247.000    244.298    -1.3984  27.286749    -1.3958  27.288404     6.2780     6.4567     0.0821    94.6551 1.0000e-12  -74.10940 -112.28669  28.151627      99.70 9.8077e+01    532.577      12783  1028.6038  1028.6031    34.0766    34.0758    8.36621         25 0.0000e+00
    248.000    245.288    -1.3873  27.297280    -1.3873  27.296481     6.2933     6.4721     0.2004    94.6504 1.0000e-12  -74.10940 -112.28669  28.151639      99.72 9.6825e+01    533.593      12807  1028.6089  1028.6080    34.0778    34.0767    8.36364         24 0.0000e+00
    249.000    246.275    -1.4009  27.286220    -1.4009  27.285895     6.2917     6.4681     0.0444    94.6241 1.0000e-12  -74.10940 -112.28670  28.151650      99.75 9.6195e+01    534.579      12831  1028.6144  1028.6141    34.0774    34.0770    8.36672         23 0.0000e+00
    250.000    247.264    -1.4007  27.287523    -1.4003  27.287192     6.2625     6.4455     0.0595    94.5155 1.0000e-12  -74.10940 -112.28670  28.151662      99.75 9.7520e+01    535.560      12854  1028.6200  1028.6193    34.0784    34.0775    8.36662         23 0.0000e+00
    251.000    248.252    -1.3855  27.303129    -1.3845  27.302690     6.2498     6.4309     0.0773    94.6506 1.0000e-12  -74.10940 -112.28670  28.151673      99.75 9.6953e+01    536.530      12878  1028.6267  1028.6252    34.0819    34.0802    8.36299         24 0.0000e+00
    252.000    249.242    -1.3647  27.323506    -1.3641  27.322827     6.2461     6.4264     0.0486    94.6700 1.0000e-12  -74.10940 -112.28670  28.151684      99.74 9.6079e+01    537.477      12900  1028.6331  1028.6318    34.0856    34.0840    8.35810         22 0.0000e+00
    253.000    250.229    -1.3611  27.327639    -1.3606  27.327185     6.2376     6.4216     0.0407    94.6675 1.0000e-12  -74.10940 -112.28670  28.151695      99.75 9.7864e+01    538.451      12924  1028.6386  1028.6377    34.0866    34.0854    8.35725         24 0.0000e+00
    254.000    251.217    -1.3585  27.330733    -1.3581  27.330358     6.2411     6.4154     0.0507    94.6426 1.0000e-12  -74.10940 -112.28670  28.151707      99.75 9.7394e+01    539.448      12948  1028.6440  1028.6432    34.0873    34.0863    8.35663         24 0.0000e+00
    255.000    252.207    -1.3571  27.332714    -1.3569  27.332202     6.2445     6.4161     0.0530    94.6312 1.0000e-12  -74.10940 -112.28670  28.151718      99.75 9.5802e+01    540.426      12971  1028.6492  1028.6484    34.0878    34.0868    8.35628         24 0.0000e+00
    256.000    253.194    -1.3564  27.334065    -1.3559  27.333730     6.2408     6.4165     0.0437    94.6558 1.0000e-12  -74.10940 -112.28670  28.151729      99.75 9.8141e+01    541.388      12994  1028.6544  1028.6535    34.0882    34.0871    8.35609         22 0.0000e+00
    257.000    254.183    -1.3558  27.335213    -1.3553  27.334805     6.2433     6.4196     0.0430    94.6515 1.0000e-12  -74.10940 -112.28670  28.151740      99.75 9.7551e+01    542.346      13017  1028.6595  1028.6585    34.0885    34.0874    8.35595         24 0.0000e+00
    258.000    255.171    -1.3548  27.337334    -1.3542  27.336965     6.2398     6.4155     0.0372    94.6719 1.0000e-12  -74.10940 -112.28670  28.151751      99.75 9.6661e+01    543.323      13041  1028.6652  1028.6642    34.0896    34.0884    8.35565         23 0.0000e+00
    259.000    256.160    -1.3544  27.338354    -1.3540  27.338012     6.2370     6.4155     0.0440    94.6800 1.0000e-12  -74.10940 -112.28670  28.151763      81.07 9.7654e+01    544.297      13064  1028.6703  1028.6695    34.0899    34.0890    8.35554         23 0.0000e+00
    260.000    257.149    -1.3520  27.342037    -1.3516  27.341448     6.2411     6.4155     0.0576    94.6665 1.0000e-12  -74.10940 -112.28670  28.151774      83.77 9.8033e+01    545.253      13087  1028.6764  1028.6754    34.0916    34.0904    8.35490         23 0.0000e+00
    261.000    258.136    -1.3464  27.348547    -1.3458  27.348073     6.2430     6.4044     0.0544    94.6810 1.0000e-12  -74.10940 -112.28670  28.151785      96.92 9.6965e+01    546.202      13110  1028.6825  1028.6814    34.0936    34.0923    8.35354         23 0.0000e+00
    262.000    259.126    -1.3408  27.354940    -1.3403  27.354541     6.2356     6.4043     0.0561    94.6718 1.0000e-12  -74.10940 -112.28670  28.151796      99.72 9.7178e+01    547.184      13133  1028.6884  1028.6875    34.0954    34.0943    8.35217         24 0.0000e+00
    263.000    260.113    -1.3385  27.358266    -1.3377  27.358072     6.2306     6.3950     0.0562    94.6726 1.0000e-12  -74.10940 -112.28670  28.151808      99.75 9.7451e+01    548.206      13158  1028.6942  1028.6932    34.0968    34.0956    8.35159         25 0.0000e+00
    264.000    261.101    -1.3324  27.365018    -1.3316  27.364701     6.2253     6.3893     0.0486    94.6677 1.0000e-12  -74.10940 -112.28670  28.151819      99.75 9.5189e+01    549.190      13182  1028.7001  1028.6989    34.0984    34.0971    8.35012         22 0.0000e+00
    265.000    262.090    -1.3263  27.372404    -1.3257  27.371881     6.2195     6.3874     0.0426    94.6620 1.0000e-12  -74.10940 -112.28670  28.151830      99.75 9.6348e+01    550.127      13204  1028.7066  1028.7054    34.1010    34.0996    8.34860         23 0.0000e+00
    266.000    263.080    -1.3222  27.377329    -1.3216  27.377099     6.2218     6.3925     0.0348    94.6685 1.0000e-12  -74.10940 -112.28670  28.151841      99.75 9.8240e+01    551.084      13227  1028.7124  1028.7116    34.1025    34.1015    8.34759         24 0.0000e+00
    267.000    264.067    -1.3212  27.379091    -1.3208  27.378646     6.2223     6.3970     0.0216    94.6743 1.0000e-12  -74.10940 -112.28670  28.151853      99.75 9.6269e+01    552.083      13251  1028.7178  1028.7169    34.1032    34.1021    8.34734         23 0.0000e+00
    268.000    265.056    -1.3212  27.380155    -1.3206  27.379808     6.2237     6.3904     0.0359    94.6597 1.0000e-12  -74.10940 -112.28670  28.151864      99.75 9.6749e+01    553.085      13275  1028.7234  1028.7223    34.1040    34.1028    8.34728         24 0.0000e+00
    269.000    266.043    -1.3198  27.382179    -1.3193  27.381691     6.2162     6.3737     0.0298    94.6790 1.0000e-12  -74.10940 -112.28670  28.151876      99.74 9.8667e+01    554.053      13298  1028.7286  1028.7276    34.1046    34.1034    8.34694         23 0.0000e+00
    270.000    267.032    -1.3087  27.394943    -1.3076  27.394690     6.1913     6.3698     0.0234    94.6788 1.0000e-12  -74.10940 -112.28670  28.151887      99.75 9.6629e+01    555.011      13321  1028.7361  1028.7348    34.1088    34.1073    8.34421         23 0.0000e+00
    271.000    268.021    -1.2989  27.405261    -1.2981  27.404908     6.1830     6.3651     0.0305    94.6901 1.0000e-12  -74.10940 -112.28670  28.151898      99.75 9.6517e+01    555.984      13345  1028.7424  1028.7411    34.1113    34.1099    8.34188         24 0.0000e+00
    272.000    269.008    -1.2962  27.408514    -1.2955  27.408161     6.1895     6.3651     0.0256    94.7137 1.0000e-12  -74.10940 -112.28670  28.151910      99.75 9.7473e+01    556.980      13369  1028.7477  1028.7466    34.1120    34.1108    8.34123         24 0.0000e+00
    273.000    269.998    -1.2944  27.411148    -1.2937  27.410835     6.1890     6.3626     0.0172    94.6823 1.0000e-12  -74.10940 -112.28670  28.151921      99.75 9.5664e+01    557.954      13392  1028.7532  1028.7522    34.1129    34.1117    8.34076         23 0.0000e+00
    274.000    270.986    -1.2907  27.415960    -1.2899  27.415623     6.1865     6.3617     0.0337    94.6912 1.0000e-12  -74.10940 -112.28670  28.151932      90.66 9.5193e+01    558.902      13415  1028.7592  1028.7582    34.1147    34.1134    8.33984         22 0.0000e+00
    275.000    271.974    -1.2896  27.417561    -1.2888  27.417246     6.1889     6.3626     0.0757    94.7051 1.0000e-12  -74.10940 -112.28670  28.151943      98.61 9.8363e+01    559.857      13438  1028.7643  1028.7632    34.1151    34.1137    8.33958         24 0.0000e+00
    276.000    272.961    -1.2892  27.418601    -1.2884  27.418212     6.1991     6.3586     0.0285    94.7046 1.0000e-12  -74.10940 -112.28670  28.151954      99.76 9.5943e+01    560.841      13461  1028.7694  1028.7683    34.1154    34.1140    8.33946         23 0.0000e+00
    277.000    273.951    -1.2880  27.420935    -1.2873  27.420391     6.1950     6.3575     0.0360    94.7051 1.0000e-12  -74.10940 -112.28670  28.151966      99.75 9.5485e+01    561.822      13485  1028.7752  1028.7740    34.1166    34.1151    8.33912         24 0.0000e+00
    278.000    274.939    -1.2840  27.426483    -1.2832  27.426105     6.1969     6.3630     0.0299    94.7023 1.0000e-12  -74.10940 -112.28670  28.151977      99.75 9.7870e+01    562.788      13508  1028.7818  1028.7806    34.1190    34.1176    8.33808         23 0.0000e+00
    279.000    275.926    -1.2800  27.432044    -1.2793  27.431645     6.1980     6.3675     0.0289    94.7075 1.0000e-12  -74.10940 -112.28670  28.151988      99.75 9.6148e+01    563.734      13531  1028.7884  1028.7872    34.1215    34.1201    8.33705         22 0.0000e+00
    280.000    276.915    -1.2779  27.434969    -1.2771  27.434624     6.1929     6.3679     0.0334    94.6966 1.0000e-12  -74.10940 -112.28669  28.151999      99.74 9.6270e+01    564.677      13553  1028.7939  1028.7928    34.1225    34.1211    8.33652         23 0.0000e+00
    281.000    277.903    -1.2758  27.437660    -1.2749  27.437313     6.1904     6.3671     0.0304    94.6922 1.0000e-12  -74.10940 -112.28669  28.152010      99.75 9.7406e+01    565.652      13577  1028.7992  1028.7979    34.1232    34.1217    8.33601         24 0.0000e+00
    282.000    278.893    -1.2735  27.440338    -1.2727  27.440013     6.1955     6.3596     0.0169    94.5305 1.0000e-12  -74.10940 -112.28669  28.152021      99.75 9.6882e+01    566.651      13601  1028.8043  1028.8031    34.1237    34.1223    8.33548         24 0.0000e+00
    283.000    279.880    -1.2735  27.440860    -1.2729  27.440404     6.1942     6.3533     0.0102    94.7223 1.0000e-12  -74.10940 -112.28669  28.152033      99.75 9.5502e+01    567.614      13624  1028.8092  1028.8081    34.1237    34.1224    8.33547         22 0.0000e+00
    284.000    280.869    -1.2734  27.441505    -1.2727  27.441252     6.1839     6.3511     0.0293    94.6996 1.0000e-12  -74.10940 -112.28669  28.152043      99.74 9.6833e+01    568.562      13646  1028.8142  1028.8132    34.1239    34.1227    8.33543         23 0.0000e+00
    285.000    281.856    -1.2724  27.443445    -1.2716  27.443098     6.1792     6.3442     0.0366    94.7150 1.0000e-12  -74.10940 -112.28669  28.152055      99.75 9.7103e+01    569.553      13670  1028.8197  1028.8185    34.1248    34.1234    8.33517         25 0.0000e+00
    286.000    282.845    -1.2664  27.450061    -1.2657  27.449714     6.1725     6.3465     0.0224    94.7039 1.0000e-12  -74.10940 -112.28669  28.152067      99.75 9.5112e+01    570.568      13695  1028.8254  1028.8243    34.1264    34.1251    8.33373         24 0.0000e+00
    287.000    283.833    -1.2656  27.451369    -1.2646  27.451256     6.1628     6.3333     0.0400    94.7057 1.0000e-12  -74.10940 -112.28669  28.152078      81.76 9.5807e+01    571.539      13718  1028.8304  1028.8292    34.1267    34.1253    8.33353         23 0.0000e+00
    288.000    284.823    -1.2581  27.459467    -1.2581  27.458070     6.1502     6.3179     0.0492    94.7063 1.0000e-12  -74.10940 -112.28670  28.152089      96.47 9.8236e+01    572.478      13740  1028.8362  1028.8348    34.1286    34.1267    8.33174         22 0.0000e+00
    289.000    285.810    -1.2526  27.465242    -1.2518  27.464757     6.1472     6.3140     0.0361    94.7242 1.0000e-12  -74.10940 -112.28670  28.152100      99.74 9.6170e+01    573.429      13763  1028.8416  1028.8403    34.1296    34.1281    8.33045         24 0.0000e+00
    290.000    286.798    -1.2467  27.471753    -1.2460  27.471402     6.1374     6.3121     0.0357    94.7190 1.0000e-12  -74.10940 -112.28670  28.152112      99.75 9.6600e+01    574.446      13788  1028.8474  1028.8462    34.1313    34.1299    8.32905         25 0.0000e+00
