ocean_section_plots/required_files/ctd/dnbp2202_ctd184.cnv
* Sea-Bird SBE 9 Data File:
* FileName = D:\Data\raw\NBP2202_CTD184.hex
* Software Version Seasave V 7.26.7.121
* Temperature SN = 1649
* Conductivity SN = 2513
* Number of Bytes Per Scan = 40
* Number of Voltage Words = 5
* Number of Scans Averaged by the Deck Unit = 1
* NMEA Latitude = 74 09.54 S
* NMEA Longitude = 111 26.36 W
* NMEA UTC (Time) = Feb 05 2022  10:14:04
* NMEA baud rate = 9600
** Ship: RVIB N.B. Palmer
** Cruise: NBP2202 Thwaites
** Station: 106
** Operator: B Bjork
# nquan = 28
# nvalues = 321                         
# units = specified
# name 0 = prDM: Pressure, Digiquartz [db]
# name 1 = depSM: Depth [salt water, m]
# name 2 = t090C: Temperature [ITS-90, deg C]
# name 3 = c0mS/cm: Conductivity [mS/cm]
# name 4 = t190C: Temperature, 2 [ITS-90, deg C]
# name 5 = c1mS/cm: Conductivity, 2 [mS/cm]
# name 6 = sbeox0ML/L: Oxygen, SBE 43 [ml/l]
# name 7 = sbeox1ML/L: Oxygen, SBE 43, 2 [ml/l]
# name 8 = flECO-AFL: Fluorescence, WET Labs ECO-AFL/FL [mg/m^3]
# name 9 = CStarTr0: Beam Transmission, WET Labs C-Star [%]
# name 10 = par: PAR/Irradiance, Biospherical/Licor
# name 11 = latitude: Latitude [deg]
# name 12 = longitude: Longitude [deg]
# name 13 = timeJ: Julian Days
# name 14 = altM: Altimeter [m]
# name 15 = spar: SPAR, Biospherical/Licor
# name 16 = timeS: Time, Elapsed [seconds]
# name 17 = scan: Scan Count
# name 18 = density00: Density [density, kg/m^3]
# name 19 = density11: Density, 2 [density, kg/m^3]
# name 20 = v3: Voltage 3
# name 21 = v4: Voltage 4
# name 22 = v5: Voltage 5
# name 23 = sal00: Salinity, Practical [PSU]
# name 24 = sal11: Salinity, Practical, 2 [PSU]
# name 25 = oxsolML/L: Oxygen Saturation, Garcia & Gordon [ml/l]
# name 26 = nbin: number of scans per bin
# name 27 = flag: flag
# span 0 =      1.000,    321.000       
# span 1 =      1.013,    317.433       
# span 2 =    -1.3986,    -1.2854       
# span 3 =  27.051064,  27.333225       
# span 4 =    -1.3981,    -1.2865       
# span 5 =  27.051581,  27.332956       
# span 6 =     5.7532,     7.3622       
# span 7 =     5.9305,     7.5724       
# span 8 =     0.0143,     8.7621       
# span 9 =    85.5656,    98.4371       
# span 10 = -3.444e-06, 9.9420e+01      
# span 11 =  -74.15912,  -74.15912      
# span 12 = -111.43944, -111.43940      
# span 13 =  36.428840,  36.434373      
# span 14 =       4.75,     100.38      
# span 15 = 4.5704e+02, 5.4628e+02      
# span 16 =    207.750,    685.807      
# span 17 =       4987,      16460      
# span 18 =  1027.1871,  1028.9265      
# span 19 =  1027.1895,  1028.9251      
# span 20 =     4.0597,     4.6697      
# span 21 =     0.0688,     1.4210      
# span 22 =     0.1248,     0.1754      
# span 23 =    33.7883,    34.0403      
# span 24 =    33.7900,    34.0389      
# span 25 =    8.35497,    8.37640      
# span 26 =          5,         54      
# span 27 = 0.0000e+00, 0.0000e+00      
# interval = decibars: 1                
# start_time = Feb 05 2022 10:14:04 [NMEA time, header]
# bad_flag = -9.990e-29
*END*
[from data line 311]
    312.000    308.540    -1.3502  27.329505    -1.3491  27.329345     6.0553     6.2279     0.0290    98.3902 1.0000e-12  -74.15912 -111.43942  36.433391      13.99 5.3921e+02    600.989      14425  1028.8839  1028.8827     4.6674     0.0736     0.1309    34.0402    34.0387    8.35756         37 0.0000e+00
    313.000    309.527    -1.3500  27.330164    -1.3488  27.330004     6.0516     6.2273     0.0328    98.3712 1.0000e-12  -74.15912 -111.43942  36.433427      12.95 5.4011e+02    604.085      14499  1028.8887  1028.8874     4.6666     0.0733     0.1326    34.0402    34.0386    8.35751         46 0.0000e+00
    314.000    310.514    -1.3501  27.330276    -1.3491  27.329900     6.0456     6.2189     0.0421    98.4164 1.0000e-12  -74.15912 -111.43942  36.433466      11.95 5.3767e+02    607.502      14581  1028.8933  1028.8920     4.6687     0.0751     0.1295    34.0399    34.0383    8.35756         34 0.0000e+00
    315.000    311.503    -1.3504  27.330295    -1.3493  27.330017     6.0536     6.2249     0.0386    98.3927 1.0000e-12  -74.15912 -111.43942  36.433496      10.95 5.3902e+02    610.075      14643  1028.8979  1028.8965     4.6676     0.0741     0.1292    34.0397    34.0380    8.35764         27 0.0000e+00
    316.000    312.487    -1.3503  27.330814    -1.3493  27.330456     6.0560     6.2264     0.0387    98.3994 1.0000e-12  -74.15912 -111.43942  36.433526       9.91 5.4026e+02    612.668      14705  1028.9027  1028.9013     4.6679     0.0761     0.1336    34.0397    34.0380    8.35762         30 0.0000e+00
    317.000    313.474    -1.3508  27.330562    -1.3496  27.330429     6.0514     6.2237     0.0340    98.4033 1.0000e-12  -74.15912 -111.43942  36.433557       8.98 5.3970e+02    615.312      14768  1028.9071  1028.9058     4.6681     0.0751     0.1357    34.0393    34.0377    8.35775         25 0.0000e+00
    318.000    314.467    -1.3509  27.330823    -1.3497  27.330716     6.0514     6.2193     0.0577    98.4142 1.0000e-12  -74.15912 -111.43942  36.433591       7.93 5.3881e+02    618.223      14838  1028.9118  1028.9105     4.6686     0.0738     0.1323    34.0391    34.0376    8.35778         26 0.0000e+00
    319.000    315.456    -1.3509  27.331350    -1.3497  27.331116     6.0480     6.2192     0.0744    98.4017 1.0000e-12  -74.15912 -111.43942  36.433625       7.01 5.4098e+02    621.220      14910  1028.9166  1028.9152     4.6680     0.0761     0.1349    34.0392    34.0375    8.35778         29 0.0000e+00
    320.000    316.441    -1.3508  27.331925    -1.3495  27.331750     6.0463     6.2271     0.0868    98.3990 1.0000e-12  -74.15912 -111.43942  36.433659       5.96 5.3922e+02    624.148      14981  1028.9215  1028.9201     4.6680     0.0758     0.1286    34.0393    34.0376    8.35776         29 0.0000e+00
    321.000    317.433    -1.3501  27.333225    -1.3490  27.332956     6.0483     6.2217     0.0351    98.3863 1.0000e-12  -74.15912 -111.43941  36.434373       4.75 5.4628e+02    685.807      16460  1028.9265  1028.9251     4.6673     0.0740     0.1344    34.0396    34.0380    8.35757         54 0.0000e+00
