ocean_section_plots/required_files/ctd/dnbp2202_ctd083.cnv
* Sea-Bird SBE 9 Data File:
* FileName = D:\Data\raw\NBP2202_CTD083.hex
* Software Version Seasave V 7.26.7.121
* Temperature SN = 1649
* Conductivity SN = 2513
* Number of Bytes Per Scan = 40
* Number of Voltage Words = 5
* Number of Scans Averaged by the Deck Unit = 1
* NMEA Latitude = 74 10.51 S
* NMEA Longitude = 113 20.67 W
* NMEA UTC (Time) = Jan 26 2022  18:34:01
* NMEA baud rate = 9600
** Ship: RVIB N.B. Palmer
** Cruise: NBP2202 Thwaites
** Station: YoYo001
** Operator: A. Robinson
# nquan = 25
# nvalues = 607                         
# units = specified
# name 0 = prDM: Pressure, Digiquartz [db]
# name 1 = depSM: Depth [salt water, m]
# name 2 = t090C: Temperature [ITS-90, deg C]
# name 3 = c0mS/cm: Conductivity [mS/cm]
# name 4 = t190C: Temperature, 2 [ITS-90, deg C]
# name 5 = c1mS/cm: Conductivity, 2 [mS/cm]
# name 6 = sbeox0ML/L: Oxygen, SBE 43 [ml/l]
# name 7 = sbeox1ML/L: Oxygen, SBE 43, 2 [ml/l]
# name 8 = flECO-AFL: Fluorescence, WET Labs ECO-AFL/FL [mg/m^3]
# name 9 = CStarTr0: Beam Transmission, WET Labs C-Star [%]
# name 10 = par: PAR/Irradiance, Biospherical/Licor
# name 11 = latitude: Latitude [deg]
# name 12 = longitude: Longitude [deg]
# name 13 = timeJ: Julian Days
# name 14 = altM: Altimeter [m]
# name 15 = spar: SPAR, Biospherical/Licor
# name 16 = timeS: Time, Elapsed [seconds]
# name 17 = scan: Scan Count
# name 18 = density00: Density [density, kg/m^3]
# name 19 = density11: Density, 2 [density, kg/m^3]
# name 20 = sal00: Salinity, Practical [PSU]
# name 21 = sal11: Salinity, Practical, 2 [PSU]
# name 22 = oxsolML/L: Oxygen Saturation, Garcia & Gordon [ml/l]
# name 23 = nbin: number of scans per bin
# name 24 = flag: flag
# span 0 =     10.000,    616.000       
# span 1 =      9.895,    608.717       
# span 2 =    -1.5688,     0.0929       
# span 3 =  26.967610,  28.924828       
# span 4 =    -1.5675,     0.0949       
# span 5 =  26.967671,  28.925725       
# span 6 =     4.6956,     8.5941       
# span 7 =     4.7738,     8.4419       
# span 8 =    -0.0224,    26.7033       
# span 9 =    69.1388,    95.7701       
# span 10 = 1.0000e-12, 4.5936e+01      
# span 11 =  -74.17530,  -74.17528      
# span 12 = -113.34460, -113.34456      
# span 13 =  26.774151,  26.783633      
# span 14 =       4.63,     100.08      
# span 15 = 1.4121e+03, 1.7155e+03      
# span 16 =     45.676,    864.861      
# span 17 =       1097,      20758      
# span 18 =  1027.2222,  1030.5166      
# span 19 =  1027.2208,  1030.5144      
# span 20 =    33.7898,    34.3807      
# span 21 =    33.7879,    34.3781      
# span 22 =    8.02550,    8.41154      
# span 23 =         20,         46      
# span 24 = 0.0000e+00, 0.0000e+00      
# interval = decibars: 1                
# start_time = Jan 26 2022 18:34:01 [NMEA time, header]
# bad_flag = -9.990e-29
*END*
[from data line 464]
    474.000    468.559    -0.0924  28.663916    -0.0907  28.663087     4.7776     4.8606    -0.0121    95.1722 1.0000e-12  -74.17528 -113.34458  26.781129      99.93 1.4782e+03    648.524      15566  1029.8147  1029.8122    34.3232    34.3202    8.06767         29 0.0000e+00
    475.000    469.544    -0.0852  28.672744    -0.0829  28.672613     4.7734     4.8574    -0.0116    95.1308 1.0000e-12  -74.17528 -113.34458  26.781142      99.86 1.4763e+03    649.684      15593  1029.8212  1029.8189    34.3263    34.3235    8.06598         28 0.0000e+00
    476.000    470.532    -0.0809  28.677978    -0.0788  28.677614     4.7717     4.8520     0.0023    95.1126 1.0000e-12  -74.17528 -113.34458  26.781156      99.87 1.4755e+03    650.838      15621  1029.8268  1029.8244    34.3277    34.3249    8.06498         28 0.0000e+00
    477.000    471.520    -0.0773  28.682077    -0.0757  28.681362     4.7650     4.8457    -0.0027    95.1069 1.0000e-12  -74.17528 -113.34458  26.781169      99.87 1.4747e+03    652.007      15649  1029.8319  1029.8296    34.3286    34.3258    8.06418         28 0.0000e+00
    478.000    472.507    -0.0746  28.685312    -0.0723  28.685257     4.7601     4.8460    -0.0172    95.1146 1.0000e-12  -74.17528 -113.34458  26.781183      99.86 1.4737e+03    653.201      15678  1029.8370  1029.8347    34.3292    34.3266    8.06358         29 0.0000e+00
    479.000    473.496    -0.0738  28.686502    -0.0718  28.686181     4.7638     4.8371    -0.0112    95.1058 1.0000e-12  -74.17528 -113.34458  26.781197      99.87 1.4719e+03    654.420      15707  1029.8418  1029.8395    34.3293    34.3267    8.06340         29 0.0000e+00
    480.000    474.481    -0.0736  28.686991    -0.0713  28.686954     4.7595     4.8431    -0.0130    95.0525 1.0000e-12  -74.17528 -113.34458  26.781211      99.86 1.4707e+03    655.646      15737  1029.8464  1029.8442    34.3291    34.3266    8.06336         29 0.0000e+00
    481.000    475.468    -0.0727  28.688239    -0.0706  28.687995     4.7580     4.8347    -0.0048    95.0670 1.0000e-12  -74.17528 -113.34458  26.781225      99.87 1.4701e+03    656.851      15765  1029.8512  1029.8490    34.3292    34.3266    8.06318         30 0.0000e+00
    482.000    476.457    -0.0727  28.688660    -0.0706  28.688369     4.7558     4.8396     0.0023    95.0492 1.0000e-12  -74.17528 -113.34458  26.781239      85.12 1.4702e+03    658.042      15794  1029.8559  1029.8537    34.3291    34.3265    8.06317         28 0.0000e+00
    483.000    477.444    -0.0723  28.689564    -0.0705  28.689084     4.7601     4.8436    -0.0061    95.0612 1.0000e-12  -74.17528 -113.34458  26.781252      86.56 1.4709e+03    659.215      15822  1029.8608  1029.8585    34.3293    34.3267    8.06308         27 0.0000e+00
    484.000    478.432    -0.0710  28.691711    -0.0691  28.691322     4.7588     4.8426    -0.0127    95.0282 1.0000e-12  -74.17528 -113.34458  26.781266     100.06 1.4721e+03    660.370      15850  1029.8660  1029.8638    34.3301    34.3274    8.06276         28 0.0000e+00
    485.000    479.419    -0.0691  28.694299    -0.0671  28.694100     4.7541     4.8414    -0.0047    95.0445 1.0000e-12  -74.17528 -113.34458  26.781279      99.87 1.4737e+03    661.539      15878  1029.8713  1029.8691    34.3309    34.3284    8.06233         29 0.0000e+00
    486.000    480.406    -0.0676  28.696394    -0.0655  28.696231     4.7555     4.8334    -0.0135    95.0224 1.0000e-12  -74.17528 -113.34459  26.781293      99.87 1.4755e+03    662.746      15907  1029.8763  1029.8741    34.3314    34.3288    8.06198         29 0.0000e+00
    487.000    481.393    -0.0667  28.697711    -0.0649  28.697470     4.7531     4.8361    -0.0114    95.0053 1.0000e-12  -74.17528 -113.34459  26.781308      99.87 1.4783e+03    663.978      15936  1029.8811  1029.8790    34.3315    34.3291    8.06178         30 0.0000e+00
    488.000    482.381    -0.0660  28.699006    -0.0640  28.698818     4.7561     4.8400    -0.0183    95.0028 1.0000e-12  -74.17528 -113.34460  26.781322      99.86 1.4800e+03    665.205      15966  1029.8860  1029.8839    34.3318    34.3293    8.06161         29 0.0000e+00
    489.000    483.368    -0.0657  28.699923    -0.0637  28.699567     4.7535     4.8385    -0.0192    94.9680 1.0000e-12  -74.17528 -113.34458  26.781336      99.87 1.4808e+03    666.394      15994  1029.8909  1029.8887    34.3321    34.3294    8.06153         28 0.0000e+00
    490.000    484.356    -0.0653  28.700925    -0.0633  28.700638     4.7526     4.8353    -0.0177    94.9909 1.0000e-12  -74.17528 -113.34459  26.781349      99.87 1.4811e+03    667.560      16022  1029.8959  1029.8937    34.3324    34.3298    8.06143         28 0.0000e+00
    491.000    485.341    -0.0622  28.705139    -0.0601  28.704799     4.7485     4.8317    -0.0106    94.9921 1.0000e-12  -74.17528 -113.34459  26.781363      99.87 1.4808e+03    668.736      16051  1029.9015  1029.8992    34.3339    34.3311    8.06069         29 0.0000e+00
    492.000    486.330    -0.0597  28.708311    -0.0577  28.707991     4.7516     4.8331    -0.0082    94.9860 1.0000e-12  -74.17528 -113.34459  26.781377      99.87 1.4795e+03    669.937      16079  1029.9068  1029.9045    34.3347    34.3321    8.06012         29 0.0000e+00
    493.000    487.318    -0.0570  28.711896    -0.0551  28.711410     4.7504     4.8351    -0.0054    94.9827 1.0000e-12  -74.17528 -113.34460  26.781390      80.49 1.4780e+03    671.130      16108  1029.9122  1029.9099    34.3358    34.3331    8.05949         28 0.0000e+00
    494.000    488.304    -0.0552  28.714363    -0.0532  28.714036     4.7479     4.8359    -0.0113    94.9690 1.0000e-12  -74.17528 -113.34458  26.781404      85.52 1.4749e+03    672.302      16136  1029.9173  1029.9150    34.3365    34.3338    8.05907         28 0.0000e+00
    495.000    489.291    -0.0546  28.715460    -0.0526  28.715141     4.7482     4.8334    -0.0157    94.9464 1.0000e-12  -74.17528 -113.34459  26.781418      96.87 1.4730e+03    673.477      16164  1029.9222  1029.9199    34.3367    34.3340    8.05893         29 0.0000e+00
    496.000    490.280    -0.0544  28.716209    -0.0524  28.715944     4.7478     4.8256    -0.0070    94.9451 1.0000e-12  -74.17528 -113.34459  26.781431      99.77 1.4705e+03    674.668      16193  1029.9270  1029.9248    34.3369    34.3343    8.05888         29 0.0000e+00
    497.000    491.267    -0.0535  28.717750    -0.0515  28.717468     4.7473     4.8314    -0.0094    94.9620 1.0000e-12  -74.17528 -113.34459  26.781445      99.87 1.4680e+03    675.886      16222  1029.9321  1029.9299    34.3373    34.3347    8.05867         27 0.0000e+00
    498.000    492.252    -0.0522  28.719554    -0.0502  28.719376     4.7517     4.8297    -0.0169    94.9436 1.0000e-12  -74.17528 -113.34460  26.781460      99.86 1.4667e+03    677.106      16252  1029.9370  1029.9349    34.3376    34.3352    8.05837         29 0.0000e+00
    499.000    493.241    -0.0502  28.722223    -0.0484  28.721785     4.7459     4.8299    -0.0110    94.9258 1.0000e-12  -74.17528 -113.34458  26.781473      99.87 1.4666e+03    678.289      16280  1029.9421  1029.9399    34.3384    34.3358    8.05792         27 0.0000e+00
    500.000    494.228    -0.0483  28.724790    -0.0464  28.724374     4.7444     4.8305    -0.0025    94.9081 1.0000e-12  -74.17528 -113.34460  26.781487      99.87 1.4667e+03    679.439      16308  1029.9473  1029.9450    34.3391    34.3364    8.05748         28 0.0000e+00
    501.000    495.216    -0.0482  28.725428    -0.0460  28.725361     4.7471     4.8335    -0.0102    94.9136 1.0000e-12  -74.17528 -113.34459  26.781500      99.86 1.4668e+03    680.595      16335  1029.9521  1029.9499    34.3391    34.3367    8.05744         28 0.0000e+00
    502.000    496.202    -0.0481  28.726077    -0.0460  28.725760     4.7449     4.8345    -0.0105    94.9034 1.0000e-12  -74.17528 -113.34459  26.781514      99.87 1.4674e+03    681.783      16364  1029.9570  1029.9547    34.3393    34.3366    8.05741         29 0.0000e+00
    503.000    497.193    -0.0472  28.727433    -0.0454  28.727014     4.7461     4.8303    -0.0101    94.9255 1.0000e-12  -74.17528 -113.34459  26.781528      99.87 1.4678e+03    683.005      16393  1029.9618  1029.9596    34.3395    34.3369    8.05722         27 0.0000e+00
    504.000    498.176    -0.0455  28.729583    -0.0438  28.729239     4.7480     4.8272    -0.0100    94.9100 1.0000e-12  -74.17528 -113.34458  26.781542      73.80 1.4673e+03    684.259      16423  1029.9668  1029.9646    34.3399    34.3375    8.05685         28 0.0000e+00
    505.000    499.165    -0.0451  28.730581    -0.0433  28.730175     4.7457     4.8285    -0.0153    94.8907 1.0000e-12  -74.17528 -113.34460  26.781556      93.95 1.4668e+03    685.474      16452  1029.9717  1029.9695    34.3402    34.3376    8.05674         29 0.0000e+00
    506.000    500.152    -0.0449  28.731344    -0.0428  28.731163     4.7407     4.8302    -0.0135    94.8834 1.0000e-12  -74.17528 -113.34459  26.781570      99.82 1.4653e+03    686.637      16480  1029.9765  1029.9743    34.3404    34.3377    8.05669         28 0.0000e+00
    507.000    501.138    -0.0449  28.731725    -0.0427  28.731720     4.7462     4.8318    -0.0096    94.8819 1.0000e-12  -74.17528 -113.34459  26.781583      99.87 1.4641e+03    687.784      16508  1029.9812  1029.9791    34.3403    34.3378    8.05669         27 0.0000e+00
    508.000    502.127    -0.0448  28.732374    -0.0427  28.732085     4.7433     4.8323    -0.0103    94.9010 1.0000e-12  -74.17528 -113.34459  26.781597      99.87 1.4632e+03    688.948      16536  1029.9860  1029.9837    34.3404    34.3377    8.05665         28 0.0000e+00
    509.000    503.112    -0.0440  28.733670    -0.0421  28.733284     4.7452     4.8317    -0.0044    94.8865 1.0000e-12  -74.17528 -113.34458  26.781610      99.86 1.4612e+03    690.127      16564  1029.9909  1029.9887    34.3407    34.3381    8.05648         29 0.0000e+00
    510.000    504.102    -0.0440  28.734047    -0.0420  28.733775     4.7436     4.8293    -0.0089    94.8944 1.0000e-12  -74.17528 -113.34460  26.781624      99.87 1.4595e+03    691.329      16593  1029.9955  1029.9933    34.3406    34.3380    8.05648         29 0.0000e+00
    511.000    505.088    -0.0434  28.735129    -0.0411  28.735207     4.7445     4.8262    -0.0162    94.9005 1.0000e-12  -74.17528 -113.34459  26.781638      99.87 1.4580e+03    692.548      16622  1030.0003  1029.9982    34.3407    34.3383    8.05634         30 0.0000e+00
    512.000    506.075    -0.0433  28.735676    -0.0413  28.735487     4.7453     4.8241     0.0044    94.8780 1.0000e-12  -74.17528 -113.34459  26.781652      99.87 1.4559e+03    693.762      16651  1030.0050  1030.0029    34.3407    34.3382    8.05632         28 0.0000e+00
    513.000    507.062    -0.0430  28.736569    -0.0408  28.736408     4.7468     4.8269    -0.0122    94.8947 1.0000e-12  -74.17528 -113.34459  26.781666      99.87 1.4539e+03    694.974      16680  1030.0100  1030.0077    34.3410    34.3384    8.05624         29 0.0000e+00
    514.000    508.050    -0.0427  28.737183    -0.0407  28.737025     4.7426     4.8304    -0.0160    94.9060 1.0000e-12  -74.17528 -113.34458  26.781680      97.28 1.4523e+03    696.170      16709  1030.0146  1030.0125    34.3409    34.3384    8.05619         29 0.0000e+00
    515.000    509.037    -0.0418  28.738630    -0.0399  28.738329     4.7481     4.8315    -0.0137    94.9095 1.0000e-12  -74.17528 -113.34460  26.781694      69.86 1.4509e+03    697.325      16737  1030.0195  1030.0173    34.3412    34.3387    8.05598         27 0.0000e+00
    516.000    510.022    -0.0417  28.739120    -0.0398  28.738845     4.7470     4.8294    -0.0189    94.8892 1.0000e-12  -74.17528 -113.34458  26.781707      93.00 1.4496e+03    698.474      16764  1030.0242  1030.0220    34.3412    34.3387    8.05596         27 0.0000e+00
    517.000    511.012    -0.0413  28.740009    -0.0396  28.739445     4.7466     4.8324    -0.0142    94.8927 1.0000e-12  -74.17528 -113.34459  26.781720      99.79 1.4481e+03    699.642      16792  1030.0290  1030.0267    34.3414    34.3386    8.05588         29 0.0000e+00
    518.000    511.998    -0.0421  28.739722    -0.0406  28.738863     4.7484     4.8324    -0.0145    94.9126 1.0000e-12  -74.17528 -113.34459  26.781734      99.88 1.4473e+03    700.859      16822  1030.0337  1030.0313    34.3412    34.3384    8.05604         29 0.0000e+00
    519.000    512.987    -0.0426  28.739560    -0.0406  28.739259     4.7440     4.8326    -0.0120    94.9039 1.0000e-12  -74.17528 -113.34459  26.781749      99.87 1.4473e+03    702.083      16851  1030.0383  1030.0360    34.3410    34.3383    8.05617         30 0.0000e+00
    520.000    513.971    -0.0405  28.742103    -0.0385  28.742020     4.7471     4.8303    -0.0100    94.9166 1.0000e-12  -74.17528 -113.34460  26.781763      99.82 1.4481e+03    703.284      16880  1030.0432  1030.0411    34.3415    34.3391    8.05571         28 0.0000e+00
    521.000    514.960    -0.0374  28.746227    -0.0358  28.745514     4.7439     4.8241    -0.0093    94.8968 1.0000e-12  -74.17528 -113.34457  26.781776      99.48 1.4506e+03    704.456      16908  1030.0487  1030.0464    34.3428    34.3401    8.05496         28 0.0000e+00
    522.000    515.947    -0.0349  28.749442    -0.0329  28.749052     4.7409     4.8242    -0.0178    94.9186 1.0000e-12  -74.17528 -113.34459  26.781790      98.96 1.4531e+03    705.619      16936  1030.0539  1030.0516    34.3436    34.3410    8.05439         28 0.0000e+00
    523.000    516.934    -0.0353  28.749271    -0.0334  28.748997     4.7429     4.8268    -0.0173    94.9050 1.0000e-12  -74.17528 -113.34456  26.781803      98.85 1.4564e+03    706.798      16964  1030.0584  1030.0563    34.3434    34.3408    8.05450         29 0.0000e+00
    524.000    517.921    -0.0352  28.749908    -0.0333  28.749612     4.7420     4.8296    -0.0101    94.8876 1.0000e-12  -74.17528 -113.34456  26.781817      98.39 1.4598e+03    707.985      16993  1030.0633  1030.0611    34.3435    34.3409    8.05447         29 0.0000e+00
    525.000    518.908    -0.0333  28.752404    -0.0317  28.751570     4.7389     4.8280    -0.0026    94.9016 1.0000e-12  -74.17528 -113.34458  26.781831      97.26 1.4625e+03    709.176      17021  1030.0683  1030.0659    34.3440    34.3412    8.05404         28 0.0000e+00
    526.000    519.895    -0.0236  28.762809    -0.0218  28.762538     4.7413     4.8264    -0.0128    94.9193 1.0000e-12  -74.17528 -113.34458  26.781845      95.66 1.4646e+03    710.387      17050  1030.0740  1030.0720    34.3463    34.3440    8.05186         30 0.0000e+00
    527.000    520.882    -0.0233  28.763737    -0.0211  28.763477     4.7366     4.8262    -0.0152    94.9289 1.0000e-12  -74.17528 -113.34458  26.781859      95.31 1.4652e+03    711.604      17079  1030.0789  1030.0766    34.3466    34.3439    8.05178         29 0.0000e+00
    528.000    521.871    -0.0221  28.765432    -0.0195  28.765880     4.7456     4.8209    -0.0104    94.9181 1.0000e-12  -74.17528 -113.34458  26.781873      94.20 1.4651e+03    712.797      17108  1030.0840  1030.0819    34.3470    34.3447    8.05152         27 0.0000e+00
    529.000    522.858    -0.0212  28.767157    -0.0192  28.767010     4.7361     4.8162    -0.0153    94.9274 1.0000e-12  -74.17528 -113.34458  26.781886      93.06 1.4650e+03    713.963      17136  1030.0891  1030.0870    34.3476    34.3452    8.05128         29 0.0000e+00
    530.000    523.842    -0.0182  28.770786    -0.0160  28.770735     4.7349     4.8224    -0.0176    94.9384 1.0000e-12  -74.17528 -113.34458  26.781900      91.92 1.4630e+03    715.135      17164  1030.0942  1030.0921    34.3485    34.3460    8.05060         28 0.0000e+00
