ocean_section_plots/required_files/ctd/dnbp2202_ctd013.cnv
* Sea-Bird SBE 9 Data File:
* FileName = D:\Data\raw\NBP2202_CTD013.hex
* Software Version Seasave V 7.26.7.121
* Temperature SN = 1649
* Conductivity SN = 2513
* Number of Bytes Per Scan = 40
* Number of Voltage Words = 5
* Number of Scans Averaged by the Deck Unit = 1
* NMEA Latitude = 73 05.18 S
* NMEA Longitude = 113 47.15 W
* NMEA UTC (Time) = Jan 17 2022  01:33:52
* NMEA baud rate = 9600
** Ship: RVIB N.B. Palmer
** Cruise: NBP2202 Thwaites
** Station: #8
** Operator: A. Robinson
# nquan = 25
# nvalues = 498                         
# units = specified
# name 0 = prDM: Pressure, Digiquartz [db]
# name 1 = depSM: Depth [salt water, m]
# name 2 = t090C: Temperature [ITS-90, deg C]
# name 3 = c0mS/cm: Conductivity [mS/cm]
# name 4 = t190C: Temperature, 2 [ITS-90, deg C]
# name 5 = c1mS/cm: Conductivity, 2 [mS/cm]
# name 6 = sbeox0ML/L: Oxygen, SBE 43 [ml/l]
# name 7 = sbeox1ML/L: Oxygen, SBE 43, 2 [ml/l]
# name 8 = flECO-AFL: Fluorescence, WET Labs ECO-AFL/FL [mg/m^3]
# name 9 = CStarTr0: Beam Transmission, WET Labs C-Star [%]
# name 10 = par: PAR/Irradiance, Biospherical/Licor
# name 11 = latitude: Latitude [deg]
# name 12 = longitude: Longitude [deg]
# name 13 = timeJ: Julian Days
# name 14 = altM: Altimeter [m]
# name 15 = spar: SPAR, Biospherical/Licor
# name 16 = timeS: Time, Elapsed [seconds]
# name 17 = scan: Scan Count
# name 18 = density00: Density [density, kg/m^3]
# name 19 = density11: Density, 2 [density, kg/m^3]
# name 20 = sal00: Salinity, Practical [PSU]
# name 21 = sal11: Salinity, Practical, 2 [PSU]
# name 22 = oxsolML/L: Oxygen Saturation, Garcia & Gordon [ml/l]
# name 23 = nbin: number of scans per bin
# name 24 = flag: flag
# span 0 =      2.000,    499.000       
# span 1 =      1.976,    493.255       
# span 2 =    -1.5429,     0.4657       
# span 3 =  27.060139,  29.322200       
# span 4 =    -1.5420,     0.4679       
# span 5 =  27.059883,  29.321900       
# span 6 =     4.5932,     8.6571       
# span 7 =     4.8650,     9.2072       
# span 8 =    -0.0181,    25.8741       
# span 9 =    70.8257,    97.8842       
# span 10 = -5.639e-06, 4.8156e+01      
# span 11 =  -73.08650,  -73.08648      
# span 12 = -113.78590, -113.78583      
# span 13 =  17.068078,  17.076968      
# span 14 =       4.91,     101.18      
# span 15 = 1.1600e+02, 2.7900e+02      
# span 16 =    249.949,   1018.027      
# span 17 =       6000,      24434      
# span 18 =  1027.2365,  1030.0766      
# span 19 =  1027.2355,  1030.0738      
# span 20 =    33.8846,    34.5500      
# span 21 =    33.8831,    34.5471      
# span 22 =    7.93880,    8.40384      
# span 23 =          8,         47      
# span 24 = 0.0000e+00, 0.0000e+00      
# interval = decibars: 1                
# start_time = Jan 17 2022 01:33:52 [NMEA time, header]
# bad_flag = -9.990e-29
*END*
[from data line 58]
     60.000     59.374    -0.7030  27.644487    -0.7018  27.645517     8.0716     8.6112    21.6902    72.4897 1.0000e-12  -73.08648 -113.78586  17.069725      99.99 1.7635e+02    392.266       9415  1027.5356  1027.5356    33.8938    33.8938    8.22318         39 0.0000e+00
     61.000     60.363    -0.7545  27.603010    -0.7516  27.605766     7.9749     8.5082    22.5875    72.8644 1.0000e-12  -73.08648 -113.78586  17.069744      99.98 1.7782e+02    393.911       9455  1027.5443  1027.5445    33.8950    33.8955    8.23435         33 0.0000e+00
     62.000     61.351    -0.8005  27.566579    -0.8039  27.563670     7.9301     8.4570    19.2234    72.8834 1.0000e-12  -73.08648 -113.78586  17.069760      99.99 1.7816e+02    395.267       9487  1027.5529  1027.5532    33.8967    33.8966    8.24429         31 0.0000e+00
     63.000     62.342    -0.8416  27.535670    -0.8463  27.531084     7.8549     8.3827    19.3521    73.0713 1.0000e-12  -73.08648 -113.78587  17.069786      99.98 1.7918e+02    397.526       9542  1027.5622  1027.5618    33.9004    33.8995    8.25308         41 0.0000e+00
     64.000     63.332    -0.8864  27.498355    -0.8818  27.502245     7.7133     8.2239    20.9600    73.4582 1.0000e-12  -73.08648 -113.78586  17.069816      97.56 1.8133e+02    400.141       9604  1027.5680  1027.5678    33.8996    33.8997    8.26297         37 0.0000e+00
     65.000     64.320    -0.9437  27.452731    -0.9471  27.450462     7.6078     8.1210    17.9073    73.6260 1.0000e-12  -73.08648 -113.78586  17.069832      99.93 1.8222e+02    401.506       9637  1027.5775  1027.5784    33.9015    33.9023    8.27545         30 0.0000e+00
     66.000     65.310    -1.0067  27.403049    -1.0212  27.391804     7.5314     8.0593    16.7595    74.1578 1.0000e-12  -73.08648 -113.78586  17.069848      99.95 1.8331e+02    402.891       9670  1027.5878  1027.5895    33.9042    33.9053    8.28917         37 0.0000e+00
     67.000     66.300    -1.0721  27.351885    -1.0697  27.356290     7.4596     7.9559    17.3353    74.6996 1.0000e-12  -73.08648 -113.78587  17.069880      99.92 1.8471e+02    405.597       9735  1027.5976  1027.5998    33.9076    33.9110    8.30344         43 0.0000e+00
     68.000     67.289    -1.1133  27.318477    -1.1116  27.320223     7.3513     7.8500    16.0827    75.6658 1.0000e-12  -73.08648 -113.78586  17.069908      99.72 1.8686e+02    408.015       9793  1027.6037  1027.6040    33.9079    33.9085    8.31255         34 0.0000e+00
     69.000     68.278    -1.1561  27.284547    -1.1553  27.285732     7.2965     7.7848    13.8606    75.8934 1.0000e-12  -73.08648 -113.78586  17.069923      99.64 1.8693e+02    409.320       9825  1027.6116  1027.6121    33.9094    33.9101    8.32199         30 0.0000e+00
     70.000     69.268    -1.1927  27.256404    -1.1913  27.257526     7.2433     7.7339    13.4651    76.7118 1.0000e-12  -73.08648 -113.78586  17.069938      99.62 1.8861e+02    410.656       9857  1027.6196  1027.6194    33.9116    33.9115    8.32999         36 0.0000e+00
     71.000     70.258    -1.2477  27.214411    -1.2449  27.216215     7.1782     7.6495    14.6984    78.1219 1.0000e-12  -73.08648 -113.78586  17.069968      91.89 1.9031e+02    413.261       9919  1027.6292  1027.6286    33.9157    33.9150    8.34201         38 0.0000e+00
     72.000     71.246    -1.2784  27.189606    -1.2787  27.189300     7.0894     7.5526    12.8082    78.9864 1.0000e-12  -73.08648 -113.78586  17.069999      99.31 1.9229e+02    415.932       9983  1027.6345  1027.6345    33.9158    33.9158    8.34886         34 0.0000e+00
     73.000     72.236    -1.3011  27.172155    -1.3015  27.172141     7.0246     7.5076    10.2558    79.5480 1.0000e-12  -73.08648 -113.78584  17.070014      99.39 1.9385e+02    417.226      10014  1027.6411  1027.6414    33.9170    33.9175    8.35388         26 0.0000e+00
     74.000     73.225    -1.3361  27.145680    -1.3355  27.146638     7.0128     7.4902     9.6897    81.0644 1.0000e-12  -73.08648 -113.78585  17.070029      99.47 1.9407e+02    418.515      10045  1027.6495  1027.6499    33.9197    33.9203    8.36155         33 0.0000e+00
     75.000     74.215    -1.3426  27.141333    -1.3410  27.142225     6.9426     7.3934     9.6995    83.0742 1.0000e-12  -73.08648 -113.78586  17.070069      99.38 1.9771e+02    421.980      10129  1027.6536  1027.6532    33.9204    33.9199    8.36296         39 0.0000e+00
     76.000     75.204    -1.3585  27.130414    -1.3581  27.130358     6.8247     7.2821     7.7730    85.1900 1.0000e-12  -73.08648 -113.78585  17.070091      99.64 1.9963e+02    423.857      10174  1027.6607  1027.6603    33.9229    33.9223    8.36639         28 0.0000e+00
     77.000     76.193    -1.3553  27.135532    -1.3543  27.135782     6.8007     7.2511     6.2354    85.6271 1.0000e-12  -73.08648 -113.78584  17.070104      98.48 2.0106e+02    424.951      10200  1027.6672  1027.6665    33.9256    33.9248    8.36550         28 0.0000e+00
     78.000     77.181    -1.3555  27.136114    -1.3547  27.136182     6.7971     7.2315     4.8219    87.3965 1.0000e-12  -73.08648 -113.78586  17.070123      97.32 2.0195e+02    426.657      10241  1027.6719  1027.6712    33.9260    33.9252    8.36552         37 0.0000e+00
     79.000     78.171    -1.3559  27.136701    -1.3552  27.136541     6.8158     7.2425     4.4523    89.5594 1.0000e-12  -73.08648 -113.78585  17.070163      99.79 2.0570e+02    430.058      10322  1027.6765  1027.6758    33.9266    33.9257    8.36557         30 0.0000e+00
     80.000     79.161    -1.3569  27.137140    -1.3564  27.136981     6.8969     7.3075     3.5031    90.9288 1.0000e-12  -73.08648 -113.78584  17.070179      99.83 2.0632e+02    431.430      10355  1027.6821  1027.6815    33.9277    33.9270    8.36573         28 0.0000e+00
     81.000     80.151    -1.3579  27.137978    -1.3571  27.137843     6.9245     7.3331     3.4202    90.8764 1.0000e-12  -73.08648 -113.78584  17.070196      99.85 2.0723e+02    432.927      10391  1027.6882  1027.6874    33.9294    33.9284    8.36586         39 0.0000e+00
     82.000     81.139    -1.3603  27.136933    -1.3593  27.137044     6.8871     7.3063     3.2349    91.3274 1.0000e-12  -73.08648 -113.78584  17.070230      99.85 2.0984e+02    435.899      10463  1027.6935  1027.6927    33.9301    33.9291    8.36636         40 0.0000e+00
     83.000     82.127    -1.3617  27.136402    -1.3612  27.136078     6.7769     7.2087     2.8773    91.6672 1.0000e-12  -73.08648 -113.78584  17.070253      99.87 2.1228e+02    437.900      10511  1027.6984  1027.6975    33.9303    33.9293    8.36665         36 0.0000e+00
     84.000     83.118    -1.3718  27.129011    -1.3712  27.128803     6.6873     7.1243     3.1858    91.4329 1.0000e-12  -73.08648 -113.78584  17.070277      98.09 2.1407e+02    439.943      10560  1027.7042  1027.7034    33.9309    33.9300    8.36888         30 0.0000e+00
     85.000     84.107    -1.3774  27.125370    -1.3765  27.125343     6.6668     7.0977     2.4738    92.0850 1.0000e-12  -73.08648 -113.78584  17.070306      99.86 2.1556e+02    442.435      10619  1027.7098  1027.7089    33.9317    33.9307    8.37010         46 0.0000e+00
     86.000     85.098    -1.3796  27.124315    -1.3787  27.124307     6.6892     7.1134     2.9190    92.1048 1.0000e-12  -73.08648 -113.78584  17.070330      99.83 2.1754e+02    444.516      10669  1027.7149  1027.7141    33.9321    33.9311    8.37057         30 0.0000e+00
     87.000     86.086    -1.3798  27.124936    -1.3790  27.124761     6.8145     7.2198     3.4002    92.2999 1.0000e-12  -73.08648 -113.78584  17.070362      99.86 2.1952e+02    447.269      10735  1027.7200  1027.7190    33.9326    33.9314    8.37059         31 0.0000e+00
     88.000     87.076    -1.3760  27.129474    -1.3751  27.129059     6.8963     7.2951     2.7807    92.1745 1.0000e-12  -73.08648 -113.78584  17.070384      99.81 2.2056e+02    449.144      10780  1027.7255  1027.7242    33.9339    33.9323    8.36966         34 0.0000e+00
     89.000     88.060    -1.3734  27.132301    -1.3725  27.132108     6.8912     7.3153     2.7459    92.2933 1.0000e-12  -73.08648 -113.78585  17.070413      98.67 2.2198e+02    451.687      10841  1027.7304  1027.7293    33.9342    33.9329    8.36905         32 0.0000e+00
     90.000     89.054    -1.3728  27.133218    -1.3720  27.133012     6.8333     7.2677     2.6229    92.1773 1.0000e-12  -73.08648 -113.78584  17.070443      99.90 2.2394e+02    454.314      10905  1027.7351  1027.7341    33.9342    33.9330    8.36893         37 0.0000e+00
     91.000     90.043    -1.3757  27.131491    -1.3750  27.131249     6.7874     7.2250     2.6082    92.3499 1.0000e-12  -73.08648 -113.78584  17.070460      99.87 2.2521e+02    455.704      10938  1027.7403  1027.7394    33.9344    33.9333    8.36956         35 0.0000e+00
     92.000     91.037    -1.3773  27.130978    -1.3774  27.130331     6.7692     7.1946     2.5609    92.2052 1.0000e-12  -73.08648 -113.78584  17.070490      99.85 2.2692e+02    458.295      11000  1027.7457  1027.7450    33.9350    33.9341    8.36989         28 0.0000e+00
     93.000     92.023    -1.3795  27.130454    -1.3789  27.130051     6.6620     7.0927     2.1813    91.9623 1.0000e-12  -73.08648 -113.78584  17.070524      99.87 2.2820e+02    461.267      11071  1027.7514  1027.7504    33.9361    33.9349    8.37031         36 0.0000e+00
     94.000     93.012    -1.3801  27.130893    -1.3794  27.130636     6.5901     7.0265     2.7167    91.9241 1.0000e-12  -73.08648 -113.78584  17.070541      99.86 2.2914e+02    462.731      11107  1027.7568  1027.7558    33.9368    33.9356    8.37041         36 0.0000e+00
     95.000     94.000    -1.3809  27.131622    -1.3801  27.131377     6.5653     7.0014     2.1459    92.6513 1.0000e-12  -73.08648 -113.78584  17.070564      99.41 2.2930e+02    464.706      11154  1027.7627  1027.7615    33.9381    33.9368    8.37052         33 0.0000e+00
     96.000     94.989    -1.3823  27.131492    -1.3818  27.131183     6.4368     6.8535     3.0033    91.9403 1.0000e-12  -73.08648 -113.78584  17.070605      99.85 2.3092e+02    468.233      11239  1027.7682  1027.7673    33.9389    33.9378    8.37078         35 0.0000e+00
     97.000     95.980    -1.3859  27.130240    -1.3854  27.129981     6.4149     6.8349     2.3018    92.1920 1.0000e-12  -73.08648 -113.78584  17.070623      99.86 2.3094e+02    469.833      11277  1027.7745  1027.7738    33.9406    33.9396    8.37149         32 0.0000e+00
     98.000     96.968    -1.3886  27.129297    -1.3877  27.129020     6.4433     6.8448     2.3761    92.0057 1.0000e-12  -73.08648 -113.78584  17.070641      99.87 2.3171e+02    471.388      11314  1027.7804  1027.7792    33.9417    33.9403    8.37202         42 0.0000e+00
     99.000     97.959    -1.3905  27.128156    -1.3901  27.127901     6.4689     6.8752     2.5166    92.2574 1.0000e-12  -73.08648 -113.78584  17.070684      99.88 2.3292e+02    475.092      11403  1027.7853  1027.7846    33.9417    33.9409    8.37246         34 0.0000e+00
    100.000     98.946    -1.4059  27.118161    -1.4054  27.117932     6.4881     6.8881     2.8574    92.9698 1.0000e-12  -73.08648 -113.78584  17.070705      98.12 2.3298e+02    476.879      11446  1027.7934  1027.7927    33.9448    33.9439    8.37572         32 0.0000e+00
    101.000     99.937    -1.4080  27.117319    -1.4074  27.117002     6.4845     6.8851     2.2035    92.9152 1.0000e-12  -73.08648 -113.78584  17.070721      92.64 2.3327e+02    478.326      11481  1027.7988  1027.7978    33.9454    33.9442    8.37617         34 0.0000e+00
    102.000    100.926    -1.4087  27.117699    -1.4080  27.117417     6.4688     6.8681     2.0164    93.2087 1.0000e-12  -73.08648 -113.78584  17.070752     100.03 2.3368e+02    480.956      11544  1027.8040  1027.8030    33.9460    33.9449    8.37628         38 0.0000e+00
    103.000    101.913    -1.4108  27.117090    -1.4102  27.116798     6.4083     6.8046     1.7917    93.4602 1.0000e-12  -73.08648 -113.78584  17.070781      99.87 2.3420e+02    483.435      11603  1027.8096  1027.8087    33.9470    33.9459    8.37670         32 0.0000e+00
    104.000    102.904    -1.4112  27.118715    -1.4104  27.118505     6.3666     6.7677     1.5841    93.1143 1.0000e-12  -73.08648 -113.78584  17.070794      99.86 2.3440e+02    484.628      11632  1027.8160  1027.8150    33.9490    33.9478    8.37666         29 0.0000e+00
    105.000    103.892    -1.4130  27.119359    -1.4125  27.119160     6.3719     6.7632     1.5737    93.4023 1.0000e-12  -73.08648 -113.78584  17.070809      99.90 2.3435e+02    485.876      11662  1027.8228  1027.8221    33.9514    33.9505    8.37693         32 0.0000e+00
    106.000    104.881    -1.4243  27.112329    -1.4237  27.111987     6.3759     6.7693     1.5646    94.0651 1.0000e-12  -73.08648 -113.78584  17.070827      99.89 2.3392e+02    487.478      11700  1027.8302  1027.8293    33.9539    33.9527    8.37932         42 0.0000e+00
    107.000    105.871    -1.4290  27.109218    -1.4283  27.108862     6.4120     6.8084     2.0785    93.8795 1.0000e-12  -73.08648 -113.78584  17.070847      99.90 2.3447e+02    489.184      11741  1027.8355  1027.8345    33.9543    33.9531    8.38035         33 0.0000e+00
    108.000    106.860    -1.4330  27.106468    -1.4325  27.106372     6.4369     6.8264     2.0498    94.1029 1.0000e-12  -73.08648 -113.78584  17.070862      98.62 2.3446e+02    490.440      11772  1027.8406  1027.8401    33.9545    33.9538    8.38125         28 0.0000e+00
    109.000    107.849    -1.4474  27.096135    -1.4467  27.095760     6.4106     6.8163     1.1192    94.2745 1.0000e-12  -73.08648 -113.78584  17.070875      94.37 2.3446e+02    491.572      11799  1027.8475  1027.8463    33.9560    33.9546    8.38440         27 0.0000e+00
    110.000    108.839    -1.4372  27.105756    -1.4372  27.104432     6.3691     6.7743     1.8899    94.1667 1.0000e-12  -73.08648 -113.78584  17.070891      99.78 2.3446e+02    492.981      11833  1027.8523  1027.8509    33.9570    33.9552    8.38204         39 0.0000e+00
    111.000    109.827    -1.4277  27.115229    -1.4261  27.115249     6.3500     6.7473     1.6084    94.3012 1.0000e-12  -73.08648 -113.78585  17.070912      99.88 2.3446e+02    494.767      11875  1027.8578  1027.8562    33.9587    33.9568    8.37981         34 0.0000e+00
    112.000    110.816    -1.4260  27.118002    -1.4254  27.117653     6.3640     6.7681     1.5321    94.5227 1.0000e-12  -73.08648 -113.78586  17.070927      99.91 2.3439e+02    496.097      11907  1027.8635  1027.8626    33.9599    33.9587    8.37935         27 0.0000e+00
    113.000    111.807    -1.4337  27.113096    -1.4331  27.112653     6.3915     6.7940     1.6866    94.0500 1.0000e-12  -73.08648 -113.78584  17.070939      99.88 2.3398e+02    497.109      11932  1027.8699  1027.8689    33.9612    33.9600    8.38099         22 0.0000e+00
    114.000    112.796    -1.4370  27.111249    -1.4364  27.111038     6.4139     6.8060     1.6275    94.4745 1.0000e-12  -73.08648 -113.78586  17.070950      99.89 2.3380e+02    498.048      11954  1027.8754  1027.8745    33.9619    33.9609    8.38171         24 0.0000e+00
    115.000    113.784    -1.4399  27.109864    -1.4391  27.109593     6.4180     6.8121     1.5743    94.3926 1.0000e-12  -73.08648 -113.78585  17.070963      99.88 2.3361e+02    499.210      11982  1027.8809  1027.8798    33.9626    33.9613    8.38232         33 0.0000e+00
    116.000    114.774    -1.4418  27.109413    -1.4408  27.109151     6.4046     6.7942     1.8535    94.0168 1.0000e-12  -73.08648 -113.78586  17.070984      99.87 2.3406e+02    501.041      12026  1027.8864  1027.8852    33.9635    33.9621    8.38268         36 0.0000e+00
