ocean_section_plots/required_files/ctd/dnbp2202_ctd264.cnv
* Sea-Bird SBE 9 Data File:
* FileName = D:\Data\raw\NBP2202_CTD264.hex
* Software Version Seasave V 7.26.7.121
* Temperature SN = 1649
* Conductivity SN = 2513
* Number of Bytes Per Scan = 40
* Number of Voltage Words = 5
* Number of Scans Averaged by the Deck Unit = 1
* NMEA Latitude = 73 52.54 S
* NMEA Longitude = 118 44.62 W
* NMEA UTC (Time) = Feb 19 2022  17:30:13
* NMEA baud rate = 9600
** Ship: RVIB N.B. Palmer
** Cruise: NBP2202 Thwaites
** Station: 169
** Operator: A. Robinson
# nquan = 28
# nvalues = 541                         
# units = specified
# name 0 = prDM: Pressure, Digiquartz [db]
# name 1 = depSM: Depth [salt water, m]
# name 2 = t090C: Temperature [ITS-90, deg C]
# name 3 = c0mS/cm: Conductivity [mS/cm]
# name 4 = t190C: Temperature, 2 [ITS-90, deg C]
# name 5 = c1mS/cm: Conductivity, 2 [mS/cm]
# name 6 = sbeox0ML/L: Oxygen, SBE 43 [ml/l]
# name 7 = sbeox1ML/L: Oxygen, SBE 43, 2 [ml/l]
# name 8 = flECO-AFL: Fluorescence, WET Labs ECO-AFL/FL [mg/m^3]
# name 9 = CStarTr0: Beam Transmission, WET Labs C-Star [%]
# name 10 = par: PAR/Irradiance, Biospherical/Licor
# name 11 = latitude: Latitude [deg]
# name 12 = longitude: Longitude [deg]
# name 13 = timeJ: Julian Days
# name 14 = altM: Altimeter [m]
# name 15 = spar: SPAR, Biospherical/Licor
# name 16 = timeS: Time, Elapsed [seconds]
# name 17 = scan: Scan Count
# name 18 = density00: Density [density, kg/m^3]
# name 19 = density11: Density, 2 [density, kg/m^3]
# name 20 = v3: Voltage 3
# name 21 = v4: Voltage 4
# name 22 = v5: Voltage 5
# name 23 = sal00: Salinity, Practical [PSU]
# name 24 = sal11: Salinity, Practical, 2 [PSU]
# name 25 = oxsolML/L: Oxygen Saturation, Garcia & Gordon [ml/l]
# name 26 = nbin: number of scans per bin
# name 27 = flag: flag
# span 0 =      2.000,    542.000       
# span 1 =      1.977,    535.695       
# span 2 =    -1.6831,    -0.0551       
# span 3 =  27.000241,  28.627949       
# span 4 =    -1.6822,    -0.0534       
# span 5 =  27.001245,  28.628128       
# span 6 =     4.7614,     9.0762       
# span 7 =     5.2140,     9.3383       
# span 8 =    -0.0216,    11.0984       
# span 9 =    87.6040,    98.3275       
# span 10 = 1.0000e-12, 1.1285e+03      
# span 11 =  -73.87576,  -73.87574      
# span 12 = -118.74384, -118.74380      
# span 13 =  50.731149,  50.739129      
# span 14 =       3.62,     100.09      
# span 15 = 1.5756e+03, 1.6006e+03      
# span 16 =    158.248,    847.776      
# span 17 =       3799,      20348      
# span 18 =  1027.1246,  1030.1549      
# span 19 =  1027.1241,  1030.1534      
# span 20 =     4.1560,     4.6644      
# span 21 =     0.0646,     1.8005      
# span 22 =     0.1135,     0.2268      
# span 23 =    33.7578,    34.3442      
# span 24 =    33.7568,    34.3421      
# span 25 =    8.08435,    8.43374      
# span 26 =         10,         65      
# span 27 = 0.0000e+00, 0.0000e+00      
# interval = decibars: 1                
# start_time = Feb 19 2022 17:30:13 [NMEA time, header]
# bad_flag = -9.990e-29
*END*
[from data line 518]
    520.000    513.980    -0.1916  28.613350    -0.1882  28.615024     5.0342     5.2248     0.0027    98.2947 1.0000e-12  -73.87576 -118.74383  50.738322      25.28 1.5925e+03    778.062      18674  1030.0520  1030.0505     4.6629     0.0673     0.1183    34.3400    34.3384    8.08768         39 0.0000e+00
    521.000    514.966    -0.1940  28.611984    -0.1915  28.612321     5.0863     5.2228     0.0027    98.2844 1.0000e-12  -73.87576 -118.74383  50.738347      24.24 1.5987e+03    780.141      18724  1030.0572  1030.0552     4.6624     0.0666     0.1188    34.3403    34.3380    8.08818         31 0.0000e+00
    522.000    515.954    -0.1882  28.617795    -0.1866  28.617656     5.0833     5.2242    -0.0025    98.2867 1.0000e-12  -73.87576 -118.74383  50.738368      23.26 1.5967e+03    782.014      18769  1030.0619  1030.0602     4.6625     0.0689     0.1178    34.3409    34.3389    8.08691         36 0.0000e+00
    523.000    516.941    -0.1988  28.607564    -0.1953  28.608984     5.0639     5.2256     0.0072    98.2960 1.0000e-12  -73.87576 -118.74382  50.738390      22.48 1.5924e+03    783.877      18814  1030.0657  1030.0639     4.6630     0.0685     0.1169    34.3386    34.3366    8.08929         37 0.0000e+00
    524.000    517.929    -0.1912  28.615682    -0.1902  28.614562     5.0871     5.2297    -0.0116    98.2857 1.0000e-12  -73.87576 -118.74383  50.738414      21.19 1.5977e+03    785.981      18865  1030.0711  1030.0689     4.6625     0.0674     0.1176    34.3403    34.3377    8.08759         48 0.0000e+00
    525.000    518.916    -0.1901  28.617708    -0.1921  28.613677     5.0511     5.2236     0.0014    98.2801 1.0000e-12  -73.87576 -118.74383  50.738437      20.07 1.5996e+03    787.917      18911  1030.0764  1030.0741     4.6622     0.0674     0.1157    34.3412    34.3381    8.08730         37 0.0000e+00
    526.000    519.904    -0.1878  28.620433    -0.1869  28.619320     5.0852     5.2253    -0.0138    98.2776 1.0000e-12  -73.87576 -118.74382  50.738459      19.16 1.5942e+03    789.836      18957  1030.0813  1030.0793     4.6621     0.0677     0.1175    34.3417    34.3392    8.08679         36 0.0000e+00
    527.000    520.889    -0.1892  28.619143    -0.1868  28.619795     5.0571     5.2260    -0.0045    98.2896 1.0000e-12  -73.87576 -118.74383  50.738481      18.21 1.5942e+03    791.785      19004  1030.0856  1030.0839     4.6627     0.0671     0.1180    34.3409    34.3391    8.08714         39 0.0000e+00
    528.000    521.877    -0.1924  28.616031    -0.1915  28.615344     5.0644     5.2230    -0.0021    98.2842 1.0000e-12  -73.87576 -118.74383  50.738507      17.09 1.5991e+03    794.007      19057  1030.0897  1030.0881     4.6625     0.0674     0.1198    34.3398    34.3379    8.08788         43 0.0000e+00
    529.000    522.865    -0.1881  28.621174    -0.1844  28.623220     5.0733     5.2215    -0.0079    98.2783 1.0000e-12  -73.87576 -118.74382  50.738528      16.07 1.5964e+03    795.825      19101  1030.0951  1030.0937     4.6622     0.0689     0.1199    34.3412    34.3398    8.08688         38 0.0000e+00
    530.000    523.853    -0.2000  28.608929    -0.1968  28.610469     5.0597     5.2257     0.0056    98.2743 1.0000e-12  -73.87576 -118.74383  50.738548      14.82 1.5937e+03    797.553      19142  1030.0982  1030.0967     4.6620     0.0675     0.1172    34.3377    34.3362    8.08961         38 0.0000e+00
    531.000    524.838    -0.2049  28.604638    -0.2029  28.604920     5.0851     5.2292    -0.0041    98.2644 1.0000e-12  -73.87576 -118.74383  50.738575      13.87 1.5976e+03    799.891      19198  1030.1026  1030.1009     4.6615     0.0688     0.1181    34.3369    34.3350    8.09069         47 0.0000e+00
    532.000    525.826    -0.2052  28.604706    -0.2029  28.605294     5.0724     5.2277    -0.0088    98.2755 1.0000e-12  -73.87576 -118.74383  50.738598      12.91 1.5955e+03    801.855      19246  1030.1071  1030.1055     4.6620     0.0676     0.1179    34.3367    34.3349    8.09076         38 0.0000e+00
    533.000    526.813    -0.2063  28.604114    -0.2063  28.602397     5.0529     5.2311    -0.0033    98.2783 1.0000e-12  -73.87576 -118.74383  50.738617      11.83 1.5943e+03    803.481      19285  1030.1118  1030.1100     4.6622     0.0678     0.1193    34.3366    34.3343    8.09100         38 0.0000e+00
    534.000    527.798    -0.2045  28.606294    -0.2014  28.607568     5.0721     5.2301     0.0022    98.2817 1.0000e-12  -73.87576 -118.74382  50.738642      10.71 1.5965e+03    805.654      19337  1030.1165  1030.1148     4.6623     0.0685     0.1187    34.3369    34.3351    8.09061         34 0.0000e+00
    535.000    528.788    -0.2054  28.605636    -0.2038  28.605428     5.0856     5.2286     0.0053    98.2849 1.0000e-12  -73.87576 -118.74382  50.738667       9.67 1.5965e+03    807.825      19389  1030.1209  1030.1192     4.6625     0.0672     0.1192    34.3364    34.3344    8.09082         39 0.0000e+00
    536.000    529.775    -0.2051  28.606593    -0.2028  28.606852     5.0669     5.2306    -0.0064    98.2758 1.0000e-12  -73.87576 -118.74382  50.738685       8.75 1.5962e+03    809.422      19427  1030.1258  1030.1240     4.6621     0.0682     0.1183    34.3367    34.3346    8.09073         38 0.0000e+00
    537.000    530.762    -0.2064  28.605661    -0.2045  28.605663     5.0803     5.2304    -0.0133    98.2748 1.0000e-12  -73.87576 -118.74382  50.738708       7.57 1.5975e+03    811.392      19474  1030.1304  1030.1286     4.6620     0.0687     0.1191    34.3364    34.3343    8.09103         40 0.0000e+00
    538.000    531.750    -0.2080  28.604381    -0.2058  28.604823     5.1174     5.2309    -0.0023    98.2698 1.0000e-12  -73.87576 -118.74382  50.738735       6.63 1.5961e+03    813.693      19530  1030.1348  1030.1331     4.6618     0.0695     0.1188    34.3359    34.3340    8.09140         40 0.0000e+00
    539.000    532.736    -0.2037  28.609567    -0.2008  28.610386     5.0648     5.2309    -0.0000    98.2736 1.0000e-12  -73.87576 -118.74382  50.738756       5.60 1.5963e+03    815.511      19573  1030.1403  1030.1384     4.6620     0.0689     0.1216    34.3374    34.3352    8.09041         40 0.0000e+00
    540.000    533.722    -0.2003  28.613441    -0.1980  28.613941     5.0335     5.2282     0.0061    98.2735 1.0000e-12  -73.87576 -118.74382  50.738778       4.57 1.5981e+03    817.458      19620  1030.1453  1030.1436     4.6619     0.0680     0.1178    34.3381    34.3362    8.08964         48 0.0000e+00
    541.000    534.711    -0.1967  28.617755    -0.1930  28.619370     5.0060     5.2245    -0.0075    98.2710 1.0000e-12  -73.87576 -118.74382  50.738818       3.62 1.5978e+03    820.855      19702  1030.1506  1030.1487     4.6619     0.0688     0.1189    34.3392    34.3372    8.08881         41 0.0000e+00
    542.000    535.695    -0.1953  28.618917    -0.1941  28.618605     5.0905     5.2252    -0.0067    98.2728 1.0000e-12  -73.87576 -118.74382  50.739129       8.65 1.5945e+03    847.776      20348  1030.1549  1030.1534     4.6619     0.0687     0.1189    34.3386    34.3368    8.08856         65 0.0000e+00
