ocean_section_plots/required_files/ctd/dnbp2202_ctd153.cnv
* Sea-Bird SBE 9 Data File:
* FileName = D:\Data\raw\NBP2202_CTD153.hex
* Software Version Seasave V 7.26.7.121
* Temperature SN = 1649
* Conductivity SN = 2513
* Number of Bytes Per Scan = 40
* Number of Voltage Words = 5
* Number of Scans Averaged by the Deck Unit = 1
* NMEA Latitude = 74 06.59 S
* NMEA Longitude = 113 19.34 W
* NMEA UTC (Time) = Jan 31 2022  12:31:17
* NMEA baud rate = 9600
** Ship: RVIB N.B. Palmer
** Cruise: NBP2202 Thwaites
** Station: Yo-Yo 002
** Operator: B. Bjork
# nquan = 28
# nvalues = 414                         
# units = specified
# name 0 = prDM: Pressure, Digiquartz [db]
# name 1 = depSM: Depth [salt water, m]
# name 2 = t090C: Temperature [ITS-90, deg C]
# name 3 = c0mS/cm: Conductivity [mS/cm]
# name 4 = t190C: Temperature, 2 [ITS-90, deg C]
# name 5 = c1mS/cm: Conductivity, 2 [mS/cm]
# name 6 = sbeox0ML/L: Oxygen, SBE 43 [ml/l]
# name 7 = sbeox1ML/L: Oxygen, SBE 43, 2 [ml/l]
# name 8 = flECO-AFL: Fluorescence, WET Labs ECO-AFL/FL [mg/m^3]
# name 9 = CStarTr0: Beam Transmission, WET Labs C-Star [%]
# name 10 = par: PAR/Irradiance, Biospherical/Licor
# name 11 = latitude: Latitude [deg]
# name 12 = longitude: Longitude [deg]
# name 13 = timeJ: Julian Days
# name 14 = altM: Altimeter [m]
# name 15 = spar: SPAR, Biospherical/Licor
# name 16 = timeS: Time, Elapsed [seconds]
# name 17 = scan: Scan Count
# name 18 = density00: Density [density, kg/m^3]
# name 19 = density11: Density, 2 [density, kg/m^3]
# name 20 = v3: Voltage 3
# name 21 = v4: Voltage 4
# name 22 = v5: Voltage 5
# name 23 = sal00: Salinity, Practical [PSU]
# name 24 = sal11: Salinity, Practical, 2 [PSU]
# name 25 = oxsolML/L: Oxygen Saturation, Garcia & Gordon [ml/l]
# name 26 = nbin: number of scans per bin
# name 27 = flag: flag
# span 0 =     10.000,    423.000       
# span 1 =      9.898,    418.195       
# span 2 =    -1.4507,    -0.1792       
# span 3 =  27.020615,  28.539072       
# span 4 =    -1.4492,    -0.1759       
# span 5 =  27.020561,  28.540064       
# span 6 =     4.7685,     7.9711       
# span 7 =     4.8602,     8.1394       
# span 8 =    -0.0222,    23.2239       
# span 9 =    71.3599,    93.6425       
# span 10 = 1.0000e-12, 5.5248e+00      
# span 11 =  -74.10994,  -74.10991      
# span 12 = -113.32238, -113.32234      
# span 13 =  31.522060,  31.528876      
# span 14 =       4.21,     100.00      
# span 15 = 1.1865e+03, 1.2395e+03      
# span 16 =     29.025,    617.888      
# span 17 =        698,      14830      
# span 18 =  1027.2371,  1029.5488      
# span 19 =  1027.2353,  1029.5467      
# span 20 =     3.3862,     4.4423      
# span 21 =     0.0638,     3.3733      
# span 22 =     0.1228,     0.2609      
# span 23 =    33.8032,    34.2854      
# span 24 =    33.8015,    34.2830      
# span 25 =    8.08817,    8.39015      
# span 26 =         22,         76      
# span 27 = 0.0000e+00, 0.0000e+00      
# interval = decibars: 1                
# start_time = Jan 31 2022 12:31:17 [NMEA time, header]
# bad_flag = -9.990e-29
*END*
[from data line 104]
    114.000    112.789    -1.4285  27.063925    -1.4267  27.064304     5.5601     5.6835     0.8785    91.6254 1.0000e-12  -74.10992 -113.32234  31.524224      99.86 1.2125e+03    215.940       5184  1027.8139  1027.8125     4.3467     0.2828     0.1306    33.8869    33.8854    8.38427         27 0.0000e+00
    115.000    113.779    -1.4179  27.078811    -1.4154  27.079501     5.5236     5.6493     0.5991    91.8969 1.0000e-12  -74.10992 -113.32234  31.524237      99.85 1.2127e+03    217.064       5211  1027.8244  1027.8227     4.3596     0.2404     0.1278    33.8948    33.8929    8.38141         27 0.0000e+00
    116.000    114.767    -1.3910  27.107242    -1.3889  27.106958     5.4791     5.6107     0.7714    91.8862 1.0000e-12  -74.10992 -113.32234  31.524251      99.86 1.2108e+03    218.254       5239  1027.8341  1027.8317     4.3591     0.1709     0.1297    33.9027    33.9000    8.37488         29 0.0000e+00
    117.000    115.756    -1.3696  27.128519    -1.3681  27.127860     5.4621     5.5892     0.5574    92.3896 1.0000e-12  -74.10992 -113.32234  31.524265      99.87 1.2112e+03    219.476       5268  1027.8413  1027.8391     4.3829     0.1440     0.1279    33.9071    33.9045    8.36982         30 0.0000e+00
    118.000    116.745    -1.3541  27.144102    -1.3526  27.143708     5.4522     5.5771     0.5302    92.1551 1.0000e-12  -74.10992 -113.32234  31.524279      99.86 1.2117e+03    220.691       5298  1027.8479  1027.8461     4.3718     0.1615     0.1282    33.9103    33.9081    8.36614         28 0.0000e+00
    119.000    117.735    -1.3503  27.148298    -1.3494  27.147369     5.4577     5.5683     0.4750    92.3721 1.0000e-12  -74.10992 -113.32234  31.524292      99.87 1.2125e+03    221.861       5326  1027.8535  1027.8515     4.3821     0.1532     0.1253    33.9112    33.9089    8.36524         28 0.0000e+00
    120.000    118.724    -1.3454  27.153695    -1.3435  27.153891     5.4534     5.5625     0.2068    92.7322 1.0000e-12  -74.10992 -113.32234  31.524305      99.87 1.2115e+03    222.994       5353  1027.8593  1027.8576     4.3992     0.1189     0.1291    33.9125    33.9105    8.36407         27 0.0000e+00
    121.000    119.714    -1.3421  27.157228    -1.3407  27.156699     5.4335     5.5465     0.1710    92.9807 1.0000e-12  -74.10992 -113.32234  31.524319      99.87 1.2127e+03    224.138       5380  1027.8644  1027.8625     4.4109     0.1117     0.1256    33.9129    33.9107    8.36329         28 0.0000e+00
    122.000    120.702    -1.3336  27.165672    -1.3311  27.166091     5.4324     5.5549     0.3099    92.8722 1.0000e-12  -74.10992 -113.32234  31.524332      99.87 1.2129e+03    225.302       5408  1027.8700  1027.8680     4.4058     0.0988     0.1271    33.9143    33.9120    8.36132         28 0.0000e+00
    123.000    121.691    -1.3256  27.173220    -1.3255  27.171718     5.4142     5.5428     0.4326    92.9091 1.0000e-12  -74.10992 -113.32234  31.524346      99.75 1.2124e+03    226.486       5437  1027.8750  1027.8733     4.4076     0.1264     0.1268    33.9150    33.9128    8.35948         28 0.0000e+00
    124.000    122.681    -1.3255  27.173727    -1.3259  27.171857     5.3918     5.5236     0.2900    93.0660 1.0000e-12  -74.10991 -113.32234  31.524360      99.87 1.2135e+03    227.673       5465  1027.8801  1027.8784     4.4150     0.1014     0.1265    33.9149    33.9128    8.35946         28 0.0000e+00
    125.000    123.669    -1.2845  27.217747    -1.2826  27.215881     5.3539     5.4768     0.0713    93.2133 1.0000e-12  -74.10991 -113.32234  31.524373      99.86 1.2131e+03    228.817       5493  1027.8931  1027.8892     4.4220     0.1350     0.1285    33.9283    33.9235    8.34949         27 0.0000e+00
    126.000    124.659    -1.2392  27.262009    -1.2389  27.259885     5.3468     5.4482     0.1077    93.1984 1.0000e-12  -74.10992 -113.32234  31.524386      99.87 1.2129e+03    229.949       5520  1027.9025  1027.8998     4.4213     0.0998     0.1288    33.9371    33.9337    8.33886         28 0.0000e+00
    127.000    125.647    -1.2090  27.292919    -1.2076  27.291491     5.4261     5.5149     0.0908    93.3344 1.0000e-12  -74.10992 -113.32234  31.524400      99.87 1.2129e+03    231.156       5549  1027.9119  1027.9090     4.4277     0.1109     0.1289    33.9445    33.9410    8.33167         30 0.0000e+00
    128.000    126.636    -1.2370  27.273309    -1.2342  27.275799     5.5288     5.6117     0.1475    93.4371 1.0000e-12  -74.10992 -113.32236  31.524414      99.87 1.2123e+03    232.382       5578  1027.9224  1027.9226     4.4326     0.0919     0.1273    33.9487    33.9490    8.33767         29 0.0000e+00
    129.000    127.626    -1.2924  27.228762    -1.2947  27.225680     5.5896     5.6760     0.1950    93.3270 1.0000e-12  -74.10992 -113.32235  31.524427      99.87 1.2126e+03    233.535       5606  1027.9321  1027.9309     4.4274     0.0767     0.1269    33.9499    33.9482    8.34999         27 0.0000e+00
    130.000    128.614    -1.3273  27.199150    -1.3295  27.196993     5.6147     5.7065     0.0233    93.4717 1.0000e-12  -74.10992 -113.32235  31.524440      99.87 1.2130e+03    234.651       5633  1027.9377  1027.9374     4.4343     0.0838     0.1263    33.9481    33.9477    8.35789         26 0.0000e+00
    131.000    129.604    -1.3370  27.192193    -1.3356  27.191819     5.6190     5.7138     0.0010    93.4121 1.0000e-12  -74.10992 -113.32235  31.524454      99.87 1.2130e+03    235.782       5660  1027.9436  1027.9418     4.4315     0.0880     0.1250    33.9490    33.9469    8.36001         29 0.0000e+00
    132.000    130.593    -1.3388  27.190879    -1.3383  27.189832     5.6140     5.7152     0.0559    93.4151 1.0000e-12  -74.10992 -113.32236  31.524467      99.87 1.2131e+03    236.977       5688  1027.9480  1027.9464     4.4316     0.0814     0.1272    33.9485    33.9465    8.36043         29 0.0000e+00
    133.000    131.581    -1.3398  27.190376    -1.3376  27.190823     5.6127     5.7120     0.3442    93.4345 1.0000e-12  -74.10992 -113.32236  31.524481      99.86 1.2136e+03    238.199       5718  1027.9527  1027.9510     4.4325     0.0727     0.1249    33.9484    33.9465    8.36068         29 0.0000e+00
    134.000    132.572    -1.3386  27.192079    -1.3367  27.192254     5.6068     5.7163     0.0065    93.5681 1.0000e-12  -74.10992 -113.32236  31.524495      99.38 1.2137e+03    239.378       5746  1027.9575  1027.9560     4.4388     0.0768     0.1241    33.9487    33.9469    8.36038         27 0.0000e+00
    135.000    133.560    -1.3424  27.189562    -1.3405  27.189700     5.6180     5.7280    -0.0019    93.5170 1.0000e-12  -74.10992 -113.32236  31.524508      99.87 1.2129e+03    240.515       5773  1027.9627  1027.9610     4.4364     0.0757     0.1257    33.9490    33.9470    8.36123         28 0.0000e+00
    136.000    134.548    -1.3447  27.188382    -1.3434  27.187850     5.6244     5.7282     0.0120    93.5231 1.0000e-12  -74.10992 -113.32236  31.524522      99.87 1.2120e+03    241.669       5801  1027.9678  1027.9660     4.4366     0.0720     0.1233    33.9493    33.9472    8.36171         28 0.0000e+00
    137.000    135.538    -1.3449  27.189559    -1.3426  27.189903     5.6250     5.7291     0.0001    93.5096 1.0000e-12  -74.10992 -113.32236  31.524535      99.87 1.2121e+03    242.836       5829  1027.9736  1027.9718     4.4361     0.0740     0.1239    33.9506    33.9485    8.36169         28 0.0000e+00
    138.000    136.527    -1.3446  27.190400    -1.3428  27.190368     5.6286     5.7311     0.0080    93.5267 1.0000e-12  -74.10992 -113.32236  31.524549      99.87 1.2118e+03    244.019       5857  1027.9785  1027.9767     4.4368     0.0723     0.1253    33.9508    33.9487    8.36162         29 0.0000e+00
    139.000    137.516    -1.3480  27.188492    -1.3463  27.188343     5.6215     5.7338     0.0035    93.5256 1.0000e-12  -74.10992 -113.32236  31.524564      99.87 1.2135e+03    245.343       5889  1027.9839  1027.9821     4.4368     0.0761     0.1240    33.9514    33.9493    8.36234         34 0.0000e+00
    140.000    138.503    -1.3486  27.189014    -1.3471  27.188817     5.6208     5.7452    -0.0073    93.5466 1.0000e-12  -74.10992 -113.32236  31.524581      99.86 1.2125e+03    246.774       5924  1027.9892  1027.9875     4.4378     0.1023     0.1245    33.9521    33.9501    8.36242         31 0.0000e+00
    141.000    139.494    -1.3482  27.190059    -1.3466  27.189968     5.6296     5.7533    -0.0004    93.6098 1.0000e-12  -74.10992 -113.32236  31.524593      99.87 1.2126e+03    247.879       5950  1027.9943  1027.9927     4.4408     0.0713     0.1229    33.9525    33.9506    8.36232         25 0.0000e+00
    142.000    140.484    -1.3489  27.190512    -1.3458  27.192204     5.6261     5.7415    -0.0004    93.6166 1.0000e-12  -74.10992 -113.32236  31.524606      99.87 1.2127e+03    248.944       5976  1027.9997  1027.9986     4.4411     0.0710     0.1231    33.9533    33.9522    8.36243         26 0.0000e+00
    143.000    141.470    -1.3267  27.217552    -1.3239  27.217405     5.6087     5.7292     0.0086    93.6182 1.0000e-12  -74.10992 -113.32236  31.524619      99.87 1.2136e+03    250.045       6002  1028.0121  1028.0094     4.4412     0.0729     0.1257    33.9642    33.9613    8.35681         27 0.0000e+00
    144.000    142.461    -1.2967  27.248680    -1.2950  27.247523     5.6064     5.7262    -0.0130    93.6173 1.0000e-12  -74.10992 -113.32236  31.524632      99.87 1.2148e+03    251.240       6031  1028.0218  1028.0188     4.4412     0.0739     0.1237    33.9728    33.9692    8.34958         30 0.0000e+00
    145.000    143.449    -1.2916  27.253531    -1.2934  27.250050     5.5999     5.7123     0.0021    93.6129 1.0000e-12  -74.10992 -113.32236  31.524647      96.33 1.2146e+03    252.510       6061  1028.0266  1028.0245     4.4409     0.0709     0.1260    33.9730    33.9702    8.34842         31 0.0000e+00
    146.000    144.439    -1.2984  27.247437    -1.2959  27.247811     5.5778     5.6962     0.0297    93.5975 1.0000e-12  -74.10992 -113.32236  31.524661      99.90 1.2123e+03    253.742       6091  1028.0309  1028.0289     4.4402     0.0721     0.1239    33.9717    33.9694    8.35002         28 0.0000e+00
    147.000    145.427    -1.2813  27.264291    -1.2795  27.263865     5.5680     5.6853     0.0411    93.5436 1.0000e-12  -74.10992 -113.32236  31.524675      99.87 1.2130e+03    254.880       6118  1028.0373  1028.0351     4.4377     0.0707     0.1235    33.9748    33.9722    8.34602         27 0.0000e+00
    148.000    146.417    -1.2683  27.277029    -1.2684  27.275102     5.5597     5.6751     0.0049    93.5896 1.0000e-12  -74.10992 -113.32236  31.524687      99.87 1.2147e+03    255.949       6144  1028.0432  1028.0411     4.4398     0.0720     0.1237    33.9770    33.9744    8.34300         25 0.0000e+00
    149.000    147.405    -1.2689  27.276882    -1.2675  27.276277     5.5439     5.6634    -0.0004    93.6403 1.0000e-12  -74.10992 -113.32236  31.524699      99.87 1.2150e+03    257.020       6169  1028.0480  1028.0460     4.4422     0.0735     0.1250    33.9768    33.9743    8.34313         26 0.0000e+00
    150.000    148.394    -1.2524  27.292875    -1.2521  27.291106     5.5421     5.6619    -0.0033    93.6405 1.0000e-12  -74.10992 -113.32236  31.524713      99.86 1.2148e+03    258.183       6197  1028.0540  1028.0518     4.4422     0.0714     0.1228    33.9794    33.9767    8.33929         30 0.0000e+00
    151.000    149.383    -1.2479  27.297760    -1.2450  27.298097     5.5432     5.6499    -0.0123    93.6354 1.0000e-12  -74.10992 -113.32236  31.524728      99.88 1.2151e+03    259.509       6229  1028.0595  1028.0571     4.4420     0.0712     0.1235    33.9803    33.9775    8.33823         34 0.0000e+00
    152.000    150.372    -1.2483  27.297800    -1.2470  27.297183     5.5469     5.6625    -0.0150    93.6290 1.0000e-12  -74.10992 -113.32236  31.524745      99.87 1.2159e+03    260.942       6264  1028.0644  1028.0625     4.4417     0.0727     0.1250    33.9802    33.9779    8.33832         33 0.0000e+00
    153.000    151.360    -1.2498  27.296555    -1.2498  27.294951     5.5521     5.6606    -0.0150    93.5788 1.0000e-12  -74.10992 -113.32236  31.524758      99.87 1.2151e+03    262.124       6292  1028.0691  1028.0673     4.4394     0.0678     0.1237    33.9796    33.9774    8.33871         24 0.0000e+00
    154.000    152.351    -1.2579  27.289547    -1.2591  27.286673     5.5596     5.6691    -0.0078    93.6142 1.0000e-12  -74.10992 -113.32236  31.524770      99.87 1.2154e+03    263.135       6316  1028.0736  1028.0716     4.4410     0.0695     0.1253    33.9785    33.9760    8.34057         26 0.0000e+00
    155.000    153.338    -1.2551  27.292800    -1.2530  27.292811     5.5552     5.6707    -0.0059    93.6206 1.0000e-12  -74.10992 -113.32236  31.524783      99.71 1.2161e+03    264.255       6343  1028.0788  1028.0768     4.4413     0.0695     0.1257    33.9792    33.9769    8.33991         28 0.0000e+00
    156.000    154.329    -1.2573  27.290701    -1.2560  27.290233     5.5585     5.6721     0.0421    93.6410 1.0000e-12  -74.10992 -113.32236  31.524798      94.91 1.2155e+03    265.519       6373  1028.0830  1028.0813     4.4422     0.0701     0.1251    33.9782    33.9762    8.34045         30 0.0000e+00
    157.000    155.317    -1.2565  27.292070    -1.2555  27.291186     5.5522     5.6645    -0.0065    93.6151 1.0000e-12  -74.10992 -113.32236  31.524813      99.97 1.2172e+03    266.840       6405  1028.0881  1028.0862     4.4411     0.0701     0.1252    33.9785    33.9762    8.34025         30 0.0000e+00
    158.000    156.306    -1.2557  27.293427    -1.2541  27.292977     5.5442     5.6576    -0.0088    93.6284 1.0000e-12  -74.10992 -113.32236  31.524827      99.88 1.2165e+03    268.056       6434  1028.0932  1028.0912     4.4417     0.0705     0.1261    33.9789    33.9765    8.34006         28 0.0000e+00
    159.000    157.294    -1.2498  27.299329    -1.2499  27.297510     5.5441     5.6606    -0.0068    93.6335 1.0000e-12  -74.10992 -113.32236  31.524840      99.87 1.2178e+03    269.159       6461  1028.0982  1028.0963     4.4419     0.0720     0.1246    33.9797    33.9773    8.33869         26 0.0000e+00
    160.000    158.283    -1.2472  27.301961    -1.2458  27.301621     5.5485     5.6564    -0.0113    93.6364 1.0000e-12  -74.10992 -113.32236  31.524852      99.87 1.2166e+03    270.225       6486  1028.1030  1028.1012     4.4420     0.0712     0.1233    33.9797    33.9776    8.33812         26 0.0000e+00
    161.000    159.273    -1.2502  27.300110    -1.2481  27.300427     5.5528     5.6594    -0.0077    93.6326 1.0000e-12  -74.10992 -113.32236  31.524865      99.87 1.2179e+03    271.349       6513  1028.1082  1028.1065     4.4419     0.0717     0.1237    33.9800    33.9780    8.33877         28 0.0000e+00
    162.000    160.261    -1.2523  27.298439    -1.2502  27.298792     5.5422     5.6613    -0.0075    93.6346 1.0000e-12  -74.10992 -113.32236  31.524880      99.87 1.2181e+03    272.596       6543  1028.1127  1028.1112     4.4420     0.0689     0.1229    33.9794    33.9776    8.33926         31 0.0000e+00
    163.000    161.249    -1.2496  27.301480    -1.2475  27.301576     5.5379     5.6587     0.0032    93.6260 1.0000e-12  -74.10992 -113.32236  31.524894      99.87 1.2174e+03    273.836       6573  1028.1178  1028.1159     4.4415     0.0702     0.1243    33.9799    33.9777    8.33864         28 0.0000e+00
    164.000    162.239    -1.2470  27.304314    -1.2452  27.304150     5.5325     5.6508    -0.0038    93.6355 1.0000e-12  -74.10992 -113.32236  31.524907      99.87 1.2176e+03    274.947       6600  1028.1227  1028.1208     4.4420     0.0697     0.1253    33.9802    33.9780    8.33804         26 0.0000e+00
