ocean_section_plots/required_files/ctd/dnbp2202_ctd046.cnv
* Sea-Bird SBE 9 Data File:
* FileName = D:\Data\raw\NBP2202_CTD046.hex
* Software Version Seasave V 7.26.7.121
* Temperature SN = 1649
* Conductivity SN = 2513
* Number of Bytes Per Scan = 40
* Number of Voltage Words = 5
* Number of Scans Averaged by the Deck Unit = 1
* NMEA Latitude = 74 10.52 S
* NMEA Longitude = 113 10.44 W
* NMEA UTC (Time) = Jan 24 2022  00:27:04
* NMEA baud rate = 9600
** Ship: RVIB N.B. Palmer
** Cruise: NBP2202 Thwaites
** Station: Section Dotson C
** Operator: A. Robinson
# nquan = 25
# nvalues = 915                         
# units = specified
# name 0 = prDM: Pressure, Digiquartz [db]
# name 1 = depSM: Depth [salt water, m]
# name 2 = t090C: Temperature [ITS-90, deg C]
# name 3 = c0mS/cm: Conductivity [mS/cm]
# name 4 = t190C: Temperature, 2 [ITS-90, deg C]
# name 5 = c1mS/cm: Conductivity, 2 [mS/cm]
# name 6 = sbeox0ML/L: Oxygen, SBE 43 [ml/l]
# name 7 = sbeox1ML/L: Oxygen, SBE 43, 2 [ml/l]
# name 8 = flECO-AFL: Fluorescence, WET Labs ECO-AFL/FL [mg/m^3]
# name 9 = CStarTr0: Beam Transmission, WET Labs C-Star [%]
# name 10 = par: PAR/Irradiance, Biospherical/Licor
# name 11 = latitude: Latitude [deg]
# name 12 = longitude: Longitude [deg]
# name 13 = timeJ: Julian Days
# name 14 = altM: Altimeter [m]
# name 15 = spar: SPAR, Biospherical/Licor
# name 16 = timeS: Time, Elapsed [seconds]
# name 17 = scan: Scan Count
# name 18 = density00: Density [density, kg/m^3]
# name 19 = density11: Density, 2 [density, kg/m^3]
# name 20 = sal00: Salinity, Practical [PSU]
# name 21 = sal11: Salinity, Practical, 2 [PSU]
# name 22 = oxsolML/L: Oxygen Saturation, Garcia & Gordon [ml/l]
# name 23 = nbin: number of scans per bin
# name 24 = flag: flag
# span 0 =     10.000,    924.000       
# span 1 =      9.895,    912.398       
# span 2 =    -1.4959,     0.3417       
# span 3 =  26.979022,  29.346238       
# span 4 =    -1.4948,     0.3432       
# span 5 =  26.981034,  29.345633       
# span 6 =     4.6145,     9.2593       
# span 7 =     4.8639,     9.8131       
# span 8 =    -0.0207,    28.5847       
# span 9 =    67.3266,    96.3907       
# span 10 = -7.350e-05, 1.3664e+01      
# span 11 =  -74.17540,  -74.17538      
# span 12 = -113.17406, -113.17402      
# span 13 =  24.019160,  24.033061      
# span 14 =       8.41,     100.13      
# span 15 = 3.9303e+02, 5.1156e+02      
# span 16 =     31.431,   1232.492      
# span 17 =        755,      29581      
# span 18 =  1027.2304,  1032.0166      
# span 19 =  1027.2289,  1032.0142      
# span 20 =    33.8013,    34.4753      
# span 21 =    33.8011,    34.4729      
# span 22 =    7.96848,    8.39763      
# span 23 =          3,         47      
# span 24 = 0.0000e+00, 0.0000e+00      
# interval = decibars: 1                
# start_time = Jan 24 2022 00:27:04 [NMEA time, header]
# bad_flag = -9.990e-29
*END*
[from data line 696]
    706.000    697.504     0.2776  29.177394     0.2794  29.176931     4.6673     4.9083    -0.0167    96.1799 1.0000e-12  -74.17540 -113.17406  24.029715      99.88 4.3772e+02    943.401      22643  1030.9825  1030.9803    34.4505    34.4479    7.98313         29 0.0000e+00
    707.000    698.492     0.2774  29.177684     0.2795  29.177400     4.6603     4.9086    -0.0158    96.1695 1.0000e-12  -74.17540 -113.17404  24.029729      99.88 4.3762e+02    944.589      22671  1030.9872  1030.9849    34.4505    34.4478    7.98316         29 0.0000e+00
    708.000    699.477     0.2778  29.178477     0.2798  29.178116     4.6746     4.9088    -0.0161    96.1736 1.0000e-12  -74.17540 -113.17404  24.029743      87.20 4.3719e+02    945.784      22700  1030.9920  1030.9896    34.4506    34.4479    7.98309         28 0.0000e+00
    709.000    700.465     0.2783  29.179492     0.2802  29.179033     4.6525     4.9040    -0.0124    96.2054 1.0000e-12  -74.17540 -113.17404  24.029757      94.20 4.3719e+02    946.971      22728  1030.9967  1030.9944    34.4508    34.4481    7.98297         29 0.0000e+00
    710.000    701.450     0.2786  29.180330     0.2805  29.179883     4.6571     4.8987    -0.0039    96.1453 1.0000e-12  -74.17540 -113.17404  24.029770      99.95 4.3719e+02    948.160      22757  1031.0015  1030.9992    34.4509    34.4482    7.98290         28 0.0000e+00
    711.000    702.436     0.2789  29.180862     0.2808  29.180626     4.6512     4.9075    -0.0054    96.1635 1.0000e-12  -74.17540 -113.17404  24.029784      99.88 4.3719e+02    949.344      22785  1031.0061  1031.0039    34.4508    34.4483    7.98285         29 0.0000e+00
    712.000    703.423     0.2790  29.181454     0.2809  29.181094     4.6588     4.9106    -0.0089    96.1836 1.0000e-12  -74.17540 -113.17404  24.029798      99.89 4.3688e+02    950.533      22814  1031.0108  1031.0086    34.4508    34.4482    7.98282         29 0.0000e+00
    713.000    704.409     0.2787  29.181724     0.2807  29.181364     4.6629     4.9069    -0.0149    96.1575 1.0000e-12  -74.17540 -113.17404  24.029812      99.88 4.3707e+02    951.731      22843  1031.0156  1031.0133    34.4509    34.4482    7.98288         29 0.0000e+00
    714.000    705.395     0.2791  29.182542     0.2812  29.182238     4.6527     4.9062    -0.0091    96.1746 1.0000e-12  -74.17540 -113.17404  24.029826      99.89 4.3617e+02    952.939      22872  1031.0203  1031.0180    34.4509    34.4483    7.98279         29 0.0000e+00
    715.000    706.380     0.2790  29.182909     0.2811  29.182615     4.6512     4.9083    -0.0168    96.1698 1.0000e-12  -74.17540 -113.17404  24.029840      99.89 4.3567e+02    954.171      22901  1031.0250  1031.0227    34.4510    34.4482    7.98281         28 0.0000e+00
    716.000    707.368     0.2793  29.183579     0.2813  29.183354     4.6597     4.9075    -0.0062    96.1718 1.0000e-12  -74.17540 -113.17404  24.029854      99.89 4.3537e+02    955.391      22930  1031.0297  1031.0275    34.4510    34.4484    7.98275         28 0.0000e+00
    717.000    708.354     0.2801  29.184913     0.2819  29.184508     4.6571     4.9088     0.0049    96.1651 1.0000e-12  -74.17540 -113.17404  24.029868      99.88 4.3452e+02    956.583      22959  1031.0345  1031.0323    34.4513    34.4487    7.98258         29 0.0000e+00
    718.000    709.341     0.2807  29.186201     0.2826  29.185636     4.6597     4.9050    -0.0059    96.1589 1.0000e-12  -74.17540 -113.17404  24.029882      96.72 4.3399e+02    957.769      22987  1031.0394  1031.0371    34.4516    34.4488    7.98242         28 0.0000e+00
    719.000    710.327     0.2813  29.187390     0.2831  29.186716     4.6587     4.8980    -0.0141    96.1876 1.0000e-12  -74.17540 -113.17404  24.029895      89.46 4.3367e+02    958.970      23016  1031.0443  1031.0419    34.4520    34.4491    7.98228         29 0.0000e+00
    720.000    711.311     0.2823  29.189027     0.2841  29.188490     4.6697     4.8993    -0.0089    96.1650 1.0000e-12  -74.17540 -113.17404  24.029909      95.41 4.3367e+02    960.170      23045  1031.0493  1031.0470    34.4524    34.4497    7.98204         29 0.0000e+00
    721.000    712.300     0.2829  29.190291     0.2848  29.189807     4.6543     4.9046    -0.0077    96.1798 1.0000e-12  -74.17540 -113.17404  24.029923      99.87 4.3367e+02    961.333      23073  1031.0543  1031.0519    34.4528    34.4501    7.98190         27 0.0000e+00
    722.000    713.286     0.2834  29.191189     0.2855  29.191086     4.6544     4.9058    -0.0085    96.1659 1.0000e-12  -74.17540 -113.17404  24.029936      99.89 4.3361e+02    962.505      23101  1031.0589  1031.0568    34.4528    34.4504    7.98179         29 0.0000e+00
    723.000    714.271     0.2843  29.192604     0.2862  29.192279     4.6607     4.9006    -0.0077    96.1624 1.0000e-12  -74.17540 -113.17404  24.029950      99.88 4.3294e+02    963.707      23130  1031.0638  1031.0616    34.4532    34.4506    7.98160         29 0.0000e+00
    724.000    715.258     0.2842  29.192839     0.2861  29.192491     4.6631     4.8986    -0.0077    96.1653 1.0000e-12  -74.17540 -113.17404  24.029964      99.89 4.3273e+02    964.901      23159  1031.0684  1031.0661    34.4530    34.4504    7.98162         28 0.0000e+00
    725.000    716.244     0.2843  29.193354     0.2862  29.193079     4.6551     4.9042    -0.0077    96.1713 1.0000e-12  -74.17540 -113.17404  24.029978      99.89 4.3209e+02    966.092      23187  1031.0731  1031.0709    34.4530    34.4505    7.98160         29 0.0000e+00
    726.000    717.229     0.2844  29.193978     0.2864  29.193603     4.6496     4.9069     0.0050    96.1624 1.0000e-12  -74.17540 -113.17404  24.029992      99.88 4.3191e+02    967.299      23216  1031.0778  1031.0755    34.4531    34.4504    7.98157         29 0.0000e+00
    727.000    718.217     0.2848  29.194819     0.2870  29.194742     4.6548     4.9070    -0.0129    96.1651 1.0000e-12  -74.17540 -113.17404  24.030006      99.89 4.3191e+02    968.497      23245  1031.0826  1031.0803    34.4532    34.4506    7.98149         29 0.0000e+00
    728.000    719.203     0.2859  29.196461     0.2878  29.196237     4.6595     4.9026    -0.0022    96.1855 1.0000e-12  -74.17540 -113.17404  24.030020      99.89 4.3191e+02    969.688      23274  1031.0875  1031.0853    34.4536    34.4511    7.98125         28 0.0000e+00
    729.000    720.189     0.2864  29.197550     0.2883  29.197210     4.6624     4.9009    -0.0102    96.1686 1.0000e-12  -74.17540 -113.17404  24.030033      95.59 4.3191e+02    970.878      23302  1031.0923  1031.0901    34.4538    34.4512    7.98112         29 0.0000e+00
    730.000    721.174     0.2865  29.198201     0.2885  29.197778     4.6569     4.9031    -0.0129    96.1736 1.0000e-12  -74.17540 -113.17404  24.030047      83.63 4.3191e+02    972.075      23331  1031.0972  1031.0947    34.4540    34.4512    7.98109         28 0.0000e+00
    731.000    722.161     0.2867  29.198899     0.2887  29.198569     4.6511     4.9027    -0.0042    96.1726 1.0000e-12  -74.17540 -113.17404  24.030061      98.02 4.3191e+02    973.278      23360  1031.1018  1031.0996    34.4541    34.4515    7.98104         30 0.0000e+00
    732.000    723.147     0.2868  29.199335     0.2888  29.198974     4.6563     4.8952    -0.0004    96.1690 1.0000e-12  -74.17540 -113.17404  24.030075      99.87 4.3191e+02    974.468      23388  1031.1065  1031.1042    34.4541    34.4513    7.98103         28 0.0000e+00
    733.000    724.134     0.2867  29.199771     0.2888  29.199490     4.6532     4.9000    -0.0057    96.1867 1.0000e-12  -74.17540 -113.17404  24.030089      99.88 4.3172e+02    975.659      23417  1031.1112  1031.1089    34.4541    34.4514    7.98104         28 0.0000e+00
    734.000    725.119     0.2873  29.200846     0.2891  29.200307     4.6564     4.9037    -0.0139    96.1737 1.0000e-12  -74.17540 -113.17405  24.030102      99.88 4.3079e+02    976.855      23446  1031.1161  1031.1137    34.4543    34.4516    7.98091         29 0.0000e+00
    735.000    726.107     0.2888  29.203048     0.2907  29.202623     4.6608     4.8979    -0.0097    96.1793 1.0000e-12  -74.17540 -113.17405  24.030116      99.89 4.3087e+02    978.040      23474  1031.1211  1031.1188    34.4549    34.4522    7.98057         29 0.0000e+00
    736.000    727.092     0.2905  29.205549     0.2925  29.205124     4.6556     4.8998    -0.0082    96.1732 1.0000e-12  -74.17540 -113.17406  24.030130      99.88 4.3087e+02    979.235      23503  1031.1263  1031.1239    34.4558    34.4530    7.98017         29 0.0000e+00
    737.000    728.077     0.2921  29.207941     0.2941  29.207586     4.6611     4.9026    -0.0015    96.1754 1.0000e-12  -74.17540 -113.17404  24.030144      99.89 4.2989e+02    980.433      23531  1031.1314  1031.1291    34.4565    34.4538    7.97979         28 0.0000e+00
    738.000    729.065     0.2924  29.208683     0.2944  29.208335     4.6520     4.9027    -0.0158    96.1846 1.0000e-12  -74.17540 -113.17405  24.030157      99.88 4.2957e+02    981.606      23560  1031.1361  1031.1338    34.4565    34.4539    7.97973         28 0.0000e+00
    739.000    730.051     0.2928  29.209775     0.2950  29.209511     4.6501     4.9036    -0.0150    96.1731 1.0000e-12  -74.17540 -113.17405  24.030171      99.88 4.2893e+02    982.785      23588  1031.1411  1031.1388    34.4569    34.4542    7.97962         29 0.0000e+00
    740.000    731.036     0.2935  29.211029     0.2954  29.210622     4.6452     4.8997    -0.0155    96.1884 1.0000e-12  -74.17540 -113.17406  24.030185      79.57 4.2838e+02    983.987      23617  1031.1460  1031.1437    34.4572    34.4546    7.97946         28 0.0000e+00
    741.000    732.022     0.2940  29.212043     0.2959  29.211610     4.6454     4.8969    -0.0104    96.1846 1.0000e-12  -74.17540 -113.17406  24.030199      85.79 4.2838e+02    985.192      23646  1031.1508  1031.1484    34.4574    34.4547    7.97934         30 0.0000e+00
    742.000    733.010     0.2946  29.213254     0.2965  29.212718     4.6537     4.8973    -0.0038    96.1901 1.0000e-12  -74.17540 -113.17404  24.030213      98.15 4.2838e+02    986.390      23674  1031.1557  1031.1532    34.4578    34.4550    7.97921         28 0.0000e+00
    743.000    733.995     0.2961  29.215514     0.2981  29.214998     4.6521     4.8963    -0.0080    96.1926 1.0000e-12  -74.17540 -113.17404  24.030227      99.91 4.2838e+02    987.603      23703  1031.1607  1031.1583    34.4584    34.4556    7.97884         29 0.0000e+00
    744.000    734.981     0.2962  29.215927     0.2982  29.215641     4.6479     4.9006    -0.0130    96.1783 1.0000e-12  -74.17540 -113.17404  24.030241      99.88 4.2838e+02    988.797      23732  1031.1654  1031.1631    34.4584    34.4558    7.97884         29 0.0000e+00
    745.000    735.968     0.2967  29.216953     0.2988  29.216750     4.6515     4.9000    -0.0048    96.1947 1.0000e-12  -74.17540 -113.17404  24.030254      99.89 4.2838e+02    989.980      23761  1031.1702  1031.1680    34.4585    34.4560    7.97872         28 0.0000e+00
    746.000    736.954     0.2969  29.217686     0.2991  29.217453     4.6565     4.8975    -0.0006    96.1990 1.0000e-12  -74.17540 -113.17406  24.030268      99.88 4.2814e+02    991.174      23789  1031.1750  1031.1726    34.4587    34.4560    7.97867         27 0.0000e+00
    747.000    737.939     0.2980  29.219310     0.3000  29.218997     4.6426     4.8914    -0.0007    96.2040 1.0000e-12  -74.17540 -113.17404  24.030282      99.88 4.2660e+02    992.371      23818  1031.1799  1031.1776    34.4591    34.4565    7.97843         28 0.0000e+00
    748.000    738.926     0.2982  29.219984     0.3001  29.219661     4.6446     4.8928    -0.0085    96.1739 1.0000e-12  -74.17540 -113.17405  24.030296      99.88 4.2662e+02    993.546      23846  1031.1846  1031.1824    34.4591    34.4565    7.97838         29 0.0000e+00
    749.000    739.912     0.2982  29.220485     0.3003  29.220122     4.6496     4.8955    -0.0153    96.1800 1.0000e-12  -74.17540 -113.17404  24.030309      99.89 4.2662e+02    994.730      23875  1031.1893  1031.1870    34.4592    34.4564    7.97837         28 0.0000e+00
    750.000    740.897     0.2984  29.220957     0.3003  29.220653     4.6470     4.8932    -0.0094    96.2054 1.0000e-12  -74.17540 -113.17404  24.030323      99.88 4.2662e+02    995.931      23903  1031.1939  1031.1918    34.4590    34.4566    7.97835         29 0.0000e+00
    751.000    741.883     0.2987  29.221788     0.3008  29.221550     4.6450     4.8941    -0.0140    96.1786 1.0000e-12  -74.17540 -113.17404  24.030337      84.39 4.2662e+02    997.117      23932  1031.1987  1031.1965    34.4593    34.4566    7.97828         29 0.0000e+00
    752.000    742.870     0.2990  29.222741     0.3010  29.222429     4.6591     4.8958    -0.0085    96.1910 1.0000e-12  -74.17540 -113.17404  24.030351      88.38 4.2662e+02    998.303      23960  1031.2036  1031.2014    34.4595    34.4569    7.97819         28 0.0000e+00
    753.000    743.857     0.2990  29.223114     0.3010  29.222811     4.6678     4.8953    -0.0077    96.2034 1.0000e-12  -74.17540 -113.17404  24.030365      98.68 4.2662e+02    999.513      23989  1031.2082  1031.2059    34.4594    34.4568    7.97820         30 0.0000e+00
    754.000    744.842     0.2991  29.223698     0.3011  29.223317     4.6490     4.8947    -0.0041    96.2222 1.0000e-12  -74.17540 -113.17404  24.030379      99.87 4.2649e+02   1000.721      24018  1031.2130  1031.2106    34.4595    34.4568    7.97817         28 0.0000e+00
    755.000    745.828     0.2994  29.224336     0.3014  29.224011     4.6495     4.8929    -0.0059    96.1944 1.0000e-12  -74.17540 -113.17404  24.030393      99.88 4.2564e+02   1001.916      24047  1031.2176  1031.2153    34.4595    34.4568    7.97812         29 0.0000e+00
    756.000    746.814     0.2995  29.224891     0.3015  29.224638     4.6539     4.8977    -0.0082    96.1944 1.0000e-12  -74.17540 -113.17404  24.030406      99.88 4.2546e+02   1003.115      24076  1031.2223  1031.2201    34.4595    34.4570    7.97809         29 0.0000e+00
    757.000    747.801     0.2999  29.225915     0.3018  29.225505     4.6477     4.8928    -0.0085    96.1947 1.0000e-12  -74.17540 -113.17404  24.030420      99.88 4.2499e+02   1004.304      24104  1031.2272  1031.2250    34.4598    34.4572    7.97799         28 0.0000e+00
    758.000    748.785     0.3003  29.226776     0.3023  29.226464     4.6447     4.8972    -0.0090    96.2012 1.0000e-12  -74.17540 -113.17404  24.030434      99.89 4.2485e+02   1005.491      24133  1031.2320  1031.2297    34.4599    34.4574    7.97790         28 0.0000e+00
    759.000    749.772     0.3007  29.227567     0.3025  29.227263     4.6504     4.8978    -0.0092    96.1819 1.0000e-12  -74.17540 -113.17404  24.030448      99.88 4.2485e+02   1006.672      24161  1031.2366  1031.2345    34.4599    34.4575    7.97781         29 0.0000e+00
    760.000    750.758     0.3008  29.228189     0.3027  29.227880     4.6482     4.8981    -0.0017    96.1874 1.0000e-12  -74.17540 -113.17404  24.030461      99.88 4.2485e+02   1007.857      24190  1031.2414  1031.2392    34.4601    34.4576    7.97779         28 0.0000e+00
    761.000    751.745     0.3014  29.229255     0.3032  29.228741     4.6519     4.8944    -0.0154    96.2034 1.0000e-12  -74.17540 -113.17404  24.030475      99.88 4.2485e+02   1009.049      24218  1031.2462  1031.2439    34.4603    34.4576    7.97766         29 0.0000e+00
    762.000    752.730     0.3014  29.229819     0.3034  29.229531     4.6415     4.8925    -0.0103    96.1844 1.0000e-12  -74.17540 -113.17404  24.030489      78.41 4.2428e+02   1010.240      24247  1031.2509  1031.2487    34.4603    34.4578    7.97764         28 0.0000e+00
