ocean_section_plots/required_files/ctd/dnbp2202_ctd174.cnv
* Sea-Bird SBE 9 Data File:
* FileName = D:\Data\raw\NBP2202_CTD174.hex
* Software Version Seasave V 7.26.7.121
* Temperature SN = 1649
* Conductivity SN = 2513
* Number of Bytes Per Scan = 40
* Number of Voltage Words = 5
* Number of Scans Averaged by the Deck Unit = 1
* NMEA Latitude = 74 04.34 S
* NMEA Longitude = 110 47.47 W
* NMEA UTC (Time) = Feb 03 2022  18:11:19
* NMEA baud rate = 9600
** Ship: RVIB N.B. Palmer
** Cruise: NBP2202 Thwaites
** Station: 96
** Operator: A. Robinson
# nquan = 28
# nvalues = 325                         
# units = specified
# name 0 = prDM: Pressure, Digiquartz [db]
# name 1 = depSM: Depth [salt water, m]
# name 2 = t090C: Temperature [ITS-90, deg C]
# name 3 = c0mS/cm: Conductivity [mS/cm]
# name 4 = t190C: Temperature, 2 [ITS-90, deg C]
# name 5 = c1mS/cm: Conductivity, 2 [mS/cm]
# name 6 = sbeox0ML/L: Oxygen, SBE 43 [ml/l]
# name 7 = sbeox1ML/L: Oxygen, SBE 43, 2 [ml/l]
# name 8 = flECO-AFL: Fluorescence, WET Labs ECO-AFL/FL [mg/m^3]
# name 9 = CStarTr0: Beam Transmission, WET Labs C-Star [%]
# name 10 = par: PAR/Irradiance, Biospherical/Licor
# name 11 = latitude: Latitude [deg]
# name 12 = longitude: Longitude [deg]
# name 13 = timeJ: Julian Days
# name 14 = altM: Altimeter [m]
# name 15 = spar: SPAR, Biospherical/Licor
# name 16 = timeS: Time, Elapsed [seconds]
# name 17 = scan: Scan Count
# name 18 = density00: Density [density, kg/m^3]
# name 19 = density11: Density, 2 [density, kg/m^3]
# name 20 = v3: Voltage 3
# name 21 = v4: Voltage 4
# name 22 = v5: Voltage 5
# name 23 = sal00: Salinity, Practical [PSU]
# name 24 = sal11: Salinity, Practical, 2 [PSU]
# name 25 = oxsolML/L: Oxygen Saturation, Garcia & Gordon [ml/l]
# name 26 = nbin: number of scans per bin
# name 27 = flag: flag
# span 0 =      2.000,    326.000       
# span 1 =      1.983,    322.375       
# span 2 =    -1.5482,    -1.1517       
# span 3 =  26.796329,  27.569934       
# span 4 =    -1.5481,    -1.1507       
# span 5 =  26.796616,  27.569312       
# span 6 =     5.9251,     7.7189       
# span 7 =     5.8950,     7.8807       
# span 8 =    -0.0197,    13.5342       
# span 9 =    82.9452,    98.6749       
# span 10 = -1.478e-05, 1.2949e+02      
# span 11 =  -74.07248,  -74.07246      
# span 12 = -110.79122, -110.79118      
# span 13 =  34.760541,  34.766158      
# span 14 =       4.94,      99.97      
# span 15 = 1.8122e+03, 1.8192e+03      
# span 16 =    231.711,    717.031      
# span 17 =       5562,      17210      
# span 18 =  1027.1275,  1029.0191      
# span 19 =  1027.1293,  1029.0174      
# span 20 =     3.9351,     4.6809      
# span 21 =     0.0633,     2.0743      
# span 22 =     0.1175,     0.1775      
# span 23 =    33.7000,    34.1354      
# span 24 =    33.7021,    34.1334      
# span 25 =    8.30768,    8.41796      
# span 26 =         20,         46      
# span 27 = 0.0000e+00, 0.0000e+00      
# interval = decibars: 1                
# start_time = Feb 03 2022 18:11:19 [NMEA time, header]
# bad_flag = -9.990e-29
*END*
[from data line 311]
    313.000    309.526    -1.1839  27.528071    -1.1823  27.527868     6.0276     6.1812    -0.0077    98.6704 1.0000e-12  -74.07246 -110.79120  34.765461      18.71 1.8149e+03    656.825      15765  1028.9479  1028.9462     4.6808     0.0699     0.1221    34.1227    34.1207    8.31557         40 0.0000e+00
    314.000    310.516    -1.1842  27.528610    -1.1829  27.528252     6.0295     6.1867    -0.0105    98.6604 1.0000e-12  -74.07246 -110.79120  34.765484      17.67 1.8138e+03    658.857      15814  1028.9532  1028.9515     4.6802     0.0677     0.1262    34.1232    34.1212    8.31562         42 0.0000e+00
    315.000    311.504    -1.1825  27.531226    -1.1815  27.530751     6.0288     6.1929    -0.0064    98.6703 1.0000e-12  -74.07246 -110.79120  34.765508      16.65 1.8133e+03    660.914      15863  1028.9587  1028.9573     4.6807     0.0673     0.1202    34.1242    34.1225    8.31517         42 0.0000e+00
    316.000    312.493    -1.1817  27.532783    -1.1797  27.533325     6.0204     6.1929    -0.0028    98.6749 1.0000e-12  -74.07246 -110.79120  34.765533      15.63 1.8153e+03    663.010      15913  1028.9640  1028.9626     4.6809     0.0677     0.1211    34.1248    34.1233    8.31497         35 0.0000e+00
    317.000    313.480    -1.1793  27.535723    -1.1768  27.536639     6.0198     6.1866    -0.0066    98.6610 1.0000e-12  -74.07246 -110.79120  34.765557      14.54 1.8157e+03    665.132      15964  1028.9692  1028.9678     4.6803     0.0686     0.1226    34.1255    34.1239    8.31439         42 0.0000e+00
    318.000    314.469    -1.1741  27.542289    -1.1727  27.542016     6.0209     6.1808    -0.0011    98.6611 1.0000e-12  -74.07246 -110.79119  34.765582      13.54 1.8151e+03    667.243      16015  1028.9757  1028.9740     4.6803     0.0682     0.1222    34.1280    34.1260    8.31309         40 0.0000e+00
    319.000    315.456    -1.1721  27.544881    -1.1704  27.544985     6.0212     6.1848    -0.0087    98.6511 1.0000e-12  -74.07246 -110.79119  34.765606      12.50 1.8171e+03    669.346      16065  1028.9809  1028.9795     4.6799     0.0686     0.1228    34.1286    34.1269    8.31261         38 0.0000e+00
    320.000    316.445    -1.1700  27.547665    -1.1684  27.547575     6.0177     6.1772    -0.0036    98.6561 1.0000e-12  -74.07246 -110.79119  34.765630      11.49 1.8173e+03    671.417      16115  1028.9863  1028.9847     4.6801     0.0689     0.1221    34.1294    34.1275    8.31210         44 0.0000e+00
    321.000    317.434    -1.1681  27.550251    -1.1667  27.550006     6.0236     6.1785    -0.0041    98.6413 1.0000e-12  -74.07246 -110.79119  34.765653      10.46 1.8163e+03    673.454      16164  1028.9916  1028.9900     4.6794     0.0701     0.1295    34.1302    34.1283    8.31163         34 0.0000e+00
    322.000    318.421    -1.1668  27.552078    -1.1655  27.551723     6.0139     6.1791    -0.0003    98.6221 1.0000e-12  -74.07246 -110.79118  34.765677       9.44 1.8170e+03    675.500      16213  1028.9967  1028.9950     4.6785     0.0690     0.1230    34.1306    34.1286    8.31133         40 0.0000e+00
    323.000    319.409    -1.1597  27.560078    -1.1575  27.560657     6.0141     6.1717    -0.0004    98.6606 1.0000e-12  -74.07246 -110.79118  34.765702       8.40 1.8175e+03    677.687      16265  1029.0028  1029.0013     4.6803     0.0706     0.1393    34.1329    34.1311    8.30961         46 0.0000e+00
    324.000    320.396    -1.1583  27.561713    -1.1562  27.562230     6.0143     6.1747     0.0028    98.6574 1.0000e-12  -74.07246 -110.79118  34.765729       7.36 1.8161e+03    679.989      16321  1029.0077  1029.0062     4.6801     0.0692     0.1286    34.1329    34.1313    8.30931         34 0.0000e+00
    325.000    321.387    -1.1565  27.564308    -1.1582  27.560599     6.0120     6.1751    -0.0054    98.6280 1.0000e-12  -74.07246 -110.79118  34.765769       6.27 1.8165e+03    683.474      16404  1029.0131  1029.0107     4.6788     0.0707     0.1235    34.1338    34.1306    8.30885         38 0.0000e+00
    326.000    322.375    -1.1517  27.569934    -1.1507  27.569312     6.0091     6.1785     0.0023    98.6036 1.0000e-12  -74.07246 -110.79119  34.766158       4.94 1.8156e+03    717.031      17210  1029.0191  1029.0174     4.6776     0.0682     0.1248    34.1354    34.1334    8.30768         45 0.0000e+00
