ocean_section_plots/required_files/ctd/dnbp2202_ctd139.cnv
* Sea-Bird SBE 9 Data File:
* FileName = D:\Data\raw\NBP2202_CTD139.hex
* Software Version Seasave V 7.26.7.121
* Temperature SN = 1649
* Conductivity SN = 2513
* Number of Bytes Per Scan = 40
* Number of Voltage Words = 5
* Number of Scans Averaged by the Deck Unit = 1
* NMEA Latitude = 74 01.74 S
* NMEA Longitude = 113 20.67 W
* NMEA UTC (Time) = Jan 29 2022  07:08:00
* NMEA baud rate = 9600
** Ship: RVIB N.B. Palmer
** Cruise: NBP2202 Thwaites
** Station: 68
** Operator: B. Bjork
# nquan = 25
# nvalues = 258                         
# units = specified
# name 0 = prDM: Pressure, Digiquartz [db]
# name 1 = depSM: Depth [salt water, m]
# name 2 = t090C: Temperature [ITS-90, deg C]
# name 3 = c0mS/cm: Conductivity [mS/cm]
# name 4 = t190C: Temperature, 2 [ITS-90, deg C]
# name 5 = c1mS/cm: Conductivity, 2 [mS/cm]
# name 6 = sbeox0ML/L: Oxygen, SBE 43 [ml/l]
# name 7 = sbeox1ML/L: Oxygen, SBE 43, 2 [ml/l]
# name 8 = flECO-AFL: Fluorescence, WET Labs ECO-AFL/FL [mg/m^3]
# name 9 = CStarTr0: Beam Transmission, WET Labs C-Star [%]
# name 10 = par: PAR/Irradiance, Biospherical/Licor
# name 11 = latitude: Latitude [deg]
# name 12 = longitude: Longitude [deg]
# name 13 = timeJ: Julian Days
# name 14 = altM: Altimeter [m]
# name 15 = spar: SPAR, Biospherical/Licor
# name 16 = timeS: Time, Elapsed [seconds]
# name 17 = scan: Scan Count
# name 18 = density00: Density [density, kg/m^3]
# name 19 = density11: Density, 2 [density, kg/m^3]
# name 20 = sal00: Salinity, Practical [PSU]
# name 21 = sal11: Salinity, Practical, 2 [PSU]
# name 22 = oxsolML/L: Oxygen Saturation, Garcia & Gordon [ml/l]
# name 23 = nbin: number of scans per bin
# name 24 = flag: flag
# span 0 =      3.000,    260.000       
# span 1 =      2.976,    257.144       
# span 2 =    -1.3545,    -0.6925       
# span 3 =  27.105469,  27.898581       
# span 4 =    -1.3548,    -0.6910       
# span 5 =  27.105395,  27.898296       
# span 6 =     5.0346,     8.7219       
# span 7 =     5.1436,     8.9533       
# span 8 =    -0.0189,    28.2366       
# span 9 =    66.7623,    93.6518       
# span 10 = 1.0000e-12, 3.2096e+00      
# span 11 =  -74.02906,  -74.02904      
# span 12 = -113.34464, -113.34462      
# span 13 =  29.299603,  29.304502      
# span 14 =      -0.03,     100.24      
# span 15 = 1.9177e+01, 2.9232e+01      
# span 16 =    205.691,    628.888      
# span 17 =       4938,      15094      
# span 18 =  1027.1800,  1028.6615      
# span 19 =  1027.1817,  1028.6591      
# span 20 =    33.7809,    34.1086      
# span 21 =    33.7822,    34.1065      
# span 22 =    8.20858,    8.36829      
# span 23 =          1,         46      
# span 24 = 0.0000e+00, 0.0000e+00      
# interval = decibars: 1                
# start_time = Jan 29 2022 07:08:00 [NMEA time, header]
# bad_flag = -9.990e-29
*END*
[from data line 232]
    235.000    232.437    -0.7768  27.800362    -0.7769  27.798717     5.1206     5.2219    -0.0132    93.4666 1.0000e-12  -74.02906 -113.34464  29.303575      28.04 2.8324e+01    548.844      13173  1028.5231  1028.5214    34.0801    34.0780    8.22844         41 0.0000e+00
    236.000    233.427    -0.7940  27.785290    -0.7921  27.786433     5.1400     5.2482    -0.0127    93.4728 1.0000e-12  -74.02906 -113.34464  29.303599      27.03 2.6886e+01    550.922      13223  1028.5279  1028.5272    34.0785    34.0779    8.23229         45 0.0000e+00
    237.000    234.415    -0.8022  27.779114    -0.8058  27.775096     5.1500     5.2616    -0.0140    93.4975 1.0000e-12  -74.02906 -113.34464  29.303622      25.95 2.7848e+01    552.944      13272  1028.5333  1028.5325    34.0789    34.0775    8.23407         36 0.0000e+00
    238.000    235.402    -0.8024  27.782088    -0.8003  27.781727     5.1416     5.2554    -0.0089    93.4802 1.0000e-12  -74.02906 -113.34464  29.303645      24.99 2.9232e+01    554.955      13320  1028.5408  1028.5384    34.0824    34.0796    8.23390         42 0.0000e+00
    239.000    236.391    -0.7913  27.793181    -0.7895  27.792995     5.1263     5.2394    -0.0172    93.5059 1.0000e-12  -74.02906 -113.34464  29.303669      23.94 2.7217e+01    556.970      13368  1028.5463  1028.5443    34.0844    34.0821    8.23137         41 0.0000e+00
    240.000    237.380    -0.7773  27.807421    -0.7761  27.806450     5.1060     5.2222    -0.0054    93.5115 1.0000e-12  -74.02906 -113.34464  29.303693      22.91 2.7614e+01    559.033      13418  1028.5523  1028.5501    34.0872    34.0846    8.22814         42 0.0000e+00
    241.000    238.369    -0.7649  27.819285    -0.7633  27.818924     5.0922     5.2024    -0.0087    93.5170 1.0000e-12  -74.02906 -113.34464  29.303717      21.89 2.8652e+01    561.123      13468  1028.5574  1028.5554    34.0886    34.0864    8.22535         42 0.0000e+00
    242.000    239.357    -0.7523  27.831605    -0.7505  27.831492     5.0862     5.1993    -0.0188    93.5247 1.0000e-12  -74.02906 -113.34464  29.303740      20.85 2.7325e+01    563.119      13516  1028.5629  1028.5610    34.0905    34.0883    8.22251         43 0.0000e+00
    243.000    240.345    -0.7519  27.832542    -0.7503  27.832315     5.0855     5.1985    -0.0154    93.5093 1.0000e-12  -74.02906 -113.34464  29.303763      19.85 2.7827e+01    565.091      13563  1028.5680  1028.5662    34.0908    34.0886    8.22241         43 0.0000e+00
    244.000    241.334    -0.7522  27.832563    -0.7502  27.832655     5.0841     5.1941    -0.0119    93.5239 1.0000e-12  -74.02906 -113.34464  29.303787      18.79 2.8120e+01    567.192      13614  1028.5728  1028.5709    34.0905    34.0884    8.22249         44 0.0000e+00
    245.000    242.323    -0.7470  27.838809    -0.7455  27.837917     5.0736     5.1867    -0.0106    93.5367 1.0000e-12  -74.02906 -113.34464  29.303812      17.78 2.7246e+01    569.337      13665  1028.5787  1028.5763    34.0924    34.0895    8.22124         40 0.0000e+00
    246.000    243.309    -0.7347  27.851280    -0.7335  27.850531     5.0692     5.1836    -0.0067    93.5307 1.0000e-12  -74.02906 -113.34464  29.303839      16.73 2.7620e+01    571.660      13721  1028.5847  1028.5827    34.0948    34.0925    8.21843         38 0.0000e+00
    247.000    244.298    -0.7377  27.848715    -0.7360  27.848332     5.0752     5.1870    -0.0093    93.5247 1.0000e-12  -74.02906 -113.34464  29.303879      15.66 2.6832e+01    575.169      13805  1028.5893  1028.5873    34.0941    34.0917    8.21911         38 0.0000e+00
    248.000    245.286    -0.7236  27.863726    -0.7219  27.863515     5.0577     5.1681    -0.0031    93.5124 1.0000e-12  -74.02906 -113.34464  29.303931      14.62 2.5793e+01    579.599      13911  1028.5963  1028.5944    34.0979    34.0957    8.21583         27 0.0000e+00
    249.000    246.275    -0.7147  27.872427    -0.7131  27.872291     5.0450     5.1556    -0.0112    93.5067 1.0000e-12  -74.02906 -113.34464  29.303974      13.58 2.5888e+01    583.395      14002  1028.6016  1028.5998    34.0990    34.0970    8.21383         35 0.0000e+00
    250.000    247.263    -0.7072  27.879687    -0.7059  27.879192     5.0393     5.1490    -0.0133    93.5007 1.0000e-12  -74.02906 -113.34464  29.304017      12.56 2.6416e+01    587.070      14091  1028.6066  1028.6048    34.0998    34.0976    8.21216         32 0.0000e+00
    251.000    248.256    -0.7060  27.881628    -0.7046  27.881225     5.0383     5.1514    -0.0110    93.5233 1.0000e-12  -74.02906 -113.34464  29.304061      11.54 2.6592e+01    590.838      14181  1028.6120  1028.6101    34.1004    34.0982    8.21186         36 0.0000e+00
    252.000    249.243    -0.7052  27.883578    -0.7037  27.883214     5.0448     5.1522    -0.0171    93.5052 1.0000e-12  -74.02906 -113.34464  29.304103      10.51 2.6272e+01    594.524      14270  1028.6177  1028.6158    34.1016    34.0993    8.21162         30 0.0000e+00
    253.000    250.231    -0.6970  27.892863    -0.6951  27.892767     5.0346     5.1436    -0.0082    93.5042 1.0000e-12  -74.02906 -113.34464  29.304147       9.49 2.7208e+01    598.290      14360  1028.6240  1028.6222    34.1042    34.1019    8.20967         32 0.0000e+00
    254.000    251.219    -0.6925  27.898581    -0.6910  27.898296     5.0609     5.1631    -0.0064    93.5084 1.0000e-12  -74.02906 -113.34464  29.304190       8.47 2.6716e+01    602.060      14450  1028.6304  1028.6286    34.1062    34.1041    8.20858         27 0.0000e+00
    255.000    252.209    -0.7029  27.891806    -0.7009  27.892065     5.0850     5.1877    -0.0089    93.5115 1.0000e-12  -74.02906 -113.34464  29.304234       7.43 2.5546e+01    605.779      14540  1028.6375  1028.6359    34.1081    34.1063    8.21072         27 0.0000e+00
    256.000    253.197    -0.7116  27.885318    -0.7077  27.886970     5.0874     5.1990    -0.0041    93.5146 1.0000e-12  -74.02906 -113.34464  29.304278       6.40 2.6942e+01    609.622      14632  1028.6432  1028.6413    34.1086    34.1065    8.21259         23 0.0000e+00
    257.000    254.184    -0.7121  27.885077    -0.7108  27.884761     5.0947     5.2089    -0.0097    93.5160 1.0000e-12  -74.02906 -113.34464  29.304322       5.37 2.6977e+01    613.461      14724  1028.6477  1028.6460    34.1083    34.1063    8.21273         33 0.0000e+00
    258.000    255.171    -0.7142  27.883645    -0.7156  27.880555     5.0873     5.2062    -0.0041    93.5160 1.0000e-12  -74.02906 -113.34464  29.304365       4.32 2.5371e+01    617.130      14812  1028.6522  1028.6504    34.1081    34.1055    8.21319         33 0.0000e+00
    259.000    256.161    -0.7179  27.880796    -0.7121  27.884180     5.1001     5.2026    -0.0116    93.5152 1.0000e-12  -74.02906 -113.34464  29.304410       5.32 2.6617e+01    620.984      14905  1028.6572  1028.6551    34.1078    34.1059    8.21402         27 0.0000e+00
    260.000    257.144    -0.7128  27.885722    -0.7122  27.883757     5.0680     5.1906    -0.0183    93.4979 1.0000e-12  -74.02906 -113.34464  29.304502      -0.03 1.9177e+01    628.888      15094  1028.6615  1028.6591    34.1082    34.1047    8.21289          1 0.0000e+00
