ocean_section_plots/required_files/ctd/dnbp2202_ctd041.cnv
* Sea-Bird SBE 9 Data File:
* FileName = D:\Data\raw\NBP2202_CTD041.hex
* Software Version Seasave V 7.26.7.121
* Temperature SN = 1649
* Conductivity SN = 2513
* Number of Bytes Per Scan = 40
* Number of Voltage Words = 5
* Number of Scans Averaged by the Deck Unit = 1
* NMEA Latitude = 74 10.51 S
* NMEA Longitude = 113 20.68 W
* NMEA UTC (Time) = Jan 23 2022  01:38:49
* NMEA baud rate = 9600
** Ship: RVIB N.B. Palmer
** Cruise: NBP2202 Thwaites
** Station: 22
** Operator: A. Robinson
# nquan = 25
# nvalues = 616                         
# units = specified
# name 0 = prDM: Pressure, Digiquartz [db]
# name 1 = depSM: Depth [salt water, m]
# name 2 = t090C: Temperature [ITS-90, deg C]
# name 3 = c0mS/cm: Conductivity [mS/cm]
# name 4 = t190C: Temperature, 2 [ITS-90, deg C]
# name 5 = c1mS/cm: Conductivity, 2 [mS/cm]
# name 6 = sbeox0ML/L: Oxygen, SBE 43 [ml/l]
# name 7 = sbeox1ML/L: Oxygen, SBE 43, 2 [ml/l]
# name 8 = flECO-AFL: Fluorescence, WET Labs ECO-AFL/FL [mg/m^3]
# name 9 = CStarTr0: Beam Transmission, WET Labs C-Star [%]
# name 10 = par: PAR/Irradiance, Biospherical/Licor
# name 11 = latitude: Latitude [deg]
# name 12 = longitude: Longitude [deg]
# name 13 = timeJ: Julian Days
# name 14 = altM: Altimeter [m]
# name 15 = spar: SPAR, Biospherical/Licor
# name 16 = timeS: Time, Elapsed [seconds]
# name 17 = scan: Scan Count
# name 18 = density00: Density [density, kg/m^3]
# name 19 = density11: Density, 2 [density, kg/m^3]
# name 20 = sal00: Salinity, Practical [PSU]
# name 21 = sal11: Salinity, Practical, 2 [PSU]
# name 22 = oxsolML/L: Oxygen Saturation, Garcia & Gordon [ml/l]
# name 23 = nbin: number of scans per bin
# name 24 = flag: flag
# span 0 =      2.000,    617.000       
# span 1 =      1.992,    609.706       
# span 2 =    -1.3652,     0.0985       
# span 3 =  27.081472,  28.934441       
# span 4 =    -1.3642,     0.0998       
# span 5 =  27.080502,  28.933230       
# span 6 =     4.7289,     5.5318       
# span 7 =     4.9811,     5.8473       
# span 8 =    -0.0213,     0.1926       
# span 9 =    94.9386,    96.0657       
# span 10 = -4.091e-07, 8.1523e+02      
# span 11 =  -74.17530,  -74.17528      
# span 12 = -113.34492, -113.34486      
# span 13 =  23.071330,  23.083388      
# span 14 =       6.22,      99.78      
# span 15 = 1.5312e+03, 1.5782e+03      
# span 16 =    233.934,   1275.765      
# span 17 =       5615,      30619      
# span 18 =  1027.2684,  1030.5239      
# span 19 =  1027.2721,  1030.5214      
# span 20 =    33.8826,    34.3830      
# span 21 =    33.8830,    34.3800      
# span 22 =    8.02420,    8.37025      
# span 23 =         16,         74      
# span 24 = 0.0000e+00, 0.0000e+00      
# interval = decibars: 1                
# start_time = Jan 23 2022 01:38:49 [NMEA time, header]
# bad_flag = -9.990e-29
*END*
[from data line 348]
    350.000    346.084    -0.3765  28.284057    -0.3746  28.283647     4.8816     5.1594    -0.0089    95.7533 1.0000e-12  -74.17530 -113.34488  23.078617      99.65 1.5574e+03    863.523      20726  1029.1533  1029.1510    34.2103    34.2076    8.13446         32 0.0000e+00
    351.000    347.072    -0.3682  28.293872    -0.3664  28.293319     4.8769     5.1593    -0.0133    95.7778 1.0000e-12  -74.17530 -113.34488  23.078632      87.71 1.5585e+03    864.811      20756  1029.1601  1029.1577    34.2135    34.2107    8.13250         30 0.0000e+00
    352.000    348.061    -0.3656  28.297055    -0.3642  28.296222     4.8753     5.1517    -0.0198    95.8075 1.0000e-12  -74.17530 -113.34488  23.078647      94.45 1.5578e+03    866.085      20787  1029.1653  1029.1631    34.2142    34.2115    8.13190         31 0.0000e+00
    353.000    349.049    -0.3596  28.304469    -0.3579  28.303585     4.8789     5.1539    -0.0168    95.8375 1.0000e-12  -74.17530 -113.34488  23.078662      99.67 1.5577e+03    867.423      20819  1029.1718  1029.1692    34.2168    34.2137    8.13047         33 0.0000e+00
    354.000    350.036    -0.3542  28.310735    -0.3527  28.309906     4.8735     5.1519    -0.0038    95.8299 1.0000e-12  -74.17530 -113.34488  23.078678      99.65 1.5566e+03    868.762      20851  1029.1776  1029.1753    34.2184    34.2157    8.12921         31 0.0000e+00
    355.000    351.025    -0.3483  28.317740    -0.3467  28.316838     4.8780     5.1452    -0.0051    95.8526 1.0000e-12  -74.17530 -113.34489  23.078693      99.65 1.5568e+03    870.054      20882  1029.1837  1029.1813    34.2206    34.2177    8.12783         31 0.0000e+00
    356.000    352.013    -0.3453  28.321325    -0.3441  28.320228     4.8799     5.1536    -0.0050    95.8542 1.0000e-12  -74.17530 -113.34488  23.078708      99.64 1.5566e+03    871.368      20914  1029.1891  1029.1868    34.2215    34.2186    8.12715         30 0.0000e+00
    357.000    353.000    -0.3448  28.322300    -0.3434  28.321556     4.8747     5.1477    -0.0164    95.8596 1.0000e-12  -74.17530 -113.34488  23.078723      99.65 1.5566e+03    872.708      20946  1029.1941  1029.1918    34.2216    34.2190    8.12704         32 0.0000e+00
    358.000    353.988    -0.3379  28.330739    -0.3359  28.330097     4.8706     5.1523    -0.0060    95.8464 1.0000e-12  -74.17530 -113.34489  23.078739      99.65 1.5566e+03    874.011      20977  1029.2006  1029.1981    34.2245    34.2214    8.12539         31 0.0000e+00
    359.000    354.977    -0.3301  28.339516    -0.3287  28.338727     4.8729     5.1457    -0.0118    95.8499 1.0000e-12  -74.17530 -113.34488  23.078754      99.65 1.5566e+03    875.303      21008  1029.2068  1029.2046    34.2269    34.2242    8.12360         31 0.0000e+00
    360.000    355.964    -0.3300  28.340029    -0.3285  28.339389     4.8753     5.1366    -0.0129    95.8373 1.0000e-12  -74.17530 -113.34489  23.078768      99.65 1.5566e+03    876.593      21039  1029.2116  1029.2095    34.2268    34.2242    8.12357         31 0.0000e+00
    361.000    356.953    -0.3280  28.342663    -0.3265  28.341974     4.8734     5.1455    -0.0063    95.8102 1.0000e-12  -74.17530 -113.34489  23.078784      80.26 1.5566e+03    877.906      21071  1029.2169  1029.2147    34.2275    34.2249    8.12311         32 0.0000e+00
    362.000    357.941    -0.3252  28.346249    -0.3235  28.345541     4.8712     5.1462    -0.0109    95.8104 1.0000e-12  -74.17530 -113.34488  23.078799      83.50 1.5559e+03    879.239      21103  1029.2224  1029.2200    34.2286    34.2257    8.12246         32 0.0000e+00
    363.000    358.928    -0.3206  28.351822    -0.3191  28.350935     4.8673     5.1450    -0.0072    95.7739 1.0000e-12  -74.17530 -113.34489  23.078814      99.31 1.5551e+03    880.535      21134  1029.2281  1029.2258    34.2302    34.2273    8.12137         30 0.0000e+00
    364.000    359.916    -0.3154  28.358110    -0.3137  28.357437     4.8686     5.1396    -0.0122    95.7612 1.0000e-12  -74.17530 -113.34489  23.078829      99.67 1.5554e+03    881.810      21164  1029.2341  1029.2318    34.2322    34.2294    8.12015         30 0.0000e+00
    365.000    360.904    -0.3124  28.361994    -0.3106  28.361408     4.8631     5.1373    -0.0079    95.7533 1.0000e-12  -74.17530 -113.34489  23.078844      99.65 1.5563e+03    883.144      21196  1029.2397  1029.2374    34.2334    34.2306    8.11944         32 0.0000e+00
    366.000    361.891    -0.3096  28.365685    -0.3078  28.365069     4.8665     5.1362    -0.0036    95.7358 1.0000e-12  -74.17530 -113.34489  23.078860      99.65 1.5551e+03    884.477      21228  1029.2453  1029.2428    34.2346    34.2317    8.11879         31 0.0000e+00
    367.000    362.880    -0.3019  28.374792    -0.3002  28.374055     4.8696     5.1402    -0.0098    95.7411 1.0000e-12  -74.17530 -113.34489  23.078874      99.65 1.5554e+03    885.747      21259  1029.2518  1029.2494    34.2374    34.2346    8.11697         31 0.0000e+00
    368.000    363.868    -0.2976  28.379825    -0.2961  28.379160     4.8686     5.1333    -0.0110    95.7402 1.0000e-12  -74.17530 -113.34489  23.078889      99.65 1.5553e+03    887.037      21290  1029.2574  1029.2552    34.2388    34.2362    8.11598         31 0.0000e+00
    369.000    364.855    -0.2964  28.381624    -0.2948  28.381029     4.8658     5.1324    -0.0100    95.7445 1.0000e-12  -74.17530 -113.34490  23.078905      99.65 1.5543e+03    888.369      21322  1029.2625  1029.2603    34.2392    34.2367    8.11570         32 0.0000e+00
    370.000    365.844    -0.2958  28.382769    -0.2943  28.382064     4.8648     5.1357    -0.0118    95.7413 1.0000e-12  -74.17530 -113.34489  23.078920      99.65 1.5550e+03    889.673      21353  1029.2675  1029.2652    34.2395    34.2368    8.11556         32 0.0000e+00
    371.000    366.832    -0.2947  28.384358    -0.2932  28.383635     4.8594     5.1349    -0.0110    95.7337 1.0000e-12  -74.17530 -113.34489  23.078935      82.40 1.5548e+03    890.978      21384  1029.2725  1029.2702    34.2398    34.2372    8.11531         31 0.0000e+00
    372.000    367.819    -0.2929  28.386813    -0.2913  28.386215     4.8599     5.1357    -0.0110    95.7361 1.0000e-12  -74.17530 -113.34488  23.078950      93.74 1.5531e+03    892.304      21416  1029.2776  1029.2754    34.2404    34.2378    8.11489         31 0.0000e+00
    373.000    368.807    -0.2909  28.389548    -0.2893  28.388903     4.8606     5.1311    -0.0108    95.7428 1.0000e-12  -74.17530 -113.34489  23.078965      99.70 1.5531e+03    893.594      21447  1029.2829  1029.2806    34.2412    34.2385    8.11442         31 0.0000e+00
    374.000    369.794    -0.2891  28.392124    -0.2874  28.391559     4.8606     5.1260    -0.0066    95.7332 1.0000e-12  -74.17530 -113.34489  23.078980      99.65 1.5531e+03    894.898      21479  1029.2882  1029.2859    34.2420    34.2393    8.11398         32 0.0000e+00
    375.000    370.783    -0.2852  28.396968    -0.2836  28.396316     4.8535     5.1292    -0.0065    95.7278 1.0000e-12  -74.17530 -113.34488  23.078995      99.66 1.5545e+03    896.200      21510  1029.2938  1029.2916    34.2435    34.2408    8.11307         31 0.0000e+00
    376.000    371.771    -0.2828  28.399912    -0.2813  28.399200     4.8539     5.1318    -0.0171    95.7422 1.0000e-12  -74.17530 -113.34488  23.079010      99.65 1.5548e+03    897.460      21540  1029.2990  1029.2968    34.2442    34.2415    8.11253         28 0.0000e+00
    377.000    372.758    -0.2790  28.404678    -0.2775  28.403868     4.8578     5.1309    -0.0110    95.7515 1.0000e-12  -74.17530 -113.34488  23.079025      99.66 1.5545e+03    898.788      21572  1029.3047  1029.3024    34.2456    34.2429    8.11163         33 0.0000e+00
    378.000    373.746    -0.2777  28.406638    -0.2761  28.405938     4.8510     5.1302    -0.0082    95.7585 1.0000e-12  -74.17530 -113.34488  23.079041      99.66 1.5547e+03    900.122      21604  1029.3098  1029.3075    34.2462    34.2435    8.11132         31 0.0000e+00
    379.000    374.733    -0.2751  28.410084    -0.2734  28.409332     4.8588     5.1295    -0.0007    95.7567 1.0000e-12  -74.17530 -113.34488  23.079055      99.66 1.5546e+03    901.370      21634  1029.3153  1029.3128    34.2473    34.2444    8.11071         29 0.0000e+00
    380.000    375.723    -0.2669  28.419785    -0.2651  28.419082     4.8580     5.1246    -0.0103    95.7557 1.0000e-12  -74.17530 -113.34489  23.079070      99.66 1.5534e+03    902.655      21665  1029.3219  1029.3194    34.2504    34.2474    8.10878         32 0.0000e+00
    381.000    376.709    -0.2618  28.425978    -0.2600  28.425371     4.8524     5.1228    -0.0109    95.7541 1.0000e-12  -74.17530 -113.34490  23.079086      95.64 1.5533e+03    903.995      21697  1029.3279  1029.3255    34.2523    34.2495    8.10759         32 0.0000e+00
    382.000    377.698    -0.2585  28.430080    -0.2569  28.429443     4.8506     5.1228    -0.0040    95.7378 1.0000e-12  -74.17530 -113.34490  23.079100      82.77 1.5531e+03    905.285      21728  1029.3333  1029.3311    34.2534    34.2509    8.10681         31 0.0000e+00
    383.000    378.685    -0.2569  28.432306    -0.2553  28.431737     4.8472     5.1182    -0.0032    95.7452 1.0000e-12  -74.17530 -113.34490  23.079116      98.75 1.5531e+03    906.580      21759  1029.3385  1029.3363    34.2541    34.2515    8.10645         31 0.0000e+00
    384.000    379.674    -0.2552  28.434906    -0.2536  28.434176     4.8477     5.1122    -0.0112    95.7647 1.0000e-12  -74.17530 -113.34490  23.079131      99.66 1.5531e+03    907.903      21791  1029.3440  1029.3416    34.2550    34.2523    8.10603         32 0.0000e+00
    385.000    380.661    -0.2506  28.440447    -0.2488  28.439862     4.8485     5.1169    -0.0118    95.7827 1.0000e-12  -74.17530 -113.34490  23.079145      99.66 1.5531e+03    909.169      21821  1029.3497  1029.3473    34.2567    34.2539    8.10496         30 0.0000e+00
    386.000    381.649    -0.2480  28.443755    -0.2463  28.443204     4.8450     5.1195    -0.0105    95.7870 1.0000e-12  -74.17530 -113.34490  23.079160      99.66 1.5531e+03    910.458      21852  1029.3550  1029.3527    34.2575    34.2549    8.10436         32 0.0000e+00
    387.000    382.637    -0.2419  28.451286    -0.2398  28.450896     4.8472     5.1137    -0.0036    95.7951 1.0000e-12  -74.17530 -113.34490  23.079176      99.65 1.5531e+03    911.803      21884  1029.3614  1029.3589    34.2601    34.2573    8.10291         32 0.0000e+00
    388.000    383.625    -0.2322  28.462717    -0.2304  28.462097     4.8505     5.1098    -0.0019    95.8258 1.0000e-12  -74.17530 -113.34490  23.079191      99.66 1.5543e+03    913.102      21915  1029.3684  1029.3660    34.2638    34.2610    8.10064         30 0.0000e+00
    389.000    384.613    -0.2287  28.467139    -0.2273  28.466068     4.8432     5.1118    -0.0050    95.8276 1.0000e-12  -74.17530 -113.34490  23.079205      99.66 1.5556e+03    914.355      21946  1029.3740  1029.3716    34.2652    34.2622    8.09981         30 0.0000e+00
    390.000    385.600    -0.2272  28.469069    -0.2255  28.468712     4.8453     5.1108    -0.0144    95.8452 1.0000e-12  -74.17530 -113.34490  23.079221      99.65 1.5547e+03    915.655      21977  1029.3790  1029.3770    34.2655    34.2631    8.09948         28 0.0000e+00
    391.000    386.587    -0.2284  28.468195    -0.2271  28.467369     4.8422     5.1080    -0.0082    95.8482 1.0000e-12  -74.17530 -113.34490  23.079235      99.66 1.5542e+03    916.942      22008  1029.3836  1029.3814    34.2651    34.2625    8.09976         30 0.0000e+00
    392.000    387.574    -0.2278  28.469422    -0.2258  28.469164     4.8414     5.1106    -0.0100    95.8435 1.0000e-12  -74.17530 -113.34490  23.079250      86.95 1.5538e+03    918.228      22038  1029.3887  1029.3865    34.2655    34.2629    8.09961         32 0.0000e+00
    393.000    388.565    -0.2268  28.471023    -0.2251  28.470452     4.8408     5.1106    -0.0105    95.8239 1.0000e-12  -74.17530 -113.34490  23.079265      93.86 1.5552e+03    919.539      22070  1029.3937  1029.3915    34.2658    34.2632    8.09937         29 0.0000e+00
    394.000    389.551    -0.2266  28.471635    -0.2251  28.470884     4.8392     5.1106    -0.0040    95.7920 1.0000e-12  -74.17530 -113.34490  23.079280      99.73 1.5550e+03    920.827      22101  1029.3985  1029.3962    34.2659    34.2632    8.09933         30 0.0000e+00
    395.000    390.539    -0.2259  28.472807    -0.2244  28.472183     4.8441     5.1115    -0.0102    95.7378 1.0000e-12  -74.17530 -113.34490  23.079295      99.66 1.5534e+03    922.073      22131  1029.4034  1029.4012    34.2660    34.2635    8.09918         30 0.0000e+00
    396.000    391.526    -0.2251  28.474310    -0.2233  28.473864     4.8384     5.1122    -0.0079    95.7183 1.0000e-12  -74.17530 -113.34490  23.079310      99.66 1.5545e+03    923.354      22162  1029.4085  1029.4062    34.2666    34.2639    8.09898         31 0.0000e+00
    397.000    392.515    -0.2229  28.477150    -0.2212  28.476555     4.8392     5.1120    -0.0072    95.6908 1.0000e-12  -74.17530 -113.34490  23.079325      99.66 1.5562e+03    924.644      22192  1029.4136  1029.4114    34.2672    34.2646    8.09846         31 0.0000e+00
    398.000    393.502    -0.2214  28.479175    -0.2198  28.478657     4.8432     5.1112    -0.0160    95.6721 1.0000e-12  -74.17530 -113.34490  23.079339      99.66 1.5553e+03    925.919      22223  1029.4186  1029.4165    34.2677    34.2651    8.09813         31 0.0000e+00
    399.000    394.490    -0.2208  28.480282    -0.2195  28.479436     4.8355     5.1007    -0.0125    95.6574 1.0000e-12  -74.17530 -113.34490  23.079355      99.67 1.5538e+03    927.241      22255  1029.4235  1029.4213    34.2679    34.2652    8.09799         32 0.0000e+00
    400.000    395.479    -0.2195  28.482188    -0.2177  28.481867     4.8304     5.1070    -0.0118    95.6274 1.0000e-12  -74.17530 -113.34490  23.079369      99.66 1.5536e+03    928.526      22286  1029.4286  1029.4265    34.2684    34.2659    8.09769         30 0.0000e+00
    401.000    396.465    -0.2176  28.484850    -0.2160  28.484226     4.8370     5.1095    -0.0166    95.6026 1.0000e-12  -74.17530 -113.34490  23.079384      99.66 1.5531e+03    929.778      22316  1029.4338  1029.4316    34.2691    34.2665    8.09723         31 0.0000e+00
    402.000    397.452    -0.2169  28.486056    -0.2152  28.485468     4.8394     5.1092    -0.0072    95.5957 1.0000e-12  -74.17530 -113.34490  23.079399      94.38 1.5531e+03    931.108      22348  1029.4387  1029.4364    34.2694    34.2667    8.09708         31 0.0000e+00
    403.000    398.441    -0.2157  28.487792    -0.2141  28.487221     4.8359     5.1007     0.0031    95.5691 1.0000e-12  -74.17530 -113.34490  23.079415      95.93 1.5531e+03    932.458      22380  1029.4437  1029.4415    34.2698    34.2672    8.09680         31 0.0000e+00
    404.000    399.428    -0.2157  28.488424    -0.2141  28.487714     4.8384     5.1036    -0.0066    95.5474 1.0000e-12  -74.17530 -113.34490  23.079429      99.65 1.5531e+03    933.685      22409  1029.4486  1029.4463    34.2700    34.2672    8.09678         28 0.0000e+00
    405.000    400.417    -0.2160  28.488263    -0.2142  28.487962     4.8394     5.1041    -0.0112    95.5442 1.0000e-12  -74.17530 -113.34490  23.079443      99.65 1.5531e+03    934.909      22439  1029.4531  1029.4510    34.2695    34.2671    8.09687         31 0.0000e+00
    406.000    401.404    -0.2165  28.488214    -0.2151  28.487570     4.8351     5.1056    -0.0109    95.5506 1.0000e-12  -74.17530 -113.34490  23.079459      99.67 1.5531e+03    936.236      22471  1029.4578  1029.4557    34.2694    34.2669    8.09699         32 0.0000e+00
