ocean_section_plots/required_files/ctd/dnbp2202_ctd070.cnv
* Sea-Bird SBE 9 Data File:
* FileName = D:\Data\raw\NBP2202_CTD070.hex
* Software Version Seasave V 7.26.7.121
* Temperature SN = 1649
* Conductivity SN = 2513
* Number of Bytes Per Scan = 40
* Number of Voltage Words = 5
* Number of Scans Averaged by the Deck Unit = 1
* NMEA Latitude = 74 13.20 S
* NMEA Longitude = 112 13.23 W
* NMEA UTC (Time) = Jan 26 2022  02:45:50
* NMEA baud rate = 9600
** Ship: RVIB N.B. Palmer
** Cruise: NBP2202 Thwaites
** Station: 51
** Operator: A. Robinson
** N-S Transect Line
# nquan = 25
# nvalues = 938                         
# units = specified
# name 0 = prDM: Pressure, Digiquartz [db]
# name 1 = depSM: Depth [salt water, m]
# name 2 = t090C: Temperature [ITS-90, deg C]
# name 3 = c0mS/cm: Conductivity [mS/cm]
# name 4 = t190C: Temperature, 2 [ITS-90, deg C]
# name 5 = c1mS/cm: Conductivity, 2 [mS/cm]
# name 6 = sbeox0ML/L: Oxygen, SBE 43 [ml/l]
# name 7 = sbeox1ML/L: Oxygen, SBE 43, 2 [ml/l]
# name 8 = flECO-AFL: Fluorescence, WET Labs ECO-AFL/FL [mg/m^3]
# name 9 = CStarTr0: Beam Transmission, WET Labs C-Star [%]
# name 10 = par: PAR/Irradiance, Biospherical/Licor
# name 11 = latitude: Latitude [deg]
# name 12 = longitude: Longitude [deg]
# name 13 = timeJ: Julian Days
# name 14 = altM: Altimeter [m]
# name 15 = spar: SPAR, Biospherical/Licor
# name 16 = timeS: Time, Elapsed [seconds]
# name 17 = scan: Scan Count
# name 18 = density00: Density [density, kg/m^3]
# name 19 = density11: Density, 2 [density, kg/m^3]
# name 20 = sal00: Salinity, Practical [PSU]
# name 21 = sal11: Salinity, Practical, 2 [PSU]
# name 22 = oxsolML/L: Oxygen Saturation, Garcia & Gordon [ml/l]
# name 23 = nbin: number of scans per bin
# name 24 = flag: flag
# span 0 =      2.000,    939.000       
# span 1 =      1.982,    927.180       
# span 2 =    -1.4900,     0.5692       
# span 3 =  27.146357,  29.617587       
# span 4 =    -1.4897,     0.5712       
# span 5 =  27.145794,  29.617439       
# span 6 =     4.5351,     8.3259       
# span 7 =     4.6607,     8.6784       
# span 8 =    -0.0207,    26.8398       
# span 9 =    69.7299,    95.6677       
# span 10 = 1.0000e-12, 1.1920e+02      
# span 11 =  -74.22000,  -74.22000      
# span 12 = -112.22066, -112.22061      
# span 13 =  26.118204,  26.132770      
# span 14 =       4.29,     100.16      
# span 15 = 2.7417e+02, 3.0006e+02      
# span 16 =    262.846,   1521.339      
# span 17 =       6309,      36513      
# span 18 =  1027.1984,  1032.1405      
# span 19 =  1027.1989,  1032.1382      
# span 20 =    33.8076,    34.5674      
# span 21 =    33.8080,    34.5650      
# span 22 =    7.91663,    8.39008      
# span 23 =         22,         49      
# span 24 = 0.0000e+00, 0.0000e+00      
# interval = decibars: 1                
# start_time = Jan 26 2022 02:45:50 [NMEA time, header]
# bad_flag = -9.990e-29
*END*
[from data line 522]
    524.000    517.919    -0.2153  28.589907    -0.2136  28.588754     5.0274     5.1929    -0.0071    95.3774 1.0000e-12  -74.22000 -112.22062  26.126194      99.85 2.8986e+02    953.139      22876  1030.0647  1030.0619    34.3331    34.3297    8.09310         26 0.0000e+00
    525.000    518.908    -0.2070  28.598118    -0.2047  28.597904     5.0150     5.1774     0.0050    95.3853 1.0000e-12  -74.22000 -112.22062  26.126206      99.85 2.8912e+02    954.229      22902  1030.0699  1030.0674    34.3342    34.3312    8.09129         27 0.0000e+00
    526.000    519.896    -0.2000  28.605416    -0.1983  28.604478     5.0129     5.1741     0.0039    95.3674 1.0000e-12  -74.22000 -112.22062  26.126220      99.86 2.8911e+02    955.384      22930  1030.0752  1030.0726    34.3354    34.3323    8.08973         29 0.0000e+00
    527.000    520.881    -0.1933  28.612133    -0.1923  28.610666     5.0046     5.1669     0.0050    95.3889 1.0000e-12  -74.22000 -112.22062  26.126235      99.85 2.8911e+02    956.666      22961  1030.0803  1030.0778    34.3362    34.3331    8.08826         31 0.0000e+00
    528.000    521.869    -0.1915  28.614316    -0.1899  28.613370     4.9724     5.1436     0.0046    95.3981 1.0000e-12  -74.22000 -112.22062  26.126249      99.85 2.8911e+02    957.937      22991  1030.0854  1030.0829    34.3365    34.3334    8.08787         29 0.0000e+00
    529.000    522.856    -0.1714  28.634925    -0.1696  28.633360     4.9431     5.1233     0.0053    95.3795 1.0000e-12  -74.22000 -112.22062  26.126263      81.09 2.8839e+02    959.097      23019  1030.0919  1030.0886    34.3407    34.3366    8.08337         27 0.0000e+00
    530.000    523.843    -0.1507  28.654479    -0.1486  28.653853     4.9509     5.1113     0.0053    95.3731 1.0000e-12  -74.22000 -112.22062  26.126275      95.91 2.8852e+02    960.199      23046  1030.0967  1030.0941    34.3428    34.3397    8.07886         27 0.0000e+00
    531.000    524.830    -0.1422  28.662919    -0.1414  28.661251     4.9397     5.1056    -0.0006    95.3881 1.0000e-12  -74.22000 -112.22062  26.126288      99.80 2.8878e+02    961.319      23073  1030.1019  1030.0994    34.3439    34.3408    8.07701         27 0.0000e+00
    532.000    525.817    -0.1342  28.670993    -0.1330  28.669672     4.9249     5.0932     0.0034    95.4006 1.0000e-12  -74.22000 -112.22062  26.126302      99.86 2.8898e+02    962.499      23101  1030.1071  1030.1045    34.3451    34.3420    8.07525         29 0.0000e+00
    533.000    526.804    -0.1290  28.676411    -0.1271  28.675694     4.9220     5.0807     0.0051    95.3676 1.0000e-12  -74.22000 -112.22062  26.126316      99.85 2.8911e+02    963.713      23130  1030.1123  1030.1096    34.3459    34.3427    8.07411         29 0.0000e+00
    534.000    527.791    -0.1192  28.686447    -0.1171  28.685870     4.9129     5.0788     0.0054    95.3881 1.0000e-12  -74.22000 -112.22062  26.126330      99.85 2.8911e+02    964.912      23159  1030.1177  1030.1151    34.3475    34.3445    8.07194         29 0.0000e+00
    535.000    528.780    -0.1133  28.692348    -0.1114  28.691667     4.9046     5.0719     0.0047    95.3949 1.0000e-12  -74.22000 -112.22062  26.126343      99.85 2.8911e+02    966.071      23187  1030.1226  1030.1201    34.3482    34.3452    8.07066         27 0.0000e+00
    536.000    529.766    -0.1113  28.694699    -0.1099  28.693644     4.9028     5.0652    -0.0024    95.3800 1.0000e-12  -74.22000 -112.22062  26.126357      99.85 2.8867e+02    967.223      23214  1030.1277  1030.1252    34.3485    34.3455    8.07022         28 0.0000e+00
    537.000    530.753    -0.1057  28.701145    -0.1040  28.700066     4.9058     5.0590    -0.0009    95.3727 1.0000e-12  -74.22000 -112.22062  26.126370      99.86 2.8849e+02    968.380      23242  1030.1335  1030.1306    34.3502    34.3468    8.06895         28 0.0000e+00
    538.000    531.740    -0.0989  28.708276    -0.0973  28.707311     4.8955     5.0484     0.0059    95.3937 1.0000e-12  -74.22000 -112.22062  26.126384      99.85 2.8848e+02    969.562      23270  1030.1387  1030.1362    34.3514    34.3483    8.06744         28 0.0000e+00
    539.000    532.726    -0.0891  28.718369    -0.0871  28.717621     4.8860     5.0440     0.0101    95.4087 1.0000e-12  -74.22000 -112.22062  26.126398      98.15 2.8858e+02    970.774      23300  1030.1442  1030.1414    34.3532    34.3500    8.06527         30 0.0000e+00
    540.000    533.714    -0.0819  28.725808    -0.0775  28.727372     4.8815     5.0286     0.0051    95.4112 1.0000e-12  -74.22000 -112.22062  26.126412      76.36 2.8886e+02    971.977      23328  1030.1494  1030.1468    34.3544    34.3516    8.06368         28 0.0000e+00
    541.000    534.702    -0.0760  28.731605    -0.0743  28.730811     4.8437     5.0159     0.0035    95.4048 1.0000e-12  -74.22000 -112.22062  26.126425      94.12 2.8830e+02    973.138      23356  1030.1542  1030.1517    34.3549    34.3519    8.06242         28 0.0000e+00
    542.000    535.687    -0.0573  28.750003    -0.0542  28.750054     4.8469     5.0039     0.0053    95.4016 1.0000e-12  -74.22000 -112.22062  26.126439      99.81 2.8761e+02    974.287      23384  1030.1596  1030.1567    34.3577    34.3543    8.05831         27 0.0000e+00
    543.000    536.676    -0.0508  28.756409    -0.0486  28.755843     4.8357     4.9897     0.0134    95.3979 1.0000e-12  -74.22000 -112.22062  26.126452      99.86 2.8875e+02    975.464      23412  1030.1645  1030.1617    34.3583    34.3551    8.05691         29 0.0000e+00
    544.000    537.661    -0.0369  28.769997    -0.0338  28.770253     4.8280     4.9855     0.0143    95.3788 1.0000e-12  -74.22000 -112.22062  26.126466      99.85 2.8794e+02    976.677      23441  1030.1696  1030.1669    34.3601    34.3570    8.05388         30 0.0000e+00
    545.000    538.650    -0.0327  28.774687    -0.0307  28.773911     4.8179     4.9841     0.0143    95.3352 1.0000e-12  -74.22000 -112.22062  26.126480      99.85 2.8735e+02    977.888      23470  1030.1749  1030.1722    34.3610    34.3578    8.05294         28 0.0000e+00
    546.000    539.636    -0.0320  28.775863    -0.0300  28.775502     4.8138     4.9842     0.0143    95.4305 1.0000e-12  -74.22000 -112.22062  26.126494      99.85 2.8794e+02    979.044      23498  1030.1799  1030.1775    34.3612    34.3585    8.05279         27 0.0000e+00
    547.000    540.623    -0.0329  28.775554    -0.0311  28.774990     4.8356     4.9839     0.0130    95.4215 1.0000e-12  -74.22000 -112.22062  26.126507      99.85 2.8773e+02    980.169      23525  1030.1849  1030.1826    34.3612    34.3585    8.05298         28 0.0000e+00
    548.000    541.611    -0.0354  28.773468    -0.0339  28.772706     4.8527     4.9936     0.0022    95.3977 1.0000e-12  -74.22000 -112.22062  26.126520      99.85 2.8743e+02    981.361      23554  1030.1896  1030.1873    34.3607    34.3580    8.05354         27 0.0000e+00
    549.000    542.596    -0.0376  28.772181    -0.0355  28.771627     4.8476     5.0011     0.0122    95.3853 1.0000e-12  -74.22000 -112.22062  26.126535      99.85 2.8797e+02    982.602      23583  1030.1948  1030.1922    34.3608    34.3578    8.05399         29 0.0000e+00
    550.000    543.585    -0.0440  28.767172    -0.0423  28.766538     4.8364     4.9959     0.0069    95.3929 1.0000e-12  -74.22000 -112.22062  26.126548      99.85 2.8742e+02    983.781      23612  1030.2002  1030.1978    34.3609    34.3581    8.05534         28 0.0000e+00
    551.000    544.572    -0.0404  28.772108    -0.0379  28.771675     4.8368     4.9964     0.0069    95.3988 1.0000e-12  -74.22000 -112.22062  26.126561      82.21 2.8735e+02    984.915      23639  1030.2060  1030.2032    34.3627    34.3594    8.05447         27 0.0000e+00
    552.000    545.559    -0.0287  28.783529    -0.0265  28.783165     4.8253     4.9838     0.0069    95.4238 1.0000e-12  -74.22000 -112.22062  26.126575      94.61 2.8735e+02    986.053      23666  1030.2109  1030.2084    34.3641    34.3612    8.05193         27 0.0000e+00
    553.000    546.545    -0.0246  28.788039    -0.0225  28.787635     4.8167     4.9800     0.0069    95.4147 1.0000e-12  -74.22000 -112.22062  26.126588      99.91 2.8735e+02    987.220      23694  1030.2159  1030.2135    34.3649    34.3620    8.05102         29 0.0000e+00
    554.000    547.533    -0.0193  28.793477    -0.0172  28.793246     4.8315     4.9946     0.0108    95.4301 1.0000e-12  -74.22000 -112.22062  26.126602      99.85 2.8735e+02    988.432      23723  1030.2209  1030.2185    34.3656    34.3629    8.04988         30 0.0000e+00
    555.000    548.520    -0.0289  28.785636    -0.0259  28.786389     4.8435     4.9982     0.0090    95.4064 1.0000e-12  -74.22000 -112.22062  26.126616      99.85 2.8735e+02    989.654      23753  1030.2264  1030.2243    34.3654    34.3631    8.05190         28 0.0000e+00
    556.000    549.506    -0.0349  28.782131    -0.0332  28.781671     4.8504     4.9963     0.0177    95.4239 1.0000e-12  -74.22000 -112.22062  26.126630      99.84 2.8735e+02    990.811      23780  1030.2329  1030.2308    34.3669    34.3644    8.05309         27 0.0000e+00
    557.000    550.493    -0.0331  28.784827    -0.0313  28.784190     4.8387     4.9961     0.0216    95.4169 1.0000e-12  -74.22000 -112.22062  26.126643      99.85 2.8735e+02    991.917      23807  1030.2382  1030.2358    34.3678    34.3649    8.05265         27 0.0000e+00
    558.000    551.481    -0.0316  28.786582    -0.0301  28.785792     4.8329     4.9945     0.0039    95.4149 1.0000e-12  -74.22000 -112.22062  26.126656      99.85 2.8735e+02    993.054      23834  1030.2429  1030.2406    34.3679    34.3652    8.05234         28 0.0000e+00
    559.000    552.467    -0.0296  28.789121    -0.0280  28.788347     4.8439     4.9955     0.0054    95.4121 1.0000e-12  -74.22000 -112.22062  26.126670      99.85 2.8735e+02    994.258      23863  1030.2479  1030.2455    34.3685    34.3656    8.05189         29 0.0000e+00
    560.000    553.455    -0.0270  28.792145    -0.0254  28.791499     4.8329     4.9961     0.0064    95.4256 1.0000e-12  -74.22000 -112.22062  26.126684      99.86 2.8735e+02    995.475      23892  1030.2527  1030.2505    34.3689    34.3662    8.05130         29 0.0000e+00
    561.000    554.441    -0.0238  28.796341    -0.0225  28.795202     4.8257     4.9937    -0.0013    95.4082 1.0000e-12  -74.22000 -112.22062  26.126697      99.85 2.8735e+02    996.663      23921  1030.2583  1030.2558    34.3702    34.3673    8.05055         28 0.0000e+00
    562.000    555.429    -0.0189  28.802500    -0.0170  28.801966     4.8270     4.9817    -0.0001    95.3983 1.0000e-12  -74.22000 -112.22062  26.126711      98.73 2.8735e+02    997.811      23948  1030.2642  1030.2618    34.3723    34.3695    8.04940         28 0.0000e+00
    563.000    556.415    -0.0138  28.808349    -0.0121  28.807657     4.8311     4.9713     0.0045    95.3811 1.0000e-12  -74.22000 -112.22062  26.126724      85.38 2.8735e+02    998.966      23976  1030.2697  1030.2673    34.3738    34.3709    8.04826         28 0.0000e+00
    564.000    557.403    -0.0108  28.811752    -0.0086  28.811675     4.8306     4.9769    -0.0014    95.4209 1.0000e-12  -74.22000 -112.22062  26.126738      97.56 2.8735e+02   1000.164      24005  1030.2747  1030.2724    34.3744    34.3718    8.04760         29 0.0000e+00
    565.000    558.388    -0.0091  28.814087    -0.0071  28.813784     4.8195     4.9791     0.0020    95.4074 1.0000e-12  -74.22000 -112.22062  26.126752      99.87 2.8735e+02   1001.366      24034  1030.2797  1030.2775    34.3749    34.3723    8.04720         28 0.0000e+00
    566.000    559.376    -0.0067  28.816883    -0.0050  28.816339     4.8199     4.9729     0.0097    95.4006 1.0000e-12  -74.22000 -112.22062  26.126765      99.85 2.8735e+02   1002.513      24061  1030.2846  1030.2824    34.3754    34.3727    8.04667         27 0.0000e+00
    567.000    560.364    -0.0070  28.817040    -0.0051  28.816713     4.8179     4.9718     0.0035    95.4334 1.0000e-12  -74.22000 -112.22062  26.126778      99.85 2.8735e+02   1003.649      24089  1030.2894  1030.2872    34.3753    34.3728    8.04674         28 0.0000e+00
    568.000    561.350    -0.0062  28.818464    -0.0046  28.817650     4.8201     4.9763     0.0075    95.4415 1.0000e-12  -74.22000 -112.22062  26.126792      99.85 2.8735e+02   1004.836      24117  1030.2945  1030.2919    34.3758    34.3728    8.04655         29 0.0000e+00
    569.000    562.339     0.0040  28.830316     0.0060  28.829884     4.7987     4.9698     0.0067    95.4344 1.0000e-12  -74.22000 -112.22062  26.126806      99.85 2.8735e+02   1006.072      24147  1030.3011  1030.2987    34.3794    34.3766    8.04420         30 0.0000e+00
    570.000    563.322     0.0078  28.835681     0.0094  28.834902     4.8153     4.9618     0.0035    95.4314 1.0000e-12  -74.22000 -112.22062  26.126820      99.84 2.8735e+02   1007.271      24176  1030.3073  1030.3050    34.3816    34.3788    8.04327         28 0.0000e+00
    571.000    564.311     0.0145  28.843816     0.0164  28.843271     4.7930     4.9687     0.0007    95.4406 1.0000e-12  -74.22000 -112.22062  26.126834      99.86 2.8696e+02   1008.431      24203  1030.3136  1030.3112    34.3842    34.3814    8.04172         28 0.0000e+00
    572.000    565.299     0.0198  28.850081     0.0217  28.849580     4.7895     4.9603     0.0056    95.4130 1.0000e-12  -74.22000 -112.22062  26.126847      99.85 2.8676e+02   1009.588      24231  1030.3194  1030.3171    34.3860    34.3833    8.04051         27 0.0000e+00
    573.000    566.284     0.0256  28.857176     0.0273  28.856337     4.7991     4.9571     0.0067    95.4422 1.0000e-12  -74.22000 -112.22062  26.126860      77.49 2.8656e+02   1010.730      24259  1030.3255  1030.3229    34.3883    34.3853    8.03916         27 0.0000e+00
    574.000    567.273     0.0319  28.864806     0.0340  28.864381     4.7908     4.9530     0.0138    95.4480 1.0000e-12  -74.22000 -112.22062  26.126873      85.20 2.8672e+02   1011.865      24286  1030.3316  1030.3292    34.3907    34.3879    8.03770         28 0.0000e+00
    575.000    568.257     0.0326  28.865913     0.0343  28.865383     4.7869     4.9511     0.0143    95.4468 1.0000e-12  -74.22000 -112.22063  26.126887      99.78 2.8668e+02   1013.035      24314  1030.3365  1030.3342    34.3908    34.3882    8.03755         29 0.0000e+00
    576.000    569.245     0.0341  28.867846     0.0360  28.867309     4.7913     4.9557     0.0143    95.4337 1.0000e-12  -74.22000 -112.22062  26.126901      99.84 2.8641e+02   1014.262      24343  1030.3414  1030.3390    34.3911    34.3883    8.03722         30 0.0000e+00
    577.000    570.233     0.0369  28.871289     0.0382  28.870133     4.7882     4.9445     0.0096    95.4517 1.0000e-12  -74.22000 -112.22064  26.126915      99.86 2.8697e+02   1015.481      24373  1030.3466  1030.3441    34.3920    34.3890    8.03659         28 0.0000e+00
    578.000    571.220     0.0412  28.876468     0.0438  28.876647     4.7894     4.9451    -0.0006    95.4618 1.0000e-12  -74.22000 -112.22063  26.126929      99.85 2.8603e+02   1016.644      24400  1030.3521  1030.3497    34.3934    34.3907    8.03561         28 0.0000e+00
    579.000    572.207     0.0500  28.886070     0.0526  28.886244     4.7801     4.9394     0.0015    95.4522 1.0000e-12  -74.22000 -112.22064  26.126942      99.85 2.8611e+02   1017.793      24428  1030.3579  1030.3556    34.3956    34.3930    8.03364         27 0.0000e+00
    580.000    573.193     0.0561  28.892613     0.0573  28.891716     4.7864     4.9447     0.0065    95.3842 1.0000e-12  -74.22000 -112.22064  26.126956      99.85 2.8628e+02   1018.958      24456  1030.3631  1030.3609    34.3969    34.3943    8.03230         28 0.0000e+00
