ocean_section_plots/required_files/ctd/dnbp2202_ctd126.cnv
* Sea-Bird SBE 9 Data File:
* FileName = D:\Data\raw\NBP2202_CTD126.hex
* Software Version Seasave V 7.26.7.121
* Temperature SN = 1649
* Conductivity SN = 2513
* Number of Bytes Per Scan = 40
* Number of Voltage Words = 5
* Number of Scans Averaged by the Deck Unit = 1
* NMEA Latitude = 74 10.52 S
* NMEA Longitude = 113 20.65 W
* NMEA UTC (Time) = Jan 27 2022  13:06:03
* NMEA baud rate = 9600
** Ship: RVIB N.B. Palmer
** Cruise: NBP2202 Thwaites
** Station: YoYo001
** Operator: B. Bjork
# nquan = 25
# nvalues = 610                         
# units = specified
# name 0 = prDM: Pressure, Digiquartz [db]
# name 1 = depSM: Depth [salt water, m]
# name 2 = t090C: Temperature [ITS-90, deg C]
# name 3 = c0mS/cm: Conductivity [mS/cm]
# name 4 = t190C: Temperature, 2 [ITS-90, deg C]
# name 5 = c1mS/cm: Conductivity, 2 [mS/cm]
# name 6 = sbeox0ML/L: Oxygen, SBE 43 [ml/l]
# name 7 = sbeox1ML/L: Oxygen, SBE 43, 2 [ml/l]
# name 8 = flECO-AFL: Fluorescence, WET Labs ECO-AFL/FL [mg/m^3]
# name 9 = CStarTr0: Beam Transmission, WET Labs C-Star [%]
# name 10 = par: PAR/Irradiance, Biospherical/Licor
# name 11 = latitude: Latitude [deg]
# name 12 = longitude: Longitude [deg]
# name 13 = timeJ: Julian Days
# name 14 = altM: Altimeter [m]
# name 15 = spar: SPAR, Biospherical/Licor
# name 16 = timeS: Time, Elapsed [seconds]
# name 17 = scan: Scan Count
# name 18 = density00: Density [density, kg/m^3]
# name 19 = density11: Density, 2 [density, kg/m^3]
# name 20 = sal00: Salinity, Practical [PSU]
# name 21 = sal11: Salinity, Practical, 2 [PSU]
# name 22 = oxsolML/L: Oxygen Saturation, Garcia & Gordon [ml/l]
# name 23 = nbin: number of scans per bin
# name 24 = flag: flag
# span 0 =     10.000,    619.000       
# span 1 =      9.897,    611.671       
# span 2 =    -1.4317,     0.0731       
# span 3 =  27.001458,  28.908612       
# span 4 =    -1.4304,     0.0751       
# span 5 =  27.001011,  28.908441       
# span 6 =     4.6830,     7.9229       
# span 7 =     4.7325,     7.9443       
# span 8 =    -0.0224,    24.2464       
# span 9 =    71.6524,    95.6401       
# span 10 = -4.689e-06, 4.5136e+00      
# span 11 =  -74.17536,  -74.17536      
# span 12 = -113.34430, -113.34426      
# span 13 =  27.546279,  27.554746      
# span 14 =       3.59,     107.31      
# span 15 = 1.7981e+02, 2.5738e+02      
# span 16 =     35.530,    767.082      
# span 17 =        854,      18411      
# span 18 =  1027.2308,  1030.5296      
# span 19 =  1027.2300,  1030.5273      
# span 20 =    33.7959,    34.3762      
# span 21 =    33.7945,    34.3738      
# span 22 =    8.02989,    8.38431      
# span 23 =          6,         45      
# span 24 = 0.0000e+00, 0.0000e+00      
# interval = decibars: 1                
# start_time = Jan 27 2022 13:06:03 [NMEA time, header]
# bad_flag = -9.990e-29
*END*
[from data line 290]
    300.000    296.679    -0.4973  28.127158    -0.4960  28.125725     4.8698     4.9256    -0.0103    95.2207 1.0000e-12  -74.17536 -113.34427  27.549826      99.86 2.1481e+02    341.994       8209  1028.8871  1028.8843    34.1661    34.1628    8.16292         23 0.0000e+00
    301.000    297.667    -0.4953  28.129422    -0.4934  28.128806     4.8605     4.9190    -0.0121    95.2072 1.0000e-12  -74.17536 -113.34427  27.549837      99.87 2.1507e+02    342.959       8232  1028.8919  1028.8894    34.1663    34.1633    8.16247         23 0.0000e+00
    302.000    298.658    -0.4928  28.132669    -0.4924  28.130476     4.8596     4.9103    -0.0112    95.2039 1.0000e-12  -74.17536 -113.34427  27.549849      99.86 2.1507e+02    343.912       8255  1028.8973  1028.8946    34.1672    34.1639    8.16188         23 0.0000e+00
    303.000    299.644    -0.4829  28.142886    -0.4835  28.139629     4.8583     4.9105    -0.0163    95.2150 1.0000e-12  -74.17536 -113.34427  27.549860      99.86 2.1507e+02    344.869       8278  1028.9030  1028.9001    34.1692    34.1655    8.15964         23 0.0000e+00
    304.000    300.632    -0.4811  28.145075    -0.4801  28.143637     4.8568     4.9094    -0.0169    95.2140 1.0000e-12  -74.17536 -113.34427  27.549871      99.86 2.1507e+02    345.827       8301  1028.9079  1028.9055    34.1695    34.1665    8.15924         23 0.0000e+00
    305.000    301.622    -0.4854  28.141216    -0.4842  28.140092     4.8569     4.9067    -0.0138    95.1962 1.0000e-12  -74.17536 -113.34427  27.549882      99.86 2.1507e+02    346.782       8324  1028.9123  1028.9100    34.1685    34.1657    8.16021         23 0.0000e+00
    306.000    302.607    -0.4830  28.144791    -0.4804  28.145055     4.8640     4.9131    -0.0058    95.2016 1.0000e-12  -74.17536 -113.34427  27.549893      99.86 2.1507e+02    347.744       8347  1028.9182  1028.9159    34.1700    34.1674    8.15961         23 0.0000e+00
    307.000    303.598    -0.4829  28.145635    -0.4808  28.144987     4.8730     4.9313    -0.0061    95.2072 1.0000e-12  -74.17536 -113.34427  27.549904      99.86 2.1507e+02    348.706       8370  1028.9233  1028.9206    34.1704    34.1672    8.15956         23 0.0000e+00
    308.000    304.586    -0.4837  28.145709    -0.4820  28.144926     4.8818     4.9362    -0.0109    95.2219 1.0000e-12  -74.17536 -113.34427  27.549915      99.86 2.1507e+02    349.674       8393  1028.9286  1028.9260    34.1709    34.1678    8.15972         23 0.0000e+00
    309.000    305.573    -0.4852  28.146588    -0.4831  28.146250     4.8892     4.9415    -0.0104    95.2190 1.0000e-12  -74.17536 -113.34427  27.549926      77.08 2.1507e+02    350.643       8416  1028.9353  1028.9329    34.1731    34.1703    8.15991         24 0.0000e+00
    310.000    306.560    -0.4821  28.151306    -0.4815  28.148932     4.8945     4.9435    -0.0096    95.2096 1.0000e-12  -74.17536 -113.34427  27.549938      88.47 2.1507e+02    351.617       8440  1028.9417  1028.9385    34.1754    34.1715    8.15912         23 0.0000e+00
    311.000    307.551    -0.4790  28.155546    -0.4778  28.153877     4.8945     4.9463    -0.0105    95.2135 1.0000e-12  -74.17536 -113.34427  27.549949      96.00 2.1507e+02    352.588       8463  1028.9474  1028.9445    34.1769    34.1734    8.15835         21 0.0000e+00
    312.000    308.538    -0.4754  28.160201    -0.4736  28.159725     4.8841     4.9469    -0.0178    95.2126 1.0000e-12  -74.17536 -113.34427  27.549960      99.25 2.1507e+02    353.561       8486  1028.9532  1028.9510    34.1785    34.1758    8.15749         24 0.0000e+00
    313.000    309.526    -0.4755  28.161146    -0.4735  28.160786     4.8937     4.9452    -0.0128    95.2139 1.0000e-12  -74.17536 -113.34427  27.549971      99.85 2.1507e+02    354.531       8510  1028.9587  1028.9564    34.1793    34.1766    8.15747         23 0.0000e+00
    314.000    310.514    -0.4756  28.161811    -0.4731  28.161907     4.9072     4.9610    -0.0107    95.2319 1.0000e-12  -74.17536 -113.34428  27.549982      99.86 2.1507e+02    355.481       8533  1028.9638  1028.9615    34.1797    34.1770    8.15747         22 0.0000e+00
    315.000    311.504    -0.4770  28.161652    -0.4749  28.161508     4.9219     4.9751    -0.0138    95.2409 1.0000e-12  -74.17536 -113.34426  27.549993      99.87 2.1507e+02    356.421       8555  1028.9694  1028.9671    34.1805    34.1779    8.15773         23 0.0000e+00
    316.000    312.490    -0.4810  28.159521    -0.4795  28.158875     4.9232     4.9797    -0.0185    95.2231 1.0000e-12  -74.17536 -113.34428  27.550004      99.86 2.1507e+02    357.364       8578  1028.9752  1028.9731    34.1815    34.1789    8.15852         23 0.0000e+00
    317.000    313.479    -0.4895  28.153788    -0.4883  28.153095     4.9197     4.9721    -0.0179    95.2383 1.0000e-12  -74.17536 -113.34426  27.550015      99.86 2.1645e+02    358.315       8601  1028.9818  1028.9798    34.1828    34.1805    8.16029         23 0.0000e+00
    318.000    314.468    -0.4822  28.161008    -0.4780  28.161999     4.9126     4.9678    -0.0110    95.2452 1.0000e-12  -74.17536 -113.34428  27.550026      99.86 2.1683e+02    359.279       8624  1028.9867  1028.9836    34.1837    34.1803    8.15867         23 0.0000e+00
    319.000    315.455    -0.4757  28.166778    -0.4733  28.166627     4.9128     4.9687    -0.0177    95.2597 1.0000e-12  -74.17536 -113.34426  27.550038      99.86 2.1683e+02    360.265       8647  1028.9907  1028.9882    34.1834    34.1805    8.15727         24 0.0000e+00
    320.000    316.443    -0.4791  28.164302    -0.4758  28.165176     4.9222     4.9670    -0.0117    95.2481 1.0000e-12  -74.17536 -113.34428  27.550049      99.86 2.1683e+02    361.257       8671  1028.9957  1028.9935    34.1834    34.1808    8.15802         24 0.0000e+00
    321.000    317.431    -0.4812  28.163200    -0.4786  28.163310     4.9379     4.9803    -0.0128    95.2608 1.0000e-12  -74.17536 -113.34426  27.550061      99.86 2.1736e+02    362.239       8695  1029.0009  1028.9985    34.1837    34.1809    8.15845         23 0.0000e+00
    322.000    318.420    -0.4824  28.163030    -0.4815  28.161673     4.9383     4.9992    -0.0163    95.2508 1.0000e-12  -74.17536 -113.34428  27.550072      99.86 2.1706e+02    363.214       8718  1029.0061  1029.0038    34.1842    34.1813    8.15867         23 0.0000e+00
    323.000    319.408    -0.4866  28.159903    -0.4917  28.154331     4.9572     5.0056    -0.0189    95.2622 1.0000e-12  -74.17536 -113.34426  27.550083      76.38 2.1714e+02    364.176       8741  1029.0111  1029.0102    34.1840    34.1823    8.15958         23 0.0000e+00
    324.000    320.395    -0.4999  28.150447    -0.4973  28.150578     4.9520     5.0052    -0.0166    95.2722 1.0000e-12  -74.17536 -113.34428  27.550094      92.71 2.1799e+02    365.127       8764  1029.0183  1029.0159    34.1857    34.1830    8.16235         23 0.0000e+00
    325.000    321.383    -0.4954  28.154648    -0.4922  28.155624     4.9517     5.0036    -0.0137    95.2800 1.0000e-12  -74.17536 -113.34426  27.550105      98.88 2.1837e+02    366.080       8787  1029.0227  1029.0205    34.1857    34.1834    8.16138         23 0.0000e+00
    326.000    322.372    -0.4951  28.156028    -0.4919  28.156826     4.9605     5.0149    -0.0106    95.3010 1.0000e-12  -74.17536 -113.34428  27.550116      99.85 2.1860e+02    367.030       8810  1029.0280  1029.0258    34.1866    34.1841    8.16126         23 0.0000e+00
    327.000    323.361    -0.4944  28.157187    -0.4932  28.156123     4.9627     5.0254    -0.0118    95.2881 1.0000e-12  -74.17536 -113.34427  27.550127      99.87 2.1860e+02    367.986       8833  1029.0328  1029.0305    34.1867    34.1840    8.16110         23 0.0000e+00
    328.000    324.349    -0.5053  28.147751    -0.5010  28.149634     4.9654     5.0170    -0.0121    95.2767 1.0000e-12  -74.17536 -113.34427  27.550138      99.86 2.1860e+02    368.952       8856  1029.0376  1029.0355    34.1857    34.1835    8.16350         23 0.0000e+00
    329.000    325.335    -0.5046  28.149511    -0.5029  28.148865     4.9579     5.0089    -0.0128    95.2879 1.0000e-12  -74.17536 -113.34427  27.550150      99.86 2.1860e+02    369.920       8879  1029.0431  1029.0407    34.1868    34.1840    8.16330         23 0.0000e+00
    330.000    326.324    -0.4960  28.158044    -0.4925  28.158496     4.9475     5.0028    -0.0159    95.3090 1.0000e-12  -74.17536 -113.34427  27.550161      99.86 2.1860e+02    370.892       8902  1029.0479  1029.0450    34.1879    34.1845    8.16138         24 0.0000e+00
    331.000    327.312    -0.4875  28.165739    -0.4860  28.164901     4.9458     5.0103    -0.0150    95.2992 1.0000e-12  -74.17536 -113.34428  27.550172      99.86 2.1860e+02    371.859       8926  1029.0521  1029.0498    34.1880    34.1853    8.15954         23 0.0000e+00
    332.000    328.300    -0.4974  28.157411    -0.4951  28.157416     4.9559     5.0129    -0.0160    95.3134 1.0000e-12  -74.17536 -113.34428  27.550183      99.86 2.1860e+02    372.821       8949  1029.0573  1029.0550    34.1875    34.1848    8.16172         23 0.0000e+00
    333.000    329.289    -0.4914  28.163463    -0.4908  28.161851     4.9461     5.0008    -0.0194    95.3169 1.0000e-12  -74.17536 -113.34428  27.550194      99.86 2.1860e+02    373.774       8972  1029.0621  1029.0598    34.1882    34.1854    8.16037         23 0.0000e+00
    334.000    330.276    -0.4966  28.158886    -0.4979  28.155913     4.9396     4.9983    -0.0201    95.3202 1.0000e-12  -74.17536 -113.34428  27.550205      99.86 2.1860e+02    374.723       8994  1029.0665  1029.0647    34.1873    34.1848    8.16155         23 0.0000e+00
    335.000    331.264    -0.4886  28.167499    -0.4827  28.170019     4.9566     5.0115    -0.0122    95.3266 1.0000e-12  -74.17536 -113.34428  27.550216      99.86 2.1860e+02    375.669       9017  1029.0722  1029.0691    34.1893    34.1860    8.15972         22 0.0000e+00
    336.000    332.253    -0.4763  28.177171    -0.4723  28.179586     4.9736     5.0252    -0.0123    95.3291 1.0000e-12  -74.17536 -113.34428  27.550227      99.87 2.1860e+02    376.615       9040  1029.0749  1029.0736    34.1878    34.1865    8.15715         22 0.0000e+00
    337.000    333.239    -0.5072  28.151901    -0.5054  28.152002     4.9822     5.0267    -0.0160    95.2982 1.0000e-12  -74.17536 -113.34428  27.550238      89.72 2.1860e+02    377.569       9063  1029.0823  1029.0806    34.1881    34.1861    8.16378         24 0.0000e+00
    338.000    334.230    -0.5080  28.152089    -0.5055  28.152223     4.9922     5.0393    -0.0185    95.3158 1.0000e-12  -74.17536 -113.34428  27.550249      95.46 2.1860e+02    378.538       9086  1029.0875  1029.0853    34.1886    34.1860    8.16392         23 0.0000e+00
    339.000    335.216    -0.5052  28.154848    -0.5045  28.153401     4.9934     5.0522    -0.0176    95.3384 1.0000e-12  -74.17536 -113.34428  27.550260      99.34 2.2005e+02    379.507       9109  1029.0920  1029.0897    34.1886    34.1858    8.16332         23 0.0000e+00
    340.000    336.205    -0.5139  28.147971    -0.5155  28.144944     4.9985     5.0523    -0.0172    95.3316 1.0000e-12  -74.17536 -113.34428  27.550272      99.87 2.2037e+02    380.495       9133  1029.0973  1029.0957    34.1885    34.1863    8.16521         24 0.0000e+00
    341.000    337.193    -0.5173  28.145960    -0.5157  28.145646     5.0048     5.0555    -0.0129    95.3327 1.0000e-12  -74.17536 -113.34428  27.550283      99.86 2.2036e+02    381.478       9156  1029.1028  1029.1008    34.1891    34.1868    8.16591         24 0.0000e+00
    342.000    338.181    -0.5171  28.146904    -0.5144  28.147198     5.0092     5.0579    -0.0109    95.3360 1.0000e-12  -74.17536 -113.34428  27.550295      99.86 2.2036e+02    382.448       9180  1029.1077  1029.1055    34.1894    34.1869    8.16583         23 0.0000e+00
    343.000    339.169    -0.5180  28.147020    -0.5160  28.146980     5.0089     5.0629    -0.0188    95.3483 1.0000e-12  -74.17536 -113.34428  27.550306      99.86 2.2036e+02    383.415       9203  1029.1130  1029.1110    34.1901    34.1877    8.16600         23 0.0000e+00
    344.000    340.156    -0.5194  28.146820    -0.5169  28.146791     5.0096     5.0663    -0.0115    95.3427 1.0000e-12  -74.17536 -113.34428  27.550317      99.86 2.2036e+02    384.373       9226  1029.1184  1029.1159    34.1908    34.1879    8.16626         23 0.0000e+00
    345.000    341.145    -0.5202  28.147163    -0.5195  28.145021     5.0011     5.0631    -0.0121    95.3515 1.0000e-12  -74.17536 -113.34428  27.550328      99.86 2.2036e+02    385.319       9249  1029.1238  1029.1208    34.1915    34.1879    8.16639         23 0.0000e+00
    346.000    342.132    -0.5133  28.154481    -0.5128  28.152606     4.9985     5.0594    -0.0180    95.3571 1.0000e-12  -74.17536 -113.34428  27.550339      99.86 2.2036e+02    386.264       9271  1029.1290  1029.1266    34.1929    34.1899    8.16481         22 0.0000e+00
    347.000    343.121    -0.5092  28.158960    -0.5080  28.157651     5.0119     5.0655    -0.0160    95.3753 1.0000e-12  -74.17536 -113.34428  27.550350      99.86 2.2036e+02    387.216       9294  1029.1341  1029.1315    34.1938    34.1906    8.16389         23 0.0000e+00
    348.000    344.110    -0.5070  28.161870    -0.5081  28.159035     5.0089     5.0757    -0.0105    95.3894 1.0000e-12  -74.17536 -113.34428  27.550361      99.86 2.2036e+02    388.175       9317  1029.1393  1029.1373    34.1946    34.1920    8.16337         24 0.0000e+00
    349.000    345.096    -0.5140  28.156845    -0.5146  28.154790     5.0087     5.0784    -0.0109    95.3711 1.0000e-12  -74.17536 -113.34428  27.550372      99.87 2.2036e+02    389.148       9341  1029.1451  1029.1434    34.1951    34.1930    8.16484         23 0.0000e+00
    350.000    346.086    -0.5163  28.156021    -0.5138  28.156355     5.0226     5.0817    -0.0128    95.3841 1.0000e-12  -74.17536 -113.34428  27.550383      80.17 2.2036e+02    390.122       9364  1029.1507  1029.1486    34.1960    34.1936    8.16529         23 0.0000e+00
    351.000    347.073    -0.5154  28.157429    -0.5139  28.156583     5.0566     5.1041    -0.0118    95.3593 1.0000e-12  -74.17536 -113.34428  27.550395      92.16 2.2036e+02    391.091       9387  1029.1556  1029.1532    34.1963    34.1934    8.16508         23 0.0000e+00
    352.000    348.059    -0.5134  28.163700    -0.5126  28.162746     5.0686     5.1222    -0.0125    95.3550 1.0000e-12  -74.17536 -113.34428  27.550406      98.83 2.2036e+02    392.048       9410  1029.1646  1029.1628    34.2018    34.1996    8.16433         23 0.0000e+00
    353.000    349.049    -0.5229  28.160954    -0.5206  28.161051     5.0621     5.1267    -0.0045    95.3956 1.0000e-12  -74.17536 -113.34428  27.550417      99.87 2.2036e+02    393.007       9433  1029.1753  1029.1731    34.2082    34.2057    8.16601         23 0.0000e+00
    354.000    350.036    -0.5220  28.165834    -0.5202  28.165525     5.0629     5.1191    -0.0099    95.3998 1.0000e-12  -74.17536 -113.34428  27.550428      99.86 2.2036e+02    393.960       9456  1029.1839  1029.1817    34.2131    34.2106    8.16552         23 0.0000e+00
    355.000    351.026    -0.4865  28.201321    -0.4933  28.191655     5.0485     5.1078    -0.0156    95.4332 1.0000e-12  -74.17536 -113.34428  27.550439      99.87 2.2036e+02    394.912       9479  1029.1913  1029.1878    34.2202    34.2149    8.15749         23 0.0000e+00
    356.000    352.011    -0.4899  28.201762    -0.4833  28.205326     5.0439     5.1015    -0.0198    95.4523 1.0000e-12  -74.17536 -113.34428  27.550450      99.86 2.2124e+02    395.870       9502  1029.1996  1029.1968    34.2240    34.2213    8.15801         23 0.0000e+00
