ocean_section_plots/required_files/ctd/dnbp2202_ctd234.cnv
* Sea-Bird SBE 9 Data File:
* FileName = D:\Data\raw\NBP2202_CTD234.hex
* Software Version Seasave V 7.26.7.121
* Temperature SN = 1649
* Conductivity SN = 2513
* Number of Bytes Per Scan = 40
* Number of Voltage Words = 5
* Number of Scans Averaged by the Deck Unit = 1
* NMEA Latitude = 73 49.60 S
* NMEA Longitude = 113 57.32 W
* NMEA UTC (Time) = Feb 13 2022  10:57:29
* NMEA baud rate = 9600
** Ship: RVIB N.B. Palmer
** Cruise: NBP2202 Thwaites
** Station: 125
** Operator: B. Bjork
** Repeat station
# nquan = 28
# nvalues = 339                         
# units = specified
# name 0 = prDM: Pressure, Digiquartz [db]
# name 1 = depSM: Depth [salt water, m]
# name 2 = t090C: Temperature [ITS-90, deg C]
# name 3 = c0mS/cm: Conductivity [mS/cm]
# name 4 = t190C: Temperature, 2 [ITS-90, deg C]
# name 5 = c1mS/cm: Conductivity, 2 [mS/cm]
# name 6 = sbeox0ML/L: Oxygen, SBE 43 [ml/l]
# name 7 = sbeox1ML/L: Oxygen, SBE 43, 2 [ml/l]
# name 8 = flECO-AFL: Fluorescence, WET Labs ECO-AFL/FL [mg/m^3]
# name 9 = CStarTr0: Beam Transmission, WET Labs C-Star [%]
# name 10 = par: PAR/Irradiance, Biospherical/Licor
# name 11 = latitude: Latitude [deg]
# name 12 = longitude: Longitude [deg]
# name 13 = timeJ: Julian Days
# name 14 = altM: Altimeter [m]
# name 15 = spar: SPAR, Biospherical/Licor
# name 16 = timeS: Time, Elapsed [seconds]
# name 17 = scan: Scan Count
# name 18 = density00: Density [density, kg/m^3]
# name 19 = density11: Density, 2 [density, kg/m^3]
# name 20 = v3: Voltage 3
# name 21 = v4: Voltage 4
# name 22 = v5: Voltage 5
# name 23 = sal00: Salinity, Practical [PSU]
# name 24 = sal11: Salinity, Practical, 2 [PSU]
# name 25 = oxsolML/L: Oxygen Saturation, Garcia & Gordon [ml/l]
# name 26 = nbin: number of scans per bin
# name 27 = flag: flag
# span 0 =      3.000,    341.000       
# span 1 =      2.970,    337.197       
# span 2 =    -1.2591,    -0.5052       
# span 3 =  27.280438,  28.158792       
# span 4 =    -1.2568,    -0.5034       
# span 5 =  27.280592,  28.158333       
# span 6 =     4.9840,     8.6132       
# span 7 =     5.1284,     8.8961       
# span 8 =     0.1097,    18.2140       
# span 9 =    78.1024,    96.4513       
# span 10 = -2.220e-05, 2.0169e+01      
# span 11 =  -73.82672,  -73.82672      
# span 12 = -113.95541, -113.95534      
# span 13 =  44.460015,  44.465208      
# span 14 =      -1.82,     100.20      
# span 15 = 2.0993e+02, 3.1736e+02      
# span 16 =    296.309,    744.991      
# span 17 =       7112,      17881      
# span 18 =  1027.1611,  1029.1048      
# span 19 =  1027.1597,  1029.1026      
# span 20 =     3.7059,     4.5755      
# span 21 =     0.0815,     2.8548      
# span 22 =     0.1286,     0.2536      
# span 23 =    33.7577,    34.1932      
# span 24 =    33.7560,    34.1905      
# span 25 =    8.16306,    8.34147      
# span 26 =         22,         50      
# span 27 = 0.0000e+00, 0.0000e+00      
# interval = decibars: 1                
# start_time = Feb 13 2022 10:57:29 [NMEA time, header]
# bad_flag = -9.990e-29
*END*
[from data line 52]
     55.000     54.424    -0.9793  27.320485    -0.9777  27.320337     8.5496     8.8621    14.0985    79.3860 1.0000e-12  -73.82672 -113.95540  44.461137      99.70 2.7676e+02    393.197       9438  1027.4179  1027.4162     3.7663     2.3701     0.2194    33.7678    33.7658    8.29114         31 0.0000e+00
     56.000     55.414    -0.9788  27.321377    -0.9774  27.321163     8.5489     8.8562    14.5189    78.5924 1.0000e-12  -73.82672 -113.95541  44.461152      99.57 2.7677e+02    394.500       9469  1027.4227  1027.4211     3.7287     2.4738     0.2022    33.7678    33.7659    8.29102         31 0.0000e+00
     57.000     56.404    -0.9790  27.321449    -0.9779  27.321145     8.5503     8.8478    14.0104    78.4939 1.0000e-12  -73.82672 -113.95541  44.461166      94.97 2.7703e+02    395.749       9499  1027.4273  1027.4258     3.7240     2.2259     0.1819    33.7675    33.7658    8.29108         28 0.0000e+00
     58.000     57.392    -0.9797  27.321422    -0.9781  27.321474     8.5481     8.8576    14.1285    81.1237 1.0000e-12  -73.82672 -113.95540  44.461180      99.67 2.7812e+02    396.928       9527  1027.4322  1027.4308     3.8488     2.3879     0.2105    33.7676    33.7659    8.29123         29 0.0000e+00
     59.000     58.382    -0.9794  27.322059    -0.9778  27.322148     8.5503     8.8594    14.3106    79.9058 1.0000e-12  -73.82672 -113.95540  44.461193      99.66 2.7727e+02    398.114       9556  1027.4369  1027.4356     3.7910     2.3899     0.1958    33.7675    33.7659    8.29117         28 0.0000e+00
     60.000     59.371    -0.9797  27.322152    -0.9780  27.322359     8.5450     8.8538    13.6704    78.9160 1.0000e-12  -73.82672 -113.95540  44.461207      99.72 2.7677e+02    399.275       9584  1027.4417  1027.4403     3.7440     2.5315     0.2317    33.7674    33.7658    8.29125         28 0.0000e+00
     61.000     60.361    -0.9795  27.322949    -0.9779  27.323023     8.5455     8.8477    13.7536    78.4819 1.0000e-12  -73.82672 -113.95540  44.461220      99.46 2.7929e+02    400.437       9611  1027.4466  1027.4451     3.7235     2.0849     0.1954    33.7676    33.7659    8.29118         28 0.0000e+00
     62.000     61.350    -0.9793  27.323587    -0.9775  27.323762     8.5470     8.8557    13.8137    81.2948 1.0000e-12  -73.82672 -113.95540  44.461234      99.77 2.8130e+02    401.605       9640  1027.4514  1027.4499     3.8568     2.5561     0.2196    33.7677    33.7659    8.29114         29 0.0000e+00
     63.000     62.340    -0.9785  27.324920    -0.9770  27.324784     8.5513     8.8553    14.2516    80.0506 1.0000e-12  -73.82672 -113.95540  44.461248      99.64 2.7817e+02    402.808       9668  1027.4564  1027.4548     3.7978     2.3057     0.2018    33.7679    33.7660    8.29094         28 0.0000e+00
     64.000     63.329    -0.9794  27.324147    -0.9775  27.324621     8.5448     8.8585    14.9143    80.7076 1.0000e-12  -73.82672 -113.95540  44.461262      99.74 2.7984e+02    404.029       9698  1027.4608  1027.4594     3.8290     2.4569     0.2161    33.7673    33.7658    8.29119         30 0.0000e+00
     65.000     64.318    -0.9778  27.326354    -0.9763  27.326237     8.5517     8.8549    15.2562    78.7372 1.0000e-12  -73.82672 -113.95540  44.461276      99.73 2.8333e+02    405.262       9727  1027.4659  1027.4643     3.7356     2.4964     0.2201    33.7679    33.7660    8.29080         30 0.0000e+00
     66.000     65.309    -0.9787  27.325796    -0.9771  27.325813     8.5445     8.8460    13.9320    78.1024 1.0000e-12  -73.82672 -113.95540  44.461290      99.63 2.8257e+02    406.462       9756  1027.4705  1027.4690     3.7059     2.3432     0.1983    33.7675    33.7657    8.29101         28 0.0000e+00
     67.000     66.297    -0.9790  27.325877    -0.9774  27.325869     8.5445     8.8273    13.8983    80.0965 1.0000e-12  -73.82672 -113.95540  44.461304      99.69 2.8237e+02    407.650       9785  1027.4751  1027.4736     3.7996     2.5044     0.2097    33.7673    33.7655    8.29110         29 0.0000e+00
     68.000     67.286    -0.9760  27.329469    -0.9741  27.329853     8.5303     8.8285    15.0048    79.0230 1.0000e-12  -73.82672 -113.95540  44.461318      97.58 2.8370e+02    408.896       9815  1027.4805  1027.4791     3.7489     2.3507     0.1899    33.7683    33.7666    8.29038         30 0.0000e+00
     69.000     68.276    -0.9707  27.335923    -0.9693  27.335501     8.5115     8.8257    14.5938    78.2536 1.0000e-12  -73.82672 -113.95540  44.461332      99.84 2.8225e+02    410.104       9844  1027.4867  1027.4849     3.7128     2.5580     0.2364    33.7704    33.7683    8.28907         28 0.0000e+00
     70.000     69.266    -0.9657  27.342025    -0.9641  27.341721     8.5016     8.8064    14.8041    80.1117 1.0000e-12  -73.82672 -113.95540  44.461346      99.77 2.8357e+02    411.273       9872  1027.4928  1027.4911     3.8007     2.5078     0.2047    33.7724    33.7703    8.28785         28 0.0000e+00
     71.000     70.253    -0.9618  27.346860    -0.9591  27.347931     8.5041     8.8007    13.8626    80.0439 1.0000e-12  -73.82672 -113.95540  44.461360      99.64 2.8520e+02    412.494       9901  1027.4988  1027.4974     3.7975     2.3074     0.2110    33.7741    33.7725    8.28690         30 0.0000e+00
     72.000     71.244    -0.9577  27.351823    -0.9567  27.351372     8.4949     8.7944    13.0997    79.0886 1.0000e-12  -73.82672 -113.95540  44.461374      99.82 2.8411e+02    413.735       9931  1027.5045  1027.5031     3.7522     2.6305     0.2271    33.7756    33.7738    8.28590         30 0.0000e+00
     73.000     72.232    -0.9602  27.349742    -0.9582  27.349997     8.4759     8.7855    13.3298    78.7584 1.0000e-12  -73.82672 -113.95540  44.461388      99.41 2.8290e+02    414.965       9960  1027.5091  1027.5075     3.7366     2.0113     0.2191    33.7749    33.7731    8.28649         29 0.0000e+00
     74.000     73.223    -0.9545  27.356755    -0.9536  27.355960     8.4713     8.7788    14.1919    79.8886 1.0000e-12  -73.82672 -113.95540  44.461402      99.85 2.8671e+02    416.174       9989  1027.5156  1027.5138     3.7902     2.7337     0.2107    33.7775    33.7753    8.28509         29 0.0000e+00
     75.000     74.211    -0.9530  27.359213    -0.9513  27.359174     8.4685     8.7737    14.0600    81.1147 1.0000e-12  -73.82672 -113.95540  44.461416      99.62 2.8805e+02    417.362      10018  1027.5211  1027.5195     3.8484     2.2424     0.1945    33.7785    33.7766    8.28469         28 0.0000e+00
     76.000     75.201    -0.9528  27.359920    -0.9511  27.359865     8.4679     8.7662    14.3106    81.0423 1.0000e-12  -73.82672 -113.95539  44.461430      99.59 2.8766e+02    418.536      10046  1027.5261  1027.5245     3.8448     2.1037     0.2098    33.7786    33.7767    8.28464         29 0.0000e+00
     77.000     76.190    -0.9527  27.360423    -0.9512  27.360318     8.4684     8.7636    15.8729    79.7509 1.0000e-12  -73.82672 -113.95539  44.461444      99.59 2.8704e+02    419.726      10074  1027.5309  1027.5294     3.7836     2.3111     0.2060    33.7786    33.7767    8.28463         28 0.0000e+00
     78.000     77.179    -0.9528  27.360794    -0.9513  27.360735     8.4619     8.7788    14.1155    79.2653 1.0000e-12  -73.82672 -113.95538  44.461457      99.89 2.8716e+02    420.895      10102  1027.5358  1027.5343     3.7606     2.6586     0.1993    33.7786    33.7769    8.28465         27 0.0000e+00
     79.000     78.169    -0.9533  27.360857    -0.9519  27.360827     8.4633     8.7721    13.4125    80.1423 1.0000e-12  -73.82672 -113.95538  44.461470      99.40 2.8848e+02    422.017      10129  1027.5406  1027.5392     3.8022     2.0341     0.2148    33.7786    33.7770    8.28475         27 0.0000e+00
     80.000     79.157    -0.9537  27.361113    -0.9522  27.361021     8.4568     8.7579    13.8125    78.9337 1.0000e-12  -73.82672 -113.95538  44.461483      99.81 2.8985e+02    423.093      10155  1027.5457  1027.5442     3.7449     2.5042     0.2122    33.7788    33.7770    8.28484         26 0.0000e+00
     81.000     80.147    -0.9544  27.361473    -0.9527  27.361361     8.4580     8.7527    14.8145    78.7191 1.0000e-12  -73.82672 -113.95538  44.461495      99.76 2.8830e+02    424.184      10181  1027.5510  1027.5494     3.7349     2.4798     0.2156    33.7794    33.7774    8.28494         26 0.0000e+00
     82.000     81.136    -0.9555  27.361498    -0.9543  27.361511     8.4612     8.7517    12.8747    79.2611 1.0000e-12  -73.82672 -113.95538  44.461507      99.63 2.9031e+02    425.246      10207  1027.5565  1027.5553     3.7603     2.3267     0.1906    33.7801    33.7788    8.28516         25 0.0000e+00
     83.000     82.127    -0.9560  27.361760    -0.9543  27.361680     8.4579     8.7483    13.1129    78.6641 1.0000e-12  -73.82672 -113.95538  44.461520      99.58 2.9136e+02    426.317      10233  1027.5615  1027.5598     3.7321     2.2210     0.2163    33.7804    33.7783    8.28525         26 0.0000e+00
     84.000     83.114    -0.9561  27.362208    -0.9547  27.362201     8.4442     8.7479    13.7778    78.2579 1.0000e-12  -73.82672 -113.95538  44.461532      99.77 2.9103e+02    427.349      10257  1027.5664  1027.5651     3.7128     2.4756     0.2126    33.7805    33.7789    8.28526         23 0.0000e+00
     85.000     84.106    -0.9568  27.362677    -0.9554  27.362520     8.4419     8.7447    13.3292    78.6405 1.0000e-12  -73.82672 -113.95538  44.461543      99.63 2.9088e+02    428.327      10281  1027.5719  1027.5704     3.7310     2.3247     0.2008    33.7813    33.7795    8.28537         24 0.0000e+00
     86.000     85.094    -0.9571  27.363055    -0.9551  27.363355     8.4438     8.7442    13.6565    79.4092 1.0000e-12  -73.82672 -113.95538  44.461555      99.75 2.9384e+02    429.333      10305  1027.5769  1027.5753     3.7674     2.4758     0.2047    33.7815    33.7797    8.28542         25 0.0000e+00
     87.000     86.082    -0.9583  27.362743    -0.9564  27.362830     8.4418     8.7428    12.5098    79.7391 1.0000e-12  -73.82672 -113.95536  44.461567      99.76 2.9463e+02    430.368      10330  1027.5820  1027.5804     3.7831     2.4562     0.2206    33.7818    33.7799    8.28567         24 0.0000e+00
     88.000     87.072    -0.9582  27.363165    -0.9566  27.363125     8.4494     8.7409    12.7108    78.7744 1.0000e-12  -73.82672 -113.95538  44.461578      99.79 2.9242e+02    431.356      10354  1027.5867  1027.5852     3.7374     2.5328     0.2344    33.7817    33.7799    8.28565         24 0.0000e+00
     89.000     88.061    -0.9581  27.363736    -0.9564  27.363784     8.4494     8.7356    13.9139    79.1749 1.0000e-12  -73.82672 -113.95536  44.461589      99.53 2.9263e+02    432.331      10377  1027.5915  1027.5899     3.7563     2.2094     0.1858    33.7817    33.7798    8.28563         24 0.0000e+00
     90.000     89.051    -0.9578  27.364414    -0.9565  27.364280     8.4339     8.7213    14.1326    80.4796 1.0000e-12  -73.82672 -113.95538  44.461601      99.55 2.9394e+02    433.334      10401  1027.5962  1027.5949     3.8182     2.2479     0.2187    33.7817    33.7801    8.28557         23 0.0000e+00
     91.000     90.040    -0.9582  27.365509    -0.9568  27.365581     8.4197     8.7171    12.9736    79.8459 1.0000e-12  -73.82672 -113.95536  44.461612      98.29 2.9441e+02    434.304      10424  1027.6022  1027.6009     3.7884     1.9762     0.1978    33.7831    33.7815    8.28559         23 0.0000e+00
     92.000     91.029    -0.9584  27.366794    -0.9569  27.366831     8.4191     8.7181    12.4539    81.1220 1.0000e-12  -73.82672 -113.95536  44.461624      96.86 2.9447e+02    435.282      10448  1027.6080  1027.6066     3.8484     2.2801     0.2291    33.7844    33.7827    8.28554         24 0.0000e+00
     93.000     92.017    -0.9583  27.367609    -0.9568  27.367551     8.4137     8.7104    14.0003    80.5060 1.0000e-12  -73.82672 -113.95536  44.461635      99.87 2.9553e+02    436.290      10472  1027.6131  1027.6117     3.8194     2.6490     0.2002    33.7848    33.7830    8.28550         25 0.0000e+00
     94.000     93.008    -0.9582  27.368174    -0.9568  27.368165     8.3972     8.7022    12.2933    79.6904 1.0000e-12  -73.82672 -113.95536  44.461647      99.58 2.9592e+02    437.275      10496  1027.6180  1027.6166     3.7808     2.2776     0.2068    33.7849    33.7832    8.28548         23 0.0000e+00
     95.000     93.997    -0.9606  27.367768    -0.9592  27.367787     8.3924     8.6939    12.4654    79.2987 1.0000e-12  -73.82672 -113.95536  44.461658      99.50 2.9616e+02    438.249      10519  1027.6242  1027.6228     3.7622     2.1368     0.1887    33.7864    33.7847    8.28592         23 0.0000e+00
     96.000     94.985    -0.9627  27.367600    -0.9613  27.367470     8.3791     8.6838    13.3281    79.4292 1.0000e-12  -73.82672 -113.95536  44.461670      99.83 2.9745e+02    439.261      10543  1027.6303  1027.6288     3.7684     2.6183     0.2275    33.7879    33.7861    8.28629         25 0.0000e+00
     97.000     95.976    -0.9625  27.368456    -0.9610  27.368244     8.3687     8.6794    14.5052    79.6720 1.0000e-12  -73.82672 -113.95534  44.461681      99.94 2.9739e+02    440.272      10568  1027.6353  1027.6337     3.7803     2.8548     0.2056    33.7882    33.7862    8.28623         23 0.0000e+00
     98.000     96.965    -0.9630  27.368712    -0.9613  27.368699     8.3738     8.6722    13.5485    80.5992 1.0000e-12  -73.82672 -113.95536  44.461693      99.67 3.0023e+02    441.240      10591  1027.6404  1027.6387     3.8235     2.3724     0.1816    33.7885    33.7865    8.28633         24 0.0000e+00
     99.000     97.953    -0.9631  27.369270    -0.9616  27.369327     8.3735     8.6666    12.3684    80.1776 1.0000e-12  -73.82672 -113.95536  44.461704      99.55 3.0086e+02    442.230      10615  1027.6453  1027.6440     3.8039     2.2043     0.2223    33.7887    33.7872    8.28633         24 0.0000e+00
    100.000     98.943    -0.9630  27.369830    -0.9616  27.369760     8.3755     8.6709    11.2860    79.5669 1.0000e-12  -73.82672 -113.95536  44.461715      99.57 2.9844e+02    443.218      10638  1027.6502  1027.6488     3.7749     2.2722     0.1890    33.7888    33.7871    8.28631         23 0.0000e+00
    101.000     99.933    -0.9627  27.370409    -0.9613  27.370103     8.3753     8.6683    10.5818    80.0283 1.0000e-12  -73.82672 -113.95536  44.461727      99.52 2.9884e+02    444.200      10662  1027.6547  1027.6531     3.7968     2.1507     0.2186    33.7885    33.7866    8.28624         25 0.0000e+00
    102.000    100.920    -0.9629  27.370745    -0.9614  27.370772     8.3577     8.6472    12.5629    79.5151 1.0000e-12  -73.82672 -113.95536  44.461738      99.64 3.0125e+02    445.206      10686  1027.6596  1027.6582     3.7724     2.3267     0.2331    33.7886    33.7869    8.28629         24 0.0000e+00
    103.000    101.911    -0.9629  27.371281    -0.9616  27.371165     8.3257     8.6179    12.5917    79.1502 1.0000e-12  -73.82672 -113.95534  44.461750      99.80 3.0282e+02    446.190      10710  1027.6645  1027.6631     3.7556     2.5077     0.2489    33.7888    33.7871    8.28628         22 0.0000e+00
    104.000    102.900    -0.9645  27.371851    -0.9638  27.371789     8.3040     8.6068    13.4819    80.3629 1.0000e-12  -73.82672 -113.95536  44.461761      99.66 3.0084e+02    447.122      10732  1027.6710  1027.6702     3.8123     2.3426     0.2127    33.7908    33.7898    8.28653         23 0.0000e+00
    105.000    103.889    -0.9678  27.372552    -0.9674  27.372778     8.2943     8.5911    11.9419    80.9831 1.0000e-12  -73.82672 -113.95534  44.461772      97.29 3.0005e+02    448.107      10756  1027.6793  1027.6791     3.8421     1.9087     0.1690    33.7947    33.7946    8.28701         24 0.0000e+00
