ocean_section_plots/required_files/ctd/dnbp2202_ctd040.cnv
* Sea-Bird SBE 9 Data File:
* FileName = D:\Data\raw\NBP2202_CTD040.hex
* Software Version Seasave V 7.26.7.121
* Temperature SN = 1649
* Conductivity SN = 2513
* Number of Bytes Per Scan = 40
* Number of Voltage Words = 5
* Number of Scans Averaged by the Deck Unit = 1
* NMEA Latitude = 74 08.77 S
* NMEA Longitude = 113 18.76 W
* NMEA UTC (Time) = Jan 22 2022  16:32:27
* NMEA baud rate = 9600
** Ship: RVIB N.B. Palmer
** Cruise: NBP2202 Thwaites
** Station: 21
** Operator: A. Robinson
** continuation of tow-yo 2 line; profile at fixed station
# nquan = 25
# nvalues = 493                         
# units = specified
# name 0 = prDM: Pressure, Digiquartz [db]
# name 1 = depSM: Depth [salt water, m]
# name 2 = t090C: Temperature [ITS-90, deg C]
# name 3 = c0mS/cm: Conductivity [mS/cm]
# name 4 = t190C: Temperature, 2 [ITS-90, deg C]
# name 5 = c1mS/cm: Conductivity, 2 [mS/cm]
# name 6 = sbeox0ML/L: Oxygen, SBE 43 [ml/l]
# name 7 = sbeox1ML/L: Oxygen, SBE 43, 2 [ml/l]
# name 8 = flECO-AFL: Fluorescence, WET Labs ECO-AFL/FL [mg/m^3]
# name 9 = CStarTr0: Beam Transmission, WET Labs C-Star [%]
# name 10 = par: PAR/Irradiance, Biospherical/Licor
# name 11 = latitude: Latitude [deg]
# name 12 = longitude: Longitude [deg]
# name 13 = timeJ: Julian Days
# name 14 = altM: Altimeter [m]
# name 15 = spar: SPAR, Biospherical/Licor
# name 16 = timeS: Time, Elapsed [seconds]
# name 17 = scan: Scan Count
# name 18 = density00: Density [density, kg/m^3]
# name 19 = density11: Density, 2 [density, kg/m^3]
# name 20 = sal00: Salinity, Practical [PSU]
# name 21 = sal11: Salinity, Practical, 2 [PSU]
# name 22 = oxsolML/L: Oxygen Saturation, Garcia & Gordon [ml/l]
# name 23 = nbin: number of scans per bin
# name 24 = flag: flag
# span 0 =      3.000,    495.000       
# span 1 =      2.969,    489.288       
# span 2 =    -1.5434,    -0.1157       
# span 3 =  26.954706,  28.640645       
# span 4 =    -1.5437,    -0.1140       
# span 5 =  26.954545,  28.640227       
# span 6 =     4.7896,     8.5317       
# span 7 =     5.0596,     8.9370       
# span 8 =    -0.0199,    20.6235       
# span 9 =    72.0716,    96.5490       
# span 10 = -5.648e-05, 2.0530e+02      
# span 11 =  -74.14618,  -74.14616      
# span 12 = -113.31274, -113.31268      
# span 13 =  22.691486,  22.699494      
# span 14 =       3.92,     100.52      
# span 15 = 2.1901e+03, 2.3147e+03      
# span 16 =    197.420,    889.258      
# span 17 =       4739,      21343      
# span 18 =  1027.1891,  1029.9019      
# span 19 =  1027.1829,  1029.8997      
# span 20 =    33.7876,    34.3063      
# span 21 =    33.7844,    34.3038      
# span 22 =    8.07357,    8.41103      
# span 23 =          5,         47      
# span 24 = 0.0000e+00, 0.0000e+00      
# interval = decibars: 1                
# start_time = Jan 22 2022 16:32:27 [NMEA time, header]
# bad_flag = -9.990e-29
*END*
[from data line 290]
    293.000    289.763    -0.4695  28.154027    -0.4674  28.154133     4.9245     5.2071    -0.0153    96.1763 1.0000e-12  -74.14616 -113.31273  22.695645      99.91 2.2971e+03    556.715      13362  1028.8599  1028.8580    34.1751    34.1729    8.15642         34 0.0000e+00
    294.000    290.751    -0.4706  28.153474    -0.4694  28.152602     4.9290     5.2055    -0.0158    96.1787 1.0000e-12  -74.14616 -113.31273  22.695661      99.91 2.2978e+03    558.139      13396  1028.8647  1028.8626    34.1750    34.1725    8.15666         30 0.0000e+00
    295.000    291.740    -0.4638  28.160798    -0.4634  28.159270     4.9186     5.2007    -0.0123    96.1671 1.0000e-12  -74.14616 -113.31273  22.695677      99.91 2.2971e+03    559.500      13429  1028.8702  1028.8682    34.1765    34.1740    8.15511         32 0.0000e+00
    296.000    292.728    -0.4559  28.169859    -0.4531  28.170608     4.9116     5.1943    -0.0060    96.1487 1.0000e-12  -74.14616 -113.31273  22.695692      99.92 2.2981e+03    560.831      13461  1028.8766  1028.8746    34.1793    34.1770    8.15327         32 0.0000e+00
    297.000    293.715    -0.4444  28.182445    -0.4444  28.180271     4.9104     5.1926    -0.0075    96.1600 1.0000e-12  -74.14616 -113.31274  22.695709      80.50 2.2969e+03    562.230      13495  1028.8832  1028.8809    34.1825    34.1797    8.15060         32 0.0000e+00
    298.000    294.703    -0.4405  28.187076    -0.4440  28.181131     4.9090     5.1933    -0.0134    96.1460 1.0000e-12  -74.14616 -113.31273  22.695725      90.32 2.2953e+03    563.659      13529  1028.8888  1028.8859    34.1838    34.1798    8.14970         32 0.0000e+00
    299.000    295.692    -0.4390  28.189247    -0.4389  28.186994     4.9108     5.1961    -0.0044    96.1481 1.0000e-12  -74.14616 -113.31273  22.695741      99.44 2.2943e+03    564.998      13561  1028.8940  1028.8915    34.1844    34.1812    8.14934         31 0.0000e+00
    300.000    296.679    -0.4369  28.191890    -0.4354  28.191396     4.9063     5.1934    -0.0107    96.1535 1.0000e-12  -74.14616 -113.31274  22.695756      99.91 2.2941e+03    566.344      13593  1028.8992  1028.8972    34.1849    34.1826    8.14885         34 0.0000e+00
    301.000    297.670    -0.4354  28.193926    -0.4341  28.193238     4.9069     5.1877    -0.0086    96.1369 1.0000e-12  -74.14616 -113.31274  22.695773      99.91 2.2940e+03    567.768      13627  1028.9043  1028.9022    34.1854    34.1830    8.14851         34 0.0000e+00
    302.000    298.655    -0.4348  28.194959    -0.4337  28.194134     4.9075     5.1873    -0.0063    96.1187 1.0000e-12  -74.14616 -113.31272  22.695789      99.91 2.2953e+03    569.138      13660  1028.9092  1028.9071    34.1855    34.1831    8.14837         32 0.0000e+00
    303.000    299.645    -0.4280  28.203068    -0.4268  28.202289     4.9068     5.1899    -0.0103    96.1089 1.0000e-12  -74.14616 -113.31272  22.695805      99.91 2.2958e+03    570.520      13693  1028.9155  1028.9135    34.1881    34.1857    8.14677         34 0.0000e+00
    304.000    300.634    -0.4254  28.206357    -0.4237  28.206017     4.9023     5.1823    -0.0191    96.1252 1.0000e-12  -74.14616 -113.31272  22.695821      99.91 2.2953e+03    571.970      13728  1028.9209  1028.9189    34.1890    34.1867    8.14615         35 0.0000e+00
    305.000    301.621    -0.4246  28.207546    -0.4234  28.206886     4.9017     5.1863    -0.0164    96.0987 1.0000e-12  -74.14616 -113.31272  22.695837      99.91 2.2953e+03    573.345      13761  1028.9258  1028.9238    34.1891    34.1868    8.14598         32 0.0000e+00
    306.000    302.610    -0.4244  28.208343    -0.4229  28.207763     4.9103     5.1877    -0.0066    96.0902 1.0000e-12  -74.14616 -113.31272  22.695853      99.91 2.2950e+03    574.710      13794  1028.9308  1028.9287    34.1893    34.1869    8.14592         33 0.0000e+00
    307.000    303.597    -0.4210  28.212627    -0.4207  28.210609     4.9075     5.1886    -0.0109    96.0695 1.0000e-12  -74.14616 -113.31272  22.695869      77.45 2.2935e+03    576.088      13827  1028.9364  1028.9339    34.1907    34.1876    8.14512         31 0.0000e+00
    308.000    304.586    -0.4207  28.213317    -0.4195  28.212480     4.9059     5.1792    -0.0077    96.0723 1.0000e-12  -74.14616 -113.31272  22.695885      93.76 2.2935e+03    577.464      13860  1028.9412  1028.9391    34.1906    34.1882    8.14505         33 0.0000e+00
    309.000    305.575    -0.4190  28.215741    -0.4179  28.214699     4.9094     5.1796    -0.0094    96.0691 1.0000e-12  -74.14616 -113.31272  22.695901      99.99 2.2933e+03    578.809      13892  1028.9464  1028.9442    34.1914    34.1888    8.14465         31 0.0000e+00
    310.000    306.562    -0.4163  28.219535    -0.4148  28.218841     4.9044     5.1798    -0.0074    96.0768 1.0000e-12  -74.14616 -113.31272  22.695914      99.91 2.2916e+03    579.999      13921  1028.9521  1028.9499    34.1928    34.1901    8.14398         27 0.0000e+00
    311.000    307.550    -0.4146  28.221801    -0.4130  28.221233     4.8993     5.1830    -0.0074    96.0806 1.0000e-12  -74.14616 -113.31272  22.695928      99.91 2.2904e+03    581.137      13948  1028.9572  1028.9550    34.1933    34.1908    8.14359         29 0.0000e+00
    312.000    308.539    -0.4123  28.224735    -0.4108  28.224077     4.8955     5.1798    -0.0082    96.0736 1.0000e-12  -74.14616 -113.31272  22.695943      99.91 2.2905e+03    582.436      13979  1028.9624  1028.9602    34.1940    34.1914    8.14305         32 0.0000e+00
    313.000    309.527    -0.4092  28.228639    -0.4078  28.227861     4.9026     5.1718    -0.0119    96.0707 1.0000e-12  -74.14616 -113.31272  22.695958      99.91 2.2884e+03    583.797      14012  1028.9679  1028.9657    34.1952    34.1925    8.14232         33 0.0000e+00
    314.000    310.515    -0.4002  28.239078    -0.3987  28.238380     4.8928     5.1734    -0.0146    96.0801 1.0000e-12  -74.14616 -113.31270  22.695974      99.91 2.2882e+03    585.152      14045  1028.9746  1028.9724    34.1984    34.1958    8.14021         32 0.0000e+00
    315.000    311.504    -0.3942  28.246189    -0.3941  28.244106     4.8929     5.1723    -0.0070    96.0675 1.0000e-12  -74.14616 -113.31272  22.695990      99.91 2.2882e+03    586.506      14077  1028.9808  1028.9784    34.2007    34.1977    8.13881         33 0.0000e+00
    316.000    312.491    -0.3896  28.251777    -0.3887  28.250676     4.8959     5.1672    -0.0115    96.0480 1.0000e-12  -74.14616 -113.31272  22.696006      99.91 2.2880e+03    587.878      14110  1028.9866  1028.9845    34.2024    34.1998    8.13773         33 0.0000e+00
    317.000    313.478    -0.3882  28.253915    -0.3868  28.253251     4.8946     5.1700    -0.0043    96.0591 1.0000e-12  -74.14617 -113.31271  22.696022      88.83 2.2883e+03    589.262      14143  1028.9919  1028.9898    34.2030    34.2005    8.13739         33 0.0000e+00
    318.000    314.468    -0.3852  28.257764    -0.3843  28.256449     4.8866     5.1713    -0.0138    96.0574 1.0000e-12  -74.14617 -113.31271  22.696038      97.74 2.2874e+03    590.643      14176  1028.9974  1028.9951    34.2042    34.2014    8.13667         33 0.0000e+00
    319.000    315.456    -0.3835  28.260265    -0.3819  28.259895     4.8895     5.1699    -0.0155    96.0378 1.0000e-12  -74.14618 -113.31271  22.696053      99.92 2.2869e+03    592.010      14209  1029.0028  1029.0008    34.2050    34.2027    8.13626         33 0.0000e+00
    320.000    316.443    -0.3729  28.272761    -0.3710  28.272567     4.8886     5.1626    -0.0050    96.0410 1.0000e-12  -74.14618 -113.31271  22.696069      99.91 2.2870e+03    593.355      14242  1029.0101  1029.0081    34.2091    34.2069    8.13375         33 0.0000e+00
    321.000    317.433    -0.3696  28.277007    -0.3682  28.276263     4.8832     5.1593    -0.0116    96.0418 1.0000e-12  -74.14618 -113.31271  22.696085      99.91 2.2855e+03    594.730      14275  1029.0158  1029.0137    34.2105    34.2080    8.13297         33 0.0000e+00
    322.000    318.420    -0.3678  28.279362    -0.3664  28.278795     4.8823     5.1622    -0.0196    96.0409 1.0000e-12  -74.14618 -113.31271  22.696101      99.91 2.2848e+03    596.086      14307  1029.0210  1029.0190    34.2111    34.2088    8.13256         31 0.0000e+00
    323.000    319.408    -0.3672  28.280779    -0.3650  28.280968     4.8839     5.1614    -0.0119    96.0393 1.0000e-12  -74.14618 -113.31270  22.696115      99.91 2.2847e+03    597.378      14338  1029.0262  1029.0243    34.2117    34.2095    8.13238         31 0.0000e+00
    324.000    320.397    -0.3647  28.283926    -0.3626  28.284099     4.8826     5.1578    -0.0031    96.0519 1.0000e-12  -74.14618 -113.31271  22.696131      99.91 2.2828e+03    598.697      14370  1029.0315  1029.0297    34.2125    34.2104    8.13180         33 0.0000e+00
    325.000    321.384    -0.3656  28.283501    -0.3635  28.283562     4.8910     5.1596    -0.0096    96.0687 1.0000e-12  -74.14618 -113.31271  22.696147      99.91 2.2827e+03    600.099      14403  1029.0363  1029.0343    34.2124    34.2101    8.13201         34 0.0000e+00
    326.000    322.372    -0.3612  28.288975    -0.3595  28.288622     4.8886     5.1622    -0.0130    96.0841 1.0000e-12  -74.14618 -113.31271  22.696163      80.43 2.2817e+03    601.474      14436  1029.0422  1029.0402    34.2142    34.2117    8.13097         29 0.0000e+00
    327.000    323.361    -0.3593  28.291736    -0.3579  28.290957     4.8800     5.1631    -0.0144    96.0785 1.0000e-12  -74.14618 -113.31271  22.696178      92.58 2.2810e+03    602.789      14468  1029.0475  1029.0454    34.2150    34.2124    8.13050         33 0.0000e+00
    328.000    324.348    -0.3588  28.292762    -0.3572  28.292377     4.8831     5.1634    -0.0074    96.0896 1.0000e-12  -74.14618 -113.31272  22.696194     100.03 2.2802e+03    604.194      14502  1029.0525  1029.0505    34.2153    34.2129    8.13039         33 0.0000e+00
    329.000    325.336    -0.3596  28.292256    -0.3583  28.291348     4.8864     5.1635    -0.0029    96.0840 1.0000e-12  -74.14618 -113.31272  22.696211      99.91 2.2794e+03    605.602      14535  1029.0571  1029.0549    34.2149    34.2122    8.13058         31 0.0000e+00
    330.000    326.326    -0.3562  28.296606    -0.3546  28.296256     4.8846     5.1596    -0.0108    96.0926 1.0000e-12  -74.14618 -113.31272  22.696226      99.91 2.2794e+03    606.917      14567  1029.0627  1029.0609    34.2163    34.2141    8.12978         33 0.0000e+00
    331.000    327.312    -0.3557  28.297572    -0.3543  28.296969     4.8834     5.1605    -0.0073    96.0915 1.0000e-12  -74.14617 -113.31272  22.696242      99.91 2.2794e+03    608.307      14600  1029.0676  1029.0656    34.2164    34.2140    8.12966         34 0.0000e+00
    332.000    328.300    -0.3552  28.298562    -0.3537  28.298160     4.8797     5.1587    -0.0072    96.1118 1.0000e-12  -74.14617 -113.31271  22.696258      99.91 2.2794e+03    609.687      14633  1029.0725  1029.0706    34.2166    34.2143    8.12954         31 0.0000e+00
    333.000    329.289    -0.3521  28.302765    -0.3502  28.302638     4.8866     5.1555     0.0003    96.0920 1.0000e-12  -74.14617 -113.31272  22.696273      99.91 2.2794e+03    610.985      14665  1029.0782  1029.0762    34.2181    34.2158    8.12879         32 0.0000e+00
    334.000    330.277    -0.3509  28.304729    -0.3489  28.304597     4.8828     5.1583    -0.0048    96.0980 1.0000e-12  -74.14617 -113.31272  22.696289      99.91 2.2794e+03    612.382      14698  1029.0835  1029.0814    34.2188    34.2164    8.12850         36 0.0000e+00
    335.000    331.265    -0.3461  28.310561    -0.3448  28.309893     4.8834     5.1605    -0.0165    96.1075 1.0000e-12  -74.14617 -113.31271  22.696306      99.91 2.2785e+03    613.804      14732  1029.0893  1029.0874    34.2206    34.2182    8.12738         31 0.0000e+00
    336.000    332.252    -0.3453  28.311955    -0.3437  28.311597     4.8808     5.1550    -0.0162    96.0888 1.0000e-12  -74.14618 -113.31270  22.696321      87.14 2.2778e+03    615.106      14764  1029.0944  1029.0924    34.2210    34.2187    8.12718         32 0.0000e+00
    337.000    333.242    -0.3434  28.314609    -0.3418  28.314207     4.8810     5.1544    -0.0148    96.0980 1.0000e-12  -74.14618 -113.31270  22.696337      96.50 2.2776e+03    616.491      14797  1029.0996  1029.0977    34.2217    34.2194    8.12673         33 0.0000e+00
    338.000    334.229    -0.3431  28.315459    -0.3420  28.314433     4.8782     5.1553    -0.0118    96.0822 1.0000e-12  -74.14618 -113.31271  22.696353      99.96 2.2776e+03    617.917      14831  1029.1045  1029.1024    34.2219    34.2193    8.12665         32 0.0000e+00
    339.000    335.217    -0.3417  28.317542    -0.3402  28.316874     4.8798     5.1553    -0.0029    96.0374 1.0000e-12  -74.14618 -113.31272  22.696368      99.91 2.2772e+03    619.227      14862  1029.1097  1029.1076    34.2225    34.2200    8.12631         32 0.0000e+00
    340.000    336.205    -0.3404  28.319506    -0.3393  28.318454     4.8789     5.1531     0.0014    96.0433 1.0000e-12  -74.14617 -113.31272  22.696384      99.91 2.2763e+03    620.611      14896  1029.1149  1029.1126    34.2231    34.2205    8.12601         35 0.0000e+00
    341.000    337.194    -0.3349  28.326184    -0.3343  28.324552     4.8819     5.1543    -0.0083    96.0216 1.0000e-12  -74.14617 -113.31272  22.696401      99.90 2.2776e+03    622.016      14929  1029.1209  1029.1186    34.2253    34.2224    8.12471         31 0.0000e+00
    342.000    338.180    -0.3286  28.333831    -0.3270  28.333219     4.8739     5.1533    -0.0115    96.0060 1.0000e-12  -74.14618 -113.31272  22.696415      99.91 2.2764e+03    623.294      14960  1029.1272  1029.1251    34.2277    34.2252    8.12322         31 0.0000e+00
    343.000    339.170    -0.3238  28.339549    -0.3220  28.339334     4.8762     5.1440    -0.0070    95.9972 1.0000e-12  -74.14617 -113.31272  22.696431      99.91 2.2759e+03    624.595      14991  1029.1330  1029.1310    34.2294    34.2271    8.12210         32 0.0000e+00
    344.000    340.157    -0.3232  28.340814    -0.3219  28.339846     4.8734     5.1474    -0.0023    95.9945 1.0000e-12  -74.14618 -113.31272  22.696447      99.91 2.2759e+03    625.993      15025  1029.1381  1029.1359    34.2298    34.2272    8.12195         34 0.0000e+00
    345.000    341.145    -0.3243  28.339902    -0.3226  28.339504     4.8707     5.1446    -0.0049    95.9677 1.0000e-12  -74.14618 -113.31272  22.696462      99.91 2.2759e+03    627.338      15057  1029.1425  1029.1405    34.2292    34.2268    8.12221         31 0.0000e+00
    346.000    342.134    -0.3226  28.342156    -0.3201  28.342765     4.8697     5.1480    -0.0160    95.9852 1.0000e-12  -74.14618 -113.31272  22.696477      95.63 2.2758e+03    628.623      15088  1029.1476  1029.1458    34.2298    34.2278    8.12183         31 0.0000e+00
    347.000    343.121    -0.3168  28.349329    -0.3154  28.348552     4.8705     5.1488    -0.0036    95.9596 1.0000e-12  -74.14618 -113.31272  22.696493     100.03 2.2752e+03    629.967      15120  1029.1538  1029.1517    34.2322    34.2296    8.12045         31 0.0000e+00
    348.000    344.110    -0.3165  28.349888    -0.3185  28.345472     4.8737     5.1436    -0.0156    95.9615 1.0000e-12  -74.14618 -113.31272  22.696509      99.91 2.2751e+03    631.347      15153  1029.1585  1029.1558    34.2321    34.2283    8.12040         33 0.0000e+00
    349.000    345.096    -0.3178  28.349005    -0.3162  28.348475     4.8690     5.1464    -0.0148    95.9518 1.0000e-12  -74.14618 -113.31271  22.696524      99.91 2.2740e+03    632.711      15186  1029.1631  1029.1611    34.2317    34.2292    8.12069         30 0.0000e+00
