ocean_section_plots/required_files/ctd/dnbp2202_ctd179.cnv
* Sea-Bird SBE 9 Data File:
* FileName = D:\Data\raw\NBP2202_CTD179.hex
* Software Version Seasave V 7.26.7.121
* Temperature SN = 1649
* Conductivity SN = 2513
* Number of Bytes Per Scan = 40
* Number of Voltage Words = 5
* Number of Scans Averaged by the Deck Unit = 1
* NMEA Latitude = 74 03.47 S
* NMEA Longitude = 111 19.75 W
* NMEA UTC (Time) = Feb 03 2022  23:36:56
* NMEA baud rate = 9600
** Ship: RVIB N.B. Palmer
** Cruise: NBP2202 Thwaites
** Station: 101
** Operator: A. Robinson
# nquan = 28
# nvalues = 579                         
# units = specified
# name 0 = prDM: Pressure, Digiquartz [db]
# name 1 = depSM: Depth [salt water, m]
# name 2 = t090C: Temperature [ITS-90, deg C]
# name 3 = c0mS/cm: Conductivity [mS/cm]
# name 4 = t190C: Temperature, 2 [ITS-90, deg C]
# name 5 = c1mS/cm: Conductivity, 2 [mS/cm]
# name 6 = sbeox0ML/L: Oxygen, SBE 43 [ml/l]
# name 7 = sbeox1ML/L: Oxygen, SBE 43, 2 [ml/l]
# name 8 = flECO-AFL: Fluorescence, WET Labs ECO-AFL/FL [mg/m^3]
# name 9 = CStarTr0: Beam Transmission, WET Labs C-Star [%]
# name 10 = par: PAR/Irradiance, Biospherical/Licor
# name 11 = latitude: Latitude [deg]
# name 12 = longitude: Longitude [deg]
# name 13 = timeJ: Julian Days
# name 14 = altM: Altimeter [m]
# name 15 = spar: SPAR, Biospherical/Licor
# name 16 = timeS: Time, Elapsed [seconds]
# name 17 = scan: Scan Count
# name 18 = density00: Density [density, kg/m^3]
# name 19 = density11: Density, 2 [density, kg/m^3]
# name 20 = v3: Voltage 3
# name 21 = v4: Voltage 4
# name 22 = v5: Voltage 5
# name 23 = sal00: Salinity, Practical [PSU]
# name 24 = sal11: Salinity, Practical, 2 [PSU]
# name 25 = oxsolML/L: Oxygen Saturation, Garcia & Gordon [ml/l]
# name 26 = nbin: number of scans per bin
# name 27 = flag: flag
# span 0 =      2.000,    580.000       
# span 1 =      1.978,    573.199       
# span 2 =    -1.5408,     0.0690       
# span 3 =  27.017797,  28.925610       
# span 4 =    -1.5404,     0.0712       
# span 5 =  27.017921,  28.925215       
# span 6 =     4.8202,     7.8694       
# span 7 =     4.9493,     8.0600       
# span 8 =    -0.0154,    15.6627       
# span 9 =    80.1925,    98.7649       
# span 10 = -3.288e-04, 9.5300e+02      
# span 11 =  -74.05790,  -74.05790      
# span 12 = -111.32922, -111.32918      
# span 13 =  34.986465,  34.995391      
# span 14 =       5.29,     100.05      
# span 15 = 1.6159e+03, 1.6342e+03      
# span 16 =    214.614,    985.815      
# span 17 =       5152,      23661      
# span 18 =  1027.1714,  1030.3902      
# span 19 =  1027.1734,  1030.3879      
# span 20 =     3.8046,     4.6853      
# span 21 =     0.0645,     2.0424      
# span 22 =     0.1148,     0.1904      
# span 23 =    33.7687,    34.4322      
# span 24 =    33.7704,    34.4293      
# span 25 =    8.02761,    8.40550      
# span 26 =         21,         49      
# span 27 = 0.0000e+00, 0.0000e+00      
# interval = decibars: 1                
# start_time = Feb 03 2022 23:36:56 [NMEA time, header]
# bad_flag = -9.990e-29
*END*
[from data line 415]
    417.000    412.271    -0.3456  28.433281    -0.3444  28.431381     5.2273     5.3421    -0.0000    98.4717 1.0000e-12  -74.05790 -111.32920  34.992704      99.89 1.6248e+03    753.666      18089  1029.5689  1029.5657     4.6714     0.0715     0.1391    34.3346    34.3307    8.12075         26 0.0000e+00
    418.000    413.258    -0.3377  28.441494    -0.3338  28.442632     5.2143     5.3366    -0.0004    98.4883 1.0000e-12  -74.05790 -111.32920  34.992717      84.95 1.6260e+03    754.769      18115  1029.5744  1029.5717     4.6721     0.0691     0.1251    34.3361    34.3332    8.11898         28 0.0000e+00
    419.000    414.246    -0.3222  28.458080    -0.3211  28.455998     5.2138     5.3328    -0.0058    98.4925 1.0000e-12  -74.05790 -111.32920  34.992730      96.13 1.6264e+03    755.911      18143  1029.5812  1029.5779     4.6724     0.0712     0.1255    34.3401    34.3361    8.11544         27 0.0000e+00
    420.000    415.236    -0.3162  28.464091    -0.3141  28.463590     5.2163     5.3325     0.0002    98.4852 1.0000e-12  -74.05790 -111.32920  34.992743      99.89 1.6252e+03    757.021      18170  1029.5862  1029.5837     4.6720     0.0732     0.1252    34.3408    34.3378    8.11412         26 0.0000e+00
    421.000    416.221    -0.3178  28.462855    -0.3145  28.463671     5.2155     5.3240     0.0010    98.4744 1.0000e-12  -74.05790 -111.32920  34.992756      99.89 1.6261e+03    758.127      18196  1029.5910  1029.5886     4.6715     0.0727     0.1272    34.3404    34.3378    8.11449         27 0.0000e+00
    422.000    417.209    -0.3150  28.466145    -0.3141  28.464580     5.2122     5.3234    -0.0056    98.4696 1.0000e-12  -74.05790 -111.32920  34.992769      99.89 1.6265e+03    759.263      18223  1029.5961  1029.5936     4.6713     0.0726     0.1271    34.3410    34.3379    8.11386         27 0.0000e+00
    423.000    418.197    -0.3153  28.466252    -0.3132  28.465842     5.2093     5.3180    -0.0001    98.4858 1.0000e-12  -74.05790 -111.32920  34.992782      99.89 1.6265e+03    760.372      18250  1029.6009  1029.5985     4.6720     0.0709     0.1288    34.3409    34.3380    8.11393         27 0.0000e+00
    424.000    419.184    -0.3124  28.469613    -0.3103  28.469256     5.2035     5.3214    -0.0049    98.4783 1.0000e-12  -74.05790 -111.32920  34.992795      99.89 1.6266e+03    761.474      18276  1029.6061  1029.6036     4.6717     0.0718     0.1290    34.3416    34.3387    8.11328         26 0.0000e+00
    425.000    420.172    -0.3107  28.471699    -0.3089  28.471008     5.1960     5.3157     0.0038    98.4837 1.0000e-12  -74.05790 -111.32920  34.992808      99.89 1.6259e+03    762.607      18304  1029.6109  1029.6086     4.6719     0.0721     0.1281    34.3418    34.3389    8.11289         28 0.0000e+00
    426.000    421.160    -0.3093  28.473806    -0.3064  28.474135     5.1854     5.3027     0.0117    98.4556 1.0000e-12  -74.05790 -111.32920  34.992821      99.90 1.6260e+03    763.725      18330  1029.6162  1029.6138     4.6706     0.0708     0.1292    34.3425    34.3397    8.11256         26 0.0000e+00
    427.000    422.148    -0.2932  28.491273    -0.2898  28.491701     5.1771     5.2942     0.0086    98.4664 1.0000e-12  -74.05790 -111.32920  34.992833      99.88 1.6265e+03    764.811      18356  1029.6233  1029.6205     4.6711     0.0716     0.1309    34.3470    34.3437    8.10887         26 0.0000e+00
    428.000    423.134    -0.2803  28.504416    -0.2784  28.503600     5.1655     5.2874    -0.0053    98.4717 1.0000e-12  -74.05790 -111.32920  34.992846      99.89 1.6267e+03    765.932      18383  1029.6291  1029.6264     4.6714     0.0690     0.1302    34.3494    34.3463    8.10599         28 0.0000e+00
    429.000    424.120    -0.2806  28.504579    -0.2789  28.503768     5.1578     5.2788    -0.0033    98.4517 1.0000e-12  -74.05790 -111.32920  34.992859      75.56 1.6245e+03    767.039      18410  1029.6339  1029.6314     4.6704     0.0682     0.1313    34.3493    34.3463    8.10605         25 0.0000e+00
    430.000    425.112    -0.2715  28.514764    -0.2704  28.512936     5.1471     5.2678     0.0107    98.4416 1.0000e-12  -74.05790 -111.32920  34.992872      87.83 1.6261e+03    768.113      18436  1029.6403  1029.6372     4.6699     0.0696     0.1261    34.3522    34.3484    8.10397         26 0.0000e+00
    431.000    426.098    -0.2557  28.531671    -0.2516  28.532873     5.1376     5.2553     0.0014    98.4642 1.0000e-12  -74.05790 -111.32920  34.992884     100.04 1.6266e+03    769.223      18462  1029.6471  1029.6444     4.6710     0.0736     0.1335    34.3562    34.3533    8.10036         27 0.0000e+00
    432.000    427.085    -0.2418  28.546055    -0.2376  28.547765     5.1308     5.2461     0.0042    98.4515 1.0000e-12  -74.05790 -111.32920  34.992897      99.88 1.6249e+03    770.338      18489  1029.6532  1029.6509     4.6704     0.0721     0.1283    34.3592    34.3567    8.09725         27 0.0000e+00
    433.000    428.073    -0.2359  28.552973    -0.2332  28.552849     5.1191     5.2381     0.0078    98.4083 1.0000e-12  -74.05790 -111.32920  34.992910      99.89 1.6269e+03    771.417      18515  1029.6591  1029.6564     4.6683     0.0714     0.1272    34.3611    34.3579    8.09588         25 0.0000e+00
    434.000    429.061    -0.2265  28.562777    -0.2269  28.559665     5.1153     5.2267    -0.0060    98.4499 1.0000e-12  -74.05790 -111.32920  34.992923      99.90 1.6264e+03    772.527      18542  1029.6648  1029.6619     4.6703     0.0717     0.1282    34.3630    34.3593    8.09378         28 0.0000e+00
    435.000    430.048    -0.2168  28.572603    -0.2137  28.572926     5.1081     5.2208     0.0005    98.4407 1.0000e-12  -74.05790 -111.32919  34.992936      99.88 1.6248e+03    773.647      18569  1029.6702  1029.6676     4.6698     0.0725     0.1277    34.3647    34.3616    8.09164         26 0.0000e+00
    436.000    431.035    -0.2138  28.575639    -0.2110  28.576263     5.0986     5.2153     0.0160    98.4229 1.0000e-12  -74.05790 -111.32918  34.992948      99.89 1.6253e+03    774.729      18594  1029.6749  1029.6728     4.6690     0.0716     0.1269    34.3646    34.3623    8.09099         26 0.0000e+00
    437.000    432.023    -0.2057  28.584804    -0.1991  28.588389     5.0959     5.2050     0.0040    98.4562 1.0000e-12  -74.05790 -111.32918  34.992961      99.88 1.6253e+03    775.830      18621  1029.6811  1029.6785     4.6705     0.0727     0.1258    34.3672    34.3646    8.08914         27 0.0000e+00
    438.000    433.011    -0.1977  28.593144    -0.1945  28.593737     5.0824     5.2012     0.0056    98.4505 1.0000e-12  -74.05790 -111.32918  34.992974      99.89 1.6236e+03    776.950      18648  1029.6866  1029.6841     4.6703     0.0707     0.1266    34.3687    34.3658    8.08736         26 0.0000e+00
    439.000    433.999    -0.1903  28.600645    -0.1886  28.599809     5.0872     5.2028    -0.0088    98.4714 1.0000e-12  -74.05790 -111.32918  34.992986      99.89 1.6256e+03    778.020      18673  1029.6917  1029.6892     4.6713     0.0720     0.1314    34.3697    34.3667    8.08572         26 0.0000e+00
    440.000    434.987    -0.1915  28.600068    -0.1889  28.599736     5.0745     5.1922     0.0064    98.4743 1.0000e-12  -74.05790 -111.32918  34.992999      99.88 1.6247e+03    779.109      18700  1029.6967  1029.6939     4.6715     0.0707     0.1248    34.3697    34.3663    8.08598         26 0.0000e+00
    441.000    435.973    -0.1885  28.602959    -0.1846  28.604747     5.0697     5.1874     0.0108    98.4677 1.0000e-12  -74.05790 -111.32918  34.993012      89.74 1.6249e+03    780.221      18726  1029.7013  1029.6994     4.6711     0.0709     0.1322    34.3696    34.3676    8.08535         27 0.0000e+00
    442.000    436.961    -0.1687  28.624481    -0.1750  28.615070     5.0763     5.1876     0.0011    98.4674 1.0000e-12  -74.05790 -111.32918  34.993024      90.85 1.6243e+03    781.298      18752  1029.7091  1029.7053     4.6712     0.0702     0.1323    34.3754    34.3699    8.08084         26 0.0000e+00
    443.000    437.949    -0.1695  28.622439    -0.1732  28.616809     5.0729     5.1815    -0.0035    98.4714 1.0000e-12  -74.05790 -111.32918  34.993037      99.36 1.6226e+03    782.389      18778  1029.7122  1029.7098     4.6714     0.0711     0.1305    34.3730    34.3697    8.08115         27 0.0000e+00
    444.000    438.936    -0.1793  28.614496    -0.1753  28.615435     5.0599     5.1759    -0.0052    98.4606 1.0000e-12  -74.05790 -111.32918  34.993050      99.89 1.6237e+03    783.508      18805  1029.7177  1029.7148     4.6708     0.0715     0.1311    34.3728    34.3696    8.08322         26 0.0000e+00
    445.000    439.924    -0.1722  28.621346    -0.1650  28.626118     5.0564     5.1727    -0.0089    98.4286 1.0000e-12  -74.05790 -111.32918  34.993062      99.89 1.6231e+03    784.593      18831  1029.7224  1029.7205     4.6693     0.0739     0.1287    34.3733    34.3717    8.08168         25 0.0000e+00
    446.000    440.912    -0.1598  28.634449    -0.1596  28.632033     5.0450     5.1635    -0.0154    98.4584 1.0000e-12  -74.05790 -111.32918  34.993075      99.89 1.6225e+03    785.673      18857  1029.7284  1029.7257     4.6707     0.0718     0.1366    34.3762    34.3728    8.07890         27 0.0000e+00
    447.000    441.899    -0.1536  28.640743    -0.1534  28.638315     5.0445     5.1537    -0.0013    98.4573 1.0000e-12  -74.05790 -111.32918  34.993088      99.88 1.6224e+03    786.785      18884  1029.7334  1029.7307     4.6706     0.0703     0.1427    34.3770    34.3736    8.07754         27 0.0000e+00
    448.000    442.885    -0.1483  28.647149    -0.1451  28.647096     5.0397     5.1481     0.0108    98.4578 1.0000e-12  -74.05790 -111.32918  34.993100      99.89 1.6226e+03    787.875      18910  1029.7394  1029.7363     4.6707     0.0718     0.1297    34.3790    34.3754    8.07631         25 0.0000e+00
    449.000    443.874    -0.1363  28.659226    -0.1385  28.654619     5.0395     5.1495     0.0002    98.4658 1.0000e-12  -74.05790 -111.32918  34.993113      99.90 1.6230e+03    788.954      18936  1029.7448  1029.7421     4.6711     0.0707     0.1312    34.3809    34.3773    8.07366         27 0.0000e+00
    450.000    444.862    -0.1466  28.649064    -0.1435  28.649670     5.0432     5.1503    -0.0044    98.4595 1.0000e-12  -74.05790 -111.32918  34.993126      99.89 1.6232e+03    790.068      18963  1029.7486  1029.7462     4.6708     0.0716     0.1255    34.3784    34.3758    8.07599         26 0.0000e+00
    451.000    445.848    -0.1480  28.648012    -0.1481  28.645577     5.0511     5.1566    -0.0033    98.4514 1.0000e-12  -74.05790 -111.32918  34.993138      99.89 1.6226e+03    791.156      18989  1029.7532  1029.7508     4.6703     0.0722     0.1257    34.3780    34.3749    8.07631         25 0.0000e+00
    452.000    446.837    -0.1530  28.643441    -0.1535  28.640513     5.0468     5.1597     0.0054    98.4573 1.0000e-12  -74.05790 -111.32918  34.993151      99.89 1.6230e+03    792.224      19014  1029.7576  1029.7550     4.6706     0.0723     0.1270    34.3769    34.3736    8.07742         27 0.0000e+00
    453.000    447.824    -0.1490  28.648323    -0.1447  28.649942     5.0372     5.1444     0.0121    98.4384 1.0000e-12  -74.05790 -111.32918  34.993164      99.88 1.6242e+03    793.329      19041  1029.7631  1029.7607     4.6697     0.0719     0.1312    34.3783    34.3756    8.07649         26 0.0000e+00
    454.000    448.811    -0.1402  28.657960    -0.1364  28.658675     5.0330     5.1382     0.0005    98.4326 1.0000e-12  -74.05790 -111.32918  34.993176      87.04 1.6228e+03    794.419      19067  1029.7690  1029.7661     4.6695     0.0691     0.1300    34.3807    34.3774    8.07451         26 0.0000e+00
    455.000    449.800    -0.1265  28.672186    -0.1261  28.670023     5.0268     5.1346    -0.0038    98.4317 1.0000e-12  -74.05790 -111.32918  34.993189      98.82 1.6238e+03    795.488      19093  1029.7750  1029.7724     4.6694     0.0710     0.1324    34.3836    34.3803    8.07145         26 0.0000e+00
    456.000    450.786    -0.1282  28.670612    -0.1264  28.670204     5.0320     5.1365     0.0270    98.4363 1.0000e-12  -74.05790 -111.32918  34.993201      99.90 1.6235e+03    796.585      19119  1029.7793  1029.7772     4.6696     0.0705     0.1273    34.3828    34.3802    8.07185         27 0.0000e+00
    457.000    451.774    -0.1311  28.668065    -0.1296  28.667162     5.0321     5.1421    -0.0030    98.4611 1.0000e-12  -74.05790 -111.32918  34.993214      99.89 1.6222e+03    797.678      19145  1029.7839  1029.7815     4.6708     0.0709     0.1279    34.3821    34.3792    8.07251         25 0.0000e+00
    458.000    452.762    -0.1322  28.667247    -0.1292  28.668017     5.0253     5.1336     0.0028    98.4705 1.0000e-12  -74.05790 -111.32918  34.993226      99.89 1.6227e+03    798.741      19171  1029.7884  1029.7863     4.6713     0.0715     0.1282    34.3816    34.3793    8.07275         26 0.0000e+00
    459.000    453.748    -0.1290  28.671326    -0.1263  28.671600     5.0286     5.1320    -0.0050    98.4487 1.0000e-12  -74.05790 -111.32918  34.993239      99.89 1.6228e+03    799.831      19197  1029.7939  1029.7915     4.6702     0.0710     0.1308    34.3829    34.3802    8.07202         27 0.0000e+00
    460.000    454.737    -0.1271  28.673539    -0.1250  28.673372     5.0304     5.1381    -0.0036    98.4010 1.0000e-12  -74.05790 -111.32918  34.993251      99.89 1.6219e+03    800.920      19223  1029.7987  1029.7965     4.6680     0.0719     0.1277    34.3831    34.3805    8.07161         25 0.0000e+00
    461.000    455.723    -0.1260  28.675169    -0.1239  28.675040     5.0291     5.1374    -0.0032    98.3912 1.0000e-12  -74.05790 -111.32918  34.993264      99.89 1.6234e+03    801.972      19248  1029.8037  1029.8014     4.6675     0.0717     0.1272    34.3835    34.3808    8.07136         26 0.0000e+00
    462.000    456.712    -0.1247  28.677150    -0.1221  28.677278     5.0272     5.1296     0.0054    98.4323 1.0000e-12  -74.05790 -111.32918  34.993276      99.89 1.6237e+03    803.051      19274  1029.8087  1029.8064     4.6694     0.0719     0.1288    34.3840    34.3812    8.07104         26 0.0000e+00
    463.000    457.698    -0.1241  28.678080    -0.1222  28.677649     5.0272     5.1307     0.0117    98.4191 1.0000e-12  -74.05790 -111.32918  34.993289      99.88 1.6226e+03    804.131      19300  1029.8134  1029.8111     4.6689     0.0727     0.1348    34.3839    34.3812    8.07091         26 0.0000e+00
    464.000    458.686    -0.1239  28.678657    -0.1218  28.678502     5.0334     5.1385    -0.0039    98.4407 1.0000e-12  -74.05790 -111.32918  34.993301      99.88 1.6224e+03    805.179      19325  1029.8181  1029.8160     4.6698     0.0778     0.1342    34.3838    34.3814    8.07087         24 0.0000e+00
    465.000    459.674    -0.1259  28.677193    -0.1236  28.677205     5.0247     5.1364     0.0050    98.4448 1.0000e-12  -74.05790 -111.32918  34.993313      81.40 1.6220e+03    806.248      19351  1029.8229  1029.8206     4.6701     0.0694     0.1276    34.3836    34.3810    8.07132         27 0.0000e+00
    466.000    460.661    -0.1294  28.674920    -0.1274  28.674622     5.0175     5.1298     0.0137    98.4258 1.0000e-12  -74.05790 -111.32918  34.993326      85.35 1.6224e+03    807.336      19377  1029.8282  1029.8260     4.6691     0.0697     0.1276    34.3839    34.3813    8.07203         25 0.0000e+00
    467.000    461.649    -0.1141  28.692462    -0.1120  28.691663     5.0096     5.1217    -0.0045    98.4347 1.0000e-12  -74.05790 -111.32918  34.993338      99.00 1.6228e+03    808.392      19402  1029.8359  1029.8331     4.6695     0.0717     0.1309    34.3894    34.3860    8.06849         26 0.0000e+00
