ocean_section_plots/required_files/ctd/dnbp2202_ctd189.cnv
* Sea-Bird SBE 9 Data File:
* FileName = D:\Data\raw\NBP2202_CTD189.hex
* Software Version Seasave V 7.26.7.121
* Temperature SN = 1649
* Conductivity SN = 2513
* Number of Bytes Per Scan = 40
* Number of Voltage Words = 5
* Number of Scans Averaged by the Deck Unit = 1
* NMEA Latitude = 74 10.40 S
* NMEA Longitude = 113 19.86 W
* NMEA UTC (Time) = Feb 07 2022  09:05:15
* NMEA baud rate = 9600
** Ship: RVIB N.B. Palmer
** Cruise: NBP2202 Thwaites
** Station: 110
** Operator: B Bjork
# nquan = 28
# nvalues = 651                         
# units = specified
# name 0 = prDM: Pressure, Digiquartz [db]
# name 1 = depSM: Depth [salt water, m]
# name 2 = t090C: Temperature [ITS-90, deg C]
# name 3 = c0mS/cm: Conductivity [mS/cm]
# name 4 = t190C: Temperature, 2 [ITS-90, deg C]
# name 5 = c1mS/cm: Conductivity, 2 [mS/cm]
# name 6 = sbeox0ML/L: Oxygen, SBE 43 [ml/l]
# name 7 = sbeox1ML/L: Oxygen, SBE 43, 2 [ml/l]
# name 8 = flECO-AFL: Fluorescence, WET Labs ECO-AFL/FL [mg/m^3]
# name 9 = CStarTr0: Beam Transmission, WET Labs C-Star [%]
# name 10 = par: PAR/Irradiance, Biospherical/Licor
# name 11 = latitude: Latitude [deg]
# name 12 = longitude: Longitude [deg]
# name 13 = timeJ: Julian Days
# name 14 = altM: Altimeter [m]
# name 15 = spar: SPAR, Biospherical/Licor
# name 16 = timeS: Time, Elapsed [seconds]
# name 17 = scan: Scan Count
# name 18 = density00: Density [density, kg/m^3]
# name 19 = density11: Density, 2 [density, kg/m^3]
# name 20 = v3: Voltage 3
# name 21 = v4: Voltage 4
# name 22 = v5: Voltage 5
# name 23 = sal00: Salinity, Practical [PSU]
# name 24 = sal11: Salinity, Practical, 2 [PSU]
# name 25 = oxsolML/L: Oxygen Saturation, Garcia & Gordon [ml/l]
# name 26 = nbin: number of scans per bin
# name 27 = flag: flag
# span 0 =      2.000,    652.000       
# span 1 =      1.980,    644.238       
# span 2 =    -1.5453,     0.1448       
# span 3 =  26.910416,  29.006749       
# span 4 =    -1.5439,     0.1473       
# span 5 =  26.910925,  29.006941       
# span 6 =     4.6980,     8.8101       
# span 7 =     4.8066,     9.0670       
# span 8 =    -0.0215,    24.3678       
# span 9 =    75.0043,    98.3105       
# span 10 = -1.246e-05, 9.5620e+00      
# span 11 =  -74.17334,  -74.17334      
# span 12 = -113.33116, -113.33113      
# span 13 =  38.380984,  38.389644      
# span 14 =       8.45,     100.19      
# span 15 = 3.1732e+01, 3.8624e+01      
# span 16 =    202.020,    950.255      
# span 17 =       4849,      22807      
# span 18 =  1027.1670,  1030.7036      
# span 19 =  1027.1652,  1030.7015      
# span 20 =     3.5592,     4.6637      
# span 21 =     0.0628,     3.8143      
# span 22 =     0.1207,     0.2573      
# span 23 =    33.7725,    34.4063      
# span 24 =    33.7703,    34.4041      
# span 25 =    8.01322,    8.41322      
# span 26 =         20,         85      
# span 27 = 0.0000e+00, 0.0000e+00      
# interval = decibars: 1                
# start_time = Feb 07 2022 09:05:15 [NMEA time, header]
# bad_flag = -9.990e-29
*END*
[from data line 518]
    520.000    513.972     0.0096  28.799041     0.0107  28.797939     4.7634     4.8735    -0.0134    98.0675 1.0000e-12  -74.17334 -113.33116  38.387725      99.92 3.7021e+01    784.423      18827  1030.0551  1030.0529     4.6521     0.0673     0.1337    34.3606    34.3579    8.04409         22 0.0000e+00
    521.000    514.962     0.0131  28.803552     0.0152  28.803044     4.7581     4.8670    -0.0114    98.0865 1.0000e-12  -74.17334 -113.33116  38.387735      99.92 3.7021e+01    785.312      18848  1030.0606  1030.0581     4.6531     0.0698     0.1322    34.3620    34.3591    8.04326         22 0.0000e+00
    522.000    515.946     0.0179  28.808523     0.0204  28.808695     4.7573     4.8688    -0.0117    98.1062 1.0000e-12  -74.17334 -113.33116  38.387746      99.92 3.7021e+01    786.271      18871  1030.0655  1030.0632     4.6540     0.0707     0.1321    34.3626    34.3602    8.04222         24 0.0000e+00
    523.000    516.932     0.0206  28.812113     0.0229  28.812210     4.7620     4.8716    -0.0023    98.1268 1.0000e-12  -74.17334 -113.33116  38.387758      99.92 3.7021e+01    787.317      18897  1030.0709  1030.0688     4.6550     0.0700     0.1321    34.3638    34.3614    8.04159         26 0.0000e+00
    524.000    517.923     0.0211  28.813371     0.0233  28.813141     4.7619     4.8642    -0.0043    98.1330 1.0000e-12  -74.17334 -113.33116  38.387770      91.50 3.7021e+01    788.352      18921  1030.0760  1030.0736     4.6553     0.0680     0.1319    34.3643    34.3615    8.04146         24 0.0000e+00
    525.000    518.909     0.0204  28.812910     0.0225  28.812712     4.7553     4.8623    -0.0124    98.1561 1.0000e-12  -74.17334 -113.33116  38.387782      73.81 3.7021e+01    789.378      18946  1030.0805  1030.0783     4.6564     0.0675     0.1312    34.3639    34.3613    8.04163         25 0.0000e+00
    526.000    519.894     0.0212  28.814091     0.0234  28.814091     4.7591     4.8665    -0.0030    98.1653 1.0000e-12  -74.17334 -113.33116  38.387794      89.35 3.7021e+01    790.408      18971  1030.0853  1030.0831     4.6568     0.0694     0.1342    34.3640    34.3615    8.04146         24 0.0000e+00
    527.000    520.883     0.0216  28.815119     0.0238  28.815010     4.7617     4.8685    -0.0032    98.1870 1.0000e-12  -74.17334 -113.33116  38.387805      97.79 3.7021e+01    791.336      18993  1030.0902  1030.0880     4.6578     0.0697     0.1324    34.3643    34.3617    8.04136         21 0.0000e+00
    528.000    521.871     0.0223  28.815995     0.0244  28.816030     4.7580     4.8687    -0.0036    98.1951 1.0000e-12  -74.17334 -113.33116  38.387816      99.90 3.7021e+01    792.282      19016  1030.0947  1030.0927     4.6582     0.0708     0.1305    34.3641    34.3618    8.04123         25 0.0000e+00
    529.000    522.856     0.0224  28.816597     0.0246  28.816654     4.7591     4.8680    -0.0085    98.1962 1.0000e-12  -74.17334 -113.33116  38.387828      99.92 3.7021e+01    793.326      19041  1030.0996  1030.0975     4.6582     0.0699     0.1301    34.3642    34.3618    8.04120         25 0.0000e+00
    530.000    523.843     0.0224  28.817065     0.0247  28.817170     4.7597     4.8656    -0.0115    98.1900 1.0000e-12  -74.17334 -113.33116  38.387840      99.92 3.7021e+01    794.370      19066  1030.1043  1030.1022     4.6580     0.0703     0.1321    34.3642    34.3618    8.04119         25 0.0000e+00
    531.000    524.832     0.0224  28.817502     0.0247  28.817563     4.7556     4.8573    -0.0114    98.2089 1.0000e-12  -74.17334 -113.33116  38.387852      99.92 3.7021e+01    795.380      19090  1030.1091  1030.1069     4.6588     0.0698     0.1303    34.3642    34.3617    8.04120         24 0.0000e+00
    532.000    525.819     0.0224  28.817965     0.0244  28.817647     4.7504     4.8571    -0.0106    98.2167 1.0000e-12  -74.17334 -113.33116  38.387863      99.92 3.7021e+01    796.404      19115  1030.1138  1030.1115     4.6592     0.0689     0.1316    34.3642    34.3615    8.04119         25 0.0000e+00
    533.000    526.805     0.0324  28.829397     0.0355  28.829799     4.7497     4.8609    -0.0083    98.2300 1.0000e-12  -74.17334 -113.33116  38.387876      99.92 3.7021e+01    797.446      19140  1030.1202  1030.1177     4.6599     0.0699     0.1311    34.3675    34.3646    8.03891         25 0.0000e+00
    534.000    527.792     0.0359  28.833120     0.0380  28.832943     4.7439     4.8518    -0.0026    98.2232 1.0000e-12  -74.17334 -113.33116  38.387887      99.92 3.7021e+01    798.463      19164  1030.1250  1030.1228     4.6595     0.0710     0.1277    34.3680    34.3653    8.03815         24 0.0000e+00
    535.000    528.780     0.0360  28.833608     0.0387  28.834050     4.7404     4.8538    -0.0034    98.2317 1.0000e-12  -74.17334 -113.33116  38.387899      99.92 3.7021e+01    799.483      19189  1030.1297  1030.1276     4.6599     0.0699     0.1307    34.3679    34.3655    8.03814         24 0.0000e+00
    536.000    529.766     0.0400  28.838134     0.0420  28.838032     4.7428     4.8558    -0.0028    98.2188 1.0000e-12  -74.17334 -113.33114  38.387910      99.92 3.7021e+01    800.418      19211  1030.1349  1030.1328     4.6594     0.0711     0.1317    34.3688    34.3665    8.03725         21 0.0000e+00
    537.000    530.755     0.0420  28.840903     0.0442  28.840798     4.7432     4.8570    -0.0202    98.2188 1.0000e-12  -74.17334 -113.33116  38.387920      99.92 3.7021e+01    801.320      19233  1030.1401  1030.1379     4.6593     0.0708     0.1332    34.3697    34.3671    8.03678         23 0.0000e+00
    538.000    531.740     0.0435  28.842737     0.0455  28.842540     4.7377     4.8510    -0.0121    98.2116 1.0000e-12  -74.17334 -113.33114  38.387932      79.19 3.7021e+01    802.332      19257  1030.1448  1030.1427     4.6590     0.0676     0.1334    34.3698    34.3673    8.03646         25 0.0000e+00
    539.000    532.728     0.0457  28.845762     0.0472  28.844767     4.7386     4.8483    -0.0033    98.2054 1.0000e-12  -74.17334 -113.33116  38.387944      92.51 3.7021e+01    803.372      19282  1030.1501  1030.1476     4.6586     0.0700     0.1338    34.3707    34.3677    8.03594         25 0.0000e+00
    540.000    533.715     0.0507  28.851342     0.0523  28.850713     4.7408     4.8521    -0.0089    98.1804 1.0000e-12  -74.17334 -113.33114  38.387956      99.85 3.7021e+01    804.387      19306  1030.1554  1030.1531     4.6575     0.0692     0.1339    34.3719    34.3692    8.03483         24 0.0000e+00
    541.000    534.703     0.0527  28.853891     0.0549  28.853831     4.7413     4.8509    -0.0044    98.1781 1.0000e-12  -74.17334 -113.33114  38.387967      99.92 3.7021e+01    805.393      19330  1030.1604  1030.1583     4.6574     0.0693     0.1344    34.3724    34.3700    8.03437         24 0.0000e+00
    542.000    535.690     0.0530  28.854793     0.0553  28.854771     4.7396     4.8453    -0.0027    98.1934 1.0000e-12  -74.17334 -113.33114  38.387979      99.92 3.7021e+01    806.374      19354  1030.1654  1030.1632     4.6581     0.0694     0.1287    34.3727    34.3702    8.03430         22 0.0000e+00
    543.000    536.676     0.0534  28.855526     0.0554  28.855393     4.7393     4.8515    -0.0031    98.1722 1.0000e-12  -74.17334 -113.33116  38.387989      99.92 3.7021e+01    807.260      19375  1030.1701  1030.1679     4.6571     0.0696     0.1341    34.3727    34.3702    8.03422         22 0.0000e+00
    544.000    537.662     0.0530  28.855586     0.0550  28.855270     4.7423     4.8490    -0.0034    98.1802 1.0000e-12  -74.17334 -113.33116  38.388000      99.92 3.7021e+01    808.234      19399  1030.1748  1030.1725     4.6575     0.0701     0.1336    34.3726    34.3699    8.03431         24 0.0000e+00
    545.000    538.652     0.0546  28.857675     0.0570  28.857682     4.7395     4.8478    -0.0051    98.1786 1.0000e-12  -74.17334 -113.33116  38.388013      99.92 3.7021e+01    809.281      19424  1030.1797  1030.1773     4.6574     0.0696     0.1323    34.3729    34.3703    8.03394         25 0.0000e+00
    546.000    539.637     0.0546  28.858068     0.0573  28.858433     4.7341     4.8448    -0.0113    98.1839 1.0000e-12  -74.17334 -113.33116  38.388024      99.92 3.7021e+01    810.308      19448  1030.1844  1030.1822     4.6577     0.0699     0.1328    34.3729    34.3704    8.03395         25 0.0000e+00
    547.000    540.625     0.0602  28.864290     0.0615  28.863012     4.7334     4.8358    -0.0098    98.1877 1.0000e-12  -74.17334 -113.33116  38.388036      99.92 3.7021e+01    811.319      19473  1030.1897  1030.1871     4.6579     0.0710     0.1328    34.3742    34.3711    8.03270         24 0.0000e+00
    548.000    541.612     0.0620  28.866300     0.0641  28.866220     4.7334     4.8423     0.0062    98.2119 1.0000e-12  -74.17334 -113.33116  38.388048      99.92 3.7021e+01    812.348      19497  1030.1943  1030.1922     4.6590     0.0690     0.1334    34.3743    34.3718    8.03232         25 0.0000e+00
    549.000    542.599     0.0619  28.866668     0.0641  28.866633     4.7333     4.8400    -0.0113    98.2124 1.0000e-12  -74.17334 -113.33116  38.388060      99.92 3.7021e+01    813.366      19522  1030.1991  1030.1970     4.6590     0.0692     0.1305    34.3743    34.3718    8.03234         24 0.0000e+00
    550.000    543.584     0.0622  28.867351     0.0644  28.867391     4.7346     4.8355    -0.0095    98.1983 1.0000e-12  -74.17334 -113.33116  38.388071      99.92 3.7021e+01    814.362      19546  1030.2038  1030.2017     4.6583     0.0705     0.1344    34.3743    34.3719    8.03227         24 0.0000e+00
    551.000    544.573     0.0624  28.868056     0.0646  28.867974     4.7343     4.8410    -0.0178    98.1857 1.0000e-12  -74.17334 -113.33116  38.388083      95.33 3.7021e+01    815.388      19570  1030.2087  1030.2065     4.6578     0.0694     0.1308    34.3745    34.3719    8.03224         25 0.0000e+00
    552.000    545.560     0.0624  28.868547     0.0648  28.868762     4.7386     4.8455    -0.0197    98.1972 1.0000e-12  -74.17334 -113.33116  38.388095      89.28 3.7021e+01    816.421      19595  1030.2135  1030.2114     4.6583     0.0678     0.1327    34.3745    34.3721    8.03223         25 0.0000e+00
    553.000    546.546     0.0609  28.867471     0.0634  28.867793     4.7380     4.8427    -0.0139    98.1677 1.0000e-12  -74.17334 -113.33116  38.388107      96.68 3.7021e+01    817.425      19619  1030.2181  1030.2160     4.6569     0.0698     0.1334    34.3742    34.3719    8.03257         24 0.0000e+00
    554.000    547.534     0.0604  28.867453     0.0626  28.867371     4.7358     4.8447    -0.0046    98.1663 1.0000e-12  -74.17334 -113.33116  38.388119      99.87 3.7021e+01    818.443      19644  1030.2228  1030.2206     4.6569     0.0688     0.1336    34.3741    34.3716    8.03267         25 0.0000e+00
    555.000    548.520     0.0604  28.867973     0.0624  28.867872     4.7334     4.8462    -0.0083    98.1620 1.0000e-12  -74.17334 -113.33116  38.388130      74.54 3.7021e+01    819.469      19668  1030.2276  1030.2255     4.6567     0.0699     0.1348    34.3743    34.3718    8.03267         24 0.0000e+00
    556.000    549.508     0.0618  28.870247     0.0638  28.869858     4.7282     4.8447    -0.0144    98.1737 1.0000e-12  -74.17334 -113.33116  38.388142      27.56 3.7021e+01    820.478      19692  1030.2328  1030.2305     4.6572     0.0682     0.1317    34.3750    34.3723    8.03232         24 0.0000e+00
    557.000    550.495     0.0633  28.872241     0.0652  28.871804     4.7254     4.8414    -0.0150    98.1888 1.0000e-12  -74.17334 -113.33116  38.388154      99.20 3.7021e+01    821.490      19717  1030.2377  1030.2355     4.6579     0.0706     0.1324    34.3754    34.3728    8.03198         25 0.0000e+00
    558.000    551.483     0.0632  28.872566     0.0655  28.872578     4.7285     4.8376    -0.0126    98.1759 1.0000e-12  -74.17334 -113.33116  38.388166      99.92 3.7021e+01    822.520      19741  1030.2424  1030.2403     4.6573     0.0696     0.1316    34.3753    34.3729    8.03201         24 0.0000e+00
    559.000    552.469     0.0636  28.873426     0.0660  28.873682     4.7325     4.8398    -0.0166    98.1781 1.0000e-12  -74.17334 -113.33116  38.388177      99.92 3.7021e+01    823.526      19766  1030.2472  1030.2451     4.6574     0.0696     0.1315    34.3755    34.3731    8.03193         24 0.0000e+00
    560.000    553.455     0.0642  28.874466     0.0664  28.874441     4.7320     4.8411    -0.0124    98.1818 1.0000e-12  -74.17334 -113.33116  38.388189      99.92 3.7021e+01    824.544      19790  1030.2520  1030.2498     4.6576     0.0699     0.1310    34.3756    34.3731    8.03179         25 0.0000e+00
    561.000    554.444     0.0655  28.876347     0.0675  28.876052     4.7312     4.8416    -0.0159    98.1972 1.0000e-12  -74.17334 -113.33115  38.388201      99.92 3.7021e+01    825.585      19815  1030.2569  1030.2547     4.6583     0.0700     0.1331    34.3760    34.3734    8.03149         25 0.0000e+00
    562.000    555.428     0.0660  28.877333     0.0679  28.876982     4.7252     4.8413    -0.0019    98.2124 1.0000e-12  -74.17334 -113.33115  38.388213      99.16 3.7021e+01    826.602      19839  1030.2617  1030.2596     4.6590     0.0691     0.1334    34.3762    34.3736    8.03138         24 0.0000e+00
    563.000    556.417     0.0707  28.882868     0.0731  28.883145     4.7304     4.8392    -0.0111    98.2211 1.0000e-12  -74.17334 -113.33115  38.388225      98.73 3.7021e+01    827.615      19864  1030.2672  1030.2651     4.6594     0.0694     0.1307    34.3777    34.3753    8.03031         24 0.0000e+00
    564.000    557.403     0.0752  28.888654     0.0788  28.889844     4.7294     4.8392    -0.0171    98.2385 1.0000e-12  -74.17334 -113.33115  38.388236      98.73 3.7021e+01    828.633      19888  1030.2731  1030.2708     4.6603     0.0696     0.1302    34.3797    34.3771    8.02926         25 0.0000e+00
    565.000    558.391     0.0815  28.895883     0.0843  28.896310     4.7257     4.8335    -0.0123    98.2349 1.0000e-12  -74.17334 -113.33115  38.388248      86.15 3.7021e+01    829.640      19912  1030.2788  1030.2766     4.6601     0.0689     0.1315    34.3816    34.3790    8.02783         24 0.0000e+00
    566.000    559.378     0.0853  28.900748     0.0872  28.900195     4.7259     4.8303    -0.0178    98.2210 1.0000e-12  -74.17334 -113.33115  38.388260      97.04 3.7021e+01    830.641      19936  1030.2845  1030.2820     4.6594     0.0696     0.1300    34.3831    34.3803    8.02695         24 0.0000e+00
    567.000    560.363     0.0888  28.905408     0.0908  28.904843     4.7275     4.8312    -0.0068    98.2405 1.0000e-12  -74.17334 -113.33115  38.388272      96.39 3.7021e+01    831.668      19961  1030.2903  1030.2877     4.6604     0.0703     0.1328    34.3848    34.3818    8.02613         25 0.0000e+00
    568.000    561.353     0.0895  28.906389     0.0909  28.905482     4.7262     4.8341    -0.0068    98.2435 1.0000e-12  -74.17334 -113.33115  38.388283      95.09 3.7021e+01    832.680      19985  1030.2948  1030.2925     4.6605     0.0702     0.1310    34.3846    34.3819    8.02597         24 0.0000e+00
    569.000    562.338     0.0907  28.908478     0.0928  28.908271     4.7259     4.8350    -0.0128    98.2339 1.0000e-12  -74.17334 -113.33115  38.388295      93.89 3.7021e+01    833.681      20009  1030.3002  1030.2980     4.6601     0.0685     0.1283    34.3856    34.3829    8.02569         24 0.0000e+00
    570.000    563.325     0.0897  28.908145     0.0919  28.908090     4.7269     4.8337    -0.0174    98.2219 1.0000e-12  -74.17334 -113.33115  38.388307      92.45 3.7021e+01    834.707      20034  1030.3051  1030.3029     4.6594     0.0680     0.1304    34.3856    34.3831    8.02589         25 0.0000e+00
