ocean_section_plots/required_files/ctd/dnbp2202_ctd278.cnv
* Sea-Bird SBE 9 Data File:
* FileName = D:\Data\raw\NBP2202_CTD278.hex
* Software Version Seasave V 7.26.7.121
* Temperature SN = 1649
* Conductivity SN = 2513
* Number of Bytes Per Scan = 40
* Number of Voltage Words = 5
* Number of Scans Averaged by the Deck Unit = 1
* NMEA Latitude = 74 04.62 S
* NMEA Longitude = 116 00.35 W
* NMEA UTC (Time) = Feb 21 2022  07:27:50
* NMEA baud rate = 9600
** Ship: RVIB N.B. Palmer
** Cruise: NBP2202 Thwaites
** Station: 180
** Operator: B. Bjork
# nquan = 28
# nvalues = 991                         
# units = specified
# name 0 = prDM: Pressure, Digiquartz [db]
# name 1 = depSM: Depth [salt water, m]
# name 2 = t090C: Temperature [ITS-90, deg C]
# name 3 = c0mS/cm: Conductivity [mS/cm]
# name 4 = t190C: Temperature, 2 [ITS-90, deg C]
# name 5 = c1mS/cm: Conductivity, 2 [mS/cm]
# name 6 = sbeox0ML/L: Oxygen, SBE 43 [ml/l]
# name 7 = sbeox1ML/L: Oxygen, SBE 43, 2 [ml/l]
# name 8 = flECO-AFL: Fluorescence, WET Labs ECO-AFL/FL [mg/m^3]
# name 9 = CStarTr0: Beam Transmission, WET Labs C-Star [%]
# name 10 = par: PAR/Irradiance, Biospherical/Licor
# name 11 = latitude: Latitude [deg]
# name 12 = longitude: Longitude [deg]
# name 13 = timeJ: Julian Days
# name 14 = altM: Altimeter [m]
# name 15 = spar: SPAR, Biospherical/Licor
# name 16 = timeS: Time, Elapsed [seconds]
# name 17 = scan: Scan Count
# name 18 = density00: Density [density, kg/m^3]
# name 19 = density11: Density, 2 [density, kg/m^3]
# name 20 = v3: Voltage 3
# name 21 = v4: Voltage 4
# name 22 = v5: Voltage 5
# name 23 = sal00: Salinity, Practical [PSU]
# name 24 = sal11: Salinity, Practical, 2 [PSU]
# name 25 = oxsolML/L: Oxygen Saturation, Garcia & Gordon [ml/l]
# name 26 = nbin: number of scans per bin
# name 27 = flag: flag
# span 0 =      2.000,    992.000       
# span 1 =      1.980,    979.397       
# span 2 =    -1.8611,     0.5191       
# span 3 =  26.883757,  29.592052       
# span 4 =    -1.8609,     0.5213       
# span 5 =  26.884213,  29.592624       
# span 6 =     4.4680,     9.0838       
# span 7 =     4.5673,     9.4055       
# span 8 =     0.1241,    10.2222       
# span 9 =    88.9071,    98.5096       
# span 10 = 1.0000e-12, 6.0282e-01      
# span 11 =  -74.07700,  -74.07700      
# span 12 = -116.00596, -116.00592      
# span 13 =  52.313339,  52.326816      
# span 14 =       3.77,     100.29      
# span 15 = 1.2855e+01, 2.5212e+01      
# span 16 =    202.450,   1366.875      
# span 17 =       4860,      32806      
# span 18 =  1027.1479,  1032.3854      
# span 19 =  1027.1510,  1032.3838      
# span 20 =     4.2194,     4.6731      
# span 21 =     0.0845,     1.3602      
# span 22 =     0.1058,     0.2209      
# span 23 =    33.7586,    34.5596      
# span 24 =    33.7610,    34.5578      
# span 25 =    7.92731,    8.47284      
# span 26 =         22,         65      
# span 27 = 0.0000e+00, 0.0000e+00      
# interval = decibars: 1                
# start_time = Feb 21 2022 07:27:50 [NMEA time, header]
# bad_flag = -9.990e-29
*END*
[from data line 881]
    883.000    872.009     0.5107  29.535079     0.5131  29.535678     4.5261     4.6217     0.2489    98.2021 1.0000e-12  -74.07700 -116.00594  52.324689      99.86 1.6859e+01   1183.112      28396  1031.8759  1031.8742     4.6584     0.1045     0.1134    34.5564    34.5544    7.92921         25 0.0000e+00
    884.000    872.996     0.5106  29.535464     0.5131  29.536177     4.5205     4.6236     0.2090    98.1920 1.0000e-12  -74.07700 -116.00594  52.324700      99.87 1.7703e+01   1184.121      28420  1031.8806  1031.8789     4.6581     0.1017     0.1140    34.5563    34.5545    7.92922         23 0.0000e+00
    885.000    873.982     0.5109  29.536114     0.5134  29.536861     4.5229     4.6277     0.2046    98.1745 1.0000e-12  -74.07700 -116.00594  52.324712      99.86 1.7255e+01   1185.120      28444  1031.8852  1031.8836     4.6572     0.1061     0.1120    34.5564    34.5545    7.92918         24 0.0000e+00
    886.000    874.966     0.5109  29.536684     0.5135  29.537396     4.5268     4.6277     0.2447    98.2307 1.0000e-12  -74.07700 -116.00594  52.324723      99.87 1.6820e+01   1186.105      28468  1031.8900  1031.8883     4.6599     0.1021     0.1106    34.5565    34.5546    7.92916         24 0.0000e+00
    887.000    875.952     0.5111  29.537303     0.5136  29.537965     4.5274     4.6297     0.3787    98.2728 1.0000e-12  -74.07700 -116.00594  52.324735      99.87 1.6940e+01   1187.089      28491  1031.8946  1031.8930     4.6619     0.1099     0.1122    34.5565    34.5546    7.92912         23 0.0000e+00
    888.000    876.939     0.5116  29.538208     0.5140  29.538833     4.5257     4.6304     0.1873    98.1313 1.0000e-12  -74.07700 -116.00594  52.324746      99.86 1.7353e+01   1188.098      28515  1031.8993  1031.8976     4.6552     0.1017     0.1110    34.5565    34.5547    7.92901         25 0.0000e+00
    889.000    877.922     0.5117  29.538840     0.5142  29.539575     4.5255     4.6272     0.1976    98.2407 1.0000e-12  -74.07700 -116.00594  52.324758      84.06 1.6857e+01   1189.118      28540  1031.9041  1031.9024     4.6604     0.0995     0.1116    34.5567    34.5549    7.92898         25 0.0000e+00
    890.000    878.908     0.5118  29.539432     0.5144  29.540146     4.5233     4.6214     0.2119    98.2000 1.0000e-12  -74.07700 -116.00594  52.324770      88.19 1.7112e+01   1190.133      28564  1031.9088  1031.9070     4.6584     0.0955     0.1121    34.5567    34.5549    7.92895         24 0.0000e+00
    891.000    879.892     0.5120  29.539965     0.5145  29.540771     4.5178     4.6256     0.2641    98.1437 1.0000e-12  -74.07700 -116.00594  52.324782      99.80 1.7246e+01   1191.127      28588  1031.9133  1031.9118     4.6558     0.1200     0.1131    34.5567    34.5550    7.92892         23 0.0000e+00
    892.000    880.880     0.5121  29.540577     0.5145  29.541162     4.5207     4.6274     0.2288    98.2415 1.0000e-12  -74.07700 -116.00594  52.324793      99.86 1.6673e+01   1192.106      28612  1031.9181  1031.9164     4.6604     0.1057     0.1110    34.5568    34.5549    7.92890         24 0.0000e+00
    893.000    881.865     0.5123  29.541115     0.5147  29.541730     4.5229     4.6302     0.1895    98.1730 1.0000e-12  -74.07700 -116.00594  52.324804      99.87 1.7245e+01   1193.083      28635  1031.9227  1031.9211     4.6572     0.1110     0.1130    34.5567    34.5549    7.92886         23 0.0000e+00
    894.000    882.850     0.5122  29.541589     0.5148  29.542279     4.5172     4.6280     0.2061    98.2002 1.0000e-12  -74.07700 -116.00594  52.324816      99.86 1.7136e+01   1194.081      28659  1031.9275  1031.9257     4.6585     0.1015     0.1103    34.5568    34.5549    7.92887         25 0.0000e+00
    895.000    883.835     0.5124  29.542183     0.5149  29.542910     4.5178     4.6240     0.2310    98.1433 1.0000e-12  -74.07700 -116.00594  52.324827      99.87 1.6534e+01   1195.092      28683  1031.9321  1031.9305     4.6557     0.0989     0.1103    34.5568    34.5550    7.92883         24 0.0000e+00
    896.000    884.821     0.5126  29.542775     0.5151  29.543528     4.5243     4.6182     0.2268    98.0102 1.0000e-12  -74.07700 -116.00594  52.324839      99.34 1.7128e+01   1196.113      28708  1031.9368  1031.9352     4.6495     0.1189     0.1122    34.5568    34.5551    7.92879         25 0.0000e+00
    897.000    885.807     0.5126  29.543280     0.5150  29.543888     4.5160     4.6233     0.2183    98.2297 1.0000e-12  -74.07700 -116.00592  52.324851      98.80 1.6970e+01   1197.132      28732  1031.9415  1031.9398     4.6599     0.1311     0.1156    34.5569    34.5551    7.92879         24 0.0000e+00
    898.000    886.791     0.5124  29.543607     0.5150  29.544367     4.5194     4.6262     0.2040    98.1468 1.0000e-12  -74.07700 -116.00594  52.324863      97.83 1.6532e+01   1198.135      28756  1031.9462  1031.9446     4.6560     0.1135     0.1122    34.5570    34.5552    7.92882         24 0.0000e+00
    899.000    887.778     0.5121  29.543694     0.5147  29.544549     4.5232     4.6271     0.2365    98.1650 1.0000e-12  -74.07700 -116.00594  52.324874      96.97 1.7472e+01   1199.122      28780  1031.9509  1031.9493     4.6568     0.1007     0.1116    34.5570    34.5552    7.92890         23 0.0000e+00
    900.000    888.762     0.5117  29.543731     0.5140  29.544392     4.5233     4.6269     0.3783    98.3378 1.0000e-12  -74.07700 -116.00594  52.324886      95.80 1.7261e+01   1200.110      28804  1031.9555  1031.9540     4.6649     0.1049     0.1107    34.5569    34.5551    7.92898         24 0.0000e+00
    901.000    889.747     0.5104  29.543087     0.5128  29.543757     4.5262     4.6240     0.2057    98.2685 1.0000e-12  -74.07700 -116.00594  52.324897      94.74 1.6404e+01   1201.113      28828  1031.9603  1031.9587     4.6617     0.1150     0.1168    34.5569    34.5550    7.92924         22 0.0000e+00
    902.000    890.734     0.5099  29.543023     0.5122  29.543538     4.5188     4.6201     0.2973    98.0007 1.0000e-12  -74.07700 -116.00594  52.324909      93.90 1.7420e+01   1202.128      28852  1031.9650  1031.9633     4.6490     0.1014     0.1095    34.5568    34.5549    7.92935         25 0.0000e+00
    903.000    891.719     0.5086  29.542287     0.5111  29.543076     4.5184     4.6253     0.2361    98.2405 1.0000e-12  -74.07700 -116.00592  52.324921      92.87 1.7262e+01   1203.142      28876  1031.9697  1031.9681     4.6603     0.1059     0.1085    34.5567    34.5549    7.92961         24 0.0000e+00
    904.000    892.701     0.5084  29.542504     0.5109  29.543215     4.5218     4.6243     0.2304    98.2906 1.0000e-12  -74.07700 -116.00594  52.324932      91.92 1.6090e+01   1204.143      28900  1031.9743  1031.9727     4.6628     0.1174     0.1092    34.5566    34.5548    7.92966         24 0.0000e+00
    905.000    893.692     0.5075  29.542125     0.5099  29.542864     4.5232     4.6269     0.2117    98.3061 1.0000e-12  -74.07700 -116.00592  52.324944      90.71 1.7398e+01   1205.124      28924  1031.9791  1031.9775     4.6635     0.0977     0.1095    34.5566    34.5549    7.92985         23 0.0000e+00
    906.000    894.675     0.5073  29.542360     0.5097  29.543009     4.5258     4.6267     0.1828    98.2515 1.0000e-12  -74.07700 -116.00594  52.324955      89.69 1.7112e+01   1206.114      28948  1031.9837  1031.9821     4.6609     0.1132     0.1102    34.5565    34.5548    7.92989         24 0.0000e+00
    907.000    895.661     0.5073  29.542706     0.5097  29.543482     4.5246     4.6253     0.1705    98.2370 1.0000e-12  -74.07700 -116.00594  52.324967      88.76 1.5862e+01   1207.108      28972  1031.9883  1031.9867     4.6602     0.0970     0.1112    34.5565    34.5548    7.92991         24 0.0000e+00
    908.000    896.645     0.5072  29.543144     0.5096  29.543855     4.5214     4.6261     0.2050    98.2781 1.0000e-12  -74.07700 -116.00594  52.324978      87.77 1.7716e+01   1208.111      28996  1031.9930  1031.9914     4.6622     0.0993     0.1093    34.5566    34.5548    7.92992         24 0.0000e+00
    909.000    897.631     0.5070  29.543487     0.5095  29.544162     4.5195     4.6284     0.2571    97.9939 1.0000e-12  -74.07700 -116.00594  52.324990      86.82 1.7479e+01   1209.118      29020  1031.9978  1031.9961     4.6487     0.1022     0.1131    34.5567    34.5548    7.92995         24 0.0000e+00
    910.000    898.616     0.5070  29.544008     0.5095  29.544750     4.5194     4.6254     0.2026    98.3140 1.0000e-12  -74.07700 -116.00594  52.325001      85.70 1.5930e+01   1210.110      29044  1032.0025  1032.0009     4.6637     0.1056     0.1106    34.5567    34.5550    7.92994         24 0.0000e+00
    911.000    899.602     0.5074  29.544706     0.5098  29.545409     4.5211     4.6209     0.2481    98.3015 1.0000e-12  -74.07700 -116.00594  52.325013      84.66 1.7328e+01   1211.099      29067  1032.0071  1032.0055     4.6633     0.0978     0.1126    34.5567    34.5549    7.92987         24 0.0000e+00
    912.000    900.585     0.5076  29.545554     0.5101  29.546208     4.5196     4.6173     0.1684    98.3408 1.0000e-12  -74.07700 -116.00594  52.325024      83.67 1.6971e+01   1212.097      29091  1032.0119  1032.0102     4.6651     0.0995     0.1114    34.5570    34.5550    7.92980         24 0.0000e+00
    913.000    901.573     0.5081  29.546487     0.5106  29.547126     4.5192     4.6214     0.2228    98.3789 1.0000e-12  -74.07700 -116.00594  52.325036      82.72 1.6007e+01   1213.110      29116  1032.0166  1032.0148     4.6669     0.0963     0.1113    34.5570    34.5551    7.92969         24 0.0000e+00
    914.000    902.557     0.5084  29.547174     0.5109  29.547920     4.5194     4.6257     0.1603    98.4144 1.0000e-12  -74.07700 -116.00594  52.325048      81.68 1.7203e+01   1214.122      29140  1032.0212  1032.0195     4.6686     0.0945     0.1142    34.5570    34.5552    7.92964         25 0.0000e+00
    915.000    903.544     0.5087  29.547937     0.5112  29.548654     4.5205     4.6240     0.2072    98.2824 1.0000e-12  -74.07700 -116.00594  52.325059      80.68 1.6828e+01   1215.128      29164  1032.0259  1032.0242     4.6624     0.0911     0.1096    34.5572    34.5553    7.92958         24 0.0000e+00
    916.000    904.527     0.5091  29.548732     0.5115  29.549463     4.5175     4.6258     0.1928    98.2060 1.0000e-12  -74.07700 -116.00594  52.325071      79.61 1.5860e+01   1216.131      29188  1032.0305  1032.0289     4.6588     0.0896     0.1111    34.5572    34.5554    7.92949         23 0.0000e+00
    917.000    905.513     0.5094  29.549423     0.5119  29.550237     4.5152     4.6237     0.1751    98.2868 1.0000e-12  -74.07700 -116.00594  52.325082      78.62 1.7512e+01   1217.122      29212  1032.0352  1032.0336     4.6626     0.0896     0.1093    34.5572    34.5554    7.92943         24 0.0000e+00
    918.000    906.500     0.5098  29.550214     0.5124  29.551113     4.5147     4.6229     0.1719    98.2373 1.0000e-12  -74.07700 -116.00594  52.325094      77.60 1.7629e+01   1218.127      29236  1032.0398  1032.0382     4.6602     0.1151     0.1120    34.5572    34.5555    7.92935         25 0.0000e+00
    919.000    907.484     0.5105  29.551343     0.5131  29.552175     4.5189     4.6176     0.1761    98.3490 1.0000e-12  -74.07700 -116.00594  52.325106      76.58 1.5938e+01   1219.128      29260  1032.0445  1032.0428     4.6656     0.0964     0.1097    34.5573    34.5555    7.92919         23 0.0000e+00
    920.000    908.470     0.5110  29.552273     0.5134  29.552893     4.5207     4.6181     0.1810    98.4324 1.0000e-12  -74.07700 -116.00594  52.325117      75.58 1.7280e+01   1220.118      29284  1032.0491  1032.0475     4.6695     0.1186     0.1109    34.5574    34.5556    7.92908         24 0.0000e+00
    921.000    909.455     0.5113  29.552958     0.5137  29.553639     4.5207     4.6220     0.1523    98.3669 1.0000e-12  -74.07700 -116.00594  52.325129      74.59 1.7041e+01   1221.104      29308  1032.0538  1032.0522     4.6664     0.0930     0.1136    34.5574    34.5557    7.92903         24 0.0000e+00
    922.000    910.440     0.5111  29.553220     0.5136  29.554007     4.5222     4.6196     0.1564    98.3732 1.0000e-12  -74.07700 -116.00594  52.325140      73.67 1.6317e+01   1222.090      29331  1032.0585  1032.0569     4.6667     0.1027     0.1089    34.5574    34.5556    7.92907         24 0.0000e+00
    923.000    911.424     0.5108  29.552945     0.5132  29.554115     4.5168     4.6201     0.3345    98.1297 1.0000e-12  -74.07700 -116.00594  52.325151      72.58 1.7101e+01   1223.087      29355  1032.0627  1032.0616     4.6551     0.1093     0.1105    34.5568    34.5556    7.92916         24 0.0000e+00
    924.000    912.411     0.5099  29.553112     0.5123  29.553836     4.5104     4.6193     0.1825    98.2915 1.0000e-12  -74.07700 -116.00594  52.325163      71.56 1.6751e+01   1224.096      29379  1032.0680  1032.0664     4.6628     0.0956     0.1081    34.5575    34.5557    7.92931         24 0.0000e+00
    925.000    913.395     0.5103  29.553842     0.5127  29.554678     4.5120     4.6216     0.1427    98.3903 1.0000e-12  -74.07700 -116.00594  52.325175      70.55 1.6377e+01   1225.113      29404  1032.0726  1032.0711     4.6675     0.0906     0.1104    34.5574    34.5558    7.92924         24 0.0000e+00
    926.000    914.382     0.5103  29.554306     0.5127  29.555038     4.5099     4.6197     0.1610    98.4046 1.0000e-12  -74.07700 -116.00594  52.325187      69.57 1.7049e+01   1226.115      29428  1032.0773  1032.0757     4.6681     0.0915     0.1136    34.5575    34.5558    7.92923         24 0.0000e+00
    927.000    915.367     0.5105  29.554990     0.5130  29.555832     4.5061     4.6152     0.2849    98.4250 1.0000e-12  -74.07700 -116.00594  52.325198      68.59 1.6746e+01   1227.111      29452  1032.0820  1032.0804     4.6691     0.0917     0.1122    34.5576    34.5559    7.92919         24 0.0000e+00
    928.000    916.352     0.5109  29.555942     0.5135  29.556753     4.5113     4.6162     0.2349    98.4130 1.0000e-12  -74.07700 -116.00594  52.325210      67.51 1.6232e+01   1228.106      29476  1032.0867  1032.0851     4.6686     0.0908     0.1096    34.5578    34.5560    7.92909         24 0.0000e+00
    929.000    917.337     0.5116  29.557057     0.5141  29.557770     4.5160     4.6087     0.1680    98.4644 1.0000e-12  -74.07700 -116.00594  52.325221      66.50 1.6600e+01   1229.102      29499  1032.0914  1032.0898     4.6710     0.1097     0.1136    34.5579    34.5560    7.92894         24 0.0000e+00
    930.000    918.321     0.5119  29.557708     0.5142  29.558471     4.5112     4.6065     0.1840    98.3524 1.0000e-12  -74.07700 -116.00594  52.325233      65.54 1.6822e+01   1230.109      29524  1032.0960  1032.0945     4.6657     0.0880     0.1095    34.5578    34.5562    7.92888         24 0.0000e+00
    931.000    919.307     0.5121  29.558412     0.5145  29.559167     4.5171     4.6147     0.1818    98.4467 1.0000e-12  -74.07700 -116.00594  52.325244      64.54 1.6597e+01   1231.120      29548  1032.1007  1032.0992     4.6701     0.0869     0.1130    34.5579    34.5563    7.92883         24 0.0000e+00
    932.000    920.292     0.5122  29.558965     0.5146  29.559633     4.5105     4.6179     0.2186    98.4124 1.0000e-12  -74.07700 -116.00594  52.325256      63.56 1.6750e+01   1232.124      29572  1032.1055  1032.1038     4.6685     0.1100     0.1238    34.5580    34.5562    7.92881         24 0.0000e+00
    933.000    921.278     0.5123  29.559594     0.5148  29.560286     4.5118     4.6172     0.4826    98.3543 1.0000e-12  -74.07700 -116.00594  52.325268      62.54 1.6971e+01   1233.119      29596  1032.1102  1032.1085     4.6657     0.0879     0.1121    34.5581    34.5563    7.92877         24 0.0000e+00
