ocean_section_plots/required_files/ctd/dnbp2202_ctd103.cnv
* Sea-Bird SBE 9 Data File:
* FileName = D:\Data\raw\NBP2202_CTD103.hex
* Software Version Seasave V 7.26.7.121
* Temperature SN = 1649
* Conductivity SN = 2513
* Number of Bytes Per Scan = 40
* Number of Voltage Words = 5
* Number of Scans Averaged by the Deck Unit = 1
* NMEA Latitude = 74 10.52 S
* NMEA Longitude = 113 20.65 W
* NMEA UTC (Time) = Jan 27 2022  03:53:00
* NMEA baud rate = 9600
** Ship: RVIB N.B. Palmer
** Cruise: NBP2202 Thwaites
** Station: YoYo001
** Operator: B. Bjork
# nquan = 25
# nvalues = 616                         
# units = specified
# name 0 = prDM: Pressure, Digiquartz [db]
# name 1 = depSM: Depth [salt water, m]
# name 2 = t090C: Temperature [ITS-90, deg C]
# name 3 = c0mS/cm: Conductivity [mS/cm]
# name 4 = t190C: Temperature, 2 [ITS-90, deg C]
# name 5 = c1mS/cm: Conductivity, 2 [mS/cm]
# name 6 = sbeox0ML/L: Oxygen, SBE 43 [ml/l]
# name 7 = sbeox1ML/L: Oxygen, SBE 43, 2 [ml/l]
# name 8 = flECO-AFL: Fluorescence, WET Labs ECO-AFL/FL [mg/m^3]
# name 9 = CStarTr0: Beam Transmission, WET Labs C-Star [%]
# name 10 = par: PAR/Irradiance, Biospherical/Licor
# name 11 = latitude: Latitude [deg]
# name 12 = longitude: Longitude [deg]
# name 13 = timeJ: Julian Days
# name 14 = altM: Altimeter [m]
# name 15 = spar: SPAR, Biospherical/Licor
# name 16 = timeS: Time, Elapsed [seconds]
# name 17 = scan: Scan Count
# name 18 = density00: Density [density, kg/m^3]
# name 19 = density11: Density, 2 [density, kg/m^3]
# name 20 = sal00: Salinity, Practical [PSU]
# name 21 = sal11: Salinity, Practical, 2 [PSU]
# name 22 = oxsolML/L: Oxygen Saturation, Garcia & Gordon [ml/l]
# name 23 = nbin: number of scans per bin
# name 24 = flag: flag
# span 0 =      2.000,    617.000       
# span 1 =      1.987,    609.706       
# span 2 =    -1.5026,     0.0950       
# span 3 =  26.944653,  28.930411       
# span 4 =    -1.5017,     0.0983       
# span 5 =  26.944525,  28.931361       
# span 6 =     4.7189,     8.9727       
# span 7 =     4.8036,     8.7562       
# span 8 =    -0.0262,    24.8256       
# span 9 =    69.7803,    95.5356       
# span 10 = 1.0000e-12, 1.1342e+02      
# span 11 =  -74.17536,  -74.17536      
# span 12 = -113.34428, -113.34424      
# span 13 =  27.165655,  27.174654      
# span 14 =       7.78,     108.42      
# span 15 = 2.9615e+02, 3.5031e+02      
# span 16 =    332.541,   1110.114      
# span 17 =       7982,      26644      
# span 18 =  1027.1751,  1030.5230      
# span 19 =  1027.1706,  1030.5208      
# span 20 =    33.7832,    34.3816      
# span 21 =    33.7824,    34.3792      
# span 22 =    8.02500,    8.40504      
# span 23 =         13,         48      
# span 24 = 0.0000e+00, 0.0000e+00      
# interval = decibars: 1                
# start_time = Jan 27 2022 03:53:00 [NMEA time, header]
# bad_flag = -9.990e-29
*END*
[from data line 464]
    466.000    460.659    -0.1181  28.627663    -0.1150  28.628589     4.7844     4.8805    -0.0101    95.4205 1.0000e-12  -74.17536 -113.34426  27.172288      99.88 3.0879e+02    905.702      21738  1029.7669  1029.7650    34.3086    34.3065    8.07391         24 0.0000e+00
    467.000    461.645    -0.1079  28.638240    -0.1056  28.638002     4.7780     4.8748    -0.0126    95.3950 1.0000e-12  -74.17536 -113.34426  27.172300      99.88 3.0872e+02    906.688      21762  1029.7724  1029.7700    34.3106    34.3078    8.07164         24 0.0000e+00
    468.000    462.634    -0.1003  28.645859    -0.0982  28.645775     4.7751     4.8755    -0.0181    95.3886 1.0000e-12  -74.17536 -113.34426  27.172311      99.88 3.0879e+02    907.683      21785  1029.7773  1029.7752    34.3116    34.3092    8.06998         24 0.0000e+00
    469.000    463.621    -0.0993  28.647545    -0.0973  28.647342     4.7804     4.8719    -0.0184    95.3725 1.0000e-12  -74.17536 -113.34426  27.172323      99.88 3.0857e+02    908.683      21809  1029.7824  1029.7802    34.3122    34.3096    8.06975         24 0.0000e+00
    470.000    464.608    -0.0985  28.649201    -0.0964  28.648779     4.7826     4.8756    -0.0105    95.3756 1.0000e-12  -74.17536 -113.34426  27.172334      99.88 3.0850e+02    909.683      21833  1029.7877  1029.7852    34.3129    34.3100    8.06954         24 0.0000e+00
    471.000    465.596    -0.0965  28.651859    -0.0946  28.651571     4.7795     4.8708    -0.0098    95.3778 1.0000e-12  -74.17536 -113.34426  27.172346      99.88 3.0850e+02    910.682      21857  1029.7929  1029.7907    34.3137    34.3111    8.06908         24 0.0000e+00
    472.000    466.583    -0.0950  28.654344    -0.0929  28.654202     4.7787     4.8711    -0.0095    95.3704 1.0000e-12  -74.17536 -113.34426  27.172357      90.82 3.0850e+02    911.672      21881  1029.7983  1029.7962    34.3146    34.3121    8.06870         24 0.0000e+00
    473.000    467.570    -0.0938  28.656271    -0.0919  28.655914     4.7824     4.8767    -0.0042    95.3796 1.0000e-12  -74.17536 -113.34426  27.172369      89.46 3.0850e+02    912.660      21905  1029.8035  1029.8012    34.3153    34.3126    8.06842         23 0.0000e+00
    474.000    468.558    -0.0937  28.657217    -0.0917  28.657015     4.7878     4.8784    -0.0093    95.3930 1.0000e-12  -74.17536 -113.34426  27.172380      97.30 3.0850e+02    913.657      21929  1029.8087  1029.8065    34.3158    34.3132    8.06836         24 0.0000e+00
    475.000    469.544    -0.0956  28.656504    -0.0932  28.656592     4.7882     4.8789    -0.0173    95.3917 1.0000e-12  -74.17536 -113.34426  27.172392      99.92 3.0850e+02    914.662      21953  1029.8142  1029.8119    34.3164    34.3138    8.06874         24 0.0000e+00
    476.000    470.534    -0.0967  28.656506    -0.0949  28.655961     4.7865     4.8793    -0.0165    95.3657 1.0000e-12  -74.17536 -113.34426  27.172404      99.88 3.0850e+02    915.671      21977  1029.8194  1029.8171    34.3170    34.3142    8.06892         25 0.0000e+00
    477.000    471.519    -0.0967  28.656929    -0.0954  28.656163     4.7913     4.8791    -0.0147    95.3724 1.0000e-12  -74.17536 -113.34426  27.172415      99.88 3.0850e+02    916.679      22001  1029.8242  1029.8221    34.3170    34.3145    8.06893         24 0.0000e+00
    478.000    472.507    -0.0973  28.657132    -0.0952  28.656820     4.7905     4.8791    -0.0090    95.3565 1.0000e-12  -74.17536 -113.34426  27.172427      99.88 3.0850e+02    917.679      22025  1029.8293  1029.8269    34.3173    34.3146    8.06904         24 0.0000e+00
    479.000    473.495    -0.0975  28.657399    -0.0955  28.657232     4.7869     4.8760    -0.0087    95.2931 1.0000e-12  -74.17536 -113.34426  27.172438      99.88 3.0850e+02    918.673      22049  1029.8340  1029.8318    34.3173    34.3148    8.06908         23 0.0000e+00
    480.000    474.481    -0.0958  28.659837    -0.0934  28.659995     4.7805     4.8713    -0.0015    95.2729 1.0000e-12  -74.17536 -113.34426  27.172450      99.87 3.0850e+02    919.675      22073  1029.8392  1029.8370    34.3181    34.3156    8.06868         25 0.0000e+00
    481.000    475.470    -0.0871  28.669142    -0.0850  28.668678     4.7791     4.8691    -0.0163    95.2173 1.0000e-12  -74.17536 -113.34426  27.172461      99.88 3.0850e+02    920.667      22097  1029.8448  1029.8422    34.3201    34.3171    8.06673         23 0.0000e+00
    482.000    476.455    -0.0827  28.674091    -0.0806  28.673938     4.7805     4.8686    -0.0178    95.1920 1.0000e-12  -74.17536 -113.34426  27.172473      99.88 3.0850e+02    921.653      22121  1029.8500  1029.8477    34.3211    34.3185    8.06575         24 0.0000e+00
    483.000    477.445    -0.0805  28.677008    -0.0786  28.676564     4.7760     4.8731    -0.0110    95.1663 1.0000e-12  -74.17536 -113.34426  27.172484      99.88 3.0850e+02    922.651      22145  1029.8552  1029.8529    34.3219    34.3191    8.06523         24 0.0000e+00
    484.000    478.432    -0.0743  28.684642    -0.0722  28.684206     4.7754     4.8710    -0.0047    95.1804 1.0000e-12  -74.17536 -113.34426  27.172496      99.88 3.0850e+02    923.647      22169  1029.8615  1029.8590    34.3245    34.3216    8.06378         24 0.0000e+00
    485.000    479.418    -0.0693  28.690722    -0.0673  28.690481     4.7762     4.8647    -0.0092    95.1975 1.0000e-12  -74.17536 -113.34426  27.172507      94.53 3.0839e+02    924.641      22192  1029.8673  1029.8651    34.3263    34.3238    8.06262         24 0.0000e+00
    486.000    480.405    -0.0694  28.690975    -0.0675  28.690681     4.7794     4.8652    -0.0086    95.2135 1.0000e-12  -74.17536 -113.34426  27.172519      85.97 3.0777e+02    925.640      22216  1029.8720  1029.8698    34.3262    34.3236    8.06265         24 0.0000e+00
    487.000    481.394    -0.0695  28.691378    -0.0675  28.691387     4.7812     4.8687    -0.0053    95.2158 1.0000e-12  -74.17536 -113.34426  27.172531      99.85 3.0777e+02    926.644      22240  1029.8768  1029.8749    34.3262    34.3240    8.06267         24 0.0000e+00
    488.000    482.380    -0.0701  28.691597    -0.0683  28.691245     4.7849     4.8714    -0.0092    95.2531 1.0000e-12  -74.17536 -113.34426  27.172542      99.87 3.0799e+02    927.641      22264  1029.8819  1029.8798    34.3266    34.3241    8.06277         24 0.0000e+00
    489.000    483.368    -0.0708  28.692168    -0.0688  28.691902     4.7884     4.8722    -0.0122    95.2452 1.0000e-12  -74.17536 -113.34426  27.172554      99.87 3.0750e+02    928.634      22288  1029.8875  1029.8853    34.3275    34.3250    8.06286         23 0.0000e+00
    490.000    484.356    -0.0707  28.693058    -0.0688  28.692782     4.7858     4.8745    -0.0163    95.2327 1.0000e-12  -74.17536 -113.34426  27.172565      99.87 3.0710e+02    929.624      22312  1029.8926  1029.8905    34.3280    34.3255    8.06281         24 0.0000e+00
    491.000    485.343    -0.0721  28.692694    -0.0702  28.692534     4.7850     4.8792    -0.0088    95.2232 1.0000e-12  -74.17536 -113.34426  27.172577      99.88 3.0718e+02    930.617      22336  1029.8979  1029.8959    34.3285    34.3262    8.06308         24 0.0000e+00
    492.000    486.329    -0.0729  28.693488    -0.0703  28.693783     4.7843     4.8737    -0.0163    95.2190 1.0000e-12  -74.17536 -113.34427  27.172588      99.88 3.0785e+02    931.614      22360  1029.9038  1029.9016    34.3298    34.3273    8.06317         24 0.0000e+00
    493.000    487.318    -0.0711  28.695676    -0.0685  28.696348     4.7805     4.8718    -0.0107    95.2060 1.0000e-12  -74.17536 -113.34427  27.172600      99.87 3.0710e+02    932.613      22384  1029.9086  1029.9068    34.3301    34.3281    8.06278         24 0.0000e+00
    494.000    488.304    -0.0666  28.701838    -0.0627  28.703594     4.7803     4.8724    -0.0098    95.1642 1.0000e-12  -74.17536 -113.34427  27.172611      99.88 3.0696e+02    933.606      22408  1029.9150  1029.9131    34.3326    34.3307    8.06168         24 0.0000e+00
    495.000    489.292    -0.0635  28.705480    -0.0622  28.704418     4.7744     4.8727    -0.0141    95.1237 1.0000e-12  -74.17536 -113.34427  27.172623      99.88 3.0674e+02    934.599      22431  1029.9201  1029.9177    34.3334    34.3306    8.06099         24 0.0000e+00
    496.000    490.280    -0.0642  28.705033    -0.0616  28.705742     4.7723     4.8671    -0.0174    95.0725 1.0000e-12  -74.17536 -113.34427  27.172634      99.88 3.0674e+02    935.596      22455  1029.9247  1029.9228    34.3331    34.3311    8.06117         24 0.0000e+00
    497.000    491.265    -0.0629  28.707194    -0.0607  28.707067     4.7769     4.8687    -0.0140    95.0650 1.0000e-12  -74.17536 -113.34428  27.172646      99.87 3.0674e+02    936.595      22479  1029.9299  1029.9276    34.3339    34.3313    8.06084         23 0.0000e+00
    498.000    492.254    -0.0621  28.708552    -0.0600  28.708282     4.7727     4.8699    -0.0132    95.0313 1.0000e-12  -74.17536 -113.34427  27.172657      93.64 3.0674e+02    937.593      22503  1029.9348  1029.9325    34.3342    34.3315    8.06065         24 0.0000e+00
    499.000    493.241    -0.0610  28.710091    -0.0591  28.709881     4.7772     4.8660    -0.0141    95.0227 1.0000e-12  -74.17536 -113.34426  27.172669      82.96 3.0674e+02    938.590      22527  1029.9397  1029.9376    34.3344    34.3320    8.06042         25 0.0000e+00
    500.000    494.227    -0.0606  28.711131    -0.0584  28.710946     4.7817     4.8703    -0.0102    95.0214 1.0000e-12  -74.17536 -113.34426  27.172680      95.10 3.0674e+02    939.585      22551  1029.9446  1029.9424    34.3347    34.3321    8.06030         23 0.0000e+00
    501.000    495.216    -0.0599  28.712290    -0.0579  28.712013     4.7796     4.8718    -0.0144    95.0021 1.0000e-12  -74.17536 -113.34426  27.172692      99.91 3.0674e+02    940.569      22575  1029.9495  1029.9473    34.3349    34.3323    8.06015         24 0.0000e+00
    502.000    496.202    -0.0596  28.713074    -0.0575  28.712855     4.7780     4.8696    -0.0016    94.9615 1.0000e-12  -74.17536 -113.34426  27.172703      99.88 3.0674e+02    941.563      22599  1029.9542  1029.9520    34.3350    34.3324    8.06008         24 0.0000e+00
    503.000    497.190    -0.0592  28.713798    -0.0573  28.713640     4.7791     4.8607    -0.0007    94.9367 1.0000e-12  -74.17536 -113.34426  27.172715      99.87 3.0674e+02    942.569      22623  1029.9589  1029.9569    34.3350    34.3326    8.06001         24 0.0000e+00
    504.000    498.178    -0.0590  28.714610    -0.0570  28.714366     4.7793     4.8611    -0.0089    94.9713 1.0000e-12  -74.17536 -113.34426  27.172726      99.87 3.0674e+02    943.566      22647  1029.9638  1029.9617    34.3352    34.3327    8.05995         24 0.0000e+00
    505.000    499.165    -0.0572  28.717102    -0.0551  28.716904     4.7735     4.8666    -0.0172    94.9550 1.0000e-12  -74.17536 -113.34426  27.172738      99.88 3.0674e+02    944.568      22671  1029.9689  1029.9668    34.3358    34.3333    8.05952         24 0.0000e+00
    506.000    500.151    -0.0562  28.718675    -0.0541  28.718566     4.7705     4.8672    -0.0178    94.9561 1.0000e-12  -74.17536 -113.34426  27.172749      99.88 3.0674e+02    945.557      22694  1029.9739  1029.9717    34.3362    34.3337    8.05929         24 0.0000e+00
    507.000    501.138    -0.0550  28.720438    -0.0530  28.720266     4.7765     4.8668    -0.0128    94.9431 1.0000e-12  -74.17536 -113.34426  27.172761      99.87 3.0674e+02    946.535      22718  1029.9789  1029.9767    34.3367    34.3341    8.05902         23 0.0000e+00
    508.000    502.125    -0.0548  28.721049    -0.0529  28.720748     4.7797     4.8681    -0.0089    94.9433 1.0000e-12  -74.17536 -113.34426  27.172772      99.87 3.0674e+02    947.518      22741  1029.9836  1029.9814    34.3367    34.3341    8.05898         24 0.0000e+00
    509.000    503.112    -0.0542  28.722059    -0.0521  28.721984     4.7751     4.8690    -0.0110    94.9390 1.0000e-12  -74.17536 -113.34426  27.172784      99.88 3.0674e+02    948.517      22765  1029.9883  1029.9862    34.3367    34.3342    8.05885         24 0.0000e+00
    510.000    504.104    -0.0528  28.724179    -0.0507  28.724018     4.7700     4.8578    -0.0132    94.9475 1.0000e-12  -74.17536 -113.34426  27.172795      99.88 3.0674e+02    949.517      22789  1029.9934  1029.9912    34.3373    34.3348    8.05851         24 0.0000e+00
    511.000    505.086    -0.0432  28.735770    -0.0405  28.735977     4.7693     4.8531    -0.0147    94.9251 1.0000e-12  -74.17536 -113.34426  27.172807      99.87 3.0674e+02    950.519      22813  1030.0005  1029.9981    34.3413    34.3386    8.05627         24 0.0000e+00
    512.000    506.075    -0.0352  28.744912    -0.0331  28.744908     4.7715     4.8584    -0.0015    94.9364 1.0000e-12  -74.17536 -113.34426  27.172818      84.08 3.0674e+02    951.510      22837  1030.0066  1030.0046    34.3439    34.3416    8.05445         23 0.0000e+00
    513.000    507.063    -0.0354  28.745107    -0.0330  28.745303     4.7691     4.8618    -0.0013    94.9336 1.0000e-12  -74.17536 -113.34426  27.172830      94.34 3.0674e+02    952.487      22861  1030.0113  1030.0092    34.3438    34.3414    8.05449         24 0.0000e+00
    514.000    508.050    -0.0356  28.745404    -0.0337  28.745042     4.7662     4.8497    -0.0013    94.9528 1.0000e-12  -74.17536 -113.34426  27.172841      50.57 3.0674e+02    953.475      22884  1030.0161  1030.0139    34.3438    34.3412    8.05453         24 0.0000e+00
    515.000    509.037    -0.0307  28.751260    -0.0271  28.752158     4.7664     4.8488    -0.0093    94.9497 1.0000e-12  -74.17536 -113.34426  27.172853     100.19 3.0640e+02    954.465      22908  1030.0218  1030.0193    34.3455    34.3427    8.05340         23 0.0000e+00
    516.000    510.021    -0.0251  28.757163    -0.0231  28.757079     4.7658     4.8524    -0.0111    94.9377 1.0000e-12  -74.17536 -113.34426  27.172864      99.88 3.0607e+02    955.458      22932  1030.0269  1030.0248    34.3465    34.3441    8.05218         24 0.0000e+00
    517.000    511.015    -0.0255  28.757300    -0.0234  28.757198     4.7683     4.8533    -0.0098    94.9489 1.0000e-12  -74.17536 -113.34426  27.172876      99.88 3.0638e+02    956.460      22956  1030.0317  1030.0296    34.3465    34.3440    8.05225         24 0.0000e+00
    518.000    511.998    -0.0248  28.758429    -0.0228  28.758014     4.7665     4.8567    -0.0094    94.9205 1.0000e-12  -74.17536 -113.34424  27.172887      99.88 3.0639e+02    957.469      22980  1030.0364  1030.0341    34.3466    34.3438    8.05209         25 0.0000e+00
    519.000    512.985    -0.0265  28.757107    -0.0243  28.756958     4.7622     4.8577    -0.0095    94.9433 1.0000e-12  -74.17536 -113.34426  27.172899      99.88 3.0645e+02    958.481      23005  1030.0411  1030.0388    34.3461    34.3435    8.05248         24 0.0000e+00
    520.000    513.971    -0.0260  28.757845    -0.0241  28.757576     4.7653     4.8484    -0.0123    94.9629 1.0000e-12  -74.17536 -113.34424  27.172911      99.87 3.0645e+02    959.495      23029  1030.0456  1030.0435    34.3460    34.3435    8.05238         24 0.0000e+00
    521.000    514.962    -0.0235  28.760862    -0.0213  28.760712     4.7636     4.8489    -0.0148    94.9428 1.0000e-12  -74.17536 -113.34426  27.172922      99.88 3.0637e+02    960.501      23053  1030.0506  1030.0484    34.3466    34.3440    8.05182         24 0.0000e+00
    522.000    515.947    -0.0217  28.762843    -0.0202  28.762092     4.7592     4.8533    -0.0104    94.9422 1.0000e-12  -74.17536 -113.34424  27.172934      99.88 3.0615e+02    961.491      23077  1030.0553  1030.0530    34.3466    34.3439    8.05145         24 0.0000e+00
