ocean_section_plots/required_files/ctd/dnbp2202_ctd033.cnv
* Sea-Bird SBE 9 Data File:
* FileName = D:\Data\raw\NBP2202_CTD033.hex
* Software Version Seasave V 7.26.7.121
* Temperature SN = 1649
* Conductivity SN = 2513
* Number of Bytes Per Scan = 40
* Number of Voltage Words = 5
* Number of Scans Averaged by the Deck Unit = 1
* NMEA Latitude = 74 09.02 S
* NMEA Longitude = 111 53.91 W
* NMEA UTC (Time) = Jan 21 2022  23:44:24
* NMEA baud rate = 9600
** Ship: RVIB N.B. Palmer
** Cruise: NBP2202 Thwaites
** Station: 20
** Operator: A. Robinson
# nquan = 25
# nvalues = 504                         
# units = specified
# name 0 = prDM: Pressure, Digiquartz [db]
# name 1 = depSM: Depth [salt water, m]
# name 2 = t090C: Temperature [ITS-90, deg C]
# name 3 = c0mS/cm: Conductivity [mS/cm]
# name 4 = t190C: Temperature, 2 [ITS-90, deg C]
# name 5 = c1mS/cm: Conductivity, 2 [mS/cm]
# name 6 = sbeox0ML/L: Oxygen, SBE 43 [ml/l]
# name 7 = sbeox1ML/L: Oxygen, SBE 43, 2 [ml/l]
# name 8 = flECO-AFL: Fluorescence, WET Labs ECO-AFL/FL [mg/m^3]
# name 9 = CStarTr0: Beam Transmission, WET Labs C-Star [%]
# name 10 = par: PAR/Irradiance, Biospherical/Licor
# name 11 = latitude: Latitude [deg]
# name 12 = longitude: Longitude [deg]
# name 13 = timeJ: Julian Days
# name 14 = altM: Altimeter [m]
# name 15 = spar: SPAR, Biospherical/Licor
# name 16 = timeS: Time, Elapsed [seconds]
# name 17 = scan: Scan Count
# name 18 = density00: Density [density, kg/m^3]
# name 19 = density11: Density, 2 [density, kg/m^3]
# name 20 = sal00: Salinity, Practical [PSU]
# name 21 = sal11: Salinity, Practical, 2 [PSU]
# name 22 = oxsolML/L: Oxygen Saturation, Garcia & Gordon [ml/l]
# name 23 = nbin: number of scans per bin
# name 24 = flag: flag
# span 0 =      2.000,    505.000       
# span 1 =      1.977,    499.167       
# span 2 =    -1.5454,     0.1274       
# span 3 =  27.055305,  28.949195       
# span 4 =    -1.5458,     0.1297       
# span 5 =  27.054838,  28.949045       
# span 6 =     4.7845,     7.9232       
# span 7 =     5.0511,     8.1671       
# span 8 =    -0.0150,    12.8454       
# span 9 =    77.5933,    97.3479       
# span 10 = -7.723e-07, 1.0602e+03      
# span 11 =  -74.15036,  -74.15036      
# span 12 = -111.89864, -111.89860      
# span 13 =  21.992251,  22.000733      
# span 14 =       4.70,      99.66      
# span 15 = 1.5902e+03, 1.7699e+03      
# span 16 =    266.457,    999.348      
# span 17 =       6396,      23985      
# span 18 =  1027.1908,  1030.0368      
# span 19 =  1027.1948,  1030.0344      
# span 20 =    33.7775,    34.4355      
# span 21 =    33.7802,    34.4328      
# span 22 =    8.01520,    8.40493      
# span 23 =         19,         53      
# span 24 = 0.0000e+00, 0.0000e+00      
# interval = decibars: 1                
# start_time = Jan 21 2022 23:44:24 [NMEA time, header]
# bad_flag = -9.990e-29
*END*
[from data line 406]
    408.000    403.380    -0.0839  28.654965    -0.0808  28.655154     4.8587     5.1492     0.0196    97.0551 1.0000e-12  -74.15036 -111.89864  21.998930      99.61 1.6763e+03    843.521      20246  1029.5146  1029.5118    34.3409    34.3377    8.06487         26 0.0000e+00
    409.000    404.369    -0.0824  28.657133    -0.0838  28.652828     4.8471     5.1341     0.0148    97.0476 1.0000e-12  -74.15036 -111.89864  21.998943      99.60 1.7046e+03    844.667      20273  1029.5200  1029.5169    34.3415    34.3374    8.06451         29 0.0000e+00
    410.000    405.354    -0.0632  28.675395    -0.0630  28.672722     4.8445     5.1242     0.0280    97.0601 1.0000e-12  -74.15036 -111.89864  21.998956      99.60 1.7130e+03    845.811      20300  1029.5250  1029.5220    34.3436    34.3398    8.06036         26 0.0000e+00
    411.000    406.343    -0.0597  28.679128    -0.0565  28.679235     4.8312     5.1122     0.0145    97.0314 1.0000e-12  -74.15036 -111.89864  21.998969      99.28 1.7286e+03    846.919      20327  1029.5301  1029.5271    34.3441    34.3406    8.05960         27 0.0000e+00
    412.000    407.331    -0.0534  28.685427    -0.0517  28.684406     4.8463     5.1211     0.0197    97.0286 1.0000e-12  -74.15036 -111.89864  21.998982      99.03 1.7354e+03    848.047      20354  1029.5350  1029.5323    34.3447    34.3415    8.05823         27 0.0000e+00
    413.000    408.318    -0.0565  28.681512    -0.0554  28.680689     4.8617     5.1381     0.0056    97.0030 1.0000e-12  -74.15036 -111.89864  21.998995      98.51 1.7480e+03    849.192      20382  1029.5384  1029.5366    34.3424    34.3401    8.05901         28 0.0000e+00
    414.000    409.307    -0.0833  28.655670    -0.0847  28.652274     4.8659     5.1356     0.0163    97.0384 1.0000e-12  -74.15036 -111.89864  21.999008      97.32 1.7493e+03    850.317      20409  1029.5419  1029.5397    34.3376    34.3347    8.06492         26 0.0000e+00
    415.000    410.293    -0.0862  28.653506    -0.0823  28.654881     4.8711     5.1392     0.0269    97.0361 1.0000e-12  -74.15036 -111.89864  21.999022      96.29 1.7527e+03    851.457      20436  1029.5468  1029.5444    34.3375    34.3349    8.06556         29 0.0000e+00
    416.000    411.280    -0.0816  28.658489    -0.0809  28.656495     4.8618     5.1400     0.0235    97.0429 1.0000e-12  -74.15036 -111.89864  21.999035      95.29 1.7504e+03    852.618      20464  1029.5518  1029.5491    34.3382    34.3349    8.06453         27 0.0000e+00
    417.000    412.271    -0.0816  28.659087    -0.0774  28.660863     4.8574     5.1263     0.0243    97.0314 1.0000e-12  -74.15036 -111.89864  21.999048      94.33 1.7492e+03    853.752      20491  1029.5567  1029.5545    34.3384    34.3361    8.06452         27 0.0000e+00
    418.000    413.257    -0.0821  28.659369    -0.0793  28.659393     4.8576     5.1420     0.0142    97.0446 1.0000e-12  -74.15036 -111.89864  21.999061      93.31 1.7344e+03    854.906      20519  1029.5619  1029.5592    34.3389    34.3357    8.06462         28 0.0000e+00
    419.000    414.244    -0.0808  28.660494    -0.0805  28.658619     4.8550     5.1432     0.0169    97.0426 1.0000e-12  -74.15036 -111.89862  21.999075      92.30 1.6932e+03    856.070      20547  1029.5660  1029.5639    34.3382    34.3355    8.06436         28 0.0000e+00
    420.000    415.232    -0.0771  28.665207    -0.0872  28.652704     4.8257     5.1028     0.0247    97.0196 1.0000e-12  -74.15036 -111.89864  21.999088      91.28 1.7495e+03    857.182      20573  1029.5718  1029.5684    34.3398    34.3345    8.06351         26 0.0000e+00
    421.000    416.220    -0.0633  28.681461    -0.0511  28.690035     4.8099     5.0852     0.0257    97.0133 1.0000e-12  -74.15036 -111.89862  21.999101      90.22 1.7536e+03    858.296      20600  1029.5796  1029.5767    34.3452    34.3429    8.06028         27 0.0000e+00
    422.000    417.208    -0.0069  28.739059    -0.0046  28.738081     4.8050     5.0790     0.0177    97.0252 1.0000e-12  -74.15036 -111.89864  21.999114      89.17 1.6999e+03    859.441      20628  1029.5895  1029.5862    34.3577    34.3538    8.04772         28 0.0000e+00
    423.000    418.194    -0.0009  28.746260     0.0011  28.745370     4.8004     5.0761     0.0174    97.0195 1.0000e-12  -74.15036 -111.89863  21.999127      88.19 1.6508e+03    860.554      20654  1029.5957  1029.5929    34.3598    34.3565    8.04632         26 0.0000e+00
    424.000    419.182     0.0074  28.756879     0.0101  28.756677     4.7979     5.0677     0.0213    97.0210 1.0000e-12  -74.15036 -111.89863  21.999140      87.21 1.6841e+03    861.667      20681  1029.6032  1029.6004    34.3640    34.3607    8.04435         27 0.0000e+00
    425.000    420.171     0.0212  28.772328     0.0228  28.770930     4.7907     5.0687     0.0169    97.0039 1.0000e-12  -74.15036 -111.89863  21.999153      86.16 1.7015e+03    862.816      20709  1029.6106  1029.6076    34.3684    34.3648    8.04121         28 0.0000e+00
    426.000    421.158     0.0300  28.781822     0.0319  28.780905     4.7917     5.0642     0.0087    96.9789 1.0000e-12  -74.15036 -111.89863  21.999166      85.04 1.7055e+03    863.934      20735  1029.6164  1029.6136    34.3704    34.3671    8.03924         26 0.0000e+00
    427.000    422.145     0.0400  28.793419     0.0423  28.792752     4.7952     5.0617     0.0102    97.0048 1.0000e-12  -74.15036 -111.89863  21.999179      84.11 1.7388e+03    865.041      20762  1029.6233  1029.6204    34.3740    34.3706    8.03694         27 0.0000e+00
    428.000    423.133     0.0472  28.802294     0.0498  28.802220     4.7887     5.0624     0.0080    97.0048 1.0000e-12  -74.15036 -111.89862  21.999192      83.08 1.7557e+03    866.171      20789  1029.6302  1029.6276    34.3771    34.3741    8.03526         27 0.0000e+00
    429.000    424.121     0.0489  28.804572     0.0519  28.804985     4.7889     5.0607     0.0303    97.0133 1.0000e-12  -74.15036 -111.89864  21.999205      82.11 1.7518e+03    867.291      20816  1029.6354  1029.6330    34.3776    34.3748    8.03488         27 0.0000e+00
    430.000    425.107     0.0518  28.808169     0.0529  28.806447     4.7905     5.0622     0.0170    96.9896 1.0000e-12  -74.15036 -111.89862  21.999218      81.12 1.7500e+03    868.410      20843  1029.6408  1029.6380    34.3785    34.3751    8.03422         27 0.0000e+00
    431.000    426.096     0.0526  28.809405     0.0547  28.808753     4.7854     5.0624     0.0164    96.9905 1.0000e-12  -74.15036 -111.89863  21.999231      80.14 1.7515e+03    869.557      20870  1029.6458  1029.6431    34.3786    34.3755    8.03404         27 0.0000e+00
    432.000    427.084     0.0550  28.812155     0.0564  28.811095     4.7845     5.0577     0.0093    97.0359 1.0000e-12  -74.15036 -111.89862  21.999244      79.04 1.7527e+03    870.683      20897  1029.6508  1029.6483    34.3790    34.3760    8.03352         27 0.0000e+00
    433.000    428.071     0.0533  28.810585     0.0551  28.809690     4.7871     5.0623     0.0178    97.0296 1.0000e-12  -74.15036 -111.89862  21.999257      78.01 1.7514e+03    871.789      20924  1029.6552  1029.6526    34.3783    34.3751    8.03393         27 0.0000e+00
    434.000    429.058     0.0529  28.810632     0.0546  28.809730     4.7910     5.0612     0.0154    97.0200 1.0000e-12  -74.15036 -111.89862  21.999270      76.96 1.7538e+03    872.922      20951  1029.6600  1029.6574    34.3781    34.3750    8.03401         27 0.0000e+00
    435.000    430.046     0.0529  28.810978     0.0548  28.810256     4.7850     5.0511     0.0203    97.0219 1.0000e-12  -74.15036 -111.89862  21.999283      75.96 1.7491e+03    874.043      20978  1029.6647  1029.6622    34.3780    34.3750    8.03402         27 0.0000e+00
    436.000    431.029     0.0527  28.811158     0.0544  28.810357     4.7889     5.0578     0.0076    97.0127 1.0000e-12  -74.15036 -111.89862  21.999295      75.05 1.7462e+03    875.130      21004  1029.6695  1029.6670    34.3779    34.3749    8.03407         24 0.0000e+00
    437.000    432.024     0.0532  28.812050     0.0545  28.810686     4.7902     5.0557     0.0126    96.9982 1.0000e-12  -74.15036 -111.89862  21.999308      73.96 1.6742e+03    876.244      21031  1029.6743  1029.6716    34.3780    34.3747    8.03397         27 0.0000e+00
    438.000    433.010     0.0521  28.811344     0.0542  28.810839     4.7969     5.0681     0.0200    97.0086 1.0000e-12  -74.15036 -111.89862  21.999321      73.02 1.5931e+03    877.371      21058  1029.6789  1029.6764    34.3776    34.3747    8.03421         27 0.0000e+00
    439.000    433.996     0.0518  28.812421     0.0539  28.811602     4.8250     5.0947     0.0149    97.0184 1.0000e-12  -74.15036 -111.89862  21.999334      72.02 1.6513e+03    878.471      21084  1029.6846  1029.6818    34.3788    34.3754    8.03421         26 0.0000e+00
    440.000    434.983     0.0468  28.812442     0.0461  28.809658     4.8432     5.1099     0.0140    97.0270 1.0000e-12  -74.15036 -111.89862  21.999347      70.88 1.6490e+03    879.605      21112  1029.6939  1029.6917    34.3838    34.3810    8.03497         28 0.0000e+00
    441.000    435.973     0.0372  28.810056     0.0394  28.809643     4.8395     5.1107     0.0143    97.0094 1.0000e-12  -74.15036 -111.89862  21.999360      69.97 1.7032e+03    880.738      21139  1029.7052  1029.7025    34.3909    34.3878    8.03659         26 0.0000e+00
    442.000    436.958     0.0471  28.821689     0.0489  28.820775     4.8384     5.1156     0.0060    97.0396 1.0000e-12  -74.15036 -111.89862  21.999373      68.96 1.7393e+03    881.823      21165  1029.7119  1029.7092    34.3945    34.3913    8.03430         26 0.0000e+00
    443.000    437.947     0.0511  28.826703     0.0530  28.825868     4.8398     5.1130     0.0135    97.0116 1.0000e-12  -74.15036 -111.89862  21.999386      67.90 1.7361e+03    882.929      21191  1029.7175  1029.7149    34.3961    34.3929    8.03338         28 0.0000e+00
    444.000    438.934     0.0487  28.827273     0.0506  28.826871     4.8383     5.1167     0.0143    97.0214 1.0000e-12  -74.15036 -111.89862  21.999399      66.89 1.7491e+03    884.059      21218  1029.7248  1029.7225    34.3989    34.3962    8.03373         26 0.0000e+00
    445.000    439.922     0.0506  28.830282     0.0536  28.830674     4.8373     5.1139     0.0057    97.0215 1.0000e-12  -74.15036 -111.89862  21.999412      65.90 1.7515e+03    885.156      21245  1029.7303  1029.7279    34.4001    34.3974    8.03325         26 0.0000e+00
    446.000    440.909     0.0528  28.833047     0.0548  28.832350     4.8351     5.1059     0.0051    97.0086 1.0000e-12  -74.15036 -111.89862  21.999424      64.82 1.7402e+03    886.270      21271  1029.7354  1029.7327    34.4008    34.3977    8.03276         28 0.0000e+00
    447.000    441.897     0.0545  28.835460     0.0566  28.835093     4.8423     5.1154     0.0052    96.9906 1.0000e-12  -74.15036 -111.89862  21.999438      63.80 1.7326e+03    887.405      21299  1029.7406  1029.7381    34.4015    34.3986    8.03237         26 0.0000e+00
    448.000    442.884     0.0519  28.833610     0.0542  28.833523     4.8457     5.1245     0.0042    96.9866 1.0000e-12  -74.15036 -111.89862  21.999450      62.83 1.7432e+03    888.497      21325  1029.7454  1029.7431    34.4013    34.3986    8.03292         27 0.0000e+00
    449.000    443.871     0.0450  28.828142     0.0479  28.828639     4.8509     5.1268    -0.0031    96.9985 1.0000e-12  -74.15036 -111.89862  21.999463      61.79 1.7511e+03    889.591      21351  1029.7507  1029.7484    34.4013    34.3986    8.03437         26 0.0000e+00
    450.000    444.859     0.0481  28.831592     0.0498  28.830738     4.8570     5.1290    -0.0096    97.0286 1.0000e-12  -74.15036 -111.89862  21.999476      60.71 1.7406e+03    890.708      21378  1029.7555  1029.7530    34.4017    34.3987    8.03369         27 0.0000e+00
    451.000    445.848     0.0437  28.827879     0.0473  28.829030     4.8591     5.1344     0.0053    97.0118 1.0000e-12  -74.15036 -111.89862  21.999488      59.83 1.7489e+03    891.798      21404  1029.7602  1029.7579    34.4012    34.3987    8.03465         26 0.0000e+00
    452.000    446.834     0.0428  28.827845     0.0441  28.826706     4.8598     5.1292     0.0002    97.0077 1.0000e-12  -74.15036 -111.89862  21.999501      58.75 1.7421e+03    892.896      21431  1029.7652  1029.7628    34.4015    34.3986    8.03481         27 0.0000e+00
    453.000    447.822     0.0413  28.827048     0.0430  28.826270     4.8621     5.1325     0.0134    96.9908 1.0000e-12  -74.15036 -111.89862  21.999514      57.69 1.7320e+03    894.015      21457  1029.7701  1029.7676    34.4015    34.3986    8.03512         26 0.0000e+00
    454.000    448.809     0.0394  28.826110     0.0418  28.825904     4.8604     5.1375     0.0048    96.9914 1.0000e-12  -74.15036 -111.89862  21.999527      56.57 1.7352e+03    895.111      21484  1029.7752  1029.7728    34.4019    34.3989    8.03550         27 0.0000e+00
    455.000    449.798     0.0381  28.825572     0.0402  28.825217     4.8621     5.1338    -0.0025    96.9946 1.0000e-12  -74.15036 -111.89862  21.999539      55.56 1.7350e+03    896.207      21510  1029.7802  1029.7778    34.4020    34.3992    8.03577         26 0.0000e+00
    456.000    450.784     0.0390  28.826756     0.0408  28.826163     4.8583     5.1313     0.0034    96.9866 1.0000e-12  -74.15036 -111.89862  21.999553      54.46 1.7502e+03    897.336      21537  1029.7848  1029.7824    34.4020    34.3992    8.03558         27 0.0000e+00
    457.000    451.772     0.0396  28.828012     0.0413  28.827402     4.8574     5.1300    -0.0076    96.9789 1.0000e-12  -74.15036 -111.89862  21.999565      53.61 1.7472e+03    898.433      21563  1029.7898  1029.7875    34.4024    34.3997    8.03544         26 0.0000e+00
    458.000    452.760     0.0393  28.828052     0.0403  28.826627     4.8540     5.1306     0.0131    96.9700 1.0000e-12  -74.15036 -111.89862  21.999578      52.47 1.7472e+03    899.519      21589  1029.7944  1029.7918    34.4022    34.3991    8.03552         26 0.0000e+00
    459.000    453.746     0.0408  28.830362     0.0428  28.829854     4.8506     5.1295     0.0061    96.9762 1.0000e-12  -74.15036 -111.89862  21.999591      51.32 1.7525e+03    900.630      21616  1029.7995  1029.7970    34.4029    34.4000    8.03515         27 0.0000e+00
    460.000    454.733     0.0419  28.831503     0.0426  28.829793     4.8454     5.1184     0.0044    96.9690 1.0000e-12  -74.15036 -111.89862  21.999603      50.35 1.7471e+03    901.731      21643  1029.8039  1029.8014    34.4027    34.3996    8.03494         26 0.0000e+00
    461.000    455.722     0.0468  28.837247     0.0505  28.838320     4.8417     5.1102    -0.0017    96.9470 1.0000e-12  -74.15036 -111.89862  21.999616      49.21 1.7470e+03    902.817      21669  1029.8093  1029.8068    34.4041    34.4014    8.03382         27 0.0000e+00
    462.000    456.710     0.0607  28.851958     0.0626  28.851018     4.8327     5.1022     0.0054    96.9736 1.0000e-12  -74.15036 -111.89862  21.999629      48.04 1.7493e+03    903.925      21695  1029.8154  1029.8126    34.4074    34.4041    8.03073         26 0.0000e+00
    463.000    457.697     0.0631  28.854668     0.0652  28.854360     4.8297     5.1017    -0.0032    96.9532 1.0000e-12  -74.15036 -111.89862  21.999641      47.11 1.7311e+03    905.018      21721  1029.8203  1029.8179    34.4077    34.4050    8.03022         26 0.0000e+00
    464.000    458.684     0.0650  28.857512     0.0668  28.856655     4.8329     5.1037    -0.0093    96.9404 1.0000e-12  -74.15036 -111.89862  21.999654      46.16 1.7485e+03    906.097      21747  1029.8257  1029.8231    34.4088    34.4056    8.02976         26 0.0000e+00
