ocean_section_plots/required_files/ctd/dnbp2202_ctd120.cnv
* Sea-Bird SBE 9 Data File:
* FileName = D:\Data\raw\NBP2202_CTD120.hex
* Software Version Seasave V 7.26.7.121
* Temperature SN = 1649
* Conductivity SN = 2513
* Number of Bytes Per Scan = 40
* Number of Voltage Words = 5
* Number of Scans Averaged by the Deck Unit = 1
* NMEA Latitude = 74 10.52 S
* NMEA Longitude = 113 20.65 W
* NMEA UTC (Time) = Jan 27 2022  10:40:49
* NMEA baud rate = 9600
** Ship: RVIB N.B. Palmer
** Cruise: NBP2202 Thwaites
** Station: YoYo001
** Operator: B. Bjork
# nquan = 25
# nvalues = 608                         
# units = specified
# name 0 = prDM: Pressure, Digiquartz [db]
# name 1 = depSM: Depth [salt water, m]
# name 2 = t090C: Temperature [ITS-90, deg C]
# name 3 = c0mS/cm: Conductivity [mS/cm]
# name 4 = t190C: Temperature, 2 [ITS-90, deg C]
# name 5 = c1mS/cm: Conductivity, 2 [mS/cm]
# name 6 = sbeox0ML/L: Oxygen, SBE 43 [ml/l]
# name 7 = sbeox1ML/L: Oxygen, SBE 43, 2 [ml/l]
# name 8 = flECO-AFL: Fluorescence, WET Labs ECO-AFL/FL [mg/m^3]
# name 9 = CStarTr0: Beam Transmission, WET Labs C-Star [%]
# name 10 = par: PAR/Irradiance, Biospherical/Licor
# name 11 = latitude: Latitude [deg]
# name 12 = longitude: Longitude [deg]
# name 13 = timeJ: Julian Days
# name 14 = altM: Altimeter [m]
# name 15 = spar: SPAR, Biospherical/Licor
# name 16 = timeS: Time, Elapsed [seconds]
# name 17 = scan: Scan Count
# name 18 = density00: Density [density, kg/m^3]
# name 19 = density11: Density, 2 [density, kg/m^3]
# name 20 = sal00: Salinity, Practical [PSU]
# name 21 = sal11: Salinity, Practical, 2 [PSU]
# name 22 = oxsolML/L: Oxygen Saturation, Garcia & Gordon [ml/l]
# name 23 = nbin: number of scans per bin
# name 24 = flag: flag
# span 0 =     10.000,    617.000       
# span 1 =      9.897,    609.708       
# span 2 =    -1.4193,     0.0921       
# span 3 =  27.015840,  28.927217       
# span 4 =    -1.4182,     0.0939       
# span 5 =  27.015895,  28.925926       
# span 6 =     4.6777,     8.5731       
# span 7 =     4.7296,     8.6475       
# span 8 =    -0.0221,    29.0324       
# span 9 =    69.0216,    95.6130       
# span 10 = 1.0000e-12, 4.9189e+00      
# span 11 =  -74.17538,  -74.17536      
# span 12 = -113.34426, -113.34424      
# span 13 =  27.445312,  27.452837      
# span 14 =       7.03,     102.99      
# span 15 = 2.2741e+02, 2.3447e+02      
# span 16 =     25.968,    676.082      
# span 17 =        624,      16227      
# span 18 =  1027.2267,  1030.5233      
# span 19 =  1027.2266,  1030.5207      
# span 20 =    33.7926,    34.3819      
# span 21 =    33.7904,    34.3792      
# span 22 =    8.02560,    8.38534      
# span 23 =         16,         49      
# span 24 = 0.0000e+00, 0.0000e+00      
# interval = decibars: 1                
# start_time = Jan 27 2022 10:40:49 [NMEA time, header]
# bad_flag = -9.990e-29
*END*
[from data line 58]
     68.000     67.286    -1.3121  27.090849    -1.3123  27.089985     6.6634     6.8209    13.1790    75.2752 1.0000e-12  -74.17536 -113.34424  27.446051      99.64 2.3446e+02     89.827       2157  1027.5385  1027.5378    33.8208    33.8198    8.36204         24 0.0000e+00
     69.000     68.275    -1.3139  27.090882    -1.3128  27.090708     6.6075     6.7601    10.9505    75.3905 1.0000e-12  -74.17536 -113.34424  27.446062      99.35 2.3446e+02     90.780       2180  1027.5442  1027.5429    33.8222    33.8207    8.36236         21 0.0000e+00
     70.000     69.263    -1.3214  27.084598    -1.3273  27.079027     6.5663     6.7207     9.3912    78.1817 1.0000e-12  -74.17536 -113.34424  27.446072      99.41 2.3446e+02     91.628       2200  1027.5486  1027.5481    33.8215    33.8205    8.36409         22 0.0000e+00
     71.000     70.253    -1.3416  27.070084    -1.3415  27.069325     6.5460     6.6855     9.0703    80.2844 1.0000e-12  -74.17536 -113.34424  27.446083      85.19 2.3446e+02     92.579       2223  1027.5560  1027.5551    33.8237    33.8226    8.36848         23 0.0000e+00
     72.000     71.242    -1.3416  27.071371    -1.3430  27.068904     6.4462     6.5956    10.0878    81.7750 1.0000e-12  -74.17536 -113.34424  27.446095      99.38 2.3446e+02     93.578       2247  1027.5615  1027.5600    33.8250    33.8231    8.36842         25 0.0000e+00
     73.000     72.232    -1.3417  27.071632    -1.3425  27.070105     6.2833     6.4690     9.4014    81.4823 1.0000e-12  -74.17536 -113.34424  27.446106      99.44 2.3446e+02     94.584       2271  1027.5658  1027.5648    33.8247    33.8235    8.36844         24 0.0000e+00
     74.000     73.222    -1.3685  27.052104    -1.3588  27.059354     6.0622     6.2619     9.5543    82.4980 1.0000e-12  -74.17536 -113.34424  27.446118      99.42 2.3446e+02     95.590       2295  1027.5743  1027.5728    33.8276    33.8266    8.37429         24 0.0000e+00
     75.000     74.209    -1.4033  27.025961    -1.3964  27.030631     5.7494     5.9665     9.5726    83.4620 1.0000e-12  -74.17536 -113.34424  27.446129      99.54 2.3446e+02     96.564       2319  1027.5830  1027.5815    33.8304    33.8290    8.38195         21 0.0000e+00
     76.000     75.201    -1.4193  27.015840    -1.4182  27.015895     5.4921     5.7184     8.2975    83.3290 1.0000e-12  -74.17536 -113.34424  27.446139      99.63 2.3446e+02     97.410       2339  1027.5914  1027.5904    33.8339    33.8327    8.38534         21 0.0000e+00
     77.000     76.188    -1.3689  27.079391    -1.3673  27.077422     5.3462     5.5608     5.5912    84.7023 1.0000e-12  -74.17536 -113.34424  27.446150      99.66 2.3446e+02     98.333       2361  1027.6168  1027.6131    33.8637    33.8592    8.37223         23 0.0000e+00
     78.000     77.179    -1.3380  27.116890    -1.3368  27.116604     5.3068     5.4936     5.0558    86.0744 1.0000e-12  -74.17536 -113.34424  27.446161      99.79 2.3446e+02     99.311       2384  1027.6325  1027.6311    33.8797    33.8780    8.36435         24 0.0000e+00
     79.000     78.167    -1.3370  27.121046    -1.3357  27.120631     5.3156     5.4743     2.7478    86.1355 1.0000e-12  -74.17536 -113.34424  27.446172      99.82 2.3446e+02    100.307       2408  1027.6404  1027.6388    33.8836    33.8816    8.36389         24 0.0000e+00
     80.000     79.156    -1.3354  27.124517    -1.3343  27.124297     5.3439     5.4670     1.7575    86.9658 1.0000e-12  -74.17536 -113.34424  27.446184      99.78 2.3446e+02    101.300       2432  1027.6470  1027.6457    33.8860    33.8844    8.36340         24 0.0000e+00
     81.000     80.147    -1.3356  27.125428    -1.3344  27.125158     5.3613     5.4695     1.5566    89.3438 1.0000e-12  -74.17536 -113.34424  27.446196      99.80 2.3446e+02    102.305       2456  1027.6525  1027.6511    33.8868    33.8852    8.36339         24 0.0000e+00
     82.000     81.135    -1.3362  27.125884    -1.3351  27.125573     5.3796     5.4727     1.0944    91.4230 1.0000e-12  -74.17536 -113.34424  27.446207      99.82 2.3446e+02    103.319       2481  1027.6578  1027.6565    33.8875    33.8858    8.36348         24 0.0000e+00
     83.000     82.125    -1.3367  27.126246    -1.3353  27.126268     5.3943     5.4771     0.9757    91.3239 1.0000e-12  -74.17536 -113.34424  27.446219      99.85 2.3446e+02    104.318       2505  1027.6630  1027.6617    33.8880    33.8864    8.36357         24 0.0000e+00
     84.000     83.115    -1.3370  27.126507    -1.3365  27.125903     5.4082     5.4751     1.2643    91.6054 1.0000e-12  -74.17536 -113.34424  27.446231      99.85 2.3446e+02    105.320       2529  1027.6678  1027.6668    33.8880    33.8866    8.36362         24 0.0000e+00
     85.000     84.102    -1.3390  27.125199    -1.3378  27.125328     5.4118     5.4732     1.3112    92.9348 1.0000e-12  -74.17536 -113.34424  27.446242      99.85 2.3446e+02    106.318       2553  1027.6726  1027.6716    33.8879    33.8867    8.36409         24 0.0000e+00
     86.000     85.093    -1.3398  27.125580    -1.3387  27.125063     5.4153     5.4774     0.9203    93.4230 1.0000e-12  -74.17536 -113.34424  27.446254      99.85 2.3446e+02    107.315       2577  1027.6780  1027.6765    33.8886    33.8868    8.36421         24 0.0000e+00
     87.000     86.082    -1.3385  27.126832    -1.3371  27.126876     5.4171     5.4740     0.2783    93.5574 1.0000e-12  -74.17536 -113.34424  27.446265      99.85 2.3446e+02    108.315       2601  1027.6825  1027.6812    33.8883    33.8868    8.36395         24 0.0000e+00
     88.000     87.070    -1.3424  27.124992    -1.3409  27.124885     5.4125     5.4717     0.2916    93.9075 1.0000e-12  -74.17536 -113.34424  27.446277      99.86 2.3446e+02    109.327       2625  1027.6885  1027.6870    33.8896    33.8877    8.36476         24 0.0000e+00
     89.000     88.060    -1.3433  27.125209    -1.3419  27.125026     5.4075     5.4653     0.2117    94.5649 1.0000e-12  -74.17536 -113.34424  27.446288      99.85 2.3446e+02    110.321       2649  1027.6939  1027.6924    33.8902    33.8885    8.36491         24 0.0000e+00
     90.000     89.050    -1.3427  27.126222    -1.3414  27.126018     5.4066     5.4608     0.2678    94.6238 1.0000e-12  -74.17536 -113.34424  27.446300      99.86 2.3446e+02    111.316       2673  1027.6987  1027.6972    33.8904    33.8886    8.36478         24 0.0000e+00
     91.000     90.039    -1.3424  27.127347    -1.3412  27.127238     5.4030     5.4622     0.1485    94.7300 1.0000e-12  -74.17536 -113.34424  27.446312      99.86 2.3446e+02    112.315       2697  1027.7040  1027.7026    33.8910    33.8894    8.36468         24 0.0000e+00
     92.000     91.028    -1.3444  27.126896    -1.3425  27.126984     5.4040     5.4612     0.1236    94.8730 1.0000e-12  -74.17536 -113.34424  27.446323      99.86 2.3446e+02    113.309       2720  1027.7097  1027.7079    33.8920    33.8899    8.36506         24 0.0000e+00
     93.000     92.016    -1.3448  27.127174    -1.3434  27.126831     5.4074     5.4626     0.1004    94.9645 1.0000e-12  -74.17536 -113.34424  27.446335      99.86 2.3446e+02    114.310       2744  1027.7146  1027.7130    33.8922    33.8902    8.36514         24 0.0000e+00
     94.000     93.005    -1.3478  27.125502    -1.3475  27.124669     5.4114     5.4645     0.0895    95.0525 1.0000e-12  -74.17536 -113.34424  27.446346      99.86 2.3446e+02    115.323       2769  1027.7200  1027.7188    33.8926    33.8911    8.36578         24 0.0000e+00
     95.000     93.996    -1.3484  27.125508    -1.3476  27.125011     5.4093     5.4625     0.1747    95.1027 1.0000e-12  -74.17536 -113.34424  27.446358      99.86 2.3446e+02    116.326       2793  1027.7249  1027.7235    33.8928    33.8911    8.36592         24 0.0000e+00
     96.000     94.982    -1.3478  27.126380    -1.3466  27.126116     5.4090     5.4652     0.1851    95.1987 1.0000e-12  -74.17536 -113.34424  27.446370      99.86 2.3446e+02    117.325       2817  1027.7295  1027.7281    33.8926    33.8908    8.36579         24 0.0000e+00
     97.000     95.974    -1.3483  27.126508    -1.3468  27.126424     5.4091     5.4615     0.0294    95.2408 1.0000e-12  -74.17536 -113.34424  27.446381      99.86 2.3446e+02    118.324       2841  1027.7344  1027.7329    33.8927    33.8909    8.36588         25 0.0000e+00
     98.000     96.964    -1.3500  27.125807    -1.3485  27.125693     5.4117     5.4634     0.0490    95.2519 1.0000e-12  -74.17536 -113.34424  27.446393      97.78 2.3446e+02    119.322       2865  1027.7396  1027.7381    33.8930    33.8912    8.36624         23 0.0000e+00
     99.000     97.952    -1.3498  27.126356    -1.3491  27.125851     5.4228     5.4775     0.1303    95.3567 1.0000e-12  -74.17536 -113.34424  27.446404      99.87 2.3446e+02    120.316       2889  1027.7443  1027.7430    33.8930    33.8914    8.36622         24 0.0000e+00
    100.000     98.941    -1.3540  27.123471    -1.3530  27.123198     5.4438     5.4964     0.1086    95.3467 1.0000e-12  -74.17536 -113.34424  27.446416      99.86 2.3446e+02    121.313       2913  1027.7494  1027.7482    33.8931    33.8916    8.36714         24 0.0000e+00
    101.000     99.931    -1.3717  27.109304    -1.3701  27.110060     5.4510     5.4989     0.1235    95.4644 1.0000e-12  -74.17536 -113.34424  27.446427      99.86 2.3446e+02    122.310       2936  1027.7553  1027.7546    33.8931    33.8923    8.37112         24 0.0000e+00
    102.000    100.919    -1.3794  27.104175    -1.3785  27.103849     5.4375     5.4909     0.0729    95.4192 1.0000e-12  -74.17536 -113.34424  27.446439      99.86 2.3446e+02    123.298       2960  1027.7614  1027.7601    33.8942    33.8927    8.37279         24 0.0000e+00
    103.000    101.908    -1.3774  27.106490    -1.3757  27.106454     5.4280     5.4856     0.0225    95.4895 1.0000e-12  -74.17536 -113.34424  27.446450      99.86 2.3446e+02    124.293       2984  1027.7661  1027.7645    33.8944    33.8925    8.37232         23 0.0000e+00
    104.000    102.898    -1.3663  27.115820    -1.3651  27.115455     5.4190     5.4767    -0.0111    95.4828 1.0000e-12  -74.17536 -113.34424  27.446462      99.86 2.3446e+02    125.289       3008  1027.7699  1027.7683    33.8941    33.8922    8.36985         24 0.0000e+00
    105.000    103.888    -1.3639  27.118185    -1.3627  27.117676     5.4164     5.4711    -0.0099    95.4656 1.0000e-12  -74.17536 -113.34424  27.446473      99.86 2.3446e+02    126.278       3032  1027.7744  1027.7727    33.8940    33.8919    8.36932         24 0.0000e+00
    106.000    104.875    -1.3625  27.119488    -1.3616  27.118855     5.4249     5.4723    -0.0068    95.4432 1.0000e-12  -74.17536 -113.34424  27.446485      99.86 2.3446e+02    127.275       3056  1027.7788  1027.7772    33.8935    33.8917    8.36903         24 0.0000e+00
    107.000    105.866    -1.3642  27.118513    -1.3632  27.118177     5.4441     5.4963    -0.0147    95.5076 1.0000e-12  -74.17538 -113.34424  27.446496      99.87 2.3446e+02    128.270       3079  1027.7836  1027.7822    33.8935    33.8919    8.36941         24 0.0000e+00
    108.000    106.854    -1.3703  27.113815    -1.3668  27.115744     5.4675     5.5189    -0.0150    95.5129 1.0000e-12  -74.17538 -113.34424  27.446508      99.86 2.3446e+02    129.260       3103  1027.7886  1027.7874    33.8933    33.8920    8.37078         23 0.0000e+00
    109.000    107.844    -1.3883  27.100731    -1.3869  27.100888     5.4733     5.5189    -0.0150    95.5173 1.0000e-12  -74.17538 -113.34424  27.446519      99.86 2.3446e+02    130.246       3127  1027.7960  1027.7947    33.8951    33.8937    8.37473         24 0.0000e+00
    110.000    108.833    -1.3887  27.101154    -1.3896  27.099163     5.4724     5.5262    -0.0147    95.5302 1.0000e-12  -74.17538 -113.34426  27.446531      98.53 2.3446e+02    131.234       3151  1027.8010  1027.7997    33.8955    33.8938    8.37479         24 0.0000e+00
    111.000    109.820    -1.3905  27.100086    -1.3895  27.099756     5.4657     5.5284    -0.0073    95.4835 1.0000e-12  -74.17538 -113.34424  27.446542      89.38 2.3446e+02    132.215       3174  1027.8058  1027.8045    33.8954    33.8939    8.37520         23 0.0000e+00
    112.000    110.812    -1.3904  27.100640    -1.3893  27.100321     5.4679     5.5201    -0.0136    95.5352 1.0000e-12  -74.17538 -113.34426  27.446553     100.01 2.3446e+02    133.202       3198  1027.8106  1027.8091    33.8955    33.8937    8.37518         24 0.0000e+00
    113.000    111.799    -1.3906  27.101028    -1.3894  27.100727     5.4723     5.5176    -0.0150    95.5366 1.0000e-12  -74.17538 -113.34424  27.446565      99.86 2.3446e+02    134.197       3222  1027.8154  1027.8139    33.8957    33.8939    8.37522         24 0.0000e+00
    114.000    112.789    -1.3905  27.101728    -1.3891  27.101449     5.4641     5.5186    -0.0150    95.5313 1.0000e-12  -74.17538 -113.34426  27.446576      99.86 2.3446e+02    135.183       3245  1027.8203  1027.8187    33.8958    33.8939    8.37517         24 0.0000e+00
    115.000    113.778    -1.3905  27.102297    -1.3893  27.101930     5.4625     5.5223    -0.0150    95.5353 1.0000e-12  -74.17538 -113.34424  27.446588      99.86 2.3446e+02    136.169       3269  1027.8252  1027.8236    33.8960    33.8941    8.37517         23 0.0000e+00
    116.000    114.768    -1.3904  27.102704    -1.3890  27.102667     5.4661     5.5273    -0.0168    95.5366 1.0000e-12  -74.17538 -113.34426  27.446599      99.87 2.3446e+02    137.164       3293  1027.8298  1027.8284    33.8959    33.8942    8.37517         24 0.0000e+00
    117.000    115.756    -1.3906  27.103067    -1.3890  27.103258     5.4610     5.5297    -0.0193    95.5398 1.0000e-12  -74.17538 -113.34424  27.446611      99.86 2.3446e+02    138.150       3317  1027.8347  1027.8334    33.8960    33.8944    8.37520         24 0.0000e+00
    118.000    116.746    -1.3894  27.105108    -1.3881  27.104949     5.4565     5.5250    -0.0131    95.5174 1.0000e-12  -74.17538 -113.34426  27.446622      99.87 2.3446e+02    139.125       3340  1027.8401  1027.8386    33.8968    33.8950    8.37488         23 0.0000e+00
    119.000    117.734    -1.3891  27.105969    -1.3879  27.105642     5.4631     5.5260    -0.0077    95.5087 1.0000e-12  -74.17538 -113.34424  27.446633      99.87 2.3446e+02    140.103       3363  1027.8450  1027.8435    33.8970    33.8952    8.37480         24 0.0000e+00
    120.000    118.724    -1.3890  27.106511    -1.3877  27.106357     5.4670     5.5256    -0.0077    95.5535 1.0000e-12  -74.17538 -113.34426  27.446645      99.86 2.3446e+02    141.090       3387  1027.8498  1027.8483    33.8970    33.8953    8.37478         23 0.0000e+00
    121.000    119.712    -1.3893  27.106935    -1.3880  27.106683     5.4729     5.5351    -0.0077    95.5118 1.0000e-12  -74.17538 -113.34426  27.446656      99.87 2.3446e+02    142.065       3411  1027.8547  1027.8533    33.8972    33.8955    8.37482         24 0.0000e+00
    122.000    120.702    -1.3894  27.107665    -1.3882  27.107407     5.4806     5.5457    -0.0077    95.5386 1.0000e-12  -74.17538 -113.34426  27.446667      99.87 2.3446e+02    143.056       3434  1027.8599  1027.8585    33.8977    33.8960    8.37481         24 0.0000e+00
    123.000    121.691    -1.3900  27.109188    -1.3888  27.109020     5.4859     5.5520    -0.0077    95.5577 1.0000e-12  -74.17538 -113.34426  27.446679      99.86 2.3446e+02    144.043       3458  1027.8666  1027.8652    33.8999    33.8983    8.37483         23 0.0000e+00
    124.000    122.680    -1.3891  27.113857    -1.3875  27.113948     5.4901     5.5620    -0.0077    95.5462 1.0000e-12  -74.17538 -113.34426  27.446690      97.33 2.3446e+02    145.020       3481  1027.8752  1027.8737    33.9047    33.9030    8.37434         23 0.0000e+00
