ocean_section_plots/required_files/ctd/dnbp2202_ctd294.cnv
* Sea-Bird SBE 9 Data File:
* FileName = D:\Data\raw\NBP2202_CTD294.hex
* Software Version Seasave V 7.26.7.121
* Temperature SN = 1649
* Conductivity SN = 2513
* Number of Bytes Per Scan = 40
* Number of Voltage Words = 5
* Number of Scans Averaged by the Deck Unit = 1
* NMEA Latitude = 73 21.53 S
* NMEA Longitude = 114 41.59 W
* NMEA UTC (Time) = Feb 24 2022  09:31:06
* NMEA baud rate = 9600
** Ship: RVIB N.B. Palmer
** Cruise: NBP2202 Thwaites
** Station: 196
** Operator: B. Bjork
# nquan = 28
# nvalues = 852                         
# units = specified
# name 0 = prDM: Pressure, Digiquartz [db]
# name 1 = depSM: Depth [salt water, m]
# name 2 = t090C: Temperature [ITS-90, deg C]
# name 3 = c0mS/cm: Conductivity [mS/cm]
# name 4 = t190C: Temperature, 2 [ITS-90, deg C]
# name 5 = c1mS/cm: Conductivity, 2 [mS/cm]
# name 6 = sbeox0ML/L: Oxygen, SBE 43 [ml/l]
# name 7 = sbeox1ML/L: Oxygen, SBE 43, 2 [ml/l]
# name 8 = flECO-AFL: Fluorescence, WET Labs ECO-AFL/FL [mg/m^3]
# name 9 = CStarTr0: Beam Transmission, WET Labs C-Star [%]
# name 10 = par: PAR/Irradiance, Biospherical/Licor
# name 11 = latitude: Latitude [deg]
# name 12 = longitude: Longitude [deg]
# name 13 = timeJ: Julian Days
# name 14 = altM: Altimeter [m]
# name 15 = spar: SPAR, Biospherical/Licor
# name 16 = timeS: Time, Elapsed [seconds]
# name 17 = scan: Scan Count
# name 18 = density00: Density [density, kg/m^3]
# name 19 = density11: Density, 2 [density, kg/m^3]
# name 20 = v3: Voltage 3
# name 21 = v4: Voltage 4
# name 22 = v5: Voltage 5
# name 23 = sal00: Salinity, Practical [PSU]
# name 24 = sal11: Salinity, Practical, 2 [PSU]
# name 25 = oxsolML/L: Oxygen Saturation, Garcia & Gordon [ml/l]
# name 26 = nbin: number of scans per bin
# name 27 = flag: flag
# span 0 =      2.000,    853.000       
# span 1 =      1.975,    842.471       
# span 2 =    -1.7864,     0.5976       
# span 3 =  27.045105,  29.603771       
# span 4 =    -1.7862,     0.6001       
# span 5 =  27.046409,  29.604615       
# span 6 =     4.4789,     9.0049       
# span 7 =     4.6595,     9.3527       
# span 8 =     0.1057,    12.9969       
# span 9 =    85.5158,    97.6114       
# span 10 = -1.578e-05, 5.2902e-01      
# span 11 =  -73.35894,  -73.35894      
# span 12 = -114.69328, -114.69324      
# span 13 =  55.397880,  55.411570      
# span 14 =     -23.23,      99.75      
# span 15 = 1.5464e+01, 2.0439e+01      
# span 16 =    110.847,   1293.627      
# span 17 =       2661,      31048      
# span 18 =  1027.1295,  1031.7365      
# span 19 =  1027.1363,  1031.7353      
# span 20 =     4.0572,     4.6305      
# span 21 =     0.0817,     2.4171      
# span 22 =     0.1133,     0.1965      
# span 23 =    33.7303,    34.5663      
# span 24 =    33.7352,    34.5648      
# span 25 =    7.91089,    8.45137      
# span 26 =          7,         48      
# span 27 = 0.0000e+00, 0.0000e+00      
# interval = decibars: 1                
# start_time = Feb 24 2022 09:31:06 [NMEA time, header]
# bad_flag = -9.990e-29
*END*
[from data line 622]
    624.000    616.637     0.0290  28.863735     0.0309  28.864067     4.7583     4.9317     0.3065    96.8427 1.0000e-12  -73.35894 -114.69326  55.406045      90.78 1.8613e+01    816.332      19593  1030.5456  1030.5441     4.5941     0.1180     0.1295    34.3634    34.3617    8.03986         25 0.0000e+00
    625.000    617.624     0.0298  28.864976     0.0318  28.865477     4.7547     4.9322     0.3291    96.8786 1.0000e-12  -73.35894 -114.69326  55.406058      84.61 1.7636e+01    817.368      19618  1030.5504  1030.5490     4.5958     0.1348     0.1306    34.3635    34.3620    8.03968         25 0.0000e+00
    626.000    618.612     0.0310  28.866937     0.0331  28.867339     4.7576     4.9219     0.3423    96.7488 1.0000e-12  -73.35894 -114.69324  55.406069      96.25 1.6169e+01    818.402      19643  1030.5555  1030.5540     4.5897     0.1333     0.1280    34.3642    34.3624    8.03939         25 0.0000e+00
    627.000    619.598     0.0342  28.870996     0.0363  28.871201     4.7622     4.9205     0.3228    96.7818 1.0000e-12  -73.35894 -114.69326  55.406082      99.67 1.8442e+01    819.479      19668  1030.5609  1030.5591     4.5912     0.1209     0.1265    34.3654    34.3633    8.03865         26 0.0000e+00
    628.000    620.585     0.0378  28.875297     0.0400  28.875851     4.7548     4.9238     0.3091    96.8089 1.0000e-12  -73.35894 -114.69324  55.406095      99.66 1.6387e+01    820.574      19695  1030.5662  1030.5647     4.5924     0.1201     0.1253    34.3664    34.3648    8.03783         26 0.0000e+00
    629.000    621.572     0.0401  28.878242     0.0422  28.878772     4.7495     4.9225     0.3906    96.3099 1.0000e-12  -73.35894 -114.69324  55.406107      99.67 1.5929e+01    821.641      19720  1030.5714  1030.5699     4.5689     0.1198     0.1285    34.3673    34.3656    8.03732         25 0.0000e+00
    630.000    622.558     0.0416  28.880448     0.0437  28.880898     4.7497     4.9176     0.3475    96.8648 1.0000e-12  -73.35894 -114.69324  55.406119      99.67 1.8122e+01    822.697      19746  1030.5764  1030.5749     4.5951     0.1191     0.1278    34.3678    34.3661    8.03696         26 0.0000e+00
    631.000    623.546     0.0424  28.881958     0.0446  28.882592     4.7574     4.9219     0.3079    96.7924 1.0000e-12  -73.35894 -114.69324  55.406131      99.67 1.7559e+01    823.749      19771  1030.5815  1030.5802     4.5917     0.1185     0.1250    34.3683    34.3668    8.03676         25 0.0000e+00
    632.000    624.530     0.0419  28.882450     0.0439  28.883006     4.7662     4.9295     0.3073    96.8245 1.0000e-12  -73.35894 -114.69324  55.406143      99.67 1.6423e+01    824.798      19796  1030.5869  1030.5856     4.5932     0.1315     0.1275    34.3690    34.3675    8.03683         25 0.0000e+00
    633.000    625.519     0.0412  28.882547     0.0433  28.883099     4.7672     4.9212     0.4394    96.8244 1.0000e-12  -73.35894 -114.69324  55.406156      99.67 1.7701e+01    825.858      19822  1030.5919  1030.5905     4.5932     0.1261     0.1280    34.3693    34.3677    8.03696         26 0.0000e+00
    634.000    626.504     0.0409  28.882818     0.0429  28.883243     4.7650     4.9265     0.4841    96.8430 1.0000e-12  -73.35894 -114.69324  55.406168      99.67 1.6632e+01    826.927      19847  1030.5968  1030.5953     4.5941     0.1192     0.1288    34.3694    34.3677    8.03702         25 0.0000e+00
    635.000    627.493     0.0381  28.880683     0.0411  28.882085     4.7930     4.9477     0.3695    96.8193 1.0000e-12  -73.35894 -114.69324  55.406180      99.67 1.6680e+01    827.985      19873  1030.6016  1030.6002     4.5930     0.1208     0.1271    34.3691    34.3677    8.03762         26 0.0000e+00
    636.000    628.477     0.0266  28.869520     0.0282  28.870526     4.8197     4.9727     0.3153    96.7063 1.0000e-12  -73.35894 -114.69324  55.406193      78.83 1.8527e+01    829.074      19899  1030.6055  1030.6050     4.5877     0.1521     0.1253    34.3667    34.3663    8.04018         27 0.0000e+00
    637.000    629.464    -0.0208  28.828004    -0.0192  28.828861     4.8329     4.9904     0.3536    96.8498 1.0000e-12  -73.35894 -114.69324  55.406205      88.94 1.7226e+01    830.150      19925  1030.6127  1030.6121     4.5944     0.1377     0.1301    34.3643    34.3636    8.05026         25 0.0000e+00
    638.000    630.453    -0.0292  28.821102    -0.0269  28.822198     4.8380     5.0026     0.3544    96.8329 1.0000e-12  -73.35894 -114.69324  55.406217      99.39 1.6556e+01    831.167      19949  1030.6179  1030.6168     4.5936     0.1154     0.1268    34.3640    34.3629    8.05205         23 0.0000e+00
    639.000    631.438    -0.0344  28.816763    -0.0335  28.816523     4.8451     5.0055     0.2824    96.7993 1.0000e-12  -73.35894 -114.69324  55.406229      99.67 1.7638e+01    832.175      19973  1030.6225  1030.6214     4.5920     0.1138     0.1246    34.3635    34.3622    8.05317         25 0.0000e+00
    640.000    632.424    -0.0417  28.810669    -0.0406  28.810787     4.8542     5.0227     0.3455    96.7341 1.0000e-12  -73.35894 -114.69324  55.406241      99.67 1.7153e+01    833.232      19999  1030.6273  1030.6263     4.5890     0.1184     0.1268    34.3630    34.3619    8.05473         26 0.0000e+00
    641.000    633.412    -0.0465  28.807214    -0.0446  28.807771     4.8585     5.0262     0.4589    96.8726 1.0000e-12  -73.35894 -114.69324  55.406254      99.67 1.6478e+01    834.310      20024  1030.6324  1030.6311     4.5954     0.1115     0.1253    34.3632    34.3618    8.05573         26 0.0000e+00
    642.000    634.399    -0.0500  28.804704    -0.0487  28.804677     4.8555     5.0236     0.2629    96.8432 1.0000e-12  -73.35894 -114.69324  55.406266      99.67 1.7404e+01    835.360      20050  1030.6373  1030.6360     4.5941     0.1156     0.1250    34.3632    34.3618    8.05646         25 0.0000e+00
    643.000    635.384    -0.0525  28.802965    -0.0515  28.802777     4.8787     5.0424     0.2507    96.7348 1.0000e-12  -73.35894 -114.69324  55.406278      99.67 1.6759e+01    836.378      20074  1030.6420  1030.6409     4.5890     0.1146     0.1266    34.3632    34.3619    8.05700         24 0.0000e+00
    644.000    636.372    -0.0530  28.802576    -0.0517  28.803182     4.9065     5.0630     0.2631    96.6536 1.0000e-12  -73.35894 -114.69324  55.406289      99.67 1.6558e+01    837.363      20098  1030.6462  1030.6456     4.5852     0.1116     0.1243    34.3626    34.3620    8.05713         23 0.0000e+00
    645.000    637.358    -0.0957  28.764246    -0.0928  28.767197     4.9146     5.0825     0.2780    96.8392 1.0000e-12  -73.35894 -114.69324  55.406301      99.67 1.6712e+01    838.372      20122  1030.6520  1030.6523     4.5938     0.1321     0.1267    34.3592    34.3597    8.06633         25 0.0000e+00
    646.000    638.346    -0.1197  28.744584    -0.1185  28.744868     4.9230     5.0952     0.2851    96.3102 1.0000e-12  -73.35894 -114.69324  55.406313      99.67 1.7089e+01    839.444      20148  1030.6590  1030.6581     4.5690     0.1134     0.1262    34.3594    34.3585    8.07139         26 0.0000e+00
    647.000    639.331    -0.1217  28.743485    -0.1198  28.744146     4.9370     5.1060     0.2442    96.9205 1.0000e-12  -73.35894 -114.69325  55.406326      99.67 1.6814e+01    840.528      20174  1030.6637  1030.6625     4.5978     0.1114     0.1230    34.3596    34.3584    8.07179         26 0.0000e+00
    648.000    640.318    -0.1214  28.744602    -0.1196  28.745334     4.9295     5.0998     0.2824    96.8695 1.0000e-12  -73.35894 -114.69325  55.406338      99.67 1.6783e+01    841.584      20199  1030.6686  1030.6675     4.5953     0.1057     0.1248    34.3602    34.3591    8.07170         25 0.0000e+00
    649.000    641.305    -0.1216  28.744953    -0.1199  28.745572     4.9326     5.0979     0.3760    97.0062 1.0000e-12  -73.35894 -114.69325  55.406350      77.17 1.6747e+01    842.618      20224  1030.6731  1030.6721     4.6019     0.1012     0.1245    34.3603    34.3592    8.07174         24 0.0000e+00
    650.000    642.291    -0.1175  28.750420    -0.1152  28.751154     4.9404     5.1020     0.2494    97.0787 1.0000e-12  -73.35894 -114.69325  55.406362      83.96 1.6855e+01    843.641      20248  1030.6789  1030.6774     4.6053     0.1006     0.1236    34.3623    34.3607    8.07075         25 0.0000e+00
    651.000    643.278    -0.1220  28.746487    -0.1213  28.746815     4.9598     5.1309     0.3091    97.0423 1.0000e-12  -73.35894 -114.69325  55.406374      99.54 1.6545e+01    844.685      20273  1030.6833  1030.6829     4.6036     0.1110     0.1221    34.3616    34.3612    8.07175         26 0.0000e+00
    652.000    644.264    -0.1481  28.723945    -0.1469  28.724840     4.9905     5.1530     0.2528    97.0182 1.0000e-12  -73.35894 -114.69325  55.406386      99.67 1.6681e+01    845.785      20300  1030.6892  1030.6891     4.6024     0.1007     0.1235    34.3603    34.3602    8.07733         26 0.0000e+00
    653.000    645.251    -0.1758  28.700193    -0.1738  28.701604     4.9910     5.1664     0.2881    97.0980 1.0000e-12  -73.35894 -114.69325  55.406399      99.67 1.6542e+01    846.872      20326  1030.6956  1030.6950     4.6062     0.1066     0.1241    34.3593    34.3589    8.08325         26 0.0000e+00
    654.000    646.236    -0.1826  28.695397    -0.1809  28.696074     4.9874     5.1606     0.2287    97.1394 1.0000e-12  -73.35894 -114.69326  55.406411      99.67 1.6642e+01    847.918      20351  1030.7011  1030.7001     4.6082     0.1124     0.1214    34.3600    34.3589    8.08466         25 0.0000e+00
    655.000    647.225    -0.1787  28.699684    -0.1769  28.700365     4.9875     5.1592     0.1847    97.0940 1.0000e-12  -73.35894 -114.69326  55.406423      99.67 1.7348e+01    848.960      20376  1030.7058  1030.7047     4.6060     0.1095     0.1238    34.3607    34.3596    8.08379         25 0.0000e+00
    656.000    648.211    -0.1732  28.705830    -0.1710  28.706846     4.9842     5.1636     0.2028    97.1375 1.0000e-12  -73.35894 -114.69325  55.406435      99.67 1.7135e+01    850.004      20401  1030.7108  1030.7098     4.6081     0.0991     0.1228    34.3621    34.3610    8.08254         25 0.0000e+00
    657.000    649.198    -0.1633  28.716163    -0.1611  28.716743     4.9605     5.1433     0.4190    97.1649 1.0000e-12  -73.35894 -114.69324  55.406447      99.67 1.6480e+01    851.056      20426  1030.7160  1030.7146     4.6094     0.1455     0.1246    34.3641    34.3625    8.08032         26 0.0000e+00
    658.000    650.181    -0.1541  28.725081    -0.1519  28.726084     4.9298     5.1052     0.3742    97.1395 1.0000e-12  -73.35894 -114.69324  55.406460      99.67 1.6812e+01    852.137      20452  1030.7205  1030.7194     4.6082     0.1269     0.1229    34.3651    34.3639    8.07833         26 0.0000e+00
    659.000    651.173    -0.1137  28.765828    -0.1086  28.767881     4.9056     5.0912     0.2033    97.1507 1.0000e-12  -73.35894 -114.69326  55.406472      99.68 1.6500e+01    853.210      20478  1030.7278  1030.7250     4.6087     0.0967     0.1216    34.3732    34.3702    8.06933         25 0.0000e+00
    660.000    652.157    -0.0876  28.789628    -0.0856  28.790250     4.8980     5.0786     0.2080    97.1352 1.0000e-12  -73.35894 -114.69326  55.406484      99.67 1.6359e+01    854.253      20503  1030.7315  1030.7302     4.6080     0.0998     0.1211    34.3749    34.3735    8.06373         25 0.0000e+00
    661.000    653.144    -0.0836  28.793933    -0.0816  28.794423     4.8914     5.0697     0.2201    97.2712 1.0000e-12  -73.35894 -114.69326  55.406497      99.67 1.7077e+01    855.298      20528  1030.7365  1030.7351     4.6144     0.0974     0.1223    34.3755    34.3740    8.06285         26 0.0000e+00
    662.000    654.130    -0.0796  28.798174    -0.0776  28.798846     4.8899     5.0705     0.2164    97.2629 1.0000e-12  -73.35894 -114.69326  55.406509      81.86 1.6089e+01    856.352      20553  1030.7414  1030.7402     4.6140     0.0939     0.1220    34.3761    34.3747    8.06198         24 0.0000e+00
    663.000    655.117    -0.0744  28.803860    -0.0724  28.804263     4.8778     5.0692     0.2347    97.0998 1.0000e-12  -73.35894 -114.69326  55.406521      93.81 1.6138e+01    857.401      20579  1030.7466  1030.7451     4.6063     0.0946     0.1211    34.3772    34.3755    8.06082         26 0.0000e+00
    664.000    656.103    -0.0698  28.808470    -0.0675  28.809244     4.8571     5.0444     0.3259    97.1983 1.0000e-12  -73.35894 -114.69326  55.406533      99.62 1.7057e+01    858.449      20604  1030.7513  1030.7499     4.6110     0.1067     0.1376    34.3775    34.3760    8.05982         25 0.0000e+00
    665.000    657.090    -0.0559  28.823400    -0.0532  28.823691     4.8318     5.0132     0.2318    97.2937 1.0000e-12  -73.35894 -114.69326  55.406545      99.67 1.6078e+01    859.487      20629  1030.7577  1030.7554     4.6155     0.1065     0.1212    34.3811    34.3785    8.05670         24 0.0000e+00
    666.000    658.076    -0.0037  28.873136     0.0000  28.874100     4.8128     4.9986     0.1894    97.2761 1.0000e-12  -73.35894 -114.69326  55.406557      99.68 1.5862e+01    860.517      20653  1030.7629  1030.7603     4.6147     0.1419     0.1228    34.3878    34.3850    8.04534         25 0.0000e+00
    667.000    659.063     0.0197  28.894644     0.0199  28.893219     4.7929     4.9746     0.2598    97.1302 1.0000e-12  -73.35894 -114.69326  55.406569      99.66 1.6914e+01    861.587      20679  1030.7671  1030.7653     4.6077     0.0962     0.1220    34.3895    34.3873    8.04034         27 0.0000e+00
    668.000    660.049     0.0263  28.901445     0.0286  28.902061     4.7650     4.9491     0.1845    97.2225 1.0000e-12  -73.35894 -114.69326  55.406582      99.67 1.6502e+01    862.663      20705  1030.7723  1030.7707     4.6121     0.0916     0.1217    34.3905    34.3887    8.03890         25 0.0000e+00
    669.000    661.036     0.0552  28.929946     0.0590  28.931239     4.7532     4.9277     0.3259    97.2505 1.0000e-12  -73.35894 -114.69326  55.406594      99.67 1.5868e+01    863.705      20730  1030.7782  1030.7759     4.6134     0.0962     0.1230    34.3951    34.3926    8.03257         25 0.0000e+00
    670.000    662.023     0.0793  28.952014     0.0822  28.953159     4.7419     4.9216     0.5745    97.3088 1.0000e-12  -73.35894 -114.69326  55.406606      99.67 1.7405e+01    864.741      20755  1030.7822  1030.7806     4.6162     0.0946     0.1227    34.3967    34.3950    8.02744         25 0.0000e+00
    671.000    663.009     0.0851  28.958078     0.0887  28.959748     4.7419     4.9144     0.1627    97.3363 1.0000e-12  -73.35894 -114.69326  55.406618      99.68 1.6352e+01    865.799      20780  1030.7876  1030.7858     4.6175     0.1071     0.1267    34.3977    34.3958    8.02618         25 0.0000e+00
    672.000    663.995     0.1030  28.975111     0.1048  28.975171     4.7399     4.9095     0.1819    97.3008 1.0000e-12  -73.35894 -114.69326  55.406630      99.68 1.5867e+01    866.853      20805  1030.7923  1030.7907     4.6158     0.0914     0.1243    34.3995    34.3976    8.02233         26 0.0000e+00
    673.000    664.982     0.1069  28.978932     0.1089  28.979275     4.7613     4.9292     0.1669    97.2778 1.0000e-12  -73.35894 -114.69326  55.406642      99.67 1.7184e+01    867.899      20831  1030.7971  1030.7956     4.6147     0.0939     0.1229    34.3996    34.3978    8.02150         25 0.0000e+00
    674.000    665.969     0.1067  28.978996     0.1087  28.979684     4.7770     4.9407     0.2603    97.3153 1.0000e-12  -73.35894 -114.69326  55.406655      99.67 1.6574e+01    868.954      20856  1030.8020  1030.8007     4.6166     0.1071     0.1230    34.3993    34.3979    8.02157         25 0.0000e+00
