ocean_section_plots/required_files/ctd/dnbp2202_ctd207.cnv
* Sea-Bird SBE 9 Data File:
* FileName = D:\Data\raw\NBP2202_CTD207.hex
* Software Version Seasave V 7.26.7.121
* Temperature SN = 1649
* Conductivity SN = 2513
* Number of Bytes Per Scan = 40
* Number of Voltage Words = 5
* Number of Scans Averaged by the Deck Unit = 1
* NMEA Latitude = 74 08.00 S
* NMEA Longitude = 113 25.38 W
* NMEA UTC (Time) = Feb 10 2022  08:40:54
* NMEA baud rate = 9600
** Ship: RVIB N.B. Palmer
** Cruise: NBP2202 Thwaites
** Station: 126
** Operator: B. Bjork
** Tow-Yo #3
# nquan = 28
# nvalues = 233                         
# units = specified
# name 0 = prDM: Pressure, Digiquartz [db]
# name 1 = depSM: Depth [salt water, m]
# name 2 = t090C: Temperature [ITS-90, deg C]
# name 3 = c0mS/cm: Conductivity [mS/cm]
# name 4 = t190C: Temperature, 2 [ITS-90, deg C]
# name 5 = c1mS/cm: Conductivity, 2 [mS/cm]
# name 6 = sbeox0ML/L: Oxygen, SBE 43 [ml/l]
# name 7 = sbeox1ML/L: Oxygen, SBE 43, 2 [ml/l]
# name 8 = flECO-AFL: Fluorescence, WET Labs ECO-AFL/FL [mg/m^3]
# name 9 = CStarTr0: Beam Transmission, WET Labs C-Star [%]
# name 10 = par: PAR/Irradiance, Biospherical/Licor
# name 11 = latitude: Latitude [deg]
# name 12 = longitude: Longitude [deg]
# name 13 = timeJ: Julian Days
# name 14 = altM: Altimeter [m]
# name 15 = spar: SPAR, Biospherical/Licor
# name 16 = timeS: Time, Elapsed [seconds]
# name 17 = scan: Scan Count
# name 18 = density00: Density [density, kg/m^3]
# name 19 = density11: Density, 2 [density, kg/m^3]
# name 20 = v3: Voltage 3
# name 21 = v4: Voltage 4
# name 22 = v5: Voltage 5
# name 23 = sal00: Salinity, Practical [PSU]
# name 24 = sal11: Salinity, Practical, 2 [PSU]
# name 25 = oxsolML/L: Oxygen Saturation, Garcia & Gordon [ml/l]
# name 26 = nbin: number of scans per bin
# name 27 = flag: flag
# span 0 =      1.000,    233.000       
# span 1 =      0.998,    230.462       
# span 2 =    -1.5044,    -1.0307       
# span 3 =  26.962222,  27.536192       
# span 4 =    -1.5042,    -1.0296       
# span 5 =  26.962617,  27.536047       
# span 6 =     5.3041,     8.6612       
# span 7 =     5.4799,     9.0130       
# span 8 =    -0.0156,    21.0655       
# span 9 =    75.8210,    97.8749       
# span 10 = 1.0000e-12, 3.2016e+00      
# span 11 =  -74.13338,  -74.13338      
# span 12 = -113.42306, -113.42302      
# span 13 =  41.363788,  41.368047      
# span 14 =       5.86,     100.35      
# span 15 = 2.1155e+01, 3.0615e+01      
# span 16 =    177.282,    545.239      
# span 17 =       4256,      13087      
# span 18 =  1027.1472,  1028.4686      
# span 19 =  1027.1501,  1028.4672      
# span 20 =     3.5966,     4.6430      
# span 21 =     0.0688,     3.4632      
# span 22 =     0.1238,     0.2350      
# span 23 =    33.7479,    34.0102      
# span 24 =    33.7500,    34.0087      
# span 25 =    8.28827,    8.40372      
# span 26 =          3,         47      
# span 27 = 0.0000e+00, 0.0000e+00      
# interval = decibars: 1                
# start_time = Feb 10 2022 08:40:54 [NMEA time, header]
# bad_flag = -9.990e-29
*END*
[from data line 156]
    157.000    155.316    -1.2038  27.313148    -1.2026  27.313337     5.4010     5.5848     0.7835    96.7219 1.0000e-12  -74.13338 -113.42306  41.366575      84.90 2.5552e+01    418.107      10036  1028.0606  1028.0596     4.5884     0.1591     0.1315    33.9477    33.9466    8.33034         24 0.0000e+00
    158.000    156.306    -1.1900  27.327400    -1.1890  27.327363     5.3979     5.5869     0.3849    96.9870 1.0000e-12  -74.13338 -113.42306  41.366587      84.13 2.8152e+01    419.112      10060  1028.0672  1028.0662     4.6009     0.1925     0.1308    33.9510    33.9498    8.32707         24 0.0000e+00
    159.000    157.294    -1.1834  27.334348    -1.1828  27.334213     5.3951     5.5861     0.3271    96.7672 1.0000e-12  -74.13338 -113.42306  41.366599      83.24 2.9697e+01    420.132      10084  1028.0728  1028.0721     4.5906     0.1142     0.1291    33.9524    33.9515    8.32551         25 0.0000e+00
    160.000    158.283    -1.1820  27.336410    -1.1815  27.336146     5.3897     5.5790     0.5022    97.2590 1.0000e-12  -74.13338 -113.42306  41.366611      82.16 2.6189e+01    421.156      10109  1028.0782  1028.0774     4.6137     0.1279     0.1309    33.9530    33.9520    8.32517         24 0.0000e+00
    161.000    159.272    -1.1740  27.346937    -1.1732  27.346511     5.3878     5.5724     0.3778    97.3170 1.0000e-12  -74.13338 -113.42306  41.366622      80.66 2.5952e+01    422.158      10133  1028.0865  1028.0852     4.6166     0.1084     0.1326    33.9578    33.9563    8.32311         25 0.0000e+00
    162.000    160.262    -1.1614  27.360680    -1.1606  27.360588     5.3927     5.5786     0.4048    97.0365 1.0000e-12  -74.13338 -113.42306  41.366634      80.15 2.9547e+01    423.172      10157  1028.0938  1028.0928     4.6033     0.1521     0.1279    33.9617    33.9606    8.32008         24 0.0000e+00
    163.000    161.248    -1.1615  27.361184    -1.1616  27.360613     5.3999     5.5873     0.3496    96.9061 1.0000e-12  -74.13338 -113.42306  41.366646      78.65 2.6966e+01    424.184      10181  1028.0988  1028.0983     4.5971     0.1684     0.1267    33.9618    33.9611    8.32009         24 0.0000e+00
    164.000    162.238    -1.1673  27.357014    -1.1674  27.356285     5.3874     5.5823     0.1892    97.0240 1.0000e-12  -74.13338 -113.42306  41.366657      77.88 2.6062e+01    425.164      10205  1028.1043  1028.1036     4.6029     0.1045     0.1280    33.9621    33.9612    8.32136         23 0.0000e+00
    165.000    163.228    -1.1618  27.363899    -1.1616  27.362938     5.3790     5.5674     0.2410    97.3440 1.0000e-12  -74.13338 -113.42306  41.366669      76.39 2.8274e+01    426.166      10229  1028.1110  1028.1097     4.6177     0.1172     0.1261    33.9647    33.9631    8.31999         25 0.0000e+00
    166.000    164.217    -1.1503  27.375011    -1.1499  27.374602     5.3738     5.5650     0.4766    97.3091 1.0000e-12  -74.13338 -113.42306  41.366680      75.17 2.9084e+01    427.183      10253  1028.1164  1028.1155     4.6162     0.1181     0.1282    33.9663    33.9652    8.31734         24 0.0000e+00
    167.000    165.205    -1.1471  27.378650    -1.1468  27.378079     5.3571     5.5501     0.5907    97.5104 1.0000e-12  -74.13338 -113.42306  41.366692      74.07 2.5024e+01    428.175      10277  1028.1217  1028.1207     4.6258     0.0945     0.1250    33.9670    33.9658    8.31659         24 0.0000e+00
    168.000    166.194    -1.1439  27.382700    -1.1432  27.382193     5.3377     5.5286     0.1912    97.0338 1.0000e-12  -74.13338 -113.42306  41.366703      73.04 2.9890e+01    429.186      10301  1028.1274  1028.1262     4.6031     0.1127     0.1303    33.9683    33.9668    8.31580         24 0.0000e+00
    169.000    167.183    -1.1305  27.396021    -1.1302  27.395102     5.3226     5.5094     0.5085    97.3004 1.0000e-12  -74.13338 -113.42306  41.366715      72.26 2.7134e+01    430.214      10326  1028.1334  1028.1321     4.6158     0.0823     0.1250    33.9707    33.9690    8.31269         25 0.0000e+00
    170.000    168.173    -1.1113  27.414492    -1.1110  27.413785     5.3151     5.4978     0.1962    97.3952 1.0000e-12  -74.13338 -113.42306  41.366727      71.49 2.5055e+01    431.212      10350  1028.1394  1028.1383     4.6203     0.0841     0.1249    33.9736    33.9722    8.30825         23 0.0000e+00
    171.000    169.161    -1.1095  27.416970    -1.1089  27.416595     5.3217     5.4941     0.1456    97.4398 1.0000e-12  -74.13338 -113.42306  41.366739      70.08 2.9763e+01    432.225      10374  1028.1449  1028.1439     4.6224     0.0883     0.1245    33.9743    33.9731    8.30782         25 0.0000e+00
    172.000    170.148    -1.1098  27.417474    -1.1087  27.417636     5.3238     5.5002     0.1039    97.5029 1.0000e-12  -74.13338 -113.42306  41.366751      69.11 2.6939e+01    433.249      10399  1028.1501  1028.1493     4.6254     0.1141     0.1279    33.9747    33.9737    8.30785         25 0.0000e+00
    173.000    171.138    -1.1114  27.416739    -1.1106  27.416638     5.3213     5.5028     0.0950    97.5937 1.0000e-12  -74.13338 -113.42306  41.366762      68.13 2.5011e+01    434.252      10423  1028.1554  1028.1545     4.6297     0.0866     0.1268    33.9749    33.9738    8.30820         24 0.0000e+00
    174.000    172.127    -1.1106  27.418133    -1.1099  27.417942     5.3236     5.5078     0.1034    97.3782 1.0000e-12  -74.13338 -113.42306  41.366774      67.06 2.9150e+01    435.268      10447  1028.1605  1028.1596     4.6196     0.1019     0.1303    33.9752    33.9742    8.30800         24 0.0000e+00
    175.000    173.116    -1.1084  27.420576    -1.1078  27.420305     5.3215     5.5051     0.1452    97.5009 1.0000e-12  -74.13338 -113.42306  41.366786      66.06 2.8700e+01    436.292      10472  1028.1655  1028.1646     4.6252     0.1205     0.1279    33.9755    33.9744    8.30749         25 0.0000e+00
    176.000    174.105    -1.1064  27.423046    -1.1053  27.423178     5.3213     5.4998     0.1308    97.4270 1.0000e-12  -74.13338 -113.42306  41.366797      65.05 2.5027e+01    437.298      10496  1028.1707  1028.1697     4.6218     0.0711     0.1273    33.9760    33.9750    8.30702         24 0.0000e+00
    177.000    175.094    -1.1034  27.426433    -1.1013  27.427660     5.3144     5.4930     0.0938    97.4098 1.0000e-12  -74.13338 -113.42306  41.366809      63.93 2.9318e+01    438.315      10521  1028.1759  1028.1752     4.6210     0.0798     0.1281    33.9766    33.9759    8.30633         24 0.0000e+00
    178.000    176.082    -1.0993  27.431199    -1.0986  27.430858     5.3134     5.4972     0.2470    97.3269 1.0000e-12  -74.13338 -113.42306  41.366821      62.85 2.9233e+01    439.329      10545  1028.1815  1028.1804     4.6170     0.0860     0.1286    33.9779    33.9765    8.30534         24 0.0000e+00
    179.000    177.072    -1.0986  27.432198    -1.0976  27.432230     5.3132     5.4926     0.5465    97.5529 1.0000e-12  -74.13338 -113.42306  41.366833      61.92 2.5033e+01    440.334      10569  1028.1863  1028.1854     4.6277     0.1050     0.1262    33.9778    33.9767    8.30518         24 0.0000e+00
    180.000    178.060    -1.0952  27.436501    -1.0949  27.435662     5.3112     5.4911     0.3735    97.6307 1.0000e-12  -74.13338 -113.42306  41.366844      60.95 2.9265e+01    441.334      10593  1028.1920  1028.1908     4.6315     0.0813     0.1278    33.9792    33.9777    8.30435         25 0.0000e+00
    181.000    179.049    -1.0878  27.444571    -1.0869  27.444368     5.3077     5.4841     0.1484    97.7006 1.0000e-12  -74.13338 -113.42306  41.366856      59.96 2.9380e+01    442.338      10617  1028.1980  1028.1970     4.6348     0.0811     0.1268    33.9812    33.9799    8.30259         24 0.0000e+00
    182.000    180.037    -1.0835  27.449865    -1.0828  27.449512     5.3069     5.4875     0.3119    97.5815 1.0000e-12  -74.13338 -113.42306  41.366867      58.86 2.6760e+01    443.345      10641  1028.2041  1028.2030     4.6291     0.0992     0.1280    33.9830    33.9817    8.30154         24 0.0000e+00
    183.000    181.026    -1.0817  27.452201    -1.0811  27.451929     5.3087     5.4799     0.1086    97.5474 1.0000e-12  -74.13338 -113.42306  41.366879      57.73 2.6956e+01    444.347      10665  1028.2093  1028.2084     4.6275     0.0778     0.1276    33.9836    33.9825    8.30111         24 0.0000e+00
    184.000    182.015    -1.0811  27.453225    -1.0805  27.453146     5.3102     5.4808     0.0634    97.7124 1.0000e-12  -74.13338 -113.42306  41.366891      56.81 2.9471e+01    445.361      10690  1028.2142  1028.2135     4.6353     0.1422     0.1298    33.9836    33.9828    8.30097         24 0.0000e+00
    185.000    183.004    -1.0809  27.454168    -1.0801  27.453970     5.3086     5.4886     0.0581    97.6654 1.0000e-12  -74.13338 -113.42306  41.366902      55.84 2.7357e+01    446.374      10714  1028.2194  1028.2184     4.6332     0.1285     0.1288    33.9841    33.9829    8.30090         24 0.0000e+00
    186.000    183.991    -1.0793  27.456304    -1.0785  27.456085     5.3050     5.4892     0.0582    97.7999 1.0000e-12  -74.13338 -113.42306  41.366914      54.76 2.6229e+01    447.377      10738  1028.2245  1028.2235     4.6395     0.1033     0.1294    33.9845    33.9833    8.30051         25 0.0000e+00
    187.000    184.981    -1.0736  27.463983    -1.0729  27.463344     5.3149     5.4899     0.0494    97.7555 1.0000e-12  -74.13338 -113.42306  41.366926      53.71 3.0615e+01    448.392      10762  1028.2318  1028.2304     4.6374     0.1015     0.1259    33.9879    33.9863    8.29905         24 0.0000e+00
    188.000    185.970    -1.0647  27.474771    -1.0644  27.474066     5.3159     5.4898     0.1016    97.7174 1.0000e-12  -74.13338 -113.42306  41.366938      52.70 2.8219e+01    449.411      10787  1028.2393  1028.2382     4.6355     0.0845     0.1275    33.9920    33.9907    8.29685         25 0.0000e+00
    189.000    186.960    -1.0641  27.476199    -1.0632  27.476232     5.3041     5.4864     0.1999    97.7273 1.0000e-12  -74.13338 -113.42304  41.366949      51.71 2.5674e+01    450.422      10811  1028.2446  1028.2438     4.6360     0.0841     0.1262    33.9926    33.9917    8.29667         24 0.0000e+00
    190.000    187.947    -1.0605  27.480529    -1.0607  27.479148     5.3075     5.4883     0.1743    97.5466 1.0000e-12  -74.13338 -113.42306  41.366961      50.76 2.9639e+01    451.447      10836  1028.2503  1028.2489     4.6275     0.0784     0.1299    33.9938    33.9921    8.29581         24 0.0000e+00
    191.000    188.937    -1.0592  27.482103    -1.0585  27.481991     5.3066     5.4963     0.0406    97.6431 1.0000e-12  -74.13338 -113.42304  41.366973      49.64 2.7976e+01    452.470      10860  1028.2551  1028.2543     4.6320     0.0713     0.1275    33.9939    33.9929    8.29552         25 0.0000e+00
    192.000    189.925    -1.0591  27.482895    -1.0583  27.482714     5.3131     5.4942     0.0727    97.5652 1.0000e-12  -74.13338 -113.42306  41.366985      48.64 2.5406e+01    453.483      10885  1028.2603  1028.2592     4.6283     0.0765     0.1303    33.9943    33.9930    8.29548         24 0.0000e+00
    193.000    190.913    -1.0584  27.484530    -1.0578  27.484063     5.3200     5.4938     0.0585    97.4458 1.0000e-12  -74.13338 -113.42304  41.366997      47.66 3.0062e+01    454.505      10909  1028.2657  1028.2646     4.6227     0.0794     0.1261    33.9950    33.9937    8.29527         25 0.0000e+00
    194.000    191.903    -1.0571  27.486868    -1.0563  27.486750     5.3147     5.4924     0.1452    97.7918 1.0000e-12  -74.13338 -113.42304  41.367008      46.59 2.7986e+01    455.521      10934  1028.2714  1028.2705     4.6391     0.0902     0.1238    33.9962    33.9951    8.29492         24 0.0000e+00
    195.000    192.890    -1.0572  27.487472    -1.0560  27.487607     5.3089     5.4896     0.1314    97.7367 1.0000e-12  -74.13338 -113.42304  41.367020      45.63 2.5841e+01    456.528      10958  1028.2765  1028.2755     4.6365     0.0729     0.1261    33.9965    33.9954    8.29493         24 0.0000e+00
    196.000    193.880    -1.0555  27.489676    -1.0546  27.489722     5.3097     5.4860     0.0395    97.4699 1.0000e-12  -74.13338 -113.42304  41.367032      44.53 3.0500e+01    457.534      10982  1028.2816  1028.2807     4.6238     0.0744     0.1301    33.9969    33.9959    8.29452         25 0.0000e+00
    197.000    194.868    -1.0556  27.489984    -1.0547  27.490127     5.3146     5.4868     0.0624    97.4942 1.0000e-12  -74.13338 -113.42304  41.367043      43.62 2.9832e+01    458.548      11006  1028.2864  1028.2856     4.6250     0.0733     0.1248    33.9969    33.9960    8.29455         24 0.0000e+00
    198.000    195.858    -1.0548  27.491256    -1.0539  27.491148     5.3097     5.4868     0.0820    97.3850 1.0000e-12  -74.13338 -113.42304  41.367055      42.50 2.5924e+01    459.545      11030  1028.2913  1028.2903     4.6198     0.0723     0.1276    33.9971    33.9959    8.29435         24 0.0000e+00
    199.000    196.848    -1.0543  27.492269    -1.0529  27.492622     5.3050     5.4904     0.3593    97.7354 1.0000e-12  -74.13338 -113.42304  41.367067      41.41 2.9260e+01    460.549      11054  1028.2962  1028.2952     4.6364     0.0736     0.1266    33.9973    33.9961    8.29423         24 0.0000e+00
    200.000    197.834    -1.0530  27.493967    -1.0521  27.493837     5.3058     5.4905     0.1999    97.6006 1.0000e-12  -74.13338 -113.42303  41.367078      40.50 2.9892e+01    461.557      11078  1028.3011  1028.3002     4.6301     0.0992     0.1302    33.9975    33.9963    8.29393         24 0.0000e+00
    201.000    198.823    -1.0528  27.494622    -1.0520  27.494465     5.3049     5.4878     0.0268    97.7846 1.0000e-12  -74.13338 -113.42302  41.367090      39.52 2.5871e+01    462.559      11102  1028.3060  1028.3050     4.6387     0.0825     0.1261    33.9976    33.9964    8.29389         24 0.0000e+00
    202.000    199.812    -1.0525  27.495569    -1.0516  27.495521     5.3091     5.4885     0.0228    97.7659 1.0000e-12  -74.13338 -113.42302  41.367102      38.43 2.8664e+01    463.571      11127  1028.3111  1028.3101     4.6379     0.0751     0.1262    33.9979    33.9968    8.29380         25 0.0000e+00
    203.000    200.800    -1.0519  27.496836    -1.0510  27.496689     5.3163     5.4810     0.0270    97.7772 1.0000e-12  -74.13338 -113.42303  41.367114      37.20 3.0355e+01    464.663      11153  1028.3162  1028.3152     4.6383     0.0701     0.1280    33.9983    33.9971    8.29364         27 0.0000e+00
    204.000    201.789    -1.0519  27.497200    -1.0511  27.497009     5.3079     5.4861     0.0282    97.5936 1.0000e-12  -74.13338 -113.42304  41.367128      36.35 2.5871e+01    465.840      11181  1028.3210  1028.3199     4.6298     0.0871     0.1263    33.9982    33.9970    8.29366         29 0.0000e+00
    205.000    202.779    -1.0517  27.498068    -1.0507  27.498087     5.3136     5.4929     0.0377    97.7076 1.0000e-12  -74.13338 -113.42304  41.367142      35.21 2.6209e+01    467.066      11211  1028.3260  1028.3250     4.6351     0.0690     0.1258    33.9985    33.9974    8.29358         30 0.0000e+00
    206.000    203.767    -1.0505  27.500342    -1.0494  27.500282     5.3150     5.4866     0.0434    97.7836 1.0000e-12  -74.13338 -113.42302  41.367157      34.18 3.0428e+01    468.335      11241  1028.3317  1028.3305     4.6387     0.0815     0.1263    33.9997    33.9983    8.29326         31 0.0000e+00
    207.000    204.756    -1.0482  27.503346    -1.0470  27.503407     5.3107     5.4917     0.1395    97.6869 1.0000e-12  -74.13338 -113.42303  41.367172      33.15 2.7935e+01    469.618      11272  1028.3370  1028.3359     4.6340     0.0720     0.1270    34.0006    33.9993    8.29270         31 0.0000e+00
