ocean_section_plots/required_files/ctd/dnbp2202_ctd150.cnv
* Sea-Bird SBE 9 Data File:
* FileName = D:\Data\raw\NBP2202_CTD150.hex
* Software Version Seasave V 7.26.7.121
* Temperature SN = 1649
* Conductivity SN = 2513
* Number of Bytes Per Scan = 40
* Number of Voltage Words = 5
* Number of Scans Averaged by the Deck Unit = 1
* NMEA Latitude = 74 06.59 S
* NMEA Longitude = 113 19.33 W
* NMEA UTC (Time) = Jan 31 2022  11:24:36
* NMEA baud rate = 9600
** Ship: RVIB N.B. Palmer
** Cruise: NBP2202 Thwaites
** Station: 77
** Operator: B. Bjork
# nquan = 28
# nvalues = 422                         
# units = specified
# name 0 = prDM: Pressure, Digiquartz [db]
# name 1 = depSM: Depth [salt water, m]
# name 2 = t090C: Temperature [ITS-90, deg C]
# name 3 = c0mS/cm: Conductivity [mS/cm]
# name 4 = t190C: Temperature, 2 [ITS-90, deg C]
# name 5 = c1mS/cm: Conductivity, 2 [mS/cm]
# name 6 = sbeox0ML/L: Oxygen, SBE 43 [ml/l]
# name 7 = sbeox1ML/L: Oxygen, SBE 43, 2 [ml/l]
# name 8 = flECO-AFL: Fluorescence, WET Labs ECO-AFL/FL [mg/m^3]
# name 9 = CStarTr0: Beam Transmission, WET Labs C-Star [%]
# name 10 = par: PAR/Irradiance, Biospherical/Licor
# name 11 = latitude: Latitude [deg]
# name 12 = longitude: Longitude [deg]
# name 13 = timeJ: Julian Days
# name 14 = altM: Altimeter [m]
# name 15 = spar: SPAR, Biospherical/Licor
# name 16 = timeS: Time, Elapsed [seconds]
# name 17 = scan: Scan Count
# name 18 = density00: Density [density, kg/m^3]
# name 19 = density11: Density, 2 [density, kg/m^3]
# name 20 = v3: Voltage 3
# name 21 = v4: Voltage 4
# name 22 = v5: Voltage 5
# name 23 = sal00: Salinity, Practical [PSU]
# name 24 = sal11: Salinity, Practical, 2 [PSU]
# name 25 = oxsolML/L: Oxygen Saturation, Garcia & Gordon [ml/l]
# name 26 = nbin: number of scans per bin
# name 27 = flag: flag
# span 0 =      3.000,    424.000       
# span 1 =      2.972,    419.185       
# span 2 =    -1.4493,    -0.2034       
# span 3 =  27.012004,  28.510986       
# span 4 =    -1.4494,    -0.2014       
# span 5 =  27.010889,  28.510908       
# span 6 =     4.7895,     8.0470       
# span 7 =     4.8848,     8.2417       
# span 8 =    -0.0219,    24.8577       
# span 9 =    70.9629,    93.6498       
# span 10 = 1.0000e-12, 3.8137e+01      
# span 11 =  -74.10992,  -74.10990      
# span 12 = -113.32234, -113.32230      
# span 13 =  31.478236,  31.485613      
# span 14 =       4.18,     101.10      
# span 15 = 9.1505e+02, 9.8264e+02      
# span 16 =    243.622,    880.975      
# span 17 =       5848,      21144      
# span 18 =  1027.1972,  1029.5466      
# span 19 =  1027.1956,  1029.5444      
# span 20 =     3.3669,     4.4426      
# span 21 =     0.0641,     3.8655      
# span 22 =     0.1205,     0.2566      
# span 23 =    33.8018,    34.2750      
# span 24 =    33.8010,    34.2723      
# span 25 =    8.09389,    8.39114      
# span 26 =         14,         58      
# span 27 = 0.0000e+00, 0.0000e+00      
# interval = decibars: 1                
# start_time = Jan 31 2022 11:24:36 [NMEA time, header]
# bad_flag = -9.990e-29
*END*
[from data line 259]
    262.000    259.125    -0.7400  27.856973    -0.7385  27.856653     5.0764     5.1839    -0.0141    93.4150 1.0000e-12  -74.10992 -113.32232  31.482873      75.38 9.6057e+02    644.243      15463  1028.6642  1028.6625     4.4315     0.0680     0.1268    34.0987    34.0966    8.21935         25 0.0000e+00
    263.000    260.113    -0.7415  27.855872    -0.7411  27.854352     5.0753     5.1852    -0.0062    93.4147 1.0000e-12  -74.10992 -113.32232  31.482886      88.83 9.5996e+02    645.345      15489  1028.6689  1028.6669     4.4315     0.0676     0.1300    34.0983    34.0958    8.21969         28 0.0000e+00
    264.000    261.102    -0.7431  27.854641    -0.7418  27.853922     5.0696     5.1838    -0.0073    93.4052 1.0000e-12  -74.10992 -113.32232  31.482901      99.82 9.5906e+02    646.621      15520  1028.6735  1028.6715     4.4311     0.0707     0.1274    34.0978    34.0954    8.22007         33 0.0000e+00
    265.000    262.090    -0.7395  27.858829    -0.7379  27.858119     5.0617     5.1755    -0.0082    93.4003 1.0000e-12  -74.10992 -113.32232  31.482917      99.85 9.6267e+02    648.010      15553  1028.6789  1028.6766     4.4308     0.0710     0.1294    34.0988    34.0961    8.21923         32 0.0000e+00
    266.000    263.079    -0.7253  27.873896    -0.7230  27.873983     5.0617     5.1722    -0.0058    93.4142 1.0000e-12  -74.10992 -113.32232  31.482931      99.86 9.6273e+02    649.276      15584  1028.6857  1028.6835     4.4315     0.0690     0.1281    34.1026    34.1000    8.21593         28 0.0000e+00
    267.000    264.066    -0.7195  27.880172    -0.7187  27.879050     5.0589     5.1675    -0.0111    93.4224 1.0000e-12  -74.10992 -113.32232  31.482944      99.85 9.6216e+02    650.366      15610  1028.6911  1028.6892     4.4319     0.0700     0.1304    34.1039    34.1015    8.21458         25 0.0000e+00
    268.000    265.055    -0.7172  27.883079    -0.7152  27.883086     5.0576     5.1644    -0.0128    93.4134 1.0000e-12  -74.10992 -113.32232  31.482956      99.85 9.6253e+02    651.407      15635  1028.6964  1028.6946     4.4314     0.0723     0.1283    34.1046    34.1024    8.21404         26 0.0000e+00
    269.000    266.044    -0.7159  27.884682    -0.7143  27.884361     5.0572     5.1630    -0.0082    93.4110 1.0000e-12  -74.10992 -113.32232  31.482969      99.86 9.6209e+02    652.515      15661  1028.7013  1028.6995     4.4313     0.0695     0.1316    34.1047    34.1025    8.21377         28 0.0000e+00
    270.000    267.033    -0.7153  27.885871    -0.7136  27.885530     5.0556     5.1603    -0.0160    93.4063 1.0000e-12  -74.10992 -113.32232  31.482983      99.85 9.6259e+02    653.699      15690  1028.7064  1028.7044     4.4312     0.0696     0.1296    34.1051    34.1027    8.21362         29 0.0000e+00
    271.000    268.020    -0.7144  27.887113    -0.7130  27.886608     5.0516     5.1628    -0.0212    93.4028 1.0000e-12  -74.10992 -113.32232  31.482997      99.86 9.6202e+02    654.954      15720  1028.7113  1028.7093     4.4310     0.0720     0.1313    34.1051    34.1028    8.21342         31 0.0000e+00
    272.000    269.008    -0.7139  27.887936    -0.7125  27.887586     5.0525     5.1590    -0.0148    93.4107 1.0000e-12  -74.10992 -113.32232  31.483012      99.86 9.6308e+02    656.208      15750  1028.7160  1028.7143     4.4313     0.0698     0.1321    34.1051    34.1030    8.21331         29 0.0000e+00
    273.000    269.996    -0.7139  27.888666    -0.7123  27.888341     5.0542     5.1622    -0.0135    93.3912 1.0000e-12  -74.10992 -113.32232  31.483025      90.50 9.6232e+02    657.340      15777  1028.7211  1028.7192     4.4304     0.0684     0.1309    34.1054    34.1031    8.21328         25 0.0000e+00
    274.000    270.986    -0.7136  27.889324    -0.7120  27.889115     5.0522     5.1658    -0.0135    93.4253 1.0000e-12  -74.10992 -113.32232  31.483037      94.55 9.6218e+02    658.376      15802  1028.7258  1028.7240     4.4320     0.0728     0.1296    34.1053    34.1032    8.21322         25 0.0000e+00
    275.000    271.974    -0.7121  27.891400    -0.7105  27.891011     5.0503     5.1617     0.0022    93.4058 1.0000e-12  -74.10992 -113.32230  31.483049      99.58 9.6119e+02    659.425      15827  1028.7310  1028.7290     4.4311     0.0695     0.1292    34.1059    34.1035    8.21287         26 0.0000e+00
    276.000    272.962    -0.7089  27.895159    -0.7068  27.895093     5.0431     5.1517    -0.0039    93.4080 1.0000e-12  -74.10992 -113.32231  31.483062      99.86 9.6289e+02    660.578      15855  1028.7362  1028.7342     4.4312     0.0695     0.1305    34.1067    34.1042    8.21212         29 0.0000e+00
    277.000    273.950    -0.6978  27.907153    -0.6960  27.906755     5.0369     5.1469    -0.0142    93.3947 1.0000e-12  -74.10992 -113.32231  31.483077      99.85 9.6225e+02    661.819      15885  1028.7427  1028.7404     4.4306     0.0706     0.1294    34.1098    34.1071    8.20954         31 0.0000e+00
    278.000    274.939    -0.6917  27.913880    -0.6878  27.915697     5.0380     5.1458    -0.0176    93.4001 1.0000e-12  -74.10992 -113.32232  31.483091      99.85 9.6412e+02    663.083      15915  1028.7484  1028.7465     4.4308     0.0694     0.1304    34.1114    34.1094    8.20811         29 0.0000e+00
    279.000    275.926    -0.6870  27.919047    -0.6852  27.918944     5.0292     5.1313    -0.0076    93.4027 1.0000e-12  -74.10992 -113.32232  31.483105      99.85 9.6478e+02    664.245      15943  1028.7537  1028.7519     4.4310     0.0696     0.1276    34.1124    34.1103    8.20703         26 0.0000e+00
    280.000    276.917    -0.6849  27.921829    -0.6828  27.921817     5.0248     5.1322     0.0012    93.3826 1.0000e-12  -74.10992 -113.32232  31.483117      99.85 9.6489e+02    665.334      15969  1028.7591  1028.7570     4.4300     0.0692     0.1282    34.1132    34.1108    8.20653         27 0.0000e+00
    281.000    277.904    -0.6784  27.928629    -0.6766  27.928444     5.0207     5.1279    -0.0046    93.3762 1.0000e-12  -74.10992 -113.32232  31.483131      99.86 9.6347e+02    666.482      15997  1028.7645  1028.7625     4.4297     0.0695     0.1298    34.1145    34.1122    8.20505         29 0.0000e+00
    282.000    278.892    -0.6775  27.929992    -0.6759  27.929585     5.0149     5.1274    -0.0080    93.3850 1.0000e-12  -74.10992 -113.32232  31.483145      99.85 9.6351e+02    667.712      16026  1028.7694  1028.7675     4.4301     0.0695     0.1303    34.1146    34.1123    8.20484         29 0.0000e+00
    283.000    279.880    -0.6696  27.938724    -0.6678  27.938210     5.0031     5.1185    -0.0131    93.3859 1.0000e-12  -74.10992 -113.32232  31.483159      99.85 9.6375e+02    668.938      16056  1028.7755  1028.7732     4.4302     0.0699     0.1308    34.1169    34.1142    8.20299         29 0.0000e+00
    284.000    280.870    -0.6609  27.948354    -0.6591  27.947664     4.9955     5.1083    -0.0071    93.3912 1.0000e-12  -74.10992 -113.32232  31.483172      78.56 9.6423e+02    670.089      16083  1028.7817  1028.7793     4.4304     0.0672     0.1308    34.1195    34.1166    8.20095         27 0.0000e+00
    285.000    281.856    -0.6440  27.966858    -0.6414  27.966721     4.9872     5.1016    -0.0041    93.3839 1.0000e-12  -74.10992 -113.32232  31.483185      91.26 9.6804e+02    671.172      16109  1028.7896  1028.7870     4.4301     0.0685     0.1302    34.1248    34.1217    8.19699         26 0.0000e+00
    286.000    282.844    -0.6303  27.981464    -0.6290  27.980427     4.9811     5.0940    -0.0035    93.3887 1.0000e-12  -74.10992 -113.32232  31.483197      99.77 9.6400e+02    672.260      16135  1028.7965  1028.7940     4.4303     0.0701     0.1317    34.1285    34.1255    8.19381         26 0.0000e+00
    287.000    283.835    -0.6250  27.987554    -0.6233  27.987050     4.9830     5.0916    -0.0082    93.3762 1.0000e-12  -74.10992 -113.32232  31.483211      99.85 9.6367e+02    673.456      16164  1028.8023  1028.8001     4.4297     0.0702     0.1312    34.1301    34.1274    8.19257         31 0.0000e+00
    288.000    284.822    -0.6216  27.991624    -0.6200  27.990957     4.9739     5.0925    -0.0043    93.3796 1.0000e-12  -74.10992 -113.32232  31.483226      99.85 9.6459e+02    674.728      16194  1028.8078  1028.8056     4.4299     0.0717     0.1313    34.1310    34.1284    8.19176         30 0.0000e+00
    289.000    285.810    -0.6152  27.999008    -0.6127  27.999228     4.9715     5.0848    -0.0128    93.3779 1.0000e-12  -74.10992 -113.32232  31.483240      99.85 9.6540e+02    675.971      16224  1028.8140  1028.8118     4.4298     0.0700     0.1317    34.1332    34.1307    8.19026         29 0.0000e+00
    290.000    286.798    -0.6064  28.009150    -0.6042  28.008749     4.9694     5.0732    -0.0118    93.3807 1.0000e-12  -74.10992 -113.32232  31.483254      99.86 9.6828e+02    677.126      16252  1028.8208  1028.8183     4.4299     0.0709     0.1305    34.1364    34.1334    8.18817         27 0.0000e+00
    291.000    287.786    -0.5948  28.021672    -0.5928  28.021386     4.9675     5.0704    -0.0182    93.3646 1.0000e-12  -74.10992 -113.32232  31.483267      99.85 9.6679e+02    678.243      16279  1028.8274  1028.8252     4.4292     0.0680     0.1311    34.1395    34.1369    8.18548         27 0.0000e+00
    292.000    288.775    -0.5886  28.028677    -0.5864  28.028510     4.9626     5.0696    -0.0184    93.3604 1.0000e-12  -74.10992 -113.32232  31.483280      99.85 9.6538e+02    679.390      16306  1028.8334  1028.8311     4.4290     0.0692     0.1315    34.1414    34.1387    8.18404         28 0.0000e+00
    293.000    289.762    -0.5859  28.031895    -0.5837  28.031794     4.9576     5.0689    -0.0106    93.3504 1.0000e-12  -74.10992 -113.32232  31.483294      99.86 9.6471e+02    680.603      16335  1028.8386  1028.8364     4.4285     0.0695     0.1320    34.1420    34.1394    8.18341         30 0.0000e+00
    294.000    290.752    -0.5788  28.039914    -0.5772  28.039254     4.9590     5.0628    -0.0090    93.3584 1.0000e-12  -74.10992 -113.32232  31.483308      99.85 9.6754e+02    681.842      16365  1028.8448  1028.8425     4.4289     0.0694     0.1299    34.1443    34.1415    8.18176         29 0.0000e+00
    295.000    291.739    -0.5720  28.047784    -0.5704  28.047081     4.9573     5.0624    -0.0157    93.3569 1.0000e-12  -74.10992 -113.32232  31.483322      95.76 9.6769e+02    683.016      16393  1028.8510  1028.8488     4.4288     0.0690     0.1307    34.1465    34.1438    8.18014         27 0.0000e+00
    296.000    292.728    -0.5685  28.051933    -0.5673  28.050916     4.9590     5.0605    -0.0069    93.3576 1.0000e-12  -74.10992 -113.32232  31.483335      88.61 9.6525e+02    684.144      16420  1028.8566  1028.8543     4.4289     0.0683     0.1314    34.1476    34.1449    8.17934         28 0.0000e+00
    297.000    293.716    -0.5670  28.054286    -0.5652  28.053833     4.9523     5.0587    -0.0085    93.3453 1.0000e-12  -74.10992 -113.32232  31.483348      98.66 9.6545e+02    685.258      16447  1028.8621  1028.8598     4.4283     0.0696     0.1327    34.1485    34.1458    8.17896         26 0.0000e+00
    298.000    294.705    -0.5636  28.058625    -0.5618  28.058216     4.9544     5.0634    -0.0074    93.3511 1.0000e-12  -74.10992 -113.32232  31.483361      99.84 9.6424e+02    686.366      16474  1028.8678  1028.8656     4.4286     0.0707     0.1309    34.1499    34.1472    8.17815         27 0.0000e+00
    299.000    295.692    -0.5557  28.067772    -0.5534  28.067692     4.9441     5.0560     0.0046    93.3512 1.0000e-12  -74.10992 -113.32232  31.483374      99.85 9.6485e+02    687.484      16501  1028.8743  1028.8721     4.4285     0.0705     0.1301    34.1526    34.1500    8.17627         27 0.0000e+00
    300.000    296.681    -0.5550  28.068807    -0.5531  28.068523     4.9489     5.0509     0.0048    93.3412 1.0000e-12  -74.10992 -113.32232  31.483387      99.85 9.6431e+02    688.633      16528  1028.8792  1028.8770     4.4281     0.0700     0.1325    34.1527    34.1501    8.17613         28 0.0000e+00
    301.000    297.669    -0.5503  28.074653    -0.5479  28.074517     4.9461     5.0469    -0.0086    93.3388 1.0000e-12  -74.10992 -113.32232  31.483401      99.85 9.6430e+02    689.821      16557  1028.8852  1028.8829     4.4280     0.0712     0.1306    34.1546    34.1518    8.17499         29 0.0000e+00
    302.000    298.657    -0.5447  28.080964    -0.5417  28.081764     4.9326     5.0394    -0.0040    93.3379 1.0000e-12  -74.10992 -113.32232  31.483415      99.86 9.6430e+02    691.031      16586  1028.8910  1028.8890     4.4279     0.0696     0.1312    34.1562    34.1539    8.17370         29 0.0000e+00
    303.000    299.645    -0.5232  28.105423    -0.5206  28.105210     4.9297     5.0372    -0.0027    93.3355 1.0000e-12  -74.10992 -113.32232  31.483429      99.85 9.6373e+02    692.238      16615  1028.9007  1028.8979     4.4279     0.0703     0.1290    34.1643    34.1610    8.16861         28 0.0000e+00
    304.000    300.634    -0.5193  28.109426    -0.5170  28.109777     4.9259     5.0282    -0.0177    93.3379 1.0000e-12  -74.10992 -113.32232  31.483443      99.85 9.6400e+02    693.431      16643  1028.9056  1028.9038     4.4279     0.0696     0.1315    34.1646    34.1625    8.16774         29 0.0000e+00
    305.000    301.622    -0.5190  28.110424    -0.5173  28.109827     4.9238     5.0348    -0.0046    93.3374 1.0000e-12  -74.10992 -113.32232  31.483456      99.86 9.6084e+02    694.602      16671  1028.9109  1028.9086     4.4279     0.0704     0.1347    34.1650    34.1623    8.16765         28 0.0000e+00
    306.000    302.609    -0.5178  28.112121    -0.5160  28.111680     4.9302     5.0367    -0.0141    93.3367 1.0000e-12  -74.10992 -113.32232  31.483470      99.85 9.6142e+02    695.816      16701  1028.9159  1028.9137     4.4279     0.0698     0.1337    34.1653    34.1627    8.16737         30 0.0000e+00
    307.000    303.598    -0.5169  28.113332    -0.5155  28.112585     4.9330     5.0326    -0.0039    93.3169 1.0000e-12  -74.10992 -113.32232  31.483484      93.52 9.6351e+02    697.040      16730  1028.9208  1028.9186     4.4269     0.0702     0.1332    34.1654    34.1627    8.16719         28 0.0000e+00
    308.000    304.586    -0.5155  28.115588    -0.5125  28.116337     4.9317     5.0359     0.0229    93.3084 1.0000e-12  -74.10992 -113.32232  31.483497      95.40 9.6425e+02    698.167      16757  1028.9262  1028.9241     4.4265     0.0689     0.1341    34.1662    34.1638    8.16683         26 0.0000e+00
    309.000    305.576    -0.5126  28.119120    -0.5108  28.118819     4.9400     5.0432    -0.0094    93.3301 1.0000e-12  -74.10992 -113.32232  31.483510      99.83 9.6501e+02    699.245      16783  1028.9315  1028.9294     4.4276     0.0709     0.1321    34.1671    34.1646    8.16615         27 0.0000e+00
    310.000    306.563    -0.5144  28.118395    -0.5129  28.118150     4.9504     5.0536    -0.0026    93.3002 1.0000e-12  -74.10992 -113.32232  31.483523      99.85 9.6462e+02    700.378      16810  1028.9369  1028.9352     4.4261     0.0705     0.1323    34.1675    34.1655    8.16652         28 0.0000e+00
    311.000    307.550    -0.5222  28.112679    -0.5206  28.112462     4.9588     5.0568    -0.0021    93.3177 1.0000e-12  -74.10992 -113.32232  31.483537      99.86 9.6290e+02    701.595      16839  1028.9428  1028.9410     4.4270     0.0695     0.1317    34.1681    34.1660    8.16817         30 0.0000e+00
    312.000    308.539    -0.5234  28.112914    -0.5212  28.112802     4.9565     5.0683    -0.0072    93.3339 1.0000e-12  -74.10992 -113.32232  31.483551      99.85 9.6368e+02    702.826      16869  1028.9485  1028.9463     4.4277     0.0687     0.1332    34.1691    34.1665    8.16836         28 0.0000e+00
