ocean_section_plots/required_files/ctd/dnbp2202_ctd228.cnv
* Sea-Bird SBE 9 Data File:
* FileName = D:\Data\raw\NBP2202_CTD228.hex
* Software Version Seasave V 7.26.7.121
* Temperature SN = 1649
* Conductivity SN = 2513
* Number of Bytes Per Scan = 40
* Number of Voltage Words = 5
* Number of Scans Averaged by the Deck Unit = 1
* NMEA Latitude = 74 04.07 S
* NMEA Longitude = 111 33.09 W
* NMEA UTC (Time) = Feb 12 2022  18:03:23
* NMEA baud rate = 9600
** Ship: RVIB N.B. Palmer
** Cruise: NBP2202 Thwaites
** Station: 139
** Operator: A. Robinson
# nquan = 28
# nvalues = 275                         
# units = specified
# name 0 = prDM: Pressure, Digiquartz [db]
# name 1 = depSM: Depth [salt water, m]
# name 2 = t090C: Temperature [ITS-90, deg C]
# name 3 = c0mS/cm: Conductivity [mS/cm]
# name 4 = t190C: Temperature, 2 [ITS-90, deg C]
# name 5 = c1mS/cm: Conductivity, 2 [mS/cm]
# name 6 = sbeox0ML/L: Oxygen, SBE 43 [ml/l]
# name 7 = sbeox1ML/L: Oxygen, SBE 43, 2 [ml/l]
# name 8 = flECO-AFL: Fluorescence, WET Labs ECO-AFL/FL [mg/m^3]
# name 9 = CStarTr0: Beam Transmission, WET Labs C-Star [%]
# name 10 = par: PAR/Irradiance, Biospherical/Licor
# name 11 = latitude: Latitude [deg]
# name 12 = longitude: Longitude [deg]
# name 13 = timeJ: Julian Days
# name 14 = altM: Altimeter [m]
# name 15 = spar: SPAR, Biospherical/Licor
# name 16 = timeS: Time, Elapsed [seconds]
# name 17 = scan: Scan Count
# name 18 = density00: Density [density, kg/m^3]
# name 19 = density11: Density, 2 [density, kg/m^3]
# name 20 = v3: Voltage 3
# name 21 = v4: Voltage 4
# name 22 = v5: Voltage 5
# name 23 = sal00: Salinity, Practical [PSU]
# name 24 = sal11: Salinity, Practical, 2 [PSU]
# name 25 = oxsolML/L: Oxygen Saturation, Garcia & Gordon [ml/l]
# name 26 = nbin: number of scans per bin
# name 27 = flag: flag
# span 0 =      2.000,    276.000       
# span 1 =      1.974,    272.964       
# span 2 =    -1.4633,    -1.2271       
# span 3 =  26.919229,  27.360754       
# span 4 =    -1.4623,    -1.2737       
# span 5 =  26.919910,  27.360885       
# span 6 =     5.9090,     6.6410       
# span 7 =     6.1125,     6.8643       
# span 8 =     0.0069,     4.8317       
# span 9 =    91.7280,    97.2395       
# span 10 = -5.548e-07, 2.9478e+02      
# span 11 =  -74.06787,  -74.06786      
# span 12 = -111.55132, -111.55126      
# span 13 =  43.754772,  43.759428      
# span 14 =       2.48,      99.96      
# span 15 = 1.1475e+03, 1.7879e+03      
# span 16 =    209.281,    611.606      
# span 17 =       5024,      14680      
# span 18 =  1027.1730,  1028.7199      
# span 19 =  1027.1736,  1028.7186      
# span 20 =     4.3518,     4.6129      
# span 21 =     0.0686,     0.7724      
# span 22 =     0.1243,     0.1537      
# span 23 =    33.7572,    34.0526      
# span 24 =    33.7622,    34.0511      
# span 25 =    8.34639,    8.39485      
# span 26 =         23,         70      
# span 27 = 0.0000e+00, 0.0000e+00      
# interval = decibars: 1                
# start_time = Feb 12 2022 18:03:23 [NMEA time, header]
# bad_flag = -9.990e-29
*END*
[from data line 104]
    106.000    104.877    -1.4253  27.040704    -1.4250  27.040870     6.1551     6.3407     1.4993    94.9581 1.0000e-12  -74.06786 -111.55128  43.756828      99.89 1.3441e+03    386.918       9287  1027.7506  1027.7505     4.5047     0.2790     0.1342    33.8562    33.8561    8.38536         29 0.0000e+00
    107.000    105.865    -1.4254  27.041749    -1.4251  27.041562     6.1357     6.3294     1.7149    94.8063 1.0000e-12  -74.06786 -111.55128  43.756842      99.88 1.3780e+03    388.110       9316  1027.7562  1027.7556     4.4976     0.2887     0.1336    33.8572    33.8566    8.38533         28 0.0000e+00
    108.000    106.855    -1.4247  27.044291    -1.4243  27.044268     6.1295     6.3268     1.8323    95.1541 1.0000e-12  -74.06786 -111.55128  43.756855      99.89 1.3893e+03    389.272       9344  1027.7626  1027.7622     4.5140     0.3025     0.1343    33.8593    33.8588    8.38505         28 0.0000e+00
    109.000    107.844    -1.4247  27.045690    -1.4243  27.045660     6.1285     6.3276     1.6082    95.0252 1.0000e-12  -74.06786 -111.55128  43.756869      99.87 1.3911e+03    390.486       9373  1027.7685  1027.7680     4.5079     0.3345     0.1334    33.8605    33.8600    8.38497         30 0.0000e+00
    110.000    108.833    -1.4257  27.046270    -1.4252  27.046272     6.1030     6.3083     2.1845    94.8502 1.0000e-12  -74.06786 -111.55128  43.756883      99.88 1.3896e+03    391.694       9402  1027.7744  1027.7739     4.4996     0.3076     0.1304    33.8618    33.8613    8.38511         28 0.0000e+00
    111.000    109.823    -1.4253  27.048633    -1.4249  27.048479     6.0613     6.2676     1.8155    94.8071 1.0000e-12  -74.06786 -111.55128  43.756897      99.89 1.4061e+03    392.861       9430  1027.7809  1027.7804     4.4975     0.2651     0.1349    33.8641    33.8634    8.38490         29 0.0000e+00
    112.000    110.812    -1.4241  27.054368    -1.4236  27.054047     6.0263     6.2360     1.3620    94.9823 1.0000e-12  -74.06786 -111.55128  43.756910      99.87 1.4114e+03    394.059       9458  1027.7904  1027.7896     4.5059     0.3257     0.1327    33.8699    33.8690    8.38427         29 0.0000e+00
    113.000    111.800    -1.4224  27.059599    -1.4220  27.059515     6.0103     6.2159     1.7791    94.7355 1.0000e-12  -74.06786 -111.55128  43.756924      99.88 1.4183e+03    395.257       9487  1027.7989  1027.7985     4.4943     0.2685     0.1361    33.8746    33.8741    8.38361         28 0.0000e+00
    114.000    112.790    -1.4220  27.061325    -1.4215  27.061138     6.0074     6.2168     1.4341    95.0099 1.0000e-12  -74.06786 -111.55128  43.756938      99.59 1.4479e+03    396.444       9516  1027.8048  1027.8041     4.5070     0.2748     0.1320    33.8759    33.8751    8.38345         29 0.0000e+00
    115.000    113.777    -1.4221  27.062565    -1.4216  27.062680     6.0376     6.2321     1.4479    95.1662 1.0000e-12  -74.06786 -111.55128  43.756952      99.87 1.4941e+03    397.653       9545  1027.8106  1027.8102     4.5145     0.3076     0.1355    33.8771    33.8767    8.38340         29 0.0000e+00
    116.000    114.768    -1.4228  27.063318    -1.4221  27.063379     6.0938     6.2819     1.0647    95.3504 1.0000e-12  -74.06786 -111.55128  43.756966      99.84 1.5281e+03    398.848       9573  1027.8164  1027.8158     4.5233     0.4899     0.1432    33.8783    33.8776    8.38348         28 0.0000e+00
    117.000    115.759    -1.4286  27.060008    -1.4279  27.060111     6.1016     6.2953     1.5725    95.4328 1.0000e-12  -74.06786 -111.55128  43.756979      99.86 1.5020e+03    400.001       9601  1027.8227  1027.8221     4.5272     0.4123     0.1351    33.8797    33.8791    8.38471         28 0.0000e+00
    118.000    116.745    -1.4305  27.062494    -1.4301  27.062390     6.1045     6.2911     1.5255    95.0209 1.0000e-12  -74.06786 -111.55128  43.756993      99.88 1.5258e+03    401.202       9630  1027.8316  1027.8311     4.5078     0.2918     0.1318    33.8847    33.8840    8.38485         29 0.0000e+00
    119.000    117.735    -1.4293  27.065941    -1.4288  27.065964     6.1142     6.3014     1.3536    95.6058 1.0000e-12  -74.06786 -111.55128  43.757007      99.89 1.5461e+03    402.422       9659  1027.8385  1027.8381     4.5353     0.2293     0.1307    33.8874    33.8869    8.38440         29 0.0000e+00
    120.000    118.724    -1.4288  27.069064    -1.4284  27.069108     6.1215     6.3056     1.2842    95.4104 1.0000e-12  -74.06786 -111.55128  43.757021      99.88 1.5476e+03    403.642       9688  1027.8459  1027.8455     4.5262     0.2768     0.1320    33.8906    33.8901    8.38412         29 0.0000e+00
    121.000    119.713    -1.4288  27.070005    -1.4279  27.070326     6.1203     6.3127     1.7640    95.4811 1.0000e-12  -74.06786 -111.55128  43.757035      99.89 1.5613e+03    404.844       9717  1027.8512  1027.8507     4.5295     0.2396     0.1289    33.8912    33.8907    8.38407         29 0.0000e+00
    122.000    120.702    -1.4281  27.071261    -1.4275  27.071405     6.1174     6.3198     1.3529    95.5915 1.0000e-12  -74.06786 -111.55128  43.757049      99.89 1.5142e+03    406.021       9745  1027.8562  1027.8558     4.5347     0.2099     0.1345    33.8915    33.8910    8.38390         28 0.0000e+00
    123.000    121.691    -1.4277  27.072188    -1.4271  27.072165     6.1250     6.3273     1.0687    95.5504 1.0000e-12  -74.06786 -111.55130  43.757062      99.88 1.4611e+03    407.167       9773  1027.8611  1027.8605     4.5328     0.2950     0.1317    33.8917    33.8910    8.38379         27 0.0000e+00
    124.000    122.682    -1.4266  27.073784    -1.4261  27.073801     6.1349     6.3250     1.2995    95.7252 1.0000e-12  -74.06786 -111.55128  43.757076      96.22 1.4533e+03    408.365       9802  1027.8661  1027.8656     4.5411     0.2618     0.1315    33.8921    33.8915    8.38353         30 0.0000e+00
    125.000    123.669    -1.4257  27.075992    -1.4253  27.075861     6.1091     6.3074     1.0191    95.5641 1.0000e-12  -74.06786 -111.55129  43.757090      98.28 1.4476e+03    409.603       9831  1027.8720  1027.8714     4.5336     0.1999     0.1254    33.8935    33.8928    8.38325         29 0.0000e+00
    126.000    124.659    -1.4253  27.079428    -1.4247  27.079418     6.0085     6.2231     1.7097    95.6857 1.0000e-12  -74.06786 -111.55129  43.757104      99.89 1.4392e+03    410.793       9860  1027.8798  1027.8791     4.5391     0.2403     0.1317    33.8971    33.8964    8.38293         29 0.0000e+00
    127.000    125.648    -1.4127  27.100624    -1.4116  27.100848     5.9336     6.1459     1.5809    95.4256 1.0000e-12  -74.06786 -111.55129  43.757117      99.89 1.4467e+03    411.949       9888  1027.8954  1027.8946     4.5269     0.2398     0.1308    33.9114    33.9105    8.37925         27 0.0000e+00
    128.000    126.636    -1.3965  27.124076    -1.3960  27.123978     5.9113     6.1186     1.6729    95.3406 1.0000e-12  -74.06786 -111.55130  43.757131      99.89 1.4551e+03    413.115       9916  1027.9100  1027.9094     4.5229     0.2051     0.1275    33.9247    33.9240    8.37481         28 0.0000e+00
    129.000    127.626    -1.3956  27.125736    -1.3950  27.125815     5.9104     6.1177     1.3448    95.6237 1.0000e-12  -74.06786 -111.55128  43.757145      99.90 1.4684e+03    414.322       9945  1027.9154  1027.9149     4.5363     0.2146     0.1282    33.9253    33.9248    8.37457         30 0.0000e+00
    130.000    128.615    -1.3957  27.126593    -1.3952  27.126596     5.9090     6.1165     0.9510    95.4760 1.0000e-12  -74.06786 -111.55129  43.757159      99.89 1.4999e+03    415.542       9974  1027.9208  1027.9203     4.5293     0.2155     0.1293    33.9260    33.9254    8.37456         29 0.0000e+00
    131.000    129.603    -1.3959  27.127090    -1.3952  27.127103     5.9108     6.1125     1.0660    95.9075 1.0000e-12  -74.06786 -111.55128  43.757173      99.90 1.5563e+03    416.740      10003  1027.9260  1027.9253     4.5497     0.1818     0.1292    33.9263    33.9255    8.37458         29 0.0000e+00
    132.000    130.593    -1.3963  27.127418    -1.3957  27.127361     5.9223     6.1125     0.8120    95.9378 1.0000e-12  -74.06786 -111.55128  43.757187      99.89 1.6717e+03    417.923      10031  1027.9311  1027.9305     4.5512     0.1807     0.1318    33.9266    33.9258    8.37466         28 0.0000e+00
    133.000    131.582    -1.3968  27.127631    -1.3962  27.127622     5.9359     6.1230     0.9489    96.1298 1.0000e-12  -74.06786 -111.55128  43.757201      99.89 1.7879e+03    419.127      10060  1027.9361  1027.9356     4.5603     0.1991     0.1280    33.9268    33.9260    8.37475         29 0.0000e+00
    134.000    132.571    -1.3976  27.127657    -1.3966  27.127856     5.9336     6.1302     0.7855    96.0969 1.0000e-12  -74.06786 -111.55128  43.757214      99.89 1.7416e+03    420.328      10089  1027.9414  1027.9406     4.5587     0.1900     0.1301    33.9272    33.9263    8.37492         29 0.0000e+00
    135.000    133.560    -1.3986  27.127753    -1.3978  27.127756     5.9458     6.1402     0.8761    96.1848 1.0000e-12  -74.06786 -111.55128  43.757228      91.65 1.6932e+03    421.511      10117  1027.9467  1027.9460     4.5629     0.2194     0.1275    33.9277    33.9269    8.37509         28 0.0000e+00
    136.000    134.548    -1.3996  27.127605    -1.3995  27.127270     5.9799     6.1545     0.6667    96.1687 1.0000e-12  -74.06786 -111.55129  43.757242      99.50 1.7173e+03    422.705      10146  1027.9519  1027.9515     4.5621     0.1571     0.1309    33.9280    33.9275    8.37530         29 0.0000e+00
    137.000    135.539    -1.4043  27.125331    -1.4029  27.125869     6.0251     6.1979     0.5058    96.2819 1.0000e-12  -74.06786 -111.55130  43.757256      99.90 1.7265e+03    423.921      10175  1027.9583  1027.9575     4.5675     0.1551     0.1268    33.9297    33.9288    8.37627         29 0.0000e+00
    138.000    136.526    -1.4123  27.120409    -1.4111  27.120786     6.0691     6.2465     0.5627    96.2876 1.0000e-12  -74.06786 -111.55130  43.757270      99.89 1.7074e+03    425.085      10203  1027.9649  1027.9642     4.5678     0.1630     0.1286    33.9313    33.9305    8.37797         27 0.0000e+00
    139.000    137.515    -1.4266  27.110864    -1.4263  27.110726     6.0918     6.2631     0.6404    96.0640 1.0000e-12  -74.06786 -111.55130  43.757282      99.90 1.7004e+03    426.143      10228  1027.9726  1027.9721     4.5571     0.1440     0.1285    33.9338    33.9333    8.38104         24 0.0000e+00
    140.000    138.506    -1.4306  27.108993    -1.4299  27.109032     6.0972     6.2745     0.5161    96.2613 1.0000e-12  -74.06786 -111.55130  43.757294      99.90 1.6713e+03    427.180      10253  1027.9786  1027.9780     4.5665     0.1501     0.1274    33.9351    33.9344    8.38185         25 0.0000e+00
    141.000    139.493    -1.4306  27.110442    -1.4297  27.110570     6.0922     6.2761     0.5885    96.2554 1.0000e-12  -74.06786 -111.55130  43.757306      99.90 1.6300e+03    428.202      10278  1027.9845  1027.9838     4.5663     0.1672     0.1285    33.9365    33.9357    8.38178         24 0.0000e+00
    142.000    140.483    -1.4305  27.111745    -1.4295  27.111802     6.0943     6.2766     0.5734    96.2921 1.0000e-12  -74.06786 -111.55130  43.757317      99.89 1.5692e+03    429.191      10302  1027.9900  1027.9892     4.5679     0.1544     0.1259    33.9375    33.9366    8.38169         24 0.0000e+00
    143.000    141.471    -1.4308  27.113425    -1.4299  27.113492     6.1007     6.2846     0.5349    96.1402 1.0000e-12  -74.06786 -111.55130  43.757329      99.90 1.5422e+03    430.196      10326  1027.9965  1027.9956     4.5608     0.1799     0.1267    33.9396    33.9387    8.38164         25 0.0000e+00
    144.000    142.461    -1.4317  27.113747    -1.4310  27.113717     6.1060     6.2913     0.5592    96.3082 1.0000e-12  -74.06786 -111.55130  43.757340      99.90 1.5151e+03    431.218      10350  1028.0019  1028.0013     4.5688     0.1472     0.1264    33.9404    33.9396    8.38179         24 0.0000e+00
    145.000    143.450    -1.4335  27.113447    -1.4328  27.113323     6.1028     6.2984     0.5945    96.3089 1.0000e-12  -74.06786 -111.55130  43.757352      99.89 1.5000e+03    432.198      10374  1028.0076  1028.0068     4.5688     0.1790     0.1289    33.9415    33.9405    8.38214         23 0.0000e+00
    146.000    144.438    -1.4347  27.113339    -1.4338  27.113339     6.1135     6.3052     0.5971    96.2899 1.0000e-12  -74.06786 -111.55132  43.757363      99.89 1.4825e+03    433.165      10397  1028.0130  1028.0121     4.5679     0.1609     0.1280    33.9421    33.9411    8.38238         23 0.0000e+00
    147.000    145.427    -1.4360  27.112750    -1.4350  27.112961     6.1364     6.3267     0.5712    95.6203 1.0000e-12  -74.06786 -111.55130  43.757375      99.89 1.4878e+03    434.165      10421  1028.0178  1028.0171     4.5362     0.1850     0.1267    33.9421    33.9412    8.38266         24 0.0000e+00
    148.000    146.419    -1.4398  27.109778    -1.4393  27.109949     6.1623     6.3474     0.4507    95.9986 1.0000e-12  -74.06786 -111.55132  43.757386      95.36 1.5145e+03    435.156      10445  1028.0225  1028.0222     4.5540     0.1542     0.1333    33.9417    33.9414    8.38355         24 0.0000e+00
    149.000    147.405    -1.4454  27.106414    -1.4440  27.106944     6.1832     6.3676     0.6780    95.9635 1.0000e-12  -74.06786 -111.55130  43.757398      99.86 1.4794e+03    436.148      10469  1028.0285  1028.0277     4.5524     0.1971     0.1265    33.9428    33.9419    8.38474         24 0.0000e+00
    150.000    148.394    -1.4534  27.101086    -1.4523  27.101407     6.1867     6.3761     0.5132    96.0689 1.0000e-12  -74.06786 -111.55132  43.757409      99.89 1.4264e+03    437.158      10493  1028.0346  1028.0339     4.5574     0.1761     0.1264    33.9439    33.9431    8.38647         24 0.0000e+00
    151.000    149.382    -1.4543  27.100867    -1.4535  27.100884     6.1644     6.3605     1.4818    96.0872 1.0000e-12  -74.06786 -111.55132  43.757421      99.89 1.4319e+03    438.154      10517  1028.0394  1028.0387     4.5582     0.1903     0.1287    33.9439    33.9431    8.38666         24 0.0000e+00
    152.000    150.372    -1.4553  27.101091    -1.4545  27.101002     6.1443     6.3395     0.9507    96.1173 1.0000e-12  -74.06786 -111.55132  43.757432      99.90 1.4553e+03    439.153      10541  1028.0449  1028.0441     4.5596     0.1655     0.1252    33.9449    33.9438    8.38685         25 0.0000e+00
    153.000    151.362    -1.4453  27.111757    -1.4443  27.111860     6.1377     6.3343     1.0263    95.8947 1.0000e-12  -74.06786 -111.55132  43.757444      99.90 1.4554e+03    440.174      10565  1028.0512  1028.0503     4.5492     0.1689     0.1273    33.9475    33.9465    8.38443         24 0.0000e+00
    154.000    152.350    -1.4455  27.112081    -1.4445  27.112292     6.1505     6.3534     0.9210    95.9974 1.0000e-12  -74.06786 -111.55132  43.757456      99.89 1.4671e+03    441.164      10589  1028.0560  1028.0553     4.5540     0.2649     0.1304    33.9476    33.9467    8.38448         23 0.0000e+00
    155.000    153.338    -1.4489  27.110058    -1.4502  27.108267     6.1747     6.3714     0.7852    95.9318 1.0000e-12  -74.06786 -111.55132  43.757467      99.90 1.5133e+03    442.122      10612  1028.0614  1028.0606     4.5509     0.1577     0.1283    33.9481    33.9470    8.38522         23 0.0000e+00
    156.000    154.329    -1.4581  27.103196    -1.4583  27.102566     6.1938     6.3865     0.8682    95.9013 1.0000e-12  -74.06786 -111.55132  43.757478      99.90 1.5017e+03    443.106      10636  1028.0670  1028.0665     4.5495     0.1718     0.1254    33.9484    33.9478    8.38726         24 0.0000e+00
