ocean_section_plots/required_files/ctd/dnbp2202_ctd215.cnv
* Sea-Bird SBE 9 Data File:
* FileName = D:\Data\raw\NBP2202_CTD215.hex
* Software Version Seasave V 7.26.7.121
* Temperature SN = 1649
* Conductivity SN = 2513
* Number of Bytes Per Scan = 40
* Number of Voltage Words = 5
* Number of Scans Averaged by the Deck Unit = 1
* NMEA Latitude = 73 58.28 S
* NMEA Longitude = 111 27.70 W
* NMEA UTC (Time) = Feb 11 2022  06:04:34
* NMEA baud rate = 9600
** Ship: RVIB N.B. Palmer
** Cruise: NBP2202 Thwaites
** Station: 127
** Operator: B. Bjork
# nquan = 28
# nvalues = 493                         
# units = specified
# name 0 = prDM: Pressure, Digiquartz [db]
# name 1 = depSM: Depth [salt water, m]
# name 2 = t090C: Temperature [ITS-90, deg C]
# name 3 = c0mS/cm: Conductivity [mS/cm]
# name 4 = t190C: Temperature, 2 [ITS-90, deg C]
# name 5 = c1mS/cm: Conductivity, 2 [mS/cm]
# name 6 = sbeox0ML/L: Oxygen, SBE 43 [ml/l]
# name 7 = sbeox1ML/L: Oxygen, SBE 43, 2 [ml/l]
# name 8 = flECO-AFL: Fluorescence, WET Labs ECO-AFL/FL [mg/m^3]
# name 9 = CStarTr0: Beam Transmission, WET Labs C-Star [%]
# name 10 = par: PAR/Irradiance, Biospherical/Licor
# name 11 = latitude: Latitude [deg]
# name 12 = longitude: Longitude [deg]
# name 13 = timeJ: Julian Days
# name 14 = altM: Altimeter [m]
# name 15 = spar: SPAR, Biospherical/Licor
# name 16 = timeS: Time, Elapsed [seconds]
# name 17 = scan: Scan Count
# name 18 = density00: Density [density, kg/m^3]
# name 19 = density11: Density, 2 [density, kg/m^3]
# name 20 = v3: Voltage 3
# name 21 = v4: Voltage 4
# name 22 = v5: Voltage 5
# name 23 = sal00: Salinity, Practical [PSU]
# name 24 = sal11: Salinity, Practical, 2 [PSU]
# name 25 = oxsolML/L: Oxygen Saturation, Garcia & Gordon [ml/l]
# name 26 = nbin: number of scans per bin
# name 27 = flag: flag
# span 0 =      2.000,    494.000       
# span 1 =      1.981,    488.312       
# span 2 =    -1.6294,     0.3080       
# span 3 =  26.923596,  29.146284       
# span 4 =    -1.6285,     0.3104       
# span 5 =  26.923754,  29.146284       
# span 6 =     4.6770,     8.8510       
# span 7 =     4.8150,     9.1567       
# span 8 =    -0.0141,    28.4622       
# span 9 =    71.3394,    97.9819       
# span 10 = -1.611e-05, 4.8997e+00      
# span 11 =  -73.97138,  -73.97138      
# span 12 = -111.46183, -111.46178      
# span 13 =  42.255106,  42.262875      
# span 14 =       6.02,     100.03      
# span 15 = 2.9310e+01, 4.3957e+01      
# span 16 =    167.164,    838.386      
# span 17 =       4013,      20122      
# span 18 =  1027.2013,  1030.0236      
# span 19 =  1027.2010,  1030.0210      
# span 20 =     3.3843,     4.6481      
# span 21 =     0.0649,     4.4821      
# span 22 =     0.1178,     0.2624      
# span 23 =    33.8090,    34.4990      
# span 24 =    33.8085,    34.4966      
# span 25 =    7.97414,    8.42613      
# span 26 =          4,         50      
# span 27 = 0.0000e+00, 0.0000e+00      
# interval = decibars: 1                
# start_time = Feb 11 2022 06:04:34 [NMEA time, header]
# bad_flag = -9.990e-29
*END*
      2.000      1.981    -1.0955  27.230802    -1.0945  27.231340     8.8311     8.4333    24.5504    72.7518 4.8997e+00  -73.97138 -111.46182  42.255106      79.64 2.9969e+01    167.164       4013  1027.2013  1027.2010     3.4513     3.7616     0.2297    33.8092    33.8088    8.31442         29 0.0000e+00
      3.000      2.968    -1.0943  27.232301    -1.0940  27.232180     8.8395     8.4829    22.5190    72.1621 3.2903e+00  -73.97138 -111.46182  42.255130      97.15 2.9969e+01    169.270       4063  1027.2061  1027.2057     3.4239     3.8630     0.2346    33.8093    33.8088    8.31416         38 0.0000e+00
      4.000      3.959    -1.0941  27.232777    -1.0937  27.232906     8.8473     8.6128    23.4220    71.8129 2.1690e+00  -73.97138 -111.46181  42.255154      99.88 2.9969e+01    171.272       4112  1027.2108  1027.2105     3.4073     4.0319     0.2096    33.8091    33.8088    8.31413         41 0.0000e+00
      5.000      4.948    -1.0953  27.232186    -1.0948  27.232352     8.8433     8.7016    24.2945    72.9546 1.4615e+00  -73.97138 -111.46181  42.255176      99.97 2.9969e+01    173.247       4159  1027.2156  1027.2152     3.4610     4.2151     0.2246    33.8090    33.8086    8.31440         42 0.0000e+00
      6.000      5.939    -1.0939  27.233859    -1.0933  27.233924     8.8314     8.7633    22.9173    72.9522 1.0108e+00  -73.97138 -111.46181  42.255199      99.98 3.0261e+01    175.221       4206  1027.2203  1027.2198     3.4610     4.1976     0.2356    33.8091    33.8085    8.31408         42 0.0000e+00
      7.000      6.928    -1.0945  27.234055    -1.0945  27.233842     8.8384     8.8576    24.1472    72.5085 7.0645e-01  -73.97138 -111.46181  42.255222      99.98 2.9310e+01    177.210       4254  1027.2254  1027.2252     3.4401     3.6077     0.2163    33.8094    33.8091    8.31419         42 0.0000e+00
      8.000      7.917    -1.0937  27.235092    -1.0933  27.235049     8.8510     8.9149    24.8440    72.7205 5.0348e-01  -73.97138 -111.46181  42.255245      99.97 2.9949e+01    179.201       4302  1027.2301  1027.2296     3.4494     3.8003     0.2287    33.8093    33.8087    8.31402         38 0.0000e+00
      9.000      8.906    -1.0957  27.233963    -1.0952  27.234090     8.8488     8.9733    25.6610    72.4845 3.6243e-01  -73.97138 -111.46181  42.255268      83.33 2.9969e+01    181.195       4350  1027.2351  1027.2348     3.4391     4.1513     0.2624    33.8093    33.8090    8.31445         42 0.0000e+00
     10.000      9.897    -1.0966  27.233542    -1.0958  27.233757     8.8455     9.0369    27.7533    72.5810 2.5250e-01  -73.97138 -111.46181  42.255291     100.03 2.9969e+01    183.181       4397  1027.2398  1027.2393     3.4437     4.1768     0.1926    33.8092    33.8086    8.31467         36 0.0000e+00
     11.000     10.886    -1.0977  27.233442    -1.0968  27.233543     8.8336     9.0908    25.6900    72.0747 1.7414e-01  -73.97138 -111.46181  42.255314      99.98 2.9969e+01    185.160       4445  1027.2450  1027.2443     3.4197     3.6339     0.2177    33.8096    33.8088    8.31488         45 0.0000e+00
     12.000     11.876    -1.0982  27.233831    -1.0972  27.234083     8.8294     9.1024    24.9830    72.9174 1.1583e-01  -73.97138 -111.46181  42.255337      99.97 2.9969e+01    187.141       4492  1027.2503  1027.2496     3.4591     4.1457     0.2013    33.8101    33.8094    8.31497         43 0.0000e+00
     13.000     12.864    -1.1007  27.232977    -1.0996  27.233316     8.8103     9.1210    24.1871    73.3816 7.2284e-02  -73.97138 -111.46181  42.255360      99.98 2.9969e+01    189.110       4540  1027.2560  1027.2553     3.4809     3.7827     0.2110    33.8111    33.8104    8.31545         35 0.0000e+00
     14.000     13.854    -1.1039  27.231575    -1.1032  27.231750     8.8134     9.1380    25.4902    71.4943 4.0656e-02  -73.97138 -111.46181  42.255383      99.98 2.9969e+01    191.068       4587  1027.2619  1027.2613     3.3924     4.4821     0.2027    33.8123    33.8116    8.31611         44 0.0000e+00
     15.000     14.842    -1.1043  27.231715    -1.1034  27.231980     8.8213     9.1524    25.5518    72.5450 1.6501e-02  -73.97138 -111.46181  42.255406      99.98 2.9969e+01    193.039       4634  1027.2667  1027.2660     3.4420     4.0687     0.2275    33.8123    33.8116    8.31620         41 0.0000e+00
     16.000     15.833    -1.1013  27.234210    -1.1004  27.234408     8.8293     9.1567    26.3273    73.0802 1.5285e-03  -73.97138 -111.46181  42.255428      99.49 2.9969e+01    195.008       4681  1027.2708  1027.2701     3.4675     3.9749     0.2274    33.8117    33.8109    8.31556         39 0.0000e+00
     17.000     16.822    -1.1026  27.233822    -1.1021  27.233811     8.8318     9.1481    24.7556    74.0410 -1.611e-05  -73.97138 -111.46181  42.255451      99.97 2.9969e+01    196.975       4728  1027.2759  1027.2754     3.5127     3.6106     0.2146    33.8120    33.8114    8.31584         39 0.0000e+00
     18.000     17.813    -1.1016  27.234968    -1.1016  27.234526     8.8099     9.1345    24.4774    72.1455 1.0000e-12  -73.97138 -111.46181  42.255474      99.98 2.9969e+01    198.938       4776  1027.2805  1027.2800     3.4228     4.2952     0.2355    33.8118    33.8112    8.31562         40 0.0000e+00
     19.000     18.803    -1.1078  27.231348    -1.1052  27.232321     8.7820     9.1095    26.5300    72.8309 1.0000e-12  -73.97138 -111.46182  42.255496      99.97 2.9969e+01    200.895       4822  1027.2868  1027.2855     3.4553     3.9758     0.2137    33.8132    33.8116    8.31692         36 0.0000e+00
     20.000     19.793    -1.1138  27.227795    -1.1137  27.227505     8.7641     9.1076    25.8200    71.3394 1.0000e-12  -73.97138 -111.46182  42.255519      99.98 2.9969e+01    202.868       4870  1027.2929  1027.2926     3.3843     3.4613     0.1930    33.8145    33.8140    8.31817         35 0.0000e+00
     21.000     20.782    -1.1164  27.226482    -1.1154  27.226691     8.7512     9.0928    28.4622    73.4886 1.0000e-12  -73.97138 -111.46182  42.255542      99.97 2.9969e+01    204.841       4917  1027.2983  1027.2976     3.4866     3.8205     0.2398    33.8150    33.8142    8.31872         39 0.0000e+00
     22.000     21.772    -1.1223  27.222506    -1.1231  27.221791     8.7170     9.0545    26.7973    72.5602 1.0000e-12  -73.97138 -111.46182  42.255565      95.88 2.9969e+01    206.800       4964  1027.3039  1027.3039     3.4428     3.6386     0.1945    33.8156    33.8155    8.32000         36 0.0000e+00
     23.000     22.761    -1.1340  27.214908    -1.1327  27.215400     8.6980     9.0412    23.6568    72.9501 1.0000e-12  -73.97138 -111.46182  42.255587      98.93 2.9969e+01    208.747       5011  1027.3111  1027.3103     3.4606     3.6029     0.2327    33.8178    33.8169    8.32247         41 0.0000e+00
     24.000     23.749    -1.1372  27.213101    -1.1353  27.214093     8.6649     9.0161    24.9312    72.0531 1.0000e-12  -73.97138 -111.46182  42.255610     100.00 2.9969e+01    210.689       5058  1027.3164  1027.3156     3.4186     3.9983     0.2348    33.8183    33.8175    8.32315         43 0.0000e+00
     25.000     24.742    -1.1484  27.205683    -1.1475  27.206235     8.6134     8.9685    26.2981    72.8600 1.0000e-12  -73.97138 -111.46182  42.255632      99.97 3.0181e+01    212.640       5104  1027.3232  1027.3229     3.4569     3.6793     0.2369    33.8202    33.8199    8.32553         45 0.0000e+00
     26.000     25.729    -1.1587  27.199099    -1.1585  27.198912     8.5781     8.9304    22.0165    73.7711 1.0000e-12  -73.97138 -111.46182  42.255655      99.98 3.0570e+01    214.605       5152  1027.3301  1027.3298     3.5001     3.4625     0.2068    33.8222    33.8217    8.32771         44 0.0000e+00
     27.000     26.720    -1.1680  27.193290    -1.1682  27.192868     8.4733     8.8264    28.0075    72.8069 1.0000e-12  -73.97138 -111.46182  42.255678      99.97 3.0603e+01    216.565       5199  1027.3369  1027.3366     3.4544     3.7382     0.1908    33.8241    33.8237    8.32967         39 0.0000e+00
     28.000     27.709    -1.1987  27.172035    -1.1971  27.173620     8.3121     8.6797    24.3729    72.3912 1.0000e-12  -73.97138 -111.46182  42.255701      99.98 3.0334e+01    218.541       5246  1027.3473  1027.3476     3.4348     3.6461     0.2197    33.8290    33.8294    8.33620         40 0.0000e+00
     29.000     28.698    -1.2260  27.153653    -1.2253  27.154015     8.2468     8.5988    23.5857    72.1650 1.0000e-12  -73.97138 -111.46182  42.255724      98.11 3.0390e+01    220.518       5293  1027.3575  1027.3572     3.4238     4.0697     0.2270    33.8341    33.8338    8.34200         42 0.0000e+00
     30.000     29.688    -1.2332  27.149049    -1.2321  27.149724     8.1466     8.5046    25.4290    73.7354 1.0000e-12  -73.97138 -111.46183  42.255746      99.98 3.0724e+01    222.497       5341  1027.3632  1027.3629     3.4983     3.6556     0.1893    33.8352    33.8349    8.34353         42 0.0000e+00
     31.000     30.677    -1.2500  27.138106    -1.2493  27.138600     8.0134     8.3629    26.8983    74.3321 1.0000e-12  -73.97138 -111.46182  42.255769      99.98 3.0290e+01    224.475       5388  1027.3714  1027.3713     3.5266     3.5074     0.2276    33.8386    33.8385    8.34708         41 0.0000e+00
     32.000     31.667    -1.2695  27.126084    -1.2684  27.127156     7.8307     8.1917    23.7611    73.9376 1.0000e-12  -73.97138 -111.46182  42.255792      99.98 3.0481e+01    226.428       5435  1027.3810  1027.3811     3.5078     3.4652     0.2105    33.8435    33.8438    8.35115         38 0.0000e+00
     33.000     32.656    -1.3080  27.102285    -1.3073  27.103213     7.7016     8.0505    25.7898    74.1586 1.0000e-12  -73.97138 -111.46182  42.255814      99.98 3.0904e+01    228.374       5482  1027.3960  1027.3964     3.5185     3.6222     0.2061    33.8538    33.8544    8.35916         43 0.0000e+00
     34.000     33.646    -1.3277  27.089930    -1.3268  27.090550     7.6504     7.9764    26.8240    74.2365 1.0000e-12  -73.97138 -111.46182  42.255837      99.98 3.0733e+01    230.313       5529  1027.4052  1027.4051     3.5225     3.3703     0.2321    33.8585    33.8584    8.36330         44 0.0000e+00
     35.000     34.636    -1.3355  27.085288    -1.3348  27.085629     7.5971     7.9070    21.0405    75.2287 1.0000e-12  -73.97138 -111.46182  42.255860      99.87 3.1170e+01    232.262       5575  1027.4115  1027.4111     3.5692     3.2129     0.1979    33.8604    33.8600    8.36494         43 0.0000e+00
     36.000     35.624    -1.3483  27.077849    -1.3474  27.078611     7.5221     7.8460    20.2602    76.4614 1.0000e-12  -73.97138 -111.46182  42.255882      94.91 3.1723e+01    234.238       5623  1027.4195  1027.4195     3.6275     2.6827     0.2025    33.8640    33.8640    8.36760         37 0.0000e+00
     37.000     36.615    -1.3555  27.074465    -1.3530  27.075455     7.5535     7.8467    21.5368    76.7259 1.0000e-12  -73.97138 -111.46182  42.255905      99.70 3.0905e+01    236.198       5670  1027.4267  1027.4254     3.6408     2.5992     0.2061    33.8670    33.8654    8.36904         31 0.0000e+00
     38.000     37.605    -1.3448  27.082332    -1.3488  27.079861     7.5137     7.7928    20.7118    77.8380 1.0000e-12  -73.97138 -111.46182  42.255928      99.90 3.1609e+01    238.158       5717  1027.4289  1027.4300     3.6933     2.9739     0.2052    33.8650    33.8660    8.36675         39 0.0000e+00
     39.000     38.593    -1.3638  27.070461    -1.3632  27.070526     7.4766     7.7621    16.9397    77.4427 1.0000e-12  -73.97138 -111.46182  42.255951      99.82 3.1736e+01    240.133       5764  1027.4383  1027.4378     3.6745     2.7336     0.1989    33.8695    33.8690    8.37074         41 0.0000e+00
     40.000     39.584    -1.3636  27.071053    -1.3631  27.071111     7.4725     7.7636    17.0771    77.9026 1.0000e-12  -73.97138 -111.46182  42.255973      99.92 3.1163e+01    242.100       5811  1027.4428  1027.4423     3.6961     2.9650     0.2085    33.8695    33.8690    8.37070         38 0.0000e+00
     41.000     40.572    -1.3642  27.071318    -1.3632  27.071553     7.4559     7.7396    17.9797    79.6264 1.0000e-12  -73.97138 -111.46182  42.255996      99.78 3.1234e+01    244.066       5859  1027.4477  1027.4471     3.7781     2.5175     0.1919    33.8699    33.8692    8.37081         39 0.0000e+00
     42.000     41.561    -1.3677  27.069642    -1.3665  27.070163     7.3895     7.6772    16.8381    79.2649 1.0000e-12  -73.97138 -111.46182  42.256019      98.74 3.1689e+01    246.035       5906  1027.4535  1027.4529     3.7608     2.6242     0.1940    33.8709    33.8703    8.37153         41 0.0000e+00
     43.000     42.551    -1.3776  27.064135    -1.3767  27.064452     7.3282     7.6221    15.8947    80.4959 1.0000e-12  -73.97138 -111.46182  42.256041      96.88 3.1452e+01    247.980       5953  1027.4612  1027.4607     3.8190     2.2812     0.1941    33.8740    33.8734    8.37358         38 0.0000e+00
     44.000     43.540    -1.3879  27.058909    -1.3870  27.059206     7.3121     7.5805    13.9124    81.8146 1.0000e-12  -73.97138 -111.46182  42.256064      99.54 3.1373e+01    249.921       5999  1027.4696  1027.4690     3.8821     2.2585     0.1823    33.8779    33.8772    8.37567         39 0.0000e+00
     45.000     44.532    -1.3907  27.057539    -1.3899  27.057676     7.2974     7.5703    14.9754    81.1999 1.0000e-12  -73.97138 -111.46182  42.256087      99.50 3.1712e+01    251.883       6046  1027.4748  1027.4743     3.8525     2.1742     0.1770    33.8785    33.8778    8.37625         32 0.0000e+00
     46.000     45.519    -1.3948  27.055559    -1.3942  27.055664     7.2758     7.5526    13.8695    81.5304 1.0000e-12  -73.97138 -111.46182  42.256109      99.69 3.1441e+01    253.845       6093  1027.4808  1027.4803     3.8680     2.4234     0.1816    33.8798    33.8792    8.37710         42 0.0000e+00
     47.000     46.509    -1.4011  27.052229    -1.4009  27.052148     7.2541     7.5285    14.9664    82.9537 1.0000e-12  -73.97138 -111.46182  42.256132      99.46 3.1291e+01    255.798       6140  1027.4874  1027.4871     3.9355     2.0649     0.1815    33.8817    33.8813    8.37840         40 0.0000e+00
     48.000     47.499    -1.4089  27.048709    -1.4078  27.049011     7.2113     7.4826    15.2703    81.9374 1.0000e-12  -73.97138 -111.46182  42.256155      99.39 3.1512e+01    257.756       6187  1027.4952  1027.4946     3.8875     1.8923     0.1828    33.8851    33.8843    8.37996         31 0.0000e+00
     49.000     48.487    -1.4251  27.039356    -1.4246  27.039757     7.1302     7.4028    12.7659    82.5192 1.0000e-12  -73.97138 -111.46182  42.256177      99.01 3.1454e+01    259.720       6234  1027.5048  1027.5048     3.9147     2.1526     0.1785    33.8900    33.8900    8.38332         38 0.0000e+00
     50.000     49.478    -1.4522  27.022369    -1.4515  27.022784     7.0572     7.3316    14.2284    83.5914 1.0000e-12  -73.97138 -111.46182  42.256200      98.73 3.0743e+01    261.667       6281  1027.5164  1027.5162     3.9647     2.1312     0.1879    33.8967    33.8965    8.38900         38 0.0000e+00
     51.000     50.467    -1.4681  27.011710    -1.4677  27.011887     7.0030     7.2798    13.5319    82.6316 1.0000e-12  -73.97138 -111.46182  42.256222      99.38 3.1735e+01    263.618       6328  1027.5240  1027.5238     3.9202     1.8034     0.1673    33.8994    33.8992    8.39243         39 0.0000e+00
     52.000     51.457    -1.4848  27.001049    -1.4844  27.001217     6.9756     7.2390    10.7629    83.1706 1.0000e-12  -73.97138 -111.46182  42.256245      99.43 3.1732e+01    265.579       6375  1027.5324  1027.5321     3.9456     1.6337     0.1642    33.9031    33.9028    8.39599         38 0.0000e+00
