ocean_section_plots/required_files/ctd/dnbp2202_ctd106.cnv
* Sea-Bird SBE 9 Data File:
* FileName = D:\Data\raw\NBP2202_CTD106.hex
* Software Version Seasave V 7.26.7.121
* Temperature SN = 1649
* Conductivity SN = 2513
* Number of Bytes Per Scan = 40
* Number of Voltage Words = 5
* Number of Scans Averaged by the Deck Unit = 1
* NMEA Latitude = 74 10.52 S
* NMEA Longitude = 113 20.65 W
* NMEA UTC (Time) = Jan 27 2022  05:12:13
* NMEA baud rate = 9600
** Ship: RVIB N.B. Palmer
** Cruise: NBP2202 Thwaites
** Station: YoYo001
** Operator: B. Bjork
# nquan = 25
# nvalues = 608                         
# units = specified
# name 0 = prDM: Pressure, Digiquartz [db]
# name 1 = depSM: Depth [salt water, m]
# name 2 = t090C: Temperature [ITS-90, deg C]
# name 3 = c0mS/cm: Conductivity [mS/cm]
# name 4 = t190C: Temperature, 2 [ITS-90, deg C]
# name 5 = c1mS/cm: Conductivity, 2 [mS/cm]
# name 6 = sbeox0ML/L: Oxygen, SBE 43 [ml/l]
# name 7 = sbeox1ML/L: Oxygen, SBE 43, 2 [ml/l]
# name 8 = flECO-AFL: Fluorescence, WET Labs ECO-AFL/FL [mg/m^3]
# name 9 = CStarTr0: Beam Transmission, WET Labs C-Star [%]
# name 10 = par: PAR/Irradiance, Biospherical/Licor
# name 11 = latitude: Latitude [deg]
# name 12 = longitude: Longitude [deg]
# name 13 = timeJ: Julian Days
# name 14 = altM: Altimeter [m]
# name 15 = spar: SPAR, Biospherical/Licor
# name 16 = timeS: Time, Elapsed [seconds]
# name 17 = scan: Scan Count
# name 18 = density00: Density [density, kg/m^3]
# name 19 = density11: Density, 2 [density, kg/m^3]
# name 20 = sal00: Salinity, Practical [PSU]
# name 21 = sal11: Salinity, Practical, 2 [PSU]
# name 22 = oxsolML/L: Oxygen Saturation, Garcia & Gordon [ml/l]
# name 23 = nbin: number of scans per bin
# name 24 = flag: flag
# span 0 =     10.000,    617.000       
# span 1 =      9.895,    609.705       
# span 2 =    -1.4663,     0.1186       
# span 3 =  26.974400,  28.955167       
# span 4 =    -1.4649,     0.1211       
# span 5 =  26.974055,  28.955093       
# span 6 =     4.6945,     8.6103       
# span 7 =     4.7602,     8.5805       
# span 8 =    -0.0227,    26.5336       
# span 9 =    68.7015,    95.5594       
# span 10 = 1.0000e-12, 3.3747e+00      
# span 11 =  -74.17536,  -74.17536      
# span 12 = -113.34426, -113.34422      
# span 13 =  27.217190,  27.226454      
# span 14 =       7.93,     100.00      
# span 15 = 1.2777e+02, 1.4456e+02      
# span 16 =     32.210,    832.642      
# span 17 =        774,      19984      
# span 18 =  1027.2292,  1030.5264      
# span 19 =  1027.2290,  1030.5243      
# span 20 =    33.7930,    34.3884      
# span 21 =    33.7918,    34.3855      
# span 22 =    8.01969,    8.39684      
# span 23 =         23,         47      
# span 24 = 0.0000e+00, 0.0000e+00      
# interval = decibars: 1                
# start_time = Jan 27 2022 05:12:13 [NMEA time, header]
# bad_flag = -9.990e-29
*END*
[from data line 580]
    590.000    583.065     0.0885  28.912054     0.0904  28.911570     4.7037     4.7728    -0.0124    95.0674 1.0000e-12  -74.17536 -113.34424  27.225596      35.74 1.3045e+02    758.494      18205  1030.3952  1030.3929    34.3804    34.3777    8.02643         37 0.0000e+00
    591.000    584.049     0.0892  28.913144     0.0911  28.912723     4.7078     4.7736    -0.0099    95.0932 1.0000e-12  -74.17536 -113.34424  27.225621      34.70 1.3045e+02    760.679      18257  1030.4001  1030.3977    34.3805    34.3778    8.02629         37 0.0000e+00
    592.000    585.037     0.0902  28.914643     0.0926  28.914702     4.7042     4.7720    -0.0092    95.1014 1.0000e-12  -74.17536 -113.34424  27.225648      33.64 1.3023e+02    762.986      18313  1030.4050  1030.4027    34.3808    34.3782    8.02606         43 0.0000e+00
    593.000    586.023     0.0956  28.920960     0.0984  28.921466     4.7028     4.7739    -0.0054    95.1158 1.0000e-12  -74.17536 -113.34424  27.225675      32.62 1.2993e+02    765.331      18369  1030.4105  1030.4084    34.3824    34.3800    8.02483         41 0.0000e+00
    594.000    587.009     0.0970  28.922873     0.0995  28.922888     4.6980     4.7731    -0.0105    95.1256 1.0000e-12  -74.17536 -113.34424  27.225704      31.60 1.2981e+02    767.853      18429  1030.4155  1030.4131    34.3829    34.3801    8.02452         41 0.0000e+00
    595.000    587.997     0.1005  28.926876     0.1024  28.926397     4.6986     4.7684    -0.0101    95.1100 1.0000e-12  -74.17536 -113.34424  27.225733      30.58 1.2945e+02    770.351      18489  1030.4205  1030.4182    34.3836    34.3809    8.02374         37 0.0000e+00
    596.000    588.982     0.1008  28.927636     0.1038  28.928273     4.7004     4.7672    -0.0120    95.1168 1.0000e-12  -74.17536 -113.34424  27.225762      29.58 1.2941e+02    772.859      18550  1030.4253  1030.4231    34.3837    34.3812    8.02367         39 0.0000e+00
    597.000    589.969     0.1012  28.928463     0.1036  28.928440     4.7008     4.7700    -0.0089    95.1278 1.0000e-12  -74.17536 -113.34424  27.225793      28.50 1.2910e+02    775.515      18613  1030.4300  1030.4277    34.3837    34.3810    8.02358         33 0.0000e+00
    598.000    590.959     0.1022  28.929954     0.1044  28.929716     4.7018     4.7701    -0.0128    95.1065 1.0000e-12  -74.17536 -113.34424  27.225825      27.51 1.2896e+02    778.259      18679  1030.4349  1030.4326    34.3840    34.3813    8.02337         33 0.0000e+00
    599.000    591.949     0.1048  28.933050     0.1075  28.933425     4.6983     4.7602    -0.0152    95.1613 1.0000e-12  -74.17536 -113.34424  27.225856      26.56 1.2869e+02    780.918      18743  1030.4400  1030.4377    34.3847    34.3821    8.02279         36 0.0000e+00
    600.000    592.931     0.1067  28.935288     0.1088  28.935209     4.6985     4.7656    -0.0115    95.1331 1.0000e-12  -74.17536 -113.34424  27.225886      25.49 1.2869e+02    783.580      18807  1030.4447  1030.4426    34.3849    34.3824    8.02238         31 0.0000e+00
    601.000    593.918     0.1054  28.934411     0.1087  28.935530     4.7029     4.7662    -0.0123    95.1684 1.0000e-12  -74.17536 -113.34424  27.225917      24.45 1.2869e+02    786.266      18871  1030.4494  1030.4473    34.3846    34.3824    8.02267         35 0.0000e+00
    602.000    594.902     0.1066  28.936185     0.1090  28.936178     4.7011     4.7671    -0.0098    95.1542 1.0000e-12  -74.17536 -113.34424  27.225948      23.40 1.2869e+02    788.931      18935  1030.4542  1030.4520    34.3850    34.3824    8.02240         30 0.0000e+00
    603.000    595.895     0.1068  28.936804     0.1091  28.936790     4.6990     4.7678    -0.0122    95.1462 1.0000e-12  -74.17536 -113.34424  27.225980      22.44 1.2869e+02    791.640      19000  1030.4590  1030.4567    34.3850    34.3824    8.02235         31 0.0000e+00
    604.000    596.877     0.1079  28.938285     0.1100  28.938111     4.6968     4.7681    -0.0053    95.1613 1.0000e-12  -74.17536 -113.34424  27.226011      21.40 1.2869e+02    794.339      19065  1030.4637  1030.4615    34.3851    34.3826    8.02211         36 0.0000e+00
    605.000    597.866     0.1084  28.939182     0.1106  28.939183     4.6956     4.7682    -0.0095    95.1484 1.0000e-12  -74.17536 -113.34424  27.226042      20.30 1.2869e+02    797.070      19131  1030.4684  1030.4663    34.3852    34.3827    8.02201         37 0.0000e+00
    606.000    598.853     0.1087  28.939930     0.1109  28.939911     4.6955     4.7672    -0.0146    95.1421 1.0000e-12  -74.17536 -113.34424  27.226073      19.36 1.2869e+02    799.749      19195  1030.4732  1030.4710    34.3853    34.3827    8.02194         35 0.0000e+00
    607.000    599.838     0.1088  28.940437     0.1109  28.940314     4.6985     4.7645    -0.0036    95.1490 1.0000e-12  -74.17536 -113.34424  27.226104      18.28 1.2869e+02    802.415      19259  1030.4779  1030.4757    34.3852    34.3827    8.02192         37 0.0000e+00
    608.000    600.825     0.1091  28.941259     0.1118  28.941556     4.6966     4.7636    -0.0153    95.1498 1.0000e-12  -74.17536 -113.34424  27.226136      17.32 1.2869e+02    805.141      19324  1030.4826  1030.4804    34.3854    34.3828    8.02184         32 0.0000e+00
    609.000    601.812     0.1100  28.942630     0.1123  28.942476     4.6962     4.7656    -0.0091    95.1058 1.0000e-12  -74.17536 -113.34424  27.226168      16.25 1.2869e+02    807.886      19390  1030.4874  1030.4851    34.3856    34.3828    8.02164         39 0.0000e+00
    610.000    602.798     0.1134  28.946570     0.1151  28.945755     4.6947     4.7654    -0.0086    95.1528 1.0000e-12  -74.17536 -113.34424  27.226198      15.25 1.2869e+02    810.521      19454  1030.4925  1030.4900    34.3864    34.3835    8.02089         33 0.0000e+00
    611.000    603.785     0.1141  28.947926     0.1161  28.947532     4.6962     4.7651    -0.0114    95.1796 1.0000e-12  -74.17536 -113.34424  27.226230      14.23 1.2869e+02    813.275      19520  1030.4975  1030.4951    34.3868    34.3840    8.02072         33 0.0000e+00
    612.000    604.771     0.1147  28.948967     0.1158  28.947596     4.6952     4.7661    -0.0010    95.1758 1.0000e-12  -74.17536 -113.34424  27.226260      13.24 1.2869e+02    815.906      19583  1030.5023  1030.4998    34.3869    34.3839    8.02058         41 0.0000e+00
    613.000    605.761     0.1141  28.948615     0.1163  28.948484     4.6952     4.7653    -0.0065    95.1928 1.0000e-12  -74.17536 -113.34424  27.226291      12.19 1.2869e+02    818.569      19647  1030.5068  1030.5045    34.3866    34.3840    8.02073         34 0.0000e+00
    614.000    606.748     0.1157  28.950769     0.1180  28.950680     4.6945     4.7646    -0.0083    95.1853 1.0000e-12  -74.17536 -113.34424  27.226324      11.16 1.2869e+02    821.374      19714  1030.5118  1030.5094    34.3871    34.3844    8.02038         33 0.0000e+00
    615.000    607.735     0.1179  28.953549     0.1210  28.954402     4.6966     4.7609    -0.0108    95.1764 1.0000e-12  -74.17536 -113.34424  27.226356      10.15 1.2845e+02    824.132      19780  1030.5167  1030.5146    34.3876    34.3853    8.01987         34 0.0000e+00
    616.000    608.719     0.1186  28.955167     0.1211  28.955093     4.6960     4.7632    -0.0093    95.1497 1.0000e-12  -74.17536 -113.34424  27.226395       9.16 1.2780e+02    827.568      19863  1030.5219  1030.5194    34.3884    34.3855    8.01969         40 0.0000e+00
    617.000    609.705     0.1180  28.954757     0.1206  28.955005     4.6975     4.7664    -0.0049    95.1671 1.0000e-12  -74.17536 -113.34424  27.226454       7.93 1.2777e+02    832.642      19984  1030.5264  1030.5243    34.3879    34.3854    8.01984         33 0.0000e+00
