ocean_section_plots/required_files/ctd/dnbp2202_ctd229.cnv
* Sea-Bird SBE 9 Data File:
* FileName = D:\Data\raw\NBP2202_CTD229.hex
* Software Version Seasave V 7.26.7.121
* Temperature SN = 1649
* Conductivity SN = 2513
* Number of Bytes Per Scan = 40
* Number of Voltage Words = 5
* Number of Scans Averaged by the Deck Unit = 1
* NMEA Latitude = 74 06.03 S
* NMEA Longitude = 111 14.06 W
* NMEA UTC (Time) = Feb 12 2022  19:12:44
* NMEA baud rate = 9600
** Ship: RVIB N.B. Palmer
** Cruise: NBP2202 Thwaites
** Station: 140
** Operator: A. Robinson
# nquan = 28
# nvalues = 350                         
# units = specified
# name 0 = prDM: Pressure, Digiquartz [db]
# name 1 = depSM: Depth [salt water, m]
# name 2 = t090C: Temperature [ITS-90, deg C]
# name 3 = c0mS/cm: Conductivity [mS/cm]
# name 4 = t190C: Temperature, 2 [ITS-90, deg C]
# name 5 = c1mS/cm: Conductivity, 2 [mS/cm]
# name 6 = sbeox0ML/L: Oxygen, SBE 43 [ml/l]
# name 7 = sbeox1ML/L: Oxygen, SBE 43, 2 [ml/l]
# name 8 = flECO-AFL: Fluorescence, WET Labs ECO-AFL/FL [mg/m^3]
# name 9 = CStarTr0: Beam Transmission, WET Labs C-Star [%]
# name 10 = par: PAR/Irradiance, Biospherical/Licor
# name 11 = latitude: Latitude [deg]
# name 12 = longitude: Longitude [deg]
# name 13 = timeJ: Julian Days
# name 14 = altM: Altimeter [m]
# name 15 = spar: SPAR, Biospherical/Licor
# name 16 = timeS: Time, Elapsed [seconds]
# name 17 = scan: Scan Count
# name 18 = density00: Density [density, kg/m^3]
# name 19 = density11: Density, 2 [density, kg/m^3]
# name 20 = v3: Voltage 3
# name 21 = v4: Voltage 4
# name 22 = v5: Voltage 5
# name 23 = sal00: Salinity, Practical [PSU]
# name 24 = sal11: Salinity, Practical, 2 [PSU]
# name 25 = oxsolML/L: Oxygen Saturation, Garcia & Gordon [ml/l]
# name 26 = nbin: number of scans per bin
# name 27 = flag: flag
# span 0 =      3.000,    352.000       
# span 1 =      2.970,    348.072       
# span 2 =    -1.4518,    -1.1478       
# span 3 =  26.916321,  27.566184       
# span 4 =    -1.4527,    -1.1465       
# span 5 =  26.916810,  27.566067       
# span 6 =     5.7867,     6.7497       
# span 7 =     5.9871,     7.0135       
# span 8 =    -0.0150,     4.5616       
# span 9 =    91.0902,    97.3904       
# span 10 = -4.500e-07, 1.2465e+02      
# span 11 =  -74.10060,  -74.10054      
# span 12 = -111.23434, -111.23420      
# span 13 =  43.803275,  43.808635      
# span 14 =       2.25,      99.87      
# span 15 = 1.8303e+03, 1.8646e+03      
# span 16 =    238.977,    702.063      
# span 17 =       5736,      16851      
# span 18 =  1027.1756,  1029.1223      
# span 19 =  1027.1787,  1029.1211      
# span 20 =     4.3213,     4.6200      
# span 21 =     0.0644,     0.7726      
# span 22 =     0.1190,     0.1568      
# span 23 =    33.7588,    34.1105      
# span 24 =    33.7621,    34.1088      
# span 25 =    8.30828,    8.39679      
# span 26 =         12,         46      
# span 27 = 0.0000e+00, 0.0000e+00      
# interval = decibars: 1                
# start_time = Feb 12 2022 19:12:44 [NMEA time, header]
# bad_flag = -9.990e-29
*END*
[from data line 52]
     55.000     54.424    -1.3987  27.005192    -1.3992  27.005306     6.7323     6.9906     4.0008    92.0230 2.3571e+00  -74.10054 -111.23420  43.804438      93.68 1.8612e+03    339.484       8149  1027.4655  1027.4662     4.3655     0.7726     0.1512    33.8091    33.8098    8.38219         36 0.0000e+00
     56.000     55.412    -1.3986  27.006195    -1.3991  27.006322     6.7251     6.9878     3.8594    91.5248 2.0855e+00  -74.10054 -111.23420  43.804456      99.78 1.8600e+03    341.037       8186  1027.4710  1027.4717     4.3420     0.5593     0.1449    33.8098    33.8106    8.38213         31 0.0000e+00
     57.000     56.404    -1.3982  27.007492    -1.3988  27.007541     6.7157     6.9703     4.1379    91.5198 1.8621e+00  -74.10054 -111.23420  43.804475      99.70 1.8605e+03    342.628       8224  1027.4765  1027.4771     4.3417     0.6432     0.1486    33.8104    33.8112    8.38199         37 0.0000e+00
     58.000     57.391    -1.3985  27.007689    -1.3989  27.008038     6.6906     6.9457     4.2434    91.7508 1.6548e+00  -74.10054 -111.23420  43.804493      99.72 1.8618e+03    344.228       8262  1027.4814  1027.4822     4.3526     0.5926     0.1504    33.8105    33.8114    8.38206         37 0.0000e+00
     59.000     58.382    -1.3980  27.009340    -1.3984  27.009521     6.6552     6.9167     4.0000    91.0902 1.4630e+00  -74.10054 -111.23420  43.804510      99.70 1.8616e+03    345.693       8298  1027.4872  1027.4877     4.3213     0.6107     0.1568    33.8116    33.8123    8.38189         33 0.0000e+00
     60.000     59.371    -1.3972  27.011665    -1.3976  27.011730     6.6259     6.8942     3.9584    91.7673 1.2961e+00  -74.10054 -111.23420  43.804527      99.71 1.8616e+03    347.170       8333  1027.4933  1027.4937     4.3534     0.6321     0.1518    33.8132    33.8137    8.38160         36 0.0000e+00
     61.000     60.359    -1.3974  27.012483    -1.3977  27.012724     6.5961     6.8571     3.9405    91.3771 1.1564e+00  -74.10054 -111.23420  43.804545      99.71 1.8616e+03    348.703       8370  1027.4988  1027.4993     4.3351     0.6138     0.1499    33.8140    33.8146    8.38161         37 0.0000e+00
     62.000     61.349    -1.3984  27.012994    -1.3988  27.013185     6.5260     6.7954     3.8025    91.5411 1.0327e+00  -74.10054 -111.23420  43.804562      99.70 1.8611e+03    350.167       8405  1027.5047  1027.5052     4.3425     0.6235     0.1514    33.8152    33.8158    8.38176         33 0.0000e+00
     63.000     62.338    -1.4011  27.012857    -1.4015  27.013056     6.4695     6.7307     3.3908    91.4267 9.2174e-01  -74.10054 -111.23420  43.804578      99.70 1.8603e+03    351.574       8439  1027.5115  1027.5121     4.3373     0.6444     0.1518    33.8174    33.8181    8.38223         32 0.0000e+00
     64.000     63.328    -1.4040  27.012473    -1.4045  27.012799     6.4437     6.6964     3.5172    91.8840 8.2372e-01  -74.10054 -111.23420  43.804595      99.72 1.8600e+03    352.995       8473  1027.5182  1027.5190     4.3589     0.5719     0.1492    33.8195    33.8205    8.38276         34 0.0000e+00
     65.000     64.316    -1.4046  27.012891    -1.4053  27.013269     6.4056     6.6622     3.4865    91.6585 7.3576e-01  -74.10054 -111.23420  43.804610      99.72 1.8598e+03    354.344       8505  1027.5235  1027.5246     4.3483     0.5664     0.1438    33.8201    33.8214    8.38285         31 0.0000e+00
     66.000     65.307    -1.4058  27.014008    -1.4064  27.014244     6.3748     6.6302     3.2019    92.0815 6.5841e-01  -74.10054 -111.23420  43.804625      99.71 1.8598e+03    355.616       8536  1027.5303  1027.5311     4.3683     0.5636     0.1496    33.8224    33.8234    8.38299         32 0.0000e+00
     67.000     66.296    -1.4068  27.014903    -1.4072  27.015159     6.3542     6.6128     2.9608    91.9112 5.9161e-01  -74.10054 -111.23420  43.804641      99.73 1.8598e+03    357.001       8569  1027.5366  1027.5372     4.3602     0.5296     0.1489    33.8242    33.8250    8.38312         31 0.0000e+00
     68.000     67.284    -1.4071  27.015714    -1.4076  27.015925     6.3459     6.5932     3.1058    92.3824 5.3507e-01  -74.10054 -111.23420  43.804657      99.72 1.8599e+03    358.338       8601  1027.5421  1027.5427     4.3826     0.5334     0.1479    33.8250    33.8258    8.38313         30 0.0000e+00
     69.000     68.276    -1.4073  27.016382    -1.4079  27.016611     6.3343     6.5750     3.2527    92.4713 4.8308e-01  -74.10054 -111.23420  43.804671      99.73 1.8602e+03    359.553       8630  1027.5473  1027.5481     4.3868     0.5147     0.1481    33.8255    33.8265    8.38315         29 0.0000e+00
     70.000     69.265    -1.4077  27.017161    -1.4082  27.017461     6.3294     6.5680     3.1749    92.8636 4.3513e-01  -74.10054 -111.23420  43.804685      99.73 1.8605e+03    360.784       8660  1027.5528  1027.5536     4.4054     0.4955     0.1513    33.8264    33.8274    8.38318         30 0.0000e+00
     71.000     70.252    -1.4081  27.017816    -1.4085  27.018044     6.3245     6.5693     2.8173    93.2188 3.9453e-01  -74.10054 -111.23420  43.804700      99.73 1.8619e+03    362.041       8690  1027.5582  1027.5588     4.4223     0.4682     0.1409    33.8271    33.8279    8.38322         30 0.0000e+00
     72.000     71.243    -1.4082  27.018347    -1.4087  27.018466     6.3155     6.5563     2.3879    92.9859 3.5682e-01  -74.10054 -111.23420  43.804714      99.74 1.8623e+03    363.247       8719  1027.5632  1027.5638     4.4112     0.4561     0.1455    33.8273    33.8281    8.38324         29 0.0000e+00
     73.000     72.232    -1.4085  27.018713    -1.4089  27.018945     6.3073     6.5323     2.4252    93.0747 3.2355e-01  -74.10054 -111.23420  43.804728      95.30 1.8622e+03    364.512       8749  1027.5682  1027.5688     4.4154     0.4595     0.1432    33.8276    33.8283    8.38330         31 0.0000e+00
     74.000     73.222    -1.4090  27.019342    -1.4094  27.019683     6.2705     6.5001     2.7920    93.3641 2.9145e-01  -74.10054 -111.23420  43.804743      98.13 1.8624e+03    365.786       8780  1027.5736  1027.5745     4.4291     0.4006     0.1421    33.8284    33.8293    8.38335         30 0.0000e+00
     75.000     74.211    -1.4096  27.020245    -1.4100  27.020554     6.2140     6.4592     2.5870    93.1961 2.6240e-01  -74.10054 -111.23420  43.804756      99.71 1.8633e+03    366.963       8808  1027.5795  1027.5803     4.4212     0.4955     0.1453    33.8297    33.8306    8.38341         28 0.0000e+00
     76.000     75.199    -1.4110  27.021829    -1.4113  27.021889     6.1573     6.4061     2.9111    93.0839 2.3513e-01  -74.10054 -111.23420  43.804770      99.74 1.8634e+03    368.133       8836  1027.5870  1027.5873     4.4159     0.4328     0.1427    33.8328    33.8332    8.38354         28 0.0000e+00
     77.000     76.189    -1.4114  27.024088    -1.4118  27.024228     6.0891     6.3378     2.4018    93.6865 2.1180e-01  -74.10054 -111.23420  43.804784      99.73 1.8631e+03    369.341       8865  1027.5942  1027.5947     4.4444     0.4579     0.1399    33.8358    33.8364    8.38346         29 0.0000e+00
     78.000     77.178    -1.4124  27.027038    -1.4127  27.027236     6.0183     6.2766     2.2121    93.8181 1.9000e-01  -74.10054 -111.23421  43.804798      99.74 1.8618e+03    370.548       8894  1027.6028  1027.6033     4.4507     0.4141     0.1388    33.8404    33.8409    8.38341         29 0.0000e+00
     79.000     78.169    -1.4128  27.030879    -1.4131  27.030880     5.9682     6.2251     1.9810    93.7295 1.7006e-01  -74.10054 -111.23421  43.804812      99.74 1.8625e+03    371.763       8923  1027.6117  1027.6121     4.4465     0.4512     0.1394    33.8454    33.8459    8.38319         29 0.0000e+00
     80.000     79.155    -1.4119  27.035889    -1.4123  27.035476     5.9276     6.1789     1.6803    94.0529 1.5336e-01  -74.10054 -111.23421  43.804826      99.76 1.8617e+03    372.930       8951  1027.6208  1027.6207     4.4618     0.2861     0.1362    33.8508    33.8506    8.38268         27 0.0000e+00
     81.000     80.147    -1.4101  27.041789    -1.4102  27.042058     5.8924     6.1437     1.3171    94.1219 1.3920e-01  -74.10054 -111.23421  43.804838      99.76 1.8606e+03    374.024       8978  1027.6298  1027.6302     4.4651     0.2629     0.1358    33.8561    33.8566    8.38194         26 0.0000e+00
     82.000     81.135    -1.4086  27.045049    -1.4087  27.045320     5.8706     6.1131     1.2484    94.4333 1.2670e-01  -74.10054 -111.23422  43.804851      99.76 1.8604e+03    375.117       9004  1027.6363  1027.6367     4.4799     0.2560     0.1380    33.8583    33.8589    8.38148         26 0.0000e+00
     83.000     82.125    -1.4034  27.054318    -1.4044  27.053432     5.8617     6.0944     1.0593    94.8305 1.1590e-01  -74.10054 -111.23422  43.804864      99.75 1.8604e+03    376.255       9031  1027.6459  1027.6458     4.4987     0.2807     0.1361    33.8646    33.8645    8.37994         29 0.0000e+00
     84.000     83.113    -1.4042  27.055338    -1.4046  27.055377     5.8597     6.0910     0.8958    95.2870 1.0589e-01  -74.10054 -111.23422  43.804877      99.76 1.8598e+03    377.393       9058  1027.6521  1027.6526     4.5203     0.2499     0.1359    33.8662    33.8668    8.38001         26 0.0000e+00
     85.000     84.104    -1.4047  27.056417    -1.4050  27.056503     5.8629     6.0855     0.8626    95.4945 9.8772e-02  -74.10054 -111.23422  43.804890      95.35 1.8609e+03    378.480       9085  1027.6581  1027.6585     4.5301     0.1895     0.1338    33.8677    33.8682    8.38004         26 0.0000e+00
     86.000     85.092    -1.4049  27.057804    -1.4051  27.057873     5.8581     6.0789     0.7561    95.5491 8.7789e-02  -74.10054 -111.23422  43.804902      99.70 1.8611e+03    379.549       9110  1027.6642  1027.6645     4.5327     0.1837     0.1360    33.8692    33.8696    8.38001         26 0.0000e+00
     87.000     86.082    -1.4044  27.059038    -1.4047  27.059154     5.8461     6.0732     0.7122    95.5605 8.0178e-02  -74.10054 -111.23422  43.804915      99.77 1.8600e+03    380.631       9136  1027.6694  1027.6698     4.5333     0.1605     0.1318    33.8697    33.8702    8.37986         26 0.0000e+00
     88.000     87.071    -1.4043  27.060461    -1.4044  27.060646     5.8430     6.0601     0.7580    95.5735 7.2759e-02  -74.10054 -111.23422  43.804927      99.75 1.8599e+03    381.726       9162  1027.6752  1027.6755     4.5341     0.1995     0.1331    33.8709    33.8713    8.37976         26 0.0000e+00
     89.000     88.061    -1.4027  27.063890    -1.4028  27.063964     5.8440     6.0550     0.7146    96.0340 6.5251e-02  -74.10054 -111.23422  43.804940      99.76 1.8610e+03    382.822       9189  1027.6818  1027.6820     4.5556     0.1690     0.1301    33.8732    33.8735    8.37927         26 0.0000e+00
     90.000     89.050    -1.3998  27.068945    -1.4002  27.068945     5.8356     6.0501     0.6115    96.1288 5.9217e-02  -74.10054 -111.23423  43.804952      99.76 1.8616e+03    383.884       9214  1027.6889  1027.6893     4.5602     0.1697     0.1294    33.8763    33.8767    8.37844         25 0.0000e+00
     91.000     90.039    -1.4005  27.069708    -1.4006  27.069811     5.8265     6.0403     0.5822    96.2948 5.2583e-02  -74.10054 -111.23424  43.804964      99.77 1.8616e+03    384.916       9239  1027.6947  1027.6950     4.5681     0.1774     0.1312    33.8774    33.8777    8.37851         25 0.0000e+00
     92.000     91.028    -1.4001  27.072010    -1.4002  27.072137     5.8271     6.0381     0.5848    96.3764 4.7148e-02  -74.10054 -111.23424  43.804976      99.77 1.8616e+03    385.961       9264  1027.7013  1027.7015     4.5719     0.1636     0.1290    33.8796    33.8799    8.37831         25 0.0000e+00
     93.000     92.017    -1.3965  27.077479    -1.3967  27.077573     5.8219     6.0355     0.5058    96.3376 4.1875e-02  -74.10054 -111.23424  43.804989      99.77 1.8617e+03    387.014       9289  1027.7081  1027.7084     4.5701     0.1450     0.1299    33.8824    33.8827    8.37733         25 0.0000e+00
     94.000     93.007    -1.4002  27.076857    -1.4000  27.077210     5.8134     6.0326     0.4429    96.3661 3.6811e-02  -74.10054 -111.23424  43.805001      99.76 1.8619e+03    388.049       9314  1027.7154  1027.7156     4.5715     0.1344     0.1306    33.8852    33.8854    8.37800         25 0.0000e+00
     95.000     93.996    -1.3977  27.082130    -1.3976  27.082517     5.8135     6.0272     0.3709    96.5426 3.1982e-02  -74.10054 -111.23424  43.805012      99.76 1.8611e+03    389.075       9339  1027.7232  1027.7234     4.5799     0.1490     0.1298    33.8889    33.8893    8.37721         25 0.0000e+00
     96.000     94.985    -1.3977  27.084502    -1.3981  27.084367     5.8122     6.0195     0.3345    96.4475 2.7514e-02  -74.10054 -111.23424  43.805024      99.76 1.8616e+03    390.104       9363  1027.7301  1027.7304     4.5754     0.1270     0.1287    33.8916    33.8919    8.37705         24 0.0000e+00
     97.000     95.974    -1.3951  27.087777    -1.3952  27.088061     5.8074     6.0179     0.3218    96.5821 2.3370e-02  -74.10054 -111.23424  43.805036      99.77 1.8609e+03    391.132       9388  1027.7356  1027.7359     4.5817     0.1270     0.1276    33.8926    33.8930    8.37642         25 0.0000e+00
     98.000     96.964    -1.3950  27.088360    -1.3952  27.088427     5.8028     6.0159     0.3266    96.6737 2.0555e-02  -74.10054 -111.23424  43.805048      99.24 1.8598e+03    392.175       9413  1027.7404  1027.7407     4.5861     0.1239     0.1291    33.8926    33.8929    8.37639         26 0.0000e+00
     99.000     97.952    -1.3942  27.089985    -1.3941  27.090031     5.7963     6.0028     0.3847    96.7074 1.5497e-02  -74.10054 -111.23424  43.805061      99.75 1.8598e+03    393.235       9439  1027.7457  1027.7457     4.5877     0.1455     0.1275    33.8933    33.8932    8.37616         25 0.0000e+00
    100.000     98.942    -1.3878  27.097185    -1.3877  27.097412     5.7867     5.9964     0.2936    96.7343 1.1867e-02  -74.10054 -111.23424  43.805073      99.76 1.8598e+03    394.277       9464  1027.7518  1027.7520     4.5889     0.1198     0.1285    33.8953    33.8955    8.37460         25 0.0000e+00
    101.000     99.930    -1.3852  27.101012    -1.3853  27.101136     5.7870     5.9924     0.3209    96.7407 8.5757e-03  -74.10054 -111.23424  43.805085      99.77 1.8598e+03    395.319       9489  1027.7579  1027.7581     4.5892     0.1212     0.1294    33.8970    33.8973    8.37392         25 0.0000e+00
    102.000    100.919    -1.3850  27.101931    -1.3850  27.101980     5.7888     5.9871     0.2808    96.7231 5.5371e-03  -74.10054 -111.23424  43.805097      99.77 1.8599e+03    396.385       9514  1027.7630  1027.7631     4.5884     0.1148     0.1312    33.8974    33.8974    8.37384         25 0.0000e+00
    103.000    101.910    -1.3840  27.104011    -1.3839  27.104302     5.7878     5.9948     0.2908    96.5638 2.3145e-03  -74.10054 -111.23424  43.805109      99.77 1.8597e+03    397.416       9539  1027.7687  1027.7689     4.5809     0.1218     0.1273    33.8985    33.8988    8.37356         25 0.0000e+00
    104.000    102.898    -1.3816  27.108384    -1.3818  27.108311     5.8082     6.0134     0.2926    96.5954 1.6620e-04  -74.10054 -111.23426  43.805121      99.76 1.8599e+03    398.451       9564  1027.7756  1027.7757     4.5823     0.1211     0.1269    33.9012    33.9013    8.37287         25 0.0000e+00
    105.000    103.888    -1.3852  27.106706    -1.3857  27.106663     5.8439     6.0404     0.2870    96.7826 -4.500e-07  -74.10054 -111.23426  43.805133      99.77 1.8614e+03    399.503       9589  1027.7816  1027.7820     4.5912     0.1187     0.1262    33.9023    33.9028    8.37360         25 0.0000e+00
