ocean_section_plots/required_files/ctd/dnbp2202_ctd035.cnv
* Sea-Bird SBE 9 Data File:
* FileName = D:\Data\raw\NBP2202_CTD035.hex
* Software Version Seasave V 7.26.7.121
* Temperature SN = 1649
* Conductivity SN = 2513
* Number of Bytes Per Scan = 40
* Number of Voltage Words = 5
* Number of Scans Averaged by the Deck Unit = 1
* NMEA Latitude = 74 08.81 S
* NMEA Longitude = 113 26.78 W
* NMEA UTC (Time) = Jan 22 2022  14:26:47
* NMEA baud rate = 9600
** Ship: RVIB N.B. Palmer
** Cruise: NBP2202 Thwaites
** Station: Tow-Yo #2
** Operator: B Bjork
# nquan = 25
# nvalues = 201                         
# units = specified
# name 0 = prDM: Pressure, Digiquartz [db]
# name 1 = depSM: Depth [salt water, m]
# name 2 = t090C: Temperature [ITS-90, deg C]
# name 3 = c0mS/cm: Conductivity [mS/cm]
# name 4 = t190C: Temperature, 2 [ITS-90, deg C]
# name 5 = c1mS/cm: Conductivity, 2 [mS/cm]
# name 6 = sbeox0ML/L: Oxygen, SBE 43 [ml/l]
# name 7 = sbeox1ML/L: Oxygen, SBE 43, 2 [ml/l]
# name 8 = flECO-AFL: Fluorescence, WET Labs ECO-AFL/FL [mg/m^3]
# name 9 = CStarTr0: Beam Transmission, WET Labs C-Star [%]
# name 10 = par: PAR/Irradiance, Biospherical/Licor
# name 11 = latitude: Latitude [deg]
# name 12 = longitude: Longitude [deg]
# name 13 = timeJ: Julian Days
# name 14 = altM: Altimeter [m]
# name 15 = spar: SPAR, Biospherical/Licor
# name 16 = timeS: Time, Elapsed [seconds]
# name 17 = scan: Scan Count
# name 18 = density00: Density [density, kg/m^3]
# name 19 = density11: Density, 2 [density, kg/m^3]
# name 20 = sal00: Salinity, Practical [PSU]
# name 21 = sal11: Salinity, Practical, 2 [PSU]
# name 22 = oxsolML/L: Oxygen Saturation, Garcia & Gordon [ml/l]
# name 23 = nbin: number of scans per bin
# name 24 = flag: flag
# span 0 =      2.000,    202.000       
# span 1 =      1.980,    199.812       
# span 2 =    -1.3181,    -1.0009       
# span 3 =  27.118131,  27.526005       
# span 4 =    -1.3171,    -1.0008       
# span 5 =  27.117796,  27.525208       
# span 6 =     5.2783,     8.7539       
# span 7 =     5.5924,     9.3123       
# span 8 =    -0.0048,    23.2897       
# span 9 =    71.2155,    97.1587       
# span 10 = -6.218e-06, 3.4037e+02      
# span 11 =  -74.14698,  -74.14696      
# span 12 = -113.44632, -113.44629      
# span 13 =  22.606242,  22.610431      
# span 14 =       9.27,     101.38      
# span 15 = 9.2572e+02, 9.5333e+02      
# span 16 =    372.303,    734.281      
# span 17 =       8936,      17624      
# span 18 =  1027.1687,  1028.3165      
# span 19 =  1027.1688,  1028.3147      
# span 20 =    33.7718,    34.0060      
# span 21 =    33.7718,    34.0038      
# span 22 =    8.28664,    8.36103      
# span 23 =         26,         46      
# span 24 = 0.0000e+00, 0.0000e+00      
# interval = decibars: 1                
# start_time = Jan 22 2022 14:26:47 [NMEA time, header]
# bad_flag = -9.990e-29
*END*
[from data line 116]
    118.000    116.747    -1.2662  27.217923    -1.2657  27.217188     5.5344     5.8816     1.3056    95.2112 1.0000e-12  -74.14696 -113.44630  22.608825      96.34 9.4135e+02    595.482      14293  1027.8474  1027.8462    33.9121    33.9106    8.34635         29 0.0000e+00
    119.000    117.735    -1.2638  27.221377    -1.2641  27.219753     5.5234     5.8663     1.2846    95.1937 1.0000e-12  -74.14696 -113.44630  22.608839      95.43 9.4169e+02    596.671      14321  1027.8533  1027.8518    33.9136    33.9116    8.34574         29 0.0000e+00
    120.000    118.723    -1.2581  27.228658    -1.2581  27.227219     5.5157     5.8663     1.0954    94.8958 1.0000e-12  -74.14696 -113.44630  22.608853      94.24 9.4302e+02    597.877      14350  1027.8602  1027.8586    33.9165    33.9145    8.34429         29 0.0000e+00
    121.000    119.713    -1.2567  27.230456    -1.2561  27.229883     5.5193     5.8582     1.3340    95.3183 1.0000e-12  -74.14696 -113.44630  22.608866      92.93 9.4195e+02    599.062      14378  1027.8652  1027.8640    33.9167    33.9153    8.34396         28 0.0000e+00
    122.000    120.702    -1.2563  27.231260    -1.2559  27.230578     5.5210     5.8594     0.9279    95.6262 1.0000e-12  -74.14696 -113.44630  22.608880      91.99 9.4085e+02    600.234      14407  1027.8700  1027.8688    33.9168    33.9153    8.34388         29 0.0000e+00
    123.000    121.691    -1.2560  27.232055    -1.2546  27.232461     5.5144     5.8563     0.6661    95.8665 1.0000e-12  -74.14696 -113.44630  22.608894      91.15 9.4414e+02    601.433      14435  1027.8750  1027.8740    33.9168    33.9158    8.34380         28 0.0000e+00
    124.000    122.681    -1.2571  27.231314    -1.2569  27.230406     5.5087     5.8492     0.5881    95.8159 1.0000e-12  -74.14696 -113.44630  22.608908      90.37 9.4224e+02    602.658      14465  1027.8796  1027.8784    33.9164    33.9150    8.34406         30 0.0000e+00
    125.000    123.669    -1.2507  27.238701    -1.2497  27.238355     5.5027     5.8431     0.7722    96.0390 1.0000e-12  -74.14696 -113.44631  22.608922      89.08 9.4031e+02    603.857      14494  1027.8858  1027.8845    33.9187    33.9171    8.34250         28 0.0000e+00
    126.000    124.657    -1.2489  27.240933    -1.2483  27.240438     5.4869     5.8208     0.7545    95.9479 1.0000e-12  -74.14696 -113.44632  22.608935      88.22 9.4520e+02    605.002      14521  1027.8909  1027.8897    33.9191    33.9177    8.34208         28 0.0000e+00
    127.000    125.649    -1.2435  27.247224    -1.2400  27.248944     5.4769     5.8138     0.8028    96.1123 1.0000e-12  -74.14696 -113.44632  22.608948      87.30 9.4401e+02    606.148      14549  1027.8970  1027.8954    33.9210    33.9193    8.34076         27 0.0000e+00
    128.000    126.635    -1.2306  27.260345    -1.2301  27.259644     5.4650     5.8072     0.5695    96.2055 1.0000e-12  -74.14696 -113.44632  22.608962      86.21 9.4139e+02    607.310      14576  1027.9032  1027.9019    33.9237    33.9222    8.33771         28 0.0000e+00
    129.000    127.625    -1.2301  27.261349    -1.2321  27.257715     5.4560     5.7959     0.5009    95.8331 1.0000e-12  -74.14696 -113.44632  22.608976      85.20 9.4368e+02    608.497      14605  1027.9082  1027.9063    33.9239    33.9213    8.33759         29 0.0000e+00
    130.000    128.615    -1.2219  27.271057    -1.2201  27.271353     5.4409     5.7854     0.6753    95.8691 1.0000e-12  -74.14696 -113.44632  22.608990      84.01 9.4333e+02    609.699      14634  1027.9153  1027.9140    33.9273    33.9257    8.33556         29 0.0000e+00
    131.000    129.603    -1.2161  27.277782    -1.2153  27.276977     5.4335     5.7832     0.6257    95.7818 1.0000e-12  -74.14696 -113.44632  22.609003      83.02 9.4140e+02    610.884      14662  1027.9216  1027.9199    33.9294    33.9274    8.33416         28 0.0000e+00
    132.000    130.592    -1.2135  27.280968    -1.2124  27.280716     5.4326     5.7716     0.9076    96.0053 1.0000e-12  -74.14696 -113.44632  22.609017      81.96 9.4638e+02    612.037      14690  1027.9270  1027.9256    33.9302    33.9286    8.33353         27 0.0000e+00
    133.000    131.581    -1.2116  27.283269    -1.2112  27.282276     5.4266     5.7652     0.6561    96.4870 1.0000e-12  -74.14696 -113.44632  22.609030      81.39 9.4309e+02    613.183      14717  1027.9320  1027.9306    33.9305    33.9288    8.33308         28 0.0000e+00
    134.000    132.570    -1.2049  27.290709    -1.2035  27.290582     5.4205     5.7622     0.8528    96.5182 1.0000e-12  -74.14696 -113.44632  22.609043      80.18 9.4283e+02    614.345      14745  1027.9381  1027.9366    33.9325    33.9307    8.33147         28 0.0000e+00
    135.000    133.560    -1.2012  27.294821    -1.2003  27.294436     5.4104     5.7476     0.5540    96.4204 1.0000e-12  -74.14696 -113.44632  22.609057      78.64 9.4564e+02    615.508      14773  1027.9435  1027.9422    33.9334    33.9318    8.33061         27 0.0000e+00
    136.000    134.548    -1.1981  27.298762    -1.1968  27.298714     5.3969     5.7362     0.4822    96.5812 1.0000e-12  -74.14696 -113.44632  22.609070      78.07 9.4515e+02    616.660      14801  1027.9492  1027.9479    33.9346    33.9331    8.32983         28 0.0000e+00
    137.000    135.537    -1.1873  27.311137    -1.1860  27.310716     5.3905     5.7293     0.4446    96.6329 1.0000e-12  -74.14697 -113.44632  22.609084      77.26 9.4478e+02    617.821      14829  1027.9567  1027.9550    33.9387    33.9367    8.32718         28 0.0000e+00
    138.000    136.527    -1.1795  27.320085    -1.1790  27.319070     5.3890     5.7208     0.3095    96.2905 1.0000e-12  -74.14697 -113.44632  22.609097      75.94 9.4402e+02    618.979      14856  1027.9634  1027.9619    33.9415    33.9396    8.32529         28 0.0000e+00
    139.000    137.515    -1.1781  27.322066    -1.1774  27.321241     5.3812     5.7165     0.2314    96.3370 1.0000e-12  -74.14696 -113.44632  22.609111      74.84 9.4626e+02    620.180      14885  1027.9687  1027.9671    33.9420    33.9401    8.32495         29 0.0000e+00
    140.000    138.505    -1.1709  27.330982    -1.1692  27.331053     5.3789     5.7070     0.3240    96.6021 1.0000e-12  -74.14696 -113.44632  22.609125      73.94 9.4495e+02    621.392      14914  1027.9759  1027.9744    33.9454    33.9436    8.32314         29 0.0000e+00
    141.000    139.492    -1.1664  27.336532    -1.1653  27.336193     5.3765     5.7053     0.2514    96.4801 1.0000e-12  -74.14696 -113.44632  22.609138      73.14 9.4352e+02    622.560      14942  1027.9821  1027.9806    33.9473    33.9456    8.32203         28 0.0000e+00
    142.000    140.480    -1.1623  27.341618    -1.1615  27.340958     5.3676     5.7068     0.2860    96.2506 1.0000e-12  -74.14696 -113.44632  22.609152      72.03 9.4700e+02    623.735      14971  1027.9881  1027.9866    33.9490    33.9471    8.32101         28 0.0000e+00
    143.000    141.473    -1.1579  27.347036    -1.1572  27.346159     5.3671     5.7023     0.4268    96.4340 1.0000e-12  -74.14696 -113.44632  22.609166      70.84 9.4508e+02    624.941      15000  1027.9942  1027.9926    33.9508    33.9489    8.31993         30 0.0000e+00
    144.000    142.461    -1.1561  27.349403    -1.1554  27.348793     5.3632     5.6958     0.4421    96.2326 1.0000e-12  -74.14696 -113.44632  22.609180      69.65 9.4224e+02    626.129      15028  1027.9994  1027.9981    33.9514    33.9497    8.31950         28 0.0000e+00
    145.000    143.449    -1.1557  27.350413    -1.1542  27.350504     5.3720     5.6988     0.2488    96.2351 1.0000e-12  -74.14696 -113.44630  22.609193      68.70 9.4773e+02    627.314      15057  1028.0046  1028.0033    33.9517    33.9501    8.31940         29 0.0000e+00
    146.000    144.438    -1.1526  27.354721    -1.1515  27.354128     5.3636     5.6853     0.2869    96.5646 1.0000e-12  -74.14696 -113.44630  22.609207      67.74 9.4538e+02    628.505      15085  1028.0108  1028.0090    33.9535    33.9515    8.31860         28 0.0000e+00
    147.000    145.427    -1.1468  27.361929    -1.1452  27.361878     5.3592     5.6890     0.2505    96.3390 1.0000e-12  -74.14696 -113.44630  22.609221      66.59 9.4150e+02    629.688      15114  1028.0174  1028.0158    33.9561    33.9543    8.31715         28 0.0000e+00
    148.000    146.416    -1.1420  27.367353    -1.1415  27.366579     5.3610     5.6908     0.2955    96.7215 1.0000e-12  -74.14696 -113.44630  22.609235      65.60 9.4667e+02    630.877      15142  1028.0231  1028.0218    33.9576    33.9559    8.31602         29 0.0000e+00
    149.000    147.404    -1.1453  27.364504    -1.1433  27.365182     5.3628     5.6873     0.3969    96.8545 1.0000e-12  -74.14696 -113.44630  22.609249      64.61 9.4456e+02    632.071      15171  1028.0276  1028.0264    33.9567    33.9554    8.31679         29 0.0000e+00
    150.000    148.396    -1.1437  27.366979    -1.1435  27.365653     5.3604     5.6927     0.3619    96.9215 1.0000e-12  -74.14696 -113.44630  22.609262      63.85 9.4042e+02    633.258      15199  1028.0331  1028.0315    33.9577    33.9557    8.31638         28 0.0000e+00
    151.000    149.381    -1.1485  27.362128    -1.1479  27.361463     5.3596     5.6925     0.2414    96.7834 1.0000e-12  -74.14696 -113.44630  22.609276      62.72 9.4635e+02    634.456      15228  1028.0369  1028.0355    33.9559    33.9542    8.31756         29 0.0000e+00
    152.000    150.373    -1.1470  27.364354    -1.1473  27.362348     5.3392     5.6685     0.1622    96.8373 1.0000e-12  -74.14696 -113.44630  22.609290      61.58 9.4482e+02    635.642      15256  1028.0422  1028.0402    33.9566    33.9542    8.31717         26 0.0000e+00
    153.000    151.361    -1.1331  27.379782    -1.1285  27.382311     5.3230     5.6490     0.1121    96.8525 1.0000e-12  -74.14696 -113.44630  22.609304      60.62 9.3908e+02    636.843      15285  1028.0499  1028.0482    33.9614    33.9596    8.31382         29 0.0000e+00
    154.000    152.349    -1.1129  27.401442    -1.1107  27.401822     5.3166     5.6405     0.2659    96.8172 1.0000e-12  -74.14696 -113.44630  22.609317      59.60 9.4537e+02    638.026      15314  1028.0584  1028.0567    33.9674    33.9655    8.30896         28 0.0000e+00
    155.000    153.338    -1.1042  27.412140    -1.1034  27.411384     5.3205     5.6420     0.4225    96.8204 1.0000e-12  -74.14696 -113.44630  22.609331      58.56 9.4313e+02    639.214      15342  1028.0661  1028.0646    33.9716    33.9697    8.30679         29 0.0000e+00
    156.000    154.328    -1.1027  27.414604    -1.1017  27.414004     5.3174     5.6449     0.0817    96.8142 1.0000e-12  -74.14696 -113.44630  22.609345      57.54 9.3901e+02    640.415      15371  1028.0718  1028.0702    33.9726    33.9706    8.30639         29 0.0000e+00
    157.000    155.316    -1.1006  27.417583    -1.0999  27.416559     5.3126     5.6442     0.1918    96.8354 1.0000e-12  -74.14696 -113.44630  22.609359      56.54 9.4252e+02    641.586      15399  1028.0775  1028.0758    33.9737    33.9716    8.30586         28 0.0000e+00
    158.000    156.305    -1.0964  27.422229    -1.0955  27.421484     5.3124     5.6389     0.1004    96.9057 1.0000e-12  -74.14696 -113.44630  22.609372      55.52 9.4202e+02    642.757      15427  1028.0830  1028.0812    33.9747    33.9726    8.30489         28 0.0000e+00
    159.000    157.294    -1.0958  27.423558    -1.0952  27.422502     5.3127     5.6351     0.1376    96.9748 1.0000e-12  -74.14696 -113.44630  22.609386      54.40 9.3995e+02    643.925      15455  1028.0882  1028.0865    33.9752    33.9731    8.30472         28 0.0000e+00
    160.000    158.282    -1.0925  27.427317    -1.0925  27.425858     5.3155     5.6395     0.2424    96.9881 1.0000e-12  -74.14696 -113.44630  22.609399      53.51 9.3974e+02    645.086      15483  1028.0936  1028.0920    33.9760    33.9740    8.30394         28 0.0000e+00
    161.000    159.272    -1.0924  27.427828    -1.0922  27.426694     5.3158     5.6413     0.0937    97.0714 1.0000e-12  -74.14696 -113.44632  22.609413      52.42 9.4174e+02    646.262      15511  1028.0984  1028.0970    33.9760    33.9742    8.30392         28 0.0000e+00
    162.000    160.262    -1.0915  27.429537    -1.0907  27.428771     5.3168     5.6367     0.0520    97.0070 1.0000e-12  -74.14696 -113.44630  22.609427      51.36 9.4041e+02    647.455      15540  1028.1038  1028.1022    33.9767    33.9747    8.30368         29 0.0000e+00
    163.000    161.250    -1.0903  27.431107    -1.0894  27.430573     5.3195     5.6372     0.1068    97.0393 1.0000e-12  -74.14696 -113.44631  22.609441      50.30 9.3681e+02    648.682      15569  1028.1087  1028.1072    33.9768    33.9750    8.30340         30 0.0000e+00
    164.000    162.238    -1.0896  27.432378    -1.0882  27.432100     5.3169     5.6382     0.0329    97.0437 1.0000e-12  -74.14696 -113.44631  22.609456      49.11 9.3994e+02    650.000      15601  1028.1138  1028.1121    33.9771    33.9751    8.30323         33 0.0000e+00
    165.000    163.228    -1.0857  27.436907    -1.0845  27.436163     5.3068     5.6380     0.2035    97.0574 1.0000e-12  -74.14696 -113.44631  22.609473      48.01 9.4061e+02    651.460      15636  1028.1193  1028.1174    33.9783    33.9759    8.30230         36 0.0000e+00
    166.000    164.216    -1.0835  27.439433    -1.0828  27.438576     5.3104     5.6287     0.2956    97.0759 1.0000e-12  -74.14696 -113.44632  22.609489      47.22 9.3647e+02    652.891      15670  1028.1243  1028.1227    33.9786    33.9766    8.30179         34 0.0000e+00
    167.000    165.205    -1.0818  27.441740    -1.0808  27.440987     5.3123     5.6354     0.0773    97.0996 1.0000e-12  -74.14696 -113.44632  22.609505      46.19 9.4053e+02    654.276      15704  1028.1296  1028.1278    33.9792    33.9771    8.30138         31 0.0000e+00
    168.000    166.194    -1.0807  27.443371    -1.0797  27.442744     5.3083     5.6360     0.0794    97.0715 1.0000e-12  -74.14696 -113.44632  22.609522      45.19 9.3915e+02    655.736      15739  1028.1347  1028.1330    33.9796    33.9776    8.30112         37 0.0000e+00
    169.000    167.183    -1.0803  27.444331    -1.0793  27.443649     5.3105     5.6344     0.1142    97.1012 1.0000e-12  -74.14696 -113.44632  22.609540      44.01 9.3605e+02    657.247      15775  1028.1397  1028.1380    33.9799    33.9778    8.30102         35 0.0000e+00
    170.000    168.173    -1.0793  27.445912    -1.0784  27.445218     5.2986     5.6226     0.0185    97.1210 1.0000e-12  -74.14696 -113.44632  22.609557      43.08 9.3930e+02    658.701      15810  1028.1448  1028.1432    33.9803    33.9783    8.30077         33 0.0000e+00
    171.000    169.161    -1.0764  27.449255    -1.0756  27.448268     5.2992     5.6219     0.1927    97.0786 1.0000e-12  -74.14696 -113.44632  22.609574      42.08 9.3961e+02    660.161      15845  1028.1499  1028.1481    33.9809    33.9787    8.30008         35 0.0000e+00
    172.000    170.149    -1.0746  27.451212    -1.0741  27.450113     5.2972     5.6215     0.0507    97.0488 1.0000e-12  -74.14696 -113.44632  22.609591      40.96 9.3513e+02    661.639      15880  1028.1547  1028.1531    33.9810    33.9789    8.29969         36 0.0000e+00
    173.000    171.139    -1.0742  27.452232    -1.0732  27.451615     5.2950     5.6221     0.0300    97.1084 1.0000e-12  -74.14696 -113.44632  22.609608      39.94 9.3883e+02    663.144      15916  1028.1597  1028.1581    33.9812    33.9793    8.29957         34 0.0000e+00
    174.000    172.127    -1.0720  27.455007    -1.0712  27.454243     5.2990     5.6167     0.0374    97.0479 1.0000e-12  -74.14697 -113.44632  22.609626      38.84 9.3937e+02    664.646      15953  1028.1650  1028.1633    33.9819    33.9799    8.29905         36 0.0000e+00
