ocean_section_plots/required_files/ctd/dnbp2202_ctd041.cnv
* Sea-Bird SBE 9 Data File:
* FileName = D:\Data\raw\NBP2202_CTD041.hex
* Software Version Seasave V 7.26.7.121
* Temperature SN = 1649
* Conductivity SN = 2513
* Number of Bytes Per Scan = 40
* Number of Voltage Words = 5
* Number of Scans Averaged by the Deck Unit = 1
* NMEA Latitude = 74 10.51 S
* NMEA Longitude = 113 20.68 W
* NMEA UTC (Time) = Jan 23 2022  01:38:49
* NMEA baud rate = 9600
** Ship: RVIB N.B. Palmer
** Cruise: NBP2202 Thwaites
** Station: 22
** Operator: A. Robinson
# nquan = 25
# nvalues = 616                         
# units = specified
# name 0 = prDM: Pressure, Digiquartz [db]
# name 1 = depSM: Depth [salt water, m]
# name 2 = t090C: Temperature [ITS-90, deg C]
# name 3 = c0mS/cm: Conductivity [mS/cm]
# name 4 = t190C: Temperature, 2 [ITS-90, deg C]
# name 5 = c1mS/cm: Conductivity, 2 [mS/cm]
# name 6 = sbeox0ML/L: Oxygen, SBE 43 [ml/l]
# name 7 = sbeox1ML/L: Oxygen, SBE 43, 2 [ml/l]
# name 8 = flECO-AFL: Fluorescence, WET Labs ECO-AFL/FL [mg/m^3]
# name 9 = CStarTr0: Beam Transmission, WET Labs C-Star [%]
# name 10 = par: PAR/Irradiance, Biospherical/Licor
# name 11 = latitude: Latitude [deg]
# name 12 = longitude: Longitude [deg]
# name 13 = timeJ: Julian Days
# name 14 = altM: Altimeter [m]
# name 15 = spar: SPAR, Biospherical/Licor
# name 16 = timeS: Time, Elapsed [seconds]
# name 17 = scan: Scan Count
# name 18 = density00: Density [density, kg/m^3]
# name 19 = density11: Density, 2 [density, kg/m^3]
# name 20 = sal00: Salinity, Practical [PSU]
# name 21 = sal11: Salinity, Practical, 2 [PSU]
# name 22 = oxsolML/L: Oxygen Saturation, Garcia & Gordon [ml/l]
# name 23 = nbin: number of scans per bin
# name 24 = flag: flag
# span 0 =      2.000,    617.000       
# span 1 =      1.992,    609.706       
# span 2 =    -1.3652,     0.0985       
# span 3 =  27.081472,  28.934441       
# span 4 =    -1.3642,     0.0998       
# span 5 =  27.080502,  28.933230       
# span 6 =     4.7289,     5.5318       
# span 7 =     4.9811,     5.8473       
# span 8 =    -0.0213,     0.1926       
# span 9 =    94.9386,    96.0657       
# span 10 = -4.091e-07, 8.1523e+02      
# span 11 =  -74.17530,  -74.17528      
# span 12 = -113.34492, -113.34486      
# span 13 =  23.071330,  23.083388      
# span 14 =       6.22,      99.78      
# span 15 = 1.5312e+03, 1.5782e+03      
# span 16 =    233.934,   1275.765      
# span 17 =       5615,      30619      
# span 18 =  1027.2684,  1030.5239      
# span 19 =  1027.2721,  1030.5214      
# span 20 =    33.8826,    34.3830      
# span 21 =    33.8830,    34.3800      
# span 22 =    8.02420,    8.37025      
# span 23 =         16,         74      
# span 24 = 0.0000e+00, 0.0000e+00      
# interval = decibars: 1                
# start_time = Jan 23 2022 01:38:49 [NMEA time, header]
# bad_flag = -9.990e-29
*END*
[from data line 464]
    466.000    460.659    -0.1155  28.628963    -0.1139  28.628333     4.8025     5.0684    -0.0139    95.5848 1.0000e-12  -74.17530 -113.34488  23.080288      99.67 1.5478e+03   1007.909      24191  1029.7658  1029.7636    34.3074    34.3048    8.07343         27 0.0000e+00
    467.000    461.646    -0.1154  28.629514    -0.1137  28.628933     4.8035     5.0633    -0.0070    95.5942 1.0000e-12  -74.17530 -113.34488  23.080301      71.83 1.5492e+03   1009.030      24218  1029.7707  1029.7684    34.3075    34.3049    8.07341         27 0.0000e+00
    468.000    462.633    -0.1152  28.630107    -0.1136  28.629520     4.8032     5.0638    -0.0129    95.5933 1.0000e-12  -74.17530 -113.34488  23.080314      87.19 1.5487e+03   1010.168      24245  1029.7753  1029.7731    34.3075    34.3049    8.07337         27 0.0000e+00
    469.000    463.621    -0.1149  28.631077    -0.1131  28.630482     4.8013     5.0622    -0.0137    95.5676 1.0000e-12  -74.17530 -113.34488  23.080328      96.28 1.5490e+03   1011.309      24272  1029.7803  1029.7779    34.3078    34.3050    8.07329         28 0.0000e+00
    470.000    464.608    -0.1112  28.635643    -0.1092  28.635319     4.7971     5.0669    -0.0045    95.5458 1.0000e-12  -74.17530 -113.34488  23.080341      99.65 1.5481e+03   1012.450      24300  1029.7858  1029.7834    34.3092    34.3064    8.07243         27 0.0000e+00
    471.000    465.596    -0.1079  28.639635    -0.1061  28.639230     4.7957     5.0662    -0.0082    95.5886 1.0000e-12  -74.17530 -113.34488  23.080354      99.68 1.5487e+03   1013.601      24327  1029.7910  1029.7889    34.3102    34.3076    8.07168         28 0.0000e+00
    472.000    466.583    -0.1052  28.643546    -0.1024  28.643905     4.7992     5.0652    -0.0104    95.6019 1.0000e-12  -74.17530 -113.34488  23.080367      99.67 1.5497e+03   1014.752      24355  1029.7967  1029.7945    34.3117    34.3091    8.07101         27 0.0000e+00
    473.000    467.570    -0.1015  28.647922    -0.0998  28.647409     4.7996     5.0649    -0.0166    95.5991 1.0000e-12  -74.17530 -113.34488  23.080380      99.68 1.5493e+03   1015.871      24382  1029.8021  1029.7999    34.3128    34.3102    8.07018         27 0.0000e+00
    474.000    468.558    -0.0998  28.650450    -0.0979  28.650122     4.7976     5.0647    -0.0177    95.6067 1.0000e-12  -74.17530 -113.34488  23.080394      99.67 1.5478e+03   1017.002      24409  1029.8073  1029.8052    34.3136    34.3110    8.06976         27 0.0000e+00
    475.000    469.544    -0.0976  28.653265    -0.0959  28.652640     4.7994     5.0595    -0.0029    95.6386 1.0000e-12  -74.17530 -113.34488  23.080407      99.68 1.5478e+03   1018.139      24436  1029.8125  1029.8102    34.3143    34.3115    8.06927         27 0.0000e+00
    476.000    470.533    -0.0965  28.654977    -0.0947  28.654472     4.7953     5.0570    -0.0094    95.6612 1.0000e-12  -74.17530 -113.34488  23.080420      99.68 1.5478e+03   1019.259      24463  1029.8175  1029.8152    34.3148    34.3121    8.06901         27 0.0000e+00
    477.000    471.519    -0.0953  28.656722    -0.0936  28.656122     4.7979     5.0637    -0.0018    95.6576 1.0000e-12  -74.17530 -113.34488  23.080433      99.67 1.5478e+03   1020.417      24491  1029.8224  1029.8202    34.3151    34.3124    8.06873         28 0.0000e+00
    478.000    472.507    -0.0947  28.657643    -0.0932  28.657049     4.7996     5.0588    -0.0017    95.6808 1.0000e-12  -74.17530 -113.34488  23.080446      95.80 1.5478e+03   1021.577      24519  1029.8272  1029.8250    34.3151    34.3126    8.06862         27 0.0000e+00
    479.000    473.496    -0.0949  28.657976    -0.0931  28.657468     4.7978     5.0541    -0.0015    95.6821 1.0000e-12  -74.17530 -113.34488  23.080459      76.41 1.5468e+03   1022.690      24546  1029.8320  1029.8298    34.3151    34.3125    8.06865         27 0.0000e+00
    480.000    474.481    -0.0946  28.658740    -0.0930  28.658128     4.7965     5.0582    -0.0169    95.7084 1.0000e-12  -74.17530 -113.34488  23.080472      94.30 1.5464e+03   1023.819      24573  1029.8368  1029.8346    34.3152    34.3126    8.06858         28 0.0000e+00
    481.000    475.469    -0.0943  28.659402    -0.0927  28.658737     4.7940     5.0596    -0.0104    95.7269 1.0000e-12  -74.17530 -113.34488  23.080486      99.68 1.5471e+03   1024.960      24600  1029.8415  1029.8392    34.3152    34.3125    8.06852         27 0.0000e+00
    482.000    476.457    -0.0942  28.659880    -0.0925  28.659414     4.7899     5.0567    -0.0144    95.7297 1.0000e-12  -74.17530 -113.34488  23.080499      99.68 1.5464e+03   1026.072      24627  1029.8462  1029.8441    34.3151    34.3127    8.06850         27 0.0000e+00
    483.000    477.444    -0.0937  28.660870    -0.0921  28.660216     4.7934     5.0446    -0.0083    95.7249 1.0000e-12  -74.17530 -113.34488  23.080512      99.68 1.5471e+03   1027.214      24654  1029.8510  1029.8487    34.3153    34.3126    8.06839         28 0.0000e+00
    484.000    478.430    -0.0936  28.661412    -0.0919  28.660901     4.7918     5.0526    -0.0036    95.7106 1.0000e-12  -74.17530 -113.34488  23.080525      99.68 1.5465e+03   1028.381      24682  1029.8558  1029.8535    34.3154    34.3127    8.06837         27 0.0000e+00
    485.000    479.419    -0.0934  28.662046    -0.0917  28.661499     4.7943     5.0547    -0.0097    95.7260 1.0000e-12  -74.17530 -113.34488  23.080538      99.67 1.5477e+03   1029.512      24709  1029.8604  1029.8583    34.3153    34.3127    8.06832         27 0.0000e+00
    486.000    480.406    -0.0930  28.662994    -0.0912  28.662382     4.7896     5.0540    -0.0120    95.7515 1.0000e-12  -74.17530 -113.34488  23.080551      99.68 1.5478e+03   1030.617      24736  1029.8653  1029.8630    34.3155    34.3127    8.06822         27 0.0000e+00
    487.000    481.393    -0.0878  28.669493    -0.0851  28.669567     4.7886     5.0551    -0.0157    95.7544 1.0000e-12  -74.17530 -113.34488  23.080564      99.67 1.5478e+03   1031.726      24762  1029.8714  1029.8689    34.3178    34.3148    8.06701         27 0.0000e+00
    488.000    482.381    -0.0805  28.677808    -0.0785  28.677694     4.7867     5.0490    -0.0120    95.7528 1.0000e-12  -74.17530 -113.34488  23.080577      99.68 1.5480e+03   1032.845      24789  1029.8773  1029.8752    34.3200    34.3176    8.06534         26 0.0000e+00
    489.000    483.368    -0.0747  28.685135    -0.0736  28.683494     4.7832     5.0391    -0.0018    95.7812 1.0000e-12  -74.17530 -113.34488  23.080590      99.67 1.5478e+03   1033.993      24817  1029.8836  1029.8809    34.3226    34.3192    8.06397         28 0.0000e+00
    490.000    484.355    -0.0692  28.691446    -0.0678  28.690388     4.7849     5.0460    -0.0046    95.7846 1.0000e-12  -74.17530 -113.34488  23.080604      94.07 1.5473e+03   1035.147      24845  1029.8893  1029.8868    34.3243    34.3213    8.06272         28 0.0000e+00
    491.000    485.343    -0.0677  28.693544    -0.0661  28.692815     4.7832     5.0449    -0.0107    95.7982 1.0000e-12  -74.17530 -113.34488  23.080616      86.35 1.5469e+03   1036.257      24871  1029.8943  1029.8920    34.3247    34.3219    8.06237         26 0.0000e+00
    492.000    486.331    -0.0684  28.693256    -0.0663  28.693042     4.7837     5.0424    -0.0061    95.8428 1.0000e-12  -74.17530 -113.34488  23.080629      95.96 1.5481e+03   1037.365      24898  1029.8990  1029.8967    34.3246    34.3219    8.06253         27 0.0000e+00
    493.000    487.317    -0.0683  28.693679    -0.0666  28.693023     4.7866     5.0444    -0.0058    95.8470 1.0000e-12  -74.17530 -113.34488  23.080642      99.66 1.5478e+03   1038.496      24925  1029.9036  1029.9013    34.3244    34.3217    8.06252         27 0.0000e+00
    494.000    488.304    -0.0687  28.693769    -0.0669  28.693108     4.7865     5.0476    -0.0056    95.8471 1.0000e-12  -74.17530 -113.34488  23.080656      99.68 1.5478e+03   1039.643      24952  1029.9084  1029.9060    34.3243    34.3215    8.06260         28 0.0000e+00
    495.000    489.291    -0.0686  28.694230    -0.0665  28.693938     4.7836     5.0478    -0.0064    95.8636 1.0000e-12  -74.17530 -113.34488  23.080669      99.68 1.5478e+03   1040.807      24980  1029.9131  1029.9108    34.3243    34.3216    8.06259         28 0.0000e+00
    496.000    490.279    -0.0676  28.695876    -0.0660  28.694990     4.7807     5.0483    -0.0152    95.8699 1.0000e-12  -74.17530 -113.34488  23.080682      99.67 1.5475e+03   1041.951      25008  1029.9182  1029.9157    34.3248    34.3218    8.06235         27 0.0000e+00
    497.000    491.267    -0.0663  28.697773    -0.0648  28.696833     4.7844     5.0470    -0.0131    95.8668 1.0000e-12  -74.17530 -113.34486  23.080695      99.68 1.5471e+03   1043.045      25034  1029.9232  1029.9207    34.3252    34.3223    8.06204         26 0.0000e+00
    498.000    492.254    -0.0653  28.699283    -0.0638  28.698430     4.7831     5.0476    -0.0147    95.8470 1.0000e-12  -74.17530 -113.34488  23.080708      99.68 1.5475e+03   1044.141      25060  1029.9280  1029.9258    34.3255    34.3227    8.06182         26 0.0000e+00
    499.000    493.241    -0.0645  28.700612    -0.0630  28.699886     4.7815     5.0462    -0.0083    95.8572 1.0000e-12  -74.17530 -113.34486  23.080721      99.68 1.5476e+03   1045.268      25087  1029.9330  1029.9308    34.3258    34.3231    8.06164         28 0.0000e+00
    500.000    494.228    -0.0634  28.702517    -0.0618  28.701609     4.7829     5.0418    -0.0080    95.8452 1.0000e-12  -74.17530 -113.34488  23.080734      99.68 1.5466e+03   1046.405      25115  1029.9382  1029.9357    34.3264    34.3235    8.06136         27 0.0000e+00
    501.000    495.215    -0.0558  28.711608    -0.0538  28.711145     4.7725     5.0375    -0.0096    95.8651 1.0000e-12  -74.17530 -113.34487  23.080747      95.08 1.5453e+03   1047.538      25142  1029.9446  1029.9422    34.3294    34.3266    8.05960         27 0.0000e+00
    502.000    496.203    -0.0544  28.713547    -0.0525  28.713114     4.7756     5.0411    -0.0147    95.8661 1.0000e-12  -74.17530 -113.34487  23.080760      71.85 1.5445e+03   1048.660      25169  1029.9496  1029.9473    34.3298    34.3272    8.05928         27 0.0000e+00
    503.000    497.190    -0.0513  28.717617    -0.0490  28.717343     4.7801     5.0388    -0.0167    95.8628 1.0000e-12  -74.17530 -113.34487  23.080773      90.09 1.5444e+03   1049.764      25195  1029.9551  1029.9526    34.3311    34.3283    8.05855         26 0.0000e+00
    504.000    498.177    -0.0503  28.718995    -0.0487  28.718219     4.7782     5.0334    -0.0102    95.8518 1.0000e-12  -74.17530 -113.34487  23.080786      99.40 1.5443e+03   1050.871      25222  1029.9599  1029.9575    34.3313    34.3284    8.05833         27 0.0000e+00
    505.000    499.165    -0.0502  28.719463    -0.0484  28.718894     4.7799     5.0382    -0.0155    95.8380 1.0000e-12  -74.17530 -113.34487  23.080799      99.67 1.5443e+03   1052.016      25249  1029.9646  1029.9622    34.3312    34.3284    8.05832         28 0.0000e+00
    506.000    500.152    -0.0497  28.720406    -0.0480  28.719707     4.7731     5.0381    -0.0040    95.8479 1.0000e-12  -74.17530 -113.34486  23.080812      99.68 1.5443e+03   1053.161      25277  1029.9694  1029.9670    34.3312    34.3285    8.05820         27 0.0000e+00
    507.000    501.138    -0.0495  28.721200    -0.0476  28.720695     4.7698     5.0389    -0.0009    95.8429 1.0000e-12  -74.17530 -113.34488  23.080825      99.68 1.5443e+03   1054.285      25304  1029.9742  1029.9720    34.3315    34.3287    8.05815         26 0.0000e+00
    508.000    502.127    -0.0477  28.723634    -0.0457  28.723320     4.7716     5.0405    -0.0091    95.8393 1.0000e-12  -74.17530 -113.34486  23.080838      99.68 1.5443e+03   1055.388      25330  1029.9794  1029.9771    34.3321    34.3294    8.05774         27 0.0000e+00
    509.000    503.115    -0.0434  28.729102    -0.0416  28.728442     4.7760     5.0396    -0.0096    95.8480 1.0000e-12  -74.17530 -113.34487  23.080851      99.67 1.5443e+03   1056.496      25357  1029.9852  1029.9828    34.3340    34.3311    8.05674         27 0.0000e+00
    510.000    504.099    -0.0408  28.732441    -0.0390  28.731796     4.7749     5.0357    -0.0101    95.8424 1.0000e-12  -74.17530 -113.34487  23.080863      99.68 1.5443e+03   1057.604      25383  1029.9905  1029.9881    34.3349    34.3320    8.05613         27 0.0000e+00
    511.000    505.088    -0.0399  28.733815    -0.0376  28.733968     4.7772     5.0313    -0.0101    95.8347 1.0000e-12  -74.17530 -113.34488  23.080877      99.68 1.5442e+03   1058.734      25411  1029.9954  1029.9932    34.3351    34.3327    8.05593         27 0.0000e+00
    512.000    506.076    -0.0392  28.735319    -0.0373  28.734718     4.7774     5.0338    -0.0097    95.8390 1.0000e-12  -74.17530 -113.34488  23.080890      99.68 1.5434e+03   1059.857      25438  1030.0005  1029.9980    34.3357    34.3327    8.05574         26 0.0000e+00
    513.000    507.062    -0.0372  28.737844    -0.0355  28.737229     4.7717     5.0352    -0.0090    95.8365 1.0000e-12  -74.17530 -113.34487  23.080902      99.58 1.5434e+03   1060.966      25464  1030.0056  1030.0032    34.3362    34.3335    8.05530         27 0.0000e+00
    514.000    508.049    -0.0346  28.741219    -0.0329  28.740614     4.7713     5.0340    -0.0099    95.8462 1.0000e-12  -74.17530 -113.34486  23.080915      77.08 1.5430e+03   1062.093      25491  1030.0109  1030.0086    34.3372    34.3345    8.05470         27 0.0000e+00
    515.000    509.037    -0.0324  28.744252    -0.0306  28.743648     4.7729     5.0274    -0.0021    95.8445 1.0000e-12  -74.17530 -113.34486  23.080929      93.33 1.5426e+03   1063.258      25519  1030.0162  1030.0138    34.3381    34.3353    8.05418         29 0.0000e+00
    516.000    510.023    -0.0315  28.745716    -0.0296  28.745241     4.7740     5.0308    -0.0094    95.8459 1.0000e-12  -74.17530 -113.34486  23.080942      99.62 1.5425e+03   1064.396      25546  1030.0211  1030.0188    34.3385    34.3357    8.05397         26 0.0000e+00
    517.000    511.012    -0.0303  28.747619    -0.0285  28.746920     4.7734     5.0304    -0.0080    95.8480 1.0000e-12  -74.17530 -113.34486  23.080955      99.68 1.5434e+03   1065.505      25573  1030.0262  1030.0238    34.3390    34.3361    8.05368         27 0.0000e+00
    518.000    511.998    -0.0296  28.748636    -0.0281  28.747790     4.7676     5.0329    -0.0035    95.8250 1.0000e-12  -74.17530 -113.34486  23.080968      99.68 1.5430e+03   1066.611      25600  1030.0309  1030.0286    34.3391    34.3363    8.05355         26 0.0000e+00
    519.000    512.985    -0.0289  28.749859    -0.0272  28.749305     4.7675     5.0326    -0.0170    95.8482 1.0000e-12  -74.17530 -113.34486  23.080981      99.68 1.5425e+03   1067.718      25626  1030.0358  1030.0336    34.3392    34.3367    8.05337         27 0.0000e+00
    520.000    513.974    -0.0280  28.751331    -0.0262  28.750809     4.7735     5.0314    -0.0103    95.8453 1.0000e-12  -74.17530 -113.34486  23.080994      99.68 1.5410e+03   1068.854      25653  1030.0408  1030.0385    34.3397    34.3370    8.05317         28 0.0000e+00
    521.000    514.959    -0.0273  28.752725    -0.0254  28.752273     4.7681     5.0266    -0.0164    95.8566 1.0000e-12  -74.17530 -113.34486  23.081007      99.63 1.5421e+03   1070.001      25681  1030.0458  1030.0435    34.3401    34.3374    8.05299         27 0.0000e+00
    522.000    515.948    -0.0268  28.753676    -0.0249  28.753267     4.7657     5.0238    -0.0153    95.8588 1.0000e-12  -74.17530 -113.34486  23.081020      99.49 1.5411e+03   1071.112      25708  1030.0506  1030.0484    34.3402    34.3376    8.05289         26 0.0000e+00
