ocean_section_plots/required_files/ctd/dnbp2202_ctd037.cnv
* Sea-Bird SBE 9 Data File:
* FileName = D:\Data\raw\NBP2202_CTD037.hex
* Software Version Seasave V 7.26.7.121
* Temperature SN = 1649
* Conductivity SN = 2513
* Number of Bytes Per Scan = 40
* Number of Voltage Words = 5
* Number of Scans Averaged by the Deck Unit = 1
* NMEA Latitude = 74 08.81 S
* NMEA Longitude = 113 24.85 W
* NMEA UTC (Time) = Jan 22 2022  15:04:28
* NMEA baud rate = 9600
** Ship: RVIB N.B. Palmer
** Cruise: NBP2202 Thwaites
** Station: Tow-Yo #2
** Operator: A. Robinson
# nquan = 25
# nvalues = 409                         
# units = specified
# name 0 = prDM: Pressure, Digiquartz [db]
# name 1 = depSM: Depth [salt water, m]
# name 2 = t090C: Temperature [ITS-90, deg C]
# name 3 = c0mS/cm: Conductivity [mS/cm]
# name 4 = t190C: Temperature, 2 [ITS-90, deg C]
# name 5 = c1mS/cm: Conductivity, 2 [mS/cm]
# name 6 = sbeox0ML/L: Oxygen, SBE 43 [ml/l]
# name 7 = sbeox1ML/L: Oxygen, SBE 43, 2 [ml/l]
# name 8 = flECO-AFL: Fluorescence, WET Labs ECO-AFL/FL [mg/m^3]
# name 9 = CStarTr0: Beam Transmission, WET Labs C-Star [%]
# name 10 = par: PAR/Irradiance, Biospherical/Licor
# name 11 = latitude: Latitude [deg]
# name 12 = longitude: Longitude [deg]
# name 13 = timeJ: Julian Days
# name 14 = altM: Altimeter [m]
# name 15 = spar: SPAR, Biospherical/Licor
# name 16 = timeS: Time, Elapsed [seconds]
# name 17 = scan: Scan Count
# name 18 = density00: Density [density, kg/m^3]
# name 19 = density11: Density, 2 [density, kg/m^3]
# name 20 = sal00: Salinity, Practical [PSU]
# name 21 = sal11: Salinity, Practical, 2 [PSU]
# name 22 = oxsolML/L: Oxygen Saturation, Garcia & Gordon [ml/l]
# name 23 = nbin: number of scans per bin
# name 24 = flag: flag
# span 0 =     10.000,    418.000       
# span 1 =      9.897,    413.257       
# span 2 =    -1.4205,    -0.1822       
# span 3 =  27.026036,  28.532179       
# span 4 =    -1.4196,    -0.1792       
# span 5 =  27.025673,  28.532723       
# span 6 =     4.7991,     8.6747       
# span 7 =     5.0760,     9.0476       
# span 8 =    -0.0198,    21.3227       
# span 9 =    71.6352,    97.1190       
# span 10 = 1.0000e-12, 2.9062e+01      
# span 11 =  -74.14698,  -74.14698      
# span 12 = -113.41331, -113.39826      
# span 13 =  22.628576,  22.636612      
# span 14 =       8.53,     100.22      
# span 15 = 1.0983e+03, 1.2343e+03      
# span 16 =     40.988,    735.320      
# span 17 =        985,      17649      
# span 18 =  1027.2112,  1029.5229      
# span 19 =  1027.2095,  1029.5205      
# span 20 =    33.7773,    34.2823      
# span 21 =    33.7753,    34.2796      
# span 22 =    8.08899,    8.38429      
# span 23 =         18,         46      
# span 24 = 0.0000e+00, 0.0000e+00      
# interval = decibars: 1                
# start_time = Jan 22 2022 15:04:28 [NMEA time, header]
# bad_flag = -9.990e-29
*END*
[from data line 58]
     68.000     67.286    -1.4202  27.027881    -1.4193  27.027462     6.2595     6.6271     3.0468    91.0093 1.0000e-12  -74.14698 -113.41080  22.629900      99.79 1.1406e+03    155.355       3730  1027.5694  1027.5681    33.8566    33.8550    8.38419         37 0.0000e+00
     69.000     68.274    -1.4195  27.029328    -1.4185  27.028929     6.2590     6.6229     3.1696    91.7752 1.0000e-12  -74.14698 -113.41077  22.629924      99.80 1.1502e+03    157.433       3779  1027.5743  1027.5729    33.8572    33.8555    8.38400         38 0.0000e+00
     70.000     69.264    -1.4196  27.029710    -1.4188  27.029082     6.2561     6.6197     3.0714    91.8306 1.0000e-12  -74.14698 -113.41073  22.629946      99.79 1.1563e+03    159.333       3825  1027.5789  1027.5774    33.8572    33.8554    8.38402         42 0.0000e+00
     71.000     70.253    -1.4204  27.029550    -1.4194  27.029091     6.2521     6.6192     3.0194    92.1939 1.0000e-12  -74.14698 -113.41069  22.629969      99.79 1.1610e+03    161.366       3874  1027.5836  1027.5821    33.8573    33.8556    8.38420         40 0.0000e+00
     72.000     71.243    -1.4203  27.030373    -1.4191  27.030080     6.2337     6.6030     2.9308    92.1463 1.0000e-12  -74.14698 -113.41068  22.629992      99.80 1.1620e+03    163.292       3920  1027.5885  1027.5871    33.8576    33.8559    8.38415         38 0.0000e+00
     73.000     72.231    -1.4149  27.036368    -1.4133  27.036397     6.2214     6.5883     3.1475    91.9656 1.0000e-12  -74.14698 -113.41064  22.630014      99.78 1.1632e+03    165.209       3966  1027.5941  1027.5927    33.8591    33.8575    8.38284         40 0.0000e+00
     74.000     73.222    -1.4127  27.038906    -1.4117  27.038411     6.2142     6.5816     3.2005    91.5840 1.0000e-12  -74.14698 -113.41062  22.630037      99.80 1.1635e+03    167.207       4014  1027.5991  1027.5977    33.8595    33.8578    8.38233         42 0.0000e+00
     75.000     74.211    -1.4110  27.041326    -1.4100  27.040907     6.2132     6.5781     2.8107    92.4480 1.0000e-12  -74.14698 -113.41059  22.630059      99.77 1.1635e+03    169.114       4060  1027.6044  1027.6030    33.8603    33.8586    8.38190         42 0.0000e+00
     76.000     75.199    -1.4116  27.041116    -1.4106  27.040650     6.2103     6.5691     3.4401    91.9620 1.0000e-12  -74.14698 -113.41056  22.630083      99.73 1.1639e+03    171.127       4108  1027.6091  1027.6076    33.8601    33.8583    8.38205         41 0.0000e+00
     77.000     76.189    -1.4112  27.041948    -1.4103  27.041504     6.2014     6.5713     3.0729    91.6713 1.0000e-12  -74.14698 -113.41054  22.630105      99.79 1.1634e+03    173.114       4156  1027.6139  1027.6126    33.8602    33.8585    8.38196         34 0.0000e+00
     78.000     77.178    -1.4115  27.042333    -1.4104  27.041958     6.2015     6.5631     3.1843    92.3797 1.0000e-12  -74.14698 -113.41050  22.630128      99.80 1.1631e+03    175.052       4202  1027.6190  1027.6174    33.8604    33.8586    8.38201         37 0.0000e+00
     79.000     78.168    -1.4114  27.043057    -1.4104  27.042544     6.1989     6.5568     2.8895    91.9914 1.0000e-12  -74.14698 -113.41048  22.630152      99.80 1.1648e+03    177.110       4252  1027.6239  1027.6224    33.8606    33.8588    8.38197         42 0.0000e+00
     80.000     79.157    -1.4119  27.043011    -1.4110  27.042489     6.1854     6.5542     2.8445    92.7797 1.0000e-12  -74.14698 -113.41044  22.630176      99.79 1.1674e+03    179.210       4302  1027.6287  1027.6272    33.8606    33.8587    8.38210         34 0.0000e+00
     81.000     80.147    -1.4129  27.042955    -1.4119  27.042537     6.1774     6.5473     2.6202    92.2055 1.0000e-12  -74.14698 -113.41041  22.630199      99.78 1.1719e+03    181.218       4350  1027.6339  1027.6324    33.8610    33.8592    8.38229         39 0.0000e+00
     82.000     81.135    -1.4129  27.043499    -1.4118  27.043064     6.1731     6.5477     2.7511    92.4233 1.0000e-12  -74.14698 -113.41037  22.630222      99.76 1.1752e+03    183.182       4397  1027.6387  1027.6373    33.8610    33.8593    8.38228         45 0.0000e+00
     83.000     82.125    -1.4128  27.044207    -1.4117  27.043677     6.1707     6.5332     2.9307    92.2853 1.0000e-12  -74.14698 -113.41033  22.630247      99.77 1.1766e+03    185.372       4450  1027.6438  1027.6421    33.8613    33.8594    8.38225         36 0.0000e+00
     84.000     83.114    -1.4127  27.044913    -1.4117  27.044312     6.1593     6.5244     2.7964    92.7154 1.0000e-12  -74.14698 -113.41030  22.630270      99.78 1.1771e+03    187.370       4498  1027.6487  1027.6471    33.8616    33.8596    8.38222         40 0.0000e+00
     85.000     84.104    -1.4130  27.045635    -1.4121  27.045248     6.1400     6.5084     2.6546    92.3347 1.0000e-12  -74.14698 -113.41026  22.630295      99.78 1.1776e+03    189.467       4548  1027.6541  1027.6529    33.8622    33.8607    8.38223         36 0.0000e+00
     86.000     85.090    -1.4127  27.047242    -1.4116  27.046500     6.1179     6.4836     2.8460    92.5970 1.0000e-12  -74.14698 -113.41021  22.630320      99.79 1.1774e+03    191.608       4600  1027.6599  1027.6580    33.8635    33.8612    8.38209         35 0.0000e+00
     87.000     86.082    -1.4096  27.052832    -1.4085  27.052373     6.0939     6.4585     2.5780    92.7042 1.0000e-12  -74.14698 -113.41017  22.630342      99.81 1.1767e+03    193.573       4647  1027.6674  1027.6659    33.8670    33.8652    8.38118         39 0.0000e+00
     88.000     87.070    -1.4080  27.055850    -1.4072  27.055158     6.0841     6.4517     2.7148    92.2859 1.0000e-12  -74.14698 -113.41014  22.630367      97.87 1.1744e+03    195.699       4698  1027.6736  1027.6720    33.8688    33.8669    8.38073         42 0.0000e+00
     89.000     88.060    -1.4084  27.056308    -1.4069  27.056064     6.0927     6.4590     2.3502    92.7607 1.0000e-12  -74.14698 -113.41010  22.630390      97.55 1.1691e+03    197.708       4746  1027.6788  1027.6771    33.8693    33.8672    8.38079         37 0.0000e+00
     90.000     89.048    -1.4068  27.057679    -1.4056  27.057515     6.0965     6.4526     2.5904    92.9935 1.0000e-12  -74.14698 -113.41006  22.630415      99.70 1.1637e+03    199.817       4797  1027.6830  1027.6817    33.8686    33.8670    8.38045         40 0.0000e+00
     91.000     90.039    -1.4077  27.057589    -1.4073  27.056795     6.0813     6.4418     2.5688    92.8196 1.0000e-12  -74.14698 -113.41002  22.630437      99.82 1.1597e+03    201.781       4844  1027.6882  1027.6868    33.8689    33.8673    8.38064         39 0.0000e+00
     92.000     91.028    -1.4118  27.055695    -1.4095  27.056003     6.0468     6.4144     2.2285    93.0261 1.0000e-12  -74.14698 -113.40998  22.630460      99.80 1.1543e+03    203.784       4892  1027.6944  1027.6925    33.8704    33.8682    8.38148         43 0.0000e+00
     93.000     92.018    -1.4163  27.053594    -1.4142  27.053848     6.0257     6.3881     2.6041    92.5481 1.0000e-12  -74.14698 -113.40993  22.630484      99.81 1.1475e+03    205.797       4940  1027.7007  1027.6989    33.8720    33.8699    8.38241         33 0.0000e+00
     94.000     93.006    -1.4186  27.052863    -1.4177  27.052437     6.0039     6.3679     2.2445    92.5540 1.0000e-12  -74.14698 -113.40991  22.630506      99.83 1.1393e+03    207.694       4986  1027.7064  1027.7051    33.8730    33.8713    8.38287         37 0.0000e+00
     95.000     93.995    -1.4177  27.056287    -1.4167  27.055461     5.9687     6.3324     2.1244    93.1286 1.0000e-12  -74.14698 -113.40987  22.630530      97.82 1.1315e+03    209.754       5035  1027.7135  1027.7117    33.8760    33.8737    8.38247         33 0.0000e+00
     96.000     94.984    -1.4151  27.061772    -1.4137  27.061244     5.9400     6.2992     1.7782    93.4260 1.0000e-12  -74.14698 -113.40983  22.630553      99.83 1.1249e+03    211.759       5083  1027.7215  1027.7196    33.8800    33.8777    8.38166         39 0.0000e+00
     97.000     95.975    -1.4098  27.067790    -1.4090  27.066873     5.9138     6.2726     1.4643    94.0086 1.0000e-12  -74.14698 -113.40979  22.630574      99.82 1.1210e+03    213.633       5128  1027.7273  1027.7255    33.8817    33.8794    8.38037         42 0.0000e+00
     98.000     96.962    -1.4009  27.077543    -1.3983  27.078036     5.8845     6.2335     1.4467    94.5128 1.0000e-12  -74.14698 -113.40976  22.630595      99.84 1.1182e+03    215.428       5171  1027.7338  1027.7318    33.8844    33.8821    8.37820         32 0.0000e+00
     99.000     97.952    -1.3833  27.095840    -1.3834  27.093709     5.8315     6.1972     1.4562    94.4525 1.0000e-12  -74.14698 -113.40973  22.630614      99.82 1.1148e+03    217.028       5210  1027.7413  1027.7391    33.8890    33.8862    8.37397         38 0.0000e+00
    100.000     98.940    -1.3671  27.114509    -1.3699  27.108714     5.8143     6.1693     1.3688    94.4922 1.0000e-12  -74.14698 -113.40969  22.630634      99.84 1.1135e+03    218.773       5252  1027.7508  1027.7471    33.8957    33.8909    8.36994         38 0.0000e+00
    101.000     99.931    -1.3680  27.113653    -1.3664  27.113400     5.7834     6.1330     1.2470    94.8270 1.0000e-12  -74.14698 -113.40964  22.630653      99.84 1.1126e+03    220.417       5291  1027.7551  1027.7534    33.8949    33.8927    8.37018         36 0.0000e+00
    102.000    100.920    -1.3590  27.125427    -1.3574  27.125108     5.7690     6.1269     1.1512    94.6860 1.0000e-12  -74.14698 -113.40961  22.630672      99.83 1.1116e+03    222.027       5330  1027.7639  1027.7620    33.9003    33.8979    8.36785         40 0.0000e+00
    103.000    101.909    -1.3604  27.124068    -1.3599  27.122892     5.7720     6.1167     1.1167    94.8524 1.0000e-12  -74.14698 -113.40957  22.630691      99.84 1.1123e+03    223.686       5369  1027.7683  1027.7665    33.8993    33.8971    8.36821         36 0.0000e+00
    104.000    102.898    -1.3611  27.124089    -1.3594  27.124018     5.7531     6.0936     0.9239    95.1510 1.0000e-12  -74.14698 -113.40954  22.630707      99.84 1.1131e+03    225.103       5403  1027.7733  1027.7717    33.8995    33.8976    8.36835         31 0.0000e+00
    105.000    103.887    -1.3558  27.130942    -1.3537  27.131318     5.7413     6.0813     1.0594    95.4119 1.0000e-12  -74.14698 -113.40951  22.630724      99.85 1.1127e+03    226.532       5438  1027.7802  1027.7785    33.9023    33.9004    8.36700         34 0.0000e+00
    106.000    104.874    -1.3536  27.133758    -1.3528  27.132669     5.7523     6.0832     0.9103    95.5481 1.0000e-12  -74.14698 -113.40948  22.630740      99.83 1.1127e+03    227.939       5472  1027.7855  1027.7836    33.9030    33.9006    8.36646         30 0.0000e+00
    107.000    105.866    -1.3568  27.130541    -1.3554  27.130231     5.7532     6.0938     0.7139    95.1620 1.0000e-12  -74.14698 -113.40944  22.630756      99.84 1.1138e+03    229.344       5505  1027.7895  1027.7878    33.9016    33.8996    8.36726         33 0.0000e+00
    108.000    106.854    -1.3546  27.133239    -1.3541  27.131945     5.7488     6.0882     0.7355    95.6812 1.0000e-12  -74.14698 -113.40941  22.630772      99.85 1.1128e+03    230.708       5538  1027.7947  1027.7928    33.9022    33.8999    8.36674         32 0.0000e+00
    109.000    107.844    -1.3544  27.133946    -1.3532  27.133312     5.7485     6.0872     0.8933    96.0344 1.0000e-12  -74.14698 -113.40939  22.630787      99.84 1.1127e+03    232.019       5569  1027.7996  1027.7978    33.9023    33.9002    8.36668         31 0.0000e+00
    110.000    108.832    -1.3539  27.134812    -1.3528  27.134159     5.7489     6.0890     1.0384    95.5542 1.0000e-12  -74.14698 -113.40936  22.630803      99.84 1.1136e+03    233.342       5601  1027.8044  1027.8027    33.9023    33.9002    8.36657         33 0.0000e+00
    111.000    109.822    -1.3553  27.133871    -1.3539  27.133612     5.7353     6.0713     0.7106    95.6766 1.0000e-12  -74.14698 -113.40933  22.630818      99.84 1.1136e+03    234.680       5633  1027.8091  1027.8075    33.9020    33.9001    8.36690         31 0.0000e+00
    112.000    110.810    -1.3542  27.135720    -1.3530  27.135147     5.7116     6.0535     0.8181    95.2089 1.0000e-12  -74.14698 -113.40929  22.630833      99.74 1.1147e+03    235.949       5664  1027.8144  1027.8126    33.9026    33.9005    8.36661         30 0.0000e+00
    113.000    111.801    -1.3525  27.138468    -1.3503  27.138829     5.6884     6.0302     0.9884    95.9376 1.0000e-12  -74.14698 -113.40928  22.630848      99.85 1.1178e+03    237.236       5695  1027.8202  1027.8184    33.9039    33.9019    8.36617         32 0.0000e+00
    114.000    112.789    -1.3470  27.144586    -1.3465  27.143233     5.6958     6.0350     0.7726    95.9545 1.0000e-12  -74.14698 -113.40923  22.630863      99.84 1.1178e+03    238.589       5727  1027.8259  1027.8239    33.9054    33.9030    8.36483         33 0.0000e+00
    115.000    113.778    -1.3489  27.142504    -1.3492  27.140895     5.7016     6.0303     0.7392    95.7507 1.0000e-12  -74.14698 -113.40921  22.630879      99.84 1.1189e+03    239.976       5760  1027.8299  1027.8284    33.9042    33.9023    8.36535         29 0.0000e+00
    116.000    114.768    -1.3502  27.141658    -1.3506  27.139694     5.6561     5.9764     0.6963    95.8263 1.0000e-12  -74.14698 -113.40918  22.630894      99.84 1.1202e+03    241.263       5791  1027.8344  1027.8327    33.9038    33.9016    8.36565         30 0.0000e+00
    117.000    115.755    -1.3410  27.151672    -1.3368  27.153488     5.6092     5.9470     0.6723    95.7695 1.0000e-12  -74.14698 -113.40916  22.630908      99.84 1.1183e+03    242.468       5820  1027.8409  1027.8388    33.9065    33.9042    8.36343         28 0.0000e+00
    118.000    116.748    -1.3240  27.167551    -1.3230  27.166662     5.5865     5.9267     0.5880    95.6267 1.0000e-12  -74.14698 -113.40913  22.630923      99.83 1.1180e+03    243.750       5851  1027.8463  1027.8443    33.9084    33.9061    8.35950         31 0.0000e+00
    119.000    117.734    -1.3212  27.170857    -1.3200  27.170061     5.5887     5.9214     0.4750    96.0656 1.0000e-12  -74.14698 -113.40911  22.630939      99.85 1.1180e+03    245.097       5883  1027.8516  1027.8496    33.9092    33.9067    8.35883         32 0.0000e+00
    120.000    118.724    -1.3190  27.173182    -1.3177  27.172730     5.5935     5.9250     0.5054    96.2705 1.0000e-12  -74.14698 -113.40906  22.630953      99.85 1.1158e+03    246.379       5914  1027.8565  1027.8547    33.9093    33.9072    8.35833         29 0.0000e+00
    121.000    119.712    -1.3213  27.171469    -1.3204  27.170639     5.6012     5.9309     0.4621    95.9767 1.0000e-12  -74.14698 -113.40905  22.630967      99.85 1.1145e+03    247.584       5943  1027.8612  1027.8594    33.9089    33.9067    8.35888         29 0.0000e+00
    122.000    120.702    -1.3230  27.170425    -1.3215  27.169963     5.6033     5.9286     0.4345    95.9529 1.0000e-12  -74.14698 -113.40902  22.630982      89.19 1.1151e+03    248.813       5973  1027.8661  1027.8642    33.9088    33.9065    8.35926         30 0.0000e+00
    123.000    121.690    -1.3226  27.171200    -1.3229  27.169160     5.6041     5.9252     0.5601    96.3294 1.0000e-12  -74.14698 -113.40899  22.630996      96.71 1.1124e+03    250.050       6002  1027.8710  1027.8689    33.9088    33.9063    8.35918         29 0.0000e+00
    124.000    122.681    -1.3212  27.172967    -1.3207  27.171606     5.5963     5.9262     0.6142    96.2498 1.0000e-12  -74.14698 -113.40898  22.631010      99.90 1.1120e+03    251.272       6032  1027.8758  1027.8738    33.9089    33.9065    8.35884         29 0.0000e+00
