ocean_section_plots/required_files/ctd/dnbp2202_CTD002.cnv
* Sea-Bird SBE 9 Data File:
* FileName = D:\Data\raw\NBP2202_002.hex
* Software Version Seasave V 7.26.7.121
* Temperature SN = 1649
* Conductivity SN = 2513
* Number of Bytes Per Scan = 40
* Number of Voltage Words = 5
* Number of Scans Averaged by the Deck Unit = 1
* NMEA Latitude = 69 26.97 S
* NMEA Longitude = 102 20.59 W
* NMEA UTC (Time) = Jan 12 2022  15:16:05
* NMEA baud rate = 9600
** Ship: RVIB N.B. Palmer
** Cruise: NBP2202 Thwaites
** Station: Test
** Operator: B.Bjork A.Robinson
# nquan = 25
# nvalues = 510                         
# units = specified
# name 0 = prDM: Pressure, Digiquartz [db]
# name 1 = depSM: Depth [salt water, m]
# name 2 = t090C: Temperature [ITS-90, deg C]
# name 3 = c0mS/cm: Conductivity [mS/cm]
# name 4 = t190C: Temperature, 2 [ITS-90, deg C]
# name 5 = c1mS/cm: Conductivity, 2 [mS/cm]
# name 6 = sbeox0ML/L: Oxygen, SBE 43 [ml/l]
# name 7 = sbeox1ML/L: Oxygen, SBE 43, 2 [ml/l]
# name 8 = flECO-AFL: Fluorescence, WET Labs ECO-AFL/FL [mg/m^3]
# name 9 = CStarTr0: Beam Transmission, WET Labs C-Star [%]
# name 10 = par: PAR/Irradiance, Biospherical/Licor
# name 11 = latitude: Latitude [deg]
# name 12 = longitude: Longitude [deg]
# name 13 = timeJ: Julian Days
# name 14 = altM: Altimeter [m]
# name 15 = spar: SPAR, Biospherical/Licor
# name 16 = timeS: Time, Elapsed [seconds]
# name 17 = scan: Scan Count
# name 18 = density00: Density [density, kg/m^3]
# name 19 = density11: Density, 2 [density, kg/m^3]
# name 20 = sal00: Salinity, Practical [PSU]
# name 21 = sal11: Salinity, Practical, 2 [PSU]
# name 22 = oxsolML/L: Oxygen Saturation, Garcia & Gordon [ml/l]
# name 23 = nbin: number of scans per bin
# name 24 = flag: flag
# span 0 =      3.000,    512.000       
# span 1 =      2.964,    506.187       
# span 2 =    -1.6084,     1.9706       
# span 3 =  26.839031,  30.703188       
# span 4 =    -1.6084,     1.9730       
# span 5 =  26.838456,  30.702746       
# span 6 =     4.0408,     8.8692       
# span 7 =     4.1351,     9.0561       
# span 8 =    -0.0244,    14.1521       
# span 9 =    87.5014,    99.7245       
# span 10 = 1.0000e-12, 3.2352e+02      
# span 11 =  -69.44958,  -69.44956      
# span 12 = -102.34329, -102.34326      
# span 13 =  12.639201,  12.649990      
# span 14 =      16.13,     100.38      
# span 15 = 8.0440e+02, 1.0645e+03      
# span 16 =    261.961,   1194.134      
# span 17 =       6288,      28660      
# span 18 =  1026.6033,  1030.1438      
# span 19 =  1026.6054,  1030.1410      
# span 20 =    33.0750,    34.7083      
# span 21 =    33.0786,    34.7044      
# span 22 =    7.63311,    8.42900      
# span 23 =          1,         49      
# span 24 = 0.0000e+00, 0.0000e+00      
# interval = decibars: 1                
# start_time = Jan 12 2022 15:16:05 [NMEA time, header]
# bad_flag = -9.990e-29
*END*
[from data line 464]
    467.000    461.764     1.9394  30.698096     1.9415  30.697163     4.0937     4.1862    -0.0065    99.7031 1.0000e-12  -69.44956 -102.34328  12.646103      99.88 9.1035e+02    858.283      20600  1029.9258  1029.9228    34.7002    34.6967    7.63798         25 0.0000e+00
    468.000    462.754     1.9383  30.697817     1.9405  30.696978     4.0891     4.1895    -0.0017    99.7111 1.0000e-12  -69.44956 -102.34328  12.646115      84.37 9.1139e+02    859.315      20625  1029.9307  1029.9278    34.7004    34.6970    7.63817         25 0.0000e+00
    469.000    463.740     1.9380  30.697997     1.9400  30.697086     4.0860     4.1912    -0.0079    99.6967 1.0000e-12  -69.44956 -102.34328  12.646127      99.64 9.1148e+02    860.380      20650  1029.9355  1029.9326    34.7005    34.6971    7.63823         26 0.0000e+00
    470.000    464.729     1.9375  30.698199     1.9396  30.697290     4.0922     4.1915    -0.0077    99.7189 1.0000e-12  -69.44956 -102.34328  12.646140      99.88 9.1274e+02    861.461      20676  1029.9403  1029.9374    34.7007    34.6973    7.63832         26 0.0000e+00
    471.000    465.717     1.9372  30.698525     1.9394  30.697613     4.0963     4.1924    -0.0077    99.7070 1.0000e-12  -69.44956 -102.34328  12.646153      99.87 9.1316e+02    862.584      20703  1029.9451  1029.9421    34.7009    34.6974    7.63836         28 0.0000e+00
    472.000    466.703     1.9360  30.698206     1.9382  30.697296     4.0962     4.1944    -0.0079    99.7164 1.0000e-12  -69.44956 -102.34328  12.646167      99.88 9.1317e+02    863.824      20733  1029.9502  1029.9472    34.7013    34.6977    7.63858         31 0.0000e+00
    473.000    467.692     1.9346  30.697714     1.9369  30.696909     4.0951     4.1934    -0.0116    99.7211 1.0000e-12  -69.44956 -102.34328  12.646183      99.88 9.1473e+02    865.199      20766  1029.9552  1029.9523    34.7015    34.6981    7.63882         35 0.0000e+00
    474.000    468.679     1.9340  30.697863     1.9363  30.697026     4.0956     4.1929    -0.0150    99.7182 1.0000e-12  -69.44956 -102.34328  12.646200      99.88 9.1555e+02    866.660      20801  1029.9602  1029.9572    34.7018    34.6983    7.63892         31 0.0000e+00
    475.000    469.667     1.9339  30.698361     1.9362  30.697467     4.0939     4.1947    -0.0133    99.7071 1.0000e-12  -69.44956 -102.34328  12.646216      99.88 9.1736e+02    868.095      20835  1029.9649  1029.9619    34.7020    34.6984    7.63893         34 0.0000e+00
    476.000    470.654     1.9343  30.699077     1.9366  30.698096     4.1008     4.1946    -0.0044    99.7123 1.0000e-12  -69.44956 -102.34328  12.646233      99.88 9.1845e+02    869.514      20869  1029.9695  1029.9664    34.7019    34.6982    7.63886         33 0.0000e+00
    477.000    471.642     1.9342  30.699549     1.9363  30.698417     4.0989     4.1955    -0.0060    99.7109 1.0000e-12  -69.44956 -102.34328  12.646251      93.29 9.1960e+02    871.045      20906  1029.9743  1029.9711    34.7021    34.6983    7.63887         36 0.0000e+00
    478.000    472.629     1.9335  30.699443     1.9358  30.698545     4.0973     4.1973    -0.0077    99.7137 1.0000e-12  -69.44956 -102.34328  12.646270      86.76 9.2134e+02    872.721      20946  1029.9791  1029.9760    34.7022    34.6985    7.63901         39 0.0000e+00
    479.000    473.618     1.9324  30.699280     1.9347  30.698333     4.1000     4.1982    -0.0106    99.6972 1.0000e-12  -69.44956 -102.34328  12.646294     100.38 9.2286e+02    874.795      20996  1029.9842  1029.9811    34.7026    34.6989    7.63920         39 0.0000e+00
    480.000    474.604     1.9323  30.699678     1.9347  30.698783     4.0988     4.1955    -0.0031    99.7011 1.0000e-12  -69.44956 -102.34328  12.646326      99.87 9.2636e+02    877.556      21062  1029.9889  1029.9857    34.7026    34.6989    7.63921         43 0.0000e+00
    481.000    475.592     1.9323  30.700097     1.9346  30.699246     4.0993     4.1973    -0.0021    99.7224 1.0000e-12  -69.44956 -102.34328  12.646354      99.87 9.2838e+02    879.988      21121  1029.9935  1029.9904    34.7026    34.6990    7.63921         41 0.0000e+00
    482.000    476.581     1.9321  30.700501     1.9345  30.699617     4.0974     4.1981    -0.0079    99.7214 1.0000e-12  -69.44956 -102.34328  12.646376      99.88 9.3038e+02    881.894      21166  1029.9983  1029.9951    34.7027    34.6990    7.63924         34 0.0000e+00
    483.000    477.568     1.9317  30.700663     1.9341  30.699737     4.1028     4.1983    -0.0045    99.7181 1.0000e-12  -69.44956 -102.34328  12.646400      99.87 9.3342e+02    883.932      21215  1030.0031  1029.9999    34.7029    34.6991    7.63932         35 0.0000e+00
    484.000    478.555     1.9313  30.700873     1.9337  30.700005     4.1013     4.1995    -0.0035    99.7231 1.0000e-12  -69.44956 -102.34328  12.646427      91.58 9.3585e+02    886.333      21273  1030.0079  1030.0047    34.7029    34.6992    7.63938         43 0.0000e+00
    485.000    479.543     1.9308  30.701042     1.9331  30.700117     4.0995     4.1995     0.0017    99.7146 1.0000e-12  -69.44956 -102.34328  12.646454      99.85 9.3851e+02    888.665      21329  1030.0128  1030.0096    34.7032    34.6994    7.63947         45 0.0000e+00
    486.000    480.530     1.9293  30.700594     1.9317  30.699739     4.1061     4.2009    -0.0015    99.6947 1.0000e-12  -69.44957 -102.34328  12.646481      99.87 9.4160e+02    890.975      21384  1030.0179  1030.0148    34.7036    34.7000    7.63973         40 0.0000e+00
    487.000    481.517     1.9280  30.700182     1.9303  30.699252     4.1037     4.2024    -0.0074    99.7125 1.0000e-12  -69.44957 -102.34328  12.646511      99.88 9.4454e+02    893.521      21445  1030.0231  1030.0199    34.7040    34.7004    7.63996         36 0.0000e+00
    488.000    482.507     1.9269  30.699957     1.9292  30.699057     4.1068     4.2044    -0.0005    99.7174 1.0000e-12  -69.44956 -102.34328  12.646539      99.88 9.4774e+02    895.940      21504  1030.0281  1030.0250    34.7044    34.7008    7.64016         37 0.0000e+00
    489.000    483.494     1.9264  30.700120     1.9287  30.699165     4.1074     4.2064    -0.0068    99.7122 1.0000e-12  -69.44956 -102.34328  12.646567      87.90 9.5037e+02    898.361      21562  1030.0330  1030.0298    34.7046    34.7009    7.64024         42 0.0000e+00
    490.000    484.481     1.9264  30.700550     1.9287  30.699643     4.1061     4.2075    -0.0004    99.7197 1.0000e-12  -69.44957 -102.34328  12.646596      99.84 9.5352e+02    900.858      21622  1030.0375  1030.0345    34.7045    34.7009    7.64024         38 0.0000e+00
    491.000    485.468     1.9257  30.700531     1.9279  30.699528     4.1024     4.2068    -0.0007    99.7213 1.0000e-12  -69.44958 -102.34328  12.646627      99.87 9.5679e+02    903.579      21687  1030.0424  1030.0394    34.7047    34.7011    7.64037         37 0.0000e+00
    492.000    486.456     1.9247  30.700189     1.9269  30.699306     4.1072     4.2052    -0.0075    99.7151 1.0000e-12  -69.44957 -102.34328  12.646666      99.88 9.6188e+02    906.914      21767  1030.0473  1030.0443    34.7049    34.7013    7.64056         45 0.0000e+00
    493.000    487.442     1.9238  30.700116     1.9261  30.699188     4.1107     4.2095    -0.0035    99.7024 1.0000e-12  -69.44958 -102.34328  12.646697      99.85 9.6585e+02    909.659      21833  1030.0523  1030.0492    34.7052    34.7015    7.64071         41 0.0000e+00
    494.000    488.435     1.9232  30.700167     1.9254  30.699262     4.1099     4.2114    -0.0108    99.6962 1.0000e-12  -69.44958 -102.34328  12.646731      91.10 9.7024e+02    912.542      21902  1030.0572  1030.0541    34.7053    34.7017    7.64082         38 0.0000e+00
    495.000    489.418     1.9227  30.700272     1.9250  30.699523     4.1085     4.2073    -0.0050    99.7052 1.0000e-12  -69.44958 -102.34328  12.646760      99.67 9.7456e+02    915.035      21962  1030.0620  1030.0590    34.7054    34.7020    7.64091         41 0.0000e+00
    496.000    490.406     1.9219  30.700286     1.9243  30.699368     4.1100     4.2092    -0.0023    99.7059 1.0000e-12  -69.44957 -102.34328  12.646790      99.88 9.7878e+02    917.691      22026  1030.0669  1030.0638    34.7057    34.7020    7.64104         40 0.0000e+00
    497.000    491.399     1.9213  30.700267     1.9234  30.699290     4.1090     4.2099    -0.0089    99.7165 1.0000e-12  -69.44958 -102.34328  12.646833      99.88 9.8563e+02    921.380      22114  1030.0717  1030.0687    34.7058    34.7023    7.64116         36 0.0000e+00
    498.000    492.381     1.9203  30.700097     1.9224  30.699183     4.1158     4.2096    -0.0041    99.7165 1.0000e-12  -69.44958 -102.34327  12.646875      89.83 9.9340e+02    925.033      22202  1030.0767  1030.0738    34.7062    34.7027    7.64133         49 0.0000e+00
    499.000    493.367     1.9193  30.699873     1.9216  30.699040     4.1126     4.2185    -0.0015    99.7072 1.0000e-12  -69.44957 -102.34327  12.646906     100.20 9.9974e+02    927.697      22266  1030.0817  1030.0787    34.7064    34.7029    7.64151         48 0.0000e+00
    500.000    494.356     1.9185  30.699911     1.9209  30.699065     4.1186     4.2156    -0.0053    99.7057 1.0000e-12  -69.44957 -102.34326  12.646938      99.86 1.0076e+03    930.450      22332  1030.0867  1030.0836    34.7067    34.7031    7.64164         35 0.0000e+00
    501.000    495.345     1.9184  30.700307     1.9207  30.699397     4.1193     4.2156    -0.0061    99.7013 1.0000e-12  -69.44958 -102.34326  12.646977      99.87 1.0202e+03    933.835      22413  1030.0914  1030.0883    34.7069    34.7032    7.64167         42 0.0000e+00
    502.000    496.330     1.9181  30.700477     1.9203  30.699593     4.1166     4.2163    -0.0033    99.7162 1.0000e-12  -69.44958 -102.34327  12.647007      99.03 1.0312e+03    936.426      22475  1030.0961  1030.0931    34.7068    34.7033    7.64173         41 0.0000e+00
    503.000    497.319     1.9177  30.700722     1.9199  30.699856     4.1188     4.2167    -0.0085    99.7062 1.0000e-12  -69.44958 -102.34327  12.647039      99.03 1.0421e+03    939.155      22541  1030.1010  1030.0979    34.7070    34.7035    7.64179         41 0.0000e+00
    504.000    498.305     1.9167  30.700513     1.9190  30.699640     4.1191     4.2177    -0.0063    99.7014 1.0000e-12  -69.44958 -102.34327  12.647077      99.86 1.0545e+03    942.465      22620  1030.1059  1030.1028    34.7073    34.7036    7.64197         30 0.0000e+00
    505.000    499.294     1.9164  30.700771     1.9186  30.699907     4.1174     4.2180    -0.0002    99.6666 1.0000e-12  -69.44958 -102.34327  12.647111      99.87 1.0645e+03    945.418      22691  1030.1107  1030.1076    34.7073    34.7038    7.64202         40 0.0000e+00
    506.000    500.281     1.9163  30.701141     1.9185  30.700211     4.1194     4.2196    -0.0061    99.6991 1.0000e-12  -69.44957 -102.34328  12.648049      65.38 1.0345e+03   1026.398      24635  1030.1154  1030.1123    34.7074    34.7038    7.64204         39 0.0000e+00
    507.000    501.266     1.9162  30.701566     1.9183  30.700639     4.1138     4.2195    -0.0004    99.7145 1.0000e-12  -69.44956 -102.34327  12.649431      17.59 9.7978e+02   1145.860      27502  1030.1200  1030.1170    34.7074    34.7039    7.64205         38 0.0000e+00
    508.000    502.257     1.9169  30.702571     1.9192  30.701659     4.1150     4.2162    -0.0041    99.7118 1.0000e-12  -69.44956 -102.34327  12.649669      16.13 9.7111e+02   1166.400      27995  1030.1246  1030.1214    34.7074    34.7037    7.64192         48 0.0000e+00
    509.000    503.243     1.9161  30.702340     1.9184  30.701523     4.1117     4.2174    -0.0109    99.7192 1.0000e-12  -69.44956 -102.34327  12.649690      16.13 9.6958e+02   1168.250      28039  1030.1294  1030.1263    34.7074    34.7039    7.64208         45 0.0000e+00
    510.000    504.232     1.9157  30.702602     1.9179  30.701630     4.1122     4.2173    -0.0076    99.7245 1.0000e-12  -69.44956 -102.34328  12.649714      16.13 9.6958e+02   1170.287      28088  1030.1343  1030.1311    34.7076    34.7039    7.64215         32 0.0000e+00
    511.000    505.217     1.9152  30.702712     1.9174  30.701811     4.1179     4.2224    -0.0057    99.7133 1.0000e-12  -69.44956 -102.34327  12.649744      16.13 9.6952e+02   1172.883      28150  1030.1390  1030.1360    34.7077    34.7042    7.64223         29 0.0000e+00
    512.000    506.187     1.9148  30.703188     1.9178  30.702746     4.1100     4.2134    -0.0244    99.7114 1.0000e-12  -69.44956 -102.34329  12.649990      16.15 9.6611e+02   1194.134      28660  1030.1438  1030.1410    34.7083    34.7044    7.64229          1 0.0000e+00
