ocean_section_plots/required_files/ctd/dnbp2202_ctd038.cnv
* Sea-Bird SBE 9 Data File:
* FileName = D:\Data\raw\NBP2202_CTD038.hex
* Software Version Seasave V 7.26.7.121
* Temperature SN = 1649
* Conductivity SN = 2513
* Number of Bytes Per Scan = 40
* Number of Voltage Words = 5
* Number of Scans Averaged by the Deck Unit = 1
* NMEA Latitude = 74 08.81 S
* NMEA Longitude = 113 23.06 W
* NMEA UTC (Time) = Jan 22 2022  15:27:22
* NMEA baud rate = 9600
** Ship: RVIB N.B. Palmer
** Cruise: NBP2202 Thwaites
** Station: Tow-Yo #2
** Operator: A. Robinson
# nquan = 25
# nvalues = 462                         
# units = specified
# name 0 = prDM: Pressure, Digiquartz [db]
# name 1 = depSM: Depth [salt water, m]
# name 2 = t090C: Temperature [ITS-90, deg C]
# name 3 = c0mS/cm: Conductivity [mS/cm]
# name 4 = t190C: Temperature, 2 [ITS-90, deg C]
# name 5 = c1mS/cm: Conductivity, 2 [mS/cm]
# name 6 = sbeox0ML/L: Oxygen, SBE 43 [ml/l]
# name 7 = sbeox1ML/L: Oxygen, SBE 43, 2 [ml/l]
# name 8 = flECO-AFL: Fluorescence, WET Labs ECO-AFL/FL [mg/m^3]
# name 9 = CStarTr0: Beam Transmission, WET Labs C-Star [%]
# name 10 = par: PAR/Irradiance, Biospherical/Licor
# name 11 = latitude: Latitude [deg]
# name 12 = longitude: Longitude [deg]
# name 13 = timeJ: Julian Days
# name 14 = altM: Altimeter [m]
# name 15 = spar: SPAR, Biospherical/Licor
# name 16 = timeS: Time, Elapsed [seconds]
# name 17 = scan: Scan Count
# name 18 = density00: Density [density, kg/m^3]
# name 19 = density11: Density, 2 [density, kg/m^3]
# name 20 = sal00: Salinity, Practical [PSU]
# name 21 = sal11: Salinity, Practical, 2 [PSU]
# name 22 = oxsolML/L: Oxygen Saturation, Garcia & Gordon [ml/l]
# name 23 = nbin: number of scans per bin
# name 24 = flag: flag
# span 0 =     10.000,    471.000       
# span 1 =      9.896,    465.616       
# span 2 =    -1.4064,    -0.0894       
# span 3 =  27.028427,  28.660123       
# span 4 =    -1.4045,    -0.0875       
# span 5 =  27.027908,  28.659666       
# span 6 =     4.7658,     8.5143       
# span 7 =     5.0192,     8.9325       
# span 8 =    -0.0196,    19.2740       
# span 9 =    72.7347,    97.1724       
# span 10 = -6.847e-05, 2.9536e+01      
# span 11 =  -74.14698,  -74.14696      
# span 12 = -113.38373, -113.36839      
# span 13 =  22.644383,  22.652604      
# span 14 =      10.00,     101.50      
# span 15 = 1.3453e+03, 1.7913e+03      
# span 16 =     32.678,    743.004      
# span 17 =        785,      17833      
# span 18 =  1027.2134,  1029.7953      
# span 19 =  1027.2122,  1029.7929      
# span 20 =    33.7772,    34.3169      
# span 21 =    33.7753,    34.3142      
# span 22 =    8.06739,    8.38185      
# span 23 =          4,         48      
# span 24 = 0.0000e+00, 0.0000e+00      
# interval = decibars: 1                
# start_time = Jan 22 2022 15:27:22 [NMEA time, header]
# bad_flag = -9.990e-29
*END*
[from data line 174]
    184.000    182.014    -1.0794  27.457484    -1.0776  27.456949     5.3046     5.5963     0.0141    97.1535 1.0000e-12  -74.14696 -113.37832  22.647225      99.85 1.7063e+03    278.259       6679  1028.2178  1028.2155    33.9875    33.9847    8.30036         28 0.0000e+00
    185.000    183.004    -1.0791  27.457871    -1.0776  27.457210     5.3075     5.6018     0.0106    97.0824 1.0000e-12  -74.14696 -113.37829  22.647239      99.86 1.7132e+03    279.478       6708  1028.2222  1028.2200    33.9871    33.9844    8.30033         33 0.0000e+00
    186.000    183.993    -1.0798  27.457744    -1.0789  27.456690     5.3134     5.6036     0.0012    97.1358 1.0000e-12  -74.14696 -113.37827  22.647256      99.86 1.7239e+03    280.917       6743  1028.2270  1028.2250    33.9870    33.9846    8.30047         36 0.0000e+00
    187.000    184.981    -1.0844  27.455142    -1.0830  27.454354     5.3212     5.6134     0.0117    97.1169 1.0000e-12  -74.14696 -113.37824  22.647273      99.86 1.7327e+03    282.361       6778  1028.2330  1028.2308    33.9881    33.9855    8.30143         30 0.0000e+00
    188.000    185.970    -1.0798  27.462103    -1.0773  27.462207     5.3188     5.6143     0.0147    97.1454 1.0000e-12  -74.14696 -113.37821  22.647286      99.86 1.7333e+03    283.541       6806  1028.2405  1028.2381    33.9918    33.9891    8.30020         30 0.0000e+00
    189.000    186.958    -1.0734  27.469733    -1.0719  27.468976     5.3116     5.6092    -0.0041    97.1522 1.0000e-12  -74.14696 -113.37819  22.647302      99.86 1.7296e+03    284.896       6838  1028.2469  1028.2446    33.9943    33.9916    8.29863         33 0.0000e+00
    190.000    187.948    -1.0686  27.475495    -1.0665  27.475183     5.3150     5.6062     0.0015    97.1679 1.0000e-12  -74.14696 -113.37816  22.647320      99.86 1.7217e+03    286.440       6876  1028.2529  1028.2504    33.9962    33.9933    8.29747         38 0.0000e+00
    191.000    188.936    -1.0624  27.482202    -1.0586  27.483577     5.3051     5.6049    -0.0123    97.1724 1.0000e-12  -74.14696 -113.37812  22.647337      99.86 1.7167e+03    287.908       6911  1028.2585  1028.2563    33.9976    33.9952    8.29600         33 0.0000e+00
    192.000    189.924    -1.0520  27.493476    -1.0496  27.493202     5.3074     5.6023    -0.0035    97.1691 1.0000e-12  -74.14696 -113.37809  22.647353      92.20 1.7140e+03    289.309       6944  1028.2651  1028.2625    34.0006    33.9976    8.29353         30 0.0000e+00
    193.000    190.913    -1.0476  27.498863    -1.0445  27.499826     5.3004     5.6022     0.0006    97.1695 1.0000e-12  -74.14696 -113.37806  22.647368      99.83 1.7165e+03    290.598       6975  1028.2711  1028.2691    34.0024    34.0002    8.29245         28 0.0000e+00
    194.000    191.901    -1.0449  27.502327    -1.0426  27.502324     5.3023     5.5988     0.0005    97.1523 1.0000e-12  -74.14696 -113.37804  22.647383      99.86 1.7194e+03    291.894       7006  1028.2766  1028.2745    34.0035    34.0009    8.29180         31 0.0000e+00
    195.000    192.891    -1.0429  27.505159    -1.0412  27.504560     5.2996     5.5986    -0.0054    97.1304 1.0000e-12  -74.14696 -113.37800  22.647399      99.86 1.7234e+03    293.278       7040  1028.2821  1028.2799    34.0044    34.0017    8.29129         34 0.0000e+00
    196.000    193.881    -1.0393  27.509561    -1.0372  27.509136     5.3041     5.5998    -0.0014    97.1493 1.0000e-12  -74.14697 -113.37798  22.647414      99.86 1.7274e+03    294.565       7071  1028.2878  1028.2854    34.0057    34.0028    8.29042         28 0.0000e+00
    197.000    194.868    -1.0385  27.510454    -1.0372  27.509683     5.3026     5.5911    -0.0092    97.1171 1.0000e-12  -74.14698 -113.37796  22.647429      99.86 1.7307e+03    295.829       7101  1028.2925  1028.2904    34.0055    34.0029    8.29027         33 0.0000e+00
    198.000    195.858    -1.0410  27.508778    -1.0389  27.508438     5.3024     5.5970     0.0045    97.1139 1.0000e-12  -74.14698 -113.37794  22.647445      99.86 1.7328e+03    297.223       7134  1028.2974  1028.2951    34.0054    34.0026    8.29083         34 0.0000e+00
    199.000    196.845    -1.0389  27.511238    -1.0385  27.509289     5.3001     5.6003     0.0238    97.1210 1.0000e-12  -74.14698 -113.37790  22.647459      99.86 1.7314e+03    298.485       7165  1028.3024  1028.2999    34.0058    34.0027    8.29034         27 0.0000e+00
    200.000    197.835    -1.0407  27.509648    -1.0399  27.508268     5.3024     5.5977    -0.0071    97.1209 1.0000e-12  -74.14698 -113.37787  22.647474      99.86 1.7276e+03    299.753       7195  1028.3068  1028.3045    34.0050    34.0022    8.29078         33 0.0000e+00
    201.000    198.823    -1.0386  27.512464    -1.0372  27.511429     5.2957     5.5934     0.0055    97.1313 1.0000e-12  -74.14698 -113.37784  22.647490      89.15 1.7220e+03    301.149       7229  1028.3121  1028.3097    34.0058    34.0029    8.29026         34 0.0000e+00
    202.000    199.812    -1.0336  27.517786    -1.0335  27.515420     5.2926     5.5851     0.0272    97.1424 1.0000e-12  -74.14698 -113.37782  22.647505      51.86 1.7173e+03    302.409       7259  1028.3173  1028.3148    34.0068    34.0035    8.28910         26 0.0000e+00
    203.000    200.801    -1.0326  27.519135    -1.0284  27.520791     5.2800     5.5760     0.0091    97.1307 1.0000e-12  -74.14698 -113.37779  22.647519      98.69 1.7132e+03    303.616       7288  1028.3222  1028.3199    34.0069    34.0044    8.28888         30 0.0000e+00
    204.000    201.790    -1.0249  27.527326    -1.0212  27.528217     5.2672     5.5645     0.0381    97.1511 1.0000e-12  -74.14698 -113.37777  22.647535      99.86 1.7118e+03    304.986       7321  1028.3279  1028.3254    34.0087    34.0057    8.28706         34 0.0000e+00
    205.000    202.777    -1.0130  27.538828    -1.0102  27.539189     5.2595     5.5493     0.0158    97.1455 1.0000e-12  -74.14698 -113.37774  22.647550      99.86 1.7118e+03    306.304       7352  1028.3334  1028.3311    34.0104    34.0077    8.28435         28 0.0000e+00
    206.000    203.767    -1.0087  27.543025    -1.0066  27.542800     5.2569     5.5508     0.0314    97.1141 1.0000e-12  -74.14698 -113.37771  22.647564      99.86 1.7118e+03    307.516       7381  1028.3381  1028.3359    34.0105    34.0079    8.28338         32 0.0000e+00
    207.000    204.756    -1.0068  27.545469    -1.0046  27.545300     5.2483     5.5466     0.0243    97.1168 1.0000e-12  -74.14698 -113.37769  22.647580      99.86 1.7131e+03    308.872       7414  1028.3433  1028.3410    34.0111    34.0084    8.28293         34 0.0000e+00
    208.000    205.745    -1.0060  27.546761    -1.0035  27.547098     5.2367     5.5369     0.0208    97.1142 1.0000e-12  -74.14698 -113.37766  22.647595      99.86 1.7175e+03    310.225       7446  1028.3484  1028.3463    34.0114    34.0090    8.28275         29 0.0000e+00
    209.000    206.732    -1.0007  27.552508    -0.9948  27.555926     5.2302     5.5182     0.0009    97.1300 1.0000e-12  -74.14698 -113.37765  22.647609      99.87 1.7220e+03    311.401       7475  1028.3538  1028.3518    34.0126    34.0106    8.28150         29 0.0000e+00
    210.000    207.722    -0.9888  27.565162    -0.9802  27.571148     5.2031     5.4986     0.0050    97.1158 1.0000e-12  -74.14698 -113.37762  22.647623      99.86 1.7267e+03    312.661       7505  1028.3604  1028.3586    34.0157    34.0142    8.27869         31 0.0000e+00
    211.000    208.709    -0.9682  27.586744    -0.9559  27.596063     5.1681     5.4605     0.0016    97.1050 1.0000e-12  -74.14698 -113.37760  22.647638      99.87 1.7276e+03    313.911       7535  1028.3683  1028.3666    34.0212    34.0200    8.27383         28 0.0000e+00
    212.000    209.698    -0.9335  27.622309    -0.9281  27.624448     5.1463     5.4411     0.0017    97.1197 1.0000e-12  -74.14698 -113.37758  22.647652      98.55 1.7276e+03    315.108       7564  1028.3778  1028.3750    34.0298    34.0266    8.26571         31 0.0000e+00
    213.000    210.688    -0.9093  27.645982    -0.9068  27.645705     5.1420     5.4355     0.0065    97.1164 1.0000e-12  -74.14698 -113.37756  22.647667      99.80 1.7277e+03    316.434       7595  1028.3846  1028.3820    34.0340    34.0308    8.26014         28 0.0000e+00
    214.000    211.676    -0.9060  27.649673    -0.9042  27.649047     5.1423     5.4317    -0.0078    97.1066 1.0000e-12  -74.14698 -113.37753  22.647682      99.86 1.7278e+03    317.696       7626  1028.3901  1028.3877    34.0347    34.0318    8.25938         27 0.0000e+00
    215.000    212.663    -0.9058  27.650411    -0.9041  27.649740     5.1454     5.4352     0.0074    97.0752 1.0000e-12  -74.14698 -113.37752  22.647694      99.86 1.7278e+03    318.764       7651  1028.3952  1028.3929    34.0348    34.0320    8.25932         27 0.0000e+00
    216.000    213.655    -0.9054  27.651386    -0.9035  27.650826     5.1445     5.4340    -0.0091    97.0960 1.0000e-12  -74.14698 -113.37749  22.647708      99.87 1.7293e+03    320.004       7681  1028.4004  1028.3980    34.0351    34.0322    8.25922         32 0.0000e+00
    217.000    214.642    -0.9044  27.652870    -0.9025  27.652187     5.1501     5.4327    -0.0184    97.0824 1.0000e-12  -74.14698 -113.37748  22.647724      99.86 1.7298e+03    321.395       7714  1028.4056  1028.4031    34.0353    34.0323    8.25898         32 0.0000e+00
    218.000    215.630    -0.9032  27.654322    -0.9014  27.653768     5.1532     5.4325    -0.0143    97.0778 1.0000e-12  -74.14698 -113.37746  22.647740      99.86 1.7286e+03    322.769       7747  1028.4105  1028.4082    34.0354    34.0325    8.25873         32 0.0000e+00
    219.000    216.618    -0.9025  27.655598    -0.9007  27.654961     5.1498     5.4334     0.0047    97.0888 1.0000e-12  -74.14698 -113.37743  22.647756      99.85 1.7256e+03    324.079       7779  1028.4157  1028.4133    34.0357    34.0328    8.25855         28 0.0000e+00
    220.000    217.607    -0.8970  27.662527    -0.8946  27.662288     5.1483     5.4395     0.0075    97.0793 1.0000e-12  -74.14698 -113.37742  22.647771      99.86 1.7203e+03    325.400       7811  1028.4222  1028.4198    34.0382    34.0352    8.25718         28 0.0000e+00
    221.000    218.597    -0.8933  27.667362    -0.8914  27.666714     5.1488     5.4390    -0.0062    97.0879 1.0000e-12  -74.14698 -113.37740  22.647784      99.86 1.7186e+03    326.534       7838  1028.4284  1028.4258    34.0400    34.0370    8.25628         26 0.0000e+00
    222.000    219.585    -0.8876  27.674163    -0.8852  27.674132     5.1491     5.4386    -0.0050    97.0970 1.0000e-12  -74.14698 -113.37738  22.647797      95.08 1.7190e+03    327.693       7866  1028.4346  1028.4323    34.0422    34.0394    8.25490         30 0.0000e+00
    223.000    220.574    -0.8849  27.677532    -0.8835  27.676369     5.1439     5.4360    -0.0057    97.0920 1.0000e-12  -74.14698 -113.37736  22.647813      99.90 1.7217e+03    329.009       7897  1028.4400  1028.4375    34.0430    34.0400    8.25424         33 0.0000e+00
    224.000    221.562    -0.8832  27.679950    -0.8818  27.678812     5.1441     5.4347    -0.0050    97.0931 1.0000e-12  -74.14698 -113.37734  22.647828      99.86 1.7272e+03    330.371       7930  1028.4455  1028.4429    34.0439    34.0407    8.25384         32 0.0000e+00
    225.000    222.550    -0.8823  27.681314    -0.8806  27.680615     5.1454     5.4298     0.0180    97.0955 1.0000e-12  -74.14698 -113.37733  22.647844      99.85 1.7340e+03    331.681       7961  1028.4505  1028.4481    34.0441    34.0412    8.25362         32 0.0000e+00
    226.000    223.538    -0.8809  27.683533    -0.8788  27.683124     5.1424     5.4336     0.0664    97.1022 1.0000e-12  -74.14698 -113.37730  22.647860      99.86 1.7421e+03    333.093       7995  1028.4560  1028.4535    34.0449    34.0420    8.25328         36 0.0000e+00
    227.000    224.529    -0.8755  27.690336    -0.8735  27.689841     5.1423     5.4345     0.0095    97.1019 1.0000e-12  -74.14698 -113.37727  22.647876      99.86 1.7494e+03    334.519       8029  1028.4624  1028.4599    34.0474    34.0445    8.25194         32 0.0000e+00
    228.000    225.515    -0.8707  27.696362    -0.8682  27.696218     5.1446     5.4348    -0.0096    97.1050 1.0000e-12  -74.14698 -113.37726  22.647892      99.86 1.7551e+03    335.851       8061  1028.4686  1028.4661    34.0495    34.0466    8.25075         31 0.0000e+00
    229.000    226.506    -0.8638  27.704309    -0.8618  27.703788     5.1420     5.4333    -0.0069    97.0925 1.0000e-12  -74.14698 -113.37724  22.647907      99.86 1.7603e+03    337.204       8094  1028.4750  1028.4725    34.0519    34.0490    8.24911         35 0.0000e+00
    230.000    227.492    -0.8632  27.705356    -0.8615  27.704672     5.1435     5.4261    -0.0060    97.0964 1.0000e-12  -74.14698 -113.37721  22.647924      99.86 1.7623e+03    338.647       8129  1028.4799  1028.4776    34.0520    34.0493    8.24897         34 0.0000e+00
    231.000    228.482    -0.8634  27.705650    -0.8618  27.704979     5.1415     5.4298    -0.0123    97.1182 1.0000e-12  -74.14698 -113.37719  22.647940      82.01 1.7622e+03    340.034       8162  1028.4848  1028.4826    34.0520    34.0494    8.24901         32 0.0000e+00
    232.000    229.470    -0.8638  27.705678    -0.8622  27.705020     5.1389     5.4321    -0.0120    97.0829 1.0000e-12  -74.14698 -113.37716  22.647956      93.84 1.7597e+03    341.392       8194  1028.4897  1028.4873    34.0520    34.0492    8.24912         34 0.0000e+00
    233.000    230.460    -0.8641  27.706039    -0.8623  27.705332     5.1433     5.4330     0.0075    97.0790 1.0000e-12  -74.14696 -113.37714  22.647972      99.90 1.7571e+03    342.820       8229  1028.4946  1028.4921    34.0521    34.0492    8.24916         34 0.0000e+00
    234.000    231.447    -0.8642  27.706655    -0.8623  27.706070     5.1465     5.4337    -0.0006    97.1084 1.0000e-12  -74.14696 -113.37711  22.647988      99.86 1.7545e+03    344.203       8262  1028.4997  1028.4973    34.0525    34.0496    8.24916         33 0.0000e+00
    235.000    232.436    -0.8629  27.708446    -0.8612  27.707711     5.1389     5.4331     0.0030    97.0995 1.0000e-12  -74.14697 -113.37709  22.648005      99.86 1.7505e+03    345.596       8295  1028.5048  1028.5023    34.0528    34.0499    8.24886         34 0.0000e+00
    236.000    233.424    -0.8600  27.712042    -0.8576  27.711892     5.1452     5.4339    -0.0055    97.1035 1.0000e-12  -74.14696 -113.37705  22.648022      99.86 1.7492e+03    347.058       8330  1028.5102  1028.5077    34.0538    34.0509    8.24817         35 0.0000e+00
    237.000    234.413    -0.8570  27.715592    -0.8552  27.715034     5.1430     5.4329    -0.0083    97.1123 1.0000e-12  -74.14696 -113.37703  22.648038      99.86 1.7520e+03    348.449       8364  1028.5155  1028.5131    34.0547    34.0519    8.24747         33 0.0000e+00
    238.000    235.401    -0.8548  27.718748    -0.8542  27.716636     5.1440     5.4251     0.0020    97.1178 1.0000e-12  -74.14696 -113.37699  22.648053      99.86 1.7570e+03    349.818       8397  1028.5210  1028.5182    34.0558    34.0523    8.24691         33 0.0000e+00
    239.000    236.390    -0.8547  27.719150    -0.8525  27.719017     5.1397     5.4233    -0.0105    97.1144 1.0000e-12  -74.14696 -113.37697  22.648071      99.86 1.7621e+03    351.291       8432  1028.5258  1028.5235    34.0557    34.0530    8.24690         37 0.0000e+00
    240.000    237.379    -0.8515  27.723282    -0.8501  27.722167     5.1396     5.4283    -0.0187    97.1140 1.0000e-12  -74.14697 -113.37694  22.648087      97.76 1.7649e+03    352.731       8467  1028.5314  1028.5288    34.0570    34.0539    8.24612         32 0.0000e+00
