ocean_section_plots/required_files/ctd/dnbp2202_ctd214.cnv
* Sea-Bird SBE 9 Data File:
* FileName = D:\Data\raw\NBP2202_CTD214.hex
* Software Version Seasave V 7.26.7.121
* Temperature SN = 1649
* Conductivity SN = 2513
* Number of Bytes Per Scan = 40
* Number of Voltage Words = 5
* Number of Scans Averaged by the Deck Unit = 1
* NMEA Latitude = 73 59.97 S
* NMEA Longitude = 111 30.14 W
* NMEA UTC (Time) = Feb 11 2022  05:19:47
* NMEA baud rate = 9600
** Ship: RVIB N.B. Palmer
** Cruise: NBP2202 Thwaites
** Station: 126
** Operator: B. Bjork
# nquan = 28
# nvalues = 407                         
# units = specified
# name 0 = prDM: Pressure, Digiquartz [db]
# name 1 = depSM: Depth [salt water, m]
# name 2 = t090C: Temperature [ITS-90, deg C]
# name 3 = c0mS/cm: Conductivity [mS/cm]
# name 4 = t190C: Temperature, 2 [ITS-90, deg C]
# name 5 = c1mS/cm: Conductivity, 2 [mS/cm]
# name 6 = sbeox0ML/L: Oxygen, SBE 43 [ml/l]
# name 7 = sbeox1ML/L: Oxygen, SBE 43, 2 [ml/l]
# name 8 = flECO-AFL: Fluorescence, WET Labs ECO-AFL/FL [mg/m^3]
# name 9 = CStarTr0: Beam Transmission, WET Labs C-Star [%]
# name 10 = par: PAR/Irradiance, Biospherical/Licor
# name 11 = latitude: Latitude [deg]
# name 12 = longitude: Longitude [deg]
# name 13 = timeJ: Julian Days
# name 14 = altM: Altimeter [m]
# name 15 = spar: SPAR, Biospherical/Licor
# name 16 = timeS: Time, Elapsed [seconds]
# name 17 = scan: Scan Count
# name 18 = density00: Density [density, kg/m^3]
# name 19 = density11: Density, 2 [density, kg/m^3]
# name 20 = v3: Voltage 3
# name 21 = v4: Voltage 4
# name 22 = v5: Voltage 5
# name 23 = sal00: Salinity, Practical [PSU]
# name 24 = sal11: Salinity, Practical, 2 [PSU]
# name 25 = oxsolML/L: Oxygen Saturation, Garcia & Gordon [ml/l]
# name 26 = nbin: number of scans per bin
# name 27 = flag: flag
# span 0 =      1.000,    407.000       
# span 1 =      0.987,    402.396       
# span 2 =    -1.5860,    -0.0735       
# span 3 =  26.969355,  28.701971       
# span 4 =    -1.5863,    -0.0715       
# span 5 =  26.969292,  28.701746       
# span 6 =     4.9807,     8.9110       
# span 7 =     5.1360,     9.2632       
# span 8 =    -0.0123,    24.9499       
# span 9 =    71.3919,    97.8808       
# span 10 = 1.0000e-12, 1.9614e+02      
# span 11 =  -73.99956,  -73.99954      
# span 12 = -111.50246, -111.50242      
# span 13 =  42.223991,  42.230444      
# span 14 =       8.78,     100.69      
# span 15 = 7.4840e+01, 1.3074e+02      
# span 16 =    165.828,    723.339      
# span 17 =       3981,      17361      
# span 18 =  1027.1950,  1029.5556      
# span 19 =  1027.1974,  1029.5534      
# span 20 =     3.3873,     4.6433      
# span 21 =     0.0652,     4.2484      
# span 22 =     0.1154,     0.2461      
# span 23 =    33.8013,    34.3972      
# span 24 =    33.8036,    34.3938      
# span 25 =    8.05951,    8.41569      
# span 26 =         17,         49      
# span 27 = 0.0000e+00, 0.0000e+00      
# interval = decibars: 1                
# start_time = Feb 11 2022 05:19:47 [NMEA time, header]
# bad_flag = -9.990e-29
*END*
[from data line 104]
    105.000    103.889    -1.5608  27.013869    -1.5607  27.013834     6.5090     6.7433     1.2042    95.5309 1.0000e-12  -73.99956 -111.50246  42.226389      99.83 1.1662e+02    373.005       8953  1027.8457  1027.8454     4.5317     0.1971     0.1244    33.9741    33.9738    8.40893         38 0.0000e+00
    106.000    104.877    -1.5601  27.015065    -1.5600  27.015002     6.5073     6.7378     0.8785    95.7695 1.0000e-12  -73.99956 -111.50246  42.226412      99.82 1.1618e+02    374.971       9000  1027.8506  1027.8504     4.5432     0.2186     0.1271    33.9743    33.9740    8.40876         42 0.0000e+00
    107.000    105.865    -1.5598  27.015758    -1.5598  27.015612     6.5080     6.7398     0.6674    95.6378 1.0000e-12  -73.99956 -111.50246  42.226434      99.82 1.1531e+02    376.903       9047  1027.8554  1027.8552     4.5369     0.2061     0.1266    33.9742    33.9740    8.40869         44 0.0000e+00
    108.000    106.856    -1.5594  27.016781    -1.5591  27.016803     6.5062     6.7410     0.7870    95.8251 1.0000e-12  -73.99956 -111.50246  42.226456      98.51 1.1654e+02    378.817       9093  1027.8605  1027.8602     4.5461     0.1831     0.1263    33.9745    33.9742    8.40857         37 0.0000e+00
    109.000    107.842    -1.5582  27.018322    -1.5581  27.018342     6.4943     6.7285     0.7785    95.7995 1.0000e-12  -73.99956 -111.50246  42.226478      99.89 1.1628e+02    380.730       9139  1027.8654  1027.8652     4.5448     0.2003     0.1238    33.9748    33.9746    8.40830         31 0.0000e+00
    110.000    108.834    -1.5537  27.023522    -1.5533  27.023468     6.4863     6.7197     0.9703    96.1435 1.0000e-12  -73.99956 -111.50246  42.226501      99.82 1.1551e+02    382.652       9185  1027.8711  1027.8707     4.5609     0.1932     0.1245    33.9761    33.9756    8.40719         42 0.0000e+00
    111.000    109.823    -1.5522  27.025468    -1.5519  27.025410     6.4814     6.7216     0.8925    96.1869 1.0000e-12  -73.99956 -111.50246  42.226523      99.83 1.1557e+02    384.611       9232  1027.8762  1027.8759     4.5629     0.2077     0.1225    33.9765    33.9761    8.40683         34 0.0000e+00
    112.000    110.812    -1.5503  27.027949    -1.5500  27.027785     6.4775     6.7141     0.9169    96.2113 1.0000e-12  -73.99956 -111.50246  42.226546      99.82 1.1551e+02    386.572       9279  1027.8814  1027.8809     4.5641     0.1547     0.1232    33.9772    33.9766    8.40637         44 0.0000e+00
    113.000    111.800    -1.5490  27.030042    -1.5487  27.029891     6.4732     6.7108     0.6925    96.0302 1.0000e-12  -73.99956 -111.50246  42.226568      99.82 1.1455e+02    388.499       9325  1027.8868  1027.8864     4.5556     0.1679     0.1256    33.9779    33.9774    8.40602         39 0.0000e+00
    114.000    112.790    -1.5488  27.030885    -1.5484  27.030817     6.4766     6.7073     0.8379    96.1630 1.0000e-12  -73.99955 -111.50246  42.226591      94.34 1.1333e+02    390.427       9371  1027.8919  1027.8914     4.5619     0.1728     0.1230    33.9782    33.9776    8.40595         36 0.0000e+00
    115.000    113.779    -1.5486  27.032008    -1.5483  27.031931     6.4829     6.7133     0.9811    96.4051 1.0000e-12  -73.99955 -111.50246  42.226613      99.88 1.1464e+02    392.384       9418  1027.8973  1027.8969     4.5733     0.1811     0.1257    33.9789    33.9784    8.40587         42 0.0000e+00
    116.000    114.768    -1.5500  27.031667    -1.5497  27.031644     6.4764     6.7093     0.4942    96.0009 1.0000e-12  -73.99955 -111.50246  42.226636      99.83 1.1320e+02    394.342       9465  1027.9027  1027.9023     4.5543     0.1617     0.1246    33.9794    33.9790    8.40617         35 0.0000e+00
    117.000    115.757    -1.5504  27.031950    -1.5501  27.031790     6.4853     6.7092     1.0185    96.3942 1.0000e-12  -73.99955 -111.50246  42.226659      99.82 1.1326e+02    396.305       9512  1027.9076  1027.9072     4.5728     0.1876     0.1259    33.9796    33.9791    8.40623         40 0.0000e+00
    118.000    116.746    -1.5519  27.031240    -1.5514  27.031233     6.4787     6.7161     0.7260    96.3421 1.0000e-12  -73.99955 -111.50246  42.226681      99.83 1.1273e+02    398.234       9559  1027.9126  1027.9122     4.5703     0.1643     0.1267    33.9797    33.9792    8.40656         41 0.0000e+00
    119.000    117.735    -1.5530  27.030765    -1.5530  27.030378     6.4820     6.7126     0.6104    96.3899 1.0000e-12  -73.99955 -111.50246  42.226703      99.83 1.1232e+02    400.135       9604  1027.9174  1027.9171     4.5726     0.1567     0.1288    33.9796    33.9791    8.40682         38 0.0000e+00
    120.000    118.724    -1.5549  27.029550    -1.5546  27.029540     6.4919     6.7170     0.5668    96.4610 1.0000e-12  -73.99955 -111.50245  42.226725      99.83 1.0957e+02    402.067       9651  1027.9223  1027.9219     4.5759     0.1960     0.1299    33.9796    33.9791    8.40726         37 0.0000e+00
    121.000    119.714    -1.5578  27.027939    -1.5574  27.028015     6.4918     6.7146     0.6736    96.4785 1.0000e-12  -73.99954 -111.50246  42.226747      99.74 1.1197e+02    403.973       9696  1027.9276  1027.9273     4.5768     0.1993     0.1288    33.9800    33.9797    8.40790         35 0.0000e+00
    122.000    120.703    -1.5607  27.026543    -1.5607  27.026357     6.4883     6.7112     0.7205    96.1129 1.0000e-12  -73.99954 -111.50246  42.226764      99.82 1.1104e+02    405.428       9731  1027.9332  1027.9329     4.5596     0.2102     0.1280    33.9808    33.9805    8.40850         30 0.0000e+00
    123.000    121.691    -1.5623  27.025884    -1.5622  27.025811     6.4945     6.7177     0.5746    96.4121 1.0000e-12  -73.99954 -111.50246  42.226778      99.83 1.1029e+02    406.578       9759  1027.9383  1027.9381     4.5735     0.1751     0.1288    33.9810    33.9809    8.40885         25 0.0000e+00
    124.000    122.682    -1.5638  27.025433    -1.5637  27.025362     6.4927     6.7192     0.6307    96.4966 1.0000e-12  -73.99954 -111.50245  42.226790      99.83 1.1202e+02    407.652       9785  1027.9435  1027.9433     4.5777     0.1596     0.1264    33.9815    33.9813    8.40916         25 0.0000e+00
    125.000    123.671    -1.5655  27.024979    -1.5655  27.024902     6.4939     6.7275     0.6502    96.3254 1.0000e-12  -73.99954 -111.50244  42.226802      99.82 1.1150e+02    408.680       9809  1027.9489  1027.9488     4.5696     0.1664     0.1292    33.9821    33.9820    8.40950         24 0.0000e+00
    126.000    124.659    -1.5664  27.024850    -1.5664  27.024792     6.4984     6.7300     0.5806    96.3465 1.0000e-12  -73.99954 -111.50244  42.226813      99.83 1.1055e+02    409.681       9833  1027.9539  1027.9539     4.5705     0.1494     0.1296    33.9824    33.9823    8.40969         24 0.0000e+00
    127.000    125.647    -1.5680  27.024065    -1.5681  27.024023     6.4980     6.7303     0.6226    96.2828 1.0000e-12  -73.99954 -111.50244  42.226825      99.83 1.1062e+02    410.679       9857  1027.9589  1027.9589     4.5676     0.1629     0.1329    33.9825    33.9825    8.41006         24 0.0000e+00
    128.000    126.636    -1.5694  27.023639    -1.5695  27.023501     6.5041     6.7329     0.7223    96.3171 1.0000e-12  -73.99954 -111.50244  42.226836      99.83 1.1060e+02    411.676       9881  1027.9640  1027.9640     4.5692     0.1691     0.1332    33.9829    33.9828    8.41035         23 0.0000e+00
    129.000    127.626    -1.5711  27.023143    -1.5712  27.023079     6.5063     6.7428     0.6290    96.2619 1.0000e-12  -73.99954 -111.50244  42.226848      99.82 1.0881e+02    412.667       9905  1027.9694  1027.9694     4.5666     0.1607     0.1342    33.9835    33.9835    8.41069         25 0.0000e+00
    130.000    128.616    -1.5716  27.023451    -1.5715  27.023353     6.5038     6.7376     0.6159    96.2439 1.0000e-12  -73.99954 -111.50244  42.226860      99.83 1.0969e+02    413.671       9929  1027.9745  1027.9743     4.5657     0.1407     0.1323    33.9838    33.9836    8.41078         23 0.0000e+00
    131.000    129.604    -1.5717  27.023835    -1.5717  27.023790     6.4974     6.7221     0.5593    96.2941 1.0000e-12  -73.99954 -111.50244  42.226871      99.83 1.0916e+02    414.673       9953  1027.9793  1027.9792     4.5681     0.1845     0.1341    33.9839    33.9838    8.41081         25 0.0000e+00
    132.000    130.593    -1.5727  27.023960    -1.5726  27.023823     6.4903     6.7174     0.5462    96.2782 1.0000e-12  -73.99954 -111.50244  42.226883      99.82 1.0778e+02    415.670       9977  1027.9847  1027.9845     4.5673     0.1983     0.1367    33.9845    33.9843    8.41099         24 0.0000e+00
    133.000    131.582    -1.5735  27.023977    -1.5735  27.023830     6.4815     6.7142     0.5906    96.2780 1.0000e-12  -73.99954 -111.50244  42.226894      99.83 1.0921e+02    416.674      10001  1027.9898  1027.9896     4.5673     0.1561     0.1335    33.9849    33.9846    8.41116         24 0.0000e+00
    134.000    132.571    -1.5746  27.024052    -1.5744  27.023976     6.4726     6.7109     0.5864    96.1924 1.0000e-12  -73.99954 -111.50244  42.226906      99.30 1.0908e+02    417.672      10025  1027.9952  1027.9949     4.5633     0.1378     0.1345    33.9855    33.9853    8.41135         24 0.0000e+00
    135.000    133.561    -1.5756  27.023779    -1.5754  27.023755     6.4796     6.7017     0.5394    96.1227 1.0000e-12  -73.99954 -111.50244  42.226917      99.82 1.0756e+02    418.656      10049  1028.0002  1028.0000     4.5600     0.1407     0.1336    33.9857    33.9855    8.41158         23 0.0000e+00
    136.000    134.549    -1.5762  27.023759    -1.5762  27.023696     6.4809     6.7049     0.4880    96.2087 1.0000e-12  -73.99954 -111.50244  42.226929      99.83 1.0790e+02    419.639      10072  1028.0050  1028.0049     4.5640     0.1558     0.1310    33.9858    33.9856    8.41171         24 0.0000e+00
    137.000    135.538    -1.5789  27.022679    -1.5793  27.022402     6.4782     6.7048     0.5163    96.2756 1.0000e-12  -73.99954 -111.50244  42.226940      99.83 1.0776e+02    420.643      10096  1028.0107  1028.0108     4.5672     0.1637     0.1321    33.9867    33.9868    8.41226         24 0.0000e+00
    138.000    136.527    -1.5810  27.021989    -1.5806  27.022112     6.4769     6.7072     0.5413    96.2600 1.0000e-12  -73.99954 -111.50244  42.226952      99.83 1.0653e+02    421.629      10120  1028.0162  1028.0160     4.5664     0.1362     0.1372    33.9875    33.9873    8.41269         24 0.0000e+00
    139.000    137.516    -1.5811  27.022456    -1.5808  27.022494     6.4819     6.7020     0.4446    96.3265 1.0000e-12  -73.99954 -111.50244  42.226963      99.82 1.0731e+02    422.621      10144  1028.0212  1028.0209     4.5696     0.1454     0.1339    33.9876    33.9874    8.41271         23 0.0000e+00
    140.000    138.507    -1.5822  27.022387    -1.5820  27.022416     6.4828     6.7022     0.6341    96.2715 1.0000e-12  -73.99954 -111.50244  42.226975      99.83 1.0754e+02    423.638      10168  1028.0264  1028.0263     4.5670     0.1398     0.1334    33.9882    33.9880    8.41293         25 0.0000e+00
    141.000    139.494    -1.5821  27.023045    -1.5818  27.023074     6.4849     6.7095     0.5126    96.2909 1.0000e-12  -73.99954 -111.50244  42.226987      99.83 1.0658e+02    424.647      10193  1028.0313  1028.0311     4.5680     0.1331     0.1372    33.9883    33.9881    8.41289         24 0.0000e+00
    142.000    140.483    -1.5818  27.023748    -1.5816  27.023728     6.4826     6.7107     0.5346    96.2966 1.0000e-12  -73.99954 -111.50244  42.226998      99.83 1.0631e+02    425.635      10216  1028.0361  1028.0359     4.5682     0.1456     0.1347    33.9883    33.9881    8.41282         23 0.0000e+00
    143.000    141.473    -1.5815  27.024869    -1.5814  27.024700     6.4874     6.7131     0.4325    96.0045 1.0000e-12  -73.99954 -111.50244  42.227010      99.83 1.0713e+02    426.639      10240  1028.0413  1028.0410     4.5544     0.1322     0.1378    33.9889    33.9885    8.41272         25 0.0000e+00
    144.000    142.461    -1.5808  27.026785    -1.5805  27.026765     6.4928     6.7139     0.6673    96.3311 1.0000e-12  -73.99954 -111.50244  42.227021      99.82 1.0622e+02    427.641      10264  1028.0471  1028.0467     4.5698     0.2077     0.1338    33.9901    33.9898    8.41249         24 0.0000e+00
    145.000    143.449    -1.5810  27.027229    -1.5808  27.027156     6.4871     6.7166     0.5029    96.3369 1.0000e-12  -73.99954 -111.50244  42.227033      99.83 1.0555e+02    428.619      10288  1028.0521  1028.0517     4.5701     0.1354     0.1390    33.9904    33.9900    8.41252         23 0.0000e+00
    146.000    144.440    -1.5814  27.027506    -1.5812  27.027413     6.4876     6.7157     0.3588    96.2703 1.0000e-12  -73.99954 -111.50244  42.227044      98.98 1.0754e+02    429.607      10312  1028.0570  1028.0567     4.5669     0.1261     0.1380    33.9905    33.9902    8.41260         24 0.0000e+00
    147.000    145.428    -1.5813  27.027963    -1.5811  27.027887     6.4894     6.7159     0.4779    96.2052 1.0000e-12  -73.99954 -111.50244  42.227055      95.92 1.0645e+02    430.593      10335  1028.0617  1028.0615     4.5639     0.1310     0.1377    33.9905    33.9902    8.41258         23 0.0000e+00
    148.000    146.418    -1.5814  27.028441    -1.5813  27.028314     6.4934     6.7176     0.6393    96.0905 1.0000e-12  -73.99954 -111.50244  42.227067      99.86 1.0444e+02    431.569      10359  1028.0667  1028.0664     4.5585     0.1264     0.1343    33.9906    33.9903    8.41260         24 0.0000e+00
    149.000    147.407    -1.5816  27.029013    -1.5813  27.028940     6.4861     6.7190     0.6041    96.2861 1.0000e-12  -73.99954 -111.50244  42.227078      99.83 1.0672e+02    432.560      10382  1028.0718  1028.0713     4.5676     0.1518     0.1388    33.9910    33.9905    8.41262         24 0.0000e+00
    150.000    148.395    -1.5815  27.029380    -1.5813  27.029402     6.4856     6.7194     0.5693    96.1463 1.0000e-12  -73.99954 -111.50244  42.227090      99.82 1.0562e+02    433.568      10407  1028.0763  1028.0762     4.5611     0.1596     0.1387    33.9907    33.9906    8.41261         24 0.0000e+00
    151.000    149.383    -1.5816  27.029948    -1.5813  27.029906     6.4880     6.7206     0.4703    96.0991 1.0000e-12  -73.99954 -111.50244  42.227101      99.83 1.0439e+02    434.556      10430  1028.0814  1028.0811     4.5588     0.1295     0.1379    33.9910    33.9907    8.41261         24 0.0000e+00
    152.000    150.373    -1.5820  27.030642    -1.5817  27.030507     6.4931     6.7213     0.3680    96.1842 1.0000e-12  -73.99954 -111.50244  42.227113      99.83 1.0712e+02    435.545      10454  1028.0868  1028.0864     4.5629     0.1287     0.1375    33.9918    33.9913    8.41266         24 0.0000e+00
    153.000    151.362    -1.5822  27.031054    -1.5820  27.030964     6.4906     6.7196     0.5440    96.1857 1.0000e-12  -73.99954 -111.50244  42.227124      99.83 1.0608e+02    436.555      10478  1028.0918  1028.0915     4.5629     0.1495     0.1385    33.9920    33.9917    8.41270         24 0.0000e+00
    154.000    152.350    -1.5821  27.031780    -1.5818  27.031788     6.4909     6.7159     0.3932    96.0636 1.0000e-12  -73.99954 -111.50244  42.227136      99.83 1.0378e+02    437.542      10502  1028.0968  1028.0965     4.5572     0.1463     0.1424    33.9923    33.9919    8.41266         23 0.0000e+00
    155.000    153.338    -1.5821  27.032477    -1.5819  27.032431     6.4839     6.7072     0.5022    96.1491 1.0000e-12  -73.99954 -111.50244  42.227147      99.83 1.0592e+02    438.519      10525  1028.1019  1028.1016     4.5611     0.1339     0.1400    33.9925    33.9923    8.41263         24 0.0000e+00
