ocean_section_plots/required_files/ctd/dnbp2202_ctd277.cnv
* Sea-Bird SBE 9 Data File:
* FileName = D:\Data\raw\NBP2202_CTD277.hex
* Software Version Seasave V 7.26.7.121
* Temperature SN = 1649
* Conductivity SN = 2513
* Number of Bytes Per Scan = 40
* Number of Voltage Words = 5
* Number of Scans Averaged by the Deck Unit = 1
* NMEA Latitude = 74 02.50 S
* NMEA Longitude = 116 09.27 W
* NMEA UTC (Time) = Feb 21 2022  06:08:41
* NMEA baud rate = 9600
** Ship: RVIB N.B. Palmer
** Cruise: NBP2202 Thwaites
** Station: 179
** Operator: B. Bjork
# nquan = 28
# nvalues = 1009                        
# units = specified
# name 0 = prDM: Pressure, Digiquartz [db]
# name 1 = depSM: Depth [salt water, m]
# name 2 = t090C: Temperature [ITS-90, deg C]
# name 3 = c0mS/cm: Conductivity [mS/cm]
# name 4 = t190C: Temperature, 2 [ITS-90, deg C]
# name 5 = c1mS/cm: Conductivity, 2 [mS/cm]
# name 6 = sbeox0ML/L: Oxygen, SBE 43 [ml/l]
# name 7 = sbeox1ML/L: Oxygen, SBE 43, 2 [ml/l]
# name 8 = flECO-AFL: Fluorescence, WET Labs ECO-AFL/FL [mg/m^3]
# name 9 = CStarTr0: Beam Transmission, WET Labs C-Star [%]
# name 10 = par: PAR/Irradiance, Biospherical/Licor
# name 11 = latitude: Latitude [deg]
# name 12 = longitude: Longitude [deg]
# name 13 = timeJ: Julian Days
# name 14 = altM: Altimeter [m]
# name 15 = spar: SPAR, Biospherical/Licor
# name 16 = timeS: Time, Elapsed [seconds]
# name 17 = scan: Scan Count
# name 18 = density00: Density [density, kg/m^3]
# name 19 = density11: Density, 2 [density, kg/m^3]
# name 20 = v3: Voltage 3
# name 21 = v4: Voltage 4
# name 22 = v5: Voltage 5
# name 23 = sal00: Salinity, Practical [PSU]
# name 24 = sal11: Salinity, Practical, 2 [PSU]
# name 25 = oxsolML/L: Oxygen Saturation, Garcia & Gordon [ml/l]
# name 26 = nbin: number of scans per bin
# name 27 = flag: flag
# span 0 =      2.000,   1010.000       
# span 1 =      1.983,    997.105       
# span 2 =    -1.8101,     0.5053       
# span 3 =  26.958914,  29.585677       
# span 4 =    -1.8094,     0.5077       
# span 5 =  26.959531,  29.586350       
# span 6 =     4.5039,     9.1089       
# span 7 =     4.6090,     9.4083       
# span 8 =    -0.0154,     9.0063       
# span 9 =    87.8052,    98.8379       
# span 10 = -2.594e-05, 8.8860e-01      
# span 11 =  -74.04178,  -74.04176      
# span 12 = -116.15462, -116.15458      
# span 13 =  52.258554,  52.271905      
# span 14 =       2.72,     100.83      
# span 15 = 1.4309e+01, 2.5680e+01      
# span 16 =    218.030,   1371.626      
# span 17 =       5234,      32920      
# span 18 =  1027.1420,  1032.4679      
# span 19 =  1027.1434,  1032.4663      
# span 20 =     4.1659,     4.6886      
# span 21 =     0.0643,     1.5013      
# span 22 =     0.1058,     0.2138      
# span 23 =    33.7387,    34.5570      
# span 24 =    33.7413,    34.5551      
# span 25 =    7.93029,    8.45942      
# span 26 =          6,         47      
# span 27 = 0.0000e+00, 0.0000e+00      
# interval = decibars: 1                
# start_time = Feb 21 2022 06:08:41 [NMEA time, header]
# bad_flag = -9.990e-29
*END*
      2.000      1.983    -0.7695  27.457319    -0.7719  27.456720     9.1037     8.7421     5.8121    91.8597 8.8860e-01  -74.04178 -116.15458  52.258554      99.70 1.5866e+01    218.030       5234  1027.1420  1027.1434     4.3580     0.9309     0.1636    33.7510    33.7528    8.24600         27 0.0000e+00
      3.000      2.969    -0.7716  27.456663    -0.7725  27.457485     9.0928     8.7584     4.9945    92.0822 7.1515e-01  -74.04178 -116.15458  52.258597      99.67 1.5866e+01    221.795       5324  1027.1476  1027.1493     4.3683     1.0502     0.1677    33.7519    33.7540    8.24641         43 0.0000e+00
      4.000      3.959    -0.7769  27.451766    -0.7765  27.454083     9.1089     8.7971     4.4813    91.3518 5.2338e-01  -74.04178 -116.15458  52.258628      74.22 1.5866e+01    224.437       5387  1027.1516  1027.1537     4.3336     1.0806     0.1569    33.7505    33.7532    8.24764         46 0.0000e+00
      5.000      4.948    -0.7851  27.444688    -0.7861  27.445256     9.1030     8.8845     4.4503    93.0648 3.9426e-01  -74.04178 -116.15458  52.258658      68.26 1.5866e+01    227.034       5450  1027.1560  1027.1576     4.4152     0.8302     0.1583    33.7495    33.7514    8.24950         40 0.0000e+00
      6.000      5.936    -0.7865  27.444236    -0.7881  27.444284     9.1035     8.9913     4.5049    92.8131 3.0603e-01  -74.04178 -116.15458  52.258687     100.83 1.5866e+01    229.576       5511  1027.1611  1027.1627     4.4029     1.0729     0.1621    33.7498    33.7517    8.24978         35 0.0000e+00
      7.000      6.927    -0.7896  27.440866    -0.7859  27.445484     9.1005     9.0934     4.7063    92.6991 2.4079e-01  -74.04178 -116.15458  52.258714      99.69 1.5866e+01    231.919       5567  1027.1646  1027.1661     4.3976     0.9495     0.1559    33.7481    33.7502    8.25056         44 0.0000e+00
      8.000      7.917    -0.8177  27.412101    -0.8179  27.413325     9.0797     9.2199     6.8013    91.8952 1.8936e-01  -74.04178 -116.15458  52.258741      99.69 1.5866e+01    234.245       5623  1027.1647  1027.1662     4.3591     0.9437     0.1516    33.7400    33.7419    8.25719         35 0.0000e+00
      9.000      8.907    -0.8363  27.396272    -0.8319  27.402722     9.0761     9.2902     5.2011    92.8199 1.4879e-01  -74.04178 -116.15458  52.258763      99.78 1.4897e+01    236.109       5668  1027.1694  1027.1722     4.4033     0.7342     0.1433    33.7387    33.7426    8.26135         38 0.0000e+00
     10.000      9.897    -0.8398  27.394257    -0.8392  27.396244     9.0793     9.3305     4.2822    91.4192 1.1154e-01  -74.04178 -116.15458  52.258782      99.68 1.5032e+01    237.780       5708  1027.1745  1027.1762     4.3370     1.0083     0.1568    33.7393    33.7413    8.26208         38 0.0000e+00
     11.000     10.885    -0.8352  27.398711    -0.8341  27.401752     9.0822     9.3499     5.6572    92.6246 8.6120e-02  -74.04178 -116.15458  52.258802      98.99 1.5810e+01    239.508       5749  1027.1791  1027.1814     4.3939     0.8538     0.1440    33.7395    33.7425    8.26105         39 0.0000e+00
     12.000     11.876    -0.8317  27.402834    -0.8344  27.401461     9.0925     9.3463     5.1507    91.0270 6.4139e-02  -74.04178 -116.15458  52.258823      99.80 1.4728e+01    241.346       5793  1027.1844  1027.1856     4.3183     0.7514     0.1544    33.7406    33.7418    8.26023         42 0.0000e+00
     13.000     12.865    -0.8165  27.416848    -0.8179  27.416546     9.0876     9.3489     5.6694    92.4253 4.6169e-02  -74.04178 -116.15458  52.258846      99.71 1.4988e+01    243.284       5840  1027.1892  1027.1902     4.3848     0.9220     0.1460    33.7420    33.7431    8.25682         36 0.0000e+00
     14.000     13.856    -0.8051  27.426827    -0.8079  27.425683     9.0859     9.3538     4.5553    93.0985 3.1337e-02  -74.04178 -116.15458  52.258871      99.70 1.5779e+01    245.436       5891  1027.1934  1027.1949     4.4166     0.9303     0.1577    33.7422    33.7437    8.25431         44 0.0000e+00
     15.000     14.844    -0.8059  27.427095    -0.8063  27.427920     9.0928     9.3505     5.2349    92.6258 1.8757e-02  -74.04178 -116.15458  52.258898      99.69 1.4746e+01    247.805       5948  1027.1989  1027.2001     4.3940     0.9636     0.1525    33.7428    33.7443    8.25445         39 0.0000e+00
     16.000     15.833    -0.8150  27.419607    -0.8126  27.423305     9.0870     9.3620     3.4514    93.0614 8.1776e-03  -74.04178 -116.15458  52.258925      99.76 1.5344e+01    250.082       6003  1027.2039  1027.2056     4.4147     0.7746     0.1492    33.7422    33.7445    8.25648         46 0.0000e+00
     17.000     16.824    -0.8214  27.414865    -0.8194  27.417881     9.0785     9.3580     5.5630    92.7617 7.6346e-04  -74.04178 -116.15458  52.258950      99.00 1.5859e+01    252.314       6057  1027.2091  1027.2104     4.4005     0.8624     0.1477    33.7423    33.7441    8.25786         39 0.0000e+00
     18.000     17.812    -0.8307  27.406478    -0.8259  27.411928     9.0859     9.3693     5.0462    93.6967 -2.594e-05  -74.04178 -116.15458  52.258975      97.52 1.5045e+01    254.467       6108  1027.2131  1027.2146     4.4444     0.8582     0.1638    33.7407    33.7428    8.26000         38 0.0000e+00
     19.000     18.802    -0.8058  27.431003    -0.8066  27.430867     9.0920     9.3610     4.6316    92.4483 1.0000e-12  -74.04178 -116.15458  52.258995      99.66 1.4436e+01    256.175       6149  1027.2201  1027.2208     4.3858     0.9067     0.1552    33.7455    33.7462    8.25426         39 0.0000e+00
     20.000     19.792    -0.7912  27.444038    -0.7920  27.443826     9.0933     9.3751     5.1198    92.4539 1.0000e-12  -74.04178 -116.15458  52.259015      99.71 1.5835e+01    257.903       6191  1027.2246  1027.2252     4.3862     0.8868     0.1528    33.7461    33.7468    8.25102         39 0.0000e+00
     21.000     20.782    -0.7942  27.442403    -0.7965  27.441998     9.0925     9.3727     5.6006    92.9023 1.0000e-12  -74.04178 -116.15459  52.259035      99.62 1.4677e+01    259.666       6233  1027.2302  1027.2320     4.4073     1.1262     0.1643    33.7467    33.7487    8.25165         43 0.0000e+00
     22.000     21.771    -0.7945  27.444077    -0.7941  27.445490     9.1003     9.3758     4.7387    91.9666 1.0000e-12  -74.04178 -116.15459  52.259056      99.68 1.4318e+01    261.416       6275  1027.2367  1027.2379     4.3629     0.9944     0.1495    33.7487    33.7502    8.25160         41 0.0000e+00
     23.000     22.761    -0.8020  27.437029    -0.8045  27.436035     9.0971     9.3869     4.9965    92.9234 1.0000e-12  -74.04178 -116.15458  52.259076      99.71 1.5197e+01    263.163       6317  1027.2406  1027.2420     4.4082     1.4114     0.1673    33.7470    33.7484    8.25335         40 0.0000e+00
     24.000     23.749    -0.8004  27.438642    -0.8015  27.438815     9.0964     9.3862     4.3256    92.2976 1.0000e-12  -74.04178 -116.15458  52.259096      99.64 1.4725e+01    264.890       6358  1027.2451  1027.2464     4.3786     1.0514     0.1565    33.7467    33.7482    8.25301         39 0.0000e+00
     25.000     24.740    -0.7881  27.451854    -0.7872  27.453028     9.0997     9.3958     3.1328    91.5284 1.0000e-12  -74.04178 -116.15458  52.259116      95.21 1.4309e+01    266.622       6400  1027.2520  1027.2524     4.3421     1.2054     0.1428    33.7503    33.7508    8.25012         42 0.0000e+00
     26.000     25.729    -0.7831  27.457392    -0.7841  27.457342     9.1071     9.4005     3.2931    92.5192 1.0000e-12  -74.04178 -116.15458  52.259136      99.76 1.4940e+01    268.374       6442  1027.2576  1027.2585     4.3893     0.8815     0.1720    33.7515    33.7526    8.24895         38 0.0000e+00
     27.000     26.720    -0.7817  27.459357    -0.7833  27.458785     9.0987     9.4031     6.0852    92.4477 1.0000e-12  -74.04178 -116.15458  52.259157      99.73 1.5092e+01    270.126       6484  1027.2627  1027.2636     4.3857     0.8657     0.1584    33.7519    33.7530    8.24860         41 0.0000e+00
     28.000     27.707    -0.7866  27.454408    -0.7872  27.455297     9.0985     9.3956     7.0198    91.9071 1.0000e-12  -74.04178 -116.15458  52.259177      99.67 1.4498e+01    271.850       6525  1027.2665  1027.2680     4.3601     1.0096     0.1531    33.7501    33.7520    8.24979         39 0.0000e+00
     29.000     28.698    -0.7927  27.448894    -0.7927  27.449964     9.0971     9.3909     6.0586    92.0278 1.0000e-12  -74.04178 -116.15458  52.259197      99.62 1.4865e+01    273.596       6567  1027.2707  1027.2718     4.3657     1.1160     0.1630    33.7489    33.7504    8.25120         37 0.0000e+00
     30.000     29.687    -0.7923  27.449708    -0.7931  27.449961     9.0935     9.3922     5.2754    92.1731 1.0000e-12  -74.04178 -116.15458  52.259217      99.63 1.4923e+01    275.383       6610  1027.2755  1027.2765     4.3727     1.0810     0.1668    33.7490    33.7501    8.25111         43 0.0000e+00
     31.000     30.676    -0.7930  27.449416    -0.7933  27.450119     9.0955     9.3943     3.1739    93.2725 1.0000e-12  -74.04178 -116.15458  52.259237      99.63 1.4328e+01    277.107       6652  1027.2801  1027.2812     4.4248     1.1319     0.1502    33.7487    33.7500    8.25128         38 0.0000e+00
     32.000     31.666    -0.7949  27.448271    -0.7939  27.449926     9.0890     9.3808     4.8181    90.9056 1.0000e-12  -74.04178 -116.15458  52.259257      99.50 1.4577e+01    278.796       6692  1027.2850  1027.2858     4.3126     0.9582     0.1600    33.7486    33.7497    8.25169         41 0.0000e+00
     33.000     32.656    -0.7889  27.454530    -0.7879  27.456409     9.0870     9.3876     4.5404    91.4802 1.0000e-12  -74.04178 -116.15458  52.259277      99.65 1.5229e+01    280.522       6734  1027.2903  1027.2914     4.3398     0.7860     0.1535    33.7498    33.7512    8.25031         41 0.0000e+00
     34.000     33.646    -0.7879  27.456030    -0.7879  27.456890     9.0914     9.4021     5.0811    92.2668 1.0000e-12  -74.04178 -116.15458  52.259297      99.68 1.4595e+01    282.243       6775  1027.2953  1027.2962     4.3770     1.0098     0.1534    33.7501    33.7513    8.25007         36 0.0000e+00
     35.000     34.635    -0.7810  27.463040    -0.7837  27.461103     9.0803     9.3776     6.0066    91.5398 1.0000e-12  -74.04178 -116.15458  52.259317      99.73 1.4588e+01    283.973       6816  1027.3006  1027.3011     4.3427     0.8401     0.1563    33.7512    33.7517    8.24850         40 0.0000e+00
     36.000     35.624    -0.7689  27.475903    -0.7595  27.485719     9.0982     9.3812     4.5211    92.1068 1.0000e-12  -74.04178 -116.15458  52.259338      99.69 1.5544e+01    285.762       6859  1027.3073  1027.3089     4.3694     0.9735     0.1385    33.7545    33.7573    8.24566         41 0.0000e+00
     37.000     36.614    -0.7698  27.475366    -0.7733  27.473669     9.0672     9.3980     4.0012    91.2003 1.0000e-12  -74.04178 -116.15458  52.259358      99.75 1.4874e+01    287.541       6902  1027.3121  1027.3135     4.3265     0.8206     0.1494    33.7542    33.7557    8.24588         37 0.0000e+00
     38.000     37.604    -0.7757  27.469887    -0.7756  27.471109     9.0839     9.4083     5.0332    90.4929 1.0000e-12  -74.04178 -116.15458  52.259378      99.66 1.4877e+01    289.215       6942  1027.3161  1027.3174     4.2930     1.0263     0.1504    33.7527    33.7543    8.24725         41 0.0000e+00
     39.000     38.593    -0.7503  27.496504    -0.7489  27.497866     9.0696     9.3811     6.7334    91.7234 1.0000e-12  -74.04178 -116.15458  52.259397      99.73 1.5692e+01    290.937       6983  1027.3248  1027.3250     4.3513     0.7269     0.1480    33.7597    33.7599    8.24129         43 0.0000e+00
     40.000     39.581    -0.7199  27.527657    -0.7221  27.525540     9.0746     9.3772     7.2309    92.2543 1.0000e-12  -74.04178 -116.15459  52.259418      88.95 1.5518e+01    292.737       7027  1027.3339  1027.3337     4.3766     1.0551     0.1570    33.7672    33.7668    8.23422         30 0.0000e+00
     41.000     40.571    -0.7162  27.531137    -0.7181  27.530274     9.0702     9.3715     7.8980    92.1380 1.0000e-12  -74.04177 -116.15459  52.259438      99.88 1.5274e+01    294.475       7068  1027.3387  1027.3396     4.3710     1.0257     0.1511    33.7671    33.7681    8.23342         36 0.0000e+00
     42.000     41.563    -0.7075  27.540901    -0.7054  27.542688     9.0602     9.3595     6.7083    91.7542 1.0000e-12  -74.04177 -116.15459  52.259458      99.77 1.5612e+01    296.157       7109  1027.3454  1027.3453     4.3528     0.7834     0.1555    33.7700    33.7700    8.23135         37 0.0000e+00
     43.000     42.551    -0.6748  27.573398    -0.6744  27.574282     9.0450     9.3507     4.5255    91.2190 1.0000e-12  -74.04177 -116.15459  52.259478      99.67 1.5857e+01    297.909       7151  1027.3537  1027.3543     4.3271     1.0225     0.1476    33.7767    33.7774    8.22384         39 0.0000e+00
     44.000     43.540    -0.6570  27.592187    -0.6563  27.592972     9.0277     9.3356     5.5621    92.0343 1.0000e-12  -74.04177 -116.15459  52.259499      99.65 1.5866e+01    299.678       7193  1027.3616  1027.3618     4.3660     1.0842     0.1891    33.7815    33.7818    8.21968         41 0.0000e+00
     45.000     44.530    -0.6513  27.598412    -0.6515  27.598546     9.0247     9.3325     5.0843    92.2133 1.0000e-12  -74.04177 -116.15459  52.259518      99.73 1.5866e+01    301.388       7234  1027.3675  1027.3679     4.3745     0.8439     0.1514    33.7829    33.7833    8.21835         39 0.0000e+00
     46.000     45.519    -0.6505  27.599485    -0.6502  27.600329     9.0342     9.3388     4.6882    91.0878 1.0000e-12  -74.04177 -116.15459  52.259538      99.77 1.5866e+01    303.086       7275  1027.3726  1027.3732     4.3212     0.7735     0.1666    33.7829    33.7837    8.21819         41 0.0000e+00
     47.000     46.508    -0.6414  27.609565    -0.6407  27.610320     9.0478     9.3400     8.8358    91.5564 1.0000e-12  -74.04176 -116.15460  52.259558      99.74 1.5866e+01    304.818       7317  1027.3792  1027.3794     4.3434     0.8824     0.1535    33.7857    33.7859    8.21604         41 0.0000e+00
     48.000     47.498    -0.6334  27.618128    -0.6331  27.618548     9.0414     9.3508     6.3746    91.6458 1.0000e-12  -74.04178 -116.15460  52.259580      97.63 1.5866e+01    306.681       7361  1027.3854  1027.3855     4.3477     0.8848     0.1478    33.7877    33.7879    8.21419         39 0.0000e+00
     49.000     48.487    -0.6200  27.632489    -0.6187  27.633804     9.0558     9.3573     8.7674    92.4398 1.0000e-12  -74.04178 -116.15460  52.259602      99.71 1.5866e+01    308.654       7409  1027.3926  1027.3928     4.3853     0.8729     0.1446    33.7915    33.7918    8.21106         44 0.0000e+00
     50.000     49.476    -0.6165  27.636523    -0.6159  27.637414     9.0546     9.3553     5.7444    91.7750 1.0000e-12  -74.04178 -116.15460  52.259626      99.76 1.5866e+01    310.706       7458  1027.3982  1027.3985     4.3535     0.8031     0.1579    33.7924    33.7929    8.21025         39 0.0000e+00
     51.000     50.466    -0.6142  27.639309    -0.6138  27.639786     9.0216     9.3440     7.5540    90.8983 1.0000e-12  -74.04178 -116.15460  52.259649      99.65 1.5866e+01    312.708       7506  1027.4035  1027.4036     4.3128     1.1147     0.1574    33.7930    33.7931    8.20972         38 0.0000e+00
     52.000     51.456    -0.6101  27.643811    -0.6097  27.644318     9.0100     9.3249     7.9311    92.1580 1.0000e-12  -74.04178 -116.15460  52.259673      99.65 1.5866e+01    314.712       7554  1027.4089  1027.4091     4.3720     1.1560     0.1452    33.7939    33.7941    8.20878         43 0.0000e+00
