ocean_section_plots/required_files/ctd/dnbp2202_ctd177.cnv
* Sea-Bird SBE 9 Data File:
* FileName = D:\Data\raw\NBP2202_CTD177.hex
* Software Version Seasave V 7.26.7.121
* Temperature SN = 1649
* Conductivity SN = 2513
* Number of Bytes Per Scan = 40
* Number of Voltage Words = 5
* Number of Scans Averaged by the Deck Unit = 1
* NMEA Latitude = 74 00.70 S
* NMEA Longitude = 111 15.75 W
* NMEA UTC (Time) = Feb 03 2022  21:49:47
* NMEA baud rate = 9600
** Ship: RVIB N.B. Palmer
** Cruise: NBP2202 Thwaites
** Station: 99
** Operator: A. Robinson
# nquan = 28
# nvalues = 610                         
# units = specified
# name 0 = prDM: Pressure, Digiquartz [db]
# name 1 = depSM: Depth [salt water, m]
# name 2 = t090C: Temperature [ITS-90, deg C]
# name 3 = c0mS/cm: Conductivity [mS/cm]
# name 4 = t190C: Temperature, 2 [ITS-90, deg C]
# name 5 = c1mS/cm: Conductivity, 2 [mS/cm]
# name 6 = sbeox0ML/L: Oxygen, SBE 43 [ml/l]
# name 7 = sbeox1ML/L: Oxygen, SBE 43, 2 [ml/l]
# name 8 = flECO-AFL: Fluorescence, WET Labs ECO-AFL/FL [mg/m^3]
# name 9 = CStarTr0: Beam Transmission, WET Labs C-Star [%]
# name 10 = par: PAR/Irradiance, Biospherical/Licor
# name 11 = latitude: Latitude [deg]
# name 12 = longitude: Longitude [deg]
# name 13 = timeJ: Julian Days
# name 14 = altM: Altimeter [m]
# name 15 = spar: SPAR, Biospherical/Licor
# name 16 = timeS: Time, Elapsed [seconds]
# name 17 = scan: Scan Count
# name 18 = density00: Density [density, kg/m^3]
# name 19 = density11: Density, 2 [density, kg/m^3]
# name 20 = v3: Voltage 3
# name 21 = v4: Voltage 4
# name 22 = v5: Voltage 5
# name 23 = sal00: Salinity, Practical [PSU]
# name 24 = sal11: Salinity, Practical, 2 [PSU]
# name 25 = oxsolML/L: Oxygen Saturation, Garcia & Gordon [ml/l]
# name 26 = nbin: number of scans per bin
# name 27 = flag: flag
# span 0 =      2.000,    611.000       
# span 1 =      1.967,    603.800       
# span 2 =    -1.5504,     0.3380       
# span 3 =  26.997590,  29.228131       
# span 4 =    -1.5509,     0.3403       
# span 5 =  26.998029,  29.227599       
# span 6 =     4.6567,     7.3735       
# span 7 =     4.7823,     7.4763       
# span 8 =    -0.0150,     5.2591       
# span 9 =    85.8260,    98.8611       
# span 10 = -7.872e-06, 1.0248e+03      
# span 11 =  -74.01176,  -74.01174      
# span 12 = -111.26256, -111.26250      
# span 13 =  34.912301,  34.920206      
# span 14 =       4.07,      99.88      
# span 15 = 1.7226e+03, 1.7376e+03      
# span 16 =    235.761,    918.753      
# span 17 =       5659,      22051      
# span 18 =  1027.1761,  1030.5762      
# span 19 =  1027.1809,  1030.5736      
# span 20 =     4.0717,     4.6898      
# span 21 =     0.0652,     0.9543      
# span 22 =     0.1134,     0.1537      
# span 23 =    33.7724,    34.5053      
# span 24 =    33.7770,    34.5026      
# span 25 =    7.96757,    8.40523      
# span 26 =          4,         44      
# span 27 = 0.0000e+00, 0.0000e+00      
# interval = decibars: 1                
# start_time = Feb 03 2022 21:49:47 [NMEA time, header]
# bad_flag = -9.990e-29
*END*
[from data line 259]
    261.000    258.137    -1.2948  27.386584    -1.2942  27.386473     6.1387     6.3145     0.0348    98.5122 1.0000e-12  -74.01176 -111.26254  34.915888      99.79 1.7337e+03    545.740      13099  1028.6756  1028.6748     4.6733     0.0800     0.1245    34.0872    34.0863    8.34239         24 0.0000e+00
    262.000    259.126    -1.2940  27.387939    -1.2932  27.387894     6.1385     6.3090     0.0631    98.4753 1.0000e-12  -74.01176 -111.26254  34.915900      99.79 1.7328e+03    546.729      13122  1028.6805  1028.6797     4.6716     0.0847     0.1218    34.0874    34.0865    8.34218         24 0.0000e+00
    263.000    260.115    -1.2938  27.388741    -1.2931  27.388529     6.1370     6.3114     0.0567    98.6034 1.0000e-12  -74.01176 -111.26254  34.915911      99.80 1.7334e+03    547.725      13146  1028.6856  1028.6846     4.6776     0.0799     0.1175    34.0877    34.0866    8.34213         24 0.0000e+00
    264.000    261.102    -1.2922  27.391261    -1.2915  27.390965     6.1346     6.3154     0.0570    98.6096 1.0000e-12  -74.01176 -111.26254  34.915923      99.79 1.7338e+03    548.716      13170  1028.6912  1028.6901     4.6779     0.0772     0.1232    34.0888    34.0876    8.34171         23 0.0000e+00
    265.000    262.093    -1.2914  27.392530    -1.2908  27.392286     6.1341     6.3144     0.0589    98.6181 1.0000e-12  -74.01176 -111.26254  34.915934      99.80 1.7327e+03    549.704      13194  1028.6961  1028.6952     4.6783     0.0781     0.1222    34.0890    34.0879    8.34152         24 0.0000e+00
    266.000    263.079    -1.2901  27.394571    -1.2895  27.394306     6.1357     6.3144     0.0456    98.5542 1.0000e-12  -74.01176 -111.26254  34.915946      99.79 1.7328e+03    550.695      13218  1028.7013  1028.7005     4.6753     0.0771     0.1270    34.0897    34.0886    8.34119         24 0.0000e+00
    267.000    264.068    -1.2892  27.396103    -1.2886  27.395772     6.1366     6.3051     0.0655    98.5728 1.0000e-12  -74.01176 -111.26254  34.915957      99.80 1.7332e+03    551.683      13241  1028.7065  1028.7055     4.6761     0.0769     0.1220    34.0901    34.0890    8.34096         24 0.0000e+00
    268.000    265.058    -1.2867  27.399607    -1.2839  27.401512     6.1269     6.3002     0.0366    98.6205 1.0000e-12  -74.01176 -111.26254  34.915968      99.79 1.7325e+03    552.662      13265  1028.7122  1028.7115     4.6784     0.0781     0.1209    34.0914    34.0909    8.34032         23 0.0000e+00
    269.000    266.046    -1.2821  27.404748    -1.2779  27.408368     6.1236     6.2971     0.0371    98.6299 1.0000e-12  -74.01176 -111.26254  34.915980      99.79 1.7327e+03    553.658      13289  1028.7177  1028.7176     4.6789     0.0792     0.1214    34.0927    34.0929    8.33923         24 0.0000e+00
    270.000    267.032    -1.2685  27.420728    -1.2664  27.421352     6.1185     6.2891     0.1353    98.6168 1.0000e-12  -74.01176 -111.26254  34.915991      99.80 1.7329e+03    554.654      13313  1028.7261  1028.7250     4.6782     0.0758     0.1194    34.0984    34.0970    8.33584         24 0.0000e+00
    271.000    268.022    -1.2657  27.423599    -1.2649  27.423426     6.1162     6.2889     0.0817    98.6026 1.0000e-12  -74.01176 -111.26254  34.916003      99.24 1.7326e+03    555.644      13336  1028.7310  1028.7301     4.6775     0.0777     0.1170    34.0986    34.0975    8.33520         23 0.0000e+00
    272.000    269.010    -1.2657  27.424096    -1.2647  27.424140     6.1187     6.2948     0.0407    98.5832 1.0000e-12  -74.01176 -111.26254  34.916014      98.50 1.7322e+03    556.638      13360  1028.7360  1028.7351     4.6766     0.0824     0.1180    34.0987    34.0977    8.33521         25 0.0000e+00
    273.000    269.995    -1.2645  27.426001    -1.2637  27.425924     6.1161     6.2916     0.0196    98.6134 1.0000e-12  -74.01176 -111.26254  34.916026      99.79 1.7333e+03    557.639      13384  1028.7412  1028.7404     4.6781     0.0760     0.1184    34.0993    34.0982    8.33490         24 0.0000e+00
    274.000    270.989    -1.2633  27.427538    -1.2622  27.427922     6.1126     6.2918     0.0143    98.6185 1.0000e-12  -74.01176 -111.26254  34.916037      99.80 1.7326e+03    558.622      13408  1028.7461  1028.7455     4.6783     0.0782     0.1198    34.0994    34.0987    8.33463         23 0.0000e+00
    275.000    271.976    -1.2635  27.427967    -1.2627  27.427827     6.1138     6.2922     0.0312    98.6472 1.0000e-12  -74.01176 -111.26254  34.916049      99.80 1.7322e+03    559.614      13432  1028.7511  1028.7501     4.6797     0.0771     0.1201    34.0996    34.0985    8.33466         24 0.0000e+00
    276.000    272.963    -1.2610  27.431289    -1.2606  27.430471     6.1136     6.2892     0.0472    98.6437 1.0000e-12  -74.01176 -111.26254  34.916060      99.79 1.7335e+03    560.600      13455  1028.7567  1028.7554     4.6795     0.0761     0.1211    34.1007    34.0992    8.33404         24 0.0000e+00
    277.000    273.952    -1.2596  27.433060    -1.2591  27.432651     6.1064     6.2813     0.0335    98.6476 1.0000e-12  -74.01176 -111.26254  34.916071      99.80 1.7324e+03    561.575      13479  1028.7616  1028.7606     4.6797     0.1027     0.1244    34.1010    34.0998    8.33372         23 0.0000e+00
    278.000    274.940    -1.2562  27.437605    -1.2561  27.436406     6.1014     6.2850     0.0208    98.6161 1.0000e-12  -74.01176 -111.26254  34.916083      99.80 1.7329e+03    562.553      13502  1028.7675  1028.7662     4.6782     0.0761     0.1203    34.1027    34.1009    8.33285         24 0.0000e+00
    279.000    275.928    -1.2523  27.442090    -1.2516  27.441807     6.1015     6.2849     0.0143    98.5883 1.0000e-12  -74.01176 -111.26254  34.916094      99.79 1.7324e+03    563.541      13526  1028.7731  1028.7721     4.6768     0.0737     0.1199    34.1038    34.1026    8.33192         23 0.0000e+00
    280.000    276.917    -1.2522  27.442689    -1.2516  27.442274     6.1058     6.2764     0.0216    98.6544 1.0000e-12  -74.01176 -111.26254  34.916106      99.79 1.7322e+03    564.520      13549  1028.7780  1028.7770     4.6800     0.0771     0.1211    34.1039    34.1026    8.33189         24 0.0000e+00
    281.000    277.905    -1.2513  27.444136    -1.2507  27.443800     6.1044     6.2776     0.0412    98.6247 1.0000e-12  -74.01176 -111.26254  34.916117      99.79 1.7326e+03    565.509      13573  1028.7830  1028.7820     4.6786     0.0765     0.1197    34.1042    34.1030    8.33168         24 0.0000e+00
    282.000    278.892    -1.2498  27.446486    -1.2490  27.446130     6.1060     6.2830     0.0273    98.5568 1.0000e-12  -74.01176 -111.26254  34.916128      99.80 1.7328e+03    566.501      13597  1028.7884  1028.7873     4.6754     0.0752     0.1202    34.1051    34.1037    8.33128         23 0.0000e+00
    283.000    279.882    -1.2467  27.450465    -1.2457  27.450231     6.1063     6.2752     0.0215    98.6553 1.0000e-12  -74.01176 -111.26254  34.916140      99.79 1.7324e+03    567.488      13621  1028.7941  1028.7929     4.6800     0.0764     0.1201    34.1064    34.1050    8.33051         24 0.0000e+00
    284.000    280.870    -1.2412  27.456918    -1.2400  27.457029     6.0961     6.2673     0.0100    98.6373 1.0000e-12  -74.01176 -111.26254  34.916151      88.57 1.7317e+03    568.477      13644  1028.8001  1028.7991     4.6792     0.0729     0.1340    34.1084    34.1072    8.32917         24 0.0000e+00
    285.000    281.859    -1.2372  27.461681    -1.2366  27.461266     6.0969     6.2714     0.0060    98.6447 1.0000e-12  -74.01176 -111.26254  34.916163      95.59 1.7327e+03    569.475      13668  1028.8059  1028.8048     4.6795     0.0768     0.1263    34.1098    34.1084    8.32821         24 0.0000e+00
    286.000    282.847    -1.2295  27.470766    -1.2284  27.470477     6.0969     6.2646     0.0166    98.6480 1.0000e-12  -74.01176 -111.26254  34.916174      99.75 1.7321e+03    570.469      13692  1028.8127  1028.8113     4.6797     0.0754     0.1202    34.1128    34.1111    8.32631         24 0.0000e+00
    287.000    283.835    -1.2238  27.477879    -1.2231  27.477514     6.0967     6.2691     0.0200    98.6431 1.0000e-12  -74.01176 -111.26254  34.916186      99.80 1.7312e+03    571.458      13716  1028.8192  1028.8182     4.6795     0.0820     0.1225    34.1154    34.1142    8.32488         23 0.0000e+00
    288.000    284.823    -1.2237  27.479066    -1.2228  27.478903     6.1040     6.2684     0.0149    98.6524 1.0000e-12  -74.01176 -111.26254  34.916197      99.80 1.7318e+03    572.447      13740  1028.8248  1028.8238     4.6799     0.0753     0.1180    34.1163    34.1151    8.32480         24 0.0000e+00
    289.000    285.811    -1.2256  27.478013    -1.2244  27.478217     6.1101     6.2809     0.0213    98.6512 1.0000e-12  -74.01176 -111.26254  34.916209      99.79 1.7324e+03    573.434      13763  1028.8300  1028.8289     4.6799     0.0729     0.1212    34.1165    34.1153    8.32523         24 0.0000e+00
    290.000    286.799    -1.2273  27.477045    -1.2266  27.476796     6.1110     6.2861     0.0077    98.6671 1.0000e-12  -74.01176 -111.26254  34.916220      99.80 1.7328e+03    574.422      13787  1028.8349  1028.8339     4.6806     0.0734     0.1224    34.1164    34.1153    8.32561         24 0.0000e+00
    291.000    287.788    -1.2321  27.473700    -1.2315  27.473383     6.1121     6.2897     0.0137    98.6521 1.0000e-12  -74.01176 -111.26254  34.916232      99.79 1.7318e+03    575.416      13811  1028.8402  1028.8394     4.6799     0.0732     0.1249    34.1166    34.1156    8.32665         23 0.0000e+00
    292.000    288.777    -1.2340  27.473317    -1.2334  27.472871     6.1174     6.2946     0.0323    98.6665 1.0000e-12  -74.01176 -111.26254  34.916243      99.80 1.7328e+03    576.414      13835  1028.8460  1028.8450     4.6806     0.0753     0.1198    34.1177    34.1165    8.32701         24 0.0000e+00
    293.000    289.764    -1.2314  27.476651    -1.2308  27.476250     6.1156     6.2913     0.0211    98.6434 1.0000e-12  -74.01176 -111.26254  34.916255      99.80 1.7324e+03    577.410      13859  1028.8514  1028.8504     4.6795     0.0738     0.1212    34.1187    34.1174    8.32639         24 0.0000e+00
    294.000    290.753    -1.2310  27.477883    -1.2303  27.477627     6.1155     6.2889     0.0143    98.6267 1.0000e-12  -74.01176 -111.26254  34.916266      99.80 1.7319e+03    578.415      13883  1028.8567  1028.8557     4.6787     0.0743     0.1204    34.1193    34.1181    8.32625         25 0.0000e+00
    295.000    291.741    -1.2300  27.479911    -1.2292  27.479621     6.1075     6.2887     0.0182    98.6615 1.0000e-12  -74.01176 -111.26254  34.916278      99.80 1.7318e+03    579.424      13907  1028.8622  1028.8612     4.6803     0.0720     0.1189    34.1203    34.1191    8.32597         24 0.0000e+00
    296.000    292.730    -1.2278  27.482919    -1.2270  27.482716     6.1150     6.2875     0.0186    98.5567 1.0000e-12  -74.01176 -111.26254  34.916290      99.80 1.7323e+03    580.428      13931  1028.8677  1028.8667     4.6754     0.0737     0.1221    34.1214    34.1202    8.32543         24 0.0000e+00
    297.000    293.717    -1.2262  27.485147    -1.2256  27.484777     6.1162     6.2842     0.0143    98.6430 1.0000e-12  -74.01176 -111.26254  34.916301      99.17 1.7316e+03    581.442      13956  1028.8729  1028.8719     4.6794     0.0743     0.1190    34.1219    34.1207    8.32503         24 0.0000e+00
    298.000    294.706    -1.2274  27.485197    -1.2270  27.484837     6.1198     6.2800     0.0163    98.6483 1.0000e-12  -74.01176 -111.26254  34.916313      96.75 1.7328e+03    582.455      13980  1028.8784  1028.8777     4.6797     0.0724     0.1197    34.1227    34.1218    8.32524         25 0.0000e+00
    299.000    295.694    -1.2303  27.483895    -1.2299  27.483511     6.1199     6.2829     0.0197    98.6543 1.0000e-12  -74.01176 -111.26254  34.916325      99.42 1.7327e+03    583.455      14004  1028.8842  1028.8834     4.6800     0.0748     0.1204    34.1237    34.1227    8.32584         24 0.0000e+00
    300.000    296.681    -1.2312  27.483763    -1.2307  27.483569     6.1146     6.2855     0.0144    98.6565 1.0000e-12  -74.01176 -111.26254  34.916336      99.79 1.7317e+03    584.454      14028  1028.8892  1028.8885     4.6801     0.0738     0.1208    34.1240    34.1230    8.32604         24 0.0000e+00
    301.000    297.671    -1.2303  27.485115    -1.2296  27.484984     6.1072     6.2803     0.0143    98.6633 1.0000e-12  -74.01176 -111.26254  34.916348      99.79 1.7326e+03    585.457      14052  1028.8941  1028.8932     4.6804     0.0732     0.1206    34.1241    34.1231    8.32582         23 0.0000e+00
    302.000    298.658    -1.2268  27.489173    -1.2259  27.489056     6.1086     6.2825     0.0285    98.6884 1.0000e-12  -74.01176 -111.26254  34.916359      99.80 1.7325e+03    586.453      14076  1028.8994  1028.8985     4.6816     0.0740     0.1197    34.1250    34.1239    8.32498         25 0.0000e+00
    303.000    299.647    -1.2244  27.492078    -1.2236  27.491700     6.1070     6.2829     0.0227    98.6825 1.0000e-12  -74.01176 -111.26254  34.916371      99.79 1.7315e+03    587.456      14100  1028.9045  1028.9034     4.6813     0.0757     0.1203    34.1256    34.1243    8.32440         24 0.0000e+00
    304.000    300.635    -1.2233  27.493686    -1.2225  27.493473     6.0950     6.2738     0.0219    98.6957 1.0000e-12  -74.01176 -111.26254  34.916383      99.79 1.7317e+03    588.456      14124  1028.9095  1028.9085     4.6819     0.0736     0.1183    34.1260    34.1248    8.32414         23 0.0000e+00
    305.000    301.624    -1.2180  27.499428    -1.2177  27.498625     6.0822     6.2600     0.0164    98.6854 1.0000e-12  -74.01176 -111.26254  34.916394      99.80 1.7327e+03    589.450      14148  1028.9149  1028.9138     4.6814     0.0737     0.1210    34.1272    34.1258    8.32289         24 0.0000e+00
    306.000    302.611    -1.2081  27.509814    -1.2077  27.508750     6.0752     6.2486     0.0143    98.7095 1.0000e-12  -74.01176 -111.26254  34.916406      99.80 1.7321e+03    590.451      14172  1028.9209  1028.9194     4.6825     0.0761     0.1183    34.1296    34.1277    8.32055         24 0.0000e+00
    307.000    303.600    -1.1977  27.519848    -1.1970  27.519326     6.0720     6.2447     0.0104    98.6750 1.0000e-12  -74.01176 -111.26254  34.916417      99.80 1.7314e+03    591.462      14196  1028.9261  1028.9249     4.6810     0.0720     0.1177    34.1309    34.1294    8.31817         25 0.0000e+00
    308.000    304.589    -1.1951  27.522818    -1.1942  27.522554     6.0679     6.2433     0.1055    98.6949 1.0000e-12  -74.01176 -111.26254  34.916429      99.79 1.7317e+03    592.463      14220  1028.9312  1028.9301     4.6819     0.0736     0.1195    34.1314    34.1300    8.31756         24 0.0000e+00
    309.000    305.576    -1.1929  27.525538    -1.1922  27.525070     6.0612     6.2394     0.1531    98.7037 1.0000e-12  -74.01176 -111.26254  34.916441      99.80 1.7318e+03    593.472      14244  1028.9364  1028.9352     4.6823     0.0738     0.1194    34.1319    34.1305    8.31703         24 0.0000e+00
    310.000    306.564    -1.1895  27.529327    -1.1886  27.529080     6.0618     6.2380     0.0078    98.7232 1.0000e-12  -74.01176 -111.26254  34.916452      99.80 1.7322e+03    594.486      14269  1028.9416  1028.9405     4.6833     0.0735     0.1154    34.1327    34.1313    8.31624         24 0.0000e+00
    311.000    307.552    -1.1876  27.531573    -1.1869  27.531309     6.0623     6.2348     0.0169    98.7031 1.0000e-12  -74.01176 -111.26254  34.916464      99.40 1.7318e+03    595.494      14293  1028.9466  1028.9456     4.6823     0.0740     0.1179    34.1330    34.1318    8.31580         25 0.0000e+00
