ocean_section_plots/required_files/ctd/dnbp2202_ctd050.cnv
* Sea-Bird SBE 9 Data File:
* FileName = D:\Data\raw\NBP2202_CTD050.hex
* Software Version Seasave V 7.26.7.121
* Temperature SN = 1649
* Conductivity SN = 2513
* Number of Bytes Per Scan = 40
* Number of Voltage Words = 5
* Number of Scans Averaged by the Deck Unit = 1
* NMEA Latitude = 74 13.19 S
* NMEA Longitude = 112 52.07 W
* NMEA UTC (Time) = Jan 24 2022  04:56:36
* NMEA baud rate = 9600
** Ship: RVIB N.B. Palmer
** Cruise: NBP2202 Thwaites
** Station: Section Dotson C
** Operator: B Bjork
# nquan = 25
# nvalues = 756                         
# units = specified
# name 0 = prDM: Pressure, Digiquartz [db]
# name 1 = depSM: Depth [salt water, m]
# name 2 = t090C: Temperature [ITS-90, deg C]
# name 3 = c0mS/cm: Conductivity [mS/cm]
# name 4 = t190C: Temperature, 2 [ITS-90, deg C]
# name 5 = c1mS/cm: Conductivity, 2 [mS/cm]
# name 6 = sbeox0ML/L: Oxygen, SBE 43 [ml/l]
# name 7 = sbeox1ML/L: Oxygen, SBE 43, 2 [ml/l]
# name 8 = flECO-AFL: Fluorescence, WET Labs ECO-AFL/FL [mg/m^3]
# name 9 = CStarTr0: Beam Transmission, WET Labs C-Star [%]
# name 10 = par: PAR/Irradiance, Biospherical/Licor
# name 11 = latitude: Latitude [deg]
# name 12 = longitude: Longitude [deg]
# name 13 = timeJ: Julian Days
# name 14 = altM: Altimeter [m]
# name 15 = spar: SPAR, Biospherical/Licor
# name 16 = timeS: Time, Elapsed [seconds]
# name 17 = scan: Scan Count
# name 18 = density00: Density [density, kg/m^3]
# name 19 = density11: Density, 2 [density, kg/m^3]
# name 20 = sal00: Salinity, Practical [PSU]
# name 21 = sal11: Salinity, Practical, 2 [PSU]
# name 22 = oxsolML/L: Oxygen Saturation, Garcia & Gordon [ml/l]
# name 23 = nbin: number of scans per bin
# name 24 = flag: flag
# span 0 =      2.000,    757.000       
# span 1 =      1.978,    747.809       
# span 2 =    -1.5054,     0.3451       
# span 3 =  27.123482,  29.282611       
# span 4 =    -1.5045,     0.3471       
# span 5 =  27.123082,  29.282188       
# span 6 =     4.6490,     8.3342       
# span 7 =     4.8602,     8.7247       
# span 8 =    -0.0195,    22.7958       
# span 9 =    69.3532,    96.4725       
# span 10 = -5.668e-05, 7.7994e+01      
# span 11 =  -74.21994,  -74.21994      
# span 12 = -112.86788, -112.86784      
# span 13 =  24.207278,  24.219476      
# span 14 =       5.01,     100.30      
# span 15 = 1.6689e+02, 2.0644e+02      
# span 16 =    112.856,   1166.754      
# span 17 =       2710,      28003      
# span 18 =  1027.1887,  1031.2428      
# span 19 =  1027.1903,  1031.2402      
# span 20 =    33.7949,    34.4842      
# span 21 =    33.7907,    34.4813      
# span 22 =    7.96730,    8.39380      
# span 23 =         11,         50      
# span 24 = 0.0000e+00, 0.0000e+00      
# interval = decibars: 1                
# start_time = Jan 24 2022 04:56:36 [NMEA time, header]
# bad_flag = -9.990e-29
*END*
[from data line 696]
    698.000    689.613     0.2802  29.178265     0.2825  29.178038     4.6689     4.8891    -0.0141    96.0743 1.0000e-12  -74.21994 -112.86784  24.217744      65.13 1.9739e+02   1017.079      24411  1030.9471  1030.9446    34.4534    34.4505    7.98244         35 0.0000e+00
    699.000    690.599     0.2818  29.180525     0.2840  29.180202     4.6679     4.8847    -0.0121    96.0779 1.0000e-12  -74.21994 -112.86784  24.217761      64.04 1.9744e+02   1018.538      24446  1030.9521  1030.9496    34.4540    34.4511    7.98207         35 0.0000e+00
    700.000    691.587     0.2822  29.181438     0.2845  29.181152     4.6686     4.8753    -0.0079    96.0713 1.0000e-12  -74.21994 -112.86784  24.217778      63.08 1.9744e+02   1019.995      24481  1030.9569  1030.9544    34.4541    34.4512    7.98198         35 0.0000e+00
    701.000    692.571     0.2831  29.182819     0.2850  29.182279     4.6677     4.8824    -0.0100    96.0743 1.0000e-12  -74.21994 -112.86784  24.217795      62.06 1.9769e+02   1021.463      24516  1030.9616  1030.9593    34.4543    34.4515    7.98177         35 0.0000e+00
    702.000    693.558     0.2830  29.183261     0.2853  29.182974     4.6707     4.8841    -0.0127    96.0902 1.0000e-12  -74.21994 -112.86784  24.217812      61.01 1.9790e+02   1022.959      24552  1030.9665  1030.9640    34.4544    34.4515    7.98178         38 0.0000e+00
    703.000    694.545     0.2845  29.185299     0.2863  29.184520     4.6663     4.8866    -0.0130    96.1059 1.0000e-12  -74.21994 -112.86785  24.217831      60.00 1.9808e+02   1024.633      24592  1030.9714  1030.9688    34.4549    34.4518    7.98146         36 0.0000e+00
    704.000    695.532     0.2871  29.188636     0.2896  29.188623     4.6638     4.8830    -0.0041    96.0855 1.0000e-12  -74.21994 -112.86785  24.217852      59.01 1.9832e+02   1026.407      24635  1030.9766  1030.9742    34.4558    34.4530    7.98087         40 0.0000e+00
    705.000    696.518     0.2883  29.190463     0.2903  29.189863     4.6659     4.8797    -0.0121    96.0912 1.0000e-12  -74.21994 -112.86786  24.217872      57.92 1.9867e+02   1028.170      24677  1030.9816  1030.9789    34.4563    34.4532    7.98060         40 0.0000e+00
    706.000    697.501     0.2901  29.192923     0.2922  29.192440     4.6614     4.8752    -0.0075    96.1065 1.0000e-12  -74.21994 -112.86786  24.217893      56.91 1.9923e+02   1029.978      24720  1030.9866  1030.9841    34.4569    34.4540    7.98019         36 0.0000e+00
    707.000    698.490     0.2927  29.196332     0.2947  29.195830     4.6557     4.8781    -0.0077    96.1095 1.0000e-12  -74.21994 -112.86786  24.217914      55.92 1.9921e+02   1031.792      24764  1030.9919  1030.9894    34.4579    34.4550    7.97959         36 0.0000e+00
    708.000    699.477     0.2949  29.199307     0.2969  29.198851     4.6565     4.8812    -0.0060    96.1193 1.0000e-12  -74.21994 -112.86786  24.217935      55.04 1.9921e+02   1033.582      24807  1030.9971  1030.9946    34.4588    34.4559    7.97909         43 0.0000e+00
    709.000    700.463     0.2985  29.204114     0.3004  29.203278     4.6593     4.8814    -0.0009    96.1041 1.0000e-12  -74.21994 -112.86786  24.217956      53.98 1.9921e+02   1035.388      24850  1031.0028  1031.0000    34.4604    34.4572    7.97824         36 0.0000e+00
    710.000    701.448     0.2997  29.205706     0.3016  29.205021     4.6568     4.8728    -0.0077    96.1080 1.0000e-12  -74.21994 -112.86786  24.217976      52.91 1.9921e+02   1037.160      24893  1031.0075  1031.0050    34.4606    34.4576    7.97798         36 0.0000e+00
    711.000    702.435     0.2997  29.206247     0.3019  29.205863     4.6603     4.8754    -0.0004    96.1080 1.0000e-12  -74.21994 -112.86786  24.217997      51.93 1.9921e+02   1038.944      24936  1031.0124  1031.0098    34.4608    34.4578    7.97798         41 0.0000e+00
    712.000    703.420     0.3001  29.207023     0.3020  29.206481     4.6618     4.8759    -0.0073    96.0992 1.0000e-12  -74.21994 -112.86786  24.218018      50.89 1.9921e+02   1040.747      24979  1031.0170  1031.0146    34.4607    34.4579    7.97789         37 0.0000e+00
    713.000    704.407     0.3000  29.207363     0.3020  29.206817     4.6618     4.8787    -0.0070    96.0841 1.0000e-12  -74.21994 -112.86786  24.218039      49.90 1.9953e+02   1042.543      25022  1031.0218  1031.0193    34.4607    34.4578    7.97792         39 0.0000e+00
    714.000    705.396     0.3000  29.207701     0.3021  29.207300     4.6610     4.8778    -0.0124    96.0988 1.0000e-12  -74.21994 -112.86786  24.218060      48.93 1.9982e+02   1044.365      25066  1031.0264  1031.0239    34.4606    34.4577    7.97793         35 0.0000e+00
    715.000    706.380     0.3000  29.208093     0.3022  29.207903     4.6606     4.8775    -0.0007    96.1078 1.0000e-12  -74.21994 -112.86786  24.218081      47.90 1.9970e+02   1046.174      25109  1031.0311  1031.0287    34.4606    34.4578    7.97794         40 0.0000e+00
    716.000    707.366     0.3001  29.208581     0.3022  29.208248     4.6643     4.8755    -0.0079    96.0713 1.0000e-12  -74.21994 -112.86786  24.218102      46.93 2.0003e+02   1047.979      25152  1031.0357  1031.0333    34.4605    34.4577    7.97792         36 0.0000e+00
    717.000    708.352     0.3006  29.209784     0.3036  29.210360     4.6608     4.8721    -0.0096    96.0867 1.0000e-12  -74.21994 -112.86786  24.218123      45.85 2.0086e+02   1049.793      25196  1031.0407  1031.0384    34.4609    34.4584    7.97778         39 0.0000e+00
    718.000    709.339     0.3022  29.212138     0.3043  29.211742     4.6638     4.8757    -0.0077    96.1190 1.0000e-12  -74.21994 -112.86786  24.218144      44.83 2.0097e+02   1051.606      25240  1031.0458  1031.0433    34.4616    34.4588    7.97741         37 0.0000e+00
    719.000    710.325     0.3014  29.211452     0.3035  29.211025     4.6582     4.8759    -0.0075    96.0933 1.0000e-12  -74.21994 -112.86786  24.218164      43.79 2.0097e+02   1053.410      25283  1031.0501  1031.0477    34.4610    34.4582    7.97761         42 0.0000e+00
    720.000    711.311     0.3014  29.212025     0.3039  29.211955     4.6624     4.8699    -0.0111    96.1030 1.0000e-12  -74.21994 -112.86786  24.218186      42.74 2.0097e+02   1055.248      25327  1031.0549  1031.0525    34.4612    34.4584    7.97759         36 0.0000e+00
    721.000    712.299     0.3009  29.211824     0.3032  29.211510     4.6612     4.8697    -0.0044    96.0694 1.0000e-12  -74.21994 -112.86786  24.218207      41.79 2.0097e+02   1057.070      25371  1031.0595  1031.0569    34.4610    34.4580    7.97772         41 0.0000e+00
    722.000    713.283     0.2995  29.210490     0.3015  29.209988     4.6570     4.8793    -0.0063    96.1107 1.0000e-12  -74.21994 -112.86786  24.218228      40.73 2.0097e+02   1058.924      25415  1031.0637  1031.0613    34.4602    34.4574    7.97805         42 0.0000e+00
    723.000    714.271     0.2999  29.211594     0.3029  29.212340     4.6609     4.8774    -0.0091    96.1166 1.0000e-12  -74.21994 -112.86786  24.218251      39.72 2.0097e+02   1060.849      25461  1031.0687  1031.0665    34.4606    34.4582    7.97795         44 0.0000e+00
    724.000    715.256     0.3066  29.220414     0.3086  29.219835     4.6602     4.8760    -0.0101    96.0937 1.0000e-12  -74.21994 -112.86786  24.218273      38.69 2.0097e+02   1062.827      25509  1031.0755  1031.0730    34.4641    34.4612    7.97637         39 0.0000e+00
    725.000    716.243     0.3086  29.223235     0.3106  29.222872     4.6612     4.8767    -0.0045    96.1134 1.0000e-12  -74.21994 -112.86786  24.218298      37.71 2.0097e+02   1064.981      25561  1031.0807  1031.0783    34.4650    34.4623    7.97591         48 0.0000e+00
    726.000    717.228     0.3100  29.225499     0.3122  29.225276     4.6588     4.8727    -0.0097    96.1246 1.0000e-12  -74.21994 -112.86786  24.218325      36.64 2.0097e+02   1067.275      25616  1031.0859  1031.0836    34.4658    34.4631    7.97557         50 0.0000e+00
    727.000    718.215     0.3104  29.226396     0.3125  29.226120     4.6618     4.8706    -0.0040    96.0777 1.0000e-12  -74.21994 -112.86786  24.218355      35.62 2.0097e+02   1069.879      25678  1031.0908  1031.0884    34.4660    34.4632    7.97548         45 0.0000e+00
    728.000    719.199     0.3107  29.227220     0.3128  29.226856     4.6595     4.8734    -0.0110    96.1178 1.0000e-12  -74.21994 -112.86786  24.218389      34.58 2.0097e+02   1072.768      25747  1031.0956  1031.0932    34.4661    34.4634    7.97540         32 0.0000e+00
    729.000    720.186     0.3110  29.227965     0.3131  29.227666     4.6585     4.8726    -0.0053    96.1330 1.0000e-12  -74.21994 -112.86786  24.218424      33.53 2.0131e+02   1075.803      25820  1031.1004  1031.0979    34.4662    34.4635    7.97534         34 0.0000e+00
    730.000    721.175     0.3129  29.231042     0.3152  29.230669     4.6567     4.8741    -0.0046    96.1216 1.0000e-12  -74.21994 -112.86786  24.218458      32.54 2.0187e+02   1078.746      25891  1031.1058  1031.1033    34.4675    34.4645    7.97486         40 0.0000e+00
    731.000    722.158     0.3159  29.235126     0.3180  29.234846     4.6582     4.8746    -0.0060    96.1397 1.0000e-12  -74.21994 -112.86786  24.218492      31.53 2.0273e+02   1081.737      25963  1031.1115  1031.1091    34.4690    34.4662    7.97417         39 0.0000e+00
    732.000    723.145     0.3185  29.239013     0.3207  29.238706     4.6550     4.8747    -0.0108    96.1507 1.0000e-12  -74.21994 -112.86786  24.218527      30.51 2.0273e+02   1084.702      26034  1031.1172  1031.1147    34.4706    34.4677    7.97354         36 0.0000e+00
    733.000    724.135     0.3201  29.241274     0.3221  29.240871     4.6580     4.8750    -0.0076    96.1652 1.0000e-12  -74.21994 -112.86785  24.218561      29.50 2.0273e+02   1087.658      26105  1031.1223  1031.1199    34.4712    34.4684    7.97318         34 0.0000e+00
    734.000    725.117     0.3224  29.244837     0.3247  29.244612     4.6586     4.8746    -0.0075    96.1384 1.0000e-12  -74.21994 -112.86785  24.218596      28.51 2.0273e+02   1090.666      26177  1031.1279  1031.1255    34.4727    34.4698    7.97261         35 0.0000e+00
    735.000    726.104     0.3253  29.248860     0.3274  29.248458     4.6580     4.8708    -0.0031    96.1808 1.0000e-12  -74.21994 -112.86785  24.218630      27.45 2.0273e+02   1093.646      26249  1031.1336  1031.1311    34.4741    34.4713    7.97194         42 0.0000e+00
    736.000    727.093     0.3256  29.249679     0.3278  29.249452     4.6573     4.8699    -0.0092    96.1763 1.0000e-12  -74.21994 -112.86785  24.218665      26.48 2.0273e+02   1096.623      26320  1031.1384  1031.1360    34.4743    34.4715    7.97187         35 0.0000e+00
    737.000    728.076     0.3271  29.251942     0.3292  29.251536     4.6576     4.8690    -0.0094    96.1959 1.0000e-12  -74.21994 -112.86784  24.218700      25.46 2.0298e+02   1099.653      26393  1031.1436  1031.1411    34.4751    34.4721    7.97152         43 0.0000e+00
    738.000    729.063     0.3292  29.255136     0.3316  29.255036     4.6564     4.8690     0.0006    96.2065 1.0000e-12  -74.21994 -112.86784  24.218734      24.46 2.0324e+02   1102.585      26463  1031.1491  1031.1467    34.4763    34.4735    7.97101         45 0.0000e+00
    739.000    730.049     0.3323  29.259325     0.3346  29.259402     4.6571     4.8622    -0.0061    96.1989 1.0000e-12  -74.21994 -112.86784  24.218761      23.49 2.0341e+02   1104.933      26519  1031.1546  1031.1524    34.4778    34.4752    7.97030         39 0.0000e+00
    740.000    731.037     0.3334  29.261269     0.3357  29.261093     4.6552     4.8657    -0.0036    96.2206 1.0000e-12  -74.21994 -112.86784  24.218786      22.45 2.0359e+02   1107.121      26572  1031.1598  1031.1574    34.4785    34.4757    7.97002         39 0.0000e+00
    741.000    732.020     0.3332  29.261383     0.3354  29.261105     4.6502     4.8674    -0.0151    96.2352 1.0000e-12  -74.21994 -112.86784  24.218812      21.44 2.0375e+02   1109.314      26625  1031.1644  1031.1620    34.4782    34.4755    7.97007         40 0.0000e+00
    742.000    733.007     0.3342  29.263208     0.3366  29.263002     4.6545     4.8682    -0.0069    96.2508 1.0000e-12  -74.21994 -112.86784  24.218837      20.45 2.0412e+02   1111.476      26676  1031.1695  1031.1670    34.4789    34.4761    7.96982         39 0.0000e+00
    743.000    733.994     0.3345  29.263906     0.3367  29.263626     4.6508     4.8678    -0.0040    96.2515 1.0000e-12  -74.21994 -112.86784  24.218862      19.44 2.0449e+02   1113.674      26729  1031.1742  1031.1718    34.4790    34.4761    7.96977         47 0.0000e+00
    744.000    734.980     0.3355  29.265518     0.3373  29.264758     4.6546     4.8684    -0.0069    96.2173 1.0000e-12  -74.21994 -112.86784  24.218887      18.42 2.0449e+02   1115.848      26781  1031.1792  1031.1766    34.4794    34.4764    7.96954         41 0.0000e+00
    745.000    735.964     0.3355  29.265927     0.3377  29.265734     4.6521     4.8692    -0.0096    96.2212 1.0000e-12  -74.21994 -112.86784  24.218912      17.37 2.0449e+02   1118.023      26834  1031.1838  1031.1815    34.4793    34.4766    7.96954         36 0.0000e+00
    746.000    736.951     0.3353  29.266162     0.3377  29.266064     4.6512     4.8692    -0.0079    96.2242 1.0000e-12  -74.21994 -112.86784  24.218952      16.36 2.0449e+02   1121.449      26916  1031.1885  1031.1861    34.4793    34.4764    7.96958         31 0.0000e+00
    747.000    737.939     0.3364  29.267922     0.3386  29.267571     4.6549     4.8701    -0.0077    96.2335 1.0000e-12  -74.21994 -112.86784  24.218984      15.33 2.0449e+02   1124.233      26983  1031.1935  1031.1911    34.4798    34.4769    7.96933         37 0.0000e+00
    748.000    738.925     0.3366  29.268516     0.3387  29.268237     4.6553     4.8660    -0.0099    96.2604 1.0000e-12  -74.21994 -112.86784  24.219014      14.33 2.0449e+02   1126.826      27045  1031.1982  1031.1959    34.4798    34.4771    7.96929         29 0.0000e+00
    749.000    739.910     0.3368  29.269258     0.3389  29.268810     4.6549     4.8675    -0.0051    96.2301 1.0000e-12  -74.21994 -112.86784  24.219044      13.29 2.0449e+02   1129.435      27107  1031.2030  1031.2005    34.4799    34.4771    7.96923         40 0.0000e+00
    750.000    740.894     0.3371  29.270045     0.3391  29.269641     4.6537     4.8665    -0.0094    96.2621 1.0000e-12  -74.21994 -112.86784  24.219075      12.27 2.0449e+02   1132.075      27171  1031.2077  1031.2053    34.4801    34.4773    7.96917         29 0.0000e+00
    751.000    741.884     0.3376  29.271097     0.3399  29.270876     4.6506     4.8691    -0.0107    96.2441 1.0000e-12  -74.21994 -112.86784  24.219105      11.29 2.0449e+02   1134.676      27233  1031.2126  1031.2102    34.4803    34.4775    7.96905         33 0.0000e+00
    752.000    742.869     0.3385  29.272788     0.3407  29.272442     4.6507     4.8687    -0.0087    96.2513 1.0000e-12  -74.21994 -112.86784  24.219135      10.26 2.0460e+02   1137.257      27295  1031.2176  1031.2152    34.4809    34.4781    7.96882         36 0.0000e+00
    753.000    743.854     0.3409  29.276209     0.3431  29.275773     4.6538     4.8649    -0.0106    96.2338 1.0000e-12  -74.21994 -112.86784  24.219165       9.24 2.0492e+02   1139.838      27357  1031.2230  1031.2206    34.4821    34.4792    7.96826         38 0.0000e+00
    754.000    744.839     0.3424  29.278506     0.3444  29.278027     4.6528     4.8647    -0.0071    96.2573 1.0000e-12  -74.21994 -112.86784  24.219196       8.21 2.0487e+02   1142.562      27422  1031.2283  1031.2259    34.4829    34.4801    7.96792         37 0.0000e+00
