ocean_section_plots/required_files/ctd/dnbp2202_ctd044.cnv
* Sea-Bird SBE 9 Data File:
* FileName = D:\Data\raw\NBP2202_CTD044.hex
* Software Version Seasave V 7.26.7.121
* Temperature SN = 1649
* Conductivity SN = 2513
* Number of Bytes Per Scan = 40
* Number of Voltage Words = 5
* Number of Scans Averaged by the Deck Unit = 1
* NMEA Latitude = 74 10.00 S
* NMEA Longitude = 113 18.01 W
* NMEA UTC (Time) = Jan 23 2022  22:11:25
* NMEA baud rate = 9600
** Ship: RVIB N.B. Palmer
** Cruise: NBP2202 Thwaites
** Station: 25
** Operator: A. Robinson
# nquan = 25
# nvalues = 658                         
# units = specified
# name 0 = prDM: Pressure, Digiquartz [db]
# name 1 = depSM: Depth [salt water, m]
# name 2 = t090C: Temperature [ITS-90, deg C]
# name 3 = c0mS/cm: Conductivity [mS/cm]
# name 4 = t190C: Temperature, 2 [ITS-90, deg C]
# name 5 = c1mS/cm: Conductivity, 2 [mS/cm]
# name 6 = sbeox0ML/L: Oxygen, SBE 43 [ml/l]
# name 7 = sbeox1ML/L: Oxygen, SBE 43, 2 [ml/l]
# name 8 = flECO-AFL: Fluorescence, WET Labs ECO-AFL/FL [mg/m^3]
# name 9 = CStarTr0: Beam Transmission, WET Labs C-Star [%]
# name 10 = par: PAR/Irradiance, Biospherical/Licor
# name 11 = latitude: Latitude [deg]
# name 12 = longitude: Longitude [deg]
# name 13 = timeJ: Julian Days
# name 14 = altM: Altimeter [m]
# name 15 = spar: SPAR, Biospherical/Licor
# name 16 = timeS: Time, Elapsed [seconds]
# name 17 = scan: Scan Count
# name 18 = density00: Density [density, kg/m^3]
# name 19 = density11: Density, 2 [density, kg/m^3]
# name 20 = sal00: Salinity, Practical [PSU]
# name 21 = sal11: Salinity, Practical, 2 [PSU]
# name 22 = oxsolML/L: Oxygen Saturation, Garcia & Gordon [ml/l]
# name 23 = nbin: number of scans per bin
# name 24 = flag: flag
# span 0 =      2.000,    659.000       
# span 1 =      1.975,    651.100       
# span 2 =    -1.5745,     0.1737       
# span 3 =  26.888112,  29.039061       
# span 4 =    -1.5742,     0.1744       
# span 5 =  26.887854,  29.037180       
# span 6 =     4.6890,     7.8400       
# span 7 =     4.9251,     8.2856       
# span 8 =    -0.0219,    17.3653       
# span 9 =    77.1220,    96.3374       
# span 10 = -1.108e-04, 2.4552e+02      
# span 11 =  -74.16672,  -74.16672      
# span 12 = -113.30030, -113.30028      
# span 13 =  23.926489,  23.938431      
# span 14 =      -3.81,     100.23      
# span 15 = 5.7957e+02, 6.0037e+02      
# span 16 =    163.665,   1195.387      
# span 17 =       3929,      28690      
# span 18 =  1027.1927,  1030.7391      
# span 19 =  1027.1930,  1030.7364      
# span 20 =    33.7942,    34.4122      
# span 21 =    33.7946,    34.4088      
# span 22 =    8.00686,    8.42101      
# span 23 =          2,         48      
# span 24 = 0.0000e+00, 0.0000e+00      
# interval = decibars: 1                
# start_time = Jan 23 2022 22:11:25 [NMEA time, header]
# bad_flag = -9.990e-29
*END*
[from data line 58]
     60.000     59.371    -1.4107  26.995249    -1.4139  26.992348     6.7214     7.1159     7.0760    83.9840 1.0000e-12  -74.16672 -113.30029  23.927899      99.51 5.8638e+02    285.490       6853  1027.4886  1027.4885    33.8059    33.8055    8.38508         44 0.0000e+00
     61.000     60.360    -1.4373  26.974123    -1.4374  26.975056     6.5969     7.0052     8.9294    85.9008 1.0000e-12  -74.16672 -113.30029  23.927922      99.53 5.8647e+02    287.470       6900  1027.4951  1027.4963    33.8062    33.8077    8.39104         43 0.0000e+00
     62.000     61.348    -1.4574  26.957838    -1.4577  26.957188     6.5737     6.9777     6.9718    87.1427 1.0000e-12  -74.16672 -113.30029  23.927945      99.60 5.8692e+02    289.466       6948  1027.5006  1027.5002    33.8060    33.8055    8.39560         39 0.0000e+00
     63.000     62.339    -1.4556  26.959558    -1.4575  26.957908     6.5826     6.9831     4.9202    87.5706 1.0000e-12  -74.16672 -113.30029  23.927969      99.61 5.8614e+02    291.477       6996  1027.5048  1027.5047    33.8057    33.8055    8.39522         43 0.0000e+00
     64.000     63.327    -1.4580  26.958303    -1.4576  26.958329     6.5869     6.9890     5.5064    86.8502 1.0000e-12  -74.16672 -113.30029  23.927991      99.62 5.8584e+02    293.457       7044  1027.5098  1027.5093    33.8060    33.8056    8.39573         37 0.0000e+00
     65.000     64.317    -1.4563  26.960206    -1.4548  26.961017     6.6408     7.0261     5.1904    86.5723 1.0000e-12  -74.16672 -113.30029  23.928015      97.62 5.8648e+02    295.489       7093  1027.5143  1027.5138    33.8061    33.8055    8.39534         46 0.0000e+00
     66.000     65.307    -1.4427  26.972039    -1.4405  26.973143     6.7032     7.0689     6.8052    86.8476 1.0000e-12  -74.16672 -113.30030  23.928038      99.57 5.8530e+02    297.486       7141  1027.5184  1027.5175    33.8063    33.8054    8.39225         44 0.0000e+00
     67.000     66.296    -1.4339  26.979789    -1.4338  26.979257     6.7236     7.0979     6.4920    86.5782 1.0000e-12  -74.16672 -113.30030  23.928062      99.62 5.8532e+02    299.525       7190  1027.5228  1027.5221    33.8065    33.8055    8.39027         42 0.0000e+00
     68.000     67.285    -1.4310  26.982485    -1.4322  26.980998     6.6767     7.0367     7.3557    87.7520 1.0000e-12  -74.16672 -113.30030  23.928085      99.66 5.8658e+02    301.531       7238  1027.5274  1027.5268    33.8063    33.8055    8.38963         40 0.0000e+00
     69.000     68.275    -1.4435  26.972533    -1.4495  26.968255     6.4985     6.8850     6.5464    86.7926 1.0000e-12  -74.16672 -113.30030  23.928108      99.58 5.8512e+02    303.531       7286  1027.5328  1027.5338    33.8061    33.8070    8.39246         44 0.0000e+00
     70.000     69.264    -1.4821  26.942301    -1.4814  26.942482     6.4345     6.8396     6.3720    87.5268 1.0000e-12  -74.16672 -113.30030  23.928131      99.63 5.8523e+02    305.541       7334  1027.5408  1027.5403    33.8075    33.8069    8.40108         38 0.0000e+00
     71.000     70.254    -1.4836  26.941211    -1.4834  26.941040     6.4506     6.8513     4.6999    87.6749 1.0000e-12  -74.16672 -113.30029  23.928154      96.52 5.8570e+02    307.495       7381  1027.5452  1027.5447    33.8071    33.8066    8.40146         33 0.0000e+00
     72.000     71.242    -1.4802  26.944627    -1.4788  26.944995     6.5107     6.8863     5.2144    88.1937 1.0000e-12  -74.16672 -113.30029  23.928177      99.54 5.8527e+02    309.499       7429  1027.5497  1027.5487    33.8072    33.8062    8.40066         42 0.0000e+00
     73.000     72.233    -1.4701  26.953156    -1.4699  26.952737     6.5527     6.9197     5.7748    88.2068 1.0000e-12  -74.16672 -113.30029  23.928200      99.63 5.8528e+02    311.516       7477  1027.5536  1027.5529    33.8070    33.8061    8.39840         38 0.0000e+00
     74.000     73.221    -1.4656  26.957508    -1.4641  26.957941     6.5727     6.9445     5.6035    89.3613 1.0000e-12  -74.16672 -113.30029  23.928224      99.68 5.8498e+02    313.537       7526  1027.5583  1027.5573    33.8073    33.8061    8.39737         47 0.0000e+00
     75.000     74.209    -1.4618  26.961086    -1.4595  26.962232     6.5578     6.9243     5.7314    88.6014 1.0000e-12  -74.16672 -113.30029  23.928247      99.70 5.8540e+02    315.548       7574  1027.5629  1027.5619    33.8073    33.8062    8.39652         44 0.0000e+00
     76.000     75.199    -1.4663  26.957306    -1.4715  26.953395     6.5007     6.8740     3.9841    88.3297 1.0000e-12  -74.16672 -113.30028  23.928270      99.75 5.8486e+02    317.543       7622  1027.5674  1027.5681    33.8065    33.8070    8.39758         35 0.0000e+00
     77.000     76.188    -1.4761  26.950331    -1.4759  26.949787     6.4920     6.8638     5.7642    87.8000 1.0000e-12  -74.16672 -113.30028  23.928294      99.61 5.8470e+02    319.572       7671  1027.5734  1027.5726    33.8073    33.8064    8.39973         37 0.0000e+00
     78.000     77.179    -1.4763  26.950777    -1.4757  26.950556     6.4506     6.8228     5.4399    88.4396 1.0000e-12  -74.16672 -113.30028  23.928317      98.26 5.8517e+02    321.570       7719  1027.5784  1027.5775    33.8076    33.8066    8.39977         40 0.0000e+00
     79.000     78.167    -1.4898  26.939685    -1.4923  26.937905     6.3770     6.7646     4.3951    87.8046 1.0000e-12  -74.16672 -113.30028  23.928340      99.65 5.8498e+02    323.548       7766  1027.5834  1027.5839    33.8070    33.8073    8.40286         40 0.0000e+00
     80.000     79.157    -1.5024  26.930004    -1.5014  26.930233     6.3428     6.7325     4.7103    89.0728 1.0000e-12  -74.16672 -113.30028  23.928363      99.74 5.8398e+02    325.555       7814  1027.5890  1027.5883    33.8072    33.8064    8.40568         41 0.0000e+00
     81.000     80.146    -1.5062  26.927923    -1.5059  26.927588     6.3687     6.7352     4.7478    87.7443 1.0000e-12  -74.16672 -113.30028  23.928386      99.79 5.8488e+02    327.567       7863  1027.5945  1027.5938    33.8080    33.8072    8.40649         48 0.0000e+00
     82.000     81.135    -1.4969  26.936068    -1.4972  26.934916     6.3859     6.7480     4.6458    89.4560 1.0000e-12  -74.16672 -113.30028  23.928409      99.73 5.8430e+02    329.563       7911  1027.5987  1027.5977    33.8082    33.8069    8.40440         45 0.0000e+00
     83.000     82.126    -1.5027  26.931908    -1.5042  26.930537     6.3516     6.7162     4.6913    88.9371 1.0000e-12  -74.16672 -113.30028  23.928433      99.73 5.8433e+02    331.575       7959  1027.6040  1027.6039    33.8083    33.8082    8.40568         39 0.0000e+00
     84.000     83.114    -1.5053  26.930653    -1.5065  26.929165     6.3232     6.6719     4.3562    89.2437 1.0000e-12  -74.16672 -113.30028  23.928456      99.73 5.8525e+02    333.568       8007  1027.6093  1027.6088    33.8089    33.8082    8.40624         41 0.0000e+00
     85.000     84.101    -1.5132  26.924734    -1.5169  26.921274     6.2847     6.6539     3.9021    90.0832 1.0000e-12  -74.16672 -113.30028  23.928479      99.60 5.8404e+02    335.602       8055  1027.6146  1027.6144    33.8090    33.8085    8.40801         46 0.0000e+00
     86.000     85.093    -1.5171  26.922032    -1.5189  26.919837     6.2951     6.6358     3.4129    91.0909 1.0000e-12  -74.16672 -113.30028  23.928502      99.78 5.8352e+02    337.616       8104  1027.6197  1027.6189    33.8092    33.8082    8.40890         38 0.0000e+00
     87.000     86.081    -1.5172  26.922579    -1.5222  26.918282     6.2413     6.5962     4.0009    89.4212 1.0000e-12  -74.16672 -113.30028  23.928526      99.76 5.8351e+02    339.632       8152  1027.6246  1027.6245    33.8094    33.8091    8.40891         45 0.0000e+00
     88.000     87.071    -1.5282  26.914571    -1.5290  26.913319     6.2399     6.6114     3.5590    89.9926 1.0000e-12  -74.16672 -113.30028  23.928550      99.80 5.8351e+02    341.687       8201  1027.6306  1027.6298    33.8102    33.8093    8.41135         38 0.0000e+00
     89.000     88.060    -1.5257  26.916897    -1.5237  26.917737     6.2442     6.6158     4.0199    90.5581 1.0000e-12  -74.16672 -113.30028  23.928574      99.80 5.8351e+02    343.758       8251  1027.6348  1027.6338    33.8099    33.8088    8.41080         40 0.0000e+00
     90.000     89.050    -1.5263  26.917033    -1.5253  26.917066     6.2318     6.5942     3.4999    90.6731 1.0000e-12  -74.16672 -113.30028  23.928598      99.78 5.8328e+02    345.830       8301  1027.6398  1027.6389    33.8101    33.8091    8.41092         41 0.0000e+00
     91.000     90.038    -1.5300  26.914536    -1.5302  26.913939     6.1977     6.5530     3.5915    90.6337 1.0000e-12  -74.16672 -113.30028  23.928622      97.97 5.8229e+02    347.904       8351  1027.6449  1027.6443    33.8103    33.8096    8.41176         48 0.0000e+00
     92.000     91.027    -1.5381  26.909199    -1.5390  26.908281     6.1423     6.4981     3.5892    91.8449 1.0000e-12  -74.16672 -113.30028  23.928645      99.74 5.8157e+02    349.941       8400  1027.6510  1027.6508    33.8114    33.8112    8.41351         46 0.0000e+00
     93.000     92.017    -1.5456  26.904559    -1.5461  26.903866     6.0561     6.4177     4.0895    91.2649 1.0000e-12  -74.16672 -113.30028  23.928668      99.79 5.8228e+02    351.939       8448  1027.6573  1027.6571    33.8129    33.8126    8.41512         41 0.0000e+00
     94.000     93.006    -1.5624  26.893144    -1.5620  26.893147     5.9865     6.3497     2.9253    91.4143 1.0000e-12  -74.16672 -113.30028  23.928691      99.81 5.8183e+02    353.865       8494  1027.6652  1027.6648    33.8156    33.8152    8.41878         45 0.0000e+00
     95.000     93.995    -1.5701  26.888727    -1.5699  26.888451     5.9533     6.3127     2.5513    91.7298 1.0000e-12  -74.16672 -113.30028  23.928713      99.82 5.8271e+02    355.844       8541  1027.6719  1027.6713    33.8176    33.8169    8.42040         43 0.0000e+00
     96.000     94.985    -1.5730  26.888112    -1.5723  26.887854     5.9338     6.2877     2.4789    92.0664 1.0000e-12  -74.16672 -113.30028  23.928736      99.83 5.8292e+02    357.816       8589  1027.6781  1027.6770    33.8194    33.8182    8.42094         42 0.0000e+00
     97.000     95.973    -1.5738  26.890421    -1.5730  26.889934     5.9196     6.2600     1.8877    93.0154 1.0000e-12  -74.16672 -113.30028  23.928758      99.82 5.8352e+02    359.709       8634  1027.6856  1027.6842    33.8229    33.8213    8.42092         40 0.0000e+00
     98.000     96.962    -1.5745  26.891117    -1.5742  26.890651     5.9183     6.2509     1.4573    92.7125 1.0000e-12  -74.16672 -113.30028  23.928781      98.52 5.8351e+02    361.656       8681  1027.6913  1027.6904    33.8240    33.8230    8.42101         41 0.0000e+00
     99.000     97.951    -1.5739  26.893575    -1.5738  26.892331     5.9032     6.2413     1.4966    93.2087 1.0000e-12  -74.16672 -113.30028  23.928804      99.85 5.8351e+02    363.641       8728  1027.6976  1027.6962    33.8261    33.8243    8.42075         41 0.0000e+00
    100.000     98.941    -1.5721  26.898035    -1.5715  26.898013     5.9024     6.2354     1.0452    93.6932 1.0000e-12  -74.16672 -113.30029  23.928827      99.83 5.8351e+02    365.655       8777  1027.7050  1027.7044    33.8295    33.8288    8.42012         35 0.0000e+00
    101.000     99.930    -1.5713  26.899584    -1.5708  26.899308     5.9000     6.2416     0.8017    93.6029 1.0000e-12  -74.16672 -113.30029  23.928851      99.83 5.8351e+02    367.688       8826  1027.7103  1027.7095    33.8302    33.8293    8.41991         42 0.0000e+00
    102.000    100.919    -1.5695  26.902947    -1.5694  26.901650     5.9059     6.2392     0.9150    94.1883 1.0000e-12  -74.16672 -113.30030  23.928874      99.76 5.8351e+02    369.739       8875  1027.7166  1027.7150    33.8322    33.8303    8.41939         43 0.0000e+00
    103.000    101.909    -1.5655  26.909523    -1.5651  26.908767     5.9019     6.2361     0.9120    94.0359 1.0000e-12  -74.16672 -113.30030  23.928897      99.84 5.8351e+02    371.714       8922  1027.7243  1027.7231    33.8361    33.8347    8.41824         44 0.0000e+00
    104.000    102.898    -1.5651  26.910496    -1.5642  26.910520     5.9100     6.2415     0.8244    94.3995 1.0000e-12  -74.16672 -113.30030  23.928920      99.38 5.8351e+02    373.689       8970  1027.7294  1027.7285    33.8364    33.8354    8.41814         40 0.0000e+00
    105.000    103.887    -1.5619  26.915086    -1.5605  26.915565     5.9181     6.2458     0.7535    94.7121 1.0000e-12  -74.16672 -113.30030  23.928943      99.84 5.8351e+02    375.657       9017  1027.7357  1027.7349    33.8385    33.8376    8.41729         35 0.0000e+00
    106.000    104.876    -1.5600  26.918309    -1.5590  26.918389     5.9133     6.2451     1.2025    94.3310 1.0000e-12  -74.16672 -113.30030  23.928965      99.85 5.8351e+02    377.600       9063  1027.7418  1027.7409    33.8402    33.8392    8.41676         40 0.0000e+00
    107.000    105.866    -1.5578  26.922174    -1.5569  26.921826     5.9191     6.2499     0.9340    94.5587 1.0000e-12  -74.16672 -113.30030  23.928988      99.85 5.8351e+02    379.586       9111  1027.7482  1027.7471    33.8423    33.8409    8.41612         32 0.0000e+00
    108.000    106.853    -1.5547  26.926956    -1.5543  26.926415     5.9230     6.2522     0.7171    94.5718 1.0000e-12  -74.16672 -113.30030  23.929010      99.84 5.8351e+02    381.480       9157  1027.7550  1027.7540    33.8449    33.8436    8.41528         41 0.0000e+00
    109.000    107.844    -1.5546  26.927639    -1.5539  26.927267     5.9196     6.2484     0.6098    94.7038 1.0000e-12  -74.16672 -113.30030  23.929030      99.83 5.8351e+02    383.185       9197  1027.7600  1027.7589    33.8450    33.8438    8.41524         40 0.0000e+00
    110.000    108.833    -1.5532  26.930530    -1.5523  26.930442     5.9218     6.2539     0.8991    94.7262 1.0000e-12  -74.16672 -113.30030  23.929049      99.83 5.8351e+02    384.849       9237  1027.7662  1027.7653    33.8468    33.8457    8.41482         36 0.0000e+00
    111.000    109.822    -1.5524  26.932132    -1.5518  26.931706     5.9301     6.2567     0.9708    94.6262 1.0000e-12  -74.16672 -113.30030  23.929068      92.51 5.8351e+02    386.435       9275  1027.7715  1027.7705    33.8475    33.8462    8.41459         36 0.0000e+00
    112.000    110.812    -1.5520  26.933066    -1.5514  26.932568     5.9460     6.2722     0.7685    94.9638 1.0000e-12  -74.16672 -113.30030  23.929085      99.89 5.8346e+02    387.925       9311  1027.7765  1027.7754    33.8477    33.8463    8.41449         35 0.0000e+00
    113.000    111.800    -1.5509  26.933991    -1.5505  26.933531     5.9554     6.2908     0.9534    94.6641 1.0000e-12  -74.16672 -113.30030  23.929101      99.84 5.8252e+02    389.357       9346  1027.7808  1027.7799    33.8471    33.8460    8.41428         34 0.0000e+00
    114.000    112.787    -1.5502  26.935226    -1.5496  26.934993     5.9587     6.2955     0.6653    94.7752 1.0000e-12  -74.16672 -113.30030  23.929117      99.85 5.8196e+02    390.746       9379  1027.7858  1027.7850    33.8474    33.8464    8.41410         32 0.0000e+00
    115.000    113.780    -1.5498  26.936530    -1.5494  26.935872     5.9648     6.2975     1.2825    94.4932 1.0000e-12  -74.16672 -113.30030  23.929133      99.84 5.8333e+02    392.114       9412  1027.7912  1027.7901    33.8482    33.8468    8.41398         31 0.0000e+00
    116.000    114.767    -1.5492  26.938224    -1.5487  26.937679     5.9676     6.3016     2.8424    94.1907 1.0000e-12  -74.16672 -113.30030  23.929148      99.85 5.8281e+02    393.396       9443  1027.7968  1027.7958    33.8492    33.8479    8.41377         30 0.0000e+00
