ocean_section_plots/required_files/ctd/dnbp2202_ctd256.cnv
* Sea-Bird SBE 9 Data File:
* FileName = D:\Data\raw\NBP2202_CTD256.hex
* Software Version Seasave V 7.26.7.121
* Temperature SN = 1649
* Conductivity SN = 2513
* Number of Bytes Per Scan = 40
* Number of Voltage Words = 5
* Number of Scans Averaged by the Deck Unit = 1
* NMEA Latitude = 74 02.92 S
* NMEA Longitude = 117 38.67 W
* NMEA UTC (Time) = Feb 15 2022  20:34:14
* NMEA baud rate = 9600
** Ship: RVIB N.B. Palmer
** Cruise: NBP2202 Thwaites
** Station: 164
** Operator: A. Robinson
# nquan = 28
# nvalues = 395                         
# units = specified
# name 0 = prDM: Pressure, Digiquartz [db]
# name 1 = depSM: Depth [salt water, m]
# name 2 = t090C: Temperature [ITS-90, deg C]
# name 3 = c0mS/cm: Conductivity [mS/cm]
# name 4 = t190C: Temperature, 2 [ITS-90, deg C]
# name 5 = c1mS/cm: Conductivity, 2 [mS/cm]
# name 6 = sbeox0ML/L: Oxygen, SBE 43 [ml/l]
# name 7 = sbeox1ML/L: Oxygen, SBE 43, 2 [ml/l]
# name 8 = flECO-AFL: Fluorescence, WET Labs ECO-AFL/FL [mg/m^3]
# name 9 = CStarTr0: Beam Transmission, WET Labs C-Star [%]
# name 10 = par: PAR/Irradiance, Biospherical/Licor
# name 11 = latitude: Latitude [deg]
# name 12 = longitude: Longitude [deg]
# name 13 = timeJ: Julian Days
# name 14 = altM: Altimeter [m]
# name 15 = spar: SPAR, Biospherical/Licor
# name 16 = timeS: Time, Elapsed [seconds]
# name 17 = scan: Scan Count
# name 18 = density00: Density [density, kg/m^3]
# name 19 = density11: Density, 2 [density, kg/m^3]
# name 20 = v3: Voltage 3
# name 21 = v4: Voltage 4
# name 22 = v5: Voltage 5
# name 23 = sal00: Salinity, Practical [PSU]
# name 24 = sal11: Salinity, Practical, 2 [PSU]
# name 25 = oxsolML/L: Oxygen Saturation, Garcia & Gordon [ml/l]
# name 26 = nbin: number of scans per bin
# name 27 = flag: flag
# span 0 =      2.000,    396.000       
# span 1 =      1.973,    391.529       
# span 2 =    -1.7542,    -0.2054       
# span 3 =  27.025492,  28.028297       
# span 4 =    -1.7534,    -0.2041       
# span 5 =  27.025290,  28.028085       
# span 6 =     6.3579,     9.0375       
# span 7 =     6.5193,     9.2691       
# span 8 =     0.4008,    11.1073       
# span 9 =    84.0168,    94.5119       
# span 10 = -4.485e-05, 4.2282e+02      
# span 11 =  -74.04876,  -74.04874      
# span 12 = -117.64460, -117.64458      
# span 13 =  46.859697,  46.865883      
# span 14 =       5.26,      99.99      
# span 15 = 8.7762e+02, 8.8689e+02      
# span 16 =    223.793,    758.298      
# span 17 =       5372,      18200      
# span 18 =  1027.1810,  1029.3630      
# span 19 =  1027.1803,  1029.3615      
# span 20 =     3.9859,     4.4835      
# span 21 =     0.1296,     1.8803      
# span 22 =     0.1246,     0.4101      
# span 23 =    33.8239,    34.1177      
# span 24 =    33.8236,    34.1158      
# span 25 =    8.11925,    8.44596      
# span 26 =         16,         75      
# span 27 = 0.0000e+00, 0.0000e+00      
# interval = decibars: 1                
# start_time = Feb 15 2022 20:34:14 [NMEA time, header]
# bad_flag = -9.990e-29
*END*
[from data line 208]
    210.000    207.722    -1.4891  27.133210    -1.4892  27.132856     7.1098     7.2989     0.7802    94.1016 1.0000e-12  -74.04876 -117.64458  46.863015      99.90 8.8542e+02    510.466      12252  1028.3630  1028.3626     4.4641     0.1774     0.1377    33.9914    33.9910    8.39170         24 0.0000e+00
    211.000    208.709    -1.4929  27.131549    -1.4925  27.131329     7.1018     7.2982     0.6314    93.8132 1.0000e-12  -74.04876 -117.64458  46.863026      95.16 8.8447e+02    511.466      12276  1028.3689  1028.3682     4.4504     0.1585     0.1362    33.9928    33.9919    8.39247         24 0.0000e+00
    212.000    209.701    -1.4949  27.130659    -1.4947  27.130472     7.0925     7.2910     0.5348    93.6120 1.0000e-12  -74.04876 -117.64458  46.863038      87.48 8.8592e+02    512.478      12300  1028.3740  1028.3736     4.4409     0.1855     0.1356    33.9932    33.9926    8.39290         24 0.0000e+00
    213.000    210.688    -1.4988  27.128716    -1.4998  27.127945     7.0796     7.2777     0.6665    93.6595 1.0000e-12  -74.04876 -117.64458  46.863050      98.40 8.8547e+02    513.486      12325  1028.3798  1028.3799     4.4431     0.1703     0.1378    33.9943    33.9943    8.39370         25 0.0000e+00
    214.000    211.677    -1.5045  27.125934    -1.5042  27.125697     7.0708     7.2643     0.7887    93.9492 1.0000e-12  -74.04876 -117.64458  46.863061      99.87 8.8453e+02    514.475      12348  1028.3865  1028.3859     4.4569     0.1470     0.1331    33.9964    33.9957    8.39487         23 0.0000e+00
    215.000    212.665    -1.5113  27.122155    -1.5110  27.122131     7.0571     7.2492     0.7812    94.0977 1.0000e-12  -74.04876 -117.64458  46.863073      99.91 8.8577e+02    515.471      12372  1028.3931  1028.3927     4.4639     0.1459     0.1332    33.9982    33.9978    8.39629         24 0.0000e+00
    216.000    213.655    -1.5218  27.116625    -1.5213  27.116547     7.0504     7.2366     0.7158    94.1225 1.0000e-12  -74.04876 -117.64458  46.863084      99.90 8.8589e+02    516.461      12396  1028.4014  1028.4009     4.4651     0.1993     0.1356    34.0019    34.0013    8.39844         23 0.0000e+00
    217.000    214.642    -1.5250  27.115119    -1.5250  27.114725     7.0396     7.2284     0.4162    94.1673 1.0000e-12  -74.04876 -117.64458  46.863095      99.90 8.8458e+02    517.420      12419  1028.4070  1028.4066     4.4672     0.1660     0.1393    34.0029    34.0024    8.39911         23 0.0000e+00
    218.000    215.632    -1.5265  27.114622    -1.5260  27.114570     7.0305     7.2179     0.7374    94.2761 1.0000e-12  -74.04876 -117.64458  46.863106      99.91 8.8535e+02    518.368      12442  1028.4121  1028.4115     4.4723     0.1976     0.1348    34.0033    34.0026    8.39942         23 0.0000e+00
    219.000    216.621    -1.5356  27.109862    -1.5355  27.109541     7.0270     7.2168     0.4576    93.8679 1.0000e-12  -74.04876 -117.64458  46.863117      99.90 8.8597e+02    519.337      12465  1028.4198  1028.4193     4.4532     0.1986     0.2086    34.0065    34.0059    8.40129         23 0.0000e+00
    220.000    217.608    -1.5377  27.109035    -1.5372  27.109034     7.0169     7.2125     0.4617    94.3074 1.0000e-12  -74.04874 -117.64458  46.863129      99.91 8.8440e+02    520.334      12489  1028.4251  1028.4246     4.4737     0.1606     0.1701    34.0071    34.0065    8.40172         25 0.0000e+00
    221.000    218.597    -1.5387  27.108794    -1.5383  27.108723     7.0108     7.2030     0.4956    94.3335 1.0000e-12  -74.04874 -117.64458  46.863141      99.91 8.8576e+02    521.343      12513  1028.4300  1028.4294     4.4751     0.1737     0.1451    34.0073    34.0067    8.40195         24 0.0000e+00
    222.000    219.586    -1.5429  27.106481    -1.5425  27.106449     7.0187     7.1975     0.6081    94.4163 1.0000e-12  -74.04874 -117.64458  46.863152      99.91 8.8689e+02    522.340      12537  1028.4357  1028.4352     4.4790     0.1314     0.1352    34.0083    34.0077    8.40284         23 0.0000e+00
    223.000    220.575    -1.5478  27.104007    -1.5475  27.103885     7.0116     7.1880     0.5684    94.2212 1.0000e-12  -74.04874 -117.64458  46.863163      99.91 8.8402e+02    523.301      12560  1028.4420  1028.4415     4.4698     0.1423     0.1339    34.0098    34.0092    8.40385         23 0.0000e+00
    224.000    221.563    -1.5500  27.103153    -1.5499  27.102858     7.0021     7.1811     0.5685    93.7037 1.0000e-12  -74.04874 -117.64458  46.863174      99.91 8.8481e+02    524.246      12583  1028.4473  1028.4468     4.4453     0.1414     0.1334    34.0105    34.0099    8.40430         23 0.0000e+00
    225.000    222.551    -1.5514  27.102909    -1.5507  27.102764     7.0017     7.1778     0.8901    93.3956 1.0000e-12  -74.04874 -117.64458  46.863185      96.54 8.8620e+02    525.209      12606  1028.4526  1028.4518     4.4309     0.2002     0.1392    34.0111    34.0101    8.40458         23 0.0000e+00
    226.000    223.540    -1.5529  27.102317    -1.5530  27.101682     6.9963     7.1720     0.6621    93.8753 1.0000e-12  -74.04874 -117.64458  46.863197      98.47 8.8525e+02    526.198      12630  1028.4576  1028.4570     4.4532     0.1882     0.1447    34.0114    34.0105    8.40491         24 0.0000e+00
    227.000    224.529    -1.5556  27.101239    -1.5542  27.101447     6.9877     7.1673     0.9028    94.1144 1.0000e-12  -74.04874 -117.64458  46.863208      99.92 8.8519e+02    527.194      12654  1028.4632  1028.4621     4.4647     0.1453     0.1384    34.0124    34.0111    8.40546         24 0.0000e+00
    228.000    225.517    -1.5583  27.100190    -1.5578  27.100047     6.9797     7.1626     0.5029    94.0685 1.0000e-12  -74.04874 -117.64458  46.863220      99.91 8.8630e+02    528.196      12678  1028.4689  1028.4682     4.4625     0.1610     0.1401    34.0133    34.0126    8.40600         24 0.0000e+00
    229.000    226.506    -1.5603  27.099199    -1.5600  27.099049     6.9676     7.1508     0.5620    94.1316 1.0000e-12  -74.04874 -117.64458  46.863231      99.89 8.8432e+02    529.179      12701  1028.4740  1028.4735     4.4655     0.2453     0.1349    34.0136    34.0131    8.40645         24 0.0000e+00
    230.000    227.495    -1.5701  27.093559    -1.5699  27.093384     6.9618     7.1409     0.5345    93.6968 1.0000e-12  -74.04874 -117.64458  46.863243      99.90 8.8443e+02    530.152      12725  1028.4816  1028.4811     4.4449     0.1997     0.1335    34.0164    34.0159    8.40851         23 0.0000e+00
    231.000    228.483    -1.5761  27.090408    -1.5758  27.090137     6.9510     7.1291     0.4977    93.7338 1.0000e-12  -74.04874 -117.64458  46.863254      99.91 8.8599e+02    531.140      12748  1028.4881  1028.4876     4.4468     0.1508     0.1359    34.0182    34.0176    8.40974         24 0.0000e+00
    232.000    229.471    -1.5829  27.086381    -1.5824  27.086464     6.9298     7.1179     0.6552    94.3360 1.0000e-12  -74.04874 -117.64458  46.863266      99.90 8.8511e+02    532.151      12773  1028.4945  1028.4941     4.4752     0.2037     0.1703    34.0198    34.0193    8.41119         24 0.0000e+00
    233.000    230.460    -1.5930  27.080495    -1.5928  27.080207     6.9231     7.1091     0.8114    94.2121 1.0000e-12  -74.04874 -117.64458  46.863277      99.91 8.8475e+02    533.150      12797  1028.5020  1028.5015     4.4694     0.1319     0.1350    34.0226    34.0219    8.41332         24 0.0000e+00
    234.000    231.448    -1.5962  27.078885    -1.5957  27.078816     6.9182     7.1021     0.7089    93.9111 1.0000e-12  -74.04874 -117.64458  46.863289      99.90 8.8621e+02    534.135      12820  1028.5076  1028.5069     4.4550     0.1930     0.1347    34.0234    34.0227    8.41400         23 0.0000e+00
    235.000    232.438    -1.6010  27.076313    -1.6007  27.076072     6.9062     7.0947     0.4712    94.1351 1.0000e-12  -74.04874 -117.64458  46.863300      99.91 8.8588e+02    535.105      12844  1028.5135  1028.5129     4.4657     0.1768     0.1351    34.0246    34.0240    8.41500         23 0.0000e+00
    236.000    233.425    -1.6034  27.075411    -1.6028  27.075294     6.9088     7.0914     0.4390    94.2413 1.0000e-12  -74.04874 -117.64458  46.863311      99.91 8.8353e+02    536.064      12867  1028.5190  1028.5183     4.4707     0.1657     0.1335    34.0256    34.0247    8.41550         23 0.0000e+00
    237.000    234.414    -1.6041  27.075509    -1.6036  27.075284     6.9071     7.0881     0.4622    94.2143 1.0000e-12  -74.04874 -117.64458  46.863322      99.91 8.8530e+02    537.040      12890  1028.5240  1028.5233     4.4695     0.1872     0.1329    34.0258    34.0249    8.41563         24 0.0000e+00
    238.000    235.403    -1.6042  27.075934    -1.6034  27.075859     6.9098     7.0890     0.8008    94.2158 1.0000e-12  -74.04874 -117.64458  46.863334      99.90 8.8563e+02    538.032      12914  1028.5287  1028.5279     4.4695     0.1534     0.1334    34.0259    34.0249    8.41565         24 0.0000e+00
    239.000    236.392    -1.6042  27.076342    -1.6038  27.076178     6.9068     7.0903     1.1314    94.0329 1.0000e-12  -74.04874 -117.64458  46.863345      95.13 8.8442e+02    539.011      12937  1028.5334  1028.5328     4.4609     0.1410     0.1335    34.0258    34.0251    8.41565         23 0.0000e+00
    240.000    237.380    -1.6048  27.076452    -1.6041  27.076388     6.9015     7.0851     0.8167    94.2927 1.0000e-12  -74.04874 -117.64458  46.863356      99.99 8.8630e+02    539.976      12960  1028.5383  1028.5375     4.4732     0.1797     0.1366    34.0260    34.0252    8.41578         23 0.0000e+00
    241.000    238.368    -1.6055  27.076536    -1.6047  27.076463     6.9040     7.0826     0.5167    94.3441 1.0000e-12  -74.04874 -117.64458  46.863368      99.90 8.8629e+02    540.948      12984  1028.5433  1028.5425     4.4756     0.1797     0.1344    34.0264    34.0254    8.41592         24 0.0000e+00
    242.000    239.356    -1.6052  27.077150    -1.6050  27.076820     6.8981     7.0786     0.6081    93.8296 1.0000e-12  -74.04874 -117.64458  46.863379      99.91 8.8410e+02    541.929      13007  1028.5479  1028.5474     4.4512     0.1626     0.1374    34.0263    34.0255    8.41586         24 0.0000e+00
    243.000    240.345    -1.6066  27.076749    -1.6057  27.076836     6.9002     7.0780     0.8646    94.2382 1.0000e-12  -74.04874 -117.64458  46.863390      99.90 8.8512e+02    542.913      13031  1028.5531  1028.5523     4.4706     0.1537     0.1352    34.0267    34.0257    8.41615         23 0.0000e+00
    244.000    241.334    -1.6089  27.075751    -1.6083  27.075683     6.8980     7.0778     0.8829    94.2351 1.0000e-12  -74.04874 -117.64458  46.863402      99.91 8.8630e+02    543.905      13055  1028.5584  1028.5578     4.4704     0.1618     0.1375    34.0272    34.0265    8.41663         24 0.0000e+00
    245.000    242.323    -1.6098  27.075693    -1.6089  27.075690     6.8923     7.0764     0.7469    93.9560 1.0000e-12  -74.04875 -117.64458  46.863413      99.91 8.8403e+02    544.881      13078  1028.5635  1028.5626     4.4572     0.1296     0.1997    34.0276    34.0266    8.41682         23 0.0000e+00
    246.000    243.311    -1.6109  27.075558    -1.6103  27.075336     6.8904     7.0737     0.6593    94.0041 1.0000e-12  -74.04875 -117.64458  46.863424      99.91 8.8518e+02    545.847      13101  1028.5686  1028.5678     4.4595     0.1347     0.1377    34.0280    34.0270    8.41704         24 0.0000e+00
    247.000    244.299    -1.6117  27.075447    -1.6109  27.075422     6.8957     7.0741     0.6583    93.1208 1.0000e-12  -74.04875 -117.64458  46.863436      99.91 8.8649e+02    546.838      13125  1028.5736  1028.5728     4.4176     0.1881     0.1329    34.0281    34.0272    8.41721         24 0.0000e+00
    248.000    245.288    -1.6124  27.075474    -1.6118  27.075268     6.8901     7.0702     0.6065    93.8283 1.0000e-12  -74.04875 -117.64458  46.863447      99.90 8.8427e+02    547.837      13149  1028.5786  1028.5777     4.4511     0.1866     0.1337    34.0284    34.0274    8.41737         23 0.0000e+00
    249.000    246.277    -1.6123  27.075998    -1.6118  27.075834     6.8939     7.0721     0.8186    94.1208 1.0000e-12  -74.04875 -117.64458  46.863459      99.91 8.8468e+02    548.828      13173  1028.5833  1028.5826     4.4650     0.1411     0.1383    34.0284    34.0275    8.41735         24 0.0000e+00
    250.000    247.263    -1.6128  27.076121    -1.6123  27.075807     6.8930     7.0714     0.6794    93.8730 1.0000e-12  -74.04875 -117.64458  46.863470      99.89 8.8585e+02    549.810      13196  1028.5882  1028.5873     4.4533     0.2905     0.1355    34.0285    34.0275    8.41745         24 0.0000e+00
    251.000    248.254    -1.6130  27.076529    -1.6125  27.076137     6.8897     7.0731     0.5940    94.1638 1.0000e-12  -74.04875 -117.64458  46.863481      49.15 8.8543e+02    550.788      13220  1028.5931  1028.5922     4.4671     0.1670     0.1359    34.0287    34.0276    8.41749         23 0.0000e+00
    252.000    249.242    -1.6139  27.076431    -1.6133  27.076224     6.8913     7.0579     0.6122    94.1291 1.0000e-12  -74.04875 -117.64458  46.863493      87.68 8.8490e+02    551.767      13243  1028.5980  1028.5973     4.4654     0.1371     0.1344    34.0289    34.0280    8.41766         24 0.0000e+00
    253.000    250.229    -1.6146  27.076423    -1.6143  27.075912     6.8830     7.0473     0.5602    93.7768 1.0000e-12  -74.04875 -117.64458  46.863504      99.73 8.8620e+02    552.756      13267  1028.6030  1028.6022     4.4487     0.1924     0.1372    34.0290    34.0281    8.41781         24 0.0000e+00
    254.000    251.218    -1.6174  27.075042    -1.6169  27.074936     6.8797     7.0453     0.5405    93.3193 1.0000e-12  -74.04875 -117.64458  46.863516      99.90 8.8505e+02    553.748      13291  1028.6085  1028.6079     4.4271     0.2286     0.1314    34.0298    34.0290    8.41842         23 0.0000e+00
    255.000    252.206    -1.6196  27.074218    -1.6191  27.073985     6.8797     7.0438     0.8304    94.2247 1.0000e-12  -74.04875 -117.64458  46.863527      99.90 8.8427e+02    554.718      13314  1028.6141  1028.6133     4.4697     0.1741     0.2646    34.0305    34.0296    8.41887         23 0.0000e+00
    256.000    253.196    -1.6200  27.074477    -1.6193  27.074221     6.8718     7.0475     0.4008    93.8879 1.0000e-12  -74.04875 -117.64458  46.863538      99.91 8.8545e+02    555.681      13337  1028.6189  1028.6180     4.4541     0.1704     0.1298    34.0306    34.0295    8.41895         23 0.0000e+00
    257.000    254.184    -1.6202  27.074655    -1.6196  27.074511     6.8675     7.0449     0.7386    94.0506 1.0000e-12  -74.04875 -117.64458  46.863549      99.91 8.8548e+02    556.646      13360  1028.6237  1028.6229     4.4617     0.1645     0.1388    34.0306    34.0297    8.41901         24 0.0000e+00
    258.000    255.172    -1.6207  27.074872    -1.6203  27.074551     6.8652     7.0450     0.5305    94.1591 1.0000e-12  -74.04875 -117.64458  46.863560      99.91 8.8361e+02    557.613      13384  1028.6286  1028.6279     4.4668     0.1462     0.1315    34.0307    34.0299    8.41910         23 0.0000e+00
    259.000    256.161    -1.6212  27.075109    -1.6205  27.074888     6.8622     7.0450     0.5033    93.9801 1.0000e-12  -74.04875 -117.64458  46.863572      99.90 8.8599e+02    558.602      13407  1028.6336  1028.6327     4.4583     0.1789     0.1508    34.0310    34.0299    8.41920         24 0.0000e+00
