ocean_section_plots/required_files/ctd/dnbp2202_ctd081.cnv
* Sea-Bird SBE 9 Data File:
* FileName = D:\Data\raw\NBP2202_CTD081.hex
* Software Version Seasave V 7.26.7.121
* Temperature SN = 1649
* Conductivity SN = 2513
* Number of Bytes Per Scan = 40
* Number of Voltage Words = 5
* Number of Scans Averaged by the Deck Unit = 1
* NMEA Latitude = 74 10.51 S
* NMEA Longitude = 113 20.67 W
* NMEA UTC (Time) = Jan 26 2022  17:39:01
* NMEA baud rate = 9600
** Ship: RVIB N.B. Palmer
** Cruise: NBP2202 Thwaites
** Station: YoYo001
** Operator: A. Robinson
# nquan = 25
# nvalues = 607                         
# units = specified
# name 0 = prDM: Pressure, Digiquartz [db]
# name 1 = depSM: Depth [salt water, m]
# name 2 = t090C: Temperature [ITS-90, deg C]
# name 3 = c0mS/cm: Conductivity [mS/cm]
# name 4 = t190C: Temperature, 2 [ITS-90, deg C]
# name 5 = c1mS/cm: Conductivity, 2 [mS/cm]
# name 6 = sbeox0ML/L: Oxygen, SBE 43 [ml/l]
# name 7 = sbeox1ML/L: Oxygen, SBE 43, 2 [ml/l]
# name 8 = flECO-AFL: Fluorescence, WET Labs ECO-AFL/FL [mg/m^3]
# name 9 = CStarTr0: Beam Transmission, WET Labs C-Star [%]
# name 10 = par: PAR/Irradiance, Biospherical/Licor
# name 11 = latitude: Latitude [deg]
# name 12 = longitude: Longitude [deg]
# name 13 = timeJ: Julian Days
# name 14 = altM: Altimeter [m]
# name 15 = spar: SPAR, Biospherical/Licor
# name 16 = timeS: Time, Elapsed [seconds]
# name 17 = scan: Scan Count
# name 18 = density00: Density [density, kg/m^3]
# name 19 = density11: Density, 2 [density, kg/m^3]
# name 20 = sal00: Salinity, Practical [PSU]
# name 21 = sal11: Salinity, Practical, 2 [PSU]
# name 22 = oxsolML/L: Oxygen Saturation, Garcia & Gordon [ml/l]
# name 23 = nbin: number of scans per bin
# name 24 = flag: flag
# span 0 =     10.000,    616.000       
# span 1 =      9.895,    608.719       
# span 2 =    -1.5488,     0.0869       
# span 3 =  26.945016,  28.920442       
# span 4 =    -1.5476,     0.0893       
# span 5 =  26.944862,  28.920706       
# span 6 =     4.7010,     8.5002       
# span 7 =     4.7874,     8.5026       
# span 8 =    -0.0226,    24.2660       
# span 9 =    69.9191,    95.7746       
# span 10 = 1.0000e-12, 6.2852e+01      
# span 11 =  -74.17530,  -74.17528      
# span 12 = -113.34462, -113.34458      
# span 13 =  26.735745,  26.744791      
# span 14 =       4.74,     100.01      
# span 15 = 1.6748e+03, 1.8971e+03      
# span 16 =     27.394,    808.928      
# span 17 =        658,      19415      
# span 18 =  1027.2275,  1030.5163      
# span 19 =  1027.2258,  1030.5142      
# span 20 =    33.7978,    34.3786      
# span 21 =    33.7954,    34.3762      
# span 22 =    8.02686,    8.40707      
# span 23 =          7,         54      
# span 24 = 0.0000e+00, 0.0000e+00      
# interval = decibars: 1                
# start_time = Jan 26 2022 17:39:01 [NMEA time, header]
# bad_flag = -9.990e-29
*END*
[from data line 116]
    126.000    124.658    -1.4960  26.999651    -1.4949  26.999242     5.5735     5.6959    -0.0098    95.5389 1.0000e-12  -74.17528 -113.34462  26.737917      92.27 1.8705e+03    214.993       5161  1027.8581  1027.8565    33.8674    33.8655    8.40066         27 0.0000e+00
    127.000    125.647    -1.4960  27.000148    -1.4948  26.999770     5.5809     5.6973     0.0161    95.5159 1.0000e-12  -74.17528 -113.34462  26.737930      95.73 1.8720e+03    216.171       5189  1027.8629  1027.8614    33.8674    33.8655    8.40064         29 0.0000e+00
    128.000    126.636    -1.4947  27.002240    -1.4935  27.002139     5.5851     5.6927     0.0302    95.5071 1.0000e-12  -74.17528 -113.34462  26.737944      99.87 1.8751e+03    217.375       5218  1027.8683  1027.8670    33.8682    33.8667    8.40031         29 0.0000e+00
    129.000    127.626    -1.4944  27.003645    -1.4933  27.003180     5.5871     5.6961    -0.0036    95.5363 1.0000e-12  -74.17528 -113.34462  26.737958      99.86 1.8751e+03    218.565       5247  1027.8738  1027.8723    33.8691    33.8673    8.40018         28 0.0000e+00
    130.000    128.614    -1.4937  27.004903    -1.4927  27.004479     5.5940     5.7090     0.0095    95.5116 1.0000e-12  -74.17529 -113.34462  26.737972      99.88 1.8726e+03    219.749       5275  1027.8789  1027.8774    33.8695    33.8677    8.40001         29 0.0000e+00
    131.000    129.603    -1.4939  27.006791    -1.4930  27.006308     5.6014     5.7139    -0.0066    95.4765 1.0000e-12  -74.17530 -113.34462  26.737985      99.87 1.8687e+03    220.937       5303  1027.8855  1027.8840    33.8717    33.8699    8.39992         28 0.0000e+00
    132.000    130.593    -1.4942  27.007726    -1.4931  27.007255     5.6143     5.7233    -0.0211    95.5230 1.0000e-12  -74.17530 -113.34462  26.737999      99.87 1.8636e+03    222.122       5332  1027.8912  1027.8896    33.8727    33.8708    8.39993         29 0.0000e+00
    133.000    131.581    -1.4954  27.008523    -1.4941  27.008261     5.6237     5.7363    -0.0096    95.5070 1.0000e-12  -74.17530 -113.34462  26.738013      99.87 1.8584e+03    223.302       5360  1027.8975  1027.8959    33.8745    33.8726    8.40009         28 0.0000e+00
    134.000    132.570    -1.4945  27.010777    -1.4936  27.010383     5.6284     5.7417     0.0215    95.5337 1.0000e-12  -74.17530 -113.34462  26.738026      99.87 1.8269e+03    224.486       5389  1027.9035  1027.9021    33.8760    33.8744    8.39980         28 0.0000e+00
    135.000    133.560    -1.4976  27.009676    -1.4964  27.009378     5.6448     5.7519    -0.0078    95.5289 1.0000e-12  -74.17530 -113.34462  26.738040      99.86 1.8118e+03    225.661       5417  1027.9095  1027.9081    33.8773    33.8756    8.40041         28 0.0000e+00
    136.000    134.549    -1.4987  27.009602    -1.4977  27.009343     5.6506     5.7555    -0.0059    95.4666 1.0000e-12  -74.17530 -113.34462  26.738054      99.87 1.8261e+03    226.826       5445  1027.9149  1027.9135    33.8779    33.8764    8.40064         28 0.0000e+00
    137.000    135.537    -1.4988  27.010543    -1.4978  27.010115     5.6547     5.7617     0.0092    95.5257 1.0000e-12  -74.17530 -113.34461  26.738067      95.34 1.7968e+03    227.998       5473  1027.9202  1027.9188    33.8787    33.8769    8.40061         29 0.0000e+00
    138.000    136.525    -1.4985  27.011862    -1.4974  27.011334     5.6662     5.7757     0.0113    95.5243 1.0000e-12  -74.17530 -113.34462  26.738081      99.37 1.8002e+03    229.173       5501  1027.9257  1027.9241    33.8794    33.8775    8.40048         28 0.0000e+00
    139.000    137.516    -1.4987  27.012792    -1.4977  27.012468     5.6901     5.7973     0.0176    95.5454 1.0000e-12  -74.17530 -113.34460  26.738094      99.87 1.8179e+03    230.348       5529  1027.9312  1027.9299    33.8803    33.8788    8.40047         28 0.0000e+00
    140.000    138.503    -1.5012  27.012218    -1.5000  27.011929     5.7117     5.8177     0.0231    95.5249 1.0000e-12  -74.17530 -113.34461  26.738108      99.86 1.8265e+03    231.541       5558  1027.9373  1027.9359    33.8818    33.8800    8.40095         29 0.0000e+00
    141.000    139.494    -1.5039  27.012452    -1.5028  27.012138     5.7264     5.8344     0.0198    95.5196 1.0000e-12  -74.17530 -113.34461  26.738122      99.87 1.8339e+03    232.747       5587  1027.9445  1027.9431    33.8846    33.8829    8.40141         29 0.0000e+00
    142.000    140.481    -1.5030  27.014409    -1.5019  27.014021     5.7378     5.8402     0.0480    95.5419 1.0000e-12  -74.17530 -113.34461  26.738136      99.86 1.8382e+03    233.920       5615  1027.9500  1027.9486    33.8856    33.8839    8.40113         27 0.0000e+00
    143.000    141.471    -1.5033  27.015029    -1.5022  27.014625     5.7399     5.8436     0.0764    95.4877 1.0000e-12  -74.17530 -113.34462  26.738149      99.87 1.8506e+03    235.082       5643  1027.9553  1027.9539    33.8862    33.8844    8.40117         29 0.0000e+00
    144.000    142.459    -1.5030  27.016089    -1.5020  27.015693     5.7363     5.8442     0.0438    95.5260 1.0000e-12  -74.17530 -113.34460  26.738162      99.87 1.8550e+03    236.232       5671  1027.9606  1027.9591    33.8867    33.8850    8.40108         27 0.0000e+00
    145.000    143.450    -1.5010  27.018622    -1.4998  27.018271     5.7312     5.8431     0.0379    95.4898 1.0000e-12  -74.17530 -113.34462  26.738175      99.87 1.8572e+03    237.363       5698  1027.9657  1027.9642    33.8873    33.8855    8.40059         27 0.0000e+00
    146.000    144.437    -1.5021  27.018469    -1.5010  27.018321     5.7273     5.8449     0.0403    95.4417 1.0000e-12  -74.17530 -113.34461  26.738189      99.87 1.8611e+03    238.534       5726  1027.9709  1027.9696    33.8877    33.8862    8.40081         29 0.0000e+00
    147.000    145.427    -1.5027  27.018812    -1.5013  27.018691     5.7292     5.8465     0.0613    95.4652 1.0000e-12  -74.17530 -113.34461  26.738203      99.87 1.8658e+03    239.740       5755  1027.9762  1027.9746    33.8882    33.8865    8.40091         29 0.0000e+00
    148.000    146.416    -1.5028  27.019481    -1.5018  27.019107     5.7228     5.8369     0.0723    95.4800 1.0000e-12  -74.17530 -113.34461  26.738217      88.33 1.8650e+03    240.926       5783  1027.9813  1027.9799    33.8887    33.8870    8.40092         28 0.0000e+00
    149.000    147.405    -1.4970  27.026323    -1.4955  27.026007     5.7134     5.8316     0.0735    95.4837 1.0000e-12  -74.17530 -113.34460  26.738230      99.72 1.8445e+03    242.099       5811  1027.9875  1027.9857    33.8909    33.8887    8.39947         27 0.0000e+00
    150.000    148.394    -1.4843  27.039943    -1.4831  27.039556     5.7114     5.8235     0.0792    95.4858 1.0000e-12  -74.17530 -113.34462  26.738244      99.88 1.8426e+03    243.264       5839  1027.9947  1027.9930    33.8947    33.8927    8.39638         29 0.0000e+00
    151.000    149.383    -1.4830  27.042165    -1.4820  27.041730     5.7227     5.8321     0.0637    95.4875 1.0000e-12  -74.17530 -113.34460  26.738257      99.87 1.8523e+03    244.413       5867  1028.0002  1027.9987    33.8956    33.8938    8.39602         27 0.0000e+00
    152.000    150.370    -1.4817  27.046692    -1.4806  27.046048     5.7461     5.8595     0.0463    95.4225 1.0000e-12  -74.17530 -113.34461  26.738271      99.86 1.8545e+03    245.575       5895  1028.0083  1028.0066    33.8997    33.8976    8.39548         28 0.0000e+00
    153.000    151.361    -1.4848  27.049765    -1.4836  27.049293     5.7853     5.8922     0.0366    95.4363 1.0000e-12  -74.17530 -113.34460  26.738284      99.87 1.8485e+03    246.753       5923  1028.0191  1028.0175    33.9068    33.9049    8.39575         28 0.0000e+00
    154.000    152.349    -1.4892  27.049911    -1.4881  27.049508     5.8086     5.9236     0.0695    95.2654 1.0000e-12  -74.17530 -113.34460  26.738298      99.87 1.8381e+03    247.919       5951  1028.0280  1028.0265    33.9114    33.9096    8.39647         28 0.0000e+00
    155.000    153.338    -1.4946  27.049834    -1.4933  27.049633     5.8203     5.9320     0.0239    95.4394 1.0000e-12  -74.17530 -113.34460  26.738311      99.86 1.8404e+03    249.082       5979  1028.0375  1028.0361    33.9169    33.9151    8.39737         29 0.0000e+00
    156.000    154.327    -1.4955  27.050972    -1.4943  27.050442     5.8246     5.9423     0.0111    95.4549 1.0000e-12  -74.17530 -113.34460  26.738325      99.87 1.8628e+03    250.240       6007  1028.0439  1028.0423    33.9188    33.9168    8.39746         27 0.0000e+00
    157.000    155.316    -1.4941  27.053113    -1.4929  27.052890     5.8261     5.9446     0.0205    95.5001 1.0000e-12  -74.17530 -113.34460  26.738338      99.87 1.8640e+03    251.388       6034  1028.0493  1028.0479    33.9196    33.9179    8.39711         28 0.0000e+00
    158.000    156.306    -1.4929  27.055302    -1.4918  27.054929     5.8557     5.9657     0.0253    95.5412 1.0000e-12  -74.17530 -113.34460  26.738351      99.87 1.8637e+03    252.525       6062  1028.0549  1028.0534    33.9207    33.9189    8.39677         27 0.0000e+00
    159.000    157.294    -1.4920  27.058148    -1.4910  27.057732     5.9159     6.0146     0.0331    95.5042 1.0000e-12  -74.17530 -113.34460  26.738364      76.73 1.8593e+03    253.686       6089  1028.0614  1028.0600    33.9229    33.9212    8.39643         28 0.0000e+00
    160.000    158.283    -1.4922  27.068685    -1.4911  27.068313     5.9934     6.0891     0.0171    95.5308 1.0000e-12  -74.17530 -113.34460  26.738378      90.19 1.8511e+03    254.855       6118  1028.0777  1028.0762    33.9370    33.9352    8.39562         28 0.0000e+00
    161.000    159.271    -1.4987  27.073072    -1.4982  27.072699     6.0617     6.1576     0.0072    95.5390 1.0000e-12  -74.17530 -113.34460  26.738391      99.81 1.8588e+03    256.014       6145  1028.0934  1028.0925    33.9499    33.9488    8.39634         28 0.0000e+00
    162.000    160.261    -1.5261  27.055947    -1.5232  27.057451     6.1082     6.2096     0.0069    95.5546 1.0000e-12  -74.17530 -113.34460  26.738405      99.87 1.8571e+03    257.181       6173  1028.1054  1028.1043    33.9568    33.9556    8.40211         28 0.0000e+00
    163.000    161.249    -1.5409  27.045625    -1.5399  27.045280     6.1214     6.2324     0.0492    95.5523 1.0000e-12  -74.17530 -113.34460  26.738418      99.87 1.8529e+03    258.332       6201  1028.1126  1028.1112    33.9588    33.9571    8.40534         27 0.0000e+00
    164.000    162.239    -1.5488  27.040138    -1.5476  27.040095     6.1238     6.2340     0.0745    95.5733 1.0000e-12  -74.17530 -113.34460  26.738431      99.87 1.8618e+03    259.459       6228  1028.1183  1028.1171    33.9595    33.9581    8.40707         27 0.0000e+00
    165.000    163.228    -1.5430  27.048382    -1.5417  27.047886     6.1155     6.2364     0.0552    95.5749 1.0000e-12  -74.17530 -113.34460  26.738444      99.87 1.8672e+03    260.595       6255  1028.1259  1028.1241    33.9637    33.9615    8.40551         28 0.0000e+00
    166.000    164.215    -1.5349  27.056936    -1.5341  27.056302     6.1107     6.2256     0.0617    95.5676 1.0000e-12  -74.17530 -113.34460  26.738458      99.87 1.8718e+03    261.742       6283  1028.1318  1028.1303    33.9657    33.9639    8.40357         27 0.0000e+00
    167.000    165.204    -1.5340  27.058587    -1.5330  27.058040     6.0955     6.2192     0.0336    95.6223 1.0000e-12  -74.17530 -113.34460  26.738471      99.87 1.8662e+03    262.887       6310  1028.1369  1028.1353    33.9663    33.9644    8.40332         28 0.0000e+00
    168.000    166.194    -1.5315  27.061975    -1.5298  27.062011     6.0771     6.2042     0.0743    95.6133 1.0000e-12  -74.17530 -113.34460  26.738484      99.87 1.8584e+03    264.045       6338  1028.1424  1028.1409    33.9675    33.9656    8.40268         27 0.0000e+00
    169.000    167.183    -1.5217  27.071753    -1.5211  27.070665     6.0722     6.2060     0.0276    95.6032 1.0000e-12  -74.17530 -113.34460  26.738498      99.87 1.8526e+03    265.207       6366  1028.1480  1028.1463    33.9692    33.9671    8.40037         28 0.0000e+00
    170.000    168.172    -1.5154  27.078155    -1.5152  27.076836     6.0770     6.2103     0.0515    95.6374 1.0000e-12  -74.17530 -113.34460  26.738511      99.87 1.8377e+03    266.339       6393  1028.1533  1028.1517    33.9703    33.9682    8.39888         27 0.0000e+00
    171.000    169.160    -1.5202  27.075534    -1.5190  27.075362     6.0690     6.2064     0.0186    95.6535 1.0000e-12  -74.17530 -113.34460  26.738524      99.80 1.8375e+03    267.467       6420  1028.1594  1028.1581    33.9715    33.9699    8.39989         27 0.0000e+00
    172.000    170.149    -1.5133  27.083133    -1.5135  27.081103     6.0645     6.1874     0.0293    95.6204 1.0000e-12  -74.17530 -113.34460  26.738537      99.82 1.8333e+03    268.604       6448  1028.1654  1028.1634    33.9735    33.9710    8.39822         27 0.0000e+00
    173.000    171.137    -1.5013  27.094934    -1.5004  27.094353     6.0503     6.1803     0.0155    95.6863 1.0000e-12  -74.17530 -113.34460  26.738550      99.87 1.8337e+03    269.731       6475  1028.1711  1028.1696    33.9755    33.9737    8.39539         28 0.0000e+00
    174.000    172.127    -1.4948  27.101371    -1.4932  27.101347     6.0369     6.1731     0.0318    95.6859 1.0000e-12  -74.17530 -113.34460  26.738563      99.87 1.8346e+03    270.867       6502  1028.1763  1028.1747    33.9764    33.9745    8.39387         27 0.0000e+00
    175.000    173.116    -1.4917  27.104705    -1.4906  27.104134     6.0337     6.1712     0.0187    95.6465 1.0000e-12  -74.17530 -113.34460  26.738577      99.87 1.8386e+03    272.025       6530  1028.1814  1028.1796    33.9769    33.9747    8.39315         28 0.0000e+00
    176.000    174.103    -1.4885  27.107722    -1.4877  27.107223     6.0330     6.1679     0.0143    95.6631 1.0000e-12  -74.17530 -113.34460  26.738590      99.87 1.8323e+03    273.181       6557  1028.1860  1028.1847    33.9767    33.9751    8.39242         28 0.0000e+00
    177.000    175.094    -1.4882  27.108459    -1.4866  27.108563     6.0332     6.1670     0.0107    95.6944 1.0000e-12  -74.17530 -113.34460  26.738603      99.87 1.8334e+03    274.332       6585  1028.1909  1028.1895    33.9768    33.9751    8.39236         27 0.0000e+00
    178.000    176.082    -1.4838  27.113152    -1.4829  27.112573     6.0196     6.1563     0.0107    95.6925 1.0000e-12  -74.17530 -113.34462  26.738617      99.87 1.8371e+03    275.471       6612  1028.1962  1028.1946    33.9776    33.9757    8.39131         27 0.0000e+00
    179.000    177.071    -1.4782  27.119243    -1.4779  27.118032     6.0085     6.1485     0.0102    95.6753 1.0000e-12  -74.17530 -113.34461  26.738630      99.87 1.8263e+03    276.589       6639  1028.2019  1028.2002    33.9791    33.9770    8.38997         27 0.0000e+00
    180.000    178.060    -1.4611  27.135598    -1.4631  27.132078     6.0071     6.1372     0.0069    95.6552 1.0000e-12  -74.17530 -113.34461  26.738643      99.87 1.8115e+03    277.713       6666  1028.2077  1028.2058    33.9815    33.9789    8.38597         27 0.0000e+00
    181.000    179.048    -1.4620  27.135281    -1.4632  27.132567     5.9976     6.1231     0.0069    95.6772 1.0000e-12  -74.17530 -113.34461  26.738656      99.87 1.8147e+03    278.865       6694  1028.2126  1028.2108    33.9814    33.9790    8.38616         28 0.0000e+00
    182.000    180.035    -1.4544  27.142672    -1.4528  27.142579     5.9783     6.1155     0.0066    95.6687 1.0000e-12  -74.17530 -113.34461  26.738669      86.73 1.8148e+03    280.021       6722  1028.2178  1028.2162    33.9824    33.9805    8.38440         28 0.0000e+00
