ocean_section_plots/required_files/ctd/dnbp2202_ctd257.cnv
* Sea-Bird SBE 9 Data File:
* FileName = D:\Data\raw\NBP2202_CTD257.hex
* Software Version Seasave V 7.26.7.121
* Temperature SN = 1649
* Conductivity SN = 2513
* Number of Bytes Per Scan = 40
* Number of Voltage Words = 5
* Number of Scans Averaged by the Deck Unit = 1
* NMEA Latitude = 74 03.21 S
* NMEA Longitude = 117 33.45 W
* NMEA UTC (Time) = Feb 15 2022  21:23:53
* NMEA baud rate = 9600
** Ship: RVIB N.B. Palmer
** Cruise: NBP2202 Thwaites
** Station: 165
** Operator: A. Robinson
# nquan = 28
# nvalues = 313                         
# units = specified
# name 0 = prDM: Pressure, Digiquartz [db]
# name 1 = depSM: Depth [salt water, m]
# name 2 = t090C: Temperature [ITS-90, deg C]
# name 3 = c0mS/cm: Conductivity [mS/cm]
# name 4 = t190C: Temperature, 2 [ITS-90, deg C]
# name 5 = c1mS/cm: Conductivity, 2 [mS/cm]
# name 6 = sbeox0ML/L: Oxygen, SBE 43 [ml/l]
# name 7 = sbeox1ML/L: Oxygen, SBE 43, 2 [ml/l]
# name 8 = flECO-AFL: Fluorescence, WET Labs ECO-AFL/FL [mg/m^3]
# name 9 = CStarTr0: Beam Transmission, WET Labs C-Star [%]
# name 10 = par: PAR/Irradiance, Biospherical/Licor
# name 11 = latitude: Latitude [deg]
# name 12 = longitude: Longitude [deg]
# name 13 = timeJ: Julian Days
# name 14 = altM: Altimeter [m]
# name 15 = spar: SPAR, Biospherical/Licor
# name 16 = timeS: Time, Elapsed [seconds]
# name 17 = scan: Scan Count
# name 18 = density00: Density [density, kg/m^3]
# name 19 = density11: Density, 2 [density, kg/m^3]
# name 20 = v3: Voltage 3
# name 21 = v4: Voltage 4
# name 22 = v5: Voltage 5
# name 23 = sal00: Salinity, Practical [PSU]
# name 24 = sal11: Salinity, Practical, 2 [PSU]
# name 25 = oxsolML/L: Oxygen Saturation, Garcia & Gordon [ml/l]
# name 26 = nbin: number of scans per bin
# name 27 = flag: flag
# span 0 =      2.000,    314.000       
# span 1 =      1.978,    310.519       
# span 2 =    -1.7318,    -0.2076       
# span 3 =  27.041470,  28.037018       
# span 4 =    -1.7310,    -0.2067       
# span 5 =  27.041229,  28.036880       
# span 6 =     6.3786,     9.0254       
# span 7 =     6.5389,     9.2427       
# span 8 =     0.3964,    13.4819       
# span 9 =    84.2225,    94.5391       
# span 10 = 1.0000e-12, 3.4723e+02      
# span 11 =  -74.05366,  -74.05366      
# span 12 = -117.55756, -117.55752      
# span 13 =  46.894041,  46.898939      
# span 14 =       4.37,     100.02      
# span 15 = 7.3865e+02, 7.4570e+02      
# span 16 =    212.119,    635.363      
# span 17 =       5092,      15250      
# span 18 =  1027.1766,  1028.9503      
# span 19 =  1027.1781,  1028.9488      
# span 20 =     3.9956,     4.4848      
# span 21 =     0.1165,     1.8564      
# span 22 =     0.1281,     0.2103      
# span 23 =    33.8219,    34.0917      
# span 24 =    33.8236,    34.0899      
# span 25 =    8.11948,    8.44074      
# span 26 =         20,         47      
# span 27 = 0.0000e+00, 0.0000e+00      
# interval = decibars: 1                
# start_time = Feb 15 2022 21:23:53 [NMEA time, header]
# bad_flag = -9.990e-29
*END*
[from data line 52]
     54.000     53.434    -0.2118  28.006097    -0.2115  28.006038     8.8599     9.1422     8.1352    86.9091 4.5440e-06  -74.05366 -117.55754  46.895267      99.38 7.4078e+02    318.115       7636  1027.4334  1027.4331     4.1230     1.7390     0.1822    33.8342    33.8338    8.12077         39 0.0000e+00
     55.000     54.423    -0.2123  28.006116    -0.2119  28.006055     8.8533     9.1379     9.1931    85.8837 1.0000e-12  -74.05366 -117.55753  46.895288      99.44 7.4129e+02    319.880       7678  1027.4382  1027.4378     4.0749     1.4729     0.1812    33.8342    33.8337    8.12088         36 0.0000e+00
     56.000     55.413    -0.2121  28.006676    -0.2120  28.006465     8.8575     9.1337    11.4484    87.2236 1.0000e-12  -74.05366 -117.55753  46.895308      99.46 7.4156e+02    321.585       7719  1027.4429  1027.4426     4.1380     1.4882     0.1666    33.8341    33.8337    8.12084         34 0.0000e+00
     57.000     56.402    -0.2122  28.007160    -0.2118  28.007189     8.8606     9.1285     8.2062    86.1033 1.0000e-12  -74.05366 -117.55753  46.895324      99.49 7.4090e+02    322.980       7753  1027.4478  1027.4475     4.0849     1.4369     0.1762    33.8343    33.8339    8.12086         33 0.0000e+00
     58.000     57.393    -0.2122  28.007626    -0.2119  28.007571     8.8658     9.1297     9.3439    85.5543 1.0000e-12  -74.05366 -117.55752  46.895339      99.52 7.4081e+02    324.319       7785  1027.4526  1027.4522     4.0588     1.4438     0.1701    33.8343    33.8338    8.12085         31 0.0000e+00
     59.000     58.381    -0.2122  28.008178    -0.2119  28.007991     8.8597     9.1279     8.1103    85.1591 1.0000e-12  -74.05366 -117.55753  46.895355      99.41 7.4094e+02    325.667       7817  1027.4575  1027.4570     4.0400     1.6257     0.1922    33.8344    33.8338    8.12085         33 0.0000e+00
     60.000     59.371    -0.2122  28.008583    -0.2117  28.008568     8.8556     9.1372     8.0524    86.0172 1.0000e-12  -74.05366 -117.55753  46.895371      99.57 7.4178e+02    327.092       7851  1027.4622  1027.4617     4.0807     1.6586     0.1721    33.8343    33.8338    8.12085         35 0.0000e+00
     61.000     60.360    -0.2123  28.009007    -0.2121  28.008756     8.8554     9.1365    10.6773    86.0036 1.0000e-12  -74.05366 -117.55753  46.895388      99.43 7.4098e+02    328.525       7886  1027.4670  1027.4666     4.0801     1.8463     0.1807    33.8344    33.8338    8.12087         34 0.0000e+00
     62.000     61.350    -0.2124  28.009324    -0.2121  28.009257     8.8613     9.1242     9.4909    86.1009 1.0000e-12  -74.05366 -117.55753  46.895404      96.59 7.4118e+02    329.903       7919  1027.4718  1027.4714     4.0847     1.6732     0.1939    33.8344    33.8339    8.12090         32 0.0000e+00
     63.000     62.338    -0.2125  28.009849    -0.2120  28.009719     8.8548     9.1318     9.4620    85.5114 1.0000e-12  -74.05366 -117.55754  46.895419      96.16 7.4081e+02    331.217       7950  1027.4767  1027.4761     4.0567     1.4871     0.1706    33.8345    33.8338    8.12090         31 0.0000e+00
     64.000     63.328    -0.2124  28.010198    -0.2120  28.010124     8.8564     9.1339     7.9841    85.4957 1.0000e-12  -74.05366 -117.55753  46.895434      99.49 7.4075e+02    332.516       7981  1027.4813  1027.4808     4.0562     1.4644     0.1727    33.8343    33.8338    8.12090         31 0.0000e+00
     65.000     64.318    -0.2124  28.010804    -0.2121  28.010582     8.8594     9.1265     8.5618    85.6878 1.0000e-12  -74.05366 -117.55753  46.895449      99.51 7.4094e+02    333.791       8012  1027.4862  1027.4857     4.0643     1.3467     0.1864    33.8345    33.8338    8.12088         30 0.0000e+00
     66.000     65.306    -0.2124  28.011249    -0.2120  28.011105     8.8669     9.1307     9.2317    84.4864 1.0000e-12  -74.05366 -117.55753  46.895463      99.54 7.4100e+02    335.020       8041  1027.4909  1027.4905     4.0090     1.3030     0.1962    33.8345    33.8338    8.12088         30 0.0000e+00
     67.000     66.296    -0.2124  28.011630    -0.2121  28.011567     8.8606     9.1324     8.7632    86.5227 1.0000e-12  -74.05366 -117.55752  46.895477      99.47 7.4066e+02    336.234       8071  1027.4956  1027.4953     4.1047     1.5594     0.1735    33.8344    33.8339    8.12089         29 0.0000e+00
     68.000     67.287    -0.2124  28.012178    -0.2120  28.012004     8.8527     9.1257     9.0914    85.9000 1.0000e-12  -74.05366 -117.55753  46.895492      99.58 7.4076e+02    337.473       8100  1027.5005  1027.5000     4.0752     1.2175     0.1746    33.8345    33.8338    8.12088         30 0.0000e+00
     69.000     68.274    -0.2124  28.012433    -0.2121  28.012425     8.8586     9.1276     9.6382    86.2160 1.0000e-12  -74.05366 -117.55753  46.895506      99.51 7.4111e+02    338.713       8130  1027.5050  1027.5048     4.0902     1.3504     0.1678    33.8342    33.8339    8.12089         30 0.0000e+00
     70.000     69.264    -0.2125  28.013001    -0.2121  28.012850     8.8655     9.1374     9.9768    86.8897 1.0000e-12  -74.05366 -117.55753  46.895520      99.47 7.4041e+02    339.958       8160  1027.5100  1027.5096     4.1221     1.4609     0.1960    33.8345    33.8339    8.12090         29 0.0000e+00
     71.000     70.254    -0.2125  28.013546    -0.2121  28.013309     8.8584     9.1398     8.0272    85.7191 1.0000e-12  -74.05366 -117.55754  46.895534      99.39 7.4175e+02    341.172       8189  1027.5149  1027.5143     4.0666     1.6094     0.2102    33.8346    33.8338    8.12090         29 0.0000e+00
     72.000     71.243    -0.2127  28.013869    -0.2122  28.013764     8.8521     9.1341     9.3140    86.1274 1.0000e-12  -74.05366 -117.55754  46.895548      99.47 7.4191e+02    342.332       8217  1027.5197  1027.5192     4.0862     1.5036     0.1967    33.8346    33.8340    8.12093         27 0.0000e+00
     73.000     72.232    -0.2126  28.014335    -0.2121  28.014217     8.8580     9.1370     7.4746    86.9895 1.0000e-12  -74.05366 -117.55754  46.895561      98.97 7.4121e+02    343.490       8245  1027.5244  1027.5239     4.1267     1.4401     0.1830    33.8346    33.8339    8.12092         29 0.0000e+00
     74.000     73.221    -0.2125  28.014862    -0.2121  28.014729     8.8582     9.1354     9.1179    86.0229 1.0000e-12  -74.05366 -117.55754  46.895575      99.14 7.4066e+02    344.693       8274  1027.5292  1027.5286     4.0810     1.1952     0.1780    33.8345    33.8339    8.12090         29 0.0000e+00
     75.000     74.212    -0.2126  28.015220    -0.2122  28.015129     8.8614     9.1313     9.1821    85.7957 1.0000e-12  -74.05366 -117.55754  46.895589      99.50 7.4107e+02    345.908       8303  1027.5340  1027.5335     4.0703     1.3784     0.2043    33.8345    33.8339    8.12092         29 0.0000e+00
     76.000     75.199    -0.2127  28.015595    -0.2123  28.015494     8.8545     9.1252     9.2949    85.3591 1.0000e-12  -74.05366 -117.55754  46.895603      99.52 7.4110e+02    347.101       8331  1027.5387  1027.5383     4.0496     1.3334     0.1853    33.8345    33.8340    8.12095         28 0.0000e+00
     77.000     76.190    -0.2127  28.016121    -0.2124  28.015857     8.8416     9.1291     7.9302    86.8829 1.0000e-12  -74.05366 -117.55754  46.895617      99.37 7.4070e+02    348.321       8361  1027.5436  1027.5430     4.1218     1.6749     0.1729    33.8347    33.8339    8.12094         30 0.0000e+00
     78.000     77.179    -0.2128  28.016507    -0.2123  28.016438     8.8501     9.1329     8.0524    86.2561 1.0000e-12  -74.05366 -117.55754  46.895632      99.51 7.4194e+02    349.581       8391  1027.5483  1027.5478     4.0921     1.3678     0.1759    33.8346    33.8340    8.12095         31 0.0000e+00
     79.000     78.168    -0.2126  28.017090    -0.2121  28.017069     8.8568     9.1300     8.7835    85.4275 1.0000e-12  -74.05366 -117.55754  46.895646      99.42 7.4091e+02    350.821       8421  1027.5531  1027.5526     4.0528     1.6072     0.2043    33.8346    33.8340    8.12092         28 0.0000e+00
     80.000     79.157    -0.2126  28.017572    -0.2121  28.017519     8.8560     9.1217     8.3075    85.7278 1.0000e-12  -74.05366 -117.55754  46.895660      99.49 7.4071e+02    352.005       8449  1027.5579  1027.5574     4.0670     1.4283     0.1819    33.8347    33.8340    8.12092         29 0.0000e+00
     81.000     80.147    -0.2126  28.018143    -0.2121  28.017954     8.8537     9.1121     7.3594    86.7297 1.0000e-12  -74.05366 -117.55754  46.895674      99.42 7.4137e+02    353.193       8478  1027.5628  1027.5621     4.1138     1.5207     0.1861    33.8348    33.8339    8.12091         29 0.0000e+00
     82.000     81.136    -0.2128  28.018333    -0.2123  28.018192     8.8514     9.1009     6.9115    84.6473 1.0000e-12  -74.05366 -117.55754  46.895688      99.50 7.4144e+02    354.404       8507  1027.5675  1027.5668     4.0166     1.4268     0.1758    33.8346    33.8339    8.12096         29 0.0000e+00
     83.000     82.125    -0.2128  28.018824    -0.2123  28.018597     8.8471     9.1005     6.9736    84.9648 1.0000e-12  -74.05366 -117.55755  46.895702      99.51 7.4071e+02    355.628       8536  1027.5723  1027.5716     4.0309     1.4511     0.1803    33.8347    33.8339    8.12095         29 0.0000e+00
     84.000     83.114    -0.2128  28.019270    -0.2123  28.019143     8.8404     9.1076     7.9582    85.6102 1.0000e-12  -74.05366 -117.55755  46.895716      99.48 7.4114e+02    356.838       8565  1027.5771  1027.5764     4.0615     1.4455     0.1848    33.8347    33.8340    8.12096         29 0.0000e+00
     85.000     84.103    -0.2128  28.019781    -0.2122  28.019661     8.8385     9.1157     8.6604    86.4331 1.0000e-12  -74.05366 -117.55755  46.895730      99.45 7.4180e+02    358.033       8594  1027.5819  1027.5811     4.1005     1.5582     0.1836    33.8348    33.8339    8.12095         29 0.0000e+00
     86.000     85.093    -0.2125  28.020529    -0.2118  28.020452     8.8483     9.1183     8.3260    85.8969 1.0000e-12  -74.05366 -117.55756  46.895743      99.59 7.4047e+02    359.231       8623  1027.5866  1027.5860     4.0750     1.1978     0.1862    33.8348    33.8340    8.12088         28 0.0000e+00
     87.000     86.082    -0.2122  28.021172    -0.2117  28.021117     8.8453     9.1186     8.0281    86.7878 1.0000e-12  -74.05366 -117.55754  46.895757      99.52 7.4096e+02    360.424       8651  1027.5913  1027.5908     4.1173     1.3334     0.1969    33.8347    33.8341    8.12082         29 0.0000e+00
     88.000     87.070    -0.2122  28.021735    -0.2116  28.021588     8.8396     9.1197     8.4766    86.8515 1.0000e-12  -74.05366 -117.55755  46.895771      99.59 7.4154e+02    361.608       8680  1027.5962  1027.5955     4.1199     1.1762     0.1732    33.8349    33.8340    8.12082         28 0.0000e+00
     89.000     88.060    -0.2119  28.022408    -0.2113  28.022266     8.8445     9.1195     8.7403    85.9072 1.0000e-12  -74.05366 -117.55755  46.895785      99.55 7.4064e+02    362.815       8709  1027.6010  1027.6003     4.0759     1.2913     0.1803    33.8348    33.8340    8.12075         30 0.0000e+00
     90.000     89.050    -0.2117  28.023063    -0.2112  28.022984     8.8483     9.1106     9.0826    84.8672 1.0000e-12  -74.05366 -117.55755  46.895799      99.43 7.4076e+02    364.051       8738  1027.6057  1027.6051     4.0264     1.5777     0.1792    33.8348    33.8342    8.12070         30 0.0000e+00
     91.000     90.039    -0.2116  28.023652    -0.2111  28.023450     8.8391     9.1139     8.0569    85.7184 1.0000e-12  -74.05366 -117.55756  46.895813      99.49 7.4154e+02    365.268       8767  1027.6106  1027.6099     4.0665     1.3818     0.1787    33.8350    33.8341    8.12069         28 0.0000e+00
     92.000     91.028    -0.2119  28.023720    -0.2112  28.023536     8.8345     9.1173     8.9602    85.0626 1.0000e-12  -74.05366 -117.55754  46.895827      99.54 7.4065e+02    366.457       8796  1027.6153  1027.6144     4.0355     1.3757     0.1899    33.8348    33.8338    8.12077         29 0.0000e+00
     93.000     92.018    -0.2126  28.023738    -0.2116  28.023807     8.8430     9.1060     8.9750    86.3936 1.0000e-12  -74.05366 -117.55755  46.895841      99.52 7.4041e+02    367.668       8825  1027.6202  1027.6193     4.0986     1.3219     0.1754    33.8350    33.8340    8.12090         29 0.0000e+00
     94.000     93.006    -0.2122  28.024463    -0.2114  28.024494     8.8564     9.1135     8.1569    84.2225 1.0000e-12  -74.05366 -117.55755  46.895855      99.53 7.4041e+02    368.903       8855  1027.6249  1027.6241     3.9956     1.3331     0.1683    33.8349    33.8340    8.12082         30 0.0000e+00
     95.000     93.995    -0.2129  28.024444    -0.2121  28.024401     8.8444     9.1156     6.6486    84.9170 1.0000e-12  -74.05366 -117.55756  46.895870      95.02 7.4041e+02    370.132       8884  1027.6298  1027.6290     4.0286     1.1413     0.1750    33.8350    33.8341    8.12096         29 0.0000e+00
     96.000     94.986    -0.2126  28.025068    -0.2120  28.024787     8.8403     9.1049     8.2396    85.4038 1.0000e-12  -74.05366 -117.55756  46.895884      99.50 7.4059e+02    371.336       8913  1027.6345  1027.6337     4.0517     1.3779     0.1604    33.8350    33.8339    8.12090         29 0.0000e+00
     97.000     95.974    -0.2121  28.026119    -0.2115  28.025971     8.8221     9.0878     8.0359    85.8517 1.0000e-12  -74.05366 -117.55756  46.895897      99.49 7.4167e+02    372.521       8942  1027.6394  1027.6386     4.0729     1.3923     0.1645    33.8352    33.8343    8.12078         28 0.0000e+00
     98.000     96.964    -0.2121  28.026895    -0.2115  28.026813     8.7914     9.0683    10.0771    85.5026 1.0000e-12  -74.05366 -117.55756  46.895911      99.38 7.4053e+02    373.712       8970  1027.6445  1027.6439     4.0564     1.6434     0.1828    33.8357    33.8348    8.12076         29 0.0000e+00
     99.000     97.952    -0.2095  28.030485    -0.2088  28.030181     8.7654     9.0482    10.7596    87.1205 1.0000e-12  -74.05366 -117.55756  46.895925      99.50 7.4041e+02    374.952       9000  1027.6501  1027.6492     4.1330     1.3994     0.1978    33.8369    33.8358    8.12012         31 0.0000e+00
    100.000     98.942    -0.2087  28.033439    -0.2080  28.033019     8.7549     9.0360     9.7092    84.6955 1.0000e-12  -74.05366 -117.55756  46.895940      99.47 7.4281e+02    376.190       9030  1027.6568  1027.6557     4.0182     1.4584     0.1798    33.8393    33.8380    8.11981         28 0.0000e+00
    101.000     99.930    -0.2085  28.034498    -0.2076  28.034474     8.7471     9.0242     8.4175    85.5599 1.0000e-12  -74.05366 -117.55756  46.895953      99.47 7.4126e+02    377.371       9058  1027.6620  1027.6612     4.0591     1.4306     0.1888    33.8399    33.8389    8.11974         29 0.0000e+00
    102.000    100.920    -0.2077  28.035808    -0.2067  28.035433     8.7240     9.0118     8.2016    86.0611 1.0000e-12  -74.05366 -117.55756  46.895967      99.46 7.4049e+02    378.541       9086  1027.6669  1027.6656     4.0828     1.5028     0.1777    33.8402    33.8385    8.11955         28 0.0000e+00
    103.000    101.909    -0.2076  28.037018    -0.2069  28.036880     8.7063     8.9877    10.6201    85.8547 1.0000e-12  -74.05366 -117.55756  46.895981      99.38 7.4132e+02    379.744       9115  1027.6725  1027.6717     4.0731     1.6399     0.1826    33.8411    33.8401    8.11948         29 0.0000e+00
    104.000    102.898    -0.2092  28.036813    -0.2084  28.036757     8.6882     8.9556     7.2840    85.8283 1.0000e-12  -74.05366 -117.55756  46.895995      99.51 7.4123e+02    380.955       9144  1027.6781  1027.6773     4.0718     1.3536     0.1796    33.8419    33.8410    8.11977         28 0.0000e+00
