ocean_section_plots/required_files/ctd/dnbp2202_ctd269.cnv
* Sea-Bird SBE 9 Data File:
* FileName = D:\Data\raw\NBP2202_CTD269.hex
* Software Version Seasave V 7.26.7.121
* Temperature SN = 1649
* Conductivity SN = 2513
* Number of Bytes Per Scan = 40
* Number of Voltage Words = 5
* Number of Scans Averaged by the Deck Unit = 1
* NMEA Latitude = 73 42.90 S
* NMEA Longitude = 116 52.41 W
* NMEA UTC (Time) = Feb 20 2022  17:06:04
* NMEA baud rate = 9600
** Ship: RVIB N.B. Palmer
** Cruise: NBP2202 Thwaites
** Station: 172
** Operator: A. Robinson
# nquan = 28
# nvalues = 508                         
# units = specified
# name 0 = prDM: Pressure, Digiquartz [db]
# name 1 = depSM: Depth [salt water, m]
# name 2 = t090C: Temperature [ITS-90, deg C]
# name 3 = c0mS/cm: Conductivity [mS/cm]
# name 4 = t190C: Temperature, 2 [ITS-90, deg C]
# name 5 = c1mS/cm: Conductivity, 2 [mS/cm]
# name 6 = sbeox0ML/L: Oxygen, SBE 43 [ml/l]
# name 7 = sbeox1ML/L: Oxygen, SBE 43, 2 [ml/l]
# name 8 = flECO-AFL: Fluorescence, WET Labs ECO-AFL/FL [mg/m^3]
# name 9 = CStarTr0: Beam Transmission, WET Labs C-Star [%]
# name 10 = par: PAR/Irradiance, Biospherical/Licor
# name 11 = latitude: Latitude [deg]
# name 12 = longitude: Longitude [deg]
# name 13 = timeJ: Julian Days
# name 14 = altM: Altimeter [m]
# name 15 = spar: SPAR, Biospherical/Licor
# name 16 = timeS: Time, Elapsed [seconds]
# name 17 = scan: Scan Count
# name 18 = density00: Density [density, kg/m^3]
# name 19 = density11: Density, 2 [density, kg/m^3]
# name 20 = v3: Voltage 3
# name 21 = v4: Voltage 4
# name 22 = v5: Voltage 5
# name 23 = sal00: Salinity, Practical [PSU]
# name 24 = sal11: Salinity, Practical, 2 [PSU]
# name 25 = oxsolML/L: Oxygen Saturation, Garcia & Gordon [ml/l]
# name 26 = nbin: number of scans per bin
# name 27 = flag: flag
# span 0 =      3.000,    510.000       
# span 1 =      2.972,    504.111       
# span 2 =    -1.7731,     0.0522       
# span 3 =  26.999238,  28.706186       
# span 4 =    -1.7725,     0.0499       
# span 5 =  26.999737,  28.706392       
# span 6 =     4.9835,     8.7988       
# span 7 =     5.1319,     9.1452       
# span 8 =     0.2702,    12.5235       
# span 9 =    87.8273,    98.3426       
# span 10 = 1.0000e-12, 9.0170e+01      
# span 11 =  -73.71514,  -73.71512      
# span 12 = -116.87354, -116.87350      
# span 13 =  51.715360,  51.723302      
# span 14 =       3.17,      99.92      
# span 15 = 2.0278e+02, 2.6358e+02      
# span 16 =    243.079,    929.261      
# span 17 =       5835,      22303      
# span 18 =  1027.0691,  1030.0538      
# span 19 =  1027.0693,  1030.0524      
# span 20 =     4.1666,     4.6652      
# span 21 =     0.1027,     1.8057      
# span 22 =     0.1099,     0.2169      
# span 23 =    33.6996,    34.4057      
# span 24 =    33.7007,    34.4041      
# span 25 =    8.07201,    8.44882      
# span 26 =         21,         49      
# span 27 = 0.0000e+00, 0.0000e+00      
# interval = decibars: 1                
# start_time = Feb 20 2022 17:06:04 [NMEA time, header]
# bad_flag = -9.990e-29
*END*
[from data line 363]
    366.000    361.899    -1.6224  27.208960    -1.6214  27.209274     6.2956     6.4914     0.4309    97.9558 1.0000e-12  -73.71514 -116.87352  51.720525      99.87 2.5496e+02    689.351      16545  1029.2429  1029.2424     4.6469     0.1440     0.1144    34.1509    34.1503    8.41228         24 0.0000e+00
    367.000    362.888    -1.6227  27.209076    -1.6220  27.209319     6.2925     6.4830     0.4276    98.0769 1.0000e-12  -73.71514 -116.87352  51.720537      99.87 2.5542e+02    690.402      16571  1029.2477  1029.2473     4.6526     0.1487     0.1144    34.1509    34.1504    8.41236         26 0.0000e+00
    368.000    363.875    -1.6233  27.209048    -1.6225  27.209414     6.3007     6.4850     0.4697    98.1477 1.0000e-12  -73.71514 -116.87352  51.720550      99.87 2.5574e+02    691.540      16598  1029.2525  1029.2522     4.6560     0.1437     0.1165    34.1509    34.1505    8.41249         29 0.0000e+00
    369.000    364.864    -1.6247  27.208586    -1.6238  27.208926     6.3000     6.4853     0.6665    98.0451 1.0000e-12  -73.71514 -116.87352  51.720564      99.87 2.5453e+02    692.692      16626  1029.2576  1029.2572     4.6511     0.1433     0.1164    34.1512    34.1507    8.41279         26 0.0000e+00
    370.000    365.853    -1.6265  27.207605    -1.6256  27.208050     6.3003     6.4858     0.5551    98.0634 1.0000e-12  -73.71514 -116.87352  51.720576      99.86 2.5437e+02    693.742      16651  1029.2626  1029.2622     4.6520     0.1611     0.1146    34.1513    34.1509    8.41319         24 0.0000e+00
    371.000    366.838    -1.6278  27.207296    -1.6269  27.207642     6.3067     6.4929     0.5066    97.9226 1.0000e-12  -73.71514 -116.87352  51.720587      99.86 2.5612e+02    694.722      16674  1029.2678  1029.2672     4.6454     0.1495     0.1129    34.1518    34.1512    8.41346         24 0.0000e+00
    372.000    367.829    -1.6281  27.207528    -1.6272  27.208018     6.3019     6.5038     0.4938    98.0866 1.0000e-12  -73.71514 -116.87352  51.720599      86.09 2.5479e+02    695.735      16699  1029.2726  1029.2722     4.6530     0.2050     0.1166    34.1518    34.1514    8.41353         25 0.0000e+00
    373.000    368.814    -1.6281  27.208034    -1.6271  27.208623     6.3003     6.5025     0.5305    97.9293 1.0000e-12  -73.71514 -116.87352  51.720612      94.28 2.5536e+02    696.837      16725  1029.2774  1029.2771     4.6456     0.2336     0.1151    34.1519    34.1516    8.41352         27 0.0000e+00
    374.000    369.804    -1.6283  27.208642    -1.6274  27.208948     6.3067     6.4997     0.5982    98.0700 1.0000e-12  -73.71514 -116.87352  51.720625      99.92 2.5543e+02    697.988      16753  1029.2826  1029.2821     4.6523     0.1910     0.1157    34.1523    34.1517    8.41355         28 0.0000e+00
    375.000    370.790    -1.6280  27.209511    -1.6270  27.209871     6.3076     6.4958     0.4274    98.0265 1.0000e-12  -73.71514 -116.87352  51.720638      99.86 2.5351e+02    699.109      16780  1029.2874  1029.2869     4.6502     0.1503     0.1148    34.1525    34.1519    8.41345         26 0.0000e+00
    376.000    371.779    -1.6262  27.212011    -1.6253  27.212412     6.3035     6.4906     0.4611    98.1330 1.0000e-12  -73.71514 -116.87352  51.720650      99.86 2.5500e+02    700.125      16804  1029.2928  1029.2923     4.6553     0.1361     0.1136    34.1533    34.1529    8.41300         24 0.0000e+00
    377.000    372.767    -1.6236  27.215145    -1.6225  27.215654     6.3035     6.4875     0.6174    98.0588 1.0000e-12  -73.71514 -116.87352  51.720661      99.87 2.5508e+02    701.097      16827  1029.2979  1029.2975     4.6518     0.1295     0.1104    34.1540    34.1536    8.41236         23 0.0000e+00
    378.000    373.755    -1.6214  27.217586    -1.6205  27.217916     6.3058     6.4926     0.4564    98.1715 1.0000e-12  -73.71514 -116.87352  51.720673      99.87 2.5474e+02    702.130      16852  1029.3028  1029.3023     4.6571     0.1420     0.1168    34.1544    34.1538    8.41186         26 0.0000e+00
    379.000    374.742    -1.6185  27.220550    -1.6178  27.220810     6.2843     6.4792     0.6284    98.0094 1.0000e-12  -73.71514 -116.87352  51.720686      99.86 2.5582e+02    703.254      16879  1029.3075  1029.3072     4.6494     0.1504     0.1227    34.1545    34.1541    8.41119         27 0.0000e+00
    380.000    375.731    -1.6167  27.222944    -1.6154  27.223558     6.2597     6.4598     0.5259    97.9343 1.0000e-12  -73.71514 -116.87352  51.720699      99.86 2.5569e+02    704.358      16906  1029.3127  1029.3122     4.6459     0.1436     0.1149    34.1551    34.1545    8.41075         26 0.0000e+00
    381.000    376.719    -1.5914  27.246664    -1.5893  27.247442     6.2523     6.4408     0.3538    98.2328 1.0000e-12  -73.71514 -116.87352  51.720711      99.86 2.5541e+02    705.419      16931  1029.3184  1029.3172     4.6600     0.1633     0.1141    34.1584    34.1570    8.40483         25 0.0000e+00
    382.000    377.706    -1.5799  27.256925    -1.5788  27.257298     6.2437     6.4303     0.4384    97.9154 1.0000e-12  -73.71514 -116.87352  51.720723      99.87 2.5159e+02    706.460      16956  1029.3229  1029.3222     4.6450     0.1464     0.1175    34.1588    34.1580    8.40221         25 0.0000e+00
    383.000    378.694    -1.5780  27.259311    -1.5770  27.259706     6.2382     6.4290     0.4275    98.3079 1.0000e-12  -73.71514 -116.87353  51.720735      99.87 2.5196e+02    707.531      16982  1029.3281  1029.3276     4.6635     0.1477     0.1206    34.1593    34.1587    8.40174         26 0.0000e+00
    384.000    379.682    -1.5757  27.262098    -1.5749  27.262250     6.2427     6.4278     0.4272    98.2447 1.0000e-12  -73.71514 -116.87353  51.720748      78.20 2.5514e+02    708.641      17008  1029.3333  1029.3327     4.6605     0.1688     0.1189    34.1598    34.1591    8.40118         27 0.0000e+00
    385.000    380.670    -1.5746  27.263396    -1.5736  27.263755     6.2390     6.4270     2.4828    98.1833 1.0000e-12  -73.71514 -116.87354  51.720761      96.09 2.5623e+02    709.727      17034  1029.3381  1029.3375     4.6577     0.2256     0.1193    34.1598    34.1591    8.40094         26 0.0000e+00
    386.000    381.658    -1.5746  27.263839    -1.5734  27.264451     6.2365     6.4335     0.8949    98.2665 1.0000e-12  -73.71514 -116.87354  51.720773      99.84 2.5577e+02    710.763      17059  1029.3430  1029.3424     4.6616     0.1634     0.1173    34.1598    34.1592    8.40094         24 0.0000e+00
    387.000    382.643    -1.5734  27.265370    -1.5725  27.265563     6.2356     6.4368     0.4342    98.3426 1.0000e-12  -73.71514 -116.87354  51.720785      99.86 2.5677e+02    711.812      17084  1029.3479  1029.3472     4.6652     0.1441     0.1135    34.1599    34.1591    8.40067         26 0.0000e+00
    388.000    383.636    -1.5711  27.268026    -1.5701  27.268332     6.2309     6.4225     0.5207    98.2471 1.0000e-12  -73.71514 -116.87354  51.720797      99.87 2.5697e+02    712.890      17110  1029.3529  1029.3522     4.6607     0.1320     0.1134    34.1603    34.1595    8.40011         26 0.0000e+00
    389.000    384.620    -1.5651  27.274018    -1.5637  27.274685     6.2176     6.4190     0.3885    98.0051 1.0000e-12  -73.71514 -116.87354  51.720810      99.87 2.5717e+02    713.956      17136  1029.3580  1029.3573     4.6492     0.1690     0.1154    34.1611    34.1604    8.39871         25 0.0000e+00
    390.000    385.609    -1.5553  27.283742    -1.5534  27.284524     6.2138     6.4013     0.3452    97.5917 1.0000e-12  -73.71514 -116.87354  51.720822      99.87 2.5738e+02    714.989      17161  1029.3635  1029.3625     4.6297     0.1321     0.1154    34.1627    34.1616    8.39640         25 0.0000e+00
    391.000    386.597    -1.5481  27.290277    -1.5466  27.291117     6.2119     6.3977     0.3882    98.1531 1.0000e-12  -73.71514 -116.87354  51.720834      99.87 2.5752e+02    716.034      17186  1029.3681  1029.3674     4.6562     0.1368     0.1164    34.1629    34.1623    8.39478         25 0.0000e+00
    392.000    387.584    -1.5466  27.292090    -1.5453  27.292676     6.2086     6.3958     0.4711    98.3136 1.0000e-12  -73.71514 -116.87354  51.720846      99.86 2.5772e+02    717.116      17212  1029.3730  1029.3724     4.6638     0.1296     0.1113    34.1631    34.1624    8.39442         26 0.0000e+00
    393.000    388.573    -1.5457  27.293500    -1.5444  27.294021     6.2029     6.3909     0.4630    98.2928 1.0000e-12  -73.71514 -116.87352  51.720859      99.87 2.5854e+02    718.204      17238  1029.3780  1029.3773     4.6629     0.1315     0.1126    34.1633    34.1626    8.39420         26 0.0000e+00
    394.000    389.560    -1.5455  27.293967    -1.5445  27.294400     6.2010     6.3901     0.3717    98.2324 1.0000e-12  -73.71514 -116.87352  51.720871      99.86 2.5851e+02    719.265      17263  1029.3827  1029.3822     4.6600     0.1277     0.1141    34.1631    34.1626    8.39417         25 0.0000e+00
    395.000    390.547    -1.5454  27.294703    -1.5444  27.294877     6.1917     6.3919     0.3601    98.2722 1.0000e-12  -73.71514 -116.87352  51.720883      99.86 2.5774e+02    720.287      17288  1029.3878  1029.3871     4.6619     0.1466     0.1162    34.1634    34.1625    8.39413         25 0.0000e+00
    396.000    391.535    -1.5415  27.298761    -1.5405  27.299003     6.1798     6.3828     0.4326    98.2224 1.0000e-12  -73.71514 -116.87352  51.720895      99.15 2.5871e+02    721.323      17313  1029.3929  1029.3922     4.6595     0.1276     0.1153    34.1640    34.1632    8.39322         25 0.0000e+00
    397.000    392.524    -1.5297  27.310314    -1.5280  27.311008     6.1561     6.3517     0.4536    98.3029 1.0000e-12  -73.71514 -116.87352  51.720908      84.91 2.5842e+02    722.419      17339  1029.3983  1029.3974     4.6633     0.2243     0.1162    34.1657    34.1648    8.39043         27 0.0000e+00
    398.000    393.510    -1.5115  27.327324    -1.5104  27.327461     6.1317     6.3343     0.4039    98.2941 1.0000e-12  -73.71514 -116.87352  51.720921      97.83 2.5842e+02    723.547      17366  1029.4036  1029.4027     4.6629     0.1300     0.1153    34.1679    34.1668    8.38622         27 0.0000e+00
    399.000    394.500    -1.4830  27.354209    -1.4809  27.354817     6.1041     6.3110     0.3666    98.2224 1.0000e-12  -73.71514 -116.87352  51.720933      99.88 2.5955e+02    724.651      17393  1029.4097  1029.4083     4.6595     0.1484     0.1154    34.1717    34.1701    8.37956         26 0.0000e+00
    400.000    395.486    -1.4702  27.365890    -1.4698  27.365516     6.0843     6.2894     0.3371    98.1391 1.0000e-12  -73.71514 -116.87352  51.720946      99.86 2.5827e+02    725.722      17418  1029.4146  1029.4138     4.6556     0.1302     0.1124    34.1726    34.1716    8.37664         26 0.0000e+00
    401.000    396.475    -1.4579  27.378028    -1.4568  27.377961     6.0631     6.2642     0.3794    98.2445 1.0000e-12  -73.71514 -116.87352  51.720958      99.86 2.5795e+02    726.770      17443  1029.4204  1029.4193     4.6606     0.1364     0.1172    34.1747    34.1733    8.37375         25 0.0000e+00
    402.000    397.461    -1.4372  27.397388    -1.4356  27.397607     6.0141     6.2130     0.4634    98.2426 1.0000e-12  -73.71514 -116.87352  51.720970      99.87 2.6008e+02    727.807      17468  1029.4259  1029.4246     4.6605     0.1265     0.1133    34.1770    34.1755    8.36895         25 0.0000e+00
    403.000    398.450    -1.4133  27.420057    -1.4115  27.420006     5.9615     6.1587     0.5045    98.2496 1.0000e-12  -73.71514 -116.87352  51.720982      99.86 2.5930e+02    728.859      17494  1029.4319  1029.4301     4.6608     0.1764     0.1178    34.1803    34.1782    8.36339         25 0.0000e+00
    404.000    399.439    -1.3727  27.457058    -1.3707  27.457293     5.9360     6.1393     0.8220    97.9195 1.0000e-12  -73.71514 -116.87352  51.720995      99.87 2.5921e+02    729.929      17519  1029.4374  1029.4356     4.6452     0.1957     0.1184    34.1843    34.1822    8.35406         26 0.0000e+00
    405.000    400.425    -1.3557  27.472073    -1.3545  27.472178     5.9217     6.1226     1.4913    98.0044 1.0000e-12  -73.71514 -116.87352  51.721007      99.86 2.5998e+02    730.985      17545  1029.4418  1029.4409     4.6491     0.1524     0.1157    34.1848    34.1836    8.35020         25 0.0000e+00
    406.000    401.414    -1.3516  27.476195    -1.3503  27.476500     5.9143     6.1169     0.4395    97.7651 1.0000e-12  -73.71514 -116.87352  51.721019      99.87 2.6034e+02    732.031      17570  1029.4471  1029.4462     4.6379     0.1214     0.1174    34.1853    34.1841    8.34927         25 0.0000e+00
    407.000    402.402    -1.3443  27.483933    -1.3424  27.484292     5.9232     6.1143     0.5947    98.0993 1.0000e-12  -73.71514 -116.87352  51.721031      99.86 2.5992e+02    733.074      17595  1029.4531  1029.4517     4.6537     0.1283     0.1155    34.1869    34.1853    8.34754         25 0.0000e+00
    408.000    403.388    -1.3365  27.491418    -1.3352  27.491524     5.9230     6.1061     0.3415    97.9360 1.0000e-12  -73.71514 -116.87352  51.721043      80.89 2.6023e+02    734.143      17620  1029.4583  1029.4572     4.6459     0.1582     0.1188    34.1876    34.1863    8.34574         26 0.0000e+00
    409.000    404.377    -1.3350  27.493232    -1.3337  27.493450     5.9293     6.1054     0.3687    97.7705 1.0000e-12  -73.71514 -116.87352  51.721056      85.57 2.6064e+02    735.240      17647  1029.4634  1029.4625     4.6381     0.1251     0.1162    34.1878    34.1867    8.34540         26 0.0000e+00
    410.000    405.363    -1.3332  27.495377    -1.3319  27.495628     5.9269     6.1058     0.3341    97.8146 1.0000e-12  -73.71514 -116.87352  51.721068      98.87 2.5991e+02    736.307      17672  1029.4687  1029.4677     4.6402     0.1453     0.1182    34.1882    34.1870    8.34499         25 0.0000e+00
    411.000    406.350    -1.3315  27.497393    -1.3301  27.497765     5.9306     6.1111     0.4337    97.9513 1.0000e-12  -73.71514 -116.87352  51.721080      99.86 2.6006e+02    737.335      17697  1029.4737  1029.4728     4.6467     0.1387     0.1174    34.1883    34.1873    8.34459         25 0.0000e+00
    412.000    407.341    -1.3273  27.501980    -1.3261  27.502010     5.9307     6.1082     0.6580    98.0160 1.0000e-12  -73.71514 -116.87352  51.721092      98.59 2.6157e+02    738.354      17721  1029.4792  1029.4780     4.6497     0.1656     0.1172    34.1893    34.1879    8.34361         24 0.0000e+00
    413.000    408.327    -1.3241  27.505329    -1.3228  27.505608     5.9291     6.1040     0.4689    98.1214 1.0000e-12  -73.71514 -116.87354  51.721104      88.01 2.6005e+02    739.425      17747  1029.4842  1029.4833     4.6548     0.1193     0.1136    34.1896    34.1885    8.34287         27 0.0000e+00
    414.000    409.315    -1.3222  27.508073    -1.3204  27.508659     5.9277     6.1057     0.5093    98.0892 1.0000e-12  -73.71514 -116.87353  51.721118      99.87 2.6059e+02    740.563      17775  1029.4898  1029.4888     4.6532     0.1319     0.1146    34.1905    34.1893    8.34238         28 0.0000e+00
    415.000    410.301    -1.3149  27.515464    -1.3132  27.515873     5.9255     6.0966     0.5333    97.9849 1.0000e-12  -73.71514 -116.87353  51.721131      99.33 2.6057e+02    741.701      17802  1029.4953  1029.4940     4.6483     0.1859     0.1220    34.1918    34.1904    8.34068         26 0.0000e+00
    416.000    411.290    -1.3121  27.518335    -1.3110  27.518396     5.9271     6.1031     0.3641    97.9850 1.0000e-12  -73.71514 -116.87353  51.721143      98.86 2.5912e+02    742.769      17827  1029.5001  1029.4991     4.6483     0.1249     0.1186    34.1918    34.1907    8.34004         25 0.0000e+00
