ocean_section_plots/required_files/ctd/dnbp2202_ctd277.cnv
* Sea-Bird SBE 9 Data File:
* FileName = D:\Data\raw\NBP2202_CTD277.hex
* Software Version Seasave V 7.26.7.121
* Temperature SN = 1649
* Conductivity SN = 2513
* Number of Bytes Per Scan = 40
* Number of Voltage Words = 5
* Number of Scans Averaged by the Deck Unit = 1
* NMEA Latitude = 74 02.50 S
* NMEA Longitude = 116 09.27 W
* NMEA UTC (Time) = Feb 21 2022  06:08:41
* NMEA baud rate = 9600
** Ship: RVIB N.B. Palmer
** Cruise: NBP2202 Thwaites
** Station: 179
** Operator: B. Bjork
# nquan = 28
# nvalues = 1009                        
# units = specified
# name 0 = prDM: Pressure, Digiquartz [db]
# name 1 = depSM: Depth [salt water, m]
# name 2 = t090C: Temperature [ITS-90, deg C]
# name 3 = c0mS/cm: Conductivity [mS/cm]
# name 4 = t190C: Temperature, 2 [ITS-90, deg C]
# name 5 = c1mS/cm: Conductivity, 2 [mS/cm]
# name 6 = sbeox0ML/L: Oxygen, SBE 43 [ml/l]
# name 7 = sbeox1ML/L: Oxygen, SBE 43, 2 [ml/l]
# name 8 = flECO-AFL: Fluorescence, WET Labs ECO-AFL/FL [mg/m^3]
# name 9 = CStarTr0: Beam Transmission, WET Labs C-Star [%]
# name 10 = par: PAR/Irradiance, Biospherical/Licor
# name 11 = latitude: Latitude [deg]
# name 12 = longitude: Longitude [deg]
# name 13 = timeJ: Julian Days
# name 14 = altM: Altimeter [m]
# name 15 = spar: SPAR, Biospherical/Licor
# name 16 = timeS: Time, Elapsed [seconds]
# name 17 = scan: Scan Count
# name 18 = density00: Density [density, kg/m^3]
# name 19 = density11: Density, 2 [density, kg/m^3]
# name 20 = v3: Voltage 3
# name 21 = v4: Voltage 4
# name 22 = v5: Voltage 5
# name 23 = sal00: Salinity, Practical [PSU]
# name 24 = sal11: Salinity, Practical, 2 [PSU]
# name 25 = oxsolML/L: Oxygen Saturation, Garcia & Gordon [ml/l]
# name 26 = nbin: number of scans per bin
# name 27 = flag: flag
# span 0 =      2.000,   1010.000       
# span 1 =      1.983,    997.105       
# span 2 =    -1.8101,     0.5053       
# span 3 =  26.958914,  29.585677       
# span 4 =    -1.8094,     0.5077       
# span 5 =  26.959531,  29.586350       
# span 6 =     4.5039,     9.1089       
# span 7 =     4.6090,     9.4083       
# span 8 =    -0.0154,     9.0063       
# span 9 =    87.8052,    98.8379       
# span 10 = -2.594e-05, 8.8860e-01      
# span 11 =  -74.04178,  -74.04176      
# span 12 = -116.15462, -116.15458      
# span 13 =  52.258554,  52.271905      
# span 14 =       2.72,     100.83      
# span 15 = 1.4309e+01, 2.5680e+01      
# span 16 =    218.030,   1371.626      
# span 17 =       5234,      32920      
# span 18 =  1027.1420,  1032.4679      
# span 19 =  1027.1434,  1032.4663      
# span 20 =     4.1659,     4.6886      
# span 21 =     0.0643,     1.5013      
# span 22 =     0.1058,     0.2138      
# span 23 =    33.7387,    34.5570      
# span 24 =    33.7413,    34.5551      
# span 25 =    7.93029,    8.45942      
# span 26 =          6,         47      
# span 27 = 0.0000e+00, 0.0000e+00      
# interval = decibars: 1                
# start_time = Feb 21 2022 06:08:41 [NMEA time, header]
# bad_flag = -9.990e-29
*END*
[from data line 363]
    365.000    360.905    -1.7751  27.041504    -1.7741  27.041884     6.5657     6.7488     0.9779    95.8917 1.0000e-12  -74.04178 -116.15460  52.263800      99.90 1.7707e+01    671.277      16112  1029.1979  1029.1974     4.5490     0.2071     0.1174    34.0942    34.0937    8.45042         24 0.0000e+00
    366.000    361.896    -1.7745  27.042903    -1.7736  27.043313     6.5635     6.7444     1.3059    96.4068 1.0000e-12  -74.04178 -116.15458  52.263811      89.54 2.0647e+01    672.273      16136  1029.2032  1029.2028     4.5734     0.1941     0.1211    34.0949    34.0944    8.45025         24 0.0000e+00
    367.000    362.882    -1.7729  27.046125    -1.7719  27.046482     6.5636     6.7516     1.4085    96.3368 1.0000e-12  -74.04178 -116.15460  52.263822      95.37 1.7933e+01    673.251      16159  1029.2095  1029.2090     4.5701     0.2217     0.1179    34.0969    34.0962    8.44976         23 0.0000e+00
    368.000    363.869    -1.7718  27.047709    -1.7709  27.048049     6.5619     6.7505     1.2124    96.1246 1.0000e-12  -74.04178 -116.15458  52.263834      99.13 1.7626e+01    674.217      16182  1029.2146  1029.2141     4.5601     0.1911     0.1191    34.0973    34.0967    8.44950         23 0.0000e+00
    369.000    364.859    -1.7712  27.049311    -1.7703  27.049474     6.5623     6.7437     0.9125    96.5463 1.0000e-12  -74.04178 -116.15460  52.263845      99.90 2.0376e+01    675.198      16206  1029.2200  1029.2193     4.5800     0.2446     0.1212    34.0981    34.0973    8.44930         24 0.0000e+00
    370.000    365.845    -1.7708  27.050113    -1.7699  27.050456     6.5595     6.7441     0.9967    96.5527 1.0000e-12  -74.04178 -116.15458  52.263856      99.90 1.8278e+01    676.193      16230  1029.2249  1029.2244     4.5803     0.2002     0.1201    34.0982    34.0976    8.44921         24 0.0000e+00
    371.000    366.834    -1.7707  27.051262    -1.7698  27.051610     6.5634     6.7495     0.9952    96.5386 1.0000e-12  -74.04178 -116.15460  52.263869      99.90 1.7440e+01    677.242      16255  1029.2304  1029.2299     4.5797     0.1990     0.1290    34.0990    34.0984    8.44914         27 0.0000e+00
    372.000    367.822    -1.7706  27.052189    -1.7697  27.052449     6.5672     6.7414     0.8973    96.5984 1.0000e-12  -74.04178 -116.15458  52.263882      99.90 1.9609e+01    678.378      16282  1029.2356  1029.2350     4.5825     0.2189     0.1211    34.0996    34.0989    8.44908         28 0.0000e+00
    373.000    368.810    -1.7704  27.052929    -1.7696  27.053063     6.5724     6.7398     0.8628    96.5657 1.0000e-12  -74.04178 -116.15459  52.263895      99.90 1.8504e+01    679.527      16310  1029.2405  1029.2400     4.5809     0.2201     0.1222    34.0998    34.0991    8.44902         26 0.0000e+00
    374.000    369.797    -1.7699  27.054259    -1.7691  27.054411     6.5730     6.7452     0.8370    96.3906 1.0000e-12  -74.04178 -116.15459  52.263908      99.89 1.7624e+01    680.631      16336  1029.2458  1029.2453     4.5727     0.2612     0.1189    34.1004    34.0997    8.44886         27 0.0000e+00
    375.000    370.785    -1.7695  27.055030    -1.7685  27.055571     6.5695     6.7486     0.7119    95.8176 1.0000e-12  -74.04178 -116.15459  52.263921      99.88 1.8209e+01    681.735      16363  1029.2506  1029.2502     4.5454     0.2976     0.1252    34.1004    34.1000    8.44877         27 0.0000e+00
    376.000    371.774    -1.7692  27.055941    -1.7682  27.056291     6.5617     6.7471     0.7336    96.7500 1.0000e-12  -74.04178 -116.15459  52.263934      99.90 1.8604e+01    682.864      16390  1029.2556  1029.2551     4.5897     0.1889     0.1156    34.1007    34.1001    8.44869         27 0.0000e+00
    377.000    372.760    -1.7687  27.056938    -1.7675  27.057540     6.5529     6.7415     1.1245    96.6458 1.0000e-12  -74.04178 -116.15459  52.263947      99.89 1.7218e+01    683.982      16417  1029.2606  1029.2601     4.5847     0.2088     0.1198    34.1009    34.1004    8.44857         26 0.0000e+00
    378.000    373.749    -1.7661  27.059950    -1.7651  27.060170     6.5446     6.7309     0.7593    96.5039 1.0000e-12  -74.04178 -116.15460  52.263960      99.90 1.7761e+01    685.118      16444  1029.2656  1029.2649     4.5780     0.1929     0.1182    34.1014    34.1006    8.44793         28 0.0000e+00
    379.000    374.736    -1.7660  27.060300    -1.7647  27.060843     6.5379     6.7245     0.8603    96.6751 1.0000e-12  -74.04178 -116.15458  52.263973      98.67 2.0354e+01    686.279      16472  1029.2702  1029.2696     4.5861     0.1807     0.1216    34.1012    34.1005    8.44792         28 0.0000e+00
    380.000    375.725    -1.7627  27.064124    -1.7618  27.064160     6.5206     6.7162     1.0120    96.6048 1.0000e-12  -74.04178 -116.15460  52.263986      99.89 1.7639e+01    687.392      16498  1029.2756  1029.2748     4.5828     0.2558     0.1211    34.1021    34.1012    8.44712         26 0.0000e+00
    381.000    376.713    -1.7595  27.067402    -1.7586  27.067692     6.5074     6.6947     0.7369    96.4659 1.0000e-12  -74.04178 -116.15459  52.263999      99.90 1.7629e+01    688.501      16525  1029.2804  1029.2798     4.5762     0.1756     0.1168    34.1024    34.1018    8.44638         27 0.0000e+00
    382.000    377.700    -1.7530  27.074900    -1.7514  27.075675     6.4976     6.6796     0.7476    96.6946 1.0000e-12  -74.04178 -116.15459  52.264012      99.90 1.9884e+01    689.643      16552  1029.2867  1029.2859     4.5870     0.2038     0.1175    34.1047    34.1039    8.44475         27 0.0000e+00
    383.000    378.688    -1.7470  27.081419    -1.7452  27.082507     6.4898     6.6699     0.7072    96.8006 1.0000e-12  -74.04178 -116.15459  52.264025      99.90 1.6560e+01    690.758      16579  1029.2924  1029.2919     4.5921     0.2086     0.1185    34.1063    34.1057    8.44329         27 0.0000e+00
    384.000    379.674    -1.7451  27.084084    -1.7440  27.084449     6.4928     6.6720     0.9360    96.7023 1.0000e-12  -74.04178 -116.15459  52.264038      99.90 1.7167e+01    691.866      16606  1029.2979  1029.2973     4.5875     0.1844     0.1145    34.1072    34.1065    8.44281         27 0.0000e+00
    385.000    380.665    -1.7451  27.084428    -1.7442  27.084745     6.4958     6.6771     1.0269    96.8067 1.0000e-12  -74.04178 -116.15458  52.264051      99.89 1.9631e+01    693.015      16633  1029.3026  1029.3021     4.5924     0.2956     0.1210    34.1071    34.1064    8.44282         28 0.0000e+00
    386.000    381.652    -1.7467  27.084001    -1.7458  27.084331     6.5063     6.6842     0.9620    96.3281 1.0000e-12  -74.04178 -116.15458  52.264064      99.89 1.6881e+01    694.152      16661  1029.3080  1029.3076     4.5697     0.2209     0.1177    34.1076    34.1071    8.44313         27 0.0000e+00
    387.000    382.637    -1.7469  27.085172    -1.7460  27.085440     6.4975     6.6747     0.8682    97.0094 1.0000e-12  -74.04178 -116.15458  52.264077      99.90 1.7613e+01    695.268      16687  1029.3139  1029.3133     4.6020     0.1980     0.1163    34.1089    34.1082    8.44312         27 0.0000e+00
    388.000    383.628    -1.7469  27.085809    -1.7461  27.085924     6.5004     6.6658     0.8334    96.9284 1.0000e-12  -74.04178 -116.15458  52.264090      99.90 1.9506e+01    696.407      16715  1029.3189  1029.3183     4.5981     0.2082     0.1189    34.1092    34.1083    8.44310         27 0.0000e+00
    389.000    384.613    -1.7452  27.088120    -1.7433  27.089214     6.5023     6.6783     0.9728    97.1176 1.0000e-12  -74.04178 -116.15458  52.264103      99.90 1.6255e+01    697.527      16742  1029.3241  1029.3235     4.6071     0.2164     0.1212    34.1098    34.1092    8.44266         26 0.0000e+00
    390.000    385.604    -1.7439  27.089686    -1.7426  27.090459     6.5101     6.6869     0.8388    96.7349 1.0000e-12  -74.04178 -116.15458  52.264116      99.90 1.6651e+01    698.628      16768  1029.3290  1029.3285     4.5890     0.1529     0.1140    34.1099    34.1094    8.44237         27 0.0000e+00
    391.000    386.589    -1.7498  27.086580    -1.7489  27.086935     6.5213     6.7049     0.8202    96.9195 1.0000e-12  -74.04178 -116.15458  52.264129      92.76 1.9019e+01    699.759      16795  1029.3356  1029.3351     4.5977     0.2324     0.1184    34.1117    34.1111    8.44361         27 0.0000e+00
    392.000    387.579    -1.7513  27.086619    -1.7503  27.086918     6.5288     6.7141     0.7833    96.8907 1.0000e-12  -74.04178 -116.15458  52.264142      99.94 1.6418e+01    700.902      16823  1029.3414  1029.3408     4.5963     0.1863     0.1154    34.1128    34.1121    8.44387         28 0.0000e+00
    393.000    388.567    -1.7536  27.085537    -1.7528  27.085728     6.5290     6.7049     0.6433    96.2665 1.0000e-12  -74.04178 -116.15458  52.264155      99.90 1.6389e+01    702.030      16850  1029.3468  1029.3462     4.5668     0.2091     0.1176    34.1134    34.1127    8.44437         27 0.0000e+00
    394.000    389.554    -1.7544  27.085419    -1.7534  27.085755     6.5309     6.7032     0.5796    96.1921 1.0000e-12  -74.04178 -116.15458  52.264169      99.89 1.9474e+01    703.172      16877  1029.3516  1029.3511     4.5632     0.1601     0.1295    34.1134    34.1128    8.44454         25 0.0000e+00
    395.000    390.542    -1.7541  27.086254    -1.7532  27.086582     6.5332     6.7023     0.6340    96.6707 1.0000e-12  -74.04178 -116.15458  52.264182      99.89 1.6618e+01    704.305      16904  1029.3566  1029.3561     4.5859     0.2184     0.1184    34.1137    34.1131    8.44447         27 0.0000e+00
    396.000    391.528    -1.7544  27.086471    -1.7534  27.086898     6.5312     6.7031     0.6133    96.8691 1.0000e-12  -74.04178 -116.15458  52.264195      99.90 1.6132e+01    705.407      16931  1029.3614  1029.3609     4.5953     0.1526     0.1141    34.1137    34.1131    8.44453         26 0.0000e+00
    397.000    392.517    -1.7547  27.086982    -1.7537  27.087349     6.5335     6.7036     0.5904    97.0409 1.0000e-12  -74.04178 -116.15458  52.264207      99.87 1.6685e+01    706.522      16958  1029.3666  1029.3660     4.6035     0.3389     0.1208    34.1142    34.1135    8.44458         28 0.0000e+00
    398.000    393.505    -1.7544  27.088740    -1.7534  27.089101     6.5399     6.7045     0.7086    96.9859 1.0000e-12  -74.04178 -116.15458  52.264220      99.88 1.6747e+01    707.644      16984  1029.3725  1029.3719     4.6009     0.2746     0.1263    34.1156    34.1149    8.44442         26 0.0000e+00
    399.000    394.492    -1.7554  27.089582    -1.7545  27.089823     6.5396     6.7053     0.8676    97.1259 1.0000e-12  -74.04178 -116.15458  52.264233      99.90 1.6127e+01    708.750      17011  1029.3788  1029.3781     4.6075     0.1845     0.1203    34.1173    34.1166    8.44455         27 0.0000e+00
    400.000    395.480    -1.7559  27.089913    -1.7549  27.090238     6.5339     6.7060     0.8769    96.7971 1.0000e-12  -74.04178 -116.15458  52.264246      99.89 1.6456e+01    709.884      17038  1029.3839  1029.3832     4.5919     0.2033     0.1151    34.1177    34.1170    8.44464         27 0.0000e+00
    401.000    396.469    -1.7546  27.092334    -1.7535  27.092747     6.5378     6.7070     0.7255    96.8164 1.0000e-12  -74.04178 -116.15458  52.264260      99.88 1.6655e+01    711.032      17066  1029.3896  1029.3889     4.5928     0.3474     0.1179    34.1190    34.1183    8.44427         27 0.0000e+00
    402.000    397.455    -1.7539  27.093608    -1.7529  27.093979     6.5318     6.7077     0.8328    96.7877 1.0000e-12  -74.04178 -116.15458  52.264273      94.62 1.6050e+01    712.149      17093  1029.3945  1029.3940     4.5915     0.3031     0.1222    34.1193    34.1186    8.44408         27 0.0000e+00
    403.000    398.444    -1.7538  27.094255    -1.7528  27.094648     6.5283     6.7083     0.9232    96.5972 1.0000e-12  -74.04178 -116.15458  52.264285      99.94 1.6591e+01    713.263      17119  1029.3995  1029.3990     4.5824     0.3070     0.1262    34.1195    34.1189    8.44406         27 0.0000e+00
    404.000    399.432    -1.7532  27.095935    -1.7521  27.096232     6.5230     6.7088     1.0360    96.4285 1.0000e-12  -74.04178 -116.15458  52.264298      99.89 1.7304e+01    714.377      17146  1029.4050  1029.4043     4.5745     0.2115     0.1195    34.1204    34.1196    8.44384         27 0.0000e+00
    405.000    400.419    -1.7530  27.096757    -1.7520  27.097199     6.5303     6.7022     0.7617    96.1691 1.0000e-12  -74.04178 -116.15458  52.264311      99.89 1.6094e+01    715.457      17172  1029.4100  1029.4095     4.5621     0.2385     0.1168    34.1208    34.1202    8.44379         26 0.0000e+00
    406.000    401.407    -1.7530  27.097699    -1.7520  27.097935     6.5259     6.6904     1.3380    96.7411 1.0000e-12  -74.04178 -116.15458  52.264324      99.89 1.6384e+01    716.568      17199  1029.4153  1029.4147     4.5893     0.1961     0.1154    34.1214    34.1206    8.44374         27 0.0000e+00
    407.000    402.394    -1.7519  27.099751    -1.7510  27.099938     6.5124     6.6876     0.8989    96.4697 1.0000e-12  -74.04178 -116.15458  52.264337      99.90 1.7764e+01    717.737      17227  1029.4209  1029.4202     4.5764     0.2005     0.1198    34.1224    34.1216    8.44344         28 0.0000e+00
    408.000    403.382    -1.7507  27.101545    -1.7496  27.101840     6.5191     6.6908     0.7197    96.9025 1.0000e-12  -74.04178 -116.15459  52.264350      99.88 1.6124e+01    718.877      17254  1029.4260  1029.4253     4.5969     0.2773     0.1244    34.1229    34.1221    8.44313         27 0.0000e+00
    409.000    404.370    -1.7482  27.105058    -1.7473  27.105194     6.5114     6.6844     0.7667    96.7810 1.0000e-12  -74.04178 -116.15459  52.264363      99.90 1.6321e+01    719.988      17281  1029.4317  1029.4310     4.5911     0.2188     0.1203    34.1243    34.1234    8.44248         27 0.0000e+00
    410.000    405.357    -1.7471  27.106853    -1.7460  27.107354     6.5124     6.6835     0.8184    96.8620 1.0000e-12  -74.04178 -116.15460  52.264376      99.90 1.7696e+01    721.104      17307  1029.4370  1029.4364     4.5950     0.1860     0.1156    34.1250    34.1243    8.44220         26 0.0000e+00
    411.000    406.345    -1.7449  27.109942    -1.7438  27.110285     6.5169     6.6851     0.7141    96.6035 1.0000e-12  -74.04178 -116.15458  52.264389      99.88 1.6137e+01    722.188      17334  1029.4426  1029.4419     4.5827     0.2642     0.1176    34.1261    34.1253    8.44163         26 0.0000e+00
    412.000    407.334    -1.7454  27.110899    -1.7443  27.111225     6.5110     6.6816     1.2664    96.9211 1.0000e-12  -74.04178 -116.15460  52.264401      99.90 1.6137e+01    723.280      17360  1029.4484  1029.4478     4.5978     0.2156     0.1167    34.1273    34.1266    8.44166         26 0.0000e+00
    413.000    408.321    -1.7465  27.111059    -1.7455  27.111336     6.5121     6.6880     0.7906    96.9448 1.0000e-12  -74.04178 -116.15458  52.264415      91.03 1.7878e+01    724.420      17387  1029.4540  1029.4533     4.5989     0.2419     0.1166    34.1282    34.1274    8.44186         29 0.0000e+00
    414.000    409.308    -1.7469  27.111477    -1.7457  27.111933     6.5104     6.6860     0.6767    96.4682 1.0000e-12  -74.04178 -116.15459  52.264428      93.33 1.6075e+01    725.559      17414  1029.4591  1029.4585     4.5764     0.2237     0.1188    34.1286    34.1279    8.44192         26 0.0000e+00
    415.000    410.297    -1.7464  27.112620    -1.7453  27.112934     6.5049     6.6833     0.7919    96.5141 1.0000e-12  -74.04178 -116.15459  52.264441      99.92 1.6434e+01    726.693      17442  1029.4642  1029.4635     4.5785     0.2597     0.1186    34.1290    34.1282    8.44178         28 0.0000e+00
