ocean_section_plots/required_files/ctd/dnbp2202_ctd235.cnv
* Sea-Bird SBE 9 Data File:
* FileName = D:\Data\raw\NBP2202_CTD235.hex
* Software Version Seasave V 7.26.7.121
* Temperature SN = 1649
* Conductivity SN = 2513
* Number of Bytes Per Scan = 40
* Number of Voltage Words = 5
* Number of Scans Averaged by the Deck Unit = 1
* NMEA Latitude = 73 51.74 S
* NMEA Longitude = 114 00.97 W
* NMEA UTC (Time) = Feb 13 2022  11:49:12
* NMEA baud rate = 9600
** Ship: RVIB N.B. Palmer
** Cruise: NBP2202 Thwaites
** Station: 146
** Operator: B. Bjork
# nquan = 28
# nvalues = 271                         
# units = specified
# name 0 = prDM: Pressure, Digiquartz [db]
# name 1 = depSM: Depth [salt water, m]
# name 2 = t090C: Temperature [ITS-90, deg C]
# name 3 = c0mS/cm: Conductivity [mS/cm]
# name 4 = t190C: Temperature, 2 [ITS-90, deg C]
# name 5 = c1mS/cm: Conductivity, 2 [mS/cm]
# name 6 = sbeox0ML/L: Oxygen, SBE 43 [ml/l]
# name 7 = sbeox1ML/L: Oxygen, SBE 43, 2 [ml/l]
# name 8 = flECO-AFL: Fluorescence, WET Labs ECO-AFL/FL [mg/m^3]
# name 9 = CStarTr0: Beam Transmission, WET Labs C-Star [%]
# name 10 = par: PAR/Irradiance, Biospherical/Licor
# name 11 = latitude: Latitude [deg]
# name 12 = longitude: Longitude [deg]
# name 13 = timeJ: Julian Days
# name 14 = altM: Altimeter [m]
# name 15 = spar: SPAR, Biospherical/Licor
# name 16 = timeS: Time, Elapsed [seconds]
# name 17 = scan: Scan Count
# name 18 = density00: Density [density, kg/m^3]
# name 19 = density11: Density, 2 [density, kg/m^3]
# name 20 = v3: Voltage 3
# name 21 = v4: Voltage 4
# name 22 = v5: Voltage 5
# name 23 = sal00: Salinity, Practical [PSU]
# name 24 = sal11: Salinity, Practical, 2 [PSU]
# name 25 = oxsolML/L: Oxygen Saturation, Garcia & Gordon [ml/l]
# name 26 = nbin: number of scans per bin
# name 27 = flag: flag
# span 0 =      2.000,    272.000       
# span 1 =      1.979,    269.012       
# span 2 =    -1.2192,    -0.8344       
# span 3 =  27.269778,  27.787490       
# span 4 =    -1.2173,    -0.8324       
# span 5 =  27.269833,  27.787537       
# span 6 =     5.2675,     8.6011       
# span 7 =     5.4238,     8.8975       
# span 8 =     0.3201,    19.8965       
# span 9 =    77.2933,    96.1106       
# span 10 = -3.241e-05, 4.9666e+01      
# span 11 =  -73.86234,  -73.86232      
# span 12 = -114.01636, -114.01634      
# span 13 =  44.494660,  44.499058      
# span 14 =       6.24,      99.97      
# span 15 = 6.8224e+02, 7.3192e+02      
# span 16 =    186.592,    566.652      
# span 17 =       4479,      13601      
# span 18 =  1027.1593,  1028.7222      
# span 19 =  1027.1577,  1028.7201      
# span 20 =     3.6674,     4.5593      
# span 21 =     0.1142,     3.0214      
# span 22 =     0.1322,     0.2465      
# span 23 =    33.7623,    34.1058      
# span 24 =    33.7608,    34.1035      
# span 25 =    8.23955,    8.33568      
# span 26 =          6,         47      
# span 27 = 0.0000e+00, 0.0000e+00      
# interval = decibars: 1                
# start_time = Feb 13 2022 11:49:12 [NMEA time, header]
# bad_flag = -9.990e-29
*END*
[from data line 104]
    106.000    104.876    -0.9636  27.361409    -0.9618  27.361564     8.4447     8.7448    15.4799    78.6707 1.0000e-12  -73.86233 -114.01636  44.496330      93.52 7.2779e+02    330.901       7943  1027.6671  1027.6656     3.7324     2.2595     0.1691    33.7742    33.7724    8.28728         24 0.0000e+00
    107.000    105.865    -0.9629  27.362705    -0.9614  27.362525     8.4450     8.7414    14.1339    79.0929 1.0000e-12  -73.86233 -114.01636  44.496341      99.70 7.2806e+02    331.872       7966  1027.6722  1027.6705     3.7524     2.7960     0.2340    33.7746    33.7726    8.28711         24 0.0000e+00
    108.000    106.859    -0.9626  27.363568    -0.9611  27.363367     8.4407     8.7403    14.5207    79.3012 1.0000e-12  -73.86233 -114.01636  44.496353      99.73 7.2935e+02    332.856       7990  1027.6772  1027.6755     3.7623     2.4285     0.2160    33.7749    33.7729    8.28704         23 0.0000e+00
    109.000    107.845    -0.9625  27.364147    -0.9611  27.363742     8.4517     8.7367    14.4718    79.2342 1.0000e-12  -73.86233 -114.01636  44.496364      99.84 7.3075e+02    333.874       8014  1027.6819  1027.6802     3.7593     2.6145     0.2042    33.7749    33.7728    8.28700         25 0.0000e+00
    110.000    108.834    -0.9623  27.364730    -0.9609  27.364480     8.4509     8.7415    13.6063    80.1258 1.0000e-12  -73.86233 -114.01636  44.496376      99.62 7.3144e+02    334.865       8038  1027.6867  1027.6851     3.8013     2.3475     0.2409    33.7749    33.7729    8.28697         23 0.0000e+00
    111.000    109.823    -0.9629  27.364353    -0.9610  27.364801     8.4391     8.7422    14.0308    80.5663 1.0000e-12  -73.86233 -114.01636  44.496387      99.77 7.3036e+02    335.847       8061  1027.6912  1027.6898     3.8222     2.5479     0.2029    33.7744    33.7729    8.28713         24 0.0000e+00
    112.000    110.813    -0.9620  27.366003    -0.9602  27.366157     8.4409     8.7429    16.1380    79.8376 1.0000e-12  -73.86234 -114.01636  44.496399      99.46 7.2944e+02    336.838       8085  1027.6964  1027.6948     3.7877     2.0539     0.1841    33.7750    33.7732    8.28689         23 0.0000e+00
    113.000    111.802    -0.9622  27.366138    -0.9606  27.366124     8.4408     8.7414    14.5948    80.0158 1.0000e-12  -73.86234 -114.01636  44.496410      99.46 7.2731e+02    337.790       8108  1027.7010  1027.6995     3.7961     2.0905     0.1709    33.7748    33.7729    8.28695         23 0.0000e+00
    114.000    112.790    -0.9619  27.366939    -0.9603  27.367029     8.4436     8.7330    12.5171    80.6477 1.0000e-12  -73.86234 -114.01636  44.496421      99.61 7.2574e+02    338.759       8131  1027.7059  1027.7044     3.8262     2.3123     0.2389    33.7749    33.7732    8.28687         24 0.0000e+00
    115.000    113.780    -0.9615  27.367864    -0.9599  27.367812     8.4433     8.7261    15.2655    79.9041 1.0000e-12  -73.86234 -114.01636  44.496432      99.56 7.2513e+02    339.767       8155  1027.7108  1027.7092     3.7908     2.2078     0.2021    33.7751    33.7732    8.28677         24 0.0000e+00
    116.000    114.769    -0.9614  27.368404    -0.9598  27.368385     8.4397     8.7286    15.9107    78.6658 1.0000e-12  -73.86234 -114.01636  44.496444      99.60 7.2725e+02    340.760       8179  1027.7157  1027.7141     3.7320     2.3042     0.1947    33.7752    33.7733    8.28675         23 0.0000e+00
    117.000    115.758    -0.9616  27.368740    -0.9600  27.368696     8.4392     8.7370    16.2130    77.2933 1.0000e-12  -73.86234 -114.01636  44.496455      99.67 7.2746e+02    341.708       8202  1027.7205  1027.7189     3.6674     2.3745     0.2024    33.7752    33.7733    8.28679         23 0.0000e+00
    118.000    116.748    -0.9612  27.369685    -0.9596  27.369571     8.4380     8.7386    14.5434    78.3180 1.0000e-12  -73.86234 -114.01636  44.496466      99.64 7.2600e+02    342.695       8226  1027.7254  1027.7237     3.7157     2.3421     0.1971    33.7754    33.7734    8.28668         24 0.0000e+00
    119.000    117.735    -0.9614  27.369763    -0.9598  27.369749     8.4407     8.7382    13.7078    80.3043 1.0000e-12  -73.86234 -114.01636  44.496478      99.54 7.2678e+02    343.688       8250  1027.7300  1027.7284     3.8098     2.2026     0.1948    33.7752    33.7733    8.28675         23 0.0000e+00
    120.000    118.725    -0.9618  27.370020    -0.9603  27.369851     8.4364     8.7347    14.9444    80.5185 1.0000e-12  -73.86234 -114.01636  44.496489      96.91 7.2687e+02    344.659       8273  1027.7350  1027.7334     3.8200     2.3968     0.2236    33.7753    33.7734    8.28683         25 0.0000e+00
    121.000    119.716    -0.9620  27.370233    -0.9606  27.369970     8.4306     8.7308    14.7024    80.3169 1.0000e-12  -73.86234 -114.01636  44.496501      99.58 7.2747e+02    345.664       8297  1027.7397  1027.7381     3.8105     2.3508     0.2116    33.7752    33.7733    8.28688         24 0.0000e+00
    122.000    120.703    -0.9621  27.370695    -0.9605  27.370647     8.4350     8.7329    14.2411    80.3099 1.0000e-12  -73.86234 -114.01636  44.496512      99.56 7.2893e+02    346.676       8321  1027.7446  1027.7430     3.8101     2.2473     0.1882    33.7753    33.7735    8.28689         24 0.0000e+00
    123.000    121.693    -0.9620  27.371171    -0.9603  27.371144     8.4397     8.7250    13.3045    79.2595 1.0000e-12  -73.86234 -114.01635  44.496524      99.70 7.2922e+02    347.658       8345  1027.7492  1027.7477     3.7603     2.4937     0.2465    33.7752    33.7733    8.28687         23 0.0000e+00
    124.000    122.681    -0.9622  27.371283    -0.9608  27.371035     8.4341     8.7300    15.3263    79.2085 1.0000e-12  -73.86234 -114.01635  44.496535      99.58 7.2871e+02    348.663       8369  1027.7540  1027.7523     3.7579     2.2192     0.2242    33.7750    33.7731    8.28694         25 0.0000e+00
    125.000    123.671    -0.9629  27.371141    -0.9613  27.371088     8.4260     8.7356    14.7916    80.3442 1.0000e-12  -73.86234 -114.01635  44.496547      99.42 7.2861e+02    349.663       8393  1027.7587  1027.7571     3.8118     2.0390     0.2003    33.7750    33.7731    8.28709         23 0.0000e+00
    126.000    124.660    -0.9633  27.371219    -0.9619  27.371103     8.4235     8.7236    13.5279    80.2704 1.0000e-12  -73.86234 -114.01635  44.496558      99.66 7.2822e+02    350.622       8416  1027.7636  1027.7620     3.8082     2.3381     0.2024    33.7750    33.7732    8.28719         23 0.0000e+00
    127.000    125.649    -0.9630  27.372586    -0.9614  27.372433     8.4156     8.7096    14.6103    80.4034 1.0000e-12  -73.86234 -114.01635  44.496570      99.53 7.2644e+02    351.613       8440  1027.7690  1027.7673     3.8140     2.2184     0.2188    33.7759    33.7739    8.28707         24 0.0000e+00
    128.000    126.638    -0.9635  27.372710    -0.9616  27.372714     8.4140     8.6995    15.4884    79.3394 1.0000e-12  -73.86234 -114.01635  44.496581      99.61 7.2808e+02    352.612       8464  1027.7739  1027.7721     3.7646     2.3078     0.1902    33.7760    33.7739    8.28717         24 0.0000e+00
    129.000    127.627    -0.9651  27.371687    -0.9632  27.371885     8.3972     8.6980    15.2281    80.2334 1.0000e-12  -73.86234 -114.01635  44.496592      99.43 7.2630e+02    353.586       8487  1027.7786  1027.7770     3.8065     1.9892     0.2018    33.7757    33.7739    8.28752         23 0.0000e+00
    130.000    128.616    -0.9657  27.371716    -0.9636  27.372312     8.3944     8.6990    15.0165    79.0113 1.0000e-12  -73.86234 -114.01634  44.496604      99.61 7.2506e+02    354.564       8511  1027.7835  1027.7822     3.7485     2.3348     0.2153    33.7759    33.7743    8.28766         24 0.0000e+00
    131.000    129.606    -0.9670  27.371646    -0.9652  27.371699     8.3939     8.6923    15.2793    79.9992 1.0000e-12  -73.86234 -114.01634  44.496615      99.46 7.2585e+02    355.546       8534  1027.7890  1027.7873     3.7954     2.0858     0.2185    33.7765    33.7746    8.28789         23 0.0000e+00
    132.000    130.594    -0.9667  27.372249    -0.9652  27.371971     8.3945     8.6904    14.0266    79.9666 1.0000e-12  -73.86234 -114.01634  44.496626      97.81 7.2592e+02    356.507       8557  1027.7937  1027.7919     3.7938     2.2355     0.2117    33.7765    33.7744    8.28784         23 0.0000e+00
    133.000    131.583    -0.9670  27.372460    -0.9651  27.372523     8.3830     8.6843    14.5214    79.6795 1.0000e-12  -73.86234 -114.01634  44.496638      95.35 7.2586e+02    357.485       8581  1027.7985  1027.7967     3.7801     2.0927     0.1806    33.7765    33.7744    8.28791         24 0.0000e+00
    134.000    132.573    -0.9679  27.372636    -0.9664  27.372586     8.3476     8.6447    14.2326    78.6641 1.0000e-12  -73.86234 -114.01634  44.496649      99.56 7.2616e+02    358.481       8605  1027.8039  1027.8024     3.7322     2.2323     0.2208    33.7771    33.7754    8.28807         24 0.0000e+00
    135.000    133.560    -0.9695  27.372810    -0.9684  27.372598     8.2716     8.5632    14.4812    79.0104 1.0000e-12  -73.86234 -114.01634  44.496660      99.58 7.2654e+02    359.454       8628  1027.8098  1027.8085     3.7485     2.2619     0.2169    33.7785    33.7769    8.28834         23 0.0000e+00
    136.000    134.550    -0.9706  27.372888    -0.9692  27.372664     8.0824     8.4029    14.0767    78.5348 1.0000e-12  -73.86234 -114.01634  44.496672      99.53 7.2680e+02    360.446       8652  1027.8152  1027.8138     3.7259     2.2130     0.2208    33.7792    33.7774    8.28853         25 0.0000e+00
    137.000    135.539    -0.9868  27.364555    -0.9849  27.364800     7.8587     8.2184    13.8822    80.1946 1.0000e-12  -73.86234 -114.01634  44.496684      99.52 7.2827e+02    361.466       8676  1027.8262  1027.8247     3.8047     2.2122     0.1793    33.7855    33.7837    8.29175         24 0.0000e+00
    138.000    136.529    -1.0324  27.340444    -1.0280  27.342231     7.6950     8.0714    14.5211    79.7281 1.0000e-12  -73.86234 -114.01634  44.496695      99.40 7.2946e+02    362.476       8700  1027.8484  1027.8461     3.7825     2.0749     0.2180    33.8032    33.8007    8.30078         24 0.0000e+00
    139.000    137.517    -1.0536  27.329150    -1.0488  27.331603     7.6207     7.9794    13.9077    80.1770 1.0000e-12  -73.86234 -114.01634  44.496707      99.56 7.3019e+02    363.472       8724  1027.8607  1027.8588     3.8039     2.2533     0.2075    33.8111    33.8091    8.30501         24 0.0000e+00
    140.000    138.507    -1.0716  27.319807    -1.0641  27.323246     7.5813     7.9129    12.8347    80.9305 1.0000e-12  -73.86234 -114.01634  44.496718      99.40 7.3192e+02    364.468       8748  1027.8720  1027.8686     3.8394     2.0620     0.1726    33.8180    33.8143    8.30860         23 0.0000e+00
    141.000    139.495    -1.0726  27.319452    -1.0692  27.320557     7.5397     7.8591    13.6899    80.4075 1.0000e-12  -73.86234 -114.01634  44.496730      99.53 7.3056e+02    365.440       8772  1027.8767  1027.8746     3.8148     2.1961     0.2027    33.8181    33.8158    8.30882         24 0.0000e+00
    142.000    140.485    -1.0833  27.313051    -1.0793  27.314877     7.5100     7.8222    13.0346    80.0931 1.0000e-12  -73.86234 -114.01634  44.496741      99.35 7.2938e+02    366.410       8795  1027.8841  1027.8823     3.7999     1.8503     0.1855    33.8207    33.8188    8.31103         23 0.0000e+00
    143.000    141.473    -1.0959  27.305829    -1.0938  27.306580     7.5206     7.8148    10.8025    80.3667 1.0000e-12  -73.86234 -114.01634  44.496752      99.35 7.2991e+02    367.411       8819  1027.8924  1027.8912     3.8128     1.7828     0.2001    33.8245    33.8231    8.31360         24 0.0000e+00
    144.000    142.462    -1.0978  27.305583    -1.0974  27.304858     7.5447     7.8217    10.7867    81.7574 1.0000e-12  -73.86234 -114.01634  44.496764      99.35 7.3108e+02    368.394       8842  1027.8980  1027.8969     3.8787     1.7374     0.1844    33.8257    33.8243    8.31397         24 0.0000e+00
    145.000    143.451    -1.0941  27.307885    -1.0930  27.307587     7.5620     7.8302    13.0021    80.6115 1.0000e-12  -73.86232 -114.01634  44.496775      99.35 7.3083e+02    369.368       8866  1027.9010  1027.8996     3.8252     1.9733     0.1912    33.8241    33.8223    8.31325         23 0.0000e+00
    146.000    144.441    -1.0957  27.307461    -1.0939  27.307599     7.5581     7.8158    12.0656    81.7171 1.0000e-12  -73.86232 -114.01634  44.496786      99.04 7.3057e+02    370.354       8889  1027.9062  1027.9046     3.8762     1.7133     0.2175    33.8247    33.8228    8.31356         24 0.0000e+00
    147.000    145.429    -1.0933  27.309010    -1.0930  27.308359     7.5115     7.7706    10.8354    80.1123 1.0000e-12  -73.86232 -114.01634  44.496798      99.42 7.2975e+02    371.333       8913  1027.9096  1027.9087     3.8008     1.7079     0.1860    33.8234    33.8222    8.31309         23 0.0000e+00
    148.000    146.417    -1.0975  27.306922    -1.0953  27.307544     7.4158     7.6787    11.6582    81.2768 1.0000e-12  -73.86232 -114.01634  44.496809      99.42 7.2940e+02    372.298       8936  1027.9157  1027.9142     3.8560     1.6359     0.1923    33.8247    33.8230    8.31396         24 0.0000e+00
    149.000    147.407    -1.1084  27.300823    -1.1082  27.300340     7.2839     7.5690    12.3446    81.6097 1.0000e-12  -73.86232 -114.01634  44.496821      99.46 7.2845e+02    373.290       8960  1027.9237  1027.9230     3.8718     1.9854     0.1951    33.8280    33.8271    8.31617         23 0.0000e+00
    150.000    148.397    -1.1324  27.287073    -1.1327  27.286434     7.1711     7.4717    12.1271    81.0704 1.0000e-12  -73.86232 -114.01634  44.496832      99.40 7.2954e+02    374.277       8984  1027.9361  1027.9357     3.8462     1.7301     0.1896    33.8357    33.8351    8.32106         24 0.0000e+00
    151.000    149.385    -1.1514  27.276574    -1.1498  27.277067     7.0672     7.3677    15.0551    80.8941 1.0000e-12  -73.86232 -114.01634  44.496843      99.39 7.2782e+02    375.235       9007  1027.9471  1027.9462     3.8374     1.9652     0.2196    33.8421    33.8410    8.32489         22 0.0000e+00
    152.000    150.375    -1.1613  27.272134    -1.1576  27.273202     6.9325     7.2324    11.0702    80.1422 1.0000e-12  -73.86232 -114.01634  44.496854      99.41 7.2755e+02    376.193       9030  1027.9560  1027.9536     3.8025     1.6904     0.1922    33.8466    33.8439    8.32684         24 0.0000e+00
    153.000    151.363    -1.1703  27.269778    -1.1685  27.269833     6.8240     7.1171     9.9338    81.4388 1.0000e-12  -73.86232 -114.01634  44.496865      99.48 7.2808e+02    377.179       9053  1027.9662  1027.9646     3.8637     1.4453     0.1677    33.8529    33.8510    8.32846         23 0.0000e+00
    154.000    152.351    -1.1800  27.273109    -1.1780  27.273605     6.7585     7.0348    10.5913    81.6119 1.0000e-12  -73.86232 -114.01634  44.496877      99.35 7.2644e+02    378.154       9077  1027.9834  1027.9821     3.8719     1.7387     0.2081    33.8678    33.8663    8.32975         24 0.0000e+00
    155.000    153.340    -1.1798  27.275752    -1.1793  27.275192     6.6684     6.9328     9.5160    82.6090 1.0000e-12  -73.86232 -114.01636  44.496888      99.41 7.2594e+02    379.138       9100  1027.9902  1027.9892     3.9191     1.5788     0.2055    33.8707    33.8693    8.32955         24 0.0000e+00
    156.000    154.330    -1.1836  27.276211    -1.1824  27.276574     6.5297     6.8059     9.8329    82.5904 1.0000e-12  -73.86232 -114.01634  44.496899      99.42 7.2668e+02    380.105       9124  1027.9985  1027.9978     3.9183     1.5574     0.1946    33.8749    33.8741    8.33013         23 0.0000e+00
