ocean_section_plots/required_files/ctd/dnbp2202_ctd130.cnv
* Sea-Bird SBE 9 Data File:
* FileName = D:\Data\raw\NBP2202_CTD130.hex
* Software Version Seasave V 7.26.7.121
* Temperature SN = 1649
* Conductivity SN = 2513
* Number of Bytes Per Scan = 40
* Number of Voltage Words = 5
* Number of Scans Averaged by the Deck Unit = 1
* NMEA Latitude = 74 06.03 S
* NMEA Longitude = 112 01.87 W
* NMEA UTC (Time) = Jan 28 2022  00:59:49
* NMEA baud rate = 9600
** Ship: RVIB N.B. Palmer
** Cruise: NBP2202 Thwaites
** Station: 59
** Operator: A. Robinson
# nquan = 25
# nvalues = 651                         
# units = specified
# name 0 = prDM: Pressure, Digiquartz [db]
# name 1 = depSM: Depth [salt water, m]
# name 2 = t090C: Temperature [ITS-90, deg C]
# name 3 = c0mS/cm: Conductivity [mS/cm]
# name 4 = t190C: Temperature, 2 [ITS-90, deg C]
# name 5 = c1mS/cm: Conductivity, 2 [mS/cm]
# name 6 = sbeox0ML/L: Oxygen, SBE 43 [ml/l]
# name 7 = sbeox1ML/L: Oxygen, SBE 43, 2 [ml/l]
# name 8 = flECO-AFL: Fluorescence, WET Labs ECO-AFL/FL [mg/m^3]
# name 9 = CStarTr0: Beam Transmission, WET Labs C-Star [%]
# name 10 = par: PAR/Irradiance, Biospherical/Licor
# name 11 = latitude: Latitude [deg]
# name 12 = longitude: Longitude [deg]
# name 13 = timeJ: Julian Days
# name 14 = altM: Altimeter [m]
# name 15 = spar: SPAR, Biospherical/Licor
# name 16 = timeS: Time, Elapsed [seconds]
# name 17 = scan: Scan Count
# name 18 = density00: Density [density, kg/m^3]
# name 19 = density11: Density, 2 [density, kg/m^3]
# name 20 = sal00: Salinity, Practical [PSU]
# name 21 = sal11: Salinity, Practical, 2 [PSU]
# name 22 = oxsolML/L: Oxygen Saturation, Garcia & Gordon [ml/l]
# name 23 = nbin: number of scans per bin
# name 24 = flag: flag
# span 0 =      2.000,    652.000       
# span 1 =      1.982,    644.242       
# span 2 =    -1.5197,     0.3865       
# span 3 =  27.052920,  29.298052       
# span 4 =    -1.5193,     0.3889       
# span 5 =  27.052817,  29.298021       
# span 6 =     4.6471,     8.8098       
# span 7 =     4.7394,     9.0415       
# span 8 =    -0.0022,    26.8782       
# span 9 =    68.3410,    94.7702       
# span 10 = -1.769e-04, 2.4642e+02      
# span 11 =  -74.10066,  -74.10064      
# span 12 = -112.03128, -112.03124      
# span 13 =  28.046312,  28.057395      
# span 14 =       3.46,     100.62      
# span 15 = 3.9918e+02, 4.7605e+02      
# span 16 =    412.313,   1369.971      
# span 17 =       9897,      32880      
# span 18 =  1027.1953,  1030.7748      
# span 19 =  1027.1945,  1030.7726      
# span 20 =    33.8165,    34.5189      
# span 21 =    33.8162,    34.5162      
# span 22 =    7.95681,    8.40004      
# span 23 =         20,         50      
# span 24 = 0.0000e+00, 0.0000e+00      
# interval = decibars: 1                
# start_time = Jan 28 2022 00:59:49 [NMEA time, header]
# bad_flag = -9.990e-29
*END*
[from data line 174]
    176.000    174.105    -1.4784  27.147154    -1.4778  27.146804     6.3031     6.4625     0.2259    94.3202 1.0000e-12  -74.10066 -112.03124  28.049320      95.03 4.5835e+02    672.275      16136  1028.2207  1028.2197    34.0197    34.0185    8.38759         28 0.0000e+00
    177.000    175.094    -1.4788  27.147691    -1.4781  27.147193     6.3010     6.4528     0.1904    94.3343 1.0000e-12  -74.10066 -112.03124  28.049333      99.83 4.5835e+02    673.408      16163  1028.2260  1028.2248    34.0202    34.0188    8.38764         27 0.0000e+00
    178.000    176.082    -1.4733  27.153775    -1.4732  27.152636     6.2996     6.4550     0.1768    94.3699 1.0000e-12  -74.10066 -112.03124  28.049346      99.86 4.5835e+02    674.518      16189  1028.2317  1028.2303    34.0218    34.0200    8.38632         27 0.0000e+00
    179.000    177.072    -1.4703  27.157161    -1.4693  27.156848     6.3008     6.4609     0.1691    94.2603 1.0000e-12  -74.10066 -112.03124  28.049359      99.86 4.5835e+02    675.636      16216  1028.2369  1028.2355    34.0223    34.0208    8.38560         27 0.0000e+00
    180.000    178.061    -1.4687  27.158827    -1.4675  27.158933     6.3060     6.4623     0.1371    94.3089 1.0000e-12  -74.10066 -112.03124  28.049373      99.85 4.5835e+02    676.800      16244  1028.2416  1028.2405    34.0223    34.0210    8.38526         28 0.0000e+00
    181.000    179.049    -1.4664  27.162276    -1.4654  27.162024     6.3071     6.4616     0.1616    94.3106 1.0000e-12  -74.10066 -112.03124  28.049386      99.87 4.5835e+02    677.956      16272  1028.2474  1028.2462    34.0237    34.0222    8.38464         27 0.0000e+00
    182.000    180.037    -1.4644  27.166035    -1.4635  27.165782     6.3016     6.4524     0.1838    94.2664 1.0000e-12  -74.10066 -112.03124  28.049399      99.86 4.5835e+02    679.059      16298  1028.2541  1028.2529    34.0260    34.0247    8.38406         26 0.0000e+00
    183.000    181.026    -1.4641  27.167680    -1.4633  27.167232     6.2962     6.4502     0.1781    94.2686 1.0000e-12  -74.10066 -112.03124  28.049412      99.86 4.5848e+02    680.167      16325  1028.2599  1028.2587    34.0273    34.0257    8.38391         27 0.0000e+00
    184.000    182.016    -1.4631  27.170174    -1.4623  27.169628     6.2994     6.4509     0.1892    94.3322 1.0000e-12  -74.10066 -112.03124  28.049425      99.86 4.5898e+02    681.324      16353  1028.2661  1028.2647    34.0290    34.0273    8.38359         28 0.0000e+00
    185.000    183.003    -1.4615  27.173076    -1.4607  27.172858     6.2984     6.4437     0.1903    94.3076 1.0000e-12  -74.10066 -112.03124  28.049438      99.86 4.5953e+02    682.464      16380  1028.2721  1028.2710    34.0306    34.0293    8.38314         27 0.0000e+00
    186.000    183.994    -1.4612  27.173992    -1.4603  27.173680     6.2945     6.4496     0.1713    94.3747 1.0000e-12  -74.10066 -112.03125  28.049451      99.86 4.5964e+02    683.586      16407  1028.2771  1028.2759    34.0308    34.0294    8.38305         27 0.0000e+00
    187.000    184.981    -1.4608  27.174834    -1.4600  27.174610     6.2969     6.4391     0.1485    94.3617 1.0000e-12  -74.10066 -112.03125  28.049465      99.80 4.6012e+02    684.744      16435  1028.2820  1028.2810    34.0309    34.0296    8.38296         28 0.0000e+00
    188.000    185.971    -1.4603  27.175903    -1.4596  27.175510     6.2950     6.4461     0.1769    94.3640 1.0000e-12  -74.10066 -112.03125  28.049478      98.40 4.6011e+02    685.892      16462  1028.2871  1028.2859    34.0312    34.0298    8.38283         27 0.0000e+00
    189.000    186.958    -1.4599  27.176909    -1.4591  27.176633     6.2943     6.4481     0.2003    94.4209 1.0000e-12  -74.10066 -112.03125  28.049491      99.87 4.6011e+02    686.982      16489  1028.2921  1028.2910    34.0315    34.0302    8.38272         26 0.0000e+00
    190.000    187.948    -1.4586  27.179222    -1.4575  27.179208     6.2933     6.4408     0.1356    94.3554 1.0000e-12  -74.10066 -112.03124  28.049504      99.86 4.6011e+02    688.105      16516  1028.2977  1028.2967    34.0325    34.0314    8.38235         28 0.0000e+00
    191.000    188.937    -1.4577  27.181075    -1.4569  27.180629     6.2900     6.4419     0.1703    94.3375 1.0000e-12  -74.10066 -112.03126  28.049517      99.85 4.6011e+02    689.306      16544  1028.3033  1028.3020    34.0335    34.0319    8.38211         29 0.0000e+00
    192.000    189.926    -1.4572  27.182148    -1.4564  27.181829     6.2859     6.4358     0.1593    94.3585 1.0000e-12  -74.10066 -112.03126  28.049531      99.86 4.6011e+02    690.471      16572  1028.3083  1028.3071    34.0338    34.0324    8.38198         27 0.0000e+00
    193.000    190.914    -1.4571  27.183004    -1.4562  27.182708     6.2811     6.4324     0.1046    94.3774 1.0000e-12  -74.10066 -112.03126  28.049544      99.85 4.6018e+02    691.584      16599  1028.3134  1028.3123    34.0342    34.0328    8.38192         27 0.0000e+00
    194.000    191.902    -1.4572  27.183448    -1.4563  27.183159     6.2850     6.4364     0.1049    94.4136 1.0000e-12  -74.10066 -112.03126  28.049557      99.86 4.6070e+02    692.708      16626  1028.3184  1028.3172    34.0343    34.0329    8.38194         27 0.0000e+00
    195.000    192.892    -1.4576  27.183605    -1.4567  27.183337     6.2835     6.4333     0.1098    94.4419 1.0000e-12  -74.10066 -112.03126  28.049570      99.86 4.5961e+02    693.853      16653  1028.3232  1028.3221    34.0343    34.0330    8.38203         28 0.0000e+00
    196.000    193.881    -1.4576  27.184273    -1.4566  27.184119     6.2786     6.4278     0.1452    94.3590 1.0000e-12  -74.10066 -112.03126  28.049583      99.86 4.6063e+02    695.003      16681  1028.3283  1028.3271    34.0347    34.0333    8.38201         27 0.0000e+00
    197.000    194.868    -1.4563  27.186470    -1.4556  27.185861     6.2737     6.4217     0.1115    94.3964 1.0000e-12  -74.10066 -112.03126  28.049597      99.86 4.6055e+02    696.160      16709  1028.3337  1028.3324    34.0355    34.0339    8.38166         28 0.0000e+00
    198.000    195.857    -1.4534  27.189830    -1.4527  27.189348     6.2703     6.4245     0.1021    94.2883 1.0000e-12  -74.10066 -112.03126  28.049610      99.57 4.6050e+02    697.306      16736  1028.3389  1028.3377    34.0363    34.0348    8.38096         27 0.0000e+00
    199.000    196.847    -1.4509  27.192924    -1.4500  27.192553     6.2671     6.4237     0.1223    94.3683 1.0000e-12  -74.10066 -112.03126  28.049623      97.11 4.6024e+02    698.438      16764  1028.3442  1028.3430    34.0370    34.0356    8.38035         28 0.0000e+00
    200.000    197.835    -1.4461  27.198285    -1.4452  27.197867     6.2618     6.4155     0.0889    94.3673 1.0000e-12  -74.10066 -112.03126  28.049636      99.86 4.6133e+02    699.562      16790  1028.3498  1028.3485    34.0383    34.0368    8.37920         26 0.0000e+00
    201.000    198.824    -1.4437  27.201337    -1.4429  27.201027     6.2651     6.4195     0.1088    94.5020 1.0000e-12  -74.10066 -112.03126  28.049649      99.86 4.6042e+02    700.690      16818  1028.3552  1028.3540    34.0392    34.0378    8.37861         28 0.0000e+00
    202.000    199.812    -1.4419  27.203948    -1.4409  27.203637     6.2656     6.4114     0.1236    94.4410 1.0000e-12  -74.10066 -112.03126  28.049663      99.86 4.6086e+02    701.854      16845  1028.3606  1028.3594    34.0401    34.0386    8.37814         28 0.0000e+00
    203.000    200.801    -1.4413  27.205888    -1.4405  27.205544     6.2558     6.4113     0.1154    94.1176 1.0000e-12  -74.10066 -112.03126  28.049676      99.86 4.6135e+02    703.005      16873  1028.3666  1028.3653    34.0415    34.0401    8.37794         27 0.0000e+00
    204.000    201.790    -1.4319  27.216452    -1.4311  27.215862     6.2518     6.4040     0.1022    94.4308 1.0000e-12  -74.10066 -112.03126  28.049689      99.86 4.6089e+02    704.125      16900  1028.3735  1028.3720    34.0448    34.0430    8.37563         27 0.0000e+00
    205.000    202.778    -1.4301  27.218550    -1.4291  27.218242     6.2502     6.4047     0.1022    94.4127 1.0000e-12  -74.10066 -112.03126  28.049702      99.85 4.6141e+02    705.248      16927  1028.3783  1028.3771    34.0449    34.0434    8.37520         27 0.0000e+00
    206.000    203.767    -1.4288  27.220286    -1.4278  27.220123     6.2491     6.3971     0.0991    94.4354 1.0000e-12  -74.10066 -112.03126  28.049715      99.87 4.6187e+02    706.393      16954  1028.3834  1028.3822    34.0452    34.0439    8.37490         28 0.0000e+00
    207.000    204.756    -1.4277  27.222190    -1.4270  27.221571     6.2546     6.3934     0.0911    94.3407 1.0000e-12  -74.10066 -112.03126  28.049728      99.86 4.6161e+02    707.535      16982  1028.3887  1028.3874    34.0459    34.0443    8.37460         27 0.0000e+00
    208.000    205.744    -1.4273  27.223220    -1.4266  27.222976     6.2516     6.4036     0.0962    94.2789 1.0000e-12  -74.10066 -112.03126  28.049742      99.86 4.6161e+02    708.672      17009  1028.3939  1028.3929    34.0464    34.0451    8.37450         27 0.0000e+00
    209.000    206.733    -1.4279  27.223642    -1.4270  27.223381     6.2561     6.4032     0.0852    94.4019 1.0000e-12  -74.10066 -112.03126  28.049755      96.50 4.6187e+02    709.836      17037  1028.3993  1028.3981    34.0470    34.0456    8.37460         29 0.0000e+00
    210.000    207.721    -1.4278  27.224211    -1.4268  27.223899     6.2537     6.4000     0.0919    94.4569 1.0000e-12  -74.10066 -112.03126  28.049769      90.08 4.6141e+02    711.008      17065  1028.4041  1028.4028    34.0470    34.0454    8.37457         27 0.0000e+00
    211.000    208.711    -1.4273  27.225004    -1.4264  27.224664     6.2519     6.3985     0.1789    94.4750 1.0000e-12  -74.10066 -112.03126  28.049782      99.63 4.6121e+02    712.149      17093  1028.4088  1028.4076    34.0469    34.0454    8.37447         27 0.0000e+00
    212.000    209.698    -1.4271  27.225676    -1.4262  27.225321     6.2521     6.3956     0.1995    94.4823 1.0000e-12  -74.10066 -112.03126  28.049795      99.86 4.6188e+02    713.261      17119  1028.4138  1028.4125    34.0470    34.0455    8.37442         27 0.0000e+00
    213.000    210.688    -1.4273  27.225928    -1.4263  27.225772     6.2524     6.3945     0.0789    94.4823 1.0000e-12  -74.10066 -112.03126  28.049808      99.87 4.6134e+02    714.387      17146  1028.4185  1028.4174    34.0469    34.0456    8.37446         27 0.0000e+00
    214.000    211.676    -1.4275  27.226867    -1.4264  27.226602     6.2533     6.3972     0.0878    94.4186 1.0000e-12  -74.10066 -112.03126  28.049821      99.86 4.6080e+02    715.527      17174  1028.4240  1028.4227    34.0478    34.0462    8.37445         28 0.0000e+00
    215.000    212.665    -1.4275  27.227368    -1.4266  27.227063     6.2527     6.3981     0.0906    94.4935 1.0000e-12  -74.10066 -112.03126  28.049834      99.86 4.6074e+02    716.689      17202  1028.4290  1028.4277    34.0479    34.0464    8.37446         28 0.0000e+00
    216.000    213.654    -1.4277  27.228420    -1.4268  27.228068     6.2580     6.4009     0.1019    94.5052 1.0000e-12  -74.10066 -112.03126  28.049848      99.86 4.6076e+02    717.835      17229  1028.4346  1028.4334    34.0490    34.0475    8.37444         27 0.0000e+00
    217.000    214.641    -1.4276  27.229104    -1.4267  27.228837     6.2639     6.4031     0.0954    94.3649 1.0000e-12  -74.10066 -112.03126  28.049860      99.87 4.6011e+02    718.940      17256  1028.4396  1028.4384    34.0492    34.0477    8.37440         26 0.0000e+00
    218.000    215.632    -1.4277  27.229715    -1.4267  27.229330     6.2583     6.4017     0.0874    94.4986 1.0000e-12  -74.10066 -112.03126  28.049873      99.86 4.6031e+02    720.051      17282  1028.4446  1028.4433    34.0494    34.0478    8.37440         27 0.0000e+00
    219.000    216.619    -1.4269  27.230972    -1.4260  27.230592     6.2586     6.4022     0.0979    94.3973 1.0000e-12  -74.10066 -112.03126  28.049887      99.86 4.6023e+02    721.207      17310  1028.4496  1028.4483    34.0497    34.0482    8.37421         29 0.0000e+00
    220.000    217.608    -1.4266  27.231747    -1.4258  27.231445     6.2513     6.4026     0.0910    94.4367 1.0000e-12  -74.10066 -112.03126  28.049900      99.87 4.5925e+02    722.378      17338  1028.4544  1028.4533    34.0498    34.0485    8.37414         28 0.0000e+00
    221.000    218.597    -1.4264  27.232435    -1.4255  27.232174     6.2563     6.4045     0.0761    94.4820 1.0000e-12  -74.10066 -112.03126  28.049913      95.23 4.5876e+02    723.516      17365  1028.4593  1028.4581    34.0499    34.0485    8.37409         26 0.0000e+00
    222.000    219.586    -1.4264  27.232957    -1.4254  27.232711     6.2541     6.3986     0.0851    94.4928 1.0000e-12  -74.10066 -112.03126  28.049926      95.83 4.5863e+02    724.627      17392  1028.4642  1028.4629    34.0500    34.0485    8.37408         27 0.0000e+00
    223.000    220.573    -1.4263  27.233648    -1.4254  27.233270     6.2566     6.3995     0.2840    94.5125 1.0000e-12  -74.10066 -112.03126  28.049939      99.81 4.5835e+02    725.737      17419  1028.4691  1028.4678    34.0501    34.0486    8.37404         27 0.0000e+00
    224.000    221.563    -1.4262  27.234103    -1.4253  27.233854     6.2590     6.4030     0.1173    94.4773 1.0000e-12  -74.10066 -112.03126  28.049952      99.87 4.5835e+02    726.880      17446  1028.4738  1028.4727    34.0500    34.0487    8.37402         28 0.0000e+00
    225.000    222.551    -1.4267  27.234447    -1.4259  27.234155     6.2559     6.4039     0.0892    94.4952 1.0000e-12  -74.10066 -112.03126  28.049966      99.85 4.5835e+02    728.058      17474  1028.4790  1028.4779    34.0505    34.0492    8.37412         28 0.0000e+00
    226.000    223.539    -1.4282  27.234276    -1.4274  27.233944     6.2630     6.4055     0.2899    94.4861 1.0000e-12  -74.10066 -112.03126  28.049979      99.86 4.5763e+02    729.208      17502  1028.4846  1028.4834    34.0514    34.0500    8.37441         27 0.0000e+00
    227.000    224.528    -1.4293  27.234097    -1.4283  27.233990     6.2583     6.4132     0.0884    94.4951 1.0000e-12  -74.10066 -112.03126  28.049992      99.86 4.5720e+02    730.317      17529  1028.4897  1028.4887    34.0517    34.0504    8.37462         26 0.0000e+00
    228.000    225.517    -1.4299  27.234231    -1.4289  27.234048     6.2618     6.4178     0.1968    94.4783 1.0000e-12  -74.10066 -112.03126  28.050005      99.86 4.5691e+02    731.425      17555  1028.4948  1028.4936    34.0520    34.0506    8.37475         27 0.0000e+00
    229.000    226.505    -1.4307  27.234103    -1.4297  27.234011     6.2700     6.4165     0.0927    94.4889 1.0000e-12  -74.10066 -112.03126  28.050018      99.86 4.5678e+02    732.577      17583  1028.4997  1028.4986    34.0521    34.0508    8.37491         28 0.0000e+00
    230.000    227.494    -1.4311  27.234452    -1.4301  27.234224     6.2726     6.4167     0.0862    94.5039 1.0000e-12  -74.10066 -112.03126  28.050032      99.86 4.5653e+02    733.759      17611  1028.5047  1028.5036    34.0524    34.0510    8.37499         29 0.0000e+00
    231.000    228.482    -1.4310  27.234997    -1.4301  27.234662     6.2771     6.4221     0.0854    94.4927 1.0000e-12  -74.10066 -112.03126  28.050045      99.87 4.5639e+02    734.922      17639  1028.5096  1028.5083    34.0524    34.0510    8.37497         27 0.0000e+00
    232.000    229.471    -1.4318  27.235362    -1.4313  27.234980     6.2860     6.4311     0.0987    94.4851 1.0000e-12  -74.10066 -112.03126  28.050058      99.86 4.5560e+02    736.046      17666  1028.5150  1028.5141    34.0532    34.0521    8.37510         27 0.0000e+00
