ocean_section_plots/required_files/ctd/dnbp2202_ctd157.cnv
* Sea-Bird SBE 9 Data File:
* FileName = D:\Data\raw\NBP2202_CTD157.hex
* Software Version Seasave V 7.26.7.121
* Temperature SN = 1649
* Conductivity SN = 2513
* Number of Bytes Per Scan = 40
* Number of Voltage Words = 5
* Number of Scans Averaged by the Deck Unit = 1
* NMEA Latitude = 74 13.67 S
* NMEA Longitude = 112 04.02 W
* NMEA UTC (Time) = Jan 31 2022  21:24:04
* NMEA baud rate = 9600
** Ship: RVIB N.B. Palmer
** Cruise: NBP2202 Thwaites
** Station: 79
** Operator: A. Robinson
# nquan = 28
# nvalues = 504                         
# units = specified
# name 0 = prDM: Pressure, Digiquartz [db]
# name 1 = depSM: Depth [salt water, m]
# name 2 = t090C: Temperature [ITS-90, deg C]
# name 3 = c0mS/cm: Conductivity [mS/cm]
# name 4 = t190C: Temperature, 2 [ITS-90, deg C]
# name 5 = c1mS/cm: Conductivity, 2 [mS/cm]
# name 6 = sbeox0ML/L: Oxygen, SBE 43 [ml/l]
# name 7 = sbeox1ML/L: Oxygen, SBE 43, 2 [ml/l]
# name 8 = flECO-AFL: Fluorescence, WET Labs ECO-AFL/FL [mg/m^3]
# name 9 = CStarTr0: Beam Transmission, WET Labs C-Star [%]
# name 10 = par: PAR/Irradiance, Biospherical/Licor
# name 11 = latitude: Latitude [deg]
# name 12 = longitude: Longitude [deg]
# name 13 = timeJ: Julian Days
# name 14 = altM: Altimeter [m]
# name 15 = spar: SPAR, Biospherical/Licor
# name 16 = timeS: Time, Elapsed [seconds]
# name 17 = scan: Scan Count
# name 18 = density00: Density [density, kg/m^3]
# name 19 = density11: Density, 2 [density, kg/m^3]
# name 20 = v3: Voltage 3
# name 21 = v4: Voltage 4
# name 22 = v5: Voltage 5
# name 23 = sal00: Salinity, Practical [PSU]
# name 24 = sal11: Salinity, Practical, 2 [PSU]
# name 25 = oxsolML/L: Oxygen Saturation, Garcia & Gordon [ml/l]
# name 26 = nbin: number of scans per bin
# name 27 = flag: flag
# span 0 =      3.000,    506.000       
# span 1 =      2.970,    500.154       
# span 2 =    -1.4530,    -0.1114       
# span 3 =  26.998290,  28.668731       
# span 4 =    -1.4533,    -0.1093       
# span 5 =  26.998484,  28.668420       
# span 6 =     4.8676,     8.7083       
# span 7 =     4.9792,     8.6329       
# span 8 =     0.0036,    15.9353       
# span 9 =    71.1527,    93.6871       
# span 10 = 1.0000e-12, 9.5185e+02      
# span 11 =  -74.22789,  -74.22786      
# span 12 = -112.06706, -112.06700      
# span 13 =  31.894357,  31.901952      
# span 14 =      73.79,     107.18      
# span 15 = 1.9155e+03, 1.9423e+03      
# span 16 =    228.428,    884.667      
# span 17 =       5483,      21233      
# span 18 =  1027.1957,  1029.9728      
# span 19 =  1027.1944,  1029.9715      
# span 20 =     3.3761,     4.4444      
# span 21 =     0.0695,     2.4061      
# span 22 =     0.1150,     0.2138      
# span 23 =    33.7976,    34.3325      
# span 24 =    33.8007,    34.3298      
# span 25 =    8.07115,    8.38439      
# span 26 =         16,         47      
# span 27 = 0.0000e+00, 0.0000e+00      
# interval = decibars: 1                
# start_time = Jan 31 2022 21:24:04 [NMEA time, header]
# bad_flag = -9.990e-29
*END*
[from data line 415]
    418.000    413.256    -0.9508  27.827034    -0.9496  27.826740     5.7223     5.8681     0.0173    93.6568 1.0000e-12  -74.22788 -112.06703  31.900369      99.81 1.9378e+03    747.854      17949  1029.4994  1029.4979     4.4429     0.0736     0.1180    34.2013    34.1996    8.25948         24 0.0000e+00
    419.000    414.242    -0.9507  27.827917    -0.9494  27.827574     5.7045     5.8782     0.0143    93.4484 1.0000e-12  -74.22788 -112.06703  31.900380      99.81 1.9391e+03    748.816      17973  1029.5047  1029.5031     4.4333     0.0744     0.1190    34.2018    34.1999    8.25942         22 0.0000e+00
    420.000    415.231    -0.9354  27.843974    -0.9335  27.843403     5.6954     5.8494     0.0121    93.6587 1.0000e-12  -74.22788 -112.06703  31.900391      99.80 1.9419e+03    749.795      17996  1029.5115  1029.5091     4.4431     0.0734     0.1186    34.2057    34.2028    8.25584         24 0.0000e+00
    421.000    416.218    -0.9231  27.855431    -0.9219  27.854854     5.6876     5.8321     0.0078    93.6518 1.0000e-12  -74.22788 -112.06703  31.900403      99.80 1.9423e+03    750.796      18020  1029.5164  1029.5146     4.4428     0.0728     0.1178    34.2067    34.2046    8.25309         25 0.0000e+00
    422.000    417.205    -0.9192  27.859849    -0.9176  27.859531     5.6733     5.8204     0.0096    93.6576 1.0000e-12  -74.22788 -112.06703  31.900414      99.81 1.9399e+03    751.770      18043  1029.5218  1029.5200     4.4430     0.0747     0.1196    34.2077    34.2054    8.25217         22 0.0000e+00
    423.000    418.195    -0.9111  27.868339    -0.9098  27.867666     5.6638     5.7976     0.0146    93.6188 1.0000e-12  -74.22788 -112.06703  31.900425      99.80 1.9394e+03    752.702      18066  1029.5276  1029.5256     4.4412     0.0749     0.1186    34.2094    34.2070    8.25030         23 0.0000e+00
    424.000    419.181    -0.8990  27.880080    -0.8978  27.879380     5.6596     5.7991     0.0080    93.5792 1.0000e-12  -74.22788 -112.06703  31.900436      99.80 1.9376e+03    753.645      18088  1029.5329  1029.5309     4.4393     0.0727     0.1214    34.2110    34.2087    8.24755         23 0.0000e+00
    425.000    420.168    -0.8949  27.884685    -0.8937  27.884087     5.6497     5.7932     0.0139    93.6364 1.0000e-12  -74.22788 -112.06703  31.900448      99.80 1.9399e+03    754.693      18114  1029.5383  1029.5365     4.4420     0.0718     0.1197    34.2120    34.2098    8.24659         27 0.0000e+00
    426.000    421.157    -0.8916  27.888653    -0.8901  27.888034     5.6238     5.7686     0.0231    93.6496 1.0000e-12  -74.22788 -112.06703  31.900461      99.81 1.9413e+03    755.822      18141  1029.5438  1029.5418     4.4426     0.0725     0.1185    34.2130    34.2105    8.24580         27 0.0000e+00
    427.000    422.144    -0.8758  27.904519    -0.8744  27.903647     5.6100     5.7497     0.0167    93.6353 1.0000e-12  -74.22788 -112.06703  31.900473      94.39 1.9410e+03    756.904      18167  1029.5500  1029.5477     4.4420     0.0737     0.1176    34.2161    34.2132    8.24218         24 0.0000e+00
    428.000    423.132    -0.8579  27.921814    -0.8574  27.920341     5.5963     5.7360     0.0217    93.6229 1.0000e-12  -74.22788 -112.06703  31.900485      75.08 1.9397e+03    757.885      18190  1029.5556  1029.5535     4.4414     0.0713     0.1191    34.2186    34.2160    8.23811         23 0.0000e+00
    429.000    424.119    -0.8504  27.929402    -0.8489  27.929069     5.5821     5.7262     0.0185    93.6407 1.0000e-12  -74.22788 -112.06703  31.900496      84.60 1.9404e+03    758.818      18213  1029.5610  1029.5592     4.4423     0.0702     0.1192    34.2197    34.2177    8.23640         23 0.0000e+00
    430.000    425.107    -0.8491  27.931226    -0.8477  27.930782     5.5930     5.7322     0.0159    93.6399 1.0000e-12  -74.22788 -112.06703  31.900507      97.06 1.9380e+03    759.774      18236  1029.5662  1029.5644     4.4422     0.0712     0.1178    34.2201    34.2180    8.23609         23 0.0000e+00
    431.000    426.094    -0.8475  27.933122    -0.8459  27.932854     5.5857     5.7271     0.0152    93.6408 1.0000e-12  -74.22788 -112.06703  31.900518      99.82 1.9385e+03    760.776      18260  1029.5711  1029.5694     4.4423     0.0731     0.1182    34.2203    34.2182    8.23574         24 0.0000e+00
    432.000    427.082    -0.8428  27.937783    -0.8415  27.937322     5.5658     5.7009     0.0155    93.6283 1.0000e-12  -74.22788 -112.06703  31.900530      99.81 1.9390e+03    761.784      18284  1029.5761  1029.5743     4.4416     0.0721     0.1191    34.2207    34.2185    8.23469         25 0.0000e+00
    433.000    428.070    -0.8392  27.942207    -0.8372  27.941993     5.5435     5.6832     0.0146    93.6264 1.0000e-12  -74.22788 -112.06703  31.900542      99.80 1.9392e+03    762.796      18308  1029.5818  1029.5796     4.4416     0.0757     0.1189    34.2220    34.2195    8.23383         23 0.0000e+00
    434.000    429.056    -0.8029  27.976910    -0.8001  27.976844     5.5289     5.6684     0.0087    93.6419 1.0000e-12  -74.22788 -112.06703  31.900553      99.81 1.9390e+03    763.778      18332  1029.5880  1029.5853     4.4423     0.0743     0.1202    34.2272    34.2241    8.22559         24 0.0000e+00
    435.000    430.043    -0.7892  27.989916    -0.7883  27.988698     5.5143     5.6460     0.0160    93.6294 1.0000e-12  -74.22788 -112.06703  31.900564      99.82 1.9376e+03    764.741      18355  1029.5931  1029.5910     4.4417     0.0737     0.1214    34.2287    34.2261    8.22251         22 0.0000e+00
    436.000    431.035    -0.7831  27.995837    -0.7820  27.995000     5.4942     5.6328     0.0105    93.6442 1.0000e-12  -74.22788 -112.06703  31.900575      99.80 1.9372e+03    765.705      18378  1029.5982  1029.5961     4.4424     0.0736     0.1203    34.2293    34.2268    8.22117         24 0.0000e+00
    437.000    432.019    -0.7650  28.013794    -0.7643  28.011977     5.4821     5.6303     0.0149    93.6364 1.0000e-12  -74.22788 -112.06704  31.900587      99.81 1.9354e+03    766.694      18402  1029.6042  1029.6015     4.4421     0.0743     0.1200    34.2324    34.2291    8.21703         24 0.0000e+00
    438.000    433.007    -0.7509  28.026633    -0.7496  28.025928     5.4694     5.6065     0.0036    93.6515 1.0000e-12  -74.22788 -112.06704  31.900598      99.81 1.9380e+03    767.690      18426  1029.6088  1029.6067     4.4427     0.0714     0.1178    34.2332    34.2308    8.21391         24 0.0000e+00
    439.000    433.996    -0.7438  28.033776    -0.7419  28.033472     5.4377     5.5806     0.0111    93.6432 1.0000e-12  -74.22788 -112.06704  31.900610      99.80 1.9391e+03    768.665      18449  1029.6141  1029.6119     4.4424     0.0727     0.1179    34.2343    34.2316    8.21232         23 0.0000e+00
    440.000    434.982    -0.7238  28.054038    -0.7205  28.054326     5.4136     5.5590     0.0133    93.6284 1.0000e-12  -74.22788 -112.06704  31.900620      99.81 1.9392e+03    769.602      18471  1029.6209  1029.6179     4.4417     0.0721     0.1187    34.2384    34.2350    8.20773         22 0.0000e+00
    441.000    435.970    -0.6897  28.085620    -0.6868  28.086008     5.3999     5.5392     0.0127    93.6231 1.0000e-12  -74.22788 -112.06704  31.900631      89.32 1.9356e+03    770.542      18494  1029.6259  1029.6235     4.4414     0.0739     0.1186    34.2419    34.2391    8.20013         23 0.0000e+00
    442.000    436.958    -0.6809  28.093973    -0.6789  28.093673     5.3901     5.5231     0.0135    93.6386 1.0000e-12  -74.22788 -112.06704  31.900644      82.20 1.9372e+03    771.605      18520  1029.6309  1029.6286     4.4422     0.0720     0.1186    34.2426    34.2399    8.19817         29 0.0000e+00
    443.000    437.945    -0.6678  28.107000    -0.6655  28.106550     5.3690     5.5105     0.0375    93.6373 1.0000e-12  -74.22788 -112.06704  31.900657      98.72 1.9375e+03    772.789      18548  1029.6367  1029.6340     4.4421     0.0753     0.1197    34.2447    34.2415    8.19520         26 0.0000e+00
    444.000    438.933    -0.6557  28.118578    -0.6528  28.118905     5.3547     5.4929     0.0624    93.6225 1.0000e-12  -74.22788 -112.06704  31.900669      99.86 1.9372e+03    773.833      18573  1029.6419  1029.6395     4.4414     0.0747     0.1205    34.2460    34.2432    8.19251         23 0.0000e+00
    445.000    439.920    -0.6397  28.133896    -0.6392  28.132172     5.3527     5.4849     0.0151    93.6330 1.0000e-12  -74.22788 -112.06704  31.900680      99.81 1.9385e+03    774.714      18594  1029.6473  1029.6449     4.4419     0.0727     0.1207    34.2480    34.2451    8.18893         21 0.0000e+00
    446.000    440.906    -0.6295  28.143322    -0.6279  28.142850     5.3461     5.4791     0.0114    93.6417 1.0000e-12  -74.22788 -112.06704  31.900689      99.81 1.9379e+03    775.551      18614  1029.6520  1029.6499     4.4423     0.0748     0.1202    34.2486    34.2461    8.18669         20 0.0000e+00
    447.000    441.895    -0.6248  28.148228    -0.6235  28.147371     5.3399     5.4701     0.0093    93.6115 1.0000e-12  -74.22788 -112.06704  31.900700      99.81 1.9369e+03    776.475      18636  1029.6573  1029.6551     4.4409     0.0715     0.1180    34.2493    34.2467    8.18564         25 0.0000e+00
    448.000    442.884    -0.6166  28.156552    -0.6147  28.155715     5.3335     5.4611     0.0149    93.6000 1.0000e-12  -74.22788 -112.06704  31.900713      99.81 1.9366e+03    777.606      18664  1029.6628  1029.6600     4.4404     0.0742     0.1177    34.2506    34.2474    8.18379         29 0.0000e+00
    449.000    443.870    -0.6072  28.165442    -0.6055  28.164961     5.3298     5.4578     0.0112    93.5738 1.0000e-12  -74.22788 -112.06704  31.900728      99.80 1.9359e+03    778.883      18694  1029.6677  1029.6656     4.4391     0.0747     0.1208    34.2514    34.2488    8.18171         30 0.0000e+00
    450.000    444.857    -0.6053  28.167786    -0.6039  28.167204     5.3229     5.4509     0.0111    93.6103 1.0000e-12  -74.22788 -112.06704  31.900741      99.81 1.9351e+03    779.979      18721  1029.6730  1029.6710     4.4408     0.0737     0.1229    34.2518    34.2494    8.18128         23 0.0000e+00
    451.000    445.844    -0.6011  28.172547    -0.5995  28.171844     5.3194     5.4429     0.0108    93.5972 1.0000e-12  -74.22788 -112.06703  31.900751      99.80 1.9359e+03    780.887      18742  1029.6785  1029.6762     4.4402     0.0717     0.1180    34.2529    34.2502    8.18031         21 0.0000e+00
    452.000    446.834    -0.5923  28.181323    -0.5907  28.180562     5.3128     5.4354     0.0103    93.5803 1.0000e-12  -74.22788 -112.06703  31.900761      99.81 1.9377e+03    781.776      18764  1029.6837  1029.6814     4.4394     0.0741     0.1212    34.2541    34.2513    8.17833         22 0.0000e+00
    453.000    447.820    -0.5811  28.192046    -0.5798  28.191087     5.2923     5.4199     0.0145    93.5986 1.0000e-12  -74.22788 -112.06703  31.900772      99.81 1.9377e+03    782.713      18786  1029.6887  1029.6864     4.4403     0.0726     0.1227    34.2553    34.2525    8.17585         24 0.0000e+00
    454.000    448.808    -0.5720  28.200959    -0.5704  28.200164     5.2615     5.3941     0.0221    93.6017 1.0000e-12  -74.22788 -112.06703  31.900784      99.47 1.9379e+03    783.763      18811  1029.6938  1029.6914     4.4404     0.0727     0.1211    34.2564    34.2536    8.17382         26 0.0000e+00
    455.000    449.795    -0.5553  28.217623    -0.5519  28.217800     5.2310     5.3627     0.0241    93.5739 1.0000e-12  -74.22788 -112.06703  31.900797      84.10 1.9373e+03    784.824      18837  1029.6998  1029.6967     4.4391     0.0725     0.1190    34.2593    34.2558    8.17004         24 0.0000e+00
    456.000    450.782    -0.5205  28.249421    -0.5190  28.248364     5.2008     5.3328     0.0203    93.6034 1.0000e-12  -74.22788 -112.06703  31.900808      95.31 1.9369e+03    785.809      18860  1029.7042  1029.7017     4.4405     0.0714     0.1189    34.2622    34.2591    8.16238         23 0.0000e+00
    457.000    451.771    -0.5057  28.263673    -0.5040  28.262689     5.1653     5.2967     0.0279    93.5955 1.0000e-12  -74.22788 -112.06703  31.900819      99.84 1.9386e+03    786.734      18883  1029.7096  1029.7068     4.4401     0.0737     0.1220    34.2641    34.2608    8.15910         22 0.0000e+00
    458.000    452.758    -0.4757  28.292265    -0.4737  28.291276     5.1524     5.2836     0.0355    93.5691 1.0000e-12  -74.22788 -112.06703  31.900830      99.81 1.9392e+03    787.680      18905  1029.7152  1029.7122     4.4389     0.0743     0.1212    34.2680    34.2644    8.15242         24 0.0000e+00
    459.000    453.745    -0.4521  28.314411    -0.4501  28.313638     5.1611     5.2951     0.0356    93.5959 1.0000e-12  -74.22788 -112.06704  31.900841      99.81 1.9392e+03    788.696      18930  1029.7204  1029.7176     4.4402     0.0724     0.1210    34.2705    34.2672    8.14721         24 0.0000e+00
    460.000    454.733    -0.4534  28.314060    -0.4521  28.313575     5.1765     5.2988     0.0282    93.5858 1.0000e-12  -74.22788 -112.06704  31.900853      99.81 1.9392e+03    789.723      18954  1029.7260  1029.7242     4.4397     0.0721     0.1189    34.2708    34.2687    8.14746         25 0.0000e+00
    461.000    455.721    -0.4608  28.308497    -0.4590  28.308058     5.1718     5.2886     0.0206    93.5710 1.0000e-12  -74.22788 -112.06704  31.900865      99.80 1.9392e+03    790.688      18978  1029.7319  1029.7297     4.4389     0.0745     0.1216    34.2711    34.2685    8.14903         22 0.0000e+00
    462.000    456.706    -0.4558  28.313991    -0.4549  28.312528     5.1640     5.2851     0.0189    93.5710 1.0000e-12  -74.22788 -112.06704  31.900875      99.81 1.9388e+03    791.603      18999  1029.7374  1029.7350     4.4390     0.0737     0.1214    34.2723    34.2693    8.14790         22 0.0000e+00
    463.000    457.695    -0.4496  28.320065    -0.4477  28.319595     5.1538     5.2871     0.0163    93.5710 1.0000e-12  -74.22788 -112.06704  31.900886      99.81 1.9392e+03    792.513      19021  1029.7424  1029.7400     4.4390     0.0728     0.1218    34.2728    34.2700    8.14653         22 0.0000e+00
    464.000    458.683    -0.4428  28.326762    -0.4416  28.325644     5.1398     5.2748     0.0160    93.5664 1.0000e-12  -74.22788 -112.06704  31.900897      99.81 1.9407e+03    793.499      19045  1029.7474  1029.7451     4.4387     0.0729     0.1227    34.2736    34.2707    8.14504         25 0.0000e+00
    465.000    459.670    -0.4299  28.339804    -0.4290  28.337946     5.1105     5.2450     0.0173    93.5667 1.0000e-12  -74.22788 -112.06704  31.900910      99.80 1.9395e+03    794.595      19071  1029.7531  1029.7503     4.4387     0.0725     0.1210    34.2758    34.2724    8.14213         27 0.0000e+00
    466.000    460.656    -0.4101  28.358901    -0.4068  28.359356     5.0802     5.2069     0.0172    93.5757 1.0000e-12  -74.22788 -112.06704  31.900922      99.81 1.9392e+03    795.672      19097  1029.7586  1029.7559     4.4392     0.0741     0.1205    34.2785    34.2755    8.13774         25 0.0000e+00
    467.000    461.645    -0.3754  28.392938    -0.3722  28.392749     5.0538     5.1823     0.0289    93.5615 1.0000e-12  -74.22788 -112.06704  31.900934      83.80 1.9389e+03    796.667      19121  1029.7654  1029.7620     4.4385     0.0724     0.1202    34.2845    34.2805    8.12999         23 0.0000e+00
    468.000    462.633    -0.3559  28.410644    -0.3540  28.410137     5.0468     5.1740     0.0280    93.5704 1.0000e-12  -74.22788 -112.06704  31.900945      87.65 1.9386e+03    797.616      19144  1029.7697  1029.7673     4.4389     0.0724     0.1192    34.2856    34.2827    8.12575         23 0.0000e+00
