ocean_section_plots/required_files/ctd/dnbp2202_ctd244.cnv
* Sea-Bird SBE 9 Data File:
* FileName = D:\Data\raw\NBP2202_CTD244.hex
* Software Version Seasave V 7.26.7.121
* Temperature SN = 1649
* Conductivity SN = 2513
* Number of Bytes Per Scan = 40
* Number of Voltage Words = 5
* Number of Scans Averaged by the Deck Unit = 1
* NMEA Latitude = 73 55.28 S
* NMEA Longitude = 118 49.11 W
* NMEA UTC (Time) = Feb 15 2022  01:31:55
* NMEA baud rate = 9600
** Ship: RVIB N.B. Palmer
** Cruise: NBP2202 Thwaites
** Station: 154
** Operator: A. Robinson
# nquan = 28
# nvalues = 824                         
# units = specified
# name 0 = prDM: Pressure, Digiquartz [db]
# name 1 = depSM: Depth [salt water, m]
# name 2 = t090C: Temperature [ITS-90, deg C]
# name 3 = c0mS/cm: Conductivity [mS/cm]
# name 4 = t190C: Temperature, 2 [ITS-90, deg C]
# name 5 = c1mS/cm: Conductivity, 2 [mS/cm]
# name 6 = sbeox0ML/L: Oxygen, SBE 43 [ml/l]
# name 7 = sbeox1ML/L: Oxygen, SBE 43, 2 [ml/l]
# name 8 = flECO-AFL: Fluorescence, WET Labs ECO-AFL/FL [mg/m^3]
# name 9 = CStarTr0: Beam Transmission, WET Labs C-Star [%]
# name 10 = par: PAR/Irradiance, Biospherical/Licor
# name 11 = latitude: Latitude [deg]
# name 12 = longitude: Longitude [deg]
# name 13 = timeJ: Julian Days
# name 14 = altM: Altimeter [m]
# name 15 = spar: SPAR, Biospherical/Licor
# name 16 = timeS: Time, Elapsed [seconds]
# name 17 = scan: Scan Count
# name 18 = density00: Density [density, kg/m^3]
# name 19 = density11: Density, 2 [density, kg/m^3]
# name 20 = v3: Voltage 3
# name 21 = v4: Voltage 4
# name 22 = v5: Voltage 5
# name 23 = sal00: Salinity, Practical [PSU]
# name 24 = sal11: Salinity, Practical, 2 [PSU]
# name 25 = oxsolML/L: Oxygen Saturation, Garcia & Gordon [ml/l]
# name 26 = nbin: number of scans per bin
# name 27 = flag: flag
# span 0 =      2.000,    825.000       
# span 1 =      1.982,    814.853       
# span 2 =    -1.7282,     0.5068       
# span 3 =  26.966350,  29.480279       
# span 4 =    -1.7288,     0.5091       
# span 5 =  26.966682,  29.480564       
# span 6 =     4.6381,     9.3132       
# span 7 =     4.8731,     9.5858       
# span 8 =    -0.0224,    12.4223       
# span 9 =    84.9390,    97.2126       
# span 10 = -3.988e-07, 1.6251e+02      
# span 11 =  -73.92136,  -73.92134      
# span 12 = -118.81856, -118.81852      
# span 13 =  46.067292,  46.079234      
# span 14 =       4.26,     100.22      
# span 15 = 2.6707e+02, 3.0310e+02      
# span 16 =    299.008,   1330.853      
# span 17 =       7177,      31941      
# span 18 =  1027.1236,  1031.5815      
# span 19 =  1027.1229,  1031.5795      
# span 20 =     4.0300,     4.6116      
# span 21 =     0.0622,     1.9522      
# span 22 =     0.1107,     0.2145      
# span 23 =    33.7484,    34.5263      
# span 24 =    33.7509,    34.5242      
# span 25 =    7.93167,    8.44322      
# span 26 =         19,         55      
# span 27 = 0.0000e+00, 0.0000e+00      
# interval = decibars: 1                
# start_time = Feb 15 2022 01:31:55 [NMEA time, header]
# bad_flag = -9.990e-29
*END*
[from data line 104]
    106.000    104.876    -0.5751  27.746812    -0.5702  27.751583     8.0821     8.4330     5.0282    89.6169 1.0000e-12  -73.92136 -118.81852  46.069157      99.73 3.0145e+02    460.137      11044  1027.7218  1027.7221     4.2515     0.8338     0.1668    33.8603    33.8613    8.19733         28 0.0000e+00
    107.000    105.866    -0.5834  27.742062    -0.5783  27.744642     8.0876     8.4276     6.4902    90.4053 1.0000e-12  -73.92136 -118.81852  46.069170      99.72 3.0145e+02    461.302      11072  1027.7287  1027.7265     4.2888     0.8829     0.1545    33.8626    33.8604    8.19900         27 0.0000e+00
    108.000    106.856    -0.5741  27.748228    -0.5677  27.753906     8.0755     8.4260     7.7479    89.6868 1.0000e-12  -73.92136 -118.81852  46.069183      99.70 3.0186e+02    462.394      11098  1027.7305  1027.7304     4.2548     0.9318     0.1528    33.8599    33.8604    8.19715         25 0.0000e+00
    109.000    107.846    -0.5785  27.746109    -0.5693  27.753087     8.0644     8.4273     5.5233    90.3767 1.0000e-12  -73.92136 -118.81852  46.069195      99.21 3.0165e+02    463.448      11124  1027.7365  1027.7351     4.2875     0.8220     0.1534    33.8613    33.8604    8.19801         26 0.0000e+00
    110.000    108.833    -0.5717  27.751546    -0.5785  27.745821     8.1067     8.4396     4.9503    90.1596 1.0000e-12  -73.92136 -118.81853  46.069207      99.73 3.0113e+02    464.525      11150  1027.7399  1027.7404     4.2772     0.8306     0.1460    33.8604    33.8603    8.19659         27 0.0000e+00
    111.000    109.824    -0.5787  27.746688    -0.5730  27.750611     8.1123     8.4503     5.3464    90.9283 1.0000e-12  -73.92136 -118.81853  46.069221      99.73 3.0163e+02    465.665      11177  1027.7456  1027.7444     4.3136     0.8396     0.1677    33.8611    33.8601    8.19807         28 0.0000e+00
    112.000    110.812    -0.5656  27.757353    -0.5603  27.761479     8.0805     8.4090     5.9737    88.4229 1.0000e-12  -73.92136 -118.81853  46.069234      99.74 3.0215e+02    466.858      11206  1027.7486  1027.7479     4.1948     0.8521     0.1506    33.8602    33.8598    8.19528         28 0.0000e+00
    113.000    111.802    -0.5673  27.756392    -0.5768  27.748933     8.0512     8.3519     5.9826    90.4835 1.0000e-12  -73.92136 -118.81853  46.069248      99.68 3.0131e+02    468.011      11233  1027.7535  1027.7546     4.2926     0.9593     0.1636    33.8603    33.8607    8.19566         27 0.0000e+00
    114.000    112.790    -0.5780  27.747092    -0.5728  27.752119     7.9395     8.2751     5.6822    90.7876 1.0000e-12  -73.92136 -118.81854  46.069260      99.60 3.0117e+02    469.091      11259  1027.7580  1027.7584     4.3070     1.1462     0.1639    33.8590    33.8600    8.19804         25 0.0000e+00
    115.000    113.780    -0.6063  27.723875    -0.6188  27.715243     7.8496     8.2045     5.5147    90.0137 1.0000e-12  -73.92136 -118.81852  46.069272      99.74 3.0202e+02    470.134      11284  1027.7645  1027.7675     4.2706     0.8380     0.1541    33.8588    33.8612    8.20418         25 0.0000e+00
    116.000    114.769    -0.6764  27.668558    -0.6795  27.667951     7.8302     8.1756     6.0327    91.0228 1.0000e-12  -73.92136 -118.81854  46.069285      99.77 3.0204e+02    471.210      11310  1027.7769  1027.7792     4.3178     0.7352     0.1472    33.8621    33.8648    8.21922         27 0.0000e+00
    117.000    115.758    -0.6770  27.670803    -0.6738  27.673073     7.8256     8.1627     5.4077    89.8008 1.0000e-12  -73.92136 -118.81852  46.069298      99.73 3.0108e+02    472.376      11338  1027.7836  1027.7830     4.2602     0.8260     0.1525    33.8652    33.8647    8.21917         29 0.0000e+00
    118.000    116.747    -0.6787  27.668605    -0.6819  27.666941     7.8179     8.1510     4.5238    90.1349 1.0000e-12  -73.92136 -118.81853  46.069312      99.73 3.0126e+02    473.561      11366  1027.7869  1027.7882     4.2760     0.8129     0.1643    33.8635    33.8649    8.21964         27 0.0000e+00
    119.000    117.736    -0.6927  27.657960    -0.6940  27.657189     7.8166     8.1530     4.2354    90.1710 1.0000e-12  -73.92136 -118.81853  46.069325      99.56 3.0131e+02    474.637      11392  1027.7929  1027.7933     4.2777     1.2229     0.1731    33.8642    33.8647    8.22265         25 0.0000e+00
    120.000    118.725    -0.6940  27.658143    -0.6982  27.654275     7.8190     8.1543     4.4509    91.0885 1.0000e-12  -73.92136 -118.81853  46.069336      99.57 3.0152e+02    475.657      11417  1027.7984  1027.7982     4.3213     1.2284     0.1612    33.8653    33.8648    8.22287         25 0.0000e+00
    121.000    119.713    -0.6907  27.660314    -0.6903  27.660774     7.7896     8.1333     4.6928    90.8817 1.0000e-12  -73.92136 -118.81852  46.069349      98.31 3.0286e+02    476.717      11442  1027.8016  1027.8017     4.3115     0.8841     0.1499    33.8640    33.8642    8.22224         26 0.0000e+00
    122.000    120.704    -0.7048  27.649784    -0.7037  27.650649     7.7870     8.1112     4.8330    90.8108 1.0000e-12  -73.92136 -118.81852  46.069362      99.65 3.0151e+02    477.861      11470  1027.8078  1027.8077     4.3080     1.0494     0.1497    33.8650    33.8649    8.22525         28 0.0000e+00
    123.000    121.691    -0.7064  27.648976    -0.7035  27.651288     7.7534     8.0925     4.7428    90.5113 1.0000e-12  -73.92136 -118.81852  46.069375      99.66 3.0037e+02    479.036      11498  1027.8126  1027.8123     4.2939     1.0143     0.1456    33.8650    33.8649    8.22560         28 0.0000e+00
    124.000    122.681    -0.7186  27.638917    -0.7235  27.635625     7.7183     8.0864     4.4020    90.2725 1.0000e-12  -73.92136 -118.81852  46.069388      99.65 3.0196e+02    480.134      11524  1027.8176  1027.8187     4.2826     1.0451     0.1639    33.8646    33.8655    8.22829         25 0.0000e+00
    125.000    123.671    -0.7531  27.611674    -0.7353  27.626429     7.8270     8.1403     4.5044    91.0047 1.0000e-12  -73.92136 -118.81854  46.069400      99.73 3.0244e+02    481.162      11549  1027.8256  1027.8242     4.3172     0.8550     0.1478    33.8658    33.8657    8.23575         25 0.0000e+00
    126.000    124.660    -0.7186  27.639957    -0.7245  27.634848     7.8729     8.1740     4.5364    90.9562 1.0000e-12  -73.92136 -118.81854  46.069412      99.76 3.0067e+02    482.213      11574  1027.8268  1027.8270     4.3150     0.7470     0.1603    33.8647    33.8644    8.22828         26 0.0000e+00
    127.000    125.648    -0.7144  27.643851    -0.7133  27.644643     7.7830     7.9724     4.1681    90.8535 1.0000e-12  -73.92136 -118.81854  46.069425      99.72 3.0188e+02    483.345      11601  1027.8310  1027.8308     4.3101     0.8861     0.1621    33.8646    33.8645    8.22736         28 0.0000e+00
    128.000    126.638    -0.7111  27.647358    -0.7083  27.649349     7.3471     7.5776     4.5648    91.0482 1.0000e-12  -73.92136 -118.81854  46.069439      99.69 3.0158e+02    484.513      11629  1027.8357  1027.8353     4.3193     0.9540     0.1495    33.8650    33.8646    8.22661         27 0.0000e+00
    129.000    127.626    -0.7352  27.623739    -0.7506  27.617181     6.5857     7.0189     4.6144    91.6801 1.0000e-12  -73.92136 -118.81854  46.069452      99.77 3.0042e+02    485.621      11656  1027.8380  1027.8459     4.3493     0.6991     0.1427    33.8595    33.8680    8.23220         26 0.0000e+00
    130.000    128.615    -1.1342  27.323166    -1.1264  27.339920     6.1268     6.6368     4.5755    90.7204 1.0000e-12  -73.92136 -118.81854  46.069464      99.61 3.0160e+02    486.673      11681  1027.9017  1027.9128     4.3038     1.0917     0.1574    33.8994    33.9135    8.31780         25 0.0000e+00
    131.000    129.605    -1.3593  27.166667    -1.3674  27.165422     5.9922     6.4452     4.2009    90.9061 1.0000e-12  -73.92136 -118.81854  46.069476      99.86 3.0186e+02    487.719      11706  1027.9520  1027.9584     4.3131     0.3590     0.1389    33.9392    33.9467    8.36561         26 0.0000e+00
    132.000    130.593    -1.4660  27.093242    -1.4692  27.093715     5.9760     6.3821     2.8224    92.4383 1.0000e-12  -73.92136 -118.81854  46.069488      95.05 3.0078e+02    488.804      11732  1027.9768  1027.9806     4.3847     0.5852     0.1341    33.9587    33.9630    8.38843         26 0.0000e+00
    133.000    131.582    -1.5184  27.057773    -1.5200  27.059334     6.0027     6.3870     1.3556    92.0181 1.0000e-12  -73.92136 -118.81854  46.069502      98.15 3.0153e+02    489.934      11759  1027.9905  1027.9938     4.3653     0.5893     0.1463    33.9688    33.9727    8.39966         27 0.0000e+00
    134.000    132.572    -1.5589  27.031279    -1.5657  27.028891     6.0874     6.3954     0.8025    93.2677 1.0000e-12  -73.92136 -118.81854  46.069515      99.90 3.0138e+02    491.063      11787  1028.0026  1028.0066     4.4245     0.3212     0.1235    33.9776    33.9821    8.40827         27 0.0000e+00
    135.000    133.562    -1.5837  27.016039    -1.5858  27.016053     6.1355     6.4145     0.6184    93.3854 1.0000e-12  -73.92136 -118.81854  46.069527      99.86 3.0053e+02    492.136      11812  1028.0122  1028.0143     4.4302     0.3482     0.1218    33.9842    33.9867    8.41350         25 0.0000e+00
    136.000    134.548    -1.5896  27.013344    -1.5898  27.014343     6.1579     6.4271     0.5316    93.6741 1.0000e-12  -73.92136 -118.81854  46.069539      99.88 3.0110e+02    493.169      11837  1028.0174  1028.0187     4.4438     0.2398     0.1239    33.9866    33.9882    8.41469         25 0.0000e+00
    137.000    135.540    -1.5928  27.012035    -1.5916  27.014231     6.1855     6.4356     0.5137    93.9899 1.0000e-12  -73.92136 -118.81854  46.069551      99.87 3.0246e+02    494.219      11862  1028.0219  1028.0231     4.4588     0.2909     0.1204    33.9878    33.9895    8.41534         26 0.0000e+00
    138.000    136.527    -1.5942  27.012515    -1.5949  27.013140     6.1982     6.4493     0.4917    94.5873 1.0000e-12  -73.92136 -118.81854  46.069564      99.89 3.0088e+02    495.348      11889  1028.0266  1028.0279     4.4871     0.1362     0.1197    33.9894    33.9911    8.41556         29 0.0000e+00
    139.000    137.517    -1.6043  27.006614    -1.6001  27.010960     6.2557     6.4601     0.4349    95.5667 1.0000e-12  -73.92136 -118.81854  46.069578      99.89 3.0047e+02    496.540      11918  1028.0328  1028.0336     4.5336     0.1945     0.1183    33.9922    33.9934    8.41769         27 0.0000e+00
    140.000    138.506    -1.6170  26.999908    -1.6174  27.000605     6.2623     6.4867     0.4597    95.5919 1.0000e-12  -73.92136 -118.81854  46.069591      99.88 3.0161e+02    497.669      11945  1028.0410  1028.0422     4.5347     0.2489     0.1228    33.9968    33.9982    8.42030         26 0.0000e+00
    141.000    139.494    -1.6312  26.990445    -1.6307  26.992311     6.2771     6.5077     0.4722    95.7839 1.0000e-12  -73.92136 -118.81854  46.069603      99.89 3.0130e+02    498.690      11970  1028.0478  1028.0494     4.5438     0.1877     0.1259    33.9993    34.0013    8.42338         24 0.0000e+00
    142.000    140.484    -1.6481  26.979837    -1.6474  26.981683     6.2966     6.5219     0.4532    95.4715 1.0000e-12  -73.92136 -118.81854  46.069615      99.90 3.0054e+02    499.696      11994  1028.0560  1028.0574     4.5291     0.1250     0.1224    34.0032    34.0050    8.42698         25 0.0000e+00
    143.000    141.473    -1.6563  26.975109    -1.6572  26.975377     6.2889     6.5282     0.5335    95.0548 1.0000e-12  -73.92136 -118.81854  46.069627      99.90 3.0132e+02    500.804      12020  1028.0622  1028.0634     4.5093     0.1473     0.1207    34.0054    34.0068    8.42871         28 0.0000e+00
    144.000    142.462    -1.6570  26.975227    -1.6570  26.976201     6.2914     6.5354     0.5967    95.7508 1.0000e-12  -73.92136 -118.81854  46.069641      99.18 3.0069e+02    501.990      12049  1028.0666  1028.0676     4.5423     0.2387     0.1208    34.0058    34.0070    8.42885         28 0.0000e+00
    145.000    143.450    -1.6588  26.974742    -1.6601  26.974878     6.2833     6.5226     0.5495    96.1855 1.0000e-12  -73.92136 -118.81854  46.069654      80.53 2.9933e+02    503.122      12076  1028.0713  1028.0728     4.5629     0.1127     0.1180    34.0065    34.0081    8.42921         26 0.0000e+00
    146.000    144.440    -1.6584  26.976170    -1.6610  26.974931     6.2950     6.5134     0.4915    96.1566 1.0000e-12  -73.92136 -118.81854  46.069666      67.17 2.9991e+02    504.176      12101  1028.0763  1028.0775     4.5615     0.1781     0.1186    34.0074    34.0087    8.42906         25 0.0000e+00
    147.000    145.429    -1.6514  26.981137    -1.6547  26.979569     6.3047     6.5193     0.6435    95.8434 1.0000e-12  -73.92136 -118.81854  46.069678     100.03 3.0082e+02    505.213      12126  1028.0789  1028.0804     4.5467     0.1337     0.1185    34.0056    34.0073    8.42757         25 0.0000e+00
    148.000    146.418    -1.6542  26.979840    -1.6526  26.981841     6.2891     6.5241     0.7463    95.8185 1.0000e-12  -73.92136 -118.81854  46.069691      99.88 2.9943e+02    506.289      12152  1028.0841  1028.0848     4.5456     0.1893     0.1169    34.0064    34.0073    8.42816         27 0.0000e+00
    149.000    147.406    -1.6680  26.971400    -1.6679  26.972574     6.3036     6.5265     0.6239    96.3581 1.0000e-12  -73.92136 -118.81854  46.069704      99.88 2.9969e+02    507.394      12178  1028.0922  1028.0934     4.5710     0.1791     0.1201    34.0098    34.0114    8.43110         26 0.0000e+00
    150.000    148.395    -1.6672  26.973099    -1.6682  26.972787     6.2968     6.5291     0.5281    96.2097 1.0000e-12  -73.92136 -118.81854  46.069716      99.88 3.0017e+02    508.484      12205  1028.0972  1028.0978     4.5641     0.1914     0.1218    34.0106    34.0113    8.43086         26 0.0000e+00
    151.000    149.385    -1.6730  26.969114    -1.6744  26.969066     6.3039     6.5337     0.5532    95.8795 1.0000e-12  -73.92136 -118.81854  46.069729      99.90 2.9962e+02    509.560      12230  1028.1025  1028.1039     4.5484     0.1213     0.1230    34.0111    34.0127    8.43215         26 0.0000e+00
    152.000    150.373    -1.6783  26.966515    -1.6786  26.966906     6.2952     6.5403     0.6663    96.2033 1.0000e-12  -73.92136 -118.81854  46.069741      99.90 3.0017e+02    510.649      12257  1028.1088  1028.1096     4.5637     0.1257     0.1183    34.0129    34.0138    8.43325         26 0.0000e+00
    153.000    151.362    -1.6788  26.966953    -1.6789  26.967374     6.2954     6.5412     0.6504    96.1379 1.0000e-12  -73.92136 -118.81854  46.069754      99.89 3.0098e+02    511.733      12283  1028.1139  1028.1145     4.5606     0.1757     0.1178    34.0135    34.0142    8.43333         26 0.0000e+00
    154.000    152.352    -1.6803  26.966710    -1.6805  26.967197     6.3179     6.5380     0.8527    96.0227 1.0000e-12  -73.92136 -118.81854  46.069766      99.90 2.9989e+02    512.817      12309  1028.1192  1028.1199     4.5552     0.1668     0.1193    34.0143    34.0151    8.43364         26 0.0000e+00
    155.000    153.340    -1.6822  26.966350    -1.6826  26.966682     6.2988     6.5319     0.8798    96.0009 1.0000e-12  -73.92136 -118.81854  46.069779      99.89 3.0069e+02    513.930      12335  1028.1247  1028.1255     4.5542     0.1187     0.1178    34.0153    34.0162    8.43399         28 0.0000e+00
    156.000    154.329    -1.6817  26.967083    -1.6827  26.967086     6.2800     6.5293     0.4578    95.5037 1.0000e-12  -73.92136 -118.81854  46.069792      92.77 3.0138e+02    515.051      12362  1028.1292  1028.1302     4.5306     0.1785     0.1173    34.0151    34.0162    8.43390         26 0.0000e+00
