ocean_section_plots/required_files/ctd/dnbp2202_ctd024.cnv
* Sea-Bird SBE 9 Data File:
* FileName = D:\Data\raw\NBP2202_CTD024.hex
* Software Version Seasave V 7.26.7.121
* Temperature SN = 1649
* Conductivity SN = 2513
* Number of Bytes Per Scan = 40
* Number of Voltage Words = 5
* Number of Scans Averaged by the Deck Unit = 1
* NMEA Latitude = 74 12.90 S
* NMEA Longitude = 112 30.07 W
* NMEA UTC (Time) = Jan 20 2022  20:13:07
* NMEA baud rate = 9600
** Ship: RVIB N.B. Palmer
** Cruise: NBP2202 Thwaites
** Station: 15
** Operator: A. Robinson
** Glider calibration cast
# nquan = 25
# nvalues = 1130                        
# units = specified
# name 0 = prDM: Pressure, Digiquartz [db]
# name 1 = depSM: Depth [salt water, m]
# name 2 = t090C: Temperature [ITS-90, deg C]
# name 3 = c0mS/cm: Conductivity [mS/cm]
# name 4 = t190C: Temperature, 2 [ITS-90, deg C]
# name 5 = c1mS/cm: Conductivity, 2 [mS/cm]
# name 6 = sbeox0ML/L: Oxygen, SBE 43 [ml/l]
# name 7 = sbeox1ML/L: Oxygen, SBE 43, 2 [ml/l]
# name 8 = flECO-AFL: Fluorescence, WET Labs ECO-AFL/FL [mg/m^3]
# name 9 = CStarTr0: Beam Transmission, WET Labs C-Star [%]
# name 10 = par: PAR/Irradiance, Biospherical/Licor
# name 11 = latitude: Latitude [deg]
# name 12 = longitude: Longitude [deg]
# name 13 = timeJ: Julian Days
# name 14 = altM: Altimeter [m]
# name 15 = spar: SPAR, Biospherical/Licor
# name 16 = timeS: Time, Elapsed [seconds]
# name 17 = scan: Scan Count
# name 18 = density00: Density [density, kg/m^3]
# name 19 = density11: Density, 2 [density, kg/m^3]
# name 20 = sal00: Salinity, Practical [PSU]
# name 21 = sal11: Salinity, Practical, 2 [PSU]
# name 22 = oxsolML/L: Oxygen Saturation, Garcia & Gordon [ml/l]
# name 23 = nbin: number of scans per bin
# name 24 = flag: flag
# span 0 =      1.000,   1130.000       
# span 1 =      1.002,   1115.266       
# span 2 =    -1.4816,     0.5092       
# span 3 =  27.088472,  29.635497       
# span 4 =    -1.4807,     0.5112       
# span 5 =  27.088372,  29.635438       
# span 6 =     4.5713,     7.7911       
# span 7 =     4.8102,     8.2208       
# span 8 =    -0.0162,    12.4436       
# span 9 =    79.4401,    98.3565       
# span 10 = 1.0000e-12, 2.4029e+03      
# span 11 =  -74.21508,  -74.21504      
# span 12 = -112.50134, -112.50126      
# span 13 =  20.845256,  20.861808      
# span 14 =       3.42,     100.29      
# span 15 = 1.5498e+03, 2.2093e+03      
# span 16 =    243.139,   1673.186      
# span 17 =       5836,      40157      
# span 18 =  1027.1828,  1033.0195      
# span 19 =  1027.1874,  1033.0175      
# span 20 =    33.7967,    34.5501      
# span 21 =    33.8016,    34.5479      
# span 22 =    7.92987,    8.38864      
# span 23 =         11,         46      
# span 24 = 0.0000e+00, 0.0000e+00      
# interval = decibars: 1                
# start_time = Jan 20 2022 20:13:07 [NMEA time, header]
# bad_flag = -9.990e-29
*END*
[from data line 522]
    523.000    516.934     0.0616  28.854532     0.0636  28.854032     4.7273     4.9880     0.0216    97.8445 1.0000e-12  -74.21506 -112.50130  20.853308      99.85 2.1413e+03    938.826      22533  1030.0762  1030.0737    34.3739    34.3710    8.03243         28 0.0000e+00
    524.000    517.919     0.0643  28.858027     0.0665  28.857648     4.7233     4.9886     0.0216    98.0001 1.0000e-12  -74.21506 -112.50130  20.853321      99.85 2.1421e+03    939.963      22560  1030.0816  1030.0790    34.3750    34.3720    8.03181         27 0.0000e+00
    525.000    518.908     0.0670  28.861620     0.0692  28.861127     4.7227     4.9938     0.0216    98.0188 1.0000e-12  -74.21506 -112.50130  20.853334      99.85 2.1402e+03    941.097      22587  1030.0869  1030.0843    34.3760    34.3730    8.03117         27 0.0000e+00
    526.000    519.895     0.0688  28.864017     0.0710  28.863593     4.7222     4.9927     0.0216    98.0101 1.0000e-12  -74.21506 -112.50130  20.853348      99.85 2.1401e+03    942.229      22614  1030.0920  1030.0895    34.3767    34.3736    8.03078         28 0.0000e+00
    527.000    520.881     0.0710  28.866911     0.0731  28.866437     4.7231     4.9881     0.0162    98.0119 1.0000e-12  -74.21506 -112.50130  20.853361      99.85 2.1406e+03    943.373      22642  1030.0972  1030.0947    34.3773    34.3744    8.03026         27 0.0000e+00
    528.000    521.869     0.0716  28.868080     0.0737  28.867451     4.7238     4.9832     0.0143    97.9964 1.0000e-12  -74.21506 -112.50131  20.853374      99.85 2.1371e+03    944.515      22669  1030.1021  1030.0995    34.3776    34.3745    8.03012         28 0.0000e+00
    529.000    522.855     0.0725  28.869451     0.0747  28.869033     4.7250     4.9917     0.0199    98.0099 1.0000e-12  -74.21506 -112.50131  20.853387      99.85 2.1359e+03    945.658      22697  1030.1070  1030.1045    34.3779    34.3749    8.02992         27 0.0000e+00
    530.000    523.844     0.0732  28.870618     0.0753  28.870181     4.7197     4.9866     0.0213    97.9936 1.0000e-12  -74.21506 -112.50130  20.853401      99.84 2.1366e+03    946.805      22724  1030.1118  1030.1093    34.3780    34.3751    8.02977         27 0.0000e+00
    531.000    524.831     0.0742  28.872210     0.0763  28.871753     4.7245     4.9835     0.0216    97.9773 1.0000e-12  -74.21506 -112.50130  20.853414      85.09 2.1334e+03    947.936      22751  1030.1168  1030.1142    34.3784    34.3755    8.02953         27 0.0000e+00
    532.000    525.819     0.0762  28.874903     0.0784  28.874419     4.7176     4.9870     0.0216    97.9094 1.0000e-12  -74.21506 -112.50130  20.853427      99.65 2.1319e+03    949.070      22779  1030.1219  1030.1194    34.3791    34.3761    8.02907         28 0.0000e+00
    533.000    526.803     0.0782  28.877583     0.0804  28.877103     4.7152     4.9861     0.0360    98.0143 1.0000e-12  -74.21506 -112.50130  20.853440      99.84 2.1322e+03    950.214      22806  1030.1271  1030.1245    34.3799    34.3768    8.02862         27 0.0000e+00
    534.000    527.792     0.0808  28.880901     0.0830  28.880485     4.7177     4.9847     0.0218    98.0109 1.0000e-12  -74.21506 -112.50130  20.853453      99.85 2.1310e+03    951.338      22833  1030.1323  1030.1297    34.3807    34.3777    8.02802         27 0.0000e+00
    535.000    528.779     0.0832  28.883938     0.0854  28.883557     4.7145     4.9806     0.0216    97.9699 1.0000e-12  -74.21506 -112.50130  20.853466      99.85 2.1313e+03    952.459      22860  1030.1375  1030.1349    34.3815    34.3786    8.02748         27 0.0000e+00
    536.000    529.766     0.0867  28.888423     0.0892  28.888310     4.7132     4.9805     0.0216    98.0083 1.0000e-12  -74.21506 -112.50131  20.853479      99.85 2.1318e+03    953.590      22887  1030.1430  1030.1405    34.3829    34.3800    8.02667         27 0.0000e+00
    537.000    530.753     0.0899  28.892327     0.0921  28.891857     4.7128     4.9789     0.0208    98.0045 1.0000e-12  -74.21506 -112.50131  20.853492      99.84 2.1323e+03    954.732      22915  1030.1483  1030.1457    34.3839    34.3809    8.02595         28 0.0000e+00
    538.000    531.740     0.0918  28.894913     0.0941  28.894569     4.7096     4.9813     0.0144    97.9929 1.0000e-12  -74.21506 -112.50131  20.853505      99.85 2.1334e+03    955.866      22942  1030.1533  1030.1509    34.3845    34.3816    8.02550         27 0.0000e+00
    539.000    532.727     0.0937  28.897423     0.0959  28.897017     4.7104     4.9790     0.0156    97.9853 1.0000e-12  -74.21506 -112.50131  20.853519      99.85 2.1362e+03    957.010      22969  1030.1585  1030.1559    34.3852    34.3821    8.02508         28 0.0000e+00
    540.000    533.715     0.0957  28.900110     0.0980  28.899778     4.7091     4.9765     0.0366    97.9804 1.0000e-12  -74.21506 -112.50130  20.853532      99.85 2.1385e+03    958.171      22997  1030.1636  1030.1611    34.3858    34.3829    8.02461         27 0.0000e+00
    541.000    534.700     0.0975  28.902533     0.0995  28.901873     4.7071     4.9691     0.0643    97.9889 1.0000e-12  -74.21506 -112.50132  20.853545      99.85 2.1398e+03    959.311      23024  1030.1687  1030.1660    34.3865    34.3833    8.02421         26 0.0000e+00
    542.000    535.687     0.1024  28.908092     0.1044  28.907534     4.7130     4.9696     0.0191    98.0000 1.0000e-12  -74.21506 -112.50130  20.853558      78.00 2.1424e+03    960.443      23052  1030.1740  1030.1715    34.3877    34.3847    8.02311         26 0.0000e+00
    543.000    536.676     0.1073  28.914195     0.1100  28.914241     4.7099     4.9764     0.0357    97.9999 1.0000e-12  -74.21506 -112.50130  20.853571      95.54 2.1433e+03    961.575      23079  1030.1798  1030.1773    34.3897    34.3868    8.02197         28 0.0000e+00
    544.000    537.663     0.1080  28.915334     0.1101  28.914960     4.7082     4.9767     0.0457    98.0168 1.0000e-12  -74.21506 -112.50131  20.853585      99.22 2.1440e+03    962.716      23106  1030.1847  1030.1823    34.3898    34.3870    8.02182         27 0.0000e+00
    545.000    538.649     0.1083  28.916181     0.1105  28.915766     4.7083     4.9763     0.0212    97.9740 1.0000e-12  -74.21506 -112.50131  20.853598      99.86 2.1466e+03    963.851      23133  1030.1896  1030.1870    34.3900    34.3870    8.02175         27 0.0000e+00
    546.000    539.637     0.1092  28.917810     0.1113  28.917324     4.7074     4.9644     0.0216    97.9687 1.0000e-12  -74.21506 -112.50131  20.853611      99.85 2.1485e+03    964.978      23160  1030.1947  1030.1923    34.3906    34.3877    8.02153         28 0.0000e+00
    547.000    540.622     0.1113  28.920893     0.1135  28.920485     4.7027     4.9670     0.0216    97.9840 1.0000e-12  -74.21506 -112.50130  20.853624      99.85 2.1493e+03    966.099      23187  1030.2002  1030.1976    34.3917    34.3887    8.02103         26 0.0000e+00
    548.000    541.610     0.1131  28.923283     0.1153  28.922915     4.7007     4.9718     0.0141    97.9881 1.0000e-12  -74.21506 -112.50132  20.853637      99.84 2.1509e+03    967.227      23214  1030.2053  1030.2027    34.3923    34.3893    8.02063         27 0.0000e+00
    549.000    542.599     0.1144  28.925132     0.1163  28.924493     4.7048     4.9727     0.0143    97.9982 1.0000e-12  -74.21506 -112.50130  20.853650      99.85 2.1517e+03    968.359      23242  1030.2103  1030.2077    34.3927    34.3897    8.02034         28 0.0000e+00
    550.000    543.585     0.1154  28.926659     0.1175  28.926170     4.7037     4.9716     0.0213    97.9938 1.0000e-12  -74.21506 -112.50131  20.853663      99.84 2.1518e+03    969.494      23269  1030.2151  1030.2127    34.3930    34.3901    8.02011         27 0.0000e+00
    551.000    544.572     0.1159  28.927705     0.1179  28.927135     4.7003     4.9647     0.0169    97.9889 1.0000e-12  -74.21506 -112.50131  20.853676      99.85 2.1527e+03    970.644      23296  1030.2200  1030.2175    34.3932    34.3902    8.01999         28 0.0000e+00
    552.000    545.558     0.1166  28.928974     0.1189  28.928627     4.7012     4.9634     0.0143    97.9966 1.0000e-12  -74.21506 -112.50131  20.853690      99.85 2.1528e+03    971.796      23324  1030.2249  1030.2223    34.3935    34.3905    8.01982         27 0.0000e+00
    553.000    546.546     0.1188  28.931809     0.1210  28.931306     4.7003     4.9686     0.0143    97.9642 1.0000e-12  -74.21506 -112.50131  20.853703      99.85 2.1509e+03    972.932      23351  1030.2300  1030.2274    34.3942    34.3911    8.01932         28 0.0000e+00
    554.000    547.533     0.1206  28.933918     0.1227  28.933543     4.6985     4.9675     0.0143    97.9819 1.0000e-12  -74.21506 -112.50130  20.853716      80.29 2.1517e+03    974.060      23378  1030.2348  1030.2323    34.3944    34.3915    8.01894         27 0.0000e+00
    555.000    548.520     0.1215  28.935428     0.1237  28.935027     4.6955     4.9691     0.0143    97.9776 1.0000e-12  -74.21506 -112.50132  20.853729      97.82 2.1513e+03    975.194      23406  1030.2398  1030.2372    34.3948    34.3918    8.01873         27 0.0000e+00
    556.000    549.506     0.1223  28.936645     0.1244  28.936242     4.7003     4.9636     0.0202    97.9985 1.0000e-12  -74.21506 -112.50130  20.853742      99.85 2.1499e+03    976.332      23433  1030.2445  1030.2420    34.3949    34.3920    8.01856         27 0.0000e+00
    557.000    550.494     0.1231  28.937930     0.1252  28.937539     4.7034     4.9660     0.0153    97.9744 1.0000e-12  -74.21506 -112.50132  20.853755      99.84 2.1493e+03    977.469      23460  1030.2493  1030.2469    34.3951    34.3923    8.01837         27 0.0000e+00
    558.000    551.481     0.1236  28.938871     0.1257  28.938421     4.7001     4.9659     0.0070    97.9931 1.0000e-12  -74.21506 -112.50131  20.853769      99.85 2.1492e+03    978.603      23487  1030.2541  1030.2516    34.3953    34.3923    8.01827         27 0.0000e+00
    559.000    552.468     0.1244  28.940083     0.1265  28.939713     4.6979     4.9620     0.0061    97.9957 1.0000e-12  -74.21506 -112.50131  20.853781      99.84 2.1470e+03    979.718      23514  1030.2589  1030.2565    34.3954    34.3926    8.01810         27 0.0000e+00
    560.000    553.454     0.1249  28.941148     0.1270  28.940634     4.7014     4.9646     0.0139    97.9782 1.0000e-12  -74.21506 -112.50130  20.853795      99.85 2.1458e+03    980.851      23541  1030.2637  1030.2612    34.3956    34.3926    8.01797         27 0.0000e+00
    561.000    554.442     0.1261  28.942861     0.1282  28.942299     4.6941     4.9640     0.0074    97.9782 1.0000e-12  -74.21506 -112.50130  20.853808      99.85 2.1448e+03    982.006      23569  1030.2686  1030.2660    34.3960    34.3929    8.01771         29 0.0000e+00
    562.000    555.429     0.1300  28.947392     0.1322  28.946979     4.6948     4.9568     0.0137    97.9390 1.0000e-12  -74.21506 -112.50130  20.853821      99.84 2.1423e+03    983.151      23597  1030.2738  1030.2713    34.3970    34.3940    8.01683         27 0.0000e+00
    563.000    556.414     0.1320  28.949931     0.1339  28.949399     4.6940     4.9571     0.0083    97.9819 1.0000e-12  -74.21506 -112.50130  20.853834      99.85 2.1417e+03    984.281      23624  1030.2787  1030.2763    34.3974    34.3946    8.01638         27 0.0000e+00
    564.000    557.403     0.1348  28.953346     0.1369  28.952958     4.6919     4.9599     0.0205    97.9937 1.0000e-12  -74.21506 -112.50130  20.853847      99.85 2.1416e+03    985.412      23651  1030.2838  1030.2814    34.3982    34.3954    8.01575         27 0.0000e+00
    565.000    558.389     0.1354  28.954522     0.1375  28.954036     4.6877     4.9585     0.0151    98.0081 1.0000e-12  -74.21506 -112.50130  20.853861      82.64 2.1406e+03    986.548      23678  1030.2888  1030.2863    34.3985    34.3956    8.01561         27 0.0000e+00
    566.000    559.376     0.1362  28.955575     0.1383  28.955187     4.6934     4.9556     0.0192    97.9773 1.0000e-12  -74.21506 -112.50130  20.853874      94.14 2.1393e+03    987.675      23705  1030.2935  1030.2910    34.3985    34.3956    8.01546         27 0.0000e+00
    567.000    560.363     0.1364  28.956404     0.1385  28.956024     4.6901     4.9556     0.0079    98.0083 1.0000e-12  -74.21506 -112.50130  20.853887      99.90 2.1412e+03    988.801      23732  1030.2983  1030.2959    34.3987    34.3958    8.01539         27 0.0000e+00
    568.000    561.351     0.1367  28.956986     0.1388  28.956722     4.6906     4.9547     0.0143    97.9853 1.0000e-12  -74.21506 -112.50130  20.853900      99.85 2.1415e+03    989.937      23759  1030.3029  1030.3006    34.3985    34.3959    8.01534         28 0.0000e+00
    569.000    562.337     0.1377  28.958415     0.1396  28.957910     4.6890     4.9554     0.0143    97.9956 1.0000e-12  -74.21506 -112.50130  20.853913      99.85 2.1410e+03    991.072      23787  1030.3078  1030.3054    34.3988    34.3960    8.01513         27 0.0000e+00
    570.000    563.325     0.1389  28.960265     0.1411  28.959856     4.6891     4.9512     0.0164    98.0032 1.0000e-12  -74.21506 -112.50130  20.853926      99.84 2.1426e+03    992.198      23814  1030.3127  1030.3102    34.3992    34.3963    8.01484         27 0.0000e+00
    571.000    564.311     0.1398  28.961536     0.1419  28.961246     4.6901     4.9476     0.0189    97.9939 1.0000e-12  -74.21506 -112.50130  20.853939      99.85 2.1428e+03    993.322      23841  1030.3174  1030.3151    34.3993    34.3966    8.01465         27 0.0000e+00
    572.000    565.297     0.1400  28.962237     0.1420  28.961797     4.6924     4.9528     0.0112    97.9986 1.0000e-12  -74.21506 -112.50130  20.853952      99.85 2.1438e+03    994.466      23868  1030.3223  1030.3199    34.3995    34.3966    8.01461         27 0.0000e+00
    573.000    566.286     0.1400  28.962642     0.1421  28.962297     4.6866     4.9550     0.0100    97.9889 1.0000e-12  -74.21506 -112.50130  20.853966      99.85 2.1468e+03    995.624      23896  1030.3270  1030.3246    34.3994    34.3966    8.01460         29 0.0000e+00
    574.000    567.272     0.1415  28.964742     0.1435  28.964264     4.6897     4.9549     0.0143    97.9743 1.0000e-12  -74.21506 -112.50130  20.853979      99.85 2.1493e+03    996.764      23923  1030.3320  1030.3295    34.4000    34.3970    8.01427         26 0.0000e+00
    575.000    568.259     0.1431  28.966973     0.1451  28.966438     4.6852     4.9536     0.0099    97.9872 1.0000e-12  -74.21506 -112.50130  20.853992      99.85 2.1504e+03    997.883      23950  1030.3370  1030.3345    34.4005    34.3975    8.01390         27 0.0000e+00
    576.000    569.246     0.1478  28.972740     0.1501  28.972531     4.6866     4.9521     0.0103    97.9570 1.0000e-12  -74.21506 -112.50130  20.854005      99.85 2.1544e+03    999.010      23977  1030.3427  1030.3402    34.4022    34.3994    8.01282         28 0.0000e+00
    577.000    570.233     0.1527  28.978525     0.1549  28.978172     4.6888     4.9465     0.0143    97.9442 1.0000e-12  -74.21506 -112.50130  20.854018      91.59 2.1571e+03   1000.161      24005  1030.3482  1030.3457    34.4038    34.4009    8.01171         27 0.0000e+00
    578.000    571.219     0.1536  28.980144     0.1557  28.979796     4.6848     4.9460     0.0143    97.9769 1.0000e-12  -74.21506 -112.50130  20.854031      96.34 2.1577e+03   1001.312      24032  1030.3533  1030.3509    34.4043    34.4015    8.01150         28 0.0000e+00
    579.000    572.208     0.1539  28.981185     0.1560  28.980808     4.6822     4.9512     0.0143    97.9785 1.0000e-12  -74.21506 -112.50130  20.854045      99.85 2.1596e+03   1002.458      24060  1030.3584  1030.3560    34.4048    34.4020    8.01140         27 0.0000e+00
