ocean_section_plots/required_files/ctd/dnbp2202_ctd114.cnv
* Sea-Bird SBE 9 Data File:
* FileName = D:\Data\raw\NBP2202_CTD114.hex
* Software Version Seasave V 7.26.7.121
* Temperature SN = 1649
* Conductivity SN = 2513
* Number of Bytes Per Scan = 40
* Number of Voltage Words = 5
* Number of Scans Averaged by the Deck Unit = 1
* NMEA Latitude = 74 10.52 S
* NMEA Longitude = 113 20.65 W
* NMEA UTC (Time) = Jan 27 2022  08:24:43
* NMEA baud rate = 9600
** Ship: RVIB N.B. Palmer
** Cruise: NBP2202 Thwaites
** Station: YoYo001
** Operator: B. Bjork
# nquan = 25
# nvalues = 608                         
# units = specified
# name 0 = prDM: Pressure, Digiquartz [db]
# name 1 = depSM: Depth [salt water, m]
# name 2 = t090C: Temperature [ITS-90, deg C]
# name 3 = c0mS/cm: Conductivity [mS/cm]
# name 4 = t190C: Temperature, 2 [ITS-90, deg C]
# name 5 = c1mS/cm: Conductivity, 2 [mS/cm]
# name 6 = sbeox0ML/L: Oxygen, SBE 43 [ml/l]
# name 7 = sbeox1ML/L: Oxygen, SBE 43, 2 [ml/l]
# name 8 = flECO-AFL: Fluorescence, WET Labs ECO-AFL/FL [mg/m^3]
# name 9 = CStarTr0: Beam Transmission, WET Labs C-Star [%]
# name 10 = par: PAR/Irradiance, Biospherical/Licor
# name 11 = latitude: Latitude [deg]
# name 12 = longitude: Longitude [deg]
# name 13 = timeJ: Julian Days
# name 14 = altM: Altimeter [m]
# name 15 = spar: SPAR, Biospherical/Licor
# name 16 = timeS: Time, Elapsed [seconds]
# name 17 = scan: Scan Count
# name 18 = density00: Density [density, kg/m^3]
# name 19 = density11: Density, 2 [density, kg/m^3]
# name 20 = sal00: Salinity, Practical [PSU]
# name 21 = sal11: Salinity, Practical, 2 [PSU]
# name 22 = oxsolML/L: Oxygen Saturation, Garcia & Gordon [ml/l]
# name 23 = nbin: number of scans per bin
# name 24 = flag: flag
# span 0 =     10.000,    617.000       
# span 1 =      9.892,    609.704       
# span 2 =    -1.4531,     0.1193       
# span 3 =  26.980961,  28.952752       
# span 4 =    -1.4519,     0.1217       
# span 5 =  26.980823,  28.952211       
# span 6 =     4.6776,     8.8456       
# span 7 =     4.7307,     8.8710       
# span 8 =    -0.0236,    25.3598       
# span 9 =    67.6913,    95.5738       
# span 10 = 1.0000e-12, 1.4183e+00      
# span 11 =  -74.17536,  -74.17536      
# span 12 = -113.34426, -113.34422      
# span 13 =  27.350841,  27.358214      
# span 14 =       7.23,      99.99      
# span 15 = 6.7291e+01, 7.2278e+01      
# span 16 =     29.678,    666.708      
# span 17 =        713,      16002      
# span 18 =  1027.2221,  1030.5266      
# span 19 =  1027.2196,  1030.5242      
# span 20 =    33.7908,    34.3886      
# span 21 =    33.7884,    34.3861      
# span 22 =    8.01953,    8.39380      
# span 23 =         16,         51      
# span 24 = 0.0000e+00, 0.0000e+00      
# interval = decibars: 1                
# start_time = Jan 27 2022 08:24:43 [NMEA time, header]
# bad_flag = -9.990e-29
*END*
[from data line 348]
    358.000    353.988    -0.3115  28.360274    -0.3097  28.359633     4.8088     4.8732    -0.0091    95.2132 1.0000e-12  -74.17536 -113.34422  27.354900      99.86 7.0515e+01    380.323       9129  1029.2069  1029.2045    34.2343    34.2314    8.11921         25 0.0000e+00
    359.000    354.977    -0.3092  28.363251    -0.3062  28.363623     4.8105     4.8661    -0.0155    95.2063 1.0000e-12  -74.17536 -113.34424  27.354912      78.21 7.0515e+01    381.356       9154  1029.2121  1029.2097    34.2350    34.2322    8.11866         25 0.0000e+00
    360.000    355.964    -0.3008  28.372607    -0.2982  28.372586     4.8113     4.8685    -0.0132    95.1965 1.0000e-12  -74.17536 -113.34422  27.354923      94.96 7.0515e+01    382.395       9178  1029.2183  1029.2157    34.2375    34.2346    8.11674         24 0.0000e+00
    361.000    356.952    -0.2924  28.383314    -0.2901  28.383032     4.8166     4.8726    -0.0118    95.1853 1.0000e-12  -74.17536 -113.34424  27.354936      99.96 7.0515e+01    383.436       9203  1029.2258  1029.2233    34.2417    34.2388    8.11470         25 0.0000e+00
    362.000    357.940    -0.2921  28.383808    -0.2902  28.383413     4.8139     4.8740    -0.0157    95.1970 1.0000e-12  -74.17536 -113.34422  27.354948      99.87 7.0515e+01    384.474       9228  1029.2306  1029.2283    34.2415    34.2388    8.11466         25 0.0000e+00
    363.000    358.928    -0.2929  28.383405    -0.2909  28.382947     4.8156     4.8713    -0.0147    95.1721 1.0000e-12  -74.17536 -113.34424  27.354959      99.87 7.0515e+01    385.501       9253  1029.2352  1029.2328    34.2412    34.2384    8.11483         25 0.0000e+00
    364.000    359.916    -0.2931  28.383452    -0.2908  28.383418     4.8128     4.8767    -0.0107    95.1707 1.0000e-12  -74.17536 -113.34424  27.354971      99.86 7.0515e+01    386.522       9278  1029.2398  1029.2376    34.2409    34.2383    8.11490         24 0.0000e+00
    365.000    360.903    -0.2927  28.384242    -0.2906  28.383952     4.8081     4.8704    -0.0086    95.1555 1.0000e-12  -74.17536 -113.34424  27.354983      99.86 7.0515e+01    387.533       9302  1029.2447  1029.2423    34.2410    34.2382    8.11482         24 0.0000e+00
    366.000    361.893    -0.2920  28.385710    -0.2900  28.385115     4.8097     4.8720    -0.0051    95.1802 1.0000e-12  -74.17536 -113.34424  27.354995      99.86 7.0515e+01    388.534       9326  1029.2498  1029.2473    34.2415    34.2385    8.11463         25 0.0000e+00
    367.000    362.879    -0.2922  28.385847    -0.2901  28.385491     4.8149     4.8826    -0.0127    95.1826 1.0000e-12  -74.17536 -113.34424  27.355006      99.87 7.0515e+01    389.532       9350  1029.2545  1029.2522    34.2413    34.2385    8.11468         23 0.0000e+00
    368.000    363.868    -0.2916  28.387265    -0.2897  28.386710     4.8173     4.8821    -0.0113    95.1695 1.0000e-12  -74.17536 -113.34424  27.355018      99.87 7.0515e+01    390.532       9374  1029.2598  1029.2574    34.2419    34.2391    8.11452         24 0.0000e+00
    369.000    364.855    -0.2895  28.390639    -0.2880  28.389421     4.8160     4.8770    -0.0191    95.1763 1.0000e-12  -74.17536 -113.34424  27.355029      99.86 7.0515e+01    391.542       9398  1029.2657  1029.2629    34.2435    34.2402    8.11399         25 0.0000e+00
    370.000    365.844    -0.2762  28.406654    -0.2745  28.405264     4.8103     4.8689    -0.0114    95.1931 1.0000e-12  -74.17536 -113.34424  27.355041      99.86 7.0515e+01    392.555       9422  1029.2740  1029.2709    34.2492    34.2455    8.11082         24 0.0000e+00
    371.000    366.830    -0.2640  28.419562    -0.2615  28.419468     4.8064     4.8638    -0.0103    95.1784 1.0000e-12  -74.17536 -113.34424  27.355053      99.86 7.0515e+01    393.578       9447  1029.2802  1029.2776    34.2522    34.2493    8.10806         25 0.0000e+00
    372.000    367.819    -0.2611  28.423085    -0.2593  28.422338     4.7994     4.8642    -0.0028    95.2030 1.0000e-12  -74.17536 -113.34424  27.355065      83.31 7.0515e+01    394.606       9472  1029.2855  1029.2829    34.2531    34.2500    8.10740         24 0.0000e+00
    373.000    368.806    -0.2583  28.426610    -0.2560  28.426514     4.7987     4.8588    -0.0093    95.2051 1.0000e-12  -74.17536 -113.34424  27.355077      97.10 7.0515e+01    395.620       9496  1029.2908  1029.2885    34.2540    34.2513    8.10674         24 0.0000e+00
    374.000    369.795    -0.2578  28.427555    -0.2563  28.426564     4.7981     4.8664    -0.0168    95.1926 1.0000e-12  -74.17536 -113.34424  27.355088      99.85 7.0515e+01    396.633       9520  1029.2957  1029.2933    34.2541    34.2512    8.10663         25 0.0000e+00
    375.000    370.783    -0.2585  28.427210    -0.2562  28.427112     4.7979     4.8670    -0.0187    95.1826 1.0000e-12  -74.17536 -113.34424  27.355100      99.86 7.0515e+01    397.643       9544  1029.3004  1029.2981    34.2538    34.2512    8.10680         24 0.0000e+00
    376.000    371.770    -0.2580  28.428094    -0.2560  28.427708     4.7925     4.8645    -0.0153    95.1922 1.0000e-12  -74.17536 -113.34424  27.355112      99.87 7.0515e+01    398.646       9569  1029.3052  1029.3029    34.2539    34.2511    8.10669         24 0.0000e+00
    377.000    372.759    -0.2577  28.428894    -0.2565  28.427705     4.7965     4.8565    -0.0138    95.1965 1.0000e-12  -74.17536 -113.34424  27.355123      99.86 7.0515e+01    399.659       9593  1029.3101  1029.3077    34.2540    34.2510    8.10662         24 0.0000e+00
    378.000    373.747    -0.2534  28.433959    -0.2524  28.432301     4.7910     4.8556    -0.0183    95.2072 1.0000e-12  -74.17536 -113.34424  27.355135      99.86 7.0515e+01    400.670       9617  1029.3156  1029.3129    34.2553    34.2520    8.10562         25 0.0000e+00
    379.000    374.733    -0.2514  28.436763    -0.2490  28.436765     4.7934     4.8527    -0.0198    95.1894 1.0000e-12  -74.17536 -113.34424  27.355147      99.86 7.0515e+01    401.663       9641  1029.3210  1029.3186    34.2562    34.2535    8.10516         23 0.0000e+00
    380.000    375.722    -0.2490  28.440462    -0.2468  28.440221     4.7962     4.8520    -0.0179    95.1984 1.0000e-12  -74.17536 -113.34424  27.355158      99.86 7.0515e+01    402.635       9664  1029.3268  1029.3245    34.2578    34.2550    8.10455         23 0.0000e+00
    381.000    376.710    -0.2482  28.441785    -0.2461  28.441569     4.8007     4.8588    -0.0122    95.2008 1.0000e-12  -74.17536 -113.34424  27.355169      99.87 7.0515e+01    403.608       9688  1029.3318  1029.3295    34.2581    34.2555    8.10437         24 0.0000e+00
    382.000    377.697    -0.2470  28.443686    -0.2450  28.443242     4.8006     4.8603    -0.0181    95.1950 1.0000e-12  -74.17536 -113.34424  27.355180      99.87 7.0515e+01    404.572       9711  1029.3370  1029.3346    34.2587    34.2559    8.10407         23 0.0000e+00
    383.000    378.685    -0.2462  28.444977    -0.2446  28.444064     4.8013     4.8605    -0.0045    95.1996 1.0000e-12  -74.17536 -113.34424  27.355192      99.86 7.0515e+01    405.552       9734  1029.3419  1029.3394    34.2589    34.2559    8.10389         24 0.0000e+00
    384.000    379.673    -0.2454  28.446302    -0.2439  28.445171     4.8004     4.8614    -0.0098    95.1954 1.0000e-12  -74.17536 -113.34424  27.355203      99.87 7.0515e+01    406.553       9758  1029.3468  1029.3442    34.2591    34.2560    8.10370         24 0.0000e+00
    385.000    380.661    -0.2438  28.448709    -0.2413  28.448671     4.8020     4.8599    -0.0168    95.1890 1.0000e-12  -74.17536 -113.34424  27.355215      99.86 7.0515e+01    407.551       9782  1029.3521  1029.3497    34.2600    34.2572    8.10332         24 0.0000e+00
    386.000    381.650    -0.2435  28.449322    -0.2415  28.449132     4.8026     4.8619    -0.0153    95.2117 1.0000e-12  -74.17536 -113.34424  27.355226      99.44 7.0515e+01    408.541       9806  1029.3568  1029.3546    34.2599    34.2574    8.10326         23 0.0000e+00
    387.000    382.637    -0.2432  28.450330    -0.2411  28.450010     4.7994     4.8609    -0.0126    95.2050 1.0000e-12  -74.17536 -113.34424  27.355238      98.79 7.0515e+01    409.524       9830  1029.3619  1029.3595    34.2603    34.2575    8.10318         24 0.0000e+00
    388.000    383.624    -0.2426  28.451411    -0.2406  28.451013     4.8014     4.8578    -0.0131    95.1972 1.0000e-12  -74.17536 -113.34424  27.355249      99.86 7.0515e+01    410.500       9853  1029.3668  1029.3644    34.2605    34.2577    8.10304         23 0.0000e+00
    389.000    384.612    -0.2421  28.452500    -0.2400  28.452174     4.8034     4.8607    -0.0206    95.1911 1.0000e-12  -74.17536 -113.34424  27.355260      99.86 7.0515e+01    411.482       9877  1029.3717  1029.3693    34.2608    34.2580    8.10292         24 0.0000e+00
    390.000    385.600    -0.2419  28.453262    -0.2398  28.453011     4.7974     4.8624    -0.0181    95.1847 1.0000e-12  -74.17536 -113.34424  27.355272      99.86 7.0662e+01    412.480       9901  1029.3766  1029.3742    34.2610    34.2582    8.10287         24 0.0000e+00
    391.000    386.588    -0.2414  28.454227    -0.2394  28.453825     4.7935     4.8511    -0.0119    95.1901 1.0000e-12  -74.17536 -113.34424  27.355283      99.86 7.1401e+01    413.485       9925  1029.3815  1029.3791    34.2611    34.2583    8.10276         24 0.0000e+00
    392.000    387.575    -0.2405  28.455754    -0.2381  28.455606     4.7849     4.8520    -0.0124    95.1907 1.0000e-12  -74.17536 -113.34424  27.355295      99.86 7.0869e+01    414.496       9949  1029.3865  1029.3840    34.2615    34.2586    8.10253         25 0.0000e+00
    393.000    388.563    -0.2361  28.460683    -0.2335  28.460818     4.7871     4.8563    -0.0179    95.1669 1.0000e-12  -74.17536 -113.34424  27.355307      99.86 7.0438e+01    415.502       9973  1029.3917  1029.3893    34.2626    34.2598    8.10155         23 0.0000e+00
    394.000    389.553    -0.2322  28.465636    -0.2298  28.465371     4.7899     4.8559    -0.0125    95.1751 1.0000e-12  -74.17536 -113.34424  27.355318      99.87 7.0516e+01    416.493       9997  1029.3974  1029.3948    34.2641    34.2611    8.10061         24 0.0000e+00
    395.000    390.538    -0.2259  28.472817    -0.2234  28.472726     4.7947     4.8522    -0.0117    95.1750 1.0000e-12  -74.17536 -113.34424  27.355329      99.86 7.0515e+01    417.471      10020  1029.4032  1029.4007    34.2660    34.2631    8.09918         24 0.0000e+00
    396.000    391.527    -0.2231  28.476246    -0.2214  28.475446     4.8002     4.8536    -0.0115    95.1625 1.0000e-12  -74.17536 -113.34424  27.355341      99.86 7.0515e+01    418.457      10044  1029.4084  1029.4059    34.2668    34.2639    8.09853         23 0.0000e+00
    397.000    392.515    -0.2210  28.479937    -0.2185  28.480343     4.8032     4.8513    -0.0104    95.1794 1.0000e-12  -74.17536 -113.34426  27.355352      99.86 7.0515e+01    419.441      10068  1029.4146  1029.4126    34.2688    34.2665    8.09797         24 0.0000e+00
    398.000    393.502    -0.2198  28.482904    -0.2175  28.482703     4.8051     4.8597    -0.0110    95.1666 1.0000e-12  -74.17536 -113.34424  27.355364      92.08 7.0515e+01    420.421      10091  1029.4208  1029.4184    34.2708    34.2679    8.09760         24 0.0000e+00
    399.000    394.490    -0.2204  28.483289    -0.2181  28.483135     4.8032     4.8644    -0.0065    95.1403 1.0000e-12  -74.17536 -113.34426  27.355375      85.30 7.0515e+01    421.409      10115  1029.4262  1029.4238    34.2714    34.2686    8.09769         23 0.0000e+00
    400.000    395.478    -0.2210  28.483501    -0.2189  28.483282     4.8027     4.8676    -0.0031    95.1514 1.0000e-12  -74.17536 -113.34426  27.355386      95.02 7.0515e+01    422.394      10138  1029.4314  1029.4290    34.2718    34.2691    8.09781         24 0.0000e+00
    401.000    396.464    -0.2222  28.482489    -0.2202  28.482299     4.8016     4.8635    -0.0109    95.1735 1.0000e-12  -74.17536 -113.34426  27.355398      99.77 7.0515e+01    423.377      10162  1029.4357  1029.4336    34.2712    34.2687    8.09810         24 0.0000e+00
    402.000    397.453    -0.2233  28.482373    -0.2212  28.482128     4.8053     4.8643    -0.0121    95.1715 1.0000e-12  -74.17536 -113.34426  27.355409      99.87 7.0515e+01    424.362      10186  1029.4410  1029.4387    34.2717    34.2690    8.09830         23 0.0000e+00
    403.000    398.442    -0.2209  28.486555    -0.2190  28.486192     4.8102     4.8661    -0.0181    95.1653 1.0000e-12  -74.17536 -113.34426  27.355421      99.86 7.0515e+01    425.356      10210  1029.4474  1029.4451    34.2740    34.2713    8.09767         24 0.0000e+00
    404.000    399.428    -0.2197  28.488835    -0.2179  28.488335     4.8084     4.8739    -0.0117    95.1632 1.0000e-12  -74.17536 -113.34426  27.355432      99.86 7.0515e+01    426.345      10233  1029.4529  1029.4506    34.2750    34.2724    8.09734         24 0.0000e+00
    405.000    400.417    -0.2206  28.488350    -0.2189  28.487719     4.8022     4.8628    -0.0118    95.1580 1.0000e-12  -74.17536 -113.34426  27.355444      99.86 7.0515e+01    427.334      10257  1029.4575  1029.4553    34.2748    34.2720    8.09755         23 0.0000e+00
    406.000    401.404    -0.2163  28.493784    -0.2147  28.492645     4.7978     4.8559    -0.0151    95.1665 1.0000e-12  -74.17536 -113.34426  27.355455      99.86 7.0515e+01    428.324      10281  1029.4633  1029.4606    34.2766    34.2732    8.09653         24 0.0000e+00
    407.000    402.392    -0.2091  28.501504    -0.2065  28.501658     4.7967     4.8606    -0.0144    95.1621 1.0000e-12  -74.17536 -113.34426  27.355467      99.87 7.1027e+01    429.309      10304  1029.4688  1029.4664    34.2782    34.2754    8.09491         24 0.0000e+00
    408.000    403.379    -0.2061  28.504979    -0.2035  28.505136     4.7953     4.8560    -0.0131    95.1658 1.0000e-12  -74.17536 -113.34426  27.355478      99.86 7.1361e+01    430.299      10328  1029.4738  1029.4715    34.2788    34.2762    8.09424         23 0.0000e+00
    409.000    404.368    -0.2055  28.506186    -0.2034  28.505961     4.7904     4.8585    -0.0156    95.1763 1.0000e-12  -74.17536 -113.34426  27.355490      99.86 7.0581e+01    431.297      10352  1029.4788  1029.4766    34.2791    34.2766    8.09409         25 0.0000e+00
    410.000    405.355    -0.2043  28.508035    -0.2022  28.507664     4.7913     4.8578    -0.0138    95.1676 1.0000e-12  -74.17536 -113.34426  27.355501      99.86 7.1168e+01    432.299      10376  1029.4840  1029.4816    34.2797    34.2769    8.09381         24 0.0000e+00
    411.000    406.342    -0.2024  28.510659    -0.2002  28.510436     4.7913     4.8532    -0.0153    95.1486 1.0000e-12  -74.17536 -113.34426  27.355513      99.86 7.0816e+01    433.293      10400  1029.4892  1029.4868    34.2804    34.2777    8.09336         24 0.0000e+00
    412.000    407.331    -0.1990  28.514917    -0.1966  28.514758     4.7871     4.8519    -0.0103    95.1623 1.0000e-12  -74.17536 -113.34426  27.355524      78.06 7.1049e+01    434.282      10424  1029.4947  1029.4922    34.2817    34.2788    8.09257         23 0.0000e+00
    413.000    408.318    -0.1935  28.520847    -0.1918  28.520324     4.7880     4.8425    -0.0010    95.1512 1.0000e-12  -74.17536 -113.34426  27.355535      94.89 7.1979e+01    435.258      10447  1029.4999  1029.4977    34.2829    34.2802    8.09134         23 0.0000e+00
    414.000    409.305    -0.1890  28.525794    -0.1866  28.525655     4.7863     4.8399    -0.0164    95.1590 1.0000e-12  -74.17536 -113.34426  27.355547      99.91 7.1688e+01    436.238      10471  1029.5051  1029.5026    34.2838    34.2809    8.09034         24 0.0000e+00
