ocean_section_plots/required_files/ctd/dnbp2202_ctd088.cnv
* Sea-Bird SBE 9 Data File:
* FileName = D:\Data\raw\NBP2202_CTD088.hex
* Software Version Seasave V 7.26.7.121
* Temperature SN = 1649
* Conductivity SN = 2513
* Number of Bytes Per Scan = 40
* Number of Voltage Words = 5
* Number of Scans Averaged by the Deck Unit = 1
* NMEA Latitude = 74 10.51 S
* NMEA Longitude = 113 20.67 W
* NMEA UTC (Time) = Jan 26 2022  20:48:39
* NMEA baud rate = 9600
** Ship: RVIB N.B. Palmer
** Cruise: NBP2202 Thwaites
** Station: YoYo001
** Operator: A. Robinson
# nquan = 25
# nvalues = 606                         
# units = specified
# name 0 = prDM: Pressure, Digiquartz [db]
# name 1 = depSM: Depth [salt water, m]
# name 2 = t090C: Temperature [ITS-90, deg C]
# name 3 = c0mS/cm: Conductivity [mS/cm]
# name 4 = t190C: Temperature, 2 [ITS-90, deg C]
# name 5 = c1mS/cm: Conductivity, 2 [mS/cm]
# name 6 = sbeox0ML/L: Oxygen, SBE 43 [ml/l]
# name 7 = sbeox1ML/L: Oxygen, SBE 43, 2 [ml/l]
# name 8 = flECO-AFL: Fluorescence, WET Labs ECO-AFL/FL [mg/m^3]
# name 9 = CStarTr0: Beam Transmission, WET Labs C-Star [%]
# name 10 = par: PAR/Irradiance, Biospherical/Licor
# name 11 = latitude: Latitude [deg]
# name 12 = longitude: Longitude [deg]
# name 13 = timeJ: Julian Days
# name 14 = altM: Altimeter [m]
# name 15 = spar: SPAR, Biospherical/Licor
# name 16 = timeS: Time, Elapsed [seconds]
# name 17 = scan: Scan Count
# name 18 = density00: Density [density, kg/m^3]
# name 19 = density11: Density, 2 [density, kg/m^3]
# name 20 = sal00: Salinity, Practical [PSU]
# name 21 = sal11: Salinity, Practical, 2 [PSU]
# name 22 = oxsolML/L: Oxygen Saturation, Garcia & Gordon [ml/l]
# name 23 = nbin: number of scans per bin
# name 24 = flag: flag
# span 0 =     10.000,    615.000       
# span 1 =      9.897,    607.734       
# span 2 =    -1.5402,     0.1129       
# span 3 =  26.910360,  28.948960       
# span 4 =    -1.5395,     0.1144       
# span 5 =  26.909508,  28.948017       
# span 6 =     4.6840,     8.8264       
# span 7 =     4.7587,     8.6799       
# span 8 =    -0.0219,    26.1668       
# span 9 =    67.3768,    95.6494       
# span 10 = 1.0000e-12, 7.6326e+01      
# span 11 =  -74.17530,  -74.17530      
# span 12 = -113.34462, -113.34456      
# span 13 =  26.867496,  26.876293      
# span 14 =       5.41,     100.01      
# span 15 = 1.8569e+03, 1.9314e+03      
# span 16 =     32.652,    792.672      
# span 17 =        785,      19025      
# span 18 =  1027.2258,  1030.5166      
# span 19 =  1027.2243,  1030.5142      
# span 20 =    33.7938,    34.3871      
# span 21 =    33.7920,    34.3842      
# span 22 =    8.02094,    8.41247      
# span 23 =         20,         70      
# span 24 = 0.0000e+00, 0.0000e+00      
# interval = decibars: 1                
# start_time = Jan 26 2022 20:48:39 [NMEA time, header]
# bad_flag = -9.990e-29
*END*
[from data line 464]
    474.000    468.558    -0.0977  28.653603    -0.0956  28.653416     4.7499     4.8310    -0.0138    95.0351 1.0000e-12  -74.17530 -113.34458  26.873863      87.98 1.9227e+03    582.784      13988  1029.8087  1029.8065    34.3155    34.3129    8.06923         28 0.0000e+00
    475.000    469.545    -0.0958  28.656432    -0.0935  28.656445     4.7460     4.8258    -0.0116    95.0371 1.0000e-12  -74.17530 -113.34458  26.873877      98.69 1.9223e+03    583.993      14017  1029.8141  1029.8119    34.3165    34.3140    8.06877         30 0.0000e+00
    476.000    470.533    -0.0909  28.662565    -0.0886  28.662495     4.7493     4.8263    -0.0160    95.0396 1.0000e-12  -74.17530 -113.34458  26.873891      99.85 1.9240e+03    585.214      14046  1029.8200  1029.8178    34.3185    34.3158    8.06761         30 0.0000e+00
    477.000    471.520    -0.0887  28.665379    -0.0868  28.664995     4.7475     4.8258    -0.0104    95.0351 1.0000e-12  -74.17530 -113.34458  26.873905      99.87 1.9219e+03    586.426      14075  1029.8252  1029.8229    34.3192    34.3165    8.06711         28 0.0000e+00
    478.000    472.507    -0.0874  28.667350    -0.0859  28.666453     4.7498     4.8244    -0.0166    95.0268 1.0000e-12  -74.17530 -113.34458  26.873919      99.86 1.9225e+03    587.610      14104  1029.8304  1029.8279    34.3198    34.3169    8.06681         28 0.0000e+00
    479.000    473.494    -0.0869  28.668370    -0.0846  28.668256     4.7474     4.8226    -0.0010    95.0370 1.0000e-12  -74.17530 -113.34458  26.873933      99.86 1.9238e+03    588.782      14132  1029.8352  1029.8329    34.3199    34.3173    8.06668         28 0.0000e+00
    480.000    474.481    -0.0860  28.669751    -0.0839  28.669654     4.7517     4.8263    -0.0019    95.0249 1.0000e-12  -74.17530 -113.34458  26.873946      99.87 1.9236e+03    589.962      14160  1029.8402  1029.8379    34.3202    34.3177    8.06649         29 0.0000e+00
    481.000    475.470    -0.0860  28.670421    -0.0837  28.670397     4.7480     4.8282    -0.0079    95.0241 1.0000e-12  -74.17530 -113.34458  26.873960      99.86 1.9232e+03    591.158      14189  1029.8451  1029.8429    34.3205    34.3179    8.06647         29 0.0000e+00
    482.000    476.457    -0.0852  28.672082    -0.0832  28.671743     4.7484     4.8262    -0.0060    95.0180 1.0000e-12  -74.17530 -113.34458  26.873974      99.88 1.9223e+03    592.360      14218  1029.8503  1029.8481    34.3212    34.3186    8.06626         29 0.0000e+00
    483.000    477.444    -0.0851  28.672712    -0.0832  28.672312     4.7407     4.8299    -0.0080    95.0085 1.0000e-12  -74.17530 -113.34458  26.873988      99.86 1.9233e+03    593.549      14246  1029.8552  1029.8529    34.3214    34.3186    8.06623         28 0.0000e+00
    484.000    478.431    -0.0850  28.673295    -0.0830  28.672951     4.7422     4.8291    -0.0118    94.9948 1.0000e-12  -74.17530 -113.34459  26.874001      78.99 1.9230e+03    594.715      14274  1029.8600  1029.8577    34.3214    34.3187    8.06620         28 0.0000e+00
    485.000    479.418    -0.0848  28.674086    -0.0827  28.673807     4.7489     4.8254    -0.0103    95.0037 1.0000e-12  -74.17530 -113.34460  26.874015      88.23 1.9232e+03    595.882      14302  1029.8649  1029.8626    34.3216    34.3189    8.06615         28 0.0000e+00
    486.000    480.406    -0.0843  28.675332    -0.0823  28.675184     4.7494     4.8201    -0.0095    94.9964 1.0000e-12  -74.17530 -113.34460  26.874029      97.97 1.9233e+03    597.068      14331  1029.8700  1029.8679    34.3221    34.3197    8.06602         28 0.0000e+00
    487.000    481.393    -0.0836  28.676706    -0.0816  28.676431     4.7509     4.8236    -0.0100    94.9822 1.0000e-12  -74.17530 -113.34460  26.874042      99.88 1.9233e+03    598.260      14359  1029.8751  1029.8728    34.3226    34.3200    8.06584         29 0.0000e+00
    488.000    482.380    -0.0830  28.678053    -0.0811  28.677526     4.7473     4.8250    -0.0092    94.9806 1.0000e-12  -74.17530 -113.34460  26.874056      99.87 1.9233e+03    599.449      14388  1029.8802  1029.8778    34.3231    34.3203    8.06569         29 0.0000e+00
    489.000    483.370    -0.0818  28.679871    -0.0798  28.679581     4.7466     4.8264    -0.0103    95.0084 1.0000e-12  -74.17530 -113.34460  26.874070      99.86 1.9239e+03    600.644      14416  1029.8852  1029.8830    34.3236    34.3210    8.06541         28 0.0000e+00
    490.000    484.354    -0.0801  28.682129    -0.0782  28.681805     4.7441     4.8256    -0.0090    94.9787 1.0000e-12  -74.17530 -113.34460  26.874084      99.87 1.9248e+03    601.837      14445  1029.8902  1029.8880    34.3241    34.3216    8.06503         29 0.0000e+00
    491.000    485.343    -0.0799  28.682824    -0.0780  28.682532     4.7500     4.8271    -0.0027    94.9817 1.0000e-12  -74.17530 -113.34460  26.874098      99.87 1.9248e+03    603.024      14474  1029.8950  1029.8929    34.3241    34.3217    8.06497         28 0.0000e+00
    492.000    486.330    -0.0791  28.684268    -0.0772  28.683773     4.7476     4.8230    -0.0152    94.9676 1.0000e-12  -74.17530 -113.34460  26.874111      99.86 1.9238e+03    604.222      14502  1029.9000  1029.8977    34.3246    34.3219    8.06477         30 0.0000e+00
    493.000    487.318    -0.0783  28.685616    -0.0762  28.685377     4.7490     4.8148    -0.0117    94.9725 1.0000e-12  -74.17530 -113.34460  26.874125      99.87 1.9247e+03    605.423      14531  1029.9049  1029.9027    34.3249    34.3223    8.06459         28 0.0000e+00
    494.000    488.305    -0.0753  28.689965    -0.0730  28.689980     4.7442     4.8205    -0.0170    94.9691 1.0000e-12  -74.17530 -113.34460  26.874139      99.86 1.9247e+03    606.623      14560  1029.9108  1029.9086    34.3267    34.3242    8.06386         29 0.0000e+00
    495.000    489.291    -0.0723  28.694206    -0.0701  28.694015     4.7473     4.8235    -0.0093    94.9761 1.0000e-12  -74.17530 -113.34460  26.874153      95.08 1.9250e+03    607.821      14589  1029.9166  1029.9144    34.3283    34.3257    8.06313         29 0.0000e+00
    496.000    490.279    -0.0710  28.696244    -0.0688  28.696188     4.7479     4.8239    -0.0007    94.9671 1.0000e-12  -74.17530 -113.34460  26.874167      83.17 1.9245e+03    609.009      14617  1029.9218  1029.9196    34.3290    34.3265    8.06282         28 0.0000e+00
    497.000    491.266    -0.0706  28.697273    -0.0681  28.697515     4.7436     4.8247    -0.0105    94.9484 1.0000e-12  -74.17530 -113.34460  26.874180      97.38 1.9238e+03    610.178      14645  1029.9268  1029.9247    34.3294    34.3269    8.06273         27 0.0000e+00
    498.000    492.254    -0.0715  28.696802    -0.0686  28.697399     4.7437     4.8251    -0.0064    94.9522 1.0000e-12  -74.17530 -113.34460  26.874194      99.91 1.9240e+03    611.349      14673  1029.9314  1029.9293    34.3291    34.3267    8.06292         29 0.0000e+00
    499.000    493.241    -0.0723  28.696438    -0.0694  28.697026     4.7514     4.8255    -0.0009    94.9744 1.0000e-12  -74.17530 -113.34460  26.874208      99.86 1.9239e+03    612.543      14702  1029.9361  1029.9340    34.3289    34.3265    8.06309         29 0.0000e+00
    500.000    494.228    -0.0734  28.695700    -0.0714  28.695371     4.7511     4.8285     0.0052    94.9763 1.0000e-12  -74.17530 -113.34460  26.874222      99.87 1.9240e+03    613.746      14731  1029.9407  1029.9385    34.3286    34.3260    8.06335         27 0.0000e+00
    501.000    495.215    -0.0724  28.697384    -0.0700  28.697482     4.7474     4.8242    -0.0090    94.9606 1.0000e-12  -74.17530 -113.34460  26.874235      99.87 1.9238e+03    614.936      14759  1029.9457  1029.9436    34.3291    34.3266    8.06310         28 0.0000e+00
    502.000    496.203    -0.0699  28.700874    -0.0674  28.701119     4.7395     4.8247    -0.0114    94.9735 1.0000e-12  -74.17530 -113.34460  26.874249      99.87 1.9235e+03    616.108      14788  1029.9513  1029.9491    34.3304    34.3279    8.06252         28 0.0000e+00
    503.000    497.189    -0.0639  28.708257    -0.0616  28.708141     4.7407     4.8248    -0.0020    94.9634 1.0000e-12  -74.17530 -113.34460  26.874262      99.86 1.9236e+03    617.268      14815  1029.9574  1029.9551    34.3328    34.3301    8.06111         28 0.0000e+00
    504.000    498.178    -0.0609  28.712130    -0.0584  28.712355     4.7436     4.8218    -0.0095    94.9606 1.0000e-12  -74.17530 -113.34460  26.874276      99.87 1.9241e+03    618.435      14843  1029.9629  1029.9607    34.3341    34.3315    8.06042         28 0.0000e+00
    505.000    499.165    -0.0594  28.714163    -0.0578  28.713593     4.7423     4.8168    -0.0011    94.9770 1.0000e-12  -74.17530 -113.34460  26.874290      99.86 1.9242e+03    619.650      14873  1029.9678  1029.9657    34.3345    34.3319    8.06007         30 0.0000e+00
    506.000    500.152    -0.0579  28.716593    -0.0557  28.716468     4.7351     4.8164    -0.0045    94.9770 1.0000e-12  -74.17530 -113.34460  26.874304      99.87 1.9231e+03    620.879      14902  1029.9732  1029.9710    34.3354    34.3328    8.05971         30 0.0000e+00
    507.000    501.139    -0.0569  28.718108    -0.0549  28.717774     4.7400     4.8183    -0.0095    94.9426 1.0000e-12  -74.17530 -113.34460  26.874318      86.64 1.9227e+03    622.088      14931  1029.9781  1029.9759    34.3357    34.3330    8.05947         28 0.0000e+00
    508.000    502.126    -0.0562  28.719138    -0.0542  28.718872     4.7403     4.8174    -0.0132    94.9550 1.0000e-12  -74.17530 -113.34460  26.874332      96.02 1.9223e+03    623.261      14959  1029.9829  1029.9807    34.3357    34.3332    8.05933         28 0.0000e+00
    509.000    503.113    -0.0557  28.720274    -0.0536  28.720137     4.7376     4.8153    -0.0022    94.9605 1.0000e-12  -74.17530 -113.34460  26.874345      99.81 1.9227e+03    624.418      14987  1029.9878  1029.9856    34.3361    34.3335    8.05921         28 0.0000e+00
    510.000    504.101    -0.0530  28.723637    -0.0507  28.723407     4.7396     4.8104     0.0013    94.9375 1.0000e-12  -74.17530 -113.34460  26.874359      99.86 1.9218e+03    625.605      15016  1029.9930  1029.9906    34.3369    34.3341    8.05858         29 0.0000e+00
    511.000    505.087    -0.0489  28.728390    -0.0469  28.728144     4.7390     4.8161    -0.0078    94.9408 1.0000e-12  -74.17530 -113.34460  26.874373      99.87 1.9223e+03    626.834      15045  1029.9983  1029.9961    34.3380    34.3355    8.05767         30 0.0000e+00
    512.000    506.075    -0.0459  28.732270    -0.0438  28.732030     4.7383     4.8156    -0.0090    94.9249 1.0000e-12  -74.17530 -113.34460  26.874387      99.87 1.9217e+03    628.053      15074  1030.0037  1030.0014    34.3392    34.3365    8.05697         28 0.0000e+00
    513.000    507.063    -0.0435  28.735392    -0.0415  28.735113     4.7365     4.8082    -0.0087    94.9247 1.0000e-12  -74.17530 -113.34460  26.874401      99.86 1.9217e+03    629.236      15103  1030.0089  1030.0067    34.3400    34.3374    8.05641         28 0.0000e+00
    514.000    508.049    -0.0430  28.736252    -0.0410  28.736005     4.7400     4.8089    -0.0028    94.9375 1.0000e-12  -74.17530 -113.34460  26.874414      99.87 1.9237e+03    630.388      15130  1030.0137  1030.0115    34.3401    34.3375    8.05631         28 0.0000e+00
    515.000    509.036    -0.0427  28.737055    -0.0408  28.736679     4.7426     4.8119    -0.0149    94.9349 1.0000e-12  -74.17530 -113.34460  26.874428      99.86 1.9227e+03    631.550      15158  1030.0185  1030.0163    34.3401    34.3375    8.05623         28 0.0000e+00
    516.000    510.025    -0.0420  28.738490    -0.0400  28.738205     4.7378     4.8117    -0.0097    94.9159 1.0000e-12  -74.17530 -113.34460  26.874441      59.27 1.9232e+03    632.743      15187  1030.0236  1030.0214    34.3406    34.3381    8.05605         29 0.0000e+00
    517.000    511.011    -0.0406  28.740673    -0.0389  28.739862     4.7358     4.8141    -0.0087    94.9211 1.0000e-12  -74.17530 -113.34460  26.874456      88.05 1.9231e+03    633.970      15216  1030.0288  1030.0264    34.3414    34.3385    8.05572         29 0.0000e+00
    518.000    511.998    -0.0367  28.745445    -0.0352  28.744674     4.7365     4.8140    -0.0097    94.9310 1.0000e-12  -74.17530 -113.34460  26.874470      81.13 1.9244e+03    635.185      15245  1030.0343  1030.0321    34.3428    34.3401    8.05482         29 0.0000e+00
    519.000    512.986    -0.0355  28.747350    -0.0336  28.746951     4.7346     4.8128    -0.0051    94.9210 1.0000e-12  -74.17530 -113.34460  26.874483      99.88 1.9239e+03    636.362      15274  1030.0395  1030.0372    34.3434    34.3407    8.05454         28 0.0000e+00
    520.000    513.972    -0.0344  28.749084    -0.0327  28.748405     4.7373     4.8107    -0.0098    94.9367 1.0000e-12  -74.17530 -113.34460  26.874497      99.19 1.9236e+03    637.527      15302  1030.0445  1030.0421    34.3439    34.3410    8.05428         28 0.0000e+00
    521.000    514.960    -0.0326  28.751515    -0.0305  28.751217     4.7288     4.8089    -0.0164    94.9128 1.0000e-12  -74.17530 -113.34460  26.874511      99.15 1.9233e+03    638.715      15330  1030.0496  1030.0473    34.3444    34.3417    8.05386         30 0.0000e+00
    522.000    515.947    -0.0323  28.752246    -0.0304  28.751964     4.7272     4.8046    -0.0108    94.9314 1.0000e-12  -74.17530 -113.34460  26.874525      98.91 1.9233e+03    639.938      15360  1030.0543  1030.0522    34.3445    34.3419    8.05380         29 0.0000e+00
    523.000    516.934    -0.0314  28.753789    -0.0292  28.753751     4.7347     4.8060    -0.0022    94.9273 1.0000e-12  -74.17530 -113.34460  26.874539      98.71 1.9233e+03    641.161      15389  1030.0594  1030.0572    34.3449    34.3424    8.05359         29 0.0000e+00
    524.000    517.921    -0.0294  28.756330    -0.0266  28.756780     4.7312     4.8068    -0.0090    94.9183 1.0000e-12  -74.17530 -113.34460  26.874553      96.86 1.9235e+03    642.352      15417  1030.0644  1030.0622    34.3454    34.3430    8.05313         28 0.0000e+00
    525.000    518.908    -0.0253  28.761286    -0.0232  28.760749     4.7363     4.8096    -0.0013    94.9301 1.0000e-12  -74.17530 -113.34460  26.874566      95.98 1.9233e+03    643.509      15445  1030.0698  1030.0673    34.3468    34.3438    8.05219         28 0.0000e+00
    526.000    519.895    -0.0156  28.772269    -0.0133  28.772177     4.7253     4.8096    -0.0022    94.9192 1.0000e-12  -74.17530 -113.34460  26.874580      95.55 1.9240e+03    644.685      15473  1030.0762  1030.0739    34.3499    34.3472    8.04998         28 0.0000e+00
    527.000    520.883    -0.0137  28.774707    -0.0115  28.774273     4.7266     4.8070    -0.0109    94.9160 1.0000e-12  -74.17530 -113.34460  26.874594      94.29 1.9249e+03    645.905      15503  1030.0812  1030.0787    34.3504    34.3474    8.04956         30 0.0000e+00
    528.000    521.869    -0.0075  28.782266    -0.0052  28.781931     4.7257     4.8081    -0.0145    94.9415 1.0000e-12  -74.17530 -113.34460  26.874608      93.54 1.9245e+03    647.115      15532  1030.0874  1030.0849    34.3529    34.3499    8.04811         28 0.0000e+00
    529.000    522.858    -0.0001  28.790657     0.0020  28.790375     4.7287     4.8067    -0.0117    94.9389 1.0000e-12  -74.17530 -113.34460  26.874621      92.58 1.9233e+03    648.288      15560  1030.0933  1030.0910    34.3551    34.3524    8.04643         29 0.0000e+00
    530.000    523.845     0.0008  28.792152     0.0024  28.791418     4.7275     4.8063    -0.0086    94.9559 1.0000e-12  -74.17530 -113.34460  26.874635      91.65 1.9219e+03    649.432      15587  1030.0983  1030.0961    34.3554    34.3528    8.04622         27 0.0000e+00
