ocean_section_plots/required_files/ctd/dnbp2202_ctd269.cnv
* Sea-Bird SBE 9 Data File:
* FileName = D:\Data\raw\NBP2202_CTD269.hex
* Software Version Seasave V 7.26.7.121
* Temperature SN = 1649
* Conductivity SN = 2513
* Number of Bytes Per Scan = 40
* Number of Voltage Words = 5
* Number of Scans Averaged by the Deck Unit = 1
* NMEA Latitude = 73 42.90 S
* NMEA Longitude = 116 52.41 W
* NMEA UTC (Time) = Feb 20 2022  17:06:04
* NMEA baud rate = 9600
** Ship: RVIB N.B. Palmer
** Cruise: NBP2202 Thwaites
** Station: 172
** Operator: A. Robinson
# nquan = 28
# nvalues = 508                         
# units = specified
# name 0 = prDM: Pressure, Digiquartz [db]
# name 1 = depSM: Depth [salt water, m]
# name 2 = t090C: Temperature [ITS-90, deg C]
# name 3 = c0mS/cm: Conductivity [mS/cm]
# name 4 = t190C: Temperature, 2 [ITS-90, deg C]
# name 5 = c1mS/cm: Conductivity, 2 [mS/cm]
# name 6 = sbeox0ML/L: Oxygen, SBE 43 [ml/l]
# name 7 = sbeox1ML/L: Oxygen, SBE 43, 2 [ml/l]
# name 8 = flECO-AFL: Fluorescence, WET Labs ECO-AFL/FL [mg/m^3]
# name 9 = CStarTr0: Beam Transmission, WET Labs C-Star [%]
# name 10 = par: PAR/Irradiance, Biospherical/Licor
# name 11 = latitude: Latitude [deg]
# name 12 = longitude: Longitude [deg]
# name 13 = timeJ: Julian Days
# name 14 = altM: Altimeter [m]
# name 15 = spar: SPAR, Biospherical/Licor
# name 16 = timeS: Time, Elapsed [seconds]
# name 17 = scan: Scan Count
# name 18 = density00: Density [density, kg/m^3]
# name 19 = density11: Density, 2 [density, kg/m^3]
# name 20 = v3: Voltage 3
# name 21 = v4: Voltage 4
# name 22 = v5: Voltage 5
# name 23 = sal00: Salinity, Practical [PSU]
# name 24 = sal11: Salinity, Practical, 2 [PSU]
# name 25 = oxsolML/L: Oxygen Saturation, Garcia & Gordon [ml/l]
# name 26 = nbin: number of scans per bin
# name 27 = flag: flag
# span 0 =      3.000,    510.000       
# span 1 =      2.972,    504.111       
# span 2 =    -1.7731,     0.0522       
# span 3 =  26.999238,  28.706186       
# span 4 =    -1.7725,     0.0499       
# span 5 =  26.999737,  28.706392       
# span 6 =     4.9835,     8.7988       
# span 7 =     5.1319,     9.1452       
# span 8 =     0.2702,    12.5235       
# span 9 =    87.8273,    98.3426       
# span 10 = 1.0000e-12, 9.0170e+01      
# span 11 =  -73.71514,  -73.71512      
# span 12 = -116.87354, -116.87350      
# span 13 =  51.715360,  51.723302      
# span 14 =       3.17,      99.92      
# span 15 = 2.0278e+02, 2.6358e+02      
# span 16 =    243.079,    929.261      
# span 17 =       5835,      22303      
# span 18 =  1027.0691,  1030.0538      
# span 19 =  1027.0693,  1030.0524      
# span 20 =     4.1666,     4.6652      
# span 21 =     0.1027,     1.8057      
# span 22 =     0.1099,     0.2169      
# span 23 =    33.6996,    34.4057      
# span 24 =    33.7007,    34.4041      
# span 25 =    8.07201,    8.44882      
# span 26 =         21,         49      
# span 27 = 0.0000e+00, 0.0000e+00      
# interval = decibars: 1                
# start_time = Feb 20 2022 17:06:04 [NMEA time, header]
# bad_flag = -9.990e-29
*END*
[from data line 52]
     55.000     54.425    -0.1240  28.074894    -0.1240  28.075313     8.7288     9.0633     9.8232    90.7765 1.0000e-12  -73.71514 -116.87351  51.716490      99.49 2.2642e+02    340.694       8178  1027.4305  1027.4309     4.3064     1.4932     0.1644    33.8277    33.8282    8.10246         32 0.0000e+00
     56.000     55.415    -0.1308  28.070146    -0.1305  28.070751     8.7180     9.0448     8.3838    90.7059 1.0000e-12  -73.71514 -116.87351  51.716505      99.40 2.2739e+02    342.033       8210  1027.4359  1027.4364     4.3031     1.5734     0.1840    33.8283    33.8288    8.10387         34 0.0000e+00
     57.000     56.404    -0.1384  28.066281    -0.1376  28.067055     8.6856     9.0256     8.5487    90.5595 1.0000e-12  -73.71514 -116.87351  51.716524      98.43 2.2741e+02    343.682       8249  1027.4431  1027.4432     4.2962     1.2427     0.1796    33.8311    33.8311    8.10534         41 0.0000e+00
     58.000     57.393    -0.1425  28.065606    -0.1417  28.066428     8.6469     8.9842     9.6071    88.8211 1.0000e-12  -73.71514 -116.87351  51.716545      98.64 2.2741e+02    345.492       8293  1027.4503  1027.4505     4.2137     1.6073     0.1787    33.8340    33.8343    8.10603         38 0.0000e+00
     59.000     58.382    -0.1398  28.074782    -0.1382  28.075277     8.5944     8.9428     7.8276    89.0539 1.0000e-12  -73.71514 -116.87351  51.716561      99.53 2.2741e+02    346.912       8327  1027.4615  1027.4605     4.2248     1.5015     0.1743    33.8427    33.8415    8.10497         32 0.0000e+00
     60.000     59.372    -0.1273  28.091014    -0.1261  28.091906     8.5556     8.9001     9.4544    89.7411 1.0000e-12  -73.71514 -116.87351  51.716577      99.51 2.2741e+02    348.277       8360  1027.4709  1027.4708     4.2573     1.3143     0.1766    33.8497    33.8496    8.10191         36 0.0000e+00
     61.000     60.360    -0.1336  28.092326    -0.1339  28.092511     8.5067     8.8392    10.1454    89.4007 1.0000e-12  -73.71514 -116.87351  51.716597      99.46 2.2741e+02    350.008       8401  1027.4826  1027.4831     4.2421     1.4442     0.1807    33.8579    33.8584    8.10279         36 0.0000e+00
     62.000     61.351    -0.1460  28.084805    -0.1464  28.085325     8.4289     8.7624     7.5223    88.4115 1.0000e-12  -73.71514 -116.87351  51.716619      99.46 2.2770e+02    351.857       8446  1027.4907  1027.4917     4.1950     1.4510     0.1927    33.8610    33.8622    8.10524         38 0.0000e+00
     63.000     62.339    -0.1687  28.075737    -0.1679  28.076452     8.3867     8.7256     7.4369    89.5442 1.0000e-12  -73.71514 -116.87350  51.716636      99.63 2.2816e+02    353.330       8481  1027.5072  1027.5072     4.2481     1.0691     0.1551    33.8735    33.8736    8.10935         33 0.0000e+00
     64.000     63.328    -0.1716  28.076975    -0.1707  28.077740     8.3833     8.7193     6.8821    89.7468 1.0000e-12  -73.71514 -116.87350  51.716651      99.58 2.2805e+02    354.685       8513  1027.5154  1027.5154     4.2576     1.1666     0.1582    33.8778    33.8779    8.10972         33 0.0000e+00
     65.000     64.319    -0.1741  28.076509    -0.1734  28.077163     8.3853     8.7034     6.8595    89.6879 1.0000e-12  -73.71514 -116.87350  51.716669      98.06 2.2911e+02    356.226       8550  1027.5214  1027.5215     4.2553     1.4049     0.1661    33.8794    33.8795    8.11017         37 0.0000e+00
     66.000     65.307    -0.1749  28.078609    -0.1739  28.079390     8.3345     8.6521     7.0689    90.1734 1.0000e-12  -73.71514 -116.87350  51.716692      99.09 2.2917e+02    358.158       8597  1027.5285  1027.5284     4.2779     1.1223     0.1463    33.8825    33.8824    8.11016         35 0.0000e+00
     67.000     66.298    -0.1875  28.072422    -0.1874  28.073208     8.2627     8.5824     9.4847    90.2177 1.0000e-12  -73.71514 -116.87352  51.716710      99.63 2.2917e+02    359.748       8635  1027.5383  1027.5391     4.2800     1.0694     0.1667    33.8876    33.8886    8.11255         33 0.0000e+00
     68.000     67.286    -0.2289  28.043103    -0.2292  28.043961     8.2133     8.5523     8.2441    91.6733 1.0000e-12  -73.71514 -116.87352  51.716725      99.59 2.2917e+02    361.075       8667  1027.5512  1027.5524     4.3490     1.2045     0.1612    33.8940    33.8955    8.12100         32 0.0000e+00
     69.000     68.276    -0.2675  28.017639    -0.2670  28.018735     8.2136     8.5354     6.6995    92.3347 1.0000e-12  -73.71514 -116.87352  51.716742      99.66 2.2928e+02    362.538       8702  1027.5653  1027.5659     4.3805     0.9989     0.1568    33.9025    33.9033    8.12876         35 0.0000e+00
     70.000     69.265    -0.2688  28.019420    -0.2676  28.020204     8.2111     8.5180     6.7902    91.8005 1.0000e-12  -73.71514 -116.87352  51.716764      99.63 2.2963e+02    364.421       8747  1027.5722  1027.5719     4.3547     1.0431     0.1581    33.9057    33.9054    8.12886         42 0.0000e+00
     71.000     70.254    -0.2814  28.013729    -0.2808  28.015048     8.1607     8.4649     7.4509    92.4925 1.0000e-12  -73.71514 -116.87352  51.716785      99.55 2.3086e+02    366.185       8789  1027.5822  1027.5831     4.3873     1.2454     0.1593    33.9115    33.9126    8.13121         34 0.0000e+00
     72.000     71.244    -0.3099  27.992180    -0.3102  27.992975     8.0955     8.4172     6.4027    92.0483 1.0000e-12  -73.71514 -116.87352  51.716801      99.63 2.3094e+02    367.574       8823  1027.5907  1027.5919     4.3669     1.0876     0.1532    33.9139    33.9153    8.13717         32 0.0000e+00
     73.000     72.233    -0.3540  27.959280    -0.3541  27.960757     8.0514     8.3753     6.9130    93.2111 1.0000e-12  -73.71514 -116.87352  51.716816      99.65 2.3094e+02    368.938       8856  1027.6021  1027.6038     4.4219     1.0149     0.1492    33.9185    33.9206    8.14635         35 0.0000e+00
     74.000     73.223    -0.3963  27.929441    -0.3957  27.930692     8.0429     8.3535     6.2198    92.2551 1.0000e-12  -73.71514 -116.87353  51.716835      97.74 2.3133e+02    370.560       8894  1027.6147  1027.6155     4.3766     1.1895     0.1561    33.9253    33.9262    8.15505         38 0.0000e+00
     75.000     74.212    -0.4008  27.926735    -0.4000  27.927783     8.0438     8.3506     4.6851    92.4416 1.0000e-12  -73.71514 -116.87354  51.716857      99.71 2.3272e+02    372.449       8940  1027.6196  1027.6200     4.3854     0.9191     0.1453    33.9260    33.9265    8.15596         41 0.0000e+00
     76.000     75.201    -0.4106  27.920608    -0.4102  27.921441     8.0468     8.3566     5.0731    93.2394 1.0000e-12  -73.71514 -116.87354  51.716876      99.69 2.3270e+02    374.079       8979  1027.6263  1027.6268     4.4232     0.9226     0.1526    33.9282    33.9288    8.15795         36 0.0000e+00
     77.000     76.191    -0.4145  27.920513    -0.4136  27.921391     8.0385     8.3378     4.6841    93.0519 1.0000e-12  -73.71514 -116.87354  51.716892      99.71 2.3314e+02    375.467       9012  1027.6339  1027.6339     4.4144     0.8351     0.1355    33.9318    33.9319    8.15858         32 0.0000e+00
     78.000     77.180    -0.4227  27.914998    -0.4218  27.916621     7.9963     8.2936     4.3719    92.7919 1.0000e-12  -73.71514 -116.87354  51.716909      99.59 2.3400e+02    376.930       9047  1027.6397  1027.6406     4.4024     1.1202     0.1354    33.9328    33.9340    8.16026         31 0.0000e+00
     79.000     78.169    -0.4405  27.900826    -0.4465  27.897429     7.9393     8.2414     5.6253    92.9882 1.0000e-12  -73.71514 -116.87354  51.716930      99.71 2.3408e+02    378.783       9092  1027.6456  1027.6478     4.4112     0.8623     0.1369    33.9331    33.9354    8.16407         37 0.0000e+00
     80.000     79.158    -0.4745  27.873278    -0.4733  27.874814     7.9139     8.2134     5.0850    92.9139 1.0000e-12  -73.71514 -116.87354  51.716951      99.70 2.3446e+02    380.574       9135  1027.6528  1027.6532     4.4078     0.8787     0.1564    33.9336    33.9343    8.17137         35 0.0000e+00
     81.000     80.148    -0.4769  27.873513    -0.4744  27.875666     7.8934     8.1852     4.1300    92.9954 1.0000e-12  -73.71514 -116.87354  51.716967      99.72 2.3446e+02    381.952       9168  1027.6592  1027.6592     4.4116     0.8115     0.1370    33.9360    33.9361    8.17175         31 0.0000e+00
     82.000     81.137    -0.4964  27.857122    -0.4968  27.857950     7.8668     8.1353     4.4254    93.6444 1.0000e-12  -73.71514 -116.87354  51.716984      92.99 2.3446e+02    383.376       9202  1027.6644  1027.6658     4.4425     0.7348     0.1382    33.9352    33.9368    8.17600         39 0.0000e+00
     83.000     82.128    -0.5109  27.844945    -0.5142  27.843436     7.7955     8.0698     4.3382    93.6928 1.0000e-12  -73.71514 -116.87354  51.717004      99.81 2.3446e+02    385.180       9245  1027.6692  1027.6708     4.4448     0.7504     0.1406    33.9345    33.9362    8.17917         36 0.0000e+00
     84.000     83.116    -0.5494  27.812464    -0.5549  27.809034     7.6716     7.9669     3.8753    92.2807 1.0000e-12  -73.71514 -116.87354  51.717023      99.72 2.3446e+02    386.828       9285  1027.6754  1027.6770     4.3777     0.8404     0.1312    33.9333    33.9349    8.18756         35 0.0000e+00
     85.000     84.104    -0.6078  27.762048    -0.5983  27.771691     7.5323     7.8446     4.0953    93.4092 1.0000e-12  -73.71514 -116.87353  51.717040      99.76 2.3446e+02    388.215       9318  1027.6814  1027.6825     4.4313     0.6949     0.1442    33.9303    33.9326    8.20039         34 0.0000e+00
     86.000     85.095    -0.6934  27.687821    -0.6994  27.687727     7.3933     7.6969     3.7074    93.0435 1.0000e-12  -73.71514 -116.87353  51.717058      99.71 2.3446e+02    389.806       9356  1027.6877  1027.6933     4.4142     0.8231     0.1498    33.9257    33.9322    8.21925         39 0.0000e+00
     87.000     86.083    -0.7766  27.616315    -0.7735  27.624576     7.2339     7.5504     4.0231    93.3977 1.0000e-12  -73.71514 -116.87353  51.717079      99.74 2.3446e+02    391.593       9399  1027.6940  1027.6998     4.4307     0.7244     0.1337    33.9218    33.9294    8.23763         36 0.0000e+00
     88.000     87.072    -0.8942  27.519288    -0.8870  27.528720     7.0993     7.4068     4.7078    92.7769 1.0000e-12  -73.71514 -116.87353  51.717096      99.73 2.3446e+02    393.132       9436  1027.7055  1027.7088     4.4010     0.8004     0.1377    33.9219    33.9266    8.26336         35 0.0000e+00
     89.000     88.062    -0.9405  27.480718    -0.9428  27.481399     7.0184     7.3216     4.4557    93.1601 1.0000e-12  -73.71514 -116.87354  51.717114      99.78 2.3446e+02    394.617       9472  1027.7112  1027.7143     4.4197     0.6719     0.1466    33.9211    33.9246    8.27359         37 0.0000e+00
     90.000     89.051    -0.9923  27.438373    -0.9926  27.440349     7.0573     7.3528     4.8212    93.3886 1.0000e-12  -73.71514 -116.87354  51.717132      97.58 2.3487e+02    396.233       9511  1027.7180  1027.7204     4.4303     0.6972     0.1341    33.9213    33.9242    8.28500         39 0.0000e+00
     91.000     90.040    -0.9875  27.447530    -0.9831  27.451191     7.1786     7.4254     4.5123    94.4965 1.0000e-12  -73.71514 -116.87354  51.717151      99.69 2.3561e+02    397.801       9548  1027.7262  1027.7259     4.4828     0.9222     0.1535    33.9277    33.9277    8.28357         37 0.0000e+00
     92.000     91.030    -0.9290  27.501931    -0.9238  27.504998     7.2425     7.4727     4.2437    94.7467 1.0000e-12  -73.71514 -116.87354  51.717166      99.80 2.3568e+02    399.165       9581  1027.7320  1027.7303     4.4942     0.5365     0.1482    33.9351    33.9334    8.27025         29 0.0000e+00
     93.000     92.019    -0.9161  27.513204    -0.9167  27.513861     7.2585     7.5013     4.2487    93.3728 1.0000e-12  -73.71514 -116.87354  51.717180      99.79 2.3623e+02    400.312       9608  1027.7356  1027.7370     4.4301     0.6282     0.1387    33.9352    33.9368    8.26739         26 0.0000e+00
     94.000     93.008    -0.9442  27.492163    -0.9444  27.493246     7.3004     7.5211     3.9006    93.4199 1.0000e-12  -73.71514 -116.87354  51.717192      99.77 2.3623e+02    401.370       9634  1027.7439  1027.7453     4.4318     0.6849     0.1418    33.9377    33.9394    8.27343         25 0.0000e+00
     95.000     93.997    -0.9439  27.497331    -0.9426  27.498621     7.3000     7.5187     4.5440    93.5149 1.0000e-12  -73.71514 -116.87354  51.717204      99.78 2.3623e+02    402.454       9660  1027.7533  1027.7534     4.4363     0.6497     0.1373    33.9438    33.9440    8.27302         27 0.0000e+00
     96.000     94.987    -0.9268  27.516475    -0.9265  27.517220     7.2372     7.4547     4.5673    93.8564 1.0000e-12  -73.71514 -116.87353  51.717218      99.81 2.3630e+02    403.602       9687  1027.7614  1027.7621     4.4525     0.5214     0.1412    33.9499    33.9506    8.26889         28 0.0000e+00
     97.000     95.976    -0.9531  27.495102    -0.9595  27.490764     7.1138     7.3630     3.7241    93.6940 1.0000e-12  -73.71514 -116.87353  51.717231      99.81 2.3664e+02    404.742       9715  1027.7678  1027.7693     4.4448     0.5115     0.1404    33.9499    33.9512    8.27468         26 0.0000e+00
     98.000     96.965    -1.0320  27.427364    -1.0352  27.427245     7.0155     7.2902     3.2176    93.9662 1.0000e-12  -73.71514 -116.87353  51.717243      99.76 2.3630e+02    405.821       9741  1027.7745  1027.7775     4.4576     0.6932     0.1373    33.9461    33.9495    8.29231         26 0.0000e+00
     99.000     97.955    -1.0916  27.377665    -1.0922  27.379240     6.9731     7.2549     3.3925    93.5524 1.0000e-12  -73.71514 -116.87353  51.717255      99.80 2.3672e+02    406.861       9766  1027.7818  1027.7842     4.4382     0.5367     0.1439    33.9450    33.9479    8.30557         25 0.0000e+00
    100.000     98.943    -1.1520  27.330784    -1.1517  27.332267     6.9857     7.2487     3.6469    94.6397 1.0000e-12  -73.71514 -116.87353  51.717267      99.79 2.3652e+02    407.894       9790  1027.7928  1027.7942     4.4896     0.6063     0.1437    33.9486    33.9504    8.31874         24 0.0000e+00
    101.000     99.932    -1.1509  27.333486    -1.1506  27.334457     7.0257     7.2694     3.3593    94.9792 1.0000e-12  -73.71514 -116.87352  51.717279      93.15 2.3481e+02    408.922       9815  1027.7982  1027.7990     4.5057     0.6518     0.1440    33.9505    33.9514    8.31839         25 0.0000e+00
    102.000    100.922    -1.1189  27.364519    -1.1170  27.366031     6.9971     7.2430     3.0971    94.4512 1.0000e-12  -73.71514 -116.87352  51.717292      99.79 2.3649e+02    409.999       9841  1027.8047  1027.8045     4.4807     0.6114     0.1397    33.9560    33.9560    8.31096         27 0.0000e+00
    103.000    101.911    -1.1502  27.336546    -1.1508  27.338096     6.9596     7.1957     3.1784    94.2444 1.0000e-12  -73.71514 -116.87352  51.717304      99.82 2.3650e+02    411.099       9867  1027.8083  1027.8106     4.4709     0.4746     0.1364    33.9527    33.9555    8.31812         26 0.0000e+00
    104.000    102.900    -1.1763  27.315857    -1.1749  27.317970     6.9056     7.1537     3.1334    93.4534 1.0000e-12  -73.71514 -116.87352  51.717317      99.80 2.3552e+02    412.173       9893  1027.8147  1027.8157     4.4334     0.5798     0.1369    33.9532    33.9546    8.32388         25 0.0000e+00
    105.000    103.889    -1.1826  27.310152    -1.1795  27.314228     6.8764     7.1291     3.1950    94.0734 1.0000e-12  -73.71514 -116.87352  51.717329      99.78 2.3703e+02    413.225       9918  1027.8183  1027.8199     4.4627     0.6500     0.1463    33.9520    33.9541    8.32536         25 0.0000e+00
