ocean_section_plots/required_files/ctd/dnbp2202_ctd078.cnv
* Sea-Bird SBE 9 Data File:
* FileName = D:\Data\raw\NBP2202_CTD078.hex
* Software Version Seasave V 7.26.7.121
* Temperature SN = 1649
* Conductivity SN = 2513
* Number of Bytes Per Scan = 40
* Number of Voltage Words = 5
* Number of Scans Averaged by the Deck Unit = 1
* NMEA Latitude = 74 10.51 S
* NMEA Longitude = 113 20.67 W
* NMEA UTC (Time) = Jan 26 2022  16:15:40
* NMEA baud rate = 9600
** Ship: RVIB N.B. Palmer
** Cruise: NBP2202 Thwaites
** Station: YoYo001
** Operator: A. Robinson
# nquan = 25
# nvalues = 607                         
# units = specified
# name 0 = prDM: Pressure, Digiquartz [db]
# name 1 = depSM: Depth [salt water, m]
# name 2 = t090C: Temperature [ITS-90, deg C]
# name 3 = c0mS/cm: Conductivity [mS/cm]
# name 4 = t190C: Temperature, 2 [ITS-90, deg C]
# name 5 = c1mS/cm: Conductivity, 2 [mS/cm]
# name 6 = sbeox0ML/L: Oxygen, SBE 43 [ml/l]
# name 7 = sbeox1ML/L: Oxygen, SBE 43, 2 [ml/l]
# name 8 = flECO-AFL: Fluorescence, WET Labs ECO-AFL/FL [mg/m^3]
# name 9 = CStarTr0: Beam Transmission, WET Labs C-Star [%]
# name 10 = par: PAR/Irradiance, Biospherical/Licor
# name 11 = latitude: Latitude [deg]
# name 12 = longitude: Longitude [deg]
# name 13 = timeJ: Julian Days
# name 14 = altM: Altimeter [m]
# name 15 = spar: SPAR, Biospherical/Licor
# name 16 = timeS: Time, Elapsed [seconds]
# name 17 = scan: Scan Count
# name 18 = density00: Density [density, kg/m^3]
# name 19 = density11: Density, 2 [density, kg/m^3]
# name 20 = sal00: Salinity, Practical [PSU]
# name 21 = sal11: Salinity, Practical, 2 [PSU]
# name 22 = oxsolML/L: Oxygen Saturation, Garcia & Gordon [ml/l]
# name 23 = nbin: number of scans per bin
# name 24 = flag: flag
# span 0 =     10.000,    616.000       
# span 1 =      9.897,    608.719       
# span 2 =    -1.5208,     0.0799       
# span 3 =  26.944177,  28.912960       
# span 4 =    -1.5198,     0.0819       
# span 5 =  26.942896,  28.913262       
# span 6 =     4.7117,     8.6101       
# span 7 =     4.8111,     8.6526       
# span 8 =    -0.0224,    27.5509       
# span 9 =    69.0889,    95.6780       
# span 10 = -2.766e-05, 3.0032e+01      
# span 11 =  -74.17528,  -74.17528      
# span 12 = -113.34463, -113.34458      
# span 13 =  26.677788,  26.687250      
# span 14 =       4.54,     101.40      
# span 15 = 1.5281e+03, 1.7549e+03      
# span 16 =     20.867,    838.359      
# span 17 =        502,      20122      
# span 18 =  1027.2278,  1030.5155      
# span 19 =  1027.2256,  1030.5134      
# span 20 =    33.7973,    34.3770      
# span 21 =    33.7935,    34.3744      
# span 22 =    8.02844,    8.40742      
# span 23 =         18,         60      
# span 24 = 0.0000e+00, 0.0000e+00      
# interval = decibars: 1                
# start_time = Jan 26 2022 16:15:40 [NMEA time, header]
# bad_flag = -9.990e-29
*END*
[from data line 464]
    474.000    468.557    -0.0762  28.683303    -0.0748  28.682409     4.7982     4.9027    -0.0185    95.1384 1.0000e-12  -74.17528 -113.34460  26.684808      99.85 1.5866e+03    627.372      15058  1029.8199  1029.8176    34.3307    34.3280    8.06382         27 0.0000e+00
    475.000    469.545    -0.0765  28.683201    -0.0751  28.682447     4.7937     4.8969    -0.0114    95.1317 1.0000e-12  -74.17528 -113.34461  26.684821      99.87 1.5866e+03    628.506      15085  1029.8244  1029.8222    34.3303    34.3278    8.06391         28 0.0000e+00
    476.000    470.532    -0.0753  28.685024    -0.0734  28.684717     4.7928     4.8994    -0.0106    95.1435 1.0000e-12  -74.17528 -113.34461  26.684834      99.87 1.5866e+03    629.680      15113  1029.8294  1029.8271    34.3308    34.3282    8.06363         28 0.0000e+00
    477.000    471.521    -0.0764  28.684218    -0.0739  28.684720     4.7914     4.8982    -0.0135    95.1306 1.0000e-12  -74.17528 -113.34461  26.684848      99.86 1.5866e+03    630.865      15142  1029.8338  1029.8319    34.3304    34.3282    8.06389         28 0.0000e+00
    478.000    472.507    -0.0779  28.683095    -0.0759  28.682692     4.7878     4.8931    -0.0161    95.1202 1.0000e-12  -74.17528 -113.34461  26.684861      99.86 1.5866e+03    632.011      15169  1029.8383  1029.8360    34.3299    34.3272    8.06422         27 0.0000e+00
    479.000    473.495    -0.0763  28.684907    -0.0745  28.684631     4.7869     4.8953    -0.0139    95.1155 1.0000e-12  -74.17528 -113.34460  26.684874      99.87 1.5861e+03    633.124      15196  1029.8430  1029.8409    34.3300    34.3277    8.06389         27 0.0000e+00
    480.000    474.481    -0.0752  28.686463    -0.0739  28.685478     4.7858     4.8945    -0.0176    95.1269 1.0000e-12  -74.17528 -113.34462  26.684887      99.86 1.5848e+03    634.230      15223  1029.8478  1029.8455    34.3303    34.3275    8.06365         26 0.0000e+00
    481.000    475.470    -0.0753  28.686862    -0.0733  28.686729     4.7898     4.8955    -0.0127    95.1142 1.0000e-12  -74.17528 -113.34462  26.684900      99.86 1.5848e+03    635.351      15249  1029.8526  1029.8504    34.3303    34.3279    8.06366         28 0.0000e+00
    482.000    476.456    -0.0748  28.688021    -0.0731  28.687507     4.7859     4.8970    -0.0086    95.1203 1.0000e-12  -74.17528 -113.34461  26.684913      99.63 1.5848e+03    636.494      15277  1029.8575  1029.8553    34.3307    34.3280    8.06354         27 0.0000e+00
    483.000    477.444    -0.0753  28.687572    -0.0737  28.687095     4.7894     4.8946    -0.0181    95.0875 1.0000e-12  -74.17528 -113.34460  26.684926      99.06 1.5849e+03    637.637      15304  1029.8618  1029.8598    34.3301    34.3277    8.06367         27 0.0000e+00
    484.000    478.431    -0.0753  28.688207    -0.0733  28.687897     4.7874     4.8847    -0.0161    95.0893 1.0000e-12  -74.17528 -113.34460  26.684939      99.85 1.5859e+03    638.758      15331  1029.8667  1029.8644    34.3302    34.3276    8.06365         26 0.0000e+00
    485.000    479.418    -0.0748  28.689142    -0.0730  28.688722     4.7829     4.8862    -0.0111    95.1015 1.0000e-12  -74.17528 -113.34460  26.684952      99.86 1.5865e+03    639.863      15358  1029.8714  1029.8693    34.3303    34.3278    8.06354         27 0.0000e+00
    486.000    480.407    -0.0742  28.690064    -0.0727  28.689440     4.7808     4.8914    -0.0069    95.0800 1.0000e-12  -74.17528 -113.34460  26.684965      99.86 1.5865e+03    640.988      15385  1029.8761  1029.8740    34.3303    34.3279    8.06342         28 0.0000e+00
    487.000    481.394    -0.0739  28.691008    -0.0720  28.690583     4.7820     4.8909    -0.0020    95.0678 1.0000e-12  -74.17528 -113.34460  26.684978      99.87 1.5866e+03    642.130      15412  1029.8810  1029.8788    34.3307    34.3280    8.06334         27 0.0000e+00
    488.000    482.380    -0.0716  28.693641    -0.0697  28.693332     4.7792     4.8827    -0.0106    95.0682 1.0000e-12  -74.17528 -113.34460  26.684992      99.86 1.5866e+03    643.275      15440  1029.8859  1029.8836    34.3310    34.3284    8.06284         28 0.0000e+00
    489.000    483.368    -0.0680  28.698164    -0.0662  28.697614     4.7762     4.8770    -0.0126    95.0735 1.0000e-12  -74.17528 -113.34460  26.685005      99.86 1.5866e+03    644.411      15467  1029.8913  1029.8890    34.3324    34.3296    8.06201         27 0.0000e+00
    490.000    484.356    -0.0593  28.708281    -0.0585  28.706488     4.7766     4.8810    -0.0093    95.0802 1.0000e-12  -74.17528 -113.34460  26.685018      99.86 1.5863e+03    645.537      15494  1029.8977  1029.8951    34.3354    34.3322    8.05999         27 0.0000e+00
    491.000    485.343    -0.0569  28.711265    -0.0538  28.711995     4.7735     4.8742    -0.0142    95.0898 1.0000e-12  -74.17528 -113.34460  26.685031      99.86 1.5849e+03    646.667      15521  1029.9028  1029.9006    34.3361    34.3336    8.05945         27 0.0000e+00
    492.000    486.329    -0.0556  28.713071    -0.0529  28.713610     4.7713     4.8747    -0.0065    95.0629 1.0000e-12  -74.17528 -113.34460  26.685044      99.86 1.5825e+03    647.804      15548  1029.9078  1029.9057    34.3365    34.3341    8.05916         28 0.0000e+00
    493.000    487.318    -0.0478  28.722207    -0.0431  28.724528     4.7627     4.8662    -0.0093    95.0442 1.0000e-12  -74.17528 -113.34460  26.685057      96.45 1.5808e+03    648.947      15576  1029.9140  1029.9119    34.3392    34.3370    8.05736         27 0.0000e+00
    494.000    488.304    -0.0421  28.728705    -0.0401  28.728369     4.7629     4.8705    -0.0106    95.0333 1.0000e-12  -74.17528 -113.34460  26.685071      73.28 1.5796e+03    650.097      15603  1029.9196  1029.9173    34.3408    34.3381    8.05606         28 0.0000e+00
    495.000    489.292    -0.0410  28.730212    -0.0388  28.730214     4.7644     4.8746    -0.0158    95.0307 1.0000e-12  -74.17528 -113.34460  26.685084      99.36 1.5786e+03    651.235      15631  1029.9245  1029.9223    34.3410    34.3385    8.05583         27 0.0000e+00
    496.000    490.279    -0.0400  28.731858    -0.0376  28.732008     4.7631     4.8658    -0.0114    95.0318 1.0000e-12  -74.17528 -113.34460  26.685097      99.86 1.5778e+03    652.356      15658  1029.9296  1029.9273    34.3415    34.3389    8.05560         26 0.0000e+00
    497.000    491.266    -0.0381  28.734375    -0.0361  28.734099     4.7633     4.8643    -0.0167    95.0154 1.0000e-12  -74.17528 -113.34460  26.685109      99.86 1.5777e+03    653.460      15684  1029.9347  1029.9324    34.3421    34.3395    8.05516         27 0.0000e+00
    498.000    492.254    -0.0380  28.734977    -0.0360  28.734647     4.7599     4.8712    -0.0052    94.9928 1.0000e-12  -74.17528 -113.34460  26.685122      99.87 1.5773e+03    654.569      15711  1029.9395  1029.9372    34.3422    34.3395    8.05513         27 0.0000e+00
    499.000    493.241    -0.0378  28.735615    -0.0359  28.735313     4.7608     4.8719    -0.0096    94.9925 1.0000e-12  -74.17528 -113.34460  26.685135      99.86 1.5778e+03    655.705      15738  1029.9443  1029.9421    34.3422    34.3396    8.05508         27 0.0000e+00
    500.000    494.228    -0.0376  28.736156    -0.0355  28.736058     4.7561     4.8662    -0.0119    94.9873 1.0000e-12  -74.17528 -113.34460  26.685149      99.86 1.5767e+03    656.852      15765  1029.9490  1029.9469    34.3421    34.3396    8.05505         28 0.0000e+00
    501.000    495.216    -0.0373  28.736992    -0.0353  28.736748     4.7585     4.8626    -0.0169    95.0030 1.0000e-12  -74.17528 -113.34460  26.685162      99.86 1.5771e+03    658.001      15793  1029.9538  1029.9516    34.3423    34.3397    8.05497         27 0.0000e+00
    502.000    496.203    -0.0359  28.738974    -0.0341  28.738425     4.7610     4.8663    -0.0025    94.9771 1.0000e-12  -74.17528 -113.34460  26.685175      99.86 1.5775e+03    659.148      15821  1029.9589  1029.9566    34.3428    34.3400    8.05466         28 0.0000e+00
    503.000    497.190    -0.0333  28.742274    -0.0314  28.741730     4.7582     4.8671    -0.0090    94.9801 1.0000e-12  -74.17528 -113.34460  26.685188      99.86 1.5777e+03    660.282      15848  1029.9640  1029.9616    34.3436    34.3408    8.05406         27 0.0000e+00
    504.000    498.177    -0.0314  28.744854    -0.0294  28.744535     4.7643     4.8685    -0.0021    94.9782 1.0000e-12  -74.17528 -113.34460  26.685201      97.32 1.5765e+03    661.400      15875  1029.9691  1029.9669    34.3442    34.3417    8.05361         27 0.0000e+00
    505.000    499.164    -0.0300  28.746684    -0.0283  28.746014     4.7668     4.8662    -0.0105    94.9695 1.0000e-12  -74.17528 -113.34460  26.685214      68.68 1.5758e+03    662.515      15901  1029.9740  1029.9717    34.3445    34.3418    8.05331         26 0.0000e+00
    506.000    500.152    -0.0305  28.746775    -0.0282  28.746732     4.7622     4.8705    -0.0109    94.9839 1.0000e-12  -74.17528 -113.34460  26.685227      88.37 1.5746e+03    663.623      15928  1029.9789  1029.9767    34.3447    34.3421    8.05341         27 0.0000e+00
    507.000    501.139    -0.0299  28.748053    -0.0274  28.748246     4.7642     4.8717    -0.0150    94.9989 1.0000e-12  -74.17528 -113.34460  26.685240      98.34 1.5736e+03    664.730      15955  1029.9840  1029.9818    34.3451    34.3426    8.05326         27 0.0000e+00
    508.000    502.126    -0.0289  28.749903    -0.0272  28.749310     4.7688     4.8718    -0.0035    94.9756 1.0000e-12  -74.17528 -113.34460  26.685253      99.84 1.5727e+03    665.861      15982  1029.9892  1029.9869    34.3458    34.3431    8.05301         27 0.0000e+00
    509.000    503.112    -0.0308  28.748655    -0.0281  28.749171     4.7741     4.8715    -0.0126    94.9983 1.0000e-12  -74.17528 -113.34460  26.685266      99.86 1.5728e+03    667.006      16009  1029.9941  1029.9920    34.3457    34.3434    8.05342         27 0.0000e+00
    510.000    504.101    -0.0316  28.748339    -0.0291  28.748554     4.7744     4.8720    -0.0148    94.9706 1.0000e-12  -74.17528 -113.34460  26.685280      99.86 1.5727e+03    668.175      16037  1029.9988  1029.9966    34.3456    34.3431    8.05360         29 0.0000e+00
    511.000    505.088    -0.0260  28.755100    -0.0226  28.755978     4.7691     4.8738    -0.0134    94.9782 1.0000e-12  -74.17528 -113.34460  26.685293      60.31 1.5739e+03    669.342      16065  1030.0046  1030.0023    34.3476    34.3450    8.05229         27 0.0000e+00
    512.000    506.076    -0.0222  28.759288    -0.0205  28.758778     4.7679     4.8722    -0.0156    95.0110 1.0000e-12  -74.17528 -113.34460  26.685306      97.23 1.5748e+03    670.473      16092  1030.0096  1030.0074    34.3484    34.3458    8.05146         27 0.0000e+00
    513.000    507.063    -0.0204  28.761775    -0.0188  28.761160     4.7692     4.8714    -0.0107    95.0087 1.0000e-12  -74.17528 -113.34460  26.685319      99.87 1.5759e+03    671.585      16119  1030.0148  1030.0126    34.3491    34.3465    8.05104         27 0.0000e+00
    514.000    508.049    -0.0204  28.762264    -0.0183  28.761892     4.7714     4.8726    -0.0122    95.0240 1.0000e-12  -74.17528 -113.34460  26.685332      99.86 1.5772e+03    672.692      16146  1030.0195  1030.0171    34.3491    34.3462    8.05103         26 0.0000e+00
    515.000    509.037    -0.0198  28.763222    -0.0179  28.763109     4.7733     4.8735    -0.0112    95.0546 1.0000e-12  -74.17528 -113.34460  26.685345      99.86 1.5784e+03    673.797      16172  1030.0242  1030.0223    34.3491    34.3468    8.05091         27 0.0000e+00
    516.000    510.023    -0.0179  28.765787    -0.0153  28.765860     4.7622     4.8721    -0.0120    95.0803 1.0000e-12  -74.17528 -113.34460  26.685358      99.14 1.5796e+03    674.921      16199  1030.0294  1030.0269    34.3498    34.3469    8.05048         27 0.0000e+00
    517.000    511.012    -0.0130  28.771427    -0.0108  28.770990     4.7633     4.8719    -0.0061    95.0857 1.0000e-12  -74.17528 -113.34460  26.685371      79.05 1.5812e+03    676.071      16227  1030.0347  1030.0322    34.3511    34.3481    8.04936         28 0.0000e+00
    518.000    511.998    -0.0100  28.775152    -0.0082  28.774478     4.7612     4.8630    -0.0017    95.1039 1.0000e-12  -74.17528 -113.34460  26.685384      96.07 1.5810e+03    677.222      16254  1030.0400  1030.0376    34.3521    34.3492    8.04867         28 0.0000e+00
    519.000    512.986    -0.0061  28.779661    -0.0042  28.779287     4.7589     4.8586    -0.0076    95.0937 1.0000e-12  -74.17528 -113.34460  26.685398      99.82 1.5798e+03    678.363      16282  1030.0453  1030.0430    34.3532    34.3505    8.04781         27 0.0000e+00
    520.000    513.973     0.0009  28.788020     0.0032  28.787873     4.7584     4.8635    -0.0108    95.0992 1.0000e-12  -74.17528 -113.34460  26.685411      99.86 1.5796e+03    679.478      16308  1030.0515  1030.0491    34.3558    34.3530    8.04619         26 0.0000e+00
    521.000    514.959     0.0017  28.789066     0.0032  28.788475     4.7596     4.8571    -0.0148    95.1163 1.0000e-12  -74.17528 -113.34460  26.685423      99.83 1.5796e+03    680.582      16335  1030.0562  1030.0540    34.3557    34.3532    8.04603         26 0.0000e+00
    522.000    515.948     0.0006  28.788474     0.0022  28.787543     4.7548     4.8567    -0.0137    95.0939 1.0000e-12  -74.17528 -113.34460  26.685436      99.52 1.5807e+03    681.688      16362  1030.0609  1030.0584    34.3555    34.3526    8.04626         28 0.0000e+00
    523.000    516.933     0.0036  28.792108     0.0049  28.790976     4.7571     4.8618    -0.0096    95.1039 1.0000e-12  -74.17528 -113.34460  26.685449      99.21 1.5814e+03    682.835      16389  1030.0661  1030.0636    34.3564    34.3534    8.04558         28 0.0000e+00
    524.000    517.922     0.0044  28.793337     0.0058  28.792506     4.7512     4.8551    -0.0101    95.0822 1.0000e-12  -74.17528 -113.34461  26.685463      98.32 1.5813e+03    683.999      16417  1030.0709  1030.0687    34.3566    34.3539    8.04541         27 0.0000e+00
    525.000    518.909     0.0042  28.793601     0.0066  28.793709     4.7519     4.8512    -0.0103    95.1015 1.0000e-12  -74.17528 -113.34460  26.685476      97.84 1.5803e+03    685.156      16445  1030.0757  1030.0735    34.3565    34.3540    8.04545         28 0.0000e+00
    526.000    519.895     0.0069  28.797007     0.0090  28.796782     4.7491     4.8520    -0.0094    95.0601 1.0000e-12  -74.17528 -113.34462  26.685489      96.67 1.5796e+03    686.283      16472  1030.0809  1030.0786    34.3574    34.3548    8.04483         26 0.0000e+00
    527.000    520.882     0.0070  28.797494     0.0090  28.797339     4.7495     4.8473    -0.0030    95.0870 1.0000e-12  -74.17528 -113.34460  26.685502      95.39 1.5804e+03    687.384      16498  1030.0856  1030.0835    34.3574    34.3549    8.04482         26 0.0000e+00
    528.000    521.870     0.0076  28.798735     0.0100  28.798814     4.7490     4.8489    -0.0086    95.0801 1.0000e-12  -74.17528 -113.34460  26.685515      94.79 1.5825e+03    688.475      16524  1030.0905  1030.0884    34.3577    34.3552    8.04466         27 0.0000e+00
    529.000    522.858     0.0088  28.800356     0.0110  28.800286     4.7485     4.8532    -0.0095    95.0719 1.0000e-12  -74.17528 -113.34460  26.685528      93.58 1.5853e+03    689.596      16551  1030.0954  1030.0932    34.3580    34.3554    8.04440         28 0.0000e+00
    530.000    523.843     0.0094  28.801669     0.0116  28.801422     4.7471     4.8522    -0.0021    95.0612 1.0000e-12  -74.17528 -113.34460  26.685541      92.43 1.5881e+03    690.745      16579  1030.1004  1030.0981    34.3584    34.3556    8.04424         27 0.0000e+00
