ocean_section_plots/required_files/ctd/dnbp2202_ctd015.cnv
* Sea-Bird SBE 9 Data File:
* FileName = D:\Data\raw\NBP2202_CTD015.hex
* Software Version Seasave V 7.26.7.121
* Temperature SN = 1649
* Conductivity SN = 2513
* Number of Bytes Per Scan = 40
* Number of Voltage Words = 5
* Number of Scans Averaged by the Deck Unit = 1
* NMEA Latitude = 73 03.16 S
* NMEA Longitude = 113 40.41 W
* NMEA UTC (Time) = Jan 17 2022  03:21:48
* NMEA baud rate = 9600
** Ship: RVIB N.B. Palmer
** Cruise: NBP2202 Thwaites
** Station: #10
** Operator: B Bjork
# nquan = 25
# nvalues = 475                         
# units = specified
# name 0 = prDM: Pressure, Digiquartz [db]
# name 1 = depSM: Depth [salt water, m]
# name 2 = t090C: Temperature [ITS-90, deg C]
# name 3 = c0mS/cm: Conductivity [mS/cm]
# name 4 = t190C: Temperature, 2 [ITS-90, deg C]
# name 5 = c1mS/cm: Conductivity, 2 [mS/cm]
# name 6 = sbeox0ML/L: Oxygen, SBE 43 [ml/l]
# name 7 = sbeox1ML/L: Oxygen, SBE 43, 2 [ml/l]
# name 8 = flECO-AFL: Fluorescence, WET Labs ECO-AFL/FL [mg/m^3]
# name 9 = CStarTr0: Beam Transmission, WET Labs C-Star [%]
# name 10 = par: PAR/Irradiance, Biospherical/Licor
# name 11 = latitude: Latitude [deg]
# name 12 = longitude: Longitude [deg]
# name 13 = timeJ: Julian Days
# name 14 = altM: Altimeter [m]
# name 15 = spar: SPAR, Biospherical/Licor
# name 16 = timeS: Time, Elapsed [seconds]
# name 17 = scan: Scan Count
# name 18 = density00: Density [density, kg/m^3]
# name 19 = density11: Density, 2 [density, kg/m^3]
# name 20 = sal00: Salinity, Practical [PSU]
# name 21 = sal11: Salinity, Practical, 2 [PSU]
# name 22 = oxsolML/L: Oxygen Saturation, Garcia & Gordon [ml/l]
# name 23 = nbin: number of scans per bin
# name 24 = flag: flag
# span 0 =      2.000,    476.000       
# span 1 =      1.980,    470.560       
# span 2 =    -1.6645,     0.5097       
# span 3 =  26.898986,  29.358936       
# span 4 =    -1.6637,     0.5127       
# span 5 =  26.898903,  29.359292       
# span 6 =     4.5812,     8.8228       
# span 7 =     4.8442,     9.3845       
# span 8 =    -0.0174,    27.4412       
# span 9 =    68.5336,    97.3141       
# span 10 = 1.0000e-12, 3.4935e+01      
# span 11 =  -73.05276,  -73.05274      
# span 12 = -113.67374, -113.67366      
# span 13 =  17.142236,  17.150866      
# span 14 =       9.35,     100.92      
# span 15 = 7.7995e+01, 1.2869e+02      
# span 16 =    181.212,    926.845      
# span 17 =       4350,      22245      
# span 18 =  1027.2313,  1029.9754      
# span 19 =  1027.2304,  1029.9726      
# span 20 =    33.8756,    34.5631      
# span 21 =    33.8747,    34.5599      
# span 22 =    7.92904,    8.43368      
# span 23 =         16,         50      
# span 24 = 0.0000e+00, 0.0000e+00      
# interval = decibars: 1                
# start_time = Jan 17 2022 03:21:48 [NMEA time, header]
# bad_flag = -9.990e-29
*END*
[from data line 290]
    292.000    288.791    -0.8558  27.851643    -0.8537  27.850725     5.6164     5.9511    -0.0074    97.2611 1.0000e-12  -73.05274 -113.67370  17.147465      99.92 1.1749e+02    633.000      15193  1028.8966  1028.8936    34.2039    34.2003    8.23850         36 0.0000e+00
    293.000    289.778    -0.8442  27.863520    -0.8419  27.862999     5.6067     5.9364     0.0020    97.2594 1.0000e-12  -73.05274 -113.67370  17.147483      99.91 1.1634e+02    634.575      15231  1028.9028  1028.9000    34.2063    34.2030    8.23583         31 0.0000e+00
    294.000    290.766    -0.8389  27.869302    -0.8372  27.868512     5.5890     5.9337    -0.0094    97.2741 1.0000e-12  -73.05274 -113.67370  17.147497      99.92 1.1635e+02    635.776      15260  1028.9084  1028.9059    34.2075    34.2045    8.23460         26 0.0000e+00
    295.000    291.756    -0.8338  27.875187    -0.8318  27.874604     5.5839     5.9195    -0.0101    97.2557 1.0000e-12  -73.05274 -113.67370  17.147509      98.98 1.1635e+02    636.794      15284  1028.9144  1028.9118    34.2092    34.2061    8.23340         24 0.0000e+00
    296.000    292.742    -0.8276  27.881804    -0.8254  27.881355     5.5664     5.9005    -0.0030    97.2532 1.0000e-12  -73.05274 -113.67369  17.147521      87.64 1.1635e+02    637.840      15309  1028.9200  1028.9174    34.2105    34.2074    8.23197         26 0.0000e+00
    297.000    293.732    -0.8039  27.904787    -0.8007  27.904528     5.5420     5.8757    -0.0104    97.2454 1.0000e-12  -73.05274 -113.67369  17.147535      96.27 1.1635e+02    639.027      15338  1028.9261  1028.9228    34.2141    34.2102    8.22657         31 0.0000e+00
    298.000    294.720    -0.7829  27.924990    -0.7806  27.924224     5.5295     5.8603    -0.0032    97.2554 1.0000e-12  -73.05274 -113.67368  17.147550      99.91 1.1635e+02    640.287      15368  1028.9320  1028.9290    34.2171    34.2135    8.22182         29 0.0000e+00
    299.000    295.708    -0.7737  27.934246    -0.7715  27.933735     5.5271     5.8585     0.0591    97.2537 1.0000e-12  -73.05274 -113.67370  17.147563      99.91 1.1635e+02    641.449      15396  1028.9376  1028.9350    34.2186    34.2155    8.21974         27 0.0000e+00
    300.000    296.695    -0.7696  27.938360    -0.7676  27.937893     5.5295     5.8567    -0.0039    97.2274 1.0000e-12  -73.05274 -113.67369  17.147577      99.91 1.1591e+02    642.613      15424  1028.9427  1028.9402    34.2189    34.2160    8.21882         28 0.0000e+00
    301.000    297.686    -0.7674  27.941043    -0.7655  27.940350     5.5217     5.8470    -0.0010    97.2327 1.0000e-12  -73.05274 -113.67369  17.147592      99.91 1.1496e+02    643.987      15457  1028.9480  1028.9454    34.2194    34.2163    8.21831         34 0.0000e+00
    302.000    298.673    -0.7586  27.950780    -0.7569  27.949751     5.5186     5.8466     0.0074    97.2388 1.0000e-12  -73.05274 -113.67370  17.147609      99.92 1.1458e+02    645.431      15491  1028.9545  1028.9517    34.2221    34.2187    8.21625         30 0.0000e+00
    303.000    299.660    -0.7608  27.950770    -0.7592  27.950265     5.5145     5.8478     0.0043    97.2335 1.0000e-12  -73.05274 -113.67368  17.147622      99.91 1.1459e+02    646.532      15518  1028.9611  1028.9590    34.2239    34.2214    8.21661         23 0.0000e+00
    304.000    300.651    -0.7633  27.949462    -0.7616  27.948974     5.5194     5.8507     0.0033    97.2427 1.0000e-12  -73.05274 -113.67370  17.147632      99.91 1.1459e+02    647.438      15540  1028.9666  1028.9645    34.2243    34.2218    8.21713         22 0.0000e+00
    305.000    301.637    -0.7684  27.945889    -0.7668  27.945280     5.5272     5.8480    -0.0025    97.2275 1.0000e-12  -73.05274 -113.67370  17.147643      99.91 1.1459e+02    648.380      15562  1028.9721  1028.9699    34.2247    34.2220    8.21822         25 0.0000e+00
    306.000    302.627    -0.7758  27.941528    -0.7740  27.941098     5.5164     5.8374     0.0040    97.2258 1.0000e-12  -73.05274 -113.67370  17.147659      98.02 1.1400e+02    649.747      15595  1028.9792  1028.9769    34.2266    34.2239    8.21974         37 0.0000e+00
    307.000    303.614    -0.7706  27.949553    -0.7689  27.948402     5.4935     5.8241    -0.0073    97.1897 1.0000e-12  -73.05274 -113.67370  17.147682      93.09 1.1279e+02    651.737      15643  1028.9871  1028.9842    34.2309    34.2275    8.21835         41 0.0000e+00
    308.000    304.602    -0.7644  27.956509    -0.7631  27.955717     5.4937     5.8082     0.0012    97.1736 1.0000e-12  -73.05274 -113.67368  17.147698     100.17 1.1282e+02    653.094      15675  1028.9929  1028.9908    34.2327    34.2301    8.21689         23 0.0000e+00
    309.000    305.590    -0.7649  27.956687    -0.7632  27.956138     5.4939     5.8121     0.0063    97.1629 1.0000e-12  -73.05274 -113.67368  17.147708      99.91 1.1282e+02    653.972      15696  1028.9979  1028.9957    34.2329    34.2302    8.21699         21 0.0000e+00
    310.000    306.579    -0.7633  27.958703    -0.7613  27.958346     5.4885     5.8155     0.0000    97.1631 1.0000e-12  -73.05274 -113.67369  17.147718      99.92 1.1282e+02    654.856      15718  1029.0028  1029.0005    34.2331    34.2305    8.21662         23 0.0000e+00
    311.000    307.568    -0.7637  27.958863    -0.7616  27.958422     5.4923     5.8094     0.0029    97.1501 1.0000e-12  -73.05274 -113.67370  17.147731      99.91 1.1282e+02    655.962      15744  1029.0077  1029.0053    34.2332    34.2303    8.21670         32 0.0000e+00
    312.000    308.556    -0.7631  27.959884    -0.7598  27.960681     5.4804     5.7997     0.0093    97.1217 1.0000e-12  -73.05274 -113.67369  17.147750      99.92 1.1282e+02    657.617      15784  1029.0126  1029.0103    34.2334    34.2307    8.21658         35 0.0000e+00
    313.000    309.544    -0.7491  27.974491    -0.7434  27.976575     5.4530     5.7814     0.0076    97.1233 1.0000e-12  -73.05274 -113.67368  17.147769      99.91 1.1098e+02    659.233      15823  1029.0190  1029.0157    34.2366    34.2330    8.21333         31 0.0000e+00
    314.000    310.531    -0.7301  27.992754    -0.7279  27.992355     5.4450     5.7719    -0.0076    97.1406 1.0000e-12  -73.05274 -113.67368  17.147781      99.91 1.1068e+02    660.287      15848  1029.0245  1029.0220    34.2392    34.2362    8.20905         23 0.0000e+00
    315.000    311.520    -0.7235  27.999406    -0.7216  27.998793     5.4426     5.7685    -0.0074    97.1239 1.0000e-12  -73.05274 -113.67368  17.147792      99.91 1.1066e+02    661.198      15870  1029.0296  1029.0271    34.2401    34.2371    8.20756         22 0.0000e+00
    316.000    312.508    -0.7185  28.004675    -0.7163  28.004094     5.4409     5.7584     0.0005    97.1251 1.0000e-12  -73.05274 -113.67368  17.147805      99.91 1.0976e+02    662.341      15897  1029.0348  1029.0320    34.2409    34.2377    8.20642         34 0.0000e+00
    317.000    313.497    -0.7093  28.013908    -0.7068  28.013338     5.4293     5.7542     0.0050    97.1284 1.0000e-12  -73.05274 -113.67368  17.147824      79.79 1.0929e+02    663.962      15936  1029.0402  1029.0373    34.2423    34.2389    8.20434         40 0.0000e+00
    318.000    314.484    -0.7025  28.020464    -0.7005  28.019938     5.4113     5.7356    -0.0003    97.1262 1.0000e-12  -73.05274 -113.67368  17.147840     100.49 1.0930e+02    665.396      15971  1029.0451  1029.0426    34.2429    34.2400    8.20283         28 0.0000e+00
    319.000    315.474    -0.6954  28.027855    -0.6931  28.027531     5.3840     5.7047    -0.0058    97.1419 1.0000e-12  -73.05274 -113.67368  17.147852      99.92 1.0930e+02    666.427      15995  1029.0506  1029.0480    34.2443    34.2413    8.20122         23 0.0000e+00
    320.000    316.460    -0.6790  28.044413    -0.6767  28.043531     5.3684     5.6874     0.0032    97.1235 1.0000e-12  -73.05274 -113.67368  17.147863      99.91 1.0890e+02    667.343      16017  1029.0567  1029.0535    34.2475    34.2437    8.19748         22 0.0000e+00
    321.000    317.449    -0.6423  28.078733    -0.6399  28.078223     5.3567     5.6688     0.0090    97.1129 1.0000e-12  -73.05274 -113.67368  17.147874      99.91 1.0837e+02    668.328      16041  1029.0622  1029.0592    34.2517    34.2482    8.18929         26 0.0000e+00
    322.000    318.438    -0.6363  28.084653    -0.6345  28.083746     5.3534     5.6705     0.0030    97.1275 1.0000e-12  -73.05274 -113.67368  17.147890      99.91 1.0794e+02    669.724      16074  1029.0673  1029.0646    34.2522    34.2490    8.18795         39 0.0000e+00
    323.000    319.426    -0.6358  28.085491    -0.6335  28.085192     5.3504     5.6671    -0.0077    97.1295 1.0000e-12  -73.05274 -113.67368  17.147909      99.91 1.0754e+02    671.366      16114  1029.0724  1029.0699    34.2522    34.2492    8.18785         33 0.0000e+00
    324.000    320.413    -0.6307  28.091057    -0.6285  28.090556     5.3419     5.6616    -0.0005    97.1301 1.0000e-12  -73.05274 -113.67368  17.147924      99.91 1.0754e+02    672.606      16144  1029.0779  1029.0753    34.2533    34.2502    8.18668         25 0.0000e+00
    325.000    321.402    -0.6221  28.099834    -0.6200  28.099212     5.3322     5.6520     0.0113    97.1339 1.0000e-12  -73.05274 -113.67368  17.147935      99.92 1.0754e+02    673.591      16167  1029.0834  1029.0807    34.2548    34.2517    8.18473         22 0.0000e+00
    326.000    322.390    -0.6160  28.106532    -0.6141  28.105585     5.3316     5.6445     0.0120    97.1362 1.0000e-12  -73.05274 -113.67368  17.147946      99.91 1.0754e+02    674.492      16189  1029.0890  1029.0862    34.2563    34.2529    8.18332         22 0.0000e+00
    327.000    323.378    -0.6100  28.112226    -0.6078  28.111945     5.3287     5.6489    -0.0068    97.1354 1.0000e-12  -73.05274 -113.67368  17.147957      99.92 1.0714e+02    675.461      16212  1029.0938  1029.0913    34.2567    34.2537    8.18202         26 0.0000e+00
    328.000    324.366    -0.6050  28.117335    -0.6032  28.116459     5.3098     5.6266    -0.0008    97.1281 1.0000e-12  -73.05274 -113.67369  17.147973      93.77 1.0617e+02    676.881      16246  1029.0989  1029.0962    34.2573    34.2541    8.18090         33 0.0000e+00
    329.000    325.354    -0.5787  28.144028    -0.5764  28.142785     5.2692     5.5876     0.0076    97.1208 1.0000e-12  -73.05274 -113.67369  17.147997      99.34 1.0585e+02    678.955      16296  1029.1064  1029.1028    34.2629    34.2586    8.17490         38 0.0000e+00
    330.000    326.342    -0.5459  28.175148    -0.5437  28.174487     5.2403     5.5591    -0.0010    97.1209 1.0000e-12  -73.05274 -113.67368  17.148012      99.94 1.0602e+02    680.230      16327  1029.1122  1029.1093    34.2671    34.2637    8.16758         22 0.0000e+00
    331.000    327.332    -0.5382  28.183367    -0.5355  28.183016     5.2344     5.5433     0.0196    97.1211 1.0000e-12  -73.05274 -113.67368  17.148021      99.92 1.0539e+02    681.055      16346  1029.1180  1029.1150    34.2688    34.2653    8.16582         19 0.0000e+00
    332.000    328.319    -0.5109  28.210594    -0.5082  28.209964     5.2269     5.5325     0.0121    97.1277 1.0000e-12  -73.05274 -113.67368  17.148030      99.91 1.0513e+02    681.816      16365  1029.1249  1029.1216    34.2740    34.2701    8.15965         19 0.0000e+00
    333.000    329.308    -0.5007  28.220352    -0.4983  28.219768     5.2234     5.5276     0.0093    97.1200 1.0000e-12  -73.05274 -113.67369  17.148041      99.92 1.0446e+02    682.717      16386  1029.1299  1029.1270    34.2749    34.2715    8.15739         26 0.0000e+00
    334.000    330.295    -0.4975  28.223521    -0.4954  28.222777     5.2163     5.5217     0.0025    97.1160 1.0000e-12  -73.05274 -113.67370  17.148063      99.92 1.0398e+02    684.620      16432  1029.1351  1029.1323    34.2749    34.2716    8.15670         39 0.0000e+00
    335.000    331.282    -0.4884  28.233500    -0.4859  28.232448     5.1811     5.4894    -0.0073    97.1077 1.0000e-12  -73.05274 -113.67368  17.148087      99.91 1.0401e+02    686.683      16481  1029.1417  1029.1381    34.2775    34.2732    8.15461         30 0.0000e+00
    336.000    332.271    -0.4413  28.278806    -0.4388  28.278060     5.1705     5.4807    -0.0069    97.1117 1.0000e-12  -73.05274 -113.67368  17.148097      99.92 1.0310e+02    687.617      16504  1029.1485  1029.1452    34.2845    34.2808    8.14409         19 0.0000e+00
    337.000    333.259    -0.4236  28.296986    -0.4211  28.296128     5.1656     5.4738     0.0004    97.1087 1.0000e-12  -73.05274 -113.67368  17.148106      99.91 1.0225e+02    688.357      16522  1029.1551  1029.1517    34.2884    34.2843    8.14008         18 0.0000e+00
    338.000    334.249    -0.4176  28.302771    -0.4138  28.303768     5.1713     5.4694    -0.0052    97.1049 1.0000e-12  -73.05274 -113.67368  17.148114      81.22 1.0225e+02    689.097      16539  1029.1599  1029.1573    34.2887    34.2857    8.13876         19 0.0000e+00
    339.000    335.237    -0.4147  28.306283    -0.4099  28.307971     5.1676     5.4701    -0.0039    97.1015 1.0000e-12  -73.05274 -113.67368  17.148126      91.69 1.0225e+02    690.100      16563  1029.1655  1029.1626    34.2895    34.2863    8.13810         30 0.0000e+00
    340.000    336.223    -0.4084  28.312889    -0.4053  28.312826     5.1622     5.4636    -0.0006    97.1175 1.0000e-12  -73.05274 -113.67368  17.148152      99.76 1.0225e+02    692.348      16617  1029.1714  1029.1683    34.2907    34.2871    8.13668         41 0.0000e+00
    341.000    337.212    -0.4048  28.316530    -0.4033  28.315366     5.1517     5.4575    -0.0049    97.1231 1.0000e-12  -73.05274 -113.67368  17.148170      99.91 1.0225e+02    693.918      16655  1029.1763  1029.1737    34.2909    34.2877    8.13590         25 0.0000e+00
    342.000    338.201    -0.4025  28.319023    -0.3997  28.319205     5.1416     5.4435    -0.0069    97.1216 1.0000e-12  -73.05274 -113.67368  17.148180      99.90 1.0225e+02    694.782      16676  1029.1813  1029.1788    34.2911    34.2882    8.13541         18 0.0000e+00
    343.000    339.188    -0.3926  28.330391    -0.3901  28.329724     5.1342     5.4343    -0.0077    97.1101 1.0000e-12  -73.05274 -113.67368  17.148189      99.92 1.0225e+02    695.527      16694  1029.1881  1029.1850    34.2945    34.2908    8.13308         18 0.0000e+00
    344.000    340.176    -0.3803  28.342399    -0.3778  28.342078     5.1297     5.4328    -0.0145    97.1184 1.0000e-12  -73.05274 -113.67368  17.148198      99.91 1.0194e+02    696.331      16713  1029.1933  1029.1906    34.2961    34.2929    8.13036         22 0.0000e+00
    345.000    341.164    -0.3731  28.349792    -0.3708  28.349229     5.1224     5.4266    -0.0014    97.1237 1.0000e-12  -73.05274 -113.67369  17.148215      99.91 1.0127e+02    697.749      16747  1029.1988  1029.1959    34.2973    34.2939    8.12876         36 0.0000e+00
    346.000    342.151    -0.3604  28.363824    -0.3574  28.363353     5.0844     5.3887    -0.0100    97.0987 1.0000e-12  -73.05274 -113.67369  17.148238      99.91 1.0076e+02    699.776      16796  1029.2060  1029.2025    34.3012    34.2971    8.12583         36 0.0000e+00
    347.000    343.139    -0.3277  28.397590    -0.3256  28.396347     5.0723     5.3783    -0.0024    97.1050 1.0000e-12  -73.05274 -113.67369  17.148252      99.91 1.0071e+02    700.993      16825  1029.2144  1029.2111    34.3089    34.3048    8.11841         23 0.0000e+00
    348.000    344.127    -0.3089  28.416796    -0.3064  28.416222     5.0638     5.3665    -0.0139    97.1039 1.0000e-12  -73.05274 -113.67369  17.148262      99.91 1.0030e+02    701.853      16845  1029.2210  1029.2180    34.3127    34.3092    8.11417         20 0.0000e+00
