ocean_section_plots/required_files/ctd/dnbp2202_ctd164.cnv
* Sea-Bird SBE 9 Data File:
* FileName = D:\Data\raw\NBP2202_CTD164.hex
* Software Version Seasave V 7.26.7.121
* Temperature SN = 1649
* Conductivity SN = 2513
* Number of Bytes Per Scan = 40
* Number of Voltage Words = 5
* Number of Scans Averaged by the Deck Unit = 1
* NMEA Latitude = 74 14.28 S
* NMEA Longitude = 112 17.86 W
* NMEA UTC (Time) = Feb 01 2022  02:32:13
* NMEA baud rate = 9600
** Ship: RVIB N.B. Palmer
** Cruise: NBP2202 Thwaites
** Station: 86
** Operator: A. Robinson
# nquan = 28
# nvalues = 505                         
# units = specified
# name 0 = prDM: Pressure, Digiquartz [db]
# name 1 = depSM: Depth [salt water, m]
# name 2 = t090C: Temperature [ITS-90, deg C]
# name 3 = c0mS/cm: Conductivity [mS/cm]
# name 4 = t190C: Temperature, 2 [ITS-90, deg C]
# name 5 = c1mS/cm: Conductivity, 2 [mS/cm]
# name 6 = sbeox0ML/L: Oxygen, SBE 43 [ml/l]
# name 7 = sbeox1ML/L: Oxygen, SBE 43, 2 [ml/l]
# name 8 = flECO-AFL: Fluorescence, WET Labs ECO-AFL/FL [mg/m^3]
# name 9 = CStarTr0: Beam Transmission, WET Labs C-Star [%]
# name 10 = par: PAR/Irradiance, Biospherical/Licor
# name 11 = latitude: Latitude [deg]
# name 12 = longitude: Longitude [deg]
# name 13 = timeJ: Julian Days
# name 14 = altM: Altimeter [m]
# name 15 = spar: SPAR, Biospherical/Licor
# name 16 = timeS: Time, Elapsed [seconds]
# name 17 = scan: Scan Count
# name 18 = density00: Density [density, kg/m^3]
# name 19 = density11: Density, 2 [density, kg/m^3]
# name 20 = v3: Voltage 3
# name 21 = v4: Voltage 4
# name 22 = v5: Voltage 5
# name 23 = sal00: Salinity, Practical [PSU]
# name 24 = sal11: Salinity, Practical, 2 [PSU]
# name 25 = oxsolML/L: Oxygen Saturation, Garcia & Gordon [ml/l]
# name 26 = nbin: number of scans per bin
# name 27 = flag: flag
# span 0 =      2.000,    506.000       
# span 1 =      1.991,    500.168       
# span 2 =    -1.5610,    -0.1275       
# span 3 =  27.018156,  28.652630       
# span 4 =    -1.5600,    -0.1259       
# span 5 =  27.018566,  28.651600       
# span 6 =     4.8818,     7.7417       
# span 7 =     4.9939,     7.8533       
# span 8 =     0.0045,    13.6106       
# span 9 =    77.3857,    93.7150       
# span 10 = -4.807e-05, 7.5578e+01      
# span 11 =  -74.23806,  -74.23802      
# span 12 = -112.29784, -112.29778      
# span 13 =  32.108942,  32.116912      
# span 14 =      10.32,     100.19      
# span 15 = 1.2945e+03, 1.3499e+03      
# span 16 =    279.561,    968.186      
# span 17 =       6710,      23237      
# span 18 =  1027.2012,  1029.9703      
# span 19 =  1027.2030,  1029.9683      
# span 20 =     3.6716,     4.4458      
# span 21 =     0.0707,     2.0934      
# span 22 =     0.1145,     0.2174      
# span 23 =    33.8075,    34.3291      
# span 24 =    33.8091,    34.3260      
# span 25 =    8.07473,    8.40966      
# span 26 =          3,         46      
# span 27 = 0.0000e+00, 0.0000e+00      
# interval = decibars: 1                
# start_time = Feb 01 2022 02:32:13 [NMEA time, header]
# bad_flag = -9.990e-29
*END*
[from data line 415]
    417.000    412.268    -1.1307  27.663514    -1.1294  27.663241     5.8810     6.0272     0.0263    93.6881 1.0000e-12  -74.23804 -112.29780  32.115371      99.85 1.3259e+03    835.065      20043  1029.4904  1029.4888     4.4445     0.0771     0.1174    34.1835    34.1817    8.30020         22 0.0000e+00
    418.000    413.256    -1.1300  27.664601    -1.1289  27.664282     5.8849     6.0316     0.0212    93.6944 1.0000e-12  -74.23804 -112.29780  32.115382      99.84 1.3232e+03    836.027      20066  1029.4952  1029.4938     4.4447     0.0741     0.1161    34.1836    34.1819    8.30005         24 0.0000e+00
    419.000    414.242    -1.1303  27.664933    -1.1291  27.664579     5.8741     6.0353     0.0100    93.6951 1.0000e-12  -74.23804 -112.29780  32.115394      99.85 1.3222e+03    837.030      20090  1029.5001  1029.4986     4.4448     0.0733     0.1211    34.1837    34.1819    8.30009         25 0.0000e+00
    420.000    415.231    -1.1299  27.665989    -1.1285  27.665706     5.8392     6.0002     0.0166    93.6992 1.0000e-12  -74.23804 -112.29780  32.115406      87.56 1.3235e+03    838.111      20116  1029.5052  1029.5036     4.4450     0.0736     0.1180    34.1841    34.1822    8.29998         27 0.0000e+00
    421.000    416.218    -1.1030  27.692999    -1.1017  27.691016     5.7752     5.9339     0.0190    93.6942 1.0000e-12  -74.23804 -112.29780  32.115420      99.53 1.3253e+03    839.289      20144  1029.5126  1029.5091     4.4448     0.0757     0.1176    34.1898    34.1856    8.29370         28 0.0000e+00
    422.000    417.205    -1.0405  27.749878    -1.0382  27.749367     5.7322     5.8855     0.0145    93.6974 1.0000e-12  -74.23804 -112.29780  32.115433      99.85 1.3248e+03    840.432      20171  1029.5176  1029.5148     4.4449     0.0736     0.1189    34.1958    34.1925    8.27955         27 0.0000e+00
    423.000    418.195    -1.0054  27.782480    -1.0044  27.781376     5.7265     5.8786     0.0217    93.6988 1.0000e-12  -74.23804 -112.29780  32.115446      99.85 1.3232e+03    841.529      20198  1029.5231  1029.5209     4.4450     0.0751     0.1184    34.1997    34.1970    8.27158         26 0.0000e+00
    424.000    419.179    -1.0008  27.786867    -0.9997  27.786494     5.7427     5.8931     0.0338    93.7150 1.0000e-12  -74.23804 -112.29780  32.115458      99.84 1.3220e+03    842.603      20223  1029.5280  1029.5266     4.4458     0.0749     0.1175    34.1998    34.1981    8.27055         25 0.0000e+00
    425.000    420.169    -1.0215  27.769029    -1.0204  27.768902     5.7471     5.8984     0.0402    93.7042 1.0000e-12  -74.23804 -112.29780  32.115470      99.84 1.3244e+03    843.643      20248  1029.5336  1029.5325     4.4453     0.0752     0.1225    34.1984    34.1970    8.27519         25 0.0000e+00
    426.000    421.157    -1.0260  27.765876    -1.0250  27.765270     5.7484     5.8924     0.0411    93.6871 1.0000e-12  -74.23804 -112.29780  32.115482      99.85 1.3255e+03    844.635      20272  1029.5392  1029.5375     4.4444     0.0758     0.1215    34.1987    34.1966    8.27619         24 0.0000e+00
    427.000    422.143    -1.0126  27.779190    -1.0123  27.777436     5.7297     5.8809     0.0433    93.6625 1.0000e-12  -74.23804 -112.29780  32.115494      99.85 1.3249e+03    845.690      20298  1029.5450  1029.5427     4.4433     0.0796     0.1186    34.2010    34.1981    8.27310         27 0.0000e+00
    428.000    423.132    -0.9995  27.791186    -0.9998  27.789002     5.7264     5.8788     0.0312    93.6407 1.0000e-12  -74.23804 -112.29780  32.115508      99.85 1.3225e+03    846.885      20326  1029.5496  1029.5476     4.4421     0.0780     0.1179    34.2017    34.1992    8.27016         30 0.0000e+00
    429.000    424.118    -0.9937  27.796630    -0.9927  27.796097     5.7227     5.8641     0.0763    93.3804 1.0000e-12  -74.23804 -112.29780  32.115522      99.85 1.3225e+03    848.078      20355  1029.5544  1029.5528     4.4300     0.0767     0.1208    34.2020    34.2001    8.26887         26 0.0000e+00
    430.000    425.108    -0.9929  27.798709    -0.9906  27.798714     5.6997     5.8428     0.1011    93.6497 1.0000e-12  -74.23804 -112.29780  32.115534      99.85 1.3239e+03    849.123      20380  1029.5603  1029.5581     4.4427     0.0762     0.1194    34.2033    34.2007    8.26862         24 0.0000e+00
    431.000    426.094    -0.9667  27.823390    -0.9583  27.828763     5.6845     5.8249     0.0304    93.6274 1.0000e-12  -74.23804 -112.29780  32.115545      99.84 1.3235e+03    850.089      20403  1029.5659  1029.5634     4.4417     0.0924     0.1195    34.2066    34.2043    8.26267         23 0.0000e+00
    432.000    427.081    -0.9445  27.843838    -0.9425  27.843646     5.6704     5.8140     0.0317    93.6305 1.0000e-12  -74.23804 -112.29780  32.115557      79.71 1.3220e+03    851.117      20428  1029.5707  1029.5686     4.4417     0.0725     0.1202    34.2085    34.2060    8.25767         26 0.0000e+00
    433.000    428.069    -0.9416  27.846727    -0.9402  27.846359     5.6627     5.8091     0.0349    93.6287 1.0000e-12  -74.23804 -112.29780  32.115571      96.10 1.3225e+03    852.306      20456  1029.5756  1029.5739     4.4417     0.0770     0.1196    34.2085    34.2065    8.25703         31 0.0000e+00
    434.000    429.057    -0.9413  27.847452    -0.9400  27.846922     5.6691     5.8124     0.0499    93.6130 1.0000e-12  -74.23804 -112.29780  32.115585      99.96 1.3232e+03    853.533      20486  1029.5807  1029.5789     4.4410     0.0753     0.1210    34.2086    34.2064    8.25697         27 0.0000e+00
    435.000    430.044    -0.9397  27.849327    -0.9383  27.848957     5.6564     5.8040     0.0540    93.6349 1.0000e-12  -74.23804 -112.29780  32.115597      99.85 1.3234e+03    854.553      20510  1029.5857  1029.5840     4.4420     0.0753     0.1198    34.2087    34.2067    8.25661         22 0.0000e+00
    436.000    431.032    -0.9349  27.854460    -0.9337  27.853566     5.6317     5.7727     0.0260    93.6283 1.0000e-12  -74.23804 -112.29780  32.115607      99.85 1.3214e+03    855.444      20532  1029.5910  1029.5889     4.4417     0.0766     0.1168    34.2097    34.2071    8.25551         22 0.0000e+00
    437.000    432.020    -0.9139  27.875198    -0.9123  27.873954     5.6113     5.7516     0.0314    93.6452 1.0000e-12  -74.23804 -112.29780  32.115618      99.84 1.3201e+03    856.388      20554  1029.5972  1029.5943     4.4425     0.0749     0.1206    34.2133    34.2098    8.25067         25 0.0000e+00
    438.000    433.007    -0.8836  27.903100    -0.8792  27.904827     5.5952     5.7395     0.0256    93.6496 1.0000e-12  -74.23804 -112.29780  32.115632      99.84 1.3205e+03    857.564      20583  1029.6023  1029.5998     4.4426     0.0761     0.1202    34.2163    34.2137    8.24388         29 0.0000e+00
    439.000    433.994    -0.8703  27.915602    -0.8689  27.915112     5.5702     5.7182     0.0326    93.6469 1.0000e-12  -74.23804 -112.29780  32.115647      99.85 1.3242e+03    858.913      20615  1029.6074  1029.6055     4.4426     0.0739     0.1171    34.2176    34.2153    8.24089         31 0.0000e+00
    440.000    434.983    -0.8586  27.927328    -0.8568  27.926822     5.5327     5.6825     0.0270    93.6252 1.0000e-12  -74.23804 -112.29780  32.115660      99.85 1.3254e+03    860.005      20641  1029.6132  1029.6109     4.4415     0.0772     0.1200    34.2196    34.2168    8.23821         23 0.0000e+00
    441.000    435.969    -0.8339  27.951181    -0.8319  27.950360     5.4947     5.6480     0.0152    93.6177 1.0000e-12  -74.23804 -112.29780  32.115671      99.85 1.3225e+03    860.948      20664  1029.6193  1029.6164     4.4412     0.0738     0.1193    34.2233    34.2199    8.23260         22 0.0000e+00
    442.000    436.957    -0.7990  27.984019    -0.7954  27.984237     5.4689     5.6237     0.0158    93.6257 1.0000e-12  -74.23804 -112.29781  32.115682      99.85 1.3231e+03    861.891      20686  1029.6249  1029.6218     4.4415     0.0755     0.1184    34.2276    34.2239    8.22472         24 0.0000e+00
    443.000    437.945    -0.7696  28.010748    -0.7696  28.008367     5.4519     5.6066     0.0156    93.6343 1.0000e-12  -74.23804 -112.29782  32.115694      99.84 1.3235e+03    862.962      20712  1029.6296  1029.6271     4.4419     0.0751     0.1218    34.2298    34.2266    8.21818         28 0.0000e+00
    444.000    438.932    -0.7573  28.022378    -0.7551  28.022104     5.4080     5.5641     0.0184    93.6456 1.0000e-12  -74.23804 -112.29782  32.115708      90.03 1.3224e+03    864.175      20741  1029.6350  1029.6326     4.4425     0.0730     0.1209    34.2312    34.2283    8.21544         30 0.0000e+00
    445.000    439.920    -0.7257  28.052742    -0.7240  28.051415     5.3466     5.5038     0.0270    93.6437 1.0000e-12  -74.23804 -112.29782  32.115722      99.81 1.3220e+03    865.392      20770  1029.6415  1029.6384     4.4424     0.0751     0.1222    34.2358    34.2321    8.20829         28 0.0000e+00
    446.000    440.907    -0.6698  28.105905    -0.6661  28.105593     5.3098     5.4617     0.0117    93.6429 1.0000e-12  -74.23804 -112.29782  32.115735      99.85 1.3233e+03    866.487      20797  1029.6486  1029.6446     4.4424     0.0754     0.1225    34.2437    34.2391    8.19571         24 0.0000e+00
    447.000    441.896    -0.6287  28.143350    -0.6271  28.142144     5.2827     5.4337     0.0164    93.6220 1.0000e-12  -74.23804 -112.29782  32.115746      99.85 1.3238e+03    867.459      20820  1029.6532  1029.6504     4.4414     0.0752     0.1202    34.2471    34.2437    8.18660         22 0.0000e+00
    448.000    442.883    -0.6155  28.155814    -0.6137  28.154899     5.2687     5.4183     0.0183    93.6343 1.0000e-12  -74.23804 -112.29782  32.115757      99.85 1.3239e+03    868.362      20842  1029.6586  1029.6558     4.4420     0.0751     0.1222    34.2484    34.2452    8.18368         22 0.0000e+00
    449.000    443.870    -0.5915  28.178847    -0.5894  28.178169     5.2599     5.4070     0.0169    93.6257 1.0000e-12  -74.23804 -112.29782  32.115768      99.85 1.3225e+03    869.334      20865  1029.6646  1029.6618     4.4416     0.0753     0.1238    34.2517    34.2484    8.17830         26 0.0000e+00
    450.000    444.857    -0.5815  28.188191    -0.5786  28.188145     5.2479     5.3874     0.0192    93.6181 1.0000e-12  -74.23804 -112.29783  32.115782      99.85 1.3207e+03    870.587      20895  1029.6698  1029.6669     4.4412     0.0739     0.1197    34.2523    34.2490    8.17610         34 0.0000e+00
    451.000    445.845    -0.5664  28.202732    -0.5626  28.203640     5.2228     5.3645     0.0315    93.6132 1.0000e-12  -74.23804 -112.29783  32.115798      99.84 1.3222e+03    871.919      20927  1029.6756  1029.6728     4.4410     0.0759     0.1231    34.2543    34.2512    8.17274         28 0.0000e+00
    452.000    446.833    -0.5445  28.223680    -0.5419  28.223276     5.2063     5.3469     0.0186    93.5850 1.0000e-12  -74.23804 -112.29783  32.115810      99.85 1.3224e+03    872.939      20952  1029.6813  1029.6784     4.4396     0.0748     0.1245    34.2571    34.2537    8.16785         22 0.0000e+00
    453.000    447.821    -0.5313  28.236147    -0.5317  28.233093     5.1949     5.3368     0.0198    93.5903 1.0000e-12  -74.23804 -112.29783  32.115820      99.84 1.3222e+03    873.814      20973  1029.6864  1029.6836     4.4399     0.0746     0.1204    34.2584    34.2548    8.16494         20 0.0000e+00
    454.000    448.806    -0.5180  28.248659    -0.5172  28.246929     5.1936     5.3278     0.0250    93.5751 1.0000e-12  -74.23804 -112.29784  32.115830      99.85 1.3228e+03    874.696      20994  1029.6914  1029.6888     4.4391     0.0737     0.1208    34.2595    34.2563    8.16199         23 0.0000e+00
    455.000    449.795    -0.5043  28.260939    -0.5075  28.255809     5.1953     5.3209     0.0348    93.5654 1.0000e-12  -74.23804 -112.29784  32.115844      96.67 1.3218e+03    875.921      21023  1029.6960  1029.6936     4.4387     0.0748     0.1205    34.2600    34.2567    8.15902         38 0.0000e+00
    456.000    450.783    -0.5059  28.260092    -0.5037  28.259753     5.2004     5.3232     0.0405    93.5590 1.0000e-12  -74.23804 -112.29783  32.115863      83.25 1.3200e+03    877.533      21062  1029.7016  1029.6991     4.4384     0.0719     0.1203    34.2600    34.2572    8.15936         28 0.0000e+00
    457.000    451.769    -0.5129  28.254528    -0.5113  28.254029     5.2060     5.3216     0.0214    93.5477 1.0000e-12  -74.23804 -112.29783  32.115875      99.33 1.3217e+03    878.613      21088  1029.7072  1029.7051     4.4378     0.0748     0.1211    34.2599    34.2574    8.16088         23 0.0000e+00
    458.000    452.760    -0.5068  28.261234    -0.5043  28.261093     5.2036     5.3204     0.0285    93.5324 1.0000e-12  -74.23804 -112.29782  32.115885      99.85 1.3236e+03    879.459      21108  1029.7129  1029.7103     4.4371     0.0748     0.1217    34.2615    34.2584    8.15949         19 0.0000e+00
    459.000    453.744    -0.5035  28.264638    -0.5010  28.264606     5.1981     5.3177     0.0344    93.5408 1.0000e-12  -74.23804 -112.29784  32.115894      99.84 1.3241e+03    880.281      21128  1029.7178  1029.7153     4.4375     0.0753     0.1235    34.2617    34.2588    8.15876         21 0.0000e+00
    460.000    454.734    -0.5005  28.267816    -0.4985  28.267348     5.1925     5.3104     0.0359    93.5404 1.0000e-12  -74.23804 -112.29784  32.115907      99.85 1.3214e+03    881.348      21153  1029.7228  1029.7203     4.4375     0.0736     0.1226    34.2619    34.2591    8.15809         29 0.0000e+00
    461.000    455.719    -0.4878  28.280799    -0.4855  28.279847     5.1620     5.2857     0.0329    93.5489 1.0000e-12  -74.23804 -112.29783  32.115925      99.84 1.3214e+03    882.946      21192  1029.7288  1029.7256     4.4378     0.0755     0.1207    34.2644    34.2606    8.15522         33 0.0000e+00
    462.000    456.706    -0.4684  28.299245    -0.4667  28.298216     5.1427     5.2710     0.0348    93.5332 1.0000e-12  -74.23804 -112.29782  32.115940      99.84 1.3218e+03    884.186      21221  1029.7340  1029.7312     4.4371     0.0735     0.1206    34.2668    34.2634    8.15093         25 0.0000e+00
    463.000    457.695    -0.4503  28.316836    -0.4487  28.315533     5.1332     5.2609     0.0219    93.5051 1.0000e-12  -74.23804 -112.29782  32.115950      99.85 1.3219e+03    885.111      21244  1029.7395  1029.7365     4.4358     0.0722     0.1230    34.2693    34.2658    8.14689         20 0.0000e+00
    464.000    458.683    -0.4402  28.326594    -0.4381  28.325927     5.1224     5.2512     0.0278    93.5350 1.0000e-12  -74.23804 -112.29782  32.115960      99.85 1.3203e+03    885.939      21264  1029.7445  1029.7417     4.4372     0.0767     0.1195    34.2704    34.2671    8.14467         20 0.0000e+00
    465.000    459.669    -0.4328  28.334241    -0.4311  28.333503     5.1234     5.2386     0.0346    93.5271 1.0000e-12  -74.23804 -112.29782  32.115970      99.85 1.3203e+03    886.845      21285  1029.7499  1029.7474     4.4369     0.0752     0.1203    34.2718    34.2688    8.14301         24 0.0000e+00
    466.000    460.657    -0.4211  28.346288    -0.4192  28.345237     5.1145     5.2287     0.0298    93.5314 1.0000e-12  -74.23804 -112.29782  32.115983      99.84 1.3211e+03    887.967      21312  1029.7558  1029.7529     4.4370     0.0736     0.1213    34.2741    34.2706    8.14036         31 0.0000e+00
    467.000    461.644    -0.4113  28.356497    -0.4092  28.355906     5.0934     5.2184     0.0347    93.5129 1.0000e-12  -74.23804 -112.29782  32.115999      99.85 1.3222e+03    889.318      21345  1029.7618  1029.7591     4.4362     0.0750     0.1270    34.2761    34.2729    8.13814         31 0.0000e+00
