ocean_section_plots/required_files/ctd/dnbp2202_ctd245.cnv
* Sea-Bird SBE 9 Data File:
* FileName = D:\Data\raw\NBP2202_CTD245.hex
* Software Version Seasave V 7.26.7.121
* Temperature SN = 1649
* Conductivity SN = 2513
* Number of Bytes Per Scan = 40
* Number of Voltage Words = 5
* Number of Scans Averaged by the Deck Unit = 1
* NMEA Latitude = 73 55.29 S
* NMEA Longitude = 118 50.28 W
* NMEA UTC (Time) = Feb 15 2022  02:31:53
* NMEA baud rate = 9600
** Ship: RVIB N.B. Palmer
** Cruise: NBP2202 Thwaites
** Station: 153
** Operator: A. Robinson
# nquan = 28
# nvalues = 554                         
# units = specified
# name 0 = prDM: Pressure, Digiquartz [db]
# name 1 = depSM: Depth [salt water, m]
# name 2 = t090C: Temperature [ITS-90, deg C]
# name 3 = c0mS/cm: Conductivity [mS/cm]
# name 4 = t190C: Temperature, 2 [ITS-90, deg C]
# name 5 = c1mS/cm: Conductivity, 2 [mS/cm]
# name 6 = sbeox0ML/L: Oxygen, SBE 43 [ml/l]
# name 7 = sbeox1ML/L: Oxygen, SBE 43, 2 [ml/l]
# name 8 = flECO-AFL: Fluorescence, WET Labs ECO-AFL/FL [mg/m^3]
# name 9 = CStarTr0: Beam Transmission, WET Labs C-Star [%]
# name 10 = par: PAR/Irradiance, Biospherical/Licor
# name 11 = latitude: Latitude [deg]
# name 12 = longitude: Longitude [deg]
# name 13 = timeJ: Julian Days
# name 14 = altM: Altimeter [m]
# name 15 = spar: SPAR, Biospherical/Licor
# name 16 = timeS: Time, Elapsed [seconds]
# name 17 = scan: Scan Count
# name 18 = density00: Density [density, kg/m^3]
# name 19 = density11: Density, 2 [density, kg/m^3]
# name 20 = v3: Voltage 3
# name 21 = v4: Voltage 4
# name 22 = v5: Voltage 5
# name 23 = sal00: Salinity, Practical [PSU]
# name 24 = sal11: Salinity, Practical, 2 [PSU]
# name 25 = oxsolML/L: Oxygen Saturation, Garcia & Gordon [ml/l]
# name 26 = nbin: number of scans per bin
# name 27 = flag: flag
# span 0 =      2.000,    555.000       
# span 1 =      1.983,    548.524       
# span 2 =    -1.7127,    -0.0039       
# span 3 =  26.993883,  28.825480       
# span 4 =    -1.7123,    -0.0012       
# span 5 =  26.993882,  28.825963       
# span 6 =     4.9021,     9.1879       
# span 7 =     5.1255,     9.5418       
# span 8 =    -0.0224,    11.6197       
# span 9 =    85.8293,    97.2157       
# span 10 = -9.597e-06, 5.8216e+01      
# span 11 =  -73.92156,  -73.92156      
# span 12 = -118.83802, -118.83800      
# span 13 =  46.108358,  46.117656      
# span 14 =       4.32,      99.96      
# span 15 = 1.4830e+02, 1.6258e+02      
# span 16 =    249.090,   1052.497      
# span 17 =       5979,      25261      
# span 18 =  1027.1311,  1030.2450      
# span 19 =  1027.1322,  1030.2432      
# span 20 =     4.0727,     4.6117      
# span 21 =     0.0640,     1.9901      
# span 22 =     0.1104,     0.1978      
# span 23 =    33.7543,    34.3910      
# span 24 =    33.7555,    34.3888      
# span 25 =    8.04521,    8.43958      
# span 26 =         20,         47      
# span 27 = 0.0000e+00, 0.0000e+00      
# interval = decibars: 1                
# start_time = Feb 15 2022 02:31:53 [NMEA time, header]
# bad_flag = -9.990e-29
*END*
[from data line 259]
    261.000    258.139    -1.7076  27.011500    -1.7073  27.011328     6.3421     6.5519     0.0876    96.6342 1.0000e-12  -73.92156 -118.83800  46.112413      99.89 1.5659e+02    599.516      14389  1028.6536  1028.6531     4.5842     0.0919     0.1196    34.0404    34.0398    8.43828         28 0.0000e+00
    262.000    259.127    -1.7057  27.013590    -1.7053  27.013616     6.3399     6.5510     0.1704    96.6645 1.0000e-12  -73.92156 -118.83800  46.112427      99.90 1.5627e+02    600.683      14417  1028.6584  1028.6580     4.5857     0.1000     0.1198    34.0405    34.0400    8.43784         28 0.0000e+00
    263.000    260.116    -1.7039  27.015786    -1.7035  27.015753     6.3516     6.5492     0.1565    96.6739 1.0000e-12  -73.92156 -118.83800  46.112440      99.90 1.5781e+02    601.832      14445  1028.6634  1028.6629     4.5861     0.0905     0.1154    34.0408    34.0403    8.43741         27 0.0000e+00
    264.000    261.104    -1.7021  27.017685    -1.7022  27.017354     6.3389     6.5527     0.1395    96.6646 1.0000e-12  -73.92156 -118.83800  46.112454      97.36 1.5575e+02    602.988      14473  1028.6681  1028.6678     4.5856     0.0856     0.1193    34.0408    34.0404    8.43701         28 0.0000e+00
    265.000    262.092    -1.7018  27.018432    -1.7019  27.018014     6.3234     6.5550     0.1332    96.4951 1.0000e-12  -73.92156 -118.83800  46.112467      99.89 1.5566e+02    604.183      14501  1028.6729  1028.6726     4.5776     0.0921     0.1156    34.0408    34.0404    8.43693         30 0.0000e+00
    266.000    263.082    -1.7008  27.019730    -1.7010  27.019440     6.2738     6.5567     0.2149    96.6879 1.0000e-12  -73.92156 -118.83800  46.112482      99.89 1.5798e+02    605.410      14531  1028.6777  1028.6775     4.5867     0.1367     0.1182    34.0408    34.0407    8.43670         29 0.0000e+00
    267.000    264.069    -1.7014  27.019834    -1.7011  27.019817     6.3610     6.5571     0.3947    96.6242 1.0000e-12  -73.92156 -118.83800  46.112495      99.90 1.5480e+02    606.585      14559  1028.6827  1028.6824     4.5837     0.0880     0.1171    34.0411    34.0407    8.43683         27 0.0000e+00
    268.000    265.058    -1.6998  27.021948    -1.6990  27.022384     6.3491     6.5500     0.1371    96.6484 1.0000e-12  -73.92156 -118.83800  46.112508      99.89 1.5404e+02    607.702      14586  1028.6878  1028.6874     4.5849     0.0962     0.1187    34.0416    34.0412    8.43644         26 0.0000e+00
    269.000    266.046    -1.6982  27.024078    -1.6978  27.024089     6.3281     6.5478     0.1631    96.6313 1.0000e-12  -73.92156 -118.83800  46.112521      99.89 1.5753e+02    608.833      14613  1028.6929  1028.6924     4.5841     0.0919     0.1172    34.0421    34.0415    8.43604         28 0.0000e+00
    270.000    267.035    -1.6966  27.025997    -1.6964  27.025945     6.2437     6.5423     0.2096    96.5771 1.0000e-12  -73.92156 -118.83800  46.112535      99.89 1.5569e+02    609.983      14641  1028.6978  1028.6975     4.5815     0.1051     0.1203    34.0423    34.0419    8.43567         28 0.0000e+00
    271.000    268.023    -1.6964  27.026898    -1.6962  27.026725     6.3188     6.5336     0.2364    96.4916 1.0000e-12  -73.92156 -118.83800  46.112548      99.89 1.5345e+02    611.137      14668  1028.7029  1028.7026     4.5774     0.1396     0.1185    34.0426    34.0422    8.43558         28 0.0000e+00
    272.000    269.011    -1.6832  27.041967    -1.6826  27.041851     6.4187     6.5318     0.2321    96.5783 1.0000e-12  -73.92156 -118.83800  46.112561      99.89 1.5750e+02    612.314      14697  1028.7111  1028.7104     4.5815     0.1155     0.1166    34.0478    34.0470    8.43227         29 0.0000e+00
    273.000    269.999    -1.6721  27.054272    -1.6714  27.054338     6.2908     6.5329     0.1865    95.7765 1.0000e-12  -73.92156 -118.83800  46.112575      99.89 1.5651e+02    613.488      14725  1028.7183  1028.7177     4.5435     0.1012     0.1167    34.0515    34.0508    8.42952         27 0.0000e+00
    274.000    270.988    -1.6704  27.057267    -1.6701  27.057169     6.2932     6.5287     0.1903    96.4891 1.0000e-12  -73.92156 -118.83800  46.112588      99.90 1.5343e+02    614.627      14752  1028.7244  1028.7239     4.5773     0.0963     0.1220    34.0531    34.0527    8.42904         27 0.0000e+00
    275.000    271.977    -1.6707  27.057775    -1.6703  27.057679     6.2876     6.5329     0.1480    96.4759 1.0000e-12  -73.92156 -118.83800  46.112602      91.14 1.5671e+02    615.789      14780  1028.7296  1028.7291     4.5766     0.1041     0.1185    34.0536    34.0530    8.42909         29 0.0000e+00
    276.000    272.965    -1.6709  27.058306    -1.6705  27.058203     6.2379     6.5318     0.1368    96.2617 1.0000e-12  -73.92156 -118.83800  46.112615      99.39 1.5577e+02    616.970      14808  1028.7348  1028.7343     4.5666     0.0933     0.1149    34.0539    34.0533    8.42911         28 0.0000e+00
    277.000    273.953    -1.6712  27.058781    -1.6707  27.058690     6.3409     6.5314     0.1648    96.4685 1.0000e-12  -73.92156 -118.83800  46.112629      99.89 1.5340e+02    618.113      14836  1028.7400  1028.7394     4.5763     0.0921     0.1154    34.0543    34.0536    8.42916         27 0.0000e+00
    278.000    274.941    -1.6723  27.058974    -1.6719  27.058854     6.3780     6.5334     0.2346    96.5501 1.0000e-12  -73.92156 -118.83800  46.112642      99.90 1.5535e+02    619.251      14863  1028.7456  1028.7451     4.5802     0.1061     0.1253    34.0552    34.0545    8.42935         28 0.0000e+00
    279.000    275.928    -1.6730  27.058824    -1.6725  27.058829     6.2990     6.5365     0.1959    96.3614 1.0000e-12  -73.92156 -118.83800  46.112655      99.89 1.5758e+02    620.399      14891  1028.7505  1028.7500     4.5713     0.1288     0.1213    34.0552    34.0546    8.42952         26 0.0000e+00
    280.000    276.918    -1.6733  27.059084    -1.6730  27.058955     6.3328     6.5380     0.1908    96.1982 1.0000e-12  -73.92156 -118.83800  46.112668      99.88 1.5333e+02    621.511      14917  1028.7555  1028.7549     4.5636     0.1638     0.1200    34.0553    34.0547    8.42959         27 0.0000e+00
    281.000    277.907    -1.6760  27.057664    -1.6757  27.057526     6.3112     6.5389     0.1722    96.5897 1.0000e-12  -73.92156 -118.83800  46.112681      99.90 1.5389e+02    622.611      14944  1028.7608  1028.7604     4.5821     0.1183     0.1208    34.0558    34.0552    8.43017         27 0.0000e+00
    282.000    278.895    -1.6772  27.057868    -1.6767  27.057891     6.3236     6.5401     0.2192    96.5774 1.0000e-12  -73.92156 -118.83800  46.112694      99.90 1.5739e+02    623.767      14971  1028.7665  1028.7660     4.5815     0.0985     0.1162    34.0568    34.0562    8.43038         28 0.0000e+00
    283.000    279.882    -1.6759  27.059983    -1.6755  27.059775     6.2894     6.5407     0.1555    96.6439 1.0000e-12  -73.92156 -118.83800  46.112708      99.89 1.5311e+02    624.963      15000  1028.7719  1028.7712     4.5846     0.0900     0.1178    34.0576    34.0568    8.43003         29 0.0000e+00
    284.000    280.871    -1.6759  27.060980    -1.6754  27.060762     6.2929     6.5410     0.1053    96.6134 1.0000e-12  -73.92156 -118.83800  46.112721      99.90 1.5337e+02    626.139      15028  1028.7773  1028.7765     4.5832     0.1004     0.1172    34.0583    34.0574    8.42998         28 0.0000e+00
    285.000    281.861    -1.6759  27.061490    -1.6754  27.061377     6.3964     6.5402     0.1176    96.6195 1.0000e-12  -73.92156 -118.83800  46.112735      99.89 1.5801e+02    627.293      15056  1028.7822  1028.7816     4.5835     0.1046     0.1177    34.0585    34.0577    8.42998         27 0.0000e+00
    286.000    282.847    -1.6759  27.062166    -1.6753  27.062124     6.2653     6.5382     0.1970    96.6347 1.0000e-12  -73.92156 -118.83800  46.112748      99.89 1.5390e+02    628.415      15083  1028.7872  1028.7866     4.5842     0.0978     0.1191    34.0587    34.0579    8.42996         27 0.0000e+00
    287.000    283.837    -1.6755  27.063221    -1.6749  27.063143     6.3490     6.5344     0.1191    96.6807 1.0000e-12  -73.92156 -118.83800  46.112761      99.47 1.5313e+02    629.549      15110  1028.7923  1028.7916     4.5864     0.0895     0.1177    34.0591    34.0583    8.42985         28 0.0000e+00
    288.000    284.824    -1.6754  27.063802    -1.6748  27.063780     6.3017     6.5338     0.1771    96.5052 1.0000e-12  -73.92156 -118.83800  46.112775      99.89 1.5734e+02    630.738      15139  1028.7971  1028.7965     4.5781     0.0972     0.1169    34.0592    34.0585    8.42982         29 0.0000e+00
    289.000    285.813    -1.6754  27.064328    -1.6749  27.064250     6.3191     6.5370     0.0878    96.6151 1.0000e-12  -73.92156 -118.83800  46.112788      99.89 1.5332e+02    631.892      15166  1028.8020  1028.8014     4.5832     0.0999     0.1157    34.0592    34.0586    8.42981         26 0.0000e+00
    290.000    286.800    -1.6764  27.064019    -1.6754  27.064362     6.3036     6.5276     0.1179    96.4662 1.0000e-12  -73.92156 -118.83800  46.112801      99.88 1.5310e+02    632.977      15192  1028.8070  1028.8063     4.5763     0.1517     0.1177    34.0594    34.0587    8.43004         26 0.0000e+00
    291.000    287.789    -1.6772  27.063895    -1.6768  27.063780     6.3192     6.5259     0.2221    96.6864 1.0000e-12  -73.92156 -118.83800  46.112814      99.90 1.5678e+02    634.108      15220  1028.8119  1028.8114     4.5867     0.0975     0.1167    34.0595    34.0588    8.43021         29 0.0000e+00
    292.000    288.778    -1.6774  27.064238    -1.6770  27.063974     6.3201     6.5190     0.1552    96.5070 1.0000e-12  -73.92156 -118.83800  46.112828      99.89 1.5444e+02    635.315      15249  1028.8168  1028.8161     4.5782     0.0869     0.1149    34.0596    34.0587    8.43025         29 0.0000e+00
    293.000    289.765    -1.6770  27.064798    -1.6767  27.064670     6.3253     6.5268     0.1894    96.3991 1.0000e-12  -73.92156 -118.83800  46.112841      99.88 1.5275e+02    636.484      15277  1028.8213  1028.8209     4.5731     0.1476     0.1173    34.0593    34.0588    8.43018         26 0.0000e+00
    294.000    290.755    -1.6782  27.064355    -1.6776  27.064413     6.3105     6.5203     0.2837    96.6004 1.0000e-12  -73.92156 -118.83800  46.112854      99.90 1.5578e+02    637.610      15304  1028.8262  1028.8257     4.5826     0.0869     0.1177    34.0594    34.0587    8.43044         28 0.0000e+00
    295.000    291.743    -1.6780  27.065015    -1.6772  27.065163     6.3074     6.5186     0.2810    96.6458 1.0000e-12  -73.92156 -118.83800  46.112867      99.89 1.5449e+02    638.741      15331  1028.8311  1028.8304     4.5847     0.0875     0.1166    34.0595    34.0587    8.43040         27 0.0000e+00
    296.000    292.730    -1.6777  27.065746    -1.6774  27.065364     6.3106     6.5276     0.1554    96.6821 1.0000e-12  -73.92156 -118.83800  46.112881      99.89 1.5261e+02    639.896      15359  1028.8359  1028.8352     4.5865     0.0856     0.1169    34.0595    34.0587    8.43032         29 0.0000e+00
    297.000    293.719    -1.6782  27.065584    -1.6777  27.065523     6.2943     6.5205     0.1009    96.5409 1.0000e-12  -73.92156 -118.83800  46.112895      99.90 1.5450e+02    641.108      15388  1028.8405  1028.8400     4.5798     0.0924     0.1194    34.0592    34.0586    8.43045         29 0.0000e+00
    298.000    294.707    -1.6797  27.064747    -1.6794  27.064554     6.3063     6.5132     0.1258    96.3444 1.0000e-12  -73.92156 -118.83800  46.112909      99.46 1.5350e+02    642.294      15416  1028.8454  1028.8448     4.5705     0.0904     0.1186    34.0592    34.0585    8.43080         27 0.0000e+00
    299.000    295.695    -1.6772  27.068807    -1.6750  27.070410     6.2980     6.5206     0.1628    96.7544 1.0000e-12  -73.92156 -118.83800  46.112921      99.89 1.5196e+02    643.389      15442  1028.8516  1028.8513     4.5899     0.0939     0.1180    34.0613    34.0610    8.43010         26 0.0000e+00
    300.000    296.684    -1.6781  27.067993    -1.6775  27.067710     6.2874     6.5166     0.2675    96.7597 1.0000e-12  -73.92156 -118.83800  46.112934      99.89 1.5443e+02    644.479      15468  1028.8559  1028.8551     4.5901     0.0843     0.1166    34.0605    34.0596    8.43035         27 0.0000e+00
    301.000    297.672    -1.6791  27.067638    -1.6764  27.069767     6.2978     6.5131     0.1378    96.7694 1.0000e-12  -73.92156 -118.83800  46.112947      99.90 1.5494e+02    645.634      15496  1028.8608  1028.8606     4.5906     0.0825     0.1178    34.0606    34.0605    8.43057         28 0.0000e+00
    302.000    298.660    -1.6761  27.071571    -1.6761  27.070720     6.2843     6.5004     0.0557    96.7846 1.0000e-12  -73.92156 -118.83800  46.112961      99.89 1.5271e+02    646.796      15524  1028.8665  1028.8656     4.5914     0.0855     0.1177    34.0620    34.0609    8.42981         27 0.0000e+00
    303.000    299.648    -1.6745  27.074024    -1.6741  27.073476     6.2757     6.4980     0.1050    96.7179 1.0000e-12  -73.92156 -118.83800  46.112974      99.89 1.5376e+02    647.914      15551  1028.8720  1028.8710     4.5882     0.0904     0.1173    34.0629    34.0617    8.42938         27 0.0000e+00
    304.000    300.636    -1.6714  27.077985    -1.6706  27.078184     6.2758     6.4967     0.0782    96.7140 1.0000e-12  -73.92156 -118.83800  46.112986      99.89 1.5529e+02    649.008      15577  1028.8777  1028.8771     4.5880     0.0815     0.1158    34.0643    34.0636    8.42860         25 0.0000e+00
    305.000    301.624    -1.6710  27.078909    -1.6702  27.079024     6.2994     6.4884     0.0607    96.7043 1.0000e-12  -73.92156 -118.83800  46.112999      99.90 1.5216e+02    650.095      15603  1028.8826  1028.8820     4.5875     0.0846     0.1150    34.0644    34.0637    8.42850         27 0.0000e+00
    306.000    302.613    -1.6708  27.079499    -1.6701  27.079447     6.2504     6.4815     0.0709    96.6928 1.0000e-12  -73.92156 -118.83800  46.113012      99.90 1.5296e+02    651.268      15631  1028.8874  1028.8866     4.5870     0.0826     0.1159    34.0645    34.0636    8.42846         30 0.0000e+00
    307.000    303.601    -1.6710  27.079478    -1.6704  27.079387     6.2224     6.4902     0.0913    96.6673 1.0000e-12  -73.92156 -118.83800  46.113027      99.89 1.5449e+02    652.518      15661  1028.8919  1028.8912     4.5858     0.0804     0.1136    34.0640    34.0632    8.42853         29 0.0000e+00
    308.000    304.590    -1.6703  27.080764    -1.6694  27.080962     6.2998     6.4872     0.0440    96.7747 1.0000e-12  -73.92156 -118.83800  46.113040      99.90 1.5239e+02    653.665      15689  1028.8970  1028.8963     4.5908     0.0827     0.1187    34.0644    34.0636    8.42836         26 0.0000e+00
    309.000    305.577    -1.6704  27.081284    -1.6695  27.081495     6.2513     6.4883     0.0710    96.8820 1.0000e-12  -73.92156 -118.83800  46.113052      99.53 1.5336e+02    654.721      15714  1028.9019  1028.9012     4.5960     0.0802     0.1143    34.0645    34.0638    8.42835         26 0.0000e+00
    310.000    306.565    -1.6699  27.082211    -1.6692  27.082154     6.2781     6.4931     0.0684    96.8867 1.0000e-12  -73.92156 -118.83800  46.113065      99.75 1.5595e+02    655.787      15740  1028.9068  1028.9060     4.5962     0.0816     0.1135    34.0647    34.0638    8.42825         26 0.0000e+00
    311.000    307.554    -1.6698  27.082725    -1.6690  27.082818     6.3739     6.4885     0.0368    96.8741 1.0000e-12  -73.92156 -118.83800  46.113077      99.89 1.5205e+02    656.886      15766  1028.9115  1028.9109     4.5955     0.0835     0.1148    34.0646    34.0639    8.42822         26 0.0000e+00
