ocean_section_plots/required_files/ctd/dnbp2202_ctd049.cnv
* Sea-Bird SBE 9 Data File:
* FileName = D:\Data\raw\NBP2202_CTD049.hex
* Software Version Seasave V 7.26.7.121
* Temperature SN = 1649
* Conductivity SN = 2513
* Number of Bytes Per Scan = 40
* Number of Voltage Words = 5
* Number of Scans Averaged by the Deck Unit = 1
* NMEA Latitude = 74 12.49 S
* NMEA Longitude = 112 57.02 W
* NMEA UTC (Time) = Jan 24 2022  03:49:28
* NMEA baud rate = 9600
** Ship: RVIB N.B. Palmer
** Cruise: NBP2202 Thwaites
** Station: Section Dotson C
** Operator: B Bjork
# nquan = 25
# nvalues = 729                         
# units = specified
# name 0 = prDM: Pressure, Digiquartz [db]
# name 1 = depSM: Depth [salt water, m]
# name 2 = t090C: Temperature [ITS-90, deg C]
# name 3 = c0mS/cm: Conductivity [mS/cm]
# name 4 = t190C: Temperature, 2 [ITS-90, deg C]
# name 5 = c1mS/cm: Conductivity, 2 [mS/cm]
# name 6 = sbeox0ML/L: Oxygen, SBE 43 [ml/l]
# name 7 = sbeox1ML/L: Oxygen, SBE 43, 2 [ml/l]
# name 8 = flECO-AFL: Fluorescence, WET Labs ECO-AFL/FL [mg/m^3]
# name 9 = CStarTr0: Beam Transmission, WET Labs C-Star [%]
# name 10 = par: PAR/Irradiance, Biospherical/Licor
# name 11 = latitude: Latitude [deg]
# name 12 = longitude: Longitude [deg]
# name 13 = timeJ: Julian Days
# name 14 = altM: Altimeter [m]
# name 15 = spar: SPAR, Biospherical/Licor
# name 16 = timeS: Time, Elapsed [seconds]
# name 17 = scan: Scan Count
# name 18 = density00: Density [density, kg/m^3]
# name 19 = density11: Density, 2 [density, kg/m^3]
# name 20 = sal00: Salinity, Practical [PSU]
# name 21 = sal11: Salinity, Practical, 2 [PSU]
# name 22 = oxsolML/L: Oxygen Saturation, Garcia & Gordon [ml/l]
# name 23 = nbin: number of scans per bin
# name 24 = flag: flag
# span 0 =      2.000,    730.000       
# span 1 =      1.980,    721.176       
# span 2 =    -1.5219,     0.3227       
# span 3 =  27.072551,  29.241242       
# span 4 =    -1.5213,     0.3248       
# span 5 =  27.071840,  29.240927       
# span 6 =     4.6212,     8.5093       
# span 7 =     4.8707,     8.8360       
# span 8 =    -0.0195,    23.7670       
# span 9 =    68.4379,    96.4344       
# span 10 = 1.0000e-12, 1.3770e+02      
# span 11 =  -74.20820,  -74.20820      
# span 12 = -112.95042, -112.95038      
# span 13 =  24.160913,  24.172874      
# span 14 =       5.33,     100.42      
# span 15 = 3.0031e+02, 3.2790e+02      
# span 16 =    134.889,   1168.341      
# span 17 =       3238,      28041      
# span 18 =  1027.1880,  1031.1073      
# span 19 =  1027.1909,  1031.1049      
# span 20 =    33.7957,    34.4703      
# span 21 =    33.7985,    34.4675      
# span 22 =    7.97268,    8.39954      
# span 23 =         15,         48      
# span 24 = 0.0000e+00, 0.0000e+00      
# interval = decibars: 1                
# start_time = Jan 24 2022 03:49:28 [NMEA time, header]
# bad_flag = -9.990e-29
*END*
[from data line 348]
    350.000    346.084    -1.4035  27.350868    -1.4061  27.347576     6.2960     6.6180     0.0194    96.4145 1.0000e-12  -74.20820 -112.95038  24.166737      99.89 3.1523e+02    638.114      15316  1029.1223  1029.1212    34.1067    34.1052    8.36556         27 0.0000e+00
    351.000    347.073    -1.4137  27.342697    -1.4177  27.338554     6.3226     6.6255     0.0271    96.4136 1.0000e-12  -74.20820 -112.95038  24.166751      99.88 3.1638e+02    639.278      15344  1029.1274  1029.1268    34.1064    34.1054    8.36786         28 0.0000e+00
    352.000    348.060    -1.4305  27.329830    -1.4300  27.329150     6.3249     6.6390     0.0229    96.3846 1.0000e-12  -74.20820 -112.95038  24.166764      99.89 3.1509e+02    640.428      15371  1029.1339  1029.1327    34.1073    34.1058    8.37158         27 0.0000e+00
    353.000    349.048    -1.4370  27.325592    -1.4365  27.325114     6.3262     6.6446     0.0216    96.4102 1.0000e-12  -74.20820 -112.95038  24.166777      99.88 3.1505e+02    641.573      15399  1029.1397  1029.1387    34.1082    34.1070    8.37299         28 0.0000e+00
    354.000    350.036    -1.4408  27.323720    -1.4401  27.323293     6.3283     6.6467     0.0148    96.3860 1.0000e-12  -74.20820 -112.95038  24.166791      99.88 3.1657e+02    642.732      15427  1029.1455  1029.1443    34.1094    34.1080    8.37378         28 0.0000e+00
    355.000    351.024    -1.4418  27.323786    -1.4410  27.323330     6.3277     6.6445     0.0357    96.2980 1.0000e-12  -74.20820 -112.95038  24.166804      99.88 3.1523e+02    643.877      15454  1029.1507  1029.1494    34.1100    34.1085    8.37397         27 0.0000e+00
    356.000    352.012    -1.4429  27.323785    -1.4422  27.323255     6.3206     6.6360     0.0285    96.3253 1.0000e-12  -74.20820 -112.95038  24.166817      99.87 3.1496e+02    645.019      15481  1029.1559  1029.1547    34.1106    34.1091    8.37417         27 0.0000e+00
    357.000    353.000    -1.4441  27.324034    -1.4433  27.323561     6.3182     6.6335     0.0207    96.3685 1.0000e-12  -74.20820 -112.95038  24.166831      90.43 3.1653e+02    646.168      15509  1029.1616  1029.1603    34.1118    34.1102    8.37439         28 0.0000e+00
    358.000    353.988    -1.4442  27.324986    -1.4435  27.324588     6.3185     6.6312     0.0150    96.3889 1.0000e-12  -74.20820 -112.95038  24.166844      78.86 3.1511e+02    647.321      15537  1029.1669  1029.1657    34.1125    34.1112    8.37436         28 0.0000e+00
    359.000    354.976    -1.4458  27.324913    -1.4450  27.324388     6.3171     6.6390     0.0228    96.3868 1.0000e-12  -74.20820 -112.95038  24.166857      97.19 3.1477e+02    648.469      15564  1029.1725  1029.1711    34.1136    34.1120    8.37465         27 0.0000e+00
    360.000    355.964    -1.4458  27.325343    -1.4450  27.324781     6.3178     6.6391     0.0274    96.4027 1.0000e-12  -74.20820 -112.95039  24.166871      99.91 3.1690e+02    649.615      15592  1029.1772  1029.1758    34.1136    34.1119    8.37465         28 0.0000e+00
    361.000    356.951    -1.4453  27.326303    -1.4445  27.325906     6.3066     6.6306     0.0235    96.4059 1.0000e-12  -74.20820 -112.95039  24.166884      99.88 3.1502e+02    650.760      15619  1029.1820  1029.1807    34.1138    34.1123    8.37454         27 0.0000e+00
    362.000    357.941    -1.4403  27.331990    -1.4392  27.331614     6.3020     6.6237     0.0290    96.3588 1.0000e-12  -74.20820 -112.95039  24.166897      99.88 3.1493e+02    651.910      15647  1029.1876  1029.1860    34.1153    34.1134    8.37333         28 0.0000e+00
    363.000    358.927    -1.4369  27.336057    -1.4357  27.335893     6.3046     6.6278     0.0260    96.3937 1.0000e-12  -74.20820 -112.95040  24.166911      99.88 3.1709e+02    653.074      15675  1029.1930  1029.1916    34.1164    34.1148    8.37250         28 0.0000e+00
    364.000    359.915    -1.4403  27.333867    -1.4406  27.332564     6.2990     6.6175     0.0247    96.3824 1.0000e-12  -74.20820 -112.95038  24.166924      99.88 3.1494e+02    654.224      15702  1029.1982  1029.1970    34.1167    34.1151    8.37325         28 0.0000e+00
    365.000    360.904    -1.4411  27.334497    -1.4400  27.334092     6.2847     6.6123     0.0190    96.3619 1.0000e-12  -74.20820 -112.95040  24.166937      99.88 3.1461e+02    655.357      15730  1029.2039  1029.2024    34.1178    34.1160    8.37335         26 0.0000e+00
    366.000    361.891    -1.4300  27.345749    -1.4290  27.345052     6.2690     6.5903     0.0210    96.3916 1.0000e-12  -74.20820 -112.95038  24.166950      99.88 3.1732e+02    656.479      15757  1029.2097  1029.2079    34.1200    34.1179    8.37073         28 0.0000e+00
    367.000    362.878    -1.4225  27.353412    -1.4214  27.352947     6.2536     6.5797     0.0364    96.3963 1.0000e-12  -74.20820 -112.95040  24.166963      99.88 3.1512e+02    657.618      15784  1029.2151  1029.2135    34.1214    34.1194    8.36896         27 0.0000e+00
    368.000    363.868    -1.4119  27.364694    -1.4108  27.364208     6.2155     6.5462     0.0238    96.3726 1.0000e-12  -74.20820 -112.95040  24.166976      99.88 3.1445e+02    658.748      15811  1029.2215  1029.2199    34.1242    34.1223    8.36642         27 0.0000e+00
    369.000    364.855    -1.3905  27.385179    -1.3899  27.383839     6.1715     6.5030     0.0270    96.3735 1.0000e-12  -74.20820 -112.95040  24.166989      86.88 3.1721e+02    659.884      15838  1029.2274  1029.2253    34.1274    34.1248    8.36142         27 0.0000e+00
    370.000    365.843    -1.3509  27.421721    -1.3493  27.420903     6.1283     6.4641     0.0365    96.3916 1.0000e-12  -74.20820 -112.95040  24.167003      92.89 3.1511e+02    661.026      15866  1029.2332  1029.2307    34.1319    34.1289    8.35229         28 0.0000e+00
    371.000    366.831    -1.3304  27.440417    -1.3304  27.438836     6.1068     6.4393     0.0314    96.3802 1.0000e-12  -74.20820 -112.95040  24.167016      99.85 3.1451e+02    662.161      15893  1029.2381  1029.2364    34.1335    34.1314    8.34759         27 0.0000e+00
    372.000    367.818    -1.3089  27.461174    -1.3084  27.459435     6.0543     6.3924     0.0393    96.3941 1.0000e-12  -74.20820 -112.95040  24.167029      99.88 3.1679e+02    663.297      15920  1029.2444  1029.2421    34.1369    34.1340    8.34258         28 0.0000e+00
    373.000    368.807    -1.2807  27.487169    -1.2793  27.486404     5.9828     6.3145     0.0270    96.3373 1.0000e-12  -74.20820 -112.95040  24.167042      99.88 3.1509e+02    664.434      15947  1029.2500  1029.2477    34.1399    34.1372    8.33612         26 0.0000e+00
    374.000    369.794    -1.2278  27.536066    -1.2278  27.533044     5.9365     6.2617     0.0270    96.3688 1.0000e-12  -74.20820 -112.95040  24.167055      99.88 3.1477e+02    665.545      15974  1029.2563  1029.2530    34.1460    34.1419    8.32397         27 0.0000e+00
    375.000    370.782    -1.1844  27.574853    -1.1832  27.573761     5.9239     6.2570     0.2141    96.3792 1.0000e-12  -74.20820 -112.95040  24.167068      99.88 3.1621e+02    666.664      16001  1029.2610  1029.2587    34.1491    34.1463    8.31413         27 0.0000e+00
    376.000    371.770    -1.1795  27.579626    -1.1777  27.579352     5.8837     6.2185     0.0797    96.3763 1.0000e-12  -74.20820 -112.95040  24.167081      99.88 3.1562e+02    667.796      16028  1029.2664  1029.2644    34.1495    34.1471    8.31302         27 0.0000e+00
    377.000    372.758    -1.1618  27.597086    -1.1632  27.593216     5.8276     6.1506     0.0285    96.3465 1.0000e-12  -74.20820 -112.95040  24.167094      99.88 3.1503e+02    668.925      16055  1029.2729  1029.2701    34.1526    34.1489    8.30891         27 0.0000e+00
    378.000    373.746    -1.1101  27.644243    -1.1054  27.645428     5.7844     6.1044     0.0289    96.3448 1.0000e-12  -74.20820 -112.95040  24.167107      99.87 3.1569e+02    670.048      16082  1029.2786  1029.2752    34.1577    34.1540    8.29717         27 0.0000e+00
    379.000    374.734    -1.0639  27.685561    -1.0645  27.682553     5.7538     6.0674     0.0359    96.3439 1.0000e-12  -74.20820 -112.95040  24.167120      99.89 3.1634e+02    671.166      16109  1029.2832  1029.2806    34.1609    34.1576    8.28674         27 0.0000e+00
    380.000    375.722    -1.0532  27.695652    -1.0522  27.694339     5.7447     6.0511     0.0367    96.3354 1.0000e-12  -74.20820 -112.95040  24.167133      99.88 3.1512e+02    672.273      16136  1029.2888  1029.2864    34.1620    34.1591    8.28434         27 0.0000e+00
    381.000    376.708    -1.0316  27.716165    -1.0285  27.716717     5.7277     6.0318     0.0296    96.3288 1.0000e-12  -74.20820 -112.95040  24.167146      92.17 3.1593e+02    673.393      16162  1029.2949  1029.2924    34.1647    34.1620    8.27939         27 0.0000e+00
    382.000    377.696    -1.0295  27.718142    -1.0284  27.717247     5.7070     6.0161     0.0446    96.3087 1.0000e-12  -74.20820 -112.95040  24.167159      98.69 3.1660e+02    674.536      16190  1029.2999  1029.2979    34.1645    34.1620    8.27895         27 0.0000e+00
    383.000    378.686    -1.0145  27.732218    -1.0117  27.732487     5.7055     6.0047     0.2561    96.2725 1.0000e-12  -74.20820 -112.95040  24.167172      99.88 3.1556e+02    675.663      16217  1029.3053  1029.3029    34.1660    34.1632    8.27555         27 0.0000e+00
    384.000    379.671    -1.0023  27.742674    -0.9984  27.744445     5.6766     5.9726     0.0441    96.2857 1.0000e-12  -74.20820 -112.95040  24.167185      99.88 3.1617e+02    676.779      16244  1029.3096  1029.3078    34.1658    34.1638    8.27288         26 0.0000e+00
    385.000    380.661    -0.9880  27.756908    -0.9831  27.758456     5.6482     5.9393     0.0554    96.2478 1.0000e-12  -74.20820 -112.95040  24.167198      99.88 3.1661e+02    677.897      16271  1029.3159  1029.3127    34.1684    34.1649    8.26959         27 0.0000e+00
    386.000    381.649    -0.9475  27.793685    -0.9467  27.791680     5.6315     5.9199     0.0552    96.2514 1.0000e-12  -74.20820 -112.95040  24.167211      99.87 3.1535e+02    679.015      16297  1029.3208  1029.3178    34.1718    34.1682    8.26047         27 0.0000e+00
    387.000    382.636    -0.9366  27.803833    -0.9353  27.802912     5.6353     5.9216     0.0621    96.2688 1.0000e-12  -74.20820 -112.95040  24.167224      99.88 3.1589e+02    680.142      16324  1029.3260  1029.3237    34.1727    34.1699    8.25804         27 0.0000e+00
    388.000    383.624    -0.9366  27.805580    -0.9353  27.804711     5.6319     5.9233     0.2077    96.2676 1.0000e-12  -74.20820 -112.95040  24.167237      99.88 3.1713e+02    681.260      16351  1029.3327  1029.3306    34.1744    34.1718    8.25793         27 0.0000e+00
    389.000    384.611    -0.9363  27.807206    -0.9348  27.806516     5.6385     5.9235     0.0439    96.2647 1.0000e-12  -74.20820 -112.95040  24.167250      99.88 3.1557e+02    682.371      16378  1029.3389  1029.3367    34.1757    34.1731    8.25779         27 0.0000e+00
    390.000    385.600    -0.9297  27.816466    -0.9283  27.815487     5.6198     5.9125     0.0550    96.2580 1.0000e-12  -74.20820 -112.95040  24.167262      99.88 3.1590e+02    683.470      16404  1029.3472  1029.3448    34.1802    34.1773    8.25608         26 0.0000e+00
    391.000    386.587    -0.9162  27.829833    -0.9149  27.828912     5.5900     5.8935     0.0468    96.2660 1.0000e-12  -74.20820 -112.95040  24.167275      99.88 3.1782e+02    684.580      16431  1029.3531  1029.3508    34.1824    34.1796    8.25299         26 0.0000e+00
    392.000    387.574    -0.8944  27.851399    -0.8931  27.849631     5.5547     5.8563     0.0499    96.2511 1.0000e-12  -74.20820 -112.95040  24.167288      95.60 3.1631e+02    685.690      16458  1029.3597  1029.3565    34.1863    34.1825    8.24798         27 0.0000e+00
    393.000    388.564    -0.8499  27.891405    -0.8540  27.885375     5.5377     5.8232     0.0542    96.2485 1.0000e-12  -74.20820 -112.95040  24.167301      92.19 3.1595e+02    686.801      16484  1029.3640  1029.3615    34.1896    34.1860    8.23805         27 0.0000e+00
    394.000    389.550    -0.8418  27.899075    -0.8379  27.900172     5.5385     5.8267     0.0406    96.2304 1.0000e-12  -74.20820 -112.95040  24.167314      99.65 3.1856e+02    687.918      16511  1029.3691  1029.3665    34.1902    34.1873    8.23624         27 0.0000e+00
    395.000    390.539    -0.8321  27.908452    -0.8308  27.907918     5.5526     5.8260     0.0422    96.2484 1.0000e-12  -74.20820 -112.95040  24.167327      99.87 3.1591e+02    689.033      16538  1029.3744  1029.3726    34.1913    34.1891    8.23405         27 0.0000e+00
    396.000    391.526    -0.8485  27.895116    -0.8474  27.894075     5.5546     5.8276     0.0419    96.2421 1.0000e-12  -74.20820 -112.95040  24.167340      99.88 3.1597e+02    690.138      16564  1029.3808  1029.3787    34.1912    34.1885    8.23764         26 0.0000e+00
    397.000    392.513    -0.8427  27.901025    -0.8408  27.900406     5.5438     5.8217     0.0420    96.2672 1.0000e-12  -74.20820 -112.95040  24.167353      99.88 3.1886e+02    691.260      16591  1029.3861  1029.3836    34.1920    34.1891    8.23633         28 0.0000e+00
    398.000    393.502    -0.8371  27.906420    -0.8359  27.905442     5.5418     5.8160     0.0385    96.2421 1.0000e-12  -74.20820 -112.95038  24.167366      99.88 3.1638e+02    692.394      16618  1029.3910  1029.3888    34.1925    34.1897    8.23509         26 0.0000e+00
    399.000    394.489    -0.8284  27.914988    -0.8269  27.914203     5.4884     5.7755     0.0318    96.2342 1.0000e-12  -74.20820 -112.95039  24.167379      99.87 3.1621e+02    693.506      16645  1029.3963  1029.3940    34.1936    34.1908    8.23312         27 0.0000e+00
    400.000    395.477    -0.8187  27.924421    -0.8169  27.923863     5.4868     5.7677     0.0351    96.2630 1.0000e-12  -74.20820 -112.95039  24.167391      99.88 3.1807e+02    694.610      16672  1029.4015  1029.3991    34.1948    34.1919    8.23094         26 0.0000e+00
    401.000    396.465    -0.7961  27.946032    -0.7942  27.945136     5.4710     5.7718     0.0409    96.2580 1.0000e-12  -74.20820 -112.95040  24.167404      99.88 3.1659e+02    695.715      16698  1029.4072  1029.4044    34.1978    34.1945    8.22582         27 0.0000e+00
    402.000    397.453    -0.7895  27.952334    -0.7879  27.951576     5.3537     5.6595     0.0416    96.2520 1.0000e-12  -74.20820 -112.95040  24.167417      99.88 3.1630e+02    696.812      16724  1029.4121  1029.4098    34.1982    34.1955    8.22435         26 0.0000e+00
    403.000    398.441    -0.7526  27.990289    -0.7464  27.990541     5.2040     5.5038     0.0387    96.2562 1.0000e-12  -74.20820 -112.95039  24.167430      99.88 3.1758e+02    697.918      16751  1029.4214  1029.4156    34.2072    34.2006    8.21581         27 0.0000e+00
    404.000    399.427    -0.5608  28.164947    -0.5580  28.162882     5.1115     5.4017     0.0354    96.2526 1.0000e-12  -74.20820 -112.95038  24.167442      99.73 3.1602e+02    699.028      16778  1029.4258  1029.4208    34.2255    34.2196    8.17318         26 0.0000e+00
    405.000    400.416    -0.4907  28.228810    -0.4881  28.227589     5.0758     5.3653     0.0395    96.0356 1.0000e-12  -74.20820 -112.95038  24.167455      99.81 3.1674e+02    700.130      16804  1029.4308  1029.4270    34.2316    34.2271    8.15773         27 0.0000e+00
    406.000    401.403    -0.4573  28.260707    -0.4549  28.259739     5.0892     5.3637     0.0311    96.2163 1.0000e-12  -74.20820 -112.95038  24.167468      99.88 3.1752e+02    701.229      16830  1029.4376  1029.4343    34.2362    34.2322    8.15029         26 0.0000e+00
