ocean_section_plots/required_files/ctd/dnbp2202_ctd252.cnv
* Sea-Bird SBE 9 Data File:
* FileName = D:\Data\raw\NBP2202_CTD252.hex
* Software Version Seasave V 7.26.7.121
* Temperature SN = 1649
* Conductivity SN = 2513
* Number of Bytes Per Scan = 40
* Number of Voltage Words = 5
* Number of Scans Averaged by the Deck Unit = 1
* NMEA Latitude = 74 01.28 S
* NMEA Longitude = 118 06.34 W
* NMEA UTC (Time) = Feb 15 2022  15:37:21
* NMEA baud rate = 9600
** Ship: RVIB N.B. Palmer
** Cruise: NBP2202 Thwaites
** Station: 160
** Operator: A. Robinson
# nquan = 28
# nvalues = 942                         
# units = specified
# name 0 = prDM: Pressure, Digiquartz [db]
# name 1 = depSM: Depth [salt water, m]
# name 2 = t090C: Temperature [ITS-90, deg C]
# name 3 = c0mS/cm: Conductivity [mS/cm]
# name 4 = t190C: Temperature, 2 [ITS-90, deg C]
# name 5 = c1mS/cm: Conductivity, 2 [mS/cm]
# name 6 = sbeox0ML/L: Oxygen, SBE 43 [ml/l]
# name 7 = sbeox1ML/L: Oxygen, SBE 43, 2 [ml/l]
# name 8 = flECO-AFL: Fluorescence, WET Labs ECO-AFL/FL [mg/m^3]
# name 9 = CStarTr0: Beam Transmission, WET Labs C-Star [%]
# name 10 = par: PAR/Irradiance, Biospherical/Licor
# name 11 = latitude: Latitude [deg]
# name 12 = longitude: Longitude [deg]
# name 13 = timeJ: Julian Days
# name 14 = altM: Altimeter [m]
# name 15 = spar: SPAR, Biospherical/Licor
# name 16 = timeS: Time, Elapsed [seconds]
# name 17 = scan: Scan Count
# name 18 = density00: Density [density, kg/m^3]
# name 19 = density11: Density, 2 [density, kg/m^3]
# name 20 = v3: Voltage 3
# name 21 = v4: Voltage 4
# name 22 = v5: Voltage 5
# name 23 = sal00: Salinity, Practical [PSU]
# name 24 = sal11: Salinity, Practical, 2 [PSU]
# name 25 = oxsolML/L: Oxygen Saturation, Garcia & Gordon [ml/l]
# name 26 = nbin: number of scans per bin
# name 27 = flag: flag
# span 0 =      2.000,    943.000       
# span 1 =      2.033,    931.124       
# span 2 =    -1.7425,     0.6536       
# span 3 =  26.928522,  29.687633       
# span 4 =    -1.7428,     0.6567       
# span 5 =  26.928410,  29.687924       
# span 6 =     4.6260,     9.0789       
# span 7 =     4.7621,     9.4409       
# span 8 =    -0.0148,    13.2695       
# span 9 =    84.7901,    97.2294       
# span 10 = -3.373e-06, 2.2849e+02      
# span 11 =  -74.02146,  -74.02097      
# span 12 = -118.10576, -118.09998      
# span 13 =  46.653259,  46.668039      
# span 14 =       1.68,      99.73      
# span 15 = 4.5478e+02, 5.4892e+02      
# span 16 =    200.553,   1477.602      
# span 17 =       4814,      35463      
# span 18 =  1027.1831,  1032.1475      
# span 19 =  1027.1864,  1032.1449      
# span 20 =     4.0226,     4.6124      
# span 21 =     0.0672,     2.0630      
# span 22 =     0.1038,     0.1845      
# span 23 =    33.8240,    34.5625      
# span 24 =    33.8300,    34.5598      
# span 25 =    7.89969,    8.44845      
# span 26 =          2,         49      
# span 27 = 0.0000e+00, 0.0000e+00      
# interval = decibars: 1                
# start_time = Feb 15 2022 15:37:21 [NMEA time, header]
# bad_flag = -9.990e-29
*END*
[from data line 622]
    624.000    616.618     0.3079  29.195299     0.3108  29.195537     4.8028     4.9363     0.0875    96.7401 1.0000e-12  -74.02114 -118.10382  46.662916      99.58 5.2005e+02   1034.938      24840  1030.6252  1030.6226     4.5892     0.0832     0.1134    34.4875    34.4846    7.97479         28 0.0000e+00
    625.000    617.604     0.3086  29.196487     0.3112  29.196606     4.8037     4.9386     0.0875    96.6817 1.0000e-12  -74.02114 -118.10380  46.662929      99.59 5.2005e+02   1036.065      24867  1030.6299  1030.6276     4.5865     0.0846     0.1153    34.4877    34.4850    7.97463         26 0.0000e+00
    626.000    618.591     0.3086  29.196867     0.3111  29.196995     4.8039     4.9364     0.0920    96.6459 1.0000e-12  -74.02114 -118.10380  46.662942      99.60 5.2005e+02   1037.151      24893  1030.6347  1030.6323     4.5848     0.0864     0.1140    34.4876    34.4850    7.97464         26 0.0000e+00
    627.000    619.578     0.3064  29.195421     0.3095  29.195854     4.8037     4.9342     0.0919    96.6729 1.0000e-12  -74.02114 -118.10380  46.662954      99.59 5.2005e+02   1038.209      24918  1030.6395  1030.6370     4.5860     0.0979     0.1163    34.4876    34.4847    7.97509         25 0.0000e+00
    628.000    620.564     0.3060  29.195528     0.3086  29.195632     4.7983     4.9385     0.0906    96.7221 1.0000e-12  -74.02114 -118.10378  46.662966      84.97 5.2005e+02   1039.264      24943  1030.6442  1030.6418     4.5884     0.0914     0.1140    34.4876    34.4848    7.97517         26 0.0000e+00
    629.000    621.551     0.3056  29.195686     0.3077  29.195356     4.7909     4.9402     0.0923    96.6891 1.0000e-12  -74.02114 -118.10378  46.662979      86.78 5.2005e+02   1040.343      24969  1030.6491  1030.6467     4.5868     0.0840     0.1123    34.4877    34.4849    7.97526         26 0.0000e+00
    630.000    622.539     0.3049  29.195458     0.3072  29.195338     4.7933     4.9392     0.1132    96.6601 1.0000e-12  -74.02114 -118.10378  46.662991      98.22 5.2005e+02   1041.438      24996  1030.6537  1030.6514     4.5854     0.0839     0.1118    34.4876    34.4849    7.97540         27 0.0000e+00
    631.000    623.523     0.3047  29.195763     0.3074  29.196103     4.7901     4.9381     0.1239    96.6999 1.0000e-12  -74.02114 -118.10376  46.663004      99.57 5.2005e+02   1042.521      25022  1030.6585  1030.6562     4.5873     0.0842     0.1118    34.4877    34.4851    7.97545         25 0.0000e+00
    632.000    624.512     0.3075  29.199108     0.3103  29.199268     4.7915     4.9382     0.0962    96.7036 1.0000e-12  -74.02114 -118.10375  46.663016      99.60 5.2005e+02   1043.594      25047  1030.6635  1030.6609     4.5875     0.0866     0.1158    34.4883    34.4853    7.97483         26 0.0000e+00
    633.000    625.498     0.3107  29.202668     0.3133  29.202647     4.7919     4.9374     0.1069    96.6662 1.0000e-12  -74.02114 -118.10373  46.663029      99.59 5.2005e+02   1044.681      25073  1030.6682  1030.6657     4.5857     0.0882     0.1133    34.4888    34.4859    7.97413         26 0.0000e+00
    634.000    626.484     0.3127  29.204993     0.3163  29.205900     4.8018     4.9359     0.1079    96.7132 1.0000e-12  -74.02114 -118.10372  46.663042      99.59 5.2038e+02   1045.798      25100  1030.6729  1030.6703     4.5879     0.0888     0.1138    34.4890    34.4862    7.97371         27 0.0000e+00
    635.000    627.471     0.3183  29.211012     0.3225  29.212096     4.7921     4.9294     0.1079    96.6977 1.0000e-12  -74.02114 -118.10371  46.663055      99.59 5.2030e+02   1046.946      25128  1030.6779  1030.6750     4.5872     0.0893     0.1221    34.4901    34.4868    7.97250         28 0.0000e+00
    636.000    628.458     0.3292  29.221550     0.3317  29.221418     4.7863     4.9352     0.0913    96.7196 1.0000e-12  -74.02114 -118.10370  46.663068      99.59 5.2087e+02   1048.070      25155  1030.6824  1030.6799     4.5882     0.0969     0.1177    34.4912    34.4882    7.97019         26 0.0000e+00
    637.000    629.443     0.3318  29.224385     0.3343  29.224303     4.7975     4.9323     0.0849    96.6825 1.0000e-12  -74.02114 -118.10370  46.663080      99.59 5.2018e+02   1049.154      25181  1030.6871  1030.6846     4.5865     0.0831     0.1127    34.4913    34.4885    7.96963         26 0.0000e+00
    638.000    630.432     0.3353  29.228108     0.3376  29.227754     4.7947     4.9344     0.0848    96.6977 1.0000e-12  -74.02114 -118.10368  46.663093      99.59 5.2070e+02   1050.249      25207  1030.6918  1030.6892     4.5872     0.0830     0.1121    34.4918    34.4887    7.96889         27 0.0000e+00
    639.000    631.417     0.3398  29.232902     0.3428  29.233105     4.7989     4.9330     0.1026    96.7142 1.0000e-12  -74.02114 -118.10368  46.663106      99.59 5.2168e+02   1051.388      25234  1030.6967  1030.6940     4.5880     0.0841     0.1115    34.4924    34.4894    7.96792         28 0.0000e+00
    640.000    632.405     0.3367  29.230143     0.3390  29.230405     4.7917     4.9321     0.1055    96.6908 1.0000e-12  -74.02114 -118.10365  46.663119      97.42 5.2046e+02   1052.515      25261  1030.7012  1030.6993     4.5869     0.0831     0.1126    34.4917    34.4895    7.96861         26 0.0000e+00
    641.000    633.390     0.3298  29.224671     0.3330  29.225426     4.7874     4.9355     0.0948    96.6986 1.0000e-12  -74.02114 -118.10364  46.663132      82.15 5.2047e+02   1053.583      25287  1030.7066  1030.7043     4.5873     0.0809     0.1119    34.4917    34.4891    7.97003         25 0.0000e+00
    642.000    634.378     0.3283  29.223840     0.3318  29.224744     4.7876     4.9302     0.0951    96.7331 1.0000e-12  -74.02114 -118.10363  46.663144      99.32 5.2093e+02   1054.611      25312  1030.7114  1030.7090     4.5888     0.0823     0.1132    34.4916    34.4889    7.97034         24 0.0000e+00
    643.000    635.363     0.3256  29.221674     0.3284  29.222256     4.7800     4.9294     0.0910    96.7336 1.0000e-12  -74.02114 -118.10361  46.663155      99.59 5.2054e+02   1055.632      25336  1030.7162  1030.7141     4.5889     0.1053     0.1146    34.4913    34.4889    7.97093         25 0.0000e+00
    644.000    636.351     0.3242  29.221353     0.3267  29.221307     4.7901     4.9295     0.0864    96.7423 1.0000e-12  -74.02114 -118.10360  46.663168      99.60 5.2120e+02   1056.692      25362  1030.7214  1030.7189     4.5893     0.0849     0.1126    34.4918    34.4890    7.97117         26 0.0000e+00
    645.000    637.337     0.3249  29.222207     0.3278  29.222709     4.7832     4.9211     0.0927    96.7580 1.0000e-12  -74.02114 -118.10360  46.663181      99.59 5.2142e+02   1057.803      25388  1030.7258  1030.7235     4.5900     0.0859     0.1129    34.4916    34.4890    7.97105         27 0.0000e+00
    646.000    638.324     0.3265  29.224555     0.3290  29.224382     4.7971     4.9226     0.1053    96.7365 1.0000e-12  -74.02114 -118.10360  46.663194      99.59 5.2122e+02   1058.932      25415  1030.7309  1030.7283     4.5890     0.0917     0.1133    34.4923    34.4893    7.97068         27 0.0000e+00
    647.000    639.310     0.3282  29.226755     0.3307  29.226653     4.7729     4.9224     0.1189    96.7243 1.0000e-12  -74.02114 -118.10358  46.663207      99.59 5.2109e+02   1060.056      25442  1030.7358  1030.7333     4.5884     0.0921     0.1153    34.4927    34.4898    7.97030         27 0.0000e+00
    648.000    640.297     0.3334  29.232570     0.3361  29.232428     4.7853     4.9140     0.0956    96.7330 1.0000e-12  -74.02114 -118.10358  46.663220      99.60 5.2142e+02   1061.170      25469  1030.7409  1030.7382     4.5889     0.1048     0.1128    34.4939    34.4908    7.96915         27 0.0000e+00
    649.000    641.283     0.3382  29.237692     0.3415  29.238527     4.7934     4.9181     0.0916    96.7387 1.0000e-12  -74.02114 -118.10354  46.663232      99.59 5.2139e+02   1062.283      25496  1030.7458  1030.7434     4.5891     0.0836     0.1133    34.4947    34.4921    7.96812         27 0.0000e+00
    650.000    642.269     0.3413  29.241199     0.3444  29.241647     4.7784     4.9221     0.0875    96.7592 1.0000e-12  -74.02114 -118.10354  46.663246      99.58 5.2181e+02   1063.426      25523  1030.7507  1030.7481     4.5901     0.0830     0.1118    34.4953    34.4924    7.96746         28 0.0000e+00
    651.000    643.258     0.3473  29.247600     0.3510  29.248618     4.7793     4.9182     0.0878    96.7362 1.0000e-12  -74.02114 -118.10353  46.663259      99.60 5.2181e+02   1064.613      25552  1030.7556  1030.7531     4.5890     0.0835     0.1142    34.4963    34.4935    7.96615         28 0.0000e+00
    652.000    644.244     0.3504  29.250951     0.3532  29.251298     4.7775     4.9116     0.0792    96.7252 1.0000e-12  -74.02114 -118.10352  46.663273      74.52 5.2181e+02   1065.773      25580  1030.7604  1030.7580     4.5885     0.0812     0.1137    34.4967    34.4940    7.96549         27 0.0000e+00
    653.000    645.230     0.3566  29.257762     0.3593  29.257683     4.7763     4.9185     0.0824    96.7085 1.0000e-12  -74.02114 -118.10351  46.663285      94.90 5.2181e+02   1066.854      25605  1030.7656  1030.7629     4.5877     0.0807     0.1141    34.4981    34.4950    7.96413         26 0.0000e+00
    654.000    646.216     0.3587  29.260067     0.3610  29.259963     4.7801     4.9146     0.0848    96.7280 1.0000e-12  -74.02114 -118.10350  46.663297      98.70 5.2181e+02   1067.893      25630  1030.7703  1030.7679     4.5886     0.0826     0.1131    34.4982    34.4954    7.96370         25 0.0000e+00
    655.000    647.203     0.3599  29.261794     0.3632  29.262596     4.7635     4.9160     0.0852    96.7216 1.0000e-12  -74.02114 -118.10349  46.663310      99.57 5.2181e+02   1068.953      25656  1030.7752  1030.7728     4.5883     0.0823     0.1126    34.4986    34.4959    7.96343         26 0.0000e+00
    656.000    648.189     0.3648  29.267074     0.3676  29.267110     4.7785     4.9180     0.0875    96.6730 1.0000e-12  -74.02114 -118.10348  46.663323      99.59 5.2181e+02   1070.082      25683  1030.7801  1030.7774     4.5860     0.0865     0.1120    34.4994    34.4963    7.96237         27 0.0000e+00
    657.000    649.176     0.3648  29.267323     0.3673  29.267440     4.7775     4.9130     0.0875    96.7135 1.0000e-12  -74.02114 -118.10346  46.663336      99.59 5.2181e+02   1071.257      25711  1030.7847  1030.7824     4.5879     0.0836     0.1108    34.4991    34.4966    7.96238         28 0.0000e+00
    658.000    650.163     0.3636  29.266845     0.3664  29.267054     4.7747     4.9085     0.0923    96.7205 1.0000e-12  -74.02114 -118.10344  46.663349      99.59 5.2181e+02   1072.367      25738  1030.7897  1030.7872     4.5883     0.0835     0.1133    34.4993    34.4964    7.96263         26 0.0000e+00
    659.000    651.149     0.3638  29.267421     0.3663  29.267467     4.7708     4.9107     0.0904    96.7202 1.0000e-12  -74.02114 -118.10344  46.663361      99.59 5.2181e+02   1073.404      25763  1030.7944  1030.7920     4.5883     0.0845     0.1094    34.4992    34.4965    7.96258         25 0.0000e+00
    660.000    652.136     0.3653  29.269412     0.3681  29.269689     4.7704     4.9142     0.0914    96.7382 1.0000e-12  -74.02112 -118.10342  46.663373      99.60 5.2181e+02   1074.433      25787  1030.7992  1030.7968     4.5891     0.0917     0.1155    34.4996    34.4969    7.96226         24 0.0000e+00
    661.000    653.122     0.3658  29.270340     0.3683  29.270359     4.7707     4.9159     0.0954    96.7416 1.0000e-12  -74.02112 -118.10342  46.663386      99.59 5.2181e+02   1075.516      25813  1030.8040  1030.8016     4.5893     0.0872     0.1146    34.4997    34.4969    7.96215         27 0.0000e+00
    662.000    654.108     0.3666  29.271528     0.3692  29.271610     4.7794     4.9122     0.0948    96.7522 1.0000e-12  -74.02112 -118.10341  46.663399      99.60 5.2181e+02   1076.662      25841  1030.8087  1030.8063     4.5898     0.0844     0.1127    34.4998    34.4970    7.96199         28 0.0000e+00
    663.000    655.095     0.3677  29.273087     0.3703  29.273200     4.7666     4.9080     0.0907    96.7443 1.0000e-12  -74.02112 -118.10340  46.663412      99.59 5.2181e+02   1077.808      25868  1030.8135  1030.8111     4.5894     0.0834     0.1143    34.5000    34.4972    7.96174         27 0.0000e+00
    664.000    656.083     0.3679  29.273687     0.3706  29.273894     4.7788     4.9071     0.0841    96.7720 1.0000e-12  -74.02112 -118.10339  46.663425      83.94 5.2181e+02   1078.898      25895  1030.8182  1030.8158     4.5908     0.0831     0.1126    34.5000    34.4972    7.96170         26 0.0000e+00
    665.000    657.068     0.3692  29.275399     0.3718  29.275503     4.7703     4.9096     0.0780    96.7445 1.0000e-12  -74.02112 -118.10337  46.663437      88.80 5.2181e+02   1079.966      25920  1030.8230  1030.8206     4.5894     0.0867     0.1131    34.5002    34.4974    7.96142         26 0.0000e+00
    666.000    658.053     0.3720  29.278584     0.3746  29.278532     4.7773     4.9099     0.1051    96.7519 1.0000e-12  -74.02112 -118.10336  46.663450      99.39 5.2181e+02   1081.061      25946  1030.8277  1030.8252     4.5898     0.0828     0.1127    34.5006    34.4977    7.96081         27 0.0000e+00
    667.000    659.042     0.3741  29.281112     0.3778  29.282143     4.7706     4.9103     0.0939    96.6548 1.0000e-12  -74.02112 -118.10336  46.663463      99.59 5.2181e+02   1082.198      25974  1030.8325  1030.8300     4.5851     0.0847     0.1122    34.5010    34.4982    7.96036         27 0.0000e+00
    668.000    660.028     0.3768  29.284179     0.3798  29.284503     4.7538     4.9022     0.0828    96.7336 1.0000e-12  -74.02112 -118.10336  46.663476      99.60 5.2181e+02   1083.342      26001  1030.8373  1030.8348     4.5889     0.0837     0.1133    34.5014    34.4985    7.95978         27 0.0000e+00
    669.000    661.014     0.3754  29.283156     0.3780  29.283335     4.7671     4.9030     0.0851    96.7589 1.0000e-12  -74.02112 -118.10332  46.663489      99.59 5.2181e+02   1084.464      26028  1030.8419  1030.8396     4.5901     0.0828     0.1136    34.5010    34.4984    7.96009         27 0.0000e+00
    670.000    662.000     0.3743  29.282579     0.3776  29.283388     4.7698     4.9057     0.0869    96.6835 1.0000e-12  -74.02112 -118.10332  46.663502      99.60 5.2181e+02   1085.553      26054  1030.8467  1030.8443     4.5865     0.0837     0.1112    34.5010    34.4983    7.96032         26 0.0000e+00
    671.000    662.987     0.3756  29.284411     0.3783  29.284439     4.7744     4.9072     0.0855    96.7634 1.0000e-12  -74.02112 -118.10331  46.663514      99.60 5.2181e+02   1086.637      26080  1030.8515  1030.8490     4.5903     0.0817     0.1122    34.5013    34.4984    7.96003         26 0.0000e+00
    672.000    663.973     0.3788  29.287874     0.3814  29.287846     4.7614     4.9070     0.0862    96.7606 1.0000e-12  -74.02112 -118.10329  46.663527      99.60 5.2181e+02   1087.758      26107  1030.8562  1030.8537     4.5902     0.0820     0.1126    34.5017    34.4988    7.95935         27 0.0000e+00
    673.000    664.960     0.3802  29.289579     0.3836  29.290448     4.7727     4.9066     0.0828    96.7649 1.0000e-12  -74.02112 -118.10328  46.663541      99.59 5.2181e+02   1088.901      26135  1030.8609  1030.8585     4.5904     0.1126     0.1151    34.5018    34.4991    7.95906         28 0.0000e+00
    674.000    665.947     0.3825  29.292253     0.3853  29.292617     4.7651     4.9068     0.2102    96.7282 1.0000e-12  -74.02112 -118.10328  46.663554      99.60 5.2181e+02   1090.042      26162  1030.8657  1030.8633     4.5886     0.0845     0.1128    34.5021    34.4995    7.95856         27 0.0000e+00
