ocean_section_plots/required_files/ctd/dnbp2202_ctd249.cnv
* Sea-Bird SBE 9 Data File:
* FileName = D:\Data\raw\NBP2202_CTD249.hex
* Software Version Seasave V 7.26.7.121
* Temperature SN = 1649
* Conductivity SN = 2513
* Number of Bytes Per Scan = 40
* Number of Voltage Words = 5
* Number of Scans Averaged by the Deck Unit = 1
* NMEA Latitude = 73 55.73 S
* NMEA Longitude = 118 46.40 W
* NMEA UTC (Time) = Feb 15 2022  07:13:10
* NMEA baud rate = 9600
** Ship: RVIB N.B. Palmer
** Cruise: NBP2202 Thwaites
** Station: 157
** Operator: B. Bjork
# nquan = 28
# nvalues = 1412                        
# units = specified
# name 0 = prDM: Pressure, Digiquartz [db]
# name 1 = depSM: Depth [salt water, m]
# name 2 = t090C: Temperature [ITS-90, deg C]
# name 3 = c0mS/cm: Conductivity [mS/cm]
# name 4 = t190C: Temperature, 2 [ITS-90, deg C]
# name 5 = c1mS/cm: Conductivity, 2 [mS/cm]
# name 6 = sbeox0ML/L: Oxygen, SBE 43 [ml/l]
# name 7 = sbeox1ML/L: Oxygen, SBE 43, 2 [ml/l]
# name 8 = flECO-AFL: Fluorescence, WET Labs ECO-AFL/FL [mg/m^3]
# name 9 = CStarTr0: Beam Transmission, WET Labs C-Star [%]
# name 10 = par: PAR/Irradiance, Biospherical/Licor
# name 11 = latitude: Latitude [deg]
# name 12 = longitude: Longitude [deg]
# name 13 = timeJ: Julian Days
# name 14 = altM: Altimeter [m]
# name 15 = spar: SPAR, Biospherical/Licor
# name 16 = timeS: Time, Elapsed [seconds]
# name 17 = scan: Scan Count
# name 18 = density00: Density [density, kg/m^3]
# name 19 = density11: Density, 2 [density, kg/m^3]
# name 20 = v3: Voltage 3
# name 21 = v4: Voltage 4
# name 22 = v5: Voltage 5
# name 23 = sal00: Salinity, Practical [PSU]
# name 24 = sal11: Salinity, Practical, 2 [PSU]
# name 25 = oxsolML/L: Oxygen Saturation, Garcia & Gordon [ml/l]
# name 26 = nbin: number of scans per bin
# name 27 = flag: flag
# span 0 =      1.000,   1412.000       
# span 1 =      0.983,   1392.686       
# span 2 =    -1.7241,     0.7578       
# span 3 =  26.965333,  29.996305       
# span 4 =    -1.7233,     0.7597       
# span 5 =  26.965217,  29.996660       
# span 6 =     4.5513,     9.1380       
# span 7 =     4.6687,     9.4062       
# span 8 =    -0.0204,     9.4692       
# span 9 =    84.8565,    97.0882       
# span 10 = -3.791e-06, 3.2507e+00      
# span 11 =  -73.92890,  -73.92888      
# span 12 = -118.77342, -118.77336      
# span 13 =  46.302647,  46.320164      
# span 14 =       6.05,     103.84      
# span 15 = 1.7378e+01, 2.1663e+01      
# span 16 =    158.680,   1672.182      
# span 17 =       3809,      40133      
# span 18 =  1027.1348,  1034.3300      
# span 19 =  1027.1348,  1034.3284      
# span 20 =     4.0271,     4.6057      
# span 21 =     0.0628,     2.0773      
# span 22 =     0.1123,     0.2293      
# span 23 =    33.7658,    34.5896      
# span 24 =    33.7654,    34.5877      
# span 25 =    7.87722,    8.44414      
# span 26 =          6,         45      
# span 27 = 0.0000e+00, 0.0000e+00      
# interval = decibars: 1                
# start_time = Feb 15 2022 07:13:10 [NMEA time, header]
# bad_flag = -9.990e-29
*END*
[from data line 777]
    778.000    768.516     0.4714  29.430232     0.4735  29.430148     4.7023     4.8161    -0.0160    97.0421 1.0000e-12  -73.92888 -118.77336  46.312690      99.89 1.7629e+01   1026.380      24634  1031.3622  1031.3601     4.6036     0.0697     0.1171    34.5234    34.5210    7.93909         23 0.0000e+00
    779.000    769.501     0.4718  29.431064     0.4742  29.431252     4.7010     4.8145    -0.0153    97.0515 1.0000e-12  -73.92888 -118.77336  46.312701      99.89 1.7629e+01   1027.357      24658  1031.3670  1031.3649     4.6040     0.0692     0.1172    34.5235    34.5211    7.93901         24 0.0000e+00
    780.000    770.488     0.4729  29.432679     0.4751  29.432621     4.7058     4.8176    -0.0098    97.0493 1.0000e-12  -73.92888 -118.77336  46.312712      99.89 1.7629e+01   1028.357      24682  1031.3719  1031.3697     4.6039     0.0685     0.1164    34.5238    34.5213    7.93877         24 0.0000e+00
    781.000    771.474     0.4770  29.437168     0.4796  29.437388     4.7098     4.8171    -0.0083    97.0440 1.0000e-12  -73.92888 -118.77336  46.312724      99.88 1.7629e+01   1029.356      24706  1031.3767  1031.3744     4.6036     0.0700     0.1147    34.5245    34.5219    7.93789         24 0.0000e+00
    782.000    772.459     0.4776  29.438096     0.4797  29.437904     4.6989     4.8170    -0.0044    97.0284 1.0000e-12  -73.92888 -118.77336  46.312735      99.89 1.7629e+01   1030.315      24729  1031.3813  1031.3791     4.6030     0.0701     0.1148    34.5244    34.5219    7.93776         22 0.0000e+00
    783.000    773.446     0.4782  29.439076     0.4805  29.439244     4.7002     4.8159    -0.0027    97.0631 1.0000e-12  -73.92888 -118.77336  46.312746      99.88 1.7629e+01   1031.248      24751  1031.3860  1031.3840     4.6045     0.0704     0.1140    34.5245    34.5222    7.93763         22 0.0000e+00
    784.000    774.429     0.4788  29.440094     0.4811  29.440184     4.7068     4.8110    -0.0080    97.0400 1.0000e-12  -73.92888 -118.77336  46.312757      99.89 1.7629e+01   1032.163      24773  1031.3908  1031.3886     4.6034     0.0678     0.1154    34.5246    34.5222    7.93752         23 0.0000e+00
    785.000    775.419     0.4803  29.441941     0.4826  29.442162     4.6964     4.8122    -0.0090    97.0390 1.0000e-12  -73.92888 -118.77336  46.312767      99.89 1.7629e+01   1033.091      24795  1031.3955  1031.3934     4.6034     0.0700     0.1159    34.5248    34.5225    7.93720         22 0.0000e+00
    786.000    776.403     0.4810  29.443053     0.4834  29.443443     4.7014     4.8161    -0.0164    97.0343 1.0000e-12  -73.92888 -118.77336  46.312778      99.89 1.7629e+01   1034.053      24818  1031.4002  1031.3983     4.6032     0.0692     0.1163    34.5249    34.5227    7.93705         23 0.0000e+00
    787.000    777.390     0.4822  29.444767     0.4845  29.444887     4.7069     4.8147    -0.0098    97.0436 1.0000e-12  -73.92888 -118.77336  46.312790      99.88 1.7629e+01   1035.040      24842  1031.4051  1031.4029     4.6037     0.0682     0.1160    34.5252    34.5228    7.93678         25 0.0000e+00
    788.000    778.374     0.4838  29.446828     0.4860  29.446774     4.7054     4.8155    -0.0087    97.0544 1.0000e-12  -73.92888 -118.77338  46.312801      99.88 1.7629e+01   1036.037      24866  1031.4098  1031.4076     4.6041     0.0704     0.1154    34.5255    34.5230    7.93643         23 0.0000e+00
    789.000    779.362     0.4882  29.451596     0.4908  29.451961     4.7023     4.8124    -0.0037    97.0504 1.0000e-12  -73.92888 -118.77336  46.312813      96.86 1.7629e+01   1037.025      24890  1031.4146  1031.4126     4.6040     0.0684     0.1159    34.5262    34.5238    7.93548         24 0.0000e+00
    790.000    780.347     0.4922  29.456101     0.4945  29.456205     4.7039     4.8028    -0.0051    97.0495 1.0000e-12  -73.92888 -118.77337  46.312824      89.84 1.7629e+01   1037.983      24913  1031.4196  1031.4175     4.6039     0.0684     0.1149    34.5271    34.5246    7.93462         22 0.0000e+00
    791.000    781.332     0.4955  29.459804     0.4979  29.459936     4.6944     4.8016    -0.0064    97.0433 1.0000e-12  -73.92888 -118.77337  46.312835      95.96 1.7629e+01   1038.914      24935  1031.4245  1031.4223     4.6036     0.0697     0.1167    34.5277    34.5252    7.93391         23 0.0000e+00
    792.000    782.319     0.4969  29.461631     0.4995  29.461800     4.6953     4.8063    -0.0034    97.0460 1.0000e-12  -73.92888 -118.77337  46.312846      99.90 1.7629e+01   1039.857      24958  1031.4293  1031.4269     4.6037     0.0693     0.1154    34.5279    34.5253    7.93362         22 0.0000e+00
    793.000    783.304     0.4984  29.463373     0.5009  29.463670     4.7105     4.8094    -0.0168    97.0450 1.0000e-12  -73.92888 -118.77337  46.312857      99.88 1.7629e+01   1040.829      24981  1031.4338  1031.4317     4.6037     0.0703     0.1160    34.5279    34.5255    7.93330         24 0.0000e+00
    794.000    784.291     0.4993  29.464902     0.5020  29.465276     4.6981     4.8076    -0.0162    97.0429 1.0000e-12  -73.92888 -118.77337  46.312868      99.88 1.7629e+01   1041.824      25005  1031.4388  1031.4365     4.6036     0.0703     0.1159    34.5283    34.5258    7.93309         24 0.0000e+00
    795.000    785.276     0.5015  29.467348     0.5041  29.467770     4.7020     4.8100    -0.0083    97.0461 1.0000e-12  -73.92888 -118.77337  46.312880      99.89 1.7629e+01   1042.808      25028  1031.4434  1031.4414     4.6037     0.0694     0.1167    34.5285    34.5262    7.93263         24 0.0000e+00
    796.000    786.262     0.5027  29.468985     0.5049  29.468993     4.7035     4.8144    -0.0084    97.0414 1.0000e-12  -73.92888 -118.77337  46.312891      99.88 1.7629e+01   1043.757      25051  1031.4482  1031.4461     4.6036     0.0689     0.1174    34.5287    34.5263    7.93237         22 0.0000e+00
    797.000    787.249     0.5038  29.470592     0.5062  29.470641     4.6964     4.8092    -0.0094    97.0367 1.0000e-12  -73.92888 -118.77337  46.312901      99.88 1.7629e+01   1044.680      25073  1031.4530  1031.4508     4.6033     0.0699     0.1191    34.5291    34.5265    7.93214         22 0.0000e+00
    798.000    788.233     0.5053  29.472526     0.5079  29.472819     4.6949     4.8090    -0.0130    97.0629 1.0000e-12  -73.92888 -118.77337  46.312912      99.89 1.7629e+01   1045.605      25096  1031.4579  1031.4556     4.6045     0.0701     0.1184    34.5294    34.5269    7.93182         23 0.0000e+00
    799.000    789.221     0.5100  29.477486     0.5123  29.477747     4.6981     4.8077    -0.0137    97.0509 1.0000e-12  -73.92888 -118.77338  46.312923      99.89 1.7629e+01   1046.546      25118  1031.4626  1031.4605     4.6040     0.0694     0.1162    34.5300    34.5277    7.93082         22 0.0000e+00
    800.000    790.205     0.5109  29.478828     0.5131  29.478787     4.6962     4.8057    -0.0083    97.0432 1.0000e-12  -73.92888 -118.77338  46.312934      99.88 1.7629e+01   1047.505      25141  1031.4673  1031.4651     4.6036     0.0683     0.1145    34.5301    34.5276    7.93061         23 0.0000e+00
    801.000    791.190     0.5118  29.480089     0.5143  29.480399     4.6938     4.8098    -0.0080    97.0320 1.0000e-12  -73.92888 -118.77338  46.312946      99.88 1.7629e+01   1048.491      25165  1031.4720  1031.4698     4.6031     0.0697     0.1150    34.5303    34.5278    7.93043         24 0.0000e+00
    802.000    792.178     0.5192  29.487945     0.5220  29.488396     4.6975     4.8091    -0.0006    97.0267 1.0000e-12  -73.92888 -118.77336  46.312957      99.89 1.7629e+01   1049.496      25189  1031.4771  1031.4748     4.6028     0.0704     0.1151    34.5317    34.5291    7.92884         24 0.0000e+00
    803.000    793.163     0.5223  29.491310     0.5245  29.491281     4.7003     4.8076    -0.0155    97.0356 1.0000e-12  -73.92888 -118.77338  46.312968      90.29 1.7629e+01   1050.473      25212  1031.4817  1031.4796     4.6033     0.0691     0.1166    34.5320    34.5295    7.92818         23 0.0000e+00
    804.000    794.150     0.5218  29.491161     0.5247  29.491927     4.6951     4.8061    -0.0096    97.0343 1.0000e-12  -73.92888 -118.77336  46.312979      90.53 1.7629e+01   1051.416      25235  1031.4864  1031.4843     4.6032     0.0684     0.1157    34.5318    34.5296    7.92830         23 0.0000e+00
    805.000    795.134     0.5217  29.491547     0.5235  29.491187     4.6923     4.8073    -0.0090    97.0589 1.0000e-12  -73.92888 -118.77338  46.312990      97.00 1.7629e+01   1052.352      25257  1031.4912  1031.4890     4.6044     0.0694     0.1144    34.5319    34.5294    7.92832         22 0.0000e+00
    806.000    796.122     0.5235  29.493773     0.5256  29.493648     4.6932     4.8065    -0.0122    97.0420 1.0000e-12  -73.92888 -118.77338  46.313001      99.90 1.7629e+01   1053.299      25280  1031.4959  1031.4937     4.6035     0.0686     0.1190    34.5322    34.5296    7.92793         23 0.0000e+00
    807.000    797.107     0.5233  29.493929     0.5254  29.493817     4.6947     4.8087    -0.0132    97.0527 1.0000e-12  -73.92888 -118.77338  46.313013      99.89 1.7629e+01   1054.280      25304  1031.5005  1031.4984     4.6040     0.0703     0.1174    34.5320    34.5296    7.92797         24 0.0000e+00
    808.000    798.091     0.5241  29.495187     0.5262  29.494993     4.6935     4.8065    -0.0083    97.0591 1.0000e-12  -73.92888 -118.77336  46.313024      99.89 1.7629e+01   1055.282      25328  1031.5053  1031.5031     4.6044     0.0697     0.1186    34.5322    34.5297    7.92780         24 0.0000e+00
    809.000    799.078     0.5237  29.495126     0.5257  29.495092     4.6913     4.8031    -0.0093    97.0623 1.0000e-12  -73.92888 -118.77338  46.313035      99.88 1.7629e+01   1056.256      25351  1031.5099  1031.5079     4.6045     0.0697     0.1166    34.5320    34.5297    7.92789         23 0.0000e+00
    810.000    800.065     0.5236  29.495398     0.5258  29.495501     4.6881     4.8055    -0.0155    97.0480 1.0000e-12  -73.92888 -118.77336  46.313046      99.88 1.7629e+01   1057.191      25374  1031.5145  1031.5125     4.6038     0.0693     0.1160    34.5319    34.5296    7.92792         23 0.0000e+00
    811.000    801.052     0.5240  29.496203     0.5261  29.496268     4.6841     4.8074    -0.0089    97.0116 1.0000e-12  -73.92888 -118.77338  46.313057      99.89 1.7903e+01   1058.110      25396  1031.5192  1031.5172     4.6021     0.0703     0.1173    34.5319    34.5296    7.92783         21 0.0000e+00
    812.000    802.035     0.5240  29.496678     0.5265  29.497075     4.6915     4.8080    -0.0147    96.9863 1.0000e-12  -73.92888 -118.77336  46.313068      99.89 1.7630e+01   1059.039      25418  1031.5240  1031.5220     4.6009     0.0706     0.1159    34.5320    34.5298    7.92784         23 0.0000e+00
    813.000    803.022     0.5246  29.497727     0.5271  29.498193     4.6656     4.8081    -0.0169    97.0160 1.0000e-12  -73.92888 -118.77337  46.313079      99.88 1.7780e+01   1059.987      25441  1031.5287  1031.5268     4.6024     0.0706     0.1171    34.5321    34.5299    7.92771         23 0.0000e+00
    814.000    804.007     0.5279  29.501587     0.5304  29.501732     4.6897     4.8060    -0.0126    97.0224 1.0000e-12  -73.92888 -118.77338  46.313090      99.89 1.8792e+01   1060.967      25464  1031.5336  1031.5314     4.6026     0.0688     0.1169    34.5329    34.5303    7.92698         24 0.0000e+00
    815.000    804.993     0.5304  29.504407     0.5328  29.504501     4.7075     4.7968    -0.0061    97.0187 1.0000e-12  -73.92888 -118.77338  46.313101      99.88 1.7631e+01   1061.956      25488  1031.5383  1031.5361     4.6025     0.0692     0.1152    34.5332    34.5306    7.92645         23 0.0000e+00
    816.000    805.979     0.5307  29.505076     0.5334  29.505612     4.6893     4.7987    -0.0050    97.0182 1.0000e-12  -73.92888 -118.77338  46.313113      85.50 1.7629e+01   1062.940      25512  1031.5429  1031.5409     4.6024     0.0681     0.1148    34.5331    34.5308    7.92639         24 0.0000e+00
    817.000    806.964     0.5315  29.506319     0.5338  29.506497     4.6894     4.8034    -0.0146    97.0075 1.0000e-12  -73.92888 -118.77338  46.313124      84.43 1.7629e+01   1063.912      25535  1031.5477  1031.5456     4.6019     0.0683     0.1163    34.5333    34.5310    7.92622         23 0.0000e+00
    818.000    807.951     0.5315  29.506740     0.5344  29.507561     4.6981     4.8067    -0.0087    97.0520 1.0000e-12  -73.92888 -118.77338  46.313135      94.56 1.7629e+01   1064.869      25558  1031.5524  1031.5504     4.6040     0.0694     0.1161    34.5333    34.5311    7.92623         23 0.0000e+00
    819.000    808.936     0.5341  29.509846     0.5368  29.510382     4.6891     4.8078    -0.0149    97.0426 1.0000e-12  -73.92888 -118.77338  46.313146      99.83 1.7629e+01   1065.803      25580  1031.5572  1031.5551     4.6036     0.0699     0.1185    34.5338    34.5315    7.92565         22 0.0000e+00
    820.000    809.923     0.5358  29.511952     0.5389  29.512969     4.6920     4.8058    -0.0038    97.0379 1.0000e-12  -73.92888 -118.77338  46.313156      99.88 1.8737e+01   1066.725      25602  1031.5620  1031.5600     4.6034     0.0692     0.1152    34.5341    34.5320    7.92529         22 0.0000e+00
    821.000    810.907     0.5356  29.512236     0.5389  29.513302     4.6896     4.8034    -0.0051    97.0421 1.0000e-12  -73.92888 -118.77338  46.313167      99.88 1.7640e+01   1067.658      25625  1031.5667  1031.5646     4.6036     0.0692     0.1162    34.5342    34.5319    7.92533         23 0.0000e+00
    822.000    811.894     0.5378  29.514796     0.5415  29.516282     4.6936     4.8052    -0.0125    97.0397 1.0000e-12  -73.92888 -118.77338  46.313179      99.88 1.7556e+01   1068.640      25648  1031.5714  1031.5694     4.6034     0.0682     0.1196    34.5345    34.5323    7.92487         24 0.0000e+00
    823.000    812.879     0.5420  29.519557     0.5455  29.520802     4.6857     4.8019    -0.0091    97.0293 1.0000e-12  -73.92888 -118.77338  46.313191      99.89 1.8108e+01   1069.695      25674  1031.5765  1031.5743     4.6030     0.0696     0.1152    34.5355    34.5331    7.92396         26 0.0000e+00
    824.000    813.865     0.5471  29.525194     0.5507  29.526397     4.6865     4.7967    -0.0057    97.0332 1.0000e-12  -73.92888 -118.77338  46.313203      99.88 1.7622e+01   1070.724      25698  1031.5814  1031.5792     4.6032     0.0696     0.1145    34.5365    34.5341    7.92285         23 0.0000e+00
    825.000    814.852     0.5505  29.528931     0.5531  29.529213     4.6894     4.7946    -0.0122    97.0309 1.0000e-12  -73.92888 -118.77338  46.313214      99.89 1.7629e+01   1071.670      25721  1031.5862  1031.5840     4.6030     0.0701     0.1161    34.5370    34.5345    7.92212         23 0.0000e+00
    826.000    815.837     0.5523  29.531108     0.5547  29.531320     4.6808     4.7951    -0.0008    97.0420 1.0000e-12  -73.92888 -118.77338  46.313224      99.89 1.7629e+01   1072.559      25742  1031.5910  1031.5888     4.6035     0.0705     0.1168    34.5373    34.5349    7.92175         20 0.0000e+00
    827.000    816.822     0.5547  29.533902     0.5572  29.534264     4.6826     4.7977    -0.0084    97.0519 1.0000e-12  -73.92888 -118.77338  46.313234      99.89 1.7629e+01   1073.442      25764  1031.5958  1031.5937     4.6040     0.0698     0.1163    34.5377    34.5354    7.92124         22 0.0000e+00
    828.000    817.808     0.5557  29.535360     0.5581  29.535588     4.6815     4.7944    -0.0077    97.0437 1.0000e-12  -73.92888 -118.77338  46.313245      99.88 1.7629e+01   1074.352      25785  1031.6005  1031.5984     4.6036     0.0708     0.1172    34.5379    34.5355    7.92101         22 0.0000e+00
