ocean_section_plots/required_files/ctd/dnbp2202_ctd205.cnv
* Sea-Bird SBE 9 Data File:
* FileName = D:\Data\raw\NBP2202_CTD205.hex
* Software Version Seasave V 7.26.7.121
* Temperature SN = 1649
* Conductivity SN = 2513
* Number of Bytes Per Scan = 40
* Number of Voltage Words = 5
* Number of Scans Averaged by the Deck Unit = 1
* NMEA Latitude = 73 57.56 S
* NMEA Longitude = 113 52.18 W
* NMEA UTC (Time) = Feb 09 2022  14:32:03
* NMEA baud rate = 9600
** Ship: RVIB N.B. Palmer
** Cruise: NBP2202 Thwaites
** Station: 124
** Operator: B. Bjork
# nquan = 28
# nvalues = 462                         
# units = specified
# name 0 = prDM: Pressure, Digiquartz [db]
# name 1 = depSM: Depth [salt water, m]
# name 2 = t090C: Temperature [ITS-90, deg C]
# name 3 = c0mS/cm: Conductivity [mS/cm]
# name 4 = t190C: Temperature, 2 [ITS-90, deg C]
# name 5 = c1mS/cm: Conductivity, 2 [mS/cm]
# name 6 = sbeox0ML/L: Oxygen, SBE 43 [ml/l]
# name 7 = sbeox1ML/L: Oxygen, SBE 43, 2 [ml/l]
# name 8 = flECO-AFL: Fluorescence, WET Labs ECO-AFL/FL [mg/m^3]
# name 9 = CStarTr0: Beam Transmission, WET Labs C-Star [%]
# name 10 = par: PAR/Irradiance, Biospherical/Licor
# name 11 = latitude: Latitude [deg]
# name 12 = longitude: Longitude [deg]
# name 13 = timeJ: Julian Days
# name 14 = altM: Altimeter [m]
# name 15 = spar: SPAR, Biospherical/Licor
# name 16 = timeS: Time, Elapsed [seconds]
# name 17 = scan: Scan Count
# name 18 = density00: Density [density, kg/m^3]
# name 19 = density11: Density, 2 [density, kg/m^3]
# name 20 = v3: Voltage 3
# name 21 = v4: Voltage 4
# name 22 = v5: Voltage 5
# name 23 = sal00: Salinity, Practical [PSU]
# name 24 = sal11: Salinity, Practical, 2 [PSU]
# name 25 = oxsolML/L: Oxygen Saturation, Garcia & Gordon [ml/l]
# name 26 = nbin: number of scans per bin
# name 27 = flag: flag
# span 0 =      2.000,    463.000       
# span 1 =      1.982,    457.708       
# span 2 =    -1.2020,    -0.3776       
# span 3 =  27.294084,  28.355588       
# span 4 =    -1.2009,    -0.3792       
# span 5 =  27.294122,  28.351613       
# span 6 =     4.9212,     8.7714       
# span 7 =     5.0701,     9.0244       
# span 8 =    -0.0032,    19.7527       
# span 9 =    76.5033,    97.8604       
# span 10 = -7.885e-05, 1.2436e+02      
# span 11 =  -73.95940,  -73.95938      
# span 12 = -113.86975, -113.86970      
# span 13 =  40.607083,  40.613739      
# span 14 =       1.53,     100.01      
# span 15 = 3.0322e+02, 3.4740e+02      
# span 16 =    128.947,    704.051      
# span 17 =       3096,      16898      
# span 18 =  1027.1823,  1029.7132      
# span 19 =  1027.1816,  1029.7103      
# span 20 =     3.6298,     4.6423      
# span 21 =     0.0659,     2.9986      
# span 22 =     0.1240,     0.2381      
# span 23 =    33.7954,    34.2394      
# span 24 =    33.7945,    34.2359      
# span 25 =    8.13302,    8.33108      
# span 26 =          9,         46      
# span 27 = 0.0000e+00, 0.0000e+00      
# interval = decibars: 1                
# start_time = Feb 09 2022 14:32:03 [NMEA time, header]
# bad_flag = -9.990e-29
*END*
[from data line 311]
    313.000    309.529    -0.8683  27.785371    -0.8666  27.784970     5.3505     5.5133     0.0863    97.7955 1.0000e-12  -73.95938 -113.86973  40.611237      99.95 3.2952e+02    487.898      11711  1028.9278  1028.9258     4.6392     0.0981     0.1316    34.1155    34.1131    8.24639         24 0.0000e+00
    314.000    310.518    -0.8425  27.810109    -0.8408  27.809657     5.3383     5.5013     0.1089    97.7844 1.0000e-12  -73.95938 -113.86973  40.611249      99.95 3.2720e+02    488.879      11734  1028.9336  1028.9315     4.6388     0.0982     0.1253    34.1192    34.1167    8.24052         23 0.0000e+00
    315.000    311.507    -0.8316  27.820028    -0.8299  27.820035     5.3130     5.4867     0.0807    97.8285 1.0000e-12  -73.95938 -113.86973  40.611260      99.95 3.2635e+02    489.859      11758  1028.9381  1028.9364     4.6408     0.0811     0.1284    34.1198    34.1178    8.23811         24 0.0000e+00
    316.000    312.492    -0.8256  27.826314    -0.8240  27.826101     5.3042     5.4671     0.0699    97.8358 1.0000e-12  -73.95938 -113.86973  40.611271      99.95 3.2979e+02    490.849      11781  1028.9434  1028.9417     4.6412     0.0928     0.1284    34.1209    34.1188    8.23674         24 0.0000e+00
    317.000    313.482    -0.8105  27.841116    -0.8081  27.841290     5.2920     5.4550     0.0827    97.8516 1.0000e-12  -73.95938 -113.86973  40.611283      99.95 3.2820e+02    491.834      11805  1028.9491  1028.9469     4.6419     0.1072     0.1284    34.1232    34.1208    8.23329         23 0.0000e+00
    318.000    314.471    -0.8043  27.847125    -0.8025  27.847013     5.2806     5.4506     0.0887    97.8293 1.0000e-12  -73.95938 -113.86973  40.611294      99.95 3.2613e+02    492.815      11829  1028.9540  1028.9521     4.6409     0.0831     0.1274    34.1238    34.1216    8.23192         24 0.0000e+00
    319.000    315.457    -0.7917  27.859151    -0.7903  27.858719     5.2742     5.4424     0.0938    97.8283 1.0000e-12  -73.95938 -113.86973  40.611306      99.95 3.2993e+02    493.805      11852  1028.9590  1028.9573     4.6408     0.0903     0.1259    34.1252    34.1231    8.22908         24 0.0000e+00
    320.000    316.447    -0.7882  27.862800    -0.7870  27.862183     5.2623     5.4360     0.0916    97.8025 1.0000e-12  -73.95938 -113.86973  40.611317      99.94 3.2867e+02    494.785      11876  1028.9640  1028.9622     4.6396     0.0807     0.1241    34.1256    34.1234    8.22829         23 0.0000e+00
    321.000    317.435    -0.7838  27.867551    -0.7818  27.867586     5.2677     5.4327     0.0506    97.7929 1.0000e-12  -73.95938 -113.86973  40.611328      99.95 3.2710e+02    495.765      11899  1028.9693  1028.9675     4.6392     0.1119     0.1255    34.1264    34.1243    8.22728         24 0.0000e+00
    322.000    318.422    -0.7794  27.871995    -0.7779  27.871870     5.2593     5.4341     0.0720    97.8141 1.0000e-12  -73.95938 -113.86973  40.611340      98.64 3.2941e+02    496.759      11923  1028.9743  1028.9726     4.6401     0.1574     0.1301    34.1269    34.1250    8.22630         24 0.0000e+00
    323.000    319.412    -0.7776  27.874230    -0.7761  27.874089     5.2594     5.4261     0.0542    97.8414 1.0000e-12  -73.95938 -113.86973  40.611351      87.41 3.2928e+02    497.746      11947  1028.9794  1028.9777     4.6415     0.0816     0.1280    34.1273    34.1253    8.22589         23 0.0000e+00
    324.000    320.398    -0.7744  27.878050    -0.7727  27.877826     5.2520     5.4193     0.0615    97.7918 1.0000e-12  -73.95938 -113.86973  40.611363      99.39 3.2760e+02    498.729      11971  1028.9847  1028.9828     4.6391     0.0836     0.1254    34.1282    34.1260    8.22513         24 0.0000e+00
    325.000    321.388    -0.7703  27.882410    -0.7683  27.882545     5.2486     5.4071     0.0976    97.6598 1.0000e-12  -73.95938 -113.86973  40.611374      99.94 3.2906e+02    499.722      11994  1028.9899  1028.9881     4.6328     0.0835     0.1276    34.1289    34.1268    8.22421         24 0.0000e+00
    326.000    322.376    -0.7610  27.891925    -0.7590  27.891749     5.2548     5.4058     0.1087    97.5556 1.0000e-12  -73.95938 -113.86973  40.611386      99.95 3.2943e+02    500.710      12018  1028.9954  1028.9934     4.6279     0.0797     0.1301    34.1306    34.1282    8.22207         24 0.0000e+00
    327.000    323.363    -0.7575  27.895620    -0.7561  27.895197     5.2550     5.4058     0.1509    97.7865 1.0000e-12  -73.95938 -113.86973  40.611397      99.95 3.2792e+02    501.694      12042  1029.0005  1028.9987     4.6388     0.0801     0.1302    34.1311    34.1289    8.22129         23 0.0000e+00
    328.000    324.352    -0.7579  27.897065    -0.7557  27.897332     5.2495     5.4073     0.1737    97.8258 1.0000e-12  -73.95938 -113.86973  40.611408      99.95 3.2812e+02    502.679      12065  1029.0069  1029.0050     4.6407     0.0787     0.1275    34.1329    34.1307    8.22127         24 0.0000e+00
    329.000    325.339    -0.7553  27.900144    -0.7537  27.899958     5.2723     5.4337     0.0674    97.8135 1.0000e-12  -73.95938 -113.86973  40.611420      99.96 3.3043e+02    503.669      12089  1029.0121  1029.0103     4.6401     0.0817     0.1275    34.1335    34.1314    8.22067         23 0.0000e+00
    330.000    326.327    -0.7504  27.906398    -0.7489  27.906245     5.2832     5.4441     0.0805    97.8143 1.0000e-12  -73.95938 -113.86973  40.611431      99.95 3.2797e+02    504.645      12112  1029.0184  1029.0168     4.6401     0.0827     0.1264    34.1358    34.1339    8.21947         24 0.0000e+00
    331.000    327.317    -0.7660  27.895237    -0.7653  27.894382     5.2569     5.4171     0.0871    97.8291 1.0000e-12  -73.95938 -113.86973  40.611442      99.95 3.2877e+02    505.631      12136  1029.0260  1029.0244     4.6408     0.0828     0.1277    34.1377    34.1358    8.22275         24 0.0000e+00
    332.000    328.303    -0.7579  27.905061    -0.7547  27.906340     5.2364     5.4027     0.0872    97.8181 1.0000e-12  -73.95938 -113.86974  40.611454      99.95 3.3164e+02    506.621      12160  1029.0331  1029.0313     4.6403     0.0831     0.1276    34.1412    34.1394    8.22078         23 0.0000e+00
    333.000    329.292    -0.7290  27.933779    -0.7257  27.934666     5.2343     5.4197     0.0754    97.8026 1.0000e-12  -73.95938 -113.86974  40.611465      99.95 3.2798e+02    507.601      12183  1029.0401  1029.0378     4.6396     0.0786     0.1276    34.1468    34.1443    8.21417         24 0.0000e+00
    334.000    330.280    -0.7277  27.936148    -0.7269  27.935539     5.1968     5.3817     0.1264    97.8384 1.0000e-12  -73.95938 -113.86974  40.611477      99.94 3.2848e+02    508.588      12207  1029.0459  1029.0444     4.6413     0.0808     0.1296    34.1480    34.1462    8.21383         24 0.0000e+00
    335.000    331.268    -0.7213  27.946202    -0.7216  27.943313     5.1010     5.2892     0.0807    97.8493 1.0000e-12  -73.95938 -113.86974  40.611488      99.95 3.3202e+02    509.580      12231  1029.0549  1029.0521     4.6418     0.0789     0.1285    34.1536    34.1501    8.21209         23 0.0000e+00
    336.000    332.257    -0.6623  28.003413    -0.6616  28.000648     5.0250     5.2056     0.0473    97.6492 1.0000e-12  -73.95938 -113.86974  40.611500      94.63 3.2790e+02    510.562      12254  1029.0631  1029.0595     4.6323     0.0783     0.1313    34.1637    34.1591    8.19870         24 0.0000e+00
    337.000    333.242    -0.5753  28.082651    -0.5737  28.080960     4.9850     5.1600     0.0479    97.5284 1.0000e-12  -73.95938 -113.86974  40.611511      97.31 3.2826e+02    511.549      12278  1029.0678  1029.0645     4.6266     0.0760     0.1305    34.1717    34.1676    8.17941         24 0.0000e+00
    338.000    334.233    -0.5591  28.097059    -0.5578  28.096214     4.9715     5.1484     0.0362    97.8604 1.0000e-12  -73.95938 -113.86974  40.611523      99.91 3.3231e+02    512.546      12302  1029.0723  1029.0702     4.6423     0.0744     0.1306    34.1722    34.1697    8.17588         24 0.0000e+00
    339.000    335.221    -0.5583  28.098224    -0.5564  28.097944     4.9810     5.1473     0.0183    97.8396 1.0000e-12  -73.95938 -113.86974  40.611534      99.95 3.2803e+02    513.530      12326  1029.0777  1029.0755     4.6413     0.0729     0.1324    34.1724    34.1698    8.17571         23 0.0000e+00
    340.000    336.208    -0.5598  28.097092    -0.5590  28.096019     4.9856     5.1442     0.0201    97.8219 1.0000e-12  -73.95938 -113.86974  40.611545      99.95 3.2805e+02    514.519      12349  1029.0826  1029.0807     4.6405     0.0757     0.1325    34.1718    34.1695    8.17605         24 0.0000e+00
    341.000    337.197    -0.5617  28.096002    -0.5610  28.094679     4.9869     5.1399     0.0200    97.8112 1.0000e-12  -73.95938 -113.86974  40.611557      99.95 3.3253e+02    515.509      12373  1029.0881  1029.0860     4.6400     0.0771     0.1335    34.1719    34.1694    8.17646         23 0.0000e+00
    342.000    338.183    -0.5557  28.101910    -0.5540  28.101358     4.9744     5.1336     0.0207    97.6070 1.0000e-12  -73.95938 -113.86974  40.611568      99.95 3.2836e+02    516.491      12397  1029.0931  1029.0909     4.6303     0.0770     0.1332    34.1725    34.1698    8.17513         24 0.0000e+00
    343.000    339.173    -0.5510  28.106473    -0.5491  28.106309     4.9703     5.1335     0.0207    97.4755 1.0000e-12  -73.95938 -113.86974  40.611579      99.94 3.2790e+02    517.470      12420  1029.0980  1029.0960     4.6241     0.0747     0.1329    34.1728    34.1704    8.17411         24 0.0000e+00
    344.000    340.160    -0.5426  28.115284    -0.5415  28.114198     4.9863     5.1342     0.0078    97.7595 1.0000e-12  -73.95938 -113.86974  40.611591      99.95 3.3193e+02    518.460      12444  1029.1039  1029.1016     4.6376     0.0797     0.1334    34.1746    34.1718    8.17220         24 0.0000e+00
    345.000    341.149    -0.5337  28.125102    -0.5318  28.124767     4.9908     5.1343     0.0145    97.7345 1.0000e-12  -73.95938 -113.86974  40.611602      99.95 3.2841e+02    519.445      12468  1029.1103  1029.1081     4.6364     0.0738     0.1329    34.1771    34.1745    8.17013         23 0.0000e+00
    346.000    342.136    -0.5319  28.127502    -0.5300  28.127213     4.9926     5.1349     0.0245    97.7180 1.0000e-12  -73.95938 -113.86974  40.611614      99.95 3.2791e+02    520.424      12491  1029.1156  1029.1135     4.6356     0.0738     0.1322    34.1777    34.1752    8.16970         24 0.0000e+00
    347.000    343.124    -0.5313  28.128527    -0.5296  28.128159     4.9888     5.1374     0.0254    97.7084 1.0000e-12  -73.95938 -113.86974  40.611625      99.95 3.3246e+02    521.410      12515  1029.1207  1029.1186     4.6351     0.0731     0.1339    34.1778    34.1753    8.16957         23 0.0000e+00
    348.000    344.113    -0.5299  28.130586    -0.5280  28.130310     4.9894     5.1443     0.0213    97.7038 1.0000e-12  -73.95938 -113.86974  40.611637      99.95 3.2951e+02    522.398      12539  1029.1260  1029.1239     4.6349     0.0720     0.1305    34.1783    34.1759    8.16923         24 0.0000e+00
    349.000    345.099    -0.5219  28.139957    -0.5194  28.140214     4.9892     5.1388     0.0210    97.7162 1.0000e-12  -73.95938 -113.86972  40.611648      88.54 3.2789e+02    523.380      12562  1029.1328  1029.1306     4.6355     0.0710     0.1312    34.1814    34.1789    8.16734         23 0.0000e+00
    350.000    346.089    -0.5143  28.148249    -0.5126  28.147938     4.9874     5.1310     0.0210    97.7124 1.0000e-12  -73.95938 -113.86974  40.611659      96.80 3.3088e+02    524.369      12586  1029.1386  1029.1367     4.6353     0.0727     0.1362    34.1833    34.1810    8.16558         24 0.0000e+00
    351.000    347.076    -0.5140  28.149016    -0.5123  28.148643     4.9852     5.1260     0.0289    97.7178 1.0000e-12  -73.95940 -113.86972  40.611671      99.93 3.3054e+02    525.351      12609  1029.1436  1029.1416     4.6355     0.0740     0.1323    34.1834    34.1810    8.16552         24 0.0000e+00
    352.000    348.064    -0.5082  28.156042    -0.5064  28.155599     4.9865     5.1272     0.0143    97.7161 1.0000e-12  -73.95938 -113.86974  40.611682      99.95 3.2790e+02    526.334      12633  1029.1500  1029.1477     4.6355     0.0727     0.1306    34.1857    34.1830    8.16414         23 0.0000e+00
    353.000    349.053    -0.5036  28.161292    -0.5017  28.161109     4.9762     5.1233     0.0137    97.7383 1.0000e-12  -73.95938 -113.86972  40.611694      99.95 3.3078e+02    527.319      12657  1029.1555  1029.1535     4.6365     0.0746     0.1301    34.1870    34.1846    8.16307         24 0.0000e+00
    354.000    350.040    -0.5021  28.163388    -0.5000  28.163321     4.9615     5.1154     0.0140    97.7114 1.0000e-12  -73.95938 -113.86974  40.611705      99.95 3.3127e+02    528.311      12680  1029.1607  1029.1587     4.6353     0.0731     0.1305    34.1875    34.1851    8.16272         24 0.0000e+00
    355.000    351.026    -0.4966  28.169235    -0.4950  28.168699     4.9664     5.1096     0.0140    97.6880 1.0000e-12  -73.95938 -113.86972  40.611716      99.95 3.2841e+02    529.299      12704  1029.1660  1029.1639     4.6341     0.0720     0.1332    34.1885    34.1861    8.16148         23 0.0000e+00
    356.000    352.017    -0.4924  28.174244    -0.4904  28.173937     4.9606     5.1082     0.0134    97.7213 1.0000e-12  -73.95938 -113.86974  40.611728      99.95 3.3015e+02    530.291      12728  1029.1717  1029.1695     4.6357     0.0718     0.1312    34.1899    34.1873    8.16049         25 0.0000e+00
    357.000    353.004    -0.4900  28.176865    -0.4874  28.177430     4.9579     5.1049     0.0092    97.7107 1.0000e-12  -73.95938 -113.86972  40.611739      99.95 3.3178e+02    531.277      12752  1029.1766  1029.1747     4.6352     0.0732     0.1336    34.1901    34.1880    8.15996         23 0.0000e+00
    358.000    353.992    -0.4886  28.178750    -0.4867  28.178562     4.9593     5.1065     0.0043    97.7366 1.0000e-12  -73.95938 -113.86974  40.611751      99.94 3.2940e+02    532.260      12775  1029.1816  1029.1796     4.6364     0.0726     0.1300    34.1905    34.1881    8.15964         23 0.0000e+00
    359.000    354.981    -0.4857  28.182079    -0.4840  28.181844     4.9562     5.1051     0.0051    97.7076 1.0000e-12  -73.95938 -113.86972  40.611762      99.95 3.3071e+02    533.245      12799  1029.1867  1029.1848     4.6351     0.0732     0.1336    34.1911    34.1889    8.15898         24 0.0000e+00
    360.000    355.968    -0.4842  28.184083    -0.4824  28.183812     4.9554     5.1050     0.0134    97.7049 1.0000e-12  -73.95938 -113.86974  40.611774      99.95 3.3267e+02    534.231      12823  1029.1918  1029.1898     4.6349     0.0723     0.1316    34.1915    34.1892    8.15864         24 0.0000e+00
    361.000    356.955    -0.4837  28.184916    -0.4820  28.184705     4.9570     5.1066     0.0143    97.6971 1.0000e-12  -73.95938 -113.86974  40.611785      99.95 3.2957e+02    535.211      12846  1029.1966  1029.1947     4.6346     0.0738     0.1343    34.1914    34.1892    8.15853         23 0.0000e+00
    362.000    357.944    -0.4841  28.184995    -0.4824  28.184710     4.9562     5.1025     0.0204    97.7211 1.0000e-12  -73.95938 -113.86974  40.611796      75.94 3.3062e+02    536.194      12870  1029.2014  1029.1995     4.6357     0.0696     0.1331    34.1914    34.1891    8.15863         24 0.0000e+00
    363.000    358.933    -0.4851  28.184524    -0.4832  28.184389     4.9640     5.1033     0.0074    97.7229 1.0000e-12  -73.95938 -113.86974  40.611808      94.93 3.3375e+02    537.175      12893  1029.2062  1029.2043     4.6358     0.0719     0.1323    34.1912    34.1890    8.15884         23 0.0000e+00
