ocean_section_plots/required_files/ctd/dnbp2202_ctd137.cnv
* Sea-Bird SBE 9 Data File:
* FileName = D:\Data\raw\NBP2202_CTD137.hex
* Software Version Seasave V 7.26.7.121
* Temperature SN = 1649
* Conductivity SN = 2513
* Number of Bytes Per Scan = 40
* Number of Voltage Words = 5
* Number of Scans Averaged by the Deck Unit = 1
* NMEA Latitude = 74 01.65 S
* NMEA Longitude = 113 14.57 W
* NMEA UTC (Time) = Jan 28 2022  10:17:50
* NMEA baud rate = 9600
** Ship: RVIB N.B. Palmer
** Cruise: NBP2202 Thwaites
** Station: 66
** Operator: B. Bjork
# nquan = 25
# nvalues = 358                         
# units = specified
# name 0 = prDM: Pressure, Digiquartz [db]
# name 1 = depSM: Depth [salt water, m]
# name 2 = t090C: Temperature [ITS-90, deg C]
# name 3 = c0mS/cm: Conductivity [mS/cm]
# name 4 = t190C: Temperature, 2 [ITS-90, deg C]
# name 5 = c1mS/cm: Conductivity, 2 [mS/cm]
# name 6 = sbeox0ML/L: Oxygen, SBE 43 [ml/l]
# name 7 = sbeox1ML/L: Oxygen, SBE 43, 2 [ml/l]
# name 8 = flECO-AFL: Fluorescence, WET Labs ECO-AFL/FL [mg/m^3]
# name 9 = CStarTr0: Beam Transmission, WET Labs C-Star [%]
# name 10 = par: PAR/Irradiance, Biospherical/Licor
# name 11 = latitude: Latitude [deg]
# name 12 = longitude: Longitude [deg]
# name 13 = timeJ: Julian Days
# name 14 = altM: Altimeter [m]
# name 15 = spar: SPAR, Biospherical/Licor
# name 16 = timeS: Time, Elapsed [seconds]
# name 17 = scan: Scan Count
# name 18 = density00: Density [density, kg/m^3]
# name 19 = density11: Density, 2 [density, kg/m^3]
# name 20 = sal00: Salinity, Practical [PSU]
# name 21 = sal11: Salinity, Practical, 2 [PSU]
# name 22 = oxsolML/L: Oxygen Saturation, Garcia & Gordon [ml/l]
# name 23 = nbin: number of scans per bin
# name 24 = flag: flag
# span 0 =      3.000,    360.000       
# span 1 =      2.963,    355.971       
# span 2 =    -1.5100,    -0.3221       
# span 3 =  27.055116,  28.353241       
# span 4 =    -1.5091,    -0.3207       
# span 5 =  27.054382,  28.351989       
# span 6 =     4.8747,     8.9546       
# span 7 =     4.9691,     9.1779       
# span 8 =    -0.0195,    29.2142       
# span 9 =    63.7004,    93.5942       
# span 10 = 1.0000e-12, 1.4115e+01      
# span 11 =  -74.02752,  -74.02752      
# span 12 = -113.24300, -113.24294      
# span 13 =  28.431081,  28.437138      
# span 14 =       5.32,     100.16      
# span 15 = 5.2886e+01, 5.9941e+01      
# span 16 =    175.431,    698.738      
# span 17 =       4211,      16771      
# span 18 =  1027.1985,  1029.2188      
# span 19 =  1027.2032,  1029.2161      
# span 20 =    33.8093,    34.2356      
# span 21 =    33.8118,    34.2323      
# span 22 =    8.12139,    8.39932      
# span 23 =         12,         49      
# span 24 = 0.0000e+00, 0.0000e+00      
# interval = decibars: 1                
# start_time = Jan 28 2022 10:17:50 [NMEA time, header]
# bad_flag = -9.990e-29
*END*
      3.000      2.963    -0.7825  27.493838    -0.7899  27.491375     8.9431     8.8108    29.0857    64.0163 1.4115e+01  -74.02752 -113.24299  28.431081      53.98 5.2886e+01    175.431       4211  1027.1985  1027.2032    33.8145    33.8194    8.24516         12 0.0000e+00
      4.000      3.958    -0.7911  27.487032    -0.7945  27.487018     8.9533     8.8151    27.1193    64.1272 1.0016e+01  -74.02752 -113.24300  28.431347      96.42 5.2886e+01    198.372       4762  1027.2036  1027.2069    33.8142    33.8180    8.24704         35 0.0000e+00
      5.000      4.948    -0.7927  27.486308    -0.7956  27.486601     8.9546     8.8247    27.3360    64.7751 6.3736e+00  -74.02752 -113.24299  28.431379      99.96 5.2886e+01    201.140       4828  1027.2086  1027.2117    33.8144    33.8180    8.24738         36 0.0000e+00
      6.000      5.938    -0.7938  27.485636    -0.7984  27.484602     8.9449     8.8575    28.9334    64.7594 4.7269e+00  -74.02752 -113.24299  28.431414      99.98 5.3309e+01    204.166       4901  1027.2133  1027.2165    33.8141    33.8179    8.24764         38 0.0000e+00
      7.000      6.928    -0.7941  27.485889    -0.7976  27.485671     8.9503     8.9066    28.6720    64.4228 2.9576e+00  -74.02752 -113.24298  28.431435      99.98 5.3397e+01    205.961       4944  1027.2181  1027.2212    33.8142    33.8178    8.24770         48 0.0000e+00
      8.000      7.918    -0.7946  27.485868    -0.7976  27.485973     8.9438     8.9688    29.2129    64.6831 2.2005e+00  -74.02752 -113.24298  28.431464      89.38 5.3554e+01    208.490       5005  1027.2229  1027.2258    33.8142    33.8176    8.24782         45 0.0000e+00
      9.000      8.906    -0.7974  27.483880    -0.8002  27.484282     8.9463     9.0199    28.4613    64.5235 1.4602e+00  -74.02752 -113.24298  28.431487      95.77 5.5039e+01    210.491       5053  1027.2277  1027.2307    33.8140    33.8176    8.24844         38 0.0000e+00
     10.000      9.896    -0.7964  27.485386    -0.7996  27.485113     8.9430     9.0620    27.6949    64.3203 1.0874e+00  -74.02752 -113.24298  28.431511      99.99 5.4504e+01    212.587       5103  1027.2326  1027.2353    33.8142    33.8174    8.24820         49 0.0000e+00
     11.000     10.886    -0.7943  27.487551    -0.7967  27.488056     8.9403     9.1066    27.7538    63.8685 7.5207e-01  -74.02752 -113.24298  28.431535      99.98 5.4539e+01    214.635       5152  1027.2373  1027.2401    33.8142    33.8176    8.24775         48 0.0000e+00
     12.000     11.876    -0.7942  27.488121    -0.7969  27.488347     8.9435     9.1344    27.9563    64.0592 5.3952e-01  -74.02752 -113.24298  28.431558      99.98 5.5801e+01    216.622       5200  1027.2421  1027.2449    33.8143    33.8175    8.24773         41 0.0000e+00
     13.000     12.865    -0.7958  27.487231    -0.7976  27.488184     8.9468     9.1388    28.3697    64.5961 3.8134e-01  -74.02752 -113.24298  28.431581      99.98 5.4905e+01    218.606       5248  1027.2469  1027.2497    33.8141    33.8175    8.24807         49 0.0000e+00
     14.000     13.855    -0.7947  27.488532    -0.7973  27.488848     8.9470     9.1566    28.4328    65.4314 2.7963e-01  -74.02752 -113.24298  28.431605      85.07 5.4800e+01    220.642       5296  1027.2516  1027.2545    33.8141    33.8175    8.24784         47 0.0000e+00
     15.000     14.842    -0.7944  27.489362    -0.7975  27.489025     8.9479     9.1703    27.1998    65.3606 1.9268e-01  -74.02752 -113.24298  28.431627      84.04 5.6287e+01    222.599       5343  1027.2565  1027.2592    33.8142    33.8173    8.24776         35 0.0000e+00
     16.000     15.834    -0.7953  27.488976    -0.7972  27.489802     8.9470     9.1764    26.9023    64.5057 1.4219e-01  -74.02752 -113.24298  28.431650      95.75 5.5353e+01    224.540       5390  1027.2613  1027.2640    33.8142    33.8174    8.24797         43 0.0000e+00
     17.000     16.824    -0.7950  27.489795    -0.7975  27.489999     8.9439     9.1743    26.3051    63.7103 8.6062e-02  -74.02752 -113.24298  28.431673     100.16 5.6118e+01    226.515       5437  1027.2661  1027.2687    33.8143    33.8173    8.24789         43 0.0000e+00
     18.000     17.813    -0.7962  27.489101    -0.8005  27.487774     8.9405     9.1713    28.2584    64.5930 5.7331e-02  -74.02752 -113.24298  28.431697      99.98 5.6207e+01    228.644       5488  1027.2709  1027.2735    33.8141    33.8171    8.24817         44 0.0000e+00
     19.000     18.802    -0.7977  27.488378    -0.7998  27.488732     8.9371     9.1779    27.7156    63.8818 3.0825e-02  -74.02752 -113.24298  28.431719      99.98 5.6414e+01    230.499       5533  1027.2758  1027.2782    33.8142    33.8171    8.24849         41 0.0000e+00
     20.000     19.792    -0.7972  27.489307    -0.8002  27.488884     8.9325     9.1651    27.1931    64.5519 9.3843e-03  -74.02752 -113.24299  28.431743      99.97 5.6154e+01    232.571       5583  1027.2806  1027.2831    33.8142    33.8171    8.24837         39 0.0000e+00
     21.000     20.782    -0.7988  27.488312    -0.8013  27.488402     8.9402     9.1715    26.7090    64.3313 2.3602e-04  -74.02752 -113.24299  28.431766      99.98 5.6334e+01    234.624       5632  1027.2854  1027.2879    33.8141    33.8171    8.24874         45 0.0000e+00
     22.000     21.770    -0.7996  27.488009    -0.8013  27.488874     8.9349     9.1738    28.1980    63.9619 5.5678e-06  -74.02752 -113.24298  28.431789      99.98 5.6084e+01    236.533       5678  1027.2902  1027.2926    33.8140    33.8170    8.24892         37 0.0000e+00
     23.000     22.761    -0.7950  27.492881    -0.7970  27.492996     8.9320     9.1745    27.2718    63.7004 1.0000e-12  -74.02752 -113.24298  28.431813      99.98 5.6069e+01    238.619       5728  1027.2953  1027.2973    33.8147    33.8172    8.24786         36 0.0000e+00
     24.000     23.749    -0.7996  27.489197    -0.8034  27.487976     8.9313     9.1647    25.8180    63.8458 1.0000e-12  -74.02752 -113.24298  28.431835      99.97 5.6125e+01    240.555       5774  1027.2999  1027.3023    33.8143    33.8169    8.24889         37 0.0000e+00
     25.000     24.742    -0.7996  27.489687    -0.8024  27.489280     8.9307     9.1663    26.8345    64.7142 1.0000e-12  -74.02752 -113.24298  28.431858      99.97 5.6407e+01    242.533       5822  1027.3048  1027.3070    33.8143    33.8170    8.24889         43 0.0000e+00
     26.000     25.729    -0.8007  27.489131    -0.8030  27.489226     8.9290     9.1664    27.8866    64.5266 1.0000e-12  -74.02752 -113.24298  28.431883      99.97 5.6412e+01    244.684       5873  1027.3096  1027.3118    33.8142    33.8170    8.24915         35 0.0000e+00
     27.000     26.719    -0.8005  27.489764    -0.8025  27.490134     8.9320     9.1648    26.8959    64.9809 1.0000e-12  -74.02752 -113.24298  28.431905      99.97 5.6245e+01    246.556       5918  1027.3144  1027.3166    33.8143    33.8170    8.24910         41 0.0000e+00
     28.000     27.709    -0.8004  27.490356    -0.8020  27.491020     8.9338     9.1595    27.7286    65.0112 1.0000e-12  -74.02752 -113.24299  28.431928      94.65 5.6779e+01    248.573       5967  1027.3191  1027.3214    33.8143    33.8170    8.24907         43 0.0000e+00
     29.000     28.698    -0.8013  27.490000    -0.8035  27.490164     8.9323     9.1645    27.1322    64.9909 1.0000e-12  -74.02752 -113.24300  28.431952      99.47 5.6102e+01    250.624       6016  1027.3239  1027.3262    33.8142    33.8169    8.24927         45 0.0000e+00
     30.000     29.688    -0.8016  27.490380    -0.8031  27.490864     8.9302     9.1661    26.5682    64.5064 1.0000e-12  -74.02752 -113.24300  28.431974      99.98 5.6125e+01    252.553       6062  1027.3289  1027.3309    33.8144    33.8168    8.24932         43 0.0000e+00
     31.000     30.677    -0.8011  27.491236    -0.8030  27.491441     8.9281     9.1688    27.1286    65.6282 1.0000e-12  -74.02752 -113.24300  28.431997      99.98 5.6859e+01    254.573       6111  1027.3336  1027.3357    33.8144    33.8169    8.24921         39 0.0000e+00
     32.000     31.667    -0.8002  27.492459    -0.8023  27.492448     8.9297     9.1600    26.8302    64.8600 1.0000e-12  -74.02752 -113.24300  28.432020      99.97 5.6408e+01    256.518       6157  1027.3384  1027.3404    33.8144    33.8168    8.24901         44 0.0000e+00
     33.000     32.656    -0.8011  27.492123    -0.8035  27.491771     8.9235     9.1608    27.1442    64.5380 1.0000e-12  -74.02752 -113.24300  28.432042      99.97 5.6272e+01    258.432       6203  1027.3432  1027.3452    33.8144    33.8166    8.24922         39 0.0000e+00
     34.000     33.647    -0.8023  27.491576    -0.8061  27.490027     8.9319     9.1688    27.5854    65.3760 1.0000e-12  -74.02752 -113.24300  28.432066      99.99 5.7478e+01    260.504       6253  1027.3481  1027.3500    33.8144    33.8165    8.24948         37 0.0000e+00
     35.000     34.635    -0.7981  27.495713    -0.7999  27.495661     8.9347     9.1753    28.0658    64.5329 1.0000e-12  -74.02752 -113.24300  28.432089      99.98 5.6511e+01    262.469       6300  1027.3528  1027.3545    33.8146    33.8166    8.24854         44 0.0000e+00
     36.000     35.624    -0.7970  27.497066    -0.7990  27.497098     8.9265     9.1624    29.2142    64.0671 1.0000e-12  -74.02752 -113.24300  28.432112      99.99 5.6673e+01    264.488       6349  1027.3575  1027.3594    33.8146    33.8169    8.24831         48 0.0000e+00
     37.000     36.614    -0.8008  27.494217    -0.8051  27.492064     8.9196     9.1489    28.3188    64.6596 1.0000e-12  -74.02752 -113.24300  28.432136      99.98 5.7796e+01    266.538       6398  1027.3624  1027.3642    33.8144    33.8163    8.24915         40 0.0000e+00
     38.000     37.603    -0.8045  27.491545    -0.8078  27.490248     8.9157     9.1526    26.7948    65.2170 1.0000e-12  -74.02752 -113.24300  28.432158      99.97 5.6785e+01    268.448       6444  1027.3674  1027.3691    33.8143    33.8163    8.24997         42 0.0000e+00
     39.000     38.594    -0.8047  27.491727    -0.8065  27.491829     8.9302     9.1638    28.7029    64.7817 1.0000e-12  -74.02752 -113.24299  28.432182      99.97 5.6345e+01    270.504       6493  1027.3721  1027.3739    33.8143    33.8164    8.25003         42 0.0000e+00
     40.000     39.582    -0.7977  27.498472    -0.7989  27.498888     8.9421     9.1626    26.5797    64.1326 1.0000e-12  -74.02752 -113.24299  28.432205      99.98 5.7817e+01    272.522       6542  1027.3769  1027.3785    33.8149    33.8168    8.24846         41 0.0000e+00
     41.000     40.571    -0.7966  27.499709    -0.8002  27.498043     8.9236     9.1470    27.1525    64.9999 1.0000e-12  -74.02752 -113.24299  28.432227      99.98 5.6910e+01    274.372       6586  1027.3815  1027.3831    33.8146    33.8164    8.24821         35 0.0000e+00
     42.000     41.561    -0.8130  27.485930    -0.8180  27.483287     8.8628     9.0859    28.8028    64.3740 1.0000e-12  -74.02752 -113.24299  28.432251      98.36 5.6372e+01    276.498       6637  1027.3866  1027.3886    33.8138    33.8159    8.25186         36 0.0000e+00
     43.000     42.551    -0.8342  27.466512    -0.8446  27.460250     8.7504     8.9863    27.3511    64.3542 1.0000e-12  -74.02752 -113.24299  28.432273      99.81 5.7786e+01    278.421       6683  1027.3904  1027.3935    33.8107    33.8138    8.25670         39 0.0000e+00
     44.000     43.540    -0.8923  27.418770    -0.8969  27.416364     8.7072     8.9463    26.6050    64.7781 1.0000e-12  -74.02752 -113.24298  28.432296      99.98 5.7416e+01    280.410       6731  1027.3985  1027.4002    33.8105    33.8124    8.26946         40 0.0000e+00
     45.000     44.530    -0.9048  27.408868    -0.9065  27.408727     8.6959     8.9299    25.2547    66.0391 1.0000e-12  -74.02752 -113.24298  28.432321      99.97 5.7181e+01    282.501       6781  1027.4034  1027.4049    33.8104    33.8122    8.27221         37 0.0000e+00
     46.000     45.519    -0.9094  27.404675    -0.9162  27.400948     8.6919     8.9153    25.2337    66.1467 1.0000e-12  -74.02752 -113.24298  28.432343      99.97 5.7407e+01    284.423       6827  1027.4073  1027.4096    33.8093    33.8118    8.27329         44 0.0000e+00
     47.000     46.509    -0.9154  27.400792    -0.9195  27.398628     8.6732     8.8953    26.1972    65.6474 1.0000e-12  -74.02752 -113.24298  28.432366      99.97 5.7191e+01    286.436       6875  1027.4127  1027.4142    33.8101    33.8119    8.27455         41 0.0000e+00
     48.000     47.499    -0.9278  27.390650    -0.9315  27.389125     8.6436     8.8746    25.1850    65.6062 1.0000e-12  -74.02752 -113.24298  28.432390      99.97 5.7153e+01    288.522       6926  1027.4176  1027.4194    33.8096    33.8118    8.27731         38 0.0000e+00
     49.000     48.487    -0.9370  27.383555    -0.9372  27.384956     8.6336     8.8645    24.0081    65.6982 1.0000e-12  -74.02752 -113.24298  28.432412      99.97 5.7361e+01    290.417       6971  1027.4227  1027.4243    33.8097    33.8118    8.27934         41 0.0000e+00
     50.000     49.476    -0.9383  27.383761    -0.9395  27.383560     8.6435     8.8636    24.9235    65.8954 1.0000e-12  -74.02752 -113.24297  28.432435      99.97 5.7674e+01    292.392       7018  1027.4282  1027.4291    33.8108    33.8119    8.27956         39 0.0000e+00
     51.000     50.466    -0.9376  27.384536    -0.9387  27.384964     8.6279     8.8468    25.1563    66.0803 1.0000e-12  -74.02752 -113.24297  28.432458      99.97 5.6855e+01    294.377       7066  1027.4325  1027.4339    33.8105    33.8123    8.27943         41 0.0000e+00
     52.000     51.455    -0.9438  27.379780    -0.9460  27.379379     8.5783     8.8099    24.1208    66.3699 1.0000e-12  -74.02752 -113.24296  28.432480      99.97 5.6999e+01    296.268       7111  1027.4374  1027.4390    33.8104    33.8123    8.28081         39 0.0000e+00
     53.000     52.445    -0.9660  27.361314    -0.9612  27.367110     8.5327     8.7607    23.3684    65.6920 1.0000e-12  -74.02752 -113.24296  28.432501      99.97 5.7484e+01    298.047       7154  1027.4428  1027.4445    33.8096    33.8121    8.28574         41 0.0000e+00
     54.000     53.435    -0.9782  27.352190    -0.9807  27.351462     8.5024     8.7192    25.1018    66.8946 1.0000e-12  -74.02752 -113.24296  28.432522      99.97 5.7396e+01    299.913       7199  1027.4487  1027.4503    33.8103    33.8121    8.28840         43 0.0000e+00
     55.000     54.425    -0.9939  27.339876    -0.9960  27.339497     8.4784     8.7037    23.6518    66.7562 1.0000e-12  -74.02752 -113.24296  28.432545      99.97 5.7616e+01    301.877       7246  1027.4544  1027.4560    33.8105    33.8124    8.29184         38 0.0000e+00
     56.000     55.413    -0.9998  27.335785    -1.0011  27.335921     8.4719     8.7029    22.5551    66.6827 1.0000e-12  -74.02752 -113.24296  28.432565      97.67 5.8126e+01    303.634       7288  1027.4597  1027.4610    33.8110    33.8126    8.29312         39 0.0000e+00
     57.000     56.402    -1.0013  27.335120    -1.0024  27.335335     8.4859     8.6936    22.8402    66.6373 1.0000e-12  -74.02752 -113.24296  28.432586      99.98 5.7569e+01    305.402       7331  1027.4644  1027.4658    33.8111    33.8127    8.29344         38 0.0000e+00
     58.000     57.394    -1.0006  27.336197    -1.0020  27.336201     8.4939     8.7037    23.1610    66.6548 1.0000e-12  -74.02752 -113.24296  28.432610      99.97 5.7785e+01    307.467       7380  1027.4691  1027.4704    33.8113    33.8129    8.29329         40 0.0000e+00
     59.000     58.382    -0.9970  27.339697    -0.9987  27.339384     8.4894     8.7045    23.4288    66.1437 1.0000e-12  -74.02752 -113.24296  28.432629      99.97 5.8173e+01    309.186       7421  1027.4735  1027.4748    33.8113    33.8128    8.29248         35 0.0000e+00
