ocean_section_plots/required_files/ctd/dnbp2202_ctd199.cnv
* Sea-Bird SBE 9 Data File:
* FileName = D:\Data\raw\NBP2202_CTD199.hex
* Software Version Seasave V 7.26.7.121
* Temperature SN = 1649
* Conductivity SN = 2513
* Number of Bytes Per Scan = 40
* Number of Voltage Words = 5
* Number of Scans Averaged by the Deck Unit = 1
* NMEA Latitude = 73 54.04 S
* NMEA Longitude = 113 10.44 W
* NMEA UTC (Time) = Feb 08 2022  16:22:15
* NMEA baud rate = 9600
** Ship: RVIB N.B. Palmer
** Cruise: NBP2202 Thwaites
** Station: 118
** Operator: A. Robinson
# nquan = 28
# nvalues = 490                         
# units = specified
# name 0 = prDM: Pressure, Digiquartz [db]
# name 1 = depSM: Depth [salt water, m]
# name 2 = t090C: Temperature [ITS-90, deg C]
# name 3 = c0mS/cm: Conductivity [mS/cm]
# name 4 = t190C: Temperature, 2 [ITS-90, deg C]
# name 5 = c1mS/cm: Conductivity, 2 [mS/cm]
# name 6 = sbeox0ML/L: Oxygen, SBE 43 [ml/l]
# name 7 = sbeox1ML/L: Oxygen, SBE 43, 2 [ml/l]
# name 8 = flECO-AFL: Fluorescence, WET Labs ECO-AFL/FL [mg/m^3]
# name 9 = CStarTr0: Beam Transmission, WET Labs C-Star [%]
# name 10 = par: PAR/Irradiance, Biospherical/Licor
# name 11 = latitude: Latitude [deg]
# name 12 = longitude: Longitude [deg]
# name 13 = timeJ: Julian Days
# name 14 = altM: Altimeter [m]
# name 15 = spar: SPAR, Biospherical/Licor
# name 16 = timeS: Time, Elapsed [seconds]
# name 17 = scan: Scan Count
# name 18 = density00: Density [density, kg/m^3]
# name 19 = density11: Density, 2 [density, kg/m^3]
# name 20 = v3: Voltage 3
# name 21 = v4: Voltage 4
# name 22 = v5: Voltage 5
# name 23 = sal00: Salinity, Practical [PSU]
# name 24 = sal11: Salinity, Practical, 2 [PSU]
# name 25 = oxsolML/L: Oxygen Saturation, Garcia & Gordon [ml/l]
# name 26 = nbin: number of scans per bin
# name 27 = flag: flag
# span 0 =      2.000,    491.000       
# span 1 =      1.991,    485.349       
# span 2 =    -1.5435,     0.0255       
# span 3 =  27.056138,  28.802356       
# span 4 =    -1.5429,     0.0276       
# span 5 =  27.056220,  28.802240       
# span 6 =     4.7603,     8.7980       
# span 7 =     4.8989,     8.9320       
# span 8 =    -0.0171,    26.2564       
# span 9 =    75.0047,    98.6340       
# span 10 = 1.0000e-12, 8.8320e+01      
# span 11 =  -73.90059,  -73.89978      
# span 12 = -113.17424, -113.17383      
# span 13 =  39.684744,  39.693131      
# span 14 =       3.22,     100.10      
# span 15 = 2.2208e+02, 2.6232e+02      
# span 16 =    226.865,    951.516      
# span 17 =       5446,      22837      
# span 18 =  1027.1634,  1029.9207      
# span 19 =  1027.1632,  1029.9185      
# span 20 =     3.5586,     4.6791      
# span 21 =     0.0635,     4.0345      
# span 22 =     0.1133,     0.2679      
# span 23 =    33.7784,    34.3647      
# span 24 =    33.7769,    34.3622      
# span 25 =    8.04052,    8.40401      
# span 26 =          3,         48      
# span 27 = 0.0000e+00, 0.0000e+00      
# interval = decibars: 1                
# start_time = Feb 08 2022 16:22:15 [NMEA time, header]
# bad_flag = -9.990e-29
*END*
      2.000      1.991    -0.7337  27.508695    -0.7311  27.510204     8.7179     8.5697    18.0416    76.3782 8.8320e+01  -73.90059 -113.17383  39.684744      99.98 2.2208e+02    226.865       5446  1027.1634  1027.1632     3.6232     3.5857     0.2039    33.7803    33.7796    8.23645          3 0.0000e+00
      3.000      2.970    -0.7414  27.502824    -0.7378  27.505356     8.7713     8.5973    18.3598    76.8750 6.9446e+01  -73.90052 -113.17390  39.684973      99.99 2.2216e+02    246.677       5921  1027.1696  1027.1688     3.6474     3.1095     0.2301    33.7805    33.7799    8.23814         40 0.0000e+00
      4.000      3.959    -0.7343  27.507566    -0.7335  27.507129     8.7980     8.6364    19.2287    76.1782 4.9560e+01  -73.90052 -113.17391  39.685002      99.91 2.2212e+02    249.199       5982  1027.1722  1027.1709     3.6141     2.8190     0.2198    33.7784    33.7769    8.23672         35 0.0000e+00
      5.000      4.948    -0.7273  27.513968    -0.7254  27.515458     8.7741     8.6522    18.8194    76.4431 3.5821e+01  -73.90052 -113.17392  39.685025      99.90 2.2212e+02    251.164       6029  1027.1767  1027.1764     3.6268     2.9420     0.2094    33.7785    33.7784    8.23517         40 0.0000e+00
      6.000      5.938    -0.7313  27.513683    -0.7293  27.514554     8.7141     8.6788    19.0259    77.0350 2.6031e+01  -73.90051 -113.17392  39.685048      99.87 2.2212e+02    253.164       6077  1027.1847  1027.1837     3.6549     2.8567     0.2302    33.7820    33.7810    8.23584         48 0.0000e+00
      7.000      6.928    -0.7374  27.511477    -0.7359  27.511697     8.6968     8.7368    16.4094    77.3949 1.9188e+01  -73.90050 -113.17392  39.685073      88.67 2.2274e+02    255.271       6128  1027.1925  1027.1913     3.6717     2.8201     0.2098    33.7853    33.7839    8.23699         40 0.0000e+00
      8.000      7.918    -0.7407  27.509411    -0.7400  27.509444     8.6915     8.8003    18.7986    77.5965 1.4049e+01  -73.90048 -113.17393  39.685096      93.88 2.2394e+02    257.270       6175  1027.1977  1027.1970     3.6815     3.1227     0.2150    33.7855    33.7847    8.23769         40 0.0000e+00
      9.000      8.906    -0.7439  27.507116    -0.7425  27.507872     8.6837     8.8652    19.1831    77.0276 1.0348e+01  -73.90048 -113.17393  39.685119      99.89 2.2389e+02    259.246       6223  1027.2026  1027.2020     3.6541     2.8817     0.2344    33.7854    33.7848    8.23840         45 0.0000e+00
     10.000      9.897    -0.7497  27.502816    -0.7484  27.503430     8.6589     8.9090    17.9586    76.5877 8.0902e+00  -73.90048 -113.17394  39.685142      99.96 2.2389e+02    261.268       6271  1027.2078  1027.2072     3.6335     3.0452     0.2260    33.7855    33.7849    8.23967         42 0.0000e+00
     11.000     10.886    -0.7663  27.490684    -0.7638  27.492246     8.6259     8.9062    19.8299    77.3922 5.8868e+00  -73.90048 -113.17395  39.685164      99.97 2.2389e+02    263.211       6318  1027.2148  1027.2141     3.6718     2.9022     0.2486    33.7870    33.7863    8.24320         41 0.0000e+00
     12.000     11.875    -0.7786  27.482140    -0.7755  27.483856     8.5781     8.8780    19.2266    77.1680 4.4038e+00  -73.90047 -113.17395  39.685186      99.92 2.2389e+02    265.063       6363  1027.2216  1027.2205     3.6612     3.1267     0.2199    33.7887    33.7875    8.24580         42 0.0000e+00
     13.000     12.865    -0.8051  27.462870    -0.8069  27.461400     8.5687     8.8739    21.7320    77.3937 3.4959e+00  -73.90046 -113.17395  39.685208      99.91 2.2410e+02    266.960       6408  1027.2303  1027.2304     3.6718     3.1199     0.2426    33.7916    33.7916    8.25143         44 0.0000e+00
     14.000     13.855    -0.8108  27.459711    -0.8095  27.460414     8.5842     8.8885    20.8049    78.1972 2.6219e+00  -73.90046 -113.17396  39.685232      99.92 2.2463e+02    269.032       6458  1027.2363  1027.2358     3.7098     3.0150     0.2235    33.7931    33.7925    8.25259         43 0.0000e+00
     15.000     14.845    -0.7959  27.474578    -0.7970  27.472674     8.6102     8.9069    19.6188    76.1363 1.9895e+00  -73.90046 -113.17396  39.685254      99.55 2.2544e+02    270.918       6503  1027.2421  1027.2412     3.6128     3.4275     0.2370    33.7959    33.7946    8.24916         41 0.0000e+00
     16.000     15.835    -0.7896  27.480562    -0.7904  27.479300     8.6273     8.9190    18.7840    77.4128 1.5580e+00  -73.90046 -113.17396  39.685275      99.94 2.2565e+02    272.764       6547  1027.2468  1027.2462     3.6720     2.8482     0.2280    33.7963    33.7955    8.24776         33 0.0000e+00
     17.000     16.823    -0.7828  27.486962    -0.7832  27.485820     8.6261     8.9145    19.6326    76.5375 1.2099e+00  -73.90046 -113.17397  39.685299      99.95 2.2565e+02    274.850       6597  1027.2515  1027.2506     3.6313     2.9434     0.2241    33.7968    33.7957    8.24625         42 0.0000e+00
     18.000     17.813    -0.7804  27.490401    -0.7797  27.490509     8.6082     8.9104    21.4473    76.3240 9.1887e-01  -73.90046 -113.17398  39.685321      99.95 2.2565e+02    276.771       6644  1027.2572  1027.2566     3.6211     3.3758     0.2371    33.7981    33.7974    8.24564         37 0.0000e+00
     19.000     18.803    -0.7841  27.487925    -0.7844  27.487283     8.5996     8.9123    22.0483    76.8614 7.1721e-01  -73.90044 -113.17396  39.685342      99.98 2.2570e+02    278.530       6686  1027.2624  1027.2619     3.6466     3.2297     0.2349    33.7983    33.7977    8.24643         38 0.0000e+00
     20.000     19.791    -0.7935  27.481544    -0.7935  27.480804     8.5967     8.9136    23.6553    76.9412 5.5540e-01  -73.90044 -113.17396  39.685365      99.92 2.2581e+02    280.571       6735  1027.2688  1027.2681     3.6505     3.0390     0.2168    33.7996    33.7986    8.24842         45 0.0000e+00
     21.000     20.782    -0.7935  27.482172    -0.7919  27.482919     8.5972     8.9153    23.5663    76.3323 4.2243e-01  -73.90044 -113.17396  39.685388      99.90 2.2715e+02    282.550       6782  1027.2738  1027.2730     3.6217     3.6849     0.2437    33.7998    33.7990    8.24841         36 0.0000e+00
     22.000     21.771    -0.7939  27.482295    -0.7938  27.481699     8.5991     8.9141    24.2287    77.7432 3.2135e-01  -73.90044 -113.17396  39.685408      99.92 2.2741e+02    284.261       6823  1027.2786  1027.2777     3.6884     3.9537     0.2452    33.7998    33.7988    8.24850         38 0.0000e+00
     23.000     22.761    -0.7962  27.480823    -0.7962  27.480276     8.6018     8.9195    22.2678    78.0121 2.4452e-01  -73.90044 -113.17396  39.685426      99.97 2.2741e+02    285.812       6860  1027.2835  1027.2828     3.7012     4.0345     0.2354    33.7998    33.7990    8.24901         37 0.0000e+00
     24.000     23.750    -0.7952  27.482208    -0.7927  27.483330     8.6046     8.9275    24.4245    75.6933 1.8255e-01  -73.90043 -113.17396  39.685445      99.98 2.2741e+02    287.426       6899  1027.2882  1027.2870     3.5912     3.6889     0.2400    33.7999    33.7986    8.24877         38 0.0000e+00
     25.000     24.742    -0.7932  27.484257    -0.7929  27.483605     8.6029     8.9320    21.4185    76.5130 1.3548e-01  -73.90042 -113.17396  39.685463      99.97 2.2741e+02    289.009       6937  1027.2928  1027.2917     3.6302     3.8717     0.2299    33.7998    33.7985    8.24833         32 0.0000e+00
     26.000     25.731    -0.7951  27.483094    -0.7951  27.482434     8.5950     8.9250    21.5925    77.2154 9.7614e-02  -73.90042 -113.17396  39.685480      99.97 2.2741e+02    290.511       6973  1027.2976  1027.2969     3.6632     3.9495     0.2438    33.7997    33.7988    8.24875         33 0.0000e+00
     27.000     26.718    -0.7987  27.480554    -0.7972  27.481154     8.5819     8.9084    24.1367    75.7610 6.5788e-02  -73.90042 -113.17395  39.685497      99.98 2.2855e+02    291.979       7008  1027.3026  1027.3018     3.5946     3.3547     0.2285    33.7997    33.7988    8.24955         36 0.0000e+00
     28.000     27.709    -0.8013  27.479781    -0.8005  27.479878     8.5641     8.8925    22.8181    76.9483 4.1266e-02  -73.90042 -113.17394  39.685516      99.97 2.2854e+02    293.578       7047  1027.3086  1027.3080     3.6507     3.4795     0.2332    33.8010    33.8003    8.25005         42 0.0000e+00
     29.000     28.699    -0.8034  27.478891    -0.8032  27.478356     8.5584     8.8824    25.6820    76.3613 2.3337e-02  -73.90042 -113.17394  39.685536      99.98 2.2777e+02    295.292       7088  1027.3139  1027.3131     3.6230     3.3143     0.2213    33.8015    33.8006    8.25048         38 0.0000e+00
     30.000     29.688    -0.8053  27.477723    -0.8038  27.478537     8.5594     8.8806    20.9782    76.2868 7.5598e-03  -73.90040 -113.17394  39.685553      99.74 2.2882e+02    296.787       7124  1027.3187  1027.3182     3.6194     3.4614     0.2650    33.8015    33.8009    8.25089         34 0.0000e+00
     31.000     30.677    -0.8084  27.475817    -0.8082  27.475412     8.5362     8.8795    26.2564    76.0332 1.0164e-04  -73.90040 -113.17394  39.685569      99.98 2.2900e+02    298.128       7156  1027.3240  1027.3233     3.6077     3.2017     0.2357    33.8018    33.8010    8.25156         32 0.0000e+00
     32.000     31.667    -0.8134  27.471141    -0.8129  27.470932     8.5326     8.8805    20.9616    77.7142 1.0000e-12  -73.90040 -113.17394  39.685585      99.98 2.2865e+02    299.533       7190  1027.3279  1027.3272     3.6867     3.3229     0.1983    33.8004    33.7996    8.25273         35 0.0000e+00
     33.000     32.657    -0.8180  27.467566    -0.8169  27.468128     8.5362     8.8717    22.1359    76.6821 1.0000e-12  -73.90040 -113.17394  39.685604      99.98 2.2918e+02    301.201       7230  1027.3327  1027.3322     3.6377     3.3781     0.2369    33.8001    33.7996    8.25376         42 0.0000e+00
     34.000     33.645    -0.8167  27.469256    -0.8148  27.470277     8.5493     8.8834    19.2196    75.9726 1.0000e-12  -73.90038 -113.17394  39.685624      99.99 2.2917e+02    302.888       7270  1027.3375  1027.3368     3.6045     3.1637     0.2679    33.8003    33.7996    8.25346         37 0.0000e+00
     35.000     34.637    -0.8152  27.470838    -0.8130  27.472396     8.5649     8.8860    20.2784    76.6269 1.0000e-12  -73.90038 -113.17394  39.685640      99.99 2.2917e+02    304.308       7304  1027.3420  1027.3416     3.6355     3.1299     0.2412    33.8001    33.7998    8.25314         33 0.0000e+00
     36.000     35.624    -0.8120  27.474291    -0.8124  27.473479     8.5781     8.8952    20.1970    76.9766 1.0000e-12  -73.90037 -113.17394  39.685658      99.96 2.2917e+02    305.834       7341  1027.3470  1027.3465     3.6521     3.1233     0.1876    33.8007    33.8000    8.25242         35 0.0000e+00
     37.000     36.613    -0.8111  27.475884    -0.8105  27.475703     8.5676     8.8920    19.2984    76.1543 1.0000e-12  -73.90036 -113.17396  39.685680      99.98 2.2917e+02    307.788       7388  1027.3521  1027.3513     3.6129     3.2451     0.2169    33.8012    33.8002    8.25219         35 0.0000e+00
     38.000     37.604    -0.8161  27.472043    -0.8144  27.473042     8.4898     8.8269    21.7720    76.5261 1.0000e-12  -73.90036 -113.17396  39.685700      94.93 2.2922e+02    309.521       7429  1027.3570  1027.3565     3.6307     3.5225     0.2419    33.8009    33.8004    8.25329         37 0.0000e+00
     39.000     38.593    -0.8485  27.446131    -0.8392  27.453829     8.3911     8.7162    20.1832    75.9405 1.0000e-12  -73.90036 -113.17396  39.685717      99.92 2.2938e+02    310.965       7464  1027.3645  1027.3639     3.6030     3.5292     0.2115    33.8015    33.8015    8.26037         34 0.0000e+00
     40.000     39.583    -0.9280  27.387837    -0.9264  27.389041     8.0787     8.3815    22.4183    75.0047 1.0000e-12  -73.90035 -113.17396  39.685735      99.98 2.3035e+02    312.495       7501  1027.3819  1027.3818     3.5586     3.4925     0.2513    33.8110    33.8109    8.27728         39 0.0000e+00
     41.000     40.572    -0.9925  27.336548    -0.9900  27.341492     7.2509     7.6978    24.0382    75.1762 1.0000e-12  -73.90034 -113.17396  39.685754      99.98 2.2919e+02    314.145       7540  1027.3921  1027.3950     3.5662     3.5901     0.2570    33.8132    33.8170    8.29142         34 0.0000e+00
     42.000     41.561    -1.2302  27.160704    -1.2307  27.161260     6.9637     7.3980    24.9125    75.9757 1.0000e-12  -73.90034 -113.17396  39.685772      99.96 2.3018e+02    315.676       7577  1027.4328  1027.4341     3.6046     3.3734     0.2252    33.8403    33.8417    8.34255         34 0.0000e+00
     43.000     42.552    -1.2428  27.152616    -1.2428  27.152562     6.9922     7.3696    16.9328    77.0301 1.0000e-12  -73.90034 -113.17396  39.685788      99.71 2.3116e+02    317.058       7610  1027.4388  1027.4388     3.6546     2.4420     0.2329    33.8429    33.8427    8.34523         33 0.0000e+00
     44.000     43.541    -1.2441  27.152608    -1.2436  27.152935     7.0540     7.3783    18.5565    78.1134 1.0000e-12  -73.90032 -113.17397  39.685804      99.76 2.3094e+02    318.444       7644  1027.4429  1027.4429     3.7060     2.6149     0.2057    33.8437    33.8436    8.34547         35 0.0000e+00
     45.000     44.530    -1.2421  27.156217    -1.2414  27.156606     7.1096     7.4003    20.2314    79.0051 1.0000e-12  -73.90032 -113.17397  39.685822      99.87 2.3094e+02    320.007       7681  1027.4480  1027.4477     3.7482     2.6854     0.1924    33.8458    33.8455    8.34490         41 0.0000e+00
     46.000     45.520    -1.2427  27.157094    -1.2418  27.157529     7.1634     7.4274    17.1965    80.9666 1.0000e-12  -73.90032 -113.17398  39.685842      99.32 2.3117e+02    321.784       7724  1027.4527  1027.4523     3.8413     2.4534     0.1944    33.8471    33.8466    8.34497         38 0.0000e+00
     47.000     46.509    -1.2294  27.168880    -1.2342  27.164672     7.1910     7.4413    15.7543    82.3806 1.0000e-12  -73.90032 -113.17398  39.685861      96.60 2.3115e+02    323.411       7763  1027.4561  1027.4562     3.9083     2.2930     0.2036    33.8475    33.8472    8.34196         34 0.0000e+00
     48.000     47.498    -1.2317  27.167129    -1.2323  27.166615     7.1836     7.4403    14.7252    81.5578 1.0000e-12  -73.90032 -113.17398  39.685878      99.68 2.3190e+02    324.879       7798  1027.4603  1027.4603     3.8693     2.5686     0.2080    33.8471    33.8471    8.34250         35 0.0000e+00
     49.000     48.488    -1.2338  27.166112    -1.2343  27.165839     7.1862     7.4429    16.7070    81.4664 1.0000e-12  -73.90030 -113.17399  39.685897      99.49 2.3171e+02    326.462       7836  1027.4650  1027.4651     3.8649     2.1082     0.1927    33.8475    33.8476    8.34295         39 0.0000e+00
     50.000     49.478    -1.2364  27.164861    -1.2350  27.165787     7.2270     7.4789    12.4203    81.7233 1.0000e-12  -73.90030 -113.17399  39.685916      99.62 2.3135e+02    328.121       7876  1027.4700  1027.4696     3.8772     2.5198     0.1995    33.8481    33.8477    8.34349         38 0.0000e+00
     51.000     50.466    -1.2145  27.184372    -1.2135  27.184725     7.2634     7.5138    14.4468    80.2386 1.0000e-12  -73.90030 -113.17399  39.685933      99.35 2.3160e+02    329.601       7911  1027.4743  1027.4737     3.8068     1.8689     0.1975    33.8495    33.8488    8.33853         32 0.0000e+00
     52.000     51.456    -1.2039  27.193408    -1.2036  27.193442     7.2662     7.5148    14.0476    82.1926 1.0000e-12  -73.90030 -113.17399  39.685949      99.42 2.3218e+02    330.994       7945  1027.4781  1027.4778     3.8997     2.0401     0.2115    33.8492    33.8488    8.33617         31 0.0000e+00
