ocean_section_plots/required_files/ctd/dnbp2202_ctd274.cnv
* Sea-Bird SBE 9 Data File:
* FileName = D:\Data\raw\NBP2202_CTD274.hex
* Software Version Seasave V 7.26.7.121
* Temperature SN = 1649
* Conductivity SN = 2513
* Number of Bytes Per Scan = 40
* Number of Voltage Words = 5
* Number of Scans Averaged by the Deck Unit = 1
* NMEA Latitude = 73 57.36 S
* NMEA Longitude = 116 14.32 W
* NMEA UTC (Time) = Feb 21 2022  02:48:53
* NMEA baud rate = 9600
** Ship: RVIB N.B. Palmer
** Cruise: NBP2202 Thwaites
** Station: 176
** Operator: A. Robinson
# nquan = 28
# nvalues = 655                         
# units = specified
# name 0 = prDM: Pressure, Digiquartz [db]
# name 1 = depSM: Depth [salt water, m]
# name 2 = t090C: Temperature [ITS-90, deg C]
# name 3 = c0mS/cm: Conductivity [mS/cm]
# name 4 = t190C: Temperature, 2 [ITS-90, deg C]
# name 5 = c1mS/cm: Conductivity, 2 [mS/cm]
# name 6 = sbeox0ML/L: Oxygen, SBE 43 [ml/l]
# name 7 = sbeox1ML/L: Oxygen, SBE 43, 2 [ml/l]
# name 8 = flECO-AFL: Fluorescence, WET Labs ECO-AFL/FL [mg/m^3]
# name 9 = CStarTr0: Beam Transmission, WET Labs C-Star [%]
# name 10 = par: PAR/Irradiance, Biospherical/Licor
# name 11 = latitude: Latitude [deg]
# name 12 = longitude: Longitude [deg]
# name 13 = timeJ: Julian Days
# name 14 = altM: Altimeter [m]
# name 15 = spar: SPAR, Biospherical/Licor
# name 16 = timeS: Time, Elapsed [seconds]
# name 17 = scan: Scan Count
# name 18 = density00: Density [density, kg/m^3]
# name 19 = density11: Density, 2 [density, kg/m^3]
# name 20 = v3: Voltage 3
# name 21 = v4: Voltage 4
# name 22 = v5: Voltage 5
# name 23 = sal00: Salinity, Practical [PSU]
# name 24 = sal11: Salinity, Practical, 2 [PSU]
# name 25 = oxsolML/L: Oxygen Saturation, Garcia & Gordon [ml/l]
# name 26 = nbin: number of scans per bin
# name 27 = flag: flag
# span 0 =      2.000,    656.000       
# span 1 =      1.982,    648.190       
# span 2 =    -1.8706,    -0.0064       
# span 3 =  26.859803,  28.904427       
# span 4 =    -1.8703,    -0.0087       
# span 5 =  26.860338,  28.899942       
# span 6 =     4.9141,     9.0808       
# span 7 =     5.0479,     9.3881       
# span 8 =    -0.0150,    10.6335       
# span 9 =    87.7888,    98.7329       
# span 10 = 1.0000e-12, 4.2437e+01      
# span 11 =  -73.95602,  -73.95602      
# span 12 = -116.23876, -116.23872      
# span 13 =  52.119773,  52.129272      
# span 14 =       3.41,     100.34      
# span 15 = 7.4572e+01, 9.8502e+01      
# span 16 =    215.426,   1036.116      
# span 17 =       5171,      24868      
# span 18 =  1027.1707,  1030.7583      
# span 19 =  1027.1721,  1030.7558      
# span 20 =     4.1653,     4.6837      
# span 21 =     0.0643,     1.8136      
# span 22 =     0.1061,     0.2431      
# span 23 =    33.7936,    34.4379      
# span 24 =    33.7953,    34.4345      
# span 25 =    8.04309,    8.47504      
# span 26 =         21,         48      
# span 27 = 0.0000e+00, 0.0000e+00      
# interval = decibars: 1                
# start_time = Feb 21 2022 02:48:53 [NMEA time, header]
# bad_flag = -9.990e-29
*END*
[from data line 363]
    365.000    360.908    -1.7830  27.039407    -1.7824  27.039684     6.5356     6.7199     0.0334    98.4928 1.0000e-12  -73.95602 -116.23874  52.125016      74.28 9.0283e+01    668.393      16042  1029.2035  1029.2031     4.6723     0.0757     0.1098    34.1005    34.1001    8.45187         25 0.0000e+00
    366.000    361.896    -1.7836  27.039931    -1.7828  27.040243     6.5497     6.7228     0.0314    98.4798 1.0000e-12  -73.95602 -116.23874  52.125028      85.58 9.2003e+01    669.418      16067  1029.2088  1029.2084     4.6718     0.0764     0.1152    34.1011    34.1007    8.45194         24 0.0000e+00
    367.000    362.884    -1.7837  27.040515    -1.7828  27.040884     6.5481     6.7303     0.0368    98.4732 1.0000e-12  -73.95602 -116.23874  52.125040      97.14 9.0403e+01    670.457      16092  1029.2139  1029.2134     4.6714     0.0778     0.1091    34.1014    34.1010    8.45195         25 0.0000e+00
    368.000    363.871    -1.7836  27.041182    -1.7828  27.041520     6.5464     6.7395     0.0402    98.4734 1.0000e-12  -73.95602 -116.23874  52.125053      99.97 9.0726e+01    671.538      16118  1029.2188  1029.2184     4.6714     0.0787     0.1096    34.1017    34.1012    8.45193         26 0.0000e+00
    369.000    364.860    -1.7834  27.042045    -1.7827  27.042364     6.5443     6.7388     0.0493    98.4633 1.0000e-12  -73.95602 -116.23874  52.125065      99.92 9.0309e+01    672.617      16144  1029.2239  1029.2235     4.6709     0.0799     0.1124    34.1021    34.1017    8.45186         26 0.0000e+00
    370.000    365.847    -1.7836  27.042935    -1.7829  27.043174     6.5545     6.7439     0.0448    98.4721 1.0000e-12  -73.95602 -116.23874  52.125077      99.92 9.0644e+01    673.653      16169  1029.2293  1029.2290     4.6714     0.0779     0.1114    34.1028    34.1024    8.45184         24 0.0000e+00
    371.000    366.836    -1.7839  27.043388    -1.7830  27.043664     6.5566     6.7416     0.0492    98.4795 1.0000e-12  -73.95602 -116.23874  52.125089      99.91 8.9256e+01    674.679      16193  1029.2344  1029.2339     4.6718     0.0784     0.1109    34.1032    34.1026    8.45189         25 0.0000e+00
    372.000    367.820    -1.7838  27.043904    -1.7831  27.044251     6.5563     6.7383     0.0377    98.4754 1.0000e-12  -73.95602 -116.23874  52.125101      99.92 9.1660e+01    675.725      16218  1029.2392  1029.2389     4.6715     0.0797     0.1118    34.1032    34.1029    8.45188         26 0.0000e+00
    373.000    368.814    -1.7838  27.044732    -1.7830  27.045086     6.5579     6.7405     0.0509    98.4592 1.0000e-12  -73.95602 -116.23874  52.125113      99.91 9.0788e+01    676.771      16244  1029.2444  1029.2440     4.6707     0.0795     0.1093    34.1038    34.1033    8.45185         24 0.0000e+00
    374.000    369.799    -1.7837  27.045475    -1.7829  27.045798     6.5530     6.7458     0.0515    98.4452 1.0000e-12  -73.95602 -116.23874  52.125125      99.92 9.1683e+01    677.806      16268  1029.2494  1029.2490     4.6701     0.0800     0.1103    34.1040    34.1035    8.45180         25 0.0000e+00
    375.000    370.787    -1.7834  27.046769    -1.7826  27.047089     6.5635     6.7525     0.0509    98.4486 1.0000e-12  -73.95602 -116.23874  52.125137      99.91 9.1602e+01    678.851      16293  1029.2548  1029.2544     4.6702     0.0795     0.1096    34.1048    34.1043    8.45168         26 0.0000e+00
    376.000    371.775    -1.7818  27.049842    -1.7809  27.050238     6.5750     6.7516     0.0509    98.4337 1.0000e-12  -73.95602 -116.23874  52.125150      99.92 9.0379e+01    679.940      16320  1029.2610  1029.2606     4.6695     0.0802     0.1127    34.1067    34.1062    8.45121         26 0.0000e+00
    377.000    372.762    -1.7812  27.051047    -1.7804  27.051398     6.5708     6.7474     0.0582    98.4367 1.0000e-12  -73.95602 -116.23874  52.125162      99.92 9.0787e+01    681.018      16345  1029.2661  1029.2656     4.6696     0.0832     0.1112    34.1070    34.1065    8.45105         26 0.0000e+00
    378.000    373.749    -1.7804  27.052545    -1.7797  27.052778     6.5565     6.7472     0.0679    98.4131 1.0000e-12  -73.95602 -116.23874  52.125174      99.92 9.1082e+01    682.060      16370  1029.2712  1029.2707     4.6685     0.0827     0.1120    34.1076    34.1070    8.45084         24 0.0000e+00
    379.000    374.739    -1.7794  27.054531    -1.7785  27.054789     6.5588     6.7485     0.0693    98.4196 1.0000e-12  -73.95602 -116.23874  52.125186      99.92 9.0193e+01    683.079      16395  1029.2768  1029.2761     4.6689     0.0818     0.1160    34.1086    34.1079    8.45055         25 0.0000e+00
    380.000    375.726    -1.7773  27.057386    -1.7762  27.057828     6.5442     6.7448     0.0692    98.3086 1.0000e-12  -73.95602 -116.23874  52.125198      99.92 9.0127e+01    684.107      16420  1029.2821  1029.2816     4.6636     0.0810     0.1108    34.1095    34.1089    8.45001         24 0.0000e+00
    381.000    376.713    -1.7763  27.059005    -1.7754  27.059344     6.5499     6.7433     0.0624    98.3417 1.0000e-12  -73.95602 -116.23874  52.125210      99.91 9.0995e+01    685.150      16445  1029.2873  1029.2868     4.6652     0.0820     0.1103    34.1100    34.1094    8.44976         26 0.0000e+00
    382.000    377.702    -1.7745  27.061430    -1.7737  27.061627     6.5459     6.7334     0.0594    98.3853 1.0000e-12  -73.95602 -116.23874  52.125222      99.92 9.0476e+01    686.198      16470  1029.2925  1029.2920     4.6672     0.0828     0.1117    34.1107    34.1101    8.44930         25 0.0000e+00
    383.000    378.690    -1.7725  27.064279    -1.7715  27.064685     6.5464     6.7336     0.0668    98.3815 1.0000e-12  -73.95602 -116.23874  52.125234      99.92 9.0400e+01    687.257      16495  1029.2980  1029.2975     4.6670     0.0845     0.1093    34.1117    34.1111    8.44878         25 0.0000e+00
    384.000    379.678    -1.7679  27.069835    -1.7667  27.070292     6.5409     6.7213     0.0764    98.3672 1.0000e-12  -73.95602 -116.23874  52.125247      99.91 9.1272e+01    688.323      16521  1029.3040  1029.3035     4.6664     0.0837     0.1099    34.1135    34.1128    8.44762         26 0.0000e+00
    385.000    380.665    -1.7646  27.074026    -1.7638  27.074224     6.5325     6.7178     0.0729    98.3703 1.0000e-12  -73.95602 -116.23874  52.125259      99.92 8.8708e+01    689.387      16546  1029.3098  1029.3093     4.6665     0.0846     0.1097    34.1149    34.1143    8.44678         26 0.0000e+00
    386.000    381.654    -1.7645  27.075095    -1.7635  27.075315     6.5512     6.7160     0.0714    98.3521 1.0000e-12  -73.95602 -116.23874  52.125271      99.92 9.0228e+01    690.437      16571  1029.3152  1029.3145     4.6656     0.0838     0.1105    34.1157    34.1148    8.44671         25 0.0000e+00
    387.000    382.640    -1.7635  27.076559    -1.7625  27.076938     6.5258     6.7124     0.0769    98.3540 1.0000e-12  -73.95602 -116.23874  52.125283      99.92 9.0716e+01    691.482      16597  1029.3202  1029.3196     4.6657     0.0846     0.1074    34.1160    34.1153    8.44648         24 0.0000e+00
    388.000    383.629    -1.7621  27.078628    -1.7611  27.078950     6.5397     6.7234     0.0865    98.3067 1.0000e-12  -73.95602 -116.23874  52.125295      99.92 9.1398e+01    692.515      16621  1029.3254  1029.3249     4.6635     0.0860     0.1117    34.1166    34.1160    8.44611         25 0.0000e+00
    389.000    384.616    -1.7619  27.079237    -1.7611  27.079560     6.5252     6.7165     0.0948    98.3290 1.0000e-12  -73.95602 -116.23874  52.125307      99.92 9.0262e+01    693.539      16646  1029.3303  1029.3298     4.6645     0.0873     0.1116    34.1166    34.1161    8.44607         25 0.0000e+00
    390.000    385.605    -1.7599  27.082152    -1.7589  27.082443     6.5290     6.7105     0.0923    98.3288 1.0000e-12  -73.95602 -116.23874  52.125319      99.92 9.1716e+01    694.588      16671  1029.3358  1029.3352     4.6646     0.0857     0.1102    34.1177    34.1170    8.44554         26 0.0000e+00
    391.000    386.593    -1.7564  27.086458    -1.7555  27.086686     6.5301     6.7110     0.0919    98.2925 1.0000e-12  -73.95602 -116.23874  52.125332      97.49 9.0976e+01    695.651      16697  1029.3416  1029.3410     4.6628     0.0863     0.1110    34.1191    34.1184    8.44466         25 0.0000e+00
    392.000    387.579    -1.7552  27.088284    -1.7543  27.088534     6.5213     6.7046     0.1041    98.3098 1.0000e-12  -73.95602 -116.23874  52.125344      98.30 9.0182e+01    696.724      16722  1029.3467  1029.3462     4.6636     0.0876     0.1109    34.1196    34.1190    8.44435         26 0.0000e+00
    393.000    388.567    -1.7533  27.090862    -1.7524  27.091284     6.5233     6.7001     0.1077    98.2940 1.0000e-12  -73.95602 -116.23874  52.125356      99.91 8.9556e+01    697.790      16748  1029.3521  1029.3516     4.6629     0.0875     0.1097    34.1204    34.1199    8.44388         25 0.0000e+00
    394.000    389.556    -1.7524  27.092371    -1.7513  27.092816     6.5264     6.7003     0.1036    98.2867 1.0000e-12  -73.95602 -116.23874  52.125369      99.91 9.1628e+01    698.848      16773  1029.3572  1029.3567     4.6626     0.0934     0.1096    34.1208    34.1202    8.44365         25 0.0000e+00
    395.000    390.543    -1.7506  27.095009    -1.7495  27.095438     6.5158     6.6978     0.1116    98.2931 1.0000e-12  -73.95602 -116.23874  52.125381      99.92 8.8101e+01    699.888      16798  1029.3627  1029.3621     4.6628     0.0914     0.1097    34.1219    34.1212    8.44318         25 0.0000e+00
    396.000    391.531    -1.7480  27.098296    -1.7471  27.098498     6.5105     6.6943     0.1233    98.2701 1.0000e-12  -73.95602 -116.23874  52.125393      99.91 8.9354e+01    700.927      16823  1029.3681  1029.3675     4.6618     0.0894     0.1115    34.1228    34.1220    8.44253         25 0.0000e+00
    397.000    392.519    -1.7472  27.099795    -1.7464  27.099866     6.5342     6.6933     0.1094    98.2434 1.0000e-12  -73.95602 -116.23874  52.125405      99.92 9.1118e+01    701.966      16848  1029.3733  1029.3727     4.6606     0.0901     0.1111    34.1233    34.1225    8.44231         25 0.0000e+00
    398.000    393.506    -1.7461  27.101533    -1.7450  27.101916     6.5124     6.6945     0.1098    98.2495 1.0000e-12  -73.95602 -116.23874  52.125417      99.92 8.9574e+01    703.016      16873  1029.3785  1029.3779     4.6608     0.0893     0.1111    34.1239    34.1231    8.44203         26 0.0000e+00
    399.000    394.494    -1.7446  27.103685    -1.7437  27.103996     6.5066     6.6984     0.1098    98.2662 1.0000e-12  -73.95602 -116.23874  52.125429      99.92 8.9762e+01    704.072      16899  1029.3838  1029.3833     4.6616     0.0880     0.1088    34.1245    34.1239    8.44165         24 0.0000e+00
    400.000    395.482    -1.7449  27.104105    -1.7439  27.104365     6.5050     6.6936     0.1098    98.2609 1.0000e-12  -73.95602 -116.23874  52.125441      99.92 9.1928e+01    705.106      16924  1029.3888  1029.3882     4.6614     0.0891     0.1091    34.1248    34.1241    8.44170         25 0.0000e+00
    401.000    396.470    -1.7446  27.105174    -1.7435  27.105438     6.5033     6.6947     0.1030    98.2559 1.0000e-12  -73.95602 -116.23874  52.125453      99.92 9.1031e+01    706.131      16948  1029.3940  1029.3933     4.6611     0.0887     0.1091    34.1253    34.1245    8.44159         25 0.0000e+00
    402.000    397.457    -1.7450  27.105640    -1.7440  27.105875     6.5027     6.6985     0.1206    98.1632 1.0000e-12  -73.95602 -116.23874  52.125465      99.91 9.1881e+01    707.166      16973  1029.3993  1029.3987     4.6567     0.0907     0.1111    34.1258    34.1250    8.44166         25 0.0000e+00
    403.000    398.446    -1.7459  27.105659    -1.7449  27.105860     6.5057     6.7019     0.1185    98.2400 1.0000e-12  -73.95602 -116.23874  52.125477      99.92 9.1242e+01    708.217      16998  1029.4045  1029.4038     4.6604     0.0911     0.1106    34.1262    34.1254    8.44184         25 0.0000e+00
    404.000    399.433    -1.7476  27.104917    -1.7466  27.105276     6.5161     6.6991     0.1168    98.2555 1.0000e-12  -73.95602 -116.23874  52.125489      99.92 8.9705e+01    709.270      17023  1029.4097  1029.4091     4.6610     0.0892     0.1106    34.1266    34.1258    8.44221         26 0.0000e+00
    405.000    400.421    -1.7481  27.105233    -1.7470  27.105529     6.5145     6.6915     0.1168    98.2782 1.0000e-12  -73.95602 -116.23874  52.125502      99.91 8.8485e+01    710.353      17049  1029.4148  1029.4141     4.6622     0.0863     0.1105    34.1269    34.1261    8.44230         26 0.0000e+00
    406.000    401.408    -1.7483  27.105614    -1.7473  27.105914     6.5112     6.6898     0.1064    98.2693 1.0000e-12  -73.95602 -116.23874  52.125514      99.92 8.8754e+01    711.438      17076  1029.4196  1029.4190     4.6618     0.0878     0.1133    34.1270    34.1263    8.44233         26 0.0000e+00
    407.000    402.397    -1.7484  27.106463    -1.7472  27.106897     6.5087     6.6980     0.1022    98.2948 1.0000e-12  -73.95602 -116.23874  52.125526      99.92 9.0115e+01    712.469      17100  1029.4250  1029.4244     4.6629     0.0878     0.1071    34.1277    34.1270    8.44232         24 0.0000e+00
    408.000    403.383    -1.7476  27.107850    -1.7465  27.108171     6.5035     6.6963     0.0979    98.2843 1.0000e-12  -73.95602 -116.23874  52.125538      99.92 8.9173e+01    713.479      17124  1029.4301  1029.4294     4.6625     0.0861     0.1075    34.1281    34.1273    8.44211         24 0.0000e+00
    409.000    404.372    -1.7471  27.108832    -1.7461  27.109213     6.5088     6.6991     0.0986    98.2920 1.0000e-12  -73.95602 -116.23874  52.125550      99.92 9.0687e+01    714.503      17149  1029.4350  1029.4344     4.6628     0.0861     0.1095    34.1283    34.1277    8.44199         25 0.0000e+00
    410.000    405.359    -1.7462  27.110384    -1.7451  27.110774     6.5074     6.6989     0.0988    98.2901 1.0000e-12  -73.95602 -116.23874  52.125562      99.92 9.0924e+01    715.563      17175  1029.4401  1029.4395     4.6627     0.0880     0.1098    34.1288    34.1281    8.44175         26 0.0000e+00
    411.000    406.346    -1.7456  27.111405    -1.7446  27.111803     6.5119     6.6936     0.0984    98.3027 1.0000e-12  -73.95602 -116.23874  52.125575      99.91 8.9192e+01    716.665      17201  1029.4450  1029.4444     4.6633     0.0865     0.1126    34.1289    34.1283    8.44161         27 0.0000e+00
    412.000    407.336    -1.7438  27.113860    -1.7430  27.113989     6.5074     6.6819     0.1022    98.2510 1.0000e-12  -73.95602 -116.23874  52.125587      99.92 8.8921e+01    717.746      17227  1029.4503  1029.4496     4.6608     0.0888     0.1078    34.1297    34.1289    8.44117         25 0.0000e+00
    413.000    408.322    -1.7427  27.115755    -1.7418  27.115938     6.5051     6.6829     0.1079    98.1133 1.0000e-12  -73.95602 -116.23874  52.125599      99.92 9.0185e+01    718.758      17251  1029.4555  1029.4548     4.6543     0.0898     0.1093    34.1303    34.1295    8.44086         24 0.0000e+00
    414.000    409.310    -1.7412  27.118169    -1.7403  27.118505     6.4998     6.6781     0.1187    98.2372 1.0000e-12  -73.95602 -116.23874  52.125610      99.91 9.0990e+01    719.747      17275  1029.4611  1029.4605     4.6603     0.0899     0.1091    34.1314    34.1308    8.44047         24 0.0000e+00
    415.000    410.298    -1.7399  27.120420    -1.7389  27.120757     6.5010     6.6859     0.1246    98.3196 1.0000e-12  -73.95602 -116.23874  52.125623      77.76 8.9456e+01    720.797      17300  1029.4666  1029.4660     4.6641     0.0880     0.1102    34.1324    34.1317    8.44010         26 0.0000e+00
