ocean_section_plots/required_files/ctd/dnbp2202_ctd169.cnv
* Sea-Bird SBE 9 Data File:
* FileName = D:\Data\raw\NBP2202_CTD169.hex
* Software Version Seasave V 7.26.7.121
* Temperature SN = 1649
* Conductivity SN = 2513
* Number of Bytes Per Scan = 40
* Number of Voltage Words = 5
* Number of Scans Averaged by the Deck Unit = 1
* NMEA Latitude = 74 23.16 S
* NMEA Longitude = 110 05.45 W
* NMEA UTC (Time) = Feb 03 2022  08:44:59
* NMEA baud rate = 9600
** Ship: RVIB N.B. Palmer
** Cruise: NBP2202 Thwaites
** Station: 91
** Operator: B Bjork
# nquan = 28
# nvalues = 892                         
# units = specified
# name 0 = prDM: Pressure, Digiquartz [db]
# name 1 = depSM: Depth [salt water, m]
# name 2 = t090C: Temperature [ITS-90, deg C]
# name 3 = c0mS/cm: Conductivity [mS/cm]
# name 4 = t190C: Temperature, 2 [ITS-90, deg C]
# name 5 = c1mS/cm: Conductivity, 2 [mS/cm]
# name 6 = sbeox0ML/L: Oxygen, SBE 43 [ml/l]
# name 7 = sbeox1ML/L: Oxygen, SBE 43, 2 [ml/l]
# name 8 = flECO-AFL: Fluorescence, WET Labs ECO-AFL/FL [mg/m^3]
# name 9 = CStarTr0: Beam Transmission, WET Labs C-Star [%]
# name 10 = par: PAR/Irradiance, Biospherical/Licor
# name 11 = latitude: Latitude [deg]
# name 12 = longitude: Longitude [deg]
# name 13 = timeJ: Julian Days
# name 14 = altM: Altimeter [m]
# name 15 = spar: SPAR, Biospherical/Licor
# name 16 = timeS: Time, Elapsed [seconds]
# name 17 = scan: Scan Count
# name 18 = density00: Density [density, kg/m^3]
# name 19 = density11: Density, 2 [density, kg/m^3]
# name 20 = v3: Voltage 3
# name 21 = v4: Voltage 4
# name 22 = v5: Voltage 5
# name 23 = sal00: Salinity, Practical [PSU]
# name 24 = sal11: Salinity, Practical, 2 [PSU]
# name 25 = oxsolML/L: Oxygen Saturation, Garcia & Gordon [ml/l]
# name 26 = nbin: number of scans per bin
# name 27 = flag: flag
# span 0 =      2.000,    893.000       
# span 1 =      1.982,    881.838       
# span 2 =    -1.5796,     1.0871       
# span 3 =  26.808145,  30.146958       
# span 4 =    -1.5810,     1.0894       
# span 5 =  26.808530,  30.146745       
# span 6 =     4.3354,     5.6421       
# span 7 =     4.4115,     5.7563       
# span 8 =    -0.0249,     0.0853       
# span 9 =    98.3019,    99.5919       
# span 10 = 1.0000e-12, 3.0927e+01      
# span 11 =  -74.38600,  -74.38574      
# span 12 = -110.09058, -110.08922      
# span 13 =  34.367335,  34.380362      
# span 14 =      -3.82,     100.02      
# span 15 = 1.1282e+02, 1.3750e+02      
# span 16 =    238.713,   1364.286      
# span 17 =       5730,      32744      
# span 18 =  1027.1885,  1031.9864      
# span 19 =  1027.1902,  1031.9842      
# span 20 =     4.6633,     4.7245      
# span 21 =     0.0639,     0.0825      
# span 22 =     0.1088,     0.1451      
# span 23 =    33.7726,    34.7004      
# span 24 =    33.7743,    34.6977      
# span 25 =    7.80479,    8.42522      
# span 26 =          4,         48      
# span 27 = 0.0000e+00, 0.0000e+00      
# interval = decibars: 1                
# start_time = Feb 03 2022 08:44:59 [NMEA time, header]
# bad_flag = -9.990e-29
*END*
[from data line 777]
    779.000    769.484     1.0757  30.083913     1.0780  30.083890     4.3515     4.4344    -0.0152    99.3190 1.0000e-12  -74.38578 -110.08946  34.377458      99.25 1.2164e+02   1113.404      26723  1031.4541  1031.4519     4.7115     0.0696     0.1195    34.6962    34.6937    7.80730         25 0.0000e+00
    780.000    770.470     1.0756  30.084475     1.0780  30.084349     4.3508     4.4349    -0.0150    99.3164 1.0000e-12  -74.38578 -110.08946  34.377470      99.86 1.2164e+02   1114.433      26747  1031.4590  1031.4565     4.7114     0.0683     0.1165    34.6965    34.6937    7.80730         24 0.0000e+00
    781.000    771.457     1.0755  30.084759     1.0780  30.084744     4.3521     4.4347    -0.0142    99.3311 1.0000e-12  -74.38578 -110.08946  34.377482      99.86 1.2164e+02   1115.482      26773  1031.4636  1031.4612     4.7121     0.0702     0.1185    34.6964    34.6936    7.80732         26 0.0000e+00
    782.000    772.442     1.0757  30.085347     1.0780  30.085329     4.3511     4.4316    -0.0003    99.3358 1.0000e-12  -74.38580 -110.08946  34.377495      99.86 1.2164e+02   1116.527      26798  1031.4682  1031.4659     4.7123     0.0698     0.1173    34.6963    34.6938    7.80729         24 0.0000e+00
    783.000    773.427     1.0757  30.085968     1.0782  30.085797     4.3515     4.4287    -0.0004    99.3332 1.0000e-12  -74.38580 -110.08946  34.377506      99.86 1.2164e+02   1117.562      26822  1031.4730  1031.4705     4.7122     0.0696     0.1176    34.6965    34.6936    7.80727         25 0.0000e+00
    784.000    774.415     1.0758  30.086483     1.0784  30.086497     4.3501     4.4259    -0.0075    99.3330 1.0000e-12  -74.38580 -110.08946  34.377519      99.86 1.2164e+02   1118.615      26848  1031.4776  1031.4752     4.7121     0.0690     0.1196    34.6966    34.6938    7.80725         26 0.0000e+00
    785.000    775.399     1.0767  30.088125     1.0793  30.088281     4.3469     4.4279    -0.0080    99.3425 1.0000e-12  -74.38580 -110.08946  34.377531      99.86 1.2164e+02   1119.661      26873  1031.4826  1031.4803     4.7126     0.0700     0.1189    34.6971    34.6944    7.80704         25 0.0000e+00
    786.000    776.387     1.0782  30.090398     1.0807  30.090445     4.3430     4.4307    -0.0077    99.3101 1.0000e-12  -74.38580 -110.08946  34.377543      99.86 1.2164e+02   1120.692      26898  1031.4877  1031.4853     4.7111     0.0697     0.1173    34.6978    34.6951    7.80672         25 0.0000e+00
    787.000    777.372     1.0786  30.091473     1.0810  30.091443     4.3423     4.4267    -0.0019    99.3392 1.0000e-12  -74.38580 -110.08947  34.377555      99.86 1.2164e+02   1121.740      26923  1031.4926  1031.4902     4.7125     0.0689     0.1165    34.6982    34.6955    7.80661         25 0.0000e+00
    788.000    778.358     1.0787  30.091973     1.0812  30.091946     4.3438     4.4242    -0.0062    99.3259 1.0000e-12  -74.38580 -110.08948  34.377567      99.86 1.2164e+02   1122.782      26948  1031.4972  1031.4948     4.7118     0.0692     0.1167    34.6981    34.6954    7.80659         24 0.0000e+00
    789.000    779.344     1.0787  30.092502     1.0813  30.092467     4.3462     4.4290    -0.0027    99.3177 1.0000e-12  -74.38580 -110.08948  34.377579      85.94 1.2164e+02   1123.809      26972  1031.5020  1031.4994     4.7114     0.0681     0.1198    34.6983    34.6953    7.80659         25 0.0000e+00
    790.000    780.329     1.0789  30.092992     1.0815  30.093056     4.3495     4.4255    -0.0052    99.3182 1.0000e-12  -74.38580 -110.08948  34.377591      75.87 1.2164e+02   1124.846      26997  1031.5065  1031.5041     4.7114     0.0666     0.1166    34.6981    34.6954    7.80655         26 0.0000e+00
    791.000    781.316     1.0792  30.093581     1.0816  30.093533     4.3497     4.4296    -0.0122    99.3112 1.0000e-12  -74.38580 -110.08948  34.377603      93.41 1.2164e+02   1125.882      27022  1031.5111  1031.5087     4.7111     0.0696     0.1184    34.6980    34.6953    7.80651         24 0.0000e+00
    792.000    782.302     1.0790  30.094037     1.0816  30.093963     4.3457     4.4294    -0.0077    99.3013 1.0000e-12  -74.38580 -110.08948  34.377615      99.30 1.2164e+02   1126.903      27047  1031.5159  1031.5133     4.7106     0.0700     0.1167    34.6982    34.6952    7.80652         24 0.0000e+00
    793.000    783.287     1.0791  30.094541     1.0816  30.094534     4.3449     4.4299    -0.0068    99.3191 1.0000e-12  -74.38580 -110.08948  34.377627      99.87 1.2164e+02   1127.933      27071  1031.5205  1031.5181     4.7115     0.0689     0.1185    34.6981    34.6954    7.80651         25 0.0000e+00
    794.000    784.273     1.0791  30.095180     1.0817  30.095181     4.3475     4.4305    -0.0124    99.3303 1.0000e-12  -74.38580 -110.08948  34.377638      99.86 1.2164e+02   1128.964      27096  1031.5254  1031.5228     4.7120     0.0696     0.1171    34.6984    34.6955    7.80649         25 0.0000e+00
    795.000    785.258     1.0796  30.095977     1.0819  30.096020     4.3477     4.4300    -0.0056    99.3314 1.0000e-12  -74.38580 -110.08948  34.377650      99.86 1.2164e+02   1129.980      27121  1031.5300  1031.5277     4.7121     0.0700     0.1178    34.6984    34.6958    7.80641         24 0.0000e+00
    796.000    786.243     1.0798  30.096611     1.0822  30.096587     4.3410     4.4316    -0.0021    99.3208 1.0000e-12  -74.38580 -110.08948  34.377662      99.86 1.2164e+02   1131.014      27145  1031.5346  1031.5323     4.7116     0.0698     0.1160    34.6984    34.6957    7.80636         25 0.0000e+00
    797.000    787.233     1.0798  30.097224     1.0822  30.097108     4.3525     4.4313    -0.0080    99.3105 1.0000e-12  -74.38580 -110.08948  34.377674      99.85 1.2164e+02   1132.050      27170  1031.5394  1031.5370     4.7111     0.0699     0.1192    34.6986    34.6958    7.80635         25 0.0000e+00
    798.000    788.216     1.0798  30.097583     1.0823  30.097603     4.3477     4.4311    -0.0077    99.2963 1.0000e-12  -74.38580 -110.08948  34.377686      99.86 1.2131e+02   1133.075      27195  1031.5440  1031.5416     4.7104     0.0702     0.1198    34.6985    34.6958    7.80635         25 0.0000e+00
    799.000    789.202     1.0799  30.098110     1.0823  30.098121     4.3494     4.4273    -0.0077    99.1375 1.0000e-12  -74.38580 -110.08948  34.377698      99.86 1.2136e+02   1134.106      27220  1031.5487  1031.5463     4.7030     0.0695     0.1173    34.6985    34.6958    7.80634         25 0.0000e+00
    800.000    790.189     1.0799  30.098404     1.0822  30.098415     4.3450     4.4254    -0.0077    99.3018 1.0000e-12  -74.38580 -110.08948  34.377710      99.86 1.2105e+02   1135.142      27244  1031.5532  1031.5509     4.7106     0.0693     0.1189    34.6983    34.6958    7.80634         24 0.0000e+00
    801.000    791.173     1.0799  30.098975     1.0822  30.098814     4.3471     4.4275    -0.0077    99.3157 1.0000e-12  -74.38580 -110.08948  34.377722      99.86 1.2038e+02   1136.163      27269  1031.5580  1031.5555     4.7113     0.0695     0.1162    34.6985    34.6957    7.80634         25 0.0000e+00
    802.000    792.161     1.0801  30.099647     1.0825  30.099610     4.3483     4.4265    -0.0077    99.2986 1.0000e-12  -74.38580 -110.08948  34.377734      95.11 1.2104e+02   1137.191      27294  1031.5627  1031.5603     4.7105     0.0704     0.1212    34.6985    34.6958    7.80629         25 0.0000e+00
    803.000    793.145     1.0804  30.100242     1.0826  30.100097     4.3454     4.4290    -0.0077    99.3164 1.0000e-12  -74.38580 -110.08948  34.377746      82.64 1.1988e+02   1138.228      27318  1031.5672  1031.5649     4.7113     0.0673     0.1177    34.6985    34.6958    7.80624         24 0.0000e+00
    804.000    794.131     1.0803  30.100747     1.0828  30.100691     4.3469     4.4296    -0.0077    99.3199 1.0000e-12  -74.38580 -110.08948  34.377758      93.45 1.1988e+02   1139.250      27343  1031.5720  1031.5696     4.7115     0.0686     0.1175    34.6986    34.6958    7.80624         25 0.0000e+00
    805.000    795.118     1.0804  30.101206     1.0828  30.101220     4.3461     4.4234    -0.0131    99.3249 1.0000e-12  -74.38580 -110.08948  34.377769      97.18 1.1988e+02   1140.273      27368  1031.5766  1031.5742     4.7118     0.0686     0.1179    34.6986    34.6959    7.80624         25 0.0000e+00
    806.000    796.104     1.0805  30.101847     1.0829  30.101826     4.3443     4.4195    -0.0150    99.3091 1.0000e-12  -74.38580 -110.08950  34.377781      97.88 1.1988e+02   1141.301      27392  1031.5813  1031.5790     4.7110     0.0692     0.1177    34.6987    34.6960    7.80620         24 0.0000e+00
    807.000    797.089     1.0807  30.102392     1.0830  30.102394     4.3447     4.4234    -0.0150    99.3100 1.0000e-12  -74.38580 -110.08950  34.377793      98.46 1.1988e+02   1142.316      27417  1031.5859  1031.5836     4.7111     0.0692     0.1198    34.6986    34.6961    7.80617         24 0.0000e+00
    808.000    798.074     1.0807  30.102861     1.0832  30.102907     4.3454     4.4287    -0.0112    99.3250 1.0000e-12  -74.38580 -110.08950  34.377805      93.65 1.1988e+02   1143.333      27441  1031.5905  1031.5882     4.7118     0.0692     0.1206    34.6986    34.6960    7.80616         25 0.0000e+00
    809.000    799.061     1.0809  30.103508     1.0832  30.103435     4.3485     4.4240    -0.0009    99.3304 1.0000e-12  -74.38580 -110.08950  34.377817      92.65 1.1988e+02   1144.360      27466  1031.5952  1031.5930     4.7120     0.0687     0.1182    34.6987    34.6961    7.80612         24 0.0000e+00
    810.000    800.047     1.0808  30.103931     1.0832  30.103942     4.3484     4.4276     0.0013    99.3251 1.0000e-12  -74.38580 -110.08950  34.377828      91.30 1.1988e+02   1145.371      27490  1031.6000  1031.5976     4.7118     0.0674     0.1180    34.6988    34.6961    7.80614         25 0.0000e+00
    811.000    801.032     1.0810  30.104396     1.0833  30.104411     4.3522     4.4258    -0.0098    99.3154 1.0000e-12  -74.38580 -110.08950  34.377840      90.33 1.2068e+02   1146.390      27514  1031.6045  1031.6023     4.7113     0.0677     0.1176    34.6986    34.6961    7.80611         24 0.0000e+00
    812.000    802.019     1.0809  30.104859     1.0834  30.104947     4.3488     4.4231    -0.0118    99.3024 1.0000e-12  -74.38580 -110.08950  34.377852      89.74 1.1974e+02   1147.417      27539  1031.6092  1031.6069     4.7107     0.0674     0.1194    34.6987    34.6961    7.80611         25 0.0000e+00
    813.000    803.003     1.0810  30.105441     1.0834  30.105435     4.3441     4.4224    -0.0016    99.3153 1.0000e-12  -74.38580 -110.08950  34.377864      88.78 1.1900e+02   1148.435      27563  1031.6139  1031.6116     4.7113     0.0676     0.1205    34.6987    34.6961    7.80609         24 0.0000e+00
    814.000    803.989     1.0810  30.105992     1.0836  30.105978     4.3436     4.4198    -0.0077    99.3143 1.0000e-12  -74.38580 -110.08950  34.377875      87.58 1.2010e+02   1149.440      27588  1031.6187  1031.6162     4.7113     0.0701     0.1201    34.6989    34.6961    7.80609         24 0.0000e+00
    815.000    804.976     1.0814  30.106711     1.0837  30.106655     4.3428     4.4285    -0.0077    99.3231 1.0000e-12  -74.38580 -110.08950  34.377887      86.97 1.1859e+02   1150.468      27612  1031.6233  1031.6210     4.7117     0.0694     0.1173    34.6989    34.6962    7.80602         25 0.0000e+00
    816.000    805.960     1.0814  30.107181     1.0838  30.107127     4.3460     4.4243    -0.0004    99.3250 1.0000e-12  -74.38580 -110.08950  34.377899      78.94 1.1826e+02   1151.481      27637  1031.6280  1031.6255     4.7118     0.0661     0.1181    34.6989    34.6961    7.80602         24 0.0000e+00
    817.000    806.947     1.0816  30.107684     1.0838  30.107618     4.3413     4.4240    -0.0072    99.3109 1.0000e-12  -74.38580 -110.08950  34.377911      84.58 1.1923e+02   1152.490      27661  1031.6325  1031.6303     4.7111     0.0677     0.1181    34.6988    34.6962    7.80598         24 0.0000e+00
    818.000    807.934     1.0815  30.108167     1.0839  30.108172     4.3434     4.4272    -0.0139    99.3106 1.0000e-12  -74.38580 -110.08950  34.377923      83.09 1.1846e+02   1153.510      27685  1031.6373  1031.6349     4.7111     0.0681     0.1197    34.6989    34.6962    7.80599         25 0.0000e+00
    819.000    808.917     1.0816  30.108615     1.0839  30.108614     4.3434     4.4232    -0.0095    99.3196 1.0000e-12  -74.38580 -110.08950  34.377934      82.23 1.1811e+02   1154.518      27709  1031.6418  1031.6395     4.7115     0.0674     0.1208    34.6988    34.6962    7.80597         24 0.0000e+00
    820.000    809.904     1.0816  30.109122     1.0840  30.109182     4.3471     4.4241    -0.0077    99.3164 1.0000e-12  -74.38580 -110.08951  34.377946      81.47 1.1811e+02   1155.521      27734  1031.6466  1031.6442     4.7114     0.0683     0.1201    34.6989    34.6963    7.80597         24 0.0000e+00
    821.000    810.891     1.0818  30.109536     1.0840  30.109587     4.3463     4.4208    -0.0121    99.3364 1.0000e-12  -74.38580 -110.08952  34.377958      80.79 1.1811e+02   1156.542      27758  1031.6510  1031.6488     4.7123     0.0679     0.1195    34.6987    34.6962    7.80595         25 0.0000e+00
    822.000    811.876     1.0818  30.110091     1.0841  30.110107     4.3400     4.4230    -0.0114    99.3220 1.0000e-12  -74.38580 -110.08952  34.377969      79.38 1.1811e+02   1157.549      27782  1031.6558  1031.6535     4.7116     0.0664     0.1209    34.6989    34.6963    7.80594         24 0.0000e+00
    823.000    812.861     1.0819  30.110603     1.0841  30.110570     4.3434     4.4217    -0.0048    99.3091 1.0000e-12  -74.38580 -110.08952  34.377981      77.94 1.1811e+02   1158.547      27806  1031.6604  1031.6582     4.7110     0.0672     0.1165    34.6988    34.6963    7.80592         24 0.0000e+00
    824.000    813.848     1.0819  30.111143     1.0843  30.111224     4.3436     4.4211    -0.0028    99.3229 1.0000e-12  -74.38580 -110.08952  34.377993      77.19 1.1811e+02   1159.568      27831  1031.6652  1031.6629     4.7116     0.0677     0.1220    34.6989    34.6964    7.80591         24 0.0000e+00
    825.000    814.833     1.0820  30.111794     1.0844  30.111798     4.3431     4.4251    -0.0078    99.3218 1.0000e-12  -74.38580 -110.08952  34.378004      75.97 1.1811e+02   1160.577      27855  1031.6699  1031.6676     4.7116     0.0661     0.1171    34.6991    34.6965    7.80589         24 0.0000e+00
    826.000    815.817     1.0821  30.112349     1.0845  30.112312     4.3392     4.4259    -0.0086    99.3261 1.0000e-12  -74.38580 -110.08952  34.378016      74.56 1.1811e+02   1161.578      27879  1031.6745  1031.6722     4.7118     0.0661     0.1189    34.6991    34.6964    7.80585         24 0.0000e+00
    827.000    816.805     1.0823  30.112880     1.0847  30.112894     4.3416     4.4264    -0.0142    99.3282 1.0000e-12  -74.38580 -110.08952  34.378028      73.99 1.1811e+02   1162.595      27903  1031.6792  1031.6769     4.7119     0.0646     0.1168    34.6991    34.6964    7.80583         25 0.0000e+00
    828.000    817.791     1.0822  30.113346     1.0847  30.113362     4.3454     4.4270    -0.0003    99.3218 1.0000e-12  -74.38580 -110.08952  34.378039      72.77 1.1811e+02   1163.608      27928  1031.6839  1031.6815     4.7116     0.0660     0.1208    34.6991    34.6964    7.80583         24 0.0000e+00
    829.000    818.775     1.0824  30.113930     1.0848  30.113939     4.3452     4.4276    -0.0145    99.3403 1.0000e-12  -74.38580 -110.08952  34.378051      79.48 1.1811e+02   1164.613      27952  1031.6886  1031.6862     4.7125     0.0671     0.1150    34.6992    34.6965    7.80581         25 0.0000e+00
