ocean_section_plots/required_files/ctd/dnbp2202_ctd235.cnv
* Sea-Bird SBE 9 Data File:
* FileName = D:\Data\raw\NBP2202_CTD235.hex
* Software Version Seasave V 7.26.7.121
* Temperature SN = 1649
* Conductivity SN = 2513
* Number of Bytes Per Scan = 40
* Number of Voltage Words = 5
* Number of Scans Averaged by the Deck Unit = 1
* NMEA Latitude = 73 51.74 S
* NMEA Longitude = 114 00.97 W
* NMEA UTC (Time) = Feb 13 2022  11:49:12
* NMEA baud rate = 9600
** Ship: RVIB N.B. Palmer
** Cruise: NBP2202 Thwaites
** Station: 146
** Operator: B. Bjork
# nquan = 28
# nvalues = 271                         
# units = specified
# name 0 = prDM: Pressure, Digiquartz [db]
# name 1 = depSM: Depth [salt water, m]
# name 2 = t090C: Temperature [ITS-90, deg C]
# name 3 = c0mS/cm: Conductivity [mS/cm]
# name 4 = t190C: Temperature, 2 [ITS-90, deg C]
# name 5 = c1mS/cm: Conductivity, 2 [mS/cm]
# name 6 = sbeox0ML/L: Oxygen, SBE 43 [ml/l]
# name 7 = sbeox1ML/L: Oxygen, SBE 43, 2 [ml/l]
# name 8 = flECO-AFL: Fluorescence, WET Labs ECO-AFL/FL [mg/m^3]
# name 9 = CStarTr0: Beam Transmission, WET Labs C-Star [%]
# name 10 = par: PAR/Irradiance, Biospherical/Licor
# name 11 = latitude: Latitude [deg]
# name 12 = longitude: Longitude [deg]
# name 13 = timeJ: Julian Days
# name 14 = altM: Altimeter [m]
# name 15 = spar: SPAR, Biospherical/Licor
# name 16 = timeS: Time, Elapsed [seconds]
# name 17 = scan: Scan Count
# name 18 = density00: Density [density, kg/m^3]
# name 19 = density11: Density, 2 [density, kg/m^3]
# name 20 = v3: Voltage 3
# name 21 = v4: Voltage 4
# name 22 = v5: Voltage 5
# name 23 = sal00: Salinity, Practical [PSU]
# name 24 = sal11: Salinity, Practical, 2 [PSU]
# name 25 = oxsolML/L: Oxygen Saturation, Garcia & Gordon [ml/l]
# name 26 = nbin: number of scans per bin
# name 27 = flag: flag
# span 0 =      2.000,    272.000       
# span 1 =      1.979,    269.012       
# span 2 =    -1.2192,    -0.8344       
# span 3 =  27.269778,  27.787490       
# span 4 =    -1.2173,    -0.8324       
# span 5 =  27.269833,  27.787537       
# span 6 =     5.2675,     8.6011       
# span 7 =     5.4238,     8.8975       
# span 8 =     0.3201,    19.8965       
# span 9 =    77.2933,    96.1106       
# span 10 = -3.241e-05, 4.9666e+01      
# span 11 =  -73.86234,  -73.86232      
# span 12 = -114.01636, -114.01634      
# span 13 =  44.494660,  44.499058      
# span 14 =       6.24,      99.97      
# span 15 = 6.8224e+02, 7.3192e+02      
# span 16 =    186.592,    566.652      
# span 17 =       4479,      13601      
# span 18 =  1027.1593,  1028.7222      
# span 19 =  1027.1577,  1028.7201      
# span 20 =     3.6674,     4.5593      
# span 21 =     0.1142,     3.0214      
# span 22 =     0.1322,     0.2465      
# span 23 =    33.7623,    34.1058      
# span 24 =    33.7608,    34.1035      
# span 25 =    8.23955,    8.33568      
# span 26 =          6,         47      
# span 27 = 0.0000e+00, 0.0000e+00      
# interval = decibars: 1                
# start_time = Feb 13 2022 11:49:12 [NMEA time, header]
# bad_flag = -9.990e-29
*END*
[from data line 52]
     54.000     53.435    -0.9712  27.326459    -0.9697  27.326417     8.5502     8.8611    16.3544    77.7667 1.0000e-12  -73.86232 -114.01635  44.495693      99.35 7.1573e+02    275.852       6621  1027.4126  1027.4111     3.6896     1.9514     0.1778    33.7674    33.7657    8.28937         28 0.0000e+00
     55.000     54.425    -0.9716  27.326534    -0.9701  27.326539     8.5416     8.8559    14.7445    78.4205 1.0000e-12  -73.86232 -114.01635  44.495706      99.53 7.1573e+02    277.025       6650  1027.4173  1027.4159     3.7206     2.2038     0.2235    33.7673    33.7656    8.28946         28 0.0000e+00
     56.000     55.414    -0.9718  27.326834    -0.9699  27.327259     8.5194     8.8339    14.6898    78.4754 1.0000e-12  -73.86234 -114.01634  44.495719      91.70 7.1573e+02    278.164       6677  1027.4221  1027.4208     3.7231     2.3951     0.2082    33.7673    33.7658    8.28949         27 0.0000e+00
     57.000     56.403    -0.9700  27.329584    -0.9690  27.328919     8.4975     8.8196    16.2246    79.1970 1.0000e-12  -73.86232 -114.01636  44.495733      67.76 7.1649e+02    279.309       6704  1027.4277  1027.4260     3.7574     2.4052     0.2022    33.7685    33.7664    8.28904         28 0.0000e+00
     58.000     57.393    -0.9677  27.333635    -0.9660  27.333545     8.5054     8.8144    16.6532    79.6942 1.0000e-12  -73.86234 -114.01635  44.495747      99.71 7.1786e+02    280.504       6733  1027.4342  1027.4325     3.7809     2.2714     0.2198    33.7707    33.7687    8.28839         29 0.0000e+00
     59.000     58.381    -0.9680  27.333471    -0.9665  27.333313     8.5216     8.8214    15.0870    79.6595 1.0000e-12  -73.86234 -114.01635  44.495760      99.48 7.2120e+02    281.686       6761  1027.4386  1027.4370     3.7793     2.0539     0.2053    33.7702    33.7683    8.28849         27 0.0000e+00
     60.000     59.372    -0.9691  27.331915    -0.9676  27.332163     8.5244     8.8336    13.8225    79.0667 1.0000e-12  -73.86234 -114.01635  44.495773      99.47 7.2115e+02    282.830       6789  1027.4423  1027.4411     3.7512     2.0878     0.2435    33.7688    33.7673    8.28882         28 0.0000e+00
     61.000     60.361    -0.9695  27.331791    -0.9681  27.331799     8.5307     8.8396    17.4718    79.8454 1.0000e-12  -73.86234 -114.01635  44.495787      99.50 7.2151e+02    284.006       6817  1027.4469  1027.4456     3.7881     2.0965     0.1790    33.7684    33.7668    8.28894         29 0.0000e+00
     62.000     61.350    -0.9695  27.332291    -0.9681  27.332214     8.5330     8.8380    15.0323    79.2691 1.0000e-12  -73.86234 -114.01636  44.495801      99.72 7.2289e+02    285.176       6845  1027.4518  1027.4503     3.7608     2.3799     0.2090    33.7685    33.7668    8.28894         28 0.0000e+00
     63.000     62.339    -0.9696  27.332579    -0.9682  27.332581     8.5290     8.8420    16.2974    80.4522 1.0000e-12  -73.86234 -114.01634  44.495814      99.72 7.2272e+02    286.309       6872  1027.4564  1027.4550     3.8169     2.4105     0.2183    33.7684    33.7667    8.28896         27 0.0000e+00
     64.000     63.330    -0.9696  27.332998    -0.9683  27.332878     8.5206     8.8423    15.3741    80.5844 1.0000e-12  -73.86234 -114.01636  44.495827      99.56 7.2285e+02    287.462       6900  1027.4612  1027.4598     3.8231     2.2308     0.2214    33.7683    33.7667    8.28896         27 0.0000e+00
     65.000     64.317    -0.9694  27.333886    -0.9678  27.333886     8.4856     8.8157    16.7740    81.5959 1.0000e-12  -73.86234 -114.01635  44.495840      99.57 7.2452e+02    288.616       6928  1027.4662  1027.4647     3.8711     2.1381     0.1995    33.7686    33.7669    8.28889         27 0.0000e+00
     66.000     65.307    -0.9687  27.335489    -0.9672  27.335267     8.4629     8.7895    16.3955    80.9643 1.0000e-12  -73.86234 -114.01635  44.495853      99.93 7.2303e+02    289.728       6954  1027.4716  1027.4700     3.8412     2.6930     0.2386    33.7695    33.7675    8.28870         28 0.0000e+00
     67.000     66.297    -0.9636  27.343752    -0.9626  27.342775     8.4467     8.7722    14.3562    80.2767 1.0000e-12  -73.86234 -114.01635  44.495867      99.58 7.2129e+02    290.866       6982  1027.4800  1027.4780     3.8085     2.2633     0.2070    33.7743    33.7719    8.28728         27 0.0000e+00
     68.000     67.286    -0.9634  27.344314    -0.9643  27.340552     8.4416     8.7517    13.3818    79.9910 1.0000e-12  -73.86234 -114.01636  44.495880      99.61 7.1970e+02    292.015       7009  1027.4848  1027.4816     3.7951     2.2982     0.2003    33.7743    33.7701    8.28725         27 0.0000e+00
     69.000     68.275    -0.9628  27.345723    -0.9613  27.345705     8.4392     8.7441    13.7851    79.5656 1.0000e-12  -73.86234 -114.01636  44.495893      99.79 7.1886e+02    293.135       7036  1027.4901  1027.4886     3.7748     2.5084     0.2260    33.7749    33.7732    8.28708         27 0.0000e+00
     70.000     69.266    -0.9627  27.346441    -0.9609  27.346487     8.4351     8.7486    15.1017    79.2707 1.0000e-12  -73.86234 -114.01636  44.495906      99.48 7.2001e+02    294.271       7064  1027.4951  1027.4934     3.7611     2.1444     0.1841    33.7751    33.7732    8.28703         28 0.0000e+00
     71.000     70.254    -0.9620  27.347313    -0.9605  27.347222     8.4396     8.7478    15.8111    80.2852 1.0000e-12  -73.86234 -114.01636  44.495919      99.51 7.2084e+02    295.436       7091  1027.4997  1027.4982     3.8087     2.1740     0.2091    33.7749    33.7731    8.28689         27 0.0000e+00
     72.000     71.244    -0.9622  27.347550    -0.9607  27.347522     8.4450     8.7501    14.4732    79.9643 1.0000e-12  -73.86234 -114.01636  44.495932      99.53 7.2089e+02    296.563       7119  1027.5045  1027.5029     3.7937     2.2058     0.2063    33.7748    33.7731    8.28694         27 0.0000e+00
     73.000     72.232    -0.9624  27.347857    -0.9609  27.347843     8.4505     8.7513    13.7256    81.2456 1.0000e-12  -73.86234 -114.01636  44.495945      99.69 7.2296e+02    297.685       7145  1027.5093  1027.5079     3.8542     2.4583     0.2126    33.7748    33.7732    8.28698         28 0.0000e+00
     74.000     73.222    -0.9628  27.347996    -0.9612  27.348047     8.4442     8.7534    15.4521    80.4474 1.0000e-12  -73.86234 -114.01636  44.495959      99.69 7.2546e+02    298.834       7173  1027.5141  1027.5127     3.8169     2.4268     0.2109    33.7749    33.7732    8.28707         27 0.0000e+00
     75.000     74.212    -0.9631  27.348237    -0.9613  27.348299     8.4504     8.7393    14.8414    79.9650 1.0000e-12  -73.86234 -114.01636  44.495972      99.42 7.2680e+02    299.950       7200  1027.5190  1027.5174     3.7938     2.0726     0.2090    33.7749    33.7730    8.28713         26 0.0000e+00
     76.000     75.201    -0.9632  27.348660    -0.9615  27.348726     8.4526     8.7436    14.7137    80.4162 1.0000e-12  -73.86234 -114.01636  44.495984      99.38 7.2856e+02    301.034       7226  1027.5239  1027.5223     3.8152     2.0307     0.2077    33.7750    33.7732    8.28715         26 0.0000e+00
     77.000     76.190    -0.9628  27.349265    -0.9614  27.349224     8.4445     8.7459    15.1291    80.8368 1.0000e-12  -73.86234 -114.01636  44.495997      99.51 7.2925e+02    302.135       7252  1027.5285  1027.5270     3.8351     2.2005     0.2077    33.7748    33.7731    8.28709         27 0.0000e+00
     78.000     77.179    -0.9624  27.350005    -0.9608  27.350095     8.4471     8.7449    14.6005    80.3856 1.0000e-12  -73.86234 -114.01636  44.496009      99.57 7.2843e+02    303.191       7278  1027.5331  1027.5317     3.8138     2.2730     0.2176    33.7747    33.7730    8.28700         25 0.0000e+00
     79.000     78.168    -0.9626  27.350075    -0.9611  27.350155     8.4486     8.7511    15.1029    81.1185 1.0000e-12  -73.86234 -114.01636  44.496021      90.71 7.2815e+02    304.229       7303  1027.5378  1027.5363     3.8485     2.5690     0.2357    33.7744    33.7728    8.28706         25 0.0000e+00
     80.000     79.158    -0.9633  27.350254    -0.9617  27.350256     8.4496     8.7537    16.3080    81.4264 1.0000e-12  -73.86234 -114.01636  44.496033      96.72 7.2807e+02    305.290       7328  1027.5429  1027.5414     3.8623     2.2803     0.1801    33.7748    33.7730    8.28719         25 0.0000e+00
     81.000     80.146    -0.9635  27.350598    -0.9621  27.350485     8.4462     8.7546    16.4584    79.6408 1.0000e-12  -73.86234 -114.01636  44.496045      99.37 7.2807e+02    306.298       7352  1027.5477  1027.5463     3.7792     1.9918     0.2172    33.7749    33.7732    8.28722         24 0.0000e+00
     82.000     81.137    -0.9631  27.351615    -0.9621  27.350940     8.4516     8.7445    15.5059    79.7308 1.0000e-12  -73.86234 -114.01636  44.496056      99.47 7.2747e+02    307.275       7376  1027.5528  1027.5511     3.7827     2.1532     0.2198    33.7752    33.7731    8.28712         23 0.0000e+00
     83.000     82.126    -0.9635  27.351670    -0.9617  27.351828     8.4485     8.7360    15.2098    80.3022 1.0000e-12  -73.86234 -114.01636  44.496068      99.63 7.2492e+02    308.267       7399  1027.5576  1027.5560     3.8098     2.3347     0.1805    33.7751    33.7733    8.28722         24 0.0000e+00
     84.000     83.115    -0.9631  27.352457    -0.9613  27.352641     8.4504     8.7367    15.6300    79.6799 1.0000e-12  -73.86234 -114.01636  44.496079      99.42 7.2439e+02    309.250       7423  1027.5623  1027.5608     3.7803     2.0984     0.2348    33.7751    33.7734    8.28712         23 0.0000e+00
     85.000     84.104    -0.9630  27.352934    -0.9613  27.352980     8.4468     8.7434    15.2641    80.5377 1.0000e-12  -73.86234 -114.01636  44.496090      99.68 7.2454e+02    310.220       7446  1027.5671  1027.5655     3.8209     2.3998     0.2118    33.7750    33.7732    8.28711         24 0.0000e+00
     86.000     85.093    -0.9624  27.353896    -0.9609  27.353809     8.4425     8.7464    13.0721    81.2963 1.0000e-12  -73.86234 -114.01636  44.496102      99.58 7.2397e+02    311.205       7470  1027.5718  1027.5703     3.8566     2.2965     0.2053    33.7751    33.7732    8.28698         24 0.0000e+00
     87.000     86.083    -0.9628  27.354039    -0.9611  27.354319     8.4457     8.7462    15.0284    80.0257 1.0000e-12  -73.86234 -114.01636  44.496113      99.57 7.2339e+02    312.205       7494  1027.5767  1027.5753     3.7970     2.2430     0.2290    33.7751    33.7735    8.28707         23 0.0000e+00
     88.000     87.072    -0.9623  27.354938    -0.9610  27.354795     8.4451     8.7478    14.3585    79.1472 1.0000e-12  -73.86234 -114.01636  44.496125      99.41 7.2262e+02    313.175       7517  1027.5815  1027.5801     3.7550     2.0351     0.2063    33.7752    33.7735    8.28696         23 0.0000e+00
     89.000     88.063    -0.9625  27.355270    -0.9611  27.355042     8.4420     8.7473    14.6948    80.2454 1.0000e-12  -73.86234 -114.01636  44.496136      99.74 7.2383e+02    314.162       7541  1027.5863  1027.5848     3.8071     2.4315     0.1967    33.7751    33.7733    8.28698         25 0.0000e+00
     90.000     89.050    -0.9628  27.355213    -0.9613  27.355235     8.4377     8.7471    13.6878    80.1425 1.0000e-12  -73.86234 -114.01636  44.496148      99.53 7.2653e+02    315.188       7566  1027.5908  1027.5894     3.8022     2.1898     0.2178    33.7748    33.7731    8.28708         24 0.0000e+00
     91.000     90.040    -0.9628  27.355799    -0.9612  27.355697     8.4381     8.7450    12.4874    79.8266 1.0000e-12  -73.86234 -114.01636  44.496159      99.55 7.2646e+02    316.167       7589  1027.5958  1027.5941     3.7873     2.2251     0.2065    33.7749    33.7730    8.28706         23 0.0000e+00
     92.000     91.029    -0.9632  27.356191    -0.9614  27.356327     8.4406     8.7443    13.7634    80.1894 1.0000e-12  -73.86234 -114.01636  44.496171      93.46 7.2536e+02    317.139       7612  1027.6009  1027.5993     3.8041     2.6783     0.2232    33.7753    33.7735    8.28713         24 0.0000e+00
     93.000     92.018    -0.9633  27.356354    -0.9617  27.356416     8.4401     8.7426    13.1526    78.8331 1.0000e-12  -73.86234 -114.01636  44.496182      95.68 7.2508e+02    318.135       7636  1027.6055  1027.6040     3.7404     2.1216     0.2252    33.7751    33.7733    8.28718         23 0.0000e+00
     94.000     93.007    -0.9632  27.356944    -0.9617  27.356940     8.4384     8.7438    13.0387    78.7035 1.0000e-12  -73.86234 -114.01636  44.496193      99.70 7.2539e+02    319.109       7660  1027.6103  1027.6089     3.7339     2.2980     0.2142    33.7752    33.7734    8.28715         23 0.0000e+00
     95.000     93.997    -0.9633  27.357428    -0.9616  27.357480     8.4411     8.7441    14.9293    79.6602 1.0000e-12  -73.86234 -114.01636  44.496205      99.49 7.2445e+02    320.076       7683  1027.6152  1027.6137     3.7793     2.1764     0.2007    33.7753    33.7735    8.28715         24 0.0000e+00
     96.000     94.985    -0.9634  27.357632    -0.9618  27.357539     8.4499     8.7446    16.7054    79.0431 1.0000e-12  -73.86234 -114.01636  44.496216      99.45 7.2618e+02    321.075       7707  1027.6198  1027.6182     3.7501     2.1175     0.1931    33.7750    33.7731    8.28719         24 0.0000e+00
     97.000     95.975    -0.9633  27.358102    -0.9618  27.358044     8.4530     8.7447    13.2856    80.8612 1.0000e-12  -73.86234 -114.01636  44.496227      99.37 7.2716e+02    322.047       7730  1027.6246  1027.6231     3.8363     1.8994     0.1943    33.7750    33.7732    8.28718         23 0.0000e+00
     98.000     96.964    -0.9629  27.358794    -0.9616  27.358554     8.4445     8.7426    13.4245    77.7780 1.0000e-12  -73.86233 -114.01636  44.496238      99.61 7.2509e+02    322.994       7753  1027.6292  1027.6277     3.6914     2.2990     0.2087    33.7748    33.7731    8.28710         23 0.0000e+00
     99.000     97.954    -0.9627  27.359138    -0.9613  27.359159     8.4379     8.7396    14.6537    79.7604 1.0000e-12  -73.86233 -114.01636  44.496250      99.46 7.2448e+02    323.967       7776  1027.6337  1027.6324     3.7829     2.1473     0.1897    33.7745    33.7729    8.28708         24 0.0000e+00
    100.000     98.942    -0.9626  27.359820    -0.9611  27.359780     8.4496     8.7400    14.2020    80.6136 1.0000e-12  -73.86233 -114.01636  44.496261      99.55 7.2378e+02    324.954       7800  1027.6386  1027.6371     3.8246     2.1704     0.2145    33.7747    33.7729    8.28704         23 0.0000e+00
    101.000     99.931    -0.9621  27.360725    -0.9604  27.360649     8.4536     8.7407    13.1576    80.7208 1.0000e-12  -73.86233 -114.01636  44.496272      99.57 7.2355e+02    325.912       7823  1027.6435  1027.6418     3.8297     2.2551     0.2204    33.7747    33.7728    8.28693         23 0.0000e+00
    102.000    100.921    -0.9627  27.360393    -0.9612  27.360381     8.4453     8.7398    15.4064    80.3573 1.0000e-12  -73.86233 -114.01636  44.496284      99.84 7.2277e+02    326.907       7847  1027.6480  1027.6465     3.8124     2.5587     0.2176    33.7743    33.7726    8.28708         24 0.0000e+00
    103.000    101.911    -0.9633  27.360329    -0.9617  27.360259     8.4548     8.7399    17.9777    80.3506 1.0000e-12  -73.86233 -114.01636  44.496295      99.62 7.2345e+02    327.906       7871  1027.6528  1027.6512     3.8121     2.3057     0.1849    33.7743    33.7724    8.28722         24 0.0000e+00
    104.000    102.899    -0.9639  27.360199    -0.9624  27.360020     8.4560     8.7380    15.4420    79.1684 1.0000e-12  -73.86233 -114.01636  44.496306      99.73 7.2351e+02    328.878       7894  1027.6575  1027.6559     3.7565     2.4333     0.2287    33.7742    33.7722    8.28736         24 0.0000e+00
