ocean_section_plots/required_files/ctd/dnbp2202_ctd075.cnv
* Sea-Bird SBE 9 Data File:
* FileName = D:\Data\raw\NBP2202_CTD075.hex
* Software Version Seasave V 7.26.7.121
* Temperature SN = 1649
* Conductivity SN = 2513
* Number of Bytes Per Scan = 40
* Number of Voltage Words = 5
* Number of Scans Averaged by the Deck Unit = 1
* NMEA Latitude = 74 10.51 S
* NMEA Longitude = 113 20.67 W
* NMEA UTC (Time) = Jan 26 2022  12:19:43
* NMEA baud rate = 9600
** Ship: RVIB N.B. Palmer
** Cruise: NBP2202 Thwaites
** Station: 56
** Operator: B Bjork
# nquan = 25
# nvalues = 615                         
# units = specified
# name 0 = prDM: Pressure, Digiquartz [db]
# name 1 = depSM: Depth [salt water, m]
# name 2 = t090C: Temperature [ITS-90, deg C]
# name 3 = c0mS/cm: Conductivity [mS/cm]
# name 4 = t190C: Temperature, 2 [ITS-90, deg C]
# name 5 = c1mS/cm: Conductivity, 2 [mS/cm]
# name 6 = sbeox0ML/L: Oxygen, SBE 43 [ml/l]
# name 7 = sbeox1ML/L: Oxygen, SBE 43, 2 [ml/l]
# name 8 = flECO-AFL: Fluorescence, WET Labs ECO-AFL/FL [mg/m^3]
# name 9 = CStarTr0: Beam Transmission, WET Labs C-Star [%]
# name 10 = par: PAR/Irradiance, Biospherical/Licor
# name 11 = latitude: Latitude [deg]
# name 12 = longitude: Longitude [deg]
# name 13 = timeJ: Julian Days
# name 14 = altM: Altimeter [m]
# name 15 = spar: SPAR, Biospherical/Licor
# name 16 = timeS: Time, Elapsed [seconds]
# name 17 = scan: Scan Count
# name 18 = density00: Density [density, kg/m^3]
# name 19 = density11: Density, 2 [density, kg/m^3]
# name 20 = sal00: Salinity, Practical [PSU]
# name 21 = sal11: Salinity, Practical, 2 [PSU]
# name 22 = oxsolML/L: Oxygen Saturation, Garcia & Gordon [ml/l]
# name 23 = nbin: number of scans per bin
# name 24 = flag: flag
# span 0 =      2.000,    616.000       
# span 1 =      1.981,    608.722       
# span 2 =    -1.5025,     0.1141       
# span 3 =  26.944614,  28.948327       
# span 4 =    -1.5036,     0.1156       
# span 5 =  26.945261,  28.947520       
# span 6 =     4.7235,     8.7225       
# span 7 =     4.8397,     8.9750       
# span 8 =    -0.0224,    27.6345       
# span 9 =    67.8339,    95.7519       
# span 10 = 1.0000e-12, 7.3059e+01      
# span 11 =  -74.17528,  -74.17526      
# span 12 = -113.34460, -113.34456      
# span 13 =  26.516643,  26.526819      
# span 14 =       3.88,     100.62      
# span 15 = 3.9665e+02, 9.8580e+02      
# span 16 =    254.969,   1134.146      
# span 17 =       6120,      27221      
# span 18 =  1027.1828,  1030.5203      
# span 19 =  1027.1862,  1030.5179      
# span 20 =    33.7897,    34.3861      
# span 21 =    33.7938,    34.3835      
# span 22 =    8.02076,    8.40450      
# span 23 =         24,         48      
# span 24 = 0.0000e+00, 0.0000e+00      
# interval = decibars: 1                
# start_time = Jan 26 2022 12:19:43 [NMEA time, header]
# bad_flag = -9.990e-29
*END*
[from data line 174]
    176.000    174.105    -1.3030  27.257174    -1.3032  27.256656     5.7137     5.8629     0.0005    95.6837 1.0000e-12  -74.17526 -113.34458  26.519864      99.70 4.1791e+02    533.287      12800  1028.1763  1028.1759    33.9716    33.9711    8.35105         33 0.0000e+00
    177.000    175.092    -1.2946  27.267432    -1.2950  27.266336     5.7114     5.8623    -0.0063    95.6953 1.0000e-12  -74.17526 -113.34459  26.519880      99.70 4.1780e+02    534.654      12833  1028.1836  1028.1828    33.9755    33.9745    8.34895         33 0.0000e+00
    178.000    176.082    -1.2876  27.275056    -1.2875  27.274751     5.6981     5.8609    -0.0198    95.7044 1.0000e-12  -74.17526 -113.34459  26.519897      99.70 4.1780e+02    536.059      12866  1028.1895  1028.1890    33.9775    33.9769    8.34727         34 0.0000e+00
    179.000    177.071    -1.2801  27.283381    -1.2825  27.280287     5.6928     5.8562    -0.0097    95.7204 1.0000e-12  -74.17526 -113.34459  26.519913      96.80 4.1780e+02    537.462      12900  1028.1956  1028.1945    33.9797    33.9782    8.34546         33 0.0000e+00
    180.000    178.058    -1.2737  27.291019    -1.2737  27.290546     5.6912     5.8503    -0.0038    95.7177 1.0000e-12  -74.17526 -113.34459  26.519928      99.74 4.1780e+02    538.812      12932  1028.2021  1028.2016    33.9823    33.9817    8.34387         31 0.0000e+00
    181.000    179.050    -1.2691  27.296824    -1.2691  27.296283     5.6867     5.8472    -0.0015    95.7156 1.0000e-12  -74.17526 -113.34460  26.519944      99.70 4.1780e+02    540.147      12965  1028.2083  1028.2077    33.9844    33.9837    8.34272         33 0.0000e+00
    182.000    180.037    -1.2680  27.298419    -1.2676  27.298366     5.6873     5.8495    -0.0104    95.7345 1.0000e-12  -74.17526 -113.34460  26.519960      99.71 4.1748e+02    541.509      12997  1028.2133  1028.2129    33.9847    33.9842    8.34245         33 0.0000e+00
    183.000    181.026    -1.2644  27.302544    -1.2644  27.302333     5.6855     5.8452    -0.0079    95.7360 1.0000e-12  -74.17526 -113.34460  26.519976      99.70 4.1716e+02    542.892      13030  1028.2188  1028.2185    33.9857    33.9854    8.34160         33 0.0000e+00
    184.000    182.015    -1.2603  27.307520    -1.2602  27.307022     5.6797     5.8435    -0.0188    95.7225 1.0000e-12  -74.17526 -113.34460  26.519992      99.70 4.1640e+02    544.281      13064  1028.2245  1028.2239    33.9872    33.9865    8.34058         34 0.0000e+00
    185.000    183.004    -1.2558  27.313161    -1.2560  27.312512     5.6766     5.8449    -0.0139    95.7394 1.0000e-12  -74.17526 -113.34460  26.520008      99.71 4.1634e+02    545.663      13097  1028.2308  1028.2303    33.9892    33.9886    8.33946         31 0.0000e+00
    186.000    183.992    -1.2521  27.317636    -1.2519  27.317264     5.6758     5.8407    -0.0128    95.7372 1.0000e-12  -74.17526 -113.34460  26.520023      99.71 4.1604e+02    547.022      13130  1028.2365  1028.2359    33.9906    33.9899    8.33856         32 0.0000e+00
    187.000    184.982    -1.2504  27.319792    -1.2502  27.319462     5.6752     5.8368    -0.0137    95.7486 1.0000e-12  -74.17526 -113.34460  26.520039      99.70 4.1604e+02    548.390      13162  1028.2415  1028.2410    33.9910    33.9903    8.33816         33 0.0000e+00
    188.000    185.969    -1.2486  27.322024    -1.2486  27.321618     5.6749     5.8312    -0.0130    95.7421 1.0000e-12  -74.17526 -113.34460  26.520055      99.46 4.1635e+02    549.777      13196  1028.2466  1028.2462    33.9913    33.9908    8.33773         33 0.0000e+00
    189.000    186.959    -1.2459  27.325392    -1.2459  27.325043     5.6720     5.8354    -0.0077    95.7218 1.0000e-12  -74.17526 -113.34460  26.520071      97.49 4.1604e+02    551.133      13228  1028.2521  1028.2516    33.9924    33.9918    8.33708         33 0.0000e+00
    190.000    187.947    -1.2384  27.333939    -1.2384  27.333294     5.6630     5.8308    -0.0072    95.7453 1.0000e-12  -74.17526 -113.34460  26.520086      99.72 4.1521e+02    552.445      13260  1028.2585  1028.2578    33.9949    33.9940    8.33525         30 0.0000e+00
    191.000    188.935    -1.2353  27.337709    -1.2346  27.337713     5.6575     5.8166    -0.0028    95.7519 1.0000e-12  -74.17526 -113.34460  26.520099      99.70 4.1499e+02    553.559      13286  1028.2640  1028.2634    33.9959    33.9952    8.33450         25 0.0000e+00
    192.000    189.926    -1.2261  27.347627    -1.2258  27.347051     5.6373     5.8052    -0.0096    95.7489 1.0000e-12  -74.17526 -113.34460  26.520112      99.71 4.1437e+02    554.640      13312  1028.2704  1028.2695    33.9985    33.9974    8.33230         26 0.0000e+00
    193.000    190.914    -1.2146  27.359121    -1.2141  27.358965     5.6373     5.7964    -0.0102    95.7420 1.0000e-12  -74.17526 -113.34460  26.520124      99.70 4.1428e+02    555.722      13338  1028.2762  1028.2755    34.0006    33.9998    8.32962         26 0.0000e+00
    194.000    191.902    -1.2095  27.364395    -1.2098  27.363377     5.6359     5.7886    -0.0077    95.7518 1.0000e-12  -74.17526 -113.34460  26.520137      99.71 4.1428e+02    556.814      13365  1028.2814  1028.2806    34.0014    34.0004    8.32843         26 0.0000e+00
    195.000    192.891    -1.2086  27.365428    -1.2084  27.365115     5.6184     5.7791    -0.0077    95.7497 1.0000e-12  -74.17526 -113.34460  26.520149      99.70 4.1428e+02    557.918      13391  1028.2860  1028.2856    34.0011    34.0006    8.32824         27 0.0000e+00
    196.000    193.879    -1.2020  27.372801    -1.2018  27.372175     5.5934     5.7654    -0.0125    95.7488 1.0000e-12  -74.17526 -113.34460  26.520162      99.71 4.1408e+02    559.035      13418  1028.2922  1028.2912    34.0032    34.0020    8.32666         27 0.0000e+00
    197.000    194.868    -1.1842  27.390434    -1.1840  27.389831     5.5766     5.7411     0.0735    95.7450 1.0000e-12  -74.17526 -113.34460  26.520175      99.70 4.1402e+02    560.157      13445  1028.2986  1028.2977    34.0065    34.0054    8.32250         27 0.0000e+00
    198.000    195.857    -1.1625  27.412213    -1.1619  27.411764     5.5561     5.7200     0.0186    95.7299 1.0000e-12  -74.17526 -113.34460  26.520188      99.70 4.1344e+02    561.275      13472  1028.3058  1028.3047    34.0111    34.0098    8.31741         27 0.0000e+00
    199.000    196.845    -1.1495  27.425573    -1.1497  27.424265     5.5340     5.7079    -0.0117    95.7290 1.0000e-12  -74.17526 -113.34458  26.520201      99.70 4.1319e+02    562.397      13499  1028.3123  1028.3111    34.0140    34.0125    8.31435         26 0.0000e+00
    200.000    197.833    -1.1305  27.443892    -1.1300  27.443534     5.5123     5.6821    -0.0131    95.7183 1.0000e-12  -74.17526 -113.34459  26.520214      93.67 4.1310e+02    563.498      13525  1028.3183  1028.3175    34.0169    34.0158    8.30996         27 0.0000e+00
    201.000    198.823    -1.1203  27.454157    -1.1195  27.453907     5.5011     5.6711     0.0027    95.7221 1.0000e-12  -74.17526 -113.34459  26.520227      99.65 4.1280e+02    564.575      13551  1028.3242  1028.3232    34.0187    34.0175    8.30758         25 0.0000e+00
    202.000    199.812    -1.1047  27.468954    -1.1041  27.468535     5.4855     5.6605    -0.0077    95.7259 1.0000e-12  -74.17526 -113.34459  26.520239      99.70 4.1297e+02    565.672      13577  1028.3298  1028.3288    34.0206    34.0194    8.30401         27 0.0000e+00
    203.000    200.800    -1.1027  27.471173    -1.1016  27.471274     5.4568     5.6384    -0.0150    95.7087 1.0000e-12  -74.17526 -113.34459  26.520252      99.71 4.1251e+02    566.792      13604  1028.3349  1028.3339    34.0208    34.0197    8.30356         27 0.0000e+00
    204.000    201.789    -1.0891  27.484654    -1.0869  27.485250     5.4414     5.6072    -0.0096    95.7049 1.0000e-12  -74.17526 -113.34459  26.520265      99.70 4.1251e+02    567.914      13631  1028.3409  1028.3394    34.0232    34.0215    8.30041         27 0.0000e+00
    205.000    202.778    -1.0696  27.502641    -1.0678  27.503185     5.3891     5.5559    -0.0134    95.6972 1.0000e-12  -74.17526 -113.34459  26.520278      99.71 4.1251e+02    569.049      13658  1028.3461  1028.3450    34.0250    34.0237    8.29599         27 0.0000e+00
    206.000    203.766    -1.0368  27.532530    -1.0347  27.532264     5.3403     5.5073    -0.0084    95.7062 1.0000e-12  -74.17526 -113.34458  26.520292      99.71 4.1251e+02    570.249      13687  1028.3515  1028.3491    34.0281    34.0253    8.28857         31 0.0000e+00
    207.000    204.755    -1.0054  27.561349    -1.0029  27.562077     5.3155     5.4915    -0.0010    95.6865 1.0000e-12  -74.17526 -113.34459  26.520307      99.71 4.1251e+02    571.541      13718  1028.3571  1028.3554    34.0312    34.0294    8.28145         30 0.0000e+00
    208.000    205.744    -0.9859  27.579806    -0.9878  27.576723     5.2189     5.3960    -0.0076    95.6849 1.0000e-12  -74.17526 -113.34459  26.520322      99.70 4.1251e+02    572.831      13749  1028.3629  1028.3615    34.0336    34.0316    8.27700         32 0.0000e+00
    209.000    206.732    -0.9378  27.624064    -0.9357  27.621589     5.1178     5.2990    -0.0108    95.6687 1.0000e-12  -74.17526 -113.34458  26.520337      87.65 4.1251e+02    574.128      13780  1028.3690  1028.3643    34.0388    34.0330    8.26612         31 0.0000e+00
    210.000    207.721    -0.8613  27.691380    -0.8581  27.691429     5.0914     5.2607    -0.0108    95.6546 1.0000e-12  -74.17526 -113.34460  26.520352      84.39 4.1251e+02    575.423      13811  1028.3726  1028.3696    34.0432    34.0397    8.24907         31 0.0000e+00
    211.000    208.709    -0.8531  27.698879    -0.8543  27.696520     5.1045     5.2630    -0.0127    95.6353 1.0000e-12  -74.17526 -113.34458  26.520367      98.14 4.1251e+02    576.710      13842  1028.3779  1028.3766    34.0435    34.0417    8.24725         32 0.0000e+00
    212.000    209.699    -0.8582  27.695293    -0.8573  27.694812     5.1259     5.2808    -0.0147    95.6161 1.0000e-12  -74.17526 -113.34458  26.520382      99.67 4.1251e+02    578.007      13873  1028.3841  1028.3827    34.0438    34.0422    8.24836         31 0.0000e+00
    213.000    210.686    -0.8689  27.686911    -0.8665  27.687870     5.1392     5.2826    -0.0115    95.6006 1.0000e-12  -74.17526 -113.34458  26.520397      99.70 4.1251e+02    579.337      13905  1028.3903  1028.3890    34.0439    34.0425    8.25069         31 0.0000e+00
    214.000    211.676    -0.8641  27.692217    -0.8592  27.694680     5.1213     5.2630    -0.0084    95.6012 1.0000e-12  -74.17526 -113.34458  26.520413      99.71 4.1251e+02    580.645      13936  1028.3962  1028.3941    34.0451    34.0429    8.24958         32 0.0000e+00
    215.000    212.665    -0.8484  27.707037    -0.8447  27.708568     5.1097     5.2557    -0.0084    95.5776 1.0000e-12  -74.17526 -113.34458  26.520428      99.71 4.1251e+02    581.948      13968  1028.4016  1028.3997    34.0468    34.0447    8.24604         31 0.0000e+00
    216.000    213.653    -0.8387  27.716345    -0.8378  27.715783     5.1183     5.2574    -0.0167    95.5658 1.0000e-12  -74.17526 -113.34458  26.520443      99.71 4.1251e+02    583.250      13999  1028.4069  1028.4055    34.0479    34.0461    8.24385         31 0.0000e+00
    217.000    214.641    -0.8391  27.716603    -0.8382  27.716059     5.1118     5.2586    -0.0145    95.5558 1.0000e-12  -74.17526 -113.34458  26.520458      99.71 4.1251e+02    584.541      14030  1028.4123  1028.4109    34.0481    34.0464    8.24393         31 0.0000e+00
    218.000    215.631    -0.8393  27.716751    -0.8383  27.716346     5.1271     5.2648    -0.0209    95.5591 1.0000e-12  -74.17526 -113.34458  26.520473      99.70 4.1251e+02    585.826      14061  1028.4172  1028.4159    34.0478    34.0463    8.24398         31 0.0000e+00
    219.000    216.619    -0.8420  27.714591    -0.8417  27.713955     5.1393     5.2683    -0.0156    95.5509 1.0000e-12  -74.17526 -113.34458  26.520487      99.71 4.1251e+02    587.119      14092  1028.4221  1028.4212    34.0474    34.0462    8.24461         31 0.0000e+00
    220.000    217.607    -0.8504  27.707997    -0.8487  27.708365     5.1476     5.2771    -0.0089    95.5425 1.0000e-12  -74.17526 -113.34458  26.520502      92.57 4.1192e+02    588.404      14123  1028.4276  1028.4263    34.0473    34.0459    8.24645         30 0.0000e+00
    221.000    218.596    -0.8532  27.706070    -0.8527  27.705322     5.1424     5.2786    -0.0132    95.5451 1.0000e-12  -74.17526 -113.34458  26.520517      97.28 4.1206e+02    589.684      14153  1028.4326  1028.4314    34.0472    34.0457    8.24705         31 0.0000e+00
    222.000    219.585    -0.8548  27.705187    -0.8535  27.704932     5.1260     5.2689    -0.0139    95.5353 1.0000e-12  -74.17526 -113.34459  26.520532      99.71 4.1191e+02    590.979      14184  1028.4376  1028.4361    34.0473    34.0454    8.24741         32 0.0000e+00
    223.000    220.574    -0.8460  27.713139    -0.8448  27.712605     5.1265     5.2678    -0.0050    95.5344 1.0000e-12  -74.17526 -113.34458  26.520547      99.71 4.1188e+02    592.273      14216  1028.4420  1028.4403    34.0475    34.0454    8.24547         28 0.0000e+00
    224.000    221.560    -0.8463  27.713430    -0.8447  27.713617     5.1154     5.2550    -0.0156    95.5149 1.0000e-12  -74.17526 -113.34459  26.520562      99.71 4.1206e+02    593.553      14246  1028.4470  1028.4456    34.0476    34.0460    8.24554         31 0.0000e+00
    225.000    222.550    -0.8450  27.715464    -0.8405  27.717578     5.0979     5.2358    -0.0188    95.5076 1.0000e-12  -74.17526 -113.34459  26.520577      99.71 4.1251e+02    594.836      14277  1028.4523  1028.4502    34.0483    34.0461    8.24521         31 0.0000e+00
    226.000    223.539    -0.8237  27.734715    -0.8234  27.733899     5.0929     5.2371    -0.0141    95.5093 1.0000e-12  -74.17526 -113.34458  26.520592      99.71 4.1177e+02    596.121      14308  1028.4568  1028.4556    34.0498    34.0483    8.24047         31 0.0000e+00
    227.000    224.528    -0.8245  27.734479    -0.8225  27.735060     5.0808     5.2188    -0.0134    95.5243 1.0000e-12  -74.17526 -113.34460  26.520607      99.71 4.1194e+02    597.418      14339  1028.4617  1028.4604    34.0497    34.0482    8.24063         31 0.0000e+00
    228.000    225.515    -0.8238  27.735596    -0.8133  27.743374     5.0591     5.1985    -0.0132    95.5256 1.0000e-12  -74.17526 -113.34459  26.520622      99.72 4.1229e+02    598.740      14371  1028.4667  1028.4649    34.0499    34.0485    8.24049         32 0.0000e+00
    229.000    226.505    -0.7963  27.762131    -0.7927  27.763382     5.0532     5.1915    -0.0184    95.5008 1.0000e-12  -74.17526 -113.34459  26.520637      99.71 4.1194e+02    600.052      14402  1028.4730  1028.4710    34.0541    34.0518    8.23422         31 0.0000e+00
    230.000    227.493    -0.7922  27.767182    -0.7912  27.766694     5.0494     5.1873    -0.0066    95.5066 1.0000e-12  -74.17526 -113.34460  26.520652      92.71 4.1222e+02    601.330      14433  1028.4790  1028.4776    34.0557    34.0539    8.23323         30 0.0000e+00
    231.000    228.481    -0.7903  27.770007    -0.7897  27.769096     5.0570     5.1867    -0.0137    95.5048 1.0000e-12  -74.17526 -113.34459  26.520667      99.49 4.1228e+02    602.591      14463  1028.4847  1028.4832    34.0568    34.0549    8.23275         30 0.0000e+00
    232.000    229.470    -0.7901  27.770675    -0.7896  27.769882     5.0640     5.1933    -0.0138    95.5001 1.0000e-12  -74.17526 -113.34459  26.520681      99.71 4.1223e+02    603.856      14494  1028.4897  1028.4883    34.0568    34.0552    8.23270         31 0.0000e+00
