ocean_section_plots/required_files/ctd/dnbp2202_ctd202.cnv
* Sea-Bird SBE 9 Data File:
* FileName = D:\Data\raw\NBP2202_CTD202.hex
* Software Version Seasave V 7.26.7.121
* Temperature SN = 1649
* Conductivity SN = 2513
* Number of Bytes Per Scan = 40
* Number of Voltage Words = 5
* Number of Scans Averaged by the Deck Unit = 1
* NMEA Latitude = 73 50.20 S
* NMEA Longitude = 112 59.69 W
* NMEA UTC (Time) = Feb 08 2022  19:18:46
* NMEA baud rate = 9600
** Ship: RVIB N.B. Palmer
** Cruise: NBP2202 Thwaites
** Station: 121
** Operator: A. Robinson
# nquan = 28
# nvalues = 803                         
# units = specified
# name 0 = prDM: Pressure, Digiquartz [db]
# name 1 = depSM: Depth [salt water, m]
# name 2 = t090C: Temperature [ITS-90, deg C]
# name 3 = c0mS/cm: Conductivity [mS/cm]
# name 4 = t190C: Temperature, 2 [ITS-90, deg C]
# name 5 = c1mS/cm: Conductivity, 2 [mS/cm]
# name 6 = sbeox0ML/L: Oxygen, SBE 43 [ml/l]
# name 7 = sbeox1ML/L: Oxygen, SBE 43, 2 [ml/l]
# name 8 = flECO-AFL: Fluorescence, WET Labs ECO-AFL/FL [mg/m^3]
# name 9 = CStarTr0: Beam Transmission, WET Labs C-Star [%]
# name 10 = par: PAR/Irradiance, Biospherical/Licor
# name 11 = latitude: Latitude [deg]
# name 12 = longitude: Longitude [deg]
# name 13 = timeJ: Julian Days
# name 14 = altM: Altimeter [m]
# name 15 = spar: SPAR, Biospherical/Licor
# name 16 = timeS: Time, Elapsed [seconds]
# name 17 = scan: Scan Count
# name 18 = density00: Density [density, kg/m^3]
# name 19 = density11: Density, 2 [density, kg/m^3]
# name 20 = v3: Voltage 3
# name 21 = v4: Voltage 4
# name 22 = v5: Voltage 5
# name 23 = sal00: Salinity, Practical [PSU]
# name 24 = sal11: Salinity, Practical, 2 [PSU]
# name 25 = oxsolML/L: Oxygen Saturation, Garcia & Gordon [ml/l]
# name 26 = nbin: number of scans per bin
# name 27 = flag: flag
# span 0 =      1.000,    803.000       
# span 1 =      1.025,    793.169       
# span 2 =    -1.5289,     0.5381       
# span 3 =  27.034097,  29.526635       
# span 4 =    -1.5287,     0.5396       
# span 5 =  27.033586,  29.525549       
# span 6 =     4.5606,     9.1161       
# span 7 =     4.6692,     9.3496       
# span 8 =    -0.0156,    27.2161       
# span 9 =    76.0162,    98.5777       
# span 10 = -1.155e-04, 1.8036e+02      
# span 11 =  -73.83678,  -73.83674      
# span 12 = -112.99500, -112.99492      
# span 13 =  39.807555,  39.819807      
# span 14 =     -13.94,     134.59      
# span 15 = 2.6599e+02, 2.8298e+02      
# span 16 =    246.680,   1305.326      
# span 17 =       5921,      31329      
# span 18 =  1027.1527,  1031.5034      
# span 19 =  1027.1534,  1031.5008      
# span 20 =     3.6065,     4.6763      
# span 21 =     0.0651,     4.0412      
# span 22 =     0.1145,     0.2618      
# span 23 =    33.7779,    34.5603      
# span 24 =    33.7787,    34.5572      
# span 25 =    7.92339,    8.40234      
# span 26 =          1,         51      
# span 27 = 0.0000e+00, 0.0000e+00      
# interval = decibars: 1                
# start_time = Feb 08 2022 19:18:46 [NMEA time, header]
# bad_flag = -9.990e-29
*END*
[from data line 52]
     53.000     52.446    -0.9276  27.435559    -0.9287  27.435833     7.2159     7.4870    17.5648    77.2756 1.0000e-12  -73.83676 -112.99498  39.809280      99.94 2.7474e+02    395.793       9500  1027.4895  1027.4909     3.6662     2.8477     0.2133    33.8675    33.8690    8.27390         39 0.0000e+00
     54.000     53.436    -0.9634  27.410215    -0.9642  27.410050     7.1453     7.4023    17.4491    76.0162 1.0000e-12  -73.83676 -112.99497  39.809300      99.82 2.7407e+02    397.490       9541  1027.5002  1027.5009     3.6065     2.7608     0.2147    33.8726    33.8734    8.28147         39 0.0000e+00
     55.000     54.423    -0.9832  27.395476    -0.9831  27.396072     7.0862     7.3314    18.9506    77.4489 1.0000e-12  -73.83676 -112.99498  39.809323      99.92 2.7511e+02    399.484       9589  1027.5070  1027.5075     3.6743     3.0044     0.2446    33.8743    33.8749    8.28575         43 0.0000e+00
     56.000     55.414    -1.0099  27.376040    -1.0097  27.376342     7.0292     7.2683    18.5891    77.1697 1.0000e-12  -73.83676 -112.99498  39.809345      99.81 2.7580e+02    401.408       9635  1027.5153  1027.5154     3.6618     2.6912     0.2450    33.8773    33.8775    8.29147         35 0.0000e+00
     57.000     56.403    -1.0248  27.365151    -1.0258  27.365275     6.9667     7.1971    19.4463    78.6870 1.0000e-12  -73.83676 -112.99498  39.809366      96.48 2.7398e+02    403.205       9678  1027.5215  1027.5226     3.7331     3.1325     0.2255    33.8786    33.8799    8.29468         34 0.0000e+00
     58.000     57.392    -1.0543  27.343508    -1.0549  27.343426     6.9493     7.1719    17.1041    77.3143 1.0000e-12  -73.83676 -112.99496  39.809383      99.99 2.7594e+02    404.724       9714  1027.5302  1027.5307     3.6683     2.8852     0.1966    33.8817    33.8823    8.30102         31 0.0000e+00
     59.000     58.382    -1.0577  27.341413    -1.0585  27.341112     6.9317     7.1521    15.7227    77.9690 1.0000e-12  -73.83676 -112.99496  39.809399      99.75 2.7631e+02    406.076       9747  1027.5351  1027.5355     3.6991     2.4885     0.1976    33.8821    33.8826    8.30176         34 0.0000e+00
     60.000     59.371    -1.0694  27.332824    -1.0702  27.332679     6.8847     7.1031    17.2860    79.5605 1.0000e-12  -73.83676 -112.99496  39.809416      99.71 2.7336e+02    407.575       9783  1027.5408  1027.5414     3.7746     2.4122     0.1959    33.8829    33.8836    8.30429         38 0.0000e+00
     61.000     60.361    -1.0906  27.316317    -1.0915  27.316679     6.8211     7.0435    16.7117    79.2805 1.0000e-12  -73.83676 -112.99497  39.809435      99.81 2.7540e+02    409.184       9821  1027.5472  1027.5484     3.7613     2.6462     0.2134    33.8837    33.8852    8.30895         40 0.0000e+00
     62.000     61.350    -1.1218  27.292884    -1.1222  27.293067     6.8000     7.0168    16.2061    79.5580 1.0000e-12  -73.83676 -112.99496  39.809454      99.88 2.7551e+02    410.800       9860  1027.5555  1027.5561     3.7748     2.7614     0.2063    33.8863    33.8870    8.31571         32 0.0000e+00
     63.000     62.340    -1.1335  27.284319    -1.1344  27.284159     6.7992     7.0056    15.2403    80.3902 1.0000e-12  -73.83676 -112.99496  39.809470      99.72 2.7258e+02    412.222       9894  1027.5613  1027.5620     3.8139     2.4455     0.2122    33.8872    33.8880    8.31826         33 0.0000e+00
     64.000     63.328    -1.1320  27.286356    -1.1328  27.285762     6.7796     6.9861    15.1262    80.2180 1.0000e-12  -73.83677 -112.99496  39.809485      99.69 2.7502e+02    413.516       9925  1027.5660  1027.5661     3.8058     2.3735     0.2042    33.8877    33.8878    8.31790         31 0.0000e+00
     65.000     64.319    -1.1443  27.276705    -1.1449  27.277326     6.7524     6.9617    14.6235    79.2203 1.0000e-12  -73.83676 -112.99497  39.809502      92.83 2.7596e+02    414.937       9959  1027.5713  1027.5725     3.7584     2.4315     0.2047    33.8878    33.8892    8.32064         39 0.0000e+00
     66.000     65.307    -1.1658  27.261705    -1.1658  27.261838     6.7779     6.9754    16.1619    79.8574 1.0000e-12  -73.83676 -112.99497  39.809523      99.64 2.7342e+02    416.757      10003  1027.5795  1027.5797     3.7887     2.5070     0.2211    33.8909    33.8912    8.32523         41 0.0000e+00
     67.000     66.296    -1.1676  27.263436    -1.1676  27.263675     6.7875     6.9887    15.7376    80.9150 1.0000e-12  -73.83677 -112.99497  39.809544      99.56 2.7489e+02    418.580      10047  1027.5871  1027.5872     3.8388     2.2041     0.2039    33.8947    33.8950    8.32540         33 0.0000e+00
     68.000     67.288    -1.1729  27.260524    -1.1733  27.260632     6.7829     6.9842    13.9768    79.7659 1.0000e-12  -73.83677 -112.99497  39.809559      99.83 2.7634e+02    419.901      10079  1027.5930  1027.5935     3.7843     2.5309     0.2240    33.8961    33.8967    8.32650         28 0.0000e+00
     69.000     68.276    -1.1847  27.252466    -1.1849  27.252811     6.7824     6.9849    15.5381    79.7852 1.0000e-12  -73.83676 -112.99498  39.809574      99.79 2.7461e+02    421.166      10109  1027.5997  1027.6003     3.7852     2.5177     0.2142    33.8978    33.8985    8.32903         35 0.0000e+00
     70.000     69.265    -1.1891  27.250249    -1.1890  27.250276     6.7758     6.9794    15.0324    79.8514 1.0000e-12  -73.83676 -112.99498  39.809595      99.66 2.7280e+02    423.005      10153  1027.6054  1027.6054     3.7884     2.4683     0.1809    33.8991    33.8990    8.32993         41 0.0000e+00
     71.000     70.254    -1.1919  27.248908    -1.1923  27.248819     6.7764     6.9689    14.1274    79.1238 1.0000e-12  -73.83676 -112.99498  39.809615      99.54 2.7490e+02    424.758      10195  1027.6107  1027.6110     3.7539     2.2347     0.2124    33.8998    33.9001    8.33051         31 0.0000e+00
     72.000     71.243    -1.1972  27.245711    -1.1982  27.245184     6.7665     6.9594    15.1432    79.9154 1.0000e-12  -73.83676 -112.99498  39.809629      99.50 2.7446e+02    425.917      10223  1027.6165  1027.6169     3.7914     2.1468     0.2273    33.9008    33.9012    8.33163         26 0.0000e+00
     73.000     72.234    -1.2032  27.241692    -1.2035  27.241732     6.7566     6.9526    14.5669    79.3083 1.0000e-12  -73.83676 -112.99498  39.809641      99.69 2.7135e+02    427.001      10249  1027.6220  1027.6224     3.7627     2.3652     0.1944    33.9014    33.9018    8.33293         28 0.0000e+00
     74.000     73.223    -1.2095  27.237614    -1.2098  27.237501     6.7533     6.9481    14.4374    79.7865 1.0000e-12  -73.83676 -112.99498  39.809657      95.79 2.7552e+02    428.362      10282  1027.6278  1027.6280     3.7848     2.2321     0.2079    33.9023    33.9026    8.33427         32 0.0000e+00
     75.000     74.211    -1.2138  27.235295    -1.2138  27.235386     6.7676     6.9579    14.4357    79.3844 1.0000e-12  -73.83676 -112.99498  39.809677      99.94 2.7447e+02    430.096      10323  1027.6335  1027.6336     3.7663     2.4843     0.1981    33.9035    33.9036    8.33517         40 0.0000e+00
     76.000     75.201    -1.2187  27.232677    -1.2186  27.232804     6.7727     6.9755    14.3395    81.1323 1.0000e-12  -73.83676 -112.99499  39.809693      99.49 2.7143e+02    431.503      10357  1027.6395  1027.6396     3.8491     2.1513     0.2264    33.9048    33.9049    8.33618         30 0.0000e+00
     77.000     76.191    -1.2213  27.231571    -1.2213  27.231749     6.7809     6.9645    13.5332    80.4059 1.0000e-12  -73.83676 -112.99498  39.809707      99.74 2.7425e+02    432.650      10385  1027.6450  1027.6451     3.8147     2.4587     0.1941    33.9056    33.9058    8.33672         27 0.0000e+00
     78.000     77.179    -1.2247  27.229896    -1.2250  27.229909     6.7289     6.9138    13.7397    80.2415 1.0000e-12  -73.83676 -112.99498  39.809720      99.44 2.7586e+02    433.833      10413  1027.6507  1027.6509     3.8069     2.0624     0.2055    33.9065    33.9068    8.33743         30 0.0000e+00
     79.000     78.169    -1.2483  27.213338    -1.2495  27.213243     6.6293     6.8418    13.3884    80.5787 1.0000e-12  -73.83676 -112.99499  39.809736      99.55 2.7314e+02    435.211      10446  1027.6595  1027.6607     3.8229     2.2290     0.1951    33.9099    33.9112    8.34248         36 0.0000e+00
     80.000     79.158    -1.2824  27.188987    -1.2828  27.189346     6.5327     6.7578    19.4227    81.2059 1.0000e-12  -73.83676 -112.99499  39.809753      99.46 2.7460e+02    436.683      10481  1027.6700  1027.6707     3.8526     2.0918     0.1844    33.9146    33.9155    8.34984         33 0.0000e+00
     81.000     80.147    -1.3181  27.163837    -1.3185  27.164024     6.5028     6.7193    16.9652    81.8528 1.0000e-12  -73.83676 -112.99499  39.809769      99.39 2.7454e+02    438.001      10513  1027.6809  1027.6815     3.8833     2.0100     0.2023    33.9198    33.9205    8.35751         30 0.0000e+00
     82.000     81.136    -1.3284  27.157092    -1.3289  27.157001     6.5016     6.7082    13.4372    81.2319 1.0000e-12  -73.83676 -112.99500  39.809782      99.51 2.7166e+02    439.148      10541  1027.6874  1027.6878     3.8538     2.0848     0.1974    33.9216    33.9221    8.35971         27 0.0000e+00
     83.000     82.126    -1.3339  27.153499    -1.3342  27.153506     6.5027     6.6973    10.7138    80.9120 1.0000e-12  -73.83676 -112.99498  39.809795      99.36 2.7653e+02    440.305      10568  1027.6927  1027.6930     3.8387     1.7359     0.1921    33.9223    33.9226    8.36090         29 0.0000e+00
     84.000     83.115    -1.3395  27.149913    -1.3396  27.149986     6.4849     6.6863    11.3165    81.3296 1.0000e-12  -73.83676 -112.99499  39.809810      98.90 2.7576e+02    441.619      10600  1027.6981  1027.6983     3.8585     1.7152     0.1969    33.9231    33.9233    8.36211         33 0.0000e+00
     85.000     84.104    -1.3667  27.128906    -1.3679  27.128974     6.4694     6.6759    10.9207    82.5429 1.0000e-12  -73.83676 -112.99499  39.809827      99.01 2.7091e+02    443.010      10633  1027.7054  1027.7065     3.9160     1.6061     0.1755    33.9245    33.9258    8.36814         33 0.0000e+00
     86.000     85.094    -1.3853  27.115563    -1.3855  27.115728     6.4758     6.6691     8.7083    83.7895 1.0000e-12  -73.83676 -112.99500  39.809841      99.41 2.7483e+02    444.273      10664  1027.7126  1027.7130     3.9752     1.5481     0.1738    33.9265    33.9271    8.37218         28 0.0000e+00
     87.000     86.084    -1.3919  27.111084    -1.3922  27.111267     6.4759     6.6741     8.7178    83.5554 1.0000e-12  -73.83676 -112.99500  39.809854      99.41 2.7564e+02    445.368      10690  1027.7180  1027.7185     3.9640     1.5992     0.2015    33.9272    33.9279    8.37362         25 0.0000e+00
     88.000     87.072    -1.3981  27.106764    -1.3983  27.106828     6.4903     6.6842     9.1476    84.0017 1.0000e-12  -73.83676 -112.99498  39.809866      99.43 2.7409e+02    446.460      10716  1027.7233  1027.7235     3.9854     1.5932     0.1662    33.9277    33.9280    8.37499         27 0.0000e+00
     89.000     88.062    -1.4064  27.100277    -1.4073  27.099916     6.5082     6.6986     9.5351    85.3817 1.0000e-12  -73.83676 -112.99498  39.809880      99.45 2.7631e+02    447.649      10745  1027.7281  1027.7286     4.0504     1.4636     0.1745    33.9276    33.9281    8.37686         30 0.0000e+00
     90.000     89.050    -1.4205  27.089338    -1.4222  27.088137     6.5036     6.6996     9.8575    85.5369 1.0000e-12  -73.83676 -112.99498  39.809895      99.40 2.7487e+02    448.891      10774  1027.7337  1027.7340     4.0582     1.5638     0.1855    33.9279    33.9282    8.38002         29 0.0000e+00
     91.000     90.040    -1.4308  27.081913    -1.4306  27.082317     6.4946     6.6833     9.9155    86.2914 1.0000e-12  -73.83676 -112.99498  39.809908      99.48 2.7141e+02    450.066      10803  1027.7395  1027.7398     4.0936     1.4379     0.1524    33.9287    33.9291    8.38228         28 0.0000e+00
     92.000     91.029    -1.4395  27.077125    -1.4396  27.077131     6.4879     6.6715     8.7912    85.8637 1.0000e-12  -73.83676 -112.99498  39.809921      99.41 2.7422e+02    451.181      10829  1027.7467  1027.7467     4.0735     1.5554     0.1906    33.9314    33.9315    8.38409         27 0.0000e+00
     93.000     92.019    -1.4417  27.076427    -1.4418  27.076601     6.4497     6.6326     8.3712    85.5383 1.0000e-12  -73.83676 -112.99498  39.809934      99.50 2.7593e+02    452.337      10857  1027.7521  1027.7523     4.0581     1.3679     0.1837    33.9323    33.9326    8.38452         28 0.0000e+00
     94.000     93.007    -1.4465  27.074244    -1.4467  27.074212     6.4103     6.6114     7.8103    86.3389 1.0000e-12  -73.83676 -112.99498  39.809948      99.50 2.7353e+02    453.537      10886  1027.7584  1027.7585     4.0959     1.4028     0.1696    33.9342    33.9344    8.38550         28 0.0000e+00
     95.000     93.996    -1.4551  27.069485    -1.4550  27.069787     6.3962     6.5942     7.3305    85.9593 1.0000e-12  -73.83676 -112.99498  39.809962      98.61 2.7351e+02    454.675      10913  1027.7655  1027.7658     4.0780     1.2062     0.1581    33.9367    33.9370    8.38728         27 0.0000e+00
     96.000     94.986    -1.4608  27.066175    -1.4607  27.066250     6.3946     6.5889     7.2577    86.3660 1.0000e-12  -73.83676 -112.99498  39.809974      99.60 2.7557e+02    455.778      10940  1027.7715  1027.7715     4.0973     1.1230     0.1552    33.9380    33.9380    8.38849         27 0.0000e+00
     97.000     95.975    -1.4568  27.071104    -1.4572  27.071076     6.4143     6.6031     5.5760    87.6654 1.0000e-12  -73.83676 -112.99498  39.809988      99.59 2.7483e+02    456.944      10968  1027.7772  1027.7775     4.1589     1.1810     0.1628    33.9397    33.9400    8.38749         29 0.0000e+00
     98.000     96.965    -1.4655  27.064659    -1.4659  27.064480     6.4475     6.6258     5.5715    88.3063 1.0000e-12  -73.83676 -112.99498  39.810002      99.63 2.7269e+02    458.169      10997  1027.7826  1027.7828     4.1892     1.0983     0.1707    33.9400    33.9402    8.38943         29 0.0000e+00
     99.000     97.954    -1.4759  27.056864    -1.4758  27.057155     6.4313     6.6126     4.7734    88.3953 1.0000e-12  -73.83676 -112.99498  39.810016      99.75 2.7605e+02    459.366      11026  1027.7882  1027.7884     4.1936     0.8473     0.1654    33.9404    33.9407    8.39174         28 0.0000e+00
    100.000     98.942    -1.4798  27.055643    -1.4795  27.055791     6.4190     6.6083     5.3127    89.1724 1.0000e-12  -73.83676 -112.99496  39.810029      99.59 2.7534e+02    460.493      11053  1027.7948  1027.7946     4.2304     1.1665     0.1792    33.9426    33.9424    8.39249         26 0.0000e+00
    101.000     99.932    -1.4780  27.058916    -1.4785  27.058543     6.4259     6.6136     4.3229    88.9845 1.0000e-12  -73.83676 -112.99497  39.810042      99.72 2.7108e+02    461.612      11080  1027.8008  1027.8009     4.2215     0.9075     0.1626    33.9444    33.9445    8.39198         28 0.0000e+00
    102.000    100.922    -1.4869  27.052677    -1.4884  27.051726     6.4207     6.6117     5.7573    88.9275 1.0000e-12  -73.83676 -112.99497  39.810055      99.72 2.7538e+02    462.794      11108  1027.8067  1027.8071     4.2187     0.9021     0.1675    33.9453    33.9457    8.39394         29 0.0000e+00
    103.000    101.910    -1.4959  27.047375    -1.4956  27.047596     6.4142     6.6144     5.7737    89.8300 1.0000e-12  -73.83676 -112.99497  39.810069      99.68 2.7635e+02    463.999      11137  1027.8137  1027.8137     4.2615     0.9809     0.1730    33.9476    33.9476    8.39583         29 0.0000e+00
