ocean_section_plots/required_files/ctd/dnbp2202_ctd116.cnv
* Sea-Bird SBE 9 Data File:
* FileName = D:\Data\raw\NBP2202_CTD116.hex
* Software Version Seasave V 7.26.7.121
* Temperature SN = 1649
* Conductivity SN = 2513
* Number of Bytes Per Scan = 40
* Number of Voltage Words = 5
* Number of Scans Averaged by the Deck Unit = 1
* NMEA Latitude = 74 10.52 S
* NMEA Longitude = 113 20.65 W
* NMEA UTC (Time) = Jan 27 2022  09:10:51
* NMEA baud rate = 9600
** Ship: RVIB N.B. Palmer
** Cruise: NBP2202 Thwaites
** Station: YoYo001
** Operator: B. Bjork
# nquan = 25
# nvalues = 608                         
# units = specified
# name 0 = prDM: Pressure, Digiquartz [db]
# name 1 = depSM: Depth [salt water, m]
# name 2 = t090C: Temperature [ITS-90, deg C]
# name 3 = c0mS/cm: Conductivity [mS/cm]
# name 4 = t190C: Temperature, 2 [ITS-90, deg C]
# name 5 = c1mS/cm: Conductivity, 2 [mS/cm]
# name 6 = sbeox0ML/L: Oxygen, SBE 43 [ml/l]
# name 7 = sbeox1ML/L: Oxygen, SBE 43, 2 [ml/l]
# name 8 = flECO-AFL: Fluorescence, WET Labs ECO-AFL/FL [mg/m^3]
# name 9 = CStarTr0: Beam Transmission, WET Labs C-Star [%]
# name 10 = par: PAR/Irradiance, Biospherical/Licor
# name 11 = latitude: Latitude [deg]
# name 12 = longitude: Longitude [deg]
# name 13 = timeJ: Julian Days
# name 14 = altM: Altimeter [m]
# name 15 = spar: SPAR, Biospherical/Licor
# name 16 = timeS: Time, Elapsed [seconds]
# name 17 = scan: Scan Count
# name 18 = density00: Density [density, kg/m^3]
# name 19 = density11: Density, 2 [density, kg/m^3]
# name 20 = sal00: Salinity, Practical [PSU]
# name 21 = sal11: Salinity, Practical, 2 [PSU]
# name 22 = oxsolML/L: Oxygen Saturation, Garcia & Gordon [ml/l]
# name 23 = nbin: number of scans per bin
# name 24 = flag: flag
# span 0 =     10.000,    617.000       
# span 1 =      9.896,    609.700       
# span 2 =    -1.4008,     0.1117       
# span 3 =  27.020645,  28.945619       
# span 4 =    -1.4004,     0.1139       
# span 5 =  27.019989,  28.945374       
# span 6 =     4.6781,     8.6393       
# span 7 =     4.7279,     8.6357       
# span 8 =    -0.0225,    22.1265       
# span 9 =    70.1388,    95.5970       
# span 10 = -1.088e-04, 1.5397e+00      
# span 11 =  -74.17536,  -74.17536      
# span 12 = -113.34426, -113.34422      
# span 13 =  27.382874,  27.390206      
# span 14 =       7.03,     100.09      
# span 15 = 9.3433e+01, 1.0754e+02      
# span 16 =     29.326,    662.775      
# span 17 =        705,      15908      
# span 18 =  1027.2178,  1030.5250      
# span 19 =  1027.2157,  1030.5226      
# span 20 =    33.7859,    34.3858      
# span 21 =    33.7836,    34.3832      
# span 22 =    8.02128,    8.38164      
# span 23 =         13,         47      
# span 24 = 0.0000e+00, 0.0000e+00      
# interval = decibars: 1                
# start_time = Jan 27 2022 09:10:51 [NMEA time, header]
# bad_flag = -9.990e-29
*END*
     10.000      9.896    -1.0219  27.278159    -1.0182  27.279519     8.6378     8.4860    20.8963    71.8665 1.5397e+00  -74.17536 -113.34424  27.382874      99.97 9.3433e+01     29.326        705  1027.2178  1027.2157    33.7859    33.7836    8.29948         18 0.0000e+00
     11.000     10.886    -1.0239  27.277321    -1.0216  27.277837     8.6393     8.5289    21.9200    72.3541 1.1300e+00  -74.17536 -113.34424  27.382890      99.98 9.3433e+01     30.701        738  1027.2232  1027.2215    33.7864    33.7845    8.29990         33 0.0000e+00
     12.000     11.876    -1.0171  27.283026    -1.0168  27.281920     8.6227     8.5502    19.2652    71.1647 8.2172e-01  -74.17536 -113.34424  27.382906      99.98 9.3433e+01     32.097        771  1027.2272  1027.2257    33.7859    33.7840    8.29842         34 0.0000e+00
     13.000     12.865    -1.0215  27.280383    -1.0193  27.280628     8.6073     8.5611    21.4167    71.4882 5.9924e-01  -74.17536 -113.34424  27.382922      99.98 9.3433e+01     33.499        805  1027.2330  1027.2311    33.7866    33.7845    8.29935         33 0.0000e+00
     14.000     13.854    -1.0253  27.277765    -1.0240  27.277183     8.6019     8.5834    21.2021    70.6452 4.3500e-01  -74.17536 -113.34424  27.382939      99.99 9.3433e+01     34.889        838  1027.2381  1027.2363    33.7867    33.7845    8.30018         33 0.0000e+00
     15.000     14.845    -1.0243  27.278761    -1.0241  27.277626     8.5929     8.6065    21.0387    70.1388 3.1282e-01  -74.17536 -113.34424  27.382955      99.97 9.3433e+01     36.277        872  1027.2426  1027.2411    33.7864    33.7845    8.30000         34 0.0000e+00
     16.000     15.834    -1.0235  27.279608    -1.0215  27.279779     8.5677     8.6188    20.4835    71.5773 2.2364e-01  -74.17536 -113.34424  27.382971      99.10 9.3433e+01     37.661        905  1027.2470  1027.2453    33.7860    33.7840    8.29983         33 0.0000e+00
     17.000     16.823    -1.0342  27.272082    -1.0281  27.275639     8.5732     8.6357    20.2600    71.9278 1.5741e-01  -74.17536 -113.34424  27.382987      99.93 9.3433e+01     39.073        939  1027.2535  1027.2515    33.7871    33.7851    8.30213         34 0.0000e+00
     18.000     17.814    -1.0350  27.272484    -1.0288  27.275720     8.5501     8.6193    22.1265    70.8577 1.0821e-01  -74.17536 -113.34424  27.383003      99.98 9.3433e+01     40.487        973  1027.2590  1027.2566    33.7880    33.7854    8.30227         34 0.0000e+00
     19.000     18.803    -1.0379  27.270713    -1.0386  27.269083     8.4046     8.5120    19.8151    71.4091 7.1049e-02  -74.17536 -113.34424  27.383019      99.98 9.3433e+01     41.876       1006  1027.2641  1027.2630    33.7882    33.7867    8.30290         33 0.0000e+00
     20.000     19.790    -1.0403  27.268325    -1.0386  27.268771     8.1102     8.2842    19.8949    70.7737 4.1902e-02  -74.17536 -113.34424  27.383035      99.97 9.3433e+01     43.252       1039  1027.2680  1027.2670    33.7869    33.7857    8.30348         28 0.0000e+00
     21.000     20.780    -1.1176  27.209547    -1.1153  27.210898     8.0093     8.2070    20.1263    70.3652 2.0035e-02  -74.17536 -113.34424  27.383052      99.98 9.3433e+01     44.653       1073  1027.2826  1027.2819    33.7932    33.7924    8.32028         31 0.0000e+00
     22.000     21.771    -1.1261  27.205350    -1.1226  27.206760     8.1449     8.3106    17.8087    70.5226 3.6527e-03  -74.17536 -113.34424  27.383068      99.98 9.3433e+01     46.061       1106  1027.2901  1027.2884    33.7964    33.7944    8.32197         34 0.0000e+00
     23.000     22.761    -1.1071  27.220486    -1.0947  27.227653     8.3406     8.4441    15.4794    71.4443 -1.088e-04  -74.17536 -113.34424  27.383084      99.91 9.3433e+01     47.457       1140  1027.2923  1027.2882    33.7951    33.7909    8.31783         31 0.0000e+00
     24.000     23.750    -1.0705  27.248417    -1.0670  27.249569     8.3792     8.4767    16.6756    71.2756 1.0000e-12  -74.17536 -113.34424  27.383100      99.97 9.3433e+01     48.846       1173  1027.2917  1027.2896    33.7914    33.7890    8.30993         34 0.0000e+00
     25.000     24.740    -1.0695  27.249728    -1.0681  27.249443     8.2942     8.4181    17.7793    72.5789 1.0000e-12  -74.17536 -113.34424  27.383116      99.00 9.3433e+01     50.224       1206  1027.2963  1027.2949    33.7913    33.7894    8.30970         32 0.0000e+00
     26.000     25.730    -1.0776  27.243582    -1.0729  27.246242     8.1479     8.3133    18.6628    71.0502 1.0000e-12  -74.17536 -113.34424  27.383131      99.97 9.3433e+01     51.538       1238  1027.3018  1027.3003    33.7915    33.7899    8.31150         31 0.0000e+00
     27.000     26.718    -1.1089  27.220747    -1.1075  27.220930     8.0700     8.2477    18.5943    72.3775 1.0000e-12  -74.17536 -113.34424  27.383146      99.97 9.3433e+01     52.847       1269  1027.3113  1027.3103    33.7950    33.7937    8.31824         32 0.0000e+00
     28.000     27.708    -1.1164  27.215761    -1.1081  27.220792     8.0425     8.2023    19.3123    71.9557 1.0000e-12  -74.17536 -113.34424  27.383162      99.98 9.3433e+01     54.195       1302  1027.3172  1027.3148    33.7959    33.7935    8.31984         32 0.0000e+00
     29.000     28.698    -1.1224  27.211553    -1.1198  27.212338     8.0218     8.1757    17.0051    71.9290 1.0000e-12  -74.17536 -113.34424  27.383177      99.97 9.3433e+01     55.510       1333  1027.3225  1027.3210    33.7964    33.7945    8.32115         31 0.0000e+00
     30.000     29.687    -1.1255  27.209893    -1.1234  27.210296     8.0189     8.1614    16.9443    71.9954 1.0000e-12  -74.17536 -113.34424  27.383192      99.98 9.3433e+01     56.772       1364  1027.3279  1027.3264    33.7970    33.7952    8.32181         30 0.0000e+00
     31.000     30.677    -1.1271  27.209550    -1.1225  27.212212     8.0158     8.1560    17.4575    72.7346 1.0000e-12  -74.17536 -113.34424  27.383207      99.99 9.3433e+01     58.077       1395  1027.3332  1027.3317    33.7977    33.7961    8.32212         32 0.0000e+00
     32.000     31.666    -1.1252  27.211882    -1.1236  27.211814     8.0009     8.1435    16.9659    72.2923 1.0000e-12  -74.17536 -113.34424  27.383222      99.96 9.3433e+01     59.390       1426  1027.3381  1027.3366    33.7981    33.7962    8.32167         32 0.0000e+00
     33.000     32.656    -1.1296  27.209238    -1.1274  27.210041     7.9866     8.1264    16.9623    72.6880 1.0000e-12  -74.17536 -113.34424  27.383237      99.98 9.3433e+01     60.677       1457  1027.3437  1027.3424    33.7989    33.7974    8.32261         30 0.0000e+00
     34.000     33.645    -1.1329  27.207324    -1.1313  27.207334     7.9828     8.1165    16.4986    73.8140 1.0000e-12  -74.17536 -113.34424  27.383252      99.99 9.3433e+01     61.966       1488  1027.3490  1027.3475    33.7993    33.7975    8.32332         31 0.0000e+00
     35.000     34.636    -1.1328  27.207969    -1.1281  27.210468     7.9588     8.0911    18.4196    73.7507 1.0000e-12  -74.17536 -113.34424  27.383267      99.94 9.3433e+01     63.247       1519  1027.3537  1027.3520    33.7994    33.7975    8.32328         30 0.0000e+00
     36.000     35.624    -1.1379  27.204235    -1.1412  27.200602     7.9429     8.0791    17.6406    73.6869 1.0000e-12  -74.17536 -113.34424  27.383281      99.47 9.3433e+01     64.499       1549  1027.3588  1027.3580    33.7995    33.7981    8.32442         31 0.0000e+00
     37.000     36.614    -1.1396  27.204239    -1.1386  27.203439     7.9428     8.0746    18.0433    74.5805 1.0000e-12  -74.17536 -113.34424  27.383296      99.84 9.3433e+01     65.781       1580  1027.3647  1027.3629    33.8008    33.7986    8.32472         31 0.0000e+00
     38.000     37.602    -1.1373  27.206815    -1.1369  27.206226     7.9296     8.0599    17.9534    72.6232 1.0000e-12  -74.17536 -113.34424  27.383311      99.92 9.3433e+01     67.070       1611  1027.3696  1027.3684    33.8011    33.7997    8.32419         28 0.0000e+00
     39.000     38.594    -1.1411  27.204669    -1.1409  27.203414     7.9233     8.0560    16.4174    73.9911 1.0000e-12  -74.17536 -113.34424  27.383326      99.93 9.3433e+01     68.325       1641  1027.3750  1027.3735    33.8018    33.7998    8.32499         30 0.0000e+00
     40.000     39.582    -1.1425  27.203760    -1.1403  27.204342     7.9253     8.0529    18.5230    73.4917 1.0000e-12  -74.17536 -113.34424  27.383340      99.98 9.3433e+01     69.588       1671  1027.3797  1027.3782    33.8015    33.7998    8.32532         31 0.0000e+00
     41.000     40.572    -1.1438  27.203479    -1.1403  27.205011     7.9378     8.0520    16.7266    72.8589 1.0000e-12  -74.17536 -113.34424  27.383355      99.97 9.3433e+01     70.859       1702  1027.3848  1027.3832    33.8020    33.8001    8.32558         30 0.0000e+00
     42.000     41.561    -1.1385  27.208792    -1.1426  27.203604     7.9393     8.0602    16.9818    74.4533 1.0000e-12  -74.17536 -113.34424  27.383369      99.96 9.3433e+01     72.096       1731  1027.3898  1027.3881    33.8026    33.8001    8.32436         29 0.0000e+00
     43.000     42.551    -1.1363  27.211165    -1.1349  27.210919     7.9380     8.0610    17.3170    74.6462 1.0000e-12  -74.17536 -113.34424  27.383383      99.96 9.3433e+01     73.335       1761  1027.3945  1027.3930    33.8027    33.8009    8.32386         30 0.0000e+00
     44.000     43.540    -1.1374  27.210599    -1.1364  27.210157     7.9196     8.0535    17.3808    73.7641 1.0000e-12  -74.17536 -113.34424  27.383398      99.96 9.3433e+01     74.598       1791  1027.3993  1027.3979    33.8026    33.8009    8.32412         31 0.0000e+00
     45.000     44.530    -1.1402  27.208752    -1.1384  27.208922     7.9093     8.0485    18.1990    73.9879 1.0000e-12  -74.17536 -113.34424  27.383412      98.75 9.3433e+01     75.825       1821  1027.4042  1027.4027    33.8026    33.8008    8.32473         29 0.0000e+00
     46.000     45.518    -1.1416  27.208355    -1.1393  27.208796     7.9033     8.0304    15.9921    74.5723 1.0000e-12  -74.17536 -113.34424  27.383426      93.30 9.3433e+01     77.043       1850  1027.4094  1027.4077    33.8030    33.8010    8.32502         30 0.0000e+00
     47.000     46.508    -1.1415  27.209110    -1.1411  27.208037     7.8862     8.0111    17.2241    74.6533 1.0000e-12  -74.17536 -113.34424  27.383441      99.88 9.3433e+01     78.293       1880  1027.4145  1027.4129    33.8033    33.8014    8.32499         30 0.0000e+00
     48.000     47.498    -1.1424  27.209080    -1.1409  27.209194     7.8499     7.9774    17.9587    75.0942 1.0000e-12  -74.17536 -113.34423  27.383455      99.94 9.3433e+01     79.512       1909  1027.4197  1027.4183    33.8037    33.8021    8.32517         28 0.0000e+00
     49.000     48.487    -1.1481  27.205090    -1.1452  27.206241     7.8067     7.9430    18.1406    73.3878 1.0000e-12  -74.17536 -113.34423  27.383469      99.93 9.3433e+01     80.709       1938  1027.4250  1027.4235    33.8040    33.8023    8.32641         29 0.0000e+00
     50.000     49.476    -1.1616  27.194536    -1.1589  27.195822     7.7487     7.8806    16.5068    74.4049 1.0000e-12  -74.17536 -113.34423  27.383483      99.95 9.3433e+01     81.920       1967  1027.4308  1027.4296    33.8042    33.8029    8.32941         29 0.0000e+00
     51.000     50.466    -1.1592  27.196845    -1.1650  27.191135     7.5937     7.7877    17.1196    74.7671 1.0000e-12  -74.17536 -113.34424  27.383497      99.94 9.3433e+01     83.118       1996  1027.4352  1027.4345    33.8040    33.8027    8.32889         28 0.0000e+00
     52.000     51.456    -1.1798  27.179951    -1.1657  27.190968     7.4507     7.6670    16.9777    74.7360 1.0000e-12  -74.17536 -113.34422  27.383510      99.98 9.3433e+01     84.292       2024  1027.4408  1027.4393    33.8035    33.8027    8.33350         29 0.0000e+00
     53.000     52.444    -1.2351  27.137261    -1.2230  27.146111     7.4313     7.5979    15.8952    74.3885 1.0000e-12  -74.17536 -113.34423  27.383524      99.83 9.3433e+01     85.473       2052  1027.4516  1027.4496    33.8068    33.8053    8.34564         28 0.0000e+00
     54.000     53.435    -1.2289  27.142945    -1.2284  27.141861     7.3834     7.5210    15.6009    74.5679 1.0000e-12  -74.17536 -113.34423  27.383538      99.55 9.3433e+01     86.658       2081  1027.4558  1027.4542    33.8070    33.8050    8.34425         28 0.0000e+00
     55.000     54.422    -1.2213  27.149260    -1.2176  27.151027     7.1920     7.3674    15.6609    75.9978 1.0000e-12  -74.17536 -113.34423  27.383551      99.59 9.3433e+01     87.815       2109  1027.4594  1027.4578    33.8064    33.8047    8.34258         28 0.0000e+00
     56.000     55.413    -1.2601  27.117477    -1.2556  27.121269     7.0219     7.2192    15.9723    76.7920 1.0000e-12  -74.17536 -113.34423  27.383564      99.70 9.3433e+01     88.961       2136  1027.4661  1027.4661    33.8061    33.8062    8.35128         27 0.0000e+00
     57.000     56.402    -1.3127  27.075130    -1.3152  27.073046     6.9744     7.1523    14.6579    77.0335 1.0000e-12  -74.17536 -113.34423  27.383576      95.57 9.3433e+01     89.955       2160  1027.4744  1027.4746    33.8067    33.8067    8.36300         21 0.0000e+00
     58.000     57.391    -1.3258  27.065236    -1.3240  27.065928     6.9687     7.1388    13.1759    77.3538 1.0000e-12  -74.17536 -113.34423  27.383587      99.44 9.3433e+01     90.898       2183  1027.4801  1027.4792    33.8074    33.8062    8.36592         24 0.0000e+00
     59.000     58.381    -1.3278  27.064147    -1.3270  27.063861     6.9898     7.1383    12.4161    77.0816 1.0000e-12  -74.17536 -113.34423  27.383599      99.32 9.3433e+01     91.940       2208  1027.4847  1027.4836    33.8075    33.8061    8.36635         26 0.0000e+00
     60.000     59.370    -1.3227  27.068907    -1.3206  27.069463     6.9963     7.1367    11.7915    78.6263 1.0000e-12  -74.17536 -113.34423  27.383611      99.35 9.3433e+01     93.031       2234  1027.4889  1027.4875    33.8076    33.8060    8.36520         26 0.0000e+00
     61.000     60.361    -1.3252  27.067209    -1.3224  27.068771     6.9959     7.1284    11.6497    80.0569 1.0000e-12  -74.17536 -113.34422  27.383624      54.25 9.3433e+01     94.114       2260  1027.4934  1027.4924    33.8075    33.8064    8.36577         26 0.0000e+00
     62.000     61.349    -1.3304  27.063770    -1.3292  27.063599     7.0040     7.1259    11.7849    80.8499 1.0000e-12  -74.17536 -113.34424  27.383637      99.49 9.3433e+01     95.212       2286  1027.4987  1027.4974    33.8080    33.8064    8.36691         27 0.0000e+00
     63.000     62.340    -1.3289  27.065482    -1.3277  27.065506     7.0091     7.1238    12.0957    79.7653 1.0000e-12  -74.17536 -113.34422  27.383650      99.36 9.3433e+01     96.320       2313  1027.5032  1027.5020    33.8081    33.8067    8.36657         26 0.0000e+00
     64.000     63.327    -1.3319  27.063666    -1.3293  27.064673     7.0198     7.1215    10.9838    79.6140 1.0000e-12  -74.17536 -113.34424  27.383662      99.33 9.3433e+01     97.400       2339  1027.5081  1027.5067    33.8084    33.8068    8.36723         26 0.0000e+00
     65.000     64.316    -1.3288  27.066893    -1.3278  27.066510     7.0179     7.1239     9.7705    81.0895 1.0000e-12  -74.17536 -113.34422  27.383675      99.36 9.3433e+01     98.481       2365  1027.5127  1027.5114    33.8086    33.8070    8.36650         26 0.0000e+00
     66.000     65.307    -1.3265  27.069327    -1.3273  27.067430     7.0080     7.1133    10.6976    81.2057 1.0000e-12  -74.17536 -113.34424  27.383687      99.36 9.3629e+01     99.581       2391  1027.5174  1027.5161    33.8088    33.8070    8.36599         27 0.0000e+00
