ocean_section_plots/required_files/ctd/dnbp2202_ctd269.cnv
* Sea-Bird SBE 9 Data File:
* FileName = D:\Data\raw\NBP2202_CTD269.hex
* Software Version Seasave V 7.26.7.121
* Temperature SN = 1649
* Conductivity SN = 2513
* Number of Bytes Per Scan = 40
* Number of Voltage Words = 5
* Number of Scans Averaged by the Deck Unit = 1
* NMEA Latitude = 73 42.90 S
* NMEA Longitude = 116 52.41 W
* NMEA UTC (Time) = Feb 20 2022  17:06:04
* NMEA baud rate = 9600
** Ship: RVIB N.B. Palmer
** Cruise: NBP2202 Thwaites
** Station: 172
** Operator: A. Robinson
# nquan = 28
# nvalues = 508                         
# units = specified
# name 0 = prDM: Pressure, Digiquartz [db]
# name 1 = depSM: Depth [salt water, m]
# name 2 = t090C: Temperature [ITS-90, deg C]
# name 3 = c0mS/cm: Conductivity [mS/cm]
# name 4 = t190C: Temperature, 2 [ITS-90, deg C]
# name 5 = c1mS/cm: Conductivity, 2 [mS/cm]
# name 6 = sbeox0ML/L: Oxygen, SBE 43 [ml/l]
# name 7 = sbeox1ML/L: Oxygen, SBE 43, 2 [ml/l]
# name 8 = flECO-AFL: Fluorescence, WET Labs ECO-AFL/FL [mg/m^3]
# name 9 = CStarTr0: Beam Transmission, WET Labs C-Star [%]
# name 10 = par: PAR/Irradiance, Biospherical/Licor
# name 11 = latitude: Latitude [deg]
# name 12 = longitude: Longitude [deg]
# name 13 = timeJ: Julian Days
# name 14 = altM: Altimeter [m]
# name 15 = spar: SPAR, Biospherical/Licor
# name 16 = timeS: Time, Elapsed [seconds]
# name 17 = scan: Scan Count
# name 18 = density00: Density [density, kg/m^3]
# name 19 = density11: Density, 2 [density, kg/m^3]
# name 20 = v3: Voltage 3
# name 21 = v4: Voltage 4
# name 22 = v5: Voltage 5
# name 23 = sal00: Salinity, Practical [PSU]
# name 24 = sal11: Salinity, Practical, 2 [PSU]
# name 25 = oxsolML/L: Oxygen Saturation, Garcia & Gordon [ml/l]
# name 26 = nbin: number of scans per bin
# name 27 = flag: flag
# span 0 =      3.000,    510.000       
# span 1 =      2.972,    504.111       
# span 2 =    -1.7731,     0.0522       
# span 3 =  26.999238,  28.706186       
# span 4 =    -1.7725,     0.0499       
# span 5 =  26.999737,  28.706392       
# span 6 =     4.9835,     8.7988       
# span 7 =     5.1319,     9.1452       
# span 8 =     0.2702,    12.5235       
# span 9 =    87.8273,    98.3426       
# span 10 = 1.0000e-12, 9.0170e+01      
# span 11 =  -73.71514,  -73.71512      
# span 12 = -116.87354, -116.87350      
# span 13 =  51.715360,  51.723302      
# span 14 =       3.17,      99.92      
# span 15 = 2.0278e+02, 2.6358e+02      
# span 16 =    243.079,    929.261      
# span 17 =       5835,      22303      
# span 18 =  1027.0691,  1030.0538      
# span 19 =  1027.0693,  1030.0524      
# span 20 =     4.1666,     4.6652      
# span 21 =     0.1027,     1.8057      
# span 22 =     0.1099,     0.2169      
# span 23 =    33.6996,    34.4057      
# span 24 =    33.7007,    34.4041      
# span 25 =    8.07201,    8.44882      
# span 26 =         21,         49      
# span 27 = 0.0000e+00, 0.0000e+00      
# interval = decibars: 1                
# start_time = Feb 20 2022 17:06:04 [NMEA time, header]
# bad_flag = -9.990e-29
*END*
      3.000      2.972     0.0441  28.095414     0.0455  28.096874     8.6867     8.6870     7.9853    89.0396 9.0170e+01  -73.71514 -116.87352  51.715360      98.05 2.0434e+02    243.079       5835  1027.0691  1027.0693     4.2250     1.2171     0.1892    33.7004    33.7007    8.07410         25 0.0000e+00
      4.000      3.961     0.0522  28.102233     0.0499  28.101107     8.6936     8.6887     7.5075    88.9994 7.1906e+01  -73.71514 -116.87351  51.715426      99.71 2.0321e+02    248.816       5973  1027.0729  1027.0740     4.2220     1.1161     0.1878    33.6999    33.7010    8.07243         35 0.0000e+00
      5.000      4.946     0.0352  28.088333     0.0312  28.085966     8.6971     8.7079     8.4417    88.9801 5.8079e+01  -73.71514 -116.87351  51.715453      84.49 2.0311e+02    251.183       6029  1027.0788  1027.0801     4.2212     1.0981     0.1734    33.6996    33.7009    8.07602         37 0.0000e+00
      6.000      5.941     0.0310  28.085765     0.0315  28.086731     8.6878     8.7537     7.2786    89.4900 4.6996e+01  -73.71514 -116.87350  51.715477      97.65 2.0278e+02    253.181       6077  1027.0843  1027.0848     4.2455     1.1545     0.2079    33.7003    33.7009    8.07688         36 0.0000e+00
      7.000      6.927     0.0258  28.082105     0.0244  28.081660     8.6927     8.8105     8.4123    89.5122 3.8752e+01  -73.71514 -116.87351  51.715499      99.56 2.0399e+02    255.087       6123  1027.0897  1027.0905     4.2465     1.2548     0.1868    33.7005    33.7015    8.07796         38 0.0000e+00
      8.000      7.917     0.0255  28.083113     0.0254  28.083471     8.7020     8.8505     8.6810    89.3563 3.1384e+01  -73.71514 -116.87352  51.715519      99.54 2.0474e+02    256.850       6165  1027.0953  1027.0957     4.2393     1.2765     0.1789    33.7016    33.7022    8.07796         36 0.0000e+00
      9.000      8.906     0.0266  28.085323     0.0275  28.086398     8.7015     8.9310     7.1701    88.6457 2.7014e+01  -73.71514 -116.87352  51.715542      99.57 2.0302e+02    258.809       6212  1027.1007  1027.1010     4.2054     1.2222     0.1947    33.7027    33.7032    8.07766         42 0.0000e+00
     10.000      9.897     0.0278  28.086999     0.0281  28.087624     8.6954     8.9824     8.5847    88.7672 2.2690e+01  -73.71514 -116.87352  51.715565      99.63 2.0447e+02    260.850       6261  1027.1056  1027.1060     4.2114     1.0428     0.1947    33.7030    33.7036    8.07740         34 0.0000e+00
     11.000     10.886     0.0278  28.087459     0.0281  28.088236     8.6906     9.0073     6.6676    89.4510 1.8641e+01  -73.71514 -116.87352  51.715586      99.62 2.0427e+02    262.667       6305  1027.1104  1027.1109     4.2436     1.0948     0.2077    33.7031    33.7037    8.07740         39 0.0000e+00
     12.000     11.876     0.0275  28.087847     0.0279  28.088484     8.6994     9.0322    10.1830    89.1315 1.5715e+01  -73.71514 -116.87352  51.715607      83.92 2.0478e+02    264.451       6348  1027.1154  1027.1156     4.2279     1.2213     0.2169    33.7032    33.7036    8.07744         39 0.0000e+00
     13.000     12.865     0.0273  28.087997     0.0278  28.088732     8.7015     9.0355     9.6105    88.8147 1.3490e+01  -73.71514 -116.87352  51.715629      95.18 2.0567e+02    266.358       6394  1027.1200  1027.1204     4.2134     1.2284     0.1934    33.7031    33.7035    8.07750         36 0.0000e+00
     14.000     13.856     0.0272  28.088250     0.0276  28.088805     8.6896     9.0330    10.2577    87.8273 1.1379e+01  -73.71514 -116.87352  51.715651      99.60 2.0628e+02    268.258       6439  1027.1246  1027.1249     4.1666     1.4388     0.1858    33.7030    33.7032    8.07754         33 0.0000e+00
     15.000     14.845     0.0267  28.088706     0.0273  28.089360     8.6973     9.0364     7.9270    88.8785 9.6200e+00  -73.71514 -116.87352  51.715673      99.49 2.0626e+02    270.129       6484  1027.1299  1027.1300     4.2151     1.3626     0.2039    33.7035    33.7037    8.07761         35 0.0000e+00
     16.000     15.834     0.0269  28.090091     0.0275  28.090795     8.6979     9.0334     6.2368    89.7170 8.2736e+00  -73.71514 -116.87352  51.715693      99.60 2.0739e+02    271.915       6527  1027.1354  1027.1357     4.2560     1.1304     0.1852    33.7045    33.7048    8.07750         36 0.0000e+00
     17.000     16.823     0.0269  28.090684     0.0274  28.090871     8.7039     9.0294     9.2419    88.5078 7.1437e+00  -73.71514 -116.87352  51.715714      99.52 2.0869e+02    273.692       6570  1027.1403  1027.1401     4.1989     1.2936     0.1824    33.7046    33.7044    8.07749         43 0.0000e+00
     18.000     17.813     0.0271  28.091407     0.0277  28.091925     8.6994     9.0416     8.8374    89.8237 6.0893e+00  -73.71514 -116.87352  51.715738      99.48 2.0963e+02    275.764       6619  1027.1453  1027.1452     4.2611     1.4332     0.1783    33.7048    33.7048    8.07745         41 0.0000e+00
     19.000     18.804     0.0265  28.091176     0.0269  28.092090     8.7006     9.0464    11.0007    89.5764 5.1902e+00  -73.71514 -116.87352  51.715761      99.58 2.1093e+02    277.710       6666  1027.1498  1027.1504     4.2495     1.4970     0.2043    33.7046    33.7053    8.07759         38 0.0000e+00
     20.000     19.792     0.0262  28.092241     0.0270  28.093771     8.6941     9.0545    10.9314    89.3154 4.5189e+00  -73.71514 -116.87352  51.715780      99.49 2.1299e+02    279.366       6706  1027.1555  1027.1564     4.2372     1.3959     0.1995    33.7057    33.7069    8.07759         36 0.0000e+00
     21.000     20.782     0.0264  28.093999     0.0274  28.095516     8.7053     9.0571    12.3686    89.2689 3.8618e+00  -73.71514 -116.87352  51.715802      99.55 2.1244e+02    281.283       6752  1027.1615  1027.1622     4.2350     1.2354     0.1940    33.7072    33.7081    8.07746         43 0.0000e+00
     22.000     21.772     0.0277  28.099433     0.0283  28.099800     8.7150     9.0616    12.5235    88.1885 3.3218e+00  -73.71514 -116.87351  51.715827      99.45 2.1284e+02    283.445       6804  1027.1703  1027.1701     4.1837     1.4896     0.1760    33.7123    33.7121    8.07689         41 0.0000e+00
     23.000     22.760     0.0287  28.103017     0.0292  28.103680     8.7392     9.0708    10.0755    89.3789 2.8877e+00  -73.71514 -116.87352  51.715846      99.52 2.1355e+02    285.086       6843  1027.1775  1027.1777     4.2401     1.3110     0.1764    33.7154    33.7158    8.07651         34 0.0000e+00
     24.000     23.751     0.0297  28.113320     0.0297  28.113385     8.7621     9.0917     9.1412    89.8942 2.4737e+00  -73.71514 -116.87352  51.715865      99.53 2.1404e+02    286.765       6883  1027.1918  1027.1919     4.2644     1.5063     0.1928    33.7273    33.7274    8.07562         41 0.0000e+00
     25.000     24.739     0.0229  28.115465     0.0231  28.116076     8.7646     9.0990    10.9823    89.1169 2.1059e+00  -73.71514 -116.87352  51.715891      99.59 2.1507e+02    288.969       6936  1027.2050  1027.2055     4.2277     1.3092     0.1940    33.7371    33.7377    8.07651         40 0.0000e+00
     26.000     25.730     0.0148  28.116349     0.0155  28.116992     8.7679     9.1099     9.5554    88.7655 1.8291e+00  -73.71514 -116.87352  51.715914      99.06 2.1507e+02    290.926       6983  1027.2180  1027.2180     4.2111     1.6884     0.2156    33.7466    33.7466    8.07768         40 0.0000e+00
     27.000     26.719    -0.0021  28.116249    -0.0018  28.116950     8.7774     9.1112    11.3890    90.2072 1.5622e+00  -73.71514 -116.87352  51.715932      99.53 2.1542e+02    292.552       7022  1027.2384  1027.2390     4.2794     1.2650     0.1709    33.7645    33.7652    8.08023         39 0.0000e+00
     28.000     27.708    -0.0016  28.116885     0.0000  28.117567     8.7729     9.1172     9.9962    88.2792 1.3322e+00  -73.71514 -116.87352  51.715953      99.42 2.1627e+02    294.345       7065  1027.2428  1027.2419     4.1883     1.8057     0.1916    33.7642    33.7633    8.08015         41 0.0000e+00
     29.000     28.700    -0.0016  28.117621    -0.0010  28.118245     8.7754     9.1232     8.2255    88.8368 1.1459e+00  -73.71514 -116.87352  51.715978      99.56 2.1626e+02    296.476       7116  1027.2477  1027.2478     4.2142     1.2206     0.1843    33.7646    33.7647    8.08012         40 0.0000e+00
     30.000     29.688    -0.0040  28.118003    -0.0030  28.118725     8.7785     9.1151     9.5468    89.2388 9.8529e-01  -73.71514 -116.87352  51.715999      99.51 2.1713e+02    298.320       7161  1027.2547  1027.2545     4.2335     1.6263     0.1876    33.7672    33.7670    8.08049         41 0.0000e+00
     31.000     30.677    -0.0038  28.118339    -0.0028  28.119175     8.7665     9.1162     8.0644    89.7591 8.3803e-01  -73.71514 -116.87352  51.716020      99.49 2.1755e+02    300.092       7203  1027.2590  1027.2590     4.2582     1.3463     0.1976    33.7667    33.7667    8.08046         42 0.0000e+00
     32.000     31.668    -0.0031  28.118762    -0.0023  28.119548     8.7638     9.1214     9.0967    90.1204 7.2029e-01  -73.71514 -116.87352  51.716042      99.53 2.1801e+02    302.020       7249  1027.2630  1027.2631     4.2751     1.5497     0.1945    33.7659    33.7661    8.08036         39 0.0000e+00
     33.000     32.658    -0.0045  28.119422    -0.0039  28.119965     8.7702     9.1134     8.5200    88.3002 6.2316e-01  -73.71514 -116.87352  51.716063      97.19 2.1865e+02    303.867       7294  1027.2694  1027.2693     4.1893     1.5599     0.1818    33.7678    33.7678    8.08056         36 0.0000e+00
     34.000     33.646    -0.0044  28.120607    -0.0043  28.121154     8.7644     9.1146    11.2484    89.2240 5.3691e-01  -73.71514 -116.87352  51.716086      72.42 2.1860e+02    305.804       7340  1027.2747  1027.2753     4.2328     1.5627     0.1685    33.7686    33.7692    8.08049         45 0.0000e+00
     35.000     34.636    -0.0051  28.121110    -0.0045  28.121509     8.7742     9.1097     7.4484    88.4892 4.5658e-01  -73.71514 -116.87352  51.716106      99.55 2.1860e+02    307.589       7383  1027.2802  1027.2801     4.1980     1.4138     0.1770    33.7694    33.7693    8.08059         39 0.0000e+00
     36.000     35.625    -0.0103  28.121057    -0.0093  28.121821     8.7873     9.1213     8.9403    89.0816 3.8925e-01  -73.71514 -116.87352  51.716126      99.47 2.1909e+02    309.270       7423  1027.2894  1027.2894     4.2263     1.4686     0.1832    33.7745    33.7745    8.08140         40 0.0000e+00
     37.000     36.615    -0.0161  28.121061    -0.0151  28.122069     8.7806     9.1214     9.3439    89.6542 3.2936e-01  -73.71514 -116.87353  51.716150      99.40 2.2031e+02    311.327       7473  1027.2993  1027.2994     4.2533     1.6367     0.2111    33.7803    33.7805    8.08229         47 0.0000e+00
     38.000     37.604    -0.0205  28.122787    -0.0201  28.123499     8.7913     9.1423     9.1838    90.2068 2.7968e-01  -73.71514 -116.87353  51.716173      99.51 2.2036e+02    313.352       7521  1027.3096  1027.3100     4.2794     1.3118     0.1846    33.7868    33.7874    8.08285         39 0.0000e+00
     39.000     38.593    -0.0510  28.112384    -0.0557  28.109842     8.7988     9.1452     9.0575    88.9349 2.3743e-01  -73.71514 -116.87353  51.716191      99.50 2.2036e+02    314.865       7558  1027.3323  1027.3342     4.2194     1.6064     0.1699    33.8062    33.8081    8.08820         34 0.0000e+00
     40.000     39.583    -0.0511  28.120594    -0.0506  28.121052     8.7985     9.1381     9.5081    89.3181 1.9866e-01  -73.71514 -116.87353  51.716208      99.42 2.2064e+02    316.378       7594  1027.3452  1027.3452     4.2370     1.5614     0.1663    33.8166    33.8166    8.08764         39 0.0000e+00
     41.000     40.572    -0.0469  28.126403    -0.0458  28.126939     8.7854     9.1299     8.5129    89.6054 1.6644e-01  -73.71514 -116.87354  51.716230      93.43 2.2072e+02    318.287       7640  1027.3515  1027.3510     4.2507     1.6574     0.1689    33.8191    33.8186    8.08661         39 0.0000e+00
     42.000     41.562    -0.0430  28.130209    -0.0420  28.131311     8.7722     9.1250     7.4547    90.0277 1.3735e-01  -73.71514 -116.87353  51.716250      99.78 2.2067e+02    319.962       7680  1027.3559  1027.3561     4.2709     1.1138     0.1614    33.8192    33.8196    8.08578         34 0.0000e+00
     43.000     42.552    -0.0390  28.135123    -0.0391  28.134720     8.7849     9.1344     8.2405    89.8025 1.1377e-01  -73.71514 -116.87352  51.716266      99.47 2.2205e+02    321.416       7715  1027.3615  1027.3612     4.2603     1.4182     0.1526    33.8206    33.8202    8.08484         35 0.0000e+00
     44.000     43.540    -0.0332  28.141747    -0.0324  28.142415     8.7885     9.1320    10.3830    90.3591 9.3316e-02  -73.71514 -116.87352  51.716284      99.47 2.2212e+02    322.899       7751  1027.3672  1027.3671     4.2867     1.4588     0.1630    33.8224    33.8224    8.08352         35 0.0000e+00
     45.000     44.531    -0.0332  28.142976    -0.0328  28.142999     8.7846     9.1299     9.4381    90.3573 7.5555e-02  -73.71514 -116.87352  51.716303      99.48 2.2208e+02    324.553       7790  1027.3729  1027.3724     4.2866     1.3973     0.1729    33.8235    33.8230    8.08347         42 0.0000e+00
     46.000     45.517    -0.0318  28.144889    -0.0310  28.145399     8.7761     9.1145     7.7955    89.2750 5.9366e-02  -73.71514 -116.87352  51.716324      99.49 2.2239e+02    326.425       7835  1027.3778  1027.3776     4.2355     1.3746     0.1855    33.8238    33.8236    8.08315         39 0.0000e+00
     47.000     46.510    -0.0279  28.148901    -0.0271  28.149662     8.7701     9.1051     9.6223    90.8372 4.5584e-02  -73.71514 -116.87352  51.716342      99.59 2.2264e+02    327.991       7873  1027.3827  1027.3827     4.3093     1.2060     0.1540    33.8243    33.8244    8.08231         34 0.0000e+00
     48.000     47.499    -0.0289  28.148809    -0.0280  28.149542     8.7720     9.0981     8.3718    91.1271 3.3591e-02  -73.71514 -116.87352  51.716358      99.46 2.2377e+02    329.372       7906  1027.3878  1027.3877     4.3230     1.6134     0.1721    33.8247    33.8246    8.08250         34 0.0000e+00
     49.000     48.488    -0.0320  28.146704    -0.0309  28.147625     8.7671     9.1072     8.7186    89.8747 2.4036e-02  -73.71514 -116.87352  51.716378      94.56 2.2427e+02    331.019       7945  1027.3929  1027.3928     4.2639     1.1615     0.1820    33.8247    33.8247    8.08315         38 0.0000e+00
     50.000     49.478    -0.0368  28.143301    -0.0356  28.144300     8.7757     9.0970     7.5699    90.8959 1.3556e-02  -73.71514 -116.87351  51.716401      99.60 2.2510e+02    333.010       7993  1027.3982  1027.3981     4.3121     1.4013     0.1573    33.8249    33.8248    8.08415         37 0.0000e+00
     51.000     50.468    -0.0377  28.143212    -0.0370  28.143989     8.7790     9.1055     9.5397    89.6215 4.9150e-03  -73.71514 -116.87351  51.716418      99.50 2.2492e+02    334.543       8030  1027.4032  1027.4033     4.2517     1.3658     0.1672    33.8252    33.8254    8.08433         34 0.0000e+00
     52.000     51.456    -0.0459  28.137474    -0.0455  28.138096     8.7578     9.0886     9.8853    90.0582 9.7300e-05  -73.71514 -116.87351  51.716434      99.56 2.2564e+02    335.931       8063  1027.4093  1027.4096     4.2724     1.2165     0.1744    33.8260    33.8265    8.08601         35 0.0000e+00
     53.000     52.446    -0.0561  28.130851    -0.0554  28.131438     8.7504     9.0739     8.3649    90.2430 1.0000e-12  -73.71514 -116.87351  51.716453      99.50 2.2593e+02    337.513       8101  1027.4163  1027.4163     4.2812     1.3501     0.1728    33.8280    33.8280    8.08806         42 0.0000e+00
