ocean_section_plots/required_files/ctd/dnbp2202_ctd075.cnv
* Sea-Bird SBE 9 Data File:
* FileName = D:\Data\raw\NBP2202_CTD075.hex
* Software Version Seasave V 7.26.7.121
* Temperature SN = 1649
* Conductivity SN = 2513
* Number of Bytes Per Scan = 40
* Number of Voltage Words = 5
* Number of Scans Averaged by the Deck Unit = 1
* NMEA Latitude = 74 10.51 S
* NMEA Longitude = 113 20.67 W
* NMEA UTC (Time) = Jan 26 2022  12:19:43
* NMEA baud rate = 9600
** Ship: RVIB N.B. Palmer
** Cruise: NBP2202 Thwaites
** Station: 56
** Operator: B Bjork
# nquan = 25
# nvalues = 615                         
# units = specified
# name 0 = prDM: Pressure, Digiquartz [db]
# name 1 = depSM: Depth [salt water, m]
# name 2 = t090C: Temperature [ITS-90, deg C]
# name 3 = c0mS/cm: Conductivity [mS/cm]
# name 4 = t190C: Temperature, 2 [ITS-90, deg C]
# name 5 = c1mS/cm: Conductivity, 2 [mS/cm]
# name 6 = sbeox0ML/L: Oxygen, SBE 43 [ml/l]
# name 7 = sbeox1ML/L: Oxygen, SBE 43, 2 [ml/l]
# name 8 = flECO-AFL: Fluorescence, WET Labs ECO-AFL/FL [mg/m^3]
# name 9 = CStarTr0: Beam Transmission, WET Labs C-Star [%]
# name 10 = par: PAR/Irradiance, Biospherical/Licor
# name 11 = latitude: Latitude [deg]
# name 12 = longitude: Longitude [deg]
# name 13 = timeJ: Julian Days
# name 14 = altM: Altimeter [m]
# name 15 = spar: SPAR, Biospherical/Licor
# name 16 = timeS: Time, Elapsed [seconds]
# name 17 = scan: Scan Count
# name 18 = density00: Density [density, kg/m^3]
# name 19 = density11: Density, 2 [density, kg/m^3]
# name 20 = sal00: Salinity, Practical [PSU]
# name 21 = sal11: Salinity, Practical, 2 [PSU]
# name 22 = oxsolML/L: Oxygen Saturation, Garcia & Gordon [ml/l]
# name 23 = nbin: number of scans per bin
# name 24 = flag: flag
# span 0 =      2.000,    616.000       
# span 1 =      1.981,    608.722       
# span 2 =    -1.5025,     0.1141       
# span 3 =  26.944614,  28.948327       
# span 4 =    -1.5036,     0.1156       
# span 5 =  26.945261,  28.947520       
# span 6 =     4.7235,     8.7225       
# span 7 =     4.8397,     8.9750       
# span 8 =    -0.0224,    27.6345       
# span 9 =    67.8339,    95.7519       
# span 10 = 1.0000e-12, 7.3059e+01      
# span 11 =  -74.17528,  -74.17526      
# span 12 = -113.34460, -113.34456      
# span 13 =  26.516643,  26.526819      
# span 14 =       3.88,     100.62      
# span 15 = 3.9665e+02, 9.8580e+02      
# span 16 =    254.969,   1134.146      
# span 17 =       6120,      27221      
# span 18 =  1027.1828,  1030.5203      
# span 19 =  1027.1862,  1030.5179      
# span 20 =    33.7897,    34.3861      
# span 21 =    33.7938,    34.3835      
# span 22 =    8.02076,    8.40450      
# span 23 =         24,         48      
# span 24 = 0.0000e+00, 0.0000e+00      
# interval = decibars: 1                
# start_time = Jan 26 2022 12:19:43 [NMEA time, header]
# bad_flag = -9.990e-29
*END*
[from data line 232]
    234.000    231.447    -0.7918  27.770492    -0.7921  27.769037     5.0761     5.2157    -0.0052    95.4993 1.0000e-12  -74.17526 -113.34458  26.520710      99.71 4.1251e+02    606.356      14554  1028.4999  1028.4987    34.0573    34.0557    8.23305         31 0.0000e+00
    235.000    232.435    -0.7983  27.765484    -0.7986  27.764388     5.0814     5.2233    -0.0053    95.5035 1.0000e-12  -74.17526 -113.34459  26.520725      99.71 4.1251e+02    607.657      14585  1028.5052  1028.5044    34.0572    34.0561    8.23447         31 0.0000e+00
    236.000    233.424    -0.7985  27.766623    -0.7978  27.765895     5.0824     5.2208    -0.0127    95.4877 1.0000e-12  -74.17526 -113.34459  26.520740      99.71 4.1251e+02    608.964      14616  1028.5110  1028.5095    34.0584    34.0566    8.23445         31 0.0000e+00
    237.000    234.413    -0.7985  27.767028    -0.7977  27.766512     5.0841     5.2259    -0.0129    95.4819 1.0000e-12  -74.17526 -113.34458  26.520755      99.72 4.1251e+02    610.252      14647  1028.5158  1028.5144    34.0583    34.0567    8.23445         31 0.0000e+00
    238.000    235.401    -0.7971  27.770102    -0.7966  27.768966     5.0970     5.2269    -0.0087    95.4877 1.0000e-12  -74.17526 -113.34458  26.520770      99.71 4.1251e+02    611.537      14678  1028.5221  1028.5204    34.0603    34.0582    8.23404         31 0.0000e+00
    239.000    236.390    -0.7963  27.771918    -0.7953  27.771592     5.0981     5.2341    -0.0103    95.4999 1.0000e-12  -74.17526 -113.34459  26.520785      99.71 4.1251e+02    612.809      14708  1028.5275  1028.5263    34.0612    34.0597    8.23380         31 0.0000e+00
    240.000    237.378    -0.7981  27.771582    -0.7971  27.771172     5.1033     5.2422     0.0019    95.5031 1.0000e-12  -74.17526 -113.34460  26.520800      91.68 4.1251e+02    614.094      14739  1028.5333  1028.5319    34.0623    34.0605    8.23415         30 0.0000e+00
    241.000    238.367    -0.7977  27.772362    -0.7978  27.771297     5.1189     5.2547    -0.0119    95.4820 1.0000e-12  -74.17526 -113.34460  26.520815      95.28 4.1251e+02    615.402      14771  1028.5380  1028.5370    34.0622    34.0609    8.23405         32 0.0000e+00
    242.000    239.355    -0.8051  27.768584    -0.8039  27.768489     5.1198     5.2575    -0.0136    95.4778 1.0000e-12  -74.17528 -113.34460  26.520830      99.68 4.1263e+02    616.698      14802  1028.5455  1028.5442    34.0648    34.0633    8.23552         31 0.0000e+00
    243.000    240.344    -0.8022  27.771947    -0.8006  27.772102     5.1072     5.2449    -0.0080    95.4802 1.0000e-12  -74.17528 -113.34460  26.520845      99.72 4.1302e+02    617.981      14833  1028.5506  1028.5492    34.0655    34.0639    8.23484         31 0.0000e+00
    244.000    241.332    -0.7930  27.781532    -0.7928  27.780192     5.0951     5.2273    -0.0104    95.4663 1.0000e-12  -74.17528 -113.34460  26.520860      99.71 4.1298e+02    619.260      14863  1028.5563  1028.5546    34.0675    34.0654    8.23273         30 0.0000e+00
    245.000    242.321    -0.7851  27.789575    -0.7828  27.790433     5.0929     5.2233    -0.0192    95.4752 1.0000e-12  -74.17526 -113.34460  26.520874      99.72 4.1294e+02    620.510      14893  1028.5616  1028.5603    34.0688    34.0674    8.23092         29 0.0000e+00
    246.000    243.308    -0.7788  27.796064    -0.7781  27.795487     5.0982     5.2316    -0.0070    95.4911 1.0000e-12  -74.17526 -113.34460  26.520888      99.72 4.1328e+02    621.727      14922  1028.5668  1028.5655    34.0700    34.0683    8.22949         30 0.0000e+00
    247.000    244.298    -0.7801  27.795853    -0.7797  27.795275     5.1000     5.2391    -0.0052    95.4990 1.0000e-12  -74.17526 -113.34460  26.520902      99.71 4.1372e+02    622.942      14952  1028.5722  1028.5712    34.0705    34.0692    8.22973         29 0.0000e+00
    248.000    245.286    -0.7811  27.795992    -0.7813  27.795163     5.1093     5.2523    -0.0115    95.4946 1.0000e-12  -74.17526 -113.34460  26.520916      99.72 4.1387e+02    624.172      14981  1028.5777  1028.5769    34.0712    34.0702    8.22992         30 0.0000e+00
    249.000    246.275    -0.7825  27.795987    -0.7814  27.795773     5.1199     5.2575    -0.0043    95.4809 1.0000e-12  -74.17526 -113.34460  26.520931      99.71 4.1421e+02    625.430      15011  1028.5833  1028.5820    34.0721    34.0706    8.23015         30 0.0000e+00
    250.000    247.263    -0.7851  27.795422    -0.7842  27.794851     5.1235     5.2561    -0.0079    95.4985 1.0000e-12  -74.17526 -113.34460  26.520946      81.30 4.1428e+02    626.708      15042  1028.5896  1028.5881    34.0736    34.0719    8.23063         31 0.0000e+00
    251.000    248.251    -0.7851  27.796092    -0.7846  27.795459     5.1201     5.2531    -0.0136    95.4997 1.0000e-12  -74.17526 -113.34460  26.520960      86.49 4.1428e+02    627.982      15073  1028.5946  1028.5935    34.0740    34.0725    8.23061         30 0.0000e+00
    252.000    249.240    -0.7854  27.796513    -0.7846  27.795954     5.1177     5.2508    -0.0186    95.4810 1.0000e-12  -74.17526 -113.34460  26.520975      98.15 4.1448e+02    629.214      15102  1028.5997  1028.5983    34.0743    34.0726    8.23067         30 0.0000e+00
    253.000    250.229    -0.7856  27.796746    -0.7844  27.796745     5.1208     5.2626    -0.0079    95.4946 1.0000e-12  -74.17526 -113.34460  26.520989      99.68 4.1539e+02    630.415      15131  1028.6045  1028.6033    34.0743    34.0728    8.23072         28 0.0000e+00
    254.000    251.216    -0.7841  27.799070    -0.7833  27.798459     5.1183     5.2578    -0.0132    95.4842 1.0000e-12  -74.17526 -113.34460  26.521002      99.72 4.1585e+02    631.615      15160  1028.6098  1028.6084    34.0751    34.0734    8.23034         29 0.0000e+00
    255.000    252.206    -0.7828  27.801177    -0.7813  27.801087     5.1090     5.2545    -0.0051    95.4775 1.0000e-12  -74.17526 -113.34460  26.521016      99.72 4.1598e+02    632.807      15188  1028.6151  1028.6135    34.0758    34.0740    8.23001         28 0.0000e+00
    256.000    253.193    -0.7766  27.808135    -0.7754  27.807790     5.1111     5.2441    -0.0048    95.5006 1.0000e-12  -74.17526 -113.34460  26.521030      99.72 4.1604e+02    634.023      15218  1028.6208  1028.6194    34.0776    34.0758    8.22855         30 0.0000e+00
    257.000    254.182    -0.7727  27.812556    -0.7716  27.812151     5.1038     5.2456    -0.0084    95.4894 1.0000e-12  -74.17526 -113.34460  26.521045      99.72 4.1639e+02    635.266      15247  1028.6261  1028.6246    34.0785    34.0768    8.22764         30 0.0000e+00
    258.000    255.171    -0.7658  27.819899    -0.7660  27.818157     5.1044     5.2481    -0.0140    95.4956 1.0000e-12  -74.17526 -113.34459  26.521059      99.71 4.1731e+02    636.497      15277  1028.6317  1028.6300    34.0801    34.0780    8.22605         29 0.0000e+00
    259.000    256.160    -0.7640  27.822206    -0.7632  27.821742     5.0960     5.2412    -0.0097    95.4849 1.0000e-12  -74.17526 -113.34459  26.521073      99.72 4.1724e+02    637.718      15306  1028.6368  1028.6355    34.0806    34.0791    8.22563         29 0.0000e+00
    260.000    257.147    -0.7583  27.828469    -0.7598  27.825591     5.0938     5.2279    -0.0054    95.4616 1.0000e-12  -74.17526 -113.34459  26.521087      99.71 4.1781e+02    638.928      15335  1028.6424  1028.6408    34.0820    34.0799    8.22431         29 0.0000e+00
    261.000    258.136    -0.7544  27.832720    -0.7521  27.833294     5.0909     5.2248    -0.0037    95.4724 1.0000e-12  -74.17526 -113.34458  26.521101      87.06 4.1780e+02    640.111      15364  1028.6475  1028.6459    34.0828    34.0810    8.22341         29 0.0000e+00
    262.000    259.125    -0.7513  27.836012    -0.7501  27.835858     5.0932     5.2266    -0.0114    95.4809 1.0000e-12  -74.17526 -113.34460  26.521114      92.14 4.1780e+02    641.283      15392  1028.6524  1028.6510    34.0831    34.0815    8.22272         28 0.0000e+00
    263.000    260.112    -0.7504  27.837248    -0.7497  27.836621     5.0865     5.2297    -0.0055    95.4734 1.0000e-12  -74.17526 -113.34459  26.521128      99.67 4.1810e+02    642.493      15421  1028.6573  1028.6559    34.0832    34.0815    8.22252         29 0.0000e+00
    264.000    261.101    -0.7522  27.835986    -0.7512  27.835685     5.0890     5.2243    -0.0043    95.4834 1.0000e-12  -74.17526 -113.34459  26.521143      99.72 4.1857e+02    643.736      15451  1028.6620  1028.6607    34.0829    34.0814    8.22293         30 0.0000e+00
    265.000    262.088    -0.7525  27.836261    -0.7512  27.836024     5.0904     5.2260    -0.0050    95.4868 1.0000e-12  -74.17526 -113.34459  26.521157      99.72 4.1928e+02    644.986      15481  1028.6669  1028.6654    34.0830    34.0812    8.22299         30 0.0000e+00
    266.000    263.079    -0.7525  27.836675    -0.7520  27.835801     5.0826     5.2245    -0.0115    95.4734 1.0000e-12  -74.17526 -113.34458  26.521171      99.72 4.1975e+02    646.205      15510  1028.6717  1028.6703    34.0830    34.0812    8.22299         29 0.0000e+00
    267.000    264.066    -0.7518  27.838159    -0.7497  27.838616     5.0781     5.2230    -0.0150    95.4774 1.0000e-12  -74.17526 -113.34460  26.521185      99.72 4.1970e+02    647.387      15538  1028.6769  1028.6754    34.0835    34.0819    8.22280         28 0.0000e+00
    268.000    265.054    -0.7458  27.844670    -0.7438  27.845023     5.0779     5.2240    -0.0137    95.4738 1.0000e-12  -74.17526 -113.34459  26.521198      99.72 4.2001e+02    648.550      15566  1028.6824  1028.6809    34.0849    34.0832    8.22141         28 0.0000e+00
    269.000    266.043    -0.7435  27.847518    -0.7428  27.846521     5.0643     5.2112    -0.0082    95.4774 1.0000e-12  -74.17526 -113.34459  26.521212      99.72 4.2102e+02    649.733      15595  1028.6876  1028.6859    34.0857    34.0835    8.22088         28 0.0000e+00
    270.000    267.031    -0.7278  27.864372    -0.7250  27.864908     5.0534     5.1897    -0.0186    95.4782 1.0000e-12  -74.17526 -113.34459  26.521226      99.71 4.2145e+02    650.949      15624  1028.6948  1028.6927    34.0901    34.0877    8.21720         30 0.0000e+00
    271.000    268.020    -0.6960  27.898254    -0.6945  27.897833     5.0477     5.1852    -0.0097    95.4787 1.0000e-12  -74.17526 -113.34460  26.521240      99.72 4.2182e+02    652.176      15653  1028.7048  1028.7029    34.0994    34.0971    8.20974         29 0.0000e+00
    272.000    269.008    -0.6871  27.908463    -0.6853  27.908708     5.0480     5.1872    -0.0044    95.4778 1.0000e-12  -74.17526 -113.34460  26.521254      91.31 4.2260e+02    653.372      15682  1028.7117  1028.7101    34.1025    34.1008    8.20763         29 0.0000e+00
    273.000    269.996    -0.6835  27.914150    -0.6825  27.913647     5.0561     5.1946    -0.0129    95.4783 1.0000e-12  -74.17526 -113.34458  26.521268      99.67 4.2315e+02    654.557      15710  1028.7188  1028.7173    34.1056    34.1038    8.20667         28 0.0000e+00
    274.000    270.984    -0.6836  27.915059    -0.6826  27.914592     5.0586     5.1877    -0.0124    95.4589 1.0000e-12  -74.17526 -113.34458  26.521282      99.72 4.2360e+02    655.737      15739  1028.7243  1028.7229    34.1062    34.1045    8.20665         28 0.0000e+00
    275.000    271.973    -0.6821  27.917078    -0.6811  27.916478     5.0535     5.1933    -0.0118    95.4395 1.0000e-12  -74.17526 -113.34458  26.521296      99.71 4.2374e+02    656.942      15768  1028.7295  1028.7279    34.1067    34.1047    8.20629         30 0.0000e+00
    276.000    272.962    -0.6789  27.920598    -0.6783  27.919687     5.0546     5.1871    -0.0038    95.4508 1.0000e-12  -74.17526 -113.34458  26.521310      99.72 4.2410e+02    658.189      15798  1028.7346  1028.7331    34.1073    34.1053    8.20558         30 0.0000e+00
    277.000    273.949    -0.6790  27.921282    -0.6779  27.920841     5.0537     5.1940    -0.0039    95.4476 1.0000e-12  -74.17526 -113.34458  26.521324      99.72 4.2485e+02    659.422      15827  1028.7399  1028.7383    34.1076    34.1058    8.20557         29 0.0000e+00
    278.000    274.938    -0.6795  27.921495    -0.6784  27.921175     5.0559     5.2020    -0.0069    95.4406 1.0000e-12  -74.17526 -113.34458  26.521338      99.73 4.2485e+02    660.610      15856  1028.7450  1028.7436    34.1079    34.1062    8.20567         28 0.0000e+00
    279.000    275.927    -0.6800  27.921535    -0.6796  27.920758     5.0644     5.2021    -0.0053    95.4360 1.0000e-12  -74.17526 -113.34458  26.521352      99.72 4.2485e+02    661.778      15884  1028.7499  1028.7486    34.1079    34.1063    8.20578         28 0.0000e+00
    280.000    276.914    -0.6813  27.921320    -0.6803  27.920759     5.0616     5.2000    -0.0042    95.4326 1.0000e-12  -74.17526 -113.34458  26.521365      99.72 4.2564e+02    662.957      15912  1028.7553  1028.7537    34.1084    34.1065    8.20602         29 0.0000e+00
    281.000    277.903    -0.6808  27.922392    -0.6796  27.922135     5.0681     5.2069    -0.0134    95.4336 1.0000e-12  -74.17526 -113.34458  26.521379      99.72 4.2573e+02    664.167      15941  1028.7603  1028.7589    34.1088    34.1070    8.20590         30 0.0000e+00
    282.000    278.891    -0.6788  27.925766    -0.6785  27.924817     5.0827     5.2223    -0.0122    95.4308 1.0000e-12  -74.17526 -113.34458  26.521394      98.62 4.2656e+02    665.412      15971  1028.7664  1028.7650    34.1105    34.1088    8.20537         29 0.0000e+00
    283.000    279.881    -0.6809  27.925672    -0.6804  27.924809     5.0925     5.2244    -0.0130    95.3396 1.0000e-12  -74.17526 -113.34458  26.521408      89.36 4.2662e+02    666.633      16000  1028.7726  1028.7712    34.1121    34.1104    8.20573         29 0.0000e+00
    284.000    280.867    -0.6792  27.929729    -0.6783  27.929088     5.0981     5.2206    -0.0185    95.3951 1.0000e-12  -74.17526 -113.34458  26.521422      99.79 4.2662e+02    667.822      16029  1028.7797  1028.7781    34.1150    34.1131    8.20519         28 0.0000e+00
    285.000    281.857    -0.6786  27.931435    -0.6778  27.930979     5.1009     5.2317    -0.0110    95.4363 1.0000e-12  -74.17526 -113.34458  26.521435      99.71 4.2662e+02    668.986      16057  1028.7853  1028.7839    34.1160    34.1144    8.20500         28 0.0000e+00
    286.000    282.844    -0.6846  27.926759    -0.6802  27.929307     5.0968     5.2308    -0.0038    95.4333 1.0000e-12  -74.17526 -113.34458  26.521448      99.72 4.2662e+02    670.143      16084  1028.7903  1028.7889    34.1158    34.1144    8.20631         28 0.0000e+00
    287.000    283.832    -0.6859  27.925978    -0.6844  27.925926     5.0900     5.2225    -0.0048    95.4287 1.0000e-12  -74.17526 -113.34458  26.521462      99.72 4.2662e+02    671.309      16112  1028.7951  1028.7936    34.1157    34.1139    8.20661         28 0.0000e+00
    288.000    284.822    -0.6822  27.930111    -0.6780  27.932080     5.0866     5.2260    -0.0131    95.4508 1.0000e-12  -74.17526 -113.34458  26.521476      99.72 4.2662e+02    672.526      16142  1028.8002  1028.7982    34.1164    34.1144    8.20575         30 0.0000e+00
    289.000    285.809    -0.6744  27.937333    -0.6741  27.936420     5.0888     5.2305    -0.0169    95.4429 1.0000e-12  -74.17526 -113.34458  26.521491      99.71 4.2662e+02    673.785      16172  1028.8047  1028.8034    34.1168    34.1153    8.20404         31 0.0000e+00
    290.000    286.798    -0.6805  27.933437    -0.6791  27.933125     5.0780     5.2141    -0.0163    95.4318 1.0000e-12  -74.17526 -113.34458  26.521505      99.73 4.2662e+02    675.025      16202  1028.8107  1028.8091    34.1178    34.1158    8.20530         29 0.0000e+00
