ocean_section_plots/required_files/ctd/dnbp2202_ctd063.cnv
* Sea-Bird SBE 9 Data File:
* FileName = D:\Data\raw\NBP2202_CTD063.hex
* Software Version Seasave V 7.26.7.121
* Temperature SN = 1649
* Conductivity SN = 2513
* Number of Bytes Per Scan = 40
* Number of Voltage Words = 5
* Number of Scans Averaged by the Deck Unit = 1
* NMEA Latitude = 74 01.46 S
* NMEA Longitude = 111 43.71 W
* NMEA UTC (Time) = Jan 25 2022  13:27:31
* NMEA baud rate = 9600
** Ship: RVIB N.B. Palmer
** Cruise: NBP2202 Thwaites
** Station: 44
** Operator: B.Bjork
# nquan = 25
# nvalues = 400                         
# units = specified
# name 0 = prDM: Pressure, Digiquartz [db]
# name 1 = depSM: Depth [salt water, m]
# name 2 = t090C: Temperature [ITS-90, deg C]
# name 3 = c0mS/cm: Conductivity [mS/cm]
# name 4 = t190C: Temperature, 2 [ITS-90, deg C]
# name 5 = c1mS/cm: Conductivity, 2 [mS/cm]
# name 6 = sbeox0ML/L: Oxygen, SBE 43 [ml/l]
# name 7 = sbeox1ML/L: Oxygen, SBE 43, 2 [ml/l]
# name 8 = flECO-AFL: Fluorescence, WET Labs ECO-AFL/FL [mg/m^3]
# name 9 = CStarTr0: Beam Transmission, WET Labs C-Star [%]
# name 10 = par: PAR/Irradiance, Biospherical/Licor
# name 11 = latitude: Latitude [deg]
# name 12 = longitude: Longitude [deg]
# name 13 = timeJ: Julian Days
# name 14 = altM: Altimeter [m]
# name 15 = spar: SPAR, Biospherical/Licor
# name 16 = timeS: Time, Elapsed [seconds]
# name 17 = scan: Scan Count
# name 18 = density00: Density [density, kg/m^3]
# name 19 = density11: Density, 2 [density, kg/m^3]
# name 20 = sal00: Salinity, Practical [PSU]
# name 21 = sal11: Salinity, Practical, 2 [PSU]
# name 22 = oxsolML/L: Oxygen Saturation, Garcia & Gordon [ml/l]
# name 23 = nbin: number of scans per bin
# name 24 = flag: flag
# span 0 =      5.000,    404.000       
# span 1 =      4.947,    399.433       
# span 2 =    -1.6822,    -0.2982       
# span 3 =  26.871484,  28.471751       
# span 4 =    -1.6829,    -0.2964       
# span 5 =  26.871153,  28.471495       
# span 6 =     5.1693,     9.1159       
# span 7 =     5.3681,     9.5031       
# span 8 =    -0.0220,    29.4203       
# span 9 =    61.5400,    96.1534       
# span 10 = 1.0000e-12, 3.2164e+01      
# span 11 =  -74.02443,  -74.02442      
# span 12 = -111.72866, -111.72860      
# span 13 =  25.562907,  25.569765      
# span 14 =       5.57,     100.22      
# span 15 = 2.5802e+02, 3.2707e+02      
# span 16 =    184.170,    776.722      
# span 17 =       4421,      18642      
# span 18 =  1027.2112,  1029.5108      
# span 19 =  1027.2104,  1029.5087      
# span 20 =    33.8277,    34.3410      
# span 21 =    33.8270,    34.3386      
# span 22 =    8.11028,    8.43930      
# span 23 =         23,         48      
# span 24 = 0.0000e+00, 0.0000e+00      
# interval = decibars: 1                
# start_time = Jan 25 2022 13:27:31 [NMEA time, header]
# bad_flag = -9.990e-29
*END*
[from data line 58]
     63.000     62.339    -0.8633  27.504168    -0.8639  27.503913     8.0453     8.4093    29.1049    64.0468 1.0000e-12  -74.02442 -111.72866  25.564335      99.98 3.1779e+02    307.557       7382  1027.5468  1027.5470    33.8821    33.8824    8.25891         30 0.0000e+00
     64.000     63.328    -0.8957  27.480113    -0.9033  27.474869     7.8003     8.1932    28.2143    64.6486 1.0000e-12  -74.02442 -111.72866  25.564349      99.97 3.2078e+02    308.792       7412  1027.5559  1027.5575    33.8853    33.8867    8.26584         29 0.0000e+00
     65.000     64.318    -0.9817  27.413722    -0.9843  27.413708     7.6292     8.0158    28.0635    65.2192 1.0000e-12  -74.02442 -111.72866  25.564363      97.36 3.2175e+02    309.945       7440  1027.5708  1027.5733    33.8912    33.8941    8.28444         27 0.0000e+00
     66.000     65.308    -1.0475  27.365252    -1.0505  27.363267     7.4960     7.8952    25.2397    64.6514 1.0000e-12  -74.02442 -111.72864  25.564376      99.96 3.2206e+02    311.121       7468  1027.5852  1027.5859    33.8988    33.8995    8.29852         29 0.0000e+00
     67.000     66.296    -1.1036  27.319703    -1.1097  27.317538     7.3653     7.7653    25.1502    65.4181 1.0000e-12  -74.02442 -111.72864  25.564391      99.97 3.2427e+02    312.363       7498  1027.5932  1027.5967    33.8994    33.9032    8.31093         30 0.0000e+00
     68.000     67.285    -1.2131  27.235659    -1.2147  27.235167     7.3091     7.6878    23.8272    66.4981 1.0000e-12  -74.02442 -111.72864  25.564405      99.99 3.2575e+02    313.551       7526  1027.6105  1027.6115    33.9075    33.9087    8.33477         27 0.0000e+00
     69.000     68.275    -1.2350  27.218583    -1.2361  27.218476     7.2502     7.6106    22.3607    69.0856 1.0000e-12  -74.02442 -111.72864  25.564418      99.94 3.2568e+02    314.673       7553  1027.6161  1027.6170    33.9083    33.9094    8.33962         27 0.0000e+00
     70.000     69.265    -1.2894  27.175033    -1.2910  27.175657     7.1842     7.5331    19.4767    68.9779 1.0000e-12  -74.02442 -111.72864  25.564431      99.93 3.2707e+02    315.848       7581  1027.6242  1027.6264    33.9096    33.9123    8.35170         30 0.0000e+00
     71.000     70.254    -1.3528  27.124518    -1.3571  27.122573     7.0946     7.4308    17.4489    69.5681 1.0000e-12  -74.02442 -111.72864  25.564445      99.80 3.2638e+02    317.083       7611  1027.6330  1027.6350    33.9113    33.9135    8.36578         29 0.0000e+00
     72.000     71.244    -1.4440  27.050882    -1.4474  27.050391     7.0263     7.3686    14.2027    71.8260 1.0000e-12  -74.02442 -111.72864  25.564459      99.69 3.2679e+02    318.252       7639  1027.6433  1027.6460    33.9130    33.9161    8.38621         27 0.0000e+00
     73.000     72.232    -1.4904  27.014174    -1.4921  27.014239     6.9453     7.2986    11.9487    73.4052 1.0000e-12  -74.02442 -111.72864  25.564472      99.46 3.2594e+02    319.375       7666  1027.6506  1027.6523    33.9144    33.9164    8.39659         27 0.0000e+00
     74.000     73.222    -1.5773  26.943308    -1.5801  26.943233     6.9340     7.2835     9.6995    75.9425 1.0000e-12  -74.02442 -111.72864  25.564486      99.40 3.2566e+02    320.552       7694  1027.6593  1027.6619    33.9147    33.9177    8.41622         30 0.0000e+00
     75.000     74.210    -1.5908  26.934190    -1.5913  26.934239     6.9532     7.2810    11.1074    76.8528 1.0000e-12  -74.02442 -111.72864  25.564499      95.40 3.2372e+02    321.751       7723  1027.6650  1027.6655    33.9168    33.9175    8.41914         27 0.0000e+00
     76.000     75.200    -1.5907  26.934764    -1.5913  26.934688     6.9717     7.2725     9.4035    78.3027 1.0000e-12  -74.02442 -111.72864  25.564513      95.96 3.2246e+02    322.886       7750  1027.6685  1027.6689    33.9169    33.9174    8.41913         27 0.0000e+00
     77.000     76.189    -1.5639  26.960436    -1.5653  26.958709     6.9611     7.2482     6.8953    81.4168 1.0000e-12  -74.02442 -111.72864  25.564526      99.68 3.2210e+02    324.019       7777  1027.6742  1027.6736    33.9213    33.9205    8.41279         28 0.0000e+00
     78.000     77.179    -1.5556  26.969278    -1.5549  26.970221     6.9147     7.2061     5.8192    80.4657 1.0000e-12  -74.02442 -111.72864  25.564540      99.56 3.2307e+02    325.227       7806  1027.6793  1027.6797    33.9234    33.9239    8.41078         30 0.0000e+00
     79.000     78.168    -1.5844  26.946500    -1.5861  26.946544     6.8792     7.1833     6.6953    83.4189 1.0000e-12  -74.02442 -111.72864  25.564554      99.53 3.1906e+02    326.465       7836  1027.6856  1027.6873    33.9240    33.9260    8.41726         29 0.0000e+00
     80.000     79.158    -1.6183  26.919353    -1.6183  26.920644     6.8493     7.1551     5.0818    84.9783 1.0000e-12  -74.02442 -111.72862  25.564567      99.69 3.1954e+02    327.632       7864  1027.6919  1027.6933    33.9244    33.9262    8.42493         27 0.0000e+00
     81.000     80.146    -1.6515  26.892616    -1.6555  26.889589     6.8448     7.1492     3.7546    86.4911 1.0000e-12  -74.02442 -111.72862  25.564580      99.77 3.2005e+02    328.739       7891  1027.6981  1027.6986    33.9246    33.9250    8.43247         27 0.0000e+00
     82.000     81.136    -1.6500  26.894492    -1.6487  26.895908     6.8429     7.1373     3.3854    86.7516 1.0000e-12  -74.02442 -111.72862  25.564593      99.79 3.1586e+02    329.865       7918  1027.7023  1027.7026    33.9248    33.9254    8.43211         28 0.0000e+00
     83.000     82.125    -1.6683  26.879580    -1.6681  26.880733     6.8367     7.1282     3.4222    87.5380 1.0000e-12  -74.02442 -111.72862  25.564608      99.85 3.1608e+02    331.102       7947  1027.7071  1027.7081    33.9244    33.9258    8.43630         30 0.0000e+00
     84.000     83.114    -1.6755  26.875146    -1.6730  26.877536     6.8406     7.1204     3.2785    88.3909 1.0000e-12  -74.02442 -111.72862  25.564622      99.87 3.1537e+02    332.315       7977  1027.7127  1027.7130    33.9258    33.9263    8.43785         28 0.0000e+00
     85.000     84.104    -1.6725  26.878412    -1.6737  26.877743     6.8285     7.1100     2.2436    89.2721 1.0000e-12  -74.02442 -111.72862  25.564634      99.86 3.1202e+02    333.422       8003  1027.7173  1027.7177    33.9264    33.9268    8.43715         25 0.0000e+00
     86.000     85.092    -1.6822  26.871484    -1.6829  26.871153     6.8048     7.0873     2.0712    90.1335 1.0000e-12  -74.02442 -111.72862  25.564647      99.85 3.1197e+02    334.532       8030  1027.7229  1027.7232    33.9271    33.9275    8.43930         28 0.0000e+00
     87.000     86.083    -1.6768  26.878609    -1.6764  26.878495     6.7766     7.0577     2.0117    90.2132 1.0000e-12  -74.02442 -111.72862  25.564661      91.99 3.1221e+02    335.752       8059  1027.7295  1027.7290    33.9303    33.9297    8.43789         30 0.0000e+00
     88.000     87.072    -1.6579  26.898193    -1.6575  26.898304     6.7598     7.0421     1.6392    90.6790 1.0000e-12  -74.02442 -111.72862  25.564676      99.99 3.0844e+02    336.978       8088  1027.7368  1027.7365    33.9352    33.9348    8.43328         29 0.0000e+00
     89.000     88.060    -1.6458  26.909884    -1.6457  26.909874     6.7465     7.0369     1.4885    92.0477 1.0000e-12  -74.02442 -111.72862  25.564689      99.89 3.0775e+02    338.145       8116  1027.7422  1027.7421    33.9369    33.9369    8.43042         28 0.0000e+00
     90.000     89.050    -1.6434  26.912832    -1.6431  26.912961     6.7376     7.0226     1.5642    92.4130 1.0000e-12  -74.02442 -111.72862  25.564702      99.89 3.0727e+02    339.281       8144  1027.7474  1027.7472    33.9377    33.9376    8.42983         27 0.0000e+00
     91.000     90.039    -1.6401  26.916867    -1.6401  26.916823     6.7299     7.0079     1.4380    92.6614 1.0000e-12  -74.02442 -111.72862  25.564716      99.89 3.0476e+02    340.429       8171  1027.7528  1027.7528    33.9388    33.9388    8.42901         27 0.0000e+00
     92.000     91.028    -1.6409  26.917264    -1.6409  26.917280     6.7285     7.0046     1.3397    92.7905 1.0000e-12  -74.02442 -111.72862  25.564729      99.91 3.0428e+02    341.602       8199  1027.7583  1027.7583    33.9398    33.9398    8.42915         30 0.0000e+00
     93.000     92.017    -1.6437  26.915632    -1.6438  26.915557     6.7251     7.0049     1.6062    93.1338 1.0000e-12  -74.02442 -111.72862  25.564744      99.91 3.0300e+02    342.840       8229  1027.7635  1027.7635    33.9401    33.9401    8.42977         30 0.0000e+00
     94.000     93.006    -1.6446  26.915552    -1.6448  26.915251     6.7264     6.9997     1.6143    93.3264 1.0000e-12  -74.02442 -111.72862  25.564757      99.92 3.0056e+02    344.030       8258  1027.7685  1027.7684    33.9403    33.9402    8.42996         27 0.0000e+00
     95.000     93.996    -1.6447  26.915917    -1.6447  26.915938     6.7233     6.9969     1.3039    93.5436 1.0000e-12  -74.02442 -111.72862  25.564770      99.92 2.9950e+02    345.127       8284  1027.7733  1027.7732    33.9403    33.9403    8.42998         26 0.0000e+00
     96.000     94.986    -1.6451  26.916210    -1.6451  26.916206     6.7110     6.9873     1.1726    93.7176 1.0000e-12  -74.02442 -111.72862  25.564783      99.90 2.9834e+02    346.233       8311  1027.7782  1027.7782    33.9405    33.9405    8.43005         27 0.0000e+00
     97.000     95.974    -1.6474  26.914833    -1.6484  26.914106     6.6990     6.9824     1.3092    93.8014 1.0000e-12  -74.02442 -111.72862  25.564797      98.44 2.9729e+02    347.431       8339  1027.7833  1027.7833    33.9407    33.9407    8.43058         30 0.0000e+00
     98.000     96.963    -1.6516  26.912691    -1.6515  26.912552     6.6877     6.9710     1.0858    93.9802 1.0000e-12  -74.02442 -111.72862  25.564811      96.01 2.9407e+02    348.652       8369  1027.7891  1027.7889    33.9418    33.9415    8.43145         28 0.0000e+00
     99.000     97.953    -1.6520  26.913064    -1.6520  26.912922     6.6912     6.9594     1.0243    94.1428 1.0000e-12  -74.02442 -111.72862  25.564824      99.95 2.9342e+02    349.799       8396  1027.7942  1027.7941    33.9422    33.9419    8.43153         27 0.0000e+00
    100.000     98.941    -1.6481  26.916902    -1.6490  26.915981     6.6865     6.9607     0.9801    94.1830 1.0000e-12  -74.02442 -111.72862  25.564837      99.91 2.9314e+02    350.918       8423  1027.7990  1027.7988    33.9424    33.9421    8.43063         25 0.0000e+00
    101.000     99.930    -1.6435  26.921517    -1.6439  26.920910     6.6834     6.9603     1.1565    94.1973 1.0000e-12  -74.02442 -111.72862  25.564850      99.92 2.8999e+02    352.065       8451  1027.8039  1027.8036    33.9429    33.9425    8.42955         28 0.0000e+00
    102.000    100.922    -1.6418  26.923471    -1.6411  26.923817     6.6820     6.9493     1.2819    94.2243 1.0000e-12  -74.02442 -111.72862  25.564864      99.92 2.8996e+02    353.262       8479  1027.8087  1027.8084    33.9430    33.9427    8.42915         29 0.0000e+00
    103.000    101.908    -1.6324  26.932714    -1.6321  26.932486     6.6640     6.9335     1.5146    94.0720 1.0000e-12  -74.02442 -111.72862  25.564878      99.91 2.8982e+02    354.482       8509  1027.8142  1027.8136    33.9445    33.9438    8.42692         30 0.0000e+00
    104.000    102.899    -1.6310  26.935956    -1.6314  26.935288     6.6410     6.9258     1.1797    94.1790 1.0000e-12  -74.02442 -111.72862  25.564892      99.91 2.8712e+02    355.679       8537  1027.8208  1027.8204    33.9468    33.9463    8.42647         28 0.0000e+00
    105.000    103.887    -1.6162  26.950503    -1.6151  26.950571     6.6362     6.9170     1.1764    94.3551 1.0000e-12  -74.02442 -111.72863  25.564905      99.92 2.8787e+02    356.831       8565  1027.8269  1027.8260    33.9494    33.9483    8.42296         27 0.0000e+00
    106.000    104.877    -1.6023  26.962806    -1.6029  26.961717     6.6314     6.9081     0.9153    94.2859 1.0000e-12  -74.02442 -111.72864  25.564919      99.92 2.8772e+02    357.990       8593  1027.8315  1027.8309    33.9500    33.9492    8.41977         29 0.0000e+00
    107.000    105.866    -1.5938  26.970687    -1.5899  26.973444     6.6237     6.9028     1.2578    94.5502 1.0000e-12  -74.02442 -111.72864  25.564933      99.92 2.8481e+02    359.170       8621  1027.8364  1027.8357    33.9505    33.9499    8.41780         28 0.0000e+00
    108.000    106.854    -1.5922  26.972548    -1.5921  26.972268     6.6304     6.9041     0.9742    94.4562 1.0000e-12  -74.02442 -111.72864  25.564946      99.91 2.8636e+02    360.326       8649  1027.8414  1027.8410    33.9507    33.9502    8.41743         27 0.0000e+00
    109.000    107.847    -1.5912  26.973969    -1.5921  26.972857     6.6213     6.8970     1.4459    94.3217 1.0000e-12  -74.02442 -111.72864  25.564959      99.92 2.8526e+02    361.430       8675  1027.8465  1027.8461    33.9510    33.9504    8.41720         26 0.0000e+00
    110.000    108.832    -1.6021  26.965570    -1.6035  26.964424     6.6000     6.8745     1.2903    94.0355 1.0000e-12  -74.02442 -111.72864  25.564972      99.92 2.8371e+02    362.574       8703  1027.8522  1027.8523    33.9511    33.9511    8.41966         29 0.0000e+00
    111.000    109.822    -1.5981  26.971699    -1.6001  26.969074     6.5901     6.8594     1.1701    93.7924 1.0000e-12  -74.02442 -111.72864  25.564986      99.91 2.8455e+02    363.793       8732  1027.8594  1027.8585    33.9544    33.9530    8.41856         29 0.0000e+00
    112.000    110.812    -1.5891  26.979706    -1.5875  26.980636     6.5840     6.8507     1.6176    93.5492 1.0000e-12  -74.02442 -111.72864  25.565000      99.92 2.8510e+02    365.005       8761  1027.8640  1027.8634    33.9546    33.9540    8.41650         29 0.0000e+00
    113.000    111.801    -1.5860  26.983107    -1.5840  26.984444     6.5786     6.8498     1.0179    94.2606 1.0000e-12  -74.02442 -111.72864  25.565013      99.91 2.8417e+02    366.147       8789  1027.8691  1027.8686    33.9551    33.9546    8.41576         27 0.0000e+00
    114.000    112.790    -1.5822  26.987256    -1.5816  26.987156     6.5653     6.8439     1.3442    94.3264 1.0000e-12  -74.02442 -111.72864  25.565027      99.91 2.8419e+02    367.319       8817  1027.8744  1027.8738    33.9559    33.9551    8.41486         29 0.0000e+00
    115.000    113.779    -1.5772  26.992324    -1.5750  26.993541     6.5563     6.8307     1.6833    93.8714 1.0000e-12  -74.02442 -111.72864  25.565041      99.89 2.8412e+02    368.558       8846  1027.8796  1027.8788    33.9566    33.9558    8.41368         30 0.0000e+00
    116.000    114.768    -1.5755  26.996664    -1.5762  26.995856     6.5555     6.8289     1.6072    93.4490 1.0000e-12  -74.02442 -111.72864  25.565055      99.92 2.8500e+02    369.751       8875  1027.8873  1027.8870    33.9601    33.9597    8.41310         27 0.0000e+00
    117.000    115.756    -1.5808  26.993768    -1.5812  26.993115     6.5607     6.8295     1.0251    93.9572 1.0000e-12  -74.02442 -111.72864  25.565068      99.89 2.8552e+02    370.878       8902  1027.8936  1027.8932    33.9614    33.9610    8.41421         27 0.0000e+00
    118.000    116.748    -1.5896  26.988087    -1.5897  26.987685     6.5605     6.8230     0.8492    94.3280 1.0000e-12  -74.02442 -111.72864  25.565081      99.90 2.8552e+02    372.016       8929  1027.9002  1027.8998    33.9630    33.9625    8.41611         28 0.0000e+00
    119.000    117.734    -1.5905  26.988592    -1.5903  26.988236     6.5577     6.8157     0.8682    93.8149 1.0000e-12  -74.02442 -111.72864  25.565095      99.92 2.8699e+02    373.212       8958  1027.9060  1027.9054    33.9641    33.9634    8.41626         29 0.0000e+00
