ocean_section_plots/required_files/ctd/dnbp2202_ctd261.cnv
* Sea-Bird SBE 9 Data File:
* FileName = D:\Data\raw\NBP2202_CTD261.hex
* Software Version Seasave V 7.26.7.121
* Temperature SN = 1649
* Conductivity SN = 2513
* Number of Bytes Per Scan = 40
* Number of Voltage Words = 5
* Number of Scans Averaged by the Deck Unit = 1
* NMEA Latitude = 73 53.01 S
* NMEA Longitude = 118 44.80 W
* NMEA UTC (Time) = Feb 19 2022  13:46:52
* NMEA baud rate = 9600
** Ship: RVIB N.B. Palmer
** Cruise: NBP2202 Thwaites
** Station: 166
** Operator: B. Bjork
# nquan = 28
# nvalues = 642                         
# units = specified
# name 0 = prDM: Pressure, Digiquartz [db]
# name 1 = depSM: Depth [salt water, m]
# name 2 = t090C: Temperature [ITS-90, deg C]
# name 3 = c0mS/cm: Conductivity [mS/cm]
# name 4 = t190C: Temperature, 2 [ITS-90, deg C]
# name 5 = c1mS/cm: Conductivity, 2 [mS/cm]
# name 6 = sbeox0ML/L: Oxygen, SBE 43 [ml/l]
# name 7 = sbeox1ML/L: Oxygen, SBE 43, 2 [ml/l]
# name 8 = flECO-AFL: Fluorescence, WET Labs ECO-AFL/FL [mg/m^3]
# name 9 = CStarTr0: Beam Transmission, WET Labs C-Star [%]
# name 10 = par: PAR/Irradiance, Biospherical/Licor
# name 11 = latitude: Latitude [deg]
# name 12 = longitude: Longitude [deg]
# name 13 = timeJ: Julian Days
# name 14 = altM: Altimeter [m]
# name 15 = spar: SPAR, Biospherical/Licor
# name 16 = timeS: Time, Elapsed [seconds]
# name 17 = scan: Scan Count
# name 18 = density00: Density [density, kg/m^3]
# name 19 = density11: Density, 2 [density, kg/m^3]
# name 20 = v3: Voltage 3
# name 21 = v4: Voltage 4
# name 22 = v5: Voltage 5
# name 23 = sal00: Salinity, Practical [PSU]
# name 24 = sal11: Salinity, Practical, 2 [PSU]
# name 25 = oxsolML/L: Oxygen Saturation, Garcia & Gordon [ml/l]
# name 26 = nbin: number of scans per bin
# name 27 = flag: flag
# span 0 =      2.000,    643.000       
# span 1 =      1.951,    635.366       
# span 2 =    -1.7481,     0.3212       
# span 3 =  26.965372,  29.212373       
# span 4 =    -1.7472,     0.3253       
# span 5 =  26.965583,  29.215593       
# span 6 =     4.7815,     8.9787       
# span 7 =     4.9256,     9.3362       
# span 8 =    -0.0217,    11.3159       
# span 9 =    88.1253,    99.5108       
# span 10 = 1.0000e-12, 7.5495e+01      
# span 11 =  -73.88354,  -73.88352      
# span 12 = -118.74650, -118.74644      
# span 13 =  50.576451,  50.585268      
# span 14 =       4.10,     100.58      
# span 15 = 1.0067e+03, 1.0815e+03      
# span 16 =    193.364,    955.139      
# span 17 =       4642,      22924      
# span 18 =  1027.1637,  1030.7114      
# span 19 =  1027.1615,  1030.7100      
# span 20 =     4.1808,     4.7206      
# span 21 =     0.0635,     1.8336      
# span 22 =     0.1149,     0.2336      
# span 23 =    33.8117,    34.4850      
# span 24 =    33.8103,    34.4837      
# span 25 =    7.97218,    8.44819      
# span 26 =          5,         48      
# span 27 = 0.0000e+00, 0.0000e+00      
# interval = decibars: 1                
# start_time = Feb 19 2022 13:46:52 [NMEA time, header]
# bad_flag = -9.990e-29
*END*
[from data line 518]
    520.000    513.980    -0.2563  28.545187    -0.2532  28.545776     5.0695     5.2331    -0.0041    99.3890 1.0000e-12  -73.88352 -118.74646  50.583113      99.94 1.0696e+03    768.976      18456  1030.0398  1030.0374     4.7148     0.0705     0.1197    34.3220    34.3193    8.10244         31 0.0000e+00
    521.000    514.968    -0.2523  28.550068    -0.2500  28.550398     5.0565     5.2229    -0.0052    99.3783 1.0000e-12  -73.88352 -118.74646  50.583127      73.69 1.0693e+03    770.176      18485  1030.0456  1030.0437     4.7143     0.0689     0.1199    34.3234    34.3213    8.10151         26 0.0000e+00
    522.000    515.953    -0.2487  28.555213    -0.2463  28.555311     5.0431     5.2071    -0.0042    99.3950 1.0000e-12  -73.88352 -118.74646  50.583138      79.29 1.0707e+03    771.141      18508  1030.0520  1030.0498     4.7151     0.0678     0.1201    34.3257    34.3232    8.10063         21 0.0000e+00
    523.000    516.942    -0.2139  28.590822    -0.2103  28.591240     5.0310     5.1944    -0.0046    99.3898 1.0000e-12  -73.88352 -118.74646  50.583148      95.94 1.0723e+03    772.011      18529  1030.0599  1030.0569     4.7149     0.0703     0.1221    34.3334    34.3299    8.09280         21 0.0000e+00
    524.000    517.929    -0.1988  28.605809    -0.1964  28.605860     5.0256     5.1879    -0.0027    99.3855 1.0000e-12  -73.88352 -118.74646  50.583159      99.02 1.0706e+03    772.901      18551  1030.0655  1030.0631     4.7147     0.0715     0.1207    34.3358    34.3331    8.08946         23 0.0000e+00
    525.000    518.915    -0.1817  28.623774    -0.1797  28.623457     5.0186     5.1790     0.0023    99.4009 1.0000e-12  -73.88352 -118.74646  50.583170      99.92 1.0674e+03    773.912      18575  1030.0723  1030.0700     4.7154     0.0696     0.1181    34.3399    34.3372    8.08561         26 0.0000e+00
    526.000    519.904    -0.1684  28.638240    -0.1660  28.638011     5.0193     5.1708    -0.0049    99.3934 1.0000e-12  -73.88352 -118.74646  50.583183      99.94 1.0683e+03    775.020      18601  1030.0792  1030.0766     4.7151     0.0710     0.1201    34.3436    34.3406    8.08258         26 0.0000e+00
    527.000    520.890    -0.1591  28.648370    -0.1567  28.648532     5.0143     5.1769    -0.0042    99.3962 1.0000e-12  -73.88352 -118.74646  50.583196      99.94 1.0706e+03    776.111      18628  1030.0853  1030.0832     4.7152     0.0714     0.1167    34.3460    34.3435    8.08047         25 0.0000e+00
    528.000    521.878    -0.1559  28.652197    -0.1535  28.652522     5.0044     5.1713     0.0036    99.3989 1.0000e-12  -73.88352 -118.74648  50.583207      99.94 1.0701e+03    777.104      18651  1030.0907  1030.0888     4.7153     0.0708     0.1198    34.3468    34.3446    8.07974         23 0.0000e+00
    529.000    522.864    -0.1537  28.655061    -0.1514  28.655197     5.0083     5.1648     0.0038    99.3848 1.0000e-12  -73.88352 -118.74648  50.583218      99.94 1.0709e+03    778.008      18673  1030.0961  1030.0940     4.7147     0.0702     0.1215    34.3475    34.3451    8.07923         21 0.0000e+00
    530.000    523.852    -0.1460  28.664157    -0.1435  28.664125     5.0084     5.1575     0.0029    99.3846 1.0000e-12  -73.88352 -118.74647  50.583228      99.94 1.0715e+03    778.894      18694  1030.1027  1030.1002     4.7146     0.0720     0.1176    34.3504    34.3476    8.07745         22 0.0000e+00
    531.000    524.838    -0.1228  28.689153    -0.1201  28.689435     5.0023     5.1559    -0.0069    99.3874 1.0000e-12  -73.88352 -118.74646  50.583239      99.94 1.0691e+03    779.870      18718  1030.1108  1030.1084     4.7148     0.0703     0.1190    34.3569    34.3543    8.07217         26 0.0000e+00
    532.000    525.825    -0.1168  28.695830    -0.1143  28.695798     4.9876     5.1484    -0.0010    99.3998 1.0000e-12  -73.88352 -118.74646  50.583253      99.94 1.0704e+03    781.064      18747  1030.1166  1030.1141     4.7154     0.0710     0.1174    34.3585    34.3556    8.07083         31 0.0000e+00
    533.000    526.813    -0.0972  28.717176    -0.0950  28.717000     4.9897     5.1427    -0.0118    99.4123 1.0000e-12  -73.88352 -118.74646  50.583268      99.94 1.0727e+03    782.345      18777  1030.1244  1030.1221     4.7159     0.0710     0.1199    34.3643    34.3615    8.06636         29 0.0000e+00
    534.000    527.800    -0.0863  28.729493    -0.0839  28.729284     4.9824     5.1334    -0.0037    99.4103 1.0000e-12  -73.88352 -118.74646  50.583280      82.37 1.0716e+03    783.399      18803  1030.1312  1030.1288     4.7158     0.0690     0.1202    34.3677    34.3648    8.06385         22 0.0000e+00
    535.000    528.787    -0.0789  28.737583    -0.0764  28.737868     4.9697     5.1288    -0.0117    99.3945 1.0000e-12  -73.88352 -118.74646  50.583291      86.87 1.0713e+03    784.307      18824  1030.1370  1030.1349     4.7151     0.0695     0.1183    34.3695    34.3671    8.06220         21 0.0000e+00
    536.000    529.775    -0.0777  28.739203    -0.0746  28.740235     4.9722     5.1348    -0.0143    99.4133 1.0000e-12  -73.88352 -118.74646  50.583301      94.03 1.0734e+03    785.201      18846  1030.1420  1030.1401     4.7160     0.0704     0.1203    34.3698    34.3676    8.06193         23 0.0000e+00
    537.000    530.762    -0.0648  28.753914    -0.0629  28.753078     4.9658     5.1213    -0.0087    99.4126 1.0000e-12  -73.88352 -118.74646  50.583312      99.82 1.0710e+03    786.188      18870  1030.1494  1030.1466     4.7159     0.0716     0.1167    34.3743    34.3710    8.05897         25 0.0000e+00
    538.000    531.749    -0.0516  28.768075    -0.0498  28.767572     4.9541     5.1063     0.0007    99.4174 1.0000e-12  -73.88352 -118.74646  50.583325      99.94 1.0713e+03    787.309      18896  1030.1559  1030.1536     4.7162     0.0706     0.1170    34.3776    34.3749    8.05600         29 0.0000e+00
    539.000    532.736    -0.0145  28.809430    -0.0097  28.810312     4.9412     5.0961    -0.0015    99.4190 1.0000e-12  -73.88352 -118.74646  50.583339      99.94 1.0736e+03    788.531      18926  1030.1674  1030.1637     4.7162     0.0702     0.1193    34.3901    34.3858    8.04748         28 0.0000e+00
    540.000    533.721     0.0077  28.832590     0.0091  28.831174     4.9387     5.0903    -0.0087    99.4235 1.0000e-12  -73.88352 -118.74646  50.583352      97.59 1.0723e+03    789.593      18951  1030.1747  1030.1718     4.7165     0.0708     0.1179    34.3953    34.3918    8.04254         23 0.0000e+00
    541.000    534.711     0.0208  28.846812     0.0213  28.844902     4.9300     5.0811    -0.0087    99.4209 1.0000e-12  -73.88352 -118.74646  50.583363      50.75 1.0700e+03    790.521      18974  1030.1814  1030.1788     4.7163     0.0687     0.1188    34.3987    34.3956    8.03958         22 0.0000e+00
    542.000    535.696     0.0222  28.848592     0.0252  28.849426     4.9268     5.0811    -0.0033    99.4212 1.0000e-12  -73.88352 -118.74648  50.583373      99.98 1.0675e+03    791.459      18996  1030.1864  1030.1844     4.7163     0.0705     0.1171    34.3989    34.3967    8.03928         23 0.0000e+00
    543.000    536.684     0.0259  28.853139     0.0277  28.852428     4.9292     5.0860    -0.0051    99.4282 1.0000e-12  -73.88352 -118.74646  50.583386      99.94 1.0706e+03    792.571      19023  1030.1922  1030.1897     4.7167     0.0709     0.1186    34.4003    34.3973    8.03844         31 0.0000e+00
    544.000    537.671     0.0356  28.864255     0.0391  28.865191     4.9115     5.0630    -0.0047    99.4363 1.0000e-12  -73.88352 -118.74646  50.583401      99.94 1.0714e+03    793.851      19053  1030.1989  1030.1965     4.7170     0.0704     0.1233    34.4034    34.4007    8.03621         29 0.0000e+00
    545.000    538.657     0.0615  28.893070     0.0656  28.894150     4.8964     5.0568    -0.0036    99.4204 1.0000e-12  -73.88352 -118.74647  50.583414      99.93 1.0733e+03    795.007      19081  1030.2083  1030.2055     4.7163     0.0702     0.1198    34.4119    34.4088    8.03032         27 0.0000e+00
    546.000    539.644     0.0918  28.925802     0.0951  28.926450     4.8937     5.0484    -0.0068    99.4167 1.0000e-12  -73.88352 -118.74646  50.583426      99.94 1.0720e+03    796.051      19106  1030.2174  1030.2149     4.7161     0.0701     0.1196    34.4205    34.4177    8.02349         23 0.0000e+00
    547.000    540.634     0.1041  28.939028     0.1058  28.938298     4.8907     5.0425    -0.0104    99.4303 1.0000e-12  -73.88352 -118.74647  50.583437      81.57 1.0687e+03    796.986      19129  1030.2238  1030.2214     4.7168     0.0675     0.1209    34.4237    34.4208    8.02075         22 0.0000e+00
    548.000    541.619     0.1142  28.951101     0.1187  28.952699     4.8809     5.0332    -0.0019    99.4388 1.0000e-12  -73.88352 -118.74647  50.583448      93.11 1.0704e+03    797.944      19152  1030.2311  1030.2284     4.7171     0.0694     0.1178    34.4276    34.4247    8.01841         24 0.0000e+00
    549.000    542.606     0.1349  28.972977     0.1376  28.973069     4.8776     5.0346    -0.0043    99.4350 1.0000e-12  -73.88352 -118.74647  50.583460      98.32 1.0715e+03    798.979      19176  1030.2383  1030.2358     4.7170     0.0708     0.1203    34.4327    34.4298    8.01380         26 0.0000e+00
    550.000    543.594     0.1409  28.979860     0.1434  28.979843     4.8767     5.0262    -0.0129    99.4548 1.0000e-12  -73.88352 -118.74646  50.583473      98.85 1.0703e+03    800.022      19202  1030.2442  1030.2418     4.7179     0.0701     0.1185    34.4344    34.4316    8.01245         24 0.0000e+00
    551.000    544.579     0.1452  28.984844     0.1474  28.984650     4.8760     5.0229    -0.0203    99.4616 1.0000e-12  -73.88352 -118.74647  50.583484      98.00 1.0710e+03    801.014      19225  1030.2498  1030.2475     4.7182     0.0688     0.1194    34.4356    34.4329    8.01148         23 0.0000e+00
    552.000    545.568     0.1511  28.991571     0.1540  28.991976     4.8783     5.0182    -0.0032    99.4695 1.0000e-12  -73.88352 -118.74647  50.583495      97.37 1.0711e+03    801.979      19248  1030.2556  1030.2533     4.7186     0.0696     0.1192    34.4373    34.4346    8.01016         23 0.0000e+00
    553.000    546.553     0.1576  28.999159     0.1597  28.998694     4.8671     5.0150    -0.0032    99.4591 1.0000e-12  -73.88352 -118.74647  50.583506      95.70 1.0707e+03    802.936      19271  1030.2617  1030.2592     4.7181     0.0700     0.1185    34.4394    34.4365    8.00869         23 0.0000e+00
    554.000    547.543     0.1687  29.011503     0.1714  29.011777     4.8633     5.0131    -0.0011    99.4537 1.0000e-12  -73.88352 -118.74647  50.583517      94.75 1.0698e+03    803.867      19294  1030.2682  1030.2659     4.7178     0.0711     0.1185    34.4427    34.4400    8.00620         23 0.0000e+00
    555.000    548.527     0.1747  29.018093     0.1772  29.018209     4.8638     5.0103    -0.0064    99.4612 1.0000e-12  -73.88352 -118.74647  50.583528      94.04 1.0701e+03    804.845      19317  1030.2737  1030.2714     4.7182     0.0703     0.1181    34.4440    34.4414    8.00487         24 0.0000e+00
    556.000    549.516     0.1776  29.021644     0.1804  29.022047     4.8525     5.0010    -0.0041    99.4559 1.0000e-12  -73.88352 -118.74647  50.583540      92.85 1.0682e+03    805.890      19342  1030.2791  1030.2768     4.7180     0.0686     0.1182    34.4448    34.4422    8.00422         26 0.0000e+00
    557.000    550.503     0.1814  29.026012     0.1837  29.026064     4.8524     5.0003     0.0017    99.4473 1.0000e-12  -73.88352 -118.74647  50.583553      91.90 1.0655e+03    806.939      19368  1030.2844  1030.2822     4.7176     0.0694     0.1208    34.4458    34.4433    8.00338         24 0.0000e+00
    558.000    551.490     0.1853  29.030582     0.1878  29.030921     4.8504     4.9987    -0.0058    99.4549 1.0000e-12  -73.88352 -118.74647  50.583564      90.74 1.0728e+03    807.922      19391  1030.2898  1030.2877     4.7179     0.0694     0.1206    34.4468    34.4444    8.00250         23 0.0000e+00
    559.000    552.478     0.1896  29.035599     0.1920  29.035788     4.8509     4.9994    -0.0126    99.4449 1.0000e-12  -73.88352 -118.74646  50.583575      89.93 1.0719e+03    808.843      19413  1030.2952  1030.2932     4.7174     0.0685     0.1199    34.4480    34.4456    8.00154         21 0.0000e+00
    560.000    553.462     0.1937  29.040643     0.1959  29.040527     4.8526     4.9947    -0.0017    99.4675 1.0000e-12  -73.88352 -118.74646  50.583585      88.86 1.0707e+03    809.762      19435  1030.3009  1030.2987     4.7185     0.0701     0.1160    34.4495    34.4468    8.00061         24 0.0000e+00
    561.000    554.451     0.2017  29.049750     0.2042  29.049835     4.8536     4.9910    -0.0111    99.4648 1.0000e-12  -73.88352 -118.74646  50.583597      88.05 1.0727e+03    810.781      19460  1030.3069  1030.3046     4.7184     0.0686     0.1193    34.4519    34.4492    7.99880         26 0.0000e+00
    562.000    555.437     0.2078  29.056744     0.2101  29.056774     4.8474     4.9836    -0.0182    99.4594 1.0000e-12  -73.88352 -118.74646  50.583611      86.63 1.0718e+03    811.948      19488  1030.3127  1030.3106     4.7181     0.0696     0.1193    34.4537    34.4512    7.99744         28 0.0000e+00
    563.000    556.425     0.2103  29.059984     0.2127  29.060286     4.8402     4.9862    -0.0023    99.4464 1.0000e-12  -73.88352 -118.74646  50.583623      85.48 1.0731e+03    813.055      19514  1030.3181  1030.3161     4.7176     0.0687     0.1167    34.4546    34.4523    7.99688         25 0.0000e+00
    564.000    557.412     0.2099  29.060301     0.2122  29.060413     4.8363     4.9935    -0.0037    99.4548 1.0000e-12  -73.88352 -118.74646  50.583634      84.61 1.0734e+03    814.019      19537  1030.3233  1030.3212     4.7179     0.0689     0.1222    34.4549    34.4525    7.99694         22 0.0000e+00
    565.000    558.398     0.2086  29.059696     0.2106  29.059727     4.8368     4.9909    -0.0026    99.4638 1.0000e-12  -73.88352 -118.74646  50.583645      83.82 1.0736e+03    814.895      19558  1030.3283  1030.3263     4.7184     0.0687     0.1187    34.4550    34.4527    7.99721         20 0.0000e+00
    566.000    559.385     0.2076  29.059325     0.2098  29.059439     4.8334     4.9841    -0.0017    99.4642 1.0000e-12  -73.88352 -118.74646  50.583655      82.77 1.0730e+03    815.766      19579  1030.3332  1030.3313     4.7183     0.0680     0.1177    34.4550    34.4527    7.99742         22 0.0000e+00
    567.000    560.374     0.2063  29.058557     0.2087  29.058923     4.8444     4.9828    -0.0061    99.4701 1.0000e-12  -73.88352 -118.74646  50.583666      81.63 1.0744e+03    816.723      19602  1030.3380  1030.3361     4.7187     0.0674     0.1189    34.4548    34.4526    7.99769         25 0.0000e+00
    568.000    561.360     0.2055  29.058451     0.2081  29.058843     4.8401     4.9821    -0.0050    99.4576 1.0000e-12  -73.88352 -118.74646  50.583679      80.45 1.0744e+03    817.838      19629  1030.3430  1030.3409     4.7181     0.0686     0.1182    34.4550    34.4526    7.99784         27 0.0000e+00
    569.000    562.345     0.2084  29.061753     0.2108  29.061981     4.8351     4.9807    -0.0004    99.4658 1.0000e-12  -73.88352 -118.74646  50.583692      79.29 1.0707e+03    818.948      19656  1030.3480  1030.3458     4.7185     0.0688     0.1179    34.4556    34.4532    7.99722         26 0.0000e+00
    570.000    563.334     0.2094  29.063124     0.2116  29.063353     4.8412     4.9836    -0.0110    99.4736 1.0000e-12  -73.88352 -118.74646  50.583703      78.34 1.0725e+03    819.939      19680  1030.3527  1030.3508     4.7189     0.0669     0.1169    34.4556    34.4534    7.99700         22 0.0000e+00
