ocean_section_plots/required_files/ctd/dnbp2202_ctd033.cnv
* Sea-Bird SBE 9 Data File:
* FileName = D:\Data\raw\NBP2202_CTD033.hex
* Software Version Seasave V 7.26.7.121
* Temperature SN = 1649
* Conductivity SN = 2513
* Number of Bytes Per Scan = 40
* Number of Voltage Words = 5
* Number of Scans Averaged by the Deck Unit = 1
* NMEA Latitude = 74 09.02 S
* NMEA Longitude = 111 53.91 W
* NMEA UTC (Time) = Jan 21 2022  23:44:24
* NMEA baud rate = 9600
** Ship: RVIB N.B. Palmer
** Cruise: NBP2202 Thwaites
** Station: 20
** Operator: A. Robinson
# nquan = 25
# nvalues = 504                         
# units = specified
# name 0 = prDM: Pressure, Digiquartz [db]
# name 1 = depSM: Depth [salt water, m]
# name 2 = t090C: Temperature [ITS-90, deg C]
# name 3 = c0mS/cm: Conductivity [mS/cm]
# name 4 = t190C: Temperature, 2 [ITS-90, deg C]
# name 5 = c1mS/cm: Conductivity, 2 [mS/cm]
# name 6 = sbeox0ML/L: Oxygen, SBE 43 [ml/l]
# name 7 = sbeox1ML/L: Oxygen, SBE 43, 2 [ml/l]
# name 8 = flECO-AFL: Fluorescence, WET Labs ECO-AFL/FL [mg/m^3]
# name 9 = CStarTr0: Beam Transmission, WET Labs C-Star [%]
# name 10 = par: PAR/Irradiance, Biospherical/Licor
# name 11 = latitude: Latitude [deg]
# name 12 = longitude: Longitude [deg]
# name 13 = timeJ: Julian Days
# name 14 = altM: Altimeter [m]
# name 15 = spar: SPAR, Biospherical/Licor
# name 16 = timeS: Time, Elapsed [seconds]
# name 17 = scan: Scan Count
# name 18 = density00: Density [density, kg/m^3]
# name 19 = density11: Density, 2 [density, kg/m^3]
# name 20 = sal00: Salinity, Practical [PSU]
# name 21 = sal11: Salinity, Practical, 2 [PSU]
# name 22 = oxsolML/L: Oxygen Saturation, Garcia & Gordon [ml/l]
# name 23 = nbin: number of scans per bin
# name 24 = flag: flag
# span 0 =      2.000,    505.000       
# span 1 =      1.977,    499.167       
# span 2 =    -1.5454,     0.1274       
# span 3 =  27.055305,  28.949195       
# span 4 =    -1.5458,     0.1297       
# span 5 =  27.054838,  28.949045       
# span 6 =     4.7845,     7.9232       
# span 7 =     5.0511,     8.1671       
# span 8 =    -0.0150,    12.8454       
# span 9 =    77.5933,    97.3479       
# span 10 = -7.723e-07, 1.0602e+03      
# span 11 =  -74.15036,  -74.15036      
# span 12 = -111.89864, -111.89860      
# span 13 =  21.992251,  22.000733      
# span 14 =       4.70,      99.66      
# span 15 = 1.5902e+03, 1.7699e+03      
# span 16 =    266.457,    999.348      
# span 17 =       6396,      23985      
# span 18 =  1027.1908,  1030.0368      
# span 19 =  1027.1948,  1030.0344      
# span 20 =    33.7775,    34.4355      
# span 21 =    33.7802,    34.4328      
# span 22 =    8.01520,    8.40493      
# span 23 =         19,         53      
# span 24 = 0.0000e+00, 0.0000e+00      
# interval = decibars: 1                
# start_time = Jan 21 2022 23:44:24 [NMEA time, header]
# bad_flag = -9.990e-29
*END*
[from data line 174]
    176.000    174.105    -1.5451  27.066276    -1.5454  27.065540     6.4764     6.8699     0.3376    96.4190 1.0000e-12  -74.15036 -111.89862  21.995708      96.42 1.7285e+03    565.180      13565  1028.1945  1028.1940    33.9839    33.9833    8.40477         32 0.0000e+00
    177.000    175.094    -1.5448  27.066943    -1.5450  27.066427     6.4749     6.8656     0.2522    96.3204 1.0000e-12  -74.15036 -111.89862  21.995724      99.57 1.7295e+03    566.553      13598  1028.1992  1028.1989    33.9839    33.9835    8.40472         33 0.0000e+00
    178.000    176.081    -1.5448  27.067453    -1.5451  27.066846     6.4767     6.8711     0.2858    96.4216 1.0000e-12  -74.15036 -111.89862  21.995740      99.55 1.7308e+03    567.958      13632  1028.2041  1028.2037    33.9840    33.9835    8.40471         34 0.0000e+00
    179.000    177.071    -1.5437  27.069092    -1.5439  27.068440     6.4711     6.8620     0.3451    96.5305 1.0000e-12  -74.15036 -111.89862  21.995756      99.54 1.7295e+03    569.346      13665  1028.2091  1028.2085    33.9844    33.9837    8.40444         33 0.0000e+00
    180.000    178.061    -1.5429  27.070504    -1.5432  27.069925     6.4645     6.8553     0.2832    96.6521 1.0000e-12  -74.15036 -111.89862  21.995772      99.55 1.7285e+03    570.698      13698  1028.2142  1028.2139    33.9847    33.9843    8.40423         30 0.0000e+00
    181.000    179.048    -1.5391  27.075148    -1.5392  27.074407     6.4617     6.8529     0.3511    96.6165 1.0000e-12  -74.15036 -111.89862  21.995788      99.55 1.7286e+03    572.057      13730  1028.2199  1028.2192    33.9862    33.9854    8.40328         33 0.0000e+00
    182.000    180.038    -1.5402  27.074767    -1.5408  27.074053     6.4650     6.8571     0.2261    96.6501 1.0000e-12  -74.15036 -111.89862  21.995802      99.55 1.7291e+03    573.292      13760  1028.2249  1028.2247    33.9864    33.9861    8.40353         27 0.0000e+00
    183.000    181.026    -1.5440  27.072596    -1.5445  27.071886     6.4675     6.8548     0.2360    96.5946 1.0000e-12  -74.15036 -111.89862  21.995816      99.55 1.7318e+03    574.508      13789  1028.2305  1028.2302    33.9870    33.9866    8.40434         31 0.0000e+00
    184.000    182.013    -1.5447  27.072700    -1.5452  27.072112     6.4674     6.8516     0.2872    96.6050 1.0000e-12  -74.15036 -111.89862  21.995831      99.55 1.7335e+03    575.805      13820  1028.2357  1028.2355    33.9874    33.9871    8.40449         29 0.0000e+00
    185.000    183.004    -1.5447  27.073287    -1.5451  27.072772     6.4571     6.8514     0.2172    96.7046 1.0000e-12  -74.15036 -111.89862  21.995844      89.70 1.7335e+03    576.931      13847  1028.2406  1028.2404    33.9875    33.9873    8.40447         27 0.0000e+00
    186.000    183.992    -1.5443  27.074706    -1.5446  27.073968     6.4567     6.8410     0.1892    96.7200 1.0000e-12  -74.15036 -111.89862  21.995857      99.35 1.7313e+03    578.078      13875  1028.2461  1028.2455    33.9884    33.9878    8.40433         29 0.0000e+00
    187.000    184.982    -1.5431  27.077202    -1.5434  27.076409     6.4534     6.8398     0.2214    96.7206 1.0000e-12  -74.15036 -111.89862  21.995871      99.55 1.7312e+03    579.235      13903  1028.2519  1028.2514    33.9898    33.9892    8.40397         27 0.0000e+00
    188.000    185.969    -1.5425  27.078462    -1.5429  27.077756     6.4498     6.8314     0.2710    96.7672 1.0000e-12  -74.15036 -111.89862  21.995884      99.55 1.7326e+03    580.370      13930  1028.2571  1028.2567    33.9903    33.9898    8.40381         27 0.0000e+00
    189.000    186.959    -1.5423  27.079523    -1.5427  27.078833     6.4374     6.8177     0.3155    96.8186 1.0000e-12  -74.15036 -111.89862  21.995897      99.55 1.7337e+03    581.494      13957  1028.2624  1028.2619    33.9910    33.9904    8.40374         27 0.0000e+00
    190.000    187.948    -1.5389  27.084847    -1.5393  27.084012     6.4214     6.8146     0.2790    96.8781 1.0000e-12  -74.15036 -111.89862  21.995910      99.55 1.7350e+03    582.630      13984  1028.2693  1028.2687    33.9938    33.9931    8.40280         28 0.0000e+00
    191.000    188.937    -1.5355  27.089356    -1.5359  27.088644     6.4110     6.8055     0.2085    96.7745 1.0000e-12  -74.15036 -111.89862  21.995923      99.55 1.7341e+03    583.766      14011  1028.2752  1028.2748    33.9955    33.9949    8.40192         27 0.0000e+00
    192.000    189.924    -1.5301  27.095195    -1.5301  27.094680     6.4025     6.7843     0.3096    96.6359 1.0000e-12  -74.15036 -111.89862  21.995937      99.55 1.7372e+03    584.942      14040  1028.2808  1028.2802    33.9968    33.9961    8.40062         29 0.0000e+00
    193.000    190.913    -1.5283  27.097601    -1.5289  27.096733     6.3768     6.7656     0.1876    96.8255 1.0000e-12  -74.15036 -111.89862  21.995952      99.56 1.7402e+03    586.217      14070  1028.2860  1028.2856    33.9974    33.9969    8.40017         29 0.0000e+00
    194.000    191.903    -1.5139  27.112097    -1.5133  27.111445     6.3558     6.7415     0.1579    96.6146 1.0000e-12  -74.15036 -111.89862  21.995967      99.55 1.7405e+03    587.529      14102  1028.2924  1028.2910    34.0004    33.9988    8.39675         32 0.0000e+00
    195.000    192.890    -1.5094  27.116595    -1.5096  27.115942     6.3158     6.7018     0.4172    96.0951 1.0000e-12  -74.15036 -111.89862  21.995982      99.55 1.7411e+03    588.837      14133  1028.2974  1028.2969    34.0009    34.0002    8.39570         31 0.0000e+00
    196.000    193.880    -1.4939  27.131725    -1.4883  27.134685     6.2631     6.6511     0.3561    96.7869 1.0000e-12  -74.15036 -111.89862  21.995997      97.39 1.7404e+03    590.145      14164  1028.3035  1028.3012    34.0035    34.0012    8.39205         32 0.0000e+00
    197.000    194.868    -1.4662  27.156226    -1.4665  27.154498     6.2310     6.6097     0.1972    96.5731 1.0000e-12  -74.15036 -111.89862  21.996012      98.93 1.7413e+03    591.470      14196  1028.3080  1028.3064    34.0051    34.0031    8.38570         31 0.0000e+00
    198.000    195.858    -1.4500  27.170624    -1.4475  27.171767     6.2042     6.5978     0.1388    96.8815 1.0000e-12  -74.15036 -111.89862  21.996027      99.55 1.7421e+03    592.757      14227  1028.3126  1028.3115    34.0059    34.0047    8.38200         31 0.0000e+00
    199.000    196.846    -1.4436  27.176322    -1.4424  27.176425     6.2061     6.5860     0.1012    96.7856 1.0000e-12  -74.15036 -111.89862  21.996042      99.55 1.7445e+03    594.064      14259  1028.3173  1028.3163    34.0058    34.0046    8.38057         32 0.0000e+00
    200.000    197.835    -1.4416  27.178231    -1.4377  27.180892     6.2103     6.5808     0.1183    96.8298 1.0000e-12  -74.15036 -111.89862  21.996058      99.56 1.7430e+03    595.412      14291  1028.3220  1028.3212    34.0056    34.0048    8.38014         33 0.0000e+00
    201.000    198.823    -1.4377  27.182187    -1.4366  27.182266     6.1989     6.5769     0.1232    96.7725 1.0000e-12  -74.15036 -111.89862  21.996073      99.55 1.7423e+03    596.735      14323  1028.3271  1028.3262    34.0060    34.0048    8.37924         31 0.0000e+00
    202.000    199.812    -1.4336  27.186153    -1.4341  27.184996     6.1920     6.5659     0.1150    96.9263 1.0000e-12  -74.15036 -111.89862  21.996088      99.56 1.7429e+03    598.035      14354  1028.3320  1028.3312    34.0061    34.0051    8.37831         31 0.0000e+00
    203.000    200.801    -1.4289  27.191352    -1.4288  27.190547     6.1868     6.5668     0.1508    96.7542 1.0000e-12  -74.15036 -111.89862  21.996104      99.55 1.7458e+03    599.349      14385  1028.3377  1028.3367    34.0074    34.0061    8.37718         32 0.0000e+00
    204.000    201.789    -1.4276  27.192961    -1.4276  27.192275     6.1891     6.5623     0.1303    96.8831 1.0000e-12  -74.15036 -111.89862  21.996119      99.56 1.7470e+03    600.666      14417  1028.3427  1028.3419    34.0075    34.0065    8.37688         31 0.0000e+00
    205.000    202.777    -1.4263  27.194749    -1.4262  27.193873     6.1999     6.5703     0.2132    96.7794 1.0000e-12  -74.15036 -111.89862  21.996134      80.21 1.7457e+03    601.968      14448  1028.3478  1028.3468    34.0078    34.0065    8.37657         31 0.0000e+00
    206.000    203.768    -1.4302  27.193322    -1.4309  27.192552     6.2254     6.5926     0.1161    96.8612 1.0000e-12  -74.15036 -111.89862  21.996149      92.14 1.7439e+03    603.292      14480  1028.3545  1028.3543    34.0097    34.0094    8.37734         33 0.0000e+00
    207.000    204.754    -1.4382  27.188775    -1.4386  27.188064     6.2424     6.6101     0.1263    96.9110 1.0000e-12  -74.15036 -111.89862  21.996165      98.90 1.7451e+03    604.615      14512  1028.3617  1028.3613    34.0119    34.0114    8.37900         29 0.0000e+00
    208.000    205.744    -1.4450  27.184048    -1.4451  27.183489     6.2509     6.6157     0.0964    96.9704 1.0000e-12  -74.15036 -111.89862  21.996180      99.55 1.7469e+03    605.918      14543  1028.3674  1028.3669    34.0125    34.0118    8.38050         31 0.0000e+00
    209.000    206.732    -1.4498  27.180756    -1.4499  27.180003     6.2524     6.6170     0.0893    96.8901 1.0000e-12  -74.15036 -111.89862  21.996195      99.55 1.7481e+03    607.233      14575  1028.3727  1028.3720    34.0127    34.0118    8.38155         32 0.0000e+00
    210.000    207.722    -1.4502  27.181111    -1.4503  27.180330     6.2529     6.6244     0.1051    96.9189 1.0000e-12  -74.15036 -111.89860  21.996209      99.55 1.7500e+03    608.500      14605  1028.3778  1028.3771    34.0130    34.0122    8.38162         27 0.0000e+00
    211.000    208.710    -1.4490  27.183008    -1.4492  27.182230     6.2469     6.6178     0.1134    96.8782 1.0000e-12  -74.15036 -111.89861  21.996222      99.55 1.7500e+03    609.555      14630  1028.3831  1028.3824    34.0138    34.0129    8.38132         26 0.0000e+00
    212.000    209.699    -1.4486  27.183898    -1.4487  27.183260     6.2467     6.6265     0.0979    96.9484 1.0000e-12  -74.15036 -111.89861  21.996234      99.56 1.7491e+03    610.633      14656  1028.3880  1028.3874    34.0139    34.0131    8.38123         25 0.0000e+00
    213.000    210.687    -1.4500  27.183761    -1.4502  27.183007     6.2447     6.6280     0.1125    96.9733 1.0000e-12  -74.15036 -111.89861  21.996247      99.55 1.7487e+03    611.709      14682  1028.3934  1028.3928    34.0146    34.0138    8.38149         27 0.0000e+00
    214.000    211.676    -1.4507  27.183625    -1.4509  27.182965     6.2475     6.6228     0.0784    96.9246 1.0000e-12  -74.15036 -111.89861  21.996259      99.56 1.7480e+03    612.783      14708  1028.3983  1028.3977    34.0147    34.0139    8.38165         25 0.0000e+00
    215.000    212.665    -1.4509  27.184104    -1.4510  27.183438     6.2381     6.6124     0.1234    96.8335 1.0000e-12  -74.15036 -111.89861  21.996272      99.55 1.7501e+03    613.864      14734  1028.4032  1028.4026    34.0149    34.0141    8.38167         26 0.0000e+00
    216.000    213.654    -1.4482  27.187773    -1.4483  27.186919     6.2437     6.6096     0.2396    96.9876 1.0000e-12  -74.15036 -111.89861  21.996284      99.55 1.7521e+03    614.950      14760  1028.4089  1028.4082    34.0162    34.0153    8.38098         26 0.0000e+00
    217.000    214.642    -1.4459  27.190861    -1.4465  27.189780     6.2424     6.6217     0.0808    96.9898 1.0000e-12  -74.15036 -111.89861  21.996297      99.54 1.7504e+03    616.033      14786  1028.4145  1028.4138    34.0173    34.0164    8.38041         26 0.0000e+00
    218.000    215.629    -1.4512  27.187076    -1.4513  27.186662     6.2453     6.6175     0.1090    96.9218 1.0000e-12  -74.15036 -111.89862  21.996309      99.14 1.7489e+03    617.132      14812  1028.4197  1028.4194    34.0174    34.0170    8.38159         26 0.0000e+00
    219.000    216.621    -1.4513  27.187843    -1.4514  27.187035     6.2438     6.6170     0.0726    96.9373 1.0000e-12  -74.15036 -111.89860  21.996322      99.56 1.7485e+03    618.225      14838  1028.4250  1028.4241    34.0180    34.0170    8.38159         27 0.0000e+00
    220.000    217.608    -1.4485  27.190667    -1.4480  27.190418     6.2441     6.6194     0.0764    96.8927 1.0000e-12  -74.15036 -111.89862  21.996335      99.55 1.7504e+03    619.323      14865  1028.4297  1028.4289    34.0181    34.0172    8.38095         27 0.0000e+00
    221.000    218.595    -1.4477  27.191965    -1.4496  27.189719     6.2524     6.6221     0.0848    96.7852 1.0000e-12  -74.15036 -111.89861  21.996349      99.56 1.7488e+03    620.524      14894  1028.4346  1028.4339    34.0183    34.0174    8.38075         30 0.0000e+00
    222.000    219.583    -1.4527  27.188210    -1.4516  27.188526     6.2563     6.6242     0.0769    96.9626 1.0000e-12  -74.15036 -111.89862  21.996363      99.55 1.7486e+03    621.795      14924  1028.4396  1028.4388    34.0182    34.0174    8.38188         31 0.0000e+00
    223.000    220.574    -1.4514  27.189736    -1.4515  27.189025     6.2592     6.6316     0.0731    96.9957 1.0000e-12  -74.15036 -111.89862  21.996378      99.56 1.7478e+03    623.062      14954  1028.4443  1028.4436    34.0183    34.0174    8.38159         30 0.0000e+00
    224.000    221.561    -1.4523  27.189683    -1.4521  27.189045     6.2670     6.6346     0.0702    97.0060 1.0000e-12  -74.15036 -111.89862  21.996393      99.55 1.7470e+03    624.313      14985  1028.4494  1028.4485    34.0185    34.0175    8.38177         30 0.0000e+00
    225.000    222.551    -1.4545  27.189202    -1.4543  27.188770     6.2608     6.6390     0.0782    97.0561 1.0000e-12  -74.15036 -111.89862  21.996407      99.56 1.7484e+03    625.605      15016  1028.4554  1028.4546    34.0198    34.0190    8.38220         32 0.0000e+00
    226.000    223.539    -1.4542  27.192282    -1.4538  27.191815     6.2634     6.6407     0.0960    96.9970 1.0000e-12  -74.15036 -111.89862  21.996422      99.55 1.7501e+03    626.899      15047  1028.4628  1028.4618    34.0231    34.0220    8.38194         28 0.0000e+00
    227.000    224.528    -1.4528  27.194360    -1.4527  27.193686     6.2462     6.6269     0.1586    97.0233 1.0000e-12  -74.15036 -111.89862  21.996437      78.62 1.7496e+03    628.152      15077  1028.4679  1028.4671    34.0237    34.0227    8.38157         30 0.0000e+00
    228.000    225.516    -1.4483  27.199690    -1.4479  27.198957     6.2319     6.6068     0.0497    96.9905 1.0000e-12  -74.15036 -111.89862  21.996451      98.67 1.7491e+03    629.408      15107  1028.4738  1028.4725    34.0254    34.0239    8.38048         31 0.0000e+00
    229.000    226.505    -1.4345  27.213174    -1.4341  27.212466     6.2263     6.6016     0.0453    96.9982 1.0000e-12  -74.15036 -111.89862  21.996466      97.02 1.7491e+03    630.674      15137  1028.4794  1028.4783    34.0275    34.0261    8.37723         30 0.0000e+00
    230.000    227.493    -1.4321  27.218238    -1.4321  27.217572     6.2311     6.6054     0.0406    97.0009 1.0000e-12  -74.15036 -111.89862  21.996481      99.55 1.7495e+03    631.931      15167  1028.4871  1028.4864    34.0312    34.0303    8.37647         30 0.0000e+00
    231.000    228.483    -1.4291  27.223319    -1.4290  27.222556     6.2459     6.6203     0.0850    97.0623 1.0000e-12  -74.15036 -111.89862  21.996496      99.55 1.7506e+03    633.225      15198  1028.4942  1028.4933    34.0342    34.0330    8.37563         32 0.0000e+00
    232.000    229.470    -1.4383  27.216285    -1.4386  27.215521     6.2531     6.6308     0.0553    96.9578 1.0000e-12  -74.15036 -111.89861  21.996511      99.56 1.7478e+03    634.533      15230  1028.4998  1028.4993    34.0343    34.0336    8.37768         31 0.0000e+00
