ocean_section_plots/required_files/ctd/dnbp2202_ctd273.cnv
* Sea-Bird SBE 9 Data File:
* FileName = D:\Data\raw\NBP2202_CTD273.hex
* Software Version Seasave V 7.26.7.121
* Temperature SN = 1649
* Conductivity SN = 2513
* Number of Bytes Per Scan = 40
* Number of Voltage Words = 5
* Number of Scans Averaged by the Deck Unit = 1
* NMEA Latitude = 73 56.55 S
* NMEA Longitude = 116 12.19 W
* NMEA UTC (Time) = Feb 21 2022  02:04:59
* NMEA baud rate = 9600
** Ship: RVIB N.B. Palmer
** Cruise: NBP2202 Thwaites
** Station: 175
** Operator: A. Robinson
# nquan = 28
# nvalues = 351                         
# units = specified
# name 0 = prDM: Pressure, Digiquartz [db]
# name 1 = depSM: Depth [salt water, m]
# name 2 = t090C: Temperature [ITS-90, deg C]
# name 3 = c0mS/cm: Conductivity [mS/cm]
# name 4 = t190C: Temperature, 2 [ITS-90, deg C]
# name 5 = c1mS/cm: Conductivity, 2 [mS/cm]
# name 6 = sbeox0ML/L: Oxygen, SBE 43 [ml/l]
# name 7 = sbeox1ML/L: Oxygen, SBE 43, 2 [ml/l]
# name 8 = flECO-AFL: Fluorescence, WET Labs ECO-AFL/FL [mg/m^3]
# name 9 = CStarTr0: Beam Transmission, WET Labs C-Star [%]
# name 10 = par: PAR/Irradiance, Biospherical/Licor
# name 11 = latitude: Latitude [deg]
# name 12 = longitude: Longitude [deg]
# name 13 = timeJ: Julian Days
# name 14 = altM: Altimeter [m]
# name 15 = spar: SPAR, Biospherical/Licor
# name 16 = timeS: Time, Elapsed [seconds]
# name 17 = scan: Scan Count
# name 18 = density00: Density [density, kg/m^3]
# name 19 = density11: Density, 2 [density, kg/m^3]
# name 20 = v3: Voltage 3
# name 21 = v4: Voltage 4
# name 22 = v5: Voltage 5
# name 23 = sal00: Salinity, Practical [PSU]
# name 24 = sal11: Salinity, Practical, 2 [PSU]
# name 25 = oxsolML/L: Oxygen Saturation, Garcia & Gordon [ml/l]
# name 26 = nbin: number of scans per bin
# name 27 = flag: flag
# span 0 =      2.000,    352.000       
# span 1 =      1.978,    348.065       
# span 2 =    -1.8681,    -0.3926       
# span 3 =  26.862608,  27.873840       
# span 4 =    -1.8661,    -0.3913       
# span 5 =  26.864647,  27.873969       
# span 6 =     6.3861,     9.1705       
# span 7 =     6.5801,     9.5186       
# span 8 =    -0.0243,    12.1069       
# span 9 =    86.7469,    98.5004       
# span 10 = 1.0000e-12, 7.2120e+01      
# span 11 =  -73.94268,  -73.94266      
# span 12 = -116.20332, -116.20328      
# span 13 =  52.089625,  52.095820      
# span 14 =       2.58,     100.02      
# span 15 = 1.4456e+02, 1.5262e+02      
# span 16 =    244.638,    779.823      
# span 17 =       5872,      18717      
# span 18 =  1027.1737,  1029.1275      
# span 19 =  1027.1742,  1029.1267      
# span 20 =     4.1154,     4.6727      
# span 21 =     0.0651,     2.2416      
# span 22 =     0.1132,     0.1985      
# span 23 =    33.8065,    34.0860      
# span 24 =    33.8066,    34.0852      
# span 25 =    8.16016,    8.47450      
# span 26 =         24,         72      
# span 27 = 0.0000e+00, 0.0000e+00      
# interval = decibars: 1                
# start_time = Feb 21 2022 02:04:59 [NMEA time, header]
# bad_flag = -9.990e-29
*END*
[from data line 52]
     54.000     53.434    -0.5050  27.744984    -0.5046  27.744875     8.9847     9.3328     8.5977    89.6436 1.0000e-12  -73.94266 -116.20329  52.090811      99.49 1.4490e+02    347.066       8331  1027.4286  1027.4282     4.2527     1.4320     0.1716    33.8113    33.8108    8.18499         36 0.0000e+00
     55.000     54.425    -0.4893  27.760154    -0.4865  27.761146     8.9378     9.2783     9.3090    90.0787 1.0000e-12  -73.94266 -116.20329  52.090828      99.53 1.4568e+02    348.549       8366  1027.4342  1027.4325     4.2735     1.2913     0.1724    33.8136    33.8118    8.18148         36 0.0000e+00
     56.000     55.414    -0.4563  27.789917    -0.4537  27.790765     8.9164     9.2659     9.6318    89.6578 1.0000e-12  -73.94266 -116.20329  52.090845      99.56 1.4626e+02    349.997       8401  1027.4387  1027.4371     4.2535     1.3902     0.1607    33.8160    33.8143    8.17421         32 0.0000e+00
     57.000     56.402    -0.4516  27.794494    -0.4503  27.794981     8.8787     9.2368     7.9796    89.4990 1.0000e-12  -73.94266 -116.20329  52.090862      99.48 1.4518e+02    351.452       8436  1027.4436  1027.4429     4.2458     1.4271     0.1780    33.8164    33.8156    8.17319         33 0.0000e+00
     58.000     57.392    -0.4284  27.816003    -0.4254  27.817527     8.8551     9.2038     8.0696    89.7239 1.0000e-12  -73.94266 -116.20329  52.090878      99.49 1.4541e+02    352.884       8470  1027.4488  1027.4476     4.2565     1.5039     0.1706    33.8187    33.8175    8.16805         31 0.0000e+00
     59.000     58.382    -0.4150  27.828109    -0.4144  27.827924     8.8505     9.1986     8.6766    89.1506 1.0000e-12  -73.94266 -116.20328  52.090895      99.54 1.4633e+02    354.304       8504  1027.4534  1027.4527     4.2294     1.4478     0.1671    33.8194    33.8185    8.16512         35 0.0000e+00
     60.000     59.371    -0.4140  27.829298    -0.4129  27.829787     8.8433     9.1877     8.1301    88.2513 1.0000e-12  -73.94266 -116.20328  52.090911      99.51 1.4632e+02    355.749       8539  1027.4584  1027.4579     4.1867     1.3450     0.1638    33.8193    33.8187    8.16492         35 0.0000e+00
     61.000     60.361    -0.4111  27.832341    -0.4097  27.832948     8.8233     9.1629     8.3767    89.4232 1.0000e-12  -73.94266 -116.20328  52.090928      99.51 1.4632e+02    357.204       8574  1027.4634  1027.4627     4.2423     1.8271     0.1510    33.8196    33.8188    8.16429         35 0.0000e+00
     62.000     61.349    -0.4043  27.839082    -0.4023  27.840044     8.7969     9.1239     9.0368    89.7644 1.0000e-12  -73.94266 -116.20328  52.090945      99.45 1.4632e+02    358.665       8609  1027.4686  1027.4678     4.2584     1.4558     0.1480    33.8205    33.8195    8.16278         35 0.0000e+00
     63.000     62.340    -0.3977  27.845581    -0.3965  27.845823     8.7187     9.0435     9.1059    90.1952 1.0000e-12  -73.94266 -116.20328  52.090962      99.52 1.4632e+02    360.125       8644  1027.4737  1027.4728     4.2789     1.3744     0.1549    33.8211    33.8202    8.16131         33 0.0000e+00
     64.000     63.329    -0.3926  27.851076    -0.3913  27.851689     8.6495     8.9900     8.5502    89.0549 1.0000e-12  -73.94266 -116.20328  52.090979      99.57 1.4632e+02    361.553       8678  1027.4792  1027.4786     4.2248     1.2246     0.1544    33.8223    33.8215    8.16016         34 0.0000e+00
     65.000     64.318    -0.4031  27.843308    -0.4023  27.843403     8.6345     8.9851     7.6348    90.4246 1.0000e-12  -73.94266 -116.20329  52.090995      99.56 1.4632e+02    362.994       8713  1027.4854  1027.4848     4.2898     1.2553     0.1626    33.8229    33.8221    8.16237         35 0.0000e+00
     66.000     65.306    -0.4049  27.842550    -0.4038  27.842890     8.6293     8.9805     7.8305    90.5573 1.0000e-12  -73.94266 -116.20329  52.091012      99.53 1.4632e+02    364.427       8747  1027.4907  1027.4901     4.2960     1.3738     0.1657    33.8233    33.8225    8.16273         34 0.0000e+00
     67.000     66.296    -0.4049  27.842991    -0.4038  27.843260     8.6476     8.9820     6.9722    89.9937 1.0000e-12  -73.94266 -116.20329  52.091029      96.06 1.4632e+02    365.865       8782  1027.4956  1027.4948     4.2693     1.5354     0.1657    33.8233    33.8224    8.16274         32 0.0000e+00
     68.000     67.286    -0.4048  27.843623    -0.4036  27.843936     8.6759     9.0034     9.5128    89.9213 1.0000e-12  -73.94266 -116.20330  52.091045      99.55 1.4632e+02    367.313       8817  1027.5005  1027.4997     4.2659     1.1757     0.1749    33.8233    33.8224    8.16270         33 0.0000e+00
     69.000     68.275    -0.4061  27.843245    -0.4055  27.843161     8.6953     9.0159     8.9953    89.9892 1.0000e-12  -73.94266 -116.20330  52.091062      99.54 1.4632e+02    368.738       8851  1027.5057  1027.5050     4.2691     1.2768     0.1722    33.8237    33.8229    8.16296         34 0.0000e+00
     70.000     69.265    -0.4097  27.840993    -0.4086  27.841311     8.6922     9.0204     7.2094    89.4011 1.0000e-12  -73.94266 -116.20330  52.091078      99.55 1.4632e+02    370.164       8885  1027.5111  1027.5104     4.2412     1.2639     0.1723    33.8241    33.8233    8.16372         35 0.0000e+00
     71.000     70.253    -0.4104  27.840921    -0.4099  27.840717     8.6871     9.0215     6.5759    88.8668 1.0000e-12  -73.94266 -116.20330  52.091095      99.34 1.4632e+02    371.628       8920  1027.5160  1027.5153     4.2159     1.7680     0.1985    33.8242    33.8233    8.16386         30 0.0000e+00
     72.000     71.242    -0.4123  27.839727    -0.4112  27.840141     8.6833     9.0120     8.0741    89.1859 1.0000e-12  -73.94266 -116.20330  52.091112      99.65 1.4632e+02    373.090       8955  1027.5208  1027.5202     4.2310     1.0679     0.1519    33.8241    33.8234    8.16428         36 0.0000e+00
     73.000     72.234    -0.4157  27.837502    -0.4144  27.838147     8.6818     9.0023     7.8491    89.6864 1.0000e-12  -73.94266 -116.20329  52.091129      99.46 1.4632e+02    374.518       8989  1027.5260  1027.5255     4.2547     1.4641     0.1657    33.8243    33.8237    8.16500         34 0.0000e+00
     74.000     73.221    -0.4177  27.836286    -0.4166  27.836800     8.6562     8.9783     8.3167    89.3423 1.0000e-12  -73.94266 -116.20329  52.091145      99.53 1.4685e+02    375.946       9024  1027.5309  1027.5304     4.2375     1.3592     0.1730    33.8243    33.8238    8.16543         29 0.0000e+00
     75.000     74.212    -0.4219  27.833420    -0.4208  27.834079     8.6268     8.9541     8.3760    88.4286 1.0000e-12  -73.94266 -116.20329  52.091162      99.58 1.4655e+02    377.384       9058  1027.5362  1027.5358     4.1957     1.2223     0.1655    33.8245    33.8241    8.16633         32 0.0000e+00
     76.000     75.200    -0.4287  27.828505    -0.4277  27.829002     8.6129     8.9424     9.1859    87.3553 1.0000e-12  -73.94266 -116.20329  52.091178      99.46 1.4589e+02    378.806       9092  1027.5417  1027.5413     4.1443     1.4638     0.1838    33.8249    33.8244    8.16777         30 0.0000e+00
     77.000     76.190    -0.4312  27.827149    -0.4300  27.827599     8.6195     8.9282     9.1241    88.3320 1.0000e-12  -73.94266 -116.20329  52.091195      99.53 1.4719e+02    380.264       9127  1027.5468  1027.5462     4.1905     1.2018     0.1741    33.8252    33.8245    8.16828         34 0.0000e+00
     78.000     77.180    -0.4318  27.827108    -0.4305  27.827555     8.6127     8.9278     9.2442    87.9917 1.0000e-12  -73.94266 -116.20329  52.091212      99.49 1.4739e+02    381.698       9162  1027.5516  1027.5509     4.1744     1.3988     0.1682    33.8253    33.8244    8.16841         33 0.0000e+00
     79.000     78.168    -0.4325  27.827144    -0.4314  27.827446     8.6118     8.9328     8.5940    89.0168 1.0000e-12  -73.94266 -116.20329  52.091228      99.45 1.4710e+02    383.101       9195  1027.5565  1027.5558     4.2231     1.6506     0.1650    33.8254    33.8246    8.16854         34 0.0000e+00
     80.000     79.158    -0.4348  27.825636    -0.4334  27.826272     8.6075     8.9211    10.0169    89.4871 1.0000e-12  -73.94266 -116.20329  52.091245      99.54 1.4730e+02    384.561       9230  1027.5614  1027.5607     4.2452     1.2986     0.1742    33.8254    33.8247    8.16905         36 0.0000e+00
     81.000     80.146    -0.4354  27.825517    -0.4342  27.825935     8.6089     8.9253     8.9193    89.6672 1.0000e-12  -73.94266 -116.20329  52.091262      99.48 1.4809e+02    386.042       9266  1027.5662  1027.5654     4.2538     1.3989     0.1772    33.8254    33.8245    8.16919         34 0.0000e+00
     82.000     81.136    -0.4356  27.825884    -0.4344  27.826443     8.6068     8.9304     8.2097    89.0151 1.0000e-12  -73.94266 -116.20329  52.091279      99.36 1.4713e+02    387.484       9301  1027.5710  1027.5704     4.2229     1.6826     0.1694    33.8254    33.8248    8.16922         33 0.0000e+00
     83.000     82.125    -0.4370  27.825222    -0.4357  27.825679     8.5994     8.9205     8.8029    90.1336 1.0000e-12  -73.94266 -116.20329  52.091295      99.42 1.4741e+02    388.906       9335  1027.5758  1027.5751     4.2760     1.6614     0.1635    33.8255    33.8247    8.16952         34 0.0000e+00
     84.000     83.115    -0.4384  27.824532    -0.4378  27.824620     8.5809     8.8940     8.0375    88.4270 1.0000e-12  -73.94266 -116.20329  52.091312      99.59 1.4853e+02    390.329       9369  1027.5807  1027.5803     4.1951     1.1854     0.1682    33.8255    33.8250    8.16982         35 0.0000e+00
     85.000     84.105    -0.4424  27.822502    -0.4411  27.822822     8.5340     8.8600     7.9245    89.0863 1.0000e-12  -73.94266 -116.20329  52.091329      96.18 1.4784e+02    391.791       9404  1027.5866  1027.5858     4.2260     1.3915     0.1741    33.8266    33.8256    8.17061         31 0.0000e+00
     86.000     85.093    -0.4527  27.815362    -0.4515  27.816125     8.4616     8.7965     9.2368    87.8555 1.0000e-12  -73.94266 -116.20329  52.091346      99.53 1.4747e+02    393.274       9440  1027.5932  1027.5929     4.1680     1.4325     0.1678    33.8279    33.8276    8.17276         35 0.0000e+00
     87.000     86.082    -0.4592  27.812876    -0.4581  27.813346     8.4240     8.7614     9.0438    88.5032 1.0000e-12  -73.94266 -116.20329  52.091362      99.61 1.4819e+02    394.682       9473  1027.6010  1027.6004     4.1986     1.5923     0.1852    33.8312    33.8306    8.17396         33 0.0000e+00
     88.000     87.072    -0.4462  27.826551    -0.4455  27.826003     8.4037     8.7350     8.7333    88.7729 1.0000e-12  -73.94266 -116.20329  52.091378      99.55 1.4787e+02    396.065       9507  1027.6074  1027.6061     4.2114     1.2717     0.1635    33.8345    33.8329    8.17099         34 0.0000e+00
     89.000     88.061    -0.4274  27.844661    -0.4259  27.844545     8.3867     8.7026     8.6910    88.6367 1.0000e-12  -73.94266 -116.20329  52.091395      99.47 1.4779e+02    397.525       9542  1027.6129  1027.6113     4.2050     1.4912     0.1778    33.8372    33.8353    8.16678         36 0.0000e+00
     90.000     89.050    -0.4064  27.865085    -0.4045  27.865383     8.3801     8.6917     8.5332    86.9182 1.0000e-12  -73.94266 -116.20329  52.091412      99.55 1.4842e+02    399.007       9577  1027.6190  1027.6175     4.1236     1.2635     0.1721    33.8406    33.8389    8.16207         36 0.0000e+00
     91.000     90.040    -0.4009  27.871153    -0.3993  27.871556     8.3771     8.6949     7.8807    88.8524 1.0000e-12  -73.94266 -116.20328  52.091429      99.49 1.4808e+02    400.450       9612  1027.6246  1027.6235     4.2151     1.3784     0.1866    33.8419    33.8406    8.16080         33 0.0000e+00
     92.000     91.028    -0.4003  27.871498    -0.3991  27.871883     8.3572     8.6775     8.2900    88.2699 1.0000e-12  -73.94266 -116.20328  52.091445      99.49 1.4808e+02    401.861       9646  1027.6288  1027.6281     4.1876     1.4207     0.1677    33.8411    33.8403    8.16072         34 0.0000e+00
     93.000     92.017    -0.3991  27.873840    -0.3983  27.873969     8.3227     8.6302     7.8965    87.3025 1.0000e-12  -73.94266 -116.20330  52.091462      99.48 1.4808e+02    403.290       9680  1027.6346  1027.6341     4.1416     1.4204     0.1848    33.8423    33.8416    8.16040         35 0.0000e+00
     94.000     93.007    -0.4165  27.861534    -0.4169  27.860913     8.3002     8.6009     7.1125    88.0667 1.0000e-12  -73.94266 -116.20330  52.091478      98.68 1.4808e+02    404.736       9715  1027.6427  1027.6424     4.1781     1.3027     0.1847    33.8446    33.8442    8.16401         35 0.0000e+00
     95.000     93.996    -0.4193  27.859916    -0.4188  27.859618     8.3047     8.6005     9.1136    87.7874 1.0000e-12  -73.94266 -116.20330  52.091495      96.78 1.4808e+02    406.156       9749  1027.6479  1027.6471     4.1649     1.4041     0.1673    33.8449    33.8440    8.16459         30 0.0000e+00
     96.000     94.986    -0.4403  27.841904    -0.4408  27.841904     8.2773     8.5809     8.7982    88.3858 1.0000e-12  -73.94266 -116.20330  52.091512      99.45 1.4808e+02    407.630       9784  1027.6532  1027.6536     4.1930     1.5519     0.1770    33.8436    33.8441    8.16919         33 0.0000e+00
     97.000     95.974    -0.4732  27.813816    -0.4711  27.815575     8.2575     8.5625     8.6840    86.7469 1.0000e-12  -73.94266 -116.20330  52.091529      99.51 1.4722e+02    409.084       9819  1027.6589  1027.6588     4.1154     1.3513     0.1809    33.8420    33.8421    8.17637         35 0.0000e+00
     98.000     96.964    -0.4942  27.795616    -0.4883  27.802088     8.2244     8.5311     7.7147    88.0508 1.0000e-12  -73.94266 -116.20330  52.091545      99.43 1.4639e+02    410.497       9853  1027.6637  1027.6650     4.1772     1.5340     0.1776    33.8405    33.8425    8.18100         34 0.0000e+00
     99.000     97.954    -0.5355  27.761905    -0.5322  27.764500     8.2121     8.5277     7.5840    88.1002 1.0000e-12  -73.94266 -116.20330  52.091562      99.53 1.4815e+02    411.936       9887  1027.6713  1027.6710     4.1796     1.3040     0.1693    33.8407    33.8405    8.18991         35 0.0000e+00
    100.000     98.943    -0.5368  27.761649    -0.5353  27.762333     8.2204     8.5164     7.4000    87.4002 1.0000e-12  -73.94266 -116.20330  52.091578      99.60 1.4751e+02    413.344       9921  1027.6761  1027.6755     4.1463     1.1678     0.1703    33.8411    33.8404    8.19015         31 0.0000e+00
    101.000     99.931    -0.5313  27.767604    -0.5316  27.766572     8.2158     8.5083     6.9077    89.1033 1.0000e-12  -73.94266 -116.20330  52.091593      99.65 1.4731e+02    414.661       9953  1027.6812  1027.6804     4.2271     1.0253     0.1550    33.8424    33.8414    8.18889         32 0.0000e+00
    102.000    100.920    -0.5345  27.765257    -0.5334  27.765882     8.2020     8.4984     6.1047    89.6344 1.0000e-12  -73.94266 -116.20330  52.091608      99.65 1.4791e+02    415.961       9984  1027.6858  1027.6855     4.2522     1.0313     0.1621    33.8422    33.8418    8.18960         31 0.0000e+00
    103.000    101.910    -0.5387  27.762176    -0.5391  27.761531     8.1850     8.4775     6.1054    88.0154 1.0000e-12  -73.94266 -116.20330  52.091623      99.58 1.4820e+02    417.220      10014  1027.6906  1027.6904     4.1756     1.1941     0.1486    33.8422    33.8418    8.19051         29 0.0000e+00
    104.000    102.899    -0.5556  27.748311    -0.5548  27.748901     8.1440     8.4327     6.0743    89.0410 1.0000e-12  -73.94266 -116.20330  52.091636      99.33 1.4711e+02    418.363      10042  1027.6961  1027.6960     4.2241     0.8844     0.1649    33.8418    33.8416    8.19419         27 0.0000e+00
