ocean_section_plots/required_files/ctd/dnbp2202_ctd278.cnv
* Sea-Bird SBE 9 Data File:
* FileName = D:\Data\raw\NBP2202_CTD278.hex
* Software Version Seasave V 7.26.7.121
* Temperature SN = 1649
* Conductivity SN = 2513
* Number of Bytes Per Scan = 40
* Number of Voltage Words = 5
* Number of Scans Averaged by the Deck Unit = 1
* NMEA Latitude = 74 04.62 S
* NMEA Longitude = 116 00.35 W
* NMEA UTC (Time) = Feb 21 2022  07:27:50
* NMEA baud rate = 9600
** Ship: RVIB N.B. Palmer
** Cruise: NBP2202 Thwaites
** Station: 180
** Operator: B. Bjork
# nquan = 28
# nvalues = 991                         
# units = specified
# name 0 = prDM: Pressure, Digiquartz [db]
# name 1 = depSM: Depth [salt water, m]
# name 2 = t090C: Temperature [ITS-90, deg C]
# name 3 = c0mS/cm: Conductivity [mS/cm]
# name 4 = t190C: Temperature, 2 [ITS-90, deg C]
# name 5 = c1mS/cm: Conductivity, 2 [mS/cm]
# name 6 = sbeox0ML/L: Oxygen, SBE 43 [ml/l]
# name 7 = sbeox1ML/L: Oxygen, SBE 43, 2 [ml/l]
# name 8 = flECO-AFL: Fluorescence, WET Labs ECO-AFL/FL [mg/m^3]
# name 9 = CStarTr0: Beam Transmission, WET Labs C-Star [%]
# name 10 = par: PAR/Irradiance, Biospherical/Licor
# name 11 = latitude: Latitude [deg]
# name 12 = longitude: Longitude [deg]
# name 13 = timeJ: Julian Days
# name 14 = altM: Altimeter [m]
# name 15 = spar: SPAR, Biospherical/Licor
# name 16 = timeS: Time, Elapsed [seconds]
# name 17 = scan: Scan Count
# name 18 = density00: Density [density, kg/m^3]
# name 19 = density11: Density, 2 [density, kg/m^3]
# name 20 = v3: Voltage 3
# name 21 = v4: Voltage 4
# name 22 = v5: Voltage 5
# name 23 = sal00: Salinity, Practical [PSU]
# name 24 = sal11: Salinity, Practical, 2 [PSU]
# name 25 = oxsolML/L: Oxygen Saturation, Garcia & Gordon [ml/l]
# name 26 = nbin: number of scans per bin
# name 27 = flag: flag
# span 0 =      2.000,    992.000       
# span 1 =      1.980,    979.397       
# span 2 =    -1.8611,     0.5191       
# span 3 =  26.883757,  29.592052       
# span 4 =    -1.8609,     0.5213       
# span 5 =  26.884213,  29.592624       
# span 6 =     4.4680,     9.0838       
# span 7 =     4.5673,     9.4055       
# span 8 =     0.1241,    10.2222       
# span 9 =    88.9071,    98.5096       
# span 10 = 1.0000e-12, 6.0282e-01      
# span 11 =  -74.07700,  -74.07700      
# span 12 = -116.00596, -116.00592      
# span 13 =  52.313339,  52.326816      
# span 14 =       3.77,     100.29      
# span 15 = 1.2855e+01, 2.5212e+01      
# span 16 =    202.450,   1366.875      
# span 17 =       4860,      32806      
# span 18 =  1027.1479,  1032.3854      
# span 19 =  1027.1510,  1032.3838      
# span 20 =     4.2194,     4.6731      
# span 21 =     0.0845,     1.3602      
# span 22 =     0.1058,     0.2209      
# span 23 =    33.7586,    34.5596      
# span 24 =    33.7610,    34.5578      
# span 25 =    7.92731,    8.47284      
# span 26 =         22,         65      
# span 27 = 0.0000e+00, 0.0000e+00      
# interval = decibars: 1                
# start_time = Feb 21 2022 07:27:50 [NMEA time, header]
# bad_flag = -9.990e-29
*END*
[from data line 933]
    935.000    923.249     0.5128  29.560780     0.5152  29.561503     4.5041     4.6134     0.1456    98.4260 1.0000e-12  -74.07700 -116.00594  52.325291      60.52 1.6601e+01   1235.107      29644  1032.1194  1032.1178     4.6691     0.0878     0.1114    34.5580    34.5563    7.92869         24 0.0000e+00
    936.000    924.231     0.5130  29.561558     0.5155  29.562230     4.5083     4.6056     0.2001    98.3370 1.0000e-12  -74.07700 -116.00594  52.325302      59.50 1.6675e+01   1236.114      29668  1032.1242  1032.1225     4.6649     0.0874     0.1121    34.5582    34.5564    7.92863         24 0.0000e+00
    937.000    925.221     0.5133  29.562401     0.5158  29.563066     4.5087     4.6086     0.1986    98.3325 1.0000e-12  -74.07700 -116.00594  52.325314      58.51 1.6525e+01   1237.119      29692  1032.1290  1032.1272     4.6647     0.0878     0.1103    34.5584    34.5565    7.92856         24 0.0000e+00
    938.000    926.205     0.5136  29.562965     0.5160  29.563696     4.5088     4.6137     0.1872    98.3522 1.0000e-12  -74.07700 -116.00594  52.325325      57.44 1.6527e+01   1238.122      29716  1032.1335  1032.1319     4.6656     0.0886     0.1089    34.5583    34.5566    7.92851         24 0.0000e+00
    939.000    927.189     0.5138  29.563533     0.5161  29.564242     4.5101     4.6139     0.1694    98.3790 1.0000e-12  -74.07700 -116.00594  52.325337      56.46 1.7271e+01   1239.116      29740  1032.1381  1032.1366     4.6670     0.0901     0.1104    34.5582    34.5566    7.92847         24 0.0000e+00
    940.000    928.175     0.5139  29.564171     0.5163  29.564837     4.5102     4.6105     0.1760    98.3755 1.0000e-12  -74.07700 -116.00594  52.325348      55.50 1.6895e+01   1240.102      29763  1032.1429  1032.1412     4.6668     0.0880     0.1099    34.5584    34.5565    7.92844         24 0.0000e+00
    941.000    929.159     0.5140  29.564638     0.5164  29.565357     4.5061     4.6064     0.2123    98.4082 1.0000e-12  -74.07700 -116.00594  52.325360      54.44 1.6477e+01   1241.088      29787  1032.1474  1032.1459     4.6683     0.0895     0.1089    34.5583    34.5566    7.92842         23 0.0000e+00
    942.000    930.145     0.5139  29.565044     0.5164  29.565843     4.5091     4.6050     0.2115    98.4177 1.0000e-12  -74.07700 -116.00594  52.325371      53.45 1.6926e+01   1242.087      29811  1032.1522  1032.1506     4.6687     0.0904     0.1140    34.5583    34.5566    7.92843         25 0.0000e+00
    943.000    931.130     0.5141  29.565648     0.5165  29.566405     4.5032     4.6089     0.1670    98.3593 1.0000e-12  -74.07700 -116.00594  52.325383      52.45 1.6854e+01   1243.117      29836  1032.1568  1032.1552     4.6660     0.0886     0.1126    34.5583    34.5567    7.92839         25 0.0000e+00
    944.000    932.116     0.5143  29.566285     0.5168  29.567071     4.5051     4.6107     0.2095    98.4289 1.0000e-12  -74.07700 -116.00594  52.325395      51.41 1.6455e+01   1244.143      29860  1032.1615  1032.1599     4.6693     0.0874     0.1117    34.5584    34.5567    7.92835         24 0.0000e+00
    945.000    933.101     0.5145  29.567043     0.5170  29.567772     4.5014     4.6071     0.1731    98.4312 1.0000e-12  -74.07700 -116.00594  52.325407      50.43 1.6890e+01   1245.135      29884  1032.1662  1032.1646     4.6694     0.0873     0.1104    34.5586    34.5568    7.92830         24 0.0000e+00
    946.000    934.086     0.5148  29.567716     0.5172  29.568428     4.5029     4.5993     0.2116    98.2524 1.0000e-12  -74.07700 -116.00594  52.325418      49.42 1.6636e+01   1246.113      29908  1032.1709  1032.1693     4.6609     0.0855     0.1112    34.5586    34.5568    7.92825         23 0.0000e+00
    947.000    935.071     0.5150  29.568465     0.5174  29.569166     4.4994     4.6012     0.3416    98.1508 1.0000e-12  -74.07700 -116.00594  52.325429      48.39 1.6021e+01   1247.080      29931  1032.1757  1032.1741     4.6561     0.0845     0.1104    34.5588    34.5571    7.92819         23 0.0000e+00
    948.000    936.055     0.5152  29.569135     0.5176  29.569831     4.4958     4.6058     0.1623    98.4310 1.0000e-12  -74.07700 -116.00594  52.325441      47.41 1.6991e+01   1248.080      29955  1032.1803  1032.1788     4.6694     0.0856     0.1115    34.5588    34.5571    7.92814         25 0.0000e+00
    949.000    937.040     0.5151  29.569512     0.5176  29.570200     4.4932     4.6072     0.4831    98.4409 1.0000e-12  -74.07700 -116.00594  52.325453      46.42 1.6381e+01   1249.103      29979  1032.1851  1032.1834     4.6699     0.0922     0.1129    34.5589    34.5571    7.92816         24 0.0000e+00
    950.000    938.027     0.5153  29.569971     0.5177  29.570752     4.5007     4.6017     0.2820    98.0610 1.0000e-12  -74.07700 -116.00594  52.325464      45.38 1.5936e+01   1250.126      30004  1032.1896  1032.1881     4.6519     0.0859     0.1084    34.5588    34.5571    7.92814         25 0.0000e+00
    951.000    939.011     0.5153  29.570550     0.5178  29.571297     4.4972     4.5956     0.1587    98.3241 1.0000e-12  -74.07700 -116.00594  52.325476      44.35 1.6952e+01   1251.130      30028  1032.1943  1032.1928     4.6642     0.0887     0.1110    34.5588    34.5571    7.92812         24 0.0000e+00
    952.000    939.996     0.5155  29.571164     0.5179  29.571811     4.4981     4.6016     0.2214    98.2839 1.0000e-12  -74.07700 -116.00594  52.325488      43.34 1.6634e+01   1252.122      30052  1032.1991  1032.1974     4.6625     0.0950     0.1128    34.5590    34.5571    7.92809         23 0.0000e+00
    953.000    940.981     0.5155  29.571706     0.5179  29.572343     4.5024     4.6050     0.2560    98.4129 1.0000e-12  -74.07700 -116.00594  52.325499      42.36 1.5867e+01   1253.103      30075  1032.2038  1032.2021     4.6685     0.0945     0.1115    34.5591    34.5572    7.92808         24 0.0000e+00
    954.000    941.967     0.5155  29.572097     0.5180  29.572768     4.4995     4.6044     0.2144    98.4099 1.0000e-12  -74.07700 -116.00594  52.325510      41.35 1.7316e+01   1254.091      30099  1032.2084  1032.2067     4.6684     0.1043     0.1140    34.5590    34.5571    7.92808         24 0.0000e+00
    955.000    942.952     0.5155  29.572619     0.5180  29.573364     4.4989     4.5976     0.1772    98.4215 1.0000e-12  -74.07700 -116.00594  52.325522      40.31 1.6937e+01   1255.089      30123  1032.2132  1032.2115     4.6690     0.1247     0.1182    34.5591    34.5573    7.92807         23 0.0000e+00
    956.000    943.937     0.5156  29.573121     0.5181  29.573816     4.4981     4.5944     0.1502    98.3908 1.0000e-12  -74.07700 -116.00594  52.325533      39.34 1.5865e+01   1256.084      30147  1032.2178  1032.2161     4.6675     0.0956     0.1146    34.5590    34.5572    7.92805         25 0.0000e+00
    957.000    944.922     0.5158  29.573587     0.5181  29.574311     4.4923     4.5952     0.1887    98.4409 1.0000e-12  -74.07700 -116.00594  52.325545      38.32 1.7160e+01   1257.083      30171  1032.2222  1032.2208     4.6699     0.0882     0.1117    34.5589    34.5573    7.92801         24 0.0000e+00
    958.000    945.908     0.5161  29.574395     0.5185  29.575077     4.4900     4.5971     0.1323    98.4622 1.0000e-12  -74.07700 -116.00594  52.325557      37.31 1.6897e+01   1258.095      30195  1032.2270  1032.2255     4.6709     0.1592     0.1157    34.5591    34.5573    7.92795         24 0.0000e+00
    959.000    946.892     0.5163  29.575117     0.5187  29.575790     4.4831     4.5899     0.1241    98.4072 1.0000e-12  -74.07700 -116.00594  52.325568      36.31 1.5858e+01   1259.112      30220  1032.2318  1032.2302     4.6683     0.1067     0.1157    34.5593    34.5575    7.92791         24 0.0000e+00
    960.000    947.877     0.5164  29.575699     0.5188  29.576396     4.4893     4.5922     0.1721    98.3283 1.0000e-12  -74.07700 -116.00594  52.325580      35.29 1.7205e+01   1260.117      30244  1032.2365  1032.2349     4.6645     0.0966     0.1132    34.5593    34.5575    7.92788         24 0.0000e+00
    961.000    948.863     0.5164  29.576043     0.5188  29.576743     4.4935     4.5972     0.1881    98.3940 1.0000e-12  -74.07700 -116.00594  52.325592      34.26 1.6745e+01   1261.109      30268  1032.2410  1032.2394     4.6676     0.0881     0.1116    34.5591    34.5574    7.92788         24 0.0000e+00
    962.000    949.848     0.5164  29.576476     0.5188  29.577210     4.4961     4.5982     0.1493    98.3682 1.0000e-12  -74.07700 -116.00594  52.325603      33.33 1.5876e+01   1262.093      30291  1032.2457  1032.2441     4.6665     0.0896     0.1104    34.5591    34.5575    7.92788         24 0.0000e+00
    963.000    950.834     0.5164  29.576896     0.5188  29.577668     4.5008     4.5973     0.1348    98.3998 1.0000e-12  -74.07700 -116.00594  52.325614      32.26 1.7230e+01   1263.072      30315  1032.2503  1032.2488     4.6679     0.0872     0.1122    34.5592    34.5575    7.92788         23 0.0000e+00
    964.000    951.817     0.5164  29.577429     0.5189  29.578192     4.4950     4.5943     0.1399    98.3329 1.0000e-12  -74.07700 -116.00594  52.325626      31.28 1.6649e+01   1264.072      30339  1032.2551  1032.2535     4.6647     0.0915     0.1106    34.5593    34.5575    7.92787         25 0.0000e+00
    965.000    952.803     0.5166  29.578058     0.5190  29.578769     4.4924     4.5880     0.1461    98.3220 1.0000e-12  -74.07700 -116.00594  52.325638      30.25 1.5876e+01   1265.091      30363  1032.2597  1032.2581     4.6642     0.0875     0.1113    34.5593    34.5575    7.92783         24 0.0000e+00
    966.000    953.789     0.5168  29.578671     0.5191  29.579332     4.4883     4.5894     0.1719    98.2356 1.0000e-12  -74.07700 -116.00594  52.325649      29.22 1.7342e+01   1266.109      30388  1032.2645  1032.2629     4.6601     0.0901     0.1120    34.5594    34.5577    7.92780         24 0.0000e+00
    967.000    954.773     0.5168  29.579104     0.5192  29.579844     4.4907     4.5936     0.1623    98.3161 1.0000e-12  -74.07700 -116.00594  52.325661      28.19 1.7156e+01   1267.137      30412  1032.2691  1032.2675     4.6639     0.0877     0.1110    34.5594    34.5576    7.92780         26 0.0000e+00
    968.000    955.760     0.5168  29.579596     0.5193  29.580341     4.4889     4.5945     0.1584    98.4337 1.0000e-12  -74.07700 -116.00594  52.325674      27.20 1.5893e+01   1268.226      30438  1032.2738  1032.2721     4.6695     0.0914     0.1096    34.5594    34.5576    7.92779         27 0.0000e+00
    969.000    956.744     0.5169  29.580069     0.5193  29.580781     4.4842     4.5950     0.1554    98.3180 1.0000e-12  -74.07700 -116.00595  52.325688      26.13 1.6090e+01   1269.438      30468  1032.2784  1032.2767     4.6641     0.0882     0.1125    34.5593    34.5576    7.92777         31 0.0000e+00
    970.000    957.728     0.5170  29.580486     0.5195  29.581263     4.4861     4.5955     0.3375    98.3073 1.0000e-12  -74.07700 -116.00595  52.325704      25.06 1.6167e+01   1270.807      30500  1032.2830  1032.2813     4.6635     0.0862     0.1118    34.5593    34.5575    7.92776         35 0.0000e+00
    971.000    958.714     0.5171  29.581069     0.5196  29.581784     4.4905     4.5920     0.2315    98.3719 1.0000e-12  -74.07700 -116.00595  52.325722      24.04 1.5869e+01   1272.339      30537  1032.2877  1032.2859     4.6666     0.0915     0.1098    34.5593    34.5574    7.92773         34 0.0000e+00
    972.000    959.698     0.5171  29.581484     0.5197  29.582262     4.4898     4.5839     0.1863    98.3999 1.0000e-12  -74.07700 -116.00595  52.325742      22.98 1.5866e+01   1274.069      30579  1032.2923  1032.2906     4.6679     0.0924     0.1100    34.5593    34.5574    7.92773         36 0.0000e+00
    973.000    960.683     0.5172  29.581984     0.5198  29.582796     4.4921     4.5909     0.2879    98.3927 1.0000e-12  -74.07700 -116.00595  52.325765      21.93 1.5866e+01   1276.085      30627  1032.2970  1032.2953     4.6676     0.0885     0.1117    34.5593    34.5575    7.92772         39 0.0000e+00
    974.000    961.668     0.5173  29.582457     0.5197  29.583296     4.4920     4.5882     0.1532    98.3654 1.0000e-12  -74.07700 -116.00595  52.325792      20.90 1.5866e+01   1278.459      30684  1032.3016  1032.3000     4.6662     0.0899     0.1106    34.5593    34.5576    7.92770         35 0.0000e+00
    975.000    962.653     0.5173  29.582961     0.5198  29.583707     4.4862     4.5913     0.2101    98.3568 1.0000e-12  -74.07700 -116.00594  52.325820      19.92 1.5866e+01   1280.843      30741  1032.3063  1032.3046     4.6659     0.0901     0.1125    34.5593    34.5575    7.92770         41 0.0000e+00
    976.000    963.637     0.5171  29.583270     0.5196  29.583934     4.4744     4.5812     0.3083    98.1151 1.0000e-12  -74.07700 -116.00596  52.325847      18.88 1.5866e+01   1283.219      30798  1032.3109  1032.3093     4.6546     0.0879     0.1110    34.5594    34.5575    7.92773         36 0.0000e+00
    977.000    964.623     0.5170  29.583579     0.5193  29.584102     4.4804     4.5779     0.1851    98.3703 1.0000e-12  -74.07700 -116.00596  52.325886      17.87 1.5866e+01   1286.504      30877  1032.3156  1032.3139     4.6665     0.0947     0.1109    34.5593    34.5575    7.92775         31 0.0000e+00
    978.000    965.610     0.5165  29.583574     0.5190  29.584344     4.4761     4.5781     0.2163    98.1699 1.0000e-12  -74.07700 -116.00596  52.325915      16.91 1.5866e+01   1289.051      30938  1032.3203  1032.3187     4.6571     0.1033     0.1115    34.5594    34.5576    7.92786         36 0.0000e+00
    979.000    966.595     0.5166  29.583979     0.5192  29.584976     4.4828     4.5817     0.2403    98.1877 1.0000e-12  -74.07700 -116.00596  52.325945      15.84 1.5866e+01   1291.651      31001  1032.3248  1032.3233     4.6579     0.1091     0.1118    34.5592    34.5575    7.92785         30 0.0000e+00
    980.000    967.579     0.5164  29.584473     0.5190  29.585148     4.4758     4.5813     0.2639    98.1552 1.0000e-12  -74.07700 -116.00596  52.325976      14.85 1.5866e+01   1294.335      31065  1032.3297  1032.3279     4.6563     0.1049     0.1146    34.5594    34.5575    7.92786         43 0.0000e+00
    981.000    968.563     0.5165  29.584907     0.5191  29.585678     4.4755     4.5788     0.2528    98.2234 1.0000e-12  -74.07700 -116.00596  52.326004      13.87 1.5866e+01   1296.728      31122  1032.3343  1032.3326     4.6595     0.1218     0.1294    34.5594    34.5575    7.92786         37 0.0000e+00
    982.000    969.549     0.5170  29.585769     0.5195  29.586449     4.4708     4.5755     0.2690    98.1486 1.0000e-12  -74.07700 -116.00596  52.326035      12.85 1.5866e+01   1299.392      31186  1032.3389  1032.3371     4.6561     0.1361     0.1199    34.5594    34.5574    7.92776         31 0.0000e+00
    983.000    970.536     0.5168  29.586109     0.5193  29.586804     4.4739     4.5793     0.2692    98.1836 1.0000e-12  -74.07700 -116.00596  52.326064      11.86 1.5866e+01   1301.914      31247  1032.3436  1032.3419     4.6576     0.1159     0.1140    34.5594    34.5575    7.92778         39 0.0000e+00
    984.000    971.520     0.5168  29.586456     0.5193  29.587192     4.4781     4.5799     0.2783    98.1485 1.0000e-12  -74.07700 -116.00595  52.326092      10.84 1.5866e+01   1304.388      31306  1032.3482  1032.3465     4.6560     0.1173     0.1131    34.5593    34.5575    7.92779         32 0.0000e+00
