ocean_section_plots/required_files/ctd/dnbp2202_ctd155.cnv
* Sea-Bird SBE 9 Data File:
* FileName = D:\Data\raw\NBP2202_CTD155.hex
* Software Version Seasave V 7.26.7.121
* Temperature SN = 1649
* Conductivity SN = 2513
* Number of Bytes Per Scan = 40
* Number of Voltage Words = 5
* Number of Scans Averaged by the Deck Unit = 1
* NMEA Latitude = 74 13.73 S
* NMEA Longitude = 112 41.10 W
* NMEA UTC (Time) = Jan 31 2022  17:11:11
* NMEA baud rate = 9600
** Ship: RVIB N.B. Palmer
** Cruise: NBP2202 Thwaites
** Station: 78
** Operator: A. Robinson
# nquan = 28
# nvalues = 1051                        
# units = specified
# name 0 = prDM: Pressure, Digiquartz [db]
# name 1 = depSM: Depth [salt water, m]
# name 2 = t090C: Temperature [ITS-90, deg C]
# name 3 = c0mS/cm: Conductivity [mS/cm]
# name 4 = t190C: Temperature, 2 [ITS-90, deg C]
# name 5 = c1mS/cm: Conductivity, 2 [mS/cm]
# name 6 = sbeox0ML/L: Oxygen, SBE 43 [ml/l]
# name 7 = sbeox1ML/L: Oxygen, SBE 43, 2 [ml/l]
# name 8 = flECO-AFL: Fluorescence, WET Labs ECO-AFL/FL [mg/m^3]
# name 9 = CStarTr0: Beam Transmission, WET Labs C-Star [%]
# name 10 = par: PAR/Irradiance, Biospherical/Licor
# name 11 = latitude: Latitude [deg]
# name 12 = longitude: Longitude [deg]
# name 13 = timeJ: Julian Days
# name 14 = altM: Altimeter [m]
# name 15 = spar: SPAR, Biospherical/Licor
# name 16 = timeS: Time, Elapsed [seconds]
# name 17 = scan: Scan Count
# name 18 = density00: Density [density, kg/m^3]
# name 19 = density11: Density, 2 [density, kg/m^3]
# name 20 = v3: Voltage 3
# name 21 = v4: Voltage 4
# name 22 = v5: Voltage 5
# name 23 = sal00: Salinity, Practical [PSU]
# name 24 = sal11: Salinity, Practical, 2 [PSU]
# name 25 = oxsolML/L: Oxygen Saturation, Garcia & Gordon [ml/l]
# name 26 = nbin: number of scans per bin
# name 27 = flag: flag
# span 0 =      3.000,   1053.000       
# span 1 =      2.996,   1039.471       
# span 2 =    -1.5439,     0.4841       
# span 3 =  27.039977,  29.576137       
# span 4 =    -1.5431,     0.4861       
# span 5 =  27.038803,  29.575958       
# span 6 =     4.5839,     7.6369       
# span 7 =     4.6405,     7.7932       
# span 8 =    -0.0169,    15.0572       
# span 9 =    75.3445,    93.9611       
# span 10 = 1.0000e-12, 7.3429e+02      
# span 11 =  -74.22882,  -74.22881      
# span 12 = -112.68504, -112.68500      
# span 13 =  31.718879,  31.734173      
# span 14 =     -45.34,     100.02      
# span 15 = 1.8163e+03, 1.8703e+03      
# span 16 =    240.219,   1561.572      
# span 17 =       5766,      37479      
# span 18 =  1027.2196,  1032.6598      
# span 19 =  1027.2188,  1032.6577      
# span 20 =     3.5746,     4.4575      
# span 21 =     0.0639,     2.6603      
# span 22 =     0.1132,     0.2074      
# span 23 =    33.8194,    34.5450      
# span 24 =    33.8198,    34.5428      
# span 25 =    7.93530,    8.40569      
# span 26 =          1,         52      
# span 27 = 0.0000e+00, 0.0000e+00      
# interval = decibars: 1                
# start_time = Jan 31 2022 17:11:11 [NMEA time, header]
# bad_flag = -9.990e-29
*END*
[from data line 881]
    884.000    872.989     0.4400  29.456219     0.4422  29.456387     4.6107     4.6730    -0.0006    93.8939 1.0000e-12  -74.22882 -112.68500  31.730988      95.98 1.8667e+03   1286.365      30874  1031.8669  1031.8650     4.4542     0.0695     0.1212    34.5318    34.5297    7.94507         24 0.0000e+00
    885.000    873.975     0.4408  29.457562     0.4429  29.457628     4.6062     4.6702    -0.0140    93.8751 1.0000e-12  -74.22882 -112.68500  31.730999      99.67 1.8678e+03   1287.326      30897  1031.8718  1031.8699     4.4534     0.0704     0.1184    34.5322    34.5299    7.94490         23 0.0000e+00
    886.000    874.959     0.4428  29.460408     0.4449  29.460425     4.6079     4.6740    -0.0107    93.8892 1.0000e-12  -74.22882 -112.68500  31.731010      99.86 1.8675e+03   1288.257      30919  1031.8770  1031.8749     4.4540     0.0695     0.1192    34.5331    34.5307    7.94444         22 0.0000e+00
    887.000    875.946     0.4438  29.461822     0.4459  29.461890     4.6071     4.6768    -0.0122    93.8717 1.0000e-12  -74.22882 -112.68500  31.731021      99.86 1.8702e+03   1289.213      30942  1031.8817  1031.8797     4.4533     0.0709     0.1188    34.5332    34.5310    7.94422         24 0.0000e+00
    888.000    876.931     0.4437  29.462119     0.4459  29.462358     4.6022     4.6770    -0.0125    93.9191 1.0000e-12  -74.22882 -112.68500  31.731033      99.87 1.8673e+03   1290.259      30967  1031.8863  1031.8844     4.4554     0.0701     0.1218    34.5332    34.5310    7.94425         26 0.0000e+00
    889.000    877.916     0.4438  29.462633     0.4460  29.462844     4.6088     4.6735    -0.0082    93.9283 1.0000e-12  -74.22882 -112.68500  31.731046      99.86 1.8625e+03   1291.392      30994  1031.8910  1031.8891     4.4559     0.0695     0.1202    34.5331    34.5310    7.94423         27 0.0000e+00
    890.000    878.902     0.4433  29.462454     0.4452  29.462380     4.6051     4.6728    -0.0080    93.9239 1.0000e-12  -74.22882 -112.68500  31.731059      99.87 1.8669e+03   1292.461      31020  1031.8955  1031.8936     4.4557     0.0713     0.1194    34.5329    34.5307    7.94434         24 0.0000e+00
    891.000    879.886     0.4433  29.462929     0.4455  29.463161     4.6053     4.6766    -0.0107    93.8948 1.0000e-12  -74.22882 -112.68500  31.731070      99.87 1.8675e+03   1293.412      31043  1031.9002  1031.8983     4.4543     0.0684     0.1199    34.5330    34.5308    7.94434         22 0.0000e+00
    892.000    880.873     0.4446  29.464977     0.4462  29.464434     4.6075     4.6736    -0.0154    93.9023 1.0000e-12  -74.22882 -112.68500  31.731080      99.86 1.8658e+03   1294.321      31065  1031.9052  1031.9031     4.4546     0.0698     0.1172    34.5336    34.5311    7.94403         22 0.0000e+00
    893.000    881.859     0.4450  29.465767     0.4474  29.466227     4.6103     4.6742    -0.0156    93.9047 1.0000e-12  -74.22882 -112.68502  31.731091      99.87 1.8700e+03   1295.261      31087  1031.9099  1031.9080     4.4547     0.0688     0.1201    34.5336    34.5315    7.94395         24 0.0000e+00
    894.000    882.843     0.4444  29.465259     0.4465  29.465537     4.6094     4.6729    -0.0089    93.9192 1.0000e-12  -74.22882 -112.68500  31.731103      99.86 1.8674e+03   1296.328      31113  1031.9142  1031.9125     4.4555     0.0691     0.1186    34.5331    34.5311    7.94411         28 0.0000e+00
    895.000    883.829     0.4434  29.464672     0.4455  29.464938     4.6073     4.6723    -0.0142    93.9119 1.0000e-12  -74.22882 -112.68501  31.731117      91.47 1.8615e+03   1297.502      31141  1031.9188  1031.9170     4.4551     0.0697     0.1198    34.5328    34.5308    7.94432         27 0.0000e+00
    896.000    884.814     0.4439  29.465672     0.4462  29.466084     4.6069     4.6751    -0.0076    93.9242 1.0000e-12  -74.22882 -112.68501  31.731129      78.70 1.8640e+03   1298.581      31167  1031.9236  1031.9217     4.4557     0.0684     0.1188    34.5330    34.5310    7.94422         24 0.0000e+00
    897.000    885.800     0.4439  29.466111     0.4463  29.466485     4.6102     4.6766    -0.0077    93.9008 1.0000e-12  -74.22882 -112.68502  31.731140      96.03 1.8651e+03   1299.532      31190  1031.9282  1031.9263     4.4546     0.0688     0.1183    34.5330    34.5309    7.94420         22 0.0000e+00
    898.000    886.785     0.4448  29.467694     0.4469  29.467703     4.6151     4.6735    -0.0016    93.9097 1.0000e-12  -74.22882 -112.68500  31.731151      99.89 1.8638e+03   1300.465      31212  1031.9331  1031.9312     4.4550     0.0700     0.1187    34.5335    34.5313    7.94399         23 0.0000e+00
    899.000    887.771     0.4459  29.469199     0.4478  29.469210     4.6089     4.6721    -0.0004    93.8960 1.0000e-12  -74.22882 -112.68502  31.731163      99.87 1.8694e+03   1301.455      31236  1031.9379  1031.9360     4.4544     0.0709     0.1202    34.5337    34.5316    7.94377         25 0.0000e+00
    900.000    888.757     0.4463  29.470336     0.4484  29.470266     4.6089     4.6725    -0.0058    93.8820 1.0000e-12  -74.22882 -112.68501  31.731175      99.87 1.8655e+03   1302.552      31262  1031.9428  1031.9407     4.4537     0.0696     0.1214    34.5341    34.5317    7.94365         28 0.0000e+00
    901.000    889.740     0.4467  29.470988     0.4487  29.471029     4.6061     4.6653    -0.0080    93.8960 1.0000e-12  -74.22882 -112.68501  31.731189      99.86 1.8592e+03   1303.700      31290  1031.9474  1031.9455     4.4543     0.0695     0.1201    34.5340    34.5319    7.94359         26 0.0000e+00
    902.000    890.726     0.4462  29.470898     0.4486  29.471389     4.6091     4.6713    -0.0083    93.8814 1.0000e-12  -74.22882 -112.68501  31.731201      99.87 1.8634e+03   1304.759      31315  1031.9520  1031.9502     4.4537     0.0695     0.1197    34.5339    34.5318    7.94369         25 0.0000e+00
    903.000    891.714     0.4465  29.471813     0.4490  29.472213     4.6055     4.6735    -0.0130    93.9090 1.0000e-12  -74.22882 -112.68502  31.731212      99.86 1.8664e+03   1305.721      31338  1031.9568  1031.9549     4.4550     0.0710     0.1219    34.5341    34.5320    7.94361         22 0.0000e+00
    904.000    892.698     0.4472  29.472865     0.4493  29.472945     4.6028     4.6747    -0.0124    93.8977 1.0000e-12  -74.22882 -112.68502  31.731223      99.87 1.8659e+03   1306.639      31360  1031.9614  1031.9595     4.4544     0.0707     0.1230    34.5342    34.5320    7.94347         22 0.0000e+00
    905.000    893.682     0.4475  29.473584     0.4495  29.473687     4.6026     4.6731    -0.0080    93.9036 1.0000e-12  -74.22882 -112.68502  31.731234      99.87 1.8699e+03   1307.597      31383  1031.9661  1031.9643     4.4547     0.0707     0.1195    34.5342    34.5321    7.94340         24 0.0000e+00
    906.000    894.669     0.4477  29.474303     0.4497  29.474359     4.6056     4.6691    -0.0059    93.8810 1.0000e-12  -74.22882 -112.68502  31.731246      99.87 1.8660e+03   1308.682      31409  1031.9709  1031.9690     4.4537     0.0701     0.1197    34.5343    34.5322    7.94335         28 0.0000e+00
    907.000    895.654     0.4478  29.474777     0.4497  29.474788     4.6045     4.6662    -0.0031    93.9094 1.0000e-12  -74.22882 -112.68502  31.731260      99.42 1.8606e+03   1309.848      31437  1031.9755  1031.9737     4.4549     0.0696     0.1195    34.5343    34.5322    7.94334         27 0.0000e+00
    908.000    896.639     0.4478  29.475231     0.4498  29.475290     4.6060     4.6655    -0.0103    93.9344 1.0000e-12  -74.22882 -112.68503  31.731272      70.28 1.8680e+03   1310.878      31462  1031.9802  1031.9783     4.4562     0.0681     0.1182    34.5344    34.5322    7.94334         23 0.0000e+00
    909.000    897.624     0.4478  29.475687     0.4499  29.475768     4.5992     4.6712    -0.0153    93.9315 1.0000e-12  -74.22882 -112.68503  31.731282      84.78 1.8687e+03   1311.808      31484  1031.9849  1031.9830     4.4560     0.0673     0.1207    34.5343    34.5322    7.94333         22 0.0000e+00
    910.000    898.609     0.4484  29.476951     0.4506  29.477137     4.6099     4.6737    -0.0153    93.9338 1.0000e-12  -74.22882 -112.68503  31.731293      99.04 1.8662e+03   1312.716      31506  1031.9898  1031.9878     4.4562     0.0709     0.1193    34.5348    34.5325    7.94319         22 0.0000e+00
    911.000    899.596     0.4488  29.477761     0.4511  29.477986     4.6062     4.6711    -0.0021    93.9132 1.0000e-12  -74.22882 -112.68503  31.731304      99.86 1.8698e+03   1313.660      31529  1031.9944  1031.9925     4.4551     0.0696     0.1190    34.5348    34.5326    7.94310         23 0.0000e+00
    912.000    900.580     0.4492  29.478527     0.4512  29.478608     4.6074     4.6718    -0.0072    93.9247 1.0000e-12  -74.22882 -112.68503  31.731316      99.86 1.8667e+03   1314.696      31554  1031.9991  1031.9972     4.4557     0.0692     0.1192    34.5348    34.5327    7.94303         26 0.0000e+00
    913.000    901.566     0.4492  29.478937     0.4512  29.478926     4.6055     4.6732    -0.0080    93.9185 1.0000e-12  -74.22882 -112.68503  31.731329      99.86 1.8571e+03   1315.831      31581  1032.0037  1032.0018     4.4554     0.0700     0.1192    34.5347    34.5326    7.94302         28 0.0000e+00
    914.000    902.552     0.4498  29.480044     0.4517  29.479987     4.6069     4.6622    -0.0083    93.9305 1.0000e-12  -74.22882 -112.68503  31.731342      99.87 1.8647e+03   1316.907      31607  1032.0084  1032.0066     4.4560     0.0694     0.1183    34.5349    34.5328    7.94289         24 0.0000e+00
    915.000    903.535     0.4500  29.480788     0.4524  29.481055     4.6009     4.6628    -0.0023    93.9265 1.0000e-12  -74.22882 -112.68503  31.731353      99.86 1.8689e+03   1317.875      31630  1032.0133  1032.0113     4.4558     0.0704     0.1168    34.5352    34.5329    7.94284         23 0.0000e+00
    916.000    904.521     0.4498  29.480878     0.4520  29.481118     4.6028     4.6687    -0.0046    93.9382 1.0000e-12  -74.22882 -112.68503  31.731363      99.87 1.8680e+03   1318.790      31652  1032.0178  1032.0159     4.4564     0.0708     0.1191    34.5350    34.5328    7.94290         21 0.0000e+00
    917.000    905.508     0.4502  29.481743     0.4522  29.481720     4.6015     4.6708    -0.0048    93.9388 1.0000e-12  -74.22882 -112.68503  31.731374      99.87 1.8688e+03   1319.721      31674  1032.0225  1032.0206     4.4564     0.0698     0.1183    34.5351    34.5329    7.94281         23 0.0000e+00
    918.000    906.493     0.4502  29.482144     0.4522  29.482263     4.5996     4.6682    -0.0057    93.9345 1.0000e-12  -74.22882 -112.68503  31.731386      99.87 1.8685e+03   1320.734      31699  1032.0271  1032.0253     4.4562     0.0680     0.1200    34.5350    34.5330    7.94281         26 0.0000e+00
    919.000    907.477     0.4504  29.482885     0.4524  29.482728     4.6023     4.6704    -0.0134    93.9285 1.0000e-12  -74.22882 -112.68503  31.731398      99.86 1.8590e+03   1321.826      31725  1032.0319  1032.0298     4.4559     0.0694     0.1163    34.5352    34.5328    7.94275         26 0.0000e+00
    920.000    908.463     0.4506  29.483439     0.4525  29.483293     4.6040     4.6716    -0.0079    93.9070 1.0000e-12  -74.22882 -112.68503  31.731411      99.86 1.8663e+03   1322.888      31750  1032.0365  1032.0345     4.4548     0.0690     0.1190    34.5351    34.5328    7.94272         25 0.0000e+00
    921.000    909.448     0.4507  29.484065     0.4528  29.484210     4.6026     4.6715    -0.0100    93.8972 1.0000e-12  -74.22882 -112.68503  31.731422      85.90 1.8695e+03   1323.888      31774  1032.0413  1032.0394     4.4544     0.0683     0.1222    34.5352    34.5331    7.94268         23 0.0000e+00
    922.000    910.432     0.4521  29.485982     0.4533  29.485056     4.6015     4.6718    -0.0156    93.9250 1.0000e-12  -74.22882 -112.68503  31.731433      96.74 1.8677e+03   1324.852      31797  1032.0461  1032.0440     4.4557     0.0687     0.1189    34.5357    34.5331    7.94239         24 0.0000e+00
    923.000    911.419     0.4546  29.489334     0.4565  29.489202     4.6021     4.6722    -0.0153    93.9245 1.0000e-12  -74.22882 -112.68503  31.731445      99.67 1.8651e+03   1325.809      31820  1032.0513  1032.0493     4.4557     0.0702     0.1210    34.5367    34.5344    7.94182         22 0.0000e+00
    924.000    912.404     0.4551  29.490255     0.4566  29.489703     4.6042     4.6676    -0.0156    93.9154 1.0000e-12  -74.22882 -112.68503  31.731456      99.86 1.8677e+03   1326.772      31844  1032.0560  1032.0540     4.4553     0.0696     0.1207    34.5367    34.5344    7.94170         24 0.0000e+00
    925.000    913.389     0.4549  29.490463     0.4571  29.490742     4.6050     4.6670    -0.0095    93.9323 1.0000e-12  -74.22882 -112.68503  31.731468      99.86 1.8621e+03   1327.800      31868  1032.0606  1032.0588     4.4561     0.0708     0.1207    34.5366    34.5346    7.94174         26 0.0000e+00
    926.000    914.374     0.4554  29.491503     0.4573  29.491424     4.6046     4.6639    -0.0137    93.9300 1.0000e-12  -74.22882 -112.68503  31.731481      99.86 1.8629e+03   1328.933      31895  1032.0655  1032.0634     4.4560     0.0705     0.1218    34.5369    34.5346    7.94164         27 0.0000e+00
    927.000    915.360     0.4565  29.493076     0.4582  29.492894     4.6021     4.6640    -0.0033    93.9164 1.0000e-12  -74.22882 -112.68503  31.731494      99.87 1.8665e+03   1330.040      31922  1032.0701  1032.0683     4.4553     0.0695     0.1195    34.5371    34.5350    7.94139         26 0.0000e+00
    928.000    916.345     0.4572  29.494306     0.4594  29.494641     4.5980     4.6696    -0.0064    93.9270 1.0000e-12  -74.22882 -112.68504  31.731505      99.86 1.8640e+03   1331.035      31946  1032.0749  1032.0731     4.4558     0.0686     0.1210    34.5374    34.5353    7.94123         22 0.0000e+00
    929.000    917.330     0.4583  29.496079     0.4602  29.495872     4.5988     4.6691    -0.0037    93.9197 1.0000e-12  -74.22882 -112.68503  31.731516      99.86 1.8646e+03   1331.949      31968  1032.0800  1032.0779     4.4555     0.0699     0.1197    34.5380    34.5355    7.94099         22 0.0000e+00
    930.000    918.315     0.4586  29.496850     0.4602  29.496302     4.5980     4.6656    -0.0045    93.9142 1.0000e-12  -74.22882 -112.68503  31.731526      99.87 1.8684e+03   1332.860      31990  1032.0846  1032.0826     4.4552     0.0716     0.1184    34.5380    34.5355    7.94091         23 0.0000e+00
    931.000    919.300     0.4585  29.497226     0.4605  29.497110     4.5976     4.6565    -0.0056    93.9164 1.0000e-12  -74.22882 -112.68503  31.731537      99.87 1.8635e+03   1333.835      32013  1032.0894  1032.0873     4.4553     0.0700     0.1191    34.5380    34.5357    7.94093         24 0.0000e+00
    932.000    920.286     0.4599  29.499148     0.4616  29.498836     4.5976     4.6585    -0.0021    93.9072 1.0000e-12  -74.22882 -112.68503  31.731550      99.86 1.8607e+03   1334.881      32038  1032.0942  1032.0922     4.4548     0.0699     0.1177    34.5384    34.5361    7.94062         25 0.0000e+00
    933.000    921.272     0.4608  29.500600     0.4628  29.500643     4.5913     4.6649    -0.0093    93.9136 1.0000e-12  -74.22882 -112.68503  31.731562      97.64 1.8690e+03   1335.937      32063  1032.0991  1032.0971     4.4552     0.0687     0.1199    34.5388    34.5366    7.94043         25 0.0000e+00
    934.000    922.256     0.4611  29.501315     0.4631  29.501338     4.5991     4.6663    -0.0086    93.9240 1.0000e-12  -74.22882 -112.68503  31.731573      72.13 1.8662e+03   1336.939      32088  1032.1036  1032.1018     4.4557     0.0674     0.1176    34.5387    34.5366    7.94035         24 0.0000e+00
