ocean_section_plots/required_files/ctd/dnbp2202_ctd244.cnv
* Sea-Bird SBE 9 Data File:
* FileName = D:\Data\raw\NBP2202_CTD244.hex
* Software Version Seasave V 7.26.7.121
* Temperature SN = 1649
* Conductivity SN = 2513
* Number of Bytes Per Scan = 40
* Number of Voltage Words = 5
* Number of Scans Averaged by the Deck Unit = 1
* NMEA Latitude = 73 55.28 S
* NMEA Longitude = 118 49.11 W
* NMEA UTC (Time) = Feb 15 2022  01:31:55
* NMEA baud rate = 9600
** Ship: RVIB N.B. Palmer
** Cruise: NBP2202 Thwaites
** Station: 154
** Operator: A. Robinson
# nquan = 28
# nvalues = 824                         
# units = specified
# name 0 = prDM: Pressure, Digiquartz [db]
# name 1 = depSM: Depth [salt water, m]
# name 2 = t090C: Temperature [ITS-90, deg C]
# name 3 = c0mS/cm: Conductivity [mS/cm]
# name 4 = t190C: Temperature, 2 [ITS-90, deg C]
# name 5 = c1mS/cm: Conductivity, 2 [mS/cm]
# name 6 = sbeox0ML/L: Oxygen, SBE 43 [ml/l]
# name 7 = sbeox1ML/L: Oxygen, SBE 43, 2 [ml/l]
# name 8 = flECO-AFL: Fluorescence, WET Labs ECO-AFL/FL [mg/m^3]
# name 9 = CStarTr0: Beam Transmission, WET Labs C-Star [%]
# name 10 = par: PAR/Irradiance, Biospherical/Licor
# name 11 = latitude: Latitude [deg]
# name 12 = longitude: Longitude [deg]
# name 13 = timeJ: Julian Days
# name 14 = altM: Altimeter [m]
# name 15 = spar: SPAR, Biospherical/Licor
# name 16 = timeS: Time, Elapsed [seconds]
# name 17 = scan: Scan Count
# name 18 = density00: Density [density, kg/m^3]
# name 19 = density11: Density, 2 [density, kg/m^3]
# name 20 = v3: Voltage 3
# name 21 = v4: Voltage 4
# name 22 = v5: Voltage 5
# name 23 = sal00: Salinity, Practical [PSU]
# name 24 = sal11: Salinity, Practical, 2 [PSU]
# name 25 = oxsolML/L: Oxygen Saturation, Garcia & Gordon [ml/l]
# name 26 = nbin: number of scans per bin
# name 27 = flag: flag
# span 0 =      2.000,    825.000       
# span 1 =      1.982,    814.853       
# span 2 =    -1.7282,     0.5068       
# span 3 =  26.966350,  29.480279       
# span 4 =    -1.7288,     0.5091       
# span 5 =  26.966682,  29.480564       
# span 6 =     4.6381,     9.3132       
# span 7 =     4.8731,     9.5858       
# span 8 =    -0.0224,    12.4223       
# span 9 =    84.9390,    97.2126       
# span 10 = -3.988e-07, 1.6251e+02      
# span 11 =  -73.92136,  -73.92134      
# span 12 = -118.81856, -118.81852      
# span 13 =  46.067292,  46.079234      
# span 14 =       4.26,     100.22      
# span 15 = 2.6707e+02, 3.0310e+02      
# span 16 =    299.008,   1330.853      
# span 17 =       7177,      31941      
# span 18 =  1027.1236,  1031.5815      
# span 19 =  1027.1229,  1031.5795      
# span 20 =     4.0300,     4.6116      
# span 21 =     0.0622,     1.9522      
# span 22 =     0.1107,     0.2145      
# span 23 =    33.7484,    34.5263      
# span 24 =    33.7509,    34.5242      
# span 25 =    7.93167,    8.44322      
# span 26 =         19,         55      
# span 27 = 0.0000e+00, 0.0000e+00      
# interval = decibars: 1                
# start_time = Feb 15 2022 01:31:55 [NMEA time, header]
# bad_flag = -9.990e-29
*END*
[from data line 725]
    727.000    718.226     0.4134  29.345501     0.4154  29.345434     4.7358     4.9216    -0.0020    97.1430 1.0000e-12  -73.92136 -118.81853  46.077137      99.88 2.7437e+02   1149.671      27593  1031.1153  1031.1133     4.6083     0.0696     0.1169    34.5068    34.5044    7.95195         27 0.0000e+00
    728.000    719.211     0.4130  29.345556     0.4154  29.345831     4.7649     4.9225    -0.0077    97.1459 1.0000e-12  -73.92136 -118.81853  46.077151      99.87 2.7608e+02   1150.860      27622  1031.1200  1031.1179     4.6085     0.0705     0.1167    34.5067    34.5044    7.95203         30 0.0000e+00
    729.000    720.198     0.4135  29.346428     0.4153  29.346147     4.7416     4.9249    -0.0034    97.1372 1.0000e-12  -73.92136 -118.81852  46.077166      99.28 2.7352e+02   1152.101      27651  1031.1247  1031.1226     4.6081     0.0690     0.1154    34.5067    34.5043    7.95193         29 0.0000e+00
    730.000    721.185     0.4134  29.346969     0.4158  29.347114     4.7219     4.9236    -0.0157    97.1570 1.0000e-12  -73.92136 -118.81854  46.077178      98.89 2.7303e+02   1153.213      27678  1031.1295  1031.1274     4.6090     0.0676     0.1197    34.5069    34.5045    7.95193         25 0.0000e+00
    731.000    722.169     0.4140  29.348030     0.4162  29.348247     4.7514     4.9233    -0.0095    97.1417 1.0000e-12  -73.92136 -118.81852  46.077190      98.98 2.7640e+02   1154.226      27702  1031.1343  1031.1324     4.6083     0.0696     0.1173    34.5070    34.5049    7.95179         24 0.0000e+00
    732.000    723.157     0.4145  29.348795     0.4167  29.348989     4.7666     4.9193    -0.0092    97.1455 1.0000e-12  -73.92136 -118.81854  46.077202      98.50 2.7238e+02   1155.237      27727  1031.1389  1031.1369     4.6085     0.0703     0.1191    34.5069    34.5048    7.95171         25 0.0000e+00
    733.000    724.142     0.4143  29.348990     0.4165  29.349278     4.7634     4.9188    -0.0019    97.1474 1.0000e-12  -73.92136 -118.81852  46.077214      96.90 2.7409e+02   1156.332      27753  1031.1435  1031.1416     4.6085     0.0696     0.1173    34.5068    34.5048    7.95175         28 0.0000e+00
    734.000    725.128     0.4137  29.348894     0.4163  29.349421     4.6542     4.9168    -0.0092    97.1383 1.0000e-12  -73.92136 -118.81853  46.077228      96.72 2.7633e+02   1157.517      27781  1031.1482  1031.1463     4.6082     0.0709     0.1178    34.5068    34.5046    7.95188         28 0.0000e+00
    735.000    726.116     0.4146  29.350266     0.4169  29.350400     4.7720     4.9202    -0.0087    97.1317 1.0000e-12  -73.92136 -118.81853  46.077242      95.69 2.7359e+02   1158.704      27810  1031.1530  1031.1509     4.6078     0.0688     0.1165    34.5070    34.5046    7.95168         28 0.0000e+00
    736.000    727.101     0.4150  29.351090     0.4171  29.351216     4.7229     4.9199    -0.0080    97.0946 1.0000e-12  -73.92136 -118.81853  46.077255      94.08 2.7359e+02   1159.816      27837  1031.1578  1031.1558     4.6060     0.0689     0.1169    34.5072    34.5049    7.95160         26 0.0000e+00
    737.000    728.087     0.4152  29.351732     0.4174  29.351900     4.7373     4.9222    -0.0023    97.1552 1.0000e-12  -73.92136 -118.81853  46.077267      93.97 2.7610e+02   1160.848      27861  1031.1624  1031.1604     4.6089     0.0682     0.1171    34.5072    34.5049    7.95155         24 0.0000e+00
    738.000    729.074     0.4137  29.350479     0.4160  29.350802     4.7374     4.9166    -0.0096    97.1538 1.0000e-12  -73.92136 -118.81853  46.077278      92.66 2.7379e+02   1161.856      27886  1031.1668  1031.1649     4.6089     0.0685     0.1162    34.5066    34.5045    7.95189         25 0.0000e+00
    739.000    730.059     0.4136  29.350795     0.4162  29.351413     4.7262     4.9121    -0.0088    97.1386 1.0000e-12  -73.92136 -118.81853  46.077291      91.73 2.7352e+02   1162.938      27912  1031.1715  1031.1695     4.6081     0.0687     0.1162    34.5066    34.5045    7.95192         27 0.0000e+00
    740.000    731.046     0.4140  29.351557     0.4163  29.351933     4.7151     4.9194    -0.0044    97.1273 1.0000e-12  -73.92136 -118.81852  46.077305      90.85 2.7525e+02   1164.173      27941  1031.1760  1031.1743     4.6076     0.0689     0.1130    34.5065    34.5044    7.95183         31 0.0000e+00
    741.000    732.031     0.4159  29.354034     0.4186  29.354640     4.7651     4.9227    -0.0173    97.1422 1.0000e-12  -73.92136 -118.81854  46.077319      89.21 2.7179e+02   1165.383      27970  1031.1810  1031.1790     4.6083     0.0696     0.1183    34.5071    34.5049    7.95142         27 0.0000e+00
    742.000    733.017     0.4161  29.354695     0.4184  29.355011     4.7597     4.9226    -0.0156    97.1405 1.0000e-12  -73.92136 -118.81854  46.077332      88.23 2.7268e+02   1166.462      27996  1031.1858  1031.1838     4.6082     0.0694     0.1182    34.5072    34.5050    7.95137         24 0.0000e+00
    743.000    734.006     0.4167  29.355809     0.4192  29.356293     4.7367     4.9176    -0.0101    97.1394 1.0000e-12  -73.92136 -118.81854  46.077343      88.47 2.7630e+02   1167.449      28020  1031.1906  1031.1886     4.6082     0.0693     0.1178    34.5074    34.5052    7.95124         24 0.0000e+00
    744.000    734.990     0.4187  29.358284     0.4209  29.358398     4.8454     4.9168    -0.0013    97.1455 1.0000e-12  -73.92136 -118.81852  46.077355      87.16 2.7255e+02   1168.457      28044  1031.1953  1031.1933     4.6085     0.0692     0.1177    34.5078    34.5055    7.95079         25 0.0000e+00
    745.000    735.976     0.4236  29.363859     0.4259  29.363927     4.7262     4.9132    -0.0024    97.1313 1.0000e-12  -73.92136 -118.81852  46.077368      85.55 2.7197e+02   1169.571      28071  1031.2005  1031.1984     4.6078     0.0683     0.1159    34.5090    34.5066    7.94971         29 0.0000e+00
    746.000    736.962     0.4227  29.363074     0.4260  29.364497     4.7021     4.9113    -0.0110    97.1320 1.0000e-12  -73.92136 -118.81852  46.077382      85.46 2.7503e+02   1170.799      28100  1031.2049  1031.2031     4.6078     0.0675     0.1185    34.5085    34.5066    7.94994         29 0.0000e+00
    747.000    737.948     0.4200  29.360808     0.4231  29.362034     4.7379     4.9144    -0.0123    97.1393 1.0000e-12  -73.92136 -118.81852  46.077395      83.68 2.7344e+02   1171.966      28128  1031.2094  1031.2076     4.6082     0.0675     0.1177    34.5079    34.5060    7.95052         27 0.0000e+00
    748.000    738.936     0.4201  29.361374     0.4219  29.361295     4.7582     4.9161    -0.0028    97.1455 1.0000e-12  -73.92136 -118.81852  46.077408      82.68 2.7332e+02   1173.029      28154  1031.2142  1031.2123     4.6084     0.0683     0.1172    34.5080    34.5058    7.95050         25 0.0000e+00
    749.000    739.922     0.4191  29.360859     0.4219  29.361574     4.7264     4.9155    -0.0088    97.1374 1.0000e-12  -73.92136 -118.81852  46.077420      81.59 2.7533e+02   1174.069      28179  1031.2189  1031.2168     4.6081     0.0678     0.1168    34.5079    34.5056    7.95072         25 0.0000e+00
    750.000    740.906     0.4227  29.365008     0.4247  29.364843     4.7272     4.9162    -0.0084    97.1314 1.0000e-12  -73.92136 -118.81852  46.077432      80.09 2.7224e+02   1175.142      28204  1031.2238  1031.2217     4.6078     0.0678     0.1175    34.5087    34.5062    7.94993         26 0.0000e+00
    751.000    741.894     0.4219  29.364392     0.4250  29.365727     4.7401     4.9185    -0.0077    97.1239 1.0000e-12  -73.92136 -118.81852  46.077445      79.42 2.7154e+02   1176.254      28231  1031.2282  1031.2265     4.6074     0.0665     0.1153    34.5081    34.5064    7.95011         27 0.0000e+00
    752.000    742.878     0.4223  29.365402     0.4246  29.365625     4.7397     4.9148    -0.0077    97.1240 1.0000e-12  -73.92136 -118.81852  46.077458      78.70 2.7521e+02   1177.377      28258  1031.2331  1031.2311     4.6074     0.0670     0.1172    34.5085    34.5062    7.95002         27 0.0000e+00
    753.000    743.866     0.4217  29.365158     0.4238  29.365191     4.7149     4.9106    -0.0077    97.1259 1.0000e-12  -73.92136 -118.81852  46.077471      77.78 2.7294e+02   1178.490      28285  1031.2376  1031.2357     4.6075     0.0667     0.1132    34.5082    34.5060    7.95015         27 0.0000e+00
    754.000    744.850     0.4220  29.366017     0.4241  29.365963     4.6576     4.9083    -0.0106    97.1344 1.0000e-12  -73.92136 -118.81852  46.077484      76.52 2.7266e+02   1179.611      28312  1031.2425  1031.2404     4.6079     0.0661     0.1171    34.5084    34.5060    7.95008         27 0.0000e+00
    755.000    745.838     0.4234  29.367970     0.4287  29.371072     4.7654     4.9126    -0.0142    97.1503 1.0000e-12  -73.92136 -118.81852  46.077497      76.09 2.7482e+02   1180.738      28339  1031.2473  1031.2454     4.6087     0.0668     0.1162    34.5089    34.5071    7.94977         26 0.0000e+00
    756.000    746.823     0.4276  29.372747     0.4302  29.373267     4.7369     4.9135    -0.0071    97.1391 1.0000e-12  -73.92136 -118.81852  46.077510      74.41 2.7276e+02   1181.848      28365  1031.2523  1031.2503     4.6082     0.0665     0.1170    34.5098    34.5076    7.94884         27 0.0000e+00
    757.000    747.809     0.4288  29.374249     0.4305  29.373949     4.7113     4.9130    -0.0038    97.1344 1.0000e-12  -73.92136 -118.81852  46.077522      72.79 2.7182e+02   1182.933      28391  1031.2570  1031.2551     4.6079     0.0666     0.1142    34.5099    34.5077    7.94860         26 0.0000e+00
    758.000    748.795     0.4316  29.377638     0.4319  29.375783     4.7665     4.9075    -0.0094    97.1334 1.0000e-12  -73.92136 -118.81852  46.077535      72.64 2.7511e+02   1184.030      28418  1031.2619  1031.2598     4.6079     0.0657     0.1174    34.5106    34.5079    7.94798         26 0.0000e+00
    759.000    749.782     0.4354  29.382393     0.4365  29.381023     4.8221     4.9006    -0.0093    97.1410 1.0000e-12  -73.92136 -118.81852  46.077548      71.27 2.7343e+02   1185.149      28445  1031.2673  1031.2649     4.6083     0.0652     0.1157    34.5120    34.5091    7.94712         28 0.0000e+00
    760.000    750.767     0.4408  29.387915     0.4441  29.389188     4.7047     4.9076    -0.0066    97.1374 1.0000e-12  -73.92136 -118.81852  46.077561      70.70 2.7265e+02   1186.259      28471  1031.2721  1031.2701     4.6081     0.0657     0.1156    34.5127    34.5106    7.94598         26 0.0000e+00
    761.000    751.754     0.4420  29.389766     0.4448  29.390541     4.7146     4.9117    -0.0012    97.1462 1.0000e-12  -73.92136 -118.81852  46.077574      69.47 2.7528e+02   1187.354      28497  1031.2770  1031.2751     4.6085     0.0661     0.1157    34.5131    34.5110    7.94570         26 0.0000e+00
    762.000    752.740     0.4449  29.393181     0.4478  29.393931     4.7219     4.9113    -0.0052    97.1522 1.0000e-12  -73.92136 -118.81852  46.077586      68.18 2.7426e+02   1188.445      28524  1031.2820  1031.2799     4.6088     0.0660     0.1162    34.5138    34.5115    7.94507         26 0.0000e+00
    763.000    753.726     0.4448  29.393386     0.4471  29.393702     4.7290     4.9108    -0.0113    97.1400 1.0000e-12  -73.92136 -118.81852  46.077599      67.65 2.7171e+02   1189.555      28550  1031.2866  1031.2847     4.6082     0.0658     0.1164    34.5136    34.5115    7.94511         27 0.0000e+00
    764.000    754.712     0.4424  29.391328     0.4426  29.389450     4.6381     4.9104    -0.0042    97.1488 1.0000e-12  -73.92136 -118.81852  46.077612      66.54 2.7409e+02   1190.666      28577  1031.2910  1031.2890     4.6086     0.0651     0.1162    34.5130    34.5103    7.94563         27 0.0000e+00
    765.000    755.698     0.4419  29.391109     0.4418  29.389179     4.7210     4.9126    -0.0071    97.1581 1.0000e-12  -73.92136 -118.81852  46.077625      65.77 2.7352e+02   1191.772      28604  1031.2956  1031.2937     4.6091     0.0654     0.1188    34.5127    34.5103    7.94575         26 0.0000e+00
    766.000    756.685     0.4382  29.387692     0.4390  29.386692     4.7366     4.9080    -0.0069    97.1496 1.0000e-12  -73.92136 -118.81852  46.077638      64.83 2.7152e+02   1192.891      28630  1031.3000  1031.2981     4.6087     0.0646     0.1148    34.5118    34.5096    7.94657         27 0.0000e+00
    767.000    757.669     0.4428  29.393023     0.4466  29.394781     4.7240     4.8991    -0.0164    97.1718 1.0000e-12  -73.92136 -118.81852  46.077651      63.35 2.7286e+02   1194.008      28657  1031.3052  1031.3033     4.6097     0.0661     0.1164    34.5131    34.5111    7.94554         27 0.0000e+00
    768.000    758.657     0.4456  29.396363     0.4470  29.395537     4.7384     4.9019    -0.0165    97.1785 1.0000e-12  -73.92136 -118.81852  46.077663      61.65 2.7402e+02   1195.083      28683  1031.3101  1031.3079     4.6100     0.0650     0.1214    34.5137    34.5111    7.94492         25 0.0000e+00
    769.000    759.641     0.4536  29.405026     0.4569  29.406097     4.7280     4.8978    -0.0142    97.1610 1.0000e-12  -73.92136 -118.81852  46.077675      61.75 2.7208e+02   1196.152      28709  1031.3155  1031.3132     4.6092     0.0635     0.1162    34.5156    34.5132    7.94319         26 0.0000e+00
    770.000    760.628     0.4562  29.407937     0.4590  29.408680     4.7169     4.8929    -0.0115    97.1592 1.0000e-12  -73.92136 -118.81852  46.077688      60.48 2.7260e+02   1197.256      28735  1031.3201  1031.3182     4.6091     0.0657     0.1147    34.5158    34.5137    7.94263         27 0.0000e+00
    771.000    761.613     0.4570  29.409250     0.4594  29.409564     4.7301     4.8998    -0.0128    97.1687 1.0000e-12  -73.92136 -118.81852  46.077701      59.46 2.7369e+02   1198.363      28762  1031.3249  1031.3230     4.6096     0.0650     0.1158    34.5161    34.5139    7.94245         27 0.0000e+00
    772.000    762.601     0.4576  29.410130     0.4597  29.410225     4.7309     4.9018    -0.0117    97.1420 1.0000e-12  -73.92136 -118.81852  46.077714      58.65 2.7154e+02   1199.448      28788  1031.3295  1031.3276     4.6083     0.0647     0.1155    34.5160    34.5138    7.94233         26 0.0000e+00
    773.000    763.586     0.4584  29.411461     0.4602  29.411248     4.7226     4.8998    -0.0160    97.1758 1.0000e-12  -73.92136 -118.81852  46.077726      57.08 2.7212e+02   1200.564      28815  1031.3344  1031.3324     4.6099     0.0653     0.1156    34.5162    34.5140    7.94215         27 0.0000e+00
    774.000    764.572     0.4608  29.414311     0.4636  29.415100     4.7233     4.8912    -0.0101    97.1745 1.0000e-12  -73.92136 -118.81852  46.077740      56.17 2.7430e+02   1201.713      28842  1031.3393  1031.3373     4.6098     0.0647     0.1179    34.5167    34.5147    7.94164         27 0.0000e+00
    775.000    765.558     0.4605  29.414598     0.4636  29.415532     4.7156     4.8919    -0.0044    97.1688 1.0000e-12  -73.92136 -118.81853  46.077753      54.88 2.7174e+02   1202.835      28869  1031.3441  1031.3420     4.6096     0.0646     0.1163    34.5169    34.5146    7.94169         27 0.0000e+00
    776.000    766.544     0.4655  29.420087     0.4681  29.420599     4.7205     4.8972    -0.0094    97.1744 1.0000e-12  -73.92136 -118.81853  46.077765      54.72 2.7225e+02   1203.910      28895  1031.3491  1031.3471     4.6098     0.0640     0.1152    34.5179    34.5157    7.94061         25 0.0000e+00
    777.000    767.529     0.4670  29.421760     0.4694  29.422323     4.7064     4.8971    -0.0128    97.1720 1.0000e-12  -73.92136 -118.81853  46.077778      53.28 2.7481e+02   1204.981      28921  1031.3536  1031.3519     4.6097     0.0640     0.1181    34.5178    34.5159    7.94030         26 0.0000e+00
