ocean_section_plots/required_files/ctd/dnbp2202_ctd204.cnv
* Sea-Bird SBE 9 Data File:
* FileName = D:\Data\raw\NBP2202_CTD204.hex
* Software Version Seasave V 7.26.7.121
* Temperature SN = 1649
* Conductivity SN = 2513
* Number of Bytes Per Scan = 40
* Number of Voltage Words = 5
* Number of Scans Averaged by the Deck Unit = 1
* NMEA Latitude = 73 58.93 S
* NMEA Longitude = 113 48.44 W
* NMEA UTC (Time) = Feb 09 2022  13:20:43
* NMEA baud rate = 9600
** Ship: RVIB N.B. Palmer
** Cruise: NBP2202 Thwaites
** Station: 123
** Operator: B. Bjork
# nquan = 28
# nvalues = 803                         
# units = specified
# name 0 = prDM: Pressure, Digiquartz [db]
# name 1 = depSM: Depth [salt water, m]
# name 2 = t090C: Temperature [ITS-90, deg C]
# name 3 = c0mS/cm: Conductivity [mS/cm]
# name 4 = t190C: Temperature, 2 [ITS-90, deg C]
# name 5 = c1mS/cm: Conductivity, 2 [mS/cm]
# name 6 = sbeox0ML/L: Oxygen, SBE 43 [ml/l]
# name 7 = sbeox1ML/L: Oxygen, SBE 43, 2 [ml/l]
# name 8 = flECO-AFL: Fluorescence, WET Labs ECO-AFL/FL [mg/m^3]
# name 9 = CStarTr0: Beam Transmission, WET Labs C-Star [%]
# name 10 = par: PAR/Irradiance, Biospherical/Licor
# name 11 = latitude: Latitude [deg]
# name 12 = longitude: Longitude [deg]
# name 13 = timeJ: Julian Days
# name 14 = altM: Altimeter [m]
# name 15 = spar: SPAR, Biospherical/Licor
# name 16 = timeS: Time, Elapsed [seconds]
# name 17 = scan: Scan Count
# name 18 = density00: Density [density, kg/m^3]
# name 19 = density11: Density, 2 [density, kg/m^3]
# name 20 = v3: Voltage 3
# name 21 = v4: Voltage 4
# name 22 = v5: Voltage 5
# name 23 = sal00: Salinity, Practical [PSU]
# name 24 = sal11: Salinity, Practical, 2 [PSU]
# name 25 = oxsolML/L: Oxygen Saturation, Garcia & Gordon [ml/l]
# name 26 = nbin: number of scans per bin
# name 27 = flag: flag
# span 0 =      1.000,    803.000       
# span 1 =      0.988,    793.162       
# span 2 =    -1.3593,    -0.2674       
# span 3 =  27.206687,  28.618440       
# span 4 =    -1.3584,    -0.2655       
# span 5 =  27.206723,  28.618719       
# span 6 =     4.9037,     8.6873       
# span 7 =     5.0408,     8.9019       
# span 8 =    -0.0099,    19.7419       
# span 9 =    76.8802,    98.1404       
# span 10 = 1.0000e-12, 1.0175e+02      
# span 11 =  -73.98219,  -73.98218      
# span 12 = -113.80743, -113.80740      
# span 13 =  40.558945,  40.569667      
# span 14 =       4.24,     100.29      
# span 15 = 9.9238e+01, 1.2300e+02      
# span 16 =    249.871,   1176.185      
# span 17 =       5998,      28229      
# span 18 =  1027.1754,  1031.3509      
# span 19 =  1027.1749,  1031.3492      
# span 20 =     3.6475,     4.6556      
# span 21 =     0.0655,     2.9998      
# span 22 =     0.1210,     0.2537      
# span 23 =    33.7904,    34.2908      
# span 24 =    33.7896,    34.2889      
# span 25 =    8.10660,    8.36470      
# span 26 =          7,         48      
# span 27 = 0.0000e+00, 0.0000e+00      
# interval = decibars: 1                
# start_time = Feb 09 2022 13:20:43 [NMEA time, header]
# bad_flag = -9.990e-29
*END*
[from data line 518]
    519.000    512.988    -0.3023  28.468201    -0.3006  28.468196     4.9356     5.0861     0.0463    98.0061 1.0000e-12  -73.98218 -113.80741  40.565601      88.99 1.1256e+02    824.916      19799  1029.9994  1029.9976     4.6493     0.0751     0.1235    34.2719    34.2699    8.11510         27 0.0000e+00
    520.000    513.977    -0.3025  28.468550    -0.3005  28.468705     4.9333     5.0822     0.0417    98.0043 1.0000e-12  -73.98218 -113.80741  40.565614      98.97 1.1218e+02    826.023      19826  1030.0041  1030.0024     4.6492     0.0767     0.1254    34.2719    34.2699    8.11513         27 0.0000e+00
    521.000    514.965    -0.3024  28.469058    -0.3006  28.469030     4.9376     5.0826     0.0320    98.0127 1.0000e-12  -73.98218 -113.80740  40.565627      99.91 1.1681e+02    827.153      19853  1030.0089  1030.0071     4.6496     0.0791     0.1254    34.2719    34.2698    8.11512         27 0.0000e+00
    522.000    515.951    -0.3027  28.469343    -0.3006  28.469557     4.9382     5.0847     0.0397    98.0043 1.0000e-12  -73.98218 -113.80742  40.565640      99.92 1.1331e+02    828.284      19880  1030.0138  1030.0119     4.6492     0.0799     0.1229    34.2720    34.2699    8.11517         27 0.0000e+00
    523.000    516.939    -0.3033  28.469334    -0.3015  28.469385     4.9323     5.0843     0.0405    98.0078 1.0000e-12  -73.98218 -113.80740  40.565653      99.92 1.1175e+02    829.387      19906  1030.0186  1030.0169     4.6494     0.0762     0.1262    34.2720    34.2701    8.11529         26 0.0000e+00
    524.000    517.926    -0.3018  28.471452    -0.3000  28.471368     4.9307     5.0861     0.0326    97.9835 1.0000e-12  -73.98218 -113.80741  40.565666      99.92 1.1658e+02    830.515      19933  1030.0236  1030.0218     4.6482     0.0756     0.1253    34.2726    34.2705    8.11494         28 0.0000e+00
    525.000    518.914    -0.3015  28.472259    -0.2996  28.472357     4.9309     5.0859     0.0512    97.8997 1.0000e-12  -73.98219 -113.80741  40.565679      99.92 1.1363e+02    831.649      19961  1030.0285  1030.0267     4.6442     0.0897     0.1251    34.2728    34.2708    8.11488         26 0.0000e+00
    526.000    519.901    -0.3025  28.471781    -0.3007  28.471889     4.9294     5.0888     0.0514    98.0095 1.0000e-12  -73.98219 -113.80742  40.565692      99.92 1.1170e+02    832.755      19987  1030.0332  1030.0316     4.6494     0.0773     0.1268    34.2727    34.2708    8.11509         27 0.0000e+00
    527.000    520.888    -0.3034  28.471733    -0.3016  28.471740     4.9378     5.0877     0.0318    98.0055 1.0000e-12  -73.98218 -113.80742  40.565705      99.92 1.1596e+02    833.893      20014  1030.0383  1030.0366     4.6493     0.0770     0.1303    34.2730    34.2710    8.11527         28 0.0000e+00
    528.000    521.875    -0.3031  28.472650    -0.3011  28.472810     4.9351     5.0876     0.0380    98.0258 1.0000e-12  -73.98218 -113.80742  40.565718      99.92 1.1410e+02    835.027      20042  1030.0432  1030.0415     4.6502     0.0777     0.1236    34.2733    34.2713    8.11518         26 0.0000e+00
    529.000    522.862    -0.3030  28.473311    -0.3011  28.473319     4.9399     5.0885     0.0297    97.9396 1.0000e-12  -73.98218 -113.80742  40.565731      99.92 1.1156e+02    836.134      20068  1030.0481  1030.0463     4.6461     0.0776     0.1238    34.2735    34.2714    8.11515         27 0.0000e+00
    530.000    523.849    -0.3019  28.474802    -0.2999  28.474869     4.9281     5.0880     0.0320    97.9634 1.0000e-12  -73.98218 -113.80742  40.565744      88.55 1.1533e+02    837.257      20095  1030.0529  1030.0511     4.6473     0.0746     0.1234    34.2737    34.2715    8.11491         27 0.0000e+00
    531.000    524.837    -0.2997  28.477410    -0.2979  28.477306     4.9250     5.0791     0.0363    98.0222 1.0000e-12  -73.98218 -113.80742  40.565757      87.87 1.1497e+02    838.391      20122  1030.0578  1030.0559     4.6500     0.0752     0.1245    34.2741    34.2719    8.11442         27 0.0000e+00
    532.000    525.822    -0.2946  28.482848    -0.2931  28.482504     4.9272     5.0780     0.0362    98.0366 1.0000e-12  -73.98218 -113.80742  40.565770      99.17 1.1133e+02    839.497      20149  1030.0628  1030.0609     4.6507     0.0763     0.1252    34.2750    34.2728    8.11328         27 0.0000e+00
    533.000    526.812    -0.2936  28.484038    -0.2917  28.484188     4.9338     5.0829     0.0362    98.0186 1.0000e-12  -73.98218 -113.80742  40.565783      99.92 1.1457e+02    840.621      20176  1030.0673  1030.0657     4.6499     0.0770     0.1248    34.2749    34.2729    8.11307         27 0.0000e+00
    534.000    527.798    -0.2972  28.481393    -0.2956  28.481224     4.9335     5.0846     0.0362    97.8923 1.0000e-12  -73.98218 -113.80742  40.565796      99.92 1.1524e+02    841.753      20203  1030.0724  1030.0707     4.6438     0.0766     0.1248    34.2748    34.2728    8.11384         27 0.0000e+00
    535.000    528.785    -0.3010  28.478609    -0.2993  28.478644     4.9362     5.0870     0.0304    98.0305 1.0000e-12  -73.98218 -113.80742  40.565809      99.92 1.1145e+02    842.856      20230  1030.0774  1030.0758     4.6504     0.0768     0.1241    34.2747    34.2729    8.11465         27 0.0000e+00
    536.000    529.772    -0.3018  28.478544    -0.3001  28.478531     4.9386     5.0878     0.0345    98.0169 1.0000e-12  -73.98218 -113.80742  40.565821      99.91 1.1389e+02    843.973      20256  1030.0823  1030.0807     4.6498     0.0752     0.1266    34.2749    34.2730    8.11481         26 0.0000e+00
    537.000    530.758    -0.3017  28.479090    -0.2997  28.479232     4.9382     5.0874     0.0302    98.0108 1.0000e-12  -73.98218 -113.80742  40.565835      99.93 1.1534e+02    845.110      20284  1030.0871  1030.0854     4.6495     0.0767     0.1231    34.2750    34.2730    8.11479         27 0.0000e+00
    538.000    531.746    -0.3013  28.479913    -0.2994  28.480017     4.9395     5.0850     0.0349    98.0516 1.0000e-12  -73.98218 -113.80742  40.565848      99.92 1.1152e+02    846.227      20310  1030.0918  1030.0901     4.6514     0.0751     0.1259    34.2750    34.2731    8.11470         27 0.0000e+00
    539.000    532.733    -0.2993  28.482409    -0.2973  28.482538     4.9313     5.0840     0.0362    98.0269 1.0000e-12  -73.98218 -113.80742  40.565860      99.92 1.1336e+02    847.343      20337  1030.0967  1030.0950     4.6502     0.0743     0.1290    34.2755    34.2735    8.11424         27 0.0000e+00
    540.000    533.720    -0.2974  28.484615    -0.2961  28.484085     4.9326     5.0813     0.0426    98.0281 1.0000e-12  -73.98218 -113.80742  40.565874      99.91 1.1573e+02    848.475      20364  1030.1015  1030.0997     4.6503     0.1145     0.1248    34.2758    34.2736    8.11384         27 0.0000e+00
    541.000    534.708    -0.2962  28.486249    -0.2947  28.486037     4.9322     5.0779     0.0580    97.9765 1.0000e-12  -73.98218 -113.80742  40.565886      92.69 1.1144e+02    849.586      20391  1030.1063  1030.1046     4.6478     0.0756     0.1243    34.2760    34.2740    8.11356         27 0.0000e+00
    542.000    535.693    -0.2961  28.486974    -0.2943  28.486872     4.9321     5.0834     0.0247    98.0162 1.0000e-12  -73.98218 -113.80742  40.565899      74.92 1.1294e+02    850.696      20418  1030.1112  1030.1094     4.6498     0.0718     0.1255    34.2762    34.2741    8.11352         27 0.0000e+00
    543.000    536.683    -0.2957  28.487782    -0.2938  28.487859     4.9335     5.0784     0.0283    98.0469 1.0000e-12  -73.98218 -113.80742  40.565912      92.57 1.1607e+02    851.825      20445  1030.1160  1030.1142     4.6512     0.0763     0.1251    34.2763    34.2743    8.11343         27 0.0000e+00
    544.000    537.667    -0.2946  28.489506    -0.2928  28.489611     4.9276     5.0738     0.0432    98.0500 1.0000e-12  -73.98218 -113.80742  40.565925      99.84 1.1175e+02    852.949      20472  1030.1210  1030.1193     4.6513     0.0801     0.1272    34.2768    34.2749    8.11318         27 0.0000e+00
    545.000    538.657    -0.2942  28.490267    -0.2926  28.490194     4.9289     5.0792     0.0433    98.0153 1.0000e-12  -73.98218 -113.80742  40.565938      99.92 1.1223e+02    854.065      20499  1030.1257  1030.1240     4.6497     0.0761     0.1231    34.2768    34.2748    8.11310         27 0.0000e+00
    546.000    539.643    -0.2941  28.490926    -0.2923  28.490903     4.9350     5.0841     0.0374    98.0430 1.0000e-12  -73.98218 -113.80742  40.565951      99.92 1.1565e+02    855.194      20526  1030.1305  1030.1288     4.6510     0.0755     0.1258    34.2769    34.2749    8.11306         27 0.0000e+00
    547.000    540.628    -0.2938  28.491780    -0.2919  28.491780     4.9343     5.0812     0.0589    98.0611 1.0000e-12  -73.98218 -113.80742  40.565964      99.92 1.1204e+02    856.312      20552  1030.1354  1030.1336     4.6518     0.0761     0.1271    34.2771    34.2750    8.11298         27 0.0000e+00
    548.000    541.618    -0.2935  28.492476    -0.2916  28.492597     4.9325     5.0815     0.0687    98.0674 1.0000e-12  -73.98218 -113.80742  40.565977      99.92 1.1184e+02    857.414      20579  1030.1401  1030.1384     4.6522     0.0778     0.1307    34.2771    34.2751    8.11292         25 0.0000e+00
    549.000    542.603    -0.2935  28.492914    -0.2917  28.492994     4.9329     5.0837     0.0431    98.0699 1.0000e-12  -73.98218 -113.80742  40.565990      99.92 1.1586e+02    858.543      20606  1030.1449  1030.1432     4.6522     0.0764     0.1240    34.2771    34.2752    8.11292         28 0.0000e+00
    550.000    543.592    -0.2935  28.493533    -0.2918  28.493501     4.9333     5.0847     0.0409    98.0528 1.0000e-12  -73.98218 -113.80742  40.566003      99.92 1.1234e+02    859.674      20633  1030.1497  1030.1481     4.6515     0.0763     0.1251    34.2773    34.2753    8.11291         27 0.0000e+00
    551.000    544.577    -0.2928  28.494660    -0.2911  28.494679     4.9360     5.0845     0.0223    98.0474 1.0000e-12  -73.98218 -113.80741  40.566016      99.91 1.1146e+02    860.779      20660  1030.1546  1030.1529     4.6512     0.0751     0.1253    34.2775    34.2756    8.11275         26 0.0000e+00
    552.000    545.565    -0.2926  28.495390    -0.2908  28.495356     4.9289     5.0845     0.0277    98.0101 1.0000e-12  -73.98218 -113.80741  40.566029      99.92 1.1539e+02    861.900      20687  1030.1594  1030.1576     4.6494     0.0754     0.1269    34.2777    34.2756    8.11271         27 0.0000e+00
    553.000    546.552    -0.2923  28.496126    -0.2905  28.496237     4.9348     5.0843     0.0223    97.9030 1.0000e-12  -73.98218 -113.80741  40.566042      72.54 1.1291e+02    863.022      20714  1030.1641  1030.1625     4.6444     0.0727     0.1255    34.2777    34.2758    8.11264         27 0.0000e+00
    554.000    547.538    -0.2912  28.497682    -0.2895  28.497738     4.9236     5.0847     0.0316    98.0481 1.0000e-12  -73.98218 -113.80742  40.566055      82.56 1.1099e+02    864.125      20740  1030.1690  1030.1673     4.6513     0.0727     0.1238    34.2780    34.2760    8.11239         27 0.0000e+00
    555.000    548.526    -0.2897  28.499783    -0.2878  28.499905     4.9192     5.0819     0.0419    98.0044 1.0000e-12  -73.98218 -113.80740  40.566068      96.09 1.1490e+02    865.246      20767  1030.1740  1030.1722     4.6492     0.0787     0.1277    34.2784    34.2765    8.11204         27 0.0000e+00
    556.000    549.513    -0.2884  28.501586    -0.2865  28.501551     4.9229     5.0750     0.0324    98.0300 1.0000e-12  -73.98218 -113.80742  40.566081      99.92 1.1387e+02    866.375      20794  1030.1788  1030.1770     4.6504     0.0741     0.1244    34.2788    34.2766    8.11173         27 0.0000e+00
    557.000    550.500    -0.2854  28.505172    -0.2836  28.505118     4.9246     5.0786     0.0331    98.0543 1.0000e-12  -73.98218 -113.80742  40.566093      99.91 1.1155e+02    867.472      20820  1030.1839  1030.1822     4.6515     0.0745     0.1249    34.2796    34.2775    8.11105         26 0.0000e+00
    558.000    551.486    -0.2846  28.506320    -0.2828  28.506331     4.9269     5.0855     0.0560    98.0472 1.0000e-12  -73.98218 -113.80742  40.566106      99.92 1.1517e+02    868.581      20847  1030.1886  1030.1870     4.6511     0.0757     0.1258    34.2796    34.2777    8.11088         27 0.0000e+00
    559.000    552.474    -0.2876  28.504017    -0.2862  28.503828     4.9353     5.0865     0.0232    97.9024 1.0000e-12  -73.98218 -113.80742  40.566119      99.92 1.1410e+02    869.699      20874  1030.1935  1030.1919     4.6444     0.0743     0.1240    34.2793    34.2775    8.11153         26 0.0000e+00
    560.000    553.461    -0.2922  28.500509    -0.2907  28.500409     4.9371     5.0906     0.0249    98.0396 1.0000e-12  -73.98218 -113.80742  40.566132      99.91 1.1123e+02    870.800      20900  1030.1985  1030.1970     4.6509     0.0749     0.1236    34.2793    34.2775    8.11252         27 0.0000e+00
    561.000    554.448    -0.2932  28.500111    -0.2911  28.500444     4.9368     5.0877     0.0162    98.0537 1.0000e-12  -73.98218 -113.80742  40.566145      99.91 1.1444e+02    871.910      20927  1030.2034  1030.2016     4.6515     0.0734     0.1239    34.2793    34.2773    8.11274         27 0.0000e+00
    562.000    555.436    -0.2940  28.499655    -0.2924  28.499607     4.9402     5.0865     0.0286    98.0424 1.0000e-12  -73.98218 -113.80742  40.566158      99.92 1.1452e+02    873.040      20954  1030.2079  1030.2063     4.6510     0.0733     0.1227    34.2790    34.2771    8.11293         27 0.0000e+00
    563.000    556.422    -0.2961  28.498426    -0.2944  28.498370     4.9398     5.0930     0.0461    98.0475 1.0000e-12  -73.98218 -113.80742  40.566171      99.92 1.1100e+02    874.144      20980  1030.2129  1030.2111     4.6512     0.0745     0.1238    34.2791    34.2771    8.11336         26 0.0000e+00
    564.000    557.409    -0.2953  28.499461    -0.2933  28.499701     4.9424     5.0942     0.0382    98.0272 1.0000e-12  -73.98218 -113.80740  40.566183      99.91 1.1386e+02    875.247      21007  1030.2175  1030.2157     4.6503     0.0796     0.1234    34.2790    34.2771    8.11320         27 0.0000e+00
    565.000    558.395    -0.2955  28.499800    -0.2937  28.499817     4.9441     5.0970     0.0171    98.0546 1.0000e-12  -73.98218 -113.80742  40.566196      99.92 1.1484e+02    876.369      21034  1030.2223  1030.2205     4.6516     0.0749     0.1249    34.2791    34.2771    8.11324         27 0.0000e+00
    566.000    559.384    -0.2959  28.499955    -0.2939  28.500118     4.9361     5.0975     0.0185    98.0613 1.0000e-12  -73.98218 -113.80740  40.566209      85.98 1.1110e+02    877.468      21060  1030.2270  1030.2253     4.6518     0.0745     0.1236    34.2791    34.2771    8.11332         26 0.0000e+00
    567.000    560.369    -0.2979  28.498440    -0.2962  28.498624     4.9464     5.0899     0.0200    98.0530 1.0000e-12  -73.98218 -113.80740  40.566222      96.78 1.1358e+02    878.573      21087  1030.2316  1030.2301     4.6515     0.0810     0.1231    34.2788    34.2771    8.11376         27 0.0000e+00
    568.000    561.357    -0.3000  28.497125    -0.2990  28.496501     4.9529     5.0932     0.0230    98.0495 1.0000e-12  -73.98218 -113.80740  40.566235      99.94 1.1554e+02    879.692      21114  1030.2366  1030.2349     4.6513     0.0740     0.1272    34.2788    34.2768    8.11421         26 0.0000e+00
    569.000    562.343    -0.3007  28.496928    -0.2992  28.496796     4.9535     5.0968     0.0142    98.0558 1.0000e-12  -73.98218 -113.80740  40.566248      99.91 1.1156e+02    880.799      21140  1030.2413  1030.2396     4.6516     0.0765     0.1264    34.2788    34.2769    8.11437         27 0.0000e+00
