ocean_section_plots/required_files/ctd/dnbp2202_ctd164.cnv
* Sea-Bird SBE 9 Data File:
* FileName = D:\Data\raw\NBP2202_CTD164.hex
* Software Version Seasave V 7.26.7.121
* Temperature SN = 1649
* Conductivity SN = 2513
* Number of Bytes Per Scan = 40
* Number of Voltage Words = 5
* Number of Scans Averaged by the Deck Unit = 1
* NMEA Latitude = 74 14.28 S
* NMEA Longitude = 112 17.86 W
* NMEA UTC (Time) = Feb 01 2022  02:32:13
* NMEA baud rate = 9600
** Ship: RVIB N.B. Palmer
** Cruise: NBP2202 Thwaites
** Station: 86
** Operator: A. Robinson
# nquan = 28
# nvalues = 505                         
# units = specified
# name 0 = prDM: Pressure, Digiquartz [db]
# name 1 = depSM: Depth [salt water, m]
# name 2 = t090C: Temperature [ITS-90, deg C]
# name 3 = c0mS/cm: Conductivity [mS/cm]
# name 4 = t190C: Temperature, 2 [ITS-90, deg C]
# name 5 = c1mS/cm: Conductivity, 2 [mS/cm]
# name 6 = sbeox0ML/L: Oxygen, SBE 43 [ml/l]
# name 7 = sbeox1ML/L: Oxygen, SBE 43, 2 [ml/l]
# name 8 = flECO-AFL: Fluorescence, WET Labs ECO-AFL/FL [mg/m^3]
# name 9 = CStarTr0: Beam Transmission, WET Labs C-Star [%]
# name 10 = par: PAR/Irradiance, Biospherical/Licor
# name 11 = latitude: Latitude [deg]
# name 12 = longitude: Longitude [deg]
# name 13 = timeJ: Julian Days
# name 14 = altM: Altimeter [m]
# name 15 = spar: SPAR, Biospherical/Licor
# name 16 = timeS: Time, Elapsed [seconds]
# name 17 = scan: Scan Count
# name 18 = density00: Density [density, kg/m^3]
# name 19 = density11: Density, 2 [density, kg/m^3]
# name 20 = v3: Voltage 3
# name 21 = v4: Voltage 4
# name 22 = v5: Voltage 5
# name 23 = sal00: Salinity, Practical [PSU]
# name 24 = sal11: Salinity, Practical, 2 [PSU]
# name 25 = oxsolML/L: Oxygen Saturation, Garcia & Gordon [ml/l]
# name 26 = nbin: number of scans per bin
# name 27 = flag: flag
# span 0 =      2.000,    506.000       
# span 1 =      1.991,    500.168       
# span 2 =    -1.5610,    -0.1275       
# span 3 =  27.018156,  28.652630       
# span 4 =    -1.5600,    -0.1259       
# span 5 =  27.018566,  28.651600       
# span 6 =     4.8818,     7.7417       
# span 7 =     4.9939,     7.8533       
# span 8 =     0.0045,    13.6106       
# span 9 =    77.3857,    93.7150       
# span 10 = -4.807e-05, 7.5578e+01      
# span 11 =  -74.23806,  -74.23802      
# span 12 = -112.29784, -112.29778      
# span 13 =  32.108942,  32.116912      
# span 14 =      10.32,     100.19      
# span 15 = 1.2945e+03, 1.3499e+03      
# span 16 =    279.561,    968.186      
# span 17 =       6710,      23237      
# span 18 =  1027.2012,  1029.9703      
# span 19 =  1027.2030,  1029.9683      
# span 20 =     3.6716,     4.4458      
# span 21 =     0.0707,     2.0934      
# span 22 =     0.1145,     0.2174      
# span 23 =    33.8075,    34.3291      
# span 24 =    33.8091,    34.3260      
# span 25 =    8.07473,    8.40966      
# span 26 =          3,         46      
# span 27 = 0.0000e+00, 0.0000e+00      
# interval = decibars: 1                
# start_time = Feb 01 2022 02:32:13 [NMEA time, header]
# bad_flag = -9.990e-29
*END*
      2.000      1.991    -1.1191  27.210599    -1.1204  27.211264     7.6577     7.6210     9.5725    77.7476 7.5578e+01  -74.23804 -112.29780  32.108942      73.47 1.3444e+03    279.561       6710  1027.2012  1027.2030     3.6878     1.5153     0.1962    33.8083    33.8106    8.31972          3 0.0000e+00
      3.000      2.967    -1.1304  27.201497    -1.1323  27.202025     7.6857     7.6293    11.7836    77.3857 6.2381e+01  -74.23804 -112.29780  32.109031      60.20 1.3458e+03    287.291       6896  1027.2063  1027.2087     3.6716     1.8338     0.1906    33.8079    33.8108    8.32225         41 0.0000e+00
      4.000      3.959    -1.1218  27.209956    -1.1242  27.209496     7.7142     7.6385    11.9341    77.7484 4.4534e+01  -74.23804 -112.29780  32.109101     100.15 1.3402e+03    293.337       7041  1027.2114  1027.2133     3.6887     1.8124     0.2121    33.8091    33.8112    8.32026         23 0.0000e+00
      5.000      4.948    -1.1232  27.209011    -1.1293  27.205508     7.7037     7.6449    10.7049    77.6517 3.5413e+01  -74.23804 -112.29780  32.109124      55.03 1.3426e+03    295.321       7089  1027.2162  1027.2182     3.6840     1.9479     0.1784    33.8088    33.8109    8.32060         36 0.0000e+00
      6.000      5.938    -1.1264  27.206860    -1.1261  27.208674     7.7187     7.6655    10.5633    77.5619 2.8092e+01  -74.23804 -112.29780  32.109159      10.32 1.3457e+03    298.294       7160  1027.2213  1027.2229     3.6799     1.8776     0.1636    33.8089    33.8110    8.32131         33 0.0000e+00
      7.000      6.928    -1.1192  27.213406    -1.1204  27.214059     7.7199     7.6922    10.3656    78.0979 1.8658e+01  -74.23804 -112.29780  32.109174      20.93 1.3425e+03    299.644       7192  1027.2258  1027.2277     3.7053     1.8223     0.1578    33.8090    33.8113    8.31969         34 0.0000e+00
      8.000      7.918    -1.1194  27.213841    -1.1223  27.212907     7.7303     7.7278    11.0523    77.4631 1.4795e+01  -74.23804 -112.29780  32.109207      35.67 1.3460e+03    302.463       7260  1027.2308  1027.2326     3.6751     1.7223     0.1727    33.8092    33.8112    8.31973         32 0.0000e+00
      9.000      8.907    -1.1135  27.219206    -1.1160  27.218722     7.7417     7.7604    11.1140    78.0068 1.1798e+01  -74.23804 -112.29780  32.109227      97.76 1.3489e+03    304.245       7303  1027.2354  1027.2372     3.7009     1.8859     0.1733    33.8093    33.8114    8.31842         37 0.0000e+00
     10.000      9.893    -1.1143  27.218793    -1.1178  27.217655     7.6666     7.7585    10.9325    77.3961 8.9516e+00  -74.23804 -112.29780  32.109255      99.38 1.3440e+03    306.618       7360  1027.2400  1027.2421     3.6725     1.7545     0.1795    33.8090    33.8114    8.31860         31 0.0000e+00
     11.000     10.885    -1.1429  27.194773    -1.1418  27.198040     7.6129     7.7307    13.6106    77.9706 7.2047e+00  -74.23804 -112.29780  32.109277      99.36 1.3466e+03    308.542       7406  1027.2457  1027.2482     3.6990     1.6472     0.1707    33.8078    33.8110    8.32504         37 0.0000e+00
     12.000     11.875    -1.1524  27.187570    -1.1543  27.187345     7.5991     7.7429    12.2639    78.1093 5.3147e+00  -74.23804 -112.29780  32.109302      99.45 1.3475e+03    310.658       7457  1027.2511  1027.2526     3.7056     1.9361     0.1796    33.8080    33.8098    8.32714         40 0.0000e+00
     13.000     12.865    -1.1593  27.182005    -1.1625  27.180955     7.5844     7.7767    13.2858    77.9236 4.3088e+00  -74.23804 -112.29780  32.109331      99.36 1.3466e+03    313.236       7519  1027.2556  1027.2575     3.6969     1.8062     0.1838    33.8075    33.8097    8.32869         43 0.0000e+00
     14.000     13.855    -1.1614  27.180667    -1.1624  27.181444     7.5756     7.7787    11.8950    78.1038 3.2714e+00  -74.23804 -112.29780  32.109351      99.37 1.3483e+03    314.959       7560  1027.2604  1027.2622     3.7055     1.7588     0.1781    33.8075    33.8097    8.32917         39 0.0000e+00
     15.000     14.843    -1.1671  27.176524    -1.1682  27.177190     7.5778     7.7908    11.8806    77.9684 2.5688e+00  -74.23804 -112.29780  32.109376      99.45 1.3478e+03    317.056       7610  1027.2655  1027.2673     3.6990     1.9081     0.1760    33.8076    33.8098    8.33043         45 0.0000e+00
     16.000     15.834    -1.1622  27.181177    -1.1657  27.179603     7.5962     7.8147    12.3973    78.2223 2.0855e+00  -74.23804 -112.29780  32.109402      99.36 1.3454e+03    319.334       7665  1027.2700  1027.2717     3.7111     1.7719     0.1740    33.8079    33.8096    8.32933         35 0.0000e+00
     17.000     16.823    -1.1599  27.183666    -1.1611  27.184003     7.6083     7.8293    11.9003    77.4673 1.6117e+00  -74.23804 -112.29780  32.109423      99.42 1.3476e+03    321.106       7708  1027.2748  1027.2763     3.6756     1.9831     0.1703    33.8080    33.8098    8.32880         40 0.0000e+00
     18.000     17.812    -1.1575  27.186203    -1.1570  27.187697     7.6198     7.8533    11.7205    78.1791 1.3319e+00  -74.23804 -112.29780  32.109448      99.39 1.3468e+03    323.287       7760  1027.2795  1027.2807     3.7091     1.8614     0.1857    33.8081    33.8097    8.32826         37 0.0000e+00
     19.000     18.802    -1.1526  27.190617    -1.1520  27.192821     7.6039     7.8432    11.8430    77.7670 1.0556e+00  -74.23804 -112.29780  32.109475      94.56 1.3455e+03    325.605       7816  1027.2839  1027.2857     3.6896     1.7210     0.1546    33.8080    33.8103    8.32717         42 0.0000e+00
     20.000     19.792    -1.1628  27.182765    -1.1621  27.184838     7.5908     7.8360    11.4670    77.8768 8.2434e-01  -74.23804 -112.29780  32.109495      97.14 1.3471e+03    327.372       7858  1027.2895  1027.2911     3.6947     1.7089     0.1706    33.8082    33.8102    8.32945         42 0.0000e+00
     21.000     20.783    -1.1597  27.185919    -1.1597  27.187066     7.6000     7.8342    12.3007    78.1971 7.0084e-01  -74.23804 -112.29780  32.109522      99.41 1.3488e+03    329.687       7913  1027.2942  1027.2955     3.7100     1.7941     0.1765    33.8083    33.8099    8.32873         37 0.0000e+00
     22.000     21.771    -1.1603  27.185733    -1.1619  27.185637     7.5937     7.8350    11.3630    78.0153 5.5063e-01  -74.23804 -112.29780  32.109545      99.56 1.3456e+03    331.696       7962  1027.2988  1027.3003     3.7013     2.0641     0.1690    33.8081    33.8098    8.32888         39 0.0000e+00
     23.000     22.761    -1.1629  27.184033    -1.1636  27.184654     7.5977     7.8294    10.7462    78.3008 4.3714e-01  -74.23804 -112.29780  32.109565      99.38 1.3453e+03    333.458       8004  1027.3038  1027.3052     3.7149     1.7563     0.1637    33.8081    33.8098    8.32946         40 0.0000e+00
     24.000     23.749    -1.1614  27.185971    -1.1619  27.186556     7.6003     7.8374    10.9296    77.7937 3.6515e-01  -74.23804 -112.29780  32.109592      99.40 1.3474e+03    335.724       8058  1027.3087  1027.3098     3.6905     1.6172     0.1787    33.8085    33.8098    8.32911         42 0.0000e+00
     25.000     24.740    -1.1611  27.186539    -1.1623  27.186657     7.5934     7.8471    12.5974    77.6736 2.8985e-01  -74.23804 -112.29780  32.109615      99.41 1.3461e+03    337.739       8107  1027.3134  1027.3147     3.6851     1.7039     0.1607    33.8082    33.8099    8.32905         43 0.0000e+00
     26.000     25.730    -1.1609  27.187171    -1.1587  27.190145     7.5972     7.8430    12.1895    78.5645 2.2991e-01  -74.23804 -112.29780  32.109638      99.39 1.3438e+03    339.752       8155  1027.3182  1027.3193     3.7273     1.6138     0.1891    33.8083    33.8099    8.32901         36 0.0000e+00
     27.000     26.717    -1.1602  27.188276    -1.1603  27.189153     7.5965     7.8324    13.0757    78.4836 1.8848e-01  -74.23804 -112.29780  32.109664      99.48 1.3477e+03    341.990       8209  1027.3230  1027.3241     3.7237     2.0327     0.1773    33.8083    33.8097    8.32884         39 0.0000e+00
     28.000     27.708    -1.1609  27.188111    -1.1632  27.187234     7.5907     7.8261    10.9047    78.3330 1.4437e-01  -74.23804 -112.29780  32.109686      99.51 1.3459e+03    343.831       8253  1027.3278  1027.3291     3.7164     2.0160     0.1962    33.8083    33.8097    8.32900         38 0.0000e+00
     29.000     28.698    -1.1633  27.186653    -1.1648  27.186370     7.5826     7.8241    10.5597    78.3925 1.1194e-01  -74.23804 -112.29780  32.109711      99.45 1.3426e+03    345.994       8305  1027.3329  1027.3340     3.7195     2.0235     0.1893    33.8085    33.8097    8.32954         40 0.0000e+00
     30.000     29.686    -1.1641  27.186413    -1.1651  27.186525     7.5777     7.8241    12.6027    77.7343 8.5809e-02  -74.23804 -112.29780  32.109737      99.49 1.3474e+03    348.244       8359  1027.3376  1027.3387     3.6880     2.0934     0.2174    33.8083    33.8097    8.32971         46 0.0000e+00
     31.000     30.677    -1.1639  27.187090    -1.1648  27.187238     7.5834     7.8251    11.0919    78.3334 6.3259e-02  -74.23804 -112.29780  32.109756      99.42 1.3427e+03    349.926       8399  1027.3425  1027.3435     3.7164     1.6306     0.1672    33.8085    33.8097    8.32967         37 0.0000e+00
     32.000     31.667    -1.1635  27.187982    -1.1648  27.187768     7.5845     7.8203    11.3621    78.7793 4.5119e-02  -74.23804 -112.29780  32.109780      97.77 1.3433e+03    352.028       8450  1027.3473  1027.3484     3.7375     1.9050     0.1845    33.8086    33.8098    8.32956         37 0.0000e+00
     33.000     32.656    -1.1637  27.188270    -1.1642  27.188719     7.5801     7.8185    10.6828    78.8867 2.7899e-02  -74.23804 -112.29780  32.109808      99.40 1.3446e+03    354.394       8506  1027.3522  1027.3531     3.7426     1.5999     0.1824    33.8086    33.8097    8.32962         41 0.0000e+00
     34.000     33.645    -1.1627  27.189652    -1.1626  27.190529     7.5875     7.8249    12.0137    78.3483 1.4744e-02  -74.23804 -112.29780  32.109828      99.38 1.3397e+03    356.179       8549  1027.3570  1027.3579     3.7171     1.7731     0.1772    33.8087    33.8098    8.32938         40 0.0000e+00
     35.000     34.636    -1.1620  27.190656    -1.1628  27.190798     7.5908     7.8207    12.8374    77.8364 3.8035e-03  -74.23804 -112.29780  32.109853      99.35 1.3443e+03    358.294       8600  1027.3617  1027.3627     3.6928     1.7285     0.1677    33.8086    33.8098    8.32922         44 0.0000e+00
     36.000     35.624    -1.1635  27.189687    -1.1636  27.190593     7.5754     7.8068    11.1207    78.9281 -4.807e-05  -74.23804 -112.29780  32.109876      99.37 1.3450e+03    360.303       8648  1027.3665  1027.3676     3.7447     1.6765     0.1767    33.8085    33.8098    8.32958         37 0.0000e+00
     37.000     36.613    -1.1735  27.181727    -1.1718  27.183749     7.5609     7.8096    11.8513    78.4493 1.0000e-12  -74.23804 -112.29780  32.109906      99.39 1.3436e+03    362.884       8710  1027.3717  1027.3723     3.7218     1.9004     0.1929    33.8082    33.8091    8.33183         42 0.0000e+00
     38.000     37.603    -1.1646  27.189666    -1.1635  27.191623     7.4897     7.7755    10.3906    78.8181 1.0000e-12  -74.23804 -112.29780  32.109925      99.46 1.3450e+03    364.547       8750  1027.3760  1027.3771     3.7394     1.7712     0.2036    33.8084    33.8098    8.32983         35 0.0000e+00
     39.000     38.591    -1.2024  27.158809    -1.1920  27.168399     7.4480     7.7076    11.4795    78.5619 1.0000e-12  -74.23804 -112.29780  32.109945      99.39 1.3437e+03    366.290       8792  1027.3830  1027.3835     3.7273     2.0222     0.1983    33.8082    33.8096    8.33827         40 0.0000e+00
     40.000     39.582    -1.2141  27.149342    -1.2157  27.149260     7.4096     7.6550    10.6243    78.8675 1.0000e-12  -74.23804 -112.29779  32.109978      99.37 1.3442e+03    369.126       8860  1027.3878  1027.3893     3.7416     1.7143     0.1845    33.8078    33.8094    8.34090         37 0.0000e+00
     41.000     40.572    -1.2249  27.141068    -1.2260  27.141026     7.4088     7.6505     9.8205    78.9477 1.0000e-12  -74.23804 -112.29778  32.109997      99.45 1.3434e+03    370.704       8898  1027.3932  1027.3944     3.7455     1.4282     0.1829    33.8080    33.8093    8.34329         34 0.0000e+00
     42.000     41.560    -1.2249  27.141632    -1.2261  27.141505     7.4000     7.6369    10.4083    79.3275 1.0000e-12  -74.23804 -112.29779  32.110017      99.38 1.3425e+03    372.459       8940  1027.3980  1027.3990     3.7634     1.7547     0.1833    33.8082    33.8093    8.34329         39 0.0000e+00
     43.000     42.550    -1.2318  27.136696    -1.2277  27.140818     7.3420     7.5938    10.5406    79.9255 1.0000e-12  -74.23804 -112.29779  32.110048      99.41 1.3479e+03    375.167       9005  1027.4033  1027.4039     3.7917     1.5240     0.1888    33.8086    33.8096    8.34481         45 0.0000e+00
     44.000     43.540    -1.2429  27.128317    -1.2392  27.132435     7.3296     7.5731     8.8260    79.4159 1.0000e-12  -74.23804 -112.29779  32.110067      99.42 1.3439e+03    376.811       9044  1027.4089  1027.4100     3.7679     1.6581     0.1805    33.8090    33.8105    8.34725         37 0.0000e+00
     45.000     44.531    -1.2446  27.127628    -1.2434  27.129274     7.3249     7.5581     9.2842    79.4120 1.0000e-12  -74.23804 -112.29779  32.110094      98.73 1.3454e+03    379.127       9100  1027.4140  1027.4145     3.7678     1.5403     0.1626    33.8094    33.8102    8.34762         32 0.0000e+00
     46.000     45.519    -1.2504  27.123377    -1.2496  27.124767     7.2999     7.5334    10.1756    79.2629 1.0000e-12  -74.23804 -112.29780  32.110120      99.46 1.3496e+03    381.409       9155  1027.4189  1027.4197     3.7605     1.5766     0.1676    33.8095    33.8105    8.34891         40 0.0000e+00
     47.000     46.509    -1.2537  27.121202    -1.2554  27.120917     7.3060     7.5318     9.3054    80.3403 1.0000e-12  -74.23804 -112.29780  32.110139      99.40 1.3437e+03    383.016       9193  1027.4239  1027.4253     3.8114     1.5506     0.1570    33.8096    33.8111    8.34964         27 0.0000e+00
     48.000     47.499    -1.2576  27.119307    -1.2539  27.121837     7.2432     7.4642    10.2875    80.0569 1.0000e-12  -74.23804 -112.29780  32.110166      99.49 1.3467e+03    385.310       9248  1027.4297  1027.4290     3.7981     1.3316     0.1600    33.8107    33.8100    8.35043         42 0.0000e+00
     49.000     48.486    -1.2803  27.101299    -1.2869  27.098009     7.1253     7.3685     9.0937    80.9325 1.0000e-12  -74.23804 -112.29780  32.110192      99.45 1.3477e+03    387.587       9303  1027.4360  1027.4388     3.8397     1.4511     0.1680    33.8110    33.8140    8.35549         46 0.0000e+00
     50.000     49.477    -1.3008  27.086763    -1.3021  27.086604     7.0835     7.3159     8.3917    80.1609 1.0000e-12  -74.23804 -112.29780  32.110213      99.41 1.3449e+03    389.383       9346  1027.4439  1027.4450     3.8031     1.5328     0.1707    33.8136    33.8149    8.35993         39 0.0000e+00
     51.000     50.466    -1.3100  27.080863    -1.3115  27.080554     7.0681     7.2973     9.7576    81.2853 1.0000e-12  -74.23804 -112.29780  32.110236      94.24 1.3449e+03    391.388       9394  1027.4504  1027.4514     3.8564     1.5572     0.1855    33.8154    33.8166    8.36190         40 0.0000e+00
     52.000     51.455    -1.3139  27.081489    -1.3150  27.080795     7.1229     7.3625     9.5657    81.5935 1.0000e-12  -74.23804 -112.29780  32.110263      99.56 1.3483e+03    393.738       9451  1027.4588  1027.4591     3.8710     1.3961     0.1692    33.8200    33.8203    8.36249         42 0.0000e+00
