ocean_section_plots/required_files/ctd/dnbp2202_ctd089.cnv
* Sea-Bird SBE 9 Data File:
* FileName = D:\Data\raw\NBP2202_CTD089.hex
* Software Version Seasave V 7.26.7.121
* Temperature SN = 1649
* Conductivity SN = 2513
* Number of Bytes Per Scan = 40
* Number of Voltage Words = 5
* Number of Scans Averaged by the Deck Unit = 1
* NMEA Latitude = 74 10.51 S
* NMEA Longitude = 113 20.67 W
* NMEA UTC (Time) = Jan 26 2022  21:15:29
* NMEA baud rate = 9600
** Ship: RVIB N.B. Palmer
** Cruise: NBP2202 Thwaites
** Station: YoYo001
** Operator: A. Robinson
# nquan = 25
# nvalues = 606                         
# units = specified
# name 0 = prDM: Pressure, Digiquartz [db]
# name 1 = depSM: Depth [salt water, m]
# name 2 = t090C: Temperature [ITS-90, deg C]
# name 3 = c0mS/cm: Conductivity [mS/cm]
# name 4 = t190C: Temperature, 2 [ITS-90, deg C]
# name 5 = c1mS/cm: Conductivity, 2 [mS/cm]
# name 6 = sbeox0ML/L: Oxygen, SBE 43 [ml/l]
# name 7 = sbeox1ML/L: Oxygen, SBE 43, 2 [ml/l]
# name 8 = flECO-AFL: Fluorescence, WET Labs ECO-AFL/FL [mg/m^3]
# name 9 = CStarTr0: Beam Transmission, WET Labs C-Star [%]
# name 10 = par: PAR/Irradiance, Biospherical/Licor
# name 11 = latitude: Latitude [deg]
# name 12 = longitude: Longitude [deg]
# name 13 = timeJ: Julian Days
# name 14 = altM: Altimeter [m]
# name 15 = spar: SPAR, Biospherical/Licor
# name 16 = timeS: Time, Elapsed [seconds]
# name 17 = scan: Scan Count
# name 18 = density00: Density [density, kg/m^3]
# name 19 = density11: Density, 2 [density, kg/m^3]
# name 20 = sal00: Salinity, Practical [PSU]
# name 21 = sal11: Salinity, Practical, 2 [PSU]
# name 22 = oxsolML/L: Oxygen Saturation, Garcia & Gordon [ml/l]
# name 23 = nbin: number of scans per bin
# name 24 = flag: flag
# span 0 =     10.000,    615.000       
# span 1 =      9.895,    607.733       
# span 2 =    -1.5411,     0.1110       
# span 3 =  26.904297,  28.947146       
# span 4 =    -1.5401,     0.1143       
# span 5 =  26.904441,  28.947892       
# span 6 =     4.6838,     8.6834       
# span 7 =     4.7547,     8.5968       
# span 8 =    -0.0219,    23.8929       
# span 9 =    66.4878,    95.6572       
# span 10 = 1.0000e-12, 7.0918e+01      
# span 11 =  -74.17530,  -74.17530      
# span 12 = -113.34462, -113.34458      
# span 13 =  26.886167,  26.895020      
# span 14 =       5.63,     100.20      
# span 15 = 1.8514e+03, 1.9171e+03      
# span 16 =     35.793,    800.707      
# span 17 =        860,      19218      
# span 18 =  1027.2273,  1030.5165      
# span 19 =  1027.2259,  1030.5141      
# span 20 =    33.7967,    34.3869      
# span 21 =    33.7950,    34.3843      
# span 22 =    8.02136,    8.41299      
# span 23 =         16,         64      
# span 24 = 0.0000e+00, 0.0000e+00      
# interval = decibars: 1                
# start_time = Jan 26 2022 21:15:29 [NMEA time, header]
# bad_flag = -9.990e-29
*END*
[from data line 58]
     68.000     67.286    -1.5300  26.918500    -1.5280  26.918908     5.6765     5.7820     0.9032    94.2059 1.0000e-12  -74.17530 -113.34460  26.886959      99.85 1.8784e+03    104.241       2503  1027.5500  1027.5485    33.8303    33.8285    8.41056         29 0.0000e+00
     69.000     68.274    -1.5308  26.918232    -1.5286  26.918895     5.6666     5.7645     0.9978    94.3203 1.0000e-12  -74.17530 -113.34460  26.886973      99.85 1.8767e+03    105.488       2533  1027.5549  1027.5534    33.8302    33.8285    8.41075         30 0.0000e+00
     70.000     69.264    -1.5318  26.917918    -1.5309  26.917682     5.6298     5.7390     0.8814    94.4385 1.0000e-12  -74.17530 -113.34460  26.886988      99.86 1.8739e+03    106.767       2563  1027.5598  1027.5587    33.8303    33.8289    8.41097         31 0.0000e+00
     71.000     70.253    -1.5370  26.914727    -1.5345  26.915617     5.6125     5.7158     0.7539    94.0443 1.0000e-12  -74.17530 -113.34460  26.887003      99.85 1.8733e+03    108.069       2595  1027.5656  1027.5642    33.8311    33.8295    8.41208         31 0.0000e+00
     72.000     71.243    -1.5410  26.912224    -1.5401  26.911975     5.6058     5.7021     0.5999    94.3176 1.0000e-12  -74.17530 -113.34460  26.887018      99.86 1.8716e+03    109.343       2625  1027.5709  1027.5698    33.8315    33.8301    8.41296         31 0.0000e+00
     73.000     72.231    -1.5411  26.912645    -1.5401  26.912503     5.6062     5.7083     0.9645    94.3485 1.0000e-12  -74.17530 -113.34460  26.887032      99.86 1.8716e+03    110.586       2655  1027.5758  1027.5747    33.8316    33.8302    8.41299         29 0.0000e+00
     74.000     73.221    -1.5410  26.913076    -1.5401  26.912821     5.6003     5.7010     0.6276    94.7652 1.0000e-12  -74.17530 -113.34460  26.887046      91.19 1.8735e+03    111.818       2685  1027.5805  1027.5793    33.8314    33.8301    8.41297         30 0.0000e+00
     75.000     74.210    -1.5411  26.913639    -1.5400  26.913512     5.6078     5.7021     0.5687    94.6041 1.0000e-12  -74.17530 -113.34460  26.887061      99.90 1.8734e+03    113.049       2714  1027.5855  1027.5843    33.8317    33.8303    8.41298         29 0.0000e+00
     76.000     75.199    -1.5407  26.914574    -1.5396  26.914486     5.6054     5.7033     0.6188    94.5171 1.0000e-12  -74.17530 -113.34460  26.887075      99.86 1.8727e+03    114.280       2744  1027.5904  1027.5892    33.8320    33.8305    8.41288         30 0.0000e+00
     77.000     76.189    -1.5406  26.915185    -1.5392  26.915289     5.6087     5.7011     0.6598    94.2597 1.0000e-12  -74.17530 -113.34460  26.887089      99.86 1.8728e+03    115.495       2773  1027.5953  1027.5941    33.8320    33.8306    8.41285         29 0.0000e+00
     78.000     77.178    -1.5388  26.917908    -1.5376  26.917757     5.6031     5.6985     0.7676    94.5453 1.0000e-12  -74.17530 -113.34460  26.887103      99.85 1.8734e+03    116.697       2802  1027.6008  1027.5996    33.8331    33.8316    8.41237         28 0.0000e+00
     79.000     78.167    -1.5389  26.918208    -1.5378  26.918048     5.6066     5.6976     0.5697    94.0119 1.0000e-12  -74.17530 -113.34460  26.887117      99.87 1.8757e+03    117.872       2830  1027.6056  1027.6044    33.8330    33.8315    8.41240         28 0.0000e+00
     80.000     79.158    -1.5392  26.918167    -1.5382  26.917870     5.6007     5.6927     0.4810    94.5847 1.0000e-12  -74.17530 -113.34460  26.887130      99.86 1.8772e+03    119.046       2858  1027.6101  1027.6089    33.8326    33.8311    8.41249         29 0.0000e+00
     81.000     80.146    -1.5381  26.920041    -1.5365  26.920285     5.6030     5.6973     0.5205    94.8639 1.0000e-12  -74.17530 -113.34460  26.887144      99.85 1.8805e+03    120.229       2886  1027.6154  1027.6142    33.8333    33.8319    8.41219         28 0.0000e+00
     82.000     81.135    -1.5381  26.920444    -1.5370  26.920427     5.6008     5.6960     0.4888    94.4730 1.0000e-12  -74.17530 -113.34460  26.887158      99.87 1.8826e+03    121.413       2915  1027.6202  1027.6191    33.8333    33.8320    8.41220         29 0.0000e+00
     83.000     82.124    -1.5381  26.920801    -1.5373  26.920535     5.5971     5.6892     0.6586    94.8785 1.0000e-12  -74.17530 -113.34460  26.887171      99.86 1.8856e+03    122.598       2943  1027.6250  1027.6238    33.8332    33.8319    8.41222         28 0.0000e+00
     84.000     83.115    -1.5373  26.922058    -1.5362  26.921970     5.5932     5.6823     0.8846    94.9622 1.0000e-12  -74.17530 -113.34460  26.887185      99.86 1.8869e+03    123.783       2972  1027.6298  1027.6287    33.8333    33.8320    8.41201         29 0.0000e+00
     85.000     84.103    -1.5350  26.925084    -1.5341  26.924817     5.5916     5.6847     0.5587    95.0479 1.0000e-12  -74.17530 -113.34460  26.887199      97.18 1.8898e+03    124.966       3000  1027.6353  1027.6341    33.8344    33.8329    8.41145         28 0.0000e+00
     86.000     85.092    -1.5345  26.926139    -1.5336  26.925797     5.5913     5.6785     0.4946    94.7964 1.0000e-12  -74.17530 -113.34460  26.887213      98.01 1.8898e+03    126.165       3029  1027.6403  1027.6391    33.8346    33.8331    8.41132         29 0.0000e+00
     87.000     86.081    -1.5342  26.927037    -1.5333  26.926667     5.5913     5.6851     0.4440    94.7311 1.0000e-12  -74.17530 -113.34460  26.887227      99.87 1.8898e+03    127.375       3058  1027.6454  1027.6440    33.8349    33.8333    8.41124         29 0.0000e+00
     88.000     87.071    -1.5320  26.930311    -1.5309  26.929955     5.6002     5.6896     0.3886    94.8473 1.0000e-12  -74.17530 -113.34460  26.887240      99.86 1.8898e+03    128.552       3086  1027.6512  1027.6498    33.8363    33.8346    8.41065         28 0.0000e+00
     89.000     88.060    -1.5293  26.933449    -1.5298  26.931495     5.5994     5.6945     0.4596    94.6338 1.0000e-12  -74.17530 -113.34460  26.887254      99.86 1.8898e+03    129.714       3114  1027.6564  1027.6547    33.8369    33.8348    8.41000         27 0.0000e+00
     90.000     89.050    -1.5301  26.932849    -1.5285  26.933452     5.6006     5.6988     0.3488    94.8287 1.0000e-12  -74.17530 -113.34460  26.887267      99.87 1.8898e+03    130.868       3142  1027.6608  1027.6599    33.8364    33.8353    8.41021         28 0.0000e+00
     91.000     90.038    -1.5296  26.934218    -1.5276  26.934989     5.5994     5.6972     0.3295    94.7048 1.0000e-12  -74.17530 -113.34460  26.887280      99.86 1.8898e+03    132.022       3170  1027.6661  1027.6651    33.8371    33.8359    8.41006         28 0.0000e+00
     92.000     91.028    -1.5269  26.937616    -1.5264  26.936600     5.6009     5.6838     0.2504    94.9096 1.0000e-12  -74.17530 -113.34460  26.887294      99.86 1.8896e+03    133.185       3197  1027.6716  1027.6700    33.8381    33.8361    8.40939         28 0.0000e+00
     93.000     92.015    -1.5263  26.939158    -1.5248  26.939398     5.5965     5.6886     0.3439    94.8723 1.0000e-12  -74.17530 -113.34460  26.887308      99.87 1.8887e+03    134.374       3226  1027.6771  1027.6759    33.8388    33.8375    8.40920         29 0.0000e+00
     94.000     93.007    -1.5261  26.940013    -1.5254  26.939141     5.5926     5.6910     0.7518    94.7430 1.0000e-12  -74.17530 -113.34460  26.887321      99.87 1.8881e+03    135.572       3255  1027.6822  1027.6806    33.8392    33.8372    8.40914         29 0.0000e+00
     95.000     93.994    -1.5266  26.939819    -1.5259  26.939101     5.5878     5.6855     0.6528    94.6437 1.0000e-12  -74.17530 -113.34460  26.887335      99.87 1.8888e+03    136.775       3284  1027.6867  1027.6853    33.8388    33.8371    8.40926         29 0.0000e+00
     96.000     94.985    -1.5244  26.943105    -1.5235  26.942728     5.5900     5.6782     0.2996    94.9991 1.0000e-12  -74.17530 -113.34460  26.887349      90.44 1.8890e+03    137.964       3312  1027.6926  1027.6914    33.8403    33.8387    8.40869         28 0.0000e+00
     97.000     95.974    -1.5242  26.944091    -1.5238  26.942808     5.5890     5.6787     0.3301    94.7737 1.0000e-12  -74.17530 -113.34460  26.887363      99.72 1.8888e+03    139.129       3340  1027.6978  1027.6961    33.8408    33.8386    8.40861         28 0.0000e+00
     98.000     96.962    -1.5235  26.945367    -1.5226  26.945071     5.5787     5.6718     0.3734    94.9697 1.0000e-12  -74.17530 -113.34460  26.887376      99.87 1.8882e+03    140.296       3368  1027.7030  1027.7017    33.8411    33.8396    8.40843         28 0.0000e+00
     99.000     97.951    -1.5216  26.948400    -1.5207  26.947859     5.5709     5.6730     0.4143    94.9918 1.0000e-12  -74.17530 -113.34460  26.887390      99.86 1.8893e+03    141.477       3396  1027.7088  1027.7073    33.8426    33.8407    8.40792         28 0.0000e+00
    100.000     98.942    -1.5218  26.948490    -1.5213  26.947594     5.5723     5.6734     0.3050    94.7497 1.0000e-12  -74.17530 -113.34460  26.887404      99.86 1.8902e+03    142.675       3425  1027.7134  1027.7119    33.8423    33.8404    8.40798         29 0.0000e+00
    101.000     99.930    -1.5221  26.948846    -1.5211  26.948331     5.5616     5.6622     0.4385    94.7515 1.0000e-12  -74.17530 -113.34460  26.887417      99.87 1.8914e+03    143.867       3454  1027.7185  1027.7169    33.8425    33.8406    8.40804         29 0.0000e+00
    102.000    100.919    -1.5147  26.957190    -1.5154  26.955088     5.5426     5.6393     0.2919    95.1308 1.0000e-12  -74.17530 -113.34460  26.887431      99.86 1.8924e+03    145.039       3482  1027.7249  1027.7231    33.8450    33.8428    8.40622         27 0.0000e+00
    103.000    101.909    -1.5041  26.970291    -1.5003  26.971826     5.5310     5.6217     0.2700    95.1538 1.0000e-12  -74.17530 -113.34460  26.887444      99.87 1.8946e+03    146.193       3510  1027.7335  1027.7315    33.8504    33.8482    8.40350         28 0.0000e+00
    104.000    102.897    -1.4733  27.001817    -1.4730  27.000025     5.5271     5.6210     0.2567    95.0360 1.0000e-12  -74.17530 -113.34460  26.887458      99.87 1.8964e+03    147.336       3537  1027.7429  1027.7407    33.8583    33.8555    8.39606         28 0.0000e+00
    105.000    103.887    -1.4634  27.013107    -1.4614  27.013360     5.5229     5.6182     0.1529    95.1994 1.0000e-12  -74.17530 -113.34460  26.887471      99.86 1.8981e+03    148.512       3565  1027.7504  1027.7487    33.8621    33.8601    8.39361         28 0.0000e+00
    106.000    104.875    -1.4606  27.016390    -1.4604  27.015245     5.5258     5.6215     0.1384    95.2383 1.0000e-12  -74.17530 -113.34460  26.887485      99.86 1.9007e+03    149.715       3594  1027.7558  1027.7544    33.8628    33.8610    8.39293         29 0.0000e+00
    107.000    105.866    -1.4636  27.013973    -1.4624  27.013655     5.5057     5.6011     0.0841    95.0750 1.0000e-12  -74.17530 -113.34460  26.887499      99.63 1.9011e+03    150.915       3623  1027.7606  1027.7591    33.8622    33.8604    8.39364         29 0.0000e+00
    108.000    106.854    -1.4577  27.019980    -1.4514  27.024354     5.4598     5.5585     0.1336    95.0637 1.0000e-12  -74.17530 -113.34460  26.887513      99.65 1.9017e+03    152.092       3651  1027.7659  1027.7646    33.8631    33.8620    8.39225         28 0.0000e+00
    109.000    107.844    -1.4221  27.054118    -1.4138  27.059173     5.4231     5.5313     0.0853    95.2941 1.0000e-12  -74.17530 -113.34460  26.887526      99.86 1.9018e+03    153.251       3679  1027.7737  1027.7711    33.8693    33.8667    8.38388         27 0.0000e+00
    110.000    108.832    -1.3969  27.077451    -1.3943  27.077868     5.4039     5.5076     0.0817    95.1854 1.0000e-12  -74.17530 -113.34460  26.887539      99.87 1.9022e+03    154.410       3707  1027.7795  1027.7775    33.8721    33.8697    8.37802         29 0.0000e+00
    111.000    109.822    -1.3897  27.084135    -1.3907  27.081859     5.3872     5.4851     0.0872    95.2242 1.0000e-12  -74.17530 -113.34459  26.887553      99.87 1.9021e+03    155.607       3736  1027.7846  1027.7831    33.8726    33.8705    8.37638         29 0.0000e+00
    112.000    110.810    -1.3769  27.098627    -1.3728  27.100104     5.3796     5.4753     0.0681    95.2887 1.0000e-12  -74.17530 -113.34459  26.887568      99.87 1.9025e+03    156.833       3765  1027.7929  1027.7905    33.8774    33.8747    8.37323         29 0.0000e+00
    113.000    111.801    -1.3692  27.106332    -1.3680  27.105720     5.3731     5.4764     0.0388    95.2234 1.0000e-12  -74.17530 -113.34459  26.887581      99.87 1.9036e+03    158.024       3794  1027.7985  1027.7967    33.8786    33.8765    8.37141         28 0.0000e+00
    114.000    112.786    -1.3659  27.109662    -1.3652  27.108694     5.3750     5.4771     0.0127    95.3111 1.0000e-12  -74.17530 -113.34460  26.887595      99.87 1.9050e+03    159.177       3821  1027.8036  1027.8019    33.8789    33.8768    8.37066         28 0.0000e+00
    115.000    113.781    -1.3625  27.113025    -1.3626  27.111282     5.3872     5.4800     0.0162    95.2204 1.0000e-12  -74.17530 -113.34458  26.887608      99.87 1.9040e+03    160.322       3849  1027.8085  1027.8068    33.8790    33.8767    8.36990         25 0.0000e+00
    116.000    114.767    -1.3654  27.110602    -1.3655  27.109421     5.3971     5.4879     0.0265    95.2845 1.0000e-12  -74.17530 -113.34459  26.887621      99.87 1.9039e+03    161.490       3877  1027.8133  1027.8120    33.8784    33.8768    8.37059         29 0.0000e+00
    117.000    115.757    -1.3700  27.107534    -1.3683  27.107383     5.3974     5.4861     0.0301    95.2966 1.0000e-12  -74.17530 -113.34459  26.887635      99.86 1.9034e+03    162.700       3906  1027.8188  1027.8170    33.8787    33.8765    8.37160         29 0.0000e+00
    118.000    116.744    -1.3669  27.110550    -1.3658  27.110078     5.3973     5.4824     0.0386    95.3388 1.0000e-12  -74.17530 -113.34460  26.887650      93.11 1.9039e+03    163.928       3935  1027.8235  1027.8220    33.8787    33.8768    8.37089         29 0.0000e+00
    119.000    117.735    -1.3696  27.108354    -1.3678  27.108569     5.3862     5.4760     0.0434    95.3357 1.0000e-12  -74.17530 -113.34460  26.887664      99.48 1.9039e+03    165.132       3964  1027.8282  1027.8267    33.8782    33.8764    8.37154         29 0.0000e+00
    120.000    118.724    -1.3705  27.108126    -1.3669  27.109691     5.3823     5.4730     0.0190    95.3670 1.0000e-12  -74.17530 -113.34460  26.887677      99.87 1.9034e+03    166.310       3992  1027.8332  1027.8315    33.8782    33.8763    8.37173         28 0.0000e+00
    121.000    119.713    -1.3701  27.108752    -1.3693  27.108222     5.3848     5.4837     0.0245    95.3717 1.0000e-12  -74.17530 -113.34460  26.887691      99.87 1.9020e+03    167.479       4021  1027.8379  1027.8365    33.8780    33.8763    8.37166         28 0.0000e+00
    122.000    120.702    -1.3813  27.099071    -1.3778  27.101140     5.4011     5.4878    -0.0123    95.3947 1.0000e-12  -74.17530 -113.34460  26.887704      99.87 1.9012e+03    168.651       4049  1027.8425  1027.8414    33.8767    33.8757    8.37425         28 0.0000e+00
    123.000    121.690    -1.3870  27.095160    -1.3848  27.095652     5.4040     5.4901     0.0134    95.3465 1.0000e-12  -74.17530 -113.34460  26.887718      99.87 1.9006e+03    169.830       4077  1027.8480  1027.8464    33.8772    33.8753    8.37551         29 0.0000e+00
    124.000    122.679    -1.3888  27.094138    -1.3874  27.094023     5.4141     5.5026     0.0215    95.3901 1.0000e-12  -74.17530 -113.34460  26.887732      99.87 1.8992e+03    171.023       4106  1027.8529  1027.8514    33.8772    33.8754    8.37591         29 0.0000e+00
