ocean_section_plots/required_files/ctd/dnbp2202_ctd104.cnv
* Sea-Bird SBE 9 Data File:
* FileName = D:\Data\raw\NBP2202_CTD104.hex
* Software Version Seasave V 7.26.7.121
* Temperature SN = 1649
* Conductivity SN = 2513
* Number of Bytes Per Scan = 40
* Number of Voltage Words = 5
* Number of Scans Averaged by the Deck Unit = 1
* NMEA Latitude = 74 10.52 S
* NMEA Longitude = 113 20.65 W
* NMEA UTC (Time) = Jan 27 2022  04:23:20
* NMEA baud rate = 9600
** Ship: RVIB N.B. Palmer
** Cruise: NBP2202 Thwaites
** Station: YoYo001
** Operator: B. Bjork
# nquan = 25
# nvalues = 607                         
# units = specified
# name 0 = prDM: Pressure, Digiquartz [db]
# name 1 = depSM: Depth [salt water, m]
# name 2 = t090C: Temperature [ITS-90, deg C]
# name 3 = c0mS/cm: Conductivity [mS/cm]
# name 4 = t190C: Temperature, 2 [ITS-90, deg C]
# name 5 = c1mS/cm: Conductivity, 2 [mS/cm]
# name 6 = sbeox0ML/L: Oxygen, SBE 43 [ml/l]
# name 7 = sbeox1ML/L: Oxygen, SBE 43, 2 [ml/l]
# name 8 = flECO-AFL: Fluorescence, WET Labs ECO-AFL/FL [mg/m^3]
# name 9 = CStarTr0: Beam Transmission, WET Labs C-Star [%]
# name 10 = par: PAR/Irradiance, Biospherical/Licor
# name 11 = latitude: Latitude [deg]
# name 12 = longitude: Longitude [deg]
# name 13 = timeJ: Julian Days
# name 14 = altM: Altimeter [m]
# name 15 = spar: SPAR, Biospherical/Licor
# name 16 = timeS: Time, Elapsed [seconds]
# name 17 = scan: Scan Count
# name 18 = density00: Density [density, kg/m^3]
# name 19 = density11: Density, 2 [density, kg/m^3]
# name 20 = sal00: Salinity, Practical [PSU]
# name 21 = sal11: Salinity, Practical, 2 [PSU]
# name 22 = oxsolML/L: Oxygen Saturation, Garcia & Gordon [ml/l]
# name 23 = nbin: number of scans per bin
# name 24 = flag: flag
# span 0 =     10.000,    616.000       
# span 1 =      9.899,    608.720       
# span 2 =    -1.4899,     0.1085       
# span 3 =  26.955404,  28.944205       
# span 4 =    -1.4888,     0.1106       
# span 5 =  26.955119,  28.943628       
# span 6 =     4.7047,     9.2613       
# span 7 =     4.7785,     9.0385       
# span 8 =    -0.0225,    24.9818       
# span 9 =    69.1793,    95.5295       
# span 10 = 1.0000e-12, 6.4262e+00      
# span 11 =  -74.17536,  -74.17536      
# span 12 = -113.34428, -113.34424      
# span 13 =  27.183218,  27.191728      
# span 14 =       8.63,     100.33      
# span 15 = 2.2210e+02, 2.5209e+02      
# span 16 =     30.043,    765.337      
# span 17 =        722,      18369      
# span 18 =  1027.2153,  1030.5202      
# span 19 =  1027.2118,  1030.5179      
# span 20 =    33.7883,    34.3853      
# span 21 =    33.7858,    34.3825      
# span 22 =    8.02198,    8.40221      
# span 23 =         21,         63      
# span 24 = 0.0000e+00, 0.0000e+00      
# interval = decibars: 1                
# start_time = Jan 27 2022 04:23:20 [NMEA time, header]
# bad_flag = -9.990e-29
*END*
[from data line 174]
    184.000    182.014    -1.0111  27.527421    -1.0055  27.529751     5.1624     5.2618    -0.0147    95.4883 1.0000e-12  -74.17536 -113.34426  27.186114      99.87 2.4225e+02    280.228       6726  1028.2289  1028.2261    34.0056    34.0025    8.28421         24 0.0000e+00
    185.000    183.003    -0.9877  27.548517    -0.9856  27.548268     5.1505     5.2501    -0.0147    95.4894 1.0000e-12  -74.17536 -113.34428  27.186125      99.87 2.4343e+02    281.228       6750  1028.2335  1028.2312    34.0072    34.0045    8.27894         24 0.0000e+00
    186.000    183.992    -0.9768  27.558866    -0.9752  27.558211     5.1436     5.2457    -0.0176    95.4996 1.0000e-12  -74.17536 -113.34426  27.186137      99.87 2.4257e+02    282.223       6774  1028.2386  1028.2365    34.0084    34.0057    8.27647         23 0.0000e+00
    187.000    184.981    -0.9702  27.565932    -0.9683  27.565602     5.1416     5.2408    -0.0203    95.5088 1.0000e-12  -74.17536 -113.34428  27.186148      99.87 2.4195e+02    283.196       6798  1028.2443  1028.2423    34.0099    34.0074    8.27493         24 0.0000e+00
    188.000    185.970    -0.9701  27.566551    -0.9684  27.565846     5.1295     5.2348    -0.0154    95.5023 1.0000e-12  -74.17536 -113.34426  27.186159      92.14 2.4305e+02    284.180       6821  1028.2495  1028.2471    34.0101    34.0073    8.27491         24 0.0000e+00
    189.000    186.959    -0.9647  27.571965    -0.9633  27.571236     5.1235     5.2273    -0.0211    95.4984 1.0000e-12  -74.17536 -113.34428  27.186171      99.83 2.4205e+02    285.161       6845  1028.2546  1028.2524    34.0108    34.0081    8.27368         23 0.0000e+00
    190.000    187.947    -0.9573  27.579644    -0.9556  27.579059     5.1135     5.2074    -0.0066    95.4969 1.0000e-12  -74.17536 -113.34426  27.186182      99.87 2.4166e+02    286.140       6868  1028.2601  1028.2579    34.0122    34.0094    8.27196         24 0.0000e+00
    191.000    188.937    -0.9417  27.595227    -0.9403  27.594442     5.1061     5.2027     0.0018    95.4983 1.0000e-12  -74.17536 -113.34428  27.186194      99.87 2.4305e+02    287.126       6892  1028.2664  1028.2641    34.0152    34.0124    8.26836         23 0.0000e+00
    192.000    189.925    -0.9269  27.611596    -0.9237  27.612339     5.1109     5.2028    -0.0115    95.4947 1.0000e-12  -74.17536 -113.34426  27.186205      99.87 2.4194e+02    288.112       6916  1028.2743  1028.2720    34.0200    34.0174    8.26481         24 0.0000e+00
    193.000    190.913    -0.9196  27.619506    -0.9179  27.619054     5.1295     5.2191    -0.0140    95.5050 1.0000e-12  -74.17536 -113.34428  27.186216      99.87 2.4151e+02    289.083       6939  1028.2803  1028.2782    34.0219    34.0194    8.26310         23 0.0000e+00
    194.000    191.902    -0.9269  27.613739    -0.9279  27.611370     5.1518     5.2512    -0.0138    95.5065 1.0000e-12  -74.17536 -113.34426  27.186227      99.87 2.4298e+02    290.058       6962  1028.2857  1028.2841    34.0218    34.0196    8.26472         24 0.0000e+00
    195.000    192.891    -0.9339  27.609084    -0.9308  27.609696     5.1712     5.2679    -0.0099    95.5006 1.0000e-12  -74.17536 -113.34428  27.186239      99.87 2.4167e+02    291.039       6986  1028.2918  1028.2895    34.0226    34.0200    8.26619         23 0.0000e+00
    196.000    193.879    -0.9456  27.599492    -0.9496  27.595109     5.1847     5.2704    -0.0020    95.4927 1.0000e-12  -74.17536 -113.34428  27.186250      99.87 2.4115e+02    292.007       7009  1028.2972  1028.2965    34.0223    34.0209    8.26880         24 0.0000e+00
    197.000    194.867    -0.9567  27.591171    -0.9548  27.591099     5.1931     5.2805    -0.0017    95.5015 1.0000e-12  -74.17536 -113.34428  27.186261      99.87 2.4286e+02    292.980       7033  1028.3033  1028.3015    34.0228    34.0207    8.27120         23 0.0000e+00
    198.000    195.858    -0.9562  27.592149    -0.9550  27.591353     5.1931     5.2874    -0.0138    95.5039 1.0000e-12  -74.17536 -113.34427  27.186273      99.87 2.4197e+02    293.964       7056  1028.3082  1028.3063    34.0230    34.0206    8.27109         23 0.0000e+00
    199.000    196.846    -0.9556  27.594092    -0.9539  27.593792     5.1936     5.2847    -0.0215    95.5153 1.0000e-12  -74.17536 -113.34426  27.186284      99.87 2.4127e+02    294.928       7079  1028.3141  1028.3122    34.0244    34.0221    8.27088         23 0.0000e+00
    200.000    197.835    -0.9554  27.594465    -0.9531  27.594763     5.1957     5.2851    -0.0146    95.5128 1.0000e-12  -74.17536 -113.34426  27.186295      99.87 2.4167e+02    295.891       7102  1028.3186  1028.3167    34.0241    34.0218    8.27086         23 0.0000e+00
    201.000    198.822    -0.9541  27.595330    -0.9531  27.594831     5.1997     5.2876    -0.0141    95.5054 1.0000e-12  -74.17536 -113.34426  27.186306      99.87 2.4196e+02    296.868       7126  1028.3226  1028.3210    34.0232    34.0213    8.27063         24 0.0000e+00
    202.000    199.812    -0.9559  27.594810    -0.9551  27.593911     5.1943     5.2894    -0.0147    95.5028 1.0000e-12  -74.17536 -113.34426  27.186317      95.30 2.4121e+02    297.830       7149  1028.3281  1028.3263    34.0238    34.0217    8.27098         23 0.0000e+00
    203.000    200.800    -0.9547  27.596876    -0.9547  27.595062     5.1986     5.2981    -0.0147    95.4983 1.0000e-12  -74.17536 -113.34426  27.186329      99.88 2.4136e+02    298.794       7172  1028.3334  1028.3315    34.0247    34.0222    8.27066         23 0.0000e+00
    204.000    201.788    -0.9591  27.594237    -0.9592  27.592885     5.2265     5.3161    -0.0079    95.5006 1.0000e-12  -74.17536 -113.34426  27.186340      99.87 2.4190e+02    299.763       7195  1028.3391  1028.3378    34.0254    34.0237    8.27158         23 0.0000e+00
    205.000    202.777    -0.9526  27.599287    -0.9528  27.598078     5.2604     5.3429    -0.0025    95.5108 1.0000e-12  -74.17536 -113.34426  27.186351      99.87 2.4057e+02    300.727       7218  1028.3426  1028.3415    34.0244    34.0229    8.27022         23 0.0000e+00
    206.000    203.767    -0.9716  27.588246    -0.9698  27.588303     5.2874     5.3677    -0.0146    95.4844 1.0000e-12  -74.17536 -113.34426  27.186362      99.87 2.4090e+02    301.685       7241  1028.3535  1028.3518    34.0302    34.0282    8.27406         23 0.0000e+00
    207.000    204.755    -0.9800  27.582443    -0.9777  27.582775     5.2998     5.3810    -0.0141    95.4978 1.0000e-12  -74.17536 -113.34426  27.186373      99.87 2.4180e+02    302.638       7264  1028.3595  1028.3577    34.0311    34.0290    8.27585         24 0.0000e+00
    208.000    205.744    -0.9889  27.576238    -0.9864  27.576622     5.3109     5.3959    -0.0217    95.5185 1.0000e-12  -74.17536 -113.34426  27.186384      99.87 2.4016e+02    303.600       7287  1028.3657  1028.3637    34.0321    34.0298    8.27775         22 0.0000e+00
    209.000    206.733    -0.9893  27.576694    -0.9887  27.575558     5.3208     5.4053    -0.0095    95.5128 1.0000e-12  -74.17536 -113.34426  27.186395      99.86 2.4075e+02    304.552       7310  1028.3708  1028.3690    34.0327    34.0304    8.27782         23 0.0000e+00
    210.000    207.720    -0.9949  27.572651    -0.9904  27.574760     5.3243     5.4137    -0.0116    95.5172 1.0000e-12  -74.17536 -113.34426  27.186406      99.87 2.4151e+02    305.513       7333  1028.3760  1028.3739    34.0328    34.0306    8.27904         24 0.0000e+00
    211.000    208.710    -0.9982  27.570788    -0.9956  27.571255     5.3137     5.4083    -0.0150    95.5256 1.0000e-12  -74.17536 -113.34426  27.186417      99.87 2.4016e+02    306.470       7356  1028.3814  1028.3794    34.0333    34.0311    8.27972         22 0.0000e+00
    212.000    209.698    -0.9968  27.572513    -0.9950  27.572262     5.2995     5.4011    -0.0147    95.5128 1.0000e-12  -74.17536 -113.34426  27.186428      99.87 2.4044e+02    307.420       7379  1028.3861  1028.3842    34.0335    34.0312    8.27941         23 0.0000e+00
    213.000    210.688    -0.9936  27.575545    -0.9926  27.574667     5.2940     5.3995    -0.0125    95.4995 1.0000e-12  -74.17536 -113.34426  27.186440      99.87 2.4143e+02    308.375       7402  1028.3906  1028.3886    34.0335    34.0312    8.27872         23 0.0000e+00
    214.000    211.676    -0.9872  27.580964    -0.9864  27.580022     5.2911     5.3897    -0.0074    95.5028 1.0000e-12  -74.17536 -113.34426  27.186451      99.87 2.3998e+02    309.335       7425  1028.3944  1028.3926    34.0329    34.0308    8.27733         23 0.0000e+00
    215.000    212.665    -0.9871  27.581590    -0.9868  27.580556     5.2943     5.3941    -0.0068    95.5050 1.0000e-12  -74.17536 -113.34426  27.186462      99.87 2.4013e+02    310.283       7448  1028.3993  1028.3979    34.0331    34.0314    8.27730         23 0.0000e+00
    216.000    213.653    -0.9878  27.581510    -0.9867  27.580650     5.2969     5.3937    -0.0216    95.5205 1.0000e-12  -74.17536 -113.34426  27.186473      97.64 2.4134e+02    311.237       7471  1028.4041  1028.4021    34.0331    34.0307    8.27745         23 0.0000e+00
    217.000    214.643    -0.9898  27.580450    -0.9883  27.580019     5.3006     5.3946    -0.0095    95.5163 1.0000e-12  -74.17536 -113.34426  27.186484      99.84 2.4015e+02    312.197       7494  1028.4092  1028.4073    34.0334    34.0311    8.27788         23 0.0000e+00
    218.000    215.629    -0.9908  27.580150    -0.9900  27.579314     5.3090     5.4077    -0.0173    95.5140 1.0000e-12  -74.17536 -113.34426  27.186495      99.87 2.3991e+02    313.141       7516  1028.4142  1028.4125    34.0335    34.0315    8.27810         22 0.0000e+00
    219.000    216.618    -0.9933  27.578970    -0.9919  27.578437     5.3098     5.4078    -0.0225    95.5061 1.0000e-12  -74.17536 -113.34426  27.186506      99.87 2.4083e+02    314.093       7539  1028.4196  1028.4176    34.0341    34.0318    8.27862         23 0.0000e+00
    220.000    217.606    -0.9957  27.577134    -0.9944  27.576755     5.3028     5.4000    -0.0224    95.5107 1.0000e-12  -74.17536 -113.34426  27.186517      99.87 2.4067e+02    315.053       7562  1028.4241  1028.4225    34.0337    34.0317    8.27917         23 0.0000e+00
    221.000    218.595    -0.9941  27.579677    -0.9914  27.579969     5.2972     5.3932    -0.0208    95.5073 1.0000e-12  -74.17536 -113.34426  27.186528      99.87 2.3976e+02    315.992       7585  1028.4295  1028.4272    34.0347    34.0320    8.27874         23 0.0000e+00
    222.000    219.585    -0.9858  27.586604    -0.9853  27.585467     5.2965     5.3914    -0.0147    95.5023 1.0000e-12  -74.17536 -113.34426  27.186538      99.87 2.4086e+02    316.929       7607  1028.4333  1028.4316    34.0342    34.0320    8.27696         22 0.0000e+00
    223.000    220.574    -0.9875  27.585864    -0.9852  27.586120     5.3041     5.4050     0.0019    95.5028 1.0000e-12  -74.17536 -113.34425  27.186550      99.88 2.4036e+02    317.878       7630  1028.4384  1028.4365    34.0344    34.0321    8.27731         23 0.0000e+00
    224.000    221.562    -0.9908  27.583592    -0.9888  27.583733     5.3147     5.4125    -0.0195    95.5093 1.0000e-12  -74.17536 -113.34425  27.186560      99.87 2.3975e+02    318.819       7653  1028.4435  1028.4417    34.0345    34.0324    8.27804         22 0.0000e+00
    225.000    222.549    -0.9926  27.582541    -0.9931  27.580709     5.3138     5.4125    -0.0105    95.5027 1.0000e-12  -74.17536 -113.34425  27.186571      99.87 2.3998e+02    319.762       7675  1028.4483  1028.4468    34.0344    34.0325    8.27843         23 0.0000e+00
    226.000    223.539    -0.9981  27.578606    -0.9973  27.577516     5.3112     5.4108    -0.0067    95.5062 1.0000e-12  -74.17536 -113.34425  27.186582      99.87 2.4052e+02    320.718       7698  1028.4537  1028.4518    34.0347    34.0324    8.27964         23 0.0000e+00
    227.000    224.527    -0.9960  27.581206    -0.9943  27.580846     5.3050     5.4016    -0.0099    95.5151 1.0000e-12  -74.17536 -113.34425  27.186593      99.87 2.3975e+02    321.661       7721  1028.4587  1028.4568    34.0352    34.0329    8.27913         23 0.0000e+00
    228.000    225.517    -0.9861  27.590813    -0.9872  27.588095     5.2896     5.3959    -0.0163    95.5198 1.0000e-12  -74.17536 -113.34425  27.186604      72.45 2.3975e+02    322.600       7743  1028.4638  1028.4620    34.0365    34.0341    8.27688         22 0.0000e+00
    229.000    226.503    -0.9859  27.591711    -0.9842  27.591549     5.2748     5.3816    -0.0211    95.5050 1.0000e-12  -74.17536 -113.34425  27.186615      90.39 2.3975e+02    323.542       7766  1028.4689  1028.4671    34.0369    34.0348    8.27682         23 0.0000e+00
    230.000    227.495    -0.9815  27.595578    -0.9813  27.594507     5.2583     5.3601    -0.0224    95.5022 1.0000e-12  -74.17536 -113.34424  27.186626      99.91 2.3975e+02    324.483       7789  1028.4731  1028.4717    34.0366    34.0348    8.27586         22 0.0000e+00
    231.000    228.482    -0.9633  27.613807    -0.9584  27.615868     5.2450     5.3402    -0.0156    95.4938 1.0000e-12  -74.17536 -113.34426  27.186637      99.87 2.3975e+02    325.426       7811  1028.4795  1028.4769    34.0402    34.0374    8.27164         23 0.0000e+00
    232.000    229.469    -0.9555  27.620793    -0.9504  27.623174     5.2336     5.3326    -0.0022    95.5108 1.0000e-12  -74.17536 -113.34424  27.186648      99.87 2.3975e+02    326.384       7834  1028.4839  1028.4816    34.0402    34.0378    8.26993         23 0.0000e+00
    233.000    230.459    -0.9449  27.630419    -0.9432  27.630070     5.2277     5.3308    -0.0039    95.4994 1.0000e-12  -74.17536 -113.34426  27.186659      99.87 2.3975e+02    327.341       7857  1028.4884  1028.4864    34.0407    34.0383    8.26756         23 0.0000e+00
    234.000    231.447    -0.9436  27.632204    -0.9411  27.632515     5.2296     5.3273    -0.0105    95.4928 1.0000e-12  -74.17536 -113.34424  27.186670      99.87 2.3975e+02    328.288       7880  1028.4935  1028.4914    34.0411    34.0387    8.26726         23 0.0000e+00
    235.000    232.435    -0.9426  27.633508    -0.9408  27.633386     5.2258     5.3266    -0.0168    95.4883 1.0000e-12  -74.17536 -113.34426  27.186681      99.87 2.4051e+02    329.237       7903  1028.4983  1028.4965    34.0411    34.0389    8.26703         23 0.0000e+00
    236.000    233.425    -0.9430  27.633693    -0.9408  27.633763     5.2204     5.3229    -0.0207    95.4894 1.0000e-12  -74.17536 -113.34424  27.186692      99.87 2.3975e+02    330.184       7925  1028.5033  1028.5013    34.0412    34.0388    8.26712         22 0.0000e+00
    237.000    234.414    -0.9418  27.635330    -0.9398  27.635110     5.2227     5.3240    -0.0151    95.4971 1.0000e-12  -74.17536 -113.34426  27.186703      99.87 2.3967e+02    331.116       7948  1028.5083  1028.5061    34.0415    34.0389    8.26684         23 0.0000e+00
    238.000    235.400    -0.9379  27.639351    -0.9367  27.638562     5.2183     5.3173    -0.0143    95.4941 1.0000e-12  -74.17536 -113.34426  27.186714      99.87 2.4039e+02    332.058       7970  1028.5133  1028.5112    34.0419    34.0395    8.26596         22 0.0000e+00
    239.000    236.390    -0.9383  27.639222    -0.9376  27.637958     5.2059     5.3161    -0.0083    95.4748 1.0000e-12  -74.17536 -113.34426  27.186725      99.87 2.3975e+02    333.002       7993  1028.5178  1028.5158    34.0415    34.0390    8.26606         23 0.0000e+00
    240.000    237.378    -0.9419  27.636558    -0.9401  27.636135     5.1785     5.2960    -0.0123    95.3983 1.0000e-12  -74.17536 -113.34426  27.186735      99.87 2.3975e+02    333.935       8015  1028.5228  1028.5207    34.0414    34.0388    8.26686         22 0.0000e+00
