ocean_section_plots/required_files/ctd/dnbp2202_ctd073.cnv
* Sea-Bird SBE 9 Data File:
* FileName = D:\Data\raw\NBP2202_CTD073.hex
* Software Version Seasave V 7.26.7.121
* Temperature SN = 1649
* Conductivity SN = 2513
* Number of Bytes Per Scan = 40
* Number of Voltage Words = 5
* Number of Scans Averaged by the Deck Unit = 1
* NMEA Latitude = 74 00.37 S
* NMEA Longitude = 112 40.94 W
* NMEA UTC (Time) = Jan 26 2022  08:13:33
* NMEA baud rate = 9600
** Ship: RVIB N.B. Palmer
** Cruise: NBP2202 Thwaites
** Station: 54
** Operator: B Bjork
# nquan = 25
# nvalues = 913                         
# units = specified
# name 0 = prDM: Pressure, Digiquartz [db]
# name 1 = depSM: Depth [salt water, m]
# name 2 = t090C: Temperature [ITS-90, deg C]
# name 3 = c0mS/cm: Conductivity [mS/cm]
# name 4 = t190C: Temperature, 2 [ITS-90, deg C]
# name 5 = c1mS/cm: Conductivity, 2 [mS/cm]
# name 6 = sbeox0ML/L: Oxygen, SBE 43 [ml/l]
# name 7 = sbeox1ML/L: Oxygen, SBE 43, 2 [ml/l]
# name 8 = flECO-AFL: Fluorescence, WET Labs ECO-AFL/FL [mg/m^3]
# name 9 = CStarTr0: Beam Transmission, WET Labs C-Star [%]
# name 10 = par: PAR/Irradiance, Biospherical/Licor
# name 11 = latitude: Latitude [deg]
# name 12 = longitude: Longitude [deg]
# name 13 = timeJ: Julian Days
# name 14 = altM: Altimeter [m]
# name 15 = spar: SPAR, Biospherical/Licor
# name 16 = timeS: Time, Elapsed [seconds]
# name 17 = scan: Scan Count
# name 18 = density00: Density [density, kg/m^3]
# name 19 = density11: Density, 2 [density, kg/m^3]
# name 20 = sal00: Salinity, Practical [PSU]
# name 21 = sal11: Salinity, Practical, 2 [PSU]
# name 22 = oxsolML/L: Oxygen Saturation, Garcia & Gordon [ml/l]
# name 23 = nbin: number of scans per bin
# name 24 = flag: flag
# span 0 =      2.000,    914.000       
# span 1 =      1.979,    902.562       
# span 2 =    -1.4876,     0.4537       
# span 3 =  27.077142,  29.481087       
# span 4 =    -1.4885,     0.4560       
# span 5 =  27.077028,  29.481031       
# span 6 =     4.6240,     8.8264       
# span 7 =     4.7219,     9.1228       
# span 8 =    -0.0156,    28.0025       
# span 9 =    66.6195,    95.8318       
# span 10 = -8.695e-06, 2.6488e+01      
# span 11 =  -74.00628,  -74.00626      
# span 12 = -112.68250, -112.68246      
# span 13 =  26.344907,  26.357388      
# span 14 =       4.83,     100.04      
# span 15 = 8.9899e+01, 9.3797e+01      
# span 16 =    186.993,   1265.280      
# span 17 =       4489,      30368      
# span 18 =  1027.1925,  1032.0058      
# span 19 =  1027.1954,  1032.0036      
# span 20 =    33.8094,    34.5320      
# span 21 =    33.8117,    34.5294      
# span 22 =    7.94226,    8.39149      
# span 23 =         20,         66      
# span 24 = 0.0000e+00, 0.0000e+00      
# interval = decibars: 1                
# start_time = Jan 26 2022 08:13:33 [NMEA time, header]
# bad_flag = -9.990e-29
*END*
[from data line 464]
    466.000    460.664     0.0930  28.863217     0.0950  28.862847     4.7374     4.8651     0.0077    95.5502 1.0000e-12  -74.00626 -112.68248  26.351429      99.78 8.9907e+01    750.430      18011  1029.8131  1029.8108    34.3838    34.3811    8.02530         22 0.0000e+00
    467.000    461.650     0.0943  28.865160     0.0963  28.864810     4.7346     4.8693     0.0147    95.5549 1.0000e-12  -74.00626 -112.68248  26.351439      71.72 8.9907e+01    751.358      18034  1029.8181  1029.8158    34.3843    34.3816    8.02500         22 0.0000e+00
    468.000    462.636     0.0947  28.866061     0.0966  28.865592     4.7440     4.8677     0.0216    95.5455 1.0000e-12  -74.00626 -112.68248  26.351450      85.52 8.9907e+01    752.276      18056  1029.8229  1029.8206    34.3844    34.3817    8.02490         22 0.0000e+00
    469.000    463.624     0.0954  28.867134     0.0972  28.866693     4.7438     4.8578     0.0009    95.5432 1.0000e-12  -74.00626 -112.68248  26.351461      97.97 8.9907e+01    753.191      18078  1029.8278  1029.8255    34.3845    34.3819    8.02476         22 0.0000e+00
    470.000    464.613     0.0978  28.870379     0.0998  28.869997     4.7442     4.8581     0.0138    95.5339 1.0000e-12  -74.00626 -112.68248  26.351471      99.45 8.9907e+01    754.096      18099  1029.8331  1029.8308    34.3855    34.3828    8.02420         22 0.0000e+00
    471.000    465.598     0.1008  28.874462     0.1030  28.874221     4.7352     4.8611     0.0179    95.5280 1.0000e-12  -74.00626 -112.68248  26.351482      99.79 8.9907e+01    755.015      18121  1029.8387  1029.8363    34.3869    34.3841    8.02349         22 0.0000e+00
    472.000    466.587     0.1042  28.878457     0.1065  28.878130     4.7329     4.8520     0.0162    95.5217 1.0000e-12  -74.00626 -112.68248  26.351493      99.79 8.9907e+01    755.973      18144  1029.8438  1029.8414    34.3878    34.3849    8.02273         23 0.0000e+00
    473.000    467.575     0.1062  28.880828     0.1081  28.880383     4.7386     4.8509     0.0204    95.5264 1.0000e-12  -74.00626 -112.68248  26.351504      99.79 8.9907e+01    756.937      18167  1029.8488  1029.8464    34.3881    34.3854    8.02230         23 0.0000e+00
    474.000    468.561     0.1068  28.881928     0.1087  28.881422     4.7387     4.8582     0.0143    95.5454 1.0000e-12  -74.00626 -112.68248  26.351515      99.78 8.9907e+01    757.879      18190  1029.8537  1029.8513    34.3883    34.3855    8.02217         23 0.0000e+00
    475.000    469.550     0.1067  28.882114     0.1087  28.881840     4.7398     4.8584     0.0216    95.5479 1.0000e-12  -74.00626 -112.68248  26.351526      99.78 8.9907e+01    758.808      18212  1029.8583  1029.8560    34.3881    34.3855    8.02220         22 0.0000e+00
    476.000    470.537     0.1083  28.884496     0.1101  28.884079     4.7338     4.8598     0.0092    95.5503 1.0000e-12  -74.00626 -112.68248  26.351536      99.79 8.9907e+01    759.733      18235  1029.8635  1029.8613    34.3889    34.3862    8.02182         22 0.0000e+00
    477.000    471.523     0.1112  28.888180     0.1130  28.887686     4.7324     4.8607     0.0163    95.5408 1.0000e-12  -74.00626 -112.68248  26.351547      99.79 8.9907e+01    760.658      18257  1029.8688  1029.8665    34.3899    34.3872    8.02116         22 0.0000e+00
    478.000    472.512     0.1116  28.889455     0.1132  28.888640     4.7367     4.8585     0.0216    95.5140 1.0000e-12  -74.00626 -112.68248  26.351558      99.78 8.9907e+01    761.583      18279  1029.8740  1029.8716    34.3905    34.3876    8.02104         23 0.0000e+00
    479.000    473.498     0.1134  28.892014     0.1153  28.891484     4.7382     4.8522     0.0193    95.5289 1.0000e-12  -74.00626 -112.68248  26.351568      99.79 8.9907e+01    762.506      18301  1029.8792  1029.8769    34.3912    34.3885    8.02062         22 0.0000e+00
    480.000    474.486     0.1155  28.894844     0.1172  28.894229     4.7377     4.8497     0.0150    95.5350 1.0000e-12  -74.00626 -112.68248  26.351579      99.79 8.9907e+01    763.425      18323  1029.8844  1029.8821    34.3921    34.3893    8.02013         22 0.0000e+00
    481.000    475.474     0.1180  28.898021     0.1199  28.897664     4.7287     4.8544     0.0217    95.5551 1.0000e-12  -74.00626 -112.68248  26.351590      95.16 8.9907e+01    764.363      18346  1029.8896  1029.8874    34.3929    34.3903    8.01957         22 0.0000e+00
    482.000    476.461     0.1218  28.902571     0.1234  28.901963     4.7289     4.8555     0.0216    95.5419 1.0000e-12  -74.00626 -112.68248  26.351601      78.91 8.9907e+01    765.302      18368  1029.8949  1029.8927    34.3940    34.3914    8.01871         23 0.0000e+00
    483.000    477.448     0.1239  28.905611     0.1264  28.905540     4.7327     4.8524     0.0273    95.5550 1.0000e-12  -74.00626 -112.68248  26.351612      87.68 8.9907e+01    766.232      18391  1029.9003  1029.8979    34.3950    34.3922    8.01821         22 0.0000e+00
    484.000    478.435     0.1273  28.909640     0.1291  28.909221     4.7344     4.8490     0.0203    95.5599 1.0000e-12  -74.00626 -112.68248  26.351622      48.81 8.9907e+01    767.170      18413  1029.9056  1029.9033    34.3960    34.3934    8.01745         23 0.0000e+00
    485.000    479.423     0.1281  28.911360     0.1300  28.910886     4.7304     4.8506     0.0144    95.5521 1.0000e-12  -74.00626 -112.68248  26.351633      99.35 8.9907e+01    768.117      18436  1029.9109  1029.9086    34.3967    34.3941    8.01723         23 0.0000e+00
    486.000    480.410     0.1292  28.912935     0.1312  28.912688     4.7288     4.8556     0.0163    95.5629 1.0000e-12  -74.00626 -112.68248  26.351644      99.79 8.9907e+01    769.049      18458  1029.9158  1029.9136    34.3970    34.3945    8.01699         22 0.0000e+00
    487.000    481.397     0.1303  28.914733     0.1322  28.914404     4.7300     4.8516     0.0205    95.5643 1.0000e-12  -74.00626 -112.68248  26.351655      99.79 8.9907e+01    769.964      18480  1029.9209  1029.9186    34.3976    34.3950    8.01674         22 0.0000e+00
    488.000    482.385     0.1326  28.917943     0.1345  28.917405     4.7297     4.8537     0.0069    95.5605 1.0000e-12  -74.00626 -112.68248  26.351665      99.78 8.9907e+01    770.876      18502  1029.9263  1029.9239    34.3987    34.3958    8.01619         21 0.0000e+00
    489.000    483.372     0.1346  28.920505     0.1366  28.920302     4.7320     4.8556     0.0144    95.5750 1.0000e-12  -74.00626 -112.68248  26.351676      99.79 8.9907e+01    771.785      18524  1029.9313  1029.9292    34.3992    34.3967    8.01575         22 0.0000e+00
    490.000    484.359     0.1356  28.922242     0.1377  28.922139     4.7324     4.8537     0.0143    95.5748 1.0000e-12  -74.00626 -112.68248  26.351686      99.80 8.9907e+01    772.703      18546  1029.9364  1029.9343    34.3998    34.3973    8.01551         22 0.0000e+00
    491.000    485.346     0.1364  28.924170     0.1383  28.923613     4.7308     4.8540     0.0143    95.5767 1.0000e-12  -74.00626 -112.68248  26.351697      99.79 8.9907e+01    773.626      18568  1029.9419  1029.9395    34.4008    34.3980    8.01528         23 0.0000e+00
    492.000    486.335     0.1366  28.924833     0.1382  28.923988     4.7315     4.8514     0.0143    95.5833 1.0000e-12  -74.00626 -112.68248  26.351708      99.79 8.9907e+01    774.570      18591  1029.9468  1029.9443    34.4009    34.3980    8.01523         23 0.0000e+00
    493.000    487.320     0.1367  28.925272     0.1384  28.924546     4.7302     4.8466     0.0143    95.5729 1.0000e-12  -74.00626 -112.68248  26.351720      99.79 8.9907e+01    775.573      18615  1029.9514  1029.9490    34.4008    34.3980    8.01522         25 0.0000e+00
    494.000    488.310     0.1367  28.925708     0.1386  28.925312     4.7302     4.8468     0.0155    95.5594 1.0000e-12  -74.00626 -112.68248  26.351732      99.79 8.9907e+01    776.627      18640  1029.9561  1029.9539    34.4008    34.3981    8.01522         25 0.0000e+00
    495.000    489.294     0.1370  28.926560     0.1388  28.926101     4.7345     4.8500     0.0207    95.5634 1.0000e-12  -74.00626 -112.68248  26.351744      99.79 8.9907e+01    777.646      18665  1029.9610  1029.9588    34.4009    34.3983    8.01514         24 0.0000e+00
    496.000    490.284     0.1370  28.927058     0.1389  28.926797     4.7293     4.8501     0.0144    95.5798 1.0000e-12  -74.00626 -112.68248  26.351755      82.23 8.9907e+01    778.608      18688  1029.9658  1029.9637    34.4011    34.3986    8.01514         23 0.0000e+00
    497.000    491.270     0.1369  28.927555     0.1389  28.927237     4.7309     4.8511     0.0074    95.5768 1.0000e-12  -74.00626 -112.68248  26.351766      98.98 8.9907e+01    779.563      18711  1029.9707  1029.9684    34.4012    34.3986    8.01516         23 0.0000e+00
    498.000    492.258     0.1383  28.929972     0.1401  28.929367     4.7383     4.8510     0.0069    95.4332 1.0000e-12  -74.00626 -112.68248  26.351777      99.78 8.9907e+01    780.543      18734  1029.9761  1029.9738    34.4023    34.3995    8.01480         24 0.0000e+00
    499.000    493.245     0.1419  28.934574     0.1439  28.934127     4.7339     4.8476     0.0172    95.3004 1.0000e-12  -74.00626 -112.68248  26.351789      99.79 8.9907e+01    781.555      18758  1029.9817  1029.9793    34.4037    34.4009    8.01397         24 0.0000e+00
    500.000    494.232     0.1471  28.940450     0.1489  28.939863     4.7284     4.8444     0.0262    95.5791 1.0000e-12  -74.00626 -112.68248  26.351801      99.79 8.9907e+01    782.580      18783  1029.9870  1029.9847    34.4050    34.4023    8.01281         25 0.0000e+00
    501.000    495.219     0.1533  28.946953     0.1553  28.946580     4.7258     4.8416     0.0199    95.5985 1.0000e-12  -74.00626 -112.68248  26.351813      99.79 8.9907e+01    783.620      18808  1029.9921  1029.9897    34.4061    34.4034    8.01146         25 0.0000e+00
    502.000    496.207     0.1555  28.949579     0.1573  28.949082     4.7235     4.8492     0.0181    95.6006 1.0000e-12  -74.00626 -112.68248  26.351825      99.78 8.9907e+01    784.677      18833  1029.9970  1029.9947    34.4065    34.4038    8.01098         25 0.0000e+00
    503.000    497.194     0.1554  28.950010     0.1573  28.949681     4.7179     4.8493     0.0148    95.5956 1.0000e-12  -74.00626 -112.68248  26.351837      99.79 8.9907e+01    785.688      18858  1030.0018  1029.9996    34.4065    34.4040    8.01099         23 0.0000e+00
    504.000    498.182     0.1557  28.950628     0.1575  28.950252     4.7177     4.8459     0.0088    95.6036 1.0000e-12  -74.00626 -112.68248  26.351848      99.79 8.9907e+01    786.634      18880  1030.0064  1030.0043    34.4065    34.4039    8.01094         23 0.0000e+00
    505.000    499.169     0.1557  28.951220     0.1577  28.950830     4.7250     4.8413     0.0143    95.6170 1.0000e-12  -74.00626 -112.68248  26.351858      99.79 8.9907e+01    787.564      18903  1030.0113  1030.0090    34.4066    34.4039    8.01092         22 0.0000e+00
    506.000    500.157     0.1557  28.951612     0.1577  28.951395     4.7266     4.8384     0.0143    95.6094 1.0000e-12  -74.00626 -112.68248  26.351870      99.79 8.9907e+01    788.535      18926  1030.0160  1030.0138    34.4065    34.4040    8.01092         24 0.0000e+00
    507.000    501.142     0.1557  28.952120     0.1578  28.951755     4.7208     4.8416     0.0217    95.6193 1.0000e-12  -74.00626 -112.68248  26.351881      99.79 8.9907e+01    789.554      18950  1030.0208  1030.0185    34.4066    34.4039    8.01092         25 0.0000e+00
    508.000    502.130     0.1563  28.953135     0.1585  28.952918     4.7223     4.8441     0.0072    95.6017 1.0000e-12  -74.00626 -112.68248  26.351893      82.35 8.9907e+01    790.580      18975  1030.0255  1030.0232    34.4067    34.4040    8.01079         25 0.0000e+00
    509.000    503.117     0.1565  28.953698     0.1583  28.953242     4.7249     4.8448     0.0063    95.6128 1.0000e-12  -74.00626 -112.68249  26.351905      80.02 8.9907e+01    791.609      19000  1030.0302  1030.0280    34.4066    34.4040    8.01076         25 0.0000e+00
    510.000    504.106     0.1567  28.954257     0.1586  28.953805     4.7178     4.8449     0.0133    95.6170 1.0000e-12  -74.00626 -112.68249  26.351917      96.80 8.9907e+01    792.635      19024  1030.0349  1030.0326    34.4066    34.4039    8.01072         24 0.0000e+00
    511.000    505.092     0.1582  28.956292     0.1599  28.955769     4.7206     4.8418     0.0085    95.5823 1.0000e-12  -74.00626 -112.68249  26.351929      99.78 8.9907e+01    793.623      19048  1030.0398  1030.0377    34.4070    34.4045    8.01038         23 0.0000e+00
    512.000    506.079     0.1603  28.959353     0.1624  28.958892     4.7203     4.8351     0.0066    95.5991 1.0000e-12  -74.00626 -112.68249  26.351940      99.79 8.9907e+01    794.582      19071  1030.0452  1030.0427    34.4081    34.4051    8.00988         23 0.0000e+00
    513.000    507.067     0.1639  28.963615     0.1660  28.963309     4.7099     4.8329     0.0139    95.6137 1.0000e-12  -74.00626 -112.68249  26.351951      99.79 8.9907e+01    795.554      19094  1030.0505  1030.0480    34.4091    34.4063    8.00908         24 0.0000e+00
    514.000    508.053     0.1668  28.967265     0.1688  28.966868     4.7136     4.8359     0.0213    95.5862 1.0000e-12  -74.00626 -112.68249  26.351963      99.79 8.9907e+01    796.585      19119  1030.0556  1030.0533    34.4100    34.4073    8.00841         25 0.0000e+00
    515.000    509.042     0.1683  28.969262     0.1703  28.968916     4.7226     4.8376     0.0187    95.5966 1.0000e-12  -74.00626 -112.68249  26.351975      99.79 8.9907e+01    797.633      19144  1030.0606  1030.0583    34.4104    34.4078    8.00808         25 0.0000e+00
    516.000    510.027     0.1686  28.970038     0.1706  28.969664     4.7174     4.8344     0.0143    95.6148 1.0000e-12  -74.00626 -112.68249  26.351986      99.78 8.9907e+01    798.625      19168  1030.0654  1030.0631    34.4105    34.4078    8.00802         23 0.0000e+00
    517.000    511.014     0.1694  28.971595     0.1714  28.971155     4.7181     4.8344     0.0143    95.6212 1.0000e-12  -74.00626 -112.68249  26.351998      99.79 8.9907e+01    799.590      19191  1030.0705  1030.0681    34.4111    34.4082    8.00782         24 0.0000e+00
    518.000    512.003     0.1731  28.976076     0.1751  28.975698     4.7188     4.8335     0.0134    95.6224 1.0000e-12  -74.00626 -112.68249  26.352009      99.79 8.9907e+01    800.588      19215  1030.0758  1030.0735    34.4122    34.4095    8.00698         24 0.0000e+00
    519.000    512.990     0.1741  28.977545     0.1760  28.977129     4.7210     4.8341    -0.0007    95.5850 1.0000e-12  -74.00626 -112.68249  26.352021      99.78 9.0273e+01    801.600      19239  1030.0807  1030.0784    34.4125    34.4098    8.00677         24 0.0000e+00
    520.000    513.976     0.1755  28.979686     0.1774  28.979201     4.7212     4.8366    -0.0017    95.6115 1.0000e-12  -74.00626 -112.68249  26.352032      99.79 9.0367e+01    802.586      19263  1030.0858  1030.0835    34.4132    34.4104    8.00643         23 0.0000e+00
    521.000    514.965     0.1771  28.981690     0.1787  28.981031     4.7193     4.8371    -0.0007    95.6343 1.0000e-12  -74.00626 -112.68249  26.352044      99.79 9.0200e+01    803.566      19287  1030.0907  1030.0884    34.4134    34.4107    8.00609         24 0.0000e+00
    522.000    515.952     0.1780  28.983307     0.1799  28.982806     4.7117     4.8306     0.0042    95.6159 1.0000e-12  -74.00626 -112.68249  26.352055      71.65 8.9905e+01    804.569      19311  1030.0957  1030.0934    34.4139    34.4112    8.00586         24 0.0000e+00
