ocean_section_plots/required_files/ctd/dnbp2202_ctd024.cnv
* Sea-Bird SBE 9 Data File:
* FileName = D:\Data\raw\NBP2202_CTD024.hex
* Software Version Seasave V 7.26.7.121
* Temperature SN = 1649
* Conductivity SN = 2513
* Number of Bytes Per Scan = 40
* Number of Voltage Words = 5
* Number of Scans Averaged by the Deck Unit = 1
* NMEA Latitude = 74 12.90 S
* NMEA Longitude = 112 30.07 W
* NMEA UTC (Time) = Jan 20 2022  20:13:07
* NMEA baud rate = 9600
** Ship: RVIB N.B. Palmer
** Cruise: NBP2202 Thwaites
** Station: 15
** Operator: A. Robinson
** Glider calibration cast
# nquan = 25
# nvalues = 1130                        
# units = specified
# name 0 = prDM: Pressure, Digiquartz [db]
# name 1 = depSM: Depth [salt water, m]
# name 2 = t090C: Temperature [ITS-90, deg C]
# name 3 = c0mS/cm: Conductivity [mS/cm]
# name 4 = t190C: Temperature, 2 [ITS-90, deg C]
# name 5 = c1mS/cm: Conductivity, 2 [mS/cm]
# name 6 = sbeox0ML/L: Oxygen, SBE 43 [ml/l]
# name 7 = sbeox1ML/L: Oxygen, SBE 43, 2 [ml/l]
# name 8 = flECO-AFL: Fluorescence, WET Labs ECO-AFL/FL [mg/m^3]
# name 9 = CStarTr0: Beam Transmission, WET Labs C-Star [%]
# name 10 = par: PAR/Irradiance, Biospherical/Licor
# name 11 = latitude: Latitude [deg]
# name 12 = longitude: Longitude [deg]
# name 13 = timeJ: Julian Days
# name 14 = altM: Altimeter [m]
# name 15 = spar: SPAR, Biospherical/Licor
# name 16 = timeS: Time, Elapsed [seconds]
# name 17 = scan: Scan Count
# name 18 = density00: Density [density, kg/m^3]
# name 19 = density11: Density, 2 [density, kg/m^3]
# name 20 = sal00: Salinity, Practical [PSU]
# name 21 = sal11: Salinity, Practical, 2 [PSU]
# name 22 = oxsolML/L: Oxygen Saturation, Garcia & Gordon [ml/l]
# name 23 = nbin: number of scans per bin
# name 24 = flag: flag
# span 0 =      1.000,   1130.000       
# span 1 =      1.002,   1115.266       
# span 2 =    -1.4816,     0.5092       
# span 3 =  27.088472,  29.635497       
# span 4 =    -1.4807,     0.5112       
# span 5 =  27.088372,  29.635438       
# span 6 =     4.5713,     7.7911       
# span 7 =     4.8102,     8.2208       
# span 8 =    -0.0162,    12.4436       
# span 9 =    79.4401,    98.3565       
# span 10 = 1.0000e-12, 2.4029e+03      
# span 11 =  -74.21508,  -74.21504      
# span 12 = -112.50134, -112.50126      
# span 13 =  20.845256,  20.861808      
# span 14 =       3.42,     100.29      
# span 15 = 1.5498e+03, 2.2093e+03      
# span 16 =    243.139,   1673.186      
# span 17 =       5836,      40157      
# span 18 =  1027.1828,  1033.0195      
# span 19 =  1027.1874,  1033.0175      
# span 20 =    33.7967,    34.5501      
# span 21 =    33.8016,    34.5479      
# span 22 =    7.92987,    8.38864      
# span 23 =         11,         46      
# span 24 = 0.0000e+00, 0.0000e+00      
# interval = decibars: 1                
# start_time = Jan 20 2022 20:13:07 [NMEA time, header]
# bad_flag = -9.990e-29
*END*
[from data line 290]
    291.000    287.786    -1.3447  27.342279    -1.3447  27.340050     6.0547     6.4281     0.0525    97.9721 1.0000e-12  -74.21506 -112.50132  20.850236      99.85 1.9877e+03    673.410      16163  1028.8008  1028.7984    34.0645    34.0615    8.35489         27 0.0000e+00
    292.000    288.773    -1.3111  27.374118    -1.3089  27.373723     6.0347     6.4092     0.0868    98.0217 1.0000e-12  -74.21506 -112.50132  20.850250      86.98 2.0047e+03    674.567      16191  1028.8076  1028.8050    34.0694    34.0663    8.34708         27 0.0000e+00
    293.000    289.762    -1.3033  27.381171    -1.3024  27.380317     6.0279     6.3986     0.1347    98.0944 1.0000e-12  -74.21506 -112.50132  20.850263      94.90 2.0179e+03    675.724      16218  1028.8124  1028.8106    34.0696    34.0674    8.34533         28 0.0000e+00
    294.000    290.750    -1.3034  27.381649    -1.3008  27.382111     6.0345     6.4055     0.1757    97.9681 1.0000e-12  -74.21506 -112.50132  20.850276      99.89 2.0296e+03    676.883      16246  1028.8177  1028.8157    34.0698    34.0674    8.34534         27 0.0000e+00
    295.000    291.739    -1.3036  27.381698    -1.3013  27.382033     6.0381     6.4030     0.1547    98.0211 1.0000e-12  -74.21506 -112.50132  20.850290      99.85 2.0402e+03    678.041      16274  1028.8225  1028.8207    34.0694    34.0673    8.34540         28 0.0000e+00
    296.000    292.726    -1.3026  27.383002    -1.3009  27.382793     6.0335     6.3982     0.1647    97.9384 1.0000e-12  -74.21506 -112.50132  20.850303      99.85 2.0502e+03    679.181      16301  1028.8275  1028.8257    34.0694    34.0672    8.34517         27 0.0000e+00
    297.000    293.715    -1.2988  27.386657    -1.2972  27.386557     6.0273     6.3933     0.1646    97.7960 1.0000e-12  -74.21506 -112.50132  20.850316      99.85 2.0602e+03    680.302      16328  1028.8324  1028.8308    34.0695    34.0676    8.34432         27 0.0000e+00
    298.000    294.703    -1.2956  27.390231    -1.2921  27.391449     6.0148     6.3779     0.1430    97.9396 1.0000e-12  -74.21506 -112.50132  20.850329      99.85 2.0725e+03    681.440      16356  1028.8377  1028.8356    34.0702    34.0679    8.34357         28 0.0000e+00
    299.000    295.690    -1.2848  27.400638    -1.2852  27.398252     5.9984     6.3611     0.1489    97.9285 1.0000e-12  -74.21506 -112.50132  20.850343      99.84 2.0857e+03    682.620      16384  1028.8430  1028.8408    34.0715    34.0687    8.34107         29 0.0000e+00
    300.000    296.680    -1.2763  27.408918    -1.2739  27.409433     5.9953     6.3540     0.2125    97.9165 1.0000e-12  -74.21506 -112.50132  20.850356      99.85 2.0981e+03    683.790      16412  1028.8483  1028.8466    34.0726    34.0706    8.33911         27 0.0000e+00
    301.000    297.667    -1.2718  27.414036    -1.2711  27.413046     5.9990     6.3510     0.2663    97.5997 1.0000e-12  -74.21506 -112.50132  20.850370      99.85 2.1065e+03    684.928      16439  1028.8540  1028.8522    34.0739    34.0717    8.33803         28 0.0000e+00
    302.000    298.655    -1.2707  27.416291    -1.2695  27.415745     5.9967     6.3510     0.2896    97.8606 1.0000e-12  -74.21506 -112.50132  20.850383      99.85 2.1126e+03    686.081      16467  1028.8599  1028.8581    34.0751    34.0730    8.33771         27 0.0000e+00
    303.000    299.644    -1.2704  27.417481    -1.2689  27.417166     5.9863     6.3402     0.2926    97.8249 1.0000e-12  -74.21506 -112.50132  20.850396      77.72 2.1153e+03    687.239      16495  1028.8654  1028.8636    34.0758    34.0737    8.33761         28 0.0000e+00
    304.000    300.632    -1.2634  27.425389    -1.2615  27.425143     5.9784     6.3343     0.2794    97.7181 1.0000e-12  -74.21506 -112.50132  20.850409      92.38 2.1173e+03    688.375      16522  1028.8716  1028.8695    34.0780    34.0755    8.33591         27 0.0000e+00
    305.000    301.621    -1.2565  27.432927    -1.2557  27.431877     5.9711     6.3242     0.1953    97.6884 1.0000e-12  -74.21506 -112.50132  20.850423      99.62 2.1196e+03    689.507      16549  1028.8777  1028.8757    34.0800    34.0776    8.33427         27 0.0000e+00
    306.000    302.608    -1.2541  27.435949    -1.2529  27.435168     5.9674     6.3166     0.3478    97.7774 1.0000e-12  -74.21506 -112.50132  20.850436      99.85 2.1222e+03    690.665      16577  1028.8831  1028.8810    34.0808    34.0782    8.33369         29 0.0000e+00
    307.000    303.597    -1.2442  27.446190    -1.2426  27.445605     5.9532     6.3006     0.6460    97.7372 1.0000e-12  -74.21506 -112.50132  20.850449      99.85 2.1230e+03    691.832      16605  1028.8890  1028.8868    34.0829    34.0803    8.33135         27 0.0000e+00
    308.000    304.584    -1.2382  27.452601    -1.2369  27.451906     5.9436     6.2959     0.1859    97.7075 1.0000e-12  -74.21506 -112.50132  20.850463      99.85 2.1250e+03    692.980      16633  1028.8946  1028.8926    34.0842    34.0818    8.32993         28 0.0000e+00
    309.000    305.574    -1.2285  27.462456    -1.2270  27.461829     5.9332     6.2897     0.2525    97.4880 1.0000e-12  -74.21506 -112.50132  20.850476      99.85 2.1277e+03    694.130      16660  1028.9004  1028.8982    34.0860    34.0835    8.32765         28 0.0000e+00
    310.000    306.561    -1.2244  27.466564    -1.2231  27.465951     5.9274     6.2811     0.2038    97.7030 1.0000e-12  -74.21506 -112.50132  20.850490      99.85 2.1287e+03    695.299      16688  1028.9053  1028.9035    34.0864    34.0842    8.32672         28 0.0000e+00
    311.000    307.549    -1.2208  27.470718    -1.2195  27.470080     5.9296     6.2776     0.2824    97.3949 1.0000e-12  -74.21506 -112.50132  20.850503      99.85 2.1299e+03    696.458      16716  1028.9108  1028.9089    34.0874    34.0851    8.32587         27 0.0000e+00
    312.000    308.538    -1.2185  27.473454    -1.2173  27.472862     5.9320     6.2771     0.4022    97.6141 1.0000e-12  -74.21506 -112.50132  20.850516      99.85 2.1307e+03    697.588      16743  1028.9160  1028.9142    34.0879    34.0858    8.32532         27 0.0000e+00
    313.000    309.526    -1.2167  27.475658    -1.2154  27.475215     5.9282     6.2763     0.3777    96.3940 1.0000e-12  -74.21506 -112.50132  20.850529      99.85 2.1314e+03    698.715      16770  1028.9211  1028.9193    34.0883    34.0862    8.32490         28 0.0000e+00
    314.000    310.514    -1.2147  27.478496    -1.2133  27.477913     5.9229     6.2701     0.2487    96.9476 1.0000e-12  -74.21506 -112.50132  20.850542      94.12 2.1313e+03    699.869      16798  1028.9266  1028.9247    34.0893    34.0869    8.32440         27 0.0000e+00
    315.000    311.502    -1.2090  27.486051    -1.2074  27.485619     5.9231     6.2740     0.2158    97.6908 1.0000e-12  -74.21506 -112.50132  20.850556      87.49 2.1313e+03    701.036      16826  1028.9337  1028.9318    34.0925    34.0902    8.32294         28 0.0000e+00
    316.000    312.490    -1.2066  27.489463    -1.2051  27.489060     5.9224     6.2816     0.1964    97.6259 1.0000e-12  -74.21506 -112.50132  20.850569      98.55 2.1313e+03    702.182      16853  1028.9396  1028.9377    34.0938    34.0917    8.32232         28 0.0000e+00
    317.000    313.478    -1.2080  27.489330    -1.2066  27.488841     5.9274     6.2798     0.2639    97.6095 1.0000e-12  -74.21506 -112.50132  20.850582      99.84 2.1313e+03    703.325      16881  1028.9452  1028.9433    34.0947    34.0924    8.32259         27 0.0000e+00
    318.000    314.466    -1.2068  27.491906    -1.2054  27.491332     5.9368     6.2849     0.4397    97.4875 1.0000e-12  -74.21506 -112.50132  20.850596      99.85 2.1313e+03    704.498      16909  1028.9512  1028.9492    34.0962    34.0938    8.32223         28 0.0000e+00
    319.000    315.456    -1.2073  27.493013    -1.2062  27.492439     5.9410     6.2845     0.8065    97.7271 1.0000e-12  -74.21506 -112.50132  20.850609      99.85 2.1304e+03    705.652      16937  1028.9573  1028.9556    34.0976    34.0956    8.32225         28 0.0000e+00
    320.000    316.442    -1.2062  27.495920    -1.2048  27.495462     5.9367     6.2818     0.4216    97.3181 1.0000e-12  -74.21506 -112.50132  20.850623      99.85 2.1296e+03    706.787      16964  1028.9638  1028.9619    34.0998    34.0975    8.32189         27 0.0000e+00
    321.000    317.430    -1.2009  27.501878    -1.2000  27.500920     5.9292     6.2726     0.3681    97.6555 1.0000e-12  -74.21506 -112.50132  20.850636      99.83 2.1286e+03    707.948      16992  1028.9695  1028.9675    34.1013    34.0989    8.32062         29 0.0000e+00
    322.000    318.419    -1.1933  27.509551    -1.1923  27.508736     5.9238     6.2721     0.3678    97.7105 1.0000e-12  -74.21506 -112.50132  20.850650      99.84 2.1276e+03    709.125      17020  1028.9748  1028.9729    34.1026    34.1003    8.31886         27 0.0000e+00
    323.000    319.407    -1.1910  27.513469    -1.1897  27.512896     5.9229     6.2792     0.2933    97.6335 1.0000e-12  -74.21506 -112.50132  20.850663      99.84 2.1267e+03    710.261      17047  1028.9812  1028.9793    34.1047    34.1024    8.31823         27 0.0000e+00
    324.000    320.395    -1.1904  27.515016    -1.1890  27.514523     5.9263     6.2789     0.2390    97.5525 1.0000e-12  -74.21506 -112.50132  20.850676      99.85 2.1260e+03    711.385      17074  1028.9867  1028.9848    34.1055    34.1033    8.31804         27 0.0000e+00
    325.000    321.382    -1.1904  27.516008    -1.1891  27.515460     5.9291     6.2778     0.3753    97.5722 1.0000e-12  -74.21506 -112.50132  20.850689      84.09 2.1250e+03    712.516      17101  1028.9922  1028.9903    34.1063    34.1040    8.31800         28 0.0000e+00
    326.000    322.373    -1.1904  27.517441    -1.1890  27.516861     5.9283     6.2791     0.3867    97.4565 1.0000e-12  -74.21506 -112.50132  20.850702      88.96 2.1243e+03    713.651      17129  1028.9980  1028.9960    34.1075    34.1052    8.31791         27 0.0000e+00
    327.000    323.359    -1.1899  27.518731    -1.1886  27.518064     5.9337     6.2875     0.2901    97.6292 1.0000e-12  -74.21506 -112.50132  20.850715      99.48 2.1243e+03    714.805      17156  1029.0033  1029.0013    34.1081    34.1058    8.31777         28 0.0000e+00
    328.000    324.347    -1.1906  27.519219    -1.1892  27.518709     5.9367     6.2839     0.2600    97.7203 1.0000e-12  -74.21506 -112.50132  20.850729      99.85 2.1243e+03    715.978      17184  1029.0088  1029.0070    34.1090    34.1068    8.31787         28 0.0000e+00
    329.000    325.335    -1.1906  27.520127    -1.1893  27.519483     5.9392     6.2853     0.3007    97.6620 1.0000e-12  -74.21506 -112.50132  20.850742      99.84 2.1247e+03    717.135      17212  1029.0142  1029.0122    34.1096    34.1073    8.31784         28 0.0000e+00
    330.000    326.324    -1.1880  27.524206    -1.1858  27.524380     5.9389     6.2857     0.1589    97.7258 1.0000e-12  -74.21506 -112.50132  20.850756      99.85 2.1245e+03    718.294      17240  1029.0205  1029.0185    34.1117    34.1094    8.31715         28 0.0000e+00
    331.000    327.312    -1.1859  27.527890    -1.1844  27.527494     5.9389     6.2858     0.1873    97.8219 1.0000e-12  -74.21506 -112.50132  20.850769      99.85 2.1246e+03    719.445      17268  1029.0267  1029.0249    34.1137    34.1114    8.31656         27 0.0000e+00
    332.000    328.300    -1.1859  27.528424    -1.1844  27.528067     5.9365     6.2858     0.3373    97.5590 1.0000e-12  -74.21506 -112.50132  20.850782      99.85 2.1237e+03    720.587      17295  1029.0317  1029.0298    34.1139    34.1116    8.31656         27 0.0000e+00
    333.000    329.287    -1.1853  27.529372    -1.1839  27.528959     5.9351     6.2874     0.4304    97.7090 1.0000e-12  -74.21506 -112.50132  20.850796      99.84 2.1226e+03    721.741      17323  1029.0364  1029.0346    34.1138    34.1116    8.31642         28 0.0000e+00
    334.000    330.276    -1.1857  27.530235    -1.1840  27.530071     5.9326     6.2919     0.1921    97.5928 1.0000e-12  -74.21506 -112.50132  20.850809      99.85 2.1220e+03    722.902      17351  1029.0420  1029.0403    34.1148    34.1127    8.31644         28 0.0000e+00
    335.000    331.263    -1.1815  27.535297    -1.1810  27.533762     5.9246     6.2754     0.2806    96.7669 1.0000e-12  -74.21506 -112.50132  20.850822      99.84 2.1204e+03    724.044      17378  1029.0478  1029.0457    34.1164    34.1137    8.31542         27 0.0000e+00
    336.000    332.252    -1.1775  27.539025    -1.1761  27.538509     5.9112     6.2682     0.2394    97.6743 1.0000e-12  -74.21506 -112.50132  20.850835      99.84 2.1188e+03    725.178      17405  1029.0523  1029.0504    34.1164    34.1140    8.31454         28 0.0000e+00
    337.000    333.240    -1.1647  27.552147    -1.1630  27.551722     5.9097     6.2568     0.1907    97.7321 1.0000e-12  -74.21506 -112.50132  20.850849      85.68 2.1175e+03    726.325      17433  1029.0584  1029.0563    34.1191    34.1165    8.31153         27 0.0000e+00
    338.000    334.228    -1.1647  27.555130    -1.1635  27.554662     5.9165     6.2606     0.1693    97.6162 1.0000e-12  -74.21506 -112.50132  20.850862      94.96 2.1170e+03    727.473      17460  1029.0661  1029.0644    34.1226    34.1205    8.31133         28 0.0000e+00
    339.000    335.216    -1.1635  27.560210    -1.1620  27.559631     5.9126     6.2604     0.1509    97.8505 1.0000e-12  -74.21506 -112.50132  20.850875      99.81 2.1156e+03    728.615      17488  1029.0748  1029.0728    34.1274    34.1251    8.31076         27 0.0000e+00
    340.000    336.204    -1.1635  27.560926    -1.1620  27.560414     5.9166     6.2637     0.1663    97.8205 1.0000e-12  -74.21506 -112.50132  20.850889      99.85 2.1155e+03    729.774      17516  1029.0800  1029.0780    34.1279    34.1255    8.31075         28 0.0000e+00
    341.000    337.192    -1.1639  27.561381    -1.1624  27.560968     5.9300     6.2744     0.2720    97.5054 1.0000e-12  -74.21506 -112.50132  20.850902      99.85 2.1141e+03    730.927      17543  1029.0853  1029.0833    34.1284    34.1260    8.31081         28 0.0000e+00
    342.000    338.181    -1.1733  27.556278    -1.1724  27.555754     5.9411     6.2834     0.2314    97.6926 1.0000e-12  -74.21506 -112.50132  20.850915      99.85 2.1132e+03    732.067      17571  1029.0932  1029.0917    34.1314    34.1296    8.31271         27 0.0000e+00
    343.000    339.168    -1.1830  27.550528    -1.1810  27.550667     5.9453     6.2900     0.1295    97.7938 1.0000e-12  -74.21506 -112.50132  20.850928      99.84 2.1117e+03    733.212      17598  1029.1008  1029.0990    34.1340    34.1319    8.31472         27 0.0000e+00
    344.000    340.155    -1.1836  27.550508    -1.1818  27.550334     5.9418     6.2909     0.1249    97.6583 1.0000e-12  -74.21506 -112.50132  20.850942      99.85 2.1108e+03    734.350      17625  1029.1055  1029.1036    34.1340    34.1317    8.31484         28 0.0000e+00
    345.000    341.144    -1.1829  27.551488    -1.1815  27.551133     5.9451     6.2887     0.1201    97.5372 1.0000e-12  -74.21506 -112.50132  20.850955      99.85 2.1099e+03    735.498      17653  1029.1102  1029.1085    34.1339    34.1318    8.31469         27 0.0000e+00
    346.000    342.131    -1.1839  27.551173    -1.1828  27.550435     5.9571     6.2994     0.1777    97.2754 1.0000e-12  -74.21506 -112.50132  20.850968      99.85 2.1086e+03    736.653      17681  1029.1151  1029.1132    34.1340    34.1318    8.31491         28 0.0000e+00
    347.000    343.121    -1.1903  27.546111    -1.1898  27.545366     5.9700     6.3177     0.1593    97.7476 1.0000e-12  -74.21506 -112.50132  20.850981      99.85 2.1085e+03    737.798      17708  1029.1201  1029.1188    34.1337    34.1322    8.31635         27 0.0000e+00
