ocean_section_plots/required_files/ctd/dnbp2202_ctd231.cnv
* Sea-Bird SBE 9 Data File:
* FileName = D:\Data\raw\NBP2202_CTD231.hex
* Software Version Seasave V 7.26.7.121
* Temperature SN = 1649
* Conductivity SN = 2513
* Number of Bytes Per Scan = 40
* Number of Voltage Words = 5
* Number of Scans Averaged by the Deck Unit = 1
* NMEA Latitude = 73 43.86 S
* NMEA Longitude = 113 45.50 W
* NMEA UTC (Time) = Feb 13 2022  08:12:36
* NMEA baud rate = 9600
** Ship: RVIB N.B. Palmer
** Cruise: NBP2202 Thwaites
** Station: 142
** Operator: B. Bjork
# nquan = 28
# nvalues = 660                         
# units = specified
# name 0 = prDM: Pressure, Digiquartz [db]
# name 1 = depSM: Depth [salt water, m]
# name 2 = t090C: Temperature [ITS-90, deg C]
# name 3 = c0mS/cm: Conductivity [mS/cm]
# name 4 = t190C: Temperature, 2 [ITS-90, deg C]
# name 5 = c1mS/cm: Conductivity, 2 [mS/cm]
# name 6 = sbeox0ML/L: Oxygen, SBE 43 [ml/l]
# name 7 = sbeox1ML/L: Oxygen, SBE 43, 2 [ml/l]
# name 8 = flECO-AFL: Fluorescence, WET Labs ECO-AFL/FL [mg/m^3]
# name 9 = CStarTr0: Beam Transmission, WET Labs C-Star [%]
# name 10 = par: PAR/Irradiance, Biospherical/Licor
# name 11 = latitude: Latitude [deg]
# name 12 = longitude: Longitude [deg]
# name 13 = timeJ: Julian Days
# name 14 = altM: Altimeter [m]
# name 15 = spar: SPAR, Biospherical/Licor
# name 16 = timeS: Time, Elapsed [seconds]
# name 17 = scan: Scan Count
# name 18 = density00: Density [density, kg/m^3]
# name 19 = density11: Density, 2 [density, kg/m^3]
# name 20 = v3: Voltage 3
# name 21 = v4: Voltage 4
# name 22 = v5: Voltage 5
# name 23 = sal00: Salinity, Practical [PSU]
# name 24 = sal11: Salinity, Practical, 2 [PSU]
# name 25 = oxsolML/L: Oxygen Saturation, Garcia & Gordon [ml/l]
# name 26 = nbin: number of scans per bin
# name 27 = flag: flag
# span 0 =      2.000,    661.000       
# span 1 =      1.976,    653.139       
# span 2 =    -1.7649,     0.1524       
# span 3 =  27.087932,  29.017714       
# span 4 =    -1.7644,     0.1542       
# span 5 =  27.088250,  29.017587       
# span 6 =     4.7105,     9.0435       
# span 7 =     4.8661,     9.4407       
# span 8 =    -0.0138,    21.8967       
# span 9 =    77.1380,    97.8099       
# span 10 = -3.844e-05, 2.3739e+00      
# span 11 =  -73.73142,  -73.73104      
# span 12 = -113.76328, -113.75829      
# span 13 =  44.345161,  44.354630      
# span 14 =       2.91,     100.09      
# span 15 = 2.2917e+01, 3.1818e+01      
# span 16 =    265.936,   1084.044      
# span 17 =       6383,      26018      
# span 18 =  1027.1627,  1030.7459      
# span 19 =  1027.1654,  1030.7440      
# span 20 =     3.6607,     4.6399      
# span 21 =     0.0645,     3.5509      
# span 22 =     0.1123,     0.2549      
# span 23 =    33.7816,    34.4073      
# span 24 =    33.7809,    34.4052      
# span 25 =    8.01158,    8.44474      
# span 26 =         21,         46      
# span 27 = 0.0000e+00, 0.0000e+00      
# interval = decibars: 1                
# start_time = Feb 13 2022 08:12:36 [NMEA time, header]
# bad_flag = -9.990e-29
*END*
[from data line 467]
    469.000    463.631    -0.0330  28.730781    -0.0309  28.730665     4.8092     4.9695     0.0155    97.2608 1.0000e-12  -73.73118 -113.76010  44.351451      99.83 2.9610e+01    809.391      19426  1029.8069  1029.8048     4.6139     0.0726     0.1324    34.3481    34.3457    8.05374         24 0.0000e+00
    470.000    464.617    -0.0320  28.732065    -0.0301  28.731925     4.8088     4.9638     0.0192    97.2564 1.0000e-12  -73.73118 -113.76010  44.351463      99.83 3.0273e+01    810.411      19451  1029.8116  1029.8096     4.6137     0.0739     0.1335    34.3482    34.3458    8.05354         24 0.0000e+00
    471.000    465.607    -0.0309  28.733694    -0.0290  28.733593     4.8076     4.9673    -0.0022    97.2477 1.0000e-12  -73.73118 -113.76012  44.351475      99.83 3.1675e+01    811.408      19475  1029.8166  1029.8146     4.6133     0.0729     0.1342    34.3485    34.3462    8.05329         24 0.0000e+00
    472.000    466.593    -0.0307  28.734453    -0.0287  28.734314     4.8122     4.9612     0.0064    97.2322 1.0000e-12  -73.73118 -113.76012  44.351486      99.84 2.9776e+01    812.396      19499  1029.8215  1029.8194     4.6126     0.0709     0.1300    34.3486    34.3462    8.05323         23 0.0000e+00
    473.000    467.581    -0.0294  28.736200    -0.0273  28.736318     4.8099     4.9606     0.0259    97.2274 1.0000e-12  -73.73118 -113.76012  44.351497      99.84 2.9076e+01    813.370      19522  1029.8264  1029.8244     4.6123     0.0732     0.1314    34.3489    34.3467    8.05294         24 0.0000e+00
    474.000    468.567    -0.0286  28.737521    -0.0265  28.737562     4.8029     4.9604     0.0177    97.2370 1.0000e-12  -73.73118 -113.76012  44.351509      99.83 3.1669e+01    814.339      19545  1029.8312  1029.8292     4.6128     0.0712     0.1323    34.3491    34.3468    8.05275         23 0.0000e+00
    475.000    469.556    -0.0286  28.737918    -0.0266  28.737807     4.8010     4.9668     0.0091    97.2457 1.0000e-12  -73.73118 -113.76014  44.351520      99.84 3.0191e+01    815.311      19568  1029.8359  1029.8340     4.6132     0.0715     0.1384    34.3491    34.3467    8.05275         24 0.0000e+00
    476.000    470.543    -0.0282  28.738865    -0.0263  28.738678     4.8054     4.9647     0.0103    97.2101 1.0000e-12  -73.73118 -113.76014  44.351531      99.83 2.9473e+01    816.288      19592  1029.8408  1029.8388     4.6115     0.0709     0.1324    34.3493    34.3469    8.05266         24 0.0000e+00
    477.000    471.528    -0.0272  28.740329    -0.0250  28.740404     4.8063     4.9663     0.0076    97.1682 1.0000e-12  -73.73118 -113.76016  44.351543      73.75 3.1620e+01    817.276      19616  1029.8457  1029.8437     4.6096     0.0682     0.1310    34.3495    34.3472    8.05244         23 0.0000e+00
    478.000    472.518    -0.0260  28.742051    -0.0242  28.741791     4.8073     4.9680    -0.0002    97.2345 1.0000e-12  -73.73118 -113.76016  44.351554      94.82 3.0101e+01    818.263      19639  1029.8507  1029.8486     4.6126     0.0709     0.1336    34.3499    34.3475    8.05217         23 0.0000e+00
    479.000    473.504    -0.0247  28.743956    -0.0227  28.743821     4.8081     4.9659     0.0069    97.2576 1.0000e-12  -73.73118 -113.76018  44.351565      99.30 3.0337e+01    819.232      19663  1029.8556  1029.8536     4.6138     0.0707     0.1326    34.3503    34.3479    8.05186         24 0.0000e+00
    480.000    474.493    -0.0241  28.744895    -0.0222  28.744725     4.8021     4.9644     0.0143    97.2493 1.0000e-12  -73.73118 -113.76018  44.351576      99.83 3.1653e+01    820.207      19686  1029.8603  1029.8583     4.6133     0.0728     0.1334    34.3503    34.3480    8.05174         23 0.0000e+00
    481.000    475.480    -0.0238  28.745553    -0.0218  28.745609     4.8045     4.9690     0.0143    97.2527 1.0000e-12  -73.73118 -113.76018  44.351588      99.84 2.8972e+01    821.212      19710  1029.8651  1029.8632     4.6135     0.0715     0.1325    34.3503    34.3482    8.05169         25 0.0000e+00
    482.000    476.467    -0.0236  28.746100    -0.0217  28.746066     4.8030     4.9687     0.0143    97.2547 1.0000e-12  -73.73118 -113.76018  44.351600      99.84 3.0597e+01    822.245      19735  1029.8697  1029.8678     4.6137     0.0722     0.1333    34.3502    34.3480    8.05165         25 0.0000e+00
    483.000    477.454    -0.0230  28.747185    -0.0211  28.747121     4.8024     4.9649     0.0140    97.2328 1.0000e-12  -73.73118 -113.76020  44.351613      99.83 3.1336e+01    823.326      19761  1029.8745  1029.8727     4.6125     0.0780     0.1418    34.3503    34.3482    8.05151         27 0.0000e+00
    484.000    478.442    -0.0222  28.748527    -0.0204  28.748489     4.8006     4.9665     0.0347    97.1925 1.0000e-12  -73.73120 -113.76022  44.351626      99.83 2.9400e+01    824.480      19789  1029.8794  1029.8777     4.6106     0.0724     0.1342    34.3506    34.3486    8.05132         28 0.0000e+00
    485.000    479.429    -0.0216  28.749668    -0.0197  28.749543     4.8005     4.9635    -0.0012    97.1994 1.0000e-12  -73.73120 -113.76022  44.351639      99.83 2.9513e+01    825.635      19816  1029.8843  1029.8823     4.6110     0.0735     0.1384    34.3509    34.3486    8.05118         27 0.0000e+00
    486.000    480.417    -0.0205  28.751301    -0.0185  28.751306     4.7948     4.9566     0.0140    97.2259 1.0000e-12  -73.73120 -113.76022  44.351652      99.84 3.0942e+01    826.745      19843  1029.8892  1029.8873     4.6122     0.0705     0.1333    34.3512    34.3490    8.05094         27 0.0000e+00
    487.000    481.403    -0.0202  28.751979    -0.0183  28.751998     4.7971     4.9601     0.0143    97.2202 1.0000e-12  -73.73120 -113.76023  44.351665      99.83 3.0293e+01    827.880      19870  1029.8939  1029.8921     4.6120     0.0710     0.1316    34.3512    34.3491    8.05088         28 0.0000e+00
    488.000    482.392    -0.0182  28.754532    -0.0166  28.754272     4.7997     4.9599     0.0129    97.2184 1.0000e-12  -73.73120 -113.76024  44.351679      99.83 2.9443e+01    829.047      19898  1029.8989  1029.8971     4.6119     0.0710     0.1322    34.3518    34.3496    8.05043         27 0.0000e+00
    489.000    483.379    -0.0154  28.758078    -0.0138  28.757680     4.7959     4.9595     0.0039    97.2174 1.0000e-12  -73.73120 -113.76024  44.351692      96.03 3.1346e+01    830.170      19925  1029.9041  1029.9022     4.6118     0.0715     0.1351    34.3527    34.3504    8.04977         27 0.0000e+00
    490.000    484.365    -0.0124  28.761709    -0.0101  28.761976     4.7930     4.9543     0.0010    97.2240 1.0000e-12  -73.73120 -113.76026  44.351705      86.55 3.1146e+01    831.280      19952  1029.9093  1029.9074     4.6121     0.0705     0.1319    34.3536    34.3514    8.04910         27 0.0000e+00
    491.000    485.354    -0.0100  28.764705    -0.0081  28.764871     4.7915     4.9593     0.0083    97.1908 1.0000e-12  -73.73120 -113.76026  44.351718      97.34 2.7951e+01    832.415      19979  1029.9144  1029.9128     4.6106     0.0708     0.1311    34.3542    34.3523    8.04856         27 0.0000e+00
    492.000    486.340    -0.0096  28.765625    -0.0075  28.765579     4.7975     4.9580     0.0102    97.2138 1.0000e-12  -73.73120 -113.76028  44.351731      99.85 3.1504e+01    833.552      20006  1029.9193  1029.9173     4.6117     0.0727     0.1362    34.3544    34.3521    8.04847         27 0.0000e+00
    493.000    487.328    -0.0090  28.766674    -0.0071  28.766515     4.7971     4.9553    -0.0007    97.2108 1.0000e-12  -73.73120 -113.76028  44.351744      99.84 3.1602e+01    834.669      20033  1029.9241  1029.9220     4.6115     0.0708     0.1332    34.3546    34.3522    8.04833         27 0.0000e+00
    494.000    488.317    -0.0088  28.767220    -0.0069  28.767315     4.7908     4.9521    -0.0051    97.2167 1.0000e-12  -73.73120 -113.76029  44.351757      99.84 2.8951e+01    835.786      20060  1029.9287  1029.9270     4.6118     0.0704     0.1376    34.3544    34.3524    8.04829         25 0.0000e+00
    495.000    489.301    -0.0084  28.768055    -0.0066  28.768207     4.7852     4.9560    -0.0053    97.2279 1.0000e-12  -73.73120 -113.76030  44.351770      99.84 3.1403e+01    836.915      20087  1029.9335  1029.9320     4.6124     0.0717     0.1319    34.3546    34.3527    8.04821         27 0.0000e+00
    496.000    490.290    -0.0076  28.769407    -0.0056  28.769692     4.7926     4.9567     0.0062    97.1547 1.0000e-12  -73.73120 -113.76030  44.351783      99.83 3.1471e+01    838.052      20114  1029.9384  1029.9368     4.6088     0.0708     0.1347    34.3548    34.3530    8.04802         27 0.0000e+00
    497.000    491.277    -0.0071  28.770433    -0.0052  28.770526     4.7930     4.9557     0.0055    96.9831 1.0000e-12  -73.73120 -113.76032  44.351796      99.84 2.8455e+01    839.171      20141  1029.9433  1029.9416     4.6008     0.0715     0.1321    34.3550    34.3530    8.04790         27 0.0000e+00
    498.000    492.265    -0.0077  28.770186    -0.0057  28.770398     4.7924     4.9501     0.0094    97.2312 1.0000e-12  -73.73120 -113.76034  44.351809      99.84 3.0804e+01    840.285      20168  1029.9479  1029.9462     4.6125     0.0715     0.1316    34.3548    34.3528    8.04804         27 0.0000e+00
    499.000    493.251    -0.0074  28.770973    -0.0055  28.770925     4.7928     4.9484     0.0103    97.2066 1.0000e-12  -73.73120 -113.76034  44.351822      99.84 3.1224e+01    841.425      20195  1029.9527  1029.9508     4.6113     0.0713     0.1320    34.3549    34.3527    8.04798         28 0.0000e+00
    500.000    494.239    -0.0070  28.771795    -0.0053  28.771318     4.7926     4.9531     0.0102    97.2194 1.0000e-12  -73.73120 -113.76035  44.351835      98.28 2.9506e+01    842.587      20223  1029.9575  1029.9553     4.6119     0.0705     0.1349    34.3549    34.3525    8.04789         27 0.0000e+00
    501.000    495.225    -0.0062  28.773089    -0.0043  28.772888     4.7898     4.9548     0.0059    97.2308 1.0000e-12  -73.73120 -113.76037  44.351848      80.15 3.0620e+01    843.706      20250  1029.9623  1029.9603     4.6124     0.0694     0.1361    34.3552    34.3528    8.04772         27 0.0000e+00
    502.000    496.214    -0.0043  28.775541    -0.0024  28.775685     4.7885     4.9561     0.0067    97.2433 1.0000e-12  -73.73120 -113.76038  44.351861      92.74 2.9901e+01    844.812      20276  1029.9673  1029.9656     4.6131     0.0684     0.1333    34.3557    34.3538    8.04728         26 0.0000e+00
    503.000    497.199    -0.0039  28.776367    -0.0021  28.776193     4.7861     4.9531     0.0048    97.1662 1.0000e-12  -73.73120 -113.76038  44.351875      99.97 3.0163e+01    845.959      20304  1029.9720  1029.9700     4.6095     0.0713     0.1337    34.3558    34.3535    8.04720         28 0.0000e+00
    504.000    498.190    -0.0037  28.777009    -0.0018  28.777113     4.7881     4.9551    -0.0018    97.2072 1.0000e-12  -73.73120 -113.76040  44.351888      99.83 3.0231e+01    847.092      20331  1029.9768  1029.9750     4.6114     0.0711     0.1334    34.3558    34.3539    8.04715         27 0.0000e+00
    505.000    499.175    -0.0038  28.777522    -0.0019  28.777358     4.7881     4.9537     0.0024    97.2027 1.0000e-12  -73.73120 -113.76040  44.351900      99.83 3.1194e+01    848.192      20358  1029.9816  1029.9797     4.6112     0.0713     0.1375    34.3560    34.3537    8.04716         26 0.0000e+00
    506.000    500.163    -0.0036  28.778049    -0.0017  28.778004     4.7901     4.9511     0.0114    97.1974 1.0000e-12  -73.73120 -113.76042  44.351913      99.84 2.9368e+01    849.300      20384  1029.9863  1029.9844     4.6109     0.0715     0.1359    34.3559    34.3537    8.04712         27 0.0000e+00
    507.000    501.150    -0.0033  28.778839    -0.0014  28.778836     4.7839     4.9496     0.0828    97.2242 1.0000e-12  -73.73120 -113.76042  44.351926      99.84 2.9381e+01    850.419      20411  1029.9911  1029.9893     4.6121     0.0712     0.1323    34.3560    34.3539    8.04705         27 0.0000e+00
    508.000    502.138    -0.0028  28.779740    -0.0011  28.779633     4.7873     4.9503     0.0460    97.2426 1.0000e-12  -73.73120 -113.76044  44.351939      99.83 3.0693e+01    851.535      20438  1029.9958  1029.9940     4.6130     0.0747     0.1367    34.3561    34.3540    8.04695         28 0.0000e+00
    509.000    503.124    -0.0027  28.780195    -0.0009  28.780139     4.7842     4.9516     0.0153    97.2109 1.0000e-12  -73.73120 -113.76045  44.351952      99.85 3.0309e+01    852.672      20465  1030.0005  1029.9987     4.6115     0.0735     0.1358    34.3560    34.3539    8.04694         27 0.0000e+00
    510.000    504.111    -0.0033  28.780199    -0.0015  28.779977     4.7872     4.9486     0.0140    97.2364 1.0000e-12  -73.73120 -113.76046  44.351965      99.83 2.8949e+01    853.815      20493  1030.0053  1030.0033     4.6127     0.0704     0.1312    34.3561    34.3537    8.04705         26 0.0000e+00
    511.000    505.099    -0.0026  28.781252    -0.0006  28.781401     4.7835     4.9442     0.0143    97.2375 1.0000e-12  -73.73120 -113.76047  44.351978      99.84 3.0503e+01    854.925      20519  1030.0100  1030.0082     4.6128     0.0722     0.1335    34.3560    34.3540    8.04690         27 0.0000e+00
    512.000    506.086    -0.0014  28.782979     0.0005  28.783028     4.7840     4.9475     0.0014    97.2191 1.0000e-12  -73.73120 -113.76048  44.351991      98.56 2.9274e+01    856.064      20547  1030.0149  1030.0131     4.6119     0.0710     0.1355    34.3564    34.3544    8.04663         28 0.0000e+00
    513.000    507.073    -0.0010  28.783798     0.0006  28.783603     4.7830     4.9495     0.0053    97.1835 1.0000e-12  -73.73120 -113.76050  44.352005      83.99 3.0592e+01    857.224      20574  1030.0196  1030.0179     4.6102     0.0703     0.1457    34.3565    34.3544    8.04655         28 0.0000e+00
    514.000    508.060    -0.0010  28.784246     0.0008  28.784268     4.7848     4.9499    -0.0004    97.1945 1.0000e-12  -73.73120 -113.76050  44.352018      95.22 2.9647e+01    858.370      20602  1030.0243  1030.0226     4.6108     0.0706     0.1331    34.3565    34.3545    8.04655         27 0.0000e+00
    515.000    509.048    -0.0009  28.784794     0.0008  28.784787     4.7856     4.9509    -0.0017    97.2054 1.0000e-12  -73.73122 -113.76053  44.352032      99.85 2.9338e+01    859.525      20630  1030.0290  1030.0274     4.6113     0.0705     0.1362    34.3564    34.3545    8.04652         28 0.0000e+00
    516.000    510.035     0.0013  28.787730     0.0025  28.787092     4.7878     4.9427    -0.0028    97.2137 1.0000e-12  -73.73122 -113.76054  44.352045      99.84 3.0170e+01    860.674      20657  1030.0342  1030.0324     4.6117     0.0699     0.1337    34.3573    34.3551    8.04601         27 0.0000e+00
    517.000    511.023     0.0019  28.788803     0.0039  28.789027     4.7885     4.9395     0.0060    97.2098 1.0000e-12  -73.73122 -113.76054  44.352058      99.84 3.1592e+01    861.785      20684  1030.0391  1030.0373     4.6115     0.0709     0.1354    34.3575    34.3555    8.04588         27 0.0000e+00
    518.000    512.009     0.0031  28.790424     0.0048  28.790429     4.7868     4.9451    -0.0029    97.2106 1.0000e-12  -73.73122 -113.76055  44.352071      99.83 3.0038e+01    862.895      20710  1030.0438  1030.0421     4.6115     0.0759     0.1372    34.3577    34.3557    8.04562         26 0.0000e+00
