ocean_section_plots/required_files/ctd/dnbp2202_ctd054.cnv
* Sea-Bird SBE 9 Data File:
* FileName = D:\Data\raw\NBP2202_CTD054.hex
* Software Version Seasave V 7.26.7.121
* Temperature SN = 1649
* Conductivity SN = 2513
* Number of Bytes Per Scan = 40
* Number of Voltage Words = 5
* Number of Scans Averaged by the Deck Unit = 1
* NMEA Latitude = 74 13.88 S
* NMEA Longitude = 112 30.21 W
* NMEA UTC (Time) = Jan 24 2022  09:47:08
* NMEA baud rate = 9600
** Ship: RVIB N.B. Palmer
** Cruise: NBP2202 Thwaites
** Station: Section Dotson C
** Operator: B Bjork
# nquan = 25
# nvalues = 1110                        
# units = specified
# name 0 = prDM: Pressure, Digiquartz [db]
# name 1 = depSM: Depth [salt water, m]
# name 2 = t090C: Temperature [ITS-90, deg C]
# name 3 = c0mS/cm: Conductivity [mS/cm]
# name 4 = t190C: Temperature, 2 [ITS-90, deg C]
# name 5 = c1mS/cm: Conductivity, 2 [mS/cm]
# name 6 = sbeox0ML/L: Oxygen, SBE 43 [ml/l]
# name 7 = sbeox1ML/L: Oxygen, SBE 43, 2 [ml/l]
# name 8 = flECO-AFL: Fluorescence, WET Labs ECO-AFL/FL [mg/m^3]
# name 9 = CStarTr0: Beam Transmission, WET Labs C-Star [%]
# name 10 = par: PAR/Irradiance, Biospherical/Licor
# name 11 = latitude: Latitude [deg]
# name 12 = longitude: Longitude [deg]
# name 13 = timeJ: Julian Days
# name 14 = altM: Altimeter [m]
# name 15 = spar: SPAR, Biospherical/Licor
# name 16 = timeS: Time, Elapsed [seconds]
# name 17 = scan: Scan Count
# name 18 = density00: Density [density, kg/m^3]
# name 19 = density11: Density, 2 [density, kg/m^3]
# name 20 = sal00: Salinity, Practical [PSU]
# name 21 = sal11: Salinity, Practical, 2 [PSU]
# name 22 = oxsolML/L: Oxygen Saturation, Garcia & Gordon [ml/l]
# name 23 = nbin: number of scans per bin
# name 24 = flag: flag
# span 0 =      2.000,   1111.000       
# span 1 =      1.973,   1096.574       
# span 2 =    -1.5073,     0.5104       
# span 3 =  27.080677,  29.628515       
# span 4 =    -1.5061,     0.5126       
# span 5 =  27.079518,  29.628158       
# span 6 =     4.5727,     8.4488       
# span 7 =     4.7501,     8.8512       
# span 8 =    -0.0186,    24.8066       
# span 9 =    69.3984,    97.0302       
# span 10 = 1.0000e-12, 5.7338e+01      
# span 11 =  -74.23144,  -74.23144      
# span 12 = -112.50358, -112.50354      
# span 13 =  24.410533,  24.427092      
# span 14 =       3.90,     100.12      
# span 15 = 1.5729e+02, 3.6707e+02      
# span 16 =    242.016,   1672.790      
# span 17 =       5809,      40148      
# span 18 =  1027.1830,  1032.9325      
# span 19 =  1027.1844,  1032.9302      
# span 20 =    33.7898,    34.5514      
# span 21 =    33.7906,    34.5488      
# span 22 =    7.92955,    8.39559      
# span 23 =         12,         50      
# span 24 = 0.0000e+00, 0.0000e+00      
# interval = decibars: 1                
# start_time = Jan 24 2022 09:47:08 [NMEA time, header]
# bad_flag = -9.990e-29
*END*
[from data line 928]
    930.000    918.315     0.4610  29.495818     0.4636  29.496407     4.6122     4.7963     0.0038    96.8117 1.0000e-12  -74.23144 -112.50356  24.423967      99.87 1.7453e+02   1402.781      33668  1032.0814  1032.0794    34.5340    34.5319    7.94064         29 0.0000e+00
    931.000    919.301     0.4557  29.491748     0.4577  29.491591     4.6131     4.8011     0.0001    96.8210 1.0000e-12  -74.23144 -112.50356  24.423981      99.86 1.7453e+02   1403.976      33696  1032.0867  1032.0846    34.5340    34.5316    7.94172         28 0.0000e+00
    932.000    920.286     0.4547  29.491344     0.4564  29.490977     4.6162     4.7978    -0.0075    96.8266 1.0000e-12  -74.23144 -112.50354  24.423995      79.49 1.7453e+02   1405.160      33725  1032.0914  1032.0894    34.5340    34.5317    7.94193         28 0.0000e+00
    933.000    921.271     0.4533  29.490717     0.4551  29.490378     4.6167     4.8000     0.0066    96.8498 1.0000e-12  -74.23144 -112.50356  24.424008      93.94 1.7453e+02   1406.328      33753  1032.0964  1032.0943    34.5343    34.5318    7.94222         28 0.0000e+00
    934.000    922.256     0.4499  29.487976     0.4518  29.487898     4.6164     4.7989    -0.0005    96.8607 1.0000e-12  -74.23144 -112.50354  24.424022      99.95 1.7453e+02   1407.496      33781  1032.1011  1032.0991    34.5339    34.5316    7.94293         28 0.0000e+00
    935.000    923.243     0.4494  29.488172     0.4515  29.488017     4.6149     4.7979    -0.0022    96.8643 1.0000e-12  -74.23144 -112.50355  24.424035      99.87 1.7453e+02   1408.654      33809  1032.1060  1032.1038    34.5342    34.5317    7.94302         28 0.0000e+00
    936.000    924.225     0.4506  29.489760     0.4525  29.489535     4.6162     4.7969    -0.0100    96.8688 1.0000e-12  -74.23144 -112.50355  24.424049      99.87 1.7453e+02   1409.808      33836  1032.1106  1032.1085    34.5343    34.5319    7.94276         28 0.0000e+00
    937.000    925.212     0.4502  29.489969     0.4521  29.489776     4.6188     4.7973    -0.0131    96.8993 1.0000e-12  -74.23144 -112.50355  24.424062      99.86 1.7453e+02   1410.971      33864  1032.1154  1032.1133    34.5344    34.5321    7.94283         27 0.0000e+00
    938.000    926.198     0.4496  29.489789     0.4516  29.489650     4.6194     4.8008    -0.0023    96.9156 1.0000e-12  -74.23144 -112.50356  24.424076      99.87 1.7453e+02   1412.138      33892  1032.1200  1032.1180    34.5344    34.5320    7.94297         29 0.0000e+00
    939.000    927.182     0.4488  29.489714     0.4507  29.489436     4.6178     4.8030     0.0035    96.9369 1.0000e-12  -74.23144 -112.50354  24.424089      99.87 1.7453e+02   1413.310      33920  1032.1249  1032.1227    34.5346    34.5321    7.94312         28 0.0000e+00
    940.000    928.167     0.4491  29.490464     0.4509  29.490160     4.6155     4.8018    -0.0044    96.9564 1.0000e-12  -74.23144 -112.50356  24.424103      99.86 1.7453e+02   1414.494      33949  1032.1296  1032.1275    34.5347    34.5322    7.94306         28 0.0000e+00
    941.000    929.154     0.4493  29.491061     0.4512  29.490877     4.6191     4.8032    -0.0085    96.9544 1.0000e-12  -74.23144 -112.50355  24.424117      99.87 1.7453e+02   1415.677      33977  1032.1342  1032.1322    34.5346    34.5323    7.94301         29 0.0000e+00
    942.000    930.138     0.4501  29.492314     0.4520  29.492039     4.6157     4.8034    -0.0077    96.9580 1.0000e-12  -74.23144 -112.50355  24.424130      99.87 1.7453e+02   1416.860      34006  1032.1389  1032.1368    34.5348    34.5324    7.94284         28 0.0000e+00
    943.000    931.124     0.4495  29.492294     0.4517  29.492285     4.6148     4.8033    -0.0077    96.9686 1.0000e-12  -74.23144 -112.50355  24.424144      98.98 1.7453e+02   1418.045      34034  1032.1437  1032.1415    34.5349    34.5324    7.94296         29 0.0000e+00
    944.000    932.107     0.4495  29.492801     0.4515  29.492540     4.6129     4.7946    -0.0077    96.9801 1.0000e-12  -74.23144 -112.50354  24.424158      98.94 1.7453e+02   1419.229      34062  1032.1484  1032.1462    34.5350    34.5324    7.94295         28 0.0000e+00
    945.000    933.094     0.4494  29.493074     0.4515  29.492898     4.6095     4.7939    -0.0077    96.8874 1.0000e-12  -74.23144 -112.50356  24.424171      99.87 1.7424e+02   1420.405      34091  1032.1530  1032.1508    34.5349    34.5324    7.94298         28 0.0000e+00
    946.000    934.078     0.4493  29.493319     0.4512  29.492980     4.6167     4.8005    -0.0072    96.8878 1.0000e-12  -74.23144 -112.50355  24.424185      99.87 1.7404e+02   1421.585      34119  1032.1575  1032.1553    34.5347    34.5322    7.94300         29 0.0000e+00
    947.000    935.064     0.4496  29.493997     0.4515  29.493660     4.6159     4.7993     0.0050    96.9730 1.0000e-12  -74.23144 -112.50355  24.424199      99.86 1.7421e+02   1422.763      34147  1032.1621  1032.1600    34.5347    34.5322    7.94294         28 0.0000e+00
    948.000    936.050     0.4499  29.494740     0.4520  29.494632     4.6148     4.7996    -0.0079    96.9966 1.0000e-12  -74.23144 -112.50355  24.424212      99.86 1.7428e+02   1423.935      34175  1032.1668  1032.1647    34.5348    34.5324    7.94288         28 0.0000e+00
    949.000    937.034     0.4503  29.495623     0.4522  29.495432     4.6132     4.8012    -0.0077    96.9920 1.0000e-12  -74.23144 -112.50354  24.424226      99.87 1.7396e+02   1425.107      34204  1032.1715  1032.1695    34.5349    34.5325    7.94279         28 0.0000e+00
    950.000    938.018     0.4500  29.495759     0.4518  29.495478     4.6161     4.8012    -0.0077    96.9902 1.0000e-12  -74.23144 -112.50356  24.424239      99.87 1.7390e+02   1426.270      34231  1032.1762  1032.1741    34.5349    34.5325    7.94285         28 0.0000e+00
    951.000    939.004     0.4498  29.496136     0.4517  29.495847     4.6145     4.7986    -0.0077    96.9993 1.0000e-12  -74.23144 -112.50354  24.424253      99.86 1.7365e+02   1427.424      34259  1032.1810  1032.1789    34.5350    34.5325    7.94289         28 0.0000e+00
    952.000    939.990     0.4497  29.496574     0.4518  29.496413     4.6162     4.7982    -0.0077    96.9967 1.0000e-12  -74.23144 -112.50356  24.424266      99.87 1.7389e+02   1428.588      34287  1032.1858  1032.1835    34.5352    34.5326    7.94290         28 0.0000e+00
    953.000    940.976     0.4500  29.497299     0.4520  29.497109     4.6152     4.7976    -0.0113    96.9884 1.0000e-12  -74.23144 -112.50356  24.424280      99.86 1.7402e+02   1429.763      34315  1032.1903  1032.1883    34.5351    34.5327    7.94283         28 0.0000e+00
    954.000    941.959     0.4502  29.498115     0.4523  29.497866     4.6119     4.7911    -0.0111    97.0022 1.0000e-12  -74.23144 -112.50356  24.424293      84.13 1.7358e+02   1430.942      34344  1032.1952  1032.1929    34.5354    34.5328    7.94278         28 0.0000e+00
    955.000    942.945     0.4503  29.498458     0.4523  29.498338     4.6117     4.7978    -0.0077    96.9953 1.0000e-12  -74.23144 -112.50356  24.424307      94.12 1.7380e+02   1432.121      34372  1032.1997  1032.1976    34.5352    34.5329    7.94277         29 0.0000e+00
    956.000    943.930     0.4516  29.500321     0.4536  29.500187     4.6153     4.7986    -0.0030    96.9947 1.0000e-12  -74.23144 -112.50356  24.424321      99.77 1.7398e+02   1433.303      34400  1032.2046  1032.2025    34.5357    34.5333    7.94249         26 0.0000e+00
    957.000    944.915     0.4529  29.502213     0.4549  29.502004     4.6127     4.7982    -0.0064    97.0105 1.0000e-12  -74.23144 -112.50356  24.424334      99.86 1.7358e+02   1434.483      34429  1032.2094  1032.2073    34.5361    34.5336    7.94219         28 0.0000e+00
    958.000    945.901     0.4530  29.502828     0.4551  29.502643     4.6111     4.7988    -0.0140    97.0086 1.0000e-12  -74.23144 -112.50356  24.424348      99.87 1.7365e+02   1435.657      34457  1032.2142  1032.2120    34.5362    34.5337    7.94216         28 0.0000e+00
    959.000    946.885     0.4535  29.503648     0.4555  29.503534     4.6138     4.7993    -0.0150    97.0121 1.0000e-12  -74.23144 -112.50356  24.424362      99.86 1.7343e+02   1436.835      34485  1032.2188  1032.2167    34.5362    34.5338    7.94206         29 0.0000e+00
    960.000    947.872     0.4564  29.507219     0.4584  29.506971     4.6099     4.7956    -0.0155    96.9986 1.0000e-12  -74.23144 -112.50356  24.424375      99.86 1.7346e+02   1438.011      34513  1032.2238  1032.2216    34.5371    34.5345    7.94142         28 0.0000e+00
    961.000    948.855     0.4576  29.508983     0.4595  29.508656     4.6088     4.7944    -0.0080    97.0049 1.0000e-12  -74.23144 -112.50356  24.424389      99.87 1.7358e+02   1439.188      34542  1032.2286  1032.2264    34.5374    34.5349    7.94114         28 0.0000e+00
    962.000    949.841     0.4598  29.511669     0.4618  29.511313     4.6085     4.7915    -0.0095    97.0021 1.0000e-12  -74.23144 -112.50356  24.424402      99.86 1.7339e+02   1440.361      34570  1032.2335  1032.2312    34.5379    34.5353    7.94067         28 0.0000e+00
    963.000    950.826     0.4614  29.513712     0.4636  29.513592     4.6103     4.7913    -0.0137    97.0031 1.0000e-12  -74.23144 -112.50356  24.424416      99.87 1.7371e+02   1441.532      34598  1032.2383  1032.2360    34.5383    34.5356    7.94033         28 0.0000e+00
    964.000    951.810     0.4645  29.517315     0.4665  29.517086     4.6093     4.7924    -0.0080    96.9997 1.0000e-12  -74.23144 -112.50356  24.424429      99.87 1.7337e+02   1442.706      34626  1032.2431  1032.2409    34.5389    34.5364    7.93965         29 0.0000e+00
    965.000    952.795     0.4644  29.517607     0.4658  29.516857     4.6055     4.7873    -0.0080    97.0122 1.0000e-12  -74.23144 -112.50356  24.424443      71.93 1.7333e+02   1443.894      34654  1032.2477  1032.2456    34.5388    34.5363    7.93967         28 0.0000e+00
    966.000    953.781     0.4641  29.517797     0.4660  29.517446     4.6067     4.7892    -0.0048    96.9854 1.0000e-12  -74.23144 -112.50356  24.424457      85.09 1.7288e+02   1445.072      34683  1032.2525  1032.2503    34.5389    34.5363    7.93974         28 0.0000e+00
    967.000    954.766     0.4658  29.520005     0.4678  29.519856     4.6062     4.7845    -0.0006    96.9865 1.0000e-12  -74.23144 -112.50356  24.424470      98.69 1.7291e+02   1446.239      34711  1032.2573  1032.2552    34.5393    34.5369    7.93937         28 0.0000e+00
    968.000    955.751     0.4685  29.523119     0.4709  29.523218     4.6082     4.7851    -0.0004    96.9809 1.0000e-12  -74.23144 -112.50356  24.424484      99.88 1.7276e+02   1447.411      34739  1032.2621  1032.2599    34.5398    34.5373    7.93879         28 0.0000e+00
    969.000    956.735     0.4700  29.525155     0.4723  29.525025     4.6019     4.7832    -0.0057    96.9753 1.0000e-12  -74.23144 -112.50356  24.424498      99.87 1.7276e+02   1448.590      34767  1032.2670  1032.2646    34.5402    34.5375    7.93845         28 0.0000e+00
    970.000    957.723     0.4738  29.529213     0.4759  29.529079     4.6001     4.7832    -0.0139    96.9965 1.0000e-12  -74.23144 -112.50356  24.424511      99.87 1.7276e+02   1449.770      34795  1032.2717  1032.2694    34.5407    34.5382    7.93765         29 0.0000e+00
    971.000    958.706     0.4737  29.529637     0.4758  29.529465     4.6068     4.7894    -0.0098    96.9920 1.0000e-12  -74.23144 -112.50356  24.424525      99.86 1.7276e+02   1450.947      34824  1032.2764  1032.2742    34.5407    34.5383    7.93766         28 0.0000e+00
    972.000    959.691     0.4726  29.529120     0.4750  29.529354     4.5993     4.7866    -0.0077    96.9837 1.0000e-12  -74.23144 -112.50356  24.424538      99.87 1.7276e+02   1452.111      34852  1032.2812  1032.2791    34.5408    34.5384    7.93789         28 0.0000e+00
    973.000    960.677     0.4721  29.529213     0.4747  29.529432     4.6018     4.7888    -0.0085    96.9736 1.0000e-12  -74.23144 -112.50356  24.424552      99.86 1.7276e+02   1453.275      34880  1032.2860  1032.2837    34.5408    34.5383    7.93798         28 0.0000e+00
    974.000    961.661     0.4718  29.529212     0.4735  29.528774     4.6035     4.7887    -0.0002    96.9801 1.0000e-12  -74.23144 -112.50356  24.424565      99.86 1.7276e+02   1454.450      34908  1032.2906  1032.2884    34.5406    34.5382    7.93806         29 0.0000e+00
    975.000    962.645     0.4699  29.527926     0.4721  29.527820     4.6034     4.7870     0.0058    96.9683 1.0000e-12  -74.23144 -112.50356  24.424579      99.87 1.7276e+02   1455.627      34936  1032.2953  1032.2931    34.5405    34.5380    7.93845         28 0.0000e+00
    976.000    963.631     0.4701  29.528583     0.4723  29.528458     4.6045     4.7812    -0.0019    96.9645 1.0000e-12  -74.23144 -112.50356  24.424593      87.58 1.7276e+02   1456.800      34964  1032.3000  1032.2977    34.5405    34.5380    7.93840         28 0.0000e+00
    977.000    964.618     0.4713  29.530196     0.4731  29.529705     4.6024     4.7801    -0.0079    96.9672 1.0000e-12  -74.23144 -112.50356  24.424606      91.71 1.7276e+02   1457.974      34992  1032.3047  1032.3025    34.5408    34.5382    7.93816         28 0.0000e+00
    978.000    965.602     0.4720  29.531371     0.4746  29.531730     4.5999     4.7832    -0.0077    96.9452 1.0000e-12  -74.23144 -112.50356  24.424620      96.97 1.7276e+02   1459.145      35020  1032.3094  1032.3072    34.5409    34.5385    7.93799         28 0.0000e+00
    979.000    966.587     0.4751  29.534868     0.4770  29.534451     4.5968     4.7839    -0.0077    96.9429 1.0000e-12  -74.23144 -112.50356  24.424633      99.84 1.7276e+02   1460.326      35049  1032.3142  1032.3119    34.5415    34.5389    7.93733         29 0.0000e+00
    980.000    967.571     0.4767  29.536854     0.4791  29.536885     4.6001     4.7857    -0.0077    96.9570 1.0000e-12  -74.23144 -112.50356  24.424647      99.86 1.7276e+02   1461.512      35077  1032.3189  1032.3166    34.5417    34.5392    7.93699         28 0.0000e+00
    981.000    968.555     0.4779  29.538379     0.4799  29.538133     4.5988     4.7863    -0.0038    96.9690 1.0000e-12  -74.23144 -112.50356  24.424661      99.87 1.7276e+02   1462.686      35105  1032.3235  1032.3213    34.5418    34.5393    7.93674         28 0.0000e+00
    982.000    969.542     0.4779  29.538825     0.4799  29.538630     4.6035     4.7807    -0.0051    96.9367 1.0000e-12  -74.23144 -112.50356  24.424674      99.86 1.7276e+02   1463.860      35134  1032.3282  1032.3260    34.5419    34.5393    7.93674         28 0.0000e+00
    983.000    970.525     0.4780  29.539282     0.4800  29.539103     4.6010     4.7757    -0.0080    96.9583 1.0000e-12  -74.23144 -112.50356  24.424688      99.86 1.7276e+02   1465.034      35162  1032.3328  1032.3307    34.5418    34.5393    7.93672         28 0.0000e+00
    984.000    971.514     0.4779  29.539715     0.4799  29.539429     4.6053     4.7798    -0.0082    96.9617 1.0000e-12  -74.23144 -112.50356  24.424701      99.87 1.7276e+02   1466.201      35190  1032.3375  1032.3353    34.5418    34.5393    7.93673         28 0.0000e+00
    985.000    972.496     0.4782  29.540365     0.4801  29.540064     4.6004     4.7804    -0.0019    96.9515 1.0000e-12  -74.23144 -112.50356  24.424715      99.86 1.7276e+02   1467.368      35218  1032.3422  1032.3400    34.5418    34.5393    7.93668         28 0.0000e+00
    986.000    973.482     0.4784  29.540990     0.4806  29.541022     4.6007     4.7818    -0.0067    96.9464 1.0000e-12  -74.23144 -112.50356  24.424729      99.87 1.7276e+02   1468.545      35246  1032.3468  1032.3447    34.5419    34.5395    7.93664         29 0.0000e+00
