ocean_section_plots/required_files/ctd/dnbp2202_ctd163.cnv
* Sea-Bird SBE 9 Data File:
* FileName = D:\Data\raw\NBP2202_CTD163.hex
* Software Version Seasave V 7.26.7.121
* Temperature SN = 1649
* Conductivity SN = 2513
* Number of Bytes Per Scan = 40
* Number of Voltage Words = 5
* Number of Scans Averaged by the Deck Unit = 1
* NMEA Latitude = 74 14.39 S
* NMEA Longitude = 112 16.00 W
* NMEA UTC (Time) = Feb 01 2022  01:50:23
* NMEA baud rate = 9600
** Ship: RVIB N.B. Palmer
** Cruise: NBP2202 Thwaites
** Station: 85
** Operator: A. Robinson
# nquan = 28
# nvalues = 504                         
# units = specified
# name 0 = prDM: Pressure, Digiquartz [db]
# name 1 = depSM: Depth [salt water, m]
# name 2 = t090C: Temperature [ITS-90, deg C]
# name 3 = c0mS/cm: Conductivity [mS/cm]
# name 4 = t190C: Temperature, 2 [ITS-90, deg C]
# name 5 = c1mS/cm: Conductivity, 2 [mS/cm]
# name 6 = sbeox0ML/L: Oxygen, SBE 43 [ml/l]
# name 7 = sbeox1ML/L: Oxygen, SBE 43, 2 [ml/l]
# name 8 = flECO-AFL: Fluorescence, WET Labs ECO-AFL/FL [mg/m^3]
# name 9 = CStarTr0: Beam Transmission, WET Labs C-Star [%]
# name 10 = par: PAR/Irradiance, Biospherical/Licor
# name 11 = latitude: Latitude [deg]
# name 12 = longitude: Longitude [deg]
# name 13 = timeJ: Julian Days
# name 14 = altM: Altimeter [m]
# name 15 = spar: SPAR, Biospherical/Licor
# name 16 = timeS: Time, Elapsed [seconds]
# name 17 = scan: Scan Count
# name 18 = density00: Density [density, kg/m^3]
# name 19 = density11: Density, 2 [density, kg/m^3]
# name 20 = v3: Voltage 3
# name 21 = v4: Voltage 4
# name 22 = v5: Voltage 5
# name 23 = sal00: Salinity, Practical [PSU]
# name 24 = sal11: Salinity, Practical, 2 [PSU]
# name 25 = oxsolML/L: Oxygen Saturation, Garcia & Gordon [ml/l]
# name 26 = nbin: number of scans per bin
# name 27 = flag: flag
# span 0 =      3.000,    506.000       
# span 1 =      2.968,    500.135       
# span 2 =    -1.5084,    -0.1787       
# span 3 =  27.040328,  28.605076       
# span 4 =    -1.5076,    -0.1759       
# span 5 =  27.040641,  28.605188       
# span 6 =     4.9135,     7.4174       
# span 7 =     4.9939,     7.5762       
# span 8 =     0.0009,    13.4995       
# span 9 =    78.4132,    93.6675       
# span 10 = 1.0000e-12, 7.9213e+01      
# span 11 =  -74.23990,  -74.23990      
# span 12 = -112.26684, -112.26677      
# span 13 =  32.079569,  32.087542      
# span 14 =      68.57,     100.20      
# span 15 = 1.4430e+03, 1.5027e+03      
# span 16 =    251.788,    940.669      
# span 17 =       6044,      22577      
# span 18 =  1027.2142,  1029.9668      
# span 19 =  1027.2161,  1029.9663      
# span 20 =     3.7202,     4.4435      
# span 21 =     0.0709,     1.9220      
# span 22 =     0.1147,     0.1884      
# span 23 =    33.8140,    34.3235      
# span 24 =    33.8152,    34.3205      
# span 25 =    8.08590,    8.39858      
# span 26 =          8,         47      
# span 27 = 0.0000e+00, 0.0000e+00      
# interval = decibars: 1                
# start_time = Feb 01 2022 01:50:23 [NMEA time, header]
# bad_flag = -9.990e-29
*END*
[from data line 259]
    262.000    259.123    -1.3954  27.274219    -1.3945  27.274027     6.1505     6.2787     0.0748    93.2649 1.0000e-12  -74.23990 -112.26680  32.083863      99.90 1.4826e+03    622.740      14947  1028.6515  1028.6504     4.4244     0.0791     0.1305    34.0466    34.0453    8.36732         28 0.0000e+00
    263.000    260.113    -1.3967  27.273918    -1.3956  27.273752     6.1676     6.2867     0.0678    93.2984 1.0000e-12  -74.23990 -112.26680  32.083875      99.89 1.4822e+03    623.793      14972  1028.6568  1028.6556     4.4260     0.0895     0.1301    34.0470    34.0456    8.36758         23 0.0000e+00
    264.000    261.100    -1.3993  27.272652    -1.4001  27.270932     6.1942     6.3020     0.0488    93.3067 1.0000e-12  -74.23990 -112.26680  32.083886      99.89 1.4803e+03    624.782      14996  1028.6623  1028.6611     4.4264     0.0790     0.1297    34.0477    34.0462    8.36814         25 0.0000e+00
    265.000    262.087    -1.4140  27.260419    -1.4130  27.260964     6.2102     6.3170     0.1168    93.3048 1.0000e-12  -74.23990 -112.26680  32.083900      99.90 1.4804e+03    625.939      15024  1028.6674  1028.6670     4.4263     0.0781     0.1301    34.0469    34.0465    8.37147         31 0.0000e+00
    266.000    263.078    -1.4229  27.253899    -1.4223  27.253437     6.2113     6.3241     0.1220    93.2784 1.0000e-12  -74.23990 -112.26680  32.083916      99.89 1.4820e+03    627.311      15056  1028.6732  1028.6721     4.4251     0.0820     0.1273    34.0475    34.0461    8.37345         33 0.0000e+00
    267.000    264.064    -1.4195  27.257384    -1.4194  27.256564     6.2038     6.3254     0.0447    93.3253 1.0000e-12  -74.23990 -112.26680  32.083930      99.91 1.4809e+03    628.538      15086  1028.6780  1028.6770     4.4273     0.0788     0.1287    34.0478    34.0465    8.37267         27 0.0000e+00
    268.000    265.054    -1.4202  27.257333    -1.4197  27.256944     6.2050     6.3315     0.0505    93.3225 1.0000e-12  -74.23990 -112.26680  32.083942      99.89 1.4810e+03    629.627      15112  1028.6828  1028.6819     4.4272     0.0812     0.1279    34.0478    34.0467    8.37281         26 0.0000e+00
    269.000    266.042    -1.4192  27.258577    -1.4200  27.256923     6.2144     6.3260     0.0674    93.3287 1.0000e-12  -74.23990 -112.26680  32.083957      99.90 1.4788e+03    630.865      15142  1028.6874  1028.6864     4.4275     0.0798     0.1266    34.0478    34.0465    8.37259         33 0.0000e+00
    270.000    267.031    -1.4222  27.256389    -1.4217  27.255761     6.2152     6.3294     0.0715    93.2937 1.0000e-12  -74.23990 -112.26680  32.083972      99.90 1.4809e+03    632.224      15174  1028.6922  1028.6911     4.4258     0.0801     0.1254    34.0476    34.0462    8.37328         30 0.0000e+00
    271.000    268.018    -1.4222  27.256890    -1.4207  27.257309     6.2110     6.3264     0.0522    93.3423 1.0000e-12  -74.23990 -112.26680  32.083986      95.35 1.4873e+03    633.380      15202  1028.6970  1028.6960     4.4282     0.0794     0.1240    34.0476    34.0465    8.37327         26 0.0000e+00
    272.000    269.007    -1.4207  27.259032    -1.4213  27.257434     6.2087     6.3144     0.0524    93.3520 1.0000e-12  -74.23990 -112.26678  32.083998      99.82 1.4849e+03    634.406      15227  1028.7021  1028.7010     4.4286     0.0784     0.1241    34.0482    34.0467    8.37289         25 0.0000e+00
    273.000    269.995    -1.4166  27.263259    -1.4146  27.263714     6.1927     6.3167     0.0597    93.3142 1.0000e-12  -74.23990 -112.26679  32.084011      99.90 1.4792e+03    635.509      15253  1028.7071  1028.7056     4.4268     0.0833     0.1310    34.0487    34.0471    8.37194         29 0.0000e+00
    274.000    270.984    -1.4171  27.263227    -1.4111  27.267072     6.1890     6.3145     0.0648    93.3667 1.0000e-12  -74.23990 -112.26679  32.084026      99.90 1.4773e+03    636.841      15285  1028.7118  1028.7102     4.4293     0.0811     0.1284    34.0487    34.0472    8.37206         34 0.0000e+00
    275.000    271.972    -1.4108  27.269154    -1.4159  27.263796     6.2113     6.3377     0.0642    93.3789 1.0000e-12  -74.23990 -112.26678  32.084041      99.90 1.4804e+03    638.154      15317  1028.7165  1028.7157     4.4299     0.0805     0.1280    34.0491    34.0475    8.37063         28 0.0000e+00
    276.000    272.961    -1.4149  27.265363    -1.4201  27.260805     6.2317     6.3462     0.0519    93.3673 1.0000e-12  -74.23990 -112.26680  32.084053      99.89 1.4824e+03    639.218      15342  1028.7206  1028.7207     4.4293     0.0799     0.1256    34.0479    34.0475    8.37162         24 0.0000e+00
    277.000    273.948    -1.4301  27.253715    -1.4317  27.251680     6.2367     6.3551     0.0519    93.3348 1.0000e-12  -74.23990 -112.26678  32.084065      99.90 1.4833e+03    640.191      15366  1028.7270  1028.7262     4.4278     0.0784     0.1247    34.0486    34.0475    8.37500         23 0.0000e+00
    278.000    274.938    -1.4329  27.251855    -1.4327  27.251167     6.2361     6.3533     0.0570    93.3360 1.0000e-12  -74.23990 -112.26680  32.084078      99.89 1.4804e+03    641.337      15393  1028.7319  1028.7309     4.4278     0.0829     0.1261    34.0485    34.0474    8.37562         32 0.0000e+00
    279.000    275.926    -1.4332  27.252102    -1.4324  27.251719     6.2407     6.3517     0.0777    93.3426 1.0000e-12  -74.23990 -112.26680  32.084094      99.89 1.4754e+03    642.721      15426  1028.7367  1028.7354     4.4281     0.0826     0.1239    34.0486    34.0472    8.37569         32 0.0000e+00
    280.000    276.913    -1.4330  27.252694    -1.4329  27.252028     6.2400     6.3607     0.0673    93.3358 1.0000e-12  -74.23990 -112.26679  32.084108      99.90 1.4781e+03    643.938      15456  1028.7414  1028.7405     4.4278     0.0793     0.1258    34.0486    34.0476    8.37565         27 0.0000e+00
    281.000    277.903    -1.4357  27.251397    -1.4347  27.251770     6.2404     6.3594     0.0597    93.3566 1.0000e-12  -74.23990 -112.26678  32.084120      99.90 1.4845e+03    644.988      15481  1028.7468  1028.7463     4.4288     0.0772     0.1224    34.0493    34.0486    8.37622         24 0.0000e+00
    282.000    278.889    -1.4340  27.253781    -1.4335  27.253238     6.2418     6.3625     0.0593    93.3904 1.0000e-12  -74.23990 -112.26678  32.084132      91.44 1.4856e+03    646.047      15506  1028.7520  1028.7510     4.4304     0.0815     0.1279    34.0500    34.0487    8.37579         27 0.0000e+00
    283.000    279.879    -1.4329  27.255862    -1.4323  27.255465     6.2504     6.3645     0.0596    93.3859 1.0000e-12  -74.23990 -112.26678  32.084147      97.21 1.4768e+03    647.263      15535  1028.7575  1028.7565     4.4302     0.0886     0.1230    34.0509    34.0497    8.37548         32 0.0000e+00
    284.000    280.867    -1.4318  27.258691    -1.4314  27.257969     6.2591     6.3787     0.0731    93.3895 1.0000e-12  -74.23990 -112.26679  32.084162      99.89 1.4721e+03    648.636      15568  1028.7638  1028.7626     4.4303     0.0824     0.1272    34.0530    34.0515    8.37511         31 0.0000e+00
    285.000    281.854    -1.4355  27.256956    -1.4333  27.257546     6.2544     6.3759     0.0636    93.3930 1.0000e-12  -74.23990 -112.26679  32.084178      99.90 1.4786e+03    649.942      15600  1028.7698  1028.7683     4.4305     0.0820     0.1216    34.0541    34.0525    8.37587         29 0.0000e+00
    286.000    282.844    -1.4268  27.266132    -1.4260  27.265953     6.2540     6.3724     0.0705    93.4446 1.0000e-12  -74.23990 -112.26678  32.084190      99.89 1.4866e+03    651.036      15626  1028.7757  1028.7747     4.4330     0.0820     0.1214    34.0563    34.0551    8.37380         25 0.0000e+00
    287.000    283.833    -1.4218  27.271839    -1.4188  27.273206     6.2466     6.3675     0.0630    93.4165 1.0000e-12  -74.23990 -112.26678  32.084202      99.89 1.4890e+03    652.066      15651  1028.7814  1028.7800     4.4316     0.1088     0.1197    34.0578    34.0563    8.37257         25 0.0000e+00
    288.000    284.820    -1.4143  27.278857    -1.4133  27.278654     6.2458     6.3602     0.1301    93.4238 1.0000e-12  -74.23990 -112.26678  32.084215      99.90 1.4790e+03    653.178      15677  1028.7862  1028.7850     4.4320     0.0867     0.1205    34.0584    34.0569    8.37087         29 0.0000e+00
    289.000    285.808    -1.4132  27.280261    -1.4124  27.279917     6.2354     6.3636     0.1587    93.4406 1.0000e-12  -74.23990 -112.26678  32.084230      99.89 1.4718e+03    654.478      15708  1028.7909  1028.7898     4.4328     0.0829     0.1205    34.0584    34.0571    8.37061         32 0.0000e+00
    290.000    286.796    -1.4120  27.282019    -1.4112  27.281541     6.2171     6.3473     0.0742    93.4655 1.0000e-12  -74.23990 -112.26678  32.084245      99.89 1.4818e+03    655.784      15740  1028.7961  1028.7948     4.4340     0.0853     0.1201    34.0588    34.0573    8.37032         29 0.0000e+00
    291.000    287.785    -1.4051  27.289269    -1.4085  27.284616     6.1951     6.3230     0.0817    93.4540 1.0000e-12  -74.23990 -112.26678  32.084258      99.89 1.4885e+03    656.916      15767  1028.8016  1028.7999     4.4334     0.0824     0.1168    34.0604    34.0578    8.36868         26 0.0000e+00
    292.000    288.774    -1.3865  27.306093    -1.3848  27.306519     6.1841     6.3126     0.0805    93.4428 1.0000e-12  -74.23990 -112.26678  32.084270      99.90 1.4840e+03    657.951      15792  1028.8063  1028.8051     4.4329     0.0855     0.1179    34.0616    34.0603    8.36442         25 0.0000e+00
    293.000    289.761    -1.3755  27.316391    -1.3753  27.315227     6.1774     6.2948     0.0907    93.4576 1.0000e-12  -74.23990 -112.26678  32.084283      96.58 1.4804e+03    659.066      15819  1028.8114  1028.8098     4.4336     0.0836     0.1181    34.0628    34.0608    8.36190         29 0.0000e+00
    294.000    290.750    -1.3737  27.318801    -1.3725  27.318578     6.1964     6.3091     0.1073    93.4651 1.0000e-12  -74.23990 -112.26678  32.084298      97.75 1.4788e+03    660.330      15849  1028.8167  1028.8153     4.4340     0.0986     0.1192    34.0634    34.0617    8.36145         31 0.0000e+00
    295.000    291.737    -1.3799  27.313967    -1.3791  27.313680     6.2330     6.3474     0.0913    93.3241 1.0000e-12  -74.23990 -112.26678  32.084312      99.88 1.4781e+03    661.551      15878  1028.8218  1028.8207     4.4273     0.0931     0.1187    34.0631    34.0618    8.36285         28 0.0000e+00
    296.000    292.727    -1.4015  27.296578    -1.4018  27.295523     6.2632     6.3706     0.0940    93.4868 1.0000e-12  -74.23990 -112.26678  32.084326      99.89 1.4793e+03    662.729      15907  1028.8283  1028.8274     4.4350     0.0979     0.1254    34.0632    34.0621    8.36770         29 0.0000e+00
    297.000    293.714    -1.4164  27.284920    -1.4156  27.284812     6.2702     6.3738     0.0859    93.4729 1.0000e-12  -74.23990 -112.26678  32.084341      99.90 1.4834e+03    664.051      15938  1028.8343  1028.8333     4.4343     0.0901     0.1192    34.0635    34.0624    8.37103         33 0.0000e+00
    298.000    294.703    -1.4195  27.283113    -1.4186  27.282897     6.2654     6.3734     0.0801    93.4588 1.0000e-12  -74.23990 -112.26678  32.084355      99.90 1.4827e+03    665.308      15968  1028.8395  1028.8383     4.4336     0.0866     0.1187    34.0639    34.0625    8.37170         27 0.0000e+00
    299.000    295.690    -1.4172  27.286106    -1.4163  27.285663     6.2641     6.3788     0.0796    93.3699 1.0000e-12  -74.23990 -112.26678  32.084367      99.90 1.4805e+03    666.335      15993  1028.8448  1028.8434     4.4295     0.1065     0.1208    34.0648    34.0632    8.37113         23 0.0000e+00
    300.000    296.679    -1.4168  27.287048    -1.4160  27.286562     6.2673     6.3785     0.0835    93.4337 1.0000e-12  -74.23990 -112.26680  32.084379      99.89 1.4747e+03    667.329      16017  1028.8497  1028.8483     4.4325     0.0849     0.1176    34.0650    34.0634    8.37102         26 0.0000e+00
    301.000    297.667    -1.4150  27.289108    -1.4141  27.288575     6.2584     6.3709     0.1146    93.4210 1.0000e-12  -74.23990 -112.26680  32.084394      99.89 1.4759e+03    668.645      16048  1028.8544  1028.8530     4.4318     0.0847     0.1180    34.0652    34.0634    8.37061         38 0.0000e+00
    302.000    298.656    -1.4142  27.290586    -1.4127  27.290566     6.2548     6.3700     0.0744    93.4930 1.0000e-12  -74.23990 -112.26680  32.084413      99.89 1.4866e+03    670.253      16087  1028.8595  1028.8580     4.4352     0.0855     0.1195    34.0656    34.0639    8.37040         34 0.0000e+00
    303.000    299.642    -1.4117  27.293563    -1.4106  27.293327     6.2498     6.3699     0.0731    93.5404 1.0000e-12  -74.23990 -112.26680  32.084426      99.90 1.4883e+03    671.438      16116  1028.8647  1028.8633     4.4375     0.0845     0.1183    34.0663    34.0648    8.36981         25 0.0000e+00
    304.000    300.633    -1.4117  27.293995    -1.4103  27.294177     6.2471     6.3698     0.0709    93.5253 1.0000e-12  -74.23990 -112.26680  32.084437      99.90 1.4829e+03    672.350      16137  1028.8694  1028.8682     4.4368     0.0839     0.1209    34.0663    34.0650    8.36981         19 0.0000e+00
    305.000    301.621    -1.4094  27.296710    -1.4086  27.296119     6.2471     6.3701     0.0993    93.5402 1.0000e-12  -74.23990 -112.26680  32.084446      94.98 1.4777e+03    673.149      16157  1028.8744  1028.8730     4.4374     0.0876     0.1179    34.0668    34.0651    8.36926         20 0.0000e+00
    306.000    302.608    -1.4096  27.296881    -1.4085  27.296593     6.2454     6.3689     0.1118    93.5300 1.0000e-12  -74.23990 -112.26680  32.084458      99.54 1.4773e+03    674.170      16181  1028.8791  1028.8777     4.4370     0.0833     0.1207    34.0666    34.0649    8.36931         33 0.0000e+00
    307.000    303.596    -1.4088  27.297925    -1.4068  27.298425     6.2495     6.3638     0.0716    93.5666 1.0000e-12  -74.23990 -112.26680  32.084477      99.90 1.4833e+03    675.769      16219  1028.8837  1028.8824     4.4387     0.0822     0.1193    34.0665    34.0650    8.36914         37 0.0000e+00
    308.000    304.584    -1.4065  27.301324    -1.4056  27.300778     6.2470     6.3606     0.2119    93.5253 1.0000e-12  -74.23990 -112.26681  32.084491      99.90 1.4867e+03    676.995      16249  1028.8895  1028.8880     4.4368     0.0833     0.1188    34.0680    34.0662    8.36854         25 0.0000e+00
    309.000    305.573    -1.4054  27.303014    -1.4045  27.302633     6.2528     6.3674     0.0696    93.5433 1.0000e-12  -74.23990 -112.26681  32.084502      99.89 1.4836e+03    677.988      16273  1028.8946  1028.8934     4.4376     0.0808     0.1211    34.0684    34.0669    8.36826         23 0.0000e+00
    310.000    306.560    -1.4063  27.303875    -1.4050  27.303889     6.2522     6.3701     0.1463    93.5541 1.0000e-12  -74.23990 -112.26681  32.084514      99.90 1.4811e+03    679.020      16297  1028.9008  1028.8996     4.4381     0.0821     0.1209    34.0701    34.0686    8.36838         27 0.0000e+00
    311.000    307.550    -1.4072  27.303769    -1.4055  27.304195     6.2582     6.3766     0.0872    93.5419 1.0000e-12  -74.23990 -112.26682  32.084528      99.89 1.4826e+03    680.221      16326  1028.9058  1028.9047     4.4376     0.0819     0.1208    34.0702    34.0690    8.36855         30 0.0000e+00
    312.000    308.537    -1.4088  27.303640    -1.4071  27.303949     6.2527     6.3794     0.0534    93.5581 1.0000e-12  -74.23990 -112.26682  32.084543      99.90 1.4854e+03    681.476      16356  1028.9116  1028.9103     4.4383     0.0823     0.1209    34.0713    34.0698    8.36886         30 0.0000e+00
