ocean_section_plots/required_files/ctd/dnbp2202_ctd191.cnv
* Sea-Bird SBE 9 Data File:
* FileName = D:\Data\raw\NBP2202_CTD191.hex
* Software Version Seasave V 7.26.7.121
* Temperature SN = 1649
* Conductivity SN = 2513
* Number of Bytes Per Scan = 40
* Number of Voltage Words = 5
* Number of Scans Averaged by the Deck Unit = 1
* NMEA Latitude = 74 10.34 S
* NMEA Longitude = 113 16.18 W
* NMEA UTC (Time) = Feb 07 2022  10:35:03
* NMEA baud rate = 9600
** Ship: RVIB N.B. Palmer
** Cruise: NBP2202 Thwaites
** Station: 112
** Operator: B Bjork
# nquan = 28
# nvalues = 731                         
# units = specified
# name 0 = prDM: Pressure, Digiquartz [db]
# name 1 = depSM: Depth [salt water, m]
# name 2 = t090C: Temperature [ITS-90, deg C]
# name 3 = c0mS/cm: Conductivity [mS/cm]
# name 4 = t190C: Temperature, 2 [ITS-90, deg C]
# name 5 = c1mS/cm: Conductivity, 2 [mS/cm]
# name 6 = sbeox0ML/L: Oxygen, SBE 43 [ml/l]
# name 7 = sbeox1ML/L: Oxygen, SBE 43, 2 [ml/l]
# name 8 = flECO-AFL: Fluorescence, WET Labs ECO-AFL/FL [mg/m^3]
# name 9 = CStarTr0: Beam Transmission, WET Labs C-Star [%]
# name 10 = par: PAR/Irradiance, Biospherical/Licor
# name 11 = latitude: Latitude [deg]
# name 12 = longitude: Longitude [deg]
# name 13 = timeJ: Julian Days
# name 14 = altM: Altimeter [m]
# name 15 = spar: SPAR, Biospherical/Licor
# name 16 = timeS: Time, Elapsed [seconds]
# name 17 = scan: Scan Count
# name 18 = density00: Density [density, kg/m^3]
# name 19 = density11: Density, 2 [density, kg/m^3]
# name 20 = v3: Voltage 3
# name 21 = v4: Voltage 4
# name 22 = v5: Voltage 5
# name 23 = sal00: Salinity, Practical [PSU]
# name 24 = sal11: Salinity, Practical, 2 [PSU]
# name 25 = oxsolML/L: Oxygen Saturation, Garcia & Gordon [ml/l]
# name 26 = nbin: number of scans per bin
# name 27 = flag: flag
# span 0 =      2.000,    732.000       
# span 1 =      1.982,    723.147       
# span 2 =    -1.5830,     0.2250       
# span 3 =  26.901485,  29.131445       
# span 4 =    -1.5820,     0.2274       
# span 5 =  26.902890,  29.131511       
# span 6 =     4.6633,     8.7449       
# span 7 =     4.7440,     8.9835       
# span 8 =    -0.0217,    21.5586       
# span 9 =    75.2768,    98.3445       
# span 10 = 1.0000e-12, 1.5842e+01      
# span 11 =  -74.17250,  -74.17249      
# span 12 = -113.26982, -113.26972      
# span 13 =  38.442897,  38.452559      
# span 14 =       7.38,     100.60      
# span 15 = 3.8655e+01, 4.5893e+01      
# span 16 =    163.255,    998.078      
# span 17 =       3919,      23955      
# span 18 =  1027.1746,  1031.0956      
# span 19 =  1027.1731,  1031.0933      
# span 20 =     3.5715,     4.6652      
# span 21 =     0.0636,     3.6236      
# span 22 =     0.1174,     0.2522      
# span 23 =    33.7813,    34.4346      
# span 24 =    33.7799,    34.4320      
# span 25 =    7.99494,    8.41860      
# span 26 =         15,         46      
# span 27 = 0.0000e+00, 0.0000e+00      
# interval = decibars: 1                
# start_time = Feb 07 2022 10:35:03 [NMEA time, header]
# bad_flag = -9.990e-29
*END*
[from data line 415]
    417.000    412.269    -0.1398  28.578134    -0.1373  28.578047     4.7715     4.8691    -0.0156    97.9037 1.0000e-12  -74.17250 -113.26977  38.448413      99.93 3.8789e+01    639.871      15358  1029.5264  1029.5239     4.6444     0.0690     0.1360    34.2963    34.2934    8.07920         25 0.0000e+00
    418.000    413.256    -0.1356  28.583228    -0.1332  28.583165     4.7646     4.8743    -0.0177    97.9031 1.0000e-12  -74.17250 -113.26977  38.448425      99.59 3.9892e+01    640.957      15384  1029.5320  1029.5296     4.6444     0.0691     0.1381    34.2978    34.2950    8.07823         27 0.0000e+00
    419.000    414.244    -0.1339  28.585427    -0.1317  28.585111     4.7647     4.8749    -0.0178    97.8920 1.0000e-12  -74.17250 -113.26978  38.448438      88.65 4.0616e+01    642.065      15411  1029.5370  1029.5346     4.6439     0.0682     0.1388    34.2982    34.2954    8.07784         26 0.0000e+00
    420.000    415.232    -0.1326  28.587282    -0.1305  28.586908     4.7660     4.8764    -0.0184    97.8663 1.0000e-12  -74.17250 -113.26976  38.448451      94.43 3.8854e+01    643.144      15436  1029.5420  1029.5396     4.6426     0.0690     0.1375    34.2986    34.2958    8.07755         26 0.0000e+00
    421.000    416.220    -0.1313  28.589273    -0.1289  28.589156     4.7659     4.8766    -0.0117    97.8446 1.0000e-12  -74.17250 -113.26976  38.448463      99.89 3.9861e+01    644.222      15462  1029.5472  1029.5447     4.6415     0.0696     0.1386    34.2993    34.2963    8.07724         26 0.0000e+00
    422.000    417.206    -0.1306  28.590342    -0.1285  28.590000     4.7626     4.8700    -0.0055    97.8504 1.0000e-12  -74.17250 -113.26976  38.448476      99.93 4.0747e+01    645.310      15488  1029.5519  1029.5496     4.6419     0.0682     0.1369    34.2993    34.2964    8.07709         26 0.0000e+00
    423.000    418.195    -0.1300  28.591539    -0.1278  28.591138     4.7622     4.8687     0.0037    97.8211 1.0000e-12  -74.17250 -113.26976  38.448488      99.93 3.8912e+01    646.382      15514  1029.5569  1029.5543     4.6405     0.0693     0.1368    34.2995    34.2966    8.07694         25 0.0000e+00
    424.000    419.182    -0.1257  28.596754    -0.1234  28.596563     4.7661     4.8682    -0.0033    97.8247 1.0000e-12  -74.17250 -113.26976  38.448501      99.92 3.9817e+01    647.458      15540  1029.5625  1029.5601     4.6406     0.0693     0.1358    34.3011    34.2983    8.07595         26 0.0000e+00
    425.000    420.170    -0.1250  28.598057    -0.1228  28.597653     4.7633     4.8692    -0.0106    97.8347 1.0000e-12  -74.17250 -113.26976  38.448513      99.93 4.0902e+01    648.538      15566  1029.5675  1029.5650     4.6411     0.0709     0.1375    34.3014    34.2984    8.07578         26 0.0000e+00
    426.000    421.157    -0.1234  28.599904    -0.1200  28.601213     4.7630     4.8655    -0.0103    97.8254 1.0000e-12  -74.17250 -113.26976  38.448525      99.93 3.8849e+01    649.586      15591  1029.5723  1029.5703     4.6407     0.0702     0.1371    34.3016    34.2994    8.07545         25 0.0000e+00
    427.000    422.146    -0.1229  28.600969    -0.1198  28.601632     4.7643     4.8675    -0.0055    97.8452 1.0000e-12  -74.17250 -113.26975  38.448537      99.93 3.9723e+01    650.634      15616  1029.5772  1029.5748     4.6416     0.0700     0.1387    34.3018    34.2991    8.07532         26 0.0000e+00
    428.000    423.133    -0.1203  28.604048    -0.1178  28.604033     4.7658     4.8630    -0.0094    97.8214 1.0000e-12  -74.17250 -113.26975  38.448550      99.93 4.1382e+01    651.702      15642  1029.5821  1029.5798     4.6405     0.0702     0.1378    34.3023    34.2995    8.07474         25 0.0000e+00
    429.000    424.121    -0.1195  28.605538    -0.1161  28.606313     4.7676     4.8643    -0.0130    97.8481 1.0000e-12  -74.17250 -113.26975  38.448562      99.92 3.8917e+01    652.753      15667  1029.5873  1029.5848     4.6418     0.0697     0.1382    34.3028    34.3001    8.07454         25 0.0000e+00
    430.000    425.107    -0.1183  28.607114    -0.1159  28.607069     4.7616     4.8671    -0.0089    97.8439 1.0000e-12  -74.17250 -113.26975  38.448574      89.39 4.0266e+01    653.793      15692  1029.5921  1029.5897     4.6415     0.0685     0.1389    34.3030    34.3002    8.07428         25 0.0000e+00
    431.000    426.096    -0.1149  28.611083    -0.1128  28.610711     4.7585     4.8669    -0.0139    97.8097 1.0000e-12  -74.17250 -113.26975  38.448586      90.07 4.1567e+01    654.857      15718  1029.5973  1029.5949     4.6399     0.0682     0.1380    34.3039    34.3010    8.07352         26 0.0000e+00
    432.000    427.083    -0.1105  28.616654    -0.1076  28.616713     4.7628     4.8600    -0.0124    97.8316 1.0000e-12  -74.17250 -113.26975  38.448599      97.99 3.9056e+01    655.921      15743  1029.6031  1029.6004     4.6409     0.0685     0.1376    34.3057    34.3026    8.07247         25 0.0000e+00
    433.000    428.070    -0.1077  28.619901    -0.1055  28.619502     4.7577     4.8577    -0.0032    97.8347 1.0000e-12  -74.17250 -113.26976  38.448611      99.78 3.9492e+01    656.968      15768  1029.6081  1029.6056     4.6411     0.0693     0.1374    34.3063    34.3033    8.07185         25 0.0000e+00
    434.000    429.060    -0.1073  28.620689    -0.1052  28.620375     4.7604     4.8606    -0.0080    97.8335 1.0000e-12  -74.17250 -113.26976  38.448623      99.93 4.1553e+01    658.056      15794  1029.6129  1029.6105     4.6410     0.0691     0.1373    34.3063    34.3036    8.07177         27 0.0000e+00
    435.000    430.045    -0.1063  28.622275    -0.1041  28.622123     4.7533     4.8610    -0.0046    97.8425 1.0000e-12  -74.17250 -113.26976  38.448636      99.93 3.9801e+01    659.145      15820  1029.6179  1029.6156     4.6415     0.0692     0.1380    34.3067    34.3040    8.07154         26 0.0000e+00
    436.000    431.033    -0.1028  28.626913    -0.1009  28.626061     4.7556     4.8601    -0.0093    97.8483 1.0000e-12  -74.17250 -113.26976  38.448648      99.92 3.9867e+01    660.209      15846  1029.6236  1029.6209     4.6417     0.0685     0.1399    34.3083    34.3051    8.07071         26 0.0000e+00
    437.000    432.020    -0.0952  28.635423    -0.0931  28.634887     4.7485     4.8593    -0.0097    97.8368 1.0000e-12  -74.17250 -113.26976  38.448661      99.93 4.1582e+01    661.278      15872  1029.6295  1029.6269     4.6412     0.0692     0.1382    34.3105    34.3074    8.06898         25 0.0000e+00
    438.000    433.007    -0.0900  28.641496    -0.0877  28.641369     4.7451     4.8541    -0.0097    97.8460 1.0000e-12  -74.17250 -113.26976  38.448673      99.93 3.9612e+01    662.342      15897  1029.6351  1029.6328     4.6416     0.0687     0.1387    34.3121    34.3094    8.06779         25 0.0000e+00
    439.000    433.999    -0.0876  28.644727    -0.0849  28.644706     4.7477     4.8510    -0.0187    97.8283 1.0000e-12  -74.17250 -113.26976  38.448685      99.93 3.9772e+01    663.387      15922  1029.6405  1029.6379     4.6408     0.0693     0.1380    34.3131    34.3101    8.06722         25 0.0000e+00
    440.000    434.983    -0.0858  28.647001    -0.0837  28.646604     4.7502     4.8565    -0.0164    97.8217 1.0000e-12  -74.17250 -113.26976  38.448697      99.92 4.1227e+01    664.440      15948  1029.6455  1029.6430     4.6405     0.0696     0.1384    34.3136    34.3106    8.06683         26 0.0000e+00
    441.000    435.972    -0.0847  28.648642    -0.0824  28.648499     4.7494     4.8579    -0.0098    97.8186 1.0000e-12  -74.17250 -113.26976  38.448709      99.93 4.0094e+01    665.490      15973  1029.6505  1029.6481     4.6404     0.0689     0.1383    34.3139    34.3111    8.06657         24 0.0000e+00
    442.000    436.957    -0.0834  28.650548    -0.0814  28.649915     4.7485     4.8573    -0.0170    97.8118 1.0000e-12  -74.17250 -113.26976  38.448721      99.93 3.9460e+01    666.523      15998  1029.6556  1029.6530     4.6400     0.0688     0.1398    34.3144    34.3113    8.06627         26 0.0000e+00
    443.000    437.947    -0.0820  28.652414    -0.0798  28.652241     4.7482     4.8552    -0.0092    97.8386 1.0000e-12  -74.17250 -113.26976  38.448734      84.71 4.0611e+01    667.578      16023  1029.6605  1029.6582     4.6413     0.0670     0.1392    34.3147    34.3120    8.06596         25 0.0000e+00
    444.000    438.933    -0.0784  28.657172    -0.0760  28.657015     4.7505     4.8505    -0.0108    97.8266 1.0000e-12  -74.17250 -113.26976  38.448746      95.34 4.0477e+01    668.652      16049  1029.6663  1029.6639     4.6407     0.0694     0.1380    34.3163    34.3135    8.06510         26 0.0000e+00
    445.000    439.922    -0.0742  28.662055    -0.0718  28.662029     4.7471     4.8511    -0.0179    97.8131 1.0000e-12  -74.17250 -113.26976  38.448758      99.88 3.9846e+01    669.699      16074  1029.6717  1029.6694     4.6401     0.0698     0.1397    34.3176    34.3148    8.06416         25 0.0000e+00
    446.000    440.909    -0.0676  28.670051    -0.0653  28.669847     4.7456     4.8554    -0.0174    97.8181 1.0000e-12  -74.17250 -113.26976  38.448770      99.92 4.1173e+01    670.744      16099  1029.6780  1029.6755     4.6403     0.0697     0.1406    34.3202    34.3173    8.06262         25 0.0000e+00
    447.000    441.897    -0.0669  28.671362    -0.0647  28.671139     4.7535     4.8538    -0.0103    97.8244 1.0000e-12  -74.17250 -113.26976  38.448782      99.93 4.1110e+01    671.797      16124  1029.6830  1029.6806     4.6406     0.0698     0.1412    34.3205    34.3177    8.06245         25 0.0000e+00
    448.000    442.883    -0.0658  28.673544    -0.0634  28.673459     4.7442     4.8520    -0.0159    97.8367 1.0000e-12  -74.17250 -113.26976  38.448794      99.93 3.9340e+01    672.838      16149  1029.6885  1029.6862     4.6412     0.0691     0.1377    34.3215    34.3188    8.06215         25 0.0000e+00
    449.000    443.872    -0.0623  28.677778    -0.0602  28.677444     4.7411     4.8555    -0.0119    97.8415 1.0000e-12  -74.17250 -113.26977  38.448807      99.92 4.0674e+01    673.890      16174  1029.6939  1029.6915     4.6414     0.0687     0.1376    34.3226    34.3198    8.06135         26 0.0000e+00
    450.000    444.859    -0.0580  28.682873    -0.0558  28.682544     4.7497     4.8607    -0.0106    97.8266 1.0000e-12  -74.17250 -113.26978  38.448819      99.92 4.1244e+01    674.945      16200  1029.6994  1029.6969     4.6407     0.0692     0.1389    34.3240    34.3210    8.06038         25 0.0000e+00
    451.000    445.846    -0.0536  28.688863    -0.0516  28.688111     4.7566     4.8576    -0.0161    97.8203 1.0000e-12  -74.17250 -113.26978  38.448831      99.92 3.9578e+01    675.988      16225  1029.7057  1029.7030     4.6404     0.0707     0.1372    34.3263    34.3232    8.05930         25 0.0000e+00
    452.000    446.834    -0.0509  28.693193    -0.0485  28.693003     4.7546     4.8527    -0.0133    97.8274 1.0000e-12  -74.17250 -113.26978  38.448843      99.93 4.0401e+01    677.037      16250  1029.7119  1029.7095     4.6408     0.0712     0.1382    34.3284    34.3256    8.05861         25 0.0000e+00
    453.000    447.822    -0.0466  28.698714    -0.0441  28.698591     4.7595     4.8516    -0.0047    97.8462 1.0000e-12  -74.17250 -113.26978  38.448855      99.93 4.1620e+01    678.097      16275  1029.7179  1029.7154     4.6416     0.0706     0.1368    34.3304    34.3274    8.05760         25 0.0000e+00
    454.000    448.809    -0.0450  28.700655    -0.0429  28.700476     4.7517     4.8550    -0.0024    97.8731 1.0000e-12  -74.17250 -113.26978  38.448867      99.93 4.0008e+01    679.143      16300  1029.7228  1029.7205     4.6430     0.0699     0.1384    34.3306    34.3280    8.05726         26 0.0000e+00
    455.000    449.795    -0.0446  28.702134    -0.0422  28.702075     4.7481     4.8553    -0.0059    97.8432 1.0000e-12  -74.17250 -113.26978  38.448880      74.00 4.0540e+01    680.196      16326  1029.7282  1029.7259     4.6415     0.0680     0.1366    34.3315    34.3288    8.05712         25 0.0000e+00
    456.000    450.784    -0.0433  28.704369    -0.0409  28.704253     4.7563     4.8645    -0.0066    97.8454 1.0000e-12  -74.17250 -113.26978  38.448892      87.47 4.1882e+01    681.255      16351  1029.7336  1029.7312     4.6416     0.0682     0.1384    34.3324    34.3296    8.05679         26 0.0000e+00
    457.000    451.771    -0.0431  28.705181    -0.0408  28.705001     4.7576     4.8667    -0.0083    97.8497 1.0000e-12  -74.17250 -113.26978  38.448904      97.98 3.9711e+01    682.291      16376  1029.7386  1029.7362     4.6418     0.0709     0.1374    34.3326    34.3299    8.05673         24 0.0000e+00
    458.000    452.761    -0.0425  28.706666    -0.0401  28.706541     4.7578     4.8621    -0.0141    97.8644 1.0000e-12  -74.17250 -113.26978  38.448916      99.91 4.0259e+01    683.325      16401  1029.7439  1029.7415     4.6425     0.0696     0.1392    34.3334    34.3306    8.05658         25 0.0000e+00
    459.000    453.746    -0.0390  28.711211    -0.0366  28.711093     4.7537     4.8598    -0.0102    97.8840 1.0000e-12  -74.17250 -113.26978  38.448928      99.93 4.1626e+01    684.392      16426  1029.7496  1029.7471     4.6435     0.0698     0.1389    34.3349    34.3320    8.05575         26 0.0000e+00
    460.000    454.733    -0.0346  28.716475    -0.0323  28.716028     4.7484     4.8530    -0.0120    97.8691 1.0000e-12  -74.17250 -113.26978  38.448940      99.92 4.0032e+01    685.437      16451  1029.7551  1029.7524     4.6428     0.0698     0.1377    34.3363    34.3332    8.05474         24 0.0000e+00
    461.000    455.721    -0.0275  28.723682    -0.0245  28.724187     4.7396     4.8482    -0.0159    97.9170 1.0000e-12  -74.17250 -113.26978  38.448952      99.92 4.0193e+01    686.457      16476  1029.7601  1029.7577     4.6450     0.0691     0.1354    34.3374    34.3346    8.05320         25 0.0000e+00
    462.000    456.709    -0.0261  28.725449    -0.0235  28.725624     4.7455     4.8526    -0.0106    97.9181 1.0000e-12  -74.17250 -113.26978  38.448964      99.93 4.1818e+01    687.502      16501  1029.7649  1029.7626     4.6451     0.0698     0.1379    34.3375    34.3348    8.05289         25 0.0000e+00
    463.000    457.696    -0.0238  28.728227    -0.0212  28.728288     4.7394     4.8441    -0.0108    97.9237 1.0000e-12  -74.17250 -113.26978  38.448977      99.93 4.0128e+01    688.569      16527  1029.7699  1029.7674     4.6453     0.0691     0.1359    34.3380    34.3352    8.05237         26 0.0000e+00
    464.000    458.684    -0.0222  28.730122    -0.0200  28.729938     4.7410     4.8467    -0.0168    97.9119 1.0000e-12  -74.17250 -113.26978  38.448989      99.92 3.9911e+01    689.626      16552  1029.7747  1029.7723     4.6448     0.0699     0.1393    34.3382    34.3354    8.05204         25 0.0000e+00
    465.000    459.671    -0.0200  28.732893    -0.0175  28.732675     4.7401     4.8509    -0.0097    97.9177 1.0000e-12  -74.17250 -113.26978  38.449001      99.92 4.1899e+01    690.686      16577  1029.7797  1029.7771     4.6451     0.0694     0.1365    34.3387    34.3357    8.05153         26 0.0000e+00
    466.000    460.657    -0.0185  28.734674    -0.0162  28.734479     4.7332     4.8414    -0.0083    97.9152 1.0000e-12  -74.17250 -113.26978  38.449013      99.93 4.0549e+01    691.727      16602  1029.7844  1029.7821     4.6449     0.0699     0.1362    34.3388    34.3361    8.05121         24 0.0000e+00
    467.000    461.646    -0.0179  28.735701    -0.0155  28.735690     4.7407     4.8401    -0.0100    97.9242 1.0000e-12  -74.17250 -113.26978  38.449025      99.92 4.0335e+01    692.746      16627  1029.7892  1029.7869     4.6454     0.0693     0.1375    34.3389    34.3362    8.05108         25 0.0000e+00
