ocean_section_plots/required_files/ctd/dnbp2202_ctd083.cnv
* Sea-Bird SBE 9 Data File:
* FileName = D:\Data\raw\NBP2202_CTD083.hex
* Software Version Seasave V 7.26.7.121
* Temperature SN = 1649
* Conductivity SN = 2513
* Number of Bytes Per Scan = 40
* Number of Voltage Words = 5
* Number of Scans Averaged by the Deck Unit = 1
* NMEA Latitude = 74 10.51 S
* NMEA Longitude = 113 20.67 W
* NMEA UTC (Time) = Jan 26 2022  18:34:01
* NMEA baud rate = 9600
** Ship: RVIB N.B. Palmer
** Cruise: NBP2202 Thwaites
** Station: YoYo001
** Operator: A. Robinson
# nquan = 25
# nvalues = 607                         
# units = specified
# name 0 = prDM: Pressure, Digiquartz [db]
# name 1 = depSM: Depth [salt water, m]
# name 2 = t090C: Temperature [ITS-90, deg C]
# name 3 = c0mS/cm: Conductivity [mS/cm]
# name 4 = t190C: Temperature, 2 [ITS-90, deg C]
# name 5 = c1mS/cm: Conductivity, 2 [mS/cm]
# name 6 = sbeox0ML/L: Oxygen, SBE 43 [ml/l]
# name 7 = sbeox1ML/L: Oxygen, SBE 43, 2 [ml/l]
# name 8 = flECO-AFL: Fluorescence, WET Labs ECO-AFL/FL [mg/m^3]
# name 9 = CStarTr0: Beam Transmission, WET Labs C-Star [%]
# name 10 = par: PAR/Irradiance, Biospherical/Licor
# name 11 = latitude: Latitude [deg]
# name 12 = longitude: Longitude [deg]
# name 13 = timeJ: Julian Days
# name 14 = altM: Altimeter [m]
# name 15 = spar: SPAR, Biospherical/Licor
# name 16 = timeS: Time, Elapsed [seconds]
# name 17 = scan: Scan Count
# name 18 = density00: Density [density, kg/m^3]
# name 19 = density11: Density, 2 [density, kg/m^3]
# name 20 = sal00: Salinity, Practical [PSU]
# name 21 = sal11: Salinity, Practical, 2 [PSU]
# name 22 = oxsolML/L: Oxygen Saturation, Garcia & Gordon [ml/l]
# name 23 = nbin: number of scans per bin
# name 24 = flag: flag
# span 0 =     10.000,    616.000       
# span 1 =      9.895,    608.717       
# span 2 =    -1.5688,     0.0929       
# span 3 =  26.967610,  28.924828       
# span 4 =    -1.5675,     0.0949       
# span 5 =  26.967671,  28.925725       
# span 6 =     4.6956,     8.5941       
# span 7 =     4.7738,     8.4419       
# span 8 =    -0.0224,    26.7033       
# span 9 =    69.1388,    95.7701       
# span 10 = 1.0000e-12, 4.5936e+01      
# span 11 =  -74.17530,  -74.17528      
# span 12 = -113.34460, -113.34456      
# span 13 =  26.774151,  26.783633      
# span 14 =       4.63,     100.08      
# span 15 = 1.4121e+03, 1.7155e+03      
# span 16 =     45.676,    864.861      
# span 17 =       1097,      20758      
# span 18 =  1027.2222,  1030.5166      
# span 19 =  1027.2208,  1030.5144      
# span 20 =    33.7898,    34.3807      
# span 21 =    33.7879,    34.3781      
# span 22 =    8.02550,    8.41154      
# span 23 =         20,         46      
# span 24 = 0.0000e+00, 0.0000e+00      
# interval = decibars: 1                
# start_time = Jan 26 2022 18:34:01 [NMEA time, header]
# bad_flag = -9.990e-29
*END*
     10.000      9.895    -1.0201  27.282449    -1.0189  27.282141     8.5941     8.4419    20.7625    69.1388 4.5936e+01  -74.17528 -113.34460  26.774151      99.62 1.4236e+03     45.676       1097  1027.2222  1027.2208    33.7898    33.7879    8.29886         20 0.0000e+00
     11.000     10.886    -1.0265  27.279662    -1.0243  27.280081     8.5087     8.3951    20.4327    69.3023 3.3615e+01  -74.17528 -113.34460  26.774174      99.89 1.4259e+03     47.592       1143  1027.2294  1027.2279    33.7925    33.7907    8.30011         44 0.0000e+00
     12.000     11.875    -1.0311  27.278802    -1.0300  27.278475     8.4796     8.3999    20.4173    69.7424 2.4529e+01  -74.17528 -113.34460  26.774195      99.91 1.4249e+03     49.476       1188  1027.2370  1027.2357    33.7959    33.7943    8.30092         42 0.0000e+00
     13.000     12.866    -1.0343  27.277270    -1.0300  27.279111     8.4669     8.4255    21.9294    70.3468 1.8053e+01  -74.17528 -113.34460  26.774217      99.95 1.4208e+03     51.314       1233  1027.2426  1027.2405    33.7969    33.7945    8.30159         38 0.0000e+00
     14.000     13.855    -1.0330  27.278896    -1.0296  27.279733     8.4530     8.4219    25.2082    71.3611 1.3369e+01  -74.17528 -113.34460  26.774238      99.97 1.4157e+03     53.132       1276  1027.2473  1027.2450    33.7969    33.7943    8.30129         40 0.0000e+00
     15.000     14.844    -1.0366  27.277037    -1.0375  27.274772     8.3730     8.3698    26.7033    69.6492 1.0052e+01  -74.17528 -113.34460  26.774259      99.94 1.4123e+03     54.976       1320  1027.2529  1027.2513    33.7978    33.7957    8.30204         39 0.0000e+00
     16.000     15.834    -1.0573  27.260577    -1.0587  27.259427     8.3063     8.3440    24.2771    70.7667 7.6554e+00  -74.17528 -113.34460  26.774281      96.18 1.4121e+03     56.877       1366  1027.2591  1027.2592    33.7981    33.7981    8.30661         35 0.0000e+00
     17.000     16.823    -1.0637  27.256613    -1.0608  27.257517     8.3105     8.3584    22.8049    71.0770 5.8515e+00  -74.17528 -113.34460  26.774303      99.94 1.4131e+03     58.757       1411  1027.2650  1027.2632    33.7993    33.7972    8.30796         44 0.0000e+00
     18.000     17.813    -1.0610  27.259345    -1.0600  27.258666     8.3429     8.3912    22.7290    70.9225 4.5046e+00  -74.17528 -113.34460  26.774324      99.98 1.4152e+03     60.576       1455  1027.2694  1027.2677    33.7993    33.7972    8.30735         35 0.0000e+00
     19.000     18.803    -1.0584  27.261564    -1.0569  27.261398     8.3583     8.4227    23.4550    71.2489 3.4717e+00  -74.17528 -113.34460  26.774345      99.97 1.4176e+03     62.411       1499  1027.2736  1027.2720    33.7988    33.7969    8.30681         40 0.0000e+00
     20.000     19.792    -1.0572  27.263402    -1.0546  27.263745     8.3203     8.3972    23.6384    70.6239 2.6911e+00  -74.17528 -113.34460  26.774367      99.97 1.4194e+03     64.330       1545  1027.2787  1027.2765    33.7994    33.7969    8.30652         43 0.0000e+00
     21.000     20.782    -1.0609  27.262032    -1.0605  27.261056     8.1764     8.2443    25.5335    71.7492 2.1009e+00  -74.17528 -113.34460  26.774389      99.97 1.4206e+03     66.241       1591  1027.2849  1027.2836    33.8010    33.7993    8.30723         38 0.0000e+00
     22.000     21.770    -1.0888  27.239647    -1.1024  27.228717     7.9326     8.0584    25.0306    72.6973 1.6211e+00  -74.17528 -113.34460  26.774410      99.98 1.4199e+03     68.060       1634  1027.2917  1027.2929    33.8013    33.8016    8.31341         36 0.0000e+00
     23.000     22.761    -1.1297  27.207331    -1.1238  27.212616     7.7259     7.9208    23.8624    71.4291 1.2497e+00  -74.17528 -113.34460  26.774432      94.43 1.4208e+03     69.896       1679  1027.2998  1027.2998    33.8026    33.8031    8.32241         41 0.0000e+00
     24.000     23.750    -1.1684  27.178041    -1.1666  27.179114     7.6521     7.8157    20.0716    71.2040 9.6992e-01  -74.17528 -113.34459  26.774454      99.99 1.4219e+03     71.797       1724  1027.3089  1027.3083    33.8055    33.8050    8.33085         41 0.0000e+00
     25.000     24.740    -1.1732  27.174747    -1.1729  27.173672     7.5638     7.7170    17.5870    72.4255 7.6335e-01  -74.17528 -113.34459  26.774475      99.91 1.4234e+03     73.653       1769  1027.3137  1027.3122    33.8058    33.8040    8.33190         44 0.0000e+00
     26.000     25.730    -1.2019  27.151547    -1.2048  27.150277     7.4118     7.5837    19.3494    74.3118 5.9936e-01  -74.17528 -113.34459  26.774496      99.87 1.4262e+03     75.476       1812  1027.3198  1027.3212    33.8058    33.8073    8.33829         40 0.0000e+00
     27.000     26.720    -1.2336  27.126565    -1.2308  27.127609     7.3942     7.5464    16.7500    73.5646 4.7307e-01  -74.17528 -113.34459  26.774518      99.69 1.4278e+03     77.369       1858  1027.3267  1027.3251    33.8067    33.8050    8.34531         44 0.0000e+00
     28.000     27.708    -1.2357  27.125298    -1.2339  27.125765     7.3359     7.4413    18.3836    74.7578 3.7673e-01  -74.17528 -113.34460  26.774541      99.84 1.4272e+03     79.297       1904  1027.3310  1027.3298    33.8067    33.8054    8.34577         37 0.0000e+00
     29.000     28.698    -1.2474  27.117175    -1.2593  27.107363     7.1879     7.2965    19.7925    76.5339 3.0029e-01  -74.17528 -113.34460  26.774562      99.72 1.4262e+03     81.177       1949  1027.3372  1027.3380    33.8082    33.8082    8.34831         44 0.0000e+00
     30.000     29.688    -1.2793  27.092027    -1.2827  27.088284     7.1157     7.2900    13.4187    76.3615 2.4234e-01  -74.17528 -113.34460  26.774583      99.02 1.4262e+03     83.000       1993  1027.3443  1027.3434    33.8091    33.8078    8.35538         40 0.0000e+00
     31.000     30.677    -1.2827  27.090873    -1.2787  27.092563     7.1398     7.2830    13.8726    76.7344 1.9560e-01  -74.17528 -113.34460  26.774605      99.24 1.4263e+03     84.845       2037  1027.3501  1027.3480    33.8108    33.8085    8.35606         37 0.0000e+00
     32.000     31.666    -1.2894  27.085222    -1.2905  27.084145     7.0733     7.2346    13.8274    78.2730 1.5622e-01  -74.17528 -113.34460  26.774627      99.67 1.4302e+03     86.732       2083  1027.3542  1027.3542    33.8099    33.8097    8.35760         35 0.0000e+00
     33.000     32.656    -1.2980  27.079928    -1.2956  27.080384     7.0994     7.2509    12.2736    79.0449 1.2204e-01  -74.17528 -113.34460  26.774648      99.49 1.4371e+03     88.586       2127  1027.3607  1027.3588    33.8118    33.8097    8.35942         37 0.0000e+00
     34.000     33.646    -1.2913  27.085115    -1.2874  27.087262     7.0912     7.2223    13.3741    79.6958 9.5232e-02  -74.17528 -113.34459  26.774670      99.40 1.4464e+03     90.453       2172  1027.3639  1027.3625    33.8107    33.8092    8.35798         43 0.0000e+00
     35.000     34.635    -1.2967  27.081718    -1.2966  27.080846     7.0548     7.1916    14.5598    81.0213 7.3914e-02  -74.17528 -113.34459  26.774691      99.53 1.4582e+03     92.331       2217  1027.3694  1027.3684    33.8114    33.8102    8.35914         45 0.0000e+00
     36.000     35.624    -1.3017  27.078305    -1.3028  27.076896     7.0275     7.1620    14.1866    80.0268 5.4822e-02  -74.17528 -113.34459  26.774713      99.50 1.4713e+03     94.173       2261  1027.3747  1027.3742    33.8119    33.8111    8.36025         38 0.0000e+00
     37.000     36.615    -1.3080  27.074268    -1.3046  27.075534     7.0238     7.1651    11.8018    80.0957 3.8546e-02  -74.17528 -113.34459  26.774734      97.95 1.4850e+03     96.028       2306  1027.3804  1027.3786    33.8128    33.8107    8.36160         37 0.0000e+00
     38.000     37.603    -1.3044  27.077458    -1.3034  27.077045     7.0280     7.1647    14.6648    80.9988 2.4841e-02  -74.17528 -113.34459  26.774756      97.21 1.4985e+03     97.903       2351  1027.3846  1027.3832    33.8125    33.8108    8.36081         34 0.0000e+00
     39.000     38.593    -1.3070  27.075674    -1.3043  27.076742     6.9332     7.0714    10.9387    80.2733 1.2026e-02  -74.17528 -113.34459  26.774777      99.49 1.5108e+03     99.748       2395  1027.3893  1027.3879    33.8123    33.8107    8.36140         42 0.0000e+00
     40.000     39.583    -1.3256  27.061732    -1.3277  27.059994     6.7114     6.8757    10.7315    80.8893 2.3164e-03  -74.17528 -113.34459  26.774799      99.37 1.5206e+03    101.601       2439  1027.3962  1027.3963    33.8136    33.8135    8.36550         43 0.0000e+00
     41.000     40.571    -1.3612  27.036156    -1.3614  27.035495     6.5465     6.7258    11.2995    80.3428 8.7616e-06  -74.17528 -113.34459  26.774820      99.37 1.5284e+03    103.480       2485  1027.4065  1027.4060    33.8180    33.8174    8.37322         38 0.0000e+00
     42.000     41.561    -1.3815  27.021919    -1.3797  27.022599     6.4757     6.6521    10.1023    82.0038 1.0000e-12  -74.17528 -113.34459  26.774842      99.34 1.5330e+03    105.343       2529  1027.4144  1027.4134    33.8208    33.8197    8.37762         37 0.0000e+00
     43.000     42.550    -1.3907  27.015917    -1.3895  27.015915     6.4609     6.6163     7.4175    81.5235 1.0000e-12  -74.17528 -113.34459  26.774863      99.51 1.5332e+03    107.204       2574  1027.4206  1027.4195    33.8224    33.8211    8.37959         40 0.0000e+00
     44.000     43.539    -1.3933  27.014495    -1.3917  27.014952     6.4216     6.5838     8.7030    82.8324 1.0000e-12  -74.17528 -113.34459  26.774885      92.25 1.5280e+03    109.047       2618  1027.4255  1027.4245    33.8228    33.8216    8.38016         38 0.0000e+00
     45.000     44.529    -1.4037  27.008081    -1.4003  27.009505     6.3770     6.5262     8.2003    84.0390 1.0000e-12  -74.17528 -113.34459  26.774906      99.16 1.5199e+03    110.913       2663  1027.4325  1027.4308    33.8250    33.8231    8.38236         40 0.0000e+00
     46.000     45.519    -1.4100  27.003953    -1.4085  27.004360     6.3069     6.4508     7.7227    85.2070 1.0000e-12  -74.17528 -113.34459  26.774928      99.48 1.5100e+03    112.813       2709  1027.4380  1027.4371    33.8258    33.8247    8.38372         44 0.0000e+00
     47.000     46.508    -1.4226  26.995873    -1.4218  26.995651     6.2716     6.4103     6.6216    86.2329 1.0000e-12  -74.17528 -113.34458  26.774950      99.56 1.5022e+03    114.654       2753  1027.4453  1027.4443    33.8283    33.8272    8.38641         40 0.0000e+00
     48.000     47.498    -1.4260  26.994223    -1.4247  26.994144     6.2783     6.4095     5.4347    86.6086 1.0000e-12  -74.17528 -113.34458  26.774971      99.57 1.4976e+03    116.475       2796  1027.4508  1027.4495    33.8293    33.8278    8.38712         37 0.0000e+00
     49.000     48.488    -1.4230  26.996888    -1.4221  26.996461     6.2246     6.3503     5.5555    86.4248 1.0000e-12  -74.17528 -113.34459  26.774992      99.52 1.4940e+03    118.349       2841  1027.4550  1027.4537    33.8290    33.8274    8.38646         40 0.0000e+00
     50.000     49.475    -1.4342  26.989659    -1.4351  26.988450     6.1433     6.2813     5.7376    86.6134 1.0000e-12  -74.17528 -113.34459  26.775014      99.54 1.4932e+03    120.228       2886  1027.4620  1027.4615    33.8311    33.8304    8.38886         35 0.0000e+00
     51.000     50.467    -1.4434  26.984241    -1.4418  26.984492     6.1339     6.2686     5.1536    86.7846 1.0000e-12  -74.17528 -113.34460  26.775036      95.64 1.4932e+03    122.094       2931  1027.4690  1027.4678    33.8334    33.8319    8.39080         39 0.0000e+00
     52.000     51.457    -1.4427  26.985357    -1.4415  26.985043     6.1496     6.2715     4.4170    86.9417 1.0000e-12  -74.17528 -113.34460  26.775057      97.82 1.4932e+03    123.941       2976  1027.4737  1027.4722    33.8335    33.8318    8.39063         36 0.0000e+00
     53.000     52.445    -1.4417  26.986493    -1.4406  26.986254     6.1596     6.2781     5.3700    88.2710 1.0000e-12  -74.17528 -113.34460  26.775079      99.59 1.4932e+03    125.788       3020  1027.4781  1027.4769    33.8333    33.8318    8.39042         42 0.0000e+00
     54.000     53.435    -1.4402  26.987811    -1.4395  26.987478     6.1497     6.2586     5.1577    88.4261 1.0000e-12  -74.17528 -113.34460  26.775100      99.67 1.4938e+03    127.671       3065  1027.4824  1027.4813    33.8328    33.8316    8.39012         42 0.0000e+00
     55.000     54.423    -1.4433  26.986406    -1.4430  26.985802     6.0877     6.2172     4.7542    89.2903 1.0000e-12  -74.17528 -113.34460  26.775122      99.68 1.4957e+03    129.548       3110  1027.4880  1027.4871    33.8338    33.8326    8.39076         41 0.0000e+00
     56.000     55.412    -1.4526  26.980976    -1.4489  26.982617     6.0272     6.1518     4.8152    89.0044 1.0000e-12  -74.17528 -113.34460  26.775144      99.71 1.4953e+03    131.428       3155  1027.4953  1027.4935    33.8362    33.8343    8.39271         41 0.0000e+00
     57.000     56.403    -1.4585  26.978016    -1.4586  26.977147     6.0183     6.1338     3.7257    89.1709 1.0000e-12  -74.17528 -113.34460  26.775165      99.65 1.4930e+03    133.275       3200  1027.5019  1027.5011    33.8382    33.8371    8.39392         40 0.0000e+00
     58.000     57.391    -1.4588  26.978394    -1.4593  26.977192     6.0179     6.1357     4.5578    89.8755 1.0000e-12  -74.17528 -113.34460  26.775186      99.76 1.4893e+03    135.095       3243  1027.5068  1027.5060    33.8385    33.8374    8.39398         42 0.0000e+00
     59.000     58.378    -1.4554  26.980784    -1.4550  26.980214     5.9042     6.0329     4.3938    90.8472 1.0000e-12  -74.17528 -113.34460  26.775208      95.43 1.4864e+03    136.954       3288  1027.5104  1027.5094    33.8373    33.8360    8.39329         36 0.0000e+00
     60.000     59.370    -1.4772  26.967945    -1.4764  26.967867     5.8229     5.9584     3.5160    89.9912 1.0000e-12  -74.17528 -113.34460  26.775230      99.70 1.4841e+03    138.857       3334  1027.5216  1027.5208    33.8436    33.8427    8.39781         39 0.0000e+00
     61.000     60.359    -1.4793  26.967610    -1.4779  26.967671     5.8283     5.9561     2.9857    90.5894 1.0000e-12  -74.17528 -113.34459  26.775251      99.65 1.4818e+03    140.718       3378  1027.5273  1027.5261    33.8449    33.8434    8.39821         42 0.0000e+00
     62.000     61.350    -1.4768  26.969674    -1.4759  26.969326     5.8297     5.9549     1.8480    91.0098 1.0000e-12  -74.17528 -113.34459  26.775273      99.80 1.4809e+03    142.565       3423  1027.5314  1027.5301    33.8443    33.8428    8.39768         38 0.0000e+00
     63.000     62.339    -1.4775  26.970222    -1.4762  26.970104     5.8408     5.9567     2.1280    91.3386 1.0000e-12  -74.17528 -113.34458  26.775294      99.82 1.4808e+03    144.427       3467  1027.5369  1027.5355    33.8452    33.8436    8.39779         42 0.0000e+00
     64.000     63.327    -1.4755  26.971865    -1.4746  26.971469     5.8651     5.9786     1.8669    91.9298 1.0000e-12  -74.17528 -113.34459  26.775316      99.70 1.4823e+03    146.279       3512  1027.5410  1027.5397    33.8447    33.8430    8.39738         35 0.0000e+00
     65.000     64.318    -1.4737  26.973486    -1.4719  26.973594     5.8752     5.9941     2.3580    92.2246 1.0000e-12  -74.17528 -113.34459  26.775337      94.34 1.4853e+03    148.158       3557  1027.5453  1027.5437    33.8441    33.8422    8.39699         33 0.0000e+00
     66.000     65.305    -1.4723  26.974845    -1.4710  26.974621     5.8695     5.9831     2.7624    92.5867 1.0000e-12  -74.17528 -113.34459  26.775359      97.02 1.4892e+03    150.041       3602  1027.5498  1027.5483    33.8439    33.8421    8.39670         40 0.0000e+00
