ocean_section_plots/required_files/ctd/dnbp2202_ctd139.cnv
* Sea-Bird SBE 9 Data File:
* FileName = D:\Data\raw\NBP2202_CTD139.hex
* Software Version Seasave V 7.26.7.121
* Temperature SN = 1649
* Conductivity SN = 2513
* Number of Bytes Per Scan = 40
* Number of Voltage Words = 5
* Number of Scans Averaged by the Deck Unit = 1
* NMEA Latitude = 74 01.74 S
* NMEA Longitude = 113 20.67 W
* NMEA UTC (Time) = Jan 29 2022  07:08:00
* NMEA baud rate = 9600
** Ship: RVIB N.B. Palmer
** Cruise: NBP2202 Thwaites
** Station: 68
** Operator: B. Bjork
# nquan = 25
# nvalues = 258                         
# units = specified
# name 0 = prDM: Pressure, Digiquartz [db]
# name 1 = depSM: Depth [salt water, m]
# name 2 = t090C: Temperature [ITS-90, deg C]
# name 3 = c0mS/cm: Conductivity [mS/cm]
# name 4 = t190C: Temperature, 2 [ITS-90, deg C]
# name 5 = c1mS/cm: Conductivity, 2 [mS/cm]
# name 6 = sbeox0ML/L: Oxygen, SBE 43 [ml/l]
# name 7 = sbeox1ML/L: Oxygen, SBE 43, 2 [ml/l]
# name 8 = flECO-AFL: Fluorescence, WET Labs ECO-AFL/FL [mg/m^3]
# name 9 = CStarTr0: Beam Transmission, WET Labs C-Star [%]
# name 10 = par: PAR/Irradiance, Biospherical/Licor
# name 11 = latitude: Latitude [deg]
# name 12 = longitude: Longitude [deg]
# name 13 = timeJ: Julian Days
# name 14 = altM: Altimeter [m]
# name 15 = spar: SPAR, Biospherical/Licor
# name 16 = timeS: Time, Elapsed [seconds]
# name 17 = scan: Scan Count
# name 18 = density00: Density [density, kg/m^3]
# name 19 = density11: Density, 2 [density, kg/m^3]
# name 20 = sal00: Salinity, Practical [PSU]
# name 21 = sal11: Salinity, Practical, 2 [PSU]
# name 22 = oxsolML/L: Oxygen Saturation, Garcia & Gordon [ml/l]
# name 23 = nbin: number of scans per bin
# name 24 = flag: flag
# span 0 =      3.000,    260.000       
# span 1 =      2.976,    257.144       
# span 2 =    -1.3545,    -0.6925       
# span 3 =  27.105469,  27.898581       
# span 4 =    -1.3548,    -0.6910       
# span 5 =  27.105395,  27.898296       
# span 6 =     5.0346,     8.7219       
# span 7 =     5.1436,     8.9533       
# span 8 =    -0.0189,    28.2366       
# span 9 =    66.7623,    93.6518       
# span 10 = 1.0000e-12, 3.2096e+00      
# span 11 =  -74.02906,  -74.02904      
# span 12 = -113.34464, -113.34462      
# span 13 =  29.299603,  29.304502      
# span 14 =      -0.03,     100.24      
# span 15 = 1.9177e+01, 2.9232e+01      
# span 16 =    205.691,    628.888      
# span 17 =       4938,      15094      
# span 18 =  1027.1800,  1028.6615      
# span 19 =  1027.1817,  1028.6591      
# span 20 =    33.7809,    34.1086      
# span 21 =    33.7822,    34.1065      
# span 22 =    8.20858,    8.36829      
# span 23 =          1,         46      
# span 24 = 0.0000e+00, 0.0000e+00      
# interval = decibars: 1                
# start_time = Jan 29 2022 07:08:00 [NMEA time, header]
# bad_flag = -9.990e-29
*END*
[from data line 116]
    119.000    117.734    -1.2937  27.199741    -1.2935  27.199544     5.5302     5.6562     1.4235    92.5804 1.0000e-12  -74.02906 -113.34463  29.301813      99.81 2.6443e+01    396.661       9521  1027.8581  1027.8577    33.9177    33.9172    8.35217         28 0.0000e+00
    120.000    118.725    -1.2940  27.199846    -1.2939  27.199598     5.5285     5.6530     1.8127    92.5877 1.0000e-12  -74.02906 -113.34463  29.301827      99.82 2.6443e+01    397.837       9549  1027.8629  1027.8625    33.9176    33.9172    8.35225         29 0.0000e+00
    121.000    119.714    -1.2946  27.201110    -1.2943  27.200890     5.5215     5.6435     1.0366    92.2802 1.0000e-12  -74.02906 -113.34463  29.301841      99.81 2.6443e+01    399.025       9578  1027.8692  1027.8686    33.9194    33.9188    8.35228         29 0.0000e+00
    122.000    120.702    -1.2896  27.207532    -1.2893  27.207219     5.5141     5.6406     0.4584    92.4464 1.0000e-12  -74.02906 -113.34462  29.301854      99.81 2.6443e+01    400.217       9606  1027.8757  1027.8751    33.9219    33.9211    8.35101         28 0.0000e+00
    123.000    121.693    -1.2832  27.216728    -1.2827  27.216400     5.5125     5.6380     0.5211    92.3558 1.0000e-12  -74.02906 -113.34464  29.301868      99.81 2.6443e+01    401.400       9635  1027.8839  1027.8831    33.9266    33.9256    8.34929         28 0.0000e+00
    124.000    122.681    -1.2786  27.222437    -1.2782  27.222168     5.5106     5.6322     0.4877    92.8954 1.0000e-12  -74.02906 -113.34463  29.301882      91.39 2.6443e+01    402.596       9663  1027.8901  1027.8895    33.9286    33.9279    8.34815         30 0.0000e+00
    125.000    123.670    -1.2774  27.224037    -1.2771  27.223852     5.5076     5.6293     0.4793    92.5046 1.0000e-12  -74.02906 -113.34463  29.301896      99.70 2.6443e+01    403.795       9692  1027.8951  1027.8946    33.9288    33.9282    8.34787         28 0.0000e+00
    126.000    124.658    -1.2756  27.226452    -1.2753  27.226116     5.4997     5.6219     0.3744    92.8718 1.0000e-12  -74.02906 -113.34463  29.301909      99.81 2.6065e+01    404.978       9720  1027.9004  1027.8997    33.9295    33.9286    8.34743         28 0.0000e+00
    127.000    125.649    -1.2711  27.231384    -1.2709  27.231013     5.4926     5.6151     0.4854    92.8842 1.0000e-12  -74.02906 -113.34462  29.301923      99.81 2.6893e+01    406.158       9749  1027.9058  1027.9051    33.9306    33.9298    8.34637         28 0.0000e+00
    128.000    126.636    -1.2668  27.236389    -1.2664  27.236069     5.4909     5.6107     0.4513    92.4864 1.0000e-12  -74.02906 -113.34464  29.301937      99.82 2.6948e+01    407.327       9777  1027.9114  1027.9107    33.9319    33.9310    8.34531         28 0.0000e+00
    129.000    127.627    -1.2645  27.239219    -1.2641  27.238963     5.4846     5.6127     0.4427    92.5717 1.0000e-12  -74.02906 -113.34463  29.301950      99.81 2.6296e+01    408.500       9805  1027.9167  1027.9160    33.9326    33.9317    8.34477         29 0.0000e+00
    130.000    128.614    -1.2587  27.245821    -1.2583  27.245299     5.4740     5.6037     0.4498    92.7196 1.0000e-12  -74.02906 -113.34463  29.301964      99.81 2.6442e+01    409.681       9833  1027.9227  1027.9217    33.9344    33.9332    8.34336         28 0.0000e+00
    131.000    129.604    -1.2528  27.252117    -1.2525  27.251717     5.4736     5.5941     0.5744    93.0247 1.0000e-12  -74.02906 -113.34462  29.301977      99.82 2.6443e+01    410.854       9861  1027.9283  1027.9276    33.9358    33.9348    8.34197         28 0.0000e+00
    132.000    130.594    -1.2510  27.254362    -1.2509  27.253827     5.4674     5.5886     0.2181    92.9788 1.0000e-12  -74.02906 -113.34462  29.301991      99.81 2.6443e+01    412.029       9890  1027.9334  1027.9327    33.9361    33.9353    8.34153         29 0.0000e+00
    133.000    131.581    -1.2452  27.260720    -1.2448  27.260352     5.4605     5.5803     0.5229    92.7816 1.0000e-12  -74.02906 -113.34462  29.302005      99.82 2.6443e+01    413.220       9918  1027.9391  1027.9383    33.9377    33.9367    8.34015         28 0.0000e+00
    134.000    132.572    -1.2404  27.265759    -1.2400  27.265387     5.4518     5.5729     0.5567    92.9496 1.0000e-12  -74.02906 -113.34462  29.302019      99.81 2.6443e+01    414.421       9947  1027.9444  1027.9436    33.9385    33.9376    8.33903         29 0.0000e+00
    135.000    133.560    -1.2380  27.268253    -1.2375  27.268026     5.4446     5.5648     0.2841    92.8943 1.0000e-12  -74.02906 -113.34463  29.302033      95.97 2.6443e+01    415.618       9976  1027.9493  1027.9485    33.9387    33.9378    8.33850         29 0.0000e+00
    136.000    134.550    -1.2346  27.272005    -1.2343  27.271677     5.4385     5.5614     0.5767    93.0916 1.0000e-12  -74.02906 -113.34462  29.302047      99.80 2.6443e+01    416.826      10005  1027.9545  1027.9538    33.9393    33.9385    8.33769         29 0.0000e+00
    137.000    135.537    -1.2290  27.278591    -1.2285  27.278136     5.4408     5.5572     0.3235    93.1275 1.0000e-12  -74.02906 -113.34462  29.302060      99.82 2.6443e+01    418.014      10033  1027.9607  1027.9597    33.9414    33.9401    8.33633         28 0.0000e+00
    138.000    136.527    -1.2258  27.282204    -1.2253  27.281995     5.4410     5.5521     0.2393    93.1570 1.0000e-12  -74.02906 -113.34462  29.302074      99.81 2.6443e+01    419.180      10061  1027.9659  1027.9652    33.9421    33.9412    8.33557         28 0.0000e+00
    139.000    137.516    -1.2254  27.283320    -1.2249  27.283095     5.4445     5.5571     0.2113    93.2764 1.0000e-12  -74.02906 -113.34462  29.302087      99.81 2.6443e+01    420.351      10089  1027.9712  1027.9705    33.9425    33.9417    8.33545         28 0.0000e+00
    140.000    138.506    -1.2243  27.285077    -1.2240  27.284780     5.4436     5.5593     0.2337    93.2057 1.0000e-12  -74.02906 -113.34462  29.302101      99.81 2.6443e+01    421.540      10118  1027.9764  1027.9758    33.9431    33.9423    8.33518         29 0.0000e+00
    141.000    139.494    -1.2258  27.284252    -1.2254  27.284023     5.4459     5.5635     0.2806    93.1258 1.0000e-12  -74.02906 -113.34462  29.302115      99.82 2.6443e+01    422.730      10147  1027.9814  1027.9808    33.9430    33.9423    8.33552         28 0.0000e+00
    142.000    140.483    -1.2256  27.284952    -1.2250  27.284797     5.4479     5.5682     0.1306    93.1686 1.0000e-12  -74.02906 -113.34462  29.302129      99.82 2.6443e+01    423.924      10175  1027.9863  1027.9856    33.9431    33.9423    8.33547         29 0.0000e+00
    143.000    141.472    -1.2261  27.285016    -1.2255  27.284894     5.4534     5.5705     0.1760    93.1506 1.0000e-12  -74.02906 -113.34462  29.302143      99.81 2.6443e+01    425.112      10204  1027.9912  1027.9905    33.9432    33.9423    8.33558         28 0.0000e+00
    144.000    142.461    -1.2274  27.284637    -1.2270  27.284305     5.4504     5.5705     0.2414    93.2590 1.0000e-12  -74.02906 -113.34462  29.302156      99.83 2.6443e+01    426.283      10232  1027.9964  1027.9956    33.9434    33.9425    8.33584         29 0.0000e+00
    145.000    143.451    -1.2259  27.286762    -1.2257  27.286296     5.4468     5.5642     0.1340    93.1584 1.0000e-12  -74.02906 -113.34462  29.302170      99.81 2.6443e+01    427.460      10260  1028.0015  1028.0008    33.9440    33.9432    8.33547         27 0.0000e+00
    146.000    144.438    -1.2248  27.288295    -1.2246  27.287777     5.4456     5.5586     0.2091    93.1053 1.0000e-12  -74.02906 -113.34462  29.302183      94.95 2.6443e+01    428.657      10289  1028.0065  1028.0058    33.9443    33.9434    8.33522         30 0.0000e+00
    147.000    145.429    -1.2224  27.291207    -1.2221  27.290827     5.4421     5.5577     0.2191    93.3112 1.0000e-12  -74.02906 -113.34462  29.302197      99.54 2.6443e+01    429.852      10317  1028.0117  1028.0110    33.9450    33.9441    8.33464         28 0.0000e+00
    148.000    146.417    -1.2213  27.292924    -1.2208  27.292640     5.4420     5.5566     0.2151    93.2056 1.0000e-12  -74.02906 -113.34462  29.302211      99.81 2.6443e+01    431.032      10346  1028.0168  1028.0161    33.9454    33.9445    8.33436         29 0.0000e+00
    149.000    147.405    -1.2206  27.293934    -1.2203  27.293692     5.4411     5.5557     0.1297    93.2299 1.0000e-12  -74.02906 -113.34462  29.302225      99.82 2.6443e+01    432.231      10375  1028.0216  1028.0211    33.9454    33.9447    8.33421         28 0.0000e+00
    150.000    148.395    -1.2203  27.294909    -1.2198  27.294574     5.4422     5.5555     0.1762    93.2725 1.0000e-12  -74.02906 -113.34462  29.302239      99.82 2.6443e+01    433.425      10403  1028.0267  1028.0259    33.9458    33.9448    8.33412         29 0.0000e+00
    151.000    149.383    -1.2194  27.296238    -1.2190  27.295925     5.4402     5.5577     0.1656    93.2392 1.0000e-12  -74.02906 -113.34462  29.302252      99.81 2.6443e+01    434.597      10431  1028.0316  1028.0309    33.9460    33.9450    8.33391         28 0.0000e+00
    152.000    150.373    -1.2177  27.298591    -1.2173  27.298321     5.4371     5.5573     0.1137    93.1921 1.0000e-12  -74.02906 -113.34462  29.302266      99.82 2.6443e+01    435.771      10460  1028.0369  1028.0362    33.9467    33.9458    8.33350         28 0.0000e+00
    153.000    151.363    -1.2149  27.302195    -1.2145  27.301898     5.4452     5.5571     0.2278    93.2351 1.0000e-12  -74.02906 -113.34463  29.302280      99.82 2.6443e+01    436.962      10488  1028.0425  1028.0418    33.9478    33.9469    8.33281         29 0.0000e+00
    154.000    152.350    -1.2126  27.305509    -1.2123  27.305136     5.4448     5.5614     0.1797    92.9745 1.0000e-12  -74.02906 -113.34462  29.302294      99.82 2.6443e+01    438.168      10517  1028.0483  1028.0475    33.9491    33.9482    8.33222         29 0.0000e+00
    155.000    153.340    -1.2118  27.307099    -1.2115  27.306786     5.4485     5.5656     0.2546    93.2507 1.0000e-12  -74.02906 -113.34464  29.302308      75.17 2.6443e+01    439.369      10546  1028.0535  1028.0528    33.9498    33.9489    8.33200         28 0.0000e+00
    156.000    154.327    -1.2106  27.309303    -1.2101  27.308998     5.4559     5.5690     0.2258    92.9703 1.0000e-12  -74.02906 -113.34463  29.302321      78.98 2.6443e+01    440.537      10574  1028.0591  1028.0583    33.9507    33.9498    8.33166         28 0.0000e+00
    157.000    155.318    -1.2112  27.309428    -1.2108  27.309236     5.4605     5.5741     0.1981    93.1188 1.0000e-12  -74.02906 -113.34463  29.302334      96.59 2.6375e+01    441.682      10601  1028.0642  1028.0636    33.9510    33.9503    8.33179         28 0.0000e+00
    158.000    156.307    -1.2115  27.309816    -1.2112  27.309309     5.4645     5.5796     0.1886    93.2287 1.0000e-12  -74.02906 -113.34463  29.302348      58.33 2.6692e+01    442.843      10629  1028.0692  1028.0684    33.9512    33.9502    8.33183         28 0.0000e+00
    159.000    157.294    -1.2102  27.313032    -1.2091  27.313191     5.4568     5.5727     0.1498    93.3425 1.0000e-12  -74.02906 -113.34463  29.302362     100.18 2.6870e+01    444.052      10658  1028.0758  1028.0749    33.9536    33.9525    8.33141         29 0.0000e+00
    160.000    158.284    -1.1971  27.327933    -1.1955  27.328161     5.4330     5.5554     0.1844    93.2848 1.0000e-12  -74.02906 -113.34464  29.302376      99.82 2.6687e+01    445.247      10687  1028.0837  1028.0825    33.9585    33.9570    8.32820         29 0.0000e+00
    161.000    159.273    -1.1844  27.339842    -1.1826  27.340447     5.4139     5.5417     0.1543    93.3355 1.0000e-12  -74.02906 -113.34462  29.302389      99.82 2.6821e+01    446.435      10715  1028.0888  1028.0878    33.9598    33.9587    8.32529         28 0.0000e+00
    162.000    160.260    -1.1793  27.344862    -1.1783  27.344796     5.3957     5.5183     0.2337    93.3120 1.0000e-12  -74.02906 -113.34463  29.302403      99.81 2.7663e+01    447.631      10744  1028.0938  1028.0928    33.9603    33.9591    8.32413         29 0.0000e+00
    163.000    161.250    -1.1724  27.351978    -1.1729  27.350353     5.3862     5.5130     0.3724    93.2753 1.0000e-12  -74.02906 -113.34463  29.302417      99.82 2.6706e+01    448.799      10772  1028.0993  1028.0980    33.9616    33.9599    8.32252         28 0.0000e+00
    164.000    162.241    -1.1544  27.373452    -1.1538  27.372860     5.4071     5.5274     0.1954    93.1005 1.0000e-12  -74.02906 -113.34464  29.302430      99.82 2.7323e+01    449.977      10800  1028.1098  1028.1086    33.9699    33.9685    8.31803         28 0.0000e+00
    165.000    163.229    -1.1558  27.377446    -1.1554  27.377093     5.4274     5.5383     0.1206    93.2139 1.0000e-12  -74.02906 -113.34464  29.302444      99.80 2.7233e+01    451.170      10829  1028.1201  1028.1193    33.9764    33.9754    8.31796         29 0.0000e+00
    166.000    164.216    -1.1600  27.376160    -1.1595  27.375758     5.4262     5.5288     0.1372    93.0684 1.0000e-12  -74.02906 -113.34464  29.302458      99.22 2.7474e+01    452.364      10858  1028.1272  1028.1263    33.9788    33.9776    8.31875         29 0.0000e+00
    167.000    165.206    -1.1575  27.379781    -1.1572  27.378889     5.4504     5.5520     0.0747    93.1440 1.0000e-12  -74.02906 -113.34464  29.302472      98.76 2.7423e+01    453.538      10886  1028.1332  1028.1319    33.9803    33.9787    8.31811         27 0.0000e+00
    168.000    166.195    -1.1547  27.384128    -1.1545  27.383604     5.4785     5.5851     0.1409    93.1601 1.0000e-12  -74.02906 -113.34464  29.302485      97.70 2.7260e+01    454.702      10914  1028.1397  1028.1388    33.9825    33.9814    8.31737         28 0.0000e+00
    169.000    167.184    -1.1710  27.372420    -1.1712  27.371950     5.5085     5.6148     0.0660    93.4092 1.0000e-12  -74.02906 -113.34464  29.302499      96.67 2.7262e+01    455.872      10942  1028.1471  1028.1468    33.9843    33.9838    8.32088         28 0.0000e+00
    170.000    168.172    -1.1795  27.370774    -1.1787  27.370732     5.5251     5.6351     0.0814    93.3933 1.0000e-12  -74.02906 -113.34464  29.302512      95.66 2.6972e+01    457.060      10970  1028.1579  1028.1571    33.9910    33.9901    8.32236         30 0.0000e+00
    171.000    169.163    -1.1771  27.375368    -1.1766  27.375090     5.5311     5.6463     0.0620    93.4429 1.0000e-12  -74.02906 -113.34464  29.302526      94.56 2.6759e+01    458.264      10999  1028.1649  1028.1642    33.9939    33.9930    8.32166         28 0.0000e+00
    172.000    170.150    -1.1820  27.371808    -1.1810  27.371980     5.5244     5.6464     0.0366    93.4913 1.0000e-12  -74.02906 -113.34464  29.302540      93.54 2.7772e+01    459.445      11028  1028.1701  1028.1693    33.9940    33.9931    8.32275         28 0.0000e+00
    173.000    171.139    -1.1782  27.376952    -1.1773  27.376520     5.4898     5.6160     0.0174    93.5664 1.0000e-12  -74.02906 -113.34464  29.302553      92.53 2.7288e+01    460.594      11055  1028.1763  1028.1749    33.9961    33.9945    8.32178         27 0.0000e+00
    174.000    172.128    -1.1664  27.388521    -1.1668  27.386564     5.4576     5.5829     0.1118    93.4931 1.0000e-12  -74.02906 -113.34464  29.302567      91.50 2.6441e+01    461.753      11083  1028.1818  1028.1800    33.9980    33.9957    8.31905         29 0.0000e+00
    175.000    173.117    -1.1270  27.426128    -1.1260  27.425399     5.4348     5.5562     0.0473    93.4455 1.0000e-12  -74.02906 -113.34464  29.302580      90.54 2.7594e+01    462.954      11112  1028.1890  1028.1872    34.0042    34.0020    8.30994         29 0.0000e+00
