ocean_section_plots/required_files/ctd/dnbp2202_ctd238.cnv
* Sea-Bird SBE 9 Data File:
* FileName = D:\Data\raw\NBP2202_CTD238.hex
* Software Version Seasave V 7.26.7.121
* Temperature SN = 1649
* Conductivity SN = 2513
* Number of Bytes Per Scan = 40
* Number of Voltage Words = 5
* Number of Scans Averaged by the Deck Unit = 1
* NMEA Latitude = 73 46.96 S
* NMEA Longitude = 118 37.05 W
* NMEA UTC (Time) = Feb 13 2022  23:59:18
* NMEA baud rate = 9600
** Ship: RVIB N.B. Palmer
** Cruise: NBP2202 Thwaites
** Station: 148
** Operator: A. Robinson
# nquan = 28
# nvalues = 611                         
# units = specified
# name 0 = prDM: Pressure, Digiquartz [db]
# name 1 = depSM: Depth [salt water, m]
# name 2 = t090C: Temperature [ITS-90, deg C]
# name 3 = c0mS/cm: Conductivity [mS/cm]
# name 4 = t190C: Temperature, 2 [ITS-90, deg C]
# name 5 = c1mS/cm: Conductivity, 2 [mS/cm]
# name 6 = sbeox0ML/L: Oxygen, SBE 43 [ml/l]
# name 7 = sbeox1ML/L: Oxygen, SBE 43, 2 [ml/l]
# name 8 = flECO-AFL: Fluorescence, WET Labs ECO-AFL/FL [mg/m^3]
# name 9 = CStarTr0: Beam Transmission, WET Labs C-Star [%]
# name 10 = par: PAR/Irradiance, Biospherical/Licor
# name 11 = latitude: Latitude [deg]
# name 12 = longitude: Longitude [deg]
# name 13 = timeJ: Julian Days
# name 14 = altM: Altimeter [m]
# name 15 = spar: SPAR, Biospherical/Licor
# name 16 = timeS: Time, Elapsed [seconds]
# name 17 = scan: Scan Count
# name 18 = density00: Density [density, kg/m^3]
# name 19 = density11: Density, 2 [density, kg/m^3]
# name 20 = v3: Voltage 3
# name 21 = v4: Voltage 4
# name 22 = v5: Voltage 5
# name 23 = sal00: Salinity, Practical [PSU]
# name 24 = sal11: Salinity, Practical, 2 [PSU]
# name 25 = oxsolML/L: Oxygen Saturation, Garcia & Gordon [ml/l]
# name 26 = nbin: number of scans per bin
# name 27 = flag: flag
# span 0 =      3.000,    613.000       
# span 1 =      2.969,    605.772       
# span 2 =    -1.6858,     0.3221       
# span 3 =  26.961461,  29.194188       
# span 4 =    -1.6837,     0.3236       
# span 5 =  26.963474,  29.193411       
# span 6 =     4.8244,     9.0569       
# span 7 =     4.9879,     9.4167       
# span 8 =     0.0435,    15.4774       
# span 9 =    82.0956,    97.1263       
# span 10 = -6.792e-05, 6.7647e+02      
# span 11 =  -73.78276,  -73.78276      
# span 12 = -118.61762, -118.61752      
# span 13 =  45.001788,  45.011767      
# span 14 =       4.24,     101.07      
# span 15 = 1.5237e+03, 1.5604e+03      
# span 16 =    196.489,   1058.660      
# span 17 =       4717,      25409      
# span 18 =  1027.2034,  1030.5593      
# span 19 =  1027.2032,  1030.5569      
# span 20 =     3.8953,     4.6075      
# span 21 =     0.0775,     2.0014      
# span 22 =     0.1166,     0.3617      
# span 23 =    33.8632,    34.4772      
# span 24 =    33.8631,    34.4745      
# span 25 =    7.97244,    8.43578      
# span 26 =         18,         45      
# span 27 = 0.0000e+00, 0.0000e+00      
# interval = decibars: 1                
# start_time = Feb 13 2022 23:59:18 [NMEA time, header]
# bad_flag = -9.990e-29
*END*
[from data line 259]
    262.000    259.129    -1.6413  27.089321    -1.6409  27.089033     6.3555     6.6043     0.8519    95.4407 1.0000e-12  -73.78276 -118.61758  45.005941      99.86 1.5594e+03    555.260      13327  1028.6814  1028.6806     4.5272     0.2303     0.1281    34.0719    34.0710    8.42132         28 0.0000e+00
    263.000    260.117    -1.6407  27.090627    -1.6399  27.090469     6.3500     6.5889     0.6131    94.9925 1.0000e-12  -73.78276 -118.61758  45.005955      95.90 1.5599e+03    556.469      13356  1028.6865  1028.6856     4.5067     0.1488     0.1343    34.0723    34.0712    8.42114         29 0.0000e+00
    264.000    261.106    -1.6373  27.094399    -1.6366  27.094124     6.3194     6.5599     0.7163    95.1031 1.0000e-12  -73.78276 -118.61758  45.005968      99.91 1.5521e+03    557.635      13384  1028.6917  1028.6908     4.5116     0.1643     0.1339    34.0731    34.0719    8.42034         27 0.0000e+00
    265.000    262.094    -1.6309  27.101272    -1.6298  27.101194     6.2939     6.5275     0.5133    94.6632 1.0000e-12  -73.78276 -118.61758  45.005980      99.88 1.5480e+03    558.664      13409  1028.6974  1028.6963     4.4907     0.1311     0.1264    34.0746    34.0732    8.41878         23 0.0000e+00
    266.000    263.084    -1.6174  27.113870    -1.6159  27.114299     6.2422     6.4839     1.1390    95.1432 1.0000e-12  -73.78276 -118.61758  45.005991      99.88 1.5540e+03    559.636      13432  1028.7025  1028.7016     4.5136     0.1500     0.1298    34.0760    34.0749    8.41564         24 0.0000e+00
    267.000    264.072    -1.6013  27.129311    -1.5983  27.130076     6.1813     6.4225     0.8052    95.9229 1.0000e-12  -73.78276 -118.61758  45.006005      99.87 1.5567e+03    560.798      13460  1028.7084  1028.7063     4.5504     0.1904     0.1258    34.0784    34.0760    8.41186         32 0.0000e+00
    268.000    265.058    -1.5525  27.173393    -1.5509  27.172839     6.1420     6.3872     0.5999    95.9347 1.0000e-12  -73.78276 -118.61758  45.006021      99.87 1.5604e+03    562.173      13493  1028.7139  1028.7117     4.5511     0.1862     0.1273    34.0830    34.0803    8.40054         31 0.0000e+00
    269.000    266.049    -1.5404  27.184119    -1.5397  27.183784     6.1414     6.3796     0.6332    95.7798 1.0000e-12  -73.78276 -118.61758  45.006034      99.88 1.5583e+03    563.297      13520  1028.7185  1028.7175     4.5437     0.1045     0.1283    34.0833    34.0820    8.39778         23 0.0000e+00
    270.000    267.037    -1.5255  27.199073    -1.5244  27.198752     6.1444     6.3753     0.3371    95.7348 1.0000e-12  -73.78276 -118.61758  45.006043      99.88 1.5562e+03    564.154      13541  1028.7250  1028.7236     4.5416     0.1192     0.1301    34.0863    34.0846    8.39423         20 0.0000e+00
    271.000    268.024    -1.5217  27.202980    -1.5212  27.202343     6.1613     6.3795     0.4084    96.1199 1.0000e-12  -73.78276 -118.61758  45.006054      99.88 1.5531e+03    565.083      13563  1028.7302  1028.7291     4.5598     0.2000     0.1274    34.0867    34.0853    8.39335         27 0.0000e+00
    272.000    269.013    -1.5215  27.203612    -1.5215  27.202665     6.1866     6.3946     0.3656    96.2347 1.0000e-12  -73.78276 -118.61758  45.006071      99.87 1.5585e+03    566.571      13599  1028.7355  1028.7344     4.5652     0.1375     0.1323    34.0868    34.0854    8.39331         38 0.0000e+00
    273.000    270.002    -1.5346  27.192418    -1.5304  27.195592     6.2035     6.4219     0.5086    96.1826 1.0000e-12  -73.78276 -118.61758  45.006089      99.87 1.5538e+03    568.101      13635  1028.7404  1028.7399     4.5628     0.2545     0.1263    34.0856    34.0852    8.39633         29 0.0000e+00
    274.000    270.988    -1.5368  27.191286    -1.5376  27.189993     6.2218     6.4355     0.5564    96.3095 1.0000e-12  -73.78276 -118.61758  45.006101      83.66 1.5533e+03    569.132      13660  1028.7458  1028.7453     4.5688     0.1972     0.1237    34.0859    34.0852    8.39680         22 0.0000e+00
    275.000    271.979    -1.5460  27.183559    -1.5444  27.184322     6.2471     6.4471     0.2614    96.1827 1.0000e-12  -73.78276 -118.61758  45.006111      99.63 1.5555e+03    569.965      13680  1028.7507  1028.7499     4.5628     0.2118     0.1293    34.0852    34.0844    8.39894         20 0.0000e+00
    276.000    272.966    -1.5532  27.178058    -1.5531  27.177410     6.2482     6.4513     0.7723    96.0068 1.0000e-12  -73.78276 -118.61758  45.006122      99.87 1.5587e+03    570.980      13705  1028.7560  1028.7552     4.5544     0.1845     0.1267    34.0852    34.0842    8.40056         31 0.0000e+00
    277.000    273.955    -1.5577  27.174576    -1.5570  27.174471     6.2510     6.4662     0.7213    96.0822 1.0000e-12  -73.78276 -118.61758  45.006140      99.88 1.5529e+03    572.468      13740  1028.7609  1028.7601     4.5580     0.1513     0.1299    34.0849    34.0839    8.40160         37 0.0000e+00
    278.000    274.942    -1.5603  27.172955    -1.5616  27.171143     6.2486     6.4722     0.8533    96.1909 1.0000e-12  -73.78276 -118.61758  45.006156      99.87 1.5498e+03    573.891      13774  1028.7659  1028.7652     4.5632     0.2241     0.1326    34.0850    34.0839    8.40217         30 0.0000e+00
    279.000    275.931    -1.5629  27.171133    -1.5633  27.170015     6.2394     6.4609     0.8112    96.1789 1.0000e-12  -73.78276 -118.61758  45.006169      99.87 1.5525e+03    574.977      13800  1028.7708  1028.7699     4.5627     0.1543     0.1222    34.0848    34.0837    8.40278         23 0.0000e+00
    280.000    276.921    -1.5536  27.180348    -1.5558  27.177235     6.2192     6.4368     0.9934    96.2287 1.0000e-12  -73.78276 -118.61758  45.006180      99.88 1.5499e+03    575.938      13824  1028.7761  1028.7748     4.5650     0.1399     0.1281    34.0862    34.0845    8.40058         24 0.0000e+00
    281.000    277.909    -1.5446  27.188642    -1.5437  27.188223     6.1846     6.4088     0.9166    96.2372 1.0000e-12  -73.78276 -118.61758  45.006193      99.88 1.5512e+03    577.044      13850  1028.7808  1028.7794     4.5654     0.1742     0.1234    34.0869    34.0853    8.39852         28 0.0000e+00
    282.000    278.896    -1.5250  27.206655    -1.5263  27.204057     6.1495     6.3801     0.8387    95.7249 1.0000e-12  -73.78276 -118.61758  45.006206      99.87 1.5526e+03    578.162      13877  1028.7859  1028.7843     4.5411     0.2118     0.1294    34.0887    34.0867    8.39397         26 0.0000e+00
    283.000    279.885    -1.5137  27.216353    -1.5119  27.217048     6.1299     6.3559     0.7309    95.9873 1.0000e-12  -73.78276 -118.61758  45.006218      99.87 1.5498e+03    579.211      13902  1028.7900  1028.7890     4.5535     0.1671     0.1271    34.0886    34.0875    8.39143         26 0.0000e+00
    284.000    280.873    -1.5032  27.226786    -1.5016  27.226927     6.1192     6.3455     0.5675    96.0795 1.0000e-12  -73.78276 -118.61756  45.006231      99.88 1.5520e+03    580.337      13929  1028.7956  1028.7942     4.5579     0.1797     0.1264    34.0904    34.0887    8.38896         29 0.0000e+00
    285.000    281.861    -1.4968  27.232876    -1.4959  27.232670     6.1251     6.3492     0.5363    96.0092 1.0000e-12  -73.78276 -118.61757  45.006245      99.88 1.5511e+03    581.592      13959  1028.8006  1028.7995     4.5546     0.1704     0.1290    34.0909    34.0896    8.38749         29 0.0000e+00
    286.000    282.850    -1.4971  27.233392    -1.4963  27.233290     6.1120     6.3409     0.5947    95.7751 1.0000e-12  -73.78276 -118.61757  45.006259      94.06 1.5486e+03    582.752      13987  1028.8059  1028.8050     4.5434     0.3686     0.1309    34.0913    34.0902    8.38753         26 0.0000e+00
    287.000    283.839    -1.4975  27.234083    -1.4964  27.234163     6.1217     6.3320     0.7641    96.3826 1.0000e-12  -73.78276 -118.61757  45.006271      99.93 1.5519e+03    583.781      14012  1028.8115  1028.8105     4.5723     0.1281     0.1213    34.0921    34.0910    8.38758         24 0.0000e+00
    288.000    284.826    -1.4867  27.244620    -1.4860  27.244285     6.1254     6.3341     0.6212    95.6701 1.0000e-12  -73.78276 -118.61756  45.006283      99.88 1.5500e+03    584.810      14036  1028.8170  1028.8159     4.5387     0.1498     0.1274    34.0938    34.0924    8.38505         26 0.0000e+00
    289.000    285.814    -1.4864  27.245491    -1.4858  27.245130     6.1210     6.3346     0.7828    95.9756 1.0000e-12  -73.78276 -118.61756  45.006296      99.86 1.5466e+03    585.970      14064  1028.8221  1028.8211     4.5528     0.2484     0.1419    34.0939    34.0927    8.38496         31 0.0000e+00
    290.000    286.803    -1.4877  27.245213    -1.4868  27.244960     6.1144     6.3290     0.6994    96.0790 1.0000e-12  -73.78276 -118.61756  45.006312      99.87 1.5460e+03    587.329      14097  1028.8275  1028.8264     4.5579     0.2034     0.1253    34.0944    34.0930    8.38522         33 0.0000e+00
    291.000    287.791    -1.4851  27.248626    -1.4843  27.248297     6.1144     6.3383     0.4549    95.9486 1.0000e-12  -73.78276 -118.61755  45.006327      99.87 1.5506e+03    588.657      14129  1028.8332  1028.8320     4.5517     0.1714     0.1233    34.0956    34.0942    8.38458         28 0.0000e+00
    292.000    288.781    -1.4854  27.249175    -1.4848  27.248936     6.1195     6.3332     0.9410    96.0278 1.0000e-12  -73.78276 -118.61755  45.006339      99.86 1.5505e+03    589.663      14153  1028.8384  1028.8376     4.5555     0.1996     0.1266    34.0960    34.0950    8.38462         22 0.0000e+00
    293.000    289.767    -1.4862  27.249199    -1.4856  27.249047     6.1059     6.3241     0.5319    96.0592 1.0000e-12  -73.78276 -118.61754  45.006350      99.87 1.5505e+03    590.633      14176  1028.8436  1028.8428     4.5570     0.2252     0.1273    34.0963    34.0954    8.38477         25 0.0000e+00
    294.000    290.757    -1.4767  27.259643    -1.4753  27.259373     6.0997     6.3069     0.5840    96.1713 1.0000e-12  -73.78276 -118.61754  45.006363      99.88 1.5492e+03    591.799      14204  1028.8502  1028.8485     4.5622     0.1448     0.1241    34.0993    34.0973    8.38246         32 0.0000e+00
    295.000    291.743    -1.4615  27.274249    -1.4605  27.274038     6.1048     6.3111     0.8566    96.2970 1.0000e-12  -73.78276 -118.61754  45.006379      99.85 1.5436e+03    593.103      14235  1028.8559  1028.8546     4.5682     0.2568     0.1294    34.1015    34.1000    8.37892         28 0.0000e+00
    296.000    292.733    -1.4636  27.273404    -1.4634  27.272998     6.1142     6.3220     0.5538    96.1733 1.0000e-12  -73.78276 -118.61754  45.006392      99.35 1.5485e+03    594.250      14263  1028.8614  1028.8607     4.5624     0.2317     0.1267    34.1020    34.1012    8.37934         25 0.0000e+00
    297.000    293.721    -1.4730  27.266868    -1.4731  27.265966     6.1180     6.3311     0.6299    96.2433 1.0000e-12  -73.78276 -118.61754  45.006403      86.34 1.5510e+03    595.241      14287  1028.8678  1028.8669     4.5656     0.3129     0.1312    34.1032    34.1020    8.38140         23 0.0000e+00
    298.000    294.710    -1.4832  27.258819    -1.4827  27.258432     6.1214     6.3356     0.3473    96.2152 1.0000e-12  -73.78276 -118.61754  45.006414      97.06 1.5489e+03    596.210      14310  1028.8733  1028.8723     4.5643     0.1717     0.1243    34.1031    34.1020    8.38370         24 0.0000e+00
    299.000    295.697    -1.4816  27.261995    -1.4813  27.261236     6.1131     6.3351     0.7738    96.1160 1.0000e-12  -73.78276 -118.61754  45.006428      99.79 1.5466e+03    597.380      14338  1028.8795  1028.8783     4.5597     0.2378     0.1213    34.1050    34.1036    8.38322         33 0.0000e+00
    300.000    296.686    -1.4662  27.276935    -1.4684  27.273118     6.0753     6.2924     0.3384    95.9037 1.0000e-12  -73.78276 -118.61754  45.006446      99.85 1.5451e+03    598.903      14375  1028.8852  1028.8831     4.5499     0.3076     0.1252    34.1074    34.1046    8.37962         37 0.0000e+00
    301.000    297.672    -1.4435  27.298822    -1.4389  27.300762     6.0393     6.2631     0.6396    96.4731 1.0000e-12  -73.78276 -118.61754  45.006461      99.87 1.5459e+03    600.249      14407  1028.8914  1028.8891     4.5762     0.1215     0.1207    34.1110    34.1084    8.37429         27 0.0000e+00
    302.000    298.663    -1.4112  27.327203    -1.4086  27.328374     6.0195     6.2457     0.6468    96.4445 1.0000e-12  -73.78276 -118.61754  45.006472      99.88 1.5488e+03    601.222      14430  1028.8956  1028.8943     4.5752     0.1254     0.1289    34.1126    34.1113    8.36693         22 0.0000e+00
    303.000    299.651    -1.3956  27.341987    -1.3962  27.339913     6.0025     6.2225     0.5561    96.6822 1.0000e-12  -73.78276 -118.61754  45.006484      99.87 1.5489e+03    602.196      14454  1028.9011  1028.8994     4.5864     0.1579     0.1247    34.1146    34.1125    8.36333         25 0.0000e+00
    304.000    300.637    -1.3763  27.359771    -1.3760  27.358477     5.9853     6.2006     0.4164    96.4501 1.0000e-12  -73.78276 -118.61754  45.006497      99.88 1.5475e+03    603.334      14481  1028.9063  1028.9046     4.5755     0.1592     0.1194    34.1164    34.1144    8.35888         29 0.0000e+00
    305.000    301.627    -1.3617  27.372969    -1.3591  27.374085     5.9793     6.1944     0.3754    96.6022 1.0000e-12  -73.78276 -118.61753  45.006511      99.87 1.5409e+03    604.589      14511  1028.9111  1028.9098     4.5827     0.1111     0.1181    34.1173    34.1159    8.35555         31 0.0000e+00
    306.000    302.614    -1.3601  27.376039    -1.3595  27.375305     5.9935     6.2052     0.2418    96.6795 1.0000e-12  -73.78276 -118.61753  45.006527      99.88 1.5438e+03    605.909      14543  1028.9177  1028.9163     4.5864     0.0895     0.1180    34.1191    34.1174    8.35509         32 0.0000e+00
    307.000    303.605    -1.3620  27.375085    -1.3642  27.372199     5.9869     6.1975     1.0651    96.5772 1.0000e-12  -73.78276 -118.61752  45.006540      99.88 1.5471e+03    607.082      14571  1028.9231  1028.9221     4.5814     0.0939     0.1200    34.1194    34.1179    8.35551         25 0.0000e+00
    308.000    304.591    -1.3620  27.375506    -1.3628  27.373683     5.9917     6.1960     0.5030    96.5392 1.0000e-12  -73.78276 -118.61752  45.006554      99.88 1.5470e+03    608.253      14599  1028.9280  1028.9268     4.5798     0.0956     0.1198    34.1193    34.1177    8.35550         31 0.0000e+00
    309.000    305.580    -1.3561  27.380992    -1.3567  27.379502     6.0013     6.2048     0.1710    96.4928 1.0000e-12  -73.78276 -118.61754  45.006569      99.88 1.5473e+03    609.522      14630  1028.9328  1028.9317     4.5774     0.0964     0.1190    34.1195    34.1181    8.35418         29 0.0000e+00
    310.000    306.568    -1.3741  27.365402    -1.3733  27.365446     6.0167     6.2185     0.4304    96.1115 1.0000e-12  -73.78276 -118.61754  45.006581      65.13 1.5482e+03    610.614      14656  1028.9377  1028.9370     4.5594     0.0897     0.1182    34.1179    34.1171    8.35830         24 0.0000e+00
    311.000    307.555    -1.3788  27.362197    -1.3779  27.361980     6.0270     6.2295     0.3422    96.5828 1.0000e-12  -73.78276 -118.61753  45.006593      85.94 1.5447e+03    611.614      14680  1028.9432  1028.9421     4.5818     0.0884     0.1212    34.1183    34.1170    8.35934         26 0.0000e+00
    312.000    308.546    -1.3798  27.361742    -1.3809  27.359890     6.0210     6.2303     0.3446    96.5212 1.0000e-12  -73.78276 -118.61753  45.006608      99.97 1.5459e+03    612.902      14711  1028.9480  1028.9470     4.5789     0.1288     0.1218    34.1182    34.1168    8.35956         33 0.0000e+00
