ocean_section_plots/required_files/ctd/dnbp2202_ctd088.cnv
* Sea-Bird SBE 9 Data File:
* FileName = D:\Data\raw\NBP2202_CTD088.hex
* Software Version Seasave V 7.26.7.121
* Temperature SN = 1649
* Conductivity SN = 2513
* Number of Bytes Per Scan = 40
* Number of Voltage Words = 5
* Number of Scans Averaged by the Deck Unit = 1
* NMEA Latitude = 74 10.51 S
* NMEA Longitude = 113 20.67 W
* NMEA UTC (Time) = Jan 26 2022  20:48:39
* NMEA baud rate = 9600
** Ship: RVIB N.B. Palmer
** Cruise: NBP2202 Thwaites
** Station: YoYo001
** Operator: A. Robinson
# nquan = 25
# nvalues = 606                         
# units = specified
# name 0 = prDM: Pressure, Digiquartz [db]
# name 1 = depSM: Depth [salt water, m]
# name 2 = t090C: Temperature [ITS-90, deg C]
# name 3 = c0mS/cm: Conductivity [mS/cm]
# name 4 = t190C: Temperature, 2 [ITS-90, deg C]
# name 5 = c1mS/cm: Conductivity, 2 [mS/cm]
# name 6 = sbeox0ML/L: Oxygen, SBE 43 [ml/l]
# name 7 = sbeox1ML/L: Oxygen, SBE 43, 2 [ml/l]
# name 8 = flECO-AFL: Fluorescence, WET Labs ECO-AFL/FL [mg/m^3]
# name 9 = CStarTr0: Beam Transmission, WET Labs C-Star [%]
# name 10 = par: PAR/Irradiance, Biospherical/Licor
# name 11 = latitude: Latitude [deg]
# name 12 = longitude: Longitude [deg]
# name 13 = timeJ: Julian Days
# name 14 = altM: Altimeter [m]
# name 15 = spar: SPAR, Biospherical/Licor
# name 16 = timeS: Time, Elapsed [seconds]
# name 17 = scan: Scan Count
# name 18 = density00: Density [density, kg/m^3]
# name 19 = density11: Density, 2 [density, kg/m^3]
# name 20 = sal00: Salinity, Practical [PSU]
# name 21 = sal11: Salinity, Practical, 2 [PSU]
# name 22 = oxsolML/L: Oxygen Saturation, Garcia & Gordon [ml/l]
# name 23 = nbin: number of scans per bin
# name 24 = flag: flag
# span 0 =     10.000,    615.000       
# span 1 =      9.897,    607.734       
# span 2 =    -1.5402,     0.1129       
# span 3 =  26.910360,  28.948960       
# span 4 =    -1.5395,     0.1144       
# span 5 =  26.909508,  28.948017       
# span 6 =     4.6840,     8.8264       
# span 7 =     4.7587,     8.6799       
# span 8 =    -0.0219,    26.1668       
# span 9 =    67.3768,    95.6494       
# span 10 = 1.0000e-12, 7.6326e+01      
# span 11 =  -74.17530,  -74.17530      
# span 12 = -113.34462, -113.34456      
# span 13 =  26.867496,  26.876293      
# span 14 =       5.41,     100.01      
# span 15 = 1.8569e+03, 1.9314e+03      
# span 16 =     32.652,    792.672      
# span 17 =        785,      19025      
# span 18 =  1027.2258,  1030.5166      
# span 19 =  1027.2243,  1030.5142      
# span 20 =    33.7938,    34.3871      
# span 21 =    33.7920,    34.3842      
# span 22 =    8.02094,    8.41247      
# span 23 =         20,         70      
# span 24 = 0.0000e+00, 0.0000e+00      
# interval = decibars: 1                
# start_time = Jan 26 2022 20:48:39 [NMEA time, header]
# bad_flag = -9.990e-29
*END*
[from data line 58]
     68.000     67.285    -1.4862  26.954558    -1.4938  26.947923     5.8266     5.9406     2.6929    92.2448 1.0000e-12  -74.17530 -113.34458  26.868310      99.82 1.9157e+03    102.990       2473  1027.5491  1027.5492    33.8303    33.8298    8.40064         27 0.0000e+00
     69.000     68.274    -1.4880  26.954726    -1.4816  26.958237     5.7591     5.8884     2.7072    92.4516 1.0000e-12  -74.17530 -113.34458  26.868323      99.83 1.9163e+03    104.108       2500  1027.5553  1027.5529    33.8320    33.8295    8.40095         26 0.0000e+00
     70.000     69.264    -1.4983  26.945409    -1.4968  26.946297     5.6893     5.8303     2.4766    92.2176 1.0000e-12  -74.17530 -113.34458  26.868336      99.82 1.9194e+03    105.202       2526  1027.5592  1027.5589    33.8301    33.8297    8.40338         27 0.0000e+00
     71.000     70.253    -1.5221  26.926940    -1.5201  26.927613     5.6534     5.7900     2.7792    92.2473 1.0000e-12  -74.17530 -113.34458  26.868349      99.81 1.9217e+03    106.315       2553  1027.5661  1027.5649    33.8311    33.8297    8.40872         27 0.0000e+00
     72.000     71.242    -1.5277  26.923096    -1.5258  26.923593     5.6420     5.7647     2.3338    92.0776 1.0000e-12  -74.17530 -113.34458  26.868362      99.84 1.9233e+03    107.437       2579  1027.5714  1027.5701    33.8315    33.8300    8.40997         26 0.0000e+00
     73.000     72.231    -1.5324  26.919644    -1.5321  26.919026     5.6279     5.7512     2.4752    92.6280 1.0000e-12  -74.17530 -113.34458  26.868375      99.85 1.9255e+03    108.558       2606  1027.5763  1027.5754    33.8314    33.8302    8.41103         28 0.0000e+00
     74.000     73.222    -1.5344  26.918450    -1.5330  26.918500     5.6183     5.7321     2.5292    92.3789 1.0000e-12  -74.17530 -113.34458  26.868388      97.60 1.9253e+03    109.685       2633  1027.5810  1027.5797    33.8314    33.8298    8.41148         27 0.0000e+00
     75.000     74.211    -1.5374  26.917164    -1.5360  26.917259     5.6112     5.7186     1.6529    92.2250 1.0000e-12  -74.17530 -113.34458  26.868401      57.95 1.9230e+03    110.811       2660  1027.5867  1027.5854    33.8324    33.8310    8.41210         27 0.0000e+00
     76.000     75.199    -1.5383  26.917361    -1.5373  26.917164     5.5981     5.7050     1.1952    93.3037 1.0000e-12  -74.17530 -113.34458  26.868413      99.57 1.9134e+03    111.909       2687  1027.5919  1027.5907    33.8331    33.8316    8.41227         25 0.0000e+00
     77.000     76.188    -1.5381  26.917943    -1.5374  26.917621     5.5847     5.6855     1.1789    93.6134 1.0000e-12  -74.17530 -113.34458  26.868426      94.28 1.9023e+03    113.017       2713  1027.5965  1027.5955    33.8329    33.8317    8.41222         27 0.0000e+00
     78.000     77.179    -1.5389  26.919113    -1.5372  26.919542     5.5729     5.6697     1.2398    93.5215 1.0000e-12  -74.17530 -113.34458  26.868439      96.49 1.8908e+03    114.129       2740  1027.6029  1027.6017    33.8349    33.8335    8.41229         27 0.0000e+00
     79.000     78.167    -1.5375  26.922446    -1.5357  26.922992     5.5716     5.6667     1.4676    93.7975 1.0000e-12  -74.17530 -113.34458  26.868452      99.82 1.8865e+03    115.238       2767  1027.6094  1027.6083    33.8372    33.8360    8.41182         27 0.0000e+00
     80.000     79.158    -1.5371  26.923280    -1.5370  26.922105     5.5772     5.6726     0.9995    94.0406 1.0000e-12  -74.17530 -113.34458  26.868465      99.86 1.8817e+03    116.346       2793  1027.6143  1027.6129    33.8374    33.8356    8.41174         26 0.0000e+00
     81.000     80.145    -1.5363  26.924614    -1.5384  26.921345     5.5726     5.6709     0.7392    94.3589 1.0000e-12  -74.17530 -113.34458  26.868478      99.87 1.8830e+03    117.471       2820  1027.6192  1027.6176    33.8377    33.8356    8.41154         27 0.0000e+00
     82.000     81.136    -1.5400  26.921238    -1.5395  26.920708     5.5785     5.6735     0.6462    93.9175 1.0000e-12  -74.17530 -113.34458  26.868490      99.86 1.8854e+03    118.577       2847  1027.6233  1027.6222    33.8366    33.8353    8.41245         27 0.0000e+00
     83.000     82.124    -1.5402  26.921675    -1.5392  26.921509     5.5832     5.6732     0.4723    94.3191 1.0000e-12  -74.17530 -113.34458  26.868503      99.86 1.8788e+03    119.694       2874  1027.6282  1027.6271    33.8367    33.8354    8.41247         26 0.0000e+00
     84.000     83.114    -1.5401  26.922114    -1.5395  26.921568     5.5816     5.6680     0.6089    94.5468 1.0000e-12  -74.17530 -113.34458  26.868516      99.86 1.8697e+03    120.809       2900  1027.6329  1027.6316    33.8367    33.8351    8.41246         27 0.0000e+00
     85.000     84.103    -1.5391  26.923545    -1.5381  26.923310     5.5765     5.6714     0.5159    94.9568 1.0000e-12  -74.17530 -113.34458  26.868529      99.87 1.8807e+03    121.902       2927  1027.6378  1027.6365    33.8368    33.8354    8.41222         26 0.0000e+00
     86.000     85.091    -1.5395  26.923848    -1.5387  26.923324     5.5687     5.6710     0.3970    94.9308 1.0000e-12  -74.17530 -113.34458  26.868542      99.86 1.8757e+03    122.986       2953  1027.6427  1027.6414    33.8371    33.8354    8.41229         27 0.0000e+00
     87.000     86.083    -1.5385  26.925494    -1.5369  26.925646     5.5670     5.6614     0.2664    94.9347 1.0000e-12  -74.17530 -113.34458  26.868554      99.86 1.8832e+03    124.088       2979  1027.6479  1027.6465    33.8376    33.8360    8.41204         26 0.0000e+00
     88.000     87.069    -1.5283  26.936703    -1.5275  26.936251     5.5680     5.6602     0.5357    94.9877 1.0000e-12  -74.17530 -113.34458  26.868567      99.65 1.8839e+03    125.207       3006  1027.6548  1027.6534    33.8409    33.8393    8.40953         27 0.0000e+00
     89.000     88.061    -1.5237  26.941701    -1.5234  26.940555     5.5708     5.6591     0.2911    94.9896 1.0000e-12  -74.17530 -113.34458  26.868580      93.13 1.8793e+03    126.337       3033  1027.6602  1027.6587    33.8419    33.8401    8.40843         27 0.0000e+00
     90.000     89.049    -1.5244  26.941237    -1.5237  26.940860     5.5662     5.6557     0.2008    94.9653 1.0000e-12  -74.17530 -113.34459  26.868593      99.82 1.8775e+03    127.472       3060  1027.6647  1027.6636    33.8415    33.8401    8.40862         28 0.0000e+00
     91.000     90.039    -1.5188  26.948096    -1.5182  26.947237     5.5653     5.6531     0.6231    95.0399 1.0000e-12  -74.17530 -113.34459  26.868606      99.87 1.8760e+03    128.592       3087  1027.6712  1027.6697    33.8439    33.8421    8.40720         26 0.0000e+00
     92.000     91.026    -1.5160  26.951441    -1.5149  26.951178     5.5625     5.6473     0.3122    95.2156 1.0000e-12  -74.17530 -113.34459  26.868619      99.86 1.8758e+03    129.685       3113  1027.6766  1027.6753    33.8448    33.8432    8.40652         26 0.0000e+00
     93.000     92.018    -1.5159  26.952355    -1.5148  26.952030     5.5616     5.6513     0.3192    95.1833 1.0000e-12  -74.17530 -113.34459  26.868632      99.87 1.8777e+03    130.790       3140  1027.6818  1027.6805    33.8453    33.8437    8.40646         27 0.0000e+00
     94.000     93.006    -1.5157  26.953287    -1.5146  26.953021     5.5482     5.6390     0.1543    95.1274 1.0000e-12  -74.17530 -113.34459  26.868645      99.87 1.8695e+03    131.909       3167  1027.6871  1027.6857    33.8458    33.8441    8.40640         27 0.0000e+00
     95.000     93.996    -1.5157  26.953644    -1.5148  26.953104     5.5442     5.6487     0.4293    95.0728 1.0000e-12  -74.17530 -113.34459  26.868658      99.87 1.8702e+03    133.019       3193  1027.6918  1027.6904    33.8456    33.8439    8.40640         27 0.0000e+00
     96.000     94.985    -1.5152  26.954817    -1.5143  26.954273     5.5390     5.6409     0.5074    95.0355 1.0000e-12  -74.17530 -113.34458  26.868670      99.87 1.8741e+03    134.125       3220  1027.6970  1027.6955    33.8460    33.8443    8.40626         26 0.0000e+00
     97.000     95.973    -1.5114  26.959667    -1.5103  26.959355     5.4993     5.6036     0.3357    95.1869 1.0000e-12  -74.17530 -113.34460  26.868683      99.86 1.8818e+03    135.226       3246  1027.7030  1027.7015    33.8477    33.8460    8.40529         26 0.0000e+00
     98.000     96.963    -1.4987  26.974304    -1.4920  26.978008     5.4695     5.5674     0.3860    95.2111 1.0000e-12  -74.17530 -113.34458  26.868696      99.87 1.8849e+03    136.315       3273  1027.7113  1027.7088    33.8530    33.8504    8.40212         26 0.0000e+00
     99.000     97.952    -1.4454  27.025848    -1.4455  27.023408     5.4664     5.5690     0.0681    95.2051 1.0000e-12  -74.17530 -113.34460  26.868708      99.87 1.8847e+03    137.409       3299  1027.7210  1027.7185    33.8629    33.8597    8.38949         26 0.0000e+00
    100.000     98.941    -1.4464  27.024210    -1.4470  27.022499     5.4717     5.5679     0.0171    95.3052 1.0000e-12  -74.17530 -113.34459  26.868721      99.87 1.8851e+03    138.498       3325  1027.7249  1027.7235    33.8612    33.8595    8.38983         27 0.0000e+00
    101.000     99.931    -1.4574  27.014128    -1.4526  27.017776     5.4673     5.5615     0.0967    95.2865 1.0000e-12  -74.17530 -113.34459  26.868734      97.19 1.8861e+03    139.595       3351  1027.7289  1027.7283    33.8592    33.8588    8.39243         26 0.0000e+00
    102.000    100.919    -1.4522  27.020201    -1.4532  27.017422     5.4660     5.5560     0.3699    95.3084 1.0000e-12  -74.17530 -113.34459  26.868747      99.89 1.8906e+03    140.719       3378  1027.7350  1027.7330    33.8610    33.8583    8.39114         27 0.0000e+00
    103.000    101.909    -1.4501  27.022160    -1.4514  27.019609     5.4698     5.5627     0.1470    95.2861 1.0000e-12  -74.17530 -113.34459  26.868760      99.87 1.8983e+03    141.858       3406  1027.7396  1027.7381    33.8607    33.8586    8.39069         28 0.0000e+00
    104.000    102.899    -1.4560  27.017133    -1.4538  27.017769     5.4708     5.5647     0.0819    95.4235 1.0000e-12  -74.17530 -113.34459  26.868773      99.86 1.8986e+03    142.975       3432  1027.7442  1027.7428    33.8598    33.8582    8.39206         26 0.0000e+00
    105.000    103.886    -1.4581  27.015787    -1.4558  27.016509     5.4759     5.5689     0.0512    95.3912 1.0000e-12  -74.17530 -113.34458  26.868786      99.87 1.9018e+03    144.083       3459  1027.7492  1027.7477    33.8597    33.8581    8.39255         27 0.0000e+00
    106.000    104.876    -1.4531  27.020770    -1.4520  27.020346     5.4746     5.5575     0.0495    95.3576 1.0000e-12  -74.17530 -113.34460  26.868799      99.86 1.9044e+03    145.191       3486  1027.7542  1027.7527    33.8603    33.8585    8.39139         26 0.0000e+00
    107.000    105.866    -1.4551  27.019448    -1.4517  27.021112     5.4578     5.5447     0.0165    95.4182 1.0000e-12  -74.17530 -113.34458  26.868811      99.87 1.9048e+03    146.298       3512  1027.7591  1027.7576    33.8601    33.8585    8.39185         27 0.0000e+00
    108.000    106.854    -1.4430  27.031477    -1.4373  27.035238     5.4522     5.5473     0.0582    95.4001 1.0000e-12  -74.17530 -113.34460  26.868824      99.87 1.9061e+03    147.405       3539  1027.7650  1027.7637    33.8623    33.8611    8.38899         26 0.0000e+00
    109.000    107.844    -1.4343  27.039678    -1.4319  27.040721     5.4531     5.5546     0.1288    95.3438 1.0000e-12  -74.17530 -113.34459  26.868837      99.87 1.9068e+03    148.513       3565  1027.7701  1027.7689    33.8632    33.8618    8.38698         27 0.0000e+00
    110.000    108.832    -1.4434  27.031391    -1.4417  27.031748     5.4476     5.5519     0.0104    95.3992 1.0000e-12  -74.17530 -113.34459  26.868850      99.87 1.9092e+03    149.615       3592  1027.7742  1027.7729    33.8615    33.8600    8.38914         27 0.0000e+00
    111.000    109.821    -1.4434  27.032607    -1.4417  27.032401     5.4351     5.5315     0.0165    95.3756 1.0000e-12  -74.17530 -113.34459  26.868863      99.86 1.9076e+03    150.722       3618  1027.7798  1027.7780    33.8625    33.8603    8.38907         26 0.0000e+00
    112.000    110.812    -1.4198  27.055462    -1.4170  27.055988     5.4183     5.5173     0.0232    95.4145 1.0000e-12  -74.17530 -113.34459  26.868875      92.65 1.9111e+03    151.819       3645  1027.7866  1027.7845    33.8666    33.8642    8.38351         27 0.0000e+00
    113.000    111.801    -1.3961  27.079140    -1.3951  27.078001     5.4211     5.5187     0.1263    95.3950 1.0000e-12  -74.17530 -113.34459  26.868888      99.32 1.9085e+03    152.907       3671  1027.7942  1027.7921    33.8717    33.8690    8.37787         23 0.0000e+00
    114.000    112.789    -1.3905  27.084574    -1.3897  27.083738     5.4356     5.5303     0.0860    95.4017 1.0000e-12  -74.17530 -113.34459  26.868900      99.86 1.9087e+03    154.004       3697  1027.7993  1027.7977    33.8722    33.8701    8.37658         27 0.0000e+00
    115.000    113.778    -1.3935  27.082525    -1.3942  27.080860     5.4389     5.5337     0.1140    95.4406 1.0000e-12  -74.17530 -113.34460  26.868913      99.87 1.9109e+03    155.121       3724  1027.8046  1027.8033    33.8722    33.8706    8.37727         27 0.0000e+00
    116.000    114.767    -1.3954  27.081914    -1.3943  27.081305     5.4485     5.5471     0.1815    95.4294 1.0000e-12  -74.17530 -113.34458  26.868926      99.86 1.9128e+03    156.238       3751  1027.8102  1027.8084    33.8729    33.8707    8.37765         27 0.0000e+00
    117.000    115.756    -1.3931  27.084937    -1.3932  27.083017     5.4557     5.5496     0.0259    95.4010 1.0000e-12  -74.17530 -113.34460  26.868939      99.87 1.9174e+03    157.361       3778  1027.8157  1027.8137    33.8738    33.8713    8.37707         27 0.0000e+00
    118.000    116.746    -1.3939  27.085029    -1.3928  27.084512     5.4289     5.5195     0.0221    95.3572 1.0000e-12  -74.17530 -113.34459  26.868952      99.87 1.9198e+03    158.489       3805  1027.8210  1027.8194    33.8742    33.8723    8.37723         27 0.0000e+00
    119.000    117.734    -1.3928  27.087305    -1.3915  27.086543     5.4021     5.4949     0.1000    95.3853 1.0000e-12  -74.17530 -113.34459  26.868965      99.87 1.9159e+03    159.602       3831  1027.8269  1027.8248    33.8755    33.8729    8.37691         26 0.0000e+00
    120.000    118.724    -1.3752  27.102606    -1.3722  27.103602     5.3958     5.4952     0.0822    95.4186 1.0000e-12  -74.17530 -113.34459  26.868978      99.86 1.9070e+03    160.700       3858  1027.8310  1027.8293    33.8759    33.8739    8.37292         27 0.0000e+00
    121.000    119.713    -1.3778  27.100430    -1.3778  27.099212     5.3953     5.4926     0.0382    95.3578 1.0000e-12  -74.17530 -113.34459  26.868991      99.87 1.9039e+03    161.792       3884  1027.8356  1027.8343    33.8752    33.8736    8.37354         26 0.0000e+00
    122.000    120.701    -1.3809  27.098682    -1.3806  27.097487     5.3965     5.4867     0.0841    95.3888 1.0000e-12  -74.17530 -113.34458  26.869003      99.87 1.9057e+03    162.902       3911  1027.8411  1027.8395    33.8757    33.8738    8.37421         27 0.0000e+00
    123.000    121.691    -1.3853  27.095645    -1.3830  27.096056     5.4064     5.4977     0.0379    95.3668 1.0000e-12  -74.17530 -113.34458  26.869016      99.87 1.9083e+03    164.021       3938  1027.8465  1027.8447    33.8760    33.8739    8.37520         27 0.0000e+00
    124.000    122.679    -1.3889  27.092939    -1.3859  27.093880     5.4291     5.5148     0.0111    95.4013 1.0000e-12  -74.17530 -113.34458  26.869029      99.76 1.9096e+03    165.148       3965  1027.8512  1027.8494    33.8756    33.8735    8.37602         26 0.0000e+00
