ocean_section_plots/required_files/ctd/dnbp2202_ctd263.cnv
* Sea-Bird SBE 9 Data File:
* FileName = D:\Data\raw\NBP2202_CTD263.hex
* Software Version Seasave V 7.26.7.121
* Temperature SN = 1649
* Conductivity SN = 2513
* Number of Bytes Per Scan = 40
* Number of Voltage Words = 5
* Number of Scans Averaged by the Deck Unit = 1
* NMEA Latitude = 73 52.49 S
* NMEA Longitude = 118 43.63 W
* NMEA UTC (Time) = Feb 19 2022  16:04:37
* NMEA baud rate = 9600
** Ship: RVIB N.B. Palmer
** Cruise: NBP2202 Thwaites
** Station: 168
** Operator: A. Robinson
# nquan = 28
# nvalues = 716                         
# units = specified
# name 0 = prDM: Pressure, Digiquartz [db]
# name 1 = depSM: Depth [salt water, m]
# name 2 = t090C: Temperature [ITS-90, deg C]
# name 3 = c0mS/cm: Conductivity [mS/cm]
# name 4 = t190C: Temperature, 2 [ITS-90, deg C]
# name 5 = c1mS/cm: Conductivity, 2 [mS/cm]
# name 6 = sbeox0ML/L: Oxygen, SBE 43 [ml/l]
# name 7 = sbeox1ML/L: Oxygen, SBE 43, 2 [ml/l]
# name 8 = flECO-AFL: Fluorescence, WET Labs ECO-AFL/FL [mg/m^3]
# name 9 = CStarTr0: Beam Transmission, WET Labs C-Star [%]
# name 10 = par: PAR/Irradiance, Biospherical/Licor
# name 11 = latitude: Latitude [deg]
# name 12 = longitude: Longitude [deg]
# name 13 = timeJ: Julian Days
# name 14 = altM: Altimeter [m]
# name 15 = spar: SPAR, Biospherical/Licor
# name 16 = timeS: Time, Elapsed [seconds]
# name 17 = scan: Scan Count
# name 18 = density00: Density [density, kg/m^3]
# name 19 = density11: Density, 2 [density, kg/m^3]
# name 20 = v3: Voltage 3
# name 21 = v4: Voltage 4
# name 22 = v5: Voltage 5
# name 23 = sal00: Salinity, Practical [PSU]
# name 24 = sal11: Salinity, Practical, 2 [PSU]
# name 25 = oxsolML/L: Oxygen Saturation, Garcia & Gordon [ml/l]
# name 26 = nbin: number of scans per bin
# name 27 = flag: flag
# span 0 =      2.000,    717.000       
# span 1 =      1.980,    708.369       
# span 2 =    -1.7500,     0.3627       
# span 3 =  26.936206,  29.288527       
# span 4 =    -1.7500,     0.3649       
# span 5 =  26.936861,  29.289242       
# span 6 =     4.7483,     9.1333       
# span 7 =     4.9375,     9.4956       
# span 8 =    -0.0220,    12.7849       
# span 9 =    87.4710,    98.7640       
# span 10 = 1.0000e-12, 7.5202e+02      
# span 11 =  -73.87492,  -73.87490      
# span 12 = -118.72734, -118.72728      
# span 13 =  50.672185,  50.682041      
# span 14 =       4.02,     100.49      
# span 15 = 1.4828e+03, 1.5388e+03      
# span 16 =    199.769,   1051.306      
# span 17 =       4795,      25232      
# span 18 =  1027.1214,  1031.0631      
# span 19 =  1027.1224,  1031.0615      
# span 20 =     4.1501,     4.6852      
# span 21 =     0.0643,     1.8613      
# span 22 =     0.1134,     0.2021      
# span 23 =    33.7545,    34.4950      
# span 24 =    33.7562,    34.4932      
# span 25 =    7.96305,    8.44879      
# span 26 =         19,         45      
# span 27 = 0.0000e+00, 0.0000e+00      
# interval = decibars: 1                
# start_time = Feb 19 2022 16:04:37 [NMEA time, header]
# bad_flag = -9.990e-29
*END*
      2.000      1.980    -0.2006  27.932600    -0.2027  27.931453     9.0568     8.8500     2.4697    89.6066 7.5202e+02  -73.87490 -118.72732  50.672185      98.78 1.4828e+03    199.769       4795  1027.1214  1027.1224     4.2512     0.6177     0.1867    33.7554    33.7563    8.12288         19 0.0000e+00
      3.000      2.970    -0.1875  27.949312    -0.1929  27.946018     9.0364     8.8544     2.7364    89.2141 6.3009e+02  -73.87491 -118.72732  50.672383      99.65 1.4886e+03    216.852       5205  1027.1310  1027.1326     4.2320     0.5817     0.1842    33.7626    33.7642    8.11969         41 0.0000e+00
      4.000      3.959    -0.2057  27.928602    -0.2071  27.929059     9.0131     8.8632     3.0015    88.9919 4.5515e+02  -73.87492 -118.72732  50.672512      99.69 1.4899e+03    228.029       5474  1027.1305  1027.1323     4.2218     0.5104     0.1794    33.7545    33.7566    8.12401         37 0.0000e+00
      5.000      4.948    -0.2004  27.933955    -0.2041  27.931628     9.0361     8.9004     2.0608    89.4254 3.4830e+02  -73.87492 -118.72732  50.672533      87.17 1.4922e+03    229.851       5517  1027.1353  1027.1363     4.2424     0.4112     0.1815    33.7552    33.7562    8.12286         36 0.0000e+00
      6.000      5.938    -0.1972  27.937987    -0.1970  27.940549     9.0425     9.0319     1.5363    89.1531 2.4627e+02  -73.87492 -118.72732  50.672557     100.49 1.4927e+03    231.932       5567  1027.1408  1027.1433     4.2296     0.2855     0.1777    33.7564    33.7596    8.12210         39 0.0000e+00
      7.000      6.929    -0.1987  27.936361    -0.1997  27.936985     9.0472     9.1417     1.8279    88.8127 2.1929e+02  -73.87492 -118.72732  50.672587      99.72 1.4917e+03    234.513       5629  1027.1447  1027.1463     4.2136     0.3521     0.1779    33.7553    33.7572    8.12248         40 0.0000e+00
      8.000      7.915    -0.1841  27.953967    -0.1847  27.954794     9.0638     9.1817     1.9056    89.8191 1.6861e+02  -73.87492 -118.72732  50.672605      99.71 1.4934e+03    236.042       5666  1027.1537  1027.1551     4.2612     0.4380     0.1843    33.7619    33.7637    8.11899         31 0.0000e+00
      9.000      8.907    -0.1791  27.961152    -0.1794  27.962276     9.0702     9.2530     3.0198    89.5210 1.4126e+02  -73.87492 -118.72731  50.672622      99.72 1.4955e+03    237.522       5702  1027.1610  1027.1624     4.2469     0.3990     0.1677    33.7653    33.7671    8.11773         37 0.0000e+00
     10.000      9.896    -0.1708  27.971589    -0.1716  27.971327     9.0877     9.3545     2.2626    89.1327 1.1206e+02  -73.87492 -118.72730  50.672645      99.68 1.4958e+03    239.559       5750  1027.1685  1027.1690     4.2285     0.5878     0.1841    33.7694    33.7700    8.11573         42 0.0000e+00
     11.000     10.884    -0.1606  27.987372    -0.1612  27.987386     9.1215     9.4115     3.0562    89.6539 9.6168e+01  -73.87492 -118.72732  50.672666      99.66 1.4944e+03    241.369       5794  1027.1800  1027.1806     4.2532     0.6995     0.1760    33.7785    33.7793    8.11304         33 0.0000e+00
     12.000     11.876    -0.1551  28.005218    -0.1558  28.005700     9.1333     9.4495     5.0417    89.3475 7.7843e+01  -73.87492 -118.72731  50.672683      99.66 1.4932e+03    242.773       5828  1027.1982  1027.1994     4.2387     0.7176     0.1662    33.7955    33.7970    8.11090         33 0.0000e+00
     13.000     12.867    -0.1532  28.017750    -0.1537  28.018137     9.1289     9.4774     5.6235    89.5596 6.0310e+01  -73.87492 -118.72730  50.672702      99.29 1.4947e+03    244.482       5869  1027.2143  1027.2152     4.2486     0.8812     0.1832    33.8095    33.8106    8.10970         45 0.0000e+00
     14.000     13.855    -0.1556  28.021006    -0.1562  28.021832     9.1121     9.4814     5.8596    89.0724 4.8787e+01  -73.87492 -118.72731  50.672725      99.50 1.4965e+03    246.432       5915  1027.2246  1027.2260     4.2257     1.2735     0.1804    33.8160    33.8176    8.10986         44 0.0000e+00
     15.000     14.844    -0.1597  28.021068    -0.1603  28.021881     9.1145     9.4910     7.6115    89.3471 4.1637e+01  -73.87492 -118.72732  50.672744      99.56 1.4926e+03    248.061       5954  1027.2330  1027.2344     4.2387     1.0910     0.1755    33.8200    33.8217    8.11050         36 0.0000e+00
     16.000     15.835    -0.1601  28.021409    -0.1605  28.022138     9.0977     9.4946     8.6294    89.3025 3.3068e+01  -73.87492 -118.72732  50.672761      99.59 1.4914e+03    249.589       5991  1027.2380  1027.2392     4.2366     0.9596     0.1637    33.8202    33.8216    8.11055         39 0.0000e+00
     17.000     16.824    -0.1606  28.021304    -0.1610  28.022213     9.1037     9.4899     6.4613    88.6776 2.6255e+01  -73.87492 -118.72732  50.672782      99.64 1.4957e+03    251.376       6034  1027.2427  1027.2441     4.2070     1.3421     0.1679    33.8201    33.8217    8.11068         43 0.0000e+00
     18.000     17.813    -0.1621  28.020716    -0.1625  28.021518     9.0935     9.4956     8.6046    89.7399 2.2149e+01  -73.87492 -118.72732  50.672802      99.46 1.4960e+03    253.128       6076  1027.2478  1027.2491     4.2572     1.3441     0.1776    33.8203    33.8219    8.11098         36 0.0000e+00
     19.000     18.802    -0.1630  28.020515    -0.1636  28.021249     9.0835     9.4894     8.1211    89.3572 1.8811e+01  -73.87492 -118.72732  50.672820      99.48 1.4938e+03    254.687       6113  1027.2528  1027.2541     4.2387     1.2688     0.1757    33.8205    33.8221    8.11117         36 0.0000e+00
     20.000     19.792    -0.1644  28.020030    -0.1648  28.020820     9.0767     9.4733     8.0046    88.4697 1.5032e+01  -73.87490 -118.72732  50.672840      99.56 1.4941e+03    256.370       6154  1027.2579  1027.2591     4.1971     1.0339     0.1733    33.8208    33.8222    8.11145         39 0.0000e+00
     21.000     20.781    -0.1670  28.019010    -0.1673  28.019983     9.0685     9.4595     9.5702    89.4965 1.2361e+01  -73.87490 -118.72732  50.672860      99.43 1.4951e+03    258.096       6195  1027.2636  1027.2649     4.2452     1.4844     0.1814    33.8217    33.8233    8.11195         38 0.0000e+00
     22.000     21.771    -0.1690  28.018402    -0.1694  28.019330     9.0696     9.4728     8.1490    87.4710 1.0652e+01  -73.87491 -118.72732  50.672881      99.43 1.4944e+03    259.917       6239  1027.2691  1027.2705     4.1501     1.4763     0.1807    33.8224    33.8241    8.11232         40 0.0000e+00
     23.000     22.761    -0.1692  28.018740    -0.1697  28.019509     9.0680     9.4738     9.0574    89.7196 8.8819e+00  -73.87491 -118.72732  50.672900      99.46 1.4932e+03    261.546       6278  1027.2739  1027.2753     4.2560     1.2950     0.1719    33.8225    33.8241    8.11236         36 0.0000e+00
     24.000     23.749    -0.1695  28.018948    -0.1701  28.019602     9.0558     9.4654     6.3150    89.2658 7.2161e+00  -73.87490 -118.72732  50.672917      99.49 1.4930e+03    262.995       6313  1027.2788  1027.2800     4.2348     1.2735     0.1744    33.8225    33.8240    8.11243         33 0.0000e+00
     25.000     24.742    -0.1700  28.019318    -0.1703  28.019952     9.0364     9.4450     8.0863    89.4346 6.1829e+00  -73.87491 -118.72732  50.672939      99.51 1.4916e+03    264.955       6360  1027.2839  1027.2848     4.2430     1.1893     0.1765    33.8230    33.8241    8.11251         43 0.0000e+00
     26.000     25.728    -0.1730  28.017886    -0.1736  28.018531     9.0298     9.4256    10.3870    89.7970 5.2804e+00  -73.87492 -118.72732  50.672961      99.47 1.4935e+03    266.820       6405  1027.2895  1027.2908     4.2601     1.2914     0.1855    33.8238    33.8254    8.11310         36 0.0000e+00
     27.000     26.720    -0.1752  28.016881    -0.1751  28.018092     9.0241     9.4303     8.1299    90.1736 4.3657e+00  -73.87492 -118.72732  50.672976      99.46 1.4951e+03    268.136       6436  1027.2949  1027.2961     4.2778     1.3196     0.1936    33.8243    33.8258    8.11354         30 0.0000e+00
     28.000     27.709    -0.1767  28.016147    -0.1764  28.017404     9.0255     9.4286     9.0044    89.2340 3.6160e+00  -73.87492 -118.72732  50.672993      98.88 1.4946e+03    269.573       6471  1027.2998  1027.3009     4.2333     1.3065     0.1663    33.8244    33.8258    8.11385         38 0.0000e+00
     29.000     28.699    -0.1783  28.015500    -0.1781  28.016577     9.0059     9.4154     8.2615    89.3968 3.1133e+00  -73.87492 -118.72732  50.673018      99.43 1.4919e+03    271.757       6523  1027.3049  1027.3058     4.2409     1.3637     0.1818    33.8247    33.8259    8.11418         39 0.0000e+00
     30.000     29.688    -0.1819  28.013203    -0.1822  28.014096     8.9969     9.4112     8.1049    88.4431 2.6508e+00  -73.87492 -118.72732  50.673039      99.42 1.4932e+03    273.572       6567  1027.3101  1027.3114     4.1959     1.5671     0.1728    33.8250    33.8266    8.11492         36 0.0000e+00
     31.000     30.677    -0.1832  28.012887    -0.1829  28.014088     9.0077     9.4137     9.4825    90.1213 2.2280e+00  -73.87492 -118.72732  50.673055      99.41 1.4933e+03    274.939       6600  1027.3153  1027.3163     4.2753     1.4876     0.1733    33.8254    33.8267    8.11518         32 0.0000e+00
     32.000     31.667    -0.1838  28.012992    -0.1841  28.013648     8.9958     9.4057     9.4716    89.4937 1.8771e+00  -73.87492 -118.72732  50.673072      99.42 1.4925e+03    276.458       6636  1027.3202  1027.3212     4.2456     1.6562     0.1878    33.8256    33.8268    8.11529         43 0.0000e+00
     33.000     32.655    -0.1882  28.010282    -0.1871  28.011927     8.9864     9.3887     9.1597    88.7598 1.6000e+00  -73.87492 -118.72732  50.673096      99.57 1.4905e+03    278.468       6684  1027.3258  1027.3265     4.2113     1.3675     0.2021    33.8263    33.8272    8.11619         42 0.0000e+00
     34.000     33.647    -0.1884  28.010672    -0.1887  28.011218     8.9896     9.3924     8.0481    89.8738 1.3774e+00  -73.87492 -118.72732  50.673118      99.52 1.4942e+03    280.360       6730  1027.3307  1027.3315     4.2636     1.3600     0.1809    33.8264    33.8275    8.11622         36 0.0000e+00
     35.000     34.635    -0.1875  28.011578    -0.1875  28.012581     8.9985     9.3879     7.5159    90.0406 1.1760e+00  -73.87492 -118.72733  50.673134      93.31 1.4938e+03    281.745       6763  1027.3350  1027.3362     4.2715     1.1842     0.1777    33.8260    33.8274    8.11606         31 0.0000e+00
     36.000     35.626    -0.1878  28.011805    -0.1898  28.011246     8.9881     9.3868     8.3080    89.6601 9.8876e-01  -73.87492 -118.72734  50.673149      97.04 1.4923e+03    283.101       6795  1027.3398  1027.3411     4.2534     1.5056     0.1730    33.8261    33.8275    8.11613         31 0.0000e+00
     37.000     36.615    -0.1895  28.011101    -0.1911  28.010630     8.9953     9.3867     9.1304    90.6725 8.3634e-01  -73.87492 -118.72734  50.673172      99.53 1.4928e+03    285.041       6842  1027.3450  1027.3460     4.3018     1.5615     0.1745    33.8264    33.8275    8.11646         42 0.0000e+00
     38.000     37.604    -0.1900  28.010956    -0.1902  28.011801     8.9798     9.3862     9.5402    90.4155 7.2546e-01  -73.87492 -118.72732  50.673195      99.48 1.4934e+03    287.070       6891  1027.3496  1027.3506     4.2894     1.2676     0.1657    33.8262    33.8275    8.11659         33 0.0000e+00
     39.000     38.593    -0.1951  28.007146    -0.1952  28.007990     8.9798     9.3792     8.1518    90.2081 6.1207e-01  -73.87492 -118.72732  50.673211      99.52 1.4932e+03    288.464       6924  1027.3547  1027.3556     4.2795     1.1876     0.1663    33.8262    33.8274    8.11767         31 0.0000e+00
     40.000     39.582    -0.1974  28.005845    -0.1975  28.006544     8.9815     9.3721     8.7747    90.0626 5.1242e-01  -73.87492 -118.72732  50.673227      99.50 1.4932e+03    289.832       6957  1027.3598  1027.3607     4.2726     1.2458     0.1700    33.8264    33.8274    8.11816         33 0.0000e+00
     41.000     40.573    -0.1983  28.005854    -0.1980  28.006836     8.9616     9.3618     8.4689    89.4252 4.3547e-01  -73.87492 -118.72732  50.673251      99.52 1.4932e+03    291.866       7006  1027.3649  1027.3656     4.2423     1.2960     0.1648    33.8268    33.8277    8.11832         44 0.0000e+00
     42.000     41.562    -0.1995  28.006037    -0.1996  28.006717     8.9253     9.3477     8.9027    90.3101 3.7369e-01  -73.87492 -118.72732  50.673273      99.42 1.4952e+03    293.809       7052  1027.3705  1027.3713     4.2843     1.6036     0.1773    33.8277    33.8288    8.11852         34 0.0000e+00
     43.000     42.551    -0.1991  28.007585    -0.1992  28.008289     9.0043     9.3554     9.2054    90.5254 3.1460e-01  -73.87492 -118.72732  50.673289      99.28 1.4950e+03    295.160       7085  1027.3760  1027.3769     4.2945     1.3300     0.1719    33.8287    33.8298    8.11837         32 0.0000e+00
     44.000     43.540    -0.1989  28.008254    -0.1988  28.009072     8.9170     9.3562    10.4748    89.4339 2.6086e-01  -73.87492 -118.72732  50.673306      99.37 1.4941e+03    296.635       7120  1027.3808  1027.3816     4.2428     1.4746     0.1715    33.8288    33.8298    8.11833         40 0.0000e+00
     45.000     44.531    -0.1986  28.009129    -0.1986  28.009769     8.9490     9.3498     9.6031    89.0916 2.1746e-01  -73.87492 -118.72732  50.673326      99.57 1.4945e+03    298.411       7163  1027.3857  1027.3864     4.2266     1.8613     0.1654    33.8291    33.8299    8.11826         42 0.0000e+00
     46.000     45.519    -0.1987  28.009754    -0.1987  28.010392     8.9629     9.3377     8.0658    89.5850 1.8086e-01  -73.87492 -118.72732  50.673345      99.43 1.4956e+03    299.989       7201  1027.3907  1027.3914     4.2499     1.4952     0.1620    33.8293    33.8302    8.11825         34 0.0000e+00
     47.000     46.509    -0.1990  28.009896    -0.1992  28.010556     8.9281     9.3372     9.9582    89.1288 1.4907e-01  -73.87492 -118.72732  50.673360      99.50 1.4947e+03    301.264       7231  1027.3955  1027.3964     4.2283     1.2392     0.1769    33.8293    33.8304    8.11833         28 0.0000e+00
     48.000     47.498    -0.1994  28.010259    -0.1995  28.010888     8.9890     9.3395     9.2362    88.9263 1.2025e-01  -73.87492 -118.72732  50.673373      99.46 1.4933e+03    302.425       7259  1027.4005  1027.4013     4.2187     1.3615     0.1712    33.8297    33.8306    8.11840         28 0.0000e+00
     49.000     48.489    -0.1997  28.010463    -0.1996  28.011179     8.8997     9.3342     7.9042    88.8022 9.3944e-02  -73.87492 -118.72732  50.673389      99.42 1.4946e+03    303.768       7291  1027.4053  1027.4060     4.2130     1.4362     0.1790    33.8296    33.8305    8.11845         37 0.0000e+00
     50.000     49.475    -0.1997  28.010801    -0.1998  28.011529     8.9621     9.3446    12.6985    89.7258 7.2325e-02  -73.87492 -118.72732  50.673407      99.45 1.4970e+03    305.364       7330  1027.4100  1027.4108     4.2564     1.3940     0.1689    33.8295    33.8305    8.11847         35 0.0000e+00
     51.000     50.469    -0.1998  28.011318    -0.1998  28.012070     8.9409     9.3309    12.7849    89.3398 5.5478e-02  -73.87492 -118.72732  50.673423      99.42 1.4969e+03    306.769       7363  1027.4149  1027.4156     4.2383     1.4787     0.1727    33.8296    33.8306    8.11847         31 0.0000e+00
     52.000     51.456    -0.1997  28.012015    -0.1995  28.012657     8.9553     9.3280     9.6549    88.5976 4.0253e-02  -73.87492 -118.72732  50.673437      99.52 1.4955e+03    307.994       7393  1027.4197  1027.4203     4.2032     1.2010     0.1609    33.8298    33.8305    8.11843         29 0.0000e+00
