ocean_section_plots/required_files/ctd/dnbp2202_ctd084.cnv
* Sea-Bird SBE 9 Data File:
* FileName = D:\Data\raw\NBP2202_CTD084.hex
* Software Version Seasave V 7.26.7.121
* Temperature SN = 1649
* Conductivity SN = 2513
* Number of Bytes Per Scan = 40
* Number of Voltage Words = 5
* Number of Scans Averaged by the Deck Unit = 1
* NMEA Latitude = 74 10.51 S
* NMEA Longitude = 113 20.67 W
* NMEA UTC (Time) = Jan 26 2022  19:01:51
* NMEA baud rate = 9600
** Ship: RVIB N.B. Palmer
** Cruise: NBP2202 Thwaites
** Station: YoYo001
** Operator: A. Robinson
# nquan = 25
# nvalues = 607                         
# units = specified
# name 0 = prDM: Pressure, Digiquartz [db]
# name 1 = depSM: Depth [salt water, m]
# name 2 = t090C: Temperature [ITS-90, deg C]
# name 3 = c0mS/cm: Conductivity [mS/cm]
# name 4 = t190C: Temperature, 2 [ITS-90, deg C]
# name 5 = c1mS/cm: Conductivity, 2 [mS/cm]
# name 6 = sbeox0ML/L: Oxygen, SBE 43 [ml/l]
# name 7 = sbeox1ML/L: Oxygen, SBE 43, 2 [ml/l]
# name 8 = flECO-AFL: Fluorescence, WET Labs ECO-AFL/FL [mg/m^3]
# name 9 = CStarTr0: Beam Transmission, WET Labs C-Star [%]
# name 10 = par: PAR/Irradiance, Biospherical/Licor
# name 11 = latitude: Latitude [deg]
# name 12 = longitude: Longitude [deg]
# name 13 = timeJ: Julian Days
# name 14 = altM: Altimeter [m]
# name 15 = spar: SPAR, Biospherical/Licor
# name 16 = timeS: Time, Elapsed [seconds]
# name 17 = scan: Scan Count
# name 18 = density00: Density [density, kg/m^3]
# name 19 = density11: Density, 2 [density, kg/m^3]
# name 20 = sal00: Salinity, Practical [PSU]
# name 21 = sal11: Salinity, Practical, 2 [PSU]
# name 22 = oxsolML/L: Oxygen Saturation, Garcia & Gordon [ml/l]
# name 23 = nbin: number of scans per bin
# name 24 = flag: flag
# span 0 =     10.000,    616.000       
# span 1 =      9.897,    608.722       
# span 2 =    -1.5778,     0.0985       
# span 3 =  26.952279,  28.928054       
# span 4 =    -1.5771,     0.1007       
# span 5 =  26.952339,  28.927795       
# span 6 =     4.6894,     8.7456       
# span 7 =     4.7711,     8.6374       
# span 8 =    -0.0224,    23.8710       
# span 9 =    68.2823,    95.7486       
# span 10 = 1.0000e-12, 8.1045e+01      
# span 11 =  -74.17530,  -74.17528      
# span 12 = -113.34462, -113.34458      
# span 13 =  26.793245,  26.802171      
# span 14 =       4.44,     100.19      
# span 15 = 1.6275e+03, 2.1035e+03      
# span 16 =     25.373,    796.562      
# span 17 =        610,      19118      
# span 18 =  1027.2228,  1030.5175      
# span 19 =  1027.2212,  1030.5152      
# span 20 =    33.7914,    34.3827      
# span 21 =    33.7891,    34.3799      
# span 22 =    8.02421,    8.41417      
# span 23 =         16,         55      
# span 24 = 0.0000e+00, 0.0000e+00      
# interval = decibars: 1                
# start_time = Jan 26 2022 19:01:51 [NMEA time, header]
# bad_flag = -9.990e-29
*END*
[from data line 174]
    184.000    182.015    -1.5608  27.051098    -1.5598  27.050580     6.2196     6.3432     0.0410    95.5661 1.0000e-12  -74.17528 -113.34460  26.795586      99.87 1.9426e+03    227.660       5465  1028.2267  1028.2251    33.9758    33.9740    8.40882         29 0.0000e+00
    185.000    183.004    -1.5604  27.052062    -1.5595  27.051501     6.2218     6.3440     0.0615    95.5912 1.0000e-12  -74.17528 -113.34460  26.795600      99.87 1.9425e+03    228.860       5494  1028.2318  1028.2302    33.9761    33.9743    8.40872         29 0.0000e+00
    186.000    183.992    -1.5592  27.053912    -1.5581  27.053554     6.2198     6.3396     0.1780    95.6269 1.0000e-12  -74.17528 -113.34460  26.795614      87.21 1.9413e+03    230.081       5523  1028.2369  1028.2354    33.9766    33.9749    8.40840         29 0.0000e+00
    187.000    184.981    -1.5586  27.054843    -1.5576  27.054507     6.2127     6.3383     0.0884    95.6387 1.0000e-12  -74.17528 -113.34460  26.795629      97.23 1.9396e+03    231.304       5552  1028.2417  1028.2403    33.9766    33.9750    8.40827         30 0.0000e+00
    188.000    185.970    -1.5576  27.056443    -1.5565  27.055907     6.2068     6.3326     0.0898    95.5653 1.0000e-12  -74.17528 -113.34460  26.795643      99.82 1.9373e+03    232.520       5581  1028.2467  1028.2451    33.9771    33.9750    8.40802         29 0.0000e+00
    189.000    186.958    -1.5531  27.061355    -1.5520  27.060857     6.2079     6.3273     0.0993    95.5749 1.0000e-12  -74.17528 -113.34460  26.795657      99.87 1.9337e+03    233.730       5611  1028.2522  1028.2505    33.9782    33.9762    8.40695         28 0.0000e+00
    190.000    187.948    -1.5508  27.063974    -1.5496  27.063756     6.2040     6.3158     0.0699    95.6428 1.0000e-12  -74.17528 -113.34460  26.795671      99.87 1.9294e+03    234.945       5640  1028.2572  1028.2557    33.9785    33.9767    8.40640         29 0.0000e+00
    191.000    188.936    -1.5498  27.065298    -1.5485  27.065075     6.1945     6.3174     0.0830    95.5935 1.0000e-12  -74.17528 -113.34460  26.795685      99.87 1.9258e+03    236.161       5669  1028.2620  1028.2604    33.9785    33.9768    8.40616         30 0.0000e+00
    192.000    189.925    -1.5464  27.068888    -1.5456  27.067972     6.1811     6.3075     0.0581    95.5949 1.0000e-12  -74.17528 -113.34460  26.795699      99.87 1.9234e+03    237.391       5698  1028.2670  1028.2652    33.9790    33.9769    8.40537         30 0.0000e+00
    193.000    190.913    -1.5425  27.072942    -1.5419  27.071854     6.1548     6.2896     0.0676    95.5834 1.0000e-12  -74.17528 -113.34460  26.795713      99.86 1.9204e+03    238.631       5728  1028.2720  1028.2703    33.9795    33.9774    8.40445         29 0.0000e+00
    194.000    191.902    -1.5283  27.086434    -1.5270  27.085826     6.1482     6.2814     0.0736    95.6158 1.0000e-12  -74.17528 -113.34460  26.795728      99.87 1.9179e+03    239.864       5758  1028.2774  1028.2755    33.9813    33.9791    8.40113         30 0.0000e+00
    195.000    192.890    -1.5209  27.093992    -1.5194  27.093651     6.1429     6.2688     0.0342    95.6057 1.0000e-12  -74.17528 -113.34460  26.795742      99.87 1.9166e+03    241.083       5787  1028.2830  1028.2812    33.9827    33.9806    8.39937         29 0.0000e+00
    196.000    193.880    -1.5170  27.098630    -1.5154  27.098194     6.1347     6.2623     0.0316    95.6326 1.0000e-12  -74.17528 -113.34460  26.795756      81.28 1.9161e+03    242.308       5816  1028.2887  1028.2868    33.9841    33.9817    8.39841         30 0.0000e+00
    197.000    194.868    -1.5026  27.112667    -1.5011  27.112356     6.1247     6.2484     0.0397    95.6615 1.0000e-12  -74.17528 -113.34460  26.795770      90.74 1.9143e+03    243.534       5846  1028.2948  1028.2929    33.9865    33.9844    8.39503         29 0.0000e+00
    198.000    195.856    -1.4964  27.119086    -1.4945  27.119190     6.1123     6.2350     0.0395    94.8064 1.0000e-12  -74.17528 -113.34460  26.795784      99.49 1.9141e+03    244.745       5875  1028.3002  1028.2984    33.9877    33.9856    8.39356         29 0.0000e+00
    199.000    196.847    -1.4849  27.130306    -1.4837  27.129630     6.1043     6.2261     0.0415    93.1099 1.0000e-12  -74.17528 -113.34460  26.795798      99.87 1.9148e+03    245.940       5904  1028.3059  1028.3040    33.9894    33.9871    8.39085         28 0.0000e+00
    200.000    197.833    -1.4813  27.134033    -1.4793  27.134130     6.0929     6.2150     0.0436    95.6962 1.0000e-12  -74.17528 -113.34460  26.795812      99.87 1.9157e+03    247.144       5932  1028.3110  1028.3092    33.9898    33.9877    8.39002         29 0.0000e+00
    201.000    198.823    -1.4769  27.138609    -1.4750  27.138570     6.0913     6.2077     0.0562    95.6081 1.0000e-12  -74.17528 -113.34460  26.795826      99.87 1.9163e+03    248.370       5962  1028.3162  1028.3143    33.9905    33.9882    8.38899         30 0.0000e+00
    202.000    199.812    -1.4698  27.145632    -1.4678  27.145617     6.0741     6.2016     0.0177    95.6156 1.0000e-12  -74.17528 -113.34460  26.795840      99.87 1.9165e+03    249.619       5992  1028.3216  1028.3196    33.9915    33.9892    8.38733         30 0.0000e+00
    203.000    200.801    -1.4664  27.149294    -1.4641  27.149667     6.0763     6.1948     0.0363    95.6735 1.0000e-12  -74.17528 -113.34460  26.795855      99.87 1.9163e+03    250.840       6021  1028.3268  1028.3250    33.9921    33.9900    8.38654         29 0.0000e+00
    204.000    201.789    -1.4606  27.155029    -1.4591  27.154607     6.0679     6.1860     0.0324    95.6458 1.0000e-12  -74.17528 -113.34460  26.795868      99.87 1.9163e+03    252.036       6050  1028.3319  1028.3300    33.9927    33.9905    8.38518         29 0.0000e+00
    205.000    202.778    -1.4572  27.158496    -1.4557  27.158227     6.0436     6.1675     0.0189    95.6545 1.0000e-12  -74.17528 -113.34460  26.795882      99.87 1.9163e+03    253.243       6079  1028.3368  1028.3351    33.9930    33.9909    8.38440         29 0.0000e+00
    206.000    203.767    -1.4445  27.170784    -1.4401  27.172597     6.0266     6.1532     0.0243    95.6353 1.0000e-12  -74.17528 -113.34460  26.795897      99.87 1.9165e+03    254.477       6108  1028.3425  1028.3402    33.9949    33.9924    8.38143         30 0.0000e+00
    207.000    204.754    -1.4335  27.180832    -1.4322  27.180618     6.0111     6.1305     0.0462    95.5693 1.0000e-12  -74.17528 -113.34460  26.795911      87.85 1.9165e+03    255.728       6138  1028.3473  1028.3458    33.9956    33.9938    8.37891         30 0.0000e+00
    208.000    205.744    -1.4230  27.190975    -1.4204  27.191342     5.9869     6.1082     0.0458    95.6466 1.0000e-12  -74.17528 -113.34460  26.795926      99.07 1.9179e+03    256.995       6169  1028.3527  1028.3507    33.9970    33.9946    8.37647         30 0.0000e+00
    209.000    206.733    -1.4110  27.202256    -1.4086  27.202587     5.9755     6.1056     0.0504    95.6344 1.0000e-12  -74.17528 -113.34460  26.795940      99.88 1.9200e+03    258.236       6199  1028.3581  1028.3561    33.9983    33.9960    8.37370         30 0.0000e+00
    210.000    207.720    -1.4059  27.207202    -1.4064  27.205294     5.9611     6.0886     0.0230    95.6338 1.0000e-12  -74.17530 -113.34460  26.795954      99.87 1.9228e+03    259.433       6227  1028.3630  1028.3614    33.9986    33.9966    8.37252         28 0.0000e+00
    211.000    208.711    -1.4063  27.207444    -1.4056  27.206282     5.9429     6.0699     0.0271    95.6323 1.0000e-12  -74.17530 -113.34460  26.795968      99.87 1.9250e+03    260.626       6256  1028.3682  1028.3662    33.9988    33.9964    8.37261         29 0.0000e+00
    212.000    209.697    -1.3912  27.221581    -1.3894  27.221233     5.9110     6.0466     0.0142    95.6027 1.0000e-12  -74.17530 -113.34460  26.795982      99.87 1.9284e+03    261.845       6285  1028.3735  1028.3714    34.0005    33.9980    8.36911         29 0.0000e+00
    213.000    210.687    -1.3760  27.236097    -1.3710  27.238195     5.8290     5.9674     0.0143    95.6073 1.0000e-12  -74.17530 -113.34460  26.795996      99.87 1.9313e+03    263.085       6315  1028.3792  1028.3767    34.0026    33.9998    8.36558         31 0.0000e+00
    214.000    211.676    -1.3303  27.277726    -1.3271  27.278038     5.7467     5.8849     0.0143    95.6334 1.0000e-12  -74.17530 -113.34460  26.796011      99.87 1.9356e+03    264.346       6345  1028.3850  1028.3824    34.0072    34.0040    8.35506         30 0.0000e+00
    215.000    212.663    -1.2730  27.329326    -1.2708  27.329317     5.7254     5.8628     0.0143    95.6225 1.0000e-12  -74.17530 -113.34460  26.796025      99.87 1.9370e+03    265.599       6375  1028.3907  1028.3885    34.0124    34.0098    8.34195         30 0.0000e+00
    216.000    213.653    -1.2618  27.340676    -1.2608  27.339824     5.7226     5.8497    -0.0014    95.6438 1.0000e-12  -74.17530 -113.34460  26.796040      99.87 1.9361e+03    266.831       6405  1028.3971  1028.3952    34.0145    34.0123    8.33930         29 0.0000e+00
    217.000    214.642    -1.2654  27.339285    -1.2635  27.338954     5.7173     5.8378     0.0038    95.6483 1.0000e-12  -74.17530 -113.34460  26.796054      80.45 1.9327e+03    268.032       6434  1028.4039  1028.4017    34.0162    34.0135    8.34003         29 0.0000e+00
    218.000    215.629    -1.2495  27.354536    -1.2481  27.353807     5.7187     5.8363     0.0071    95.6457 1.0000e-12  -74.17530 -113.34460  26.796067      96.79 1.9330e+03    269.222       6462  1028.4099  1028.4077    34.0184    34.0158    8.33634         28 0.0000e+00
    219.000    216.619    -1.2468  27.357456    -1.2433  27.358909     5.6987     5.8272     0.0001    95.6394 1.0000e-12  -74.17530 -113.34460  26.796081      99.88 1.9346e+03    270.420       6491  1028.4152  1028.4134    34.0187    34.0168    8.33573         29 0.0000e+00
    220.000    217.607    -1.2393  27.364888    -1.2375  27.364390     5.6780     5.8013     0.0081    95.6267 1.0000e-12  -74.17530 -113.34460  26.796095      99.87 1.9357e+03    271.643       6520  1028.4207  1028.4184    34.0198    34.0170    8.33399         30 0.0000e+00
    221.000    218.597    -1.2218  27.381237    -1.2194  27.381266     5.6558     5.7792     0.0102    95.6252 1.0000e-12  -74.17530 -113.34460  26.796110      99.87 1.9358e+03    272.876       6550  1028.4262  1028.4239    34.0216    34.0189    8.32997         29 0.0000e+00
    222.000    219.584    -1.2111  27.391472    -1.2093  27.391074     5.6476     5.7689     0.0051    95.6261 1.0000e-12  -74.17530 -113.34460  26.796124      99.87 1.9367e+03    274.091       6579  1028.4316  1028.4294    34.0229    34.0203    8.32751         29 0.0000e+00
    223.000    220.573    -1.2008  27.401557    -1.2003  27.400021     5.6255     5.7435     0.0046    95.6172 1.0000e-12  -74.17530 -113.34460  26.796137      99.87 1.9360e+03    275.271       6608  1028.4373  1028.4351    34.0245    34.0218    8.32514         28 0.0000e+00
    224.000    221.561    -1.1908  27.412442    -1.1883  27.412335     5.5981     5.7168    -0.0081    95.6135 1.0000e-12  -74.17530 -113.34460  26.796151      99.87 1.9360e+03    276.449       6636  1028.4440  1028.4416    34.0273    34.0244    8.32273         28 0.0000e+00
    225.000    222.551    -1.1616  27.439860    -1.1596  27.439488     5.5834     5.6959     0.0011    95.5948 1.0000e-12  -74.17528 -113.34460  26.796165      99.87 1.9378e+03    277.653       6665  1028.4503  1028.4479    34.0312    34.0284    8.31603         30 0.0000e+00
    226.000    223.539    -1.1527  27.448483    -1.1509  27.448304     5.5764     5.6892    -0.0033    95.5686 1.0000e-12  -74.17528 -113.34460  26.796179      99.87 1.9382e+03    278.883       6694  1028.4558  1028.4538    34.0322    34.0300    8.31398         30 0.0000e+00
    227.000    224.527    -1.1490  27.452611    -1.1469  27.452676     5.5687     5.6834    -0.0137    95.4038 1.0000e-12  -74.17528 -113.34460  26.796194      99.87 1.9392e+03    280.121       6724  1028.4613  1028.4594    34.0331    34.0307    8.31311         29 0.0000e+00
    228.000    225.516    -1.1449  27.457094    -1.1447  27.455263     5.5524     5.6647    -0.0084    95.6125 1.0000e-12  -74.17528 -113.34460  26.796208      93.43 1.9399e+03    281.347       6753  1028.4668  1028.4647    34.0339    34.0312    8.31215         29 0.0000e+00
    229.000    226.505    -1.1337  27.468187    -1.1329  27.466834     5.5433     5.6544    -0.0140    95.6200 1.0000e-12  -74.17528 -113.34460  26.796222      93.62 1.9395e+03    282.550       6782  1028.4727  1028.4704    34.0358    34.0329    8.30956         29 0.0000e+00
    230.000    227.493    -1.1248  27.476753    -1.1234  27.476226     5.5349     5.6458    -0.0092    95.6119 1.0000e-12  -74.17528 -113.34460  26.796236      99.88 1.9410e+03    283.756       6811  1028.4779  1028.4760    34.0368    34.0345    8.30753         29 0.0000e+00
    231.000    228.482    -1.1202  27.481629    -1.1191  27.480784     5.5102     5.6205    -0.0150    95.6087 1.0000e-12  -74.17528 -113.34460  26.796250      99.87 1.9414e+03    284.984       6841  1028.4833  1028.4813    34.0376    34.0351    8.30645         30 0.0000e+00
    232.000    229.470    -1.1067  27.495145    -1.1011  27.498119     5.4910     5.5921    -0.0048    95.6001 1.0000e-12  -74.17528 -113.34460  26.796264      99.87 1.9421e+03    286.221       6870  1028.4895  1028.4873    34.0402    34.0378    8.30332         30 0.0000e+00
    233.000    230.459    -1.0818  27.519100    -1.0798  27.518890     5.4728     5.5843    -0.0054    95.5819 1.0000e-12  -74.17528 -113.34460  26.796278      99.87 1.9427e+03    287.448       6900  1028.4960  1028.4938    34.0440    34.0415    8.29757         29 0.0000e+00
    234.000    231.447    -1.0745  27.526574    -1.0728  27.526096     5.4593     5.5717    -0.0052    95.6091 1.0000e-12  -74.17528 -113.34460  26.796292      99.87 1.9420e+03    288.660       6929  1028.5016  1028.4995    34.0453    34.0428    8.29588         29 0.0000e+00
    235.000    232.436    -1.0648  27.536480    -1.0634  27.535880     5.4569     5.5669    -0.0059    95.6053 1.0000e-12  -74.17528 -113.34460  26.796306      99.87 1.9417e+03    289.846       6957  1028.5076  1028.5056    34.0473    34.0448    8.29363         28 0.0000e+00
    236.000    233.424    -1.0640  27.537768    -1.0620  27.537560     5.4642     5.5681    -0.0195    95.5960 1.0000e-12  -74.17528 -113.34460  26.796320      99.87 1.9407e+03    291.030       6986  1028.5128  1028.5107    34.0474    34.0449    8.29343         29 0.0000e+00
    237.000    234.412    -1.0658  27.536236    -1.0644  27.535609     5.4651     5.5670    -0.0151    95.5958 1.0000e-12  -74.17528 -113.34460  26.796334      99.87 1.9408e+03    292.241       7015  1028.5174  1028.5154    34.0468    34.0444    8.29387         30 0.0000e+00
    238.000    235.402    -1.0664  27.535957    -1.0647  27.535571     5.4636     5.5694    -0.0150    95.6038 1.0000e-12  -74.17528 -113.34460  26.796348      63.82 1.9421e+03    293.475       7044  1028.5222  1028.5202    34.0465    34.0440    8.29402         29 0.0000e+00
    239.000    236.391    -1.0626  27.540079    -1.0606  27.540079     5.4566     5.5631    -0.0150    95.5933 1.0000e-12  -74.17528 -113.34460  26.796362      74.66 1.9412e+03    294.710       7074  1028.5275  1028.5255    34.0472    34.0449    8.29314         29 0.0000e+00
    240.000    237.378    -1.0596  27.543424    -1.0579  27.543126     5.4592     5.5616    -0.0150    95.5986 1.0000e-12  -74.17528 -113.34460  26.796376      93.41 1.9384e+03    295.917       7103  1028.5326  1028.5306    34.0477    34.0454    8.29244         29 0.0000e+00
