ocean_section_plots/required_files/ctd/dnbp2202_ctd197.cnv
* Sea-Bird SBE 9 Data File:
* FileName = D:\Data\raw\NBP2202_CTD197.hex
* Software Version Seasave V 7.26.7.121
* Temperature SN = 1649
* Conductivity SN = 2513
* Number of Bytes Per Scan = 40
* Number of Voltage Words = 5
* Number of Scans Averaged by the Deck Unit = 1
* NMEA Latitude = 73 57.30 S
* NMEA Longitude = 113 18.77 W
* NMEA UTC (Time) = Feb 08 2022  14:33:16
* NMEA baud rate = 9600
** Ship: RVIB N.B. Palmer
** Cruise: NBP2202 Thwaites
** Station: 116
** Operator: B. Bjork
# nquan = 28
# nvalues = 307                         
# units = specified
# name 0 = prDM: Pressure, Digiquartz [db]
# name 1 = depSM: Depth [salt water, m]
# name 2 = t090C: Temperature [ITS-90, deg C]
# name 3 = c0mS/cm: Conductivity [mS/cm]
# name 4 = t190C: Temperature, 2 [ITS-90, deg C]
# name 5 = c1mS/cm: Conductivity, 2 [mS/cm]
# name 6 = sbeox0ML/L: Oxygen, SBE 43 [ml/l]
# name 7 = sbeox1ML/L: Oxygen, SBE 43, 2 [ml/l]
# name 8 = flECO-AFL: Fluorescence, WET Labs ECO-AFL/FL [mg/m^3]
# name 9 = CStarTr0: Beam Transmission, WET Labs C-Star [%]
# name 10 = par: PAR/Irradiance, Biospherical/Licor
# name 11 = latitude: Latitude [deg]
# name 12 = longitude: Longitude [deg]
# name 13 = timeJ: Julian Days
# name 14 = altM: Altimeter [m]
# name 15 = spar: SPAR, Biospherical/Licor
# name 16 = timeS: Time, Elapsed [seconds]
# name 17 = scan: Scan Count
# name 18 = density00: Density [density, kg/m^3]
# name 19 = density11: Density, 2 [density, kg/m^3]
# name 20 = v3: Voltage 3
# name 21 = v4: Voltage 4
# name 22 = v5: Voltage 5
# name 23 = sal00: Salinity, Practical [PSU]
# name 24 = sal11: Salinity, Practical, 2 [PSU]
# name 25 = oxsolML/L: Oxygen Saturation, Garcia & Gordon [ml/l]
# name 26 = nbin: number of scans per bin
# name 27 = flag: flag
# span 0 =      2.000,    308.000       
# span 1 =      1.946,    304.589       
# span 2 =    -1.5553,    -0.4111       
# span 3 =  27.059538,  28.230161       
# span 4 =    -1.5555,    -0.4097       
# span 5 =  27.059459,  28.229727       
# span 6 =     4.9193,     8.9221       
# span 7 =     5.1015,     9.2646       
# span 8 =    -0.0055,    26.6030       
# span 9 =    74.5318,    98.2791       
# span 10 = -3.316e-05, 4.6192e+01      
# span 11 =  -73.95504,  -73.95504      
# span 12 = -113.31302, -113.31296      
# span 13 =  39.608676,  39.614102      
# span 14 =       1.82,     100.09      
# span 15 = 1.1167e+02, 1.2332e+02      
# span 16 =    193.590,    662.431      
# span 17 =       4647,      15899      
# span 18 =  1027.1482,  1028.9504      
# span 19 =  1027.1521,  1028.9486      
# span 20 =     3.5366,     4.6622      
# span 21 =     0.0670,     3.9320      
# span 22 =     0.1140,     0.2487      
# span 23 =    33.7561,    34.2025      
# span 24 =    33.7603,    34.2003      
# span 25 =    8.14233,    8.40694      
# span 26 =          1,         47      
# span 27 = 0.0000e+00, 0.0000e+00      
# interval = decibars: 1                
# start_time = Feb 08 2022 14:33:16 [NMEA time, header]
# bad_flag = -9.990e-29
*END*
[from data line 208]
    210.000    207.724    -1.4581  27.186556    -1.4579  27.186378     6.2913     6.5260     0.3896    97.3235 1.0000e-12  -73.95504 -113.31298  39.612141      99.64 1.1960e+02    492.976      11832  1028.3911  1028.3907     4.6169     0.1449     0.1291    34.0296    34.0292    8.38242         23 0.0000e+00
    211.000    208.712    -1.4571  27.188175    -1.4570  27.187846     6.2895     6.5199     0.4025    97.3592 1.0000e-12  -73.95504 -113.31299  39.612152      99.65 1.2068e+02    493.930      11855  1028.3962  1028.3958     4.6186     0.1308     0.1217    34.0301    34.0295    8.38217         24 0.0000e+00
    212.000    209.700    -1.4566  27.189133    -1.4564  27.188879     6.2921     6.5183     0.4841    97.4620 1.0000e-12  -73.95504 -113.31300  39.612164      99.64 1.2221e+02    494.960      11880  1028.4011  1028.4007     4.6234     0.1240     0.1194    34.0302    34.0296    8.38204         25 0.0000e+00
    213.000    210.689    -1.4561  27.190134    -1.4559  27.189974     6.2920     6.5226     0.4546    97.3770 1.0000e-12  -73.95504 -113.31300  39.612176      99.27 1.1966e+02    496.004      11905  1028.4061  1028.4057     4.6194     0.1451     0.1179    34.0304    34.0299    8.38192         25 0.0000e+00
    214.000    211.678    -1.4553  27.191504    -1.4551  27.191254     6.2915     6.5226     0.4860    97.1503 1.0000e-12  -73.95504 -113.31300  39.612188      98.84 1.1996e+02    497.012      11929  1028.4112  1028.4107     4.6086     0.1592     0.1222    34.0308    34.0302    8.38173         23 0.0000e+00
    215.000    212.667    -1.4535  27.193862    -1.4534  27.193477     6.2885     6.5221     0.4482    97.5833 1.0000e-12  -73.95504 -113.31300  39.612199      97.86 1.2186e+02    498.002      11953  1028.4163  1028.4158     4.6291     0.1680     0.1218    34.0313    34.0306    8.38128         25 0.0000e+00
    216.000    213.654    -1.4505  27.197542    -1.4501  27.197320     6.2886     6.5232     0.3221    97.3960 1.0000e-12  -73.95504 -113.31300  39.612211      96.86 1.1839e+02    499.024      11978  1028.4218  1028.4212     4.6205     0.1636     0.1209    34.0324    34.0316    8.38055         25 0.0000e+00
    217.000    214.645    -1.4484  27.200281    -1.4480  27.200055     6.2881     6.5186     0.3760    97.4760 1.0000e-12  -73.95504 -113.31300  39.612223      95.82 1.1875e+02    500.080      12003  1028.4271  1028.4264     4.6241     0.1142     0.1200    34.0331    34.0323    8.38003         25 0.0000e+00
    218.000    215.632    -1.4461  27.203165    -1.4457  27.202980     6.2831     6.5139     0.3401    97.7011 1.0000e-12  -73.95504 -113.31300  39.612235      94.71 1.2197e+02    501.117      12028  1028.4324  1028.4318     4.6348     0.1103     0.1203    34.0339    34.0332    8.37947         25 0.0000e+00
    219.000    216.620    -1.4388  27.211723    -1.4380  27.211746     6.2697     6.5094     0.2734    97.7283 1.0000e-12  -73.95504 -113.31300  39.612246      93.75 1.2116e+02    502.099      12051  1028.4390  1028.4384     4.6361     0.1292     0.1213    34.0367    34.0359    8.37765         22 0.0000e+00
    220.000    217.611    -1.4339  27.217645    -1.4335  27.217375     6.2753     6.5147     0.3533    97.2564 1.0000e-12  -73.95504 -113.31300  39.612258      92.68 1.1878e+02    503.058      12074  1028.4451  1028.4446     4.6138     0.2297     0.1301    34.0386    34.0379    8.37643         24 0.0000e+00
    221.000    218.597    -1.4330  27.219296    -1.4327  27.219115     6.2674     6.5129     0.3911    97.3957 1.0000e-12  -73.95504 -113.31300  39.612269      91.71 1.2240e+02    504.060      12098  1028.4505  1028.4500     4.6203     0.2276     0.1189    34.0392    34.0387    8.37619         25 0.0000e+00
    222.000    219.587    -1.4317  27.221439    -1.4315  27.220955     6.2636     6.5041     0.4016    97.5841 1.0000e-12  -73.95504 -113.31300  39.612282      90.67 1.2185e+02    505.124      12124  1028.4560  1028.4552     4.6293     0.1114     0.1177    34.0401    34.0393    8.37586         25 0.0000e+00
    223.000    220.576    -1.4240  27.231712    -1.4230  27.231607     6.2535     6.4902     0.4610    97.5891 1.0000e-12  -73.95504 -113.31300  39.612294      89.72 1.1941e+02    506.216      12150  1028.4642  1028.4631     4.6295     0.1223     0.1173    34.0449    34.0437    8.37384         26 0.0000e+00
    224.000    221.564    -1.4115  27.245237    -1.4112  27.244978     6.2448     6.4803     0.4401    97.1492 1.0000e-12  -73.95504 -113.31300  39.612306      88.58 1.2166e+02    507.261      12175  1028.4713  1028.4707     4.6088     0.1337     0.1211    34.0487    34.0479    8.37081         25 0.0000e+00
    225.000    222.552    -1.4078  27.249469    -1.4073  27.249396     6.2463     6.4823     0.6502    97.7300 1.0000e-12  -73.95504 -113.31300  39.612318      87.45 1.2196e+02    508.232      12199  1028.4767  1028.4762     4.6360     0.1197     0.1212    34.0496    34.0490    8.36991         22 0.0000e+00
    226.000    223.543    -1.4002  27.257066    -1.4000  27.256693     6.2415     6.4768     0.3947    97.7340 1.0000e-12  -73.95504 -113.31300  39.612328      86.66 1.2011e+02    509.163      12221  1028.4822  1028.4815     4.6363     0.1405     0.1182    34.0509    34.0501    8.36815         23 0.0000e+00
    227.000    224.529    -1.4004  27.257627    -1.3999  27.257470     6.2335     6.4673     0.3238    97.6765 1.0000e-12  -73.95504 -113.31300  39.612340      85.48 1.2235e+02    510.140      12244  1028.4874  1028.4867     4.6336     0.1759     0.1246    34.0513    34.0505    8.36817         25 0.0000e+00
    228.000    225.519    -1.3982  27.260138    -1.3982  27.259481     6.2241     6.4615     0.2359    97.5838 1.0000e-12  -73.95504 -113.31300  39.612352      84.45 1.2218e+02    511.220      12270  1028.4924  1028.4917     4.6292     0.1323     0.1240    34.0516    34.0507    8.36765         26 0.0000e+00
    229.000    226.506    -1.3890  27.269084    -1.3884  27.268834     6.1939     6.4425     0.2830    97.2520 1.0000e-12  -73.95504 -113.31300  39.612365      83.43 1.1961e+02    512.336      12297  1028.4977  1028.4968     4.6136     0.1125     0.1209    34.0528    34.0517    8.36552         27 0.0000e+00
    230.000    227.495    -1.3884  27.270328    -1.3879  27.270326     6.1407     6.3960     0.2409    97.4542 1.0000e-12  -73.95504 -113.31300  39.612377      82.46 1.2182e+02    513.387      12322  1028.5029  1028.5024     4.6229     0.1654     0.1241    34.0532    34.0526    8.36536         23 0.0000e+00
    231.000    228.484    -1.3672  27.290316    -1.3663  27.289910     6.0914     6.3516     0.3419    96.7683 1.0000e-12  -73.95504 -113.31300  39.612388      81.43 1.2164e+02    514.354      12345  1028.5086  1028.5072     4.5906     0.1143     0.1177    34.0559    34.0543    8.36044         23 0.0000e+00
    232.000    229.473    -1.3334  27.321173    -1.3339  27.318488     5.9733     6.2458     0.3075    97.5630 1.0000e-12  -73.95504 -113.31300  39.612399      80.38 1.2087e+02    515.296      12368  1028.5140  1028.5115     4.6282     0.1082     0.1195    34.0592    34.0561    8.35267         23 0.0000e+00
    233.000    230.462    -1.2883  27.361176    -1.2865  27.360659     5.7947     6.0748     0.2600    97.6973 1.0000e-12  -73.95504 -113.31300  39.612410      79.45 1.2090e+02    516.270      12391  1028.5184  1028.5161     4.6346     0.1150     0.1237    34.0622    34.0595    8.34240         24 0.0000e+00
    234.000    231.448    -1.2038  27.438591    -1.1994  27.438020     5.6584     5.9335     0.2603    97.7775 1.0000e-12  -73.95504 -113.31300  39.612423      78.20 1.2273e+02    517.318      12417  1028.5255  1028.5206     4.6383     0.1147     0.1215    34.0717    34.0659    8.32302         26 0.0000e+00
    235.000    232.438    -1.0702  27.555664    -1.0667  27.555549     5.6051     5.8760     0.6726    97.6478 1.0000e-12  -73.95504 -113.31302  39.612435      77.20 1.2089e+02    518.401      12443  1028.5282  1028.5246     4.6323     0.1094     0.1192    34.0795    34.0754    8.29293         26 0.0000e+00
    236.000    233.426    -1.0577  27.565811    -1.0566  27.565712     5.6008     5.8557     0.7009    97.6677 1.0000e-12  -73.95504 -113.31300  39.612447      76.36 1.2001e+02    519.454      12468  1028.5324  1028.5312     4.6332     0.1533     0.1236    34.0786    34.0772    8.29022         24 0.0000e+00
    237.000    234.416    -1.0590  27.565553    -1.0585  27.564808     5.6102     5.8502     0.2334    97.7546 1.0000e-12  -73.95504 -113.31302  39.612459      75.22 1.2259e+02    520.466      12492  1028.5386  1028.5373     4.6373     0.1043     0.1237    34.0791    34.0774    8.29047         24 0.0000e+00
    238.000    235.404    -1.0514  27.572715    -1.0505  27.572253     5.6125     5.8461     0.2340    97.8968 1.0000e-12  -73.95504 -113.31300  39.612471      74.24 1.2199e+02    521.461      12516  1028.5441  1028.5427     4.6441     0.1611     0.1312    34.0797    34.0780    8.28877         25 0.0000e+00
    239.000    236.393    -1.0540  27.570600    -1.0533  27.570346     5.6352     5.8639     0.2833    97.8325 1.0000e-12  -73.95504 -113.31300  39.612482      73.24 1.2005e+02    522.464      12540  1028.5492  1028.5484     4.6410     0.1055     0.1258    34.0790    34.0779    8.28937         24 0.0000e+00
    240.000    237.381    -1.0504  27.575208    -1.0484  27.575468     5.6445     5.8702     0.1899    97.7212 1.0000e-12  -73.95504 -113.31300  39.612494      72.18 1.2332e+02    523.477      12564  1028.5557  1028.5540     4.6357     0.1052     0.1250    34.0806    34.0787    8.28848         24 0.0000e+00
    241.000    238.368    -1.0521  27.573810    -1.0515  27.573435     5.6103     5.8329     0.1351    97.7651 1.0000e-12  -73.95504 -113.31300  39.612506      71.09 1.2249e+02    524.488      12589  1028.5607  1028.5597     4.6378     0.0962     0.1280    34.0800    34.0789    8.28889         25 0.0000e+00
    242.000    239.358    -1.0505  27.577676    -1.0507  27.575421     5.5654     5.7870     0.1965    97.9046 1.0000e-12  -73.95504 -113.31300  39.612517      70.09 1.1998e+02    525.507      12613  1028.5681  1028.5658     4.6444     0.1012     0.1271    34.0829    34.0800    8.28838         24 0.0000e+00
    243.000    240.346    -0.9898  27.633246    -0.9873  27.633340     5.5446     5.7576     0.2624    97.8225 1.0000e-12  -73.95504 -113.31300  39.612530      69.00 1.2301e+02    526.551      12638  1028.5741  1028.5717     4.6406     0.1335     0.1240    34.0892    34.0865    8.27461         25 0.0000e+00
    244.000    241.334    -0.9789  27.642435    -0.9772  27.642642     5.5318     5.7490     0.1692    96.3470 1.0000e-12  -73.95504 -113.31300  39.612542      67.99 1.2199e+02    527.588      12663  1028.5783  1028.5769     4.5706     0.1093     0.1289    34.0887    34.0871    8.27223         25 0.0000e+00
    245.000    242.324    -0.9767  27.644833    -0.9757  27.644460     5.5307     5.7412     0.1858    97.9077 1.0000e-12  -73.95504 -113.31300  39.612553      67.03 1.1915e+02    528.601      12687  1028.5836  1028.5822     4.6445     0.1330     0.1241    34.0890    34.0873    8.27175         24 0.0000e+00
    246.000    243.312    -0.9743  27.647293    -0.9738  27.646468     5.5285     5.7411     0.1569    97.8253 1.0000e-12  -73.95504 -113.31300  39.612565      65.95 1.2222e+02    529.602      12711  1028.5886  1028.5873     4.6407     0.0934     0.1213    34.0889    34.0872    8.27121         24 0.0000e+00
    247.000    244.299    -0.9728  27.648918    -0.9712  27.649280     5.5213     5.7364     0.1654    97.6561 1.0000e-12  -73.95504 -113.31300  39.612577      65.06 1.2245e+02    530.607      12736  1028.5937  1028.5925     4.6326     0.0918     0.1255    34.0888    34.0875    8.27089         24 0.0000e+00
    248.000    245.289    -0.9699  27.652202    -0.9687  27.651958     5.5150     5.7258     0.1672    97.6124 1.0000e-12  -73.95504 -113.31300  39.612588      63.96 1.1920e+02    531.610      12760  1028.5990  1028.5976     4.6306     0.1077     0.1264    34.0894    34.0877    8.27022         24 0.0000e+00
    249.000    246.276    -0.9584  27.663351    -0.9570  27.663077     5.5041     5.7115     0.1498    97.8614 1.0000e-12  -73.95504 -113.31300  39.612600      62.90 1.2281e+02    532.617      12784  1028.6045  1028.6029     4.6424     0.0857     0.1240    34.0909    34.0889    8.26759         25 0.0000e+00
    250.000    247.266    -0.9550  27.666773    -0.9542  27.666176     5.4911     5.6976     0.1355    97.6978 1.0000e-12  -73.95504 -113.31301  39.612612      61.82 1.2228e+02    533.653      12809  1028.6096  1028.6081     4.6346     0.1169     0.1240    34.0911    34.0893    8.26684         25 0.0000e+00
    251.000    248.255    -0.9420  27.680170    -0.9411  27.679324     5.4762     5.6862     0.8980    97.7780 1.0000e-12  -73.95504 -113.31302  39.612624      60.80 1.1900e+02    534.727      12834  1028.6160  1028.6142     4.6384     0.1067     0.1300    34.0940    34.0918    8.26381         26 0.0000e+00
    252.000    249.242    -0.9331  27.688786    -0.9323  27.688106     5.4510     5.6643     1.2588    98.0134 1.0000e-12  -73.95504 -113.31302  39.612637      59.79 1.2034e+02    535.801      12860  1028.6213  1028.6198     4.6496     0.0873     0.1293    34.0950    34.0932    8.26179         26 0.0000e+00
    253.000    250.231    -0.9268  27.695071    -0.9260  27.694423     5.4228     5.6334     0.1941    98.0173 1.0000e-12  -73.95504 -113.31301  39.612648      58.77 1.2003e+02    536.817      12885  1028.6266  1028.6251     4.6497     0.0790     0.1229    34.0958    34.0941    8.26037         23 0.0000e+00
    254.000    251.220    -0.8981  27.722736    -0.8966  27.722376     5.4210     5.6208     0.1695    97.6674 1.0000e-12  -73.95504 -113.31301  39.612659      57.86 1.2114e+02    537.759      12907  1028.6331  1028.6313     4.6333     0.0855     0.1278    34.1003    34.0981    8.25381         22 0.0000e+00
    255.000    252.208    -0.8786  27.742456    -0.8772  27.742182     5.4175     5.6207     0.2275    97.8758 1.0000e-12  -73.95504 -113.31301  39.612670      56.77 1.2057e+02    538.701      12930  1028.6401  1028.6384     4.6431     0.1157     0.1268    34.1045    34.1025    8.24930         23 0.0000e+00
    256.000    253.197    -0.8766  27.745164    -0.8759  27.744659     5.4240     5.6240     0.1475    97.8466 1.0000e-12  -73.95504 -113.31301  39.612682      55.71 1.1934e+02    539.725      12954  1028.6457  1028.6445     4.6416     0.1128     0.1341    34.1052    34.1037    8.24881         26 0.0000e+00
    257.000    254.184    -0.8783  27.745645    -0.8774  27.745065     5.4234     5.6236     0.2121    97.8684 1.0000e-12  -73.95504 -113.31301  39.612695      54.71 1.2016e+02    540.823      12981  1028.6526  1028.6511     4.6427     0.0800     0.1241    34.1072    34.1054    8.24907         26 0.0000e+00
    258.000    255.174    -0.8665  27.759058    -0.8651  27.758971     5.4021     5.6047     0.3324    97.7597 1.0000e-12  -73.95504 -113.31301  39.612707      53.64 1.2066e+02    541.893      13006  1028.6602  1028.6587     4.6376     0.1165     0.1293    34.1114    34.1097    8.24624         25 0.0000e+00
    259.000    256.161    -0.8576  27.768930    -0.8549  27.769879     5.3759     5.5785     0.2357    97.4045 1.0000e-12  -73.95504 -113.31301  39.612719      52.63 1.2143e+02    542.899      13031  1028.6667  1028.6652     4.6207     0.0750     0.1278    34.1141    34.1124    8.24412         23 0.0000e+00
