ocean_section_plots/required_files/ctd/dnbp2202_ctd257.cnv
* Sea-Bird SBE 9 Data File:
* FileName = D:\Data\raw\NBP2202_CTD257.hex
* Software Version Seasave V 7.26.7.121
* Temperature SN = 1649
* Conductivity SN = 2513
* Number of Bytes Per Scan = 40
* Number of Voltage Words = 5
* Number of Scans Averaged by the Deck Unit = 1
* NMEA Latitude = 74 03.21 S
* NMEA Longitude = 117 33.45 W
* NMEA UTC (Time) = Feb 15 2022  21:23:53
* NMEA baud rate = 9600
** Ship: RVIB N.B. Palmer
** Cruise: NBP2202 Thwaites
** Station: 165
** Operator: A. Robinson
# nquan = 28
# nvalues = 313                         
# units = specified
# name 0 = prDM: Pressure, Digiquartz [db]
# name 1 = depSM: Depth [salt water, m]
# name 2 = t090C: Temperature [ITS-90, deg C]
# name 3 = c0mS/cm: Conductivity [mS/cm]
# name 4 = t190C: Temperature, 2 [ITS-90, deg C]
# name 5 = c1mS/cm: Conductivity, 2 [mS/cm]
# name 6 = sbeox0ML/L: Oxygen, SBE 43 [ml/l]
# name 7 = sbeox1ML/L: Oxygen, SBE 43, 2 [ml/l]
# name 8 = flECO-AFL: Fluorescence, WET Labs ECO-AFL/FL [mg/m^3]
# name 9 = CStarTr0: Beam Transmission, WET Labs C-Star [%]
# name 10 = par: PAR/Irradiance, Biospherical/Licor
# name 11 = latitude: Latitude [deg]
# name 12 = longitude: Longitude [deg]
# name 13 = timeJ: Julian Days
# name 14 = altM: Altimeter [m]
# name 15 = spar: SPAR, Biospherical/Licor
# name 16 = timeS: Time, Elapsed [seconds]
# name 17 = scan: Scan Count
# name 18 = density00: Density [density, kg/m^3]
# name 19 = density11: Density, 2 [density, kg/m^3]
# name 20 = v3: Voltage 3
# name 21 = v4: Voltage 4
# name 22 = v5: Voltage 5
# name 23 = sal00: Salinity, Practical [PSU]
# name 24 = sal11: Salinity, Practical, 2 [PSU]
# name 25 = oxsolML/L: Oxygen Saturation, Garcia & Gordon [ml/l]
# name 26 = nbin: number of scans per bin
# name 27 = flag: flag
# span 0 =      2.000,    314.000       
# span 1 =      1.978,    310.519       
# span 2 =    -1.7318,    -0.2076       
# span 3 =  27.041470,  28.037018       
# span 4 =    -1.7310,    -0.2067       
# span 5 =  27.041229,  28.036880       
# span 6 =     6.3786,     9.0254       
# span 7 =     6.5389,     9.2427       
# span 8 =     0.3964,    13.4819       
# span 9 =    84.2225,    94.5391       
# span 10 = 1.0000e-12, 3.4723e+02      
# span 11 =  -74.05366,  -74.05366      
# span 12 = -117.55756, -117.55752      
# span 13 =  46.894041,  46.898939      
# span 14 =       4.37,     100.02      
# span 15 = 7.3865e+02, 7.4570e+02      
# span 16 =    212.119,    635.363      
# span 17 =       5092,      15250      
# span 18 =  1027.1766,  1028.9503      
# span 19 =  1027.1781,  1028.9488      
# span 20 =     3.9956,     4.4848      
# span 21 =     0.1165,     1.8564      
# span 22 =     0.1281,     0.2103      
# span 23 =    33.8219,    34.0917      
# span 24 =    33.8236,    34.0899      
# span 25 =    8.11948,    8.44074      
# span 26 =         20,         47      
# span 27 = 0.0000e+00, 0.0000e+00      
# interval = decibars: 1                
# start_time = Feb 15 2022 21:23:53 [NMEA time, header]
# bad_flag = -9.990e-29
*END*
[from data line 104]
    106.000    104.876    -0.2186  28.031826    -0.2179  28.031749     8.6038     8.8816     8.6150    84.3075 1.0000e-12  -74.05366 -117.55756  46.896021      98.69 7.4191e+02    383.194       9198  1027.6904  1027.6898     3.9997     1.4871     0.1937    33.8446    33.8437    8.12163         26 0.0000e+00
    107.000    105.866    -0.2350  28.021150    -0.2358  28.020341     8.5772     8.8514     8.6747    84.7338 1.0000e-12  -74.05366 -117.55756  46.896033      99.32 7.4217e+02    384.233       9223  1027.6992  1027.6991     4.0199     1.3140     0.1638    33.8480    33.8477    8.12494         25 0.0000e+00
    108.000    106.856    -0.2462  28.014012    -0.2455  28.014158     8.5555     8.8201     9.1203    85.2695 1.0000e-12  -74.05366 -117.55756  46.896045      99.48 7.4043e+02    385.277       9248  1027.7065  1027.7061     4.0455     1.7280     0.2026    33.8502    33.8497    8.12719         25 0.0000e+00
    109.000    107.843    -0.2672  27.999624    -0.2667  27.999620     8.5391     8.8093     8.9616    85.7789 1.0000e-12  -74.05366 -117.55756  46.896057      99.47 7.4177e+02    386.347       9273  1027.7157  1027.7153     4.0692     1.4194     0.1718    33.8538    33.8533    8.13147         25 0.0000e+00
    110.000    108.833    -0.2716  27.997226    -0.2709  27.997155     8.5107     8.7863    10.1366    84.5681 1.0000e-12  -74.05366 -117.55756  46.896069      99.61 7.4224e+02    387.381       9298  1027.7216  1027.7208     4.0121     1.1598     0.1649    33.8550    33.8541    8.13235         25 0.0000e+00
    111.000    109.822    -0.2770  27.993726    -0.2766  27.993707     8.4821     8.7538     7.4511    85.4341 1.0000e-12  -74.05366 -117.55756  46.896081      99.62 7.4050e+02    388.388       9322  1027.7272  1027.7268     4.0531     1.1223     0.1763    33.8557    33.8552    8.13346         24 0.0000e+00
    112.000    110.812    -0.2886  27.986577    -0.2879  27.986441     8.4407     8.7175     7.6231    85.8039 1.0000e-12  -74.05366 -117.55756  46.896092      99.63 7.4172e+02    389.389       9346  1027.7349  1027.7341     4.0707     1.1231     0.1795    33.8584    33.8575    8.13578         24 0.0000e+00
    113.000    111.800    -0.2985  27.981595    -0.2979  27.981601     8.4014     8.6770     7.4729    85.8884 1.0000e-12  -74.05366 -117.55756  46.896104      99.51 7.4217e+02    390.389       9370  1027.7433  1027.7427     4.0748     1.3784     0.1788    33.8622    33.8615    8.13769         24 0.0000e+00
    114.000    112.790    -0.3141  27.972714    -0.3138  27.972593     8.3561     8.6288     7.4728    86.4519 1.0000e-12  -74.05366 -117.55756  46.896116      99.53 7.4077e+02    391.401       9395  1027.7530  1027.7526     4.1012     1.2999     0.1744    33.8671    33.8666    8.14075         24 0.0000e+00
    115.000    113.778    -0.3242  27.966135    -0.3248  27.965561     8.3191     8.5957     6.4187    86.3957 1.0000e-12  -74.05366 -117.55756  46.896128      99.64 7.4191e+02    392.435       9419  1027.7598  1027.7598     4.0987     1.0890     0.1750    33.8690    33.8688    8.14281         25 0.0000e+00
    116.000    114.769    -0.3442  27.951994    -0.3433  27.952367     8.3003     8.5710     5.8670    86.4722 1.0000e-12  -74.05366 -117.55756  46.896140      99.73 7.4301e+02    393.460       9444  1027.7681  1027.7676     4.1024     0.8955     0.1619    33.8717    33.8712    8.14693         24 0.0000e+00
    117.000    115.756    -0.3583  27.941187    -0.3573  27.941552     8.2868     8.5581     6.0356    87.0035 1.0000e-12  -74.05366 -117.55756  46.896151      99.68 7.4099e+02    394.443       9468  1027.7741  1027.7736     4.1276     1.0114     0.1822    33.8723    33.8717    8.14991         24 0.0000e+00
    118.000    116.747    -0.3730  27.931060    -0.3715  27.931915     8.2696     8.5395     6.5223    87.2445 1.0000e-12  -74.05366 -117.55756  46.896162      98.41 7.4063e+02    395.426       9491  1027.7816  1027.7811     4.1394     1.3714     0.1821    33.8746    33.8741    8.15294         24 0.0000e+00
    119.000    117.736    -0.3771  27.929120    -0.3762  27.929310     8.2642     8.5214     7.5750    88.0595 1.0000e-12  -74.05366 -117.55756  46.896174      94.97 7.4244e+02    396.426       9515  1027.7875  1027.7869     4.1772     1.1685     0.1778    33.8759    33.8753    8.15374         24 0.0000e+00
    120.000    118.723    -0.3769  27.929939    -0.3759  27.930065     8.2318     8.4928     5.9788    87.2650 1.0000e-12  -74.05366 -117.55756  46.896186      99.69 7.4101e+02    397.432       9539  1027.7922  1027.7914     4.1399     0.9090     0.1835    33.8762    33.8753    8.15369         24 0.0000e+00
    121.000    119.713    -0.3854  27.924169    -0.3849  27.924467     8.2030     8.4660     5.9737    88.0140 1.0000e-12  -74.05366 -117.55756  46.896197      99.64 7.4136e+02    398.438       9564  1027.7983  1027.7981     4.1755     1.0758     0.1848    33.8773    33.8772    8.15543         24 0.0000e+00
    122.000    120.703    -0.4080  27.910156    -0.4080  27.909924     8.1960     8.4522     6.2547    87.3979 1.0000e-12  -74.05366 -117.55756  46.896209      99.72 7.4245e+02    399.455       9588  1027.8092  1027.8089     4.1462     0.9068     0.1638    33.8832    33.8828    8.15996         25 0.0000e+00
    123.000    121.692    -0.4115  27.908461    -0.4110  27.908310     8.2014     8.4375     5.5931    87.8782 1.0000e-12  -74.05366 -117.55756  46.896221      99.72 7.4203e+02    400.470       9612  1027.8148  1027.8142     4.1689     0.8585     0.1618    33.8842    33.8835    8.16065         24 0.0000e+00
    124.000    122.680    -0.4132  27.907915    -0.4125  27.907882     8.1975     8.4313     5.2331    87.7034 1.0000e-12  -74.05366 -117.55756  46.896232      99.71 7.4114e+02    401.485       9637  1027.8199  1027.8192     4.1609     0.9455     0.1599    33.8848    33.8840    8.16099         24 0.0000e+00
    125.000    123.670    -0.4138  27.907990    -0.4132  27.907968     8.1760     8.4122     5.4963    88.7107 1.0000e-12  -74.05366 -117.55756  46.896244      99.76 7.4231e+02    402.500       9661  1027.8247  1027.8240     4.2085     0.8235     0.1558    33.8850    33.8842    8.16111         25 0.0000e+00
    126.000    124.659    -0.4176  27.905729    -0.4173  27.905628     8.1503     8.3890     4.1977    89.2811 1.0000e-12  -74.05366 -117.55756  46.896256      99.75 7.4210e+02    403.492       9685  1027.8299  1027.8296     4.2355     0.8099     0.1614    33.8855    33.8851    8.16188         23 0.0000e+00
    127.000    125.647    -0.4308  27.896680    -0.4304  27.896652     8.1283     8.3739     4.1595    89.1345 1.0000e-12  -74.05366 -117.55756  46.896267      99.78 7.4140e+02    404.492       9709  1027.8371  1027.8368     4.2286     0.7543     0.1644    33.8875    33.8871    8.16461         25 0.0000e+00
    128.000    126.638    -0.4514  27.881807    -0.4513  27.881753     8.1164     8.3633     3.8510    89.9360 1.0000e-12  -74.05366 -117.55756  46.896279      99.68 7.4253e+02    405.509       9733  1027.8453  1027.8451     4.2666     1.0014     0.1512    33.8901    33.8898    8.16891         24 0.0000e+00
    129.000    127.626    -0.4625  27.874215    -0.4619  27.874140     8.0997     8.3486     3.6795    89.9725 1.0000e-12  -74.05366 -117.55756  46.896291      99.83 7.4239e+02    406.520       9757  1027.8518  1027.8513     4.2683     0.5969     0.1485    33.8916    33.8909    8.17120         24 0.0000e+00
    130.000    128.614    -0.4671  27.871281    -0.4665  27.871360     8.0954     8.3382     3.7349    89.3763 1.0000e-12  -74.05366 -117.55756  46.896302      99.78 7.4087e+02    407.510       9781  1027.8572  1027.8568     4.2400     0.7220     0.1564    33.8922    33.8917    8.17216         24 0.0000e+00
    131.000    129.604    -0.4721  27.868542    -0.4714  27.868677     8.0954     8.3283     2.5150    90.5012 1.0000e-12  -74.05366 -117.55756  46.896314      84.88 7.4193e+02    408.491       9805  1027.8632  1027.8626     4.2934     0.6001     0.1662    33.8935    33.8929    8.17317         23 0.0000e+00
    132.000    130.591    -0.4755  27.866559    -0.4750  27.866674     8.0859     8.3186     3.0668    90.5980 1.0000e-12  -74.05366 -117.55756  46.896325      98.42 7.4254e+02    409.480       9829  1027.8685  1027.8680     4.2980     0.6734     0.1513    33.8941    33.8936    8.17387         24 0.0000e+00
    133.000    131.584    -0.4797  27.864316    -0.4794  27.864137     8.0778     8.3122     2.6222    90.0402 1.0000e-12  -74.05366 -117.55756  46.896337      99.82 7.4083e+02    410.499       9853  1027.8742  1027.8737     4.2716     0.5883     0.1595    33.8952    33.8946    8.17472         25 0.0000e+00
    134.000    132.571    -0.4829  27.862590    -0.4824  27.862594     8.0690     8.3054     4.1517    90.2804 1.0000e-12  -74.05366 -117.55756  46.896349      99.86 7.4183e+02    411.560       9878  1027.8795  1027.8790     4.2828     0.4326     0.1577    33.8958    33.8952    8.17536         26 0.0000e+00
    135.000    133.560    -0.4894  27.858641    -0.4892  27.858506     8.0578     8.2908     3.3081    90.2353 1.0000e-12  -74.05366 -117.55756  46.896361      99.71 7.4298e+02    412.606       9904  1027.8856  1027.8853     4.2808     0.8726     0.1604    33.8971    33.8967    8.17668         24 0.0000e+00
    136.000    134.549    -0.4990  27.851980    -0.4988  27.851831     8.0447     8.2717     2.5865    91.4585 1.0000e-12  -74.05366 -117.55756  46.896373      99.78 7.4105e+02    413.617       9928  1027.8920  1027.8915     4.3388     0.7338     0.1608    33.8983    33.8979    8.17870         24 0.0000e+00
    137.000    135.538    -0.5093  27.844958    -0.5089  27.842918     8.0242     8.2461     2.9896    90.7771 1.0000e-12  -74.05366 -117.55756  46.896385      99.81 7.4197e+02    414.624       9952  1027.8985  1027.8956     4.3065     0.6719     0.1583    33.8998    33.8966    8.18083         24 0.0000e+00
    138.000    136.527    -0.5178  27.838591    -0.5174  27.837291     8.0062     8.2309     3.2001    90.7631 1.0000e-12  -74.05366 -117.55756  46.896396      99.80 7.4299e+02    415.610       9976  1027.9040  1027.9025     4.3058     0.6833     0.1619    33.9002    33.8979    8.18265         24 0.0000e+00
    139.000    137.517    -0.5402  27.820465    -0.5408  27.819716     7.9859     8.2165     3.0380    90.8868 1.0000e-12  -74.05366 -117.55756  46.896407      99.84 7.4150e+02    416.574       9999  1027.9103  1027.9100     4.3117     0.5154     0.1644    33.9002    33.8999    8.18748         23 0.0000e+00
    140.000    138.504    -0.5616  27.802752    -0.5623  27.802054     7.9344     8.1842     2.8331    90.8802 1.0000e-12  -74.05366 -117.55755  46.896418      99.85 7.4110e+02    417.543      10022  1027.9160  1027.9160     4.3114     0.5077     0.1577    33.8997    33.8996    8.19214         23 0.0000e+00
    141.000    139.495    -0.5928  27.778578    -0.5929  27.778799     7.8995     8.1573     3.0508    91.3201 1.0000e-12  -74.05366 -117.55754  46.896430      99.82 7.4255e+02    418.526      10046  1027.9242  1027.9246     4.3322     0.6078     0.1651    33.9015    33.9019    8.19879         24 0.0000e+00
    142.000    140.480    -0.6068  27.771066    -0.6064  27.770826     7.8852     8.1418     3.4207    91.6320 1.0000e-12  -74.05366 -117.55755  46.896441      99.83 7.4138e+02    419.540      10070  1027.9336  1027.9329     4.3470     0.5589     0.1560    33.9065    33.9057    8.20154         26 0.0000e+00
    143.000    141.474    -0.6088  27.770989    -0.6084  27.770928     7.8868     8.1280     3.0079    91.0456 1.0000e-12  -74.05366 -117.55755  46.896454      73.54 7.4129e+02    420.589      10095  1027.9394  1027.9389     4.3192     0.6210     0.1614    33.9080    33.9074    8.20189         24 0.0000e+00
    144.000    142.461    -0.6132  27.769349    -0.6125  27.769351     7.8727     8.1069     2.8256    90.5604 1.0000e-12  -74.05366 -117.55755  46.896466      72.36 7.4241e+02    421.646      10121  1027.9458  1027.9451     4.2962     0.3996     0.1549    33.9100    33.9093    8.20271         25 0.0000e+00
    145.000    143.450    -0.6139  27.770241    -0.6133  27.770235     7.8613     8.0853     2.8832    91.5259 1.0000e-12  -74.05366 -117.55755  46.896478      96.44 7.4172e+02    422.662      10145  1027.9515  1027.9509     4.3420     0.4868     0.1647    33.9114    33.9108    8.20278         24 0.0000e+00
    146.000    144.440    -0.6212  27.765095    -0.6213  27.764881     7.8523     8.0786     1.9122    90.9296 1.0000e-12  -74.05366 -117.55755  46.896489      70.26 7.4173e+02    423.653      10169  1027.9571  1027.9569     4.3137     0.5583     0.1573    33.9121    33.9119    8.20434         24 0.0000e+00
    147.000    145.426    -0.6375  27.752929    -0.6376  27.752894     7.8454     8.0723     2.0270    91.4850 1.0000e-12  -74.05366 -117.55755  46.896500      81.60 7.4239e+02    424.645      10192  1027.9638  1027.9638     4.3401     0.4795     0.1517    33.9133    33.9134    8.20780         24 0.0000e+00
    148.000    146.417    -0.6678  27.730014    -0.6679  27.730163     7.8304     8.0595     1.6686    91.9366 1.0000e-12  -74.05366 -117.55755  46.896512      99.81 7.4144e+02    425.643      10216  1027.9725  1027.9727     4.3615     0.4334     0.1519    33.9158    33.9161    8.21424         24 0.0000e+00
    149.000    147.406    -0.6809  27.722200    -0.6805  27.722259     7.8210     8.0515     2.6308    91.8261 1.0000e-12  -74.05366 -117.55754  46.896524      99.88 7.4112e+02    426.664      10241  1027.9807  1027.9804     4.3562     0.3481     0.1520    33.9193    33.9190    8.21689         25 0.0000e+00
    150.000    148.395    -0.6854  27.718580    -0.6850  27.719434     7.8229     8.0511     2.7961    92.2174 1.0000e-12  -74.05366 -117.55754  46.896536      99.83 7.4217e+02    427.706      10266  1027.9851  1027.9856     4.3748     0.5935     0.1553    33.9189    33.9196    8.21789         25 0.0000e+00
    151.000    149.384    -0.6997  27.709230    -0.6993  27.709601     7.8217     8.0511     2.0920    92.1050 1.0000e-12  -74.05366 -117.55754  46.896548      99.86 7.4188e+02    428.733      10291  1027.9928  1027.9928     4.3694     0.4890     0.1515    33.9217    33.9217    8.22084         24 0.0000e+00
    152.000    150.372    -0.7218  27.693558    -0.7214  27.693802     7.8272     8.0482     1.6742    91.3975 1.0000e-12  -74.05366 -117.55754  46.896560      99.87 7.4070e+02    429.737      10315  1028.0014  1028.0012     4.3359     0.4076     0.1482    33.9248    33.9247    8.22549         24 0.0000e+00
    153.000    151.360    -0.7225  27.694262    -0.7220  27.694251     7.8241     8.0527     1.5910    91.8041 1.0000e-12  -74.05366 -117.55754  46.896571      99.89 7.4190e+02    430.746      10339  1028.0068  1028.0062     4.3549     0.3405     0.1509    33.9259    33.9252    8.22557         24 0.0000e+00
    154.000    152.351    -0.7235  27.694055    -0.7232  27.693863     7.8296     8.0554     1.4534    90.5871 1.0000e-12  -74.05366 -117.55754  46.896583      99.87 7.4182e+02    431.752      10363  1028.0114  1028.0109     4.2977     0.4104     0.1574    33.9261    33.9255    8.22577         25 0.0000e+00
    155.000    153.340    -0.7223  27.695493    -0.7221  27.695226     7.8319     8.0541     1.5025    91.5765 1.0000e-12  -74.05366 -117.55754  46.896594      99.87 7.4093e+02    432.761      10387  1028.0159  1028.0154     4.3444     0.4218     0.1529    33.9261    33.9255    8.22551         24 0.0000e+00
    156.000    154.327    -0.7247  27.694032    -0.7250  27.693527     7.8440     8.0541     1.8771    91.5326 1.0000e-12  -74.05366 -117.55754  46.896606      99.88 7.4246e+02    433.769      10411  1028.0206  1028.0204     4.3423     0.3305     0.1691    33.9262    33.9258    8.22603         24 0.0000e+00
