ocean_section_plots/required_files/ctd/dnbp2202_ctd016.cnv
* Sea-Bird SBE 9 Data File:
* FileName = D:\Data\raw\NBP2202_CTD016.hex
* Software Version Seasave V 7.26.7.121
* Temperature SN = 1649
* Conductivity SN = 2513
* Number of Bytes Per Scan = 40
* Number of Voltage Words = 5
* Number of Scans Averaged by the Deck Unit = 1
* NMEA Latitude = 73 09.18 S
* NMEA Longitude = 113 59.92 W
* NMEA UTC (Time) = Jan 17 2022  05:04:18
* NMEA baud rate = 9600
** Ship: RVIB N.B. Palmer
** Cruise: NBP2202 Thwaites
** Station: #11
** Operator: B Bjork
# nquan = 25
# nvalues = 568                         
# units = specified
# name 0 = prDM: Pressure, Digiquartz [db]
# name 1 = depSM: Depth [salt water, m]
# name 2 = t090C: Temperature [ITS-90, deg C]
# name 3 = c0mS/cm: Conductivity [mS/cm]
# name 4 = t190C: Temperature, 2 [ITS-90, deg C]
# name 5 = c1mS/cm: Conductivity, 2 [mS/cm]
# name 6 = sbeox0ML/L: Oxygen, SBE 43 [ml/l]
# name 7 = sbeox1ML/L: Oxygen, SBE 43, 2 [ml/l]
# name 8 = flECO-AFL: Fluorescence, WET Labs ECO-AFL/FL [mg/m^3]
# name 9 = CStarTr0: Beam Transmission, WET Labs C-Star [%]
# name 10 = par: PAR/Irradiance, Biospherical/Licor
# name 11 = latitude: Latitude [deg]
# name 12 = longitude: Longitude [deg]
# name 13 = timeJ: Julian Days
# name 14 = altM: Altimeter [m]
# name 15 = spar: SPAR, Biospherical/Licor
# name 16 = timeS: Time, Elapsed [seconds]
# name 17 = scan: Scan Count
# name 18 = density00: Density [density, kg/m^3]
# name 19 = density11: Density, 2 [density, kg/m^3]
# name 20 = sal00: Salinity, Practical [PSU]
# name 21 = sal11: Salinity, Practical, 2 [PSU]
# name 22 = oxsolML/L: Oxygen Saturation, Garcia & Gordon [ml/l]
# name 23 = nbin: number of scans per bin
# name 24 = flag: flag
# span 0 =      2.000,    569.000       
# span 1 =      1.979,    562.365       
# span 2 =    -1.8171,     0.6018       
# span 3 =  26.992942,  29.499797       
# span 4 =    -1.8161,     0.6034       
# span 5 =  26.992651,  29.498250       
# span 6 =     4.5767,     8.8317       
# span 7 =     4.8424,     9.3434       
# span 8 =    -0.0232,    25.4361       
# span 9 =    70.9203,    99.5907       
# span 10 = -1.955e-04, 1.4315e+01      
# span 11 =  -73.15302,  -73.15300      
# span 12 = -113.99880, -113.99870      
# span 13 =  17.213627,  17.223645      
# span 14 =       8.96,     101.36      
# span 15 = 4.7596e+01, 7.6027e+01      
# span 16 =    199.342,   1064.961      
# span 17 =       4785,      25560      
# span 18 =  1027.2282,  1030.4246      
# span 19 =  1027.2280,  1030.4216      
# span 20 =    33.8810,    34.5893      
# span 21 =    33.8804,    34.5855      
# span 22 =    7.90876,    8.45687      
# span 23 =         17,         47      
# span 24 = 0.0000e+00, 0.0000e+00      
# interval = decibars: 1                
# start_time = Jan 17 2022 05:04:18 [NMEA time, header]
# bad_flag = -9.990e-29
*END*
[from data line 290]
    292.000    288.788    -1.7944  27.014213    -1.7936  27.013810     6.6093     7.0117     0.0604    99.3442 1.0000e-12  -73.15302 -113.99876  17.218606      99.90 6.8462e+01    629.533      15110  1028.8734  1028.8722    34.1242    34.1227    8.45303         29 0.0000e+00
    293.000    289.778    -1.7957  27.013796    -1.7948  27.013395     6.6103     7.0010     0.0242    99.3584 1.0000e-12  -73.15302 -113.99876  17.218623      99.90 6.7813e+01    631.033      15146  1028.8785  1028.8772    34.1244    34.1229    8.45331         36 0.0000e+00
    294.000    290.766    -1.7993  27.011467    -1.7985  27.011127     6.6021     7.0090     0.0331    99.3757 1.0000e-12  -73.15302 -113.99876  17.218642      99.90 6.8042e+01    632.653      15185  1028.8836  1028.8825    34.1247    34.1233    8.45412         32 0.0000e+00
    295.000    291.753    -1.8008  27.011223    -1.8000  27.010824     6.6053     7.0115     0.0161    99.3776 1.0000e-12  -73.15302 -113.99876  17.218655      99.90 6.6962e+01    633.779      15212  1028.8891  1028.8880    34.1254    34.1240    8.45441         23 0.0000e+00
    296.000    292.742    -1.8006  27.012162    -1.7999  27.011809     6.6018     7.0123     0.0062    99.3565 1.0000e-12  -73.15302 -113.99876  17.218665      99.91 6.6989e+01    634.690      15234  1028.8943  1028.8932    34.1259    34.1246    8.45434         22 0.0000e+00
    297.000    293.730    -1.8005  27.013156    -1.7997  27.012747     6.6117     7.0127     0.0232    99.3993 1.0000e-12  -73.15302 -113.99876  17.218676      99.89 6.6989e+01    635.576      15255  1028.8995  1028.8983    34.1266    34.1251    8.45428         21 0.0000e+00
    298.000    294.719    -1.8003  27.013931    -1.7995  27.013584     6.6157     7.0124     0.0328    99.3656 1.0000e-12  -73.15302 -113.99876  17.218687      99.90 6.6989e+01    636.570      15279  1028.9045  1028.9033    34.1268    34.1254    8.45422         27 0.0000e+00
    299.000    295.707    -1.8020  27.013610    -1.8010  27.013197     6.6202     7.0141     0.0178    99.3619 1.0000e-12  -73.15302 -113.99876  17.218703      99.90 6.6989e+01    637.971      15312  1028.9101  1028.9087    34.1276    34.1260    8.45456         41 0.0000e+00
    300.000    296.695    -1.8033  27.013324    -1.8024  27.012901     6.6113     7.0151     0.0597    99.3788 1.0000e-12  -73.15302 -113.99876  17.218723      93.87 6.6989e+01    639.696      15354  1028.9153  1028.9139    34.1281    34.1264    8.45483         38 0.0000e+00
    301.000    297.684    -1.8029  27.014359    -1.8022  27.013909     6.6093     7.0083     0.0152    99.3271 1.0000e-12  -73.15302 -113.99876  17.218738      99.75 6.6989e+01    641.004      15385  1028.9204  1028.9192    34.1285    34.1270    8.45472         26 0.0000e+00
    302.000    298.670    -1.8027  27.015402    -1.8019  27.014987     6.6067     7.0086     0.0287    99.3936 1.0000e-12  -73.15302 -113.99875  17.218750      99.91 6.6583e+01    641.992      15409  1028.9256  1028.9244    34.1291    34.1276    8.45463         22 0.0000e+00
    303.000    299.661    -1.8017  27.016930    -1.8010  27.016330     6.6073     7.0093     0.0216    99.4512 1.0000e-12  -73.15302 -113.99874  17.218760      99.90 6.6988e+01    642.894      15430  1028.9306  1028.9293    34.1294    34.1278    8.45438         22 0.0000e+00
    304.000    300.649    -1.7985  27.020485    -1.7977  27.020069     6.6034     7.0131     0.0077    99.3914 1.0000e-12  -73.15302 -113.99874  17.218771      99.90 6.6844e+01    643.840      15453  1028.9357  1028.9345    34.1301    34.1286    8.45362         24 0.0000e+00
    305.000    301.636    -1.7992  27.020309    -1.7984  27.019821     6.6081     7.0113     0.0232    99.3508 1.0000e-12  -73.15302 -113.99875  17.218785      99.90 6.6130e+01    645.026      15482  1028.9405  1028.9392    34.1300    34.1284    8.45378         34 0.0000e+00
    306.000    302.625    -1.8002  27.019973    -1.7992  27.019574     6.6089     7.0061     0.0255    99.4351 1.0000e-12  -73.15302 -113.99876  17.218803      99.90 6.6129e+01    646.620      15520  1028.9454  1028.9440    34.1301    34.1283    8.45401         41 0.0000e+00
    307.000    303.613    -1.8002  27.020524    -1.7993  27.020062     6.6018     7.0066     0.0156    99.4257 1.0000e-12  -73.15302 -113.99874  17.218821      99.90 6.5585e+01    648.168      15557  1028.9503  1028.9489    34.1302    34.1285    8.45400         30 0.0000e+00
    308.000    304.601    -1.7994  27.021867    -1.7987  27.021448     6.6041     7.0008     0.0068    99.4666 1.0000e-12  -73.15302 -113.99874  17.218835      99.90 6.5437e+01    649.347      15585  1028.9553  1028.9541    34.1305    34.1291    8.45379         25 0.0000e+00
    309.000    305.588    -1.7992  27.022577    -1.7985  27.022112     6.6038     6.9974     0.0045    99.4427 1.0000e-12  -73.15302 -113.99874  17.218846      99.89 6.5228e+01    650.287      15608  1028.9602  1028.9590    34.1307    34.1292    8.45375         21 0.0000e+00
    310.000    306.578    -1.7990  27.023405    -1.7983  27.022958     6.6010     7.0048     0.0040    99.4638 1.0000e-12  -73.15302 -113.99874  17.218856      99.91 6.5227e+01    651.145      15628  1028.9652  1028.9640    34.1309    34.1295    8.45367         20 0.0000e+00
    311.000    307.566    -1.7989  27.023966    -1.7982  27.023549     6.6009     7.0073     0.0099    99.4391 1.0000e-12  -73.15302 -113.99874  17.218866      74.40 6.5227e+01    652.048      15650  1028.9701  1028.9689    34.1310    34.1296    8.45366         24 0.0000e+00
    312.000    308.554    -1.7990  27.024479    -1.7980  27.024042     6.6033     7.0051     0.0281    99.4419 1.0000e-12  -73.15302 -113.99876  17.218882      94.47 6.5227e+01    653.411      15683  1028.9750  1028.9736    34.1311    34.1295    8.45365         38 0.0000e+00
    313.000    309.542    -1.7986  27.025262    -1.7976  27.024908     6.6005     6.9971     0.0272    99.4508 1.0000e-12  -73.15302 -113.99875  17.218905     100.04 6.5227e+01    655.429      15731  1028.9798  1028.9784    34.1312    34.1295    8.45358         36 0.0000e+00
    314.000    310.530    -1.7980  27.026371    -1.7972  27.025944     6.5960     7.0007     0.0058    99.4343 1.0000e-12  -73.15302 -113.99874  17.218920      99.90 6.5227e+01    656.697      15762  1028.9847  1028.9835    34.1314    34.1299    8.45341         23 0.0000e+00
    315.000    311.518    -1.7971  27.027839    -1.7962  27.027454     6.5960     6.9927     0.0027    99.4439 1.0000e-12  -73.15302 -113.99874  17.218930      99.90 6.5227e+01    657.595      15783  1028.9897  1028.9885    34.1317    34.1302    8.45318         21 0.0000e+00
    316.000    312.508    -1.7966  27.029108    -1.7959  27.028716     6.5938     6.9909     0.0141    99.4533 1.0000e-12  -73.15302 -113.99874  17.218940      99.90 6.5227e+01    658.421      15803  1028.9950  1028.9939    34.1323    34.1310    8.45304         20 0.0000e+00
    317.000    313.493    -1.7962  27.030518    -1.7954  27.030064     6.5896     6.9885     0.0421    99.4600 1.0000e-12  -73.15302 -113.99876  17.218951      99.90 6.5227e+01    659.325      15825  1029.0005  1028.9992    34.1332    34.1317    8.45289         24 0.0000e+00
    318.000    314.483    -1.7960  27.031363    -1.7951  27.030971     6.5862     6.9872     0.0240    99.4531 1.0000e-12  -73.15302 -113.99875  17.218968      99.90 6.4500e+01    660.850      15861  1029.0056  1029.0042    34.1336    34.1319    8.45284         40 0.0000e+00
    319.000    315.471    -1.7957  27.032594    -1.7947  27.032162     6.5857     6.9874     0.0362    99.4475 1.0000e-12  -73.15302 -113.99876  17.218992      99.89 6.4283e+01    662.931      15911  1029.0109  1029.0095    34.1343    34.1325    8.45272         28 0.0000e+00
    320.000    316.459    -1.7957  27.033497    -1.7949  27.033057     6.5894     6.9970    -0.0006    99.4712 1.0000e-12  -73.15302 -113.99874  17.219006      99.90 6.3825e+01    664.077      15939  1029.0163  1029.0150    34.1350    34.1334    8.45269         24 0.0000e+00
    321.000    317.446    -1.7956  27.034672    -1.7948  27.034141     6.5874     6.9942     0.0073    99.4299 1.0000e-12  -73.15302 -113.99876  17.219017      86.22 6.3623e+01    665.029      15962  1029.0218  1029.0204    34.1359    34.1342    8.45261         22 0.0000e+00
    322.000    318.437    -1.7955  27.035467    -1.7946  27.034979     6.5888     6.9906     0.0141    99.4528 1.0000e-12  -73.15302 -113.99875  17.219027      85.82 6.3868e+01    665.951      15984  1029.0268  1029.0255    34.1361    34.1345    8.45256         22 0.0000e+00
    323.000    319.425    -1.7955  27.035950    -1.7945  27.035567     6.5904     6.9913     0.0329    99.4441 1.0000e-12  -73.15302 -113.99875  17.219040      97.22 6.3468e+01    667.030      16010  1029.0316  1029.0303    34.1362    34.1346    8.45255         31 0.0000e+00
    324.000    320.411    -1.7954  27.036537    -1.7943  27.036112     6.5876     6.9864     0.0241    99.4747 1.0000e-12  -73.15302 -113.99876  17.219057      99.84 6.3464e+01    668.518      16045  1029.0365  1029.0350    34.1362    34.1345    8.45252         35 0.0000e+00
    325.000    321.401    -1.7938  27.038891    -1.7928  27.038461     6.5881     6.9878     0.0198    99.4790 1.0000e-12  -73.15302 -113.99875  17.219074      99.90 6.3464e+01    669.995      16081  1029.0419  1029.0405    34.1371    34.1354    8.45212         31 0.0000e+00
    326.000    322.388    -1.7934  27.040484    -1.7925  27.040082     6.5848     6.9854     0.0082    99.5075 1.0000e-12  -73.15302 -113.99876  17.219087      99.90 6.2905e+01    671.087      16107  1029.0475  1029.0462    34.1382    34.1366    8.45195         23 0.0000e+00
    327.000    323.376    -1.7929  27.041926    -1.7920  27.041474     6.5910     6.9859     0.0054    99.5063 1.0000e-12  -73.15302 -113.99874  17.219098      99.90 6.2370e+01    672.049      16130  1029.0530  1029.0516    34.1390    34.1374    8.45179         24 0.0000e+00
    328.000    324.365    -1.7929  27.042322    -1.7920  27.041909     6.5926     6.9877     0.0171    99.4507 1.0000e-12  -73.15302 -113.99876  17.219110      99.90 6.2151e+01    673.102      16155  1029.0577  1029.0565    34.1390    34.1374    8.45180         28 0.0000e+00
    329.000    325.353    -1.7930  27.042750    -1.7920  27.042336     6.5929     6.9871     0.0289    99.3367 1.0000e-12  -73.15302 -113.99876  17.219126      99.90 6.1969e+01    674.455      16188  1029.0626  1029.0611    34.1391    34.1373    8.45182         35 0.0000e+00
    330.000    326.340    -1.7930  27.043192    -1.7920  27.042821     6.5910     6.9835     0.0077    99.4979 1.0000e-12  -73.15302 -113.99876  17.219142      99.90 6.1694e+01    675.911      16223  1029.0674  1029.0660    34.1390    34.1373    8.45182         33 0.0000e+00
    331.000    327.329    -1.7929  27.043708    -1.7921  27.043277     6.5911     6.9847     0.0115    99.5155 1.0000e-12  -73.15302 -113.99876  17.219156      99.90 6.1701e+01    677.118      16252  1029.0722  1029.0709    34.1390    34.1375    8.45180         26 0.0000e+00
    332.000    328.318    -1.7930  27.044181    -1.7922  27.043738     6.5882     6.9864    -0.0017    99.4828 1.0000e-12  -73.15302 -113.99874  17.219168      99.90 6.1701e+01    678.125      16276  1029.0770  1029.0758    34.1391    34.1376    8.45180         23 0.0000e+00
    333.000    329.305    -1.7931  27.044728    -1.7922  27.044240     6.5903     6.9857    -0.0092    99.5061 1.0000e-12  -73.15302 -113.99876  17.219179      81.94 6.1701e+01    679.097      16299  1029.0820  1029.0807    34.1394    34.1377    8.45181         24 0.0000e+00
    334.000    330.294    -1.7932  27.045175    -1.7923  27.044670     6.5921     6.9849    -0.0084    99.5007 1.0000e-12  -73.15302 -113.99876  17.219192      96.20 6.1701e+01    680.209      16326  1029.0869  1029.0855    34.1395    34.1377    8.45183         31 0.0000e+00
    335.000    331.282    -1.7940  27.045335    -1.7930  27.044968     6.5863     6.9872    -0.0015    99.4751 1.0000e-12  -73.15302 -113.99876  17.219210      99.88 6.1701e+01    681.741      16363  1029.0922  1029.0908    34.1400    34.1383    8.45198         41 0.0000e+00
    336.000    332.268    -1.7936  27.046218    -1.7926  27.045767     6.5849     6.9854     0.0095    99.5258 1.0000e-12  -73.15302 -113.99876  17.219227      99.90 6.1635e+01    683.247      16399  1029.0972  1029.0957    34.1402    34.1384    8.45189         30 0.0000e+00
    337.000    333.258    -1.7937  27.046707    -1.7930  27.046256     6.5887     6.9894     0.0019    99.5131 1.0000e-12  -73.15302 -113.99874  17.219240      99.90 6.1701e+01    684.331      16425  1029.1021  1029.1008    34.1404    34.1389    8.45190         23 0.0000e+00
    338.000    334.245    -1.7935  27.047717    -1.7927  27.047242     6.5962     6.9929    -0.0027    99.5006 1.0000e-12  -73.15302 -113.99876  17.219251      99.90 6.2494e+01    685.261      16447  1029.1073  1029.1060    34.1409    34.1393    8.45182         22 0.0000e+00
    339.000    335.234    -1.7958  27.046281    -1.7952  27.045835     6.5985     6.9980     0.0020    99.5168 1.0000e-12  -73.15302 -113.99874  17.219262      99.90 6.1210e+01    686.213      16470  1029.1122  1029.1111    34.1409    34.1395    8.45235         24 0.0000e+00
    340.000    336.222    -1.8003  27.043235    -1.7994  27.042868     6.6035     7.0062     0.0048    99.5120 1.0000e-12  -73.15302 -113.99876  17.219275      99.91 6.0392e+01    687.377      16498  1029.1175  1029.1163    34.1412    34.1397    8.45335         32 0.0000e+00
    341.000    337.210    -1.8028  27.041637    -1.8018  27.041239     6.6051     7.0045     0.0170    99.5099 1.0000e-12  -73.15302 -113.99876  17.219292      99.90 6.0963e+01    688.805      16532  1029.1225  1029.1211    34.1413    34.1396    8.45393         36 0.0000e+00
    342.000    338.198    -1.8039  27.041358    -1.8029  27.041000     6.6033     7.0044     0.0105    99.5299 1.0000e-12  -73.15302 -113.99876  17.219309      99.90 6.0252e+01    690.263      16567  1029.1275  1029.1261    34.1415    34.1398    8.45416         33 0.0000e+00
    343.000    339.185    -1.8049  27.040949    -1.8041  27.040665     6.6055     7.0077    -0.0014    99.5292 1.0000e-12  -73.15302 -113.99876  17.219323      94.01 6.0264e+01    691.496      16597  1029.1323  1029.1311    34.1415    34.1401    8.45439         27 0.0000e+00
    344.000    340.174    -1.8072  27.039794    -1.8065  27.039390     6.6111     7.0118     0.0002    99.5131 1.0000e-12  -73.15302 -113.99875  17.219335      89.81 5.9939e+01    692.539      16622  1029.1375  1029.1364    34.1419    34.1405    8.45490         23 0.0000e+00
    345.000    341.164    -1.8086  27.039329    -1.8079  27.038944     6.6152     7.0116     0.0056    99.4872 1.0000e-12  -73.15302 -113.99874  17.219346      99.93 5.9938e+01    693.503      16645  1029.1427  1029.1415    34.1422    34.1408    8.45520         23 0.0000e+00
    346.000    342.150    -1.8095  27.039199    -1.8087  27.038836     6.6229     7.0151     0.0170    99.5273 1.0000e-12  -73.15302 -113.99876  17.219358      99.90 5.9938e+01    694.518      16669  1029.1477  1029.1464    34.1424    34.1410    8.45539         27 0.0000e+00
    347.000    343.138    -1.8104  27.039028    -1.8094  27.038682     6.6185     7.0164     0.0358    99.5152 1.0000e-12  -73.15302 -113.99876  17.219373      99.90 5.9938e+01    695.817      16701  1029.1525  1029.1512    34.1425    34.1410    8.45557         35 0.0000e+00
    348.000    344.127    -1.8107  27.039294    -1.8098  27.038901     6.6156     7.0190     0.0086    99.5122 1.0000e-12  -73.15302 -113.99876  17.219391      99.90 5.9938e+01    697.396      16739  1029.1574  1029.1560    34.1427    34.1410    8.45564         35 0.0000e+00
