ocean_section_plots/required_files/ctd/dnbp2202_ctd163.cnv
* Sea-Bird SBE 9 Data File:
* FileName = D:\Data\raw\NBP2202_CTD163.hex
* Software Version Seasave V 7.26.7.121
* Temperature SN = 1649
* Conductivity SN = 2513
* Number of Bytes Per Scan = 40
* Number of Voltage Words = 5
* Number of Scans Averaged by the Deck Unit = 1
* NMEA Latitude = 74 14.39 S
* NMEA Longitude = 112 16.00 W
* NMEA UTC (Time) = Feb 01 2022  01:50:23
* NMEA baud rate = 9600
** Ship: RVIB N.B. Palmer
** Cruise: NBP2202 Thwaites
** Station: 85
** Operator: A. Robinson
# nquan = 28
# nvalues = 504                         
# units = specified
# name 0 = prDM: Pressure, Digiquartz [db]
# name 1 = depSM: Depth [salt water, m]
# name 2 = t090C: Temperature [ITS-90, deg C]
# name 3 = c0mS/cm: Conductivity [mS/cm]
# name 4 = t190C: Temperature, 2 [ITS-90, deg C]
# name 5 = c1mS/cm: Conductivity, 2 [mS/cm]
# name 6 = sbeox0ML/L: Oxygen, SBE 43 [ml/l]
# name 7 = sbeox1ML/L: Oxygen, SBE 43, 2 [ml/l]
# name 8 = flECO-AFL: Fluorescence, WET Labs ECO-AFL/FL [mg/m^3]
# name 9 = CStarTr0: Beam Transmission, WET Labs C-Star [%]
# name 10 = par: PAR/Irradiance, Biospherical/Licor
# name 11 = latitude: Latitude [deg]
# name 12 = longitude: Longitude [deg]
# name 13 = timeJ: Julian Days
# name 14 = altM: Altimeter [m]
# name 15 = spar: SPAR, Biospherical/Licor
# name 16 = timeS: Time, Elapsed [seconds]
# name 17 = scan: Scan Count
# name 18 = density00: Density [density, kg/m^3]
# name 19 = density11: Density, 2 [density, kg/m^3]
# name 20 = v3: Voltage 3
# name 21 = v4: Voltage 4
# name 22 = v5: Voltage 5
# name 23 = sal00: Salinity, Practical [PSU]
# name 24 = sal11: Salinity, Practical, 2 [PSU]
# name 25 = oxsolML/L: Oxygen Saturation, Garcia & Gordon [ml/l]
# name 26 = nbin: number of scans per bin
# name 27 = flag: flag
# span 0 =      3.000,    506.000       
# span 1 =      2.968,    500.135       
# span 2 =    -1.5084,    -0.1787       
# span 3 =  27.040328,  28.605076       
# span 4 =    -1.5076,    -0.1759       
# span 5 =  27.040641,  28.605188       
# span 6 =     4.9135,     7.4174       
# span 7 =     4.9939,     7.5762       
# span 8 =     0.0009,    13.4995       
# span 9 =    78.4132,    93.6675       
# span 10 = 1.0000e-12, 7.9213e+01      
# span 11 =  -74.23990,  -74.23990      
# span 12 = -112.26684, -112.26677      
# span 13 =  32.079569,  32.087542      
# span 14 =      68.57,     100.20      
# span 15 = 1.4430e+03, 1.5027e+03      
# span 16 =    251.788,    940.669      
# span 17 =       6044,      22577      
# span 18 =  1027.2142,  1029.9668      
# span 19 =  1027.2161,  1029.9663      
# span 20 =     3.7202,     4.4435      
# span 21 =     0.0709,     1.9220      
# span 22 =     0.1147,     0.1884      
# span 23 =    33.8140,    34.3235      
# span 24 =    33.8152,    34.3205      
# span 25 =    8.08590,    8.39858      
# span 26 =          8,         47      
# span 27 = 0.0000e+00, 0.0000e+00      
# interval = decibars: 1                
# start_time = Feb 01 2022 01:50:23 [NMEA time, header]
# bad_flag = -9.990e-29
*END*
      3.000      2.968    -1.2190  27.132949    -1.2214  27.132679     7.4174     7.2848     9.0505    79.1423 7.9213e+01  -74.23990 -112.26680  32.079569      96.76 1.4986e+03    251.788       6044  1027.2142  1027.2161     3.7551     1.7600     0.1559    33.8141    33.8164    8.34163         26 0.0000e+00
      4.000      3.960    -1.2215  27.131334    -1.2225  27.132145     7.4128     7.2645     9.3123    80.0754 5.9338e+01  -74.23990 -112.26678  32.079703      81.64 1.4912e+03    263.350       6321  1027.2192  1027.2210     3.7986     1.6219     0.1731    33.8140    33.8163    8.34218         42 0.0000e+00
      5.000      4.948    -1.2249  27.129142    -1.2265  27.129380     7.4066     7.2640     8.8781    79.4056 4.5125e+01  -74.23990 -112.26678  32.079758      99.28 1.4914e+03    268.087       6435  1027.2243  1027.2261     3.7670     1.4473     0.1683    33.8142    33.8163    8.34293         37 0.0000e+00
      6.000      5.938    -1.2237  27.130577    -1.2254  27.130514     7.4066     7.2705     8.6036    79.9264 3.6315e+01  -74.23990 -112.26678  32.079784      99.45 1.4888e+03    270.310       6488  1027.2290  1027.2306     3.7919     1.4917     0.1618    33.8142    33.8161    8.34266         43 0.0000e+00
      7.000      6.927    -1.2241  27.131089    -1.2252  27.131114     7.4017     7.3041     8.4069    79.7604 2.7177e+01  -74.23990 -112.26678  32.079807      99.44 1.4879e+03    272.352       6537  1027.2342  1027.2353     3.7840     1.4932     0.1459    33.8148    33.8161    8.34272         46 0.0000e+00
      8.000      7.917    -1.2245  27.131098    -1.2241  27.132399     7.4057     7.3634     8.5422    79.6159 2.1721e+01  -74.23990 -112.26678  32.079839      99.52 1.4981e+03    275.077       6603  1027.2389  1027.2400     3.7772     1.3624     0.1564    33.8146    33.8160    8.34282         40 0.0000e+00
      9.000      8.906    -1.2235  27.132204    -1.2248  27.132420     7.4058     7.3866     9.1700    79.8652 1.7764e+01  -74.23990 -112.26678  32.079860      99.55 1.4902e+03    276.907       6647  1027.2435  1027.2450     3.7890     1.2578     0.1586    33.8143    33.8161    8.34260         39 0.0000e+00
     10.000      9.895    -1.2251  27.131459    -1.2265  27.131582     7.4047     7.4238    10.5034    79.5083 1.3513e+01  -74.23990 -112.26678  32.079882      85.62 1.4938e+03    278.766       6691  1027.2485  1027.2500     3.7723     1.5728     0.1528    33.8145    33.8163    8.34296         42 0.0000e+00
     11.000     10.887    -1.2250  27.132008    -1.2261  27.132358     7.4085     7.4949     8.7190    79.3480 1.0845e+01  -74.23990 -112.26677  32.079915      99.01 1.4991e+03    281.638       6760  1027.2533  1027.2548     3.7646     1.5030     0.1601    33.8145    33.8163    8.34294         30 0.0000e+00
     12.000     11.875    -1.2273  27.130605    -1.2289  27.130624     7.4039     7.5036     8.7043    80.0831 8.6079e+00  -74.23990 -112.26677  32.079934      99.52 1.4947e+03    283.266       6799  1027.2583  1027.2598     3.7994     1.3146     0.1780    33.8146    33.8164    8.34345         31 0.0000e+00
     13.000     12.866    -1.2287  27.129859    -1.2304  27.129713     7.4043     7.5364     9.1930    79.6830 6.9367e+00  -74.23990 -112.26677  32.079955      99.43 1.4971e+03    285.124       6844  1027.2631  1027.2646     3.7801     1.5947     0.1748    33.8144    33.8162    8.34375         38 0.0000e+00
     14.000     13.854    -1.2271  27.131847    -1.2287  27.131590     7.4094     7.5512     9.1030    79.6502 6.0359e+00  -74.23990 -112.26678  32.079985      99.51 1.4983e+03    287.742       6907  1027.2680  1027.2693     3.7788     1.3473     0.1605    33.8148    33.8163    8.34338         37 0.0000e+00
     15.000     14.844    -1.2249  27.134085    -1.2264  27.133974     7.4068     7.5447     9.2860    79.2954 4.6829e+00  -74.23990 -112.26678  32.080003      99.48 1.4921e+03    289.232       6943  1027.2727  1027.2740     3.7623     1.4020     0.1648    33.8147    33.8163    8.34289         34 0.0000e+00
     16.000     15.835    -1.2212  27.137561    -1.2228  27.137458     7.3959     7.5402    10.2192    79.6909 3.7053e+00  -74.23990 -112.26678  32.080023      99.51 1.4919e+03    291.020       6985  1027.2773  1027.2786     3.7806     1.3509     0.1703    33.8147    33.8163    8.34208         38 0.0000e+00
     17.000     16.825    -1.2245  27.135390    -1.2253  27.135626     7.3948     7.5370     9.7606    79.4817 3.2820e+00  -74.23990 -112.26678  32.080053      99.42 1.4985e+03    293.595       7047  1027.2824  1027.2834     3.7710     1.5884     0.1758    33.8148    33.8160    8.34280         31 0.0000e+00
     18.000     17.812    -1.2192  27.140022    -1.2211  27.139364     7.3968     7.5400     9.0499    79.8171 2.5992e+00  -74.23990 -112.26678  32.080073      99.46 1.4924e+03    295.306       7088  1027.2866  1027.2878     3.7868     1.5554     0.1786    33.8145    33.8158    8.34163         37 0.0000e+00
     19.000     18.803    -1.2192  27.140400    -1.2208  27.140152     7.3921     7.5406     9.0376    79.8542 2.0688e+00  -74.23990 -112.26678  32.080096      99.48 1.4910e+03    297.282       7136  1027.2914  1027.2926     3.7885     1.4306     0.1749    33.8144    33.8159    8.34164         31 0.0000e+00
     20.000     19.790    -1.2225  27.138254    -1.2236  27.138244     7.3910     7.5519     9.4532    78.9364 1.8476e+00  -74.23990 -112.26680  32.080124      99.46 1.5013e+03    299.716       7194  1027.2965  1027.2976     3.7451     1.5626     0.1794    33.8146    33.8158    8.34237         35 0.0000e+00
     21.000     20.781    -1.2235  27.137826    -1.2246  27.137909     7.3894     7.5514     9.3543    79.8622 1.5005e+00  -74.23990 -112.26680  32.080142      99.44 1.4939e+03    301.285       7232  1027.3014  1027.3025     3.7889     1.4870     0.1740    33.8146    33.8159    8.34260         37 0.0000e+00
     22.000     21.771    -1.2202  27.141148    -1.2209  27.141361     7.3856     7.5511     9.9140    79.6692 1.2214e+00  -74.23990 -112.26680  32.080165      99.43 1.4920e+03    303.295       7280  1027.3061  1027.3070     3.7799     1.5116     0.1721    33.8148    33.8158    8.34185         35 0.0000e+00
     23.000     22.761    -1.2212  27.140722    -1.2220  27.140844     7.3898     7.5605    10.0130    80.2220 1.0551e+00  -74.23990 -112.26681  32.080193      91.57 1.4991e+03    305.643       7336  1027.3110  1027.3119     3.8060     1.6802     0.1666    33.8146    33.8157    8.34207         37 0.0000e+00
     24.000     23.751    -1.2225  27.140201    -1.2231  27.140392     7.3956     7.5595     9.9136    79.6489 8.5876e-01  -74.23990 -112.26682  32.080211      99.21 1.4953e+03    307.203       7374  1027.3159  1027.3168     3.7788     1.4186     0.1577    33.8147    33.8157    8.34235         36 0.0000e+00
     25.000     24.739    -1.2183  27.144222    -1.2177  27.145360     7.3859     7.5586     8.8353    80.0374 7.0925e-01  -74.23990 -112.26682  32.080235      99.47 1.4921e+03    309.311       7424  1027.3206  1027.3213     3.7969     1.4109     0.1602    33.8149    33.8158    8.34141         42 0.0000e+00
     26.000     25.730    -1.2150  27.146990    -1.2160  27.147005     7.3836     7.5599     9.5941    79.1915 6.0965e-01  -74.23990 -112.26682  32.080263      99.46 1.4966e+03    311.711       7482  1027.3248  1027.3258     3.7571     1.4498     0.1765    33.8144    33.8155    8.34072         40 0.0000e+00
     27.000     26.718    -1.2179  27.145208    -1.2166  27.146739     7.3875     7.5583     9.2928    79.7897 5.0294e-01  -74.23990 -112.26682  32.080281      99.40 1.4977e+03    313.287       7520  1027.3300  1027.3305     3.7854     1.7213     0.1619    33.8146    33.8152    8.34135         36 0.0000e+00
     28.000     27.708    -1.2162  27.146898    -1.2161  27.147778     7.3865     7.5588     9.8879    80.3740 4.3574e-01  -74.23990 -112.26682  32.080306      99.43 1.4968e+03    315.432       7571  1027.3345  1027.3354     3.8127     1.4926     0.1610    33.8143    33.8154    8.34097         35 0.0000e+00
     29.000     28.699    -1.2170  27.146975    -1.2161  27.148197     7.3887     7.5613     9.3453    79.2441 3.6446e-01  -74.23990 -112.26682  32.080330      99.24 1.4963e+03    317.542       7622  1027.3397  1027.3401     3.7596     1.4729     0.1584    33.8148    33.8153    8.34114         39 0.0000e+00
     30.000     29.687    -1.2124  27.151011    -1.2134  27.150799     7.3855     7.5608     9.6259    79.6243 3.0493e-01  -74.23990 -112.26683  32.080352      95.68 1.4941e+03    319.380       7666  1027.3441  1027.3448     3.7776     1.5003     0.1649    33.8145    33.8153    8.34013         34 0.0000e+00
     31.000     30.676    -1.2135  27.150519    -1.2142  27.150597     7.3835     7.5642    11.2470    80.3963 2.5716e-01  -74.23990 -112.26683  32.080376      99.40 1.4994e+03    321.521       7718  1027.3489  1027.3497     3.8142     1.6034     0.1699    33.8144    33.8153    8.34038         40 0.0000e+00
     32.000     31.664    -1.2140  27.150621    -1.2144  27.150850     7.3928     7.5628     9.1191    80.2419 2.1040e-01  -74.23990 -112.26684  32.080396      99.47 1.4975e+03    323.223       7758  1027.3538  1027.3544     3.8072     1.4696     0.1687    33.8144    33.8152    8.34048         35 0.0000e+00
     33.000     32.658    -1.2158  27.149669    -1.2158  27.150363     7.3853     7.5554     9.2727    80.1011 1.7729e-01  -74.23990 -112.26684  32.080422      99.44 1.4953e+03    325.457       7812  1027.3588  1027.3595     3.8007     1.4808     0.1635    33.8145    33.8155    8.34087         40 0.0000e+00
     34.000     33.647    -1.2142  27.151639    -1.2149  27.151341     7.3814     7.5579     8.7508    79.9498 1.4437e-01  -74.23990 -112.26684  32.080446      99.44 1.5019e+03    327.539       7862  1027.3637  1027.3641     3.7930     1.4859     0.1706    33.8148    33.8153    8.34050         34 0.0000e+00
     35.000     34.635    -1.2148  27.151663    -1.2150  27.151868     7.3841     7.5594     8.6608    80.1653 1.1668e-01  -74.23990 -112.26684  32.080465      99.43 1.4975e+03    329.136       7900  1027.3686  1027.3690     3.8034     1.6559     0.1639    33.8148    33.8154    8.34062         40 0.0000e+00
     36.000     35.623    -1.2116  27.154558    -1.2125  27.154289     7.3764     7.5574    10.9028    80.1238 9.5303e-02  -74.23990 -112.26684  32.080491      99.11 1.4966e+03    331.420       7955  1027.3730  1027.3736     3.8012     1.4987     0.1568    33.8146    33.8153    8.33993         37 0.0000e+00
     37.000     36.614    -1.2134  27.153467    -1.2148  27.152863     7.3888     7.5548     9.7137    80.2826 7.3171e-02  -74.23990 -112.26684  32.080513      99.44 1.5012e+03    333.368       8002  1027.3779  1027.3786     3.8088     1.4749     0.1679    33.8145    33.8153    8.34033         38 0.0000e+00
     38.000     37.605    -1.2176  27.150513    -1.2205  27.148708     7.3829     7.5523     9.1205    80.5368 5.6665e-02  -74.23990 -112.26684  32.080534      99.45 1.4979e+03    335.106       8044  1027.3830  1027.3838     3.8212     1.4399     0.1846    33.8146    33.8154    8.34128         36 0.0000e+00
     39.000     38.593    -1.2173  27.151502    -1.2169  27.152174     7.3808     7.5579    10.0340    79.3536 4.0496e-02  -74.23990 -112.26684  32.080558      99.42 1.5001e+03    337.220       8094  1027.3881  1027.3885     3.7648     1.5095     0.1707    33.8149    33.8155    8.34118         47 0.0000e+00
     40.000     39.582    -1.2174  27.151765    -1.2176  27.151934     7.3861     7.5528     9.1575    80.4830 2.6681e-02  -74.23990 -112.26684  32.080580      99.45 1.5023e+03    339.138       8140  1027.3928  1027.3932     3.8183     1.4578     0.1636    33.8149    33.8153    8.34122         43 0.0000e+00
     41.000     40.571    -1.2203  27.149989    -1.2166  27.153405     7.3786     7.5520     8.5975    80.6186 1.5916e-02  -74.23990 -112.26684  32.080604      99.43 1.4965e+03    341.152       8189  1027.3979  1027.3981     3.8245     1.5002     0.1648    33.8151    33.8155    8.34186         44 0.0000e+00
     42.000     41.562    -1.2237  27.147764    -1.2248  27.147351     7.3827     7.5566    10.1200    80.1388 4.7167e-03  -74.23990 -112.26684  32.080626      99.48 1.5027e+03    343.118       8236  1027.4030  1027.4037     3.8021     1.4198     0.1760    33.8153    33.8159    8.34260         40 0.0000e+00
     43.000     42.550    -1.2299  27.143228    -1.2317  27.142375     7.3847     7.5579     9.1034    79.2304 6.5834e-05  -74.23990 -112.26684  32.080647      99.50 1.5009e+03    344.869       8278  1027.4084  1027.4091     3.7588     1.3465     0.1746    33.8154    33.8163    8.34398         36 0.0000e+00
     44.000     43.540    -1.2276  27.145669    -1.2276  27.145921     7.3814     7.5590     9.1341    80.6262 1.0000e-12  -74.23990 -112.26684  32.080670      99.43 1.4963e+03    346.862       8326  1027.4130  1027.4132     3.8250     1.4922     0.1739    33.8156    33.8158    8.34346         44 0.0000e+00
     45.000     44.529    -1.2268  27.146870    -1.2272  27.146629     7.3800     7.5603    10.8191    79.6668 1.0000e-12  -74.23990 -112.26684  32.080693      99.44 1.5007e+03    348.855       8374  1027.4178  1027.4179     3.7796     1.4960     0.1660    33.8156    33.8157    8.34326         38 0.0000e+00
     46.000     45.519    -1.2231  27.150145    -1.2234  27.150071     7.3862     7.5525     9.6606    79.1153 1.0000e-12  -74.23990 -112.26684  32.080713      99.49 1.4968e+03    350.588       8415  1027.4222  1027.4224     3.7537     1.6615     0.1794    33.8153    33.8156    8.34246         38 0.0000e+00
     47.000     46.508    -1.2263  27.148020    -1.2276  27.147516     7.3877     7.5567    11.2693    80.1556 1.0000e-12  -74.23990 -112.26683  32.080738      99.48 1.4944e+03    352.735       8467  1027.4272  1027.4279     3.8031     1.4660     0.1724    33.8154    33.8162    8.34317         37 0.0000e+00
     48.000     47.498    -1.2343  27.142705    -1.2352  27.142455     7.4009     7.5627     9.9402    80.5856 1.0000e-12  -74.23990 -112.26682  32.080760      99.49 1.4977e+03    354.632       8512  1027.4333  1027.4340     3.8232     1.3616     0.1688    33.8165    33.8172    8.34488         38 0.0000e+00
     49.000     48.488    -1.2392  27.139687    -1.2398  27.139425     7.4043     7.5731     9.6078    79.8308 1.0000e-12  -74.23990 -112.26682  32.080780      99.43 1.4956e+03    356.356       8554  1027.4390  1027.4393     3.7873     1.5578     0.1704    33.8172    33.8176    8.34593         41 0.0000e+00
     50.000     49.476    -1.2382  27.141573    -1.2381  27.141997     7.3944     7.5656     9.9026    79.3935 1.0000e-12  -74.23990 -112.26682  32.080807      98.83 1.4964e+03    358.746       8611  1027.4444  1027.4448     3.7668     1.3728     0.1754    33.8182    33.8186    8.34567         38 0.0000e+00
     51.000     50.467    -1.2369  27.143459    -1.2374  27.143238     7.3991     7.5637     9.5337    78.7241 1.0000e-12  -74.23990 -112.26682  32.080827      99.41 1.4995e+03    360.436       8651  1027.4494  1027.4497     3.7349     1.4716     0.1587    33.8186    33.8189    8.34534         36 0.0000e+00
     52.000     51.454    -1.2367  27.144157    -1.2371  27.144023     7.3907     7.5657    11.1010    78.9621 1.0000e-12  -74.23990 -112.26682  32.080847      99.47 1.4984e+03    362.186       8693  1027.4543  1027.4545     3.7461     1.4178     0.1676    33.8187    33.8190    8.34529         34 0.0000e+00
     53.000     52.444    -1.2362  27.145132    -1.2368  27.144724     7.3963     7.5725    10.5885    79.0032 1.0000e-12  -74.23990 -112.26682  32.080868      99.44 1.4964e+03    364.010       8737  1027.4592  1027.4594     3.7484     1.4829     0.1745    33.8189    33.8190    8.34517         29 0.0000e+00
