ocean_section_plots/required_files/ctd/dnbp2202_ctd163.cnv
* Sea-Bird SBE 9 Data File:
* FileName = D:\Data\raw\NBP2202_CTD163.hex
* Software Version Seasave V 7.26.7.121
* Temperature SN = 1649
* Conductivity SN = 2513
* Number of Bytes Per Scan = 40
* Number of Voltage Words = 5
* Number of Scans Averaged by the Deck Unit = 1
* NMEA Latitude = 74 14.39 S
* NMEA Longitude = 112 16.00 W
* NMEA UTC (Time) = Feb 01 2022  01:50:23
* NMEA baud rate = 9600
** Ship: RVIB N.B. Palmer
** Cruise: NBP2202 Thwaites
** Station: 85
** Operator: A. Robinson
# nquan = 28
# nvalues = 504                         
# units = specified
# name 0 = prDM: Pressure, Digiquartz [db]
# name 1 = depSM: Depth [salt water, m]
# name 2 = t090C: Temperature [ITS-90, deg C]
# name 3 = c0mS/cm: Conductivity [mS/cm]
# name 4 = t190C: Temperature, 2 [ITS-90, deg C]
# name 5 = c1mS/cm: Conductivity, 2 [mS/cm]
# name 6 = sbeox0ML/L: Oxygen, SBE 43 [ml/l]
# name 7 = sbeox1ML/L: Oxygen, SBE 43, 2 [ml/l]
# name 8 = flECO-AFL: Fluorescence, WET Labs ECO-AFL/FL [mg/m^3]
# name 9 = CStarTr0: Beam Transmission, WET Labs C-Star [%]
# name 10 = par: PAR/Irradiance, Biospherical/Licor
# name 11 = latitude: Latitude [deg]
# name 12 = longitude: Longitude [deg]
# name 13 = timeJ: Julian Days
# name 14 = altM: Altimeter [m]
# name 15 = spar: SPAR, Biospherical/Licor
# name 16 = timeS: Time, Elapsed [seconds]
# name 17 = scan: Scan Count
# name 18 = density00: Density [density, kg/m^3]
# name 19 = density11: Density, 2 [density, kg/m^3]
# name 20 = v3: Voltage 3
# name 21 = v4: Voltage 4
# name 22 = v5: Voltage 5
# name 23 = sal00: Salinity, Practical [PSU]
# name 24 = sal11: Salinity, Practical, 2 [PSU]
# name 25 = oxsolML/L: Oxygen Saturation, Garcia & Gordon [ml/l]
# name 26 = nbin: number of scans per bin
# name 27 = flag: flag
# span 0 =      3.000,    506.000       
# span 1 =      2.968,    500.135       
# span 2 =    -1.5084,    -0.1787       
# span 3 =  27.040328,  28.605076       
# span 4 =    -1.5076,    -0.1759       
# span 5 =  27.040641,  28.605188       
# span 6 =     4.9135,     7.4174       
# span 7 =     4.9939,     7.5762       
# span 8 =     0.0009,    13.4995       
# span 9 =    78.4132,    93.6675       
# span 10 = 1.0000e-12, 7.9213e+01      
# span 11 =  -74.23990,  -74.23990      
# span 12 = -112.26684, -112.26677      
# span 13 =  32.079569,  32.087542      
# span 14 =      68.57,     100.20      
# span 15 = 1.4430e+03, 1.5027e+03      
# span 16 =    251.788,    940.669      
# span 17 =       6044,      22577      
# span 18 =  1027.2142,  1029.9668      
# span 19 =  1027.2161,  1029.9663      
# span 20 =     3.7202,     4.4435      
# span 21 =     0.0709,     1.9220      
# span 22 =     0.1147,     0.1884      
# span 23 =    33.8140,    34.3235      
# span 24 =    33.8152,    34.3205      
# span 25 =    8.08590,    8.39858      
# span 26 =          8,         47      
# span 27 = 0.0000e+00, 0.0000e+00      
# interval = decibars: 1                
# start_time = Feb 01 2022 01:50:23 [NMEA time, header]
# bad_flag = -9.990e-29
*END*
[from data line 415]
    418.000    413.255    -1.1479  27.648960    -1.1459  27.648969     5.8945     6.0067     0.0293    93.6513 1.0000e-12  -74.23990 -112.26681  32.085935      99.89 1.4687e+03    801.825      19245  1029.4947  1029.4928     4.4427     0.0748     0.1172    34.1825    34.1803    8.30406         29 0.0000e+00
    419.000    414.243    -1.1461  27.651325    -1.1449  27.650865     5.8951     6.0059     0.0161    93.6664 1.0000e-12  -74.23990 -112.26681  32.085950      85.10 1.4729e+03    803.042      19274  1029.5000  1029.4984     4.4434     0.0732     0.1188    34.1831    34.1812    8.30363         29 0.0000e+00
    420.000    415.230    -1.1537  27.645825    -1.1528  27.645391     5.8913     6.0030     0.0216    93.6468 1.0000e-12  -74.23990 -112.26680  32.085963      97.64 1.4749e+03    804.210      19302  1029.5059  1029.5045     4.4425     0.0766     0.1199    34.1837    34.1820    8.30529         27 0.0000e+00
    421.000    416.218    -1.1484  27.652124    -1.1473  27.651305     5.8950     6.0002     0.0162    93.6334 1.0000e-12  -74.23990 -112.26680  32.085975      99.86 1.4721e+03    805.258      19327  1029.5118  1029.5099     4.4419     0.0761     0.1189    34.1856    34.1833    8.30400         24 0.0000e+00
    422.000    417.206    -1.1486  27.652065    -1.1473  27.651914     5.8898     6.0020     0.0229    93.6365 1.0000e-12  -74.23990 -112.26680  32.085987      99.89 1.4669e+03    806.277      19352  1029.5163  1029.5149     4.4421     0.0758     0.1182    34.1852    34.1835    8.30408         24 0.0000e+00
    423.000    418.193    -1.1464  27.654985    -1.1454  27.654131     5.8835     6.0020     0.0389    93.6384 1.0000e-12  -74.23990 -112.26680  32.085999      99.89 1.4657e+03    807.324      19377  1029.5216  1029.5198     4.4421     0.0738     0.1188    34.1860    34.1837    8.30353         26 0.0000e+00
    424.000    419.181    -1.1400  27.660881    -1.1381  27.661056     5.8832     5.9953     0.0236    93.6500 1.0000e-12  -74.23990 -112.26680  32.086011      99.89 1.4700e+03    808.396      19403  1029.5261  1029.5245     4.4427     0.0751     0.1203    34.1862    34.1843    8.30210         25 0.0000e+00
    425.000    420.168    -1.1363  27.664945    -1.1344  27.665026     5.8723     5.9837     0.0402    93.6293 1.0000e-12  -74.23990 -112.26678  32.086023      99.89 1.4701e+03    809.400      19427  1029.5312  1029.5295     4.4417     0.0735     0.1159    34.1869    34.1849    8.30123         23 0.0000e+00
    426.000    421.156    -1.1354  27.666373    -1.1340  27.666135     5.8517     5.9544     0.0262    93.6161 1.0000e-12  -74.23990 -112.26678  32.086034      99.89 1.4658e+03    810.352      19449  1029.5363  1029.5347     4.4411     0.0747     0.1186    34.1872    34.1853    8.30102         24 0.0000e+00
    427.000    422.143    -1.1230  27.679167    -1.1202  27.679000     5.8545     5.9609     0.0278    93.6346 1.0000e-12  -74.23990 -112.26678  32.086046      99.89 1.4612e+03    811.393      19474  1029.5424  1029.5395     4.4420     0.0760     0.1239    34.1899    34.1866    8.29811         28 0.0000e+00
    428.000    423.132    -1.1080  27.692626    -1.1069  27.692195     5.8291     5.9544     0.0188    93.6575 1.0000e-12  -74.23990 -112.26678  32.086062      99.89 1.4641e+03    812.738      19507  1029.5468  1029.5452     4.4430     0.0746     0.1183    34.1907    34.1888    8.29475         34 0.0000e+00
    429.000    424.118    -1.1084  27.694073    -1.1061  27.694257     5.7775     5.8974     0.0324    93.6583 1.0000e-12  -74.23990 -112.26678  32.086077      99.90 1.4687e+03    814.054      19538  1029.5533  1029.5511     4.4431     0.0862     0.1204    34.1926    34.1901    8.29474         27 0.0000e+00
    430.000    425.106    -1.0576  27.742981    -1.0546  27.741925     5.7497     5.8655     0.0728    93.6448 1.0000e-12  -74.23990 -112.26678  32.086088      99.89 1.4668e+03    815.019      19561  1029.5608  1029.5568     4.4424     0.0735     0.1184    34.2009    34.1961    8.28302         22 0.0000e+00
    431.000    426.095    -1.0107  27.783551    -1.0084  27.783317     5.7413     5.8489     0.0233    93.6675 1.0000e-12  -74.23990 -112.26678  32.086099      99.82 1.4656e+03    815.914      19583  1029.5634  1029.5609     4.4435     0.0732     0.1197    34.2022    34.1993    8.27259         22 0.0000e+00
    432.000    427.082    -1.0059  27.788167    -1.0038  27.788043     5.7286     5.8382     0.0103    93.6283 1.0000e-12  -74.23990 -112.26678  32.086112      99.80 1.4655e+03    817.089      19611  1029.5684  1029.5663     4.4417     0.0742     0.1181    34.2024    34.1999    8.27152         37 0.0000e+00
    433.000    428.068    -1.0000  27.794155    -0.9984  27.793580     5.7197     5.8302     0.0323    93.6569 1.0000e-12  -74.23990 -112.26678  32.086132      99.89 1.4704e+03    818.774      19652  1029.5741  1029.5719     4.4430     0.0749     0.1195    34.2034    34.2007    8.27019         34 0.0000e+00
    434.000    429.057    -0.9923  27.801436    -0.9913  27.800619     5.7002     5.8045     0.0380    93.6613 1.0000e-12  -74.23990 -112.26678  32.086145      99.89 1.4730e+03    819.954      19680  1029.5790  1029.5772     4.4432     0.0735     0.1183    34.2039    34.2016    8.26845         23 0.0000e+00
    435.000    430.044    -0.9876  27.806417    -0.9862  27.805864     5.6868     5.7954     0.0105    93.6599 1.0000e-12  -74.23990 -112.26678  32.086156      99.90 1.4705e+03    820.859      19702  1029.5844  1029.5824     4.4431     0.0730     0.1179    34.2047    34.2023    8.26737         22 0.0000e+00
    436.000    431.033    -0.9630  27.829867    -0.9570  27.832654     5.6685     5.7826     0.0009    93.5986 1.0000e-12  -74.23990 -112.26678  32.086166      99.89 1.4704e+03    821.745      19723  1029.5901  1029.5873     4.4403     0.0749     0.1172    34.2080    34.2051    8.26176         22 0.0000e+00
    437.000    432.020    -0.9491  27.841901    -0.9471  27.841809     5.6416     5.7574     0.0145    93.6441 1.0000e-12  -74.23990 -112.26678  32.086178      99.89 1.4692e+03    822.810      19748  1029.5942  1029.5921     4.4424     0.0742     0.1190    34.2081    34.2057    8.25872         29 0.0000e+00
    438.000    433.008    -0.9268  27.863541    -0.9236  27.863383     5.6070     5.7260     0.0105    93.6495 1.0000e-12  -74.23990 -112.26678  32.086193      99.90 1.4650e+03    824.088      19779  1029.6004  1029.5971     4.4427     0.0748     0.1216    34.2116    34.2077    8.25362         31 0.0000e+00
    439.000    433.994    -0.8877  27.900244    -0.8854  27.899626     5.5770     5.7015     0.0137    93.6393 1.0000e-12  -74.23990 -112.26678  32.086207      99.89 1.4668e+03    825.279      19808  1029.6064  1029.6035     4.4422     0.0724     0.1212    34.2164    34.2130    8.24475         26 0.0000e+00
    440.000    434.983    -0.8682  27.918866    -0.8666  27.917827     5.5560     5.6725     0.0111    93.6387 1.0000e-12  -74.23990 -112.26678  32.086219      99.89 1.4670e+03    826.280      19832  1029.6121  1029.6095     4.4422     0.0735     0.1200    34.2190    34.2158    8.24034         23 0.0000e+00
    441.000    435.970    -0.8444  27.942426    -0.8418  27.941792     5.5382     5.6529     0.0155    93.6332 1.0000e-12  -74.23990 -112.26680  32.086230      99.89 1.4671e+03    827.241      19855  1029.6188  1029.6157     4.4419     0.0726     0.1183    34.2233    34.2196    8.23488         23 0.0000e+00
    442.000    436.958    -0.8199  27.965054    -0.8182  27.964131     5.5282     5.6379     0.0160    93.6393 1.0000e-12  -74.23990 -112.26678  32.086241      99.89 1.4671e+03    828.260      19879  1029.6240  1029.6214     4.4422     0.0718     0.1190    34.2256    34.2225    8.22940         26 0.0000e+00
    443.000    437.944    -0.8099  27.974580    -0.8080  27.973959     5.5175     5.6290     0.0214    93.6465 1.0000e-12  -74.23990 -112.26680  32.086255      95.95 1.4683e+03    829.442      19908  1029.6293  1029.6268     4.4425     0.0710     0.1195    34.2266    34.2236    8.22716         30 0.0000e+00
    444.000    438.933    -0.8028  27.981749    -0.8015  27.980681     5.5127     5.6201     0.0115    93.6352 1.0000e-12  -74.23990 -112.26680  32.086269      98.25 1.4672e+03    830.664      19937  1029.6349  1029.6325     4.4420     0.0733     0.1195    34.2277    34.2248    8.22555         28 0.0000e+00
    445.000    439.920    -0.7959  27.988648    -0.7944  27.987649     5.5118     5.6096     0.0196    93.5769 1.0000e-12  -74.23990 -112.26680  32.086282      99.89 1.4678e+03    831.772      19964  1029.6403  1029.6378     4.4392     0.0724     0.1171    34.2285    34.2256    8.22399         26 0.0000e+00
    446.000    440.908    -0.7898  27.994551    -0.7881  27.993938     5.5026     5.6030     0.0219    93.6276 1.0000e-12  -74.23990 -112.26680  32.086294      99.89 1.4706e+03    832.807      19988  1029.6453  1029.6430     4.4416     0.0750     0.1210    34.2290    34.2263    8.22264         24 0.0000e+00
    447.000    441.895    -0.7864  27.997999    -0.7848  27.997354     5.4908     5.5965     0.0121    93.6258 1.0000e-12  -74.23990 -112.26680  32.086306      99.89 1.4710e+03    833.879      20014  1029.6503  1029.6480     4.4415     0.0746     0.1209    34.2293    34.2265    8.22189         27 0.0000e+00
    448.000    442.882    -0.7813  28.003280    -0.7796  28.002628     5.4851     5.5834     0.0158    93.5460 1.0000e-12  -74.23990 -112.26680  32.086320      99.90 1.4702e+03    835.064      20043  1029.6556  1029.6533     4.4378     0.0769     0.1206    34.2300    34.2272    8.22072         30 0.0000e+00
    449.000    443.870    -0.7761  28.008745    -0.7742  28.008117     5.4685     5.5791     0.0167    93.6218 1.0000e-12  -74.23990 -112.26680  32.086334      99.89 1.4705e+03    836.290      20072  1029.6610  1029.6585     4.4413     0.0735     0.1201    34.2309    34.2279    8.21954         28 0.0000e+00
    450.000    444.857    -0.7697  28.014972    -0.7678  28.014571     5.4595     5.5646     0.0178    93.6220 1.0000e-12  -74.23990 -112.26680  32.086347      99.89 1.4716e+03    837.417      20099  1029.6660  1029.6637     4.4414     0.0754     0.1187    34.2315    34.2289    8.21812         27 0.0000e+00
    451.000    445.846    -0.7639  28.021122    -0.7617  28.020881     5.4414     5.5478     0.0152    93.6139 1.0000e-12  -74.23990 -112.26680  32.086360      99.89 1.4720e+03    838.476      20124  1029.6714  1029.6690     4.4410     0.0763     0.1208    34.2326    34.2298    8.21678         25 0.0000e+00
    452.000    446.833    -0.7479  28.036538    -0.7466  28.035330     5.4323     5.5320     0.0169    93.6107 1.0000e-12  -74.23990 -112.26681  32.086372      99.89 1.4720e+03    839.521      20150  1029.6768  1029.6742     4.4408     0.0729     0.1212    34.2347    34.2316    8.21317         25 0.0000e+00
    453.000    447.819    -0.7364  28.047907    -0.7351  28.046537     5.4178     5.5153     0.0243    93.5794 1.0000e-12  -74.23990 -112.26681  32.086384      99.89 1.4720e+03    840.588      20175  1029.6823  1029.6796     4.4393     0.0759     0.1221    34.2365    34.2332    8.21057         26 0.0000e+00
    454.000    448.808    -0.7245  28.059067    -0.7226  28.058644     5.4062     5.5038     0.0222    93.5869 1.0000e-12  -74.23990 -112.26682  32.086396      99.89 1.4720e+03    841.654      20201  1029.6872  1029.6848     4.4397     0.0755     0.1220    34.2376    34.2348    8.20794         25 0.0000e+00
    455.000    449.795    -0.7196  28.064001    -0.7179  28.063365     5.4078     5.5094     0.0266    93.5712 1.0000e-12  -74.23990 -112.26682  32.086409      75.34 1.4719e+03    842.714      20226  1029.6921  1029.6899     4.4390     0.0731     0.1221    34.2380    34.2353    8.20683         26 0.0000e+00
    456.000    450.781    -0.7175  28.066335    -0.7158  28.065733     5.3870     5.5001     0.0307    93.5989 1.0000e-12  -74.23990 -112.26682  32.086422      95.30 1.4696e+03    843.873      20254  1029.6972  1029.6949     4.4403     0.0759     0.1190    34.2382    34.2355    8.20637         29 0.0000e+00
    457.000    451.771    -0.7097  28.075195    -0.7071  28.074468     5.3346     5.4492     0.0355    93.5890 1.0000e-12  -74.23990 -112.26682  32.086436      99.97 1.4693e+03    845.105      20284  1029.7036  1029.7002     4.4398     0.0775     0.1190    34.2408    34.2368    8.20454         29 0.0000e+00
    458.000    452.756    -0.6604  28.121954    -0.6600  28.118932     5.2996     5.4074     0.0388    93.5940 1.0000e-12  -74.23990 -112.26682  32.086449      99.89 1.4697e+03    846.179      20309  1029.7099  1029.7063     4.4400     0.0757     0.1190    34.2474    34.2430    8.19344         23 0.0000e+00
    459.000    453.745    -0.6119  28.168542    -0.6089  28.167648     5.2852     5.3837     0.0416    93.5746 1.0000e-12  -74.23990 -112.26682  32.086459      99.89 1.4682e+03    847.102      20331  1029.7169  1029.7129     4.4392     0.0745     0.1218    34.2549    34.2502    8.18253         22 0.0000e+00
    460.000    454.732    -0.5936  28.185083    -0.5910  28.184942     5.2738     5.3706     0.0345    93.5421 1.0000e-12  -74.23990 -112.26682  32.086470      99.89 1.4688e+03    848.020      20353  1029.7212  1029.7186     4.4376     0.0744     0.1210    34.2558    34.2527    8.17851         23 0.0000e+00
    461.000    455.720    -0.5845  28.193964    -0.5817  28.193850     5.2637     5.3571     0.0245    93.5614 1.0000e-12  -74.23990 -112.26682  32.086484      99.90 1.4689e+03    849.186      20381  1029.7267  1029.7239     4.4385     0.0762     0.1196    34.2569    34.2536    8.17649         32 0.0000e+00
    462.000    456.707    -0.5773  28.201024    -0.5738  28.201913     5.2555     5.3510     0.0296    93.5857 1.0000e-12  -74.23990 -112.26682  32.086504      99.89 1.4689e+03    850.950      20424  1029.7322  1029.7297     4.4396     0.0747     0.1184    34.2577    34.2549    8.17489         32 0.0000e+00
    463.000    457.696    -0.5668  28.211269    -0.5645  28.210943     5.2411     5.3339     0.0203    93.5574 1.0000e-12  -74.23990 -112.26682  32.086519      99.89 1.4702e+03    852.219      20454  1029.7376  1029.7350     4.4383     0.0750     0.1187    34.2590    34.2559    8.17255         26 0.0000e+00
    464.000    458.681    -0.5614  28.216869    -0.5585  28.217046     5.2198     5.3211     0.0341    93.5803 1.0000e-12  -74.23990 -112.26682  32.086530      99.90 1.4703e+03    853.169      20477  1029.7429  1029.7403     4.4394     0.0762     0.1201    34.2598    34.2568    8.17133         21 0.0000e+00
    465.000    459.668    -0.5408  28.237269    -0.5376  28.237361     5.2182     5.3129     0.0245    93.5737 1.0000e-12  -74.23990 -112.26682  32.086540      99.89 1.4701e+03    854.102      20499  1029.7490  1029.7460     4.4391     0.0753     0.1238    34.2634    34.2599    8.16669         25 0.0000e+00
    466.000    460.659    -0.5176  28.258838    -0.5150  28.258805     5.1684     5.2747     0.0295    93.5669 1.0000e-12  -74.23990 -112.26682  32.086560      95.06 1.4712e+03    855.800      20540  1029.7542  1029.7516     4.4387     0.0768     0.1216    34.2656    34.2626    8.16157         33 0.0000e+00
    467.000    461.644    -0.4638  28.311980    -0.4607  28.310248     5.1179     5.2181     0.0141    93.5544 1.0000e-12  -74.23990 -112.26682  32.086582      96.41 1.4708e+03    857.650      20585  1029.7630  1029.7582     4.4381     0.0746     0.1197    34.2756    34.2698    8.14943         30 0.0000e+00
    468.000    462.632    -0.4309  28.341846    -0.4269  28.343014     5.1065     5.2043     0.0198    93.4924 1.0000e-12  -74.23990 -112.26682  32.086594      99.94 1.4669e+03    858.722      20610  1029.7673  1029.7648     4.4353     0.0746     0.1214    34.2779    34.2750    8.14223         23 0.0000e+00
