ocean_section_plots/required_files/ctd/dnbp2202_ctd169.cnv
* Sea-Bird SBE 9 Data File:
* FileName = D:\Data\raw\NBP2202_CTD169.hex
* Software Version Seasave V 7.26.7.121
* Temperature SN = 1649
* Conductivity SN = 2513
* Number of Bytes Per Scan = 40
* Number of Voltage Words = 5
* Number of Scans Averaged by the Deck Unit = 1
* NMEA Latitude = 74 23.16 S
* NMEA Longitude = 110 05.45 W
* NMEA UTC (Time) = Feb 03 2022  08:44:59
* NMEA baud rate = 9600
** Ship: RVIB N.B. Palmer
** Cruise: NBP2202 Thwaites
** Station: 91
** Operator: B Bjork
# nquan = 28
# nvalues = 892                         
# units = specified
# name 0 = prDM: Pressure, Digiquartz [db]
# name 1 = depSM: Depth [salt water, m]
# name 2 = t090C: Temperature [ITS-90, deg C]
# name 3 = c0mS/cm: Conductivity [mS/cm]
# name 4 = t190C: Temperature, 2 [ITS-90, deg C]
# name 5 = c1mS/cm: Conductivity, 2 [mS/cm]
# name 6 = sbeox0ML/L: Oxygen, SBE 43 [ml/l]
# name 7 = sbeox1ML/L: Oxygen, SBE 43, 2 [ml/l]
# name 8 = flECO-AFL: Fluorescence, WET Labs ECO-AFL/FL [mg/m^3]
# name 9 = CStarTr0: Beam Transmission, WET Labs C-Star [%]
# name 10 = par: PAR/Irradiance, Biospherical/Licor
# name 11 = latitude: Latitude [deg]
# name 12 = longitude: Longitude [deg]
# name 13 = timeJ: Julian Days
# name 14 = altM: Altimeter [m]
# name 15 = spar: SPAR, Biospherical/Licor
# name 16 = timeS: Time, Elapsed [seconds]
# name 17 = scan: Scan Count
# name 18 = density00: Density [density, kg/m^3]
# name 19 = density11: Density, 2 [density, kg/m^3]
# name 20 = v3: Voltage 3
# name 21 = v4: Voltage 4
# name 22 = v5: Voltage 5
# name 23 = sal00: Salinity, Practical [PSU]
# name 24 = sal11: Salinity, Practical, 2 [PSU]
# name 25 = oxsolML/L: Oxygen Saturation, Garcia & Gordon [ml/l]
# name 26 = nbin: number of scans per bin
# name 27 = flag: flag
# span 0 =      2.000,    893.000       
# span 1 =      1.982,    881.838       
# span 2 =    -1.5796,     1.0871       
# span 3 =  26.808145,  30.146958       
# span 4 =    -1.5810,     1.0894       
# span 5 =  26.808530,  30.146745       
# span 6 =     4.3354,     5.6421       
# span 7 =     4.4115,     5.7563       
# span 8 =    -0.0249,     0.0853       
# span 9 =    98.3019,    99.5919       
# span 10 = 1.0000e-12, 3.0927e+01      
# span 11 =  -74.38600,  -74.38574      
# span 12 = -110.09058, -110.08922      
# span 13 =  34.367335,  34.380362      
# span 14 =      -3.82,     100.02      
# span 15 = 1.1282e+02, 1.3750e+02      
# span 16 =    238.713,   1364.286      
# span 17 =       5730,      32744      
# span 18 =  1027.1885,  1031.9864      
# span 19 =  1027.1902,  1031.9842      
# span 20 =     4.6633,     4.7245      
# span 21 =     0.0639,     0.0825      
# span 22 =     0.1088,     0.1451      
# span 23 =    33.7726,    34.7004      
# span 24 =    33.7743,    34.6977      
# span 25 =    7.80479,    8.42522      
# span 26 =          4,         48      
# span 27 = 0.0000e+00, 0.0000e+00      
# interval = decibars: 1                
# start_time = Feb 03 2022 08:44:59 [NMEA time, header]
# bad_flag = -9.990e-29
*END*
[from data line 52]
     54.000     53.434    -1.5256  26.909980    -1.5257  26.909781     5.4823     5.6165     0.0003    99.0159 1.6619e+00  -74.38600 -110.09056  34.368550      99.88 1.3750e+02    343.748       8251  1027.4759  1027.4758     4.6972     0.0715     0.1241    33.8222    33.8221    8.41003         42 0.0000e+00
     55.000     54.423    -1.5240  26.912804    -1.5242  26.912493     5.4885     5.6186     0.0100    98.9970 1.5956e+00  -74.38600 -110.09056  34.368573      99.88 1.3750e+02    345.679       8297  1027.4818  1027.4817     4.6963     0.0722     0.1242    33.8237    33.8235    8.40958         44 0.0000e+00
     56.000     55.414    -1.5223  26.916153    -1.5223  26.915842     5.4908     5.6268     0.0205    99.0004 1.5323e+00  -74.38600 -110.09056  34.368595      99.88 1.3750e+02    347.613       8344  1027.4883  1027.4880     4.6964     0.0746     0.1251    33.8258    33.8254    8.40908         40 0.0000e+00
     57.000     56.402    -1.5212  26.918025    -1.5212  26.918026     5.4957     5.6237     0.0268    98.9931 1.4711e+00  -74.38600 -110.09056  34.368617      99.88 1.3750e+02    349.537       8390  1027.4937  1027.4937     4.6961     0.0730     0.1249    33.8265    33.8265    8.40879         42 0.0000e+00
     58.000     57.391    -1.5208  26.919266    -1.5208  26.919175     5.4907     5.6233     0.0571    98.9765 1.4115e+00  -74.38600 -110.09056  34.368640      99.88 1.3750e+02    351.472       8436  1027.4991  1027.4989     4.6952     0.0745     0.1243    33.8272    33.8270    8.40866         40 0.0000e+00
     59.000     58.381    -1.5204  26.920139    -1.5204  26.920175     5.4895     5.6240     0.0549    98.9699 1.3528e+00  -74.38600 -110.09056  34.368662      99.89 1.3750e+02    353.391       8482  1027.5040  1027.5040     4.6949     0.0744     0.1259    33.8273    33.8273    8.40856         34 0.0000e+00
     60.000     59.370    -1.5204  26.920716    -1.5202  26.920641     5.4885     5.6246     0.0566    98.9614 1.2973e+00  -74.38600 -110.09056  34.368684      99.88 1.3750e+02    355.319       8529  1027.5089  1027.5087     4.6945     0.0759     0.1251    33.8274    33.8272    8.40854         36 0.0000e+00
     61.000     60.359    -1.5197  26.922102    -1.5196  26.922014     5.4966     5.6252     0.0502    98.9512 1.2427e+00  -74.38600 -110.09056  34.368707      99.88 1.3750e+02    357.256       8575  1027.5141  1027.5139     4.6940     0.0754     0.1249    33.8279    33.8277    8.40836         42 0.0000e+00
     62.000     61.349    -1.5195  26.922639    -1.5194  26.922644     5.4923     5.6258     0.0579    98.9472 1.1910e+00  -74.38600 -110.09056  34.368729      99.87 1.3698e+02    359.197       8622  1027.5189  1027.5188     4.6938     0.0763     0.1261    33.8278    33.8277    8.40832         36 0.0000e+00
     63.000     62.338    -1.5185  26.924325    -1.5184  26.924295     5.4852     5.6175     0.0582    98.9384 1.1425e+00  -74.38600 -110.09056  34.368751      99.88 1.3664e+02    361.079       8667  1027.5241  1027.5239     4.6934     0.0774     0.1243    33.8284    33.8282    8.40806         41 0.0000e+00
     64.000     63.326    -1.5175  26.925890    -1.5173  26.925769     5.4826     5.6085     0.0536    98.8989 1.0956e+00  -74.38600 -110.09056  34.368770      99.88 1.3573e+02    362.687       8705  1027.5292  1027.5288     4.6916     0.0778     0.1238    33.8288    33.8284    8.40781         35 0.0000e+00
     65.000     64.317    -1.5166  26.927259    -1.5164  26.927141     5.4767     5.6087     0.0433    98.9083 1.0485e+00  -74.38600 -110.09056  34.368786      99.88 1.3574e+02    364.139       8740  1027.5342  1027.5339     4.6920     0.0775     0.1256    33.8290    33.8287    8.40760         35 0.0000e+00
     66.000     65.306    -1.5163  26.928405    -1.5162  26.928244     5.4760     5.6076     0.0301    98.9032 1.0107e+00  -74.38600 -110.09057  34.368802      90.83 1.3574e+02    365.535       8774  1027.5394  1027.5391     4.6918     0.0750     0.1256    33.8296    33.8292    8.40748         33 0.0000e+00
     67.000     66.295    -1.5160  26.929302    -1.5158  26.929196     5.4705     5.6032     0.0067    98.9049 9.6462e-01  -74.38600 -110.09057  34.368818      97.76 1.3574e+02    366.875       8806  1027.5445  1027.5442     4.6919     0.0720     0.1271    33.8299    33.8296    8.40740         31 0.0000e+00
     68.000     67.285    -1.5132  26.932438    -1.5128  26.932430     5.4729     5.6016     0.0029    98.9168 9.2324e-01  -74.38600 -110.09056  34.368833      99.92 1.3574e+02    368.188       8838  1027.5496  1027.5492     4.6924     0.0718     0.1256    33.8304    33.8300    8.40675         31 0.0000e+00
     69.000     68.273    -1.5111  26.934807    -1.5109  26.934710     5.4734     5.6030     0.0035    98.9315 8.8482e-01  -74.38600 -110.09058  34.368848      99.88 1.3574e+02    369.457       8868  1027.5545  1027.5542     4.6931     0.0734     0.1233    33.8307    33.8303    8.40625         30 0.0000e+00
     70.000     69.263    -1.5105  26.935968    -1.5103  26.935894     5.4732     5.6046    -0.0061    98.9516 8.4853e-01  -74.38600 -110.09056  34.368863      99.88 1.3574e+02    370.721       8898  1027.5596  1027.5593     4.6941     0.0718     0.1260    33.8310    33.8307    8.40610         31 0.0000e+00
     71.000     70.253    -1.5096  26.937527    -1.5093  26.937355     5.4662     5.6016    -0.0075    98.9647 8.1312e-01  -74.38600 -110.09056  34.368877      99.87 1.3574e+02    371.980       8929  1027.5648  1027.5643     4.6947     0.0712     0.1257    33.8315    33.8309    8.40587         30 0.0000e+00
     72.000     71.241    -1.5076  26.940226    -1.5071  26.940201     5.4648     5.5990    -0.0089    98.9622 7.7871e-01  -74.38600 -110.09056  34.368891      99.88 1.3574e+02    373.214       8958  1027.5701  1027.5696     4.6946     0.0712     0.1256    33.8323    33.8317    8.40536         30 0.0000e+00
     73.000     72.231    -1.5057  26.942495    -1.5054  26.942335     5.4598     5.5977    -0.0149    98.9638 7.4640e-01  -74.38600 -110.09056  34.368905      99.88 1.3574e+02    374.430       8987  1027.5752  1027.5747     4.6946     0.0717     0.1259    33.8327    33.8321    8.40492         29 0.0000e+00
     74.000     73.220    -1.5014  26.947195    -1.5010  26.947082     5.4617     5.5960    -0.0071    98.9918 7.1420e-01  -74.38600 -110.09056  34.368920      99.88 1.3574e+02    375.650       9017  1027.5806  1027.5801     4.6960     0.0706     0.1256    33.8337    33.8331    8.40389         29 0.0000e+00
     75.000     74.210    -1.4988  26.950502    -1.4986  26.950361     5.4659     5.5988    -0.0085    98.9876 6.8375e-01  -74.38600 -110.09056  34.368934      99.89 1.3574e+02    376.855       9046  1027.5861  1027.5857     4.6958     0.0732     0.1258    33.8347    33.8342    8.40324         28 0.0000e+00
     76.000     75.199    -1.4993  26.950979    -1.4991  26.950723     5.4689     5.5955    -0.0148    98.9967 6.5546e-01  -74.38600 -110.09056  34.368947      98.95 1.3574e+02    378.049       9074  1027.5914  1027.5910     4.6962     0.0699     0.1247    33.8352    33.8346    8.40331         29 0.0000e+00
     77.000     76.188    -1.5001  26.951162    -1.4999  26.951019     5.4689     5.5948    -0.0145    98.9869 6.3094e-01  -74.38600 -110.09056  34.368961      91.82 1.3574e+02    379.252       9103  1027.5968  1027.5964     4.6958     0.0698     0.1246    33.8358    33.8354    8.40346         29 0.0000e+00
     78.000     77.178    -1.4986  26.953499    -1.4982  26.953445     5.4699     5.5995    -0.0085    99.0010 6.0048e-01  -74.38600 -110.09056  34.368975      99.73 1.3574e+02    380.447       9132  1027.6022  1027.6018     4.6964     0.0693     0.1261    33.8366    33.8361    8.40306         29 0.0000e+00
     79.000     78.167    -1.4963  26.956788    -1.4959  26.956737     5.4730     5.6026    -0.0206    99.0042 5.7437e-01  -74.38600 -110.09056  34.368989      99.88 1.3574e+02    381.627       9160  1027.6080  1027.6076     4.6966     0.0698     0.1265    33.8379    33.8375    8.40247         28 0.0000e+00
     80.000     79.156    -1.4963  26.958030    -1.4960  26.958015     5.4823     5.6070    -0.0083    98.9976 5.4932e-01  -74.38600 -110.09056  34.369003      99.88 1.3574e+02    382.827       9189  1027.6137  1027.6134     4.6963     0.0698     0.1240    33.8391    33.8387    8.40241         29 0.0000e+00
     81.000     80.145    -1.4981  26.957639    -1.4976  26.957639     5.4826     5.6119    -0.0134    98.9803 5.2554e-01  -74.38600 -110.09056  34.369016      99.88 1.3536e+02    384.019       9217  1027.6194  1027.6189     4.6954     0.0684     0.1262    33.8399    33.8394    8.40276         28 0.0000e+00
     82.000     81.134    -1.4995  26.957350    -1.4994  26.957174     5.4840     5.6113    -0.0098    98.9868 5.0250e-01  -74.38600 -110.09056  34.369030      99.89 1.3543e+02    385.198       9246  1027.6248  1027.6245     4.6958     0.0690     0.1242    33.8405    33.8401    8.40305         28 0.0000e+00
     83.000     82.124    -1.4991  26.958088    -1.4989  26.957919     5.4823     5.6131    -0.0225    99.0038 4.8001e-01  -74.38600 -110.09056  34.369044      99.88 1.3452e+02    386.381       9274  1027.6295  1027.6291     4.6966     0.0699     0.1251    33.8404    33.8399    8.40296         29 0.0000e+00
     84.000     83.113    -1.4991  26.958614    -1.4988  26.958434     5.4809     5.6167    -0.0221    98.9995 4.5870e-01  -74.38600 -110.09056  34.369058      99.88 1.3499e+02    387.576       9303  1027.6344  1027.6339     4.6964     0.0700     0.1240    33.8405    33.8399    8.40295         28 0.0000e+00
     85.000     84.102    -1.4994  26.958971    -1.4989  26.958875     5.4867     5.6150    -0.0194    98.9987 4.3885e-01  -74.38600 -110.09056  34.369071      99.89 1.3518e+02    388.749       9331  1027.6394  1027.6389     4.6963     0.0690     0.1256    33.8407    33.8401    8.40300         28 0.0000e+00
     86.000     85.089    -1.5000  26.959069    -1.4996  26.958981     5.4842     5.6176    -0.0183    98.9984 4.1906e-01  -74.38600 -110.09056  34.369085      99.88 1.3397e+02    389.930       9359  1027.6444  1027.6439     4.6963     0.0698     0.1249    33.8409    33.8404    8.40313         29 0.0000e+00
     87.000     86.083    -1.5003  26.959239    -1.4999  26.959158     5.4878     5.6161    -0.0135    99.0011 4.0104e-01  -74.38600 -110.09056  34.369099      99.88 1.3416e+02    391.135       9388  1027.6492  1027.6487     4.6964     0.0696     0.1250    33.8408    33.8403    8.40320         29 0.0000e+00
     88.000     87.070    -1.5007  26.959464    -1.5006  26.959227     5.4771     5.6133    -0.0121    99.0125 3.8550e-01  -74.38600 -110.09056  34.369112      95.55 1.3398e+02    392.316       9417  1027.6542  1027.6538     4.6970     0.0681     0.1245    33.8410    33.8406    8.40329         28 0.0000e+00
     89.000     88.059    -1.5010  26.959842    -1.5007  26.959757     5.4768     5.6161    -0.0204    99.0091 3.6568e-01  -74.38600 -110.09056  34.369126      99.88 1.3398e+02    393.500       9445  1027.6592  1027.6588     4.6968     0.0699     0.1248    33.8413    33.8408    8.40334         29 0.0000e+00
     90.000     89.048    -1.5012  26.960253    -1.5009  26.960120     5.4821     5.6202    -0.0224    99.0162 3.4883e-01  -74.38600 -110.09056  34.369140      99.89 1.3398e+02    394.718       9474  1027.6641  1027.6636     4.6972     0.0693     0.1253    33.8413    33.8408    8.40337         29 0.0000e+00
     91.000     90.037    -1.5012  26.960811    -1.5010  26.960700     5.4785     5.6137    -0.0224    99.0134 3.3294e-01  -74.38600 -110.09055  34.369154      99.88 1.3398e+02    395.908       9503  1027.6691  1027.6687     4.6970     0.0690     0.1259    33.8416    33.8411    8.40337         28 0.0000e+00
     92.000     91.028    -1.4961  26.966645    -1.4950  26.966925     5.4719     5.6071    -0.0219    99.0064 3.1762e-01  -74.38600 -110.09056  34.369168      99.88 1.3398e+02    397.087       9531  1027.6749  1027.6741     4.6967     0.0700     0.1238    33.8432    33.8423    8.40212         29 0.0000e+00
     93.000     92.015    -1.4853  26.977554    -1.4833  26.978542     5.4633     5.5926    -0.0149    98.9957 3.0309e-01  -74.38600 -110.09054  34.369182      99.88 1.3398e+02    398.304       9560  1027.6808  1027.6800     4.6962     0.0691     0.1253    33.8453    33.8445    8.39954         29 0.0000e+00
     94.000     93.006    -1.4781  26.984806    -1.4766  26.985439     5.4523     5.5875    -0.0168    98.9931 2.8891e-01  -74.38600 -110.09056  34.369196      99.88 1.3398e+02    399.493       9589  1027.6863  1027.6855     4.6961     0.0687     0.1240    33.8466    33.8457    8.39785         29 0.0000e+00
     95.000     93.995    -1.4673  26.994851    -1.4678  26.993879     5.4560     5.5950    -0.0223    99.0031 2.7541e-01  -74.38600 -110.09056  34.369209      99.89 1.3274e+02    400.667       9617  1027.6913  1027.6907     4.6965     0.0687     0.1259    33.8475    33.8468    8.39535         28 0.0000e+00
     96.000     94.982    -1.4738  26.990418    -1.4743  26.989689     5.4702     5.6000    -0.0191    98.9798 2.6239e-01  -74.38600 -110.09056  34.369223      99.88 1.3234e+02    401.872       9646  1027.6971  1027.6969     4.6954     0.0690     0.1269    33.8481    33.8478    8.39677         29 0.0000e+00
     97.000     95.973    -1.4771  26.988124    -1.4766  26.988108     5.4765     5.6029    -0.0150    98.9886 2.4989e-01  -74.38600 -110.09056  34.369237      99.87 1.3304e+02    403.073       9675  1027.7021  1027.7017     4.6958     0.0695     0.1240    33.8481    33.8475    8.39753         28 0.0000e+00
     98.000     96.961    -1.4821  26.985572    -1.4812  26.985599     5.4642     5.5989    -0.0147    99.0081 2.3950e-01  -74.38600 -110.09056  34.369251      95.23 1.3222e+02    404.243       9703  1027.7085  1027.7076     4.6968     0.0677     0.1252    33.8496    33.8486    8.39856         29 0.0000e+00
     99.000     97.951    -1.4660  27.000066    -1.4670  26.998590     5.4577     5.5869    -0.0198    99.0064 2.2782e-01  -74.38600 -110.09056  34.369264      95.90 1.3222e+02    405.448       9732  1027.7134  1027.7126     4.6967     0.0692     0.1256    33.8508    33.8499    8.39487         29 0.0000e+00
    100.000     98.941    -1.4621  27.004108    -1.4614  27.004081     5.4548     5.5887    -0.0168    98.9986 2.1531e-01  -74.38600 -110.09056  34.369278      99.92 1.3222e+02    406.656       9761  1027.7184  1027.7177     4.6963     0.0696     0.1262    33.8513    33.8505    8.39395         28 0.0000e+00
    101.000     99.929    -1.4603  27.006371    -1.4601  27.006023     5.4499     5.5790    -0.0150    99.0046 2.0481e-01  -74.38600 -110.09056  34.369292      99.88 1.3197e+02    407.831       9789  1027.7235  1027.7229     4.6966     0.0692     0.1242    33.8517    33.8510    8.39352         29 0.0000e+00
    102.000    100.918    -1.4594  27.008064    -1.4589  27.007690     5.4597     5.5846    -0.0216    99.0170 1.9442e-01  -74.38600 -110.09056  34.369306      99.88 1.3046e+02    409.034       9818  1027.7289  1027.7280     4.6972     0.0698     0.1251    33.8524    33.8514    8.39328         29 0.0000e+00
    103.000    101.907    -1.4582  27.009760    -1.4576  27.009601     5.4731     5.6039    -0.0214    98.9932 1.8480e-01  -74.38600 -110.09056  34.369320      99.88 1.3045e+02    410.247       9847  1027.7340  1027.7332     4.6961     0.0704     0.1248    33.8528    33.8518    8.39299         29 0.0000e+00
    104.000    102.898    -1.4651  27.005150    -1.4653  27.004794     5.4813     5.6136    -0.0138    98.9877 1.7524e-01  -74.38600 -110.09056  34.369334      99.89 1.3045e+02    411.417       9875  1027.7400  1027.7398     4.6958     0.0688     0.1255    33.8536    33.8533    8.39450         28 0.0000e+00
