ocean_section_plots/required_files/ctd/dnbp2202_ctd060.cnv
* Sea-Bird SBE 9 Data File:
* FileName = D:\Data\raw\NBP2202_CTD060.hex
* Software Version Seasave V 7.26.7.121
* Temperature SN = 1649
* Conductivity SN = 2513
* Number of Bytes Per Scan = 40
* Number of Voltage Words = 5
* Number of Scans Averaged by the Deck Unit = 1
* NMEA Latitude = 74 04.83 S
* NMEA Longitude = 111 40.54 W
* NMEA UTC (Time) = Jan 25 2022  09:53:58
* NMEA baud rate = 9600
** Ship: RVIB N.B. Palmer
** Cruise: NBP2202 Thwaites
** Station: 41
** Operator: B.Bjork
# nquan = 25
# nvalues = 309                         
# units = specified
# name 0 = prDM: Pressure, Digiquartz [db]
# name 1 = depSM: Depth [salt water, m]
# name 2 = t090C: Temperature [ITS-90, deg C]
# name 3 = c0mS/cm: Conductivity [mS/cm]
# name 4 = t190C: Temperature, 2 [ITS-90, deg C]
# name 5 = c1mS/cm: Conductivity, 2 [mS/cm]
# name 6 = sbeox0ML/L: Oxygen, SBE 43 [ml/l]
# name 7 = sbeox1ML/L: Oxygen, SBE 43, 2 [ml/l]
# name 8 = flECO-AFL: Fluorescence, WET Labs ECO-AFL/FL [mg/m^3]
# name 9 = CStarTr0: Beam Transmission, WET Labs C-Star [%]
# name 10 = par: PAR/Irradiance, Biospherical/Licor
# name 11 = latitude: Latitude [deg]
# name 12 = longitude: Longitude [deg]
# name 13 = timeJ: Julian Days
# name 14 = altM: Altimeter [m]
# name 15 = spar: SPAR, Biospherical/Licor
# name 16 = timeS: Time, Elapsed [seconds]
# name 17 = scan: Scan Count
# name 18 = density00: Density [density, kg/m^3]
# name 19 = density11: Density, 2 [density, kg/m^3]
# name 20 = sal00: Salinity, Practical [PSU]
# name 21 = sal11: Salinity, Practical, 2 [PSU]
# name 22 = oxsolML/L: Oxygen Saturation, Garcia & Gordon [ml/l]
# name 23 = nbin: number of scans per bin
# name 24 = flag: flag
# span 0 =      3.000,    311.000       
# span 1 =      2.966,    307.544       
# span 2 =    -1.5342,    -1.2615       
# span 3 =  27.029556,  27.362515       
# span 4 =    -1.5340,    -1.2600       
# span 5 =  27.029427,  27.361445       
# span 6 =     5.8459,     7.4603       
# span 7 =     6.1293,     7.8381       
# span 8 =     0.0089,    11.7517       
# span 9 =    79.3732,    96.7901       
# span 10 = -5.906e-07, 1.1398e+01      
# span 11 =  -74.08054,  -74.08054      
# span 12 = -111.67570, -111.67564      
# span 13 =  25.414675,  25.420647      
# span 14 =       5.01,      99.99      
# span 15 = 4.6943e+01, 5.7321e+01      
# span 16 =    189.897,    705.867      
# span 17 =       4559,      16942      
# span 18 =  1027.2048,  1028.9176      
# span 19 =  1027.2053,  1028.9158      
# span 20 =    33.7974,    34.0876      
# span 21 =    33.7981,    34.0856      
# span 22 =    8.35151,    8.40166      
# span 23 =         14,         48      
# span 24 = 0.0000e+00, 0.0000e+00      
# interval = decibars: 1                
# start_time = Jan 25 2022 09:53:58 [NMEA time, header]
# bad_flag = -9.990e-29
*END*
[from data line 58]
     61.000     60.361    -1.3432  27.065905    -1.3428  27.066218     6.4584     6.8140     6.4545    83.4556 1.0000e-12  -74.08054 -111.67566  25.415958      96.88 4.9361e+01    300.801       7220  1027.5081  1027.5081    33.8260    33.8260    8.36870         40 0.0000e+00
     62.000     61.349    -1.3511  27.063310    -1.3512  27.063104     6.4451     6.7847     4.5426    84.2704 1.0000e-12  -74.08054 -111.67566  25.415981      99.67 4.9361e+01    302.722       7266  1027.5170  1027.5169    33.8309    33.8306    8.37020         44 0.0000e+00
     63.000     62.339    -1.3516  27.063743    -1.3516  27.063479     6.4313     6.7601     3.9318    85.2289 1.0000e-12  -74.08054 -111.67566  25.416003      99.78 4.9017e+01    304.654       7313  1027.5221  1027.5217    33.8314    33.8310    8.37028         40 0.0000e+00
     64.000     63.328    -1.3557  27.063220    -1.3556  27.063021     6.3585     6.6825     3.6657    86.7646 1.0000e-12  -74.08054 -111.67566  25.416024      99.80 4.9454e+01    306.502       7357  1027.5295  1027.5292    33.8346    33.8343    8.37099         39 0.0000e+00
     65.000     64.318    -1.3648  27.062356    -1.3643  27.062068     6.2912     6.6154     3.6037    86.7512 1.0000e-12  -74.08054 -111.67566  25.416046      99.76 4.8916e+01    308.347       7401  1027.5416  1027.5408    33.8432    33.8422    8.37254         40 0.0000e+00
     66.000     65.307    -1.3692  27.062601    -1.3689  27.062479     6.2827     6.5937     2.8550    87.8051 1.0000e-12  -74.08054 -111.67566  25.416067      99.88 4.8990e+01    310.182       7445  1027.5504  1027.5499    33.8479    33.8473    8.37325         38 0.0000e+00
     67.000     66.296    -1.3694  27.063304    -1.3694  27.063026     6.2832     6.5869     2.2641    88.9662 1.0000e-12  -74.08054 -111.67566  25.416085      99.86 4.8998e+01    311.705       7482  1027.5555  1027.5552    33.8484    33.8481    8.37325         34 0.0000e+00
     68.000     67.286    -1.3703  27.063898    -1.3701  27.063677     6.2806     6.5779     2.2719    90.2601 1.0000e-12  -74.08054 -111.67566  25.416101      99.85 4.9195e+01    313.097       7515  1027.5612  1027.5608    33.8496    33.8491    8.37338         32 0.0000e+00
     69.000     68.273    -1.3710  27.064342    -1.3710  27.064071     6.2677     6.5695     2.0403    90.8956 1.0000e-12  -74.08054 -111.67566  25.416116      94.99 4.8577e+01    314.462       7548  1027.5666  1027.5664    33.8504    33.8501    8.37349         31 0.0000e+00
     70.000     69.263    -1.3738  27.064264    -1.3740  27.063932     6.2615     6.5687     2.2318    91.2658 1.0000e-12  -74.08054 -111.67566  25.416132      99.92 4.8935e+01    315.840       7581  1027.5735  1027.5733    33.8529    33.8526    8.37398         33 0.0000e+00
     71.000     70.254    -1.3764  27.064036    -1.3762  27.063816     6.2562     6.5637     2.1995    91.7595 1.0000e-12  -74.08054 -111.67566  25.416148      99.89 4.8934e+01    317.224       7614  1027.5800  1027.5796    33.8549    33.8543    8.37445         33 0.0000e+00
     72.000     71.243    -1.3762  27.064616    -1.3760  27.064343     6.2560     6.5598     2.0538    91.1244 1.0000e-12  -74.08054 -111.67566  25.416164      99.89 4.9140e+01    318.557       7646  1027.5847  1027.5841    33.8548    33.8542    8.37440         32 0.0000e+00
     73.000     72.232    -1.3768  27.064940    -1.3770  27.064611     6.2568     6.5571     1.9360    91.7136 1.0000e-12  -74.08054 -111.67567  25.416179      99.90 4.8919e+01    319.901       7679  1027.5899  1027.5897    33.8553    33.8550    8.37451         32 0.0000e+00
     74.000     73.221    -1.3771  27.065275    -1.3771  27.065007     6.2505     6.5533     1.8536    92.3801 1.0000e-12  -74.08054 -111.67567  25.416195      99.89 4.8986e+01    321.238       7711  1027.5948  1027.5945    33.8555    33.8551    8.37457         33 0.0000e+00
     75.000     74.211    -1.3773  27.065786    -1.3772  27.065507     6.2423     6.5430     2.1941    92.2874 1.0000e-12  -74.08054 -111.67568  25.416211      99.88 4.9309e+01    322.630       7744  1027.5998  1027.5994    33.8558    33.8553    8.37459         33 0.0000e+00
     76.000     75.200    -1.3776  27.066151    -1.3775  27.065864     6.2194     6.5176     2.1196    92.3827 1.0000e-12  -74.08054 -111.67568  25.416228      99.91 4.9306e+01    324.061       7778  1027.6048  1027.6044    33.8561    33.8555    8.37465         32 0.0000e+00
     77.000     76.189    -1.3813  27.065519    -1.3820  27.065072     6.1981     6.4996     2.0764    91.9596 1.0000e-12  -74.08054 -111.67568  25.416243      99.87 4.9178e+01    325.424       7811  1027.6119  1027.6121    33.8587    33.8589    8.37531         33 0.0000e+00
     78.000     77.179    -1.3845  27.065070    -1.3844  27.064826     6.1655     6.4623     1.9792    91.6120 1.0000e-12  -74.08054 -111.67568  25.416260      98.34 4.9360e+01    326.822       7845  1027.6189  1027.6185    33.8611    33.8607    8.37590         35 0.0000e+00
     79.000     78.168    -1.3876  27.065010    -1.3872  27.064757     6.1218     6.4216     1.7982    92.2871 1.0000e-12  -74.08054 -111.67568  25.416276      98.43 4.9361e+01    328.272       7880  1027.6261  1027.6254    33.8639    33.8631    8.37643         34 0.0000e+00
     80.000     79.156    -1.3920  27.064725    -1.3919  27.064438     6.0774     6.3896     1.7382    92.7416 1.0000e-12  -74.08054 -111.67568  25.416292      99.89 4.9361e+01    329.654       7913  1027.6343  1027.6339    33.8678    33.8674    8.37717         33 0.0000e+00
     81.000     80.146    -1.3979  27.064438    -1.3977  27.064171     6.0754     6.3832     1.4297    92.8562 1.0000e-12  -74.08054 -111.67568  25.416308      99.91 4.9361e+01    331.017       7945  1027.6440  1027.6435    33.8736    33.8729    8.37817         32 0.0000e+00
     82.000     81.136    -1.4014  27.065040    -1.4013  27.064664     6.0896     6.3867     1.2741    92.2951 1.0000e-12  -74.08054 -111.67568  25.416324      99.91 4.9361e+01    332.395       7978  1027.6524  1027.6518    33.8778    33.8771    8.37871         34 0.0000e+00
     83.000     82.125    -1.4037  27.065768    -1.4034  27.065483     6.0845     6.3807     1.1499    92.5152 1.0000e-12  -74.08054 -111.67568  25.416340      99.92 4.9202e+01    333.779       8012  1027.6596  1027.6590    33.8807    33.8800    8.37904         33 0.0000e+00
     84.000     83.114    -1.4093  27.066867    -1.4089  27.066572     6.0772     6.3670     1.4263    93.4806 1.0000e-12  -74.08054 -111.67568  25.416356      99.91 4.9465e+01    335.152       8045  1027.6705  1027.6698    33.8879    33.8871    8.37987         33 0.0000e+00
     85.000     84.104    -1.4107  27.067921    -1.4107  27.067775     6.0694     6.3589     1.2333    93.6897 1.0000e-12  -74.08054 -111.67569  25.416372      99.92 4.8639e+01    336.556       8078  1027.6773  1027.6771    33.8904    33.8902    8.38005         34 0.0000e+00
     86.000     85.092    -1.4113  27.068904    -1.4113  27.068620     6.0681     6.3573     1.2363    93.7413 1.0000e-12  -74.08054 -111.67569  25.416388      99.91 4.8933e+01    337.954       8112  1027.6832  1027.6829    33.8918    33.8914    8.38010         33 0.0000e+00
     87.000     86.082    -1.4114  27.069550    -1.4112  27.069192     6.0639     6.3584     0.9643    93.9966 1.0000e-12  -74.08054 -111.67569  25.416404      98.63 4.9145e+01    339.321       8145  1027.6883  1027.6876    33.8922    33.8914    8.38010         33 0.0000e+00
     88.000     87.071    -1.4116  27.070117    -1.4114  27.069700     6.0632     6.3544     0.8428    94.1096 1.0000e-12  -74.08054 -111.67570  25.416420      98.42 4.8842e+01    340.731       8179  1027.6933  1027.6927    33.8926    33.8918    8.38012         34 0.0000e+00
     89.000     88.060    -1.4119  27.070826    -1.4117  27.070486     6.0617     6.3471     0.9187    94.1588 1.0000e-12  -74.08054 -111.67570  25.416437      99.94 4.8989e+01    342.143       8212  1027.6986  1027.6981    33.8932    33.8926    8.38014         33 0.0000e+00
     90.000     89.049    -1.4119  27.071434    -1.4118  27.071070     6.0649     6.3475     0.9276    94.1466 1.0000e-12  -74.08054 -111.67569  25.416453      99.92 4.9257e+01    343.519       8245  1027.7036  1027.7031    33.8935    33.8928    8.38014         34 0.0000e+00
     91.000     90.039    -1.4120  27.071881    -1.4119  27.071510     6.0704     6.3494     0.8308    94.2829 1.0000e-12  -74.08054 -111.67569  25.416469      99.92 4.8759e+01    344.951       8280  1027.7085  1027.7079    33.8936    33.8929    8.38016         35 0.0000e+00
     92.000     91.028    -1.4121  27.072266    -1.4119  27.071959     6.0707     6.3547     0.8774    94.4807 1.0000e-12  -74.08054 -111.67569  25.416486      99.91 4.8935e+01    346.388       8314  1027.7132  1027.7127    33.8935    33.8929    8.38017         33 0.0000e+00
     93.000     92.017    -1.4120  27.072723    -1.4119  27.072381     6.0709     6.3542     0.8940    94.7333 1.0000e-12  -74.08054 -111.67569  25.416502      99.93 4.9258e+01    347.773       8348  1027.7179  1027.7175    33.8934    33.8929    8.38015         34 0.0000e+00
     94.000     93.007    -1.4124  27.073177    -1.4121  27.072828     6.0677     6.3642     1.0522    94.3732 1.0000e-12  -74.08054 -111.67569  25.416519      99.92 4.8671e+01    349.239       8383  1027.7231  1027.7224    33.8939    33.8931    8.38022         36 0.0000e+00
     95.000     93.995    -1.4124  27.073631    -1.4121  27.073335     6.0745     6.3653     1.0240    94.3941 1.0000e-12  -74.08054 -111.67569  25.416536      99.92 4.8961e+01    350.721       8418  1027.7278  1027.7273    33.8939    33.8931    8.38021         35 0.0000e+00
     96.000     94.983    -1.4132  27.073599    -1.4131  27.073222     6.0831     6.3714     0.9137    94.6002 1.0000e-12  -74.08054 -111.67569  25.416553      99.93 4.9311e+01    352.169       8453  1027.7329  1027.7324    33.8941    33.8935    8.38039         35 0.0000e+00
     97.000     95.974    -1.4139  27.073491    -1.4138  27.073083     6.0895     6.3775     1.1837    94.7895 1.0000e-12  -74.08054 -111.67569  25.416570      96.85 4.9199e+01    353.621       8488  1027.7378  1027.7372    33.8941    33.8935    8.38054         34 0.0000e+00
     98.000     96.963    -1.4154  27.072925    -1.4152  27.072576     6.0933     6.3768     0.9323    94.5697 1.0000e-12  -74.08054 -111.67570  25.416586      99.83 4.9356e+01    355.069       8523  1027.7429  1027.7423    33.8944    33.8938    8.38086         30 0.0000e+00
     99.000     97.953    -1.4144  27.074168    -1.4137  27.074079     6.1171     6.4079     0.9815    94.6178 1.0000e-12  -74.08054 -111.67569  25.416604      99.93 4.9361e+01    356.559       8558  1027.7476  1027.7468    33.8944    33.8935    8.38064         37 0.0000e+00
    100.000     98.941    -1.4162  27.075659    -1.4158  27.075211     6.1596     6.4360     1.0075    94.6739 1.0000e-12  -74.08054 -111.67568  25.416623      99.93 4.9092e+01    358.212       8598  1027.7553  1027.7544    33.8979    33.8968    8.38084         40 0.0000e+00
    101.000     99.931    -1.4159  27.079418    -1.4156  27.079049     6.1863     6.4685     1.1696    94.8310 1.0000e-12  -74.08054 -111.67568  25.416642      99.92 4.8988e+01    359.848       8637  1027.7635  1027.7627    33.9021    33.9012    8.38052         38 0.0000e+00
    102.000    100.919    -1.4168  27.080161    -1.4164  27.079741     6.2233     6.5103     1.2943    94.8487 1.0000e-12  -74.08054 -111.67568  25.416661      99.91 4.8833e+01    361.511       8677  1027.7694  1027.7687    33.9035    33.9025    8.38063         40 0.0000e+00
    103.000    101.909    -1.4197  27.079870    -1.4198  27.079243     6.2631     6.5525     1.2973    94.5500 1.0000e-12  -74.08054 -111.67568  25.416681      99.92 4.9365e+01    363.209       8718  1027.7762  1027.7757    33.9057    33.9050    8.38115         38 0.0000e+00
    104.000    102.899    -1.4221  27.079351    -1.4218  27.078932     6.3017     6.5897     1.5258    94.4357 1.0000e-12  -74.08054 -111.67567  25.416700      99.92 4.9361e+01    364.871       8758  1027.7823  1027.7816    33.9072    33.9062    8.38161         40 0.0000e+00
    105.000    103.888    -1.4221  27.080526    -1.4218  27.080111     6.3230     6.6096     1.6027    94.1295 1.0000e-12  -74.08054 -111.67566  25.416719      96.71 4.9125e+01    366.528       8798  1027.7879  1027.7871    33.9082    33.9072    8.38156         35 0.0000e+00
    106.000    104.877    -1.4229  27.080818    -1.4224  27.080471     6.3309     6.6248     1.6536    93.5322 1.0000e-12  -74.08054 -111.67566  25.416738      99.97 4.9268e+01    368.141       8836  1027.7932  1027.7925    33.9088    33.9078    8.38169         37 0.0000e+00
    107.000    105.865    -1.4235  27.081157    -1.4233  27.080768     6.3211     6.6154     1.9446    93.8865 1.0000e-12  -74.08054 -111.67566  25.416757      99.90 4.8658e+01    369.774       8876  1027.7986  1027.7978    33.9094    33.9086    8.38180         38 0.0000e+00
    108.000    106.854    -1.4272  27.080255    -1.4271  27.079816     6.2545     6.5657     2.0419    93.9319 1.0000e-12  -74.08054 -111.67566  25.416774      99.90 4.9379e+01    371.267       8911  1027.8054  1027.8048    33.9117    33.9109    8.38249         30 0.0000e+00
    109.000    107.844    -1.4314  27.078831    -1.4311  27.078469     6.1681     6.4789     1.8062    93.7550 1.0000e-12  -74.08054 -111.67566  25.416788      99.90 4.9361e+01    372.483       8941  1027.8122  1027.8115    33.9139    33.9131    8.38330         30 0.0000e+00
    110.000    108.832    -1.4311  27.080584    -1.4306  27.080277     6.0711     6.3911     1.8451    93.5600 1.0000e-12  -74.08054 -111.67566  25.416802      99.90 4.9361e+01    373.713       8970  1027.8181  1027.8173    33.9153    33.9144    8.38315         29 0.0000e+00
    111.000    109.821    -1.4244  27.087853    -1.4241  27.087408     6.0257     6.3395     1.5811    93.0294 1.0000e-12  -74.08054 -111.67566  25.416817      99.91 4.9361e+01    374.962       9000  1027.8239  1027.8231    33.9171    33.9161    8.38153         30 0.0000e+00
    112.000    110.812    -1.4191  27.095038    -1.4185  27.094975     5.9780     6.2842     1.2970    93.6576 1.0000e-12  -74.08054 -111.67566  25.416831      99.91 4.9361e+01    376.222       9030  1027.8310  1027.8304    33.9204    33.9196    8.38015         31 0.0000e+00
    113.000    111.800    -1.4182  27.097284    -1.4180  27.096852     5.9150     6.2229     1.1700    93.8827 1.0000e-12  -74.08054 -111.67566  25.416846      99.92 4.9361e+01    377.466       9060  1027.8369  1027.8363    33.9218    33.9210    8.37986         29 0.0000e+00
    114.000    112.790    -1.4146  27.102079    -1.4141  27.101665     5.9137     6.2122     0.9663    93.5050 1.0000e-12  -74.08054 -111.67566  25.416860      99.82 4.9361e+01    378.701       9090  1027.8431  1027.8422    33.9237    33.9226    8.37894         30 0.0000e+00
    115.000    113.778    -1.4140  27.103872    -1.4133  27.103808     5.9433     6.2399     0.6222    93.4586 1.0000e-12  -74.08054 -111.67566  25.416874      96.65 5.0124e+01    379.936       9119  1027.8488  1027.8481    33.9248    33.9240    8.37873         30 0.0000e+00
    116.000    114.768    -1.4211  27.099478    -1.4209  27.099151     5.9668     6.2523     0.4808    94.3257 1.0000e-12  -74.08054 -111.67566  25.416889      99.93 4.9244e+01    381.187       9149  1027.8553  1027.8547    33.9263    33.9256    8.38025         30 0.0000e+00
    117.000    115.757    -1.4236  27.098544    -1.4234  27.098068     5.9540     6.2412     0.3888    94.3339 1.0000e-12  -74.08054 -111.67566  25.416903      99.93 5.0042e+01    382.456       9180  1027.8610  1027.8602    33.9272    33.9263    8.38076         31 0.0000e+00
