ocean_section_plots/required_files/ctd/dnbp2202_ctd067.cnv
* Sea-Bird SBE 9 Data File:
* FileName = D:\Data\raw\NBP2202_CTD067.hex
* Software Version Seasave V 7.26.7.121
* Temperature SN = 1649
* Conductivity SN = 2513
* Number of Bytes Per Scan = 40
* Number of Voltage Words = 5
* Number of Scans Averaged by the Deck Unit = 1
* NMEA Latitude = 74 10.18 S
* NMEA Longitude = 112 12.72 W
* NMEA UTC (Time) = Jan 25 2022  23:17:52
* NMEA baud rate = 9600
** Ship: RVIB N.B. Palmer
** Cruise: NBP2202 Thwaites
** Station: 48
** Operator: A. Robinson
** N-S Transect Line
# nquan = 25
# nvalues = 822                         
# units = specified
# name 0 = prDM: Pressure, Digiquartz [db]
# name 1 = depSM: Depth [salt water, m]
# name 2 = t090C: Temperature [ITS-90, deg C]
# name 3 = c0mS/cm: Conductivity [mS/cm]
# name 4 = t190C: Temperature, 2 [ITS-90, deg C]
# name 5 = c1mS/cm: Conductivity, 2 [mS/cm]
# name 6 = sbeox0ML/L: Oxygen, SBE 43 [ml/l]
# name 7 = sbeox1ML/L: Oxygen, SBE 43, 2 [ml/l]
# name 8 = flECO-AFL: Fluorescence, WET Labs ECO-AFL/FL [mg/m^3]
# name 9 = CStarTr0: Beam Transmission, WET Labs C-Star [%]
# name 10 = par: PAR/Irradiance, Biospherical/Licor
# name 11 = latitude: Latitude [deg]
# name 12 = longitude: Longitude [deg]
# name 13 = timeJ: Julian Days
# name 14 = altM: Altimeter [m]
# name 15 = spar: SPAR, Biospherical/Licor
# name 16 = timeS: Time, Elapsed [seconds]
# name 17 = scan: Scan Count
# name 18 = density00: Density [density, kg/m^3]
# name 19 = density11: Density, 2 [density, kg/m^3]
# name 20 = sal00: Salinity, Practical [PSU]
# name 21 = sal11: Salinity, Practical, 2 [PSU]
# name 22 = oxsolML/L: Oxygen Saturation, Garcia & Gordon [ml/l]
# name 23 = nbin: number of scans per bin
# name 24 = flag: flag
# span 0 =      2.000,    823.000       
# span 1 =      1.982,    812.871       
# span 2 =    -1.5695,     0.5363       
# span 3 =  26.980748,  29.531147       
# span 4 =    -1.5708,     0.5387       
# span 5 =  26.980353,  29.530927       
# span 6 =     4.4372,     9.4191       
# span 7 =     4.7142,     9.7168       
# span 8 =    -0.0123,    29.5424       
# span 9 =    59.0342,    95.4530       
# span 10 = 1.0000e-12, 3.7632e+02      
# span 11 =  -74.16972,  -74.16970      
# span 12 = -112.21208, -112.21198      
# span 13 =  25.973403,  25.987031      
# span 14 =       4.24,     119.79      
# span 15 = 8.9450e+02, 1.1953e+03      
# span 16 =    229.992,   1407.471      
# span 17 =       5521,      33780      
# span 18 =  1027.1847,  1031.5951      
# span 19 =  1027.1872,  1031.5929      
# span 20 =    33.8143,    34.5577      
# span 21 =    33.8167,    34.5553      
# span 22 =    7.92388,    8.41372      
# span 23 =          6,         50      
# span 24 = 0.0000e+00, 0.0000e+00      
# interval = decibars: 1                
# start_time = Jan 25 2022 23:17:52 [NMEA time, header]
# bad_flag = -9.990e-29
*END*
[from data line 58]
     60.000     59.371    -0.6967  27.606924    -0.6978  27.606381     9.2541     9.6353    29.4208    60.4684 1.0000e-12  -74.16972 -112.21203  25.975157      99.99 9.5454e+02    381.604       9160  1027.4862  1027.4867    33.8361    33.8366    8.22517         43 0.0000e+00
     61.000     60.360    -0.7030  27.602614    -0.7035  27.602681     9.2506     9.6272    29.4208    60.3499 1.0000e-12  -74.16972 -112.21203  25.975181      99.99 9.5405e+02    383.597       9207  1027.4917  1027.4923    33.8366    33.8373    8.22649         44 0.0000e+00
     62.000     61.348    -0.7075  27.599571    -0.7081  27.599545     9.2554     9.6177    29.4208    59.4180 1.0000e-12  -74.16972 -112.21203  25.975203      99.99 9.5643e+02    385.527       9254  1027.4970  1027.4975    33.8370    33.8376    8.22746         37 0.0000e+00
     63.000     62.339    -0.7106  27.597706    -0.7106  27.598044     9.2481     9.6225    29.4208    59.7736 1.0000e-12  -74.16972 -112.21203  25.975225      99.92 9.5603e+02    387.476       9300  1027.5022  1027.5025    33.8373    33.8377    8.22812         43 0.0000e+00
     64.000     63.327    -0.7121  27.596987    -0.7124  27.597178     9.2407     9.6214    29.4208    60.2724 1.0000e-12  -74.16972 -112.21204  25.975249      99.68 9.5494e+02    389.546       9350  1027.5070  1027.5075    33.8374    33.8380    8.22844         41 0.0000e+00
     65.000     64.317    -0.7150  27.595326    -0.7155  27.595222     9.2462     9.6180    29.4208    59.5207 1.0000e-12  -74.16972 -112.21204  25.975272      99.98 9.5850e+02    391.469       9396  1027.5122  1027.5126    33.8378    33.8382    8.22904         41 0.0000e+00
     66.000     65.307    -0.7180  27.593537    -0.7182  27.593696     9.2356     9.6184    29.4208    59.4597 1.0000e-12  -74.16972 -112.21204  25.975295      99.99 9.5684e+02    393.485       9445  1027.5174  1027.5177    33.8381    33.8385    8.22968         43 0.0000e+00
     67.000     66.296    -0.7202  27.592343    -0.7199  27.592824     9.2322     9.6158    29.4208    59.5772 1.0000e-12  -74.16972 -112.21204  25.975319      99.99 9.5620e+02    395.565       9495  1027.5224  1027.5227    33.8383    33.8387    8.23014         36 0.0000e+00
     68.000     67.286    -0.7229  27.590683    -0.7236  27.590357     9.2396     9.6075    29.4208    59.4471 1.0000e-12  -74.16972 -112.21204  25.975341      99.99 9.6100e+02    397.443       9540  1027.5275  1027.5278    33.8385    33.8389    8.23073         35 0.0000e+00
     69.000     68.275    -0.7242  27.590205    -0.7249  27.589822     9.2364     9.6019    29.4208    59.5146 1.0000e-12  -74.16972 -112.21204  25.975363      99.99 9.5961e+02    399.354       9585  1027.5325  1027.5327    33.8387    33.8390    8.23100         43 0.0000e+00
     70.000     69.264    -0.7254  27.589706    -0.7261  27.589506     9.2203     9.5943    29.4208    60.3057 1.0000e-12  -74.16972 -112.21204  25.975386      99.94 9.6011e+02    401.345       9633  1027.5373  1027.5377    33.8388    33.8392    8.23126         45 0.0000e+00
     71.000     70.252    -0.7296  27.587071    -0.7301  27.586956     9.2153     9.5886    29.4208    60.2091 1.0000e-12  -74.16972 -112.21204  25.975408      99.96 9.6142e+02    403.214       9678  1027.5427  1027.5431    33.8393    33.8397    8.23214         42 0.0000e+00
     72.000     71.243    -0.7330  27.584900    -0.7337  27.584659     9.2036     9.5776    29.4208    59.0342 1.0000e-12  -74.16972 -112.21204  25.975430      99.99 9.6352e+02    405.161       9725  1027.5479  1027.5483    33.8395    33.8400    8.23287         40 0.0000e+00
     73.000     72.232    -0.7439  27.577199    -0.7456  27.576472     9.1673     9.5438    29.4208    59.6347 1.0000e-12  -74.16972 -112.21204  25.975456      99.99 9.6251e+02    407.379       9778  1027.5543  1027.5551    33.8408    33.8416    8.23519         40 0.0000e+00
     74.000     73.221    -0.7608  27.564514    -0.7639  27.562591     9.1345     9.5130    29.4208    59.9427 1.0000e-12  -74.16972 -112.21204  25.975478      99.99 9.6426e+02    409.314       9825  1027.5611  1027.5619    33.8420    33.8428    8.23881         42 0.0000e+00
     75.000     74.210    -0.7798  27.550307    -0.7800  27.550647     9.1134     9.4885    29.4208    60.1500 1.0000e-12  -74.16972 -112.21203  25.975500      99.99 9.6468e+02    411.226       9870  1027.5681  1027.5686    33.8434    33.8441    8.24287         34 0.0000e+00
     76.000     75.200    -0.7860  27.545873    -0.7869  27.545699     9.0916     9.4746    29.4208    59.4429 1.0000e-12  -74.16972 -112.21202  25.975524      99.99 9.6259e+02    413.280       9920  1027.5734  1027.5740    33.8438    33.8446    8.24421         39 0.0000e+00
     77.000     76.189    -0.7961  27.538519    -0.7959  27.539195     9.0780     9.4568    29.4208    59.1231 1.0000e-12  -74.16972 -112.21202  25.975549      99.99 9.6225e+02    415.395       9970  1027.5792  1027.5796    33.8445    33.8451    8.24638         43 0.0000e+00
     78.000     77.177    -0.8039  27.532936    -0.8054  27.532327     9.0557     9.4299    29.4208    59.1808 1.0000e-12  -74.16972 -112.21202  25.975572      99.99 9.6454e+02    417.406      10019  1027.5847  1027.5854    33.8451    33.8459    8.24804         41 0.0000e+00
     79.000     78.167    -0.8155  27.524478    -0.8165  27.524024     9.0441     9.4009    29.4208    59.0700 1.0000e-12  -74.16972 -112.21202  25.975594      99.99 9.6364e+02    419.318      10065  1027.5908  1027.5913    33.8460    33.8465    8.25053         45 0.0000e+00
     80.000     79.157    -0.8235  27.518485    -0.8229  27.519367     9.0197     9.3738    29.4208    60.0155 1.0000e-12  -74.16972 -112.21202  25.975616      99.99 9.6387e+02    421.225      10110  1027.5961  1027.5964    33.8463    33.8468    8.25227         46 0.0000e+00
     81.000     80.145    -0.8410  27.505457    -0.8423  27.505299     8.9864     9.3424    29.4208    60.2784 1.0000e-12  -74.16972 -112.21202  25.975639      99.99 9.6607e+02    423.182      10157  1027.6030  1027.6040    33.8477    33.8489    8.25603         40 0.0000e+00
     82.000     81.136    -0.8534  27.496448    -0.8542  27.496216     8.9365     9.2876    29.4208    59.1065 1.0000e-12  -74.16972 -112.21201  25.975663      99.99 9.6465e+02    425.299      10208  1027.6091  1027.6097    33.8487    33.8494    8.25868         42 0.0000e+00
     83.000     82.123    -0.8692  27.484955    -0.8707  27.484828     8.8408     9.2026    29.4208    59.7953 1.0000e-12  -74.16972 -112.21201  25.975685      99.99 9.6448e+02    427.209      10254  1027.6160  1027.6173    33.8503    33.8518    8.26206         38 0.0000e+00
     84.000     83.113    -0.9057  27.458731    -0.9052  27.459661     8.7609     9.1246    29.4208    59.9805 1.0000e-12  -74.16972 -112.21200  25.975708      99.99 9.6718e+02    429.193      10302  1027.6267  1027.6271    33.8551    33.8558    8.26980         43 0.0000e+00
     85.000     84.103    -0.9344  27.437859    -0.9366  27.437598     8.6444     9.0113    29.4208    59.7032 1.0000e-12  -74.16972 -112.21200  25.975732      99.99 9.6532e+02    431.219      10350  1027.6355  1027.6374    33.8584    33.8605    8.27592         44 0.0000e+00
     86.000     85.092    -0.9752  27.407686    -0.9764  27.407863     8.5109     8.8899    29.4208    59.2559 1.0000e-12  -74.16972 -112.21200  25.975754      99.99 9.6500e+02    433.187      10397  1027.6459  1027.6472    33.8627    33.8642    8.28467         35 0.0000e+00
     87.000     86.081    -1.0136  27.379171    -1.0140  27.379834     8.3944     8.7695    29.4208    60.6704 1.0000e-12  -74.16972 -112.21200  25.975777      99.99 9.6897e+02    435.121      10444  1027.6556  1027.6568    33.8665    33.8678    8.29292         42 0.0000e+00
     88.000     87.071    -1.0601  27.344501    -1.0602  27.344990     8.3003     8.6626    29.4215    61.0566 1.0000e-12  -74.16972 -112.21200  25.975799      99.99 9.6700e+02    437.019      10489  1027.6664  1027.6670    33.8710    33.8717    8.30294         43 0.0000e+00
     89.000     88.059    -1.0904  27.322080    -1.0902  27.322770     8.2183     8.5733    29.4226    60.3557 1.0000e-12  -74.16972 -112.21200  25.975822      99.99 9.6653e+02    438.982      10537  1027.6747  1027.6753    33.8740    33.8747    8.30948         42 0.0000e+00
     90.000     89.049    -1.1163  27.302912    -1.1182  27.302075     8.1888     8.5299    29.3965    63.0838 1.0000e-12  -74.16972 -112.21200  25.975845      96.56 9.6994e+02    440.973      10584  1027.6822  1027.6831    33.8764    33.8774    8.31509         44 0.0000e+00
     91.000     90.038    -1.1242  27.297297    -1.1245  27.297373     8.1950     8.5242    28.7558    63.5098 1.0000e-12  -74.16972 -112.21200  25.975867      99.95 9.6848e+02    442.949      10632  1027.6873  1027.6876    33.8770    33.8775    8.31680         38 0.0000e+00
     92.000     91.027    -1.1264  27.296212    -1.1265  27.296465     8.1978     8.5113    27.2512    64.8068 1.0000e-12  -74.16972 -112.21200  25.975890      99.99 9.6702e+02    444.896      10678  1027.6919  1027.6922    33.8774    33.8779    8.31727         42 0.0000e+00
     93.000     92.017    -1.1299  27.294438    -1.1305  27.294153     8.1927     8.5019    26.8961    64.9150 1.0000e-12  -74.16972 -112.21200  25.975913      99.99 9.6912e+02    446.881      10726  1027.6971  1027.6973    33.8782    33.8786    8.31798         40 0.0000e+00
     94.000     93.005    -1.1330  27.292537    -1.1330  27.292731     8.1875     8.4986    28.4135    66.5464 1.0000e-12  -74.16972 -112.21201  25.975936      99.99 9.6754e+02    448.895      10774  1027.7019  1027.7021    33.8786    33.8789    8.31867         41 0.0000e+00
     95.000     93.997    -1.1335  27.292697    -1.1336  27.292898     8.1837     8.4940    28.4722    66.8372 1.0000e-12  -74.16972 -112.21201  25.975959      99.97 9.6566e+02    450.839      10821  1027.7066  1027.7069    33.8787    33.8791    8.31876         41 0.0000e+00
     96.000     94.985    -1.1368  27.290709    -1.1371  27.290734     8.1544     8.4732    29.1423    67.2460 1.0000e-12  -74.16972 -112.21201  25.975982      99.98 9.6785e+02    452.859      10870  1027.7117  1027.7119    33.8792    33.8794    8.31948         38 0.0000e+00
     97.000     95.974    -1.1416  27.287549    -1.1410  27.288272     8.0656     8.3867    27.6293    66.8208 1.0000e-12  -74.16972 -112.21201  25.976005      99.73 9.6782e+02    454.792      10916  1027.7169  1027.7172    33.8796    33.8800    8.32051         39 0.0000e+00
     98.000     96.962    -1.1748  27.263504    -1.1743  27.264155     7.9577     8.2810    27.1716    67.2829 1.0000e-12  -74.16972 -112.21200  25.976026      99.97 9.6579e+02    456.673      10961  1027.7269  1027.7272    33.8836    33.8840    8.32766         45 0.0000e+00
     99.000     97.950    -1.2005  27.244795    -1.2011  27.244568     7.8895     8.2101    25.5305    68.1586 1.0000e-12  -74.16972 -112.21202  25.976050      99.98 9.6737e+02    458.692      11010  1027.7351  1027.7355    33.8864    33.8868    8.33321         43 0.0000e+00
    100.000     98.942    -1.2120  27.236697    -1.2124  27.236748     7.8458     8.1569    24.4685    67.7254 1.0000e-12  -74.16972 -112.21202  25.976072      99.97 9.6824e+02    460.593      11055  1027.7414  1027.7418    33.8877    33.8882    8.33570         42 0.0000e+00
    101.000     99.930    -1.2271  27.226294    -1.2274  27.226417     7.7719     8.0799    21.7970    67.7035 1.0000e-12  -74.16972 -112.21202  25.976094      99.97 9.6653e+02    462.522      11102  1027.7485  1027.7489    33.8899    33.8904    8.33894         44 0.0000e+00
    102.000    100.920    -1.2481  27.211002    -1.2485  27.211091     7.6646     7.9802    21.5809    68.8648 1.0000e-12  -74.16972 -112.21202  25.976116      99.97 9.6839e+02    464.395      11146  1027.7560  1027.7565    33.8921    33.8927    8.34350         34 0.0000e+00
    103.000    101.908    -1.2858  27.183462    -1.2868  27.183316     7.5878     7.8974    20.4927    69.9246 1.0000e-12  -74.16972 -112.21202  25.976137      99.67 9.6957e+02    466.236      11191  1027.7662  1027.7670    33.8963    33.8973    8.35166         42 0.0000e+00
    104.000    102.898    -1.3020  27.171472    -1.3024  27.171556     7.5420     7.8414    18.5379    70.1545 1.0000e-12  -74.16972 -112.21202  25.976154      99.98 9.6927e+02    467.678      11225  1027.7726  1027.7730    33.8976    33.8982    8.35522         29 0.0000e+00
    105.000    103.888    -1.3103  27.165583    -1.3109  27.165739     7.4845     7.7937    15.5146    70.9930 1.0000e-12  -74.16972 -112.21202  25.976168      99.98 9.7082e+02    468.903      11255  1027.7781  1027.7789    33.8984    33.8993    8.35704         31 0.0000e+00
    106.000    104.876    -1.3313  27.149965    -1.3266  27.154640     7.4240     7.7350    16.5469    72.0274 1.0000e-12  -74.16972 -112.21202  25.976182      99.99 9.7220e+02    470.164      11285  1027.7852  1027.7858    33.9000    33.9012    8.36163         30 0.0000e+00
    107.000    105.866    -1.3610  27.128507    -1.3608  27.129439     7.3740     7.6695    15.7286    73.7135 1.0000e-12  -74.16972 -112.21202  25.976197      99.97 9.7041e+02    471.394      11314  1027.7944  1027.7952    33.9036    33.9047    8.36809         29 0.0000e+00
    108.000    106.854    -1.3718  27.120590    -1.3723  27.121015     7.2850     7.5886    15.2896    73.7038 1.0000e-12  -74.16972 -112.21202  25.976211      99.82 9.7168e+02    472.644      11344  1027.8000  1027.8010    33.9043    33.9055    8.37047         28 0.0000e+00
    109.000    107.844    -1.3969  27.102149    -1.3962  27.103955     7.1764     7.4893    14.4471    73.8108 1.0000e-12  -74.16972 -112.21203  25.976226      99.70 9.7288e+02    473.886      11374  1027.8079  1027.8092    33.9069    33.9085    8.37597         29 0.0000e+00
    110.000    108.833    -1.4369  27.073470    -1.4410  27.071869     7.1096     7.4245    13.0858    74.9256 1.0000e-12  -74.16972 -112.21202  25.976239      99.73 9.7040e+02    475.064      11403  1027.8190  1027.8213    33.9121    33.9146    8.38465         28 0.0000e+00
    111.000    109.823    -1.4616  27.056668    -1.4585  27.059310     7.0714     7.3746    11.4112    76.0458 1.0000e-12  -74.16972 -112.21204  25.976253      99.59 9.7092e+02    476.253      11431  1027.8282  1027.8281    33.9164    33.9165    8.38996         29 0.0000e+00
    112.000    110.811    -1.4702  27.050568    -1.4699  27.051662     7.0353     7.3375     9.6482    77.1216 1.0000e-12  -74.16972 -112.21204  25.976267      99.40 9.7177e+02    477.491      11461  1027.8335  1027.8344    33.9171    33.9182    8.39185         30 0.0000e+00
    113.000    111.800    -1.4865  27.039151    -1.4853  27.040675     7.0248     7.3112     8.4881    77.9819 1.0000e-12  -74.16972 -112.21204  25.976281      99.39 9.7007e+02    478.708      11490  1027.8405  1027.8411    33.9192    33.9201    8.39540         29 0.0000e+00
    114.000    112.789    -1.4951  27.033391    -1.4959  27.033466     7.0176     7.2900     8.3890    78.7889 1.0000e-12  -74.16972 -112.21204  25.976295      96.31 9.7034e+02    479.927      11519  1027.8464  1027.8472    33.9205    33.9215    8.39727         30 0.0000e+00
    115.000    113.778    -1.4982  27.031824    -1.4980  27.032333     7.0002     7.2672     7.1960    79.9010 1.0000e-12  -74.16972 -112.21204  25.976310      99.46 9.7118e+02    481.208      11550  1027.8514  1027.8518    33.9212    33.9216    8.39793         31 0.0000e+00
    116.000    114.767    -1.5067  27.025856    -1.5072  27.026066     6.9659     7.2358     7.8468    82.0393 1.0000e-12  -74.16972 -112.21204  25.976325      99.46 9.6913e+02    482.455      11580  1027.8570  1027.8577    33.9220    33.9228    8.39981         26 0.0000e+00
