ocean_section_plots/required_files/ctd/dnbp2202_ctd039.cnv
* Sea-Bird SBE 9 Data File:
* FileName = D:\Data\raw\NBP2202_CTD039.hex
* Software Version Seasave V 7.26.7.121
* Temperature SN = 1649
* Conductivity SN = 2513
* Number of Bytes Per Scan = 40
* Number of Voltage Words = 5
* Number of Scans Averaged by the Deck Unit = 1
* NMEA Latitude = 74 08.81 S
* NMEA Longitude = 113 21.16 W
* NMEA UTC (Time) = Jan 22 2022  15:51:45
* NMEA baud rate = 9600
** Ship: RVIB N.B. Palmer
** Cruise: NBP2202 Thwaites
** Station: Tow-Yo #2
** Operator: A. Robinson
# nquan = 25
# nvalues = 421                         
# units = specified
# name 0 = prDM: Pressure, Digiquartz [db]
# name 1 = depSM: Depth [salt water, m]
# name 2 = t090C: Temperature [ITS-90, deg C]
# name 3 = c0mS/cm: Conductivity [mS/cm]
# name 4 = t190C: Temperature, 2 [ITS-90, deg C]
# name 5 = c1mS/cm: Conductivity, 2 [mS/cm]
# name 6 = sbeox0ML/L: Oxygen, SBE 43 [ml/l]
# name 7 = sbeox1ML/L: Oxygen, SBE 43, 2 [ml/l]
# name 8 = flECO-AFL: Fluorescence, WET Labs ECO-AFL/FL [mg/m^3]
# name 9 = CStarTr0: Beam Transmission, WET Labs C-Star [%]
# name 10 = par: PAR/Irradiance, Biospherical/Licor
# name 11 = latitude: Latitude [deg]
# name 12 = longitude: Longitude [deg]
# name 13 = timeJ: Julian Days
# name 14 = altM: Altimeter [m]
# name 15 = spar: SPAR, Biospherical/Licor
# name 16 = timeS: Time, Elapsed [seconds]
# name 17 = scan: Scan Count
# name 18 = density00: Density [density, kg/m^3]
# name 19 = density11: Density, 2 [density, kg/m^3]
# name 20 = sal00: Salinity, Practical [PSU]
# name 21 = sal11: Salinity, Practical, 2 [PSU]
# name 22 = oxsolML/L: Oxygen Saturation, Garcia & Gordon [ml/l]
# name 23 = nbin: number of scans per bin
# name 24 = flag: flag
# span 0 =     10.000,    430.000       
# span 1 =      9.898,    425.115       
# span 2 =    -1.4620,    -0.2532       
# span 3 =  26.991328,  28.456533       
# span 4 =    -1.4606,    -0.2510       
# span 5 =  26.991049,  28.456280       
# span 6 =     4.8068,     8.4324       
# span 7 =     5.0715,     8.7420       
# span 8 =    -0.0211,    18.7831       
# span 9 =    73.1663,    97.3224       
# span 10 = -2.635e-04, 2.4690e+01      
# span 11 =  -74.14698,  -74.14688      
# span 12 = -113.35212, -113.33748      
# span 13 =  22.661230,  22.669073      
# span 14 =      17.03,     100.09      
# span 15 = 1.5616e+03, 2.3803e+03      
# span 16 =     25.303,    702.870      
# span 17 =        608,      16870      
# span 18 =  1027.2151,  1029.5616      
# span 19 =  1027.2133,  1029.5592      
# span 20 =    33.7806,    34.2547      
# span 21 =    33.7786,    34.2519      
# span 22 =    8.10562,    8.39410      
# span 23 =         15,         48      
# span 24 = 0.0000e+00, 0.0000e+00      
# interval = decibars: 1                
# start_time = Jan 22 2022 15:51:45 [NMEA time, header]
# bad_flag = -9.990e-29
*END*
[from data line 232]
    242.000    239.353    -0.7266  27.859144    -0.7225  27.860198     5.0590     5.3339    -0.0175    97.0802 1.0000e-12  -74.14698 -113.34576  22.664585      99.86 2.0450e+03    315.141       7564  1028.5684  1028.5656    34.0988    34.0955    8.21643         31 0.0000e+00
    243.000    240.344    -0.7156  27.871273    -0.7110  27.872636     5.0429     5.3206    -0.0090    97.0892 1.0000e-12  -74.14698 -113.34574  22.664600      99.86 2.0472e+03    316.431       7595  1028.5751  1028.5722    34.1021    34.0988    8.21384         31 0.0000e+00
    244.000    241.333    -0.7059  27.881646    -0.7009  27.883873     5.0331     5.3152    -0.0139    97.0910 1.0000e-12  -74.14698 -113.34571  22.664613      93.74 2.0508e+03    317.597       7623  1028.5814  1028.5789    34.1046    34.1019    8.21160         25 0.0000e+00
    245.000    242.322    -0.6874  27.901320    -0.6832  27.902295     5.0301     5.3093    -0.0150    97.0825 1.0000e-12  -74.14698 -113.34569  22.664627      99.87 2.0578e+03    318.750       7651  1028.5889  1028.5860    34.1096    34.1063    8.20727         31 0.0000e+00
    246.000    243.309    -0.6807  27.908713    -0.6778  27.908631     5.0241     5.3051    -0.0184    97.0738 1.0000e-12  -74.14698 -113.34567  22.664642      99.86 2.0646e+03    320.050       7682  1028.5949  1028.5921    34.1115    34.1081    8.20572         32 0.0000e+00
    247.000    244.298    -0.6739  27.916397    -0.6717  27.915774     5.0286     5.2999    -0.0146    97.0617 1.0000e-12  -74.14698 -113.34562  22.664658      99.86 2.0651e+03    321.412       7715  1028.6011  1028.5983    34.1136    34.1103    8.20412         33 0.0000e+00
    248.000    245.286    -0.6707  27.920280    -0.6684  27.919750     5.0255     5.2955    -0.0191    97.0467 1.0000e-12  -74.14698 -113.34561  22.664673      99.87 2.0620e+03    322.740       7747  1028.6066  1028.6038    34.1146    34.1113    8.20336         32 0.0000e+00
    249.000    246.276    -0.6647  27.927210    -0.6629  27.926050     5.0229     5.2988    -0.0084    97.0271 1.0000e-12  -74.14698 -113.34559  22.664688      99.87 2.0553e+03    324.063       7779  1028.6127  1028.6097    34.1166    34.1130    8.20195         31 0.0000e+00
    250.000    247.263    -0.6576  27.935057    -0.6557  27.934198     5.0158     5.2913    -0.0145    97.0176 1.0000e-12  -74.14698 -113.34554  22.664703      99.86 2.0465e+03    325.330       7809  1028.6187  1028.6160    34.1186    34.1152    8.20030         28 0.0000e+00
    251.000    248.251    -0.6551  27.937965    -0.6527  27.937634     5.0132     5.2889    -0.0150    97.0355 1.0000e-12  -74.14698 -113.34553  22.664716      99.86 2.0390e+03    326.486       7837  1028.6238  1028.6211    34.1190    34.1158    8.19972         30 0.0000e+00
    252.000    249.241    -0.6534  27.940105    -0.6512  27.939529     5.0206     5.2904    -0.0150    97.0194 1.0000e-12  -74.14698 -113.34550  22.664731      99.87 2.0321e+03    327.783       7868  1028.6289  1028.6262    34.1193    34.1161    8.19933         32 0.0000e+00
    253.000    250.229    -0.6529  27.941093    -0.6505  27.940616     5.0193     5.2913    -0.0084    97.0061 1.0000e-12  -74.14698 -113.34547  22.664747      79.38 2.0287e+03    329.159       7901  1028.6339  1028.6311    34.1195    34.1162    8.19921         29 0.0000e+00
    254.000    251.217    -0.6518  27.942519    -0.6498  27.941738     5.0115     5.2828    -0.0053    97.0178 1.0000e-12  -74.14698 -113.34543  22.664762      95.59 2.0279e+03    330.468       7932  1028.6388  1028.6360    34.1197    34.1164    8.19898         31 0.0000e+00
    255.000    252.207    -0.6463  27.948774    -0.6443  27.948056     5.0117     5.2864    -0.0114    97.0013 1.0000e-12  -74.14698 -113.34541  22.664778      99.88 2.0342e+03    331.812       7964  1028.6446  1028.6418    34.1213    34.1180    8.19770         32 0.0000e+00
    256.000    253.193    -0.6421  27.953546    -0.6398  27.953199     5.0074     5.2808    -0.0078    97.0314 1.0000e-12  -74.14698 -113.34538  22.664794      99.86 2.0461e+03    333.232       7999  1028.6500  1028.6474    34.1224    34.1192    8.19672         29 0.0000e+00
    257.000    254.182    -0.6415  27.954571    -0.6391  27.954299     5.0087     5.2842    -0.0176    97.0238 1.0000e-12  -74.14698 -113.34535  22.664810      99.87 2.0540e+03    334.568       8031  1028.6549  1028.6523    34.1225    34.1193    8.19658         32 0.0000e+00
    258.000    255.171    -0.6405  27.956155    -0.6386  27.955383     5.0077     5.2825    -0.0132    97.0055 1.0000e-12  -74.14698 -113.34533  22.664825      99.87 2.0609e+03    335.855       8062  1028.6600  1028.6573    34.1228    34.1196    8.19634         31 0.0000e+00
    259.000    256.158    -0.6404  27.956690    -0.6384  27.955988     5.0025     5.2735    -0.0137    97.0163 1.0000e-12  -74.14698 -113.34530  22.664840      99.86 2.0671e+03    337.145       8092  1028.6649  1028.6622    34.1229    34.1197    8.19632         28 0.0000e+00
    260.000    257.148    -0.6371  27.960758    -0.6342  27.960763     5.0002     5.2663    -0.0138    97.0028 1.0000e-12  -74.14698 -113.34527  22.664853      99.87 2.0694e+03    338.332       8121  1028.6703  1028.6676    34.1240    34.1207    8.19553         31 0.0000e+00
    261.000    258.136    -0.6324  27.966151    -0.6302  27.965484     4.9950     5.2644    -0.0145    97.0003 1.0000e-12  -74.14698 -113.34523  22.664868      99.86 2.0698e+03    339.597       8151  1028.6759  1028.6731    34.1254    34.1219    8.19444         31 0.0000e+00
    262.000    259.124    -0.6260  27.973289    -0.6248  27.971680     4.9891     5.2646    -0.0111    97.0162 1.0000e-12  -74.14698 -113.34521  22.664884      99.86 2.0720e+03    340.945       8184  1028.6817  1028.6788    34.1272    34.1236    8.19295         33 0.0000e+00
    263.000    260.113    -0.6215  27.978382    -0.6191  27.978200     4.9898     5.2641    -0.0093    97.0105 1.0000e-12  -74.14698 -113.34518  22.664899      84.91 2.0750e+03    342.294       8216  1028.6872  1028.6846    34.1284    34.1254    8.19191         29 0.0000e+00
    264.000    261.101    -0.6194  27.981227    -0.6176  27.980391     4.9900     5.2597    -0.0187    97.0131 1.0000e-12  -74.14698 -113.34515  22.664915      98.35 2.0802e+03    343.643       8248  1028.6926  1028.6899    34.1292    34.1260    8.19140         34 0.0000e+00
    265.000    262.091    -0.6159  27.985533    -0.6141  27.984576     4.9849     5.2572    -0.0068    97.0053 1.0000e-12  -74.14698 -113.34511  22.664931      99.86 2.0866e+03    345.045       8282  1028.6982  1028.6954    34.1305    34.1271    8.19058         31 0.0000e+00
    266.000    263.078    -0.6116  27.990382    -0.6095  27.989724     4.9856     5.2619    -0.0075    97.0148 1.0000e-12  -74.14698 -113.34508  22.664947      99.86 2.0933e+03    346.416       8315  1028.7036  1028.7009    34.1315    34.1283    8.18958         33 0.0000e+00
    267.000    264.066    -0.6105  27.991962    -0.6088  27.991059     4.9815     5.2532    -0.0125    97.0174 1.0000e-12  -74.14698 -113.34505  22.664963      99.87 2.0966e+03    347.775       8348  1028.7086  1028.7060    34.1318    34.1287    8.18932         32 0.0000e+00
    268.000    265.055    -0.6090  27.993976    -0.6067  27.993654     4.9852     5.2537    -0.0139    97.0177 1.0000e-12  -74.14698 -113.34502  22.664979      99.87 2.0990e+03    349.152       8381  1028.7136  1028.7111    34.1322    34.1292    8.18897         34 0.0000e+00
    269.000    266.044    -0.6075  27.996142    -0.6054  27.995600     4.9807     5.2520     0.0003    97.0166 1.0000e-12  -74.14698 -113.34497  22.664994      99.86 2.0996e+03    350.519       8413  1028.7188  1028.7162    34.1328    34.1297    8.18861         32 0.0000e+00
    270.000    267.031    -0.6033  28.001253    -0.6002  28.001669     4.9764     5.2463    -0.0133    97.0096 1.0000e-12  -74.14698 -113.34495  22.665011      99.87 2.0992e+03    351.927       8447  1028.7247  1028.7220    34.1344    34.1314    8.18762         34 0.0000e+00
    271.000    268.018    -0.5932  28.012400    -0.5916  28.011340     4.9718     5.2525    -0.0138    96.9990 1.0000e-12  -74.14698 -113.34491  22.665027      99.87 2.0979e+03    353.352       8481  1028.7311  1028.7285    34.1373    34.1342    8.18525         30 0.0000e+00
    272.000    269.009    -0.5950  28.010902    -0.5937  28.009655     4.9734     5.2479    -0.0139    97.0110 1.0000e-12  -74.14698 -113.34487  22.665043      79.20 2.1005e+03    354.689       8514  1028.7356  1028.7331    34.1368    34.1337    8.18568         32 0.0000e+00
    273.000    269.997    -0.5972  28.009299    -0.5947  28.009174     4.9795     5.2466    -0.0188    96.9971 1.0000e-12  -74.14698 -113.34485  22.665059      87.38 2.1117e+03    356.062       8546  1028.7404  1028.7378    34.1365    34.1335    8.18617         32 0.0000e+00
    274.000    270.984    -0.5937  28.013502    -0.5915  28.013115     4.9705     5.2385    -0.0140    97.0114 1.0000e-12  -74.14698 -113.34481  22.665076      98.70 2.1327e+03    357.553       8582  1028.7459  1028.7433    34.1377    34.1346    8.18536         29 0.0000e+00
    275.000    271.974    -0.5917  28.015792    -0.5877  28.017009     4.9670     5.2405    -0.0173    97.0004 1.0000e-12  -74.14698 -113.34477  22.665092      99.87 2.1530e+03    358.951       8616  1028.7507  1028.7482    34.1379    34.1350    8.18491         32 0.0000e+00
    276.000    272.961    -0.5850  28.022891    -0.5853  28.019991     4.9713     5.2409    -0.0065    96.9822 1.0000e-12  -74.14698 -113.34475  22.665107      99.87 2.1680e+03    360.279       8648  1028.7561  1028.7533    34.1392    34.1357    8.18337         33 0.0000e+00
    277.000    273.950    -0.5928  28.015337    -0.5908  28.014686     4.9697     5.2423    -0.0142    96.9766 1.0000e-12  -74.14698 -113.34471  22.665122      99.86 2.1774e+03    361.580       8679  1028.7600  1028.7574    34.1373    34.1342    8.18518         29 0.0000e+00
    278.000    274.940    -0.5934  28.015093    -0.5936  28.012255     4.9706     5.2432     0.0107    96.9956 1.0000e-12  -74.14698 -113.34469  22.665137      99.86 2.1808e+03    362.868       8710  1028.7646  1028.7618    34.1370    34.1334    8.18532         31 0.0000e+00
    279.000    275.927    -0.5946  28.014199    -0.5924  28.013881     4.9595     5.2301     0.0276    97.0000 1.0000e-12  -74.14698 -113.34466  22.665153      99.87 2.1800e+03    364.245       8743  1028.7691  1028.7667    34.1366    34.1337    8.18561         33 0.0000e+00
    280.000    276.915    -0.5854  28.024847    -0.5802  28.026579     4.9424     5.2146    -0.0158    97.0015 1.0000e-12  -74.14698 -113.34463  22.665169      99.86 2.1761e+03    365.625       8776  1028.7759  1028.7726    34.1399    34.1363    8.18343         29 0.0000e+00
    281.000    277.904    -0.5670  28.043424    -0.5649  28.042775     4.9408     5.2081    -0.0154    97.0048 1.0000e-12  -74.14698 -113.34459  22.665185      99.86 2.1726e+03    367.014       8809  1028.7822  1028.7795    34.1436    34.1403    8.17924         34 0.0000e+00
    282.000    278.892    -0.5665  28.044347    -0.5647  28.043473     4.9317     5.2083    -0.0137    96.9852 1.0000e-12  -74.14698 -113.34457  22.665202      85.62 2.1686e+03    368.440       8844  1028.7871  1028.7845    34.1436    34.1405    8.17912         32 0.0000e+00
    283.000    279.880    -0.5658  28.045823    -0.5641  28.044751     4.9386     5.2085    -0.0107    96.9836 1.0000e-12  -74.14698 -113.34454  22.665218      65.63 2.1596e+03    369.864       8878  1028.7924  1028.7896    34.1442    34.1409    8.17894         33 0.0000e+00
    284.000    280.868    -0.5587  28.054471    -0.5556  28.054647     4.9410     5.2104    -0.0134    96.9836 1.0000e-12  -74.14698 -113.34451  22.665234      94.71 2.1435e+03    371.207       8910  1028.7992  1028.7964    34.1472    34.1440    8.17724         33 0.0000e+00
    285.000    281.856    -0.5541  28.059848    -0.5520  28.059364     4.9402     5.2147    -0.0154    96.9881 1.0000e-12  -74.14698 -113.34448  22.665250      99.82 2.1169e+03    372.591       8943  1028.8049  1028.8023    34.1487    34.1457    8.17617         34 0.0000e+00
    286.000    282.846    -0.5520  28.062722    -0.5500  28.062200     4.9385     5.2158    -0.0183    96.9812 1.0000e-12  -74.14698 -113.34445  22.665267      99.86 2.0823e+03    374.043       8978  1028.8102  1028.8077    34.1496    34.1466    8.17565         34 0.0000e+00
    287.000    283.832    -0.5529  28.062269    -0.5508  28.061565     4.9433     5.2160    -0.0014    96.9894 1.0000e-12  -74.14698 -113.34440  22.665282      99.87 2.0486e+03    375.369       9010  1028.8150  1028.8123    34.1494    34.1461    8.17586         31 0.0000e+00
    288.000    284.821    -0.5514  28.064371    -0.5495  28.063480     4.9422     5.2132    -0.0024    96.9789 1.0000e-12  -74.14698 -113.34439  22.665297      99.86 2.0189e+03    376.673       9041  1028.8201  1028.8173    34.1499    34.1466    8.17550         32 0.0000e+00
    289.000    285.809    -0.5499  28.066289    -0.5481  28.065586     4.9381     5.2031    -0.0191    96.9764 1.0000e-12  -74.14698 -113.34436  22.665314      99.86 1.9963e+03    378.118       9076  1028.8251  1028.8226    34.1502    34.1472    8.17516         36 0.0000e+00
    290.000    286.798    -0.5497  28.066932    -0.5478  28.066164     4.9353     5.2109    -0.0136    96.9619 1.0000e-12  -74.14698 -113.34433  22.665330      99.87 1.9879e+03    379.521       9110  1028.8299  1028.8273    34.1502    34.1471    8.17512         32 0.0000e+00
    291.000    287.786    -0.5488  28.068519    -0.5467  28.067905     4.9384     5.2117    -0.0135    96.9605 1.0000e-12  -74.14698 -113.34429  22.665345      99.86 1.9896e+03    380.842       9141  1028.8351  1028.8324    34.1507    34.1476    8.17489         30 0.0000e+00
    292.000    288.775    -0.5485  28.069377    -0.5464  28.068760     4.9400     5.2138    -0.0181    96.9680 1.0000e-12  -74.14698 -113.34428  22.665359      79.89 1.9938e+03    382.001       9169  1028.8400  1028.8373    34.1509    34.1478    8.17482         28 0.0000e+00
    293.000    289.762    -0.5469  28.071573    -0.5450  28.070765     4.9410     5.2131    -0.0210    96.9811 1.0000e-12  -74.14698 -113.34424  22.665374      95.95 1.9984e+03    383.279       9200  1028.8452  1028.8424    34.1515    34.1482    8.17445         33 0.0000e+00
    294.000    290.751    -0.5457  28.073665    -0.5435  28.073192     4.9470     5.2128    -0.0128    96.9806 1.0000e-12  -74.14698 -113.34421  22.665390      99.81 2.0009e+03    384.689       9234  1028.8505  1028.8479    34.1523    34.1493    8.17413         35 0.0000e+00
    295.000    291.739    -0.5451  28.074912    -0.5431  28.074246     4.9443     5.2136    -0.0085    96.9736 1.0000e-12  -74.14698 -113.34418  22.665406      53.38 1.9962e+03    386.101       9267  1028.8556  1028.8530    34.1527    34.1497    8.17398         30 0.0000e+00
    296.000    292.727    -0.5411  28.080159    -0.5388  28.079197     4.9393     5.2122     0.0080    96.9662 1.0000e-12  -74.14698 -113.34416  22.665422      74.70 1.9862e+03    387.422       9299  1028.8616  1028.8584    34.1547    34.1508    8.17301         31 0.0000e+00
    297.000    293.716    -0.5328  28.089252    -0.5315  28.087699     4.9401     5.2016     0.0043    96.9579 1.0000e-12  -74.14698 -113.34413  22.665437      99.83 1.9729e+03    388.769       9331  1028.8676  1028.8647    34.1569    34.1534    8.17108         34 0.0000e+00
    298.000    294.703    -0.5302  28.092407    -0.5281  28.091997     4.9387     5.2048    -0.0100    96.9745 1.0000e-12  -74.14698 -113.34410  22.665454      99.87 1.9557e+03    390.185       9365  1028.8729  1028.8704    34.1577    34.1547    8.17049         34 0.0000e+00
