ocean_section_plots/required_files/ctd/dnbp2202_ctd113.cnv
* Sea-Bird SBE 9 Data File:
* FileName = D:\Data\raw\NBP2202_CTD113.hex
* Software Version Seasave V 7.26.7.121
* Temperature SN = 1649
* Conductivity SN = 2513
* Number of Bytes Per Scan = 40
* Number of Voltage Words = 5
* Number of Scans Averaged by the Deck Unit = 1
* NMEA Latitude = 74 10.52 S
* NMEA Longitude = 113 20.65 W
* NMEA UTC (Time) = Jan 27 2022  08:01:34
* NMEA baud rate = 9600
** Ship: RVIB N.B. Palmer
** Cruise: NBP2202 Thwaites
** Station: YoYo001
** Operator: B. Bjork
# nquan = 25
# nvalues = 608                         
# units = specified
# name 0 = prDM: Pressure, Digiquartz [db]
# name 1 = depSM: Depth [salt water, m]
# name 2 = t090C: Temperature [ITS-90, deg C]
# name 3 = c0mS/cm: Conductivity [mS/cm]
# name 4 = t190C: Temperature, 2 [ITS-90, deg C]
# name 5 = c1mS/cm: Conductivity, 2 [mS/cm]
# name 6 = sbeox0ML/L: Oxygen, SBE 43 [ml/l]
# name 7 = sbeox1ML/L: Oxygen, SBE 43, 2 [ml/l]
# name 8 = flECO-AFL: Fluorescence, WET Labs ECO-AFL/FL [mg/m^3]
# name 9 = CStarTr0: Beam Transmission, WET Labs C-Star [%]
# name 10 = par: PAR/Irradiance, Biospherical/Licor
# name 11 = latitude: Latitude [deg]
# name 12 = longitude: Longitude [deg]
# name 13 = timeJ: Julian Days
# name 14 = altM: Altimeter [m]
# name 15 = spar: SPAR, Biospherical/Licor
# name 16 = timeS: Time, Elapsed [seconds]
# name 17 = scan: Scan Count
# name 18 = density00: Density [density, kg/m^3]
# name 19 = density11: Density, 2 [density, kg/m^3]
# name 20 = sal00: Salinity, Practical [PSU]
# name 21 = sal11: Salinity, Practical, 2 [PSU]
# name 22 = oxsolML/L: Oxygen Saturation, Garcia & Gordon [ml/l]
# name 23 = nbin: number of scans per bin
# name 24 = flag: flag
# span 0 =     10.000,    617.000       
# span 1 =      9.895,    609.715       
# span 2 =    -1.4674,     0.1218       
# span 3 =  26.969937,  28.958187       
# span 4 =    -1.4667,     0.1239       
# span 5 =  26.969689,  28.958000       
# span 6 =     4.6760,     8.7451       
# span 7 =     4.7309,     8.8518       
# span 8 =    -0.0224,    26.8223       
# span 9 =    68.9317,    95.5867       
# span 10 = 1.0000e-12, 1.1816e+00      
# span 11 =  -74.17536,  -74.17536      
# span 12 = -113.34426, -113.34424      
# span 13 =  27.334716,  27.342261      
# span 14 =       7.19,      99.99      
# span 15 = 6.1685e+01, 6.3483e+01      
# span 16 =     25.469,    677.367      
# span 17 =        612,      16258      
# span 18 =  1027.2267,  1030.5268      
# span 19 =  1027.2246,  1030.5247      
# span 20 =    33.7902,    34.3895      
# span 21 =    33.7888,    34.3870      
# span 22 =    8.01897,    8.39697      
# span 23 =         12,         47      
# span 24 = 0.0000e+00, 0.0000e+00      
# interval = decibars: 1                
# start_time = Jan 27 2022 08:01:34 [NMEA time, header]
# bad_flag = -9.990e-29
*END*
[from data line 348]
    358.000    353.989    -0.3251  28.344979    -0.3226  28.345032     4.8152     4.8782    -0.0115    95.2081 1.0000e-12  -74.17536 -113.34424  27.338744      99.86 6.1701e+01    373.495       8965  1029.2034  1029.2010    34.2292    34.2264    8.12240         25 0.0000e+00
    359.000    354.975    -0.3196  28.351130    -0.3172  28.351065     4.8128     4.8753    -0.0148    95.1963 1.0000e-12  -74.17536 -113.34424  27.338756      99.86 6.1701e+01    374.533       8990  1029.2091  1029.2066    34.2306    34.2278    8.12115         24 0.0000e+00
    360.000    355.965    -0.3106  28.361348    -0.3082  28.361261     4.8099     4.8737    -0.0184    95.1902 1.0000e-12  -74.17536 -113.34424  27.338768      99.86 6.1701e+01    375.571       9015  1029.2155  1029.2131    34.2335    34.2307    8.11906         26 0.0000e+00
    361.000    356.953    -0.3097  28.362747    -0.3077  28.362275     4.8129     4.8761    -0.0148    95.1998 1.0000e-12  -74.17536 -113.34424  27.338780      99.87 6.1701e+01    376.607       9040  1029.2205  1029.2182    34.2338    34.2309    8.11885         25 0.0000e+00
    362.000    357.939    -0.3094  28.363666    -0.3073  28.363393     4.8129     4.8725    -0.0022    95.1911 1.0000e-12  -74.17536 -113.34424  27.338792      99.87 6.1701e+01    377.645       9064  1029.2256  1029.2232    34.2340    34.2313    8.11876         24 0.0000e+00
    363.000    358.929    -0.3053  28.369497    -0.3029  28.369292     4.8104     4.8727    -0.0182    95.1894 1.0000e-12  -74.17536 -113.34424  27.338804      99.87 6.1701e+01    378.681       9089  1029.2322  1029.2296    34.2367    34.2336    8.11775         23 0.0000e+00
    364.000    359.916    -0.2990  28.376575    -0.2970  28.375937     4.8057     4.8761    -0.0109    95.1927 1.0000e-12  -74.17536 -113.34424  27.338816      99.86 6.1701e+01    379.710       9114  1029.2379  1029.2353    34.2384    34.2353    8.11630         25 0.0000e+00
    365.000    360.904    -0.2928  28.383449    -0.2910  28.382855     4.8072     4.8730    -0.0112    95.1795 1.0000e-12  -74.17536 -113.34424  27.338828      99.86 6.1701e+01    380.737       9139  1029.2436  1029.2412    34.2400    34.2372    8.11489         25 0.0000e+00
    366.000    361.892    -0.2884  28.389066    -0.2863  28.388684     4.8098     4.8707    -0.0176    95.1702 1.0000e-12  -74.17536 -113.34424  27.338840      85.16 6.1701e+01    381.779       9164  1029.2496  1029.2472    34.2419    34.2390    8.11383         25 0.0000e+00
    367.000    362.880    -0.2863  28.392218    -0.2835  28.392746     4.8105     4.8724    -0.0046    95.1752 1.0000e-12  -74.17536 -113.34424  27.338852      96.88 6.1701e+01    382.825       9189  1029.2553  1029.2532    34.2432    34.2407    8.11332         25 0.0000e+00
    368.000    363.867    -0.2849  28.394189    -0.2832  28.393562     4.8168     4.8750    -0.0042    95.1752 1.0000e-12  -74.17536 -113.34424  27.338864      99.87 6.1701e+01    383.874       9214  1029.2604  1029.2582    34.2437    34.2409    8.11300         25 0.0000e+00
    369.000    364.855    -0.2857  28.394286    -0.2835  28.394025     4.8111     4.8770    -0.0086    95.1648 1.0000e-12  -74.17536 -113.34424  27.338876      99.87 6.1701e+01    384.927       9239  1029.2657  1029.2633    34.2441    34.2412    8.11314         25 0.0000e+00
    370.000    365.844    -0.2863  28.394201    -0.2845  28.393713     4.8190     4.8827    -0.0045    95.1453 1.0000e-12  -74.17536 -113.34424  27.338888      99.86 6.1701e+01    385.962       9264  1029.2706  1029.2683    34.2441    34.2413    8.11328         25 0.0000e+00
    371.000    366.830    -0.2872  28.394069    -0.2853  28.393656     4.8252     4.8915    -0.0022    95.1645 1.0000e-12  -74.17536 -113.34424  27.338900      99.86 6.1701e+01    386.993       9289  1029.2757  1029.2734    34.2443    34.2416    8.11345         24 0.0000e+00
    372.000    367.820    -0.2887  28.394071    -0.2868  28.393643     4.8293     4.8930    -0.0078    95.1723 1.0000e-12  -74.17536 -113.34424  27.338912      99.86 6.1701e+01    388.026       9314  1029.2814  1029.2792    34.2453    34.2427    8.11371         25 0.0000e+00
    373.000    368.807    -0.2889  28.394966    -0.2863  28.395370     4.8254     4.8950    -0.0118    95.1753 1.0000e-12  -74.17536 -113.34424  27.338924      99.86 6.1701e+01    389.054       9338  1029.2869  1029.2848    34.2461    34.2438    8.11370         25 0.0000e+00
    374.000    369.795    -0.2838  28.401273    -0.2811  28.401299     4.8186     4.8854    -0.0156    95.1669 1.0000e-12  -74.17536 -113.34424  27.338936      99.86 6.1701e+01    390.088       9363  1029.2929  1029.2903    34.2482    34.2453    8.11250         25 0.0000e+00
    375.000    370.782    -0.2685  28.417487    -0.2657  28.417598     4.8106     4.8747    -0.0153    95.1546 1.0000e-12  -74.17536 -113.34424  27.338948      99.86 6.1701e+01    391.127       9388  1029.2995  1029.2969    34.2521    34.2491    8.10903         25 0.0000e+00
    376.000    371.771    -0.2628  28.423591    -0.2609  28.423090     4.8123     4.8768    -0.0124    95.1617 1.0000e-12  -74.17536 -113.34424  27.338960      99.86 6.1701e+01    392.152       9413  1029.3048  1029.3023    34.2533    34.2504    8.10775         25 0.0000e+00
    377.000    372.758    -0.2621  28.424795    -0.2600  28.424617     4.8122     4.8755    -0.0126    95.1814 1.0000e-12  -74.17536 -113.34424  27.338972      99.86 6.1701e+01    393.187       9437  1029.3098  1029.3075    34.2535    34.2508    8.10759         24 0.0000e+00
    378.000    373.747    -0.2615  28.425884    -0.2597  28.425258     4.8158     4.8680    -0.0160    95.1783 1.0000e-12  -74.17536 -113.34424  27.338984      99.86 6.1701e+01    394.229       9463  1029.3146  1029.3122    34.2536    34.2508    8.10744         25 0.0000e+00
    379.000    374.734    -0.2600  28.427945    -0.2581  28.427392     4.8073     4.8718    -0.0103    95.2043 1.0000e-12  -74.17536 -113.34424  27.338996      87.88 6.1701e+01    395.260       9487  1029.3197  1029.3173    34.2541    34.2512    8.10710         25 0.0000e+00
    380.000    375.723    -0.2564  28.432354    -0.2542  28.432183     4.8015     4.8620    -0.0112    95.1999 1.0000e-12  -74.17536 -113.34424  27.339008      99.88 6.1701e+01    396.297       9512  1029.3252  1029.3229    34.2553    34.2526    8.10626         25 0.0000e+00
    381.000    376.710    -0.2543  28.435193    -0.2522  28.435006     4.7989     4.8667    -0.0124    95.2072 1.0000e-12  -74.17536 -113.34424  27.339020      99.86 6.1701e+01    397.337       9537  1029.3305  1029.3283    34.2562    34.2536    8.10577         25 0.0000e+00
    382.000    377.697    -0.2527  28.437221    -0.2505  28.436966     4.7987     4.8669    -0.0179    95.1969 1.0000e-12  -74.17536 -113.34424  27.339032      99.86 6.1701e+01    398.372       9562  1029.3355  1029.3331    34.2565    34.2537    8.10542         25 0.0000e+00
    383.000    378.687    -0.2531  28.437258    -0.2502  28.437701     4.8011     4.8565    -0.0092    95.2102 1.0000e-12  -74.17536 -113.34424  27.339044      99.86 6.1701e+01    399.411       9587  1029.3402  1029.3379    34.2564    34.2537    8.10550         25 0.0000e+00
    384.000    379.673    -0.2511  28.439417    -0.2484  28.439904     4.8070     4.8567    -0.0028    95.1949 1.0000e-12  -74.17536 -113.34424  27.339056      99.86 6.1701e+01    400.454       9612  1029.3449  1029.3428    34.2565    34.2540    8.10508         25 0.0000e+00
    385.000    380.662    -0.2500  28.441364    -0.2477  28.441193     4.8042     4.8613    -0.0180    95.1958 1.0000e-12  -74.17536 -113.34424  27.339068      99.86 6.1701e+01    401.499       9637  1029.3502  1029.3479    34.2572    34.2544    8.10480         25 0.0000e+00
    386.000    381.648    -0.2490  28.443108    -0.2470  28.442730     4.8031     4.8681    -0.0133    95.1825 1.0000e-12  -74.17536 -113.34424  27.339080      99.86 6.1701e+01    402.535       9662  1029.3554  1029.3530    34.2577    34.2550    8.10455         25 0.0000e+00
    387.000    382.636    -0.2489  28.444330    -0.2469  28.443832     4.8058     4.8695    -0.0176    95.1926 1.0000e-12  -74.17536 -113.34424  27.339092      99.86 6.1701e+01    403.572       9687  1029.3609  1029.3585    34.2587    34.2558    8.10447         25 0.0000e+00
    388.000    383.625    -0.2492  28.444529    -0.2472  28.444183     4.8087     4.8739    -0.0148    95.1937 1.0000e-12  -74.17536 -113.34424  27.339104      99.86 6.1701e+01    404.608       9712  1029.3657  1029.3635    34.2587    34.2560    8.10454         25 0.0000e+00
    389.000    384.613    -0.2492  28.445134    -0.2472  28.444827     4.8095     4.8753    -0.0099    95.2018 1.0000e-12  -74.17536 -113.34424  27.339116      99.86 6.1701e+01    405.639       9736  1029.3706  1029.3684    34.2589    34.2562    8.10453         24 0.0000e+00
    390.000    385.600    -0.2495  28.445625    -0.2480  28.445054     4.8177     4.8728    -0.0157    95.1833 1.0000e-12  -74.17536 -113.34424  27.339128      99.86 6.1701e+01    406.674       9761  1029.3758  1029.3737    34.2593    34.2569    8.10457         25 0.0000e+00
    391.000    386.587    -0.2502  28.445864    -0.2482  28.445521     4.8132     4.8728    -0.0150    95.1691 1.0000e-12  -74.17536 -113.34424  27.339140      87.04 6.1701e+01    407.701       9786  1029.3810  1029.3787    34.2598    34.2571    8.10469         25 0.0000e+00
    392.000    387.575    -0.2505  28.446260    -0.2475  28.446896     4.8112     4.8753    -0.0144    95.1782 1.0000e-12  -74.17536 -113.34424  27.339152      98.43 6.1701e+01    408.727       9810  1029.3859  1029.3838    34.2600    34.2576    8.10473         24 0.0000e+00
    393.000    388.564    -0.2490  28.448503    -0.2463  28.448770     4.8117     4.8753    -0.0142    95.1863 1.0000e-12  -74.17536 -113.34424  27.339164      99.82 6.1701e+01    409.765       9835  1029.3912  1029.3889    34.2608    34.2581    8.10439         26 0.0000e+00
    394.000    389.551    -0.2487  28.449330    -0.2463  28.449383     4.8109     4.8782    -0.0141    95.1804 1.0000e-12  -74.17536 -113.34424  27.339176      99.86 6.1701e+01    410.811       9860  1029.3960  1029.3938    34.2610    34.2583    8.10431         24 0.0000e+00
    395.000    390.539    -0.2440  28.455291    -0.2415  28.455345     4.8107     4.8719    -0.0150    95.1774 1.0000e-12  -74.17536 -113.34424  27.339188      99.87 6.1701e+01    411.859       9886  1029.4020  1029.3997    34.2630    34.2603    8.10319         26 0.0000e+00
    396.000    391.527    -0.2397  28.460492    -0.2379  28.459916     4.8137     4.8713    -0.0113    95.1804 1.0000e-12  -74.17536 -113.34424  27.339200      99.86 6.1701e+01    412.905       9911  1029.4077  1029.4054    34.2645    34.2618    8.10219         25 0.0000e+00
    397.000    392.515    -0.2372  28.463741    -0.2352  28.463427     4.8081     4.8718    -0.0166    95.1965 1.0000e-12  -74.17536 -113.34424  27.339212      99.86 6.1701e+01    413.940       9936  1029.4130  1029.4107    34.2655    34.2628    8.10161         24 0.0000e+00
    398.000    393.502    -0.2355  28.465832    -0.2337  28.465469     4.8063     4.8733    -0.0112    95.2082 1.0000e-12  -74.17536 -113.34424  27.339224      99.86 6.1701e+01    414.962       9960  1029.4179  1029.4157    34.2658    34.2632    8.10124         25 0.0000e+00
    399.000    394.491    -0.2361  28.465856    -0.2342  28.465503     4.8068     4.8740    -0.0197    95.1756 1.0000e-12  -74.17536 -113.34424  27.339236      99.86 6.1701e+01    415.990       9985  1029.4228  1029.4205    34.2658    34.2632    8.10136         25 0.0000e+00
    400.000    395.479    -0.2362  28.466460    -0.2354  28.465014     4.8103     4.8764    -0.0183    95.1773 1.0000e-12  -74.17536 -113.34424  27.339248      99.86 6.1701e+01    417.026      10010  1029.4277  1029.4255    34.2661    34.2633    8.10135         25 0.0000e+00
    401.000    396.464    -0.2375  28.466197    -0.2355  28.465873     4.8102     4.8740    -0.0105    95.1782 1.0000e-12  -74.17536 -113.34424  27.339260      99.86 6.1701e+01    418.058      10034  1029.4331  1029.4308    34.2667    34.2640    8.10161         24 0.0000e+00
    402.000    397.453    -0.2365  28.467493    -0.2345  28.467242     4.8128     4.8760    -0.0171    95.1773 1.0000e-12  -74.17536 -113.34424  27.339272      99.86 6.1701e+01    419.095      10059  1029.4378  1029.4356    34.2667    34.2640    8.10140         25 0.0000e+00
    403.000    398.442    -0.2377  28.466825    -0.2363  28.465956     4.8235     4.8785    -0.0195    95.1659 1.0000e-12  -74.17536 -113.34424  27.339284      99.86 6.1701e+01    420.131      10084  1029.4425  1029.4402    34.2665    34.2638    8.10165         25 0.0000e+00
    404.000    399.428    -0.2411  28.463761    -0.2387  28.464053     4.8186     4.8802    -0.0116    95.1659 1.0000e-12  -74.17536 -113.34424  27.339296      84.74 6.1701e+01    421.159      10109  1029.4469  1029.4449    34.2657    34.2634    8.10242         25 0.0000e+00
    405.000    400.416    -0.2415  28.464215    -0.2391  28.464176     4.8178     4.8802    -0.0098    95.1816 1.0000e-12  -74.17536 -113.34424  27.339308      95.67 6.1701e+01    422.194      10134  1029.4520  1029.4496    34.2662    34.2633    8.10249         24 0.0000e+00
    406.000    401.405    -0.2405  28.465882    -0.2378  28.466003     4.8219     4.8808    -0.0168    95.1674 1.0000e-12  -74.17536 -113.34424  27.339320      99.60 6.1701e+01    423.236      10159  1029.4570  1029.4546    34.2666    34.2638    8.10224         26 0.0000e+00
    407.000    402.392    -0.2416  28.465525    -0.2392  28.465570     4.8209     4.8886    -0.0130    95.1884 1.0000e-12  -74.17536 -113.34424  27.339332      99.86 6.1701e+01    424.279      10184  1029.4620  1029.4598    34.2668    34.2642    8.10247         25 0.0000e+00
    408.000    403.380    -0.2401  28.468536    -0.2376  28.468980     4.8186     4.8834    -0.0138    95.2091 1.0000e-12  -74.17536 -113.34424  27.339344      99.87 6.2332e+01    425.328      10209  1029.4680  1029.4660    34.2684    34.2662    8.10204         25 0.0000e+00
    409.000    404.367    -0.2307  28.480941    -0.2315  28.476955     4.8138     4.8754    -0.0077    95.2092 1.0000e-12  -74.17536 -113.34424  27.339356      99.86 6.2052e+01    426.380      10234  1029.4763  1029.4728    34.2739    34.2694    8.09975         25 0.0000e+00
    410.000    405.355    -0.2183  28.494446    -0.2139  28.496203     4.8116     4.8746    -0.0027    95.2071 1.0000e-12  -74.17536 -113.34424  27.339368      99.86 6.2054e+01    427.424      10259  1029.4827  1029.4803    34.2773    34.2747    8.09691         25 0.0000e+00
    411.000    406.341    -0.2117  28.501314    -0.2105  28.500279     4.8120     4.8791    -0.0053    95.2160 1.0000e-12  -74.17536 -113.34424  27.339380      99.86 6.1919e+01    428.458      10284  1029.4879  1029.4857    34.2785    34.2758    8.09545         24 0.0000e+00
    412.000    407.331    -0.2117  28.501844    -0.2128  28.498691     4.8107     4.8725    -0.0125    95.2140 1.0000e-12  -74.17536 -113.34424  27.339392      99.86 6.1771e+01    429.485      10309  1029.4928  1029.4906    34.2786    34.2756    8.09544         26 0.0000e+00
    413.000    408.318    -0.2130  28.501302    -0.2107  28.501266     4.8030     4.8628    -0.0150    95.2115 1.0000e-12  -74.17536 -113.34424  27.339404      99.86 6.1702e+01    430.506      10333  1029.4978  1029.4955    34.2787    34.2760    8.09572         24 0.0000e+00
    414.000    409.306    -0.2103  28.504127    -0.2078  28.504101     4.8035     4.8642    -0.0104    95.2126 1.0000e-12  -74.17536 -113.34424  27.339416      99.86 6.1701e+01    431.530      10358  1029.5025  1029.5001    34.2788    34.2760    8.09513         24 0.0000e+00
