ocean_section_plots/required_files/ctd/dnbp2202_ctd255.cnv
* Sea-Bird SBE 9 Data File:
* FileName = D:\Data\raw\NBP2202_CTD255.hex
* Software Version Seasave V 7.26.7.121
* Temperature SN = 1649
* Conductivity SN = 2513
* Number of Bytes Per Scan = 40
* Number of Voltage Words = 5
* Number of Scans Averaged by the Deck Unit = 1
* NMEA Latitude = 74 02.54 S
* NMEA Longitude = 117 41.66 W
* NMEA UTC (Time) = Feb 15 2022  19:39:06
* NMEA baud rate = 9600
** Ship: RVIB N.B. Palmer
** Cruise: NBP2202 Thwaites
** Station: 163
** Operator: A. Robinson
# nquan = 28
# nvalues = 729                         
# units = specified
# name 0 = prDM: Pressure, Digiquartz [db]
# name 1 = depSM: Depth [salt water, m]
# name 2 = t090C: Temperature [ITS-90, deg C]
# name 3 = c0mS/cm: Conductivity [mS/cm]
# name 4 = t190C: Temperature, 2 [ITS-90, deg C]
# name 5 = c1mS/cm: Conductivity, 2 [mS/cm]
# name 6 = sbeox0ML/L: Oxygen, SBE 43 [ml/l]
# name 7 = sbeox1ML/L: Oxygen, SBE 43, 2 [ml/l]
# name 8 = flECO-AFL: Fluorescence, WET Labs ECO-AFL/FL [mg/m^3]
# name 9 = CStarTr0: Beam Transmission, WET Labs C-Star [%]
# name 10 = par: PAR/Irradiance, Biospherical/Licor
# name 11 = latitude: Latitude [deg]
# name 12 = longitude: Longitude [deg]
# name 13 = timeJ: Julian Days
# name 14 = altM: Altimeter [m]
# name 15 = spar: SPAR, Biospherical/Licor
# name 16 = timeS: Time, Elapsed [seconds]
# name 17 = scan: Scan Count
# name 18 = density00: Density [density, kg/m^3]
# name 19 = density11: Density, 2 [density, kg/m^3]
# name 20 = v3: Voltage 3
# name 21 = v4: Voltage 4
# name 22 = v5: Voltage 5
# name 23 = sal00: Salinity, Practical [PSU]
# name 24 = sal11: Salinity, Practical, 2 [PSU]
# name 25 = oxsolML/L: Oxygen Saturation, Garcia & Gordon [ml/l]
# name 26 = nbin: number of scans per bin
# name 27 = flag: flag
# span 0 =      2.000,    730.000       
# span 1 =      1.977,    721.174       
# span 2 =    -1.7598,     0.6159       
# span 3 =  27.032825,  29.558431       
# span 4 =    -1.7587,     0.6191       
# span 5 =  27.032548,  29.559394       
# span 6 =     4.6348,     9.0115       
# span 7 =     4.7469,     9.2924       
# span 8 =     0.0545,    12.4199       
# span 9 =    83.6422,    96.1954       
# span 10 = 1.0000e-12, 4.1559e+02      
# span 11 =  -74.04240,  -74.04238      
# span 12 = -117.69440, -117.69436      
# span 13 =  46.821832,  46.832147      
# span 14 =       2.64,      99.99      
# span 15 = 8.7815e+02, 8.8960e+02      
# span 16 =    260.303,   1151.496      
# span 17 =       6248,      27637      
# span 18 =  1027.1785,  1031.1533      
# span 19 =  1027.1771,  1031.1511      
# span 20 =     3.9681,     4.5634      
# span 21 =     0.0743,     1.9417      
# span 22 =     0.1151,     0.2047      
# span 23 =    33.8231,    34.5573      
# span 24 =    33.8214,    34.5544      
# span 25 =    7.90768,    8.44586      
# span 26 =         20,         47      
# span 27 = 0.0000e+00, 0.0000e+00      
# interval = decibars: 1                
# start_time = Feb 15 2022 19:39:06 [NMEA time, header]
# bad_flag = -9.990e-29
*END*
[from data line 674]
    676.000    667.920     0.5359  29.450960     0.5384  29.450453     4.6797     4.7901     0.0808    96.1406 1.0000e-12  -74.04238 -117.69436  46.830922      58.34 8.8724e+02   1045.644      25096  1030.8908  1030.8880     4.5608     0.0807     0.1208    34.5370    34.5336    7.92512         24 0.0000e+00
    677.000    668.904     0.5350  29.450204     0.5376  29.450019     4.6802     4.7902     0.0735    96.1455 1.0000e-12  -74.04238 -117.69436  46.830934      57.31 8.8561e+02   1046.663      25121  1030.8952  1030.8926     4.5610     0.0835     0.1190    34.5364    34.5333    7.92533         25 0.0000e+00
    678.000    669.892     0.5344  29.450072     0.5368  29.449537     4.6870     4.7906     0.0738    96.0345 1.0000e-12  -74.04238 -117.69436  46.830945      56.01 8.8512e+02   1047.677      25145  1030.9000  1030.8971     4.5558     0.0774     0.1174    34.5364    34.5330    7.92547         24 0.0000e+00
    679.000    670.878     0.5352  29.451434     0.5378  29.451153     4.6791     4.7902     0.0683    96.0067 1.0000e-12  -74.04238 -117.69436  46.830957      55.27 8.8679e+02   1048.680      25169  1030.9048  1030.9021     4.5544     0.0763     0.1183    34.5367    34.5334    7.92528         24 0.0000e+00
    680.000    671.864     0.5359  29.452519     0.5382  29.452104     4.6896     4.7836     0.0573    96.1226 1.0000e-12  -74.04238 -117.69436  46.830968      53.93 8.8505e+02   1049.663      25193  1030.9096  1030.9068     4.5599     0.0747     0.1171    34.5368    34.5336    7.92514         23 0.0000e+00
    681.000    672.851     0.5394  29.456691     0.5447  29.459365     4.6599     4.7791     0.0706    96.0507 1.0000e-12  -74.04238 -117.69436  46.830979      52.89 8.8497e+02   1050.619      25216  1030.9146  1030.9122     4.5566     0.0752     0.1202    34.5377    34.5353    7.92436         23 0.0000e+00
    682.000    673.837     0.5449  29.463252     0.5497  29.464950     4.6728     4.7812     0.0602    96.0674 1.0000e-12  -74.04238 -117.69436  46.830991      52.11 8.8685e+02   1051.591      25239  1030.9202  1030.9173     4.5574     0.0761     0.1177    34.5395    34.5363    7.92313         24 0.0000e+00
    683.000    674.823     0.5475  29.466031     0.5512  29.466819     4.6845     4.7855     0.0752    96.1060 1.0000e-12  -74.04238 -117.69436  46.831002      51.13 8.8586e+02   1052.595      25263  1030.9248  1030.9220     4.5591     0.0785     0.1263    34.5397    34.5366    7.92260         24 0.0000e+00
    684.000    675.810     0.5489  29.468081     0.5516  29.467723     4.6730     4.7868     0.6263    96.0478 1.0000e-12  -74.04238 -117.69436  46.831014      50.11 8.8533e+02   1053.613      25288  1030.9298  1030.9269     4.5564     0.0769     0.1192    34.5402    34.5368    7.92228         24 0.0000e+00
    685.000    676.796     0.5501  29.469637     0.5529  29.469567     4.6621     4.7839     0.1766    96.1017 1.0000e-12  -74.04238 -117.69436  46.831026      49.12 8.8712e+02   1054.619      25312  1030.9345  1030.9318     4.5590     0.0760     0.1172    34.5403    34.5371    7.92202         24 0.0000e+00
    686.000    677.782     0.5508  29.470831     0.5533  29.470361     4.6763     4.7793     0.0730    96.1541 1.0000e-12  -74.04238 -117.69436  46.831037      48.22 8.8626e+02   1055.600      25335  1030.9393  1030.9365     4.5614     0.0806     0.1244    34.5405    34.5372    7.92187         23 0.0000e+00
    687.000    678.769     0.5508  29.471519     0.5534  29.470913     4.6726     4.7725     0.0881    96.1374 1.0000e-12  -74.04238 -117.69436  46.831048      47.16 8.8519e+02   1056.562      25358  1030.9443  1030.9412     4.5606     0.0771     0.1203    34.5408    34.5372    7.92185         24 0.0000e+00
    688.000    679.756     0.5541  29.475010     0.5569  29.475041     4.6641     4.7781     0.2478    96.1109 1.0000e-12  -74.04238 -117.69436  46.831060      45.83 8.8700e+02   1057.551      25382  1030.9490  1030.9463     4.5593     0.0758     0.1204    34.5411    34.5381    7.92116         24 0.0000e+00
    689.000    680.742     0.5553  29.476869     0.5579  29.476657     4.6674     4.7785     0.2749    96.0798 1.0000e-12  -74.04238 -117.69436  46.831071      44.88 8.8673e+02   1058.574      25407  1030.9540  1030.9513     4.5580     0.0749     0.1189    34.5416    34.5385    7.92089         25 0.0000e+00
    690.000    681.728     0.5588  29.480923     0.5613  29.480538     4.6730     4.7759     0.1306    96.1345 1.0000e-12  -74.04238 -117.69436  46.831083      43.87 8.8525e+02   1059.610      25432  1030.9590  1030.9562     4.5605     0.0763     0.1181    34.5424    34.5392    7.92013         24 0.0000e+00
    691.000    682.714     0.5625  29.485514     0.5656  29.485573     4.6632     4.7704     0.1801    96.1320 1.0000e-12  -74.04238 -117.69436  46.831095      42.88 8.8759e+02   1060.625      25456  1030.9643  1030.9613     4.5604     0.0764     0.1177    34.5437    34.5403    7.91930         24 0.0000e+00
    692.000    683.701     0.5655  29.488933     0.5683  29.488805     4.6626     4.7736     0.0545    96.0836 1.0000e-12  -74.04238 -117.69436  46.831107      42.06 8.8658e+02   1061.607      25480  1030.9692  1030.9663     4.5581     0.0810     0.1190    34.5443    34.5410    7.91866         24 0.0000e+00
    693.000    684.688     0.5666  29.490399     0.5693  29.490328     4.6591     4.7747     0.0725    96.0740 1.0000e-12  -74.04238 -117.69436  46.831118      40.74 8.8545e+02   1062.562      25502  1030.9739  1030.9712     4.5577     0.0778     0.1196    34.5443    34.5413    7.91843         23 0.0000e+00
    694.000    685.674     0.5696  29.494017     0.5718  29.493450     4.6562     4.7626     0.1435    96.0961 1.0000e-12  -74.04238 -117.69436  46.831129      39.63 8.8672e+02   1063.536      25526  1030.9790  1030.9762     4.5587     0.0743     0.1198    34.5452    34.5420    7.91778         23 0.0000e+00
    695.000    686.660     0.5721  29.497157     0.5746  29.496809     4.6652     4.7651     0.1155    96.1304 1.0000e-12  -74.04238 -117.69436  46.831140      38.52 8.8748e+02   1064.536      25550  1030.9840  1030.9812     4.5603     0.0976     0.1173    34.5459    34.5426    7.91723         24 0.0000e+00
    696.000    687.647     0.5741  29.499684     0.5767  29.499444     4.6595     4.7603     0.1051    96.1506 1.0000e-12  -74.04238 -117.69436  46.831152      37.55 8.8523e+02   1065.536      25574  1030.9889  1030.9861     4.5613     0.1532     0.1246    34.5464    34.5432    7.91679         24 0.0000e+00
    697.000    688.632     0.5745  29.500534     0.5771  29.500358     4.6550     4.7599     0.0932    96.1297 1.0000e-12  -74.04238 -117.69436  46.831164      36.62 8.8608e+02   1066.529      25598  1030.9936  1030.9910     4.5603     0.0774     0.1239    34.5464    34.5433    7.91670         24 0.0000e+00
    698.000    689.619     0.5751  29.501758     0.5778  29.501589     4.6589     4.7691     0.0815    96.0860 1.0000e-12  -74.04238 -117.69436  46.831175      35.58 8.8768e+02   1067.518      25621  1030.9986  1030.9958     4.5582     0.0775     0.1201    34.5468    34.5435    7.91655         24 0.0000e+00
    699.000    690.605     0.5755  29.502382     0.5781  29.502375     4.6594     4.7736     0.0775    96.0678 1.0000e-12  -74.04238 -117.69436  46.831186      34.49 8.8565e+02   1068.512      25645  1031.0032  1031.0006     4.5573     0.0753     0.1166    34.5466    34.5437    7.91649         24 0.0000e+00
    700.000    691.592     0.5758  29.503234     0.5786  29.503211     4.6513     4.7724     0.0711    96.1091 1.0000e-12  -74.04238 -117.69436  46.831198      33.66 8.8607e+02   1069.512      25669  1031.0080  1031.0052     4.5593     0.0800     0.1172    34.5468    34.5437    7.91642         24 0.0000e+00
    701.000    692.579     0.5762  29.504025     0.5790  29.504066     4.6574     4.7665     0.0704    96.1159 1.0000e-12  -74.04238 -117.69436  46.831210      32.70 8.8797e+02   1070.515      25693  1031.0127  1031.0100     4.5596     0.0846     0.1177    34.5468    34.5437    7.91634         24 0.0000e+00
    702.000    693.563     0.5772  29.505667     0.5800  29.505565     4.6547     4.7617     0.0839    96.0922 1.0000e-12  -74.04238 -117.69436  46.831221      31.60 8.8577e+02   1071.532      25718  1031.0176  1031.0148     4.5585     0.0775     0.1208    34.5472    34.5440    7.91610         25 0.0000e+00
    703.000    694.553     0.5839  29.513404     0.5880  29.514554     4.6563     4.7551     0.0736    96.1082 1.0000e-12  -74.04238 -117.69436  46.831233      30.48 8.8616e+02   1072.570      25743  1031.0232  1031.0204     4.5593     0.0817     0.1209    34.5492    34.5462    7.91462         25 0.0000e+00
    704.000    695.537     0.5898  29.519871     0.5924  29.519571     4.6559     4.7591     0.0735    96.1330 1.0000e-12  -74.04238 -117.69436  46.831246      29.58 8.8827e+02   1073.621      25768  1031.0283  1031.0255     4.5604     0.0769     0.1193    34.5505    34.5472    7.91334         25 0.0000e+00
    705.000    696.522     0.5915  29.522082     0.5947  29.522418     4.6559     4.7620     0.0658    96.1706 1.0000e-12  -74.04238 -117.69436  46.831258      28.60 8.8613e+02   1074.683      25793  1031.0333  1031.0305     4.5622     0.0818     0.1212    34.5509    34.5478    7.91298         26 0.0000e+00
    706.000    697.510     0.5915  29.522457     0.5942  29.522437     4.6547     4.7564     0.0864    96.1078 1.0000e-12  -74.04238 -117.69436  46.831271      27.48 8.8588e+02   1075.826      25821  1031.0379  1031.0353     4.5593     0.0755     0.1207    34.5508    34.5478    7.91298         29 0.0000e+00
    707.000    698.495     0.5925  29.523923     0.5950  29.523588     4.6567     4.7593     0.0762    96.1294 1.0000e-12  -74.04238 -117.69436  46.831285      26.44 8.8776e+02   1077.047      25850  1031.0427  1031.0400     4.5602     0.0792     0.1171    34.5510    34.5478    7.91276         30 0.0000e+00
    708.000    699.483     0.5917  29.523395     0.5945  29.523499     4.6515     4.7618     0.0628    96.1103 1.0000e-12  -74.04238 -117.69436  46.831299      25.52 8.8637e+02   1078.260      25879  1031.0473  1031.0447     4.5593     0.0962     0.1206    34.5507    34.5478    7.91296         28 0.0000e+00
    709.000    700.468     0.5907  29.522716     0.5933  29.522746     4.6547     4.7677     0.0698    96.1216 1.0000e-12  -74.04238 -117.69436  46.831313      24.42 8.8667e+02   1079.461      25908  1031.0518  1031.0493     4.5599     0.0899     0.1193    34.5504    34.5475    7.91317         29 0.0000e+00
    710.000    701.455     0.5912  29.523722     0.5937  29.523530     4.6486     4.7619     0.0603    96.1144 1.0000e-12  -74.04238 -117.69436  46.831327      23.36 8.8778e+02   1080.683      25937  1031.0566  1031.0540     4.5596     0.0835     0.1193    34.5505    34.5475    7.91306         29 0.0000e+00
    711.000    702.440     0.5936  29.526758     0.5956  29.525962     4.6480     4.7522     0.0612    96.1644 1.0000e-12  -74.04238 -117.69436  46.831342      22.30 8.8668e+02   1081.935      25967  1031.0617  1031.0589     4.5619     0.0759     0.1180    34.5513    34.5480    7.91254         32 0.0000e+00
    712.000    703.428     0.6042  29.538488     0.6064  29.537968     4.6406     4.7569     0.0621    96.1312 1.0000e-12  -74.04238 -117.69436  46.831357      21.37 8.8667e+02   1083.252      25999  1031.0675  1031.0648     4.5603     0.0789     0.1171    34.5541    34.5509    7.91022         32 0.0000e+00
    713.000    704.415     0.6060  29.540969     0.6085  29.540622     4.6483     4.7498     0.0956    96.1595 1.0000e-12  -74.04238 -117.69436  46.831374      20.37 8.8755e+02   1084.725      26034  1031.0726  1031.0698     4.5616     0.0808     0.1183    34.5547    34.5515    7.90981         34 0.0000e+00
    714.000    705.400     0.6069  29.542475     0.6097  29.542303     4.6458     4.7519     0.0887    96.1560 1.0000e-12  -74.04238 -117.69436  46.831394      19.23 8.8689e+02   1086.449      26076  1031.0776  1031.0747     4.5616     0.0785     0.1192    34.5551    34.5518    7.90960         45 0.0000e+00
    715.000    706.387     0.6081  29.544259     0.6108  29.543994     4.6490     4.7560     0.0729    96.1672 1.0000e-12  -74.04238 -117.69436  46.831416      18.20 8.8673e+02   1088.363      26122  1031.0825  1031.0797     4.5621     0.0772     0.1173    34.5555    34.5522    7.90933         42 0.0000e+00
    716.000    707.372     0.6077  29.544074     0.6105  29.544071     4.6434     4.7556     0.0680    96.1732 1.0000e-12  -74.04238 -117.69436  46.831437      17.21 8.8673e+02   1090.196      26166  1031.0870  1031.0843     4.5624     0.0768     0.1176    34.5552    34.5520    7.90944         34 0.0000e+00
    717.000    708.359     0.6083  29.545162     0.6111  29.545072     4.6458     4.7498     0.0684    96.1739 1.0000e-12  -74.04238 -117.69436  46.831457      16.26 8.8673e+02   1091.883      26206  1031.0918  1031.0890     4.5624     0.0762     0.1200    34.5553    34.5521    7.90930         41 0.0000e+00
    718.000    709.345     0.6090  29.546384     0.6117  29.546167     4.6450     4.7502     0.0753    96.1790 1.0000e-12  -74.04238 -117.69436  46.831478      15.20 8.8673e+02   1093.687      26249  1031.0966  1031.0938     4.5626     0.0773     0.1172    34.5556    34.5523    7.90915         42 0.0000e+00
    719.000    710.332     0.6095  29.547228     0.6120  29.546910     4.6425     4.7503     0.0753    96.1090 1.0000e-12  -74.04238 -117.69436  46.831501      14.16 8.8673e+02   1095.675      26297  1031.1013  1031.0986     4.5593     0.0789     0.1178    34.5555    34.5524    7.90905         36 0.0000e+00
    720.000    711.317     0.6097  29.547764     0.6124  29.547763     4.6426     4.7538     0.0564    96.1954 1.0000e-12  -74.04238 -117.69436  46.831523      13.14 8.8673e+02   1097.623      26344  1031.1059  1031.1032     4.5634     0.0793     0.1179    34.5555    34.5524    7.90902         41 0.0000e+00
    721.000    712.303     0.6101  29.548794     0.6128  29.548698     4.6431     4.7486     0.0560    96.1233 1.0000e-12  -74.04238 -117.69436  46.831547      12.12 8.8673e+02   1099.683      26393  1031.1109  1031.1081     4.5600     0.0771     0.1171    34.5558    34.5526    7.90892         37 0.0000e+00
    722.000    713.291     0.6106  29.549729     0.6131  29.549352     4.6417     4.7526     0.1528    96.1460 1.0000e-12  -74.04238 -117.69436  46.831575      11.11 8.8673e+02   1102.111      26452  1031.1155  1031.1128     4.5611     0.0787     0.1171    34.5558    34.5526    7.90880         46 0.0000e+00
    723.000    714.276     0.6112  29.550805     0.6135  29.550307     4.6390     4.7560     0.1532    96.1229 1.0000e-12  -74.04238 -117.69436  46.831601      10.04 8.8673e+02   1104.318      26505  1031.1203  1031.1175     4.5599     0.0778     0.1204    34.5561    34.5528    7.90868         45 0.0000e+00
    724.000    715.263     0.6116  29.551657     0.6143  29.551521     4.6450     4.7491     0.0923    96.1131 1.0000e-12  -74.04238 -117.69436  46.831630       9.04 8.8673e+02   1106.830      26565  1031.1250  1031.1222     4.5595     0.0772     0.1183    34.5562    34.5529    7.90860         38 0.0000e+00
    725.000    716.247     0.6111  29.551507     0.6141  29.551731     4.6428     4.7484     0.0625    96.1242 1.0000e-12  -74.04238 -117.69436  46.831660       8.04 8.8673e+02   1109.404      26627  1031.1296  1031.1269     4.5600     0.0782     0.1203    34.5559    34.5528    7.90871         35 0.0000e+00
