ocean_section_plots/required_files/ctd/dnbp2202_ctd083.cnv
* Sea-Bird SBE 9 Data File:
* FileName = D:\Data\raw\NBP2202_CTD083.hex
* Software Version Seasave V 7.26.7.121
* Temperature SN = 1649
* Conductivity SN = 2513
* Number of Bytes Per Scan = 40
* Number of Voltage Words = 5
* Number of Scans Averaged by the Deck Unit = 1
* NMEA Latitude = 74 10.51 S
* NMEA Longitude = 113 20.67 W
* NMEA UTC (Time) = Jan 26 2022  18:34:01
* NMEA baud rate = 9600
** Ship: RVIB N.B. Palmer
** Cruise: NBP2202 Thwaites
** Station: YoYo001
** Operator: A. Robinson
# nquan = 25
# nvalues = 607                         
# units = specified
# name 0 = prDM: Pressure, Digiquartz [db]
# name 1 = depSM: Depth [salt water, m]
# name 2 = t090C: Temperature [ITS-90, deg C]
# name 3 = c0mS/cm: Conductivity [mS/cm]
# name 4 = t190C: Temperature, 2 [ITS-90, deg C]
# name 5 = c1mS/cm: Conductivity, 2 [mS/cm]
# name 6 = sbeox0ML/L: Oxygen, SBE 43 [ml/l]
# name 7 = sbeox1ML/L: Oxygen, SBE 43, 2 [ml/l]
# name 8 = flECO-AFL: Fluorescence, WET Labs ECO-AFL/FL [mg/m^3]
# name 9 = CStarTr0: Beam Transmission, WET Labs C-Star [%]
# name 10 = par: PAR/Irradiance, Biospherical/Licor
# name 11 = latitude: Latitude [deg]
# name 12 = longitude: Longitude [deg]
# name 13 = timeJ: Julian Days
# name 14 = altM: Altimeter [m]
# name 15 = spar: SPAR, Biospherical/Licor
# name 16 = timeS: Time, Elapsed [seconds]
# name 17 = scan: Scan Count
# name 18 = density00: Density [density, kg/m^3]
# name 19 = density11: Density, 2 [density, kg/m^3]
# name 20 = sal00: Salinity, Practical [PSU]
# name 21 = sal11: Salinity, Practical, 2 [PSU]
# name 22 = oxsolML/L: Oxygen Saturation, Garcia & Gordon [ml/l]
# name 23 = nbin: number of scans per bin
# name 24 = flag: flag
# span 0 =     10.000,    616.000       
# span 1 =      9.895,    608.717       
# span 2 =    -1.5688,     0.0929       
# span 3 =  26.967610,  28.924828       
# span 4 =    -1.5675,     0.0949       
# span 5 =  26.967671,  28.925725       
# span 6 =     4.6956,     8.5941       
# span 7 =     4.7738,     8.4419       
# span 8 =    -0.0224,    26.7033       
# span 9 =    69.1388,    95.7701       
# span 10 = 1.0000e-12, 4.5936e+01      
# span 11 =  -74.17530,  -74.17528      
# span 12 = -113.34460, -113.34456      
# span 13 =  26.774151,  26.783633      
# span 14 =       4.63,     100.08      
# span 15 = 1.4121e+03, 1.7155e+03      
# span 16 =     45.676,    864.861      
# span 17 =       1097,      20758      
# span 18 =  1027.2222,  1030.5166      
# span 19 =  1027.2208,  1030.5144      
# span 20 =    33.7898,    34.3807      
# span 21 =    33.7879,    34.3781      
# span 22 =    8.02550,    8.41154      
# span 23 =         20,         46      
# span 24 = 0.0000e+00, 0.0000e+00      
# interval = decibars: 1                
# start_time = Jan 26 2022 18:34:01 [NMEA time, header]
# bad_flag = -9.990e-29
*END*
[from data line 174]
    184.000    182.014    -1.5519  27.056713    -1.5509  27.056265     6.1648     6.2915     0.0506    95.6228 1.0000e-12  -74.17528 -113.34458  26.777164      88.38 1.5472e+03    305.994       7345  1028.2243  1028.2229    33.9735    33.9717    8.40695         27 0.0000e+00
    185.000    183.003    -1.5474  27.061436    -1.5456  27.061551     6.1589     6.2832     0.0506    95.4294 1.0000e-12  -74.17528 -113.34460  26.777177      99.97 1.5439e+03    307.136       7372  1028.2295  1028.2279    33.9743    33.9724    8.40589         27 0.0000e+00
    186.000    183.992    -1.5434  27.065770    -1.5431  27.064477     6.1522     6.2763     0.0364    95.5633 1.0000e-12  -74.17528 -113.34458  26.777190      99.87 1.5424e+03    308.254       7399  1028.2347  1028.2330    33.9750    33.9729    8.40492         27 0.0000e+00
    187.000    184.981    -1.5367  27.072702    -1.5362  27.071831     6.1520     6.2765     0.0427    95.6279 1.0000e-12  -74.17528 -113.34460  26.777203      99.87 1.5404e+03    309.363       7426  1028.2403  1028.2388    33.9764    33.9746    8.40334         27 0.0000e+00
    188.000    185.970    -1.5368  27.073401    -1.5357  27.072917     6.1558     6.2826     0.0290    95.5136 1.0000e-12  -74.17528 -113.34458  26.777216      99.86 1.5393e+03    310.475       7452  1028.2455  1028.2439    33.9768    33.9749    8.40333         26 0.0000e+00
    189.000    186.959    -1.5358  27.074521    -1.5352  27.073799     6.1592     6.2767     0.0284    95.6080 1.0000e-12  -74.17528 -113.34459  26.777229      99.87 1.5391e+03    311.577       7479  1028.2501  1028.2487    33.9766    33.9749    8.40311         27 0.0000e+00
    190.000    187.947    -1.5372  27.073847    -1.5365  27.073303     6.1641     6.2838     0.0251    95.5953 1.0000e-12  -74.17528 -113.34459  26.777242      99.87 1.5395e+03    312.701       7506  1028.2551  1028.2538    33.9766    33.9750    8.40342         27 0.0000e+00
    191.000    188.935    -1.5395  27.072442    -1.5385  27.072072     6.1627     6.2852     0.0546    95.6447 1.0000e-12  -74.17528 -113.34459  26.777255      99.87 1.5414e+03    313.830       7533  1028.2601  1028.2587    33.9767    33.9750    8.40395         27 0.0000e+00
    192.000    189.925    -1.5401  27.072438    -1.5393  27.071842     6.1606     6.2902     0.0283    95.6017 1.0000e-12  -74.17528 -113.34459  26.777268      99.87 1.5434e+03    314.928       7559  1028.2650  1028.2636    33.9767    33.9750    8.40408         26 0.0000e+00
    193.000    190.913    -1.5399  27.073407    -1.5390  27.072924     6.1622     6.2950     0.0219    95.6447 1.0000e-12  -74.17528 -113.34459  26.777280      99.86 1.5459e+03    316.016       7585  1028.2703  1028.2689    33.9773    33.9756    8.40401         26 0.0000e+00
    194.000    191.902    -1.5377  27.075998    -1.5368  27.075529     6.1605     6.2859     0.0238    95.6587 1.0000e-12  -74.17528 -113.34460  26.777293      99.87 1.5486e+03    317.102       7611  1028.2753  1028.2738    33.9777    33.9759    8.40349         26 0.0000e+00
    195.000    192.891    -1.5369  27.077803    -1.5358  27.077395     6.1427     6.2666     0.0421    95.6577 1.0000e-12  -74.17528 -113.34460  26.777305      78.51 1.5502e+03    318.182       7637  1028.2808  1028.2793    33.9786    33.9768    8.40324         26 0.0000e+00
    196.000    193.881    -1.5193  27.095932    -1.5091  27.103451     6.1199     6.2465     0.0290    95.6695 1.0000e-12  -74.17528 -113.34460  26.777318      93.03 1.5525e+03    319.284       7664  1028.2881  1028.2865    33.9830    33.9817    8.39900         27 0.0000e+00
    197.000    194.868    -1.4993  27.115562    -1.4943  27.118040     6.1073     6.2392     0.0289    95.6763 1.0000e-12  -74.17528 -113.34460  26.777331      99.89 1.5549e+03    320.419       7691  1028.2947  1028.2926    33.9867    33.9844    8.39426         27 0.0000e+00
    198.000    195.857    -1.4849  27.129269    -1.4835  27.129133     6.0998     6.2311     0.0305    95.6299 1.0000e-12  -74.17528 -113.34460  26.777344      99.87 1.5580e+03    321.533       7718  1028.3003  1028.2988    33.9886    33.9868    8.39091         27 0.0000e+00
    199.000    196.846    -1.4821  27.132533    -1.4824  27.130743     6.0968     6.2275     0.0339    95.6349 1.0000e-12  -74.17528 -113.34460  26.777357      99.87 1.5609e+03    322.637       7744  1028.3057  1028.3040    33.9893    33.9872    8.39023         26 0.0000e+00
    200.000    197.834    -1.4777  27.137118    -1.4774  27.135808     6.0993     6.2222     0.0226    95.6619 1.0000e-12  -74.17528 -113.34460  26.777370      99.87 1.5641e+03    323.739       7771  1028.3110  1028.3093    33.9900    33.9879    8.38920         26 0.0000e+00
    201.000    198.824    -1.4775  27.137776    -1.4774  27.136321     6.0823     6.2061     0.0290    95.6345 1.0000e-12  -74.17528 -113.34460  26.777382      99.87 1.5668e+03    324.830       7797  1028.3159  1028.3142    33.9900    33.9879    8.38915         26 0.0000e+00
    202.000    199.811    -1.4738  27.141961    -1.4730  27.140810     6.0664     6.2026     0.0269    95.6722 1.0000e-12  -74.17528 -113.34460  26.777395      99.87 1.5682e+03    325.913       7823  1028.3214  1028.3193    33.9910    33.9885    8.38826         26 0.0000e+00
    203.000    200.800    -1.4565  27.158401    -1.4561  27.157083     6.0557     6.1900     0.0164    95.6629 1.0000e-12  -74.17528 -113.34460  26.777407      99.87 1.5704e+03    327.002       7849  1028.3272  1028.3253    33.9934    33.9910    8.38423         27 0.0000e+00
    204.000    201.789    -1.4521  27.163196    -1.4512  27.162243     6.0125     6.1450     0.0289    95.5298 1.0000e-12  -74.17528 -113.34460  26.777420      99.87 1.5711e+03    328.105       7876  1028.3326  1028.3307    33.9943    33.9920    8.38317         26 0.0000e+00
    205.000    202.778    -1.4336  27.180929    -1.4323  27.179685     5.9612     6.1038     0.0269    95.6240 1.0000e-12  -74.17528 -113.34460  26.777433      99.86 1.5723e+03    329.199       7902  1028.3386  1028.3359    33.9970    33.9938    8.37884         26 0.0000e+00
    206.000    203.767    -1.3904  27.220549    -1.3858  27.222137     5.9342     6.0750     0.0169    95.5694 1.0000e-12  -74.17528 -113.34460  26.777446      91.77 1.5712e+03    330.312       7928  1028.3448  1028.3420    34.0019    33.9988    8.36885         28 0.0000e+00
    207.000    204.756    -1.3830  27.227519    -1.3806  27.228187     5.9227     6.0557     0.0288    95.6372 1.0000e-12  -74.17528 -113.34460  26.777459      77.70 1.5700e+03    331.426       7955  1028.3499  1028.3483    34.0024    34.0006    8.36715         26 0.0000e+00
    208.000    205.743    -1.3728  27.237450    -1.3703  27.237910     5.9147     6.0441     0.0264    95.6379 1.0000e-12  -74.17528 -113.34460  26.777471      92.56 1.5679e+03    332.511       7981  1028.3555  1028.3536    34.0039    34.0016    8.36478         26 0.0000e+00
    209.000    206.732    -1.3670  27.243276    -1.3630  27.244943     5.9126     6.0379     0.0156    95.6145 1.0000e-12  -74.17528 -113.34460  26.777484      99.34 1.5663e+03    333.591       8007  1028.3609  1028.3589    34.0046    34.0024    8.36343         26 0.0000e+00
    210.000    207.721    -1.3623  27.247595    -1.3615  27.246816     5.9163     6.0381     0.0207    95.6181 1.0000e-12  -74.17528 -113.34460  26.777496      99.87 1.5642e+03    334.670       8033  1028.3657  1028.3641    34.0047    34.0027    8.36239         25 0.0000e+00
    211.000    208.709    -1.3625  27.248015    -1.3607  27.247946     5.9095     6.0324     0.0151    95.6431 1.0000e-12  -74.17528 -113.34459  26.777509      99.87 1.5609e+03    335.739       8059  1028.3709  1028.3691    34.0048    34.0027    8.36242         26 0.0000e+00
    212.000    209.698    -1.3605  27.250266    -1.3583  27.250567     5.8974     6.0221     0.0205    95.6505 1.0000e-12  -74.17528 -113.34459  26.777521      99.88 1.5576e+03    336.826       8085  1028.3760  1028.3741    34.0051    34.0029    8.36196         27 0.0000e+00
    213.000    210.688    -1.3547  27.256294    -1.3541  27.254647     5.8816     6.0050     0.0135    95.6410 1.0000e-12  -74.17528 -113.34459  26.777534      99.87 1.5531e+03    337.928       8111  1028.3814  1028.3791    34.0061    34.0032    8.36059         26 0.0000e+00
    214.000    211.676    -1.3426  27.267593    -1.3432  27.265028     5.8642     5.9849     0.0100    95.6301 1.0000e-12  -74.17528 -113.34459  26.777546      99.87 1.5493e+03    339.015       8137  1028.3866  1028.3844    34.0073    34.0044    8.35782         26 0.0000e+00
    215.000    212.664    -1.3367  27.273287    -1.3370  27.271188     5.8468     5.9673     0.0338    95.6389 1.0000e-12  -74.17528 -113.34458  26.777559      99.87 1.5455e+03    340.097       8163  1028.3916  1028.3896    34.0078    34.0052    8.35647         26 0.0000e+00
    216.000    213.653    -1.3236  27.285659    -1.3226  27.284517     5.8062     5.9310     0.0071    95.6439 1.0000e-12  -74.17528 -113.34460  26.777572      99.86 1.5420e+03    341.192       8190  1028.3970  1028.3947    34.0093    34.0065    8.35344         26 0.0000e+00
    217.000    214.641    -1.3056  27.302612    -1.3030  27.302829     5.7690     5.8864     0.0138    95.6269 1.0000e-12  -74.17528 -113.34458  26.777584      99.87 1.5384e+03    342.277       8216  1028.4026  1028.4003    34.0115    34.0088    8.34928         26 0.0000e+00
    218.000    215.630    -1.2801  27.326776    -1.2782  27.325755     5.7308     5.8640     0.0082    95.6440 1.0000e-12  -74.17528 -113.34460  26.777597      99.87 1.5361e+03    343.381       8242  1028.4088  1028.4059    34.0150    34.0115    8.34337         27 0.0000e+00
    219.000    216.618    -1.2565  27.348291    -1.2550  27.347584     5.7090     5.8409     0.0197    95.6120 1.0000e-12  -74.17528 -113.34458  26.777610      77.90 1.5354e+03    344.485       8269  1028.4140  1028.4118    34.0171    34.0145    8.33797         26 0.0000e+00
    220.000    217.607    -1.2482  27.356763    -1.2476  27.355289     5.6785     5.8043    -0.0006    95.6192 1.0000e-12  -74.17528 -113.34459  26.777622      91.44 1.5343e+03    345.572       8295  1028.4199  1028.4178    34.0187    34.0161    8.33604         26 0.0000e+00
    221.000    218.596    -1.2265  27.377538    -1.2282  27.373637     5.6460     5.7756    -0.0004    95.6223 1.0000e-12  -74.17528 -113.34459  26.777635      99.96 1.5346e+03    346.636       8320  1028.4262  1028.4236    34.0220    34.0185    8.33101         25 0.0000e+00
    222.000    219.584    -1.2024  27.400354    -1.1995  27.400367     5.6262     5.7561     0.0058    95.6286 1.0000e-12  -74.17528 -113.34459  26.777647      99.87 1.5360e+03    347.705       8346  1028.4324  1028.4296    34.0252    34.0220    8.32544         27 0.0000e+00
    223.000    220.574    -1.1896  27.412514    -1.1884  27.411449     5.6194     5.7416    -0.0072    95.6203 1.0000e-12  -74.17528 -113.34459  26.777659      99.87 1.5385e+03    348.778       8372  1028.4379  1028.4356    34.0267    34.0239    8.32250         25 0.0000e+00
    224.000    221.562    -1.1839  27.418303    -1.1820  27.417902     5.6108     5.7355     0.0066    95.6191 1.0000e-12  -74.17528 -113.34459  26.777672      99.87 1.5438e+03    349.876       8398  1028.4435  1028.4412    34.0276    34.0249    8.32119         27 0.0000e+00
    225.000    222.550    -1.1786  27.423609    -1.1771  27.423021     5.6081     5.7248    -0.0010    95.6239 1.0000e-12  -74.17528 -113.34459  26.777685      99.87 1.5503e+03    351.011       8425  1028.4488  1028.4467    34.0282    34.0257    8.31998         27 0.0000e+00
    226.000    223.539    -1.1710  27.431479    -1.1706  27.429725     5.6076     5.7242    -0.0072    95.6065 1.0000e-12  -74.17528 -113.34458  26.777698      99.87 1.5580e+03    352.140       8452  1028.4546  1028.4523    34.0297    34.0268    8.31820         27 0.0000e+00
    227.000    224.527    -1.1685  27.434215    -1.1670  27.433760     5.6057     5.7184    -0.0023    95.6048 1.0000e-12  -74.17528 -113.34460  26.777711      99.87 1.5657e+03    353.242       8479  1028.4598  1028.4579    34.0300    34.0277    8.31762         27 0.0000e+00
    228.000    225.516    -1.1679  27.435115    -1.1664  27.434552     5.6066     5.7205    -0.0148    95.5926 1.0000e-12  -74.17528 -113.34458  26.777724      99.88 1.5740e+03    354.333       8505  1028.4647  1028.4627    34.0299    34.0275    8.31749         26 0.0000e+00
    229.000    226.505    -1.1678  27.435603    -1.1661  27.435201     5.6092     5.7221    -0.0144    95.6109 1.0000e-12  -74.17528 -113.34460  26.777736      99.87 1.5819e+03    355.423       8531  1028.4698  1028.4677    34.0299    34.0274    8.31748         26 0.0000e+00
    230.000    227.492    -1.1679  27.435865    -1.1665  27.435432     5.6042     5.7093    -0.0072    95.6290 1.0000e-12  -74.17528 -113.34458  26.777749      99.87 1.5887e+03    356.517       8557  1028.4746  1028.4727    34.0297    34.0275    8.31751         26 0.0000e+00
    231.000    228.483    -1.1644  27.440169    -1.1619  27.440364     5.5915     5.7003    -0.0016    95.6037 1.0000e-12  -74.17528 -113.34458  26.777762      87.06 1.5949e+03    357.676       8585  1028.4804  1028.4781    34.0310    34.0284    8.31665         29 0.0000e+00
    232.000    229.470    -1.1523  27.452061    -1.1493  27.452674     5.5821     5.6874    -0.0117    95.5863 1.0000e-12  -74.17528 -113.34458  26.777776      96.22 1.5998e+03    358.863       8614  1028.4861  1028.4839    34.0330    34.0304    8.31386         29 0.0000e+00
    233.000    230.458    -1.1464  27.458046    -1.1445  27.457550     5.5724     5.6890    -0.0199    95.6086 1.0000e-12  -74.17528 -113.34458  26.777790      99.82 1.6037e+03    360.048       8642  1028.4913  1028.4890    34.0338    34.0310    8.31249         28 0.0000e+00
    234.000    231.447    -1.1421  27.462131    -1.1408  27.461372     5.5712     5.6809    -0.0121    95.6071 1.0000e-12  -74.17528 -113.34458  26.777804      99.87 1.6060e+03    361.229       8670  1028.4961  1028.4940    34.0339    34.0314    8.31153         28 0.0000e+00
    235.000    232.436    -1.1409  27.463741    -1.1399  27.462717     5.5576     5.6729    -0.0043    95.6172 1.0000e-12  -74.17528 -113.34458  26.777817      99.87 1.6073e+03    362.392       8698  1028.5012  1028.4991    34.0341    34.0316    8.31125         28 0.0000e+00
    236.000    233.424    -1.1364  27.468260    -1.1363  27.466274     5.5488     5.6663    -0.0005    95.6226 1.0000e-12  -74.17528 -113.34458  26.777830      99.87 1.6078e+03    363.545       8726  1028.5061  1028.5039    34.0346    34.0318    8.31022         28 0.0000e+00
    237.000    234.414    -1.1336  27.471113    -1.1319  27.470661     5.5341     5.6514    -0.0087    95.6125 1.0000e-12  -74.17528 -113.34458  26.777844      99.87 1.6096e+03    364.702       8754  1028.5109  1028.5089    34.0347    34.0322    8.30959         27 0.0000e+00
    238.000    235.400    -1.1263  27.478395    -1.1222  27.479955     5.5076     5.6269    -0.0150    95.6092 1.0000e-12  -74.17528 -113.34458  26.777857      99.87 1.6111e+03    365.876       8782  1028.5162  1028.5139    34.0358    34.0332    8.30792         29 0.0000e+00
    239.000    236.391    -1.1080  27.495695    -1.1066  27.494851     5.4963     5.6116    -0.0150    95.5943 1.0000e-12  -74.17528 -113.34458  26.777871      99.87 1.6139e+03    367.060       8810  1028.5217  1028.5195    34.0380    34.0353    8.30372         28 0.0000e+00
    240.000    237.378    -1.1003  27.503039    -1.0992  27.502218     5.4968     5.6027    -0.0092    95.6081 1.0000e-12  -74.17528 -113.34458  26.777885      99.87 1.6167e+03    368.238       8839  1028.5268  1028.5248    34.0387    34.0364    8.30198         28 0.0000e+00
