ocean_section_plots/required_files/ctd/dnbp2202_ctd136.cnv
* Sea-Bird SBE 9 Data File:
* FileName = D:\Data\raw\NBP2202_CTD136.hex
* Software Version Seasave V 7.26.7.121
* Temperature SN = 1649
* Conductivity SN = 2513
* Number of Bytes Per Scan = 40
* Number of Voltage Words = 5
* Number of Scans Averaged by the Deck Unit = 1
* NMEA Latitude = 74 01.39 S
* NMEA Longitude = 113 07.37 W
* NMEA UTC (Time) = Jan 28 2022  09:21:21
* NMEA baud rate = 9600
** Ship: RVIB N.B. Palmer
** Cruise: NBP2202 Thwaites
** Station: 65
** Operator: B. Bjork
# nquan = 25
# nvalues = 484                         
# units = specified
# name 0 = prDM: Pressure, Digiquartz [db]
# name 1 = depSM: Depth [salt water, m]
# name 2 = t090C: Temperature [ITS-90, deg C]
# name 3 = c0mS/cm: Conductivity [mS/cm]
# name 4 = t190C: Temperature, 2 [ITS-90, deg C]
# name 5 = c1mS/cm: Conductivity, 2 [mS/cm]
# name 6 = sbeox0ML/L: Oxygen, SBE 43 [ml/l]
# name 7 = sbeox1ML/L: Oxygen, SBE 43, 2 [ml/l]
# name 8 = flECO-AFL: Fluorescence, WET Labs ECO-AFL/FL [mg/m^3]
# name 9 = CStarTr0: Beam Transmission, WET Labs C-Star [%]
# name 10 = par: PAR/Irradiance, Biospherical/Licor
# name 11 = latitude: Latitude [deg]
# name 12 = longitude: Longitude [deg]
# name 13 = timeJ: Julian Days
# name 14 = altM: Altimeter [m]
# name 15 = spar: SPAR, Biospherical/Licor
# name 16 = timeS: Time, Elapsed [seconds]
# name 17 = scan: Scan Count
# name 18 = density00: Density [density, kg/m^3]
# name 19 = density11: Density, 2 [density, kg/m^3]
# name 20 = sal00: Salinity, Practical [PSU]
# name 21 = sal11: Salinity, Practical, 2 [PSU]
# name 22 = oxsolML/L: Oxygen Saturation, Garcia & Gordon [ml/l]
# name 23 = nbin: number of scans per bin
# name 24 = flag: flag
# span 0 =      2.000,    485.000       
# span 1 =      1.978,    479.419       
# span 2 =    -1.6267,    -0.0340       
# span 3 =  26.933067,  28.730713       
# span 4 =    -1.6267,    -0.0318       
# span 5 =  26.933855,  28.730505       
# span 6 =     4.7647,     9.3770       
# span 7 =     4.8578,     9.6467       
# span 8 =    -0.0177,    29.5314       
# span 9 =    58.4500,    93.7279       
# span 10 = -6.989e-05, 1.1491e+01      
# span 11 =  -74.02324,  -74.02324      
# span 12 = -113.12289, -113.12284      
# span 13 =  28.392325,  28.400468      
# span 14 =       3.32,     115.27      
# span 15 = 3.3495e+01, 4.5856e+01      
# span 16 =    215.912,    919.415      
# span 17 =       5183,      22067      
# span 18 =  1027.1811,  1029.8771      
# span 19 =  1027.1847,  1029.8748      
# span 20 =    33.8064,    34.3412      
# span 21 =    33.8100,    34.3384      
# span 22 =    8.05436,    8.42660      
# span 23 =          8,         52      
# span 24 = 0.0000e+00, 0.0000e+00      
# interval = decibars: 1                
# start_time = Jan 28 2022 09:21:21 [NMEA time, header]
# bad_flag = -9.990e-29
*END*
[from data line 406]
    408.000    403.382    -0.1402  28.584036    -0.1380  28.583833     4.8601     4.9504    -0.0151    93.3165 1.0000e-12  -74.02324 -113.12286  28.398387      81.97 4.5365e+01    739.650      17753  1029.4950  1029.4927    34.3100    34.3072    8.07851         26 0.0000e+00
    409.000    404.371    -0.1374  28.588225    -0.1355  28.587631     4.8589     4.9554    -0.0046    93.3297 1.0000e-12  -74.02324 -113.12286  28.398399      80.75 4.4841e+01    740.663      17777  1029.5010  1029.4986    34.3118    34.3089    8.07781         23 0.0000e+00
    410.000    405.359    -0.1341  28.592931    -0.1322  28.592355     4.8590     4.9546    -0.0070    93.3104 1.0000e-12  -74.02324 -113.12286  28.398410      79.84 4.4402e+01    741.585      17799  1029.5071  1029.5046    34.3137    34.3108    8.07701         22 0.0000e+00
    411.000    406.344    -0.1306  28.597435    -0.1285  28.596951     4.8495     4.9518    -0.0054    93.3130 1.0000e-12  -74.02324 -113.12286  28.398421      78.68 4.4424e+01    742.579      17823  1029.5127  1029.5102    34.3152    34.3122    8.07618         25 0.0000e+00
    412.000    407.333    -0.1257  28.602713    -0.1244  28.601698     4.8386     4.9362     0.0028    93.3348 1.0000e-12  -74.02324 -113.12286  28.398434      77.56 4.4871e+01    743.730      17851  1029.5178  1029.5155    34.3161    34.3133    8.07510         29 0.0000e+00
    413.000    408.322    -0.1197  28.608788    -0.1176  28.608441     4.8315     4.9302     0.0018    93.3414 1.0000e-12  -74.02324 -113.12286  28.398448      76.70 4.4817e+01    744.876      17878  1029.5227  1029.5203    34.3169    34.3141    8.07379         26 0.0000e+00
    414.000    409.309    -0.1131  28.615689    -0.1109  28.615350     4.8258     4.9270    -0.0011    93.3524 1.0000e-12  -74.02324 -113.12286  28.398460      75.70 4.4806e+01    745.919      17903  1029.5279  1029.5253    34.3181    34.3151    8.07233         24 0.0000e+00
    415.000    410.298    -0.1089  28.620211    -0.1072  28.619541     4.8211     4.9267    -0.0054    93.3300 1.0000e-12  -74.02324 -113.12286  28.398470      74.83 4.5113e+01    746.851      17925  1029.5328  1029.5304    34.3187    34.3159    8.07140         22 0.0000e+00
    416.000    411.284    -0.1081  28.621405    -0.1064  28.620735     4.8195     4.9265    -0.0105    93.3174 1.0000e-12  -74.02324 -113.12286  28.398482      73.71 4.4771e+01    747.875      17950  1029.5376  1029.5353    34.3188    34.3160    8.07122         28 0.0000e+00
    417.000    412.272    -0.1069  28.622869    -0.1052  28.622218     4.8193     4.9228    -0.0057    93.3140 1.0000e-12  -74.02324 -113.12286  28.398496      72.56 4.5342e+01    749.069      17979  1029.5424  1029.5401    34.3188    34.3161    8.07098         29 0.0000e+00
    418.000    413.258    -0.1063  28.623846    -0.1046  28.623358     4.8198     4.9168    -0.0051    93.3078 1.0000e-12  -74.02324 -113.12286  28.398509      71.67 4.5270e+01    750.214      18006  1029.5472  1029.5450    34.3189    34.3163    8.07085         25 0.0000e+00
    419.000    414.248    -0.1061  28.624566    -0.1042  28.624354     4.8142     4.9056    -0.0067    93.3228 1.0000e-12  -74.02324 -113.12286  28.398521      70.68 4.4316e+01    751.184      18029  1029.5520  1029.5500    34.3190    34.3166    8.07080         22 0.0000e+00
    420.000    415.235    -0.1024  28.628811    -0.0988  28.629804     4.8126     4.9096    -0.0045    93.2673 1.0000e-12  -74.02324 -113.12286  28.398532      69.67 4.5260e+01    752.155      18053  1029.5572  1029.5547    34.3198    34.3171    8.06996         25 0.0000e+00
    421.000    416.222    -0.0993  28.631781    -0.0968  28.632122     4.8121     4.9080    -0.0129    93.2749 1.0000e-12  -74.02324 -113.12286  28.398545      68.66 4.5424e+01    753.317      18081  1029.5616  1029.5595    34.3198    34.3174    8.06932         30 0.0000e+00
    422.000    417.211    -0.0993  28.632437    -0.0969  28.632521     4.8040     4.9037    -0.0144    93.2782 1.0000e-12  -74.02324 -113.12286  28.398558      67.75 4.5070e+01    754.413      18107  1029.5666  1029.5644    34.3200    34.3174    8.06930         23 0.0000e+00
    423.000    418.197    -0.0955  28.636597    -0.0924  28.637147     4.7969     4.8964    -0.0071    93.2842 1.0000e-12  -74.02324 -113.12286  28.398569      66.72 4.4876e+01    755.344      18129  1029.5716  1029.5691    34.3207    34.3179    8.06847         22 0.0000e+00
    424.000    419.185    -0.0917  28.640302    -0.0890  28.640568     4.7950     4.8933    -0.0023    93.2731 1.0000e-12  -74.02324 -113.12286  28.398581      65.74 4.4890e+01    756.386      18154  1029.5761  1029.5738    34.3208    34.3181    8.06766         28 0.0000e+00
    425.000    420.174    -0.0890  28.643272    -0.0861  28.643471     4.7858     4.8863    -0.0092    93.2660 1.0000e-12  -74.02324 -113.12286  28.398595      64.62 4.4740e+01    757.586      18183  1029.5809  1029.5784    34.3211    34.3181    8.06707         29 0.0000e+00
    426.000    421.161    -0.0871  28.645381    -0.0849  28.645296     4.7906     4.8864    -0.0101    93.2558 1.0000e-12  -74.02324 -113.12286  28.398608      63.55 4.5765e+01    758.745      18211  1029.5857  1029.5834    34.3212    34.3185    8.06667         27 0.0000e+00
    427.000    422.147    -0.0870  28.645999    -0.0850  28.645663     4.7929     4.8888    -0.0128    93.2580 1.0000e-12  -74.02324 -113.12286  28.398621      62.58 4.5835e+01    759.858      18238  1029.5905  1029.5882    34.3213    34.3185    8.06665         26 0.0000e+00
    428.000    423.136    -0.0868  28.646775    -0.0848  28.646375     4.7886     4.8904    -0.0141    93.2535 1.0000e-12  -74.02324 -113.12286  28.398633      61.56 4.4738e+01    760.897      18263  1029.5954  1029.5931    34.3215    34.3187    8.06659         23 0.0000e+00
    429.000    424.123    -0.0862  28.647850    -0.0843  28.647584     4.7909     4.8889    -0.0028    93.2523 1.0000e-12  -74.02324 -113.12286  28.398644      60.57 4.3481e+01    761.857      18286  1029.6003  1029.5981    34.3216    34.3191    8.06645         24 0.0000e+00
    430.000    425.111    -0.0855  28.649028    -0.0835  28.648781     4.7924     4.8864    -0.0100    93.2308 1.0000e-12  -74.02324 -113.12286  28.398657      59.47 4.5141e+01    762.937      18311  1029.6051  1029.6030    34.3218    34.3192    8.06629         28 0.0000e+00
    431.000    426.099    -0.0846  28.650423    -0.0826  28.650107     4.7975     4.8884    -0.0091    93.2185 1.0000e-12  -74.02324 -113.12286  28.398670      58.55 4.5830e+01    764.054      18338  1029.6101  1029.6077    34.3221    34.3194    8.06609         26 0.0000e+00
    432.000    427.086    -0.0836  28.651938    -0.0816  28.651672     4.7864     4.8850    -0.0041    93.2188 1.0000e-12  -74.02324 -113.12286  28.398683      57.42 4.4900e+01    765.176      18365  1029.6150  1029.6127    34.3224    34.3197    8.06586         28 0.0000e+00
    433.000    428.073    -0.0831  28.652837    -0.0810  28.652579     4.7891     4.8804    -0.0121    93.2277 1.0000e-12  -74.02324 -113.12286  28.398696      56.43 4.4480e+01    766.354      18393  1029.6197  1029.6174    34.3224    34.3197    8.06575         29 0.0000e+00
    434.000    429.061    -0.0810  28.655664    -0.0788  28.655499     4.7895     4.8847     0.0019    93.2185 1.0000e-12  -74.02324 -113.12286  28.398710      55.43 4.5848e+01    767.553      18422  1029.6249  1029.6226    34.3232    34.3205    8.06526         27 0.0000e+00
    435.000    430.049    -0.0789  28.658319    -0.0774  28.657586     4.7895     4.8805     0.0017    93.2159 1.0000e-12  -74.02324 -113.12286  28.398722      54.59 4.5835e+01    768.611      18448  1029.6300  1029.6277    34.3238    34.3211    8.06479         24 0.0000e+00
    436.000    431.037    -0.0780  28.659741    -0.0760  28.659468     4.7842     4.8778    -0.0071    93.2008 1.0000e-12  -74.02324 -113.12286  28.398734      53.45 4.5835e+01    769.620      18472  1029.6349  1029.6326    34.3241    34.3214    8.06459         25 0.0000e+00
    437.000    432.024    -0.0774  28.660824    -0.0752  28.660510     4.7837     4.8799    -0.0054    93.1999 1.0000e-12  -74.02324 -113.12286  28.398748      52.35 4.5500e+01    770.833      18501  1029.6397  1029.6373    34.3242    34.3214    8.06444         34 0.0000e+00
    438.000    433.012    -0.0760  28.662542    -0.0737  28.662401     4.7845     4.8810    -0.0137    93.2051 1.0000e-12  -74.02324 -113.12286  28.398764      51.28 4.5092e+01    772.219      18534  1029.6445  1029.6421    34.3244    34.3216    8.06415         31 0.0000e+00
    439.000    434.000    -0.0747  28.664256    -0.0727  28.663972     4.7810     4.8765    -0.0125    93.2138 1.0000e-12  -74.02324 -113.12286  28.398779      50.42 4.5541e+01    773.488      18565  1029.6493  1029.6470    34.3246    34.3219    8.06386         29 0.0000e+00
    440.000    434.987    -0.0748  28.664872    -0.0727  28.664484     4.7816     4.8736    -0.0090    93.2101 1.0000e-12  -74.02324 -113.12286  28.398792      49.32 4.5834e+01    774.661      18593  1029.6543  1029.6519    34.3249    34.3220    8.06386         29 0.0000e+00
    441.000    435.974    -0.0748  28.665270    -0.0726  28.665089     4.7843     4.8790    -0.0089    93.2037 1.0000e-12  -74.02324 -113.12286  28.398806      48.34 4.4675e+01    775.880      18622  1029.6590  1029.6567    34.3248    34.3221    8.06386         30 0.0000e+00
    442.000    436.962    -0.0748  28.665562    -0.0728  28.665321     4.7796     4.8772    -0.0109    93.1842 1.0000e-12  -74.02324 -113.12286  28.398822      47.18 4.5259e+01    777.217      18654  1029.6636  1029.6614    34.3246    34.3220    8.06388         34 0.0000e+00
    443.000    437.950    -0.0748  28.666027    -0.0727  28.665813     4.7767     4.8699    -0.0177    93.1742 1.0000e-12  -74.02324 -113.12286  28.398838      46.26 4.5838e+01    778.632      18688  1029.6684  1029.6661    34.3246    34.3220    8.06388         33 0.0000e+00
    444.000    438.937    -0.0748  28.666457    -0.0727  28.666175     4.7774     4.8722    -0.0068    93.1807 1.0000e-12  -74.02324 -113.12286  28.398854      45.19 4.4623e+01    779.980      18721  1029.6731  1029.6708    34.3246    34.3219    8.06387         32 0.0000e+00
    445.000    439.924    -0.0749  28.666803    -0.0729  28.666542     4.7833     4.8718    -0.0095    93.1757 1.0000e-12  -74.02324 -113.12286  28.398870      44.19 4.4660e+01    781.348      18753  1029.6779  1029.6756    34.3246    34.3220    8.06390         33 0.0000e+00
    446.000    440.912    -0.0745  28.667811    -0.0725  28.667577     4.7841     4.8781    -0.0089    93.1710 1.0000e-12  -74.02324 -113.12286  28.398886      43.15 4.5856e+01    782.775      18788  1029.6828  1029.6806    34.3249    34.3223    8.06380         35 0.0000e+00
    447.000    441.901    -0.0742  28.668772    -0.0719  28.668817     4.7797     4.8771    -0.0089    93.1702 1.0000e-12  -74.02324 -113.12286  28.398902      42.14 4.5155e+01    784.119      18820  1029.6877  1029.6855    34.3252    34.3227    8.06371         31 0.0000e+00
    448.000    442.888    -0.0736  28.670138    -0.0715  28.669790     4.7780     4.8737    -0.0050    93.1521 1.0000e-12  -74.02324 -113.12286  28.398918      41.12 4.5261e+01    785.534      18854  1029.6929  1029.6905    34.3258    34.3230    8.06356         37 0.0000e+00
    449.000    443.875    -0.0732  28.671029    -0.0711  28.670788     4.7763     4.8698    -0.0047    93.1312 1.0000e-12  -74.02324 -113.12285  28.398940      40.08 4.5573e+01    787.431      18899  1029.6977  1029.6954    34.3259    34.3233    8.06347         34 0.0000e+00
    450.000    444.863    -0.0724  28.672237    -0.0705  28.671907     4.7830     4.8725    -0.0131    93.1380 1.0000e-12  -74.02324 -113.12285  28.398957      39.10 4.5023e+01    788.916      18935  1029.7024  1029.7002    34.3260    34.3234    8.06329         31 0.0000e+00
    451.000    445.850    -0.0722  28.673055    -0.0702  28.672698     4.7796     4.8738    -0.0137    93.1210 1.0000e-12  -74.02324 -113.12285  28.398972      38.11 4.4956e+01    790.183      18965  1029.7074  1029.7051    34.3263    34.3236    8.06324         34 0.0000e+00
    452.000    446.838    -0.0719  28.673931    -0.0698  28.673676     4.7761     4.8752    -0.0065    93.1108 1.0000e-12  -74.02324 -113.12285  28.398993      36.96 4.5714e+01    792.026      19010  1029.7123  1029.7100    34.3265    34.3238    8.06316         43 0.0000e+00
    453.000    447.824    -0.0696  28.676846    -0.0675  28.676700     4.7746     4.8735    -0.0066    93.0969 1.0000e-12  -74.02324 -113.12285  28.399014      35.94 4.4440e+01    793.816      19053  1029.7174  1029.7152    34.3272    34.3247    8.06263         33 0.0000e+00
    454.000    448.813    -0.0676  28.679824    -0.0653  28.679786     4.7786     4.8735    -0.0053    93.0883 1.0000e-12  -74.02324 -113.12285  28.399030      34.99 4.4553e+01    795.214      19086  1029.7228  1029.7205    34.3283    34.3257    8.06215         33 0.0000e+00
    455.000    449.800    -0.0671  28.680701    -0.0651  28.680525     4.7824     4.8725    -0.0091    93.0846 1.0000e-12  -74.02324 -113.12285  28.399048      33.96 4.5308e+01    796.729      19122  1029.7275  1029.7254    34.3283    34.3259    8.06204         41 0.0000e+00
    456.000    450.786    -0.0662  28.682335    -0.0643  28.681895     4.7792     4.8683    -0.0091    93.1020 1.0000e-12  -74.02324 -113.12285  28.399067      32.94 4.5197e+01    798.399      19163  1029.7326  1029.7303    34.3289    34.3262    8.06182         36 0.0000e+00
    457.000    451.776    -0.0631  28.686298    -0.0611  28.686167     4.7762     4.8681    -0.0042    93.0917 1.0000e-12  -74.02324 -113.12286  28.399085      31.93 4.4904e+01    799.942      19200  1029.7380  1029.7360    34.3301    34.3277    8.06110         36 0.0000e+00
    458.000    452.762    -0.0624  28.687630    -0.0603  28.687421     4.7744     4.8679    -0.0139    93.0993 1.0000e-12  -74.02324 -113.12286  28.399103      30.85 4.5299e+01    801.494      19237  1029.7430  1029.7409    34.3304    34.3279    8.06092         37 0.0000e+00
    459.000    453.750    -0.0608  28.689937    -0.0587  28.689758     4.7740     4.8610    -0.0039    93.0808 1.0000e-12  -74.02324 -113.12286  28.399122      29.82 4.5372e+01    803.128      19276  1029.7482  1029.7461    34.3311    34.3286    8.06056         38 0.0000e+00
    460.000    454.737    -0.0585  28.693027    -0.0565  28.692839     4.7756     4.8681    -0.0039    93.0851 1.0000e-12  -74.02324 -113.12286  28.399141      28.82 4.4675e+01    804.771      19316  1029.7535  1029.7514    34.3321    34.3295    8.06002         38 0.0000e+00
    461.000    455.725    -0.0567  28.695498    -0.0547  28.695114     4.7798     4.8646    -0.0098    93.0938 1.0000e-12  -74.02324 -113.12286  28.399159      27.84 4.5172e+01    806.352      19353  1029.7586  1029.7564    34.3327    34.3300    8.05960         29 0.0000e+00
    462.000    456.712    -0.0565  28.696283    -0.0536  28.696879     4.7716     4.8682    -0.0125    93.0924 1.0000e-12  -74.02324 -113.12286  28.399177      26.77 4.5636e+01    807.909      19391  1029.7636  1029.7614    34.3330    34.3304    8.05955         35 0.0000e+00
    463.000    457.699    -0.0541  28.699292    -0.0520  28.699090     4.7695     4.8661    -0.0070    93.0712 1.0000e-12  -74.02324 -113.12286  28.399197      25.75 4.4848e+01    809.633      19432  1029.7687  1029.7665    34.3337    34.3311    8.05901         43 0.0000e+00
    464.000    458.687    -0.0541  28.699641    -0.0521  28.699520     4.7739     4.8666    -0.0106    93.0528 1.0000e-12  -74.02324 -113.12286  28.399217      24.70 4.5546e+01    811.370      19474  1029.7734  1029.7712    34.3335    34.3311    8.05901         39 0.0000e+00
