ocean_section_plots/required_files/ctd/dnbp2202_ctd225.cnv
* Sea-Bird SBE 9 Data File:
* FileName = D:\Data\raw\NBP2202_CTD225.hex
* Software Version Seasave V 7.26.7.121
* Temperature SN = 1649
* Conductivity SN = 2513
* Number of Bytes Per Scan = 40
* Number of Voltage Words = 5
* Number of Scans Averaged by the Deck Unit = 1
* NMEA Latitude = 73 57.30 S
* NMEA Longitude = 111 26.03 W
* NMEA UTC (Time) = Feb 12 2022  10:44:23
* NMEA baud rate = 9600
** Ship: RVIB N.B. Palmer
** Cruise: NBP2202 Thwaites
** Station: 135
** Operator: B. Bjork
# nquan = 28
# nvalues = 720                         
# units = specified
# name 0 = prDM: Pressure, Digiquartz [db]
# name 1 = depSM: Depth [salt water, m]
# name 2 = t090C: Temperature [ITS-90, deg C]
# name 3 = c0mS/cm: Conductivity [mS/cm]
# name 4 = t190C: Temperature, 2 [ITS-90, deg C]
# name 5 = c1mS/cm: Conductivity, 2 [mS/cm]
# name 6 = sbeox0ML/L: Oxygen, SBE 43 [ml/l]
# name 7 = sbeox1ML/L: Oxygen, SBE 43, 2 [ml/l]
# name 8 = flECO-AFL: Fluorescence, WET Labs ECO-AFL/FL [mg/m^3]
# name 9 = CStarTr0: Beam Transmission, WET Labs C-Star [%]
# name 10 = par: PAR/Irradiance, Biospherical/Licor
# name 11 = latitude: Latitude [deg]
# name 12 = longitude: Longitude [deg]
# name 13 = timeJ: Julian Days
# name 14 = altM: Altimeter [m]
# name 15 = spar: SPAR, Biospherical/Licor
# name 16 = timeS: Time, Elapsed [seconds]
# name 17 = scan: Scan Count
# name 18 = density00: Density [density, kg/m^3]
# name 19 = density11: Density, 2 [density, kg/m^3]
# name 20 = v3: Voltage 3
# name 21 = v4: Voltage 4
# name 22 = v5: Voltage 5
# name 23 = sal00: Salinity, Practical [PSU]
# name 24 = sal11: Salinity, Practical, 2 [PSU]
# name 25 = oxsolML/L: Oxygen Saturation, Garcia & Gordon [ml/l]
# name 26 = nbin: number of scans per bin
# name 27 = flag: flag
# span 0 =      2.000,    721.000       
# span 1 =      1.980,    712.306       
# span 2 =    -1.5783,     0.3862       
# span 3 =  26.993588,  29.329264       
# span 4 =    -1.5774,     0.3885       
# span 5 =  26.993773,  29.329495       
# span 6 =     4.6051,     8.2572       
# span 7 =     4.7260,     8.5132       
# span 8 =    -0.0151,    21.8659       
# span 9 =    76.9753,    97.6855       
# span 10 = -4.419e-05, 3.0077e+01      
# span 11 =  -73.95500,  -73.95500      
# span 12 = -111.43390, -111.43388      
# span 13 =  43.450341,  43.460184      
# span 14 =       3.57,     100.09      
# span 15 = 3.1274e+02, 3.9960e+02      
# span 16 =    246.439,   1096.919      
# span 17 =       5916,      26327      
# span 18 =  1027.2322,  1031.0996      
# span 19 =  1027.2317,  1031.0977      
# span 20 =     3.6518,     4.6340      
# span 21 =     0.0651,     2.8205      
# span 22 =     0.1084,     0.2175      
# span 23 =    33.8404,    34.5194      
# span 24 =    33.8393,    34.5173      
# span 25 =    7.95685,    8.41224      
# span 26 =         21,         48      
# span 27 = 0.0000e+00, 0.0000e+00      
# interval = decibars: 1                
# start_time = Feb 12 2022 10:44:23 [NMEA time, header]
# bad_flag = -9.990e-29
*END*
[from data line 156]
    158.000    156.306    -1.5685  27.045061    -1.5673  27.045013     6.4142     6.6219     0.2756    96.0118 1.0000e-12  -73.95500 -111.43390  43.453079      99.95 3.4714e+02    483.020      11593  1028.1158  1028.1145     4.5547     0.1320     0.1271    33.9926    33.9912    8.40956         24 0.0000e+00
    159.000    157.296    -1.5703  27.044966    -1.5693  27.044823     6.4118     6.6217     0.3085    95.9052 1.0000e-12  -73.95500 -111.43390  43.453090      99.96 3.4729e+02    484.006      11617  1028.1217  1028.1206     4.5497     0.1212     0.1261    33.9939    33.9926    8.40988         23 0.0000e+00
    160.000    158.284    -1.5704  27.045277    -1.5694  27.045336     6.4135     6.6193     0.3231    96.0912 1.0000e-12  -73.95500 -111.43390  43.453102      99.95 3.4729e+02    484.979      11640  1028.1264  1028.1255     4.5584     0.1300     0.1285    33.9938    33.9927    8.40991         24 0.0000e+00
    161.000    159.274    -1.5705  27.046033    -1.5695  27.046013     6.4122     6.6140     0.2663    95.9401 1.0000e-12  -73.95500 -111.43390  43.453113      99.95 3.4729e+02    485.964      11664  1028.1317  1028.1307     4.5512     0.1209     0.1310    33.9943    33.9932    8.40991         24 0.0000e+00
    162.000    160.262    -1.5713  27.046396    -1.5702  27.046370     6.4112     6.6102     0.3471    96.1267 1.0000e-12  -73.95500 -111.43390  43.453124      99.95 3.4729e+02    486.954      11688  1028.1372  1028.1360     4.5601     0.1651     0.1287    33.9951    33.9938    8.41004         23 0.0000e+00
    163.000    161.251    -1.5716  27.047034    -1.5706  27.047063     6.4072     6.6092     0.3205    96.2261 1.0000e-12  -73.95500 -111.43390  43.453136      99.95 3.4729e+02    487.934      11711  1028.1424  1028.1415     4.5648     0.1368     0.1312    33.9957    33.9946    8.41007         24 0.0000e+00
    164.000    162.240    -1.5716  27.047826    -1.5705  27.047742     6.4069     6.6064     0.2634    96.3211 1.0000e-12  -73.95500 -111.43390  43.453147      99.95 3.4729e+02    488.915      11735  1028.1477  1028.1465     4.5694     0.1163     0.1279    33.9962    33.9949    8.41005         23 0.0000e+00
    165.000    163.229    -1.5734  27.047516    -1.5716  27.048192     6.4108     6.6137     0.2701    96.3739 1.0000e-12  -73.95500 -111.43390  43.453159      92.62 3.4729e+02    489.904      11759  1028.1533  1028.1524     4.5718     0.1186     0.1350    33.9971    33.9961    8.41039         24 0.0000e+00
    166.000    164.217    -1.5740  27.047349    -1.5726  27.047654     6.4034     6.6131     0.3298    96.3659 1.0000e-12  -73.95500 -111.43390  43.453170     100.09 3.4729e+02    490.894      11782  1028.1581  1028.1570     4.5715     0.1098     0.1315    33.9971    33.9958    8.41055         23 0.0000e+00
    167.000    165.207    -1.5737  27.049488    -1.5722  27.049156     6.3913     6.6023     0.2805    96.3124 1.0000e-12  -73.95500 -111.43390  43.453181      99.95 3.4729e+02    491.873      11806  1028.1644  1028.1626     4.5689     0.1099     0.1298    33.9990    33.9968    8.41035         24 0.0000e+00
    168.000    166.196    -1.5720  27.051517    -1.5704  27.052265     6.3866     6.5981     0.2278    96.3489 1.0000e-12  -73.95500 -111.43390  43.453193      99.95 3.4729e+02    492.857      11830  1028.1693  1028.1686     4.5707     0.1077     0.1279    33.9992    33.9984    8.40994         24 0.0000e+00
    169.000    167.184    -1.5699  27.054397    -1.5688  27.054397     6.3861     6.5950     0.2287    96.2938 1.0000e-12  -73.95500 -111.43390  43.453204      99.95 3.4729e+02    493.843      11853  1028.1748  1028.1737     4.5681     0.1155     0.1351    34.0002    33.9989    8.40942         23 0.0000e+00
    170.000    168.173    -1.5698  27.054580    -1.5688  27.054644     6.3879     6.5998     0.2270    96.2028 1.0000e-12  -73.95500 -111.43390  43.453215      99.96 3.4729e+02    494.812      11876  1028.1792  1028.1783     4.5639     0.1004     0.1310    33.9997    33.9986    8.40943         23 0.0000e+00
    171.000    169.162    -1.5699  27.054962    -1.5687  27.055104     6.3865     6.5978     0.1745    96.4680 1.0000e-12  -73.95500 -111.43390  43.453227      99.95 3.4729e+02    495.788      11900  1028.1840  1028.1830     4.5762     0.0989     0.1289    33.9997    33.9986    8.40945         24 0.0000e+00
    172.000    170.152    -1.5704  27.054900    -1.5691  27.055161     6.3843     6.5979     0.1723    96.3710 1.0000e-12  -73.95500 -111.43390  43.453238      99.96 3.4707e+02    496.774      11924  1028.1888  1028.1877     4.5717     0.0961     0.1273    33.9996    33.9984    8.40957         24 0.0000e+00
    173.000    171.140    -1.5699  27.056369    -1.5691  27.055987     6.3872     6.5955     0.1460    96.4313 1.0000e-12  -73.95500 -111.43390  43.453249      99.95 3.4544e+02    497.756      11947  1028.1942  1028.1930     4.5745     0.1095     0.1288    34.0004    33.9990    8.40941         23 0.0000e+00
    174.000    172.127    -1.5687  27.058216    -1.5680  27.057927     6.3861     6.5873     0.1890    96.2579 1.0000e-12  -73.95500 -111.43390  43.453261      99.95 3.4649e+02    498.740      11971  1028.1994  1028.1984     4.5664     0.1079     0.1295    34.0010    33.9998    8.40911         24 0.0000e+00
    175.000    173.118    -1.5683  27.059240    -1.5671  27.059452     6.3876     6.5854     0.1965    96.3027 1.0000e-12  -73.95500 -111.43390  43.453272      99.96 3.4729e+02    499.730      11995  1028.2044  1028.2035     4.5685     0.0961     0.1278    34.0013    34.0002    8.40899         24 0.0000e+00
    176.000    174.106    -1.5677  27.060157    -1.5671  27.059605     6.3819     6.5813     0.1637    96.5175 1.0000e-12  -73.95500 -111.43390  43.453284      99.95 3.4678e+02    500.716      12018  1028.2092  1028.2080     4.5787     0.0944     0.1273    34.0013    33.9999    8.40886         24 0.0000e+00
    177.000    175.096    -1.5670  27.062026    -1.5662  27.061543     6.3785     6.5816     0.1681    96.5394 1.0000e-12  -73.95500 -111.43390  43.453295      99.95 3.4683e+02    501.700      12042  1028.2148  1028.2136     4.5797     0.1008     0.1258    34.0024    34.0009    8.40862         23 0.0000e+00
    178.000    176.083    -1.5668  27.062975    -1.5660  27.062726     6.3784     6.5824     0.1833    96.5473 1.0000e-12  -73.95500 -111.43390  43.453307      98.44 3.4744e+02    502.685      12065  1028.2201  1028.2190     4.5801     0.1026     0.1305    34.0029    34.0016    8.40856         24 0.0000e+00
    179.000    177.072    -1.5661  27.064272    -1.5650  27.064217     6.3701     6.5832     0.1901    96.5786 1.0000e-12  -73.95500 -111.43390  43.453318      95.68 3.4668e+02    503.664      12089  1028.2251  1028.2240     4.5815     0.0971     0.1340    34.0033    34.0019    8.40838         23 0.0000e+00
    180.000    178.063    -1.5644  27.066719    -1.5633  27.066463     6.3689     6.5752     0.2039    96.5752 1.0000e-12  -73.95500 -111.43390  43.453329      99.97 3.4648e+02    504.649      12113  1028.2305  1028.2292     4.5814     0.0939     0.1314    34.0041    34.0025    8.40794         24 0.0000e+00
    181.000    179.050    -1.5639  27.068917    -1.5627  27.068916     6.3718     6.5760     0.2144    96.4994 1.0000e-12  -73.95500 -111.43390  43.453341      99.95 3.4730e+02    505.637      12136  1028.2368  1028.2357     4.5778     0.0962     0.1289    34.0059    34.0046    8.40772         23 0.0000e+00
    182.000    180.039    -1.5621  27.071632    -1.5610  27.071585     6.3715     6.5658     0.1243    96.4559 1.0000e-12  -73.95500 -111.43390  43.453352      99.95 3.4729e+02    506.609      12160  1028.2424  1028.2412     4.5758     0.0938     0.1286    34.0070    34.0057    8.40726         24 0.0000e+00
    183.000    181.027    -1.5606  27.073759    -1.5594  27.073704     6.3711     6.5631     0.1316    96.6452 1.0000e-12  -73.95500 -111.43390  43.453363      99.95 3.4612e+02    507.597      12183  1028.2476  1028.2463     4.5847     0.0912     0.1289    34.0076    34.0062    8.40687         23 0.0000e+00
    184.000    182.018    -1.5576  27.077321    -1.5562  27.077565     6.3668     6.5653     0.1668    96.6219 1.0000e-12  -73.95500 -111.43390  43.453375      99.96 3.4732e+02    508.586      12207  1028.2529  1028.2518     4.5836     0.0940     0.1295    34.0085    34.0072    8.40615         24 0.0000e+00
    185.000    183.006    -1.5540  27.081917    -1.5532  27.081327     6.3658     6.5711     0.1169    96.6568 1.0000e-12  -73.95500 -111.43390  43.453386      99.95 3.4721e+02    509.567      12231  1028.2588  1028.2574     4.5853     0.0929     0.1299    34.0101    34.0084    8.40522         23 0.0000e+00
    186.000    183.993    -1.5532  27.083223    -1.5523  27.082828     6.3633     6.5626     0.1249    96.5823 1.0000e-12  -73.95500 -111.43390  43.453397      99.95 3.4579e+02    510.540      12254  1028.2638  1028.2626     4.5818     0.0980     0.1307    34.0104    34.0088    8.40503         24 0.0000e+00
    187.000    184.984    -1.5526  27.084192    -1.5514  27.084264     6.3606     6.5596     0.1269    96.6554 1.0000e-12  -73.95500 -111.43390  43.453409      99.95 3.4798e+02    511.533      12278  1028.2686  1028.2676     4.5852     0.0906     0.1297    34.0104    34.0091    8.40490         24 0.0000e+00
    188.000    185.972    -1.5525  27.084853    -1.5513  27.084641     6.3610     6.5641     0.1278    96.6267 1.0000e-12  -73.95500 -111.43390  43.453420      99.95 3.4854e+02    512.521      12301  1028.2736  1028.2723     4.5838     0.1113     0.1315    34.0105    34.0090    8.40486         24 0.0000e+00
    189.000    186.959    -1.5523  27.085522    -1.5512  27.085433     6.3595     6.5614     0.1666    96.5546 1.0000e-12  -73.95500 -111.43390  43.453432      99.96 3.4623e+02    513.493      12325  1028.2785  1028.2773     4.5804     0.0920     0.1328    34.0106    34.0092    8.40481         23 0.0000e+00
    190.000    187.950    -1.5523  27.086174    -1.5511  27.086069     6.3564     6.5614     0.2026    96.6175 1.0000e-12  -73.95500 -111.43390  43.453443      99.95 3.4779e+02    514.470      12348  1028.2835  1028.2823     4.5834     0.0910     0.1320    34.0109    34.0094    8.40479         24 0.0000e+00
    191.000    188.937    -1.5516  27.087356    -1.5506  27.087110     6.3572     6.5625     0.1527    96.6402 1.0000e-12  -73.95500 -111.43388  43.453454      91.32 3.4828e+02    515.455      12372  1028.2885  1028.2873     4.5845     0.0912     0.1305    34.0111    34.0097    8.40463         23 0.0000e+00
    192.000    189.927    -1.5504  27.089338    -1.5492  27.089199     6.3490     6.5542     0.1092    96.6698 1.0000e-12  -73.95500 -111.43390  43.453466      97.72 3.4696e+02    516.430      12395  1028.2938  1028.2925     4.5859     0.0954     0.1327    34.0118    34.0103    8.40430         23 0.0000e+00
    193.000    190.916    -1.5448  27.095640    -1.5434  27.095641     6.3462     6.5503     0.1392    96.6881 1.0000e-12  -73.95500 -111.43388  43.453477      99.98 3.4908e+02    517.409      12419  1028.2996  1028.2983     4.5868     0.0962     0.1331    34.0135    34.0119    8.40294         24 0.0000e+00
    194.000    191.904    -1.5414  27.099511    -1.5404  27.099196     6.3491     6.5547     0.1388    96.6351 1.0000e-12  -73.95500 -111.43390  43.453488      99.95 3.4905e+02    518.399      12443  1028.3050  1028.3037     4.5842     0.0906     0.1288    34.0144    34.0129    8.40213         24 0.0000e+00
    195.000    192.893    -1.5387  27.103119    -1.5376  27.102936     6.3495     6.5465     0.1388    96.5503 1.0000e-12  -73.95500 -111.43390  43.453500      99.95 3.4818e+02    519.386      12466  1028.3107  1028.3094     4.5802     0.0950     0.1290    34.0157    34.0141    8.40143         24 0.0000e+00
    196.000    193.883    -1.5369  27.105650    -1.5357  27.105505     6.3425     6.5485     0.1334    96.1858 1.0000e-12  -73.95500 -111.43390  43.453511      99.95 3.4942e+02    520.369      12490  1028.3161  1028.3148     4.5629     0.0947     0.1314    34.0165    34.0150    8.40098         23 0.0000e+00
    197.000    194.869    -1.5339  27.109713    -1.5327  27.109791     6.3395     6.5457     0.1272    96.6606 1.0000e-12  -73.95500 -111.43390  43.453523      99.95 3.4934e+02    521.358      12514  1028.3221  1028.3210     4.5854     0.0947     0.1299    34.0181    34.0168    8.40022         24 0.0000e+00
    198.000    195.859    -1.5292  27.115611    -1.5281  27.115521     6.3308     6.5354     0.1939    96.6132 1.0000e-12  -73.95500 -111.43390  43.453534      99.96 3.4805e+02    522.339      12537  1028.3284  1028.3272     4.5832     0.0887     0.1298    34.0203    34.0188    8.39902         23 0.0000e+00
    199.000    196.847    -1.5262  27.119594    -1.5248  27.119580     6.3299     6.5354     0.2220    96.6667 1.0000e-12  -73.95500 -111.43390  43.453545      99.95 3.4906e+02    523.318      12561  1028.3342  1028.3329     4.5858     0.0960     0.1307    34.0217    34.0201    8.39825         24 0.0000e+00
    200.000    197.837    -1.5234  27.122900    -1.5221  27.122926     6.3329     6.5360     0.1380    96.7313 1.0000e-12  -73.95500 -111.43390  43.453557      99.96 3.4920e+02    524.304      12584  1028.3395  1028.3383     4.5888     0.0932     0.1311    34.0225    34.0211    8.39758         24 0.0000e+00
    201.000    198.825    -1.5211  27.125786    -1.5200  27.125620     6.3297     6.5383     0.1524    96.7032 1.0000e-12  -73.95500 -111.43390  43.453568      99.96 3.4837e+02    525.283      12608  1028.3448  1028.3436     4.5875     0.0939     0.1328    34.0231    34.0217    8.39700         23 0.0000e+00
    202.000    199.814    -1.5196  27.128202    -1.5184  27.128037     6.3409     6.5286     0.1489    96.6891 1.0000e-12  -73.95500 -111.43390  43.453579      99.95 3.4919e+02    526.259      12631  1028.3504  1028.3490     4.5868     0.0935     0.1300    34.0241    34.0226    8.39661         24 0.0000e+00
    203.000    200.804    -1.5171  27.131363    -1.5160  27.131291     6.3370     6.5335     0.2495    96.7297 1.0000e-12  -73.95500 -111.43390  43.453591      99.95 3.4936e+02    527.246      12655  1028.3559  1028.3547     4.5887     0.0951     0.1307    34.0251    34.0238    8.39600         23 0.0000e+00
    204.000    201.791    -1.5160  27.133145    -1.5148  27.133071     6.3297     6.5265     0.1776    96.6283 1.0000e-12  -73.95500 -111.43390  43.453602      99.96 3.4934e+02    528.224      12678  1028.3611  1028.3599     4.5839     0.0915     0.1296    34.0256    34.0242    8.39571         24 0.0000e+00
    205.000    202.779    -1.5139  27.136048    -1.5128  27.135884     6.3302     6.5240     0.1628    96.7369 1.0000e-12  -73.95500 -111.43390  43.453613      98.99 3.4920e+02    529.202      12702  1028.3666  1028.3653     4.5891     0.0922     0.1266    34.0267    34.0251    8.39519         23 0.0000e+00
    206.000    203.769    -1.5117  27.138932    -1.5107  27.138503     6.3285     6.5225     0.1320    96.7318 1.0000e-12  -73.95500 -111.43390  43.453625      99.95 3.4934e+02    530.190      12726  1028.3720  1028.3706     4.5888     0.0889     0.1286    34.0275    34.0258    8.39463         24 0.0000e+00
    207.000    204.756    -1.5095  27.141974    -1.5082  27.141943     6.3286     6.5188     0.1375    96.6884 1.0000e-12  -73.95500 -111.43390  43.453636      99.95 3.4978e+02    531.174      12749  1028.3775  1028.3762     4.5868     0.0883     0.1273    34.0285    34.0270    8.39407         24 0.0000e+00
    208.000    205.747    -1.5062  27.145877    -1.5049  27.145831     6.3233     6.5220     0.1537    96.6829 1.0000e-12  -73.95500 -111.43390  43.453648      99.96 3.4966e+02    532.157      12773  1028.3830  1028.3818     4.5865     0.0860     0.1271    34.0295    34.0280    8.39326         23 0.0000e+00
