ocean_section_plots/required_files/ctd/dnbp2202_ctd139.cnv
* Sea-Bird SBE 9 Data File:
* FileName = D:\Data\raw\NBP2202_CTD139.hex
* Software Version Seasave V 7.26.7.121
* Temperature SN = 1649
* Conductivity SN = 2513
* Number of Bytes Per Scan = 40
* Number of Voltage Words = 5
* Number of Scans Averaged by the Deck Unit = 1
* NMEA Latitude = 74 01.74 S
* NMEA Longitude = 113 20.67 W
* NMEA UTC (Time) = Jan 29 2022  07:08:00
* NMEA baud rate = 9600
** Ship: RVIB N.B. Palmer
** Cruise: NBP2202 Thwaites
** Station: 68
** Operator: B. Bjork
# nquan = 25
# nvalues = 258                         
# units = specified
# name 0 = prDM: Pressure, Digiquartz [db]
# name 1 = depSM: Depth [salt water, m]
# name 2 = t090C: Temperature [ITS-90, deg C]
# name 3 = c0mS/cm: Conductivity [mS/cm]
# name 4 = t190C: Temperature, 2 [ITS-90, deg C]
# name 5 = c1mS/cm: Conductivity, 2 [mS/cm]
# name 6 = sbeox0ML/L: Oxygen, SBE 43 [ml/l]
# name 7 = sbeox1ML/L: Oxygen, SBE 43, 2 [ml/l]
# name 8 = flECO-AFL: Fluorescence, WET Labs ECO-AFL/FL [mg/m^3]
# name 9 = CStarTr0: Beam Transmission, WET Labs C-Star [%]
# name 10 = par: PAR/Irradiance, Biospherical/Licor
# name 11 = latitude: Latitude [deg]
# name 12 = longitude: Longitude [deg]
# name 13 = timeJ: Julian Days
# name 14 = altM: Altimeter [m]
# name 15 = spar: SPAR, Biospherical/Licor
# name 16 = timeS: Time, Elapsed [seconds]
# name 17 = scan: Scan Count
# name 18 = density00: Density [density, kg/m^3]
# name 19 = density11: Density, 2 [density, kg/m^3]
# name 20 = sal00: Salinity, Practical [PSU]
# name 21 = sal11: Salinity, Practical, 2 [PSU]
# name 22 = oxsolML/L: Oxygen Saturation, Garcia & Gordon [ml/l]
# name 23 = nbin: number of scans per bin
# name 24 = flag: flag
# span 0 =      3.000,    260.000       
# span 1 =      2.976,    257.144       
# span 2 =    -1.3545,    -0.6925       
# span 3 =  27.105469,  27.898581       
# span 4 =    -1.3548,    -0.6910       
# span 5 =  27.105395,  27.898296       
# span 6 =     5.0346,     8.7219       
# span 7 =     5.1436,     8.9533       
# span 8 =    -0.0189,    28.2366       
# span 9 =    66.7623,    93.6518       
# span 10 = 1.0000e-12, 3.2096e+00      
# span 11 =  -74.02906,  -74.02904      
# span 12 = -113.34464, -113.34462      
# span 13 =  29.299603,  29.304502      
# span 14 =      -0.03,     100.24      
# span 15 = 1.9177e+01, 2.9232e+01      
# span 16 =    205.691,    628.888      
# span 17 =       4938,      15094      
# span 18 =  1027.1800,  1028.6615      
# span 19 =  1027.1817,  1028.6591      
# span 20 =    33.7809,    34.1086      
# span 21 =    33.7822,    34.1065      
# span 22 =    8.20858,    8.36829      
# span 23 =          1,         46      
# span 24 = 0.0000e+00, 0.0000e+00      
# interval = decibars: 1                
# start_time = Jan 29 2022 07:08:00 [NMEA time, header]
# bad_flag = -9.990e-29
*END*
[from data line 174]
    177.000    175.094    -1.1062  27.447919    -1.1057  27.447174     5.4068     5.5351     0.0171    93.6033 1.0000e-12  -74.02906 -113.34464  29.302608      88.36 2.7294e+01    465.332      11169  1028.2016  1028.2002    34.0091    34.0075    8.30503         29 0.0000e+00
    178.000    176.083    -1.0911  27.463400    -1.0900  27.462955     5.3951     5.5223     0.0447    93.5990 1.0000e-12  -74.02906 -113.34463  29.302622      87.30 2.7959e+01    466.535      11198  1028.2083  1028.2068    34.0125    34.0107    8.30149         29 0.0000e+00
    179.000    177.071    -1.0799  27.474780    -1.0788  27.474748     5.3749     5.5014    -0.0084    93.6271 1.0000e-12  -74.02906 -113.34464  29.302636      86.24 2.7577e+01    467.727      11226  1028.2145  1028.2133    34.0148    34.0134    8.29888         28 0.0000e+00
    180.000    178.061    -1.0644  27.490405    -1.0605  27.492551     5.3651     5.4915    -0.0107    93.6470 1.0000e-12  -74.02906 -113.34464  29.302650      85.16 2.7842e+01    468.919      11255  1028.2210  1028.2195    34.0179    34.0165    8.29526         29 0.0000e+00
    181.000    179.049    -1.0527  27.501679    -1.0508  27.502292     5.3559     5.4766    -0.0017    93.6205 1.0000e-12  -74.02906 -113.34464  29.302663      84.32 2.7955e+01    470.110      11284  1028.2264  1028.2253    34.0194    34.0181    8.29258         28 0.0000e+00
    182.000    180.039    -1.0480  27.506460    -1.0477  27.505507     5.3387     5.4668     0.0060    93.6020 1.0000e-12  -74.02906 -113.34464  29.302677      83.21 2.7316e+01    471.287      11312  1028.2317  1028.2304    34.0200    34.0184    8.29151         28 0.0000e+00
    183.000    181.026    -1.0388  27.515539    -1.0367  27.516437     5.3282     5.4523     0.0109    93.6290 1.0000e-12  -74.02906 -113.34464  29.302691      82.09 2.7293e+01    472.463      11340  1028.2372  1028.2361    34.0214    34.0202    8.28940         27 0.0000e+00
    184.000    182.016    -1.0255  27.528578    -1.0266  27.526245     5.3223     5.4419    -0.0108    93.6518 1.0000e-12  -74.02906 -113.34464  29.302704      81.00 2.7712e+01    473.645      11368  1028.2430  1028.2416    34.0235    34.0215    8.28634         29 0.0000e+00
    185.000    183.005    -1.0228  27.531640    -1.0215  27.531555     5.3157     5.4402    -0.0043    93.6122 1.0000e-12  -74.02906 -113.34464  29.302718      80.16 2.7427e+01    474.815      11397  1028.2482  1028.2469    34.0239    34.0223    8.28571         27 0.0000e+00
    186.000    183.993    -1.0154  27.538958    -1.0138  27.539296     5.3092     5.4309    -0.0088    93.6159 1.0000e-12  -74.02906 -113.34464  29.302732      79.00 2.7846e+01    476.014      11425  1028.2536  1028.2524    34.0249    34.0236    8.28401         29 0.0000e+00
    187.000    184.983    -1.0121  27.542620    -1.0120  27.541585     5.3095     5.4225    -0.0090    93.6167 1.0000e-12  -74.02906 -113.34464  29.302745      77.93 2.7902e+01    477.198      11454  1028.2589  1028.2577    34.0256    34.0241    8.28326         29 0.0000e+00
    188.000    185.971    -1.0039  27.551410    -1.0028  27.551255     5.3134     5.4251     0.0091    93.5997 1.0000e-12  -74.02906 -113.34464  29.302759      77.06 2.7954e+01    478.382      11482  1028.2650  1028.2638    34.0276    34.0262    8.28132         28 0.0000e+00
    189.000    186.959    -1.0012  27.554575    -1.0011  27.553450     5.3101     5.4256    -0.0125    93.6086 1.0000e-12  -74.02906 -113.34464  29.302773      75.79 2.7641e+01    479.556      11510  1028.2703  1028.2690    34.0282    34.0266    8.28068         28 0.0000e+00
    190.000    187.948    -1.0010  27.555092    -1.0008  27.554172     5.3139     5.4265     0.0818    93.6106 1.0000e-12  -74.02906 -113.34464  29.302786      74.72 2.7513e+01    480.737      11539  1028.2752  1028.2740    34.0282    34.0267    8.28066         28 0.0000e+00
    191.000    188.937    -0.9978  27.559621    -0.9971  27.558896     5.3205     5.4285    -0.0163    93.6105 1.0000e-12  -74.02906 -113.34464  29.302800      73.99 2.8215e+01    481.932      11567  1028.2815  1028.2800    34.0301    34.0284    8.27984         29 0.0000e+00
    192.000    189.927    -0.9943  27.564412    -0.9936  27.563933     5.3127     5.4252     0.0020    93.6246 1.0000e-12  -74.02906 -113.34464  29.302814      72.88 2.7482e+01    483.117      11596  1028.2878  1028.2865    34.0321    34.0306    8.27896         29 0.0000e+00
    193.000    190.915    -0.9910  27.568539    -0.9899  27.568319     5.3073     5.4238     0.0363    93.6115 1.0000e-12  -74.02906 -113.34464  29.302828      71.53 2.7889e+01    484.306      11624  1028.2934  1028.2921    34.0333    34.0317    8.27814         28 0.0000e+00
    194.000    191.903    -0.9783  27.581955    -0.9788  27.580219     5.3011     5.4244    -0.0150    93.5985 1.0000e-12  -74.02906 -113.34463  29.302841      70.56 2.8208e+01    485.485      11653  1028.3001  1028.2987    34.0366    34.0347    8.27516         28 0.0000e+00
    195.000    192.892    -0.9738  27.587160    -0.9723  27.587323     5.2914     5.4115    -0.0113    93.6097 1.0000e-12  -74.02906 -113.34463  29.302855      69.37 2.7511e+01    486.650      11681  1028.3059  1028.3046    34.0379    34.0365    8.27408         28 0.0000e+00
    196.000    193.881    -0.9664  27.595002    -0.9648  27.595187     5.2829     5.4025    -0.0065    93.6011 1.0000e-12  -74.02906 -113.34463  29.302869      68.43 2.8202e+01    487.848      11709  1028.3116  1028.3102    34.0397    34.0380    8.27236         30 0.0000e+00
    197.000    194.870    -0.9570  27.603952    -0.9575  27.602408     5.2642     5.3796    -0.0167    93.6162 1.0000e-12  -74.02906 -113.34464  29.302883      67.26 2.8206e+01    489.071      11739  1028.3167  1028.3155    34.0406    34.0390    8.27024         28 0.0000e+00
    198.000    195.858    -0.9522  27.609015    -0.9515  27.608244     5.2472     5.3712    -0.0105    93.6198 1.0000e-12  -74.02906 -113.34462  29.302896      66.25 2.8206e+01    490.249      11767  1028.3220  1028.3204    34.0414    34.0395    8.26913         28 0.0000e+00
    199.000    196.848    -0.9412  27.618892    -0.9407  27.618018     5.2389     5.3606    -0.0120    93.6096 1.0000e-12  -74.02906 -113.34464  29.302910      65.30 2.8070e+01    491.424      11795  1028.3265  1028.3251    34.0418    34.0401    8.26669         29 0.0000e+00
    200.000    197.835    -0.9384  27.622012    -0.9397  27.619442     5.2307     5.3503     0.0090    93.6031 1.0000e-12  -74.02906 -113.34463  29.302924      64.33 2.8144e+01    492.616      11824  1028.3317  1028.3301    34.0423    34.0403    8.26605         28 0.0000e+00
    201.000    198.824    -0.9305  27.629388    -0.9312  27.627536     5.2222     5.3345    -0.0031    93.6152 1.0000e-12  -74.02906 -113.34463  29.302937      63.27 2.7194e+01    493.777      11852  1028.3364  1028.3351    34.0428    34.0410    8.26429         28 0.0000e+00
    202.000    199.813    -0.9242  27.635563    -0.9238  27.634769     5.2163     5.3287    -0.0071    93.5969 1.0000e-12  -74.02906 -113.34463  29.302951      62.13 2.8074e+01    494.930      11879  1028.3415  1028.3401    34.0435    34.0418    8.26287         28 0.0000e+00
    203.000    200.802    -0.9218  27.638268    -0.9212  27.637555     5.2081     5.3202    -0.0067    93.5928 1.0000e-12  -74.02906 -113.34462  29.302964      61.15 2.8205e+01    496.117      11908  1028.3465  1028.3451    34.0438    34.0421    8.26231         29 0.0000e+00
    204.000    201.791    -0.9184  27.642109    -0.9178  27.641250     5.2046     5.3177    -0.0072    93.5903 1.0000e-12  -74.02906 -113.34464  29.302978      60.09 2.8206e+01    497.314      11937  1028.3518  1028.3503    34.0445    34.0427    8.26152         28 0.0000e+00
    205.000    202.779    -0.9116  27.649210    -0.9106  27.648632     5.1984     5.3078    -0.0094    93.5910 1.0000e-12  -74.02906 -113.34463  29.302992      58.97 2.8206e+01    498.493      11965  1028.3573  1028.3557    34.0458    34.0440    8.25994         29 0.0000e+00
    206.000    203.768    -0.9047  27.656234    -0.9038  27.655630     5.1857     5.3029    -0.0059    93.5848 1.0000e-12  -74.02906 -113.34463  29.303006      57.98 2.8206e+01    499.690      11994  1028.3626  1028.3611    34.0470    34.0452    8.25836         28 0.0000e+00
    207.000    204.756    -0.8965  27.664571    -0.8952  27.664185     5.1865     5.3019    -0.0189    93.5624 1.0000e-12  -74.02906 -113.34463  29.303019      56.88 2.8206e+01    500.871      12022  1028.3682  1028.3666    34.0484    34.0465    8.25648         28 0.0000e+00
    208.000    205.745    -0.8926  27.668644    -0.8914  27.668497     5.1907     5.3016    -0.0094    93.5878 1.0000e-12  -74.02906 -113.34463  29.303033      55.94 2.8206e+01    502.031      12050  1028.3733  1028.3719    34.0490    34.0473    8.25560         28 0.0000e+00
    209.000    206.734    -0.8933  27.669193    -0.8924  27.668631     5.1907     5.3036    -0.0044    93.5714 1.0000e-12  -74.02906 -113.34464  29.303046      54.82 2.8206e+01    503.212      12078  1028.3790  1028.3776    34.0498    34.0481    8.25570         29 0.0000e+00
    210.000    207.723    -0.8900  27.673055    -0.8891  27.672546     5.1816     5.2915     0.0014    93.5646 1.0000e-12  -74.02906 -113.34462  29.303060      53.94 2.8206e+01    504.392      12106  1028.3844  1028.3830    34.0508    34.0491    8.25492         28 0.0000e+00
    211.000    208.711    -0.8870  27.676867    -0.8861  27.676233     5.1738     5.2846    -0.0093    93.5661 1.0000e-12  -74.02906 -113.34463  29.303074      52.76 2.8206e+01    505.565      12135  1028.3900  1028.3885    34.0519    34.0501    8.25420         29 0.0000e+00
    212.000    209.701    -0.8739  27.690019    -0.8730  27.689112     5.1755     5.2848     0.0077    93.5719 1.0000e-12  -74.02906 -113.34463  29.303088      51.79 2.8206e+01    506.764      12163  1028.3960  1028.3941    34.0544    34.0522    8.25118         28 0.0000e+00
    213.000    210.688    -0.8680  27.696282    -0.8678  27.695045     5.1683     5.2808    -0.0019    93.5653 1.0000e-12  -74.02906 -113.34463  29.303101      50.84 2.8206e+01    507.963      12192  1028.4014  1028.3999    34.0556    34.0537    8.24981         28 0.0000e+00
    214.000    211.677    -0.8704  27.695081    -0.8670  27.696518     5.1854     5.3023     0.0011    93.5518 1.0000e-12  -74.02906 -113.34464  29.303115      49.70 2.8206e+01    509.130      12220  1028.4069  1028.4052    34.0560    34.0542    8.25031         29 0.0000e+00
    215.000    212.666    -0.8693  27.696765    -0.8717  27.693767     5.2111     5.3262    -0.0137    93.5460 1.0000e-12  -74.02906 -113.34462  29.303130      48.66 2.8206e+01    510.401      12251  1028.4121  1028.4112    34.0565    34.0551    8.25005         32 0.0000e+00
    216.000    213.654    -0.8943  27.676302    -0.8931  27.675873     5.1884     5.3036    -0.0101    93.5551 1.0000e-12  -74.02906 -113.34464  29.303145      47.66 2.8206e+01    511.760      12283  1028.4187  1028.4170    34.0563    34.0544    8.25554         33 0.0000e+00
    217.000    214.644    -0.8661  27.702808    -0.8609  27.704195     5.1522     5.2674    -0.0101    93.5451 1.0000e-12  -74.02906 -113.34464  29.303162      46.57 2.7013e+01    513.216      12318  1028.4242  1028.4206    34.0598    34.0559    8.24915         39 0.0000e+00
    218.000    215.631    -0.8391  27.727487    -0.8372  27.726898     5.1202     5.2372     0.4073    93.5382 1.0000e-12  -74.02906 -113.34464  29.303183      45.52 2.8089e+01    514.983      12361  1028.4291  1028.4267    34.0622    34.0593    8.24310         39 0.0000e+00
    219.000    216.621    -0.8254  27.740875    -0.8227  27.740980     5.0982     5.2142    -0.0017    93.5377 1.0000e-12  -74.02906 -113.34464  29.303204      44.48 2.8247e+01    516.860      12406  1028.4349  1028.4324    34.0643    34.0614    8.23999         39 0.0000e+00
    220.000    217.608    -0.8126  27.753007    -0.8113  27.752096     5.0793     5.2004    -0.0134    93.5534 1.0000e-12  -74.02906 -113.34464  29.303226      43.45 2.6804e+01    518.703      12450  1028.4401  1028.4379    34.0656    34.0629    8.23710         41 0.0000e+00
    221.000    218.598    -0.7982  27.766958    -0.7969  27.765911     5.0730     5.1856    -0.0127    93.5297 1.0000e-12  -74.02906 -113.34464  29.303247      42.47 2.7961e+01    520.559      12494  1028.4458  1028.4435    34.0677    34.0648    8.23384         38 0.0000e+00
    222.000    219.584    -0.7923  27.772834    -0.7910  27.772219     5.0662     5.1790    -0.0177    93.5281 1.0000e-12  -74.02906 -113.34464  29.303270      41.42 2.8337e+01    522.530      12542  1028.4510  1028.4492    34.0683    34.0661    8.23251         42 0.0000e+00
    223.000    220.575    -0.7855  27.779729    -0.7844  27.779051     5.0610     5.1746    -0.0106    93.5184 1.0000e-12  -74.02906 -113.34464  29.303293      40.36 2.6857e+01    524.517      12589  1028.4565  1028.4546    34.0694    34.0672    8.23097         37 0.0000e+00
    224.000    221.563    -0.7810  27.784983    -0.7798  27.784130     5.0523     5.1626    -0.0033    93.5161 1.0000e-12  -74.02906 -113.34464  29.303316      39.24 2.8047e+01    526.463      12636  1028.4623  1028.4602    34.0708    34.0683    8.22991         38 0.0000e+00
    225.000    222.552    -0.7700  27.796179    -0.7687  27.795482     5.0481     5.1585    -0.0088    93.5104 1.0000e-12  -74.02906 -113.34464  29.303339      38.28 2.8362e+01    528.467      12684  1028.4682  1028.4662    34.0730    34.0706    8.22738         43 0.0000e+00
    226.000    223.540    -0.7649  27.801425    -0.7636  27.800872     5.0477     5.1572    -0.0163    93.4955 1.0000e-12  -74.02906 -113.34464  29.303362      37.29 2.7442e+01    530.520      12733  1028.4735  1028.4716    34.0737    34.0715    8.22623         42 0.0000e+00
    227.000    224.529    -0.7664  27.800898    -0.7649  27.800621     5.0555     5.1606    -0.0077    93.4839 1.0000e-12  -74.02906 -113.34464  29.303386      36.26 2.7837e+01    532.523      12782  1028.4789  1028.4771    34.0741    34.0720    8.22653         43 0.0000e+00
    228.000    225.517    -0.7661  27.801924    -0.7652  27.800933     5.0541     5.1562    -0.0080    93.4919 1.0000e-12  -74.02906 -113.34464  29.303410      35.24 2.8084e+01    534.603      12831  1028.4841  1028.4821    34.0745    34.0721    8.22644         44 0.0000e+00
    229.000    226.505    -0.7629  27.805771    -0.7616  27.805263     5.0548     5.1634    -0.0123    93.4743 1.0000e-12  -74.02906 -113.34464  29.303433      34.26 2.7790e+01    536.652      12881  1028.4896  1028.4877    34.0755    34.0733    8.22569         42 0.0000e+00
    230.000    227.495    -0.7593  27.810173    -0.7572  27.810254     5.0559     5.1639    -0.0075    93.4746 1.0000e-12  -74.02906 -113.34464  29.303456      33.16 2.7344e+01    538.630      12928  1028.4952  1028.4932    34.0768    34.0745    8.22483         41 0.0000e+00
    231.000    228.486    -0.7606  27.810439    -0.7596  27.809765     5.0709     5.1819    -0.0134    93.4867 1.0000e-12  -74.02906 -113.34464  29.303480      32.13 2.7982e+01    540.672      12977  1028.5011  1028.4995    34.0780    34.0759    8.22504         31 0.0000e+00
    232.000    229.472    -0.7709  27.802721    -0.7701  27.802020     5.0925     5.1999    -0.0072    93.4764 1.0000e-12  -74.02906 -113.34464  29.303505      31.12 2.7996e+01    542.793      13028  1028.5072  1028.5057    34.0786    34.0767    8.22726         42 0.0000e+00
    233.000    230.460    -0.7761  27.799323    -0.7746  27.798989     5.0968     5.2049    -0.0129    93.4739 1.0000e-12  -74.02906 -113.34464  29.303527      30.14 2.5781e+01    544.764      13075  1028.5128  1028.5110    34.0792    34.0770    8.22835         40 0.0000e+00
