ocean_section_plots/required_files/ctd/dnbp2202_ctd057.cnv
* Sea-Bird SBE 9 Data File:
* FileName = D:\Data\raw\NBP2202_CTD057.hex
* Software Version Seasave V 7.26.7.121
* Temperature SN = 1649
* Conductivity SN = 2513
* Number of Bytes Per Scan = 40
* Number of Voltage Words = 5
* Number of Scans Averaged by the Deck Unit = 1
* NMEA Latitude = 74 13.90 S
* NMEA Longitude = 112 15.37 W
* NMEA UTC (Time) = Jan 24 2022  16:10:30
* NMEA baud rate = 9600
** Ship: RVIB N.B. Palmer
** Cruise: NBP2202 Thwaites
** Station: Section Dotson C
** Operator: A. Robinson
# nquan = 25
# nvalues = 1023                        
# units = specified
# name 0 = prDM: Pressure, Digiquartz [db]
# name 1 = depSM: Depth [salt water, m]
# name 2 = t090C: Temperature [ITS-90, deg C]
# name 3 = c0mS/cm: Conductivity [mS/cm]
# name 4 = t190C: Temperature, 2 [ITS-90, deg C]
# name 5 = c1mS/cm: Conductivity, 2 [mS/cm]
# name 6 = sbeox0ML/L: Oxygen, SBE 43 [ml/l]
# name 7 = sbeox1ML/L: Oxygen, SBE 43, 2 [ml/l]
# name 8 = flECO-AFL: Fluorescence, WET Labs ECO-AFL/FL [mg/m^3]
# name 9 = CStarTr0: Beam Transmission, WET Labs C-Star [%]
# name 10 = par: PAR/Irradiance, Biospherical/Licor
# name 11 = latitude: Latitude [deg]
# name 12 = longitude: Longitude [deg]
# name 13 = timeJ: Julian Days
# name 14 = altM: Altimeter [m]
# name 15 = spar: SPAR, Biospherical/Licor
# name 16 = timeS: Time, Elapsed [seconds]
# name 17 = scan: Scan Count
# name 18 = density00: Density [density, kg/m^3]
# name 19 = density11: Density, 2 [density, kg/m^3]
# name 20 = sal00: Salinity, Practical [PSU]
# name 21 = sal11: Salinity, Practical, 2 [PSU]
# name 22 = oxsolML/L: Oxygen Saturation, Garcia & Gordon [ml/l]
# name 23 = nbin: number of scans per bin
# name 24 = flag: flag
# span 0 =      2.000,   1024.000       
# span 1 =      1.982,   1010.904       
# span 2 =    -1.5218,     0.5381       
# span 3 =  27.075295,  29.619156       
# span 4 =    -1.5216,     0.5402       
# span 5 =  27.075113,  29.618992       
# span 6 =     4.5757,     8.4515       
# span 7 =     4.7632,     8.7980       
# span 8 =    -0.0139,    18.7503       
# span 9 =    72.6230,    97.0776       
# span 10 = 1.0000e-12, 3.2054e+02      
# span 11 =  -74.23168,  -74.23166      
# span 12 = -112.25628, -112.25624      
# span 13 =  24.676199,  24.691883      
# span 14 =       3.41,     102.06      
# span 15 = 7.6637e+02, 8.4392e+02      
# span 16 =    193.614,   1548.715      
# span 17 =       4648,      37170      
# span 18 =  1027.1943,  1032.5294      
# span 19 =  1027.1966,  1032.5272      
# span 20 =    33.7983,    34.5558      
# span 21 =    33.7997,    34.5533      
# span 22 =    7.92363,    8.40041      
# span 23 =         13,         48      
# span 24 = 0.0000e+00, 0.0000e+00      
# interval = decibars: 1                
# start_time = Jan 24 2022 16:10:30 [NMEA time, header]
# bad_flag = -9.990e-29
*END*
      2.000      1.982    -1.0794  27.238285    -1.0819  27.238261     8.2646     7.8588    13.3711    73.1086 3.2054e+02  -74.23168 -112.25626  24.676199      47.58 7.6637e+02    193.614       4648  1027.1943  1027.1966    33.8012    33.8040    8.31131         21 0.0000e+00
      3.000      2.969    -1.0842  27.235353    -1.0868  27.234878     8.2929     7.9103     9.5052    74.0678 2.3164e+02  -74.23168 -112.25626  24.676269     102.06 7.6687e+02    199.670       4793  1027.1999  1027.2019    33.8020    33.8044    8.31233         35 0.0000e+00
      4.000      3.959    -1.0827  27.236374    -1.0838  27.236719     8.3008     7.9822     9.7249    74.0497 1.6569e+02  -74.23168 -112.25627  24.676292      99.42 7.6685e+02    201.636       4840  1027.2039  1027.2053    33.8011    33.8028    8.31206         37 0.0000e+00
      5.000      4.947    -1.0848  27.235553    -1.0860  27.235971     8.2853     8.0496    10.7166    73.7931 1.1833e+02  -74.23168 -112.25626  24.676317      93.98 7.6685e+02    203.761       4891  1027.2093  1027.2109    33.8017    33.8037    8.31248         39 0.0000e+00
      6.000      5.938    -1.0818  27.238251    -1.0805  27.239871     8.4094     8.2086    10.7916    73.6913 8.6470e+01  -74.23168 -112.25626  24.676341      96.42 7.6685e+02    205.831       4941  1027.2137  1027.2141    33.8015    33.8021    8.31184         35 0.0000e+00
      7.000      6.928    -1.0782  27.239970    -1.0814  27.239147     8.4326     8.3126    13.8475    74.1114 6.4042e+01  -74.23168 -112.25626  24.676364      99.41 7.6736e+02    207.881       4990  1027.2164  1027.2185    33.7991    33.8016    8.31118         40 0.0000e+00
      8.000      7.917    -1.0798  27.238985    -1.0834  27.237854     8.4063     8.3980    14.2319    73.7166 4.8271e+01  -74.23168 -112.25626  24.676388      99.55 7.6866e+02    209.955       5040  1027.2212  1027.2234    33.7989    33.8015    8.31154         45 0.0000e+00
      9.000      8.906    -1.0817  27.238233    -1.0829  27.238514     8.3944     8.4737    14.7575    73.4704 3.6800e+01  -74.23168 -112.25626  24.676413      99.57 7.6862e+02    212.058       5090  1027.2265  1027.2279    33.7994    33.8012    8.31194         41 0.0000e+00
     10.000      9.896    -1.0819  27.238578    -1.0834  27.238544     8.4126     8.5530    17.1542    73.0018 2.8100e+01  -74.23168 -112.25626  24.676437      99.74 7.6862e+02    214.136       5140  1027.2313  1027.2327    33.7995    33.8011    8.31197         45 0.0000e+00
     11.000     10.886    -1.0797  27.240356    -1.0808  27.240599     8.4158     8.6198    16.0130    73.8223 2.1386e+01  -74.23168 -112.25627  24.676462      99.65 7.6897e+02    216.355       5194  1027.2355  1027.2368    33.7988    33.8004    8.31153         42 0.0000e+00
     12.000     11.876    -1.0795  27.241226    -1.0808  27.241237     8.4234     8.6851    16.7170    74.1449 1.6396e+01  -74.23168 -112.25627  24.676490      97.62 7.7083e+02    218.726       5250  1027.2405  1027.2418    33.7991    33.8006    8.31146         46 0.0000e+00
     13.000     12.866    -1.0783  27.242383    -1.0794  27.242674     8.4194     8.7228    17.9722    74.4688 1.2662e+01  -74.23168 -112.25627  24.676516      99.79 7.7070e+02    221.012       5305  1027.2450  1027.2464    33.7988    33.8004    8.31123         39 0.0000e+00
     14.000     13.855    -1.0796  27.241765    -1.0818  27.241024     8.4366     8.7761    16.8736    74.2638 9.8291e+00  -74.23168 -112.25627  24.676542      99.86 7.7037e+02    223.245       5359  1027.2498  1027.2512    33.7987    33.8003    8.31150         39 0.0000e+00
     15.000     14.844    -1.0789  27.242832    -1.0800  27.242710     8.4515     8.7980    17.0711    73.6021 7.6981e+00  -74.23168 -112.25627  24.676569      99.85 7.7178e+02    225.540       5414  1027.2547  1027.2556    33.7988    33.7999    8.31136         42 0.0000e+00
     16.000     15.833    -1.0776  27.243922    -1.0806  27.242566     8.3787     8.7446    18.4148    73.0784 6.0692e+00  -74.23168 -112.25627  24.676595      99.91 7.7213e+02    227.840       5469  1027.2590  1027.2603    33.7983    33.7997    8.31111         36 0.0000e+00
     17.000     16.823    -1.0933  27.231641    -1.0967  27.230510     8.2587     8.6417    17.6021    74.1368 4.8188e+00  -74.23168 -112.25627  24.676621      98.49 7.7214e+02    230.093       5523  1027.2650  1027.2669    33.7985    33.8007    8.31457         41 0.0000e+00
     18.000     17.812    -1.0981  27.229745    -1.0993  27.229889     8.1301     8.5315    18.7503    73.6552 3.8223e+00  -74.23168 -112.25627  24.676648      99.47 7.7214e+02    232.367       5578  1027.2717  1027.2730    33.8007    33.8023    8.31550         32 0.0000e+00
     19.000     18.803    -1.0936  27.236448    -1.0947  27.236606     8.1143     8.5261    17.5731    72.6230 3.0294e+00  -74.23168 -112.25627  24.676674      99.94 7.7214e+02    234.636       5632  1027.2789  1027.2802    33.8041    33.8056    8.31429         43 0.0000e+00
     20.000     19.791    -1.0906  27.239201    -1.0916  27.239188     8.1754     8.5910    16.6186    74.4285 2.4005e+00  -74.23168 -112.25626  24.676699      99.77 7.7214e+02    236.826       5685  1027.2834  1027.2842    33.8039    33.8050    8.31364         40 0.0000e+00
     21.000     20.782    -1.0901  27.239794    -1.0914  27.239772     8.1987     8.6182    16.5643    74.3761 1.9009e+00  -74.23168 -112.25626  24.676725      99.97 7.7214e+02    239.076       5739  1027.2878  1027.2890    33.8036    33.8049    8.31356         44 0.0000e+00
     22.000     21.771    -1.0896  27.240265    -1.0909  27.240113     8.2408     8.6550    16.2272    73.6174 1.5112e+00  -74.23168 -112.25626  24.676751      99.81 7.7236e+02    241.314       5793  1027.2921  1027.2932    33.8030    33.8043    8.31348         40 0.0000e+00
     23.000     22.760    -1.0892  27.240690    -1.0902  27.240797     8.2496     8.6599    16.4146    75.1722 1.1994e+00  -74.23168 -112.25626  24.676775      99.95 7.7354e+02    243.393       5842  1027.2965  1027.2975    33.8024    33.8037    8.31341         41 0.0000e+00
     24.000     23.751    -1.0892  27.241120    -1.0906  27.241067     8.2288     8.6539    16.6321    74.2526 9.6586e-01  -74.23168 -112.25626  24.676794      96.87 7.7414e+02    245.032       5882  1027.3013  1027.3026    33.8024    33.8040    8.31342         37 0.0000e+00
     25.000     24.739    -1.0902  27.240962    -1.0909  27.241338     8.2154     8.6361    15.9611    73.8302 7.6629e-01  -74.23168 -112.25626  24.676812      99.87 7.7391e+02    246.553       5918  1027.3064  1027.3074    33.8027    33.8040    8.31363         36 0.0000e+00
     26.000     25.729    -1.0898  27.241829    -1.0913  27.241738     8.2235     8.6483    15.5202    73.9715 6.0786e-01  -74.23168 -112.25626  24.676829      99.76 7.7391e+02    248.050       5954  1027.3113  1027.3125    33.8029    33.8044    8.31354         35 0.0000e+00
     27.000     26.718    -1.0897  27.242396    -1.0909  27.242403     8.2573     8.6836    15.6050    73.7940 4.8193e-01  -74.23168 -112.25626  24.676846      99.69 7.7430e+02    249.531       5990  1027.3160  1027.3172    33.8029    33.8043    8.31350         36 0.0000e+00
     28.000     27.709    -1.0883  27.243436    -1.0895  27.243515     8.2584     8.6918    15.2954    73.2782 3.7903e-01  -74.23168 -112.25626  24.676864      99.71 7.7569e+02    251.030       6026  1027.3202  1027.3213    33.8021    33.8035    8.31324         34 0.0000e+00
     29.000     28.698    -1.0883  27.243973    -1.0897  27.243655     8.2659     8.7022    15.7641    74.5158 2.9566e-01  -74.23168 -112.25626  24.676881      99.82 7.7567e+02    252.521       6062  1027.3251  1027.3261    33.8022    33.8034    8.31324         36 0.0000e+00
     30.000     29.687    -1.0880  27.244745    -1.0890  27.244608     8.2862     8.7082    15.3451    74.6765 2.2993e-01  -74.23168 -112.25626  24.676898      99.71 7.7567e+02    254.026       6098  1027.3299  1027.3307    33.8023    33.8033    8.31316         35 0.0000e+00
     31.000     30.677    -1.0871  27.245465    -1.0883  27.245316     8.2155     8.5819    16.0269    74.5376 1.7682e-01  -74.23168 -112.25626  24.676916      99.61 7.7613e+02    255.546       6134  1027.3341  1027.3351    33.8017    33.8028    8.31300         34 0.0000e+00
     32.000     31.666    -1.0890  27.244672    -1.0978  27.240277     8.0208     8.4065    16.2136    73.6754 1.3534e-01  -74.23168 -112.25626  24.676934      97.09 7.7624e+02    257.060       6170  1027.3395  1027.3431    33.8021    33.8060    8.31340         34 0.0000e+00
     33.000     32.656    -1.1018  27.237517    -1.1065  27.235451     7.8295     8.2713    15.0145    74.0327 9.9221e-02  -74.23168 -112.25626  24.676951      99.79 7.7699e+02    258.571       6207  1027.3482  1027.3505    33.8061    33.8086    8.31600         36 0.0000e+00
     34.000     33.646    -1.1199  27.226229    -1.1214  27.225942     7.7771     8.2263    13.5398    75.0289 7.1171e-02  -74.23168 -112.25626  24.676969      99.71 7.7743e+02    260.087       6243  1027.3576  1027.3587    33.8104    33.8117    8.31976         35 0.0000e+00
     35.000     34.635    -1.1226  27.224525    -1.1242  27.224162     7.7832     8.2232    12.8191    73.7181 4.8530e-02  -74.23168 -112.25627  24.676986      99.49 7.7743e+02    261.609       6280  1027.3626  1027.3637    33.8106    33.8119    8.32036         37 0.0000e+00
     36.000     35.624    -1.1248  27.223349    -1.1266  27.222832     7.7982     8.2263    13.5350    74.7073 2.9746e-02  -74.23168 -112.25627  24.677004      99.62 7.7713e+02    263.143       6316  1027.3676  1027.3687    33.8108    33.8121    8.32083         36 0.0000e+00
     37.000     36.614    -1.1267  27.222544    -1.1277  27.222512     7.8065     8.2280    14.0813    74.6161 1.4681e-02  -74.23168 -112.25627  24.677022      99.66 7.7786e+02    264.679       6353  1027.3727  1027.3736    33.8112    33.8123    8.32123         37 0.0000e+00
     38.000     37.603    -1.1267  27.222940    -1.1282  27.222670     7.8141     8.2276    13.2435    75.8194 2.5425e-03  -74.23168 -112.25626  24.677039      99.44 7.7847e+02    266.196       6390  1027.3773  1027.3784    33.8111    33.8124    8.32123         34 0.0000e+00
     39.000     38.593    -1.1258  27.224038    -1.1274  27.223715     7.8179     8.2275    13.5443    74.9219 2.9474e-05  -74.23168 -112.25626  24.677057      99.39 7.7839e+02    267.709       6426  1027.3820  1027.3830    33.8111    33.8124    8.32105         35 0.0000e+00
     40.000     39.582    -1.1266  27.224006    -1.1275  27.224050     7.8175     8.2317    13.6969    77.0114 1.0000e-12  -74.23168 -112.25626  24.677074      99.48 7.7885e+02    269.226       6462  1027.3870  1027.3878    33.8113    33.8123    8.32121         36 0.0000e+00
     41.000     40.572    -1.1264  27.224653    -1.1273  27.224690     7.8168     8.2327    13.8306    77.6995 1.0000e-12  -74.23168 -112.25626  24.677092      96.47 7.7939e+02    270.728       6498  1027.3916  1027.3926    33.8113    33.8124    8.32116         36 0.0000e+00
     42.000     41.561    -1.1263  27.225196    -1.1272  27.225206     7.8057     8.2279    13.3812    76.3289 1.0000e-12  -74.23168 -112.25626  24.677109      99.86 7.7919e+02    272.230       6535  1027.3965  1027.3972    33.8113    33.8123    8.32114         34 0.0000e+00
     43.000     42.550    -1.1279  27.224520    -1.1289  27.224353     7.8032     8.2172    13.0219    76.6335 1.0000e-12  -74.23168 -112.25626  24.677127      99.67 7.7919e+02    273.745       6571  1027.4015  1027.4022    33.8115    33.8124    8.32147         36 0.0000e+00
     44.000     43.541    -1.1292  27.223875    -1.1303  27.223740     7.7984     8.2110    13.2730    77.1222 1.0000e-12  -74.23168 -112.25626  24.677144      99.72 7.7993e+02    275.259       6607  1027.4064  1027.4072    33.8116    33.8125    8.32178         33 0.0000e+00
     45.000     44.530    -1.1301  27.223784    -1.1307  27.223885     7.8039     8.2171    14.3428    76.9205 1.0000e-12  -74.23168 -112.25626  24.677162      99.63 7.7977e+02    276.783       6644  1027.4114  1027.4120    33.8118    33.8126    8.32196         30 0.0000e+00
     46.000     45.519    -1.1306  27.223779    -1.1332  27.222441     7.7949     8.2021    14.0385    77.4245 1.0000e-12  -74.23168 -112.25626  24.677180      99.45 7.8022e+02    278.313       6681  1027.4162  1027.4172    33.8118    33.8129    8.32208         36 0.0000e+00
     47.000     46.508    -1.1339  27.221833    -1.1345  27.221865     7.7752     8.1868    13.3462    77.6300 1.0000e-12  -74.23168 -112.25626  24.677197      99.66 7.8096e+02    279.844       6717  1027.4215  1027.4221    33.8122    33.8129    8.32278         36 0.0000e+00
     48.000     47.499    -1.1375  27.219512    -1.1385  27.219277     7.7620     8.1698    13.3176    76.0669 1.0000e-12  -74.23168 -112.25626  24.677215      99.74 7.8096e+02    281.372       6754  1027.4266  1027.4274    33.8124    33.8133    8.32356         34 0.0000e+00
     49.000     48.487    -1.1421  27.216390    -1.1434  27.216052     7.7409     8.1579    13.5037    77.1043 1.0000e-12  -74.23168 -112.25626  24.677233      99.32 7.8096e+02    282.895       6790  1027.4320  1027.4328    33.8128    33.8138    8.32457         34 0.0000e+00
     50.000     49.476    -1.1438  27.215712    -1.1446  27.215624     7.7292     8.1410    13.4311    77.2172 1.0000e-12  -74.23168 -112.25626  24.677250      99.58 7.8096e+02    284.410       6827  1027.4370  1027.4377    33.8130    33.8139    8.32492         32 0.0000e+00
     51.000     50.466    -1.1485  27.212505    -1.1496  27.212268     7.7139     8.1246    13.4112    76.7915 1.0000e-12  -74.23168 -112.25626  24.677268      99.50 7.8096e+02    285.930       6863  1027.4423  1027.4431    33.8134    33.8143    8.32595         31 0.0000e+00
     52.000     51.455    -1.1517  27.210671    -1.1522  27.210853     7.6968     8.1035    13.8337    78.0293 1.0000e-12  -74.23168 -112.25627  24.677285      99.57 7.8124e+02    287.456       6900  1027.4476  1027.4483    33.8139    33.8146    8.32664         37 0.0000e+00
     53.000     52.446    -1.1541  27.209414    -1.1549  27.209407     7.6829     8.0815    12.7426    77.1195 1.0000e-12  -74.23168 -112.25627  24.677303      99.44 7.8221e+02    288.972       6936  1027.4528  1027.4535    33.8142    33.8151    8.32715         32 0.0000e+00
     54.000     53.434    -1.1574  27.207293    -1.1583  27.207210     7.6595     8.0612    12.8327    77.2514 1.0000e-12  -74.23168 -112.25627  24.677320      99.69 7.8225e+02    290.486       6973  1027.4579  1027.4587    33.8144    33.8153    8.32787         34 0.0000e+00
     55.000     54.423    -1.1620  27.204695    -1.1628  27.204583     7.6360     8.0511    12.3439    77.2635 1.0000e-12  -74.23168 -112.25627  24.677338      99.72 7.8220e+02    292.004       7009  1027.4638  1027.4644    33.8155    33.8162    8.32884         37 0.0000e+00
     56.000     55.413    -1.1635  27.204192    -1.1642  27.204096     7.6269     8.0350    12.9723    78.0559 1.0000e-12  -74.23168 -112.25626  24.677356      99.69 7.8302e+02    293.527       7046  1027.4688  1027.4694    33.8158    33.8165    8.32914         36 0.0000e+00
     57.000     56.403    -1.1653  27.203386    -1.1661  27.203226     7.6090     8.0150    12.6503    77.0021 1.0000e-12  -74.23168 -112.25626  24.677373      99.60 7.8229e+02    295.046       7082  1027.4740  1027.4745    33.8162    33.8168    8.32954         37 0.0000e+00
     58.000     57.390    -1.1693  27.201012    -1.1699  27.200988     7.5611     7.9684    12.6018    76.9212 1.0000e-12  -74.23168 -112.25626  24.677391      96.93 7.8424e+02    296.580       7119  1027.4795  1027.4800    33.8168    33.8174    8.33038         37 0.0000e+00
