ocean_section_plots/required_files/ctd/dnbp2202_ctd052.cnv
* Sea-Bird SBE 9 Data File:
* FileName = D:\Data\raw\NBP2202_CTD052.hex
* Software Version Seasave V 7.26.7.121
* Temperature SN = 1649
* Conductivity SN = 2513
* Number of Bytes Per Scan = 40
* Number of Voltage Words = 5
* Number of Scans Averaged by the Deck Unit = 1
* NMEA Latitude = 74 13.79 S
* NMEA Longitude = 112 41.50 W
* NMEA UTC (Time) = Jan 24 2022  07:16:58
* NMEA baud rate = 9600
** Ship: RVIB N.B. Palmer
** Cruise: NBP2202 Thwaites
** Station: Section Dotson C
** Operator: B Bjork
# nquan = 25
# nvalues = 996                         
# units = specified
# name 0 = prDM: Pressure, Digiquartz [db]
# name 1 = depSM: Depth [salt water, m]
# name 2 = t090C: Temperature [ITS-90, deg C]
# name 3 = c0mS/cm: Conductivity [mS/cm]
# name 4 = t190C: Temperature, 2 [ITS-90, deg C]
# name 5 = c1mS/cm: Conductivity, 2 [mS/cm]
# name 6 = sbeox0ML/L: Oxygen, SBE 43 [ml/l]
# name 7 = sbeox1ML/L: Oxygen, SBE 43, 2 [ml/l]
# name 8 = flECO-AFL: Fluorescence, WET Labs ECO-AFL/FL [mg/m^3]
# name 9 = CStarTr0: Beam Transmission, WET Labs C-Star [%]
# name 10 = par: PAR/Irradiance, Biospherical/Licor
# name 11 = latitude: Latitude [deg]
# name 12 = longitude: Longitude [deg]
# name 13 = timeJ: Julian Days
# name 14 = altM: Altimeter [m]
# name 15 = spar: SPAR, Biospherical/Licor
# name 16 = timeS: Time, Elapsed [seconds]
# name 17 = scan: Scan Count
# name 18 = density00: Density [density, kg/m^3]
# name 19 = density11: Density, 2 [density, kg/m^3]
# name 20 = sal00: Salinity, Practical [PSU]
# name 21 = sal11: Salinity, Practical, 2 [PSU]
# name 22 = oxsolML/L: Oxygen Saturation, Garcia & Gordon [ml/l]
# name 23 = nbin: number of scans per bin
# name 24 = flag: flag
# span 0 =      2.000,    997.000       
# span 1 =      1.992,    984.317       
# span 2 =    -1.5065,     0.4555       
# span 3 =  27.113655,  29.520361       
# span 4 =    -1.5062,     0.4578       
# span 5 =  27.112616,  29.520355       
# span 6 =     4.6108,     8.3533       
# span 7 =     4.8060,     8.4078       
# span 8 =    -0.0194,    21.1637       
# span 9 =    71.1452,    96.6364       
# span 10 = 1.0000e-12, 4.1373e+01      
# span 11 =  -74.22998,  -74.22996      
# span 12 = -112.69176, -112.69172      
# span 13 =  24.306203,  24.321331      
# span 14 =       1.00,     100.00      
# span 15 = 1.5095e+02, 2.2212e+02      
# span 16 =    237.981,   1545.031      
# span 17 =       5713,      37082      
# span 18 =  1027.1828,  1032.3938      
# span 19 =  1027.1851,  1032.3918      
# span 20 =    33.7881,    34.5350      
# span 21 =    33.7912,    34.5324      
# span 22 =    7.94171,    8.39488      
# span 23 =         15,         57      
# span 24 = 0.0000e+00, 0.0000e+00      
# interval = decibars: 1                
# start_time = Jan 24 2022 07:16:58 [NMEA time, header]
# bad_flag = -9.990e-29
*END*
[from data line 58]
     60.000     59.370    -1.1202  27.230245    -1.1208  27.230437     7.8532     8.2623    14.2773    76.6312 1.0000e-12  -74.22996 -112.69176  24.307506      99.65 1.6400e+02    350.517       8413  1027.4736  1027.4743    33.8002    33.8010    8.32045         35 0.0000e+00
     61.000     60.361    -1.1198  27.230879    -1.1204  27.231043     7.8411     8.2486    13.9335    76.9665 1.0000e-12  -74.22996 -112.69176  24.307524      99.59 1.6395e+02    352.068       8451  1027.4781  1027.4789    33.7999    33.8008    8.32037         36 0.0000e+00
     62.000     61.348    -1.1229  27.229023    -1.1236  27.229174     7.8237     8.2245    13.9044    76.8802 1.0000e-12  -74.22996 -112.69176  24.307542      99.82 1.6395e+02    353.605       8488  1027.4833  1027.4842    33.8002    33.8012    8.32103         36 0.0000e+00
     63.000     62.339    -1.1251  27.227847    -1.1266  27.227340     7.8076     8.2138    13.3876    74.9942 1.0000e-12  -74.22996 -112.69176  24.307559      99.87 1.6395e+02    355.116       8524  1027.4885  1027.4894    33.8005    33.8015    8.32151         35 0.0000e+00
     64.000     63.327    -1.1274  27.226563    -1.1292  27.225804     7.7956     8.1996    13.5004    75.3281 1.0000e-12  -74.22996 -112.69176  24.307577      99.50 1.6332e+02    356.628       8560  1027.4935  1027.4944    33.8007    33.8017    8.32200         36 0.0000e+00
     65.000     64.316    -1.1326  27.222463    -1.1324  27.223451     7.7873     8.1951    14.1476    76.4141 1.0000e-12  -74.22996 -112.69176  24.307594      99.61 1.6320e+02    358.157       8597  1027.4983  1027.4993    33.8003    33.8015    8.32318         35 0.0000e+00
     66.000     65.307    -1.1369  27.219344    -1.1355  27.221297     7.7903     8.1981    14.3159    75.7269 1.0000e-12  -74.22996 -112.69176  24.307612      99.66 1.6317e+02    359.687       8633  1027.5033  1027.5041    33.8003    33.8014    8.32414         34 0.0000e+00
     67.000     66.296    -1.1313  27.224844    -1.1321  27.224702     7.7894     8.2000    13.0407    76.0289 1.0000e-12  -74.22996 -112.69176  24.307630      99.50 1.6237e+02    361.230       8671  1027.5082  1027.5088    33.8009    33.8016    8.32287         38 0.0000e+00
     68.000     67.285    -1.1310  27.225572    -1.1322  27.225235     7.7919     8.1992    13.7687    76.4011 1.0000e-12  -74.22997 -112.69176  24.307648      98.85 1.6224e+02    362.786       8708  1027.5130  1027.5137    33.8010    33.8018    8.32280         37 0.0000e+00
     69.000     68.274    -1.1296  27.227221    -1.1311  27.226612     7.7821     8.1952    13.3720    76.7526 1.0000e-12  -74.22997 -112.69176  24.307666      99.33 1.6219e+02    364.349       8745  1027.5177  1027.5185    33.8010    33.8018    8.32248         38 0.0000e+00
     70.000     69.264    -1.1361  27.222034    -1.1366  27.222116     7.7727     8.1831    13.4661    76.1029 1.0000e-12  -74.22997 -112.69176  24.307684      99.68 1.6219e+02    365.906       8783  1027.5226  1027.5232    33.8006    33.8013    8.32395         37 0.0000e+00
     71.000     70.254    -1.1400  27.219001    -1.1406  27.218990     7.7710     8.1672    13.2117    75.8835 1.0000e-12  -74.22996 -112.69176  24.307702      99.63 1.6219e+02    367.446       8820  1027.5272  1027.5278    33.8002    33.8008    8.32483         31 0.0000e+00
     72.000     71.242    -1.1417  27.217930    -1.1436  27.216910     7.7485     8.1464    13.2545    76.5432 1.0000e-12  -74.22996 -112.69176  24.307720      99.44 1.6219e+02    368.986       8857  1027.5320  1027.5328    33.8001    33.8008    8.32523         35 0.0000e+00
     73.000     72.232    -1.1469  27.214279    -1.1474  27.214397     7.7269     8.1256    12.5213    76.5930 1.0000e-12  -74.22996 -112.69176  24.307738      99.55 1.6219e+02    370.531       8894  1027.5372  1027.5379    33.8002    33.8010    8.32636         37 0.0000e+00
     74.000     73.220    -1.1508  27.211942    -1.1518  27.211666     7.6896     8.0828    12.5978    76.3567 1.0000e-12  -74.22996 -112.69176  24.307755      99.40 1.6252e+02    372.065       8931  1027.5427  1027.5434    33.8008    33.8016    8.32719         37 0.0000e+00
     75.000     74.211    -1.1550  27.209653    -1.1558  27.209377     7.5358     7.9452    11.8917    76.4001 1.0000e-12  -74.22996 -112.69176  24.307773      99.56 1.6329e+02    373.600       8967  1027.5485  1027.5489    33.8018    33.8023    8.32807         31 0.0000e+00
     76.000     75.199    -1.1758  27.194646    -1.1761  27.195294     7.2817     7.7231    12.1057    77.3351 1.0000e-12  -74.22996 -112.69176  24.307791      99.39 1.6384e+02    375.131       9004  1027.5564  1027.5575    33.8042    33.8054    8.33258         37 0.0000e+00
     77.000     76.189    -1.2258  27.160857    -1.2273  27.160346     7.2086     7.6353    11.4552    76.3352 1.0000e-12  -74.22996 -112.69176  24.307809      99.40 1.6395e+02    376.662       9041  1027.5719  1027.5727    33.8137    33.8147    8.34317         37 0.0000e+00
     78.000     77.179    -1.2276  27.160013    -1.2281  27.160167     7.2084     7.6201     8.6393    78.1973 1.0000e-12  -74.22996 -112.69175  24.307826      99.44 1.6395e+02    378.197       9078  1027.5766  1027.5772    33.8140    33.8147    8.34355         36 0.0000e+00
     79.000     78.167    -1.2296  27.159055    -1.2305  27.158917     7.2092     7.6087     7.6364    78.8013 1.0000e-12  -74.22996 -112.69175  24.307844      99.50 1.6395e+02    379.739       9115  1027.5815  1027.5822    33.8143    33.8151    8.34398         38 0.0000e+00
     80.000     79.156    -1.2321  27.157869    -1.2329  27.157775     7.2208     7.6007     7.8721    81.2105 1.0000e-12  -74.22996 -112.69174  24.307862      99.57 1.6395e+02    381.291       9152  1027.5866  1027.5872    33.8149    33.8156    8.34450         37 0.0000e+00
     81.000     80.145    -1.2325  27.158187    -1.2334  27.157970     7.2269     7.5968     7.2916    81.5955 1.0000e-12  -74.22996 -112.69174  24.307880      99.54 1.6395e+02    382.830       9189  1027.5914  1027.5920    33.8151    33.8158    8.34457         37 0.0000e+00
     82.000     81.136    -1.2338  27.157911    -1.2349  27.157536     7.2186     7.5912     7.1340    82.3077 1.0000e-12  -74.22996 -112.69174  24.307898      99.51 1.6395e+02    384.371       9226  1027.5965  1027.5971    33.8156    33.8163    8.34484         37 0.0000e+00
     83.000     82.124    -1.2361  27.157097    -1.2367  27.156964     7.2110     7.5806     7.0548    83.0489 1.0000e-12  -74.22996 -112.69174  24.307916      99.59 1.6395e+02    385.938       9264  1027.6019  1027.6024    33.8164    33.8170    8.34530         38 0.0000e+00
     84.000     83.113    -1.2369  27.156967    -1.2379  27.156720     7.2031     7.5702     6.9552    82.6917 1.0000e-12  -74.22996 -112.69174  24.307934      99.23 1.6395e+02    387.503       9301  1027.6068  1027.6074    33.8166    33.8173    8.34547         38 0.0000e+00
     85.000     84.104    -1.2386  27.156333    -1.2395  27.156020     7.1898     7.5556     6.5688    82.6150 1.0000e-12  -74.22996 -112.69174  24.307952      94.06 1.6395e+02    389.038       9338  1027.6119  1027.6123    33.8170    33.8175    8.34583         36 0.0000e+00
     86.000     85.092    -1.2399  27.155999    -1.2408  27.155683     7.1639     7.5339     6.8139    83.1127 1.0000e-12  -74.22996 -112.69174  24.307969      99.52 1.6395e+02    390.563       9375  1027.6170  1027.6175    33.8174    33.8179    8.34609         36 0.0000e+00
     87.000     86.081    -1.2427  27.155010    -1.2436  27.154808     7.1405     7.5092     6.7827    83.2061 1.0000e-12  -74.22996 -112.69174  24.307987      99.58 1.6395e+02    392.092       9411  1027.6229  1027.6235    33.8186    33.8193    8.34665         34 0.0000e+00
     88.000     87.070    -1.2455  27.154333    -1.2462  27.154046     7.1260     7.4936     6.5385    83.5477 1.0000e-12  -74.22996 -112.69174  24.308005      99.60 1.6395e+02    393.613       9448  1027.6290  1027.6294    33.8201    33.8206    8.34717         36 0.0000e+00
     89.000     88.060    -1.2467  27.154306    -1.2473  27.154112     7.1326     7.4887     5.9209    83.6571 1.0000e-12  -74.22996 -112.69174  24.308022      99.68 1.6390e+02    395.135       9484  1027.6344  1027.6347    33.8208    33.8212    8.34741         37 0.0000e+00
     90.000     89.049    -1.2467  27.155121    -1.2475  27.154713     7.1150     7.4739     6.4509    84.6553 1.0000e-12  -74.22996 -112.69174  24.308040      99.65 1.6371e+02    396.683       9521  1027.6395  1027.6398    33.8213    33.8217    8.34737         37 0.0000e+00
     91.000     90.038    -1.2476  27.155213    -1.2483  27.154886     7.0757     7.4422     6.1403    84.5556 1.0000e-12  -74.22996 -112.69173  24.308058      99.58 1.6339e+02    398.234       9559  1027.6448  1027.6450    33.8219    33.8222    8.34755         38 0.0000e+00
     92.000     91.028    -1.2529  27.152627    -1.2536  27.152413     7.0380     7.4008     6.0288    83.7604 1.0000e-12  -74.22996 -112.69173  24.308076      99.63 1.6282e+02    399.772       9596  1027.6512  1027.6517    33.8236    33.8242    8.34861         37 0.0000e+00
     93.000     92.016    -1.2601  27.148823    -1.2608  27.148565     7.0059     7.3772     6.6019    83.7725 1.0000e-12  -74.22996 -112.69173  24.308094      97.60 1.6292e+02    401.306       9632  1027.6583  1027.6587    33.8260    33.8264    8.35010         36 0.0000e+00
     94.000     93.005    -1.2620  27.148110    -1.2627  27.147953     6.9987     7.3624     6.1206    84.1734 1.0000e-12  -74.22996 -112.69173  24.308111      98.13 1.6276e+02    402.831       9669  1027.6636  1027.6641    33.8266    33.8271    8.35049         37 0.0000e+00
     95.000     93.995    -1.2641  27.147421    -1.2647  27.147191     6.9846     7.3422     6.2577    84.4637 1.0000e-12  -74.22996 -112.69173  24.308129      99.66 1.6219e+02    404.372       9706  1027.6690  1027.6694    33.8273    33.8277    8.35090         37 0.0000e+00
     96.000     94.984    -1.2667  27.146415    -1.2675  27.146175     6.9685     7.3284     5.4707    84.3313 1.0000e-12  -74.22997 -112.69173  24.308147      99.61 1.6219e+02    405.918       9743  1027.6748  1027.6752    33.8283    33.8288    8.35144         37 0.0000e+00
     97.000     95.974    -1.2680  27.146250    -1.2688  27.145933     6.9640     7.3160     5.7478    85.1121 1.0000e-12  -74.22996 -112.69172  24.308165      99.65 1.6219e+02    407.450       9780  1027.6801  1027.6804    33.8289    33.8293    8.35169         37 0.0000e+00
     98.000     96.962    -1.2706  27.145603    -1.2714  27.145292     6.9514     7.3045     5.5269    84.2722 1.0000e-12  -74.22996 -112.69172  24.308183      99.67 1.6219e+02    408.975       9816  1027.6861  1027.6865    33.8303    33.8307    8.35219         35 0.0000e+00
     99.000     97.952    -1.2719  27.145574    -1.2725  27.145396     6.9380     7.2913     5.2028    85.2360 1.0000e-12  -74.22996 -112.69172  24.308200      99.70 1.6219e+02    410.512       9853  1027.6915  1027.6919    33.8311    33.8315    8.35242         37 0.0000e+00
    100.000     98.941    -1.2731  27.146387    -1.2737  27.146115     6.9381     7.2937     5.0498    85.5556 1.0000e-12  -74.22996 -112.69172  24.308218      99.72 1.6219e+02    412.059       9890  1027.6978  1027.6981    33.8329    33.8333    8.35258         33 0.0000e+00
    101.000     99.930    -1.2704  27.150153    -1.2710  27.149847     6.9502     7.2960     5.6121    84.7455 1.0000e-12  -74.22996 -112.69172  24.308237      99.72 1.6219e+02    413.646       9928  1027.7037  1027.7039    33.8345    33.8347    8.35190         39 0.0000e+00
    102.000    100.919    -1.2657  27.156324    -1.2664  27.155685     6.9729     7.3088     5.8035    85.9259 1.0000e-12  -74.22996 -112.69172  24.308256      97.64 1.6219e+02    415.338       9969  1027.7102  1027.7101    33.8370    33.8369    8.35069         40 0.0000e+00
    103.000    101.908    -1.2603  27.162857    -1.2615  27.161532     6.9823     7.3274     5.8337    86.2063 1.0000e-12  -74.22996 -112.69172  24.308276      99.65 1.6268e+02    417.072      10011  1027.7164  1027.7162    33.8392    33.8388    8.34935         39 0.0000e+00
    104.000    102.898    -1.2552  27.168093    -1.2557  27.167784     7.0032     7.3423     6.0355    86.0810 1.0000e-12  -74.22996 -112.69172  24.308296      99.59 1.6337e+02    418.774      10052  1027.7217  1027.7217    33.8401    33.8402    8.34817         36 0.0000e+00
    105.000    103.887    -1.2520  27.171891    -1.2524  27.171414     7.0172     7.3630     6.3483    85.3306 1.0000e-12  -74.22996 -112.69172  24.308316      99.61 1.6395e+02    420.468      10092  1027.7271  1027.7269    33.8409    33.8408    8.34739         40 0.0000e+00
    106.000    104.875    -1.2464  27.177658    -1.2472  27.176912     7.0504     7.3934     7.0411    84.7765 1.0000e-12  -74.22996 -112.69172  24.308336      99.59 1.6395e+02    422.217      10134  1027.7324  1027.7322    33.8420    33.8418    8.34609         37 0.0000e+00
    107.000    105.865    -1.2364  27.188193    -1.2371  27.187221     7.0508     7.3940     6.8207    84.6859 1.0000e-12  -74.22996 -112.69172  24.308356      99.61 1.6395e+02    423.969      10176  1027.7386  1027.7382    33.8444    33.8439    8.34370         41 0.0000e+00
    108.000    106.854    -1.2324  27.196546    -1.2326  27.195990     7.0004     7.3475     7.9480    84.8006 1.0000e-12  -74.22996 -112.69172  24.308376      99.54 1.6421e+02    425.667      10217  1027.7484  1027.7480    33.8507    33.8502    8.34243         36 0.0000e+00
    109.000    107.843    -1.2404  27.193805    -1.2407  27.193550     6.9112     7.2613     8.5035    83.8017 1.0000e-12  -74.22996 -112.69172  24.308393      99.53 1.6527e+02    427.144      10252  1027.7576  1027.7576    33.8555    33.8554    8.34395         30 0.0000e+00
    110.000    108.833    -1.2512  27.188393    -1.2507  27.188605     6.7819     7.1478     7.9928    83.5459 1.0000e-12  -74.22996 -112.69172  24.308407      99.38 1.6623e+02    428.389      10282  1027.7665  1027.7663    33.8596    33.8594    8.34611         31 0.0000e+00
    111.000    109.821    -1.2702  27.175028    -1.2693  27.176883     6.6200     6.9986     8.1336    83.5613 1.0000e-12  -74.22996 -112.69173  24.308422      99.39 1.6577e+02    429.655      10313  1027.7746  1027.7757    33.8621    33.8637    8.35021         31 0.0000e+00
    112.000    110.810    -1.3260  27.132858    -1.3259  27.133156     6.5620     6.9300     7.6715    83.7075 1.0000e-12  -74.22996 -112.69173  24.308437      99.49 1.6658e+02    430.926      10343  1027.7865  1027.7867    33.8668    33.8670    8.36243         30 0.0000e+00
    113.000    111.800    -1.3320  27.129336    -1.3325  27.129246     6.5385     6.8993     4.8299    84.1140 1.0000e-12  -74.22996 -112.69174  24.308451      99.54 1.6795e+02    432.195      10374  1027.7925  1027.7928    33.8681    33.8686    8.36370         30 0.0000e+00
    114.000    112.788    -1.3357  27.129037    -1.3361  27.128689     6.5312     6.8791     3.2029    84.9170 1.0000e-12  -74.22996 -112.69174  24.308466      99.69 1.6747e+02    433.450      10404  1027.7997  1027.7997    33.8713    33.8712    8.36434         30 0.0000e+00
    115.000    113.778    -1.3404  27.129143    -1.3399  27.128919     6.5198     6.8607     3.1224    86.4839 1.0000e-12  -74.22996 -112.69174  24.308480      99.69 1.6866e+02    434.694      10434  1027.8084  1027.8077    33.8761    33.8753    8.36510         30 0.0000e+00
    116.000    114.767    -1.3462  27.129004    -1.3466  27.128860     6.5185     6.8536     3.1844    86.7479 1.0000e-12  -74.22996 -112.69174  24.308494      99.78 1.6973e+02    435.921      10463  1027.8180  1027.8182    33.8819    33.8821    8.36606         29 0.0000e+00
