ocean_section_plots/required_files/ctd/dnbp2202_ctd218.cnv
* Sea-Bird SBE 9 Data File:
* FileName = D:\Data\raw\NBP2202_CTD218.hex
* Software Version Seasave V 7.26.7.121
* Temperature SN = 1649
* Conductivity SN = 2513
* Number of Bytes Per Scan = 40
* Number of Voltage Words = 5
* Number of Scans Averaged by the Deck Unit = 1
* NMEA Latitude = 73 52.99 S
* NMEA Longitude = 111 20.07 W
* NMEA UTC (Time) = Feb 11 2022  09:04:58
* NMEA baud rate = 9600
** Ship: RVIB N.B. Palmer
** Cruise: NBP2202 Thwaites
** Station: 130
** Operator: B. Bjork
# nquan = 28
# nvalues = 455                         
# units = specified
# name 0 = prDM: Pressure, Digiquartz [db]
# name 1 = depSM: Depth [salt water, m]
# name 2 = t090C: Temperature [ITS-90, deg C]
# name 3 = c0mS/cm: Conductivity [mS/cm]
# name 4 = t190C: Temperature, 2 [ITS-90, deg C]
# name 5 = c1mS/cm: Conductivity, 2 [mS/cm]
# name 6 = sbeox0ML/L: Oxygen, SBE 43 [ml/l]
# name 7 = sbeox1ML/L: Oxygen, SBE 43, 2 [ml/l]
# name 8 = flECO-AFL: Fluorescence, WET Labs ECO-AFL/FL [mg/m^3]
# name 9 = CStarTr0: Beam Transmission, WET Labs C-Star [%]
# name 10 = par: PAR/Irradiance, Biospherical/Licor
# name 11 = latitude: Latitude [deg]
# name 12 = longitude: Longitude [deg]
# name 13 = timeJ: Julian Days
# name 14 = altM: Altimeter [m]
# name 15 = spar: SPAR, Biospherical/Licor
# name 16 = timeS: Time, Elapsed [seconds]
# name 17 = scan: Scan Count
# name 18 = density00: Density [density, kg/m^3]
# name 19 = density11: Density, 2 [density, kg/m^3]
# name 20 = v3: Voltage 3
# name 21 = v4: Voltage 4
# name 22 = v5: Voltage 5
# name 23 = sal00: Salinity, Practical [PSU]
# name 24 = sal11: Salinity, Practical, 2 [PSU]
# name 25 = oxsolML/L: Oxygen Saturation, Garcia & Gordon [ml/l]
# name 26 = nbin: number of scans per bin
# name 27 = flag: flag
# span 0 =      2.000,    456.000       
# span 1 =      1.978,    450.791       
# span 2 =    -1.7147,     0.2505       
# span 3 =  26.817805,  29.068226       
# span 4 =    -1.7135,     0.2536       
# span 5 =  26.818670,  29.069186       
# span 6 =     4.6777,     8.8062       
# span 7 =     4.8051,     9.0027       
# span 8 =    -0.0165,    26.8927       
# span 9 =    72.0963,    98.4378       
# span 10 = -7.483e-06, 3.4819e+00      
# span 11 =  -73.88322,  -73.88320      
# span 12 = -111.33468, -111.33464      
# span 13 =  42.380178,  42.386397      
# span 14 =       1.18,     100.55      
# span 15 = 2.1129e+01, 3.7036e+01      
# span 16 =    149.368,    686.735      
# span 17 =       3586,      16483      
# span 18 =  1027.1473,  1029.8360      
# span 19 =  1027.1459,  1029.8335      
# span 20 =     3.4212,     4.6697      
# span 21 =     0.0675,     4.3568      
# span 22 =     0.1082,     0.2686      
# span 23 =    33.7444,    34.4840      
# span 24 =    33.7429,    34.4809      
# span 25 =    7.98690,    8.44824      
# span 26 =         22,         48      
# span 27 = 0.0000e+00, 0.0000e+00      
# interval = decibars: 1                
# start_time = Feb 11 2022 09:04:58 [NMEA time, header]
# bad_flag = -9.990e-29
*END*
      2.000      1.978    -0.9213  27.331481    -0.9171  27.333939     8.7793     8.3185    25.0143    74.5822 3.4819e+00  -73.88322 -111.33466  42.380178       9.21 2.1870e+01    149.368       3586  1027.1473  1027.1459     3.5382     3.7109     0.2145    33.7505    33.7491    8.27936         34 0.0000e+00
      3.000      2.969    -0.9235  27.329200    -0.9203  27.329681     8.7849     8.3650    25.9537    74.9392 2.5305e+00  -73.88322 -111.33466  42.380211       1.18 2.1129e+01    152.250       3655  1027.1511  1027.1487     3.5550     3.8119     0.2218    33.7492    33.7463    8.27991         39 0.0000e+00
      4.000      3.958    -0.9045  27.342059    -0.9044  27.341403     8.8011     8.4753    24.9504    75.2065 1.7535e+00  -73.88322 -111.33466  42.380242       1.27 2.1467e+01    154.868       3718  1027.1512  1027.1504     3.5679     3.8305     0.2205    33.7447    33.7437    8.27599         42 0.0000e+00
      5.000      4.949    -0.9020  27.344321    -0.9001  27.344864     8.7893     8.5883    24.3134    74.8122 1.2471e+00  -73.88322 -111.33466  42.380270      78.50 2.1684e+01    157.367       3778  1027.1557  1027.1544     3.5494     3.8468     0.2186    33.7444    33.7429    8.27546         40 0.0000e+00
      6.000      5.938    -0.9208  27.333872    -0.9197  27.334137     8.7951     8.6610    25.6272    74.7824 8.8841e-01  -73.88322 -111.33466  42.380293      96.25 2.1620e+01    159.352       3825  1027.1668  1027.1662     3.5483     3.7468     0.2686    33.7506    33.7498    8.27923         38 0.0000e+00
      7.000      6.927    -0.9276  27.330381    -0.9286  27.329513     8.8037     8.7493    26.7067    74.6678 6.4657e-01  -73.88322 -111.33466  42.380319      86.83 2.1639e+01    161.553       3878  1027.1739  1027.1739     3.5427     4.3011     0.2480    33.7529    33.7528    8.28060         40 0.0000e+00
      8.000      7.918    -0.9368  27.325877    -0.9313  27.328505     8.8062     8.8234    26.3723    75.0925 4.5607e-01  -73.88322 -111.33466  42.380346     100.55 2.2974e+01    163.908       3935  1027.1821  1027.1796     3.5627     4.1674     0.2223    33.7565    33.7539    8.28242         46 0.0000e+00
      9.000      8.906    -0.9328  27.327896    -0.9309  27.328613     8.7892     8.8753    24.6682    73.8618 3.2885e-01  -73.88322 -111.33466  42.380374      99.98 2.2917e+01    166.295       3992  1027.1846  1027.1836     3.5045     3.9577     0.1905    33.7542    33.7529    8.28168         44 0.0000e+00
     10.000      9.896    -0.9630  27.311080    -0.9555  27.314864     8.7503     8.8981    24.6869    74.9121 2.3161e-01  -73.88322 -111.33466  42.380400      99.97 2.2917e+01    168.567       4047  1027.1997  1027.1966     3.5547     4.0484     0.2236    33.7646    33.7613    8.28773         44 0.0000e+00
     11.000     10.887    -0.9824  27.301100    -0.9814  27.301477     8.7479     8.9480    22.9379    74.1759 1.5907e-01  -73.88322 -111.33466  42.380428      99.98 2.2691e+01    170.944       4104  1027.2115  1027.2110     3.5193     3.7028     0.2288    33.7721    33.7715    8.29156         48 0.0000e+00
     12.000     11.875    -0.9854  27.299911    -0.9819  27.301343     8.7405     8.9847    22.3511    74.0899 1.0493e-01  -73.88322 -111.33466  42.380455      99.97 2.2286e+01    173.338       4161  1027.2171  1027.2153     3.5152     3.7730     0.2468    33.7733    33.7713    8.29216         47 0.0000e+00
     13.000     12.863    -0.9941  27.295306    -0.9902  27.296749     8.7290     8.9952    22.6642    73.2477 6.6948e-02  -73.88322 -111.33466  42.380481      97.42 2.2128e+01    175.572       4215  1027.2246  1027.2224     3.4755     3.8764     0.2210    33.7762    33.7737    8.29392         40 0.0000e+00
     14.000     13.853    -0.9931  27.296358    -0.9939  27.295501     8.7331     9.0027    22.7862    72.5076 3.5305e-02  -73.88322 -111.33466  42.380507     100.08 2.2637e+01    177.831       4269  1027.2288  1027.2287     3.4408     4.0223     0.2483    33.7758    33.7756    8.29371         41 0.0000e+00
     15.000     14.844    -1.0008  27.292907    -1.0019  27.291901     8.7224     8.9977    23.6816    74.1708 1.2871e-02  -73.88322 -111.33466  42.380534      99.97 2.2899e+01    180.176       4325  1027.2365  1027.2366     3.5191     3.8605     0.2251    33.7791    33.7790    8.29521         38 0.0000e+00
     16.000     15.833    -1.0066  27.290690    -1.0066  27.290410     8.7121     8.9960    23.4031    74.3073 8.2267e-04  -73.88322 -111.33466  42.380561      99.97 2.2917e+01    182.430       4379  1027.2439  1027.2436     3.5255     3.9412     0.2104    33.7821    33.7817    8.29633         42 0.0000e+00
     17.000     16.822    -1.0122  27.288505    -1.0120  27.288169     8.7117     8.9852    24.5747    73.6201 -7.483e-06  -73.88322 -111.33466  42.380587      99.97 2.2917e+01    184.715       4434  1027.2510  1027.2505     3.4923     3.8612     0.2181    33.7847    33.7841    8.29740         38 0.0000e+00
     18.000     17.814    -1.0175  27.285694    -1.0160  27.286183     8.7083     8.9905    25.4120    74.8419 1.0000e-12  -73.88322 -111.33466  42.380614      99.97 2.2917e+01    187.054       4490  1027.2574  1027.2564     3.5507     3.8188     0.2258    33.7863    33.7852    8.29850         42 0.0000e+00
     19.000     18.803    -1.0228  27.283616    -1.0218  27.283560     8.7057     8.9773    24.0170    74.2586 1.0000e-12  -73.88322 -111.33466  42.380640      99.10 2.2917e+01    189.294       4544  1027.2643  1027.2633     3.5227     3.5938     0.2031    33.7888    33.7876    8.29952         41 0.0000e+00
     20.000     19.792    -1.0267  27.281532    -1.0175  27.286012     8.6888     8.9781    23.2087    73.3509 1.0000e-12  -73.88322 -111.33466  42.380666     100.02 2.2917e+01    191.524       4598  1027.2700  1027.2660     3.4806     4.1907     0.2216    33.7897    33.7855    8.30032         39 0.0000e+00
     21.000     20.782    -1.0397  27.274811    -1.0381  27.275194     8.6847     8.9668    23.5568    73.1410 1.0000e-12  -73.88322 -111.33467  42.380693      99.97 2.2917e+01    193.851       4653  1027.2793  1027.2782     3.4698     3.9809     0.2081    33.7945    33.7932    8.30291         44 0.0000e+00
     22.000     21.771    -1.0430  27.273105    -1.0417  27.273450     8.6714     8.9625    22.9184    74.2921 1.0000e-12  -73.88322 -111.33467  42.380719      99.97 2.2917e+01    196.094       4707  1027.2848  1027.2839     3.5249     3.7907     0.1916    33.7953    33.7943    8.30361         35 0.0000e+00
     23.000     22.760    -1.0454  27.272090    -1.0443  27.272251     8.6658     8.9665    23.2338    73.7534 1.0000e-12  -73.88322 -111.33467  42.380744      99.97 2.2917e+01    198.304       4760  1027.2901  1027.2893     3.4992     3.9449     0.2264    33.7960    33.7950    8.30409         40 0.0000e+00
     24.000     23.751    -1.0467  27.271608    -1.0455  27.271943     8.6596     8.9542    22.3870    73.4796 1.0000e-12  -73.88322 -111.33467  42.380772      95.70 2.2917e+01    200.661       4817  1027.2951  1027.2943     3.4863     3.8015     0.2270    33.7962    33.7953    8.30437         45 0.0000e+00
     25.000     24.739    -1.0499  27.270155    -1.0486  27.270398     8.6517     8.9515    22.5731    72.6919 1.0000e-12  -73.88322 -111.33468  42.380798     100.05 2.2917e+01    202.976       4872  1027.3007  1027.2998     3.4491     4.3094     0.2440    33.7972    33.7961    8.30502         34 0.0000e+00
     26.000     25.729    -1.0518  27.269561    -1.0504  27.269799     8.6524     8.9541    23.5021    72.0963 1.0000e-12  -73.88322 -111.33468  42.380824      99.98 2.2917e+01    205.172       4925  1027.3061  1027.3051     3.4212     3.9859     0.2242    33.7979    33.7967    8.30540         42 0.0000e+00
     27.000     26.718    -1.0519  27.269889    -1.0508  27.270114     8.6522     8.9519    22.1669    73.1776 1.0000e-12  -73.88322 -111.33468  42.380850      99.98 2.2917e+01    207.407       4979  1027.3108  1027.3100     3.4720     3.5421     0.2254    33.7978    33.7969    8.30542         39 0.0000e+00
     28.000     27.709    -1.0526  27.269937    -1.0515  27.270027     8.6449     8.9445    21.7912    73.5815 1.0000e-12  -73.88322 -111.33468  42.380871      99.98 2.2917e+01    209.209       5022  1027.3158  1027.3149     3.4910     3.9340     0.2408    33.7981    33.7970    8.30556         40 0.0000e+00
     29.000     28.698    -1.0526  27.270394    -1.0516  27.270485     8.6433     8.9457    23.8352    73.1818 1.0000e-12  -73.88322 -111.33468  42.380894      99.97 2.2917e+01    211.213       5070  1027.3206  1027.3197     3.4722     3.6662     0.2415    33.7981    33.7970    8.30557         35 0.0000e+00
     30.000     29.687    -1.0531  27.270506    -1.0514  27.271003     8.6514     8.9453    24.5862    72.9098 1.0000e-12  -73.88322 -111.33468  42.380918      99.97 2.2917e+01    213.328       5121  1027.3254  1027.3244     3.4595     4.1091     0.2271    33.7981    33.7969    8.30567         39 0.0000e+00
     31.000     30.677    -1.0532  27.270816    -1.0522  27.270781     8.6354     8.9450    23.8648    74.1900 1.0000e-12  -73.88322 -111.33468  42.380939      98.40 2.2917e+01    215.092       5163  1027.3302  1027.3291     3.5194     3.8675     0.2390    33.7981    33.7969    8.30570         42 0.0000e+00
     32.000     31.667    -1.0534  27.271255    -1.0520  27.271362     8.6183     8.9343    24.1210    73.1547 1.0000e-12  -73.88322 -111.33468  42.380961      99.94 2.2917e+01    217.042       5210  1027.3351  1027.3339     3.4708     4.0214     0.2419    33.7982    33.7969    8.30572         39 0.0000e+00
     33.000     32.657    -1.0566  27.269136    -1.0548  27.269796     8.5931     8.8988    25.1198    73.6668 1.0000e-12  -73.88322 -111.33468  42.380985      99.97 2.2917e+01    219.113       5260  1027.3402  1027.3391     3.4958     3.8562     0.2402    33.7984    33.7972    8.30644         42 0.0000e+00
     34.000     33.645    -1.0658  27.263447    -1.0642  27.263818     8.5670     8.8683    24.3797    74.3233 1.0000e-12  -73.88322 -111.33468  42.381006      99.97 2.3578e+01    220.898       5303  1027.3471  1027.3460     3.5261     4.0857     0.2429    33.8003    33.7990    8.30835         40 0.0000e+00
     35.000     34.637    -1.0701  27.260993    -1.0693  27.260744     8.5526     8.8573    24.6310    73.4778 1.0000e-12  -73.88322 -111.33467  42.381028      99.98 2.3567e+01    222.801       5348  1027.3528  1027.3518     3.4864     3.9722     0.2542    33.8012    33.8000    8.30926         38 0.0000e+00
     36.000     35.626    -1.0725  27.259574    -1.0711  27.259884     8.5455     8.8475    22.6681    72.6348 1.0000e-12  -73.88322 -111.33467  42.381051      99.96 2.3865e+01    224.829       5397  1027.3578  1027.3568     3.4462     3.5268     0.2200    33.8014    33.8002    8.30979         42 0.0000e+00
     37.000     36.613    -1.0765  27.257137    -1.0752  27.257358     8.5354     8.8530    22.8353    73.9788 1.0000e-12  -73.88322 -111.33467  42.381072      93.70 2.4665e+01    226.647       5441  1027.3632  1027.3622     3.5108     3.7851     0.1953    33.8019    33.8008    8.31063         35 0.0000e+00
     38.000     37.604    -1.0776  27.256880    -1.0759  27.257264     8.5257     8.8363    23.5427    74.0081 1.0000e-12  -73.88322 -111.33467  42.381094      99.82 2.4680e+01    228.503       5485  1027.3682  1027.3670     3.5114     3.9307     0.2081    33.8022    33.8008    8.31087         39 0.0000e+00
     39.000     38.594    -1.0826  27.253578    -1.0798  27.254852     8.4964     8.8001    25.4316    73.2524 1.0000e-12  -73.88322 -111.33466  42.381118      99.98 2.4056e+01    230.564       5535  1027.3736  1027.3724     3.4755     4.3568     0.2463    33.8026    33.8013    8.31194         41 0.0000e+00
     40.000     39.582    -1.0868  27.250862    -1.0853  27.251131     8.4796     8.7833    21.9761    73.0990 1.0000e-12  -73.88322 -111.33466  42.381143      99.97 2.4299e+01    232.746       5587  1027.3789  1027.3779     3.4683     3.9861     0.2304    33.8031    33.8018    8.31285         42 0.0000e+00
     41.000     40.573    -1.0900  27.248781    -1.0887  27.248860     8.4552     8.7538    26.8927    73.2172 1.0000e-12  -73.88322 -111.33466  42.381167      99.98 2.4690e+01    234.874       5638  1027.3840  1027.3829     3.4738     4.0991     0.2073    33.8033    33.8019    8.31356         42 0.0000e+00
     42.000     41.561    -1.0970  27.243644    -1.0949  27.244443     8.4081     8.7130    22.8271    73.2001 1.0000e-12  -73.88322 -111.33466  42.381192      99.98 2.4680e+01    236.953       5688  1027.3893  1027.3882     3.4730     3.8914     0.2021    33.8035    33.8022    8.31509         45 0.0000e+00
     43.000     42.551    -1.1038  27.238460    -1.1041  27.237443     8.3830     8.6894    23.0367    74.4528 1.0000e-12  -73.88322 -111.33466  42.381214      99.97 2.4680e+01    238.858       5734  1027.3944  1027.3936     3.5324     3.9613     0.2376    33.8034    33.8024    8.31660         37 0.0000e+00
     44.000     43.540    -1.1060  27.237260    -1.1055  27.236779     8.3525     8.6484    23.3807    74.8724 1.0000e-12  -73.88322 -111.33466  42.381234      96.91 2.4680e+01    240.585       5775  1027.3993  1027.3984     3.5523     3.4918     0.2080    33.8036    33.8024    8.31707         39 0.0000e+00
     45.000     44.531    -1.1197  27.226533    -1.1191  27.226545     8.3123     8.6058    23.7763    75.3223 1.0000e-12  -73.88322 -111.33466  42.381257     100.03 2.4680e+01    242.582       5823  1027.4051  1027.4045     3.5733     3.7854     0.2072    33.8038    33.8031    8.32011         35 0.0000e+00
     46.000     45.519    -1.1272  27.221695    -1.1262  27.221806     8.2489     8.5445    22.5739    74.2969 1.0000e-12  -73.88322 -111.33466  42.381281      99.98 2.4680e+01    244.642       5872  1027.4112  1027.4102     3.5254     3.7064     0.2196    33.8051    33.8040    8.32171         42 0.0000e+00
     47.000     46.510    -1.1504  27.204495    -1.1513  27.203811     8.1586     8.4640    23.3934    76.3703 1.0000e-12  -73.88322 -111.33466  42.381304      99.97 2.4680e+01    246.661       5921  1027.4188  1027.4189     3.6233     3.6633     0.1991    33.8071    33.8071    8.32675         41 0.0000e+00
     48.000     47.497    -1.1688  27.192034    -1.1676  27.192415     8.1137     8.4145    21.7526    75.7768 1.0000e-12  -73.88322 -111.33466  42.381327      99.98 2.4680e+01    248.696       5970  1027.4269  1027.4262     3.5952     3.5025     0.2065    33.8101    33.8093    8.33066         43 0.0000e+00
     49.000     48.487    -1.1812  27.184560    -1.1801  27.184862     8.0505     8.3406    21.0328    74.2027 1.0000e-12  -73.88322 -111.33466  42.381352      99.98 2.4680e+01    250.816       6021  1027.4347  1027.4340     3.5205     3.8897     0.2363    33.8133    33.8125    8.33324         39 0.0000e+00
     50.000     49.476    -1.1959  27.174778    -1.1956  27.174794     7.8760     8.1669    20.1519    75.8360 1.0000e-12  -73.88322 -111.33466  42.381376      99.49 2.4680e+01    252.897       6071  1027.4422  1027.4419     3.5980     3.3640     0.2222    33.8159    33.8155    8.33637         42 0.0000e+00
     51.000     50.467    -1.2381  27.146989    -1.2398  27.146755     7.6354     7.9399    21.3808    76.0203 1.0000e-12  -73.88322 -111.33466  42.381400      98.88 2.5000e+01    254.954       6120  1027.4565  1027.4578     3.6065     3.6927     0.2251    33.8248    33.8264    8.34525         40 0.0000e+00
     52.000     51.457    -1.2775  27.124382    -1.2777  27.124754     7.4692     7.7774    17.2983    76.8236 1.0000e-12  -73.88322 -111.33466  42.381424      99.98 2.5044e+01    257.056       6170  1027.4736  1027.4741     3.6451     3.7864     0.2335    33.8378    33.8384    8.35330         34 0.0000e+00
