ocean_section_plots/required_files/ctd/dnbp2202_ctd104.cnv
* Sea-Bird SBE 9 Data File:
* FileName = D:\Data\raw\NBP2202_CTD104.hex
* Software Version Seasave V 7.26.7.121
* Temperature SN = 1649
* Conductivity SN = 2513
* Number of Bytes Per Scan = 40
* Number of Voltage Words = 5
* Number of Scans Averaged by the Deck Unit = 1
* NMEA Latitude = 74 10.52 S
* NMEA Longitude = 113 20.65 W
* NMEA UTC (Time) = Jan 27 2022  04:23:20
* NMEA baud rate = 9600
** Ship: RVIB N.B. Palmer
** Cruise: NBP2202 Thwaites
** Station: YoYo001
** Operator: B. Bjork
# nquan = 25
# nvalues = 607                         
# units = specified
# name 0 = prDM: Pressure, Digiquartz [db]
# name 1 = depSM: Depth [salt water, m]
# name 2 = t090C: Temperature [ITS-90, deg C]
# name 3 = c0mS/cm: Conductivity [mS/cm]
# name 4 = t190C: Temperature, 2 [ITS-90, deg C]
# name 5 = c1mS/cm: Conductivity, 2 [mS/cm]
# name 6 = sbeox0ML/L: Oxygen, SBE 43 [ml/l]
# name 7 = sbeox1ML/L: Oxygen, SBE 43, 2 [ml/l]
# name 8 = flECO-AFL: Fluorescence, WET Labs ECO-AFL/FL [mg/m^3]
# name 9 = CStarTr0: Beam Transmission, WET Labs C-Star [%]
# name 10 = par: PAR/Irradiance, Biospherical/Licor
# name 11 = latitude: Latitude [deg]
# name 12 = longitude: Longitude [deg]
# name 13 = timeJ: Julian Days
# name 14 = altM: Altimeter [m]
# name 15 = spar: SPAR, Biospherical/Licor
# name 16 = timeS: Time, Elapsed [seconds]
# name 17 = scan: Scan Count
# name 18 = density00: Density [density, kg/m^3]
# name 19 = density11: Density, 2 [density, kg/m^3]
# name 20 = sal00: Salinity, Practical [PSU]
# name 21 = sal11: Salinity, Practical, 2 [PSU]
# name 22 = oxsolML/L: Oxygen Saturation, Garcia & Gordon [ml/l]
# name 23 = nbin: number of scans per bin
# name 24 = flag: flag
# span 0 =     10.000,    616.000       
# span 1 =      9.899,    608.720       
# span 2 =    -1.4899,     0.1085       
# span 3 =  26.955404,  28.944205       
# span 4 =    -1.4888,     0.1106       
# span 5 =  26.955119,  28.943628       
# span 6 =     4.7047,     9.2613       
# span 7 =     4.7785,     9.0385       
# span 8 =    -0.0225,    24.9818       
# span 9 =    69.1793,    95.5295       
# span 10 = 1.0000e-12, 6.4262e+00      
# span 11 =  -74.17536,  -74.17536      
# span 12 = -113.34428, -113.34424      
# span 13 =  27.183218,  27.191728      
# span 14 =       8.63,     100.33      
# span 15 = 2.2210e+02, 2.5209e+02      
# span 16 =     30.043,    765.337      
# span 17 =        722,      18369      
# span 18 =  1027.2153,  1030.5202      
# span 19 =  1027.2118,  1030.5179      
# span 20 =    33.7883,    34.3853      
# span 21 =    33.7858,    34.3825      
# span 22 =    8.02198,    8.40221      
# span 23 =         21,         63      
# span 24 = 0.0000e+00, 0.0000e+00      
# interval = decibars: 1                
# start_time = Jan 27 2022 04:23:20 [NMEA time, header]
# bad_flag = -9.990e-29
*END*
[from data line 348]
    358.000    353.988    -0.3688  28.299950    -0.3669  28.299686     4.8980     4.9742    -0.0101    95.2576 1.0000e-12  -74.17536 -113.34426  27.188102      99.87 2.3483e+02    452.022      10850  1029.1971  1029.1949    34.2181    34.2156    8.13237         24 0.0000e+00
    359.000    354.977    -0.3719  28.297666    -0.3699  28.297389     4.9066     4.9888    -0.0141    95.2463 1.0000e-12  -74.17536 -113.34426  27.188114      98.20 2.3488e+02    453.039      10874  1029.2020  1029.1998    34.2179    34.2152    8.13304         25 0.0000e+00
    360.000    355.964    -0.3729  28.297510    -0.3708  28.297321     4.9172     4.9951    -0.0156    95.2245 1.0000e-12  -74.17536 -113.34426  27.188126      94.65 2.3542e+02    454.058      10898  1029.2072  1029.2049    34.2182    34.2156    8.13324         24 0.0000e+00
    361.000    356.952    -0.3760  28.295610    -0.3742  28.295338     4.9100     4.9970    -0.0122    95.2342 1.0000e-12  -74.17536 -113.34426  27.188137      91.87 2.3475e+02    455.075      10923  1029.2126  1029.2106    34.2186    34.2162    8.13388         24 0.0000e+00
    362.000    357.942    -0.3762  28.298510    -0.3728  28.299286     4.8927     4.9792    -0.0125    95.2438 1.0000e-12  -74.17536 -113.34426  27.188149      99.51 2.3494e+02    456.104      10948  1029.2202  1029.2177    34.2221    34.2193    8.13372         26 0.0000e+00
    363.000    358.927    -0.3616  28.312389    -0.3599  28.311668     4.8744     4.9630    -0.0101    95.2458 1.0000e-12  -74.17536 -113.34428  27.188161      99.87 2.3534e+02    457.142      10972  1029.2250  1029.2227    34.2235    34.2208    8.13050         24 0.0000e+00
    364.000    359.916    -0.3453  28.329204    -0.3435  28.328098     4.8641     4.9552    -0.0036    95.2380 1.0000e-12  -74.17536 -113.34426  27.188173      99.87 2.3460e+02    458.169      10997  1029.2314  1029.2285    34.2272    34.2236    8.12683         25 0.0000e+00
    365.000    360.904    -0.3341  28.340116    -0.3323  28.339535     4.8722     4.9582    -0.0123    95.2609 1.0000e-12  -74.17536 -113.34428  27.188185      99.87 2.3446e+02    459.190      11022  1029.2365  1029.2341    34.2285    34.2257    8.12435         24 0.0000e+00
    366.000    361.891    -0.3386  28.336550    -0.3378  28.335139     4.8762     4.9668    -0.0026    95.2521 1.0000e-12  -74.17536 -113.34426  27.188197      99.86 2.3446e+02    460.208      11046  1029.2415  1029.2393    34.2282    34.2255    8.12533         24 0.0000e+00
    367.000    362.881    -0.3435  28.332732    -0.3414  28.332439     4.8791     4.9683    -0.0177    95.2556 1.0000e-12  -74.17536 -113.34428  27.188209      99.87 2.3446e+02    461.228      11070  1029.2466  1029.2443    34.2280    34.2253    8.12639         25 0.0000e+00
    368.000    363.868    -0.3419  28.334745    -0.3398  28.334430     4.8741     4.9610    -0.0141    95.2618 1.0000e-12  -74.17536 -113.34426  27.188221      99.87 2.3446e+02    462.258      11095  1029.2515  1029.2492    34.2283    34.2256    8.12602         25 0.0000e+00
    369.000    364.855    -0.3387  28.339058    -0.3365  28.338656     4.8648     4.9433    -0.0171    95.2556 1.0000e-12  -74.17536 -113.34426  27.188233      99.87 2.3446e+02    463.292      11120  1029.2574  1029.2549    34.2299    34.2270    8.12526         25 0.0000e+00
    370.000    365.843    -0.3253  28.352921    -0.3216  28.353812     4.8485     4.9377    -0.0081    95.2523 1.0000e-12  -74.17536 -113.34426  27.188244      99.87 2.3446e+02    464.309      11144  1029.2634  1029.2608    34.2327    34.2299    8.12223         24 0.0000e+00
    371.000    366.831    -0.3160  28.362089    -0.3145  28.361002     4.8473     4.9384    -0.0071    95.2404 1.0000e-12  -74.17536 -113.34426  27.188256      99.87 2.3446e+02    465.322      11169  1029.2684  1029.2659    34.2339    34.2309    8.12018         24 0.0000e+00
    372.000    367.819    -0.3157  28.362722    -0.3132  28.362801     4.8500     4.9366    -0.0156    95.2473 1.0000e-12  -74.17536 -113.34426  27.188268      99.87 2.3446e+02    466.336      11193  1029.2732  1029.2708    34.2338    34.2311    8.12012         25 0.0000e+00
    373.000    368.807    -0.3202  28.358892    -0.3162  28.360330     4.8446     4.9334    -0.0114    95.2329 1.0000e-12  -74.17536 -113.34426  27.188279      80.13 2.3446e+02    467.354      11217  1029.2779  1029.2755    34.2332    34.2306    8.12112         24 0.0000e+00
    374.000    369.795    -0.3119  28.367272    -0.3085  28.368106     4.8389     4.9290    -0.0077    95.2423 1.0000e-12  -74.17536 -113.34426  27.188292      96.37 2.3446e+02    468.389      11242  1029.2830  1029.2807    34.2344    34.2318    8.11927         25 0.0000e+00
    375.000    370.783    -0.3080  28.371669    -0.3040  28.373038     4.8377     4.9202    -0.0165    95.2487 1.0000e-12  -74.17536 -113.34426  27.188304      99.88 2.3446e+02    469.441      11268  1029.2882  1029.2859    34.2353    34.2327    8.11839         26 0.0000e+00
    376.000    371.771    -0.3052  28.374674    -0.3027  28.374881     4.8342     4.9266    -0.0110    95.2443 1.0000e-12  -74.17536 -113.34426  27.188316      99.87 2.3446e+02    470.487      11293  1029.2931  1029.2909    34.2356    34.2331    8.11778         25 0.0000e+00
    377.000    372.758    -0.3058  28.374442    -0.3039  28.374151     4.8372     4.9198    -0.0126    95.2426 1.0000e-12  -74.17536 -113.34426  27.188328      99.87 2.3446e+02    471.512      11317  1029.2978  1029.2957    34.2354    34.2328    8.11792         24 0.0000e+00
    378.000    373.745    -0.3060  28.374822    -0.3034  28.374996     4.8332     4.9245    -0.0113    95.2448 1.0000e-12  -74.17536 -113.34426  27.188339      99.87 2.3446e+02    472.521      11342  1029.3027  1029.3004    34.2355    34.2328    8.11795         24 0.0000e+00
    379.000    374.735    -0.3041  28.377195    -0.3027  28.376155     4.8328     4.9205    -0.0120    95.2673 1.0000e-12  -74.17536 -113.34426  27.188351      99.86 2.3446e+02    473.522      11366  1029.3078  1029.3053    34.2360    34.2330    8.11754         24 0.0000e+00
    380.000    375.722    -0.2974  28.384499    -0.2955  28.383925     4.8356     4.9150    -0.0109    95.2577 1.0000e-12  -74.17536 -113.34426  27.188363      99.87 2.3446e+02    474.538      11390  1029.3133  1029.3108    34.2376    34.2346    8.11601         25 0.0000e+00
    381.000    376.709    -0.2925  28.390014    -0.2915  28.388590     4.8349     4.9226    -0.0112    95.2647 1.0000e-12  -74.17536 -113.34426  27.188375      99.87 2.3446e+02    475.569      11415  1029.3187  1029.3162    34.2388    34.2358    8.11489         25 0.0000e+00
    382.000    377.698    -0.2893  28.394105    -0.2870  28.393904     4.8356     4.9248    -0.0117    95.2954 1.0000e-12  -74.17536 -113.34426  27.188387      99.86 2.3446e+02    476.611      11440  1029.3243  1029.3219    34.2400    34.2373    8.11413         24 0.0000e+00
    383.000    378.685    -0.2891  28.395044    -0.2869  28.394753     4.8384     4.9242    -0.0169    95.3375 1.0000e-12  -74.17536 -113.34425  27.188399      99.87 2.3446e+02    477.640      11464  1029.3295  1029.3271    34.2405    34.2377    8.11407         25 0.0000e+00
    384.000    379.674    -0.2871  28.398246    -0.2853  28.397574     4.8343     4.9236    -0.0183    95.3462 1.0000e-12  -74.17536 -113.34425  27.188410      99.87 2.3446e+02    478.667      11489  1029.3353  1029.3328    34.2420    34.2390    8.11356         25 0.0000e+00
    385.000    380.661    -0.2848  28.402388    -0.2831  28.401759     4.8238     4.9195    -0.0196    95.3575 1.0000e-12  -74.17536 -113.34426  27.188422      99.87 2.3446e+02    479.695      11514  1029.3417  1029.3394    34.2443    34.2415    8.11294         24 0.0000e+00
    386.000    381.650    -0.2788  28.409512    -0.2764  28.409398     4.8296     4.9097    -0.0185    95.3440 1.0000e-12  -74.17536 -113.34426  27.188434      82.12 2.3446e+02    480.719      11538  1029.3478  1029.3454    34.2464    34.2436    8.11154         25 0.0000e+00
    387.000    382.637    -0.2773  28.411298    -0.2746  28.411622     4.8302     4.9116     0.0020    95.3596 1.0000e-12  -74.17536 -113.34426  27.188446      96.39 2.3446e+02    481.750      11563  1029.3525  1029.3503    34.2465    34.2440    8.11121         25 0.0000e+00
    388.000    383.624    -0.2708  28.418238    -0.2695  28.417020     4.8264     4.9160     0.0097    95.3510 1.0000e-12  -74.17536 -113.34426  27.188458      99.87 2.3446e+02    482.773      11588  1029.3579  1029.3554    34.2479    34.2448    8.10975         24 0.0000e+00
    389.000    384.612    -0.2647  28.424172    -0.2626  28.423934     4.8237     4.9021    -0.0062    95.3215 1.0000e-12  -74.17536 -113.34426  27.188470      99.87 2.3446e+02    483.789      11612  1029.3627  1029.3603    34.2484    34.2457    8.10843         25 0.0000e+00
    390.000    385.599    -0.2596  28.430412    -0.2570  28.430404     4.8189     4.9037    -0.0165    95.2270 1.0000e-12  -74.17536 -113.34426  27.188482      99.87 2.3446e+02    484.808      11636  1029.3686  1029.3661    34.2503    34.2475    8.10723         24 0.0000e+00
    391.000    386.588    -0.2517  28.439660    -0.2482  28.440517     4.8181     4.9047    -0.0136    95.3702 1.0000e-12  -74.17536 -113.34426  27.188493      99.87 2.3446e+02    485.828      11661  1029.3751  1029.3726    34.2533    34.2504    8.10539         25 0.0000e+00
    392.000    387.576    -0.2427  28.449641    -0.2404  28.449493     4.8191     4.8958    -0.0159    95.3756 1.0000e-12  -74.17536 -113.34426  27.188505      99.87 2.3446e+02    486.845      11685  1029.3812  1029.3788    34.2558    34.2530    8.10332         24 0.0000e+00
    393.000    388.564    -0.2389  28.454341    -0.2367  28.454151     4.8155     4.9030    -0.0121    95.4179 1.0000e-12  -74.17536 -113.34426  27.188517      99.86 2.3446e+02    487.866      11710  1029.3869  1029.3845    34.2572    34.2545    8.10244         25 0.0000e+00
    394.000    389.551    -0.2357  28.458383    -0.2335  28.457984     4.8172     4.9029    -0.0178    95.4228 1.0000e-12  -74.17536 -113.34426  27.188529      99.87 2.3446e+02    488.892      11734  1029.3925  1029.3899    34.2584    34.2555    8.10169         24 0.0000e+00
    395.000    390.539    -0.2336  28.461067    -0.2317  28.460574     4.8202     4.8997    -0.0103    95.4328 1.0000e-12  -74.17536 -113.34426  27.188541      99.86 2.3446e+02    489.919      11759  1029.3976  1029.3953    34.2590    34.2562    8.10120         25 0.0000e+00
    396.000    391.527    -0.2330  28.462471    -0.2313  28.461871     4.8187     4.8995    -0.0191    95.4235 1.0000e-12  -74.17536 -113.34426  27.188553      99.87 2.3446e+02    490.951      11784  1029.4030  1029.4006    34.2597    34.2569    8.10105         25 0.0000e+00
    397.000    392.514    -0.2337  28.462489    -0.2321  28.461844     4.8223     4.9043    -0.0114    95.4646 1.0000e-12  -74.17536 -113.34426  27.188565      99.87 2.3446e+02    491.978      11808  1029.4080  1029.4058    34.2598    34.2572    8.10118         24 0.0000e+00
    398.000    393.503    -0.2359  28.460926    -0.2342  28.460370     4.8181     4.9040    -0.0167    95.4831 1.0000e-12  -74.17536 -113.34426  27.188576      99.87 2.3446e+02    492.992      11833  1029.4128  1029.4106    34.2596    34.2570    8.10166         25 0.0000e+00
    399.000    394.490    -0.2404  28.457413    -0.2384  28.457269     4.8231     4.9086    -0.0123    95.4829 1.0000e-12  -74.17536 -113.34426  27.188588      78.91 2.3446e+02    494.014      11857  1029.4179  1029.4157    34.2595    34.2569    8.10264         24 0.0000e+00
    400.000    395.479    -0.2398  28.458333    -0.2393  28.456745     4.8352     4.9222    -0.0109    95.4883 1.0000e-12  -74.17536 -113.34426  27.188600      95.47 2.3446e+02    495.038      11882  1029.4225  1029.4204    34.2594    34.2567    8.10251         25 0.0000e+00
    401.000    396.465    -0.2424  28.456699    -0.2414  28.455566     4.8321     4.9183    -0.0109    95.4649 1.0000e-12  -74.17536 -113.34426  27.188612      99.82 2.3446e+02    496.072      11907  1029.4276  1029.4255    34.2595    34.2569    8.10304         25 0.0000e+00
    402.000    397.453    -0.2451  28.454784    -0.2487  28.450106     4.8202     4.9039    -0.0153    95.4583 1.0000e-12  -74.17536 -113.34426  27.188624      99.87 2.3446e+02    497.100      11931  1029.4326  1029.4311    34.2594    34.2572    8.10363         24 0.0000e+00
    403.000    398.440    -0.2283  28.474523    -0.2204  28.478787     4.8211     4.8934    -0.0138    95.4703 1.0000e-12  -74.17536 -113.34424  27.188636      99.87 2.3446e+02    498.124      11956  1029.4413  1029.4381    34.2662    34.2630    8.09967         24 0.0000e+00
    404.000    399.429    -0.2121  28.489513    -0.2097  28.489394     4.8094     4.8935    -0.0153    95.4429 1.0000e-12  -74.17536 -113.34426  27.188647      99.86 2.3446e+02    499.130      11980  1029.4457  1029.4433    34.2674    34.2646    8.09617         25 0.0000e+00
    405.000    400.417    -0.2135  28.488835    -0.2117  28.488436     4.8084     4.9056    -0.0190    95.4164 1.0000e-12  -74.17536 -113.34424  27.188659      99.87 2.3423e+02    500.145      12004  1029.4507  1029.4485    34.2674    34.2649    8.09645         24 0.0000e+00
    406.000    401.404    -0.2154  28.487591    -0.2138  28.486947     4.8144     4.9070    -0.0150    95.4234 1.0000e-12  -74.17536 -113.34426  27.188671      99.87 2.3439e+02    501.165      12029  1029.4556  1029.4533    34.2674    34.2647    8.09687         25 0.0000e+00
    407.000    402.392    -0.2143  28.489608    -0.2124  28.489253     4.8161     4.9035    -0.0132    95.4229 1.0000e-12  -74.17536 -113.34424  27.188683      99.87 2.3351e+02    502.180      12053  1029.4610  1029.4588    34.2682    34.2656    8.09659         24 0.0000e+00
    408.000    403.379    -0.2208  28.485178    -0.2191  28.484392     4.8220     4.9056    -0.0165    95.4255 1.0000e-12  -74.17536 -113.34426  27.188694      99.87 2.3340e+02    503.201      12078  1029.4670  1029.4645    34.2690    34.2660    8.09792         25 0.0000e+00
    409.000    404.367    -0.2067  28.498260    -0.2037  28.498603     4.8148     4.9024    -0.0111    95.4379 1.0000e-12  -74.17536 -113.34426  27.188706      99.87 2.3373e+02    504.228      12102  1029.4713  1029.4688    34.2700    34.2671    8.09487         24 0.0000e+00
    410.000    405.355    -0.2147  28.492233    -0.2123  28.492423     4.8057     4.8892    -0.0129    95.4502 1.0000e-12  -74.17536 -113.34426  27.188718      99.87 2.3327e+02    505.244      12127  1029.4771  1029.4750    34.2704    34.2679    8.09655         25 0.0000e+00
    411.000    406.343    -0.2002  28.507616    -0.1959  28.508941     4.8023     4.8894    -0.0180    95.4529 1.0000e-12  -74.17536 -113.34426  27.188730      99.87 2.3307e+02    506.261      12151  1029.4835  1029.4808    34.2739    34.2709    8.09326         24 0.0000e+00
    412.000    407.331    -0.1892  28.518000    -0.1868  28.518155     4.8160     4.8917    -0.0197    95.4268 1.0000e-12  -74.17536 -113.34426  27.188742      84.29 2.3354e+02    507.281      12176  1029.4881  1029.4860    34.2748    34.2723    8.09088         25 0.0000e+00
    413.000    408.318    -0.1957  28.512819    -0.1925  28.513804     4.8213     4.8954    -0.0108    95.4498 1.0000e-12  -74.17536 -113.34426  27.188754      88.66 2.3299e+02    508.314      12201  1029.4933  1029.4914    34.2746    34.2724    8.09227         25 0.0000e+00
    414.000    409.306    -0.2015  28.508362    -0.1987  28.508836     4.8275     4.9039    -0.0098    95.4422 1.0000e-12  -74.17536 -113.34426  27.188766      98.72 2.3321e+02    509.354      12225  1029.4987  1029.4965    34.2746    34.2721    8.09350         24 0.0000e+00
