ocean_section_plots/required_files/ctd/dnbp2202_ctd178.cnv
* Sea-Bird SBE 9 Data File:
* FileName = D:\Data\raw\NBP2202_CTD178.hex
* Software Version Seasave V 7.26.7.121
* Temperature SN = 1649
* Conductivity SN = 2513
* Number of Bytes Per Scan = 40
* Number of Voltage Words = 5
* Number of Scans Averaged by the Deck Unit = 1
* NMEA Latitude = 74 02.10 S
* NMEA Longitude = 111 18.39 W
* NMEA UTC (Time) = Feb 03 2022  22:42:36
* NMEA baud rate = 9600
** Ship: RVIB N.B. Palmer
** Cruise: NBP2202 Thwaites
** Station: 100
** Operator: A. Robinson
# nquan = 28
# nvalues = 464                         
# units = specified
# name 0 = prDM: Pressure, Digiquartz [db]
# name 1 = depSM: Depth [salt water, m]
# name 2 = t090C: Temperature [ITS-90, deg C]
# name 3 = c0mS/cm: Conductivity [mS/cm]
# name 4 = t190C: Temperature, 2 [ITS-90, deg C]
# name 5 = c1mS/cm: Conductivity, 2 [mS/cm]
# name 6 = sbeox0ML/L: Oxygen, SBE 43 [ml/l]
# name 7 = sbeox1ML/L: Oxygen, SBE 43, 2 [ml/l]
# name 8 = flECO-AFL: Fluorescence, WET Labs ECO-AFL/FL [mg/m^3]
# name 9 = CStarTr0: Beam Transmission, WET Labs C-Star [%]
# name 10 = par: PAR/Irradiance, Biospherical/Licor
# name 11 = latitude: Latitude [deg]
# name 12 = longitude: Longitude [deg]
# name 13 = timeJ: Julian Days
# name 14 = altM: Altimeter [m]
# name 15 = spar: SPAR, Biospherical/Licor
# name 16 = timeS: Time, Elapsed [seconds]
# name 17 = scan: Scan Count
# name 18 = density00: Density [density, kg/m^3]
# name 19 = density11: Density, 2 [density, kg/m^3]
# name 20 = v3: Voltage 3
# name 21 = v4: Voltage 4
# name 22 = v5: Voltage 5
# name 23 = sal00: Salinity, Practical [PSU]
# name 24 = sal11: Salinity, Practical, 2 [PSU]
# name 25 = oxsolML/L: Oxygen Saturation, Garcia & Gordon [ml/l]
# name 26 = nbin: number of scans per bin
# name 27 = flag: flag
# span 0 =      2.000,    465.000       
# span 1 =      1.984,    459.679       
# span 2 =    -1.5538,     0.1587       
# span 3 =  26.993238,  28.973353       
# span 4 =    -1.5546,     0.1572       
# span 5 =  26.993624,  28.969313       
# span 6 =     4.7733,     7.3875       
# span 7 =     4.8970,     7.5828       
# span 8 =    -0.0142,     8.1642       
# span 9 =    83.5579,    98.8633       
# span 10 = 1.0000e-12, 1.0785e+03      
# span 11 =  -74.03504,  -74.03502      
# span 12 = -111.30670, -111.30656      
# span 13 =  34.949109,  34.956976      
# span 14 =       6.32,     101.03      
# span 15 = 6.7825e+02, 1.6906e+03      
# span 16 =    247.047,    926.750      
# span 17 =       5930,      22243      
# span 18 =  1027.1738,  1029.8621      
# span 19 =  1027.1751,  1029.8595      
# span 20 =     3.9643,     4.6899      
# span 21 =     0.0647,     1.2753      
# span 22 =     0.1120,     0.1615      
# span 23 =    33.7707,    34.4558      
# span 24 =    33.7742,    34.4523      
# span 25 =    8.00753,    8.40803      
# span 26 =         15,         46      
# span 27 = 0.0000e+00, 0.0000e+00      
# interval = decibars: 1                
# start_time = Feb 03 2022 22:42:36 [NMEA time, header]
# bad_flag = -9.990e-29
*END*
      2.000      1.984    -1.1312  27.175480    -1.1080  27.197153     7.3637     7.1398     3.0562    84.2525 1.0785e+03  -74.03502 -111.30656  34.949109     101.03 1.6888e+03    247.047       5930  1027.1738  1027.1751     3.9960     0.5097     0.1523    33.7738    33.7772    8.32444         19 0.0000e+00
      3.000      2.969    -1.1384  27.167690    -1.1426  27.167300     7.3806     7.1503     2.5981    84.9839 7.8541e+02  -74.03502 -111.30656  34.949149      95.64 1.6888e+03    250.505       6013  1027.1764  1027.1803     4.0314     0.6099     0.1567    33.7707    33.7748    8.32624         38 0.0000e+00
      4.000      3.959    -1.1435  27.165265    -1.1336  27.175348     7.3875     7.1894     3.0517    85.0666 6.1887e+02  -74.03502 -111.30656  34.949178      92.44 1.6898e+03    253.004       6073  1027.1830  1027.1847     4.0359     0.4743     0.1562    33.7724    33.7751    8.32725         26 0.0000e+00
      5.000      4.948    -1.1510  27.159667    -1.1535  27.159494     7.3738     7.2435     2.5596    84.6472 5.1065e+02  -74.03502 -111.30656  34.949207      99.91 1.6888e+03    255.476       6132  1027.1883  1027.1907     4.0154     0.3992     0.1536    33.7726    33.7752    8.32891         45 0.0000e+00
      6.000      5.938    -1.1488  27.161954    -1.1518  27.161276     7.3798     7.3275     2.4403    84.9614 3.8643e+02  -74.03502 -111.30656  34.949230      99.84 1.6888e+03    257.443       6180  1027.1929  1027.1952     4.0308     0.4088     0.1442    33.7726    33.7751    8.32842         38 0.0000e+00
      7.000      6.929    -1.1546  27.157069    -1.1562  27.157583     7.3810     7.3948     2.1001    84.0514 3.0547e+02  -74.03502 -111.30656  34.949251      99.83 1.6901e+03    259.253       6223  1027.1974  1027.1996     3.9876     0.4536     0.1490    33.7719    33.7743    8.32977         42 0.0000e+00
      8.000      7.915    -1.1385  27.172584    -1.1230  27.185314     7.3751     7.4500     2.2205    85.0238 2.4775e+02  -74.03502 -111.30656  34.949272      99.83 1.6891e+03    261.077       6267  1027.2030  1027.2020     4.0337     0.4674     0.1427    33.7743    33.7742    8.32604         32 0.0000e+00
      9.000      8.906    -1.1402  27.170001    -1.1393  27.173505     7.3715     7.4812     2.4959    85.4125 1.9797e+02  -74.03502 -111.30656  34.949292      83.21 1.6890e+03    262.871       6310  1027.2063  1027.2094     4.0523     0.4907     0.1457    33.7721    33.7758    8.32655         39 0.0000e+00
     10.000      9.896    -1.1437  27.167843    -1.1436  27.170113     7.3698     7.5196     2.8739    85.3918 1.6396e+02  -74.03502 -111.30656  34.949313      91.83 1.6888e+03    264.682       6353  1027.2116  1027.2141     4.0512     0.4639     0.1527    33.7724    33.7754    8.32730         42 0.0000e+00
     11.000     10.888    -1.1459  27.166805    -1.1495  27.165461     7.3672     7.5520     3.7201    85.0532 1.3578e+02  -74.03502 -111.30656  34.949335      99.31 1.6888e+03    266.510       6397  1027.2169  1027.2189     4.0351     0.7263     0.1577    33.7729    33.7751    8.32777         38 0.0000e+00
     12.000     11.875    -1.1475  27.165751    -1.1551  27.161242     7.3767     7.5598     3.9575    85.7006 1.0617e+02  -74.03502 -111.30656  34.949356      99.78 1.6894e+03    268.325       6441  1027.2216  1027.2240     4.0657     0.6737     0.1425    33.7726    33.7750    8.32814         43 0.0000e+00
     13.000     12.865    -1.1491  27.165027    -1.1524  27.163862     7.3694     7.5701     4.5520    85.4268 8.6753e+01  -74.03502 -111.30656  34.949377      99.77 1.6894e+03    270.141       6484  1027.2266  1027.2285     4.0527     0.7271     0.1479    33.7728    33.7749    8.32849         38 0.0000e+00
     14.000     13.854    -1.1523  27.163041    -1.1591  27.159093     7.3676     7.5800     4.9496    84.4284 7.2995e+01  -74.03502 -111.30656  34.949398      99.72 1.6901e+03    271.972       6528  1027.2318  1027.2339     4.0054     0.8578     0.1586    33.7731    33.7753    8.32918         36 0.0000e+00
     15.000     14.845    -1.1576  27.158940    -1.1600  27.158530     7.3751     7.5799     5.2346    85.4276 6.0219e+01  -74.03502 -111.30656  34.949419      99.76 1.6897e+03    273.788       6572  1027.2367  1027.2384     4.0524     0.7378     0.1472    33.7728    33.7749    8.33038         39 0.0000e+00
     16.000     15.833    -1.1594  27.157582    -1.1595  27.159169     7.3722     7.5828     4.9468    84.4043 4.9467e+01  -74.03502 -111.30656  34.949440      99.74 1.6892e+03    275.589       6615  1027.2411  1027.2430     4.0046     0.8012     0.1522    33.7723    33.7747    8.33080         37 0.0000e+00
     17.000     16.824    -1.1642  27.153868    -1.1659  27.154165     7.3608     7.5761     5.2785    84.8484 4.1411e+01  -74.03502 -111.30658  34.949461      99.67 1.6903e+03    277.401       6659  1027.2459  1027.2479     4.0253     0.9670     0.1573    33.7720    33.7743    8.33188         42 0.0000e+00
     18.000     17.814    -1.1743  27.146126    -1.1746  27.147379     7.3470     7.5750     4.9261    85.8197 3.4754e+01  -74.03502 -111.30658  34.949482      99.72 1.6903e+03    279.226       6702  1027.2514  1027.2531     4.0714     0.8564     0.1514    33.7722    33.7743    8.33413         38 0.0000e+00
     19.000     18.802    -1.1736  27.147091    -1.1754  27.147363     7.3318     7.5489     5.9394    83.5579 2.9182e+01  -74.03502 -111.30658  34.949503      99.66 1.6897e+03    281.045       6746  1027.2560  1027.2580     3.9643     1.0070     0.1517    33.7722    33.7745    8.33398         33 0.0000e+00
     20.000     19.793    -1.1823  27.140645    -1.1835  27.141099     7.2990     7.5235     6.4002    84.3894 2.4605e+01  -74.03502 -111.30658  34.949524      99.72 1.6906e+03    282.848       6789  1027.2616  1027.2632     4.0036     0.8585     0.1489    33.7725    33.7745    8.33590         42 0.0000e+00
     21.000     20.781    -1.2002  27.126706    -1.2013  27.127225     7.3018     7.5271     7.3075    85.0973 2.0908e+01  -74.03502 -111.30658  34.949545      99.62 1.6905e+03    284.648       6833  1027.2677  1027.2693     4.0372     1.0923     0.1504    33.7730    33.7748    8.33986         42 0.0000e+00
     22.000     21.771    -1.1887  27.136962    -1.1886  27.138165     7.2891     7.5080     7.0001    84.3549 1.7601e+01  -74.03502 -111.30658  34.949565      99.67 1.6899e+03    286.456       6876  1027.2718  1027.2732     4.0021     0.9868     0.1553    33.7734    33.7749    8.33726         33 0.0000e+00
     23.000     22.762    -1.2001  27.128604    -1.2049  27.125367     7.1479     7.4064     7.9340    84.6777 1.4724e+01  -74.03502 -111.30658  34.949588      99.63 1.6894e+03    288.384       6922  1027.2780  1027.2790     4.0172     1.0612     0.1512    33.7741    33.7751    8.33975         40 0.0000e+00
     24.000     23.751    -1.2456  27.091646    -1.2315  27.105174     7.0289     7.3279     8.1642    84.6590 1.2410e+01  -74.03502 -111.30658  34.949612      91.64 1.6898e+03    290.459       6972  1027.2857  1027.2867     4.0168     1.1204     0.1615    33.7743    33.7768    8.34993         43 0.0000e+00
     25.000     24.739    -1.2476  27.094307    -1.2461  27.097069     7.0413     7.2403     7.0757    85.9888 1.0302e+01  -74.03502 -111.30658  34.949636      98.20 1.6892e+03    292.570       7023  1027.2941  1027.2958     4.0790     1.2153     0.1597    33.7796    33.7816    8.35006         43 0.0000e+00
     26.000     25.731    -1.2568  27.084508    -1.2626  27.083142     6.6213     6.9143     6.3133    85.4170 8.6674e+00  -74.03502 -111.30658  34.949660      99.59 1.6899e+03    294.618       7072  1027.2963  1027.3004     4.0522     1.1114     0.1565    33.7758    33.7805    8.35236         35 0.0000e+00
     27.000     26.720    -1.3608  27.010312    -1.3527  27.017553     6.5425     6.7937     6.7514    85.6269 7.3334e+00  -74.03502 -111.30658  34.949684      99.56 1.6902e+03    296.715       7122  1027.3188  1027.3190     4.0620     1.2753     0.1505    33.7908    33.7916    8.37475         41 0.0000e+00
     28.000     27.709    -1.3583  27.011870    -1.3637  27.009220     6.5726     6.7646     5.3767    84.6954 6.2804e+00  -74.03502 -111.30658  34.949709      99.61 1.6899e+03    298.842       7173  1027.3216  1027.3240     4.0180     1.2382     0.1506    33.7895    33.7920    8.37427         42 0.0000e+00
     29.000     28.698    -1.3506  27.019995    -1.3595  27.014839     6.6564     6.8180     5.2845    86.1966 5.3130e+00  -74.03502 -111.30658  34.949732      99.70 1.6905e+03    300.881       7222  1027.3268  1027.3297     4.0890     0.9022     0.1581    33.7913    33.7943    8.37242         40 0.0000e+00
     30.000     29.687    -1.3360  27.031712    -1.3368  27.032061     6.5566     6.7390     6.0296    86.1113 4.4508e+00  -74.03502 -111.30658  34.949757      99.65 1.6906e+03    302.963       7272  1027.3295  1027.3307     4.0859     1.0576     0.1507    33.7903    33.7917    8.36921         29 0.0000e+00
     31.000     30.679    -1.3805  27.001762    -1.3865  26.998737     6.3893     6.6030     5.7741    87.4787 3.8026e+00  -74.03502 -111.30658  34.949781      99.70 1.6906e+03    305.092       7323  1027.3436  1027.3460     4.1500     0.7951     0.1523    33.7988    33.8014    8.37869         42 0.0000e+00
     32.000     31.664    -1.3958  26.993571    -1.3972  26.993927     6.3845     6.5814     4.3914    87.4578 3.2775e+00  -74.03502 -111.30658  34.949804      99.74 1.6906e+03    307.110       7372  1027.3532  1027.3550     4.1487     0.8115     0.1492    33.8042    33.8063    8.38181         37 0.0000e+00
     33.000     32.655    -1.3982  26.993238    -1.3993  26.993624     6.3894     6.5810     3.7078    89.6554 2.8299e+00  -74.03502 -111.30658  34.949828      99.61 1.6906e+03    309.134       7420  1027.3592  1027.3606     4.2532     1.1113     0.1508    33.8059    33.8077    8.38226         41 0.0000e+00
     34.000     33.645    -1.3995  26.993490    -1.4008  26.993725     6.3805     6.5659     3.5770    89.9550 2.5108e+00  -74.03502 -111.30658  34.949852      99.69 1.6906e+03    311.231       7471  1027.3646  1027.3661     4.2675     0.9039     0.1424    33.8071    33.8089    8.38248         44 0.0000e+00
     35.000     34.635    -1.4017  26.993560    -1.4030  26.993811     6.3709     6.5568     3.1941    90.2494 2.2183e+00  -74.03502 -111.30658  34.949876      99.64 1.6906e+03    313.246       7519  1027.3709  1027.3724     4.2815     1.0269     0.1477    33.8090    33.8108    8.38285         39 0.0000e+00
     36.000     35.624    -1.4027  26.994403    -1.4039  26.994701     6.3682     6.5436     3.6312    90.8477 1.9442e+00  -74.03502 -111.30658  34.949898      99.77 1.6906e+03    315.223       7566  1027.3769  1027.3783     4.3098     0.6991     0.1423    33.8108    33.8125    8.38299         42 0.0000e+00
     37.000     36.614    -1.4036  26.995424    -1.4050  26.995719     6.3555     6.5347     3.1984    91.1546 1.7165e+00  -74.03502 -111.30658  34.949921      95.38 1.6906e+03    317.149       7613  1027.3832  1027.3847     4.3244     0.6307     0.1420    33.8126    33.8145    8.38309         39 0.0000e+00
     38.000     37.604    -1.4047  26.996233    -1.4059  26.996461     6.3394     6.5212     3.2123    91.6067 1.4949e+00  -74.03502 -111.30658  34.949939      99.66 1.6906e+03    318.727       7650  1027.3893  1027.3906     4.3458     0.6832     0.1359    33.8143    33.8159    8.38323         40 0.0000e+00
     39.000     38.593    -1.4055  26.997037    -1.4066  26.997283     6.3209     6.5003     3.6810    91.5481 1.2959e+00  -74.03502 -111.30658  34.949960      99.82 1.6906e+03    320.555       7694  1027.3952  1027.3965     4.3429     0.5284     0.1380    33.8157    33.8172    8.38333         42 0.0000e+00
     40.000     39.581    -1.4068  26.998371    -1.4080  26.998607     6.2839     6.4716     4.7129    92.1159 1.1370e+00  -74.03502 -111.30658  34.949982      99.82 1.6906e+03    322.435       7739  1027.4022  1027.4036     4.3700     0.5157     0.1393    33.8184    33.8201    8.38346         37 0.0000e+00
     41.000     40.572    -1.4085  26.999955    -1.4096  27.000191     6.2594     6.4509     3.1456    92.9111 1.0031e+00  -74.03502 -111.30658  34.950001      99.83 1.6906e+03    324.059       7778  1027.4098  1027.4111     4.4077     0.4979     0.1308    33.8218    33.8234    8.38363         40 0.0000e+00
     42.000     41.561    -1.4079  27.002535    -1.4090  27.002832     6.2449     6.4283     3.8738    93.0015 8.8387e-01  -74.03502 -111.30658  34.950022      99.78 1.6906e+03    325.927       7823  1027.4164  1027.4177     4.4117     0.6773     0.1330    33.8241    33.8257    8.38337         44 0.0000e+00
     43.000     42.552    -1.4082  27.004937    -1.4093  27.005101     6.2243     6.4070     3.0120    92.8125 7.8226e-01  -74.03502 -111.30658  34.950044      99.84 1.6906e+03    327.781       7868  1027.4236  1027.4248     4.4030     0.4895     0.1325    33.8271    33.8286    8.38325         34 0.0000e+00
     44.000     43.540    -1.4089  27.005795    -1.4105  27.005513     6.2071     6.3942     2.4838    92.9959 6.8729e-01  -74.03502 -111.30658  34.950062      94.69 1.6906e+03    329.331       7905  1027.4295  1027.4307     4.4117     0.4871     0.1320    33.8284    33.8298    8.38333         38 0.0000e+00
     45.000     44.530    -1.4109  27.004752    -1.4119  27.005127     6.1973     6.3803     2.2969    93.4036 6.0256e-01  -74.03502 -111.30658  34.950080      98.45 1.6906e+03    330.907       7943  1027.4346  1027.4359     4.4310     0.5707     0.1399    33.8287    33.8303    8.38377         35 0.0000e+00
     46.000     45.519    -1.4116  27.006753    -1.4127  27.006911     6.1825     6.3689     2.8523    93.5306 5.3110e-01  -74.03502 -111.30658  34.950098      99.80 1.6906e+03    332.506       7981  1027.4418  1027.4429     4.4370     0.5822     0.1395    33.8316    33.8330    8.38376         35 0.0000e+00
     47.000     46.509    -1.4129  27.008458    -1.4139  27.008691     6.1800     6.3677     2.6075    93.1310 4.6847e-01  -74.03502 -111.30658  34.950117      99.84 1.6906e+03    334.101       8019  1027.4492  1027.4504     4.4181     0.4364     0.1307    33.8348    33.8362    8.38386         39 0.0000e+00
     48.000     47.498    -1.4125  27.010792    -1.4136  27.010935     6.1916     6.3705     1.9897    93.5298 4.1189e-01  -74.03502 -111.30657  34.950135      99.81 1.6906e+03    335.702       8058  1027.4557  1027.4568     4.4371     0.5468     0.1332    33.8369    33.8383    8.38364         32 0.0000e+00
     49.000     48.488    -1.4104  27.016040    -1.4113  27.016103     6.2281     6.3999     2.1375    93.2581 3.6307e-01  -74.03502 -111.30656  34.950154      99.84 1.6906e+03    337.284       8096  1027.4637  1027.4647     4.4241     0.4544     0.1420    33.8411    33.8422    8.38290         36 0.0000e+00
     50.000     49.476    -1.4080  27.019893    -1.4088  27.020030     6.2693     6.4462     2.2112    93.9048 3.2092e-01  -74.03502 -111.30656  34.950172      99.86 1.6906e+03    338.841       8133  1027.4700  1027.4709     4.4547     0.3435     0.1369    33.8431    33.8441    8.38225         35 0.0000e+00
     51.000     50.467    -1.4041  27.024637    -1.4046  27.025246     6.3197     6.4996     2.2003    93.9877 2.8174e-01  -74.03502 -111.30656  34.950189      99.82 1.6906e+03    340.372       8170  1027.4758  1027.4769     4.4587     0.4943     0.1341    33.8446    33.8459    8.38129         35 0.0000e+00
     52.000     51.455    -1.4012  27.027928    -1.4011  27.028938     6.3712     6.5418     2.6515    93.3841 2.4609e-01  -74.03502 -111.30656  34.950207      99.84 1.6906e+03    341.896       8207  1027.4810  1027.4820     4.4301     0.4198     0.1323    33.8452    33.8464    8.38059         36 0.0000e+00
