ocean_section_plots/required_files/ctd/dnbp2202_ctd074.cnv
* Sea-Bird SBE 9 Data File:
* FileName = D:\Data\raw\NBP2202_CTD074.hex
* Software Version Seasave V 7.26.7.121
* Temperature SN = 1649
* Conductivity SN = 2513
* Number of Bytes Per Scan = 40
* Number of Voltage Words = 5
* Number of Scans Averaged by the Deck Unit = 1
* NMEA Latitude = 74 01.09 S
* NMEA Longitude = 112 59.02 W
* NMEA UTC (Time) = Jan 26 2022  09:44:02
* NMEA baud rate = 9600
** Ship: RVIB N.B. Palmer
** Cruise: NBP2202 Thwaites
** Station: 55
** Operator: B Bjork
# nquan = 25
# nvalues = 553                         
# units = specified
# name 0 = prDM: Pressure, Digiquartz [db]
# name 1 = depSM: Depth [salt water, m]
# name 2 = t090C: Temperature [ITS-90, deg C]
# name 3 = c0mS/cm: Conductivity [mS/cm]
# name 4 = t190C: Temperature, 2 [ITS-90, deg C]
# name 5 = c1mS/cm: Conductivity, 2 [mS/cm]
# name 6 = sbeox0ML/L: Oxygen, SBE 43 [ml/l]
# name 7 = sbeox1ML/L: Oxygen, SBE 43, 2 [ml/l]
# name 8 = flECO-AFL: Fluorescence, WET Labs ECO-AFL/FL [mg/m^3]
# name 9 = CStarTr0: Beam Transmission, WET Labs C-Star [%]
# name 10 = par: PAR/Irradiance, Biospherical/Licor
# name 11 = latitude: Latitude [deg]
# name 12 = longitude: Longitude [deg]
# name 13 = timeJ: Julian Days
# name 14 = altM: Altimeter [m]
# name 15 = spar: SPAR, Biospherical/Licor
# name 16 = timeS: Time, Elapsed [seconds]
# name 17 = scan: Scan Count
# name 18 = density00: Density [density, kg/m^3]
# name 19 = density11: Density, 2 [density, kg/m^3]
# name 20 = sal00: Salinity, Practical [PSU]
# name 21 = sal11: Salinity, Practical, 2 [PSU]
# name 22 = oxsolML/L: Oxygen Saturation, Garcia & Gordon [ml/l]
# name 23 = nbin: number of scans per bin
# name 24 = flag: flag
# span 0 =      2.000,    554.000       
# span 1 =      1.977,    547.540       
# span 2 =    -1.4998,     0.1617       
# span 3 =  27.082825,  28.979592       
# span 4 =    -1.5001,     0.1636       
# span 5 =  27.082735,  28.979236       
# span 6 =     4.7160,     9.0079       
# span 7 =     4.8215,     9.2815       
# span 8 =    -0.0179,    29.4361       
# span 9 =    65.4657,    95.5647       
# span 10 = 1.0000e-12, 3.5673e+01      
# span 11 =  -74.01828,  -74.01828      
# span 12 = -112.98380, -112.98376      
# span 13 =  26.407207,  26.415370      
# span 14 =       4.88,     100.87      
# span 15 = 1.3075e+02, 1.3372e+02      
# span 16 =    140.642,    846.014      
# span 17 =       3376,      20305      
# span 18 =  1027.1913,  1030.2435      
# span 19 =  1027.1948,  1030.2412      
# span 20 =    33.8146,    34.4085      
# span 21 =    33.8182,    34.4059      
# span 22 =    8.00956,    8.39292      
# span 23 =         20,         49      
# span 24 = 0.0000e+00, 0.0000e+00      
# interval = decibars: 1                
# start_time = Jan 26 2022 09:44:02 [NMEA time, header]
# bad_flag = -9.990e-29
*END*
      2.000      1.977    -0.7138  27.550518    -0.7169  27.551017     9.0017     8.5544    27.9535    66.5276 3.5673e+01  -74.01828 -112.98376  26.407207      56.47 1.3299e+02    140.642       3376  1027.1913  1027.1948    33.8148    33.8189    8.23013         20 0.0000e+00
      3.000      2.969    -0.7197  27.546140    -0.7231  27.546480     8.9961     8.5604    28.0538    66.9939 2.3589e+01  -74.01828 -112.98376  26.407233     100.87 1.3232e+02    142.910       3431  1027.1965  1027.2002    33.8147    33.8190    8.23140         32 0.0000e+00
      4.000      3.958    -0.7197  27.546702    -0.7228  27.547291     8.9946     8.5872    25.9714    67.9502 1.5206e+01  -74.01828 -112.98377  26.407263      99.98 1.3255e+02    145.541       3494  1027.2014  1027.2050    33.8149    33.8192    8.23140         47 0.0000e+00
      5.000      4.948    -0.7177  27.549366    -0.7206  27.549923     9.0008     8.6536    25.5261    67.0152 1.0209e+01  -74.01828 -112.98377  26.407293      89.44 1.3223e+02    148.126       3556  1027.2067  1027.2100    33.8156    33.8197    8.23092         35 0.0000e+00
      6.000      5.939    -0.7176  27.549837    -0.7209  27.550137     9.0004     8.7449    26.5738    67.9226 6.9291e+00  -74.01828 -112.98377  26.407320      86.27 1.3222e+02    150.485       3613  1027.2114  1027.2149    33.8156    33.8197    8.23091         37 0.0000e+00
      7.000      6.928    -0.7193  27.548878    -0.7220  27.549470     8.9955     8.8334    26.9374    68.2680 4.7818e+00  -74.01828 -112.98376  26.407347     100.29 1.3222e+02    152.749       3667  1027.2162  1027.2195    33.8155    33.8194    8.23127         37 0.0000e+00
      8.000      7.917    -0.7217  27.546933    -0.7248  27.547310     8.9945     8.9436    27.9479    68.1763 3.3368e+00  -74.01828 -112.98376  26.407373      99.98 1.3278e+02    155.045       3722  1027.2207  1027.2241    33.8150    33.8190    8.23182         44 0.0000e+00
      9.000      8.908    -0.7217  27.547049    -0.7255  27.546737     9.0001     9.0075    26.0457    67.3208 2.3795e+00  -74.01828 -112.98376  26.407399      99.97 1.3253e+02    157.264       3775  1027.2252  1027.2284    33.8146    33.8184    8.23186         40 0.0000e+00
     10.000      9.897    -0.7194  27.549672    -0.7225  27.549820     9.0021     9.0589    27.7574    66.7005 1.6999e+00  -74.01828 -112.98376  26.407423      99.98 1.3246e+02    159.362       3826  1027.2300  1027.2332    33.8149    33.8186    8.23133         43 0.0000e+00
     11.000     10.886    -0.7200  27.549755    -0.7229  27.549999     9.0005     9.1137    28.9657    66.9485 1.2232e+00  -74.01828 -112.98376  26.407448      99.98 1.3267e+02    161.545       3878  1027.2350  1027.2380    33.8150    33.8187    8.23145         43 0.0000e+00
     12.000     11.874    -0.7206  27.549593    -0.7234  27.549998     8.9980     9.1594    29.2746    67.5197 8.8666e-01  -74.01828 -112.98376  26.407474      98.75 1.3222e+02    163.787       3932  1027.2397  1027.2428    33.8148    33.8186    8.23159         38 0.0000e+00
     13.000     12.867    -0.7187  27.551950    -0.7215  27.552323     8.9985     9.1912    27.0541    68.7738 6.4959e-01  -74.01828 -112.98376  26.407499      99.95 1.3222e+02    165.929       3983  1027.2447  1027.2478    33.8154    33.8189    8.23116         39 0.0000e+00
     14.000     13.854    -0.7174  27.553548    -0.7207  27.553440     8.9955     9.2156    26.4440    67.2803 4.6610e-01  -74.01828 -112.98376  26.407523      99.98 1.3298e+02    167.993       4033  1027.2495  1027.2525    33.8155    33.8190    8.23087         42 0.0000e+00
     15.000     14.844    -0.7176  27.553905    -0.7204  27.554287     8.9982     9.2377    27.6423    69.1647 3.3965e-01  -74.01828 -112.98376  26.407548      99.97 1.3256e+02    170.137       4084  1027.2544  1027.2574    33.8155    33.8191    8.23091         37 0.0000e+00
     16.000     15.834    -0.7178  27.554165    -0.7211  27.554088     9.0079     9.2497    27.6513    67.9917 2.4520e-01  -74.01828 -112.98376  26.407572      99.97 1.3257e+02    172.179       4133  1027.2593  1027.2622    33.8155    33.8190    8.23096         40 0.0000e+00
     17.000     16.823    -0.7198  27.552631    -0.7224  27.552781     8.9983     9.2542    28.1463    65.6514 1.7462e-01  -74.01828 -112.98376  26.407595      99.98 1.3274e+02    174.231       4183  1027.2637  1027.2664    33.8150    33.8182    8.23141         37 0.0000e+00
     18.000     17.813    -0.7198  27.552996    -0.7225  27.553144     9.0045     9.2571    27.9752    68.0492 1.2180e-01  -74.01828 -112.98376  26.407619      95.93 1.3221e+02    176.300       4232  1027.2684  1027.2712    33.8149    33.8182    8.23142         39 0.0000e+00
     19.000     18.803    -0.7191  27.554017    -0.7222  27.553856     8.9989     9.2618    26.6963    67.5535 8.2643e-02  -74.01828 -112.98376  26.407643      99.98 1.3227e+02    178.353       4281  1027.2732  1027.2760    33.8149    33.8182    8.23128         41 0.0000e+00
     20.000     19.792    -0.7185  27.555149    -0.7212  27.555362     8.9968     9.2674    25.7439    66.0856 5.2701e-02  -74.01828 -112.98376  26.407666      99.98 1.3247e+02    180.362       4330  1027.2781  1027.2809    33.8151    33.8184    8.23113         43 0.0000e+00
     21.000     20.781    -0.7183  27.555917    -0.7211  27.556027     8.9941     9.2652    27.7127    68.1950 2.8400e-02  -74.01828 -112.98377  26.407691      99.98 1.3265e+02    182.461       4380  1027.2831  1027.2859    33.8154    33.8186    8.23108         45 0.0000e+00
     22.000     21.772    -0.7184  27.556404    -0.7208  27.556771     8.9969     9.2691    27.1063    67.7919 1.1082e-02  -74.01828 -112.98377  26.407714      99.97 1.3269e+02    184.516       4429  1027.2880  1027.2906    33.8154    33.8186    8.23108         41 0.0000e+00
     23.000     22.761    -0.7183  27.556856    -0.7210  27.556912     8.9939     9.2617    27.5801    66.8572 7.7558e-04  -74.01828 -112.98378  26.407737      99.98 1.3267e+02    186.463       4476  1027.2927  1027.2953    33.8154    33.8185    8.23107         39 0.0000e+00
     24.000     23.750    -0.7180  27.557922    -0.7207  27.557954     8.9932     9.2632    24.9876    67.4742 4.8947e-06  -74.01828 -112.98377  26.407760      99.83 1.3247e+02    188.467       4524  1027.2979  1027.3004    33.8159    33.8189    8.23098         35 0.0000e+00
     25.000     24.740    -0.7182  27.557991    -0.7207  27.558112     9.0005     9.2695    27.4213    67.6591 1.0000e-12  -74.01828 -112.98376  26.407784      99.81 1.3268e+02    190.533       4574  1027.3024  1027.3049    33.8155    33.8186    8.23103         42 0.0000e+00
     26.000     25.731    -0.7183  27.558274    -0.7207  27.558395     8.9986     9.2728    26.8406    68.0126 1.0000e-12  -74.01828 -112.98376  26.407807      99.98 1.3264e+02    192.492       4621  1027.3071  1027.3095    33.8154    33.8183    8.23107         42 0.0000e+00
     27.000     26.718    -0.7179  27.559149    -0.7199  27.559650     9.0005     9.2782    25.4614    66.8975 1.0000e-12  -74.01828 -112.98376  26.407830      99.98 1.3275e+02    194.477       4668  1027.3120  1027.3144    33.8155    33.8184    8.23097         40 0.0000e+00
     28.000     27.709    -0.7179  27.559540    -0.7202  27.559881     9.0024     9.2815    25.4398    68.2537 1.0000e-12  -74.01828 -112.98376  26.407853      99.97 1.3223e+02    196.509       4717  1027.3167  1027.3192    33.8154    33.8184    8.23097         42 0.0000e+00
     29.000     28.701    -0.7181  27.559937    -0.7206  27.560042     8.9989     9.2802    27.0187    67.6702 1.0000e-12  -74.01828 -112.98376  26.407876      99.98 1.3222e+02    198.489       4765  1027.3217  1027.3241    33.8156    33.8185    8.23102         36 0.0000e+00
     30.000     29.688    -0.7186  27.560069    -0.7212  27.559874     8.9879     9.2764    28.4850    66.4853 1.0000e-12  -74.01828 -112.98376  26.407899      99.98 1.3253e+02    200.487       4813  1027.3265  1027.3288    33.8157    33.8184    8.23111         45 0.0000e+00
     31.000     30.677    -0.7188  27.560537    -0.7208  27.560767     8.9878     9.2681    27.9537    68.4910 1.0000e-12  -74.01828 -112.98376  26.407922      94.86 1.3259e+02    202.448       4860  1027.3315  1027.3337    33.8159    33.8185    8.23114         43 0.0000e+00
     32.000     31.667    -0.7188  27.561128    -0.7211  27.561072     8.9910     9.2745    28.2705    68.6271 1.0000e-12  -74.01828 -112.98376  26.407945      98.43 1.3260e+02    204.430       4907  1027.3365  1027.3386    33.8161    33.8186    8.23113         42 0.0000e+00
     33.000     32.656    -0.7192  27.561179    -0.7215  27.561202     8.9732     9.2521    27.6938    67.9173 1.0000e-12  -74.01828 -112.98376  26.407969      99.96 1.3255e+02    206.481       4957  1027.3412  1027.3434    33.8161    33.8186    8.23123         43 0.0000e+00
     34.000     33.646    -0.7201  27.561834    -0.7224  27.561838     8.9390     9.2232    27.6866    68.2167 1.0000e-12  -74.01828 -112.98376  26.407991      99.97 1.3263e+02    208.399       5003  1027.3471  1027.3493    33.8173    33.8199    8.23135         38 0.0000e+00
     35.000     34.635    -0.7213  27.562318    -0.7251  27.561406     8.9234     9.2002    27.5408    68.1516 1.0000e-12  -74.01828 -112.98376  26.408013      99.98 1.3260e+02    210.284       5048  1027.3531  1027.3558    33.8187    33.8217    8.23153         46 0.0000e+00
     36.000     35.625    -0.7241  27.561311    -0.7277  27.560395     8.9162     9.2012    29.2288    67.9610 1.0000e-12  -74.01828 -112.98376  26.408036      99.97 1.3241e+02    212.274       5096  1027.3590  1027.3615    33.8199    33.8227    8.23208         41 0.0000e+00
     37.000     36.614    -0.7251  27.561021    -0.7271  27.561138     8.8971     9.1823    29.1219    67.8015 1.0000e-12  -74.01828 -112.98376  26.408059      99.98 1.3223e+02    214.272       5144  1027.3639  1027.3659    33.8199    33.8224    8.23228         41 0.0000e+00
     38.000     37.604    -0.7292  27.559604    -0.7310  27.559639     8.8635     9.1445    27.9593    67.9237 1.0000e-12  -74.01828 -112.98376  26.408081      99.98 1.3236e+02    216.167       5189  1027.3706  1027.3723    33.8220    33.8241    8.23306         41 0.0000e+00
     39.000     38.592    -0.7328  27.559621    -0.7356  27.559665     8.8229     9.1073    28.4695    66.1530 1.0000e-12  -74.01828 -112.98376  26.408103      99.97 1.3263e+02    218.065       5235  1027.3784  1027.3811    33.8255    33.8286    8.23365         36 0.0000e+00
     40.000     39.583    -0.7332  27.563130    -0.7352  27.563006     8.7926     9.0757    29.4361    66.8545 1.0000e-12  -74.01828 -112.98376  26.408125      99.98 1.3266e+02    220.011       5281  1027.3869  1027.3887    33.8301    33.8322    8.23347         37 0.0000e+00
     41.000     40.573    -0.7344  27.566575    -0.7363  27.566099     8.7251     9.0174    29.4321    67.6202 1.0000e-12  -74.01828 -112.98376  26.408148      99.98 1.3222e+02    221.990       5329  1027.3960  1027.3974    33.8354    33.8369    8.23342         36 0.0000e+00
     42.000     41.561    -0.7359  27.570195    -0.7375  27.570456     8.6303     8.9245    29.4329    66.3158 1.0000e-12  -74.01828 -112.98376  26.408170      99.98 1.3222e+02    223.850       5373  1027.4058  1027.4075    33.8414    33.8436    8.23340         42 0.0000e+00
     43.000     42.551    -0.7583  27.556774    -0.7605  27.557026     8.4412     8.7429    29.4322    67.3336 1.0000e-12  -74.01828 -112.98376  26.408191      99.98 1.3264e+02    225.738       5419  1027.4171  1027.4195    33.8477    33.8506    8.23791         40 0.0000e+00
     44.000     43.541    -0.8034  27.523966    -0.8055  27.524756     8.2612     8.5802    29.4342    66.9571 1.0000e-12  -74.01828 -112.98376  26.408214      99.98 1.3257e+02    227.699       5466  1027.4292  1027.4321    33.8534    33.8568    8.24746         40 0.0000e+00
     45.000     44.531    -0.8402  27.496562    -0.8417  27.497434     8.2326     8.5234    29.4335    66.4166 1.0000e-12  -74.01828 -112.98376  26.408236      99.99 1.3233e+02    229.605       5512  1027.4389  1027.4413    33.8569    33.8598    8.25531         40 0.0000e+00
     46.000     45.520    -0.8488  27.490574    -0.8517  27.490038     8.2359     8.5047    25.5843    65.4657 1.0000e-12  -74.01828 -112.98376  26.408258      99.97 1.3222e+02    231.491       5557  1027.4446  1027.4467    33.8579    33.8604    8.25715         41 0.0000e+00
     47.000     46.508    -0.8531  27.487743    -0.8571  27.486440     8.2048     8.4647    26.3330    66.5554 1.0000e-12  -74.01828 -112.98376  26.408280      99.97 1.3232e+02    233.412       5603  1027.4495  1027.4518    33.8582    33.8610    8.25806         38 0.0000e+00
     48.000     47.498    -0.8731  27.472723    -0.8761  27.472355     8.1320     8.3846    26.3630    67.4346 1.0000e-12  -74.01828 -112.98376  26.408302      99.97 1.3316e+02    235.270       5647  1027.4563  1027.4588    33.8596    33.8625    8.26236         40 0.0000e+00
     49.000     48.485    -0.9057  27.447954    -0.9097  27.447197     8.0436     8.3138    25.2718    67.0207 1.0000e-12  -74.01828 -112.98376  26.408324      99.97 1.3247e+02    237.172       5693  1027.4648  1027.4678    33.8621    33.8656    8.26939         36 0.0000e+00
     50.000     49.479    -0.9356  27.425499    -0.9382  27.425044     8.0170     8.2900    25.1458    66.9239 1.0000e-12  -74.01828 -112.98376  26.408347      99.98 1.3261e+02    239.144       5740  1027.4730  1027.4750    33.8646    33.8669    8.27582         36 0.0000e+00
     51.000     50.465    -0.9408  27.422055    -0.9432  27.421702     8.0000     8.2650    22.5133    68.3531 1.0000e-12  -74.01828 -112.98376  26.408368      99.98 1.3254e+02    240.986       5785  1027.4781  1027.4800    33.8652    33.8674    8.27693         38 0.0000e+00
     52.000     51.457    -0.9496  27.416460    -0.9522  27.416232     7.9982     8.2430    23.2290    68.9078 1.0000e-12  -74.01828 -112.98376  26.408389      97.05 1.3222e+02    242.838       5829  1027.4843  1027.4865    33.8668    33.8694    8.27877         35 0.0000e+00
     53.000     52.445    -0.9547  27.413292    -0.9566  27.413320     7.9883     8.2280    23.9185    68.9600 1.0000e-12  -74.01828 -112.98376  26.408412      99.99 1.3222e+02    244.754       5875  1027.4897  1027.4915    33.8677    33.8698    8.27985         42 0.0000e+00
     54.000     53.435    -0.9569  27.412225    -0.9592  27.412014     7.9509     8.1861    23.1587    68.6637 1.0000e-12  -74.01828 -112.98376  26.408434      99.97 1.3254e+02    246.667       5921  1027.4947  1027.4966    33.8680    33.8704    8.28031         45 0.0000e+00
     55.000     54.424    -0.9756  27.397845    -0.9794  27.396889     7.8999     8.1487    22.6915    70.2607 1.0000e-12  -74.01828 -112.98376  26.408455      99.98 1.3263e+02    248.552       5966  1027.5011  1027.5037    33.8689    33.8719    8.28438         38 0.0000e+00
     56.000     55.413    -0.9842  27.391924    -0.9880  27.390479     7.8799     8.1189    23.2843    69.8375 1.0000e-12  -74.01828 -112.98377  26.408477      99.99 1.3265e+02    250.414       6011  1027.5070  1027.5089    33.8700    33.8722    8.28623         41 0.0000e+00
     57.000     56.403    -0.9912  27.387364    -0.9952  27.385608     7.8476     8.0915    22.1079    70.0684 1.0000e-12  -74.01828 -112.98377  26.408498      99.98 1.3255e+02    252.241       6055  1027.5128  1027.5147    33.8710    33.8731    8.28771         37 0.0000e+00
     58.000     57.391    -1.0081  27.375665    -1.0093  27.376140     7.7759     8.0196    19.7151    69.6728 1.0000e-12  -74.01828 -112.98377  26.408520      99.98 1.3241e+02    254.089       6099  1027.5204  1027.5220    33.8735    33.8755    8.29130         38 0.0000e+00
