ocean_section_plots/required_files/ctd/dnbp2202_ctd293.cnv
* Sea-Bird SBE 9 Data File:
* FileName = D:\Data\raw\NBP2202_CTD293.hex
* Software Version Seasave V 7.26.7.121
* Temperature SN = 1649
* Conductivity SN = 2513
* Number of Bytes Per Scan = 40
* Number of Voltage Words = 5
* Number of Scans Averaged by the Deck Unit = 1
* NMEA Latitude = 73 49.40 S
* NMEA Longitude = 112 52.89 W
* NMEA UTC (Time) = Feb 23 2022  23:57:10
* NMEA baud rate = 9600
** Ship: RVIB N.B. Palmer
** Cruise: NBP2202 Thwaites
** Station: 195
** Operator: A. Robinson
# nquan = 28
# nvalues = 762                         
# units = specified
# name 0 = prDM: Pressure, Digiquartz [db]
# name 1 = depSM: Depth [salt water, m]
# name 2 = t090C: Temperature [ITS-90, deg C]
# name 3 = c0mS/cm: Conductivity [mS/cm]
# name 4 = t190C: Temperature, 2 [ITS-90, deg C]
# name 5 = c1mS/cm: Conductivity, 2 [mS/cm]
# name 6 = sbeox0ML/L: Oxygen, SBE 43 [ml/l]
# name 7 = sbeox1ML/L: Oxygen, SBE 43, 2 [ml/l]
# name 8 = flECO-AFL: Fluorescence, WET Labs ECO-AFL/FL [mg/m^3]
# name 9 = CStarTr0: Beam Transmission, WET Labs C-Star [%]
# name 10 = par: PAR/Irradiance, Biospherical/Licor
# name 11 = latitude: Latitude [deg]
# name 12 = longitude: Longitude [deg]
# name 13 = timeJ: Julian Days
# name 14 = altM: Altimeter [m]
# name 15 = spar: SPAR, Biospherical/Licor
# name 16 = timeS: Time, Elapsed [seconds]
# name 17 = scan: Scan Count
# name 18 = density00: Density [density, kg/m^3]
# name 19 = density11: Density, 2 [density, kg/m^3]
# name 20 = v3: Voltage 3
# name 21 = v4: Voltage 4
# name 22 = v5: Voltage 5
# name 23 = sal00: Salinity, Practical [PSU]
# name 24 = sal11: Salinity, Practical, 2 [PSU]
# name 25 = oxsolML/L: Oxygen Saturation, Garcia & Gordon [ml/l]
# name 26 = nbin: number of scans per bin
# name 27 = flag: flag
# span 0 =      3.000,    764.000       
# span 1 =      2.967,    754.716       
# span 2 =    -1.4954,     0.5890       
# span 3 =  26.873629,  29.563542       
# span 4 =    -1.4971,     0.5916       
# span 5 =  26.874445,  29.563936       
# span 6 =     4.5515,     8.6787       
# span 7 =     4.6572,     8.9396       
# span 8 =    -0.0106,    15.1493       
# span 9 =    82.8394,    97.6372       
# span 10 = 1.0000e-12, 7.6329e+01      
# span 11 =  -73.82338,  -73.82336      
# span 12 = -112.88162, -112.88158      
# span 13 =  55.000271,  55.010449      
# span 14 =       3.53,     100.15      
# span 15 = 1.9921e+02, 2.2036e+02      
# span 16 =    193.429,   1072.749      
# span 17 =       4643,      25747      
# span 18 =  1027.1443,  1031.3262      
# span 19 =  1027.1479,  1031.3248      
# span 20 =     3.9298,     4.6318      
# span 21 =     0.0689,     2.4128      
# span 22 =     0.1171,     0.2100      
# span 23 =    33.7200,    34.5744      
# span 24 =    33.7232,    34.5720      
# span 25 =    7.91220,    8.40721      
# span 26 =         20,         55      
# span 27 = 0.0000e+00, 0.0000e+00      
# interval = decibars: 1                
# start_time = Feb 23 2022 23:57:10 [NMEA time, header]
# bad_flag = -9.990e-29
*END*
[from data line 104]
    107.000    105.866    -1.4257  27.086670    -1.4259  27.087128     6.0790     6.2495     1.9864    93.1089 1.0000e-12  -73.82338 -112.88160  55.002248      99.84 2.1507e+02    364.204       8742  1027.8067  1027.8074     4.4171     0.4198     0.1349    33.9195    33.9203    8.38170         28 0.0000e+00
    108.000    106.857    -1.4257  27.087580    -1.4258  27.088040     6.0783     6.2492     2.4526    93.3152 1.0000e-12  -73.82338 -112.88160  55.002261      99.84 2.1507e+02    365.388       8770  1027.8120  1027.8126     4.4269     0.4081     0.1344    33.9201    33.9208    8.38165         29 0.0000e+00
    109.000    107.845    -1.4259  27.088550    -1.4259  27.088950     6.0765     6.2456     2.3368    93.7004 1.0000e-12  -73.82338 -112.88160  55.002275      99.82 2.1507e+02    366.554       8798  1027.8176  1027.8180     4.4449     0.5313     0.1373    33.9210    33.9216    8.38164         27 0.0000e+00
    110.000    108.834    -1.4273  27.089193    -1.4272  27.089572     6.0748     6.2444     2.0033    93.8906 1.0000e-12  -73.82338 -112.88160  55.002288      99.85 2.1507e+02    367.696       8826  1027.8239  1027.8243     4.4541     0.3955     0.1366    33.9228    33.9233    8.38184         28 0.0000e+00
    111.000    109.824    -1.4278  27.089625    -1.4278  27.090039     6.0703     6.2413     1.9859    94.1455 1.0000e-12  -73.82338 -112.88160  55.002301      99.85 2.1507e+02    368.845       8853  1027.8292  1027.8297     4.4662     0.4292     0.1505    33.9234    33.9240    8.38193         28 0.0000e+00
    112.000    110.813    -1.4290  27.090332    -1.4291  27.090716     6.0713     6.2388     2.0442    93.8731 1.0000e-12  -73.82338 -112.88160  55.002315      99.85 2.1507e+02    369.991       8881  1027.8355  1027.8360     4.4533     0.3914     0.1308    33.9251    33.9258    8.38209         27 0.0000e+00
    113.000    111.802    -1.4309  27.091175    -1.4312  27.091491     6.0699     6.2442     1.8309    93.3242 1.0000e-12  -73.82338 -112.88160  55.002327      99.85 2.1507e+02    371.097       8907  1027.8425  1027.8432     4.4272     0.4248     0.1437    33.9278    33.9286    8.38236         26 0.0000e+00
    114.000    112.790    -1.4347  27.090419    -1.4354  27.090460     6.0716     6.2455     1.7638    93.3320 1.0000e-12  -73.82338 -112.88160  55.002340      99.85 2.1507e+02    372.203       8934  1027.8497  1027.8505     4.4276     0.4071     0.1339    33.9305    33.9314    8.38306         27 0.0000e+00
    115.000    113.780    -1.4380  27.089724    -1.4380  27.090124     6.0703     6.2380     1.8624    93.6025 1.0000e-12  -73.82338 -112.88160  55.002353      99.86 2.1507e+02    373.331       8961  1027.8565  1027.8569     4.4405     0.3691     0.1369    33.9327    33.9332    8.38368         27 0.0000e+00
    116.000    114.769    -1.4386  27.090629    -1.4387  27.091040     6.0644     6.2407     2.0269    93.0305 1.0000e-12  -73.82338 -112.88160  55.002366      99.86 2.1507e+02    374.411       8987  1027.8623  1027.8629     4.4133     0.3419     0.1310    33.9339    33.9347    8.38373         25 0.0000e+00
    117.000    115.758    -1.4383  27.091949    -1.4384  27.092397     6.0618     6.2322     1.9331    93.8475 1.0000e-12  -73.82338 -112.88160  55.002378      99.86 2.1507e+02    375.469       9012  1027.8678  1027.8684     4.4520     0.3304     0.1371    33.9348    33.9356    8.38361         26 0.0000e+00
    118.000    116.747    -1.4386  27.093687    -1.4387  27.094062     6.0700     6.2321     2.1379    94.0810 1.0000e-12  -73.82338 -112.88160  55.002391      99.86 2.1507e+02    376.562       9038  1027.8743  1027.8748     4.4632     0.3377     0.1393    33.9369    33.9376    8.38355         26 0.0000e+00
    119.000    117.737    -1.4390  27.095061    -1.4390  27.095509     6.0644     6.2323     2.1958    94.2648 1.0000e-12  -73.82338 -112.88160  55.002404      99.86 2.1507e+02    377.678       9065  1027.8805  1027.8810     4.4718     0.3362     0.1389    33.9387    33.9393    8.38354         27 0.0000e+00
    120.000    118.726    -1.4392  27.095827    -1.4393  27.096222     6.0719     6.2408     1.7974    94.3430 1.0000e-12  -73.82338 -112.88160  55.002416      99.86 2.1507e+02    378.750       9091  1027.8858  1027.8864     4.4755     0.2802     0.1363    33.9393    33.9400    8.38355         25 0.0000e+00
    121.000    119.714    -1.4400  27.097468    -1.4401  27.097890     6.0805     6.2427     1.5520    94.8000 1.0000e-12  -73.82338 -112.88160  55.002428      99.83 2.1430e+02    379.789       9116  1027.8926  1027.8933     4.4972     0.4970     0.1411    33.9418    33.9425    8.38357         25 0.0000e+00
    122.000    120.705    -1.4446  27.096786    -1.4448  27.097179     6.0814     6.2537     1.6188    94.7017 1.0000e-12  -73.82338 -112.88160  55.002441      99.87 2.1467e+02    380.863       9142  1027.9007  1027.9013     4.4926     0.2847     0.1361    33.9455    33.9463    8.38439         27 0.0000e+00
    123.000    121.693    -1.4468  27.096870    -1.4468  27.097199     6.0964     6.2692     1.6894    94.2547 1.0000e-12  -73.82338 -112.88160  55.002454      99.86 2.1481e+02    381.994       9169  1027.9072  1027.9076     4.4713     0.3032     0.1415    33.9475    33.9480    8.38477         27 0.0000e+00
    124.000    122.681    -1.4505  27.096685    -1.4506  27.097148     6.1152     6.2867     1.8389    94.2364 1.0000e-12  -73.82338 -112.88160  55.002467      99.88 2.1425e+02    383.116       9196  1027.9149  1027.9156     4.4706     0.2104     0.1326    33.9508    33.9516    8.38541         26 0.0000e+00
    125.000    123.671    -1.4524  27.097263    -1.4525  27.097573     6.1336     6.3007     1.2404    94.4173 1.0000e-12  -73.82338 -112.88160  55.002479      99.78 2.1472e+02    384.162       9221  1027.9217  1027.9221     4.4790     0.5566     0.1389    33.9531    33.9537    8.38569         25 0.0000e+00
    126.000    124.661    -1.4528  27.098639    -1.4530  27.099018     6.1540     6.3064     1.0382    94.2679 1.0000e-12  -73.82338 -112.88160  55.002490      99.85 2.1456e+02    385.184       9245  1027.9279  1027.9285     4.4720     0.3444     0.1317    33.9549    33.9557    8.38569         24 0.0000e+00
    127.000    125.649    -1.4549  27.098139    -1.4550  27.098579     6.1427     6.2983     1.2231    94.5444 1.0000e-12  -73.82338 -112.88160  55.002503      99.85 2.1415e+02    386.258       9271  1027.9337  1027.9342     4.4851     0.3892     0.1378    33.9560    33.9567    8.38610         27 0.0000e+00
    128.000    126.638    -1.4569  27.099724    -1.4568  27.100052     6.1181     6.2883     1.3904    94.6295 1.0000e-12  -73.82338 -112.88160  55.002516      99.86 2.1435e+02    387.380       9298  1027.9416  1027.9419     4.4891     0.2870     0.1359    33.9598    33.9602    8.38631         27 0.0000e+00
    129.000    127.627    -1.4532  27.106201    -1.4532  27.106591     6.1278     6.2944     1.2647    94.8994 1.0000e-12  -73.82338 -112.88160  55.002529      99.87 2.1453e+02    388.472       9324  1027.9495  1027.9499     4.5020     0.2153     0.1374    33.9639    33.9645    8.38524         26 0.0000e+00
    130.000    128.616    -1.4564  27.104389    -1.4564  27.104866     6.1221     6.3065     0.8939    95.1342 1.0000e-12  -73.82338 -112.88160  55.002541      99.86 2.1419e+02    389.516       9349  1027.9549  1027.9555     4.5131     0.3353     0.1339    33.9644    33.9651    8.38592         24 0.0000e+00
    131.000    129.605    -1.4589  27.103310    -1.4589  27.103668     6.1425     6.3147     0.8270    95.0924 1.0000e-12  -73.82338 -112.88160  55.002553      99.87 2.1467e+02    390.584       9375  1027.9603  1027.9607     4.5110     0.2842     0.1318    33.9651    33.9656    8.38644         26 0.0000e+00
    132.000    130.594    -1.4636  27.100766    -1.4642  27.100866     6.1670     6.3226     0.6908    95.4280 1.0000e-12  -73.82338 -112.88160  55.002566      99.88 2.1442e+02    391.672       9401  1027.9664  1027.9671     4.5270     0.2082     0.1417    33.9664    33.9671    8.38744         27 0.0000e+00
    133.000    131.585    -1.4678  27.098789    -1.4679  27.099152     6.1762     6.3324     0.4737    95.6036 1.0000e-12  -73.82338 -112.88160  55.002578      99.87 2.1352e+02    392.756       9427  1027.9726  1027.9731     4.5353     0.2538     0.1354    33.9678    33.9684    8.38830         25 0.0000e+00
    134.000    132.572    -1.4689  27.098825    -1.4690  27.099143     6.1749     6.3390     0.5986    95.4206 1.0000e-12  -73.82338 -112.88160  55.002591      99.87 2.1390e+02    393.839       9453  1027.9780  1027.9784     4.5267     0.2277     0.1317    33.9685    33.9690    8.38850         27 0.0000e+00
    135.000    133.561    -1.4697  27.098888    -1.4697  27.099339     6.1806     6.3494     0.5310    95.9486 1.0000e-12  -73.82338 -112.88160  55.002604      99.87 2.1419e+02    394.943       9480  1027.9830  1027.9835     4.5517     0.1736     0.1351    33.9688    33.9694    8.38865         26 0.0000e+00
    136.000    134.550    -1.4711  27.098852    -1.4712  27.099223     6.1821     6.3534     0.5101    96.1421 1.0000e-12  -73.82338 -112.88160  55.002616      99.88 2.1364e+02    396.038       9506  1027.9886  1027.9891     4.5608     0.1864     0.1274    33.9697    33.9703    8.38892         26 0.0000e+00
    137.000    135.539    -1.4733  27.098873    -1.4733  27.099229     6.1852     6.3573     0.5547    95.8637 1.0000e-12  -73.82338 -112.88160  55.002628      99.88 2.1392e+02    397.104       9531  1027.9950  1027.9954     4.5476     0.1596     0.1305    33.9716    33.9721    8.38930         26 0.0000e+00
    138.000    136.528    -1.4745  27.099308    -1.4746  27.099587     6.1963     6.3591     0.6661    95.9056 1.0000e-12  -73.82338 -112.88160  55.002641      99.88 2.1409e+02    398.171       9557  1028.0010  1028.0014     4.5497     0.1573     0.1294    33.9730    33.9735    8.38949         25 0.0000e+00
    139.000    137.517    -1.4729  27.101428    -1.4729  27.101630     6.1825     6.3536     0.6297    96.5162 1.0000e-12  -73.82338 -112.88160  55.002654      99.88 2.1344e+02    399.270       9583  1028.0060  1028.0062     4.5786     0.1451     0.1295    33.9734    33.9737    8.38910         28 0.0000e+00
    140.000    138.508    -1.4729  27.102024    -1.4727  27.102392     6.1843     6.3586     0.4474    96.4162 1.0000e-12  -73.82338 -112.88160  55.002667      99.88 2.1331e+02    400.387       9610  1028.0109  1028.0111     4.5739     0.1646     0.1276    33.9736    33.9739    8.38909         26 0.0000e+00
    141.000    139.495    -1.4719  27.103438    -1.4717  27.103844     6.1762     6.3506     0.5762    96.3280 1.0000e-12  -73.82338 -112.88160  55.002679      99.87 2.1331e+02    401.470       9636  1028.0157  1028.0160     4.5697     0.1849     0.1304    33.9738    33.9742    8.38885         26 0.0000e+00
    142.000    140.484    -1.4717  27.104227    -1.4714  27.104777     6.1505     6.3287     0.6787    96.2828 1.0000e-12  -73.82338 -112.88160  55.002691      99.88 2.1331e+02    402.508       9661  1028.0208  1028.0211     4.5674     0.1392     0.1271    33.9741    33.9745    8.38880         24 0.0000e+00
    143.000    141.474    -1.4696  27.108167    -1.4682  27.109498     6.1064     6.2833     0.6806    96.0483 1.0000e-12  -73.82338 -112.88160  55.002703      99.87 2.1331e+02    403.517       9685  1028.0273  1028.0275     4.5566     0.1806     0.1287    33.9765    33.9767    8.38817         24 0.0000e+00
    144.000    142.463    -1.4419  27.133741    -1.4403  27.134020     6.0512     6.2191     0.6540    96.1392 1.0000e-12  -73.82338 -112.88160  55.002714      99.87 2.1453e+02    404.494       9709  1028.0329  1028.0317     4.5608     0.2353     0.1326    33.9796    33.9781    8.38175         23 0.0000e+00
    145.000    143.451    -1.4240  27.148078    -1.4224  27.150099     6.0494     6.2096     0.5551    96.3807 1.0000e-12  -73.82338 -112.88160  55.002725      99.88 2.1340e+02    405.446       9732  1028.0358  1028.0364     4.5722     0.1700     0.1297    33.9783    33.9793    8.37779         23 0.0000e+00
    146.000    144.439    -1.4154  27.156713    -1.4080  27.163031     6.0728     6.2510     0.6049    96.3020 1.0000e-12  -73.82338 -112.88160  55.002736      99.88 2.1346e+02    406.405       9755  1028.0414  1028.0412     4.5685     0.2107     0.1380    33.9799    33.9802    8.37578         23 0.0000e+00
    147.000    145.430    -1.4064  27.164161    -1.4048  27.166164     6.1011     6.2743     0.5638    96.3310 1.0000e-12  -73.82338 -112.88160  55.002747      99.87 2.1399e+02    407.365       9778  1028.0452  1028.0460     4.5698     0.2505     0.1349    33.9792    33.9802    8.37378         23 0.0000e+00
    148.000    146.421    -1.4499  27.127771    -1.4529  27.126124     6.1223     6.2838     0.5829    96.4229 1.0000e-12  -73.82338 -112.88160  55.002758      99.88 2.1347e+02    408.307       9800  1028.0519  1028.0531     4.5742     0.1662     0.1326    33.9779    33.9791    8.38365         22 0.0000e+00
    149.000    147.405    -1.4374  27.141391    -1.4373  27.141124     6.1460     6.3072     0.6759    96.4523 1.0000e-12  -73.82338 -112.88160  55.002769      99.88 2.1331e+02    409.219       9822  1028.0591  1028.0587     4.5756     0.1843     0.1307    33.9819    33.9814    8.38061         22 0.0000e+00
    150.000    148.397    -1.4417  27.137509    -1.4425  27.137760     6.1736     6.3324     0.6448    96.3155 1.0000e-12  -73.82338 -112.88160  55.002779      99.88 2.1451e+02    410.145       9844  1028.0634  1028.0644     4.5691     0.1748     0.1293    33.9808    33.9821    8.38163         23 0.0000e+00
    151.000    149.386    -1.4555  27.126867    -1.4550  27.127705     6.1861     6.3492     0.5881    96.2227 1.0000e-12  -73.82338 -112.88160  55.002790      99.87 2.1371e+02    411.101       9867  1028.0693  1028.0698     4.5647     0.1911     0.1323    33.9813    33.9818    8.38472         23 0.0000e+00
    152.000    150.374    -1.4642  27.120281    -1.4647  27.120266     6.2079     6.3624     0.6503    96.2338 1.0000e-12  -73.82338 -112.88160  55.002802      99.87 2.1331e+02    412.094       9891  1028.0748  1028.0753     4.5652     0.1979     0.1308    33.9814    33.9819    8.38667         24 0.0000e+00
    153.000    151.362    -1.4687  27.117357    -1.4688  27.117516     6.2111     6.3778     0.7536    96.2544 1.0000e-12  -73.82338 -112.88160  55.002814      99.87 2.1331e+02    413.105       9916  1028.0802  1028.0805     4.5662     0.2349     0.1340    33.9819    33.9823    8.38766         24 0.0000e+00
    154.000    152.352    -1.4733  27.115109    -1.4738  27.115192     6.2081     6.3777     0.5755    96.2629 1.0000e-12  -73.82338 -112.88160  55.002825      99.87 2.1331e+02    414.098       9939  1028.0865  1028.0871     4.5666     0.2422     0.1306    33.9834    33.9841    8.38861         24 0.0000e+00
    155.000    153.342    -1.4746  27.116770    -1.4744  27.117164     6.2026     6.3740     0.4317    96.2955 1.0000e-12  -73.82338 -112.88160  55.002837      99.88 2.1331e+02    415.113       9964  1028.0938  1028.0940     4.5682     0.1618     0.1298    33.9865    33.9868    8.38871         25 0.0000e+00
    156.000    154.329    -1.4731  27.119300    -1.4729  27.119677     6.1894     6.3693     0.4024    96.4039 1.0000e-12  -73.82338 -112.88160  55.002849      99.88 2.1338e+02    416.182       9989  1028.0994  1028.0995     4.5732     0.1635     0.1291    33.9877    33.9880    8.38830         26 0.0000e+00
    157.000    155.318    -1.4721  27.122037    -1.4719  27.122267     6.1493     6.3329     0.5267    96.4608 1.0000e-12  -73.82338 -112.88160  55.002862      99.87 2.1359e+02    417.234      10015  1028.1057  1028.1058     4.5760     0.1734     0.1298    33.9897    33.9898    8.38795         25 0.0000e+00
