ocean_section_plots/required_files/ctd/dnbp2202_ctd092.cnv
* Sea-Bird SBE 9 Data File:
* FileName = D:\Data\raw\NBP2202_CTD092.hex
* Software Version Seasave V 7.26.7.121
* Temperature SN = 1649
* Conductivity SN = 2513
* Number of Bytes Per Scan = 40
* Number of Voltage Words = 5
* Number of Scans Averaged by the Deck Unit = 1
* NMEA Latitude = 74 10.51 S
* NMEA Longitude = 113 20.67 W
* NMEA UTC (Time) = Jan 26 2022  22:37:36
* NMEA baud rate = 9600
** Ship: RVIB N.B. Palmer
** Cruise: NBP2202 Thwaites
** Station: YoYo001
** Operator: A. Robinson
# nquan = 25
# nvalues = 607                         
# units = specified
# name 0 = prDM: Pressure, Digiquartz [db]
# name 1 = depSM: Depth [salt water, m]
# name 2 = t090C: Temperature [ITS-90, deg C]
# name 3 = c0mS/cm: Conductivity [mS/cm]
# name 4 = t190C: Temperature, 2 [ITS-90, deg C]
# name 5 = c1mS/cm: Conductivity, 2 [mS/cm]
# name 6 = sbeox0ML/L: Oxygen, SBE 43 [ml/l]
# name 7 = sbeox1ML/L: Oxygen, SBE 43, 2 [ml/l]
# name 8 = flECO-AFL: Fluorescence, WET Labs ECO-AFL/FL [mg/m^3]
# name 9 = CStarTr0: Beam Transmission, WET Labs C-Star [%]
# name 10 = par: PAR/Irradiance, Biospherical/Licor
# name 11 = latitude: Latitude [deg]
# name 12 = longitude: Longitude [deg]
# name 13 = timeJ: Julian Days
# name 14 = altM: Altimeter [m]
# name 15 = spar: SPAR, Biospherical/Licor
# name 16 = timeS: Time, Elapsed [seconds]
# name 17 = scan: Scan Count
# name 18 = density00: Density [density, kg/m^3]
# name 19 = density11: Density, 2 [density, kg/m^3]
# name 20 = sal00: Salinity, Practical [PSU]
# name 21 = sal11: Salinity, Practical, 2 [PSU]
# name 22 = oxsolML/L: Oxygen Saturation, Garcia & Gordon [ml/l]
# name 23 = nbin: number of scans per bin
# name 24 = flag: flag
# span 0 =     10.000,    616.000       
# span 1 =      9.897,    608.724       
# span 2 =    -1.5399,     0.1090       
# span 3 =  26.894083,  28.945128       
# span 4 =    -1.5387,     0.1109       
# span 5 =  26.894348,  28.944720       
# span 6 =     4.6778,     8.2117       
# span 7 =     4.7487,     8.1278       
# span 8 =    -0.0216,    20.6090       
# span 9 =    69.1117,    95.5084       
# span 10 = 1.0000e-12, 6.7985e+01      
# span 11 =  -74.17530,  -74.17528      
# span 12 = -113.34460, -113.34456      
# span 13 =  26.943284,  26.952118      
# span 14 =       4.74,     100.46      
# span 15 = 1.8493e+03, 1.8615e+03      
# span 16 =     43.746,    806.961      
# span 17 =       1051,      19368      
# span 18 =  1027.2375,  1030.5208      
# span 19 =  1027.2339,  1030.5185      
# span 20 =    33.8031,    34.3860      
# span 21 =    33.8005,    34.3833      
# span 22 =    8.02184,    8.41340      
# span 23 =         18,         46      
# span 24 = 0.0000e+00, 0.0000e+00      
# interval = decibars: 1                
# start_time = Jan 26 2022 22:37:36 [NMEA time, header]
# bad_flag = -9.990e-29
*END*
[from data line 348]
    358.000    353.986    -0.6426  28.034731    -0.6406  28.034900     5.0410     5.1441    -0.0140    95.4850 1.0000e-12  -74.17528 -113.34458  26.948132      99.87 1.8541e+03    462.560      11102  1029.1747  1029.1729    34.1703    34.1683    8.19404         30 0.0000e+00
    359.000    354.979    -0.5746  28.099359    -0.5729  28.095789     4.9584     5.0655    -0.0068    95.4893 1.0000e-12  -74.17528 -113.34458  26.948145      99.36 1.8546e+03    463.771      11132  1029.1818  1029.1763    34.1801    34.1734    8.17879         29 0.0000e+00
    360.000    355.964    -0.5211  28.148193    -0.5156  28.150167     4.9171     5.0241    -0.0194    95.4903 1.0000e-12  -74.17528 -113.34458  26.948160      87.63 1.8546e+03    464.982      11161  1029.1865  1029.1831    34.1849    34.1813    8.16697         29 0.0000e+00
    361.000    356.953    -0.4795  28.186831    -0.4768  28.186640     4.8722     4.9834    -0.0108    95.4823 1.0000e-12  -74.17528 -113.34458  26.948174      97.98 1.8546e+03    466.200      11190  1029.1918  1029.1890    34.1893    34.1860    8.15776         29 0.0000e+00
    362.000    357.940    -0.4696  28.196908    -0.4678  28.196221     4.8317     4.9387    -0.0072    95.4465 1.0000e-12  -74.17528 -113.34458  26.948188      99.88 1.8546e+03    467.427      11219  1029.1978  1029.1952    34.1911    34.1881    8.15553         29 0.0000e+00
    363.000    358.928    -0.4067  28.257263    -0.4068  28.254223     4.8246     4.9153    -0.0130    95.4620 1.0000e-12  -74.17528 -113.34458  26.948202      99.87 1.8546e+03    468.638      11248  1029.2055  1029.2024    34.2006    34.1966    8.14148         29 0.0000e+00
    364.000    359.916    -0.3937  28.272168    -0.3909  28.272101     4.8242     4.9116    -0.0140    95.4300 1.0000e-12  -74.17528 -113.34458  26.948216      99.86 1.8546e+03    469.828      11277  1029.2136  1029.2108    34.2053    34.2020    8.13842         29 0.0000e+00
    365.000    360.904    -0.3864  28.280762    -0.3840  28.280531     4.8262     4.9057    -0.0058    95.4080 1.0000e-12  -74.17528 -113.34458  26.948229      99.87 1.8546e+03    471.024      11306  1029.2206  1029.2180    34.2080    34.2049    8.13671         29 0.0000e+00
    366.000    361.892    -0.3801  28.288108    -0.3784  28.287098     4.8308     4.9130    -0.0098    95.3689 1.0000e-12  -74.17528 -113.34458  26.948243      99.87 1.8546e+03    472.230      11335  1029.2271  1029.2244    34.2102    34.2069    8.13524         28 0.0000e+00
    367.000    362.878    -0.3751  28.294208    -0.3730  28.293630     4.8329     4.9123    -0.0128    95.3410 1.0000e-12  -74.17528 -113.34458  26.948257      99.87 1.8546e+03    473.432      11363  1029.2335  1029.2309    34.2120    34.2090    8.13405         30 0.0000e+00
    368.000    363.869    -0.3695  28.301019    -0.3673  28.300343     4.8324     4.9092    -0.0127    95.2988 1.0000e-12  -74.17528 -113.34458  26.948271      99.86 1.8546e+03    474.626      11392  1029.2400  1029.2372    34.2143    34.2110    8.13274         28 0.0000e+00
    369.000    364.855    -0.3567  28.315365    -0.3550  28.314498     4.8274     4.9095    -0.0050    95.2676 1.0000e-12  -74.17528 -113.34458  26.948285      99.86 1.8541e+03    475.826      11421  1029.2474  1029.2448    34.2185    34.2154    8.12976         29 0.0000e+00
    370.000    365.843    -0.3538  28.319268    -0.3513  28.319181     4.8332     4.9094    -0.0177    95.2445 1.0000e-12  -74.17528 -113.34458  26.948299      77.91 1.8534e+03    477.030      11450  1029.2534  1029.2509    34.2199    34.2169    8.12906         29 0.0000e+00
    371.000    366.831    -0.3492  28.324707    -0.3477  28.323653     4.8309     4.9020    -0.0125    95.2452 1.0000e-12  -74.17528 -113.34458  26.948313      89.65 1.8546e+03    478.253      11479  1029.2593  1029.2567    34.2214    34.2183    8.12799         29 0.0000e+00
    372.000    367.819    -0.3447  28.330114    -0.3427  28.329593     4.8233     4.9017    -0.0110    95.2272 1.0000e-12  -74.17528 -113.34458  26.948327      99.58 1.8545e+03    479.473      11508  1029.2653  1029.2627    34.2229    34.2199    8.12695         29 0.0000e+00
    373.000    368.807    -0.3317  28.344817    -0.3302  28.343859     4.8276     4.9026    -0.0067    95.2248 1.0000e-12  -74.17528 -113.34458  26.948341      99.87 1.8546e+03    480.679      11537  1029.2728  1029.2702    34.2274    34.2243    8.12391         29 0.0000e+00
    374.000    369.794    -0.3319  28.345322    -0.3299  28.345029     4.8319     4.9087    -0.0021    95.2033 1.0000e-12  -74.17528 -113.34458  26.948355      99.86 1.8546e+03    481.887      11566  1029.2780  1029.2758    34.2276    34.2250    8.12393         29 0.0000e+00
    375.000    370.783    -0.3315  28.346313    -0.3296  28.345719     4.8281     4.9083    -0.0075    95.2161 1.0000e-12  -74.17528 -113.34458  26.948369      99.87 1.8546e+03    483.104      11595  1029.2832  1029.2808    34.2279    34.2250    8.12383         29 0.0000e+00
    376.000    371.771    -0.3312  28.346958    -0.3287  28.346925     4.8307     4.9026    -0.0105    95.1897 1.0000e-12  -74.17528 -113.34458  26.948383      99.86 1.8546e+03    484.312      11624  1029.2880  1029.2856    34.2278    34.2250    8.12377         29 0.0000e+00
    377.000    372.758    -0.3304  28.348096    -0.3284  28.347678     4.8348     4.9056    -0.0171    95.2036 1.0000e-12  -74.17528 -113.34458  26.948397      99.88 1.8546e+03    485.510      11653  1029.2929  1029.2905    34.2279    34.2251    8.12361         29 0.0000e+00
    378.000    373.747    -0.3310  28.348173    -0.3291  28.347715     4.8330     4.9049    -0.0028    95.1946 1.0000e-12  -74.17528 -113.34458  26.948411      99.87 1.8546e+03    486.701      11682  1029.2980  1029.2956    34.2281    34.2252    8.12373         29 0.0000e+00
    379.000    374.733    -0.3312  28.348732    -0.3292  28.348247     4.8370     4.9088    -0.0095    95.1978 1.0000e-12  -74.17528 -113.34458  26.948425      99.87 1.8546e+03    487.894      11710  1029.3032  1029.3007    34.2284    34.2255    8.12374         28 0.0000e+00
    380.000    375.723    -0.3330  28.347211    -0.3308  28.346991     4.8396     4.9149    -0.0038    95.1975 1.0000e-12  -74.17528 -113.34458  26.948439      99.87 1.8546e+03    489.105      11740  1029.3077  1029.3052    34.2278    34.2250    8.12417         30 0.0000e+00
    381.000    376.710    -0.3372  28.344828    -0.3354  28.344205     4.8434     4.9174    -0.0124    95.1999 1.0000e-12  -74.17528 -113.34458  26.948453      80.82 1.8546e+03    490.318      11769  1029.3136  1029.3112    34.2288    34.2259    8.12501         29 0.0000e+00
    382.000    377.697    -0.3317  28.352111    -0.3294  28.351916     4.8442     4.9202    -0.0182    95.1938 1.0000e-12  -74.17528 -113.34460  26.948467      94.96 1.8544e+03    491.524      11798  1029.3203  1029.3178    34.2317    34.2288    8.12366         29 0.0000e+00
    383.000    378.685    -0.3266  28.358906    -0.3244  28.358457     4.8365     4.9149    -0.0141    95.1867 1.0000e-12  -74.17528 -113.34460  26.948481      99.82 1.8532e+03    492.737      11827  1029.3268  1029.3243    34.2344    34.2314    8.12241         29 0.0000e+00
    384.000    379.673    -0.3160  28.371462    -0.3142  28.370472     4.8331     4.8999    -0.0102    95.1788 1.0000e-12  -74.17528 -113.34460  26.948495      99.87 1.8529e+03    493.963      11856  1029.3342  1029.3314    34.2387    34.2354    8.11992         30 0.0000e+00
    385.000    380.661    -0.2965  28.392118    -0.2904  28.395221     4.8128     4.8932    -0.0103    95.1758 1.0000e-12  -74.17528 -113.34460  26.948509      99.87 1.8537e+03    495.176      11885  1029.3415  1029.3388    34.2437    34.2410    8.11547         28 0.0000e+00
    386.000    381.650    -0.2877  28.401003    -0.2840  28.401997     4.8116     4.8866    -0.0111    95.1829 1.0000e-12  -74.17528 -113.34460  26.948523      99.86 1.8538e+03    496.393      11914  1029.3467  1029.3442    34.2451    34.2423    8.11351         30 0.0000e+00
    387.000    382.637    -0.2801  28.408711    -0.2780  28.408264     4.8096     4.8901    -0.0180    95.1839 1.0000e-12  -74.17528 -113.34460  26.948537      99.87 1.8540e+03    497.612      11944  1029.3519  1029.3495    34.2462    34.2434    8.11182         29 0.0000e+00
    388.000    383.624    -0.2759  28.413807    -0.2744  28.412678     4.8131     4.8844    -0.0171    95.1850 1.0000e-12  -74.17528 -113.34460  26.948551      99.86 1.8530e+03    498.823      11973  1029.3576  1029.3550    34.2477    34.2445    8.11084         28 0.0000e+00
    389.000    384.612    -0.2779  28.413022    -0.2762  28.412121     4.8183     4.8923    -0.0133    95.1847 1.0000e-12  -74.17528 -113.34460  26.948565      99.87 1.8530e+03    500.023      12002  1029.3632  1029.3607    34.2483    34.2453    8.11123         30 0.0000e+00
    390.000    385.600    -0.2795  28.412401    -0.2775  28.411986     4.8177     4.8931    -0.0163    95.1914 1.0000e-12  -74.17528 -113.34460  26.948579      99.87 1.8532e+03    501.219      12030  1029.3685  1029.3662    34.2487    34.2459    8.11155         28 0.0000e+00
    391.000    386.588    -0.2804  28.412467    -0.2782  28.412416     4.8214     4.8951    -0.0070    95.1770 1.0000e-12  -74.17528 -113.34460  26.948593      99.87 1.8533e+03    502.406      12059  1029.3739  1029.3716    34.2492    34.2466    8.11172         29 0.0000e+00
    392.000    387.575    -0.2800  28.413816    -0.2781  28.413123     4.8214     4.8951    -0.0064    95.1777 1.0000e-12  -74.17528 -113.34460  26.948607      90.90 1.8534e+03    503.606      12088  1029.3792  1029.3767    34.2499    34.2469    8.11159         29 0.0000e+00
    393.000    388.564    -0.2765  28.418364    -0.2750  28.417570     4.8194     4.8923    -0.0155    95.1715 1.0000e-12  -74.17528 -113.34460  26.948621      88.43 1.8542e+03    504.829      12117  1029.3850  1029.3827    34.2515    34.2487    8.11077         29 0.0000e+00
    394.000    389.551    -0.2733  28.422275    -0.2732  28.419743     4.8153     4.8930    -0.0145    95.1847 1.0000e-12  -74.17528 -113.34460  26.948635      99.86 1.8541e+03    506.062      12146  1029.3904  1029.3876    34.2525    34.2490    8.11002         30 0.0000e+00
    395.000    390.539    -0.2661  28.430856    -0.2631  28.431229     4.8056     4.8823    -0.0118    95.1980 1.0000e-12  -74.17528 -113.34460  26.948649      99.86 1.8537e+03    507.280      12176  1029.3967  1029.3943    34.2552    34.2524    8.10833         29 0.0000e+00
    396.000    391.526    -0.2568  28.441834    -0.2546  28.441256     4.7915     4.8660    -0.0026    95.1824 1.0000e-12  -74.17528 -113.34460  26.948663      99.87 1.8531e+03    508.468      12204  1029.4037  1029.4010    34.2588    34.2556    8.10615         28 0.0000e+00
    397.000    392.515    -0.2456  28.453530    -0.2439  28.452621     4.7925     4.8713    -0.0109    95.1900 1.0000e-12  -74.17528 -113.34460  26.948677      99.87 1.8528e+03    509.653      12233  1029.4095  1029.4069    34.2612    34.2581    8.10363         29 0.0000e+00
    398.000    393.502    -0.2404  28.459184    -0.2380  28.459107     4.7924     4.8727    -0.0125    95.1858 1.0000e-12  -74.17528 -113.34460  26.948691      99.86 1.8528e+03    510.861      12262  1029.4149  1029.4125    34.2623    34.2596    8.10246         29 0.0000e+00
    399.000    394.490    -0.2423  28.458360    -0.2408  28.457230     4.7989     4.8706    -0.0161    95.1668 1.0000e-12  -74.17528 -113.34460  26.948705      99.87 1.8529e+03    512.098      12291  1029.4202  1029.4176    34.2628    34.2596    8.10284         29 0.0000e+00
    400.000    395.478    -0.2435  28.457894    -0.2415  28.457371     4.8014     4.8773    -0.0106    95.1710 1.0000e-12  -74.17528 -113.34460  26.948719      99.87 1.8533e+03    513.319      12321  1029.4253  1029.4228    34.2630    34.2600    8.10310         30 0.0000e+00
    401.000    396.465    -0.2428  28.459075    -0.2397  28.459545     4.8051     4.8762    -0.0072    95.1666 1.0000e-12  -74.17528 -113.34460  26.948733      99.87 1.8534e+03    514.513      12349  1029.4303  1029.4277    34.2631    34.2603    8.10293         28 0.0000e+00
    402.000    397.454    -0.2444  28.458314    -0.2421  28.458300     4.7990     4.8740    -0.0033    95.1675 1.0000e-12  -74.17528 -113.34460  26.948746      99.87 1.8546e+03    515.693      12378  1029.4353  1029.4330    34.2633    34.2607    8.10326         28 0.0000e+00
    403.000    398.440    -0.2379  28.465113    -0.2357  28.464694     4.7955     4.8645    -0.0077    95.1572 1.0000e-12  -74.17528 -113.34460  26.948760      87.93 1.8546e+03    516.887      12406  1029.4404  1029.4380    34.2644    34.2615    8.10181         29 0.0000e+00
    404.000    399.429    -0.2339  28.469840    -0.2321  28.469124     4.7984     4.8707    -0.0153    95.1409 1.0000e-12  -74.17528 -113.34460  26.948774      94.51 1.8546e+03    518.102      12435  1029.4460  1029.4435    34.2657    34.2627    8.10090         30 0.0000e+00
    405.000    400.416    -0.2318  28.472809    -0.2304  28.471745     4.8012     4.8736    -0.0174    95.1443 1.0000e-12  -74.17528 -113.34460  26.948789      99.79 1.8546e+03    519.339      12465  1029.4514  1029.4489    34.2666    34.2637    8.10039         30 0.0000e+00
    406.000    401.402    -0.2343  28.470564    -0.2327  28.469266     4.7918     4.8735    -0.0111    95.1515 1.0000e-12  -74.17528 -113.34460  26.948803      99.87 1.8545e+03    520.568      12495  1029.4558  1029.4529    34.2659    34.2623    8.10097         27 0.0000e+00
    407.000    402.392    -0.2318  28.473728    -0.2304  28.472382     4.7979     4.8729    -0.0032    95.1611 1.0000e-12  -74.17528 -113.34460  26.948817      99.86 1.8545e+03    521.774      12524  1029.4610  1029.4583    34.2667    34.2634    8.10038         28 0.0000e+00
    408.000    403.380    -0.2328  28.472462    -0.2310  28.471914     4.7920     4.8662    -0.0172    95.1572 1.0000e-12  -74.17528 -113.34460  26.948831      99.87 1.8530e+03    522.973      12552  1029.4649  1029.4626    34.2655    34.2628    8.10066         29 0.0000e+00
    409.000    404.368    -0.2332  28.472866    -0.2311  28.472464     4.7946     4.8643    -0.0196    95.1412 1.0000e-12  -74.17528 -113.34460  26.948845      99.87 1.8533e+03    524.175      12581  1029.4701  1029.4676    34.2659    34.2630    8.10073         29 0.0000e+00
    410.000    405.355    -0.2298  28.476800    -0.2266  28.477626     4.7915     4.8663    -0.0150    95.1360 1.0000e-12  -74.17528 -113.34460  26.948859      99.86 1.8530e+03    525.378      12610  1029.4752  1029.4729    34.2668    34.2642    8.09996         29 0.0000e+00
    411.000    406.343    -0.2287  28.478055    -0.2267  28.477774     4.7860     4.8645    -0.0102    95.1404 1.0000e-12  -74.17528 -113.34460  26.948872      99.87 1.8530e+03    526.585      12639  1029.4798  1029.4776    34.2666    34.2640    8.09973         29 0.0000e+00
    412.000    407.331    -0.2305  28.476615    -0.2283  28.476413     4.7895     4.8592    -0.0140    95.1644 1.0000e-12  -74.17528 -113.34460  26.948886      99.86 1.8537e+03    527.793      12668  1029.4843  1029.4820    34.2661    34.2634    8.10015         29 0.0000e+00
    413.000    408.318    -0.2284  28.479582    -0.2248  28.480572     4.7814     4.8639    -0.0117    95.1448 1.0000e-12  -74.17528 -113.34460  26.948900      99.87 1.8540e+03    529.001      12697  1029.4896  1029.4873    34.2671    34.2644    8.09964         29 0.0000e+00
    414.000    409.305    -0.2234  28.484919    -0.2214  28.484520     4.7824     4.8616    -0.0100    95.1582 1.0000e-12  -74.17528 -113.34460  26.948914      87.71 1.8538e+03    530.211      12726  1029.4947  1029.4924    34.2680    34.2652    8.09853         29 0.0000e+00
