ocean_section_plots/required_files/ctd/dnbp2202_ctd144.cnv
* Sea-Bird SBE 9 Data File:
* FileName = D:\Data\raw\NBP2202_CTD144.hex
* Software Version Seasave V 7.26.7.121
* Temperature SN = 1649
* Conductivity SN = 2513
* Number of Bytes Per Scan = 40
* Number of Voltage Words = 5
* Number of Scans Averaged by the Deck Unit = 1
* NMEA Latitude = 74 06.98 S
* NMEA Longitude = 113 02.82 W
* NMEA UTC (Time) = Jan 30 2022  08:13:06
* NMEA baud rate = 9600
** Ship: RVIB N.B. Palmer
** Cruise: NBP2202 Thwaites
** Station: 72
** Operator: B. Bjork
# nquan = 28
# nvalues = 660                         
# units = specified
# name 0 = prDM: Pressure, Digiquartz [db]
# name 1 = depSM: Depth [salt water, m]
# name 2 = t090C: Temperature [ITS-90, deg C]
# name 3 = c0mS/cm: Conductivity [mS/cm]
# name 4 = t190C: Temperature, 2 [ITS-90, deg C]
# name 5 = c1mS/cm: Conductivity, 2 [mS/cm]
# name 6 = sbeox0ML/L: Oxygen, SBE 43 [ml/l]
# name 7 = sbeox1ML/L: Oxygen, SBE 43, 2 [ml/l]
# name 8 = flECO-AFL: Fluorescence, WET Labs ECO-AFL/FL [mg/m^3]
# name 9 = CStarTr0: Beam Transmission, WET Labs C-Star [%]
# name 10 = par: PAR/Irradiance, Biospherical/Licor
# name 11 = latitude: Latitude [deg]
# name 12 = longitude: Longitude [deg]
# name 13 = timeJ: Julian Days
# name 14 = altM: Altimeter [m]
# name 15 = spar: SPAR, Biospherical/Licor
# name 16 = timeS: Time, Elapsed [seconds]
# name 17 = scan: Scan Count
# name 18 = density00: Density [density, kg/m^3]
# name 19 = density11: Density, 2 [density, kg/m^3]
# name 20 = v3: Voltage 3
# name 21 = v4: Voltage 4
# name 22 = v5: Voltage 5
# name 23 = sal00: Salinity, Practical [PSU]
# name 24 = sal11: Salinity, Practical, 2 [PSU]
# name 25 = oxsolML/L: Oxygen Saturation, Garcia & Gordon [ml/l]
# name 26 = nbin: number of scans per bin
# name 27 = flag: flag
# span 0 =      2.000,    661.000       
# span 1 =      1.981,    653.113       
# span 2 =    -1.5337,     0.2765       
# span 3 =  27.060490,  29.156841       
# span 4 =    -1.5329,     0.2776       
# span 5 =  27.061114,  29.155309       
# span 6 =     4.6432,     8.4780       
# span 7 =     4.7285,     8.5937       
# span 8 =    -0.0196,    26.9641       
# span 9 =    67.2385,    93.3049       
# span 10 = -3.405e-04, 9.2894e+00      
# span 11 =  -74.11640,  -74.11640      
# span 12 = -113.04704, -113.04700      
# span 13 =  30.344624,  30.354516      
# span 14 =       2.47,     106.56      
# span 15 = 3.1768e+01, 4.5765e+01      
# span 16 =    189.531,   1044.203      
# span 17 =       4550,      25062      
# span 18 =  1027.1840,  1030.7718      
# span 19 =  1027.1841,  1030.7692      
# span 20 =     3.1903,     4.4263      
# span 21 =     0.0634,     4.0014      
# span 22 =     0.1175,     0.2537      
# span 23 =    33.7912,    34.4508      
# span 24 =    33.7899,    34.4475      
# span 25 =    7.98334,    8.40305      
# span 26 =         13,         49      
# span 27 = 0.0000e+00, 0.0000e+00      
# interval = decibars: 1                
# start_time = Jan 30 2022 08:13:06 [NMEA time, header]
# bad_flag = -9.990e-29
*END*
[from data line 570]
    572.000    565.301     0.1499  28.976571     0.1516  28.975970     4.6907     4.7823    -0.0066    93.1551 1.0000e-12  -74.11640 -113.04703  30.352161      93.73 4.4747e+01    840.704      20178  1030.3278  1030.3255     4.4192     0.0691     0.1320    34.4072    34.4045    8.01210         26 0.0000e+00
    573.000    566.287     0.1500  28.977063     0.1520  28.976762     4.6976     4.7824    -0.0155    93.1388 1.0000e-12  -74.11640 -113.04703  30.352174      92.70 4.5645e+01    841.811      20204  1030.3325  1030.3303     4.4185     0.0696     0.1289    34.4072    34.4046    8.01208         28 0.0000e+00
    574.000    567.275     0.1501  28.977619     0.1520  28.977288     4.6867     4.7807    -0.0159    93.1588 1.0000e-12  -74.11640 -113.04702  30.352187      91.56 4.5296e+01    842.926      20231  1030.3373  1030.3350     4.4194     0.0691     0.1388    34.4073    34.4046    8.01207         26 0.0000e+00
    575.000    568.263     0.1496  28.977762     0.1516  28.977567     4.6908     4.7865    -0.0037    93.1346 1.0000e-12  -74.11640 -113.04702  30.352199      90.41 4.4623e+01    844.007      20257  1030.3421  1030.3400     4.4182     0.0703     0.1289    34.4074    34.4049    8.01215         26 0.0000e+00
    576.000    569.248     0.1494  28.978047     0.1516  28.977801     4.6946     4.7841     0.0057    93.1384 1.0000e-12  -74.11640 -113.04702  30.352212      89.48 4.4724e+01    845.112      20284  1030.3469  1030.3445     4.4185     0.0679     0.1311    34.4074    34.4047    8.01219         27 0.0000e+00
    577.000    570.236     0.1493  28.978420     0.1515  28.978269     4.6957     4.7842     0.0069    93.1332 1.0000e-12  -74.11640 -113.04702  30.352225      88.58 4.4575e+01    846.273      20312  1030.3516  1030.3494     4.4182     0.0690     0.1316    34.4075    34.4048    8.01222         28 0.0000e+00
    578.000    571.223     0.1493  28.978840     0.1513  28.978638     4.6935     4.7856    -0.0081    93.1627 1.0000e-12  -74.11640 -113.04702  30.352238      87.60 4.5151e+01    847.385      20338  1030.3563  1030.3541     4.4195     0.0690     0.1294    34.4074    34.4049    8.01222         26 0.0000e+00
    579.000    572.209     0.1493  28.979371     0.1514  28.979116     4.6972     4.7867    -0.0008    93.1396 1.0000e-12  -74.11640 -113.04702  30.352251      86.49 4.3824e+01    848.460      20364  1030.3611  1030.3589     4.4185     0.0683     0.1405    34.4075    34.4049    8.01221         26 0.0000e+00
    580.000    573.196     0.1488  28.979314     0.1509  28.979232     4.6939     4.7778    -0.0082    93.1622 1.0000e-12  -74.11640 -113.04702  30.352264      85.30 4.4655e+01    849.577      20391  1030.3658  1030.3637     4.4196     0.0683     0.1418    34.4075    34.4050    8.01233         27 0.0000e+00
    581.000    574.184     0.1488  28.980223     0.1508  28.979932     4.6932     4.7756    -0.0085    93.1463 1.0000e-12  -74.11640 -113.04702  30.352277      84.26 4.5048e+01    850.700      20418  1030.3710  1030.3687     4.4188     0.0680     0.1273    34.4080    34.4054    8.01228         27 0.0000e+00
    582.000    575.170     0.1490  28.981076     0.1513  28.981013     4.6945     4.7852    -0.0085    93.1688 1.0000e-12  -74.11640 -113.04702  30.352289      83.29 4.4819e+01    851.805      20444  1030.3759  1030.3736     4.4199     0.0677     0.1289    34.4083    34.4057    8.01222         26 0.0000e+00
    583.000    576.158     0.1498  28.982331     0.1519  28.982102     4.6943     4.7825     0.0060    93.1661 1.0000e-12  -74.11640 -113.04702  30.352302      82.46 4.4922e+01    852.931      20471  1030.3807  1030.3785     4.4197     0.0673     0.1284    34.4085    34.4059    8.01205         27 0.0000e+00
    584.000    577.143     0.1506  28.983835     0.1529  28.983766     4.6974     4.7796    -0.0161    93.1529 1.0000e-12  -74.11640 -113.04702  30.352315      81.38 4.4749e+01    854.031      20498  1030.3858  1030.3835     4.4192     0.0667     0.1296    34.4090    34.4064    8.01186         26 0.0000e+00
    585.000    578.131     0.1530  28.987106     0.1552  28.986906     4.6943     4.7850    -0.0091    93.1669 1.0000e-12  -74.11640 -113.04702  30.352328      80.23 4.4682e+01    855.102      20523  1030.3910  1030.3888     4.4198     0.0677     0.1327    34.4100    34.4074    8.01129         26 0.0000e+00
    586.000    579.118     0.1540  28.988847     0.1560  28.988525     4.6943     4.7845    -0.0009    93.1948 1.0000e-12  -74.11640 -113.04702  30.352340      79.21 4.4987e+01    856.210      20550  1030.3962  1030.3939     4.4211     0.0669     0.1305    34.4107    34.4080    8.01106         27 0.0000e+00
    587.000    580.104     0.1536  28.989113     0.1558  28.989067     4.6916     4.7819    -0.0007    93.1810 1.0000e-12  -74.11640 -113.04702  30.352353      78.21 4.4562e+01    857.300      20576  1030.4011  1030.3989     4.4204     0.0683     0.1302    34.4108    34.4083    8.01112         25 0.0000e+00
    588.000    581.091     0.1548  28.990706     0.1568  28.990544     4.6922     4.7838    -0.0007    93.1837 1.0000e-12  -74.11640 -113.04702  30.352365      77.28 4.5017e+01    858.345      20601  1030.4059  1030.4037     4.4206     0.0668     0.1281    34.4110    34.4085    8.01087         26 0.0000e+00
    589.000    582.078     0.1575  28.993902     0.1597  28.993911     4.6914     4.7835    -0.0093    93.1869 1.0000e-12  -74.11640 -113.04702  30.352377      76.27 4.5027e+01    859.400      20627  1030.4108  1030.4087     4.4207     0.0681     0.1288    34.4117    34.4092    8.01028         24 0.0000e+00
    590.000    583.065     0.1591  28.996272     0.1613  28.996201     4.6879     4.7835    -0.0014    93.1123 1.0000e-12  -74.11640 -113.04702  30.352388      75.29 4.4462e+01    860.364      20650  1030.4159  1030.4138     4.4172     0.0661     0.1278    34.4124    34.4098    8.00990         23 0.0000e+00
    591.000    584.052     0.1605  28.998553     0.1629  28.998565     4.6834     4.7836    -0.0007    93.1654 1.0000e-12  -74.11640 -113.04702  30.352400      74.21 4.4976e+01    861.351      20673  1030.4212  1030.4189     4.4197     0.0669     0.1300    34.4132    34.4106    8.00955         25 0.0000e+00
    592.000    585.038     0.1634  29.002153     0.1655  29.001771     4.6850     4.7834    -0.0069    93.1639 1.0000e-12  -74.11640 -113.04700  30.352412      73.20 4.5565e+01    862.440      20700  1030.4264  1030.4240     4.4196     0.0673     0.1264    34.4142    34.4113    8.00890         26 0.0000e+00
    593.000    586.026     0.1693  29.008978     0.1715  29.008538     4.6817     4.7711    -0.0026    93.1901 1.0000e-12  -74.11640 -113.04700  30.352425      72.15 4.3911e+01    863.538      20726  1030.4319  1030.4294     4.4209     0.0653     0.1276    34.4159    34.4129    8.00756         26 0.0000e+00
    594.000    587.012     0.1745  29.014818     0.1770  29.014824     4.6743     4.7686    -0.0063    93.1956 1.0000e-12  -74.11640 -113.04700  30.352437      71.17 4.4992e+01    864.587      20751  1030.4373  1030.4349     4.4211     0.0664     0.1284    34.4172    34.4145    8.00642         25 0.0000e+00
    595.000    588.000     0.1813  29.022085     0.1835  29.021781     4.6766     4.7622    -0.0035    93.1848 1.0000e-12  -74.11640 -113.04700  30.352450      70.20 4.5626e+01    865.637      20776  1030.4425  1030.4400     4.4206     0.0671     0.1289    34.4186    34.4157    8.00493         26 0.0000e+00
    596.000    588.985     0.1831  29.024138     0.1853  29.023997     4.6792     4.7668    -0.0013    93.1811 1.0000e-12  -74.11640 -113.04700  30.352462      69.25 4.4145e+01    866.706      20802  1030.4472  1030.4449     4.4205     0.0663     0.1287    34.4187    34.4161    8.00454         25 0.0000e+00
    597.000    589.973     0.1842  29.025879     0.1866  29.025986     4.6766     4.7639    -0.0007    93.1936 1.0000e-12  -74.11640 -113.04700  30.352474      68.09 4.4570e+01    867.760      20827  1030.4521  1030.4500     4.4210     0.0666     0.1307    34.4191    34.4166    8.00428         25 0.0000e+00
    598.000    590.960     0.1861  29.028206     0.1883  29.027962     4.6755     4.7596    -0.0007    93.1862 1.0000e-12  -74.11640 -113.04700  30.352486      67.21 4.5310e+01    868.830      20853  1030.4571  1030.4547     4.4207     0.0654     0.1287    34.4195    34.4168    8.00387         27 0.0000e+00
    599.000    591.946     0.1884  29.031113     0.1906  29.030793     4.6755     4.7650    -0.0047    93.1741 1.0000e-12  -74.11640 -113.04700  30.352499      66.16 4.3460e+01    869.904      20879  1030.4621  1030.4597     4.4201     0.0653     0.1300    34.4201    34.4173    8.00335         25 0.0000e+00
    600.000    592.933     0.1903  29.033162     0.1924  29.033036     4.6740     4.7620    -0.0050    93.1611 1.0000e-12  -74.11640 -113.04700  30.352511      65.09 4.5625e+01    870.942      20904  1030.4668  1030.4646     4.4195     0.0654     0.1295    34.4202    34.4176    8.00297         24 0.0000e+00
    601.000    593.920     0.1917  29.034969     0.1938  29.034729     4.6744     4.7568    -0.0077    93.1630 1.0000e-12  -74.11640 -113.04700  30.352523      64.07 4.5700e+01    871.989      20929  1030.4715  1030.4693     4.4196     0.0658     0.1316    34.4204    34.4178    8.00265         26 0.0000e+00
    602.000    594.906     0.1928  29.036481     0.1949  29.036233     4.6717     4.7587    -0.0123    93.1576 1.0000e-12  -74.11640 -113.04700  30.352536      63.02 4.4403e+01    873.079      20955  1030.4763  1030.4741     4.4194     0.0643     0.1319    34.4205    34.4179    8.00241         27 0.0000e+00
    603.000    595.893     0.1936  29.037693     0.1957  29.037523     4.6742     4.7610     0.0002    93.1537 1.0000e-12  -74.11640 -113.04700  30.352548      62.10 4.4878e+01    874.141      20980  1030.4811  1030.4789     4.4191     0.0651     0.1319    34.4207    34.4182    8.00224         24 0.0000e+00
    604.000    596.880     0.1974  29.042068     0.1996  29.041876     4.6675     4.7575     0.0090    93.1501 1.0000e-12  -74.11640 -113.04700  30.352560      61.00 4.5566e+01    875.192      21006  1030.4862  1030.4839     4.4190     0.0652     0.1346    34.4216    34.4190    8.00140         26 0.0000e+00
    605.000    597.867     0.1985  29.043672     0.2006  29.043291     4.6661     4.7584    -0.0006    93.1376 1.0000e-12  -74.11640 -113.04700  30.352573      60.02 4.4925e+01    876.284      21032  1030.4911  1030.4887     4.4184     0.0654     0.1320    34.4220    34.4191    8.00116         27 0.0000e+00
    606.000    598.853     0.1996  29.045117     0.2016  29.044953     4.6735     4.7566    -0.0010    93.1085 1.0000e-12  -74.11640 -113.04700  30.352585      59.06 4.4780e+01    877.357      21058  1030.4958  1030.4937     4.4170     0.0662     0.1329    34.4220    34.4195    8.00092         25 0.0000e+00
    607.000    599.841     0.1999  29.045803     0.2020  29.045678     4.6692     4.7566    -0.0007    93.1259 1.0000e-12  -74.11640 -113.04700  30.352597      58.00 4.5481e+01    878.415      21083  1030.5006  1030.4984     4.4179     0.0659     0.1347    34.4220    34.4195    8.00086         26 0.0000e+00
    608.000    600.828     0.2005  29.046851     0.2030  29.046950     4.6676     4.7616    -0.0071    93.1189 1.0000e-12  -74.11640 -113.04700  30.352611      56.92 4.5105e+01    879.597      21111  1030.5053  1030.5030     4.4175     0.0652     0.1311    34.4221    34.4195    8.00073         31 0.0000e+00
    609.000    601.814     0.2009  29.047559     0.2030  29.047446     4.6701     4.7603    -0.0163    93.1136 1.0000e-12  -74.11640 -113.04700  30.352627      55.86 4.4071e+01    880.981      21145  1030.5100  1030.5078     4.4173     0.0654     0.1311    34.4221    34.4195    8.00066         34 0.0000e+00
    610.000    602.800     0.2014  29.048733     0.2037  29.048651     4.6698     4.7559    -0.0085    93.0958 1.0000e-12  -74.11640 -113.04700  30.352644      54.83 4.4528e+01    882.432      21179  1030.5150  1030.5127     4.4164     0.0644     0.1362    34.4224    34.4198    8.00053         34 0.0000e+00
    611.000    603.788     0.2028  29.050813     0.2050  29.050525     4.6671     4.7493    -0.0064    93.1090 1.0000e-12  -74.11640 -113.04700  30.352661      53.87 4.4124e+01    883.897      21215  1030.5200  1030.5176     4.4171     0.0646     0.1334    34.4230    34.4202    8.00020         34 0.0000e+00
    612.000    604.775     0.2037  29.052047     0.2060  29.051994     4.6663     4.7543    -0.0122    93.1181 1.0000e-12  -74.11640 -113.04700  30.352678      52.84 4.3588e+01    885.339      21249  1030.5248  1030.5224     4.4175     0.0646     0.1315    34.4231    34.4204    8.00001         33 0.0000e+00
    613.000    605.761     0.2047  29.053569     0.2068  29.053376     4.6617     4.7569     0.0021    93.1138 1.0000e-12  -74.11640 -113.04700  30.352694      51.84 4.4121e+01    886.788      21284  1030.5296  1030.5273     4.4173     0.0634     0.1313    34.4234    34.4207    7.99979         35 0.0000e+00
    614.000    606.748     0.2052  29.054600     0.2074  29.054494     4.6590     4.7570    -0.0100    93.1020 1.0000e-12  -74.11640 -113.04700  30.352711      50.86 4.4073e+01    888.249      21319  1030.5344  1030.5322     4.4167     0.0644     0.1302    34.4235    34.4209    7.99966         33 0.0000e+00
    615.000    607.734     0.2068  29.056649     0.2090  29.056532     4.6644     4.7561    -0.0054    93.1030 1.0000e-12  -74.11640 -113.04700  30.352728      49.82 4.4072e+01    889.737      21355  1030.5393  1030.5371     4.4168     0.0650     0.1316    34.4239    34.4213    7.99932         37 0.0000e+00
    616.000    608.721     0.2080  29.058323     0.2101  29.058164     4.6660     4.7482    -0.0021    93.0846 1.0000e-12  -74.11640 -113.04700  30.352746      48.84 4.4072e+01    891.230      21391  1030.5441  1030.5419     4.4159     0.0647     0.1309    34.4242    34.4216    7.99906         35 0.0000e+00
    617.000    609.708     0.2118  29.062805     0.2139  29.062534     4.6626     4.7474    -0.0044    93.0938 1.0000e-12  -74.11640 -113.04700  30.352763      47.80 4.4891e+01    892.705      21426  1030.5493  1030.5470     4.4163     0.0642     0.1307    34.4252    34.4225    7.99820         36 0.0000e+00
    618.000    610.694     0.2134  29.065039     0.2155  29.064868     4.6604     4.7454    -0.0103    93.0629 1.0000e-12  -74.11640 -113.04700  30.352780      46.80 4.3794e+01    894.208      21462  1030.5543  1030.5521     4.4149     0.0641     0.1325    34.4257    34.4232    7.99783         36 0.0000e+00
    619.000    611.682     0.2137  29.065797     0.2157  29.065529     4.6604     4.7457    -0.0071    93.0696 1.0000e-12  -74.11640 -113.04700  30.352798      45.76 4.4558e+01    895.722      21498  1030.5592  1030.5569     4.4152     0.0644     0.1314    34.4259    34.4233    7.99778         36 0.0000e+00
    620.000    612.668     0.2140  29.066486     0.2161  29.066448     4.6586     4.7503    -0.0043    93.0519 1.0000e-12  -74.11640 -113.04700  30.352815      44.73 4.4755e+01    897.213      21534  1030.5638  1030.5617     4.4143     0.0649     0.1326    34.4259    34.4234    7.99771         36 0.0000e+00
    621.000    613.654     0.2140  29.067016     0.2161  29.066872     4.6629     4.7467    -0.0079    93.0588 1.0000e-12  -74.11640 -113.04700  30.352832      43.73 4.3255e+01    898.714      21570  1030.5687  1030.5665     4.4147     0.0639     0.1341    34.4260    34.4234    7.99771         36 0.0000e+00
    622.000    614.641     0.2140  29.067432     0.2160  29.067293     4.6572     4.7456    -0.0006    93.0852 1.0000e-12  -74.11640 -113.04700  30.352850      42.72 4.4331e+01    900.219      21606  1030.5734  1030.5712     4.4159     0.0652     0.1324    34.4259    34.4235    7.99771         35 0.0000e+00
