ocean_section_plots/required_files/ctd/dnbp2202_ctd274.cnv
* Sea-Bird SBE 9 Data File:
* FileName = D:\Data\raw\NBP2202_CTD274.hex
* Software Version Seasave V 7.26.7.121
* Temperature SN = 1649
* Conductivity SN = 2513
* Number of Bytes Per Scan = 40
* Number of Voltage Words = 5
* Number of Scans Averaged by the Deck Unit = 1
* NMEA Latitude = 73 57.36 S
* NMEA Longitude = 116 14.32 W
* NMEA UTC (Time) = Feb 21 2022  02:48:53
* NMEA baud rate = 9600
** Ship: RVIB N.B. Palmer
** Cruise: NBP2202 Thwaites
** Station: 176
** Operator: A. Robinson
# nquan = 28
# nvalues = 655                         
# units = specified
# name 0 = prDM: Pressure, Digiquartz [db]
# name 1 = depSM: Depth [salt water, m]
# name 2 = t090C: Temperature [ITS-90, deg C]
# name 3 = c0mS/cm: Conductivity [mS/cm]
# name 4 = t190C: Temperature, 2 [ITS-90, deg C]
# name 5 = c1mS/cm: Conductivity, 2 [mS/cm]
# name 6 = sbeox0ML/L: Oxygen, SBE 43 [ml/l]
# name 7 = sbeox1ML/L: Oxygen, SBE 43, 2 [ml/l]
# name 8 = flECO-AFL: Fluorescence, WET Labs ECO-AFL/FL [mg/m^3]
# name 9 = CStarTr0: Beam Transmission, WET Labs C-Star [%]
# name 10 = par: PAR/Irradiance, Biospherical/Licor
# name 11 = latitude: Latitude [deg]
# name 12 = longitude: Longitude [deg]
# name 13 = timeJ: Julian Days
# name 14 = altM: Altimeter [m]
# name 15 = spar: SPAR, Biospherical/Licor
# name 16 = timeS: Time, Elapsed [seconds]
# name 17 = scan: Scan Count
# name 18 = density00: Density [density, kg/m^3]
# name 19 = density11: Density, 2 [density, kg/m^3]
# name 20 = v3: Voltage 3
# name 21 = v4: Voltage 4
# name 22 = v5: Voltage 5
# name 23 = sal00: Salinity, Practical [PSU]
# name 24 = sal11: Salinity, Practical, 2 [PSU]
# name 25 = oxsolML/L: Oxygen Saturation, Garcia & Gordon [ml/l]
# name 26 = nbin: number of scans per bin
# name 27 = flag: flag
# span 0 =      2.000,    656.000       
# span 1 =      1.982,    648.190       
# span 2 =    -1.8706,    -0.0064       
# span 3 =  26.859803,  28.904427       
# span 4 =    -1.8703,    -0.0087       
# span 5 =  26.860338,  28.899942       
# span 6 =     4.9141,     9.0808       
# span 7 =     5.0479,     9.3881       
# span 8 =    -0.0150,    10.6335       
# span 9 =    87.7888,    98.7329       
# span 10 = 1.0000e-12, 4.2437e+01      
# span 11 =  -73.95602,  -73.95602      
# span 12 = -116.23876, -116.23872      
# span 13 =  52.119773,  52.129272      
# span 14 =       3.41,     100.34      
# span 15 = 7.4572e+01, 9.8502e+01      
# span 16 =    215.426,   1036.116      
# span 17 =       5171,      24868      
# span 18 =  1027.1707,  1030.7583      
# span 19 =  1027.1721,  1030.7558      
# span 20 =     4.1653,     4.6837      
# span 21 =     0.0643,     1.8136      
# span 22 =     0.1061,     0.2431      
# span 23 =    33.7936,    34.4379      
# span 24 =    33.7953,    34.4345      
# span 25 =    8.04309,    8.47504      
# span 26 =         21,         48      
# span 27 = 0.0000e+00, 0.0000e+00      
# interval = decibars: 1                
# start_time = Feb 21 2022 02:48:53 [NMEA time, header]
# bad_flag = -9.990e-29
*END*
[from data line 104]
    106.000    104.876    -0.6094  27.702170    -0.6097  27.702258     8.1360     8.4097     6.7741    89.5884 1.0000e-12  -73.95602 -116.23872  52.121878      99.56 9.3433e+01    397.274       9536  1027.7048  1027.7051     4.2502     1.2844     0.1648    33.8386    33.8390    8.20603         26 0.0000e+00
    107.000    105.867    -0.6329  27.682233    -0.6300  27.684592     8.1235     8.4075     6.4738    89.7632 1.0000e-12  -73.95602 -116.23872  52.121890      99.60 9.3433e+01    398.337       9561  1027.7102  1027.7099     4.2582     1.1998     0.1859    33.8374    33.8373    8.21120         25 0.0000e+00
    108.000    106.855    -0.6471  27.670354    -0.6475  27.670042     8.1222     8.4151     5.1395    88.7255 1.0000e-12  -73.95602 -116.23872  52.121903      99.59 9.3433e+01    399.400       9587  1027.7152  1027.7153     4.2092     1.2005     0.1748    33.8366    33.8367    8.21433         26 0.0000e+00
    109.000    107.844    -0.6559  27.663378    -0.6544  27.664707     8.1144     8.4018     5.7051    89.9860 1.0000e-12  -73.95602 -116.23872  52.121915      99.72 9.3433e+01    400.464       9612  1027.7203  1027.7203     4.2689     0.9249     0.1599    33.8365    33.8366    8.21626         26 0.0000e+00
    110.000    108.835    -0.6545  27.665370    -0.6547  27.665087     8.1334     8.4145     5.8191    87.9616 1.0000e-12  -73.95602 -116.23872  52.121927      99.59 9.3433e+01    401.502       9637  1027.7252  1027.7250     4.1737     1.2214     0.1622    33.8370    33.8368    8.21593         24 0.0000e+00
    111.000    109.821    -0.6387  27.680759    -0.6384  27.680201     8.1405     8.4303     9.2343    90.1662 1.0000e-12  -73.95602 -116.23872  52.121939      99.54 9.3433e+01    402.522       9662  1027.7306  1027.7297     4.2768     1.3074     0.1660    33.8394    33.8383    8.21234         24 0.0000e+00
    112.000    110.813    -0.6233  27.694162    -0.6229  27.694266     8.1363     8.4073     8.3195    89.3340 1.0000e-12  -73.95602 -116.23872  52.121951      99.65 9.3433e+01    403.583       9687  1027.7344  1027.7341     4.2381     1.0910     0.1667    33.8397    33.8394    8.20899         26 0.0000e+00
    113.000    111.800    -0.6181  27.699629    -0.6170  27.700111     8.1226     8.3859     7.6381    89.0826 1.0000e-12  -73.95602 -116.23872  52.121963      99.74 9.3648e+01    404.643       9712  1027.7395  1027.7390     4.2261     0.8756     0.1692    33.8406    33.8400    8.20780         25 0.0000e+00
    114.000    112.791    -0.5790  27.736717    -0.5765  27.737661     8.1041     8.3773     7.2973    90.3079 1.0000e-12  -73.95602 -116.23872  52.121976      99.68 9.4049e+01    405.703       9738  1027.7461  1027.7446     4.2842     1.0444     0.1702    33.8462    33.8447    8.19900         26 0.0000e+00
    115.000    113.779    -0.5890  27.729172    -0.5888  27.729291     8.0891     8.3585     7.4544    90.4528 1.0000e-12  -73.95602 -116.23872  52.121988      97.17 9.3773e+01    406.767       9763  1027.7521  1027.7519     4.2911     1.0526     0.1645    33.8467    33.8465    8.20115         26 0.0000e+00
    116.000    114.769    -0.5883  27.731073    -0.5879  27.731073     8.0663     8.3419     7.0946    89.4924 1.0000e-12  -73.95602 -116.23872  52.122000      99.30 9.3653e+01    407.813       9789  1027.7578  1027.7574     4.2455     1.0058     0.1653    33.8478    33.8474    8.20093         24 0.0000e+00
    117.000    115.758    -0.5800  27.739993    -0.5784  27.740475     8.0436     8.3285     6.8889    89.1553 1.0000e-12  -73.95602 -116.23872  52.122012      99.73 9.4041e+01    408.847       9813  1027.7637  1027.7628     4.2296     0.9249     0.1716    33.8499    33.8488    8.19900         26 0.0000e+00
    118.000    116.747    -0.5721  27.747319    -0.5723  27.747077     8.0127     8.2974     6.9830    90.8648 1.0000e-12  -73.95602 -116.23872  52.122024      99.67 9.3857e+01    409.913       9839  1027.7685  1027.7683     4.3103     1.0428     0.1535    33.8504    33.8502    8.19727         25 0.0000e+00
    119.000    117.736    -0.5972  27.727557    -0.5970  27.727914     7.9912     8.2743     6.6727    90.0262 1.0000e-12  -73.95602 -116.23872  52.122037      99.60 9.4356e+01    410.971       9864  1027.7758  1027.7760     4.2711     1.2025     0.1721    33.8512    33.8515    8.20266         25 0.0000e+00
    120.000    118.724    -0.5960  27.730349    -0.5953  27.730477     7.9554     8.2424     6.0422    89.9328 1.0000e-12  -73.95602 -116.23872  52.122049      99.55 9.3847e+01    412.018       9889  1027.7820  1027.7814     4.2664     1.2886     0.1789    33.8530    33.8524    8.20230         25 0.0000e+00
    121.000    119.715    -0.6022  27.726349    -0.6011  27.727231     7.9158     8.2009     5.8439    89.3610 1.0000e-12  -73.95602 -116.23872  52.122061      99.70 9.4251e+01    413.073       9915  1027.7880  1027.7879     4.2393     1.0015     0.1652    33.8539    33.8539    8.20358         26 0.0000e+00
    122.000    120.703    -0.6000  27.732410    -0.5996  27.731994     7.8703     8.1531     5.8651    88.8292 1.0000e-12  -73.95602 -116.23872  52.122073      99.60 9.4068e+01    414.126       9940  1027.7966  1027.7958     4.2137     1.1863     0.1907    33.8590    33.8580    8.20281         25 0.0000e+00
    123.000    121.691    -0.5770  27.756183    -0.5750  27.757085     7.8303     8.1074     5.7189    87.7888 1.0000e-12  -73.95602 -116.23872  52.122085      99.59 9.5200e+01    415.149       9965  1027.8043  1027.8034     4.1653     1.2111     0.1640    33.8646    33.8636    8.19749         24 0.0000e+00
    124.000    122.682    -0.5627  27.772640    -0.5620  27.772982     7.8058     8.0774     5.5471    89.0415 1.0000e-12  -73.95602 -116.23872  52.122097      99.72 9.5128e+01    416.191       9990  1027.8127  1027.8123     4.2242     0.9499     0.1657    33.8703    33.8699    8.19409         26 0.0000e+00
    125.000    123.670    -0.5689  27.770096    -0.5680  27.770615     7.7835     8.0570     5.2098    89.0469 1.0000e-12  -73.95602 -116.23872  52.122110      99.72 9.5197e+01    417.262      10015  1027.8203  1027.8200     4.2245     0.9284     0.1691    33.8731    33.8728    8.19525         25 0.0000e+00
    126.000    124.659    -0.5721  27.768320    -0.5725  27.767540     7.7536     8.0271     5.6910    90.6149 1.0000e-12  -73.95602 -116.23872  52.122122      99.76 9.5196e+01    418.314      10041  1027.8259  1027.8254     4.2974     0.8304     0.1655    33.8736    33.8730    8.19591         25 0.0000e+00
    127.000    125.648    -0.5768  27.765779    -0.5760  27.766204     7.7261     7.9928     4.7690    88.1297 1.0000e-12  -73.95602 -116.23872  52.122134      99.67 9.5196e+01    419.342      10065  1027.8321  1027.8318     4.1823     1.0102     0.1648    33.8749    33.8746    8.19686         25 0.0000e+00
    128.000    126.637    -0.5879  27.758278    -0.5872  27.758601     7.7036     7.9706     5.2508    89.3564 1.0000e-12  -73.95602 -116.23872  52.122146      99.51 9.5196e+01    420.373      10090  1027.8391  1027.8388     4.2391     1.0471     0.1668    33.8767    33.8763    8.19917         25 0.0000e+00
    129.000    127.627    -0.5964  27.752246    -0.5957  27.752597     7.6909     7.9545     4.4675    89.4299 1.0000e-12  -73.95602 -116.23872  52.122157      99.65 9.5196e+01    421.401      10115  1027.8450  1027.8448     4.2426     1.1056     0.1736    33.8774    33.8771    8.20096         25 0.0000e+00
    130.000    128.616    -0.6041  27.745811    -0.6034  27.747249     7.6756     7.9367     4.1777    89.1220 1.0000e-12  -73.95602 -116.23872  52.122170      99.70 9.5196e+01    422.448      10140  1027.8500  1027.8507     4.2280     0.9835     0.1715    33.8768    33.8778    8.20267         25 0.0000e+00
    131.000    129.605    -0.6109  27.741825    -0.6099  27.742766     7.6666     7.9237     5.6340    89.4793 1.0000e-12  -73.95602 -116.23872  52.122182      99.69 9.5196e+01    423.503      10165  1027.8562  1027.8564     4.2449     0.9792     0.1763    33.8784    33.8785    8.20406         25 0.0000e+00
    132.000    130.594    -0.6148  27.739583    -0.6142  27.739971     7.6622     7.9098     6.9358    88.9824 1.0000e-12  -73.95602 -116.23872  52.122194      99.69 9.5196e+01    424.538      10190  1027.8620  1027.8618     4.2214     1.0301     0.1639    33.8791    33.8789    8.20486         25 0.0000e+00
    133.000    131.582    -0.6243  27.732087    -0.6237  27.732615     7.6536     7.9007     5.9085    90.1778 1.0000e-12  -73.95602 -116.23872  52.122206      99.69 9.5196e+01    425.574      10215  1027.8673  1027.8673     4.2781     0.9967     0.1655    33.8791    33.8791    8.20693         25 0.0000e+00
    134.000    132.571    -0.6414  27.718428    -0.6408  27.719005     7.6454     7.8841     5.9950    90.4709 1.0000e-12  -73.95602 -116.23872  52.122218      99.73 9.5196e+01    426.616      10240  1027.8732  1027.8733     4.2919     0.9162     0.1617    33.8791    33.8793    8.21063         25 0.0000e+00
    135.000    133.561    -0.6658  27.698459    -0.6666  27.698057     7.6320     7.8787     5.1751    90.2424 1.0000e-12  -73.95602 -116.23872  52.122230      99.79 9.5196e+01    427.663      10265  1027.8795  1027.8798     4.2811     0.7679     0.1732    33.8790    33.8793    8.21595         25 0.0000e+00
    136.000    134.550    -0.6794  27.687911    -0.6789  27.688360     7.6049     7.8541     5.0419    90.7423 1.0000e-12  -73.95602 -116.23872  52.122242      99.77 9.5196e+01    428.722      10290  1027.8853  1027.8854     4.3048     0.8108     0.1630    33.8794    33.8795    8.21888         26 0.0000e+00
    137.000    135.538    -0.7244  27.649855    -0.7260  27.649428     7.5784     7.8240     6.1257    90.1368 1.0000e-12  -73.95602 -116.23873  52.122255      99.79 9.5196e+01    429.793      10316  1027.8918  1027.8930     4.2761     0.7422     0.1574    33.8778    33.8791    8.22877         25 0.0000e+00
    138.000    136.529    -0.7530  27.628700    -0.7522  27.629508     7.5423     7.8008     5.4253    90.5105 1.0000e-12  -73.95602 -116.23874  52.122267      99.77 9.5196e+01    430.845      10341  1027.9006  1027.9007     4.2938     0.8029     0.1500    33.8807    33.8809    8.23485         25 0.0000e+00
    139.000    137.516    -0.7653  27.619335    -0.7649  27.619847     7.5111     7.7793     4.3637    91.8256 1.0000e-12  -73.95602 -116.23874  52.122279      99.70 9.5196e+01    431.883      10366  1027.9063  1027.9064     4.3562     0.9656     0.1621    33.8812    33.8814    8.23750         25 0.0000e+00
    140.000    138.506    -0.7796  27.608079    -0.7791  27.608889     7.4691     7.7334     4.2060    90.9344 1.0000e-12  -73.95602 -116.23874  52.122291      99.78 9.5196e+01    432.916      10391  1027.9118  1027.9122     4.3139     0.7572     0.1709    33.8814    33.8820    8.24062         25 0.0000e+00
    141.000    139.495    -0.7969  27.595352    -0.7966  27.595897     7.4200     7.6807     4.2103    90.6476 1.0000e-12  -73.95602 -116.23874  52.122303      97.37 9.5196e+01    433.954      10416  1027.9187  1027.9189     4.3003     0.9632     0.1648    33.8830    33.8833    8.24431         25 0.0000e+00
    142.000    140.483    -0.8099  27.587135    -0.8093  27.587557     7.3658     7.6332     4.2842    89.9201 1.0000e-12  -73.95602 -116.23874  52.122315      99.79 9.5196e+01    434.997      10441  1027.9262  1027.9261     4.2658     0.7296     0.1576    33.8858    33.8857    8.24698         25 0.0000e+00
    143.000    141.472    -0.8067  27.592980    -0.8059  27.593710     7.3383     7.6007     4.5440    91.2351 1.0000e-12  -73.95602 -116.23874  52.122327      99.77 9.5196e+01    436.061      10466  1027.9335  1027.9335     4.3281     0.8053     0.1557    33.8896    33.8897    8.24608         26 0.0000e+00
    144.000    142.462    -0.8174  27.585797    -0.8169  27.586402     7.2993     7.5518     4.2739    91.0719 1.0000e-12  -73.95602 -116.23874  52.122339      99.67 9.5196e+01    437.120      10492  1027.9399  1027.9401     4.3205     1.0503     0.1621    33.8912    33.8915    8.24831         24 0.0000e+00
    145.000    143.451    -0.8343  27.574073    -0.8339  27.574681     7.2685     7.5168     3.5645    91.3287 1.0000e-12  -73.95602 -116.23874  52.122351      99.72 9.5196e+01    438.144      10516  1027.9476  1027.9479     4.3326     0.9118     0.1607    33.8937    33.8941    8.25187         25 0.0000e+00
    146.000    144.440    -0.8578  27.557791    -0.8574  27.558447     7.2489     7.4879     3.4133    91.5647 1.0000e-12  -73.95602 -116.23874  52.122363      99.77 9.5196e+01    439.180      10541  1027.9567  1027.9571     4.3438     0.8129     0.1540    33.8974    33.8979    8.25680         26 0.0000e+00
    147.000    145.429    -0.8808  27.540706    -0.8810  27.541597     7.1982     7.4473     3.9467    91.6611 1.0000e-12  -73.95602 -116.23874  52.122375      99.82 9.5196e+01    440.240      10567  1027.9644  1027.9656     4.3481     0.6775     0.1574    33.8995    33.9009    8.26173         25 0.0000e+00
    148.000    146.417    -0.9404  27.497115    -0.9407  27.497844     7.1653     7.4048     4.0427    90.2307 1.0000e-12  -73.95602 -116.23874  52.122388      99.86 9.5196e+01    441.295      10592  1027.9787  1027.9798     4.2809     0.5328     0.1551    33.9068    33.9081    8.27441         25 0.0000e+00
    149.000    147.406    -0.9734  27.473221    -0.9739  27.473981     7.1183     7.3673     4.1240    90.8921 1.0000e-12  -73.95602 -116.23874  52.122400      99.76 9.5196e+01    442.348      10617  1027.9886  1027.9898     4.3119     0.7965     0.1728    33.9109    33.9124    8.28145         26 0.0000e+00
    150.000    148.395    -1.0223  27.435188    -1.0205  27.437673     7.0934     7.3466     3.9647    91.2215 1.0000e-12  -73.95602 -116.23874  52.122412      99.81 9.5196e+01    443.398      10643  1027.9982  1027.9992     4.3276     0.7044     0.1488    33.9136    33.9150    8.29208         25 0.0000e+00
    151.000    149.384    -1.0480  27.415780    -1.0454  27.418320     7.0841     7.3308     5.1052    91.8645 1.0000e-12  -73.95602 -116.23874  52.122424      99.72 9.5196e+01    444.441      10668  1028.0056  1028.0058     4.3579     0.9354     0.1725    33.9156    33.9160    8.29765         25 0.0000e+00
    152.000    150.373    -1.0579  27.408715    -1.0572  27.409604     7.0798     7.3177     3.5481    90.8052 1.0000e-12  -73.95602 -116.23874  52.122436      99.79 9.5196e+01    445.483      10693  1028.0111  1028.0114     4.3079     0.7247     0.1661    33.9165    33.9169    8.29978         25 0.0000e+00
    153.000    151.362    -1.0615  27.406481    -1.0609  27.407312     7.0764     7.2933     3.3573    90.6969 1.0000e-12  -73.95602 -116.23874  52.122448      91.74 9.5196e+01    446.541      10718  1028.0157  1028.0161     4.3026     0.8255     0.1839    33.9168    33.9173    8.30055         25 0.0000e+00
    154.000    152.352    -1.0663  27.403643    -1.0662  27.404077     7.0485     7.2691     3.9083    90.9710 1.0000e-12  -73.95602 -116.23874  52.122460      99.75 9.5196e+01    447.584      10743  1028.0210  1028.0215     4.3157     0.8492     0.1532    33.9177    33.9183    8.30156         25 0.0000e+00
    155.000    153.340    -1.0852  27.390863    -1.0851  27.391428     7.0219     7.2490     3.7508    90.6762 1.0000e-12  -73.95602 -116.23874  52.122472      99.82 9.5196e+01    448.612      10768  1028.0293  1028.0298     4.3022     0.6578     0.1511    33.9211    33.9218    8.30556         24 0.0000e+00
    156.000    154.329    -1.0990  27.381826    -1.0990  27.382465     7.0062     7.2351     4.4991    91.7363 1.0000e-12  -73.95602 -116.23874  52.122485      99.74 9.5196e+01    449.664      10793  1028.0366  1028.0373     4.3515     0.8782     0.1570    33.9237    33.9245    8.30846         26 0.0000e+00
