ocean_section_plots/required_files/ctd/dnbp2202_ctd189.cnv
* Sea-Bird SBE 9 Data File:
* FileName = D:\Data\raw\NBP2202_CTD189.hex
* Software Version Seasave V 7.26.7.121
* Temperature SN = 1649
* Conductivity SN = 2513
* Number of Bytes Per Scan = 40
* Number of Voltage Words = 5
* Number of Scans Averaged by the Deck Unit = 1
* NMEA Latitude = 74 10.40 S
* NMEA Longitude = 113 19.86 W
* NMEA UTC (Time) = Feb 07 2022  09:05:15
* NMEA baud rate = 9600
** Ship: RVIB N.B. Palmer
** Cruise: NBP2202 Thwaites
** Station: 110
** Operator: B Bjork
# nquan = 28
# nvalues = 651                         
# units = specified
# name 0 = prDM: Pressure, Digiquartz [db]
# name 1 = depSM: Depth [salt water, m]
# name 2 = t090C: Temperature [ITS-90, deg C]
# name 3 = c0mS/cm: Conductivity [mS/cm]
# name 4 = t190C: Temperature, 2 [ITS-90, deg C]
# name 5 = c1mS/cm: Conductivity, 2 [mS/cm]
# name 6 = sbeox0ML/L: Oxygen, SBE 43 [ml/l]
# name 7 = sbeox1ML/L: Oxygen, SBE 43, 2 [ml/l]
# name 8 = flECO-AFL: Fluorescence, WET Labs ECO-AFL/FL [mg/m^3]
# name 9 = CStarTr0: Beam Transmission, WET Labs C-Star [%]
# name 10 = par: PAR/Irradiance, Biospherical/Licor
# name 11 = latitude: Latitude [deg]
# name 12 = longitude: Longitude [deg]
# name 13 = timeJ: Julian Days
# name 14 = altM: Altimeter [m]
# name 15 = spar: SPAR, Biospherical/Licor
# name 16 = timeS: Time, Elapsed [seconds]
# name 17 = scan: Scan Count
# name 18 = density00: Density [density, kg/m^3]
# name 19 = density11: Density, 2 [density, kg/m^3]
# name 20 = v3: Voltage 3
# name 21 = v4: Voltage 4
# name 22 = v5: Voltage 5
# name 23 = sal00: Salinity, Practical [PSU]
# name 24 = sal11: Salinity, Practical, 2 [PSU]
# name 25 = oxsolML/L: Oxygen Saturation, Garcia & Gordon [ml/l]
# name 26 = nbin: number of scans per bin
# name 27 = flag: flag
# span 0 =      2.000,    652.000       
# span 1 =      1.980,    644.238       
# span 2 =    -1.5453,     0.1448       
# span 3 =  26.910416,  29.006749       
# span 4 =    -1.5439,     0.1473       
# span 5 =  26.910925,  29.006941       
# span 6 =     4.6980,     8.8101       
# span 7 =     4.8066,     9.0670       
# span 8 =    -0.0215,    24.3678       
# span 9 =    75.0043,    98.3105       
# span 10 = -1.246e-05, 9.5620e+00      
# span 11 =  -74.17334,  -74.17334      
# span 12 = -113.33116, -113.33113      
# span 13 =  38.380984,  38.389644      
# span 14 =       8.45,     100.19      
# span 15 = 3.1732e+01, 3.8624e+01      
# span 16 =    202.020,    950.255      
# span 17 =       4849,      22807      
# span 18 =  1027.1670,  1030.7036      
# span 19 =  1027.1652,  1030.7015      
# span 20 =     3.5592,     4.6637      
# span 21 =     0.0628,     3.8143      
# span 22 =     0.1207,     0.2573      
# span 23 =    33.7725,    34.4063      
# span 24 =    33.7703,    34.4041      
# span 25 =    8.01322,    8.41322      
# span 26 =         20,         85      
# span 27 = 0.0000e+00, 0.0000e+00      
# interval = decibars: 1                
# start_time = Feb 07 2022 09:05:15 [NMEA time, header]
# bad_flag = -9.990e-29
*END*
[from data line 363]
    365.000    360.904    -0.3210  28.353035    -0.3177  28.353614     4.8200     4.9388    -0.0209    97.9656 1.0000e-12  -74.17334 -113.33114  38.385917      99.94 3.3495e+01    628.188      15078  1029.2379  1029.2354     4.6474     0.0713     0.1374    34.2311    34.2282    8.12142         24 0.0000e+00
    366.000    361.892    -0.3007  28.376464    -0.2955  28.379094     4.8220     4.9357    -0.0144    97.9677 1.0000e-12  -74.17334 -113.33116  38.385928      99.94 3.3495e+01    629.181      15101  1029.2474  1029.2452     4.6474     0.0696     0.1386    34.2389    34.2366    8.11663         24 0.0000e+00
    367.000    362.879    -0.2943  28.383660    -0.2921  28.383425     4.8221     4.9337    -0.0064    97.9579 1.0000e-12  -74.17334 -113.33114  38.385939      99.94 3.3495e+01    630.169      15125  1029.2533  1029.2510     4.6470     0.0697     0.1410    34.2408    34.2380    8.11516         23 0.0000e+00
    368.000    363.868    -0.2938  28.384727    -0.2918  28.384286     4.8172     4.9346    -0.0093    97.9603 1.0000e-12  -74.17334 -113.33116  38.385951      99.94 3.3495e+01    631.163      15149  1029.2583  1029.2560     4.6471     0.0700     0.1357    34.2410    34.2382    8.11504         24 0.0000e+00
    369.000    364.855    -0.2882  28.391385    -0.2867  28.390434     4.8190     4.9297    -0.0135    97.9634 1.0000e-12  -74.17334 -113.33114  38.385963      85.58 3.3495e+01    632.166      15173  1029.2644  1029.2620     4.6472     0.0678     0.1371    34.2430    34.2401    8.11373         25 0.0000e+00
    370.000    365.844    -0.2842  28.396442    -0.2817  28.396565     4.8138     4.9322    -0.0126    97.9519 1.0000e-12  -74.17334 -113.33116  38.385974      94.81 3.3495e+01    633.165      15197  1029.2703  1029.2680     4.6467     0.0687     0.1401    34.2447    34.2420    8.11279         24 0.0000e+00
    371.000    366.831    -0.2810  28.400628    -0.2786  28.400485     4.8142     4.9305    -0.0111    97.9443 1.0000e-12  -74.17334 -113.33114  38.385986      99.84 3.3495e+01    634.167      15221  1029.2760  1029.2736     4.6463     0.0690     0.1367    34.2461    34.2432    8.11203         24 0.0000e+00
    372.000    367.820    -0.2786  28.403603    -0.2763  28.403484     4.8174     4.9332    -0.0128    97.9445 1.0000e-12  -74.17334 -113.33116  38.385997      99.94 3.3495e+01    635.165      15245  1029.2813  1029.2790     4.6463     0.0692     0.1375    34.2467    34.2440    8.11148         23 0.0000e+00
    373.000    368.806    -0.2744  28.409072    -0.2717  28.409143     4.8074     4.9287    -0.0115    97.9314 1.0000e-12  -74.17334 -113.33114  38.386009      99.93 3.3495e+01    636.168      15269  1029.2874  1029.2849     4.6457     0.0709     0.1363    34.2487    34.2458    8.11047         25 0.0000e+00
    374.000    369.795    -0.2691  28.415367    -0.2671  28.415104     4.8087     4.9284    -0.0029    97.9366 1.0000e-12  -74.17334 -113.33114  38.386021      99.94 3.3495e+01    637.179      15293  1029.2933  1029.2911     4.6459     0.0692     0.1386    34.2506    34.2479    8.10924         24 0.0000e+00
    375.000    370.783    -0.2659  28.419769    -0.2641  28.418889     4.8090     4.9187    -0.0128    97.9367 1.0000e-12  -74.17334 -113.33114  38.386032      99.94 3.3495e+01    638.177      15317  1029.2992  1029.2965     4.6459     0.0698     0.1374    34.2522    34.2490    8.10846         24 0.0000e+00
    376.000    371.770    -0.2621  28.424026    -0.2601  28.423594     4.8117     4.9234    -0.0126    97.9282 1.0000e-12  -74.17334 -113.33114  38.386044      99.94 3.3495e+01    639.172      15341  1029.3044  1029.3021     4.6455     0.0697     0.1394    34.2530    34.2503    8.10761         24 0.0000e+00
    377.000    372.759    -0.2621  28.424407    -0.2601  28.424196     4.8152     4.9281    -0.0054    97.8942 1.0000e-12  -74.17334 -113.33114  38.386055      99.94 3.3495e+01    640.174      15365  1029.3092  1029.3070     4.6440     0.0695     0.1367    34.2529    34.2504    8.10761         24 0.0000e+00
    378.000    373.745    -0.2617  28.425257    -0.2599  28.424867     4.8138     4.9228    -0.0158    97.8969 1.0000e-12  -74.17334 -113.33114  38.386067      99.94 3.3495e+01    641.173      15389  1029.3141  1029.3119     4.6441     0.0698     0.1382    34.2530    34.2505    8.10752         24 0.0000e+00
    379.000    374.734    -0.2612  28.426165    -0.2594  28.425751     4.8175     4.9204    -0.0160    97.8986 1.0000e-12  -74.17334 -113.33114  38.386078      99.94 3.3495e+01    642.167      15413  1029.3189  1029.3167     4.6442     0.0695     0.1375    34.2531    34.2505    8.10741         23 0.0000e+00
    380.000    375.723    -0.2607  28.427281    -0.2587  28.426922     4.8139     4.9206    -0.0131    97.9078 1.0000e-12  -74.17334 -113.33114  38.386090      99.94 3.3495e+01    643.156      15437  1029.3239  1029.3216     4.6446     0.0692     0.1403    34.2534    34.2506    8.10728         24 0.0000e+00
    381.000    376.708    -0.2600  28.428264    -0.2580  28.428063     4.8111     4.9248    -0.0126    97.9044 1.0000e-12  -74.17334 -113.33114  38.386101      77.80 3.3495e+01    644.154      15461  1029.3287  1029.3265     4.6444     0.0658     0.1395    34.2534    34.2509    8.10715         24 0.0000e+00
    382.000    377.698    -0.2603  28.428557    -0.2582  28.428407     4.8059     4.9240    -0.0107    97.9044 1.0000e-12  -74.17334 -113.33114  38.386113      90.64 3.3495e+01    645.154      15485  1029.3336  1029.3314     4.6444     0.0684     0.1377    34.2535    34.2509    8.10720         24 0.0000e+00
    383.000    378.685    -0.2593  28.430229    -0.2573  28.429736     4.8057     4.9242    -0.0027    97.8958 1.0000e-12  -74.17334 -113.33114  38.386125      99.11 3.3793e+01    646.160      15509  1029.3387  1029.3362     4.6441     0.0710     0.1394    34.2539    34.2511    8.10695         24 0.0000e+00
    384.000    379.674    -0.2577  28.432406    -0.2557  28.432089     4.8069     4.9225     0.0011    97.8980 1.0000e-12  -74.17334 -113.33114  38.386136      99.94 3.4678e+01    647.155      15533  1029.3437  1029.3415     4.6441     0.0696     0.1392    34.2545    34.2518    8.10659         24 0.0000e+00
    385.000    380.661    -0.2560  28.434554    -0.2537  28.434537     4.8081     4.9121    -0.0201    97.8703 1.0000e-12  -74.17334 -113.33114  38.386147      99.94 3.3502e+01    648.140      15556  1029.3487  1029.3465     4.6428     0.0702     0.1426    34.2548    34.2523    8.10621         24 0.0000e+00
    386.000    381.649    -0.2514  28.440344    -0.2493  28.439899     4.8099     4.9158    -0.0184    97.8638 1.0000e-12  -74.17334 -113.33114  38.386159      99.94 3.3567e+01    649.132      15580  1029.3546  1029.3522     4.6425     0.0716     0.1381    34.2567    34.2538    8.10511         24 0.0000e+00
    387.000    382.636    -0.2446  28.448428    -0.2424  28.448285     4.8071     4.9204    -0.0211    97.8764 1.0000e-12  -74.17334 -113.33114  38.386170      99.94 3.3786e+01    650.131      15604  1029.3609  1029.3586     4.6431     0.0700     0.1374    34.2594    34.2567    8.10353         24 0.0000e+00
    388.000    383.625    -0.2433  28.450474    -0.2417  28.449617     4.8015     4.9210    -0.0137    97.8740 1.0000e-12  -74.17334 -113.33114  38.386182      99.94 3.3494e+01    651.128      15628  1029.3661  1029.3637     4.6430     0.0699     0.1401    34.2600    34.2571    8.10322         23 0.0000e+00
    389.000    384.613    -0.2421  28.452456    -0.2400  28.452144     4.8008     4.9180    -0.0113    97.8569 1.0000e-12  -74.17334 -113.33114  38.386194      99.94 3.3945e+01    652.125      15652  1029.3714  1029.3690     4.6421     0.0692     0.1406    34.2607    34.2579    8.10292         24 0.0000e+00
    390.000    385.601    -0.2418  28.453246    -0.2396  28.453025     4.7999     4.9190    -0.0126    97.8540 1.0000e-12  -74.17334 -113.33114  38.386205      99.93 3.4909e+01    653.123      15676  1029.3762  1029.3740     4.6420     0.0689     0.1392    34.2608    34.2581    8.10284         24 0.0000e+00
    391.000    386.588    -0.2415  28.454037    -0.2391  28.453981     4.8032     4.9165    -0.0124    97.8511 1.0000e-12  -74.17334 -113.33114  38.386217      99.94 3.4201e+01    654.123      15700  1029.3811  1029.3788     4.6419     0.0701     0.1412    34.2609    34.2582    8.10277         25 0.0000e+00
    392.000    387.576    -0.2410  28.454775    -0.2393  28.454295     4.8072     4.9157    -0.0123    97.8635 1.0000e-12  -74.17334 -113.33114  38.386228      99.94 3.3795e+01    655.130      15724  1029.3858  1029.3836     4.6425     0.0688     0.1397    34.2608    34.2582    8.10268         24 0.0000e+00
    393.000    388.562    -0.2405  28.455942    -0.2383  28.455782     4.8076     4.9149    -0.0132    97.8563 1.0000e-12  -74.17334 -113.33114  38.386240      99.93 3.3789e+01    656.130      15748  1029.3908  1029.3885     4.6421     0.0693     0.1414    34.2612    34.2585    8.10256         24 0.0000e+00
    394.000    389.552    -0.2404  28.456514    -0.2380  28.456556     4.8003     4.9165    -0.0122    97.8308 1.0000e-12  -74.17334 -113.33114  38.386251      99.93 3.4404e+01    657.108      15772  1029.3956  1029.3934     4.6410     0.0690     0.1435    34.2612    34.2586    8.10253         23 0.0000e+00
    395.000    390.540    -0.2387  28.458953    -0.2367  28.458411     4.7984     4.9176    -0.0114    97.8379 1.0000e-12  -74.17334 -113.33114  38.386263      82.88 3.3718e+01    658.100      15795  1029.4008  1029.3984     4.6412     0.0668     0.1406    34.2619    34.2590    8.10212         24 0.0000e+00
    396.000    391.527    -0.2351  28.463481    -0.2330  28.463106     4.8085     4.9180    -0.0028    97.8325 1.0000e-12  -74.17334 -113.33114  38.386274      96.74 3.4234e+01    659.113      15820  1029.4064  1029.4040     4.6410     0.0701     0.1372    34.2634    34.2605    8.10128         24 0.0000e+00
    397.000    392.513    -0.2340  28.464997    -0.2318  28.464790     4.8054     4.9134    -0.0105    97.8304 1.0000e-12  -74.17334 -113.33114  38.386286      99.95 3.3712e+01    660.110      15844  1029.4112  1029.4089     4.6409     0.0683     0.1399    34.2635    34.2608    8.10103         24 0.0000e+00
    398.000    393.503    -0.2320  28.467736    -0.2293  28.468101     4.8032     4.9143    -0.0117    97.8326 1.0000e-12  -74.17334 -113.33114  38.386298      99.93 3.3568e+01    661.106      15868  1029.4165  1029.4142     4.6410     0.0693     0.1396    34.2643    34.2617    8.10057         24 0.0000e+00
    399.000    394.491    -0.2265  28.474248    -0.2248  28.473484     4.7980     4.9073    -0.0056    97.8422 1.0000e-12  -74.17334 -113.33114  38.386309      99.93 3.4523e+01    662.104      15891  1029.4224  1029.4199     4.6414     0.0703     0.1403    34.2662    34.2633    8.09929         24 0.0000e+00
    400.000    395.477    -0.2244  28.477219    -0.2221  28.476949     4.7971     4.9135    -0.0110    97.8497 1.0000e-12  -74.17334 -113.33114  38.386321      99.93 3.4742e+01    663.096      15915  1029.4277  1029.4253     4.6418     0.0701     0.1411    34.2672    34.2643    8.09878         24 0.0000e+00
    401.000    396.465    -0.2217  28.480700    -0.2191  28.480796     4.7979     4.9114    -0.0120    97.8583 1.0000e-12  -74.17334 -113.33114  38.386332      99.94 3.3651e+01    664.096      15939  1029.4332  1029.4307     4.6422     0.0713     0.1396    34.2683    34.2654    8.09816         24 0.0000e+00
    402.000    397.455    -0.2158  28.487438    -0.2137  28.487080     4.7923     4.9057    -0.0129    97.8626 1.0000e-12  -74.17334 -113.33114  38.386344      99.93 3.4731e+01    665.093      15963  1029.4387  1029.4365     4.6424     0.0696     0.1394    34.2699    34.2672    8.09680         24 0.0000e+00
    403.000    398.440    -0.2102  28.494140    -0.2079  28.493907     4.7943     4.9066    -0.0153    97.8650 1.0000e-12  -74.17334 -113.33114  38.386355      99.93 3.4645e+01    666.081      15987  1029.4447  1029.4424     4.6425     0.0689     0.1391    34.2720    34.2692    8.09550         23 0.0000e+00
    404.000    399.429    -0.1964  28.509532    -0.1920  28.511174     4.7868     4.9111    -0.0181    97.8453 1.0000e-12  -74.17334 -113.33114  38.386367      99.93 3.4079e+01    667.069      16011  1029.4519  1029.4494     4.6416     0.0689     0.1397    34.2764    34.2736    8.09232         24 0.0000e+00
    405.000    400.416    -0.1914  28.514888    -0.1898  28.514149     4.7885     4.9118    -0.0107    97.8519 1.0000e-12  -74.17334 -113.33114  38.386378      99.93 3.5041e+01    668.066      16035  1029.4571  1029.4548     4.6419     0.0679     0.1389    34.2774    34.2745    8.09121         24 0.0000e+00
    406.000    401.404    -0.1872  28.520294    -0.1845  28.520602     4.8035     4.9126    -0.0038    97.8674 1.0000e-12  -74.17334 -113.33114  38.386389      99.93 3.4564e+01    669.051      16058  1029.4630  1029.4608     4.6426     0.0700     0.1409    34.2792    34.2766    8.09021         23 0.0000e+00
    407.000    402.393    -0.1820  28.526924    -0.1794  28.527092     4.8124     4.9234    -0.0121    97.8975 1.0000e-12  -74.17334 -113.33114  38.386401      99.93 3.3918e+01    670.041      16082  1029.4693  1029.4670     4.6441     0.0698     0.1400    34.2816    34.2789    8.08897         25 0.0000e+00
    408.000    403.378    -0.1777  28.533759    -0.1755  28.533442     4.8179     4.9354    -0.0118    97.8855 1.0000e-12  -74.17334 -113.33114  38.386413      82.39 3.4878e+01    671.054      16106  1029.4768  1029.4743     4.6435     0.0690     0.1403    34.2853    34.2824    8.08786         25 0.0000e+00
    409.000    404.367    -0.1806  28.533864    -0.1774  28.534383     4.8308     4.9407    -0.0193    97.8830 1.0000e-12  -74.17334 -113.33114  38.386424      89.18 3.5174e+01    672.057      16130  1029.4842  1029.4816     4.6434     0.0690     0.1402    34.2881    34.2851    8.08831         23 0.0000e+00
    410.000    405.355    -0.1811  28.533533    -0.1795  28.532965     4.8365     4.9372    -0.0139    97.8926 1.0000e-12  -74.17334 -113.33114  38.386436      97.50 3.4167e+01    673.052      16154  1029.4887  1029.4866     4.6439     0.0700     0.1353    34.2876    34.2851    8.08845         24 0.0000e+00
    411.000    406.343    -0.1838  28.531908    -0.1814  28.531870     4.8368     4.9446    -0.0058    97.9412 1.0000e-12  -74.17334 -113.33114  38.386447      99.93 3.4645e+01    674.042      16178  1029.4938  1029.4916     4.6461     0.0701     0.1361    34.2878    34.2851    8.08899         23 0.0000e+00
    412.000    407.330    -0.1817  28.535372    -0.1794  28.535140     4.8441     4.9515    -0.0099    97.9584 1.0000e-12  -74.17334 -113.33114  38.386459      99.93 3.5945e+01    675.041      16202  1029.4999  1029.4974     4.6470     0.0701     0.1367    34.2895    34.2866    8.08846         24 0.0000e+00
    413.000    408.318    -0.1824  28.535452    -0.1792  28.536523     4.8520     4.9583    -0.0071    97.9634 1.0000e-12  -74.17334 -113.33114  38.386470      99.93 3.4068e+01    676.037      16226  1029.5050  1029.5030     4.6472     0.0703     0.1371    34.2898    34.2876    8.08859         25 0.0000e+00
    414.000    409.306    -0.1873  28.532134    -0.1854  28.531576     4.8528     4.9622    -0.0080    97.9713 1.0000e-12  -74.17334 -113.33114  38.386482      99.93 3.4260e+01    677.033      16250  1029.5105  1029.5081     4.6476     0.0696     0.1353    34.2903    34.2874    8.08960         23 0.0000e+00
    415.000    410.292    -0.1882  28.532665    -0.1857  28.532654     4.8454     4.9627    -0.0111    97.9753 1.0000e-12  -74.17334 -113.33114  38.386493      99.93 3.4745e+01    678.023      16274  1029.5163  1029.5138     4.6478     0.0696     0.1365    34.2914    34.2885    8.08973         24 0.0000e+00
