ocean_section_plots/required_files/ctd/dnbp2202_ctd235.cnv
* Sea-Bird SBE 9 Data File:
* FileName = D:\Data\raw\NBP2202_CTD235.hex
* Software Version Seasave V 7.26.7.121
* Temperature SN = 1649
* Conductivity SN = 2513
* Number of Bytes Per Scan = 40
* Number of Voltage Words = 5
* Number of Scans Averaged by the Deck Unit = 1
* NMEA Latitude = 73 51.74 S
* NMEA Longitude = 114 00.97 W
* NMEA UTC (Time) = Feb 13 2022  11:49:12
* NMEA baud rate = 9600
** Ship: RVIB N.B. Palmer
** Cruise: NBP2202 Thwaites
** Station: 146
** Operator: B. Bjork
# nquan = 28
# nvalues = 271                         
# units = specified
# name 0 = prDM: Pressure, Digiquartz [db]
# name 1 = depSM: Depth [salt water, m]
# name 2 = t090C: Temperature [ITS-90, deg C]
# name 3 = c0mS/cm: Conductivity [mS/cm]
# name 4 = t190C: Temperature, 2 [ITS-90, deg C]
# name 5 = c1mS/cm: Conductivity, 2 [mS/cm]
# name 6 = sbeox0ML/L: Oxygen, SBE 43 [ml/l]
# name 7 = sbeox1ML/L: Oxygen, SBE 43, 2 [ml/l]
# name 8 = flECO-AFL: Fluorescence, WET Labs ECO-AFL/FL [mg/m^3]
# name 9 = CStarTr0: Beam Transmission, WET Labs C-Star [%]
# name 10 = par: PAR/Irradiance, Biospherical/Licor
# name 11 = latitude: Latitude [deg]
# name 12 = longitude: Longitude [deg]
# name 13 = timeJ: Julian Days
# name 14 = altM: Altimeter [m]
# name 15 = spar: SPAR, Biospherical/Licor
# name 16 = timeS: Time, Elapsed [seconds]
# name 17 = scan: Scan Count
# name 18 = density00: Density [density, kg/m^3]
# name 19 = density11: Density, 2 [density, kg/m^3]
# name 20 = v3: Voltage 3
# name 21 = v4: Voltage 4
# name 22 = v5: Voltage 5
# name 23 = sal00: Salinity, Practical [PSU]
# name 24 = sal11: Salinity, Practical, 2 [PSU]
# name 25 = oxsolML/L: Oxygen Saturation, Garcia & Gordon [ml/l]
# name 26 = nbin: number of scans per bin
# name 27 = flag: flag
# span 0 =      2.000,    272.000       
# span 1 =      1.979,    269.012       
# span 2 =    -1.2192,    -0.8344       
# span 3 =  27.269778,  27.787490       
# span 4 =    -1.2173,    -0.8324       
# span 5 =  27.269833,  27.787537       
# span 6 =     5.2675,     8.6011       
# span 7 =     5.4238,     8.8975       
# span 8 =     0.3201,    19.8965       
# span 9 =    77.2933,    96.1106       
# span 10 = -3.241e-05, 4.9666e+01      
# span 11 =  -73.86234,  -73.86232      
# span 12 = -114.01636, -114.01634      
# span 13 =  44.494660,  44.499058      
# span 14 =       6.24,      99.97      
# span 15 = 6.8224e+02, 7.3192e+02      
# span 16 =    186.592,    566.652      
# span 17 =       4479,      13601      
# span 18 =  1027.1593,  1028.7222      
# span 19 =  1027.1577,  1028.7201      
# span 20 =     3.6674,     4.5593      
# span 21 =     0.1142,     3.0214      
# span 22 =     0.1322,     0.2465      
# span 23 =    33.7623,    34.1058      
# span 24 =    33.7608,    34.1035      
# span 25 =    8.23955,    8.33568      
# span 26 =          6,         47      
# span 27 = 0.0000e+00, 0.0000e+00      
# interval = decibars: 1                
# start_time = Feb 13 2022 11:49:12 [NMEA time, header]
# bad_flag = -9.990e-29
*END*
[from data line 156]
    158.000    156.307    -1.2013  27.278964    -1.1987  27.279832     6.2607     6.5508     9.3306    84.0954 1.0000e-12  -73.86232 -114.01636  44.496922      99.55 7.2277e+02    382.047       9170  1028.0270  1028.0256     3.9892     1.3198     0.1882    33.8974    33.8957    8.33274         23 0.0000e+00
    159.000    157.297    -1.2154  27.272188    -1.2142  27.271666     6.1705     6.4529     8.9006    84.3559 1.0000e-12  -73.86232 -114.01636  44.496933      99.52 7.2197e+02    383.029       9194  1028.0375  1028.0358     4.0019     1.3620     0.1588    33.9035    33.9014    8.33553         24 0.0000e+00
    160.000    158.284    -1.2192  27.278124    -1.2173  27.278198     6.1187     6.3864     6.6013    83.3879 1.0000e-12  -73.86233 -114.01636  44.496944      99.53 7.2230e+02    383.989       9217  1028.0518  1028.0501     3.9561     1.3431     0.1707    33.9153    33.9133    8.33568         22 0.0000e+00
    161.000    159.274    -1.2132  27.286961    -1.2119  27.286950     6.0675     6.3198     5.4524    84.0203 1.0000e-12  -73.86234 -114.01636  44.496955      99.54 7.1999e+02    384.930       9239  1028.0599  1028.0586     3.9861     1.3380     0.1727    33.9200    33.9185    8.33407         23 0.0000e+00
    162.000    160.263    -1.2036  27.299821    -1.2027  27.298982     6.0112     6.2536     6.0192    85.3277 1.0000e-12  -73.86234 -114.01636  44.496966      99.60 7.2205e+02    385.900       9263  1028.0688  1028.0670     4.0481     1.2187     0.1737    33.9261    33.9240    8.33156         24 0.0000e+00
    163.000    161.251    -1.1881  27.319995    -1.1856  27.320819     5.9811     6.2136     7.5306    84.6318 1.0000e-12  -73.86234 -114.01636  44.496978      99.61 7.2194e+02    386.882       9286  1028.0801  1028.0786     4.0150     1.2008     0.1677    33.9356    33.9339    8.32756         23 0.0000e+00
    164.000    162.241    -1.1651  27.346352    -1.1628  27.347235     5.9807     6.1987     7.1018    85.3898 1.0000e-12  -73.86234 -114.01636  44.496989      99.74 7.2182e+02    387.862       9310  1028.0909  1028.0896     4.0519     0.9504     0.1660    33.9450    33.9436    8.32188         24 0.0000e+00
    165.000    163.229    -1.1637  27.348218    -1.1627  27.347765     5.9912     6.1936     6.3689    87.1644 1.0000e-12  -73.86234 -114.01636  44.497000      99.65 7.1921e+02    388.846       9333  1028.0959  1028.0945     4.1343     1.1351     0.1673    33.9453    33.9436    8.32155         24 0.0000e+00
    166.000    164.216    -1.1632  27.349322    -1.1612  27.350029     5.9709     6.1720     6.0822    86.8140 1.0000e-12  -73.86234 -114.01636  44.497012      99.62 7.2062e+02    389.824       9357  1028.1010  1028.0999     4.1185     1.1806     0.1623    33.9457    33.9444    8.32142         23 0.0000e+00
    167.000    165.208    -1.1625  27.350503    -1.1611  27.350600     5.9360     6.1355     5.9256    86.5238 1.0000e-12  -73.86234 -114.01636  44.497023      99.62 7.2148e+02    390.789       9380  1028.1060  1028.1047     4.1048     1.1750     0.1736    33.9459    33.9445    8.32125         23 0.0000e+00
    168.000    166.196    -1.1588  27.357801    -1.1578  27.357059     5.8838     6.0830     5.6183    86.2091 1.0000e-12  -73.86234 -114.01636  44.497034      99.57 7.1925e+02    391.773       9404  1028.1147  1028.1129     4.0899     1.2868     0.1692    33.9511    33.9489    8.32012         24 0.0000e+00
    169.000    167.184    -1.1541  27.366238    -1.1527  27.365874     5.8319     6.0330     5.4184    87.1657 1.0000e-12  -73.86234 -114.01636  44.497046      99.71 7.1962e+02    392.762       9427  1028.1238  1028.1220     4.1352     0.9808     0.1660    33.9567    33.9545    8.31875         24 0.0000e+00
    170.000    168.174    -1.1510  27.373435    -1.1495  27.373270     5.7831     5.9813     4.6637    86.4042 1.0000e-12  -73.86234 -114.01636  44.497057      99.74 7.1972e+02    393.733       9451  1028.1330  1028.1314     4.1004     0.9516     0.1733    33.9624    33.9605    8.31773         23 0.0000e+00
    171.000    169.162    -1.1491  27.380234    -1.1476  27.380012     5.7559     5.9480     5.4166    88.8181 1.0000e-12  -73.86234 -114.01636  44.497068      99.82 7.1709e+02    394.714       9474  1028.1430  1028.1414     4.2123     0.7590     0.1737    33.9689    33.9669    8.31692         23 0.0000e+00
    172.000    170.152    -1.1483  27.384259    -1.1469  27.384067     5.7412     5.9277     4.4855    87.7897 1.0000e-12  -73.86234 -114.01636  44.497080      99.76 7.1794e+02    395.691       9498  1028.1511  1028.1495     4.1648     0.8992     0.1635    33.9729    33.9710    8.31651         24 0.0000e+00
    173.000    171.139    -1.1481  27.385450    -1.1466  27.385228     5.7365     5.9187     3.8692    87.5136 1.0000e-12  -73.86234 -114.01636  44.497091      90.66 7.1727e+02    396.652       9521  1028.1565  1028.1548     4.1517     0.8304     0.1742    33.9737    33.9717    8.31642         23 0.0000e+00
    174.000    172.130    -1.1481  27.386284    -1.1466  27.386024     5.7357     5.9136     3.9766    87.8642 1.0000e-12  -73.86234 -114.01636  44.497102      99.77 7.1459e+02    397.619       9544  1028.1617  1028.1600     4.1683     0.7343     0.1620    33.9741    33.9721    8.31638         23 0.0000e+00
    175.000    173.119    -1.1476  27.387346    -1.1463  27.387112     5.7222     5.9013     4.1546    88.2393 1.0000e-12  -73.86234 -114.01636  44.497113      99.81 7.1565e+02    398.600       9567  1028.1668  1028.1653     4.1862     0.7586     0.1651    33.9745    33.9727    8.31626         24 0.0000e+00
    176.000    174.107    -1.1473  27.388461    -1.1458  27.388429     5.7129     5.8856     4.1149    89.3629 1.0000e-12  -73.86234 -114.01636  44.497125      99.83 7.1474e+02    399.575       9591  1028.1720  1028.1705     4.2394     0.7369     0.1515    33.9750    33.9733    8.31616         23 0.0000e+00
    177.000    175.095    -1.1445  27.393933    -1.1434  27.393095     5.6998     5.8715     4.2224    89.1941 1.0000e-12  -73.86234 -114.01636  44.497136      99.87 7.1354e+02    400.554       9614  1028.1796  1028.1777     4.2314     0.6151     0.1535    33.9787    33.9763    8.31531         24 0.0000e+00
    178.000    176.085    -1.1434  27.396047    -1.1420  27.395823     5.6944     5.8545     4.4890    89.8973 1.0000e-12  -73.86234 -114.01636  44.497147      99.86 7.1243e+02    401.543       9638  1028.1852  1028.1836     4.2647     0.6419     0.1512    33.9797    33.9778    8.31501         23 0.0000e+00
    179.000    177.073    -1.1411  27.399700    -1.1394  27.399744     5.6731     5.8387     4.1972    90.5457 1.0000e-12  -73.86234 -114.01636  44.497159      99.79 7.1446e+02    402.515       9661  1028.1913  1028.1897     4.2955     0.8097     0.1502    33.9815    33.9796    8.31439         23 0.0000e+00
    180.000    178.063    -1.1398  27.401850    -1.1382  27.401947     5.6599     5.8251     3.9107    90.2170 1.0000e-12  -73.86234 -114.01636  44.497170      85.41 7.1456e+02    403.493       9685  1028.1967  1028.1954     4.2799     0.7330     0.1540    33.9823    33.9807    8.31405         24 0.0000e+00
    181.000    179.052    -1.1372  27.406802    -1.1358  27.406459     5.6576     5.8194     4.4543    90.3433 1.0000e-12  -73.86234 -114.01636  44.497181      77.83 7.1536e+02    404.476       9708  1028.2040  1028.2023     4.2859     0.6791     0.1568    33.9855    33.9835    8.31328         24 0.0000e+00
    182.000    180.039    -1.1357  27.408853    -1.1342  27.408890     5.6528     5.8120     3.7329    90.3361 1.0000e-12  -73.86234 -114.01636  44.497193      99.14 7.1558e+02    405.455       9732  1028.2091  1028.2077     4.2856     0.7187     0.1589    33.9860    33.9844    8.31293         23 0.0000e+00
    183.000    181.028    -1.1378  27.407939    -1.1365  27.407752     5.6343     5.8009     3.1866    89.8961 1.0000e-12  -73.86234 -114.01636  44.497204      98.37 7.1450e+02    406.422       9755  1028.2145  1028.2131     4.2647     0.6831     0.1553    33.9866    33.9848    8.31337         24 0.0000e+00
    184.000    182.018    -1.1365  27.410339    -1.1348  27.410297     5.6205     5.7893     2.8659    90.0186 1.0000e-12  -73.86234 -114.01636  44.497215      97.59 7.1153e+02    407.412       9779  1028.2202  1028.2185     4.2705     0.6410     0.1491    33.9878    33.9857    8.31301         23 0.0000e+00
    185.000    183.006    -1.1274  27.420598    -1.1257  27.420435     5.6082     5.7760     2.8565    90.8382 1.0000e-12  -73.86234 -114.01636  44.497227      97.14 7.1220e+02    408.393       9802  1028.2269  1028.2251     4.3093     0.5809     0.1541    33.9909    33.9887    8.31081         24 0.0000e+00
    186.000    183.994    -1.1212  27.428624    -1.1198  27.428441     5.5889     5.7524     3.1459    91.8031 1.0000e-12  -73.86234 -114.01636  44.497238      95.71 7.1288e+02    409.363       9826  1028.2341  1028.2324     4.3551     0.6093     0.1503    33.9942    33.9923    8.30924         23 0.0000e+00
    187.000    184.984    -1.1172  27.434286    -1.1152  27.434293     5.5707     5.7292     3.1084    91.3679 1.0000e-12  -73.86234 -114.01636  44.497249      95.74 7.1090e+02    410.332       9849  1028.2407  1028.2388     4.3344     0.5577     0.1574    33.9968    33.9945    8.30820         23 0.0000e+00
    188.000    185.973    -1.0966  27.457032    -1.0951  27.456438     5.5562     5.7190     2.3475    91.4963 1.0000e-12  -73.86234 -114.01636  44.497260      94.33 7.1354e+02    411.303       9872  1028.2499  1028.2478     4.3406     0.4424     0.1458    34.0038    34.0013    8.30321         23 0.0000e+00
    189.000    186.963    -1.0878  27.466542    -1.0862  27.466360     5.5530     5.7120     2.7769    91.4175 1.0000e-12  -73.86234 -114.01636  44.497272      93.21 7.1382e+02    412.274       9896  1028.2562  1028.2545     4.3376     0.5598     0.1624    34.0063    34.0042    8.30112         24 0.0000e+00
    190.000    187.949    -1.0873  27.468009    -1.0856  27.467744     5.5562     5.7108     2.3022    92.6147 1.0000e-12  -73.86234 -114.01636  44.497283      92.09 7.1345e+02    413.262       9919  1028.2618  1028.2598     4.3928     0.5049     0.1412    34.0071    34.0048    8.30097         24 0.0000e+00
    191.000    188.939    -1.0873  27.468803    -1.0858  27.468691     5.5547     5.7114     2.1611    90.9606 1.0000e-12  -73.86234 -114.01636  44.497295      91.01 7.1405e+02    414.257       9943  1028.2671  1028.2655     4.3152     0.4841     0.1525    34.0076    34.0057    8.30094         23 0.0000e+00
    192.000    189.929    -1.0878  27.469006    -1.0860  27.468980     5.5607     5.7172     2.1095    91.8472 1.0000e-12  -73.86234 -114.01636  44.497306      90.11 7.1433e+02    415.228       9966  1028.2722  1028.2704     4.3572     0.5279     0.1490    34.0077    34.0057    8.30103         24 0.0000e+00
    193.000    190.915    -1.0886  27.469922    -1.0870  27.469912     5.5575     5.7168     2.5894    92.0700 1.0000e-12  -73.86234 -114.01636  44.497317      88.60 7.1321e+02    416.202       9990  1028.2784  1028.2768     4.3678     0.4800     0.1516    34.0093    34.0075    8.30112         23 0.0000e+00
    194.000    191.905    -1.0897  27.471238    -1.0881  27.471034     5.5517     5.7200     2.9332    92.3036 1.0000e-12  -73.86234 -114.01636  44.497328      88.12 7.1485e+02    417.186      10013  1028.2853  1028.2836     4.3789     0.4351     0.1555    34.0118    34.0097    8.30122         24 0.0000e+00
    195.000    192.894    -1.0906  27.471933    -1.0890  27.471856     5.5583     5.7227     2.5806    91.9830 1.0000e-12  -73.86234 -114.01636  44.497340      87.14 7.1594e+02    418.178      10037  1028.2912  1028.2897     4.3638     0.5112     0.1598    34.0130    34.0112    8.30133         24 0.0000e+00
    196.000    193.881    -1.0912  27.473317    -1.0896  27.473303     5.5563     5.7137     2.4264    92.2692 1.0000e-12  -73.86234 -114.01636  44.497352      86.32 7.1658e+02    419.173      10061  1028.2977  1028.2962     4.3770     0.4528     0.1430    34.0150    34.0132    8.30135         23 0.0000e+00
    197.000    194.871    -1.0913  27.474514    -1.0898  27.474365     5.5614     5.7114     2.9160    91.6395 1.0000e-12  -73.86234 -114.01636  44.497363      85.67 7.1743e+02    420.163      10085  1028.3036  1028.3019     4.3474     0.3720     0.1450    34.0162    34.0143    8.30132         24 0.0000e+00
    198.000    195.860    -1.0914  27.475401    -1.0899  27.475335     5.5566     5.7184     2.4779    93.0883 1.0000e-12  -73.86234 -114.01636  44.497375      84.70 7.1638e+02    421.159      10109  1028.3089  1028.3073     4.4160     0.4896     0.1469    34.0169    34.0150    8.30130         24 0.0000e+00
    199.000    196.850    -1.0910  27.476695    -1.0895  27.476515     5.5541     5.7111     2.4553    93.0428 1.0000e-12  -73.86234 -114.01636  44.497386      82.92 7.1788e+02    422.159      10133  1028.3142  1028.3126     4.4139     0.5279     0.1443    34.0175    34.0156    8.30116         24 0.0000e+00
    200.000    197.837    -1.0909  27.477368    -1.0893  27.477220     5.5578     5.7125     2.6757    92.2653 1.0000e-12  -73.86234 -114.01636  44.497398      81.61 7.1742e+02    423.153      10157  1028.3191  1028.3176     4.3771     0.6260     0.1430    34.0177    34.0158    8.30113         24 0.0000e+00
    201.000    198.826    -1.0910  27.477604    -1.0895  27.477551     5.5428     5.7074     1.8503    93.5644 1.0000e-12  -73.86234 -114.01636  44.497409      80.80 7.1695e+02    424.127      10180  1028.3238  1028.3223     4.4383     0.3317     0.1410    34.0175    34.0157    8.30116         23 0.0000e+00
    202.000    199.814    -1.0905  27.478731    -1.0887  27.478824     5.5347     5.7004     1.7178    92.7869 1.0000e-12  -73.86234 -114.01636  44.497420      80.14 7.1801e+02    425.103      10203  1028.3289  1028.3273     4.4020     0.4134     0.1496    34.0179    34.0160    8.30103         24 0.0000e+00
    203.000    200.804    -1.0876  27.481982    -1.0862  27.481633     5.5307     5.6911     1.4361    93.5780 1.0000e-12  -73.86234 -114.01636  44.497432      79.33 7.1830e+02    426.095      10227  1028.3340  1028.3322     4.4392     0.3741     0.1388    34.0185    34.0164    8.30036         24 0.0000e+00
    204.000    201.793    -1.0844  27.485724    -1.0827  27.485641     5.5221     5.6763     1.2850    94.1977 1.0000e-12  -73.86234 -114.01636  44.497443      78.35 7.1903e+02    427.082      10251  1028.3393  1028.3375     4.4687     0.3258     0.1354    34.0193    34.0173    8.29960         23 0.0000e+00
    205.000    202.780    -1.0832  27.487170    -1.0816  27.487149     5.5208     5.6726     1.6204    93.8584 1.0000e-12  -73.86234 -114.01634  44.497454      76.99 7.1949e+02    428.057      10274  1028.3440  1028.3425     4.4526     0.3736     0.1478    34.0193    34.0175    8.29934         23 0.0000e+00
    206.000    203.769    -1.0826  27.488397    -1.0810  27.488283     5.5202     5.6747     1.6584    93.3515 1.0000e-12  -73.86234 -114.01634  44.497466      75.50 7.1866e+02    429.028      10298  1028.3491  1028.3475     4.4285     0.3247     0.1392    34.0197    34.0178    8.29918         24 0.0000e+00
    207.000    204.757    -1.0817  27.490146    -1.0801  27.489831     5.5226     5.6748     1.0530    93.6270 1.0000e-12  -73.86234 -114.01634  44.497477      74.82 7.1735e+02    429.994      10321  1028.3544  1028.3526     4.4415     0.3071     0.1421    34.0204    34.0182    8.29894         23 0.0000e+00
    208.000    205.748    -1.0817  27.490523    -1.0800  27.490487     5.5235     5.6730     2.6418    93.2905 1.0000e-12  -73.86234 -114.01634  44.497488      73.95 7.1726e+02    430.962      10344  1028.3592  1028.3576     4.4258     0.2661     0.1425    34.0204    34.0184    8.29895         23 0.0000e+00
