ocean_section_plots/required_files/ctd/dnbp2202_ctd212.cnv
* Sea-Bird SBE 9 Data File:
* FileName = D:\Data\raw\NBP2202_CTD212.hex
* Software Version Seasave V 7.26.7.121
* Temperature SN = 1649
* Conductivity SN = 2513
* Number of Bytes Per Scan = 40
* Number of Voltage Words = 5
* Number of Scans Averaged by the Deck Unit = 1
* NMEA Latitude = 74 08.59 S
* NMEA Longitude = 113 21.25 W
* NMEA UTC (Time) = Feb 10 2022  10:09:41
* NMEA baud rate = 9600
** Ship: RVIB N.B. Palmer
** Cruise: NBP2202 Thwaites
** Station: Tow-Yo #3
** Operator: B. Bjork
# nquan = 28
# nvalues = 495                         
# units = specified
# name 0 = prDM: Pressure, Digiquartz [db]
# name 1 = depSM: Depth [salt water, m]
# name 2 = t090C: Temperature [ITS-90, deg C]
# name 3 = c0mS/cm: Conductivity [mS/cm]
# name 4 = t190C: Temperature, 2 [ITS-90, deg C]
# name 5 = c1mS/cm: Conductivity, 2 [mS/cm]
# name 6 = sbeox0ML/L: Oxygen, SBE 43 [ml/l]
# name 7 = sbeox1ML/L: Oxygen, SBE 43, 2 [ml/l]
# name 8 = flECO-AFL: Fluorescence, WET Labs ECO-AFL/FL [mg/m^3]
# name 9 = CStarTr0: Beam Transmission, WET Labs C-Star [%]
# name 10 = par: PAR/Irradiance, Biospherical/Licor
# name 11 = latitude: Latitude [deg]
# name 12 = longitude: Longitude [deg]
# name 13 = timeJ: Julian Days
# name 14 = altM: Altimeter [m]
# name 15 = spar: SPAR, Biospherical/Licor
# name 16 = timeS: Time, Elapsed [seconds]
# name 17 = scan: Scan Count
# name 18 = density00: Density [density, kg/m^3]
# name 19 = density11: Density, 2 [density, kg/m^3]
# name 20 = v3: Voltage 3
# name 21 = v4: Voltage 4
# name 22 = v5: Voltage 5
# name 23 = sal00: Salinity, Practical [PSU]
# name 24 = sal11: Salinity, Practical, 2 [PSU]
# name 25 = oxsolML/L: Oxygen Saturation, Garcia & Gordon [ml/l]
# name 26 = nbin: number of scans per bin
# name 27 = flag: flag
# span 0 =     10.000,    504.000       
# span 1 =      9.894,    498.177       
# span 2 =    -1.5295,    -0.0895       
# span 3 =  26.946798,  28.676538       
# span 4 =    -1.5278,    -0.0871       
# span 5 =  26.945204,  28.676626       
# span 6 =     4.7698,     8.6487       
# span 7 =     4.8964,     8.8404       
# span 8 =    -0.0226,    18.3806       
# span 9 =    76.4334,    97.9447       
# span 10 = 1.0000e-12, 6.5699e-01      
# span 11 =  -74.14477,  -74.14332      
# span 12 = -113.35375, -113.34528      
# span 13 =  41.423848,  41.430992      
# span 14 =       8.55,     100.09      
# span 15 = 3.1724e+01, 3.9767e+01      
# span 16 =     39.464,    656.679      
# span 17 =        948,      15761      
# span 18 =  1027.1929,  1029.9529      
# span 19 =  1027.1912,  1029.9507      
# span 20 =     3.6263,     4.6463      
# span 21 =     0.0639,     2.8482      
# span 22 =     0.1253,     0.2375      
# span 23 =    33.7502,    34.3190      
# span 24 =    33.7483,    34.3164      
# span 25 =    8.06730,    8.40927      
# span 26 =         20,         74      
# span 27 = 0.0000e+00, 0.0000e+00      
# interval = decibars: 1                
# start_time = Feb 10 2022 10:09:41 [NMEA time, header]
# bad_flag = -9.990e-29
*END*
     10.000      9.894    -1.1138  27.176446    -1.1124  27.175997     8.6409     8.6837    17.7195    78.3624 6.5699e-01  -74.14332 -113.35375  41.423848      99.88 3.1732e+01     39.464        948  1027.1929  1027.1912     3.7182     2.6648     0.1961    33.7505    33.7483    8.32194         20 0.0000e+00
     11.000     10.886    -1.1136  27.176892    -1.1113  27.177524     8.6487     8.7317    16.9273    78.6852 4.9488e-01  -74.14333 -113.35372  41.423868      99.92 3.1732e+01     41.192        990  1027.1974  1027.1960     3.7329     2.8084     0.2313    33.7502    33.7485    8.32191         41 0.0000e+00
     12.000     11.876    -1.1110  27.179673    -1.1090  27.179930     8.6482     8.7567    18.3806    77.5967 3.6468e-01  -74.14334 -113.35370  41.423888      99.12 3.1732e+01     42.957       1032  1027.2023  1027.2007     3.6815     2.6600     0.2375    33.7505    33.7486    8.32133         42 0.0000e+00
     13.000     12.866    -1.1084  27.182296    -1.1068  27.182354     8.6427     8.7847    16.6174    77.3804 2.6976e-01  -74.14334 -113.35367  41.423909      80.68 3.1732e+01     44.739       1075  1027.2069  1027.2055     3.6715     2.8303     0.2321    33.7505    33.7489    8.32074         36 0.0000e+00
     14.000     13.854    -1.1067  27.184337    -1.1052  27.184343     8.6441     8.8161    17.4010    77.5251 1.9059e-01  -74.14334 -113.35365  41.423930     100.09 3.1732e+01     46.523       1118  1027.2119  1027.2105     3.6781     2.4921     0.1942    33.7508    33.7492    8.32035         42 0.0000e+00
     15.000     14.844    -1.1078  27.183905    -1.1058  27.184272     8.6353     8.8404    16.9794    78.1623 1.3409e-01  -74.14334 -113.35362  41.423950      99.82 3.1732e+01     48.306       1160  1027.2168  1027.2153     3.7083     2.6320     0.2076    33.7508    33.7490    8.32059         40 0.0000e+00
     16.000     15.834    -1.1030  27.189371    -1.1013  27.189369     8.5986     8.8147    16.7534    78.5754 9.1477e-02  -74.14334 -113.35360  41.423971      99.93 3.1732e+01     50.065       1203  1027.2225  1027.2209     3.7279     2.8482     0.2239    33.7523    33.7503    8.31944         42 0.0000e+00
     17.000     16.824    -1.0942  27.199862    -1.0909  27.201602     8.5660     8.8045    14.4772    76.8965 5.8698e-02  -74.14335 -113.35357  41.423991      99.66 3.1732e+01     51.858       1246  1027.2299  1027.2287     3.6483     2.3624     0.2130    33.7561    33.7548    8.31727         42 0.0000e+00
     18.000     17.814    -1.0888  27.206415    -1.0883  27.205136     8.5455     8.8050    15.8250    76.4334 3.3614e-02  -74.14336 -113.35354  41.424013      99.76 3.1732e+01     53.719       1290  1027.2362  1027.2344     3.6263     2.5167     0.2150    33.7583    33.7560    8.31593         40 0.0000e+00
     19.000     18.801    -1.0833  27.213592    -1.0827  27.212107     8.5323     8.7959    15.4839    77.6446 1.3489e-02  -74.14336 -113.35351  41.424034      99.80 3.1732e+01     55.576       1335  1027.2432  1027.2411     3.6839     2.5442     0.2015    33.7613    33.7587    8.31453         37 0.0000e+00
     20.000     19.793    -1.0789  27.218884    -1.0778  27.218377     8.5374     8.7995    14.6578    77.9143 7.6082e-04  -74.14337 -113.35348  41.424056      99.34 3.1732e+01     57.444       1380  1027.2492  1027.2476     3.6966     2.4315     0.2084    33.7629    33.7610    8.31346         35 0.0000e+00
     21.000     20.783    -1.0683  27.230973    -1.0634  27.233941     8.5309     8.8016    14.6048    77.8043 7.2062e-06  -74.14338 -113.35346  41.424079      97.43 3.1732e+01     59.393       1426  1027.2566  1027.2552     3.6914     2.5536     0.2028    33.7669    33.7654    8.31087         35 0.0000e+00
     22.000     21.771    -1.0393  27.261317    -1.0344  27.263846     8.5319     8.7977    13.9740    78.0893 1.0000e-12  -74.14338 -113.35342  41.424102      99.85 3.1732e+01     61.388       1474  1027.2665  1027.2646     3.7054     2.4440     0.1918    33.7751    33.7730    8.30398         41 0.0000e+00
     23.000     22.761    -1.0319  27.268640    -1.0302  27.268493     8.5332     8.8045    13.5786    78.4533 1.0000e-12  -74.14338 -113.35339  41.424125      99.63 3.1732e+01     63.441       1524  1027.2720  1027.2702     3.7221     2.3630     0.2347    33.7761    33.7740    8.30227         41 0.0000e+00
     24.000     23.750    -1.0229  27.278349    -1.0209  27.278363     8.5369     8.8088    13.1224    78.8513 1.0000e-12  -74.14338 -113.35336  41.424150      99.49 3.1732e+01     65.563       1575  1027.2785  1027.2767     3.7411     2.1730     0.2270    33.7785    33.7764    8.30013         38 0.0000e+00
     25.000     24.740    -1.0175  27.284058    -1.0157  27.284100     8.5299     8.8084    13.9515    79.3007 1.0000e-12  -74.14340 -113.35332  41.424175      99.61 3.1732e+01     67.699       1626  1027.2841  1027.2825     3.7625     2.2829     0.2042    33.7797    33.7777    8.29888         38 0.0000e+00
     26.000     25.729    -1.0152  27.287516    -1.0134  27.287699     8.4954     8.7838    14.2003    79.3581 1.0000e-12  -74.14340 -113.35329  41.424200      99.55 3.1732e+01     69.840       1677  1027.2902  1027.2888     3.7653     2.2294     0.1980    33.7811    33.7794    8.29827         43 0.0000e+00
     27.000     26.718    -1.0150  27.289622    -1.0133  27.289705     8.4698     8.7621    14.1896    80.2360 1.0000e-12  -74.14340 -113.35326  41.424224      97.35 3.1732e+01     71.975       1728  1027.2969  1027.2954     3.8066     2.2306     0.2052    33.7832    33.7814    8.29812         37 0.0000e+00
     28.000     27.710    -1.0172  27.289050    -1.0159  27.288826     8.4461     8.7343    14.2253    79.4876 1.0000e-12  -74.14340 -113.35323  41.424249      99.60 3.1732e+01     74.105       1780  1027.3029  1027.3014     3.7713     2.3350     0.2050    33.7843    33.7826    8.29854         46 0.0000e+00
     29.000     28.698    -1.0155  27.293871    -1.0123  27.295152     8.4456     8.7293    14.3539    79.1301 1.0000e-12  -74.14342 -113.35320  41.424274      99.49 3.1732e+01     76.236       1831  1027.3109  1027.3092     3.7543     2.1593     0.2035    33.7883    33.7865    8.29792         39 0.0000e+00
     30.000     29.687    -1.0093  27.300192    -1.0074  27.300364     8.4523     8.7317    14.2585    78.9699 1.0000e-12  -74.14342 -113.35317  41.424298      99.60 3.1732e+01     78.348       1881  1027.3162  1027.3146     3.7463     2.3208     0.2100    33.7894    33.7874    8.29650         41 0.0000e+00
     31.000     30.678    -1.0089  27.300978    -1.0074  27.300849     8.4555     8.7301    14.3190    79.5164 1.0000e-12  -74.14342 -113.35314  41.424322      99.54 3.1732e+01     80.453       1932  1027.3211  1027.3195     3.7725     2.1982     0.1966    33.7894    33.7875    8.29641         40 0.0000e+00
     32.000     31.666    -1.0086  27.301805    -1.0069  27.301815     8.4483     8.7307    13.5789    79.5562 1.0000e-12  -74.14344 -113.35311  41.424347      99.70 3.1732e+01     82.553       1982  1027.3261  1027.3245     3.7743     2.3874     0.2102    33.7895    33.7876    8.29633         42 0.0000e+00
     33.000     32.657    -1.0082  27.302860    -1.0065  27.302826     8.4474     8.7303    14.2710    79.3372 1.0000e-12  -74.14344 -113.35309  41.424371      97.79 3.1732e+01     84.659       2033  1027.3312  1027.3295     3.7640     2.4211     0.2062    33.7899    33.7879    8.29622         44 0.0000e+00
     34.000     33.645    -1.0084  27.303144    -1.0066  27.303180     8.4540     8.7285    14.6192    80.3116 1.0000e-12  -74.14344 -113.35306  41.424396      99.55 3.1732e+01     86.784       2084  1027.3360  1027.3344     3.8097     2.2155     0.2013    33.7899    33.7879    8.29626         44 0.0000e+00
     35.000     34.636    -1.0080  27.304004    -1.0063  27.304058     8.4421     8.7336    15.3792    79.6644 1.0000e-12  -74.14344 -113.35303  41.424420      99.65 3.1732e+01     88.895       2134  1027.3409  1027.3393     3.7796     2.3429     0.2047    33.7899    33.7881    8.29617         40 0.0000e+00
     36.000     35.624    -1.0083  27.304244    -1.0066  27.304312     8.4429     8.7308    14.5739    79.4721 1.0000e-12  -74.14345 -113.35300  41.424445      99.62 3.1732e+01     91.007       2185  1027.3458  1027.3442     3.7704     2.3020     0.2188    33.7900    33.7881    8.29623         44 0.0000e+00
     37.000     36.614    -1.0085  27.304530    -1.0068  27.304575     8.4429     8.7226    14.9849    77.8361 1.0000e-12  -74.14346 -113.35297  41.424469      99.60 3.1732e+01     93.123       2236  1027.3507  1027.3491     3.6929     2.2701     0.2063    33.7900    33.7882    8.29628         40 0.0000e+00
     38.000     37.604    -1.0107  27.303255    -1.0095  27.303051     8.4356     8.7167    14.6289    78.8126 1.0000e-12  -74.14346 -113.35294  41.424494      99.50 3.1732e+01     95.244       2287  1027.3557  1027.3543     3.7390     2.1671     0.2136    33.7901    33.7885    8.29676         41 0.0000e+00
     39.000     38.593    -1.0114  27.303246    -1.0097  27.303296     8.4329     8.7148    14.5429    78.5340 1.0000e-12  -74.14347 -113.35292  41.424518      98.30 3.1732e+01     97.367       2338  1027.3606  1027.3590     3.7262     2.4430     0.2265    33.7903    33.7884    8.29691         41 0.0000e+00
     40.000     39.580    -1.0113  27.303888    -1.0097  27.303768     8.4239     8.7115    13.5083    79.3307 1.0000e-12  -74.14348 -113.35289  41.424543      99.74 3.1732e+01     99.511       2389  1027.3655  1027.3640     3.7632     2.2889     0.2112    33.7904    33.7885    8.29687         36 0.0000e+00
     41.000     40.571    -1.0115  27.304232    -1.0096  27.304381     8.4173     8.6979    14.7785    78.8999 1.0000e-12  -74.14348 -113.35286  41.424568      99.62 3.1732e+01    101.649       2441  1027.3704  1027.3688     3.7436     2.3122     0.2043    33.7905    33.7885    8.29691         40 0.0000e+00
     42.000     41.563    -1.0127  27.303988    -1.0115  27.303813     8.3740     8.6595    14.9764    78.3562 1.0000e-12  -74.14348 -113.35283  41.424593      99.67 3.1732e+01    103.794       2492  1027.3756  1027.3743     3.7176     2.3614     0.2047    33.7909    33.7893    8.29715         35 0.0000e+00
     43.000     42.550    -1.0193  27.300493    -1.0180  27.300339     8.3348     8.6296    13.6945    79.2686 1.0000e-12  -74.14348 -113.35280  41.424618      99.74 3.1732e+01    105.955       2544  1027.3825  1027.3811     3.7609     2.4444     0.2145    33.7929    33.7913    8.29849         40 0.0000e+00
     44.000     43.541    -1.0212  27.300017    -1.0193  27.300156     8.3303     8.6166    14.0332    79.5547 1.0000e-12  -74.14349 -113.35277  41.424643      99.66 3.1732e+01    108.118       2596  1027.3880  1027.3864     3.7742     2.3523     0.1900    33.7938    33.7919    8.29886         48 0.0000e+00
     45.000     44.529    -1.0212  27.300580    -1.0197  27.300505     8.3089     8.5910    14.7802    79.6660 1.0000e-12  -74.14350 -113.35273  41.424668      99.21 3.1732e+01    110.311       2648  1027.3929  1027.3913     3.7796     2.2069     0.2074    33.7939    33.7921    8.29885         45 0.0000e+00
     46.000     45.518    -1.0266  27.296691    -1.0252  27.296773     8.2746     8.5551    13.1497    78.9435 1.0000e-12  -74.14350 -113.35270  41.424693      99.62 3.1732e+01    112.501       2701  1027.3982  1027.3969     3.7451     2.3384     0.2160    33.7941    33.7926    8.30005         42 0.0000e+00
     47.000     46.509    -1.0372  27.288809    -1.0363  27.288555     8.2492     8.5308    14.6016    78.9781 1.0000e-12  -74.14350 -113.35267  41.424718      99.78 3.1732e+01    114.666       2753  1027.4040  1027.4028     3.7471     2.5023     0.2268    33.7947    33.7932    8.30236         42 0.0000e+00
     48.000     47.498    -1.0424  27.285237    -1.0410  27.285230     8.2359     8.5178    13.9383    78.5148 1.0000e-12  -74.14350 -113.35264  41.424744      99.56 3.1732e+01    116.867       2806  1027.4092  1027.4080     3.7248     2.2400     0.2249    33.7950    33.7935    8.30348         41 0.0000e+00
     49.000     48.486    -1.0509  27.279301    -1.0496  27.279125     8.2228     8.4980    12.9784    78.4165 1.0000e-12  -74.14352 -113.35261  41.424769      99.55 3.1732e+01    119.080       2859  1027.4151  1027.4137     3.7205     2.2257     0.2178    33.7958    33.7942    8.30531         37 0.0000e+00
     50.000     49.477    -1.0578  27.274376    -1.0573  27.273702     8.2091     8.4740    14.1022    79.4201 1.0000e-12  -74.14352 -113.35258  41.424795      99.67 3.1732e+01    121.256       2911  1027.4206  1027.4194     3.7680     2.3539     0.2184    33.7963    33.7948    8.30682         42 0.0000e+00
     51.000     50.466    -1.0624  27.271202    -1.0641  27.268888     8.1659     8.4402    14.3059    80.2614 1.0000e-12  -74.14352 -113.35254  41.424820      99.74 3.1732e+01    123.455       2964  1027.4257  1027.4248     3.8083     2.4386     0.1976    33.7966    33.7952    8.30783         42 0.0000e+00
     52.000     51.456    -1.0740  27.262854    -1.0715  27.263587     8.1486     8.4149    13.9469    78.6177 1.0000e-12  -74.14354 -113.35251  41.424846      98.99 3.1732e+01    125.655       3017  1027.4320  1027.4303     3.7304     2.2057     0.2079    33.7976    33.7958    8.31034         32 0.0000e+00
     53.000     52.445    -1.0786  27.259741    -1.0822  27.255630     8.1424     8.4213    14.2613    78.7008 1.0000e-12  -74.14354 -113.35248  41.424870      99.49 3.1732e+01    127.807       3068  1027.4372  1027.4361     3.7336     2.1611     0.2158    33.7979    33.7963    8.31134         39 0.0000e+00
     54.000     53.436    -1.0808  27.258690    -1.0741  27.262820     8.0920     8.3848    14.0873    78.8272 1.0000e-12  -74.14354 -113.35245  41.424895      99.62 3.1732e+01    129.955       3120  1027.4422  1027.4403     3.7399     2.3060     0.2259    33.7983    33.7964    8.31181         41 0.0000e+00
     55.000     54.424    -1.0917  27.250351    -1.0913  27.249434     8.0377     8.3221    14.1924    78.9144 1.0000e-12  -74.14354 -113.35241  41.424920      99.61 3.1732e+01    132.104       3171  1027.4478  1027.4464     3.7441     2.2941     0.2282    33.7986    33.7969    8.31421         43 0.0000e+00
     56.000     55.413    -1.1040  27.240515    -1.0992  27.243599     7.9892     8.2781    12.5899    78.4730 1.0000e-12  -74.14355 -113.35237  41.424945      99.57 3.1732e+01    134.220       3222  1027.4530  1027.4518     3.7229     2.2497     0.2015    33.7984    33.7972    8.31695         36 0.0000e+00
     57.000     56.403    -1.1131  27.234048    -1.1112  27.234623     7.9277     8.2043    12.9184    78.7847 1.0000e-12  -74.14356 -113.35236  41.424968      99.47 3.1732e+01    136.234       3271  1027.4588  1027.4577     3.7380     2.0990     0.2021    33.7991    33.7979    8.31891         39 0.0000e+00
     58.000     57.392    -1.1316  27.219788    -1.1280  27.221586     7.8103     8.0777    13.3156    79.2356 1.0000e-12  -74.14356 -113.35233  41.424990      97.87 3.1732e+01    138.090       3315  1027.4651  1027.4637     3.7588     2.1484     0.2001    33.7999    33.7983    8.32299         39 0.0000e+00
     59.000     58.382    -1.1545  27.201012    -1.1575  27.197970     7.6935     7.9696    12.7949    78.9507 1.0000e-12  -74.14357 -113.35231  41.425010      99.56 3.1732e+01    139.895       3358  1027.4708  1027.4704     3.7457     2.1791     0.2115    33.7995    33.7987    8.32812         37 0.0000e+00
     60.000     59.371    -1.1758  27.184525    -1.1751  27.183481     7.6470     7.9220    12.1848    79.5774 1.0000e-12  -74.14358 -113.35227  41.425030      99.48 3.1780e+01    141.600       3399  1027.4772  1027.4754     3.7754     2.1112     0.2038    33.8002    33.7981    8.33280         38 0.0000e+00
