ocean_section_plots/required_files/ctd/dnbp2202_ctd243.cnv
* Sea-Bird SBE 9 Data File:
* FileName = D:\Data\raw\NBP2202_CTD243.hex
* Software Version Seasave V 7.26.7.121
* Temperature SN = 1649
* Conductivity SN = 2513
* Number of Bytes Per Scan = 40
* Number of Voltage Words = 5
* Number of Scans Averaged by the Deck Unit = 1
* NMEA Latitude = 73 55.32 S
* NMEA Longitude = 118 50.27 W
* NMEA UTC (Time) = Feb 15 2022  00:35:58
* NMEA baud rate = 9600
** Ship: RVIB N.B. Palmer
** Cruise: NBP2202 Thwaites
** Station: 153
** Operator: A. Robinson
# nquan = 28
# nvalues = 596                         
# units = specified
# name 0 = prDM: Pressure, Digiquartz [db]
# name 1 = depSM: Depth [salt water, m]
# name 2 = t090C: Temperature [ITS-90, deg C]
# name 3 = c0mS/cm: Conductivity [mS/cm]
# name 4 = t190C: Temperature, 2 [ITS-90, deg C]
# name 5 = c1mS/cm: Conductivity, 2 [mS/cm]
# name 6 = sbeox0ML/L: Oxygen, SBE 43 [ml/l]
# name 7 = sbeox1ML/L: Oxygen, SBE 43, 2 [ml/l]
# name 8 = flECO-AFL: Fluorescence, WET Labs ECO-AFL/FL [mg/m^3]
# name 9 = CStarTr0: Beam Transmission, WET Labs C-Star [%]
# name 10 = par: PAR/Irradiance, Biospherical/Licor
# name 11 = latitude: Latitude [deg]
# name 12 = longitude: Longitude [deg]
# name 13 = timeJ: Julian Days
# name 14 = altM: Altimeter [m]
# name 15 = spar: SPAR, Biospherical/Licor
# name 16 = timeS: Time, Elapsed [seconds]
# name 17 = scan: Scan Count
# name 18 = density00: Density [density, kg/m^3]
# name 19 = density11: Density, 2 [density, kg/m^3]
# name 20 = v3: Voltage 3
# name 21 = v4: Voltage 4
# name 22 = v5: Voltage 5
# name 23 = sal00: Salinity, Practical [PSU]
# name 24 = sal11: Salinity, Practical, 2 [PSU]
# name 25 = oxsolML/L: Oxygen Saturation, Garcia & Gordon [ml/l]
# name 26 = nbin: number of scans per bin
# name 27 = flag: flag
# span 0 =      2.000,    597.000       
# span 1 =      1.983,    589.977       
# span 2 =    -1.7239,     0.2729       
# span 3 =  26.973266,  29.138703       
# span 4 =    -1.7238,     0.2733       
# span 5 =  26.973728,  29.137261       
# span 6 =     4.6649,     9.2351       
# span 7 =     5.0211,     9.6170       
# span 8 =    -0.0225,    11.7152       
# span 9 =    85.9700,    97.2246       
# span 10 = -1.210e-06, 1.6473e+02      
# span 11 =  -73.92216,  -73.92216      
# span 12 = -118.83795, -118.83792      
# span 13 =  46.027635,  46.037755      
# span 14 =       3.70,     100.41      
# span 15 = 4.2099e+02, 4.5996e+02      
# span 16 =    229.690,   1104.029      
# span 17 =       5514,      26498      
# span 18 =  1027.1480,  1030.4855      
# span 19 =  1027.1486,  1030.4836      
# span 20 =     4.0785,     4.6122      
# span 21 =     0.0636,     2.2915      
# span 22 =     0.1130,     0.2107      
# span 23 =    33.7824,    34.4681      
# span 24 =    33.7831,    34.4658      
# span 25 =    7.98312,    8.44236      
# span 26 =         22,         51      
# span 27 = 0.0000e+00, 0.0000e+00      
# interval = decibars: 1                
# start_time = Feb 15 2022 00:35:58 [NMEA time, header]
# bad_flag = -9.990e-29
*END*
[from data line 208]
    210.000    207.723    -1.7121  26.974239    -1.7121  26.974486     6.2526     6.5941     0.1580    96.5401 1.0000e-12  -73.92216 -118.83794  46.030930      99.92 4.5701e+02    514.330      12345  1028.3994  1028.3996     4.5797     0.1021     0.1181    34.0258    34.0261    8.44018         24 0.0000e+00
    211.000    208.713    -1.7120  26.974962    -1.7120  26.975053     6.3563     6.5896     0.3104    96.5900 1.0000e-12  -73.92216 -118.83794  46.030942      99.91 4.5897e+02    515.360      12370  1028.4041  1028.4042     4.5821     0.0899     0.1190    34.0261    34.0261    8.44015         26 0.0000e+00
    212.000    209.701    -1.7120  26.975574    -1.7120  26.975773     6.3702     6.5841     0.2443    96.4491 1.0000e-12  -73.92216 -118.83794  46.030955      99.92 4.5908e+02    516.501      12397  1028.4088  1028.4090     4.5754     0.0953     0.1175    34.0262    34.0265    8.44012         29 0.0000e+00
    213.000    210.689    -1.7118  26.976317    -1.7118  26.976441     6.3527     6.5791     0.2133    96.5409 1.0000e-12  -73.92216 -118.83794  46.030969      99.91 4.5787e+02    517.699      12426  1028.4135  1028.4137     4.5798     0.1002     0.1199    34.0265    34.0267    8.44007         29 0.0000e+00
    214.000    211.678    -1.7106  26.978462    -1.7106  26.978535     6.3444     6.5817     0.1662    96.6296 1.0000e-12  -73.92216 -118.83794  46.030982      99.91 4.5868e+02    518.846      12453  1028.4188  1028.4188     4.5840     0.0879     0.1179    34.0274    34.0275    8.43973         26 0.0000e+00
    215.000    212.667    -1.7097  26.979834    -1.7099  26.979761     6.3343     6.5790     0.3857    96.6603 1.0000e-12  -73.92216 -118.83794  46.030994      52.04 4.5879e+02    519.909      12479  1028.4236  1028.4237     4.5855     0.1430     0.1249    34.0277    34.0278    8.43952         24 0.0000e+00
    216.000    213.656    -1.7074  26.982876    -1.7077  26.982465     6.3283     6.5765     0.4590    96.6415 1.0000e-12  -73.92216 -118.83794  46.031006     100.18 4.5790e+02    520.905      12503  1028.4290  1028.4288     4.5845     0.1060     0.1205    34.0287    34.0284    8.43894         24 0.0000e+00
    217.000    214.644    -1.7067  26.984375    -1.7063  26.984692     6.3295     6.5777     0.2352    96.6078 1.0000e-12  -73.92216 -118.83794  46.031018      98.87 4.5996e+02    521.929      12527  1028.4341  1028.4341     4.5830     0.1084     0.1202    34.0292    34.0293    8.43873         26 0.0000e+00
    218.000    215.633    -1.7068  26.984854    -1.7066  26.985067     6.3309     6.5784     0.2514    96.4641 1.0000e-12  -73.92216 -118.83794  46.031031      99.92 4.5952e+02    523.041      12554  1028.4390  1028.4390     4.5761     0.1282     0.1206    34.0295    34.0295    8.43876         27 0.0000e+00
    219.000    216.622    -1.7084  26.984296    -1.7084  26.984371     6.3396     6.5797     0.1836    96.4037 1.0000e-12  -73.92216 -118.83794  46.031044      99.91 4.5786e+02    524.189      12582  1028.4442  1028.4442     4.5733     0.1185     0.1181    34.0299    34.0299    8.43910         27 0.0000e+00
    220.000    217.609    -1.7102  26.983631    -1.7097  26.984027     6.3521     6.5937     0.4770    96.5769 1.0000e-12  -73.92216 -118.83794  46.031057      99.92 4.5815e+02    525.297      12608  1028.4494  1028.4493     4.5815     0.1297     0.1194    34.0304    34.0303    8.43947         26 0.0000e+00
    221.000    218.599    -1.7121  26.983108    -1.7121  26.983136     6.3451     6.5982     0.3335    96.5749 1.0000e-12  -73.92216 -118.83794  46.031069      99.91 4.5911e+02    526.370      12634  1028.4549  1028.4550     4.5814     0.0939     0.1167    34.0312    34.0313    8.43985         26 0.0000e+00
    222.000    219.586    -1.7133  26.982886    -1.7134  26.983003     6.3550     6.6064     0.2715    96.6655 1.0000e-12  -73.92216 -118.83794  46.031081      99.92 4.5827e+02    527.428      12659  1028.4601  1028.4603     4.5857     0.1062     0.1171    34.0316    34.0319    8.44009         25 0.0000e+00
    223.000    220.577    -1.7152  26.982209    -1.7150  26.982325     6.3596     6.6007     0.3542    96.5411 1.0000e-12  -73.92216 -118.83794  46.031094      99.91 4.5736e+02    528.510      12685  1028.4654  1028.4653     4.5798     0.1455     0.1189    34.0322    34.0321    8.44049         27 0.0000e+00
    224.000    221.564    -1.7154  26.982266    -1.7153  26.982458     6.3601     6.6011     0.1790    96.5104 1.0000e-12  -73.92216 -118.83794  46.031107      99.91 4.5836e+02    529.637      12712  1028.4700  1028.4700     4.5783     0.1641     0.1226    34.0319    34.0321    8.44057         27 0.0000e+00
    225.000    222.553    -1.7162  26.982361    -1.7157  26.982653     6.3498     6.5992     0.2023    96.5387 1.0000e-12  -73.92216 -118.83794  46.031120      99.92 4.5814e+02    530.748      12739  1028.4750  1028.4749     4.5797     0.1282     0.1207    34.0323    34.0322    8.44072         26 0.0000e+00
    226.000    223.541    -1.7158  26.983053    -1.7159  26.982965     6.3595     6.6008     0.3821    96.6058 1.0000e-12  -73.92216 -118.83794  46.031132      99.91 4.5672e+02    531.817      12765  1028.4797  1028.4797     4.5828     0.1130     0.1189    34.0322    34.0322    8.44063         26 0.0000e+00
    227.000    224.530    -1.7169  26.982651    -1.7171  26.982663     6.3678     6.6015     0.3027    96.4857 1.0000e-12  -73.92216 -118.83794  46.031144      99.91 4.5659e+02    532.881      12790  1028.4846  1028.4848     4.5771     0.0928     0.1187    34.0322    34.0325    8.44088         25 0.0000e+00
    228.000    225.519    -1.7202  26.980772    -1.7201  26.980888     6.3766     6.6051     0.3257    96.4090 1.0000e-12  -73.92216 -118.83794  46.031157      99.92 4.5758e+02    533.969      12816  1028.4900  1028.4900     4.5736     0.0978     0.1220    34.0329    34.0328    8.44161         27 0.0000e+00
    229.000    226.507    -1.7213  26.980607    -1.7212  26.980721     6.3667     6.6148     0.2440    96.5252 1.0000e-12  -73.92216 -118.83794  46.031170      96.55 4.5593e+02    535.058      12842  1028.4951  1028.4952     4.5790     0.0993     0.1180    34.0332    34.0333    8.44183         25 0.0000e+00
    230.000    227.497    -1.7237  26.979737    -1.7236  26.979756     6.3671     6.6170     0.4809    96.2693 1.0000e-12  -73.92216 -118.83794  46.031182      99.96 4.5879e+02    536.142      12868  1028.5008  1028.5007     4.5669     0.1321     0.1212    34.0342    34.0341    8.44232         27 0.0000e+00
    231.000    228.485    -1.7239  26.980185    -1.7238  26.980192     6.3588     6.6149     0.2736    96.3124 1.0000e-12  -73.92216 -118.83794  46.031195      99.91 4.5767e+02    537.230      12895  1028.5057  1028.5056     4.5690     0.1710     0.1224    34.0344    34.0343    8.44236         26 0.0000e+00
    232.000    229.472    -1.7225  26.982001    -1.7230  26.981440     6.3489     6.5943     0.1313    96.2554 1.0000e-12  -73.92216 -118.83794  46.031207      99.90 4.5559e+02    538.303      12920  1028.5106  1028.5104     4.5662     0.1683     0.1230    34.0347    34.0344    8.44202         26 0.0000e+00
    233.000    230.461    -1.7203  26.984305    -1.7212  26.983398     6.3406     6.5964     0.3226    96.3446 1.0000e-12  -73.92216 -118.83794  46.031220      99.92 4.5836e+02    539.378      12946  1028.5152  1028.5152     4.5704     0.1027     0.1200    34.0346    34.0345    8.44150         25 0.0000e+00
    234.000    231.451    -1.7143  26.990451    -1.7122  26.991946     6.3364     6.5825     0.2902    96.4728 1.0000e-12  -73.92216 -118.83794  46.031233      99.92 4.5695e+02    540.490      12973  1028.5205  1028.5202     4.5766     0.1274     0.1220    34.0357    34.0354    8.44007         28 0.0000e+00
    235.000    232.439    -1.7111  26.993466    -1.7115  26.993013     6.3125     6.5559     0.3977    96.4583 1.0000e-12  -73.92216 -118.83794  46.031246      99.91 4.5553e+02    541.632      13000  1028.5251  1028.5250     4.5758     0.0908     0.1179    34.0356    34.0355    8.43936         27 0.0000e+00
    236.000    233.426    -1.7002  27.004128    -1.6988  27.005203     6.2958     6.5426     0.1722    96.4155 1.0000e-12  -73.92216 -118.83794  46.031259      99.92 4.5626e+02    542.752      13027  1028.5306  1028.5304     4.5738     0.1039     0.1189    34.0373    34.0372    8.43677         26 0.0000e+00
    237.000    234.416    -1.6854  27.017802    -1.6855  27.017243     6.2767     6.5284     0.1433    96.2847 1.0000e-12  -73.92216 -118.83794  46.031271      99.91 4.5524e+02    543.799      13052  1028.5356  1028.5352     4.5676     0.0940     0.1197    34.0387    34.0381    8.43331         25 0.0000e+00
    238.000    235.405    -1.6853  27.018153    -1.6844  27.018729     6.2748     6.5327     0.1301    96.3778 1.0000e-12  -73.92216 -118.83794  46.031282      99.91 4.5556e+02    544.802      13076  1028.5404  1028.5402     4.5721     0.1227     0.1296    34.0385    34.0383    8.43331         24 0.0000e+00
    239.000    236.393    -1.6755  27.027233    -1.6795  27.023333     6.2604     6.5190     0.1139    96.6239 1.0000e-12  -73.92216 -118.83794  46.031295      99.91 4.5533e+02    545.879      13102  1028.5453  1028.5449     4.5837     0.0944     0.1178    34.0393    34.0384    8.43104         28 0.0000e+00
    240.000    237.380    -1.6812  27.022787    -1.6800  27.023553     6.2295     6.4774     0.1396    96.5776 1.0000e-12  -73.92216 -118.83794  46.031309      97.30 4.5519e+02    547.072      13131  1028.5504  1028.5501     4.5815     0.1012     0.1276    34.0390    34.0387    8.43235         29 0.0000e+00
    241.000    238.369    -1.6499  27.051376    -1.6451  27.054638     6.2042     6.4559     0.1402    96.5603 1.0000e-12  -73.92216 -118.83794  46.031322      98.10 4.5568e+02    548.259      13159  1028.5558  1028.5548     4.5807     0.1107     0.1190    34.0422    34.0413    8.42504         27 0.0000e+00
    242.000    239.359    -1.6364  27.063495    -1.6360  27.063668     6.1951     6.4464     0.1055    96.5415 1.0000e-12  -73.92216 -118.83794  46.031335      99.95 4.5623e+02    549.333      13185  1028.5606  1028.5604     4.5798     0.0850     0.1167    34.0429    34.0427    8.42193         24 0.0000e+00
    243.000    240.347    -1.6365  27.064547    -1.6372  27.063342     6.2055     6.4522     0.0681    96.6724 1.0000e-12  -73.92216 -118.83794  46.031346      99.91 4.5637e+02    550.318      13209  1028.5664  1028.5658     4.5860     0.0924     0.1184    34.0440    34.0431    8.42191         24 0.0000e+00
    244.000    241.334    -1.6363  27.064844    -1.6363  27.064591     6.1995     6.4461     0.1235    96.6363 1.0000e-12  -73.92216 -118.83794  46.031357      99.91 4.5665e+02    551.284      13232  1028.5710  1028.5707     4.5843     0.0925     0.1185    34.0435    34.0431    8.42188         24 0.0000e+00
    245.000    242.325    -1.6421  27.060494    -1.6389  27.063047     6.1794     6.4252     0.0989    96.7813 1.0000e-12  -73.92216 -118.83794  46.031370      99.91 4.5401e+02    552.368      13258  1028.5763  1028.5760     4.5912     0.0894     0.1193    34.0434    34.0433    8.42319         28 0.0000e+00
    246.000    243.313    -1.6177  27.083360    -1.6154  27.084763     6.1285     6.3772     0.0716    96.7762 1.0000e-12  -73.92216 -118.83794  46.031386      99.91 4.5575e+02    553.724      13290  1028.5823  1028.5816     4.5909     0.0837     0.1196    34.0466    34.0459    8.41747         36 0.0000e+00
    247.000    244.300    -1.5870  27.111007    -1.5756  27.120427     6.0779     6.3203     0.1256    96.8105 1.0000e-12  -73.92216 -118.83794  46.031402      99.92 4.5539e+02    555.140      13324  1028.5875  1028.5867     4.5925     0.0846     0.1165    34.0492    34.0491    8.41037         31 0.0000e+00
    248.000    245.288    -1.5471  27.146565    -1.5469  27.145095     6.0774     6.3157     0.1976    96.7559 1.0000e-12  -73.92216 -118.83794  46.031415      99.92 4.5504e+02    556.283      13352  1028.5924  1028.5907     4.5900     0.0808     0.1162    34.0521    34.0499    8.40115         24 0.0000e+00
    249.000    246.279    -1.5407  27.151419    -1.5411  27.150909     6.1006     6.3330     0.0186    96.9078 1.0000e-12  -73.92216 -118.83794  46.031426      99.91 4.5592e+02    557.206      13374  1028.5962  1028.5960     4.5972     0.0783     0.1166    34.0509    34.0507    8.39978         22 0.0000e+00
    250.000    247.265    -1.5595  27.136174    -1.5626  27.133436     6.1177     6.3585     0.0217    96.9197 1.0000e-12  -73.92216 -118.83794  46.031438      99.92 4.5517e+02    558.228      13398  1028.6023  1028.6024     4.5978     0.0778     0.1169    34.0507    34.0505    8.40405         27 0.0000e+00
    251.000    248.255    -1.5800  27.119636    -1.5789  27.120340     6.1445     6.3774     0.0209    96.9820 1.0000e-12  -73.92216 -118.83794  46.031451      97.38 4.5333e+02    559.402      13427  1028.6085  1028.6083     4.6007     0.0760     0.1167    34.0506    34.0503    8.40868         29 0.0000e+00
    252.000    249.242    -1.5891  27.112486    -1.5933  27.108498     6.1680     6.3908     0.0186    97.0014 1.0000e-12  -73.92216 -118.83794  46.031466      92.28 4.5466e+02    560.695      13458  1028.6140  1028.6137     4.6016     0.0938     0.1185    34.0505    34.0498    8.41076         32 0.0000e+00
    253.000    250.232    -1.5954  27.107820    -1.5961  27.106643     6.1616     6.4098     0.0436    97.0232 1.0000e-12  -73.92216 -118.83794  46.031481     100.14 4.5546e+02    561.939      13488  1028.6193  1028.6188     4.6027     0.0826     0.1167    34.0506    34.0498    8.41217         26 0.0000e+00
    254.000    251.220    -1.6002  27.103686    -1.6004  27.103487     6.1867     6.4022     0.0744    97.0229 1.0000e-12  -73.92216 -118.83794  46.031493      99.92 4.5205e+02    562.988      13513  1028.6238  1028.6238     4.6027     0.0900     0.1167    34.0497    34.0497    8.41331         27 0.0000e+00
    255.000    252.208    -1.6070  27.098257    -1.6082  27.097035     6.2409     6.4524     0.0516    97.0249 1.0000e-12  -73.92216 -118.83794  46.031507      99.92 4.5532e+02    564.175      13541  1028.6287  1028.6286     4.6026     0.0770     0.1145    34.0494    34.0491    8.41488         30 0.0000e+00
    256.000    253.198    -1.6310  27.077704    -1.6290  27.080076     6.3005     6.5096     0.0218    96.8373 1.0000e-12  -73.92216 -118.83794  46.031521      99.91 4.5571e+02    565.409      13571  1028.6336  1028.6343     4.5940     0.0792     0.1154    34.0476    34.0486    8.42042         28 0.0000e+00
    257.000    254.185    -1.6763  27.041464    -1.6765  27.041202     6.3186     6.5426     0.0470    97.0198 1.0000e-12  -73.92216 -118.83794  46.031533      99.92 4.5104e+02    566.487      13597  1028.6420  1028.6419     4.6025     0.0796     0.1663    34.0487    34.0485    8.43066         26 0.0000e+00
    258.000    255.174    -1.6833  27.036223    -1.6832  27.036109     6.3398     6.5640     0.0990    96.8073 1.0000e-12  -73.92216 -118.83794  46.031547      99.92 4.5278e+02    567.643      13624  1028.6470  1028.6468     4.5924     0.0794     0.1168    34.0488    34.0485    8.43225         29 0.0000e+00
    259.000    256.163    -1.6902  27.030912    -1.6902  27.030905     6.3485     6.5776     0.0864    96.9795 1.0000e-12  -73.92216 -118.83794  46.031562      99.92 4.5289e+02    568.935      13655  1028.6519  1028.6519     4.6006     0.0818     0.1168    34.0487    34.0487    8.43383         31 0.0000e+00
