ocean_section_plots/required_files/ctd/dnbp2202_ctd137.cnv
* Sea-Bird SBE 9 Data File:
* FileName = D:\Data\raw\NBP2202_CTD137.hex
* Software Version Seasave V 7.26.7.121
* Temperature SN = 1649
* Conductivity SN = 2513
* Number of Bytes Per Scan = 40
* Number of Voltage Words = 5
* Number of Scans Averaged by the Deck Unit = 1
* NMEA Latitude = 74 01.65 S
* NMEA Longitude = 113 14.57 W
* NMEA UTC (Time) = Jan 28 2022  10:17:50
* NMEA baud rate = 9600
** Ship: RVIB N.B. Palmer
** Cruise: NBP2202 Thwaites
** Station: 66
** Operator: B. Bjork
# nquan = 25
# nvalues = 358                         
# units = specified
# name 0 = prDM: Pressure, Digiquartz [db]
# name 1 = depSM: Depth [salt water, m]
# name 2 = t090C: Temperature [ITS-90, deg C]
# name 3 = c0mS/cm: Conductivity [mS/cm]
# name 4 = t190C: Temperature, 2 [ITS-90, deg C]
# name 5 = c1mS/cm: Conductivity, 2 [mS/cm]
# name 6 = sbeox0ML/L: Oxygen, SBE 43 [ml/l]
# name 7 = sbeox1ML/L: Oxygen, SBE 43, 2 [ml/l]
# name 8 = flECO-AFL: Fluorescence, WET Labs ECO-AFL/FL [mg/m^3]
# name 9 = CStarTr0: Beam Transmission, WET Labs C-Star [%]
# name 10 = par: PAR/Irradiance, Biospherical/Licor
# name 11 = latitude: Latitude [deg]
# name 12 = longitude: Longitude [deg]
# name 13 = timeJ: Julian Days
# name 14 = altM: Altimeter [m]
# name 15 = spar: SPAR, Biospherical/Licor
# name 16 = timeS: Time, Elapsed [seconds]
# name 17 = scan: Scan Count
# name 18 = density00: Density [density, kg/m^3]
# name 19 = density11: Density, 2 [density, kg/m^3]
# name 20 = sal00: Salinity, Practical [PSU]
# name 21 = sal11: Salinity, Practical, 2 [PSU]
# name 22 = oxsolML/L: Oxygen Saturation, Garcia & Gordon [ml/l]
# name 23 = nbin: number of scans per bin
# name 24 = flag: flag
# span 0 =      3.000,    360.000       
# span 1 =      2.963,    355.971       
# span 2 =    -1.5100,    -0.3221       
# span 3 =  27.055116,  28.353241       
# span 4 =    -1.5091,    -0.3207       
# span 5 =  27.054382,  28.351989       
# span 6 =     4.8747,     8.9546       
# span 7 =     4.9691,     9.1779       
# span 8 =    -0.0195,    29.2142       
# span 9 =    63.7004,    93.5942       
# span 10 = 1.0000e-12, 1.4115e+01      
# span 11 =  -74.02752,  -74.02752      
# span 12 = -113.24300, -113.24294      
# span 13 =  28.431081,  28.437138      
# span 14 =       5.32,     100.16      
# span 15 = 5.2886e+01, 5.9941e+01      
# span 16 =    175.431,    698.738      
# span 17 =       4211,      16771      
# span 18 =  1027.1985,  1029.2188      
# span 19 =  1027.2032,  1029.2161      
# span 20 =    33.8093,    34.2356      
# span 21 =    33.8118,    34.2323      
# span 22 =    8.12139,    8.39932      
# span 23 =         12,         49      
# span 24 = 0.0000e+00, 0.0000e+00      
# interval = decibars: 1                
# start_time = Jan 28 2022 10:17:50 [NMEA time, header]
# bad_flag = -9.990e-29
*END*
[from data line 348]
    351.000    347.076    -0.3426  28.323297    -0.3407  28.323391     4.8787     4.9712    -0.0115    93.3913 1.0000e-12  -74.02752 -113.24296  28.436660      14.70 5.7714e+01    657.426      15779  1029.1680  1029.1663    34.2240    34.2220    8.12642         37 0.0000e+00
    352.000    348.063    -0.3410  28.325676    -0.3392  28.325366     4.8755     4.9711    -0.0167    93.3919 1.0000e-12  -74.02752 -113.24296  28.436696      13.70 5.6978e+01    660.535      15854  1029.1733  1029.1712    34.2248    34.2224    8.12604         44 0.0000e+00
    353.000    349.051    -0.3399  28.327152    -0.3380  28.326928     4.8751     4.9699    -0.0027    93.4065 1.0000e-12  -74.02752 -113.24296  28.436734      12.68 5.8171e+01    663.797      15932  1029.1781  1029.1761    34.2250    34.2225    8.12580         35 0.0000e+00
    354.000    350.039    -0.3395  28.328130    -0.3376  28.327808     4.8747     4.9691    -0.0014    93.3970 1.0000e-12  -74.02752 -113.24296  28.436769      11.68 5.7869e+01    666.833      16005  1029.1831  1029.1809    34.2252    34.2227    8.12570         48 0.0000e+00
    355.000    351.030    -0.3391  28.328924    -0.3373  28.328583     4.8750     4.9693    -0.0056    93.3807 1.0000e-12  -74.02752 -113.24296  28.436807      10.65 5.7494e+01    670.108      16084  1029.1878  1029.1857    34.2252    34.2227    8.12561         30 0.0000e+00
    356.000    352.014    -0.3384  28.330248    -0.3364  28.329950     4.8782     4.9741    -0.0076    93.3855 1.0000e-12  -74.02752 -113.24296  28.436842       9.64 5.8152e+01    673.154      16157  1029.1928  1029.1905    34.2256    34.2229    8.12544         40 0.0000e+00
    357.000    353.002    -0.3347  28.334959    -0.3326  28.334635     4.8807     4.9719    -0.0144    93.3824 1.0000e-12  -74.02752 -113.24296  28.436878       8.62 5.8088e+01    676.254      16231  1029.1985  1029.1962    34.2271    34.2244    8.12456         40 0.0000e+00
    358.000    353.989    -0.3347  28.336074    -0.3329  28.335731     4.8852     4.9739    -0.0124    93.3777 1.0000e-12  -74.02752 -113.24296  28.436915       7.62 5.7244e+01    679.422      16307  1029.2041  1029.2020    34.2281    34.2256    8.12451         43 0.0000e+00
    359.000    354.977    -0.3308  28.342487    -0.3289  28.342439     4.8927     4.9786     0.0002    93.3578 1.0000e-12  -74.02752 -113.24296  28.436952       6.57 5.8196e+01    682.670      16385  1029.2114  1029.2094    34.2316    34.2294    8.12348         25 0.0000e+00
    360.000    355.971    -0.3221  28.353241    -0.3207  28.351989     4.8821     4.9752    -0.0118    93.3672 1.0000e-12  -74.02752 -113.24296  28.437138       5.32 5.7373e+01    698.738      16771  1029.2188  1029.2161    34.2356    34.2323    8.12139         38 0.0000e+00
