ocean_section_plots/required_files/ctd/dnbp2202_ctd247.cnv
* Sea-Bird SBE 9 Data File:
* FileName = D:\Data\raw\NBP2202_CTD247.hex
* Software Version Seasave V 7.26.7.121
* Temperature SN = 1649
* Conductivity SN = 2513
* Number of Bytes Per Scan = 40
* Number of Voltage Words = 5
* Number of Scans Averaged by the Deck Unit = 1
* NMEA Latitude = 73 55.38 S
* NMEA Longitude = 118 48.19 W
* NMEA UTC (Time) = Feb 15 2022  05:04:17
* NMEA baud rate = 9600
** Ship: RVIB N.B. Palmer
** Cruise: NBP2202 Thwaites
** Station: 154
** Operator: B. Bjork
# nquan = 28
# nvalues = 1030                        
# units = specified
# name 0 = prDM: Pressure, Digiquartz [db]
# name 1 = depSM: Depth [salt water, m]
# name 2 = t090C: Temperature [ITS-90, deg C]
# name 3 = c0mS/cm: Conductivity [mS/cm]
# name 4 = t190C: Temperature, 2 [ITS-90, deg C]
# name 5 = c1mS/cm: Conductivity, 2 [mS/cm]
# name 6 = sbeox0ML/L: Oxygen, SBE 43 [ml/l]
# name 7 = sbeox1ML/L: Oxygen, SBE 43, 2 [ml/l]
# name 8 = flECO-AFL: Fluorescence, WET Labs ECO-AFL/FL [mg/m^3]
# name 9 = CStarTr0: Beam Transmission, WET Labs C-Star [%]
# name 10 = par: PAR/Irradiance, Biospherical/Licor
# name 11 = latitude: Latitude [deg]
# name 12 = longitude: Longitude [deg]
# name 13 = timeJ: Julian Days
# name 14 = altM: Altimeter [m]
# name 15 = spar: SPAR, Biospherical/Licor
# name 16 = timeS: Time, Elapsed [seconds]
# name 17 = scan: Scan Count
# name 18 = density00: Density [density, kg/m^3]
# name 19 = density11: Density, 2 [density, kg/m^3]
# name 20 = v3: Voltage 3
# name 21 = v4: Voltage 4
# name 22 = v5: Voltage 5
# name 23 = sal00: Salinity, Practical [PSU]
# name 24 = sal11: Salinity, Practical, 2 [PSU]
# name 25 = oxsolML/L: Oxygen Saturation, Garcia & Gordon [ml/l]
# name 26 = nbin: number of scans per bin
# name 27 = flag: flag
# span 0 =      2.000,   1031.000       
# span 1 =      1.975,   1017.808       
# span 2 =    -1.6857,     0.7240       
# span 3 =  26.978170,  29.797088       
# span 4 =    -1.6850,     0.7259       
# span 5 =  26.978288,  29.796964       
# span 6 =     4.6047,     9.2382       
# span 7 =     4.7395,     9.4989       
# span 8 =    -0.0228,    10.8422       
# span 9 =    86.0202,    97.2036       
# span 10 = -5.048e-06, 1.2682e+01      
# span 11 =  -73.92300,  -73.92292      
# span 12 = -118.80340, -118.80306      
# span 13 =  46.212084,  46.226530      
# span 14 =       3.57,     100.15      
# span 15 = 3.0659e+01, 4.1142e+01      
# span 16 =     67.016,   1315.212      
# span 17 =       1609,      31566      
# span 18 =  1027.1253,  1032.5612      
# span 19 =  1027.1241,  1032.5594      
# span 20 =     4.0809,     4.6111      
# span 21 =     0.0634,     1.7975      
# span 22 =     0.1111,     0.2027      
# span 23 =    33.7451,    34.5759      
# span 24 =    33.7448,    34.5737      
# span 25 =    7.88463,    8.43267      
# span 26 =         13,         47      
# span 27 = 0.0000e+00, 0.0000e+00      
# interval = decibars: 1                
# start_time = Feb 15 2022 05:04:17 [NMEA time, header]
# bad_flag = -9.990e-29
*END*
[from data line 104]
    106.000    104.876    -0.4154  27.870687    -0.4183  27.867627     8.4306     8.7549     6.1601    88.7490 1.0000e-12  -73.92292 -118.80318  46.214679      99.47 3.7813e+01    291.228       6990  1027.7041  1027.7036     4.2097     1.2428     0.1609    33.8483    33.8474    8.16355         36 0.0000e+00
    107.000    105.865    -0.4089  27.876937    -0.3948  27.886663     8.3706     8.7011     6.8661    88.9576 1.0000e-12  -73.92292 -118.80318  46.214703      99.69 3.7296e+01    293.341       7041  1027.7084  1027.7054     4.2202     0.9301     0.1626    33.8488    33.8461    8.16213         39 0.0000e+00
    108.000    106.855    -0.4481  27.844480    -0.4466  27.844819     8.3163     8.6283     5.9899    89.2576 1.0000e-12  -73.92292 -118.80318  46.214729      99.48 3.8306e+01    295.625       7096  1027.7156  1027.7146     4.2340     1.6491     0.1781    33.8485    33.8472    8.17059         39 0.0000e+00
    109.000    107.845    -0.4765  27.821517    -0.4736  27.823124     8.2754     8.5865     5.4045    88.6375 1.0000e-12  -73.92292 -118.80318  46.214756      99.59 3.7999e+01    297.944       7152  1027.7221  1027.7212     4.2055     1.1941     0.1721    33.8487    33.8477    8.17669         39 0.0000e+00
    110.000    108.833    -0.4887  27.812469    -0.4847  27.814571     8.2827     8.5853     5.8664    89.2351 1.0000e-12  -73.92292 -118.80317  46.214784      97.85 3.7663e+01    300.302       7208  1027.7280  1027.7265     4.2338     0.9312     0.1699    33.8496    33.8480    8.17927         36 0.0000e+00
    111.000    109.822    -0.4860  27.815236    -0.4854  27.814616     8.2923     8.5818     6.0705    88.8393 1.0000e-12  -73.92292 -118.80316  46.214808      97.42 3.8114e+01    302.439       7260  1027.7322  1027.7311     4.2140     1.0858     0.1888    33.8496    33.8482    8.17868         38 0.0000e+00
    112.000    110.813    -0.4855  27.816484    -0.4853  27.815298     8.2885     8.5736     4.8354    89.1945 1.0000e-12  -73.92292 -118.80316  46.214834      99.67 3.8079e+01    304.630       7312  1027.7372  1027.7358     4.2312     0.8864     0.1704    33.8502    33.8483    8.17855         35 0.0000e+00
    113.000    111.802    -0.4887  27.813965    -0.4890  27.812872     8.2778     8.5754     7.2208    89.3721 1.0000e-12  -73.92293 -118.80316  46.214860      99.71 3.7582e+01    306.926       7367  1027.7417  1027.7407     4.2400     0.8757     0.1838    33.8498    33.8486    8.17927         43 0.0000e+00
    114.000    112.790    -0.4912  27.812599    -0.4911  27.811554     8.2736     8.5675     6.6743    89.8771 1.0000e-12  -73.92293 -118.80316  46.214884      99.68 3.7881e+01    308.997       7417  1027.7467  1027.7455     4.2643     0.9351     0.1654    33.8501    33.8486    8.17979         43 0.0000e+00
    115.000    113.779    -0.4921  27.812306    -0.4911  27.812242     8.2803     8.5728     5.4854    89.5617 1.0000e-12  -73.92294 -118.80316  46.214907      99.64 3.8997e+01    310.980       7465  1027.7514  1027.7504     4.2488     1.1054     0.1518    33.8501    33.8489    8.17998         38 0.0000e+00
    116.000    114.769    -0.4930  27.812165    -0.4908  27.812895     8.2743     8.5779     5.0641    89.3940 1.0000e-12  -73.92294 -118.80316  46.214925      99.63 3.8463e+01    312.503       7501  1027.7563  1027.7551     4.2409     1.0628     0.1549    33.8503    33.8489    8.18016         34 0.0000e+00
    117.000    115.758    -0.4879  27.817079    -0.4875  27.816070     8.2885     8.5762     6.3890    90.4501 1.0000e-12  -73.92294 -118.80316  46.214942      99.64 3.8123e+01    313.983       7537  1027.7609  1027.7594     4.2909     1.0241     0.1566    33.8506    33.8488    8.17904         35 0.0000e+00
    118.000    116.748    -0.4810  27.823013    -0.4805  27.822448     8.2832     8.5696     5.2121    89.4277 1.0000e-12  -73.92294 -118.80316  46.214958      96.44 3.8906e+01    315.409       7571  1027.7649  1027.7638     4.2431     0.9231     0.1706    33.8502    33.8490    8.17757         29 0.0000e+00
    119.000    117.736    -0.4830  27.821797    -0.4819  27.821900     8.2826     8.5741     5.5003    89.5030 1.0000e-12  -73.92294 -118.80316  46.214974      99.66 3.8566e+01    316.766       7603  1027.7698  1027.7688     4.2460     1.0423     0.1430    33.8503    33.8492    8.17801         33 0.0000e+00
    120.000    118.725    -0.4815  27.823576    -0.4809  27.823197     8.2881     8.5751     5.8028    89.7401 1.0000e-12  -73.92294 -118.80316  46.214990      99.65 3.9827e+01    318.101       7635  1027.7746  1027.7736     4.2573     0.9940     0.1579    33.8504    33.8492    8.17768         32 0.0000e+00
    121.000    119.714    -0.4844  27.821575    -0.4827  27.822101     8.2349     8.5662     5.5924    88.8252 1.0000e-12  -73.92294 -118.80316  46.215005      99.68 3.9476e+01    319.456       7668  1027.7795  1027.7784     4.2139     0.9458     0.1617    33.8503    33.8492    8.17830         30 0.0000e+00
    122.000    120.703    -0.4848  27.821920    -0.4837  27.821708     8.2743     8.5647     5.7804    89.0701 1.0000e-12  -73.92294 -118.80316  46.215021      99.73 3.8832e+01    320.784       7700  1027.7845  1027.7833     4.2254     0.8359     0.1608    33.8506    33.8492    8.17838         32 0.0000e+00
    123.000    121.692    -0.4883  27.819416    -0.4878  27.818868     8.2442     8.5645     5.7625    89.1137 1.0000e-12  -73.92294 -118.80316  46.215035      99.66 3.8782e+01    322.056       7730  1027.7895  1027.7884     4.2277     0.9761     0.1553    33.8505    33.8492    8.17913         29 0.0000e+00
    124.000    122.682    -0.4889  27.819524    -0.4865  27.820643     8.2971     8.5533     5.0148    89.9457 1.0000e-12  -73.92294 -118.80316  46.215049      99.72 3.8783e+01    323.232       7759  1027.7945  1027.7933     4.2670     0.8327     0.1688    33.8508    33.8495    8.17926         28 0.0000e+00
    125.000    123.669    -0.4896  27.819489    -0.4880  27.819861     8.2492     8.5552     7.5561    89.5480 1.0000e-12  -73.92294 -118.80316  46.215063      99.71 3.8783e+01    324.414       7787  1027.7994  1027.7983     4.2482     0.8899     0.1594    33.8509    33.8496    8.17940         28 0.0000e+00
    126.000    124.660    -0.4898  27.819971    -0.4886  27.819985     8.2599     8.5449     6.0260    89.2145 1.0000e-12  -73.92294 -118.80316  46.215076      99.69 3.8783e+01    325.583       7815  1027.8043  1027.8033     4.2324     0.9410     0.1769    33.8511    33.8498    8.17942         29 0.0000e+00
    127.000    125.649    -0.4894  27.820775    -0.4873  27.821653     8.2632     8.5437     4.8903    90.1544 1.0000e-12  -73.92294 -118.80316  46.215090      99.68 3.8783e+01    326.756       7843  1027.8091  1027.8081     4.2768     0.9346     0.1520    33.8512    33.8500    8.17933         27 0.0000e+00
    128.000    126.637    -0.4853  27.825187    -0.4843  27.824822     8.2586     8.5472     5.4430    89.8958 1.0000e-12  -73.92294 -118.80316  46.215102      99.71 3.8783e+01    327.841       7869  1027.8141  1027.8128     4.2649     0.8896     0.1593    33.8519    33.8503    8.17840         25 0.0000e+00
    129.000    127.625    -0.4884  27.822572    -0.4845  27.825092     8.2590     8.5386     4.8737    89.7281 1.0000e-12  -73.92294 -118.80316  46.215114      99.67 3.8783e+01    328.834       7893  1027.8186  1027.8176     4.2567     0.9841     0.1658    33.8512    33.8503    8.17911         24 0.0000e+00
    130.000    128.616    -0.4891  27.822659    -0.4876  27.822872     8.2489     8.5260     4.9546    89.9615 1.0000e-12  -73.92294 -118.80316  46.215126      99.71 3.8783e+01    329.862       7918  1027.8237  1027.8225     4.2678     0.8875     0.1682    33.8516    33.8501    8.17925         25 0.0000e+00
    131.000    129.605    -0.4891  27.823176    -0.4869  27.824041     8.2525     8.5245     6.3397    90.3863 1.0000e-12  -73.92294 -118.80316  46.215139      99.74 3.8783e+01    330.979       7945  1027.8285  1027.8274     4.2877     0.7930     0.1614    33.8516    33.8504    8.17924         28 0.0000e+00
    132.000    130.593    -0.4933  27.819669    -0.4904  27.821456     8.2457     8.5164     6.3879    88.8809 1.0000e-12  -73.92294 -118.80316  46.215152      99.70 3.8783e+01    332.092       7971  1027.8331  1027.8322     4.2169     0.9039     0.1539    33.8510    33.8501    8.18019         26 0.0000e+00
    133.000    131.583    -0.4987  27.816211    -0.4966  27.817048     8.2122     8.5034     5.3768    90.3358 1.0000e-12  -73.92294 -118.80316  46.215164      99.68 3.8783e+01    333.194       7998  1027.8389  1027.8378     4.2856     0.9383     0.1651    33.8518    33.8506    8.18131         26 0.0000e+00
    134.000    132.572    -0.4954  27.819861    -0.4942  27.819621     8.2028     8.4903     5.2073    91.0436 1.0000e-12  -73.92294 -118.80316  46.215176      99.61 3.8783e+01    334.236       8023  1027.8439  1027.8424     4.3191     1.0990     0.1806    33.8524    33.8507    8.18056         24 0.0000e+00
    135.000    133.560    -0.5051  27.811314    -0.5045  27.810979     8.2031     8.4790     5.1343    91.1487 1.0000e-12  -73.92294 -118.80316  46.215187      99.60 3.8783e+01    335.181       8045  1027.8483  1027.8474     4.3241     1.1306     0.1666    33.8512    33.8500    8.18273         22 0.0000e+00
    136.000    134.550    -0.5187  27.800838    -0.5164  27.801763     8.2055     8.4870     5.7139    90.3887 1.0000e-12  -73.92294 -118.80316  46.215198      99.74 3.8783e+01    336.121       8068  1027.8545  1027.8533     4.2881     0.8051     0.1544    33.8516    33.8504    8.18563         23 0.0000e+00
    137.000    135.539    -0.5185  27.802581    -0.5195  27.800453     8.2182     8.4985     6.3722    89.8009 1.0000e-12  -73.92294 -118.80316  46.215210      99.68 3.8783e+01    337.144       8092  1027.8604  1027.8589     4.2602     0.9616     0.1811    33.8532    33.8514    8.18551         26 0.0000e+00
    138.000    136.529    -0.5106  27.809135    -0.5162  27.802124     8.2068     8.4552     5.7091    89.4727 1.0000e-12  -73.92294 -118.80316  46.215223      99.64 3.8919e+01    338.236       8119  1027.8640  1027.8620     4.2446     1.0048     0.1516    33.8525    33.8494    8.18384         26 0.0000e+00
    139.000    137.516    -0.5112  27.809300    -0.5111  27.808256     8.1155     8.3458     4.9704    89.1526 1.0000e-12  -73.92294 -118.80316  46.215235      99.70 3.8979e+01    339.331       8145  1027.8689  1027.8677     4.2297     0.8673     0.1456    33.8528    33.8513    8.18395         27 0.0000e+00
    140.000    138.506    -0.5328  27.790067    -0.5275  27.794264     7.8974     8.1640     5.1819    89.4450 1.0000e-12  -73.92294 -118.80316  46.215248      97.68 3.9077e+01    340.393       8170  1027.8735  1027.8728     4.2430     0.9209     0.1544    33.8505    33.8502    8.18875         24 0.0000e+00
    141.000    139.497    -0.5994  27.734881    -0.6058  27.730034     7.6491     7.9750     5.0561    88.5797 1.0000e-12  -73.92294 -118.80316  46.215259      94.20 3.9546e+01    341.390       8194  1027.8826  1027.8836     4.2022     0.8424     0.1538    33.8501    33.8507    8.20320         23 0.0000e+00
    142.000    140.483    -0.7339  27.629472    -0.7362  27.629063     7.4730     7.8381     4.8937    89.8870 1.0000e-12  -73.92294 -118.80318  46.215270      99.79 3.8772e+01    342.347       8217  1027.9032  1027.9050     4.2643     0.8859     0.1540    33.8578    33.8599    8.23200         23 0.0000e+00
    143.000    141.473    -0.8333  27.558281    -0.8325  27.559694     7.3903     7.7387     5.2828    89.2862 1.0000e-12  -73.92294 -118.80318  46.215282      99.77 3.8783e+01    343.350       8241  1027.9260  1027.9267     4.2358     0.7049     0.1537    33.8725    33.8734    8.25290         26 0.0000e+00
    144.000    142.461    -0.9127  27.506376    -0.9099  27.508440     7.3877     7.7324     4.2353    89.8099 1.0000e-12  -73.92294 -118.80318  46.215294      99.70 3.8783e+01    344.423       8267  1027.9500  1027.9494     4.2608     0.8331     0.1478    33.8907    33.8904    8.26927         25 0.0000e+00
    145.000    143.452    -0.9272  27.499694    -0.9260  27.499764     7.3300     7.5933     5.1127    90.7130 1.0000e-12  -73.92294 -118.80318  46.215307      99.76 3.8783e+01    345.505       8293  1027.9597  1027.9587     4.3032     0.7091     0.1426    33.8972    33.8960    8.27205         27 0.0000e+00
    146.000    144.440    -0.9364  27.493505    -0.9361  27.493742     7.2034     7.4268     3.6261    90.6731 1.0000e-12  -73.92294 -118.80318  46.215319      99.73 3.8783e+01    346.584       8319  1027.9652  1027.9651     4.3016     0.8164     0.1555    33.8986    33.8986    8.27401         25 0.0000e+00
    147.000    145.428    -0.9805  27.462630    -0.9812  27.462372     6.8854     7.2234     3.2777    91.4798 1.0000e-12  -73.92294 -118.80318  46.215331      99.71 3.8783e+01    347.588       8343  1027.9778  1027.9782     4.3398     0.8476     0.1509    33.9057    33.9061    8.28331         23 0.0000e+00
    148.000    146.418    -1.0773  27.389590    -1.0733  27.392666     6.6098     7.0151     3.2593    91.8184 1.0000e-12  -73.92294 -118.80318  46.215342      99.78 3.8783e+01    348.545       8366  1027.9957  1027.9951     4.3558     0.6657     0.1641    33.9148    33.9144    8.30420         23 0.0000e+00
    149.000    147.406    -1.3599  27.183034    -1.3683  27.181129     6.5586     6.8915     3.1813    91.5405 1.0000e-12  -73.92294 -118.80318  46.215354      99.81 3.8783e+01    349.556       8390  1028.0471  1028.0533     4.3427     0.5791     0.1467    33.9512    33.9581    8.36506         26 0.0000e+00
    150.000    148.396    -1.4151  27.148395    -1.4145  27.149247     6.5618     6.8559     4.7154    91.5191 1.0000e-12  -73.92294 -118.80318  46.215366      99.83 3.9339e+01    350.610       8416  1028.0649  1028.0653     4.3416     0.4312     0.1324    33.9655    33.9661    8.37655         25 0.0000e+00
    151.000    149.384    -1.4201  27.145205    -1.4191  27.146414     6.5626     6.8527     3.1427    91.5376 1.0000e-12  -73.92294 -118.80318  46.215378      99.81 3.8792e+01    351.630       8440  1028.0686  1028.0689     4.3425     0.5014     0.1383    33.9662    33.9668    8.37764         24 0.0000e+00
    152.000    150.374    -1.4263  27.141175    -1.4242  27.143154     6.5801     6.8362     1.9341    91.8233 1.0000e-12  -73.92294 -118.80318  46.215389      99.84 3.9512e+01    352.638       8464  1028.0727  1028.0729     4.3561     0.4335     0.1396    33.9671    33.9675    8.37898         24 0.0000e+00
    153.000    151.361    -1.4573  27.118653    -1.4573  27.119576     6.5957     6.8216     1.5959    92.1141 1.0000e-12  -73.92294 -118.80318  46.215401      99.85 3.9223e+01    353.650       8489  1028.0810  1028.0819     4.3698     0.3398     0.1316    33.9707    33.9719    8.38576         24 0.0000e+00
    154.000    152.352    -1.4641  27.114911    -1.4631  27.116134     6.5552     6.7951     1.4206    92.2025 1.0000e-12  -73.92294 -118.80318  46.215412      94.41 3.8699e+01    354.639       8512  1028.0863  1028.0867     4.3749     0.7951     0.1351    33.9727    33.9732    8.38718         23 0.0000e+00
    155.000    153.340    -1.4733  27.108533    -1.4780  27.105899     6.5184     6.7604     1.1691    93.9943 1.0000e-12  -73.92294 -118.80318  46.215424      99.94 3.9430e+01    355.643       8536  1028.0913  1028.0930     4.4582     0.3787     0.1274    33.9737    33.9754    8.38918         25 0.0000e+00
    156.000    154.329    -1.5176  27.078153    -1.5221  27.075918     6.4953     6.7336     1.2279    93.5764 1.0000e-12  -73.92294 -118.80318  46.215436      99.85 3.9135e+01    356.670       8561  1028.1041  1028.1059     4.4392     0.3616     0.1322    33.9816    33.9836    8.39871         25 0.0000e+00
