ocean_section_plots/required_files/ctd/dnbp2202_ctd116.cnv
* Sea-Bird SBE 9 Data File:
* FileName = D:\Data\raw\NBP2202_CTD116.hex
* Software Version Seasave V 7.26.7.121
* Temperature SN = 1649
* Conductivity SN = 2513
* Number of Bytes Per Scan = 40
* Number of Voltage Words = 5
* Number of Scans Averaged by the Deck Unit = 1
* NMEA Latitude = 74 10.52 S
* NMEA Longitude = 113 20.65 W
* NMEA UTC (Time) = Jan 27 2022  09:10:51
* NMEA baud rate = 9600
** Ship: RVIB N.B. Palmer
** Cruise: NBP2202 Thwaites
** Station: YoYo001
** Operator: B. Bjork
# nquan = 25
# nvalues = 608                         
# units = specified
# name 0 = prDM: Pressure, Digiquartz [db]
# name 1 = depSM: Depth [salt water, m]
# name 2 = t090C: Temperature [ITS-90, deg C]
# name 3 = c0mS/cm: Conductivity [mS/cm]
# name 4 = t190C: Temperature, 2 [ITS-90, deg C]
# name 5 = c1mS/cm: Conductivity, 2 [mS/cm]
# name 6 = sbeox0ML/L: Oxygen, SBE 43 [ml/l]
# name 7 = sbeox1ML/L: Oxygen, SBE 43, 2 [ml/l]
# name 8 = flECO-AFL: Fluorescence, WET Labs ECO-AFL/FL [mg/m^3]
# name 9 = CStarTr0: Beam Transmission, WET Labs C-Star [%]
# name 10 = par: PAR/Irradiance, Biospherical/Licor
# name 11 = latitude: Latitude [deg]
# name 12 = longitude: Longitude [deg]
# name 13 = timeJ: Julian Days
# name 14 = altM: Altimeter [m]
# name 15 = spar: SPAR, Biospherical/Licor
# name 16 = timeS: Time, Elapsed [seconds]
# name 17 = scan: Scan Count
# name 18 = density00: Density [density, kg/m^3]
# name 19 = density11: Density, 2 [density, kg/m^3]
# name 20 = sal00: Salinity, Practical [PSU]
# name 21 = sal11: Salinity, Practical, 2 [PSU]
# name 22 = oxsolML/L: Oxygen Saturation, Garcia & Gordon [ml/l]
# name 23 = nbin: number of scans per bin
# name 24 = flag: flag
# span 0 =     10.000,    617.000       
# span 1 =      9.896,    609.700       
# span 2 =    -1.4008,     0.1117       
# span 3 =  27.020645,  28.945619       
# span 4 =    -1.4004,     0.1139       
# span 5 =  27.019989,  28.945374       
# span 6 =     4.6781,     8.6393       
# span 7 =     4.7279,     8.6357       
# span 8 =    -0.0225,    22.1265       
# span 9 =    70.1388,    95.5970       
# span 10 = -1.088e-04, 1.5397e+00      
# span 11 =  -74.17536,  -74.17536      
# span 12 = -113.34426, -113.34422      
# span 13 =  27.382874,  27.390206      
# span 14 =       7.03,     100.09      
# span 15 = 9.3433e+01, 1.0754e+02      
# span 16 =     29.326,    662.775      
# span 17 =        705,      15908      
# span 18 =  1027.2178,  1030.5250      
# span 19 =  1027.2157,  1030.5226      
# span 20 =    33.7859,    34.3858      
# span 21 =    33.7836,    34.3832      
# span 22 =    8.02128,    8.38164      
# span 23 =         13,         47      
# span 24 = 0.0000e+00, 0.0000e+00      
# interval = decibars: 1                
# start_time = Jan 27 2022 09:10:51 [NMEA time, header]
# bad_flag = -9.990e-29
*END*
[from data line 290]
    300.000    296.681    -0.5573  28.060233    -0.5567  28.059278     4.9579     5.0068    -0.0080    95.2525 1.0000e-12  -74.17536 -113.34424  27.386330      99.86 9.8721e+01    327.873       7870  1028.8722  1028.8706    34.1438    34.1418    8.17714         25 0.0000e+00
    301.000    297.668    -0.5736  28.048392    -0.5740  28.046570     4.9866     5.0308    -0.0101    95.2650 1.0000e-12  -74.17536 -113.34424  27.386341      99.86 9.8866e+01    328.885       7894  1028.8798  1028.8783    34.1455    34.1436    8.18055         24 0.0000e+00
    302.000    298.656    -0.5871  28.038564    -0.5832  28.039856     5.0027     5.0488    -0.0068    95.2683 1.0000e-12  -74.17536 -113.34424  27.386353      99.86 9.9013e+01    329.887       7918  1028.8867  1028.8843    34.1470    34.1442    8.18340         24 0.0000e+00
    303.000    299.645    -0.5946  28.032347    -0.5933  28.031946     5.0086     5.0628    -0.0071    95.2641 1.0000e-12  -74.17536 -113.34424  27.386364      99.87 9.9889e+01    330.891       7942  1028.8917  1028.8900    34.1464    34.1444    8.18505         24 0.0000e+00
    304.000    300.634    -0.6008  28.028284    -0.5988  28.027964     5.0290     5.0799    -0.0116    95.2598 1.0000e-12  -74.17536 -113.34424  27.386376      99.86 9.9237e+01    331.892       7966  1028.8975  1028.8953    34.1473    34.1446    8.18633         24 0.0000e+00
    305.000    301.619    -0.6037  28.027501    -0.6017  28.027386     5.0515     5.0971    -0.0087    95.2640 1.0000e-12  -74.17536 -113.34424  27.386388      99.86 9.8800e+01    332.882       7990  1028.9038  1028.9018    34.1489    34.1465    8.18686         24 0.0000e+00
    306.000    302.610    -0.6142  28.020402    -0.6125  28.020110     5.0648     5.1166    -0.0038    95.2799 1.0000e-12  -74.17536 -113.34424  27.386399      99.86 9.8722e+01    333.882       8014  1028.9107  1028.9088    34.1506    34.1483    8.18905         24 0.0000e+00
    307.000    303.597    -0.6242  28.012412    -0.6243  28.010824     5.0936     5.1359    -0.0034    95.2738 1.0000e-12  -74.17536 -113.34424  27.386411      99.87 9.8721e+01    334.884       8038  1028.9160  1028.9144    34.1505    34.1484    8.19121         24 0.0000e+00
    308.000    304.585    -0.6269  28.012240    -0.6248  28.012172     5.1255     5.1647    -0.0044    95.3026 1.0000e-12  -74.17536 -113.34424  27.386422      99.16 9.8721e+01    335.892       8062  1028.9227  1028.9206    34.1527    34.1502    8.19167         24 0.0000e+00
    309.000    305.574    -0.6403  28.002618    -0.6369  28.003805     5.1546     5.2006    -0.0034    95.3405 1.0000e-12  -74.17536 -113.34424  27.386434      74.24 9.8721e+01    336.903       8087  1028.9297  1028.9276    34.1542    34.1520    8.19449         24 0.0000e+00
    310.000    306.562    -0.6606  27.989256    -0.6572  27.990329     5.1724     5.2232    -0.0041    95.3447 1.0000e-12  -74.17536 -113.34424  27.386446      98.74 1.0025e+02    337.926       8111  1028.9392  1028.9371    34.1585    34.1561    8.19864         24 0.0000e+00
    311.000    307.550    -0.6662  27.985854    -0.6653  27.985033     5.1784     5.2339    -0.0107    95.3546 1.0000e-12  -74.17536 -113.34424  27.386458      99.89 1.0048e+02    338.932       8135  1028.9451  1028.9434    34.1596    34.1575    8.19978         25 0.0000e+00
    312.000    308.538    -0.6706  27.984667    -0.6688  27.984422     5.1663     5.2275    -0.0129    95.3661 1.0000e-12  -74.17536 -113.34424  27.386469      99.87 1.0048e+02    339.944       8160  1028.9523  1028.9503    34.1624    34.1599    8.20058         24 0.0000e+00
    313.000    309.526    -0.6692  27.988683    -0.6674  27.988249     5.1607     5.2310    -0.0194    95.4090 1.0000e-12  -74.17536 -113.34424  27.386481      99.87 1.0048e+02    340.956       8184  1028.9593  1028.9572    34.1655    34.1630    8.20009         25 0.0000e+00
    314.000    310.516    -0.6622  27.996634    -0.6614  27.994984     5.1012     5.1819    -0.0211    95.4235 1.0000e-12  -74.17536 -113.34424  27.386493      99.86 1.0048e+02    341.953       8208  1028.9652  1028.9627    34.1677    34.1647    8.19844         24 0.0000e+00
    315.000    311.502    -0.6335  28.024627    -0.6281  28.026066     4.9872     5.0801    -0.0208    95.4355 1.0000e-12  -74.17536 -113.34424  27.386504      99.86 1.0048e+02    342.951       8232  1028.9714  1028.9676    34.1725    34.1683    8.19195         23 0.0000e+00
    316.000    312.491    -0.5755  28.079602    -0.5672  28.083055     4.8976     4.9938    -0.0156    95.4488 1.0000e-12  -74.17536 -113.34424  27.386516      99.86 1.0048e+02    343.954       8256  1028.9782  1028.9737    34.1806    34.1759    8.17895         24 0.0000e+00
    317.000    313.478    -0.4502  28.197603    -0.4422  28.200342     4.8602     4.9501    -0.0082    95.4781 1.0000e-12  -74.17536 -113.34424  27.386527      99.86 1.0048e+02    344.955       8280  1028.9864  1028.9817    34.1973    34.1920    8.15101         24 0.0000e+00
    318.000    314.468    -0.4288  28.217000    -0.4261  28.216775     4.8471     4.9320    -0.0115    95.4750 1.0000e-12  -74.17536 -113.34424  27.386539      99.86 1.0048e+02    345.957       8304  1028.9912  1028.9883    34.1986    34.1952    8.14633         25 0.0000e+00
    319.000    315.455    -0.4250  28.220817    -0.4231  28.219968     4.8423     4.9274    -0.0071    95.4351 1.0000e-12  -74.17536 -113.34424  27.386551      99.86 1.0048e+02    346.969       8328  1028.9965  1028.9938    34.1988    34.1956    8.14550         24 0.0000e+00
    320.000    316.444    -0.4209  28.225278    -0.4187  28.224782     4.8455     4.9224    -0.0135    95.3895 1.0000e-12  -74.17536 -113.34424  27.386562      99.87 1.0048e+02    347.982       8353  1029.0021  1028.9994    34.1997    34.1964    8.14459         24 0.0000e+00
    321.000    317.430    -0.4133  28.232836    -0.4093  28.234304     4.8433     4.9170    -0.0064    95.3051 1.0000e-12  -74.17536 -113.34424  27.386574      99.86 1.0048e+02    348.989       8377  1029.0075  1029.0052    34.2006    34.1981    8.14290         24 0.0000e+00
    322.000    318.420    -0.4159  28.230806    -0.4150  28.228999     4.8349     4.9075    -0.0209    95.3060 1.0000e-12  -74.17536 -113.34424  27.386586      94.33 1.0048e+02    349.999       8401  1029.0125  1029.0098    34.2001    34.1967    8.14347         25 0.0000e+00
    323.000    319.407    -0.3993  28.248189    -0.3961  28.248137     4.8384     4.9080    -0.0139    95.3206 1.0000e-12  -74.17536 -113.34424  27.386597      98.71 1.0048e+02    351.002       8425  1029.0195  1029.0164    34.2042    34.2005    8.13969         24 0.0000e+00
    324.000    320.397    -0.3925  28.254999    -0.3905  28.254455     4.8412     4.9098    -0.0198    95.3178 1.0000e-12  -74.17536 -113.34424  27.386609      99.83 1.0048e+02    351.996       8449  1029.0248  1029.0223    34.2051    34.2021    8.13818         24 0.0000e+00
    325.000    321.383    -0.3933  28.254713    -0.3912  28.254245     4.8442     4.9055    -0.0085    95.2923 1.0000e-12  -74.17536 -113.34424  27.386620      99.87 1.0048e+02    353.006       8473  1029.0299  1029.0275    34.2050    34.2020    8.13836         24 0.0000e+00
    326.000    322.373    -0.3944  28.254522    -0.3922  28.254085     4.8485     4.9073    -0.0145    95.2780 1.0000e-12  -74.17536 -113.34424  27.386632      99.86 1.0048e+02    354.023       8498  1029.0354  1029.0328    34.2053    34.2023    8.13857         24 0.0000e+00
    327.000    323.360    -0.3900  28.260107    -0.3875  28.260057     4.8445     4.9151    -0.0163    95.2748 1.0000e-12  -74.17536 -113.34424  27.386644      99.86 1.0048e+02    355.033       8522  1029.0416  1029.0391    34.2073    34.2044    8.13752         24 0.0000e+00
    328.000    324.347    -0.3889  28.261742    -0.3866  28.261513     4.8460     4.9044    -0.0132    95.2512 1.0000e-12  -74.17536 -113.34424  27.386656      99.87 1.0048e+02    356.050       8546  1029.0467  1029.0443    34.2076    34.2048    8.13726         25 0.0000e+00
    329.000    325.336    -0.3856  28.265845    -0.3833  28.265387     4.8396     4.9029    -0.0153    95.2309 1.0000e-12  -74.17536 -113.34424  27.386667      99.87 1.0048e+02    357.060       8570  1029.0524  1029.0497    34.2088    34.2056    8.13649         24 0.0000e+00
    330.000    326.323    -0.3759  28.276566    -0.3751  28.274545     4.8389     4.9042    -0.0196    95.2501 1.0000e-12  -74.17536 -113.34424  27.386679      99.86 1.0048e+02    358.062       8594  1029.0588  1029.0560    34.2116    34.2081    8.13425         24 0.0000e+00
    331.000    327.312    -0.3679  28.285551    -0.3669  28.284327     4.8491     4.9054    -0.0189    95.2393 1.0000e-12  -74.17536 -113.34424  27.386691      99.86 1.0048e+02    359.067       8619  1029.0651  1029.0628    34.2141    34.2113    8.13241         25 0.0000e+00
    332.000    328.300    -0.3706  28.284110    -0.3686  28.283815     4.8526     4.9107    -0.0193    95.2257 1.0000e-12  -74.17536 -113.34424  27.386702      99.86 1.0048e+02    360.083       8643  1029.0707  1029.0684    34.2145    34.2119    8.13295         24 0.0000e+00
    333.000    329.290    -0.3720  28.283488    -0.3701  28.282956     4.8566     4.9132    -0.0183    95.2509 1.0000e-12  -74.17536 -113.34424  27.386714      99.86 1.0048e+02    361.102       8667  1029.0758  1029.0734    34.2147    34.2118    8.13324         25 0.0000e+00
    334.000    330.275    -0.3722  28.283712    -0.3703  28.283254     4.8541     4.9131    -0.0125    95.2353 1.0000e-12  -74.17536 -113.34424  27.386726      93.90 1.0048e+02    362.122       8692  1029.0807  1029.0783    34.2146    34.2119    8.13330         23 0.0000e+00
    335.000    331.266    -0.3723  28.284093    -0.3703  28.283632     4.8546     4.9104    -0.0109    95.2329 1.0000e-12  -74.17536 -113.34424  27.386738      86.93 1.0048e+02    363.126       8716  1029.0856  1029.0831    34.2147    34.2117    8.13331         25 0.0000e+00
    336.000    332.251    -0.3724  28.284373    -0.3704  28.283952     4.8569     4.9098    -0.0112    95.2174 1.0000e-12  -74.17536 -113.34424  27.386749      97.15 1.0048e+02    364.120       8740  1029.0903  1029.0880    34.2146    34.2118    8.13334         23 0.0000e+00
    337.000    333.240    -0.3721  28.285251    -0.3701  28.284687     4.8556     4.9046    -0.0107    95.2179 1.0000e-12  -74.17536 -113.34424  27.386761      99.88 1.0048e+02    365.111       8764  1029.0953  1029.0928    34.2147    34.2118    8.13326         24 0.0000e+00
    338.000    334.229    -0.3719  28.285823    -0.3703  28.285005     4.8519     4.9088    -0.0147    95.2341 1.0000e-12  -74.17536 -113.34424  27.386772      99.87 1.0048e+02    366.106       8788  1029.1000  1029.0976    34.2147    34.2118    8.13322         24 0.0000e+00
    339.000    335.217    -0.3723  28.286003    -0.3702  28.285508     4.8511     4.9094    -0.0144    95.2190 1.0000e-12  -74.17536 -113.34424  27.386784      99.86 1.0048e+02    367.107       8812  1029.1049  1029.1024    34.2147    34.2118    8.13330         24 0.0000e+00
    340.000    336.204    -0.3721  28.286620    -0.3701  28.286113     4.8533     4.9097    -0.0168    95.2144 1.0000e-12  -74.17536 -113.34424  27.386795      99.86 1.0048e+02    368.123       8836  1029.1098  1029.1074    34.2148    34.2119    8.13326         25 0.0000e+00
    341.000    337.193    -0.3716  28.287654    -0.3695  28.287265     4.8543     4.9096    -0.0153    95.1666 1.0000e-12  -74.17536 -113.34424  27.386807      99.87 1.0048e+02    369.141       8860  1029.1147  1029.1122    34.2149    34.2121    8.13313         24 0.0000e+00
    342.000    338.180    -0.3718  28.287705    -0.3689  28.288313     4.8470     4.9081    -0.0113    95.1902 1.0000e-12  -74.17536 -113.34424  27.386819      99.86 1.0048e+02    370.154       8885  1029.1193  1029.1171    34.2147    34.2123    8.13320         24 0.0000e+00
    343.000    339.169    -0.3704  28.290094    -0.3674  28.290815     4.8466     4.9092    -0.0123    95.2345 1.0000e-12  -74.17536 -113.34424  27.386831      99.86 1.0048e+02    371.156       8909  1029.1248  1029.1226    34.2158    34.2133    8.13285         24 0.0000e+00
    344.000    340.157    -0.3595  28.302847    -0.3576  28.302092     4.8393     4.9083    -0.0043    95.2380 1.0000e-12  -74.17536 -113.34424  27.386842      99.86 1.0048e+02    372.158       8933  1029.1320  1029.1293    34.2199    34.2167    8.13027         25 0.0000e+00
    345.000    341.144    -0.3531  28.310115    -0.3500  28.310907     4.8398     4.8972    -0.0102    95.2253 1.0000e-12  -74.17536 -113.34424  27.386854      99.86 1.0048e+02    373.158       8957  1029.1379  1029.1357    34.2219    34.2195    8.12880         23 0.0000e+00
    346.000    342.134    -0.3462  28.318597    -0.3450  28.316938     4.8418     4.8946    -0.0033    95.2134 1.0000e-12  -74.17536 -113.34424  27.386865      99.86 1.0048e+02    374.162       8981  1029.1445  1029.1415    34.2248    34.2212    8.12715         25 0.0000e+00
    347.000    343.119    -0.3352  28.331129    -0.3327  28.330998     4.8355     4.9015    -0.0022    95.2169 1.0000e-12  -74.17536 -113.34424  27.386877      99.86 1.0048e+02    375.188       9006  1029.1515  1029.1489    34.2285    34.2256    8.12458         24 0.0000e+00
    348.000    344.110    -0.3332  28.333670    -0.3306  28.333732     4.8331     4.8997    -0.0186    95.2430 1.0000e-12  -74.17536 -113.34424  27.386889      75.84 1.0048e+02    376.202       9030  1029.1566  1029.1541    34.2291    34.2263    8.12412         24 0.0000e+00
    349.000    345.097    -0.3304  28.337246    -0.3289  28.336172     4.8261     4.8870    -0.0206    95.2132 1.0000e-12  -74.17536 -113.34424  27.386901      94.08 1.0048e+02    377.212       9054  1029.1621  1029.1595    34.2302    34.2270    8.12348         25 0.0000e+00
    350.000    346.085    -0.3282  28.339847    -0.3262  28.339475     4.8253     4.8821    -0.0072    95.2115 1.0000e-12  -74.17536 -113.34424  27.386912      99.81 1.0048e+02    378.219       9078  1029.1670  1029.1647    34.2305    34.2278    8.12297         24 0.0000e+00
    351.000    347.071    -0.3266  28.342017    -0.3235  28.342659     4.8279     4.8861    -0.0023    95.2331 1.0000e-12  -74.17536 -113.34424  27.386924      99.86 1.0065e+02    379.215       9102  1029.1721  1029.1699    34.2310    34.2284    8.12260         23 0.0000e+00
    352.000    348.062    -0.3259  28.342906    -0.3240  28.342503     4.8260     4.8902    -0.0072    95.2373 1.0000e-12  -74.17536 -113.34424  27.386935      99.87 1.0093e+02    380.204       9126  1029.1768  1029.1745    34.2309    34.2282    8.12248         24 0.0000e+00
    353.000    349.048    -0.3258  28.343663    -0.3238  28.343194     4.8232     4.8880    -0.0149    95.2318 1.0000e-12  -74.17536 -113.34426  27.386947      99.87 1.0085e+02    381.207       9150  1029.1818  1029.1794    34.2311    34.2283    8.12242         24 0.0000e+00
    354.000    350.036    -0.3210  28.349062    -0.3192  28.348445     4.8256     4.8848    -0.0157    95.2209 1.0000e-12  -74.17536 -113.34424  27.386958      99.86 1.0070e+02    382.210       9174  1029.1873  1029.1849    34.2324    34.2295    8.12134         24 0.0000e+00
    355.000    351.025    -0.3158  28.355080    -0.3144  28.353960     4.8251     4.8793    -0.0114    95.2247 1.0000e-12  -74.17536 -113.34426  27.386970      99.86 1.0112e+02    383.227       9198  1029.1929  1029.1904    34.2339    34.2309    8.12013         25 0.0000e+00
    356.000    352.013    -0.3141  28.357691    -0.3112  28.358179     4.8239     4.8810    -0.0100    95.2144 1.0000e-12  -74.17536 -113.34424  27.386982      99.86 1.0091e+02    384.246       9223  1029.1984  1029.1961    34.2349    34.2323    8.11971         25 0.0000e+00
