ocean_section_plots/required_files/ctd/dnbp2202_ctd124.cnv
* Sea-Bird SBE 9 Data File:
* FileName = D:\Data\raw\NBP2202_CTD124.hex
* Software Version Seasave V 7.26.7.121
* Temperature SN = 1649
* Conductivity SN = 2513
* Number of Bytes Per Scan = 40
* Number of Voltage Words = 5
* Number of Scans Averaged by the Deck Unit = 1
* NMEA Latitude = 74 10.52 S
* NMEA Longitude = 113 20.65 W
* NMEA UTC (Time) = Jan 27 2022  12:17:19
* NMEA baud rate = 9600
** Ship: RVIB N.B. Palmer
** Cruise: NBP2202 Thwaites
** Station: YoYo001
** Operator: B. Bjork
# nquan = 25
# nvalues = 608                         
# units = specified
# name 0 = prDM: Pressure, Digiquartz [db]
# name 1 = depSM: Depth [salt water, m]
# name 2 = t090C: Temperature [ITS-90, deg C]
# name 3 = c0mS/cm: Conductivity [mS/cm]
# name 4 = t190C: Temperature, 2 [ITS-90, deg C]
# name 5 = c1mS/cm: Conductivity, 2 [mS/cm]
# name 6 = sbeox0ML/L: Oxygen, SBE 43 [ml/l]
# name 7 = sbeox1ML/L: Oxygen, SBE 43, 2 [ml/l]
# name 8 = flECO-AFL: Fluorescence, WET Labs ECO-AFL/FL [mg/m^3]
# name 9 = CStarTr0: Beam Transmission, WET Labs C-Star [%]
# name 10 = par: PAR/Irradiance, Biospherical/Licor
# name 11 = latitude: Latitude [deg]
# name 12 = longitude: Longitude [deg]
# name 13 = timeJ: Julian Days
# name 14 = altM: Altimeter [m]
# name 15 = spar: SPAR, Biospherical/Licor
# name 16 = timeS: Time, Elapsed [seconds]
# name 17 = scan: Scan Count
# name 18 = density00: Density [density, kg/m^3]
# name 19 = density11: Density, 2 [density, kg/m^3]
# name 20 = sal00: Salinity, Practical [PSU]
# name 21 = sal11: Salinity, Practical, 2 [PSU]
# name 22 = oxsolML/L: Oxygen Saturation, Garcia & Gordon [ml/l]
# name 23 = nbin: number of scans per bin
# name 24 = flag: flag
# span 0 =     10.000,    617.000       
# span 1 =      9.896,    609.707       
# span 2 =    -1.4573,     0.0822       
# span 3 =  27.038268,  28.902981       
# span 4 =    -1.4561,     0.0846       
# span 5 =  27.037359,  28.902912       
# span 6 =     4.6819,     8.2755       
# span 7 =     4.7304,     8.3424       
# span 8 =    -0.0224,    24.0178       
# span 9 =    70.5113,    95.6281       
# span 10 = 1.0000e-12, 5.0373e+00      
# span 11 =  -74.17536,  -74.17536      
# span 12 = -113.34426, -113.34422      
# span 13 =  27.512453,  27.520274      
# span 14 =       7.00,     100.40      
# span 15 = 2.0273e+02, 2.3224e+02      
# span 16 =     36.933,    712.658      
# span 17 =        887,      17105      
# span 18 =  1027.2273,  1030.5176      
# span 19 =  1027.2258,  1030.5155      
# span 20 =    33.7949,    34.3790      
# span 21 =    33.7930,    34.3763      
# span 22 =    8.02782,    8.38973      
# span 23 =         18,         46      
# span 24 = 0.0000e+00, 0.0000e+00      
# interval = decibars: 1                
# start_time = Jan 27 2022 12:17:19 [NMEA time, header]
# bad_flag = -9.990e-29
*END*
[from data line 406]
    416.000    411.281    -0.1401  28.573185    -0.1380  28.572701     4.7529     4.8043    -0.0090    95.2416 1.0000e-12  -74.17536 -113.34424  27.517425      99.86 2.0273e+02    466.558      11198  1029.5163  1029.5138    34.2907    34.2877    8.07958         24 0.0000e+00
    417.000    412.270    -0.1424  28.571618    -0.1391  28.572269     4.7523     4.8044    -0.0105    95.2056 1.0000e-12  -74.17536 -113.34424  27.517437      99.87 2.0273e+02    467.525      11222  1029.5214  1029.5189    34.2906    34.2878    8.08008         23 0.0000e+00
    418.000    413.255    -0.1418  28.573346    -0.1397  28.572804     4.7481     4.8058    -0.0153    95.2173 1.0000e-12  -74.17536 -113.34424  27.517448      99.87 2.0273e+02    468.499      11245  1029.5270  1029.5244    34.2917    34.2886    8.07989         23 0.0000e+00
    419.000    414.245    -0.1380  28.577459    -0.1364  28.576407     4.7458     4.8045    -0.0172    95.1877 1.0000e-12  -74.17536 -113.34424  27.517459      99.86 2.0273e+02    469.485      11269  1029.5320  1029.5293    34.2923    34.2890    8.07906         24 0.0000e+00
    420.000    415.231    -0.1359  28.579783    -0.1335  28.579391     4.7488     4.7978    -0.0171    95.1957 1.0000e-12  -74.17536 -113.34424  27.517471      99.86 2.0273e+02    470.487      11293  1029.5367  1029.5341    34.2923    34.2892    8.07859         25 0.0000e+00
    421.000    416.219    -0.1352  28.580891    -0.1340  28.579551     4.7472     4.8033    -0.0181    95.1829 1.0000e-12  -74.17536 -113.34424  27.517483      99.87 2.0273e+02    471.494      11317  1029.5417  1029.5391    34.2925    34.2894    8.07845         24 0.0000e+00
    422.000    417.207    -0.1351  28.581489    -0.1318  28.582002     4.7420     4.7952    -0.0131    95.1726 1.0000e-12  -74.17536 -113.34424  27.517494      99.87 2.0273e+02    472.493      11341  1029.5465  1029.5439    34.2926    34.2896    8.07842         23 0.0000e+00
    423.000    418.195    -0.1292  28.587593    -0.1275  28.586693     4.7428     4.7946    -0.0089    95.1610 1.0000e-12  -74.17536 -113.34424  27.517506      99.86 2.0273e+02    473.484      11365  1029.5516  1029.5490    34.2935    34.2903    8.07713         24 0.0000e+00
    424.000    419.182    -0.1290  28.588160    -0.1268  28.587794     4.7462     4.7987    -0.0095    95.1568 1.0000e-12  -74.17536 -113.34424  27.517517      98.00 2.0273e+02    474.471      11388  1029.5563  1029.5538    34.2934    34.2905    8.07709         24 0.0000e+00
    425.000    420.170    -0.1283  28.589335    -0.1261  28.588858     4.7423     4.7902    -0.0104    95.1379 1.0000e-12  -74.17536 -113.34424  27.517528      97.63 2.0273e+02    475.458      11412  1029.5612  1029.5586    34.2936    34.2905    8.07692         24 0.0000e+00
    426.000    421.157    -0.1254  28.593014    -0.1234  28.592338     4.7438     4.7946    -0.0093    95.1679 1.0000e-12  -74.17536 -113.34424  27.517540      99.85 2.0273e+02    476.452      11436  1029.5666  1029.5640    34.2946    34.2915    8.07626         23 0.0000e+00
    427.000    422.145    -0.1245  28.594937    -0.1233  28.593386     4.7436     4.7990    -0.0163    95.1729 1.0000e-12  -74.17536 -113.34424  27.517551      99.87 2.0273e+02    477.444      11460  1029.5721  1029.5693    34.2955    34.2922    8.07601         24 0.0000e+00
    428.000    423.132    -0.1208  28.599840    -0.1195  28.598391     4.7436     4.7986    -0.0168    95.1707 1.0000e-12  -74.17536 -113.34424  27.517563      99.86 2.0273e+02    478.435      11483  1029.5780  1029.5752    34.2973    34.2939    8.07513         24 0.0000e+00
    429.000    424.121    -0.1191  28.602098    -0.1170  28.601621     4.7435     4.7968    -0.0169    95.1506 1.0000e-12  -74.17536 -113.34424  27.517574      99.86 2.0273e+02    479.424      11507  1029.5830  1029.5805    34.2978    34.2948    8.07474         24 0.0000e+00
    430.000    425.108    -0.1188  28.602959    -0.1169  28.602390     4.7473     4.7900    -0.0116    95.1690 1.0000e-12  -74.17536 -113.34424  27.517586      99.86 2.0273e+02    480.407      11531  1029.5879  1029.5856    34.2980    34.2952    8.07467         23 0.0000e+00
    431.000    426.095    -0.1213  28.600856    -0.1189  28.601019     4.7488     4.7897    -0.0110    95.1418 1.0000e-12  -74.17536 -113.34424  27.517597      99.86 2.0273e+02    481.395      11554  1029.5925  1029.5903    34.2974    34.2950    8.07522         24 0.0000e+00
    432.000    427.085    -0.1213  28.601774    -0.1196  28.600830     4.7494     4.7988    -0.0125    95.1345 1.0000e-12  -74.17536 -113.34424  27.517609      99.87 2.0273e+02    482.374      11578  1029.5978  1029.5952    34.2981    34.2950    8.07520         23 0.0000e+00
    433.000    428.071    -0.1202  28.603252    -0.1175  28.603322     4.7470     4.7975    -0.0147    95.1525 1.0000e-12  -74.17536 -113.34424  27.517620      99.86 2.0273e+02    483.354      11602  1029.6025  1029.6000    34.2982    34.2953    8.07495         24 0.0000e+00
    434.000    429.056    -0.1166  28.607965    -0.1146  28.607294     4.7500     4.7980    -0.0096    95.1624 1.0000e-12  -74.17536 -113.34424  27.517631      99.86 2.0273e+02    484.330      11625  1029.6083  1029.6057    34.2998    34.2967    8.07410         23 0.0000e+00
    435.000    430.048    -0.1140  28.611786    -0.1118  28.611559     4.7480     4.7985    -0.0106    95.1759 1.0000e-12  -74.17536 -113.34424  27.517642      99.86 2.0273e+02    485.295      11648  1029.6141  1029.6117    34.3014    34.2986    8.07346         23 0.0000e+00
    436.000    431.033    -0.1113  28.616362    -0.1092  28.615900     4.7480     4.7996    -0.0162    95.1644 1.0000e-12  -74.17536 -113.34424  27.517653      88.51 2.0273e+02    486.264      11671  1029.6206  1029.6181    34.3038    34.3009    8.07275         24 0.0000e+00
    437.000    432.021    -0.1095  28.619180    -0.1074  28.618509     4.7520     4.7982    -0.0169    95.1692 1.0000e-12  -74.17536 -113.34424  27.517665      78.13 2.0273e+02    487.247      11695  1029.6261  1029.6234    34.3050    34.3018    8.07230         23 0.0000e+00
    438.000    433.009    -0.1065  28.622977    -0.1041  28.622732     4.7498     4.7968    -0.0113    95.1642 1.0000e-12  -74.17536 -113.34424  27.517676      86.12 2.0273e+02    488.236      11719  1029.6315  1029.6289    34.3061    34.3031    8.07161         24 0.0000e+00
    439.000    433.995    -0.1037  28.626206    -0.1017  28.625599     4.7512     4.7942    -0.0095    95.1675 1.0000e-12  -74.17536 -113.34424  27.517688      97.88 2.0273e+02    489.234      11743  1029.6365  1029.6340    34.3066    34.3036    8.07099         24 0.0000e+00
    440.000    434.983    -0.1026  28.627642    -0.1005  28.627279     4.7494     4.7972    -0.0092    95.1771 1.0000e-12  -74.17536 -113.34424  27.517699      99.85 2.0273e+02    490.223      11766  1029.6413  1029.6388    34.3067    34.3038    8.07076         24 0.0000e+00
    441.000    435.973    -0.1022  28.628679    -0.1000  28.628487     4.7405     4.7970    -0.0131    95.1682 1.0000e-12  -74.17536 -113.34424  27.517711      99.86 2.0273e+02    491.196      11790  1029.6462  1029.6439    34.3070    34.3043    8.07065         23 0.0000e+00
    442.000    436.958    -0.1017  28.629799    -0.0994  28.629673     4.7385     4.7895    -0.0106    95.1558 1.0000e-12  -74.17536 -113.34424  27.517722      99.86 2.0334e+02    492.160      11813  1029.6513  1029.6489    34.3074    34.3046    8.07053         23 0.0000e+00
    443.000    437.945    -0.1006  28.631436    -0.0987  28.631014     4.7434     4.7911    -0.0029    95.1794 1.0000e-12  -74.17536 -113.34424  27.517733      99.86 2.0357e+02    493.130      11836  1029.6562  1029.6539    34.3077    34.3050    8.07027         23 0.0000e+00
    444.000    438.936    -0.1001  28.632477    -0.0979  28.632225     4.7468     4.7941    -0.0090    95.1717 1.0000e-12  -74.17536 -113.34424  27.517744      99.87 2.0368e+02    494.117      11860  1029.6610  1029.6587    34.3079    34.3051    8.07015         24 0.0000e+00
    445.000    439.920    -0.0995  28.633373    -0.0963  28.634232     4.7406     4.7949    -0.0095    95.1609 1.0000e-12  -74.17536 -113.34424  27.517756      99.86 2.0361e+02    495.117      11884  1029.6658  1029.6635    34.3078    34.3054    8.07003         24 0.0000e+00
    446.000    440.910    -0.0991  28.634520    -0.0971  28.633937     4.7453     4.7959    -0.0083    95.1502 1.0000e-12  -74.17536 -113.34424  27.517768      99.86 2.0383e+02    496.118      11908  1029.6708  1029.6683    34.3083    34.3053    8.06992         24 0.0000e+00
    447.000    441.895    -0.1013  28.632626    -0.0993  28.632212     4.7403     4.7976    -0.0153    95.1579 1.0000e-12  -74.17536 -113.34424  27.517779      99.87 2.0390e+02    497.108      11932  1029.6753  1029.6730    34.3077    34.3049    8.07043         24 0.0000e+00
    448.000    442.886    -0.1023  28.632448    -0.1001  28.632058     4.7492     4.7982    -0.0115    95.1792 1.0000e-12  -74.17536 -113.34424  27.517790      99.86 2.0372e+02    498.083      11955  1029.6803  1029.6779    34.3080    34.3050    8.07062         23 0.0000e+00
    449.000    443.871    -0.1009  28.634559    -0.0986  28.634521     4.7524     4.7991    -0.0101    95.1857 1.0000e-12  -74.17536 -113.34424  27.517802      99.86 2.0427e+02    499.056      11978  1029.6855  1029.6833    34.3086    34.3060    8.07029         24 0.0000e+00
    450.000    444.859    -0.1007  28.635508    -0.0985  28.635157     4.7452     4.7980    -0.0090    95.1672 1.0000e-12  -74.17536 -113.34424  27.517813      99.87 2.0441e+02    500.027      12002  1029.6905  1029.6881    34.3090    34.3061    8.07021         23 0.0000e+00
    451.000    445.847    -0.1008  28.635809    -0.0989  28.635422     4.7421     4.7979    -0.0101    95.1632 1.0000e-12  -74.17536 -113.34424  27.517824      89.44 2.0449e+02    501.012      12025  1029.6953  1029.6930    34.3090    34.3064    8.07025         24 0.0000e+00
    452.000    446.833    -0.1014  28.636584    -0.0991  28.636374     4.7425     4.7987    -0.0101    95.1557 1.0000e-12  -74.17536 -113.34424  27.517836      98.68 2.0449e+02    502.016      12049  1029.7009  1029.6985    34.3101    34.3072    8.07031         24 0.0000e+00
    453.000    447.823    -0.1015  28.638418    -0.0992  28.638260     4.7490     4.8016    -0.0095    95.1385 1.0000e-12  -74.17536 -113.34424  27.517848      99.87 2.0449e+02    503.025      12074  1029.7072  1029.7049    34.3120    34.3092    8.07022         24 0.0000e+00
    454.000    448.808    -0.0989  28.643039    -0.0965  28.643133     4.7534     4.8001    -0.0098    95.1621 1.0000e-12  -74.17536 -113.34424  27.517859      99.87 2.0449e+02    504.019      12097  1029.7139  1029.7116    34.3147    34.3121    8.06953         24 0.0000e+00
    455.000    449.796    -0.0974  28.645574    -0.0959  28.644568     4.7401     4.7988    -0.0093    95.1369 1.0000e-12  -74.17536 -113.34424  27.517870      99.87 2.0449e+02    504.992      12121  1029.7193  1029.7168    34.3157    34.3127    8.06915         23 0.0000e+00
    456.000    450.784    -0.0968  28.647295    -0.0947  28.646840     4.7369     4.7917    -0.0096    95.1367 1.0000e-12  -74.17536 -113.34424  27.517881      99.86 2.0449e+02    505.952      12144  1029.7249  1029.7223    34.3168    34.3138    8.06897         23 0.0000e+00
    457.000    451.772    -0.0942  28.650863    -0.0923  28.650465     4.7374     4.7940    -0.0102    95.1212 1.0000e-12  -74.17536 -113.34424  27.517892      99.86 2.0449e+02    506.910      12167  1029.7304  1029.7280    34.3180    34.3153    8.06835         23 0.0000e+00
    458.000    452.759    -0.0959  28.649712    -0.0936  28.649736     4.7389     4.7929    -0.0035    95.1022 1.0000e-12  -74.17536 -113.34424  27.517904      99.86 2.0449e+02    507.887      12190  1029.7350  1029.7328    34.3178    34.3152    8.06871         24 0.0000e+00
    459.000    453.746    -0.0973  28.648604    -0.0953  28.648298     4.7428     4.7887    -0.0122    95.0776 1.0000e-12  -74.17536 -113.34424  27.517915      99.86 2.0449e+02    508.888      12214  1029.7396  1029.7373    34.3173    34.3147    8.06904         24 0.0000e+00
    460.000    454.734    -0.0979  28.648531    -0.0958  28.648188     4.7385     4.7843    -0.0174    95.0625 1.0000e-12  -74.17536 -113.34424  27.517927      99.86 2.0449e+02    509.889      12238  1029.7443  1029.7419    34.3172    34.3144    8.06916         24 0.0000e+00
    461.000    455.722    -0.0975  28.649591    -0.0952  28.649254     4.7487     4.7915    -0.0166    95.0651 1.0000e-12  -74.17536 -113.34424  27.517938      99.86 2.0449e+02    510.874      12262  1029.7493  1029.7467    34.3176    34.3146    8.06906         23 0.0000e+00
    462.000    456.708    -0.0970  28.650379    -0.0949  28.650208     4.7418     4.7882    -0.0156    95.0539 1.0000e-12  -74.17536 -113.34424  27.517950      99.87 2.0449e+02    511.843      12285  1029.7539  1029.7516    34.3175    34.3149    8.06896         24 0.0000e+00
    463.000    457.697    -0.0972  28.650659    -0.0944  28.651001     4.7381     4.7839    -0.0141    95.0574 1.0000e-12  -74.17536 -113.34424  27.517961      99.87 2.0540e+02    512.798      12308  1029.7587  1029.7563    34.3175    34.3149    8.06901         22 0.0000e+00
    464.000    458.683    -0.0966  28.651803    -0.0940  28.651942     4.7577     4.7917    -0.0019    95.0482 1.0000e-12  -74.17536 -113.34424  27.517972      79.78 2.0495e+02    513.757      12331  1029.7635  1029.7611    34.3177    34.3150    8.06885         23 0.0000e+00
    465.000    459.671    -0.0990  28.648988    -0.0968  28.649093     4.7401     4.7930    -0.0102    95.0256 1.0000e-12  -74.17536 -113.34424  27.517983      95.52 2.0478e+02    514.741      12355  1029.7672  1029.7651    34.3161    34.3138    8.06946         24 0.0000e+00
    466.000    460.658    -0.1025  28.645536    -0.1006  28.645136     4.7375     4.7985    -0.0092    95.0389 1.0000e-12  -74.17536 -113.34424  27.517995      99.90 2.0486e+02    515.739      12379  1029.7712  1029.7689    34.3149    34.3122    8.07028         24 0.0000e+00
    467.000    461.646    -0.1032  28.645000    -0.1010  28.644989     4.7500     4.7982    -0.0159    95.0219 1.0000e-12  -74.17536 -113.34424  27.518006      99.86 2.0520e+02    516.744      12403  1029.7756  1029.7734    34.3144    34.3119    8.07045         25 0.0000e+00
    468.000    462.633    -0.1009  28.648253    -0.0992  28.647508     4.7417     4.7948    -0.0115    95.0393 1.0000e-12  -74.17536 -113.34424  27.518018      99.86 2.0564e+02    517.748      12427  1029.7810  1029.7785    34.3155    34.3126    8.06990         23 0.0000e+00
    469.000    463.621    -0.1017  28.647792    -0.0997  28.647434     4.7445     4.7896    -0.0114    95.0345 1.0000e-12  -74.17536 -113.34424  27.518029      99.86 2.0501e+02    518.729      12450  1029.7855  1029.7832    34.3152    34.3125    8.07008         24 0.0000e+00
    470.000    464.608    -0.1009  28.649272    -0.0992  28.648538     4.7391     4.7913    -0.0049    95.0337 1.0000e-12  -74.17536 -113.34424  27.518041      99.87 2.0572e+02    519.702      12474  1029.7906  1029.7882    34.3157    34.3128    8.06989         23 0.0000e+00
    471.000    465.596    -0.1022  28.648506    -0.1001  28.648251     4.7413     4.7932    -0.0052    95.0427 1.0000e-12  -74.17536 -113.34424  27.518052      99.86 2.0602e+02    520.671      12497  1029.7952  1029.7929    34.3155    34.3128    8.07017         23 0.0000e+00
    472.000    466.582    -0.1018  28.649409    -0.0992  28.649586     4.7387     4.7957    -0.0102    95.0344 1.0000e-12  -74.17536 -113.34424  27.518063      99.86 2.0626e+02    521.652      12521  1029.8000  1029.7977    34.3156    34.3130    8.07007         24 0.0000e+00
