ocean_section_plots/required_files/ctd/dnbp2202_ctd031.cnv
* Sea-Bird SBE 9 Data File:
* FileName = D:\Data\raw\NBP2202_CTD031.hex
* Software Version Seasave V 7.26.7.121
* Temperature SN = 1649
* Conductivity SN = 2513
* Number of Bytes Per Scan = 40
* Number of Voltage Words = 5
* Number of Scans Averaged by the Deck Unit = 1
* NMEA Latitude = 74 13.30 S
* NMEA Longitude = 112 00.06 W
* NMEA UTC (Time) = Jan 21 2022  12:49:24
* NMEA baud rate = 9600
** Ship: RVIB N.B. Palmer
** Cruise: NBP2202 Thwaites
** Station: 18
** Operator: B. Bjork
# nquan = 25
# nvalues = 767                         
# units = specified
# name 0 = prDM: Pressure, Digiquartz [db]
# name 1 = depSM: Depth [salt water, m]
# name 2 = t090C: Temperature [ITS-90, deg C]
# name 3 = c0mS/cm: Conductivity [mS/cm]
# name 4 = t190C: Temperature, 2 [ITS-90, deg C]
# name 5 = c1mS/cm: Conductivity, 2 [mS/cm]
# name 6 = sbeox0ML/L: Oxygen, SBE 43 [ml/l]
# name 7 = sbeox1ML/L: Oxygen, SBE 43, 2 [ml/l]
# name 8 = flECO-AFL: Fluorescence, WET Labs ECO-AFL/FL [mg/m^3]
# name 9 = CStarTr0: Beam Transmission, WET Labs C-Star [%]
# name 10 = par: PAR/Irradiance, Biospherical/Licor
# name 11 = latitude: Latitude [deg]
# name 12 = longitude: Longitude [deg]
# name 13 = timeJ: Julian Days
# name 14 = altM: Altimeter [m]
# name 15 = spar: SPAR, Biospherical/Licor
# name 16 = timeS: Time, Elapsed [seconds]
# name 17 = scan: Scan Count
# name 18 = density00: Density [density, kg/m^3]
# name 19 = density11: Density, 2 [density, kg/m^3]
# name 20 = sal00: Salinity, Practical [PSU]
# name 21 = sal11: Salinity, Practical, 2 [PSU]
# name 22 = oxsolML/L: Oxygen Saturation, Garcia & Gordon [ml/l]
# name 23 = nbin: number of scans per bin
# name 24 = flag: flag
# span 0 =      2.000,    768.000       
# span 1 =      1.983,    758.645       
# span 2 =    -1.5209,     0.3441       
# span 3 =  27.088564,  29.300054       
# span 4 =    -1.5201,     0.3463       
# span 5 =  27.088201,  29.299807       
# span 6 =     4.6594,     7.8993       
# span 7 =     4.8899,     8.2569       
# span 8 =    -0.0216,    16.2521       
# span 9 =    77.9180,    97.2916       
# span 10 = -2.027e-05, 9.4072e+01      
# span 11 =  -74.22174,  -74.22172      
# span 12 = -112.00104, -112.00102      
# span 13 =  21.536644,  21.549319      
# span 14 =       7.81,      99.97      
# span 15 = 1.4639e+03, 1.5220e+03      
# span 16 =    202.059,   1297.194      
# span 17 =       4850,      31134      
# span 18 =  1027.1892,  1031.3089      
# span 19 =  1027.1925,  1031.3063      
# span 20 =    33.7900,    34.5020      
# span 21 =    33.7932,    34.4993      
# span 22 =    7.96650,    8.39965      
# span 23 =         26,         57      
# span 24 = 0.0000e+00, 0.0000e+00      
# interval = decibars: 1                
# start_time = Jan 21 2022 12:49:24 [NMEA time, header]
# bad_flag = -9.990e-29
*END*
[from data line 638]
    640.000    632.398     0.3177  29.216412     0.3201  29.216160     4.6766     4.9102    -0.0004    97.0978 1.0000e-12  -74.22174 -112.00104  21.547042      99.84 1.5090e+03   1100.429      26411  1030.7054  1030.7028    34.4949    34.4920    7.97235         28 0.0000e+00
    641.000    633.385     0.3180  29.217119     0.3201  29.216490     4.6783     4.9120    -0.0004    97.0963 1.0000e-12  -74.22174 -112.00104  21.547055      99.84 1.5090e+03   1101.578      26439  1030.7101  1030.7074    34.4950    34.4918    7.97229         27 0.0000e+00
    642.000    634.370     0.3170  29.216412     0.3195  29.216270     4.6777     4.9129    -0.0004    97.1005 1.0000e-12  -74.22174 -112.00104  21.547069      99.84 1.5090e+03   1102.727      26466  1030.7146  1030.7120    34.4946    34.4916    7.97252         28 0.0000e+00
    643.000    635.359     0.3208  29.221339     0.3229  29.220690     4.6764     4.9133    -0.0004    97.0813 1.0000e-12  -74.22174 -112.00104  21.547082      99.84 1.5090e+03   1103.862      26494  1030.7202  1030.7175    34.4961    34.4930    7.97163         27 0.0000e+00
    644.000    636.344     0.3206  29.221193     0.3219  29.219906     4.6790     4.9131    -0.0015    97.1038 1.0000e-12  -74.22174 -112.00104  21.547095      74.07 1.5098e+03   1104.993      26521  1030.7246  1030.7220    34.4957    34.4925    7.97172         27 0.0000e+00
    645.000    637.330     0.3131  29.213040     0.3144  29.211839     4.6767     4.9138     0.0035    97.1189 1.0000e-12  -74.22174 -112.00104  21.547108      85.65 1.5095e+03   1106.145      26548  1030.7277  1030.7252    34.4927    34.4897    7.97342         28 0.0000e+00
    646.000    638.317     0.3120  29.212371     0.3143  29.211947     4.6766     4.9168     0.0012    97.0961 1.0000e-12  -74.22174 -112.00104  21.547122      99.47 1.5106e+03   1107.301      26576  1030.7323  1030.7297    34.4925    34.4894    7.97366         27 0.0000e+00
    647.000    639.305     0.3124  29.213204     0.3147  29.212883     4.6748     4.9094    -0.0007    97.0913 1.0000e-12  -74.22174 -112.00102  21.547135      99.85 1.5109e+03   1108.456      26604  1030.7370  1030.7344    34.4926    34.4896    7.97357         28 0.0000e+00
    648.000    640.291     0.3130  29.214228     0.3153  29.213815     4.6797     4.9142     0.0109    97.0803 1.0000e-12  -74.22174 -112.00103  21.547148      99.84 1.5120e+03   1109.604      26632  1030.7417  1030.7391    34.4927    34.4896    7.97345         28 0.0000e+00
    649.000    641.276     0.3124  29.214036     0.3147  29.213785     4.6779     4.9088     0.0082    97.0840 1.0000e-12  -74.22174 -112.00103  21.547162      99.84 1.5124e+03   1110.766      26659  1030.7463  1030.7438    34.4926    34.4896    7.97359         28 0.0000e+00
    650.000    642.265     0.3127  29.214863     0.3151  29.214604     4.6813     4.9109     0.0002    97.0748 1.0000e-12  -74.22174 -112.00103  21.547175      99.84 1.5126e+03   1111.929      26687  1030.7511  1030.7485    34.4927    34.4896    7.97351         28 0.0000e+00
    651.000    643.250     0.3131  29.215600     0.3155  29.215508     4.6756     4.9124     0.0066    97.0721 1.0000e-12  -74.22174 -112.00104  21.547189      99.84 1.5135e+03   1113.095      26715  1030.7558  1030.7533    34.4927    34.4898    7.97344         28 0.0000e+00
    652.000    644.237     0.3137  29.216830     0.3165  29.216946     4.6727     4.9129     0.0143    97.0744 1.0000e-12  -74.22174 -112.00102  21.547202      99.85 1.5123e+03   1114.248      26743  1030.7607  1030.7581    34.4930    34.4901    7.97329         27 0.0000e+00
    653.000    645.223     0.3143  29.217797     0.3167  29.217610     4.6721     4.9131     0.0137    97.0927 1.0000e-12  -74.22174 -112.00104  21.547215      99.84 1.5128e+03   1115.386      26770  1030.7653  1030.7628    34.4930    34.4901    7.97317         27 0.0000e+00
    654.000    646.210     0.3143  29.218262     0.3172  29.218600     4.6751     4.9135     0.0069    97.0779 1.0000e-12  -74.22174 -112.00102  21.547228      99.84 1.5119e+03   1116.539      26798  1030.7700  1030.7675    34.4930    34.4903    7.97316         29 0.0000e+00
    655.000    647.198     0.3136  29.217850     0.3158  29.217492     4.6775     4.9077     0.0053    97.0336 1.0000e-12  -74.22174 -112.00102  21.547242      99.84 1.5124e+03   1117.702      26826  1030.7745  1030.7720    34.4927    34.4897    7.97333         27 0.0000e+00
    656.000    648.182     0.3137  29.218453     0.3158  29.218011     4.6731     4.9067    -0.0007    97.0583 1.0000e-12  -74.22174 -112.00102  21.547255      82.29 1.5117e+03   1118.875      26854  1030.7793  1030.7767    34.4928    34.4898    7.97330         29 0.0000e+00
    657.000    649.170     0.3134  29.218621     0.3157  29.218247     4.6722     4.9091     0.0017    97.0620 1.0000e-12  -74.22174 -112.00102  21.547269      95.57 1.5130e+03   1120.034      26882  1030.7839  1030.7813    34.4927    34.4897    7.97336         27 0.0000e+00
    658.000    650.155     0.3137  29.219317     0.3159  29.218895     4.6757     4.9129     0.0099    97.0517 1.0000e-12  -74.22174 -112.00102  21.547282      99.87 1.5142e+03   1121.194      26910  1030.7887  1030.7860    34.4928    34.4898    7.97330         28 0.0000e+00
    659.000    651.143     0.3139  29.219966     0.3162  29.219699     4.6767     4.9114     0.0077    97.0795 1.0000e-12  -74.22174 -112.00102  21.547296      99.84 1.5143e+03   1122.360      26938  1030.7933  1030.7908    34.4928    34.4899    7.97326         28 0.0000e+00
    660.000    652.128     0.3139  29.220371     0.3162  29.220031     4.6730     4.9122     0.0104    97.0934 1.0000e-12  -74.22174 -112.00102  21.547310      99.84 1.5143e+03   1123.540      26966  1030.7979  1030.7954    34.4927    34.4898    7.97325         28 0.0000e+00
    661.000    653.116     0.3141  29.220954     0.3163  29.220683     4.6717     4.9117     0.0175    97.0839 1.0000e-12  -74.22174 -112.00102  21.547323      99.85 1.5144e+03   1124.702      26994  1030.8027  1030.8002    34.4928    34.4899    7.97322         28 0.0000e+00
    662.000    654.103     0.3133  29.220569     0.3158  29.220437     4.6744     4.9034     0.0143    97.0665 1.0000e-12  -74.22174 -112.00102  21.547336      99.84 1.5148e+03   1125.854      27021  1030.8073  1030.8047    34.4926    34.4896    7.97340         28 0.0000e+00
    663.000    655.088     0.3165  29.224750     0.3190  29.224560     4.6769     4.9053     0.0093    97.0820 1.0000e-12  -74.22174 -112.00102  21.547350      99.84 1.5151e+03   1127.010      27049  1030.8127  1030.8100    34.4939    34.4908    7.97266         28 0.0000e+00
    664.000    656.075     0.3200  29.229339     0.3221  29.228702     4.6774     4.9088     0.0124    97.0868 1.0000e-12  -74.22174 -112.00102  21.547363      86.27 1.5148e+03   1128.168      27077  1030.8183  1030.8156    34.4954    34.4923    7.97185         27 0.0000e+00
    665.000    657.061     0.3194  29.229083     0.3207  29.227569     4.6770     4.9123     0.0197    97.0712 1.0000e-12  -74.22174 -112.00102  21.547376      43.32 1.5148e+03   1129.304      27104  1030.8228  1030.8200    34.4951    34.4917    7.97198         28 0.0000e+00
    666.000    658.048     0.3161  29.225727     0.3186  29.225473     4.6768     4.9099     0.0038    97.0910 1.0000e-12  -74.22174 -112.00102  21.547389      83.52 1.5143e+03   1130.430      27131  1030.8268  1030.8241    34.4939    34.4908    7.97274         27 0.0000e+00
    667.000    659.036     0.3209  29.231902     0.3220  29.229941     4.6773     4.9095     0.0119    97.0822 1.0000e-12  -74.22174 -112.00103  21.547402      52.58 1.5143e+03   1131.557      27158  1030.8328  1030.8296    34.4960    34.4922    7.97163         27 0.0000e+00
    668.000    660.021     0.3275  29.239755     0.3281  29.237421     4.6740     4.9098     0.0013    97.0564 1.0000e-12  -74.22174 -112.00103  21.547416      90.60 1.5143e+03   1132.704      27186  1030.8386  1030.8357    34.4983    34.4946    7.97014         27 0.0000e+00
    669.000    661.007     0.3272  29.239826     0.3295  29.239496     4.6735     4.9099     0.0062    97.0414 1.0000e-12  -74.22174 -112.00103  21.547429      99.79 1.5141e+03   1133.873      27214  1030.8433  1030.8407    34.4982    34.4952    7.97020         28 0.0000e+00
    670.000    661.994     0.3269  29.239915     0.3293  29.239650     4.6767     4.9113    -0.0007    97.0794 1.0000e-12  -74.22174 -112.00103  21.547442      99.84 1.5132e+03   1135.022      27242  1030.8479  1030.8453    34.4980    34.4951    7.97027         28 0.0000e+00
    671.000    662.981     0.3281  29.241573     0.3303  29.241141     4.6727     4.9099    -0.0001    97.0868 1.0000e-12  -74.22174 -112.00102  21.547456      99.85 1.5132e+03   1136.168      27269  1030.8528  1030.8502    34.4984    34.4953    7.97002         27 0.0000e+00
    672.000    663.966     0.3279  29.241803     0.3302  29.241514     4.6707     4.9087     0.0077    97.0840 1.0000e-12  -74.22174 -112.00104  21.547469      99.84 1.5131e+03   1137.320      27297  1030.8575  1030.8549    34.4983    34.4953    7.97006         28 0.0000e+00
    673.000    664.954     0.3271  29.241319     0.3300  29.241592     4.6700     4.9055     0.0130    97.1025 1.0000e-12  -74.22174 -112.00102  21.547482      99.84 1.5135e+03   1138.485      27325  1030.8620  1030.8595    34.4979    34.4951    7.97024         28 0.0000e+00
    674.000    665.940     0.3268  29.241347     0.3289  29.240851     4.6759     4.9052     0.0048    97.0866 1.0000e-12  -74.22174 -112.00104  21.547496      99.85 1.5143e+03   1139.653      27353  1030.8665  1030.8640    34.4977    34.4948    7.97031         28 0.0000e+00
    675.000    666.925     0.3250  29.239717     0.3285  29.240772     4.6734     4.9118     0.0014    97.1080 1.0000e-12  -74.22174 -112.00104  21.547510      99.84 1.5150e+03   1140.820      27381  1030.8709  1030.8686    34.4970    34.4945    7.97072         28 0.0000e+00
    676.000    667.913     0.3268  29.242390     0.3298  29.242708     4.6720     4.9113     0.0040    97.0980 1.0000e-12  -74.22174 -112.00104  21.547523      99.29 1.5143e+03   1141.980      27409  1030.8761  1030.8736    34.4979    34.4950    7.97030         27 0.0000e+00
    677.000    668.900     0.3237  29.239156     0.3259  29.238900     4.6750     4.9101    -0.0010    97.0837 1.0000e-12  -74.22174 -112.00104  21.547536      98.90 1.5143e+03   1143.126      27436  1030.8800  1030.8777    34.4966    34.4938    7.97101         28 0.0000e+00
    678.000    669.886     0.3227  29.238471     0.3249  29.238109     4.6713     4.9114     0.0031    97.1235 1.0000e-12  -74.22174 -112.00104  21.547549      98.69 1.5143e+03   1144.278      27464  1030.8846  1030.8820    34.4963    34.4933    7.97125         29 0.0000e+00
    679.000    670.872     0.3240  29.240508     0.3264  29.240237     4.6738     4.9123     0.0060    97.1196 1.0000e-12  -74.22174 -112.00104  21.547563      97.74 1.5142e+03   1145.420      27491  1030.8896  1030.8870    34.4969    34.4938    7.97094         26 0.0000e+00
    680.000    671.858     0.3216  29.238122     0.3243  29.238441     4.6741     4.9129     0.0069    97.1217 1.0000e-12  -74.22174 -112.00104  21.547576      96.57 1.5142e+03   1146.565      27519  1030.8937  1030.8914    34.4959    34.4932    7.97149         28 0.0000e+00
    681.000    672.845     0.3215  29.238410     0.3238  29.238172     4.6721     4.9143     0.0069    97.1126 1.0000e-12  -74.22174 -112.00104  21.547589      95.48 1.5143e+03   1147.720      27546  1030.8984  1030.8959    34.4958    34.4929    7.97152         28 0.0000e+00
    682.000    673.830     0.3222  29.239666     0.3248  29.239738     4.6711     4.9083     0.0118    97.0872 1.0000e-12  -74.22174 -112.00104  21.547603      94.64 1.5134e+03   1148.876      27574  1030.9032  1030.9007    34.4961    34.4932    7.97136         28 0.0000e+00
    683.000    674.819     0.3234  29.241589     0.3266  29.242134     4.6696     4.9046     0.0092    97.0970 1.0000e-12  -74.22174 -112.00104  21.547616      93.60 1.5139e+03   1150.010      27601  1030.9083  1030.9057    34.4967    34.4938    7.97108         27 0.0000e+00
    684.000    675.804     0.3261  29.244813     0.3284  29.244483     4.6713     4.9077     0.0172    97.1152 1.0000e-12  -74.22174 -112.00104  21.547629      92.41 1.5146e+03   1151.153      27629  1030.9132  1030.9106    34.4973    34.4943    7.97049         27 0.0000e+00
    685.000    676.791     0.3257  29.244762     0.3280  29.244490     4.6728     4.9058     0.0159    97.1245 1.0000e-12  -74.22174 -112.00104  21.547643      91.59 1.5153e+03   1152.315      27657  1030.9177  1030.9152    34.4970    34.4941    7.97057         28 0.0000e+00
    686.000    677.777     0.3258  29.245222     0.3282  29.244951     4.6721     4.9070     0.0079    97.1143 1.0000e-12  -74.22174 -112.00104  21.547656      90.34 1.5143e+03   1153.483      27685  1030.9223  1030.9198    34.4969    34.4940    7.97056         28 0.0000e+00
    687.000    678.762     0.3261  29.246082     0.3287  29.246099     4.6725     4.9064    -0.0004    97.1162 1.0000e-12  -74.22174 -112.00104  21.547669      89.63 1.5143e+03   1154.641      27712  1030.9272  1030.9246    34.4972    34.4943    7.97049         28 0.0000e+00
    688.000    679.750     0.3265  29.247076     0.3289  29.246660     4.6719     4.9073    -0.0007    97.1097 1.0000e-12  -74.22174 -112.00104  21.547683      88.67 1.5143e+03   1155.787      27740  1030.9320  1030.9293    34.4974    34.4943    7.97038         27 0.0000e+00
    689.000    680.736     0.3272  29.248065     0.3294  29.247728     4.6728     4.9031     0.0067    97.1078 1.0000e-12  -74.22174 -112.00104  21.547696      87.84 1.5143e+03   1156.925      27767  1030.9366  1030.9341    34.4974    34.4945    7.97024         27 0.0000e+00
    690.000    681.723     0.3280  29.249445     0.3301  29.248934     4.6703     4.9042    -0.0002    97.1218 1.0000e-12  -74.22174 -112.00104  21.547709      86.59 1.5140e+03   1158.074      27795  1030.9415  1030.9389    34.4977    34.4947    7.97006         28 0.0000e+00
    691.000    682.709     0.3284  29.250484     0.3309  29.250359     4.6666     4.9077     0.0074    97.1180 1.0000e-12  -74.22174 -112.00104  21.547722      85.24 1.5132e+03   1159.224      27822  1030.9464  1030.9439    34.4980    34.4951    7.96996         28 0.0000e+00
    692.000    683.695     0.3289  29.251523     0.3316  29.251541     4.6656     4.9046     0.0153    97.1088 1.0000e-12  -74.22174 -112.00104  21.547736      84.42 1.5140e+03   1160.362      27850  1030.9513  1030.9487    34.4983    34.4954    7.96985         27 0.0000e+00
    693.000    684.682     0.3287  29.251469     0.3311  29.251429     4.6633     4.9087     0.0186    97.1182 1.0000e-12  -74.22174 -112.00104  21.547749      83.34 1.5129e+03   1161.490      27877  1030.9556  1030.9533    34.4979    34.4952    7.96991         27 0.0000e+00
    694.000    685.667     0.3286  29.251857     0.3310  29.251654     4.6646     4.9098     0.0066    97.1087 1.0000e-12  -74.22174 -112.00104  21.547762      82.39 1.5132e+03   1162.623      27904  1030.9604  1030.9578    34.4979    34.4950    7.96993         27 0.0000e+00
    695.000    686.654     0.3292  29.252960     0.3314  29.252593     4.6680     4.9075     0.0082    97.0894 1.0000e-12  -74.22174 -112.00104  21.547775      81.38 1.5135e+03   1163.778      27932  1030.9652  1030.9627    34.4981    34.4952    7.96980         28 0.0000e+00
    696.000    687.642     0.3290  29.253172     0.3318  29.253509     4.6667     4.9020     0.0144    97.0867 1.0000e-12  -74.22174 -112.00104  21.547789      80.08 1.5149e+03   1164.953      27960  1030.9698  1030.9675    34.4980    34.4953    7.96983         28 0.0000e+00
