ocean_section_plots/required_files/ctd/dnbp2202_ctd081.cnv
* Sea-Bird SBE 9 Data File:
* FileName = D:\Data\raw\NBP2202_CTD081.hex
* Software Version Seasave V 7.26.7.121
* Temperature SN = 1649
* Conductivity SN = 2513
* Number of Bytes Per Scan = 40
* Number of Voltage Words = 5
* Number of Scans Averaged by the Deck Unit = 1
* NMEA Latitude = 74 10.51 S
* NMEA Longitude = 113 20.67 W
* NMEA UTC (Time) = Jan 26 2022  17:39:01
* NMEA baud rate = 9600
** Ship: RVIB N.B. Palmer
** Cruise: NBP2202 Thwaites
** Station: YoYo001
** Operator: A. Robinson
# nquan = 25
# nvalues = 607                         
# units = specified
# name 0 = prDM: Pressure, Digiquartz [db]
# name 1 = depSM: Depth [salt water, m]
# name 2 = t090C: Temperature [ITS-90, deg C]
# name 3 = c0mS/cm: Conductivity [mS/cm]
# name 4 = t190C: Temperature, 2 [ITS-90, deg C]
# name 5 = c1mS/cm: Conductivity, 2 [mS/cm]
# name 6 = sbeox0ML/L: Oxygen, SBE 43 [ml/l]
# name 7 = sbeox1ML/L: Oxygen, SBE 43, 2 [ml/l]
# name 8 = flECO-AFL: Fluorescence, WET Labs ECO-AFL/FL [mg/m^3]
# name 9 = CStarTr0: Beam Transmission, WET Labs C-Star [%]
# name 10 = par: PAR/Irradiance, Biospherical/Licor
# name 11 = latitude: Latitude [deg]
# name 12 = longitude: Longitude [deg]
# name 13 = timeJ: Julian Days
# name 14 = altM: Altimeter [m]
# name 15 = spar: SPAR, Biospherical/Licor
# name 16 = timeS: Time, Elapsed [seconds]
# name 17 = scan: Scan Count
# name 18 = density00: Density [density, kg/m^3]
# name 19 = density11: Density, 2 [density, kg/m^3]
# name 20 = sal00: Salinity, Practical [PSU]
# name 21 = sal11: Salinity, Practical, 2 [PSU]
# name 22 = oxsolML/L: Oxygen Saturation, Garcia & Gordon [ml/l]
# name 23 = nbin: number of scans per bin
# name 24 = flag: flag
# span 0 =     10.000,    616.000       
# span 1 =      9.895,    608.719       
# span 2 =    -1.5488,     0.0869       
# span 3 =  26.945016,  28.920442       
# span 4 =    -1.5476,     0.0893       
# span 5 =  26.944862,  28.920706       
# span 6 =     4.7010,     8.5002       
# span 7 =     4.7874,     8.5026       
# span 8 =    -0.0226,    24.2660       
# span 9 =    69.9191,    95.7746       
# span 10 = 1.0000e-12, 6.2852e+01      
# span 11 =  -74.17530,  -74.17528      
# span 12 = -113.34462, -113.34458      
# span 13 =  26.735745,  26.744791      
# span 14 =       4.74,     100.01      
# span 15 = 1.6748e+03, 1.8971e+03      
# span 16 =     27.394,    808.928      
# span 17 =        658,      19415      
# span 18 =  1027.2275,  1030.5163      
# span 19 =  1027.2258,  1030.5142      
# span 20 =    33.7978,    34.3786      
# span 21 =    33.7954,    34.3762      
# span 22 =    8.02686,    8.40707      
# span 23 =          7,         54      
# span 24 = 0.0000e+00, 0.0000e+00      
# interval = decibars: 1                
# start_time = Jan 26 2022 17:39:01 [NMEA time, header]
# bad_flag = -9.990e-29
*END*
[from data line 464]
    474.000    468.558    -0.0969  28.658163    -0.0922  28.660750     4.7803     4.8770    -0.0072    95.0996 1.0000e-12  -74.17528 -113.34460  26.742467      91.93 1.6959e+03    608.175      14597  1029.8130  1029.8111    34.3206    34.3188    8.06876         29 0.0000e+00
    475.000    469.545    -0.0926  28.663178    -0.0915  28.662215     4.7850     4.8760    -0.0049    95.0894 1.0000e-12  -74.17528 -113.34462  26.742481      99.14 1.6952e+03    609.344      14625  1029.8183  1029.8163    34.3219    34.3193    8.06779         28 0.0000e+00
    476.000    470.532    -0.0944  28.661667    -0.0929  28.661019     4.7814     4.8668    -0.0109    95.0926 1.0000e-12  -74.17528 -113.34461  26.742494      99.76 1.6941e+03    610.493      14653  1029.8228  1029.8207    34.3213    34.3187    8.06821         27 0.0000e+00
    477.000    471.521    -0.0936  28.663030    -0.0915  28.662807     4.7786     4.8737    -0.0106    95.0958 1.0000e-12  -74.17528 -113.34461  26.742508      99.86 1.6940e+03    611.647      14681  1029.8277  1029.8255    34.3216    34.3190    8.06801         28 0.0000e+00
    478.000    472.506    -0.0918  28.665250    -0.0903  28.664509     4.7946     4.8920    -0.0142    95.0921 1.0000e-12  -74.17528 -113.34461  26.742521      99.87 1.6941e+03    612.807      14708  1029.8325  1029.8303    34.3219    34.3192    8.06761         28 0.0000e+00
    479.000    473.494    -0.1005  28.658292    -0.0998  28.657001     4.7926     4.8928    -0.0122    95.1102 1.0000e-12  -74.17528 -113.34461  26.742535      99.86 1.6945e+03    613.999      14737  1029.8381  1029.8360    34.3219    34.3193    8.06946         29 0.0000e+00
    480.000    474.483    -0.1004  28.660256    -0.0990  28.659153     4.7874     4.8801    -0.0095    95.0863 1.0000e-12  -74.17528 -113.34460  26.742549      99.87 1.6959e+03    615.208      14766  1029.8443  1029.8418    34.3238    34.3208    8.06933         29 0.0000e+00
    481.000    475.469    -0.0844  28.677647    -0.0835  28.676149     4.7822     4.8704    -0.0022    95.1086 1.0000e-12  -74.17528 -113.34460  26.742562      99.87 1.6969e+03    616.396      14795  1029.8512  1029.8487    34.3283    34.3253    8.06570         28 0.0000e+00
    482.000    476.456    -0.0811  28.681376    -0.0792  28.681014     4.7832     4.8678    -0.0148    95.1344 1.0000e-12  -74.17528 -113.34460  26.742576      99.87 1.6982e+03    617.564      14823  1029.8562  1029.8539    34.3289    34.3263    8.06496         28 0.0000e+00
    483.000    477.445    -0.0799  28.683000    -0.0780  28.682694     4.7804     4.8656    -0.0109    95.1353 1.0000e-12  -74.17528 -113.34460  26.742589      99.87 1.6994e+03    618.723      14850  1029.8610  1029.8588    34.3292    34.3266    8.06470         28 0.0000e+00
    484.000    478.430    -0.0789  28.684528    -0.0768  28.684353     4.7745     4.8615    -0.0096    95.1479 1.0000e-12  -74.17528 -113.34460  26.742603      99.87 1.6994e+03    619.867      14878  1029.8660  1029.8637    34.3295    34.3268    8.06447         27 0.0000e+00
    485.000    479.419    -0.0754  28.688826    -0.0716  28.690206     4.7662     4.8542    -0.0177    95.1269 1.0000e-12  -74.17528 -113.34460  26.742616      86.41 1.6994e+03    621.027      14906  1029.8713  1029.8691    34.3306    34.3282    8.06366         28 0.0000e+00
    486.000    480.406    -0.0654  28.699591    -0.0633  28.699345     4.7557     4.8507    -0.0147    95.1199 1.0000e-12  -74.17528 -113.34460  26.742630      94.51 1.6994e+03    622.219      14934  1029.8772  1029.8749    34.3331    34.3304    8.06141         29 0.0000e+00
    487.000    481.392    -0.0613  28.704461    -0.0595  28.703958     4.7548     4.8481    -0.0042    95.1187 1.0000e-12  -74.17528 -113.34460  26.742644      99.93 1.6994e+03    623.411      14963  1029.8826  1029.8804    34.3343    34.3317    8.06047         28 0.0000e+00
    488.000    482.382    -0.0597  28.706764    -0.0578  28.706378     4.7545     4.8464    -0.0059    95.1067 1.0000e-12  -74.17528 -113.34460  26.742657      99.86 1.6988e+03    624.581      14991  1029.8879  1029.8856    34.3351    34.3324    8.06011         29 0.0000e+00
    489.000    483.368    -0.0585  28.708639    -0.0565  28.708289     4.7534     4.8424    -0.0050    95.0644 1.0000e-12  -74.17528 -113.34460  26.742671      99.87 1.6977e+03    625.739      15019  1029.8929  1029.8907    34.3355    34.3329    8.05981         27 0.0000e+00
    490.000    484.356    -0.0571  28.710547    -0.0553  28.710117     4.7537     4.8459    -0.0104    95.0431 1.0000e-12  -74.17528 -113.34460  26.742684      99.87 1.6977e+03    626.874      15046  1029.8980  1029.8958    34.3360    34.3334    8.05951         27 0.0000e+00
    491.000    485.342    -0.0535  28.715214    -0.0509  28.715553     4.7489     4.8456    -0.0134    95.0354 1.0000e-12  -74.17528 -113.34460  26.742697      99.87 1.6977e+03    627.999      15073  1029.9037  1029.9015    34.3375    34.3351    8.05866         27 0.0000e+00
    492.000    486.330    -0.0522  28.717090    -0.0501  28.716892     4.7488     4.8399    -0.0093    94.9855 1.0000e-12  -74.17528 -113.34460  26.742710      99.86 1.6976e+03    629.143      15100  1029.9087  1029.9064    34.3379    34.3353    8.05836         28 0.0000e+00
    493.000    487.317    -0.0522  28.717538    -0.0504  28.716964     4.7498     4.8405    -0.0070    94.9788 1.0000e-12  -74.17528 -113.34460  26.742724      99.87 1.6972e+03    630.328      15129  1029.9134  1029.9111    34.3379    34.3352    8.05835         29 0.0000e+00
    494.000    488.305    -0.0486  28.722079    -0.0475  28.720707     4.7491     4.8461    -0.0105    94.9602 1.0000e-12  -74.17528 -113.34460  26.742738      99.86 1.6960e+03    631.542      15158  1029.9191  1029.9165    34.3393    34.3363    8.05752         29 0.0000e+00
    495.000    489.291    -0.0462  28.724978    -0.0444  28.724688     4.7483     4.8405    -0.0167    94.9522 1.0000e-12  -74.17528 -113.34460  26.742752      99.87 1.6962e+03    632.740      15187  1029.9241  1029.9220    34.3399    34.3375    8.05699         28 0.0000e+00
    496.000    490.279    -0.0452  28.726725    -0.0432  28.726437     4.7531     4.8369    -0.0114    94.9301 1.0000e-12  -74.17528 -113.34460  26.742765      77.22 1.6960e+03    633.895      15214  1029.9292  1029.9270    34.3404    34.3379    8.05674         27 0.0000e+00
    497.000    491.267    -0.0420  28.730624    -0.0401  28.730280     4.7531     4.8392    -0.0095    94.9137 1.0000e-12  -74.17528 -113.34460  26.742778      90.03 1.6959e+03    635.021      15242  1029.9345  1029.9323    34.3415    34.3389    8.05602         28 0.0000e+00
    498.000    492.253    -0.0401  28.733303    -0.0379  28.733082     4.7490     4.8414    -0.0107    94.9256 1.0000e-12  -74.17528 -113.34460  26.742791      99.24 1.6968e+03    636.152      15269  1029.9397  1029.9374    34.3423    34.3396    8.05556         27 0.0000e+00
    499.000    493.241    -0.0375  28.736602    -0.0356  28.736216     4.7513     4.8401    -0.0101    94.9184 1.0000e-12  -74.17528 -113.34460  26.742804      99.86 1.6974e+03    637.297      15296  1029.9450  1029.9427    34.3432    34.3405    8.05497         28 0.0000e+00
    500.000    494.228    -0.0360  28.738594    -0.0343  28.738004     4.7500     4.8378    -0.0015    94.9263 1.0000e-12  -74.17528 -113.34460  26.742818      99.86 1.6977e+03    638.483      15325  1029.9500  1029.9476    34.3436    34.3408    8.05464         29 0.0000e+00
    501.000    495.215    -0.0356  28.739476    -0.0334  28.739425     4.7457     4.8368    -0.0094    94.9291 1.0000e-12  -74.17528 -113.34460  26.742832      99.87 1.6977e+03    639.706      15354  1029.9547  1029.9526    34.3436    34.3411    8.05454         29 0.0000e+00
    502.000    496.203    -0.0350  28.740353    -0.0332  28.740011     4.7504     4.8363    -0.0092    94.9264 1.0000e-12  -74.17528 -113.34460  26.742846      99.87 1.6977e+03    640.921      15383  1029.9594  1029.9573    34.3436    34.3411    8.05442         29 0.0000e+00
    503.000    497.191    -0.0345  28.741292    -0.0327  28.741005     4.7482     4.8382    -0.0093    94.9036 1.0000e-12  -74.17528 -113.34460  26.742860      99.86 1.6990e+03    642.095      15411  1029.9642  1029.9621    34.3437    34.3412    8.05432         27 0.0000e+00
    504.000    498.177    -0.0350  28.741242    -0.0330  28.741059     4.7475     4.8398    -0.0096    94.9202 1.0000e-12  -74.17528 -113.34460  26.742873      99.87 1.6994e+03    643.220      15438  1029.9690  1029.9668    34.3436    34.3411    8.05442         27 0.0000e+00
    505.000    499.164    -0.0347  28.742075    -0.0329  28.741612     4.7492     4.8392    -0.0099    94.9219 1.0000e-12  -74.17528 -113.34460  26.742886      99.87 1.6994e+03    644.326      15465  1029.9738  1029.9716    34.3438    34.3411    8.05435         27 0.0000e+00
    506.000    500.153    -0.0345  28.742629    -0.0327  28.742270     4.7512     4.8367    -0.0093    94.9114 1.0000e-12  -74.17528 -113.34460  26.742899      99.86 1.6994e+03    645.459      15492  1029.9785  1029.9763    34.3437    34.3411    8.05432         27 0.0000e+00
    507.000    501.138    -0.0343  28.743454    -0.0327  28.742748     4.7512     4.8391    -0.0138    94.9229 1.0000e-12  -74.17528 -113.34460  26.742913      96.69 1.6994e+03    646.650      15521  1029.9834  1029.9811    34.3439    34.3412    8.05425         30 0.0000e+00
    508.000    502.126    -0.0324  28.745895    -0.0304  28.745616     4.7494     4.8430    -0.0083    94.9167 1.0000e-12  -74.17529 -113.34460  26.742927      81.14 1.6994e+03    647.864      15550  1029.9883  1029.9861    34.3444    34.3418    8.05382         29 0.0000e+00
    509.000    503.114    -0.0306  28.748169    -0.0286  28.748019     4.7520     4.8434    -0.0012    94.9164 1.0000e-12  -74.17530 -113.34460  26.742940      97.67 1.6994e+03    649.057      15578  1029.9933  1029.9912    34.3449    34.3424    8.05343         28 0.0000e+00
    510.000    504.101    -0.0291  28.750346    -0.0274  28.749934     4.7494     4.8419    -0.0082    94.8962 1.0000e-12  -74.17530 -113.34460  26.742954      99.87 1.6994e+03    650.229      15607  1029.9984  1029.9962    34.3455    34.3429    8.05308         28 0.0000e+00
    511.000    505.088    -0.0261  28.754471    -0.0240  28.754207     4.7511     4.8421    -0.0090    94.9326 1.0000e-12  -74.17530 -113.34460  26.742967      33.01 1.6995e+03    651.383      15634  1030.0040  1030.0018    34.3470    34.3443    8.05236         28 0.0000e+00
    512.000    506.074    -0.0247  28.756357    -0.0224  28.756318     4.7504     4.8396    -0.0023    94.9505 1.0000e-12  -74.17530 -113.34460  26.742981      84.05 1.7011e+03    652.540      15662  1030.0089  1030.0067    34.3472    34.3447    8.05204         27 0.0000e+00
    513.000    507.062    -0.0237  28.757863    -0.0213  28.757920     4.7546     4.8451    -0.0109    94.9435 1.0000e-12  -74.17530 -113.34460  26.742995      99.87 1.7012e+03    653.729      15691  1030.0138  1030.0116    34.3475    34.3450    8.05181         30 0.0000e+00
    514.000    508.050    -0.0215  28.760357    -0.0202  28.759412     4.7524     4.8451    -0.0111    94.9422 1.0000e-12  -74.17530 -113.34460  26.743009      99.87 1.7020e+03    654.935      15719  1030.0186  1030.0163    34.3478    34.3451    8.05134         28 0.0000e+00
    515.000    509.036    -0.0212  28.761232    -0.0193  28.761003     4.7515     4.8426    -0.0156    94.9645 1.0000e-12  -74.17530 -113.34460  26.743022      99.86 1.7028e+03    656.118      15748  1030.0234  1030.0214    34.3480    34.3456    8.05126         28 0.0000e+00
    516.000    510.024    -0.0195  28.763702    -0.0173  28.763415     4.7507     4.8321    -0.0105    94.9939 1.0000e-12  -74.17530 -113.34462  26.743036      99.87 1.7022e+03    657.281      15776  1030.0286  1030.0263    34.3488    34.3460    8.05086         28 0.0000e+00
    517.000    511.012    -0.0166  28.767038    -0.0146  28.766986     4.7453     4.8281    -0.0101    94.9763 1.0000e-12  -74.17530 -113.34460  26.743049      99.87 1.7014e+03    658.429      15803  1030.0336  1030.0317    34.3494    34.3471    8.05022         28 0.0000e+00
    518.000    511.998    -0.0133  28.770880    -0.0115  28.770572     4.7362     4.8229    -0.0098    94.9917 1.0000e-12  -74.17530 -113.34462  26.743062      76.27 1.6999e+03    659.594      15831  1030.0388  1030.0367    34.3502    34.3478    8.04949         28 0.0000e+00
    519.000    512.985    -0.0104  28.774113    -0.0076  28.774600     4.7362     4.8287    -0.0101    95.0151 1.0000e-12  -74.17530 -113.34462  26.743076      62.50 1.6956e+03    660.787      15860  1030.0435  1030.0414    34.3506    34.3482    8.04884         27 0.0000e+00
    520.000    513.972    -0.0098  28.775079    -0.0074  28.775098     4.7365     4.8274    -0.0095    95.0012 1.0000e-12  -74.17530 -113.34461  26.743090      72.10 1.6924e+03    661.968      15888  1030.0483  1030.0460    34.3507    34.3480    8.04872         28 0.0000e+00
    521.000    514.960    -0.0077  28.777867    -0.0053  28.777704     4.7370     4.8232    -0.0052    95.0190 1.0000e-12  -74.17530 -113.34462  26.743103      99.16 1.6923e+03    663.105      15916  1030.0534  1030.0510    34.3514    34.3485    8.04823         26 0.0000e+00
    522.000    515.947    -0.0056  28.780140    -0.0036  28.779977     4.7414     4.8248    -0.0110    95.0057 1.0000e-12  -74.17530 -113.34460  26.743116      98.78 1.6931e+03    664.222      15942  1030.0581  1030.0560    34.3515    34.3490    8.04780         27 0.0000e+00
    523.000    516.934    -0.0040  28.782710    -0.0022  28.782319     4.7374     4.8297    -0.0164    94.9935 1.0000e-12  -74.17530 -113.34460  26.743129      98.82 1.6949e+03    665.368      15970  1030.0635  1030.0614    34.3525    34.3500    8.04740         28 0.0000e+00
    524.000    517.922    -0.0034  28.784269    -0.0014  28.783976     4.7339     4.8268    -0.0160    94.9876 1.0000e-12  -74.17530 -113.34460  26.743143      98.02 1.6959e+03    666.555      15998  1030.0689  1030.0666    34.3533    34.3506    8.04722         29 0.0000e+00
    525.000    518.908    -0.0003  28.787904     0.0017  28.787681     4.7314     4.8252    -0.0122    94.9806 1.0000e-12  -74.17530 -113.34460  26.743157      97.20 1.6968e+03    667.750      16027  1030.0740  1030.0717    34.3541    34.3514    8.04654         29 0.0000e+00
    526.000    519.896     0.0061  28.794774     0.0090  28.795129     4.7315     4.8151    -0.0161    94.9858 1.0000e-12  -74.17530 -113.34460  26.743170      95.96 1.6988e+03    668.912      16055  1030.0792  1030.0768    34.3554    34.3526    8.04512         27 0.0000e+00
    527.000    520.883     0.0111  28.800247     0.0142  28.801076     4.7243     4.8155    -0.0112    94.9944 1.0000e-12  -74.17530 -113.34460  26.743183      94.84 1.7004e+03    670.045      16082  1030.0843  1030.0822    34.3564    34.3541    8.04401         27 0.0000e+00
    528.000    521.869     0.0161  28.806086     0.0185  28.806115     4.7213     4.8182    -0.0020    94.9839 1.0000e-12  -74.17530 -113.34460  26.743196      93.75 1.7029e+03    671.167      16109  1030.0899  1030.0876    34.3580    34.3553    8.04287         27 0.0000e+00
    529.000    522.858     0.0174  28.807864     0.0196  28.807835     4.7215     4.8147    -0.0090    94.9753 1.0000e-12  -74.17530 -113.34460  26.743210      92.75 1.7048e+03    672.310      16136  1030.0948  1030.0927    34.3582    34.3558    8.04258         28 0.0000e+00
    530.000    523.844     0.0178  28.808868     0.0198  28.808555     4.7258     4.8143    -0.0087    94.9698 1.0000e-12  -74.17530 -113.34461  26.743223      92.20 1.7064e+03    673.472      16164  1030.0998  1030.0975    34.3585    34.3558    8.04248         28 0.0000e+00
