ocean_section_plots/required_files/ctd/dnbp2202_ctd064.cnv
* Sea-Bird SBE 9 Data File:
* FileName = D:\Data\raw\NBP2202_CTD064.hex
* Software Version Seasave V 7.26.7.121
* Temperature SN = 1649
* Conductivity SN = 2513
* Number of Bytes Per Scan = 40
* Number of Voltage Words = 5
* Number of Scans Averaged by the Deck Unit = 1
* NMEA Latitude = 74 00.47 S
* NMEA Longitude = 111 44.01 W
* NMEA UTC (Time) = Jan 25 2022  14:18:17
* NMEA baud rate = 9600
** Ship: RVIB N.B. Palmer
** Cruise: NBP2202 Thwaites
** Station: 45
** Operator: B.Bjork
# nquan = 25
# nvalues = 375                         
# units = specified
# name 0 = prDM: Pressure, Digiquartz [db]
# name 1 = depSM: Depth [salt water, m]
# name 2 = t090C: Temperature [ITS-90, deg C]
# name 3 = c0mS/cm: Conductivity [mS/cm]
# name 4 = t190C: Temperature, 2 [ITS-90, deg C]
# name 5 = c1mS/cm: Conductivity, 2 [mS/cm]
# name 6 = sbeox0ML/L: Oxygen, SBE 43 [ml/l]
# name 7 = sbeox1ML/L: Oxygen, SBE 43, 2 [ml/l]
# name 8 = flECO-AFL: Fluorescence, WET Labs ECO-AFL/FL [mg/m^3]
# name 9 = CStarTr0: Beam Transmission, WET Labs C-Star [%]
# name 10 = par: PAR/Irradiance, Biospherical/Licor
# name 11 = latitude: Latitude [deg]
# name 12 = longitude: Longitude [deg]
# name 13 = timeJ: Julian Days
# name 14 = altM: Altimeter [m]
# name 15 = spar: SPAR, Biospherical/Licor
# name 16 = timeS: Time, Elapsed [seconds]
# name 17 = scan: Scan Count
# name 18 = density00: Density [density, kg/m^3]
# name 19 = density11: Density, 2 [density, kg/m^3]
# name 20 = sal00: Salinity, Practical [PSU]
# name 21 = sal11: Salinity, Practical, 2 [PSU]
# name 22 = oxsolML/L: Oxygen Saturation, Garcia & Gordon [ml/l]
# name 23 = nbin: number of scans per bin
# name 24 = flag: flag
# span 0 =      5.000,    379.000       
# span 1 =      4.949,    374.738       
# span 2 =    -1.6446,    -0.3253       
# span 3 =  26.912310,  28.428732       
# span 4 =    -1.6441,    -0.3232       
# span 5 =  26.912552,  28.428288       
# span 6 =     5.1729,     9.1070       
# span 7 =     5.3719,     9.5066       
# span 8 =    -0.0224,    29.4178       
# span 9 =    62.6546,    96.4170       
# span 10 = -1.889e-04, 4.5159e+01      
# span 11 =  -74.00796,  -74.00794      
# span 12 = -111.73364, -111.73357      
# span 13 =  25.598711,  25.605524      
# span 14 =       5.95,     100.36      
# span 15 = 3.5806e+02, 4.6481e+02      
# span 16 =    231.641,    820.287      
# span 17 =       5560,      19688      
# span 18 =  1027.2182,  1029.3824      
# span 19 =  1027.2170,  1029.3807      
# span 20 =    33.8341,    34.3291      
# span 21 =    33.8327,    34.3261      
# span 22 =    8.11673,    8.43000      
# span 23 =         20,         49      
# span 24 = 0.0000e+00, 0.0000e+00      
# interval = decibars: 1                
# start_time = Jan 25 2022 14:18:17 [NMEA time, header]
# bad_flag = -9.990e-29
*END*
[from data line 348]
    353.000    349.051    -0.4981  28.236481    -0.4958  28.234875     5.2884     5.4992    -0.0070    96.0118 1.0000e-12  -74.00794 -111.73358  25.604645      32.83 4.4355e+02    744.287      17864  1029.2321  1029.2281    34.2816    34.2768    8.15646         43 0.0000e+00
    354.000    350.040    -0.4617  28.272836    -0.4562  28.275476     5.2496     5.4549    -0.0072    96.0218 1.0000e-12  -74.00794 -111.73358  25.604669      31.87 4.4337e+02    746.399      17915  1029.2399  1029.2373    34.2887    34.2860    8.14824         44 0.0000e+00
    355.000    351.027    -0.4389  28.295917    -0.4353  28.296675     5.2485     5.4485    -0.0150    96.0017 1.0000e-12  -74.00794 -111.73358  25.604690      30.84 4.4433e+02    748.208      17958  1029.2467  1029.2441    34.2933    34.2903    8.14307         38 0.0000e+00
    356.000    352.017    -0.4379  28.297405    -0.4333  28.299325     5.2309     5.4382    -0.0135    96.0113 1.0000e-12  -74.00794 -111.73358  25.604711      29.70 4.4412e+02    750.027      18002  1029.2520  1029.2496    34.2936    34.2909    8.14285         38 0.0000e+00
    357.000    353.003    -0.4247  28.310516    -0.4223  28.310182     5.2245     5.4312    -0.0114    95.9730 1.0000e-12  -74.00794 -111.73358  25.604733      28.86 4.4321e+02    751.926      18047  1029.2577  1029.2550    34.2956    34.2925    8.13990         42 0.0000e+00
    358.000    353.991    -0.4099  28.326775    -0.4114  28.322109     5.2186     5.4226    -0.0125    95.9828 1.0000e-12  -74.00794 -111.73359  25.604754      27.78 4.4299e+02    753.742      18091  1029.2651  1029.2616    34.3001    34.2955    8.13647         38 0.0000e+00
    359.000    354.981    -0.4002  28.337572    -0.3984  28.336682     5.2155     5.4183    -0.0119    95.9668 1.0000e-12  -74.00794 -111.73360  25.604776      26.85 4.4242e+02    755.666      18137  1029.2717  1029.2690    34.3030    34.2998    8.13422         36 0.0000e+00
    360.000    355.967    -0.3962  28.342596    -0.3930  28.343051     5.2074     5.4093    -0.0088    95.9514 1.0000e-12  -74.00794 -111.73360  25.604800      25.80 4.4186e+02    757.740      18187  1029.2777  1029.2751    34.3046    34.3016    8.13327         34 0.0000e+00
    361.000    356.955    -0.3863  28.353264    -0.3842  28.352953     5.2082     5.4100    -0.0109    95.9497 1.0000e-12  -74.00794 -111.73360  25.604822      24.91 4.4072e+02    759.610      18232  1029.2840  1029.2816    34.3072    34.3044    8.13102         41 0.0000e+00
    362.000    357.943    -0.3832  28.357087    -0.3813  28.356402     5.2047     5.4058    -0.0110    95.9659 1.0000e-12  -74.00794 -111.73360  25.604846      23.76 4.4089e+02    761.656      18281  1029.2895  1029.2870    34.3082    34.3051    8.13029         48 0.0000e+00
    363.000    358.931    -0.3774  28.363445    -0.3756  28.362762     5.1966     5.3974    -0.0121    95.9570 1.0000e-12  -74.00794 -111.73360  25.604867      22.70 4.3965e+02    763.539      18326  1029.2952  1029.2927    34.3096    34.3066    8.12898         38 0.0000e+00
    364.000    359.919    -0.3754  28.366029    -0.3739  28.364959     5.1881     5.3939    -0.0130    95.9641 1.0000e-12  -74.00794 -111.73361  25.604889      21.81 4.3729e+02    765.390      18370  1029.3004  1029.2978    34.3102    34.3070    8.12852         42 0.0000e+00
    365.000    360.907    -0.3681  28.374547    -0.3669  28.372728     5.1891     5.3917    -0.0179    95.9365 1.0000e-12  -74.00794 -111.73361  25.604909      20.89 4.3610e+02    767.118      18412  1029.3067  1029.3036    34.3127    34.3089    8.12681         36 0.0000e+00
    366.000    361.894    -0.3579  28.386078    -0.3552  28.386156     5.1852     5.3807    -0.0109    95.9498 1.0000e-12  -74.00794 -111.73361  25.604931      19.72 4.3444e+02    769.075      18459  1029.3135  1029.3109    34.3161    34.3130    8.12444         37 0.0000e+00
    367.000    362.881    -0.3439  28.402131    -0.3420  28.401511     5.1810     5.3844    -0.0074    95.9385 1.0000e-12  -74.00794 -111.73362  25.604962      18.69 4.3187e+02    771.725      18522  1029.3214  1029.3189    34.3211    34.3182    8.12116         40 0.0000e+00
    368.000    363.870    -0.3405  28.406787    -0.3381  28.406842     5.1807     5.3802    -0.0081    95.9450 1.0000e-12  -74.00794 -111.73362  25.604995      17.68 4.3054e+02    774.588      18591  1029.3276  1029.3253    34.3229    34.3202    8.12033         40 0.0000e+00
    369.000    364.856    -0.3393  28.408527    -0.3376  28.407616     5.1791     5.3833    -0.0048    95.9551 1.0000e-12  -74.00794 -111.73362  25.605032      16.62 4.2939e+02    777.756      18667  1029.3327  1029.3302    34.3232    34.3201    8.12005         32 0.0000e+00
    370.000    365.846    -0.3392  28.409117    -0.3373  28.408503     5.1794     5.3814    -0.0088    95.9473 1.0000e-12  -74.00796 -111.73362  25.605063      15.56 4.2834e+02    780.417      18731  1029.3377  1029.3352    34.3233    34.3203    8.12002         49 0.0000e+00
    371.000    366.837    -0.3390  28.410019    -0.3369  28.409795     5.1792     5.3840    -0.0076    95.9434 1.0000e-12  -74.00796 -111.73362  25.605094      14.52 4.2690e+02    783.108      18796  1029.3428  1029.3405    34.3237    34.3210    8.11996         31 0.0000e+00
    372.000    367.825    -0.3383  28.411391    -0.3363  28.411150     5.1834     5.3779     0.0052    95.9397 1.0000e-12  -74.00796 -111.73362  25.605125      13.52 4.2662e+02    785.791      18860  1029.3479  1029.3457    34.3241    34.3216    8.11978         37 0.0000e+00
    373.000    368.810    -0.3381  28.412040    -0.3366  28.411188     5.1855     5.3781    -0.0063    95.9513 1.0000e-12  -74.00796 -111.73362  25.605160      12.39 4.2499e+02    788.836      18933  1029.3527  1029.3504    34.3241    34.3214    8.11974         31 0.0000e+00
    374.000    369.794    -0.3374  28.413404    -0.3351  28.413299     5.1804     5.3811    -0.0106    95.9297 1.0000e-12  -74.00796 -111.73362  25.605196      11.36 4.2471e+02    791.935      19007  1029.3578  1029.3555    34.3246    34.3219    8.11957         37 0.0000e+00
    375.000    370.786    -0.3355  28.416081    -0.3332  28.416153     5.1809     5.3822    -0.0025    95.9530 1.0000e-12  -74.00796 -111.73362  25.605237      10.30 4.2319e+02    795.476      19092  1029.3631  1029.3609    34.3254    34.3230    8.11911         32 0.0000e+00
    376.000    371.774    -0.3341  28.418117    -0.3323  28.417596     5.1804     5.3806    -0.0124    95.9547 1.0000e-12  -74.00795 -111.73362  25.605267       9.32 4.2152e+02    798.047      19154  1029.3683  1029.3660    34.3261    34.3233    8.11879         42 0.0000e+00
    377.000    372.759    -0.3326  28.420621    -0.3308  28.420025     5.1779     5.3719    -0.0048    95.9597 1.0000e-12  -74.00794 -111.73362  25.605306       8.24 4.2017e+02    801.451      19236  1029.3737  1029.3713    34.3270    34.3242    8.11840         38 0.0000e+00
    378.000    373.750    -0.3253  28.428732    -0.3232  28.428288     5.1729     5.3748    -0.0037    95.9324 1.0000e-12  -74.00794 -111.73362  25.605333       7.25 4.1974e+02    803.813      19293  1029.3795  1029.3770    34.3291    34.3261    8.11673         34 0.0000e+00
    379.000    374.738    -0.3338  28.419665    -0.3314  28.420206     5.1821     5.3802    -0.0118    95.9559 1.0000e-12  -74.00794 -111.73358  25.605524       5.95 4.2105e+02    820.287      19688  1029.3824  1029.3807    34.3259    34.3239    8.11873         22 0.0000e+00
