ocean_section_plots/required_files/ctd/dnbp2202_ctd012.cnv
* Sea-Bird SBE 9 Data File:
* FileName = D:\Data\raw\NBP2202_CTD012.hex
* Software Version Seasave V 7.26.7.121
* Temperature SN = 1649
* Conductivity SN = 2513
* Number of Bytes Per Scan = 40
* Number of Voltage Words = 5
* Number of Scans Averaged by the Deck Unit = 1
* NMEA Latitude = 73 06.18 S
* NMEA Longitude = 113 50.46 W
* NMEA UTC (Time) = Jan 17 2022  00:41:22
* NMEA baud rate = 9600
** Ship: RVIB N.B. Palmer
** Cruise: NBP2202 Thwaites
** Station: #7
** Operator: A. Robinson
# nquan = 25
# nvalues = 526                         
# units = specified
# name 0 = prDM: Pressure, Digiquartz [db]
# name 1 = depSM: Depth [salt water, m]
# name 2 = t090C: Temperature [ITS-90, deg C]
# name 3 = c0mS/cm: Conductivity [mS/cm]
# name 4 = t190C: Temperature, 2 [ITS-90, deg C]
# name 5 = c1mS/cm: Conductivity, 2 [mS/cm]
# name 6 = sbeox0ML/L: Oxygen, SBE 43 [ml/l]
# name 7 = sbeox1ML/L: Oxygen, SBE 43, 2 [ml/l]
# name 8 = flECO-AFL: Fluorescence, WET Labs ECO-AFL/FL [mg/m^3]
# name 9 = CStarTr0: Beam Transmission, WET Labs C-Star [%]
# name 10 = par: PAR/Irradiance, Biospherical/Licor
# name 11 = latitude: Latitude [deg]
# name 12 = longitude: Longitude [deg]
# name 13 = timeJ: Julian Days
# name 14 = altM: Altimeter [m]
# name 15 = spar: SPAR, Biospherical/Licor
# name 16 = timeS: Time, Elapsed [seconds]
# name 17 = scan: Scan Count
# name 18 = density00: Density [density, kg/m^3]
# name 19 = density11: Density, 2 [density, kg/m^3]
# name 20 = sal00: Salinity, Practical [PSU]
# name 21 = sal11: Salinity, Practical, 2 [PSU]
# name 22 = oxsolML/L: Oxygen Saturation, Garcia & Gordon [ml/l]
# name 23 = nbin: number of scans per bin
# name 24 = flag: flag
# span 0 =      2.000,    527.000       
# span 1 =      1.983,    520.893       
# span 2 =    -1.5454,     0.5301       
# span 3 =  27.054631,  29.403373       
# span 4 =    -1.5448,     0.5325       
# span 5 =  27.054306,  29.403110       
# span 6 =     4.5302,     8.7118       
# span 7 =     4.8303,     9.2159       
# span 8 =    -0.0152,    23.4656       
# span 9 =    70.6608,    97.7473       
# span 10 = -1.924e-05, 1.4911e+02      
# span 11 =  -73.10306,  -73.10302      
# span 12 = -113.84108, -113.84100      
# span 13 =  17.031253,  17.040288      
# span 14 =       2.77,     103.56      
# span 15 = 6.4035e+02, 1.7872e+03      
# span 16 =    218.216,    998.903      
# span 17 =       5238,      23975      
# span 18 =  1027.2336,  1030.2178      
# span 19 =  1027.2331,  1030.2153      
# span 20 =    33.8806,    34.5682      
# span 21 =    33.8798,    34.5651      
# span 22 =    7.92459,    8.40427      
# span 23 =          2,         51      
# span 24 = 0.0000e+00, 0.0000e+00      
# interval = decibars: 1                
# start_time = Jan 17 2022 00:41:22 [NMEA time, header]
# bad_flag = -9.990e-29
*END*
[from data line 464]
    466.000    460.682     0.1766  28.992875     0.1789  28.992099     4.7685     5.0389     0.0040    97.4711 1.0000e-12  -73.10304 -113.84106  17.038747      65.99 1.0580e+03    865.765      20779  1029.8691  1029.8661    34.4609    34.4574    8.00352         27 0.0000e+00
    467.000    461.671     0.1830  29.001202     0.1854  29.000631     4.7650     5.0399    -0.0042    97.4710 1.0000e-12  -73.10304 -113.84106  17.038759      65.11 1.0612e+03    866.797      20804  1029.8759  1029.8730    34.4642    34.4607    8.00202         23 0.0000e+00
    468.000    462.658     0.1886  29.007944     0.1911  29.007583     4.7682     5.0387    -0.0099    97.5008 1.0000e-12  -73.10304 -113.84106  17.038770      63.96 1.0637e+03    867.714      20826  1029.8818  1029.8790    34.4661    34.4629    8.00073         22 0.0000e+00
    469.000    463.646     0.1907  29.010377     0.1930  29.009893     4.7686     5.0391    -0.0112    97.4814 1.0000e-12  -73.10304 -113.84106  17.038781      62.97 1.0679e+03    868.649      20849  1029.8867  1029.8840    34.4665    34.4633    8.00029         23 0.0000e+00
    470.000    464.633     0.1919  29.013012     0.1943  29.012518     4.7721     5.0392    -0.0117    97.4997 1.0000e-12  -73.10304 -113.84106  17.038794      62.01 1.0715e+03    869.759      20875  1029.8926  1029.8898    34.4679    34.4647    7.99995         31 0.0000e+00
    471.000    465.619     0.1928  29.015069     0.1951  29.014551     4.7821     5.0440    -0.0152    97.5158 1.0000e-12  -73.10304 -113.84106  17.038811      60.85 1.0717e+03    871.258      20911  1029.8983  1029.8955    34.4691    34.4658    7.99970         33 0.0000e+00
    472.000    466.608     0.1927  29.016507     0.1950  29.015915     4.7666     5.0355    -0.0049    97.5593 1.0000e-12  -73.10304 -113.84106  17.038828      59.92 1.0686e+03    872.706      20946  1029.9043  1029.9015    34.4704    34.4672    7.99964         30 0.0000e+00
    473.000    467.595     0.2012  29.026697     0.2033  29.025852     4.7441     5.0236    -0.0080    97.5882 1.0000e-12  -73.10304 -113.84106  17.038841      58.93 1.0666e+03    873.821      20973  1029.9109  1029.9080    34.4738    34.4703    7.99770         24 0.0000e+00
    474.000    468.582     0.2093  29.035567     0.2114  29.034603     4.7367     5.0060    -0.0059    97.6098 1.0000e-12  -73.10304 -113.84106  17.038851      58.08 1.0674e+03    874.730      20995  1029.9166  1029.9136    34.4758    34.4722    7.99590         20 0.0000e+00
    475.000    469.571     0.2188  29.045827     0.2214  29.045455     4.7329     4.9986     0.0005    97.6385 1.0000e-12  -73.10304 -113.84106  17.038861      57.08 1.0664e+03    875.613      21016  1029.9222  1029.9194    34.4780    34.4747    7.99379         23 0.0000e+00
    476.000    470.557     0.2233  29.051022     0.2254  29.049876     4.7173     4.9946     0.0058    97.6572 1.0000e-12  -73.10304 -113.84106  17.038874      55.79 1.0593e+03    876.753      21043  1029.9276  1029.9244    34.4792    34.4754    7.99279         33 0.0000e+00
    477.000    471.546     0.2452  29.076228     0.2484  29.075710     4.7081     4.9850    -0.0049    97.6624 1.0000e-12  -73.10304 -113.84106  17.038893      54.72 1.0382e+03    878.347      21081  1029.9369  1029.9333    34.4872    34.4830    7.98779         36 0.0000e+00
    478.000    472.533     0.2642  29.096360     0.2673  29.096145     4.7034     4.9694    -0.0107    97.6589 1.0000e-12  -73.10304 -113.84106  17.038910      53.81 1.0143e+03    879.839      21117  1029.9437  1029.9406    34.4918    34.4882    7.98360         31 0.0000e+00
    479.000    473.519     0.2792  29.112872     0.2816  29.112205     4.6908     4.9624    -0.0083    97.6813 1.0000e-12  -73.10304 -113.84106  17.038923      52.79 9.9438e+02    880.968      21144  1029.9508  1029.9477    34.4962    34.4925    7.98025         25 0.0000e+00
    480.000    474.508     0.2944  29.130546     0.2970  29.129470     4.6872     4.9518    -0.0026    97.6983 1.0000e-12  -73.10304 -113.84106  17.038935      51.76 9.7600e+02    881.970      21168  1029.9587  1029.9551    34.5018    34.4974    7.97680         24 0.0000e+00
    481.000    475.495     0.3125  29.149721     0.3145  29.148588     4.6757     4.9386    -0.0026    97.6869 1.0000e-12  -73.10304 -113.84106  17.038947      50.65 9.5604e+02    883.016      21193  1029.9654  1029.9623    34.5061    34.5023    7.97281         27 0.0000e+00
    482.000    476.484     0.3267  29.165656     0.3291  29.164687     4.6660     4.9386    -0.0066    97.6860 1.0000e-12  -73.10304 -113.84106  17.038964      49.49 9.2913e+02    884.456      21228  1029.9727  1029.9694    34.5105    34.5065    7.96963         36 0.0000e+00
    483.000    477.469     0.3272  29.166520     0.3300  29.166161     4.6671     4.9345    -0.0011    97.6786 1.0000e-12  -73.10304 -113.84107  17.038987      48.43 9.0676e+02    886.476      21276  1029.9779  1029.9748    34.5105    34.5069    7.96953         39 0.0000e+00
    484.000    478.457     0.3295  29.169283     0.3310  29.167792     4.6673     4.9365    -0.0004    97.6399 1.0000e-12  -73.10304 -113.84106  17.039003      47.49 8.9883e+02    887.830      21309  1029.9830  1029.9799    34.5109    34.5073    7.96902         26 0.0000e+00
    485.000    479.443     0.3307  29.171037     0.3329  29.170408     4.6715     4.9376    -0.0004    97.6141 1.0000e-12  -73.10304 -113.84106  17.039014      46.74 8.9397e+02    888.841      21333  1029.9880  1029.9852    34.5113    34.5080    7.96875         23 0.0000e+00
    486.000    480.432     0.3312  29.171929     0.3335  29.171373     4.6748     4.9323    -0.0004    97.5725 1.0000e-12  -73.10304 -113.84106  17.039026      45.53 8.9016e+02    889.822      21357  1029.9928  1029.9900    34.5113    34.5080    7.96864         25 0.0000e+00
    487.000    481.420     0.3314  29.172499     0.3336  29.171837     4.6765     4.9375    -0.0004    97.5991 1.0000e-12  -73.10304 -113.84106  17.039039      44.49 8.8669e+02    891.011      21385  1029.9977  1029.9948    34.5113    34.5079    7.96861         31 0.0000e+00
    488.000    482.407     0.3313  29.172777     0.3339  29.172494     4.6694     4.9335    -0.0010    97.5692 1.0000e-12  -73.10304 -113.84108  17.039061      43.29 8.8912e+02    892.846      21429  1030.0025  1029.9996    34.5111    34.5078    7.96864         39 0.0000e+00
    489.000    483.393     0.3327  29.174501     0.3354  29.174343     4.6706     4.9299    -0.0066    97.5679 1.0000e-12  -73.10304 -113.84107  17.039083      42.45 8.9578e+02    894.782      21476  1030.0073  1030.0045    34.5112    34.5080    7.96834         36 0.0000e+00
    490.000    484.381     0.3343  29.176739     0.3366  29.176246     4.6612     4.9298    -0.0013    97.5812 1.0000e-12  -73.10304 -113.84106  17.039097      41.44 9.0060e+02    895.994      21505  1030.0124  1030.0096    34.5118    34.5086    7.96798         25 0.0000e+00
    491.000    485.369     0.3393  29.182784     0.3418  29.182300     4.6591     4.9256    -0.0007    97.5695 1.0000e-12  -73.10304 -113.84106  17.039109      40.49 9.0412e+02    896.997      21529  1030.0181  1030.0152    34.5135    34.5102    7.96685         23 0.0000e+00
    492.000    486.356     0.3545  29.199991     0.3575  29.199624     4.6527     4.9136    -0.0007    97.5680 1.0000e-12  -73.10304 -113.84107  17.039121      39.40 9.0718e+02    898.050      21554  1030.0253  1030.0221    34.5185    34.5146    7.96343         29 0.0000e+00
    493.000    487.343     0.3656  29.212421     0.3690  29.212659     4.6485     4.9103    -0.0092    97.5526 1.0000e-12  -73.10304 -113.84107  17.039140      38.18 9.1061e+02    899.713      21594  1030.0318  1030.0287    34.5218    34.5183    7.96096         40 0.0000e+00
    494.000    488.331     0.3770  29.225218     0.3793  29.224295     4.6449     4.9037    -0.0025    97.5553 1.0000e-12  -73.10304 -113.84107  17.039163      37.19 9.1633e+02    901.688      21642  1030.0384  1030.0352    34.5252    34.5214    7.95842         35 0.0000e+00
    495.000    489.317     0.3912  29.241331     0.3929  29.239684     4.6393     4.8998    -0.0059    97.5240 1.0000e-12  -73.10304 -113.84107  17.039178      36.31 9.2368e+02    902.959      21672  1030.0456  1030.0422    34.5299    34.5257    7.95524         28 0.0000e+00
    496.000    490.305     0.4012  29.252309     0.4037  29.251796     4.6412     4.9021     0.0035    97.5311 1.0000e-12  -73.10304 -113.84108  17.039191      35.26 9.3186e+02    904.112      21700  1030.0516  1030.0487    34.5324    34.5290    7.95303         30 0.0000e+00
    497.000    491.293     0.4032  29.254970     0.4055  29.254232     4.6338     4.8986     0.0006    97.4988 1.0000e-12  -73.10304 -113.84107  17.039211      34.07 9.4737e+02    905.827      21741  1030.0569  1030.0540    34.5331    34.5296    7.95258         48 0.0000e+00
    498.000    492.280     0.4063  29.258782     0.4090  29.258370     4.6346     4.8993     0.0011    97.4896 1.0000e-12  -73.10304 -113.84107  17.039236      33.04 9.7123e+02    907.965      21792  1030.0623  1030.0593    34.5340    34.5305    7.95188         38 0.0000e+00
    499.000    493.267     0.4201  29.274295     0.4231  29.273913     4.6270     4.8903     0.0096    97.4875 1.0000e-12  -73.10304 -113.84107  17.039254      32.08 1.0024e+03    909.556      21830  1030.0693  1030.0661    34.5383    34.5345    7.94881         35 0.0000e+00
    500.000    494.255     0.4461  29.302586     0.4498  29.303220     4.6238     4.8827     0.0117    97.4644 1.0000e-12  -73.10304 -113.84106  17.039277      31.01 1.0720e+03    911.497      21877  1030.0777  1030.0747    34.5456    34.5423    7.94306         35 0.0000e+00
    501.000    495.242     0.4554  29.312715     0.4580  29.312424     4.6201     4.8791     0.0040    97.4849 1.0000e-12  -73.10304 -113.84107  17.039304      29.94 1.1970e+03    913.889      21934  1030.0837  1030.0809    34.5479    34.5447    7.94103         41 0.0000e+00
    502.000    496.228     0.4696  29.328544     0.4724  29.328356     4.6105     4.8684     0.0036    97.4690 1.0000e-12  -73.10304 -113.84106  17.039332      28.88 1.3138e+03    916.314      21993  1030.0908  1030.0878    34.5522    34.5487    7.93788         31 0.0000e+00
    503.000    497.216     0.4817  29.341534     0.4842  29.340983     4.6045     4.8666     0.0027    97.4623 1.0000e-12  -73.10304 -113.84106  17.039358      27.89 1.3277e+03    918.545      22046  1030.0969  1030.0939    34.5550    34.5515    7.93523         40 0.0000e+00
    504.000    498.204     0.4895  29.350382     0.4921  29.349910     4.6097     4.8624     0.0002    97.4460 1.0000e-12  -73.10304 -113.84106  17.039380      26.81 1.2472e+03    920.417      22091  1030.1029  1030.0999    34.5573    34.5538    7.93351         39 0.0000e+00
    505.000    499.191     0.4989  29.361018     0.5018  29.360923     4.5977     4.8563     0.0088    97.4301 1.0000e-12  -73.10304 -113.84106  17.039419      25.73 1.0066e+03    923.773      22172  1030.1093  1030.1064    34.5600    34.5567    7.93143         38 0.0000e+00
    506.000    500.179     0.5057  29.368324     0.5081  29.367861     4.6001     4.8528     0.0003    97.4042 1.0000e-12  -73.10304 -113.84106  17.039440      24.79 9.0539e+02    925.590      22215  1030.1147  1030.1118    34.5614    34.5580    7.92996         38 0.0000e+00
    507.000    501.165     0.5101  29.373806     0.5130  29.373752     4.5901     4.8485     0.0041    97.3746 1.0000e-12  -73.10304 -113.84105  17.039469      23.66 8.4966e+02    928.120      22276  1030.1204  1030.1176    34.5630    34.5597    7.92896         23 0.0000e+00
    508.000    502.153     0.5128  29.376910     0.5148  29.375954     4.5922     4.8444    -0.0005    97.3445 1.0000e-12  -73.10304 -113.84105  17.039499      22.73 8.4036e+02    930.708      22338  1030.1255  1030.1226    34.5634    34.5600    7.92838         42 0.0000e+00
    509.000    503.140     0.5151  29.379775     0.5176  29.379581     4.5886     4.8454     0.0075    97.3300 1.0000e-12  -73.10304 -113.84104  17.039526      21.66 8.3847e+02    933.023      22394  1030.1306  1030.1280    34.5641    34.5610    7.92788         40 0.0000e+00
    510.000    504.128     0.5164  29.381646     0.5187  29.381139     4.5813     4.8381     0.0106    97.3101 1.0000e-12  -73.10304 -113.84104  17.039559      20.65 8.3649e+02    935.864      22462  1030.1356  1030.1329    34.5644    34.5612    7.92759         43 0.0000e+00
    511.000    505.113     0.5245  29.390948     0.5271  29.390635     4.5804     4.8385     0.0049    97.3035 1.0000e-12  -73.10304 -113.84104  17.039580      19.69 8.3214e+02    937.728      22506  1030.1416  1030.1388    34.5669    34.5637    7.92579         35 0.0000e+00
    512.000    506.099     0.5270  29.394029     0.5296  29.393822     4.5786     4.8355     0.0067    97.2741 1.0000e-12  -73.10304 -113.84104  17.039621      18.50 8.3051e+02    941.292      22592  1030.1467  1030.1440    34.5676    34.5644    7.92524         29 0.0000e+00
    513.000    507.090     0.5278  29.395211     0.5302  29.394849     4.5789     4.8368     0.0069    97.2080 1.0000e-12  -73.10304 -113.84104  17.039653      17.63 8.3220e+02    944.002      22657  1030.1516  1030.1489    34.5676    34.5646    7.92508         37 0.0000e+00
    514.000    508.076     0.5283  29.396311     0.5307  29.395838     4.5763     4.8306     0.0002    97.2388 1.0000e-12  -73.10304 -113.84104  17.039675      16.55 8.3479e+02    945.884      22702  1030.1565  1030.1537    34.5679    34.5646    7.92496         30 0.0000e+00
    515.000    509.065     0.5288  29.397097     0.5311  29.396776     4.5814     4.8348     0.0110    97.2003 1.0000e-12  -73.10304 -113.84105  17.039723      15.58 8.4527e+02    950.108      22804  1030.1612  1030.1586    34.5679    34.5648    7.92487         38 0.0000e+00
    516.000    510.057     0.5289  29.397672     0.5312  29.397417     4.5795     4.8304     0.0054    97.2018 1.0000e-12  -73.10304 -113.84105  17.039747      14.50 8.4868e+02    952.155      22853  1030.1660  1030.1634    34.5679    34.5650    7.92485         34 0.0000e+00
    517.000    511.038     0.5292  29.398364     0.5315  29.398019     4.5302     4.8325     0.0097    97.1742 1.0000e-12  -73.10304 -113.84105  17.039787      13.50 8.5845e+02    955.551      22934  1030.1707  1030.1680    34.5679    34.5649    7.92479         37 0.0000e+00
    518.000    512.026     0.5292  29.399061     0.5317  29.398769     4.6022     4.8303     0.0090    97.1989 1.0000e-12  -73.10304 -113.84106  17.039815      12.50 8.6619e+02    957.995      22993  1030.1755  1030.1729    34.5682    34.5650    7.92476         31 0.0000e+00
    519.000    513.013     0.5295  29.399656     0.5319  29.399342     4.5756     4.8327     0.0046    97.1930 1.0000e-12  -73.10304 -113.84106  17.039856      11.54 8.7580e+02    961.583      23079  1030.1801  1030.1775    34.5681    34.5649    7.92471         38 0.0000e+00
    520.000    513.999     0.5297  29.400257     0.5320  29.399882     4.5765     4.8305    -0.0020    97.1747 1.0000e-12  -73.10304 -113.84106  17.039880      10.48 8.8213e+02    963.649      23129  1030.1849  1030.1822    34.5681    34.5650    7.92468         39 0.0000e+00
    521.000    514.986     0.5296  29.400776     0.5320  29.400344     4.5755     4.8330     0.0022    97.1725 1.0000e-12  -73.10304 -113.84106  17.039925       9.39 8.8690e+02    967.488      23221  1030.1897  1030.1869    34.5682    34.5650    7.92468         33 0.0000e+00
    522.000    515.975     0.5298  29.401321     0.5321  29.400932     4.5724     4.8341     0.0066    97.1844 1.0000e-12  -73.10304 -113.84105  17.039952       8.46 8.8758e+02    969.833      23277  1030.1943  1030.1917    34.5682    34.5650    7.92465         37 0.0000e+00
