ocean_section_plots/required_files/ctd/dnbp2202_ctd011.cnv
* Sea-Bird SBE 9 Data File:
* FileName = D:\Data\raw\NBP2202_CTD011.hex
* Software Version Seasave V 7.26.7.121
* Temperature SN = 1649
* Conductivity SN = 2513
* Number of Bytes Per Scan = 40
* Number of Voltage Words = 5
* Number of Scans Averaged by the Deck Unit = 1
* NMEA Latitude = 73 07.20 S
* NMEA Longitude = 113 53.83 W
* NMEA UTC (Time) = Jan 16 2022  23:46:08
* NMEA baud rate = 9600
** Ship: RVIB N.B. Palmer
** Cruise: NBP2202 Thwaites
** Station: #6
** Operator: A. Robinson
# nquan = 25
# nvalues = 547                         
# units = specified
# name 0 = prDM: Pressure, Digiquartz [db]
# name 1 = depSM: Depth [salt water, m]
# name 2 = t090C: Temperature [ITS-90, deg C]
# name 3 = c0mS/cm: Conductivity [mS/cm]
# name 4 = t190C: Temperature, 2 [ITS-90, deg C]
# name 5 = c1mS/cm: Conductivity, 2 [mS/cm]
# name 6 = sbeox0ML/L: Oxygen, SBE 43 [ml/l]
# name 7 = sbeox1ML/L: Oxygen, SBE 43, 2 [ml/l]
# name 8 = flECO-AFL: Fluorescence, WET Labs ECO-AFL/FL [mg/m^3]
# name 9 = CStarTr0: Beam Transmission, WET Labs C-Star [%]
# name 10 = par: PAR/Irradiance, Biospherical/Licor
# name 11 = latitude: Latitude [deg]
# name 12 = longitude: Longitude [deg]
# name 13 = timeJ: Julian Days
# name 14 = altM: Altimeter [m]
# name 15 = spar: SPAR, Biospherical/Licor
# name 16 = timeS: Time, Elapsed [seconds]
# name 17 = scan: Scan Count
# name 18 = density00: Density [density, kg/m^3]
# name 19 = density11: Density, 2 [density, kg/m^3]
# name 20 = sal00: Salinity, Practical [PSU]
# name 21 = sal11: Salinity, Practical, 2 [PSU]
# name 22 = oxsolML/L: Oxygen Saturation, Garcia & Gordon [ml/l]
# name 23 = nbin: number of scans per bin
# name 24 = flag: flag
# span 0 =      3.000,    549.000       
# span 1 =      2.971,    542.638       
# span 2 =    -1.5912,     0.5421       
# span 3 =  27.054809,  29.425556       
# span 4 =    -1.5906,     0.5444       
# span 5 =  27.054571,  29.425723       
# span 6 =     4.5597,     8.7376       
# span 7 =     4.8032,     9.2364       
# span 8 =    -0.0135,    27.2202       
# span 9 =    71.3737,    98.8069       
# span 10 = -1.810e-05, 2.2368e+02      
# span 11 =  -73.12018,  -73.12014      
# span 12 = -113.89721, -113.89714      
# span 13 =  16.993235,  17.002877      
# span 14 =     -48.92,     100.20      
# span 15 = 5.5219e+02, 2.3974e+03      
# span 16 =    247.478,   1080.581      
# span 17 =       5940,      25935      
# span 18 =  1027.2358,  1030.3224      
# span 19 =  1027.2354,  1030.3204      
# span 20 =    33.8792,    34.5713      
# span 21 =    33.8790,    34.5685      
# span 22 =    7.92196,    8.40920      
# span 23 =          3,         47      
# span 24 = 0.0000e+00, 0.0000e+00      
# interval = decibars: 1                
# start_time = Jan 16 2022 23:46:08 [NMEA time, header]
# bad_flag = -9.990e-29
*END*
[from data line 174]
    177.000    175.103    -1.4650  27.159352    -1.4642  27.159095     6.2913     6.6412     0.2052    97.8441 1.0000e-12  -73.12016 -113.89719  16.996840      99.88 1.6658e+03    558.981      13417  1028.2271  1028.2261    34.0206    34.0194    8.38451         23 0.0000e+00
    178.000    176.091    -1.4422  27.182259    -1.4398  27.182108     6.2670     6.6081     0.3212    97.7965 1.0000e-12  -73.12016 -113.89720  16.996854      99.89 1.5635e+03    560.146      13445  1028.2344  1028.2318    34.0256    34.0226    8.37909         34 0.0000e+00
    179.000    177.080    -1.4211  27.201737    -1.4207  27.200890     6.2432     6.5911     0.2501    97.8595 1.0000e-12  -73.12016 -113.89719  16.996872      99.79 1.4693e+03    561.726      13482  1028.2396  1028.2382    34.0278    34.0261    8.37421         35 0.0000e+00
    180.000    178.069    -1.4138  27.208924    -1.4127  27.208580     6.2252     6.5763     0.2051    97.8063 1.0000e-12  -73.12016 -113.89720  16.996888      99.88 1.6000e+03    563.118      13516  1028.2447  1028.2432    34.0287    34.0270    8.37250         28 0.0000e+00
    181.000    179.057    -1.4049  27.217154    -1.4043  27.216533     6.1999     6.5480     0.2130    97.9237 1.0000e-12  -73.12016 -113.89718  16.996900      99.88 1.7117e+03    564.134      13540  1028.2496  1028.2483    34.0294    34.0278    8.37048         22 0.0000e+00
    182.000    180.047    -1.3918  27.229968    -1.3908  27.229559     6.1754     6.5273     0.1884    97.9245 1.0000e-12  -73.12016 -113.89720  16.996910      99.89 1.7479e+03    565.041      13562  1028.2552  1028.2538    34.0314    34.0297    8.36741         21 0.0000e+00
    183.000    181.036    -1.3804  27.241522    -1.3787  27.241034     6.1603     6.5113     0.2013    97.9697 1.0000e-12  -73.12016 -113.89719  16.996922      99.88 1.7812e+03    566.044      13586  1028.2613  1028.2591    34.0337    34.0312    8.36471         28 0.0000e+00
    184.000    182.025    -1.3602  27.260210    -1.3588  27.259693     6.1538     6.4959     0.1840    97.4008 1.0000e-12  -73.12016 -113.89719  16.996938      99.88 1.7531e+03    567.406      13619  1028.2667  1028.2647    34.0359    34.0335    8.36007         35 0.0000e+00
    185.000    183.012    -1.3498  27.270837    -1.3481  27.270776     6.1545     6.4995     0.2774    97.9654 1.0000e-12  -73.12016 -113.89719  16.996955      99.89 1.7233e+03    568.887      13654  1028.2728  1028.2711    34.0379    34.0359    8.35759         33 0.0000e+00
    186.000    184.003    -1.3499  27.271905    -1.3487  27.271880     6.1711     6.5081     0.3528    97.7937 1.0000e-12  -73.12016 -113.89718  16.996968      99.88 1.7338e+03    570.072      13683  1028.2786  1028.2775    34.0389    34.0376    8.35756         24 0.0000e+00
    187.000    184.990    -1.3564  27.267262    -1.3564  27.266310     6.1811     6.5210     0.2580    98.0244 1.0000e-12  -73.12016 -113.89718  16.996980      99.88 1.8218e+03    571.058      13706  1028.2844  1028.2833    34.0394    34.0380    8.35901         23 0.0000e+00
    188.000    185.981    -1.3595  27.265383    -1.3592  27.264586     6.1845     6.5205     0.1871    98.0001 1.0000e-12  -73.12016 -113.89718  16.996991      99.88 1.8928e+03    572.012      13729  1028.2897  1028.2886    34.0397    34.0382    8.35968         24 0.0000e+00
    189.000    186.968    -1.3611  27.266513    -1.3600  27.265906     6.1797     6.5195     0.2026    97.9090 1.0000e-12  -73.12016 -113.89718  16.997004      98.89 1.9224e+03    573.135      13756  1028.2969  1028.2952    34.0424    34.0403    8.35987         30 0.0000e+00
    190.000    187.957    -1.3606  27.269139    -1.3596  27.268883     6.1691     6.5211     0.2505    97.9702 1.0000e-12  -73.12016 -113.89718  16.997019      97.15 1.9563e+03    574.419      13787  1028.3037  1028.3025    34.0448    34.0434    8.35961         30 0.0000e+00
    191.000    188.945    -1.3636  27.267401    -1.3627  27.266983     6.1596     6.5072     0.1843    97.8648 1.0000e-12  -73.12016 -113.89718  16.997033      99.90 1.9695e+03    575.615      13816  1028.3091  1028.3078    34.0452    34.0436    8.36027         28 0.0000e+00
    192.000    189.935    -1.3618  27.269973    -1.3607  27.269803     6.1569     6.4998     0.1553    97.8920 1.0000e-12  -73.12016 -113.89718  16.997045      99.89 1.9133e+03    576.696      13842  1028.3146  1028.3133    34.0461    34.0446    8.35981         25 0.0000e+00
    193.000    190.924    -1.3551  27.277347    -1.3541  27.276939     6.1525     6.4883     0.1734    97.7994 1.0000e-12  -73.12016 -113.89718  16.997058      99.88 1.7514e+03    577.816      13869  1028.3205  1028.3190    34.0480    34.0462    8.35820         29 0.0000e+00
    194.000    191.911    -1.3541  27.279105    -1.3533  27.278522     6.1537     6.4902     0.2336    97.5789 1.0000e-12  -73.12016 -113.89718  16.997073      99.88 1.6354e+03    579.130      13900  1028.3258  1028.3244    34.0486    34.0469    8.35793         31 0.0000e+00
    195.000    192.901    -1.3533  27.281138    -1.3527  27.280423     6.1469     6.4844     0.1838    98.0891 1.0000e-12  -73.12016 -113.89718  16.997088      99.88 1.7730e+03    580.417      13931  1028.3317  1028.3302    34.0499    34.0482    8.35768         28 0.0000e+00
    196.000    193.886    -1.3503  27.284790    -1.3500  27.284114     6.1192     6.4570     0.1171    97.9210 1.0000e-12  -73.12016 -113.89718  16.997100      99.89 1.8285e+03    581.440      13956  1028.3371  1028.3360    34.0509    34.0496    8.35696         21 0.0000e+00
    197.000    194.881    -1.3427  27.293244    -1.3416  27.292508     6.0934     6.4233     0.1469    97.5896 1.0000e-12  -73.12016 -113.89718  16.997110      99.88 1.8183e+03    582.315      13977  1028.3434  1028.3414    34.0533    34.0509    8.35511         21 0.0000e+00
    198.000    195.867    -1.3171  27.317449    -1.3156  27.316738     6.0747     6.4087     0.1500    97.9614 1.0000e-12  -73.12016 -113.89718  16.997121      99.88 1.8460e+03    583.218      13998  1028.3493  1028.3471    34.0568    34.0540    8.34917         24 0.0000e+00
    199.000    196.856    -1.2979  27.334928    -1.2969  27.334340     6.0655     6.4009     0.1627    97.9484 1.0000e-12  -73.12016 -113.89718  16.997135      99.89 1.9318e+03    584.496      14029  1028.3544  1028.3527    34.0583    34.0563    8.34479         37 0.0000e+00
    200.000    197.844    -1.2946  27.338721    -1.2937  27.338215     6.0609     6.3982     0.1931    97.8850 1.0000e-12  -73.12016 -113.89718  16.997157      88.92 1.9759e+03    586.366      14074  1028.3599  1028.3585    34.0591    34.0574    8.34400         31 0.0000e+00
    201.000    198.833    -1.2928  27.341220    -1.2919  27.340687     6.0653     6.3919     0.1541    97.9849 1.0000e-12  -73.12016 -113.89718  16.997172      97.14 1.9637e+03    587.674      14105  1028.3654  1028.3640    34.0599    34.0581    8.34355         24 0.0000e+00
    202.000    199.823    -1.2891  27.345429    -1.2883  27.344729     6.0703     6.3961     0.1758    98.0995 1.0000e-12  -73.12016 -113.89718  16.997183      99.94 1.9846e+03    588.600      14127  1028.3709  1028.3693    34.0608    34.0590    8.34267         21 0.0000e+00
    203.000    200.811    -1.2878  27.347512    -1.2869  27.347027     6.0786     6.4035     0.2058    98.1226 1.0000e-12  -73.12016 -113.89718  16.997193      99.89 1.9997e+03    589.439      14148  1028.3763  1028.3749    34.0616    34.0599    8.34234         21 0.0000e+00
    204.000    201.800    -1.2887  27.347506    -1.2878  27.347025     6.0872     6.4168     0.1420    98.1300 1.0000e-12  -73.12016 -113.89718  16.997203      99.88 1.9867e+03    590.379      14170  1028.3816  1028.3802    34.0620    34.0603    8.34251         25 0.0000e+00
    205.000    202.788    -1.2925  27.345033    -1.2917  27.344543     6.1012     6.4328     0.1838    98.0547 1.0000e-12  -73.12016 -113.89718  16.997219      99.89 1.9667e+03    591.686      14201  1028.3870  1028.3857    34.0623    34.0607    8.34335         38 0.0000e+00
    206.000    203.777    -1.2989  27.340308    -1.2981  27.339754     6.1381     6.4546     0.2107    98.0873 1.0000e-12  -73.12016 -113.89718  16.997237      99.89 1.9904e+03    593.319      14241  1028.3924  1028.3911    34.0624    34.0608    8.34476         35 0.0000e+00
    207.000    204.766    -1.3066  27.334293    -1.3057  27.334107     6.1899     6.5087     0.0920    98.0459 1.0000e-12  -73.12016 -113.89718  16.997253      99.89 2.0373e+03    594.688      14274  1028.3977  1028.3967    34.0623    34.0611    8.34649         29 0.0000e+00
    208.000    205.755    -1.3253  27.319445    -1.3250  27.319058     6.2726     6.5905     0.1078    98.0963 1.0000e-12  -73.12016 -113.89718  16.997266      99.88 2.0625e+03    595.763      14299  1028.4040  1028.4032    34.0626    34.0617    8.35066         23 0.0000e+00
    209.000    206.743    -1.3385  27.308241    -1.3384  27.307971     6.3408     6.6489     0.1752    98.0300 1.0000e-12  -73.12016 -113.89718  16.997277      99.88 2.0451e+03    596.693      14322  1028.4088  1028.4084    34.0616    34.0611    8.35367         22 0.0000e+00
    210.000    207.733    -1.3873  27.268090    -1.3867  27.268344     6.3939     6.7024     0.1666    97.9537 1.0000e-12  -73.12016 -113.89718  16.997287      99.89 2.0294e+03    597.584      14343  1028.4165  1028.4162    34.0613    34.0610    8.36463         22 0.0000e+00
    211.000    208.721    -1.4098  27.250000    -1.4100  27.249621     6.4753     6.7834     0.1148    97.9636 1.0000e-12  -73.12016 -113.89718  16.997299      78.75 2.0403e+03    598.608      14368  1028.4225  1028.4223    34.0614    34.0611    8.36967         28 0.0000e+00
    212.000    209.710    -1.4678  27.200051    -1.4661  27.202298     6.5467     6.8609     0.0962    98.1094 1.0000e-12  -73.12016 -113.89718  16.997315      95.11 2.0094e+03    600.017      14401  1028.4279  1028.4287    34.0580    34.0592    8.38292         36 0.0000e+00
    213.000    210.697    -1.5194  27.157967    -1.5185  27.158076     6.5420     6.8804     0.0944    98.1174 1.0000e-12  -73.12016 -113.89718  16.997332      99.93 1.8968e+03    601.517      14437  1028.4354  1028.4346    34.0582    34.0573    8.39454         33 0.0000e+00
    214.000    211.687    -1.5142  27.163600    -1.5135  27.162944     6.5608     6.9056     0.0647    98.1428 1.0000e-12  -73.12016 -113.89718  16.997347      99.89 1.8200e+03    602.742      14467  1028.4401  1028.4387    34.0594    34.0577    8.39329         26 0.0000e+00
    215.000    212.676    -1.5182  27.160243    -1.5189  27.159622     6.5375     6.8812     0.0944    98.1923 1.0000e-12  -73.12016 -113.89718  16.997359      99.89 1.7955e+03    603.778      14492  1028.4442  1028.4442    34.0587    34.0586    8.39423         24 0.0000e+00
    216.000    213.665    -1.5389  27.146866    -1.5376  27.146547     6.5020     6.8530     0.1256    97.9658 1.0000e-12  -73.12016 -113.89718  16.997370      99.88 1.6973e+03    604.781      14516  1028.4535  1028.4519    34.0632    34.0613    8.39864         25 0.0000e+00
    217.000    214.653    -1.5037  27.180118    -1.5024  27.179785     6.4851     6.8370     0.0988    98.0758 1.0000e-12  -73.12016 -113.89718  16.997383      99.88 1.6169e+03    605.882      14542  1028.4598  1028.4582    34.0684    34.0665    8.39039         28 0.0000e+00
    218.000    215.642    -1.5029  27.182014    -1.5022  27.181713     6.4760     6.8342     0.2276    98.1460 1.0000e-12  -73.12016 -113.89720  16.997397      99.88 1.5943e+03    607.083      14571  1028.4652  1028.4641    34.0695    34.0682    8.39015         29 0.0000e+00
    219.000    216.630    -1.5037  27.183072    -1.5028  27.182683     6.4544     6.8127     0.2203    98.1892 1.0000e-12  -73.12016 -113.89720  16.997411      99.86 1.5576e+03    608.341      14601  1028.4712  1028.4699    34.0712    34.0696    8.39023         31 0.0000e+00
    220.000    217.619    -1.4957  27.191382    -1.4930  27.192215     6.4236     6.7837     0.0640    98.2264 1.0000e-12  -73.12016 -113.89720  16.997426      99.88 1.4490e+03    609.571      14631  1028.4766  1028.4749    34.0729    34.0710    8.38831         28 0.0000e+00
    221.000    218.608    -1.4803  27.206149    -1.4783  27.206454     6.3877     6.7514     0.0801    98.2850 1.0000e-12  -73.12016 -113.89720  16.997439      99.89 1.3793e+03    610.703      14658  1028.4821  1028.4804    34.0751    34.0732    8.38472         26 0.0000e+00
    222.000    219.596    -1.4638  27.222001    -1.4627  27.221550     6.3578     6.7223     0.0762    98.2512 1.0000e-12  -73.12016 -113.89720  16.997452      98.85 1.3702e+03    611.820      14685  1028.4877  1028.4861    34.0775    34.0756    8.38084         29 0.0000e+00
    223.000    220.585    -1.4467  27.238736    -1.4447  27.238394     6.3472     6.7046     0.0825    98.2766 1.0000e-12  -73.12016 -113.89720  16.997466      99.72 1.3953e+03    613.063      14715  1028.4938  1028.4915    34.0804    34.0777    8.37683         31 0.0000e+00
    224.000    221.573    -1.4340  27.250383    -1.4328  27.250108     6.3284     6.7020     0.0638    98.2955 1.0000e-12  -73.12016 -113.89720  16.997481      99.89 1.5699e+03    614.338      14745  1028.4987  1028.4973    34.0814    34.0797    8.37392         28 0.0000e+00
    225.000    222.562    -1.4310  27.253549    -1.4305  27.252791     6.3095     6.6728     0.0582    98.2843 1.0000e-12  -73.12016 -113.89720  16.997493      99.89 1.7326e+03    615.397      14771  1028.5036  1028.5023    34.0817    34.0801    8.37322         24 0.0000e+00
    226.000    223.550    -1.4257  27.259357    -1.4251  27.258302     6.2751     6.6346     0.0644    98.2752 1.0000e-12  -73.12016 -113.89720  16.997504      99.89 1.7745e+03    616.336      14793  1028.5093  1028.5076    34.0831    34.0809    8.37195         22 0.0000e+00
    227.000    224.541    -1.3989  27.283440    -1.3982  27.282187     6.2615     6.6150     0.0791    98.0973 1.0000e-12  -73.12016 -113.89720  16.997516      99.89 1.7766e+03    617.375      14818  1028.5140  1028.5120    34.0850    34.0825    8.36582         29 0.0000e+00
    228.000    225.528    -1.3849  27.296423    -1.3847  27.295162     6.2504     6.6061     0.0748    98.3005 1.0000e-12  -73.12016 -113.89720  16.997532      99.88 1.8055e+03    618.797      14852  1028.5193  1028.5177    34.0864    34.0844    8.36260         32 0.0000e+00
    229.000    226.516    -1.3796  27.301810    -1.3785  27.301303     6.2437     6.5954     0.0835    98.2539 1.0000e-12  -73.12016 -113.89720  16.997550      99.89 1.7063e+03    620.328      14889  1028.5246  1028.5230    34.0870    34.0852    8.36136         32 0.0000e+00
    230.000    227.506    -1.3673  27.313307    -1.3666  27.312476     6.2410     6.5849     0.0747    98.2998 1.0000e-12  -73.12016 -113.89720  16.997563      99.88 1.6627e+03    621.426      14915  1028.5298  1028.5282    34.0883    34.0864    8.35854         23 0.0000e+00
    231.000    228.494    -1.3664  27.314818    -1.3656  27.314369     6.2488     6.6001     0.0789    98.3233 1.0000e-12  -73.12016 -113.89720  16.997573      99.88 1.6461e+03    622.345      14937  1028.5351  1028.5337    34.0888    34.0871    8.35832         21 0.0000e+00
    232.000    229.482    -1.3667  27.315278    -1.3657  27.314798     6.2614     6.6058     0.0516    98.3187 1.0000e-12  -73.12016 -113.89720  16.997584      99.88 1.6279e+03    623.256      14959  1028.5403  1028.5388    34.0890    34.0873    8.35835         24 0.0000e+00
    233.000    230.471    -1.3692  27.313475    -1.3686  27.312895     6.2761     6.6128     0.0567    98.3139 1.0000e-12  -73.12016 -113.89720  16.997598      95.96 1.6619e+03    624.450      14988  1028.5452  1028.5440    34.0887    34.0873    8.35893         35 0.0000e+00
