ocean_section_plots/required_files/ctd/dnbp2202_ctd220.cnv
* Sea-Bird SBE 9 Data File:
* FileName = D:\Data\raw\NBP2202_CTD220.hex
* Software Version Seasave V 7.26.7.121
* Temperature SN = 1649
* Conductivity SN = 2513
* Number of Bytes Per Scan = 40
* Number of Voltage Words = 5
* Number of Scans Averaged by the Deck Unit = 1
* NMEA Latitude = 74 12.02 S
* NMEA Longitude = 110 54.02 W
* NMEA UTC (Time) = Feb 11 2022  12:49:20
* NMEA baud rate = 9600
** Ship: RVIB N.B. Palmer
** Cruise: NBP2202 Thwaites
** Station: 132
** Operator: B. Bjork
# nquan = 28
# nvalues = 509                         
# units = specified
# name 0 = prDM: Pressure, Digiquartz [db]
# name 1 = depSM: Depth [salt water, m]
# name 2 = t090C: Temperature [ITS-90, deg C]
# name 3 = c0mS/cm: Conductivity [mS/cm]
# name 4 = t190C: Temperature, 2 [ITS-90, deg C]
# name 5 = c1mS/cm: Conductivity, 2 [mS/cm]
# name 6 = sbeox0ML/L: Oxygen, SBE 43 [ml/l]
# name 7 = sbeox1ML/L: Oxygen, SBE 43, 2 [ml/l]
# name 8 = flECO-AFL: Fluorescence, WET Labs ECO-AFL/FL [mg/m^3]
# name 9 = CStarTr0: Beam Transmission, WET Labs C-Star [%]
# name 10 = par: PAR/Irradiance, Biospherical/Licor
# name 11 = latitude: Latitude [deg]
# name 12 = longitude: Longitude [deg]
# name 13 = timeJ: Julian Days
# name 14 = altM: Altimeter [m]
# name 15 = spar: SPAR, Biospherical/Licor
# name 16 = timeS: Time, Elapsed [seconds]
# name 17 = scan: Scan Count
# name 18 = density00: Density [density, kg/m^3]
# name 19 = density11: Density, 2 [density, kg/m^3]
# name 20 = v3: Voltage 3
# name 21 = v4: Voltage 4
# name 22 = v5: Voltage 5
# name 23 = sal00: Salinity, Practical [PSU]
# name 24 = sal11: Salinity, Practical, 2 [PSU]
# name 25 = oxsolML/L: Oxygen Saturation, Garcia & Gordon [ml/l]
# name 26 = nbin: number of scans per bin
# name 27 = flag: flag
# span 0 =      3.000,    511.000       
# span 1 =      2.968,    505.088       
# span 2 =    -1.4238,    -1.1892       
# span 3 =  26.966032,  27.527527       
# span 4 =    -1.4239,    -1.1881       
# span 5 =  26.966008,  27.527633       
# span 6 =     5.4757,     6.2712       
# span 7 =     5.6656,     6.4251       
# span 8 =    -0.0230,     1.0421       
# span 9 =    95.6496,    97.8113       
# span 10 = -2.524e-06, 2.9022e+01      
# span 11 =  -74.20042,  -74.20040      
# span 12 = -110.90038, -110.90034      
# span 13 =  42.536941,  42.544112      
# span 14 =       6.88,     100.32      
# span 15 = 7.5984e+01, 8.8096e+01      
# span 16 =    231.685,    851.285      
# span 17 =       5561,      20432      
# span 18 =  1027.2208,  1029.8712      
# span 19 =  1027.2215,  1029.8697      
# span 20 =     4.5376,     4.6400      
# span 21 =     0.0634,     0.2777      
# span 22 =     0.1235,     0.1378      
# span 23 =    33.8134,    34.0923      
# span 24 =    33.8139,    34.0906      
# span 25 =    8.32439,    8.38755      
# span 26 =         22,         68      
# span 27 = 0.0000e+00, 0.0000e+00      
# interval = decibars: 1                
# start_time = Feb 11 2022 12:49:20 [NMEA time, header]
# bad_flag = -9.990e-29
*END*
[from data line 467]
    470.000    464.607    -1.2666  27.505065    -1.2662  27.504207     5.9366     6.1794    -0.0150    97.7439 1.0000e-12  -74.20042 -110.90034  42.542753      49.28 8.5669e+01    733.838      17613  1029.6734  1029.6720     4.6368     0.0646     0.1285    34.0889    34.0873    8.33598         27 0.0000e+00
    471.000    465.596    -1.2691  27.503408    -1.2674  27.503512     6.0415     6.1839    -0.0150    97.7416 1.0000e-12  -74.20042 -110.90034  42.542767      48.23 8.4782e+01    735.038      17642  1029.6783  1029.6768     4.6367     0.0641     0.1296    34.0889    34.0872    8.33654         30 0.0000e+00
    472.000    466.582    -1.2692  27.503597    -1.2675  27.503864     6.0591     6.1762    -0.0150    97.7028 1.0000e-12  -74.20042 -110.90034  42.542781      47.20 8.4026e+01    736.278      17672  1029.6829  1029.6815     4.6349     0.0656     0.1273    34.0887    34.0872    8.33658         30 0.0000e+00
    473.000    467.569    -1.2697  27.503729    -1.2683  27.503688     5.9593     6.1827    -0.0150    97.7686 1.0000e-12  -74.20042 -110.90034  42.542795      46.16 8.6396e+01    737.529      17702  1029.6877  1029.6863     4.6380     0.0651     0.1287    34.0889    34.0872    8.33668         30 0.0000e+00
    474.000    468.558    -1.2697  27.504244    -1.2681  27.504283     6.0267     6.1855    -0.0097    97.7885 1.0000e-12  -74.20042 -110.90034  42.542810      45.16 8.3876e+01    738.826      17733  1029.6925  1029.6910     4.6390     0.0651     0.1263    34.0889    34.0872    8.33667         32 0.0000e+00
    475.000    469.544    -1.2703  27.504134    -1.2689  27.503991     6.0128     6.1829    -0.0079    97.7752 1.0000e-12  -74.20042 -110.90034  42.542826      44.13 8.3423e+01    740.127      17764  1029.6972  1029.6958     4.6383     0.0640     0.1276    34.0888    34.0871    8.33681         31 0.0000e+00
    476.000    470.532    -1.2706  27.504407    -1.2690  27.504430     6.0042     6.1834    -0.0093    97.7580 1.0000e-12  -74.20042 -110.90034  42.542840      43.02 8.5670e+01    741.400      17795  1029.7021  1029.7006     4.6375     0.0636     0.1288    34.0890    34.0872    8.33687         31 0.0000e+00
    477.000    471.520    -1.2706  27.504857    -1.2693  27.504617     6.0359     6.1856    -0.0179    97.7386 1.0000e-12  -74.20042 -110.90034  42.542856      42.04 8.4465e+01    742.717      17826  1029.7068  1029.7053     4.6366     0.0646     0.1281    34.0889    34.0871    8.33687         32 0.0000e+00
    478.000    472.507    -1.2739  27.502314    -1.2729  27.502048     6.0882     6.1942    -0.0104    97.7805 1.0000e-12  -74.20042 -110.90034  42.542871      41.01 8.3081e+01    744.029      17858  1029.7116  1029.7103     4.6386     0.0661     0.1305    34.0886    34.0872    8.33763         30 0.0000e+00
    479.000    473.493    -1.2774  27.499933    -1.2754  27.500377     6.0065     6.2011    -0.0153    97.7744 1.0000e-12  -74.20042 -110.90034  42.542885      39.99 8.4336e+01    745.294      17888  1029.7166  1029.7152     4.6383     0.0648     0.1309    34.0887    34.0871    8.33840         31 0.0000e+00
    480.000    474.482    -1.2784  27.499528    -1.2767  27.499664     6.0199     6.2013    -0.0162    97.7568 1.0000e-12  -74.20042 -110.90034  42.542901      38.93 8.2964e+01    746.608      17920  1029.7214  1029.7199     4.6374     0.0649     0.1299    34.0887    34.0870    8.33864         29 0.0000e+00
    481.000    475.469    -1.2787  27.499738    -1.2772  27.499789     6.0263     6.1976    -0.0080    97.7536 1.0000e-12  -74.20041 -110.90034  42.542916      37.95 8.3617e+01    747.934      17951  1029.7261  1029.7247     4.6373     0.0656     0.1287    34.0887    34.0871    8.33869         30 0.0000e+00
    482.000    476.455    -1.2787  27.500249    -1.2772  27.500216     6.0244     6.1998    -0.0099    97.7742 1.0000e-12  -74.20042 -110.90036  42.542930      36.94 8.4029e+01    749.184      17981  1029.7310  1029.7295     4.6383     0.0657     0.1278    34.0888    34.0871    8.33869         30 0.0000e+00
    483.000    477.445    -1.2779  27.501375    -1.2764  27.501435     6.0460     6.1926    -0.0150    97.7145 1.0000e-12  -74.20041 -110.90035  42.542946      35.91 8.4203e+01    750.519      18013  1029.7357  1029.7343     4.6354     0.0646     0.1297    34.0889    34.0872    8.33852         34 0.0000e+00
    484.000    478.430    -1.2777  27.502121    -1.2761  27.502130     5.9932     6.2002    -0.0204    97.7698 1.0000e-12  -74.20041 -110.90035  42.542962      34.86 8.3925e+01    751.909      18047  1029.7405  1029.7390     4.6381     0.0658     0.1291    34.0890    34.0872    8.33846         33 0.0000e+00
    485.000    479.418    -1.2778  27.502619    -1.2762  27.502656     6.0107     6.2030    -0.0164    97.7634 1.0000e-12  -74.20041 -110.90035  42.542978      33.83 8.3684e+01    753.259      18079  1029.7454  1029.7439     4.6378     0.0634     0.1299    34.0892    34.0874    8.33846         32 0.0000e+00
    486.000    480.405    -1.2781  27.502698    -1.2766  27.502767     6.0498     6.2002    -0.0204    97.7623 1.0000e-12  -74.20041 -110.90035  42.542993      32.81 8.4671e+01    754.625      18112  1029.7501  1029.7487     4.6377     0.0647     0.1318    34.0890    34.0874    8.33854         33 0.0000e+00
    487.000    481.393    -1.2785  27.502908    -1.2768  27.502998     6.0383     6.1969    -0.0114    97.7379 1.0000e-12  -74.20041 -110.90035  42.543010      31.80 8.3490e+01    756.029      18146  1029.7549  1029.7535     4.6365     0.0656     0.1288    34.0892    34.0874    8.33863         32 0.0000e+00
    488.000    482.380    -1.2789  27.503032    -1.2774  27.503042     6.0535     6.1982    -0.0186    97.7729 1.0000e-12  -74.20042 -110.90034  42.543026      30.79 8.2673e+01    757.426      18179  1029.7597  1029.7583     4.6382     0.0678     0.1290    34.0892    34.0875    8.33871         32 0.0000e+00
    489.000    483.367    -1.2786  27.503999    -1.2768  27.504064     5.9978     6.2028    -0.0173    97.7618 1.0000e-12  -74.20042 -110.90034  42.543042      29.77 8.3115e+01    758.845      18213  1029.7648  1029.7631     4.6377     0.0662     0.1309    34.0896    34.0876    8.33862         33 0.0000e+00
    490.000    484.355    -1.2784  27.504643    -1.2766  27.504750     6.0761     6.2017    -0.0194    97.7652 1.0000e-12  -74.20042 -110.90034  42.543059      28.72 8.2490e+01    760.318      18249  1029.7695  1029.7679     4.6379     0.0656     0.1278    34.0896    34.0877    8.33858         34 0.0000e+00
    491.000    485.342    -1.2778  27.505545    -1.2759  27.505779     5.9892     6.2034    -0.0200    97.7652 1.0000e-12  -74.20042 -110.90034  42.543076      27.78 8.2388e+01    761.735      18283  1029.7743  1029.7727     4.6379     0.0649     0.1275    34.0896    34.0878    8.33845         34 0.0000e+00
    492.000    486.329    -1.2773  27.506592    -1.2755  27.506648     6.0142     6.1971    -0.0196    97.7672 1.0000e-12  -74.20042 -110.90034  42.543093      26.71 8.3821e+01    763.222      18318  1029.7792  1029.7775     4.6379     0.0649     0.1261    34.0899    34.0879    8.33833         37 0.0000e+00
    493.000    487.317    -1.2771  27.507200    -1.2754  27.507230     6.0848     6.1904    -0.0144    97.7606 1.0000e-12  -74.20042 -110.90034  42.543110      25.66 8.1875e+01    764.684      18353  1029.7839  1029.7823     4.6376     0.0663     0.1293    34.0898    34.0879    8.33827         34 0.0000e+00
    494.000    488.304    -1.2762  27.508518    -1.2746  27.508548     5.9752     6.1944    -0.0135    97.7554 1.0000e-12  -74.20042 -110.90034  42.543128      24.55 8.0976e+01    766.229      18390  1029.7887  1029.7872     4.6374     0.0662     0.1303    34.0900    34.0882    8.33807         41 0.0000e+00
    495.000    489.291    -1.2745  27.510622    -1.2728  27.510574     6.0753     6.1901    -0.0150    97.7718 1.0000e-12  -74.20042 -110.90034  42.543148      23.55 8.3693e+01    767.990      18433  1029.7936  1029.7919     4.6382     0.0652     0.1241    34.0903    34.0884    8.33766         41 0.0000e+00
    496.000    490.279    -1.2738  27.511748    -1.2720  27.511812     6.0010     6.1943    -0.0150    97.7751 1.0000e-12  -74.20042 -110.90034  42.543170      22.49 8.1840e+01    769.880      18478  1029.7984  1029.7968     4.6383     0.0660     0.1283    34.0904    34.0885    8.33749         39 0.0000e+00
    497.000    491.265    -1.2721  27.513704    -1.2702  27.513775     6.0179     6.1904    -0.0097    97.7553 1.0000e-12  -74.20042 -110.90034  42.543191      21.49 8.0207e+01    771.712      18522  1029.8032  1029.8015     4.6374     0.0668     0.1294    34.0906    34.0886    8.33711         32 0.0000e+00
    498.000    492.253    -1.2716  27.514409    -1.2698  27.514661     6.0195     6.1892    -0.0120    97.7651 1.0000e-12  -74.20042 -110.90034  42.543214      20.42 8.3446e+01    773.697      18570  1029.8078  1029.8064     4.6379     0.0672     0.1324    34.0904    34.0887    8.33701         44 0.0000e+00
    499.000    493.241    -1.2684  27.517844    -1.2667  27.517704     6.0115     6.1835    -0.0114    97.7528 1.0000e-12  -74.20042 -110.90034  42.543236      19.45 8.1426e+01    775.619      18616  1029.8127  1029.8109     4.6373     0.0656     0.1295    34.0909    34.0888    8.33628         42 0.0000e+00
    500.000    494.227    -1.2674  27.519042    -1.2659  27.518942     6.0142     6.1873    -0.0101    97.6938 1.0000e-12  -74.20042 -110.90035  42.543259      18.38 8.0626e+01    777.582      18663  1029.8173  1029.8158     4.6344     0.0664     0.1266    34.0907    34.0889    8.33605         36 0.0000e+00
    501.000    495.215    -1.2661  27.520671    -1.2645  27.520612     6.0052     6.1869    -0.0149    97.7704 1.0000e-12  -74.20042 -110.90035  42.543282      17.38 8.3038e+01    779.597      18711  1029.8221  1029.8206     4.6381     0.0666     0.1266    34.0909    34.0891    8.33575         47 0.0000e+00
    502.000    496.202    -1.2669  27.520255    -1.2653  27.520444     6.0136     6.1804    -0.0112    97.7721 1.0000e-12  -74.20042 -110.90035  42.543308      16.30 8.1193e+01    781.819      18765  1029.8268  1029.8254     4.6382     0.0673     0.1291    34.0907    34.0890    8.33596         40 0.0000e+00
    503.000    497.188    -1.2633  27.524160    -1.2614  27.524574     6.0086     6.1811    -0.0117    97.7586 1.0000e-12  -74.20042 -110.90035  42.543337      15.25 8.0081e+01    784.312      18824  1029.8319  1029.8304     4.6375     0.0667     0.1330    34.0913    34.0896    8.33512         27 0.0000e+00
    504.000    498.177    -1.2606  27.527145    -1.2592  27.527037     6.0093     6.1741    -0.0104    97.7584 1.0000e-12  -74.20042 -110.90036  42.543366      14.24 8.0523e+01    786.857      18886  1029.8368  1029.8353     4.6375     0.0669     0.1271    34.0917    34.0899    8.33449         42 0.0000e+00
    505.000    499.164    -1.2608  27.527515    -1.2591  27.527633     6.0060     6.1771    -0.0128    97.7705 1.0000e-12  -74.20042 -110.90036  42.543397      13.20 8.0946e+01    789.513      18949  1029.8417  1029.8401     4.6381     0.0677     0.1374    34.0918    34.0900    8.33452         45 0.0000e+00
    506.000    500.148    -1.2621  27.526936    -1.2600  27.527306     6.0200     6.1732    -0.0087    97.7743 1.0000e-12  -74.20042 -110.90036  42.543431      12.16 8.0516e+01    792.415      19019  1029.8466  1029.8450     4.6382     0.0671     0.1280    34.0918    34.0900    8.33480         34 0.0000e+00
    507.000    501.137    -1.2619  27.527527    -1.2605  27.527435     6.0136     6.1860    -0.0144    97.7708 1.0000e-12  -74.20042 -110.90036  42.543463      11.12 7.9285e+01    795.245      19087  1029.8514  1029.8499     4.6382     0.0679     0.1373    34.0919    34.0901    8.33476         33 0.0000e+00
    508.000    502.126    -1.2636  27.526554    -1.2621  27.526502     6.0113     6.1842    -0.0198    97.7517 1.0000e-12  -74.20042 -110.90036  42.543497      10.11 8.1597e+01    798.157      19157  1029.8562  1029.8548     4.6372     0.0667     0.1307    34.0919    34.0901    8.33514         45 0.0000e+00
    509.000    503.115    -1.2666  27.524646    -1.2654  27.524388     6.0096     6.1886    -0.0172    97.7388 1.0000e-12  -74.20042 -110.90036  42.543530       9.10 8.0149e+01    800.957      19224  1029.8614  1029.8599     4.6366     0.0663     0.1302    34.0920    34.0903    8.33580         31 0.0000e+00
    510.000    504.101    -1.2692  27.523007    -1.2685  27.522488     6.0279     6.1952    -0.0149    97.7126 1.0000e-12  -74.20042 -110.90036  42.543564       8.07 7.9641e+01    803.896      19295  1029.8664  1029.8651     4.6353     0.0673     0.1291    34.0922    34.0906    8.33638         32 0.0000e+00
    511.000    505.088    -1.2694  27.523445    -1.2679  27.523396     6.0257     6.1935    -0.0168    97.7651 1.0000e-12  -74.20042 -110.90036  42.544112       6.88 8.1258e+01    851.285      20432  1029.8712  1029.8697     4.6379     0.0677     0.1300    34.0923    34.0906    8.33640         68 0.0000e+00
