ocean_section_plots/required_files/ctd/dnbp2202_ctd033.cnv
* Sea-Bird SBE 9 Data File:
* FileName = D:\Data\raw\NBP2202_CTD033.hex
* Software Version Seasave V 7.26.7.121
* Temperature SN = 1649
* Conductivity SN = 2513
* Number of Bytes Per Scan = 40
* Number of Voltage Words = 5
* Number of Scans Averaged by the Deck Unit = 1
* NMEA Latitude = 74 09.02 S
* NMEA Longitude = 111 53.91 W
* NMEA UTC (Time) = Jan 21 2022  23:44:24
* NMEA baud rate = 9600
** Ship: RVIB N.B. Palmer
** Cruise: NBP2202 Thwaites
** Station: 20
** Operator: A. Robinson
# nquan = 25
# nvalues = 504                         
# units = specified
# name 0 = prDM: Pressure, Digiquartz [db]
# name 1 = depSM: Depth [salt water, m]
# name 2 = t090C: Temperature [ITS-90, deg C]
# name 3 = c0mS/cm: Conductivity [mS/cm]
# name 4 = t190C: Temperature, 2 [ITS-90, deg C]
# name 5 = c1mS/cm: Conductivity, 2 [mS/cm]
# name 6 = sbeox0ML/L: Oxygen, SBE 43 [ml/l]
# name 7 = sbeox1ML/L: Oxygen, SBE 43, 2 [ml/l]
# name 8 = flECO-AFL: Fluorescence, WET Labs ECO-AFL/FL [mg/m^3]
# name 9 = CStarTr0: Beam Transmission, WET Labs C-Star [%]
# name 10 = par: PAR/Irradiance, Biospherical/Licor
# name 11 = latitude: Latitude [deg]
# name 12 = longitude: Longitude [deg]
# name 13 = timeJ: Julian Days
# name 14 = altM: Altimeter [m]
# name 15 = spar: SPAR, Biospherical/Licor
# name 16 = timeS: Time, Elapsed [seconds]
# name 17 = scan: Scan Count
# name 18 = density00: Density [density, kg/m^3]
# name 19 = density11: Density, 2 [density, kg/m^3]
# name 20 = sal00: Salinity, Practical [PSU]
# name 21 = sal11: Salinity, Practical, 2 [PSU]
# name 22 = oxsolML/L: Oxygen Saturation, Garcia & Gordon [ml/l]
# name 23 = nbin: number of scans per bin
# name 24 = flag: flag
# span 0 =      2.000,    505.000       
# span 1 =      1.977,    499.167       
# span 2 =    -1.5454,     0.1274       
# span 3 =  27.055305,  28.949195       
# span 4 =    -1.5458,     0.1297       
# span 5 =  27.054838,  28.949045       
# span 6 =     4.7845,     7.9232       
# span 7 =     5.0511,     8.1671       
# span 8 =    -0.0150,    12.8454       
# span 9 =    77.5933,    97.3479       
# span 10 = -7.723e-07, 1.0602e+03      
# span 11 =  -74.15036,  -74.15036      
# span 12 = -111.89864, -111.89860      
# span 13 =  21.992251,  22.000733      
# span 14 =       4.70,      99.66      
# span 15 = 1.5902e+03, 1.7699e+03      
# span 16 =    266.457,    999.348      
# span 17 =       6396,      23985      
# span 18 =  1027.1908,  1030.0368      
# span 19 =  1027.1948,  1030.0344      
# span 20 =    33.7775,    34.4355      
# span 21 =    33.7802,    34.4328      
# span 22 =    8.01520,    8.40493      
# span 23 =         19,         53      
# span 24 = 0.0000e+00, 0.0000e+00      
# interval = decibars: 1                
# start_time = Jan 21 2022 23:44:24 [NMEA time, header]
# bad_flag = -9.990e-29
*END*
      2.000      1.977    -1.1532  27.171966    -1.1581  27.171187     7.7670     7.5021     8.2041    78.7662 1.0602e+03  -74.15036 -111.89860  21.992251      68.01 1.7351e+03    266.457       6396  1027.1908  1027.1948    33.7938    33.7983    8.32815         19 0.0000e+00
      3.000      2.967    -1.1589  27.167706    -1.1622  27.167968     7.7642     7.5100     6.7363    79.0373 8.0344e+02  -74.15036 -111.89860  21.992371      95.65 1.7506e+03    276.885       6646  1027.1959  1027.1993    33.7938    33.7979    8.32942         23 0.0000e+00
      4.000      3.961    -1.1484  27.174503    -1.1487  27.176285     7.8475     7.5914     6.9501    78.5515 5.3911e+02  -74.15036 -111.89860  21.992412      99.53 1.7586e+03    280.437       6731  1027.1975  1027.1998    33.7906    33.7934    8.32727         27 0.0000e+00
      5.000      4.950    -1.1273  27.187147    -1.1328  27.186076     7.8834     7.6742     8.2111    78.9372 4.2272e+02  -74.15036 -111.89860  21.992445      99.37 1.7582e+03    283.264       6799  1027.1954  1027.1994    33.7835    33.7882    8.32300         25 0.0000e+00
      6.000      5.937    -1.1236  27.189957    -1.1263  27.190593     7.8689     7.7745     8.9782    79.1907 3.3676e+02  -74.15036 -111.89860  21.992476      89.13 1.7573e+03    285.923       6863  1027.1994  1027.2026    33.7825    33.7864    8.32223         27 0.0000e+00
      7.000      6.930    -1.1241  27.190629    -1.1207  27.194571     7.9232     7.9208     9.6234    78.4883 2.2916e+02  -74.15036 -111.89860  21.992505      91.43 1.7573e+03    288.422       6923  1027.2049  1027.2058    33.7833    33.7849    8.32229         28 0.0000e+00
      8.000      7.916    -1.1091  27.199146    -1.1091  27.201131     7.8503     7.9880    10.2633    78.7180 1.7425e+02  -74.15036 -111.89860  21.992533      96.43 1.7561e+03    290.815       6981  1027.2043  1027.2064    33.7775    33.7802    8.31931         28 0.0000e+00
      9.000      8.910    -1.1425  27.179752    -1.1405  27.182782     7.7430     7.9736    10.0587    78.5470 1.2583e+02  -74.15036 -111.89860  21.992554      99.44 1.7575e+03    292.699       7026  1027.2197  1027.2211    33.7880    33.7899    8.32611         26 0.0000e+00
     10.000      9.896    -1.1552  27.173268    -1.1552  27.174562     7.7360     7.9934    10.6646    78.2277 9.6961e+01  -74.15036 -111.89860  21.992575      99.34 1.7541e+03    294.504       7069  1027.2291  1027.2306    33.7929    33.7946    8.32866         29 0.0000e+00
     11.000     10.884    -1.1589  27.171212    -1.1647  27.169953     7.7501     8.0544    10.0590    77.9915 7.5943e+01  -74.15036 -111.89860  21.992596      99.33 1.7579e+03    296.292       7112  1027.2346  1027.2389    33.7936    33.7984    8.32944         27 0.0000e+00
     12.000     11.876    -1.1572  27.172438    -1.1621  27.171457     7.7827     8.1104    10.1281    78.7163 5.9561e+01  -74.15036 -111.89860  21.992616      99.33 1.7612e+03    298.061       7154  1027.2385  1027.2421    33.7927    33.7969    8.32911         31 0.0000e+00
     13.000     12.866    -1.1570  27.172679    -1.1611  27.172163     7.7631     8.1274    10.3548    79.1534 4.6808e+01  -74.15036 -111.89860  21.992637      99.37 1.7631e+03    299.840       7197  1027.2428  1027.2461    33.7921    33.7961    8.32909         29 0.0000e+00
     14.000     13.857    -1.1562  27.173854    -1.1610  27.173027     7.6920     8.1157    11.0098    78.6580 3.6378e+01  -74.15036 -111.89860  21.992658      98.90 1.7657e+03    301.616       7240  1027.2475  1027.2512    33.7922    33.7965    8.32890         31 0.0000e+00
     15.000     14.845    -1.1709  27.166650    -1.1744  27.166538     7.6811     8.1425    11.4057    80.2898 2.8597e+01  -74.15036 -111.89860  21.992678      95.34 1.7672e+03    303.377       7282  1027.2581  1027.2613    33.7984    33.8021    8.33182         32 0.0000e+00
     16.000     15.836    -1.1706  27.167301    -1.1738  27.167217     7.6889     8.1671    10.5400    78.3453 2.2804e+01  -74.15036 -111.89860  21.992699      99.38 1.7684e+03    305.161       7325  1027.2627  1027.2657    33.7983    33.8018    8.33176         35 0.0000e+00
     17.000     16.824    -1.1697  27.168166    -1.1735  27.167852     7.6631     8.1615    10.2139    77.7452 1.8110e+01  -74.15036 -111.89860  21.992719      99.33 1.7698e+03    306.949       7368  1027.2670  1027.2703    33.7978    33.8017    8.33159         35 0.0000e+00
     18.000     17.813    -1.1718  27.167807    -1.1752  27.167670     7.6605     8.1495    11.2059    79.0599 1.4501e+01  -74.15036 -111.89860  21.992740      99.34 1.7693e+03    308.706       7410  1027.2729  1027.2760    33.7991    33.8027    8.33198         36 0.0000e+00
     19.000     18.805    -1.1716  27.168725    -1.1748  27.168541     7.6667     8.1547    10.8682    79.5020 1.1611e+01  -74.15036 -111.89860  21.992762      99.34 1.7676e+03    310.629       7456  1027.2780  1027.2809    33.7995    33.8029    8.33192         32 0.0000e+00
     20.000     19.793    -1.1711  27.169645    -1.1745  27.169373     7.6629     8.1511    10.7573    79.2327 9.3274e+00  -74.15036 -111.89860  21.992786      99.35 1.7681e+03    312.751       7507  1027.2828  1027.2856    33.7996    33.8030    8.33180         36 0.0000e+00
     21.000     20.783    -1.1714  27.169962    -1.1747  27.169726     7.6620     8.1517    10.5030    79.2668 7.5547e+00  -74.15036 -111.89860  21.992812      99.32 1.7680e+03    314.953       7560  1027.2877  1027.2905    33.7997    33.8031    8.33186         33 0.0000e+00
     22.000     21.770    -1.1716  27.170409    -1.1748  27.170098     7.6553     8.1428    11.1673    79.0588 6.1509e+00  -74.15036 -111.89860  21.992837      99.40 1.7682e+03    317.107       7612  1027.2926  1027.2953    33.7999    33.8031    8.33189         37 0.0000e+00
     23.000     22.761    -1.1734  27.169516    -1.1774  27.168670     7.6420     8.1358    10.9367    80.5248 5.0101e+00  -74.15036 -111.89860  21.992861      97.21 1.7676e+03    319.166       7661  1027.2976  1027.3005    33.8001    33.8034    8.33227         35 0.0000e+00
     24.000     23.751    -1.1741  27.169478    -1.1765  27.169868     7.6209     8.1239    11.0040    78.8085 4.0878e+00  -74.15036 -111.89860  21.992885      99.41 1.7680e+03    321.288       7712  1027.3026  1027.3053    33.8002    33.8035    8.33243         39 0.0000e+00
     25.000     24.740    -1.1778  27.167287    -1.1810  27.166953     7.6294     8.1256    11.3435    80.6196 3.3419e+00  -74.15036 -111.89860  21.992910      99.35 1.7685e+03    323.413       7763  1027.3080  1027.3107    33.8008    33.8039    8.33322         35 0.0000e+00
     26.000     25.729    -1.1759  27.169202    -1.1786  27.169152     7.6243     8.1218    12.8454    77.5933 2.7381e+00  -74.15036 -111.89860  21.992934      99.33 1.7663e+03    325.475       7812  1027.3125  1027.3151    33.8006    33.8036    8.33280         38 0.0000e+00
     27.000     26.718    -1.1768  27.169029    -1.1792  27.169188     7.6159     8.1186    11.5697    80.6983 2.2563e+00  -74.15036 -111.89860  21.992958      98.42 1.7671e+03    327.602       7863  1027.3175  1027.3200    33.8008    33.8037    8.33299         37 0.0000e+00
     28.000     27.706    -1.1772  27.169212    -1.1803  27.168918     7.6147     8.1141    11.4949    80.5948 1.8559e+00  -74.15036 -111.89860  21.992983      98.88 1.7651e+03    329.725       7914  1027.3224  1027.3250    33.8008    33.8039    8.33308         36 0.0000e+00
     29.000     28.698    -1.1773  27.169711    -1.1802  27.169417     7.6153     8.1164    11.6160    80.1038 1.5294e+00  -74.15036 -111.89861  21.993007      99.48 1.7681e+03    331.803       7964  1027.3273  1027.3298    33.8010    33.8039    8.33309         34 0.0000e+00
     30.000     29.689    -1.1779  27.169696    -1.1808  27.169445     7.6190     8.1065    11.0778    80.3400 1.2598e+00  -74.15036 -111.89861  21.993031      99.49 1.7676e+03    333.882       8014  1027.3322  1027.3347    33.8010    33.8040    8.33322         37 0.0000e+00
     31.000     30.678    -1.1780  27.170166    -1.1809  27.169840     7.6118     8.0970    10.9342    80.6708 1.0374e+00  -74.15036 -111.89861  21.993055      99.46 1.7682e+03    335.971       8064  1027.3370  1027.3394    33.8012    33.8040    8.33323         40 0.0000e+00
     32.000     31.666    -1.1811  27.168097    -1.1813  27.169926     7.5906     8.0832    11.4610    78.8194 8.5883e-01  -74.15036 -111.89861  21.993079      99.35 1.7672e+03    338.030       8114  1027.3421  1027.3442    33.8012    33.8039    8.33392         40 0.0000e+00
     33.000     32.656    -1.1842  27.166234    -1.1879  27.165455     7.5504     8.0380    11.2358    80.0276 7.0902e-01  -74.15036 -111.89861  21.993103      99.34 1.7692e+03    340.084       8163  1027.3473  1027.3500    33.8016    33.8046    8.33460         38 0.0000e+00
     34.000     33.647    -1.1916  27.161798    -1.1946  27.161322     7.5187     8.0108    10.3852    80.8125 5.8450e-01  -74.15036 -111.89861  21.993127      96.73 1.7699e+03    342.172       8213  1027.3539  1027.3563    33.8033    33.8060    8.33616         36 0.0000e+00
     35.000     34.636    -1.1939  27.160760    -1.1966  27.160560     7.5208     8.0080    11.9322    80.1942 4.7833e-01  -74.15036 -111.89860  21.993151      99.65 1.7683e+03    344.249       8263  1027.3592  1027.3615    33.8038    33.8066    8.33663         36 0.0000e+00
     36.000     35.625    -1.1932  27.161783    -1.1959  27.161406     7.5274     8.0132    10.0267    80.8814 3.9384e-01  -74.15036 -111.89862  21.993175      99.40 1.7697e+03    346.343       8313  1027.3639  1027.3660    33.8038    33.8063    8.33648         32 0.0000e+00
     37.000     36.615    -1.1939  27.161779    -1.1969  27.161277     7.5199     8.0062    10.2716    80.7104 3.2333e-01  -74.15036 -111.89860  21.993199      99.44 1.7681e+03    348.413       8363  1027.3687  1027.3710    33.8039    33.8065    8.33661         37 0.0000e+00
     38.000     37.603    -1.1944  27.161946    -1.1969  27.161735     7.5094     7.9893     9.6499    80.9887 2.6453e-01  -74.15036 -111.89860  21.993222      99.62 1.7667e+03    350.412       8411  1027.3737  1027.3759    33.8041    33.8066    8.33673         34 0.0000e+00
     39.000     38.593    -1.1966  27.160928    -1.2008  27.159620     7.4877     7.9718    10.3888    82.0783 2.1499e-01  -74.15036 -111.89861  21.993246      99.35 1.7676e+03    352.450       8460  1027.3790  1027.3815    33.8045    33.8074    8.33718         44 0.0000e+00
     40.000     39.582    -1.2001  27.159176    -1.2024  27.159005     7.4935     7.9767    10.3659    80.4008 1.7443e-01  -74.15036 -111.89862  21.993270      98.79 1.7632e+03    354.541       8510  1027.3847  1027.3866    33.8054    33.8078    8.33790         45 0.0000e+00
     41.000     40.571    -1.1981  27.160972    -1.2003  27.160813     7.4846     7.9509    11.4518    81.2495 1.4020e-01  -74.15036 -111.89862  21.993294      98.09 1.7595e+03    356.561       8558  1027.3890  1027.3910    33.8050    33.8073    8.33749         40 0.0000e+00
     42.000     41.562    -1.2015  27.159117    -1.2056  27.157808     7.4482     7.9288    11.8189    81.7327 1.1034e-01  -74.15036 -111.89862  21.993317      99.41 1.7337e+03    358.572       8607  1027.3946  1027.3970    33.8057    33.8086    8.33821         42 0.0000e+00
     43.000     42.550    -1.2062  27.156519    -1.2081  27.156552     7.4365     7.9172    10.4261    80.5491 8.6496e-02  -74.15036 -111.89862  21.993341      99.44 1.7240e+03    360.640       8656  1027.4005  1027.4023    33.8069    33.8090    8.33919         38 0.0000e+00
     44.000     43.540    -1.2081  27.155750    -1.2106  27.155444     7.4257     7.9055    10.3312    80.7553 6.6187e-02  -74.15036 -111.89862  21.993364      99.48 1.6932e+03    362.670       8705  1027.4057  1027.4077    33.8073    33.8097    8.33959         41 0.0000e+00
     45.000     44.529    -1.2085  27.155994    -1.2108  27.155723     7.4235     7.9052    11.3290    81.8917 4.9475e-02  -74.15036 -111.89861  21.993387      99.39 1.6861e+03    364.623       8752  1027.4107  1027.4125    33.8075    33.8097    8.33967         35 0.0000e+00
     46.000     45.519    -1.2090  27.156295    -1.2114  27.155893     7.4177     7.8965     9.9885    81.6652 3.5174e-02  -74.15036 -111.89861  21.993410      99.42 1.6624e+03    366.667       8801  1027.4157  1027.4175    33.8078    33.8099    8.33975         39 0.0000e+00
     47.000     46.509    -1.2098  27.156232    -1.2119  27.156029     7.4156     7.8880     9.5748    81.5968 2.3835e-02  -74.15036 -111.89861  21.993434      97.03 1.6305e+03    368.708       8850  1027.4207  1027.4224    33.8080    33.8101    8.33992         33 0.0000e+00
     48.000     47.497    -1.2100  27.156543    -1.2123  27.156239     7.3994     7.8679    10.1093    81.8776 1.3287e-02  -74.15036 -111.89861  21.993457      99.26 1.6351e+03    370.697       8898  1027.4255  1027.4274    33.8080    33.8103    8.33997         42 0.0000e+00
     49.000     48.487    -1.2131  27.155117    -1.2165  27.154103     7.3470     7.8235    10.2866    82.6714 4.4604e-03  -74.15036 -111.89861  21.993480      99.35 1.6611e+03    372.693       8946  1027.4311  1027.4333    33.8089    33.8114    8.34060         40 0.0000e+00
     50.000     49.477    -1.2211  27.150652    -1.2234  27.150399     7.2932     7.7719     9.8544    81.5477 2.3452e-04  -74.15036 -111.89861  21.993503      99.36 1.6850e+03    374.675       8993  1027.4384  1027.4402    33.8113    33.8135    8.34226         41 0.0000e+00
     51.000     50.466    -1.2258  27.148707    -1.2280  27.148431     7.2668     7.7521    10.0493    82.3029 -7.723e-07  -74.15036 -111.89861  21.993526      99.36 1.7025e+03    376.611       9040  1027.4450  1027.4468    33.8133    33.8154    8.34319         43 0.0000e+00
     52.000     51.455    -1.2271  27.148356    -1.2296  27.147832     7.2442     7.7072     8.7618    82.2901 1.0000e-12  -74.15036 -111.89861  21.993549      99.37 1.7184e+03    378.618       9088  1027.4501  1027.4519    33.8137    33.8158    8.34346         50 0.0000e+00
     53.000     52.444    -1.2335  27.144594    -1.2364  27.143727     7.1960     7.6623     9.4371    83.7796 1.0000e-12  -74.15036 -111.89861  21.993572      99.31 1.7209e+03    380.659       9137  1027.4563  1027.4581    33.8151    33.8171    8.34480         41 0.0000e+00
     54.000     53.435    -1.2402  27.140268    -1.2428  27.139674     7.1641     7.6253     9.3161    82.5399 1.0000e-12  -74.15036 -111.89861  21.993595      99.33 1.7204e+03    382.635       9184  1027.4623  1027.4641    33.8161    33.8182    8.34624         46 0.0000e+00
     55.000     54.425    -1.2454  27.137031    -1.2485  27.136049     7.1434     7.5986     8.7361    82.0484 1.0000e-12  -74.15036 -111.89861  21.993618      99.36 1.7296e+03    384.610       9232  1027.4679  1027.4698    33.8169    33.8190    8.34734         35 0.0000e+00
     56.000     55.414    -1.2498  27.134289    -1.2524  27.133637     7.0742     7.5345     8.7880    83.1452 1.0000e-12  -74.15036 -111.89861  21.993641      99.33 1.7353e+03    386.599       9279  1027.4734  1027.4751    33.8175    33.8195    8.34830         43 0.0000e+00
     57.000     56.401    -1.2617  27.125838    -1.2629  27.126466     6.9009     7.3714     8.4715    82.7492 1.0000e-12  -74.15036 -111.89861  21.993663      99.36 1.7401e+03    388.517       9325  1027.4797  1027.4816    33.8187    33.8210    8.35088         41 0.0000e+00
     58.000     57.393    -1.2946  27.104628    -1.2962  27.104856     6.8105     7.2734     8.3789    83.6597 1.0000e-12  -74.15036 -111.89861  21.993686      99.34 1.7424e+03    390.460       9372  1027.4924  1027.4942    33.8262    33.8283    8.35780         36 0.0000e+00
