ocean_section_plots/required_files/ctd/dnbp2202_ctd086.cnv
* Sea-Bird SBE 9 Data File:
* FileName = D:\Data\raw\NBP2202_CTD086.hex
* Software Version Seasave V 7.26.7.121
* Temperature SN = 1649
* Conductivity SN = 2513
* Number of Bytes Per Scan = 40
* Number of Voltage Words = 5
* Number of Scans Averaged by the Deck Unit = 1
* NMEA Latitude = 74 10.51 S
* NMEA Longitude = 113 20.67 W
* NMEA UTC (Time) = Jan 26 2022  19:55:54
* NMEA baud rate = 9600
** Ship: RVIB N.B. Palmer
** Cruise: NBP2202 Thwaites
** Station: YoYo001
** Operator: A. Robinson
# nquan = 25
# nvalues = 606                         
# units = specified
# name 0 = prDM: Pressure, Digiquartz [db]
# name 1 = depSM: Depth [salt water, m]
# name 2 = t090C: Temperature [ITS-90, deg C]
# name 3 = c0mS/cm: Conductivity [mS/cm]
# name 4 = t190C: Temperature, 2 [ITS-90, deg C]
# name 5 = c1mS/cm: Conductivity, 2 [mS/cm]
# name 6 = sbeox0ML/L: Oxygen, SBE 43 [ml/l]
# name 7 = sbeox1ML/L: Oxygen, SBE 43, 2 [ml/l]
# name 8 = flECO-AFL: Fluorescence, WET Labs ECO-AFL/FL [mg/m^3]
# name 9 = CStarTr0: Beam Transmission, WET Labs C-Star [%]
# name 10 = par: PAR/Irradiance, Biospherical/Licor
# name 11 = latitude: Latitude [deg]
# name 12 = longitude: Longitude [deg]
# name 13 = timeJ: Julian Days
# name 14 = altM: Altimeter [m]
# name 15 = spar: SPAR, Biospherical/Licor
# name 16 = timeS: Time, Elapsed [seconds]
# name 17 = scan: Scan Count
# name 18 = density00: Density [density, kg/m^3]
# name 19 = density11: Density, 2 [density, kg/m^3]
# name 20 = sal00: Salinity, Practical [PSU]
# name 21 = sal11: Salinity, Practical, 2 [PSU]
# name 22 = oxsolML/L: Oxygen Saturation, Garcia & Gordon [ml/l]
# name 23 = nbin: number of scans per bin
# name 24 = flag: flag
# span 0 =     10.000,    615.000       
# span 1 =      9.897,    607.733       
# span 2 =    -1.5299,     0.0900       
# span 3 =  26.930095,  28.924115       
# span 4 =    -1.5285,     0.0920       
# span 5 =  26.930662,  28.923703       
# span 6 =     4.6902,     8.6829       
# span 7 =     4.7669,     8.5764       
# span 8 =    -0.0225,    25.0249       
# span 9 =    67.4272,    95.7266       
# span 10 = 1.0000e-12, 8.0815e+01      
# span 11 =  -74.17530,  -74.17528      
# span 12 = -113.34464, -113.34458      
# span 13 =  26.830848,  26.839812      
# span 14 =       5.39,     102.49      
# span 15 = 1.9220e+03, 2.1281e+03      
# span 16 =     31.236,    805.767      
# span 17 =        751,      19339      
# span 18 =  1027.2248,  1030.5127      
# span 19 =  1027.2233,  1030.5103      
# span 20 =    33.7937,    34.3801      
# span 21 =    33.7917,    34.3773      
# span 22 =    8.02614,    8.40991      
# span 23 =         19,         62      
# span 24 = 0.0000e+00, 0.0000e+00      
# interval = decibars: 1                
# start_time = Jan 26 2022 19:55:54 [NMEA time, header]
# bad_flag = -9.990e-29
*END*
[from data line 58]
     68.000     67.285    -1.4937  26.951721    -1.4927  26.951644     5.8275     5.9323     1.5496    91.6333 1.0000e-12  -74.17530 -113.34462  26.831652      99.80 2.0928e+03    100.729       2419  1027.5532  1027.5521    33.8350    33.8337    8.40207         28 0.0000e+00
     69.000     68.275    -1.4970  26.949540    -1.4955  26.949891     5.8195     5.9281     1.8378    92.2709 1.0000e-12  -74.17530 -113.34462  26.831665      99.81 2.0930e+03    101.870       2446  1027.5582  1027.5572    33.8351    33.8338    8.40281         27 0.0000e+00
     70.000     69.263    -1.4977  26.949523    -1.4966  26.949457     5.8285     5.9297     2.0316    92.5358 1.0000e-12  -74.17530 -113.34462  26.831678      99.84 2.0961e+03    103.010       2473  1027.5631  1027.5619    33.8351    33.8338    8.40295         28 0.0000e+00
     71.000     70.254    -1.4963  26.951107    -1.4955  26.950828     5.8269     5.9230     1.7083    92.6476 1.0000e-12  -74.17530 -113.34462  26.831692      99.83 2.0966e+03    104.159       2501  1027.5677  1027.5667    33.8351    33.8339    8.40264         27 0.0000e+00
     72.000     71.242    -1.4977  26.950584    -1.4965  26.950683     5.8011     5.8976     1.5457    92.4551 1.0000e-12  -74.17530 -113.34462  26.831705      99.83 2.0961e+03    105.306       2528  1027.5728  1027.5718    33.8354    33.8341    8.40294         27 0.0000e+00
     73.000     72.232    -1.4978  26.951024    -1.4969  26.950790     5.7481     5.8434     1.5500    92.9528 1.0000e-12  -74.17530 -113.34462  26.831718      99.81 2.0911e+03    106.430       2555  1027.5777  1027.5765    33.8355    33.8341    8.40296         27 0.0000e+00
     74.000     73.221    -1.5040  26.946639    -1.5057  26.944833     5.6738     5.7820     2.5055    92.8912 1.0000e-12  -74.17530 -113.34462  26.831731      99.85 2.0853e+03    107.548       2582  1027.5831  1027.5827    33.8358    33.8352    8.40434         27 0.0000e+00
     75.000     74.210    -1.5141  26.939327    -1.5148  26.938158     5.6160     5.7382     1.7783    93.0867 1.0000e-12  -74.17530 -113.34462  26.831744      99.85 2.0793e+03    108.665       2609  1027.5890  1027.5884    33.8365    33.8358    8.40658         27 0.0000e+00
     76.000     75.200    -1.5232  26.933139    -1.5230  26.932483     5.5823     5.7122     1.3720    92.9231 1.0000e-12  -74.17530 -113.34462  26.831757      99.85 2.0809e+03    109.765       2635  1027.5952  1027.5943    33.8378    33.8366    8.40858         26 0.0000e+00
     77.000     76.188    -1.5277  26.930095    -1.5259  26.930662     5.5801     5.7064     1.2559    93.1223 1.0000e-12  -74.17530 -113.34462  26.831770      99.86 2.0822e+03    110.891       2662  1027.6005  1027.5993    33.8380    33.8368    8.40957         27 0.0000e+00
     78.000     77.179    -1.5299  26.930597    -1.5285  26.930786     5.6074     5.7189     1.2113    93.2160 1.0000e-12  -74.17530 -113.34462  26.831783      99.72 2.0875e+03    112.032       2690  1027.6073  1027.6061    33.8405    33.8392    8.40991         28 0.0000e+00
     79.000     78.167    -1.5228  26.935033    -1.5199  26.935993     5.5904     5.6895     1.2116    93.5308 1.0000e-12  -74.17530 -113.34462  26.831796      99.87 2.0908e+03    113.158       2717  1027.6096  1027.6077    33.8380    33.8360    8.40847         27 0.0000e+00
     80.000     79.156    -1.5257  26.934062    -1.5258  26.933242     5.5596     5.6695     0.9314    93.5163 1.0000e-12  -74.17530 -113.34462  26.831809      99.86 2.0977e+03    114.282       2744  1027.6155  1027.6147    33.8394    33.8383    8.40904         27 0.0000e+00
     81.000     80.147    -1.5261  26.937050    -1.5246  26.937463     5.5582     5.6604     1.1854    93.9873 1.0000e-12  -74.17530 -113.34462  26.831822      99.87 2.1022e+03    115.404       2771  1027.6235  1027.6226    33.8433    33.8422    8.40889         26 0.0000e+00
     82.000     81.136    -1.5272  26.936080    -1.5264  26.935827     5.5554     5.6593     0.7950    93.7744 1.0000e-12  -74.17530 -113.34462  26.831835      99.86 2.1063e+03    116.506       2797  1027.6277  1027.6266    33.8425    33.8413    8.40918         27 0.0000e+00
     83.000     82.124    -1.5293  26.934370    -1.5284  26.934169     5.5602     5.6607     0.6631    93.8644 1.0000e-12  -74.17530 -113.34462  26.831847      99.87 2.1095e+03    117.615       2824  1027.6322  1027.6310    33.8420    33.8406    8.40970         27 0.0000e+00
     84.000     83.113    -1.5280  26.935988    -1.5276  26.935224     5.5682     5.6588     0.5668    94.7244 1.0000e-12  -74.17530 -113.34462  26.831860      99.87 2.1118e+03    118.746       2851  1027.6369  1027.6357    33.8421    33.8406    8.40940         27 0.0000e+00
     85.000     84.104    -1.5270  26.937488    -1.5252  26.938272     5.5635     5.6590     1.9644    94.7955 1.0000e-12  -74.17530 -113.34462  26.831874      99.87 2.1122e+03    119.882       2878  1027.6418  1027.6410    33.8424    33.8414    8.40915         27 0.0000e+00
     86.000     85.092    -1.5271  26.937891    -1.5258  26.938163     5.5609     5.6607     1.3934    94.5876 1.0000e-12  -74.17530 -113.34462  26.831887      99.86 2.1102e+03    121.014       2905  1027.6467  1027.6457    33.8424    33.8413    8.40917         28 0.0000e+00
     87.000     86.082    -1.5258  26.939805    -1.5250  26.939351     5.5555     5.6574     0.2839    94.6079 1.0000e-12  -74.17530 -113.34462  26.831900      99.87 2.1080e+03    122.144       2932  1027.6518  1027.6506    33.8430    33.8415    8.40884         26 0.0000e+00
     88.000     87.070    -1.5242  26.942265    -1.5256  26.939309     5.5515     5.6541     0.1345    94.9557 1.0000e-12  -74.17530 -113.34462  26.831913      99.87 2.1053e+03    123.248       2959  1027.6573  1027.6554    33.8439    33.8415    8.40842         26 0.0000e+00
     89.000     88.061    -1.5203  26.946635    -1.5197  26.945987     5.5480     5.6464     0.0759    95.0746 1.0000e-12  -74.17530 -113.34462  26.831925      99.57 2.1101e+03    124.343       2985  1027.6627  1027.6614    33.8449    33.8433    8.40748         27 0.0000e+00
     90.000     89.049    -1.5146  26.952883    -1.5146  26.951376     5.5374     5.6360     0.0902    95.1784 1.0000e-12  -74.17530 -113.34462  26.831938      99.70 2.1134e+03    125.457       3012  1027.6684  1027.6668    33.8465    33.8444    8.40610         27 0.0000e+00
     91.000     90.038    -1.5094  26.958815    -1.5077  26.959315     5.5332     5.6269     0.2264    95.1593 1.0000e-12  -74.17529 -113.34462  26.831951      99.87 2.1160e+03    126.590       3039  1027.6743  1027.6731    33.8481    33.8468    8.40483         27 0.0000e+00
     92.000     91.027    -1.5061  26.962855    -1.5053  26.962280     5.5240     5.6303     0.2449    95.2655 1.0000e-12  -74.17528 -113.34463  26.831964      99.87 2.1139e+03    127.721       3066  1027.6799  1027.6785    33.8493    33.8476    8.40401         27 0.0000e+00
     93.000     92.018    -1.5045  26.964785    -1.5042  26.963850     5.5260     5.6255     0.1426    95.3149 1.0000e-12  -74.17528 -113.34463  26.831978      99.87 2.1126e+03    128.857       3094  1027.6849  1027.6836    33.8496    33.8479    8.40364         27 0.0000e+00
     94.000     93.006    -1.5021  26.967649    -1.5018  26.966639     5.5250     5.6206     0.1387    95.2662 1.0000e-12  -74.17528 -113.34463  26.831991      99.87 2.1154e+03    129.981       3121  1027.6901  1027.6886    33.8501    33.8484    8.40306         27 0.0000e+00
     95.000     93.996    -1.5031  26.966940    -1.5022  26.966620     5.5262     5.6169     0.1634    95.2566 1.0000e-12  -74.17528 -113.34462  26.832003      99.87 2.1155e+03    131.094       3147  1027.6947  1027.6935    33.8497    33.8482    8.40331         27 0.0000e+00
     96.000     94.984    -1.5030  26.967463    -1.5017  26.967628     5.5211     5.6115     0.2693    95.3275 1.0000e-12  -74.17528 -113.34464  26.832016      99.87 2.1163e+03    132.197       3174  1027.6994  1027.6983    33.8496    33.8483    8.40328         27 0.0000e+00
     97.000     95.974    -1.4995  26.971925    -1.4974  26.972636     5.5079     5.6070     0.1774    95.3801 1.0000e-12  -74.17528 -113.34462  26.832029      99.87 2.1198e+03    133.289       3200  1027.7053  1027.7041    33.8511    33.8498    8.40240         25 0.0000e+00
     98.000     96.962    -1.4928  26.979309    -1.4914  26.979427     5.4966     5.6019     0.1381    95.3083 1.0000e-12  -74.17528 -113.34464  26.832042      99.87 2.1198e+03    134.387       3226  1027.7114  1027.7101    33.8532    33.8517    8.40078         27 0.0000e+00
     99.000     97.952    -1.4852  26.987899    -1.4838  26.987682     5.4972     5.5937     0.1587    95.2807 1.0000e-12  -74.17528 -113.34463  26.832055      99.86 2.1200e+03    135.519       3253  1027.7180  1027.7163    33.8558    33.8539    8.39891         28 0.0000e+00
    100.000     98.941    -1.4812  26.992242    -1.4808  26.991331     5.4912     5.5921     0.0212    95.3441 1.0000e-12  -74.17528 -113.34463  26.832068      99.87 2.1233e+03    136.671       3281  1027.7233  1027.7218    33.8566    33.8548    8.39796         28 0.0000e+00
    101.000     99.930    -1.4807  26.993305    -1.4797  26.992895     5.4938     5.5972     0.0374    95.3965 1.0000e-12  -74.17528 -113.34463  26.832081      97.59 2.1226e+03    137.796       3308  1027.7283  1027.7269    33.8568    33.8551    8.39782         26 0.0000e+00
    102.000    100.919    -1.4803  26.994070    -1.4792  26.993850     5.4928     5.5944     0.0547    95.1750 1.0000e-12  -74.17528 -113.34463  26.832094      98.26 2.1210e+03    138.903       3335  1027.7332  1027.7319    33.8569    33.8552    8.39773         26 0.0000e+00
    103.000    101.910    -1.4809  26.994000    -1.4796  26.993828     5.4988     5.5916     0.0336    95.1566 1.0000e-12  -74.17528 -113.34463  26.832106      99.85 2.1239e+03    139.995       3361  1027.7381  1027.7367    33.8568    33.8551    8.39787         27 0.0000e+00
    104.000    102.898    -1.4817  26.993573    -1.4802  26.993641     5.4993     5.5819     0.0114    95.3202 1.0000e-12  -74.17528 -113.34462  26.832119      99.87 2.1243e+03    141.092       3387  1027.7427  1027.7414    33.8564    33.8549    8.39806         26 0.0000e+00
    105.000    103.886    -1.4822  26.993554    -1.4811  26.993237     5.4951     5.5771     0.0239    95.4021 1.0000e-12  -74.17528 -113.34464  26.832132      99.87 2.1243e+03    142.215       3414  1027.7475  1027.7462    33.8564    33.8547    8.39819         27 0.0000e+00
    106.000    104.876    -1.4798  26.996503    -1.4786  26.996295     5.4853     5.5847     0.1354    95.4140 1.0000e-12  -74.17528 -113.34462  26.832146      99.87 2.1243e+03    143.382       3442  1027.7528  1027.7514    33.8571    33.8554    8.39760         29 0.0000e+00
    107.000    105.866    -1.4774  26.999315    -1.4764  26.998921     5.4876     5.5835     0.1745    95.3028 1.0000e-12  -74.17528 -113.34463  26.832159      99.87 2.1243e+03    144.551       3470  1027.7580  1027.7565    33.8577    33.8560    8.39703         28 0.0000e+00
    108.000    106.854    -1.4772  27.000001    -1.4759  26.999873     5.4926     5.5841    -0.0026    95.3646 1.0000e-12  -74.17528 -113.34462  26.832173      99.87 2.1243e+03    145.718       3498  1027.7629  1027.7614    33.8577    33.8560    8.39698         28 0.0000e+00
    109.000    107.843    -1.4758  27.001947    -1.4735  27.002529     5.4891     5.5800     0.1788    95.4118 1.0000e-12  -74.17528 -113.34462  26.832186      99.87 2.1252e+03    146.889       3526  1027.7680  1027.7665    33.8582    33.8564    8.39663         28 0.0000e+00
    110.000    108.833    -1.4705  27.007120    -1.4686  27.007663     5.4824     5.5786     0.1695    95.4943 1.0000e-12  -74.17528 -113.34462  26.832200      99.86 2.1254e+03    148.054       3554  1027.7729  1027.7717    33.8587    33.8573    8.39540         28 0.0000e+00
    111.000    109.822    -1.4662  27.012192    -1.4650  27.011871     5.4805     5.5829     0.0702    95.4424 1.0000e-12  -74.17528 -113.34462  26.832214      99.87 2.1247e+03    149.249       3583  1027.7787  1027.7773    33.8602    33.8584    8.39434         29 0.0000e+00
    112.000    110.810    -1.4652  27.013457    -1.4639  27.013322     5.4838     5.5767     0.0548    95.4432 1.0000e-12  -74.17528 -113.34462  26.832228      99.87 2.1265e+03    150.473       3612  1027.7836  1027.7822    33.8602    33.8585    8.39413         29 0.0000e+00
    113.000    111.800    -1.4654  27.013764    -1.4640  27.013717     5.4849     5.5755     0.0146    95.4569 1.0000e-12  -74.17528 -113.34462  26.832242      99.70 2.1281e+03    151.699       3642  1027.7884  1027.7871    33.8602    33.8585    8.39416         30 0.0000e+00
    114.000    112.788    -1.4650  27.014659    -1.4638  27.014411     5.4846     5.5757     0.0498    95.3570 1.0000e-12  -74.17528 -113.34462  26.832256      99.87 2.1270e+03    152.895       3670  1027.7934  1027.7920    33.8604    33.8586    8.39407         28 0.0000e+00
    115.000    113.779    -1.4651  27.015170    -1.4637  27.015045     5.4794     5.5778     0.1649    95.4800 1.0000e-12  -74.17528 -113.34462  26.832269      99.87 2.1269e+03    154.061       3698  1027.7984  1027.7970    33.8605    33.8588    8.39408         28 0.0000e+00
    116.000    114.767    -1.4658  27.015409    -1.4649  27.014824     5.4872     5.5774     0.0446    95.4523 1.0000e-12  -74.17528 -113.34462  26.832283      99.87 2.1267e+03    155.243       3727  1027.8037  1027.8022    33.8611    33.8592    8.39421         29 0.0000e+00
    117.000    115.756    -1.4658  27.015979    -1.4647  27.015838     5.4884     5.5784     0.0890    95.4108 1.0000e-12  -74.17528 -113.34462  26.832297      99.87 2.1260e+03    156.445       3756  1027.8087  1027.8075    33.8612    33.8598    8.39420         29 0.0000e+00
    118.000    116.746    -1.4658  27.016605    -1.4648  27.016319     5.4929     5.5873     0.0391    95.4618 1.0000e-12  -74.17528 -113.34462  26.832311      99.87 2.1266e+03    157.665       3785  1027.8137  1027.8124    33.8614    33.8599    8.39418         29 0.0000e+00
    119.000    117.733    -1.4670  27.017128    -1.4663  27.016843     5.5023     5.5970     0.0491    95.4530 1.0000e-12  -74.17528 -113.34462  26.832325      99.87 2.1278e+03    158.873       3814  1027.8197  1027.8188    33.8629    33.8618    8.39436         29 0.0000e+00
    120.000    118.724    -1.4694  27.017192    -1.4689  27.016289     5.5029     5.5916     0.0194    95.5047 1.0000e-12  -74.17528 -113.34462  26.832339      99.87 2.1260e+03    160.056       3842  1027.8265  1027.8251    33.8651    33.8633    8.39478         28 0.0000e+00
    121.000    119.713    -1.4703  27.017128    -1.4695  27.016416     5.5002     5.5865     0.0918    95.3956 1.0000e-12  -74.17528 -113.34462  26.832352      99.87 2.1262e+03    161.237       3871  1027.8316  1027.8300    33.8654    33.8635    8.39497         29 0.0000e+00
    122.000    120.701    -1.4644  27.022926    -1.4624  27.023421     5.4947     5.5853     0.0259    95.4742 1.0000e-12  -74.17528 -113.34462  26.832366      99.87 2.1253e+03    162.431       3899  1027.8366  1027.8352    33.8660    33.8645    8.39358         28 0.0000e+00
    123.000    121.690    -1.4636  27.024262    -1.4629  27.023557     5.4861     5.5835     0.0487    95.4779 1.0000e-12  -74.17528 -113.34462  26.832380      96.75 2.1232e+03    163.643       3928  1027.8416  1027.8402    33.8663    33.8646    8.39339         29 0.0000e+00
    124.000    122.680    -1.4616  27.026517    -1.4609  27.025732     5.4839     5.5741     0.0215    95.3681 1.0000e-12  -74.17528 -113.34462  26.832394      93.80 2.1246e+03    164.857       3958  1027.8465  1027.8450    33.8666    33.8647    8.39293         30 0.0000e+00
