ocean_section_plots/required_files/ctd/dnbp2202_ctd109.cnv
* Sea-Bird SBE 9 Data File:
* FileName = D:\Data\raw\NBP2202_CTD109.hex
* Software Version Seasave V 7.26.7.121
* Temperature SN = 1649
* Conductivity SN = 2513
* Number of Bytes Per Scan = 40
* Number of Voltage Words = 5
* Number of Scans Averaged by the Deck Unit = 1
* NMEA Latitude = 74 10.52 S
* NMEA Longitude = 113 20.65 W
* NMEA UTC (Time) = Jan 27 2022  06:27:41
* NMEA baud rate = 9600
** Ship: RVIB N.B. Palmer
** Cruise: NBP2202 Thwaites
** Station: YoYo001
** Operator: B. Bjork
# nquan = 25
# nvalues = 607                         
# units = specified
# name 0 = prDM: Pressure, Digiquartz [db]
# name 1 = depSM: Depth [salt water, m]
# name 2 = t090C: Temperature [ITS-90, deg C]
# name 3 = c0mS/cm: Conductivity [mS/cm]
# name 4 = t190C: Temperature, 2 [ITS-90, deg C]
# name 5 = c1mS/cm: Conductivity, 2 [mS/cm]
# name 6 = sbeox0ML/L: Oxygen, SBE 43 [ml/l]
# name 7 = sbeox1ML/L: Oxygen, SBE 43, 2 [ml/l]
# name 8 = flECO-AFL: Fluorescence, WET Labs ECO-AFL/FL [mg/m^3]
# name 9 = CStarTr0: Beam Transmission, WET Labs C-Star [%]
# name 10 = par: PAR/Irradiance, Biospherical/Licor
# name 11 = latitude: Latitude [deg]
# name 12 = longitude: Longitude [deg]
# name 13 = timeJ: Julian Days
# name 14 = altM: Altimeter [m]
# name 15 = spar: SPAR, Biospherical/Licor
# name 16 = timeS: Time, Elapsed [seconds]
# name 17 = scan: Scan Count
# name 18 = density00: Density [density, kg/m^3]
# name 19 = density11: Density, 2 [density, kg/m^3]
# name 20 = sal00: Salinity, Practical [PSU]
# name 21 = sal11: Salinity, Practical, 2 [PSU]
# name 22 = oxsolML/L: Oxygen Saturation, Garcia & Gordon [ml/l]
# name 23 = nbin: number of scans per bin
# name 24 = flag: flag
# span 0 =     10.000,    616.000       
# span 1 =      9.896,    608.719       
# span 2 =    -1.4676,     0.1260       
# span 3 =  26.969472,  28.962778       
# span 4 =    -1.4665,     0.1283       
# span 5 =  26.969251,  28.962835       
# span 6 =     4.6818,     8.6176       
# span 7 =     4.7444,     8.4550       
# span 8 =    -0.0224,    27.2310       
# span 9 =    69.7247,    95.6317       
# span 10 = 1.0000e-12, 1.2924e+00      
# span 11 =  -74.17536,  -74.17536      
# span 12 = -113.34426, -113.34422      
# span 13 =  27.269658,  27.277900      
# span 14 =       8.46,     100.88      
# span 15 = 6.8749e+01, 7.4041e+01      
# span 16 =     37.447,    749.536      
# span 17 =        900,      17990      
# span 18 =  1027.2190,  1030.5233      
# span 19 =  1027.2149,  1030.5211      
# span 20 =    33.7916,    34.3908      
# span 21 =    33.7861,    34.3883      
# span 22 =    8.01802,    8.39695      
# span 23 =         16,         56      
# span 24 = 0.0000e+00, 0.0000e+00      
# interval = decibars: 1                
# start_time = Jan 27 2022 06:27:41 [NMEA time, header]
# bad_flag = -9.990e-29
*END*
[from data line 406]
    416.000    411.281    -0.1900  28.525650    -0.1889  28.523843     4.7819     4.8532    -0.0134    95.2777 1.0000e-12  -74.17536 -113.34424  27.275116      99.86 7.0515e+01    508.998      12217  1029.5143  1029.5113    34.2835    34.2799    8.09057         24 0.0000e+00
    417.000    412.268    -0.1853  28.530343    -0.1834  28.529857     4.7810     4.8491    -0.0165    95.3000 1.0000e-12  -74.17536 -113.34424  27.275127      99.86 7.0515e+01    510.007      12241  1029.5190  1029.5166    34.2839    34.2811    8.08955         25 0.0000e+00
    418.000    413.257    -0.1834  28.533127    -0.1805  28.533398     4.7810     4.8455    -0.0105    95.2717 1.0000e-12  -74.17536 -113.34424  27.275139      99.87 7.0515e+01    511.018      12265  1029.5244  1029.5219    34.2849    34.2820    8.08908         24 0.0000e+00
    419.000    414.243    -0.1839  28.532707    -0.1821  28.532065     4.7834     4.8526    -0.0122    95.2519 1.0000e-12  -74.17536 -113.34424  27.275151      99.87 7.0515e+01    512.007      12289  1029.5288  1029.5264    34.2842    34.2814    8.08922         23 0.0000e+00
    420.000    415.231    -0.1867  28.530129    -0.1842  28.530193     4.7795     4.8436    -0.0194    95.2197 1.0000e-12  -74.17536 -113.34424  27.275162      99.86 7.0515e+01    512.991      12313  1029.5332  1029.5308    34.2834    34.2807    8.08987         24 0.0000e+00
    421.000    416.219    -0.1847  28.532792    -0.1825  28.532522     4.7821     4.8425    -0.0193    95.2179 1.0000e-12  -74.17536 -113.34424  27.275173      99.87 7.0515e+01    513.981      12337  1029.5383  1029.5359    34.2841    34.2813    8.08941         24 0.0000e+00
    422.000    417.207    -0.1781  28.540924    -0.1762  28.540166     4.7791     4.8472    -0.0128    95.1877 1.0000e-12  -74.17536 -113.34424  27.275185      99.86 7.0515e+01    514.984      12361  1029.5448  1029.5421    34.2869    34.2838    8.08785         24 0.0000e+00
    423.000    418.195    -0.1726  28.546748    -0.1706  28.546344     4.7808     4.8380    -0.0055    95.1825 1.0000e-12  -74.17536 -113.34424  27.275197      99.87 7.0515e+01    515.986      12385  1029.5499  1029.5475    34.2878    34.2851    8.08662         24 0.0000e+00
    424.000    419.182    -0.1723  28.547504    -0.1705  28.546909     4.7813     4.8395    -0.0089    95.1641 1.0000e-12  -74.17536 -113.34424  27.275208      99.87 7.0515e+01    516.987      12409  1029.5547  1029.5523    34.2880    34.2851    8.08656         24 0.0000e+00
    425.000    420.170    -0.1713  28.548759    -0.1692  28.548430     4.7745     4.8354    -0.0068    95.1383 1.0000e-12  -74.17536 -113.34424  27.275220      80.39 7.0515e+01    517.988      12433  1029.5594  1029.5571    34.2879    34.2852    8.08636         24 0.0000e+00
    426.000    421.158    -0.1713  28.549199    -0.1690  28.549171     4.7745     4.8371    -0.0016    95.1471 1.0000e-12  -74.17536 -113.34424  27.275231      94.20 7.0515e+01    518.981      12457  1029.5641  1029.5620    34.2878    34.2853    8.08634         24 0.0000e+00
    427.000    422.144    -0.1705  28.550423    -0.1685  28.549925     4.7739     4.8410    -0.0040    95.1225 1.0000e-12  -74.17536 -113.34424  27.275243      99.85 7.0515e+01    519.977      12480  1029.5690  1029.5666    34.2880    34.2852    8.08617         24 0.0000e+00
    428.000    423.133    -0.1706  28.550710    -0.1686  28.550443     4.7754     4.8395    -0.0044    95.1320 1.0000e-12  -74.17536 -113.34424  27.275254      99.86 7.0515e+01    520.974      12504  1029.5738  1029.5715    34.2880    34.2853    8.08620         24 0.0000e+00
    429.000    424.120    -0.1706  28.551215    -0.1678  28.551725     4.7758     4.8390    -0.0112    95.1458 1.0000e-12  -74.17536 -113.34424  27.275266      99.86 7.0515e+01    521.963      12528  1029.5786  1029.5764    34.2880    34.2855    8.08620         24 0.0000e+00
    430.000    425.108    -0.1650  28.557901    -0.1628  28.557390     4.7744     4.8386    -0.0115    95.1590 1.0000e-12  -74.17536 -113.34424  27.275277      99.87 7.0515e+01    522.952      12552  1029.5844  1029.5818    34.2900    34.2869    8.08489         23 0.0000e+00
    431.000    426.096    -0.1620  28.561379    -0.1598  28.561194     4.7702     4.8303    -0.0110    95.1469 1.0000e-12  -74.17536 -113.34424  27.275289      99.86 7.0515e+01    523.953      12576  1029.5895  1029.5872    34.2906    34.2879    8.08422         24 0.0000e+00
    432.000    427.082    -0.1594  28.564489    -0.1574  28.564149     4.7685     4.8318    -0.0127    95.1505 1.0000e-12  -74.17536 -113.34424  27.275300      99.86 7.0515e+01    524.954      12600  1029.5946  1029.5923    34.2913    34.2886    8.08364         25 0.0000e+00
    433.000    428.071    -0.1589  28.565553    -0.1569  28.565213     4.7695     4.8379    -0.0030    95.1402 1.0000e-12  -74.17536 -113.34424  27.275312      99.86 7.0515e+01    525.950      12624  1029.5995  1029.5972    34.2915    34.2888    8.08351         23 0.0000e+00
    434.000    429.058    -0.1536  28.571246    -0.1517  28.570653     4.7711     4.8344    -0.0154    95.1634 1.0000e-12  -74.17536 -113.34424  27.275323      99.86 7.0515e+01    526.945      12648  1029.6047  1029.6022    34.2926    34.2897    8.08234         24 0.0000e+00
    435.000    430.046    -0.1510  28.574296    -0.1491  28.573744     4.7746     4.8365    -0.0135    95.1675 1.0000e-12  -74.17536 -113.34424  27.275335      99.87 7.0515e+01    527.933      12671  1029.6096  1029.6072    34.2931    34.2903    8.08175         24 0.0000e+00
    436.000    431.033    -0.1469  28.579477    -0.1452  28.578594     4.7716     4.8345    -0.0059    95.1718 1.0000e-12  -74.17536 -113.34424  27.275346      99.86 7.0515e+01    528.929      12695  1029.6154  1029.6128    34.2948    34.2917    8.08079         24 0.0000e+00
    437.000    432.020    -0.1423  28.584701    -0.1404  28.584296     4.7747     4.8272    -0.0056    95.1952 1.0000e-12  -74.17536 -113.34424  27.275358      83.97 7.0515e+01    529.929      12719  1029.6207  1029.6185    34.2959    34.2933    8.07974         24 0.0000e+00
    438.000    433.010    -0.1422  28.585242    -0.1402  28.584991     4.7711     4.8308    -0.0109    95.2252 1.0000e-12  -74.17536 -113.34424  27.275369      84.57 7.0515e+01    530.919      12743  1029.6256  1029.6234    34.2961    34.2935    8.07974         23 0.0000e+00
    439.000    433.995    -0.1423  28.585627    -0.1404  28.585182     4.7685     4.8329    -0.0132    95.2480 1.0000e-12  -74.17536 -113.34424  27.275381      95.55 7.0515e+01    531.898      12767  1029.6304  1029.6281    34.2960    34.2933    8.07975         24 0.0000e+00
    440.000    434.985    -0.1428  28.585888    -0.1411  28.585228     4.7685     4.8350    -0.0179    95.2599 1.0000e-12  -74.17536 -113.34424  27.275392      99.89 7.0515e+01    532.881      12790  1029.6355  1029.6332    34.2964    34.2936    8.07984         23 0.0000e+00
    441.000    435.972    -0.1432  28.586063    -0.1410  28.585778     4.7667     4.8358    -0.0178    95.2630 1.0000e-12  -74.17536 -113.34424  27.275404      99.87 7.0515e+01    533.865      12814  1029.6403  1029.6380    34.2964    34.2937    8.07991         24 0.0000e+00
    442.000    436.957    -0.1430  28.587005    -0.1405  28.586994     4.7685     4.8428    -0.0114    95.2716 1.0000e-12  -74.17536 -113.34424  27.275415      99.86 7.0515e+01    534.852      12837  1029.6454  1029.6430    34.2968    34.2941    8.07984         24 0.0000e+00
    443.000    437.947    -0.1415  28.589065    -0.1396  28.588499     4.7764     4.8446     0.0042    95.2620 1.0000e-12  -74.17536 -113.34424  27.275426      99.86 7.0515e+01    535.842      12861  1029.6505  1029.6481    34.2973    34.2945    8.07951         23 0.0000e+00
    444.000    438.933    -0.1372  28.595500    -0.1350  28.595229     4.7780     4.8375    -0.0072    95.2638 1.0000e-12  -74.17536 -113.34424  27.275438      99.86 7.0515e+01    536.837      12885  1029.6573  1029.6549    34.3004    34.2976    8.07842         25 0.0000e+00
    445.000    439.923    -0.1352  28.599233    -0.1329  28.599163     4.7718     4.8341    -0.0163    95.2823 1.0000e-12  -74.17536 -113.34424  27.275449      99.86 7.0515e+01    537.833      12909  1029.6636  1029.6614    34.3026    34.2999    8.07788         23 0.0000e+00
    446.000    440.909    -0.1301  28.604985    -0.1271  28.605337     4.7704     4.8328    -0.0183    95.2554 1.0000e-12  -74.17536 -113.34424  27.275461      99.87 7.0515e+01    538.838      12933  1029.6691  1029.6665    34.3039    34.3010    8.07673         25 0.0000e+00
    447.000    441.896    -0.1228  28.612215    -0.1213  28.611426     4.7682     4.8357    -0.0142    95.2449 1.0000e-12  -74.17536 -113.34424  27.275473      99.86 7.0515e+01    539.837      12957  1029.6738  1029.6716    34.3047    34.3020    8.07513         24 0.0000e+00
    448.000    442.885    -0.1229  28.612608    -0.1206  28.612692     4.7625     4.8334    -0.0115    95.2353 1.0000e-12  -74.17536 -113.34424  27.275484      99.86 7.0515e+01    540.831      12981  1029.6787  1029.6766    34.3048    34.3023    8.07516         23 0.0000e+00
    449.000    443.871    -0.1242  28.612301    -0.1219  28.612165     4.7595     4.8325    -0.0135    95.2405 1.0000e-12  -74.17536 -113.34424  27.275496      99.87 7.0515e+01    541.828      13005  1029.6840  1029.6816    34.3052    34.3025    8.07540         24 0.0000e+00
    450.000    444.859    -0.1220  28.615275    -0.1199  28.615002     4.7623     4.8347    -0.0176    95.2580 1.0000e-12  -74.17536 -113.34424  27.275507      99.86 7.0515e+01    542.833      13029  1029.6893  1029.6869    34.3061    34.3033    8.07489         24 0.0000e+00
    451.000    445.846    -0.1203  28.618179    -0.1181  28.618059     4.7650     4.8357    -0.0103    95.2452 1.0000e-12  -74.17536 -113.34424  27.275519      77.48 7.0515e+01    543.839      13053  1029.6950  1029.6927    34.3075    34.3048    8.07445         25 0.0000e+00
    452.000    446.835    -0.1180  28.621610    -0.1158  28.621352     4.7707     4.8377    -0.0025    95.2469 1.0000e-12  -74.17536 -113.34424  27.275531      94.68 7.0515e+01    544.852      13077  1029.7006  1029.6983    34.3088    34.3061    8.07388         24 0.0000e+00
    453.000    447.821    -0.1172  28.622906    -0.1150  28.622715     4.7692     4.8325    -0.0117    95.2253 1.0000e-12  -74.17536 -113.34424  27.275542      99.89 7.0515e+01    545.860      13102  1029.7055  1029.7032    34.3090    34.3063    8.07370         24 0.0000e+00
    454.000    448.808    -0.1164  28.624233    -0.1142  28.623990     4.7643     4.8221    -0.0022    95.1730 1.0000e-12  -74.17536 -113.34424  27.275554      99.86 7.0515e+01    546.852      13125  1029.7105  1029.7081    34.3094    34.3066    8.07352         24 0.0000e+00
    455.000    449.796    -0.1134  28.628229    -0.1113  28.627896     4.7652     4.8268    -0.0160    95.1838 1.0000e-12  -74.17536 -113.34424  27.275565      99.86 7.0515e+01    547.835      13149  1029.7160  1029.7137    34.3107    34.3079    8.07281         23 0.0000e+00
    456.000    450.784    -0.1097  28.633094    -0.1083  28.632290     4.7611     4.8304    -0.0122    95.1955 1.0000e-12  -74.17536 -113.34424  27.275577      99.86 7.0515e+01    548.824      13173  1029.7219  1029.7196    34.3124    34.3097    8.07194         24 0.0000e+00
    457.000    451.770    -0.1108  28.632655    -0.1084  28.632717     4.7630     4.8275    -0.0147    95.1986 1.0000e-12  -74.17536 -113.34424  27.275588      99.86 7.0515e+01    549.804      13196  1029.7268  1029.7245    34.3124    34.3098    8.07216         24 0.0000e+00
    458.000    452.761    -0.1065  28.637551    -0.1049  28.636774     4.7621     4.8207    -0.0137    95.1927 1.0000e-12  -74.17536 -113.34424  27.275599      99.86 7.0515e+01    550.788      13220  1029.7320  1029.7297    34.3135    34.3106    8.07119         23 0.0000e+00
    459.000    453.745    -0.1021  28.642589    -0.1004  28.641934     4.7545     4.8236    -0.0098    95.1674 1.0000e-12  -74.17536 -113.34424  27.275611      99.87 7.0515e+01    551.776      13244  1029.7374  1029.7350    34.3147    34.3118    8.07020         24 0.0000e+00
    460.000    454.735    -0.0988  28.647238    -0.0963  28.647257     4.7557     4.8246    -0.0071    95.1386 1.0000e-12  -74.17536 -113.34424  27.275622      99.86 7.0515e+01    552.767      13267  1029.7433  1029.7410    34.3166    34.3138    8.06940         24 0.0000e+00
    461.000    455.721    -0.0971  28.649972    -0.0958  28.648887     4.7605     4.8216    -0.0014    95.1428 1.0000e-12  -74.17536 -113.34424  27.275634      99.86 7.0515e+01    553.756      13291  1029.7489  1029.7465    34.3177    34.3148    8.06897         24 0.0000e+00
    462.000    456.709    -0.0962  28.651374    -0.0944  28.650792     4.7619     4.8317    -0.0040    95.1301 1.0000e-12  -74.17536 -113.34424  27.275645      99.86 7.0515e+01    554.758      13315  1029.7537  1029.7514    34.3179    34.3151    8.06877         24 0.0000e+00
    463.000    457.696    -0.0967  28.651244    -0.0958  28.649981     4.7676     4.8293    -0.0176    95.1236 1.0000e-12  -74.17536 -113.34424  27.275657      91.16 7.0515e+01    555.760      13339  1029.7585  1029.7563    34.3178    34.3151    8.06889         24 0.0000e+00
    464.000    458.683    -0.1013  28.647492    -0.0995  28.646988     4.7697     4.8254    -0.0108    95.1054 1.0000e-12  -74.17536 -113.34424  27.275669      75.37 7.0515e+01    556.761      13363  1029.7633  1029.7610    34.3173    34.3146    8.06987         24 0.0000e+00
    465.000    459.670    -0.1008  28.648233    -0.0993  28.647404     4.7616     4.8215    -0.0029    95.0723 1.0000e-12  -74.17536 -113.34424  27.275680      86.19 7.0515e+01    557.763      13387  1029.7678  1029.7655    34.3171    34.3143    8.06978         24 0.0000e+00
    466.000    460.659    -0.1001  28.649075    -0.0976  28.649330     4.7608     4.8244    -0.0017    95.0673 1.0000e-12  -74.17536 -113.34424  27.275692      99.42 7.0515e+01    558.750      13411  1029.7724  1029.7701    34.3169    34.3144    8.06966         23 0.0000e+00
    467.000    461.645    -0.0994  28.650348    -0.0971  28.650253     4.7660     4.8251    -0.0086    95.0784 1.0000e-12  -74.17536 -113.34424  27.275703      99.86 7.0515e+01    559.725      13434  1029.7773  1029.7749    34.3172    34.3145    8.06949         24 0.0000e+00
    468.000    462.635    -0.0988  28.651243    -0.0968  28.651039     4.7630     4.8261    -0.0115    95.0695 1.0000e-12  -74.17536 -113.34423  27.275714      99.86 7.0515e+01    560.708      13458  1029.7819  1029.7797    34.3172    34.3145    8.06937         23 0.0000e+00
    469.000    463.620    -0.0998  28.650743    -0.0973  28.650942     4.7596     4.8239    -0.0107    95.0710 1.0000e-12  -74.17536 -113.34423  27.275726      99.87 7.0515e+01    561.696      13482  1029.7867  1029.7845    34.3170    34.3145    8.06959         24 0.0000e+00
    470.000    464.608    -0.0964  28.654883    -0.0939  28.654739     4.7555     4.8164    -0.0114    95.0439 1.0000e-12  -74.17536 -113.34423  27.275737      99.86 7.0515e+01    562.697      13506  1029.7920  1029.7894    34.3181    34.3151    8.06881         24 0.0000e+00
    471.000    465.596    -0.0931  28.658340    -0.0911  28.657849     4.7483     4.8193    -0.0138    95.0465 1.0000e-12  -74.17536 -113.34423  27.275749      99.86 7.0515e+01    563.708      13530  1029.7966  1029.7942    34.3183    34.3155    8.06808         25 0.0000e+00
    472.000    466.582    -0.0928  28.658931    -0.0907  28.658753     4.7485     4.8200    -0.0179    95.0471 1.0000e-12  -74.17536 -113.34423  27.275761      99.86 7.0515e+01    564.708      13554  1029.8013  1029.7991    34.3182    34.3156    8.06804         23 0.0000e+00
