ocean_section_plots/required_files/ctd/dnbp2202_ctd281.cnv
* Sea-Bird SBE 9 Data File:
* FileName = D:\Data\raw\NBP2202_CTD281.hex
* Software Version Seasave V 7.26.7.121
* Temperature SN = 1649
* Conductivity SN = 2513
* Number of Bytes Per Scan = 40
* Number of Voltage Words = 5
* Number of Scans Averaged by the Deck Unit = 1
* NMEA Latitude = 74 06.10 S
* NMEA Longitude = 115 52.62 W
* NMEA UTC (Time) = Feb 22 2022  06:31:30
* NMEA baud rate = 9600
** Ship: RVIB N.B. Palmer
** Cruise: NBP2202 Thwaites
** Station: 183
** Operator: B. Bjork
# nquan = 28
# nvalues = 970                         
# units = specified
# name 0 = prDM: Pressure, Digiquartz [db]
# name 1 = depSM: Depth [salt water, m]
# name 2 = t090C: Temperature [ITS-90, deg C]
# name 3 = c0mS/cm: Conductivity [mS/cm]
# name 4 = t190C: Temperature, 2 [ITS-90, deg C]
# name 5 = c1mS/cm: Conductivity, 2 [mS/cm]
# name 6 = sbeox0ML/L: Oxygen, SBE 43 [ml/l]
# name 7 = sbeox1ML/L: Oxygen, SBE 43, 2 [ml/l]
# name 8 = flECO-AFL: Fluorescence, WET Labs ECO-AFL/FL [mg/m^3]
# name 9 = CStarTr0: Beam Transmission, WET Labs C-Star [%]
# name 10 = par: PAR/Irradiance, Biospherical/Licor
# name 11 = latitude: Latitude [deg]
# name 12 = longitude: Longitude [deg]
# name 13 = timeJ: Julian Days
# name 14 = altM: Altimeter [m]
# name 15 = spar: SPAR, Biospherical/Licor
# name 16 = timeS: Time, Elapsed [seconds]
# name 17 = scan: Scan Count
# name 18 = density00: Density [density, kg/m^3]
# name 19 = density11: Density, 2 [density, kg/m^3]
# name 20 = v3: Voltage 3
# name 21 = v4: Voltage 4
# name 22 = v5: Voltage 5
# name 23 = sal00: Salinity, Practical [PSU]
# name 24 = sal11: Salinity, Practical, 2 [PSU]
# name 25 = oxsolML/L: Oxygen Saturation, Garcia & Gordon [ml/l]
# name 26 = nbin: number of scans per bin
# name 27 = flag: flag
# span 0 =      2.000,    971.000       
# span 1 =      1.980,    958.713       
# span 2 =    -1.7921,     0.5178       
# span 3 =  26.987589,  29.581319       
# span 4 =    -1.7912,     0.5203       
# span 5 =  26.988302,  29.582173       
# span 6 =     4.4901,     9.1506       
# span 7 =     4.6028,     9.5022       
# span 8 =     0.1811,    11.1586       
# span 9 =    88.1408,    98.3729       
# span 10 = -1.445e-05, 6.8523e-01      
# span 11 =  -74.10180,  -74.10180      
# span 12 = -115.87716, -115.87710      
# span 13 =  53.273483,  53.286944      
# span 14 =       1.97,     100.02      
# span 15 = 1.0648e+01, 2.6374e+01      
# span 16 =    138.961,   1301.986      
# span 17 =       3336,      31249      
# span 18 =  1027.1667,  1032.2872      
# span 19 =  1027.1674,  1032.2856      
# span 20 =     4.1802,     4.6667      
# span 21 =     0.0920,     1.8061      
# span 22 =     0.1058,     0.2392      
# span 23 =    33.7943,    34.5590      
# span 24 =    33.7950,    34.5572      
# span 25 =    7.92761,    8.45457      
# span 26 =         23,         62      
# span 27 = 0.0000e+00, 0.0000e+00      
# interval = decibars: 1                
# start_time = Feb 22 2022 06:31:30 [NMEA time, header]
# bad_flag = -9.990e-29
*END*
[from data line 104]
    106.000    104.876    -0.5269  27.769489    -0.5262  27.769654     8.3550     8.6694     5.1138    92.9464 1.0000e-12  -74.10180 -115.87712  53.275647      99.61 1.7629e+01    325.927       7823  1027.6994  1027.6990     4.4093     1.0877     0.1539    33.8370    33.8364    8.18826         25 0.0000e+00
    107.000    105.866    -0.5216  27.774973    -0.5195  27.776264     8.3543     8.6657     5.1445    92.5995 1.0000e-12  -74.10180 -115.87712  53.275659      99.73 1.7629e+01    326.942       7848  1027.7044  1027.7037     4.3929     0.7958     0.1532    33.8378    33.8371    8.18706         24 0.0000e+00
    108.000    106.854    -0.5194  27.777229    -0.5185  27.777467     8.3492     8.6594     4.3633    92.5776 1.0000e-12  -74.10180 -115.87712  53.275671      99.74 1.7629e+01    327.958       7872  1027.7089  1027.7084     4.3919     0.7808     0.1470    33.8377    33.8371    8.18658         25 0.0000e+00
    109.000    107.844    -0.5208  27.776631    -0.5195  27.777338     8.3452     8.6552     5.1311    92.9462 1.0000e-12  -74.10180 -115.87712  53.275683      99.77 1.7629e+01    328.993       7897  1027.7140  1027.7135     4.4092     0.6529     0.1501    33.8379    33.8374    8.18688         24 0.0000e+00
    110.000    108.833    -0.5204  27.777744    -0.5193  27.778051     8.3171     8.6228     4.9038    92.7567 1.0000e-12  -74.10180 -115.87712  53.275694      99.77 1.7629e+01    329.985       7921  1027.7190  1027.7183     4.4004     0.6834     0.1396    33.8384    33.8375    8.18677         24 0.0000e+00
    111.000    109.822    -0.5207  27.778343    -0.5198  27.778672     8.2817     8.5830     4.7030    92.5982 1.0000e-12  -74.10180 -115.87712  53.275706      99.69 1.7629e+01    330.977       7944  1027.7243  1027.7238     4.3928     0.8837     0.1459    33.8389    33.8384    8.18681         24 0.0000e+00
    112.000    110.812    -0.5260  27.775154    -0.5253  27.775466     8.2208     8.5422     5.0781    91.0653 1.0000e-12  -74.10180 -115.87712  53.275718      99.69 1.7629e+01    332.000       7969  1027.7303  1027.7299     4.3201     0.9074     0.1597    33.8400    33.8395    8.18790         25 0.0000e+00
    113.000    111.799    -0.5358  27.767773    -0.5352  27.768267     8.1653     8.4926     4.8680    91.7502 1.0000e-12  -74.10180 -115.87712  53.275729      99.76 1.7629e+01    333.005       7993  1027.7361  1027.7360     4.3524     0.7192     0.1524    33.8403    33.8403    8.18999         24 0.0000e+00
    114.000    112.791    -0.5646  27.745629    -0.5635  27.746626     8.1291     8.4440     4.1502    90.9029 1.0000e-12  -74.10180 -115.87712  53.275741      94.46 1.7629e+01    333.996       8017  1027.7443  1027.7444     4.3126     0.7030     0.1602    33.8421    33.8423    8.19611         24 0.0000e+00
    115.000    113.779    -0.5686  27.744677    -0.5675  27.745043     8.1029     8.4084     4.5939    91.0099 1.0000e-12  -74.10180 -115.87712  53.275752      99.75 1.7629e+01    335.020       8041  1027.7513  1027.7506     4.3175     0.7126     0.1573    33.8447    33.8439    8.19683         24 0.0000e+00
    116.000    114.767    -0.5645  27.749312    -0.5639  27.749330     8.0539     8.3568     5.3224    91.1812 1.0000e-12  -74.10180 -115.87712  53.275764      99.76 1.7629e+01    336.031       8066  1027.7565  1027.7559     4.3256     0.7137     0.1462    33.8457    33.8451    8.19588         24 0.0000e+00
    117.000    115.757    -0.5708  27.745767    -0.5713  27.745779     8.0161     8.3167     4.9396    90.4635 1.0000e-12  -74.10180 -115.87712  53.275775      99.60 1.7629e+01    337.005       8089  1027.7630  1027.7635     4.2916     1.1289     0.1601    33.8474    33.8480    8.19716         23 0.0000e+00
    118.000    116.747    -0.5946  27.727058    -0.5959  27.726247     7.9727     8.2645     4.1212    91.8690 1.0000e-12  -74.10180 -115.87712  53.275787      99.77 1.7629e+01    338.013       8113  1027.7700  1027.7703     4.3582     0.6897     0.1450    33.8482    33.8485    8.20227         25 0.0000e+00
    119.000    117.734    -0.6007  27.725070    -0.6004  27.724816     7.9312     8.2264     4.2929    92.1241 1.0000e-12  -74.10180 -115.87712  53.275799      99.73 1.7629e+01    339.022       8138  1027.7778  1027.7773     4.3703     0.7953     0.1483    33.8517    33.8511    8.20338         24 0.0000e+00
    120.000    118.725    -0.6319  27.699143    -0.6306  27.700441     7.8911     8.2014     4.9086    91.9472 1.0000e-12  -74.10180 -115.87712  53.275810      99.66 1.7629e+01    339.994       8161  1027.7842  1027.7844     4.3619     1.0058     0.1485    33.8511    33.8515    8.21019         24 0.0000e+00
    121.000    119.714    -0.6383  27.695543    -0.6383  27.695812     7.8577     8.1753     4.2248    92.3908 1.0000e-12  -74.10180 -115.87712  53.275822      99.78 1.7629e+01    341.004       8185  1027.7905  1027.7909     4.3830     0.6410     0.1400    33.8528    33.8532    8.21148         24 0.0000e+00
    122.000    120.701    -0.6519  27.687044    -0.6511  27.687411     7.8461     8.1538     3.5050    92.4048 1.0000e-12  -74.10180 -115.87712  53.275834      99.76 1.7629e+01    342.018       8209  1027.7986  1027.7982     4.3837     0.7296     0.1512    33.8560    33.8556    8.21425         24 0.0000e+00
    123.000    121.690    -0.6555  27.686284    -0.6547  27.686777     7.8474     8.1352     4.0071    91.2431 1.0000e-12  -74.10180 -115.87712  53.275845      99.68 1.7629e+01    342.998       8233  1027.8052  1027.8050     4.3286     0.9035     0.1431    33.8583    33.8581    8.21489         23 0.0000e+00
    124.000    122.681    -0.6562  27.687060    -0.6552  27.687658     7.8344     8.1159     2.9382    91.5200 1.0000e-12  -74.10180 -115.87712  53.275856      99.78 1.7629e+01    344.001       8257  1027.8108  1027.8105     4.3417     0.5890     0.1429    33.8595    33.8592    8.21497         25 0.0000e+00
    125.000    123.670    -0.6562  27.687939    -0.6553  27.688381     7.8172     8.1000     3.3729    90.7528 1.0000e-12  -74.10180 -115.87712  53.275868      99.79 1.7629e+01    344.987       8281  1027.8159  1027.8155     4.3053     0.6058     0.1406    33.8602    33.8597    8.21495         23 0.0000e+00
    126.000    124.657    -0.6599  27.686749    -0.6596  27.686936     7.8050     8.0847     3.7623    91.8948 1.0000e-12  -74.10180 -115.87712  53.275879      99.77 1.7629e+01    345.967       8304  1027.8223  1027.8223     4.3595     0.6575     0.1505    33.8621    33.8621    8.21564         23 0.0000e+00
    127.000    125.647    -0.6656  27.684552    -0.6647  27.685079     7.7794     8.0704     3.3448    92.2905 1.0000e-12  -74.10180 -115.87713  53.275891      98.24 1.7629e+01    346.960       8328  1027.8296  1027.8292     4.3782     0.6693     0.1494    33.8649    33.8646    8.21671         24 0.0000e+00
    128.000    126.637    -0.6701  27.682374    -0.6694  27.682676     7.7579     8.0460     3.2347    92.4462 1.0000e-12  -74.10180 -115.87713  53.275902      97.18 1.7629e+01    347.961       8352  1027.8357  1027.8353     4.3856     0.5747     0.1459    33.8664    33.8660    8.21761         25 0.0000e+00
    129.000    127.625    -0.6627  27.691077    -0.6615  27.691451     7.7226     8.0050     3.5636    93.6262 1.0000e-12  -74.10180 -115.87713  53.275914      99.76 1.7629e+01    348.941       8376  1027.8421  1027.8413     4.4410     0.5597     0.1469    33.8692    33.8684    8.21583         23 0.0000e+00
    130.000    128.614    -0.6602  27.696104    -0.6594  27.696563     7.6700     7.9555     3.6561    92.6629 1.0000e-12  -74.10180 -115.87713  53.275925      99.77 1.7629e+01    349.916       8399  1027.8493  1027.8490     4.3964     0.6666     0.1456    33.8725    33.8723    8.21509         24 0.0000e+00
    131.000    129.604    -0.6736  27.689675    -0.6733  27.689981     7.6421     7.9256     3.3564    92.5559 1.0000e-12  -74.10180 -115.87713  53.275937      99.82 1.7629e+01    350.919       8423  1027.8596  1027.8596     4.3909     0.4775     0.1449    33.8783    33.8783    8.21768         23 0.0000e+00
    132.000    130.593    -0.6880  27.681348    -0.6873  27.681839     7.6310     7.9112     2.5927    93.0093 1.0000e-12  -74.10180 -115.87713  53.275948      99.75 1.7629e+01    351.916       8447  1027.8687  1027.8685     4.4123     0.7376     0.1591    33.8826    33.8824    8.22057         24 0.0000e+00
    133.000    131.581    -0.6929  27.678166    -0.6920  27.678842     7.6237     7.8940     3.1677    92.8676 1.0000e-12  -74.10180 -115.87713  53.275960      99.81 1.7629e+01    352.901       8471  1027.8742  1027.8740     4.4056     0.5245     0.1499    33.8832    33.8831    8.22160         24 0.0000e+00
    134.000    132.570    -0.6973  27.675506    -0.6962  27.676092     7.6149     7.8839     4.4737    90.3700 1.0000e-12  -74.10180 -115.87713  53.275971      99.78 1.7796e+01    353.911       8495  1027.8797  1027.8793     4.2873     0.6347     0.1477    33.8839    33.8835    8.22251         25 0.0000e+00
    135.000    133.561    -0.7018  27.672485    -0.7007  27.672972     7.5933     7.8664     4.1894    91.5718 1.0000e-12  -74.10180 -115.87713  53.275983      99.80 1.8618e+01    354.907       8519  1027.8849  1027.8844     4.3440     0.5462     0.1512    33.8843    33.8837    8.22347         23 0.0000e+00
    136.000    134.548    -0.7088  27.667561    -0.7086  27.667811     7.5728     7.8411     3.5958    91.4898 1.0000e-12  -74.10180 -115.87713  53.275994      99.75 1.7722e+01    355.858       8542  1027.8905  1027.8906     4.3403     0.7383     0.1605    33.8849    33.8849    8.22497         23 0.0000e+00
    137.000    135.538    -0.7227  27.659612    -0.7218  27.660068     7.5542     7.8230     3.7331    91.2473 1.0000e-12  -74.10180 -115.87713  53.276006      99.77 1.8268e+01    356.882       8566  1027.8995  1027.8992     4.3287     0.6768     0.2392    33.8890    33.8887    8.22774         25 0.0000e+00
    138.000    136.527    -0.7272  27.656808    -0.7271  27.656708     7.5234     7.7950     3.4277    91.3231 1.0000e-12  -74.10180 -115.87714  53.276017      99.79 1.8803e+01    357.894       8590  1027.9050  1027.9048     4.3324     0.6053     0.1529    33.8898    33.8895    8.22869         24 0.0000e+00
    139.000    137.516    -0.7397  27.647793    -0.7403  27.647807     7.4986     7.7563     3.4108    92.1345 1.0000e-12  -74.10180 -115.87714  53.276029      99.74 1.7942e+01    358.874       8614  1027.9115  1027.9121     4.3708     0.7758     0.1607    33.8909    33.8916    8.23134         24 0.0000e+00
    140.000    138.505    -0.7620  27.632796    -0.7613  27.633196     7.4593     7.7112     3.9831    91.4680 1.0000e-12  -74.10180 -115.87713  53.276040      99.76 1.7995e+01    359.878       8638  1027.9210  1027.9208     4.3394     0.6971     0.1509    33.8951    33.8949    8.23597         24 0.0000e+00
    141.000    139.493    -0.7682  27.628350    -0.7675  27.628894     7.4034     7.6601     4.0598    91.5298 1.0000e-12  -74.10180 -115.87713  53.276052      96.52 1.8936e+01    360.879       8662  1027.9262  1027.9261     4.3419     0.5808     0.1554    33.8954    33.8954    8.23730         23 0.0000e+00
    142.000    140.483    -0.7999  27.604385    -0.8000  27.605248     7.3600     7.6202     3.2522    90.6786 1.0000e-12  -74.10180 -115.87713  53.276063      99.79 1.7794e+01    361.823       8685  1027.9351  1027.9361     4.3018     0.5017     0.1626    33.8980    33.8993    8.24409         23 0.0000e+00
    143.000    141.471    -0.8374  27.577978    -0.8368  27.578711     7.3062     7.5749     3.6411    92.0641 1.0000e-12  -74.10180 -115.87713  53.276074      99.78 1.8000e+01    362.830       8709  1027.9469  1027.9471     4.3675     0.6425     0.1551    33.9038    33.9041    8.25197         24 0.0000e+00
    144.000    142.461    -0.8628  27.557946    -0.8621  27.558984     7.2735     7.5410     4.1391    92.1019 1.0000e-12  -74.10180 -115.87713  53.276086      99.70 1.8753e+01    363.843       8733  1027.9536  1027.9541     4.3693     0.8728     0.1659    33.9045    33.9052    8.25748         24 0.0000e+00
    145.000    143.450    -0.8799  27.545463    -0.8792  27.546246     7.2444     7.5107     3.2246    91.1822 1.0000e-12  -74.10180 -115.87713  53.276097      99.76 1.7995e+01    364.814       8757  1027.9606  1027.9607     4.3257     0.6924     0.1522    33.9062    33.9065    8.26115         24 0.0000e+00
    146.000    144.438    -0.9006  27.528507    -0.9016  27.528862     7.2176     7.4809     3.1096    90.5792 1.0000e-12  -74.10180 -115.87713  53.276109      99.79 1.7996e+01    365.801       8780  1027.9660  1027.9674     4.2981     0.5741     0.1577    33.9058    33.9074    8.26570         24 0.0000e+00
    147.000    145.428    -0.9519  27.488497    -0.9514  27.489741     7.2036     7.4655     3.0114    92.6107 1.0000e-12  -74.10180 -115.87713  53.276120      99.82 1.9102e+01    366.807       8804  1027.9762  1027.9771     4.3923     0.4974     0.1526    33.9087    33.9098    8.27684         23 0.0000e+00
    148.000    146.417    -0.9761  27.469402    -0.9758  27.470082     7.1981     7.4562     3.2117    91.7647 1.0000e-12  -74.10180 -115.87713  53.276132      99.80 1.7997e+01    367.770       8827  1027.9826  1027.9831     4.3533     0.5751     0.1536    33.9093    33.9099    8.28213         24 0.0000e+00
    149.000    147.405    -0.9882  27.460622    -0.9876  27.461333     7.1911     7.4438     3.0915    92.3988 1.0000e-12  -74.10180 -115.87713  53.276143      99.79 1.8069e+01    368.763       8851  1027.9885  1027.9887     4.3834     0.5890     0.1504    33.9104    33.9107    8.28474         24 0.0000e+00
    150.000    148.394    -0.9986  27.453804    -0.9982  27.454413     7.1813     7.4390     2.8587    91.8202 1.0000e-12  -74.10180 -115.87713  53.276155      99.76 1.9249e+01    369.774       8876  1027.9949  1027.9952     4.3559     0.7197     0.1515    33.9123    33.9126    8.28692         24 0.0000e+00
    151.000    149.382    -1.0058  27.449149    -1.0053  27.449783     7.1658     7.4210     2.8773    92.2609 1.0000e-12  -74.10180 -115.87713  53.276166      99.79 1.9173e+01    370.759       8899  1028.0006  1028.0008     4.3768     0.6205     0.1478    33.9134    33.9137    8.28844         24 0.0000e+00
    152.000    150.373    -1.0177  27.440707    -1.0177  27.441018     7.1510     7.4078     2.6260    92.4331 1.0000e-12  -74.10180 -115.87713  53.276178      99.79 1.8594e+01    371.754       8923  1028.0068  1028.0072     4.3850     0.5816     0.1639    33.9147    33.9151    8.29100         24 0.0000e+00
    153.000    151.361    -1.0233  27.437489    -1.0237  27.437277     7.1422     7.3966     2.4915    92.6323 1.0000e-12  -74.10180 -115.87712  53.276189      99.78 1.9557e+01    372.761       8947  1028.0126  1028.0127     4.3945     0.6427     0.1388    33.9160    33.9162    8.29216         23 0.0000e+00
    154.000    152.349    -1.0332  27.430410    -1.0334  27.430724     7.1275     7.3720     3.3121    91.7826 1.0000e-12  -74.10180 -115.87712  53.276201      99.82 2.0566e+01    373.728       8970  1028.0184  1028.0189     4.3542     0.4709     0.1511    33.9169    33.9176    8.29429         24 0.0000e+00
    155.000    153.340    -1.0516  27.416870    -1.0510  27.417690     7.1016     7.3498     2.4048    91.9856 1.0000e-12  -74.10180 -115.87712  53.276212      99.81 1.9191e+01    374.715       8994  1028.0253  1028.0257     4.3638     0.5024     0.1516    33.9186    33.9191    8.29826         24 0.0000e+00
    156.000    154.327    -1.0574  27.415466    -1.0567  27.416005     7.0737     7.3265     4.1016    91.8575 1.0000e-12  -74.10180 -115.87712  53.276224      99.81 1.9390e+01    375.722       9018  1028.0333  1028.0332     4.3577     0.5122     0.1486    33.9226    33.9225    8.29931         24 0.0000e+00
