ocean_section_plots/required_files/ctd/dnbp2202_ctd125.cnv
* Sea-Bird SBE 9 Data File:
* FileName = D:\Data\raw\NBP2202_CTD125.hex
* Software Version Seasave V 7.26.7.121
* Temperature SN = 1649
* Conductivity SN = 2513
* Number of Bytes Per Scan = 40
* Number of Voltage Words = 5
* Number of Scans Averaged by the Deck Unit = 1
* NMEA Latitude = 74 10.52 S
* NMEA Longitude = 113 20.65 W
* NMEA UTC (Time) = Jan 27 2022  12:41:33
* NMEA baud rate = 9600
** Ship: RVIB N.B. Palmer
** Cruise: NBP2202 Thwaites
** Station: YoYo001
** Operator: B. Bjork
# nquan = 25
# nvalues = 608                         
# units = specified
# name 0 = prDM: Pressure, Digiquartz [db]
# name 1 = depSM: Depth [salt water, m]
# name 2 = t090C: Temperature [ITS-90, deg C]
# name 3 = c0mS/cm: Conductivity [mS/cm]
# name 4 = t190C: Temperature, 2 [ITS-90, deg C]
# name 5 = c1mS/cm: Conductivity, 2 [mS/cm]
# name 6 = sbeox0ML/L: Oxygen, SBE 43 [ml/l]
# name 7 = sbeox1ML/L: Oxygen, SBE 43, 2 [ml/l]
# name 8 = flECO-AFL: Fluorescence, WET Labs ECO-AFL/FL [mg/m^3]
# name 9 = CStarTr0: Beam Transmission, WET Labs C-Star [%]
# name 10 = par: PAR/Irradiance, Biospherical/Licor
# name 11 = latitude: Latitude [deg]
# name 12 = longitude: Longitude [deg]
# name 13 = timeJ: Julian Days
# name 14 = altM: Altimeter [m]
# name 15 = spar: SPAR, Biospherical/Licor
# name 16 = timeS: Time, Elapsed [seconds]
# name 17 = scan: Scan Count
# name 18 = density00: Density [density, kg/m^3]
# name 19 = density11: Density, 2 [density, kg/m^3]
# name 20 = sal00: Salinity, Practical [PSU]
# name 21 = sal11: Salinity, Practical, 2 [PSU]
# name 22 = oxsolML/L: Oxygen Saturation, Garcia & Gordon [ml/l]
# name 23 = nbin: number of scans per bin
# name 24 = flag: flag
# span 0 =     10.000,    617.000       
# span 1 =      9.896,    609.710       
# span 2 =    -1.4602,     0.0896       
# span 3 =  27.017118,  28.917807       
# span 4 =    -1.4591,     0.0919       
# span 5 =  27.017160,  28.917532       
# span 6 =     4.6746,     8.3603       
# span 7 =     4.7199,     8.1627       
# span 8 =    -0.0225,    23.2540       
# span 9 =    70.6276,    95.6431       
# span 10 = -2.665e-06, 7.8444e+00      
# span 11 =  -74.17536,  -74.17534      
# span 12 = -113.34430, -113.34422      
# span 13 =  27.529374,  27.537129      
# span 14 =       6.59,     100.11      
# span 15 = 2.6091e+02, 3.4165e+02      
# span 16 =     44.926,    714.903      
# span 17 =       1079,      17159      
# span 18 =  1027.2276,  1030.5181      
# span 19 =  1027.2257,  1030.5155      
# span 20 =    33.7932,    34.3806      
# span 21 =    33.7912,    34.3778      
# span 22 =    8.02621,    8.39059      
# span 23 =         20,         46      
# span 24 = 0.0000e+00, 0.0000e+00      
# interval = decibars: 1                
# start_time = Jan 27 2022 12:41:33 [NMEA time, header]
# bad_flag = -9.990e-29
*END*
[from data line 116]
    126.000    124.658    -1.4439  27.072613    -1.4387  27.075889     5.5980     5.6584    -0.0061    95.5789 1.0000e-12  -74.17536 -113.34424  27.531059      99.87 3.4016e+02    190.459       4572  1027.8900  1027.8886    33.9088    33.9074    8.38642         23 0.0000e+00
    127.000    125.647    -1.4362  27.080498    -1.4335  27.081698     5.5974     5.6598    -0.0006    95.5824 1.0000e-12  -74.17536 -113.34424  27.531070      99.86 3.4024e+02    191.430       4595  1027.8956  1027.8943    33.9103    33.9090    8.38459         23 0.0000e+00
    128.000    126.636    -1.4289  27.088781    -1.4274  27.088504     5.5957     5.6613    -0.0152    95.6012 1.0000e-12  -74.17536 -113.34424  27.531081      99.87 3.4024e+02    192.408       4619  1027.9019  1027.9002    33.9128    33.9108    8.38280         24 0.0000e+00
    129.000    127.625    -1.4288  27.089522    -1.4270  27.089646     5.5987     5.6647    -0.0150    95.5978 1.0000e-12  -74.17536 -113.34424  27.531092      99.87 3.4024e+02    193.390       4642  1027.9070  1027.9055    33.9131    33.9113    8.38276         24 0.0000e+00
    130.000    128.615    -1.4281  27.090671    -1.4257  27.091687     5.6032     5.6605    -0.0150    95.5947 1.0000e-12  -74.17536 -113.34424  27.531104      99.86 3.4024e+02    194.363       4666  1027.9119  1027.9107    33.9132    33.9119    8.38259         23 0.0000e+00
    131.000    129.603    -1.4223  27.099100    -1.4192  27.100524     5.6076     5.6739    -0.0202    95.5958 1.0000e-12  -74.17536 -113.34424  27.531115      99.86 3.4024e+02    195.341       4689  1027.9200  1027.9186    33.9177    33.9161    8.38103         23 0.0000e+00
    132.000    130.591    -1.4185  27.105354    -1.4174  27.104902     5.6171     5.6817    -0.0180    95.5996 1.0000e-12  -74.17536 -113.34424  27.531127      99.87 3.4024e+02    196.330       4713  1027.9276  1027.9260    33.9213    33.9195    8.37995         25 0.0000e+00
    133.000    131.583    -1.4194  27.105432    -1.4183  27.105156     5.6209     5.6817    -0.0150    95.5936 1.0000e-12  -74.17536 -113.34424  27.531138      99.86 3.4024e+02    197.299       4736  1027.9330  1027.9316    33.9219    33.9202    8.38013         22 0.0000e+00
    134.000    132.571    -1.4194  27.106329    -1.4182  27.105887     5.6211     5.6812    -0.0098    95.6064 1.0000e-12  -74.17536 -113.34424  27.531149      99.87 3.4024e+02    198.275       4760  1027.9382  1027.9366    33.9225    33.9205    8.38009         24 0.0000e+00
    135.000    133.558    -1.4185  27.107857    -1.4171  27.107781     5.6210     5.6802    -0.0020    95.6074 1.0000e-12  -74.17536 -113.34424  27.531160      99.81 3.4024e+02    199.261       4783  1027.9434  1027.9419    33.9229    33.9212    8.37986         24 0.0000e+00
    136.000    134.550    -1.4184  27.108590    -1.4170  27.108315     5.6203     5.6847    -0.0076    95.6113 1.0000e-12  -74.17536 -113.34424  27.531172      99.50 3.4024e+02    200.230       4807  1027.9485  1027.9468    33.9232    33.9213    8.37982         23 0.0000e+00
    137.000    135.536    -1.4188  27.109065    -1.4170  27.109213     5.6248     5.6883    -0.0074    95.6125 1.0000e-12  -74.17536 -113.34424  27.531183      99.87 3.4078e+02    201.208       4830  1027.9537  1027.9521    33.9236    33.9218    8.37988         23 0.0000e+00
    138.000    136.525    -1.4205  27.108403    -1.4194  27.108068     5.6418     5.6985    -0.0151    95.6149 1.0000e-12  -74.17536 -113.34424  27.531194      99.86 3.4105e+02    202.195       4854  1027.9590  1027.9575    33.9241    33.9223    8.38024         24 0.0000e+00
    139.000    137.517    -1.4221  27.108485    -1.4209  27.108141     5.6492     5.7078    -0.0016    95.6002 1.0000e-12  -74.17536 -113.34424  27.531206      99.87 3.4047e+02    203.168       4877  1027.9649  1027.9634    33.9253    33.9235    8.38052         23 0.0000e+00
    140.000    138.503    -1.4230  27.108856    -1.4218  27.108531     5.6498     5.7119    -0.0113    95.6126 1.0000e-12  -74.17536 -113.34424  27.531217      99.87 3.4140e+02    204.134       4900  1027.9706  1027.9691    33.9263    33.9245    8.38068         23 0.0000e+00
    141.000    139.493    -1.4234  27.109450    -1.4221  27.109314     5.6493     5.7130    -0.0104    95.6171 1.0000e-12  -74.17536 -113.34424  27.531228      99.86 3.4149e+02    205.109       4924  1027.9759  1027.9745    33.9270    33.9253    8.38073         24 0.0000e+00
    142.000    140.481    -1.4230  27.110589    -1.4217  27.110427     5.6484     5.7171     0.0037    95.6137 1.0000e-12  -74.17536 -113.34424  27.531239      99.86 3.4078e+02    206.080       4947  1027.9811  1027.9797    33.9275    33.9258    8.38061         23 0.0000e+00
    143.000    141.471    -1.4228  27.111570    -1.4213  27.111546     5.6468     5.7258     0.0067    95.6148 1.0000e-12  -74.17536 -113.34424  27.531251      99.86 3.4062e+02    207.049       4970  1027.9863  1027.9848    33.9279    33.9262    8.38053         23 0.0000e+00
    144.000    142.461    -1.4221  27.113349    -1.4208  27.113084     5.6492     5.7250    -0.0079    95.6280 1.0000e-12  -74.17536 -113.34424  27.531262      99.87 3.4165e+02    208.036       4994  1027.9919  1027.9903    33.9289    33.9271    8.38031         24 0.0000e+00
    145.000    143.449    -1.4218  27.114083    -1.4205  27.113903     5.6549     5.7226    -0.0074    95.6224 1.0000e-12  -74.17536 -113.34424  27.531273      99.87 3.4039e+02    209.021       5018  1027.9967  1027.9953    33.9290    33.9273    8.38024         24 0.0000e+00
    146.000    144.438    -1.4202  27.116917    -1.4190  27.116412     5.6564     5.7260    -0.0077    95.6148 1.0000e-12  -74.17536 -113.34424  27.531285      99.87 3.4062e+02    209.990       5041  1028.0026  1028.0009    33.9305    33.9285    8.37980         23 0.0000e+00
    147.000    145.427    -1.4176  27.120888    -1.4162  27.120519     5.6550     5.7241    -0.0150    95.6047 1.0000e-12  -74.17536 -113.34424  27.531296      99.87 3.4147e+02    210.960       5064  1028.0088  1028.0071    33.9323    33.9303    8.37909         23 0.0000e+00
    148.000    146.415    -1.4168  27.122282    -1.4155  27.121928     5.6557     5.7194    -0.0150    95.6276 1.0000e-12  -74.17536 -113.34424  27.531307      99.86 3.4069e+02    211.929       5087  1028.0139  1028.0122    33.9328    33.9308    8.37890         24 0.0000e+00
    149.000    147.405    -1.4142  27.125712    -1.4128  27.125357     5.6481     5.7182    -0.0098    95.6282 1.0000e-12  -74.17536 -113.34424  27.531318      98.18 3.4077e+02    212.888       5110  1028.0195  1028.0177    33.9339    33.9318    8.37825         23 0.0000e+00
    150.000    148.394    -1.4112  27.129339    -1.4109  27.127716     5.6427     5.7167    -0.0121    95.6260 1.0000e-12  -74.17536 -113.34424  27.531329      97.10 3.4138e+02    213.861       5134  1028.0249  1028.0228    33.9349    33.9322    8.37751         23 0.0000e+00
    151.000    149.383    -1.4068  27.134018    -1.4062  27.132964     5.6435     5.7148    -0.0150    95.6288 1.0000e-12  -74.17536 -113.34424  27.531341      99.83 3.4054e+02    214.843       5157  1028.0300  1028.0284    33.9356    33.9336    8.37646         24 0.0000e+00
    152.000    150.372    -1.4033  27.138116    -1.4033  27.136463     5.6388     5.7178    -0.0177    95.5961 1.0000e-12  -74.17536 -113.34423  27.531352      99.86 3.4040e+02    215.805       5180  1028.0356  1028.0337    33.9368    33.9344    8.37563         22 0.0000e+00
    153.000    151.362    -1.4008  27.141024    -1.3993  27.140819     5.6351     5.7110    -0.0190    95.6342 1.0000e-12  -74.17536 -113.34422  27.531363      99.86 3.4134e+02    216.770       5203  1028.0407  1028.0390    33.9373    33.9353    8.37503         24 0.0000e+00
    154.000    152.349    -1.3976  27.145369    -1.3959  27.145189     5.6386     5.7055    -0.0094    95.6294 1.0000e-12  -74.17536 -113.34422  27.531374      99.87 3.4040e+02    217.744       5227  1028.0467  1028.0449    33.9390    33.9368    8.37421         23 0.0000e+00
    155.000    153.338    -1.3890  27.155647    -1.3853  27.157565     5.6372     5.7079    -0.0223    95.6360 1.0000e-12  -74.17536 -113.34423  27.531385      99.86 3.4047e+02    218.704       5250  1028.0541  1028.0526    33.9427    33.9411    8.37205         23 0.0000e+00
    156.000    154.327    -1.3828  27.162133    -1.3805  27.162941     5.6297     5.7029    -0.0153    95.6349 1.0000e-12  -74.17536 -113.34424  27.531397      99.87 3.4116e+02    219.665       5273  1028.0595  1028.0583    33.9440    33.9426    8.37058         23 0.0000e+00
    157.000    155.317    -1.3867  27.158806    -1.3857  27.158139     5.6266     5.6958    -0.0212    95.6270 1.0000e-12  -74.17536 -113.34424  27.531408      99.87 3.4046e+02    220.638       5296  1028.0641  1028.0624    33.9432    33.9412    8.37151         23 0.0000e+00
    158.000    156.304    -1.3795  27.166657    -1.3763  27.167818     5.6231     5.6973    -0.0224    95.6328 1.0000e-12  -74.17536 -113.34424  27.531419      99.86 3.4031e+02    221.600       5319  1028.0701  1028.0684    33.9453    33.9432    8.36977         23 0.0000e+00
    159.000    157.295    -1.3720  27.174268    -1.3703  27.174022     5.6190     5.6881    -0.0101    95.6288 1.0000e-12  -74.17536 -113.34424  27.531430      99.86 3.4112e+02    222.565       5343  1028.0757  1028.0736    33.9466    33.9442    8.36802         24 0.0000e+00
    160.000    158.282    -1.3658  27.181494    -1.3638  27.181700     5.6118     5.6861    -0.0036    95.6304 1.0000e-12  -74.17536 -113.34424  27.531441      99.86 3.4070e+02    223.540       5366  1028.0820  1028.0803    33.9488    33.9469    8.36648         23 0.0000e+00
    161.000    159.272    -1.3626  27.185485    -1.3603  27.185881     5.6134     5.6824    -0.0077    95.6248 1.0000e-12  -74.17536 -113.34424  27.531453      99.87 3.4024e+02    224.504       5389  1028.0877  1028.0859    33.9501    33.9480    8.36569         23 0.0000e+00
    162.000    160.261    -1.3544  27.194346    -1.3534  27.193458     5.6105     5.6833    -0.0099    95.6125 1.0000e-12  -74.17536 -113.34424  27.531464      94.94 3.4024e+02    225.459       5412  1028.0938  1028.0920    33.9523    33.9500    8.36371         23 0.0000e+00
    163.000    161.248    -1.3533  27.196112    -1.3519  27.195614     5.6050     5.6784    -0.0220    95.6372 1.0000e-12  -74.17536 -113.34424  27.531475      94.78 3.4024e+02    226.430       5435  1028.0992  1028.0973    33.9529    33.9506    8.36343         24 0.0000e+00
    164.000    162.239    -1.3504  27.199529    -1.3488  27.199357     5.6046     5.6847    -0.0075    95.6427 1.0000e-12  -74.17536 -113.34424  27.531486      99.78 3.4024e+02    227.388       5458  1028.1045  1028.1028    33.9537    33.9516    8.36274         22 0.0000e+00
    165.000    163.227    -1.3479  27.202803    -1.3471  27.201599     5.6002     5.6823    -0.0077    95.6292 1.0000e-12  -74.17536 -113.34424  27.531497      99.86 3.4024e+02    228.341       5481  1028.1101  1028.1080    33.9547    33.9522    8.36212         23 0.0000e+00
    166.000    164.217    -1.3508  27.200336    -1.3473  27.201964     5.6030     5.6805    -0.0128    95.6180 1.0000e-12  -74.17536 -113.34424  27.531508      99.87 3.4024e+02    229.304       5504  1028.1146  1028.1130    33.9540    33.9522    8.36281         23 0.0000e+00
    167.000    165.205    -1.3458  27.206150    -1.3432  27.206687     5.5964     5.6714    -0.0150    95.6431 1.0000e-12  -74.17536 -113.34424  27.531519      99.87 3.4024e+02    230.261       5527  1028.1205  1028.1186    33.9556    33.9535    8.36158         23 0.0000e+00
    168.000    166.194    -1.3390  27.212903    -1.3373  27.213052     5.5830     5.6550    -0.0150    95.6360 1.0000e-12  -74.17536 -113.34424  27.531530      99.86 3.4024e+02    231.211       5550  1028.1258  1028.1243    33.9567    33.9549    8.36002         23 0.0000e+00
    169.000    167.183    -1.3304  27.222298    -1.3277  27.222935     5.5681     5.6439    -0.0083    95.6180 1.0000e-12  -74.17536 -113.34424  27.531541      99.87 3.4024e+02    232.172       5573  1028.1321  1028.1302    33.9592    33.9569    8.35794         23 0.0000e+00
    170.000    168.171    -1.3052  27.248654    -1.3030  27.248269     5.5624     5.6329     0.0045    95.6068 1.0000e-12  -74.17536 -113.34424  27.531553      99.87 3.4016e+02    233.139       5596  1028.1410  1028.1385    33.9661    33.9631    8.35187         23 0.0000e+00
    171.000    169.161    -1.2906  27.264090    -1.2887  27.264088     5.5659     5.6326    -0.0153    95.6239 1.0000e-12  -74.17536 -113.34424  27.531564      99.86 3.3993e+02    234.096       5619  1028.1483  1028.1465    33.9701    33.9680    8.34837         23 0.0000e+00
    172.000    170.149    -1.2872  27.268586    -1.2858  27.267927     5.5468     5.6164    -0.0225    95.6248 1.0000e-12  -74.17536 -113.34424  27.531575      99.86 3.4016e+02    235.049       5642  1028.1545  1028.1524    33.9719    33.9694    8.34752         23 0.0000e+00
    173.000    171.137    -1.2798  27.277516    -1.2775  27.277478     5.5323     5.6057    -0.0159    95.6248 1.0000e-12  -74.17536 -113.34424  27.531586      99.86 3.3908e+02    236.006       5665  1028.1616  1028.1593    33.9750    33.9724    8.34566         23 0.0000e+00
    174.000    172.126    -1.2623  27.294767    -1.2629  27.291845     5.5334     5.6065    -0.0150    95.6237 1.0000e-12  -74.17536 -113.34424  27.531597      99.87 3.3855e+02    236.950       5688  1028.1680  1028.1655    33.9783    33.9750    8.34157         23 0.0000e+00
    175.000    173.114    -1.2506  27.305961    -1.2492  27.305512     5.5237     5.6014    -0.0109    95.6182 1.0000e-12  -74.17536 -113.34424  27.531608      99.86 3.3946e+02    237.905       5711  1028.1735  1028.1716    33.9797    33.9775    8.33887         23 0.0000e+00
    176.000    174.105    -1.2504  27.307454    -1.2500  27.305922     5.5136     5.5971    -0.0134    95.6111 1.0000e-12  -74.17536 -113.34424  27.531619      98.36 3.3846e+02    238.860       5734  1028.1794  1028.1774    33.9809    33.9784    8.33875         22 0.0000e+00
    177.000    175.093    -1.2435  27.315292    -1.2402  27.316077     5.5035     5.5855    -0.0190    95.6080 1.0000e-12  -74.17536 -113.34424  27.531630      94.59 3.3847e+02    239.809       5756  1028.1858  1028.1835    33.9832    33.9806    8.33708         23 0.0000e+00
    178.000    176.083    -1.2346  27.323941    -1.2328  27.323870     5.4997     5.5783    -0.0079    95.6058 1.0000e-12  -74.17536 -113.34424  27.531641      99.91 3.3956e+02    240.758       5779  1028.1912  1028.1894    33.9844    33.9822    8.33503         23 0.0000e+00
    179.000    177.071    -1.2318  27.327433    -1.2287  27.328147     5.5108     5.5893    -0.0151    95.5968 1.0000e-12  -74.17536 -113.34424  27.531652      99.87 3.3846e+02    241.716       5802  1028.1969  1028.1946    33.9854    33.9828    8.33435         23 0.0000e+00
    180.000    178.061    -1.2253  27.333215    -1.2244  27.332164     5.5199     5.5933    -0.0150    95.6057 1.0000e-12  -74.17536 -113.34424  27.531663      99.87 3.3847e+02    242.657       5825  1028.2014  1028.1994    33.9853    33.9829    8.33290         23 0.0000e+00
    181.000    179.046    -1.2383  27.322061    -1.2386  27.320352     5.5219     5.5854    -0.0150    95.6029 1.0000e-12  -74.17536 -113.34424  27.531674      99.87 3.3847e+02    243.598       5847  1028.2062  1028.2046    33.9841    33.9821    8.33587         22 0.0000e+00
    182.000    180.040    -1.2432  27.318671    -1.2401  27.319493     5.5293     5.5890    -0.0150    95.5856 1.0000e-12  -74.17536 -113.34424  27.531685      99.87 3.3847e+02    244.546       5870  1028.2117  1028.2096    33.9844    33.9820    8.33694         23 0.0000e+00
