ocean_section_plots/required_files/ctd/dnbp2202_ctd070.cnv
* Sea-Bird SBE 9 Data File:
* FileName = D:\Data\raw\NBP2202_CTD070.hex
* Software Version Seasave V 7.26.7.121
* Temperature SN = 1649
* Conductivity SN = 2513
* Number of Bytes Per Scan = 40
* Number of Voltage Words = 5
* Number of Scans Averaged by the Deck Unit = 1
* NMEA Latitude = 74 13.20 S
* NMEA Longitude = 112 13.23 W
* NMEA UTC (Time) = Jan 26 2022  02:45:50
* NMEA baud rate = 9600
** Ship: RVIB N.B. Palmer
** Cruise: NBP2202 Thwaites
** Station: 51
** Operator: A. Robinson
** N-S Transect Line
# nquan = 25
# nvalues = 938                         
# units = specified
# name 0 = prDM: Pressure, Digiquartz [db]
# name 1 = depSM: Depth [salt water, m]
# name 2 = t090C: Temperature [ITS-90, deg C]
# name 3 = c0mS/cm: Conductivity [mS/cm]
# name 4 = t190C: Temperature, 2 [ITS-90, deg C]
# name 5 = c1mS/cm: Conductivity, 2 [mS/cm]
# name 6 = sbeox0ML/L: Oxygen, SBE 43 [ml/l]
# name 7 = sbeox1ML/L: Oxygen, SBE 43, 2 [ml/l]
# name 8 = flECO-AFL: Fluorescence, WET Labs ECO-AFL/FL [mg/m^3]
# name 9 = CStarTr0: Beam Transmission, WET Labs C-Star [%]
# name 10 = par: PAR/Irradiance, Biospherical/Licor
# name 11 = latitude: Latitude [deg]
# name 12 = longitude: Longitude [deg]
# name 13 = timeJ: Julian Days
# name 14 = altM: Altimeter [m]
# name 15 = spar: SPAR, Biospherical/Licor
# name 16 = timeS: Time, Elapsed [seconds]
# name 17 = scan: Scan Count
# name 18 = density00: Density [density, kg/m^3]
# name 19 = density11: Density, 2 [density, kg/m^3]
# name 20 = sal00: Salinity, Practical [PSU]
# name 21 = sal11: Salinity, Practical, 2 [PSU]
# name 22 = oxsolML/L: Oxygen Saturation, Garcia & Gordon [ml/l]
# name 23 = nbin: number of scans per bin
# name 24 = flag: flag
# span 0 =      2.000,    939.000       
# span 1 =      1.982,    927.180       
# span 2 =    -1.4900,     0.5692       
# span 3 =  27.146357,  29.617587       
# span 4 =    -1.4897,     0.5712       
# span 5 =  27.145794,  29.617439       
# span 6 =     4.5351,     8.3259       
# span 7 =     4.6607,     8.6784       
# span 8 =    -0.0207,    26.8398       
# span 9 =    69.7299,    95.6677       
# span 10 = 1.0000e-12, 1.1920e+02      
# span 11 =  -74.22000,  -74.22000      
# span 12 = -112.22066, -112.22061      
# span 13 =  26.118204,  26.132770      
# span 14 =       4.29,     100.16      
# span 15 = 2.7417e+02, 3.0006e+02      
# span 16 =    262.846,   1521.339      
# span 17 =       6309,      36513      
# span 18 =  1027.1984,  1032.1405      
# span 19 =  1027.1989,  1032.1382      
# span 20 =    33.8076,    34.5674      
# span 21 =    33.8080,    34.5650      
# span 22 =    7.91663,    8.39008      
# span 23 =         22,         49      
# span 24 = 0.0000e+00, 0.0000e+00      
# interval = decibars: 1                
# start_time = Jan 26 2022 02:45:50 [NMEA time, header]
# bad_flag = -9.990e-29
*END*
[from data line 116]
    118.000    116.745    -1.2341  27.208157    -1.2347  27.207244     7.0646     7.3795     9.1905    81.3353 1.0000e-12  -74.22000 -112.22062  26.120510      99.35 2.9264e+02    462.085      11091  1027.8069  1027.8064    33.8624    33.8618    8.34214         32 0.0000e+00
    119.000    117.734    -1.2350  27.207951    -1.2344  27.207836     7.0556     7.3698     9.2467    81.5907 1.0000e-12  -74.22000 -112.22062  26.120526      99.37 2.9264e+02    463.476      11124  1027.8117  1027.8111    33.8624    33.8617    8.34232         34 0.0000e+00
    120.000    118.722    -1.2358  27.207940    -1.2358  27.207402     7.0947     7.3635     9.2151    82.2430 1.0000e-12  -74.22000 -112.22062  26.120543      99.36 2.9264e+02    464.915      11159  1027.8167  1027.8161    33.8627    33.8620    8.34248         34 0.0000e+00
    121.000    119.713    -1.2376  27.207921    -1.2374  27.207410     7.0741     7.3567     8.9753    81.1821 1.0000e-12  -74.22000 -112.22062  26.120559      99.40 2.9264e+02    466.332      11193  1027.8227  1027.8219    33.8641    33.8632    8.34281         34 0.0000e+00
    122.000    120.702    -1.2381  27.208766    -1.2375  27.208940     7.0185     7.3307     8.6693    82.5320 1.0000e-12  -74.22000 -112.22062  26.120575      99.41 2.9264e+02    467.694      11226  1027.8283  1027.8280    33.8652    33.8648    8.34285         32 0.0000e+00
    123.000    121.691    -1.2431  27.206341    -1.2420  27.206835     7.0249     7.3121     8.8117    82.0163 1.0000e-12  -74.22000 -112.22062  26.120590      99.37 2.9264e+02    469.003      11257  1027.8348  1027.8343    33.8670    33.8664    8.34387         31 0.0000e+00
    124.000    122.679    -1.2472  27.204007    -1.2467  27.203761     7.0162     7.2963     8.4996    82.2335 1.0000e-12  -74.22000 -112.22062  26.120606      99.43 2.9264e+02    470.349      11289  1027.8405  1027.8398    33.8678    33.8669    8.34474         34 0.0000e+00
    125.000    123.669    -1.2481  27.203751    -1.2472  27.203849     6.9614     7.2831     8.4989    82.2462 1.0000e-12  -74.22000 -112.22062  26.120622      99.41 2.9264e+02    471.744      11323  1027.8453  1027.8445    33.8679    33.8670    8.34494         33 0.0000e+00
    126.000    124.658    -1.2509  27.202105    -1.2498  27.202444     6.9678     7.2633     8.2985    81.2446 1.0000e-12  -74.22000 -112.22062  26.120638      99.38 2.9264e+02    473.107      11356  1027.8504  1027.8498    33.8681    33.8674    8.34554         32 0.0000e+00
    127.000    125.647    -1.2534  27.201380    -1.2535  27.200935     6.9815     7.2481     8.4623    81.9637 1.0000e-12  -74.22000 -112.22062  26.120654      99.45 2.9264e+02    474.474      11388  1027.8563  1027.8559    33.8693    33.8688    8.34602         34 0.0000e+00
    128.000    126.636    -1.2554  27.200896    -1.2550  27.200613     6.9517     7.2471     7.8745    82.8076 1.0000e-12  -74.22000 -112.22062  26.120670      95.63 2.9259e+02    475.867      11422  1027.8620  1027.8612    33.8703    33.8694    8.34642         33 0.0000e+00
    129.000    127.625    -1.2553  27.201433    -1.2548  27.201130     6.9500     7.2411     8.2218    82.8966 1.0000e-12  -74.22000 -112.22062  26.120686      99.37 2.9166e+02    477.264      11455  1027.8667  1027.8659    33.8703    33.8694    8.34640         34 0.0000e+00
    130.000    128.612    -1.2566  27.201046    -1.2566  27.200599     6.9341     7.2210     7.9285    82.3734 1.0000e-12  -74.22000 -112.22062  26.120702      99.50 2.9236e+02    478.628      11488  1027.8718  1027.8713    33.8706    33.8700    8.34667         31 0.0000e+00
    131.000    129.604    -1.2594  27.200133    -1.2589  27.199853     6.9060     7.1829     7.8161    82.6313 1.0000e-12  -74.22000 -112.22062  26.120717      99.41 2.9160e+02    479.937      11519  1027.8777  1027.8769    33.8719    33.8709    8.34722         32 0.0000e+00
    132.000    130.592    -1.2632  27.198381    -1.2638  27.197680     6.8336     7.1227     7.8705    82.6068 1.0000e-12  -74.22000 -112.22062  26.120732      99.59 2.9184e+02    481.220      11550  1027.8838  1027.8835    33.8732    33.8729    8.34799         31 0.0000e+00
    133.000    131.580    -1.2764  27.191608    -1.2768  27.190964     6.7650     7.0765     8.3442    82.3718 1.0000e-12  -74.22000 -112.22062  26.120748      99.41 2.9222e+02    482.589      11583  1027.8934  1027.8931    33.8782    33.8778    8.35064         34 0.0000e+00
    134.000    132.570    -1.2857  27.186861    -1.2856  27.186439     6.7561     7.0529     7.3988    83.1342 1.0000e-12  -74.22000 -112.22062  26.120764      99.45 2.9170e+02    484.041      11618  1027.9014  1027.9009    33.8816    33.8809    8.35252         34 0.0000e+00
    135.000    133.560    -1.2895  27.185194    -1.2889  27.185010     6.7676     7.0623     6.8518    83.3114 1.0000e-12  -74.22000 -112.22062  26.120781      99.53 2.9179e+02    485.435      11651  1027.9075  1027.9067    33.8830    33.8821    8.35330         33 0.0000e+00
    136.000    134.546    -1.2890  27.185965    -1.2879  27.185964     6.8120     7.0788     6.4150    84.5458 1.0000e-12  -74.22000 -112.22062  26.120796      99.54 2.9179e+02    486.740      11683  1027.9120  1027.9109    33.8829    33.8816    8.35319         31 0.0000e+00
    137.000    135.537    -1.2869  27.187566    -1.2850  27.187976     6.8125     7.0863     6.2249    84.7936 1.0000e-12  -74.22000 -112.22062  26.120811      99.53 2.9122e+02    488.039      11714  1027.9159  1027.9145    33.8821    33.8804    8.35277         31 0.0000e+00
    138.000    136.526    -1.2818  27.190836    -1.2818  27.190221     6.7927     7.0739     7.0463    84.3426 1.0000e-12  -74.22000 -112.22062  26.120826      96.38 2.9157e+02    489.374      11746  1027.9187  1027.9181    33.8801    33.8793    8.35173         33 0.0000e+00
    139.000    137.515    -1.2849  27.189463    -1.2842  27.189456     6.7645     7.0398     7.4238    84.5386 1.0000e-12  -74.22000 -112.22062  26.120842      99.48 2.9143e+02    490.724      11778  1027.9246  1027.9238    33.8812    33.8804    8.35238         32 0.0000e+00
    140.000    138.503    -1.2945  27.184736    -1.2937  27.184545     6.7360     7.0199     7.0071    84.5754 1.0000e-12  -74.22000 -112.22062  26.120857      99.56 2.9163e+02    492.085      11811  1027.9329  1027.9320    33.8849    33.8838    8.35429         33 0.0000e+00
    141.000    139.494    -1.2963  27.184152    -1.2955  27.183981     6.7243     7.0099     6.3699    84.4872 1.0000e-12  -74.22000 -112.22062  26.120873      99.50 2.9145e+02    493.423      11843  1027.9382  1027.9372    33.8855    33.8843    8.35466         31 0.0000e+00
    142.000    140.482    -1.2978  27.183658    -1.2971  27.183544     6.6963     6.9660     6.1271    84.5320 1.0000e-12  -74.22000 -112.22062  26.120888      99.53 2.9133e+02    494.719      11874  1027.9434  1027.9426    33.8859    33.8850    8.35497         31 0.0000e+00
    143.000    141.471    -1.3021  27.181712    -1.3015  27.181508     6.5902     6.8753     6.5787    84.6228 1.0000e-12  -74.22000 -112.22062  26.120903      99.55 2.9089e+02    496.044      11906  1027.9496  1027.9488    33.8875    33.8865    8.35585         31 0.0000e+00
    144.000    142.459    -1.3187  27.172700    -1.3201  27.172075     6.4743     6.7583     5.9492    84.0928 1.0000e-12  -74.22000 -112.22062  26.120919      99.56 2.9088e+02    497.410      11939  1027.9602  1027.9609    33.8933    33.8940    8.35922         33 0.0000e+00
    145.000    143.449    -1.3622  27.150621    -1.3615  27.150776     6.3948     6.7018     5.6775    85.0075 1.0000e-12  -74.22000 -112.22062  26.120935      99.58 2.9088e+02    498.749      11971  1027.9824  1027.9818    33.9116    33.9110    8.36788         31 0.0000e+00
    146.000    144.438    -1.3668  27.149077    -1.3663  27.148906     6.3979     6.6714     3.7536    85.1013 1.0000e-12  -74.22000 -112.22062  26.120950      99.63 2.9088e+02    500.067      12003  1027.9892  1027.9884    33.9141    33.9133    8.36877         32 0.0000e+00
    147.000    145.426    -1.3709  27.148987    -1.3705  27.148699     6.3634     6.6514     2.6910    86.0959 1.0000e-12  -74.22000 -112.22062  26.120965      91.81 2.9088e+02    501.394      12034  1027.9971  1027.9964    33.9180    33.9171    8.36946         32 0.0000e+00
    148.000    146.416    -1.3784  27.150052    -1.3775  27.149805     6.3878     6.6492     2.5716    86.3707 1.0000e-12  -74.22000 -112.22062  26.120981      99.42 2.9088e+02    502.721      12066  1028.0097  1028.0085    33.9274    33.9260    8.37058         31 0.0000e+00
    149.000    147.404    -1.3768  27.153123    -1.3769  27.152147     6.3847     6.6513     2.6387    87.1768 1.0000e-12  -74.22000 -112.22062  26.120996      99.74 2.9088e+02    504.060      12098  1028.0156  1028.0146    33.9292    33.9280    8.37012         33 0.0000e+00
    150.000    148.393    -1.3767  27.154230    -1.3765  27.153712     6.3989     6.6531     2.0815    88.2742 1.0000e-12  -74.22000 -112.22062  26.121012      99.74 2.9088e+02    505.411      12131  1028.0208  1028.0201    33.9300    33.9290    8.37006         32 0.0000e+00
    151.000    149.383    -1.3778  27.153685    -1.3772  27.153310     6.3954     6.6552     2.2580    88.9550 1.0000e-12  -74.22000 -112.22062  26.121027      99.76 2.9088e+02    506.698      12162  1028.0254  1028.0245    33.9298    33.9287    8.37030         31 0.0000e+00
    152.000    150.372    -1.3774  27.155195    -1.3764  27.155191     6.4013     6.6524     2.1825    89.2777 1.0000e-12  -74.22000 -112.22062  26.121041      99.78 2.9088e+02    507.973      12192  1028.0309  1028.0299    33.9308    33.9297    8.37015         31 0.0000e+00
    153.000    151.360    -1.3781  27.156069    -1.3776  27.155658     6.4119     6.6596     2.6151    89.2454 1.0000e-12  -74.22000 -112.22062  26.121057      99.80 2.9125e+02    509.336      12225  1028.0367  1028.0358    33.9322    33.9311    8.37023         33 0.0000e+00
    154.000    152.349    -1.3778  27.158565    -1.3773  27.158306     6.4186     6.6575     2.1798    90.2183 1.0000e-12  -74.22000 -112.22062  26.121073      99.79 2.9145e+02    510.691      12258  1028.0434  1028.0426    33.9347    33.9337    8.37002         31 0.0000e+00
    155.000    153.338    -1.3782  27.160186    -1.3776  27.159866     6.4083     6.6499     2.2662    90.7305 1.0000e-12  -74.22000 -112.22062  26.121088      99.79 2.9128e+02    511.966      12288  1028.0498  1028.0489    33.9367    33.9356    8.36998         31 0.0000e+00
    156.000    154.327    -1.3834  27.158378    -1.3812  27.159383     6.3964     6.6465     2.7976    90.6921 1.0000e-12  -74.22000 -112.22062  26.121102      99.78 2.9117e+02    513.233      12319  1028.0572  1028.0562    33.9395    33.9384    8.37099         31 0.0000e+00
    157.000    155.315    -1.3970  27.151268    -1.3970  27.150971     6.3773     6.6394     2.8602    90.8538 1.0000e-12  -74.22000 -112.22062  26.121117      96.56 2.9170e+02    514.551      12350  1028.0668  1028.0665    33.9446    33.9442    8.37374         32 0.0000e+00
    158.000    156.305    -1.4059  27.146357    -1.4055  27.146080     6.3765     6.6358     2.2240    91.0885 1.0000e-12  -74.22000 -112.22062  26.121133      98.81 2.9150e+02    515.874      12382  1028.0742  1028.0736    33.9473    33.9464    8.37558         31 0.0000e+00
    159.000    157.293    -1.4065  27.146578    -1.4064  27.145794     6.3742     6.6382     2.1346    90.9328 1.0000e-12  -74.22000 -112.22062  26.121148      99.79 2.9127e+02    517.185      12413  1028.0792  1028.0782    33.9476    33.9464    8.37569         32 0.0000e+00
    160.000    158.283    -1.4053  27.147868    -1.4052  27.147291     6.3785     6.6345     2.3294    91.4627 1.0000e-12  -74.22000 -112.22062  26.121163      99.80 2.9156e+02    518.488      12445  1028.0837  1028.0829    33.9475    33.9465    8.37544         31 0.0000e+00
    161.000    159.271    -1.4056  27.147973    -1.4051  27.147699     6.3852     6.6339     2.0174    91.0176 1.0000e-12  -74.22000 -112.22062  26.121178      99.81 2.9112e+02    519.761      12475  1028.0883  1028.0875    33.9473    33.9464    8.37552         30 0.0000e+00
    162.000    160.260    -1.4062  27.147924    -1.4058  27.147545     6.4058     6.6302     1.8746    91.6984 1.0000e-12  -74.22000 -112.22062  26.121193      99.81 2.9088e+02    521.052      12506  1028.0930  1028.0922    33.9473    33.9463    8.37565         32 0.0000e+00
    163.000    161.249    -1.4055  27.149480    -1.4052  27.148759     6.3767     6.6378     2.4782    91.4985 1.0000e-12  -74.22000 -112.22062  26.121208      99.79 2.9088e+02    522.404      12539  1028.0982  1028.0972    33.9480    33.9467    8.37544         32 0.0000e+00
    164.000    162.238    -1.4050  27.150496    -1.4045  27.150110     6.3610     6.6351     2.5990    91.5292 1.0000e-12  -74.22000 -112.22062  26.121224      99.80 2.9088e+02    523.722      12570  1028.1032  1028.1022    33.9482    33.9471    8.37532         31 0.0000e+00
    165.000    163.226    -1.4053  27.150644    -1.4047  27.150370     6.3781     6.6165     1.9464    91.7378 1.0000e-12  -74.22000 -112.22062  26.121238      99.80 2.9088e+02    524.998      12601  1028.1078  1028.1070    33.9481    33.9471    8.37539         31 0.0000e+00
    166.000    164.217    -1.4058  27.150827    -1.4046  27.151386     6.3172     6.5946     2.2606    91.5294 1.0000e-12  -74.22000 -112.22062  26.121253      99.81 2.9088e+02    526.294      12632  1028.1128  1028.1122    33.9483    33.9477    8.37550         31 0.0000e+00
    167.000    165.204    -1.4016  27.157094    -1.4007  27.156951     6.3420     6.5746     1.9289    91.5994 1.0000e-12  -74.22000 -112.22062  26.121268      88.33 2.9088e+02    527.577      12663  1028.1199  1028.1189    33.9516    33.9504    8.37436         30 0.0000e+00
    168.000    166.194    -1.3960  27.163382    -1.3952  27.163029     6.3127     6.5711     1.9702    91.6774 1.0000e-12  -74.22000 -112.22062  26.121283      99.56 2.9088e+02    528.823      12693  1028.1257  1028.1246    33.9532    33.9519    8.37300         30 0.0000e+00
    169.000    167.182    -1.3931  27.166375    -1.3926  27.165971     6.3081     6.5698     1.4580    92.0051 1.0000e-12  -74.22000 -112.22062  26.121297      99.80 2.9088e+02    530.104      12723  1028.1305  1028.1296    33.9534    33.9524    8.37234         32 0.0000e+00
    170.000    168.172    -1.3928  27.167221    -1.3911  27.167706     6.3114     6.5759     1.7442    91.9012 1.0000e-12  -74.22000 -112.22062  26.121313      99.80 2.9088e+02    531.428      12755  1028.1355  1028.1343    33.9537    33.9524    8.37226         32 0.0000e+00
    171.000    169.159    -1.3895  27.170574    -1.3889  27.170204     6.3177     6.5756     1.7328    92.3125 1.0000e-12  -74.22000 -112.22062  26.121328      99.81 2.9088e+02    532.748      12787  1028.1403  1028.1393    33.9539    33.9527    8.37151         31 0.0000e+00
    172.000    170.148    -1.3888  27.171655    -1.3887  27.170743     6.3185     6.5804     1.8020    92.1991 1.0000e-12  -74.22000 -112.22062  26.121343      99.81 2.9088e+02    534.018      12817  1028.1452  1028.1441    33.9540    33.9526    8.37135         28 0.0000e+00
    173.000    171.137    -1.3884  27.172655    -1.3878  27.172271     6.3216     6.5823     1.8106    92.1115 1.0000e-12  -74.22000 -112.22062  26.121357      99.81 2.9088e+02    535.241      12847  1028.1502  1028.1491    33.9542    33.9530    8.37123         29 0.0000e+00
    174.000    172.127    -1.3855  27.176166    -1.3851  27.175493     6.3452     6.5727     1.6704    92.3346 1.0000e-12  -74.22000 -112.22062  26.121371      99.81 2.9088e+02    536.486      12877  1028.1556  1028.1544    33.9552    33.9537    8.37053         31 0.0000e+00
