ocean_section_plots/required_files/ctd/dnbp2202_ctd123.cnv
* Sea-Bird SBE 9 Data File:
* FileName = D:\Data\raw\NBP2202_CTD123.hex
* Software Version Seasave V 7.26.7.121
* Temperature SN = 1649
* Conductivity SN = 2513
* Number of Bytes Per Scan = 40
* Number of Voltage Words = 5
* Number of Scans Averaged by the Deck Unit = 1
* NMEA Latitude = 74 10.52 S
* NMEA Longitude = 113 20.65 W
* NMEA UTC (Time) = Jan 27 2022  11:53:11
* NMEA baud rate = 9600
** Ship: RVIB N.B. Palmer
** Cruise: NBP2202 Thwaites
** Station: YoYo001
** Operator: B. Bjork
# nquan = 25
# nvalues = 607                         
# units = specified
# name 0 = prDM: Pressure, Digiquartz [db]
# name 1 = depSM: Depth [salt water, m]
# name 2 = t090C: Temperature [ITS-90, deg C]
# name 3 = c0mS/cm: Conductivity [mS/cm]
# name 4 = t190C: Temperature, 2 [ITS-90, deg C]
# name 5 = c1mS/cm: Conductivity, 2 [mS/cm]
# name 6 = sbeox0ML/L: Oxygen, SBE 43 [ml/l]
# name 7 = sbeox1ML/L: Oxygen, SBE 43, 2 [ml/l]
# name 8 = flECO-AFL: Fluorescence, WET Labs ECO-AFL/FL [mg/m^3]
# name 9 = CStarTr0: Beam Transmission, WET Labs C-Star [%]
# name 10 = par: PAR/Irradiance, Biospherical/Licor
# name 11 = latitude: Latitude [deg]
# name 12 = longitude: Longitude [deg]
# name 13 = timeJ: Julian Days
# name 14 = altM: Altimeter [m]
# name 15 = spar: SPAR, Biospherical/Licor
# name 16 = timeS: Time, Elapsed [seconds]
# name 17 = scan: Scan Count
# name 18 = density00: Density [density, kg/m^3]
# name 19 = density11: Density, 2 [density, kg/m^3]
# name 20 = sal00: Salinity, Practical [PSU]
# name 21 = sal11: Salinity, Practical, 2 [PSU]
# name 22 = oxsolML/L: Oxygen Saturation, Garcia & Gordon [ml/l]
# name 23 = nbin: number of scans per bin
# name 24 = flag: flag
# span 0 =     10.000,    616.000       
# span 1 =      9.897,    608.718       
# span 2 =    -1.4447,     0.0736       
# span 3 =  27.033421,  28.905958       
# span 4 =    -1.4434,     0.0766       
# span 5 =  27.033079,  28.905151       
# span 6 =     4.6845,     8.3982       
# span 7 =     4.7372,     8.3471       
# span 8 =    -0.0224,    24.1329       
# span 9 =    69.1916,    95.6439       
# span 10 = 1.0000e-12, 4.4275e+00      
# span 11 =  -74.17536,  -74.17536      
# span 12 = -113.34424, -113.34422      
# span 13 =  27.495644,  27.503387      
# span 14 =       7.87,     101.24      
# span 15 = 1.9392e+02, 2.2549e+02      
# span 16 =     32.649,    701.659      
# span 17 =        785,      16841      
# span 18 =  1027.2259,  1030.5154      
# span 19 =  1027.2243,  1030.5133      
# span 20 =    33.7929,    34.3785      
# span 21 =    33.7910,    34.3759      
# span 22 =    8.02965,    8.38707      
# span 23 =         21,         62      
# span 24 = 0.0000e+00, 0.0000e+00      
# interval = decibars: 1                
# start_time = Jan 27 2022 11:53:11 [NMEA time, header]
# bad_flag = -9.990e-29
*END*
[from data line 464]
    474.000    468.558    -0.0890  28.665291    -0.0873  28.664514     4.7418     4.7932    -0.0164    95.0150 1.0000e-12  -74.17536 -113.34424  27.501251      99.87 1.9926e+02    517.098      12411  1029.8129  1029.8105    34.3212    34.3183    8.06706         23 0.0000e+00
    475.000    469.545    -0.0881  28.666768    -0.0855  28.667326     4.7449     4.7963    -0.0052    94.9958 1.0000e-12  -74.17536 -113.34424  27.501262      99.87 1.9921e+02    518.047      12434  1029.8179  1029.8160    34.3216    34.3194    8.06686         22 0.0000e+00
    476.000    470.530    -0.0908  28.663705    -0.0887  28.663614     4.7456     4.7964    -0.0062    95.0160 1.0000e-12  -74.17536 -113.34424  27.501273      99.86 1.9921e+02    519.010      12457  1029.8216  1029.8195    34.3200    34.3175    8.06752         24 0.0000e+00
    477.000    471.521    -0.0908  28.664347    -0.0889  28.664022     4.7434     4.7945    -0.0095    95.0169 1.0000e-12  -74.17536 -113.34424  27.501284      99.86 1.9921e+02    519.974      12480  1029.8265  1029.8243    34.3202    34.3176    8.06750         23 0.0000e+00
    478.000    472.507    -0.0903  28.665562    -0.0880  28.665568     4.7394     4.7878    -0.0080    95.0247 1.0000e-12  -74.17536 -113.34424  27.501296      94.00 1.9921e+02    520.953      12504  1029.8316  1029.8293    34.3207    34.3181    8.06737         23 0.0000e+00
    479.000    473.494    -0.0888  28.667597    -0.0864  28.667802     4.7377     4.7867    -0.0110    95.0280 1.0000e-12  -74.17536 -113.34424  27.501307      73.17 1.9921e+02    521.929      12527  1029.8365  1029.8344    34.3211    34.3187    8.06703         24 0.0000e+00
    480.000    474.482    -0.0889  28.667831    -0.0871  28.667219     4.7376     4.7899    -0.0163    95.0270 1.0000e-12  -74.17536 -113.34424  27.501318      83.16 1.9921e+02    522.916      12551  1029.8411  1029.8388    34.3210    34.3181    8.06706         23 0.0000e+00
    481.000    475.469    -0.0906  28.665452    -0.0886  28.665194     4.7413     4.7902    -0.0098    95.0366 1.0000e-12  -74.17536 -113.34424  27.501330      95.26 1.9921e+02    523.897      12575  1029.8445  1029.8423    34.3191    34.3164    8.06752         24 0.0000e+00
    482.000    476.457    -0.0891  28.667367    -0.0868  28.667229     4.7385     4.7912    -0.0095    95.0156 1.0000e-12  -74.17536 -113.34424  27.501341      99.77 1.9921e+02    524.875      12598  1029.8493  1029.8469    34.3193    34.3166    8.06719         24 0.0000e+00
    483.000    477.443    -0.0862  28.670861    -0.0840  28.670599     4.7384     4.7917    -0.0165    95.0389 1.0000e-12  -74.17536 -113.34424  27.501353      99.86 1.9921e+02    525.860      12622  1029.8544  1029.8519    34.3201    34.3173    8.06653         23 0.0000e+00
    484.000    478.431    -0.0847  28.672499    -0.0832  28.671799     4.7340     4.7893    -0.0125    95.0360 1.0000e-12  -74.17536 -113.34424  27.501364      99.87 1.9921e+02    526.835      12645  1029.8588  1029.8567    34.3200    34.3174    8.06621         23 0.0000e+00
    485.000    479.418    -0.0838  28.673963    -0.0820  28.673497     4.7282     4.7807    -0.0096    95.0451 1.0000e-12  -74.17536 -113.34424  27.501375      99.86 1.9921e+02    527.800      12668  1029.8639  1029.8616    34.3204    34.3177    8.06602         24 0.0000e+00
    486.000    480.408    -0.0799  28.678855    -0.0773  28.679073     4.7331     4.7805    -0.0130    95.0689 1.0000e-12  -74.17536 -113.34424  27.501386      99.87 1.9921e+02    528.767      12691  1029.8695  1029.8671    34.3219    34.3192    8.06511         23 0.0000e+00
    487.000    481.392    -0.0747  28.685362    -0.0723  28.685424     4.7358     4.7853    -0.0172    95.0684 1.0000e-12  -74.17536 -113.34424  27.501397      99.86 1.9837e+02    529.738      12715  1029.8755  1029.8733    34.3240    34.3215    8.06388         23 0.0000e+00
    488.000    482.381    -0.0742  28.686631    -0.0721  28.686356     4.7316     4.7860    -0.0157    95.1257 1.0000e-12  -74.17536 -113.34424  27.501409      99.86 1.9852e+02    530.711      12738  1029.8807  1029.8783    34.3246    34.3219    8.06375         23 0.0000e+00
    489.000    483.367    -0.0742  28.686841    -0.0723  28.686614     4.7290     4.7890    -0.0098    95.1626 1.0000e-12  -74.17536 -113.34424  27.501420      99.86 1.9847e+02    531.700      12762  1029.8851  1029.8831    34.3243    34.3219    8.06376         24 0.0000e+00
    490.000    484.356    -0.0769  28.685536    -0.0752  28.685057     4.7358     4.7904    -0.0098    95.1804 1.0000e-12  -74.17536 -113.34424  27.501432      99.86 1.9862e+02    532.689      12786  1029.8907  1029.8886    34.3250    34.3224    8.06429         24 0.0000e+00
    491.000    485.342    -0.0769  28.686065    -0.0750  28.685760     4.7408     4.7911    -0.0167    95.1940 1.0000e-12  -74.17536 -113.34424  27.501443      99.86 1.9797e+02    533.677      12809  1029.8956  1029.8934    34.3252    34.3226    8.06429         23 0.0000e+00
    492.000    486.330    -0.0761  28.687827    -0.0737  28.687440     4.7325     4.7886    -0.0101    95.2106 1.0000e-12  -74.17536 -113.34424  27.501454      81.71 1.9833e+02    534.656      12833  1029.9009  1029.8982    34.3259    34.3228    8.06407         24 0.0000e+00
    493.000    487.317    -0.0759  28.688885    -0.0738  28.688672     4.7387     4.7915    -0.0026    95.1926 1.0000e-12  -74.17536 -113.34424  27.501466      80.66 1.9805e+02    535.631      12856  1029.9061  1029.9039    34.3265    34.3239    8.06399         23 0.0000e+00
    494.000    488.304    -0.0760  28.689342    -0.0737  28.689281     4.7387     4.7846    -0.0068    95.1995 1.0000e-12  -74.17536 -113.34424  27.501477      90.55 1.9782e+02    536.595      12879  1029.9110  1029.9087    34.3267    34.3240    8.06402         23 0.0000e+00
    495.000    489.293    -0.0745  28.691442    -0.0725  28.691019     4.7368     4.7807    -0.0097    95.1196 1.0000e-12  -74.17536 -113.34424  27.501488      95.62 1.9790e+02    537.559      12902  1029.9159  1029.9135    34.3271    34.3243    8.06366         23 0.0000e+00
    496.000    490.278    -0.0749  28.691305    -0.0719  28.691937     4.7353     4.7893    -0.0116    95.1347 1.0000e-12  -74.17536 -113.34424  27.501499      99.95 1.9806e+02    538.519      12925  1029.9204  1029.9182    34.3268    34.3244    8.06376         23 0.0000e+00
    497.000    491.266    -0.0747  28.692021    -0.0714  28.692933     4.7313     4.7900    -0.0157    95.1234 1.0000e-12  -74.17536 -113.34424  27.501510      99.86 1.9773e+02    539.488      12949  1029.9252  1029.9231    34.3270    34.3245    8.06372         24 0.0000e+00
    498.000    492.253    -0.0767  28.690343    -0.0747  28.690050     4.7344     4.7888    -0.0162    95.1066 1.0000e-12  -74.17536 -113.34424  27.501522      99.86 1.9781e+02    540.464      12972  1029.9298  1029.9276    34.3265    34.3238    8.06418         24 0.0000e+00
    499.000    493.241    -0.0774  28.689950    -0.0761  28.688893     4.7381     4.7894    -0.0157    95.0856 1.0000e-12  -74.17536 -113.34422  27.501533      99.86 1.9760e+02    541.440      12996  1029.9343  1029.9320    34.3261    34.3233    8.06434         23 0.0000e+00
    500.000    494.228    -0.0760  28.691868    -0.0747  28.690803     4.7416     4.7910    -0.0163    95.0718 1.0000e-12  -74.17536 -113.34424  27.501544      99.86 1.9744e+02    542.415      13019  1029.9392  1029.9368    34.3265    34.3236    8.06403         23 0.0000e+00
    501.000    495.215    -0.0752  28.693182    -0.0732  28.692993     4.7379     4.7878    -0.0096    95.0662 1.0000e-12  -74.17536 -113.34422  27.501555      99.86 1.9744e+02    543.379      13042  1029.9441  1029.9419    34.3268    34.3242    8.06384         23 0.0000e+00
    502.000    496.203    -0.0729  28.696048    -0.0706  28.696057     4.7341     4.7844    -0.0032    95.0526 1.0000e-12  -74.17536 -113.34424  27.501566      99.86 1.9744e+02    544.345      13065  1029.9491  1029.9468    34.3274    34.3248    8.06332         23 0.0000e+00
    503.000    497.190    -0.0720  28.697591    -0.0698  28.697333     4.7334     4.7860    -0.0059    95.0624 1.0000e-12  -74.17536 -113.34422  27.501578      99.86 1.9744e+02    545.315      13089  1029.9541  1029.9517    34.3278    34.3250    8.06310         24 0.0000e+00
    504.000    498.176    -0.0716  28.698116    -0.0699  28.697759     4.7343     4.7856    -0.0122    95.0538 1.0000e-12  -74.17536 -113.34424  27.501589      99.87 1.9736e+02    546.294      13112  1029.9585  1029.9565    34.3275    34.3251    8.06304         23 0.0000e+00
    505.000    499.164    -0.0746  28.695813    -0.0710  28.697109     4.7343     4.7828    -0.0127    95.0373 1.0000e-12  -74.17536 -113.34424  27.501601      99.86 1.9716e+02    547.286      13136  1029.9633  1029.9611    34.3272    34.3248    8.06369         25 0.0000e+00
    506.000    500.152    -0.0721  28.699507    -0.0700  28.699119     4.7338     4.7862    -0.0118    95.0537 1.0000e-12  -74.17536 -113.34424  27.501612      76.95 1.9729e+02    548.279      13160  1029.9690  1029.9666    34.3287    34.3259    8.06308         23 0.0000e+00
    507.000    501.139    -0.0690  28.703500    -0.0669  28.703218     4.7332     4.7883    -0.0157    95.0380 1.0000e-12  -74.17536 -113.34422  27.501623      87.50 1.9674e+02    549.265      13183  1029.9744  1029.9721    34.3299    34.3272    8.06235         23 0.0000e+00
    508.000    502.125    -0.0679  28.705160    -0.0657  28.704925     4.7365     4.7857    -0.0159    95.0063 1.0000e-12  -74.17536 -113.34424  27.501635      97.33 1.9648e+02    550.238      13207  1029.9793  1029.9770    34.3302    34.3275    8.06209         24 0.0000e+00
    509.000    503.114    -0.0674  28.706175    -0.0653  28.705845     4.7326     4.7754    -0.0153    95.0112 1.0000e-12  -74.17536 -113.34422  27.501646      99.82 1.9645e+02    551.194      13230  1029.9842  1029.9818    34.3304    34.3277    8.06198         23 0.0000e+00
    510.000    504.101    -0.0653  28.709142    -0.0629  28.709100     4.7272     4.7767    -0.0091    94.9960 1.0000e-12  -74.17536 -113.34424  27.501657      99.86 1.9630e+02    552.142      13252  1029.9895  1029.9872    34.3315    34.3287    8.06148         23 0.0000e+00
    511.000    505.087    -0.0629  28.712374    -0.0608  28.712062     4.7271     4.7829    -0.0143    94.9880 1.0000e-12  -74.17536 -113.34424  27.501668      99.87 1.9614e+02    553.105      13276  1029.9949  1029.9925    34.3325    34.3297    8.06093         23 0.0000e+00
    512.000    506.076    -0.0631  28.712709    -0.0608  28.712608     4.7322     4.7829    -0.0169    95.0044 1.0000e-12  -74.17536 -113.34424  27.501679      99.87 1.9610e+02    554.072      13299  1029.9996  1029.9974    34.3325    34.3299    8.06096         23 0.0000e+00
    513.000    507.061    -0.0625  28.713775    -0.0604  28.713541     4.7250     4.7826    -0.0129    94.9864 1.0000e-12  -74.17536 -113.34424  27.501690      99.86 1.9569e+02    555.050      13322  1030.0045  1030.0023    34.3327    34.3301    8.06083         24 0.0000e+00
    514.000    508.051    -0.0631  28.713448    -0.0606  28.713824     4.7305     4.7765    -0.0115    94.9834 1.0000e-12  -74.17536 -113.34424  27.501702      99.86 1.9568e+02    556.032      13346  1030.0090  1030.0069    34.3324    34.3300    8.06097         23 0.0000e+00
    515.000    509.037    -0.0634  28.713713    -0.0606  28.714212     4.7268     4.7740    -0.0162    94.9904 1.0000e-12  -74.17536 -113.34424  27.501713      99.87 1.9568e+02    557.010      13369  1030.0138  1030.0117    34.3324    34.3300    8.06102         24 0.0000e+00
    516.000    510.023    -0.0600  28.718077    -0.0581  28.717692     4.7261     4.7733    -0.0144    94.9791 1.0000e-12  -74.17536 -113.34424  27.501724      99.86 1.9568e+02    557.979      13393  1030.0194  1030.0171    34.3338    34.3312    8.06023         23 0.0000e+00
    517.000    511.011    -0.0590  28.719572    -0.0569  28.719427     4.7191     4.7698    -0.0021    94.9478 1.0000e-12  -74.17536 -113.34424  27.501736      99.86 1.9568e+02    558.951      13416  1030.0243  1030.0221    34.3341    34.3316    8.06001         23 0.0000e+00
    518.000    511.997    -0.0561  28.723768    -0.0537  28.723676     4.7221     4.7740    -0.0092    94.9636 1.0000e-12  -74.17536 -113.34424  27.501747      99.87 1.9568e+02    559.934      13439  1030.0301  1030.0277    34.3358    34.3330    8.05930         24 0.0000e+00
    519.000    512.985    -0.0532  28.727391    -0.0510  28.727265     4.7214     4.7729    -0.0090    94.9320 1.0000e-12  -74.17536 -113.34424  27.501758      99.86 1.9568e+02    560.911      13463  1030.0353  1030.0331    34.3367    34.3342    8.05863         23 0.0000e+00
    520.000    513.975    -0.0514  28.729978    -0.0492  28.729872     4.7296     4.7692    -0.0151    94.9364 1.0000e-12  -74.17536 -113.34424  27.501769      98.76 1.9568e+02    561.885      13486  1030.0405  1030.0384    34.3375    34.3350    8.05820         23 0.0000e+00
    521.000    514.959    -0.0478  28.734373    -0.0453  28.734489     4.7262     4.7757    -0.0154    94.9431 1.0000e-12  -74.17536 -113.34424  27.501781      93.97 1.9568e+02    562.846      13509  1030.0460  1030.0436    34.3388    34.3361    8.05738         23 0.0000e+00
    522.000    515.947    -0.0403  28.743281    -0.0377  28.743460     4.7213     4.7759    -0.0150    94.9105 1.0000e-12  -74.17536 -113.34424  27.501792      99.60 1.9568e+02    563.795      13532  1030.0523  1030.0499    34.3416    34.3389    8.05565         23 0.0000e+00
    523.000    516.934    -0.0383  28.745895    -0.0363  28.745636     4.7250     4.7758    -0.0150    94.8994 1.0000e-12  -74.17536 -113.34424  27.501803      99.86 1.9568e+02    564.743      13555  1030.0574  1030.0551    34.3422    34.3396    8.05519         23 0.0000e+00
    524.000    517.921    -0.0381  28.746485    -0.0361  28.746256     4.7172     4.7789    -0.0150    94.8827 1.0000e-12  -74.17536 -113.34424  27.501814      99.86 1.9568e+02    565.702      13578  1030.0621  1030.0599    34.3422    34.3396    8.05515         23 0.0000e+00
    525.000    518.908    -0.0380  28.747110    -0.0359  28.746917     4.7280     4.7783    -0.0147    94.9001 1.0000e-12  -74.17536 -113.34424  27.501825      99.71 1.9568e+02    566.675      13601  1030.0671  1030.0647    34.3423    34.3396    8.05513         24 0.0000e+00
    526.000    519.896    -0.0375  28.748298    -0.0355  28.747971     4.7278     4.7782    -0.0084    94.9138 1.0000e-12  -74.17536 -113.34424  27.501836      98.92 1.9568e+02    567.659      13625  1030.0720  1030.0698    34.3427    34.3401    8.05500         23 0.0000e+00
    527.000    520.881    -0.0375  28.748680    -0.0353  28.748451     4.7320     4.7785    -0.0089    94.9111 1.0000e-12  -74.17536 -113.34424  27.501848      98.85 1.9568e+02    568.654      13649  1030.0767  1030.0744    34.3426    34.3399    8.05500         24 0.0000e+00
    528.000    521.871    -0.0376  28.749037    -0.0352  28.749066     4.7264     4.7790    -0.0161    94.8992 1.0000e-12  -74.17536 -113.34424  27.501859      97.95 1.9568e+02    569.639      13672  1030.0815  1030.0792    34.3426    34.3400    8.05502         23 0.0000e+00
    529.000    522.857    -0.0376  28.749303    -0.0352  28.749444     4.7206     4.7792    -0.0107    94.9231 1.0000e-12  -74.17536 -113.34424  27.501871      96.78 1.9568e+02    570.613      13696  1030.0861  1030.0839    34.3424    34.3399    8.05503         24 0.0000e+00
    530.000    523.844    -0.0372  28.750132    -0.0350  28.749945     4.7139     4.7777    -0.0042    94.9195 1.0000e-12  -74.17536 -113.34424  27.501882      95.74 1.9568e+02    571.583      13719  1030.0908  1030.0885    34.3425    34.3398    8.05495         23 0.0000e+00
