ocean_section_plots/required_files/ctd/dnbp2202_ctd106.cnv
* Sea-Bird SBE 9 Data File:
* FileName = D:\Data\raw\NBP2202_CTD106.hex
* Software Version Seasave V 7.26.7.121
* Temperature SN = 1649
* Conductivity SN = 2513
* Number of Bytes Per Scan = 40
* Number of Voltage Words = 5
* Number of Scans Averaged by the Deck Unit = 1
* NMEA Latitude = 74 10.52 S
* NMEA Longitude = 113 20.65 W
* NMEA UTC (Time) = Jan 27 2022  05:12:13
* NMEA baud rate = 9600
** Ship: RVIB N.B. Palmer
** Cruise: NBP2202 Thwaites
** Station: YoYo001
** Operator: B. Bjork
# nquan = 25
# nvalues = 608                         
# units = specified
# name 0 = prDM: Pressure, Digiquartz [db]
# name 1 = depSM: Depth [salt water, m]
# name 2 = t090C: Temperature [ITS-90, deg C]
# name 3 = c0mS/cm: Conductivity [mS/cm]
# name 4 = t190C: Temperature, 2 [ITS-90, deg C]
# name 5 = c1mS/cm: Conductivity, 2 [mS/cm]
# name 6 = sbeox0ML/L: Oxygen, SBE 43 [ml/l]
# name 7 = sbeox1ML/L: Oxygen, SBE 43, 2 [ml/l]
# name 8 = flECO-AFL: Fluorescence, WET Labs ECO-AFL/FL [mg/m^3]
# name 9 = CStarTr0: Beam Transmission, WET Labs C-Star [%]
# name 10 = par: PAR/Irradiance, Biospherical/Licor
# name 11 = latitude: Latitude [deg]
# name 12 = longitude: Longitude [deg]
# name 13 = timeJ: Julian Days
# name 14 = altM: Altimeter [m]
# name 15 = spar: SPAR, Biospherical/Licor
# name 16 = timeS: Time, Elapsed [seconds]
# name 17 = scan: Scan Count
# name 18 = density00: Density [density, kg/m^3]
# name 19 = density11: Density, 2 [density, kg/m^3]
# name 20 = sal00: Salinity, Practical [PSU]
# name 21 = sal11: Salinity, Practical, 2 [PSU]
# name 22 = oxsolML/L: Oxygen Saturation, Garcia & Gordon [ml/l]
# name 23 = nbin: number of scans per bin
# name 24 = flag: flag
# span 0 =     10.000,    617.000       
# span 1 =      9.895,    609.705       
# span 2 =    -1.4663,     0.1186       
# span 3 =  26.974400,  28.955167       
# span 4 =    -1.4649,     0.1211       
# span 5 =  26.974055,  28.955093       
# span 6 =     4.6945,     8.6103       
# span 7 =     4.7602,     8.5805       
# span 8 =    -0.0227,    26.5336       
# span 9 =    68.7015,    95.5594       
# span 10 = 1.0000e-12, 3.3747e+00      
# span 11 =  -74.17536,  -74.17536      
# span 12 = -113.34426, -113.34422      
# span 13 =  27.217190,  27.226454      
# span 14 =       7.93,     100.00      
# span 15 = 1.2777e+02, 1.4456e+02      
# span 16 =     32.210,    832.642      
# span 17 =        774,      19984      
# span 18 =  1027.2292,  1030.5264      
# span 19 =  1027.2290,  1030.5243      
# span 20 =    33.7930,    34.3884      
# span 21 =    33.7918,    34.3855      
# span 22 =    8.01969,    8.39684      
# span 23 =         23,         47      
# span 24 = 0.0000e+00, 0.0000e+00      
# interval = decibars: 1                
# start_time = Jan 27 2022 05:12:13 [NMEA time, header]
# bad_flag = -9.990e-29
*END*
[from data line 522]
    532.000    525.819     0.0068  28.799474     0.0086  28.798958     4.7294     4.7961    -0.0016    94.9991 1.0000e-12  -74.17536 -113.34424  27.224780      95.18 1.3144e+02    687.958      16512  1030.1090  1030.1068    34.3572    34.3546    8.04486         25 0.0000e+00
    533.000    526.805     0.0082  28.801474     0.0102  28.801271     4.7298     4.7997    -0.0144    95.0125 1.0000e-12  -74.17536 -113.34424  27.224791      93.70 1.3207e+02    688.963      16536  1030.1141  1030.1119    34.3578    34.3552    8.04454         23 0.0000e+00
    534.000    527.793     0.0143  28.809026     0.0169  28.809264     4.7305     4.7979    -0.0168    95.0187 1.0000e-12  -74.17536 -113.34424  27.224803      92.83 1.3137e+02    689.959      16560  1030.1203  1030.1181    34.3603    34.3578    8.04312         25 0.0000e+00
    535.000    528.780     0.0159  28.811140     0.0177  28.810706     4.7258     4.7959    -0.0162    94.9795 1.0000e-12  -74.17536 -113.34424  27.224814      91.60 1.3134e+02    690.958      16584  1030.1253  1030.1231    34.3608    34.3582    8.04276         24 0.0000e+00
    536.000    529.766     0.0154  28.811098     0.0177  28.811009     4.7298     4.7983    -0.0120    94.9765 1.0000e-12  -74.17536 -113.34424  27.224826      90.82 1.3170e+02    691.966      16608  1030.1300  1030.1277    34.3606    34.3580    8.04287         24 0.0000e+00
    537.000    530.754     0.0153  28.811397     0.0172  28.810969     4.7331     4.8011    -0.0086    94.9550 1.0000e-12  -74.17536 -113.34424  27.224838      89.74 1.3148e+02    692.980      16633  1030.1347  1030.1324    34.3605    34.3579    8.04289         24 0.0000e+00
    538.000    531.741     0.0155  28.812150     0.0175  28.811717     4.7318     4.8015    -0.0095    94.9431 1.0000e-12  -74.17536 -113.34424  27.224849      88.97 1.3096e+02    693.993      16657  1030.1396  1030.1372    34.3607    34.3579    8.04283         24 0.0000e+00
    539.000    532.729     0.0178  28.815351     0.0193  28.814448     4.7323     4.7956    -0.0100    94.9372 1.0000e-12  -74.17536 -113.34424  27.224861      87.82 1.3123e+02    695.011      16681  1030.1450  1030.1426    34.3618    34.3590    8.04229         25 0.0000e+00
    540.000    533.715     0.0211  28.820390     0.0233  28.820196     4.7361     4.8006    -0.0110    94.9411 1.0000e-12  -74.17536 -113.34424  27.224873      86.82 1.3104e+02    696.024      16706  1030.1513  1030.1490    34.3642    34.3615    8.04147         24 0.0000e+00
    541.000    534.702     0.0243  28.824054     0.0262  28.823802     4.7332     4.8017    -0.0169    94.9486 1.0000e-12  -74.17536 -113.34424  27.224885      85.45 1.3104e+02    697.022      16730  1030.1564  1030.1542    34.3649    34.3624    8.04077         24 0.0000e+00
    542.000    535.690     0.0243  28.824662     0.0263  28.824351     4.7311     4.8009    -0.0165    94.9422 1.0000e-12  -74.17536 -113.34424  27.224896      84.58 1.3111e+02    698.016      16753  1030.1613  1030.1590    34.3651    34.3624    8.04075         24 0.0000e+00
    543.000    536.677     0.0249  28.825810     0.0270  28.825583     4.7296     4.8013    -0.0089    94.9594 1.0000e-12  -74.17536 -113.34424  27.224908      83.70 1.3104e+02    699.021      16778  1030.1661  1030.1639    34.3653    34.3627    8.04060         24 0.0000e+00
    544.000    537.663     0.0263  28.827798     0.0284  28.827619     4.7303     4.8025    -0.0009    94.9191 1.0000e-12  -74.17536 -113.34424  27.224919      82.51 1.3111e+02    700.036      16802  1030.1711  1030.1690    34.3657    34.3633    8.04028         24 0.0000e+00
    545.000    538.649     0.0289  28.831272     0.0311  28.831061     4.7242     4.8012    -0.0084    94.9083 1.0000e-12  -74.17536 -113.34424  27.224931      81.63 1.3094e+02    701.058      16826  1030.1765  1030.1742    34.3668    34.3641    8.03968         25 0.0000e+00
    546.000    539.638     0.0300  28.832699     0.0320  28.832563     4.7265     4.8004    -0.0098    94.9306 1.0000e-12  -74.17536 -113.34424  27.224943      80.73 1.3156e+02    702.071      16851  1030.1813  1030.1792    34.3670    34.3646    8.03945         24 0.0000e+00
    547.000    540.625     0.0315  28.834852     0.0337  28.834777     4.7237     4.7975    -0.0098    94.9336 1.0000e-12  -74.17536 -113.34424  27.224955      79.66 1.3074e+02    703.070      16875  1030.1863  1030.1842    34.3675    34.3650    8.03910         24 0.0000e+00
    548.000    541.611     0.0336  28.837634     0.0356  28.837326     4.7310     4.7963    -0.0144    94.9379 1.0000e-12  -74.17536 -113.34424  27.224966      78.43 1.3067e+02    704.054      16898  1030.1915  1030.1892    34.3683    34.3656    8.03862         24 0.0000e+00
    549.000    542.598     0.0336  28.837950     0.0357  28.837780     4.7280     4.7950    -0.0166    94.9510 1.0000e-12  -74.17536 -113.34424  27.224977      77.60 1.3123e+02    705.052      16922  1030.1961  1030.1939    34.3681    34.3655    8.03862         23 0.0000e+00
    550.000    543.586     0.0336  28.838439     0.0357  28.838258     4.7290     4.7981    -0.0129    94.9444 1.0000e-12  -74.17536 -113.34424  27.224989      76.43 1.3065e+02    706.057      16946  1030.2009  1030.1987    34.3682    34.3656    8.03862         25 0.0000e+00
    551.000    544.572     0.0337  28.838945     0.0356  28.838571     4.7291     4.7976    -0.0124    94.9507 1.0000e-12  -74.17536 -113.34424  27.225001      75.69 1.3052e+02    707.085      16971  1030.2057  1030.2034    34.3682    34.3655    8.03861         25 0.0000e+00
    552.000    545.560     0.0343  28.840188     0.0364  28.839951     4.7185     4.7915    -0.0132    94.9150 1.0000e-12  -74.17536 -113.34424  27.225013      74.63 1.3118e+02    708.114      16996  1030.2106  1030.2083    34.3685    34.3658    8.03845         25 0.0000e+00
    553.000    546.546     0.0349  28.841140     0.0369  28.840824     4.7195     4.7936    -0.0111    94.9122 1.0000e-12  -74.17536 -113.34424  27.225025      73.72 1.3046e+02    709.134      17020  1030.2152  1030.2130    34.3684    34.3659    8.03832         24 0.0000e+00
    554.000    547.534     0.0350  28.841675     0.0371  28.841511     4.7213     4.8001    -0.0147    94.9390 1.0000e-12  -74.17536 -113.34424  27.225036      72.36 1.3045e+02    710.148      17045  1030.2200  1030.2178    34.3685    34.3660    8.03831         24 0.0000e+00
    555.000    548.521     0.0350  28.842088     0.0371  28.841986     4.7309     4.7963    -0.0085    94.9608 1.0000e-12  -74.17536 -113.34424  27.225048      71.51 1.3045e+02    711.161      17069  1030.2246  1030.2225    34.3684    34.3659    8.03831         24 0.0000e+00
    556.000    549.508     0.0351  28.842648     0.0373  28.842553     4.7355     4.7966    -0.0010    94.9517 1.0000e-12  -74.17536 -113.34424  27.225060      70.57 1.3045e+02    712.170      17093  1030.2294  1030.2272    34.3685    34.3659    8.03829         25 0.0000e+00
    557.000    550.496     0.0354  28.843399     0.0373  28.843076     4.7277     4.7974    -0.0102    94.9517 1.0000e-12  -74.17536 -113.34424  27.225072      69.35 1.3045e+02    713.191      17118  1030.2342  1030.2320    34.3686    34.3660    8.03822         25 0.0000e+00
    558.000    551.482     0.0360  28.844321     0.0383  28.844420     4.7266     4.7983    -0.0089    94.9455 1.0000e-12  -74.17536 -113.34424  27.225084      68.39 1.3045e+02    714.219      17142  1030.2389  1030.2367    34.3686    34.3661    8.03810         24 0.0000e+00
    559.000    552.467     0.0375  28.846369     0.0400  28.846571     4.7294     4.7976    -0.0083    94.9177 1.0000e-12  -74.17536 -113.34424  27.225095      67.39 1.3045e+02    715.250      17167  1030.2438  1030.2416    34.3690    34.3664    8.03776         25 0.0000e+00
    560.000    553.456     0.0386  28.848031     0.0405  28.847657     4.7263     4.7995    -0.0019    94.9143 1.0000e-12  -74.17536 -113.34424  27.225107      66.26 1.3045e+02    716.271      17192  1030.2487  1030.2465    34.3693    34.3667    8.03750         24 0.0000e+00
    561.000    554.443     0.0392  28.849153     0.0412  28.848853     4.7259     4.7977    -0.0132    94.9301 1.0000e-12  -74.17536 -113.34424  27.225119      65.20 1.3045e+02    717.289      17216  1030.2536  1030.2513    34.3696    34.3669    8.03737         25 0.0000e+00
    562.000    555.430     0.0421  28.852619     0.0442  28.852490     4.7218     4.7903    -0.0123    94.9378 1.0000e-12  -74.17536 -113.34424  27.225131      64.32 1.3045e+02    718.301      17240  1030.2586  1030.2565    34.3703    34.3679    8.03671         24 0.0000e+00
    563.000    556.415     0.0420  28.852887     0.0440  28.852741     4.7202     4.7922    -0.0135    94.9582 1.0000e-12  -74.17536 -113.34424  27.225142      63.29 1.3045e+02    719.310      17264  1030.2633  1030.2612    34.3702    34.3678    8.03674         24 0.0000e+00
    564.000    557.405     0.0422  28.853539     0.0440  28.853125     4.7205     4.7933    -0.0088    94.9248 1.0000e-12  -74.17536 -113.34424  27.225155      62.24 1.3045e+02    720.355      17290  1030.2680  1030.2658    34.3702    34.3677    8.03670         26 0.0000e+00
    565.000    558.390     0.0416  28.853354     0.0436  28.853077     4.7207     4.7957    -0.0099    94.9525 1.0000e-12  -74.17536 -113.34424  27.225167      61.21 1.3045e+02    721.459      17316  1030.2727  1030.2705    34.3701    34.3675    8.03684         27 0.0000e+00
    566.000    559.376     0.0409  28.852994     0.0428  28.852760     4.7208     4.7962    -0.0074    94.9507 1.0000e-12  -74.17536 -113.34424  27.225180      60.34 1.3045e+02    722.586      17343  1030.2772  1030.2751    34.3698    34.3674    8.03699         25 0.0000e+00
    567.000    560.365     0.0403  28.852857     0.0425  28.852805     4.7202     4.7985    -0.0012    94.9422 1.0000e-12  -74.17536 -113.34424  27.225194      59.21 1.3045e+02    723.730      17371  1030.2819  1030.2798    34.3697    34.3672    8.03713         28 0.0000e+00
    568.000    561.351     0.0404  28.853429     0.0425  28.853280     4.7222     4.7922    -0.0110    94.9577 1.0000e-12  -74.17536 -113.34424  27.225207      58.25 1.3045e+02    724.888      17398  1030.2867  1030.2846    34.3698    34.3673    8.03711         28 0.0000e+00
    569.000    562.338     0.0405  28.853900     0.0428  28.854001     4.7212     4.7850    -0.0115    94.9467 1.0000e-12  -74.17536 -113.34424  27.225220      57.30 1.3045e+02    726.038      17426  1030.2913  1030.2892    34.3697    34.3673    8.03708         27 0.0000e+00
    570.000    563.325     0.0421  28.855903     0.0442  28.855777     4.7218     4.7912    -0.0090    94.9477 1.0000e-12  -74.17536 -113.34424  27.225234      56.34 1.3045e+02    727.204      17454  1030.2961  1030.2940    34.3700    34.3675    8.03674         28 0.0000e+00
    571.000    564.312     0.0420  28.856310     0.0433  28.855295     4.7193     4.7893    -0.0090    94.9580 1.0000e-12  -74.17536 -113.34424  27.225247      55.16 1.3045e+02    728.372      17482  1030.3009  1030.2986    34.3701    34.3672    8.03676         28 0.0000e+00
    572.000    565.300     0.0418  28.856541     0.0437  28.856237     4.7249     4.7926    -0.0097    94.9296 1.0000e-12  -74.17536 -113.34424  27.225261      54.21 1.3045e+02    729.559      17510  1030.3056  1030.3034    34.3700    34.3674    8.03680         29 0.0000e+00
    573.000    566.287     0.0429  28.858074     0.0448  28.857771     4.7182     4.7874    -0.0018    94.9315 1.0000e-12  -74.17536 -113.34424  27.225275      53.17 1.3045e+02    730.777      17540  1030.3104  1030.3082    34.3702    34.3677    8.03656         30 0.0000e+00
    574.000    567.272     0.0473  28.863667     0.0497  28.863347     4.7161     4.7832    -0.0069    94.9340 1.0000e-12  -74.17536 -113.34424  27.225289      52.16 1.3045e+02    732.011      17569  1030.3162  1030.3135    34.3720    34.3690    8.03552         30 0.0000e+00
    575.000    568.261     0.0570  28.874258     0.0594  28.874078     4.7173     4.7877    -0.0005    94.9435 1.0000e-12  -74.17536 -113.34424  27.225304      51.08 1.3045e+02    733.276      17600  1030.3221  1030.3195    34.3746    34.3716    8.03336         31 0.0000e+00
    576.000    569.247     0.0560  28.873269     0.0583  28.873361     4.7182     4.7882    -0.0082    94.9289 1.0000e-12  -74.17536 -113.34424  27.225319      50.09 1.3045e+02    734.559      17630  1030.3263  1030.3241    34.3738    34.3713    8.03361         30 0.0000e+00
    577.000    570.233     0.0551  28.872944     0.0598  28.875112     4.7182     4.7861    -0.0161    94.9563 1.0000e-12  -74.17536 -113.34424  27.225334      49.07 1.3045e+02    735.868      17662  1030.3311  1030.3288    34.3738    34.3714    8.03380         33 0.0000e+00
    578.000    571.221     0.0585  28.876681     0.0606  28.876532     4.7145     4.7881    -0.0101    94.9495 1.0000e-12  -74.17536 -113.34424  27.225350      48.07 1.3045e+02    737.207      17694  1030.3360  1030.3338    34.3743    34.3718    8.03305         31 0.0000e+00
    579.000    572.208     0.0601  28.878553     0.0612  28.877403     4.7162     4.7883    -0.0113    94.9636 1.0000e-12  -74.17536 -113.34424  27.225366      47.07 1.3045e+02    738.586      17727  1030.3407  1030.3384    34.3745    34.3717    8.03272         33 0.0000e+00
    580.000    573.194     0.0601  28.879161     0.0629  28.879488     4.7101     4.7855    -0.0083    94.9788 1.0000e-12  -74.17536 -113.34424  27.225382      46.04 1.3045e+02    740.042      17762  1030.3456  1030.3432    34.3746    34.3719    8.03269         35 0.0000e+00
    581.000    574.181     0.0659  28.885570     0.0675  28.884471     4.7074     4.7781    -0.0068    94.9666 1.0000e-12  -74.17536 -113.34424  27.225400      44.95 1.3045e+02    741.532      17798  1030.3509  1030.3482    34.3760    34.3728    8.03141         34 0.0000e+00
    582.000    575.169     0.0711  28.890792     0.0722  28.889601     4.7152     4.7793    -0.0062    94.9549 1.0000e-12  -74.17536 -113.34424  27.225417      44.01 1.3045e+02    743.045      17834  1030.3556  1030.3533    34.3766    34.3738    8.03030         35 0.0000e+00
    583.000    576.154     0.0705  28.890718     0.0727  28.890524     4.7144     4.7829    -0.0058    94.9776 1.0000e-12  -74.17536 -113.34424  27.225435      42.91 1.3045e+02    744.570      17871  1030.3603  1030.3580    34.3765    34.3738    8.03041         35 0.0000e+00
    584.000    577.142     0.0738  28.894600     0.0760  28.894322     4.7122     4.7804    -0.0125    95.0169 1.0000e-12  -74.17536 -113.34424  27.225454      41.92 1.3045e+02    746.252      17911  1030.3655  1030.3631    34.3774    34.3746    8.02968         41 0.0000e+00
    585.000    578.127     0.0779  28.899000     0.0799  28.898617     4.7097     4.7725    -0.0100    95.0321 1.0000e-12  -74.17536 -113.34424  27.225476      40.91 1.3045e+02    748.116      17956  1030.3704  1030.3681    34.3780    34.3753    8.02879         38 0.0000e+00
    586.000    579.116     0.0792  28.900655     0.0813  28.900412     4.7066     4.7804    -0.0120    95.0325 1.0000e-12  -74.17536 -113.34424  27.225498      39.73 1.3045e+02    750.016      18001  1030.3753  1030.3730    34.3782    34.3755    8.02851         39 0.0000e+00
    587.000    580.103     0.0806  28.902557     0.0821  28.901828     4.7075     4.7771    -0.0058    95.0196 1.0000e-12  -74.17536 -113.34424  27.225520      38.81 1.3045e+02    751.925      18047  1030.3801  1030.3779    34.3785    34.3758    8.02820         40 0.0000e+00
    588.000    581.089     0.0828  28.905474     0.0861  28.906404     4.7069     4.7706    -0.0116    95.0511 1.0000e-12  -74.17536 -113.34424  27.225545      37.81 1.3045e+02    754.068      18099  1030.3853  1030.3831    34.3793    34.3768    8.02769         41 0.0000e+00
