ocean_section_plots/required_files/ctd/dnbp2202_ctd162.cnv
* Sea-Bird SBE 9 Data File:
* FileName = D:\Data\raw\NBP2202_CTD162.hex
* Software Version Seasave V 7.26.7.121
* Temperature SN = 1649
* Conductivity SN = 2513
* Number of Bytes Per Scan = 40
* Number of Voltage Words = 5
* Number of Scans Averaged by the Deck Unit = 1
* NMEA Latitude = 74 14.28 S
* NMEA Longitude = 112 14.04 W
* NMEA UTC (Time) = Feb 01 2022  01:03:51
* NMEA baud rate = 9600
** Ship: RVIB N.B. Palmer
** Cruise: NBP2202 Thwaites
** Station: 84
** Operator: A. Robinson
# nquan = 28
# nvalues = 504                         
# units = specified
# name 0 = prDM: Pressure, Digiquartz [db]
# name 1 = depSM: Depth [salt water, m]
# name 2 = t090C: Temperature [ITS-90, deg C]
# name 3 = c0mS/cm: Conductivity [mS/cm]
# name 4 = t190C: Temperature, 2 [ITS-90, deg C]
# name 5 = c1mS/cm: Conductivity, 2 [mS/cm]
# name 6 = sbeox0ML/L: Oxygen, SBE 43 [ml/l]
# name 7 = sbeox1ML/L: Oxygen, SBE 43, 2 [ml/l]
# name 8 = flECO-AFL: Fluorescence, WET Labs ECO-AFL/FL [mg/m^3]
# name 9 = CStarTr0: Beam Transmission, WET Labs C-Star [%]
# name 10 = par: PAR/Irradiance, Biospherical/Licor
# name 11 = latitude: Latitude [deg]
# name 12 = longitude: Longitude [deg]
# name 13 = timeJ: Julian Days
# name 14 = altM: Altimeter [m]
# name 15 = spar: SPAR, Biospherical/Licor
# name 16 = timeS: Time, Elapsed [seconds]
# name 17 = scan: Scan Count
# name 18 = density00: Density [density, kg/m^3]
# name 19 = density11: Density, 2 [density, kg/m^3]
# name 20 = v3: Voltage 3
# name 21 = v4: Voltage 4
# name 22 = v5: Voltage 5
# name 23 = sal00: Salinity, Practical [PSU]
# name 24 = sal11: Salinity, Practical, 2 [PSU]
# name 25 = oxsolML/L: Oxygen Saturation, Garcia & Gordon [ml/l]
# name 26 = nbin: number of scans per bin
# name 27 = flag: flag
# span 0 =      3.000,    506.000       
# span 1 =      2.968,    500.151       
# span 2 =    -1.5230,    -0.1473       
# span 3 =  27.020258,  28.635881       
# span 4 =    -1.5235,    -0.1447       
# span 5 =  27.020187,  28.635914       
# span 6 =     4.9023,     8.1384       
# span 7 =     4.9842,     8.2543       
# span 8 =     0.0015,    19.0522       
# span 9 =    72.8866,    93.5640       
# span 10 = -3.136e-04, 3.7662e+02      
# span 11 =  -74.23802,  -74.23800      
# span 12 = -112.23402, -112.23398      
# span 13 =  32.047324,  32.055506      
# span 14 =      75.45,     100.27      
# span 15 = 7.8033e+02, 1.9280e+03      
# span 16 =    257.775,    964.743      
# span 17 =       6188,      23155      
# span 18 =  1027.2021,  1029.9734      
# span 19 =  1027.2071,  1029.9708      
# span 20 =     3.4581,     4.4386      
# span 21 =     0.0711,     3.0074      
# span 22 =     0.1147,     0.2240      
# span 23 =    33.8077,    34.3286      
# span 24 =    33.8118,    34.3257      
# span 25 =    8.07896,    8.40187      
# span 26 =         18,         69      
# span 27 = 0.0000e+00, 0.0000e+00      
# interval = decibars: 1                
# start_time = Feb 01 2022 01:03:51 [NMEA time, header]
# bad_flag = -9.990e-29
*END*
[from data line 52]
     55.000     54.425    -1.1140  27.250992    -1.1147  27.250618     7.6774     7.8524    13.3440    77.6957 1.0000e-12  -74.23800 -112.23401  32.048666      99.57 1.0536e+03    373.780       8972  1027.4683  1027.4686     3.6861     2.1827     0.1923    33.8246    33.8249    8.31762         38 0.0000e+00
     56.000     55.413    -1.1110  27.254068    -1.1101  27.254989     7.6839     7.8591    15.0431    77.7147 1.0000e-12  -74.23800 -112.23401  32.048686      99.48 1.1012e+03    375.480       9013  1027.4732  1027.4734     3.6871     2.1413     0.2036    33.8248    33.8250    8.31694         35 0.0000e+00
     57.000     56.402    -1.1144  27.251323    -1.1145  27.251801     7.6847     7.8652    14.4380    76.5531 1.0000e-12  -74.23800 -112.23401  32.048705      99.50 1.1534e+03    377.108       9052  1027.4780  1027.4786     3.6317     2.1253     0.1976    33.8242    33.8251    8.31773         41 0.0000e+00
     58.000     57.392    -1.1167  27.250048    -1.1171  27.249968     7.6929     7.8634    16.0243    76.3197 1.0000e-12  -74.23800 -112.23402  32.048728      99.44 1.2341e+03    379.057       9098  1027.4832  1027.4835     3.6209     2.1079     0.2028    33.8245    33.8248    8.31823         37 0.0000e+00
     59.000     58.381    -1.1153  27.252006    -1.1158  27.251715     7.7669     7.9438    13.5437    75.6444 1.0000e-12  -74.23800 -112.23402  32.048743      99.36 1.2936e+03    380.426       9131  1027.4883  1027.4885     3.5890     1.9906     0.2137    33.8250    33.8252    8.31789         26 0.0000e+00
     60.000     59.370    -1.1063  27.260705    -1.1071  27.260104     7.9198     8.0653    12.6470    76.6720 1.0000e-12  -74.23800 -112.23400  32.048756      99.54 1.2958e+03    381.525       9158  1027.4935  1027.4936     3.6375     2.2258     0.1990    33.8261    33.8262    8.31582         29 0.0000e+00
     61.000     60.359    -1.0626  27.302069    -1.0712  27.291365     8.1010     8.2146    13.1971    76.2354 1.0000e-12  -74.23800 -112.23400  32.048771      99.42 1.2898e+03    382.853       9189  1027.5009  1027.4975     3.6169     2.0404     0.1931    33.8327    33.8278    8.30576         35 0.0000e+00
     62.000     61.349    -0.9659  27.390372    -0.9654  27.387520     8.1384     8.2543    13.4807    76.6740 1.0000e-12  -74.23800 -112.23400  32.048788      95.00 1.3300e+03    384.277       9224  1027.5085  1027.5049     3.6377     2.0631     0.1910    33.8435    33.8391    8.28375         32 0.0000e+00
     63.000     62.336    -0.9595  27.399896    -0.9630  27.398127     8.0415     8.1940    14.9133    76.2416 1.0000e-12  -74.23800 -112.23400  32.048803      99.72 1.3380e+03    385.562       9254  1027.5178  1027.5192     3.6172     2.4607     0.2117    33.8486    33.8501    8.28203         30 0.0000e+00
     64.000     63.329    -1.0361  27.338860    -1.0364  27.341697     7.8726     8.0547    17.6781    74.7794 1.0000e-12  -74.23800 -112.23400  32.048818      99.87 1.2996e+03    386.908       9287  1027.5301  1027.5335     3.5479     2.6744     0.2155    33.8511    33.8553    8.29880         32 0.0000e+00
     65.000     64.318    -1.1075  27.281420    -1.1090  27.281712     7.6179     7.8328    19.0522    74.5487 1.0000e-12  -74.23800 -112.23400  32.048836      99.98 1.2683e+03    388.454       9324  1027.5408  1027.5425     3.5369     2.9923     0.2240    33.8526    33.8547    8.31452         34 0.0000e+00
     66.000     65.307    -1.1442  27.252162    -1.1459  27.252356     7.2903     7.5415    18.7218    73.8123 1.0000e-12  -74.23800 -112.23400  32.048852      99.99 1.2717e+03    389.824       9357  1027.5484  1027.5502     3.5020     3.0074     0.1986    33.8535    33.8556    8.32264         30 0.0000e+00
     67.000     66.296    -1.2035  27.208867    -1.2049  27.209131     7.1151     7.3716    17.4879    73.4308 1.0000e-12  -74.23800 -112.23400  32.048866      99.89 1.3370e+03    391.013       9385  1027.5623  1027.5639     3.4839     2.6296     0.1957    33.8605    33.8624    8.33541         28 0.0000e+00
     68.000     67.285    -1.2415  27.181247    -1.2422  27.182769     7.0641     7.3053    15.6127    73.0697 1.0000e-12  -74.23800 -112.23400  32.048881      99.51 1.4619e+03    392.283       9416  1027.5726  1027.5750     3.4668     2.1770     0.1885    33.8651    33.8680    8.34363         34 0.0000e+00
     69.000     68.275    -1.3125  27.126979    -1.3135  27.128562     7.1223     7.3287    16.2046    72.8866 1.0000e-12  -74.23800 -112.23400  32.048899      99.40 1.5927e+03    393.861       9454  1027.5852  1027.5878     3.4581     2.0365     0.1645    33.8703    33.8736    8.35919         37 0.0000e+00
     70.000     69.263    -1.3247  27.119744    -1.3254  27.119965     7.1633     7.3507    15.5842    73.8701 1.0000e-12  -74.23800 -112.23399  32.048918      99.45 1.6767e+03    395.490       9493  1027.5923  1027.5932     3.5052     1.5937     0.1667    33.8735    33.8746    8.36173         35 0.0000e+00
     71.000     70.253    -1.3219  27.124162    -1.3221  27.124322     7.1290     7.3138    10.6350    77.8504 1.0000e-12  -74.23800 -112.23399  32.048933      99.44 1.6112e+03    396.790       9524  1027.5981  1027.5985     3.6928     1.5600     0.1571    33.8758    33.8763    8.36097         27 0.0000e+00
     72.000     71.243    -1.3107  27.136129    -1.3106  27.136225     7.0866     7.2767     7.3679    79.7340 1.0000e-12  -74.23800 -112.23398  32.048945      96.93 1.4455e+03    397.878       9550  1027.6042  1027.6043     3.7828     1.5750     0.1599    33.8789    33.8790    8.35827         29 0.0000e+00
     73.000     72.231    -1.2889  27.158430    -1.2880  27.158151     7.0254     7.2045     8.8175    79.6288 1.0000e-12  -74.23800 -112.23399  32.048964      99.42 1.3031e+03    399.483       9589  1027.6115  1027.6104     3.7778     1.5387     0.1544    33.8842    33.8829    8.35308         39 0.0000e+00
     74.000     73.221    -1.2416  27.203183    -1.2403  27.202820     6.8996     7.0656     8.0338    81.4126 1.0000e-12  -74.23800 -112.23399  32.048986      99.52 1.4094e+03    401.405       9635  1027.6190  1027.6172     3.8625     1.3106     0.1619    33.8915    33.8895    8.34209         37 0.0000e+00
     75.000     74.210    -1.2141  27.229071    -1.2139  27.229322     6.7450     6.9364     8.0290    82.2350 1.0000e-12  -74.23800 -112.23399  32.049001      99.51 1.5562e+03    402.647       9665  1027.6251  1027.6252     3.9013     1.3254     0.1583    33.8952    33.8953    8.33572         26 0.0000e+00
     76.000     75.199    -1.2571  27.198844    -1.2612  27.197803     6.6581     6.8477     7.3853    82.0094 1.0000e-12  -74.23800 -112.23398  32.049013      99.50 1.6660e+03    403.708       9690  1027.6381  1027.6410     3.8907     1.3408     0.1645    33.9018    33.9051    8.34493         30 0.0000e+00
     77.000     76.189    -1.3003  27.168394    -1.3010  27.168608     6.5890     6.7663     9.3133    81.6583 1.0000e-12  -74.23800 -112.23398  32.049032      99.53 1.8038e+03    405.357       9730  1027.6507  1027.6516     3.8742     1.3361     0.1679    33.9084    33.9095    8.35420         40 0.0000e+00
     78.000     77.177    -1.3172  27.155451    -1.3199  27.154534     6.4995     6.6813     8.4948    80.8013 1.0000e-12  -74.23800 -112.23398  32.049053      99.49 1.8805e+03    407.189       9774  1027.6568  1027.6584     3.8334     1.3853     0.1829    33.9091    33.9109    8.35794         34 0.0000e+00
     79.000     78.168    -1.3562  27.126398    -1.3571  27.126343     6.4869     6.6552     8.8869    80.5930 1.0000e-12  -74.23800 -112.23399  32.049068      99.46 1.8812e+03    408.514       9805  1027.6667  1027.6674     3.8236     1.4731     0.1695    33.9129    33.9137    8.36647         31 0.0000e+00
     80.000     79.156    -1.3604  27.123594    -1.3613  27.123360     6.4836     6.6438     9.5999    79.6402 1.0000e-12  -74.23800 -112.23399  32.049085      99.38 1.8574e+03    409.976       9840  1027.6716  1027.6721     3.7784     1.6468     0.1679    33.9131    33.9138    8.36739         40 0.0000e+00
     81.000     80.145    -1.3659  27.119624    -1.3654  27.120626     6.4625     6.6085     8.4388    80.6555 1.0000e-12  -74.23800 -112.23398  32.049106      99.52 1.7909e+03    411.776       9884  1027.6764  1027.6769     3.8267     1.3107     0.1671    33.9133    33.9141    8.36862         39 0.0000e+00
     82.000     81.135    -1.3818  27.107501    -1.3829  27.107539     6.4165     6.5624     8.1101    80.8754 1.0000e-12  -74.23800 -112.23398  32.049124      99.50 1.5511e+03    413.358       9922  1027.6824  1027.6835     3.8370     1.3481     0.1639    33.9140    33.9153    8.37215         34 0.0000e+00
     83.000     82.125    -1.4041  27.091391    -1.4048  27.091622     6.3815     6.5270     7.2179    81.8313 1.0000e-12  -74.23800 -112.23398  32.049141      99.54 1.2709e+03    414.797       9956  1027.6902  1027.6911     3.8823     1.2704     0.1733    33.9165    33.9176    8.37701         36 0.0000e+00
     84.000     83.113    -1.4178  27.081521    -1.4183  27.081904     6.3591     6.5051     8.9100    82.0371 1.0000e-12  -74.23800 -112.23398  32.049159      99.63 1.0919e+03    416.372       9994  1027.6965  1027.6974     3.8922     1.0639     0.1638    33.9178    33.9189    8.38000         39 0.0000e+00
     85.000     84.103    -1.4327  27.071417    -1.4324  27.072311     6.3540     6.4917     8.2732    82.5630 1.0000e-12  -74.23800 -112.23398  32.049179      99.68 1.0381e+03    418.036      10034  1027.7037  1027.7044     3.9167     0.9493     0.1599    33.9202    33.9211    8.38322         39 0.0000e+00
     86.000     85.092    -1.4354  27.070766    -1.4354  27.071265     6.3345     6.4751     8.2486    82.5077 1.0000e-12  -74.23800 -112.23399  32.049198      99.70 1.0340e+03    419.676      10073  1027.7095  1027.7100     3.9145     0.9242     0.1614    33.9217    33.9224    8.38373         37 0.0000e+00
     87.000     86.081    -1.4424  27.066681    -1.4422  27.067215     6.3259     6.4604     5.6831    84.1662 1.0000e-12  -74.23800 -112.23399  32.049215      99.75 1.0570e+03    421.158      10109  1027.7158  1027.7162     3.9930     0.7796     0.1434    33.9235    33.9239    8.38521         34 0.0000e+00
     88.000     87.071    -1.4470  27.064201    -1.4476  27.064045     6.3288     6.4553     5.1025    83.7633 1.0000e-12  -74.23800 -112.23399  32.049232      99.75 1.1011e+03    422.637      10144  1027.7216  1027.7220     3.9739     0.7960     0.1499    33.9246    33.9251    8.38618         38 0.0000e+00
     89.000     88.059    -1.4502  27.062549    -1.4500  27.062887     6.3440     6.4706     3.6644    85.2384 1.0000e-12  -74.23800 -112.23399  32.049252      96.25 1.1407e+03    424.354      10186  1027.7268  1027.7271     4.0438     0.5706     0.1451    33.9253    33.9256    8.38685         41 0.0000e+00
     90.000     89.049    -1.4516  27.061961    -1.4516  27.062218     6.3939     6.5170     3.5193    86.1280 1.0000e-12  -74.23800 -112.23399  32.049272      99.90 1.1162e+03    426.055      10226  1027.7316  1027.7319     4.0860     0.6822     0.1406    33.9255    33.9258    8.38716         37 0.0000e+00
     91.000     90.039    -1.4583  27.056969    -1.4590  27.056990     6.4878     6.5974     2.5632    86.2733 1.0000e-12  -74.23800 -112.23399  32.049288      99.81 1.0381e+03    427.501      10261  1027.7367  1027.7375     4.0930     0.5806     0.1393    33.9256    33.9265    8.38866         35 0.0000e+00
     92.000     91.027    -1.4720  27.047187    -1.4735  27.046843     6.5793     6.6837     3.0635    87.6837 1.0000e-12  -74.23800 -112.23399  32.049305      99.84 9.7723e+02    428.964      10296  1027.7435  1027.7445     4.1597     0.4829     0.1358    33.9271    33.9283    8.39167         35 0.0000e+00
     93.000     92.016    -1.4864  27.037410    -1.4875  27.037153     6.6573     6.7588     3.2705    87.8285 1.0000e-12  -74.23800 -112.23399  32.049324      99.81 9.5764e+02    430.617      10336  1027.7506  1027.7514     4.1667     0.5531     0.1381    33.9293    33.9302    8.39478         41 0.0000e+00
     94.000     93.007    -1.4950  27.031890    -1.4954  27.031832     6.6957     6.8064     3.0401    89.0585 1.0000e-12  -74.23800 -112.23400  32.049343      99.84 9.4900e+02    432.248      10375  1027.7570  1027.7573     4.2250     0.4616     0.1332    33.9309    33.9313    8.39663         35 0.0000e+00
     95.000     93.995    -1.4999  27.028649    -1.5003  27.028697     6.6999     6.8260     2.3946    89.2794 1.0000e-12  -74.23800 -112.23400  32.049360      99.85 9.4393e+02    433.695      10410  1027.7622  1027.7626     4.2355     0.4220     0.1357    33.9313    33.9318    8.39771         33 0.0000e+00
     96.000     94.984    -1.5046  27.025613    -1.5049  27.025854     6.7098     6.8351     2.1283    88.5962 1.0000e-12  -74.23800 -112.23399  32.049377      99.83 9.3730e+02    435.172      10445  1027.7675  1027.7681     4.2031     0.4953     0.1334    33.9319    33.9326    8.39874         34 0.0000e+00
     97.000     95.972    -1.5103  27.022290    -1.5108  27.022172     6.7141     6.8441     2.6965    89.2758 1.0000e-12  -74.23800 -112.23400  32.049396      95.89 9.3305e+02    436.856      10486  1027.7735  1027.7738     4.2353     0.4762     0.1279    33.9331    33.9336    8.39995         35 0.0000e+00
     98.000     96.962    -1.5139  27.020258    -1.5143  27.020187     6.7062     6.8357     2.5494    89.4394 1.0000e-12  -74.23800 -112.23400  32.049415      99.88 9.2822e+02    438.478      10524  1027.7788  1027.7791     4.2430     0.4323     0.1347    33.9338    33.9342    8.40073         37 0.0000e+00
     99.000     97.952    -1.5148  27.020905    -1.5151  27.020848     6.6843     6.8228     3.0359    89.4100 1.0000e-12  -74.23800 -112.23400  32.049432      99.84 9.2162e+02    439.950      10560  1027.7846  1027.7847     4.2417     0.4657     0.1317    33.9351    33.9353    8.40085         31 0.0000e+00
    100.000     98.941    -1.5121  27.026098    -1.5125  27.026005     6.6725     6.8079     2.2048    89.5338 1.0000e-12  -74.23800 -112.23400  32.049446      99.85 9.2032e+02    441.114      10588  1027.7919  1027.7922     4.2475     0.3955     0.1361    33.9385    33.9389    8.40003         26 0.0000e+00
    101.000     99.930    -1.5113  27.028462    -1.5116  27.028364     6.6523     6.7968     1.9753    89.5222 1.0000e-12  -74.23800 -112.23400  32.049460      99.85 9.2113e+02    442.326      10617  1027.7980  1027.7981     4.2470     0.4076     0.1271    33.9403    33.9404    8.39975         31 0.0000e+00
    102.000    100.919    -1.5095  27.031123    -1.5095  27.031164     6.6283     6.7759     2.0133    89.5442 1.0000e-12  -74.23800 -112.23400  32.049477      99.86 9.1689e+02    443.819      10653  1027.8035  1027.8035     4.2480     0.3686     0.1304    33.9413    33.9414    8.39929         35 0.0000e+00
    103.000    101.908    -1.5080  27.033344    -1.5084  27.033048     6.6083     6.7600     2.2808    89.0960 1.0000e-12  -74.23800 -112.23400  32.049495      99.86 9.1046e+02    445.354      10690  1027.8087  1027.8087     4.2268     0.3861     0.1319    33.9420    33.9420    8.39890         32 0.0000e+00
    104.000    102.898    -1.5083  27.034866    -1.5086  27.034759     6.6072     6.7511     2.2510    89.9414 1.0000e-12  -74.23800 -112.23400  32.049508      99.86 9.0937e+02    446.455      10716  1027.8149  1027.8151     4.2669     0.3671     0.1343    33.9438    33.9440    8.39886         25 0.0000e+00
    105.000    103.886    -1.5088  27.035307    -1.5091  27.035235     6.6063     6.7454     1.9868    89.6995 1.0000e-12  -74.23800 -112.23400  32.049520      99.86 9.1130e+02    447.500      10741  1027.8202  1027.8204     4.2554     0.3357     0.1302    33.9444    33.9446    8.39894         24 0.0000e+00
