ocean_section_plots/required_files/ctd/dnbp2202_ctd015.cnv
* Sea-Bird SBE 9 Data File:
* FileName = D:\Data\raw\NBP2202_CTD015.hex
* Software Version Seasave V 7.26.7.121
* Temperature SN = 1649
* Conductivity SN = 2513
* Number of Bytes Per Scan = 40
* Number of Voltage Words = 5
* Number of Scans Averaged by the Deck Unit = 1
* NMEA Latitude = 73 03.16 S
* NMEA Longitude = 113 40.41 W
* NMEA UTC (Time) = Jan 17 2022  03:21:48
* NMEA baud rate = 9600
** Ship: RVIB N.B. Palmer
** Cruise: NBP2202 Thwaites
** Station: #10
** Operator: B Bjork
# nquan = 25
# nvalues = 475                         
# units = specified
# name 0 = prDM: Pressure, Digiquartz [db]
# name 1 = depSM: Depth [salt water, m]
# name 2 = t090C: Temperature [ITS-90, deg C]
# name 3 = c0mS/cm: Conductivity [mS/cm]
# name 4 = t190C: Temperature, 2 [ITS-90, deg C]
# name 5 = c1mS/cm: Conductivity, 2 [mS/cm]
# name 6 = sbeox0ML/L: Oxygen, SBE 43 [ml/l]
# name 7 = sbeox1ML/L: Oxygen, SBE 43, 2 [ml/l]
# name 8 = flECO-AFL: Fluorescence, WET Labs ECO-AFL/FL [mg/m^3]
# name 9 = CStarTr0: Beam Transmission, WET Labs C-Star [%]
# name 10 = par: PAR/Irradiance, Biospherical/Licor
# name 11 = latitude: Latitude [deg]
# name 12 = longitude: Longitude [deg]
# name 13 = timeJ: Julian Days
# name 14 = altM: Altimeter [m]
# name 15 = spar: SPAR, Biospherical/Licor
# name 16 = timeS: Time, Elapsed [seconds]
# name 17 = scan: Scan Count
# name 18 = density00: Density [density, kg/m^3]
# name 19 = density11: Density, 2 [density, kg/m^3]
# name 20 = sal00: Salinity, Practical [PSU]
# name 21 = sal11: Salinity, Practical, 2 [PSU]
# name 22 = oxsolML/L: Oxygen Saturation, Garcia & Gordon [ml/l]
# name 23 = nbin: number of scans per bin
# name 24 = flag: flag
# span 0 =      2.000,    476.000       
# span 1 =      1.980,    470.560       
# span 2 =    -1.6645,     0.5097       
# span 3 =  26.898986,  29.358936       
# span 4 =    -1.6637,     0.5127       
# span 5 =  26.898903,  29.359292       
# span 6 =     4.5812,     8.8228       
# span 7 =     4.8442,     9.3845       
# span 8 =    -0.0174,    27.4412       
# span 9 =    68.5336,    97.3141       
# span 10 = 1.0000e-12, 3.4935e+01      
# span 11 =  -73.05276,  -73.05274      
# span 12 = -113.67374, -113.67366      
# span 13 =  17.142236,  17.150866      
# span 14 =       9.35,     100.92      
# span 15 = 7.7995e+01, 1.2869e+02      
# span 16 =    181.212,    926.845      
# span 17 =       4350,      22245      
# span 18 =  1027.2313,  1029.9754      
# span 19 =  1027.2304,  1029.9726      
# span 20 =    33.8756,    34.5631      
# span 21 =    33.8747,    34.5599      
# span 22 =    7.92904,    8.43368      
# span 23 =         16,         50      
# span 24 = 0.0000e+00, 0.0000e+00      
# interval = decibars: 1                
# start_time = Jan 17 2022 03:21:48 [NMEA time, header]
# bad_flag = -9.990e-29
*END*
[from data line 348]
    350.000    346.104    -0.2995  28.426961    -0.2971  28.426445     5.0549     5.3570    -0.0089    97.0982 1.0000e-12  -73.05274 -113.67370  17.148285      94.80 9.9612e+01    703.819      16893  1029.2317  1029.2289    34.3145    34.3112    8.11207         35 0.0000e+00
    351.000    347.091    -0.2933  28.434517    -0.2909  28.433884     5.0610     5.3568    -0.0057    97.0772 1.0000e-12  -73.05274 -113.67369  17.148308     100.05 9.8692e+01    705.838      16941  1029.2384  1029.2355    34.3170    34.3135    8.11060         42 0.0000e+00
    352.000    348.081    -0.2892  28.440279    -0.2871  28.439660     5.0612     5.3608    -0.0135    97.0665 1.0000e-12  -73.05274 -113.67370  17.148325      99.92 9.8721e+01    707.320      16977  1029.2452  1029.2425    34.3195    34.3163    8.10959         27 0.0000e+00
    353.000    349.069    -0.2868  28.444900    -0.2846  28.444333     5.0493     5.3468    -0.0062    97.0451 1.0000e-12  -73.05274 -113.67368  17.148337      99.91 9.8721e+01    708.304      17000  1029.2522  1029.2495    34.3223    34.3191    8.10891         21 0.0000e+00
    354.000    350.055    -0.2793  28.453961    -0.2768  28.453512     5.0449     5.3372     0.0098    97.0229 1.0000e-12  -73.05274 -113.67370  17.148347      99.91 9.8721e+01    709.178      17021  1029.2589  1029.2561    34.3254    34.3220    8.10714         22 0.0000e+00
    355.000    351.045    -0.2616  28.471508    -0.2589  28.470627     5.0370     5.3297     0.0027    96.9957 1.0000e-12  -73.05274 -113.67370  17.148361      99.91 9.8721e+01    710.423      17051  1029.2647  1029.2612    34.3282    34.3241    8.10321         38 0.0000e+00
    356.000    352.032    -0.2539  28.479518    -0.2511  28.479103     5.0211     5.3203    -0.0093    97.0089 1.0000e-12  -73.05274 -113.67369  17.148382      99.91 9.8224e+01    712.189      17094  1029.2704  1029.2672    34.3297    34.3260    8.10150         37 0.0000e+00
    357.000    353.019    -0.2445  28.488738    -0.2425  28.488143     5.0139     5.3085    -0.0049    96.9909 1.0000e-12  -73.05274 -113.67370  17.148397      99.91 9.6921e+01    713.539      17126  1029.2755  1029.2729    34.3309    34.3278    8.09945         27 0.0000e+00
    358.000    354.009    -0.2443  28.490143    -0.2422  28.489547     5.0048     5.3039    -0.0106    96.9933 1.0000e-12  -73.05274 -113.67368  17.148409      99.90 9.6958e+01    714.508      17149  1029.2812  1029.2785    34.3318    34.3287    8.09934         22 0.0000e+00
    359.000    354.996    -0.2300  28.504829    -0.2269  28.504584     5.0023     5.2938    -0.0081    96.9903 1.0000e-12  -73.05274 -113.67368  17.148420      99.63 9.6958e+01    715.519      17173  1029.2871  1029.2839    34.3347    34.3309    8.09613         28 0.0000e+00
    360.000    355.984    -0.2191  28.515725    -0.2161  28.515458     4.9976     5.2840    -0.0121    96.9804 1.0000e-12  -73.05274 -113.67368  17.148435      89.72 9.6597e+01    716.780      17204  1029.2926  1029.2894    34.3364    34.3327    8.09373         31 0.0000e+00
    361.000    356.973    -0.2073  28.528386    -0.2048  28.527869     4.9870     5.2730    -0.0063    96.9853 1.0000e-12  -73.05274 -113.67369  17.148450      99.93 9.5535e+01    718.086      17235  1029.2990  1029.2960    34.3394    34.3359    8.09106         31 0.0000e+00
    362.000    357.960    -0.1985  28.537947    -0.1962  28.537190     4.9698     5.2589    -0.0058    96.9829 1.0000e-12  -73.05274 -113.67370  17.148465      99.91 9.5316e+01    719.337      17265  1029.3049  1029.3020    34.3415    34.3380    8.08906         30 0.0000e+00
    363.000    358.948    -0.1853  28.551932    -0.1830  28.551017     4.9620     5.2535    -0.0075    96.9853 1.0000e-12  -73.05274 -113.67369  17.148479      99.90 9.5255e+01    720.629      17296  1029.3114  1029.3082    34.3448    34.3410    8.08608         31 0.0000e+00
    364.000    359.936    -0.1733  28.564701    -0.1711  28.563817     4.9453     5.2402     0.0104    96.9739 1.0000e-12  -73.05274 -113.67368  17.148494      99.91 9.5194e+01    721.867      17326  1029.3177  1029.3147    34.3477    34.3441    8.08339         27 0.0000e+00
    365.000    360.925    -0.1651  28.573329    -0.1626  28.572795     4.9334     5.2292     0.0040    96.9688 1.0000e-12  -73.05274 -113.67368  17.148506      99.91 9.5196e+01    722.918      17351  1029.3233  1029.3203    34.3493    34.3458    8.08155         24 0.0000e+00
    366.000    361.913    -0.1491  28.590397    -0.1463  28.590008     4.9279     5.2230     0.0005    96.9746 1.0000e-12  -73.05274 -113.67368  17.148518      99.91 9.5196e+01    723.917      17375  1029.3302  1029.3270    34.3534    34.3497    8.07793         25 0.0000e+00
    367.000    362.900    -0.1391  28.600715    -0.1365  28.600156     4.9284     5.2176    -0.0101    96.9669 1.0000e-12  -73.05274 -113.67369  17.148531      99.91 9.5196e+01    725.073      17403  1029.3359  1029.3328    34.3553    34.3517    8.07572         32 0.0000e+00
    368.000    363.888    -0.1322  28.608494    -0.1295  28.607809     4.9234     5.2098    -0.0059    96.9470 1.0000e-12  -73.05274 -113.67370  17.148548      99.91 9.5196e+01    726.576      17439  1029.3420  1029.3386    34.3573    34.3534    8.07415         34 0.0000e+00
    369.000    364.876    -0.1196  28.622125    -0.1169  28.621577     4.9140     5.1992    -0.0102    96.9411 1.0000e-12  -73.05274 -113.67370  17.148566      95.10 9.5196e+01    728.106      17476  1029.3486  1029.3454    34.3607    34.3569    8.07129         34 0.0000e+00
    370.000    365.863    -0.1107  28.631768    -0.1085  28.630929     4.9058     5.1976     0.0030    96.9125 1.0000e-12  -73.05274 -113.67370  17.148581      81.32 9.4550e+01    729.378      17506  1029.3546  1029.3516    34.3629    34.3593    8.06929         28 0.0000e+00
    371.000    366.851    -0.1015  28.641745    -0.0992  28.641020     4.8996     5.1910    -0.0066    96.9088 1.0000e-12  -73.05274 -113.67370  17.148593      96.94 9.4561e+01    730.436      17531  1029.3606  1029.3577    34.3652    34.3617    8.06722         25 0.0000e+00
    372.000    367.841    -0.0954  28.648327    -0.0926  28.647799     4.8953     5.1748    -0.0109    96.9151 1.0000e-12  -73.05274 -113.67370  17.148607      99.90 9.4491e+01    731.603      17559  1029.3661  1029.3628    34.3665    34.3626    8.06586         30 0.0000e+00
    373.000    368.827    -0.0845  28.659358    -0.0817  28.658931     4.8944     5.1723    -0.0052    96.9212 1.0000e-12  -73.05274 -113.67370  17.148622      99.91 9.4133e+01    732.908      17591  1029.3715  1029.3684    34.3682    34.3645    8.06345         30 0.0000e+00
    374.000    369.816    -0.0761  28.668080    -0.0736  28.667514     4.9085     5.1904    -0.0149    96.9254 1.0000e-12  -73.05274 -113.67370  17.148636      99.91 9.3842e+01    734.196      17622  1029.3771  1029.3741    34.3698    34.3663    8.06160         30 0.0000e+00
    375.000    370.802    -0.0872  28.659400    -0.0858  28.658667     4.9220     5.2008    -0.0095    96.9222 1.0000e-12  -73.05274 -113.67370  17.148650      99.91 9.3559e+01    735.397      17651  1029.3833  1029.3812    34.3702    34.3676    8.06392         28 0.0000e+00
    376.000    371.791    -0.1013  28.648412    -0.0990  28.648242     4.9334     5.2137    -0.0105    96.9234 1.0000e-12  -73.05274 -113.67370  17.148663      56.22 9.3702e+01    736.507      17677  1029.3899  1029.3875    34.3708    34.3679    8.06685         26 0.0000e+00
    377.000    372.779    -0.1035  28.647592    -0.1015  28.647129     4.9272     5.2148     0.0068    96.9435 1.0000e-12  -73.05274 -113.67370  17.148676      99.42 9.3888e+01    737.613      17704  1029.3955  1029.3931    34.3715    34.3687    8.06727         27 0.0000e+00
    378.000    373.768    -0.1045  28.647769    -0.1023  28.647232     4.9081     5.1940     0.0013    96.9610 1.0000e-12  -73.05274 -113.67370  17.148690      99.91 9.3439e+01    738.817      17733  1029.4011  1029.3983    34.3724    34.3691    8.06745         31 0.0000e+00
    379.000    374.755    -0.0902  28.662384    -0.0871  28.661996     4.8929     5.1769    -0.0038    96.9692 1.0000e-12  -73.05274 -113.67370  17.148705      99.91 9.3433e+01    740.152      17765  1029.4068  1029.4033    34.3751    34.3711    8.06427         32 0.0000e+00
    380.000    375.742    -0.0717  28.680668    -0.0685  28.680845     4.8767     5.1630    -0.0041    96.9794 1.0000e-12  -73.05274 -113.67370  17.148720      77.53 9.3433e+01    741.433      17795  1029.4123  1029.4094    34.3780    34.3746    8.06021         28 0.0000e+00
    381.000    376.732    -0.0535  28.699888    -0.0510  28.698921     4.8730     5.1561    -0.0038    96.9668 1.0000e-12  -73.05274 -113.67370  17.148733      85.45 9.3433e+01    742.535      17822  1029.4191  1029.4157    34.3824    34.3783    8.05611         26 0.0000e+00
    382.000    377.718    -0.0425  28.710414    -0.0402  28.709815     4.8703     5.1537    -0.0048    96.9924 1.0000e-12  -73.05274 -113.67370  17.148745      98.00 9.3433e+01    743.556      17846  1029.4239  1029.4210    34.3834    34.3800    8.05375         25 0.0000e+00
    383.000    378.707    -0.0395  28.714200    -0.0370  28.713521     4.8624     5.1501    -0.0086    96.9729 1.0000e-12  -73.05274 -113.67370  17.148758      99.86 9.3433e+01    744.671      17873  1029.4293  1029.4263    34.3844    34.3808    8.05305         29 0.0000e+00
    384.000    379.695    -0.0335  28.720698    -0.0308  28.720132     4.8596     5.1457    -0.0013    96.9696 1.0000e-12  -73.05274 -113.67370  17.148775      99.91 9.3433e+01    746.137      17908  1029.4348  1029.4316    34.3857    34.3820    8.05172         39 0.0000e+00
    385.000    380.681    -0.0265  28.728208    -0.0240  28.727545     4.8582     5.1414    -0.0167    96.9715 1.0000e-12  -73.05274 -113.67371  17.148792      99.91 9.3433e+01    747.670      17945  1029.4404  1029.4373    34.3872    34.3836    8.05017         32 0.0000e+00
    386.000    381.670    -0.0227  28.732367    -0.0202  28.731818     4.8587     5.1354    -0.0037    96.9695 1.0000e-12  -73.05274 -113.67371  17.148808      99.90 9.3433e+01    748.979      17976  1029.4455  1029.4425    34.3879    34.3843    8.04933         29 0.0000e+00
    387.000    382.658    -0.0176  28.738444    -0.0147  28.738223     4.8618     5.1347    -0.0072    96.9639 1.0000e-12  -73.05274 -113.67370  17.148822      99.52 9.3433e+01    750.191      18006  1029.4514  1029.4483    34.3896    34.3861    8.04817         30 0.0000e+00
    388.000    383.646    -0.0126  28.744887    -0.0101  28.744367     4.8613     5.1368     0.0014    96.9647 1.0000e-12  -73.05274 -113.67372  17.148838      98.87 9.3433e+01    751.560      18038  1029.4577  1029.4547    34.3919    34.3884    8.04698         37 0.0000e+00
    389.000    384.635    -0.0120  28.746444    -0.0099  28.745798     4.8662     5.1426    -0.0091    96.9749 1.0000e-12  -73.05274 -113.67372  17.148855      98.25 9.3433e+01    753.092      18075  1029.4632  1029.4605    34.3928    34.3895    8.04682         34 0.0000e+00
    390.000    385.622    -0.0206  28.739240    -0.0194  28.738096     4.8652     5.1471    -0.0100    96.9448 1.0000e-12  -73.05274 -113.67372  17.148872      97.19 9.3433e+01    754.530      18110  1029.4685  1029.4661    34.3923    34.3894    8.04865         32 0.0000e+00
    391.000    386.609    -0.0229  28.738032    -0.0215  28.736644     4.8553     5.1451    -0.0030    96.9546 1.0000e-12  -73.05274 -113.67372  17.148887      96.18 9.3433e+01    755.817      18141  1029.4737  1029.4710    34.3926    34.3893    8.04910         29 0.0000e+00
    392.000    387.598    -0.0224  28.739104    -0.0198  28.739160     4.8442     5.1317    -0.0048    96.9591 1.0000e-12  -73.05274 -113.67372  17.148899      95.21 9.3433e+01    756.900      18167  1029.4787  1029.4762    34.3929    34.3900    8.04899         25 0.0000e+00
    393.000    388.586    -0.0148  28.747882    -0.0129  28.746424     4.8414     5.1213    -0.0112    96.9603 1.0000e-12  -73.05274 -113.67372  17.148914      94.18 9.3375e+01    758.135      18196  1029.4848  1029.4814    34.3954    34.3914    8.04725         32 0.0000e+00
    394.000    389.572    -0.0097  28.753337    -0.0074  28.752999     4.8495     5.1268    -0.0046    96.9654 1.0000e-12  -73.05274 -113.67372  17.148933      92.98 9.3007e+01    759.823      18237  1029.4899  1029.4873    34.3963    34.3932    8.04613         37 0.0000e+00
    395.000    390.562    -0.0180  28.746811    -0.0158  28.746354     4.8685     5.1412     0.0026    97.0302 1.0000e-12  -73.05274 -113.67372  17.148950      92.02 9.2285e+01    761.259      18271  1029.4954  1029.4929    34.3963    34.3933    8.04786         28 0.0000e+00
    396.000    391.549    -0.0207  28.744835    -0.0189  28.743992     4.8821     5.1624     0.0124    97.0424 1.0000e-12  -73.05274 -113.67370  17.148962      91.12 9.2126e+01    762.314      18297  1029.5004  1029.4977    34.3962    34.3931    8.04844         23 0.0000e+00
    397.000    392.537    -0.0270  28.740405    -0.0251  28.740121     4.8939     5.1741     0.0069    97.0600 1.0000e-12  -73.05274 -113.67372  17.148972      90.25 9.1671e+01    763.186      18317  1029.5062  1029.5040    34.3968    34.3943    8.04974         20 0.0000e+00
    398.000    393.525    -0.0377  28.734205    -0.0357  28.733744     4.8927     5.1735     0.0069    97.0675 1.0000e-12  -73.05274 -113.67372  17.148983      88.97 9.1670e+01    764.142      18340  1029.5144  1029.5119    34.4000    34.3971    8.05180         27 0.0000e+00
    399.000    394.512    -0.0395  28.733599    -0.0371  28.733236     4.8922     5.1728     0.0069    97.0855 1.0000e-12  -73.05276 -113.67372  17.149001      87.88 9.1617e+01    765.716      18378  1029.5197  1029.5169    34.4006    34.3974    8.05215         40 0.0000e+00
    400.000    395.500    -0.0383  28.735646    -0.0360  28.735237     4.8646     5.1531    -0.0039    97.1111 1.0000e-12  -73.05274 -113.67372  17.149023      86.92 8.9842e+01    767.612      18424  1029.5249  1029.5222    34.4014    34.3982    8.05185         35 0.0000e+00
    401.000    396.487    -0.0337  28.741219    -0.0315  28.740578     4.8265     5.1125    -0.0161    97.1300 1.0000e-12  -73.05274 -113.67372  17.149037      85.96 8.9907e+01    768.782      18452  1029.5305  1029.5276    34.4030    34.3997    8.05080         24 0.0000e+00
    402.000    397.475     0.0064  28.782108     0.0095  28.781310     4.8127     5.0982    -0.0030    97.1259 1.0000e-12  -73.05274 -113.67371  17.149047      84.98 8.9907e+01    769.638      18472  1029.5383  1029.5345    34.4116    34.4070    8.04189         18 0.0000e+00
    403.000    398.464     0.0266  28.800891     0.0291  28.800499     4.8035     5.0879    -0.0042    97.1543 1.0000e-12  -73.05274 -113.67370  17.149056      83.94 8.9907e+01    770.453      18492  1029.5427  1029.5398    34.4131    34.4098    8.03756         21 0.0000e+00
    404.000    399.450     0.0345  28.809558     0.0368  28.808739     4.8026     5.0850    -0.0097    97.1408 1.0000e-12  -73.05275 -113.67372  17.149069      82.85 8.9907e+01    771.605      18520  1029.5485  1029.5454    34.4151    34.4114    8.03579         32 0.0000e+00
    405.000    400.440     0.0375  28.813242     0.0403  28.813039     4.8050     5.0847    -0.0072    97.1741 1.0000e-12  -73.05276 -113.67372  17.149092      81.72 8.9907e+01    773.517      18565  1029.5540  1029.5510    34.4160    34.4126    8.03511         38 0.0000e+00
    406.000    401.427     0.0395  28.816013     0.0418  28.815503     4.8081     5.0852    -0.0120    97.1710 1.0000e-12  -73.05276 -113.67372  17.149108      80.87 8.9907e+01    774.971      18600  1029.5594  1029.5567    34.4169    34.4136    8.03464         29 0.0000e+00
