ocean_section_plots/required_files/ctd/dnbp2202_ctd249.cnv
* Sea-Bird SBE 9 Data File:
* FileName = D:\Data\raw\NBP2202_CTD249.hex
* Software Version Seasave V 7.26.7.121
* Temperature SN = 1649
* Conductivity SN = 2513
* Number of Bytes Per Scan = 40
* Number of Voltage Words = 5
* Number of Scans Averaged by the Deck Unit = 1
* NMEA Latitude = 73 55.73 S
* NMEA Longitude = 118 46.40 W
* NMEA UTC (Time) = Feb 15 2022  07:13:10
* NMEA baud rate = 9600
** Ship: RVIB N.B. Palmer
** Cruise: NBP2202 Thwaites
** Station: 157
** Operator: B. Bjork
# nquan = 28
# nvalues = 1412                        
# units = specified
# name 0 = prDM: Pressure, Digiquartz [db]
# name 1 = depSM: Depth [salt water, m]
# name 2 = t090C: Temperature [ITS-90, deg C]
# name 3 = c0mS/cm: Conductivity [mS/cm]
# name 4 = t190C: Temperature, 2 [ITS-90, deg C]
# name 5 = c1mS/cm: Conductivity, 2 [mS/cm]
# name 6 = sbeox0ML/L: Oxygen, SBE 43 [ml/l]
# name 7 = sbeox1ML/L: Oxygen, SBE 43, 2 [ml/l]
# name 8 = flECO-AFL: Fluorescence, WET Labs ECO-AFL/FL [mg/m^3]
# name 9 = CStarTr0: Beam Transmission, WET Labs C-Star [%]
# name 10 = par: PAR/Irradiance, Biospherical/Licor
# name 11 = latitude: Latitude [deg]
# name 12 = longitude: Longitude [deg]
# name 13 = timeJ: Julian Days
# name 14 = altM: Altimeter [m]
# name 15 = spar: SPAR, Biospherical/Licor
# name 16 = timeS: Time, Elapsed [seconds]
# name 17 = scan: Scan Count
# name 18 = density00: Density [density, kg/m^3]
# name 19 = density11: Density, 2 [density, kg/m^3]
# name 20 = v3: Voltage 3
# name 21 = v4: Voltage 4
# name 22 = v5: Voltage 5
# name 23 = sal00: Salinity, Practical [PSU]
# name 24 = sal11: Salinity, Practical, 2 [PSU]
# name 25 = oxsolML/L: Oxygen Saturation, Garcia & Gordon [ml/l]
# name 26 = nbin: number of scans per bin
# name 27 = flag: flag
# span 0 =      1.000,   1412.000       
# span 1 =      0.983,   1392.686       
# span 2 =    -1.7241,     0.7578       
# span 3 =  26.965333,  29.996305       
# span 4 =    -1.7233,     0.7597       
# span 5 =  26.965217,  29.996660       
# span 6 =     4.5513,     9.1380       
# span 7 =     4.6687,     9.4062       
# span 8 =    -0.0204,     9.4692       
# span 9 =    84.8565,    97.0882       
# span 10 = -3.791e-06, 3.2507e+00      
# span 11 =  -73.92890,  -73.92888      
# span 12 = -118.77342, -118.77336      
# span 13 =  46.302647,  46.320164      
# span 14 =       6.05,     103.84      
# span 15 = 1.7378e+01, 2.1663e+01      
# span 16 =    158.680,   1672.182      
# span 17 =       3809,      40133      
# span 18 =  1027.1348,  1034.3300      
# span 19 =  1027.1348,  1034.3284      
# span 20 =     4.0271,     4.6057      
# span 21 =     0.0628,     2.0773      
# span 22 =     0.1123,     0.2293      
# span 23 =    33.7658,    34.5896      
# span 24 =    33.7654,    34.5877      
# span 25 =    7.87722,    8.44414      
# span 26 =          6,         45      
# span 27 = 0.0000e+00, 0.0000e+00      
# interval = decibars: 1                
# start_time = Feb 15 2022 07:13:10 [NMEA time, header]
# bad_flag = -9.990e-29
*END*
[from data line 570]
    571.000    564.320     0.1789  29.028815     0.1815  29.028603     4.8707     4.9906    -0.0127    97.0249 1.0000e-12  -73.92890 -118.77338  46.310371      99.89 1.9345e+01    826.081      19827  1030.3497  1030.3470     4.6028     0.0667     0.1182    34.4440    34.4409    8.00399         24 0.0000e+00
    572.000    565.305     0.1801  29.030247     0.1824  29.029982     4.8649     4.9860    -0.0196    97.0367 1.0000e-12  -73.92890 -118.77338  46.310382      77.12 1.7691e+01    827.050      19850  1030.3544  1030.3519     4.6033     0.0665     0.1150    34.4440    34.4411    8.00375         23 0.0000e+00
    573.000    566.294     0.1810  29.031813     0.1834  29.031414     4.8718     4.9859    -0.0194    97.0332 1.0000e-12  -73.92890 -118.77338  46.310393      79.57 1.7630e+01    827.968      19872  1030.3595  1030.3568     4.6032     0.0689     0.1160    34.4444    34.4413    8.00353         22 0.0000e+00
    574.000    567.279     0.1824  29.033526     0.1847  29.033283     4.8660     4.9870    -0.0151    97.0175 1.0000e-12  -73.92890 -118.77338  46.310404      89.43 1.8926e+01    828.920      19895  1030.3643  1030.3618     4.6024     0.0674     0.1182    34.4446    34.4417    8.00324         24 0.0000e+00
    575.000    568.267     0.1853  29.037061     0.1879  29.037093     4.8701     4.9877    -0.0108    97.0235 1.0000e-12  -73.92890 -118.77338  46.310416      98.51 1.7647e+01    829.924      19919  1030.3695  1030.3670     4.6027     0.0684     0.1181    34.4454    34.4426    8.00259         24 0.0000e+00
    576.000    569.253     0.1867  29.038986     0.1891  29.038880     4.8652     4.9851    -0.0074    97.0257 1.0000e-12  -73.92890 -118.77338  46.310427      99.89 1.7702e+01    830.933      19943  1030.3745  1030.3720     4.6028     0.0689     0.1149    34.4458    34.4429    8.00228         24 0.0000e+00
    577.000    570.241     0.1895  29.042423     0.1918  29.042124     4.8553     4.9825    -0.0077    97.0290 1.0000e-12  -73.92890 -118.77338  46.310439      99.89 1.9631e+01    831.947      19968  1030.3796  1030.3771     4.6030     0.0703     0.1175    34.4466    34.4436    8.00165         24 0.0000e+00
    578.000    571.228     0.1934  29.046955     0.1959  29.046867     4.8603     4.9840    -0.0187    97.0299 1.0000e-12  -73.92890 -118.77338  46.310451      99.89 1.8225e+01    832.929      19991  1030.3849  1030.3824     4.6030     0.0699     0.1187    34.4477    34.4448    8.00078         23 0.0000e+00
    579.000    572.214     0.1955  29.049726     0.1980  29.049646     4.8683     4.9857    -0.0123    96.9918 1.0000e-12  -73.92890 -118.77338  46.310461      99.89 1.7947e+01    833.863      20014  1030.3899  1030.3875     4.6012     0.0692     0.1182    34.4483    34.4454    8.00029         22 0.0000e+00
    580.000    573.202     0.1964  29.051086     0.1984  29.050647     4.8512     4.9860    -0.0015    97.0439 1.0000e-12  -73.92890 -118.77338  46.310472      99.89 2.0184e+01    834.802      20036  1030.3949  1030.3924     4.6036     0.0707     0.1219    34.4486    34.4457    8.00011         23 0.0000e+00
    581.000    574.189     0.1992  29.054519     0.2016  29.054386     4.8466     4.9806    -0.0108    97.0418 1.0000e-12  -73.92890 -118.77338  46.310484      99.89 1.9014e+01    835.780      20060  1030.4000  1030.3975     4.6035     0.0697     0.1182    34.4493    34.4465    7.99948         24 0.0000e+00
    582.000    575.176     0.2005  29.056290     0.2033  29.056641     4.8542     4.9797    -0.0112    97.0366 1.0000e-12  -73.92890 -118.77338  46.310495      99.89 1.8094e+01    836.744      20083  1030.4049  1030.4025     4.6033     0.0699     0.1174    34.4496    34.4470    7.99919         23 0.0000e+00
    583.000    576.160     0.2014  29.057643     0.2039  29.057716     4.8560     4.9804    -0.0104    97.0312 1.0000e-12  -73.92890 -118.77338  46.310506      99.89 1.9233e+01    837.719      20106  1030.4097  1030.4074     4.6030     0.0707     0.1154    34.4498    34.4471    7.99900         24 0.0000e+00
    584.000    577.150     0.2034  29.060255     0.2059  29.060362     4.8579     4.9727    -0.0059    97.0397 1.0000e-12  -73.92890 -118.77338  46.310518      99.89 1.8877e+01    838.732      20131  1030.4148  1030.4124     4.6035     0.0696     0.1190    34.4505    34.4477    7.99855         24 0.0000e+00
    585.000    578.136     0.2057  29.063159     0.2084  29.063373     4.8587     4.9721    -0.0077    97.0333 1.0000e-12  -73.92890 -118.77338  46.310529      99.89 1.8217e+01    839.728      20154  1030.4199  1030.4175     4.6032     0.0690     0.1192    34.4511    34.4484    7.99803         24 0.0000e+00
    586.000    579.123     0.2072  29.065249     0.2099  29.065430     4.8542     4.9747    -0.0143    97.0269 1.0000e-12  -73.92890 -118.77338  46.310541      78.89 1.9155e+01    840.711      20178  1030.4248  1030.4224     4.6028     0.0681     0.1191    34.4515    34.4488    7.99768         24 0.0000e+00
    587.000    580.110     0.2085  29.067049     0.2109  29.067009     4.8518     4.9799    -0.0190    97.0285 1.0000e-12  -73.92890 -118.77338  46.310552      90.60 1.9072e+01    841.680      20201  1030.4298  1030.4274     4.6029     0.0695     0.1173    34.4519    34.4492    7.99740         22 0.0000e+00
    588.000    581.097     0.2123  29.071800     0.2149  29.071912     4.8556     4.9799    -0.0123    97.0332 1.0000e-12  -73.92890 -118.77338  46.310563      99.89 1.8105e+01    842.609      20224  1030.4353  1030.4329     4.6032     0.0700     0.1180    34.4533    34.4506    7.99653         22 0.0000e+00
    589.000    582.084     0.2179  29.078045     0.2203  29.078085     4.8551     4.9756    -0.0204    97.0287 1.0000e-12  -73.92890 -118.77339  46.310573      99.89 1.7630e+01    843.539      20246  1030.4406  1030.4383     4.6030     0.0696     0.1187    34.4547    34.4520    7.99529         23 0.0000e+00
    590.000    583.069     0.2182  29.078903     0.2206  29.078841     4.8455     4.9680    -0.0124    97.0436 1.0000e-12  -73.92890 -118.77339  46.310585      99.89 1.9043e+01    844.544      20270  1030.4454  1030.4431     4.6036     0.0690     0.1165    34.4548    34.4521    7.99521         25 0.0000e+00
    591.000    584.058     0.2186  29.079701     0.2211  29.079829     4.8388     4.9703    -0.0115    97.0231 1.0000e-12  -73.92890 -118.77339  46.310597      99.89 1.7570e+01    845.575      20295  1030.4503  1030.4479     4.6027     0.0681     0.1170    34.4549    34.4522    7.99514         25 0.0000e+00
    592.000    585.043     0.2201  29.081821     0.2224  29.081632     4.8430     4.9700    -0.0117    97.0268 1.0000e-12  -73.92890 -118.77339  46.310609      99.89 1.8075e+01    846.614      20320  1030.4553  1030.4529     4.6028     0.0690     0.1179    34.4554    34.4526    7.99479         24 0.0000e+00
    593.000    586.031     0.2214  29.083596     0.2239  29.083715     4.8417     4.9669    -0.0113    97.0311 1.0000e-12  -73.92890 -118.77339  46.310621      99.89 1.8514e+01    847.612      20344  1030.4601  1030.4578     4.6031     0.0703     0.1158    34.4557    34.4530    7.99450         24 0.0000e+00
    594.000    587.017     0.2226  29.085358     0.2252  29.085467     4.8246     4.9618    -0.0098    97.0331 1.0000e-12  -73.92890 -118.77340  46.310631      99.90 1.7630e+01    848.540      20366  1030.4651  1030.4627     4.6031     0.0696     0.1175    34.4561    34.4534    7.99423         21 0.0000e+00
    595.000    588.006     0.2244  29.087657     0.2269  29.087657     4.8460     4.9623    -0.0084    97.0331 1.0000e-12  -73.92890 -118.77338  46.310642      99.89 1.7629e+01    849.435      20387  1030.4699  1030.4676     4.6032     0.0700     0.1186    34.4565    34.4538    7.99383         22 0.0000e+00
    596.000    588.990     0.2262  29.090170     0.2285  29.089894     4.8656     4.9575    -0.0047    97.0290 1.0000e-12  -73.92890 -118.77340  46.310653      99.89 1.8569e+01    850.381      20410  1030.4752  1030.4726     4.6030     0.0689     0.1170    34.4573    34.4543    7.99343         24 0.0000e+00
    597.000    589.976     0.2339  29.099302     0.2363  29.099180     4.8330     4.9572    -0.0117    97.0170 1.0000e-12  -73.92890 -118.77340  46.310664      99.89 1.7646e+01    851.399      20435  1030.4813  1030.4788     4.6024     0.0694     0.1166    34.4600    34.4572    7.99166         25 0.0000e+00
    598.000    590.968     0.2355  29.101447     0.2378  29.101399     4.8284     4.9631    -0.0180    97.0288 1.0000e-12  -73.92890 -118.77340  46.310676      99.89 1.7774e+01    852.427      20459  1030.4863  1030.4840     4.6029     0.0695     0.1175    34.4605    34.4578    7.99131         24 0.0000e+00
    599.000    591.950     0.2370  29.103846     0.2395  29.103938     4.8541     4.9540    -0.0105    97.0185 1.0000e-12  -73.92890 -118.77340  46.310688      99.89 1.9025e+01    853.430      20483  1030.4917  1030.4893     4.6025     0.0707     0.1169    34.4614    34.4587    7.99095         23 0.0000e+00
    600.000    592.939     0.2389  29.106475     0.2415  29.106620     4.8211     4.9530    -0.0110    97.0344 1.0000e-12  -73.92890 -118.77340  46.310699      73.71 1.7378e+01    854.360      20506  1030.4968  1030.4945     4.6032     0.0664     0.1190    34.4621    34.4594    7.99051         22 0.0000e+00
    601.000    593.925     0.2409  29.109321     0.2439  29.109763     4.8296     4.9602    -0.0105    97.0442 1.0000e-12  -73.92890 -118.77340  46.310709      95.48 1.7630e+01    855.253      20527  1030.5021  1030.4996     4.6037     0.0693     0.1168    34.4630    34.4602    7.99004         21 0.0000e+00
    602.000    594.912     0.2432  29.112156     0.2454  29.111935     4.8454     4.9609    -0.0147    97.0290 1.0000e-12  -73.92890 -118.77340  46.310720      99.88 1.9167e+01    856.185      20549  1030.5071  1030.5047     4.6029     0.0693     0.1170    34.4635    34.4608    7.98953         24 0.0000e+00
    603.000    595.900     0.2442  29.113629     0.2466  29.113535     4.8270     4.9604    -0.0124    97.0343 1.0000e-12  -73.92890 -118.77340  46.310732      99.89 1.7635e+01    857.204      20574  1030.5119  1030.5095     4.6032     0.0688     0.1210    34.4638    34.4611    7.98931         25 0.0000e+00
    604.000    596.885     0.2444  29.114329     0.2468  29.114244     4.8336     4.9565    -0.0080    97.0261 1.0000e-12  -73.92890 -118.77340  46.310744      99.89 1.7559e+01    858.250      20599  1030.5167  1030.5144     4.6028     0.0686     0.1161    34.4639    34.4612    7.98926         25 0.0000e+00
    605.000    597.873     0.2445  29.114797     0.2468  29.114795     4.8275     4.9506    -0.0151    97.0287 1.0000e-12  -73.92890 -118.77340  46.310755      99.89 1.8481e+01    859.260      20623  1030.5214  1030.5192     4.6030     0.0693     0.1161    34.4639    34.4612    7.98925         23 0.0000e+00
    606.000    598.859     0.2448  29.115484     0.2471  29.115434     4.8270     4.9564    -0.0073    97.0242 1.0000e-12  -73.92890 -118.77340  46.310766      99.89 1.7625e+01    860.213      20646  1030.5261  1030.5238     4.6027     0.0693     0.1196    34.4638    34.4612    7.98919         23 0.0000e+00
    607.000    599.846     0.2456  29.116718     0.2480  29.116754     4.8324     4.9563    -0.0010    97.0308 1.0000e-12  -73.92890 -118.77340  46.310777      99.90 1.7629e+01    861.148      20669  1030.5309  1030.5286     4.6030     0.0703     0.1160    34.4640    34.4614    7.98902         22 0.0000e+00
    608.000    600.832     0.2454  29.117102     0.2479  29.117037     4.8344     4.9540    -0.0100    97.0224 1.0000e-12  -73.92890 -118.77340  46.310788      99.89 1.8449e+01    862.119      20692  1030.5357  1030.5333     4.6026     0.0688     0.1177    34.4641    34.4613    7.98904         24 0.0000e+00
    609.000    601.820     0.2456  29.117618     0.2478  29.117487     4.8358     4.9428    -0.0114    97.0138 1.0000e-12  -73.92890 -118.77340  46.310800      99.89 1.7767e+01    863.117      20716  1030.5404  1030.5381     4.6023     0.0704     0.1184    34.4640    34.4613    7.98902         24 0.0000e+00
    610.000    602.806     0.2462  29.118811     0.2488  29.118978     4.8328     4.9462    -0.0120    97.0374 1.0000e-12  -73.92890 -118.77340  46.310811      99.89 1.7630e+01    864.097      20739  1030.5452  1030.5430     4.6033     0.0680     0.1157    34.4643    34.4617    7.98887         24 0.0000e+00
    611.000    603.793     0.2474  29.120364     0.2500  29.120616     4.8259     4.9401    -0.0006    97.0322 1.0000e-12  -73.92890 -118.77340  46.310823      99.90 1.8305e+01    865.063      20763  1030.5499  1030.5478     4.6031     0.0706     0.1171    34.4644    34.4619    7.98861         23 0.0000e+00
    612.000    604.779     0.2491  29.122548     0.2513  29.122470     4.8288     4.9449    -0.0024    97.0285 1.0000e-12  -73.92890 -118.77340  46.310834      99.89 1.8030e+01    866.020      20785  1030.5549  1030.5526     4.6029     0.0705     0.1180    34.4648    34.4622    7.98825         22 0.0000e+00
    613.000    605.768     0.2493  29.123322     0.2513  29.122789     4.8341     4.9483    -0.0102    97.0388 1.0000e-12  -73.92890 -118.77340  46.310844      99.89 1.7630e+01    866.956      20808  1030.5597  1030.5573     4.6034     0.0696     0.1157    34.4650    34.4621    7.98819         23 0.0000e+00
    614.000    606.752     0.2501  29.124524     0.2522  29.124223     4.8276     4.9508    -0.0099    97.0388 1.0000e-12  -73.92890 -118.77340  46.310855      82.02 1.7629e+01    867.903      20831  1030.5644  1030.5621     4.6034     0.0680     0.1172    34.4651    34.4624    7.98801         23 0.0000e+00
    615.000    607.740     0.2516  29.126621     0.2540  29.126547     4.8229     4.9508    -0.0090    97.0242 1.0000e-12  -73.92890 -118.77340  46.310867      94.13 1.7629e+01    868.881      20854  1030.5694  1030.5671     4.6028     0.0700     0.1180    34.4656    34.4629    7.98767         23 0.0000e+00
    616.000    608.728     0.2518  29.127150     0.2540  29.127208     4.8240     4.9463    -0.0111    97.0387 1.0000e-12  -73.92890 -118.77340  46.310878      99.92 1.7629e+01    869.859      20878  1030.5741  1030.5719     4.6034     0.0686     0.1162    34.4655    34.4631    7.98765         24 0.0000e+00
    617.000    609.713     0.2520  29.127830     0.2549  29.128562     4.8255     4.9491    -0.0112    97.0086 1.0000e-12  -73.92890 -118.77340  46.310889      99.89 1.8012e+01    870.832      20901  1030.5788  1030.5767     4.6020     0.0708     0.1143    34.4655    34.4633    7.98759         23 0.0000e+00
    618.000    610.700     0.2525  29.128719     0.2548  29.128831     4.8248     4.9526    -0.0107    96.9934 1.0000e-12  -73.92890 -118.77340  46.310901      99.89 1.8590e+01    871.823      20925  1030.5835  1030.5814     4.6012     0.0704     0.1157    34.4657    34.4632    7.98750         24 0.0000e+00
    619.000    611.687     0.2522  29.128864     0.2546  29.128990     4.8332     4.9379    -0.0112    97.0166 1.0000e-12  -73.92890 -118.77340  46.310912      99.89 1.7622e+01    872.799      20948  1030.5882  1030.5860     4.6024     0.0684     0.1172    34.4656    34.4630    7.98756         23 0.0000e+00
    620.000    612.673     0.2544  29.131925     0.2575  29.132572     4.8263     4.9366    -0.0150    97.0254 1.0000e-12  -73.92890 -118.77340  46.310923      99.89 1.7706e+01    873.756      20971  1030.5934  1030.5912     4.6028     0.0689     0.1209    34.4665    34.4639    7.98704         23 0.0000e+00
    621.000    613.661     0.2634  29.142383     0.2664  29.143014     4.8121     4.9391    -0.0157    97.0208 1.0000e-12  -73.92890 -118.77340  46.310934      99.89 1.8403e+01    874.719      20994  1030.5998  1030.5975     4.6026     0.0688     0.1163    34.4697    34.4671    7.98502         23 0.0000e+00
