ocean_section_plots/required_files/ctd/dnbp2202_ctd072.cnv
* Sea-Bird SBE 9 Data File:
* FileName = D:\Data\raw\NBP2202_CTD072.hex
* Software Version Seasave V 7.26.7.121
* Temperature SN = 1649
* Conductivity SN = 2513
* Number of Bytes Per Scan = 40
* Number of Voltage Words = 5
* Number of Scans Averaged by the Deck Unit = 1
* NMEA Latitude = 73 59.88 S
* NMEA Longitude = 112 22.65 W
* NMEA UTC (Time) = Jan 26 2022  06:38:14
* NMEA baud rate = 9600
** Ship: RVIB N.B. Palmer
** Cruise: NBP2202 Thwaites
** Station: 53
** Operator: B Bjork
# nquan = 25
# nvalues = 791                         
# units = specified
# name 0 = prDM: Pressure, Digiquartz [db]
# name 1 = depSM: Depth [salt water, m]
# name 2 = t090C: Temperature [ITS-90, deg C]
# name 3 = c0mS/cm: Conductivity [mS/cm]
# name 4 = t190C: Temperature, 2 [ITS-90, deg C]
# name 5 = c1mS/cm: Conductivity, 2 [mS/cm]
# name 6 = sbeox0ML/L: Oxygen, SBE 43 [ml/l]
# name 7 = sbeox1ML/L: Oxygen, SBE 43, 2 [ml/l]
# name 8 = flECO-AFL: Fluorescence, WET Labs ECO-AFL/FL [mg/m^3]
# name 9 = CStarTr0: Beam Transmission, WET Labs C-Star [%]
# name 10 = par: PAR/Irradiance, Biospherical/Licor
# name 11 = latitude: Latitude [deg]
# name 12 = longitude: Longitude [deg]
# name 13 = timeJ: Julian Days
# name 14 = altM: Altimeter [m]
# name 15 = spar: SPAR, Biospherical/Licor
# name 16 = timeS: Time, Elapsed [seconds]
# name 17 = scan: Scan Count
# name 18 = density00: Density [density, kg/m^3]
# name 19 = density11: Density, 2 [density, kg/m^3]
# name 20 = sal00: Salinity, Practical [PSU]
# name 21 = sal11: Salinity, Practical, 2 [PSU]
# name 22 = oxsolML/L: Oxygen Saturation, Garcia & Gordon [ml/l]
# name 23 = nbin: number of scans per bin
# name 24 = flag: flag
# span 0 =      3.000,    793.000       
# span 1 =      2.971,    783.301       
# span 2 =    -1.4912,     0.5121       
# span 3 =  27.081671,  29.492183       
# span 4 =    -1.4920,     0.5140       
# span 5 =  27.081674,  29.491711       
# span 6 =     4.6369,     9.0857       
# span 7 =     4.7459,     9.3927       
# span 8 =    -0.0173,    28.8335       
# span 9 =    66.2202,    95.8975       
# span 10 = 1.0000e-12, 2.3035e+01      
# span 11 =  -73.99814,  -73.99800      
# span 12 = -112.37766, -112.37604      
# span 13 =  26.277655,  26.288825      
# span 14 =       4.63,     100.07      
# span 15 = 2.6089e+02, 3.8438e+02      
# span 16 =     95.352,   1060.462      
# span 17 =       2289,      25452      
# span 18 =  1027.1931,  1031.4509      
# span 19 =  1027.1979,  1031.4485      
# span 20 =    33.8127,    34.5507      
# span 21 =    33.8173,    34.5480      
# span 22 =    7.92924,    8.39098      
# span 23 =         19,         50      
# span 24 = 0.0000e+00, 0.0000e+00      
# interval = decibars: 1                
# start_time = Jan 26 2022 06:38:14 [NMEA time, header]
# bad_flag = -9.990e-29
*END*
      3.000      2.971    -0.6840  27.574167    -0.6899  27.573352     9.0804     8.8500    27.0577    66.7495 2.3035e+01  -73.99800 -112.37766  26.277655      99.97 3.7854e+02     95.352       2289  1027.1931  1027.1979    33.8127    33.8182    8.22376         26 0.0000e+00
      4.000      3.958    -0.7038  27.558369    -0.7078  27.558617     9.0751     8.8375    26.8933    68.1936 1.8017e+01  -73.99800 -112.37766  26.277744      99.98 3.7859e+02    103.095       2475  1027.1993  1027.2035    33.8129    33.8177    8.22805         45 0.0000e+00
      5.000      4.948    -0.7037  27.559003    -0.7066  27.560262     9.0763     8.8568    27.0184    67.6978 1.0679e+01  -73.99800 -112.37766  26.277767      99.98 3.8293e+02    105.111       2524  1027.2041  1027.2083    33.8129    33.8179    8.22801         39 0.0000e+00
      6.000      5.937    -0.7043  27.558968    -0.7085  27.558820     9.0729     8.8921    28.8335    67.3987 7.0161e+00  -73.99800 -112.37766  26.277790      99.98 3.8289e+02    107.062       2570  1027.2090  1027.2128    33.8131    33.8175    8.22816         41 0.0000e+00
      7.000      6.929    -0.7045  27.559073    -0.7084  27.559299     9.0808     8.9535    26.6182    68.1155 4.7711e+00  -73.99800 -112.37766  26.277819      86.61 3.7878e+02    109.557       2630  1027.2135  1027.2174    33.8128    33.8174    8.22822         40 0.0000e+00
      8.000      7.916    -0.7041  27.559761    -0.7075  27.560668     9.0857     9.0476    26.5173    67.9673 3.0741e+00  -73.99800 -112.37766  26.277843      86.87 3.7992e+02    111.637       2680  1027.2181  1027.2223    33.8127    33.8176    8.22814         33 0.0000e+00
      9.000      8.905    -0.7044  27.560184    -0.7078  27.560693     9.0770     9.1190    25.5906    66.6044 2.2268e+00  -73.99800 -112.37766  26.277870      99.59 3.8208e+02    113.967       2736  1027.2231  1027.2269    33.8129    33.8174    8.22818         44 0.0000e+00
     10.000      9.896    -0.7037  27.561139    -0.7082  27.560792     9.0764     9.2029    25.9556    67.5999 1.5730e+00  -73.99800 -112.37766  26.277897      99.98 3.8091e+02    116.282       2792  1027.2278  1027.2316    33.8129    33.8173    8.22804         40 0.0000e+00
     11.000     10.886    -0.7044  27.561019    -0.7079  27.561467     9.0798     9.2330    26.8194    68.8344 1.1201e+00  -73.99800 -112.37766  26.277923      99.98 3.8082e+02    118.526       2846  1027.2326  1027.2364    33.8128    33.8174    8.22819         41 0.0000e+00
     12.000     11.873    -0.7040  27.561921    -0.7080  27.562034     9.0807     9.2568    25.7061    67.5842 8.4893e-01  -73.99800 -112.37766  26.277948      99.98 3.8020e+02    120.723       2898  1027.2374  1027.2414    33.8129    33.8176    8.22808         45 0.0000e+00
     13.000     12.865    -0.7025  27.563662    -0.7063  27.563987     9.0763     9.2764    23.9776    67.7270 5.7421e-01  -73.99800 -112.37766  26.277974      99.97 3.8018e+02    122.927       2951  1027.2422  1027.2462    33.8130    33.8177    8.22776         41 0.0000e+00
     14.000     13.854    -0.7039  27.562788    -0.7075  27.563212     9.0709     9.3010    26.5556    68.5087 4.4624e-01  -73.99800 -112.37766  26.277999      99.89 3.8026e+02    125.078       3003  1027.2469  1027.2508    33.8128    33.8174    8.22808         34 0.0000e+00
     15.000     14.843    -0.7035  27.563680    -0.7075  27.563583     9.0799     9.3226    26.6493    68.3773 3.0445e-01  -73.99800 -112.37764  26.278022      99.97 3.8438e+02    127.076       3051  1027.2518  1027.2555    33.8129    33.8173    8.22798         36 0.0000e+00
     16.000     15.834    -0.7027  27.564910    -0.7063  27.565263     9.0747     9.3374    26.0963    68.0682 2.2917e-01  -73.99800 -112.37764  26.278043      99.98 3.7739e+02    128.958       3096  1027.2566  1027.2604    33.8130    33.8176    8.22779         44 0.0000e+00
     17.000     16.824    -0.7001  27.567588    -0.7018  27.569720     9.0753     9.3485    25.1462    67.7556 1.5160e-01  -73.99800 -112.37764  26.278067      99.98 3.8040e+02    131.025       3146  1027.2613  1027.2653    33.8132    33.8180    8.22723         44 0.0000e+00
     18.000     17.813    -0.6991  27.569147    -0.7026  27.569415     9.0853     9.3609    25.9730    67.5029 1.0599e-01  -73.99800 -112.37764  26.278092      99.98 3.8053e+02    133.145       3196  1027.2664  1027.2700    33.8135    33.8178    8.22699         42 0.0000e+00
     19.000     18.803    -0.6977  27.570725    -0.7012  27.571092     9.0801     9.3672    26.2337    67.2968 7.0851e-02  -73.99801 -112.37764  26.278117      99.98 3.8325e+02    135.277       3248  1027.2710  1027.2748    33.8134    33.8179    8.22668         36 0.0000e+00
     20.000     19.793    -0.6974  27.571420    -0.7009  27.571785     9.0771     9.3687    25.0231    67.2081 4.1535e-02  -73.99801 -112.37764  26.278140      99.98 3.7705e+02    137.315       3297  1027.2759  1027.2796    33.8135    33.8179    8.22662         38 0.0000e+00
     21.000     20.780    -0.6974  27.571973    -0.7008  27.572302     9.0690     9.3801    26.0141    68.1540 2.0402e-02  -73.99801 -112.37764  26.278165      99.98 3.7716e+02    139.430       3347  1027.2807  1027.2843    33.8136    33.8178    8.22661         36 0.0000e+00
     22.000     21.771    -0.6964  27.573211    -0.7000  27.573395     9.0707     9.3927    25.9541    68.6761 5.2790e-03  -73.99801 -112.37764  26.278188      99.97 3.8136e+02    141.483       3397  1027.2855  1027.2891    33.8135    33.8179    8.22640         36 0.0000e+00
     23.000     22.762    -0.6948  27.575213    -0.6981  27.575729     9.0646     9.3812    25.2101    66.7787 2.0796e-04  -73.99801 -112.37763  26.278213      99.99 3.8198e+02    143.613       3448  1027.2904  1027.2940    33.8139    33.8182    8.22604         39 0.0000e+00
     24.000     23.750    -0.6883  27.581752    -0.6909  27.582877     9.0644     9.3796    26.4801    68.0405 1.0000e-12  -73.99800 -112.37764  26.278236      99.98 3.7757e+02    145.612       3496  1027.2956  1027.2992    33.8148    33.8192    8.22456         43 0.0000e+00
     25.000     24.741    -0.6858  27.584504    -0.6891  27.584805     9.0608     9.3829    26.4454    68.2761 1.0000e-12  -73.99800 -112.37764  26.278260      99.98 3.7594e+02    147.692       3546  1027.3005  1027.3039    33.8151    33.8192    8.22400         40 0.0000e+00
     26.000     25.729    -0.6852  27.585480    -0.6886  27.585726     9.0583     9.3720    25.4800    67.9000 1.0000e-12  -73.99800 -112.37764  26.278285      99.98 3.8138e+02    149.803       3596  1027.3053  1027.3088    33.8152    33.8193    8.22388         41 0.0000e+00
     27.000     26.720    -0.6861  27.585426    -0.6891  27.585815     9.0416     9.3679    25.6207    68.1052 1.0000e-12  -73.99800 -112.37763  26.278309      99.90 3.7834e+02    151.917       3647  1027.3105  1027.3137    33.8154    33.8193    8.22405         36 0.0000e+00
     28.000     27.710    -0.6856  27.586253    -0.6891  27.586379     9.0462     9.3627    25.5674    68.4550 1.0000e-12  -73.99800 -112.37762  26.278333      99.97 3.7806e+02    153.959       3696  1027.3152  1027.3186    33.8154    33.8194    8.22394         40 0.0000e+00
     29.000     28.699    -0.6859  27.586440    -0.6893  27.586586     9.0584     9.3705    25.4983    69.7286 1.0000e-12  -73.99800 -112.37762  26.278357      99.98 3.7696e+02    156.023       3746  1027.3200  1027.3234    33.8153    33.8193    8.22401         43 0.0000e+00
     30.000     29.688    -0.6861  27.586716    -0.6895  27.586826     9.0603     9.3809    26.5054    68.5761 1.0000e-12  -73.99800 -112.37762  26.278381      99.98 3.8063e+02    158.077       3795  1027.3249  1027.3282    33.8154    33.8193    8.22406         36 0.0000e+00
     31.000     30.676    -0.6863  27.586976    -0.6896  27.587074     9.0515     9.3844    28.0214    67.5723 1.0000e-12  -73.99800 -112.37762  26.278404      99.98 3.7617e+02    160.124       3844  1027.3296  1027.3329    33.8152    33.8191    8.22409         38 0.0000e+00
     32.000     31.667    -0.6861  27.587570    -0.6894  27.587641     9.0451     9.3781    24.2402    66.2202 1.0000e-12  -73.99800 -112.37762  26.278428      99.98 3.8075e+02    162.168       3893  1027.3344  1027.3376    33.8153    33.8190    8.22406         43 0.0000e+00
     33.000     32.654    -0.6871  27.587444    -0.6905  27.587450     9.0328     9.3626    25.6016    67.5544 1.0000e-12  -73.99800 -112.37762  26.278451      99.95 3.7681e+02    164.193       3942  1027.3395  1027.3427    33.8156    33.8194    8.22426         32 0.0000e+00
     34.000     33.645    -0.6885  27.586816    -0.6923  27.586492     9.0119     9.3470    26.1156    67.2886 1.0000e-12  -73.99800 -112.37762  26.278475      99.98 3.7540e+02    166.244       3991  1027.3445  1027.3477    33.8157    33.8195    8.22455         38 0.0000e+00
     35.000     34.634    -0.6927  27.584377    -0.6954  27.584880     8.9730     9.3050    27.1393    66.5172 1.0000e-12  -73.99800 -112.37762  26.278499      99.98 3.7862e+02    168.320       4041  1027.3502  1027.3532    33.8165    33.8201    8.22542         34 0.0000e+00
     36.000     35.625    -0.7067  27.574031    -0.7107  27.573505     8.9263     9.2552    26.3026    67.9815 1.0000e-12  -73.99800 -112.37762  26.278522      99.98 3.7778e+02    170.317       4089  1027.3568  1027.3600    33.8176    33.8214    8.22841         45 0.0000e+00
     37.000     36.614    -0.7148  27.568693    -0.7192  27.567960     8.9040     9.2387    26.0544    67.2268 1.0000e-12  -73.99800 -112.37762  26.278546      99.98 3.7346e+02    172.346       4137  1027.3630  1027.3664    33.8188    33.8227    8.23011         45 0.0000e+00
     38.000     37.604    -0.7210  27.564605    -0.7240  27.564765     8.8974     9.2312    26.4873    68.0006 1.0000e-12  -73.99800 -112.37762  26.278569      99.97 3.7684e+02    174.380       4186  1027.3687  1027.3717    33.8196    33.8231    8.23141         47 0.0000e+00
     39.000     38.591    -0.7224  27.564052    -0.7270  27.562934     8.8932     9.2111    24.8244    67.3240 1.0000e-12  -73.99800 -112.37762  26.278593      95.52 3.7902e+02    176.410       4235  1027.3736  1027.3768    33.8198    33.8235    8.23170         37 0.0000e+00
     40.000     39.581    -0.7272  27.561004    -0.7306  27.560774     8.8827     9.2109    25.7191    68.2736 1.0000e-12  -73.99800 -112.37763  26.278616     100.07 3.7694e+02    178.427       4283  1027.3791  1027.3821    33.8205    33.8239    8.23272         39 0.0000e+00
     41.000     40.572    -0.7298  27.559653    -0.7320  27.560272     8.8711     9.2008    24.6833    66.9422 1.0000e-12  -73.99800 -112.37764  26.278639      99.98 3.7070e+02    180.431       4331  1027.3844  1027.3871    33.8210    33.8243    8.23326         36 0.0000e+00
     42.000     41.561    -0.7361  27.555084    -0.7358  27.557630     8.6809     9.0113    26.2341    66.9106 1.0000e-12  -73.99800 -112.37764  26.278663      99.98 3.7674e+02    182.453       4380  1027.3897  1027.3921    33.8212    33.8243    8.23462         46 0.0000e+00
     43.000     42.550    -0.8122  27.495660    -0.8132  27.498559     8.1088     8.4942    24.7020    68.7558 1.0000e-12  -73.99800 -112.37764  26.278687      99.97 3.7705e+02    184.548       4430  1027.4029  1027.4070    33.8255    33.8305    8.25101         38 0.0000e+00
     44.000     43.541    -0.9628  27.383057    -0.9598  27.388801     7.5806     8.0126    22.6032    67.2283 1.0000e-12  -73.99800 -112.37764  26.278710      99.98 3.7485e+02    186.541       4478  1027.4297  1027.4330    33.8412    33.8457    8.28321         39 0.0000e+00
     45.000     44.529    -1.0679  27.306243    -1.0673  27.309794     7.4164     7.7974    22.5326    67.8160 1.0000e-12  -73.99800 -112.37764  26.278732      99.98 3.7224e+02    188.461       4524  1027.4503  1027.4535    33.8543    33.8584    8.30565         40 0.0000e+00
     46.000     45.519    -1.1010  27.282355    -1.1042  27.282903     7.2869     7.6178    19.3860    67.8855 1.0000e-12  -73.99800 -112.37764  26.278755      97.82 3.7519e+02    190.466       4572  1027.4587  1027.4625    33.8584    33.8628    8.31274         42 0.0000e+00
     47.000     46.509    -1.1478  27.248538    -1.1518  27.248926     7.0398     7.3673    16.3675    68.9603 1.0000e-12  -73.99800 -112.37764  26.278780     100.01 3.7579e+02    192.559       4622  1027.4697  1027.4740    33.8644    33.8694    8.32278         39 0.0000e+00
     48.000     47.497    -1.2179  27.198861    -1.2215  27.199240     6.8627     7.1732    15.1551    70.9433 1.0000e-12  -73.99800 -112.37764  26.278803      99.86 3.7408e+02    194.558       4670  1027.4859  1027.4898    33.8750    33.8796    8.33777         42 0.0000e+00
     49.000     48.487    -1.2578  27.170213    -1.2621  27.170282     6.7808     7.0732    13.4311    71.0873 1.0000e-12  -73.99800 -112.37764  26.278825      99.93 3.7450e+02    196.497       4717  1027.4960  1027.5002    33.8802    33.8852    8.34636         41 0.0000e+00
     50.000     49.478    -1.2757  27.158593    -1.2791  27.158942     6.7764     7.0435    11.8840    73.3915 1.0000e-12  -73.99800 -112.37765  26.278847      99.98 3.7238e+02    198.393       4762  1027.5035  1027.5072    33.8839    33.8883    8.35014         35 0.0000e+00
     51.000     50.466    -1.2811  27.155542    -1.2843  27.155925     6.7459     6.9909    12.3985    73.7950 1.0000e-12  -73.99800 -112.37766  26.278872      99.77 3.7554e+02    200.507       4813  1027.5085  1027.5120    33.8853    33.8894    8.35128         42 0.0000e+00
     52.000     51.456    -1.2970  27.144644    -1.3007  27.144936     6.6998     6.9424     9.5450    75.4144 1.0000e-12  -73.99800 -112.37766  26.278895      99.31 3.7419e+02    202.539       4862  1027.5153  1027.5191    33.8877    33.8923    8.35470         40 0.0000e+00
     53.000     52.445    -1.3087  27.137327    -1.3120  27.137450     6.6882     6.9146     8.9921    77.3156 1.0000e-12  -73.99800 -112.37766  26.278917      95.89 3.7108e+02    204.393       4906  1027.5222  1027.5255    33.8903    33.8942    8.35716         33 0.0000e+00
     54.000     53.435    -1.3125  27.135278    -1.3156  27.135596     6.6825     6.9029     9.0727    75.9542 1.0000e-12  -73.99800 -112.37766  26.278938      99.40 3.7019e+02    206.247       4951  1027.5273  1027.5306    33.8912    33.8951    8.35796         38 0.0000e+00
     55.000     54.424    -1.3164  27.133348    -1.3197  27.133476     6.6571     6.8788     7.6530    80.4235 1.0000e-12  -73.99800 -112.37766  26.278962      99.39 3.7436e+02    208.301       5000  1027.5327  1027.5360    33.8923    33.8962    8.35877         44 0.0000e+00
     56.000     55.412    -1.3343  27.120961    -1.3378  27.121332     6.6396     6.8571     7.4887    81.2140 1.0000e-12  -73.99800 -112.37766  26.278986      99.40 3.7451e+02    210.368       5050  1027.5403  1027.5440    33.8949    33.8993    8.36262         41 0.0000e+00
     57.000     56.404    -1.3478  27.112238    -1.3508  27.112428     6.6278     6.8451     6.0864    82.3119 1.0000e-12  -73.99800 -112.37766  26.279008      99.39 3.6863e+02    212.258       5095  1027.5476  1027.5507    33.8976    33.9013    8.36548         33 0.0000e+00
     58.000     57.392    -1.3510  27.110623    -1.3538  27.110901     6.6184     6.8349     6.9148    83.6017 1.0000e-12  -73.99800 -112.37766  26.279031      99.43 3.7081e+02    214.267       5143  1027.5528  1027.5558    33.8984    33.9020    8.36616         43 0.0000e+00
     59.000     58.381    -1.3629  27.103781    -1.3661  27.103937     6.6070     6.8313     6.0986    85.2928 1.0000e-12  -73.99800 -112.37766  26.279054      99.48 3.7372e+02    216.279       5192  1027.5609  1027.5641    33.9019    33.9057    8.36863         42 0.0000e+00
