ocean_section_plots/required_files/ctd/dnbp2202_ctd292.cnv
* Sea-Bird SBE 9 Data File:
* FileName = D:\Data\raw\NBP2202_CTD292.hex
* Software Version Seasave V 7.26.7.121
* Temperature SN = 1649
* Conductivity SN = 2513
* Number of Bytes Per Scan = 40
* Number of Voltage Words = 5
* Number of Scans Averaged by the Deck Unit = 1
* NMEA Latitude = 73 48.68 S
* NMEA Longitude = 112 45.72 W
* NMEA UTC (Time) = Feb 23 2022  22:53:07
* NMEA baud rate = 9600
** Ship: RVIB N.B. Palmer
** Cruise: NBP2202 Thwaites
** Station: 194
** Operator: A. Robinson
# nquan = 28
# nvalues = 794                         
# units = specified
# name 0 = prDM: Pressure, Digiquartz [db]
# name 1 = depSM: Depth [salt water, m]
# name 2 = t090C: Temperature [ITS-90, deg C]
# name 3 = c0mS/cm: Conductivity [mS/cm]
# name 4 = t190C: Temperature, 2 [ITS-90, deg C]
# name 5 = c1mS/cm: Conductivity, 2 [mS/cm]
# name 6 = sbeox0ML/L: Oxygen, SBE 43 [ml/l]
# name 7 = sbeox1ML/L: Oxygen, SBE 43, 2 [ml/l]
# name 8 = flECO-AFL: Fluorescence, WET Labs ECO-AFL/FL [mg/m^3]
# name 9 = CStarTr0: Beam Transmission, WET Labs C-Star [%]
# name 10 = par: PAR/Irradiance, Biospherical/Licor
# name 11 = latitude: Latitude [deg]
# name 12 = longitude: Longitude [deg]
# name 13 = timeJ: Julian Days
# name 14 = altM: Altimeter [m]
# name 15 = spar: SPAR, Biospherical/Licor
# name 16 = timeS: Time, Elapsed [seconds]
# name 17 = scan: Scan Count
# name 18 = density00: Density [density, kg/m^3]
# name 19 = density11: Density, 2 [density, kg/m^3]
# name 20 = v3: Voltage 3
# name 21 = v4: Voltage 4
# name 22 = v5: Voltage 5
# name 23 = sal00: Salinity, Practical [PSU]
# name 24 = sal11: Salinity, Practical, 2 [PSU]
# name 25 = oxsolML/L: Oxygen Saturation, Garcia & Gordon [ml/l]
# name 26 = nbin: number of scans per bin
# name 27 = flag: flag
# span 0 =      2.000,    795.000       
# span 1 =      1.980,    785.278       
# span 2 =    -1.4803,     0.6387       
# span 3 =  26.942102,  29.631119       
# span 4 =    -1.4806,     0.6411       
# span 5 =  26.943647,  29.631867       
# span 6 =     4.5143,     8.7404       
# span 7 =     4.6273,     8.4615       
# span 8 =    -0.0007,    15.0141       
# span 9 =    83.0324,    97.6292       
# span 10 = -3.916e-06, 1.5319e+02      
# span 11 =  -73.81140,  -73.81138      
# span 12 = -112.76204, -112.76198      
# span 13 =  54.956199,  54.968064      
# span 14 =       1.28,     100.34      
# span 15 = 2.4680e+02, 2.9509e+02      
# span 16 =    228.564,   1253.703      
# span 17 =       5487,      30090      
# span 18 =  1027.1425,  1031.4803      
# span 19 =  1027.1451,  1031.4788      
# span 20 =     3.9402,     4.6314      
# span 21 =     0.0688,     2.4418      
# span 22 =     0.1168,     0.1949      
# span 23 =    33.7192,    34.5885      
# span 24 =    33.7240,    34.5869      
# span 25 =    7.90128,    8.39510      
# span 26 =         23,         52      
# span 27 = 0.0000e+00, 0.0000e+00      
# interval = decibars: 1                
# start_time = Feb 23 2022 22:53:07 [NMEA time, header]
# bad_flag = -9.990e-29
*END*
[from data line 52]
     54.000     53.435    -1.3664  27.036879    -1.3675  27.037698     6.9143     7.1504     7.5123    86.6202 1.0000e-12  -73.81140 -112.76203  54.957388      99.52 2.8190e+02    331.355       7954  1027.4664  1027.4684     4.1096     1.2547     0.1724    33.8168    33.8191    8.37446         34 0.0000e+00
     55.000     54.425    -1.3640  27.040037    -1.3653  27.040857     6.8794     7.1113     6.7699    87.9309 1.0000e-12  -73.81140 -112.76203  54.957405      99.51 2.8098e+02    332.830       7989  1027.4720  1027.4742     4.1713     1.2800     0.1702    33.8178    33.8204    8.37387         36 0.0000e+00
     56.000     55.414    -1.3700  27.036241    -1.3715  27.036876     6.8297     7.0747     6.4620    88.3483 1.0000e-12  -73.81140 -112.76204  54.957422      99.54 2.8030e+02    334.238       8023  1027.4780  1027.4801     4.1913     1.2113     0.1521    33.8188    33.8214    8.37516         32 0.0000e+00
     57.000     56.404    -1.3725  27.035033    -1.3741  27.035614     6.7620     7.0161     6.4270    87.5301 1.0000e-12  -73.81140 -112.76203  54.957437      99.46 2.8030e+02    335.564       8055  1027.4833  1027.4855     4.1526     1.3822     0.1593    33.8193    33.8219    8.37568         31 0.0000e+00
     58.000     57.392    -1.3782  27.032034    -1.3796  27.032765     6.6812     6.9306     6.7656    87.2442 1.0000e-12  -73.81140 -112.76203  54.957454      99.49 2.8030e+02    336.999       8089  1027.4899  1027.4920     4.1389     1.3179     0.1540    33.8210    33.8236    8.37687         34 0.0000e+00
     59.000     58.383    -1.3878  27.026621    -1.3893  27.027215     6.6399     6.8852     6.5793    87.4425 1.0000e-12  -73.81140 -112.76204  54.957471      99.59 2.8030e+02    338.501       8125  1027.4975  1027.4996     4.1483     1.0932     0.1675    33.8238    33.8263    8.37886         34 0.0000e+00
     60.000     59.371    -1.3897  27.026309    -1.3911  27.026802     6.6302     6.8687     6.4715    86.9722 1.0000e-12  -73.81140 -112.76204  54.957487      99.65 2.8030e+02    339.901       8159  1027.5032  1027.5051     4.1261     0.9172     0.1502    33.8249    33.8272    8.37922         34 0.0000e+00
     61.000     60.360    -1.3883  27.029166    -1.3895  27.029638     6.6134     6.8465     6.3952    87.7871 1.0000e-12  -73.81140 -112.76204  54.957504      99.63 2.8058e+02    341.302       8192  1027.5092  1027.5109     4.1646     0.9870     0.1445    33.8266    33.8286    8.37880         34 0.0000e+00
     62.000     61.350    -1.3831  27.035517    -1.3848  27.035849     6.5664     6.8024     6.7288    86.5852 1.0000e-12  -73.81140 -112.76204  54.957520      99.55 2.8088e+02    342.752       8227  1027.5155  1027.5175     4.1077     1.1755     0.1609    33.8288    33.8312    8.37750         36 0.0000e+00
     63.000     62.340    -1.3925  27.031800    -1.3931  27.033193     6.5690     6.7984     6.9111    86.5532 1.0000e-12  -73.81140 -112.76204  54.957537      99.57 2.8137e+02    344.200       8262  1027.5249  1027.5269     4.1063     1.1352     0.1522    33.8338    33.8363    8.37933         29 0.0000e+00
     64.000     63.329    -1.3843  27.042464    -1.3857  27.042561     6.5894     6.8191     5.9618    88.0338 1.0000e-12  -73.81140 -112.76204  54.957553      99.66 2.8154e+02    345.588       8295  1027.5329  1027.5344     4.1764     0.9254     0.1526    33.8385    33.8402    8.37719         34 0.0000e+00
     65.000     64.318    -1.3813  27.045724    -1.3826  27.046219     6.6038     6.8241     5.1017    88.6135 1.0000e-12  -73.81140 -112.76204  54.957570      99.60 2.8170e+02    347.004       8329  1027.5380  1027.5397     4.2039     1.0531     0.1589    33.8390    33.8411    8.37649         34 0.0000e+00
     66.000     65.308    -1.3813  27.046367    -1.3823  27.047089     6.6131     6.8260     6.6524    88.5709 1.0000e-12  -73.81140 -112.76204  54.957586      99.58 2.8159e+02    348.440       8364  1027.5430  1027.5448     4.2019     1.1089     0.1511    33.8392    33.8414    8.37648         34 0.0000e+00
     67.000     66.294    -1.3807  27.047644    -1.3820  27.048063     6.6211     6.8240     5.1852    88.5183 1.0000e-12  -73.81140 -112.76204  54.957602      99.67 2.8177e+02    349.836       8397  1027.5481  1027.5499     4.1993     0.8850     0.1464    33.8397    33.8418    8.37632         30 0.0000e+00
     68.000     67.289    -1.3790  27.050831    -1.3802  27.051461     6.6063     6.8121     5.5926    89.3895 1.0000e-12  -73.81140 -112.76204  54.957618      99.66 2.8149e+02    351.201       8430  1027.5543  1027.5562     4.2407     0.9365     0.1585    33.8415    33.8438    8.37582         34 0.0000e+00
     69.000     68.276    -1.3796  27.052282    -1.3808  27.052760     6.5870     6.7973     5.3345    89.6859 1.0000e-12  -73.81140 -112.76204  54.957634      99.62 2.8166e+02    352.610       8464  1027.5608  1027.5625     4.2547     1.0075     0.1570    33.8435    33.8456    8.37583         35 0.0000e+00
     70.000     69.266    -1.3806  27.052698    -1.3818  27.053178     6.5491     6.7665     5.8112    89.2887 1.0000e-12  -73.81140 -112.76204  54.957652      99.67 2.8195e+02    354.094       8499  1027.5666  1027.5683     4.2358     0.9025     0.1485    33.8446    33.8467    8.37599         33 0.0000e+00
     71.000     70.254    -1.3844  27.051012    -1.3856  27.051677     6.5271     6.7434     5.3020    87.5882 1.0000e-12  -73.81140 -112.76204  54.957667      99.58 2.8206e+02    355.471       8532  1027.5728  1027.5746     4.1554     1.1024     0.1499    33.8460    33.8483    8.37678         31 0.0000e+00
     72.000     71.244    -1.3869  27.051591    -1.3882  27.052143     6.4965     6.7160     5.6108    88.3982 1.0000e-12  -73.81140 -112.76204  54.957683      99.62 2.8206e+02    356.812       8564  1027.5802  1027.5820     4.1937     1.0287     0.1440    33.8491    33.8512    8.37716         32 0.0000e+00
     73.000     72.233    -1.3911  27.051213    -1.3924  27.051754     6.4474     6.6638     6.4444    88.2187 1.0000e-12  -73.81140 -112.76204  54.957700      99.70 2.8206e+02    358.307       8600  1027.5881  1027.5899     4.1851     0.8111     0.1465    33.8526    33.8548    8.37788         37 0.0000e+00
     74.000     73.222    -1.3922  27.054995    -1.3935  27.055537     6.3703     6.5923     4.7890    87.1080 1.0000e-12  -73.81140 -112.76204  54.957718      99.68 2.8206e+02    359.809       8636  1027.5977  1027.5995     4.1326     0.8848     0.1558    33.8585    33.8607    8.37779         35 0.0000e+00
     75.000     74.211    -1.3977  27.054730    -1.3990  27.055245     6.3161     6.5438     4.3389    88.7249 1.0000e-12  -73.81140 -112.76204  54.957733      99.62 2.8206e+02    361.170       8669  1027.6070  1027.6088     4.2091     1.0194     0.1535    33.8637    33.8659    8.37871         31 0.0000e+00
     76.000     75.201    -1.3994  27.055099    -1.4004  27.055623     6.2804     6.5036     4.1619    89.7569 1.0000e-12  -73.81140 -112.76204  54.957749      99.72 2.8206e+02    362.514       8701  1027.6133  1027.6149     4.2582     0.7230     0.1518    33.8655    33.8674    8.37898         34 0.0000e+00
     77.000     76.190    -1.4012  27.055377    -1.4024  27.055925     6.2621     6.4720     4.3797    89.8002 1.0000e-12  -73.81140 -112.76204  54.957767      99.72 2.8206e+02    364.037       8738  1027.6197  1027.6214     4.2602     0.7073     0.1396    33.8673    33.8694    8.37928         36 0.0000e+00
     78.000     77.180    -1.4015  27.056878    -1.4025  27.057443     6.2349     6.4526     3.3646    90.3508 1.0000e-12  -73.81140 -112.76204  54.957784      99.70 2.8206e+02    365.507       8773  1027.6258  1027.6275     4.2862     0.8008     0.1467    33.8691    33.8710    8.37923         32 0.0000e+00
     79.000     78.170    -1.4016  27.058597    -1.4027  27.059095     6.2297     6.4393     3.0498    90.7226 1.0000e-12  -73.81140 -112.76203  54.957799      99.76 2.8206e+02    366.839       8805  1027.6321  1027.6337     4.3036     0.5871     0.1406    33.8709    33.8728    8.37915         33 0.0000e+00
     80.000     79.158    -1.4026  27.058881    -1.4033  27.059564     6.2032     6.4098     2.4683    90.5585 1.0000e-12  -73.81140 -112.76203  54.957816      99.75 2.8206e+02    368.263       8839  1027.6377  1027.6391     4.2963     0.5920     0.1401    33.8719    33.8736    8.37933         36 0.0000e+00
     81.000     80.147    -1.4057  27.057278    -1.4067  27.058016     6.1538     6.3610     2.6785    91.3215 1.0000e-12  -73.81140 -112.76203  54.957833      99.78 2.8206e+02    369.740       8875  1027.6432  1027.6449     4.3323     0.5004     0.1442    33.8725    33.8746    8.37999         34 0.0000e+00
     82.000     81.137    -1.4164  27.052264    -1.4177  27.052713     6.1418     6.3479     2.4608    91.2168 1.0000e-12  -73.81140 -112.76203  54.957849      99.75 2.8206e+02    371.120       8908  1027.6523  1027.6541     4.3273     0.5992     0.1418    33.8771    33.8792    8.38211         33 0.0000e+00
     83.000     82.126    -1.4165  27.056270    -1.4173  27.056819     6.1479     6.3437     3.0772    91.5220 1.0000e-12  -73.81140 -112.76203  54.957865      99.78 2.8168e+02    372.546       8942  1027.6612  1027.6625     4.3418     0.4735     0.1336    33.8822    33.8839    8.38184         33 0.0000e+00
     84.000     83.116    -1.4165  27.057338    -1.4175  27.057862     6.1244     6.3285     2.3214    92.8796 1.0000e-12  -73.81140 -112.76202  54.957882      99.79 2.8098e+02    373.978       8976  1027.6666  1027.6681     4.4061     0.4491     0.1346    33.8831    33.8848    8.38180         33 0.0000e+00
     85.000     84.105    -1.4174  27.057751    -1.4185  27.058220     6.0661     6.2670     2.1302    92.2109 1.0000e-12  -73.81140 -112.76202  54.957897      99.77 2.8042e+02    375.338       9009  1027.6722  1027.6737     4.3744     0.5355     0.1471    33.8840    33.8858    8.38194         33 0.0000e+00
     86.000     85.093    -1.4190  27.058534    -1.4200  27.059041     5.9526     6.1669     3.0200    92.6954 1.0000e-12  -73.81140 -112.76202  54.957914      99.77 2.8030e+02    376.784       9044  1027.6789  1027.6804     4.3975     0.5332     0.1417    33.8863    33.8881    8.38217         37 0.0000e+00
     87.000     86.083    -1.4199  27.060244    -1.4208  27.060673     5.8299     6.0522     2.9006    92.8058 1.0000e-12  -73.81140 -112.76202  54.957931      99.73 2.8030e+02    378.278       9080  1027.6859  1027.6873     4.4026     0.6543     0.1458    33.8890    33.8907    8.38220         34 0.0000e+00
     88.000     87.072    -1.4216  27.062211    -1.4225  27.062696     5.8046     6.0144     2.2663    93.0211 1.0000e-12  -73.81140 -112.76202  54.957947      99.78 2.8030e+02    379.654       9113  1027.6940  1027.6954     4.4129     0.4645     0.1423    33.8931    33.8947    8.38235         32 0.0000e+00
     89.000     88.061    -1.4208  27.064416    -1.4217  27.064809     5.8206     6.0238     3.2397    92.7401 1.0000e-12  -73.81140 -112.76202  54.957963      99.80 2.7967e+02    381.037       9146  1027.7000  1027.7013     4.3995     0.4040     0.1438    33.8945    33.8961    8.38208         34 0.0000e+00
     90.000     89.051    -1.4209  27.064674    -1.4218  27.064773     5.8195     6.0203     2.8748    92.4466 1.0000e-12  -73.81140 -112.76202  54.957980      99.78 2.7896e+02    382.510       9181  1027.7046  1027.7055     4.3855     0.4676     0.1407    33.8943    33.8955    8.38210         34 0.0000e+00
     91.000     90.040    -1.4206  27.065493    -1.4213  27.066203     5.8214     6.0108     2.7297    93.7044 1.0000e-12  -73.81140 -112.76202  54.957997      99.79 2.7854e+02    383.949       9216  1027.7095  1027.7109     4.4453     0.4647     0.1393    33.8945    33.8962    8.38203         34 0.0000e+00
     92.000     91.029    -1.4210  27.065968    -1.4220  27.066309     5.8414     6.0154     2.7754    93.7955 1.0000e-12  -73.81140 -112.76202  54.958013      99.76 2.7854e+02    385.358       9250  1027.7147  1027.7160     4.4497     0.5521     0.1423    33.8950    33.8966    8.38209         34 0.0000e+00
     93.000     92.018    -1.4217  27.065282    -1.4224  27.065984     5.7921     5.9704     1.6652    94.2472 1.0000e-12  -73.81140 -112.76202  54.958030      99.80 2.7854e+02    386.778       9284  1027.7189  1027.7203     4.4709     0.3464     0.1419    33.8942    33.8959    8.38230         34 0.0000e+00
     94.000     93.007    -1.4201  27.068225    -1.4204  27.069414     5.7191     5.9073     2.3761    93.8762 1.0000e-12  -73.81140 -112.76202  54.958046      99.78 2.7827e+02    388.159       9317  1027.7248  1027.7264     4.4534     0.4438     0.1409    33.8958    33.8978    8.38183         33 0.0000e+00
     95.000     93.997    -1.4119  27.079007    -1.4125  27.079406     5.6927     5.8815     2.3691    93.3722 1.0000e-12  -73.81140 -112.76202  54.958062      99.79 2.7703e+02    389.577       9351  1027.7332  1027.7342     4.4295     0.4417     0.1411    33.9008    33.9020    8.37971         35 0.0000e+00
     96.000     94.988    -1.4064  27.085097    -1.4069  27.085700     5.7330     5.9099     2.0664    93.4602 1.0000e-12  -73.81140 -112.76202  54.958079      99.80 2.7684e+02    391.013       9385  1027.7389  1027.7401     4.4337     0.3670     0.1377    33.9023    33.9037    8.37838         29 0.0000e+00
     97.000     95.974    -1.3964  27.095738    -1.3969  27.096115     5.7908     5.9562     2.2375    93.1826 1.0000e-12  -73.81140 -112.76202  54.958094      99.79 2.7677e+02    392.364       9418  1027.7453  1027.7462     4.4205     0.3964     0.1366    33.9049    33.9060    8.37596         31 0.0000e+00
     98.000     96.963    -1.3836  27.110575    -1.3838  27.110904     5.8246     5.9901     1.3279    94.3726 1.0000e-12  -73.81139 -112.76202  54.958111      99.79 2.7677e+02    393.796       9452  1027.7537  1027.7543     4.4769     0.4361     0.1374    33.9102    33.9109    8.37277         34 0.0000e+00
     99.000     97.955    -1.3733  27.122885    -1.3738  27.123180     5.9035     6.0544     1.2055    94.8439 1.0000e-12  -73.81138 -112.76202  54.958128      99.80 2.7677e+02    395.290       9488  1027.7618  1027.7627     4.4993     0.3322     0.1344    33.9149    33.9159    8.37018         34 0.0000e+00
    100.000     98.942    -1.3722  27.126713    -1.3728  27.127278     6.0828     6.2007     1.0111    94.0668 1.0000e-12  -73.81138 -112.76202  54.958144      99.81 2.7655e+02    396.607       9520  1027.7694  1027.7707     4.4625     0.2283     0.1366    33.9182    33.9198    8.36973         31 0.0000e+00
    101.000     99.932    -1.3890  27.114486    -1.3894  27.115705     6.2036     6.3368     2.8919    94.4698 1.0000e-12  -73.81138 -112.76202  54.958159      99.81 2.7520e+02    397.965       9552  1027.7767  1027.7784     4.4815     0.2984     0.1291    33.9199    33.9220    8.37341         35 0.0000e+00
    102.000    100.922    -1.4021  27.105174    -1.4023  27.105983     6.2424     6.3918     1.0300    94.6997 1.0000e-12  -73.81138 -112.76202  54.958177      99.81 2.7496e+02    399.526       9590  1027.7835  1027.7846     4.4925     0.2776     0.1280    33.9213    33.9227    8.37627         37 0.0000e+00
    103.000    101.910    -1.4050  27.105196    -1.4057  27.105562     6.2388     6.3909     1.1911    95.2427 1.0000e-12  -73.81138 -112.76202  54.958193      99.80 2.7465e+02    400.917       9623  1027.7906  1027.7918     4.5182     0.2963     0.1317    33.9240    33.9253    8.37676         30 0.0000e+00
    104.000    102.900    -1.4080  27.104409    -1.4087  27.104892     6.2410     6.4017     1.2267    95.3435 1.0000e-12  -73.81138 -112.76202  54.958208      99.82 2.7330e+02    402.171       9653  1027.7970  1027.7982     4.5229     0.2333     0.1310    33.9257    33.9271    8.37734         31 0.0000e+00
