ocean_section_plots/required_files/ctd/dnbp2202_ctd275.cnv
* Sea-Bird SBE 9 Data File:
* FileName = D:\Data\raw\NBP2202_CTD275.hex
* Software Version Seasave V 7.26.7.121
* Temperature SN = 1649
* Conductivity SN = 2513
* Number of Bytes Per Scan = 40
* Number of Voltage Words = 5
* Number of Scans Averaged by the Deck Unit = 1
* NMEA Latitude = 73 57.84 S
* NMEA Longitude = 116 14.87 W
* NMEA UTC (Time) = Feb 21 2022  03:38:42
* NMEA baud rate = 9600
** Ship: RVIB N.B. Palmer
** Cruise: NBP2202 Thwaites
** Station: 177
** Operator: B. Bjork
# nquan = 28
# nvalues = 701                         
# units = specified
# name 0 = prDM: Pressure, Digiquartz [db]
# name 1 = depSM: Depth [salt water, m]
# name 2 = t090C: Temperature [ITS-90, deg C]
# name 3 = c0mS/cm: Conductivity [mS/cm]
# name 4 = t190C: Temperature, 2 [ITS-90, deg C]
# name 5 = c1mS/cm: Conductivity, 2 [mS/cm]
# name 6 = sbeox0ML/L: Oxygen, SBE 43 [ml/l]
# name 7 = sbeox1ML/L: Oxygen, SBE 43, 2 [ml/l]
# name 8 = flECO-AFL: Fluorescence, WET Labs ECO-AFL/FL [mg/m^3]
# name 9 = CStarTr0: Beam Transmission, WET Labs C-Star [%]
# name 10 = par: PAR/Irradiance, Biospherical/Licor
# name 11 = latitude: Latitude [deg]
# name 12 = longitude: Longitude [deg]
# name 13 = timeJ: Julian Days
# name 14 = altM: Altimeter [m]
# name 15 = spar: SPAR, Biospherical/Licor
# name 16 = timeS: Time, Elapsed [seconds]
# name 17 = scan: Scan Count
# name 18 = density00: Density [density, kg/m^3]
# name 19 = density11: Density, 2 [density, kg/m^3]
# name 20 = v3: Voltage 3
# name 21 = v4: Voltage 4
# name 22 = v5: Voltage 5
# name 23 = sal00: Salinity, Practical [PSU]
# name 24 = sal11: Salinity, Practical, 2 [PSU]
# name 25 = oxsolML/L: Oxygen Saturation, Garcia & Gordon [ml/l]
# name 26 = nbin: number of scans per bin
# name 27 = flag: flag
# span 0 =      1.000,    701.000       
# span 1 =      0.989,    692.579       
# span 2 =    -1.8589,     0.3227       
# span 3 =  26.879157,  29.261755       
# span 4 =    -1.8582,     0.3278       
# span 5 =  26.879463,  29.264336       
# span 6 =     4.6483,     9.0312       
# span 7 =     4.7630,     9.3460       
# span 8 =    -0.0170,    10.4649       
# span 9 =    88.0703,    98.7564       
# span 10 = -1.645e-05, 6.8686e+01      
# span 11 =  -73.96408,  -73.96408      
# span 12 = -116.24796, -116.24792      
# span 13 =  52.154812,  52.165882      
# span 14 =       3.33,     100.05      
# span 15 = 4.5692e+01, 5.9996e+01      
# span 16 =    253.757,   1210.179      
# span 17 =       6091,      29045      
# span 18 =  1027.1658,  1031.0022      
# span 19 =  1027.1672,  1031.0022      
# span 20 =     4.1788,     4.6848      
# span 21 =     0.0645,     1.7891      
# span 22 =     0.1073,     0.2009      
# span 23 =    33.7907,    34.5140      
# span 24 =    33.7919,    34.5116      
# span 25 =    7.97026,    8.47223      
# span 26 =         20,         49      
# span 27 = 0.0000e+00, 0.0000e+00      
# interval = decibars: 1                
# start_time = Feb 21 2022 03:38:42 [NMEA time, header]
# bad_flag = -9.990e-29
*END*
[from data line 467]
    468.000    462.639    -1.7013  27.194538    -1.6999  27.194866     6.4610     6.6446     0.4444    97.8681 1.0000e-12  -73.96408 -116.24794  52.162016      99.91 5.3051e+01    876.198      21030  1029.7390  1029.7380     4.6427     0.1242     0.1089    34.1581    34.1569    8.42977         29 0.0000e+00
    469.000    463.625    -1.6952  27.200979    -1.6934  27.201367     6.4562     6.6305     0.3527    97.7369 1.0000e-12  -73.96408 -116.24794  52.162030      99.90 5.4522e+01    877.377      21058  1029.7444  1029.7431     4.6364     0.1219     0.1091    34.1594    34.1579    8.42830         27 0.0000e+00
    470.000    464.613    -1.6812  27.214593    -1.6794  27.215001     6.4454     6.6201     0.3186    97.9313 1.0000e-12  -73.96408 -116.24794  52.162043      99.92 5.0722e+01    878.503      21085  1029.7501  1029.7488     4.6457     0.1242     0.1122    34.1616    34.1602    8.42499         27 0.0000e+00
    471.000    465.600    -1.6748  27.220884    -1.6735  27.221073     6.4314     6.6154     0.3734    97.9299 1.0000e-12  -73.96408 -116.24794  52.162056      99.91 5.2274e+01    879.607      21112  1029.7551  1029.7540     4.6457     0.1255     0.1117    34.1624    34.1611    8.42350         27 0.0000e+00
    472.000    466.588    -1.6694  27.226857    -1.6672  27.227565     6.4406     6.6106     0.3995    97.9251 1.0000e-12  -73.96408 -116.24794  52.162069      99.92 5.6042e+01    880.737      21139  1029.7608  1029.7595     4.6454     0.1238     0.1084    34.1638    34.1624    8.42217         27 0.0000e+00
    473.000    467.575    -1.6593  27.236665    -1.6575  27.237287     6.4363     6.6090     0.4068    97.8958 1.0000e-12  -73.96408 -116.24794  52.162082      97.53 5.0789e+01    881.863      21166  1029.7661  1029.7650     4.6440     0.1260     0.1097    34.1653    34.1640    8.41981         27 0.0000e+00
    474.000    468.563    -1.6574  27.239024    -1.6556  27.239520     6.4223     6.6048     0.3649    97.9086 1.0000e-12  -73.96408 -116.24794  52.162095      81.36 5.1548e+01    882.998      21193  1029.7712  1029.7701     4.6447     0.1195     0.1103    34.1657    34.1643    8.41933         28 0.0000e+00
    475.000    469.550    -1.6545  27.242084    -1.6529  27.242519     6.4267     6.5986     0.3185    97.9270 1.0000e-12  -73.96408 -116.24794  52.162108      98.04 5.6210e+01    884.165      21221  1029.7762  1029.7751     4.6455     0.1284     0.1104    34.1660    34.1648    8.41866         27 0.0000e+00
    476.000    470.537    -1.6494  27.247327    -1.6479  27.247624     6.4337     6.5952     0.3429    97.6184 1.0000e-12  -73.96408 -116.24794  52.162122      99.93 5.1183e+01    885.308      21248  1029.7814  1029.7802     4.6305     0.1380     0.1108    34.1669    34.1655    8.41746         27 0.0000e+00
    477.000    471.524    -1.6448  27.252104    -1.6432  27.252393     6.4092     6.5935     0.3284    97.0090 1.0000e-12  -73.96408 -116.24794  52.162135      99.91 5.1386e+01    886.423      21275  1029.7865  1029.7853     4.6023     0.1221     0.1108    34.1676    34.1662    8.41637         27 0.0000e+00
    478.000    472.512    -1.6395  27.257362    -1.6377  27.257878     6.4024     6.5827     0.3450    97.8233 1.0000e-12  -73.96408 -116.24794  52.162148      99.91 5.7097e+01    887.561      21302  1029.7916  1029.7904     4.6406     0.1530     0.1123    34.1682    34.1668    8.41514         28 0.0000e+00
    479.000    473.499    -1.6300  27.267067    -1.6279  27.267705     6.3920     6.5721     0.3812    97.9665 1.0000e-12  -73.96408 -116.24794  52.162161      99.91 5.1755e+01    888.697      21330  1029.7973  1029.7960     4.6473     0.1344     0.1097    34.1700    34.1686    8.41286         26 0.0000e+00
    480.000    474.486    -1.6188  27.277922    -1.6171  27.278129     6.3897     6.5634     0.3271    97.8168 1.0000e-12  -73.96408 -116.24794  52.162174      99.92 5.1111e+01    889.792      21356  1029.8027  1029.8013     4.6404     0.1257     0.1087    34.1717    34.1700    8.41024         26 0.0000e+00
    481.000    475.475    -1.6109  27.285584    -1.6090  27.286070     6.3641     6.5558     0.4060    97.9554 1.0000e-12  -73.96408 -116.24794  52.162186      99.90 5.5357e+01    890.900      21383  1029.8078  1029.8065     4.6469     0.1320     0.1092    34.1725    34.1711    8.40838         28 0.0000e+00
    482.000    476.461    -1.6043  27.291894    -1.6028  27.292130     6.3668     6.5407     0.3641    97.8999 1.0000e-12  -73.96408 -116.24794  52.162199      99.92 5.2522e+01    892.031      21410  1029.8127  1029.8116     4.6442     0.1334     0.1103    34.1731    34.1718    8.40686         27 0.0000e+00
    483.000    477.449    -1.6011  27.295263    -1.5998  27.295384     6.3792     6.5527     0.3195    97.9116 1.0000e-12  -73.96408 -116.24794  52.162212      99.91 5.1142e+01    893.152      21437  1029.8178  1029.8167     4.6448     0.1351     0.1120    34.1735    34.1722    8.40611         27 0.0000e+00
    484.000    478.436    -1.5979  27.298715    -1.5968  27.298614     6.3610     6.5430     0.3625    97.9366 1.0000e-12  -73.96408 -116.24796  52.162226      99.90 5.5835e+01    894.294      21464  1029.8229  1029.8217     4.6459     0.1583     0.1100    34.1741    34.1727    8.40537         27 0.0000e+00
    485.000    479.424    -1.5974  27.299489    -1.5959  27.299832     6.3505     6.5204     0.8060    97.7100 1.0000e-12  -73.96408 -116.24796  52.162239      97.66 5.2763e+01    895.438      21492  1029.8277  1029.8266     4.6353     0.1245     0.1099    34.1740    34.1727    8.40526         27 0.0000e+00
    486.000    480.412    -1.5802  27.316634    -1.5782  27.316723     6.3283     6.5015     0.4758    97.7648 1.0000e-12  -73.96408 -116.24796  52.162252      88.41 5.1062e+01    896.540      21518  1029.8341  1029.8322     4.6377     0.1294     0.1122    34.1774    34.1751    8.40117         27 0.0000e+00
    487.000    481.398    -1.5597  27.334994    -1.5574  27.335826     6.3201     6.4965     0.4356    97.5981 1.0000e-12  -73.96408 -116.24796  52.162265      99.18 5.4043e+01    897.660      21545  1029.8386  1029.8373     4.6299     0.1444     0.1117    34.1786    34.1771    8.39645         27 0.0000e+00
    488.000    482.386    -1.5583  27.336756    -1.5567  27.337013     6.3122     6.4821     0.3583    97.8775 1.0000e-12  -73.96408 -116.24796  52.162278      99.92 5.2936e+01    898.808      21572  1029.8436  1029.8424     4.6432     0.1349     0.1127    34.1788    34.1773    8.39611         27 0.0000e+00
    489.000    483.373    -1.5533  27.341935    -1.5519  27.341952     6.2977     6.4637     0.4860    97.8639 1.0000e-12  -73.96408 -116.24796  52.162291      99.91 5.1035e+01    899.931      21599  1029.8489  1029.8476     4.6425     0.1423     0.1190    34.1796    34.1780    8.39494         27 0.0000e+00
    490.000    484.361    -1.5412  27.353560    -1.5401  27.353234     6.2864     6.4690     0.3790    97.8365 1.0000e-12  -73.96408 -116.24796  52.162304      99.91 5.4301e+01    901.051      21626  1029.8543  1029.8529     4.6412     0.1782     0.1113    34.1812    34.1795    8.39211         28 0.0000e+00
    491.000    485.347    -1.5342  27.360241    -1.5303  27.362660     6.2788     6.4640     0.3677    97.8493 1.0000e-12  -73.96408 -116.24796  52.162317      99.91 5.4311e+01    902.178      21653  1029.8592  1029.8581     4.6417     0.1312     0.1115    34.1818    34.1807    8.39049         26 0.0000e+00
    492.000    486.334    -1.5252  27.369153    -1.5244  27.368606     6.2378     6.4274     0.3164    97.4588 1.0000e-12  -73.96408 -116.24796  52.162329      99.91 5.1078e+01    903.264      21679  1029.8648  1029.8633     4.6234     0.1221     0.1087    34.1833    34.1815    8.38839         26 0.0000e+00
    493.000    487.323    -1.4926  27.401191    -1.4915  27.399701     6.1901     6.3759     0.4680    97.8843 1.0000e-12  -73.96408 -116.24796  52.162342      99.90 5.3240e+01    904.356      21706  1029.8724  1029.8697     4.6435     0.1560     0.1138    34.1895    34.1862    8.38067         27 0.0000e+00
    494.000    488.309    -1.4218  27.466315    -1.4195  27.465763     6.1606     6.3449     0.5130    97.9041 1.0000e-12  -73.96408 -116.24796  52.162355      99.91 5.1920e+01    905.494      21733  1029.8789  1029.8761     4.6444     0.1503     0.1135    34.1977    34.1943    8.36426         26 0.0000e+00
    495.000    489.298    -1.4013  27.484658    -1.3991  27.485256     6.1521     6.3244     0.3107    97.9188 1.0000e-12  -73.96408 -116.24796  52.162368      99.91 5.0965e+01    906.616      21760  1029.8837  1029.8822     4.6451     0.1216     0.1110    34.1989    34.1972    8.35960         27 0.0000e+00
    496.000    490.285    -1.3943  27.491744    -1.3919  27.492320     6.1211     6.3077     0.2353    97.8942 1.0000e-12  -73.96408 -116.24796  52.162381      99.91 5.2697e+01    907.729      21786  1029.8895  1029.8877     4.6440     0.1055     0.1107    34.2001    34.1981    8.35796         28 0.0000e+00
    497.000    491.271    -1.3800  27.505663    -1.3784  27.505178     6.1155     6.2933     0.2315    97.9934 1.0000e-12  -73.96408 -116.24796  52.162394      79.14 5.3499e+01    908.858      21814  1029.8954  1029.8934     4.6486     0.1101     0.1108    34.2022    34.1998    8.35461         26 0.0000e+00
    498.000    492.259    -1.3649  27.519518    -1.3628  27.519894     6.1072     6.2858     0.1983    97.8630 1.0000e-12  -73.96408 -116.24796  52.162407      93.82 5.0530e+01    909.957      21840  1029.9004  1029.8989     4.6425     0.1333     0.1137    34.2034    34.2016    8.35117         26 0.0000e+00
    499.000    493.246    -1.3637  27.521076    -1.3622  27.521205     6.0937     6.2761     0.1688    97.9416 1.0000e-12  -73.96408 -116.24796  52.162419      99.94 5.2044e+01    911.046      21866  1029.9057  1029.9044     4.6462     0.1115     0.1087    34.2036    34.2020    8.35089         27 0.0000e+00
    500.000    494.234    -1.3541  27.532117    -1.3522  27.531636     6.0698     6.2452     0.1893    97.9714 1.0000e-12  -73.96408 -116.24796  52.162433      99.91 5.5525e+01    912.186      21893  1029.9130  1029.9106     4.6476     0.1164     0.1102    34.2071    34.2043    8.34853         28 0.0000e+00
    501.000    495.219    -1.3242  27.559875    -1.3220  27.559980     6.0488     6.2162     0.3100    98.0433 1.0000e-12  -73.96408 -116.24796  52.162446      99.91 5.1008e+01    913.325      21921  1029.9187  1029.9167     4.6510     0.1085     0.1111    34.2105    34.2081    8.34164         26 0.0000e+00
    502.000    496.208    -1.3027  27.580244    -1.2982  27.582363     6.0475     6.2098     0.4127    97.9272 1.0000e-12  -73.96408 -116.24796  52.162459      99.91 5.2110e+01    914.424      21947  1029.9245  1029.9225     4.6455     0.1423     0.1134    34.2134    34.2111    8.33668         27 0.0000e+00
    503.000    497.195    -1.2961  27.585906    -1.2946  27.585999     6.0379     6.2082     0.3267    97.9653 1.0000e-12  -73.96408 -116.24796  52.162472      99.91 5.3022e+01    915.548      21974  1029.9290  1029.9276     4.6473     0.1485     0.1128    34.2130    34.2114    8.33523         27 0.0000e+00
    504.000    498.183    -1.2981  27.584475    -1.2968  27.584311     6.0468     6.2088     0.4493    97.8556 1.0000e-12  -73.96408 -116.24796  52.162485      99.91 5.0473e+01    916.664      22001  1029.9341  1029.9326     4.6421     0.1108     0.1112    34.2127    34.2110    8.33570         26 0.0000e+00
    505.000    499.169    -1.2961  27.586807    -1.2936  27.587605     6.0331     6.2092     0.4718    98.0096 1.0000e-12  -73.96408 -116.24796  52.162497      99.91 5.1782e+01    917.755      22027  1029.9393  1029.9377     4.6494     0.1231     0.1139    34.2131    34.2113    8.33523         27 0.0000e+00
    506.000    500.156    -1.2929  27.589740    -1.2889  27.591776     6.0299     6.2054     0.2765    97.9129 1.0000e-12  -73.96408 -116.24795  52.162510      99.90 5.3619e+01    918.884      22054  1029.9439  1029.9423     4.6448     0.1551     0.1174    34.2128    34.2110    8.33453         27 0.0000e+00
    507.000    501.146    -1.2909  27.592097    -1.2890  27.592542     6.0132     6.1788     0.2472    97.8750 1.0000e-12  -73.96408 -116.24795  52.162523      99.92 5.0103e+01    920.014      22081  1029.9491  1029.9477     4.6430     0.1103     0.1120    34.2131    34.2115    8.33407         27 0.0000e+00
    508.000    502.131    -1.2710  27.611711    -1.2681  27.612495     5.9970     6.1669     0.4068    97.6988 1.0000e-12  -73.96408 -116.24794  52.162536      99.91 5.1591e+01    921.099      22107  1029.9554  1029.9535     4.6347     0.1306     0.1103    34.2167    34.2145    8.32941         26 0.0000e+00
    509.000    503.118    -1.2506  27.631003    -1.2474  27.632064     5.9705     6.1465     0.5391    97.1206 1.0000e-12  -73.96408 -116.24794  52.162549      88.28 5.4692e+01    922.200      22134  1029.9610  1029.9590     4.6073     0.1266     0.1192    34.2193    34.2171    8.32472         27 0.0000e+00
    510.000    504.105    -1.2378  27.642826    -1.2357  27.643296     5.9474     6.1148     0.3910    97.8064 1.0000e-12  -73.96408 -116.24794  52.162561      98.01 5.0522e+01    923.310      22160  1029.9658  1029.9643     4.6398     0.1189     0.1107    34.2202    34.2185    8.32181         26 0.0000e+00
    511.000    505.094    -1.2167  27.664114    -1.2128  27.665452     5.9225     6.0950     0.2917    97.8743 1.0000e-12  -73.96408 -116.24794  52.162574      99.88 5.1113e+01    924.397      22187  1029.9729  1029.9706     4.6430     0.1103     0.1110    34.2248    34.2222    8.31686         27 0.0000e+00
    512.000    506.080    -1.1914  27.687128    -1.1891  27.687471     5.9246     6.0854     0.2622    97.9397 1.0000e-12  -73.96408 -116.24795  52.162587      99.92 5.5714e+01    925.531      22214  1029.9778  1029.9759     4.6461     0.1229     0.1143    34.2268    34.2246    8.31112         27 0.0000e+00
    513.000    507.068    -1.1783  27.699615    -1.1766  27.699144     5.9066     6.0766     0.2335    96.9254 1.0000e-12  -73.96408 -116.24795  52.162601      99.91 5.0889e+01    926.698      22242  1029.9832  1029.9810     4.5980     0.1113     0.1125    34.2283    34.2257    8.30811         28 0.0000e+00
    514.000    508.054    -1.1755  27.702168    -1.1732  27.702581     5.8966     6.0635     0.2720    97.8698 1.0000e-12  -73.96408 -116.24794  52.162614      99.91 5.1191e+01    927.811      22268  1029.9879  1029.9861     4.6428     0.1106     0.1102    34.2280    34.2260    8.30751         26 0.0000e+00
    515.000    509.041    -1.1602  27.716506    -1.1592  27.715649     5.8921     6.0539     0.2400    97.9265 1.0000e-12  -73.96408 -116.24794  52.162626      99.91 5.5397e+01    928.907      22295  1029.9931  1029.9912     4.6455     0.1092     0.1078    34.2296    34.2273    8.30403         27 0.0000e+00
    516.000    510.029    -1.1550  27.721977    -1.1495  27.725064     5.8767     6.0453     0.1817    97.7475 1.0000e-12  -73.96408 -116.24794  52.162639      99.91 5.1803e+01    930.021      22321  1029.9985  1029.9965     4.6370     0.1068     0.1094    34.2305    34.2285    8.30282         26 0.0000e+00
    517.000    511.017    -1.1425  27.733818    -1.1401  27.734132     5.8538     6.0254     0.1620    97.8440 1.0000e-12  -73.96408 -116.24794  52.162652      99.91 5.1116e+01    931.096      22347  1030.0037  1030.0017     4.6416     0.0981     0.1096    34.2319    34.2296    8.29997         25 0.0000e+00
