ocean_section_plots/required_files/ctd/dnbp2202_ctd261.cnv
* Sea-Bird SBE 9 Data File:
* FileName = D:\Data\raw\NBP2202_CTD261.hex
* Software Version Seasave V 7.26.7.121
* Temperature SN = 1649
* Conductivity SN = 2513
* Number of Bytes Per Scan = 40
* Number of Voltage Words = 5
* Number of Scans Averaged by the Deck Unit = 1
* NMEA Latitude = 73 53.01 S
* NMEA Longitude = 118 44.80 W
* NMEA UTC (Time) = Feb 19 2022  13:46:52
* NMEA baud rate = 9600
** Ship: RVIB N.B. Palmer
** Cruise: NBP2202 Thwaites
** Station: 166
** Operator: B. Bjork
# nquan = 28
# nvalues = 642                         
# units = specified
# name 0 = prDM: Pressure, Digiquartz [db]
# name 1 = depSM: Depth [salt water, m]
# name 2 = t090C: Temperature [ITS-90, deg C]
# name 3 = c0mS/cm: Conductivity [mS/cm]
# name 4 = t190C: Temperature, 2 [ITS-90, deg C]
# name 5 = c1mS/cm: Conductivity, 2 [mS/cm]
# name 6 = sbeox0ML/L: Oxygen, SBE 43 [ml/l]
# name 7 = sbeox1ML/L: Oxygen, SBE 43, 2 [ml/l]
# name 8 = flECO-AFL: Fluorescence, WET Labs ECO-AFL/FL [mg/m^3]
# name 9 = CStarTr0: Beam Transmission, WET Labs C-Star [%]
# name 10 = par: PAR/Irradiance, Biospherical/Licor
# name 11 = latitude: Latitude [deg]
# name 12 = longitude: Longitude [deg]
# name 13 = timeJ: Julian Days
# name 14 = altM: Altimeter [m]
# name 15 = spar: SPAR, Biospherical/Licor
# name 16 = timeS: Time, Elapsed [seconds]
# name 17 = scan: Scan Count
# name 18 = density00: Density [density, kg/m^3]
# name 19 = density11: Density, 2 [density, kg/m^3]
# name 20 = v3: Voltage 3
# name 21 = v4: Voltage 4
# name 22 = v5: Voltage 5
# name 23 = sal00: Salinity, Practical [PSU]
# name 24 = sal11: Salinity, Practical, 2 [PSU]
# name 25 = oxsolML/L: Oxygen Saturation, Garcia & Gordon [ml/l]
# name 26 = nbin: number of scans per bin
# name 27 = flag: flag
# span 0 =      2.000,    643.000       
# span 1 =      1.951,    635.366       
# span 2 =    -1.7481,     0.3212       
# span 3 =  26.965372,  29.212373       
# span 4 =    -1.7472,     0.3253       
# span 5 =  26.965583,  29.215593       
# span 6 =     4.7815,     8.9787       
# span 7 =     4.9256,     9.3362       
# span 8 =    -0.0217,    11.3159       
# span 9 =    88.1253,    99.5108       
# span 10 = 1.0000e-12, 7.5495e+01      
# span 11 =  -73.88354,  -73.88352      
# span 12 = -118.74650, -118.74644      
# span 13 =  50.576451,  50.585268      
# span 14 =       4.10,     100.58      
# span 15 = 1.0067e+03, 1.0815e+03      
# span 16 =    193.364,    955.139      
# span 17 =       4642,      22924      
# span 18 =  1027.1637,  1030.7114      
# span 19 =  1027.1615,  1030.7100      
# span 20 =     4.1808,     4.7206      
# span 21 =     0.0635,     1.8336      
# span 22 =     0.1149,     0.2336      
# span 23 =    33.8117,    34.4850      
# span 24 =    33.8103,    34.4837      
# span 25 =    7.97218,    8.44819      
# span 26 =          5,         48      
# span 27 = 0.0000e+00, 0.0000e+00      
# interval = decibars: 1                
# start_time = Feb 19 2022 13:46:52 [NMEA time, header]
# bad_flag = -9.990e-29
*END*
[from data line 208]
    210.000    207.725    -1.6435  27.023580    -1.6434  27.023332     6.0625     6.2670     0.2832    98.2385 1.0000e-12  -73.88352 -118.74648  50.579503      75.57 1.0348e+03    457.085      10971  1028.3870  1028.3867     4.6603     0.1604     0.1193    34.0158    34.0153    8.42517         25 0.0000e+00
    211.000    208.709    -1.6464  27.022771    -1.6460  27.023101     6.0698     6.2618     0.2642    98.6961 1.0000e-12  -73.88352 -118.74648  50.579515      94.04 1.0355e+03    458.107      10996  1028.3933  1028.3932     4.6820     0.0974     0.1177    34.0174    34.0173    8.42574         25 0.0000e+00
    212.000    209.704    -1.6493  27.021600    -1.6486  27.021905     6.0685     6.2628     0.2182    98.7511 1.0000e-12  -73.88352 -118.74648  50.579526      99.74 1.0368e+03    459.090      11019  1028.3991  1028.3987     4.6846     0.1453     0.1159    34.0185    34.0180    8.42634         23 0.0000e+00
    213.000    210.689    -1.6490  27.022152    -1.6481  27.022627     6.0722     6.2657     0.1645    98.1311 1.0000e-12  -73.88352 -118.74648  50.579538      99.95 1.0365e+03    460.104      11043  1028.4037  1028.4033     4.6553     0.1522     0.1222    34.0183    34.0179    8.42628         24 0.0000e+00
    214.000    211.678    -1.6478  27.023818    -1.6478  27.023296     6.0647     6.2627     0.2381    98.9752 1.0000e-12  -73.88352 -118.74648  50.579550      99.95 1.0353e+03    461.104      11067  1028.4086  1028.4080     4.6951     0.1217     0.1206    34.0186    34.0178    8.42599         23 0.0000e+00
    215.000    212.667    -1.6496  27.022697    -1.6492  27.022756     6.0618     6.2511     0.4020    98.7210 1.0000e-12  -73.88352 -118.74648  50.579561      99.95 1.0348e+03    462.067      11091  1028.4134  1028.4131     4.6831     0.1032     0.1215    34.0185    34.0180    8.42641         24 0.0000e+00
    216.000    213.656    -1.6412  27.030699    -1.6407  27.030641     6.0501     6.2450     0.4474    98.8238 1.0000e-12  -73.88352 -118.74648  50.579572      99.95 1.0348e+03    463.034      11114  1028.4183  1028.4178     4.6880     0.1256     0.1198    34.0192    34.0187    8.42444         23 0.0000e+00
    217.000    214.645    -1.6372  27.035166    -1.6356  27.035578     6.0565     6.2445     0.3053    98.7696 1.0000e-12  -73.88352 -118.74648  50.579583      99.95 1.0348e+03    464.000      11137  1028.4237  1028.4226     4.6855     0.1558     0.1194    34.0203    34.0191    8.42347         23 0.0000e+00
    218.000    215.633    -1.6293  27.042294    -1.6289  27.042261     6.0670     6.2454     0.2456    98.7750 1.0000e-12  -73.88352 -118.74648  50.579595      99.95 1.0364e+03    464.988      11161  1028.4282  1028.4277     4.6858     0.1022     0.1192    34.0205    34.0199    8.42166         25 0.0000e+00
    219.000    216.622    -1.6320  27.040533    -1.6309  27.040985     6.0626     6.2537     0.4563    98.8600 1.0000e-12  -73.88352 -118.74648  50.579606      99.95 1.0366e+03    466.002      11185  1028.4332  1028.4326     4.6897     0.1079     0.1195    34.0205    34.0198    8.42228         24 0.0000e+00
    220.000    217.610    -1.6351  27.039088    -1.6310  27.041825     6.0732     6.2650     0.1701    98.8412 1.0000e-12  -73.88352 -118.74648  50.579619      99.95 1.0367e+03    467.042      11210  1028.4390  1028.4381     4.6888     0.1353     0.1193    34.0215    34.0206    8.42293         26 0.0000e+00
    221.000    218.599    -1.6389  27.036457    -1.6393  27.035801     6.0809     6.2825     0.3111    98.9756 1.0000e-12  -73.88352 -118.74648  50.579631      99.95 1.0367e+03    468.139      11236  1028.4441  1028.4438     4.6952     0.1281     0.1186    34.0215    34.0211    8.42379         26 0.0000e+00
    222.000    219.588    -1.6420  27.033996    -1.6480  27.029304     6.0896     6.2867     0.4561    99.0070 1.0000e-12  -73.88352 -118.74648  50.579644      99.95 1.0379e+03    469.204      11262  1028.4486  1028.4494     4.6968     0.1333     0.1183    34.0210    34.0214    8.42452         23 0.0000e+00
    223.000    220.576    -1.6574  27.022921    -1.6543  27.024856     6.0955     6.2894     0.3499    98.9993 1.0000e-12  -73.88352 -118.74648  50.579654      99.63 1.0376e+03    470.133      11284  1028.4558  1028.4548     4.6964     0.1381     0.1187    34.0227    34.0217    8.42793         22 0.0000e+00
    224.000    221.565    -1.6583  27.023273    -1.6570  27.023846     6.1138     6.2963     0.3685    99.0999 1.0000e-12  -73.88352 -118.74648  50.579664      89.42 1.0385e+03    471.006      11305  1028.4612  1028.4606     4.7011     0.1703     0.1208    34.0235    34.0228    8.42807         21 0.0000e+00
    225.000    222.553    -1.6547  27.027200    -1.6542  27.027267     6.1144     6.3104     0.3958    99.1117 1.0000e-12  -73.88352 -118.74648  50.579675      96.34 1.0386e+03    471.882      11326  1028.4664  1028.4659     4.7017     0.1692     0.1195    34.0243    34.0237    8.42722         22 0.0000e+00
    226.000    223.542    -1.6597  27.023592    -1.6595  27.023551     6.1117     6.3124     0.3066    99.0534 1.0000e-12  -73.88352 -118.74648  50.579687      99.93 1.0392e+03    472.930      11351  1028.4714  1028.4713     4.6989     0.0997     0.1172    34.0243    34.0240    8.42834         28 0.0000e+00
    227.000    224.529    -1.6663  27.018588    -1.6657  27.018907     6.1231     6.3083     0.1809    98.9605 1.0000e-12  -73.88352 -118.74648  50.579700      99.96 1.0390e+03    474.122      11380  1028.4766  1028.4764     4.6946     0.0986     0.1254    34.0243    34.0241    8.42985         28 0.0000e+00
    228.000    225.520    -1.6714  27.015078    -1.6704  27.015636     6.1294     6.3197     0.2402    99.1402 1.0000e-12  -73.88352 -118.74648  50.579713      99.95 1.0400e+03    475.225      11406  1028.4819  1028.4816     4.7030     0.0941     0.1160    34.0246    34.0243    8.43099         25 0.0000e+00
    229.000    226.508    -1.6688  27.017848    -1.6688  27.017509     6.1430     6.3327     0.2487    98.9424 1.0000e-12  -73.88352 -118.74648  50.579724      99.95 1.0398e+03    476.166      11429  1028.4867  1028.4863     4.6937     0.1060     0.1199    34.0248    34.0243    8.43038         21 0.0000e+00
    230.000    227.497    -1.6871  27.002782    -1.6870  27.003140     6.1538     6.3504     0.2092    99.1610 1.0000e-12  -73.88352 -118.74648  50.579734      99.96 1.0383e+03    476.996      11449  1028.4921  1028.4924     4.7039     0.1164     0.1252    34.0243    34.0247    8.43458         19 0.0000e+00
    231.000    228.485    -1.6971  26.995910    -1.6969  26.995800     6.1678     6.3612     0.2019    99.1593 1.0000e-12  -73.88352 -118.74648  50.579743      99.95 1.0369e+03    477.831      11469  1028.4984  1028.4981     4.7039     0.0948     0.1195    34.0256    34.0251    8.43678         21 0.0000e+00
    232.000    229.474    -1.7037  26.990801    -1.7027  26.991514     6.1736     6.3688     0.2841    99.1170 1.0000e-12  -73.88352 -118.74648  50.579755      99.94 1.0369e+03    478.815      11493  1028.5034  1028.5032     4.7019     0.1501     0.1191    34.0254    34.0252    8.43830         27 0.0000e+00
    233.000    230.461    -1.7116  26.984875    -1.7109  26.985099     6.1736     6.3702     0.3607    98.8906 1.0000e-12  -73.88352 -118.74648  50.579769      99.94 1.0384e+03    480.002      11521  1028.5086  1028.5082     4.6912     0.1269     0.1197    34.0256    34.0250    8.44009         29 0.0000e+00
    234.000    231.450    -1.7122  26.984977    -1.7114  26.985472     6.1784     6.3727     0.2583    99.0249 1.0000e-12  -73.88352 -118.74648  50.579782      99.95 1.0387e+03    481.139      11548  1028.5134  1028.5132     4.6975     0.1046     0.1198    34.0257    34.0255    8.44020         25 0.0000e+00
    235.000    232.440    -1.7127  26.985175    -1.7122  26.985373     6.1786     6.3742     0.3592    99.1020 1.0000e-12  -73.88352 -118.74648  50.579793      99.95 1.0380e+03    482.127      11572  1028.5183  1028.5180     4.7011     0.0993     0.1233    34.0259    34.0256    8.44031         22 0.0000e+00
    236.000    233.427    -1.7153  26.983536    -1.7135  26.984698     6.1746     6.3741     0.2546    98.7974 1.0000e-12  -73.88352 -118.74648  50.579804      85.72 1.0354e+03    483.031      11594  1028.5232  1028.5227     4.6869     0.0885     0.1217    34.0260    34.0256    8.44089         22 0.0000e+00
    237.000    234.417    -1.7172  26.982919    -1.7144  26.985010     6.1748     6.3691     0.2143    98.9086 1.0000e-12  -73.88352 -118.74648  50.579814      87.18 1.0354e+03    483.931      11615  1028.5285  1028.5281     4.6921     0.1001     0.1170    34.0266    34.0264    8.44128         23 0.0000e+00
    238.000    235.404    -1.7122  26.987747    -1.7104  26.988851     6.1696     6.3665     0.2199    98.9289 1.0000e-12  -73.88352 -118.74648  50.579825      97.68 1.0374e+03    484.924      11639  1028.5333  1028.5327     4.6930     0.0981     0.1189    34.0271    34.0266    8.44012         24 0.0000e+00
    239.000    236.393    -1.7105  26.989578    -1.7101  26.989625     6.1766     6.3638     0.1786    98.8304 1.0000e-12  -73.88352 -118.74648  50.579838      99.95 1.0396e+03    485.961      11664  1028.5379  1028.5375     4.6884     0.1152     0.1179    34.0270    34.0267    8.43974         25 0.0000e+00
    240.000    237.381    -1.7118  26.989170    -1.7107  26.989695     6.1805     6.3730     0.1563    99.0811 1.0000e-12  -73.88352 -118.74648  50.579849      99.96 1.0401e+03    486.978      11688  1028.5429  1028.5424     4.7002     0.0937     0.1193    34.0273    34.0268    8.44002         24 0.0000e+00
    241.000    238.371    -1.7150  26.986900    -1.7143  26.987334     6.1939     6.3838     0.1580    99.0539 1.0000e-12  -73.88352 -118.74648  50.579861      99.95 1.0385e+03    487.966      11712  1028.5478  1028.5476     4.6989     0.0937     0.1165    34.0272    34.0270    8.44076         24 0.0000e+00
    242.000    239.360    -1.7194  26.983989    -1.7190  26.984030     6.1715     6.3735     0.1705    99.0795 1.0000e-12  -73.88352 -118.74648  50.579872      99.95 1.0376e+03    488.949      11736  1028.5531  1028.5528     4.7001     0.1723     0.1237    34.0276    34.0272    8.44174         23 0.0000e+00
    243.000    240.346    -1.7200  26.983922    -1.7180  26.985146     6.1816     6.3730     0.3464    99.1121 1.0000e-12  -73.88352 -118.74648  50.579884      99.95 1.0383e+03    489.967      11760  1028.5578  1028.5573     4.7017     0.1398     0.1162    34.0275    34.0270    8.44187         25 0.0000e+00
    244.000    241.335    -1.7018  27.001388    -1.7000  27.002118     6.2030     6.3969     0.2678    98.9351 1.0000e-12  -73.88352 -118.74648  50.579896      99.95 1.0389e+03    491.026      11786  1028.5637  1028.5627     4.6933     0.1297     0.1190    34.0303    34.0292    8.43756         26 0.0000e+00
    245.000    242.325    -1.7144  26.989867    -1.7175  26.987785     6.2114     6.4134     0.2678    98.8861 1.0000e-12  -73.88352 -118.74648  50.579908      99.95 1.0382e+03    492.042      11810  1028.5675  1028.5683     4.6910     0.1379     0.1214    34.0281    34.0288    8.44056         23 0.0000e+00
    246.000    243.313    -1.7410  26.968523    -1.7403  26.968741     6.2210     6.4200     0.1936    98.2254 1.0000e-12  -73.88352 -118.74648  50.579919      99.95 1.0383e+03    493.008      11833  1028.5741  1028.5736     4.6599     0.1092     0.1192    34.0283    34.0278    8.44662         23 0.0000e+00
    247.000    244.301    -1.7411  26.968538    -1.7405  26.968783     6.2227     6.4206     0.2900    98.6481 1.0000e-12  -73.88352 -118.74647  50.579930      99.95 1.0383e+03    493.954      11856  1028.5784  1028.5780     4.6795     0.1216     0.1260    34.0278    34.0275    8.44668         23 0.0000e+00
    248.000    245.289    -1.7434  26.967124    -1.7430  26.967177     6.2316     6.4216     0.2910    99.0548 1.0000e-12  -73.88352 -118.74646  50.579941      99.95 1.0383e+03    494.897      11879  1028.5831  1028.5829     4.6990     0.1130     0.1261    34.0278    34.0274    8.44719         22 0.0000e+00
    249.000    246.279    -1.7430  26.967941    -1.7424  26.968092     6.2292     6.4258     0.2211    98.9056 1.0000e-12  -73.88352 -118.74646  50.579952      99.95 1.0396e+03    495.844      11901  1028.5879  1028.5875     4.6919     0.1021     0.1192    34.0279    34.0274    8.44710         23 0.0000e+00
    250.000    247.267    -1.7452  26.966614    -1.7462  26.965583     6.2405     6.4318     0.3073    98.9755 1.0000e-12  -73.88352 -118.74646  50.579963      92.50 1.0394e+03    496.844      11925  1028.5928  1028.5927     4.6952     0.1017     0.1196    34.0280    34.0277    8.44760         25 0.0000e+00
    251.000    248.255    -1.7481  26.965372    -1.7472  26.965672     6.2366     6.4373     0.4127    98.6045 1.0000e-12  -73.88352 -118.74646  50.579976      95.23 1.0380e+03    497.921      11951  1028.5984  1028.5979     4.6777     0.0917     0.1149    34.0288    34.0283    8.44819         27 0.0000e+00
    252.000    249.244    -1.7478  26.966434    -1.7470  26.966809     6.2365     6.4436     0.2982    98.9697 1.0000e-12  -73.88352 -118.74646  50.579988      99.93 1.0382e+03    498.997      11977  1028.6035  1028.6032     4.6949     0.1248     0.1195    34.0294    34.0290    8.44810         25 0.0000e+00
    253.000    250.232    -1.7476  26.967591    -1.7469  26.967723     6.2494     6.4448     0.3580    98.9880 1.0000e-12  -73.88352 -118.74646  50.580000      99.96 1.0380e+03    500.000      12001  1028.6089  1028.6083     4.6958     0.0932     0.1199    34.0302    34.0295    8.44802         23 0.0000e+00
    254.000    251.220    -1.7475  26.968380    -1.7468  26.968724     6.2228     6.4384     0.2534    98.6250 1.0000e-12  -73.88352 -118.74646  50.580011      99.96 1.0388e+03    500.947      12024  1028.6139  1028.6136     4.6786     0.0909     0.1162    34.0305    34.0301    8.44797         23 0.0000e+00
    255.000    252.210    -1.7473  26.969100    -1.7466  26.969330     6.2301     6.4342     0.3111    98.5445 1.0000e-12  -73.88352 -118.74646  50.580022      99.95 1.0408e+03    501.878      12046  1028.6187  1028.6183     4.6748     0.1045     0.1175    34.0306    34.0302    8.44791         22 0.0000e+00
    256.000    253.197    -1.7465  26.970452    -1.7456  26.970752     6.2350     6.4320     0.6497    98.9315 1.0000e-12  -73.88352 -118.74646  50.580033      99.95 1.0410e+03    502.862      12070  1028.6237  1028.6231     4.6932     0.0968     0.1195    34.0310    34.0303    8.44771         25 0.0000e+00
    257.000    254.185    -1.7462  26.971208    -1.7454  26.971400     6.2261     6.4220     0.3892    98.9512 1.0000e-12  -73.88352 -118.74645  50.580045      99.95 1.0390e+03    503.917      12095  1028.6285  1028.6280     4.6940     0.1440     0.1196    34.0311    34.0304    8.44764         25 0.0000e+00
    258.000    255.175    -1.7458  26.972018    -1.7451  26.972233     6.2018     6.4047     0.3949    98.6811 1.0000e-12  -73.88352 -118.74645  50.580057      99.94 1.0387e+03    504.967      12120  1028.6333  1028.6329     4.6814     0.2097     0.1198    34.0311    34.0306    8.44754         25 0.0000e+00
    259.000    256.162    -1.7425  26.975487    -1.7415  26.975815     6.2000     6.4178     0.3056    98.5380 1.0000e-12  -73.88352 -118.74645  50.580069      99.95 1.0386e+03    505.974      12144  1028.6383  1028.6375     4.6745     0.0930     0.1185    34.0316    34.0308    8.44677         23 0.0000e+00
