ocean_section_plots/required_files/ctd/dnbp2202_ctd005.cnv
* Sea-Bird SBE 9 Data File:
* FileName = D:\Data\raw\NBP2202_CTD005.hex
* Software Version Seasave V 7.26.7.121
* Temperature SN = 1649
* Conductivity SN = 2513
* Number of Bytes Per Scan = 40
* Number of Voltage Words = 5
* Number of Scans Averaged by the Deck Unit = 1
* NMEA Latitude = 72 12.28 S
* NMEA Longitude = 117 41.64 W
* NMEA UTC (Time) = Jan 15 2022  12:56:01
* NMEA baud rate = 9600
** Ship: RVIB N.B. Palmer
** Cruise: NBP2202 Thwaites
** Station: #2
** Operator: B Bjork
# nquan = 25
# nvalues = 522                         
# units = specified
# name 0 = prDM: Pressure, Digiquartz [db]
# name 1 = depSM: Depth [salt water, m]
# name 2 = t090C: Temperature [ITS-90, deg C]
# name 3 = c0mS/cm: Conductivity [mS/cm]
# name 4 = t190C: Temperature, 2 [ITS-90, deg C]
# name 5 = c1mS/cm: Conductivity, 2 [mS/cm]
# name 6 = sbeox0ML/L: Oxygen, SBE 43 [ml/l]
# name 7 = sbeox1ML/L: Oxygen, SBE 43, 2 [ml/l]
# name 8 = flECO-AFL: Fluorescence, WET Labs ECO-AFL/FL [mg/m^3]
# name 9 = CStarTr0: Beam Transmission, WET Labs C-Star [%]
# name 10 = par: PAR/Irradiance, Biospherical/Licor
# name 11 = latitude: Latitude [deg]
# name 12 = longitude: Longitude [deg]
# name 13 = timeJ: Julian Days
# name 14 = altM: Altimeter [m]
# name 15 = spar: SPAR, Biospherical/Licor
# name 16 = timeS: Time, Elapsed [seconds]
# name 17 = scan: Scan Count
# name 18 = density00: Density [density, kg/m^3]
# name 19 = density11: Density, 2 [density, kg/m^3]
# name 20 = sal00: Salinity, Practical [PSU]
# name 21 = sal11: Salinity, Practical, 2 [PSU]
# name 22 = oxsolML/L: Oxygen Saturation, Garcia & Gordon [ml/l]
# name 23 = nbin: number of scans per bin
# name 24 = flag: flag
# span 0 =      2.000,    523.000       
# span 1 =      1.976,    516.983       
# span 2 =    -1.8013,     0.9269       
# span 3 =  26.896214,  29.816188       
# span 4 =    -1.8006,     0.9294       
# span 5 =  26.896326,  29.815624       
# span 6 =     4.5169,     9.3573       
# span 7 =     4.7046,     9.7903       
# span 8 =     0.0097,    22.6009       
# span 9 =    73.3200,    99.4497       
# span 10 = 1.0000e-12, 1.7988e+02      
# span 11 =  -72.20482,  -72.20480      
# span 12 = -117.69404, -117.69400      
# span 13 =  15.541442,  15.550800      
# span 14 =       4.07,      99.99      
# span 15 = 3.9842e+02, 1.0126e+03      
# span 16 =    219.600,   1028.097      
# span 17 =       5271,      24675      
# span 18 =  1026.9112,  1030.2448      
# span 19 =  1026.9111,  1030.2418      
# span 20 =    33.4735,    34.6637      
# span 21 =    33.4732,    34.6601      
# span 22 =    7.83887,    8.45508      
# span 23 =          5,         48      
# span 24 = 0.0000e+00, 0.0000e+00      
# interval = decibars: 1                
# start_time = Jan 15 2022 12:56:01 [NMEA time, header]
# bad_flag = -9.990e-29
*END*
[from data line 464]
    466.000    460.705     0.8113  29.665921     0.8146  29.665286     4.5549     4.7464     0.0289    99.0432 1.0000e-12  -72.20482 -117.69402  15.549160      62.07 5.3273e+02    886.390      21274  1029.9556  1029.9517    34.6305    34.6260    7.86396         31 0.0000e+00
    467.000    461.692     0.8186  29.674169     0.8192  29.670795     4.5511     4.7403     0.0166    99.1838 1.0000e-12  -72.20482 -117.69402  15.549174      61.07 5.3252e+02    887.664      21305  1029.9619  1029.9578    34.6325    34.6275    7.86238         30 0.0000e+00
    468.000    462.680     0.8267  29.684274     0.8291  29.682436     4.5468     4.7327     0.0197    99.2013 1.0000e-12  -72.20482 -117.69402  15.549188      60.31 5.3239e+02    888.840      21333  1029.9691  1029.9648    34.6360    34.6309    7.86056         27 0.0000e+00
    469.000    463.668     0.8386  29.696991     0.8432  29.697887     4.5467     4.7421     0.0216    99.1883 1.0000e-12  -72.20482 -117.69402  15.549200      59.21 5.3239e+02    889.894      21358  1029.9751  1029.9716    34.6386    34.6347    7.85801         25 0.0000e+00
    470.000    464.654     0.8416  29.700347     0.8464  29.701851     4.5452     4.7382     0.0163    99.1983 1.0000e-12  -72.20482 -117.69402  15.549213      57.91 5.3239e+02    890.975      21384  1029.9803  1029.9772    34.6390    34.6356    7.85738         26 0.0000e+00
    471.000    465.644     0.8488  29.709012     0.8505  29.706718     4.5396     4.7268     0.0239    99.2282 1.0000e-12  -72.20482 -117.69402  15.549225      57.11 5.3281e+02    892.041      21410  1029.9868  1029.9828    34.6416    34.6368    7.85578         25 0.0000e+00
    472.000    466.630     0.8663  29.729266     0.8709  29.729549     4.5310     4.7247     0.0239    99.2345 1.0000e-12  -72.20482 -117.69402  15.549237      55.90 5.3366e+02    893.090      21435  1029.9949  1029.9908    34.6478    34.6430    7.85193         25 0.0000e+00
    473.000    467.616     0.8877  29.753127     0.8908  29.752017     4.5263     4.7202     0.0170    99.2390 1.0000e-12  -72.20482 -117.69402  15.549250      54.87 5.3409e+02    894.157      21461  1030.0030  1029.9988    34.6542    34.6493    7.84727         26 0.0000e+00
    474.000    468.607     0.8994  29.766416     0.9026  29.765395     4.5228     4.7151     0.0411    99.2547 1.0000e-12  -72.20482 -117.69402  15.549262      53.84 5.3528e+02    895.262      21487  1030.0097  1030.0056    34.6577    34.6529    7.84472         27 0.0000e+00
    475.000    469.591     0.9152  29.783374     0.9168  29.780953     4.5242     4.7132     0.0411    99.2450 1.0000e-12  -72.20482 -117.69402  15.549275      52.98 5.3697e+02    896.378      21514  1030.0161  1030.0121    34.6614    34.6565    7.84133         27 0.0000e+00
    476.000    470.580     0.9174  29.785897     0.9202  29.784887     4.5270     4.7144     0.0197    99.2784 1.0000e-12  -72.20482 -117.69402  15.549288      52.07 5.3903e+02    897.476      21540  1030.0212  1030.0174    34.6617    34.6572    7.84088         26 0.0000e+00
    477.000    471.568     0.9181  29.786862     0.9207  29.785877     4.5239     4.7136     0.0283    99.3039 1.0000e-12  -72.20482 -117.69402  15.549301      51.09 5.3982e+02    898.573      21567  1030.0261  1030.0225    34.6616    34.6574    7.84075         27 0.0000e+00
    478.000    472.554     0.9180  29.787135     0.9208  29.786325     4.5260     4.7134     0.0265    99.2854 1.0000e-12  -72.20482 -117.69402  15.549314      49.96 5.3977e+02    899.692      21594  1030.0311  1030.0274    34.6615    34.6573    7.84078         27 0.0000e+00
    479.000    473.543     0.9183  29.787657     0.9214  29.787228     4.5240     4.7153     0.0376    99.2849 1.0000e-12  -72.20482 -117.69402  15.549328      48.78 5.3796e+02    900.903      21623  1030.0358  1030.0323    34.6612    34.6572    7.84072         30 0.0000e+00
    480.000    474.530     0.9189  29.788909     0.9219  29.788187     4.5236     4.7109     0.0429    99.2834 1.0000e-12  -72.20482 -117.69402  15.549342      47.74 5.3527e+02    902.183      21653  1030.0409  1030.0372    34.6615    34.6573    7.84058         32 0.0000e+00
    481.000    475.517     0.9199  29.790233     0.9227  29.789292     4.5243     4.7064     0.0166    99.3165 1.0000e-12  -72.20481 -117.69402  15.549357      46.93 5.3270e+02    903.473      21684  1030.0457  1030.0421    34.6616    34.6573    7.84038         30 0.0000e+00
    482.000    476.505     0.9206  29.791507     0.9231  29.790196     4.5288     4.7131     0.0252    99.2992 1.0000e-12  -72.20482 -117.69402  15.549372      45.85 5.3048e+02    904.726      21714  1030.0507  1030.0470    34.6618    34.6574    7.84022         29 0.0000e+00
    483.000    477.491     0.9220  29.793120     0.9248  29.792268     4.5248     4.7111     0.0145    99.3088 1.0000e-12  -72.20482 -117.69402  15.549387      44.75 5.2778e+02    906.064      21747  1030.0554  1030.0518    34.6618    34.6576    7.83994         33 0.0000e+00
    484.000    478.479     0.9227  29.794159     0.9254  29.793349     4.5254     4.7136     0.0143    99.2752 1.0000e-12  -72.20482 -117.69402  15.549404      43.76 5.2685e+02    907.503      21781  1030.0602  1030.0567    34.6618    34.6578    7.83981         35 0.0000e+00
    485.000    479.467     0.9225  29.794453     0.9253  29.793626     4.5214     4.7166     0.0185    99.2940 1.0000e-12  -72.20482 -117.69402  15.549420      42.66 5.2535e+02    908.911      21815  1030.0651  1030.0615    34.6619    34.6577    7.83985         33 0.0000e+00
    486.000    480.455     0.9227  29.795098     0.9255  29.794467     4.5250     4.7114     0.0177    99.3131 1.0000e-12  -72.20482 -117.69402  15.549435      41.71 5.2534e+02    910.223      21846  1030.0699  1030.0664    34.6619    34.6579    7.83981         30 0.0000e+00
    487.000    481.442     0.9229  29.795744     0.9257  29.795084     4.5299     4.7136     0.0480    99.3148 1.0000e-12  -72.20482 -117.69402  15.549450      40.85 5.2534e+02    911.513      21877  1030.0746  1030.0712    34.6619    34.6580    7.83976         32 0.0000e+00
    488.000    482.430     0.9228  29.795917     0.9256  29.795147     4.5207     4.7112     0.0483    99.3398 1.0000e-12  -72.20482 -117.69402  15.549468      39.62 5.2534e+02    913.034      21914  1030.0792  1030.0757    34.6617    34.6576    7.83980         37 0.0000e+00
    489.000    483.418     0.9227  29.796326     0.9255  29.795620     4.5199     4.7115     0.0453    99.3383 1.0000e-12  -72.20481 -117.69402  15.549491      38.73 5.2534e+02    915.024      21962  1030.0840  1030.0805    34.6617    34.6577    7.83980         38 0.0000e+00
    490.000    484.404     0.9228  29.796712     0.9254  29.796010     4.5272     4.7163     0.0191    99.3246 1.0000e-12  -72.20480 -117.69402  15.549511      37.58 5.2596e+02    916.772      22004  1030.0886  1030.0853    34.6616    34.6577    7.83981         35 0.0000e+00
    491.000    485.392     0.9227  29.797211     0.9255  29.796463     4.5262     4.7116     0.0144    99.3400 1.0000e-12  -72.20480 -117.69402  15.549529      36.73 5.2708e+02    918.284      22040  1030.0934  1030.0900    34.6617    34.6576    7.83981         38 0.0000e+00
    492.000    486.381     0.9227  29.797625     0.9253  29.796857     4.5244     4.7122     0.0173    99.2998 1.0000e-12  -72.20482 -117.69402  15.549551      35.66 5.2840e+02    920.220      22086  1030.0982  1030.0948    34.6617    34.6577    7.83982         40 0.0000e+00
    493.000    487.366     0.9227  29.798082     0.9254  29.797369     4.5225     4.7112     0.0489    99.3305 1.0000e-12  -72.20480 -117.69402  15.549579      34.67 5.3162e+02    922.594      22143  1030.1029  1030.0995    34.6617    34.6577    7.83981         44 0.0000e+00
    494.000    488.353     0.9223  29.798492     0.9251  29.797765     4.5208     4.7159     0.0294    99.3383 1.0000e-12  -72.20480 -117.69402  15.549599      33.87 5.3386e+02    924.333      22185  1030.1079  1030.1045    34.6621    34.6581    7.83987         33 0.0000e+00
    495.000    489.340     0.9221  29.798863     0.9251  29.798289     4.5255     4.7133     0.0175    99.2903 1.0000e-12  -72.20480 -117.69402  15.549617      32.81 5.3779e+02    925.887      22222  1030.1128  1030.1093    34.6622    34.6581    7.83991         38 0.0000e+00
    496.000    490.328     0.9215  29.798481     0.9242  29.797750     4.5277     4.7132     0.0213    99.2598 1.0000e-12  -72.20481 -117.69402  15.549642      31.58 5.4274e+02    928.037      22274  1030.1172  1030.1139    34.6618    34.6579    7.84004         44 0.0000e+00
    497.000    491.317     0.9218  29.799365     0.9241  29.798233     4.5249     4.7152     0.0216    99.2985 1.0000e-12  -72.20480 -117.69402  15.549668      30.75 5.4567e+02    930.297      22328  1030.1221  1030.1186    34.6620    34.6580    7.83997         40 0.0000e+00
    498.000    492.303     0.9223  29.800463     0.9248  29.799688     4.5288     4.7154     0.0191    99.3446 1.0000e-12  -72.20480 -117.69402  15.549686      29.77 5.4718e+02    931.854      22365  1030.1269  1030.1236    34.6623    34.6585    7.83986         35 0.0000e+00
    499.000    493.290     0.9223  29.801072     0.9251  29.800404     4.5237     4.7091     0.0182    99.3405 1.0000e-12  -72.20481 -117.69402  15.549706      28.69 5.5117e+02    933.570      22407  1030.1318  1030.1284    34.6625    34.6586    7.83985         41 0.0000e+00
    500.000    494.278     0.9226  29.801702     0.9250  29.800899     4.5241     4.7153     0.0216    99.3230 1.0000e-12  -72.20480 -117.69402  15.549734      27.62 5.5559e+02    936.043      22466  1030.1364  1030.1332    34.6624    34.6586    7.83980         37 0.0000e+00
    501.000    495.264     0.9224  29.802104     0.9252  29.801607     4.5232     4.7131     0.0216    99.3247 1.0000e-12  -72.20480 -117.69402  15.549756      26.79 5.5593e+02    937.892      22510  1030.1412  1030.1380    34.6625    34.6588    7.83982         37 0.0000e+00
    502.000    496.252     0.9231  29.803227     0.9257  29.802626     4.5268     4.7112     0.0115    99.3489 1.0000e-12  -72.20481 -117.69402  15.549774      25.73 5.5542e+02    939.496      22549  1030.1459  1030.1427    34.6626    34.6590    7.83968         38 0.0000e+00
    503.000    497.240     0.9237  29.804248     0.9266  29.803711     4.5227     4.7088     0.0202    99.3428 1.0000e-12  -72.20481 -117.69402  15.549800      24.62 5.5943e+02    941.709      22602  1030.1506  1030.1472    34.6627    34.6588    7.83955         48 0.0000e+00
    504.000    498.228     0.9246  29.805563     0.9273  29.804980     4.5252     4.7067     0.0223    99.3364 1.0000e-12  -72.20481 -117.69402  15.549824      23.72 5.6882e+02    943.760      22651  1030.1553  1030.1521    34.6628    34.6591    7.83937         40 0.0000e+00
    505.000    499.215     0.9248  29.806162     0.9273  29.805549     4.5225     4.7092     0.0305    99.3466 1.0000e-12  -72.20481 -117.69401  15.549843      22.69 5.7423e+02    945.418      22691  1030.1600  1030.1568    34.6629    34.6592    7.83933         41 0.0000e+00
    506.000    500.202     0.9246  29.806483     0.9274  29.805900     4.5252     4.7066     0.0177    99.3271 1.0000e-12  -72.20481 -117.69401  15.549866      21.57 5.7231e+02    947.442      22740  1030.1647  1030.1614    34.6629    34.6591    7.83937         37 0.0000e+00
    507.000    501.189     0.9244  29.806777     0.9271  29.806176     4.5207     4.7147     0.0179    99.2859 1.0000e-12  -72.20481 -117.69400  15.549890      20.63 5.7197e+02    949.530      22790  1030.1694  1030.1662    34.6629    34.6592    7.83940         40 0.0000e+00
    508.000    502.177     0.9247  29.807494     0.9274  29.806808     4.5200     4.7104     0.0151    99.2929 1.0000e-12  -72.20481 -117.69401  15.549912      19.62 5.7947e+02    951.388      22834  1030.1741  1030.1708    34.6629    34.6591    7.83934         38 0.0000e+00
    509.000    503.164     0.9249  29.808186     0.9276  29.807614     4.5248     4.7046     0.0181    99.2596 1.0000e-12  -72.20481 -117.69402  15.549935      18.58 5.9669e+02    953.424      22883  1030.1788  1030.1756    34.6630    34.6593    7.83930         40 0.0000e+00
    510.000    504.152     0.9249  29.808693     0.9275  29.808019     4.5264     4.7066     0.0109    99.3376 1.0000e-12  -72.20481 -117.69402  15.549958      17.58 6.0986e+02    955.351      22929  1030.1836  1030.1803    34.6631    34.6593    7.83930         39 0.0000e+00
    511.000    505.139     0.9250  29.809203     0.9277  29.808545     4.5207     4.7104     0.0175    99.3166 1.0000e-12  -72.20482 -117.69402  15.549979      16.62 6.1026e+02    957.180      22973  1030.1882  1030.1850    34.6631    34.6592    7.83927         40 0.0000e+00
    512.000    506.126     0.9251  29.809758     0.9278  29.809111     4.5225     4.7076     0.0157    99.3140 1.0000e-12  -72.20482 -117.69402  15.550003      15.51 6.0295e+02    959.220      23022  1030.1929  1030.1897    34.6630    34.6593    7.83925         45 0.0000e+00
    513.000    507.113     0.9251  29.810108     0.9277  29.809467     4.5186     4.7106     0.0139    99.2667 1.0000e-12  -72.20482 -117.69402  15.550025      14.62 5.9658e+02    961.185      23069  1030.1976  1030.1944    34.6630    34.6593    7.83927         43 0.0000e+00
    514.000    508.101     0.9253  29.810836     0.9279  29.810156     4.5230     4.7100     0.0336    99.2472 1.0000e-12  -72.20482 -117.69402  15.550047      13.58 5.8990e+02    963.076      23115  1030.2023  1030.1991    34.6631    34.6594    7.83922         43 0.0000e+00
    515.000    509.088     0.9254  29.811445     0.9281  29.810734     4.5174     4.7112     0.0875    99.3135 1.0000e-12  -72.20482 -117.69402  15.550070      12.54 5.8799e+02    965.037      23162  1030.2070  1030.2038    34.6632    34.6593    7.83919         37 0.0000e+00
    516.000    510.074     0.9253  29.811937     0.9279  29.811233     4.5210     4.7126     0.0173    99.2734 1.0000e-12  -72.20482 -117.69402  15.550110      11.42 5.7854e+02    968.499      23245  1030.2118  1030.2087    34.6633    34.6596    7.83919         33 0.0000e+00
    517.000    511.063     0.9261  29.813202     0.9290  29.812900     4.5190     4.7087     0.0159    99.2962 1.0000e-12  -72.20482 -117.69402  15.550143      10.45 5.7229e+02    971.387      23314  1030.2167  1030.2136    34.6635    34.6600    7.83903         37 0.0000e+00
    518.000    512.050     0.9260  29.813481     0.9284  29.812632     4.5221     4.7106     0.0154    99.2604 1.0000e-12  -72.20482 -117.69402  15.550174       9.39 5.7773e+02    973.987      23377  1030.2213  1030.2181    34.6635    34.6596    7.83906         34 0.0000e+00
    519.000    513.038     0.9258  29.813672     0.9285  29.813077     4.5202     4.7121     0.0215    99.2703 1.0000e-12  -72.20482 -117.69402  15.550205       8.43 5.7384e+02    976.690      23442  1030.2259  1030.2227    34.6633    34.6596    7.83910         37 0.0000e+00
    520.000    514.024     0.9257  29.813901     0.9284  29.813473     4.5169     4.7082     0.0157    99.3238 1.0000e-12  -72.20482 -117.69402  15.550233       7.39 5.7213e+02    979.172      23501  1030.2305  1030.2274    34.6631    34.6596    7.83913         46 0.0000e+00
    521.000    515.010     0.9259  29.814627     0.9284  29.813953     4.5215     4.7090     0.0143    99.2811 1.0000e-12  -72.20482 -117.69402  15.550266       6.37 5.7492e+02    981.957      23568  1030.2352  1030.2321    34.6632    34.6596    7.83908         40 0.0000e+00
    522.000    515.999     0.9269  29.816188     0.9294  29.815498     4.5248     4.7082     0.0181    99.2715 1.0000e-12  -72.20482 -117.69402  15.550295       5.35 5.7771e+02    984.462      23628  1030.2402  1030.2370    34.6637    34.6600    7.83887         38 0.0000e+00
