ocean_section_plots/required_files/ctd/dnbp2202_ctd007.cnv
* Sea-Bird SBE 9 Data File:
* FileName = D:\Data\raw\NBP2202_CTD007.hex
* Software Version Seasave V 7.26.7.121
* Temperature SN = 1649
* Conductivity SN = 2513
* Number of Bytes Per Scan = 40
* Number of Voltage Words = 5
* Number of Scans Averaged by the Deck Unit = 1
* NMEA Latitude = 72 15.59 S
* NMEA Longitude = 117 37.37 W
* NMEA UTC (Time) = Jan 15 2022  18:27:10
* NMEA baud rate = 9600
** Ship: RVIB N.B. Palmer
** Cruise: NBP2202 Thwaites
** Station: #3
** Operator: A. Robinson
** Sensor only, post glider deployment
# nquan = 25
# nvalues = 518                         
# units = specified
# name 0 = prDM: Pressure, Digiquartz [db]
# name 1 = depSM: Depth [salt water, m]
# name 2 = t090C: Temperature [ITS-90, deg C]
# name 3 = c0mS/cm: Conductivity [mS/cm]
# name 4 = t190C: Temperature, 2 [ITS-90, deg C]
# name 5 = c1mS/cm: Conductivity, 2 [mS/cm]
# name 6 = sbeox0ML/L: Oxygen, SBE 43 [ml/l]
# name 7 = sbeox1ML/L: Oxygen, SBE 43, 2 [ml/l]
# name 8 = flECO-AFL: Fluorescence, WET Labs ECO-AFL/FL [mg/m^3]
# name 9 = CStarTr0: Beam Transmission, WET Labs C-Star [%]
# name 10 = par: PAR/Irradiance, Biospherical/Licor
# name 11 = latitude: Latitude [deg]
# name 12 = longitude: Longitude [deg]
# name 13 = timeJ: Julian Days
# name 14 = altM: Altimeter [m]
# name 15 = spar: SPAR, Biospherical/Licor
# name 16 = timeS: Time, Elapsed [seconds]
# name 17 = scan: Scan Count
# name 18 = density00: Density [density, kg/m^3]
# name 19 = density11: Density, 2 [density, kg/m^3]
# name 20 = sal00: Salinity, Practical [PSU]
# name 21 = sal11: Salinity, Practical, 2 [PSU]
# name 22 = oxsolML/L: Oxygen Saturation, Garcia & Gordon [ml/l]
# name 23 = nbin: number of scans per bin
# name 24 = flag: flag
# span 0 =      2.000,    519.000       
# span 1 =      1.982,    513.038       
# span 2 =    -1.7973,     0.6963       
# span 3 =  26.810373,  29.571992       
# span 4 =    -1.7970,     0.6983       
# span 5 =  26.810249,  29.570714       
# span 6 =     4.5818,     9.5702       
# span 7 =     4.8281,    10.1030       
# span 8 =    -0.0108,    29.4213       
# span 9 =    69.2692,    99.5075       
# span 10 = -9.145e-05, 7.2680e+02      
# span 11 =  -72.25998,  -72.25996      
# span 12 = -117.62296, -117.62292      
# span 13 =  15.773670,  15.783066      
# span 14 =       6.80,     100.38      
# span 15 = 1.0624e+03, 1.7216e+03      
# span 16 =    415.080,   1226.947      
# span 17 =       9963,      29448      
# span 18 =  1026.8861,  1030.1982      
# span 19 =  1026.8853,  1030.1953      
# span 20 =    33.4362,    34.6064      
# span 21 =    33.4361,    34.6029      
# span 22 =    7.88858,    8.45593      
# span 23 =         11,         49      
# span 24 = 0.0000e+00, 0.0000e+00      
# interval = decibars: 1                
# start_time = Jan 15 2022 18:27:10 [NMEA time, header]
# bad_flag = -9.990e-29
*END*
[from data line 348]
    350.000    346.119    -0.8979  27.860644    -0.8939  27.862479     5.5891     5.8967     0.0306    99.4964 1.0000e-12  -72.25996 -117.62294  15.779494      99.85 1.3595e+03    918.270      22039  1029.1944  1029.1924    34.2284    34.2263    8.24629         26 0.0000e+00
    351.000    347.106    -0.9055  27.854695    -0.9030  27.854656     5.5908     5.8945     0.0581    99.4488 1.0000e-12  -72.25996 -117.62294  15.779506      99.85 1.3595e+03    919.339      22065  1029.2000  1029.1975    34.2284    34.2255    8.24796         27 0.0000e+00
    352.000    348.095    -0.9059  27.854620    -0.9022  27.855637     5.5892     5.8886     0.0614    99.4776 1.0000e-12  -72.25996 -117.62294  15.779521      99.84 1.3606e+03    920.616      22096  1029.2049  1029.2024    34.2281    34.2253    8.24807         34 0.0000e+00
    353.000    349.083    -0.9097  27.851626    -0.9072  27.851790     5.5764     5.8919     0.0144    99.4661 1.0000e-12  -72.25996 -117.62295  15.779538      99.84 1.3608e+03    922.112      22132  1029.2099  1029.2076    34.2278    34.2251    8.24892         33 0.0000e+00
    354.000    350.070    -0.9072  27.855143    -0.9031  27.856270     5.5078     5.8312     0.0084    99.4973 1.0000e-12  -72.25996 -117.62294  15.779553      83.42 1.3582e+03    923.399      22163  1029.2157  1029.2129    34.2291    34.2260    8.24829         27 0.0000e+00
    355.000    351.060    -0.8706  27.890314    -0.8669  27.890205     5.4237     5.7449     0.0094    99.4891 1.0000e-12  -72.25996 -117.62294  15.779565      95.48 1.3531e+03    924.441      22188  1029.2223  1029.2186    34.2347    34.2303    8.23995         24 0.0000e+00
    356.000    352.047    -0.8069  27.950665    -0.8028  27.949897     5.3744     5.6874     0.0097    99.4072 1.0000e-12  -72.25996 -117.62294  15.779577      99.82 1.3499e+03    925.430      22211  1029.2295  1029.2247    34.2436    34.2380    8.22553         24 0.0000e+00
    357.000    353.034    -0.7412  28.010047    -0.7379  28.009571     5.3464     5.6510     0.0087    99.4528 1.0000e-12  -72.25996 -117.62294  15.779590      99.85 1.3484e+03    926.536      22238  1029.2339  1029.2303    34.2489    34.2446    8.21090         30 0.0000e+00
    358.000    354.023    -0.7268  28.023468    -0.7237  28.023296     5.3364     5.6413     0.0090    99.4749 1.0000e-12  -72.25996 -117.62295  15.779605      99.85 1.3489e+03    927.902      22271  1029.2394  1029.2362    34.2501    34.2464    8.20769         32 0.0000e+00
    359.000    355.011    -0.7225  28.027562    -0.7198  28.027441     5.3279     5.6333     0.0133    99.4667 1.0000e-12  -72.25996 -117.62294  15.779622      99.85 1.3491e+03    929.353      22305  1029.2447  1029.2419    34.2502    34.2470    8.20677         32 0.0000e+00
    360.000    355.999    -0.7180  28.032213    -0.7164  28.030866     5.3063     5.6096     0.0056    99.4967 1.0000e-12  -72.25996 -117.62295  15.779636      99.84 1.3505e+03    930.579      22335  1029.2501  1029.2471    34.2508    34.2472    8.20575         27 0.0000e+00
    361.000    356.987    -0.6955  28.053755    -0.6930  28.052879     5.2801     5.5816     0.0069    99.5004 1.0000e-12  -72.25996 -117.62295  15.779649      99.85 1.3529e+03    931.644      22360  1029.2559  1029.2525    34.2538    34.2498    8.20069         26 0.0000e+00
    362.000    357.976    -0.6754  28.073227    -0.6729  28.071738     5.2687     5.5604     0.0149    99.4578 1.0000e-12  -72.25996 -117.62295  15.779661      99.85 1.3561e+03    932.705      22386  1029.2618  1029.2578    34.2567    34.2519    8.19616         26 0.0000e+00
    363.000    358.963    -0.6409  28.105076    -0.6394  28.103367     5.2600     5.5451     0.0048    99.4390 1.0000e-12  -72.25996 -117.62295  15.779675      99.85 1.3605e+03    933.917      22415  1029.2671  1029.2638    34.2601    34.2560    8.18850         32 0.0000e+00
    364.000    359.952    -0.6309  28.114710    -0.6292  28.113322     5.2543     5.5410     0.0105    99.4803 1.0000e-12  -72.25996 -117.62295  15.779691      81.42 1.3685e+03    935.336      22449  1029.2725  1029.2694    34.2611    34.2573    8.18627         33 0.0000e+00
    365.000    360.940    -0.6268  28.118866    -0.6250  28.117760     5.2558     5.5411     0.0124    99.4657 1.0000e-12  -72.25996 -117.62295  15.779707      90.30 1.3719e+03    936.717      22482  1029.2778  1029.2749    34.2615    34.2580    8.18536         30 0.0000e+00
    366.000    361.927    -0.6252  28.120704    -0.6236  28.119438     5.2348     5.5292     0.0113    99.4852 1.0000e-12  -72.25996 -117.62295  15.779721     100.10 1.3702e+03    937.863      22510  1029.2829  1029.2800    34.2615    34.2580    8.18501         25 0.0000e+00
    367.000    362.915    -0.6163  28.129461    -0.6142  28.128542     5.2106     5.5048     0.0122    99.4761 1.0000e-12  -72.25996 -117.62295  15.779732      99.84 1.3683e+03    938.871      22534  1029.2883  1029.2852    34.2627    34.2591    8.18303         24 0.0000e+00
    368.000    363.904    -0.5740  28.170238    -0.5679  28.171921     5.1840     5.4715     0.0126    99.4927 1.0000e-12  -72.25996 -117.62295  15.779744      99.85 1.3649e+03    939.899      22559  1029.2950  1029.2909    34.2691    34.2646    8.17351         27 0.0000e+00
    369.000    364.890    -0.5322  28.209579    -0.5278  28.209456     5.1587     5.4425     0.0161    99.4883 1.0000e-12  -72.25996 -117.62295  15.779759      99.84 1.3648e+03    941.138      22588  1029.3010  1029.2966    34.2742    34.2691    8.16421         34 0.0000e+00
    370.000    365.879    -0.4954  28.244678    -0.4932  28.243572     5.1521     5.4369     0.0183    99.4748 1.0000e-12  -72.25996 -117.62295  15.779776      99.85 1.3650e+03    942.688      22626  1029.3076  1029.3043    34.2793    34.2753    8.15601         34 0.0000e+00
    371.000    366.866    -0.4915  28.248711    -0.4897  28.247585     5.1282     5.4173     0.1422    99.4609 1.0000e-12  -72.25996 -117.62296  15.779793      99.84 1.3602e+03    944.103      22659  1029.3131  1029.3101    34.2797    34.2761    8.15515         28 0.0000e+00
    372.000    367.856    -0.4810  28.261138    -0.4779  28.260214     5.1160     5.3994    -0.0108    99.4845 1.0000e-12  -72.25996 -117.62294  15.779805      99.85 1.3585e+03    945.152      22685  1029.3207  1029.3168    34.2838    34.2792    8.15264         23 0.0000e+00
    373.000    368.842    -0.4412  28.298606    -0.4381  28.298208     5.1019     5.3887     0.0388    99.4864 1.0000e-12  -72.25996 -117.62294  15.779816      99.84 1.3593e+03    946.067      22707  1029.3264  1029.3230    34.2886    34.2846    8.14383         22 0.0000e+00
    374.000    369.832    -0.4339  28.305668    -0.4317  28.304842     5.0978     5.3800     0.0262    99.4584 1.0000e-12  -72.25996 -117.62294  15.779827      99.85 1.3545e+03    947.026      22730  1029.3315  1029.3286    34.2892    34.2857    8.14223         25 0.0000e+00
    375.000    370.819    -0.4266  28.313115    -0.4241  28.312363     5.1028     5.3771     0.0147    99.4720 1.0000e-12  -72.25996 -117.62295  15.779841      93.99 1.3451e+03    948.289      22760  1029.3372  1029.3340    34.2904    34.2866    8.14060         34 0.0000e+00
    376.000    371.808    -0.4240  28.315953    -0.4221  28.314879     5.0854     5.3596     0.0233    99.4768 1.0000e-12  -72.25996 -117.62295  15.779861      89.06 1.3385e+03    949.977      22800  1029.3425  1029.3395    34.2907    34.2871    8.14003         39 0.0000e+00
    377.000    372.795    -0.4136  28.326662    -0.4117  28.325321     5.0721     5.3533     0.0173    99.4789 1.0000e-12  -72.25996 -117.62294  15.779879     100.37 1.3365e+03    951.535      22838  1029.3486  1029.3453    34.2927    34.2887    8.13768         29 0.0000e+00
    378.000    373.783    -0.4173  28.324570    -0.4161  28.323448     5.0485     5.3296     0.0053    99.4784 1.0000e-12  -72.25996 -117.62294  15.779891      99.85 1.3337e+03    952.568      22863  1029.3546  1029.3522    34.2935    34.2906    8.13843         24 0.0000e+00
    379.000    374.770    -0.4185  28.325903    -0.4158  28.325022     5.0268     5.3057     0.0214    99.4668 1.0000e-12  -72.25996 -117.62294  15.779902      99.84 1.3327e+03    953.551      22886  1029.3616  1029.3581    34.2960    34.2918    8.13854         24 0.0000e+00
    380.000    375.759    -0.3790  28.364890    -0.3753  28.364288     5.0132     5.2895     0.0335    99.4644 1.0000e-12  -72.25996 -117.62294  15.779915      99.84 1.3313e+03    954.622      22912  1029.3690  1029.3648    34.3031    34.2981    8.12969         27 0.0000e+00
    381.000    376.747    -0.3586  28.384500    -0.3562  28.383510     5.0092     5.2829     0.0193    99.3794 1.0000e-12  -72.25996 -117.62294  15.779929      99.85 1.3279e+03    955.860      22942  1029.3746  1029.3712    34.3057    34.3017    8.12518         33 0.0000e+00
    382.000    377.735    -0.3559  28.387690    -0.3538  28.386721     4.9969     5.2740     0.0156    99.4715 1.0000e-12  -72.25996 -117.62294  15.779945      99.84 1.3280e+03    957.288      22976  1029.3800  1029.3770    34.3063    34.3027    8.12456         35 0.0000e+00
    383.000    378.722    -0.3480  28.396262    -0.3456  28.395321     4.9914     5.2626     0.0204    99.4706 1.0000e-12  -72.25996 -117.62294  15.779961      99.84 1.3310e+03    958.672      23009  1029.3861  1029.3828    34.3083    34.3043    8.12276         31 0.0000e+00
    384.000    379.710    -0.3435  28.401349    -0.3417  28.400120     4.9919     5.2574     0.0178    99.4589 1.0000e-12  -72.25996 -117.62294  15.779975      99.84 1.3331e+03    959.836      23037  1029.3916  1029.3886    34.3094    34.3057    8.12174         25 0.0000e+00
    385.000    380.699    -0.3437  28.402448    -0.3419  28.401410     4.9907     5.2595     0.0140    99.4623 1.0000e-12  -72.25996 -117.62294  15.779987      99.31 1.3325e+03    960.851      23061  1029.3976  1029.3948    34.3105    34.3071    8.12173         24 0.0000e+00
    386.000    381.685    -0.3429  28.404115    -0.3411  28.402975     4.9884     5.2587     0.0176    99.4741 1.0000e-12  -72.25996 -117.62294  15.779998      76.26 1.3294e+03    961.852      23085  1029.4030  1029.4000    34.3112    34.3076    8.12150         24 0.0000e+00
    387.000    382.674    -0.3422  28.405040    -0.3401  28.404371     4.9877     5.2549     0.0259    99.4569 1.0000e-12  -72.25996 -117.62294  15.780011      96.59 1.3237e+03    962.972      23112  1029.4078  1029.4050    34.3111    34.3078    8.12137         31 0.0000e+00
    388.000    383.661    -0.3403  28.407492    -0.3369  28.407732     4.9832     5.2483     0.0214    99.4536 1.0000e-12  -72.25996 -117.62294  15.780028      99.72 1.3239e+03    964.430      23147  1029.4129  1029.4099    34.3116    34.3081    8.12093         38 0.0000e+00
    389.000    384.650    -0.3289  28.419029    -0.3253  28.419651     4.9761     5.2461     0.0203    99.4488 1.0000e-12  -72.25996 -117.62294  15.780048      99.84 1.3281e+03    966.148      23189  1029.4186  1029.4157    34.3136    34.3104    8.11839         35 0.0000e+00
    390.000    385.638    -0.3224  28.425868    -0.3196  28.425763     4.9727     5.2404     0.0216    99.4584 1.0000e-12  -72.25996 -117.62294  15.780063      99.84 1.3310e+03    967.399      23219  1029.4239  1029.4210    34.3148    34.3115    8.11693         24 0.0000e+00
    391.000    386.623    -0.3078  28.441330    -0.3050  28.440838     4.9729     5.2352     0.0216    99.4687 1.0000e-12  -72.25996 -117.62294  15.780073      99.85 1.3317e+03    968.296      23240  1029.4304  1029.4271    34.3184    34.3145    8.11361         22 0.0000e+00
    392.000    387.617    -0.2987  28.450660    -0.2962  28.449925     4.9674     5.2335     0.0216    99.4723 1.0000e-12  -72.25996 -117.62294  15.780083      99.85 1.3310e+03    969.197      23262  1029.4358  1029.4326    34.3200    34.3163    8.11158         22 0.0000e+00
    393.000    388.601    -0.2879  28.462147    -0.2852  28.461412     4.9658     5.2262     0.0237    99.4535 1.0000e-12  -72.25996 -117.62294  15.780097      99.85 1.3352e+03    970.342      23289  1029.4419  1029.4385    34.3225    34.3186    8.10913         34 0.0000e+00
    394.000    389.589    -0.2764  28.474845    -0.2742  28.474013     4.9520     5.2178     0.0327    99.4618 1.0000e-12  -72.25996 -117.62295  15.780118      99.85 1.3441e+03    972.233      23335  1029.4488  1029.4458    34.3260    34.3224    8.10649         43 0.0000e+00
    395.000    390.577    -0.2730  28.478826    -0.2710  28.477932     4.9482     5.2132     0.0375    99.4575 1.0000e-12  -72.25996 -117.62295  15.780137      99.84 1.3490e+03    973.829      23373  1029.4542  1029.4513    34.3269    34.3234    8.10572         27 0.0000e+00
    396.000    391.564    -0.2714  28.481365    -0.2692  28.480601     4.9417     5.2114     0.0436    99.4561 1.0000e-12  -72.25996 -117.62295  15.780147      91.98 1.3488e+03    974.723      23394  1029.4597  1029.4568    34.3278    34.3243    8.10532         20 0.0000e+00
    397.000    392.553    -0.2699  28.483343    -0.2677  28.482760     4.9415     5.2094     0.0180    99.4656 1.0000e-12  -72.25996 -117.62294  15.780157      91.15 1.3482e+03    975.534      23414  1029.4648  1029.4620    34.3282    34.3250    8.10499         19 0.0000e+00
    398.000    393.541    -0.2678  28.486353    -0.2657  28.485568     4.9460     5.2058     0.0144    99.4467 1.0000e-12  -72.25996 -117.62294  15.780167      94.11 1.3480e+03    976.441      23436  1029.4703  1029.4674    34.3293    34.3258    8.10448         26 0.0000e+00
    399.000    394.532    -0.2644  28.490830    -0.2618  28.490329     4.9355     5.1978     0.0198    99.4429 1.0000e-12  -72.25996 -117.62295  15.780187      99.90 1.3608e+03    978.124      23476  1029.4762  1029.4731    34.3308    34.3272    8.10367         39 0.0000e+00
    400.000    395.517    -0.2554  28.501186    -0.2531  28.500489     4.9227     5.1979     0.0154    99.4387 1.0000e-12  -72.25996 -117.62295  15.780210      99.85 1.3868e+03    980.101      23523  1029.4828  1029.4799    34.3339    34.3304    8.10158         29 0.0000e+00
    401.000    396.506    -0.2523  28.505230    -0.2500  28.504556     4.9220     5.1868     0.0210    99.4444 1.0000e-12  -72.25996 -117.62294  15.780222      99.84 1.3862e+03    981.165      23549  1029.4885  1029.4855    34.3352    34.3317    8.10085         22 0.0000e+00
    402.000    397.490    -0.2477  28.510801    -0.2454  28.510220     4.9233     5.1788     0.0162    99.4496 1.0000e-12  -72.25996 -117.62294  15.780232      99.84 1.3801e+03    982.004      23569  1029.4942  1029.4914    34.3368    34.3335    8.09978         20 0.0000e+00
    403.000    398.481    -0.2400  28.519898    -0.2372  28.519567     4.9156     5.1767     0.0179    99.4453 1.0000e-12  -72.25996 -117.62294  15.780242      99.85 1.3745e+03    982.899      23591  1029.5007  1029.4976    34.3397    34.3361    8.09798         24 0.0000e+00
    404.000    399.466    -0.2288  28.531680    -0.2264  28.530964     4.9218     5.1839     0.0166    99.4453 1.0000e-12  -72.25996 -117.62294  15.780258      99.84 1.3767e+03    984.252      23623  1029.5066  1029.5036    34.3422    34.3385    8.09546         35 0.0000e+00
    405.000    400.455    -0.2222  28.538935    -0.2199  28.538181     4.9308     5.1927     0.0184    99.4289 1.0000e-12  -72.25996 -117.62295  15.780281      99.84 1.3815e+03    986.265      23671  1029.5124  1029.5094    34.3438    34.3403    8.09396         36 0.0000e+00
    406.000    401.442    -0.2100  28.552742    -0.2070  28.552127     4.9383     5.2039     0.0081    99.4236 1.0000e-12  -72.25996 -117.62295  15.780297      76.02 1.3849e+03    987.661      23705  1029.5195  1029.5160    34.3478    34.3437    8.09114         25 0.0000e+00
