ocean_section_plots/required_files/ctd/dnbp2202_ctd288.cnv
* Sea-Bird SBE 9 Data File:
* FileName = D:\Data\raw\NBP2202_CTD288.hex
* Software Version Seasave V 7.26.7.121
* Temperature SN = 1649
* Conductivity SN = 2513
* Number of Bytes Per Scan = 40
* Number of Voltage Words = 5
* Number of Scans Averaged by the Deck Unit = 1
* NMEA Latitude = 74 08.12 S
* NMEA Longitude = 115 08.69 W
* NMEA UTC (Time) = Feb 22 2022  14:35:41
* NMEA baud rate = 9600
** Ship: RVIB N.B. Palmer
** Cruise: NBP2202 Thwaites
** Station: 190
** Operator: B. Bjork
# nquan = 28
# nvalues = 409                         
# units = specified
# name 0 = prDM: Pressure, Digiquartz [db]
# name 1 = depSM: Depth [salt water, m]
# name 2 = t090C: Temperature [ITS-90, deg C]
# name 3 = c0mS/cm: Conductivity [mS/cm]
# name 4 = t190C: Temperature, 2 [ITS-90, deg C]
# name 5 = c1mS/cm: Conductivity, 2 [mS/cm]
# name 6 = sbeox0ML/L: Oxygen, SBE 43 [ml/l]
# name 7 = sbeox1ML/L: Oxygen, SBE 43, 2 [ml/l]
# name 8 = flECO-AFL: Fluorescence, WET Labs ECO-AFL/FL [mg/m^3]
# name 9 = CStarTr0: Beam Transmission, WET Labs C-Star [%]
# name 10 = par: PAR/Irradiance, Biospherical/Licor
# name 11 = latitude: Latitude [deg]
# name 12 = longitude: Longitude [deg]
# name 13 = timeJ: Julian Days
# name 14 = altM: Altimeter [m]
# name 15 = spar: SPAR, Biospherical/Licor
# name 16 = timeS: Time, Elapsed [seconds]
# name 17 = scan: Scan Count
# name 18 = density00: Density [density, kg/m^3]
# name 19 = density11: Density, 2 [density, kg/m^3]
# name 20 = v3: Voltage 3
# name 21 = v4: Voltage 4
# name 22 = v5: Voltage 5
# name 23 = sal00: Salinity, Practical [PSU]
# name 24 = sal11: Salinity, Practical, 2 [PSU]
# name 25 = oxsolML/L: Oxygen Saturation, Garcia & Gordon [ml/l]
# name 26 = nbin: number of scans per bin
# name 27 = flag: flag
# span 0 =      2.000,    410.000       
# span 1 =      1.979,    405.357       
# span 2 =    -1.8239,    -0.5733       
# span 3 =  26.950130,  27.731389       
# span 4 =    -1.8228,    -0.5714       
# span 5 =  26.950730,  27.731999       
# span 6 =     6.4058,     8.6960       
# span 7 =     6.5688,     8.9723       
# span 8 =     0.5089,     7.6146       
# span 9 =    88.8565,    97.1088       
# span 10 = 1.0000e-12, 1.2126e+02      
# span 11 =  -74.13536,  -74.13536      
# span 12 = -115.14488, -115.14482      
# span 13 =  53.610472,  53.616675      
# span 14 =       1.73,      99.97      
# span 15 = 2.4374e+02, 2.7944e+02      
# span 16 =    203.807,    739.683      
# span 17 =       4892,      17753      
# span 18 =  1027.1805,  1029.4595      
# span 19 =  1027.1803,  1029.4582      
# span 20 =     4.2167,     4.6067      
# span 21 =     0.1454,     1.6080      
# span 22 =     0.1113,     0.1985      
# span 23 =    33.8057,    34.1566      
# span 24 =    33.8055,    34.1562      
# span 25 =    8.19788,    8.46236      
# span 26 =         22,         46      
# span 27 = 0.0000e+00, 0.0000e+00      
# interval = decibars: 1                
# start_time = Feb 22 2022 14:35:41 [NMEA time, header]
# bad_flag = -9.990e-29
*END*
      2.000      1.979    -0.6212  27.620842    -0.6220  27.619901     8.6747     8.3578     5.1858    91.1802 1.2126e+02  -74.13536 -115.14488  53.610472      79.79 2.4568e+02    203.807       4892  1027.1805  1027.1803     4.3255     0.7603     0.1581    33.8060    33.8056    8.21047         26 0.0000e+00
      3.000      2.971    -0.6168  27.624920    -0.6152  27.626346     8.6830     8.3913     5.6735    91.0451 9.7712e+01  -74.13536 -115.14488  53.610510      95.69 2.4492e+02    207.040       4970  1027.1849  1027.1850     4.3190     0.8812     0.1538    33.8059    33.8061    8.20952         42 0.0000e+00
      4.000      3.959    -0.6162  27.626108    -0.6157  27.626455     8.6849     8.4378     5.3498    90.0100 7.7357e+01  -74.13536 -115.14488  53.610539      99.72 2.4504e+02    209.530       5030  1027.1900  1027.1899     4.2704     0.8357     0.1485    33.8063    33.8061    8.20938         45 0.0000e+00
      5.000      4.948    -0.6178  27.624920    -0.6191  27.623787     8.6779     8.5283     4.9424    91.2076 6.1631e+01  -74.13536 -115.14488  53.610567      99.78 2.4504e+02    211.994       5089  1027.1946  1027.1946     4.3269     0.7931     0.1521    33.8059    33.8058    8.20975         43 0.0000e+00
      6.000      5.938    -0.6204  27.623121    -0.6196  27.623645     8.6804     8.6048     4.6205    90.5997 4.9656e+01  -74.13536 -115.14488  53.610589      99.76 2.4443e+02    213.855       5134  1027.1994  1027.1992     4.2981     0.8425     0.1546    33.8057    33.8055    8.21031         41 0.0000e+00
      7.000      6.928    -0.6203  27.623756    -0.6196  27.624253     8.6700     8.6683     4.4506    90.9510 4.1396e+01  -74.13536 -115.14488  53.610610      99.72 2.4466e+02    215.737       5179  1027.2043  1027.2041     4.3147     0.9060     0.1636    33.8058    33.8057    8.21029         37 0.0000e+00
      8.000      7.916    -0.6199  27.624566    -0.6187  27.625419     8.6741     8.7276     3.7774    91.4281 3.4419e+01  -74.13536 -115.14488  53.610632      98.58 2.4475e+02    217.567       5223  1027.2091  1027.2089     4.3373     0.8523     0.1687    33.8059    33.8057    8.21020         42 0.0000e+00
      9.000      8.906    -0.6170  27.628061    -0.6157  27.628884     8.6805     8.7717     5.0349    91.8829 2.8968e+01  -74.13536 -115.14487  53.610653      97.43 2.4448e+02    219.443       5268  1027.2144  1027.2140     4.3588     0.8776     0.1500    33.8067    33.8064    8.20953         41 0.0000e+00
     10.000      9.897    -0.6166  27.628888    -0.6158  27.629341     8.6805     8.8120     5.2106    90.8816 2.4448e+01  -74.13536 -115.14486  53.610675      99.66 2.4450e+02    221.320       5313  1027.2191  1027.2189     4.3114     0.9902     0.1569    33.8067    33.8064    8.20943         42 0.0000e+00
     11.000     10.886    -0.6158  27.630056    -0.6149  27.630548     8.6742     8.8504     5.9325    91.3323 2.0477e+01  -74.13536 -115.14486  53.610697      99.74 2.4424e+02    223.185       5357  1027.2240  1027.2236     4.3327     0.8773     0.1497    33.8068    33.8065    8.20925         46 0.0000e+00
     12.000     11.875    -0.6158  27.630681    -0.6147  27.631238     8.6774     8.8741     5.9017    90.9748 1.7233e+01  -74.13536 -115.14486  53.610718      99.76 2.4374e+02    225.068       5403  1027.2289  1027.2285     4.3161     0.8242     0.1535    33.8070    33.8066    8.20924         42 0.0000e+00
     13.000     12.865    -0.6168  27.629964    -0.6161  27.630399     8.6760     8.8964     4.0060    90.9352 1.4556e+01  -74.13536 -115.14486  53.610740      99.81 2.4473e+02    226.921       5447  1027.2335  1027.2333     4.3138     0.6998     0.1415    33.8066    33.8064    8.20949         38 0.0000e+00
     14.000     13.855    -0.6163  27.630926    -0.6155  27.631328     8.6666     8.8930     3.2023    90.6183 1.2386e+01  -74.13536 -115.14486  53.610761      99.75 2.4465e+02    228.780       5492  1027.2383  1027.2380     4.2987     0.8667     0.1702    33.8068    33.8063    8.20938         41 0.0000e+00
     15.000     14.844    -0.6170  27.630735    -0.6160  27.631356     8.6686     8.8932     5.0156    91.5205 1.0513e+01  -74.13536 -115.14486  53.610782      99.74 2.4486e+02    230.569       5535  1027.2431  1027.2428     4.3417     0.8813     0.1462    33.8067    33.8064    8.20954         39 0.0000e+00
     16.000     15.833    -0.6165  27.631774    -0.6153  27.632335     8.6724     8.9002     5.2169    91.0360 8.9612e+00  -74.13536 -115.14486  53.610803      96.80 2.4582e+02    232.383       5578  1027.2480  1027.2475     4.3189     0.9598     0.1605    33.8069    33.8063    8.20941         37 0.0000e+00
     17.000     16.823    -0.6156  27.632989    -0.6141  27.633944     8.6819     8.8996     5.6257    90.6009 7.6344e+00  -74.13536 -115.14486  53.610824      99.60 2.4607e+02    234.209       5622  1027.2528  1027.2524     4.2982     1.0299     0.1672    33.8069    33.8065    8.20921         39 0.0000e+00
     18.000     17.813    -0.6150  27.633923    -0.6139  27.634580     8.6822     8.9015     6.3188    92.1267 6.5149e+00  -74.13536 -115.14486  53.610846      99.63 2.4517e+02    236.106       5668  1027.2575  1027.2572     4.3704     1.0978     0.1536    33.8069    33.8065    8.20908         38 0.0000e+00
     19.000     18.802    -0.6154  27.634207    -0.6143  27.634694     8.6824     8.9110     6.3500    90.7783 5.5794e+00  -74.13536 -115.14486  53.610868      99.59 2.4579e+02    238.001       5713  1027.2625  1027.2620     4.3065     1.1863     0.1626    33.8070    33.8065    8.20915         44 0.0000e+00
     20.000     19.792    -0.6142  27.635738    -0.6128  27.636491     8.6881     8.9301     5.3673    91.3341 4.7661e+00  -74.13536 -115.14486  53.610890      99.71 2.4552e+02    239.913       5759  1027.2673  1027.2668     4.3327     0.9525     0.1498    33.8072    33.8066    8.20889         37 0.0000e+00
     21.000     20.782    -0.6139  27.636344    -0.6131  27.636713     8.6849     8.9500     7.3779    92.3211 4.0713e+00  -74.13536 -115.14486  53.610913      99.71 2.4518e+02    241.840       5805  1027.2720  1027.2716     4.3796     0.9344     0.1559    33.8070    33.8066    8.20883         39 0.0000e+00
     22.000     21.773    -0.6144  27.636374    -0.6133  27.636986     8.6886     8.9479     5.7109    92.0957 3.4952e+00  -74.13536 -115.14486  53.610934      99.72 2.4580e+02    243.743       5851  1027.2768  1027.2764     4.3689     0.9289     0.1590    33.8070    33.8066    8.20894         39 0.0000e+00
     23.000     22.761    -0.6140  27.637230    -0.6125  27.638049     8.6874     8.9545     6.2105    91.3133 3.0090e+00  -74.13536 -115.14486  53.610957      99.66 2.4604e+02    245.720       5898  1027.2816  1027.2811     4.3319     0.7946     0.1486    33.8071    33.8065    8.20885         44 0.0000e+00
     24.000     23.750    -0.6134  27.638306    -0.6122  27.638878     8.6884     8.9472     5.1758    92.1231 2.5835e+00  -74.13536 -115.14486  53.610982      99.62 2.4531e+02    247.817       5949  1027.2865  1027.2860     4.3696     1.1449     0.1531    33.8073    33.8067    8.20871         37 0.0000e+00
     25.000     24.741    -0.6122  27.639879    -0.6119  27.639538     8.6876     8.9560     7.3791    91.4348 2.2181e+00  -74.13536 -115.14486  53.611006      99.81 2.4575e+02    249.943       6000  1027.2914  1027.2907     4.3376     0.6904     0.1440    33.8075    33.8066    8.20844         40 0.0000e+00
     26.000     25.729    -0.6133  27.639373    -0.6118  27.640267     8.6723     8.9564     5.9750    91.2483 1.9091e+00  -74.13536 -115.14486  53.611030      99.74 2.4535e+02    251.968       6048  1027.2962  1027.2958     4.3288     0.8852     0.1550    33.8073    33.8069    8.20868         41 0.0000e+00
     27.000     26.720    -0.6128  27.640378    -0.6116  27.640994     8.6784     8.9541     7.3507    90.3846 1.6375e+00  -74.13536 -115.14486  53.611054      99.55 2.4582e+02    254.099       6099  1027.3011  1027.3006     4.2876     1.2920     0.1504    33.8075    33.8070    8.20856         33 0.0000e+00
     28.000     27.711    -0.6123  27.641351    -0.6111  27.641862     8.6801     8.9542     7.0821    92.9036 1.4156e+00  -74.13536 -115.14486  53.611078      99.60 2.4626e+02    256.166       6149  1027.3059  1027.3054     4.4072     1.1730     0.1450    33.8077    33.8070    8.20844         35 0.0000e+00
     29.000     28.698    -0.6111  27.642996    -0.6104  27.642960     8.6604     8.9536     7.4595    92.0187 1.2273e+00  -74.13536 -115.14487  53.611101      93.84 2.4679e+02    258.128       6196  1027.3109  1027.3102     4.3654     1.0397     0.1471    33.8079    33.8071    8.20817         45 0.0000e+00
     30.000     29.689    -0.6116  27.642942    -0.6105  27.643376     8.6714     8.9594     5.6565    91.0114 1.0563e+00  -74.13536 -115.14487  53.611125      99.64 2.4680e+02    260.174       6245  1027.3156  1027.3150     4.3173     1.2096     0.1526    33.8078    33.8071    8.20829         38 0.0000e+00
     31.000     30.678    -0.6080  27.647033    -0.6061  27.647949     8.6765     8.9621     5.8417    90.9916 9.1489e-01  -74.13536 -115.14487  53.611148      99.74 2.4694e+02    262.201       6294  1027.3209  1027.3201     4.3170     0.8932     0.1588    33.8087    33.8079    8.20745         38 0.0000e+00
     32.000     31.666    -0.6084  27.646836    -0.6073  27.647327     8.6792     8.9610     7.1812    91.3365 7.8746e-01  -74.13536 -115.14487  53.611171      99.70 2.4733e+02    264.149       6341  1027.3254  1027.3249     4.3330     0.9769     0.1653    33.8083    33.8077    8.20757         41 0.0000e+00
     33.000     32.656    -0.6098  27.645845    -0.6092  27.645983     8.6759     8.9530     6.3740    91.5129 6.8331e-01  -74.13536 -115.14488  53.611191      99.64 2.4717e+02    265.947       6384  1027.3300  1027.3296     4.3414     1.0951     0.1567    33.8079    33.8074    8.20790         38 0.0000e+00
     34.000     33.646    -0.6121  27.644287    -0.6110  27.644669     8.6770     8.9544     5.0997    90.9423 5.9003e-01  -74.13536 -115.14487  53.611209      99.64 2.4773e+02    267.434       6419  1027.3348  1027.3342     4.3143     1.0845     0.1489    33.8077    33.8070    8.20839         36 0.0000e+00
     35.000     34.634    -0.6094  27.646476    -0.6093  27.646781     8.6720     8.9581     4.5755    91.9859 5.0866e-01  -74.13536 -115.14487  53.611226      99.64 2.4837e+02    268.919       6455  1027.3388  1027.3391     4.3639     1.2081     0.1813    33.8070    33.8073    8.20785         35 0.0000e+00
     36.000     35.624    -0.6088  27.648238    -0.6075  27.648839     8.6818     8.9579     6.8722    91.0126 4.4062e-01  -74.13536 -115.14488  53.611243      92.52 2.4847e+02    270.389       6490  1027.3445  1027.3439     4.3176     1.0732     0.1632    33.8081    33.8075    8.20766         35 0.0000e+00
     37.000     36.614    -0.6039  27.653549    -0.6039  27.652736     8.6879     8.9565     7.2218    91.0484 3.7680e-01  -74.13536 -115.14488  53.611260      97.14 2.4857e+02    271.864       6526  1027.3498  1027.3490     4.3193     1.1424     0.1612    33.8092    33.8081    8.20654         36 0.0000e+00
     38.000     37.603    -0.6071  27.650948    -0.6065  27.650844     8.6889     8.9621     7.2913    90.5857 3.2014e-01  -74.13536 -115.14488  53.611277      99.65 2.4857e+02    273.313       6561  1027.3544  1027.3537     4.2974     0.9906     0.1582    33.8086    33.8078    8.20726         35 0.0000e+00
     39.000     38.594    -0.6032  27.655209    -0.6007  27.656739     8.6888     8.9637     7.6146    91.2544 2.7137e-01  -74.13536 -115.14487  53.611294      99.67 2.4857e+02    274.783       6596  1027.3595  1027.3588     4.3291     1.0140     0.1587    33.8094    33.8086    8.20636         36 0.0000e+00
     40.000     39.582    -0.6022  27.656627    -0.6008  27.657174     8.6799     8.9654     6.6601    91.2392 2.2846e-01  -74.13536 -115.14486  53.611311      99.75 2.4857e+02    276.292       6632  1027.3644  1027.3637     4.3284     0.8307     0.1515    33.8095    33.8088    8.20614         35 0.0000e+00
     41.000     40.572    -0.6019  27.657347    -0.6002  27.658187     8.6876     8.9639     6.2624    90.6174 1.9229e-01  -74.13536 -115.14486  53.611328      99.66 2.4857e+02    277.782       6668  1027.3693  1027.3685     4.2989     1.0559     0.1409    33.8096    33.8088    8.20608         34 0.0000e+00
     42.000     41.561    -0.6004  27.659081    -0.5994  27.659466     8.6936     8.9640     6.5884    89.8345 1.6013e-01  -74.13536 -115.14486  53.611346      99.68 2.4857e+02    279.263       6703  1027.3740  1027.3735     4.2618     1.0039     0.1629    33.8097    33.8091    8.20575         36 0.0000e+00
     43.000     42.552    -0.5985  27.661466    -0.5997  27.659403     8.6953     8.9672     7.0619    90.2041 1.3297e-01  -74.13536 -115.14486  53.611363      99.68 2.4857e+02    280.735       6739  1027.3791  1027.3781     4.2793     1.0278     0.1558    33.8102    33.8087    8.20532         33 0.0000e+00
     44.000     43.539    -0.5979  27.662364    -0.5956  27.663764     8.6883     8.9646     6.9521    91.7508 1.0875e-01  -74.13536 -115.14486  53.611379      99.69 2.4857e+02    282.186       6773  1027.3837  1027.3831     4.3526     0.9877     0.1505    33.8100    33.8094    8.20518         35 0.0000e+00
     45.000     44.530    -0.5981  27.662583    -0.5953  27.664617     8.6788     8.9662     6.0955    92.3838 8.9458e-02  -74.13536 -115.14486  53.611396      92.55 2.4857e+02    283.640       6808  1027.3885  1027.3881     4.3827     0.9892     0.1519    33.8100    33.8096    8.20523         35 0.0000e+00
     46.000     45.519    -0.5996  27.661815    -0.5977  27.662791     8.6797     8.9711     5.8725    91.8127 6.9302e-02  -74.13536 -115.14486  53.611413      99.57 2.4857e+02    285.115       6844  1027.3934  1027.3927     4.3556     1.2070     0.1491    33.8100    33.8092    8.20556         35 0.0000e+00
     47.000     46.509    -0.5990  27.662857    -0.5977  27.663178     8.6859     8.9670     6.5243    90.8814 5.2732e-02  -74.13536 -115.14486  53.611430      99.54 2.4857e+02    286.579       6879  1027.3983  1027.3975     4.3118     1.3333     0.1569    33.8101    33.8091    8.20541         35 0.0000e+00
     48.000     47.498    -0.5956  27.666551    -0.5951  27.666218     8.6848     8.9580     6.7584    91.9711 3.8589e-02  -74.13536 -115.14486  53.611447      99.67 2.5013e+02    288.029       6914  1027.4034  1027.4025     4.3627     1.0754     0.1552    33.8107    33.8097    8.20466         33 0.0000e+00
     49.000     48.486    -0.5986  27.663900    -0.5973  27.664548     8.6724     8.9600     5.1856    92.1896 2.6016e-02  -74.13536 -115.14486  53.611464      99.69 2.5033e+02    289.498       6949  1027.4077  1027.4072     4.3734     0.9767     0.1653    33.8099    33.8093    8.20535         33 0.0000e+00
     50.000     49.477    -0.6014  27.661917    -0.6001  27.662358     8.6664     8.9554     6.4609    91.1169 1.5315e-02  -74.13536 -115.14486  53.611481      99.68 2.5033e+02    290.992       6985  1027.4125  1027.4118     4.3226     1.3372     0.1555    33.8097    33.8088    8.20596         37 0.0000e+00
     51.000     50.466    -0.5998  27.663790    -0.5983  27.664355     8.6783     8.9609     5.5408    91.0399 5.7475e-03  -74.13536 -115.14486  53.611499      99.64 2.5033e+02    292.499       7021  1027.4173  1027.4165     4.3189     1.6080     0.1618    33.8098    33.8090    8.20561         35 0.0000e+00
     52.000     51.455    -0.6001  27.663985    -0.5987  27.664424     8.6809     8.9633     5.5823    91.6233 1.1720e-04  -74.13536 -115.14486  53.611516      99.66 2.5033e+02    293.987       7057  1027.4220  1027.4213     4.3466     1.0772     0.1533    33.8098    33.8089    8.20567         34 0.0000e+00
