ocean_section_plots/required_files/ctd/dnbp2202_ctd113.cnv
* Sea-Bird SBE 9 Data File:
* FileName = D:\Data\raw\NBP2202_CTD113.hex
* Software Version Seasave V 7.26.7.121
* Temperature SN = 1649
* Conductivity SN = 2513
* Number of Bytes Per Scan = 40
* Number of Voltage Words = 5
* Number of Scans Averaged by the Deck Unit = 1
* NMEA Latitude = 74 10.52 S
* NMEA Longitude = 113 20.65 W
* NMEA UTC (Time) = Jan 27 2022  08:01:34
* NMEA baud rate = 9600
** Ship: RVIB N.B. Palmer
** Cruise: NBP2202 Thwaites
** Station: YoYo001
** Operator: B. Bjork
# nquan = 25
# nvalues = 608                         
# units = specified
# name 0 = prDM: Pressure, Digiquartz [db]
# name 1 = depSM: Depth [salt water, m]
# name 2 = t090C: Temperature [ITS-90, deg C]
# name 3 = c0mS/cm: Conductivity [mS/cm]
# name 4 = t190C: Temperature, 2 [ITS-90, deg C]
# name 5 = c1mS/cm: Conductivity, 2 [mS/cm]
# name 6 = sbeox0ML/L: Oxygen, SBE 43 [ml/l]
# name 7 = sbeox1ML/L: Oxygen, SBE 43, 2 [ml/l]
# name 8 = flECO-AFL: Fluorescence, WET Labs ECO-AFL/FL [mg/m^3]
# name 9 = CStarTr0: Beam Transmission, WET Labs C-Star [%]
# name 10 = par: PAR/Irradiance, Biospherical/Licor
# name 11 = latitude: Latitude [deg]
# name 12 = longitude: Longitude [deg]
# name 13 = timeJ: Julian Days
# name 14 = altM: Altimeter [m]
# name 15 = spar: SPAR, Biospherical/Licor
# name 16 = timeS: Time, Elapsed [seconds]
# name 17 = scan: Scan Count
# name 18 = density00: Density [density, kg/m^3]
# name 19 = density11: Density, 2 [density, kg/m^3]
# name 20 = sal00: Salinity, Practical [PSU]
# name 21 = sal11: Salinity, Practical, 2 [PSU]
# name 22 = oxsolML/L: Oxygen Saturation, Garcia & Gordon [ml/l]
# name 23 = nbin: number of scans per bin
# name 24 = flag: flag
# span 0 =     10.000,    617.000       
# span 1 =      9.895,    609.715       
# span 2 =    -1.4674,     0.1218       
# span 3 =  26.969937,  28.958187       
# span 4 =    -1.4667,     0.1239       
# span 5 =  26.969689,  28.958000       
# span 6 =     4.6760,     8.7451       
# span 7 =     4.7309,     8.8518       
# span 8 =    -0.0224,    26.8223       
# span 9 =    68.9317,    95.5867       
# span 10 = 1.0000e-12, 1.1816e+00      
# span 11 =  -74.17536,  -74.17536      
# span 12 = -113.34426, -113.34424      
# span 13 =  27.334716,  27.342261      
# span 14 =       7.19,      99.99      
# span 15 = 6.1685e+01, 6.3483e+01      
# span 16 =     25.469,    677.367      
# span 17 =        612,      16258      
# span 18 =  1027.2267,  1030.5268      
# span 19 =  1027.2246,  1030.5247      
# span 20 =    33.7902,    34.3895      
# span 21 =    33.7888,    34.3870      
# span 22 =    8.01897,    8.39697      
# span 23 =         12,         47      
# span 24 = 0.0000e+00, 0.0000e+00      
# interval = decibars: 1                
# start_time = Jan 27 2022 08:01:34 [NMEA time, header]
# bad_flag = -9.990e-29
*END*
[from data line 232]
    242.000    239.355    -0.8058  27.763118    -0.8042  27.762655     5.0163     5.0816    -0.0137    95.4039 1.0000e-12  -74.17536 -113.34424  27.337412      99.86 6.1701e+01    258.388       6202  1028.5398  1028.5377    34.0582    34.0557    8.23606         22 0.0000e+00
    243.000    240.344    -0.8055  27.763925    -0.8037  27.763569     5.0141     5.0775    -0.0133    95.4051 1.0000e-12  -74.17536 -113.34424  27.337423      99.86 6.1701e+01    259.320       6225  1028.5447  1028.5426    34.0584    34.0559    8.23599         22 0.0000e+00
    244.000    241.333    -0.8041  27.765963    -0.8024  27.765583     5.0175     5.0703    -0.0195    95.4099 1.0000e-12  -74.17536 -113.34424  27.337433      99.87 6.1701e+01    260.248       6247  1028.5498  1028.5478    34.0590    34.0565    8.23565         23 0.0000e+00
    245.000    242.320    -0.8026  27.767913    -0.8006  27.767728     5.0160     5.0749    -0.0064    95.4051 1.0000e-12  -74.17536 -113.34424  27.337444      99.87 6.1701e+01    261.185       6269  1028.5549  1028.5527    34.0593    34.0568    8.23530         22 0.0000e+00
    246.000    243.308    -0.7999  27.771118    -0.7985  27.770397     5.0173     5.0787    -0.0047    95.4087 1.0000e-12  -74.17536 -113.34424  27.337455      99.86 6.1701e+01    262.118       6292  1028.5599  1028.5578    34.0599    34.0574    8.23466         22 0.0000e+00
    247.000    244.299    -0.7965  27.775019    -0.7950  27.774295     5.0161     5.0808    -0.0077    95.4132 1.0000e-12  -74.17536 -113.34424  27.337466      99.86 6.1701e+01    263.039       6314  1028.5652  1028.5630    34.0608    34.0581    8.23388         23 0.0000e+00
    248.000    245.287    -0.7954  27.776464    -0.7928  27.776911     5.0177     5.0817    -0.0103    95.4040 1.0000e-12  -74.17536 -113.34424  27.337477      96.51 6.1701e+01    263.972       6336  1028.5700  1028.5680    34.0609    34.0585    8.23364         22 0.0000e+00
    249.000    246.275    -0.7934  27.779346    -0.7920  27.778744     5.0186     5.0810    -0.0054    95.4168 1.0000e-12  -74.17536 -113.34424  27.337487      93.81 6.1701e+01    264.895       6358  1028.5755  1028.5735    34.0619    34.0595    8.23314         22 0.0000e+00
    250.000    247.263    -0.7955  27.778725    -0.7936  27.778510     5.0208     5.0804    -0.0207    95.4063 1.0000e-12  -74.17536 -113.34424  27.337498      99.86 6.1701e+01    265.812       6380  1028.5812  1028.5792    34.0628    34.0604    8.23354         22 0.0000e+00
    251.000    248.252    -0.7927  27.782682    -0.7908  27.782474     5.0156     5.0795    -0.0211    95.4133 1.0000e-12  -74.17536 -113.34424  27.337509      99.87 6.1701e+01    266.737       6403  1028.5871  1028.5850    34.0644    34.0620    8.23284         22 0.0000e+00
    252.000    249.238    -0.7920  27.784288    -0.7903  27.783722     5.0204     5.0797    -0.0156    95.4155 1.0000e-12  -74.17536 -113.34424  27.337519      99.86 6.1701e+01    267.672       6425  1028.5924  1028.5902    34.0651    34.0625    8.23263         23 0.0000e+00
    253.000    250.229    -0.7910  27.786075    -0.7892  27.785767     5.0229     5.0839    -0.0131    95.4053 1.0000e-12  -74.17536 -113.34424  27.337530      99.86 6.1701e+01    268.587       6447  1028.5978  1028.5957    34.0659    34.0635    8.23238         22 0.0000e+00
    254.000    251.217    -0.7880  27.790498    -0.7858  27.790448     5.0257     5.0897    -0.0140    95.4179 1.0000e-12  -74.17536 -113.34424  27.337541      99.86 6.1701e+01    269.517       6469  1028.6039  1028.6017    34.0679    34.0653    8.23161         22 0.0000e+00
    255.000    252.205    -0.7847  27.795987    -0.7829  27.795553     5.0289     5.0956    -0.0147    95.4099 1.0000e-12  -74.17536 -113.34424  27.337552      99.86 6.1701e+01    270.455       6492  1028.6110  1028.6087    34.0710    34.0683    8.23071         23 0.0000e+00
    256.000    253.194    -0.7720  27.812087    -0.7704  27.811256     5.0395     5.0985    -0.0210    95.4243 1.0000e-12  -74.17536 -113.34424  27.337562      99.85 6.1701e+01    271.372       6514  1028.6203  1028.6179    34.0777    34.0748    8.22753         21 0.0000e+00
    257.000    254.182    -0.7694  27.815898    -0.7674  27.815722     5.0521     5.1134    -0.0141    95.4222 1.0000e-12  -74.17536 -113.34424  27.337573      99.86 6.1701e+01    272.290       6536  1028.6264  1028.6242    34.0794    34.0769    8.22688         23 0.0000e+00
    258.000    255.170    -0.7715  27.815963    -0.7699  27.815601     5.0610     5.1217    -0.0137    95.4376 1.0000e-12  -74.17536 -113.34424  27.337584      99.87 6.1701e+01    273.215       6558  1028.6328  1028.6309    34.0813    34.0790    8.22723         22 0.0000e+00
    259.000    256.159    -0.7733  27.816905    -0.7716  27.816436     5.0739     5.1246    -0.0073    95.4329 1.0000e-12  -74.17536 -113.34424  27.337594      99.86 6.1701e+01    274.133       6580  1028.6400  1028.6378    34.0839    34.0814    8.22746         21 0.0000e+00
    260.000    257.147    -0.7712  27.821235    -0.7692  27.820965     5.0707     5.1274    -0.0077    95.4243 1.0000e-12  -74.17536 -113.34424  27.337605      99.87 6.1701e+01    275.056       6602  1028.6469  1028.6448    34.0868    34.0842    8.22683         23 0.0000e+00
    261.000    258.136    -0.7679  27.824943    -0.7655  27.825015     5.0647     5.1216    -0.0150    95.4423 1.0000e-12  -74.17536 -113.34424  27.337616      99.86 6.1701e+01    275.998       6625  1028.6520  1028.6498    34.0875    34.0849    8.22608         23 0.0000e+00
    262.000    259.124    -0.7671  27.826021    -0.7662  27.824959     5.0604     5.1266    -0.0203    95.4426 1.0000e-12  -74.17536 -113.34424  27.337626      84.43 6.1701e+01    276.930       6647  1028.6568  1028.6548    34.0875    34.0849    8.22591         22 0.0000e+00
    263.000    260.114    -0.7649  27.828675    -0.7632  27.828048     5.0552     5.1248    -0.0207    95.4344 1.0000e-12  -74.17536 -113.34424  27.337637      98.02 6.1701e+01    277.856       6670  1028.6618  1028.6595    34.0879    34.0852    8.22540         22 0.0000e+00
    264.000    261.101    -0.7622  27.831875    -0.7602  27.831658     5.0456     5.1170    -0.0211    95.4435 1.0000e-12  -74.17536 -113.34424  27.337648      99.87 6.1701e+01    278.791       6692  1028.6670  1028.6649    34.0886    34.0861    8.22477         23 0.0000e+00
    265.000    262.087    -0.7613  27.833427    -0.7587  27.833724     5.0434     5.1076    -0.0213    95.4489 1.0000e-12  -74.17536 -113.34424  27.337659      99.87 6.1701e+01    279.707       6714  1028.6721  1028.6699    34.0891    34.0865    8.22455         21 0.0000e+00
    266.000    263.079    -0.7545  27.839796    -0.7529  27.839219     5.0360     5.0989    -0.0133    95.4531 1.0000e-12  -74.17536 -113.34424  27.337669      99.86 6.1701e+01    280.615       6736  1028.6767  1028.6745    34.0895    34.0868    8.22305         22 0.0000e+00
    267.000    264.066    -0.7483  27.846072    -0.7462  27.845944     5.0215     5.0946    -0.0071    95.4480 1.0000e-12  -74.17536 -113.34424  27.337680      99.87 6.1701e+01    281.538       6758  1028.6818  1028.6796    34.0903    34.0877    8.22165         23 0.0000e+00
    268.000    265.054    -0.7398  27.854692    -0.7341  27.857542     5.0200     5.0837    -0.0132    95.4587 1.0000e-12  -74.17536 -113.34424  27.337690      99.86 6.1701e+01    282.460       6780  1028.6871  1028.6847    34.0917    34.0892    8.21971         22 0.0000e+00
    269.000    266.042    -0.7309  27.864237    -0.7293  27.863592     5.0201     5.0855    -0.0192    95.4532 1.0000e-12  -74.17536 -113.34424  27.337701      99.86 6.1701e+01    283.374       6802  1028.6932  1028.6909    34.0941    34.0913    8.21765         22 0.0000e+00
    270.000    267.031    -0.7290  27.866869    -0.7272  27.866418     5.0146     5.0807    -0.0124    95.4485 1.0000e-12  -74.17536 -113.34426  27.337712      99.86 6.1701e+01    284.301       6824  1028.6985  1028.6964    34.0948    34.0922    8.21718         22 0.0000e+00
    271.000    268.021    -0.7273  27.869553    -0.7255  27.869209     5.0137     5.0803    -0.0190    95.4472 1.0000e-12  -74.17536 -113.34424  27.337722      99.87 6.1701e+01    285.228       6846  1028.7042  1028.7020    34.0959    34.0934    8.21675         22 0.0000e+00
    272.000    269.008    -0.7242  27.873861    -0.7221  27.873566     5.0137     5.0857    -0.0207    95.4328 1.0000e-12  -74.17536 -113.34426  27.337733      99.86 6.1701e+01    286.138       6868  1028.7102  1028.7079    34.0976    34.0949    8.21598         21 0.0000e+00
    273.000    269.996    -0.7191  27.880358    -0.7170  27.880255     5.0015     5.0738    -0.0143    95.4243 1.0000e-12  -74.17536 -113.34424  27.337744      99.86 6.1701e+01    287.054       6890  1028.7166  1028.7144    34.1000    34.0975    8.21472         23 0.0000e+00
    274.000    270.985    -0.7136  27.887968    -0.7119  27.887132     4.9956     5.0592    -0.0078    95.4215 1.0000e-12  -74.17536 -113.34425  27.337754      99.86 6.1701e+01    287.970       6912  1028.7238  1028.7213    34.1035    34.1005    8.21332         22 0.0000e+00
    275.000    271.971    -0.6922  27.909253    -0.6905  27.908485     4.9942     5.0583    -0.0207    95.4219 1.0000e-12  -74.17536 -113.34425  27.337765      96.40 6.1701e+01    288.881       6934  1028.7303  1028.7278    34.1075    34.1045    8.20844         21 0.0000e+00
    276.000    272.963    -0.6805  27.921804    -0.6787  27.921099     4.9899     5.0585    -0.0130    95.4188 1.0000e-12  -74.17536 -113.34425  27.337775      76.53 6.1701e+01    289.800       6956  1028.7369  1028.7344    34.1107    34.1077    8.20572         23 0.0000e+00
    277.000    273.950    -0.6783  27.925018    -0.6763  27.924772     4.9937     5.0595    -0.0133    95.4133 1.0000e-12  -74.17536 -113.34425  27.337786      91.71 6.1701e+01    290.728       6978  1028.7426  1028.7404    34.1118    34.1092    8.20516         22 0.0000e+00
    278.000    274.937    -0.6711  27.934272    -0.6688  27.934070     4.9901     5.0526    -0.0123    95.4226 1.0000e-12  -74.17536 -113.34425  27.337797      99.86 6.1701e+01    291.645       7000  1028.7500  1028.7476    34.1156    34.1128    8.20339         22 0.0000e+00
    279.000    275.926    -0.6605  27.945971    -0.6592  27.944880     4.9887     5.0521    -0.0133    95.4274 1.0000e-12  -74.17536 -113.34425  27.337807      99.87 6.1701e+01    292.564       7023  1028.7568  1028.7544    34.1189    34.1160    8.20090         22 0.0000e+00
    280.000    276.914    -0.6577  27.949263    -0.6557  27.948872     4.9859     5.0536    -0.0110    95.4226 1.0000e-12  -74.17536 -113.34424  27.337818      99.86 6.1701e+01    293.490       7045  1028.7621  1028.7597    34.1196    34.1168    8.20026         22 0.0000e+00
    281.000    277.904    -0.6570  27.950459    -0.6554  27.949723     4.9794     5.0477    -0.0041    95.4191 1.0000e-12  -74.17536 -113.34426  27.337829      99.86 6.1701e+01    294.395       7066  1028.7671  1028.7648    34.1198    34.1170    8.20010         22 0.0000e+00
    282.000    278.892    -0.6567  27.951530    -0.6551  27.950690     4.9673     5.0412    -0.0207    95.4203 1.0000e-12  -74.17536 -113.34424  27.337839      99.86 6.1701e+01    295.312       7088  1028.7724  1028.7700    34.1202    34.1174    8.20000         22 0.0000e+00
    283.000    279.880    -0.6382  27.970959    -0.6365  27.969948     4.9616     5.0228    -0.0071    95.3965 1.0000e-12  -74.17536 -113.34424  27.337850      99.86 6.1701e+01    296.247       7111  1028.7796  1028.7769    34.1250    34.1217    8.19571         23 0.0000e+00
    284.000    280.867    -0.6271  27.981659    -0.6253  27.980991     4.9600     5.0215    -0.0035    95.3980 1.0000e-12  -74.17536 -113.34424  27.337861      99.87 6.1701e+01    297.164       7133  1028.7848  1028.7823    34.1263    34.1233    8.19323         22 0.0000e+00
    285.000    281.857    -0.6158  27.993182    -0.6140  27.992457     4.9615     5.0290    -0.0066    95.3751 1.0000e-12  -74.17536 -113.34424  27.337871      99.86 6.1701e+01    298.088       7155  1028.7907  1028.7881    34.1285    34.1255    8.19067         22 0.0000e+00
    286.000    282.845    -0.6200  27.990527    -0.6182  27.990058     4.9694     5.0318    -0.0155    95.3608 1.0000e-12  -74.17536 -113.34424  27.337882      99.87 6.1701e+01    299.029       7178  1028.7963  1028.7941    34.1290    34.1263    8.19153         23 0.0000e+00
    287.000    283.833    -0.6237  27.988106    -0.6215  27.988066     4.9794     5.0374    -0.0200    95.3560 1.0000e-12  -74.17536 -113.34424  27.337893      99.87 6.1701e+01    299.968       7200  1028.8018  1028.7996    34.1293    34.1268    8.19232         22 0.0000e+00
    288.000    284.820    -0.6249  27.987353    -0.6225  27.987497     4.9769     5.0409    -0.0141    95.3450 1.0000e-12  -74.17536 -113.34424  27.337904      99.86 6.1701e+01    300.911       7223  1028.8066  1028.8045    34.1290    34.1266    8.19260         23 0.0000e+00
    289.000    285.809    -0.6278  27.985653    -0.6262  27.984857     4.9651     5.0352    -0.0134    95.3349 1.0000e-12  -74.17536 -113.34424  27.337915      99.86 6.1701e+01    301.873       7246  1028.8120  1028.8097    34.1295    34.1266    8.19321         23 0.0000e+00
    290.000    286.798    -0.6235  27.991555    -0.6210  27.991777     4.9476     5.0225    -0.0042    95.3297 1.0000e-12  -74.17536 -113.34424  27.337927      79.88 6.1701e+01    302.873       7270  1028.8186  1028.8164    34.1320    34.1294    8.19214         25 0.0000e+00
    291.000    287.786    -0.6045  28.009596    -0.6024  28.009335     4.9353     5.0032    -0.0167    95.3133 1.0000e-12  -74.17536 -113.34424  27.337939      94.54 6.1701e+01    303.911       7295  1028.8238  1028.8215    34.1342    34.1315    8.18789         25 0.0000e+00
    292.000    288.774    -0.5889  28.024592    -0.5871  28.023856     4.9244     4.9965    -0.0200    95.3091 1.0000e-12  -74.17536 -113.34424  27.337951      99.83 6.1701e+01    304.953       7320  1028.8291  1028.8266    34.1362    34.1332    8.18439         25 0.0000e+00
    293.000    289.762    -0.5819  28.031719    -0.5803  28.031096     4.9241     4.9933    -0.0084    95.3113 1.0000e-12  -74.17536 -113.34424  27.337963      99.86 6.1701e+01    305.975       7344  1028.8344  1028.8321    34.1373    34.1346    8.18282         24 0.0000e+00
    294.000    290.751    -0.5780  28.036186    -0.5760  28.035792     4.9237     4.9940    -0.0047    95.3039 1.0000e-12  -74.17536 -113.34424  27.337975      99.86 6.1701e+01    307.010       7369  1028.8398  1028.8375    34.1383    34.1356    8.18192         25 0.0000e+00
    295.000    291.737    -0.5734  28.041182    -0.5717  28.040537     4.9261     4.9942    -0.0086    95.3019 1.0000e-12  -74.17536 -113.34424  27.337987      99.86 6.1701e+01    308.046       7394  1028.8452  1028.8428    34.1393    34.1364    8.18087         25 0.0000e+00
    296.000    292.727    -0.5729  28.042454    -0.5711  28.041962     4.9325     4.9942    -0.0127    95.2947 1.0000e-12  -74.17536 -113.34424  27.337999      99.87 6.1701e+01    309.090       7419  1028.8505  1028.8482    34.1398    34.1371    8.18073         25 0.0000e+00
    297.000    293.716    -0.5733  28.042673    -0.5716  28.042125     4.9304     4.9951    -0.0130    95.2834 1.0000e-12  -74.17536 -113.34424  27.338011      99.86 6.1701e+01    310.148       7445  1028.8555  1028.8533    34.1399    34.1372    8.18080         26 0.0000e+00
    298.000    294.703    -0.5725  28.044169    -0.5706  28.043682     4.9338     4.9962    -0.0159    95.2905 1.0000e-12  -74.17536 -113.34424  27.338023      99.86 6.1701e+01    311.196       7470  1028.8608  1028.8584    34.1404    34.1376    8.18061         25 0.0000e+00
