ocean_section_plots/required_files/ctd/dnbp2202_ctd079.cnv
* Sea-Bird SBE 9 Data File:
* FileName = D:\Data\raw\NBP2202_CTD079.hex
* Software Version Seasave V 7.26.7.121
* Temperature SN = 1649
* Conductivity SN = 2513
* Number of Bytes Per Scan = 40
* Number of Voltage Words = 5
* Number of Scans Averaged by the Deck Unit = 1
* NMEA Latitude = 74 10.51 S
* NMEA Longitude = 113 20.67 W
* NMEA UTC (Time) = Jan 26 2022  16:43:23
* NMEA baud rate = 9600
** Ship: RVIB N.B. Palmer
** Cruise: NBP2202 Thwaites
** Station: YoYo001
** Operator: A. Robinson
# nquan = 25
# nvalues = 606                         
# units = specified
# name 0 = prDM: Pressure, Digiquartz [db]
# name 1 = depSM: Depth [salt water, m]
# name 2 = t090C: Temperature [ITS-90, deg C]
# name 3 = c0mS/cm: Conductivity [mS/cm]
# name 4 = t190C: Temperature, 2 [ITS-90, deg C]
# name 5 = c1mS/cm: Conductivity, 2 [mS/cm]
# name 6 = sbeox0ML/L: Oxygen, SBE 43 [ml/l]
# name 7 = sbeox1ML/L: Oxygen, SBE 43, 2 [ml/l]
# name 8 = flECO-AFL: Fluorescence, WET Labs ECO-AFL/FL [mg/m^3]
# name 9 = CStarTr0: Beam Transmission, WET Labs C-Star [%]
# name 10 = par: PAR/Irradiance, Biospherical/Licor
# name 11 = latitude: Latitude [deg]
# name 12 = longitude: Longitude [deg]
# name 13 = timeJ: Julian Days
# name 14 = altM: Altimeter [m]
# name 15 = spar: SPAR, Biospherical/Licor
# name 16 = timeS: Time, Elapsed [seconds]
# name 17 = scan: Scan Count
# name 18 = density00: Density [density, kg/m^3]
# name 19 = density11: Density, 2 [density, kg/m^3]
# name 20 = sal00: Salinity, Practical [PSU]
# name 21 = sal11: Salinity, Practical, 2 [PSU]
# name 22 = oxsolML/L: Oxygen Saturation, Garcia & Gordon [ml/l]
# name 23 = nbin: number of scans per bin
# name 24 = flag: flag
# span 0 =     10.000,    615.000       
# span 1 =      9.898,    607.731       
# span 2 =    -1.5135,     0.1036       
# span 3 =  26.940302,  28.938649       
# span 4 =    -1.5130,     0.1055       
# span 5 =  26.938597,  28.938309       
# span 6 =     4.7033,     8.4942       
# span 7 =     4.7978,     8.5432       
# span 8 =    -0.0216,    26.1283       
# span 9 =    70.6778,    95.7280       
# span 10 = 1.0000e-12, 4.6920e+01      
# span 11 =  -74.17530,  -74.17528      
# span 12 = -113.34462, -113.34457      
# span 13 =  26.697107,  26.706767      
# span 14 =       5.33,     100.25      
# span 15 = 1.5084e+03, 2.0229e+03      
# span 16 =     27.042,    861.702      
# span 17 =        650,      20682      
# span 18 =  1027.2288,  1030.5148      
# span 19 =  1027.2268,  1030.5126      
# span 20 =    33.7968,    34.3840      
# span 21 =    33.7951,    34.3814      
# span 22 =    8.02308,    8.40604      
# span 23 =         22,         60      
# span 24 = 0.0000e+00, 0.0000e+00      
# interval = decibars: 1                
# start_time = Jan 26 2022 16:43:23 [NMEA time, header]
# bad_flag = -9.990e-29
*END*
[from data line 116]
    126.000    124.657    -1.5072  26.989646    -1.5061  26.989258     5.6282     5.7489     0.0138    95.5314 1.0000e-12  -74.17528 -113.34460  26.699435      99.87 1.8369e+03    228.143       5476  1027.8576  1027.8561    33.8662    33.8645    8.40325         30 0.0000e+00
    127.000    125.648    -1.5077  26.990353    -1.5068  26.990073     5.6317     5.7605     0.0236    95.5210 1.0000e-12  -74.17528 -113.34460  26.699449      99.86 1.8371e+03    229.417       5507  1027.8632  1027.8620    33.8671    33.8657    8.40330         29 0.0000e+00
    128.000    126.636    -1.5087  26.990990    -1.5079  26.990689     5.6500     5.7689     0.0076    95.4855 1.0000e-12  -74.17528 -113.34460  26.699464      95.41 1.8386e+03    230.729       5538  1027.8691  1027.8681    33.8685    33.8673    8.40344         31 0.0000e+00
    129.000    127.625    -1.5095  26.991578    -1.5089  26.991243     5.6561     5.7785     0.0021    95.2845 1.0000e-12  -74.17528 -113.34460  26.699479      96.22 1.8388e+03    232.015       5569  1027.8748  1027.8739    33.8696    33.8685    8.40356         31 0.0000e+00
    130.000    128.614    -1.5105  26.992124    -1.5099  26.991759     5.6706     5.7953     0.0124    95.4950 1.0000e-12  -74.17528 -113.34460  26.699494      99.91 1.8402e+03    233.284       5600  1027.8808  1027.8798    33.8709    33.8697    8.40372         30 0.0000e+00
    131.000    129.603    -1.5118  26.992752    -1.5110  26.992421     5.6822     5.8012     0.0315    95.5053 1.0000e-12  -74.17528 -113.34460  26.699509      99.87 1.8405e+03    234.561       5630  1027.8870  1027.8859    33.8726    33.8712    8.40391         31 0.0000e+00
    132.000    130.593    -1.5134  26.993204    -1.5122  26.992857     5.6813     5.8022     0.0372    95.4842 1.0000e-12  -74.17528 -113.34460  26.699523      99.87 1.8415e+03    235.814       5661  1027.8933  1027.8918    33.8744    33.8726    8.40416         30 0.0000e+00
    133.000    131.581    -1.5133  26.994086    -1.5118  26.994443     5.6858     5.8049     0.0363    95.4748 1.0000e-12  -74.17528 -113.34461  26.699538      99.86 1.8405e+03    237.059       5690  1027.8985  1027.8975    33.8749    33.8737    8.40411         30 0.0000e+00
    134.000    132.570    -1.5108  26.998810    -1.5097  26.998493     5.6854     5.8070     0.0231    95.5075 1.0000e-12  -74.17528 -113.34460  26.699552      99.87 1.8422e+03    238.326       5721  1027.9056  1027.9042    33.8780    33.8763    8.40336         31 0.0000e+00
    135.000    133.560    -1.5106  26.999611    -1.5097  26.999238     5.6877     5.8162     0.0161    95.5022 1.0000e-12  -74.17528 -113.34462  26.699567      99.87 1.8422e+03    239.613       5752  1027.9107  1027.9093    33.8783    33.8767    8.40331         30 0.0000e+00
    136.000    134.548    -1.5120  26.999934    -1.5112  26.999490     5.7009     5.8260    -0.0041    95.4968 1.0000e-12  -74.17528 -113.34462  26.699582      99.87 1.8422e+03    240.886       5782  1027.9166  1027.9154    33.8796    33.8780    8.40353         31 0.0000e+00
    137.000    135.537    -1.5134  26.999838    -1.5124  26.999439     5.7088     5.8315     0.0363    95.4902 1.0000e-12  -74.17528 -113.34460  26.699597      99.87 1.8425e+03    242.154       5813  1027.9222  1027.9208    33.8804    33.8788    8.40379         30 0.0000e+00
    138.000    136.527    -1.5135  27.000332    -1.5125  26.999939     5.7169     5.8395     0.0175    95.4690 1.0000e-12  -74.17528 -113.34460  26.699611      99.87 1.8440e+03    243.407       5843  1027.9272  1027.9257    33.8807    33.8789    8.40381         28 0.0000e+00
    139.000    137.514    -1.5135  27.001196    -1.5123  27.000828     5.7336     5.8552     0.0809    95.4895 1.0000e-12  -74.17528 -113.34460  26.699626      89.80 1.8456e+03    244.651       5873  1027.9324  1027.9308    33.8812    33.8793    8.40377         30 0.0000e+00
    140.000    138.505    -1.5121  27.003075    -1.5111  27.002630     5.7333     5.8568     0.1039    95.3308 1.0000e-12  -74.17528 -113.34460  26.699640      99.80 1.8461e+03    245.910       5903  1027.9374  1027.9360    33.8816    33.8799    8.40344         31 0.0000e+00
    141.000    139.493    -1.5065  27.009058    -1.5052  27.008404     5.7186     5.8548     0.0437    95.4851 1.0000e-12  -74.17528 -113.34460  26.699655      99.87 1.8484e+03    247.181       5933  1027.9429  1027.9409    33.8829    33.8804    8.40210         30 0.0000e+00
    142.000    140.481    -1.4925  27.022782    -1.4919  27.021671     5.7242     5.8484     0.1032    95.5097 1.0000e-12  -74.17528 -113.34460  26.699669      99.86 1.8510e+03    248.423       5963  1027.9489  1027.9470    33.8853    33.8830    8.39879         30 0.0000e+00
    143.000    141.471    -1.4911  27.024693    -1.4901  27.024090     5.7162     5.8478     0.0943    95.4939 1.0000e-12  -74.17528 -113.34460  26.699684      99.87 1.8532e+03    249.668       5993  1027.9540  1027.9524    33.8856    33.8837    8.39844         30 0.0000e+00
    144.000    142.461    -1.4897  27.026719    -1.4887  27.025991     5.7290     5.8510     0.1082    95.4562 1.0000e-12  -74.17528 -113.34460  26.699698      99.86 1.8548e+03    250.929       6023  1027.9592  1027.9575    33.8862    33.8841    8.39809         30 0.0000e+00
    145.000    143.448    -1.4885  27.029360    -1.4874  27.028840     5.7370     5.8583     0.0424    95.4182 1.0000e-12  -74.17528 -113.34460  26.699713      99.87 1.8575e+03    252.186       6053  1027.9654  1027.9638    33.8879    33.8860    8.39773         30 0.0000e+00
    146.000    144.438    -1.4874  27.034585    -1.4865  27.033389     5.7452     5.8791     0.0659    95.3992 1.0000e-12  -74.17528 -113.34460  26.699727      99.86 1.8598e+03    253.442       6084  1027.9745  1027.9723    33.8933    33.8906    8.39716         30 0.0000e+00
    147.000    145.427    -1.4840  27.040890    -1.4835  27.039702     5.7360     5.8704     0.0843    95.4053 1.0000e-12  -74.17528 -113.34460  26.699742      99.87 1.8611e+03    254.699       6114  1027.9825  1027.9807    33.8974    33.8952    8.39613         30 0.0000e+00
    148.000    146.415    -1.4810  27.044797    -1.4797  27.044518     5.7116     5.8445     0.0620    95.4588 1.0000e-12  -74.17528 -113.34460  26.699756      99.86 1.8625e+03    255.928       6143  1027.9883  1027.9868    33.8988    33.8970    8.39537         29 0.0000e+00
    149.000    147.405    -1.4622  27.065816    -1.4600  27.065638     5.6914     5.8265     0.0778    95.4386 1.0000e-12  -74.17528 -113.34460  26.699770      93.11 1.8634e+03    257.153       6173  1027.9977  1027.9954    33.9058    33.9031    8.39072         30 0.0000e+00
    150.000    148.393    -1.4527  27.076887    -1.4514  27.076600     5.6991     5.8287     0.0587    95.3928 1.0000e-12  -74.17530 -113.34460  26.699785      99.50 1.8649e+03    258.401       6203  1028.0053  1028.0036    33.9097    33.9078    8.38835         31 0.0000e+00
    151.000    149.384    -1.4508  27.082102    -1.4497  27.081460     5.7177     5.8416     0.0317    95.4128 1.0000e-12  -74.17529 -113.34460  26.699799      99.87 1.8651e+03    259.653       6233  1028.0137  1028.0118    33.9141    33.9119    8.38766         29 0.0000e+00
    152.000    150.372    -1.4527  27.084336    -1.4514  27.084058     5.7492     5.8686     0.0122    95.4343 1.0000e-12  -74.17529 -113.34460  26.699814      99.86 1.8651e+03    260.902       6263  1028.0224  1028.0208    33.9187    33.9168    8.38781         31 0.0000e+00
    153.000    151.360    -1.4559  27.085207    -1.4550  27.084602     5.7804     5.8947    -0.0023    95.4798 1.0000e-12  -74.17530 -113.34460  26.699828      99.87 1.8651e+03    262.160       6293  1028.0310  1028.0295    33.9230    33.9211    8.38829         30 0.0000e+00
    154.000    152.351    -1.4562  27.089789    -1.4549  27.089358     5.8291     5.9447    -0.0017    95.5007 1.0000e-12  -74.17528 -113.34460  26.699843      99.87 1.8652e+03    263.400       6323  1028.0407  1028.0391    33.9289    33.9270    8.38798         29 0.0000e+00
    155.000    153.337    -1.4628  27.085903    -1.4622  27.085521     5.9046     6.0064    -0.0001    95.4920 1.0000e-12  -74.17529 -113.34460  26.699857      99.87 1.8651e+03    264.624       6352  1028.0473  1028.0463    33.9305    33.9293    8.38939         29 0.0000e+00
    156.000    154.327    -1.4810  27.078658    -1.4815  27.078090     5.9518     6.0565    -0.0033    95.5594 1.0000e-12  -74.17529 -113.34460  26.699871      99.86 1.8638e+03    265.863       6382  1028.0614  1028.0613    33.9406    33.9404    8.39289         30 0.0000e+00
    157.000    155.316    -1.4868  27.079196    -1.4857  27.078823     5.9601     6.0787    -0.0004    95.4859 1.0000e-12  -74.17528 -113.34460  26.699885      99.87 1.8639e+03    267.097       6411  1028.0719  1028.0704    33.9473    33.9455    8.39380         29 0.0000e+00
    158.000    156.306    -1.4877  27.079612    -1.4868  27.078981     5.9538     6.0852     0.0239    95.5652 1.0000e-12  -74.17530 -113.34460  26.699899      99.87 1.8638e+03    268.317       6441  1028.0775  1028.0760    33.9483    33.9464    8.39395         30 0.0000e+00
    159.000    157.294    -1.4886  27.079205    -1.4878  27.078580     5.9578     6.0805     0.0160    95.5641 1.0000e-12  -74.17529 -113.34462  26.699914      99.86 1.8635e+03    269.558       6470  1028.0822  1028.0807    33.9482    33.9463    8.39416         30 0.0000e+00
    160.000    158.282    -1.4896  27.078601    -1.4887  27.078200     5.9549     6.0792     0.0262    95.6118 1.0000e-12  -74.17530 -113.34462  26.699928      99.17 1.8644e+03    270.805       6500  1028.0867  1028.0854    33.9478    33.9462    8.39441         30 0.0000e+00
    161.000    159.271    -1.4926  27.076489    -1.4917  27.076260     5.9728     6.1085     0.0143    95.5877 1.0000e-12  -74.17530 -113.34461  26.699942      99.86 1.8651e+03    272.024       6530  1028.0915  1028.0903    33.9477    33.9463    8.39509         28 0.0000e+00
    162.000    160.262    -1.4998  27.071949    -1.4986  27.071748     5.9685     6.1027     0.0116    95.6045 1.0000e-12  -74.17530 -113.34460  26.699956      99.87 1.8651e+03    273.240       6559  1028.0977  1028.0964    33.9489    33.9473    8.39663         30 0.0000e+00
    163.000    161.250    -1.5046  27.069007    -1.5036  27.068657     5.9087     6.0690     0.0102    95.5814 1.0000e-12  -74.17530 -113.34460  26.699971      99.86 1.8649e+03    274.464       6588  1028.1034  1028.1020    33.9498    33.9481    8.39768         27 0.0000e+00
    164.000    162.237    -1.4679  27.103442    -1.4692  27.099418     5.8491     6.0143     0.0379    95.6061 1.0000e-12  -74.17530 -113.34460  26.699985      99.87 1.8634e+03    275.685       6617  1028.1099  1028.1068    33.9549    33.9508    8.38908         30 0.0000e+00
    165.000    163.228    -1.4351  27.132363    -1.4494  27.117550     5.8341     5.9876     0.0314    95.6027 1.0000e-12  -74.17530 -113.34460  26.699999      99.86 1.8634e+03    276.924       6647  1028.1144  1028.1120    33.9568    33.9527    8.38157         30 0.0000e+00
    166.000    164.216    -1.4294  27.138040    -1.4304  27.135685     5.8175     5.9783     0.0279    95.6306 1.0000e-12  -74.17530 -113.34460  26.700014      99.87 1.8634e+03    278.170       6677  1028.1197  1028.1179    33.9575    33.9554    8.38025         29 0.0000e+00
    167.000    165.205    -1.4331  27.134610    -1.4328  27.133935     5.7899     5.9417     0.0357    95.6386 1.0000e-12  -74.17530 -113.34460  26.700028      99.87 1.8634e+03    279.379       6706  1028.1241  1028.1229    33.9564    33.9552    8.38116         29 0.0000e+00
    168.000    166.194    -1.4018  27.165026    -1.4076  27.157097     5.7740     5.9105     0.0080    95.5849 1.0000e-12  -74.17530 -113.34460  26.700042      99.86 1.8662e+03    280.599       6735  1028.1315  1028.1283    33.9621    33.9577    8.37378         30 0.0000e+00
    169.000    167.182    -1.3871  27.179914    -1.3862  27.178627     5.7721     5.9065     0.0158    95.6223 1.0000e-12  -74.17530 -113.34460  26.700056      99.87 1.8673e+03    281.825       6765  1028.1383  1028.1359    33.9653    33.9625    8.37029         29 0.0000e+00
    170.000    168.171    -1.3754  27.192504    -1.3747  27.191403     5.7677     5.9091     0.0168    95.6226 1.0000e-12  -74.17530 -113.34460  26.700070      86.93 1.8695e+03    283.037       6794  1028.1454  1028.1434    33.9687    33.9663    8.36746         29 0.0000e+00
    171.000    169.161    -1.3700  27.199464    -1.3684  27.199260     5.7770     5.9136    -0.0027    95.6368 1.0000e-12  -74.17530 -113.34460  26.700084      96.72 1.8704e+03    284.254       6823  1028.1524  1028.1506    33.9715    33.9694    8.36608         29 0.0000e+00
    172.000    170.149    -1.3643  27.207116    -1.3630  27.206745     5.7784     5.9224    -0.0078    95.6431 1.0000e-12  -74.17530 -113.34460  26.700098      99.92 1.8706e+03    285.479       6852  1028.1599  1028.1582    33.9749    33.9730    8.36459         29 0.0000e+00
    173.000    171.138    -1.3640  27.208030    -1.3630  27.207347     5.7853     5.9180    -0.0049    95.6225 1.0000e-12  -74.17530 -113.34460  26.700112      99.87 1.8711e+03    286.670       6881  1028.1652  1028.1633    33.9753    33.9731    8.36452         29 0.0000e+00
    174.000    172.127    -1.3602  27.212959    -1.3592  27.212049     5.7865     5.9137    -0.0077    95.6243 1.0000e-12  -74.17530 -113.34460  26.700126      99.87 1.8713e+03    287.860       6910  1028.1714  1028.1694    33.9771    33.9747    8.36356         29 0.0000e+00
    175.000    173.114    -1.3565  27.217564    -1.3553  27.217113     5.7849     5.9170    -0.0079    95.6317 1.0000e-12  -74.17530 -113.34460  26.700140      99.87 1.8711e+03    289.082       6939  1028.1773  1028.1756    33.9785    33.9766    8.36262         30 0.0000e+00
    176.000    174.105    -1.3563  27.218147    -1.3547  27.218074     5.7863     5.9215    -0.0144    95.6114 1.0000e-12  -74.17530 -113.34460  26.700154      99.87 1.8702e+03    290.313       6969  1028.1822  1028.1807    33.9785    33.9766    8.36258         29 0.0000e+00
    177.000    175.093    -1.3551  27.219946    -1.3541  27.219394     5.7866     5.9197    -0.0015    95.6429 1.0000e-12  -74.17530 -113.34460  26.700168      99.87 1.8688e+03    291.537       6998  1028.1875  1028.1859    33.9789    33.9771    8.36228         29 0.0000e+00
    178.000    176.082    -1.3537  27.222062    -1.3531  27.220948     5.7923     5.9155    -0.0062    95.6430 1.0000e-12  -74.17530 -113.34460  26.700182      99.87 1.8687e+03    292.749       7027  1028.1929  1028.1911    33.9797    33.9775    8.36194         29 0.0000e+00
    179.000    177.071    -1.3527  27.224235    -1.3514  27.223905     5.7901     5.9234    -0.0004    95.6310 1.0000e-12  -74.17530 -113.34460  26.700196      99.87 1.8672e+03    293.933       7055  1028.1988  1028.1971    33.9809    33.9789    8.36164         28 0.0000e+00
    180.000    178.059    -1.3499  27.227786    -1.3490  27.227024     5.7873     5.9164     0.0020    95.6375 1.0000e-12  -74.17530 -113.34460  26.700210      99.87 1.8669e+03    295.109       7084  1028.2044  1028.2026    33.9820    33.9799    8.36095         28 0.0000e+00
    181.000    179.047    -1.3480  27.230278    -1.3472  27.229307     5.7815     5.9059     0.0006    95.6491 1.0000e-12  -74.17530 -113.34460  26.700224      95.67 1.8661e+03    296.314       7113  1028.2097  1028.2078    33.9827    33.9804    8.36049         30 0.0000e+00
    182.000    180.038    -1.3428  27.235697    -1.3407  27.235991     5.7648     5.9037    -0.0077    95.6395 1.0000e-12  -74.17530 -113.34460  26.700238      96.83 1.8648e+03    297.542       7142  1028.2150  1028.2132    33.9836    33.9816    8.35926         29 0.0000e+00
