ocean_section_plots/required_files/ctd/dnbp2202_ctd010.cnv
* Sea-Bird SBE 9 Data File:
* FileName = D:\Data\raw\NBP2202_CTD010.hex
* Software Version Seasave V 7.26.7.121
* Temperature SN = 1649
* Conductivity SN = 2513
* Number of Bytes Per Scan = 40
* Number of Voltage Words = 5
* Number of Scans Averaged by the Deck Unit = 1
* NMEA Latitude = 73 08.18 S
* NMEA Longitude = 113 57.23 W
* NMEA UTC (Time) = Jan 16 2022  22:51:40
* NMEA baud rate = 9600
** Ship: RVIB N.B. Palmer
** Cruise: NBP2202 Thwaites
** Station: #5
** Operator: A. Robinson
# nquan = 25
# nvalues = 563                         
# units = specified
# name 0 = prDM: Pressure, Digiquartz [db]
# name 1 = depSM: Depth [salt water, m]
# name 2 = t090C: Temperature [ITS-90, deg C]
# name 3 = c0mS/cm: Conductivity [mS/cm]
# name 4 = t190C: Temperature, 2 [ITS-90, deg C]
# name 5 = c1mS/cm: Conductivity, 2 [mS/cm]
# name 6 = sbeox0ML/L: Oxygen, SBE 43 [ml/l]
# name 7 = sbeox1ML/L: Oxygen, SBE 43, 2 [ml/l]
# name 8 = flECO-AFL: Fluorescence, WET Labs ECO-AFL/FL [mg/m^3]
# name 9 = CStarTr0: Beam Transmission, WET Labs C-Star [%]
# name 10 = par: PAR/Irradiance, Biospherical/Licor
# name 11 = latitude: Latitude [deg]
# name 12 = longitude: Longitude [deg]
# name 13 = timeJ: Julian Days
# name 14 = altM: Altimeter [m]
# name 15 = spar: SPAR, Biospherical/Licor
# name 16 = timeS: Time, Elapsed [seconds]
# name 17 = scan: Scan Count
# name 18 = density00: Density [density, kg/m^3]
# name 19 = density11: Density, 2 [density, kg/m^3]
# name 20 = sal00: Salinity, Practical [PSU]
# name 21 = sal11: Salinity, Practical, 2 [PSU]
# name 22 = oxsolML/L: Oxygen Saturation, Garcia & Gordon [ml/l]
# name 23 = nbin: number of scans per bin
# name 24 = flag: flag
# span 0 =      4.000,    566.000       
# span 1 =      3.959,    559.408       
# span 2 =    -1.8101,     0.5899       
# span 3 =  27.012671,  29.484756       
# span 4 =    -1.8094,     0.5925       
# span 5 =  27.012057,  29.484523       
# span 6 =     4.5513,     8.6884       
# span 7 =     4.7900,     9.2032       
# span 8 =    -0.0178,    24.6786       
# span 9 =    71.7481,    99.1098       
# span 10 = 1.0000e-12, 5.2518e+02      
# span 11 =  -73.13644,  -73.13642      
# span 12 = -113.95390, -113.95384      
# span 13 =  16.955467,  16.964970      
# span 14 =       6.47,     100.21      
# span 15 = 1.0272e+03, 2.4709e+03      
# span 16 =    252.350,   1073.413      
# span 17 =       6057,      25763      
# span 18 =  1027.2409,  1030.4096      
# span 19 =  1027.2411,  1030.4069      
# span 20 =    33.8817,    34.5847      
# span 21 =    33.8818,    34.5815      
# span 22 =    7.91143,    8.45510      
# span 23 =         18,         48      
# span 24 = 0.0000e+00, 0.0000e+00      
# interval = decibars: 1                
# start_time = Jan 16 2022 22:51:40 [NMEA time, header]
# bad_flag = -9.990e-29
*END*
[from data line 522]
    526.000    519.923     0.2560  29.109393     0.2586  29.108848     4.7025     4.9460    -0.0096    98.9330 1.0000e-12  -73.13642 -113.95388  16.963726      47.25 2.3696e+03    965.913      23183  1030.1698  1030.1667    34.4900    34.4864    7.98541         38 0.0000e+00
    527.000    520.909     0.2620  29.116339     0.2646  29.115967     4.6889     4.9360    -0.0051    98.9217 1.0000e-12  -73.13642 -113.95389  16.963754      46.24 2.3649e+03    968.371      23242  1030.1755  1030.1726    34.4917    34.4884    7.98405         33 0.0000e+00
    528.000    521.897     0.2830  29.139755     0.2863  29.139252     4.6833     4.9307     0.0052    98.9139 1.0000e-12  -73.13642 -113.95388  16.963775      45.30 2.3559e+03    970.202      23286  1030.1837  1030.1799    34.4984    34.4940    7.97934         35 0.0000e+00
    529.000    522.885     0.2985  29.156328     0.3012  29.155820     4.6771     4.9256    -0.0032    98.8938 1.0000e-12  -73.13642 -113.95388  16.963792      44.32 2.3348e+03    971.602      23319  1030.1902  1030.1870    34.5023    34.4985    7.97592         35 0.0000e+00
    530.000    523.871     0.3075  29.166731     0.3102  29.165958     4.6713     4.9176     0.0003    98.8871 1.0000e-12  -73.13642 -113.95388  16.963811      43.25 2.3247e+03    973.275      23360  1030.1966  1030.1932    34.5052    34.5012    7.97388         38 0.0000e+00
    531.000    524.858     0.3190  29.179434     0.3217  29.178989     4.6707     4.9184     0.0041    98.8783 1.0000e-12  -73.13642 -113.95389  16.963838      42.16 2.3220e+03    975.626      23416  1030.2031  1030.2000    34.5084    34.5049    7.97133         36 0.0000e+00
    532.000    525.845     0.3537  29.217472     0.3567  29.216863     4.6562     4.9101     0.0013    98.8913 1.0000e-12  -73.13642 -113.95389  16.963867      41.24 2.2698e+03    978.072      23475  1030.2132  1030.2097    34.5189    34.5148    7.96358         37 0.0000e+00
    533.000    526.833     0.3834  29.249467     0.3874  29.248939     4.6511     4.8954     0.0027    98.8802 1.0000e-12  -73.13642 -113.95389  16.963886      40.31 2.2751e+03    979.711      23514  1030.2218  1030.2174    34.5269    34.5219    7.95700         35 0.0000e+00
    534.000    527.818     0.4157  29.284639     0.4182  29.283358     4.6452     4.8854    -0.0007    98.9005 1.0000e-12  -73.13642 -113.95388  16.963904      39.25 2.3015e+03    981.285      23552  1030.2312  1030.2275    34.5363    34.5318    7.94982         30 0.0000e+00
    535.000    528.807     0.4125  29.281546     0.4250  29.291469     4.6299     4.8775    -0.0001    98.9058 1.0000e-12  -73.13642 -113.95388  16.963955      38.16 2.2903e+03    985.734      23659  1030.2364  1030.2345    34.5352    34.5343    7.95054         26 0.0000e+00
    536.000    529.795     0.4474  29.319941     0.4506  29.318240     4.6173     4.8651    -0.0011    98.8853 1.0000e-12  -73.13642 -113.95388  16.963979      37.27 2.3324e+03    987.797      23708  1030.2466  1030.2419    34.5459    34.5401    7.94278         33 0.0000e+00
    537.000    530.779     0.4780  29.352425     0.4827  29.354001     4.6142     4.8552     0.0024    98.8725 1.0000e-12  -73.13642 -113.95388  16.964019      36.18 2.3427e+03    991.218      23790  1030.2551  1030.2524    34.5535    34.5503    7.93607         34 0.0000e+00
    538.000    531.768     0.5051  29.382169     0.5078  29.381355     4.6100     4.8507    -0.0031    98.8597 1.0000e-12  -73.13642 -113.95388  16.964046      35.21 2.3546e+03    993.599      23847  1030.2641  1030.2607    34.5614    34.5574    7.93007         39 0.0000e+00
    539.000    532.756     0.5180  29.396558     0.5219  29.397399     4.6006     4.8469     0.0016    98.8497 1.0000e-12  -73.13642 -113.95388  16.964071      34.17 2.3628e+03    995.748      23899  1030.2710  1030.2682    34.5652    34.5620    7.92722         37 0.0000e+00
    540.000    533.742     0.5272  29.406619     0.5298  29.405987     4.6013     4.8448     0.0058    98.8361 1.0000e-12  -73.13642 -113.95387  16.964106      33.15 2.3575e+03    998.773      23972  1030.2772  1030.2741    34.5675    34.5638    7.92521         35 0.0000e+00
    541.000    534.730     0.5326  29.412684     0.5356  29.412387     4.6000     4.8408     0.0195    98.8015 1.0000e-12  -73.13642 -113.95387  16.964125      32.22 2.3681e+03   1000.381      24010  1030.2827  1030.2795    34.5687    34.5650    7.92403         40 0.0000e+00
    542.000    535.713     0.5367  29.417722     0.5398  29.417431     4.5838     4.8291     0.0044    98.8300 1.0000e-12  -73.13642 -113.95387  16.964164      31.10 2.3799e+03   1003.785      24092  1030.2886  1030.2853    34.5702    34.5663    7.92312         29 0.0000e+00
    543.000    536.703     0.5646  29.448714     0.5697  29.450094     4.5657     4.8017     0.0022    98.8147 1.0000e-12  -73.13642 -113.95386  16.964193      30.16 2.3795e+03   1006.314      24153  1030.2977  1030.2941    34.5789    34.5750    7.91694         36 0.0000e+00
    544.000    537.692     0.5755  29.460203     0.5779  29.459411     4.5662     4.8050     0.0038    98.8089 1.0000e-12  -73.13642 -113.95386  16.964211      29.17 2.3689e+03   1007.806      24188  1030.3033  1030.3002    34.5810    34.5773    7.91458         35 0.0000e+00
    545.000    538.681     0.5751  29.460059     0.5779  29.460004     4.5625     4.8063     0.0061    98.7205 1.0000e-12  -73.13642 -113.95386  16.964257      28.06 2.3643e+03   1011.782      24284  1030.3083  1030.3055    34.5807    34.5775    7.91468         33 0.0000e+00
    546.000    539.665     0.5756  29.460973     0.5781  29.460492     4.5640     4.7991     0.0111    98.6754 1.0000e-12  -73.13642 -113.95386  16.964279      27.18 2.3568e+03   1013.691      24330  1030.3132  1030.3102    34.5808    34.5774    7.91458         35 0.0000e+00
    547.000    540.657     0.5777  29.463860     0.5796  29.462471     4.5616     4.7980     0.0100    98.6444 1.0000e-12  -73.13642 -113.95386  16.964300      26.05 2.3637e+03   1015.515      24373  1030.3184  1030.3152    34.5816    34.5777    7.91411         30 0.0000e+00
    548.000    541.639     0.5821  29.468772     0.5848  29.468540     4.5568     4.7992     0.0041    98.6241 1.0000e-12  -73.13642 -113.95387  16.964342      25.01 1.6280e+03   1019.136      24460  1030.3236  1030.3207    34.5825    34.5792    7.91316         34 0.0000e+00
    549.000    542.627     0.5829  29.470111     0.5854  29.469594     4.5573     4.7946     0.0067    98.6092 1.0000e-12  -73.13642 -113.95387  16.964366      24.02 1.7693e+03   1021.236      24511  1030.3285  1030.3256    34.5828    34.5794    7.91297         40 0.0000e+00
    550.000    543.615     0.5838  29.471460     0.5863  29.471025     4.5564     4.7946     0.0350    98.5753 1.0000e-12  -73.13642 -113.95388  16.964394      22.95 1.6138e+03   1023.679      24569  1030.3334  1030.3305    34.5830    34.5796    7.91279         42 0.0000e+00
    551.000    544.600     0.5844  29.472568     0.5869  29.472061     4.5522     4.7980     0.0074    98.5565 1.0000e-12  -73.13642 -113.95388  16.964426      21.95 1.7980e+03   1026.389      24634  1030.3382  1030.3354    34.5831    34.5797    7.91265         36 0.0000e+00
    552.000    545.589     0.5847  29.473157     0.5870  29.472717     4.5568     4.7984     0.0063    98.5368 1.0000e-12  -73.13642 -113.95388  16.964456      20.96 2.1818e+03   1028.976      24696  1030.3429  1030.3402    34.5831    34.5799    7.91261         37 0.0000e+00
    553.000    546.577     0.5847  29.473725     0.5872  29.473309     4.5576     4.7962     0.0054    98.5183 1.0000e-12  -73.13642 -113.95389  16.964484      19.92 1.7213e+03   1031.419      24755  1030.3477  1030.3449    34.5831    34.5799    7.91259         38 0.0000e+00
    554.000    547.563     0.5853  29.474799     0.5876  29.474241     4.5513     4.7954     0.0041    98.5486 1.0000e-12  -73.13642 -113.95389  16.964514      18.86 1.4377e+03   1033.983      24817  1030.3525  1030.3497    34.5834    34.5800    7.91247         31 0.0000e+00
    555.000    548.549     0.5860  29.476039     0.5884  29.475529     4.5571     4.7900     0.0096    98.5691 1.0000e-12  -73.13642 -113.95388  16.964545      17.90 1.5618e+03   1036.717      24882  1030.3573  1030.3545    34.5836    34.5802    7.91230         38 0.0000e+00
    556.000    549.537     0.5862  29.476556     0.5886  29.476141     4.5568     4.7931     0.0034    98.5180 1.0000e-12  -73.13642 -113.95389  16.964568      16.91 1.7754e+03   1038.646      24928  1030.3619  1030.3592    34.5835    34.5802    7.91227         43 0.0000e+00
    557.000    550.526     0.5861  29.477080     0.5886  29.476589     4.5581     4.7963     0.0085    98.5245 1.0000e-12  -73.13642 -113.95388  16.964603      15.78 1.6215e+03   1041.677      25001  1030.3668  1030.3639    34.5837    34.5802    7.91228         33 0.0000e+00
    558.000    551.510     0.5868  29.478070     0.5892  29.477647     4.5580     4.7929     0.0055    98.5429 1.0000e-12  -73.13642 -113.95388  16.964636      14.88 2.1044e+03   1044.509      25069  1030.3714  1030.3686    34.5836    34.5804    7.91214         37 0.0000e+00
    559.000    552.497     0.5870  29.478876     0.5895  29.478419     4.5568     4.7946     0.0115    98.5558 1.0000e-12  -73.13642 -113.95388  16.964653      13.90 2.2989e+03   1046.014      25105  1030.3762  1030.3734    34.5838    34.5804    7.91208         34 0.0000e+00
    560.000    553.483     0.5869  29.479206     0.5895  29.478996     4.5556     4.7948     0.0115    98.5457 1.0000e-12  -73.13642 -113.95388  16.964689      12.74 2.4108e+03   1049.103      25179  1030.3810  1030.3782    34.5838    34.5806    7.91211         29 0.0000e+00
    561.000    554.473     0.5884  29.481152     0.5909  29.480859     4.5543     4.7988     0.0073    98.5468 1.0000e-12  -73.13642 -113.95387  16.964719      11.81 2.4126e+03   1051.764      25243  1030.3858  1030.3830    34.5841    34.5809    7.91179         35 0.0000e+00
    562.000    555.458     0.5892  29.482619     0.5917  29.482248     4.5579     4.7969     0.0069    98.5438 1.0000e-12  -73.13642 -113.95387  16.964742      10.82 2.4193e+03   1053.713      25290  1030.3907  1030.3879    34.5845    34.5812    7.91160         39 0.0000e+00
    563.000    556.447     0.5889  29.482733     0.5913  29.482338     4.5545     4.7968     0.0017    98.5369 1.0000e-12  -73.13642 -113.95387  16.964775       9.65 2.3598e+03   1056.573      25359  1030.3954  1030.3926    34.5844    34.5812    7.91167         26 0.0000e+00
    564.000    557.432     0.5894  29.483646     0.5915  29.482951     4.5542     4.7985    -0.0004    98.5492 1.0000e-12  -73.13642 -113.95387  16.964809       8.71 2.2064e+03   1059.539      25430  1030.4001  1030.3973    34.5845    34.5812    7.91156         40 0.0000e+00
    565.000    558.422     0.5899  29.484756     0.5925  29.484523     4.5551     4.7961     0.0023    98.5451 1.0000e-12  -73.13642 -113.95386  16.964846       7.65 2.3500e+03   1062.711      25506  1030.4049  1030.4021    34.5847    34.5815    7.91143         37 0.0000e+00
    566.000    559.408     0.5891  29.484352     0.5918  29.484337     4.5587     4.8000    -0.0003    98.5411 1.0000e-12  -73.13642 -113.95387  16.964970       6.47 1.8568e+03   1073.413      25763  1030.4096  1030.4069    34.5845    34.5815    7.91161         48 0.0000e+00
