ocean_section_plots/required_files/ctd/dnbp2202_ctd074.cnv
* Sea-Bird SBE 9 Data File:
* FileName = D:\Data\raw\NBP2202_CTD074.hex
* Software Version Seasave V 7.26.7.121
* Temperature SN = 1649
* Conductivity SN = 2513
* Number of Bytes Per Scan = 40
* Number of Voltage Words = 5
* Number of Scans Averaged by the Deck Unit = 1
* NMEA Latitude = 74 01.09 S
* NMEA Longitude = 112 59.02 W
* NMEA UTC (Time) = Jan 26 2022  09:44:02
* NMEA baud rate = 9600
** Ship: RVIB N.B. Palmer
** Cruise: NBP2202 Thwaites
** Station: 55
** Operator: B Bjork
# nquan = 25
# nvalues = 553                         
# units = specified
# name 0 = prDM: Pressure, Digiquartz [db]
# name 1 = depSM: Depth [salt water, m]
# name 2 = t090C: Temperature [ITS-90, deg C]
# name 3 = c0mS/cm: Conductivity [mS/cm]
# name 4 = t190C: Temperature, 2 [ITS-90, deg C]
# name 5 = c1mS/cm: Conductivity, 2 [mS/cm]
# name 6 = sbeox0ML/L: Oxygen, SBE 43 [ml/l]
# name 7 = sbeox1ML/L: Oxygen, SBE 43, 2 [ml/l]
# name 8 = flECO-AFL: Fluorescence, WET Labs ECO-AFL/FL [mg/m^3]
# name 9 = CStarTr0: Beam Transmission, WET Labs C-Star [%]
# name 10 = par: PAR/Irradiance, Biospherical/Licor
# name 11 = latitude: Latitude [deg]
# name 12 = longitude: Longitude [deg]
# name 13 = timeJ: Julian Days
# name 14 = altM: Altimeter [m]
# name 15 = spar: SPAR, Biospherical/Licor
# name 16 = timeS: Time, Elapsed [seconds]
# name 17 = scan: Scan Count
# name 18 = density00: Density [density, kg/m^3]
# name 19 = density11: Density, 2 [density, kg/m^3]
# name 20 = sal00: Salinity, Practical [PSU]
# name 21 = sal11: Salinity, Practical, 2 [PSU]
# name 22 = oxsolML/L: Oxygen Saturation, Garcia & Gordon [ml/l]
# name 23 = nbin: number of scans per bin
# name 24 = flag: flag
# span 0 =      2.000,    554.000       
# span 1 =      1.977,    547.540       
# span 2 =    -1.4998,     0.1617       
# span 3 =  27.082825,  28.979592       
# span 4 =    -1.5001,     0.1636       
# span 5 =  27.082735,  28.979236       
# span 6 =     4.7160,     9.0079       
# span 7 =     4.8215,     9.2815       
# span 8 =    -0.0179,    29.4361       
# span 9 =    65.4657,    95.5647       
# span 10 = 1.0000e-12, 3.5673e+01      
# span 11 =  -74.01828,  -74.01828      
# span 12 = -112.98380, -112.98376      
# span 13 =  26.407207,  26.415370      
# span 14 =       4.88,     100.87      
# span 15 = 1.3075e+02, 1.3372e+02      
# span 16 =    140.642,    846.014      
# span 17 =       3376,      20305      
# span 18 =  1027.1913,  1030.2435      
# span 19 =  1027.1948,  1030.2412      
# span 20 =    33.8146,    34.4085      
# span 21 =    33.8182,    34.4059      
# span 22 =    8.00956,    8.39292      
# span 23 =         20,         49      
# span 24 = 0.0000e+00, 0.0000e+00      
# interval = decibars: 1                
# start_time = Jan 26 2022 09:44:02 [NMEA time, header]
# bad_flag = -9.990e-29
*END*
[from data line 116]
    118.000    116.746    -1.4346  27.105747    -1.4357  27.105630     6.6429     6.8386     1.8216    90.5377 1.0000e-12  -74.01828 -112.98376  26.409411      99.75 1.3222e+02    331.122       7948  1027.8845  1027.8854    33.9490    33.9501    8.38194         29 0.0000e+00
    119.000    117.735    -1.4400  27.102401    -1.4410  27.102575     6.6263     6.8243     1.8825    91.2650 1.0000e-12  -74.01828 -112.98378  26.409425      99.18 1.3222e+02    332.279       7976  1027.8903  1027.8913    33.9499    33.9512    8.38310         27 0.0000e+00
    120.000    118.726    -1.4506  27.095556    -1.4519  27.095231     6.6359     6.8263     1.6548    90.6808 1.0000e-12  -74.01828 -112.98376  26.409438      89.72 1.3222e+02    333.410       8003  1027.8971  1027.8981    33.9519    33.9530    8.38536         27 0.0000e+00
    121.000    119.712    -1.4515  27.095954    -1.4526  27.095734     6.6439     6.8273     1.5374    90.5207 1.0000e-12  -74.01828 -112.98378  26.409451      97.97 1.3247e+02    334.548       8030  1027.9027  1027.9034    33.9529    33.9537    8.38551         28 0.0000e+00
    122.000    120.703    -1.4509  27.097493    -1.4521  27.097178     6.6320     6.8198     1.4905    91.2228 1.0000e-12  -74.01828 -112.98378  26.409464      99.76 1.3242e+02    335.692       8058  1027.9080  1027.9087    33.9537    33.9545    8.38533         27 0.0000e+00
    123.000    121.692    -1.4516  27.097990    -1.4528  27.097718     6.5821     6.7766     1.7854    91.8681 1.0000e-12  -74.01828 -112.98377  26.409477      99.77 1.3372e+02    336.838       8085  1027.9134  1027.9143    33.9546    33.9556    8.38544         27 0.0000e+00
    124.000    122.680    -1.4565  27.096959    -1.4575  27.096523     6.5449     6.7405     1.8378    91.6171 1.0000e-12  -74.01828 -112.98377  26.409491      99.77 1.3235e+02    338.009       8113  1027.9213  1027.9217    33.9580    33.9586    8.38633         29 0.0000e+00
    125.000    123.669    -1.4577  27.098364    -1.4592  27.098053     6.5390     6.7393     2.4713    91.9644 1.0000e-12  -74.01828 -112.98376  26.409505      99.77 1.3222e+02    339.212       8142  1027.9283  1027.9293    33.9607    33.9619    8.38644         29 0.0000e+00
    126.000    124.659    -1.4680  27.090844    -1.4710  27.089417     6.5439     6.7260     1.9532    92.0660 1.0000e-12  -74.01828 -112.98378  26.409519      99.79 1.3222e+02    340.400       8171  1027.9341  1027.9355    33.9614    33.9629    8.38871         28 0.0000e+00
    127.000    125.647    -1.4753  27.085591    -1.4767  27.084863     6.5483     6.7286     1.2217    92.6945 1.0000e-12  -74.01828 -112.98378  26.409532      99.80 1.3222e+02    341.573       8199  1027.9396  1027.9401    33.9618    33.9624    8.39033         28 0.0000e+00
    128.000    126.637    -1.4692  27.090662    -1.4695  27.091124     6.5480     6.7266     1.0771    92.5042 1.0000e-12  -74.01828 -112.98378  26.409546      99.76 1.3222e+02    342.756       8227  1027.9435  1027.9443    33.9613    33.9623    8.38900         29 0.0000e+00
    129.000    127.627    -1.4803  27.082825    -1.4809  27.083278     6.5504     6.7329     0.8741    92.8678 1.0000e-12  -74.01828 -112.98378  26.409559      99.80 1.3222e+02    343.938       8256  1027.9499  1027.9510    33.9625    33.9639    8.39143         28 0.0000e+00
    130.000    128.614    -1.4817  27.082993    -1.4827  27.082735     6.5376     6.7230     0.9085    92.8554 1.0000e-12  -74.01828 -112.98378  26.409573      99.79 1.3222e+02    345.112       8284  1027.9555  1027.9562    33.9637    33.9644    8.39167         28 0.0000e+00
    131.000    129.604    -1.4803  27.085553    -1.4799  27.086418     6.5274     6.7099     0.9666    92.6647 1.0000e-12  -74.01828 -112.98378  26.409587      99.79 1.3222e+02    346.291       8312  1027.9613  1027.9618    33.9650    33.9658    8.39128         28 0.0000e+00
    132.000    130.593    -1.4686  27.097548    -1.4667  27.099235     6.5044     6.6830     1.0809    92.8755 1.0000e-12  -74.01828 -112.98378  26.409601      99.80 1.3222e+02    347.519       8341  1027.9673  1027.9674    33.9676    33.9678    8.38848         32 0.0000e+00
    133.000    131.583    -1.4635  27.102914    -1.4640  27.102727     6.4940     6.6739     1.0439    92.7484 1.0000e-12  -74.01828 -112.98378  26.409617      99.79 1.3222e+02    348.881       8374  1027.9727  1027.9729    33.9686    33.9689    8.38728         33 0.0000e+00
    134.000    132.571    -1.4584  27.108913    -1.4601  27.108575     6.5137     6.6983     0.7710    92.8954 1.0000e-12  -74.01828 -112.98378  26.409632      99.80 1.3222e+02    350.248       8407  1027.9787  1027.9799    33.9704    33.9719    8.38602         33 0.0000e+00
    135.000    133.561    -1.4803  27.091651    -1.4824  27.090663     6.5325     6.7080     0.7670    93.0295 1.0000e-12  -74.01828 -112.98378  26.409648      99.80 1.3222e+02    351.572       8439  1027.9852  1027.9861    33.9709    33.9719    8.39093         31 0.0000e+00
    136.000    134.549    -1.4833  27.089714    -1.4842  27.089503     6.5312     6.7097     0.6486    92.8955 1.0000e-12  -74.01828 -112.98378  26.409663      99.80 1.3222e+02    352.884       8470  1027.9903  1027.9908    33.9711    33.9718    8.39160         32 0.0000e+00
    137.000    135.538    -1.4845  27.089392    -1.4857  27.088940     6.5315     6.7112     0.7260    93.1232 1.0000e-12  -74.01828 -112.98378  26.409679      99.80 1.3246e+02    354.254       8503  1027.9952  1027.9959    33.9713    33.9720    8.39185         30 0.0000e+00
    138.000    136.528    -1.4855  27.089199    -1.4856  27.089470     6.5320     6.7105     0.8456    93.2346 1.0000e-12  -74.01828 -112.98379  26.409696      99.79 1.3249e+02    355.697       8538  1028.0003  1028.0006    33.9716    33.9721    8.39206         32 0.0000e+00
    139.000    137.516    -1.4863  27.089366    -1.4871  27.088978     6.5169     6.7083     1.1117    93.7289 1.0000e-12  -74.01828 -112.98379  26.409712      99.77 1.3275e+02    357.092       8571  1028.0054  1028.0057    33.9721    33.9724    8.39221         33 0.0000e+00
    140.000    138.505    -1.4835  27.093199    -1.4838  27.093200     6.5142     6.6994     0.9628    93.1967 1.0000e-12  -74.01828 -112.98379  26.409727      95.07 1.3234e+02    358.447       8604  1028.0112  1028.0114    33.9735    33.9738    8.39148         33 0.0000e+00
    141.000    139.494    -1.4813  27.095773    -1.4827  27.094840     6.5086     6.6905     1.5546    93.2097 1.0000e-12  -74.01828 -112.98379  26.409743      88.83 1.3222e+02    359.809       8636  1028.0162  1028.0165    33.9740    33.9743    8.39097         32 0.0000e+00
    142.000    140.483    -1.4816  27.096332    -1.4823  27.096102     6.4931     6.6764     0.8898    93.7503 1.0000e-12  -74.01828 -112.98378  26.409759      99.89 1.3222e+02    361.136       8668  1028.0214  1028.0217    33.9745    33.9749    8.39101         31 0.0000e+00
    143.000    141.473    -1.4776  27.101656    -1.4782  27.101124     6.4731     6.6586     0.9727    93.3541 1.0000e-12  -74.01828 -112.98379  26.409774      99.79 1.3222e+02    362.468       8700  1028.0277  1028.0277    33.9766    33.9766    8.38997         33 0.0000e+00
    144.000    142.461    -1.4720  27.107352    -1.4739  27.106112     6.4559     6.6418     0.5712    93.0623 1.0000e-12  -74.01828 -112.98379  26.409790      99.80 1.3222e+02    363.835       8733  1028.0329  1028.0332    33.9775    33.9779    8.38866         30 0.0000e+00
    145.000    143.449    -1.4693  27.110545    -1.4692  27.110500     6.4211     6.6156     0.6385    93.2196 1.0000e-12  -74.01828 -112.98379  26.409806      99.78 1.3222e+02    365.218       8766  1028.0380  1028.0379    33.9781    33.9780    8.38800         34 0.0000e+00
    146.000    144.440    -1.4555  27.123813    -1.4556  27.123277     6.3511     6.5514     0.8062    93.3716 1.0000e-12  -74.01828 -112.98379  26.409822      99.81 1.3222e+02    366.604       8800  1028.0436  1028.0432    33.9801    33.9796    8.38478         33 0.0000e+00
    147.000    145.427    -1.4430  27.136446    -1.4443  27.134922     6.3020     6.5019     0.7588    93.7879 1.0000e-12  -74.01828 -112.98379  26.409836      99.80 1.3222e+02    367.819       8829  1028.0499  1028.0494    33.9827    33.9820    8.38182         25 0.0000e+00
    148.000    146.417    -1.4143  27.163732    -1.4145  27.163309     6.2855     6.4817     1.2077    93.6344 1.0000e-12  -74.01828 -112.98379  26.409847      99.80 1.3222e+02    368.819       8853  1028.0564  1028.0562    33.9871    33.9867    8.37510         24 0.0000e+00
    149.000    147.406    -1.4144  27.164746    -1.4152  27.164242     6.2851     6.4684     0.5363    93.7348 1.0000e-12  -74.01828 -112.98379  26.409859      99.80 1.3222e+02    369.850       8877  1028.0622  1028.0624    33.9879    33.9881    8.37507         25 0.0000e+00
    150.000    148.395    -1.4151  27.165128    -1.4151  27.165223     6.2983     6.4746     0.3590    93.6877 1.0000e-12  -74.01828 -112.98379  26.409872      99.81 1.3222e+02    370.919       8903  1028.0678  1028.0678    33.9886    33.9887    8.37518         27 0.0000e+00
    151.000    149.383    -1.4111  27.169458    -1.4117  27.169274     6.3124     6.4845     0.3927    93.9945 1.0000e-12  -74.01828 -112.98379  26.409884      96.62 1.3222e+02    372.012       8929  1028.0732  1028.0734    33.9895    33.9898    8.37425         26 0.0000e+00
    152.000    150.372    -1.4222  27.161216    -1.4223  27.161218     6.3228     6.4861     0.4200    93.4081 1.0000e-12  -74.01828 -112.98378  26.409897      91.92 1.3222e+02    373.129       8956  1028.0792  1028.0794    33.9900    33.9902    8.37669         27 0.0000e+00
    153.000    151.363    -1.4238  27.160270    -1.4258  27.158760     6.3469     6.5149     0.4658    93.9037 1.0000e-12  -74.01828 -112.98380  26.409910      98.18 1.3222e+02    374.231       8983  1028.0842  1028.0844    33.9900    33.9901    8.37707         26 0.0000e+00
    154.000    152.349    -1.4301  27.155412    -1.4314  27.154872     6.3677     6.5350     0.5867    93.8949 1.0000e-12  -74.01828 -112.98378  26.409922      99.82 1.3222e+02    375.283       9008  1028.0894  1028.0900    33.9899    33.9906    8.37850         24 0.0000e+00
    155.000    153.340    -1.4465  27.143124    -1.4468  27.143035     6.3663     6.5284     0.4445    94.4138 1.0000e-12  -74.01828 -112.98378  26.409934      99.78 1.3222e+02    376.295       9032  1028.0960  1028.0962    33.9909    33.9911    8.38211         25 0.0000e+00
    156.000    154.329    -1.4527  27.138934    -1.4533  27.138615     6.3543     6.5143     0.3701    94.3107 1.0000e-12  -74.01828 -112.98378  26.409946      99.81 1.3222e+02    377.297       9056  1028.1017  1028.1019    33.9916    33.9917    8.38347         24 0.0000e+00
    157.000    155.317    -1.4389  27.154083    -1.4386  27.154095     6.3494     6.5101     0.3742    94.1679 1.0000e-12  -74.01828 -112.98380  26.409957      99.80 1.3222e+02    378.310       9080  1028.1094  1028.1090    33.9961    33.9958    8.38010         24 0.0000e+00
    158.000    156.307    -1.4452  27.150399    -1.4462  27.150067     6.3582     6.5264     0.3868    94.2551 1.0000e-12  -74.01828 -112.98380  26.409969      99.79 1.3222e+02    379.342       9105  1028.1157  1028.1162    33.9976    33.9982    8.38143         25 0.0000e+00
    159.000    157.295    -1.4479  27.148733    -1.4472  27.149520     6.3702     6.5511     0.5079    94.3976 1.0000e-12  -74.01828 -112.98380  26.409982      99.80 1.3222e+02    380.416       9131  1028.1208  1028.1209    33.9977    33.9980    8.38202         26 0.0000e+00
    160.000    158.284    -1.4646  27.134726    -1.4668  27.133357     6.3783     6.5492     0.4755    94.0232 1.0000e-12  -74.01828 -112.98378  26.409994      99.81 1.3222e+02    381.481       9157  1028.1258  1028.1265    33.9968    33.9974    8.38584         25 0.0000e+00
    161.000    159.272    -1.4657  27.134811    -1.4659  27.134721     6.3699     6.5430     0.4710    94.4314 1.0000e-12  -74.01828 -112.98378  26.410006      99.80 1.3222e+02    382.520       9181  1028.1312  1028.1313    33.9975    33.9976    8.38604         26 0.0000e+00
    162.000    160.263    -1.4603  27.140288    -1.4607  27.139951     6.3694     6.5430     0.5144    94.6165 1.0000e-12  -74.01828 -112.98378  26.410018      99.81 1.3222e+02    383.559       9206  1028.1362  1028.1363    33.9983    33.9983    8.38478         24 0.0000e+00
    163.000    161.251    -1.4601  27.141079    -1.4613  27.140282     6.3731     6.5430     0.3331    94.0493 1.0000e-12  -74.01828 -112.98378  26.410030      99.80 1.3222e+02    384.599       9231  1028.1411  1028.1414    33.9985    33.9988    8.38472         25 0.0000e+00
    164.000    162.238    -1.4639  27.138617    -1.4645  27.138361     6.3824     6.5504     0.3142    94.3550 1.0000e-12  -74.01828 -112.98378  26.410042      98.35 1.3222e+02    385.617       9256  1028.1464  1028.1467    33.9989    33.9992    8.38556         25 0.0000e+00
    165.000    163.230    -1.4705  27.133839    -1.4720  27.132816     6.3987     6.5687     0.3587    94.6567 1.0000e-12  -74.01828 -112.98378  26.410054      98.92 1.3222e+02    386.635       9280  1028.1518  1028.1522    33.9992    33.9995    8.38703         24 0.0000e+00
    166.000    164.217    -1.4860  27.122313    -1.4880  27.121113     6.3836     6.5631     0.5745    94.7556 1.0000e-12  -74.01828 -112.98378  26.410066      99.81 1.3222e+02    387.673       9305  1028.1584  1028.1590    34.0003    34.0009    8.39045         25 0.0000e+00
    167.000    165.206    -1.4902  27.119939    -1.4905  27.119770     6.3854     6.5659     0.8995    94.4940 1.0000e-12  -74.01828 -112.98378  26.410078      99.80 1.3222e+02    388.731       9331  1028.1641  1028.1642    34.0012    34.0013    8.39136         25 0.0000e+00
    168.000    166.195    -1.4838  27.127022    -1.4841  27.126419     6.3739     6.5571     0.5640    94.2163 1.0000e-12  -74.01828 -112.98378  26.410090      99.80 1.3222e+02    389.776       9356  1028.1699  1028.1695    34.0030    34.0025    8.38980         26 0.0000e+00
    169.000    167.184    -1.4726  27.138045    -1.4731  27.137453     6.3301     6.5195     0.2595    94.0994 1.0000e-12  -74.01828 -112.98378  26.410102      99.81 1.3222e+02    390.790       9380  1028.1754  1028.1752    34.0049    34.0046    8.38717         24 0.0000e+00
    170.000    168.173    -1.4652  27.145582    -1.4592  27.150115     6.2772     6.4745     0.3609    94.7109 1.0000e-12  -74.01828 -112.98378  26.410113      99.81 1.3222e+02    391.789       9404  1028.1808  1028.1799    34.0062    34.0056    8.38542         24 0.0000e+00
    171.000    169.162    -1.4238  27.182321    -1.4272  27.178730     6.2488     6.4454     0.2284    93.7532 1.0000e-12  -74.01828 -112.98378  26.410125      99.81 1.3222e+02    392.789       9428  1028.1853  1028.1846    34.0091    34.0080    8.37593         24 0.0000e+00
    172.000    170.151    -1.4060  27.197699    -1.4114  27.192831     6.2143     6.4037     0.3992    94.5395 1.0000e-12  -74.01828 -112.98378  26.410136      99.81 1.3222e+02    393.792       9452  1028.1894  1028.1893    34.0094    34.0088    8.37190         23 0.0000e+00
    173.000    171.138    -1.3910  27.211533    -1.3926  27.209679     6.1865     6.3637     0.3961    94.9335 1.0000e-12  -74.01828 -112.98378  26.410148      99.80 1.3222e+02    394.790       9476  1028.1946  1028.1941    34.0108    34.0101    8.36846         24 0.0000e+00
    174.000    172.129    -1.3786  27.223648    -1.3756  27.225230     6.1832     6.3593     0.7244    94.5852 1.0000e-12  -74.01828 -112.98378  26.410160      99.80 1.3222e+02    395.791       9500  1028.2004  1028.1991    34.0127    34.0114    8.36557         25 0.0000e+00
