ocean_section_plots/required_files/ctd/dnbp2202_ctd084.cnv
* Sea-Bird SBE 9 Data File:
* FileName = D:\Data\raw\NBP2202_CTD084.hex
* Software Version Seasave V 7.26.7.121
* Temperature SN = 1649
* Conductivity SN = 2513
* Number of Bytes Per Scan = 40
* Number of Voltage Words = 5
* Number of Scans Averaged by the Deck Unit = 1
* NMEA Latitude = 74 10.51 S
* NMEA Longitude = 113 20.67 W
* NMEA UTC (Time) = Jan 26 2022  19:01:51
* NMEA baud rate = 9600
** Ship: RVIB N.B. Palmer
** Cruise: NBP2202 Thwaites
** Station: YoYo001
** Operator: A. Robinson
# nquan = 25
# nvalues = 607                         
# units = specified
# name 0 = prDM: Pressure, Digiquartz [db]
# name 1 = depSM: Depth [salt water, m]
# name 2 = t090C: Temperature [ITS-90, deg C]
# name 3 = c0mS/cm: Conductivity [mS/cm]
# name 4 = t190C: Temperature, 2 [ITS-90, deg C]
# name 5 = c1mS/cm: Conductivity, 2 [mS/cm]
# name 6 = sbeox0ML/L: Oxygen, SBE 43 [ml/l]
# name 7 = sbeox1ML/L: Oxygen, SBE 43, 2 [ml/l]
# name 8 = flECO-AFL: Fluorescence, WET Labs ECO-AFL/FL [mg/m^3]
# name 9 = CStarTr0: Beam Transmission, WET Labs C-Star [%]
# name 10 = par: PAR/Irradiance, Biospherical/Licor
# name 11 = latitude: Latitude [deg]
# name 12 = longitude: Longitude [deg]
# name 13 = timeJ: Julian Days
# name 14 = altM: Altimeter [m]
# name 15 = spar: SPAR, Biospherical/Licor
# name 16 = timeS: Time, Elapsed [seconds]
# name 17 = scan: Scan Count
# name 18 = density00: Density [density, kg/m^3]
# name 19 = density11: Density, 2 [density, kg/m^3]
# name 20 = sal00: Salinity, Practical [PSU]
# name 21 = sal11: Salinity, Practical, 2 [PSU]
# name 22 = oxsolML/L: Oxygen Saturation, Garcia & Gordon [ml/l]
# name 23 = nbin: number of scans per bin
# name 24 = flag: flag
# span 0 =     10.000,    616.000       
# span 1 =      9.897,    608.722       
# span 2 =    -1.5778,     0.0985       
# span 3 =  26.952279,  28.928054       
# span 4 =    -1.5771,     0.1007       
# span 5 =  26.952339,  28.927795       
# span 6 =     4.6894,     8.7456       
# span 7 =     4.7711,     8.6374       
# span 8 =    -0.0224,    23.8710       
# span 9 =    68.2823,    95.7486       
# span 10 = 1.0000e-12, 8.1045e+01      
# span 11 =  -74.17530,  -74.17528      
# span 12 = -113.34462, -113.34458      
# span 13 =  26.793245,  26.802171      
# span 14 =       4.44,     100.19      
# span 15 = 1.6275e+03, 2.1035e+03      
# span 16 =     25.373,    796.562      
# span 17 =        610,      19118      
# span 18 =  1027.2228,  1030.5175      
# span 19 =  1027.2212,  1030.5152      
# span 20 =    33.7914,    34.3827      
# span 21 =    33.7891,    34.3799      
# span 22 =    8.02421,    8.41417      
# span 23 =         16,         55      
# span 24 = 0.0000e+00, 0.0000e+00      
# interval = decibars: 1                
# start_time = Jan 26 2022 19:01:51 [NMEA time, header]
# bad_flag = -9.990e-29
*END*
[from data line 406]
    416.000    411.282    -0.1777  28.533982    -0.1759  28.533398     4.7791     4.8648    -0.0098    95.4645 1.0000e-12  -74.17528 -113.34461  26.798825      99.87 1.7123e+03    507.520      12181  1029.5116  1029.5093    34.2808    34.2780    8.08811         28 0.0000e+00
    417.000    412.269    -0.1785  28.533484    -0.1767  28.532988     4.7784     4.8671    -0.0097    95.4459 1.0000e-12  -74.17528 -113.34461  26.798839      99.87 1.7104e+03    508.706      12210  1029.5162  1029.5140    34.2805    34.2778    8.08830         29 0.0000e+00
    418.000    413.256    -0.1746  28.538135    -0.1727  28.537713     4.7777     4.8634    -0.0030    95.4582 1.0000e-12  -74.17528 -113.34461  26.798853      99.87 1.7088e+03    509.902      12239  1029.5216  1029.5194    34.2816    34.2790    8.08740         28 0.0000e+00
    419.000    414.244    -0.1714  28.541984    -0.1691  28.541920     4.7726     4.8610    -0.0129    95.4474 1.0000e-12  -74.17528 -113.34460  26.798867      99.86 1.7096e+03    511.106      12268  1029.5268  1029.5246    34.2825    34.2799    8.08666         29 0.0000e+00
    420.000    415.232    -0.1672  28.546946    -0.1651  28.546787     4.7766     4.8662    -0.0106    95.4525 1.0000e-12  -74.17528 -113.34460  26.798881      99.87 1.7103e+03    512.316      12297  1029.5323  1029.5301    34.2839    34.2813    8.08571         30 0.0000e+00
    421.000    416.220    -0.1652  28.549637    -0.1632  28.549260     4.7718     4.8648    -0.0103    95.4415 1.0000e-12  -74.17528 -113.34460  26.798895      99.87 1.7119e+03    513.530      12326  1029.5375  1029.5352    34.2846    34.2819    8.08524         28 0.0000e+00
    422.000    417.206    -0.1632  28.552439    -0.1604  28.552731     4.7728     4.8595    -0.0102    95.4610 1.0000e-12  -74.17528 -113.34460  26.798909      99.87 1.7124e+03    514.714      12354  1029.5428  1029.5404    34.2855    34.2828    8.08477         29 0.0000e+00
    423.000    418.194    -0.1539  28.563023    -0.1520  28.562551     4.7737     4.8543    -0.0153    95.4572 1.0000e-12  -74.17528 -113.34460  26.798922      78.14 1.7131e+03    515.892      12382  1029.5493  1029.5469    34.2885    34.2857    8.08263         28 0.0000e+00
    424.000    419.184    -0.1538  28.564096    -0.1521  28.563585     4.7733     4.8584    -0.0069    95.4572 1.0000e-12  -74.17528 -113.34460  26.798936      87.80 1.7144e+03    517.064      12411  1029.5547  1029.5525    34.2892    34.2867    8.08257         28 0.0000e+00
    425.000    420.168    -0.1560  28.562766    -0.1539  28.562635     4.7718     4.8610    -0.0012    95.4477 1.0000e-12  -74.17528 -113.34460  26.798950      93.46 1.7174e+03    518.247      12439  1029.5597  1029.5576    34.2893    34.2869    8.08303         29 0.0000e+00
    426.000    421.158    -0.1571  28.562276    -0.1556  28.561638     4.7740     4.8573    -0.0091    95.4582 1.0000e-12  -74.17528 -113.34460  26.798963      99.79 1.7185e+03    519.444      12468  1029.5646  1029.5624    34.2894    34.2868    8.08326         29 0.0000e+00
    427.000    422.145    -0.1574  28.562661    -0.1553  28.562399     4.7781     4.8553    -0.0145    95.4535 1.0000e-12  -74.17528 -113.34460  26.798977      99.86 1.7202e+03    520.640      12496  1029.5696  1029.5673    34.2896    34.2869    8.08330         28 0.0000e+00
    428.000    423.133    -0.1569  28.563429    -0.1550  28.563103     4.7750     4.8532    -0.0105    95.4609 1.0000e-12  -74.17528 -113.34460  26.798991      99.88 1.7212e+03    521.819      12525  1029.5742  1029.5721    34.2894    34.2869    8.08321         28 0.0000e+00
    429.000    424.119    -0.1563  28.564653    -0.1544  28.564219     4.7711     4.8565    -0.0115    95.4495 1.0000e-12  -74.17528 -113.34460  26.799004      99.87 1.7214e+03    522.989      12553  1029.5792  1029.5769    34.2898    34.2871    8.08306         29 0.0000e+00
    430.000    425.109    -0.1550  28.566514    -0.1535  28.565751     4.7711     4.8594    -0.0108    95.4256 1.0000e-12  -74.17528 -113.34460  26.799018      99.87 1.7200e+03    524.159      12581  1029.5842  1029.5819    34.2902    34.2875    8.08277         28 0.0000e+00
    431.000    426.095    -0.1534  28.568725    -0.1516  28.568287     4.7694     4.8592    -0.0093    95.4359 1.0000e-12  -74.17528 -113.34460  26.799032      99.87 1.7222e+03    525.339      12609  1029.5893  1029.5870    34.2908    34.2881    8.08239         28 0.0000e+00
    432.000    427.084    -0.1541  28.568495    -0.1523  28.568039     4.7667     4.8579    -0.0106    95.4175 1.0000e-12  -74.17528 -113.34460  26.799046      99.87 1.7246e+03    526.532      12638  1029.5940  1029.5918    34.2907    34.2880    8.08255         28 0.0000e+00
    433.000    428.070    -0.1531  28.570121    -0.1507  28.570085     4.7677     4.8557    -0.0106    95.4423 1.0000e-12  -74.17528 -113.34460  26.799059      99.87 1.7282e+03    527.735      12667  1029.5990  1029.5967    34.2911    34.2884    8.08231         30 0.0000e+00
    434.000    429.058    -0.1519  28.571775    -0.1497  28.571728     4.7658     4.8543    -0.0088    95.4325 1.0000e-12  -74.17528 -113.34460  26.799073      81.12 1.7325e+03    528.920      12695  1029.6038  1029.6017    34.2913    34.2888    8.08204         28 0.0000e+00
    435.000    430.046    -0.1479  28.576265    -0.1464  28.575417     4.7666     4.8537    -0.0034    95.4064 1.0000e-12  -74.17528 -113.34460  26.799087      85.75 1.7362e+03    530.085      12723  1029.6090  1029.6066    34.2923    34.2894    8.08115         27 0.0000e+00
    436.000    431.033    -0.1443  28.581057    -0.1424  28.580449     4.7673     4.8518    -0.0167    95.4230 1.0000e-12  -74.17528 -113.34460  26.799100      99.84 1.7410e+03    531.265      12751  1029.6148  1029.6123    34.2940    34.2910    8.08029         29 0.0000e+00
    437.000    432.021    -0.1402  28.585937    -0.1384  28.585489     4.7646     4.8476    -0.0126    95.4292 1.0000e-12  -74.17528 -113.34460  26.799114      99.86 1.7445e+03    532.470      12780  1029.6203  1029.6181    34.2953    34.2927    8.07935         30 0.0000e+00
    438.000    433.009    -0.1318  28.595646    -0.1292  28.595625     4.7623     4.8514    -0.0140    95.4377 1.0000e-12  -74.17528 -113.34460  26.799128      99.87 1.7498e+03    533.688      12810  1029.6266  1029.6241    34.2981    34.2952    8.07740         29 0.0000e+00
    439.000    433.995    -0.1230  28.605293    -0.1229  28.602961     4.7601     4.8502    -0.0143    95.4326 1.0000e-12  -74.17528 -113.34460  26.799142      99.87 1.7528e+03    534.905      12839  1029.6326  1029.6300    34.3005    34.2973    8.07541         29 0.0000e+00
    440.000    434.984    -0.1227  28.605702    -0.1211  28.605113     4.7576     4.8426    -0.0174    95.4223 1.0000e-12  -74.17528 -113.34460  26.799156      99.86 1.7533e+03    536.096      12867  1029.6371  1029.6349    34.3001    34.2975    8.07537         28 0.0000e+00
    441.000    435.972    -0.1177  28.611461    -0.1155  28.611243     4.7560     4.8424    -0.0182    95.4077 1.0000e-12  -74.17528 -113.34460  26.799170      99.87 1.7494e+03    537.255      12895  1029.6425  1029.6401    34.3015    34.2988    8.07423         28 0.0000e+00
    442.000    436.957    -0.1164  28.613235    -0.1145  28.612963     4.7616     4.8482    -0.0126    95.4282 1.0000e-12  -74.17528 -113.34460  26.799183      99.87 1.7461e+03    538.410      12923  1029.6475  1029.6454    34.3018    34.2993    8.07394         27 0.0000e+00
    443.000    437.947    -0.1167  28.613120    -0.1149  28.612577     4.7638     4.8491    -0.0029    95.4455 1.0000e-12  -74.17528 -113.34460  26.799197      99.87 1.7421e+03    539.580      12951  1029.6520  1029.6497    34.3014    34.2987    8.07402         28 0.0000e+00
    444.000    438.934    -0.1150  28.615443    -0.1132  28.614903     4.7630     4.8420    -0.0143    95.4576 1.0000e-12  -74.17528 -113.34460  26.799210      99.87 1.7370e+03    540.772      12980  1029.6572  1029.6549    34.3021    34.2994    8.07364         30 0.0000e+00
    445.000    439.921    -0.1147  28.617004    -0.1129  28.616641     4.7643     4.8400    -0.0161    95.4627 1.0000e-12  -74.17528 -113.34460  26.799224      99.87 1.7327e+03    541.981      13009  1029.6628  1029.6607    34.3031    34.3006    8.07350         28 0.0000e+00
    446.000    440.909    -0.1146  28.618350    -0.1128  28.617759     4.7538     4.8429    -0.0086    95.4921 1.0000e-12  -74.17528 -113.34460  26.799238      88.49 1.7293e+03    543.178      13037  1029.6685  1029.6661    34.3043    34.3014    8.07343         27 0.0000e+00
    447.000    441.897    -0.1144  28.618854    -0.1122  28.618599     4.7577     4.8457    -0.0029    95.4750 1.0000e-12  -74.17528 -113.34460  26.799252      97.23 1.7268e+03    544.332      13065  1029.6731  1029.6707    34.3041    34.3013    8.07339         28 0.0000e+00
    448.000    442.883    -0.1138  28.619916    -0.1116  28.619749     4.7614     4.8465    -0.0098    95.4939 1.0000e-12  -74.17528 -113.34460  26.799265      99.83 1.7251e+03    545.482      13093  1029.6779  1029.6756    34.3042    34.3016    8.07326         27 0.0000e+00
    449.000    443.871    -0.1128  28.621218    -0.1115  28.620361     4.7645     4.8464    -0.0121    95.4839 1.0000e-12  -74.17528 -113.34460  26.799278      99.86 1.7239e+03    546.646      13121  1029.6826  1029.6805    34.3042    34.3016    8.07304         28 0.0000e+00
    450.000    444.859    -0.1126  28.622090    -0.1114  28.620922     4.7620     4.8423    -0.0125    95.4912 1.0000e-12  -74.17528 -113.34460  26.799292      99.87 1.7207e+03    547.848      13149  1029.6876  1029.6852    34.3045    34.3017    8.07298         29 0.0000e+00
    451.000    445.847    -0.1133  28.621769    -0.1111  28.621645     4.7593     4.8405    -0.0052    95.4928 1.0000e-12  -74.17528 -113.34460  26.799306      99.86 1.7198e+03    549.069      13179  1029.6923  1029.6900    34.3043    34.3017    8.07314         30 0.0000e+00
    452.000    446.834    -0.1132  28.622348    -0.1111  28.622119     4.7635     4.8529    -0.0103    95.5051 1.0000e-12  -74.17528 -113.34460  26.799320      99.87 1.7194e+03    550.280      13208  1029.6970  1029.6948    34.3044    34.3018    8.07312         28 0.0000e+00
    453.000    447.821    -0.1151  28.620883    -0.1129  28.620861     4.7648     4.8442    -0.0138    95.4910 1.0000e-12  -74.17528 -113.34460  26.799334      99.87 1.7206e+03    551.468      13236  1029.7017  1029.6995    34.3041    34.3015    8.07355         29 0.0000e+00
    454.000    448.809    -0.1180  28.618748    -0.1164  28.618017     4.7652     4.8417    -0.0178    95.4771 1.0000e-12  -74.17528 -113.34460  26.799348      99.86 1.7223e+03    552.656      13265  1029.7065  1029.7042    34.3039    34.3011    8.07417         29 0.0000e+00
    455.000    449.797    -0.1128  28.624999    -0.1100  28.625278     4.7564     4.8388    -0.0186    95.4921 1.0000e-12  -74.17528 -113.34460  26.799361      99.87 1.7236e+03    553.826      13293  1029.7123  1029.7099    34.3057    34.3030    8.07297         27 0.0000e+00
    456.000    450.783    -0.1077  28.631187    -0.1059  28.630640     4.7521     4.8432    -0.0180    95.4797 1.0000e-12  -74.17528 -113.34460  26.799375      81.63 1.7242e+03    554.972      13320  1029.7181  1029.7158    34.3076    34.3048    8.07178         27 0.0000e+00
    457.000    451.772    -0.1057  28.634018    -0.1039  28.633605     4.7527     4.8428    -0.0107    95.4821 1.0000e-12  -74.17528 -113.34460  26.799388      83.11 1.7220e+03    556.121      13348  1029.7234  1029.7213    34.3086    34.3060    8.07131         28 0.0000e+00
    458.000    452.759    -0.1052  28.635701    -0.1032  28.635379     4.7581     4.8350    -0.0092    95.4618 1.0000e-12  -74.17528 -113.34460  26.799402      99.50 1.7222e+03    557.293      13376  1029.7289  1029.7267    34.3095    34.3069    8.07113         29 0.0000e+00
    459.000    453.746    -0.1048  28.636876    -0.1027  28.636585     4.7591     4.8373    -0.0035    95.4724 1.0000e-12  -74.17528 -113.34460  26.799415      99.86 1.7206e+03    558.490      13405  1029.7342  1029.7318    34.3101    34.3074    8.07103         29 0.0000e+00
    460.000    454.733    -0.1022  28.640641    -0.0999  28.640620     4.7528     4.8374    -0.0094    95.4787 1.0000e-12  -74.17528 -113.34460  26.799429      99.87 1.7188e+03    559.700      13434  1029.7398  1029.7376    34.3116    34.3090    8.07038         29 0.0000e+00
    461.000    455.721    -0.0998  28.643681    -0.0977  28.643658     4.7529     4.8411    -0.0095    95.4682 1.0000e-12  -74.17528 -113.34460  26.799443      99.87 1.7188e+03    560.898      13463  1029.7450  1029.7429    34.3124    34.3100    8.06985         29 0.0000e+00
    462.000    456.709    -0.0984  28.646014    -0.0964  28.645649     4.7560     4.8412    -0.0123    95.4505 1.0000e-12  -74.17528 -113.34460  26.799457      99.86 1.7187e+03    562.071      13491  1029.7504  1029.7481    34.3133    34.3105    8.06949         27 0.0000e+00
    463.000    457.696    -0.0985  28.646621    -0.0969  28.646057     4.7583     4.8433    -0.0140    95.4471 1.0000e-12  -74.17528 -113.34460  26.799470      99.88 1.7173e+03    563.222      13518  1029.7554  1029.7533    34.3136    34.3111    8.06950         28 0.0000e+00
    464.000    458.684    -0.1004  28.645769    -0.0986  28.645455     4.7582     4.8438    -0.0096    95.4453 1.0000e-12  -74.17528 -113.34460  26.799484      99.87 1.7173e+03    564.389      13546  1029.7607  1029.7586    34.3140    34.3116    8.06988         28 0.0000e+00
    465.000    459.671    -0.1016  28.645325    -0.0997  28.644966     4.7614     4.8443    -0.0110    95.4237 1.0000e-12  -74.17528 -113.34460  26.799497      99.87 1.7173e+03    565.582      13575  1029.7657  1029.7635    34.3142    34.3116    8.07012         29 0.0000e+00
    466.000    460.659    -0.1030  28.644633    -0.1010  28.644474     4.7647     4.8450    -0.0049    95.4058 1.0000e-12  -74.17528 -113.34460  26.799512      99.87 1.7194e+03    566.797      13604  1029.7706  1029.7685    34.3142    34.3118    8.07041         29 0.0000e+00
    467.000    461.645    -0.1015  28.646800    -0.1002  28.645783     4.7639     4.8472    -0.0014    95.3560 1.0000e-12  -74.17528 -113.34460  26.799526      99.87 1.7237e+03    568.006      13633  1029.7757  1029.7733    34.3149    34.3121    8.07006         29 0.0000e+00
    468.000    462.634    -0.1015  28.647583    -0.0995  28.647288     4.7674     4.8475    -0.0089    95.2551 1.0000e-12  -74.17528 -113.34460  26.799539      84.74 1.7294e+03    569.206      13662  1029.7807  1029.7785    34.3153    34.3127    8.07004         29 0.0000e+00
    469.000    463.620    -0.1033  28.646846    -0.1008  28.647102     4.7627     4.8499    -0.0017    95.2530 1.0000e-12  -74.17528 -113.34460  26.799553      96.75 1.7352e+03    570.395      13690  1029.7860  1029.7838    34.3157    34.3132    8.07039         28 0.0000e+00
    470.000    464.608    -0.1037  28.646960    -0.1015  28.646966     4.7677     4.8542    -0.0164    95.2144 1.0000e-12  -74.17528 -113.34460  26.799567      99.84 1.7410e+03    571.575      13719  1029.7907  1029.7886    34.3158    34.3132    8.07047         29 0.0000e+00
    471.000    465.595    -0.1041  28.647086    -0.1016  28.647298     4.7713     4.8548    -0.0164    95.1785 1.0000e-12  -74.17528 -113.34460  26.799580      99.87 1.7443e+03    572.750      13747  1029.7955  1029.7933    34.3158    34.3132    8.07056         27 0.0000e+00
    472.000    466.583    -0.1041  28.647687    -0.1017  28.647747     4.7755     4.8570    -0.0155    95.1357 1.0000e-12  -74.17528 -113.34460  26.799594      99.87 1.7452e+03    573.926      13775  1029.8004  1029.7982    34.3160    34.3134    8.07055         29 0.0000e+00
