ocean_section_plots/required_files/ctd/dnbp2202_ctd208.cnv
* Sea-Bird SBE 9 Data File:
* FileName = D:\Data\raw\NBP2202_CTD208.hex
* Software Version Seasave V 7.26.7.121
* Temperature SN = 1649
* Conductivity SN = 2513
* Number of Bytes Per Scan = 40
* Number of Voltage Words = 5
* Number of Scans Averaged by the Deck Unit = 1
* NMEA Latitude = 74 08.03 S
* NMEA Longitude = 113 25.06 W
* NMEA UTC (Time) = Feb 10 2022  08:56:12
* NMEA baud rate = 9600
** Ship: RVIB N.B. Palmer
** Cruise: NBP2202 Thwaites
** Station: Tow-Yo #3
** Operator: B. Bjork
# nquan = 28
# nvalues = 316                         
# units = specified
# name 0 = prDM: Pressure, Digiquartz [db]
# name 1 = depSM: Depth [salt water, m]
# name 2 = t090C: Temperature [ITS-90, deg C]
# name 3 = c0mS/cm: Conductivity [mS/cm]
# name 4 = t190C: Temperature, 2 [ITS-90, deg C]
# name 5 = c1mS/cm: Conductivity, 2 [mS/cm]
# name 6 = sbeox0ML/L: Oxygen, SBE 43 [ml/l]
# name 7 = sbeox1ML/L: Oxygen, SBE 43, 2 [ml/l]
# name 8 = flECO-AFL: Fluorescence, WET Labs ECO-AFL/FL [mg/m^3]
# name 9 = CStarTr0: Beam Transmission, WET Labs C-Star [%]
# name 10 = par: PAR/Irradiance, Biospherical/Licor
# name 11 = latitude: Latitude [deg]
# name 12 = longitude: Longitude [deg]
# name 13 = timeJ: Julian Days
# name 14 = altM: Altimeter [m]
# name 15 = spar: SPAR, Biospherical/Licor
# name 16 = timeS: Time, Elapsed [seconds]
# name 17 = scan: Scan Count
# name 18 = density00: Density [density, kg/m^3]
# name 19 = density11: Density, 2 [density, kg/m^3]
# name 20 = v3: Voltage 3
# name 21 = v4: Voltage 4
# name 22 = v5: Voltage 5
# name 23 = sal00: Salinity, Practical [PSU]
# name 24 = sal11: Salinity, Practical, 2 [PSU]
# name 25 = oxsolML/L: Oxygen Saturation, Garcia & Gordon [ml/l]
# name 26 = nbin: number of scans per bin
# name 27 = flag: flag
# span 0 =     10.000,    325.000       
# span 1 =      9.892,    321.381       
# span 2 =    -1.4537,    -0.4061       
# span 3 =  26.996244,  28.245191       
# span 4 =    -1.4528,    -0.4022       
# span 5 =  27.000035,  28.247407       
# span 6 =     4.9127,     8.6291       
# span 7 =     5.0703,     8.9603       
# span 8 =    -0.0163,    21.2853       
# span 9 =    77.0285,    97.8903       
# span 10 = 1.0000e-12, 1.4508e-01      
# span 11 =  -74.13492,  -74.13392      
# span 12 = -113.41734, -113.41052      
# span 13 =  41.372723,  41.378266      
# span 14 =       8.36,     100.93      
# span 15 = 2.1155e+01, 3.2358e+01      
# span 16 =     31.300,    510.158      
# span 17 =        752,      12245      
# span 18 =  1027.1933,  1029.0342      
# span 19 =  1027.1921,  1029.0328      
# span 20 =     3.6546,     4.6438      
# span 21 =     0.0648,     3.2042      
# span 22 =     0.1240,     0.2449      
# span 23 =    33.7510,    34.2066      
# span 24 =    33.7496,    34.2052      
# span 25 =    8.14100,    8.39272      
# span 26 =         22,         49      
# span 27 = 0.0000e+00, 0.0000e+00      
# interval = decibars: 1                
# start_time = Feb 10 2022 08:56:12 [NMEA time, header]
# bad_flag = -9.990e-29
*END*
[from data line 52]
     62.000     61.349    -1.1827  27.176817    -1.1814  27.176705     7.7389     8.0388    12.7043    80.4029 1.0000e-12  -74.13412 -113.41604  41.373858      99.47 2.3666e+01    129.303       3104  1027.4822  1027.4809     3.8147     2.0237     0.2039    33.7962    33.7947    8.33457         33 0.0000e+00
     63.000     62.339    -1.1827  27.177301    -1.1815  27.177307     7.7341     8.0242    11.6193    80.4260 1.0000e-12  -74.13412 -113.41601  41.373879      99.39 2.3197e+01    131.136       3148  1027.4870  1027.4859     3.8154     1.7245     0.1961    33.7963    33.7949    8.33457         39 0.0000e+00
     64.000     63.329    -1.1836  27.177359    -1.1824  27.177329     7.7255     8.0118    12.8455    80.4169 1.0000e-12  -74.13412 -113.41598  41.373899      99.43 2.4874e+01    132.887       3190  1027.4923  1027.4911     3.8152     2.0118     0.1846    33.7967    33.7953    8.33475         38 0.0000e+00
     65.000     64.316    -1.1858  27.176653    -1.1846  27.176680     7.7033     7.9989    13.4092    79.8744 1.0000e-12  -74.13413 -113.41596  41.373917      99.40 2.4442e+01    134.457       3228  1027.4979  1027.4968     3.7894     1.8715     0.2002    33.7976    33.7963    8.33518         37 0.0000e+00
     66.000     65.306    -1.1878  27.176404    -1.1865  27.176401     7.6836     7.9882    13.0532    80.7665 1.0000e-12  -74.13414 -113.41595  41.373935      99.50 2.3526e+01    135.951       3264  1027.5039  1027.5026     3.8317     2.1005     0.1920    33.7990    33.7975    8.33556         35 0.0000e+00
     67.000     66.296    -1.1892  27.176032    -1.1880  27.176036     7.6735     7.9758    10.7380    79.4488 1.0000e-12  -74.13414 -113.41594  41.373951      96.15 2.4992e+01    137.397       3299  1027.5090  1027.5079     3.7693     2.0756     0.1935    33.7994    33.7980    8.33583         34 0.0000e+00
     68.000     67.286    -1.1908  27.175464    -1.1895  27.175378     7.6750     7.9685    12.4587    80.0437 1.0000e-12  -74.13414 -113.41592  41.373968      99.35 2.4530e+01    138.831       3333  1027.5143  1027.5129     3.7974     1.8912     0.1820    33.7998    33.7982    8.33618         35 0.0000e+00
     69.000     68.275    -1.1901  27.176733    -1.1889  27.176609     7.6789     7.9712    13.2754    80.0329 1.0000e-12  -74.13414 -113.41590  41.373984      99.36 2.4063e+01    140.256       3367  1027.5192  1027.5180     3.7971     1.8723     0.1801    33.8001    33.7986    8.33599         34 0.0000e+00
     70.000     69.263    -1.1900  27.177392    -1.1887  27.177375     7.6729     7.9643    11.4222    82.4731 1.0000e-12  -74.13414 -113.41587  41.374001      99.34 2.4950e+01    141.672       3401  1027.5241  1027.5229     3.9127     1.7884     0.1817    33.8002    33.7988    8.33596         33 0.0000e+00
     71.000     70.253    -1.1906  27.177514    -1.1893  27.177473     7.6697     7.9571    11.3693    80.1966 1.0000e-12  -74.13414 -113.41586  41.374017      99.38 2.5800e+01    143.038       3434  1027.5292  1027.5279     3.8049     1.6348     0.1852    33.8006    33.7990    8.33609         33 0.0000e+00
     72.000     71.242    -1.1912  27.177692    -1.1900  27.177658     7.6671     7.9444    10.7914    79.6544 1.0000e-12  -74.13414 -113.41584  41.374032      99.33 2.4578e+01    144.387       3466  1027.5343  1027.5331     3.7789     1.8010     0.1891    33.8008    33.7994    8.33620         32 0.0000e+00
     73.000     72.231    -1.1911  27.178526    -1.1898  27.178576     7.6645     7.9431     9.7087    80.2719 1.0000e-12  -74.13414 -113.41583  41.374048      99.43 2.5665e+01    145.737       3499  1027.5393  1027.5381     3.8081     1.9320     0.1831    33.8012    33.7998    8.33615         30 0.0000e+00
     74.000     73.221    -1.1917  27.178568    -1.1904  27.178573     7.6611     7.9469    10.8418    80.8250 1.0000e-12  -74.13415 -113.41582  41.374064      99.39 2.5695e+01    147.094       3531  1027.5443  1027.5431     3.8346     1.8720     0.1803    33.8013    33.7999    8.33628         33 0.0000e+00
     75.000     74.210    -1.1921  27.178791    -1.1909  27.178608     7.6547     7.9437    12.4627    80.0060 1.0000e-12  -74.13416 -113.41580  41.374079      99.40 2.5562e+01    148.432       3563  1027.5492  1027.5478     3.7957     1.9304     0.1908    33.8015    33.7998    8.33637         32 0.0000e+00
     76.000     75.201    -1.1914  27.179922    -1.1902  27.179887     7.6330     7.9209    13.1352    80.6222 1.0000e-12  -74.13416 -113.41578  41.374095      92.27 2.6279e+01    149.773       3596  1027.5541  1027.5529     3.8250     2.0334     0.1904    33.8016    33.8002    8.33620         32 0.0000e+00
     77.000     76.189    -1.1933  27.179856    -1.1920  27.179790     7.6085     7.8986    10.4395    79.9294 1.0000e-12  -74.13416 -113.41576  41.374110      99.42 2.6222e+01    151.110       3628  1027.5601  1027.5588     3.7920     1.8422     0.1863    33.8030    33.8014    8.33653         32 0.0000e+00
     78.000     77.178    -1.1927  27.181878    -1.1916  27.181686     7.5656     7.8592    10.8396    79.3242 1.0000e-12  -74.13416 -113.41574  41.374125      99.39 2.5672e+01    152.438       3660  1027.5661  1027.5648     3.7634     1.8110     0.1663    33.8045    33.8029    8.33632         32 0.0000e+00
     79.000     78.168    -1.1993  27.177379    -1.1980  27.177492     7.5360     7.8217    11.2574    80.8537 1.0000e-12  -74.13416 -113.41573  41.374141      99.38 2.6110e+01    153.762       3691  1027.5718  1027.5707     3.8359     1.6052     0.1761    33.8051    33.8038    8.33775         32 0.0000e+00
     80.000     79.156    -1.2056  27.174076    -1.2043  27.174163     7.5106     7.8038    11.3314    80.6021 1.0000e-12  -74.13416 -113.41571  41.374156      99.36 2.6493e+01    155.087       3723  1027.5786  1027.5774     3.8240     1.7202     0.1807    33.8072    33.8058    8.33904         32 0.0000e+00
     81.000     80.146    -1.2058  27.175432    -1.2044  27.175409     7.5177     7.8065    11.4828    81.1756 1.0000e-12  -74.13418 -113.41570  41.374171      99.37 2.5427e+01    156.407       3755  1027.5845  1027.5832     3.8513     1.8603     0.2044    33.8086    33.8070    8.33900         31 0.0000e+00
     82.000     81.135    -1.2039  27.177953    -1.2021  27.178349     7.5239     7.8030    11.2767    81.8949 1.0000e-12  -74.13418 -113.41567  41.374187      99.33 2.6561e+01    157.738       3787  1027.5897  1027.5884     3.8853     1.8687     0.1944    33.8093    33.8078    8.33854         32 0.0000e+00
     83.000     82.124    -1.1999  27.182499    -1.1984  27.182457     7.4527     7.7389    10.5439    81.4932 1.0000e-12  -74.13418 -113.41565  41.374202      99.41 2.6390e+01    159.078       3819  1027.5951  1027.5936     3.8664     2.0021     0.1928    33.8104    33.8086    8.33758         33 0.0000e+00
     84.000     83.115    -1.2082  27.176870    -1.2084  27.176153     7.3234     7.6194    11.8899    82.2575 1.0000e-12  -74.13418 -113.41562  41.374218      99.50 2.6334e+01    160.411       3851  1027.6013  1027.6007     3.9022     1.9946     0.1977    33.8114    33.8106    8.33937         32 0.0000e+00
     85.000     84.103    -1.2282  27.161762    -1.2273  27.161945     7.1471     7.4784    10.9870    81.6120 1.0000e-12  -74.13418 -113.41561  41.374233      99.55 2.7406e+01    161.751       3883  1027.6082  1027.6076     3.8721     1.9844     0.1708    33.8126    33.8119    8.34375         30 0.0000e+00
     86.000     85.093    -1.2682  27.132605    -1.2657  27.134554     7.0644     7.3632    10.4981    82.0203 1.0000e-12  -74.13418 -113.41559  41.374249      97.63 2.6998e+01    163.091       3915  1027.6191  1027.6189     3.8912     1.6210     0.1718    33.8173    33.8171    8.35243         32 0.0000e+00
     87.000     86.082    -1.2614  27.145790    -1.2595  27.145519     6.9523     7.2066     9.7154    81.8334 1.0000e-12  -74.13418 -113.41556  41.374264      98.90 2.6016e+01    164.420       3947  1027.6311  1027.6290     3.8824     1.6407     0.1797    33.8270    33.8245    8.35032         32 0.0000e+00
     88.000     87.070    -1.2414  27.163941    -1.2415  27.162971     6.5789     6.8891     9.2115    84.3701 1.0000e-12  -74.13418 -113.41555  41.374279      99.40 2.6978e+01    165.749       3979  1027.6358  1027.6349     4.0024     1.6030     0.1785    33.8287    33.8275    8.34575         32 0.0000e+00
     89.000     88.060    -1.3666  27.060920    -1.3731  27.060531     6.2846     6.6280    10.7786    84.4419 1.0000e-12  -74.13419 -113.41553  41.374295      99.40 2.6898e+01    167.082       4011  1027.6480  1027.6538     4.0063     1.6225     0.1882    33.8282    33.8350    8.37384         31 0.0000e+00
     90.000     89.050    -1.4407  27.003333    -1.4396  27.004260     6.2062     6.5421     9.8053    83.7150 1.0000e-12  -74.13420 -113.41550  41.374310      99.38 2.6939e+01    168.408       4043  1027.6598  1027.6597     3.9719     1.7604     0.1965    33.8322    33.8323    8.39027         32 0.0000e+00
     91.000     90.038    -1.4466  26.999710    -1.4455  27.000035     6.2204     6.5257     8.5433    85.6081 1.0000e-12  -74.13420 -113.41549  41.374326      99.49 2.7269e+01    169.729       4074  1027.6648  1027.6642     4.0611     1.8673     0.1776    33.8332    33.8325    8.39153         32 0.0000e+00
     92.000     91.026    -1.4521  26.996244    -1.4466  27.000627     6.2932     6.5625     6.3566    86.1757 1.0000e-12  -74.13420 -113.41547  41.374341      99.50 2.6954e+01    171.046       4106  1027.6700  1027.6695     4.0883     1.3296     0.1767    33.8341    33.8340    8.39272         31 0.0000e+00
     93.000     92.018    -1.4403  27.008629    -1.4333  27.012919     6.4039     6.6440     6.7061    88.0613 1.0000e-12  -74.13420 -113.41544  41.374356      99.57 2.6994e+01    172.357       4138  1027.6759  1027.6738     4.1777     1.1467     0.1668    33.8372    33.8351    8.38989         32 0.0000e+00
     94.000     93.007    -1.4163  27.031523    -1.4136  27.031121     6.5359     6.7554     7.1199    88.2333 1.0000e-12  -74.13420 -113.41543  41.374371      99.57 2.7157e+01    173.673       4169  1027.6818  1027.6787     4.1858     1.2190     0.1648    33.8409    33.8373    8.38425         32 0.0000e+00
     95.000     93.995    -1.3842  27.062220    -1.3814  27.062884     6.6596     6.8460     6.5144    87.9843 1.0000e-12  -74.13420 -113.41541  41.374387      99.59 2.7029e+01    174.996       4201  1027.6887  1027.6867     4.1740     1.1422     0.1703    33.8462    33.8440    8.37672         30 0.0000e+00
     96.000     94.985    -1.3466  27.098616    -1.3413  27.100017     6.6323     6.8324     6.1732    88.4428 1.0000e-12  -74.13420 -113.41538  41.374401      99.51 2.6971e+01    176.254       4231  1027.6966  1027.6931     4.1958     1.2935     0.1766    33.8531    33.8490    8.36787         30 0.0000e+00
     97.000     95.973    -1.3429  27.102334    -1.3431  27.102271     6.5388     6.7485     7.3160    87.5537 1.0000e-12  -74.13420 -113.41538  41.374415      99.30 2.7681e+01    177.413       4259  1027.7016  1027.7018     4.1536     1.2270     0.1766    33.8533    33.8535    8.36702         27 0.0000e+00
     98.000     96.964    -1.3715  27.082693    -1.3722  27.081411     6.4282     6.6503     7.2737    88.8261 1.0000e-12  -74.13421 -113.41535  41.374428      99.57 2.7703e+01    178.579       4287  1027.7121  1027.7114     4.2135     1.2385     0.1581    33.8581    33.8571    8.37316         28 0.0000e+00
     99.000     97.953    -1.3849  27.074327    -1.3853  27.073464     6.3185     6.5614     5.7853    87.8503 1.0000e-12  -74.13422 -113.41533  41.374442      99.57 2.8215e+01    179.750       4315  1027.7201  1027.7196     4.1681     1.1675     0.1506    33.8611    33.8604    8.37598         28 0.0000e+00
    100.000     98.942    -1.4062  27.060907    -1.4052  27.061084     6.2458     6.4894     6.4809    88.8302 1.0000e-12  -74.13422 -113.41532  41.374455      99.59 2.7701e+01    180.898       4343  1027.7302  1027.7295     4.2142     1.1133     0.1564    33.8662    33.8653    8.38047         28 0.0000e+00
    101.000     99.930    -1.4116  27.058587    -1.4109  27.058498     6.1663     6.4172     6.1555    88.7998 1.0000e-12  -74.13422 -113.41530  41.374468      99.63 2.8398e+01    182.067       4371  1027.7371  1027.7363     4.2127     1.0533     0.1715    33.8685    33.8676    8.38155         28 0.0000e+00
    102.000    100.920    -1.4192  27.054533    -1.4183  27.054618     6.0742     6.3261     6.3170    87.8365 1.0000e-12  -74.13422 -113.41530  41.374482      99.68 2.8602e+01    183.230       4399  1027.7442  1027.7434     4.1670     0.9310     0.1595    33.8710    33.8700    8.38313         27 0.0000e+00
    103.000    101.908    -1.4279  27.049948    -1.4274  27.049722     5.9970     6.2431     6.4182    88.3766 1.0000e-12  -74.13422 -113.41528  41.374494      99.66 2.8680e+01    184.302       4424  1027.7517  1027.7510     4.1927     0.9515     0.1535    33.8738    33.8729    8.38490         26 0.0000e+00
    104.000    102.898    -1.4384  27.045137    -1.4373  27.045212     5.9434     6.1870     5.2894    88.8121 1.0000e-12  -74.13422 -113.41526  41.374506      99.62 2.9324e+01    185.358       4450  1027.7607  1027.7598     4.2128     1.0342     0.1930    33.8785    33.8774    8.38699         25 0.0000e+00
    105.000    103.889    -1.4414  27.044400    -1.4399  27.044753     5.8971     6.1337     5.7476    87.8929 1.0000e-12  -74.13422 -113.41524  41.374519      99.60 2.9334e+01    186.415       4475  1027.7669  1027.7659     4.1701     1.1005     0.1526    33.8802    33.8790    8.38756         25 0.0000e+00
    106.000    104.874    -1.4434  27.043820    -1.4424  27.043911     5.8413     6.0708     4.4950    89.7214 1.0000e-12  -74.13424 -113.41524  41.374531      99.66 2.9124e+01    187.454       4500  1027.7725  1027.7716     4.2564     0.9579     0.1665    33.8811    33.8801    8.38797         25 0.0000e+00
    107.000    105.866    -1.4516  27.038786    -1.4510  27.038771     5.7477     5.9859     5.4604    89.5946 1.0000e-12  -74.13424 -113.41521  41.374543      99.65 2.9890e+01    188.505       4525  1027.7790  1027.7784     4.2504     1.0012     0.1591    33.8828    33.8822    8.38971         26 0.0000e+00
    108.000    106.854    -1.4537  27.039308    -1.4528  27.039396     5.6429     5.8858     5.6808    89.5765 1.0000e-12  -74.13424 -113.41520  41.374555      95.20 2.9068e+01    189.564       4551  1027.7858  1027.7850     4.2493     0.9007     0.1547    33.8853    33.8844    8.39003         25 0.0000e+00
    109.000    107.844    -1.4493  27.048228    -1.4480  27.048650     5.5879     5.8259     4.8558    88.9573 1.0000e-12  -74.13424 -113.41519  41.374567      99.57 2.9594e+01    190.591       4575  1027.7956  1027.7948     4.2204     1.0095     0.1609    33.8921    33.8911    8.38865         24 0.0000e+00
    110.000    108.834    -1.4412  27.058347    -1.4405  27.057908     5.5715     5.8030     3.5253    90.2776 1.0000e-12  -74.13424 -113.41517  41.374579      99.71 3.0493e+01    191.615       4600  1027.8031  1027.8019     4.2828     0.8163     0.1469    33.8961    33.8947    8.38656         24 0.0000e+00
    111.000    109.822    -1.4364  27.062637    -1.4353  27.062777     5.5831     5.7975     3.1274    91.1567 1.0000e-12  -74.13424 -113.41515  41.374591      99.78 2.9468e+01    192.633       4624  1027.8075  1027.8065     4.3244     0.5749     0.1535    33.8960    33.8949    8.38550         25 0.0000e+00
    112.000    110.811    -1.4368  27.063067    -1.4353  27.063493     5.5913     5.7974     2.9390    91.5293 1.0000e-12  -74.13424 -113.41514  41.374602      99.77 2.9090e+01    193.640       4648  1027.8126  1027.8116     4.3421     0.6282     0.1408    33.8964    33.8952    8.38556         24 0.0000e+00
