ocean_section_plots/required_files/ctd/dnbp2202_ctd040.cnv
* Sea-Bird SBE 9 Data File:
* FileName = D:\Data\raw\NBP2202_CTD040.hex
* Software Version Seasave V 7.26.7.121
* Temperature SN = 1649
* Conductivity SN = 2513
* Number of Bytes Per Scan = 40
* Number of Voltage Words = 5
* Number of Scans Averaged by the Deck Unit = 1
* NMEA Latitude = 74 08.77 S
* NMEA Longitude = 113 18.76 W
* NMEA UTC (Time) = Jan 22 2022  16:32:27
* NMEA baud rate = 9600
** Ship: RVIB N.B. Palmer
** Cruise: NBP2202 Thwaites
** Station: 21
** Operator: A. Robinson
** continuation of tow-yo 2 line; profile at fixed station
# nquan = 25
# nvalues = 493                         
# units = specified
# name 0 = prDM: Pressure, Digiquartz [db]
# name 1 = depSM: Depth [salt water, m]
# name 2 = t090C: Temperature [ITS-90, deg C]
# name 3 = c0mS/cm: Conductivity [mS/cm]
# name 4 = t190C: Temperature, 2 [ITS-90, deg C]
# name 5 = c1mS/cm: Conductivity, 2 [mS/cm]
# name 6 = sbeox0ML/L: Oxygen, SBE 43 [ml/l]
# name 7 = sbeox1ML/L: Oxygen, SBE 43, 2 [ml/l]
# name 8 = flECO-AFL: Fluorescence, WET Labs ECO-AFL/FL [mg/m^3]
# name 9 = CStarTr0: Beam Transmission, WET Labs C-Star [%]
# name 10 = par: PAR/Irradiance, Biospherical/Licor
# name 11 = latitude: Latitude [deg]
# name 12 = longitude: Longitude [deg]
# name 13 = timeJ: Julian Days
# name 14 = altM: Altimeter [m]
# name 15 = spar: SPAR, Biospherical/Licor
# name 16 = timeS: Time, Elapsed [seconds]
# name 17 = scan: Scan Count
# name 18 = density00: Density [density, kg/m^3]
# name 19 = density11: Density, 2 [density, kg/m^3]
# name 20 = sal00: Salinity, Practical [PSU]
# name 21 = sal11: Salinity, Practical, 2 [PSU]
# name 22 = oxsolML/L: Oxygen Saturation, Garcia & Gordon [ml/l]
# name 23 = nbin: number of scans per bin
# name 24 = flag: flag
# span 0 =      3.000,    495.000       
# span 1 =      2.969,    489.288       
# span 2 =    -1.5434,    -0.1157       
# span 3 =  26.954706,  28.640645       
# span 4 =    -1.5437,    -0.1140       
# span 5 =  26.954545,  28.640227       
# span 6 =     4.7896,     8.5317       
# span 7 =     5.0596,     8.9370       
# span 8 =    -0.0199,    20.6235       
# span 9 =    72.0716,    96.5490       
# span 10 = -5.648e-05, 2.0530e+02      
# span 11 =  -74.14618,  -74.14616      
# span 12 = -113.31274, -113.31268      
# span 13 =  22.691486,  22.699494      
# span 14 =       3.92,     100.52      
# span 15 = 2.1901e+03, 2.3147e+03      
# span 16 =    197.420,    889.258      
# span 17 =       4739,      21343      
# span 18 =  1027.1891,  1029.9019      
# span 19 =  1027.1829,  1029.8997      
# span 20 =    33.7876,    34.3063      
# span 21 =    33.7844,    34.3038      
# span 22 =    8.07357,    8.41103      
# span 23 =          5,         47      
# span 24 = 0.0000e+00, 0.0000e+00      
# interval = decibars: 1                
# start_time = Jan 22 2022 16:32:27 [NMEA time, header]
# bad_flag = -9.990e-29
*END*
[from data line 116]
    119.000    117.736    -1.5020  27.005720    -1.5015  27.005396     5.9258     6.2884     0.3589    95.4013 1.0000e-12  -74.14616 -113.31274  22.693143      99.91 2.2660e+03    340.530       8174  1027.8399  1027.8391    33.8869    33.8859    8.40083         28 0.0000e+00
    120.000    118.721    -1.4935  27.014286    -1.4930  27.014225     5.9272     6.2808     0.2958    95.3168 1.0000e-12  -74.14616 -113.31274  22.693156      99.23 2.2660e+03    341.694       8202  1027.8456  1027.8450    33.8884    33.8878    8.39882         27 0.0000e+00
    121.000    119.715    -1.4922  27.015961    -1.4916  27.016241     5.9244     6.2742     0.3751    95.5883 1.0000e-12  -74.14616 -113.31274  22.693170      99.92 2.2664e+03    342.847       8229  1027.8506  1027.8503    33.8887    33.8884    8.39852         29 0.0000e+00
    122.000    120.702    -1.4946  27.014818    -1.4951  27.014126     5.8960     6.2526     0.1937    95.6790 1.0000e-12  -74.14616 -113.31274  22.693183      99.91 2.2671e+03    344.035       8258  1027.8560  1027.8557    33.8892    33.8888    8.39903         28 0.0000e+00
    123.000    121.691    -1.4862  27.023605    -1.4865  27.022827     5.8670     6.2233     0.1875    95.7691 1.0000e-12  -74.14616 -113.31274  22.693197      99.92 2.2657e+03    345.209       8286  1027.8620  1027.8614    33.8912    33.8904    8.39702         29 0.0000e+00
    124.000    122.680    -1.4800  27.030371    -1.4804  27.029423     5.8441     6.2024     0.4358    95.7735 1.0000e-12  -74.14616 -113.31274  22.693211      99.91 2.2653e+03    346.404       8315  1027.8679  1027.8672    33.8928    33.8920    8.39552         29 0.0000e+00
    125.000    123.668    -1.4690  27.040936    -1.4689  27.040205     5.8302     6.1864     0.4510    95.5377 1.0000e-12  -74.14616 -113.31274  22.693224      99.91 2.2653e+03    347.588       8343  1027.8733  1027.8724    33.8943    33.8931    8.39295         28 0.0000e+00
    126.000    124.658    -1.4642  27.046271    -1.4642  27.045658     5.8131     6.1658     0.2302    94.6723 1.0000e-12  -74.14616 -113.31274  22.693238      99.92 2.2653e+03    348.789       8372  1027.8789  1027.8783    33.8955    33.8947    8.39178         29 0.0000e+00
    127.000    125.646    -1.4560  27.054670    -1.4558  27.054088     5.8597     6.2113     0.1301    95.9221 1.0000e-12  -74.14616 -113.31274  22.693252      99.91 2.2653e+03    349.993       8401  1027.8848  1027.8839    33.8972    33.8962    8.38985         28 0.0000e+00
    128.000    126.636    -1.4576  27.054010    -1.4592  27.053131     5.9558     6.2935     0.1079    95.8090 1.0000e-12  -74.14616 -113.31272  22.693266      99.92 2.2653e+03    351.173       8429  1027.8901  1027.8907    33.8975    33.8981    8.39019         28 0.0000e+00
    129.000    127.625    -1.4926  27.030243    -1.4951  27.028785     6.0519     6.3762     0.2011    95.5060 1.0000e-12  -74.14616 -113.31274  22.693279      99.92 2.2653e+03    352.326       8457  1027.9022  1027.9031    33.9038    33.9047    8.39770         28 0.0000e+00
    130.000    128.615    -1.5054  27.022426    -1.5062  27.021893     6.1178     6.4464     0.2075    95.7846 1.0000e-12  -74.14616 -113.31273  22.693293      99.91 2.2653e+03    353.528       8486  1027.9103  1027.9105    33.9070    33.9071    8.40041         30 0.0000e+00
    131.000    129.602    -1.5148  27.017045    -1.5130  27.017942     6.1336     6.4742     0.3624    95.8996 1.0000e-12  -74.14616 -113.31273  22.693307      92.52 2.2653e+03    354.730       8515  1027.9177  1027.9169    33.9096    33.9088    8.40237         28 0.0000e+00
    132.000    130.593    -1.5168  27.016143    -1.5177  27.015359     6.1275     6.4721     0.2287    95.8793 1.0000e-12  -74.14616 -113.31273  22.693320      99.97 2.2653e+03    355.883       8542  1027.9229  1027.9228    33.9100    33.9099    8.40280         27 0.0000e+00
    133.000    131.581    -1.5162  27.016631    -1.5160  27.016464     6.1356     6.4860     0.3931    95.9778 1.0000e-12  -74.14616 -113.31273  22.693334      99.91 2.2653e+03    357.074       8571  1027.9270  1027.9267    33.9094    33.9090    8.40270         30 0.0000e+00
    134.000    132.570    -1.5160  27.017337    -1.5162  27.016818     6.1449     6.4892     0.2460    95.9719 1.0000e-12  -74.14616 -113.31274  22.693348      99.92 2.2653e+03    358.265       8599  1027.9318  1027.9314    33.9095    33.9090    8.40265         27 0.0000e+00
    135.000    133.559    -1.5176  27.016705    -1.5172  27.016498     6.1517     6.4979     0.2531    95.9273 1.0000e-12  -74.14616 -113.31272  22.693362      99.91 2.2652e+03    359.434       8627  1027.9369  1027.9363    33.9098    33.9091    8.40300         29 0.0000e+00
    136.000    134.549    -1.5170  27.017657    -1.5170  27.017231     6.1535     6.5075     0.3167    95.9391 1.0000e-12  -74.14616 -113.31274  22.693376      99.91 2.2655e+03    360.643       8656  1027.9416  1027.9411    33.9098    33.9092    8.40286         30 0.0000e+00
    137.000    135.537    -1.5181  27.017437    -1.5180  27.017023     6.1521     6.5175     0.3660    95.7996 1.0000e-12  -74.14616 -113.31274  22.693390      99.91 2.2670e+03    361.872       8686  1027.9467  1027.9461    33.9101    33.9095    8.40309         29 0.0000e+00
    138.000    136.527    -1.5179  27.018015    -1.5182  27.017453     6.1494     6.5197     0.2843    95.7883 1.0000e-12  -74.14616 -113.31274  22.693403      99.91 2.2683e+03    363.054       8714  1027.9514  1027.9510    33.9101    33.9096    8.40305         28 0.0000e+00
    139.000    137.515    -1.5180  27.018474    -1.5180  27.018068     6.1544     6.5220     0.3295    95.8274 1.0000e-12  -74.14616 -113.31274  22.693417      99.92 2.2689e+03    364.194       8742  1027.9562  1027.9557    33.9102    33.9096    8.40305         27 0.0000e+00
    140.000    138.504    -1.5185  27.018606    -1.5185  27.018054     6.1610     6.5230     0.4042    95.4855 1.0000e-12  -74.14616 -113.31274  22.693430      99.91 2.2705e+03    365.373       8770  1027.9611  1027.9605    33.9103    33.9096    8.40316         29 0.0000e+00
    141.000    139.494    -1.5181  27.019512    -1.5182  27.019033     6.1875     6.5410     0.5179    95.7950 1.0000e-12  -74.14616 -113.31274  22.693444      99.91 2.2709e+03    366.540       8798  1027.9660  1027.9656    33.9105    33.9099    8.40307         27 0.0000e+00
    142.000    140.483    -1.5176  27.020754    -1.5180  27.019806     6.2274     6.5753     0.4308    95.5944 1.0000e-12  -74.14616 -113.31274  22.693457      96.46 2.2724e+03    367.712       8826  1027.9712  1027.9705    33.9110    33.9102    8.40292         29 0.0000e+00
    143.000    141.470    -1.5144  27.024668    -1.5152  27.023153     6.2599     6.6212     0.4283    95.6815 1.0000e-12  -74.14616 -113.31273  22.693471      99.89 2.2725e+03    368.909       8855  1027.9767  1027.9758    33.9122    33.9110    8.40213         29 0.0000e+00
    144.000    142.460    -1.5122  27.027130    -1.5122  27.026703     6.3097     6.6787     0.3229    95.8333 1.0000e-12  -74.14616 -113.31272  22.693485      99.91 2.2740e+03    370.073       8883  1027.9816  1027.9811    33.9124    33.9118    8.40162         27 0.0000e+00
    145.000    143.449    -1.5081  27.032427    -1.5083  27.031577     6.3526     6.7166     0.4565    95.7069 1.0000e-12  -74.14616 -113.31272  22.693498      99.91 2.2754e+03    371.208       8910  1027.9878  1027.9870    33.9144    33.9135    8.40057         28 0.0000e+00
    146.000    144.438    -1.5030  27.040566    -1.5029  27.039723     6.3886     6.7473     0.6805    95.6718 1.0000e-12  -74.14616 -113.31272  22.693511      99.91 2.2760e+03    372.385       8938  1027.9962  1027.9952    33.9192    33.9180    8.39912         28 0.0000e+00
    147.000    145.427    -1.4978  27.050593    -1.4976  27.049940     6.3991     6.7599     0.7738    95.4331 1.0000e-12  -74.14616 -113.31272  22.693525      99.90 2.2765e+03    373.572       8967  1028.0066  1028.0057    33.9265    33.9254    8.39751         28 0.0000e+00
    148.000    146.416    -1.4969  27.058648    -1.4967  27.058022     6.3810     6.7548     0.7405    95.4773 1.0000e-12  -74.14616 -113.31272  22.693539      99.91 2.2767e+03    374.761       8995  1028.0191  1028.0183    33.9360    33.9350    8.39674         29 0.0000e+00
    149.000    147.406    -1.4982  27.059768    -1.4989  27.059080     6.3681     6.7410     0.5353    95.4031 1.0000e-12  -74.14616 -113.31272  22.693553      99.91 2.2786e+03    375.961       9024  1028.0260  1028.0260    33.9385    33.9383    8.39690         29 0.0000e+00
    150.000    148.393    -1.5033  27.057772    -1.5031  27.057226     6.3607     6.7359     0.5651    95.3871 1.0000e-12  -74.14616 -113.31272  22.693567      99.90 2.2793e+03    377.159       9053  1028.0332  1028.0324    33.9409    33.9399    8.39791         28 0.0000e+00
    151.000    149.384    -1.5034  27.057927    -1.5033  27.057381     6.3522     6.7313     0.5679    94.7894 1.0000e-12  -74.14616 -113.31272  22.693580      99.91 2.2794e+03    378.304       9080  1028.0377  1028.0370    33.9406    33.9396    8.39795         28 0.0000e+00
    152.000    150.371    -1.5047  27.058112    -1.5051  27.057405     6.3468     6.7260     0.6418    95.2442 1.0000e-12  -74.14616 -113.31272  22.693594      99.90 2.2794e+03    379.504       9109  1028.0436  1028.0431    33.9417    33.9411    8.39818         29 0.0000e+00
    153.000    151.362    -1.5066  27.057939    -1.5065  27.057403     6.3480     6.7245     0.5554    94.9331 1.0000e-12  -74.14616 -113.31272  22.693607      91.60 2.2794e+03    380.684       9137  1028.0495  1028.0488    33.9429    33.9421    8.39852         28 0.0000e+00
    154.000    152.349    -1.5062  27.058853    -1.5060  27.058650     6.3525     6.7298     0.5136    95.2809 1.0000e-12  -74.14616 -113.31272  22.693621      99.89 2.2794e+03    381.852       9165  1028.0544  1028.0539    33.9431    33.9426    8.39842         28 0.0000e+00
    155.000    153.338    -1.5057  27.060208    -1.5056  27.059571     6.3516     6.7266     0.5610    94.8627 1.0000e-12  -74.14616 -113.31272  22.693635      99.91 2.2798e+03    383.056       9194  1028.0597  1028.0589    33.9439    33.9428    8.39828         29 0.0000e+00
    156.000    154.328    -1.5055  27.062265    -1.5053  27.061787     6.3474     6.7262     0.5141    95.1182 1.0000e-12  -74.14616 -113.31272  22.693648      99.91 2.2812e+03    384.221       9222  1028.0661  1028.0654    33.9458    33.9450    8.39811         27 0.0000e+00
    157.000    155.316    -1.5072  27.063138    -1.5070  27.062618     6.3474     6.7280     0.4138    95.3050 1.0000e-12  -74.14616 -113.31272  22.693661      99.91 2.2812e+03    385.337       9249  1028.0731  1028.0722    33.9483    33.9474    8.39834         27 0.0000e+00
    158.000    156.305    -1.5080  27.063425    -1.5085  27.062706     6.3480     6.7207     0.4126    95.4166 1.0000e-12  -74.14616 -113.31272  22.693675      99.91 2.2812e+03    386.519       9277  1028.0784  1028.0781    33.9490    33.9486    8.39847         29 0.0000e+00
    159.000    157.293    -1.5088  27.064007    -1.5089  27.063682     6.3442     6.7197     0.4692    95.3245 1.0000e-12  -74.14616 -113.31272  22.693689      99.92 2.2812e+03    387.730       9307  1028.0842  1028.0839    33.9501    33.9497    8.39860         30 0.0000e+00
    160.000    158.284    -1.5098  27.064246    -1.5095  27.063993     6.3336     6.7130     0.4615    95.1245 1.0000e-12  -74.14616 -113.31272  22.693703      99.91 2.2812e+03    388.903       9335  1028.0897  1028.0891    33.9510    33.9503    8.39878         27 0.0000e+00
    161.000    159.272    -1.5101  27.064434    -1.5105  27.063452     6.3246     6.7045     0.4713    95.3535 1.0000e-12  -74.14616 -113.31272  22.693716      99.91 2.2812e+03    390.022       9362  1028.0945  1028.0938    33.9509    33.9500    8.39884         27 0.0000e+00
    162.000    160.260    -1.5134  27.062901    -1.5142  27.062120     6.3145     6.6984     0.5323    95.2669 1.0000e-12  -74.14616 -113.31272  22.693729      99.91 2.2812e+03    391.187       9389  1028.1003  1028.1002    33.9519    33.9518    8.39953         28 0.0000e+00
    163.000    161.249    -1.5220  27.060613    -1.5217  27.060292     6.3121     6.6927     0.5629    95.4217 1.0000e-12  -74.14616 -113.31272  22.693743      99.91 2.2812e+03    392.404       9419  1028.1105  1028.1098    33.9579    33.9572    8.40111         30 0.0000e+00
    164.000    162.238    -1.5219  27.064079    -1.5215  27.063774     6.3147     6.6898     0.3171    95.3342 1.0000e-12  -74.14616 -113.31272  22.693757      96.65 2.2812e+03    393.588       9447  1028.1185  1028.1178    33.9620    33.9611    8.40085         28 0.0000e+00
    165.000    163.229    -1.5143  27.074529    -1.5139  27.074061     6.3166     6.6919     0.2337    95.5240 1.0000e-12  -74.14616 -113.31272  22.693770      99.88 2.2812e+03    394.735       9475  1028.1269  1028.1261    33.9671    33.9661    8.39882         27 0.0000e+00
    166.000    164.216    -1.5103  27.080673    -1.5102  27.080117     6.3093     6.6906     0.2864    95.4666 1.0000e-12  -74.14616 -113.31272  22.693783      99.91 2.2808e+03    395.892       9502  1028.1342  1028.1335    33.9704    33.9695    8.39771         28 0.0000e+00
    167.000    165.205    -1.5076  27.084901    -1.5074  27.084194     6.3152     6.6920     0.2300    95.5667 1.0000e-12  -74.14616 -113.31272  22.693797      99.91 2.2806e+03    397.073       9531  1028.1406  1028.1396    33.9726    33.9714    8.39699         29 0.0000e+00
    168.000    166.194    -1.5050  27.088613    -1.5048  27.088005     6.3135     6.6925     0.2003    95.7899 1.0000e-12  -74.14616 -113.31272  22.693811      99.92 2.2825e+03    398.260       9559  1028.1465  1028.1456    33.9741    33.9731    8.39630         28 0.0000e+00
    169.000    167.183    -1.5035  27.091135    -1.5034  27.090380     6.3151     6.6872     0.1924    95.5484 1.0000e-12  -74.14618 -113.31272  22.693825      99.91 2.2835e+03    399.445       9588  1028.1521  1028.1513    33.9753    33.9742    8.39590         28 0.0000e+00
    170.000    168.172    -1.5026  27.092943    -1.5025  27.092409     6.3119     6.6917     0.1856    95.8153 1.0000e-12  -74.14617 -113.31272  22.693838      99.90 2.2832e+03    400.618       9616  1028.1577  1028.1569    33.9762    33.9753    8.39565         28 0.0000e+00
    171.000    169.161    -1.5020  27.094468    -1.5017  27.094056     6.3044     6.6930     0.1962    96.0106 1.0000e-12  -74.14617 -113.31272  22.693852      99.92 2.2830e+03    401.797       9644  1028.1630  1028.1623    33.9769    33.9761    8.39546         29 0.0000e+00
    172.000    170.149    -1.5016  27.095544    -1.5014  27.094889     6.3118     6.6949     0.3208    95.9034 1.0000e-12  -74.14617 -113.31272  22.693866      99.91 2.2842e+03    402.997       9673  1028.1682  1028.1672    33.9773    33.9762    8.39535         29 0.0000e+00
    173.000    171.139    -1.5006  27.097193    -1.5004  27.096682     6.3124     6.6877     0.1881    95.8861 1.0000e-12  -74.14616 -113.31272  22.693879      99.92 2.2848e+03    404.165       9701  1028.1734  1028.1726    33.9779    33.9769    8.39509         27 0.0000e+00
    174.000    172.123    -1.4976  27.101315    -1.4972  27.100714     6.3144     6.6841     0.2421    95.9069 1.0000e-12  -74.14616 -113.31272  22.693893      80.36 2.2860e+03    405.319       9729  1028.1793  1028.1783    33.9794    33.9783    8.39431         27 0.0000e+00
    175.000    173.118    -1.4951  27.104577    -1.4949  27.104010     6.3106     6.6872     0.1910    95.9205 1.0000e-12  -74.14616 -113.31271  22.693906      89.29 2.2876e+03    406.501       9757  1028.1849  1028.1840    33.9806    33.9795    8.39370         28 0.0000e+00
