ocean_section_plots/required_files/ctd/dnbp2202_ctd263.cnv
* Sea-Bird SBE 9 Data File:
* FileName = D:\Data\raw\NBP2202_CTD263.hex
* Software Version Seasave V 7.26.7.121
* Temperature SN = 1649
* Conductivity SN = 2513
* Number of Bytes Per Scan = 40
* Number of Voltage Words = 5
* Number of Scans Averaged by the Deck Unit = 1
* NMEA Latitude = 73 52.49 S
* NMEA Longitude = 118 43.63 W
* NMEA UTC (Time) = Feb 19 2022  16:04:37
* NMEA baud rate = 9600
** Ship: RVIB N.B. Palmer
** Cruise: NBP2202 Thwaites
** Station: 168
** Operator: A. Robinson
# nquan = 28
# nvalues = 716                         
# units = specified
# name 0 = prDM: Pressure, Digiquartz [db]
# name 1 = depSM: Depth [salt water, m]
# name 2 = t090C: Temperature [ITS-90, deg C]
# name 3 = c0mS/cm: Conductivity [mS/cm]
# name 4 = t190C: Temperature, 2 [ITS-90, deg C]
# name 5 = c1mS/cm: Conductivity, 2 [mS/cm]
# name 6 = sbeox0ML/L: Oxygen, SBE 43 [ml/l]
# name 7 = sbeox1ML/L: Oxygen, SBE 43, 2 [ml/l]
# name 8 = flECO-AFL: Fluorescence, WET Labs ECO-AFL/FL [mg/m^3]
# name 9 = CStarTr0: Beam Transmission, WET Labs C-Star [%]
# name 10 = par: PAR/Irradiance, Biospherical/Licor
# name 11 = latitude: Latitude [deg]
# name 12 = longitude: Longitude [deg]
# name 13 = timeJ: Julian Days
# name 14 = altM: Altimeter [m]
# name 15 = spar: SPAR, Biospherical/Licor
# name 16 = timeS: Time, Elapsed [seconds]
# name 17 = scan: Scan Count
# name 18 = density00: Density [density, kg/m^3]
# name 19 = density11: Density, 2 [density, kg/m^3]
# name 20 = v3: Voltage 3
# name 21 = v4: Voltage 4
# name 22 = v5: Voltage 5
# name 23 = sal00: Salinity, Practical [PSU]
# name 24 = sal11: Salinity, Practical, 2 [PSU]
# name 25 = oxsolML/L: Oxygen Saturation, Garcia & Gordon [ml/l]
# name 26 = nbin: number of scans per bin
# name 27 = flag: flag
# span 0 =      2.000,    717.000       
# span 1 =      1.980,    708.369       
# span 2 =    -1.7500,     0.3627       
# span 3 =  26.936206,  29.288527       
# span 4 =    -1.7500,     0.3649       
# span 5 =  26.936861,  29.289242       
# span 6 =     4.7483,     9.1333       
# span 7 =     4.9375,     9.4956       
# span 8 =    -0.0220,    12.7849       
# span 9 =    87.4710,    98.7640       
# span 10 = 1.0000e-12, 7.5202e+02      
# span 11 =  -73.87492,  -73.87490      
# span 12 = -118.72734, -118.72728      
# span 13 =  50.672185,  50.682041      
# span 14 =       4.02,     100.49      
# span 15 = 1.4828e+03, 1.5388e+03      
# span 16 =    199.769,   1051.306      
# span 17 =       4795,      25232      
# span 18 =  1027.1214,  1031.0631      
# span 19 =  1027.1224,  1031.0615      
# span 20 =     4.1501,     4.6852      
# span 21 =     0.0643,     1.8613      
# span 22 =     0.1134,     0.2021      
# span 23 =    33.7545,    34.4950      
# span 24 =    33.7562,    34.4932      
# span 25 =    7.96305,    8.44879      
# span 26 =         19,         45      
# span 27 = 0.0000e+00, 0.0000e+00      
# interval = decibars: 1                
# start_time = Feb 19 2022 16:04:37 [NMEA time, header]
# bad_flag = -9.990e-29
*END*
[from data line 156]
    158.000    156.306    -1.6109  27.009315    -1.6083  27.012048     6.3600     6.6442     1.3967    94.5472 1.0000e-12  -73.87490 -118.72732  50.674895      99.75 1.5127e+03    433.904      10415  1028.1204  1028.1208     4.4855     0.2906     0.1358    33.9915    33.9923    8.41923         25 0.0000e+00
    159.000    157.297    -1.6126  27.004825    -1.6173  27.004286     6.2192     6.5163     1.5748    95.6779 1.0000e-12  -73.87490 -118.72732  50.674906      99.75 1.5140e+03    434.908      10439  1028.1208  1028.1248     4.5388     0.3402     0.1409    33.9865    33.9912    8.41991         24 0.0000e+00
    160.000    158.286    -1.6982  26.940365    -1.7003  26.940617     6.1476     6.4482     1.7442    95.2463 1.0000e-12  -73.87490 -118.72732  50.674918      99.75 1.5127e+03    435.925      10463  1028.1365  1028.1389     4.5184     0.2864     0.1244    33.9944    33.9971    8.43891         24 0.0000e+00
    161.000    159.273    -1.7050  26.936309    -1.7063  26.936861     6.1383     6.4259     1.2839    95.5857 1.0000e-12  -73.87490 -118.72732  50.674930      99.75 1.5109e+03    436.951      10488  1028.1423  1028.1441     4.5344     0.2616     0.1326    33.9959    33.9981    8.44037         26 0.0000e+00
    162.000    160.262    -1.7062  26.936206    -1.7070  26.936951     6.1705     6.4198     0.7633    95.6933 1.0000e-12  -73.87490 -118.72732  50.674943      99.75 1.5102e+03    438.055      10514  1028.1469  1028.1485     4.5396     0.2335     0.1238    33.9965    33.9984    8.44060         24 0.0000e+00
    163.000    161.251    -1.7075  26.936705    -1.7079  26.937501     6.1356     6.4144     0.7788    95.6642 1.0000e-12  -73.87490 -118.72732  50.674956      93.31 1.5127e+03    439.191      10542  1028.1524  1028.1536     4.5383     0.2323     0.1274    33.9980    33.9995    8.44081         27 0.0000e+00
    164.000    162.241    -1.7080  26.937340    -1.7085  26.938138     6.1879     6.4155     0.9331    95.6355 1.0000e-12  -73.87490 -118.72732  50.674969      99.86 1.5141e+03    440.289      10568  1028.1574  1028.1588     4.5369     0.2017     0.1276    33.9989    34.0005    8.44087         26 0.0000e+00
    165.000    163.230    -1.7078  26.938641    -1.7082  26.939478     6.2356     6.4135     0.7392    96.4189 1.0000e-12  -73.87490 -118.72732  50.674981      99.75 1.5142e+03    441.316      10593  1028.1626  1028.1638     4.5740     0.3246     0.1248    33.9998    34.0014    8.44077         24 0.0000e+00
    166.000    164.220    -1.7074  26.939719    -1.7077  26.940376     6.1729     6.4182     0.4118    96.4829 1.0000e-12  -73.87490 -118.72732  50.674992      99.76 1.5143e+03    442.313      10617  1028.1673  1028.1683     4.5770     0.1854     0.1226    34.0001    34.0015    8.44064         24 0.0000e+00
    167.000    165.207    -1.7074  26.940460    -1.7076  26.941291     6.1874     6.4218     0.3342    96.7979 1.0000e-12  -73.87490 -118.72732  50.675004      99.75 1.5109e+03    443.375      10642  1028.1721  1028.1732     4.5920     0.2517     0.1227    34.0005    34.0020    8.44062         27 0.0000e+00
    168.000    166.196    -1.7071  26.941185    -1.7074  26.941934     6.2018     6.4176     0.5994    97.2262 1.0000e-12  -73.87490 -118.72732  50.675017      58.45 1.5101e+03    444.508      10669  1028.1766  1028.1777     4.6124     0.1507     0.1211    34.0007    34.0020    8.44056         28 0.0000e+00
    169.000    167.185    -1.7067  26.942319    -1.7069  26.943044     6.1862     6.4223     0.6408    97.5676 1.0000e-12  -73.87490 -118.72732  50.675031      99.55 1.5114e+03    445.661      10697  1028.1815  1028.1825     4.6284     0.2437     0.1213    34.0011    34.0023    8.44043         27 0.0000e+00
    170.000    168.174    -1.7075  26.942337    -1.7086  26.942526     6.1990     6.4158     0.6274    96.6377 1.0000e-12  -73.87490 -118.72732  50.675043      99.75 1.5133e+03    446.744      10723  1028.1864  1028.1877     4.5844     0.2919     0.1201    34.0014    34.0029    8.44059         25 0.0000e+00
    171.000    169.163    -1.7087  26.942101    -1.7092  26.942685     6.2161     6.4238     0.6454    97.0142 1.0000e-12  -73.87490 -118.72732  50.675055      99.75 1.5116e+03    447.756      10747  1028.1915  1028.1926     4.6022     0.2231     0.1210    34.0018    34.0032    8.44085         23 0.0000e+00
    172.000    170.151    -1.7085  26.942811    -1.7091  26.943300     6.2187     6.4227     0.4612    97.5200 1.0000e-12  -73.87490 -118.72732  50.675067      99.76 1.5110e+03    448.747      10771  1028.1962  1028.1973     4.6262     0.2203     0.1196    34.0019    34.0033    8.44079         24 0.0000e+00
    173.000    171.141    -1.7081  26.943543    -1.7086  26.944055     6.1801     6.4226     0.5167    97.5525 1.0000e-12  -73.87490 -118.72732  50.675078      99.76 1.5107e+03    449.752      10795  1028.2008  1028.2019     4.6278     0.2146     0.1313    34.0018    34.0031    8.44070         25 0.0000e+00
    174.000    172.130    -1.7098  26.942811    -1.7107  26.943092     6.1962     6.4166     0.9186    97.8475 1.0000e-12  -73.87490 -118.72732  50.675091      99.76 1.5103e+03    450.865      10822  1028.2058  1028.2070     4.6418     0.1184     0.1226    34.0022    34.0036    8.44108         28 0.0000e+00
    175.000    173.117    -1.7103  26.942988    -1.7109  26.943375     6.1963     6.4153     0.7160    97.4239 1.0000e-12  -73.87490 -118.72732  50.675105      87.16 1.5133e+03    452.037      10850  1028.2107  1028.2117     4.6216     0.1028     0.1158    34.0023    34.0036    8.44117         29 0.0000e+00
    176.000    174.107    -1.7099  26.943799    -1.7110  26.943750     6.1877     6.4138     0.7345    97.5654 1.0000e-12  -73.87490 -118.72732  50.675118      98.43 1.5160e+03    453.163      10877  1028.2154  1028.2164     4.6283     0.1901     0.1335    34.0024    34.0036    8.44108         25 0.0000e+00
    177.000    175.095    -1.7112  26.943528    -1.7114  26.944164     6.2138     6.4161     0.9291    97.4776 1.0000e-12  -73.87490 -118.72732  50.675130      99.79 1.5130e+03    454.210      10902  1028.2206  1028.2216     4.6242     0.2076     0.1299    34.0029    34.0040    8.44136         24 0.0000e+00
    178.000    176.085    -1.7108  26.944574    -1.7110  26.945143     6.1736     6.4127     0.7218    97.8090 1.0000e-12  -73.87490 -118.72732  50.675141      99.76 1.5117e+03    455.188      10926  1028.2256  1028.2264     4.6399     0.1739     0.1227    34.0032    34.0042    8.44124         24 0.0000e+00
    179.000    177.072    -1.7104  26.945222    -1.7105  26.945880     6.2043     6.4090     0.5724    97.1987 1.0000e-12  -73.87490 -118.72732  50.675152      99.72 1.5108e+03    456.176      10949  1028.2302  1028.2310     4.6110     0.3635     0.1326    34.0030    34.0040    8.44115         23 0.0000e+00
    180.000    178.063    -1.7106  26.945720    -1.7109  26.946182     6.2080     6.4099     0.6625    97.4344 1.0000e-12  -73.87490 -118.72732  50.675164      99.77 1.5128e+03    457.202      10974  1028.2352  1028.2360     4.6223     0.1494     0.1164    34.0033    34.0043    8.44118         27 0.0000e+00
    181.000    179.050    -1.7105  26.946340    -1.7107  26.946860     6.1523     6.4098     0.6354    98.0888 1.0000e-12  -73.87490 -118.72732  50.675178      94.64 1.5152e+03    458.387      11002  1028.2400  1028.2408     4.6530     0.1299     0.1196    34.0034    34.0044    8.44115         29 0.0000e+00
    182.000    180.040    -1.7108  26.946477    -1.7112  26.946846     6.2258     6.4086     0.6540    97.9096 1.0000e-12  -73.87490 -118.72732  50.675192      98.30 1.5139e+03    459.596      11031  1028.2448  1028.2456     4.6447     0.1498     0.1203    34.0034    34.0043    8.44124         28 0.0000e+00
    183.000    181.028    -1.7103  26.947664    -1.7106  26.948005     6.1827     6.4124     0.2795    97.1135 1.0000e-12  -73.87490 -118.72732  50.675205      99.81 1.5113e+03    460.685      11057  1028.2498  1028.2506     4.6071     0.1708     0.1234    34.0038    34.0047    8.44108         24 0.0000e+00
    184.000    182.018    -1.7112  26.947600    -1.7110  26.948331     6.1953     6.4084     0.5326    97.5558 1.0000e-12  -73.87490 -118.72732  50.675216      99.76 1.5108e+03    461.646      11081  1028.2550  1028.2556     4.6277     0.1898     0.1194    34.0042    34.0049    8.44128         24 0.0000e+00
    185.000    183.005    -1.7111  26.948159    -1.7105  26.949010     6.1840     6.4026     0.3292    97.8800 1.0000e-12  -73.87490 -118.72732  50.675227      99.76 1.5121e+03    462.643      11104  1028.2598  1028.2601     4.6433     0.1901     0.1191    34.0042    34.0047    8.44126         24 0.0000e+00
    186.000    183.996    -1.7118  26.947593    -1.7120  26.948234     6.1864     6.4103     0.5939    97.9741 1.0000e-12  -73.87490 -118.72732  50.675239      92.49 1.5135e+03    463.660      11129  1028.2641  1028.2650     4.6477     0.1731     0.1232    34.0036    34.0046    8.44146         25 0.0000e+00
    187.000    184.983    -1.7138  26.946083    -1.7138  26.947157     6.1781     6.4095     0.3491    98.0057 1.0000e-12  -73.87490 -118.72732  50.675252      78.68 1.5135e+03    464.736      11155  1028.2633  1028.2698     4.6489     0.1724     0.1221    34.0031    34.0045    8.44193         27 0.0000e+00
    188.000    185.973    -1.7139  26.947051    -1.7142  26.947388     6.1754     6.4117     0.4733    97.1248 1.0000e-12  -73.87490 -118.72732  50.675264      95.32 1.5123e+03    465.845      11181  1028.2741  1028.2747     4.6079     0.1427     0.1217    34.0039    34.0047    8.44190         25 0.0000e+00
    189.000    186.961    -1.7125  26.948899    -1.7127  26.949408     6.1814     6.4040     0.7894    97.4150 1.0000e-12  -73.87490 -118.72732  50.675277      99.84 1.5117e+03    466.956      11208  1028.2791  1028.2798     4.6212     0.1242     0.1182    34.0042    34.0052    8.44156         28 0.0000e+00
    190.000    187.949    -1.7114  26.950718    -1.7117  26.950975     6.1942     6.3984     0.7639    96.9207 1.0000e-12  -73.87490 -118.72732  50.675290      99.76 1.5124e+03    468.071      11235  1028.2843  1028.2849     4.5978     0.2096     0.1215    34.0050    34.0056    8.44128         26 0.0000e+00
    191.000    188.939    -1.7100  26.952649    -1.7102  26.953167     6.1707     6.4010     1.5725    97.1543 1.0000e-12  -73.87490 -118.72732  50.675302      99.76 1.5124e+03    469.108      11260  1028.2894  1028.2902     4.6089     0.2082     0.1231    34.0054    34.0063    8.44094         24 0.0000e+00
    192.000    189.927    -1.7097  26.953636    -1.7099  26.953978     6.1719     6.4035     0.7060    97.3469 1.0000e-12  -73.87490 -118.72732  50.675314      99.77 1.5144e+03    470.101      11283  1028.2944  1028.2951     4.6180     0.1313     0.1215    34.0057    34.0065    8.44083         24 0.0000e+00
    193.000    190.916    -1.7097  26.954346    -1.7100  26.954768     6.1844     6.4098     0.6110    97.1920 1.0000e-12  -73.87490 -118.72732  50.675325      99.77 1.5142e+03    471.105      11308  1028.2996  1028.3003     4.6106     0.1255     0.1217    34.0061    34.0070    8.44082         25 0.0000e+00
    194.000    191.907    -1.7103  26.954973    -1.7105  26.955287     6.1996     6.4114     0.5424    96.6988 1.0000e-12  -73.87490 -118.72732  50.675338      99.75 1.5132e+03    472.172      11333  1028.3051  1028.3057     4.5873     0.3312     0.1226    34.0070    34.0077    8.44090         26 0.0000e+00
    195.000    192.893    -1.7104  26.955699    -1.7106  26.956052     6.1891     6.4152     0.8854    97.4894 1.0000e-12  -73.87490 -118.72732  50.675351      99.76 1.5116e+03    473.332      11361  1028.3104  1028.3110     4.6247     0.1666     0.1197    34.0075    34.0082    8.44089         28 0.0000e+00
    196.000    193.882    -1.7099  26.957736    -1.7100  26.958196     6.1878     6.4151     0.8834    97.6086 1.0000e-12  -73.87490 -118.72732  50.675364      99.76 1.5118e+03    474.485      11389  1028.3165  1028.3171     4.6304     0.1250     0.1192    34.0091    34.0099    8.44067         27 0.0000e+00
    197.000    194.871    -1.7099  26.958796    -1.7101  26.959216     6.1902     6.4149     0.5698    97.7321 1.0000e-12  -73.87490 -118.72732  50.675377      99.77 1.5137e+03    475.564      11415  1028.3220  1028.3226     4.6363     0.1426     0.1196    34.0100    34.0108    8.44063         25 0.0000e+00
    198.000    195.860    -1.7102  26.959062    -1.7104  26.959609     6.1951     6.4163     0.4443    98.0852 1.0000e-12  -73.87490 -118.72732  50.675389      99.76 1.5137e+03    476.580      11439  1028.3268  1028.3277     4.6529     0.1658     0.1221    34.0101    34.0111    8.44069         24 0.0000e+00
    199.000    196.850    -1.7097  26.959526    -1.7102  26.959699     6.1871     6.4149     0.4549    97.7614 1.0000e-12  -73.87490 -118.72732  50.675400      99.76 1.5141e+03    477.554      11462  1028.3312  1028.3318     4.6377     0.1307     0.1169    34.0095    34.0103    8.44061         23 0.0000e+00
    200.000    197.837    -1.7095  26.960025    -1.7095  26.960686     6.1928     6.4082     0.4999    97.9231 1.0000e-12  -73.87490 -118.72732  50.675412      93.53 1.5136e+03    478.559      11486  1028.3359  1028.3366     4.6453     0.1345     0.1169    34.0094    34.0103    8.44058         26 0.0000e+00
    201.000    198.826    -1.7096  26.960663    -1.7099  26.960643     6.1731     6.4107     0.4733    98.0108 1.0000e-12  -73.87490 -118.72732  50.675424      99.78 1.5143e+03    479.646      11512  1028.3409  1028.3412     4.6495     0.1733     0.1273    34.0098    34.0101    8.44058         26 0.0000e+00
    202.000    199.814    -1.7095  26.960744    -1.7098  26.960871     6.1557     6.4056     0.2980    97.9064 1.0000e-12  -73.87490 -118.72732  50.675437      99.77 1.5128e+03    480.769      11539  1028.3452  1028.3457     4.6444     0.1505     0.1203    34.0091    34.0097    8.44059         28 0.0000e+00
    203.000    200.803    -1.7097  26.960785    -1.7098  26.961299     6.1757     6.4096     0.2449    97.6522 1.0000e-12  -73.87490 -118.72732  50.675450      99.77 1.5137e+03    481.921      11567  1028.3498  1028.3504     4.6326     0.1210     0.1190    34.0088    34.0096    8.44066         27 0.0000e+00
    204.000    201.792    -1.7097  26.961305    -1.7098  26.961575     6.2392     6.4063     0.4130    97.8350 1.0000e-12  -73.87490 -118.72732  50.675463      99.76 1.5142e+03    483.042      11594  1028.3546  1028.3550     4.6412     0.1524     0.1198    34.0088    34.0093    8.44064         26 0.0000e+00
    205.000    202.780    -1.7096  26.961916    -1.7098  26.962247     6.1869     6.4061     0.4401    98.1629 1.0000e-12  -73.87490 -118.72732  50.675476      99.77 1.5138e+03    484.085      11619  1028.3595  1028.3601     4.6567     0.1242     0.1210    34.0090    34.0096    8.44062         23 0.0000e+00
    206.000    203.771    -1.7073  26.966290    -1.7076  26.966415     6.1702     6.4142     0.5413    98.1517 1.0000e-12  -73.87490 -118.72732  50.675486      99.77 1.5142e+03    485.020      11641  1028.3665  1028.3668     4.6561     0.2059     0.1226    34.0118    34.0122    8.43994         23 0.0000e+00
    207.000    204.757    -1.7062  26.968501    -1.7059  26.969156     6.1719     6.4149     0.7062    97.9341 1.0000e-12  -73.87490 -118.72732  50.675497      99.77 1.5152e+03    485.972      11664  1028.3722  1028.3726     4.6459     0.1099     0.1186    34.0130    34.0135    8.43961         24 0.0000e+00
    208.000    205.747    -1.7063  26.969002    -1.7065  26.969326     6.2069     6.4115     0.5137    97.8959 1.0000e-12  -73.87490 -118.72732  50.675509      99.76 1.5159e+03    486.995      11689  1028.3771  1028.3777     4.6440     0.1511     0.1197    34.0131    34.0139    8.43961         26 0.0000e+00
