ocean_section_plots/required_files/ctd/dnbp2202_ctd134.cnv
* Sea-Bird SBE 9 Data File:
* FileName = D:\Data\raw\NBP2202_CTD134.hex
* Software Version Seasave V 7.26.7.121
* Temperature SN = 1649
* Conductivity SN = 2513
* Number of Bytes Per Scan = 40
* Number of Voltage Words = 5
* Number of Scans Averaged by the Deck Unit = 1
* NMEA Latitude = 74 00.16 S
* NMEA Longitude = 112 31.41 W
* NMEA UTC (Time) = Jan 28 2022  06:35:26
* NMEA baud rate = 9600
** Ship: RVIB N.B. Palmer
** Cruise: NBP2202 Thwaites
** Station: 63
** Operator: B. Bjork
# nquan = 25
# nvalues = 781                         
# units = specified
# name 0 = prDM: Pressure, Digiquartz [db]
# name 1 = depSM: Depth [salt water, m]
# name 2 = t090C: Temperature [ITS-90, deg C]
# name 3 = c0mS/cm: Conductivity [mS/cm]
# name 4 = t190C: Temperature, 2 [ITS-90, deg C]
# name 5 = c1mS/cm: Conductivity, 2 [mS/cm]
# name 6 = sbeox0ML/L: Oxygen, SBE 43 [ml/l]
# name 7 = sbeox1ML/L: Oxygen, SBE 43, 2 [ml/l]
# name 8 = flECO-AFL: Fluorescence, WET Labs ECO-AFL/FL [mg/m^3]
# name 9 = CStarTr0: Beam Transmission, WET Labs C-Star [%]
# name 10 = par: PAR/Irradiance, Biospherical/Licor
# name 11 = latitude: Latitude [deg]
# name 12 = longitude: Longitude [deg]
# name 13 = timeJ: Julian Days
# name 14 = altM: Altimeter [m]
# name 15 = spar: SPAR, Biospherical/Licor
# name 16 = timeS: Time, Elapsed [seconds]
# name 17 = scan: Scan Count
# name 18 = density00: Density [density, kg/m^3]
# name 19 = density11: Density, 2 [density, kg/m^3]
# name 20 = sal00: Salinity, Practical [PSU]
# name 21 = sal11: Salinity, Practical, 2 [PSU]
# name 22 = oxsolML/L: Oxygen Saturation, Garcia & Gordon [ml/l]
# name 23 = nbin: number of scans per bin
# name 24 = flag: flag
# span 0 =      2.000,    782.000       
# span 1 =      1.997,    772.462       
# span 2 =    -1.4723,     0.4093       
# span 3 =  27.091396,  29.368555       
# span 4 =    -1.4732,     0.4114       
# span 5 =  27.091256,  29.368479       
# span 6 =     4.6397,     9.2362       
# span 7 =     4.7191,     9.4709       
# span 8 =    -0.0157,    29.4355       
# span 9 =    64.8143,    94.2635       
# span 10 = -7.814e-05, 8.9457e+00      
# span 11 =  -74.00282,  -74.00282      
# span 12 = -112.52360, -112.52356      
# span 13 =  28.275748,  28.286604      
# span 14 =       5.43,     104.11      
# span 15 = 3.1173e+01, 3.8854e+01      
# span 16 =     98.610,   1036.605      
# span 17 =       2368,      24880      
# span 18 =  1027.1903,  1031.3749      
# span 19 =  1027.1931,  1031.3726      
# span 20 =    33.8167,    34.5106      
# span 21 =    33.8200,    34.5080      
# span 22 =    7.95258,    8.38763      
# span 23 =          1,         47      
# span 24 = 0.0000e+00, 0.0000e+00      
# interval = decibars: 1                
# start_time = Jan 28 2022 06:35:26 [NMEA time, header]
# bad_flag = -9.990e-29
*END*
[from data line 174]
    176.000    174.106    -1.4267  27.199146    -1.4271  27.198832     6.2412     6.3778     0.1888    93.4971 1.0000e-12  -74.00282 -112.52358  28.278754      99.77 3.8062e+01    358.353       8601  1028.2293  1028.2294    34.0325    34.0325    8.37519         22 0.0000e+00
    177.000    175.095    -1.4269  27.199780    -1.4274  27.199429     6.2406     6.3811     0.2472    93.6004 1.0000e-12  -74.00282 -112.52358  28.278765      99.78 3.6896e+01    359.269       8623  1028.2346  1028.2346    34.0330    34.0330    8.37521         23 0.0000e+00
    178.000    176.083    -1.4275  27.199961    -1.4278  27.199632     6.2404     6.3766     0.1592    93.5182 1.0000e-12  -74.00282 -112.52358  28.278777      99.77 3.7663e+01    360.320       8649  1028.2396  1028.2395    34.0332    34.0331    8.37532         27 0.0000e+00
    179.000    177.073    -1.4276  27.200404    -1.4279  27.200160     6.2426     6.3779     0.2386    93.3625 1.0000e-12  -74.00282 -112.52358  28.278790      99.77 3.7655e+01    361.431       8675  1028.2445  1028.2446    34.0333    34.0334    8.37533         25 0.0000e+00
    180.000    178.060    -1.4276  27.200953    -1.4280  27.200629     6.2467     6.3833     0.1631    93.5765 1.0000e-12  -74.00282 -112.52358  28.278801      99.77 3.7325e+01    362.424       8699  1028.2494  1028.2495    34.0335    34.0335    8.37533         23 0.0000e+00
    181.000    179.051    -1.4277  27.201531    -1.4282  27.201206     6.2479     6.3839     0.4206    93.5921 1.0000e-12  -74.00282 -112.52358  28.278812      99.77 3.8703e+01    363.354       8722  1028.2545  1028.2546    34.0337    34.0338    8.37533         22 0.0000e+00
    182.000    180.039    -1.4274  27.202431    -1.4277  27.202063     6.2407     6.3769     0.4752    93.5122 1.0000e-12  -74.00282 -112.52358  28.278823      99.77 3.8362e+01    364.328       8745  1028.2595  1028.2594    34.0341    34.0339    8.37526         25 0.0000e+00
    183.000    181.027    -1.4252  27.205757    -1.4255  27.205387     6.2511     6.3867     0.2166    93.5252 1.0000e-12  -74.00282 -112.52358  28.278835      99.77 3.7154e+01    365.381       8770  1028.2653  1028.2652    34.0354    34.0353    8.37466         25 0.0000e+00
    184.000    182.017    -1.4242  27.208202    -1.4244  27.208054     6.2782     6.4201     0.1281    93.6413 1.0000e-12  -74.00282 -112.52358  28.278848      99.78 3.7812e+01    366.443       8796  1028.2714  1028.2715    34.0371    34.0372    8.37435         25 0.0000e+00
    185.000    183.005    -1.4365  27.198012    -1.4381  27.197340     6.2901     6.4312     0.1278    93.5675 1.0000e-12  -74.00282 -112.52358  28.278859      99.63 3.8492e+01    367.441       8820  1028.2765  1028.2773    34.0364    34.0373    8.37716         24 0.0000e+00
    186.000    183.993    -1.4510  27.189476    -1.4515  27.189187     6.2849     6.4213     0.1699    93.4912 1.0000e-12  -74.00282 -112.52358  28.278870      99.76 3.7573e+01    368.400       8843  1028.2855  1028.2857    34.0406    34.0407    8.38017         23 0.0000e+00
    187.000    184.982    -1.4418  27.199732    -1.4409  27.199783     6.2728     6.4096     0.1193    93.5989 1.0000e-12  -74.00282 -112.52358  28.278882      99.77 3.7926e+01    369.386       8866  1028.2921  1028.2913    34.0436    34.0427    8.37792         25 0.0000e+00
    188.000    185.972    -1.4302  27.210157    -1.4308  27.209568     6.2654     6.4075     0.1252    93.7280 1.0000e-12  -74.00282 -112.52356  28.278894      99.77 3.8407e+01    370.458       8892  1028.2966  1028.2965    34.0441    34.0440    8.37528         23 0.0000e+00
    189.000    186.961    -1.4282  27.213329    -1.4283  27.212988     6.2671     6.4047     0.1170    93.7710 1.0000e-12  -74.00282 -112.52358  28.278906      99.78 3.7214e+01    371.516       8917  1028.3024  1028.3021    34.0456    34.0452    8.37474         25 0.0000e+00
    190.000    187.949    -1.4283  27.214488    -1.4287  27.214122     6.2794     6.4134     0.0818    93.7823 1.0000e-12  -74.00282 -112.52356  28.278918      99.77 3.8266e+01    372.518       8941  1028.3082  1028.3081    34.0467    34.0467    8.37471         24 0.0000e+00
    191.000    188.938    -1.4321  27.212733    -1.4326  27.212328     6.2819     6.4133     0.1192    93.7771 1.0000e-12  -74.00282 -112.52356  28.278930      99.78 3.8705e+01    373.511       8965  1028.3142  1028.3143    34.0480    34.0480    8.37548         24 0.0000e+00
    192.000    189.926    -1.4360  27.210285    -1.4363  27.210056     6.2802     6.4214     0.2722    93.8299 1.0000e-12  -74.00282 -112.52356  28.278941      99.77 3.8340e+01    374.527       8990  1028.3197  1028.3197    34.0484    34.0485    8.37634         24 0.0000e+00
    193.000    190.913    -1.4363  27.211476    -1.4365  27.211250     6.2886     6.4252     0.3408    93.7157 1.0000e-12  -74.00282 -112.52356  28.278953      99.77 3.7643e+01    375.560       9014  1028.3255  1028.3254    34.0498    34.0497    8.37632         25 0.0000e+00
    194.000    191.904    -1.4353  27.213252    -1.4354  27.212969     6.2826     6.4177     0.1920    93.7926 1.0000e-12  -74.00282 -112.52357  28.278965      99.77 3.8809e+01    376.586       9039  1028.3308  1028.3306    34.0504    34.0502    8.37605         24 0.0000e+00
    195.000    192.893    -1.4310  27.218156    -1.4313  27.217770     6.2776     6.4141     0.1127    93.8423 1.0000e-12  -74.00282 -112.52357  28.278977      99.77 3.8335e+01    377.580       9063  1028.3363  1028.3362    34.0517    34.0515    8.37501         24 0.0000e+00
    196.000    193.881    -1.4205  27.229244    -1.4203  27.229006     6.2703     6.4096     0.1453    93.6528 1.0000e-12  -74.00282 -112.52357  28.278988      99.77 3.8124e+01    378.555       9086  1028.3426  1028.3421    34.0543    34.0538    8.37249         24 0.0000e+00
    197.000    194.871    -1.4139  27.236283    -1.4139  27.236087     6.2735     6.4061     0.1570    93.8831 1.0000e-12  -74.00282 -112.52357  28.279000      95.83 3.8787e+01    379.590       9111  1028.3482  1028.3481    34.0559    34.0556    8.37091         25 0.0000e+00
    198.000    195.859    -1.4150  27.236687    -1.4153  27.236367     6.2736     6.4135     0.1382    93.6702 1.0000e-12  -74.00282 -112.52357  28.279012      96.75 3.8783e+01    380.650       9137  1028.3542  1028.3541    34.0572    34.0570    8.37110         26 0.0000e+00
    199.000    196.847    -1.4152  27.237279    -1.4154  27.236946     6.2817     6.4193     0.1279    93.9006 1.0000e-12  -74.00282 -112.52358  28.279024      99.57 3.8783e+01    381.674       9161  1028.3594  1028.3592    34.0576    34.0573    8.37112         24 0.0000e+00
    200.000    197.836    -1.4181  27.235317    -1.4182  27.235163     6.2862     6.4283     0.0742    93.8488 1.0000e-12  -74.00282 -112.52358  28.279035      99.77 3.8783e+01    382.640       9184  1028.3644  1028.3643    34.0575    34.0575    8.37176         22 0.0000e+00
    201.000    198.825    -1.4255  27.230078    -1.4258  27.229792     6.2908     6.4300     0.0591    93.8822 1.0000e-12  -74.00282 -112.52358  28.279046      99.78 3.8709e+01    383.607       9208  1028.3701  1028.3701    34.0581    34.0581    8.37339         24 0.0000e+00
    202.000    199.813    -1.4253  27.231359    -1.4255  27.231081     6.2966     6.4326     0.0436    93.9356 1.0000e-12  -74.00282 -112.52358  28.279058      99.77 3.7611e+01    384.601       9231  1028.3756  1028.3755    34.0590    34.0588    8.37329         24 0.0000e+00
    203.000    200.803    -1.4230  27.234145    -1.4231  27.233804     6.2884     6.4377     0.0721    93.8833 1.0000e-12  -74.00282 -112.52358  28.279070      99.78 3.8728e+01    385.658       9257  1028.3808  1028.3805    34.0596    34.0592    8.37274         26 0.0000e+00
    204.000    201.791    -1.4209  27.236602    -1.4211  27.236226     6.2870     6.4311     0.0712    94.0180 1.0000e-12  -74.00282 -112.52358  28.279083      99.77 3.8715e+01    386.732       9283  1028.3857  1028.3855    34.0599    34.0597    8.37224         26 0.0000e+00
    205.000    202.780    -1.4181  27.239865    -1.4190  27.238707     6.2868     6.4262     0.0535    94.0373 1.0000e-12  -74.00282 -112.52358  28.279094      99.78 3.7331e+01    387.747       9307  1028.3909  1028.3906    34.0606    34.0601    8.37157         23 0.0000e+00
    206.000    203.767    -1.4148  27.243552    -1.4149  27.243077     6.2835     6.4200     0.0521    94.0983 1.0000e-12  -74.00282 -112.52358  28.279106      99.77 3.8479e+01    388.720       9330  1028.3961  1028.3957    34.0613    34.0609    8.37079         24 0.0000e+00
    207.000    204.757    -1.4136  27.245319    -1.4138  27.244940     6.2729     6.4132     0.0657    94.0711 1.0000e-12  -74.00282 -112.52358  28.279117      99.77 3.8780e+01    389.677       9353  1028.4013  1028.4009    34.0618    34.0614    8.37051         22 0.0000e+00
    208.000    205.746    -1.4101  27.249662    -1.4099  27.249462     6.2717     6.4119     0.0970    94.0743 1.0000e-12  -74.00282 -112.52358  28.279128      99.78 3.7701e+01    390.633       9376  1028.4069  1028.4064    34.0631    34.0626    8.36963         23 0.0000e+00
    209.000    206.734    -1.4063  27.253502    -1.4064  27.253062     6.2634     6.4068     0.0943    94.0838 1.0000e-12  -74.00282 -112.52358  28.279139      99.78 3.7566e+01    391.628       9400  1028.4117  1028.4114    34.0635    34.0630    8.36876         26 0.0000e+00
    210.000    207.722    -1.4038  27.256251    -1.4041  27.255559     6.2585     6.4105     0.0498    94.0967 1.0000e-12  -74.00282 -112.52358  28.279152      77.26 3.8428e+01    392.709       9426  1028.4166  1028.4162    34.0638    34.0632    8.36817         26 0.0000e+00
    211.000    208.712    -1.4008  27.259472    -1.4006  27.259289     6.2579     6.3966     0.0598    93.6613 1.0000e-12  -74.00282 -112.52358  28.279164      88.77 3.8342e+01    393.778       9452  1028.4217  1028.4213    34.0642    34.0637    8.36749         24 0.0000e+00
    212.000    209.699    -1.3986  27.261996    -1.3989  27.261278     6.2501     6.3845     0.0582    94.0471 1.0000e-12  -74.00282 -112.52358  28.279175      95.53 3.8301e+01    394.753       9475  1028.4266  1028.4261    34.0645    34.0639    8.36697         22 0.0000e+00
    213.000    210.688    -1.3917  27.268879    -1.3933  27.266806     6.2505     6.3823     0.0550    94.1076 1.0000e-12  -74.00282 -112.52358  28.279187      99.81 3.8715e+01    395.715       9498  1028.4318  1028.4311    34.0655    34.0645    8.36535         25 0.0000e+00
    214.000    211.679    -1.3844  27.276016    -1.3845  27.275403     6.2496     6.3855     0.0935    94.1041 1.0000e-12  -74.00282 -112.52358  28.279198      99.77 3.8016e+01    396.738       9523  1028.4369  1028.4363    34.0664    34.0657    8.36367         25 0.0000e+00
    215.000    212.666    -1.3876  27.273975    -1.3877  27.273610     6.2657     6.3967     0.0520    94.0763 1.0000e-12  -74.00282 -112.52358  28.279210      99.77 3.7755e+01    397.773       9548  1028.4422  1028.4419    34.0666    34.0662    8.36437         24 0.0000e+00
    216.000    213.655    -1.3949  27.268329    -1.3953  27.267957     6.2752     6.4094     0.0692    94.0570 1.0000e-12  -74.00282 -112.52359  28.279222      99.78 3.8636e+01    398.771       9572  1028.4475  1028.4474    34.0666    34.0664    8.36603         24 0.0000e+00
    217.000    214.644    -1.3995  27.265331    -1.3996  27.265012     6.2761     6.4164     0.0710    93.9456 1.0000e-12  -74.00282 -112.52359  28.279233      99.78 3.8477e+01    399.749       9595  1028.4530  1028.4527    34.0670    34.0667    8.36702         23 0.0000e+00
    218.000    215.631    -1.4011  27.264794    -1.4010  27.264388     6.2738     6.4062     0.0826    94.1300 1.0000e-12  -74.00282 -112.52359  28.279245      99.77 3.7302e+01    400.762       9619  1028.4582  1028.4577    34.0675    34.0669    8.36735         26 0.0000e+00
    219.000    216.620    -1.3939  27.273251    -1.3936  27.272853     6.2675     6.3991     0.0766    94.1067 1.0000e-12  -74.00282 -112.52359  28.279258      99.78 3.8234e+01    401.850       9645  1028.4648  1028.4641    34.0703    34.0694    8.36556         25 0.0000e+00
    220.000    217.610    -1.3909  27.276392    -1.3908  27.276179     6.2682     6.3924     0.0910    94.0976 1.0000e-12  -74.00282 -112.52359  28.279269      99.78 3.8572e+01    402.882       9670  1028.4697  1028.4694    34.0706    34.0702    8.36488         24 0.0000e+00
    221.000    218.597    -1.3878  27.280000    -1.3874  27.279835     6.2561     6.3951     0.0878    94.1057 1.0000e-12  -74.00282 -112.52359  28.279281      99.77 3.8013e+01    403.841       9693  1028.4750  1028.4744    34.0713    34.0707    8.36413         23 0.0000e+00
    222.000    219.587    -1.3874  27.280784    -1.3873  27.280474     6.2498     6.3852     0.0742    94.1128 1.0000e-12  -74.00282 -112.52359  28.279292      74.15 3.8778e+01    404.807       9716  1028.4798  1028.4793    34.0714    34.0708    8.36404         24 0.0000e+00
    223.000    220.574    -1.3849  27.283629    -1.3846  27.283480     6.2505     6.3838     0.0726    94.0969 1.0000e-12  -74.00282 -112.52359  28.279304      74.73 3.8783e+01    405.830       9741  1028.4849  1028.4844    34.0719    34.0713    8.36347         25 0.0000e+00
    224.000    221.564    -1.3817  27.287489    -1.3816  27.287141     6.2467     6.3830     0.0797    94.1155 1.0000e-12  -74.00282 -112.52359  28.279316      96.20 3.8783e+01    406.883       9766  1028.4902  1028.4898    34.0729    34.0723    8.36267         25 0.0000e+00
    225.000    222.553    -1.3819  27.288326    -1.3817  27.288070     6.2413     6.3817     0.0908    94.1174 1.0000e-12  -74.00282 -112.52359  28.279328      99.80 3.8783e+01    407.922       9791  1028.4958  1028.4953    34.0737    34.0731    8.36268         25 0.0000e+00
    226.000    223.540    -1.3812  27.290033    -1.3811  27.289721     6.2362     6.3755     0.0529    94.1150 1.0000e-12  -74.00282 -112.52359  28.279339      99.77 3.8783e+01    408.924       9815  1028.5012  1028.5009    34.0745    34.0741    8.36246         24 0.0000e+00
    227.000    224.530    -1.3774  27.294480    -1.3774  27.293946     6.2252     6.3676     0.0587    94.1049 1.0000e-12  -74.00282 -112.52359  28.279350      99.78 3.8783e+01    409.876       9838  1028.5069  1028.5062    34.0758    34.0750    8.36155         22 0.0000e+00
    228.000    225.518    -1.3737  27.298606    -1.3746  27.297225     6.2182     6.3668     0.0594    94.1043 1.0000e-12  -74.00282 -112.52359  28.279362      99.77 3.8783e+01    410.840       9861  1028.5120  1028.5114    34.0765    34.0757    8.36066         24 0.0000e+00
    229.000    226.507    -1.3646  27.307755    -1.3649  27.306888     6.2268     6.3665     0.0684    94.1071 1.0000e-12  -74.00282 -112.52359  28.279374      99.77 3.8783e+01    411.872       9886  1028.5176  1028.5170    34.0782    34.0774    8.35853         25 0.0000e+00
    230.000    227.494    -1.3647  27.308821    -1.3652  27.308155     6.2409     6.3718     0.0623    94.1350 1.0000e-12  -74.00282 -112.52359  28.279386      99.78 3.7680e+01    412.918       9911  1028.5233  1028.5230    34.0791    34.0788    8.35849         25 0.0000e+00
    231.000    228.484    -1.3697  27.306258    -1.3694  27.306030     6.2426     6.3765     0.0588    94.1343 1.0000e-12  -74.00282 -112.52359  28.279398      99.78 3.8795e+01    413.948       9936  1028.5297  1028.5292    34.0807    34.0801    8.35953         24 0.0000e+00
    232.000    229.471    -1.3689  27.308834    -1.3685  27.308666     6.2456     6.3760     0.0391    94.1429 1.0000e-12  -74.00282 -112.52358  28.279409      99.78 3.8783e+01    414.944       9960  1028.5361  1028.5355    34.0827    34.0820    8.35923         24 0.0000e+00
