ocean_section_plots/required_files/ctd/dnbp2202_ctd071.cnv
* Sea-Bird SBE 9 Data File:
* FileName = D:\Data\raw\NBP2202_CTD071.hex
* Software Version Seasave V 7.26.7.121
* Temperature SN = 1649
* Conductivity SN = 2513
* Number of Bytes Per Scan = 40
* Number of Voltage Words = 5
* Number of Scans Averaged by the Deck Unit = 1
* NMEA Latitude = 74 14.29 S
* NMEA Longitude = 112 12.57 W
* NMEA UTC (Time) = Jan 26 2022  03:59:03
* NMEA baud rate = 9600
** Ship: RVIB N.B. Palmer
** Cruise: NBP2202 Thwaites
** Station: 52
** Operator: A. Robinson
# nquan = 25
# nvalues = 956                         
# units = specified
# name 0 = prDM: Pressure, Digiquartz [db]
# name 1 = depSM: Depth [salt water, m]
# name 2 = t090C: Temperature [ITS-90, deg C]
# name 3 = c0mS/cm: Conductivity [mS/cm]
# name 4 = t190C: Temperature, 2 [ITS-90, deg C]
# name 5 = c1mS/cm: Conductivity, 2 [mS/cm]
# name 6 = sbeox0ML/L: Oxygen, SBE 43 [ml/l]
# name 7 = sbeox1ML/L: Oxygen, SBE 43, 2 [ml/l]
# name 8 = flECO-AFL: Fluorescence, WET Labs ECO-AFL/FL [mg/m^3]
# name 9 = CStarTr0: Beam Transmission, WET Labs C-Star [%]
# name 10 = par: PAR/Irradiance, Biospherical/Licor
# name 11 = latitude: Latitude [deg]
# name 12 = longitude: Longitude [deg]
# name 13 = timeJ: Julian Days
# name 14 = altM: Altimeter [m]
# name 15 = spar: SPAR, Biospherical/Licor
# name 16 = timeS: Time, Elapsed [seconds]
# name 17 = scan: Scan Count
# name 18 = density00: Density [density, kg/m^3]
# name 19 = density11: Density, 2 [density, kg/m^3]
# name 20 = sal00: Salinity, Practical [PSU]
# name 21 = sal11: Salinity, Practical, 2 [PSU]
# name 22 = oxsolML/L: Oxygen Saturation, Garcia & Gordon [ml/l]
# name 23 = nbin: number of scans per bin
# name 24 = flag: flag
# span 0 =      2.000,    957.000       
# span 1 =      1.977,    944.913       
# span 2 =    -1.5003,     0.5695       
# span 3 =  27.120696,  29.625688       
# span 4 =    -1.4999,     0.5716       
# span 5 =  27.120736,  29.625627       
# span 6 =     4.5500,     8.5377       
# span 7 =     4.6483,     8.6710       
# span 8 =    -0.0152,    26.9877       
# span 9 =    67.5582,    95.6842       
# span 10 = -2.712e-06, 9.6231e+01      
# span 11 =  -74.23826,  -74.23824      
# span 12 = -112.20966, -112.20962      
# span 13 =  26.169041,  26.183836      
# span 14 =       7.05,     100.29      
# span 15 = 2.2589e+02, 2.4931e+02      
# span 16 =    262.076,   1540.388      
# span 17 =       6291,      36970      
# span 18 =  1027.1903,  1032.2241      
# span 19 =  1027.1952,  1032.2220      
# span 20 =    33.7930,    34.5672      
# span 21 =    33.7972,    34.5647      
# span 22 =    7.91658,    8.39458      
# span 23 =          5,         65      
# span 24 = 0.0000e+00, 0.0000e+00      
# interval = decibars: 1                
# start_time = Jan 26 2022 03:59:03 [NMEA time, header]
# bad_flag = -9.990e-29
*END*
[from data line 696]
    698.000    689.613     0.2440  29.165308     0.2461  29.165273     4.7521     4.8776     0.0114    95.6564 1.0000e-12  -74.23826 -112.20964  26.179436      99.81 2.2917e+02   1160.252      27847  1030.9685  1030.9665    34.4767    34.4743    7.98863         31 0.0000e+00
    699.000    690.600     0.2444  29.166108     0.2466  29.166206     4.7646     4.8775     0.0087    95.6330 1.0000e-12  -74.23826 -112.20964  26.179450      99.81 2.2917e+02   1161.504      27877  1030.9733  1030.9712    34.4767    34.4744    7.98855         30 0.0000e+00
    700.000    691.584     0.2445  29.166720     0.2465  29.166602     4.7585     4.8775     0.0130    95.6657 1.0000e-12  -74.23826 -112.20964  26.179465      99.81 2.2917e+02   1162.736      27907  1030.9780  1030.9759    34.4769    34.4744    7.98853         29 0.0000e+00
    701.000    692.571     0.2444  29.167072     0.2466  29.167093     4.7518     4.8769    -0.0088    95.6641 1.0000e-12  -74.23826 -112.20964  26.179478      99.81 2.2917e+02   1163.939      27936  1030.9827  1030.9806    34.4768    34.4744    7.98854         28 0.0000e+00
    702.000    693.558     0.2436  29.166455     0.2455  29.166342     4.7569     4.8766     0.0014    95.6492 1.0000e-12  -74.23826 -112.20964  26.179492      99.81 2.2917e+02   1165.128      27964  1030.9871  1030.9851    34.4763    34.4741    7.98873         29 0.0000e+00
    703.000    694.543     0.2425  29.165829     0.2444  29.165677     4.7509     4.8716     0.0127    95.6739 1.0000e-12  -74.23826 -112.20962  26.179506      99.81 2.2917e+02   1166.326      27993  1030.9917  1030.9898    34.4762    34.4739    7.98897         29 0.0000e+00
    704.000    695.531     0.2466  29.170785     0.2493  29.171119     4.7503     4.8639     0.0042    95.6534 1.0000e-12  -74.23826 -112.20963  26.179520      99.81 2.2917e+02   1167.560      28022  1030.9971  1030.9948    34.4775    34.4749    7.98805         30 0.0000e+00
    705.000    696.516     0.2531  29.177872     0.2554  29.178057     4.7650     4.8674    -0.0042    95.6655 1.0000e-12  -74.23826 -112.20962  26.179535      91.59 2.2917e+02   1168.833      28053  1031.0024  1031.0004    34.4790    34.4767    7.98663         31 0.0000e+00
    706.000    697.503     0.2567  29.182101     0.2594  29.182642     4.7519     4.8647     0.0002    95.6381 1.0000e-12  -74.23826 -112.20962  26.179549      75.57 2.2917e+02   1170.073      28083  1031.0075  1031.0054    34.4799    34.4776    7.98582         28 0.0000e+00
    707.000    698.489     0.2584  29.184118     0.2610  29.184697     4.7368     4.8594     0.0070    95.6745 1.0000e-12  -74.23826 -112.20962  26.179563      94.40 2.2917e+02   1171.239      28111  1031.0122  1031.0102    34.4801    34.4780    7.98546         28 0.0000e+00
    708.000    699.476     0.2606  29.187041     0.2622  29.186313     4.7462     4.8645     0.0017    95.6583 1.0000e-12  -74.23826 -112.20962  26.179576      99.73 2.2917e+02   1172.404      28139  1031.0173  1031.0150    34.4809    34.4781    7.98496         29 0.0000e+00
    709.000    700.463     0.2631  29.189868     0.2647  29.189232     4.7477     4.8577    -0.0124    95.6617 1.0000e-12  -74.23826 -112.20962  26.179591      99.80 2.2917e+02   1173.659      28169  1031.0220  1031.0199    34.4812    34.4786    7.98442         29 0.0000e+00
    710.000    701.448     0.2652  29.192367     0.2671  29.192110     4.7356     4.8561    -0.0073    95.6390 1.0000e-12  -74.23826 -112.20962  26.179606      99.82 2.2917e+02   1174.962      28200  1031.0269  1031.0248    34.4816    34.4792    7.98397         29 0.0000e+00
    711.000    702.434     0.2658  29.193352     0.2675  29.193032     4.7200     4.8597     0.0033    95.6509 1.0000e-12  -74.23826 -112.20962  26.179620      99.81 2.2917e+02   1176.204      28230  1031.0315  1031.0296    34.4816    34.4793    7.98384         29 0.0000e+00
    712.000    703.421     0.2659  29.194001     0.2677  29.193650     4.7419     4.8607    -0.0080    95.6641 1.0000e-12  -74.23826 -112.20962  26.179634      99.82 2.2917e+02   1177.400      28259  1031.0364  1031.0343    34.4817    34.4793    7.98380         29 0.0000e+00
    713.000    704.407     0.2667  29.195274     0.2683  29.194729     4.7258     4.8584    -0.0050    95.6678 1.0000e-12  -74.23826 -112.20962  26.179648      99.81 2.2917e+02   1178.605      28288  1031.0413  1031.0391    34.4820    34.4795    7.98364         29 0.0000e+00
    714.000    705.393     0.2717  29.201139     0.2732  29.200056     4.7259     4.8482    -0.0047    95.6546 1.0000e-12  -74.23826 -112.20962  26.179662      99.81 2.2917e+02   1179.829      28317  1031.0466  1031.0441    34.4835    34.4804    7.98251         29 0.0000e+00
    715.000    706.380     0.2869  29.217605     0.2894  29.217684     4.7247     4.8449    -0.0085    95.6510 1.0000e-12  -74.23826 -112.20962  26.179676      99.81 2.2917e+02   1181.041      28346  1031.0531  1031.0507    34.4875    34.4848    7.97914         29 0.0000e+00
    716.000    707.365     0.2959  29.227670     0.2969  29.226282     4.7200     4.8488    -0.0029    95.6093 1.0000e-12  -74.23826 -112.20962  26.179690      98.28 2.2917e+02   1182.248      28375  1031.0589  1031.0566    34.4900    34.4872    7.97713         29 0.0000e+00
    717.000    708.352     0.3018  29.234470     0.3037  29.233928     4.7183     4.8360    -0.0004    95.6401 1.0000e-12  -74.23826 -112.20962  26.179704      79.64 2.2917e+02   1183.435      28403  1031.0646  1031.0622    34.4919    34.4890    7.97582         28 0.0000e+00
    718.000    709.339     0.3108  29.244525     0.3130  29.244394     4.7097     4.8321    -0.0004    95.6137 1.0000e-12  -74.23826 -112.20962  26.179718      94.08 2.2917e+02   1184.625      28432  1031.0705  1031.0682    34.4944    34.4917    7.97381         29 0.0000e+00
    719.000    710.323     0.3130  29.247264     0.3151  29.247126     4.7179     4.8361     0.0054    95.6121 1.0000e-12  -74.23826 -112.20962  26.179732      99.63 2.2917e+02   1185.850      28461  1031.0755  1031.0733    34.4949    34.4924    7.97332         30 0.0000e+00
    720.000    711.311     0.3138  29.248380     0.3157  29.248053     4.7116     4.8357     0.0005    95.6346 1.0000e-12  -74.23826 -112.20962  26.179747      99.81 2.2917e+02   1187.111      28492  1031.0803  1031.0781    34.4950    34.4924    7.97316         30 0.0000e+00
    721.000    712.297     0.3154  29.250662     0.3177  29.250639     4.7156     4.8293     0.0067    95.6471 1.0000e-12  -74.23826 -112.20962  26.179762      99.81 2.2917e+02   1188.400      28523  1031.0855  1031.0832    34.4956    34.4930    7.97280         32 0.0000e+00
    722.000    713.282     0.3222  29.258278     0.3246  29.258427     4.7084     4.8311     0.0069    95.6510 1.0000e-12  -74.23826 -112.20962  26.179776      99.81 2.2917e+02   1189.661      28553  1031.0910  1031.0887    34.4973    34.4948    7.97129         29 0.0000e+00
    723.000    714.270     0.3240  29.260708     0.3264  29.260827     4.7100     4.8346     0.0028    95.6506 1.0000e-12  -74.23826 -112.20962  26.179790      99.81 2.2917e+02   1190.838      28581  1031.0960  1031.0938    34.4979    34.4954    7.97088         27 0.0000e+00
    724.000    715.256     0.3261  29.263513     0.3289  29.263978     4.7079     4.8251     0.0081    95.6314 1.0000e-12  -74.23826 -112.20962  26.179803      99.82 2.2917e+02   1191.963      28608  1031.1011  1031.0990    34.4986    34.4962    7.97040         27 0.0000e+00
    725.000    716.241     0.3321  29.270350     0.3349  29.270754     4.7036     4.8232     0.0096    95.6293 1.0000e-12  -74.23826 -112.20962  26.179816      99.80 2.2917e+02   1193.129      28636  1031.1067  1031.1044    34.5003    34.4978    7.96907         30 0.0000e+00
    726.000    717.228     0.3383  29.277291     0.3406  29.277178     4.7254     4.8225     0.0069    95.6310 1.0000e-12  -74.23826 -112.20962  26.179831      99.81 2.2917e+02   1194.386      28666  1031.1121  1031.1098    34.5019    34.4993    7.96770         30 0.0000e+00
    727.000    718.215     0.3394  29.278829     0.3412  29.278351     4.7098     4.8204    -0.0053    95.6323 1.0000e-12  -74.23826 -112.20963  26.179846      99.65 2.2917e+02   1195.684      28697  1031.1169  1031.1147    34.5021    34.4995    7.96746         31 0.0000e+00
    728.000    719.201     0.3418  29.281870     0.3437  29.281420     4.6972     4.8216    -0.0003    95.6396 1.0000e-12  -74.23826 -112.20963  26.179860      75.80 2.2917e+02   1196.938      28728  1031.1221  1031.1198    34.5029    34.5002    7.96693         29 0.0000e+00
    729.000    720.186     0.3436  29.284236     0.3457  29.284095     4.7036     4.8228    -0.0004    95.5407 1.0000e-12  -74.23826 -112.20962  26.179874      60.27 2.2917e+02   1198.128      28756  1031.1271  1031.1249    34.5034    34.5009    7.96653         29 0.0000e+00
    730.000    721.173     0.3476  29.288919     0.3504  29.289448     4.6957     4.8127    -0.0004    95.6354 1.0000e-12  -74.23826 -112.20962  26.179888      94.09 2.2917e+02   1199.293      28784  1031.1323  1031.1301    34.5045    34.5021    7.96564         27 0.0000e+00
    731.000    722.159     0.3487  29.290450     0.3511  29.290666     4.7021     4.8131    -0.0038    95.6379 1.0000e-12  -74.23826 -112.20962  26.179901      99.87 2.2917e+02   1200.490      28813  1031.1371  1031.1350    34.5046    34.5023    7.96540         30 0.0000e+00
    732.000    723.145     0.3515  29.293956     0.3532  29.293264     4.6841     4.8179    -0.0002    95.6413 1.0000e-12  -74.23826 -112.20962  26.179916      99.81 2.2917e+02   1201.736      28843  1031.1423  1031.1399    34.5056    34.5028    7.96478         31 0.0000e+00
    733.000    724.132     0.3580  29.301520     0.3602  29.301202     4.7036     4.8160     0.0020    95.6481 1.0000e-12  -74.23826 -112.20962  26.179931      99.82 2.2917e+02   1203.004      28873  1031.1480  1031.1455    34.5075    34.5047    7.96331         30 0.0000e+00
    734.000    725.118     0.3674  29.312289     0.3699  29.312164     4.6853     4.8146    -0.0006    95.6280 1.0000e-12  -74.23826 -112.20962  26.179945      99.81 2.2917e+02   1204.243      28903  1031.1542  1031.1516    34.5106    34.5076    7.96121         29 0.0000e+00
    735.000    726.103     0.3734  29.318962     0.3756  29.316681     4.7004     4.8010    -0.0004    95.6421 1.0000e-12  -74.23826 -112.20962  26.179959      99.82 2.2917e+02   1205.442      28932  1031.1596  1031.1550    34.5121    34.5065    7.95989         28 0.0000e+00
    736.000    727.090     0.3781  29.324432     0.3803  29.324270     4.6838     4.8054    -0.0004    95.6315 1.0000e-12  -74.23826 -112.20962  26.179973      99.81 2.2917e+02   1206.624      28960  1031.1649  1031.1626    34.5133    34.5107    7.95884         29 0.0000e+00
    737.000    728.076     0.3813  29.328205     0.3834  29.328010     4.6808     4.8006    -0.0014    95.6479 1.0000e-12  -74.23826 -112.20962  26.179987      99.81 2.2917e+02   1207.838      28989  1031.1700  1031.1678    34.5141    34.5115    7.95814         30 0.0000e+00
    738.000    729.062     0.3830  29.330476     0.3852  29.330356     4.6832     4.8032    -0.0059    95.6388 1.0000e-12  -74.23826 -112.20962  26.180001      99.81 2.2917e+02   1209.089      29019  1031.1750  1031.1727    34.5146    34.5120    7.95776         30 0.0000e+00
    739.000    730.048     0.3853  29.333294     0.3871  29.332740     4.6790     4.8022     0.0018    95.6253 1.0000e-12  -74.23826 -112.20962  26.180015      89.50 2.2917e+02   1210.328      29049  1031.1800  1031.1777    34.5152    34.5125    7.95726         29 0.0000e+00
    740.000    731.034     0.3873  29.335894     0.3892  29.335459     4.6829     4.7929     0.0069    95.6129 1.0000e-12  -74.23826 -112.20962  26.180029      99.26 2.2917e+02   1211.531      29078  1031.1851  1031.1828    34.5158    34.5132    7.95682         29 0.0000e+00
    741.000    732.020     0.3900  29.339246     0.3916  29.338485     4.6813     4.7997    -0.0051    95.6422 1.0000e-12  -74.23826 -112.20962  26.180043      99.80 2.2917e+02   1212.700      29106  1031.1902  1031.1878    34.5166    34.5138    7.95622         28 0.0000e+00
    742.000    733.007     0.3915  29.341291     0.3937  29.341083     4.6804     4.8004     0.0025    95.6420 1.0000e-12  -74.23826 -112.20962  26.180057      99.81 2.2917e+02   1213.885      29134  1031.1951  1031.1928    34.5170    34.5144    7.95588         28 0.0000e+00
    743.000    733.991     0.3926  29.342745     0.3947  29.342614     4.6789     4.7940     0.0191    95.6323 1.0000e-12  -74.23826 -112.20962  26.180071      99.81 2.2917e+02   1215.113      29164  1031.1999  1031.1977    34.5171    34.5146    7.95566         31 0.0000e+00
    744.000    734.980     0.3940  29.344631     0.3961  29.344498     4.6871     4.7941     0.0093    95.6268 1.0000e-12  -74.23826 -112.20962  26.180085      99.81 2.2917e+02   1216.369      29194  1031.2047  1031.2026    34.5175    34.5150    7.95535         30 0.0000e+00
    745.000    735.965     0.3967  29.348097     0.3987  29.347762     4.6734     4.7877     0.0006    95.6008 1.0000e-12  -74.23826 -112.20962  26.180100      99.81 2.2917e+02   1217.659      29225  1031.2100  1031.2077    34.5184    34.5157    7.95474         31 0.0000e+00
    746.000    736.952     0.4002  29.352254     0.4022  29.351916     4.6735     4.7863     0.0070    95.6111 1.0000e-12  -74.23826 -112.20963  26.180115      99.82 2.2917e+02   1218.932      29255  1031.2151  1031.2128    34.5194    34.5167    7.95397         29 0.0000e+00
    747.000    737.936     0.4011  29.353771     0.4031  29.353498     4.6765     4.7878     0.0022    95.6043 1.0000e-12  -74.23826 -112.20962  26.180129      99.81 2.2917e+02   1220.112      29284  1031.2201  1031.2178    34.5197    34.5171    7.95376         28 0.0000e+00
    748.000    738.923     0.4037  29.357010     0.4062  29.357168     4.6694     4.7859    -0.0085    95.6086 1.0000e-12  -74.23826 -112.20964  26.180142      99.80 2.2917e+02   1221.246      29311  1031.2251  1031.2228    34.5205    34.5179    7.95318         27 0.0000e+00
    749.000    739.910     0.4076  29.361601     0.4096  29.361246     4.6751     4.7881    -0.0082    95.5987 1.0000e-12  -74.23824 -112.20962  26.180155      82.63 2.2917e+02   1222.410      29339  1031.2303  1031.2280    34.5215    34.5188    7.95231         29 0.0000e+00
    750.000    740.895     0.4094  29.363877     0.4114  29.363498     4.6745     4.7885    -0.0002    95.6131 1.0000e-12  -74.23826 -112.20963  26.180170      95.07 2.2917e+02   1223.664      29369  1031.2352  1031.2329    34.5219    34.5192    7.95192         31 0.0000e+00
    751.000    741.882     0.4101  29.365040     0.4122  29.364824     4.6701     4.7918     0.0069    95.6032 1.0000e-12  -74.23826 -112.20963  26.180185      99.82 2.2917e+02   1224.959      29400  1031.2400  1031.2378    34.5221    34.5195    7.95177         31 0.0000e+00
    752.000    742.868     0.4106  29.366085     0.4126  29.365788     4.6686     4.7856     0.0006    95.6112 1.0000e-12  -74.23826 -112.20962  26.180199      99.81 2.2917e+02   1226.215      29430  1031.2448  1031.2426    34.5223    34.5197    7.95165         30 0.0000e+00
    753.000    743.853     0.4114  29.367300     0.4134  29.367148     4.6604     4.7874     0.0061    95.6076 1.0000e-12  -74.23824 -112.20964  26.180213      99.81 2.2917e+02   1227.414      29459  1031.2496  1031.2475    34.5225    34.5201    7.95148         27 0.0000e+00
    754.000    744.840     0.4119  29.368426     0.4139  29.368086     4.6610     4.7886    -0.0002    95.6182 1.0000e-12  -74.23824 -112.20963  26.180226      99.81 2.2917e+02   1228.567      29487  1031.2545  1031.2523    34.5228    34.5202    7.95136         28 0.0000e+00
