ocean_section_plots/required_files/ctd/dnbp2202_ctd163.cnv
* Sea-Bird SBE 9 Data File:
* FileName = D:\Data\raw\NBP2202_CTD163.hex
* Software Version Seasave V 7.26.7.121
* Temperature SN = 1649
* Conductivity SN = 2513
* Number of Bytes Per Scan = 40
* Number of Voltage Words = 5
* Number of Scans Averaged by the Deck Unit = 1
* NMEA Latitude = 74 14.39 S
* NMEA Longitude = 112 16.00 W
* NMEA UTC (Time) = Feb 01 2022  01:50:23
* NMEA baud rate = 9600
** Ship: RVIB N.B. Palmer
** Cruise: NBP2202 Thwaites
** Station: 85
** Operator: A. Robinson
# nquan = 28
# nvalues = 504                         
# units = specified
# name 0 = prDM: Pressure, Digiquartz [db]
# name 1 = depSM: Depth [salt water, m]
# name 2 = t090C: Temperature [ITS-90, deg C]
# name 3 = c0mS/cm: Conductivity [mS/cm]
# name 4 = t190C: Temperature, 2 [ITS-90, deg C]
# name 5 = c1mS/cm: Conductivity, 2 [mS/cm]
# name 6 = sbeox0ML/L: Oxygen, SBE 43 [ml/l]
# name 7 = sbeox1ML/L: Oxygen, SBE 43, 2 [ml/l]
# name 8 = flECO-AFL: Fluorescence, WET Labs ECO-AFL/FL [mg/m^3]
# name 9 = CStarTr0: Beam Transmission, WET Labs C-Star [%]
# name 10 = par: PAR/Irradiance, Biospherical/Licor
# name 11 = latitude: Latitude [deg]
# name 12 = longitude: Longitude [deg]
# name 13 = timeJ: Julian Days
# name 14 = altM: Altimeter [m]
# name 15 = spar: SPAR, Biospherical/Licor
# name 16 = timeS: Time, Elapsed [seconds]
# name 17 = scan: Scan Count
# name 18 = density00: Density [density, kg/m^3]
# name 19 = density11: Density, 2 [density, kg/m^3]
# name 20 = v3: Voltage 3
# name 21 = v4: Voltage 4
# name 22 = v5: Voltage 5
# name 23 = sal00: Salinity, Practical [PSU]
# name 24 = sal11: Salinity, Practical, 2 [PSU]
# name 25 = oxsolML/L: Oxygen Saturation, Garcia & Gordon [ml/l]
# name 26 = nbin: number of scans per bin
# name 27 = flag: flag
# span 0 =      3.000,    506.000       
# span 1 =      2.968,    500.135       
# span 2 =    -1.5084,    -0.1787       
# span 3 =  27.040328,  28.605076       
# span 4 =    -1.5076,    -0.1759       
# span 5 =  27.040641,  28.605188       
# span 6 =     4.9135,     7.4174       
# span 7 =     4.9939,     7.5762       
# span 8 =     0.0009,    13.4995       
# span 9 =    78.4132,    93.6675       
# span 10 = 1.0000e-12, 7.9213e+01      
# span 11 =  -74.23990,  -74.23990      
# span 12 = -112.26684, -112.26677      
# span 13 =  32.079569,  32.087542      
# span 14 =      68.57,     100.20      
# span 15 = 1.4430e+03, 1.5027e+03      
# span 16 =    251.788,    940.669      
# span 17 =       6044,      22577      
# span 18 =  1027.2142,  1029.9668      
# span 19 =  1027.2161,  1029.9663      
# span 20 =     3.7202,     4.4435      
# span 21 =     0.0709,     1.9220      
# span 22 =     0.1147,     0.1884      
# span 23 =    33.8140,    34.3235      
# span 24 =    33.8152,    34.3205      
# span 25 =    8.08590,    8.39858      
# span 26 =          8,         47      
# span 27 = 0.0000e+00, 0.0000e+00      
# interval = decibars: 1                
# start_time = Feb 01 2022 01:50:23 [NMEA time, header]
# bad_flag = -9.990e-29
*END*
[from data line 363]
    366.000    361.891    -1.2416  27.510256    -1.2406  27.509763     6.0461     6.1670     0.0291    93.4601 1.0000e-12  -74.23990 -112.26679  32.085260      99.90 1.4730e+03    743.458      17844  1029.2122  1029.2108     4.4337     0.0809     0.1200    34.1313    34.1295    8.32790         28 0.0000e+00
    367.000    362.878    -1.2274  27.524716    -1.2258  27.523883     6.0194     6.1368     0.0361    93.4455 1.0000e-12  -74.23990 -112.26679  32.085274      99.89 1.4720e+03    744.680      17873  1029.2182  1029.2158     4.4330     0.0794     0.1189    34.1344    34.1314    8.32457         31 0.0000e+00
    368.000    363.867    -1.2014  27.548717    -1.2014  27.546854     5.9927     6.1133     0.0390    93.5385 1.0000e-12  -74.23990 -112.26679  32.085289      99.89 1.4744e+03    745.947      17904  1029.2231  1029.2211     4.4374     0.0802     0.1181    34.1370    34.1345    8.31862         27 0.0000e+00
    369.000    364.855    -1.1983  27.552294    -1.1963  27.552570     5.9836     6.1056     0.0525    93.5365 1.0000e-12  -74.23990 -112.26679  32.085301      99.90 1.4732e+03    747.013      17929  1029.2283  1029.2266     4.4373     0.0816     0.1198    34.1378    34.1359    8.31789         25 0.0000e+00
    370.000    365.841    -1.1913  27.559264    -1.1883  27.560248     5.9583     6.0812     0.0543    93.5237 1.0000e-12  -74.23990 -112.26679  32.085312      99.89 1.4729e+03    747.978      17952  1029.2333  1029.2315     4.4367     0.0809     0.1179    34.1388    34.1367    8.31628         23 0.0000e+00
    371.000    366.831    -1.1790  27.570838    -1.1766  27.571089     5.9193     6.0340     0.0554    93.5323 1.0000e-12  -74.23990 -112.26679  32.085324      99.90 1.4738e+03    749.017      17977  1029.2382  1029.2362     4.4371     0.0780     0.1199    34.1400    34.1376    8.31347         26 0.0000e+00
    372.000    367.818    -1.1509  27.597119    -1.1440  27.601091     5.8850     6.0004     0.0427    93.4262 1.0000e-12  -74.23990 -112.26679  32.085339      83.40 1.4746e+03    750.317      18009  1029.2438  1029.2413     4.4321     0.0763     0.1203    34.1434    34.1410    8.30704         31 0.0000e+00
    373.000    368.807    -1.1337  27.612873    -1.1320  27.612961     5.8940     6.0037     0.0654    93.4501 1.0000e-12  -74.23990 -112.26680  32.085354      95.19 1.4751e+03    751.627      18040  1029.2486  1029.2471     4.4332     0.0816     0.1192    34.1448    34.1430    8.30315         28 0.0000e+00
    374.000    369.792    -1.1413  27.606991    -1.1404  27.606508     5.9377     6.0422     0.0814    93.5402 1.0000e-12  -74.23990 -112.26680  32.085367      99.97 1.4730e+03    752.704      18066  1029.2541  1029.2528     4.4375     0.0822     0.1230    34.1448    34.1431    8.30483         24 0.0000e+00
    375.000    370.782    -1.1610  27.590433    -1.1610  27.589809     5.9744     6.0757     0.0729    93.5252 1.0000e-12  -74.23990 -112.26680  32.085379      99.89 1.4707e+03    753.706      18090  1029.2598  1029.2592     4.4368     0.0798     0.1189    34.1439    34.1431    8.30926         25 0.0000e+00
    376.000    371.770    -1.1914  27.565488    -1.1916  27.564781     6.0023     6.0955     0.1411    93.5148 1.0000e-12  -74.23990 -112.26680  32.085391      99.89 1.4728e+03    754.747      18115  1029.2667  1029.2662     4.4363     0.0813     0.1214    34.1437    34.1430    8.31602         26 0.0000e+00
    377.000    372.757    -1.2093  27.551668    -1.2083  27.551395     6.0050     6.1126     0.0529    93.4840 1.0000e-12  -74.23990 -112.26680  32.085404      99.90 1.4756e+03    755.932      18143  1029.2733  1029.2721     4.4349     0.0813     0.1193    34.1445    34.1430    8.31994         31 0.0000e+00
    378.000    373.745    -1.2178  27.545893    -1.2166  27.545770     6.0078     6.1157     0.0586    93.5184 1.0000e-12  -74.23990 -112.26682  32.085420      99.89 1.4732e+03    757.287      18176  1029.2795  1029.2782     4.4364     0.0822     0.1216    34.1457    34.1441    8.32177         31 0.0000e+00
    379.000    374.733    -1.2202  27.545536    -1.2191  27.545293     6.0046     6.1212     0.1082    93.4967 1.0000e-12  -74.23990 -112.26680  32.085434      99.90 1.4694e+03    758.481      18205  1029.2856  1029.2842     4.4355     0.0807     0.1211    34.1473    34.1457    8.32220         27 0.0000e+00
    380.000    375.720    -1.2208  27.545738    -1.2197  27.545536     6.0050     6.1151     0.1624    93.5033 1.0000e-12  -74.23990 -112.26682  32.085446      99.89 1.4731e+03    759.500      18229  1029.2905  1029.2892     4.4357     0.0795     0.1208    34.1476    34.1461    8.32231         23 0.0000e+00
    381.000    376.709    -1.2220  27.545593    -1.2207  27.545414     6.0047     6.1078     0.0534    93.4348 1.0000e-12  -74.23990 -112.26680  32.085457      99.90 1.4754e+03    760.478      18252  1029.2957  1029.2943     4.4325     0.0790     0.1171    34.1482    34.1465    8.32254         24 0.0000e+00
    382.000    377.697    -1.2205  27.547782    -1.2192  27.547544     6.0029     6.1006     0.0411    93.4913 1.0000e-12  -74.23990 -112.26682  32.085469      99.90 1.4748e+03    761.552      18278  1029.3008  1029.2994     4.4352     0.0792     0.1191    34.1489    34.1471    8.32218         26 0.0000e+00
    383.000    378.684    -1.2182  27.550535    -1.2170  27.550071     5.9966     6.1037     0.0441    93.5092 1.0000e-12  -74.23990 -112.26682  32.085483      81.49 1.4724e+03    762.741      18307  1029.3057  1029.3041     4.4360     0.0761     0.1189    34.1494    34.1474    8.32162         29 0.0000e+00
    384.000    379.672    -1.2163  27.553010    -1.2149  27.552631     5.9892     6.1018     0.0382    93.2856 1.0000e-12  -74.23990 -112.26682  32.085497      87.89 1.4712e+03    763.964      18336  1029.3108  1029.3091     4.4254     0.0761     0.1167    34.1500    34.1479    8.32117         28 0.0000e+00
    385.000    380.659    -1.2175  27.552990    -1.2163  27.552704     5.9825     6.0963     0.0445    93.5162 1.0000e-12  -74.23990 -112.26682  32.085510     100.04 1.4714e+03    765.076      18363  1029.3162  1029.3148     4.4363     0.0778     0.1211    34.1507    34.1490    8.32140         26 0.0000e+00
    386.000    381.647    -1.2135  27.559562    -1.2125  27.558727     5.9654     6.0826     0.0576    93.5281 1.0000e-12  -74.23990 -112.26682  32.085522      99.89 1.4726e+03    766.103      18387  1029.3238  1029.3219     4.4369     0.0815     0.1186    34.1546    34.1523    8.32029         24 0.0000e+00
    387.000    382.635    -1.2058  27.568310    -1.2044  27.567875     5.9669     6.0791     0.0576    93.5200 1.0000e-12  -74.23990 -112.26682  32.085534      99.89 1.4732e+03    767.132      18412  1029.3300  1029.3282     4.4365     0.0764     0.1200    34.1571    34.1549    8.31841         25 0.0000e+00
    388.000    383.623    -1.2043  27.570355    -1.2030  27.570151     5.9671     6.0840     0.0401    93.5377 1.0000e-12  -74.23990 -112.26682  32.085546      99.89 1.4730e+03    768.208      18438  1029.3351  1029.3336     4.4373     0.0787     0.1196    34.1577    34.1559    8.31806         26 0.0000e+00
    389.000    384.612    -1.2065  27.569164    -1.2049  27.569225     5.9765     6.0821     0.0492    93.5734 1.0000e-12  -74.23990 -112.26682  32.085559      99.89 1.4726e+03    769.340      18465  1029.3402  1029.3388     4.4390     0.0825     0.1217    34.1579    34.1561    8.31852         29 0.0000e+00
    390.000    385.600    -1.2091  27.567745    -1.2078  27.567536     5.9875     6.0935     0.0366    93.5271 1.0000e-12  -74.23990 -112.26682  32.085574      99.89 1.4723e+03    770.591      18495  1029.3455  1029.3441     4.4369     0.0775     0.1215    34.1583    34.1566    8.31908         31 0.0000e+00
    391.000    386.585    -1.2126  27.566044    -1.2114  27.565901     5.9922     6.1001     0.0465    93.5674 1.0000e-12  -74.23990 -112.26682  32.085588      99.89 1.4722e+03    771.782      18524  1029.3514  1029.3500     4.4387     0.0772     0.1160    34.1594    34.1578    8.31980         26 0.0000e+00
    392.000    387.575    -1.2170  27.563444    -1.2160  27.563065     5.9994     6.1051     0.0402    93.5560 1.0000e-12  -74.23990 -112.26682  32.085599      99.89 1.4735e+03    772.776      18548  1029.3572  1029.3558     4.4382     0.0784     0.1178    34.1602    34.1586    8.32073         23 0.0000e+00
    393.000    388.561    -1.2188  27.562564    -1.2176  27.562378     5.9974     6.1023     0.0302    93.5436 1.0000e-12  -74.23990 -112.26682  32.085610      99.89 1.4734e+03    773.734      18571  1029.3622  1029.3608     4.4376     0.0811     0.1226    34.1604    34.1588    8.32111         24 0.0000e+00
    394.000    389.551    -1.2196  27.562753    -1.2184  27.562499     5.9994     6.1032     0.0391    93.5560 1.0000e-12  -74.23990 -112.26682  32.085623      99.89 1.4724e+03    774.864      18598  1029.3674  1029.3659     4.4382     0.0766     0.1192    34.1610    34.1592    8.32126         30 0.0000e+00
    395.000    390.537    -1.2211  27.562303    -1.2198  27.562111     5.9945     6.0991     0.0536    93.4350 1.0000e-12  -74.23990 -112.26682  32.085639      82.47 1.4702e+03    776.207      18630  1029.3726  1029.3712     4.4325     0.0738     0.1189    34.1614    34.1597    8.32157         30 0.0000e+00
    396.000    391.525    -1.2217  27.562501    -1.2205  27.562269     5.9951     6.1052     0.0327    93.5975 1.0000e-12  -74.23990 -112.26682  32.085653      95.85 1.4695e+03    777.384      18658  1029.3777  1029.3762     4.4403     0.0762     0.1194    34.1618    34.1600    8.32168         24 0.0000e+00
    397.000    392.513    -1.2226  27.562368    -1.2213  27.562128     5.9956     6.1081     0.0261    93.6151 1.0000e-12  -74.23990 -112.26682  32.085664      97.08 1.4690e+03    778.329      18681  1029.3826  1029.3812     4.4410     0.0764     0.1168    34.1620    34.1602    8.32186         23 0.0000e+00
    398.000    393.501    -1.2238  27.561822    -1.2226  27.561676     5.9961     6.1128     0.0300    93.5957 1.0000e-12  -74.23990 -112.26682  32.085675      99.81 1.4703e+03    779.307      18704  1029.3875  1029.3862     4.4401     0.0763     0.1180    34.1620    34.1604    8.32213         25 0.0000e+00
    399.000    394.487    -1.2242  27.562211    -1.2228  27.561942     5.9909     6.0995     0.0293    93.5987 1.0000e-12  -74.23990 -112.26682  32.085690      99.89 1.4746e+03    780.622      18736  1029.3926  1029.3909     4.4403     0.0770     0.1177    34.1624    34.1604    8.32221         33 0.0000e+00
    400.000    395.476    -1.2182  27.569012    -1.2163  27.568819     5.9769     6.0881     0.0179    93.6193 1.0000e-12  -74.23990 -112.26682  32.085706      99.90 1.4750e+03    782.011      18769  1029.3983  1029.3963     4.4413     0.0749     0.1169    34.1642    34.1618    8.32075         28 0.0000e+00
    401.000    396.464    -1.2023  27.584384    -1.2008  27.584096     5.9670     6.0794     0.0200    93.6190 1.0000e-12  -74.23990 -112.26682  32.085718      99.89 1.4736e+03    783.035      18794  1029.4039  1029.4021     4.4413     0.0738     0.1179    34.1666    34.1645    8.31709         22 0.0000e+00
    402.000    397.453    -1.2001  27.587218    -1.1988  27.587012     5.9608     6.0731     0.0277    93.6312 1.0000e-12  -74.23990 -112.26682  32.085729      99.89 1.4719e+03    783.998      18817  1029.4090  1029.4076     4.4418     0.0775     0.1194    34.1673    34.1655    8.31654         25 0.0000e+00
    403.000    398.439    -1.1957  27.592866    -1.1942  27.592642     5.9582     6.0629     0.0294    93.6328 1.0000e-12  -74.23990 -112.26682  32.085742      99.90 1.4727e+03    785.132      18844  1029.4153  1029.4136     4.4419     0.0757     0.1247    34.1695    34.1674    8.31545         30 0.0000e+00
    404.000    399.427    -1.1913  27.597865    -1.1905  27.596975     5.9545     6.0588     0.0294    93.6190 1.0000e-12  -74.23990 -112.26682  32.085757      99.89 1.4763e+03    786.399      18875  1029.4209  1029.4191     4.4412     0.0754     0.1195    34.1707    34.1685    8.31440         30 0.0000e+00
    405.000    400.415    -1.1904  27.599327    -1.1891  27.598848     5.9470     6.0606     0.0158    93.6288 1.0000e-12  -74.23990 -112.26681  32.085771      99.89 1.4747e+03    787.592      18903  1029.4259  1029.4241     4.4417     0.0741     0.1173    34.1711    34.1689    8.31418         27 0.0000e+00
    406.000    401.403    -1.1893  27.600959    -1.1879  27.600660     5.9432     6.0564     0.0213    93.6225 1.0000e-12  -74.23990 -112.26681  32.085783      99.89 1.4740e+03    788.650      18929  1029.4310  1029.4293     4.4414     0.0781     0.1230    34.1714    34.1694    8.31391         24 0.0000e+00
    407.000    402.390    -1.1886  27.602056    -1.1873  27.601787     5.9452     6.0556     0.0292    93.6278 1.0000e-12  -74.23990 -112.26682  32.085794      84.07 1.4692e+03    789.640      18952  1029.4358  1029.4342     4.4417     0.0727     0.1197    34.1715    34.1696    8.31375         24 0.0000e+00
    408.000    403.378    -1.1864  27.605076    -1.1848  27.604768     5.9372     6.0493     0.0246    93.6289 1.0000e-12  -74.23990 -112.26682  32.085807      96.41 1.4677e+03    790.700      18978  1029.4412  1029.4393     4.4417     0.0797     0.1206    34.1725    34.1702    8.31320         28 0.0000e+00
    409.000    404.366    -1.1840  27.607884    -1.1825  27.607610     5.9347     6.0418     0.0154    93.6354 1.0000e-12  -74.23990 -112.26681  32.085821      99.93 1.4738e+03    791.952      19008  1029.4463  1029.4446     4.4420     0.0772     0.1183    34.1730    34.1709    8.31263         30 0.0000e+00
    410.000    405.353    -1.1817  27.610637    -1.1805  27.610187     5.9342     6.0507     0.0149    93.6270 1.0000e-12  -74.23990 -112.26682  32.085835      99.89 1.4781e+03    793.104      19036  1029.4514  1029.4497     4.4416     0.0843     0.1214    34.1735    34.1715    8.31209         25 0.0000e+00
    411.000    406.342    -1.1812  27.611815    -1.1801  27.611269     5.9358     6.0535     0.0149    93.6003 1.0000e-12  -74.23990 -112.26680  32.085846      99.89 1.4748e+03    794.098      19059  1029.4566  1029.4548     4.4404     0.0762     0.1192    34.1740    34.1719    8.31197         23 0.0000e+00
    412.000    407.329    -1.1810  27.612512    -1.1794  27.612536     5.9327     6.0390     0.0210    93.6431 1.0000e-12  -74.23990 -112.26682  32.085857      99.89 1.4666e+03    795.068      19083  1029.4614  1029.4599     4.4424     0.0792     0.1197    34.1741    34.1723    8.31191         24 0.0000e+00
    413.000    408.317    -1.1759  27.617891    -1.1756  27.616321     5.9109     6.0249     0.0163    93.5870 1.0000e-12  -74.23990 -112.26680  32.085870      99.89 1.4641e+03    796.177      19109  1029.4666  1029.4646     4.4397     0.0980     0.1221    34.1750    34.1725    8.31072         30 0.0000e+00
    414.000    409.305    -1.1674  27.625877    -1.1661  27.625261     5.9191     6.0257     0.0214    93.6670 1.0000e-12  -74.23990 -112.26682  32.085885      99.90 1.4714e+03    797.449      19140  1029.4713  1029.4694     4.4435     0.0731     0.1147    34.1757    34.1734    8.30880         30 0.0000e+00
    415.000    410.291    -1.1631  27.630117    -1.1585  27.632643     5.9152     6.0276     0.0158    93.6669 1.0000e-12  -74.23990 -112.26681  32.085899      99.89 1.4774e+03    798.649      19169  1029.4761  1029.4744     4.4435     0.0753     0.1178    34.1759    34.1742    8.30782         27 0.0000e+00
    416.000    411.279    -1.1723  27.623061    -1.1704  27.623230     5.9083     6.0191     0.0920    93.6318 1.0000e-12  -74.23990 -112.26681  32.085911      99.90 1.4737e+03    799.699      19194  1029.4817  1029.4801     4.4418     0.0758     0.1181    34.1761    34.1742    8.30985         24 0.0000e+00
