ocean_section_plots/required_files/ctd/dnbp2202_ctd293.cnv
* Sea-Bird SBE 9 Data File:
* FileName = D:\Data\raw\NBP2202_CTD293.hex
* Software Version Seasave V 7.26.7.121
* Temperature SN = 1649
* Conductivity SN = 2513
* Number of Bytes Per Scan = 40
* Number of Voltage Words = 5
* Number of Scans Averaged by the Deck Unit = 1
* NMEA Latitude = 73 49.40 S
* NMEA Longitude = 112 52.89 W
* NMEA UTC (Time) = Feb 23 2022  23:57:10
* NMEA baud rate = 9600
** Ship: RVIB N.B. Palmer
** Cruise: NBP2202 Thwaites
** Station: 195
** Operator: A. Robinson
# nquan = 28
# nvalues = 762                         
# units = specified
# name 0 = prDM: Pressure, Digiquartz [db]
# name 1 = depSM: Depth [salt water, m]
# name 2 = t090C: Temperature [ITS-90, deg C]
# name 3 = c0mS/cm: Conductivity [mS/cm]
# name 4 = t190C: Temperature, 2 [ITS-90, deg C]
# name 5 = c1mS/cm: Conductivity, 2 [mS/cm]
# name 6 = sbeox0ML/L: Oxygen, SBE 43 [ml/l]
# name 7 = sbeox1ML/L: Oxygen, SBE 43, 2 [ml/l]
# name 8 = flECO-AFL: Fluorescence, WET Labs ECO-AFL/FL [mg/m^3]
# name 9 = CStarTr0: Beam Transmission, WET Labs C-Star [%]
# name 10 = par: PAR/Irradiance, Biospherical/Licor
# name 11 = latitude: Latitude [deg]
# name 12 = longitude: Longitude [deg]
# name 13 = timeJ: Julian Days
# name 14 = altM: Altimeter [m]
# name 15 = spar: SPAR, Biospherical/Licor
# name 16 = timeS: Time, Elapsed [seconds]
# name 17 = scan: Scan Count
# name 18 = density00: Density [density, kg/m^3]
# name 19 = density11: Density, 2 [density, kg/m^3]
# name 20 = v3: Voltage 3
# name 21 = v4: Voltage 4
# name 22 = v5: Voltage 5
# name 23 = sal00: Salinity, Practical [PSU]
# name 24 = sal11: Salinity, Practical, 2 [PSU]
# name 25 = oxsolML/L: Oxygen Saturation, Garcia & Gordon [ml/l]
# name 26 = nbin: number of scans per bin
# name 27 = flag: flag
# span 0 =      3.000,    764.000       
# span 1 =      2.967,    754.716       
# span 2 =    -1.4954,     0.5890       
# span 3 =  26.873629,  29.563542       
# span 4 =    -1.4971,     0.5916       
# span 5 =  26.874445,  29.563936       
# span 6 =     4.5515,     8.6787       
# span 7 =     4.6572,     8.9396       
# span 8 =    -0.0106,    15.1493       
# span 9 =    82.8394,    97.6372       
# span 10 = 1.0000e-12, 7.6329e+01      
# span 11 =  -73.82338,  -73.82336      
# span 12 = -112.88162, -112.88158      
# span 13 =  55.000271,  55.010449      
# span 14 =       3.53,     100.15      
# span 15 = 1.9921e+02, 2.2036e+02      
# span 16 =    193.429,   1072.749      
# span 17 =       4643,      25747      
# span 18 =  1027.1443,  1031.3262      
# span 19 =  1027.1479,  1031.3248      
# span 20 =     3.9298,     4.6318      
# span 21 =     0.0689,     2.4128      
# span 22 =     0.1171,     0.2100      
# span 23 =    33.7200,    34.5744      
# span 24 =    33.7232,    34.5720      
# span 25 =    7.91220,    8.40721      
# span 26 =         20,         55      
# span 27 = 0.0000e+00, 0.0000e+00      
# interval = decibars: 1                
# start_time = Feb 23 2022 23:57:10 [NMEA time, header]
# bad_flag = -9.990e-29
*END*
[from data line 622]
    625.000    617.611     0.2503  29.114963     0.2524  29.115489     4.6734     4.7772     0.0143    97.5661 1.0000e-12  -73.82338 -112.88160  55.008255      99.87 2.0674e+02    883.201      21198  1030.6007  1030.5993     4.6284     0.0706     0.1225    34.4460    34.4443    7.98904         23 0.0000e+00
    626.000    618.596     0.2513  29.116505     0.2534  29.116933     4.6716     4.7822     0.0143    97.5751 1.0000e-12  -73.82338 -112.88160  55.008266      99.87 2.0610e+02    884.171      21221  1030.6056  1030.6040     4.6288     0.0700     0.1249    34.4463    34.4446    7.98882         23 0.0000e+00
    627.000    619.584     0.2525  29.118083     0.2546  29.118682     4.6646     4.7808     0.0136    97.5900 1.0000e-12  -73.82338 -112.88160  55.008277      99.87 2.0799e+02    885.149      21245  1030.6103  1030.6089     4.6295     0.0722     0.1242    34.4465    34.4449    7.98856         23 0.0000e+00
    628.000    620.571     0.2540  29.120111     0.2562  29.120708     4.6631     4.7784     0.0068    97.5703 1.0000e-12  -73.82338 -112.88160  55.008288      99.87 2.0685e+02    886.100      21267  1030.6153  1030.6137     4.6285     0.0728     0.1262    34.4468    34.4452    7.98822         23 0.0000e+00
    629.000    621.557     0.2548  29.121514     0.2571  29.122041     4.6620     4.7712     0.0365    97.5491 1.0000e-12  -73.82338 -112.88160  55.008299      99.87 2.0625e+02    887.050      21290  1030.6201  1030.6185     4.6276     0.0709     0.1252    34.4472    34.4454    7.98803         23 0.0000e+00
    630.000    622.544     0.2572  29.124296     0.2591  29.124691     4.6631     4.7707     0.0244    97.5900 1.0000e-12  -73.82338 -112.88160  55.008310      99.87 2.0860e+02    888.019      21313  1030.6250  1030.6236     4.6295     0.0753     0.1280    34.4477    34.4461    7.98753         24 0.0000e+00
    631.000    623.530     0.2605  29.128383     0.2626  29.128651     4.6639     4.7653     0.0216    97.5890 1.0000e-12  -73.82338 -112.88160  55.008322      99.87 2.0736e+02    889.018      21337  1030.6303  1030.6285     4.6295     0.0726     0.1266    34.4487    34.4467    7.98678         24 0.0000e+00
    632.000    624.515     0.2618  29.130104     0.2640  29.130572     4.6606     4.7629     0.0168    97.5795 1.0000e-12  -73.82338 -112.88159  55.008333      99.87 2.0627e+02    890.008      21361  1030.6350  1030.6334     4.6290     0.0715     0.1247    34.4489    34.4471    7.98649         24 0.0000e+00
    633.000    625.506     0.2639  29.132708     0.2664  29.133494     4.6623     4.7706     0.0103    97.5902 1.0000e-12  -73.82338 -112.88159  55.008345      99.88 2.0841e+02    890.975      21384  1030.6400  1030.6384     4.6295     0.0723     0.1232    34.4494    34.4477    7.98603         22 0.0000e+00
    634.000    626.490     0.2664  29.135678     0.2684  29.135973     4.6591     4.7720     0.0117    97.5762 1.0000e-12  -73.82338 -112.88159  55.008356      99.87 2.0687e+02    891.919      21407  1030.6449  1030.6433     4.6289     0.0719     0.1230    34.4499    34.4481    7.98548         23 0.0000e+00
    635.000    627.477     0.2670  29.136674     0.2691  29.137280     4.6585     4.7699     0.0198    97.5795 1.0000e-12  -73.82338 -112.88158  55.008366      99.87 2.0627e+02    892.854      21430  1030.6496  1030.6482     4.6290     0.0729     0.1244    34.4501    34.4484    7.98536         23 0.0000e+00
    636.000    628.464     0.2675  29.137776     0.2697  29.138463     4.6594     4.7608     0.0146    97.5919 1.0000e-12  -73.82338 -112.88158  55.008378      99.87 2.0856e+02    893.836      21453  1030.6546  1030.6531     4.6296     0.0736     0.1234    34.4504    34.4488    7.98524         23 0.0000e+00
    637.000    629.450     0.2686  29.139520     0.2707  29.139919     4.6500     4.7696     0.0216    97.5987 1.0000e-12  -73.82338 -112.88158  55.008389      99.87 2.0706e+02    894.819      21477  1030.6595  1030.6580     4.6299     0.0730     0.1237    34.4508    34.4490    7.98497         24 0.0000e+00
    638.000    630.437     0.2706  29.142175     0.2727  29.142668     4.6519     4.7682     0.0074    97.6174 1.0000e-12  -73.82338 -112.88158  55.008400      99.87 2.0625e+02    895.780      21500  1030.6646  1030.6631     4.6308     0.0733     0.1232    34.4515    34.4498    7.98452         22 0.0000e+00
    639.000    631.424     0.2713  29.143155     0.2733  29.143649     4.6557     4.7664     0.0182    97.6108 1.0000e-12  -73.82338 -112.88158  55.008411      99.87 2.0820e+02    896.722      21522  1030.6692  1030.6678     4.6305     0.0706     0.1249    34.4514    34.4498    7.98439         23 0.0000e+00
    640.000    632.410     0.2714  29.143806     0.2736  29.144417     4.6562     4.7670     0.0172    97.6109 1.0000e-12  -73.82338 -112.88158  55.008422      99.87 2.0848e+02    897.666      21545  1030.6741  1030.6726     4.6305     0.0731     0.1249    34.4516    34.4499    7.98436         23 0.0000e+00
    641.000    633.397     0.2717  29.144409     0.2737  29.144944     4.6520     4.7643     0.0143    97.6094 1.0000e-12  -73.82338 -112.88158  55.008433      99.87 2.0708e+02    898.636      21568  1030.6787  1030.6773     4.6304     0.0731     0.1248    34.4515    34.4499    7.98430         24 0.0000e+00
    642.000    634.382     0.2718  29.145176     0.2739  29.145725     4.6534     4.7614     0.0114    97.6087 1.0000e-12  -73.82338 -112.88158  55.008445      99.87 2.0839e+02    899.616      21592  1030.6837  1030.6821     4.6304     0.0725     0.1240    34.4518    34.4501    7.98427         23 0.0000e+00
    643.000    635.370     0.2724  29.146288     0.2746  29.146886     4.6645     4.7638     0.0069    97.6276 1.0000e-12  -73.82338 -112.88158  55.008456      99.87 2.0802e+02    900.599      21615  1030.6885  1030.6870     4.6313     0.0726     0.1328    34.4520    34.4503    7.98413         24 0.0000e+00
    644.000    636.356     0.2724  29.146885     0.2746  29.147412     4.6571     4.7677     0.0086    97.6185 1.0000e-12  -73.82338 -112.88158  55.008467      99.87 2.0723e+02    901.556      21638  1030.6934  1030.6917     4.6309     0.0722     0.1241    34.4522    34.4504    7.98412         22 0.0000e+00
    645.000    637.344     0.2723  29.147241     0.2745  29.147803     4.6617     4.7674     0.0218    97.6108 1.0000e-12  -73.82338 -112.88158  55.008478      99.87 2.0897e+02    902.516      21661  1030.6981  1030.6965     4.6305     0.0710     0.1261    34.4522    34.4505    7.98414         23 0.0000e+00
    646.000    638.331     0.2724  29.147843     0.2746  29.148489     4.6708     4.7682     0.0079    97.6372 1.0000e-12  -73.82338 -112.88158  55.008489      99.87 2.0861e+02    903.477      21684  1030.7028  1030.7014     4.6318     0.0717     0.1262    34.4522    34.4507    7.98411         24 0.0000e+00
    647.000    639.316     0.2731  29.149436     0.2753  29.149953     4.6466     4.7695     0.0133    97.6069 1.0000e-12  -73.82338 -112.88158  55.008501      99.87 2.0697e+02    904.444      21708  1030.7080  1030.7064     4.6303     0.0729     0.1267    34.4530    34.4512    7.98392         23 0.0000e+00
    648.000    640.302     0.2742  29.151089     0.2763  29.151571     4.6429     4.7691     0.0143    97.6075 1.0000e-12  -73.82338 -112.88158  55.008512      99.87 2.0826e+02    905.423      21731  1030.7130  1030.7114     4.6304     0.0726     0.1260    34.4534    34.4516    7.98368         23 0.0000e+00
    649.000    641.290     0.2748  29.152264     0.2770  29.152691     4.6618     4.7618     0.0143    97.6148 1.0000e-12  -73.82338 -112.88158  55.008523      99.87 2.0684e+02    906.401      21755  1030.7178  1030.7162     4.6307     0.0721     0.1229    34.4536    34.4518    7.98353         24 0.0000e+00
    650.000    642.276     0.2749  29.152703     0.2770  29.153166     4.6427     4.7612     0.0178    97.6009 1.0000e-12  -73.82338 -112.88158  55.008534      99.87 2.0748e+02    907.369      21778  1030.7224  1030.7209     4.6300     0.0725     0.1250    34.4535    34.4518    7.98352         23 0.0000e+00
    651.000    643.264     0.2748  29.153200     0.2771  29.153749     4.6500     4.7625     0.0191    97.6097 1.0000e-12  -73.82338 -112.88158  55.008545      99.87 2.0794e+02    908.326      21801  1030.7273  1030.7257     4.6305     0.0725     0.1239    34.4537    34.4519    7.98353         23 0.0000e+00
    652.000    644.248     0.2750  29.153824     0.2772  29.154414     4.6675     4.7645     0.0172    97.6244 1.0000e-12  -73.82338 -112.88158  55.008557      99.87 2.0933e+02    909.294      21824  1030.7320  1030.7305     4.6312     0.0713     0.1239    34.4537    34.4521    7.98349         23 0.0000e+00
    653.000    645.236     0.2750  29.154472     0.2771  29.154985     4.6689     4.7696     0.0284    97.6255 1.0000e-12  -73.82338 -112.88158  55.008568      99.87 2.0749e+02    910.282      21848  1030.7369  1030.7354     4.6312     0.0725     0.1235    34.4540    34.4523    7.98348         24 0.0000e+00
    654.000    646.224     0.2750  29.154933     0.2772  29.155413     4.6552     4.7679     0.0214    97.6225 1.0000e-12  -73.82338 -112.88158  55.008580      99.87 2.0718e+02    911.279      21872  1030.7417  1030.7400     4.6311     0.0736     0.1227    34.4540    34.4522    7.98347         25 0.0000e+00
    655.000    647.208     0.2752  29.155777     0.2773  29.156340     4.6529     4.7669     0.0144    97.6184 1.0000e-12  -73.82338 -112.88158  55.008591      99.87 2.0667e+02    912.261      21895  1030.7465  1030.7451     4.6309     0.0716     0.1231    34.4543    34.4527    7.98341         22 0.0000e+00
    656.000    648.196     0.2750  29.156604     0.2772  29.157189     4.6544     4.7681     0.0143    97.6199 1.0000e-12  -73.82338 -112.88158  55.008602      99.87 2.0842e+02    913.220      21918  1030.7519  1030.7503     4.6310     0.0720     0.1235    34.4551    34.4533    7.98342         23 0.0000e+00
    657.000    649.183     0.2747  29.157195     0.2769  29.157726     4.6636     4.7692     0.0194    97.6191 1.0000e-12  -73.82338 -112.88158  55.008613      99.87 2.0766e+02    914.176      21941  1030.7570  1030.7554     4.6309     0.0710     0.1251    34.4555    34.4538    7.98344         24 0.0000e+00
    658.000    650.168     0.2748  29.157896     0.2770  29.158425     4.6566     4.7712     0.0130    97.5944 1.0000e-12  -73.82338 -112.88158  55.008625      99.87 2.0840e+02    915.155      21965  1030.7618  1030.7604     4.6297     0.0722     0.1240    34.4558    34.4541    7.98341         23 0.0000e+00
    659.000    651.156     0.2751  29.159024     0.2774  29.159463     4.6534     4.7696     0.0103    97.5944 1.0000e-12  -73.82338 -112.88158  55.008636      99.87 2.0728e+02    916.152      21989  1030.7670  1030.7652     4.6297     0.0723     0.1268    34.4564    34.4544    7.98332         24 0.0000e+00
    660.000    652.142     0.2757  29.160062     0.2779  29.160698     4.6551     4.7700     0.0170    97.6103 1.0000e-12  -73.82338 -112.88158  55.008647      99.87 2.0801e+02    917.136      22012  1030.7717  1030.7703     4.6305     0.0729     0.1299    34.4565    34.4549    7.98319         24 0.0000e+00
    661.000    653.127     0.2763  29.161424     0.2786  29.162003     4.6588     4.7696     0.0178    97.5998 1.0000e-12  -73.82338 -112.88158  55.008659      99.87 2.0916e+02    918.119      22036  1030.7768  1030.7752     4.6300     0.0716     0.1261    34.4570    34.4553    7.98303         23 0.0000e+00
    662.000    654.115     0.2776  29.163492     0.2798  29.164069     4.6706     4.7667     0.0056    97.5933 1.0000e-12  -73.82338 -112.88158  55.008670      99.86 2.0823e+02    919.112      22060  1030.7819  1030.7804     4.6296     0.0714     0.1279    34.4577    34.4559    7.98273         24 0.0000e+00
    663.000    655.101     0.2800  29.166788     0.2821  29.167295     4.6550     4.7669    -0.0007    97.5621 1.0000e-12  -73.82338 -112.88158  55.008682      99.87 2.0736e+02    920.108      22084  1030.7872  1030.7857     4.6282     0.0713     0.1310    34.4588    34.4570    7.98217         24 0.0000e+00
    664.000    656.088     0.2812  29.168995     0.2835  29.169449     4.6578     4.7693    -0.0004    97.5763 1.0000e-12  -73.82338 -112.88158  55.008693      99.87 2.0864e+02    921.091      22107  1030.7926  1030.7908     4.6288     0.0718     0.1253    34.4597    34.4577    7.98186         23 0.0000e+00
    665.000    657.075     0.2824  29.170965     0.2847  29.171502     4.6599     4.7742     0.0131    97.5559 1.0000e-12  -73.82338 -112.88158  55.008704      98.79 2.0809e+02    922.049      22130  1030.7977  1030.7961     4.6279     0.0714     0.1240    34.4604    34.4585    7.98159         23 0.0000e+00
    666.000    658.061     0.2843  29.173626     0.2865  29.174246     4.6625     4.7738     0.0081    97.5493 1.0000e-12  -73.82338 -112.88158  55.008716       3.53 2.0802e+02    923.030      22154  1030.8029  1030.8014     4.6276     0.0706     0.1270    34.4612    34.4595    7.98115         24 0.0000e+00
    667.000    659.048     0.2853  29.175460     0.2875  29.176038     4.6573     4.7691     0.0016    97.5317 1.0000e-12  -73.82338 -112.88158  55.008727     100.15 2.0844e+02    924.046      22178  1030.8081  1030.8065     4.6268     0.0736     0.1263    34.4619    34.4602    7.98090         25 0.0000e+00
    668.000    660.035     0.2874  29.178814     0.2897  29.179262     4.6638     4.7678     0.0089    97.5370 1.0000e-12  -73.82338 -112.88158  55.008739      99.87 2.0786e+02    925.047      22202  1030.8137  1030.8120     4.6270     0.0706     0.1268    34.4633    34.4614    7.98038         23 0.0000e+00
    669.000    661.020     0.2906  29.183355     0.2929  29.183901     4.6610     4.7674     0.0070    97.5470 1.0000e-12  -73.82338 -112.88158  55.008750      99.87 2.0733e+02    925.995      22225  1030.8196  1030.8179     4.6275     0.0721     0.1279    34.4652    34.4633    7.97962         23 0.0000e+00
    670.000    662.007     0.2924  29.186159     0.2945  29.186393     4.6594     4.7649     0.0059    97.5435 1.0000e-12  -73.82338 -112.88158  55.008761      57.94 2.0944e+02    926.926      22247  1030.8250  1030.8232     4.6273     0.0704     0.1244    34.4663    34.4642    7.97919         22 0.0000e+00
    671.000    662.993     0.2959  29.190980     0.2989  29.192323     4.6607     4.7697     0.0175    97.5344 1.0000e-12  -73.82338 -112.88158  55.008772      88.83 2.0847e+02    927.883      22270  1030.8308  1030.8293     4.6269     0.0711     0.1266    34.4680    34.4665    7.97836         24 0.0000e+00
    672.000    663.979     0.2976  29.193299     0.3001  29.194078     4.6601     4.7746     0.0015    97.5086 1.0000e-12  -73.82338 -112.88158  55.008783      98.96 2.0758e+02    928.895      22294  1030.8359  1030.8343     4.6257     0.0729     0.1251    34.4687    34.4669    7.97798         24 0.0000e+00
    673.000    664.966     0.2994  29.196213     0.3016  29.196548     4.6667     4.7736     0.0216    97.5499 1.0000e-12  -73.82338 -112.88158  55.008795      98.25 2.0699e+02    929.910      22319  1030.8414  1030.8396     4.6276     0.0725     0.1275    34.4698    34.4679    7.97753         24 0.0000e+00
    674.000    665.953     0.3025  29.200772     0.3044  29.200692     4.6802     4.7708    -0.0004    97.5269 1.0000e-12  -73.82338 -112.88158  55.008806      97.37 2.0771e+02    930.876      22342  1030.8473  1030.8454     4.6265     0.0724     0.1258    34.4718    34.4695    7.97679         23 0.0000e+00
    675.000    666.939     0.3073  29.207368     0.3095  29.207885     4.6599     4.7701     0.0120    97.5303 1.0000e-12  -73.82338 -112.88158  55.008818      96.43 2.0741e+02    931.832      22365  1030.8538  1030.8521     4.6267     0.0713     0.1253    34.4745    34.4727    7.97565         23 0.0000e+00
