ocean_section_plots/required_files/ctd/dnbp2202_ctd117.cnv
* Sea-Bird SBE 9 Data File:
* FileName = D:\Data\raw\NBP2202_CTD117.hex
* Software Version Seasave V 7.26.7.121
* Temperature SN = 1649
* Conductivity SN = 2513
* Number of Bytes Per Scan = 40
* Number of Voltage Words = 5
* Number of Scans Averaged by the Deck Unit = 1
* NMEA Latitude = 74 10.52 S
* NMEA Longitude = 113 20.65 W
* NMEA UTC (Time) = Jan 27 2022  09:33:29
* NMEA baud rate = 9600
** Ship: RVIB N.B. Palmer
** Cruise: NBP2202 Thwaites
** Station: YoYo001
** Operator: B. Bjork
# nquan = 25
# nvalues = 608                         
# units = specified
# name 0 = prDM: Pressure, Digiquartz [db]
# name 1 = depSM: Depth [salt water, m]
# name 2 = t090C: Temperature [ITS-90, deg C]
# name 3 = c0mS/cm: Conductivity [mS/cm]
# name 4 = t190C: Temperature, 2 [ITS-90, deg C]
# name 5 = c1mS/cm: Conductivity, 2 [mS/cm]
# name 6 = sbeox0ML/L: Oxygen, SBE 43 [ml/l]
# name 7 = sbeox1ML/L: Oxygen, SBE 43, 2 [ml/l]
# name 8 = flECO-AFL: Fluorescence, WET Labs ECO-AFL/FL [mg/m^3]
# name 9 = CStarTr0: Beam Transmission, WET Labs C-Star [%]
# name 10 = par: PAR/Irradiance, Biospherical/Licor
# name 11 = latitude: Latitude [deg]
# name 12 = longitude: Longitude [deg]
# name 13 = timeJ: Julian Days
# name 14 = altM: Altimeter [m]
# name 15 = spar: SPAR, Biospherical/Licor
# name 16 = timeS: Time, Elapsed [seconds]
# name 17 = scan: Scan Count
# name 18 = density00: Density [density, kg/m^3]
# name 19 = density11: Density, 2 [density, kg/m^3]
# name 20 = sal00: Salinity, Practical [PSU]
# name 21 = sal11: Salinity, Practical, 2 [PSU]
# name 22 = oxsolML/L: Oxygen Saturation, Garcia & Gordon [ml/l]
# name 23 = nbin: number of scans per bin
# name 24 = flag: flag
# span 0 =     10.000,    617.000       
# span 1 =      9.897,    609.702       
# span 2 =    -1.3874,     0.1069       
# span 3 =  27.061259,  28.940995       
# span 4 =    -1.3866,     0.1089       
# span 5 =  27.061423,  28.940145       
# span 6 =     4.6756,     8.7114       
# span 7 =     4.7276,     8.6356       
# span 8 =    -0.0224,    25.9453       
# span 9 =    69.3483,    95.6239       
# span 10 = 1.0000e-12, 1.8935e+00      
# span 11 =  -74.17536,  -74.17536      
# span 12 = -113.34428, -113.34424      
# span 13 =  27.398550,  27.405797      
# span 14 =       6.82,     100.52      
# span 15 = 1.2516e+02, 1.3574e+02      
# span 16 =     25.742,    651.868      
# span 17 =        619,      15646      
# span 18 =  1027.2236,  1030.5240      
# span 19 =  1027.2218,  1030.5217      
# span 20 =    33.7856,    34.3847      
# span 21 =    33.7838,    34.3821      
# span 22 =    8.02236,    8.37689      
# span 23 =         13,         41      
# span 24 = 0.0000e+00, 0.0000e+00      
# interval = decibars: 1                
# start_time = Jan 27 2022 09:33:29 [NMEA time, header]
# bad_flag = -9.990e-29
*END*
[from data line 464]
    474.000    468.559    -0.0770  28.679754    -0.0750  28.679261     4.7426     4.8012    -0.0126    94.9711 1.0000e-12  -74.17536 -113.34428  27.403988      99.86 1.3398e+02    495.524      11894  1029.8163  1029.8139    34.3269    34.3241    8.06420         24 0.0000e+00
    475.000    469.543    -0.0748  28.682962    -0.0726  28.682768     4.7434     4.8010    -0.0141    94.9920 1.0000e-12  -74.17536 -113.34426  27.403999      79.70 1.3398e+02    496.549      11918  1029.8219  1029.8196    34.3281    34.3254    8.06368         25 0.0000e+00
    476.000    470.534    -0.0742  28.684233    -0.0720  28.684065     4.7410     4.7990    -0.0118    94.9745 1.0000e-12  -74.17536 -113.34426  27.404011      95.15 1.3398e+02    497.576      11943  1029.8270  1029.8247    34.3285    34.3258    8.06353         25 0.0000e+00
    477.000    471.519    -0.0739  28.685113    -0.0719  28.684828     4.7414     4.7909    -0.0159    94.9840 1.0000e-12  -74.17536 -113.34426  27.404023      99.86 1.3398e+02    498.604      11967  1029.8320  1029.8297    34.3288    34.3262    8.06346         24 0.0000e+00
    478.000    472.508    -0.0733  28.686373    -0.0714  28.685867     4.7419     4.7969    -0.0074    94.9754 1.0000e-12  -74.17536 -113.34426  27.404035      99.86 1.3398e+02    499.632      11992  1029.8370  1029.8346    34.3291    34.3263    8.06329         25 0.0000e+00
    479.000    473.494    -0.0727  28.687285    -0.0706  28.687069     4.7364     4.7932    -0.0007    94.9657 1.0000e-12  -74.17536 -113.34426  27.404047      99.86 1.3398e+02    500.653      12017  1029.8417  1029.8394    34.3292    34.3265    8.06318         24 0.0000e+00
    480.000    474.481    -0.0723  28.688259    -0.0702  28.687880     4.7375     4.7868    -0.0161    94.9839 1.0000e-12  -74.17536 -113.34426  27.404059      99.86 1.3398e+02    501.680      12041  1029.8466  1029.8442    34.3293    34.3266    8.06307         25 0.0000e+00
    481.000    475.470    -0.0706  28.690521    -0.0686  28.690199     4.7366     4.7906    -0.0168    94.9816 1.0000e-12  -74.17536 -113.34426  27.404071      99.86 1.3398e+02    502.703      12066  1029.8516  1029.8493    34.3299    34.3272    8.06270         25 0.0000e+00
    482.000    476.457    -0.0696  28.692084    -0.0676  28.691878     4.7354     4.7946    -0.0101    94.9937 1.0000e-12  -74.17536 -113.34426  27.404082      99.86 1.3398e+02    503.728      12090  1029.8566  1029.8544    34.3303    34.3277    8.06246         24 0.0000e+00
    483.000    477.443    -0.0673  28.695161    -0.0652  28.694766     4.7365     4.7908    -0.0094    94.9763 1.0000e-12  -74.17536 -113.34426  27.404094      99.86 1.3398e+02    504.761      12115  1029.8618  1029.8594    34.3311    34.3283    8.06192         25 0.0000e+00
    484.000    478.431    -0.0644  28.698757    -0.0624  28.698297     4.7355     4.7879    -0.0031    94.9754 1.0000e-12  -74.17536 -113.34426  27.404106      99.86 1.3398e+02    505.787      12140  1029.8670  1029.8647    34.3320    34.3293    8.06125         25 0.0000e+00
    485.000    479.419    -0.0633  28.700417    -0.0613  28.700073     4.7317     4.7940     0.0044    94.9850 1.0000e-12  -74.17536 -113.34426  27.404118      99.86 1.3398e+02    506.806      12164  1029.8720  1029.8697    34.3324    34.3297    8.06101         24 0.0000e+00
    486.000    480.406    -0.0630  28.701219    -0.0610  28.700857     4.7364     4.7886    -0.0039    94.9703 1.0000e-12  -74.17536 -113.34426  27.404130      99.86 1.3398e+02    507.832      12189  1029.8768  1029.8745    34.3325    34.3298    8.06093         25 0.0000e+00
    487.000    481.392    -0.0608  28.704013    -0.0588  28.703699     4.7303     4.7864    -0.0083    94.9647 1.0000e-12  -74.17536 -113.34426  27.404142      73.34 1.3398e+02    508.857      12214  1029.8820  1029.8797    34.3332    34.3305    8.06044         24 0.0000e+00
    488.000    482.381    -0.0598  28.705844    -0.0577  28.705412     4.7300     4.7900    -0.0133    94.9703 1.0000e-12  -74.17536 -113.34426  27.404154      84.17 1.3398e+02    509.876      12238  1029.8872  1029.8848    34.3339    34.3310    8.06018         25 0.0000e+00
    489.000    483.368    -0.0572  28.709204    -0.0549  28.708960     4.7326     4.7916    -0.0169    94.9593 1.0000e-12  -74.17536 -113.34426  27.404166      99.75 1.3398e+02    510.896      12263  1029.8925  1029.8900    34.3349    34.3320    8.05958         24 0.0000e+00
    490.000    484.355    -0.0551  28.711966    -0.0529  28.711683     4.7308     4.7898    -0.0147    94.9393 1.0000e-12  -74.17536 -113.34426  27.404177      99.86 1.3398e+02    511.921      12287  1029.8976  1029.8952    34.3356    34.3328    8.05910         25 0.0000e+00
    491.000    485.343    -0.0532  28.714609    -0.0511  28.714474     4.7315     4.7801    -0.0114    94.9250 1.0000e-12  -74.17536 -113.34426  27.404189      83.07 1.3398e+02    512.938      12312  1029.9029  1029.9007    34.3364    34.3339    8.05866         24 0.0000e+00
    492.000    486.330    -0.0525  28.716113    -0.0505  28.715866     4.7290     4.7814    -0.0165    94.9497 1.0000e-12  -74.17536 -113.34426  27.404201      69.32 1.3398e+02    513.961      12336  1029.9080  1029.9059    34.3369    34.3344    8.05847         25 0.0000e+00
    493.000    487.316    -0.0523  28.716850    -0.0503  28.716575     4.7299     4.7874    -0.0172    94.9540 1.0000e-12  -74.17536 -113.34427  27.404213      99.94 1.3398e+02    514.982      12361  1029.9129  1029.9107    34.3371    34.3346    8.05842         24 0.0000e+00
    494.000    488.304    -0.0522  28.717345    -0.0500  28.717146     4.7312     4.7859    -0.0172    94.9299 1.0000e-12  -74.17536 -113.34427  27.404225      99.86 1.3398e+02    515.998      12385  1029.9176  1029.9153    34.3371    34.3344    8.05840         24 0.0000e+00
    495.000    489.292    -0.0512  28.718955    -0.0492  28.718593     4.7262     4.7835    -0.0014    94.9353 1.0000e-12  -74.17536 -113.34427  27.404236      99.86 1.3398e+02    517.014      12409  1029.9226  1029.9203    34.3375    34.3348    8.05817         25 0.0000e+00
    496.000    490.279    -0.0498  28.721008    -0.0476  28.720873     4.7236     4.7842    -0.0089    94.9250 1.0000e-12  -74.17536 -113.34426  27.404248      99.86 1.3398e+02    518.040      12434  1029.9277  1029.9254    34.3380    34.3354    8.05784         25 0.0000e+00
    497.000    491.266    -0.0480  28.723396    -0.0457  28.723230     4.7268     4.7850    -0.0095    94.9240 1.0000e-12  -74.17536 -113.34428  27.404260      99.86 1.3398e+02    519.063      12459  1029.9327  1029.9303    34.3386    34.3359    8.05743         24 0.0000e+00
    498.000    492.254    -0.0446  28.727260    -0.0426  28.726935     4.7265     4.7812    -0.0027    94.9011 1.0000e-12  -74.17536 -113.34426  27.404272      99.86 1.3398e+02    520.092      12483  1029.9377  1029.9355    34.3393    34.3367    8.05667         25 0.0000e+00
    499.000    493.241    -0.0433  28.729087    -0.0405  28.729555     4.7299     4.7821    -0.0130    94.8899 1.0000e-12  -74.17536 -113.34428  27.404284      99.86 1.3398e+02    521.123      12508  1029.9427  1029.9405    34.3398    34.3372    8.05639         25 0.0000e+00
    500.000    494.227    -0.0413  28.731651    -0.0389  28.731722     4.7293     4.7837    -0.0114    94.8992 1.0000e-12  -74.17536 -113.34426  27.404296      86.52 1.3398e+02    522.143      12532  1029.9477  1029.9455    34.3403    34.3377    8.05593         24 0.0000e+00
    501.000    495.217    -0.0401  28.733273    -0.0385  28.732540     4.7290     4.7841    -0.0089    94.9074 1.0000e-12  -74.17536 -113.34428  27.404307      90.73 1.3398e+02    523.165      12557  1029.9526  1029.9502    34.3405    34.3377    8.05567         25 0.0000e+00
    502.000    496.201    -0.0406  28.733127    -0.0386  28.732775     4.7274     4.7816    -0.0065    94.9046 1.0000e-12  -74.17536 -113.34426  27.404319      98.85 1.3398e+02    524.185      12581  1029.9572  1029.9549    34.3403    34.3376    8.05579         24 0.0000e+00
    503.000    497.191    -0.0415  28.732721    -0.0400  28.732104     4.7277     4.7774    -0.0092    94.9054 1.0000e-12  -74.17536 -113.34428  27.404331      99.85 1.3398e+02    525.202      12606  1029.9619  1029.9598    34.3402    34.3376    8.05599         25 0.0000e+00
    504.000    498.176    -0.0422  28.732527    -0.0401  28.732346     4.7243     4.7765    -0.0153    94.8961 1.0000e-12  -74.17536 -113.34426  27.404343      99.86 1.3398e+02    526.222      12630  1029.9667  1029.9644    34.3401    34.3375    8.05613         24 0.0000e+00
    505.000    499.166    -0.0420  28.733201    -0.0402  28.732776     4.7285     4.7812    -0.0127    94.9074 1.0000e-12  -74.17536 -113.34426  27.404355      99.86 1.3398e+02    527.250      12655  1029.9714  1029.9692    34.3401    34.3375    8.05608         25 0.0000e+00
    506.000    500.150    -0.0420  28.733707    -0.0397  28.733654     4.7253     4.7833    -0.0156    94.8884 1.0000e-12  -74.17536 -113.34426  27.404367      99.86 1.3398e+02    528.277      12680  1029.9762  1029.9739    34.3402    34.3375    8.05608         24 0.0000e+00
    507.000    501.139    -0.0419  28.734140    -0.0395  28.734232     4.7291     4.7839    -0.0162    94.9086 1.0000e-12  -74.17536 -113.34426  27.404378      99.86 1.3398e+02    529.299      12704  1029.9809  1029.9787    34.3401    34.3376    8.05607         25 0.0000e+00
    508.000    502.126    -0.0403  28.736297    -0.0382  28.736002     4.7260     4.7837    -0.0101    94.8841 1.0000e-12  -74.17536 -113.34426  27.404390      99.86 1.3398e+02    530.320      12729  1029.9859  1029.9835    34.3406    34.3378    8.05571         24 0.0000e+00
    509.000    503.114    -0.0381  28.738910    -0.0360  28.738671     4.7263     4.7837    -0.0168    94.8858 1.0000e-12  -74.17536 -113.34426  27.404402      99.86 1.3398e+02    531.336      12753  1029.9907  1029.9884    34.3410    34.3383    8.05522         25 0.0000e+00
    510.000    504.100    -0.0372  28.740108    -0.0352  28.739885     4.7288     4.7837    -0.0165    94.8757 1.0000e-12  -74.17536 -113.34426  27.404414      99.86 1.3398e+02    532.352      12777  1029.9953  1029.9931    34.3410    34.3384    8.05503         24 0.0000e+00
    511.000    505.089    -0.0373  28.740706    -0.0352  28.740320     4.7281     4.7832    -0.0094    94.8838 1.0000e-12  -74.17536 -113.34426  27.404426      99.86 1.3398e+02    533.381      12802  1030.0003  1029.9979    34.3413    34.3384    8.05503         25 0.0000e+00
    512.000    506.074    -0.0375  28.740834    -0.0351  28.740943     4.7277     4.7820    -0.0083    94.9225 1.0000e-12  -74.17536 -113.34426  27.404438      90.58 1.3398e+02    534.406      12827  1030.0049  1030.0027    34.3411    34.3386    8.05508         25 0.0000e+00
    513.000    507.062    -0.0372  28.741553    -0.0350  28.741476     4.7244     4.7781    -0.0089    94.9048 1.0000e-12  -74.17536 -113.34426  27.404449      77.38 1.3398e+02    535.426      12851  1030.0096  1030.0075    34.3411    34.3386    8.05502         24 0.0000e+00
    514.000    508.050    -0.0371  28.742024    -0.0348  28.742104     4.7308     4.7764    -0.0135    94.9084 1.0000e-12  -74.17536 -113.34426  27.404461      88.45 1.3398e+02    536.451      12876  1030.0143  1030.0122    34.3411    34.3386    8.05501         25 0.0000e+00
    515.000    509.036    -0.0363  28.743414    -0.0339  28.743589     4.7295     4.7815    -0.0159    94.9271 1.0000e-12  -74.17536 -113.34426  27.404473      27.21 1.3398e+02    537.477      12900  1030.0192  1030.0171    34.3414    34.3389    8.05481         24 0.0000e+00
    516.000    510.023    -0.0361  28.744288    -0.0332  28.744847     4.7288     4.7832    -0.0159    94.9466 1.0000e-12  -74.17536 -113.34426  27.404485      74.18 1.3398e+02    538.503      12925  1030.0242  1030.0221    34.3417    34.3393    8.05475         25 0.0000e+00
    517.000    511.013    -0.0353  28.745409    -0.0329  28.745714     4.7260     4.7829    -0.0133    94.9334 1.0000e-12  -74.17536 -113.34426  27.404497      99.52 1.3398e+02    539.528      12950  1030.0289  1030.0269    34.3418    34.3395    8.05459         25 0.0000e+00
    518.000    511.999    -0.0328  28.748765    -0.0306  28.748768     4.7228     4.7778    -0.0132    94.9378 1.0000e-12  -74.17536 -113.34426  27.404509      99.86 1.3398e+02    540.546      12974  1030.0342  1030.0321    34.3428    34.3403    8.05400         24 0.0000e+00
    519.000    512.984    -0.0318  28.750227    -0.0299  28.750034     4.7225     4.7849    -0.0101    94.9414 1.0000e-12  -74.17536 -113.34426  27.404520      99.86 1.3398e+02    541.569      12999  1030.0391  1030.0370    34.3431    34.3406    8.05378         25 0.0000e+00
    520.000    513.972    -0.0334  28.749054    -0.0317  28.748731     4.7280     4.7814    -0.0038    94.9193 1.0000e-12  -74.17536 -113.34426  27.404532      99.86 1.3398e+02    542.598      13023  1030.0437  1030.0417    34.3427    34.3403    8.05414         25 0.0000e+00
    521.000    514.960    -0.0355  28.747571    -0.0333  28.747462     4.7253     4.7753    -0.0109    94.9397 1.0000e-12  -74.17536 -113.34426  27.404544      99.86 1.3398e+02    543.628      13048  1030.0485  1030.0463    34.3425    34.3399    8.05459         24 0.0000e+00
    522.000    515.946    -0.0353  28.748313    -0.0336  28.747653     4.7248     4.7800    -0.0173    94.9302 1.0000e-12  -74.17536 -113.34426  27.404556      99.86 1.3398e+02    544.660      13073  1030.0533  1030.0510    34.3426    34.3399    8.05453         25 0.0000e+00
    523.000    516.934    -0.0336  28.750485    -0.0319  28.749714     4.7269     4.7784    -0.0144    94.9229 1.0000e-12  -74.17536 -113.34426  27.404568      99.86 1.3398e+02    545.688      13098  1030.0581  1030.0557    34.3430    34.3401    8.05416         24 0.0000e+00
    524.000    517.922    -0.0321  28.752204    -0.0306  28.751629     4.7255     4.7812    -0.0089    94.9085 1.0000e-12  -74.17536 -113.34426  27.404580      99.86 1.3398e+02    546.709      13122  1030.0628  1030.0607    34.3431    34.3406    8.05384         25 0.0000e+00
    525.000    518.908    -0.0343  28.750854    -0.0323  28.750634     4.7258     4.7823    -0.0011    94.9175 1.0000e-12  -74.17536 -113.34426  27.404592      99.66 1.3398e+02    547.723      13146  1030.0677  1030.0655    34.3431    34.3405    8.05430         24 0.0000e+00
    526.000    519.896    -0.0323  28.753304    -0.0307  28.752703     4.7222     4.7825    -0.0091    94.9075 1.0000e-12  -74.17536 -113.34426  27.404603      99.21 1.3398e+02    548.738      13171  1030.0726  1030.0704    34.3436    34.3409    8.05386         25 0.0000e+00
    527.000    520.882    -0.0339  28.752047    -0.0316  28.752110     4.7257     4.7757    -0.0170    94.9015 1.0000e-12  -74.17536 -113.34426  27.404615      98.90 1.3398e+02    549.756      13195  1030.0771  1030.0750    34.3431    34.3406    8.05422         24 0.0000e+00
    528.000    521.870    -0.0339  28.752354    -0.0315  28.752394     4.7220     4.7723    -0.0156    94.9165 1.0000e-12  -74.17536 -113.34426  27.404627      98.25 1.3398e+02    550.772      13220  1030.0817  1030.0795    34.3429    34.3403    8.05423         24 0.0000e+00
    529.000    522.857    -0.0328  28.753865    -0.0303  28.754074     4.7199     4.7761    -0.0109    94.9095 1.0000e-12  -74.17536 -113.34426  27.404639      96.76 1.3398e+02    551.794      13244  1030.0864  1030.0842    34.3431    34.3405    8.05398         25 0.0000e+00
    530.000    523.844    -0.0312  28.755896    -0.0294  28.755415     4.7220     4.7790    -0.0153    94.8952 1.0000e-12  -74.17536 -113.34426  27.404651      95.85 1.3398e+02    552.823      13269  1030.0913  1030.0891    34.3434    34.3407    8.05364         25 0.0000e+00
