ocean_section_plots/required_files/ctd/dnbp2202_ctd247.cnv
* Sea-Bird SBE 9 Data File:
* FileName = D:\Data\raw\NBP2202_CTD247.hex
* Software Version Seasave V 7.26.7.121
* Temperature SN = 1649
* Conductivity SN = 2513
* Number of Bytes Per Scan = 40
* Number of Voltage Words = 5
* Number of Scans Averaged by the Deck Unit = 1
* NMEA Latitude = 73 55.38 S
* NMEA Longitude = 118 48.19 W
* NMEA UTC (Time) = Feb 15 2022  05:04:17
* NMEA baud rate = 9600
** Ship: RVIB N.B. Palmer
** Cruise: NBP2202 Thwaites
** Station: 154
** Operator: B. Bjork
# nquan = 28
# nvalues = 1030                        
# units = specified
# name 0 = prDM: Pressure, Digiquartz [db]
# name 1 = depSM: Depth [salt water, m]
# name 2 = t090C: Temperature [ITS-90, deg C]
# name 3 = c0mS/cm: Conductivity [mS/cm]
# name 4 = t190C: Temperature, 2 [ITS-90, deg C]
# name 5 = c1mS/cm: Conductivity, 2 [mS/cm]
# name 6 = sbeox0ML/L: Oxygen, SBE 43 [ml/l]
# name 7 = sbeox1ML/L: Oxygen, SBE 43, 2 [ml/l]
# name 8 = flECO-AFL: Fluorescence, WET Labs ECO-AFL/FL [mg/m^3]
# name 9 = CStarTr0: Beam Transmission, WET Labs C-Star [%]
# name 10 = par: PAR/Irradiance, Biospherical/Licor
# name 11 = latitude: Latitude [deg]
# name 12 = longitude: Longitude [deg]
# name 13 = timeJ: Julian Days
# name 14 = altM: Altimeter [m]
# name 15 = spar: SPAR, Biospherical/Licor
# name 16 = timeS: Time, Elapsed [seconds]
# name 17 = scan: Scan Count
# name 18 = density00: Density [density, kg/m^3]
# name 19 = density11: Density, 2 [density, kg/m^3]
# name 20 = v3: Voltage 3
# name 21 = v4: Voltage 4
# name 22 = v5: Voltage 5
# name 23 = sal00: Salinity, Practical [PSU]
# name 24 = sal11: Salinity, Practical, 2 [PSU]
# name 25 = oxsolML/L: Oxygen Saturation, Garcia & Gordon [ml/l]
# name 26 = nbin: number of scans per bin
# name 27 = flag: flag
# span 0 =      2.000,   1031.000       
# span 1 =      1.975,   1017.808       
# span 2 =    -1.6857,     0.7240       
# span 3 =  26.978170,  29.797088       
# span 4 =    -1.6850,     0.7259       
# span 5 =  26.978288,  29.796964       
# span 6 =     4.6047,     9.2382       
# span 7 =     4.7395,     9.4989       
# span 8 =    -0.0228,    10.8422       
# span 9 =    86.0202,    97.2036       
# span 10 = -5.048e-06, 1.2682e+01      
# span 11 =  -73.92300,  -73.92292      
# span 12 = -118.80340, -118.80306      
# span 13 =  46.212084,  46.226530      
# span 14 =       3.57,     100.15      
# span 15 = 3.0659e+01, 4.1142e+01      
# span 16 =     67.016,   1315.212      
# span 17 =       1609,      31566      
# span 18 =  1027.1253,  1032.5612      
# span 19 =  1027.1241,  1032.5594      
# span 20 =     4.0809,     4.6111      
# span 21 =     0.0634,     1.7975      
# span 22 =     0.1111,     0.2027      
# span 23 =    33.7451,    34.5759      
# span 24 =    33.7448,    34.5737      
# span 25 =    7.88463,    8.43267      
# span 26 =         13,         47      
# span 27 = 0.0000e+00, 0.0000e+00      
# interval = decibars: 1                
# start_time = Feb 15 2022 05:04:17 [NMEA time, header]
# bad_flag = -9.990e-29
*END*
[from data line 156]
    158.000    156.306    -1.5652  27.046306    -1.5620  27.048835     6.4661     6.6802     1.2244    94.1130 1.0000e-12  -73.92294 -118.80318  46.215460      99.82 3.9351e+01    358.715       8610  1028.1217  1028.1213     4.4646     0.4751     0.1371    33.9906    33.9904    8.40894         25 0.0000e+00
    159.000    157.296    -1.5644  27.047397    -1.5638  27.048298     6.4574     6.6612     1.2716    94.2735 1.0000e-12  -73.92294 -118.80318  46.215472      99.81 3.9276e+01    359.754       8635  1028.1253  1028.1257     4.4723     0.5220     0.1347    33.9905    33.9911    8.40876         25 0.0000e+00
    160.000    158.286    -1.5674  27.045692    -1.5679  27.045785     6.4359     6.6384     0.8096    94.8546 1.0000e-12  -73.92294 -118.80318  46.215483      99.87 3.9013e+01    360.750       8659  1028.1298  1028.1304     4.4998     0.2554     0.1234    33.9909    33.9917    8.40940         23 0.0000e+00
    161.000    159.273    -1.5972  27.023244    -1.5961  27.024641     6.4103     6.6259     1.6279    94.7125 1.0000e-12  -73.92294 -118.80318  46.215495      99.86 3.9665e+01    361.730       8683  1028.1375  1028.1380     4.4930     0.3092     0.1262    33.9933    33.9940    8.41602         24 0.0000e+00
    162.000    160.263    -1.6104  27.013989    -1.6095  27.015069     6.3701     6.6154     0.9020    94.2700 1.0000e-12  -73.92294 -118.80317  46.215507      99.86 3.9935e+01    362.769       8707  1028.1437  1028.1440     4.4721     0.2922     0.1276    33.9949    33.9954    8.41892         26 0.0000e+00
    163.000    161.252    -1.6132  27.012117    -1.6122  27.013305     6.4211     6.6129     0.7612    94.5319 1.0000e-12  -73.92294 -118.80316  46.215519      99.85 3.9148e+01    363.815       8733  1028.1478  1028.1482     4.4845     0.3316     0.1292    33.9948    33.9954    8.41955         24 0.0000e+00
    164.000    162.240    -1.6159  27.010361    -1.6162  27.010324     6.4512     6.6144     1.4762    94.6316 1.0000e-12  -73.92294 -118.80316  46.215531      99.86 3.9489e+01    364.835       8757  1028.1522  1028.1525     4.4892     0.2779     0.1290    33.9949    33.9952    8.42016         25 0.0000e+00
    165.000    163.230    -1.6217  27.006429    -1.6203  27.007856     6.4178     6.6255     1.1559    95.2295 1.0000e-12  -73.92294 -118.80316  46.215542      99.87 3.9877e+01    365.834       8781  1028.1572  1028.1574     4.5176     0.1785     0.1255    33.9954    33.9958    8.42144         24 0.0000e+00
    166.000    164.218    -1.6209  27.007952    -1.6204  27.008496     6.4127     6.6304     0.9978    95.1865 1.0000e-12  -73.92294 -118.80316  46.215554      91.66 3.9249e+01    366.824       8805  1028.1619  1028.1621     4.5155     0.2322     0.1228    33.9960    33.9962    8.42123         23 0.0000e+00
    167.000    165.206    -1.6217  27.007879    -1.6224  27.007623     6.4827     6.6313     0.8140    95.3444 1.0000e-12  -73.92294 -118.80316  46.215565      99.83 3.9277e+01    367.828       8829  1028.1666  1028.1669     4.5230     0.2577     0.1243    33.9962    33.9966    8.42141         25 0.0000e+00
    168.000    166.196    -1.6240  27.007638    -1.6238  27.007682     6.4226     6.6225     0.6228    95.1531 1.0000e-12  -73.92294 -118.80316  46.215578      99.86 4.0091e+01    368.920       8855  1028.1724  1028.1723     4.5140     0.2764     0.1246    33.9978    33.9977    8.42182         27 0.0000e+00
    169.000    167.184    -1.6197  27.012053    -1.6208  27.010984     6.3702     6.5794     0.8967    95.0792 1.0000e-12  -73.92294 -118.80316  46.215590      99.87 3.9441e+01    369.984       8881  1028.1771  1028.1770     4.5105     0.1708     0.1241    33.9984    33.9982    8.42081         24 0.0000e+00
    170.000    168.174    -1.6358  26.998883    -1.6372  26.998491     6.3352     6.5447     1.1188    95.1768 1.0000e-12  -73.92294 -118.80316  46.215602      99.87 3.9222e+01    370.987       8905  1028.1822  1028.1832     4.5151     0.1782     0.1224    33.9980    33.9990    8.42450         24 0.0000e+00
    171.000    169.162    -1.6563  26.983960    -1.6568  26.983825     6.3191     6.5175     0.9998    95.0900 1.0000e-12  -73.92294 -118.80316  46.215613      99.87 3.9319e+01    371.955       8928  1028.1896  1028.1900     4.5110     0.1945     0.1214    34.0000    34.0005    8.42903         23 0.0000e+00
    172.000    170.150    -1.6603  26.981114    -1.6603  26.981488     6.2968     6.5054     0.9517    95.4201 1.0000e-12  -73.92294 -118.80316  46.215624      99.87 3.9706e+01    372.924       8951  1028.1944  1028.1948     4.5266     0.2027     0.1228    34.0000    34.0006    8.42993         23 0.0000e+00
    173.000    171.140    -1.6642  26.978672    -1.6643  26.978738     6.3122     6.5035     0.8141    95.0905 1.0000e-12  -73.92294 -118.80316  46.215635      99.86 3.8592e+01    373.899       8975  1028.1994  1028.1996     4.5112     0.2657     0.1298    34.0004    34.0006    8.43079         25 0.0000e+00
    174.000    172.129    -1.6654  26.978170    -1.6655  26.978288     6.3114     6.5012     0.6353    95.2918 1.0000e-12  -73.92294 -118.80316  46.215648      99.87 3.9760e+01    374.949       9000  1028.2041  1028.2043     4.5204     0.2141     0.1201    34.0005    34.0008    8.43107         25 0.0000e+00
    175.000    173.117    -1.6655  26.978646    -1.6655  26.978788     6.3094     6.5038     0.7487    95.2822 1.0000e-12  -73.92294 -118.80316  46.215660      99.87 3.9292e+01    375.990       9025  1028.2088  1028.2089     4.5201     0.1936     0.1238    34.0007    34.0008    8.43109         24 0.0000e+00
    176.000    174.105    -1.6630  26.981709    -1.6638  26.981023     6.3025     6.5023     1.1028    95.3576 1.0000e-12  -73.92294 -118.80316  46.215671      99.87 3.8704e+01    376.962       9048  1028.2138  1028.2139     4.5237     0.1626     0.1250    34.0014    34.0014    8.43046         23 0.0000e+00
    177.000    175.098    -1.6659  26.980100    -1.6644  26.981485     6.3056     6.4982     1.0815    95.5270 1.0000e-12  -73.92294 -118.80317  46.215682      99.86 3.9986e+01    377.896       9071  1028.2190  1028.2191     4.5317     0.2592     0.1283    34.0018    34.0020    8.43110         22 0.0000e+00
    178.000    176.083    -1.6669  26.979691    -1.6669  26.979926     6.2805     6.4979     0.8217    95.8346 1.0000e-12  -73.92294 -118.80318  46.215693      99.86 4.0472e+01    378.838       9093  1028.2237  1028.2239     4.5463     0.2241     0.1246    34.0018    34.0021    8.43133         23 0.0000e+00
    179.000    177.072    -1.6666  26.980580    -1.6664  26.980727     6.2896     6.4919     0.7059    95.5373 1.0000e-12  -73.92294 -118.80318  46.215704      99.87 3.8641e+01    379.810       9116  1028.2285  1028.2285     4.5320     0.2108     0.1232    34.0020    34.0020    8.43124         24 0.0000e+00
    180.000    178.064    -1.6680  26.980118    -1.6677  26.980316     6.2673     6.4793     0.8103    95.1562 1.0000e-12  -73.92294 -118.80318  46.215716      99.87 3.9615e+01    380.875       9142  1028.2335  1028.2335     4.5143     0.2040     0.1213    34.0024    34.0023    8.43154         26 0.0000e+00
    181.000    179.050    -1.6693  26.979711    -1.6689  26.980075     6.3059     6.4792     0.8802    95.7438 1.0000e-12  -73.92294 -118.80318  46.215729      99.87 3.9846e+01    381.940       9168  1028.2386  1028.2386     4.5420     0.1917     0.1227    34.0027    34.0027    8.43183         25 0.0000e+00
    182.000    180.037    -1.6706  26.979661    -1.6704  26.979888     6.3023     6.4711     0.8965    95.9997 1.0000e-12  -73.92294 -118.80318  46.215740      99.86 3.8612e+01    382.904       9191  1028.2440  1028.2441     4.5542     0.1822     0.1255    34.0035    34.0036    8.43208         22 0.0000e+00
    183.000    181.032    -1.6720  26.979701    -1.6717  26.979961     6.2774     6.4656     0.9432    94.5324 1.0000e-12  -73.92294 -118.80318  46.215750      99.87 3.9909e+01    383.815       9213  1028.2496  1028.2496     4.4845     0.1692     0.1233    34.0045    34.0045    8.43233         22 0.0000e+00
    184.000    182.016    -1.6720  26.980493    -1.6717  26.980652     6.2821     6.4704     0.9012    94.8852 1.0000e-12  -73.92294 -118.80318  46.215761      99.87 4.0538e+01    384.759       9235  1028.2548  1028.2547     4.5012     0.1445     0.1211    34.0050    34.0049    8.43230         24 0.0000e+00
    185.000    183.007    -1.6717  26.981327    -1.6714  26.981495     6.2732     6.4739     1.1286    95.4008 1.0000e-12  -73.92294 -118.80318  46.215773      99.87 3.9457e+01    385.759       9259  1028.2596  1028.2595     4.5257     0.2178     0.1221    34.0052    34.0050    8.43223         24 0.0000e+00
    186.000    183.993    -1.6711  26.982366    -1.6713  26.981926     6.2832     6.4834     0.9700    95.2888 1.0000e-12  -73.92294 -118.80318  46.215785      99.88 3.9501e+01    386.827       9285  1028.2644  1028.2641     4.5205     0.1427     0.1233    34.0053    34.0049    8.43207         27 0.0000e+00
    187.000    184.984    -1.6659  26.987667    -1.6658  26.987423     6.3045     6.4918     0.9462    95.5211 1.0000e-12  -73.92294 -118.80318  46.215798      99.87 4.0184e+01    387.902       9311  1028.2695  1028.2691     4.5314     0.1792     0.1231    34.0060    34.0056    8.43085         25 0.0000e+00
    188.000    185.971    -1.6657  26.988238    -1.6652  26.988481     6.3017     6.5055     0.9149    95.5831 1.0000e-12  -73.92294 -118.80318  46.215809      99.87 4.0011e+01    388.911       9335  1028.2742  1028.2740     4.5344     0.1774     0.1219    34.0060    34.0058    8.43081         23 0.0000e+00
    189.000    186.960    -1.6664  26.988011    -1.6592  26.994388     6.3198     6.5057     0.8837    95.8235 1.0000e-12  -73.92294 -118.80318  46.215820      99.87 3.9632e+01    389.860       9358  1028.2789  1028.2790     4.5457     0.2174     0.1270    34.0059    34.0065    8.43098         23 0.0000e+00
    190.000    187.952    -1.6594  26.995084    -1.6565  26.997196     6.3461     6.5000     0.7924    95.6918 1.0000e-12  -73.92294 -118.80318  46.215831      99.87 4.0316e+01    390.841       9381  1028.2842  1028.2838     4.5395     0.1463     0.1198    34.0071    34.0067    8.42932         24 0.0000e+00
    191.000    188.938    -1.6565  26.997909    -1.6555  26.998520     6.3082     6.4962     0.7136    95.2713 1.0000e-12  -73.92294 -118.80318  46.215843      99.87 4.0472e+01    391.850       9405  1028.2889  1028.2886     4.5195     0.1950     0.1216    34.0070    34.0068    8.42866         24 0.0000e+00
    192.000    189.927    -1.6578  26.997439    -1.6575  26.997389     6.2886     6.4894     0.7152    95.6156 1.0000e-12  -73.92294 -118.80318  46.215855      90.57 3.9076e+01    392.868       9430  1028.2938  1028.2936     4.5360     0.1647     0.1206    34.0072    34.0068    8.42894         25 0.0000e+00
    193.000    190.916    -1.6599  26.996251    -1.6602  26.995656     6.2682     6.4624     0.7892    95.7103 1.0000e-12  -73.92294 -118.80318  46.215867      94.66 4.0765e+01    393.895       9454  1028.2989  1028.2986     4.5404     0.1780     0.1283    34.0073    34.0069    8.42940         24 0.0000e+00
    194.000    191.904    -1.6694  26.989625    -1.6697  26.989371     6.2439     6.4382     0.8520    94.8658 1.0000e-12  -73.92294 -118.80318  46.215879      99.90 4.0545e+01    394.903       9479  1028.3051  1028.3051     4.5004     0.2124     0.1274    34.0083    34.0083    8.43150         24 0.0000e+00
    195.000    192.893    -1.6666  26.996606    -1.6664  26.996397     6.2379     6.4290     0.6875    95.5835 1.0000e-12  -73.92294 -118.80318  46.215890      99.87 3.9314e+01    395.880       9502  1028.3145  1028.3140     4.5344     0.1823     0.1236    34.0142    34.0137    8.43051         23 0.0000e+00
    196.000    193.881    -1.6706  26.994019    -1.6701  26.994142     6.2212     6.4242     0.5873    95.6353 1.0000e-12  -73.92294 -118.80318  46.215901      99.87 4.0496e+01    396.874       9526  1028.3198  1028.3195     4.5368     0.2383     0.1358    34.0146    34.0142    8.43141         24 0.0000e+00
    197.000    194.870    -1.6710  26.994194    -1.6706  26.994352     6.2269     6.4315     0.6833    95.3893 1.0000e-12  -73.92294 -118.80318  46.215913      99.85 4.0622e+01    397.873       9550  1028.3247  1028.3245     4.5252     0.3108     0.1231    34.0147    34.0145    8.43149         24 0.0000e+00
    198.000    195.859    -1.6700  26.995765    -1.6692  26.996172     6.2477     6.4351     1.8976    95.3988 1.0000e-12  -73.92294 -118.80318  46.215924      99.86 3.9291e+01    398.855       9574  1028.3297  1028.3294     4.5256     0.2779     0.1248    34.0150    34.0148    8.43124         23 0.0000e+00
    199.000    196.849    -1.6684  26.997720    -1.6681  26.997622     6.2479     6.4384     0.9199    95.6435 1.0000e-12  -73.92294 -118.80318  46.215936      99.87 4.0659e+01    399.842       9597  1028.3346  1028.3342     4.5372     0.1984     0.1247    34.0153    34.0148    8.43086         24 0.0000e+00
    200.000    197.836    -1.6687  26.997981    -1.6682  26.998086     6.2616     6.4479     0.6589    95.7666 1.0000e-12  -73.92294 -118.80318  46.215947      99.87 4.0972e+01    400.843       9621  1028.3394  1028.3391     4.5431     0.1877     0.1226    34.0154    34.0150    8.43092         25 0.0000e+00
    201.000    198.825    -1.6682  26.998878    -1.6678  26.998877     6.2627     6.4542     0.7594    95.9263 1.0000e-12  -73.92294 -118.80318  46.215959      99.87 3.9317e+01    401.842       9645  1028.3443  1028.3438     4.5506     0.2010     0.1242    34.0155    34.0150    8.43082         24 0.0000e+00
    202.000    199.814    -1.6672  27.000351    -1.6668  27.000303     6.2980     6.4691     1.1647    95.3942 1.0000e-12  -73.92294 -118.80318  46.215971      99.86 4.0533e+01    402.864       9670  1028.3492  1028.3488     4.5254     0.2193     0.1252    34.0157    34.0152    8.43056         25 0.0000e+00
    203.000    200.804    -1.6654  27.002709    -1.6651  27.002427     6.3085     6.4820     1.4540    95.3619 1.0000e-12  -73.92294 -118.80318  46.215982      99.87 4.0619e+01    403.888       9694  1028.3544  1028.3538     4.5239     0.1980     0.1224    34.0163    34.0156    8.43013         24 0.0000e+00
    204.000    201.792    -1.6632  27.005207    -1.6629  27.005141     6.3199     6.4925     1.2021    95.3564 1.0000e-12  -73.92294 -118.80318  46.215994      99.87 3.9231e+01    404.890       9718  1028.3593  1028.3589     4.5236     0.1823     0.1200    34.0166    34.0162    8.42960         24 0.0000e+00
    205.000    202.781    -1.6631  27.005823    -1.6627  27.005763     6.3088     6.4919     0.8970    95.2417 1.0000e-12  -73.92294 -118.80318  46.216006      96.18 4.0532e+01    405.885       9742  1028.3641  1028.3637     4.5183     0.1536     0.1210    34.0167    34.0162    8.42956         24 0.0000e+00
    206.000    203.767    -1.6632  27.006141    -1.6627  27.006149     6.3066     6.4935     0.9761    95.5578 1.0000e-12  -73.92294 -118.80318  46.216017      90.23 4.0401e+01    406.885       9766  1028.3689  1028.3685     4.5331     0.2276     0.1192    34.0166    34.0161    8.42959         24 0.0000e+00
    207.000    204.758    -1.6634  27.006515    -1.6630  27.006426     6.3252     6.4987     0.7757    95.2486 1.0000e-12  -73.92294 -118.80318  46.216029      98.62 3.9459e+01    407.880       9790  1028.3738  1028.3733     4.5185     0.2475     0.1225    34.0168    34.0162    8.42963         24 0.0000e+00
    208.000    205.748    -1.6636  27.006781    -1.6632  27.006762     6.3062     6.5001     1.0207    95.1196 1.0000e-12  -73.92294 -118.80318  46.216040      99.83 3.9876e+01    408.876       9814  1028.3786  1028.3783     4.5124     0.2787     0.1295    34.0167    34.0163    8.42968         24 0.0000e+00
