ocean_section_plots/required_files/ctd/dnbp2202_ctd223.cnv
* Sea-Bird SBE 9 Data File:
* FileName = D:\Data\raw\NBP2202_CTD223.hex
* Software Version Seasave V 7.26.7.121
* Temperature SN = 1649
* Conductivity SN = 2513
* Number of Bytes Per Scan = 40
* Number of Voltage Words = 5
* Number of Scans Averaged by the Deck Unit = 1
* NMEA Latitude = 74 00.22 S
* NMEA Longitude = 111 23.15 W
* NMEA UTC (Time) = Feb 12 2022  09:02:06
* NMEA baud rate = 9600
** Ship: RVIB N.B. Palmer
** Cruise: NBP2202 Thwaites
** Station: 134
** Operator: B. Bjork
# nquan = 28
# nvalues = 610                         
# units = specified
# name 0 = prDM: Pressure, Digiquartz [db]
# name 1 = depSM: Depth [salt water, m]
# name 2 = t090C: Temperature [ITS-90, deg C]
# name 3 = c0mS/cm: Conductivity [mS/cm]
# name 4 = t190C: Temperature, 2 [ITS-90, deg C]
# name 5 = c1mS/cm: Conductivity, 2 [mS/cm]
# name 6 = sbeox0ML/L: Oxygen, SBE 43 [ml/l]
# name 7 = sbeox1ML/L: Oxygen, SBE 43, 2 [ml/l]
# name 8 = flECO-AFL: Fluorescence, WET Labs ECO-AFL/FL [mg/m^3]
# name 9 = CStarTr0: Beam Transmission, WET Labs C-Star [%]
# name 10 = par: PAR/Irradiance, Biospherical/Licor
# name 11 = latitude: Latitude [deg]
# name 12 = longitude: Longitude [deg]
# name 13 = timeJ: Julian Days
# name 14 = altM: Altimeter [m]
# name 15 = spar: SPAR, Biospherical/Licor
# name 16 = timeS: Time, Elapsed [seconds]
# name 17 = scan: Scan Count
# name 18 = density00: Density [density, kg/m^3]
# name 19 = density11: Density, 2 [density, kg/m^3]
# name 20 = v3: Voltage 3
# name 21 = v4: Voltage 4
# name 22 = v5: Voltage 5
# name 23 = sal00: Salinity, Practical [PSU]
# name 24 = sal11: Salinity, Practical, 2 [PSU]
# name 25 = oxsolML/L: Oxygen Saturation, Garcia & Gordon [ml/l]
# name 26 = nbin: number of scans per bin
# name 27 = flag: flag
# span 0 =      1.000,    610.000       
# span 1 =      0.990,    602.804       
# span 2 =    -1.4515,     0.2934       
# span 3 =  26.930912,  29.178696       
# span 4 =    -1.4510,     0.2951       
# span 5 =  26.931910,  29.178654       
# span 6 =     4.6834,     6.8842       
# span 7 =     4.8274,     7.1252       
# span 8 =    -0.0151,     5.2385       
# span 9 =    90.0918,    97.5363       
# span 10 = -3.251e-05, 7.2613e+00      
# span 11 =  -74.00374,  -74.00372      
# span 12 = -111.38594, -111.38590      
# span 13 =  43.378776,  43.387983      
# span 14 =       6.04,     100.32      
# span 15 = 2.8136e+01, 4.3162e+01      
# span 16 =    200.226,    995.729      
# span 17 =       4806,      23898      
# span 18 =  1027.1783,  1030.5641      
# span 19 =  1027.1775,  1030.5624      
# span 20 =     4.2741,     4.6270      
# span 21 =     0.0650,     0.9063      
# span 22 =     0.1158,     0.1518      
# span 23 =    33.7627,    34.4924      
# span 24 =    33.7702,    34.4903      
# span 25 =    7.97752,    8.39151      
# span 26 =          5,         56      
# span 27 = 0.0000e+00, 0.0000e+00      
# interval = decibars: 1                
# start_time = Feb 12 2022 09:02:06 [NMEA time, header]
# bad_flag = -9.990e-29
*END*
[from data line 467]
    468.000    462.637     0.0833  28.895647     0.0857  28.896113     4.8400     4.9968    -0.0093    97.2155 1.0000e-12  -74.00374 -111.38592  43.385015      93.39 4.2309e+01    739.339      17745  1029.8656  1029.8637     4.6117     0.0718     0.1276    34.4362    34.4341    8.02439         23 0.0000e+00
    469.000    463.624     0.0860  28.899130     0.0879  28.899059     4.8341     4.9894     0.0007    97.1974 1.0000e-12  -74.00374 -111.38592  43.385027      96.03 4.2309e+01    740.310      17768  1029.8708  1029.8689     4.6109     0.0712     0.1283    34.4372    34.4349    8.02377         23 0.0000e+00
    470.000    464.612     0.0893  28.902918     0.0911  28.902882     4.8261     4.9816     0.0061    97.2386 1.0000e-12  -74.00374 -111.38592  43.385038      99.88 4.2309e+01    741.282      17792  1029.8758  1029.8740     4.6128     0.0712     0.1303    34.4378    34.4358    8.02304         24 0.0000e+00
    471.000    465.601     0.0967  28.911999     0.1009  28.913809     4.8187     4.9712     0.0054    97.2360 1.0000e-12  -74.00374 -111.38592  43.385049      99.83 4.1651e+01    742.266      17815  1029.8823  1029.8801     4.6127     0.0729     0.1277    34.4409    34.4386    8.02131         24 0.0000e+00
    472.000    466.585     0.1138  28.929589     0.1149  28.928795     4.8139     4.9654     0.0087    97.2360 1.0000e-12  -74.00374 -111.38592  43.385061      99.84 4.1648e+01    743.252      17839  1029.8883  1029.8864     4.6127     0.0736     0.1266    34.4444    34.4421    8.01755         24 0.0000e+00
    473.000    467.575     0.1137  28.930150     0.1170  28.931547     4.8186     4.9668     0.0086    97.2237 1.0000e-12  -74.00374 -111.38592  43.385072      99.83 4.2528e+01    744.238      17863  1029.8934  1029.8916     4.6121     0.0725     0.1264    34.4447    34.4428    8.01756         23 0.0000e+00
    474.000    468.562     0.1184  28.935428     0.1212  28.936001     4.8139     4.9670    -0.0032    97.2436 1.0000e-12  -74.00374 -111.38592  43.385084      99.83 4.2677e+01    745.231      17887  1029.8986  1029.8965     4.6131     0.0701     0.1289    34.4457    34.4433    8.01651         24 0.0000e+00
    475.000    469.549     0.1196  28.937256     0.1215  28.936909     4.8118     4.9644    -0.0034    97.2478 1.0000e-12  -74.00374 -111.38592  43.385095      99.84 4.1732e+01    746.218      17910  1029.9037  1029.9016     4.6133     0.0717     0.1255    34.4462    34.4437    8.01623         24 0.0000e+00
    476.000    470.536     0.1233  28.941445     0.1252  28.941212     4.8112     4.9702    -0.0017    97.2290 1.0000e-12  -74.00374 -111.38592  43.385107      99.83 4.1004e+01    747.206      17934  1029.9088  1029.9068     4.6124     0.0721     0.1264    34.4470    34.4446    8.01541         24 0.0000e+00
    477.000    471.523     0.1234  28.941916     0.1253  28.941788     4.8086     4.9569     0.0030    97.2324 1.0000e-12  -74.00374 -111.38592  43.385118      99.84 4.1610e+01    748.195      17958  1029.9135  1029.9116     4.6125     0.0709     0.1271    34.4469    34.4447    8.01540         23 0.0000e+00
    478.000    472.511     0.1266  28.945728     0.1286  28.945660     4.8045     4.9635     0.0054    97.2371 1.0000e-12  -74.00374 -111.38592  43.385129      99.83 4.1428e+01    749.185      17981  1029.9187  1029.9168     4.6127     0.0724     0.1257    34.4477    34.4455    8.01468         24 0.0000e+00
    479.000    473.498     0.1309  28.950699     0.1335  28.951294     4.8061     4.9588     0.0121    97.2509 1.0000e-12  -74.00374 -111.38592  43.385141      99.83 4.2226e+01    750.176      18005  1029.9240  1029.9221     4.6134     0.0711     0.1273    34.4489    34.4468    8.01372         24 0.0000e+00
    480.000    474.486     0.1298  28.949792     0.1295  28.947446     4.7990     4.9530     0.0085    97.2437 1.0000e-12  -74.00374 -111.38592  43.385152      86.39 4.2163e+01    751.170      18029  1029.9285  1029.9264     4.6131     0.0706     0.1269    34.4484    34.4456    8.01399         24 0.0000e+00
    481.000    475.474     0.1330  28.953910     0.1343  28.953076     4.8004     4.9485    -0.0038    97.2394 1.0000e-12  -74.00374 -111.38592  43.385164      94.71 4.2234e+01    752.164      18053  1029.9340  1029.9320     4.6129     0.0712     0.1269    34.4496    34.4471    8.01325         24 0.0000e+00
    482.000    476.460     0.1392  28.960697     0.1417  28.961170     4.8006     4.9436    -0.0061    97.2724 1.0000e-12  -74.00374 -111.38592  43.385175      99.76 4.2688e+01    753.156      18077  1029.9393  1029.9374     4.6145     0.0723     0.1276    34.4510    34.4489    8.01188         23 0.0000e+00
    483.000    477.447     0.1380  28.959696     0.1402  28.960038     4.7993     4.9433     0.0015    97.2638 1.0000e-12  -74.00374 -111.38592  43.385187      99.84 4.2157e+01    754.155      18101  1029.9438  1029.9420     4.6141     0.0715     0.1306    34.4505    34.4484    8.01216         24 0.0000e+00
    484.000    478.436     0.1376  28.959627     0.1397  28.959914     4.8013     4.9517     0.0144    97.2542 1.0000e-12  -74.00374 -111.38592  43.385199      99.84 4.2679e+01    755.151      18125  1029.9485  1029.9467     4.6136     0.0704     0.1291    34.4503    34.4483    8.01226         24 0.0000e+00
    485.000    479.423     0.1378  28.960457     0.1394  28.960059     4.8011     4.9461     0.0131    97.2543 1.0000e-12  -74.00374 -111.38592  43.385210      99.84 4.2384e+01    756.142      18148  1029.9534  1029.9515     4.6136     0.0709     0.1278    34.4505    34.4482    8.01219         24 0.0000e+00
    486.000    480.409     0.1380  28.961087     0.1402  28.961234     4.7978     4.9463     0.0053    97.2370 1.0000e-12  -74.00374 -111.38592  43.385221      99.84 4.2309e+01    757.121      18172  1029.9581  1029.9562     4.6127     0.0712     0.1271    34.4505    34.4483    8.01215         23 0.0000e+00
    487.000    481.398     0.1403  28.964107     0.1429  28.964573     4.7899     4.9439    -0.0029    97.2371 1.0000e-12  -74.00374 -111.38590  43.385233      99.84 4.2088e+01    758.106      18196  1029.9634  1029.9614     4.6128     0.0719     0.1306    34.4514    34.4491    8.01163         24 0.0000e+00
    488.000    482.384     0.1449  28.969271     0.1470  28.969366     4.7897     4.9389    -0.0029    97.2731 1.0000e-12  -74.00374 -111.38592  43.385244      99.84 4.2311e+01    759.091      18219  1029.9686  1029.9666     4.6145     0.0709     0.1267    34.4525    34.4502    8.01062         23 0.0000e+00
    489.000    483.372     0.1496  28.974732     0.1515  28.974753     4.7897     4.9361    -0.0031    97.2454 1.0000e-12  -74.00374 -111.38592  43.385256      99.84 4.2309e+01    760.074      18243  1029.9739  1029.9721     4.6132     0.0721     0.1288    34.4537    34.4516    8.00955         24 0.0000e+00
    490.000    484.360     0.1527  28.978445     0.1551  28.978859     4.7855     4.9351     0.0084    97.2254 1.0000e-12  -74.00374 -111.38592  43.385267      99.84 4.2309e+01    761.058      18266  1029.9791  1029.9773     4.6122     0.0727     0.1280    34.4546    34.4525    8.00887         24 0.0000e+00
    491.000    485.347     0.1538  28.980209     0.1558  28.980107     4.7834     4.9366     0.0088    97.2425 1.0000e-12  -74.00374 -111.38592  43.385278      99.84 4.2309e+01    762.037      18290  1029.9842  1029.9821     4.6130     0.0705     0.1283    34.4550    34.4527    8.00860         23 0.0000e+00
    492.000    486.334     0.1552  28.982009     0.1572  28.982038     4.7815     4.9335     0.0012    97.2510 1.0000e-12  -74.00374 -111.38592  43.385289      99.83 4.2601e+01    763.015      18313  1029.9891  1029.9871     4.6134     0.0714     0.1287    34.4553    34.4531    8.00831         24 0.0000e+00
    493.000    487.321     0.1570  28.984510     0.1583  28.983714     4.7795     4.9338    -0.0004    97.2459 1.0000e-12  -74.00374 -111.38592  43.385301      78.86 4.2155e+01    764.002      18337  1029.9942  1029.9920     4.6132     0.0685     0.1255    34.4560    34.4534    8.00789         23 0.0000e+00
    494.000    488.309     0.1603  28.988172     0.1620  28.987931     4.7826     4.9379     0.0054    97.2133 1.0000e-12  -74.00374 -111.38592  43.385312      90.46 4.2606e+01    764.986      18361  1029.9991  1029.9971     4.6116     0.0691     0.1276    34.4565    34.4543    8.00717         24 0.0000e+00
    495.000    489.294     0.1614  28.989728     0.1633  28.989740     4.7804     4.9339     0.0144    97.2282 1.0000e-12  -74.00374 -111.38592  43.385324      96.38 4.2616e+01    765.972      18384  1030.0039  1030.0020     4.6124     0.0720     0.1263    34.4568    34.4546    8.00694         23 0.0000e+00
    496.000    490.284     0.1627  28.991579     0.1647  28.991612     4.7763     4.9253     0.0143    97.2372 1.0000e-12  -74.00374 -111.38592  43.385335      99.88 4.2305e+01    766.949      18408  1030.0089  1030.0070     4.6128     0.0731     0.1255    34.4572    34.4550    8.00664         24 0.0000e+00
    497.000    491.270     0.1651  28.994702     0.1672  28.994857     4.7733     4.9278     0.0051    97.2360 1.0000e-12  -74.00374 -111.38592  43.385346      99.83 4.2529e+01    767.935      18431  1030.0141  1030.0122     4.6127     0.0712     0.1274    34.4580    34.4558    8.00609         24 0.0000e+00
    498.000    492.257     0.1700  29.000351     0.1710  28.999229     4.7624     4.9224     0.0132    97.2402 1.0000e-12  -74.00374 -111.38592  43.385358      99.83 4.2960e+01    768.915      18455  1030.0195  1030.0174     4.6129     0.0724     0.1300    34.4594    34.4568    8.00500         24 0.0000e+00
    499.000    493.245     0.1729  29.003683     0.1739  29.002600     4.7614     4.9210     0.0077    97.2338 1.0000e-12  -74.00374 -111.38592  43.385369      99.84 4.2174e+01    769.895      18478  1030.0245  1030.0223     4.6126     0.0706     0.1291    34.4599    34.4573    8.00436         23 0.0000e+00
    500.000    494.232     0.1734  29.004746     0.1729  29.001987     4.7627     4.9249    -0.0055    97.2381 1.0000e-12  -74.00374 -111.38592  43.385381      99.83 4.2310e+01    770.880      18502  1030.0293  1030.0270     4.6128     0.0706     0.1304    34.4602    34.4571    8.00424         23 0.0000e+00
    501.000    495.219     0.1746  29.006336     0.1758  29.005620     4.7638     4.9175    -0.0074    97.2111 1.0000e-12  -74.00374 -111.38591  43.385392      99.84 4.2309e+01    771.865      18526  1030.0342  1030.0322     4.6115     0.0719     0.1262    34.4603    34.4581    8.00398         24 0.0000e+00
    502.000    496.206     0.1761  29.008413     0.1784  29.008712     4.7617     4.9145    -0.0004    97.2306 1.0000e-12  -74.00374 -111.38591  43.385403      99.84 4.2309e+01    772.849      18549  1030.0391  1030.0371     4.6124     0.0715     0.1288    34.4608    34.4586    8.00364         24 0.0000e+00
    503.000    497.196     0.1803  29.013336     0.1823  29.013149     4.7564     4.9112     0.0047    97.2526 1.0000e-12  -74.00374 -111.38591  43.385415      99.83 4.2309e+01    773.833      18573  1030.0445  1030.0423     4.6135     0.0714     0.1313    34.4620    34.4595    8.00271         23 0.0000e+00
    504.000    498.181     0.1863  29.020140     0.1887  29.020475     4.7572     4.9105     0.0066    97.2359 1.0000e-12  -74.00374 -111.38591  43.385426      99.84 4.2605e+01    774.818      18597  1030.0499  1030.0480     4.6127     0.0713     0.1270    34.4636    34.4614    8.00136         24 0.0000e+00
    505.000    499.169     0.1885  29.022860     0.1905  29.022832     4.7625     4.9127     0.0069    97.2617 1.0000e-12  -74.00374 -111.38591  43.385438      99.84 4.2823e+01    775.811      18620  1030.0549  1030.0530     4.6140     0.0722     0.1264    34.4641    34.4619    8.00087         24 0.0000e+00
    506.000    500.156     0.1886  29.023439     0.1905  29.023189     4.7636     4.9069     0.0069    97.2638 1.0000e-12  -74.00374 -111.38591  43.385449      99.31 4.2305e+01    776.800      18644  1030.0598  1030.0577     4.6140     0.0723     0.1261    34.4642    34.4618    8.00084         23 0.0000e+00
    507.000    501.142     0.1883  29.023473     0.1903  29.023384     4.7578     4.9111     0.0069    97.2433 1.0000e-12  -74.00374 -111.38591  43.385460      98.83 4.2383e+01    777.783      18668  1030.0645  1030.0624     4.6131     0.0702     0.1297    34.4640    34.4617    8.00093         24 0.0000e+00
    508.000    502.130     0.1887  29.024489     0.1910  29.024640     4.7567     4.9066     0.0069    97.2856 1.0000e-12  -74.00374 -111.38591  43.385472      99.44 4.2161e+01    778.776      18692  1030.0693  1030.0673     4.6151     0.0711     0.1298    34.4642    34.4619    8.00082         24 0.0000e+00
    509.000    503.118     0.1897  29.025942     0.1920  29.026108     4.7584     4.8994     0.0057    97.2265 1.0000e-12  -74.00374 -111.38591  43.385483      99.84 4.2822e+01    779.770      18715  1030.0742  1030.0722     4.6122     0.0726     0.1370    34.4645    34.4621    8.00060         24 0.0000e+00
    510.000    504.105     0.1896  29.026160     0.1917  29.026153     4.7553     4.9059     0.0008    97.2607 1.0000e-12  -74.00374 -111.38591  43.385495      99.83 4.2614e+01    780.756      18739  1030.0788  1030.0768     4.6139     0.0710     0.1300    34.4643    34.4620    8.00064         23 0.0000e+00
    511.000    505.092     0.1908  29.028044     0.1932  29.028333     4.7498     4.9007    -0.0029    97.2553 1.0000e-12  -74.00374 -111.38591  43.385506      99.84 4.2454e+01    781.740      18763  1030.0839  1030.0819     4.6136     0.0713     0.1378    34.4648    34.4626    8.00035         24 0.0000e+00
    512.000    506.079     0.1927  29.030282     0.1948  29.030407     4.7485     4.8978     0.0039    97.2367 1.0000e-12  -74.00374 -111.38591  43.385518      99.83 4.1917e+01    782.724      18786  1030.0887  1030.0868     4.6127     0.0705     0.1259    34.4651    34.4629    7.99995         23 0.0000e+00
    513.000    507.067     0.1943  29.032522     0.1964  29.032507     4.7508     4.9028     0.0095    97.2502 1.0000e-12  -74.00374 -111.38591  43.385529      99.84 4.2687e+01    783.702      18810  1030.0936  1030.0916     4.6134     0.0726     0.1280    34.4656    34.4633    7.99957         24 0.0000e+00
    514.000    508.054     0.1952  29.033842     0.1973  29.034028     4.7518     4.9015     0.0014    97.2317 1.0000e-12  -74.00374 -111.38591  43.385540      99.84 4.2750e+01    784.689      18834  1030.0985  1030.0966     4.6125     0.0704     0.1283    34.4658    34.4637    7.99938         24 0.0000e+00
    515.000    509.041     0.1958  29.034941     0.1979  29.034992     4.7537     4.9005     0.0144    97.1964 1.0000e-12  -74.00374 -111.38591  43.385552      99.84 4.2229e+01    785.672      18857  1030.1033  1030.1013     4.6109     0.0712     0.1303    34.4660    34.4637    7.99925         23 0.0000e+00
    516.000    510.028     0.1967  29.036283     0.1989  29.036519     4.7548     4.8969     0.0143    97.2465 1.0000e-12  -74.00374 -111.38591  43.385563      99.84 4.2236e+01    786.640      18880  1030.1081  1030.1062     4.6132     0.0719     0.1257    34.4662    34.4640    7.99906         24 0.0000e+00
    517.000    511.015     0.1977  29.037862     0.2000  29.038233     4.7555     4.8957    -0.0006    97.2581 1.0000e-12  -74.00374 -111.38591  43.385574      99.84 4.2840e+01    787.616      18904  1030.1130  1030.1112     4.6138     0.0712     0.1291    34.4665    34.4644    7.99882         23 0.0000e+00
