ocean_section_plots/required_files/ctd/dnbp2202_ctd131.cnv
* Sea-Bird SBE 9 Data File:
* FileName = D:\Data\raw\NBP2202_CTD131.hex
* Software Version Seasave V 7.26.7.121
* Temperature SN = 1649
* Conductivity SN = 2513
* Number of Bytes Per Scan = 40
* Number of Voltage Words = 5
* Number of Scans Averaged by the Deck Unit = 1
* NMEA Latitude = 74 06.28 S
* NMEA Longitude = 112 07.19 W
* NMEA UTC (Time) = Jan 28 2022  02:10:37
* NMEA baud rate = 9600
** Ship: RVIB N.B. Palmer
** Cruise: NBP2202 Thwaites
** Station: 60
** Operator: A. Robinson
# nquan = 25
# nvalues = 793                         
# units = specified
# name 0 = prDM: Pressure, Digiquartz [db]
# name 1 = depSM: Depth [salt water, m]
# name 2 = t090C: Temperature [ITS-90, deg C]
# name 3 = c0mS/cm: Conductivity [mS/cm]
# name 4 = t190C: Temperature, 2 [ITS-90, deg C]
# name 5 = c1mS/cm: Conductivity, 2 [mS/cm]
# name 6 = sbeox0ML/L: Oxygen, SBE 43 [ml/l]
# name 7 = sbeox1ML/L: Oxygen, SBE 43, 2 [ml/l]
# name 8 = flECO-AFL: Fluorescence, WET Labs ECO-AFL/FL [mg/m^3]
# name 9 = CStarTr0: Beam Transmission, WET Labs C-Star [%]
# name 10 = par: PAR/Irradiance, Biospherical/Licor
# name 11 = latitude: Latitude [deg]
# name 12 = longitude: Longitude [deg]
# name 13 = timeJ: Julian Days
# name 14 = altM: Altimeter [m]
# name 15 = spar: SPAR, Biospherical/Licor
# name 16 = timeS: Time, Elapsed [seconds]
# name 17 = scan: Scan Count
# name 18 = density00: Density [density, kg/m^3]
# name 19 = density11: Density, 2 [density, kg/m^3]
# name 20 = sal00: Salinity, Practical [PSU]
# name 21 = sal11: Salinity, Practical, 2 [PSU]
# name 22 = oxsolML/L: Oxygen Saturation, Garcia & Gordon [ml/l]
# name 23 = nbin: number of scans per bin
# name 24 = flag: flag
# span 0 =      3.000,    795.000       
# span 1 =      2.966,    785.271       
# span 2 =    -1.5096,     0.5506       
# span 3 =  27.078752,  29.533576       
# span 4 =    -1.5095,     0.5532       
# span 5 =  27.078711,  29.533583       
# span 6 =     4.5690,     8.8651       
# span 7 =     4.6668,     9.1019       
# span 8 =    -0.0073,    27.5183       
# span 9 =    68.9570,    94.7151       
# span 10 = -5.214e-07, 6.6747e+01      
# span 11 =  -74.10478,  -74.10478      
# span 12 = -112.11990, -112.11982      
# span 13 =  28.093815,  28.106441      
# span 14 =       1.55,     100.09      
# span 15 = 1.4660e+02, 2.1266e+02      
# span 16 =    268.630,   1359.533      
# span 17 =       6448,      32630      
# span 18 =  1027.1947,  1031.4690      
# span 19 =  1027.1972,  1031.4666      
# span 20 =    33.8074,    34.5665      
# span 21 =    33.8100,    34.5638      
# span 22 =    7.92049,    8.39645      
# span 23 =         24,         50      
# span 24 = 0.0000e+00, 0.0000e+00      
# interval = decibars: 1                
# start_time = Jan 28 2022 02:10:37 [NMEA time, header]
# bad_flag = -9.990e-29
*END*
[from data line 464]
    467.000    461.647     0.0596  28.831274     0.0623  28.830925     4.7686     4.8763     0.0142    94.5401 1.0000e-12  -74.10478 -112.11983  28.100913      97.89 1.8687e+02    881.901      21167  1029.8156  1029.8126    34.3784    34.3749    8.03259         29 0.0000e+00
    468.000    462.634     0.0594  28.831287     0.0623  28.831358     4.7646     4.8664     0.0143    94.5066 1.0000e-12  -74.10478 -112.11984  28.100927      99.79 1.8667e+02    883.095      21195  1029.8201  1029.8174    34.3780    34.3749    8.03265         28 0.0000e+00
    469.000    463.622     0.0646  28.837531     0.0674  28.837274     4.7678     4.8708     0.0143    94.5109 1.0000e-12  -74.10478 -112.11982  28.100941      99.79 1.8592e+02    884.273      21224  1029.8260  1029.8230    34.3799    34.3764    8.03147         28 0.0000e+00
    470.000    464.610     0.0684  28.841950     0.0704  28.840931     4.7661     4.8742     0.0161    94.5247 1.0000e-12  -74.10478 -112.11982  28.100954      99.79 1.8637e+02    885.442      21252  1029.8313  1029.8282    34.3809    34.3773    8.03062         28 0.0000e+00
    471.000    465.597     0.0696  28.843541     0.0709  28.841834     4.7636     4.8721     0.0160    94.5063 1.0000e-12  -74.10478 -112.11982  28.100968      99.80 1.8681e+02    886.636      21280  1029.8360  1029.8331    34.3810    34.3774    8.03035         29 0.0000e+00
    472.000    466.584     0.0717  28.845962     0.0740  28.845595     4.7627     4.8675     0.0100    94.5136 1.0000e-12  -74.10478 -112.11982  28.100982      99.79 1.8632e+02    887.835      21309  1029.8408  1029.8383    34.3813    34.3783    8.02989         29 0.0000e+00
    473.000    467.572     0.0736  28.848337     0.0759  28.848101     4.7609     4.8638     0.0093    94.4516 1.0000e-12  -74.10478 -112.11982  28.100996      99.79 1.8580e+02    889.012      21337  1029.8459  1029.8433    34.3818    34.3788    8.02948         28 0.0000e+00
    474.000    468.560     0.0759  28.851469     0.0780  28.850676     4.7615     4.8672     0.0013    94.4748 1.0000e-12  -74.10478 -112.11982  28.101010      99.79 1.8610e+02    890.227      21366  1029.8512  1029.8484    34.3827    34.3793    8.02894         30 0.0000e+00
    475.000    469.545     0.0757  28.851491     0.0780  28.851307     4.7636     4.8665     0.0038    94.5195 1.0000e-12  -74.10478 -112.11982  28.101023      99.80 1.8522e+02    891.413      21395  1029.8558  1029.8533    34.3824    34.3795    8.02900         26 0.0000e+00
    476.000    470.534     0.0755  28.851677     0.0779  28.851472     4.7629     4.8638     0.0004    94.5080 1.0000e-12  -74.10478 -112.11982  28.101036      77.50 1.8574e+02    892.528      21422  1029.8605  1029.8579    34.3823    34.3793    8.02906         28 0.0000e+00
    477.000    471.521     0.0756  28.852279     0.0780  28.851996     4.7622     4.8635     0.0166    94.5133 1.0000e-12  -74.10478 -112.11982  28.101050      90.98 1.8567e+02    893.728      21450  1029.8653  1029.8627    34.3823    34.3793    8.02902         31 0.0000e+00
    478.000    472.508     0.0768  28.853887     0.0790  28.853519     4.7594     4.8671     0.0073    94.5092 1.0000e-12  -74.10478 -112.11982  28.101065      99.67 1.8517e+02    894.983      21481  1029.8701  1029.8676    34.3825    34.3796    8.02876         29 0.0000e+00
    479.000    473.497     0.0780  28.855862     0.0798  28.854934     4.7571     4.8596     0.0069    94.5254 1.0000e-12  -74.10478 -112.11982  28.101078      99.80 1.8510e+02    896.125      21508  1029.8752  1029.8726    34.3832    34.3800    8.02847         26 0.0000e+00
    480.000    474.483     0.0777  28.855876     0.0801  28.855585     4.7597     4.8558     0.0137    94.5119 1.0000e-12  -74.10478 -112.11982  28.101091      99.79 1.8510e+02    897.244      21535  1029.8798  1029.8772    34.3829    34.3799    8.02854         27 0.0000e+00
    481.000    475.471     0.0788  28.857576     0.0813  28.857300     4.7605     4.8600     0.0064    94.5025 1.0000e-12  -74.10478 -112.11982  28.101105      99.79 1.8510e+02    898.462      21564  1029.8848  1029.8822    34.3834    34.3803    8.02829         31 0.0000e+00
    482.000    476.458     0.0789  28.858004     0.0810  28.857499     4.7538     4.8608     0.0090    94.4962 1.0000e-12  -74.10478 -112.11982  28.101119      99.80 1.8510e+02    899.675      21593  1029.8894  1029.8869    34.3832    34.3802    8.02827         28 0.0000e+00
    483.000    477.445     0.0857  28.866108     0.0873  28.864578     4.7544     4.8567     0.0090    94.5007 1.0000e-12  -74.10478 -112.11982  28.101132      99.80 1.8522e+02    900.834      21621  1029.8955  1029.8925    34.3857    34.3820    8.02671         28 0.0000e+00
    484.000    478.433     0.0885  28.869167     0.0895  28.867477     4.7499     4.8548    -0.0007    94.5168 1.0000e-12  -74.10478 -112.11982  28.101146      99.80 1.8409e+02    902.020      21649  1029.9003  1029.8976    34.3860    34.3827    8.02611         29 0.0000e+00
    485.000    479.421     0.0882  28.869196     0.0910  28.869393     4.7507     4.8578     0.0066    94.4983 1.0000e-12  -74.10478 -112.11982  28.101160      99.79 1.8502e+02    903.212      21678  1029.9050  1029.9024    34.3858    34.3829    8.02619         28 0.0000e+00
    486.000    480.407     0.0870  28.868281     0.0907  28.869561     4.7591     4.8610     0.0100    94.5124 1.0000e-12  -74.10478 -112.11982  28.101173      99.79 1.8467e+02    904.374      21706  1029.9095  1029.9072    34.3854    34.3829    8.02646         28 0.0000e+00
    487.000    481.394     0.0864  28.868078     0.0893  28.868530     4.7564     4.8609     0.0117    94.4757 1.0000e-12  -74.10478 -112.11984  28.101187      94.06 1.8441e+02    905.570      21735  1029.9141  1029.9117    34.3852    34.3825    8.02660         28 0.0000e+00
    488.000    482.383     0.0823  28.864481     0.0848  28.864080     4.7589     4.8579     0.0039    94.4759 1.0000e-12  -74.10478 -112.11984  28.101201      80.17 1.8441e+02    906.757      21763  1029.9186  1029.9158    34.3844    34.3811    8.02750         28 0.0000e+00
    489.000    483.370     0.0883  28.871056     0.0878  28.867583     4.7577     4.8538     0.0107    94.4903 1.0000e-12  -74.10478 -112.11984  28.101214      96.35 1.8473e+02    907.906      21791  1029.9239  1029.9208    34.3858    34.3819    8.02617         29 0.0000e+00
    490.000    484.356     0.0847  28.867644     0.0864  28.866746     4.7501     4.8509     0.0075    94.5052 1.0000e-12  -74.10478 -112.11984  28.101228      99.76 1.8392e+02    909.090      21819  1029.9281  1029.9255    34.3847    34.3816    8.02698         28 0.0000e+00
    491.000    485.345     0.0840  28.867382     0.0857  28.866434     4.7548     4.8569     0.0130    94.5032 1.0000e-12  -74.10478 -112.11984  28.101241      99.79 1.8307e+02    910.266      21847  1029.9328  1029.9302    34.3846    34.3815    8.02713         27 0.0000e+00
    492.000    486.331     0.0880  28.872040     0.0892  28.870645     4.7568     4.8606     0.0069    94.4859 1.0000e-12  -74.10478 -112.11984  28.101255      99.80 1.8360e+02    911.405      21875  1029.9381  1029.9354    34.3858    34.3825    8.02625         28 0.0000e+00
    493.000    487.319     0.0847  28.868882     0.0880  28.869775     4.7521     4.8553     0.0144    94.5075 1.0000e-12  -74.10478 -112.11984  28.101268      99.80 1.8322e+02    912.593      21903  1029.9422  1029.9399    34.3846    34.3821    8.02699         29 0.0000e+00
    494.000    488.306     0.0914  28.877189     0.0957  28.878537     4.7486     4.8490     0.0143    94.5203 1.0000e-12  -74.10478 -112.11984  28.101282      99.79 1.8321e+02    913.795      21932  1029.9486  1029.9459    34.3875    34.3845    8.02542         28 0.0000e+00
    495.000    489.292     0.0997  28.886429     0.1043  28.888150     4.7408     4.8410     0.0143    94.4681 1.0000e-12  -74.10478 -112.11985  28.101295      99.79 1.8295e+02    914.914      21959  1029.9544  1029.9517    34.3898    34.3869    8.02357         27 0.0000e+00
    496.000    490.281     0.1082  28.895727     0.1121  28.897198     4.7362     4.8418     0.0140    94.4238 1.0000e-12  -74.10478 -112.11984  28.101309      99.80 1.8220e+02    916.061      21986  1029.9601  1029.9579    34.3920    34.3895    8.02167         29 0.0000e+00
    497.000    491.268     0.1160  28.905140     0.1195  28.905603     4.7408     4.8436     0.0092    94.4870 1.0000e-12  -74.10478 -112.11986  28.101323      99.79 1.8188e+02    917.294      22016  1029.9667  1029.9637    34.3950    34.3917    8.01986         29 0.0000e+00
    498.000    492.256     0.1215  28.910401     0.1220  28.908737     4.7385     4.8367     0.0238    94.4680 1.0000e-12  -74.10478 -112.11984  28.101336      99.78 1.8243e+02    918.458      22044  1029.9712  1029.9690    34.3953    34.3926    8.01870         27 0.0000e+00
    499.000    493.242     0.1266  28.917538     0.1307  28.918486     4.7312     4.8398     0.0300    94.4822 1.0000e-12  -74.10478 -112.11985  28.101349      87.31 1.8212e+02    919.566      22071  1029.9779  1029.9750    34.3984    34.3951    8.01746         26 0.0000e+00
    500.000    494.230     0.1276  28.918465     0.1281  28.916422     4.7276     4.8362     0.0146    94.5083 1.0000e-12  -74.10478 -112.11985  28.101362      93.50 1.8207e+02    920.697      22098  1029.9823  1029.9797    34.3978    34.3946    8.01727         28 0.0000e+00
    501.000    495.218     0.1267  28.918164     0.1285  28.917088     4.7363     4.8363     0.0102    94.4876 1.0000e-12  -74.10478 -112.11986  28.101376      99.85 1.8158e+02    921.886      22126  1029.9872  1029.9844    34.3979    34.3945    8.01747         29 0.0000e+00
    502.000    496.204     0.1232  28.914180     0.1261  28.914886     4.7376     4.8366     0.0098    94.4758 1.0000e-12  -74.10478 -112.11986  28.101390      99.80 1.8158e+02    923.077      22155  1029.9908  1029.9888    34.3960    34.3937    8.01831         28 0.0000e+00
    503.000    497.192     0.1238  28.915718     0.1273  28.916727     4.7318     4.8331     0.0017    94.4713 1.0000e-12  -74.10478 -112.11986  28.101403      99.79 1.8158e+02    924.228      22182  1029.9962  1029.9938    34.3968    34.3942    8.01814         28 0.0000e+00
    504.000    498.178     0.1368  28.930543     0.1401  28.931013     4.7328     4.8285    -0.0011    94.4820 1.0000e-12  -74.10478 -112.11986  28.101416      99.80 1.8158e+02    925.348      22209  1030.0032  1030.0005    34.4011    34.3981    8.01517         27 0.0000e+00
    505.000    499.166     0.1368  28.930772     0.1359  28.926827     4.7334     4.8351     0.0048    94.4824 1.0000e-12  -74.10478 -112.11986  28.101430      99.79 1.8158e+02    926.515      22237  1030.0078  1030.0046    34.4009    34.3967    8.01520         28 0.0000e+00
    506.000    500.154     0.1308  28.924212     0.1325  28.923738     4.7387     4.8374    -0.0007    94.4777 1.0000e-12  -74.10478 -112.11986  28.101443      99.80 1.8158e+02    927.703      22266  1030.0111  1030.0090    34.3983    34.3958    8.01659         28 0.0000e+00
    507.000    501.141     0.1256  28.919441     0.1289  28.920132     4.7377     4.8381     0.0185    94.4756 1.0000e-12  -74.10478 -112.11986  28.101456      99.80 1.8158e+02    928.811      22292  1030.0155  1030.0130    34.3973    34.3945    8.01773         27 0.0000e+00
    508.000    502.127     0.1265  28.920778     0.1289  28.920666     4.7413     4.8411     0.0216    94.4949 1.0000e-12  -74.10478 -112.11986  28.101469      99.79 1.8158e+02    929.958      22320  1030.0203  1030.0178    34.3975    34.3946    8.01754         28 0.0000e+00
    509.000    503.116     0.1247  28.919018     0.1253  28.916940     4.7340     4.8387    -0.0015    94.4850 1.0000e-12  -74.10478 -112.11986  28.101483      99.80 1.8158e+02    931.164      22349  1030.0245  1030.0217    34.3966    34.3931    8.01796         28 0.0000e+00
    510.000    504.102     0.1241  28.919026     0.1260  28.918276     4.7331     4.8351    -0.0012    94.4941 1.0000e-12  -74.10478 -112.11986  28.101496      99.80 1.8158e+02    932.285      22376  1030.0293  1030.0267    34.3966    34.3936    8.01808         26 0.0000e+00
    511.000    505.090     0.1269  28.922314     0.1289  28.921773     4.7423     4.8388     0.0066    94.4623 1.0000e-12  -74.10478 -112.11986  28.101509      97.44 1.8086e+02    933.355      22402  1030.0343  1030.0317    34.3973    34.3943    8.01746         26 0.0000e+00
    512.000    506.077     0.1215  28.916739     0.1209  28.913643     4.7392     4.8417     0.0059    94.4917 1.0000e-12  -74.10478 -112.11986  28.101522      97.83 1.8029e+02    934.515      22429  1030.0380  1030.0353    34.3954    34.3919    8.01870         29 0.0000e+00
    513.000    507.064     0.1179  28.913437     0.1199  28.912761     4.7273     4.8389     0.0006    94.4785 1.0000e-12  -74.10478 -112.11986  28.101536      99.83 1.8012e+02    935.705      22458  1030.0423  1030.0397    34.3944    34.3914    8.01950         28 0.0000e+00
    514.000    508.051     0.1240  28.921025     0.1256  28.919549     4.7336     4.8308     0.0121    94.4677 1.0000e-12  -74.10478 -112.11987  28.101549      99.79 1.8031e+02    936.848      22485  1030.0485  1030.0454    34.3971    34.3933    8.01808         28 0.0000e+00
    515.000    509.038     0.1329  28.930662     0.1322  28.927110     4.7351     4.8360     0.0045    94.4756 1.0000e-12  -74.10478 -112.11988  28.101563      99.79 1.8060e+02    937.999      22513  1030.0541  1030.0511    34.3992    34.3953    8.01610         27 0.0000e+00
    516.000    510.025     0.1262  28.923709     0.1311  28.926345     4.7359     4.8366     0.0014    94.4852 1.0000e-12  -74.10478 -112.11988  28.101576      99.80 1.8063e+02    939.151      22541  1030.0577  1030.0556    34.3969    34.3950    8.01762         28 0.0000e+00
    517.000    511.013     0.1244  28.922343     0.1268  28.921990     4.7340     4.8370     0.0069    94.4778 1.0000e-12  -74.10478 -112.11988  28.101589      99.79 1.7869e+02    940.305      22568  1030.0623  1030.0596    34.3966    34.3934    8.01802         28 0.0000e+00
    518.000    512.000     0.1219  28.920223     0.1259  28.921848     4.7265     4.8333     0.0101    94.4567 1.0000e-12  -74.10478 -112.11988  28.101603      99.79 1.8024e+02    941.472      22596  1030.0667  1030.0645    34.3960    34.3936    8.01857         28 0.0000e+00
    519.000    512.987     0.1287  28.927938     0.1313  28.927798     4.7259     4.8318     0.0176    94.4712 1.0000e-12  -74.10478 -112.11988  28.101616      99.80 1.7981e+02    942.600      22623  1030.0724  1030.0698    34.3980    34.3949    8.01705         26 0.0000e+00
    520.000    513.974     0.1313  28.931469     0.1328  28.929851     4.7252     4.8341     0.0146    94.4746 1.0000e-12  -74.10478 -112.11988  28.101628      99.80 1.7885e+02    943.694      22650  1030.0777  1030.0747    34.3991    34.3953    8.01643         27 0.0000e+00
    521.000    514.963     0.1353  28.936410     0.1408  28.939149     4.7185     4.8285     0.0105    94.4898 1.0000e-12  -74.10478 -112.11988  28.101642      99.80 1.7974e+02    944.829      22677  1030.0834  1030.0808    34.4006    34.3980    8.01553         27 0.0000e+00
    522.000    515.949     0.1445  28.947572     0.1428  28.942569     4.7184     4.8174     0.0063    94.4957 1.0000e-12  -74.10478 -112.11988  28.101655      86.67 1.7938e+02    945.983      22705  1030.0903  1030.0867    34.4044    34.3997    8.01339         27 0.0000e+00
    523.000    516.936     0.1751  28.980583     0.1772  28.979936     4.7090     4.8190     0.0031    94.4947 1.0000e-12  -74.10478 -112.11988  28.101668      88.49 1.7981e+02    947.084      22731  1030.0991  1030.0964    34.4130    34.4099    8.00653         27 0.0000e+00
