ocean_section_plots/required_files/ctd/dnbp2202_ctd250.cnv
* Sea-Bird SBE 9 Data File:
* FileName = D:\Data\raw\NBP2202_CTD250.hex
* Software Version Seasave V 7.26.7.121
* Temperature SN = 1649
* Conductivity SN = 2513
* Number of Bytes Per Scan = 40
* Number of Voltage Words = 5
* Number of Scans Averaged by the Deck Unit = 1
* NMEA Latitude = 73 57.38 S
* NMEA Longitude = 118 38.88 W
* NMEA UTC (Time) = Feb 15 2022  08:38:31
* NMEA baud rate = 9600
** Ship: RVIB N.B. Palmer
** Cruise: NBP2202 Thwaites
** Station: 158
** Operator: B. Bjork
# nquan = 28
# nvalues = 1377                        
# units = specified
# name 0 = prDM: Pressure, Digiquartz [db]
# name 1 = depSM: Depth [salt water, m]
# name 2 = t090C: Temperature [ITS-90, deg C]
# name 3 = c0mS/cm: Conductivity [mS/cm]
# name 4 = t190C: Temperature, 2 [ITS-90, deg C]
# name 5 = c1mS/cm: Conductivity, 2 [mS/cm]
# name 6 = sbeox0ML/L: Oxygen, SBE 43 [ml/l]
# name 7 = sbeox1ML/L: Oxygen, SBE 43, 2 [ml/l]
# name 8 = flECO-AFL: Fluorescence, WET Labs ECO-AFL/FL [mg/m^3]
# name 9 = CStarTr0: Beam Transmission, WET Labs C-Star [%]
# name 10 = par: PAR/Irradiance, Biospherical/Licor
# name 11 = latitude: Latitude [deg]
# name 12 = longitude: Longitude [deg]
# name 13 = timeJ: Julian Days
# name 14 = altM: Altimeter [m]
# name 15 = spar: SPAR, Biospherical/Licor
# name 16 = timeS: Time, Elapsed [seconds]
# name 17 = scan: Scan Count
# name 18 = density00: Density [density, kg/m^3]
# name 19 = density11: Density, 2 [density, kg/m^3]
# name 20 = v3: Voltage 3
# name 21 = v4: Voltage 4
# name 22 = v5: Voltage 5
# name 23 = sal00: Salinity, Practical [PSU]
# name 24 = sal11: Salinity, Practical, 2 [PSU]
# name 25 = oxsolML/L: Oxygen Saturation, Garcia & Gordon [ml/l]
# name 26 = nbin: number of scans per bin
# name 27 = flag: flag
# span 0 =      2.000,   1378.000       
# span 1 =      1.982,   1359.253       
# span 2 =    -1.7588,     0.7524       
# span 3 =  26.966241,  29.980112       
# span 4 =    -1.7581,     0.7545       
# span 5 =  26.966424,  29.980393       
# span 6 =     4.5674,     9.1886       
# span 7 =     4.6612,     9.4607       
# span 8 =    -0.0175,    12.5627       
# span 9 =    84.8654,    97.1567       
# span 10 = -1.252e-05, 1.5184e+00      
# span 11 =  -73.95648,  -73.95646      
# span 12 = -118.64806, -118.64800      
# span 13 =  46.362317,  46.379302      
# span 14 =       2.02,     100.14      
# span 15 = 1.7622e+01, 2.4250e+01      
# span 16 =    193.157,   1660.650      
# span 17 =       4637,      39857      
# span 18 =  1027.1468,  1034.1742      
# span 19 =  1027.1490,  1034.1724      
# span 20 =     4.0264,     4.6090      
# span 21 =     0.0638,     2.2756      
# span 22 =     0.1095,     0.2165      
# span 23 =    33.7775,    34.5902      
# span 24 =    33.7800,    34.5883      
# span 25 =    7.87810,    8.44681      
# span 26 =         18,         47      
# span 27 = 0.0000e+00, 0.0000e+00      
# interval = decibars: 1                
# start_time = Feb 15 2022 08:38:31 [NMEA time, header]
# bad_flag = -9.990e-29
*END*
[from data line 570]
    572.000    565.304    -0.0875  28.748406    -0.0848  28.747995     5.0459     5.1548     0.0808    96.9144 1.0000e-12  -73.95648 -118.64804  46.369757      99.89 1.9193e+01    836.013      20065  1030.3134  1030.3104     4.5975     0.0722     0.1144    34.3717    34.3682    8.06388         24 0.0000e+00
    573.000    566.291    -0.0839  28.752723    -0.0817  28.752010     5.0305     5.1612     0.1981    96.8592 1.0000e-12  -73.95648 -118.64804  46.369769      99.88 1.8359e+01    837.027      20090  1030.3190  1030.3161     4.5949     0.0709     0.1152    34.3728    34.3694    8.06306         24 0.0000e+00
    574.000    567.280    -0.0777  28.760303    -0.0753  28.759798     5.0307     5.1538     0.0984    96.9197 1.0000e-12  -73.95646 -118.64804  46.369780      99.88 2.1233e+01    838.022      20114  1030.3254  1030.3226     4.5978     0.0729     0.1168    34.3753    34.3720    8.06161         24 0.0000e+00
    575.000    568.266    -0.0750  28.763653    -0.0734  28.762387     5.0053     5.1352     0.1167    96.9947 1.0000e-12  -73.95646 -118.64804  46.369792      99.89 1.9785e+01    838.994      20137  1030.3308  1030.3280     4.6013     0.0703     0.1150    34.3761    34.3727    8.06100         23 0.0000e+00
    576.000    569.252    -0.0479  28.793425    -0.0459  28.791922     5.0264     5.1285     0.1482    96.9640 1.0000e-12  -73.95646 -118.64804  46.369803      99.89 1.8266e+01    839.940      20160  1030.3400  1030.3365     4.5998     0.0854     0.1168    34.3846    34.3804    8.05482         22 0.0000e+00
    577.000    570.240    -0.0174  28.824810    -0.0154  28.823784     5.0070     5.1271     0.0162    96.8694 1.0000e-12  -73.95646 -118.64804  46.369814      99.88 2.0989e+01    840.916      20183  1030.3476  1030.3445     4.5953     0.0770     0.1131    34.3914    34.3877    8.04802         24 0.0000e+00
    578.000    571.227    -0.0136  28.828893    -0.0114  28.828203     5.0065     5.1213     0.0326    96.9328 1.0000e-12  -73.95646 -118.64804  46.369825      99.88 1.9581e+01    841.920      20207  1030.3527  1030.3499     4.5984     0.0736     0.1161    34.3918    34.3885    8.04719         24 0.0000e+00
    579.000    572.213    -0.0127  28.830161    -0.0105  28.829569     5.0059     5.1189     0.0046    97.0059 1.0000e-12  -73.95646 -118.64804  46.369837      99.88 1.8576e+01    842.903      20231  1030.3577  1030.3550     4.6019     0.0845     0.1151    34.3920    34.3887    8.04700         24 0.0000e+00
    580.000    573.201    -0.0106  28.832809    -0.0084  28.832207     5.0060     5.1112     0.0361    97.0186 1.0000e-12  -73.95646 -118.64804  46.369848      75.93 2.0457e+01    843.871      20254  1030.3631  1030.3602     4.6025     0.0700     0.1150    34.3926    34.3892    8.04653         23 0.0000e+00
    581.000    574.187    -0.0076  28.836262    -0.0052  28.835977     4.9942     5.1034     0.1604    96.9833 1.0000e-12  -73.95646 -118.64804  46.369859      94.47 1.9986e+01    844.841      20277  1030.3682  1030.3656     4.6007     0.1219     0.1185    34.3931    34.3901    8.04586         24 0.0000e+00
    582.000    575.175    -0.0023  28.842425     0.0004  28.842268     5.0012     5.1105     0.1049    96.9982 1.0000e-12  -73.95646 -118.64804  46.369871      99.77 1.8427e+01    845.814      20301  1030.3740  1030.3712     4.6014     0.1300     0.1187    34.3948    34.3916    8.04466         23 0.0000e+00
    583.000    576.161     0.0018  28.846776     0.0041  28.846358     4.9911     5.1115     0.0675    96.9725 1.0000e-12  -73.95646 -118.64804  46.369882      99.88 2.0104e+01    846.800      20324  1030.3789  1030.3763     4.6003     0.0747     0.1156    34.3953    34.3923    8.04376         24 0.0000e+00
    584.000    577.148     0.0039  28.849362     0.0061  28.848923     4.9835     5.1001     0.1675    96.8208 1.0000e-12  -73.95646 -118.64804  46.369893      99.89 2.0386e+01    847.783      20348  1030.3841  1030.3815     4.5931     0.0718     0.1132    34.3959    34.3928    8.04330         23 0.0000e+00
    585.000    578.136     0.0143  28.861329     0.0184  28.862355     4.9764     5.0932     0.1552    96.8172 1.0000e-12  -73.95646 -118.64804  46.369904      99.88 1.8489e+01    848.741      20371  1030.3908  1030.3879     4.5929     0.0785     0.1131    34.3994    34.3962    8.04091         23 0.0000e+00
    586.000    579.122     0.0394  28.887326     0.0421  28.887028     4.9746     5.0842    -0.0077    96.9113 1.0000e-12  -73.95646 -118.64804  46.369916      99.88 1.9603e+01    849.722      20394  1030.3978  1030.3950     4.5974     0.0848     0.1133    34.4050    34.4016    8.03533         24 0.0000e+00
    587.000    580.109     0.0446  28.893233     0.0471  28.892980     4.9734     5.0850     0.0011    97.0219 1.0000e-12  -73.95646 -118.64804  46.369927      99.88 2.0853e+01    850.723      20418  1030.4035  1030.4008     4.6025     0.0719     0.1139    34.4064    34.4033    8.03417         24 0.0000e+00
    588.000    581.094     0.0491  28.898520     0.0515  28.898159     4.9649     5.0824     0.0226    97.0108 1.0000e-12  -73.95646 -118.64804  46.369939      99.89 1.8702e+01    851.708      20442  1030.4091  1030.4064     4.6021     0.0891     0.1301    34.4078    34.4046    8.03314         23 0.0000e+00
    589.000    582.083     0.0537  28.903794     0.0561  28.903516     4.9680     5.0796     0.1825    96.9646 1.0000e-12  -73.95646 -118.64804  46.369950      99.89 1.9319e+01    852.673      20465  1030.4145  1030.4119     4.5998     0.0815     0.1131    34.4090    34.4059    8.03211         23 0.0000e+00
    590.000    583.069     0.0600  28.910995     0.0624  28.910586     4.9602     5.0824     0.0270    97.0260 1.0000e-12  -73.95646 -118.64804  46.369961      99.89 2.1406e+01    853.635      20488  1030.4203  1030.4176     4.6028     0.0895     0.1150    34.4108    34.4076    8.03068         23 0.0000e+00
    591.000    584.056     0.0661  28.917782     0.0685  28.917455     4.9538     5.0656     0.0612    97.0547 1.0000e-12  -73.95646 -118.64804  46.369972      99.88 1.8589e+01    854.603      20511  1030.4259  1030.4232     4.6041     0.0774     0.1172    34.4124    34.4092    8.02933         24 0.0000e+00
    592.000    585.043     0.0751  28.927826     0.0774  28.927399     4.9504     5.0546     0.0716    97.0292 1.0000e-12  -73.95646 -118.64804  46.369984      99.88 1.9094e+01    855.596      20535  1030.4320  1030.4293     4.6029     0.0959     0.1190    34.4150    34.4118    8.02730         24 0.0000e+00
    593.000    586.030     0.0914  28.945539     0.0939  28.945016     4.9342     5.0539     0.2846    96.9006 1.0000e-12  -73.95646 -118.64804  46.369996      67.65 2.1482e+01    856.618      20560  1030.4390  1030.4360     4.5968     0.1286     0.1180    34.4195    34.4160    8.02363         24 0.0000e+00
    594.000    587.017     0.1089  28.964046     0.1111  28.963423     4.9251     5.0430     0.2332    96.9525 1.0000e-12  -73.95646 -118.64804  46.370007      84.38 1.8910e+01    857.621      20584  1030.4456  1030.4428     4.5993     0.0838     0.1154    34.4237    34.4204    8.01974         24 0.0000e+00
    595.000    588.004     0.1258  28.982683     0.1280  28.981751     4.9167     5.0327     0.0542    96.9148 1.0000e-12  -73.95646 -118.64804  46.370018      98.91 1.8627e+01    858.577      20607  1030.4530  1030.4499     4.5975     0.0755     0.1137    34.4287    34.4251    8.01592         23 0.0000e+00
    596.000    588.988     0.1476  29.005890     0.1503  29.005422     4.9147     5.0319     0.0852    96.9571 1.0000e-12  -73.95646 -118.64804  46.370029      99.88 2.1398e+01    859.522      20630  1030.4603  1030.4572     4.5995     0.0725     0.1147    34.4343    34.4307    8.01106         22 0.0000e+00
    597.000    589.978     0.1562  29.014747     0.1585  29.014317     4.9125     5.0285     0.0432    96.9156 1.0000e-12  -73.95646 -118.64804  46.370040      99.88 1.8544e+01    860.460      20652  1030.4657  1030.4630     4.5975     0.0778     0.1157    34.4358    34.4327    8.00919         23 0.0000e+00
    598.000    590.964     0.1627  29.022056     0.1648  29.021471     4.9114     5.0285     0.0216    96.9817 1.0000e-12  -73.95646 -118.64804  46.370051      99.88 1.8013e+01    861.416      20675  1030.4715  1030.4688     4.6007     0.0706     0.1139    34.4376    34.4345    8.00774         23 0.0000e+00
    599.000    591.951     0.1680  29.028107     0.1703  29.027668     4.9171     5.0261     0.1030    96.9860 1.0000e-12  -73.95646 -118.64804  46.370063      99.88 2.1330e+01    862.427      20699  1030.4771  1030.4744     4.6009     0.0819     0.1162    34.4390    34.4358    8.00655         25 0.0000e+00
    600.000    592.938     0.1724  29.032944     0.1750  29.032894     4.9075     5.0220     0.0146    96.9267 1.0000e-12  -73.95646 -118.64804  46.370075      99.88 1.9233e+01    863.444      20724  1030.4823  1030.4797     4.5981     0.0797     0.1145    34.4398    34.4369    8.00558         24 0.0000e+00
    601.000    593.925     0.1750  29.036150     0.1775  29.035938     4.9029     5.0296     0.2518    96.9122 1.0000e-12  -73.95646 -118.64804  46.370086      99.89 1.8464e+01    864.427      20747  1030.4876  1030.4849     4.5974     0.0786     0.1149    34.4406    34.4375    8.00500         23 0.0000e+00
    602.000    594.910     0.1807  29.042549     0.1830  29.042248     4.9048     5.0233     0.1564    96.8538 1.0000e-12  -73.95646 -118.64804  46.370097      99.88 2.1555e+01    865.380      20770  1030.4932  1030.4905     4.5946     0.0714     0.1137    34.4421    34.4390    8.00374         23 0.0000e+00
    603.000    595.898     0.1826  29.044795     0.1850  29.044477     4.8793     5.0162     0.0341    96.9991 1.0000e-12  -73.95646 -118.64804  46.370108      99.88 1.9416e+01    866.323      20793  1030.4980  1030.4954     4.6015     0.0791     0.1139    34.4423    34.4392    8.00333         23 0.0000e+00
    604.000    596.886     0.1861  29.049058     0.1887  29.048956     4.8880     5.0118     0.0334    97.0458 1.0000e-12  -73.95646 -118.64804  46.370119      99.88 1.8187e+01    867.275      20816  1030.5035  1030.5009     4.6037     0.0711     0.1141    34.4433    34.4404    8.00253         23 0.0000e+00
    605.000    597.871     0.1913  29.054977     0.1939  29.054861     4.9044     5.0087     0.0417    96.9603 1.0000e-12  -73.95646 -118.64804  46.370131      99.89 2.0699e+01    868.279      20840  1030.5089  1030.5063     4.5997     0.0757     0.1114    34.4447    34.4417    8.00137         25 0.0000e+00
    606.000    598.858     0.1991  29.063730     0.2016  29.063467     4.9026     5.0074     0.0502    97.0166 1.0000e-12  -73.95646 -118.64804  46.370142      93.03 1.9551e+01    869.302      20864  1030.5149  1030.5121     4.6024     0.0794     0.1139    34.4470    34.4438    7.99963         24 0.0000e+00
    607.000    599.845     0.2049  29.070200     0.2075  29.070007     4.8824     4.9995     0.1254    96.9541 1.0000e-12  -73.95646 -118.64804  46.370154      76.57 1.8325e+01    870.287      20888  1030.5203  1030.5176     4.5993     0.0702     0.1165    34.4484    34.4453    7.99834         23 0.0000e+00
    608.000    600.833     0.2137  29.079982     0.2162  29.079684     4.8862     4.9991     0.0435    97.0055 1.0000e-12  -73.95646 -118.64804  46.370165      97.60 2.1171e+01    871.255      20911  1030.5263  1030.5235     4.6018     0.0694     0.1138    34.4508    34.4476    7.99638         23 0.0000e+00
    609.000    601.819     0.2204  29.087394     0.2229  29.087106     4.8865     4.9983     0.1224    97.0255 1.0000e-12  -73.95646 -118.64804  46.370176      99.90 2.0072e+01    872.218      20934  1030.5318  1030.5291     4.6028     0.0784     0.1131    34.4525    34.4493    7.99489         23 0.0000e+00
    610.000    602.804     0.2244  29.091838     0.2270  29.091714     4.8828     4.9905     0.0896    96.9956 1.0000e-12  -73.95646 -118.64804  46.370187      99.88 1.8432e+01    873.191      20958  1030.5369  1030.5343     4.6014     0.0728     0.1149    34.4533    34.4502    7.99402         24 0.0000e+00
    611.000    603.793     0.2274  29.095544     0.2300  29.095372     4.8780     4.9845     0.0356    97.0224 1.0000e-12  -73.95646 -118.64804  46.370199      99.88 2.0486e+01    874.184      20981  1030.5422  1030.5395     4.6026     0.0746     0.1160    34.4542    34.4510    7.99334         24 0.0000e+00
    612.000    604.778     0.2362  29.105786     0.2389  29.105565     4.8726     4.9823     0.0054    97.0053 1.0000e-12  -73.95646 -118.64802  46.370210      99.89 1.9701e+01    875.164      21005  1030.5486  1030.5458     4.6018     0.0697     0.1134    34.4572    34.4539    7.99134         23 0.0000e+00
    613.000    605.765     0.2468  29.116666     0.2487  29.115877     4.8689     4.9814     0.0126    96.9552 1.0000e-12  -73.95646 -118.64804  46.370221      99.89 1.8481e+01    876.118      21028  1030.5540  1030.5513     4.5994     0.0713     0.1129    34.4591    34.4559    7.98905         23 0.0000e+00
    614.000    606.753     0.2518  29.122577     0.2543  29.122369     4.8664     4.9762     0.0243    96.9482 1.0000e-12  -73.95646 -118.64804  46.370232      99.88 1.9913e+01    877.073      21051  1030.5596  1030.5569     4.5991     0.0708     0.1118    34.4607    34.4576    7.98791         23 0.0000e+00
    615.000    607.740     0.2643  29.136065     0.2660  29.135005     4.8613     4.9705    -0.0111    97.0092 1.0000e-12  -73.95646 -118.64804  46.370244      99.88 2.0416e+01    878.055      21074  1030.5658  1030.5630     4.6020     0.0699     0.1140    34.4638    34.4606    7.98514         24 0.0000e+00
    616.000    608.727     0.2670  29.139171     0.2693  29.138642     4.8543     4.9716    -0.0174    97.0139 1.0000e-12  -73.95646 -118.64802  46.370255      99.89 1.8373e+01    879.058      21098  1030.5708  1030.5680     4.6022     0.0707     0.1147    34.4643    34.4611    7.98456         24 0.0000e+00
    617.000    609.713     0.2694  29.142078     0.2721  29.142307     4.8479     4.9710    -0.0099    97.0289 1.0000e-12  -73.95646 -118.64804  46.370267      99.89 1.9897e+01    880.057      21122  1030.5759  1030.5734     4.6030     0.0739     0.1149    34.4649    34.4621    7.98403         24 0.0000e+00
    618.000    610.698     0.2718  29.145126     0.2745  29.145117     4.8496     4.9633    -0.0027    97.0226 1.0000e-12  -73.95646 -118.64802  46.370278      99.88 2.0919e+01    881.025      21146  1030.5811  1030.5784     4.6026     0.0714     0.1136    34.4656    34.4626    7.98349         22 0.0000e+00
    619.000    611.686     0.2768  29.150794     0.2794  29.150726     4.8562     4.9582    -0.0084    97.0333 1.0000e-12  -73.95646 -118.64803  46.370289      99.89 1.8995e+01    881.965      21168  1030.5864  1030.5839     4.6031     0.0761     0.1127    34.4669    34.4639    7.98239         23 0.0000e+00
    620.000    612.672     0.2820  29.156861     0.2848  29.156923     4.8470     4.9552     0.0983    97.0048 1.0000e-12  -73.95646 -118.64803  46.370300      94.61 1.9241e+01    882.919      21191  1030.5920  1030.5893     4.6018     0.0706     0.1127    34.4684    34.4653    7.98122         24 0.0000e+00
    621.000    613.659     0.2888  29.164338     0.2915  29.164303     4.8445     4.9616     0.1843    97.0345 1.0000e-12  -73.95646 -118.64803  46.370311      89.20 2.1172e+01    883.909      21215  1030.5975  1030.5948     4.6032     0.0691     0.1138    34.4701    34.4670    7.97973         24 0.0000e+00
    622.000    614.647     0.2940  29.170173     0.2966  29.170022     4.8314     4.9546     0.0368    97.0354 1.0000e-12  -73.95646 -118.64804  46.370323      97.32 1.8668e+01    884.901      21239  1030.6028  1030.6002     4.6032     0.0709     0.1129    34.4713    34.4682    7.97857         23 0.0000e+00
