ocean_section_plots/required_files/ctd/dnbp2202_ctd054.cnv
* Sea-Bird SBE 9 Data File:
* FileName = D:\Data\raw\NBP2202_CTD054.hex
* Software Version Seasave V 7.26.7.121
* Temperature SN = 1649
* Conductivity SN = 2513
* Number of Bytes Per Scan = 40
* Number of Voltage Words = 5
* Number of Scans Averaged by the Deck Unit = 1
* NMEA Latitude = 74 13.88 S
* NMEA Longitude = 112 30.21 W
* NMEA UTC (Time) = Jan 24 2022  09:47:08
* NMEA baud rate = 9600
** Ship: RVIB N.B. Palmer
** Cruise: NBP2202 Thwaites
** Station: Section Dotson C
** Operator: B Bjork
# nquan = 25
# nvalues = 1110                        
# units = specified
# name 0 = prDM: Pressure, Digiquartz [db]
# name 1 = depSM: Depth [salt water, m]
# name 2 = t090C: Temperature [ITS-90, deg C]
# name 3 = c0mS/cm: Conductivity [mS/cm]
# name 4 = t190C: Temperature, 2 [ITS-90, deg C]
# name 5 = c1mS/cm: Conductivity, 2 [mS/cm]
# name 6 = sbeox0ML/L: Oxygen, SBE 43 [ml/l]
# name 7 = sbeox1ML/L: Oxygen, SBE 43, 2 [ml/l]
# name 8 = flECO-AFL: Fluorescence, WET Labs ECO-AFL/FL [mg/m^3]
# name 9 = CStarTr0: Beam Transmission, WET Labs C-Star [%]
# name 10 = par: PAR/Irradiance, Biospherical/Licor
# name 11 = latitude: Latitude [deg]
# name 12 = longitude: Longitude [deg]
# name 13 = timeJ: Julian Days
# name 14 = altM: Altimeter [m]
# name 15 = spar: SPAR, Biospherical/Licor
# name 16 = timeS: Time, Elapsed [seconds]
# name 17 = scan: Scan Count
# name 18 = density00: Density [density, kg/m^3]
# name 19 = density11: Density, 2 [density, kg/m^3]
# name 20 = sal00: Salinity, Practical [PSU]
# name 21 = sal11: Salinity, Practical, 2 [PSU]
# name 22 = oxsolML/L: Oxygen Saturation, Garcia & Gordon [ml/l]
# name 23 = nbin: number of scans per bin
# name 24 = flag: flag
# span 0 =      2.000,   1111.000       
# span 1 =      1.973,   1096.574       
# span 2 =    -1.5073,     0.5104       
# span 3 =  27.080677,  29.628515       
# span 4 =    -1.5061,     0.5126       
# span 5 =  27.079518,  29.628158       
# span 6 =     4.5727,     8.4488       
# span 7 =     4.7501,     8.8512       
# span 8 =    -0.0186,    24.8066       
# span 9 =    69.3984,    97.0302       
# span 10 = 1.0000e-12, 5.7338e+01      
# span 11 =  -74.23144,  -74.23144      
# span 12 = -112.50358, -112.50354      
# span 13 =  24.410533,  24.427092      
# span 14 =       3.90,     100.12      
# span 15 = 1.5729e+02, 3.6707e+02      
# span 16 =    242.016,   1672.790      
# span 17 =       5809,      40148      
# span 18 =  1027.1830,  1032.9325      
# span 19 =  1027.1844,  1032.9302      
# span 20 =    33.7898,    34.5514      
# span 21 =    33.7906,    34.5488      
# span 22 =    7.92955,    8.39559      
# span 23 =         12,         50      
# span 24 = 0.0000e+00, 0.0000e+00      
# interval = decibars: 1                
# start_time = Jan 24 2022 09:47:08 [NMEA time, header]
# bad_flag = -9.990e-29
*END*
[from data line 58]
     60.000     59.370    -1.1641  27.197000    -1.1642  27.196758     7.5426     7.9132    15.6679    77.4542 1.0000e-12  -74.23144 -112.50356  24.411911      94.39 1.8867e+02    361.108       8668  1027.4786  1027.4784    33.8042    33.8039    8.32997         38 0.0000e+00
     61.000     60.360    -1.1663  27.196395    -1.1667  27.196016     7.5098     7.8782    13.6050    78.0705 1.0000e-12  -74.23144 -112.50356  24.411934      99.48 1.8868e+02    363.083       8715  1027.4842  1027.4842    33.8052    33.8051    8.33040         38 0.0000e+00
     62.000     61.348    -1.1718  27.192849    -1.1722  27.192457     7.4965     7.8679    12.4004    77.7552 1.0000e-12  -74.23144 -112.50356  24.411957      99.68 1.8863e+02    365.123       8764  1027.4899  1027.4899    33.8059    33.8058    8.33157         41 0.0000e+00
     63.000     62.338    -1.1728  27.192576    -1.1731  27.192279     7.4964     7.8620    12.6265    78.2814 1.0000e-12  -74.23144 -112.50356  24.411981      99.40 1.8725e+02    367.150       8813  1027.4948  1027.4948    33.8061    33.8060    8.33180         43 0.0000e+00
     64.000     63.327    -1.1731  27.193043    -1.1729  27.192914     7.4981     7.8619    13.3994    77.2683 1.0000e-12  -74.23144 -112.50356  24.412003      99.36 1.8685e+02    369.048       8858  1027.4998  1027.4995    33.8064    33.8060    8.33183         39 0.0000e+00
     65.000     64.318    -1.1724  27.193966    -1.1726  27.193635     7.4956     7.8551    11.6148    78.7275 1.0000e-12  -74.23144 -112.50356  24.412020      99.38 1.8682e+02    370.560       8894  1027.5044  1027.5043    33.8062    33.8061    8.33169         35 0.0000e+00
     66.000     65.306    -1.1717  27.195347    -1.1716  27.195381     7.4973     7.8463    10.8686    78.7823 1.0000e-12  -74.23144 -112.50356  24.412037      99.58 1.8630e+02    372.019       8929  1027.5096  1027.5095    33.8067    33.8066    8.33151         34 0.0000e+00
     67.000     66.296    -1.1700  27.197993    -1.1703  27.197402     7.4871     7.8447    11.5684    79.5197 1.0000e-12  -74.23144 -112.50356  24.412054      99.42 1.8509e+02    373.466       8964  1027.5151  1027.5147    33.8078    33.8073    8.33107         35 0.0000e+00
     68.000     67.285    -1.1696  27.198869    -1.1698  27.198516     7.4845     7.8472    13.7967    79.3060 1.0000e-12  -74.23144 -112.50356  24.412071      99.09 1.8432e+02    374.894       8998  1027.5200  1027.5198    33.8079    33.8077    8.33097         34 0.0000e+00
     69.000     68.274    -1.1704  27.198734    -1.1703  27.198595     7.4856     7.8478    12.9847    79.9046 1.0000e-12  -74.23144 -112.50356  24.412087      99.36 1.8340e+02    376.296       9032  1027.5249  1027.5247    33.8080    33.8078    8.33114         34 0.0000e+00
     70.000     69.265    -1.1704  27.199292    -1.1705  27.198995     7.4805     7.8342    13.2342    79.8535 1.0000e-12  -74.23144 -112.50356  24.412103      99.34 1.8207e+02    377.691       9066  1027.5298  1027.5296    33.8082    33.8078    8.33113         32 0.0000e+00
     71.000     70.253    -1.1708  27.199348    -1.1727  27.197702     7.4851     7.8280    13.0617    79.7456 1.0000e-12  -74.23144 -112.50355  24.412118      99.34 1.8086e+02    379.024       9098  1027.5345  1027.5346    33.8080    33.8080    8.33122         32 0.0000e+00
     72.000     71.242    -1.1715  27.199332    -1.1729  27.197981     7.4702     7.8225    13.0005    80.1084 1.0000e-12  -74.23144 -112.50356  24.412133      99.36 1.7999e+02    380.327       9129  1027.5395  1027.5394    33.8083    33.8080    8.33138         31 0.0000e+00
     73.000     72.232    -1.1749  27.197015    -1.1752  27.196498     7.4592     7.8232    11.6469    79.8127 1.0000e-12  -74.23144 -112.50355  24.412148      99.40 1.7890e+02    381.622       9160  1027.5445  1027.5443    33.8082    33.8079    8.33213         31 0.0000e+00
     74.000     73.221    -1.1776  27.195342    -1.1780  27.194744     7.4598     7.8179    11.2600    79.4508 1.0000e-12  -74.23144 -112.50355  24.412163      99.33 1.7805e+02    382.922       9191  1027.5495  1027.5493    33.8083    33.8080    8.33272         31 0.0000e+00
     75.000     74.211    -1.1775  27.195992    -1.1772  27.195846     7.4545     7.8162    10.9984    79.3902 1.0000e-12  -74.23144 -112.50356  24.412178      99.37 1.7805e+02    384.198       9222  1027.5545  1027.5540    33.8085    33.8080    8.33269         30 0.0000e+00
     76.000     75.199    -1.1771  27.196631    -1.1777  27.195999     7.4565     7.8120    10.1503    80.3743 1.0000e-12  -74.23144 -112.50354  24.412193      99.39 1.7692e+02    385.456       9252  1027.5591  1027.5589    33.8084    33.8081    8.33262         30 0.0000e+00
     77.000     76.189    -1.1788  27.195692    -1.1787  27.195506     7.4598     7.8111    10.4072    80.7178 1.0000e-12  -74.23144 -112.50355  24.412207      99.38 1.7533e+02    386.700       9282  1027.5640  1027.5637    33.8083    33.8080    8.33299         30 0.0000e+00
     78.000     77.178    -1.1787  27.196284    -1.1787  27.196010     7.4653     7.8103     9.6754    80.0427 1.0000e-12  -74.23144 -112.50355  24.412221      96.12 1.7465e+02    387.935       9311  1027.5688  1027.5685    33.8084    33.8080    8.33296         30 0.0000e+00
     79.000     78.165    -1.1781  27.197147    -1.1783  27.196812     7.4564     7.8060     9.6268    79.8219 1.0000e-12  -74.23144 -112.50356  24.412236      99.42 1.7370e+02    389.160       9341  1027.5734  1027.5732    33.8083    33.8080    8.33284         28 0.0000e+00
     80.000     79.159    -1.1782  27.197543    -1.1783  27.197153     7.4612     7.8165     9.7588    79.6898 1.0000e-12  -74.23144 -112.50356  24.412250      99.34 1.7274e+02    390.374       9370  1027.5782  1027.5779    33.8083    33.8079    8.33286         30 0.0000e+00
     81.000     80.145    -1.1791  27.197273    -1.1790  27.197082     7.4573     7.8180    10.1071    79.9576 1.0000e-12  -74.23144 -112.50356  24.412264      99.36 1.7276e+02    391.595       9399  1027.5832  1027.5828    33.8084    33.8080    8.33307         29 0.0000e+00
     82.000     81.136    -1.1791  27.197768    -1.1791  27.197449     7.4637     7.8134    10.1236    80.0631 1.0000e-12  -74.23144 -112.50356  24.412278      99.33 1.7184e+02    392.807       9428  1027.5880  1027.5876    33.8085    33.8080    8.33306         29 0.0000e+00
     83.000     82.123    -1.1790  27.198300    -1.1792  27.197800     7.4678     7.8176    10.0080    79.6378 1.0000e-12  -74.23144 -112.50356  24.412292      99.42 1.7099e+02    394.036       9458  1027.5928  1027.5924    33.8084    33.8080    8.33304         30 0.0000e+00
     84.000     83.116    -1.1793  27.198715    -1.1791  27.198670     7.4747     7.8310    10.4839    79.5336 1.0000e-12  -74.23144 -112.50356  24.412306      99.37 1.7035e+02    395.275       9488  1027.5977  1027.5975    33.8087    33.8084    8.33308         30 0.0000e+00
     85.000     84.102    -1.1770  27.201599    -1.1772  27.201095     7.4771     7.8397     9.7768    80.5863 1.0000e-12  -74.23144 -112.50356  24.412321      99.41 1.6979e+02    396.495       9517  1027.6031  1027.6027    33.8095    33.8090    8.33254         29 0.0000e+00
     86.000     85.092    -1.1769  27.202121    -1.1768  27.202010     7.4964     7.8477     9.9804    79.1898 1.0000e-12  -74.23144 -112.50356  24.412334      99.38 1.6886e+02    397.687       9545  1027.6078  1027.6075    33.8094    33.8091    8.33250         28 0.0000e+00
     87.000     86.082    -1.1770  27.202573    -1.1769  27.202272     7.5050     7.8632    10.1128    79.6992 1.0000e-12  -74.23144 -112.50356  24.412348      99.35 1.6766e+02    398.870       9574  1027.6127  1027.6122    33.8095    33.8090    8.33252         29 0.0000e+00
     88.000     87.069    -1.1744  27.205538    -1.1738  27.205707     7.5425     7.8832    10.0256    79.7289 1.0000e-12  -74.23144 -112.50356  24.412362      97.77 1.6791e+02    400.068       9603  1027.6178  1027.6174    33.8100    33.8096    8.33192         28 0.0000e+00
     89.000     88.060    -1.1730  27.207441    -1.1729  27.206983     7.5648     7.9043    10.5794    80.7458 1.0000e-12  -74.23144 -112.50356  24.412376      96.84 1.6653e+02    401.275       9632  1027.6228  1027.6222    33.8105    33.8097    8.33159         30 0.0000e+00
     90.000     89.049    -1.1702  27.210530    -1.1705  27.209714     7.5619     7.8989    10.6198    80.5394 1.0000e-12  -74.23144 -112.50356  24.412390      99.42 1.6577e+02    402.482       9661  1027.6278  1027.6272    33.8109    33.8101    8.33093         28 0.0000e+00
     91.000     90.038    -1.1696  27.211764    -1.1695  27.211342     7.4789     7.8306    10.8507    80.4561 1.0000e-12  -74.23144 -112.50356  24.412404      99.36 1.6620e+02    403.677       9689  1027.6329  1027.6324    33.8112    33.8106    8.33077         29 0.0000e+00
     92.000     91.027    -1.1765  27.207894    -1.1772  27.207382     7.3681     7.7300    10.6286    80.0759 1.0000e-12  -74.23144 -112.50356  24.412417      99.35 1.6571e+02    404.867       9718  1027.6397  1027.6398    33.8131    33.8133    8.33220         29 0.0000e+00
     93.000     92.017    -1.1952  27.196443    -1.1959  27.195896     7.2638     7.6336    11.6452    79.3727 1.0000e-12  -74.23144 -112.50356  24.412431      99.59 1.6571e+02    406.067       9747  1027.6496  1027.6497    33.8179    33.8180    8.33608         29 0.0000e+00
     94.000     93.004    -1.2090  27.187337    -1.2095  27.186951     7.1985     7.5574     9.8587    78.2033 1.0000e-12  -74.23144 -112.50356  24.412445      99.47 1.6571e+02    407.272       9776  1027.6571  1027.6572    33.8204    33.8205    8.33901         28 0.0000e+00
     95.000     93.997    -1.2183  27.181260    -1.2184  27.181183     7.1301     7.5040    10.5794    79.6973 1.0000e-12  -74.23144 -112.50356  24.412459      99.35 1.6413e+02    408.460       9804  1027.6637  1027.6637    33.8220    33.8219    8.34100         29 0.0000e+00
     96.000     94.984    -1.2279  27.175157    -1.2281  27.174927     7.0836     7.4613     9.0840    79.8103 1.0000e-12  -74.23144 -112.50356  24.412473      99.38 1.6395e+02    409.652       9833  1027.6704  1027.6704    33.8238    33.8238    8.34302         28 0.0000e+00
     97.000     95.973    -1.2369  27.169393    -1.2371  27.169074     7.0668     7.4255     9.0999    79.1339 1.0000e-12  -74.23144 -112.50356  24.412487      99.46 1.6395e+02    410.843       9861  1027.6770  1027.6768    33.8255    33.8253    8.34495         29 0.0000e+00
     98.000     96.962    -1.2418  27.166557    -1.2421  27.166117     7.0423     7.4002     8.7257    80.5694 1.0000e-12  -74.23144 -112.50356  24.412500      99.38 1.6395e+02    412.041       9890  1027.6827  1027.6825    33.8265    33.8263    8.34598         29 0.0000e+00
     99.000     97.952    -1.2459  27.164200    -1.2460  27.163908     7.0114     7.3738     8.0613    81.1432 1.0000e-12  -74.23144 -112.50356  24.412514      99.45 1.6395e+02    413.243       9919  1027.6882  1027.6880    33.8273    33.8270    8.34685         29 0.0000e+00
    100.000     98.941    -1.2518  27.160730    -1.2520  27.160420     6.9920     7.3457     7.9452    79.7585 1.0000e-12  -74.23144 -112.50356  24.412528      96.79 1.6395e+02    414.440       9948  1027.6942  1027.6941    33.8285    33.8283    8.34808         29 0.0000e+00
    101.000     99.930    -1.2570  27.157761    -1.2571  27.157489     6.9853     7.3314     7.5035    80.7268 1.0000e-12  -74.23144 -112.50356  24.412542      99.43 1.6395e+02    415.630       9976  1027.7002  1027.7000    33.8298    33.8295    8.34918         28 0.0000e+00
    102.000    100.919    -1.2586  27.157232    -1.2586  27.156976     6.9669     7.3100     7.2613    81.9561 1.0000e-12  -74.23144 -112.50356  24.412556      99.59 1.6395e+02    416.828      10005  1027.7054  1027.7050    33.8302    33.8298    8.34951         29 0.0000e+00
    103.000    101.909    -1.2603  27.156721    -1.2602  27.156631     6.9322     7.2801     6.7421    82.8076 1.0000e-12  -74.23144 -112.50356  24.412570      99.58 1.6395e+02    418.031      10034  1027.7106  1027.7103    33.8308    33.8305    8.34986         28 0.0000e+00
    104.000    102.897    -1.2650  27.154648    -1.2659  27.153852     6.9048     7.2460     6.7963    82.5531 1.0000e-12  -74.23144 -112.50356  24.412584      99.48 1.6395e+02    419.218      10062  1027.7170  1027.7170    33.8326    33.8325    8.35079         29 0.0000e+00
    105.000    103.886    -1.2706  27.151859    -1.2710  27.151311     6.8759     7.2208     7.3243    82.7485 1.0000e-12  -74.23144 -112.50356  24.412597      99.51 1.6395e+02    420.405      10091  1027.7236  1027.7233    33.8345    33.8342    8.35194         28 0.0000e+00
    106.000    104.876    -1.2752  27.149786    -1.2746  27.149816     6.8731     7.2074     5.7960    84.0110 1.0000e-12  -74.23144 -112.50356  24.412611      99.55 1.6395e+02    421.597      10119  1027.7299  1027.7294    33.8363    33.8356    8.35286         29 0.0000e+00
    107.000    105.864    -1.2769  27.149228    -1.2761  27.149392     6.8767     7.1936     5.7378    83.5373 1.0000e-12  -74.23144 -112.50356  24.412625      99.51 1.6395e+02    422.789      10148  1027.7351  1027.7346    33.8368    33.8361    8.35321         28 0.0000e+00
    108.000    106.854    -1.2781  27.148967    -1.2785  27.148295     6.8717     7.1958     5.7945    83.9532 1.0000e-12  -74.23144 -112.50356  24.412639      99.62 1.6395e+02    423.983      10177  1027.7402  1027.7399    33.8371    33.8367    8.35345         30 0.0000e+00
    109.000    107.844    -1.2763  27.150710    -1.2771  27.149774     6.8701     7.1923     6.1365    85.5494 1.0000e-12  -74.23144 -112.50356  24.412653      99.59 1.6395e+02    425.190      10206  1027.7446  1027.7443    33.8369    33.8365    8.35308         29 0.0000e+00
    110.000    108.831    -1.2777  27.150098    -1.2776  27.149825     6.8727     7.1924     5.8719    85.1366 1.0000e-12  -74.23144 -112.50356  24.412667      96.91 1.6395e+02    426.397      10235  1027.7495  1027.7491    33.8370    33.8365    8.35338         28 0.0000e+00
    111.000    109.822    -1.2792  27.149588    -1.2795  27.148987     6.8689     7.1888     5.8596    85.7160 1.0000e-12  -74.23144 -112.50355  24.412680      99.67 1.6395e+02    427.591      10263  1027.7547  1027.7543    33.8375    33.8369    8.35370         29 0.0000e+00
    112.000    110.810    -1.2788  27.150375    -1.2779  27.150511     6.8664     7.1771     5.9101    86.0962 1.0000e-12  -74.23144 -112.50355  24.412694      99.57 1.6395e+02    428.776      10292  1027.7593  1027.7586    33.8374    33.8366    8.35360         28 0.0000e+00
    113.000    111.800    -1.2799  27.150052    -1.2797  27.149760     6.8392     7.1458     5.8585    85.8285 1.0000e-12  -74.23144 -112.50355  24.412708      99.63 1.6395e+02    429.968      10320  1027.7643  1027.7638    33.8376    33.8370    8.35384         29 0.0000e+00
    114.000    112.789    -1.2831  27.147905    -1.2877  27.144495     6.8082     7.1294     5.9349    85.6188 1.0000e-12  -74.23144 -112.50354  24.412722      99.64 1.6395e+02    431.154      10349  1027.7693  1027.7700    33.8376    33.8382    8.35455         29 0.0000e+00
    115.000    113.778    -1.2921  27.142177    -1.2922  27.141595     6.8112     7.1252     5.1654    86.1464 1.0000e-12  -74.23144 -112.50356  24.412736      99.67 1.6395e+02    432.351      10377  1027.7760  1027.7754    33.8393    33.8387    8.35646         29 0.0000e+00
    116.000    114.767    -1.2926  27.142337    -1.2921  27.142196     6.8120     7.1280     5.2545    86.5142 1.0000e-12  -74.23144 -112.50355  24.412749      99.70 1.6478e+02    433.549      10406  1027.7808  1027.7802    33.8394    33.8388    8.35656         28 0.0000e+00
