ocean_section_plots/required_files/ctd/dnbp2202_ctd096.cnv
* Sea-Bird SBE 9 Data File:
* FileName = D:\Data\raw\NBP2202_CTD096.hex
* Software Version Seasave V 7.26.7.121
* Temperature SN = 1649
* Conductivity SN = 2513
* Number of Bytes Per Scan = 40
* Number of Voltage Words = 5
* Number of Scans Averaged by the Deck Unit = 1
* NMEA Latitude = 74 10.51 S
* NMEA Longitude = 113 20.67 W
* NMEA UTC (Time) = Jan 27 2022  00:30:53
* NMEA baud rate = 9600
** Ship: RVIB N.B. Palmer
** Cruise: NBP2202 Thwaites
** Station: YoYo001
** Operator: A. Robinson
# nquan = 25
# nvalues = 608                         
# units = specified
# name 0 = prDM: Pressure, Digiquartz [db]
# name 1 = depSM: Depth [salt water, m]
# name 2 = t090C: Temperature [ITS-90, deg C]
# name 3 = c0mS/cm: Conductivity [mS/cm]
# name 4 = t190C: Temperature, 2 [ITS-90, deg C]
# name 5 = c1mS/cm: Conductivity, 2 [mS/cm]
# name 6 = sbeox0ML/L: Oxygen, SBE 43 [ml/l]
# name 7 = sbeox1ML/L: Oxygen, SBE 43, 2 [ml/l]
# name 8 = flECO-AFL: Fluorescence, WET Labs ECO-AFL/FL [mg/m^3]
# name 9 = CStarTr0: Beam Transmission, WET Labs C-Star [%]
# name 10 = par: PAR/Irradiance, Biospherical/Licor
# name 11 = latitude: Latitude [deg]
# name 12 = longitude: Longitude [deg]
# name 13 = timeJ: Julian Days
# name 14 = altM: Altimeter [m]
# name 15 = spar: SPAR, Biospherical/Licor
# name 16 = timeS: Time, Elapsed [seconds]
# name 17 = scan: Scan Count
# name 18 = density00: Density [density, kg/m^3]
# name 19 = density11: Density, 2 [density, kg/m^3]
# name 20 = sal00: Salinity, Practical [PSU]
# name 21 = sal11: Salinity, Practical, 2 [PSU]
# name 22 = oxsolML/L: Oxygen Saturation, Garcia & Gordon [ml/l]
# name 23 = nbin: number of scans per bin
# name 24 = flag: flag
# span 0 =     10.000,    617.000       
# span 1 =      9.896,    609.706       
# span 2 =    -1.5211,     0.0870       
# span 3 =  26.920193,  28.922539       
# span 4 =    -1.5194,     0.0891       
# span 5 =  26.920589,  28.922354       
# span 6 =     4.6862,     8.1157       
# span 7 =     4.7457,     7.9836       
# span 8 =    -0.0224,    19.9576       
# span 9 =    73.2474,    95.5171       
# span 10 = 1.0000e-12, 5.1978e+01      
# span 11 =  -74.17530,  -74.17528      
# span 12 = -113.34458, -113.34454      
# span 13 =  27.021890,  27.031332      
# span 14 =       4.51,     100.01      
# span 15 = 1.6917e+03, 1.7115e+03      
# span 16 =     38.294,    854.070      
# span 17 =        920,      20499      
# span 18 =  1027.2272,  1030.5222      
# span 19 =  1027.2258,  1030.5201      
# span 20 =    33.7939,    34.3802      
# span 21 =    33.7922,    34.3776      
# span 22 =    8.02676,    8.40913      
# span 23 =         18,         47      
# span 24 = 0.0000e+00, 0.0000e+00      
# interval = decibars: 1                
# start_time = Jan 27 2022 00:30:53 [NMEA time, header]
# bad_flag = -9.990e-29
*END*
[from data line 522]
    532.000    525.819     0.0134  28.807414     0.0158  28.807353     4.7109     4.7744    -0.0091    94.9249 1.0000e-12  -74.17530 -113.34456  27.029295      91.57 1.6941e+03    678.091      16275  1030.1111  1030.1087    34.3604    34.3576    8.04330         27 0.0000e+00
    533.000    526.805     0.0174  28.811783     0.0195  28.811467     4.7114     4.7727    -0.0018    94.9248 1.0000e-12  -74.17530 -113.34456  27.029308      90.41 1.6945e+03    679.202      16302  1030.1160  1030.1137    34.3611    34.3583    8.04242         27 0.0000e+00
    534.000    527.792     0.0208  28.815682     0.0232  28.815607     4.7089     4.7744    -0.0071    94.9130 1.0000e-12  -74.17530 -113.34456  27.029321      89.72 1.6944e+03    680.307      16328  1030.1211  1030.1187    34.3618    34.3590    8.04166         26 0.0000e+00
    535.000    528.780     0.0230  28.818689     0.0253  28.818703     4.7113     4.7682    -0.0150    94.9324 1.0000e-12  -74.17530 -113.34456  27.029334      88.73 1.6948e+03    681.417      16355  1030.1263  1030.1241    34.3627    34.3602    8.04115         27 0.0000e+00
    536.000    529.767     0.0252  28.821477     0.0272  28.820953     4.7004     4.7683    -0.0023    94.9362 1.0000e-12  -74.17530 -113.34456  27.029347      87.69 1.6958e+03    682.543      16382  1030.1314  1030.1290    34.3633    34.3604    8.04065         27 0.0000e+00
    537.000    530.754     0.0299  28.826354     0.0323  28.826141     4.7085     4.7718    -0.0085    94.9305 1.0000e-12  -74.17530 -113.34456  27.029360      86.73 1.6944e+03    683.668      16409  1030.1363  1030.1337    34.3639    34.3610    8.03963         27 0.0000e+00
    538.000    531.742     0.0297  28.826913     0.0317  28.826589     4.7057     4.7725    -0.0093    94.9457 1.0000e-12  -74.17530 -113.34456  27.029373      85.70 1.6941e+03    684.786      16436  1030.1413  1030.1391    34.3643    34.3617    8.03965         27 0.0000e+00
    539.000    532.728     0.0305  28.828275     0.0325  28.827853     4.7044     4.7695    -0.0010    94.9448 1.0000e-12  -74.17530 -113.34456  27.029386      84.71 1.6941e+03    685.906      16463  1030.1463  1030.1440    34.3646    34.3619    8.03946         27 0.0000e+00
    540.000    533.714     0.0311  28.829278     0.0332  28.829030     4.7017     4.7637    -0.0012    94.9307 1.0000e-12  -74.17530 -113.34456  27.029398      83.44 1.6941e+03    687.028      16490  1030.1511  1030.1488    34.3648    34.3620    8.03934         27 0.0000e+00
    541.000    534.701     0.0313  28.829927     0.0335  28.829663     4.6983     4.7691    -0.0097    94.9417 1.0000e-12  -74.17530 -113.34456  27.029411      82.40 1.6943e+03    688.144      16516  1030.1559  1030.1535    34.3648    34.3620    8.03930         26 0.0000e+00
    542.000    535.690     0.0316  28.830466     0.0336  28.830151     4.7009     4.7717    -0.0156    94.9403 1.0000e-12  -74.17530 -113.34456  27.029425      81.49 1.6953e+03    689.280      16544  1030.1605  1030.1582    34.3646    34.3620    8.03925         28 0.0000e+00
    543.000    536.676     0.0320  28.831216     0.0343  28.831344     4.7040     4.7674    -0.0093    94.9726 1.0000e-12  -74.17530 -113.34456  27.029438      80.57 1.6956e+03    690.422      16571  1030.1651  1030.1630    34.3645    34.3621    8.03916         27 0.0000e+00
    544.000    537.664     0.0319  28.831917     0.0341  28.831754     4.7040     4.7611    -0.0082    94.9677 1.0000e-12  -74.17529 -113.34456  27.029451      80.02 1.6950e+03    691.543      16598  1030.1702  1030.1679    34.3649    34.3622    8.03916         27 0.0000e+00
    545.000    538.650     0.0319  28.832383     0.0344  28.832505     4.7057     4.7665    -0.0094    94.9385 1.0000e-12  -74.17528 -113.34456  27.029464      78.80 1.6941e+03    692.656      16625  1030.1750  1030.1727    34.3650    34.3624    8.03916         26 0.0000e+00
    546.000    539.637     0.0309  28.831881     0.0344  28.832813     4.7103     4.7709    -0.0164    94.9410 1.0000e-12  -74.17528 -113.34456  27.029476      77.08 1.6946e+03    693.759      16651  1030.1797  1030.1773    34.3649    34.3622    8.03938         27 0.0000e+00
    547.000    540.626     0.0294  28.830584     0.0315  28.830386     4.7090     4.7690    -0.0161    94.9566 1.0000e-12  -74.17528 -113.34456  27.029489      76.23 1.6947e+03    694.861      16678  1030.1841  1030.1819    34.3642    34.3617    8.03972         26 0.0000e+00
    548.000    541.611     0.0283  28.829902     0.0309  28.830126     4.7068     4.7701    -0.0148    94.9468 1.0000e-12  -74.17528 -113.34456  27.029502      75.50 1.6944e+03    695.976      16704  1030.1887  1030.1864    34.3639    34.3614    8.03996         28 0.0000e+00
    549.000    542.599     0.0281  28.830140     0.0314  28.831120     4.7060     4.7699    -0.0064    94.9486 1.0000e-12  -74.17528 -113.34456  27.029515      74.48 1.6953e+03    697.093      16731  1030.1934  1030.1912    34.3640    34.3615    8.04002         26 0.0000e+00
    550.000    543.586     0.0295  28.831975     0.0319  28.832046     4.7069     4.7708     0.0048    94.9544 1.0000e-12  -74.17528 -113.34456  27.029528      73.72 1.6953e+03    698.218      16758  1030.1982  1030.1959    34.3642    34.3616    8.03970         27 0.0000e+00
    551.000    544.573     0.0299  28.832726     0.0315  28.832006     4.7064     4.7721    -0.0043    94.9573 1.0000e-12  -74.17528 -113.34456  27.029541      72.45 1.6959e+03    699.353      16785  1030.2028  1030.2005    34.3642    34.3614    8.03962         27 0.0000e+00
    552.000    545.559     0.0291  28.832341     0.0314  28.832323     4.7079     4.7723    -0.0122    94.9348 1.0000e-12  -74.17528 -113.34456  27.029554      71.52 1.6959e+03    700.482      16813  1030.2075  1030.2052    34.3639    34.3614    8.03980         27 0.0000e+00
    553.000    546.548     0.0279  28.831676     0.0298  28.831209     4.7054     4.7704    -0.0042    94.9486 1.0000e-12  -74.17530 -113.34456  27.029567      70.29 1.6959e+03    701.585      16839  1030.2122  1030.2099    34.3638    34.3611    8.04005         27 0.0000e+00
    554.000    547.534     0.0279  28.832079     0.0300  28.831829     4.7064     4.7730    -0.0106    94.9533 1.0000e-12  -74.17530 -113.34456  27.029580      69.50 1.6959e+03    702.688      16866  1030.2169  1030.2146    34.3638    34.3611    8.04006         27 0.0000e+00
    555.000    548.521     0.0277  28.832452     0.0298  28.832044     4.7052     4.7726    -0.0134    94.9362 1.0000e-12  -74.17530 -113.34456  27.029593      68.34 1.6959e+03    703.853      16893  1030.2217  1030.2193    34.3639    34.3611    8.04009         26 0.0000e+00
    556.000    549.509     0.0293  28.834724     0.0301  28.832821     4.7064     4.7706    -0.0119    94.9417 1.0000e-12  -74.17530 -113.34456  27.029607      67.55 1.6959e+03    705.079      16923  1030.2268  1030.2240    34.3646    34.3611    8.03973         29 0.0000e+00
    557.000    550.494     0.0367  28.843386     0.0384  28.842704     4.7025     4.7723    -0.0122    94.9240 1.0000e-12  -74.17530 -113.34456  27.029622      66.44 1.6959e+03    706.318      16953  1030.2329  1030.2305    34.3672    34.3644    8.03804         29 0.0000e+00
    558.000    551.481     0.0376  28.844982     0.0399  28.844990     4.7068     4.7736    -0.0101    94.9698 1.0000e-12  -74.17530 -113.34456  27.029636      65.24 1.6959e+03    707.554      16982  1030.2379  1030.2357    34.3677    34.3650    8.03782         30 0.0000e+00
    559.000    552.469     0.0349  28.842519     0.0368  28.841926     4.7102     4.7765    -0.0140    94.9590 1.0000e-12  -74.17530 -113.34456  27.029650      64.43 1.6952e+03    708.800      17012  1030.2423  1030.2398    34.3668    34.3639    8.03843         30 0.0000e+00
    560.000    553.456     0.0347  28.842482     0.0358  28.841098     4.7085     4.7710    -0.0092    94.9495 1.0000e-12  -74.17530 -113.34456  27.029665      63.72 1.6949e+03    710.055      17042  1030.2467  1030.2442    34.3664    34.3634    8.03849         30 0.0000e+00
    561.000    554.443     0.0327  28.840603     0.0361  28.841827     4.7069     4.7654    -0.0143    94.9704 1.0000e-12  -74.17530 -113.34456  27.029680      62.19 1.6950e+03    711.341      17073  1030.2510  1030.2489    34.3656    34.3634    8.03896         31 0.0000e+00
    562.000    555.430     0.0356  28.844386     0.0370  28.843390     4.7045     4.7685    -0.0058    94.9736 1.0000e-12  -74.17530 -113.34456  27.029695      61.21 1.6954e+03    712.658      17105  1030.2562  1030.2539    34.3667    34.3639    8.03828         32 0.0000e+00
    563.000    556.417     0.0354  28.844625     0.0373  28.844151     4.7073     4.7718    -0.0098    94.9647 1.0000e-12  -74.17530 -113.34456  27.029710      60.04 1.6959e+03    713.981      17137  1030.2609  1030.2586    34.3666    34.3639    8.03832         32 0.0000e+00
    564.000    557.404     0.0381  28.848171     0.0400  28.847479     4.7046     4.7708    -0.0107    94.9671 1.0000e-12  -74.17530 -113.34456  27.029726      59.59 1.6959e+03    715.306      17168  1030.2663  1030.2638    34.3677    34.3648    8.03770         32 0.0000e+00
    565.000    558.390     0.0387  28.849397     0.0409  28.849285     4.7067     4.7712    -0.0094    94.9667 1.0000e-12  -74.17530 -113.34456  27.029741      58.39 1.6957e+03    716.635      17200  1030.2713  1030.2690    34.3681    34.3655    8.03755         30 0.0000e+00
    566.000    559.377     0.0397  28.851288     0.0421  28.851404     4.7042     4.7744    -0.0135    94.9713 1.0000e-12  -74.17530 -113.34456  27.029757      57.24 1.6946e+03    718.006      17233  1030.2765  1030.2744    34.3689    34.3664    8.03730         33 0.0000e+00
    567.000    560.365     0.0405  28.852761     0.0426  28.852621     4.7049     4.7667    -0.0079    94.9637 1.0000e-12  -74.17530 -113.34456  27.029773      56.15 1.6953e+03    719.402      17267  1030.2816  1030.2794    34.3694    34.3668    8.03711         34 0.0000e+00
    568.000    561.351     0.0405  28.853168     0.0427  28.853084     4.7005     4.7650    -0.0022    94.9455 1.0000e-12  -74.17530 -113.34456  27.029789      55.16 1.6945e+03    720.789      17300  1030.2863  1030.2841    34.3694    34.3668    8.03711         33 0.0000e+00
    569.000    562.338     0.0410  28.854271     0.0431  28.854222     4.7055     4.7673    -0.0035    94.9589 1.0000e-12  -74.17530 -113.34456  27.029805      53.65 1.6952e+03    722.180      17333  1030.2912  1030.2891    34.3696    34.3672    8.03699         33 0.0000e+00
    570.000    563.326     0.0415  28.855347     0.0436  28.855180     4.7062     4.7679    -0.0098    94.9550 1.0000e-12  -74.17530 -113.34456  27.029822      52.94 1.6959e+03    723.614      17368  1030.2961  1030.2939    34.3699    34.3674    8.03687         36 0.0000e+00
    571.000    564.313     0.0417  28.856146     0.0439  28.855966     4.7064     4.7701    -0.0110    94.9470 1.0000e-12  -74.17530 -113.34456  27.029840      52.06 1.6962e+03    725.187      17405  1030.3010  1030.2987    34.3701    34.3675    8.03680         36 0.0000e+00
    572.000    565.300     0.0421  28.857047     0.0443  28.856892     4.7018     4.7700    -0.0050    94.9486 1.0000e-12  -74.17530 -113.34456  27.029859      50.91 1.6953e+03    726.844      17445  1030.3058  1030.3035    34.3703    34.3676    8.03672         40 0.0000e+00
    573.000    566.286     0.0431  28.858624     0.0453  28.858453     4.7023     4.7696    -0.0117    94.9221 1.0000e-12  -74.17530 -113.34456  27.029879      49.86 1.6946e+03    728.527      17486  1030.3107  1030.3085    34.3706    34.3680    8.03648         40 0.0000e+00
    574.000    567.272     0.0455  28.861598     0.0474  28.861210     4.7021     4.7652    -0.0122    94.9554 1.0000e-12  -74.17530 -113.34456  27.029898      49.15 1.6954e+03    730.160      17525  1030.3157  1030.3135    34.3713    34.3687    8.03594         34 0.0000e+00
    575.000    568.260     0.0457  28.862456     0.0479  28.862178     4.7039     4.7614    -0.0051    94.9369 1.0000e-12  -74.17530 -113.34456  27.029916      47.88 1.6951e+03    731.781      17564  1030.3207  1030.3184    34.3716    34.3689    8.03588         40 0.0000e+00
    576.000    569.247     0.0465  28.863671     0.0485  28.863430     4.7075     4.7657    -0.0085    94.9569 1.0000e-12  -74.17530 -113.34456  27.029936      46.94 1.6942e+03    733.492      17605  1030.3255  1030.3233    34.3718    34.3692    8.03571         43 0.0000e+00
    577.000    570.234     0.0473  28.865019     0.0494  28.864810     4.7076     4.7663    -0.0137    94.9424 1.0000e-12  -74.17530 -113.34456  27.029957      45.83 1.6941e+03    735.251      17647  1030.3303  1030.3282    34.3720    34.3695    8.03552         36 0.0000e+00
    578.000    571.222     0.0479  28.866149     0.0501  28.866017     4.7046     4.7672    -0.0128    94.9551 1.0000e-12  -74.17530 -113.34456  27.029977      44.97 1.6941e+03    736.979      17688  1030.3352  1030.3330    34.3723    34.3697    8.03539         34 0.0000e+00
    579.000    572.206     0.0489  28.867802     0.0511  28.867529     4.7033     4.7681    -0.0090    94.9619 1.0000e-12  -74.17530 -113.34456  27.029997      43.85 1.6941e+03    738.743      17731  1030.3402  1030.3379    34.3728    34.3700    8.03515         38 0.0000e+00
    580.000    573.195     0.0508  28.870233     0.0531  28.870167     4.7042     4.7683    -0.0133    94.9293 1.0000e-12  -74.17530 -113.34456  27.030019      42.69 1.6941e+03    740.606      17776  1030.3452  1030.3429    34.3733    34.3706    8.03473         38 0.0000e+00
    581.000    574.181     0.0516  28.871337     0.0537  28.871141     4.7033     4.7680    -0.0157    94.9323 1.0000e-12  -74.17530 -113.34456  27.030040      41.76 1.6935e+03    742.492      17821  1030.3499  1030.3477    34.3733    34.3707    8.03457         44 0.0000e+00
    582.000    575.169     0.0514  28.871567     0.0535  28.871380     4.7030     4.7664    -0.0105    94.9618 1.0000e-12  -74.17530 -113.34456  27.030062      40.77 1.6932e+03    744.359      17866  1030.3546  1030.3523    34.3732    34.3706    8.03461         42 0.0000e+00
    583.000    576.156     0.0514  28.872068     0.0536  28.871869     4.6994     4.7648    -0.0067    94.9520 1.0000e-12  -74.17530 -113.34456  27.030083      39.77 1.6941e+03    746.197      17910  1030.3594  1030.3570    34.3733    34.3706    8.03460         38 0.0000e+00
    584.000    577.142     0.0515  28.872671     0.0537  28.872432     4.7013     4.7669    -0.0037    94.9486 1.0000e-12  -74.17530 -113.34456  27.030104      38.81 1.6934e+03    748.025      17954  1030.3641  1030.3618    34.3733    34.3706    8.03457         43 0.0000e+00
    585.000    578.129     0.0518  28.873344     0.0540  28.873181     4.7015     4.7660    -0.0126    94.9556 1.0000e-12  -74.17530 -113.34456  27.030127      37.69 1.6926e+03    749.938      18000  1030.3688  1030.3665    34.3733    34.3707    8.03451         41 0.0000e+00
    586.000    579.116     0.0520  28.874059     0.0544  28.874112     4.7050     4.7636    -0.0105    94.9552 1.0000e-12  -74.17530 -113.34456  27.030149      36.38 1.6924e+03    751.897      18047  1030.3735  1030.3714    34.3734    34.3709    8.03446         43 0.0000e+00
    587.000    580.103     0.0535  28.876008     0.0559  28.876089     4.7033     4.7664    -0.0152    94.9597 1.0000e-12  -74.17530 -113.34456  27.030171      35.73 1.6925e+03    753.771      18092  1030.3784  1030.3762    34.3738    34.3712    8.03413         44 0.0000e+00
    588.000    581.090     0.0528  28.875721     0.0550  28.875579     4.6975     4.7674    -0.0157    94.9597 1.0000e-12  -74.17530 -113.34456  27.030193      34.59 1.6930e+03    755.636      18136  1030.3831  1030.3808    34.3736    34.3710    8.03429         42 0.0000e+00
