ocean_section_plots/required_files/ctd/dnbp2202_ctd186.cnv
* Sea-Bird SBE 9 Data File:
* FileName = D:\Data\raw\NBP2202_CTD186.hex
* Software Version Seasave V 7.26.7.121
* Temperature SN = 1649
* Conductivity SN = 2513
* Number of Bytes Per Scan = 40
* Number of Voltage Words = 5
* Number of Scans Averaged by the Deck Unit = 1
* NMEA Latitude = 74 10.07 S
* NMEA Longitude = 113 24.62 W
* NMEA UTC (Time) = Feb 07 2022  07:20:24
* NMEA baud rate = 9600
** Ship: RVIB N.B. Palmer
** Cruise: NBP2202 Thwaites
** Station: 107-
** Operator: B Bjork
# nquan = 28
# nvalues = 269                         
# units = specified
# name 0 = prDM: Pressure, Digiquartz [db]
# name 1 = depSM: Depth [salt water, m]
# name 2 = t090C: Temperature [ITS-90, deg C]
# name 3 = c0mS/cm: Conductivity [mS/cm]
# name 4 = t190C: Temperature, 2 [ITS-90, deg C]
# name 5 = c1mS/cm: Conductivity, 2 [mS/cm]
# name 6 = sbeox0ML/L: Oxygen, SBE 43 [ml/l]
# name 7 = sbeox1ML/L: Oxygen, SBE 43, 2 [ml/l]
# name 8 = flECO-AFL: Fluorescence, WET Labs ECO-AFL/FL [mg/m^3]
# name 9 = CStarTr0: Beam Transmission, WET Labs C-Star [%]
# name 10 = par: PAR/Irradiance, Biospherical/Licor
# name 11 = latitude: Latitude [deg]
# name 12 = longitude: Longitude [deg]
# name 13 = timeJ: Julian Days
# name 14 = altM: Altimeter [m]
# name 15 = spar: SPAR, Biospherical/Licor
# name 16 = timeS: Time, Elapsed [seconds]
# name 17 = scan: Scan Count
# name 18 = density00: Density [density, kg/m^3]
# name 19 = density11: Density, 2 [density, kg/m^3]
# name 20 = v3: Voltage 3
# name 21 = v4: Voltage 4
# name 22 = v5: Voltage 5
# name 23 = sal00: Salinity, Practical [PSU]
# name 24 = sal11: Salinity, Practical, 2 [PSU]
# name 25 = oxsolML/L: Oxygen Saturation, Garcia & Gordon [ml/l]
# name 26 = nbin: number of scans per bin
# name 27 = flag: flag
# span 0 =      2.000,    270.000       
# span 1 =      1.978,    267.033       
# span 2 =    -1.4225,    -0.7466       
# span 3 =  27.019361,  27.840343       
# span 4 =    -1.4230,    -0.7456       
# span 5 =  27.018916,  27.839697       
# span 6 =     5.0174,     9.0008       
# span 7 =     5.1534,     9.2702       
# span 8 =    -0.0200,    26.4073       
# span 9 =    75.0574,    98.4158       
# span 10 = -1.897e-04, 6.8955e+00      
# span 11 =  -74.16792,  -74.16792      
# span 12 = -113.41050, -113.41047      
# span 13 =  38.308424,  38.313144      
# span 14 =       4.08,     100.67      
# span 15 = 2.4680e+01, 3.0501e+01      
# span 16 =    223.878,    631.643      
# span 17 =       5374,      15160      
# span 18 =  1027.1741,  1028.6867      
# span 19 =  1027.1747,  1028.6852      
# span 20 =     3.5618,     4.6687      
# span 21 =     0.0630,     3.8252      
# span 22 =     0.1240,     0.2575      
# span 23 =    33.7858,    34.0794      
# span 24 =    33.7869,    34.0774      
# span 25 =    8.22191,    8.38441      
# span 26 =         22,         48      
# span 27 = 0.0000e+00, 0.0000e+00      
# interval = decibars: 1                
# start_time = Feb 07 2022 07:20:24 [NMEA time, header]
# bad_flag = -9.990e-29
*END*
[from data line 52]
     54.000     53.433    -1.4225  27.023325    -1.4228  27.023919     5.7526     5.9122     1.8106    90.7693 1.0000e-12  -74.16792 -113.41049  38.309570      99.71 2.4680e+01    322.862       7750  1027.5061  1027.5070     4.3061     0.7279     0.1311    33.8618    33.8629    8.38441         37 0.0000e+00
     55.000     54.424    -1.4223  27.024201    -1.4228  27.024531     5.7427     5.8963     1.6465    91.9016 1.0000e-12  -74.16792 -113.41049  38.309591      96.69 2.4680e+01    324.687       7793  1027.5110  1027.5118     4.3598     0.6218     0.1368    33.8621    33.8632    8.38434         36 0.0000e+00
     56.000     55.413    -1.4224  27.024699    -1.4230  27.024855     5.7423     5.8940     2.2870    92.9149 1.0000e-12  -74.16792 -113.41050  38.309612      96.57 2.4680e+01    326.511       7837  1027.5157  1027.5164     4.4078     0.7135     0.1532    33.8623    33.8632    8.38436         44 0.0000e+00
     57.000     56.402    -1.4222  27.025381    -1.4228  27.025436     5.7255     5.8812     1.8882    94.3512 1.0000e-12  -74.16792 -113.41050  38.309633      99.67 2.4680e+01    328.302       7880  1027.5204  1027.5210     4.4759     0.8165     0.1354    33.8624    33.8631    8.38431         42 0.0000e+00
     58.000     57.394    -1.4204  27.028185    -1.4215  27.027578     5.7089     5.8610     1.7974    94.4044 1.0000e-12  -74.16792 -113.41050  38.309654      99.77 2.4680e+01    330.136       7924  1027.5259  1027.5263     4.4785     0.4792     0.1325    33.8636    33.8639    8.38383         37 0.0000e+00
     59.000     58.381    -1.4202  27.028936    -1.4207  27.028978     5.6918     5.8477     1.8091    95.1117 1.0000e-12  -74.16792 -113.41050  38.309675      99.80 2.4680e+01    331.962       7968  1027.5308  1027.5313     4.5120     0.3932     0.1292    33.8638    33.8643    8.38377         36 0.0000e+00
     60.000     59.370    -1.4191  27.030630    -1.4197  27.030500     5.6716     5.8353     1.7010    95.4781 1.0000e-12  -74.16792 -113.41050  38.309695      99.81 2.4680e+01    333.638       8008  1027.5359  1027.5363     4.5294     0.2832     0.1277    33.8642    33.8647    8.38350         40 0.0000e+00
     61.000     60.360    -1.4166  27.034008    -1.4173  27.033585     5.6537     5.8129     1.3958    95.6270 1.0000e-12  -74.16792 -113.41050  38.309714      99.80 2.4680e+01    335.268       8047  1027.5414  1027.5416     4.5364     0.3366     0.1334    33.8653    33.8656    8.38285         37 0.0000e+00
     62.000     61.349    -1.4120  27.039311    -1.4124  27.039230     5.6346     5.7931     2.0387    95.0028 1.0000e-12  -74.16792 -113.41050  38.309732      99.78 2.4680e+01    336.867       8086  1027.5472  1027.5474     4.5069     0.4626     0.1280    33.8669    33.8672    8.38174         36 0.0000e+00
     63.000     62.339    -1.4079  27.044385    -1.4084  27.044323     5.6243     5.7890     1.3365    96.1130 1.0000e-12  -74.16792 -113.41049  38.309749      96.65 2.4680e+01    338.356       8122  1027.5532  1027.5535     4.5594     0.2626     0.1301    33.8686    33.8690    8.38072         36 0.0000e+00
     64.000     63.328    -1.4044  27.048649    -1.4054  27.047989     5.6131     5.7721     1.8766    96.1422 1.0000e-12  -74.16792 -113.41049  38.309766      98.45 2.4680e+01    339.811       8156  1027.5588  1027.5590     4.5609     0.3957     0.1282    33.8698    33.8700    8.37985         34 0.0000e+00
     65.000     64.317    -1.4001  27.053573    -1.4004  27.053532     5.6067     5.7674     1.2927    96.1240 1.0000e-12  -74.16792 -113.41048  38.309783      99.82 2.4680e+01    341.209       8190  1027.5644  1027.5647     4.5600     0.3202     0.1278    33.8711    33.8715    8.37881         32 0.0000e+00
     66.000     65.307    -1.3982  27.056069    -1.3979  27.056657     5.6106     5.7627     1.0498    96.6631 1.0000e-12  -74.16792 -113.41048  38.309798      99.80 2.4680e+01    342.576       8223  1027.5697  1027.5701     4.5856     0.2997     0.1302    33.8718    33.8723    8.37835         34 0.0000e+00
     67.000     66.295    -1.3971  27.057735    -1.3971  27.057900     5.6183     5.7631     1.1409    96.6021 1.0000e-12  -74.16792 -113.41048  38.309814      99.82 2.4680e+01    343.952       8256  1027.5748  1027.5750     4.5827     0.2057     0.1312    33.8722    33.8725    8.37807         31 0.0000e+00
     68.000     67.285    -1.3916  27.063412    -1.3925  27.062741     5.6111     5.7626     1.1119    96.8561 1.0000e-12  -74.16792 -113.41048  38.309830      99.80 2.4680e+01    345.332       8289  1027.5801  1027.5802     4.5947     0.2974     0.1278    33.8732    33.8732    8.37678         33 0.0000e+00
     69.000     68.275    -1.3863  27.069219    -1.3870  27.068507     5.6135     5.7661     0.8474    97.1621 1.0000e-12  -74.16792 -113.41048  38.309846      99.81 2.4680e+01    346.697       8322  1027.5857  1027.5856     4.6092     0.2123     0.1256    33.8745    33.8743    8.37550         33 0.0000e+00
     70.000     69.263    -1.3826  27.073242    -1.3841  27.071725     5.6103     5.7555     1.8268    97.4187 1.0000e-12  -74.16792 -113.41048  38.309862      99.81 2.4680e+01    348.061       8354  1027.5910  1027.5908     4.6214     0.2740     0.1285    33.8752    33.8749    8.37462         32 0.0000e+00
     71.000     70.254    -1.3782  27.077954    -1.3785  27.077943     5.5787     5.7319     1.2315    97.3865 1.0000e-12  -74.16792 -113.41048  38.309878      99.81 2.4680e+01    349.437       8387  1027.5964  1027.5966     4.6198     0.2774     0.1337    33.8761    33.8764    8.37360         34 0.0000e+00
     72.000     71.242    -1.3773  27.080322    -1.3775  27.080400     5.5535     5.7087     1.5172    97.1094 1.0000e-12  -74.16792 -113.41048  38.309894      99.80 2.4680e+01    350.815       8421  1027.6025  1027.6028     4.6069     0.3326     0.1356    33.8777    33.8781    8.37329         32 0.0000e+00
     73.000     72.232    -1.3772  27.081502    -1.3774  27.081498     5.5485     5.6984     1.4187    97.3501 1.0000e-12  -74.16792 -113.41048  38.309909      96.82 2.4680e+01    352.135       8452  1027.6081  1027.6083     4.6181     0.3079     0.1320    33.8786    33.8788    8.37321         29 0.0000e+00
     74.000     73.221    -1.3776  27.081724    -1.3772  27.082077     5.5399     5.6947     1.6348    97.3433 1.0000e-12  -74.16792 -113.41048  38.309924      99.82 2.4680e+01    353.426       8483  1027.6131  1027.6132     4.6178     0.2230     0.1272    33.8788    33.8788    8.37330         31 0.0000e+00
     75.000     74.210    -1.3808  27.079590    -1.3796  27.080735     5.5254     5.6831     0.5316    97.3965 1.0000e-12  -74.16792 -113.41048  38.309939      99.81 2.4680e+01    354.708       8514  1027.6182  1027.6183     4.6203     0.2466     0.1274    33.8787    33.8791    8.37400         30 0.0000e+00
     76.000     75.199    -1.3774  27.084190    -1.3773  27.084206     5.5187     5.6750     0.7475    97.2817 1.0000e-12  -74.16792 -113.41048  38.309953      99.81 2.4680e+01    355.936       8543  1027.6243  1027.6242     4.6149     0.1868     0.1290    33.8806    33.8805    8.37314         30 0.0000e+00
     77.000     76.188    -1.3746  27.087334    -1.3753  27.086843     5.5167     5.6661     0.8131    97.5710 1.0000e-12  -74.16792 -113.41048  38.309967      99.81 2.4680e+01    357.168       8573  1027.6294  1027.6296     4.6284     0.2556     0.1264    33.8811    33.8813    8.37247         29 0.0000e+00
     78.000     77.179    -1.3738  27.088645    -1.3743  27.088475     5.5172     5.6679     0.9983    96.9151 1.0000e-12  -74.16792 -113.41048  38.309981      99.81 2.4680e+01    358.324       8601  1027.6344  1027.6347     4.5978     0.2656     0.1259    33.8814    33.8818    8.37228         26 0.0000e+00
     79.000     78.168    -1.3756  27.087585    -1.3767  27.086940     5.5143     5.6661     0.6765    97.2603 1.0000e-12  -74.16792 -113.41048  38.309993      99.82 2.4680e+01    359.420       8627  1027.6393  1027.6397     4.6139     0.1621     0.1256    33.8813    33.8818    8.37269         27 0.0000e+00
     80.000     79.157    -1.3739  27.089922    -1.3745  27.089427     5.5200     5.6754     0.6487    97.6032 1.0000e-12  -74.16792 -113.41048  38.310006      99.81 2.4680e+01    360.537       8654  1027.6447  1027.6447     4.6303     0.2070     0.1261    33.8821    33.8821    8.37227         27 0.0000e+00
     81.000     80.145    -1.3725  27.092093    -1.3728  27.091999     5.5306     5.6793     0.4484    97.8316 1.0000e-12  -74.16792 -113.41048  38.310019      99.82 2.4680e+01    361.646       8681  1027.6500  1027.6501     4.6409     0.1273     0.1252    33.8828    33.8830    8.37190         26 0.0000e+00
     82.000     81.136    -1.3730  27.092868    -1.3730  27.092851     5.5311     5.6848     0.3820    97.9216 1.0000e-12  -74.16792 -113.41048  38.310032      99.82 2.4680e+01    362.728       8706  1027.6556  1027.6557     4.6453     0.1343     0.1267    33.8838    33.8839    8.37195         26 0.0000e+00
     83.000     82.123    -1.3729  27.093303    -1.3735  27.093049     5.5376     5.6855     0.4561    97.7512 1.0000e-12  -74.16792 -113.41048  38.310044      99.82 2.4680e+01    363.835       8733  1027.6604  1027.6607     4.6371     0.1655     0.1240    33.8837    33.8841    8.37195         27 0.0000e+00
     84.000     83.114    -1.3734  27.093760    -1.3735  27.093707     5.5397     5.6861     1.0492    97.6621 1.0000e-12  -74.16792 -113.41048  38.310057      95.84 2.4680e+01    364.939       8760  1027.6657  1027.6657     4.6329     0.1232     0.1271    33.8842    33.8843    8.37202         26 0.0000e+00
     85.000     84.104    -1.3720  27.095713    -1.3724  27.095430     5.5331     5.6940     1.0505    97.4460 1.0000e-12  -74.16792 -113.41048  38.310069      99.82 2.4680e+01    366.002       8785  1027.6708  1027.6709     4.6227     0.1995     0.1371    33.8847    33.8848    8.37168         25 0.0000e+00
     86.000     85.092    -1.3724  27.095624    -1.3733  27.094990     5.5363     5.6963     0.3882    97.8799 1.0000e-12  -74.16792 -113.41048  38.310082      99.82 2.4680e+01    367.062       8810  1027.6754  1027.6756     4.6433     0.1226     0.1256    33.8844    33.8846    8.37179         26 0.0000e+00
     87.000     86.082    -1.3722  27.096305    -1.3729  27.095748     5.5435     5.6935     0.3725    97.8565 1.0000e-12  -74.16792 -113.41048  38.310094      99.81 2.4680e+01    368.115       8836  1027.6803  1027.6804     4.6422     0.2150     0.1273    33.8845    33.8845    8.37173         25 0.0000e+00
     88.000     87.071    -1.3722  27.096804    -1.3725  27.096571     5.5452     5.6960     0.6352    97.8776 1.0000e-12  -74.16792 -113.41048  38.310106      99.82 2.4680e+01    369.154       8861  1027.6852  1027.6852     4.6431     0.1297     0.1262    33.8846    33.8847    8.37174         25 0.0000e+00
     89.000     88.059    -1.3728  27.096777    -1.3729  27.096812     5.5428     5.7009     0.7604    97.7339 1.0000e-12  -74.16792 -113.41048  38.310118      99.81 2.4680e+01    370.199       8886  1027.6901  1027.6901     4.6364     0.1348     0.1274    33.8846    33.8847    8.37187         25 0.0000e+00
     90.000     89.050    -1.3714  27.098479    -1.3727  27.097457     5.5513     5.7117     0.4328    97.7350 1.0000e-12  -74.16792 -113.41048  38.310130      99.82 2.4680e+01    371.247       8911  1027.6949  1027.6950     4.6364     0.1349     0.1248    33.8848    33.8848    8.37156         24 0.0000e+00
     91.000     90.038    -1.3744  27.096480    -1.3760  27.095491     5.5513     5.7088     0.5835    97.7284 1.0000e-12  -74.16792 -113.41048  38.310142      99.82 2.4680e+01    372.237       8935  1027.7000  1027.7003     4.6361     0.1698     0.1243    33.8848    33.8852    8.37223         24 0.0000e+00
     92.000     91.027    -1.3745  27.097061    -1.3749  27.096710     5.5425     5.6988     0.3921    97.7552 1.0000e-12  -74.16792 -113.41048  38.310153      99.82 2.4680e+01    373.223       8958  1027.7049  1027.7049     4.6372     0.1681     0.1256    33.8850    33.8850    8.37222         24 0.0000e+00
     93.000     92.017    -1.3751  27.096940    -1.3749  27.096948     5.5413     5.6902     0.5490    97.4395 1.0000e-12  -74.16792 -113.41048  38.310165      99.83 2.4680e+01    374.216       8982  1027.7097  1027.7095     4.6226     0.1456     0.1272    33.8849    33.8848    8.37236         23 0.0000e+00
     94.000     93.007    -1.3737  27.098121    -1.3742  27.097634     5.5402     5.6927     0.5621    97.9661 1.0000e-12  -74.16792 -113.41048  38.310176      99.82 2.4680e+01    375.203       9006  1027.7139  1027.7139     4.6473     0.1794     0.1269    33.8843    33.8842    8.37209         24 0.0000e+00
     95.000     93.994    -1.3748  27.097334    -1.3753  27.097173     5.5307     5.6971     0.7094    97.7393 1.0000e-12  -74.16792 -113.41048  38.310187      99.82 2.4680e+01    376.178       9029  1027.7184  1027.7187     4.6366     0.1800     0.1261    33.8839    33.8842    8.37237         24 0.0000e+00
     96.000     94.985    -1.3767  27.096316    -1.3776  27.095429     5.5266     5.6906     0.6170    97.9297 1.0000e-12  -74.16792 -113.41048  38.310199      99.82 2.4680e+01    377.165       9053  1027.7234  1027.7233     4.6457     0.2230     0.1263    33.8840    33.8838    8.37278         23 0.0000e+00
     97.000     95.974    -1.3732  27.099929    -1.3731  27.099852     5.5279     5.6766     0.4109    97.9368 1.0000e-12  -74.16792 -113.41048  38.310210      96.54 2.4680e+01    378.141       9076  1027.7284  1027.7282     4.6459     0.1483     0.1257    33.8844    33.8842    8.37198         23 0.0000e+00
     98.000     96.963    -1.3710  27.102328    -1.3710  27.102416     5.5176     5.6671     0.4187    97.5337 1.0000e-12  -74.16792 -113.41048  38.310221      98.48 2.4680e+01    379.106       9100  1027.7332  1027.7332     4.6270     0.1588     0.1249    33.8846    33.8847    8.37147         24 0.0000e+00
     99.000     97.952    -1.3711  27.102726    -1.3708  27.102913     5.5249     5.6816     0.6113    97.7003 1.0000e-12  -74.16792 -113.41048  38.310232      99.81 2.4680e+01    380.083       9123  1027.7380  1027.7379     4.6346     0.1988     0.1269    33.8846    33.8845    8.37149         23 0.0000e+00
    100.000     98.941    -1.3708  27.103469    -1.3706  27.103669     5.5466     5.7098     0.3893    97.8936 1.0000e-12  -74.16792 -113.41048  38.310244      99.82 2.4680e+01    381.062       9146  1027.7428  1027.7429     4.6439     0.1480     0.1325    33.8846    33.8847    8.37141         24 0.0000e+00
    101.000     99.931    -1.3724  27.102354    -1.3751  27.100142     5.5674     5.7342     0.5603    97.9173 1.0000e-12  -74.16792 -113.41048  38.310255      99.82 2.4680e+01    382.028       9170  1027.7475  1027.7477     4.6451     0.1447     0.1275    33.8843    33.8844    8.37180         23 0.0000e+00
    102.000    100.919    -1.3758  27.099824    -1.3755  27.101504     5.5788     5.7388     1.0134    97.9387 1.0000e-12  -74.16792 -113.41048  38.310266      99.82 2.4680e+01    383.014       9193  1027.7523  1027.7538     4.6461     0.1052     0.1270    33.8841    33.8860    8.37258         24 0.0000e+00
    103.000    101.908    -1.3467  27.133709    -1.3379  27.140743     5.5688     5.7268     0.5577    97.8121 1.0000e-12  -74.16792 -113.41048  38.310278      48.75 2.4680e+01    384.003       9217  1027.7658  1027.7650     4.6400     0.1325     0.1252    33.8971    33.8968    8.36528         23 0.0000e+00
    104.000    102.899    -1.3243  27.153306    -1.3281  27.149901     5.5632     5.7174     0.7147    97.7758 1.0000e-12  -74.16792 -113.41048  38.310289      99.68 2.4680e+01    384.977       9240  1027.7701  1027.7700     4.6383     0.1463     0.1312    33.8980    33.8976    8.36020         24 0.0000e+00
