ocean_section_plots/required_files/ctd/dnbp2202_ctd060.cnv
* Sea-Bird SBE 9 Data File:
* FileName = D:\Data\raw\NBP2202_CTD060.hex
* Software Version Seasave V 7.26.7.121
* Temperature SN = 1649
* Conductivity SN = 2513
* Number of Bytes Per Scan = 40
* Number of Voltage Words = 5
* Number of Scans Averaged by the Deck Unit = 1
* NMEA Latitude = 74 04.83 S
* NMEA Longitude = 111 40.54 W
* NMEA UTC (Time) = Jan 25 2022  09:53:58
* NMEA baud rate = 9600
** Ship: RVIB N.B. Palmer
** Cruise: NBP2202 Thwaites
** Station: 41
** Operator: B.Bjork
# nquan = 25
# nvalues = 309                         
# units = specified
# name 0 = prDM: Pressure, Digiquartz [db]
# name 1 = depSM: Depth [salt water, m]
# name 2 = t090C: Temperature [ITS-90, deg C]
# name 3 = c0mS/cm: Conductivity [mS/cm]
# name 4 = t190C: Temperature, 2 [ITS-90, deg C]
# name 5 = c1mS/cm: Conductivity, 2 [mS/cm]
# name 6 = sbeox0ML/L: Oxygen, SBE 43 [ml/l]
# name 7 = sbeox1ML/L: Oxygen, SBE 43, 2 [ml/l]
# name 8 = flECO-AFL: Fluorescence, WET Labs ECO-AFL/FL [mg/m^3]
# name 9 = CStarTr0: Beam Transmission, WET Labs C-Star [%]
# name 10 = par: PAR/Irradiance, Biospherical/Licor
# name 11 = latitude: Latitude [deg]
# name 12 = longitude: Longitude [deg]
# name 13 = timeJ: Julian Days
# name 14 = altM: Altimeter [m]
# name 15 = spar: SPAR, Biospherical/Licor
# name 16 = timeS: Time, Elapsed [seconds]
# name 17 = scan: Scan Count
# name 18 = density00: Density [density, kg/m^3]
# name 19 = density11: Density, 2 [density, kg/m^3]
# name 20 = sal00: Salinity, Practical [PSU]
# name 21 = sal11: Salinity, Practical, 2 [PSU]
# name 22 = oxsolML/L: Oxygen Saturation, Garcia & Gordon [ml/l]
# name 23 = nbin: number of scans per bin
# name 24 = flag: flag
# span 0 =      3.000,    311.000       
# span 1 =      2.966,    307.544       
# span 2 =    -1.5342,    -1.2615       
# span 3 =  27.029556,  27.362515       
# span 4 =    -1.5340,    -1.2600       
# span 5 =  27.029427,  27.361445       
# span 6 =     5.8459,     7.4603       
# span 7 =     6.1293,     7.8381       
# span 8 =     0.0089,    11.7517       
# span 9 =    79.3732,    96.7901       
# span 10 = -5.906e-07, 1.1398e+01      
# span 11 =  -74.08054,  -74.08054      
# span 12 = -111.67570, -111.67564      
# span 13 =  25.414675,  25.420647      
# span 14 =       5.01,      99.99      
# span 15 = 4.6943e+01, 5.7321e+01      
# span 16 =    189.897,    705.867      
# span 17 =       4559,      16942      
# span 18 =  1027.2048,  1028.9176      
# span 19 =  1027.2053,  1028.9158      
# span 20 =    33.7974,    34.0876      
# span 21 =    33.7981,    34.0856      
# span 22 =    8.35151,    8.40166      
# span 23 =         14,         48      
# span 24 = 0.0000e+00, 0.0000e+00      
# interval = decibars: 1                
# start_time = Jan 25 2022 09:53:58 [NMEA time, header]
# bad_flag = -9.990e-29
*END*
[from data line 232]
    235.000    232.437    -1.4742  27.192632    -1.4735  27.191869     6.2980     6.5939     0.0515    96.6848 1.0000e-12  -74.08054 -111.67567  25.418646      86.75 5.3567e+01    533.019      12793  1028.5205  1028.5190    34.0408    34.0389    8.38539         26 0.0000e+00
    236.000    233.425    -1.4705  27.196970    -1.4700  27.196222     6.2968     6.5888     0.0509    96.6953 1.0000e-12  -74.08054 -111.67566  25.418658      85.23 5.3768e+01    534.061      12818  1028.5260  1028.5248    34.0419    34.0403    8.38448         24 0.0000e+00
    237.000    234.414    -1.4612  27.207932    -1.4612  27.206223     6.2928     6.5845     0.0639    96.6947 1.0000e-12  -74.08054 -111.67566  25.418670      84.27 5.4991e+01    535.106      12844  1028.5334  1028.5315    34.0457    34.0434    8.38215         26 0.0000e+00
    238.000    235.403    -1.4574  27.212657    -1.4563  27.212286     6.2902     6.5788     0.0722    96.6751 1.0000e-12  -74.08054 -111.67566  25.418683      83.10 5.4720e+01    536.175      12869  1028.5393  1028.5378    34.0474    34.0455    8.38121         26 0.0000e+00
    239.000    236.389    -1.4543  27.216556    -1.4525  27.216773     6.2835     6.5694     0.0487    96.6372 1.0000e-12  -74.08054 -111.67566  25.418695      82.12 5.3528e+01    537.243      12895  1028.5449  1028.5434    34.0485    34.0468    8.38043         26 0.0000e+00
    240.000    237.381    -1.4499  27.221242    -1.4492  27.220661     6.2772     6.5671     0.0367    96.6923 1.0000e-12  -74.08054 -111.67566  25.418707      80.87 5.5040e+01    538.312      12920  1028.5503  1028.5489    34.0494    34.0477    8.37940         25 0.0000e+00
    241.000    238.368    -1.4484  27.223109    -1.4474  27.222921     6.2728     6.5654     0.0675    96.6731 1.0000e-12  -74.08054 -111.67566  25.418720      80.09 5.5661e+01    539.386      12946  1028.5553  1028.5540    34.0497    34.0482    8.37906         26 0.0000e+00
    242.000    239.356    -1.4461  27.225949    -1.4448  27.225841     6.2669     6.5617     0.0615    96.6535 1.0000e-12  -74.08054 -111.67566  25.418732      79.08 5.2562e+01    540.449      12972  1028.5604  1028.5591    34.0502    34.0487    8.37848         25 0.0000e+00
    243.000    240.345    -1.4452  27.227157    -1.4442  27.226921     6.2573     6.5540     0.0399    96.6820 1.0000e-12  -74.08054 -111.67566  25.418744      78.09 5.5341e+01    541.495      12997  1028.5653  1028.5641    34.0503    34.0488    8.37829         25 0.0000e+00
    244.000    241.333    -1.4390  27.233955    -1.4371  27.234242     6.2523     6.5453     0.0443    96.6822 1.0000e-12  -74.08054 -111.67566  25.418757      77.14 5.7321e+01    542.585      13023  1028.5711  1028.5696    34.0520    34.0503    8.37679         28 0.0000e+00
    245.000    242.322    -1.4338  27.239462    -1.4330  27.238863     6.2519     6.5413     0.0520    96.6831 1.0000e-12  -74.08054 -111.67566  25.418771      76.00 5.1905e+01    543.779      13052  1028.5765  1028.5751    34.0530    34.0513    8.37556         28 0.0000e+00
    246.000    243.311    -1.4297  27.244120    -1.4292  27.243251     6.2456     6.5428     0.0457    96.6781 1.0000e-12  -74.08054 -111.67566  25.418785      74.54 5.5149e+01    544.991      13081  1028.5821  1028.5806    34.0542    34.0524    8.37458         30 0.0000e+00
    247.000    244.296    -1.4288  27.245528    -1.4273  27.245774     6.2485     6.5331     0.0642    96.6588 1.0000e-12  -74.08054 -111.67566  25.418799      73.96 5.6772e+01    546.204      13110  1028.5871  1028.5860    34.0545    34.0531    8.37436         29 0.0000e+00
    248.000    245.289    -1.4248  27.250242    -1.4248  27.248736     6.2393     6.5230     0.0330    96.6576 1.0000e-12  -74.08054 -111.67566  25.418813      71.99 5.2442e+01    547.430      13139  1028.5928  1028.5911    34.0558    34.0537    8.37338         30 0.0000e+00
    249.000    246.275    -1.4231  27.252063    -1.4213  27.252526     6.2339     6.5166     0.0362    96.6516 1.0000e-12  -74.08054 -111.67566  25.418827      71.44 5.5489e+01    548.671      13169  1028.5975  1028.5963    34.0557    34.0543    8.37300         30 0.0000e+00
    250.000    247.265    -1.4177  27.257734    -1.4173  27.256618     6.2320     6.5159     0.0443    96.5147 1.0000e-12  -74.08054 -111.67566  25.418842      70.51 5.6528e+01    549.910      13199  1028.6029  1028.6012    34.0568    34.0547    8.37173         29 0.0000e+00
    251.000    248.253    -1.4139  27.261635    -1.4125  27.261495     6.2292     6.5120     0.0693    96.6176 1.0000e-12  -74.08054 -111.67566  25.418856      69.73 5.3019e+01    551.161      13229  1028.6078  1028.6064    34.0572    34.0554    8.37084         30 0.0000e+00
    252.000    249.241    -1.4134  27.262405    -1.4123  27.262197     6.2268     6.5178     0.0536    96.6033 1.0000e-12  -74.08054 -111.67566  25.418870      68.12 5.5084e+01    552.410      13259  1028.6126  1028.6113    34.0571    34.0555    8.37074         30 0.0000e+00
    253.000    250.229    -1.4134  27.262905    -1.4125  27.262377     6.2253     6.5183     0.0506    96.6708 1.0000e-12  -74.08054 -111.67566  25.418885      67.51 5.6301e+01    553.653      13289  1028.6176  1028.6161    34.0571    34.0554    8.37074         30 0.0000e+00
    254.000    251.218    -1.4134  27.263547    -1.4123  27.263105     6.2283     6.5116     0.0589    96.6480 1.0000e-12  -74.08054 -111.67566  25.418900      66.58 5.3843e+01    554.922      13319  1028.6226  1028.6211    34.0573    34.0555    8.37072         31 0.0000e+00
    255.000    252.206    -1.4117  27.265660    -1.4103  27.265499     6.2276     6.5182     0.0320    96.6696 1.0000e-12  -74.08054 -111.67566  25.418914      65.83 5.5264e+01    556.173      13349  1028.6276  1028.6261    34.0577    34.0559    8.37031         29 0.0000e+00
    256.000    253.195    -1.4112  27.266519    -1.4101  27.266232     6.2243     6.5094     0.0379    96.6807 1.0000e-12  -74.08054 -111.67566  25.418928      64.31 5.5648e+01    557.395      13378  1028.6325  1028.6310    34.0577    34.0560    8.37021         30 0.0000e+00
    257.000    254.184    -1.4106  27.267612    -1.4099  27.266835     6.2262     6.5111     0.0469    96.6663 1.0000e-12  -74.08054 -111.67566  25.418943      63.20 5.4193e+01    558.634      13408  1028.6374  1028.6358    34.0579    34.0560    8.37006         30 0.0000e+00
    258.000    255.172    -1.4107  27.267924    -1.4099  27.267254     6.2228     6.5136     0.0315    96.6181 1.0000e-12  -74.08054 -111.67566  25.418957      62.39 5.3738e+01    559.872      13438  1028.6422  1028.6406    34.0578    34.0560    8.37009         29 0.0000e+00
    259.000    256.159    -1.4104  27.268687    -1.4098  27.267918     6.2277     6.5137     0.0330    96.6531 1.0000e-12  -74.08054 -111.67566  25.418971      61.30 5.4411e+01    561.098      13467  1028.6470  1028.6456    34.0579    34.0561    8.37001         30 0.0000e+00
    260.000    257.149    -1.4113  27.268103    -1.4103  27.267854     6.2236     6.5198     0.0249    96.6541 1.0000e-12  -74.08054 -111.67566  25.418985      59.89 5.5576e+01    562.340      13497  1028.6517  1028.6503    34.0576    34.0560    8.37025         30 0.0000e+00
    261.000    258.137    -1.4131  27.267007    -1.4120  27.266633     6.2241     6.5119     0.0430    96.6564 1.0000e-12  -74.08054 -111.67566  25.419000      58.98 5.3358e+01    563.616      13528  1028.6564  1028.6550    34.0574    34.0556    8.37064         31 0.0000e+00
    262.000    259.124    -1.4115  27.269104    -1.4102  27.268657     6.2238     6.5132     0.0379    96.6773 1.0000e-12  -74.08054 -111.67566  25.419015      57.93 5.4088e+01    564.918      13559  1028.6615  1028.6598    34.0579    34.0558    8.37026         30 0.0000e+00
    263.000    260.114    -1.4088  27.272297    -1.4082  27.271339     6.2199     6.5129     0.0417    96.5860 1.0000e-12  -74.08054 -111.67566  25.419031      56.76 5.5739e+01    566.261      13591  1028.6667  1028.6651    34.0586    34.0566    8.36961         32 0.0000e+00
    264.000    261.102    -1.4080  27.273471    -1.4075  27.272467     6.2193     6.5155     0.0456    96.6490 1.0000e-12  -74.08054 -111.67566  25.419047      55.97 5.3172e+01    567.692      13626  1028.6715  1028.6700    34.0586    34.0568    8.36942         36 0.0000e+00
    265.000    262.090    -1.4083  27.273503    -1.4072  27.273123     6.2178     6.5150     0.0238    96.6474 1.0000e-12  -74.08054 -111.67566  25.419065      54.45 5.3958e+01    569.177      13661  1028.6761  1028.6747    34.0584    34.0566    8.36951         36 0.0000e+00
    266.000    263.079    -1.4084  27.273775    -1.4080  27.272726     6.2233     6.5046     0.0289    96.6467 1.0000e-12  -74.08054 -111.67566  25.419082      53.63 5.5798e+01    570.659      13697  1028.6809  1028.6793    34.0583    34.0564    8.36954         35 0.0000e+00
    267.000    264.068    -1.4079  27.274789    -1.4073  27.273962     6.2270     6.5103     0.0405    96.6578 1.0000e-12  -74.08054 -111.67566  25.419099      52.41 5.2919e+01    572.191      13734  1028.6858  1028.6843    34.0585    34.0567    8.36941         35 0.0000e+00
    268.000    265.056    -1.4078  27.275513    -1.4070  27.274785     6.2183     6.5046     0.0562    96.6032 1.0000e-12  -74.08054 -111.67566  25.419118      51.20 5.4037e+01    573.826      13773  1028.6908  1028.6892    34.0588    34.0568    8.36938         37 0.0000e+00
    269.000    266.044    -1.4063  27.277661    -1.4052  27.277356     6.2169     6.4984     0.0391    96.6633 1.0000e-12  -74.08054 -111.67566  25.419138      50.44 5.5192e+01    575.550      13814  1028.6960  1028.6946    34.0594    34.0577    8.36900         41 0.0000e+00
    270.000    267.033    -1.4055  27.278941    -1.4041  27.278921     6.2173     6.5047     0.0183    96.6188 1.0000e-12  -74.08054 -111.67566  25.419161      49.32 5.2900e+01    577.540      13862  1028.7010  1028.6996    34.0597    34.0580    8.36882         38 0.0000e+00
    271.000    268.021    -1.4023  27.282679    -1.4003  27.283365     6.2168     6.5028     0.0306    96.6539 1.0000e-12  -74.08054 -111.67566  25.419187      47.97 5.3749e+01    579.742      13915  1028.7063  1028.7050    34.0605    34.0591    8.36804         45 0.0000e+00
    272.000    269.008    -1.3997  27.285794    -1.3988  27.285146     6.2103     6.4961     0.0289    96.7012 1.0000e-12  -74.08054 -111.67566  25.419213      47.10 5.5138e+01    581.962      13968  1028.7115  1028.7099    34.0612    34.0593    8.36742         46 0.0000e+00
    273.000    269.998    -1.3980  27.287987    -1.3978  27.286680     6.2082     6.4990     0.0249    96.6911 1.0000e-12  -74.08054 -111.67566  25.419239      46.04 5.3218e+01    584.243      14023  1028.7166  1028.7149    34.0616    34.0596    8.36700         45 0.0000e+00
    274.000    270.986    -1.3965  27.289880    -1.3959  27.289041     6.2053     6.4919     0.0227    96.6679 1.0000e-12  -74.08054 -111.67566  25.419265      44.69 5.4318e+01    586.523      14078  1028.7216  1028.7201    34.0619    34.0601    8.36665         40 0.0000e+00
    275.000    271.974    -1.3945  27.292752    -1.3935  27.292339     6.2057     6.4964     0.0242    96.6855 1.0000e-12  -74.08054 -111.67566  25.419292      43.53 5.4691e+01    588.841      14133  1028.7271  1028.7257    34.0630    34.0612    8.36614         45 0.0000e+00
    276.000    272.963    -1.3928  27.295363    -1.3919  27.294805     6.2090     6.4899     0.0242    96.6485 1.0000e-12  -74.08054 -111.67566  25.419318      42.32 5.4566e+01    591.103      14187  1028.7327  1028.7311    34.0640    34.0622    8.36569         45 0.0000e+00
    277.000    273.950    -1.3918  27.297004    -1.3911  27.296220     6.2078     6.4929     0.0293    96.6750 1.0000e-12  -74.08054 -111.67566  25.419345      41.35 5.4952e+01    593.376      14242  1028.7379  1028.7363    34.0646    34.0627    8.36545         48 0.0000e+00
    278.000    274.940    -1.3899  27.300109    -1.3887  27.299875     6.2090     6.4954     0.0334    96.6670 1.0000e-12  -74.08054 -111.67566  25.419371      40.43 5.5313e+01    595.630      14296  1028.7437  1028.7423    34.0660    34.0643    8.36492         37 0.0000e+00
    279.000    275.927    -1.3886  27.302042    -1.3878  27.301465     6.2092     6.4949     0.0137    96.6944 1.0000e-12  -74.08054 -111.67565  25.419397      39.28 5.5250e+01    597.914      14351  1028.7490  1028.7475    34.0666    34.0648    8.36461         38 0.0000e+00
    280.000    276.915    -1.3885  27.302661    -1.3875  27.302038     6.2049     6.4927     0.0321    96.6692 1.0000e-12  -74.08054 -111.67565  25.419423      38.22 5.5699e+01    600.134      14404  1028.7538  1028.7522    34.0666    34.0647    8.36457         44 0.0000e+00
    281.000    277.904    -1.3877  27.304313    -1.3871  27.303142     6.2082     6.4939     0.0186    96.5972 1.0000e-12  -74.08054 -111.67565  25.419449      37.15 5.5943e+01    602.373      14458  1028.7592  1028.7573    34.0674    34.0651    8.36435         41 0.0000e+00
    282.000    278.894    -1.3873  27.305320    -1.3864  27.304720     6.2092     6.4914     0.0427    96.6913 1.0000e-12  -74.08054 -111.67566  25.419475      35.96 5.6149e+01    604.624      14512  1028.7642  1028.7627    34.0677    34.0659    8.36424         33 0.0000e+00
    283.000    279.880    -1.3875  27.305532    -1.3864  27.305228     6.2084     6.4868     0.0358    96.5575 1.0000e-12  -74.08054 -111.67566  25.419501      35.03 5.5650e+01    606.905      14567  1028.7690  1028.7676    34.0676    34.0660    8.36429         41 0.0000e+00
    284.000    280.869    -1.3876  27.305907    -1.3867  27.305437     6.2121     6.4926     0.0516    96.5166 1.0000e-12  -74.08054 -111.67566  25.419528      33.73 5.6751e+01    609.192      14622  1028.7738  1028.7723    34.0677    34.0659    8.36432         38 0.0000e+00
    285.000    281.858    -1.3868  27.307333    -1.3863  27.306293     6.2077     6.4876     0.0797    96.7068 1.0000e-12  -74.08054 -111.67566  25.419554      32.78 5.7066e+01    611.437      14675  1028.7788  1028.7773    34.0681    34.0661    8.36411         33 0.0000e+00
    286.000    282.844    -1.3776  27.319680    -1.3753  27.320513     6.2059     6.4941     0.0344    96.6790 1.0000e-12  -74.08054 -111.67566  25.419580      31.59 5.6412e+01    613.680      14729  1028.7879  1028.7865    34.0740    34.0725    8.36170         40 0.0000e+00
    287.000    283.835    -1.3734  27.324994    -1.3733  27.323232     6.2075     6.4879     0.0254    96.6582 1.0000e-12  -74.08054 -111.67566  25.419604      30.39 5.6412e+01    615.821      14781  1028.7940  1028.7919    34.0759    34.0733    8.36064         37 0.0000e+00
    288.000    284.822    -1.3649  27.335978    -1.3639  27.335345     6.2033     6.4890     0.0252    96.6977 1.0000e-12  -74.08054 -111.67566  25.419630      29.56 5.6412e+01    617.992      14833  1028.8021  1028.8005    34.0806    34.0786    8.35845         38 0.0000e+00
    289.000    285.810    -1.3626  27.338969    -1.3619  27.338069     6.2012     6.4894     0.0112    96.6907 1.0000e-12  -74.08054 -111.67566  25.419656      28.41 5.6412e+01    620.264      14887  1028.8076  1028.8059    34.0816    34.0795    8.35789         47 0.0000e+00
    290.000    286.795    -1.3625  27.339410    -1.3618  27.338552     6.2002     6.4819     0.0106    96.7303 1.0000e-12  -74.08054 -111.67566  25.419682      27.28 5.6860e+01    622.530      14942  1028.8124  1028.8108    34.0814    34.0794    8.35787         36 0.0000e+00
    291.000    287.786    -1.3622  27.340100    -1.3614  27.339465     6.2049     6.4872     0.0207    96.7349 1.0000e-12  -74.08054 -111.67566  25.419709      26.17 5.6682e+01    624.858      14998  1028.8172  1028.8157    34.0815    34.0796    8.35781         40 0.0000e+00
