ocean_section_plots/required_files/ctd/dnbp2202_ctd206.cnv
* Sea-Bird SBE 9 Data File:
* FileName = D:\Data\raw\NBP2202_CTD206.hex
* Software Version Seasave V 7.26.7.121
* Temperature SN = 1649
* Conductivity SN = 2513
* Number of Bytes Per Scan = 40
* Number of Voltage Words = 5
* Number of Scans Averaged by the Deck Unit = 1
* NMEA Latitude = 73 49.41 S
* NMEA Longitude = 113 56.97 W
* NMEA UTC (Time) = Feb 10 2022  02:34:46
* NMEA baud rate = 9600
** Ship: RVIB N.B. Palmer
** Cruise: NBP2202 Thwaites
** Station: 125
** Operator: A. Robinson
# nquan = 28
# nvalues = 348                         
# units = specified
# name 0 = prDM: Pressure, Digiquartz [db]
# name 1 = depSM: Depth [salt water, m]
# name 2 = t090C: Temperature [ITS-90, deg C]
# name 3 = c0mS/cm: Conductivity [mS/cm]
# name 4 = t190C: Temperature, 2 [ITS-90, deg C]
# name 5 = c1mS/cm: Conductivity, 2 [mS/cm]
# name 6 = sbeox0ML/L: Oxygen, SBE 43 [ml/l]
# name 7 = sbeox1ML/L: Oxygen, SBE 43, 2 [ml/l]
# name 8 = flECO-AFL: Fluorescence, WET Labs ECO-AFL/FL [mg/m^3]
# name 9 = CStarTr0: Beam Transmission, WET Labs C-Star [%]
# name 10 = par: PAR/Irradiance, Biospherical/Licor
# name 11 = latitude: Latitude [deg]
# name 12 = longitude: Longitude [deg]
# name 13 = timeJ: Julian Days
# name 14 = altM: Altimeter [m]
# name 15 = spar: SPAR, Biospherical/Licor
# name 16 = timeS: Time, Elapsed [seconds]
# name 17 = scan: Scan Count
# name 18 = density00: Density [density, kg/m^3]
# name 19 = density11: Density, 2 [density, kg/m^3]
# name 20 = v3: Voltage 3
# name 21 = v4: Voltage 4
# name 22 = v5: Voltage 5
# name 23 = sal00: Salinity, Practical [PSU]
# name 24 = sal11: Salinity, Practical, 2 [PSU]
# name 25 = oxsolML/L: Oxygen Saturation, Garcia & Gordon [ml/l]
# name 26 = nbin: number of scans per bin
# name 27 = flag: flag
# span 0 =      2.000,    349.000       
# span 1 =      1.974,    345.103       
# span 2 =    -1.2538,    -0.5429       
# span 3 =  27.278268,  28.119377       
# span 4 =    -1.2537,    -0.5416       
# span 5 =  27.278365,  28.120073       
# span 6 =     5.0246,     9.0441       
# span 7 =     5.2100,     9.2423       
# span 8 =     0.1209,    20.9121       
# span 9 =    76.3350,    97.5755       
# span 10 = 1.0000e-12, 2.2779e+01      
# span 11 =  -73.82354,  -73.82352      
# span 12 = -113.94960, -113.94958      
# span 13 =  41.110277,  41.115566      
# span 14 =       2.40,      99.98      
# span 15 = 5.8143e+01, 6.5227e+01      
# span 16 =    241.921,    698.938      
# span 17 =       5807,      16776      
# span 18 =  1027.1443,  1029.1329      
# span 19 =  1027.1484,  1029.1316      
# span 20 =     3.6217,     4.6288      
# span 21 =     0.0872,     3.7330      
# span 22 =     0.1213,     0.2736      
# span 23 =    33.7423,    34.1785      
# span 24 =    33.7440,    34.1768      
# span 25 =    8.17202,    8.33820      
# span 26 =         19,         62      
# span 27 = 0.0000e+00, 0.0000e+00      
# interval = decibars: 1                
# start_time = Feb 10 2022 02:34:46 [NMEA time, header]
# bad_flag = -9.990e-29
*END*
[from data line 208]
    210.000    207.724    -1.1802  27.414883    -1.1822  27.413012     5.8549     6.0884     1.0387    95.7133 1.0000e-12  -73.82354 -113.94958  41.113273      91.83 5.9938e+01    500.777      12020  1028.3780  1028.3779     4.5405     0.3936     0.1264    34.0274    34.0270    8.32039         24 0.0000e+00
    211.000    208.713    -1.1950  27.402266    -1.1979  27.400324     5.8709     6.1020     0.7404    96.4527 1.0000e-12  -73.82354 -113.94958  41.113284      99.74 5.9938e+01    501.769      12043  1028.3830  1028.3837     4.5756     0.3205     0.1244    34.0262    34.0269    8.32373         24 0.0000e+00
    212.000    209.702    -1.2018  27.397436    -1.2017  27.397488     5.8566     6.0851     1.9421    96.5715 1.0000e-12  -73.82354 -113.94958  41.113296      99.76 5.9938e+01    502.767      12067  1028.3887  1028.3886     4.5811     0.3453     0.1252    34.0267    34.0267    8.32522         24 0.0000e+00
    213.000    210.691    -1.2002  27.399524    -1.2003  27.399238     5.8146     6.0490     2.2588    95.6288 1.0000e-12  -73.82354 -113.94958  41.113308      99.76 5.9938e+01    503.771      12092  1028.3937  1028.3934     4.5367     0.3233     0.1246    34.0272    34.0269    8.32484         24 0.0000e+00
    214.000    211.679    -1.1879  27.411734    -1.1825  27.416345     5.7735     6.0085     1.8518    96.1380 1.0000e-12  -73.82354 -113.94958  41.113319      99.77 5.9938e+01    504.766      12115  1028.3994  1028.3991     4.5607     0.2454     0.1292    34.0292    34.0294    8.32197         24 0.0000e+00
    215.000    212.667    -1.1595  27.438102    -1.1577  27.438836     5.7618     5.9866     1.7286    96.0084 1.0000e-12  -73.82354 -113.94958  41.113331      99.76 5.9938e+01    505.773      12140  1028.4049  1028.4039     4.5545     0.3212     0.1247    34.0325    34.0315    8.31547         24 0.0000e+00
    216.000    213.657    -1.1466  27.450059    -1.1471  27.449105     5.7538     5.9813     1.4341    95.8816 1.0000e-12  -73.82354 -113.94958  41.113342      99.77 5.9938e+01    506.775      12164  1028.4098  1028.4093     4.5485     0.1964     0.1221    34.0336    34.0329    8.31254         24 0.0000e+00
    217.000    214.645    -1.1434  27.453452    -1.1423  27.454407     5.7574     5.9782     1.4840    96.3156 1.0000e-12  -73.82354 -113.94958  41.113354      99.76 5.9938e+01    507.771      12188  1028.4149  1028.4149     4.5691     0.3411     0.1284    34.0341    34.0341    8.31181         24 0.0000e+00
    218.000    215.634    -1.1397  27.458034    -1.1400  27.457485     5.7598     5.9809     1.6230    96.2106 1.0000e-12  -73.82354 -113.94958  41.113365      99.77 6.0525e+01    508.769      12211  1028.4208  1028.4205     4.5642     0.2800     0.1239    34.0355    34.0351    8.31091         24 0.0000e+00
    219.000    216.622    -1.1392  27.458863    -1.1391  27.458881     5.7552     5.9841     1.5400    96.4040 1.0000e-12  -73.82354 -113.94958  41.113377      99.76 6.0378e+01    509.773      12236  1028.4256  1028.4255     4.5732     0.3173     0.1258    34.0354    34.0353    8.31080         24 0.0000e+00
    220.000    217.610    -1.1391  27.460151    -1.1390  27.459968     5.7605     5.9850     1.3808    96.3212 1.0000e-12  -73.82354 -113.94958  41.113388      99.77 6.0159e+01    510.768      12259  1028.4314  1028.4311     4.5693     0.2102     0.1248    34.0365    34.0361    8.31071         24 0.0000e+00
    221.000    218.600    -1.1387  27.461647    -1.1385  27.461535     5.7682     5.9936     1.0168    95.9510 1.0000e-12  -73.82354 -113.94958  41.113400      99.77 6.0668e+01    511.761      12283  1028.4370  1028.4367     4.5518     0.2106     0.1251    34.0374    34.0370    8.31056         24 0.0000e+00
    222.000    219.588    -1.1388  27.461761    -1.1391  27.461516     5.7586     5.9948     1.1016    96.2344 1.0000e-12  -73.82354 -113.94958  41.113412      93.05 6.0454e+01    512.761      12307  1028.4417  1028.4417     4.5652     0.1505     0.1233    34.0371    34.0371    8.31062         24 0.0000e+00
    223.000    220.576    -1.1400  27.461584    -1.1405  27.461014     5.7418     5.9700     2.4709    95.7186 1.0000e-12  -73.82354 -113.94958  41.113423      87.54 6.0236e+01    513.753      12331  1028.4470  1028.4468     4.5409     0.1977     0.1226    34.0376    34.0374    8.31085         24 0.0000e+00
    224.000    221.565    -1.1319  27.470539    -1.1351  27.467086     5.7100     5.9350     1.3121    95.8339 1.0000e-12  -73.82354 -113.94958  41.113435      94.73 6.0088e+01    514.747      12355  1028.4532  1028.4526     4.5462     0.2296     0.1314    34.0400    34.0389    8.30890         24 0.0000e+00
    225.000    222.555    -1.1127  27.488078    -1.1137  27.486934     5.6767     5.9089     0.7819    95.9815 1.0000e-12  -73.82354 -113.94958  41.113446      99.75 6.0703e+01    515.747      12379  1028.4581  1028.4578     4.5532     0.2296     0.1308    34.0416    34.0411    8.30455         23 0.0000e+00
    226.000    223.543    -1.0980  27.503526    -1.0944  27.505970     5.6456     5.8815     0.8310    95.7362 1.0000e-12  -73.82354 -113.94958  41.113458      99.77 6.0149e+01    516.746      12403  1028.4651  1028.4642     4.5416     0.1829     0.1259    34.0454    34.0446    8.30108         24 0.0000e+00
    227.000    224.529    -1.0819  27.519046    -1.0816  27.518528     5.6185     5.8529     1.3949    95.8184 1.0000e-12  -73.82354 -113.94958  41.113469      99.78 5.9936e+01    517.738      12427  1028.4708  1028.4699     4.5455     0.2560     0.1335    34.0478    34.0467    8.29738         24 0.0000e+00
    228.000    225.522    -1.0659  27.534669    -1.0656  27.534289     5.5903     5.8390     1.1241    96.2250 1.0000e-12  -73.82354 -113.94958  41.113481      99.77 5.9938e+01    518.736      12451  1028.4768  1028.4760     4.5649     0.1413     0.1255    34.0503    34.0494    8.29369         24 0.0000e+00
    229.000    226.508    -1.0556  27.544505    -1.0558  27.543855     5.5918     5.8299     1.1459    96.5114 1.0000e-12  -73.82354 -113.94958  41.113492      99.78 5.9938e+01    519.731      12475  1028.4820  1028.4814     4.5784     0.1941     0.1280    34.0515    34.0508    8.29135         24 0.0000e+00
    230.000    227.498    -1.0511  27.548921    -1.0512  27.548596     5.6197     5.8257     1.6424    96.3952 1.0000e-12  -73.82354 -113.94958  41.113504      99.77 5.9938e+01    520.727      12498  1028.4869  1028.4867     4.5729     0.1822     0.1244    34.0518    34.0514    8.29033         24 0.0000e+00
    231.000    228.485    -1.0524  27.548107    -1.0526  27.547524     5.6134     5.8254     1.0926    96.2269 1.0000e-12  -73.82354 -113.94958  41.113515      99.76 5.9938e+01    521.727      12522  1028.4919  1028.4914     4.5649     0.2588     0.1267    34.0515    34.0509    8.29064         24 0.0000e+00
    232.000    229.474    -1.0542  27.546770    -1.0542  27.546420     5.6127     5.8315     0.5395    96.3154 1.0000e-12  -73.82354 -113.94958  41.113527      99.77 5.9938e+01    522.728      12546  1028.4966  1028.4962     4.5691     0.1926     0.1250    34.0512    34.0506    8.29106         24 0.0000e+00
    233.000    230.462    -1.0540  27.547400    -1.0536  27.547433     5.6138     5.8366     0.4270    96.5555 1.0000e-12  -73.82354 -113.94958  41.113538      99.75 5.9938e+01    523.723      12570  1028.5016  1028.5012     4.5804     0.3324     0.1297    34.0512    34.0507    8.29102         24 0.0000e+00
    234.000    231.451    -1.0535  27.548343    -1.0533  27.547999     5.6152     5.8360     0.9278    96.4078 1.0000e-12  -73.82354 -113.94958  41.113550      99.77 5.9938e+01    524.722      12594  1028.5064  1028.5060     4.5736     0.1786     0.1349    34.0512    34.0506    8.29088         24 0.0000e+00
    235.000    232.441    -1.0527  27.549274    -1.0526  27.548960     5.6059     5.8298     1.6818    96.8948 1.0000e-12  -73.82354 -113.94958  41.113562      73.68 6.0084e+01    525.720      12618  1028.5112  1028.5107     4.5963     0.1735     0.1256    34.0510    34.0505    8.29073         24 0.0000e+00
    236.000    233.428    -1.0522  27.550521    -1.0516  27.550611     5.6068     5.8168     1.1321    96.8183 1.0000e-12  -73.82354 -113.94958  41.113573      90.86 5.9938e+01    526.708      12642  1028.5164  1028.5160     4.5929     0.2478     0.1239    34.0515    34.0510    8.29058         23 0.0000e+00
    237.000    234.417    -1.0479  27.555074    -1.0473  27.555293     5.6026     5.8191     0.7036    96.6393 1.0000e-12  -73.82354 -113.94958  41.113585      99.76 6.1204e+01    527.706      12666  1028.5216  1028.5212     4.5845     0.1613     0.1257    34.0523    34.0518    8.28960         25 0.0000e+00
    238.000    235.406    -1.0438  27.559384    -1.0433  27.559458     5.5976     5.8089     0.5585    96.5996 1.0000e-12  -73.82354 -113.94958  41.113596      99.78 6.0490e+01    528.708      12690  1028.5266  1028.5263     4.5826     0.1861     0.1275    34.0528    34.0524    8.28865         24 0.0000e+00
    239.000    236.394    -1.0421  27.562259    -1.0419  27.561908     5.5914     5.8096     0.6296    97.0642 1.0000e-12  -73.82354 -113.94958  41.113608      99.77 5.9945e+01    529.696      12714  1028.5325  1028.5319     4.6045     0.1849     0.1226    34.0542    34.0535    8.28819         23 0.0000e+00
    240.000    237.383    -1.0356  27.568953    -1.0353  27.568705     5.6105     5.8254     0.7993    96.5630 1.0000e-12  -73.82354 -113.94958  41.113619      99.77 5.9938e+01    530.692      12738  1028.5379  1028.5374     4.5809     0.2546     0.1265    34.0554    34.0547    8.28669         24 0.0000e+00
    241.000    238.370    -1.0395  27.566196    -1.0395  27.565787     5.6168     5.8299     0.7682    96.8748 1.0000e-12  -73.82354 -113.94958  41.113631      99.77 5.9938e+01    531.688      12762  1028.5431  1028.5426     4.5956     0.1880     0.1261    34.0554    34.0548    8.28756         24 0.0000e+00
    242.000    239.359    -1.0538  27.554190    -1.0542  27.553788     5.5938     5.8185     0.5705    96.8010 1.0000e-12  -73.82354 -113.94958  41.113642      99.77 5.9938e+01    532.681      12785  1028.5483  1028.5482     4.5921     0.2440     0.1274    34.0546    34.0545    8.29075         24 0.0000e+00
    243.000    240.347    -1.0486  27.561205    -1.0472  27.561473     5.5677     5.7953     1.0065    96.9076 1.0000e-12  -73.82354 -113.94958  41.113654      99.77 5.9938e+01    533.686      12809  1028.5552  1028.5541     4.5971     0.1794     0.1264    34.0577    34.0565    8.28943         24 0.0000e+00
    244.000    241.337    -1.0186  27.591443    -1.0180  27.590750     5.5599     5.7782     1.3500    96.9358 1.0000e-12  -73.82354 -113.94958  41.113665      99.77 5.9938e+01    534.691      12834  1028.5632  1028.5619     4.5985     0.1845     0.1254    34.0643    34.0626    8.28242         24 0.0000e+00
    245.000    242.325    -1.0066  27.604206    -1.0061  27.604194     5.5588     5.7753     0.5247    96.8799 1.0000e-12  -73.82353 -113.94958  41.113677      99.77 5.9938e+01    535.687      12857  1028.5699  1028.5694     4.5958     0.1643     0.1302    34.0675    34.0669    8.27959         24 0.0000e+00
    246.000    243.314    -1.0050  27.606697    -1.0047  27.606274     5.5610     5.7713     0.5944    96.7337 1.0000e-12  -73.82353 -113.94958  41.113688      50.75 5.9938e+01    536.682      12881  1028.5755  1028.5747     4.5889     0.1381     0.1253    34.0684    34.0675    8.27918         24 0.0000e+00
    247.000    244.301    -1.0034  27.608793    -1.0027  27.608797     5.5687     5.7699     0.6705    96.8986 1.0000e-12  -73.82353 -113.94958  41.113700      99.59 5.9938e+01    537.684      12905  1028.5806  1028.5799     4.5967     0.1736     0.1254    34.0689    34.0680    8.27880         24 0.0000e+00
    248.000    245.290    -1.0026  27.610568    -1.0023  27.610327     5.5632     5.7750     0.5064    97.0736 1.0000e-12  -73.82353 -113.94958  41.113712      99.77 5.9938e+01    538.685      12929  1028.5862  1028.5857     4.6051     0.2427     0.1310    34.0698    34.0691    8.27857         24 0.0000e+00
    249.000    246.279    -1.0031  27.611617    -1.0027  27.611603     5.5658     5.7894     0.9498    97.1874 1.0000e-12  -73.82353 -113.94958  41.113723      99.16 5.9938e+01    539.684      12953  1028.5923  1028.5918     4.6104     0.2300     0.1256    34.0712    34.0706    8.27860         24 0.0000e+00
    250.000    247.267    -1.0026  27.612959    -1.0021  27.612834     5.5713     5.7947     0.8046    96.9927 1.0000e-12  -73.82353 -113.94959  41.113735      94.93 5.9938e+01    540.687      12977  1028.5976  1028.5970     4.6011     0.2287     0.1254    34.0718    34.0711    8.27845         24 0.0000e+00
    251.000    248.255    -1.0052  27.611750    -1.0048  27.611632     5.5746     5.7851     0.5470    96.6897 1.0000e-12  -73.82353 -113.94959  41.113746      99.83 5.9938e+01    541.677      13001  1028.6032  1028.6027     4.5869     0.1577     0.1236    34.0725    34.0719    8.27899         23 0.0000e+00
    252.000    249.245    -0.9997  27.619236    -0.9988  27.619262     5.5730     5.7794     0.5615    96.8165 1.0000e-12  -73.82352 -113.94958  41.113758      99.77 5.9938e+01    542.663      13025  1028.6104  1028.6095     4.5928     0.1733     0.1244    34.0758    34.0748    8.27758         24 0.0000e+00
    253.000    250.232    -0.9921  27.627227    -0.9915  27.627213     5.5642     5.7761     0.4251    96.9880 1.0000e-12  -73.82352 -113.94958  41.113769      99.76 5.9938e+01    543.651      13049  1028.6160  1028.6154     4.6010     0.2685     0.1250    34.0775    34.0768    8.27581         24 0.0000e+00
    254.000    251.222    -0.9901  27.630196    -0.9885  27.630816     5.5803     5.7785     0.5547    97.1486 1.0000e-12  -73.82353 -113.94958  41.113781      99.61 5.9938e+01    544.642      13072  1028.6217  1028.6208     4.6086     0.1364     0.1254    34.0787    34.0776    8.27530         24 0.0000e+00
    255.000    252.210    -0.9899  27.630660    -0.9898  27.630236     5.5797     5.7935     1.0257    97.0248 1.0000e-12  -73.82354 -113.94958  41.113792      98.98 5.9938e+01    545.628      13096  1028.6264  1028.6258     4.6027     0.1392     0.1253    34.0785    34.0778    8.27527         24 0.0000e+00
    256.000    253.199    -0.9961  27.626371    -0.9964  27.625909     5.5846     5.8003     0.5008    96.7042 1.0000e-12  -73.82354 -113.94958  41.113804      98.75 6.0370e+01    546.625      13120  1028.6320  1028.6319     4.5875     0.1605     0.1251    34.0789    34.0787    8.27659         24 0.0000e+00
    257.000    254.185    -1.0014  27.622458    -0.9990  27.624107     5.5947     5.7960     0.4572    96.7238 1.0000e-12  -73.82354 -113.94958  41.113815      97.91 6.0091e+01    547.626      13144  1028.6374  1028.6368     4.5885     0.1263     0.1244    34.0790    34.0786    8.27776         24 0.0000e+00
    258.000    255.175    -1.0004  27.623993    -1.0014  27.622533     5.5912     5.7985     0.5341    96.9705 1.0000e-12  -73.82354 -113.94958  41.113827      96.98 5.9786e+01    548.620      13168  1028.6423  1028.6418     4.6002     0.1235     0.1238    34.0794    34.0786    8.27752         23 0.0000e+00
    259.000    256.164    -1.0017  27.623012    -1.0011  27.623124     5.5985     5.7989     0.3738    97.0673 1.0000e-12  -73.82354 -113.94958  41.113838      95.71 6.1066e+01    549.625      13192  1028.6468  1028.6464     4.6047     0.1932     0.1263    34.0789    34.0784    8.27783         25 0.0000e+00
