ocean_section_plots/required_files/ctd/dnbp2202_ctd201.cnv
* Sea-Bird SBE 9 Data File:
* FileName = D:\Data\raw\NBP2202_CTD201.hex
* Software Version Seasave V 7.26.7.121
* Temperature SN = 1649
* Conductivity SN = 2513
* Number of Bytes Per Scan = 40
* Number of Voltage Words = 5
* Number of Scans Averaged by the Deck Unit = 1
* NMEA Latitude = 73 51.49 S
* NMEA Longitude = 113 03.67 W
* NMEA UTC (Time) = Feb 08 2022  18:15:22
* NMEA baud rate = 9600
** Ship: RVIB N.B. Palmer
** Cruise: NBP2202 Thwaites
** Station: 120
** Operator: A. Robinson Ken B
# nquan = 28
# nvalues = 758                         
# units = specified
# name 0 = prDM: Pressure, Digiquartz [db]
# name 1 = depSM: Depth [salt water, m]
# name 2 = t090C: Temperature [ITS-90, deg C]
# name 3 = c0mS/cm: Conductivity [mS/cm]
# name 4 = t190C: Temperature, 2 [ITS-90, deg C]
# name 5 = c1mS/cm: Conductivity, 2 [mS/cm]
# name 6 = sbeox0ML/L: Oxygen, SBE 43 [ml/l]
# name 7 = sbeox1ML/L: Oxygen, SBE 43, 2 [ml/l]
# name 8 = flECO-AFL: Fluorescence, WET Labs ECO-AFL/FL [mg/m^3]
# name 9 = CStarTr0: Beam Transmission, WET Labs C-Star [%]
# name 10 = par: PAR/Irradiance, Biospherical/Licor
# name 11 = latitude: Latitude [deg]
# name 12 = longitude: Longitude [deg]
# name 13 = timeJ: Julian Days
# name 14 = altM: Altimeter [m]
# name 15 = spar: SPAR, Biospherical/Licor
# name 16 = timeS: Time, Elapsed [seconds]
# name 17 = scan: Scan Count
# name 18 = density00: Density [density, kg/m^3]
# name 19 = density11: Density, 2 [density, kg/m^3]
# name 20 = v3: Voltage 3
# name 21 = v4: Voltage 4
# name 22 = v5: Voltage 5
# name 23 = sal00: Salinity, Practical [PSU]
# name 24 = sal11: Salinity, Practical, 2 [PSU]
# name 25 = oxsolML/L: Oxygen Saturation, Garcia & Gordon [ml/l]
# name 26 = nbin: number of scans per bin
# name 27 = flag: flag
# span 0 =      1.000,    758.000       
# span 1 =      0.993,    748.796       
# span 2 =    -1.5055,     0.3358       
# span 3 =  27.025343,  29.272306       
# span 4 =    -1.5046,     0.3381       
# span 5 =  27.025747,  29.272515       
# span 6 =     4.6353,     9.0644       
# span 7 =     4.7528,     9.3636       
# span 8 =    -0.0166,    27.6808       
# span 9 =    75.8099,    98.4793       
# span 10 = -1.382e-05, 3.4038e+02      
# span 11 =  -73.85828,  -73.85826      
# span 12 = -113.06136, -113.06130      
# span 13 =  39.763433,  39.775359      
# span 14 =     -18.84,     100.22      
# span 15 = 2.6073e+02, 2.8291e+02      
# span 16 =    238.616,   1269.037      
# span 17 =       5728,      30458      
# span 18 =  1027.1566,  1031.2454      
# span 19 =  1027.1556,  1031.2434      
# span 20 =     3.5968,     4.6717      
# span 21 =     0.0637,     4.4615      
# span 22 =     0.1162,     0.2689      
# span 23 =    33.7827,    34.4805      
# span 24 =    33.7814,    34.4780      
# span 25 =    7.96941,    8.39865      
# span 26 =         11,         76      
# span 27 = 0.0000e+00, 0.0000e+00      
# interval = decibars: 1                
# start_time = Feb 08 2022 18:15:22 [NMEA time, header]
# bad_flag = -9.990e-29
*END*
[from data line 518]
    519.000    512.991     0.1395  28.945132     0.1418  28.945001     4.7188     4.8440     0.0452    98.4408 1.0000e-12  -73.85826 -113.06136  39.771327      99.91 2.6370e+02    920.633      22096  1030.0798  1030.0775     4.6699     0.0734     0.1247    34.4085    34.4058    8.01419         23 0.0000e+00
    520.000    513.981     0.1402  28.946144     0.1425  28.946239     4.7234     4.8506     0.0482    98.4110 1.0000e-12  -73.85826 -113.06136  39.771337      99.91 2.6268e+02    921.555      22118  1030.0845  1030.0824     4.6685     0.0723     0.1226    34.4085    34.4060    8.01406         22 0.0000e+00
    521.000    514.968     0.1402  28.946714     0.1424  28.946571     4.7212     4.8497     0.0091    98.4047 1.0000e-12  -73.85826 -113.06136  39.771349      99.92 2.6569e+02    922.582      22143  1030.0894  1030.0871     4.6681     0.0726     0.1223    34.4086    34.4060    8.01404         28 0.0000e+00
    522.000    515.955     0.1403  28.947276     0.1426  28.947053     4.7169     4.8521    -0.0061    98.4193 1.0000e-12  -73.85826 -113.06136  39.771365      99.91 2.6567e+02    923.960      22176  1030.0941  1030.0917     4.6688     0.0716     0.1245    34.4086    34.4058    8.01402         37 0.0000e+00
    523.000    516.942     0.1405  28.947980     0.1428  28.947909     4.7170     4.8501    -0.0009    98.4061 1.0000e-12  -73.85826 -113.06136  39.771382      99.91 2.6380e+02    925.427      22211  1030.0990  1030.0967     4.6682     0.0708     0.1207    34.4088    34.4061    8.01398         31 0.0000e+00
    524.000    517.930     0.1411  28.949323     0.1435  28.949177     4.7158     4.8442     0.0444    98.3980 1.0000e-12  -73.85827 -113.06136  39.771395      99.91 2.6871e+02    926.554      22238  1030.1041  1030.1016     4.6678     0.0718     0.1244    34.4093    34.4065    8.01382         25 0.0000e+00
    525.000    518.915     0.1421  28.950567     0.1444  28.950576     4.7158     4.8422    -0.0078    98.3793 1.0000e-12  -73.85828 -113.06136  39.771406      85.13 2.6660e+02    927.517      22261  1030.1087  1030.1065     4.6670     0.0697     0.1247    34.4092    34.4067    8.01362         22 0.0000e+00
    526.000    519.904     0.1426  28.951541     0.1448  28.951509     4.7192     4.8428     0.0146    98.3903 1.0000e-12  -73.85828 -113.06136  39.771417      93.31 2.6272e+02    928.466      22284  1030.1135  1030.1113     4.6675     0.0716     0.1259    34.4094    34.4068    8.01351         24 0.0000e+00
    527.000    520.891     0.1435  28.952921     0.1457  28.952742     4.7165     4.8439     0.0160    98.3048 1.0000e-12  -73.85828 -113.06136  39.771430      99.20 2.6497e+02    929.580      22311  1030.1183  1030.1160     4.6634     0.0718     0.1209    34.4096    34.4069    8.01330         30 0.0000e+00
    528.000    521.878     0.1458  28.955829     0.1479  28.955324     4.7152     4.8355    -0.0005    98.4012 1.0000e-12  -73.85828 -113.06136  39.771446      99.91 2.6556e+02    930.924      22343  1030.1233  1030.1208     4.6680     0.0720     0.1290    34.4103    34.4072    8.01278         33 0.0000e+00
    529.000    522.865     0.1539  28.964941     0.1581  28.966671     4.7111     4.8356    -0.0067    98.3433 1.0000e-12  -73.85828 -113.06136  39.771461      99.92 2.6264e+02    932.201      22374  1030.1293  1030.1269     4.6652     0.0721     0.1238    34.4126    34.4102    8.01097         28 0.0000e+00
    530.000    523.852     0.1587  28.970539     0.1609  28.970268     4.7086     4.8361     0.0051    98.3948 1.0000e-12  -73.85828 -113.06136  39.771473      99.91 2.6682e+02    933.289      22400  1030.1346  1030.1323     4.6677     0.0717     0.1257    34.4140    34.4113    8.00988         25 0.0000e+00
    531.000    524.840     0.1593  28.971636     0.1615  28.971468     4.7069     4.8281    -0.0013    98.3873 1.0000e-12  -73.85828 -113.06136  39.771485      99.91 2.6811e+02    934.312      22424  1030.1396  1030.1372     4.6674     0.0718     0.1234    34.4143    34.4115    8.00976         24 0.0000e+00
    532.000    525.827     0.1599  28.972550     0.1621  28.972408     4.7105     4.8325     0.0070    98.3595 1.0000e-12  -73.85828 -113.06136  39.771497      99.91 2.6282e+02    935.359      22450  1030.1442  1030.1420     4.6660     0.0705     0.1233    34.4142    34.4116    8.00963         27 0.0000e+00
    533.000    526.813     0.1603  28.973397     0.1629  28.973671     4.7083     4.8342     0.0142    98.3863 1.0000e-12  -73.85828 -113.06136  39.771511      99.91 2.6484e+02    936.529      22478  1030.1490  1030.1468     4.6673     0.0726     0.1239    34.4143    34.4117    8.00955         29 0.0000e+00
    534.000    527.802     0.1613  28.975000     0.1636  28.974756     4.7046     4.8375     0.0143    98.3688 1.0000e-12  -73.85828 -113.06136  39.771525      99.91 2.6651e+02    937.787      22508  1030.1540  1030.1516     4.6665     0.0707     0.1263    34.4146    34.4118    8.00931         30 0.0000e+00
    535.000    528.787     0.1626  28.976725     0.1645  28.976287     4.7089     4.8314     0.0099    98.3743 1.0000e-12  -73.85828 -113.06136  39.771538      99.91 2.6318e+02    938.910      22535  1030.1588  1030.1565     4.6667     0.0707     0.1264    34.4149    34.4122    8.00902         25 0.0000e+00
    536.000    529.775     0.1653  28.980088     0.1676  28.980072     4.7065     4.8319    -0.0012    98.3776 1.0000e-12  -73.85828 -113.06136  39.771550      99.91 2.6508e+02    939.928      22559  1030.1640  1030.1617     4.6669     0.0722     0.1234    34.4157    34.4131    8.00842         24 0.0000e+00
    537.000    530.763     0.1666  28.982192     0.1691  28.982359     4.7068     4.8327     0.0004    98.3555 1.0000e-12  -73.85828 -113.06136  39.771562      83.02 2.6799e+02    940.986      22585  1030.1692  1030.1669     4.6658     0.0714     0.1232    34.4164    34.4139    8.00810         27 0.0000e+00
    538.000    531.748     0.1671  28.983255     0.1694  28.983151     4.7013     4.8323     0.0046    98.3556 1.0000e-12  -73.85828 -113.06136  39.771576      96.16 2.6374e+02    942.156      22613  1030.1740  1030.1717     4.6658     0.0727     0.1220    34.4167    34.4140    8.00798         29 0.0000e+00
    539.000    532.737     0.1649  28.981734     0.1672  28.981767     4.7003     4.8323     0.0018    98.3727 1.0000e-12  -73.85828 -113.06136  39.771590      99.96 2.6389e+02    943.390      22642  1030.1790  1030.1767     4.6666     0.0701     0.1212    34.4166    34.4140    8.00845         29 0.0000e+00
    540.000    533.723     0.1662  28.983886     0.1686  28.983903     4.7038     4.8298     0.0162    98.3996 1.0000e-12  -73.85828 -113.06135  39.771604      99.90 2.6881e+02    944.545      22670  1030.1842  1030.1819     4.6679     0.0719     0.1227    34.4174    34.4147    8.00814         26 0.0000e+00
    541.000    534.711     0.1688  28.986961     0.1711  28.987072     4.7083     4.8221     0.0207    98.3686 1.0000e-12  -73.85828 -113.06135  39.771616      99.91 2.6407e+02    945.578      22695  1030.1890  1030.1870     4.6664     0.0714     0.1228    34.4178    34.4155    8.00756         24 0.0000e+00
    542.000    535.699     0.1695  28.988214     0.1718  28.988240     4.7042     4.8293     0.0089    98.3140 1.0000e-12  -73.85828 -113.06135  39.771627      99.92 2.6355e+02    946.603      22719  1030.1940  1030.1918     4.6639     0.0733     0.1229    34.4182    34.4157    8.00741         26 0.0000e+00
    543.000    536.684     0.1704  28.989497     0.1728  28.989491     4.7039     4.8293     0.0143    98.3740 1.0000e-12  -73.85828 -113.06135  39.771641      99.91 2.6843e+02    947.747      22747  1030.1987  1030.1964     4.6667     0.0711     0.1242    34.4182    34.4156    8.00721         29 0.0000e+00
    544.000    537.672     0.1731  28.992747     0.1756  28.992710     4.6985     4.8267     0.0066    98.3590 1.0000e-12  -73.85828 -113.06135  39.771655      99.91 2.6439e+02    948.971      22776  1030.2038  1030.2013     4.6659     0.0706     0.1235    34.4190    34.4161    8.00661         29 0.0000e+00
    545.000    538.659     0.1764  28.996566     0.1787  28.996417     4.6902     4.8238    -0.0007    98.4224 1.0000e-12  -73.85828 -113.06134  39.771668      99.92 2.6292e+02    950.133      22804  1030.2088  1030.2064     4.6690     0.0731     0.1252    34.4197    34.4170    8.00588         27 0.0000e+00
    546.000    539.645     0.1802  29.000890     0.1823  29.000548     4.6924     4.8219     0.0031    98.3816 1.0000e-12  -73.85828 -113.06134  39.771681      99.91 2.6549e+02    951.207      22830  1030.2138  1030.2115     4.6671     0.0700     0.1228    34.4205    34.4178    8.00504         25 0.0000e+00
    547.000    540.634     0.1844  29.005523     0.1863  29.005012     4.6967     4.8211     0.0102    98.3774 1.0000e-12  -73.85828 -113.06134  39.771693      99.91 2.6521e+02    952.258      22855  1030.2189  1030.2165     4.6668     0.0719     0.1248    34.4214    34.4186    8.00413         25 0.0000e+00
    548.000    541.620     0.1855  29.007423     0.1877  29.007238     4.7000     4.8227     0.0032    98.3705 1.0000e-12  -73.85828 -113.06134  39.771705      86.16 2.6268e+02    953.329      22881  1030.2240  1030.2217     4.6666     0.0693     0.1257    34.4220    34.4193    8.00385         27 0.0000e+00
    549.000    542.606     0.1871  29.009666     0.1893  29.009471     4.6977     4.8239    -0.0106    98.3751 1.0000e-12  -73.85828 -113.06134  39.771719      84.52 2.6563e+02    954.491      22909  1030.2291  1030.2268     4.6668     0.0680     0.1260    34.4226    34.4200    8.00349         29 0.0000e+00
    550.000    543.594     0.1885  29.011650     0.1908  29.011567     4.6898     4.8183    -0.0048    98.3557 1.0000e-12  -73.85828 -113.06134  39.771733      97.06 2.6525e+02    955.699      22938  1030.2341  1030.2318     4.6658     0.0722     0.1255    34.4231    34.4204    8.00317         28 0.0000e+00
    551.000    544.582     0.1886  29.012407     0.1908  29.012278     4.6928     4.8152     0.0039    98.3775 1.0000e-12  -73.85828 -113.06134  39.771746      99.94 2.6243e+02    956.826      22965  1030.2391  1030.2368     4.6669     0.0711     0.1284    34.4234    34.4208    8.00313         26 0.0000e+00
    552.000    545.569     0.1902  29.014783     0.1925  29.014599     4.6907     4.8206     0.0110    98.3428 1.0000e-12  -73.85828 -113.06134  39.771758      99.91 2.6312e+02    957.870      22990  1030.2443  1030.2419     4.6652     0.0719     0.1244    34.4241    34.4214    8.00276         24 0.0000e+00
    553.000    546.555     0.1914  29.016395     0.1933  29.016128     4.6919     4.8216     0.0104    98.3424 1.0000e-12  -73.85828 -113.06133  39.771769      99.92 2.6593e+02    958.881      23014  1030.2491  1030.2470     4.6652     0.0699     0.1242    34.4244    34.4219    8.00250         25 0.0000e+00
    554.000    547.541     0.1923  29.017952     0.1942  29.017540     4.6972     4.8189     0.0018    98.2301 1.0000e-12  -73.85828 -113.06133  39.771781      99.91 2.6234e+02    959.915      23039  1030.2541  1030.2519     4.6598     0.0724     0.1252    34.4248    34.4222    8.00229         26 0.0000e+00
    555.000    548.530     0.1924  29.018600     0.1941  29.018009     4.6951     4.8187    -0.0054    98.3412 1.0000e-12  -73.85828 -113.06134  39.771795      99.91 2.6305e+02    961.103      23067  1030.2589  1030.2567     4.6651     0.0714     0.1244    34.4249    34.4223    8.00225         31 0.0000e+00
    556.000    549.515     0.1903  29.017294     0.1925  29.017156     4.7000     4.8265    -0.0143    98.3239 1.0000e-12  -73.85828 -113.06135  39.771811      99.91 2.6549e+02    962.479      23101  1030.2640  1030.2617     4.6643     0.0714     0.1257    34.4250    34.4224    8.00270         33 0.0000e+00
    557.000    550.503     0.1896  29.017449     0.1917  29.017328     4.6946     4.8211    -0.0100    98.2886 1.0000e-12  -73.85828 -113.06134  39.771825      99.91 2.6237e+02    963.675      23129  1030.2691  1030.2669     4.6627     0.0707     0.1229    34.4254    34.4229    8.00281         25 0.0000e+00
    558.000    551.491     0.1894  29.018230     0.1915  29.017977     4.6939     4.8228    -0.0084    98.3348 1.0000e-12  -73.85828 -113.06134  39.771836      99.91 2.6373e+02    964.656      23153  1030.2743  1030.2720     4.6648     0.0710     0.1246    34.4261    34.4234    8.00282         23 0.0000e+00
    559.000    552.476     0.1931  29.022349     0.1950  29.021865     4.6934     4.8212    -0.0031    98.2928 1.0000e-12  -73.85828 -113.06134  39.771847      99.91 2.6703e+02    965.599      23175  1030.2793  1030.2769     4.6628     0.0705     0.1236    34.4268    34.4240    8.00201         23 0.0000e+00
    560.000    553.466     0.1962  29.025600     0.1983  29.025398     4.6910     4.8139     0.0036    98.3259 1.0000e-12  -73.85828 -113.06134  39.771860      90.23 2.6271e+02    966.669      23201  1030.2838  1030.2816     4.6644     0.0695     0.1246    34.4269    34.4243    8.00135         29 0.0000e+00
    561.000    554.451     0.1978  29.027580     0.1998  29.027145     4.6899     4.8178     0.0073    98.3814 1.0000e-12  -73.85828 -113.06134  39.771876      87.68 2.6281e+02    968.101      23235  1030.2887  1030.2863     4.6670     0.0709     0.1245    34.4272    34.4245    8.00101         38 0.0000e+00
    562.000    555.438     0.1996  29.029697     0.2019  29.029684     4.6861     4.8199     0.1134    98.3675 1.0000e-12  -73.85828 -113.06134  39.771893     100.22 2.6402e+02    969.514      23269  1030.2933  1030.2911     4.6664     0.0699     0.1264    34.4274    34.4248    8.00062         28 0.0000e+00
    563.000    556.426     0.2001  29.031015     0.2024  29.030947     4.6846     4.8156     0.2657    98.3610 1.0000e-12  -73.85828 -113.06134  39.771904      99.91 2.6259e+02    970.545      23294  1030.2985  1030.2962     4.6661     0.0719     0.1275    34.4279    34.4253    8.00048         23 0.0000e+00
    564.000    557.412     0.2053  29.036825     0.2093  29.038110     4.6854     4.8096    -0.0009    98.3390 1.0000e-12  -73.85828 -113.06134  39.771915      99.91 2.6233e+02    971.458      23316  1030.3037  1030.3012     4.6650     0.0712     0.1262    34.4292    34.4264    7.99933         21 0.0000e+00
    565.000    558.398     0.2122  29.043440     0.2147  29.043400     4.6804     4.8034     0.0126    98.3390 1.0000e-12  -73.85828 -113.06134  39.771926      99.91 2.6418e+02    972.431      23339  1030.3081  1030.3057     4.6650     0.0709     0.1264    34.4296    34.4268    7.99787         27 0.0000e+00
    566.000    559.387     0.2145  29.046374     0.2171  29.046391     4.6756     4.8011     0.2584    98.2955 1.0000e-12  -73.85826 -113.06134  39.771941      99.91 2.6257e+02    973.680      23369  1030.3132  1030.3108     4.6630     0.0710     0.1283    34.4303    34.4275    7.99735         32 0.0000e+00
    567.000    560.376     0.2158  29.047977     0.2181  29.047937     4.6758     4.8067     0.0036    98.3218 1.0000e-12  -73.85826 -113.06134  39.771958      99.91 2.6197e+02    975.139      23404  1030.3180  1030.3157     4.6642     0.0719     0.1287    34.4304    34.4278    7.99708         30 0.0000e+00
    568.000    561.358     0.2162  29.048951     0.2184  29.048799     4.6802     4.8101     0.0055    98.2672 1.0000e-12  -73.85826 -113.06134  39.771971      99.91 2.6381e+02    976.292      23432  1030.3229  1030.3206     4.6617     0.0705     0.1252    34.4306    34.4280    7.99698         24 0.0000e+00
    569.000    562.348     0.2181  29.051559     0.2204  29.051424     4.6797     4.8091     0.0107    98.2421 1.0000e-12  -73.85826 -113.06134  39.771982      99.91 2.6073e+02    977.234      23455  1030.3280  1030.3257     4.6605     0.0716     0.1281    34.4313    34.4287    7.99655         22 0.0000e+00
