ocean_section_plots/required_files/ctd/dnbp2202_ctd170.cnv
* Sea-Bird SBE 9 Data File:
* FileName = D:\Data\raw\NBP2202_CTD170.hex
* Software Version Seasave V 7.26.7.121
* Temperature SN = 1649
* Conductivity SN = 2513
* Number of Bytes Per Scan = 40
* Number of Voltage Words = 5
* Number of Scans Averaged by the Deck Unit = 1
* NMEA Latitude = 74 11.43 S
* NMEA Longitude = 110 25.40 W
* NMEA UTC (Time) = Feb 03 2022  13:37:23
* NMEA baud rate = 9600
** Ship: RVIB N.B. Palmer
** Cruise: NBP2202 Thwaites
** Station: 92
** Operator: B Bjork
# nquan = 28
# nvalues = 203                         
# units = specified
# name 0 = prDM: Pressure, Digiquartz [db]
# name 1 = depSM: Depth [salt water, m]
# name 2 = t090C: Temperature [ITS-90, deg C]
# name 3 = c0mS/cm: Conductivity [mS/cm]
# name 4 = t190C: Temperature, 2 [ITS-90, deg C]
# name 5 = c1mS/cm: Conductivity, 2 [mS/cm]
# name 6 = sbeox0ML/L: Oxygen, SBE 43 [ml/l]
# name 7 = sbeox1ML/L: Oxygen, SBE 43, 2 [ml/l]
# name 8 = flECO-AFL: Fluorescence, WET Labs ECO-AFL/FL [mg/m^3]
# name 9 = CStarTr0: Beam Transmission, WET Labs C-Star [%]
# name 10 = par: PAR/Irradiance, Biospherical/Licor
# name 11 = latitude: Latitude [deg]
# name 12 = longitude: Longitude [deg]
# name 13 = timeJ: Julian Days
# name 14 = altM: Altimeter [m]
# name 15 = spar: SPAR, Biospherical/Licor
# name 16 = timeS: Time, Elapsed [seconds]
# name 17 = scan: Scan Count
# name 18 = density00: Density [density, kg/m^3]
# name 19 = density11: Density, 2 [density, kg/m^3]
# name 20 = v3: Voltage 3
# name 21 = v4: Voltage 4
# name 22 = v5: Voltage 5
# name 23 = sal00: Salinity, Practical [PSU]
# name 24 = sal11: Salinity, Practical, 2 [PSU]
# name 25 = oxsolML/L: Oxygen Saturation, Garcia & Gordon [ml/l]
# name 26 = nbin: number of scans per bin
# name 27 = flag: flag
# span 0 =      1.000,    203.000       
# span 1 =      0.970,    200.792       
# span 2 =    -1.4344,    -1.1958       
# span 3 =  26.960718,  27.396128       
# span 4 =    -1.4334,    -1.1944       
# span 5 =  26.960401,  27.396333       
# span 6 =     5.6585,     6.7147       
# span 7 =     5.7962,     6.8373       
# span 8 =    -0.0224,     5.7925       
# span 9 =    89.2433,    99.0094       
# span 10 = 1.0000e-12, 1.9332e+02      
# span 11 =  -74.19064,  -74.19042      
# span 12 = -110.42344, -110.42313      
# span 13 =  34.570766,  34.574579      
# span 14 =       4.11,     100.00      
# span 15 = 1.5161e+03, 1.5402e+03      
# span 16 =    271.167,    600.653      
# span 17 =       6509,      14417      
# span 18 =  1027.1830,  1028.3436      
# span 19 =  1027.1822,  1028.3421      
# span 20 =     4.2334,     4.6968      
# span 21 =     0.0641,     0.9348      
# span 22 =     0.1211,     0.1810      
# span 23 =    33.7788,    34.0254      
# span 24 =    33.7779,    34.0231      
# span 25 =    8.32399,    8.38693      
# span 26 =          5,         51      
# span 27 = 0.0000e+00, 0.0000e+00      
# interval = decibars: 1                
# start_time = Feb 03 2022 13:37:23 [NMEA time, header]
# bad_flag = -9.990e-29
*END*
[from data line 156]
    157.000    155.316    -1.2113  27.361570    -1.2098  27.361337     5.6842     5.8203    -0.0043    98.8327 1.0000e-12  -74.19046 -110.42327  34.573367      50.56 1.5317e+03    495.902      11903  1028.1222  1028.1206     4.6884     0.0654     0.1301    34.0225    34.0206    8.32758         29 0.0000e+00
    158.000    156.305    -1.2104  27.362728    -1.2091  27.362354     5.6949     5.8284    -0.0080    98.8396 1.0000e-12  -74.19046 -110.42328  34.573381      49.71 1.5303e+03    497.104      11931  1028.1270  1028.1253     4.6888     0.0653     0.1316    34.0225    34.0205    8.32738         28 0.0000e+00
    159.000    157.294    -1.2115  27.362554    -1.2106  27.361874     5.6936     5.8376    -0.0196    98.8619 1.0000e-12  -74.19046 -110.42328  34.573395      48.51 1.5308e+03    498.325      11961  1028.1321  1028.1306     4.6898     0.0648     0.1297    34.0229    34.0210    8.32761         30 0.0000e+00
    160.000    158.282    -1.2127  27.362149    -1.2114  27.361808     5.6944     5.8302    -0.0224    98.8528 1.0000e-12  -74.19046 -110.42328  34.573409      47.81 1.5311e+03    499.542      11990  1028.1372  1028.1355     4.6894     0.0646     0.1317    34.0231    34.0212    8.32787         29 0.0000e+00
    161.000    159.272    -1.2128  27.362486    -1.2114  27.362204     5.6995     5.8333    -0.0105    98.8412 1.0000e-12  -74.19046 -110.42328  34.573423      46.87 1.5302e+03    500.762      12019  1028.1419  1028.1402     4.6888     0.0641     0.1319    34.0231    34.0210    8.32790         30 0.0000e+00
    162.000    160.260    -1.2128  27.362882    -1.2110  27.362898     5.6892     5.8331    -0.0014    98.8289 1.0000e-12  -74.19045 -110.42328  34.573437      45.55 1.5312e+03    501.997      12049  1028.1467  1028.1449     4.6882     0.0681     0.1303    34.0230    34.0210    8.32790         29 0.0000e+00
    163.000    161.249    -1.2122  27.363814    -1.2107  27.363655     5.6975     5.8329    -0.0143    98.8511 1.0000e-12  -74.19044 -110.42328  34.573452      44.50 1.5333e+03    503.214      12078  1028.1514  1028.1497     4.6893     0.0647     0.1331    34.0230    34.0210    8.32777         29 0.0000e+00
    164.000    162.238    -1.2151  27.362019    -1.2130  27.362297     5.7009     5.8349    -0.0111    98.8754 1.0000e-12  -74.19044 -110.42330  34.573466      43.72 1.5318e+03    504.435      12107  1028.1566  1028.1548     4.6905     0.0711     0.1298    34.0232    34.0211    8.32840         30 0.0000e+00
    165.000    163.228    -1.2143  27.363364    -1.2129  27.362982     5.6968     5.8354    -0.0150    98.8636 1.0000e-12  -74.19044 -110.42330  34.573480      42.59 1.5336e+03    505.668      12137  1028.1615  1028.1597     4.6900     0.0641     0.1301    34.0234    34.0214    8.32819         28 0.0000e+00
    166.000    164.217    -1.2142  27.363926    -1.2126  27.363740     5.6925     5.8357    -0.0150    98.8503 1.0000e-12  -74.19044 -110.42330  34.573494      41.65 1.5347e+03    506.900      12167  1028.1663  1028.1646     4.6893     0.0662     0.1312    34.0234    34.0214    8.32817         29 0.0000e+00
    167.000    165.204    -1.2126  27.365941    -1.2113  27.365365     5.6903     5.8347    -0.0150    98.8857 1.0000e-12  -74.19044 -110.42330  34.573508      40.53 1.5341e+03    508.125      12196  1028.1713  1028.1694     4.6910     0.0645     0.1335    34.0238    34.0216    8.32780         29 0.0000e+00
    168.000    166.193    -1.2122  27.366634    -1.2109  27.366330     5.6985     5.8291     0.0006    98.8806 1.0000e-12  -74.19044 -110.42330  34.573523      39.60 1.5342e+03    509.352      12225  1028.1759  1028.1743     4.6907     0.0644     0.1328    34.0237    34.0218    8.32772         30 0.0000e+00
    169.000    167.184    -1.2121  27.367274    -1.2103  27.367329     5.6962     5.8282    -0.0044    98.8493 1.0000e-12  -74.19044 -110.42330  34.573537      38.59 1.5347e+03    510.582      12255  1028.1809  1028.1792     4.6893     0.0650     0.1315    34.0239    34.0219    8.32769         29 0.0000e+00
    170.000    168.172    -1.2115  27.368266    -1.2102  27.367962     5.7003     5.8277    -0.0012    98.8676 1.0000e-12  -74.19044 -110.42330  34.573551      37.71 1.5341e+03    511.804      12284  1028.1857  1028.1840     4.6901     0.0671     0.1310    34.0239    34.0219    8.32755         30 0.0000e+00
    171.000    169.159    -1.2122  27.368126    -1.2103  27.368256     5.6883     5.8309    -0.0148    98.8406 1.0000e-12  -74.19044 -110.42330  34.573565      36.59 1.5339e+03    513.046      12314  1028.1905  1028.1887     4.6888     0.0675     0.1297    34.0239    34.0218    8.32771         30 0.0000e+00
    172.000    170.150    -1.2100  27.370821    -1.2062  27.372495     5.6837     5.8283    -0.0150    98.8634 1.0000e-12  -74.19044 -110.42330  34.573580      35.79 1.5346e+03    514.286      12344  1028.1955  1028.1937     4.6899     0.0660     0.1337    34.0244    34.0224    8.32718         29 0.0000e+00
    173.000    171.137    -1.2062  27.374583    -1.2048  27.374325     5.6810     5.8174    -0.0125    98.8724 1.0000e-12  -74.19044 -110.42330  34.573594      34.49 1.5321e+03    515.514      12373  1028.2003  1028.1987     4.6904     0.0699     0.1351    34.0247    34.0227    8.32633         29 0.0000e+00
    174.000    172.127    -1.2044  27.376688    -1.2030  27.376331     5.6765     5.8143    -0.0077    98.8660 1.0000e-12  -74.19044 -110.42330  34.573608      33.25 1.5353e+03    516.742      12403  1028.2051  1028.2034     4.6901     0.0652     0.1324    34.0249    34.0228    8.32591         30 0.0000e+00
    175.000    173.115    -1.2031  27.378259    -1.2026  27.377210     5.6670     5.8150    -0.0077    98.8796 1.0000e-12  -74.19044 -110.42330  34.573622      32.33 1.5364e+03    517.974      12432  1028.2099  1028.2083     4.6907     0.0668     0.1291    34.0249    34.0229    8.32562         29 0.0000e+00
    176.000    174.105    -1.2013  27.380207    -1.2011  27.378869     5.6634     5.8166     0.0074    98.8825 1.0000e-12  -74.19044 -110.42332  34.573637      31.18 1.5348e+03    519.202      12462  1028.2147  1028.2130     4.6908     0.0663     0.1306    34.0249    34.0229    8.32522         31 0.0000e+00
    177.000    175.092    -1.2006  27.381329    -1.1998  27.380362     5.6663     5.8083    -0.0038    98.8561 1.0000e-12  -74.19044 -110.42331  34.573652      30.35 1.5350e+03    520.523      12494  1028.2195  1028.2176     4.6895     0.0686     0.1342    34.0250    34.0228    8.32505         32 0.0000e+00
    178.000    176.082    -1.1979  27.384188    -1.1964  27.383872     5.6725     5.8109    -0.0096    98.8582 1.0000e-12  -74.19044 -110.42332  34.573668      29.19 1.5362e+03    521.916      12527  1028.2243  1028.2225     4.6897     0.0666     0.1329    34.0252    34.0231    8.32443         35 0.0000e+00
    179.000    177.069    -1.1971  27.385228    -1.1955  27.384939     5.6704     5.8038    -0.0149    98.7455 1.0000e-12  -74.19044 -110.42332  34.573685      28.18 1.5382e+03    523.358      12562  1028.2291  1028.2272     4.6843     0.0657     0.1307    34.0252    34.0230    8.32427         35 0.0000e+00
    180.000    178.060    -1.1969  27.385881    -1.1952  27.385714     5.6682     5.7996    -0.0150    98.8602 1.0000e-12  -74.19044 -110.42332  34.573702      27.15 1.5356e+03    524.871      12598  1028.2338  1028.2321     4.6898     0.0667     0.1314    34.0252    34.0230    8.32421         37 0.0000e+00
    181.000    179.048    -1.1962  27.386894    -1.1946  27.386631     5.6678     5.7996    -0.0150    98.8422 1.0000e-12  -74.19044 -110.42332  34.573721      26.17 1.5351e+03    526.468      12636  1028.2386  1028.2368     4.6889     0.0659     0.1810    34.0252    34.0230    8.32407         36 0.0000e+00
    182.000    180.037    -1.1963  27.387272    -1.1949  27.386810     5.6703     5.8026    -0.0204    98.8338 1.0000e-12  -74.19044 -110.42332  34.573740      25.23 1.5348e+03    528.140      12676  1028.2434  1028.2417     4.6885     0.0660     0.1283    34.0252    34.0230    8.32408         37 0.0000e+00
    183.000    181.026    -1.1958  27.388018    -1.1944  27.387745     5.6691     5.8032    -0.0115    98.8440 1.0000e-12  -74.19044 -110.42332  34.573760      24.06 1.5348e+03    529.886      12718  1028.2481  1028.2465     4.6890     0.0674     0.1334    34.0250    34.0230    8.32399         42 0.0000e+00
    184.000    182.015    -1.1967  27.387741    -1.1953  27.387409     5.6697     5.8076    -0.0086    98.8410 1.0000e-12  -74.19044 -110.42332  34.573781      23.03 1.5352e+03    531.714      12762  1028.2530  1028.2513     4.6888     0.0656     0.1325    34.0250    34.0230    8.32418         38 0.0000e+00
    185.000    183.003    -1.1965  27.388331    -1.1952  27.387996     5.6721     5.8052    -0.0077    98.8295 1.0000e-12  -74.19043 -110.42332  34.573803      22.01 1.5363e+03    533.580      12807  1028.2578  1028.2561     4.6883     0.0659     0.1312    34.0250    34.0230    8.32414         41 0.0000e+00
    186.000    183.992    -1.1969  27.388537    -1.1952  27.388314     5.6713     5.8049    -0.0115    98.8306 1.0000e-12  -74.19042 -110.42332  34.573826      21.05 1.5360e+03    535.540      12854  1028.2627  1028.2609     4.6883     0.0675     0.1349    34.0251    34.0229    8.32422         41 0.0000e+00
    187.000    184.981    -1.1970  27.388818    -1.1954  27.388655     5.6716     5.8045    -0.0143    98.8103 1.0000e-12  -74.19042 -110.42331  34.573851      20.00 1.5367e+03    537.719      12906  1028.2674  1028.2657     4.6874     0.0674     0.1320    34.0250    34.0229    8.32426         38 0.0000e+00
    188.000    185.970    -1.1963  27.389954    -1.1948  27.389666     5.6710     5.7993    -0.0118    98.8282 1.0000e-12  -74.19042 -110.42331  34.573877      18.92 1.5360e+03    540.008      12961  1028.2723  1028.2705     4.6882     0.0797     0.1376    34.0252    34.0230    8.32409         45 0.0000e+00
    189.000    186.958    -1.1964  27.390338    -1.1944  27.390364     5.6711     5.7996    -0.0150    98.8325 1.0000e-12  -74.19042 -110.42332  34.573903      17.96 1.5367e+03    542.180      13013  1028.2771  1028.2752     4.6884     0.0691     0.1334    34.0252    34.0230    8.32412         47 0.0000e+00
    190.000    187.947    -1.1969  27.390471    -1.1946  27.390747     5.6710     5.8028    -0.0106    98.8352 1.0000e-12  -74.19042 -110.42332  34.573928      17.10 1.5366e+03    544.406      13067  1028.2819  1028.2801     4.6885     0.0667     0.1329    34.0252    34.0230    8.32421         49 0.0000e+00
    191.000    188.934    -1.1964  27.391432    -1.1947  27.391127     5.6692     5.8036    -0.0073    98.8325 1.0000e-12  -74.19042 -110.42332  34.573955      16.06 1.5359e+03    546.753      13123  1028.2868  1028.2849     4.6885     0.0668     0.1335    34.0254    34.0230    8.32409         40 0.0000e+00
    192.000    189.924    -1.1974  27.390881    -1.1958  27.390555     5.6703     5.8054    -0.0072    98.8369 1.0000e-12  -74.19042 -110.42332  34.573982      15.09 1.5357e+03    549.024      13178  1028.2915  1028.2897     4.6886     0.0680     0.1357    34.0251    34.0230    8.32433         43 0.0000e+00
    193.000    190.913    -1.1978  27.390934    -1.1962  27.390650     5.6648     5.8053    -0.0091    98.8313 1.0000e-12  -74.19042 -110.42332  34.574009      14.04 1.5359e+03    551.350      13233  1028.2962  1028.2944     4.6884     0.0675     0.1336    34.0250    34.0229    8.32442         47 0.0000e+00
    194.000    191.901    -1.1976  27.391588    -1.1963  27.391069     5.6667     5.8058    -0.0102    98.8073 1.0000e-12  -74.19042 -110.42332  34.574037      13.02 1.5369e+03    553.812      13292  1028.3011  1028.2992     4.6873     0.0779     0.1331    34.0252    34.0229    8.32439         44 0.0000e+00
    195.000    192.889    -1.1977  27.391994    -1.1962  27.391549     5.6692     5.8078    -0.0053    98.8458 1.0000e-12  -74.19042 -110.42332  34.574065      12.01 1.5357e+03    556.258      13351  1028.3059  1028.3040     4.6890     0.0690     0.1375    34.0252    34.0229    8.32440         43 0.0000e+00
    196.000    193.880    -1.1982  27.392035    -1.1965  27.391844     5.6732     5.8078    -0.0165    98.8362 1.0000e-12  -74.19042 -110.42332  34.574095      10.99 1.5362e+03    558.784      13412  1028.3107  1028.3089     4.6886     0.0687     0.1326    34.0252    34.0230    8.32451         51 0.0000e+00
    197.000    194.868    -1.1983  27.392341    -1.1969  27.391944     5.6751     5.8083    -0.0132    98.8325 1.0000e-12  -74.19042 -110.42332  34.574125      10.09 1.5362e+03    561.417      13475  1028.3154  1028.3136     4.6884     0.0680     0.1353    34.0251    34.0229    8.32454         46 0.0000e+00
    198.000    195.856    -1.1987  27.392360    -1.1970  27.392139     5.6723     5.8021    -0.0095    98.8414 1.0000e-12  -74.19042 -110.42332  34.574157       9.01 1.5367e+03    564.191      13542  1028.3201  1028.3182     4.6888     0.0676     0.1384    34.0249    34.0227    8.32463         43 0.0000e+00
    199.000    196.845    -1.1983  27.392938    -1.1966  27.392691     5.6706     5.8016    -0.0148    98.8231 1.0000e-12  -74.19042 -110.42331  34.574191       8.04 1.5364e+03    567.079      13611  1028.3246  1028.3228     4.6880     0.0668     0.1334    34.0247    34.0225    8.32456         45 0.0000e+00
    200.000    197.831    -1.1980  27.393532    -1.1966  27.393230     5.6676     5.8011    -0.0132    98.8281 1.0000e-12  -74.19042 -110.42331  34.574224       7.06 1.5360e+03    569.982      13681  1028.3293  1028.3276     4.6882     0.0675     0.1337    34.0245    34.0225    8.32450         35 0.0000e+00
    201.000    198.824    -1.1980  27.394119    -1.1963  27.393874     5.6667     5.7962    -0.0108    98.8365 1.0000e-12  -74.19042 -110.42331  34.574258       6.07 1.5350e+03    572.882      13750  1028.3342  1028.3323     4.6886     0.0673     0.1335    34.0247    34.0224    8.32449         34 0.0000e+00
    202.000    199.814    -1.1964  27.396071    -1.1950  27.395555     5.6629     5.7998    -0.0145    98.7895 1.0000e-12  -74.19042 -110.42331  34.574292       5.02 1.5349e+03    575.867      13822  1028.3390  1028.3371     4.6864     0.0670     0.1327    34.0249    34.0226    8.32412         35 0.0000e+00
    203.000    200.792    -1.1965  27.396128    -1.1947  27.396333     5.6687     5.8009    -0.0043    98.8491 1.0000e-12  -74.19042 -110.42332  34.574579       4.11 1.5385e+03    600.653      14417  1028.3436  1028.3421     4.6896     0.0675     0.1279    34.0245    34.0227    8.32417          8 0.0000e+00
