ocean_section_plots/required_files/ctd/dnbp2202_ctd067.cnv
* Sea-Bird SBE 9 Data File:
* FileName = D:\Data\raw\NBP2202_CTD067.hex
* Software Version Seasave V 7.26.7.121
* Temperature SN = 1649
* Conductivity SN = 2513
* Number of Bytes Per Scan = 40
* Number of Voltage Words = 5
* Number of Scans Averaged by the Deck Unit = 1
* NMEA Latitude = 74 10.18 S
* NMEA Longitude = 112 12.72 W
* NMEA UTC (Time) = Jan 25 2022  23:17:52
* NMEA baud rate = 9600
** Ship: RVIB N.B. Palmer
** Cruise: NBP2202 Thwaites
** Station: 48
** Operator: A. Robinson
** N-S Transect Line
# nquan = 25
# nvalues = 822                         
# units = specified
# name 0 = prDM: Pressure, Digiquartz [db]
# name 1 = depSM: Depth [salt water, m]
# name 2 = t090C: Temperature [ITS-90, deg C]
# name 3 = c0mS/cm: Conductivity [mS/cm]
# name 4 = t190C: Temperature, 2 [ITS-90, deg C]
# name 5 = c1mS/cm: Conductivity, 2 [mS/cm]
# name 6 = sbeox0ML/L: Oxygen, SBE 43 [ml/l]
# name 7 = sbeox1ML/L: Oxygen, SBE 43, 2 [ml/l]
# name 8 = flECO-AFL: Fluorescence, WET Labs ECO-AFL/FL [mg/m^3]
# name 9 = CStarTr0: Beam Transmission, WET Labs C-Star [%]
# name 10 = par: PAR/Irradiance, Biospherical/Licor
# name 11 = latitude: Latitude [deg]
# name 12 = longitude: Longitude [deg]
# name 13 = timeJ: Julian Days
# name 14 = altM: Altimeter [m]
# name 15 = spar: SPAR, Biospherical/Licor
# name 16 = timeS: Time, Elapsed [seconds]
# name 17 = scan: Scan Count
# name 18 = density00: Density [density, kg/m^3]
# name 19 = density11: Density, 2 [density, kg/m^3]
# name 20 = sal00: Salinity, Practical [PSU]
# name 21 = sal11: Salinity, Practical, 2 [PSU]
# name 22 = oxsolML/L: Oxygen Saturation, Garcia & Gordon [ml/l]
# name 23 = nbin: number of scans per bin
# name 24 = flag: flag
# span 0 =      2.000,    823.000       
# span 1 =      1.982,    812.871       
# span 2 =    -1.5695,     0.5363       
# span 3 =  26.980748,  29.531147       
# span 4 =    -1.5708,     0.5387       
# span 5 =  26.980353,  29.530927       
# span 6 =     4.4372,     9.4191       
# span 7 =     4.7142,     9.7168       
# span 8 =    -0.0123,    29.5424       
# span 9 =    59.0342,    95.4530       
# span 10 = 1.0000e-12, 3.7632e+02      
# span 11 =  -74.16972,  -74.16970      
# span 12 = -112.21208, -112.21198      
# span 13 =  25.973403,  25.987031      
# span 14 =       4.24,     119.79      
# span 15 = 8.9450e+02, 1.1953e+03      
# span 16 =    229.992,   1407.471      
# span 17 =       5521,      33780      
# span 18 =  1027.1847,  1031.5951      
# span 19 =  1027.1872,  1031.5929      
# span 20 =    33.8143,    34.5577      
# span 21 =    33.8167,    34.5553      
# span 22 =    7.92388,    8.41372      
# span 23 =          6,         50      
# span 24 = 0.0000e+00, 0.0000e+00      
# interval = decibars: 1                
# start_time = Jan 25 2022 23:17:52 [NMEA time, header]
# bad_flag = -9.990e-29
*END*
[from data line 696]
    698.000    689.615     0.3952  29.322560     0.3969  29.321650     4.5895     4.8100     0.0025    95.4103 1.0000e-12  -74.16970 -112.21204  25.984022      99.78 9.8733e+02   1147.481      27541  1030.9863  1030.9838    34.5137    34.5107    7.95531         28 0.0000e+00
    699.000    690.601     0.4001  29.327968     0.4023  29.327802     4.5690     4.7957    -0.0054    95.4277 1.0000e-12  -74.16970 -112.21204  25.984035      99.79 9.8741e+02   1148.643      27568  1030.9914  1030.9891    34.5147    34.5121    7.95423         27 0.0000e+00
    700.000    691.588     0.4040  29.332528     0.4063  29.332526     4.5796     4.7959    -0.0077    95.3984 1.0000e-12  -74.16970 -112.21204  25.984048      99.79 9.8749e+02   1149.721      27594  1030.9966  1030.9943    34.5158    34.5132    7.95338         25 0.0000e+00
    701.000    692.575     0.4082  29.337735     0.4109  29.338222     4.5681     4.7981    -0.0035    95.3903 1.0000e-12  -74.16970 -112.21204  25.984060      99.78 9.8489e+02   1150.780      27620  1031.0021  1031.0000    34.5174    34.5150    7.95243         26 0.0000e+00
    702.000    693.558     0.4124  29.342943     0.4145  29.342742     4.5525     4.7987    -0.0004    95.3964 1.0000e-12  -74.16970 -112.21204  25.984073      99.79 9.8395e+02   1151.881      27646  1031.0077  1031.0055    34.5189    34.5163    7.95148         28 0.0000e+00
    703.000    694.547     0.4131  29.344201     0.4150  29.343815     4.5715     4.8026     0.0098    95.4118 1.0000e-12  -74.16970 -112.21204  25.984086      99.79 9.8631e+02   1153.057      27674  1031.0126  1031.0103    34.5191    34.5165    7.95132         29 0.0000e+00
    704.000    695.533     0.4135  29.345055     0.4156  29.345069     4.5745     4.7982     0.0088    95.4277 1.0000e-12  -74.16970 -112.21204  25.984100      99.79 9.8458e+02   1154.267      27703  1031.0173  1031.0153    34.5192    34.5169    7.95123         28 0.0000e+00
    705.000    696.518     0.4140  29.346017     0.4158  29.345644     4.5706     4.7986     0.0006    95.4280 1.0000e-12  -74.16970 -112.21204  25.984114      99.79 9.8464e+02   1155.406      27731  1031.0221  1031.0200    34.5193    34.5169    7.95112         26 0.0000e+00
    706.000    697.506     0.4137  29.346166     0.4156  29.345814     4.5625     4.7940    -0.0069    95.4240 1.0000e-12  -74.16970 -112.21204  25.984126      99.70 9.8525e+02   1156.485      27757  1031.0268  1031.0247    34.5193    34.5168    7.95118         26 0.0000e+00
    707.000    698.492     0.4148  29.347905     0.4168  29.347699     4.5722     4.7947    -0.0018    95.4159 1.0000e-12  -74.16970 -112.21203  25.984139      72.75 9.8343e+02   1157.581      27783  1031.0319  1031.0297    34.5198    34.5173    7.95094         27 0.0000e+00
    708.000    699.477     0.4169  29.350521     0.4186  29.349909     4.5515     4.7900    -0.0004    95.4185 1.0000e-12  -74.16970 -112.21203  25.984152      96.76 9.8319e+02   1158.723      27810  1031.0368  1031.0345    34.5203    34.5176    7.95047         28 0.0000e+00
    709.000    700.464     0.4199  29.354147     0.4215  29.353586     4.5627     4.7852    -0.0004    95.4217 1.0000e-12  -74.16970 -112.21203  25.984165      99.80 9.8408e+02   1159.879      27838  1031.0419  1031.0397    34.5211    34.5185    7.94981         27 0.0000e+00
    710.000    701.450     0.4222  29.356966     0.4247  29.357239     4.5570     4.7846    -0.0007    95.4058 1.0000e-12  -74.16970 -112.21203  25.984178      99.78 9.8225e+02   1161.016      27865  1031.0468  1031.0447    34.5216    34.5193    7.94931         28 0.0000e+00
    711.000    702.438     0.4242  29.359646     0.4263  29.359557     4.5425     4.7826    -0.0076    95.4363 1.0000e-12  -74.16970 -112.21204  25.984191      99.79 9.8129e+02   1162.143      27892  1031.0519  1031.0497    34.5223    34.5198    7.94886         27 0.0000e+00
    712.000    703.422     0.4256  29.361498     0.4275  29.361195     4.5463     4.7834    -0.0074    95.4428 1.0000e-12  -74.16970 -112.21202  25.984204      99.79 9.8261e+02   1163.271      27919  1031.0567  1031.0545    34.5226    34.5201    7.94856         26 0.0000e+00
    713.000    704.409     0.4307  29.367688     0.4323  29.366754     4.5039     4.7789     0.0064    95.4104 1.0000e-12  -74.16970 -112.21204  25.984218      99.79 9.8004e+02   1164.401      27947  1031.0623  1031.0598    34.5244    34.5214    7.94741         27 0.0000e+00
    714.000    705.396     0.4365  29.374489     0.4387  29.374240     4.5354     4.7734    -0.0079    95.3898 1.0000e-12  -74.16970 -112.21204  25.984231      99.78 9.7864e+02   1165.520      27973  1031.0679  1031.0656    34.5263    34.5235    7.94611         27 0.0000e+00
    715.000    706.382     0.4408  29.379551     0.4430  29.379533     4.5520     4.7812    -0.0004    95.4020 1.0000e-12  -74.16970 -112.21203  25.984244      99.79 9.7991e+02   1166.642      28000  1031.0732  1031.0710    34.5275    34.5250    7.94516         28 0.0000e+00
    716.000    707.368     0.4417  29.381045     0.4437  29.380771     4.5254     4.7827    -0.0017    95.4215 1.0000e-12  -74.16970 -112.21202  25.984257      99.78 9.7867e+02   1167.784      28028  1031.0782  1031.0759    34.5279    34.5252    7.94496         27 0.0000e+00
    717.000    708.354     0.4439  29.383857     0.4465  29.384421     4.5453     4.7776    -0.0061    95.3965 1.0000e-12  -74.16970 -112.21202  25.984270      99.79 9.7733e+02   1168.939      28056  1031.0832  1031.0812    34.5286    34.5263    7.94447         28 0.0000e+00
    718.000    709.341     0.4484  29.389616     0.4516  29.390575     4.5445     4.7694    -0.0004    95.4013 1.0000e-12  -74.16970 -112.21204  25.984283      99.73 9.7636e+02   1170.068      28083  1031.0890  1031.0868    34.5304    34.5281    7.94343         26 0.0000e+00
    719.000    710.326     0.4527  29.394584     0.4547  29.394276     4.5419     4.7758    -0.0024    95.3598 1.0000e-12  -74.16970 -112.21204  25.984296      91.16 9.7657e+02   1171.168      28109  1031.0942  1031.0920    34.5315    34.5290    7.94248         26 0.0000e+00
    720.000    711.313     0.4536  29.395987     0.4555  29.395552     4.5385     4.7764    -0.0061    95.3876 1.0000e-12  -74.16970 -112.21204  25.984309      97.45 9.7578e+02   1172.259      28135  1031.0990  1031.0969    34.5317    34.5292    7.94228         27 0.0000e+00
    721.000    712.300     0.4539  29.396713     0.4563  29.396897     4.5338     4.7705     0.0016    95.3964 1.0000e-12  -74.16970 -112.21204  25.984322      99.77 9.7594e+02   1173.386      28162  1031.1038  1031.1017    34.5318    34.5294    7.94222         28 0.0000e+00
    722.000    713.285     0.4554  29.398699     0.4577  29.398698     4.5259     4.7694    -0.0018    95.3779 1.0000e-12  -74.16970 -112.21204  25.984336      99.79 9.7430e+02   1174.597      28191  1031.1087  1031.1065    34.5322    34.5296    7.94190         30 0.0000e+00
    723.000    714.272     0.4559  29.399668     0.4582  29.399734     4.5223     4.7691    -0.0123    95.3672 1.0000e-12  -74.16970 -112.21203  25.984350      99.79 9.7265e+02   1175.797      28220  1031.1135  1031.1114    34.5323    34.5298    7.94179         27 0.0000e+00
    724.000    715.257     0.4570  29.401283     0.4590  29.401096     4.5275     4.7691    -0.0046    95.3646 1.0000e-12  -74.16970 -112.21202  25.984362      99.79 9.7298e+02   1176.899      28247  1031.1183  1031.1162    34.5326    34.5302    7.94154         26 0.0000e+00
    725.000    716.244     0.4574  29.402133     0.4592  29.401745     4.5582     4.7733    -0.0004    95.3567 1.0000e-12  -74.16970 -112.21202  25.984375      99.78 9.7182e+02   1177.977      28272  1031.1231  1031.1209    34.5327    34.5302    7.94146         26 0.0000e+00
    726.000    717.231     0.4577  29.402859     0.4595  29.402548     4.5674     4.7687    -0.0007    95.3082 1.0000e-12  -74.16970 -112.21202  25.984388      88.46 9.7128e+02   1179.083      28299  1031.1278  1031.1257    34.5327    34.5303    7.94139         27 0.0000e+00
    727.000    718.217     0.4574  29.402933     0.4594  29.402724     4.5308     4.7701    -0.0004    95.3329 1.0000e-12  -74.16970 -112.21202  25.984401      69.14 9.7147e+02   1180.224      28326  1031.1325  1031.1303    34.5326    34.5301    7.94147         28 0.0000e+00
    728.000    719.201     0.4575  29.403453     0.4594  29.403140     4.5343     4.7743    -0.0009    95.3523 1.0000e-12  -74.16970 -112.21202  25.984414      99.74 9.7116e+02   1181.394      28354  1031.1372  1031.1350    34.5326    34.5301    7.94145         28 0.0000e+00
    729.000    720.188     0.4580  29.404549     0.4599  29.404245     4.5354     4.7690     0.0040    95.3289 1.0000e-12  -74.16970 -112.21202  25.984428      98.92 9.6983e+02   1182.555      28382  1031.1420  1031.1399    34.5329    34.5303    7.94132         27 0.0000e+00
    730.000    721.177     0.4583  29.405305     0.4607  29.405508     4.5446     4.7656     0.0117    95.3340 1.0000e-12  -74.16970 -112.21202  25.984441      98.91 9.7018e+02   1183.686      28409  1031.1468  1031.1447    34.5329    34.5306    7.94125         27 0.0000e+00
    731.000    722.161     0.4592  29.406663     0.4613  29.406583     4.5443     4.7643     0.0093    95.3445 1.0000e-12  -74.16970 -112.21202  25.984454      98.65 9.7010e+02   1184.805      28436  1031.1516  1031.1494    34.5332    34.5307    7.94107         27 0.0000e+00
    732.000    723.147     0.4592  29.407068     0.4615  29.407182     4.5416     4.7706     0.0018    95.3538 1.0000e-12  -74.16970 -112.21202  25.984467      97.47 9.6944e+02   1185.906      28463  1031.1562  1031.1541    34.5331    34.5307    7.94107         26 0.0000e+00
    733.000    724.134     0.4589  29.407216     0.4607  29.406745     4.5398     4.7692     0.0047    95.3035 1.0000e-12  -74.16970 -112.21203  25.984479      96.96 9.7034e+02   1186.995      28489  1031.1609  1031.1587    34.5331    34.5304    7.94113         26 0.0000e+00
    734.000    725.120     0.4588  29.407489     0.4606  29.407033     4.5345     4.7709     0.0069    95.3378 1.0000e-12  -74.16970 -112.21204  25.984492      95.21 9.7028e+02   1188.109      28516  1031.1655  1031.1633    34.5329    34.5304    7.94115         28 0.0000e+00
    735.000    726.105     0.4594  29.408674     0.4613  29.408237     4.5287     4.7673     0.0069    95.3043 1.0000e-12  -74.16970 -112.21204  25.984506      94.20 9.6913e+02   1189.279      28544  1031.1703  1031.1681    34.5332    34.5305    7.94101         28 0.0000e+00
    736.000    727.092     0.4618  29.411702     0.4631  29.410750     4.5333     4.7685     0.0069    95.3053 1.0000e-12  -74.16970 -112.21204  25.984519      93.20 9.6932e+02   1190.435      28571  1031.1754  1031.1731    34.5339    34.5312    7.94048         27 0.0000e+00
    737.000    728.079     0.4623  29.412633     0.4642  29.412410     4.5507     4.7674     0.0069    95.3421 1.0000e-12  -74.16970 -112.21204  25.984532      92.19 9.6945e+02   1191.558      28598  1031.1801  1031.1781    34.5341    34.5317    7.94038         27 0.0000e+00
    738.000    729.064     0.4623  29.413199     0.4641  29.412771     4.5332     4.7700     0.0001    95.3224 1.0000e-12  -74.16970 -112.21204  25.984545      91.18 9.6775e+02   1192.673      28625  1031.1849  1031.1827    34.5341    34.5316    7.94036         27 0.0000e+00
    739.000    730.051     0.4625  29.413813     0.4643  29.413402     4.5260     4.7674    -0.0007    95.3050 1.0000e-12  -74.16970 -112.21204  25.984558      90.55 9.6803e+02   1193.781      28652  1031.1896  1031.1874    34.5342    34.5316    7.94032         26 0.0000e+00
    740.000    731.037     0.4624  29.414143     0.4642  29.413664     4.5471     4.7636     0.0059    95.3119 1.0000e-12  -74.16970 -112.21204  25.984571      90.06 9.6895e+02   1194.900      28679  1031.1943  1031.1921    34.5342    34.5316    7.94034         28 0.0000e+00
    741.000    732.022     0.4626  29.414726     0.4645  29.414480     4.5322     4.7639    -0.0001    95.2986 1.0000e-12  -74.16970 -112.21204  25.984584      89.06 9.6677e+02   1196.043      28706  1031.1989  1031.1968    34.5341    34.5317    7.94030         27 0.0000e+00
    742.000    733.009     0.4625  29.414936     0.4645  29.414889     4.5422     4.7694    -0.0004    95.3034 1.0000e-12  -74.16970 -112.21204  25.984597      87.26 9.6757e+02   1197.177      28733  1031.2034  1031.2015    34.5339    34.5316    7.94033         27 0.0000e+00
    743.000    733.995     0.4630  29.415913     0.4647  29.415598     4.5365     4.7675    -0.0004    95.3211 1.0000e-12  -74.16970 -112.21204  25.984610      87.73 9.6755e+02   1198.275      28760  1031.2082  1031.2063    34.5341    34.5318    7.94023         26 0.0000e+00
    744.000    734.982     0.4631  29.416482     0.4650  29.416271     4.5428     4.7680    -0.0004    95.2232 1.0000e-12  -74.16970 -112.21204  25.984622      85.72 9.6516e+02   1199.363      28786  1031.2130  1031.2109    34.5342    34.5318    7.94021         26 0.0000e+00
    745.000    735.968     0.4631  29.417052     0.4651  29.416876     4.5267     4.7705    -0.0078    95.2822 1.0000e-12  -74.16970 -112.21204  25.984635      84.71 9.6554e+02   1200.472      28812  1031.2177  1031.2156    34.5343    34.5319    7.94019         27 0.0000e+00
    746.000    736.954     0.4633  29.417613     0.4653  29.417411     4.5156     4.7636    -0.0001    95.3326 1.0000e-12  -74.16970 -112.21204  25.984648      83.42 9.6752e+02   1201.615      28840  1031.2224  1031.2202    34.5342    34.5317    7.94015         28 0.0000e+00
    747.000    737.940     0.4639  29.418674     0.4661  29.418702     4.5281     4.7579     0.0069    95.3247 1.0000e-12  -74.16970 -112.21204  25.984662      82.57 9.6396e+02   1202.779      28868  1031.2272  1031.2250    34.5344    34.5320    7.94003         28 0.0000e+00
    748.000    738.926     0.4675  29.423270     0.4706  29.424239     4.5456     4.7634     0.0080    95.3206 1.0000e-12  -74.16970 -112.21204  25.984675      81.01 9.6495e+02   1203.920      28895  1031.2325  1031.2305    34.5358    34.5336    7.93921         27 0.0000e+00
    749.000    739.912     0.4694  29.425792     0.4716  29.425952     4.5326     4.7655     0.0120    95.3278 1.0000e-12  -74.16970 -112.21204  25.984688      80.06 9.6744e+02   1205.004      28921  1031.2375  1031.2355    34.5364    34.5341    7.93878         26 0.0000e+00
    750.000    740.897     0.4679  29.424532     0.4699  29.424432     4.5412     4.7666     0.0017    95.3142 1.0000e-12  -74.16970 -112.21204  25.984700      79.16 9.6493e+02   1206.094      28947  1031.2419  1031.2399    34.5358    34.5335    7.93912         26 0.0000e+00
    751.000    741.883     0.4693  29.426727     0.4723  29.427515     4.5173     4.7647     0.0120    95.2693 1.0000e-12  -74.16970 -112.21204  25.984713      78.51 9.6449e+02   1207.228      28974  1031.2471  1031.2449    34.5366    34.5342    7.93880         27 0.0000e+00
    752.000    742.870     0.4753  29.433795     0.4772  29.433481     4.5250     4.7661     0.0046    95.3074 1.0000e-12  -74.16970 -112.21204  25.984726      77.63 9.6562e+02   1208.357      29002  1031.2526  1031.2506    34.5385    34.5360    7.93745         28 0.0000e+00
    753.000    743.856     0.4750  29.433856     0.4768  29.433462     4.5219     4.7616     0.0141    95.2988 1.0000e-12  -74.16970 -112.21204  25.984739      76.82 9.6438e+02   1209.481      29029  1031.2573  1031.2552    34.5383    34.5359    7.93752         27 0.0000e+00
    754.000    744.843     0.4742  29.433368     0.4759  29.432844     4.5156     4.7604    -0.0029    95.3089 1.0000e-12  -74.16970 -112.21204  25.984753      75.56 9.6442e+02   1210.620      29056  1031.2618  1031.2597    34.5381    34.5355    7.93771         28 0.0000e+00
