ocean_section_plots/required_files/ctd/dnbp2202_ctd224.cnv
* Sea-Bird SBE 9 Data File:
* FileName = D:\Data\raw\NBP2202_CTD224.hex
* Software Version Seasave V 7.26.7.121
* Temperature SN = 1649
* Conductivity SN = 2513
* Number of Bytes Per Scan = 40
* Number of Voltage Words = 5
* Number of Scans Averaged by the Deck Unit = 1
* NMEA Latitude = 73 59.11 S
* NMEA Longitude = 111 28.39 W
* NMEA UTC (Time) = Feb 12 2022  09:55:31
* NMEA baud rate = 9600
** Ship: RVIB N.B. Palmer
** Cruise: NBP2202 Thwaites
** Station: 135
** Operator: B. Bjork
# nquan = 28
# nvalues = 482                         
# units = specified
# name 0 = prDM: Pressure, Digiquartz [db]
# name 1 = depSM: Depth [salt water, m]
# name 2 = t090C: Temperature [ITS-90, deg C]
# name 3 = c0mS/cm: Conductivity [mS/cm]
# name 4 = t190C: Temperature, 2 [ITS-90, deg C]
# name 5 = c1mS/cm: Conductivity, 2 [mS/cm]
# name 6 = sbeox0ML/L: Oxygen, SBE 43 [ml/l]
# name 7 = sbeox1ML/L: Oxygen, SBE 43, 2 [ml/l]
# name 8 = flECO-AFL: Fluorescence, WET Labs ECO-AFL/FL [mg/m^3]
# name 9 = CStarTr0: Beam Transmission, WET Labs C-Star [%]
# name 10 = par: PAR/Irradiance, Biospherical/Licor
# name 11 = latitude: Latitude [deg]
# name 12 = longitude: Longitude [deg]
# name 13 = timeJ: Julian Days
# name 14 = altM: Altimeter [m]
# name 15 = spar: SPAR, Biospherical/Licor
# name 16 = timeS: Time, Elapsed [seconds]
# name 17 = scan: Scan Count
# name 18 = density00: Density [density, kg/m^3]
# name 19 = density11: Density, 2 [density, kg/m^3]
# name 20 = v3: Voltage 3
# name 21 = v4: Voltage 4
# name 22 = v5: Voltage 5
# name 23 = sal00: Salinity, Practical [PSU]
# name 24 = sal11: Salinity, Practical, 2 [PSU]
# name 25 = oxsolML/L: Oxygen Saturation, Garcia & Gordon [ml/l]
# name 26 = nbin: number of scans per bin
# name 27 = flag: flag
# span 0 =      1.000,    482.000       
# span 1 =      0.998,    476.461       
# span 2 =    -1.5679,     0.1433       
# span 3 =  27.029152,  28.964995       
# span 4 =    -1.5669,     0.1475       
# span 5 =  27.029425,  28.967351       
# span 6 =     4.7925,     8.1470       
# span 7 =     4.9345,     8.4236       
# span 8 =    -0.0114,    19.3795       
# span 9 =    78.7845,    97.7114       
# span 10 = 1.0000e-12, 2.5984e+01      
# span 11 =  -73.98522,  -73.98522      
# span 12 = -111.47329, -111.47322      
# span 13 =  43.416141,  43.423046      
# span 14 =       5.63,     100.07      
# span 15 = 9.3034e+01, 1.3588e+02      
# span 16 =    223.581,    820.175      
# span 17 =       5367,      19685      
# span 18 =  1027.2270,  1029.9404      
# span 19 =  1027.2267,  1029.9388      
# span 20 =     3.7381,     4.6353      
# span 21 =     0.0645,     2.6768      
# span 22 =     0.1115,     0.2067      
# span 23 =    33.8373,    34.4521      
# span 24 =    33.8371,    34.4505      
# span 25 =    8.01096,    8.40947      
# span 26 =          7,         70      
# span 27 = 0.0000e+00, 0.0000e+00      
# interval = decibars: 1                
# start_time = Feb 12 2022 09:55:31 [NMEA time, header]
# bad_flag = -9.990e-29
*END*
[from data line 208]
    209.000    206.734    -1.5372  27.109525    -1.5362  27.109491     6.3646     6.5644     0.2539    96.5103 1.0000e-12  -73.98522 -111.47324  43.419435      99.94 1.2120e+02    508.164      12197  1028.3770  1028.3759     4.5783     0.1049     0.1348    34.0141    34.0128    8.40120         25 0.0000e+00
    210.000    207.724    -1.5367  27.111307    -1.5357  27.111224     6.3682     6.5637     0.2206    96.5565 1.0000e-12  -73.98522 -111.47324  43.419446      99.94 1.2178e+02    509.178      12221  1028.3828  1028.3816     4.5805     0.1056     0.1330    34.0154    34.0140    8.40101         24 0.0000e+00
    211.000    208.710    -1.5372  27.113442    -1.5361  27.113443     6.3585     6.5590     0.2200    96.5211 1.0000e-12  -73.98522 -111.47324  43.419458      99.94 1.2179e+02    510.200      12246  1028.3898  1028.3889     4.5788     0.0990     0.1313    34.0182    34.0170    8.40094         24 0.0000e+00
    212.000    209.701    -1.5354  27.116295    -1.5343  27.116314     6.3476     6.5531     0.3000    96.4848 1.0000e-12  -73.98522 -111.47324  43.419470      99.94 1.2205e+02    511.226      12270  1028.3956  1028.3946     4.5771     0.0999     0.1304    34.0195    34.0183    8.40047         26 0.0000e+00
    213.000    210.689    -1.5273  27.126503    -1.5260  27.126267     6.3367     6.5437     0.1760    96.5956 1.0000e-12  -73.98522 -111.47324  43.419482      98.27 1.2222e+02    512.241      12295  1028.4033  1028.4018     4.5824     0.1036     0.1267    34.0237    34.0219    8.39838         24 0.0000e+00
    214.000    211.678    -1.5185  27.136492    -1.5173  27.136424     6.3271     6.5370     0.2155    96.4212 1.0000e-12  -73.98522 -111.47324  43.419494      97.63 1.2187e+02    513.248      12319  1028.4101  1028.4089     4.5742     0.1138     0.1366    34.0268    34.0254    8.39620         23 0.0000e+00
    215.000    212.666    -1.5124  27.144042    -1.5113  27.143890     6.3247     6.5338     0.3011    96.6490 1.0000e-12  -73.98522 -111.47324  43.419505      99.98 1.2214e+02    514.263      12343  1028.4169  1028.4157     4.5848     0.0958     0.1311    34.0297    34.0283    8.39465         25 0.0000e+00
    216.000    213.655    -1.5073  27.150399    -1.5061  27.150210     6.3172     6.5229     0.1971    96.6143 1.0000e-12  -73.98522 -111.47324  43.419517      99.94 1.2283e+02    515.285      12368  1028.4233  1028.4220     4.5833     0.1076     0.1324    34.0320    34.0305    8.39336         25 0.0000e+00
    217.000    214.643    -1.5018  27.156667    -1.5007  27.156503     6.3124     6.5215     0.1128    96.5501 1.0000e-12  -73.98522 -111.47324  43.419529      99.94 1.2325e+02    516.302      12392  1028.4293  1028.4281     4.5802     0.0975     0.1317    34.0338    34.0324    8.39202         24 0.0000e+00
    218.000    215.633    -1.4989  27.160653    -1.4977  27.160459     6.3123     6.5203     0.1273    96.6842 1.0000e-12  -73.98522 -111.47324  43.419541      99.94 1.2340e+02    517.318      12417  1028.4352  1028.4339     4.5866     0.0905     0.1359    34.0353    34.0338    8.39127         24 0.0000e+00
    219.000    216.620    -1.4972  27.163118    -1.4960  27.162945     6.3150     6.5152     0.1417    96.7538 1.0000e-12  -73.98522 -111.47324  43.419552      99.94 1.2340e+02    518.328      12441  1028.4407  1028.4394     4.5898     0.0966     0.1337    34.0362    34.0347    8.39083         25 0.0000e+00
    220.000    217.609    -1.4962  27.164623    -1.4950  27.164658     6.3131     6.5189     0.1176    96.7879 1.0000e-12  -73.98522 -111.47324  43.419564      99.94 1.2340e+02    519.332      12465  1028.4458  1028.4447     4.5915     0.0872     0.1302    34.0366    34.0352    8.39060         24 0.0000e+00
    221.000    218.598    -1.4936  27.167881    -1.4924  27.167899     6.3061     6.5153     0.1092    96.8037 1.0000e-12  -73.98522 -111.47324  43.419576      99.94 1.2340e+02    520.355      12490  1028.4512  1028.4501     4.5923     0.1114     0.1309    34.0374    34.0361    8.38995         24 0.0000e+00
    222.000    219.587    -1.4910  27.171138    -1.4899  27.170991     6.3022     6.5157     0.1458    96.8559 1.0000e-12  -73.98522 -111.47324  43.419588      99.94 1.2340e+02    521.389      12514  1028.4566  1028.4554     4.5947     0.0999     0.1285    34.0383    34.0369    8.38931         25 0.0000e+00
    223.000    220.575    -1.4851  27.178069    -1.4839  27.177729     6.2965     6.5086     0.1979    96.8660 1.0000e-12  -73.98522 -111.47324  43.419600      99.94 1.2340e+02    522.400      12539  1028.4629  1028.4614     4.5951     0.0936     0.1334    34.0405    34.0387    8.38785         24 0.0000e+00
    224.000    221.563    -1.4787  27.185093    -1.4773  27.185030     6.2913     6.5037     0.1098    96.8104 1.0000e-12  -73.98522 -111.47324  43.419611      99.94 1.2340e+02    523.407      12563  1028.4688  1028.4675     4.5926     0.1042     0.1276    34.0423    34.0407    8.38630         25 0.0000e+00
    225.000    222.553    -1.4760  27.188010    -1.4749  27.187932     6.2928     6.4978     0.1023    96.8250 1.0000e-12  -73.98522 -111.47324  43.419623      99.94 1.2340e+02    524.427      12587  1028.4739  1028.4727     4.5932     0.0898     0.1292    34.0427    34.0413    8.38568         24 0.0000e+00
    226.000    223.540    -1.4730  27.191904    -1.4719  27.191731     6.2906     6.4913     0.1578    96.9031 1.0000e-12  -73.98522 -111.47324  43.419635      99.94 1.2340e+02    525.452      12612  1028.4797  1028.4783     4.5969     0.0833     0.1254    34.0440    34.0425    8.38493         25 0.0000e+00
    227.000    224.530    -1.4679  27.197958    -1.4667  27.197756     6.2926     6.4941     0.1097    96.9172 1.0000e-12  -73.98522 -111.47324  43.419647      95.88 1.2340e+02    526.464      12636  1028.4857  1028.4844     4.5976     0.0846     0.1259    34.0459    34.0443    8.38366         24 0.0000e+00
    228.000    225.518    -1.4647  27.202381    -1.4635  27.202256     6.2945     6.4920     0.1137    96.9056 1.0000e-12  -73.98522 -111.47324  43.419658      99.93 1.2340e+02    527.477      12660  1028.4919  1028.4906     4.5971     0.0876     0.1304    34.0478    34.0462    8.38283         24 0.0000e+00
    229.000    226.507    -1.4640  27.203700    -1.4630  27.203624     6.2949     6.4896     0.1014    96.8872 1.0000e-12  -73.98522 -111.47324  43.419670      99.94 1.2340e+02    528.491      12685  1028.4970  1028.4960     4.5962     0.0937     0.1297    34.0481    34.0468    8.38264         24 0.0000e+00
    230.000    227.495    -1.4631  27.205775    -1.4619  27.205653     6.2917     6.4866     0.0947    97.0056 1.0000e-12  -73.98522 -111.47324  43.419682      99.94 1.2340e+02    529.510      12709  1028.5028  1028.5016     4.6018     0.0859     0.1256    34.0493    34.0478    8.38237         25 0.0000e+00
    231.000    228.484    -1.4601  27.209680    -1.4590  27.209477     6.2969     6.4972     0.0907    97.0157 1.0000e-12  -73.98522 -111.47324  43.419694      99.94 1.2361e+02    530.535      12734  1028.5087  1028.5073     4.6023     0.0863     0.1238    34.0507    34.0492    8.38162         25 0.0000e+00
    232.000    229.472    -1.4585  27.212698    -1.4573  27.212577     6.3068     6.4983     0.0948    97.0076 1.0000e-12  -73.98522 -111.47324  43.419705      99.94 1.2427e+02    531.550      12758  1028.5148  1028.5135     4.6019     0.0893     0.1287    34.0524    34.0508    8.38116         24 0.0000e+00
    233.000    230.462    -1.4595  27.214430    -1.4584  27.214349     6.3064     6.4993     0.0964    96.7850 1.0000e-12  -73.98522 -111.47324  43.419717      99.94 1.2370e+02    532.555      12782  1028.5220  1028.5208     4.5914     0.0878     0.1270    34.0553    34.0539    8.38120         24 0.0000e+00
    234.000    231.449    -1.4586  27.216805    -1.4574  27.216657     6.3079     6.5003     0.0807    97.0667 1.0000e-12  -73.98522 -111.47324  43.419729      99.94 1.2396e+02    533.570      12807  1028.5282  1028.5268     4.6046     0.0874     0.1233    34.0569    34.0553    8.38091         25 0.0000e+00
    235.000    232.437    -1.4578  27.218082    -1.4565  27.218184     6.3060     6.5025     0.0649    97.1077 1.0000e-12  -73.98522 -111.47324  43.419741      99.94 1.2456e+02    534.587      12831  1028.5331  1028.5320     4.6067     0.0872     0.1181    34.0571    34.0558    8.38071         24 0.0000e+00
    236.000    233.426    -1.4563  27.220339    -1.4550  27.220198     6.3027     6.5046     0.0523    97.2047 1.0000e-12  -73.98522 -111.47324  43.419752      99.94 1.2393e+02    535.596      12855  1028.5384  1028.5371     4.6112     0.0857     0.1183    34.0579    34.0563    8.38032         23 0.0000e+00
    237.000    234.416    -1.4555  27.221573    -1.4543  27.221473     6.3044     6.5064     0.0580    97.2117 1.0000e-12  -73.98522 -111.47324  43.419764      99.94 1.2404e+02    536.608      12880  1028.5434  1028.5422     4.6115     0.0864     0.1190    34.0581    34.0566    8.38014         25 0.0000e+00
    238.000    235.403    -1.4530  27.225104    -1.4516  27.224981     6.2989     6.5010     0.0509    97.2002 1.0000e-12  -73.98522 -111.47324  43.419776      99.94 1.2445e+02    537.621      12904  1028.5492  1028.5477     4.6111     0.0810     0.1204    34.0595    34.0578    8.37950         25 0.0000e+00
    239.000    236.390    -1.4499  27.229016    -1.4486  27.228952     6.2957     6.4973     0.0509    97.2639 1.0000e-12  -73.98522 -111.47324  43.419787      94.45 1.2464e+02    538.629      12928  1028.5548  1028.5535     4.6140     0.0785     0.1185    34.0607    34.0591    8.37872         24 0.0000e+00
    240.000    237.381    -1.4460  27.233889    -1.4450  27.233716     6.2964     6.5009     0.0667    97.3727 1.0000e-12  -73.98522 -111.47324  43.419799      99.91 1.2516e+02    539.640      12952  1028.5608  1028.5597     4.6192     0.0799     0.1169    34.0624    34.0610    8.37776         24 0.0000e+00
    241.000    238.370    -1.4432  27.237709    -1.4420  27.237571     6.3039     6.5007     0.0603    97.3949 1.0000e-12  -73.98522 -111.47324  43.419811      99.94 1.2457e+02    540.650      12977  1028.5666  1028.5654     4.6202     0.0815     0.1154    34.0638    34.0623    8.37703         24 0.0000e+00
    242.000    239.357    -1.4423  27.239228    -1.4411  27.239200     6.2981     6.5002     0.0533    97.4110 1.0000e-12  -73.98522 -111.47324  43.419822      99.94 1.2479e+02    541.652      13001  1028.5718  1028.5706     4.6210     0.0758     0.1178    34.0643    34.0628    8.37681         24 0.0000e+00
    243.000    240.346    -1.4424  27.239788    -1.4412  27.239688     6.2933     6.5020     0.0512    97.4237 1.0000e-12  -73.98522 -111.47324  43.419834      99.94 1.2509e+02    542.667      13025  1028.5768  1028.5757     4.6217     0.0824     0.1155    34.0645    34.0631    8.37681         25 0.0000e+00
    244.000    241.335    -1.4428  27.240100    -1.4418  27.239999     6.2867     6.5057     0.0509    97.4730 1.0000e-12  -73.98522 -111.47324  43.419846      99.94 1.2516e+02    543.685      13049  1028.5820  1028.5808     4.6239     0.0778     0.1220    34.0648    34.0635    8.37689         24 0.0000e+00
    245.000    242.323    -1.4419  27.242495    -1.4407  27.242434     6.2959     6.5054     0.0602    97.5109 1.0000e-12  -73.98522 -111.47324  43.419858      99.95 1.2460e+02    544.701      13074  1028.5881  1028.5868     4.6258     0.0771     0.1141    34.0665    34.0650    8.37659         25 0.0000e+00
    246.000    243.312    -1.4407  27.245105    -1.4396  27.245179     6.2882     6.5031     0.0485    97.4649 1.0000e-12  -73.98522 -111.47324  43.419869      99.94 1.2552e+02    545.722      13098  1028.5941  1028.5931     4.6236     0.0771     0.1115    34.0681    34.0668    8.37623         24 0.0000e+00
    247.000    244.300    -1.4381  27.248705    -1.4369  27.248559     6.2873     6.4903     0.0214    97.4905 1.0000e-12  -73.98522 -111.47324  43.419881      99.95 1.2608e+02    546.748      13123  1028.5998  1028.5985     4.6248     0.0770     0.1201    34.0694    34.0678    8.37554         25 0.0000e+00
    248.000    245.288    -1.4349  27.252620    -1.4336  27.252453     6.2863     6.4877     0.0344    97.5310 1.0000e-12  -73.98522 -111.47324  43.419893      99.94 1.2546e+02    547.769      13147  1028.6054  1028.6040     4.6268     0.0784     0.1171    34.0706    34.0688    8.37477         24 0.0000e+00
    249.000    246.277    -1.4303  27.257897    -1.4290  27.257655     6.2919     6.4853     0.0609    97.6081 1.0000e-12  -73.98522 -111.47324  43.419905      99.94 1.2594e+02    548.793      13172  1028.6110  1028.6095     4.6303     0.0813     0.1147    34.0719    34.0701    8.37364         25 0.0000e+00
    250.000    247.266    -1.4294  27.259577    -1.4282  27.259426     6.2799     6.4851     0.0376    97.5978 1.0000e-12  -73.98522 -111.47324  43.419917      99.94 1.2675e+02    549.825      13197  1028.6164  1028.6151     4.6299     0.0789     0.1136    34.0726    34.0711    8.37340         25 0.0000e+00
    251.000    248.253    -1.4281  27.261586    -1.4270  27.261330     6.2776     6.4848     0.0426    97.5997 1.0000e-12  -73.98522 -111.47324  43.419929      99.94 1.2693e+02    550.844      13221  1028.6217  1028.6203     4.6300     0.0794     0.1146    34.0733    34.0716    8.37307         24 0.0000e+00
    252.000    249.243    -1.4243  27.265734    -1.4229  27.265751     6.2724     6.4796     0.0294    97.5947 1.0000e-12  -73.98522 -111.47324  43.419941      96.59 1.2693e+02    551.862      13246  1028.6269  1028.6256     4.6297     0.0779     0.1141    34.0741    34.0725    8.37218         25 0.0000e+00
    253.000    250.230    -1.4179  27.272822    -1.4166  27.272690     6.2659     6.4748     0.0436    97.5691 1.0000e-12  -73.98522 -111.47324  43.419952      98.34 1.2693e+02    552.878      13270  1028.6329  1028.6314     4.6285     0.0788     0.1164    34.0759    34.0742    8.37064         24 0.0000e+00
    254.000    251.219    -1.4179  27.274235    -1.4171  27.273779     6.2505     6.4631     0.0369    97.6324 1.0000e-12  -73.98522 -111.47324  43.419964      99.93 1.2693e+02    553.887      13294  1028.6388  1028.6375     4.6315     0.0786     0.1178    34.0772    34.0757    8.37055         24 0.0000e+00
    255.000    252.208    -1.4095  27.283459    -1.4077  27.283333     6.2375     6.4474     0.0423    97.6086 1.0000e-12  -73.98522 -111.47325  43.419975      99.94 1.2693e+02    554.885      13318  1028.6450  1028.6432     4.6304     0.0793     0.1134    34.0797    34.0775    8.36851         24 0.0000e+00
    256.000    253.196    -1.3962  27.295324    -1.3949  27.295145     6.2322     6.4318     0.0381    97.6415 1.0000e-12  -73.98522 -111.47325  43.419987      99.94 1.2693e+02    555.893      13342  1028.6495  1028.6480     4.6320     0.0775     0.1160    34.0802    34.0785    8.36549         24 0.0000e+00
    257.000    254.184    -1.3917  27.300261    -1.3894  27.300726     6.2168     6.4258     0.0313    97.6166 1.0000e-12  -73.98522 -111.47324  43.419999      99.94 1.2693e+02    556.908      13367  1028.6549  1028.6532     4.6308     0.0763     0.1139    34.0813    34.0793    8.36442         24 0.0000e+00
    258.000    255.173    -1.3841  27.307300    -1.3831  27.306828     6.2157     6.4251     0.0455    97.6337 1.0000e-12  -73.98522 -111.47324  43.420011      99.95 1.2693e+02    557.912      13391  1028.6597  1028.6582     4.6316     0.0784     0.1159    34.0817    34.0800    8.36269         25 0.0000e+00
