ocean_section_plots/required_files/ctd/dnbp2202_ctd118.cnv
* Sea-Bird SBE 9 Data File:
* FileName = D:\Data\raw\NBP2202_CTD118.hex
* Software Version Seasave V 7.26.7.121
* Temperature SN = 1649
* Conductivity SN = 2513
* Number of Bytes Per Scan = 40
* Number of Voltage Words = 5
* Number of Scans Averaged by the Deck Unit = 1
* NMEA Latitude = 74 10.52 S
* NMEA Longitude = 113 20.65 W
* NMEA UTC (Time) = Jan 27 2022  09:55:55
* NMEA baud rate = 9600
** Ship: RVIB N.B. Palmer
** Cruise: NBP2202 Thwaites
** Station: YoYo001
** Operator: B. Bjork
# nquan = 25
# nvalues = 608                         
# units = specified
# name 0 = prDM: Pressure, Digiquartz [db]
# name 1 = depSM: Depth [salt water, m]
# name 2 = t090C: Temperature [ITS-90, deg C]
# name 3 = c0mS/cm: Conductivity [mS/cm]
# name 4 = t190C: Temperature, 2 [ITS-90, deg C]
# name 5 = c1mS/cm: Conductivity, 2 [mS/cm]
# name 6 = sbeox0ML/L: Oxygen, SBE 43 [ml/l]
# name 7 = sbeox1ML/L: Oxygen, SBE 43, 2 [ml/l]
# name 8 = flECO-AFL: Fluorescence, WET Labs ECO-AFL/FL [mg/m^3]
# name 9 = CStarTr0: Beam Transmission, WET Labs C-Star [%]
# name 10 = par: PAR/Irradiance, Biospherical/Licor
# name 11 = latitude: Latitude [deg]
# name 12 = longitude: Longitude [deg]
# name 13 = timeJ: Julian Days
# name 14 = altM: Altimeter [m]
# name 15 = spar: SPAR, Biospherical/Licor
# name 16 = timeS: Time, Elapsed [seconds]
# name 17 = scan: Scan Count
# name 18 = density00: Density [density, kg/m^3]
# name 19 = density11: Density, 2 [density, kg/m^3]
# name 20 = sal00: Salinity, Practical [PSU]
# name 21 = sal11: Salinity, Practical, 2 [PSU]
# name 22 = oxsolML/L: Oxygen Saturation, Garcia & Gordon [ml/l]
# name 23 = nbin: number of scans per bin
# name 24 = flag: flag
# span 0 =     10.000,    617.000       
# span 1 =      9.896,    609.708       
# span 2 =    -1.3755,     0.0918       
# span 3 =  27.085778,  28.926607       
# span 4 =    -1.3743,     0.0944       
# span 5 =  27.086284,  28.927676       
# span 6 =     4.6790,     8.5155       
# span 7 =     4.7325,     8.4099       
# span 8 =    -0.0250,    24.3555       
# span 9 =    70.1498,    95.6251       
# span 10 = -2.926e-05, 2.3364e+00      
# span 11 =  -74.17536,  -74.17536      
# span 12 = -113.34426, -113.34424      
# span 13 =  27.414211,  27.421522      
# span 14 =       6.71,     100.00      
# span 15 = 1.5337e+02, 1.7805e+02      
# span 16 =     32.815,    664.502      
# span 17 =        789,      15949      
# span 18 =  1027.2249,  1030.5227      
# span 19 =  1027.2230,  1030.5206      
# span 20 =    33.7894,    34.3810      
# span 21 =    33.7871,    34.3787      
# span 22 =    8.02573,    8.37143      
# span 23 =         17,         43      
# span 24 = 0.0000e+00, 0.0000e+00      
# interval = decibars: 1                
# start_time = Jan 27 2022 09:55:55 [NMEA time, header]
# bad_flag = -9.990e-29
*END*
     10.000      9.896    -1.0519  27.257141    -1.0478  27.259140     8.5155     8.4099    20.6898    70.2546 2.3364e+00  -74.17536 -113.34424  27.414211      99.98 1.5337e+02     32.815        789  1027.2249  1027.2230    33.7910    33.7891    8.30582         17 0.0000e+00
     11.000     10.886    -1.0485  27.260016    -1.0442  27.261837     8.4592     8.3884    20.7101    72.7074 1.7282e+00  -74.17536 -113.34424  27.414226      99.99 1.5337e+02     34.097        819  1027.2288  1027.2266    33.7905    33.7882    8.30510         30 0.0000e+00
     12.000     11.876    -1.0417  27.265244    -1.0385  27.266242     8.2986     8.2932    20.4391    71.8807 1.2616e+00  -74.17536 -113.34424  27.414240      99.98 1.5337e+02     35.370        850  1027.2322  1027.2301    33.7894    33.7871    8.30367         30 0.0000e+00
     13.000     12.865    -1.0800  27.236939    -1.0771  27.238780     8.2011     8.2372    19.8466    70.1498 9.2813e-01  -74.17536 -113.34424  27.414255      99.98 1.5337e+02     36.611        880  1027.2423  1027.2415    33.7932    33.7925    8.31192         30 0.0000e+00
     14.000     13.854    -1.0929  27.228259    -1.0895  27.229641     8.1887     8.2332    21.0518    72.0092 6.8177e-01  -74.17536 -113.34424  27.414269      99.98 1.5337e+02     37.840        909  1027.2494  1027.2475    33.7953    33.7934    8.31467         30 0.0000e+00
     15.000     14.845    -1.0963  27.225741    -1.0892  27.230101     8.1829     8.2267    22.6336    70.3832 5.0078e-01  -74.17536 -113.34425  27.414283      95.57 1.5337e+02     39.068        939  1027.2539  1027.2517    33.7951    33.7930    8.31543         29 0.0000e+00
     16.000     15.833    -1.0956  27.226464    -1.0938  27.227228     8.1746     8.2228    24.1862    71.1207 3.6680e-01  -74.17536 -113.34424  27.414297      59.09 1.5337e+02     40.298        968  1027.2580  1027.2572    33.7946    33.7937    8.31530         29 0.0000e+00
     17.000     16.823    -1.1000  27.223452    -1.1027  27.220448     8.1755     8.2387    23.1742    72.2686 2.6634e-01  -74.17536 -113.34426  27.414311     100.00 1.5337e+02     41.480        997  1027.2631  1027.2624    33.7949    33.7938    8.31627         28 0.0000e+00
     18.000     17.813    -1.1009  27.223915    -1.1002  27.223251     8.1734     8.2557    23.8841    72.3038 1.9290e-01  -74.17536 -113.34425  27.414325      99.97 1.5337e+02     42.660       1025  1027.2685  1027.2672    33.7958    33.7941    8.31640         29 0.0000e+00
     19.000     18.802    -1.1053  27.220491    -1.1035  27.220713     8.1826     8.2647    22.7578    71.9043 1.3588e-01  -74.17536 -113.34425  27.414338      99.99 1.5337e+02     43.844       1053  1027.2732  1027.2718    33.7955    33.7938    8.31740         28 0.0000e+00
     20.000     19.792    -1.1023  27.223637    -1.1007  27.223419     8.1776     8.2625    23.8857    72.2407 9.3454e-02  -74.17536 -113.34425  27.414352      99.99 1.5337e+02     44.998       1081  1027.2779  1027.2762    33.7958    33.7938    8.31672         27 0.0000e+00
     21.000     20.781    -1.1029  27.223235    -1.1010  27.223688     8.1472     8.2575    23.4212    71.1977 6.0623e-02  -74.17536 -113.34424  27.414365      99.90 1.5337e+02     46.163       1109  1027.2823  1027.2809    33.7954    33.7938    8.31689         29 0.0000e+00
     22.000     21.771    -1.1071  27.220508    -1.1056  27.220513     8.1335     8.2402    23.2755    72.0885 3.5632e-02  -74.17536 -113.34426  27.414379      99.97 1.5337e+02     47.337       1137  1027.2875  1027.2860    33.7957    33.7940    8.31779         27 0.0000e+00
     23.000     22.761    -1.1133  27.216172    -1.1115  27.216294     8.1337     8.2372    21.5313    71.1966 1.5470e-02  -74.17536 -113.34424  27.414392      99.93 1.5337e+02     48.473       1164  1027.2930  1027.2914    33.7962    33.7943    8.31914         27 0.0000e+00
     24.000     23.749    -1.1136  27.216315    -1.1118  27.216460     8.1293     8.2376    21.0716    71.2745 1.5398e-03  -74.17536 -113.34425  27.414405      99.97 1.5368e+02     49.620       1192  1027.2976  1027.2960    33.7961    33.7942    8.31921         28 0.0000e+00
     25.000     24.741    -1.1117  27.218300    -1.1104  27.218066     8.1114     8.2316    21.0177    72.6165 -2.926e-05  -74.17536 -113.34425  27.414419      99.96 1.5362e+02     50.791       1220  1027.3021  1027.3007    33.7960    33.7943    8.31880         28 0.0000e+00
     26.000     25.730    -1.1132  27.217529    -1.1119  27.217288     8.0721     8.2010    24.3555    72.6517 1.0000e-12  -74.17536 -113.34425  27.414432      94.46 1.5370e+02     51.926       1247  1027.3070  1027.3056    33.7961    33.7943    8.31913         27 0.0000e+00
     27.000     26.718    -1.1173  27.214721    -1.1167  27.214166     8.0561     8.1957    20.8994    74.2689 1.0000e-12  -74.17536 -113.34425  27.414445      95.31 1.5383e+02     53.038       1274  1027.3121  1027.3110    33.7961    33.7947    8.32002         27 0.0000e+00
     28.000     27.709    -1.1295  27.205885    -1.1256  27.207686     8.0699     8.1981    20.8622    73.6021 1.0000e-12  -74.17536 -113.34424  27.414458      99.96 1.5387e+02     54.189       1302  1027.3184  1027.3167    33.7972    33.7953    8.32268         28 0.0000e+00
     29.000     28.698    -1.1213  27.212804    -1.1190  27.213323     8.0623     8.1914    20.5896    72.5292 1.0000e-12  -74.17536 -113.34426  27.414471      99.94 1.5409e+02     55.329       1329  1027.3223  1027.3207    33.7968    33.7949    8.32088         27 0.0000e+00
     30.000     29.687    -1.1237  27.210927    -1.1235  27.209989     8.0251     8.1598    18.3358    73.4201 1.0000e-12  -74.17536 -113.34426  27.414484      99.82 1.5415e+02     56.448       1356  1027.3268  1027.3256    33.7963    33.7949    8.32144         27 0.0000e+00
     31.000     30.677    -1.1278  27.209107    -1.1246  27.210289     7.9785     8.1167    21.1529    73.0900 1.0000e-12  -74.17536 -113.34426  27.414497      99.82 1.5480e+02     57.580       1383  1027.3330  1027.3313    33.7978    33.7959    8.32226         27 0.0000e+00
     32.000     31.667    -1.1301  27.208314    -1.1285  27.208070     7.9270     8.0800    20.1077    74.0172 1.0000e-12  -74.17536 -113.34426  27.414510      99.83 1.5411e+02     58.697       1410  1027.3386  1027.3368    33.7987    33.7966    8.32272         26 0.0000e+00
     33.000     32.656    -1.1470  27.194116    -1.1462  27.193792     7.9288     8.0821    17.9419    73.8838 1.0000e-12  -74.17536 -113.34426  27.414523      99.87 1.5446e+02     59.793       1436  1027.3436  1027.3425    33.7977    33.7964    8.32654         26 0.0000e+00
     34.000     33.645    -1.1501  27.192947    -1.1437  27.197193     7.9603     8.1039    17.9747    72.5478 1.0000e-12  -74.17536 -113.34426  27.414536      99.87 1.5474e+02     60.893       1462  1027.3495  1027.3481    33.7990    33.7977    8.32715         27 0.0000e+00
     35.000     34.636    -1.1407  27.201275    -1.1377  27.202431     7.9900     8.1098    19.4378    73.8465 1.0000e-12  -74.17536 -113.34426  27.414547      99.81 1.5463e+02     61.851       1485  1027.3538  1027.3522    33.7992    33.7974    8.32505         21 0.0000e+00
     36.000     35.623    -1.1347  27.206994    -1.1333  27.206909     8.0053     8.1196    17.6396    74.2938 1.0000e-12  -74.17536 -113.34426  27.414558      99.90 1.5512e+02     62.795       1508  1027.3585  1027.3571    33.7996    33.7980    8.32369         24 0.0000e+00
     37.000     36.615    -1.1309  27.210212    -1.1293  27.210205     8.0108     8.1276    17.1889    73.9147 1.0000e-12  -74.17536 -113.34426  27.414570      99.79 1.5513e+02     63.832       1533  1027.3626  1027.3611    33.7991    33.7973    8.32287         25 0.0000e+00
     38.000     37.602    -1.1308  27.211390    -1.1296  27.211024     8.0072     8.1209    20.5895    73.6150 1.0000e-12  -74.17536 -113.34426  27.414582      99.93 1.5513e+02     64.906       1559  1027.3681  1027.3666    33.8000    33.7981    8.32281         26 0.0000e+00
     39.000     38.594    -1.1304  27.212257    -1.1290  27.211998     7.9934     8.1229    19.4993    74.8614 1.0000e-12  -74.17536 -113.34426  27.414595      99.90 1.5513e+02     65.974       1584  1027.3730  1027.3714    33.8001    33.7982    8.32272         26 0.0000e+00
     40.000     39.581    -1.1285  27.214487    -1.1270  27.213910     7.9870     8.1200    19.6033    74.9011 1.0000e-12  -74.17536 -113.34426  27.414607      99.89 1.5513e+02     67.044       1610  1027.3779  1027.3758    33.8004    33.7979    8.32227         24 0.0000e+00
     41.000     40.573    -1.1302  27.213691    -1.1281  27.213999     7.9948     8.1287    18.6071    74.6193 1.0000e-12  -74.17536 -113.34426  27.414618      99.71 1.5513e+02     67.979       1632  1027.3829  1027.3814    33.8006    33.7987    8.32264         22 0.0000e+00
     42.000     41.561    -1.1312  27.214368    -1.1289  27.214700     8.0196     8.1319    17.1210    72.6427 1.0000e-12  -74.17536 -113.34426  27.414629      99.91 1.5513e+02     68.926       1655  1027.3889  1027.3872    33.8020    33.7999    8.32277         24 0.0000e+00
     43.000     42.550    -1.1258  27.219035    -1.1232  27.219692     8.0356     8.1442    17.9705    74.9984 1.0000e-12  -74.17536 -113.34425  27.414641      99.97 1.5513e+02     69.961       1680  1027.3932  1027.3914    33.8017    33.7997    8.32160         26 0.0000e+00
     44.000     43.540    -1.1223  27.222424    -1.1205  27.222611     8.0341     8.1527    19.2483    74.6331 1.0000e-12  -74.17536 -113.34426  27.414653      99.78 1.5541e+02     71.039       1706  1027.3979  1027.3963    33.8018    33.7999    8.32082         25 0.0000e+00
     45.000     44.530    -1.1202  27.224181    -1.1192  27.223686     8.0196     8.1376    20.2430    74.3323 1.0000e-12  -74.17536 -113.34424  27.414666      99.99 1.5527e+02     72.110       1732  1027.4021  1027.4006    33.8012    33.7994    8.32039         26 0.0000e+00
     46.000     45.519    -1.1233  27.221783    -1.1219  27.221545     7.9587     8.0751    18.6473    74.7574 1.0000e-12  -74.17536 -113.34426  27.414678      99.97 1.5547e+02     73.179       1757  1027.4067  1027.4052    33.8008    33.7989    8.32109         26 0.0000e+00
     47.000     46.509    -1.1240  27.221708    -1.1222  27.222520     7.8800     7.9907    18.1177    73.6233 1.0000e-12  -74.17536 -113.34424  27.414689      99.83 1.5547e+02     74.175       1781  1027.4116  1027.4107    33.8008    33.7999    8.32125         21 0.0000e+00
     48.000     47.498    -1.1376  27.212833    -1.1383  27.211734     7.7767     7.8973    19.0122    73.9116 1.0000e-12  -74.17536 -113.34426  27.414700      99.90 1.5590e+02     75.081       1803  1027.4193  1027.4189    33.8034    33.8027    8.32411         23 0.0000e+00
     49.000     48.487    -1.1402  27.211065    -1.1465  27.205025     7.6609     7.8237    18.6180    73.7994 1.0000e-12  -74.17536 -113.34424  27.414712      99.85 1.5570e+02     76.087       1827  1027.4242  1027.4237    33.8033    33.8021    8.32471         25 0.0000e+00
     50.000     49.477    -1.1651  27.193474    -1.1645  27.193312     7.5838     7.7557    18.3645    73.6233 1.0000e-12  -74.17536 -113.34426  27.414724      99.86 1.5581e+02     77.155       1853  1027.4333  1027.4325    33.8066    33.8058    8.33003         26 0.0000e+00
     51.000     50.466    -1.1794  27.183294    -1.1766  27.184158     7.5556     7.7210    19.8148    74.0305 1.0000e-12  -74.17536 -113.34424  27.414736      99.83 1.5629e+02     78.225       1878  1027.4401  1027.4383    33.8082    33.8062    8.33313         26 0.0000e+00
     52.000     51.455    -1.1811  27.183159    -1.1795  27.183248     7.5629     7.7103    16.1623    74.8074 1.0000e-12  -74.17536 -113.34426  27.414749      96.35 1.5674e+02     79.286       1904  1027.4457  1027.4443    33.8094    33.8076    8.33344         25 0.0000e+00
     53.000     52.445    -1.1803  27.184146    -1.1789  27.183961     7.5692     7.7082    15.2758    74.3683 1.0000e-12  -74.17536 -113.34424  27.414761      99.61 1.5690e+02     80.330       1929  1027.4502  1027.4487    33.8092    33.8074    8.33328         24 0.0000e+00
     54.000     53.435    -1.1809  27.184146    -1.1792  27.184204     7.5680     7.7067    15.2018    74.3421 1.0000e-12  -74.17536 -113.34426  27.414771      99.78 1.5690e+02     81.235       1951  1027.4550  1027.4535    33.8093    33.8074    8.33341         21 0.0000e+00
     55.000     54.424    -1.1823  27.183730    -1.1830  27.182276     7.5848     7.7118    15.5320    75.9495 1.0000e-12  -74.17536 -113.34424  27.414782      99.65 1.5690e+02     82.197       1974  1027.4601  1027.4592    33.8096    33.8084    8.33369         25 0.0000e+00
     56.000     55.412    -1.1848  27.182429    -1.1843  27.181607     7.5985     7.7115    16.1661    75.7900 1.0000e-12  -74.17536 -113.34426  27.414794      99.83 1.5690e+02     83.237       1999  1027.4653  1027.4639    33.8101    33.8084    8.33423         25 0.0000e+00
     57.000     56.403    -1.1822  27.184555    -1.1802  27.184668     7.5886     7.7019    16.2634    76.1038 1.0000e-12  -74.17536 -113.34424  27.414807      99.62 1.5690e+02     84.300       2024  1027.4694  1027.4675    33.8095    33.8073    8.33370         26 0.0000e+00
     58.000     57.392    -1.1829  27.184110    -1.1819  27.183714     7.5497     7.6580    15.5529    76.8135 1.0000e-12  -74.17536 -113.34426  27.414819      99.58 1.5690e+02     85.352       2049  1027.4737  1027.4723    33.8089    33.8073    8.33387         25 0.0000e+00
     59.000     58.380    -1.1887  27.180523    -1.1892  27.178528     7.4987     7.6212    14.5757    77.3909 1.0000e-12  -74.17536 -113.34424  27.414831      99.75 1.5690e+02     86.414       2075  1027.4796  1027.4779    33.8100    33.8078    8.33511         25 0.0000e+00
     60.000     59.371    -1.2014  27.170479    -1.2001  27.170419     7.4464     7.5802    15.9434    76.1793 1.0000e-12  -74.17536 -113.34424  27.414844      99.51 1.5690e+02     87.489       2101  1027.4851  1027.4838    33.8099    33.8084    8.33794         26 0.0000e+00
     61.000     60.359    -1.2099  27.163951    -1.2076  27.164748     7.4150     7.5452    17.8395    76.4184 1.0000e-12  -74.17536 -113.34424  27.414856      99.40 1.5690e+02     88.548       2126  1027.4904  1027.4890    33.8099    33.8084    8.33983         25 0.0000e+00
     62.000     61.349    -1.2202  27.156136    -1.2187  27.156072     7.3860     7.5227    14.9108    76.0339 1.0000e-12  -74.17536 -113.34424  27.414868      99.53 1.5690e+02     89.614       2152  1027.4959  1027.4944    33.8103    33.8085    8.34211         26 0.0000e+00
     63.000     62.339    -1.2234  27.154295    -1.2200  27.155642     7.3521     7.4831    14.2330    76.9681 1.0000e-12  -74.17536 -113.34424  27.414881      99.63 1.5690e+02     90.688       2178  1027.5011  1027.4994    33.8107    33.8088    8.34280         26 0.0000e+00
     64.000     63.328    -1.2262  27.152612    -1.2248  27.152417     7.2980     7.4166    15.2493    78.8258 1.0000e-12  -74.17536 -113.34424  27.414893      99.03 1.5690e+02     91.747       2203  1027.5061  1027.5046    33.8110    33.8091    8.34341         25 0.0000e+00
     65.000     64.316    -1.2359  27.145156    -1.2351  27.144846     7.2203     7.3460    15.9096    77.4210 1.0000e-12  -74.17536 -113.34424  27.414905      99.41 1.5690e+02     92.807       2228  1027.5115  1027.5104    33.8111    33.8097    8.34557         26 0.0000e+00
     66.000     65.307    -1.2458  27.137888    -1.2460  27.136879     7.1085     7.2459    15.3391    77.5558 1.0000e-12  -74.17536 -113.34424  27.414918      99.58 1.5690e+02     93.882       2254  1027.5172  1027.5163    33.8116    33.8104    8.34774         26 0.0000e+00
