ocean_section_plots/required_files/ctd/dnbp2202_ctd011.cnv
* Sea-Bird SBE 9 Data File:
* FileName = D:\Data\raw\NBP2202_CTD011.hex
* Software Version Seasave V 7.26.7.121
* Temperature SN = 1649
* Conductivity SN = 2513
* Number of Bytes Per Scan = 40
* Number of Voltage Words = 5
* Number of Scans Averaged by the Deck Unit = 1
* NMEA Latitude = 73 07.20 S
* NMEA Longitude = 113 53.83 W
* NMEA UTC (Time) = Jan 16 2022  23:46:08
* NMEA baud rate = 9600
** Ship: RVIB N.B. Palmer
** Cruise: NBP2202 Thwaites
** Station: #6
** Operator: A. Robinson
# nquan = 25
# nvalues = 547                         
# units = specified
# name 0 = prDM: Pressure, Digiquartz [db]
# name 1 = depSM: Depth [salt water, m]
# name 2 = t090C: Temperature [ITS-90, deg C]
# name 3 = c0mS/cm: Conductivity [mS/cm]
# name 4 = t190C: Temperature, 2 [ITS-90, deg C]
# name 5 = c1mS/cm: Conductivity, 2 [mS/cm]
# name 6 = sbeox0ML/L: Oxygen, SBE 43 [ml/l]
# name 7 = sbeox1ML/L: Oxygen, SBE 43, 2 [ml/l]
# name 8 = flECO-AFL: Fluorescence, WET Labs ECO-AFL/FL [mg/m^3]
# name 9 = CStarTr0: Beam Transmission, WET Labs C-Star [%]
# name 10 = par: PAR/Irradiance, Biospherical/Licor
# name 11 = latitude: Latitude [deg]
# name 12 = longitude: Longitude [deg]
# name 13 = timeJ: Julian Days
# name 14 = altM: Altimeter [m]
# name 15 = spar: SPAR, Biospherical/Licor
# name 16 = timeS: Time, Elapsed [seconds]
# name 17 = scan: Scan Count
# name 18 = density00: Density [density, kg/m^3]
# name 19 = density11: Density, 2 [density, kg/m^3]
# name 20 = sal00: Salinity, Practical [PSU]
# name 21 = sal11: Salinity, Practical, 2 [PSU]
# name 22 = oxsolML/L: Oxygen Saturation, Garcia & Gordon [ml/l]
# name 23 = nbin: number of scans per bin
# name 24 = flag: flag
# span 0 =      3.000,    549.000       
# span 1 =      2.971,    542.638       
# span 2 =    -1.5912,     0.5421       
# span 3 =  27.054809,  29.425556       
# span 4 =    -1.5906,     0.5444       
# span 5 =  27.054571,  29.425723       
# span 6 =     4.5597,     8.7376       
# span 7 =     4.8032,     9.2364       
# span 8 =    -0.0135,    27.2202       
# span 9 =    71.3737,    98.8069       
# span 10 = -1.810e-05, 2.2368e+02      
# span 11 =  -73.12018,  -73.12014      
# span 12 = -113.89721, -113.89714      
# span 13 =  16.993235,  17.002877      
# span 14 =     -48.92,     100.20      
# span 15 = 5.5219e+02, 2.3974e+03      
# span 16 =    247.478,   1080.581      
# span 17 =       5940,      25935      
# span 18 =  1027.2358,  1030.3224      
# span 19 =  1027.2354,  1030.3204      
# span 20 =    33.8792,    34.5713      
# span 21 =    33.8790,    34.5685      
# span 22 =    7.92196,    8.40920      
# span 23 =          3,         47      
# span 24 = 0.0000e+00, 0.0000e+00      
# interval = decibars: 1                
# start_time = Jan 16 2022 23:46:08 [NMEA time, header]
# bad_flag = -9.990e-29
*END*
[from data line 406]
    409.000    404.389    -0.5723  28.188821    -0.5701  28.188487     5.3040     5.5851     0.0108    98.6283 1.0000e-12  -73.12016 -113.89718  17.000022      82.11 7.4404e+02    833.909      20015  1029.4899  1029.4875    34.2674    34.2646    8.17324         29 0.0000e+00
    410.000    405.376    -0.5662  28.195415    -0.5643  28.194764     5.2972     5.5802     0.0104    98.6208 1.0000e-12  -73.12016 -113.89718  17.000034      93.58 7.4497e+02    834.944      20040  1029.4955  1029.4929    34.2689    34.2658    8.17186         21 0.0000e+00
    411.000    406.364    -0.5638  28.198326    -0.5619  28.197752     5.2959     5.5777    -0.0001    98.6137 1.0000e-12  -73.12016 -113.89718  17.000044      99.88 7.4562e+02    835.792      20060  1029.5007  1029.4982    34.2695    34.2665    8.17130         21 0.0000e+00
    412.000    407.351    -0.5600  28.202614    -0.5581  28.202066     5.2828     5.5674     0.0102    98.5753 1.0000e-12  -73.12016 -113.89718  17.000055      99.88 7.4392e+02    836.723      20082  1029.5059  1029.5035    34.2703    34.2674    8.17042         25 0.0000e+00
    413.000    408.339    -0.5521  28.211288    -0.5506  28.210074     5.2657     5.5414     0.0104    98.5842 1.0000e-12  -73.12016 -113.89718  17.000069      99.88 7.4264e+02    837.932      20111  1029.5119  1029.5091    34.2725    34.2691    8.16860         34 0.0000e+00
    414.000    409.328    -0.5259  28.237356    -0.5233  28.237296     5.2293     5.5162     0.0120    98.6092 1.0000e-12  -73.12016 -113.89718  17.000088      99.88 7.4112e+02    839.562      20150  1029.5187  1029.5161    34.2773    34.2743    8.16268         41 0.0000e+00
    415.000    410.314    -0.5058  28.257094    -0.5036  28.256728     5.2209     5.5038     0.0172    98.6176 1.0000e-12  -73.12016 -113.89718  17.000105      99.88 7.4132e+02    841.062      20186  1029.5246  1029.5222    34.2805    34.2776    8.15817         31 0.0000e+00
    416.000    411.303    -0.4962  28.266884    -0.4942  28.266413     5.2082     5.4898    -0.0053    98.6175 1.0000e-12  -73.12016 -113.89718  17.000119      99.89 7.4398e+02    842.282      20216  1029.5303  1029.5278    34.2823    34.2793    8.15601         29 0.0000e+00
    417.000    412.290    -0.4834  28.280680    -0.4798  28.280762     5.1861     5.4651    -0.0133    98.6340 1.0000e-12  -73.12016 -113.89718  17.000133      99.88 7.4560e+02    843.472      20244  1029.5370  1029.5336    34.2857    34.2818    8.15305         29 0.0000e+00
    418.000    413.278    -0.4547  28.308989    -0.4524  28.308456     5.1654     5.4467    -0.0015    98.6462 1.0000e-12  -73.12016 -113.89718  17.000148      99.88 7.4675e+02    844.769      20275  1029.5437  1029.5409    34.2907    34.2874    8.14661         33 0.0000e+00
    419.000    414.265    -0.4281  28.335224    -0.4261  28.334568     5.1553     5.4386     0.0017    98.6551 1.0000e-12  -73.12016 -113.89718  17.000165      85.77 7.3871e+02    846.266      20311  1029.5503  1029.5477    34.2952    34.2921    8.14064         36 0.0000e+00
    420.000    415.253    -0.4192  28.344025    -0.4171  28.343597     5.1368     5.4110    -0.0074    98.5908 1.0000e-12  -73.12016 -113.89718  17.000183      92.93 7.2662e+02    847.816      20349  1029.5558  1029.5533    34.2965    34.2935    8.13868         35 0.0000e+00
    421.000    416.241    -0.3930  28.370058    -0.3900  28.370172     5.1272     5.4002    -0.0084    98.6194 1.0000e-12  -73.12016 -113.89718  17.000199      99.85 7.2006e+02    849.182      20381  1029.5625  1029.5596    34.3012    34.2979    8.13280         32 0.0000e+00
    422.000    417.229    -0.3819  28.381248    -0.3799  28.380552     5.1244     5.3969    -0.0074    98.6336 1.0000e-12  -73.12016 -113.89718  17.000214      99.88 7.1413e+02    850.498      20413  1029.5682  1029.5656    34.3029    34.2999    8.13030         30 0.0000e+00
    423.000    418.217    -0.3792  28.384235    -0.3773  28.383509     5.1284     5.3970    -0.0032    98.6132 1.0000e-12  -73.12016 -113.89718  17.000230      99.88 7.0892e+02    851.844      20445  1029.5734  1029.5708    34.3034    34.3003    8.12972         31 0.0000e+00
    424.000    419.204    -0.3796  28.384348    -0.3776  28.383805     5.1366     5.4018     0.0001    98.5969 1.0000e-12  -73.12016 -113.89718  17.000245      99.88 7.0433e+02    853.160      20477  1029.5785  1029.5760    34.3033    34.3003    8.12980         32 0.0000e+00
    425.000    420.192    -0.3811  28.383407    -0.3791  28.383052     5.1403     5.4083    -0.0020    98.5819 1.0000e-12  -73.12016 -113.89718  17.000260      99.88 7.0062e+02    854.465      20508  1029.5836  1029.5812    34.3032    34.3004    8.13014         32 0.0000e+00
    426.000    421.180    -0.3825  28.383092    -0.3805  28.382527     5.1499     5.4193     0.0015    98.5962 1.0000e-12  -73.12016 -113.89718  17.000277      99.88 6.9646e+02    855.928      20543  1029.5891  1029.5865    34.3037    34.3007    8.13040         38 0.0000e+00
    427.000    422.167    -0.3899  28.377917    -0.3890  28.376734     5.1702     5.4373    -0.0020    98.5875 1.0000e-12  -73.12016 -113.89718  17.000295      99.88 6.9322e+02    857.466      20580  1029.5953  1029.5932    34.3045    34.3020    8.13193         34 0.0000e+00
    428.000    423.156    -0.4059  28.365238    -0.4038  28.365288     5.1859     5.4517     0.0020    98.5952 1.0000e-12  -73.12016 -113.89718  17.000310      99.88 6.8856e+02    858.804      20612  1029.6019  1029.5999    34.3050    34.3027    8.13533         31 0.0000e+00
    429.000    424.142    -0.4144  28.358713    -0.4125  28.358372     5.1875     5.4544    -0.0037    98.5923 1.0000e-12  -73.12016 -113.89718  17.000325      90.06 6.8530e+02    860.038      20642  1029.6076  1029.6053    34.3053    34.3027    8.13714         30 0.0000e+00
    430.000    425.130    -0.4182  28.356263    -0.4161  28.356058     5.1779     5.4518     0.0087    98.5893 1.0000e-12  -73.12016 -113.89718  17.000339      95.19 6.8152e+02    861.324      20673  1029.6129  1029.6106    34.3057    34.3030    8.13793         31 0.0000e+00
    431.000    426.118    -0.4052  28.370784    -0.4025  28.370583     5.1683     5.4337     0.0116    98.5749 1.0000e-12  -73.12016 -113.89718  17.000355     100.00 6.7960e+02    862.692      20706  1029.6199  1029.6170    34.3098    34.3065    8.13490         32 0.0000e+00
    432.000    427.105    -0.3905  28.385935    -0.3884  28.385563     5.1569     5.4264    -0.0031    98.5984 1.0000e-12  -73.12016 -113.89718  17.000372      99.88 6.7659e+02    864.131      20740  1029.6259  1029.6235    34.3129    34.3101    8.13158         36 0.0000e+00
    433.000    428.093    -0.3834  28.393229    -0.3815  28.392695     5.1453     5.4232     0.0063    98.6087 1.0000e-12  -73.12016 -113.89718  17.000389      99.88 6.7368e+02    865.621      20776  1029.6311  1029.6287    34.3141    34.3113    8.13000         35 0.0000e+00
    434.000    429.081    -0.3776  28.399549    -0.3758  28.398703     5.1471     5.4143     0.0077    98.6051 1.0000e-12  -73.12016 -113.89718  17.000405      99.88 6.7103e+02    866.969      20808  1029.6365  1029.6339    34.3154    34.3123    8.12869         29 0.0000e+00
    435.000    430.068    -0.3741  28.403539    -0.3721  28.402924     5.1362     5.4082    -0.0000    98.6220 1.0000e-12  -73.12016 -113.89718  17.000418      99.88 6.6819e+02    868.114      20836  1029.6417  1029.6391    34.3162    34.3131    8.12789         25 0.0000e+00
    436.000    431.055    -0.3693  28.408811    -0.3671  28.408492     5.1318     5.4003    -0.0025    98.6085 1.0000e-12  -73.12016 -113.89718  17.000429      99.88 6.6734e+02    869.087      20859  1029.6470  1029.6445    34.3173    34.3144    8.12681         24 0.0000e+00
    437.000    432.045    -0.3609  28.417631    -0.3584  28.417313     5.1195     5.3889     0.0109    98.5645 1.0000e-12  -73.12016 -113.89718  17.000442      99.88 6.6487e+02    870.186      20885  1029.6523  1029.6496    34.3189    34.3157    8.12490         31 0.0000e+00
    438.000    433.030    -0.3470  28.431996    -0.3444  28.431874     5.1077     5.3858     0.0156    98.6017 1.0000e-12  -73.12016 -113.89718  17.000459      99.88 6.6296e+02    871.671      20921  1029.6585  1029.6559    34.3219    34.3189    8.12178         34 0.0000e+00
    439.000    434.019    -0.3377  28.441945    -0.3354  28.441634     5.1007     5.3758    -0.0005    98.6010 1.0000e-12  -73.12016 -113.89718  17.000476      85.62 6.6090e+02    873.155      20957  1029.6644  1029.6619    34.3242    34.3212    8.11967         32 0.0000e+00
    440.000    435.007    -0.3302  28.449982    -0.3282  28.449018     5.0966     5.3646     0.0079    98.6112 1.0000e-12  -73.12016 -113.89718  17.000491      98.84 6.5963e+02    874.409      20987  1029.6700  1029.6670    34.3259    34.3223    8.11797         29 0.0000e+00
    441.000    435.994    -0.3176  28.463246    -0.3156  28.462551     5.0900     5.3516    -0.0011    98.6052 1.0000e-12  -73.12016 -113.89718  17.000506      99.86 6.5839e+02    875.676      21017  1029.6762  1029.6735    34.3287    34.3255    8.11511         33 0.0000e+00
    442.000    436.981    -0.3101  28.471924    -0.3082  28.471117     5.0788     5.3478     0.0026    98.6358 1.0000e-12  -73.12016 -113.89718  17.000523      99.88 6.5726e+02    877.146      21053  1029.6825  1029.6798    34.3313    34.3281    8.11337         36 0.0000e+00
    443.000    437.970    -0.3067  28.475574    -0.3052  28.474593     5.0729     5.3446     0.0125    98.6164 1.0000e-12  -73.12016 -113.89718  17.000539      99.88 6.5598e+02    878.615      21088  1029.6876  1029.6851    34.3317    34.3288    8.11262         33 0.0000e+00
    444.000    438.957    -0.3035  28.479428    -0.3017  28.478637     5.0631     5.3370     0.0028    98.6189 1.0000e-12  -73.12016 -113.89718  17.000554      99.88 6.5517e+02    879.849      21117  1029.6930  1029.6904    34.3327    34.3296    8.11189         28 0.0000e+00
    445.000    439.944    -0.2908  28.492960    -0.2881  28.492510     5.0344     5.3123     0.0046    98.6096 1.0000e-12  -73.12016 -113.89719  17.000567      99.88 6.5398e+02    881.029      21146  1029.6992  1029.6961    34.3358    34.3322    8.10900         29 0.0000e+00
    446.000    440.932    -0.2534  28.531811    -0.2520  28.528670     4.9958     5.2658    -0.0013    98.6331 1.0000e-12  -73.12016 -113.89719  17.000582      99.88 6.5414e+02    882.328      21177  1029.7082  1029.7035    34.3449    34.3392    8.10052         33 0.0000e+00
    447.000    441.920    -0.2013  28.583646    -0.1983  28.583111     4.9623     5.2314     0.0142    98.6169 1.0000e-12  -73.12017 -113.89719  17.000599      99.88 6.5403e+02    883.745      21211  1029.7166  1029.7132    34.3547    34.3507    8.08891         35 0.0000e+00
    448.000    442.907    -0.1675  28.616692    -0.1652  28.615907     4.9531     5.2217     0.0010    98.6314 1.0000e-12  -73.12016 -113.89719  17.000615      91.23 6.5403e+02    885.172      21245  1029.7232  1029.7203    34.3601    34.3565    8.08144         34 0.0000e+00
    449.000    443.895    -0.1574  28.626867    -0.1555  28.626162     4.9489     5.2143     0.0063    98.6214 1.0000e-12  -73.12016 -113.89719  17.000632      82.45 6.5403e+02    886.594      21279  1029.7290  1029.7264    34.3617    34.3586    8.07923         33 0.0000e+00
    450.000    444.882    -0.1551  28.630373    -0.1530  28.629647     4.9556     5.2182    -0.0031    98.6316 1.0000e-12  -73.12016 -113.89719  17.000646      99.65 6.5285e+02    887.838      21309  1029.7352  1029.7324    34.3632    34.3598    8.07865         28 0.0000e+00
    451.000    445.871    -0.1531  28.633504    -0.1510  28.632838     4.9529     5.2179    -0.0029    98.6153 1.0000e-12  -73.12016 -113.89718  17.000660      99.88 6.5317e+02    889.010      21337  1029.7412  1029.7384    34.3645    34.3612    8.07816         29 0.0000e+00
    452.000    446.857    -0.1495  28.638235    -0.1473  28.637621     4.9552     5.2126     0.0017    98.6249 1.0000e-12  -73.12016 -113.89718  17.000675      99.88 6.5243e+02    890.366      21370  1029.7472  1029.7445    34.3661    34.3628    8.07729         36 0.0000e+00
    453.000    447.845    -0.1460  28.642188    -0.1439  28.641587     4.9469     5.2074    -0.0028    98.6454 1.0000e-12  -73.12016 -113.89719  17.000694      99.88 6.5227e+02    891.962      21408  1029.7526  1029.7500    34.3668    34.3638    8.07651         39 0.0000e+00
    454.000    448.832    -0.1400  28.648839    -0.1379  28.648174     4.9448     5.2062     0.0017    98.6542 1.0000e-12  -73.12016 -113.89718  17.000711      99.54 6.5227e+02    893.442      21444  1029.7583  1029.7555    34.3684    34.3651    8.07517         32 0.0000e+00
    455.000    449.820    -0.1322  28.657486    -0.1299  28.656856     4.9173     5.1719     0.0049    98.6122 1.0000e-12  -73.12016 -113.89718  17.000726      99.00 6.5227e+02    894.720      21474  1029.7643  1029.7614    34.3705    34.3671    8.07339         30 0.0000e+00
    456.000    450.808    -0.1142  28.676288    -0.1113  28.675547     4.8817     5.1371    -0.0034    98.6496 1.0000e-12  -73.12016 -113.89718  17.000740      98.08 6.5116e+02    895.921      21503  1029.7710  1029.7674    34.3747    34.3704    8.06936         28 0.0000e+00
    457.000    451.796    -0.0722  28.717105    -0.0689  28.716253     4.8668     5.1259     0.0030    98.6583 1.0000e-12  -73.12016 -113.89718  17.000754      97.02 6.5074e+02    897.149      21533  1029.7773  1029.7732    34.3810    34.3761    8.06013         30 0.0000e+00
    458.000    452.782    -0.0558  28.733295    -0.0534  28.732740     4.8534     5.1164    -0.0027    98.6558 1.0000e-12  -73.12016 -113.89719  17.000769      95.92 6.4969e+02    898.468      21564  1029.7829  1029.7800    34.3834    34.3800    8.05654         33 0.0000e+00
    459.000    453.772    -0.0505  28.739114    -0.0479  28.738666     4.8450     5.0993     0.0012    98.5908 1.0000e-12  -73.12016 -113.89720  17.000786      86.59 6.4884e+02    899.886      21598  1029.7886  1029.7856    34.3846    34.3811    8.05536         29 0.0000e+00
    460.000    454.757    -0.0367  28.754188    -0.0346  28.753265     4.8353     5.0938    -0.0016    98.6256 1.0000e-12  -73.12016 -113.89720  17.000803      93.74 6.4807e+02    901.348      21633  1029.7956  1029.7926    34.3885    34.3849    8.05223         31 0.0000e+00
    461.000    455.745    -0.0315  28.761364    -0.0292  28.760636     4.8394     5.0993    -0.0023    98.6547 1.0000e-12  -73.12016 -113.89718  17.000818      92.95 6.4716e+02    902.680      21665  1029.8027  1029.7997    34.3916    34.3881    8.05098         30 0.0000e+00
    462.000    456.733    -0.0303  28.764116    -0.0283  28.763277     4.8475     5.0974    -0.0054    98.6772 1.0000e-12  -73.12016 -113.89718  17.000832      92.06 6.4664e+02    903.847      21693  1029.8090  1029.8062    34.3933    34.3900    8.05063         26 0.0000e+00
    463.000    457.720    -0.0292  28.766387    -0.0271  28.765594     4.8488     5.0977    -0.0079    98.6912 1.0000e-12  -73.12016 -113.89718  17.000845      90.87 6.4535e+02    905.018      21721  1029.8148  1029.8119    34.3945    34.3911    8.05033         31 0.0000e+00
    464.000    458.708    -0.0278  28.768459    -0.0253  28.767659     4.8419     5.0997     0.0010    98.7070 1.0000e-12  -73.12017 -113.89719  17.000863      89.70 6.4428e+02    906.560      21758  1029.8201  1029.8168    34.3950    34.3912    8.04999         37 0.0000e+00
    465.000    459.695    -0.0294  28.767132    -0.0274  28.766638     4.8479     5.0987    -0.0050    98.7240 1.0000e-12  -73.12016 -113.89718  17.000884      88.77 6.4184e+02    908.360      21802  1029.8248  1029.8223    34.3946    34.3916    8.05037         37 0.0000e+00
