ocean_section_plots/required_files/ctd/dnbp2202_ctd214.cnv
* Sea-Bird SBE 9 Data File:
* FileName = D:\Data\raw\NBP2202_CTD214.hex
* Software Version Seasave V 7.26.7.121
* Temperature SN = 1649
* Conductivity SN = 2513
* Number of Bytes Per Scan = 40
* Number of Voltage Words = 5
* Number of Scans Averaged by the Deck Unit = 1
* NMEA Latitude = 73 59.97 S
* NMEA Longitude = 111 30.14 W
* NMEA UTC (Time) = Feb 11 2022  05:19:47
* NMEA baud rate = 9600
** Ship: RVIB N.B. Palmer
** Cruise: NBP2202 Thwaites
** Station: 126
** Operator: B. Bjork
# nquan = 28
# nvalues = 407                         
# units = specified
# name 0 = prDM: Pressure, Digiquartz [db]
# name 1 = depSM: Depth [salt water, m]
# name 2 = t090C: Temperature [ITS-90, deg C]
# name 3 = c0mS/cm: Conductivity [mS/cm]
# name 4 = t190C: Temperature, 2 [ITS-90, deg C]
# name 5 = c1mS/cm: Conductivity, 2 [mS/cm]
# name 6 = sbeox0ML/L: Oxygen, SBE 43 [ml/l]
# name 7 = sbeox1ML/L: Oxygen, SBE 43, 2 [ml/l]
# name 8 = flECO-AFL: Fluorescence, WET Labs ECO-AFL/FL [mg/m^3]
# name 9 = CStarTr0: Beam Transmission, WET Labs C-Star [%]
# name 10 = par: PAR/Irradiance, Biospherical/Licor
# name 11 = latitude: Latitude [deg]
# name 12 = longitude: Longitude [deg]
# name 13 = timeJ: Julian Days
# name 14 = altM: Altimeter [m]
# name 15 = spar: SPAR, Biospherical/Licor
# name 16 = timeS: Time, Elapsed [seconds]
# name 17 = scan: Scan Count
# name 18 = density00: Density [density, kg/m^3]
# name 19 = density11: Density, 2 [density, kg/m^3]
# name 20 = v3: Voltage 3
# name 21 = v4: Voltage 4
# name 22 = v5: Voltage 5
# name 23 = sal00: Salinity, Practical [PSU]
# name 24 = sal11: Salinity, Practical, 2 [PSU]
# name 25 = oxsolML/L: Oxygen Saturation, Garcia & Gordon [ml/l]
# name 26 = nbin: number of scans per bin
# name 27 = flag: flag
# span 0 =      1.000,    407.000       
# span 1 =      0.987,    402.396       
# span 2 =    -1.5860,    -0.0735       
# span 3 =  26.969355,  28.701971       
# span 4 =    -1.5863,    -0.0715       
# span 5 =  26.969292,  28.701746       
# span 6 =     4.9807,     8.9110       
# span 7 =     5.1360,     9.2632       
# span 8 =    -0.0123,    24.9499       
# span 9 =    71.3919,    97.8808       
# span 10 = 1.0000e-12, 1.9614e+02      
# span 11 =  -73.99956,  -73.99954      
# span 12 = -111.50246, -111.50242      
# span 13 =  42.223991,  42.230444      
# span 14 =       8.78,     100.69      
# span 15 = 7.4840e+01, 1.3074e+02      
# span 16 =    165.828,    723.339      
# span 17 =       3981,      17361      
# span 18 =  1027.1950,  1029.5556      
# span 19 =  1027.1974,  1029.5534      
# span 20 =     3.3873,     4.6433      
# span 21 =     0.0652,     4.2484      
# span 22 =     0.1154,     0.2461      
# span 23 =    33.8013,    34.3972      
# span 24 =    33.8036,    34.3938      
# span 25 =    8.05951,    8.41569      
# span 26 =         17,         49      
# span 27 = 0.0000e+00, 0.0000e+00      
# interval = decibars: 1                
# start_time = Feb 11 2022 05:19:47 [NMEA time, header]
# bad_flag = -9.990e-29
*END*
[from data line 156]
    157.000    155.317    -1.5820  27.034136    -1.5817  27.033993     6.4793     6.7025     0.3972    96.0842 1.0000e-12  -73.99954 -111.50244  42.227170      99.83 1.0367e+02    440.512      10573  1028.1122  1028.1117     4.5581     0.1296     0.1426    33.9935    33.9929    8.41256         23 0.0000e+00
    158.000    156.306    -1.5818  27.034948    -1.5816  27.034762     6.4774     6.7068     0.4437    96.0568 1.0000e-12  -73.99954 -111.50244  42.227182      99.82 1.0674e+02    441.484      10597  1028.1172  1028.1168     4.5569     0.1476     0.1462    33.9938    33.9933    8.41250         24 0.0000e+00
    159.000    157.295    -1.5817  27.035535    -1.5815  27.035437     6.4744     6.7017     0.4322    96.0692 1.0000e-12  -73.99954 -111.50242  42.227193      94.14 1.0669e+02    442.494      10621  1028.1221  1028.1217     4.5574     0.1434     0.1440    33.9939    33.9935    8.41247         25 0.0000e+00
    160.000    158.284    -1.5816  27.036121    -1.5814  27.036003     6.4782     6.6957     0.4584    96.0041 1.0000e-12  -73.99954 -111.50244  42.227205      99.82 1.0454e+02    443.505      10645  1028.1270  1028.1266     4.5543     0.1453     0.1460    33.9940    33.9936    8.41245         23 0.0000e+00
    161.000    159.273    -1.5817  27.036647    -1.5814  27.036509     6.4763     6.6993     0.5867    95.9794 1.0000e-12  -73.99954 -111.50242  42.227216      99.83 1.0631e+02    444.492      10669  1028.1319  1028.1314     4.5532     0.1357     0.1463    33.9941    33.9935    8.41245         24 0.0000e+00
    162.000    160.262    -1.5817  27.037229    -1.5814  27.037111     6.4767     6.7040     0.4534    95.9633 1.0000e-12  -73.99954 -111.50244  42.227228      99.83 1.0620e+02    445.494      10693  1028.1368  1028.1364     4.5524     0.1280     0.1456    33.9942    33.9938    8.41244         25 0.0000e+00
    163.000    161.250    -1.5816  27.037799    -1.5813  27.037862     6.4770     6.7069     0.5592    95.9585 1.0000e-12  -73.99954 -111.50242  42.227240      99.83 1.0377e+02    446.502      10717  1028.1417  1028.1415     4.5521     0.1359     0.1428    33.9944    33.9941    8.41243         23 0.0000e+00
    164.000    162.240    -1.5816  27.038416    -1.5813  27.038379     6.4755     6.7057     0.4626    95.8359 1.0000e-12  -73.99954 -111.50244  42.227251      99.83 1.0151e+02    447.479      10741  1028.1466  1028.1463     4.5463     0.1569     0.1460    33.9946    33.9942    8.41240         24 0.0000e+00
    165.000    163.229    -1.5815  27.039051    -1.5812  27.038968     6.4711     6.7070     0.4721    95.8114 1.0000e-12  -73.99954 -111.50242  42.227262      99.83 1.0450e+02    448.472      10764  1028.1515  1028.1512     4.5452     0.1603     0.1443    33.9947    33.9942    8.41237         24 0.0000e+00
    166.000    164.217    -1.5814  27.039513    -1.5812  27.039466     6.4707     6.7047     0.4288    95.8049 1.0000e-12  -73.99954 -111.50242  42.227274      99.83 1.0431e+02    449.472      10788  1028.1563  1028.1560     4.5449     0.1431     0.1458    33.9946    33.9943    8.41236         24 0.0000e+00
    167.000    165.207    -1.5814  27.040059    -1.5811  27.040029     6.4716     6.6958     0.4017    95.8415 1.0000e-12  -73.99954 -111.50242  42.227285      99.83 9.9856e+01    450.444      10812  1028.1612  1028.1608     4.5466     0.1593     0.1461    33.9947    33.9943    8.41235         23 0.0000e+00
    168.000    166.196    -1.5813  27.040728    -1.5809  27.040667     6.4689     6.7006     0.4496    95.8381 1.0000e-12  -73.99954 -111.50242  42.227297      99.83 1.0238e+02    451.432      10835  1028.1661  1028.1657     4.5465     0.1429     0.1487    33.9949    33.9944    8.41231         24 0.0000e+00
    169.000    167.183    -1.5812  27.041312    -1.5808  27.041258     6.4787     6.7009     0.5806    95.8295 1.0000e-12  -73.99954 -111.50242  42.227308      99.83 1.0217e+02    452.439      10860  1028.1710  1028.1705     4.5461     0.1683     0.1434    33.9950    33.9945    8.41229         24 0.0000e+00
    170.000    168.173    -1.5810  27.042235    -1.5806  27.042128     6.4719     6.6930     0.6516    95.5320 1.0000e-12  -73.99954 -111.50242  42.227320      99.83 9.9707e+01    453.424      10883  1028.1761  1028.1756     4.5320     0.1581     0.1451    33.9954    33.9948    8.41221         24 0.0000e+00
    171.000    169.161    -1.5807  27.043103    -1.5804  27.042993     6.4662     6.6917     0.5461    95.8814 1.0000e-12  -73.99954 -111.50242  42.227331      99.83 1.0311e+02    454.423      10907  1028.1811  1028.1806     4.5484     0.1362     0.1425    33.9957    33.9951    8.41214         23 0.0000e+00
    172.000    170.150    -1.5804  27.044194    -1.5800  27.044084     6.4656     6.6894     0.5252    95.9817 1.0000e-12  -73.99954 -111.50242  42.227343      99.83 1.0336e+02    455.426      10931  1028.1863  1028.1858     4.5532     0.1391     0.1449    33.9962    33.9956    8.41204         24 0.0000e+00
    173.000    171.140    -1.5801  27.045179    -1.5797  27.045008     6.4619     6.6891     0.6172    95.8963 1.0000e-12  -73.99954 -111.50242  42.227354      94.23 1.0001e+02    456.406      10955  1028.1914  1028.1908     4.5492     0.1315     0.1443    33.9966    33.9958    8.41195         24 0.0000e+00
    174.000    172.128    -1.5800  27.045704    -1.5796  27.045580     6.4601     6.6902     0.4112    95.9695 1.0000e-12  -73.99954 -111.50242  42.227366      99.78 1.0259e+02    457.388      10978  1028.1963  1028.1956     4.5527     0.1357     0.1471    33.9966    33.9959    8.41193         24 0.0000e+00
    175.000    173.118    -1.5800  27.046167    -1.5796  27.046055     6.4650     6.6824     0.4409    95.7731 1.0000e-12  -73.99954 -111.50244  42.227377      99.83 1.0261e+02    458.382      11002  1028.2010  1028.2005     4.5434     0.1286     0.1459    33.9966    33.9959    8.41193         24 0.0000e+00
    176.000    174.106    -1.5799  27.046916    -1.5794  27.046854     6.4667     6.6885     0.3862    95.5644 1.0000e-12  -73.99954 -111.50244  42.227388      99.82 9.9672e+01    459.365      11026  1028.2060  1028.2055     4.5337     0.1359     0.1450    33.9968    33.9962    8.41188         23 0.0000e+00
    177.000    175.095    -1.5797  27.047560    -1.5793  27.047488     6.4619     6.6814     0.3399    95.9271 1.0000e-12  -73.99954 -111.50244  42.227400      99.83 1.0261e+02    460.354      11049  1028.2109  1028.2104     4.5505     0.1387     0.1449    33.9969    33.9963    8.41184         24 0.0000e+00
    178.000    176.083    -1.5796  27.048056    -1.5792  27.048063     6.4639     6.6819     0.3832    95.9678 1.0000e-12  -73.99954 -111.50244  42.227411      99.83 1.0254e+02    461.353      11073  1028.2157  1028.2153     4.5526     0.1336     0.1486    33.9969    33.9964    8.41182         24 0.0000e+00
    179.000    177.073    -1.5797  27.048786    -1.5792  27.048729     6.4599     6.6888     0.3863    95.8498 1.0000e-12  -73.99954 -111.50244  42.227423      99.83 9.9700e+01    462.346      11097  1028.2209  1028.2203     4.5470     0.1355     0.1486    33.9973    33.9966    8.41181         24 0.0000e+00
    180.000    178.061    -1.5796  27.049416    -1.5791  27.049297     6.4565     6.6828     0.3519    95.9522 1.0000e-12  -73.99954 -111.50244  42.227434      99.83 1.0105e+02    463.338      11121  1028.2257  1028.2252     4.5518     0.1383     0.1457    33.9974    33.9967    8.41178         24 0.0000e+00
    181.000    179.050    -1.5793  27.050160    -1.5790  27.050029     6.4527     6.6770     0.3888    95.9089 1.0000e-12  -73.99954 -111.50244  42.227446      99.83 1.0218e+02    464.339      11145  1028.2306  1028.2301     4.5498     0.1583     0.1497    33.9975    33.9970    8.41171         23 0.0000e+00
    182.000    180.039    -1.5792  27.050861    -1.5788  27.050740     6.4588     6.6814     0.3901    95.8860 1.0000e-12  -73.99954 -111.50244  42.227458      99.83 1.0053e+02    465.328      11169  1028.2356  1028.2350     4.5487     0.1362     0.1485    33.9978    33.9971    8.41168         24 0.0000e+00
    183.000    181.028    -1.5792  27.051333    -1.5787  27.051245     6.4546     6.6718     0.3958    95.8714 1.0000e-12  -73.99954 -111.50244  42.227469      99.83 1.0056e+02    466.306      11192  1028.2404  1028.2398     4.5480     0.1374     0.1469    33.9978    33.9971    8.41167         24 0.0000e+00
    184.000    182.016    -1.5791  27.051901    -1.5786  27.051873     6.4581     6.6762     0.4033    95.8925 1.0000e-12  -73.99954 -111.50244  42.227480      99.83 1.0229e+02    467.298      11216  1028.2452  1028.2447     4.5490     0.1432     0.1549    33.9978    33.9972    8.41165         24 0.0000e+00
    185.000    183.004    -1.5791  27.052465    -1.5785  27.052381     6.4561     6.6833     0.4232    95.8812 1.0000e-12  -73.99954 -111.50244  42.227492      92.81 1.0156e+02    468.290      11240  1028.2501  1028.2495     4.5485     0.1421     0.1464    33.9979    33.9972    8.41163         23 0.0000e+00
    186.000    183.994    -1.5789  27.053128    -1.5785  27.053013     6.4591     6.6825     0.4996    95.9485 1.0000e-12  -73.99954 -111.50244  42.227503      93.56 1.0004e+02    469.270      11263  1028.2550  1028.2545     4.5517     0.1286     0.1446    33.9981    33.9974    8.41159         24 0.0000e+00
    187.000    184.983    -1.5788  27.053695    -1.5784  27.053625     6.4572     6.6716     0.3833    95.9572 1.0000e-12  -73.99954 -111.50244  42.227515      99.52 1.0225e+02    470.271      11287  1028.2598  1028.2593     4.5521     0.1236     0.1464    33.9981    33.9975    8.41157         24 0.0000e+00
    188.000    185.971    -1.5790  27.054143    -1.5783  27.054145     6.4470     6.6753     0.3455    95.9882 1.0000e-12  -73.99954 -111.50244  42.227526      99.83 1.0254e+02    471.268      11311  1028.2648  1028.2642     4.5536     0.1293     0.1452    33.9983    33.9976    8.41159         24 0.0000e+00
    189.000    186.960    -1.5789  27.054624    -1.5784  27.054545     6.4473     6.6804     0.3681    95.9639 1.0000e-12  -73.99954 -111.50244  42.227538      99.83 9.9847e+01    472.261      11335  1028.2696  1028.2690     4.5524     0.1189     0.1519    33.9982    33.9976    8.41158         24 0.0000e+00
    190.000    187.949    -1.5788  27.055287    -1.5782  27.055225     6.4493     6.6800     0.3975    96.0309 1.0000e-12  -73.99954 -111.50244  42.227549      99.83 1.0282e+02    473.267      11359  1028.2745  1028.2739     4.5556     0.1398     0.1474    33.9984    33.9977    8.41154         24 0.0000e+00
    191.000    188.938    -1.5782  27.056499    -1.5776  27.056434     6.4437     6.6760     0.4518    96.0183 1.0000e-12  -73.99954 -111.50244  42.227561      99.83 1.0217e+02    474.273      11384  1028.2796  1028.2789     4.5550     0.1411     0.1483    33.9988    33.9981    8.41139         24 0.0000e+00
    192.000    189.925    -1.5779  27.057432    -1.5773  27.057342     6.4452     6.6676     0.4635    96.0212 1.0000e-12  -73.99954 -111.50244  42.227572      99.83 9.8691e+01    475.258      11407  1028.2846  1028.2839     4.5551     0.1585     0.1506    33.9991    33.9983    8.41130         23 0.0000e+00
    193.000    190.916    -1.5776  27.058107    -1.5771  27.058012     6.4442     6.6674     0.3036    96.0054 1.0000e-12  -73.99954 -111.50244  42.227584      99.83 1.0267e+02    476.249      11431  1028.2893  1028.2888     4.5544     0.1376     0.1477    33.9990    33.9983    8.41122         25 0.0000e+00
    194.000    191.903    -1.5773  27.058862    -1.5768  27.058733     6.4442     6.6608     0.2785    95.9144 1.0000e-12  -73.99954 -111.50244  42.227595      99.83 1.0271e+02    477.242      11455  1028.2942  1028.2936     4.5501     0.1355     0.1497    33.9992    33.9984    8.41116         23 0.0000e+00
    195.000    192.892    -1.5772  27.059495    -1.5766  27.059419     6.4353     6.6646     0.3366    96.1052 1.0000e-12  -73.99954 -111.50244  42.227607      99.83 9.8890e+01    478.223      11478  1028.2991  1028.2985     4.5591     0.1233     0.1488    33.9993    33.9985    8.41113         24 0.0000e+00
    196.000    193.882    -1.5766  27.060644    -1.5762  27.060543     6.4322     6.6547     0.4459    96.0703 1.0000e-12  -73.99954 -111.50244  42.227618      99.83 1.0256e+02    479.216      11502  1028.3041  1028.3036     4.5575     0.1281     0.1452    33.9996    33.9989    8.41098         24 0.0000e+00
    197.000    194.870    -1.5752  27.062764    -1.5748  27.062623     6.4350     6.6598     0.5325    95.9786 1.0000e-12  -73.99954 -111.50244  42.227630      99.83 1.0309e+02    480.209      11526  1028.3094  1028.3088     4.5531     0.1263     0.1464    34.0002    33.9996    8.41061         23 0.0000e+00
    198.000    195.858    -1.5749  27.063624    -1.5744  27.063522     6.4239     6.6527     0.3926    95.9547 1.0000e-12  -73.99954 -111.50244  42.227641      99.83 9.9486e+01    481.199      11550  1028.3143  1028.3138     4.5520     0.1263     0.1498    34.0004    33.9997    8.41053         24 0.0000e+00
    199.000    196.846    -1.5736  27.065486    -1.5731  27.065438     6.4069     6.6413     0.3209    96.0098 1.0000e-12  -73.99954 -111.50244  42.227653      95.18 1.0313e+02    482.189      11574  1028.3195  1028.3190     4.5546     0.1194     0.1485    34.0010    34.0003    8.41022         24 0.0000e+00
    200.000    197.837    -1.5706  27.069870    -1.5698  27.069800     6.3996     6.6283     0.3375    96.0097 1.0000e-12  -73.99954 -111.50244  42.227664      97.86 1.0130e+02    483.184      11597  1028.3257  1028.3248     4.5546     0.1224     0.1463    34.0030    34.0019    8.40941         24 0.0000e+00
    201.000    198.825    -1.5584  27.083196    -1.5591  27.081483     6.3956     6.6239     0.3894    96.0395 1.0000e-12  -73.99954 -111.50244  42.227676      99.79 9.9403e+01    484.176      11621  1028.3329  1028.3317     4.5560     0.1172     0.1468    34.0068    34.0053    8.40642         24 0.0000e+00
    202.000    199.813    -1.5547  27.087281    -1.5546  27.086620     6.3855     6.6135     0.4138    96.1560 1.0000e-12  -73.99954 -111.50244  42.227687      99.83 1.0119e+02    485.173      11645  1028.3382  1028.3374     4.5616     0.1149     0.1411    34.0077    34.0066    8.40554         24 0.0000e+00
    203.000    200.802    -1.5525  27.090100    -1.5520  27.089767     6.3833     6.6021     0.2666    96.1971 1.0000e-12  -73.99954 -111.50244  42.227699      99.83 1.0217e+02    486.170      11669  1028.3435  1028.3427     4.5635     0.1084     0.1471    34.0084    34.0074    8.40498         23 0.0000e+00
    204.000    201.791    -1.5497  27.093614    -1.5486  27.093769     6.3776     6.5975     0.2887    96.2803 1.0000e-12  -73.99954 -111.50244  42.227710      99.83 1.0061e+02    487.161      11693  1028.3491  1028.3482     4.5675     0.1198     0.1372    34.0094    34.0084    8.40429         24 0.0000e+00
    205.000    202.779    -1.5422  27.101238    -1.5413  27.101229     6.3737     6.5978     0.3092    96.3265 1.0000e-12  -73.99954 -111.50244  42.227722      99.84 1.0189e+02    488.151      11717  1028.3546  1028.3538     4.5696     0.1098     0.1381    34.0109    34.0098    8.40253         24 0.0000e+00
    206.000    203.769    -1.5381  27.105781    -1.5382  27.104893     6.3626     6.5956     0.2539    96.4360 1.0000e-12  -73.99956 -111.50244  42.227733      99.83 1.0195e+02    489.139      11740  1028.3600  1028.3591     4.5748     0.1037     0.1356    34.0117    34.0107    8.40153         24 0.0000e+00
    207.000    204.755    -1.5317  27.113092    -1.5312  27.112612     6.3507     6.5806     0.2975    96.5979 1.0000e-12  -73.99954 -111.50244  42.227745      99.83 1.0132e+02    490.133      11764  1028.3663  1028.3652     4.5824     0.1358     0.1337    34.0140    34.0127    8.39996         23 0.0000e+00
