ocean_section_plots/required_files/ctd/dnbp2202_ctd038.cnv
* Sea-Bird SBE 9 Data File:
* FileName = D:\Data\raw\NBP2202_CTD038.hex
* Software Version Seasave V 7.26.7.121
* Temperature SN = 1649
* Conductivity SN = 2513
* Number of Bytes Per Scan = 40
* Number of Voltage Words = 5
* Number of Scans Averaged by the Deck Unit = 1
* NMEA Latitude = 74 08.81 S
* NMEA Longitude = 113 23.06 W
* NMEA UTC (Time) = Jan 22 2022  15:27:22
* NMEA baud rate = 9600
** Ship: RVIB N.B. Palmer
** Cruise: NBP2202 Thwaites
** Station: Tow-Yo #2
** Operator: A. Robinson
# nquan = 25
# nvalues = 462                         
# units = specified
# name 0 = prDM: Pressure, Digiquartz [db]
# name 1 = depSM: Depth [salt water, m]
# name 2 = t090C: Temperature [ITS-90, deg C]
# name 3 = c0mS/cm: Conductivity [mS/cm]
# name 4 = t190C: Temperature, 2 [ITS-90, deg C]
# name 5 = c1mS/cm: Conductivity, 2 [mS/cm]
# name 6 = sbeox0ML/L: Oxygen, SBE 43 [ml/l]
# name 7 = sbeox1ML/L: Oxygen, SBE 43, 2 [ml/l]
# name 8 = flECO-AFL: Fluorescence, WET Labs ECO-AFL/FL [mg/m^3]
# name 9 = CStarTr0: Beam Transmission, WET Labs C-Star [%]
# name 10 = par: PAR/Irradiance, Biospherical/Licor
# name 11 = latitude: Latitude [deg]
# name 12 = longitude: Longitude [deg]
# name 13 = timeJ: Julian Days
# name 14 = altM: Altimeter [m]
# name 15 = spar: SPAR, Biospherical/Licor
# name 16 = timeS: Time, Elapsed [seconds]
# name 17 = scan: Scan Count
# name 18 = density00: Density [density, kg/m^3]
# name 19 = density11: Density, 2 [density, kg/m^3]
# name 20 = sal00: Salinity, Practical [PSU]
# name 21 = sal11: Salinity, Practical, 2 [PSU]
# name 22 = oxsolML/L: Oxygen Saturation, Garcia & Gordon [ml/l]
# name 23 = nbin: number of scans per bin
# name 24 = flag: flag
# span 0 =     10.000,    471.000       
# span 1 =      9.896,    465.616       
# span 2 =    -1.4064,    -0.0894       
# span 3 =  27.028427,  28.660123       
# span 4 =    -1.4045,    -0.0875       
# span 5 =  27.027908,  28.659666       
# span 6 =     4.7658,     8.5143       
# span 7 =     5.0192,     8.9325       
# span 8 =    -0.0196,    19.2740       
# span 9 =    72.7347,    97.1724       
# span 10 = -6.847e-05, 2.9536e+01      
# span 11 =  -74.14698,  -74.14696      
# span 12 = -113.38373, -113.36839      
# span 13 =  22.644383,  22.652604      
# span 14 =      10.00,     101.50      
# span 15 = 1.3453e+03, 1.7913e+03      
# span 16 =     32.678,    743.004      
# span 17 =        785,      17833      
# span 18 =  1027.2134,  1029.7953      
# span 19 =  1027.2122,  1029.7929      
# span 20 =    33.7772,    34.3169      
# span 21 =    33.7753,    34.3142      
# span 22 =    8.06739,    8.38185      
# span 23 =          4,         48      
# span 24 = 0.0000e+00, 0.0000e+00      
# interval = decibars: 1                
# start_time = Jan 22 2022 15:27:22 [NMEA time, header]
# bad_flag = -9.990e-29
*END*
[from data line 348]
    358.000    353.990    -0.2689  28.408435    -0.2666  28.408008     4.8295     5.0943    -0.0161    96.8689 1.0000e-12  -74.14697 -113.37349  22.649924      98.49 1.6656e+03    511.400      12275  1029.2175  1029.2150    34.2506    34.2476    8.10918         33 0.0000e+00
    359.000    354.978    -0.2682  28.409497    -0.2660  28.409012     4.8233     5.0965    -0.0115    96.8584 1.0000e-12  -74.14697 -113.37346  22.649941      99.84 1.6703e+03    512.944      12312  1029.2225  1029.2199    34.2507    34.2476    8.10904         37 0.0000e+00
    360.000    355.964    -0.2677  28.410623    -0.2655  28.410047     4.8262     5.0997    -0.0166    96.8444 1.0000e-12  -74.14697 -113.37341  22.649960      99.86 1.6758e+03    514.568      12351  1029.2276  1029.2249    34.2510    34.2478    8.10891         36 0.0000e+00
    361.000    356.954    -0.2646  28.414437    -0.2624  28.413873     4.8303     5.0995    -0.0103    96.8473 1.0000e-12  -74.14697 -113.37338  22.649978      99.86 1.6781e+03    516.094      12387  1029.2331  1029.2302    34.2521    34.2488    8.10820         34 0.0000e+00
    362.000    357.941    -0.2628  28.416690    -0.2608  28.416049     4.8243     5.0874    -0.0105    96.8447 1.0000e-12  -74.14697 -113.37335  22.649997      99.86 1.6791e+03    517.707      12426  1029.2381  1029.2355    34.2525    34.2494    8.10779         41 0.0000e+00
    363.000    358.928    -0.2602  28.420244    -0.2581  28.419408     4.8246     5.0927    -0.0105    96.8492 1.0000e-12  -74.14697 -113.37331  22.650015      99.86 1.6751e+03    519.330      12465  1029.2436  1029.2408    34.2536    34.2502    8.10716         37 0.0000e+00
    364.000    359.917    -0.2586  28.422196    -0.2565  28.421724     4.8255     5.0941    -0.0166    96.8305 1.0000e-12  -74.14697 -113.37328  22.650034      99.86 1.6687e+03    520.926      12503  1029.2485  1029.2460    34.2539    34.2509    8.10682         40 0.0000e+00
    365.000    360.905    -0.2565  28.425193    -0.2544  28.424520     4.8209     5.0923    -0.0152    96.8310 1.0000e-12  -74.14697 -113.37324  22.650054      85.30 1.6615e+03    522.657      12545  1029.2540  1029.2513    34.2549    34.2516    8.10632         40 0.0000e+00
    366.000    361.891    -0.2541  28.428340    -0.2522  28.427396     4.8260     5.0877    -0.0138    96.8313 1.0000e-12  -74.14696 -113.37320  22.650073      94.52 1.6527e+03    524.275      12584  1029.2593  1029.2565    34.2558    34.2524    8.10575         35 0.0000e+00
    367.000    362.880    -0.2511  28.432048    -0.2489  28.431664     4.8238     5.0901    -0.0097    96.8414 1.0000e-12  -74.14696 -113.37316  22.650092      99.62 1.6412e+03    525.976      12624  1029.2647  1029.2621    34.2568    34.2537    8.10505         38 0.0000e+00
    368.000    363.869    -0.2501  28.433593    -0.2478  28.433267     4.8222     5.0871     0.0004    96.8156 1.0000e-12  -74.14696 -113.37313  22.650113      99.86 1.6278e+03    527.788      12668  1029.2697  1029.2671    34.2571    34.2541    8.10483         34 0.0000e+00
    369.000    364.857    -0.2471  28.437544    -0.2446  28.437333     4.8189     5.0894    -0.0113    96.8229 1.0000e-12  -74.14696 -113.37309  22.650133      70.44 1.6180e+03    529.529      12710  1029.2753  1029.2727    34.2584    34.2554    8.10411         41 0.0000e+00
    370.000    365.843    -0.2429  28.442840    -0.2413  28.441701     4.8227     5.0813    -0.0104    96.8262 1.0000e-12  -74.14696 -113.37304  22.650154      99.40 1.6150e+03    531.289      12752  1029.2812  1029.2784    34.2601    34.2568    8.10312         36 0.0000e+00
    371.000    366.831    -0.2401  28.446377    -0.2379  28.445898     4.8186     5.0791    -0.0104    96.8263 1.0000e-12  -74.14696 -113.37300  22.650176      99.86 1.6152e+03    533.179      12797  1029.2866  1029.2838    34.2611    34.2580    8.10248         38 0.0000e+00
    372.000    367.821    -0.2371  28.449964    -0.2352  28.449449     4.8148     5.0856    -0.0076    96.8212 1.0000e-12  -74.14696 -113.37296  22.650201      88.68 1.6169e+03    535.328      12849  1029.2917  1029.2893    34.2620    34.2591    8.10179         43 0.0000e+00
    373.000    368.811    -0.2356  28.452223    -0.2336  28.451636     4.8181     5.0858    -0.0092    96.8196 1.0000e-12  -74.14696 -113.37290  22.650229      75.50 1.6206e+03    537.744      12907  1029.2970  1029.2945    34.2626    34.2597    8.10142         44 0.0000e+00
    374.000    369.796    -0.2346  28.453634    -0.2328  28.452902     4.8183     5.0868    -0.0164    96.8177 1.0000e-12  -74.14696 -113.37284  22.650259      76.77 1.6291e+03    540.396      12970  1029.3019  1029.2994    34.2628    34.2599    8.10120         34 0.0000e+00
    375.000    370.782    -0.2347  28.453963    -0.2328  28.453441     4.8161     5.0865    -0.0047    96.8245 1.0000e-12  -74.14696 -113.37279  22.650289     101.50 1.6320e+03    542.956      13032  1029.3067  1029.3042    34.2628    34.2599    8.10123         36 0.0000e+00
    376.000    371.774    -0.2341  28.455182    -0.2321  28.454710     4.8197     5.0868    -0.0082    96.8067 1.0000e-12  -74.14696 -113.37274  22.650318      99.19 1.6209e+03    545.511      13093  1029.3117  1029.3093    34.2631    34.2602    8.10108         39 0.0000e+00
    377.000    372.760    -0.2331  28.456663    -0.2313  28.455988     4.8177     5.0805    -0.0105    96.8103 1.0000e-12  -74.14696 -113.37268  22.650348      98.87 1.6039e+03    548.078      13155  1029.3165  1029.3141    34.2633    34.2604    8.10085         37 0.0000e+00
    378.000    373.745    -0.2328  28.457392    -0.2311  28.456744     4.8197     5.0816    -0.0108    96.8058 1.0000e-12  -74.14696 -113.37264  22.650376      97.96 1.5911e+03    550.469      13212  1029.3214  1029.3190    34.2634    34.2606    8.10079         38 0.0000e+00
    379.000    374.735    -0.2320  28.458894    -0.2300  28.458303     4.8158     5.0817    -0.0061    96.8159 1.0000e-12  -74.14696 -113.37258  22.650406      96.99 1.5844e+03    553.116      13276  1029.3264  1029.3239    34.2639    34.2609    8.10058         34 0.0000e+00
    380.000    375.721    -0.2301  28.461252    -0.2283  28.460632     4.8148     5.0817    -0.0011    96.8128 1.0000e-12  -74.14696 -113.37253  22.650435      96.26 1.5826e+03    555.567      13335  1029.3314  1029.3290    34.2644    34.2615    8.10017         38 0.0000e+00
    381.000    376.710    -0.2303  28.461646    -0.2284  28.461100     4.8117     5.0827    -0.0076    96.8083 1.0000e-12  -74.14696 -113.37248  22.650462      95.20 1.5805e+03    557.885      13390  1029.3362  1029.3338    34.2644    34.2616    8.10019         37 0.0000e+00
    382.000    377.700    -0.2309  28.461416    -0.2289  28.460920     4.8141     5.0795    -0.0145    96.8000 1.0000e-12  -74.14696 -113.37243  22.650487      94.48 1.5736e+03    560.060      13442  1029.3408  1029.3384    34.2642    34.2613    8.10033         36 0.0000e+00
    383.000    378.687    -0.2313  28.461240    -0.2295  28.460700     4.8197     5.0791    -0.0100    96.8127 1.0000e-12  -74.14697 -113.37239  22.650511      93.50 1.5643e+03    562.164      13493  1029.3454  1029.3431    34.2639    34.2611    8.10045         44 0.0000e+00
    384.000    379.673    -0.2318  28.461267    -0.2298  28.460772     4.8187     5.0810    -0.0057    96.8125 1.0000e-12  -74.14697 -113.37234  22.650536      92.52 1.5545e+03    564.316      13545  1029.3501  1029.3477    34.2638    34.2610    8.10055         34 0.0000e+00
    385.000    380.664    -0.2315  28.461873    -0.2297  28.461370     4.8174     5.0810    -0.0046    96.8039 1.0000e-12  -74.14698 -113.37229  22.650559      91.72 1.5437e+03    566.263      13591  1029.3548  1029.3524    34.2637    34.2610    8.10050         36 0.0000e+00
    386.000    381.653    -0.2299  28.464283    -0.2279  28.463710     4.8165     5.0806    -0.0076    96.7941 1.0000e-12  -74.14698 -113.37225  22.650582      90.79 1.5328e+03    568.307      13640  1029.3600  1029.3575    34.2645    34.2615    8.10011         32 0.0000e+00
    387.000    382.637    -0.2288  28.465933    -0.2272  28.465041     4.8154     5.0840    -0.0146    96.8084 1.0000e-12  -74.14698 -113.37220  22.650605      89.86 1.5269e+03    570.269      13687  1029.3649  1029.3624    34.2648    34.2619    8.09985         35 0.0000e+00
    388.000    383.626    -0.2282  28.467006    -0.2261  28.466721     4.8139     5.0826    -0.0146    96.7885 1.0000e-12  -74.14698 -113.37215  22.650628      88.89 1.5242e+03    572.245      13735  1029.3698  1029.3674    34.2651    34.2623    8.09972         39 0.0000e+00
    389.000    384.611    -0.2255  28.470516    -0.2235  28.470131     4.8166     5.0783    -0.0100    96.8128 1.0000e-12  -74.14698 -113.37212  22.650652      87.82 1.5200e+03    574.324      13785  1029.3752  1029.3727    34.2661    34.2633    8.09909         30 0.0000e+00
    390.000    385.600    -0.2248  28.471816    -0.2228  28.471363     4.8151     5.0814    -0.0074    96.8163 1.0000e-12  -74.14698 -113.37206  22.650675      87.15 1.5118e+03    576.295      13832  1029.3801  1029.3777    34.2665    34.2636    8.09892         40 0.0000e+00
    391.000    386.589    -0.2237  28.473360    -0.2219  28.472871     4.8151     5.0790    -0.0160    96.8089 1.0000e-12  -74.14696 -113.37202  22.650698      85.99 1.5075e+03    578.334      13881  1029.3850  1029.3827    34.2667    34.2640    8.09867         37 0.0000e+00
    392.000    387.577    -0.2233  28.474322    -0.2215  28.473769     4.8076     5.0773    -0.0070    96.7980 1.0000e-12  -74.14696 -113.37197  22.650723      85.07 1.5119e+03    580.476      13932  1029.3899  1029.3875    34.2669    34.2641    8.09857         34 0.0000e+00
    393.000    388.563    -0.2226  28.475470    -0.2209  28.474859     4.8115     5.0793     0.0001    96.7926 1.0000e-12  -74.14696 -113.37192  22.650747      84.13 1.5195e+03    582.574      13983  1029.3948  1029.3924    34.2671    34.2643    8.09842         33 0.0000e+00
    394.000    389.550    -0.2213  28.477524    -0.2191  28.477267     4.8064     5.0773    -0.0172    96.8049 1.0000e-12  -74.14696 -113.37187  22.650770      83.23 1.5213e+03    584.537      14030  1029.3999  1029.3975    34.2678    34.2650    8.09810         35 0.0000e+00
    395.000    390.541    -0.2164  28.483479    -0.2145  28.482951     4.8091     5.0730    -0.0112    96.8110 1.0000e-12  -74.14696 -113.37183  22.650795      82.33 1.5218e+03    586.680      14081  1029.4057  1029.4033    34.2696    34.2667    8.09695         36 0.0000e+00
    396.000    391.526    -0.2157  28.484766    -0.2139  28.484000     4.8134     5.0756    -0.0082    96.7988 1.0000e-12  -74.14696 -113.37179  22.650818      81.47 1.5282e+03    588.632      14128  1029.4107  1029.4081    34.2699    34.2668    8.09679         38 0.0000e+00
    397.000    392.515    -0.2153  28.485437    -0.2135  28.484820     4.8120     5.0754    -0.0108    96.7943 1.0000e-12  -74.14696 -113.37173  22.650840      80.54 1.5348e+03    590.596      14175  1029.4154  1029.4130    34.2698    34.2669    8.09672         41 0.0000e+00
    398.000    393.504    -0.2154  28.485776    -0.2135  28.485322     4.8113     5.0768    -0.0120    96.7834 1.0000e-12  -74.14696 -113.37169  22.650863      79.64 1.5316e+03    592.592      14223  1029.4201  1029.4177    34.2697    34.2670    8.09674         36 0.0000e+00
    399.000    394.490    -0.2154  28.486245    -0.2136  28.485654     4.8114     5.0765    -0.0108    96.7865 1.0000e-12  -74.14696 -113.37166  22.650886      78.72 1.5229e+03    594.507      14269  1029.4248  1029.4224    34.2697    34.2669    8.09673         43 0.0000e+00
    400.000    395.478    -0.2157  28.486444    -0.2139  28.485655     4.8084     5.0756    -0.0137    96.8002 1.0000e-12  -74.14696 -113.37162  22.650908      77.73 1.5135e+03    596.457      14316  1029.4296  1029.4271    34.2697    34.2667    8.09679         44 0.0000e+00
    401.000    396.467    -0.2161  28.486292    -0.2144  28.485611     4.8098     5.0760    -0.0159    96.7951 1.0000e-12  -74.14696 -113.37157  22.650930      76.85 1.5058e+03    598.336      14361  1029.4342  1029.4318    34.2694    34.2666    8.09691         43 0.0000e+00
    402.000    397.453    -0.2155  28.487482    -0.2137  28.486869     4.8104     5.0727    -0.0078    96.7997 1.0000e-12  -74.14696 -113.37154  22.650953      75.93 1.4999e+03    600.319      14409  1029.4391  1029.4366    34.2697    34.2668    8.09676         43 0.0000e+00
    403.000    398.442    -0.2146  28.488941    -0.2127  28.488387     4.8100     5.0718    -0.0154    96.7828 1.0000e-12  -74.14696 -113.37149  22.650975      75.08 1.4941e+03    602.216      14454  1029.4440  1029.4416    34.2700    34.2672    8.09654         39 0.0000e+00
    404.000    399.429    -0.2139  28.490100    -0.2120  28.489577     4.8117     5.0735    -0.0122    96.7782 1.0000e-12  -74.14696 -113.37145  22.650996      74.15 1.4888e+03    604.068      14499  1029.4488  1029.4465    34.2702    34.2674    8.09638         37 0.0000e+00
    405.000    400.418    -0.2138  28.490712    -0.2118  28.490242     4.8106     5.0727    -0.0108    96.7834 1.0000e-12  -74.14696 -113.37141  22.651020      73.18 1.4830e+03    606.098      14547  1029.4536  1029.4513    34.2703    34.2675    8.09636         34 0.0000e+00
    406.000    401.405    -0.2125  28.492553    -0.2106  28.492029     4.8074     5.0731    -0.0153    96.7871 1.0000e-12  -74.14697 -113.37136  22.651042      72.29 1.4792e+03    608.015      14593  1029.4586  1029.4562    34.2707    34.2679    8.09606         40 0.0000e+00
    407.000    402.392    -0.2065  28.500122    -0.2039  28.500113     4.8076     5.0720    -0.0107    96.7706 1.0000e-12  -74.14698 -113.37133  22.651064      71.43 1.4782e+03    609.902      14639  1029.4650  1029.4625    34.2734    34.2705    8.09463         41 0.0000e+00
    408.000    403.380    -0.1985  28.509543    -0.1966  28.508875     4.8035     5.0690    -0.0090    96.7772 1.0000e-12  -74.14698 -113.37129  22.651086      70.49 1.4793e+03    611.809      14684  1029.4715  1029.4690    34.2764    34.2734    8.09276         41 0.0000e+00
    409.000    404.370    -0.1970  28.511678    -0.1949  28.511198     4.8077     5.0670    -0.0062    96.7630 1.0000e-12  -74.14698 -113.37123  22.651108      69.57 1.4839e+03    613.754      14731  1029.4766  1029.4741    34.2769    34.2740    8.09241         36 0.0000e+00
    410.000    405.356    -0.1968  28.512081    -0.1948  28.511742     4.8052     5.0665    -0.0102    96.7295 1.0000e-12  -74.14698 -113.37120  22.651130      68.55 1.4907e+03    615.633      14776  1029.4812  1029.4790    34.2767    34.2740    8.09239         35 0.0000e+00
    411.000    406.344    -0.1940  28.515803    -0.1920  28.515439     4.8027     5.0692    -0.0171    96.7197 1.0000e-12  -74.14698 -113.37115  22.651153      67.58 1.4986e+03    617.650      14825  1029.4867  1029.4844    34.2779    34.2751    8.09173         39 0.0000e+00
    412.000    407.330    -0.1913  28.519576    -0.1891  28.519162     4.8080     5.0689    -0.0127    96.7295 1.0000e-12  -74.14698 -113.37111  22.651176      66.73 1.5020e+03    619.571      14871  1029.4923  1029.4899    34.2792    34.2763    8.09107         34 0.0000e+00
    413.000    408.317    -0.1885  28.523057    -0.1867  28.522313     4.8017     5.0688    -0.0104    96.7655 1.0000e-12  -74.14698 -113.37107  22.651199      65.77 1.5046e+03    621.629      14920  1029.4976  1029.4952    34.2801    34.2772    8.09043         40 0.0000e+00
    414.000    409.306    -0.1879  28.524071    -0.1859  28.523624     4.7975     5.0628    -0.0100    96.7606 1.0000e-12  -74.14698 -113.37102  22.651224      64.94 1.5109e+03    623.733      14971  1029.5026  1029.5001    34.2803    34.2774    8.09031         38 0.0000e+00
