ocean_section_plots/required_files/ctd/dnbp2202_ctd053.cnv
* Sea-Bird SBE 9 Data File:
* FileName = D:\Data\raw\NBP2202_CTD053.hex
* Software Version Seasave V 7.26.7.121
* Temperature SN = 1649
* Conductivity SN = 2513
* Number of Bytes Per Scan = 40
* Number of Voltage Words = 5
* Number of Scans Averaged by the Deck Unit = 1
* NMEA Latitude = 74 13.93 S
* NMEA Longitude = 112 35.91 W
* NMEA UTC (Time) = Jan 24 2022  08:34:58
* NMEA baud rate = 9600
** Ship: RVIB N.B. Palmer
** Cruise: NBP2202 Thwaites
** Station: Section Dotson C
** Operator: B Bjork
# nquan = 25
# nvalues = 1044                        
# units = specified
# name 0 = prDM: Pressure, Digiquartz [db]
# name 1 = depSM: Depth [salt water, m]
# name 2 = t090C: Temperature [ITS-90, deg C]
# name 3 = c0mS/cm: Conductivity [mS/cm]
# name 4 = t190C: Temperature, 2 [ITS-90, deg C]
# name 5 = c1mS/cm: Conductivity, 2 [mS/cm]
# name 6 = sbeox0ML/L: Oxygen, SBE 43 [ml/l]
# name 7 = sbeox1ML/L: Oxygen, SBE 43, 2 [ml/l]
# name 8 = flECO-AFL: Fluorescence, WET Labs ECO-AFL/FL [mg/m^3]
# name 9 = CStarTr0: Beam Transmission, WET Labs C-Star [%]
# name 10 = par: PAR/Irradiance, Biospherical/Licor
# name 11 = latitude: Latitude [deg]
# name 12 = longitude: Longitude [deg]
# name 13 = timeJ: Julian Days
# name 14 = altM: Altimeter [m]
# name 15 = spar: SPAR, Biospherical/Licor
# name 16 = timeS: Time, Elapsed [seconds]
# name 17 = scan: Scan Count
# name 18 = density00: Density [density, kg/m^3]
# name 19 = density11: Density, 2 [density, kg/m^3]
# name 20 = sal00: Salinity, Practical [PSU]
# name 21 = sal11: Salinity, Practical, 2 [PSU]
# name 22 = oxsolML/L: Oxygen Saturation, Garcia & Gordon [ml/l]
# name 23 = nbin: number of scans per bin
# name 24 = flag: flag
# span 0 =      2.000,   1045.000       
# span 1 =      1.979,   1031.587       
# span 2 =    -1.4956,     0.4996       
# span 3 =  27.083551,  29.589822       
# span 4 =    -1.4952,     0.5017       
# span 5 =  27.083104,  29.589605       
# span 6 =     4.5862,     8.5896       
# span 7 =     4.7715,     8.8550       
# span 8 =    -0.0182,    27.6382       
# span 9 =    69.3404,    96.8864       
# span 10 = -5.056e-05, 4.9544e+01      
# span 11 =  -74.23232,  -74.23230      
# span 12 = -112.59856, -112.59852      
# span 13 =  24.358728,  24.374479      
# span 14 =       4.27,     100.71      
# span 15 = 2.3530e+02, 3.4200e+02      
# span 16 =     96.114,   1457.026      
# span 17 =       2308,      34970      
# span 18 =  1027.1767,  1032.6250      
# span 19 =  1027.1773,  1032.6227      
# span 20 =    33.7689,    34.5491      
# span 21 =    33.7726,    34.5465      
# span 22 =    7.93188,    8.39541      
# span 23 =         18,         68      
# span 24 = 0.0000e+00, 0.0000e+00      
# interval = decibars: 1                
# start_time = Jan 24 2022 08:34:58 [NMEA time, header]
# bad_flag = -9.990e-29
*END*
[from data line 754]
    756.000    746.812     0.3534  29.296335     0.3554  29.295658     4.6539     4.8464    -0.0068    96.7790 1.0000e-12  -74.23230 -112.59854  24.369683      99.88 3.1164e+02   1042.602      25023  1031.2446  1031.2419    34.4928    34.4897    7.96510         27 0.0000e+00
    757.000    747.799     0.3554  29.298901     0.3576  29.298659     4.6502     4.8506    -0.0012    96.7721 1.0000e-12  -74.23230 -112.59854  24.369696      99.87 3.1066e+02   1043.751      25051  1031.2494  1031.2472    34.4933    34.4906    7.96464         27 0.0000e+00
    758.000    748.783     0.3565  29.300639     0.3585  29.300299     4.6527     4.8469    -0.0033    96.7760 1.0000e-12  -74.23230 -112.59854  24.369710      99.42 3.1014e+02   1044.902      25079  1031.2544  1031.2522    34.4938    34.4911    7.96439         28 0.0000e+00
    759.000    749.771     0.3564  29.301308     0.3584  29.301054     4.6477     4.8441    -0.0098    96.7787 1.0000e-12  -74.23230 -112.59854  24.369723      95.36 3.0849e+02   1046.067      25107  1031.2595  1031.2573    34.4942    34.4917    7.96439         28 0.0000e+00
    760.000    750.756     0.3576  29.303117     0.3596  29.302791     4.6437     4.8439    -0.0126    96.7681 1.0000e-12  -74.23230 -112.59852  24.369736      99.94 3.0850e+02   1047.226      25134  1031.2645  1031.2622    34.4947    34.4921    7.96413         27 0.0000e+00
    761.000    751.743     0.3585  29.304568     0.3604  29.304235     4.6460     4.8421    -0.0129    96.7611 1.0000e-12  -74.23230 -112.59854  24.369750      99.87 3.0850e+02   1048.372      25162  1031.2693  1031.2671    34.4950    34.4924    7.96392         28 0.0000e+00
    762.000    752.728     0.3603  29.306878     0.3622  29.306609     4.6484     4.8436    -0.0085    96.7751 1.0000e-12  -74.23230 -112.59853  24.369763      99.87 3.0850e+02   1049.509      25189  1031.2742  1031.2721    34.4954    34.4929    7.96352         27 0.0000e+00
    763.000    753.714     0.3610  29.308252     0.3630  29.307881     4.6492     4.8415    -0.0098    96.7612 1.0000e-12  -74.23230 -112.59853  24.369776      99.87 3.0800e+02   1050.646      25216  1031.2792  1031.2769    34.4959    34.4931    7.96336         28 0.0000e+00
    764.000    754.701     0.3618  29.309683     0.3638  29.309265     4.6508     4.8322    -0.0040    96.7654 1.0000e-12  -74.23230 -112.59853  24.369789      99.87 3.0714e+02   1051.781      25244  1031.2841  1031.2818    34.4963    34.4936    7.96316         27 0.0000e+00
    765.000    755.685     0.3625  29.310840     0.3645  29.310487     4.6492     4.8375    -0.0050    96.7606 1.0000e-12  -74.23230 -112.59853  24.369802      99.87 3.0693e+02   1052.926      25271  1031.2889  1031.2866    34.4965    34.4938    7.96301         27 0.0000e+00
    766.000    756.671     0.3627  29.311546     0.3647  29.311270     4.6459     4.8421    -0.0085    96.7482 1.0000e-12  -74.23230 -112.59854  24.369816      99.87 3.0674e+02   1054.082      25299  1031.2937  1031.2914    34.4965    34.4939    7.96296         28 0.0000e+00
    767.000    757.659     0.3636  29.312925     0.3655  29.312555     4.6413     4.8425    -0.0030    96.7585 1.0000e-12  -74.23230 -112.59852  24.369829      99.87 3.0674e+02   1055.232      25327  1031.2985  1031.2962    34.4968    34.4942    7.96277         28 0.0000e+00
    768.000    758.645     0.3649  29.314850     0.3668  29.314453     4.6471     4.8427    -0.0069    96.7676 1.0000e-12  -74.23230 -112.59854  24.369842      99.87 3.0674e+02   1056.382      25354  1031.3035  1031.3012    34.4973    34.4947    7.96248         28 0.0000e+00
    769.000    759.630     0.3670  29.317712     0.3690  29.317379     4.6485     4.8439    -0.0153    96.7616 1.0000e-12  -74.23230 -112.59853  24.369856      75.70 3.0674e+02   1057.537      25382  1031.3086  1031.3063    34.4981    34.4954    7.96199         27 0.0000e+00
    770.000    760.616     0.3675  29.318640     0.3695  29.318439     4.6492     4.8433    -0.0158    96.7677 1.0000e-12  -74.23230 -112.59853  24.369869      84.49 3.0518e+02   1058.693      25410  1031.3132  1031.3112    34.4981    34.4957    7.96188         28 0.0000e+00
    771.000    761.603     0.3687  29.320441     0.3706  29.320002     4.6456     4.8428    -0.0155    96.7635 1.0000e-12  -74.23230 -112.59853  24.369882      99.52 3.0498e+02   1059.844      25437  1031.3182  1031.3159    34.4986    34.4960    7.96161         27 0.0000e+00
    772.000    762.589     0.3724  29.324927     0.3743  29.324578     4.6433     4.8455    -0.0089    96.7603 1.0000e-12  -74.23230 -112.59853  24.369896      99.87 3.0498e+02   1060.996      25465  1031.3235  1031.3212    34.4998    34.4972    7.96078         28 0.0000e+00
    773.000    763.574     0.3740  29.327291     0.3761  29.326934     4.6432     4.8387    -0.0085    96.7483 1.0000e-12  -74.23230 -112.59854  24.369909      99.88 3.0498e+02   1062.148      25493  1031.3285  1031.3263    34.5005    34.4977    7.96040         28 0.0000e+00
    774.000    764.560     0.3745  29.328172     0.3764  29.327867     4.6429     4.8348    -0.0093    96.7593 1.0000e-12  -74.23230 -112.59854  24.369922      99.87 3.0436e+02   1063.303      25520  1031.3333  1031.3311    34.5006    34.4980    7.96031         28 0.0000e+00
    775.000    765.546     0.3750  29.329237     0.3769  29.328855     4.6420     4.8343    -0.0072    96.7513 1.0000e-12  -74.23230 -112.59854  24.369936      99.87 3.0343e+02   1064.457      25548  1031.3382  1031.3359    34.5008    34.4981    7.96019         28 0.0000e+00
    776.000    766.533     0.3760  29.330787     0.3779  29.330413     4.6437     4.8382    -0.0032    96.7464 1.0000e-12  -74.23230 -112.59854  24.369949      99.87 3.0322e+02   1065.604      25575  1031.3430  1031.3407    34.5012    34.4985    7.95997         27 0.0000e+00
    777.000    767.519     0.3765  29.331872     0.3785  29.331593     4.6454     4.8312    -0.0086    96.7540 1.0000e-12  -74.23230 -112.59853  24.369962      99.87 3.0322e+02   1066.758      25603  1031.3479  1031.3457    34.5014    34.4988    7.95984         27 0.0000e+00
    778.000    768.504     0.3767  29.332416     0.3786  29.332125     4.6411     4.8332    -0.0085    96.7520 1.0000e-12  -74.23230 -112.59853  24.369976      99.87 3.0322e+02   1067.915      25631  1031.3526  1031.3504    34.5014    34.4988    7.95981         28 0.0000e+00
    779.000    769.491     0.3767  29.332946     0.3786  29.332664     4.6386     4.8339    -0.0085    96.7072 1.0000e-12  -74.23230 -112.59854  24.369989      99.87 3.0322e+02   1069.057      25658  1031.3573  1031.3552    34.5015    34.4990    7.95980         28 0.0000e+00
    780.000    770.476     0.3768  29.333458     0.3787  29.333128     4.6441     4.8368    -0.0117    96.7450 1.0000e-12  -74.23230 -112.59854  24.370002      99.87 3.0322e+02   1070.197      25686  1031.3620  1031.3599    34.5015    34.4989    7.95979         27 0.0000e+00
    781.000    771.461     0.3768  29.333975     0.3787  29.333567     4.6437     4.8383    -0.0159    96.7512 1.0000e-12  -74.23230 -112.59852  24.370016      82.33 3.0322e+02   1071.342      25713  1031.3668  1031.3645    34.5016    34.4989    7.95978         27 0.0000e+00
    782.000    772.449     0.3769  29.334486     0.3788  29.334155     4.6417     4.8389    -0.0084    96.7427 1.0000e-12  -74.23230 -112.59854  24.370029      94.15 3.0322e+02   1072.499      25741  1031.3715  1031.3693    34.5016    34.4990    7.95976         28 0.0000e+00
    783.000    773.435     0.3769  29.334901     0.3788  29.334562     4.6405     4.8395    -0.0048    96.7652 1.0000e-12  -74.23230 -112.59854  24.370042      99.94 3.0322e+02   1073.659      25769  1031.3761  1031.3739    34.5015    34.4989    7.95976         28 0.0000e+00
    784.000    774.419     0.3773  29.335905     0.3793  29.335670     4.6423     4.8402    -0.0087    96.7466 1.0000e-12  -74.23230 -112.59854  24.370056      99.87 3.0356e+02   1074.807      25796  1031.3810  1031.3788    34.5018    34.4993    7.95966         28 0.0000e+00
    785.000    775.406     0.3776  29.336686     0.3795  29.336353     4.6421     4.8401    -0.0128    96.7397 1.0000e-12  -74.23230 -112.59854  24.370069      99.87 3.0393e+02   1075.950      25824  1031.3857  1031.3835    34.5019    34.4993    7.95959         27 0.0000e+00
    786.000    776.391     0.3781  29.337701     0.3801  29.337417     4.6413     4.8412    -0.0106    96.7583 1.0000e-12  -74.23230 -112.59854  24.370082      99.87 3.0441e+02   1077.094      25851  1031.3906  1031.3883    34.5021    34.4995    7.95948         28 0.0000e+00
    787.000    777.379     0.3784  29.338540     0.3804  29.338241     4.6476     4.8383    -0.0085    96.7274 1.0000e-12  -74.23230 -112.59854  24.370095      99.87 3.0485e+02   1078.247      25879  1031.3953  1031.3931    34.5022    34.4997    7.95940         27 0.0000e+00
    788.000    778.363     0.3785  29.339071     0.3805  29.338750     4.6429     4.8338    -0.0085    96.7355 1.0000e-12  -74.23230 -112.59854  24.370109      99.87 3.0498e+02   1079.400      25907  1031.3999  1031.3977    34.5022    34.4996    7.95938         28 0.0000e+00
    789.000    779.349     0.3785  29.339551     0.3805  29.339269     4.6416     4.8310    -0.0077    96.7304 1.0000e-12  -74.23230 -112.59854  24.370122      99.88 3.0498e+02   1080.548      25934  1031.4047  1031.4024    34.5023    34.4997    7.95938         26 0.0000e+00
    790.000    780.335     0.3788  29.340204     0.3808  29.339931     4.6433     4.8339    -0.0077    96.7311 1.0000e-12  -74.23230 -112.59854  24.370135      99.87 3.0498e+02   1081.701      25962  1031.4093  1031.4071    34.5023    34.4997    7.95932         27 0.0000e+00
    791.000    781.321     0.3794  29.341304     0.3814  29.341077     4.6394     4.8331    -0.0077    96.7397 1.0000e-12  -74.23230 -112.59854  24.370149      99.87 3.0498e+02   1082.842      25989  1031.4142  1031.4119    34.5025    34.5000    7.95919         27 0.0000e+00
    792.000    782.307     0.3799  29.342351     0.3819  29.342113     4.6374     4.8361    -0.0087    96.7382 1.0000e-12  -74.23230 -112.59854  24.370162      73.80 3.0498e+02   1083.987      26017  1031.4189  1031.4168    34.5027    34.5002    7.95907         28 0.0000e+00
    793.000    783.293     0.3802  29.343133     0.3822  29.342846     4.6421     4.8353    -0.0148    96.7235 1.0000e-12  -74.23230 -112.59854  24.370175      88.98 3.0498e+02   1085.148      26045  1031.4237  1031.4215    34.5029    34.5003    7.95901         28 0.0000e+00
    794.000    784.279     0.3804  29.343807     0.3824  29.343461     4.6420     4.8372    -0.0085    96.7482 1.0000e-12  -74.23230 -112.59854  24.370189      99.73 3.0498e+02   1086.303      26072  1031.4284  1031.4261    34.5029    34.5003    7.95895         28 0.0000e+00
    795.000    785.264     0.3805  29.344368     0.3824  29.343982     4.6397     4.8370    -0.0090    96.7435 1.0000e-12  -74.23230 -112.59854  24.370202      99.86 3.0498e+02   1087.452      26100  1031.4331  1031.4309    34.5030    34.5003    7.95893         27 0.0000e+00
    796.000    786.250     0.3806  29.344847     0.3825  29.344562     4.6438     4.8351    -0.0067    96.7246 1.0000e-12  -74.23230 -112.59854  24.370215      99.87 3.0492e+02   1088.599      26127  1031.4377  1031.4356    34.5029    34.5004    7.95891         28 0.0000e+00
    797.000    787.238     0.3807  29.345390     0.3827  29.345122     4.6438     4.8362    -0.0028    96.7359 1.0000e-12  -74.23230 -112.59854  24.370229      99.87 3.0439e+02   1089.753      26155  1031.4425  1031.4403    34.5030    34.5004    7.95890         27 0.0000e+00
    798.000    788.221     0.3808  29.346125     0.3829  29.345798     4.6422     4.8334    -0.0083    96.7364 1.0000e-12  -74.23230 -112.59854  24.370242      99.87 3.0397e+02   1090.915      26183  1031.4473  1031.4450    34.5032    34.5005    7.95886         28 0.0000e+00
    799.000    789.209     0.3812  29.346939     0.3832  29.346618     4.6444     4.8308    -0.0053    96.7170 1.0000e-12  -74.23230 -112.59854  24.370255      99.87 3.0321e+02   1092.071      26211  1031.4521  1031.4497    34.5033    34.5006    7.95878         28 0.0000e+00
    800.000    790.194     0.3818  29.348088     0.3837  29.347764     4.6436     4.8323    -0.0039    96.7331 1.0000e-12  -74.23230 -112.59854  24.370269      99.87 3.0282e+02   1093.215      26238  1031.4568  1031.4546    34.5035    34.5009    7.95863         27 0.0000e+00
    801.000    791.179     0.3823  29.349188     0.3844  29.348908     4.6407     4.8294    -0.0050    96.7398 1.0000e-12  -74.23230 -112.59854  24.370282      99.87 3.0149e+02   1094.351      26265  1031.4617  1031.4594    34.5038    34.5011    7.95851         27 0.0000e+00
    802.000    792.167     0.3828  29.350259     0.3849  29.349932     4.6397     4.8317    -0.0083    96.7225 1.0000e-12  -74.23230 -112.59854  24.370295      99.86 3.0037e+02   1095.489      26293  1031.4665  1031.4641    34.5041    34.5013    7.95839         28 0.0000e+00
    803.000    793.152     0.3828  29.350660     0.3851  29.350609     4.6444     4.8357    -0.0080    96.7273 1.0000e-12  -74.23230 -112.59854  24.370308      94.00 2.9981e+02   1096.637      26320  1031.4712  1031.4690    34.5041    34.5015    7.95840         27 0.0000e+00
    804.000    794.137     0.3831  29.351447     0.3852  29.351134     4.6394     4.8348    -0.0048    96.7291 1.0000e-12  -74.23230 -112.59854  24.370322      85.51 2.9931e+02   1097.787      26348  1031.4759  1031.4736    34.5042    34.5015    7.95834         28 0.0000e+00
    805.000    795.124     0.3836  29.352532     0.3857  29.352111     4.6375     4.8305    -0.0083    96.7346 1.0000e-12  -74.23230 -112.59854  24.370335      98.24 2.9785e+02   1098.950      26376  1031.4808  1031.4783    34.5044    34.5016    7.95820         28 0.0000e+00
    806.000    796.109     0.3838  29.353120     0.3859  29.352797     4.6439     4.8347    -0.0030    96.7226 1.0000e-12  -74.23230 -112.59854  24.370348      99.88 2.9597e+02   1100.107      26404  1031.4855  1031.4830    34.5044    34.5016    7.95817         28 0.0000e+00
    807.000    797.095     0.3841  29.353861     0.3862  29.353642     4.6414     4.8321    -0.0066    96.7273 1.0000e-12  -74.23230 -112.59854  24.370362      99.87 2.9440e+02   1101.250      26431  1031.4902  1031.4879    34.5045    34.5019    7.95811         27 0.0000e+00
    808.000    798.080     0.3843  29.354606     0.3865  29.354419     4.6354     4.8337    -0.0137    96.7080 1.0000e-12  -74.23230 -112.59856  24.370375      99.87 2.9315e+02   1102.391      26458  1031.4949  1031.4926    34.5047    34.5020    7.95805         28 0.0000e+00
    809.000    799.066     0.3846  29.355216     0.3865  29.354877     4.6406     4.8333    -0.0028    96.7169 1.0000e-12  -74.23230 -112.59855  24.370388      99.87 2.9159e+02   1103.550      26486  1031.4996  1031.4973    34.5046    34.5020    7.95801         27 0.0000e+00
    810.000    800.052     0.3847  29.355922     0.3868  29.355672     4.6390     4.8296    -0.0075    96.7255 1.0000e-12  -74.23230 -112.59855  24.370402      99.87 2.9087e+02   1104.698      26514  1031.5044  1031.5020    34.5048    34.5021    7.95796         28 0.0000e+00
    811.000    801.039     0.3849  29.356591     0.3870  29.356315     4.6410     4.8355    -0.0077    96.7177 1.0000e-12  -74.23230 -112.59855  24.370415      99.87 2.8929e+02   1105.842      26541  1031.5091  1031.5068    34.5049    34.5021    7.95792         27 0.0000e+00
    812.000    802.023     0.3851  29.357311     0.3872  29.356920     4.6386     4.8333    -0.0077    96.7245 1.0000e-12  -74.23230 -112.59855  24.370428      99.86 2.8759e+02   1106.984      26569  1031.5138  1031.5114    34.5050    34.5021    7.95787         28 0.0000e+00
