ocean_section_plots/required_files/ctd/dnbp2202_ctd291.cnv
* Sea-Bird SBE 9 Data File:
* FileName = D:\Data\raw\NBP2202_CTD291.hex
* Software Version Seasave V 7.26.7.121
* Temperature SN = 1649
* Conductivity SN = 2513
* Number of Bytes Per Scan = 40
* Number of Voltage Words = 5
* Number of Scans Averaged by the Deck Unit = 1
* NMEA Latitude = 73 46.55 S
* NMEA Longitude = 112 26.67 W
* NMEA UTC (Time) = Feb 23 2022  21:31:15
* NMEA baud rate = 9600
** Ship: RVIB N.B. Palmer
** Cruise: NBP2202 Thwaites
** Station: 193
** Operator: A. Robinson
# nquan = 28
# nvalues = 708                         
# units = specified
# name 0 = prDM: Pressure, Digiquartz [db]
# name 1 = depSM: Depth [salt water, m]
# name 2 = t090C: Temperature [ITS-90, deg C]
# name 3 = c0mS/cm: Conductivity [mS/cm]
# name 4 = t190C: Temperature, 2 [ITS-90, deg C]
# name 5 = c1mS/cm: Conductivity, 2 [mS/cm]
# name 6 = sbeox0ML/L: Oxygen, SBE 43 [ml/l]
# name 7 = sbeox1ML/L: Oxygen, SBE 43, 2 [ml/l]
# name 8 = flECO-AFL: Fluorescence, WET Labs ECO-AFL/FL [mg/m^3]
# name 9 = CStarTr0: Beam Transmission, WET Labs C-Star [%]
# name 10 = par: PAR/Irradiance, Biospherical/Licor
# name 11 = latitude: Latitude [deg]
# name 12 = longitude: Longitude [deg]
# name 13 = timeJ: Julian Days
# name 14 = altM: Altimeter [m]
# name 15 = spar: SPAR, Biospherical/Licor
# name 16 = timeS: Time, Elapsed [seconds]
# name 17 = scan: Scan Count
# name 18 = density00: Density [density, kg/m^3]
# name 19 = density11: Density, 2 [density, kg/m^3]
# name 20 = v3: Voltage 3
# name 21 = v4: Voltage 4
# name 22 = v5: Voltage 5
# name 23 = sal00: Salinity, Practical [PSU]
# name 24 = sal11: Salinity, Practical, 2 [PSU]
# name 25 = oxsolML/L: Oxygen Saturation, Garcia & Gordon [ml/l]
# name 26 = nbin: number of scans per bin
# name 27 = flag: flag
# span 0 =      2.000,    709.000       
# span 1 =      1.971,    700.479       
# span 2 =    -1.5136,     0.6273       
# span 3 =  27.052497,  29.582748       
# span 4 =    -1.5130,     0.6296       
# span 5 =  27.052801,  29.583284       
# span 6 =     4.5187,     8.9535       
# span 7 =     4.6376,     9.2569       
# span 8 =     0.0107,    16.6077       
# span 9 =    83.4382,    98.1911       
# span 10 = 1.0000e-12, 2.1395e+02      
# span 11 =  -73.77590,  -73.77588      
# span 12 = -112.44466, -112.44462      
# span 13 =  54.898759,  54.909057      
# span 14 =       6.92,     110.51      
# span 15 = 3.6176e+02, 5.0417e+02      
# span 16 =    177.804,   1067.546      
# span 17 =       4268,      25622      
# span 18 =  1027.1601,  1031.0791      
# span 19 =  1027.1621,  1031.0774      
# span 20 =     3.9579,     4.6580      
# span 21 =     0.0691,     2.9207      
# span 22 =     0.1177,     0.2103      
# span 23 =    33.7715,    34.5882      
# span 24 =    33.7731,    34.5862      
# span 25 =    7.90364,    8.39918      
# span 26 =          6,         75      
# span 27 = 0.0000e+00, 0.0000e+00      
# interval = decibars: 1                
# start_time = Feb 23 2022 21:31:15 [NMEA time, header]
# bad_flag = -9.990e-29
*END*
[from data line 104]
    106.000    104.878    -1.4039  27.110662    -1.4036  27.111208     6.2180     6.4097     4.9306    90.5208 1.0000e-12  -73.77588 -112.44466  54.901113      99.79 4.5659e+02    381.198       9150  1027.8090  1027.8093     4.2943     0.6047     0.1690    33.9284    33.9288    8.37626         32 0.0000e+00
    107.000    105.868    -1.4129  27.105018    -1.4124  27.105729     6.2153     6.4100     4.2920    90.3644 1.0000e-12  -73.77588 -112.44466  54.901129      99.78 4.5659e+02    382.550       9182  1027.8157  1027.8160     4.2869     0.6382     0.1762    33.9302    33.9307    8.37817         34 0.0000e+00
    108.000    106.856    -1.4265  27.096288    -1.4261  27.096816     6.2116     6.4146     4.6280    89.9443 1.0000e-12  -73.77588 -112.44466  54.901146      99.76 4.5659e+02    384.048       9218  1027.8234  1027.8237     4.2670     0.6846     0.1642    33.9330    33.9333    8.38106         37 0.0000e+00
    109.000    107.845    -1.4291  27.095614    -1.4287  27.095939     6.2197     6.4111     4.9025    89.6927 1.0000e-12  -73.77588 -112.44466  54.901163      99.70 4.5659e+02    385.523       9254  1027.8293  1027.8293     4.2552     0.8590     0.1692    33.9344    33.9344    8.38157         31 0.0000e+00
    110.000    108.835    -1.4313  27.094510    -1.4305  27.095185     6.2198     6.4122     4.0571    90.6040 1.0000e-12  -73.77588 -112.44466  54.901179      99.70 4.5659e+02    386.855       9286  1027.8345  1027.8344     4.2981     0.8312     0.1686    33.9348    33.9348    8.38204         33 0.0000e+00
    111.000    109.824    -1.4331  27.093677    -1.4325  27.094121     6.2159     6.4136     3.9156    89.5817 1.0000e-12  -73.77588 -112.44466  54.901195      99.76 4.5659e+02    388.268       9319  1027.8394  1027.8393     4.2498     0.7077     0.1647    33.9350    33.9350    8.38243         35 0.0000e+00
    112.000    110.813    -1.4355  27.092489    -1.4351  27.092811     6.2157     6.4121     3.3946    89.9836 1.0000e-12  -73.77588 -112.44465  54.901212      99.80 4.5659e+02    389.753       9355  1027.8447  1027.8447     4.2693     0.5877     0.1754    33.9356    33.9355    8.38295         34 0.0000e+00
    113.000    111.802    -1.4402  27.089348    -1.4397  27.089983     6.2371     6.4299     3.3827    90.4463 1.0000e-12  -73.77588 -112.44464  54.901228      99.78 4.5652e+02    391.123       9388  1027.8499  1027.8501     4.2904     0.6205     0.1706    33.9359    33.9362    8.38398         33 0.0000e+00
    114.000    112.791    -1.4492  27.082641    -1.4482  27.083574     6.2362     6.4303     4.0737    90.0687 1.0000e-12  -73.77588 -112.44464  54.901244      99.75 4.5483e+02    392.492       9421  1027.8554  1027.8555     4.2729     0.7156     0.1674    33.9362    33.9363    8.38598         33 0.0000e+00
    115.000    113.780    -1.4494  27.083520    -1.4491  27.083248     6.2416     6.4281     3.5094    90.0645 1.0000e-12  -73.77588 -112.44464  54.901260      99.73 4.5482e+02    393.897       9455  1027.8607  1027.8602     4.2729     0.7727     0.1661    33.9370    33.9364    8.38597         34 0.0000e+00
    116.000    114.769    -1.4411  27.091842    -1.4408  27.092151     6.2502     6.4407     3.3378    92.0640 1.0000e-12  -73.77588 -112.44463  54.901277      99.79 4.5482e+02    395.312       9488  1027.8661  1027.8662     4.3674     0.6091     0.1667    33.9385    33.9385    8.38402         34 0.0000e+00
    117.000    115.760    -1.4496  27.086777    -1.4489  27.087221     6.2772     6.4629     3.2120    90.7318 1.0000e-12  -73.77588 -112.44463  54.901293      99.79 4.5482e+02    396.693       9522  1027.8730  1027.8729     4.3043     0.6061     0.1700    33.9405    33.9404    8.38581         33 0.0000e+00
    118.000    116.747    -1.4580  27.080687    -1.4571  27.081627     6.2813     6.4733     2.8635    91.1789 1.0000e-12  -73.77588 -112.44463  54.901308      99.79 4.5482e+02    398.050       9554  1027.8787  1027.8789     4.3256     0.5928     0.1641    33.9411    33.9414    8.38768         30 0.0000e+00
    119.000    117.737    -1.4624  27.078358    -1.4619  27.078651     6.2824     6.4757     3.5088    91.1640 1.0000e-12  -73.77588 -112.44462  54.901325      99.77 4.5482e+02    399.441       9588  1027.8847  1027.8844     4.3248     0.6520     0.1612    33.9423    33.9420    8.38860         33 0.0000e+00
    120.000    118.726    -1.4598  27.081761    -1.4592  27.082027     6.2845     6.4769     3.9364    90.6055 1.0000e-12  -73.77588 -112.44462  54.901340      99.77 4.5482e+02    400.821       9621  1027.8900  1027.8898     4.2983     0.6680     0.1699    33.9433    33.9431    8.38795         34 0.0000e+00
    121.000    119.715    -1.4611  27.081775    -1.4605  27.082218     6.2956     6.4904     3.8029    91.3110 1.0000e-12  -73.77588 -112.44462  54.901357      99.78 4.5482e+02    402.229       9654  1027.8955  1027.8954     4.3318     0.6377     0.1664    33.9442    33.9441    8.38818         34 0.0000e+00
    122.000    120.704    -1.4715  27.075146    -1.4709  27.075542     6.3112     6.5052     3.8079    90.8455 1.0000e-12  -73.77588 -112.44462  54.901373      99.77 4.5482e+02    403.659       9689  1027.9025  1027.9025     4.3097     0.6867     0.1604    33.9462    33.9462    8.39040         34 0.0000e+00
    123.000    121.693    -1.4748  27.073232    -1.4745  27.073691     6.3151     6.5145     3.5838    89.8824 1.0000e-12  -73.77588 -112.44462  54.901390      99.78 4.5482e+02    405.056       9722  1027.9079  1027.9081     4.2640     0.6528     0.1780    33.9467    33.9470    8.39112         34 0.0000e+00
    124.000    122.682    -1.4815  27.070019    -1.4809  27.070471     6.3095     6.5194     3.0961    90.3889 1.0000e-12  -73.77588 -112.44462  54.901406      99.74 4.5482e+02    406.463       9756  1027.9150  1027.9150     4.2881     0.7346     0.1579    33.9493    33.9493    8.39248         34 0.0000e+00
    125.000    123.672    -1.4929  27.062473    -1.4925  27.062906     6.3205     6.5183     3.5345    90.4963 1.0000e-12  -73.77588 -112.44462  54.901423      99.76 4.5482e+02    407.907       9791  1027.9220  1027.9221     4.2931     0.6892     0.1589    33.9512    33.9514    8.39494         33 0.0000e+00
    126.000    124.661    -1.4966  27.060595    -1.4961  27.061094     6.2734     6.4805     6.2598    90.5748 1.0000e-12  -73.77588 -112.44462  54.901439      99.80 4.5482e+02    409.343       9825  1027.9276  1027.9278     4.2969     0.5729     0.1588    33.9522    33.9523    8.39571         33 0.0000e+00
    127.000    125.649    -1.5070  27.054042    -1.5060  27.054780     6.2646     6.4684     3.5791    91.5022 1.0000e-12  -73.77588 -112.44462  54.901455      99.76 4.5482e+02    410.706       9858  1027.9347  1027.9346     4.3408     0.7181     0.1659    33.9544    33.9543    8.39794         33 0.0000e+00
    128.000    126.638    -1.5075  27.055494    -1.5074  27.055988     6.2505     6.4522     3.8186    90.9365 1.0000e-12  -73.77588 -112.44462  54.901470      99.80 4.5513e+02    412.022       9890  1027.9410  1027.9415     4.3140     0.5430     0.1678    33.9563    33.9569    8.39793         30 0.0000e+00
    129.000    127.628    -1.5136  27.052497    -1.5130  27.052801     6.2593     6.4441     3.3782    90.9492 1.0000e-12  -73.77588 -112.44462  54.901484      99.79 4.5659e+02    413.229       9918  1027.9478  1027.9475     4.3146     0.6151     0.1685    33.9585    33.9582    8.39918         28 0.0000e+00
    130.000    128.616    -1.4967  27.069411    -1.4961  27.069730     6.2411     6.4433     3.1682    91.5742 1.0000e-12  -73.77588 -112.44464  54.901497      99.78 4.5659e+02    414.365       9946  1027.9543  1027.9540     4.3438     0.6180     0.1805    33.9620    33.9617    8.39516         26 0.0000e+00
    131.000    129.606    -1.4947  27.072002    -1.4942  27.072308     6.2447     6.4411     3.2484    90.4557 1.0000e-12  -73.77588 -112.44464  54.901509      99.79 4.5659e+02    415.405       9971  1027.9595  1027.9594     4.2917     0.5939     0.1677    33.9626    33.9625    8.39466         24 0.0000e+00
    132.000    130.595    -1.4948  27.073217    -1.4943  27.073579     6.2438     6.4390     3.2029    91.8649 1.0000e-12  -73.77588 -112.44464  54.901521      99.82 4.5659e+02    416.389       9994  1027.9652  1027.9652     4.3581     0.4731     0.1558    33.9638    33.9638    8.39461         24 0.0000e+00
    133.000    131.584    -1.4948  27.074037    -1.4943  27.074420     6.2265     6.4297     2.9630    91.9645 1.0000e-12  -73.77588 -112.44464  54.901533      99.82 4.5659e+02    417.413      10019  1027.9704  1027.9704     4.3627     0.4387     0.1586    33.9643    33.9643    8.39458         25 0.0000e+00
    134.000    132.573    -1.4909  27.079390    -1.4904  27.079668     6.2219     6.4210     3.1974    91.9896 1.0000e-12  -73.77588 -112.44464  54.901545      99.81 4.5659e+02    418.488      10045  1027.9769  1027.9767     4.3639     0.4714     0.1532    33.9667    33.9664    8.39357         26 0.0000e+00
    135.000    133.561    -1.4882  27.083516    -1.4877  27.083772     6.2168     6.4147     2.8210    91.1089 1.0000e-12  -73.77588 -112.44464  54.901557      99.81 4.5659e+02    419.481      10069  1027.9831  1027.9829     4.3227     0.5614     0.1522    33.9687    33.9684    8.39284         22 0.0000e+00
    136.000    134.551    -1.4830  27.089597    -1.4825  27.089900     6.2174     6.4116     2.5582    91.8962 1.0000e-12  -73.77588 -112.44464  54.901567      99.79 4.5659e+02    420.430      10091  1027.9891  1027.9889     4.3592     0.5812     0.1553    33.9705    33.9703    8.39155         24 0.0000e+00
    137.000    135.539    -1.4861  27.088867    -1.4857  27.089320     6.2246     6.4180     3.1819    91.7860 1.0000e-12  -73.77588 -112.44464  54.901579      99.84 4.5659e+02    421.437      10115  1027.9957  1027.9958     4.3543     0.3959     0.1500    33.9724    33.9726    8.39215         25 0.0000e+00
    138.000    136.529    -1.4834  27.095218    -1.4825  27.095775     6.2283     6.4201     3.5547    92.0368 1.0000e-12  -73.77588 -112.44464  54.901591      99.77 4.5659e+02    422.500      10141  1028.0044  1028.0042     4.3662     0.6372     0.1663    33.9775    33.9773    8.39124         25 0.0000e+00
    139.000    137.519    -1.4923  27.089032    -1.4920  27.089337     6.2282     6.4208     3.1551    91.4186 1.0000e-12  -73.77588 -112.44464  54.901603      99.80 4.5659e+02    423.511      10165  1028.0106  1028.0107     4.3369     0.5720     0.1591    33.9785    33.9786    8.39319         24 0.0000e+00
    140.000    138.509    -1.4932  27.090686    -1.4925  27.091026     6.2163     6.4092     2.7772    92.8920 1.0000e-12  -73.77588 -112.44464  54.901614      99.82 4.5659e+02    424.483      10189  1028.0176  1028.0174     4.4065     0.4629     0.1471    33.9811    33.9809    8.39322         23 0.0000e+00
    141.000    139.494    -1.4872  27.097279    -1.4864  27.097659     6.2048     6.3878     2.4678    92.4481 1.0000e-12  -73.77588 -112.44464  54.901626      99.83 4.5697e+02    425.444      10212  1028.0233  1028.0230     4.3860     0.4070     0.1440    33.9827    33.9824    8.39177         23 0.0000e+00
    142.000    140.485    -1.4799  27.104709    -1.4792  27.104999     6.1974     6.3849     2.4542    91.9363 1.0000e-12  -73.77588 -112.44464  54.901637      99.82 4.5708e+02    426.446      10236  1028.0287  1028.0285     4.3614     0.4788     0.1518    33.9841    33.9837    8.39004         25 0.0000e+00
    143.000    141.474    -1.4732  27.111427    -1.4726  27.111688     6.1793     6.3869     2.7034    92.6172 1.0000e-12  -73.77590 -112.44464  54.901649      99.83 4.5771e+02    427.496      10261  1028.0340  1028.0338     4.3937     0.4002     0.1492    33.9851    33.9848    8.38848         25 0.0000e+00
    144.000    142.464    -1.4715  27.113615    -1.4708  27.114007     6.1855     6.3821     2.7016    92.9824 1.0000e-12  -73.77590 -112.44466  54.901661      99.84 4.5784e+02    428.537      10286  1028.0392  1028.0390     4.4110     0.3621     0.1563    33.9856    33.9854    8.38807         24 0.0000e+00
    145.000    143.451    -1.4686  27.117935    -1.4679  27.118284     6.1911     6.3800     2.4789    93.7091 1.0000e-12  -73.77590 -112.44464  54.901673      99.81 4.5697e+02    429.507      10309  1028.0455  1028.0452     4.4454     0.5116     0.1442    33.9876    33.9873    8.38730         23 0.0000e+00
    146.000    144.440    -1.4698  27.118732    -1.4689  27.119587     6.2013     6.3950     2.5113    93.4974 1.0000e-12  -73.77590 -112.44466  54.901684      99.83 4.5769e+02    430.482      10333  1028.0519  1028.0520     4.4355     0.4022     0.1410    33.9895    33.9896    8.38746         24 0.0000e+00
    147.000    145.429    -1.4760  27.115006    -1.4766  27.114021     6.2122     6.4086     2.6389    93.8562 1.0000e-12  -73.77590 -112.44466  54.901696      99.83 4.5736e+02    431.525      10358  1028.0581  1028.0577     4.4525     0.3978     0.1424    33.9907    33.9900    8.38877         25 0.0000e+00
    148.000    146.420    -1.4753  27.115814    -1.4761  27.115349     6.2139     6.4029     2.2678    93.6892 1.0000e-12  -73.77590 -112.44466  54.901708      99.82 4.5664e+02    432.555      10382  1028.0627  1028.0630     4.4445     0.4695     0.1450    33.9904    33.9907    8.38863         24 0.0000e+00
    149.000    147.405    -1.4800  27.113625    -1.4793  27.113877     6.2055     6.3878     2.2953    93.5055 1.0000e-12  -73.77590 -112.44466  54.901719      99.83 4.5795e+02    433.556      10406  1028.0692  1028.0688     4.4358     0.4045     0.1375    33.9921    33.9917    8.38959         24 0.0000e+00
    150.000    148.399    -1.4723  27.121715    -1.4713  27.122267     6.1929     6.3834     2.5197    93.7339 1.0000e-12  -73.77590 -112.44466  54.901731      99.82 4.5662e+02    434.574      10431  1028.0750  1028.0745     4.4468     0.4584     0.1403    33.9939    33.9935    8.38775         25 0.0000e+00
    151.000    149.385    -1.4688  27.125642    -1.4669  27.127116     6.1846     6.3767     2.3333    94.0975 1.0000e-12  -73.77590 -112.44466  54.901743      99.83 4.5680e+02    435.594      10455  1028.0802  1028.0800     4.4637     0.4220     0.1358    33.9947    33.9946    8.38691         25 0.0000e+00
    152.000    150.374    -1.4701  27.125430    -1.4691  27.126078     6.1900     6.3791     2.1769    93.8316 1.0000e-12  -73.77590 -112.44466  54.901755      99.83 4.5679e+02    436.649      10481  1028.0856  1028.0853     4.4513     0.4361     0.1391    33.9952    33.9950    8.38717         26 0.0000e+00
    153.000    151.364    -1.4586  27.136256    -1.4583  27.136126     6.1950     6.3911     1.8918    94.2900 1.0000e-12  -73.77590 -112.44466  54.901767      99.83 4.5667e+02    437.707      10506  1028.0906  1028.0903     4.4730     0.4131     0.1409    33.9964    33.9960    8.38450         25 0.0000e+00
    154.000    152.353    -1.4712  27.126159    -1.4704  27.126758     6.1948     6.3817     2.2021    93.9804 1.0000e-12  -73.77590 -112.44466  54.901779      99.84 4.5659e+02    438.731      10531  1028.0961  1028.0961     4.4584     0.3846     0.1343    33.9963    33.9962    8.38736         24 0.0000e+00
    155.000    153.340    -1.4644  27.133262    -1.4637  27.133377     6.1505     6.3425     2.0330    94.0712 1.0000e-12  -73.77590 -112.44466  54.901791      99.82 4.5659e+02    439.752      10555  1028.1017  1028.1012     4.4626     0.4621     0.1410    33.9977    33.9971    8.38574         25 0.0000e+00
    156.000    154.330    -1.4522  27.144764    -1.4511  27.145093     6.1028     6.3011     2.7373    93.7123 1.0000e-12  -73.77590 -112.44466  54.901803      99.83 4.5659e+02    440.813      10581  1028.1069  1028.1062     4.4456     0.3805     0.1459    33.9990    33.9982    8.38291         26 0.0000e+00
