ocean_section_plots/required_files/ctd/dnbp2202_ctd165.cnv
* Sea-Bird SBE 9 Data File:
* FileName = D:\Data\raw\NBP2202_CTD165.hex
* Software Version Seasave V 7.26.7.121
* Temperature SN = 1649
* Conductivity SN = 2513
* Number of Bytes Per Scan = 40
* Number of Voltage Words = 5
* Number of Scans Averaged by the Deck Unit = 1
* NMEA Latitude = 74 14.19 S
* NMEA Longitude = 112 19.98 W
* NMEA UTC (Time) = Feb 01 2022  03:23:42
* NMEA baud rate = 9600
** Ship: RVIB N.B. Palmer
** Cruise: NBP2202 Thwaites
** Station: 87
** Operator: B Bjork
# nquan = 28
# nvalues = 504                         
# units = specified
# name 0 = prDM: Pressure, Digiquartz [db]
# name 1 = depSM: Depth [salt water, m]
# name 2 = t090C: Temperature [ITS-90, deg C]
# name 3 = c0mS/cm: Conductivity [mS/cm]
# name 4 = t190C: Temperature, 2 [ITS-90, deg C]
# name 5 = c1mS/cm: Conductivity, 2 [mS/cm]
# name 6 = sbeox0ML/L: Oxygen, SBE 43 [ml/l]
# name 7 = sbeox1ML/L: Oxygen, SBE 43, 2 [ml/l]
# name 8 = flECO-AFL: Fluorescence, WET Labs ECO-AFL/FL [mg/m^3]
# name 9 = CStarTr0: Beam Transmission, WET Labs C-Star [%]
# name 10 = par: PAR/Irradiance, Biospherical/Licor
# name 11 = latitude: Latitude [deg]
# name 12 = longitude: Longitude [deg]
# name 13 = timeJ: Julian Days
# name 14 = altM: Altimeter [m]
# name 15 = spar: SPAR, Biospherical/Licor
# name 16 = timeS: Time, Elapsed [seconds]
# name 17 = scan: Scan Count
# name 18 = density00: Density [density, kg/m^3]
# name 19 = density11: Density, 2 [density, kg/m^3]
# name 20 = v3: Voltage 3
# name 21 = v4: Voltage 4
# name 22 = v5: Voltage 5
# name 23 = sal00: Salinity, Practical [PSU]
# name 24 = sal11: Salinity, Practical, 2 [PSU]
# name 25 = oxsolML/L: Oxygen Saturation, Garcia & Gordon [ml/l]
# name 26 = nbin: number of scans per bin
# name 27 = flag: flag
# span 0 =      3.000,    506.000       
# span 1 =      2.969,    500.152       
# span 2 =    -1.5807,    -0.1034       
# span 3 =  26.996367,  28.675659       
# span 4 =    -1.5809,    -0.1005       
# span 5 =  26.996369,  28.675174       
# span 6 =     4.8520,     8.5269       
# span 7 =     4.9487,     8.7598       
# span 8 =    -0.0004,    19.9522       
# span 9 =    71.0620,    93.6309       
# span 10 = -3.808e-05, 4.6824e+01      
# span 11 =  -74.23660,  -74.23658      
# span 12 = -112.33316, -112.33309      
# span 13 =  32.143986,  32.151607      
# span 14 =      43.88,     100.12      
# span 15 = 1.0305e+03, 1.1378e+03      
# span 16 =    218.392,    876.891      
# span 17 =       5242,      21046      
# span 18 =  1027.1994,  1029.9712      
# span 19 =  1027.2031,  1029.9694      
# span 20 =     3.3715,     4.4418      
# span 21 =     0.0687,     3.3934      
# span 22 =     0.1147,     0.2579      
# span 23 =    33.8124,    34.3327      
# span 24 =    33.8147,    34.3289      
# span 25 =    8.06944,    8.41440      
# span 26 =         15,         50      
# span 27 = 0.0000e+00, 0.0000e+00      
# interval = decibars: 1                
# start_time = Feb 01 2022 03:23:42 [NMEA time, header]
# bad_flag = -9.990e-29
*END*
[from data line 467]
    470.000    464.606    -0.3179  28.451640    -0.3163  28.450757     5.0340     5.1367     0.0140    93.4720 1.0000e-12  -74.23658 -112.33312  32.150845      99.87 1.1071e+03    811.010      19465  1029.7878  1029.7852     4.4343     0.0739     0.1207    34.2964    34.2933    8.11703         23 0.0000e+00
    471.000    465.594    -0.3059  28.463377    -0.3040  28.462778     5.0222     5.1251     0.0199    93.4832 1.0000e-12  -74.23658 -112.33312  32.150856      99.87 1.1071e+03    811.939      19488  1029.7928  1029.7903     4.4348     0.0750     0.1235    34.2980    34.2950    8.11438         22 0.0000e+00
    472.000    466.582    -0.3008  28.468342    -0.2986  28.468131     5.0179     5.1201     0.0165    93.4831 1.0000e-12  -74.23658 -112.33312  32.150867      99.87 1.1071e+03    812.872      19510  1029.7974  1029.7951     4.4348     0.0746     0.1222    34.2982    34.2954    8.11327         23 0.0000e+00
    473.000    467.568    -0.2982  28.471092    -0.2962  28.470810     5.0118     5.1187     0.0178    93.4798 1.0000e-12  -74.23658 -112.33312  32.150878      99.87 1.1071e+03    813.833      19533  1029.8022  1029.7999     4.4346     0.0740     0.1201    34.2984    34.2957    8.11272         23 0.0000e+00
    474.000    468.557    -0.2963  28.473351    -0.2942  28.473064     5.0071     5.1153     0.0267    93.4788 1.0000e-12  -74.23658 -112.33312  32.150889      99.87 1.1071e+03    814.820      19557  1029.8071  1029.8047     4.4346     0.0739     0.1231    34.2987    34.2959    8.11230         25 0.0000e+00
    475.000    469.544    -0.2912  28.478728    -0.2893  28.478236     4.9892     5.0984     0.0300    93.4894 1.0000e-12  -74.23658 -112.33312  32.150902      99.88 1.1071e+03    815.908      19583  1029.8122  1029.8098     4.4351     0.0745     0.1204    34.2995    34.2966    8.11116         27 0.0000e+00
    476.000    470.530    -0.2748  28.495023    -0.2722  28.494701     4.9803     5.0980     0.0209    93.4652 1.0000e-12  -74.23660 -112.33312  32.150915      99.87 1.1073e+03    817.060      19610  1029.8177  1029.8149     4.4340     0.0742     0.1223    34.3021    34.2989    8.10751         27 0.0000e+00
    477.000    471.518    -0.2622  28.507143    -0.2603  28.506604     4.9731     5.0895     0.0216    93.4978 1.0000e-12  -74.23660 -112.33312  32.150927      72.38 1.1089e+03    818.132      19636  1029.8227  1029.8203     4.4355     0.0705     0.1225    34.3035    34.3007    8.10474         24 0.0000e+00
    478.000    472.507    -0.2580  28.511963    -0.2558  28.511649     4.9527     5.0608     0.0191    93.5100 1.0000e-12  -74.23658 -112.33312  32.150938      88.17 1.1077e+03    819.082      19659  1029.8281  1029.8256     4.4360     0.0699     0.1226    34.3047    34.3018    8.10380         23 0.0000e+00
    479.000    473.492    -0.2483  28.522114    -0.2465  28.520923     4.9328     5.0411     0.0127    93.4977 1.0000e-12  -74.23658 -112.33312  32.150950      99.58 1.1065e+03    820.059      19682  1029.8337  1029.8307     4.4355     0.0716     0.1222    34.3067    34.3031    8.10161         25 0.0000e+00
    480.000    474.481    -0.2089  28.558996    -0.2056  28.558609     4.9187     5.0208     0.0127    93.5139 1.0000e-12  -74.23658 -112.33312  32.150964      99.87 1.1053e+03    821.290      19712  1029.8387  1029.8350     4.4362     0.0732     0.1219    34.3110    34.3067    8.09301         34 0.0000e+00
    481.000    475.468    -0.1964  28.570938    -0.1940  28.570552     4.9076     5.0107     0.0248    93.5001 1.0000e-12  -74.23660 -112.33312  32.150981      99.87 1.1056e+03    822.742      19747  1029.8438  1029.8410     4.4356     0.0728     0.1216    34.3123    34.3090    8.09030         33 0.0000e+00
    482.000    476.456    -0.1919  28.575736    -0.1896  28.575387     4.9111     5.0121     0.0207    93.4721 1.0000e-12  -74.23660 -112.33313  32.150995      99.88 1.1065e+03    824.004      19777  1029.8489  1029.8464     4.4343     0.0716     0.1219    34.3129    34.3099    8.08929         28 0.0000e+00
    483.000    477.442    -0.1884  28.579761    -0.1866  28.578898     4.9048     5.0175     0.0157    93.2884 1.0000e-12  -74.23660 -112.33312  32.151008      99.87 1.1072e+03    825.078      19803  1029.8542  1029.8516     4.4255     0.0730     0.1229    34.3137    34.3106    8.08850         24 0.0000e+00
    484.000    478.430    -0.1830  28.585442    -0.1810  28.584969     4.9086     5.0098     0.0190    93.5069 1.0000e-12  -74.23660 -112.33314  32.151019      99.87 1.1075e+03    826.080      19827  1029.8595  1029.8570     4.4359     0.0736     0.1228    34.3147    34.3118    8.08731         25 0.0000e+00
    485.000    479.417    -0.1783  28.590334    -0.1760  28.589879     4.9088     5.0098     0.0098    93.5029 1.0000e-12  -74.23660 -112.33313  32.151033      99.87 1.1066e+03    827.258      19855  1029.8646  1029.8619     4.4357     0.0719     0.1216    34.3154    34.3121    8.08628         33 0.0000e+00
    486.000    480.405    -0.1756  28.593177    -0.1735  28.592631     4.9042     5.0106     0.0182    93.5026 1.0000e-12  -74.23660 -112.33313  32.151052      99.88 1.1053e+03    828.853      19893  1029.8695  1029.8669     4.4357     0.0709     0.1204    34.3155    34.3124    8.08570         38 0.0000e+00
    487.000    481.392    -0.1740  28.595167    -0.1722  28.594383     4.9023     5.0064     0.0059    93.5050 1.0000e-12  -74.23660 -112.33314  32.151068      78.97 1.1053e+03    830.307      19928  1029.8745  1029.8720     4.4359     0.0702     0.1212    34.3157    34.3127    8.08534         31 0.0000e+00
    488.000    482.379    -0.1705  28.599297    -0.1686  28.598553     4.8988     4.9984     0.0084    93.5225 1.0000e-12  -74.23660 -112.33314  32.151082      88.84 1.1053e+03    831.478      19956  1029.8798  1029.8772     4.4366     0.0687     0.1219    34.3167    34.3136    8.08455         26 0.0000e+00
    489.000    483.366    -0.1618  28.608175    -0.1597  28.607565     4.8993     4.9973     0.0139    93.5063 1.0000e-12  -74.23660 -112.33314  32.151096      96.00 1.1053e+03    832.671      19985  1029.8851  1029.8824     4.4359     0.0701     0.1225    34.3182    34.3149    8.08263         33 0.0000e+00
    490.000    484.353    -0.1598  28.610521    -0.1576  28.610063     4.8922     4.9940     0.0063    93.4953 1.0000e-12  -74.23660 -112.33314  32.151117      99.91 1.1053e+03    834.516      20029  1029.8901  1029.8875     4.4354     0.0738     0.1212    34.3184    34.3154    8.08218         39 0.0000e+00
    491.000    485.342    -0.1601  28.610747    -0.1576  28.610620     4.8986     4.9947     0.0085    93.5218 1.0000e-12  -74.23660 -112.33314  32.151138      99.87 1.1042e+03    836.331      20073  1029.8951  1029.8926     4.4366     0.0721     0.1203    34.3184    34.3155    8.08224         37 0.0000e+00
    492.000    486.328    -0.1599  28.611461    -0.1576  28.611099     4.8987     4.9931     0.0161    93.5131 1.0000e-12  -74.23660 -112.33314  32.151155      99.87 1.1047e+03    837.780      20108  1029.8999  1029.8974     4.4362     0.0720     0.1204    34.3185    34.3155    8.08219         32 0.0000e+00
    493.000    487.316    -0.1608  28.610852    -0.1588  28.610396     4.8989     4.9983     0.0074    93.4939 1.0000e-12  -74.23660 -112.33314  32.151178      99.87 1.1058e+03    839.745      20155  1029.9046  1029.9023     4.4353     0.0708     0.1218    34.3182    34.3154    8.08241         47 0.0000e+00
    494.000    488.303    -0.1607  28.611360    -0.1585  28.611079     4.9012     4.9976     0.0092    93.4885 1.0000e-12  -74.23660 -112.33315  32.151200      99.87 1.1044e+03    841.651      20201  1029.9095  1029.9070     4.4350     0.0725     0.1219    34.3182    34.3154    8.08239         40 0.0000e+00
    495.000    489.291    -0.1611  28.611743    -0.1590  28.611051     4.9004     4.9995     0.0057    93.4978 1.0000e-12  -74.23660 -112.33316  32.151219      91.17 1.1031e+03    843.288      20240  1029.9145  1029.9118     4.4355     0.0719     0.1225    34.3185    34.3153    8.08245         38 0.0000e+00
    496.000    490.278    -0.1621  28.610973    -0.1599  28.610628     4.8977     4.9987     0.0131    93.5055 1.0000e-12  -74.23660 -112.33315  32.151242      95.34 1.1079e+03    845.351      20289  1029.9189  1029.9165     4.4359     0.0719     0.1211    34.3180    34.3151    8.08268         39 0.0000e+00
    497.000    491.265    -0.1608  28.612865    -0.1591  28.611870     4.8970     4.9966     0.0143    93.5158 1.0000e-12  -74.23660 -112.33315  32.151270      99.75 1.1054e+03    847.691      20346  1029.9239  1029.9213     4.4363     0.0711     0.1219    34.3185    34.3153    8.08238         38 0.0000e+00
    498.000    492.252    -0.1605  28.613327    -0.1580  28.613523     4.8968     4.9958     0.0143    93.5085 1.0000e-12  -74.23660 -112.33314  32.151304      99.87 1.1028e+03    850.670      20417  1029.9285  1029.9263     4.4360     0.0727     0.1214    34.3182    34.3157    8.08235         31 0.0000e+00
    499.000    493.238    -0.1598  28.614785    -0.1576  28.614513     4.8944     4.9939     0.0103    93.5154 1.0000e-12  -74.23660 -112.33314  32.151334      99.88 1.1029e+03    853.266      20479  1029.9337  1029.9312     4.4363     0.0717     0.1207    34.3188    34.3160    8.08217         35 0.0000e+00
    500.000    494.227    -0.1469  28.629210    -0.1434  28.629544     4.8842     4.9803     0.0210    93.5250 1.0000e-12  -74.23660 -112.33314  32.151366      99.87 1.0984e+03    855.990      20545  1029.9405  1029.9374     4.4368     0.0719     0.1212    34.3228    34.3193    8.07920         40 0.0000e+00
    501.000    495.213    -0.1355  28.640720    -0.1329  28.640548     4.8734     4.9798     0.0216    93.5153 1.0000e-12  -74.23660 -112.33314  32.151383      88.24 1.0994e+03    857.478      20580  1029.9459  1029.9431     4.4363     0.0706     0.1206    34.3248    34.3216    8.07669         34 0.0000e+00
    502.000    496.205    -0.1321  28.644820    -0.1294  28.644829     4.8680     4.9682     0.0159    93.5007 1.0000e-12  -74.23660 -112.33314  32.151422      99.02 1.0979e+03    860.834      20661  1029.9513  1029.9486     4.4357     0.0809     0.1225    34.3258    34.3227    8.07591         36 0.0000e+00
    503.000    497.188    -0.1193  28.657775    -0.1172  28.657446     4.8643     4.9704     0.0143    93.5108 1.0000e-12  -74.23660 -112.33314  32.151445      99.87 1.0998e+03    862.837      20709  1029.9568  1029.9544     4.4361     0.0732     0.1200    34.3280    34.3252    8.07308         37 0.0000e+00
    504.000    498.175    -0.1217  28.656063    -0.1214  28.653693     4.8593     4.9625     0.0161    93.5204 1.0000e-12  -74.23659 -112.33314  32.151485      99.86 1.0973e+03    866.330      20793  1029.9618  1029.9591     4.4366     0.0727     0.1205    34.3278    34.3244    8.07358         38 0.0000e+00
    505.000    499.163    -0.1034  28.675659    -0.1005  28.675174     4.8520     4.9487     0.0135    93.5078 1.0000e-12  -74.23658 -112.33314  32.151523      86.26 1.0947e+03    869.572      20871  1029.9689  1029.9656     4.4359     0.0714     0.1208    34.3327    34.3289    8.06944         35 0.0000e+00
    506.000    500.152    -0.1207  28.657625    -0.1170  28.659269     4.8760     4.9754     0.0170    93.4886 1.0000e-12  -74.23658 -112.33314  32.151607      92.08 1.0852e+03    876.891      21046  1029.9712  1029.9694     4.4352     0.0707     0.1222    34.3276    34.3257    8.07340         37 0.0000e+00
