ocean_section_plots/required_files/ctd/dnbp2202_ctd058.cnv
* Sea-Bird SBE 9 Data File:
* FileName = D:\Data\raw\NBP2202_CTD058.hex
* Software Version Seasave V 7.26.7.121
* Temperature SN = 1649
* Conductivity SN = 2513
* Number of Bytes Per Scan = 40
* Number of Voltage Words = 5
* Number of Scans Averaged by the Deck Unit = 1
* NMEA Latitude = 74 10.82 S
* NMEA Longitude = 111 42.87 W
* NMEA UTC (Time) = Jan 25 2022  07:45:47
* NMEA baud rate = 9600
** Ship: RVIB N.B. Palmer
** Cruise: NBP2202 Thwaites
** Station: Section Dotson C
** Operator: B.Bjork
# nquan = 25
# nvalues = 262                         
# units = specified
# name 0 = prDM: Pressure, Digiquartz [db]
# name 1 = depSM: Depth [salt water, m]
# name 2 = t090C: Temperature [ITS-90, deg C]
# name 3 = c0mS/cm: Conductivity [mS/cm]
# name 4 = t190C: Temperature, 2 [ITS-90, deg C]
# name 5 = c1mS/cm: Conductivity, 2 [mS/cm]
# name 6 = sbeox0ML/L: Oxygen, SBE 43 [ml/l]
# name 7 = sbeox1ML/L: Oxygen, SBE 43, 2 [ml/l]
# name 8 = flECO-AFL: Fluorescence, WET Labs ECO-AFL/FL [mg/m^3]
# name 9 = CStarTr0: Beam Transmission, WET Labs C-Star [%]
# name 10 = par: PAR/Irradiance, Biospherical/Licor
# name 11 = latitude: Latitude [deg]
# name 12 = longitude: Longitude [deg]
# name 13 = timeJ: Julian Days
# name 14 = altM: Altimeter [m]
# name 15 = spar: SPAR, Biospherical/Licor
# name 16 = timeS: Time, Elapsed [seconds]
# name 17 = scan: Scan Count
# name 18 = density00: Density [density, kg/m^3]
# name 19 = density11: Density, 2 [density, kg/m^3]
# name 20 = sal00: Salinity, Practical [PSU]
# name 21 = sal11: Salinity, Practical, 2 [PSU]
# name 22 = oxsolML/L: Oxygen Saturation, Garcia & Gordon [ml/l]
# name 23 = nbin: number of scans per bin
# name 24 = flag: flag
# span 0 =      2.000,    263.000       
# span 1 =      1.980,    260.109       
# span 2 =    -1.3892,    -1.0328       
# span 3 =  27.135526,  27.297944       
# span 4 =    -1.3896,    -0.9788       
# span 5 =  27.135705,  27.309074       
# span 6 =     6.1092,     7.9146       
# span 7 =     6.4206,     8.3157       
# span 8 =     0.0395,    16.2836       
# span 9 =    76.3762,    96.6652       
# span 10 = 1.0000e-12, 2.6117e+01      
# span 11 =  -74.18042,  -74.18042      
# span 12 = -111.71452, -111.71448      
# span 13 =  25.325914,  25.331324      
# span 14 =       7.52,      99.81      
# span 15 = 5.6318e+01, 6.5227e+01      
# span 16 =    211.938,    679.439      
# span 17 =       5088,      16308      
# span 18 =  1027.1752,  1028.6571      
# span 19 =  1027.1797,  1028.6562      
# span 20 =    33.7713,    34.0508      
# span 21 =    33.7774,    34.0492      
# span 22 =    8.30245,    8.37159      
# span 23 =         13,         52      
# span 24 = 0.0000e+00, 0.0000e+00      
# interval = decibars: 1                
# start_time = Jan 25 2022 07:45:47 [NMEA time, header]
# bad_flag = -9.990e-29
*END*
[from data line 116]
    118.000    116.745    -1.2755  27.170181    -1.2766  27.169855     6.8854     7.2760     8.6932    82.4055 1.0000e-12  -74.18042 -111.71452  25.328273      99.40 6.3034e+01    415.764       9979  1027.8049  1027.8056    33.8571    33.8580    8.35170         29 0.0000e+00
    119.000    117.735    -1.2804  27.168617    -1.2815  27.168381     6.8135     7.2100     9.0450    82.4059 1.0000e-12  -74.18042 -111.71452  25.328287      99.44 6.2548e+01    416.967      10008  1027.8120  1027.8129    33.8599    33.8609    8.35262         29 0.0000e+00
    120.000    118.723    -1.2959  27.163093    -1.2967  27.163050     6.7781     7.1694     8.8173    82.9075 1.0000e-12  -74.18042 -111.71452  25.328301      99.41 6.2712e+01    418.174      10037  1027.8252  1027.8259    33.8692    33.8701    8.35554         28 0.0000e+00
    121.000    119.713    -1.3005  27.161869    -1.3018  27.161565     6.7800     7.1619     8.3832    82.9222 1.0000e-12  -74.18042 -111.71452  25.328314      99.22 6.1875e+01    419.359      10066  1027.8324  1027.8334    33.8721    33.8732    8.35640         28 0.0000e+00
    122.000    120.701    -1.3014  27.162393    -1.3025  27.162042     6.7965     7.1672     8.3737    84.2498 1.0000e-12  -74.18042 -111.71452  25.328329      99.40 6.2796e+01    420.585      10095  1027.8379  1027.8386    33.8732    33.8740    8.35653         29 0.0000e+00
    123.000    121.690    -1.3004  27.163790    -1.3013  27.163521     6.8044     7.1771     7.0812    84.3591 1.0000e-12  -74.18042 -111.71451  25.328343      99.51 6.2673e+01    421.799      10124  1027.8426  1027.8433    33.8734    33.8741    8.35629         29 0.0000e+00
    124.000    122.680    -1.2998  27.164852    -1.3008  27.164445     6.7965     7.1595     6.6922    84.7718 1.0000e-12  -74.18042 -111.71450  25.328356      99.54 6.2249e+01    422.999      10153  1027.8474  1027.8479    33.8735    33.8742    8.35615         29 0.0000e+00
    125.000    123.669    -1.3014  27.164905    -1.3025  27.164574     6.7534     7.1040     7.0321    85.5201 1.0000e-12  -74.18042 -111.71450  25.328370      99.53 6.2668e+01    424.193      10182  1027.8532  1027.8539    33.8748    33.8756    8.35644         29 0.0000e+00
    126.000    124.659    -1.3053  27.163403    -1.3066  27.163083     6.6798     7.0453     6.7522    85.7023 1.0000e-12  -74.18042 -111.71450  25.328384      99.52 6.2024e+01    425.381      10210  1027.8596  1027.8605    33.8766    33.8776    8.35721         28 0.0000e+00
    127.000    125.646    -1.3180  27.158336    -1.3193  27.157994     6.6440     7.0124     6.3979    85.3229 1.0000e-12  -74.18042 -111.71450  25.328398      99.52 6.2078e+01    426.546      10238  1027.8706  1027.8714    33.8834    33.8844    8.35965         28 0.0000e+00
    128.000    126.635    -1.3234  27.157780    -1.3244  27.157411     6.6304     6.9935     6.5331    86.1211 1.0000e-12  -74.18042 -111.71450  25.328411      99.57 6.2733e+01    427.748      10267  1027.8794  1027.8799    33.8881    33.8887    8.36058         29 0.0000e+00
    129.000    127.625    -1.3255  27.157961    -1.3266  27.157632     6.6167     6.9795     6.3151    86.8760 1.0000e-12  -74.18042 -111.71450  25.328425      99.58 6.1371e+01    428.950      10296  1027.8858  1027.8865    33.8901    33.8909    8.36093         28 0.0000e+00
    130.000    128.615    -1.3268  27.158164    -1.3276  27.157915     6.6040     6.9623     5.0797    86.7299 1.0000e-12  -74.18042 -111.71450  25.328439      99.60 6.2142e+01    430.150      10325  1027.8915  1027.8919    33.8913    33.8918    8.36116         29 0.0000e+00
    131.000    129.603    -1.3302  27.157294    -1.3310  27.157077     6.5810     6.9376     4.7789    87.0328 1.0000e-12  -74.18042 -111.71450  25.328453      99.60 6.2801e+01    431.344      10353  1027.8981  1027.8986    33.8933    33.8939    8.36180         29 0.0000e+00
    132.000    130.592    -1.3325  27.156853    -1.3336  27.156400     6.5496     6.9019     4.8586    87.2129 1.0000e-12  -74.18042 -111.71450  25.328467      99.59 6.1385e+01    432.552      10382  1027.9040  1027.9046    33.8946    33.8953    8.36223         29 0.0000e+00
    133.000    131.580    -1.3376  27.155675    -1.3390  27.155173     6.5143     6.8678     4.8365    87.1126 1.0000e-12  -74.18042 -111.71450  25.328481      99.60 6.2091e+01    433.750      10411  1027.9119  1027.9126    33.8982    33.8991    8.36316         28 0.0000e+00
    134.000    132.570    -1.3417  27.154644    -1.3430  27.154203     6.4777     6.8281     5.0737    87.4951 1.0000e-12  -74.18042 -111.71450  25.328495      99.61 6.1701e+01    434.938      10440  1027.9190  1027.9197    33.9008    33.9017    8.36393         30 0.0000e+00
    135.000    133.560    -1.3490  27.151547    -1.3499  27.151258     6.4487     6.7978     3.7981    88.4201 1.0000e-12  -74.18042 -111.71450  25.328509      99.63 6.0984e+01    436.145      10468  1027.9268  1027.9273    33.9042    33.9048    8.36536         29 0.0000e+00
    136.000    134.548    -1.3531  27.151755    -1.3541  27.151436     6.4297     6.7664     3.9383    88.9371 1.0000e-12  -74.18042 -111.71450  25.328523      99.65 6.2073e+01    437.348      10497  1027.9353  1027.9359    33.9085    33.9092    8.36603         28 0.0000e+00
    137.000    135.537    -1.3538  27.152500    -1.3546  27.152073     6.3814     6.7233     3.6075    88.2902 1.0000e-12  -74.18042 -111.71450  25.328536      99.62 6.2249e+01    438.546      10526  1027.9409  1027.9412    33.9097    33.9100    8.36611         29 0.0000e+00
    138.000    136.527    -1.3614  27.147683    -1.3622  27.147803     6.3353     6.6803     3.5286    88.4214 1.0000e-12  -74.18042 -111.71450  25.328550      99.66 6.0801e+01    439.740      10555  1027.9473  1027.9481    33.9111    33.9121    8.36775         29 0.0000e+00
    139.000    137.515    -1.3741  27.142117    -1.3751  27.141781     6.3082     6.6482     3.2273    90.1190 1.0000e-12  -74.18042 -111.71450  25.328564      99.66 6.1888e+01    440.935      10583  1027.9576  1027.9583    33.9172    33.9179    8.37022         28 0.0000e+00
    140.000    138.503    -1.3771  27.142224    -1.3783  27.141884     6.2769     6.6263     3.1947    90.4480 1.0000e-12  -74.18042 -111.71450  25.328578      99.66 6.1897e+01    442.117      10612  1027.9649  1027.9657    33.9201    33.9210    8.37073         27 0.0000e+00
    141.000    139.494    -1.3820  27.141921    -1.3826  27.141190     6.2447     6.5931     2.8641    90.5085 1.0000e-12  -74.18042 -111.71452  25.328591      99.68 6.0967e+01    443.256      10639  1027.9735  1027.9733    33.9246    33.9244    8.37155         29 0.0000e+00
    142.000    140.481    -1.3845  27.146675    -1.3854  27.146414     6.2382     6.5772     2.2930    90.9813 1.0000e-12  -74.18042 -111.71452  25.328605      99.68 6.1391e+01    444.442      10668  1027.9854  1027.9860    33.9334    33.9341    8.37159         29 0.0000e+00
    143.000    141.472    -1.3852  27.149468    -1.3861  27.149066     6.2351     6.5734     2.0465    90.6810 1.0000e-12  -74.18042 -111.71452  25.328619      99.66 6.1099e+01    445.644      10696  1027.9934  1027.9938    33.9375    33.9379    8.37152         29 0.0000e+00
    144.000    142.459    -1.3852  27.150609    -1.3860  27.150379     6.2354     6.5693     1.7782    91.0975 1.0000e-12  -74.18042 -111.71452  25.328632      99.68 6.1259e+01    446.847      10725  1027.9989  1027.9994    33.9384    33.9390    8.37146         28 0.0000e+00
    145.000    143.449    -1.3848  27.151961    -1.3857  27.151544     6.2388     6.5684     2.2963    92.4009 1.0000e-12  -74.18042 -111.71452  25.328646      99.68 6.1458e+01    448.045      10754  1028.0041  1028.0046    33.9391    33.9396    8.37132         29 0.0000e+00
    146.000    144.438    -1.3845  27.152759    -1.3856  27.152217     6.2365     6.5641     1.3697    92.6293 1.0000e-12  -74.18042 -111.71452  25.328660      99.69 6.1579e+01    449.245      10783  1028.0090  1028.0094    33.9393    33.9398    8.37125         29 0.0000e+00
    147.000    145.426    -1.3837  27.154204    -1.3846  27.153793     6.2185     6.5406     1.5162    92.3921 1.0000e-12  -74.18042 -111.71452  25.328674      99.69 6.1701e+01    450.459      10812  1028.0140  1028.0145    33.9398    33.9402    8.37104         29 0.0000e+00
    148.000    146.417    -1.3843  27.157778    -1.3851  27.157159     6.1996     6.5223     1.4771    92.9226 1.0000e-12  -74.18042 -111.71452  25.328688      99.69 6.0854e+01    451.661      10841  1028.0229  1028.0229    33.9447    33.9448    8.37088         29 0.0000e+00
    149.000    147.405    -1.3846  27.162244    -1.3853  27.161726     6.1845     6.5063     1.4153    93.1934 1.0000e-12  -74.18042 -111.71452  25.328702      99.69 6.0371e+01    452.856      10870  1028.0323  1028.0325    33.9506    33.9507    8.37060         29 0.0000e+00
    150.000    148.394    -1.3861  27.164367    -1.3869  27.164066     6.1761     6.4990     1.6027    93.6022 1.0000e-12  -74.18042 -111.71452  25.328716      99.69 6.1674e+01    454.038      10898  1028.0404  1028.0409    33.9545    33.9551    8.37069         28 0.0000e+00
    151.000    149.382    -1.3863  27.167088    -1.3871  27.166605     6.1708     6.4917     1.3230    93.5631 1.0000e-12  -74.18042 -111.71452  25.328729      99.70 6.0390e+01    455.219      10926  1028.0480  1028.0481    33.9579    33.9582    8.37054         28 0.0000e+00
    152.000    150.372    -1.3854  27.169994    -1.3861  27.169575     6.1626     6.4850     0.9962    93.7954 1.0000e-12  -74.18042 -111.71452  25.328743      99.69 6.0852e+01    456.374      10954  1028.0546  1028.0547    33.9603    33.9605    8.37020         27 0.0000e+00
    153.000    151.359    -1.3845  27.172531    -1.3851  27.172214     6.1677     6.4840     1.1993    94.1659 1.0000e-12  -74.18042 -111.71452  25.328756      99.67 6.1454e+01    457.535      10982  1028.0607  1028.0610    33.9621    33.9624    8.36988         29 0.0000e+00
    154.000    152.350    -1.3840  27.173928    -1.3846  27.173640     6.1652     6.4785     0.9283    94.2350 1.0000e-12  -74.18042 -111.71452  25.328770      92.37 6.0138e+01    458.704      11010  1028.0661  1028.0664    33.9629    33.9632    8.36974         27 0.0000e+00
    155.000    153.339    -1.3832  27.176215    -1.3840  27.175778     6.1630     6.4815     0.7805    94.7685 1.0000e-12  -74.18042 -111.71452  25.328783      97.46 6.1345e+01    459.883      11038  1028.0722  1028.0724    33.9645    33.9647    8.36946         29 0.0000e+00
    156.000    154.327    -1.3827  27.177599    -1.3833  27.177159     6.1645     6.4784     0.5529    94.7771 1.0000e-12  -74.18042 -111.71452  25.328797      99.67 6.1637e+01    461.072      11067  1028.0775  1028.0776    33.9652    33.9653    8.36930         29 0.0000e+00
    157.000    155.316    -1.3813  27.179554    -1.3819  27.179233     6.1620     6.4817     1.0616    94.6728 1.0000e-12  -74.18042 -111.71452  25.328811      99.70 5.9971e+01    462.268      11095  1028.0826  1028.0828    33.9657    33.9660    8.36896         29 0.0000e+00
    158.000    156.306    -1.3816  27.180422    -1.3822  27.180059     6.1595     6.4773     0.7295    94.6854 1.0000e-12  -74.18042 -111.71452  25.328825      99.69 6.0993e+01    463.462      11124  1028.0882  1028.0883    33.9666    33.9668    8.36897         28 0.0000e+00
    159.000    157.294    -1.3807  27.182109    -1.3814  27.181713     6.1610     6.4749     0.6445    94.9578 1.0000e-12  -74.18042 -111.71452  25.328839      99.69 6.1032e+01    464.660      11153  1028.0935  1028.0936    33.9673    33.9675    8.36874         29 0.0000e+00
    160.000    158.282    -1.3783  27.185218    -1.3792  27.184500     6.1626     6.4761     0.8106    95.1924 1.0000e-12  -74.18042 -111.71452  25.328852      99.69 6.0381e+01    465.850      11181  1028.0988  1028.0989    33.9681    33.9682    8.36813         28 0.0000e+00
    161.000    159.272    -1.3787  27.185732    -1.3797  27.185050     6.1618     6.4694     0.7718    94.7217 1.0000e-12  -74.18042 -111.71452  25.328866      99.69 6.0969e+01    467.036      11210  1028.1041  1028.1043    33.9687    33.9689    8.36819         29 0.0000e+00
    162.000    160.260    -1.3808  27.185070    -1.3815  27.184522     6.1590     6.4706     0.6902    94.9668 1.0000e-12  -74.18042 -111.71452  25.328880      99.70 6.0946e+01    468.220      11238  1028.1097  1028.1098    33.9695    33.9696    8.36861         28 0.0000e+00
    163.000    161.248    -1.3818  27.185159    -1.3822  27.184945     6.1513     6.4654     0.7231    94.8597 1.0000e-12  -74.18042 -111.71452  25.328893      99.69 6.0650e+01    469.398      11267  1028.1151  1028.1152    33.9702    33.9703    8.36880         27 0.0000e+00
    164.000    162.239    -1.3813  27.187630    -1.3818  27.187188     6.1465     6.4623     0.6437    94.6368 1.0000e-12  -74.18042 -111.71452  25.328907      58.28 6.0730e+01    470.566      11295  1028.1217  1028.1217    33.9724    33.9724    8.36856         29 0.0000e+00
    165.000    163.227    -1.3816  27.190650    -1.3822  27.190133     6.1406     6.4567     0.7758    95.1552 1.0000e-12  -74.18042 -111.71452  25.328921      92.82 6.0728e+01    471.756      11323  1028.1297  1028.1296    33.9763    33.9763    8.36840         29 0.0000e+00
    166.000    164.216    -1.3837  27.190037    -1.3845  27.189475     6.1379     6.4552     0.6709    95.0553 1.0000e-12  -74.18042 -111.71452  25.328935      62.80 6.0702e+01    472.977      11352  1028.1352  1028.1355    33.9772    33.9774    8.36881         30 0.0000e+00
    167.000    165.205    -1.3871  27.191871    -1.3879  27.191399     6.1443     6.4577     0.4868    95.0820 1.0000e-12  -74.18042 -111.71452  25.328949      56.91 6.0127e+01    474.187      11381  1028.1450  1028.1452    33.9830    33.9832    8.36924         28 0.0000e+00
    168.000    166.195    -1.3853  27.196416    -1.3858  27.195943     6.1457     6.4503     0.5869    94.6377 1.0000e-12  -74.18042 -111.71452  25.328963      99.80 6.0703e+01    475.399      11411  1028.1525  1028.1524    33.9866    33.9864    8.36862         30 0.0000e+00
    169.000    167.181    -1.3831  27.199384    -1.3835  27.198886     6.1433     6.4564     1.1021    95.0461 1.0000e-12  -74.18042 -111.71452  25.328977      99.69 6.0908e+01    476.609      11440  1028.1579  1028.1577    33.9875    33.9872    8.36806         29 0.0000e+00
    170.000    168.172    -1.3802  27.203370    -1.3807  27.202980     6.1398     6.4539     0.6227    95.0462 1.0000e-12  -74.18042 -111.71452  25.328991      58.20 6.0448e+01    477.797      11468  1028.1639  1028.1639    33.9891    33.9892    8.36733         28 0.0000e+00
    171.000    169.160    -1.3795  27.204975    -1.3800  27.204523     6.1403     6.4511     0.5594    94.9727 1.0000e-12  -74.18042 -111.71452  25.329004      99.61 6.0379e+01    478.977      11496  1028.1692  1028.1692    33.9898    33.9898    8.36711         28 0.0000e+00
    172.000    170.149    -1.3795  27.206322    -1.3800  27.205846     6.1334     6.4523     0.6996    95.2367 1.0000e-12  -74.18042 -111.71452  25.329018      99.70 6.1155e+01    480.168      11525  1028.1750  1028.1749    33.9911    33.9910    8.36704         29 0.0000e+00
    173.000    171.137    -1.3803  27.206989    -1.3807  27.206615     6.1289     6.4410     0.4170    95.3371 1.0000e-12  -74.18042 -111.71452  25.329032      99.69 5.9871e+01    481.358      11554  1028.1808  1028.1808    33.9923    33.9923    8.36715         28 0.0000e+00
    174.000    172.126    -1.3857  27.204944    -1.3861  27.204571     6.1174     6.4367     0.4510    95.1831 1.0000e-12  -74.18042 -111.71452  25.329046      99.38 6.0546e+01    482.541      11582  1028.1882  1028.1882    33.9950    33.9950    8.36820         29 0.0000e+00
