ocean_section_plots/required_files/ctd/dnbp2202_ctd125.cnv
* Sea-Bird SBE 9 Data File:
* FileName = D:\Data\raw\NBP2202_CTD125.hex
* Software Version Seasave V 7.26.7.121
* Temperature SN = 1649
* Conductivity SN = 2513
* Number of Bytes Per Scan = 40
* Number of Voltage Words = 5
* Number of Scans Averaged by the Deck Unit = 1
* NMEA Latitude = 74 10.52 S
* NMEA Longitude = 113 20.65 W
* NMEA UTC (Time) = Jan 27 2022  12:41:33
* NMEA baud rate = 9600
** Ship: RVIB N.B. Palmer
** Cruise: NBP2202 Thwaites
** Station: YoYo001
** Operator: B. Bjork
# nquan = 25
# nvalues = 608                         
# units = specified
# name 0 = prDM: Pressure, Digiquartz [db]
# name 1 = depSM: Depth [salt water, m]
# name 2 = t090C: Temperature [ITS-90, deg C]
# name 3 = c0mS/cm: Conductivity [mS/cm]
# name 4 = t190C: Temperature, 2 [ITS-90, deg C]
# name 5 = c1mS/cm: Conductivity, 2 [mS/cm]
# name 6 = sbeox0ML/L: Oxygen, SBE 43 [ml/l]
# name 7 = sbeox1ML/L: Oxygen, SBE 43, 2 [ml/l]
# name 8 = flECO-AFL: Fluorescence, WET Labs ECO-AFL/FL [mg/m^3]
# name 9 = CStarTr0: Beam Transmission, WET Labs C-Star [%]
# name 10 = par: PAR/Irradiance, Biospherical/Licor
# name 11 = latitude: Latitude [deg]
# name 12 = longitude: Longitude [deg]
# name 13 = timeJ: Julian Days
# name 14 = altM: Altimeter [m]
# name 15 = spar: SPAR, Biospherical/Licor
# name 16 = timeS: Time, Elapsed [seconds]
# name 17 = scan: Scan Count
# name 18 = density00: Density [density, kg/m^3]
# name 19 = density11: Density, 2 [density, kg/m^3]
# name 20 = sal00: Salinity, Practical [PSU]
# name 21 = sal11: Salinity, Practical, 2 [PSU]
# name 22 = oxsolML/L: Oxygen Saturation, Garcia & Gordon [ml/l]
# name 23 = nbin: number of scans per bin
# name 24 = flag: flag
# span 0 =     10.000,    617.000       
# span 1 =      9.896,    609.710       
# span 2 =    -1.4602,     0.0896       
# span 3 =  27.017118,  28.917807       
# span 4 =    -1.4591,     0.0919       
# span 5 =  27.017160,  28.917532       
# span 6 =     4.6746,     8.3603       
# span 7 =     4.7199,     8.1627       
# span 8 =    -0.0225,    23.2540       
# span 9 =    70.6276,    95.6431       
# span 10 = -2.665e-06, 7.8444e+00      
# span 11 =  -74.17536,  -74.17534      
# span 12 = -113.34430, -113.34422      
# span 13 =  27.529374,  27.537129      
# span 14 =       6.59,     100.11      
# span 15 = 2.6091e+02, 3.4165e+02      
# span 16 =     44.926,    714.903      
# span 17 =       1079,      17159      
# span 18 =  1027.2276,  1030.5181      
# span 19 =  1027.2257,  1030.5155      
# span 20 =    33.7932,    34.3806      
# span 21 =    33.7912,    34.3778      
# span 22 =    8.02621,    8.39059      
# span 23 =         20,         46      
# span 24 = 0.0000e+00, 0.0000e+00      
# interval = decibars: 1                
# start_time = Jan 27 2022 12:41:33 [NMEA time, header]
# bad_flag = -9.990e-29
*END*
[from data line 580]
    590.000    583.063     0.0862  28.909402     0.0885  28.909403     4.6809     4.7320     0.0012    94.9825 1.0000e-12  -74.17536 -113.34428  27.536367      34.58 2.6267e+02    649.148      15581  1030.3946  1030.3923    34.3795    34.3769    8.02697         31 0.0000e+00
    591.000    584.050     0.0857  28.909408     0.0876  28.908969     4.6787     4.7271    -0.0155    95.0288 1.0000e-12  -74.17536 -113.34429  27.536386      33.57 2.6267e+02    650.737      15619  1030.3994  1030.3971    34.3795    34.3768    8.02708         38 0.0000e+00
    592.000    585.037     0.0859  28.910046     0.0882  28.910016     4.6776     4.7228    -0.0084    95.0357 1.0000e-12  -74.17536 -113.34430  27.536404      32.59 2.6267e+02    652.318      15657  1030.4041  1030.4019    34.3795    34.3770    8.02702         37 0.0000e+00
    593.000    586.023     0.0863  28.910796     0.0886  28.910815     4.6776     4.7294    -0.0042    95.0423 1.0000e-12  -74.17535 -113.34430  27.536423      31.61 2.6267e+02    653.939      15696  1030.4088  1030.4066    34.3795    34.3770    8.02695         35 0.0000e+00
    594.000    587.010     0.0853  28.910166     0.0880  28.910686     4.6814     4.7294    -0.0146    95.0598 1.0000e-12  -74.17534 -113.34430  27.536441      30.50 2.6267e+02    655.539      15734  1030.4134  1030.4114    34.3792    34.3769    8.02717         36 0.0000e+00
    595.000    587.999     0.0853  28.910773     0.0882  28.911302     4.6781     4.7252    -0.0132    95.0437 1.0000e-12  -74.17534 -113.34430  27.536460      29.58 2.6267e+02    657.127      15772  1030.4184  1030.4161    34.3794    34.3769    8.02716         36 0.0000e+00
    596.000    588.984     0.0873  28.913138     0.0893  28.912776     4.6764     4.7199    -0.0150    95.0570 1.0000e-12  -74.17534 -113.34430  27.536479      28.43 2.6267e+02    658.762      15811  1030.4230  1030.4208    34.3797    34.3770    8.02672         36 0.0000e+00
    597.000    589.970     0.0872  28.913643     0.0899  28.913957     4.6826     4.7354    -0.0053    95.0615 1.0000e-12  -74.17534 -113.34430  27.536498      27.43 2.6267e+02    660.459      15852  1030.4280  1030.4257    34.3799    34.3773    8.02673         39 0.0000e+00
    598.000    590.958     0.0870  28.913977     0.0879  28.912615     4.6828     4.7319    -0.0064    95.0797 1.0000e-12  -74.17534 -113.34430  27.536519      26.44 2.6267e+02    662.254      15895  1030.4328  1030.4306    34.3800    34.3772    8.02677         45 0.0000e+00
    599.000    591.946     0.0890  28.916408     0.0910  28.916019     4.6831     4.7273    -0.0131    95.0699 1.0000e-12  -74.17534 -113.34430  27.536540      25.36 2.6267e+02    664.080      15939  1030.4376  1030.4353    34.3803    34.3776    8.02633         38 0.0000e+00
    600.000    592.932     0.0894  28.917376     0.0919  28.917369     4.6796     4.7261    -0.0068    95.0561 1.0000e-12  -74.17534 -113.34430  27.536562      24.32 2.6272e+02    665.947      15984  1030.4425  1030.4401    34.3806    34.3778    8.02623         37 0.0000e+00
    601.000    593.919     0.0896  28.917807     0.0917  28.917532     4.6773     4.7297    -0.0027    95.0878 1.0000e-12  -74.17534 -113.34430  27.536584      23.38 2.6306e+02    667.900      16031  1030.4470  1030.4447    34.3804    34.3776    8.02621         39 0.0000e+00
    602.000    594.905     0.0853  28.913647     0.0883  28.914756     4.6828     4.7311    -0.0067    95.0791 1.0000e-12  -74.17534 -113.34430  27.536607      22.36 2.6326e+02    669.830      16077  1030.4512  1030.4494    34.3791    34.3772    8.02718         45 0.0000e+00
    603.000    595.891     0.0700  28.898012     0.0741  28.900257     4.6863     4.7348    -0.0047    95.0934 1.0000e-12  -74.17534 -113.34430  27.536629      21.28 2.6430e+02    671.717      16122  1030.4541  1030.4525    34.3751    34.3734    8.03061         35 0.0000e+00
    604.000    596.877     0.0679  28.896027     0.0710  28.897246     4.6883     4.7341    -0.0112    95.0936 1.0000e-12  -74.17534 -113.34430  27.536652      20.21 2.6443e+02    673.707      16170  1030.4582  1030.4564    34.3742    34.3723    8.03109         35 0.0000e+00
    605.000    597.864     0.0654  28.894328     0.0716  28.898657     4.6935     4.7351    -0.0079    95.0706 1.0000e-12  -74.17534 -113.34430  27.536676      19.19 2.6443e+02    675.848      16221  1030.4629  1030.4615    34.3741    34.3729    8.03162         37 0.0000e+00
    606.000    598.852     0.0540  28.882691     0.0562  28.883005     4.6917     4.7473    -0.0077    95.0692 1.0000e-12  -74.17534 -113.34430  27.536702      18.16 2.6443e+02    678.032      16274  1030.4661  1030.4644    34.3709    34.3689    8.03419         41 0.0000e+00
    607.000    599.839     0.0583  28.888289     0.0615  28.889237     4.6912     4.7388    -0.0157    95.0737 1.0000e-12  -74.17534 -113.34430  27.536728      17.15 2.6443e+02    680.313      16329  1030.4719  1030.4697    34.3730    34.3706    8.03318         42 0.0000e+00
    608.000    600.826     0.0625  28.892992     0.0664  28.894620     4.6860     4.7388    -0.0108    95.0653 1.0000e-12  -74.17536 -113.34428  27.536755      16.08 2.6443e+02    682.666      16385  1030.4768  1030.4747    34.3738    34.3716    8.03224         42 0.0000e+00
    609.000    601.812     0.0772  28.908488     0.0825  28.911670     4.6806     4.7308    -0.0031    95.0726 1.0000e-12  -74.17536 -113.34428  27.536786      15.05 2.6443e+02    685.320      16449  1030.4828  1030.4811    34.3772    34.3756    8.02897         38 0.0000e+00
    610.000    602.799     0.0816  28.912959     0.0837  28.913244     4.6812     4.7342    -0.0117    95.0723 1.0000e-12  -74.17536 -113.34428  27.536820      13.97 2.6443e+02    688.268      16519  1030.4876  1030.4859    34.3776    34.3757    8.02803         46 0.0000e+00
    611.000    603.786     0.0801  28.911955     0.0846  28.913766     4.6860     4.7346    -0.0098    95.0658 1.0000e-12  -74.17536 -113.34428  27.536855      12.96 2.6443e+02    691.234      16591  1030.4924  1030.4899    34.3774    34.3748    8.02835         38 0.0000e+00
    612.000    604.773     0.0688  28.901517     0.0712  28.902343     4.6847     4.7385    -0.0117    95.0626 1.0000e-12  -74.17536 -113.34428  27.536889      11.92 2.6443e+02    694.184      16661  1030.4967  1030.4954    34.3757    34.3741    8.03081         35 0.0000e+00
    613.000    605.758     0.0570  28.888984     0.0598  28.889971     4.6920     4.7410    -0.0156    95.0571 1.0000e-12  -74.17536 -113.34428  27.536923      10.96 2.6443e+02    697.110      16732  1030.4994  1030.4977    34.3718    34.3700    8.03351         39 0.0000e+00
    614.000    606.741     0.0587  28.891498     0.0600  28.890265     4.6925     4.7415    -0.0076    95.0732 1.0000e-12  -74.17536 -113.34428  27.536957       9.91 2.6443e+02    700.087      16803  1030.5044  1030.5020    34.3726    34.3696    8.03311         32 0.0000e+00
    615.000    607.732     0.0549  28.887676     0.0574  28.887976     4.6923     4.7410    -0.0109    95.0845 1.0000e-12  -74.17536 -113.34428  27.536992       8.87 2.6443e+02    703.112      16876  1030.5084  1030.5063    34.3713    34.3689    8.03398         36 0.0000e+00
    616.000    608.715     0.0533  28.886390     0.0558  28.886473     4.6894     4.7411    -0.0108    95.1043 1.0000e-12  -74.17536 -113.34427  27.537025       7.84 2.6443e+02    705.985      16945  1030.5127  1030.5104    34.3707    34.3681    8.03434         33 0.0000e+00
    617.000    609.710     0.0572  28.891198     0.0589  28.890252     4.6897     4.7387    -0.0142    95.0590 1.0000e-12  -74.17536 -113.34426  27.537129       6.59 2.6443e+02    714.903      17159  1030.5181  1030.5155    34.3721    34.3690    8.03344         23 0.0000e+00
