ocean_section_plots/required_files/ctd/dnbp2202_ctd007.cnv
* Sea-Bird SBE 9 Data File:
* FileName = D:\Data\raw\NBP2202_CTD007.hex
* Software Version Seasave V 7.26.7.121
* Temperature SN = 1649
* Conductivity SN = 2513
* Number of Bytes Per Scan = 40
* Number of Voltage Words = 5
* Number of Scans Averaged by the Deck Unit = 1
* NMEA Latitude = 72 15.59 S
* NMEA Longitude = 117 37.37 W
* NMEA UTC (Time) = Jan 15 2022  18:27:10
* NMEA baud rate = 9600
** Ship: RVIB N.B. Palmer
** Cruise: NBP2202 Thwaites
** Station: #3
** Operator: A. Robinson
** Sensor only, post glider deployment
# nquan = 25
# nvalues = 518                         
# units = specified
# name 0 = prDM: Pressure, Digiquartz [db]
# name 1 = depSM: Depth [salt water, m]
# name 2 = t090C: Temperature [ITS-90, deg C]
# name 3 = c0mS/cm: Conductivity [mS/cm]
# name 4 = t190C: Temperature, 2 [ITS-90, deg C]
# name 5 = c1mS/cm: Conductivity, 2 [mS/cm]
# name 6 = sbeox0ML/L: Oxygen, SBE 43 [ml/l]
# name 7 = sbeox1ML/L: Oxygen, SBE 43, 2 [ml/l]
# name 8 = flECO-AFL: Fluorescence, WET Labs ECO-AFL/FL [mg/m^3]
# name 9 = CStarTr0: Beam Transmission, WET Labs C-Star [%]
# name 10 = par: PAR/Irradiance, Biospherical/Licor
# name 11 = latitude: Latitude [deg]
# name 12 = longitude: Longitude [deg]
# name 13 = timeJ: Julian Days
# name 14 = altM: Altimeter [m]
# name 15 = spar: SPAR, Biospherical/Licor
# name 16 = timeS: Time, Elapsed [seconds]
# name 17 = scan: Scan Count
# name 18 = density00: Density [density, kg/m^3]
# name 19 = density11: Density, 2 [density, kg/m^3]
# name 20 = sal00: Salinity, Practical [PSU]
# name 21 = sal11: Salinity, Practical, 2 [PSU]
# name 22 = oxsolML/L: Oxygen Saturation, Garcia & Gordon [ml/l]
# name 23 = nbin: number of scans per bin
# name 24 = flag: flag
# span 0 =      2.000,    519.000       
# span 1 =      1.982,    513.038       
# span 2 =    -1.7973,     0.6963       
# span 3 =  26.810373,  29.571992       
# span 4 =    -1.7970,     0.6983       
# span 5 =  26.810249,  29.570714       
# span 6 =     4.5818,     9.5702       
# span 7 =     4.8281,    10.1030       
# span 8 =    -0.0108,    29.4213       
# span 9 =    69.2692,    99.5075       
# span 10 = -9.145e-05, 7.2680e+02      
# span 11 =  -72.25998,  -72.25996      
# span 12 = -117.62296, -117.62292      
# span 13 =  15.773670,  15.783066      
# span 14 =       6.80,     100.38      
# span 15 = 1.0624e+03, 1.7216e+03      
# span 16 =    415.080,   1226.947      
# span 17 =       9963,      29448      
# span 18 =  1026.8861,  1030.1982      
# span 19 =  1026.8853,  1030.1953      
# span 20 =    33.4362,    34.6064      
# span 21 =    33.4361,    34.6029      
# span 22 =    7.88858,    8.45593      
# span 23 =         11,         49      
# span 24 = 0.0000e+00, 0.0000e+00      
# interval = decibars: 1                
# start_time = Jan 15 2022 18:27:10 [NMEA time, header]
# bad_flag = -9.990e-29
*END*
[from data line 116]
    118.000    116.758    -1.7965  26.904915    -1.7963  26.904488     6.7598     7.1442     7.1633    88.3938 1.0000e-12  -72.25996 -117.62294  15.776257      99.55 1.4769e+03    638.631      15328  1028.0056  1028.0049    34.0844    34.0835    8.45591         31 0.0000e+00
    119.000    117.745    -1.7967  26.905439    -1.7965  26.904921     6.7577     7.1440     6.9883    88.8986 1.0000e-12  -72.25996 -117.62294  15.776271      99.72 1.4732e+03    639.773      15356  1028.0106  1028.0098    34.0847    34.0838    8.45593         25 0.0000e+00
    120.000    118.737    -1.7967  26.906162    -1.7965  26.905763     6.7634     7.1432     5.4764    90.4840 1.0000e-12  -72.25996 -117.62294  15.776282      99.72 1.4688e+03    640.754      15379  1028.0156  1028.0150    34.0850    34.0843    8.45591         24 0.0000e+00
    121.000    119.721    -1.7965  26.907550    -1.7963  26.907038     6.7683     7.1483     4.8904    89.8005 1.0000e-12  -72.25996 -117.62295  15.776294      99.72 1.4631e+03    641.787      15404  1028.0213  1028.0205    34.0862    34.0852    8.45581         26 0.0000e+00
    122.000    120.714    -1.7967  26.908452    -1.7964  26.907911     6.7796     7.1528     5.2158    90.9734 1.0000e-12  -72.25996 -117.62295  15.776309      99.70 1.4573e+03    643.075      15435  1028.0268  1028.0259    34.0870    34.0859    8.45580         36 0.0000e+00
    123.000    121.703    -1.7971  26.909028    -1.7968  26.908461     6.7800     7.1620     4.9555    91.1887 1.0000e-12  -72.25996 -117.62295  15.776327      99.64 1.4515e+03    644.615      15472  1028.0321  1028.0311    34.0876    34.0865    8.45586         34 0.0000e+00
    124.000    122.693    -1.7973  26.909951    -1.7970  26.909422     6.7867     7.1754     4.8707    91.9590 1.0000e-12  -72.25996 -117.62295  15.776342      99.73 1.4466e+03    645.949      15504  1028.0376  1028.0367    34.0885    34.0875    8.45584         28 0.0000e+00
    125.000    123.680    -1.7970  26.911195    -1.7968  26.910632     6.8026     7.1875     4.1134    91.5494 1.0000e-12  -72.25996 -117.62295  15.776354      99.77 1.4429e+03    647.007      15529  1028.0430  1028.0421    34.0893    34.0882    8.45573         23 0.0000e+00
    126.000    124.671    -1.7970  26.912285    -1.7968  26.911581     6.8132     7.1925     3.9786    91.8168 1.0000e-12  -72.25996 -117.62295  15.776366      99.36 1.4380e+03    647.983      15553  1028.0485  1028.0475    34.0901    34.0889    8.45568         24 0.0000e+00
    127.000    125.659    -1.7970  26.912996    -1.7968  26.912429     6.8142     7.2013     3.5979    92.9347 1.0000e-12  -72.25996 -117.62295  15.776378      99.62 1.4331e+03    649.033      15578  1028.0536  1028.0528    34.0905    34.0895    8.45565         27 0.0000e+00
    128.000    126.649    -1.7970  26.913448    -1.7967  26.912957     6.8113     7.2023     3.9363    92.9864 1.0000e-12  -72.25996 -117.62296  15.776392      99.73 1.4275e+03    650.289      15608  1028.0584  1028.0575    34.0905    34.0895    8.45566         32 0.0000e+00
    129.000    127.638    -1.7969  26.914081    -1.7965  26.913560     6.8095     7.1978     3.1637    92.8255 1.0000e-12  -72.25996 -117.62296  15.776410      99.78 1.4203e+03    651.810      15644  1028.0632  1028.0623    34.0906    34.0894    8.45562         37 0.0000e+00
    130.000    128.626    -1.7969  26.914729    -1.7966  26.914206     6.8118     7.2016     3.6762    93.5790 1.0000e-12  -72.25996 -117.62296  15.776426      99.76 1.4132e+03    653.216      15678  1028.0683  1028.0674    34.0909    34.0898    8.45561         30 0.0000e+00
    131.000    129.616    -1.7967  26.915588    -1.7965  26.914999     6.8212     7.2065     3.9990    93.5876 1.0000e-12  -72.25996 -117.62296  15.776439      99.82 1.4087e+03    654.311      15704  1028.0734  1028.0725    34.0912    34.0901    8.45554         23 0.0000e+00
    132.000    130.606    -1.7963  26.916600    -1.7962  26.915998     6.8276     7.2133     3.6293    93.6009 1.0000e-12  -72.25996 -117.62296  15.776450      99.81 1.4049e+03    655.267      15727  1028.0784  1028.0776    34.0916    34.0905    8.45544         23 0.0000e+00
    133.000    131.593    -1.7961  26.917752    -1.7959  26.917042     6.8302     7.2079     3.6648    94.4151 1.0000e-12  -72.25996 -117.62296  15.776462      99.80 1.4000e+03    656.291      15752  1028.0838  1028.0828    34.0923    34.0910    8.45535         28 0.0000e+00
    134.000    132.583    -1.7956  26.919161    -1.7952  26.918577     6.8273     7.2130     2.9499    93.8509 1.0000e-12  -72.25996 -117.62296  15.776476      99.77 1.3944e+03    657.556      15782  1028.0891  1028.0881    34.0930    34.0917    8.45518         34 0.0000e+00
    135.000    133.572    -1.7950  26.920449    -1.7945  26.919880     6.8282     7.2127     4.1131    93.8199 1.0000e-12  -72.25996 -117.62296  15.776494      99.82 1.3889e+03    659.067      15819  1028.0943  1028.0932    34.0935    34.0922    8.45502         35 0.0000e+00
    136.000    134.562    -1.7945  26.921742    -1.7941  26.921121     6.8261     7.2112     2.2288    95.1999 1.0000e-12  -72.25996 -117.62296  15.776509      98.15 1.3844e+03    660.404      15851  1028.0996  1028.0986    34.0941    34.0928    8.45486         29 0.0000e+00
    137.000    135.550    -1.7941  26.922647    -1.7938  26.922142     6.8242     7.2086     1.5886    94.6191 1.0000e-12  -72.25996 -117.62296  15.776522      94.68 1.3809e+03    661.513      15877  1028.1046  1028.1037    34.0943    34.0932    8.45477         25 0.0000e+00
    138.000    136.540    -1.7939  26.923463    -1.7936  26.922947     6.8230     7.1993     2.6516    95.2718 1.0000e-12  -72.25996 -117.62296  15.776534      99.76 1.3782e+03    662.560      15902  1028.1096  1028.1087    34.0945    34.0935    8.45471         26 0.0000e+00
    139.000    137.526    -1.7939  26.924131    -1.7935  26.923569     6.8191     7.2038     2.8224    95.4222 1.0000e-12  -72.25996 -117.62296  15.776548      99.82 1.3745e+03    663.711      15930  1028.1146  1028.1136    34.0948    34.0936    8.45468         28 0.0000e+00
    140.000    138.520    -1.7935  26.925143    -1.7931  26.924528     6.8253     7.2084     1.6670    95.4846 1.0000e-12  -72.25996 -117.62296  15.776563      99.75 1.3698e+03    665.004      15961  1028.1197  1028.1186    34.0952    34.0938    8.45458         31 0.0000e+00
    141.000    139.507    -1.7932  26.926049    -1.7928  26.925513     6.8264     7.2097     1.4638    94.2816 1.0000e-12  -72.25996 -117.62296  15.776578      99.78 1.3656e+03    666.304      15992  1028.1247  1028.1237    34.0954    34.0942    8.45449         31 0.0000e+00
    142.000    140.495    -1.7927  26.927193    -1.7923  26.926637     6.8290     7.2112     1.8025    95.9979 1.0000e-12  -72.25996 -117.62294  15.776592      99.80 1.3633e+03    667.527      16022  1028.1298  1028.1288    34.0958    34.0946    8.45435         29 0.0000e+00
    143.000    141.486    -1.7923  26.928067    -1.7920  26.927461     6.8242     7.2109     3.3890    95.6865 1.0000e-12  -72.25996 -117.62294  15.776605      99.79 1.3612e+03    668.712      16050  1028.1347  1028.1338    34.0959    34.0948    8.45426         28 0.0000e+00
    144.000    142.474    -1.7918  26.929179    -1.7914  26.928713     6.8261     7.2124     2.0671    95.6079 1.0000e-12  -72.25996 -117.62294  15.776619      99.82 1.3600e+03    669.883      16078  1028.1398  1028.1389    34.0963    34.0952    8.45412         28 0.0000e+00
    145.000    143.463    -1.7915  26.930079    -1.7911  26.929542     6.8237     7.2042     1.5233    95.8523 1.0000e-12  -72.25996 -117.62294  15.776633      99.82 1.3581e+03    671.117      16108  1028.1448  1028.1438    34.0965    34.0953    8.45403         29 0.0000e+00
    146.000    144.451    -1.7912  26.931017    -1.7907  26.930363     6.8202     7.1993     1.4179    95.9523 1.0000e-12  -72.25996 -117.62294  15.776648      99.82 1.3555e+03    672.411      16139  1028.1499  1028.1487    34.0969    34.0954    8.45395         30 0.0000e+00
    147.000    145.441    -1.7911  26.931834    -1.7906  26.931269     6.8185     7.2059     3.0016    96.0577 1.0000e-12  -72.25996 -117.62294  15.776662      99.82 1.3529e+03    673.636      16168  1028.1550  1028.1539    34.0973    34.0959    8.45390         28 0.0000e+00
    148.000    146.431    -1.7894  26.934082    -1.7889  26.933473     6.8175     7.2017     2.2788    95.7631 1.0000e-12  -72.25996 -117.62294  15.776675      99.17 1.3508e+03    674.757      16195  1028.1601  1028.1590    34.0978    34.0964    8.45348         27 0.0000e+00
    149.000    147.419    -1.7884  26.935517    -1.7880  26.934982     6.8078     7.1981     1.3933    95.8451 1.0000e-12  -72.25996 -117.62294  15.776688      99.82 1.3504e+03    675.862      16222  1028.1651  1028.1641    34.0981    34.0968    8.45324         27 0.0000e+00
    150.000    148.408    -1.7879  26.936459    -1.7873  26.935936     6.8032     7.2002     1.3665    96.1360 1.0000e-12  -72.25996 -117.62294  15.776702      99.83 1.3506e+03    677.036      16250  1028.1700  1028.1688    34.0982    34.0967    8.45312         30 0.0000e+00
    151.000    149.397    -1.7876  26.937125    -1.7871  26.936589     6.8017     7.1898     2.3666    96.4278 1.0000e-12  -72.25996 -117.62294  15.776717      99.82 1.3519e+03    678.355      16282  1028.1747  1028.1736    34.0981    34.0967    8.45305         32 0.0000e+00
    152.000    150.386    -1.7871  26.938268    -1.7867  26.937609     6.8028     7.1835     2.2196    95.7695 1.0000e-12  -72.25996 -117.62294  15.776732      99.82 1.3569e+03    679.643      16312  1028.1799  1028.1787    34.0985    34.0971    8.45292         29 0.0000e+00
    153.000    151.376    -1.7837  26.941973    -1.7825  26.942076     6.7893     7.1742     1.1543    96.7358 1.0000e-12  -72.25996 -117.62294  15.776745      99.82 1.3608e+03    680.809      16340  1028.1850  1028.1839    34.0991    34.0978    8.45211         27 0.0000e+00
    154.000    152.363    -1.7795  26.946257    -1.7788  26.945745     6.7766     7.1660     1.3629    96.6696 1.0000e-12  -72.25996 -117.62294  15.776758      99.81 1.3622e+03    681.931      16367  1028.1899  1028.1887    34.0996    34.0980    8.45111         28 0.0000e+00
    155.000    153.354    -1.7760  26.949820    -1.7755  26.949182     6.7758     7.1625     1.7118    95.7838 1.0000e-12  -72.25996 -117.62294  15.776772      99.83 1.3611e+03    683.117      16396  1028.1949  1028.1936    34.0999    34.0984    8.45029         29 0.0000e+00
    156.000    154.342    -1.7745  26.951622    -1.7740  26.951135     6.7726     7.1636     1.5247    97.4876 1.0000e-12  -72.25996 -117.62294  15.776786      99.82 1.3598e+03    684.306      16424  1028.1998  1028.1987    34.1000    34.0987    8.44994         28 0.0000e+00
    157.000    155.332    -1.7753  26.951619    -1.7742  26.951499     6.7727     7.1602     1.0623    97.3533 1.0000e-12  -72.25996 -117.62294  15.776799      99.82 1.3597e+03    685.466      16452  1028.2049  1028.2037    34.1003    34.0989    8.45010         28 0.0000e+00
    158.000    156.320    -1.7734  26.953888    -1.7724  26.953493     6.7625     7.1534     1.4015    97.4717 1.0000e-12  -72.25996 -117.62294  15.776813      89.78 1.3610e+03    686.675      16481  1028.2099  1028.2085    34.1006    34.0990    8.44965         30 0.0000e+00
    159.000    157.309    -1.7706  26.956667    -1.7699  26.956054     6.7539     7.1464     1.9055    97.3393 1.0000e-12  -72.25996 -117.62294  15.776829      99.34 1.3609e+03    687.994      16513  1028.2146  1028.2133    34.1007    34.0991    8.44901         33 0.0000e+00
    160.000    158.299    -1.7677  26.959909    -1.7670  26.959315     6.7494     7.1350     1.2502    97.6702 1.0000e-12  -72.25996 -117.62294  15.776844      99.83 1.3609e+03    689.319      16545  1028.2197  1028.2184    34.1012    34.0996    8.44832         30 0.0000e+00
    161.000    159.288    -1.7658  26.962228    -1.7652  26.961644     6.7451     7.1266     0.7366    97.3581 1.0000e-12  -72.25996 -117.62294  15.776858      99.84 1.3609e+03    690.513      16573  1028.2248  1028.2236    34.1016    34.1002    8.44785         27 0.0000e+00
    162.000    160.276    -1.7648  26.963736    -1.7642  26.963120     6.7403     7.1181     0.8466    97.5844 1.0000e-12  -72.25996 -117.62294  15.776870      99.83 1.3624e+03    691.594      16599  1028.2298  1028.2286    34.1019    34.1004    8.44761         25 0.0000e+00
    163.000    161.265    -1.7624  26.966393    -1.7620  26.965728     6.7389     7.1088     0.8996    97.6870 1.0000e-12  -72.25996 -117.62294  15.776883      99.83 1.3626e+03    692.646      16625  1028.2349  1028.2337    34.1023    34.1009    8.44705         26 0.0000e+00
    164.000    162.255    -1.7598  26.969389    -1.7591  26.968971     6.7305     7.1109     1.2582    97.7112 1.0000e-12  -72.25996 -117.62295  15.776896      99.83 1.3629e+03    693.797      16652  1028.2400  1028.2388    34.1029    34.1014    8.44642         30 0.0000e+00
    165.000    163.242    -1.7596  26.970327    -1.7590  26.969775     6.7259     7.1083     1.0394    97.7829 1.0000e-12  -72.25996 -117.62296  15.776911      99.83 1.3641e+03    695.102      16683  1028.2452  1028.2440    34.1033    34.1019    8.44635         33 0.0000e+00
    166.000    164.232    -1.7597  26.970845    -1.7590  26.970280     6.7204     7.1029     1.4513    97.7910 1.0000e-12  -72.25996 -117.62296  15.776927      99.83 1.3647e+03    696.457      16716  1028.2502  1028.2489    34.1035    34.1018    8.44636         31 0.0000e+00
    167.000    165.221    -1.7562  26.974567    -1.7559  26.973635     6.7134     7.0949     0.6112    98.0379 1.0000e-12  -72.25996 -117.62296  15.776941      99.84 1.3636e+03    697.724      16746  1028.2553  1028.2539    34.1040    34.1023    8.44552         27 0.0000e+00
    168.000    166.209    -1.7568  26.974412    -1.7564  26.973815     6.7154     7.0931     0.8350    97.8779 1.0000e-12  -72.25996 -117.62296  15.776955      99.83 1.3659e+03    698.871      16774  1028.2601  1028.2590    34.1039    34.1026    8.44568         26 0.0000e+00
    169.000    167.199    -1.7585  26.973621    -1.7577  26.973228     6.7258     7.1003     0.5559    98.2951 1.0000e-12  -72.25996 -117.62296  15.776967      98.17 1.3673e+03    699.966      16800  1028.2652  1028.2639    34.1041    34.1026    8.44605         27 0.0000e+00
    170.000    168.188    -1.7595  26.973182    -1.7590  26.972522     6.7174     7.0961     0.5576    98.2083 1.0000e-12  -72.25996 -117.62296  15.776980      67.00 1.3693e+03    701.099      16827  1028.2699  1028.2688    34.1039    34.1025    8.44628         29 0.0000e+00
    171.000    169.176    -1.7584  26.974647    -1.7570  26.974489     6.7049     7.0857     0.8374    98.0827 1.0000e-12  -72.25996 -117.62296  15.776995      91.78 1.3726e+03    702.389      16858  1028.2748  1028.2733    34.1041    34.1023    8.44602         32 0.0000e+00
    172.000    170.166    -1.7524  26.980334    -1.7518  26.979636     6.6855     7.0778     0.9549    98.2633 1.0000e-12  -72.25996 -117.62296  15.777011     100.01 1.3759e+03    703.718      16890  1028.2796  1028.2782    34.1044    34.1028    8.44462         30 0.0000e+00
    173.000    171.155    -1.7510  26.982287    -1.7504  26.981618     6.6677     7.0614     0.5873    98.1556 1.0000e-12  -72.25996 -117.62296  15.777024      99.84 1.3791e+03    704.900      16919  1028.2848  1028.2835    34.1050    34.1033    8.44429         27 0.0000e+00
    174.000    172.144    -1.7412  26.991433    -1.7407  26.990610     6.6533     7.0380     1.1133    97.8723 1.0000e-12  -72.25996 -117.62296  15.777037      99.84 1.3820e+03    705.990      16945  1028.2898  1028.2883    34.1058    34.1041    8.44200         26 0.0000e+00
