ocean_section_plots/required_files/ctd/dnbp2202_ctd179.cnv
* Sea-Bird SBE 9 Data File:
* FileName = D:\Data\raw\NBP2202_CTD179.hex
* Software Version Seasave V 7.26.7.121
* Temperature SN = 1649
* Conductivity SN = 2513
* Number of Bytes Per Scan = 40
* Number of Voltage Words = 5
* Number of Scans Averaged by the Deck Unit = 1
* NMEA Latitude = 74 03.47 S
* NMEA Longitude = 111 19.75 W
* NMEA UTC (Time) = Feb 03 2022  23:36:56
* NMEA baud rate = 9600
** Ship: RVIB N.B. Palmer
** Cruise: NBP2202 Thwaites
** Station: 101
** Operator: A. Robinson
# nquan = 28
# nvalues = 579                         
# units = specified
# name 0 = prDM: Pressure, Digiquartz [db]
# name 1 = depSM: Depth [salt water, m]
# name 2 = t090C: Temperature [ITS-90, deg C]
# name 3 = c0mS/cm: Conductivity [mS/cm]
# name 4 = t190C: Temperature, 2 [ITS-90, deg C]
# name 5 = c1mS/cm: Conductivity, 2 [mS/cm]
# name 6 = sbeox0ML/L: Oxygen, SBE 43 [ml/l]
# name 7 = sbeox1ML/L: Oxygen, SBE 43, 2 [ml/l]
# name 8 = flECO-AFL: Fluorescence, WET Labs ECO-AFL/FL [mg/m^3]
# name 9 = CStarTr0: Beam Transmission, WET Labs C-Star [%]
# name 10 = par: PAR/Irradiance, Biospherical/Licor
# name 11 = latitude: Latitude [deg]
# name 12 = longitude: Longitude [deg]
# name 13 = timeJ: Julian Days
# name 14 = altM: Altimeter [m]
# name 15 = spar: SPAR, Biospherical/Licor
# name 16 = timeS: Time, Elapsed [seconds]
# name 17 = scan: Scan Count
# name 18 = density00: Density [density, kg/m^3]
# name 19 = density11: Density, 2 [density, kg/m^3]
# name 20 = v3: Voltage 3
# name 21 = v4: Voltage 4
# name 22 = v5: Voltage 5
# name 23 = sal00: Salinity, Practical [PSU]
# name 24 = sal11: Salinity, Practical, 2 [PSU]
# name 25 = oxsolML/L: Oxygen Saturation, Garcia & Gordon [ml/l]
# name 26 = nbin: number of scans per bin
# name 27 = flag: flag
# span 0 =      2.000,    580.000       
# span 1 =      1.978,    573.199       
# span 2 =    -1.5408,     0.0690       
# span 3 =  27.017797,  28.925610       
# span 4 =    -1.5404,     0.0712       
# span 5 =  27.017921,  28.925215       
# span 6 =     4.8202,     7.8694       
# span 7 =     4.9493,     8.0600       
# span 8 =    -0.0154,    15.6627       
# span 9 =    80.1925,    98.7649       
# span 10 = -3.288e-04, 9.5300e+02      
# span 11 =  -74.05790,  -74.05790      
# span 12 = -111.32922, -111.32918      
# span 13 =  34.986465,  34.995391      
# span 14 =       5.29,     100.05      
# span 15 = 1.6159e+03, 1.6342e+03      
# span 16 =    214.614,    985.815      
# span 17 =       5152,      23661      
# span 18 =  1027.1714,  1030.3902      
# span 19 =  1027.1734,  1030.3879      
# span 20 =     3.8046,     4.6853      
# span 21 =     0.0645,     2.0424      
# span 22 =     0.1148,     0.1904      
# span 23 =    33.7687,    34.4322      
# span 24 =    33.7704,    34.4293      
# span 25 =    8.02761,    8.40550      
# span 26 =         21,         49      
# span 27 = 0.0000e+00, 0.0000e+00      
# interval = decibars: 1                
# start_time = Feb 03 2022 23:36:56 [NMEA time, header]
# bad_flag = -9.990e-29
*END*
[from data line 518]
    520.000    513.975     0.0372  28.870525     0.0393  28.870596     4.8808     4.9842     0.0023    98.3434 1.0000e-12  -74.05790 -111.32920  34.993989      67.97 1.6196e+03    864.635      20752  1030.1043  1030.1023     4.6652     0.0678     0.1310    34.4240    34.4217    8.03472         25 0.0000e+00
    521.000    514.963     0.0367  28.870518     0.0396  28.871259     4.8853     4.9868     0.0112    98.3456 1.0000e-12  -74.05790 -111.32920  34.994001      66.69 1.6197e+03    865.689      20778  1030.1091  1030.1070     4.6653     0.0679     0.1336    34.4240    34.4217    8.03483         26 0.0000e+00
    522.000    515.950     0.0333  28.867316     0.0345  28.866451     4.8839     4.9855     0.0029    98.3588 1.0000e-12  -74.05790 -111.32920  34.994013      65.74 1.6197e+03    866.739      20803  1030.1133  1030.1113     4.6659     0.0666     0.1326    34.4229    34.4205    8.03559         25 0.0000e+00
    523.000    516.938     0.0310  28.865502     0.0329  28.865196     4.8782     4.9849    -0.0036    98.3201 1.0000e-12  -74.05790 -111.32920  34.994025      64.18 1.6200e+03    867.782      20828  1030.1178  1030.1157     4.6642     0.0658     0.1301    34.4225    34.4200    8.03610         25 0.0000e+00
    524.000    517.923     0.0328  28.868071     0.0341  28.867075     4.8796     4.9825    -0.0024    98.3454 1.0000e-12  -74.05790 -111.32920  34.994037      62.87 1.6204e+03    868.830      20853  1030.1231  1030.1207     4.6653     0.0659     0.1297    34.4234    34.4206    8.03569         25 0.0000e+00
    525.000    518.912     0.0347  28.870496     0.0371  28.870570     4.8815     4.9848    -0.0024    98.3476 1.0000e-12  -74.05790 -111.32920  34.994050      63.66 1.6197e+03    869.886      20878  1030.1279  1030.1257     4.6654     0.0669     0.1298    34.4238    34.4212    8.03526         25 0.0000e+00
    526.000    519.899     0.0366  28.872713     0.0405  28.874574     4.8865     4.9888     0.0046    98.3387 1.0000e-12  -74.05790 -111.32921  34.994062      62.22 1.6193e+03    870.931      20903  1030.1327  1030.1308     4.6650     0.0648     0.1316    34.4241    34.4221    8.03485         26 0.0000e+00
    527.000    520.885     0.0332  28.869673     0.0362  28.870487     4.8790     4.9863     0.0049    98.3087 1.0000e-12  -74.05790 -111.32921  34.994074      60.62 1.6200e+03    871.991      20929  1030.1371  1030.1350     4.6636     0.0656     0.1302    34.4233    34.4210    8.03561         25 0.0000e+00
    528.000    521.873     0.0344  28.871709     0.0367  28.871657     4.8758     4.9830    -0.0020    98.3638 1.0000e-12  -74.05790 -111.32922  34.994086      59.27 1.6201e+03    873.052      20954  1030.1422  1030.1400     4.6662     0.0666     0.1313    34.4240    34.4214    8.03531         26 0.0000e+00
    529.000    522.861     0.0370  28.874551     0.0393  28.874597     4.8802     4.9799    -0.0028    98.3445 1.0000e-12  -74.05790 -111.32920  34.994098      58.81 1.6194e+03    874.098      20979  1030.1470  1030.1447     4.6653     0.0675     0.1312    34.4243    34.4217    8.03476         24 0.0000e+00
    530.000    523.846     0.0399  28.878152     0.0421  28.877993     4.8728     4.9793     0.0058    98.3466 1.0000e-12  -74.05790 -111.32922  34.994111      57.09 1.6185e+03    875.153      21005  1030.1521  1030.1498     4.6654     0.0672     0.1303    34.4252    34.4225    8.03409         26 0.0000e+00
    531.000    524.835     0.0403  28.878895     0.0427  28.879116     4.8728     4.9759     0.0057    98.3528 1.0000e-12  -74.05790 -111.32920  34.994123      56.99 1.6201e+03    876.215      21030  1030.1567  1030.1547     4.6657     0.0675     0.1287    34.4251    34.4227    8.03401         25 0.0000e+00
    532.000    525.821     0.0445  28.884054     0.0480  28.885253     4.8711     4.9717    -0.0013    98.3515 1.0000e-12  -74.05790 -111.32922  34.994135      55.35 1.6200e+03    877.275      21056  1030.1623  1030.1602     4.6656     0.0658     0.1322    34.4266    34.4243    8.03304         26 0.0000e+00
    533.000    526.809     0.0432  28.882850     0.0460  28.883664     4.8687     4.9744     0.0052    98.3527 1.0000e-12  -74.05790 -111.32920  34.994147      53.43 1.6197e+03    878.337      21081  1030.1666  1030.1648     4.6657     0.0657     0.1301    34.4259    34.4239    8.03336         25 0.0000e+00
    534.000    527.796     0.0470  28.887499     0.0496  28.887647     4.8742     4.9758    -0.0016    98.3545 1.0000e-12  -74.05790 -111.32922  34.994160      52.87 1.6199e+03    879.402      21107  1030.1720  1030.1697     4.6657     0.0662     0.1288    34.4272    34.4245    8.03249         26 0.0000e+00
    535.000    528.783     0.0460  28.886513     0.0479  28.886221     4.8701     4.9700     0.0051    98.3690 1.0000e-12  -74.05790 -111.32922  34.994172      51.71 1.6188e+03    880.446      21132  1030.1763  1030.1741     4.6665     0.0645     0.1303    34.4265    34.4239    8.03275         25 0.0000e+00
    536.000    529.770     0.0453  28.886221     0.0471  28.885804     4.8669     4.9706     0.0051    98.3774 1.0000e-12  -74.05790 -111.32922  34.994184      50.97 1.6199e+03    881.493      21157  1030.1809  1030.1787     4.6669     0.0657     0.1295    34.4263    34.4237    8.03290         25 0.0000e+00
    537.000    530.757     0.0449  28.886303     0.0474  28.886603     4.8721     4.9752     0.0114    98.3430 1.0000e-12  -74.05790 -111.32922  34.994196      50.00 1.6196e+03    882.550      21182  1030.1857  1030.1835     4.6652     0.0676     0.1355    34.4263    34.4238    8.03299         26 0.0000e+00
    538.000    531.744     0.0453  28.887060     0.0473  28.886820     4.8752     4.9797     0.0142    98.3409 1.0000e-12  -74.05790 -111.32922  34.994209      48.50 1.6188e+03    883.634      21208  1030.1903  1030.1881     4.6651     0.0656     0.1341    34.4262    34.4236    8.03291         27 0.0000e+00
    539.000    532.731     0.0438  28.885921     0.0462  28.886157     4.8738     4.9758     0.0023    98.3321 1.0000e-12  -74.05790 -111.32922  34.994223      48.05 1.6183e+03    884.856      21238  1030.1948  1030.1927     4.6647     0.0663     0.1379    34.4257    34.4233    8.03323         30 0.0000e+00
    540.000    533.719     0.0438  28.886488     0.0466  28.886953     4.8753     4.9769     0.0046    98.3591 1.0000e-12  -74.05790 -111.32920  34.994238      46.22 1.6192e+03    886.158      21269  1030.1996  1030.1974     4.6660     0.0663     0.1393    34.4259    34.4234    8.03323         32 0.0000e+00
    541.000    534.705     0.0448  28.887774     0.0467  28.887473     4.8704     4.9777    -0.0020    98.3224 1.0000e-12  -74.05790 -111.32921  34.994254      44.90 1.6174e+03    887.507      21301  1030.2042  1030.2021     4.6642     0.0671     0.1354    34.4259    34.4234    8.03301         33 0.0000e+00
    542.000    535.692     0.0453  28.888817     0.0471  28.888219     4.8721     4.9719    -0.0023    98.3553 1.0000e-12  -74.05790 -111.32921  34.994270      44.68 1.6176e+03    888.900      21335  1030.2092  1030.2068     4.6658     0.0666     0.1333    34.4262    34.4234    8.03290         35 0.0000e+00
    543.000    536.679     0.0460  28.889969     0.0487  28.890237     4.8746     4.9693    -0.0011    98.3415 1.0000e-12  -74.05790 -111.32921  34.994286      43.74 1.6187e+03    890.336      21369  1030.2139  1030.2116     4.6651     0.0667     0.1318    34.4263    34.4237    8.03274         31 0.0000e+00
    544.000    537.666     0.0446  28.888965     0.0467  28.888772     4.8730     4.9764     0.0043    98.3469 1.0000e-12  -74.05790 -111.32921  34.994303      42.56 1.6178e+03    891.792      21404  1030.2185  1030.2163     4.6654     0.0661     0.1284    34.4260    34.4234    8.03307         37 0.0000e+00
    545.000    538.654     0.0440  28.888859     0.0461  28.888669     4.8757     4.9737     0.0021    98.3418 1.0000e-12  -74.05790 -111.32921  34.994321      41.09 1.6173e+03    893.310      21440  1030.2232  1030.2209     4.6652     0.0676     0.1317    34.4259    34.4233    8.03318         32 0.0000e+00
    546.000    539.641     0.0431  28.888431     0.0457  28.888616     4.8756     4.9760    -0.0004    98.3748 1.0000e-12  -74.05790 -111.32921  34.994338      40.41 1.6170e+03    894.839      21477  1030.2279  1030.2256     4.6667     0.0668     0.1309    34.4257    34.4231    8.03339         37 0.0000e+00
    547.000    540.628     0.0433  28.889077     0.0450  28.888409     4.8760     4.9755    -0.0067    98.3235 1.0000e-12  -74.05790 -111.32921  34.994356      39.25 1.6168e+03    896.350      21513  1030.2326  1030.2302     4.6643     0.0658     0.1347    34.4258    34.4230    8.03334         35 0.0000e+00
    548.000    541.614     0.0419  28.888049     0.0455  28.889290     4.8764     4.9761     0.0056    98.3485 1.0000e-12  -74.05790 -111.32921  34.994373      37.91 1.6173e+03    897.871      21550  1030.2372  1030.2350     4.6655     0.0668     0.1348    34.4254    34.4230    8.03366         34 0.0000e+00
    549.000    542.601     0.0433  28.890086     0.0457  28.889984     4.8760     4.9755     0.0051    98.3634 1.0000e-12  -74.05790 -111.32921  34.994391      36.96 1.6177e+03    899.402      21587  1030.2421  1030.2397     4.6662     0.0668     0.1316    34.4259    34.4231    8.03333         36 0.0000e+00
    550.000    543.589     0.0450  28.892302     0.0475  28.892330     4.8708     4.9784     0.0016    98.3677 1.0000e-12  -74.05790 -111.32920  34.994409      36.04 1.6174e+03    900.916      21623  1030.2470  1030.2447     4.6664     0.0664     0.1316    34.4264    34.4237    8.03295         36 0.0000e+00
    551.000    544.576     0.0468  28.894287     0.0488  28.893891     4.8675     4.9778    -0.0002    98.3800 1.0000e-12  -74.05790 -111.32919  34.994426      34.87 1.6173e+03    902.440      21660  1030.2516  1030.2493     4.6670     0.0664     0.1322    34.4264    34.4237    8.03258         35 0.0000e+00
    552.000    545.562     0.0468  28.894579     0.0489  28.894466     4.8641     4.9689     0.0052    98.3247 1.0000e-12  -74.05790 -111.32919  34.994444      33.63 1.6173e+03    903.975      21696  1030.2562  1030.2540     4.6643     0.0669     0.1323    34.4262    34.4237    8.03259         37 0.0000e+00
    553.000    546.550     0.0472  28.895554     0.0499  28.895848     4.8664     4.9707     0.0054    98.3212 1.0000e-12  -74.05790 -111.32919  34.994462      32.47 1.6183e+03    905.508      21733  1030.2610  1030.2587     4.6642     0.0662     0.1303    34.4264    34.4238    8.03248         38 0.0000e+00
    554.000    547.536     0.0487  28.897738     0.0505  28.897089     4.8719     4.9688     0.0182    98.3679 1.0000e-12  -74.05790 -111.32919  34.994481      31.61 1.6175e+03    907.154      21773  1030.2662  1030.2637     4.6664     0.0662     0.1435    34.4271    34.4242    8.03215         35 0.0000e+00
    555.000    548.524     0.0501  28.899419     0.0512  28.898207     4.8671     4.9662     0.0136    98.3721 1.0000e-12  -74.05790 -111.32919  34.994501      30.33 1.6174e+03    908.917      21815  1030.2708  1030.2685     4.6667     0.0688     0.1357    34.4272    34.4243    8.03185         39 0.0000e+00
    556.000    549.512     0.0523  28.902386     0.0550  28.902302     4.8627     4.9625     0.0100    98.3218 1.0000e-12  -74.05790 -111.32919  34.994522      29.69 1.6173e+03    910.706      21858  1030.2760  1030.2733     4.6642     0.0677     0.1334    34.4280    34.4249    8.03133         39 0.0000e+00
    557.000    550.498     0.0550  28.905669     0.0587  28.906966     4.8609     4.9665     0.0026    98.3045 1.0000e-12  -74.05790 -111.32920  34.994543      28.48 1.6178e+03    912.555      21902  1030.2811  1030.2788     4.6634     0.0673     0.1319    34.4288    34.4263    8.03073         38 0.0000e+00
    558.000    551.485     0.0610  28.912526     0.0626  28.911408     4.8555     4.9573     0.0118    98.3684 1.0000e-12  -74.05790 -111.32920  34.994566      27.72 1.6170e+03    914.468      21948  1030.2867  1030.2839     4.6664     0.0691     0.1322    34.4305    34.4272    8.02938         44 0.0000e+00
    559.000    552.472     0.0680  28.920104     0.0701  28.919691     4.8504     4.9524     0.0057    98.3598 1.0000e-12  -74.05790 -111.32920  34.994588      26.64 1.6179e+03    916.395      21994  1030.2920  1030.2896     4.6660     0.0676     0.1363    34.4320    34.4291    8.02782         42 0.0000e+00
    560.000    553.459     0.0685  28.921119     0.0708  28.920847     4.8530     4.9527    -0.0015    98.3560 1.0000e-12  -74.05790 -111.32918  34.994610      25.45 1.6174e+03    918.331      22041  1030.2969  1030.2944     4.6658     0.0669     0.1345    34.4322    34.4293    8.02771         43 0.0000e+00
    561.000    554.444     0.0688  28.921748     0.0712  28.921713     4.8520     4.9567     0.0098    98.3553 1.0000e-12  -74.05790 -111.32918  34.994633      24.43 1.6171e+03    920.308      22088  1030.3016  1030.2992     4.6658     0.0677     0.1316    34.4321    34.4293    8.02764         33 0.0000e+00
    562.000    555.433     0.0690  28.922355     0.0711  28.922044     4.8565     4.9594     0.0115    98.3741 1.0000e-12  -74.05790 -111.32918  34.994656      23.16 1.6179e+03    922.272      22136  1030.3064  1030.3040     4.6667     0.0667     0.1326    34.4322    34.4293    8.02761         38 0.0000e+00
    563.000    556.420     0.0653  28.918657     0.0666  28.917603     4.8553     4.9590     0.0103    98.3593 1.0000e-12  -74.05790 -111.32918  34.994678      22.27 1.6182e+03    924.219      22182  1030.3105  1030.3080     4.6660     0.0681     0.1293    34.4308    34.4279    8.02846         41 0.0000e+00
    564.000    557.407     0.0675  28.921639     0.0688  28.920276     4.8554     4.9599     0.0026    98.3459 1.0000e-12  -74.05790 -111.32918  34.994701      21.15 1.6184e+03    926.180      22229  1030.3156  1030.3130     4.6654     0.0664     0.1326    34.4317    34.4284    8.02794         44 0.0000e+00
    565.000    558.394     0.0676  28.922010     0.0687  28.920682     4.8534     4.9587     0.0016    98.3481 1.0000e-12  -74.05790 -111.32918  34.994724      20.22 1.6178e+03    928.157      22277  1030.3202  1030.3177     4.6655     0.0690     0.1416    34.4315    34.4285    8.02794         45 0.0000e+00
    566.000    559.381     0.0638  28.918431     0.0662  28.918415     4.8524     4.9561    -0.0005    98.3488 1.0000e-12  -74.05790 -111.32918  34.994748      19.14 1.6183e+03    930.242      22327  1030.3244  1030.3221     4.6655     0.0693     0.1307    34.4304    34.4277    8.02879         41 0.0000e+00
    567.000    560.367     0.0634  28.918347     0.0660  28.918555     4.8522     4.9553     0.0040    98.3549 1.0000e-12  -74.05790 -111.32918  34.994776      17.93 1.6172e+03    932.610      22384  1030.3290  1030.3267     4.6658     0.0683     0.1289    34.4302    34.4276    8.02889         38 0.0000e+00
    568.000    561.354     0.0672  28.922927     0.0696  28.922805     4.8504     4.9549     0.0089    98.3776 1.0000e-12  -74.05790 -111.32918  34.994806      16.77 1.6172e+03    935.217      22446  1030.3343  1030.3318     4.6668     0.0694     0.1290    34.4314    34.4285    8.02803         38 0.0000e+00
    569.000    562.342     0.0670  28.923246     0.0693  28.923103     4.8527     4.9534    -0.0010    98.3705 1.0000e-12  -74.05790 -111.32919  34.994837      15.95 1.6173e+03    937.917      22511  1030.3391  1030.3367     4.6665     0.0685     0.1303    34.4315    34.4287    8.02807         36 0.0000e+00
    570.000    563.329     0.0662  28.922882     0.0697  28.923893     4.8524     4.9493     0.0014    98.3565 1.0000e-12  -74.05790 -111.32919  34.994869      14.96 1.6173e+03    940.677      22577  1030.3437  1030.3413     4.6659     0.0697     0.1632    34.4313    34.4286    8.02824         40 0.0000e+00
