ocean_section_plots/required_files/ctd/dnbp2202_ctd118.cnv
* Sea-Bird SBE 9 Data File:
* FileName = D:\Data\raw\NBP2202_CTD118.hex
* Software Version Seasave V 7.26.7.121
* Temperature SN = 1649
* Conductivity SN = 2513
* Number of Bytes Per Scan = 40
* Number of Voltage Words = 5
* Number of Scans Averaged by the Deck Unit = 1
* NMEA Latitude = 74 10.52 S
* NMEA Longitude = 113 20.65 W
* NMEA UTC (Time) = Jan 27 2022  09:55:55
* NMEA baud rate = 9600
** Ship: RVIB N.B. Palmer
** Cruise: NBP2202 Thwaites
** Station: YoYo001
** Operator: B. Bjork
# nquan = 25
# nvalues = 608                         
# units = specified
# name 0 = prDM: Pressure, Digiquartz [db]
# name 1 = depSM: Depth [salt water, m]
# name 2 = t090C: Temperature [ITS-90, deg C]
# name 3 = c0mS/cm: Conductivity [mS/cm]
# name 4 = t190C: Temperature, 2 [ITS-90, deg C]
# name 5 = c1mS/cm: Conductivity, 2 [mS/cm]
# name 6 = sbeox0ML/L: Oxygen, SBE 43 [ml/l]
# name 7 = sbeox1ML/L: Oxygen, SBE 43, 2 [ml/l]
# name 8 = flECO-AFL: Fluorescence, WET Labs ECO-AFL/FL [mg/m^3]
# name 9 = CStarTr0: Beam Transmission, WET Labs C-Star [%]
# name 10 = par: PAR/Irradiance, Biospherical/Licor
# name 11 = latitude: Latitude [deg]
# name 12 = longitude: Longitude [deg]
# name 13 = timeJ: Julian Days
# name 14 = altM: Altimeter [m]
# name 15 = spar: SPAR, Biospherical/Licor
# name 16 = timeS: Time, Elapsed [seconds]
# name 17 = scan: Scan Count
# name 18 = density00: Density [density, kg/m^3]
# name 19 = density11: Density, 2 [density, kg/m^3]
# name 20 = sal00: Salinity, Practical [PSU]
# name 21 = sal11: Salinity, Practical, 2 [PSU]
# name 22 = oxsolML/L: Oxygen Saturation, Garcia & Gordon [ml/l]
# name 23 = nbin: number of scans per bin
# name 24 = flag: flag
# span 0 =     10.000,    617.000       
# span 1 =      9.896,    609.708       
# span 2 =    -1.3755,     0.0918       
# span 3 =  27.085778,  28.926607       
# span 4 =    -1.3743,     0.0944       
# span 5 =  27.086284,  28.927676       
# span 6 =     4.6790,     8.5155       
# span 7 =     4.7325,     8.4099       
# span 8 =    -0.0250,    24.3555       
# span 9 =    70.1498,    95.6251       
# span 10 = -2.926e-05, 2.3364e+00      
# span 11 =  -74.17536,  -74.17536      
# span 12 = -113.34426, -113.34424      
# span 13 =  27.414211,  27.421522      
# span 14 =       6.71,     100.00      
# span 15 = 1.5337e+02, 1.7805e+02      
# span 16 =     32.815,    664.502      
# span 17 =        789,      15949      
# span 18 =  1027.2249,  1030.5227      
# span 19 =  1027.2230,  1030.5206      
# span 20 =    33.7894,    34.3810      
# span 21 =    33.7871,    34.3787      
# span 22 =    8.02573,    8.37143      
# span 23 =         17,         43      
# span 24 = 0.0000e+00, 0.0000e+00      
# interval = decibars: 1                
# start_time = Jan 27 2022 09:55:55 [NMEA time, header]
# bad_flag = -9.990e-29
*END*
[from data line 232]
    242.000    239.355    -0.7358  27.840320    -0.7337  27.840133     4.9918     5.0467    -0.0192    95.3886 1.0000e-12  -74.17536 -113.34424  27.416923      99.86 1.6395e+02    267.169       6413  1028.5564  1028.5541    34.0837    34.0811    8.21931         23 0.0000e+00
    243.000    240.344    -0.7332  27.843497    -0.7314  27.842969     4.9850     5.0412    -0.0135    95.3692 1.0000e-12  -74.17536 -113.34424  27.416934      99.87 1.6395e+02    268.144       6436  1028.5617  1028.5594    34.0845    34.0817    8.21870         24 0.0000e+00
    244.000    241.332    -0.7320  27.845346    -0.7289  27.846064     4.9866     5.0380    -0.0135    95.3650 1.0000e-12  -74.17536 -113.34424  27.416946      99.87 1.6395e+02    269.131       6460  1028.5669  1028.5646    34.0850    34.0824    8.21840         24 0.0000e+00
    245.000    242.320    -0.7269  27.851192    -0.7247  27.850981     4.9802     5.0449    -0.0217    95.3111 1.0000e-12  -74.17536 -113.34424  27.416958      99.87 1.6395e+02    270.149       6485  1028.5726  1028.5703    34.0865    34.0838    8.21720         25 0.0000e+00
    246.000    243.310    -0.7220  27.856909    -0.7199  27.856509     4.9756     5.0482    -0.0209    95.3509 1.0000e-12  -74.17536 -113.34424  27.416970      52.30 1.6430e+02    271.196       6510  1028.5784  1028.5760    34.0881    34.0852    8.21604         25 0.0000e+00
    247.000    244.297    -0.7147  27.865403    -0.7146  27.862970     4.9719     5.0446    -0.0064    95.3723 1.0000e-12  -74.17536 -113.34424  27.416982      78.18 1.6449e+02    272.262       6535  1028.5849  1028.5822    34.0907    34.0873    8.21431         26 0.0000e+00
    248.000    245.287    -0.7118  27.869121    -0.7096  27.868942     4.9737     5.0330    -0.0197    95.3802 1.0000e-12  -74.17536 -113.34424  27.416995      88.61 1.6451e+02    273.329       6561  1028.5905  1028.5882    34.0919    34.0891    8.21360         25 0.0000e+00
    249.000    246.274    -0.7106  27.870581    -0.7079  27.871021     4.9786     5.0364    -0.0139    95.3627 1.0000e-12  -74.17536 -113.34424  27.417007      99.83 1.6496e+02    274.392       6586  1028.5953  1028.5932    34.0919    34.0895    8.21335         26 0.0000e+00
    250.000    247.264    -0.7137  27.867454    -0.7114  27.867649     4.9856     5.0378    -0.0194    95.3740 1.0000e-12  -74.17536 -113.34424  27.417019      99.87 1.6480e+02    275.454       6612  1028.5993  1028.5973    34.0905    34.0882    8.21409         25 0.0000e+00
    251.000    248.251    -0.7161  27.865280    -0.7145  27.864705     4.9831     5.0338    -0.0086    95.3637 1.0000e-12  -74.17536 -113.34424  27.417031      99.86 1.6530e+02    276.513       6637  1028.6036  1028.6015    34.0897    34.0872    8.21467         26 0.0000e+00
    252.000    249.240    -0.7173  27.864433    -0.7154  27.864020     4.9799     5.0379    -0.0049    95.3667 1.0000e-12  -74.17536 -113.34424  27.417043      99.87 1.6536e+02    277.560       6662  1028.6083  1028.6060    34.0893    34.0867    8.21495         25 0.0000e+00
    253.000    250.228    -0.7180  27.864250    -0.7161  27.863735     4.9794     5.0397    -0.0036    95.3678 1.0000e-12  -74.17536 -113.34424  27.417056      99.87 1.6571e+02    278.620       6688  1028.6130  1028.6107    34.0892    34.0865    8.21510         25 0.0000e+00
    254.000    251.217    -0.7165  27.866113    -0.7149  27.865488     4.9746     5.0369    -0.0045    95.3502 1.0000e-12  -74.17536 -113.34424  27.417068      99.87 1.6571e+02    279.674       6713  1028.6180  1028.6157    34.0895    34.0868    8.21478         25 0.0000e+00
    255.000    252.205    -0.7128  27.870766    -0.7104  27.870719     4.9770     5.0356    -0.0148    95.3577 1.0000e-12  -74.17536 -113.34424  27.417080      99.86 1.6571e+02    280.728       6738  1028.6237  1028.6213    34.0909    34.0882    8.21388         26 0.0000e+00
    256.000    253.194    -0.7088  27.875763    -0.7069  27.875311     4.9712     5.0295    -0.0212    95.3524 1.0000e-12  -74.17536 -113.34424  27.417092      99.87 1.6571e+02    281.789       6764  1028.6295  1028.6272    34.0926    34.0898    8.21292         25 0.0000e+00
    257.000    254.179    -0.7078  27.877291    -0.7060  27.876791     4.9749     5.0282    -0.0174    95.3563 1.0000e-12  -74.17536 -113.34425  27.417105      99.87 1.6571e+02    282.852       6789  1028.6345  1028.6322    34.0929    34.0902    8.21267         23 0.0000e+00
    258.000    255.175    -0.7039  27.881764    -0.7023  27.881228     4.9644     5.0328    -0.0133    95.3595 1.0000e-12  -74.17536 -113.34425  27.417117      99.86 1.6571e+02    283.908       6815  1028.6399  1028.6377    34.0940    34.0914    8.21178         24 0.0000e+00
    259.000    256.159    -0.6982  27.888690    -0.6972  27.887133     4.9650     5.0293    -0.0144    95.3534 1.0000e-12  -74.17536 -113.34424  27.417129      99.87 1.6571e+02    284.967       6840  1028.6461  1028.6435    34.0962    34.0930    8.21040         25 0.0000e+00
    260.000    257.147    -0.6970  27.890139    -0.6956  27.889352     4.9684     5.0254    -0.0142    95.3656 1.0000e-12  -74.17536 -113.34424  27.417141      83.60 1.6571e+02    286.023       6866  1028.6509  1028.6486    34.0963    34.0936    8.21014         26 0.0000e+00
    261.000    258.137    -0.6956  27.892000    -0.6922  27.893118     4.9595     5.0245    -0.0092    95.3668 1.0000e-12  -74.17536 -113.34424  27.417154      94.52 1.6571e+02    287.074       6891  1028.6558  1028.6538    34.0965    34.0943    8.20981         25 0.0000e+00
    262.000    259.124    -0.6910  27.897343    -0.6892  27.896753     4.9599     5.0270    -0.0051    95.3565 1.0000e-12  -74.17536 -113.34424  27.417166      99.89 1.6571e+02    288.130       6916  1028.6615  1028.6590    34.0980    34.0951    8.20874         25 0.0000e+00
    263.000    260.113    -0.6875  27.901371    -0.6857  27.900849     4.9578     5.0167    -0.0063    95.3418 1.0000e-12  -74.17536 -113.34424  27.417178      99.87 1.6571e+02    289.184       6941  1028.6668  1028.6645    34.0989    34.0962    8.20792         25 0.0000e+00
    264.000    261.100    -0.6868  27.902493    -0.6854  27.901641     4.9598     5.0201    -0.0137    95.3453 1.0000e-12  -74.17536 -113.34424  27.417190      99.86 1.6571e+02    290.233       6967  1028.6716  1028.6694    34.0989    34.0963    8.20776         25 0.0000e+00
    265.000    262.091    -0.6872  27.902565    -0.6850  27.902577     4.9590     5.0170    -0.0133    95.3318 1.0000e-12  -74.17536 -113.34424  27.417202      99.87 1.6571e+02    291.279       6992  1028.6765  1028.6743    34.0990    34.0965    8.20786         26 0.0000e+00
    266.000    263.077    -0.6867  27.903486    -0.6845  27.903525     4.9609     5.0140    -0.0135    95.3380 1.0000e-12  -74.17536 -113.34424  27.417214      99.86 1.6571e+02    292.330       7017  1028.6813  1028.6792    34.0990    34.0966    8.20774         25 0.0000e+00
    267.000    264.067    -0.6852  27.905780    -0.6835  27.905220     4.9644     5.0193    -0.0133    95.3452 1.0000e-12  -74.17536 -113.34424  27.417227      99.87 1.6571e+02    293.382       7042  1028.6866  1028.6844    34.0997    34.0971    8.20736         25 0.0000e+00
    268.000    265.054    -0.6830  27.908819    -0.6808  27.908828     4.9597     5.0198    -0.0201    95.3329 1.0000e-12  -74.17536 -113.34424  27.417239      99.87 1.6571e+02    294.437       7067  1028.6921  1028.6899    34.1008    34.0983    8.20683         26 0.0000e+00
    269.000    266.042    -0.6820  27.910127    -0.6800  27.910105     4.9602     5.0238    -0.0196    95.3368 1.0000e-12  -74.17536 -113.34424  27.417251      99.86 1.6571e+02    295.504       7093  1028.6969  1028.6949    34.1008    34.0985    8.20662         26 0.0000e+00
    270.000    267.033    -0.6829  27.910231    -0.6812  27.909721     4.9681     5.0269    -0.0135    95.3296 1.0000e-12  -74.17536 -113.34424  27.417263      99.87 1.6571e+02    296.558       7118  1028.7022  1028.7000    34.1014    34.0988    8.20678         24 0.0000e+00
    271.000    268.019    -0.6842  27.909638    -0.6808  27.910549     4.9714     5.0256    -0.0145    95.3339 1.0000e-12  -74.17536 -113.34424  27.417276      99.87 1.6571e+02    297.612       7144  1028.7071  1028.7048    34.1014    34.0988    8.20705         26 0.0000e+00
    272.000    269.008    -0.6877  27.906841    -0.6856  27.906916     4.9730     5.0260    -0.0212    95.3318 1.0000e-12  -74.17536 -113.34424  27.417288      99.87 1.6571e+02    298.667       7169  1028.7118  1028.7099    34.1010    34.0988    8.20784         25 0.0000e+00
    273.000    269.996    -0.6862  27.908687    -0.6849  27.907894     4.9758     5.0265    -0.0201    95.3151 1.0000e-12  -74.17536 -113.34424  27.417300      82.98 1.6571e+02    299.727       7194  1028.7166  1028.7146    34.1012    34.0987    8.20750         26 0.0000e+00
    274.000    270.985    -0.6889  27.906552    -0.6868  27.906414     4.9744     5.0271    -0.0127    95.3265 1.0000e-12  -74.17536 -113.34424  27.417312      98.60 1.6571e+02    300.783       7220  1028.7212  1028.7191    34.1007    34.0982    8.20811         25 0.0000e+00
    275.000    271.972    -0.6844  27.912162    -0.6829  27.911311     4.9677     5.0256    -0.0141    95.3358 1.0000e-12  -74.17536 -113.34424  27.417325      99.86 1.6571e+02    301.846       7245  1028.7272  1028.7249    34.1026    34.0998    8.20703         26 0.0000e+00
    276.000    272.961    -0.6824  27.914728    -0.6801  27.914762     4.9668     5.0270    -0.0133    95.3430 1.0000e-12  -74.17536 -113.34424  27.417337      99.87 1.6571e+02    302.906       7271  1028.7323  1028.7302    34.1033    34.1008    8.20656         25 0.0000e+00
    277.000    273.950    -0.6802  27.916914    -0.6792  27.916067     4.9666     5.0268    -0.0189    95.3617 1.0000e-12  -74.17536 -113.34424  27.417349      99.87 1.6571e+02    303.959       7296  1028.7368  1028.7349    34.1031    34.1008    8.20608         25 0.0000e+00
    278.000    274.938    -0.6827  27.915390    -0.6809  27.914821     4.9648     5.0281    -0.0131    95.3537 1.0000e-12  -74.17536 -113.34424  27.417361      99.86 1.6571e+02    305.014       7321  1028.7419  1028.7396    34.1032    34.1005    8.20662         26 0.0000e+00
    279.000    275.926    -0.6777  27.920946    -0.6758  27.920579     4.9644     5.0213    -0.0185    95.3616 1.0000e-12  -74.17536 -113.34424  27.417374      99.87 1.6571e+02    306.077       7347  1028.7473  1028.7451    34.1045    34.1019    8.20546         25 0.0000e+00
    280.000    276.914    -0.6762  27.922898    -0.6743  27.922587     4.9592     5.0104    -0.0215    95.3489 1.0000e-12  -74.17536 -113.34424  27.417386      99.87 1.6571e+02    307.134       7372  1028.7522  1028.7502    34.1048    34.1023    8.20512         26 0.0000e+00
    281.000    277.904    -0.6754  27.924373    -0.6727  27.924650     4.9568     5.0172    -0.0145    95.3391 1.0000e-12  -74.17536 -113.34424  27.417398      99.86 1.6578e+02    308.192       7398  1028.7574  1028.7551    34.1053    34.1027    8.20492         25 0.0000e+00
    282.000    278.891    -0.6722  27.927858    -0.6707  27.927189     4.9577     5.0195    -0.0189    95.3514 1.0000e-12  -74.17536 -113.34424  27.417410      99.86 1.6620e+02    309.251       7423  1028.7623  1028.7602    34.1058    34.1032    8.20419         25 0.0000e+00
    283.000    279.879    -0.6732  27.927376    -0.6719  27.926551     4.9582     5.0174    -0.0206    95.3253 1.0000e-12  -74.17536 -113.34424  27.417422      99.86 1.6606e+02    310.302       7448  1028.7671  1028.7650    34.1057    34.1031    8.20442         25 0.0000e+00
    284.000    280.867    -0.6713  27.930111    -0.6692  27.929891     4.9556     5.0173    -0.0159    95.3398 1.0000e-12  -74.17536 -113.34424  27.417435      99.51 1.6632e+02    311.356       7474  1028.7725  1028.7703    34.1066    34.1040    8.20396         26 0.0000e+00
    285.000    281.855    -0.6515  27.953014    -0.6487  27.953492     4.9541     5.0163    -0.0117    95.3496 1.0000e-12  -74.17536 -113.34424  27.417447      93.87 1.6625e+02    312.419       7499  1028.7822  1028.7800    34.1146    34.1120    8.19921         26 0.0000e+00
    286.000    282.845    -0.6432  27.963347    -0.6408  27.963439     4.9530     5.0138    -0.0074    95.3446 1.0000e-12  -74.17536 -113.34424  27.417459      93.85 1.6659e+02    313.475       7524  1028.7896  1028.7874    34.1185    34.1160    8.19717         24 0.0000e+00
    287.000    283.833    -0.6388  27.968624    -0.6390  27.966170     4.9357     5.0052    -0.0083    95.3518 1.0000e-12  -74.17536 -113.34424  27.417471      99.91 1.6659e+02    314.528       7550  1028.7955  1028.7929    34.1201    34.1170    8.19613         26 0.0000e+00
    288.000    284.821    -0.6270  27.981393    -0.6266  27.979063     4.9317     4.9986    -0.0158    95.3449 1.0000e-12  -74.17536 -113.34424  27.417484      99.87 1.6719e+02    315.590       7575  1028.8020  1028.7992    34.1233    34.1198    8.19338         26 0.0000e+00
    289.000    285.808    -0.6174  27.991305    -0.6157  27.990484     4.9162     4.9871    -0.0119    95.3135 1.0000e-12  -74.17536 -113.34424  27.417496      99.87 1.6739e+02    316.657       7601  1028.8078  1028.8052    34.1254    34.1223    8.19120         25 0.0000e+00
    290.000    286.797    -0.6114  27.997615    -0.6084  27.998346     4.9043     4.9660    -0.0041    95.3160 1.0000e-12  -74.17536 -113.34424  27.417508      99.86 1.6747e+02    317.725       7626  1028.8131  1028.8110    34.1264    34.1240    8.18982         26 0.0000e+00
    291.000    287.787    -0.5959  28.013882    -0.5894  28.017486     4.8941     4.9585    -0.0039    95.3101 1.0000e-12  -74.17536 -113.34424  27.417521      99.86 1.6747e+02    318.795       7652  1028.8200  1028.8174    34.1303    34.1278    8.18626         25 0.0000e+00
    292.000    288.773    -0.5807  28.028937    -0.5789  28.028398     4.8884     4.9548    -0.0077    95.2881 1.0000e-12  -74.17536 -113.34424  27.417533      99.87 1.6747e+02    319.866       7678  1028.8258  1028.8235    34.1329    34.1301    8.18282         26 0.0000e+00
    293.000    289.761    -0.5800  28.030056    -0.5782  28.029608     4.8893     4.9495    -0.0088    95.3074 1.0000e-12  -74.17536 -113.34424  27.417546      99.87 1.6747e+02    320.950       7704  1028.8307  1028.8286    34.1329    34.1303    8.18266         26 0.0000e+00
    294.000    290.750    -0.5773  28.033314    -0.5756  28.032758     4.8906     4.9503    -0.0065    95.3041 1.0000e-12  -74.17536 -113.34424  27.417558      99.87 1.6747e+02    322.037       7730  1028.8361  1028.8339    34.1336    34.1310    8.18203         26 0.0000e+00
    295.000    291.738    -0.5739  28.037225    -0.5720  28.036827     4.8890     4.9503    -0.0096    95.2731 1.0000e-12  -74.17536 -113.34424  27.417571      99.87 1.6747e+02    323.116       7756  1028.8414  1028.8392    34.1345    34.1318    8.18125         27 0.0000e+00
    296.000    292.727    -0.5696  28.042403    -0.5675  28.042081     4.8953     4.9598    -0.0055    95.2831 1.0000e-12  -74.17536 -113.34424  27.417583      99.86 1.6747e+02    324.181       7781  1028.8472  1028.8449    34.1360    34.1333    8.18023         25 0.0000e+00
    297.000    293.715    -0.5658  28.047860    -0.5639  28.047494     4.8993     4.9630    -0.0065    95.2647 1.0000e-12  -74.17536 -113.34424  27.417596      78.22 1.6747e+02    325.255       7807  1028.8538  1028.8516    34.1385    34.1358    8.17927         25 0.0000e+00
    298.000    294.704    -0.5655  28.049077    -0.5638  28.048758     4.9051     4.9606    -0.0120    95.2566 1.0000e-12  -74.17536 -113.34424  27.417608      95.39 1.6747e+02    326.322       7833  1028.8593  1028.8573    34.1392    34.1368    8.17917         26 0.0000e+00
