ocean_section_plots/required_files/ctd/dnbp2202_ctd265.cnv
* Sea-Bird SBE 9 Data File:
* FileName = D:\Data\raw\NBP2202_CTD265.hex
* Software Version Seasave V 7.26.7.121
* Temperature SN = 1649
* Conductivity SN = 2513
* Number of Bytes Per Scan = 40
* Number of Voltage Words = 5
* Number of Scans Averaged by the Deck Unit = 1
* NMEA Latitude = 73 52.82 S
* NMEA Longitude = 118 43.32 W
* NMEA UTC (Time) = Feb 19 2022  19:07:30
* NMEA baud rate = 9600
** Ship: RVIB N.B. Palmer
** Cruise: NBP2202 Thwaites
** Station: 170
** Operator: A. Robinson
# nquan = 28
# nvalues = 674                         
# units = specified
# name 0 = prDM: Pressure, Digiquartz [db]
# name 1 = depSM: Depth [salt water, m]
# name 2 = t090C: Temperature [ITS-90, deg C]
# name 3 = c0mS/cm: Conductivity [mS/cm]
# name 4 = t190C: Temperature, 2 [ITS-90, deg C]
# name 5 = c1mS/cm: Conductivity, 2 [mS/cm]
# name 6 = sbeox0ML/L: Oxygen, SBE 43 [ml/l]
# name 7 = sbeox1ML/L: Oxygen, SBE 43, 2 [ml/l]
# name 8 = flECO-AFL: Fluorescence, WET Labs ECO-AFL/FL [mg/m^3]
# name 9 = CStarTr0: Beam Transmission, WET Labs C-Star [%]
# name 10 = par: PAR/Irradiance, Biospherical/Licor
# name 11 = latitude: Latitude [deg]
# name 12 = longitude: Longitude [deg]
# name 13 = timeJ: Julian Days
# name 14 = altM: Altimeter [m]
# name 15 = spar: SPAR, Biospherical/Licor
# name 16 = timeS: Time, Elapsed [seconds]
# name 17 = scan: Scan Count
# name 18 = density00: Density [density, kg/m^3]
# name 19 = density11: Density, 2 [density, kg/m^3]
# name 20 = v3: Voltage 3
# name 21 = v4: Voltage 4
# name 22 = v5: Voltage 5
# name 23 = sal00: Salinity, Practical [PSU]
# name 24 = sal11: Salinity, Practical, 2 [PSU]
# name 25 = oxsolML/L: Oxygen Saturation, Garcia & Gordon [ml/l]
# name 26 = nbin: number of scans per bin
# name 27 = flag: flag
# span 0 =      3.000,    676.000       
# span 1 =      2.970,    667.919       
# span 2 =    -1.6937,     0.4752       
# span 3 =  27.009725,  29.389292       
# span 4 =    -1.6941,     0.4798       
# span 5 =  27.006810,  29.391271       
# span 6 =     4.7174,     8.9749       
# span 7 =     4.8460,     9.2467       
# span 8 =    -0.0225,    11.5566       
# span 9 =    87.4238,    98.5241       
# span 10 = -2.386e-06, 1.3580e+02      
# span 11 =  -73.88042,  -73.88040      
# span 12 = -118.72202, -118.72196      
# span 13 =  50.798983,  50.809476      
# span 14 =       0.42,     100.08      
# span 15 = 1.6394e+03, 1.6589e+03      
# span 16 =    182.130,   1088.685      
# span 17 =       4372,      26129      
# span 18 =  1027.1264,  1030.8857      
# span 19 =  1027.1266,  1030.8835      
# span 20 =     4.1481,     4.6738      
# span 21 =     0.0628,     1.8269      
# span 22 =     0.1130,     0.1942      
# span 23 =    33.7546,    34.5243      
# span 24 =    33.7553,    34.5218      
# span 25 =    7.93825,    8.43490      
# span 26 =          2,         48      
# span 27 = 0.0000e+00, 0.0000e+00      
# interval = decibars: 1                
# start_time = Feb 19 2022 19:07:30 [NMEA time, header]
# bad_flag = -9.990e-29
*END*
[from data line 52]
     55.000     54.424    -0.1980  28.016460    -0.1959  28.017030     8.8471     9.1580     8.7125    90.6434 1.5452e-02  -73.88040 -118.72200  50.800490      99.50 1.6447e+03    312.370       7498  1027.4359  1027.4345     4.2999     1.4359     0.1678    33.8321    33.8305    8.11795         40 0.0000e+00
     56.000     55.414    -0.1994  28.016487    -0.1977  28.016732     8.8360     9.1574     6.8732    89.5453 5.9241e-03  -73.88040 -118.72200  50.800516      99.57 1.6431e+03    314.562       7550  1027.4415  1027.4402     4.2477     1.6516     0.1829    33.8330    33.8315    8.11819         39 0.0000e+00
     57.000     56.403    -0.1996  28.016969    -0.1975  28.017550     8.8438     9.1630     9.6150    87.7519 3.7118e-04  -73.88040 -118.72200  50.800537      99.60 1.6445e+03    316.387       7594  1027.4465  1027.4451     4.1630     1.3370     0.1797    33.8333    33.8318    8.11822         35 0.0000e+00
     58.000     57.393    -0.1998  28.017135    -0.1979  28.017860     8.8426     9.1647     9.7904    89.0133 -2.386e-06  -73.88040 -118.72200  50.800556      99.54 1.6448e+03    318.052       7634  1027.4511  1027.4501     4.2229     1.3454     0.1816    33.8331    33.8320    8.11827         38 0.0000e+00
     59.000     58.382    -0.1992  28.017486    -0.1973  28.018310     8.8349     9.1579     8.6490    88.8259 1.0000e-12  -73.88040 -118.72200  50.800581      99.53 1.6448e+03    320.199       7686  1027.4553  1027.4543     4.2139     1.3359     0.1745    33.8324    33.8314    8.11820         48 0.0000e+00
     60.000     59.371    -0.1989  28.019019    -0.1969  28.019423     8.8504     9.1514     7.9568    87.5369 1.0000e-12  -73.88040 -118.72200  50.800605      97.92 1.6448e+03    322.231       7735  1027.4609  1027.4593     4.1523     1.2940     0.1656    33.8335    33.8317    8.11807         41 0.0000e+00
     61.000     60.361    -0.1986  28.020036    -0.1970  28.020103     8.8428     9.1544     9.6898    88.1918 1.0000e-12  -73.88040 -118.72200  50.800625      98.71 1.6448e+03    324.006       7777  1027.4659  1027.4645     4.1842     1.5717     0.1864    33.8339    33.8322    8.11798         32 0.0000e+00
     62.000     61.350    -0.1989  28.020245    -0.1971  28.020486     8.8359     9.1463     9.2557    89.6420 1.0000e-12  -73.88040 -118.72200  50.800647      99.59 1.6464e+03    325.879       7822  1027.4707  1027.4693     4.2528     1.2626     0.1733    33.8339    33.8322    8.11804         37 0.0000e+00
     63.000     62.339    -0.2004  28.019203    -0.1988  28.019425     8.8279     9.1468     8.6588    89.8579 1.0000e-12  -73.88040 -118.72200  50.800669      99.61 1.6447e+03    327.838       7869  1027.4753  1027.4740     4.2633     1.2043     0.1894    33.8335    33.8320    8.11838         39 0.0000e+00
     64.000     63.327    -0.2026  28.017810    -0.2006  28.018238     8.8266     9.1405     7.2567    90.2290 1.0000e-12  -73.88040 -118.72200  50.800693      99.56 1.6439e+03    329.846       7917  1027.4803  1027.4788     4.2806     1.3063     0.1770    33.8336    33.8319    8.11886         39 0.0000e+00
     65.000     64.318    -0.2044  28.016647    -0.2023  28.017286     8.8250     9.1367     8.3792    88.7784 1.0000e-12  -73.88040 -118.72199  50.800714      99.45 1.6456e+03    331.664       7961  1027.4850  1027.4836     4.2116     1.5364     0.1721    33.8333    33.8319    8.11924         41 0.0000e+00
     66.000     65.308    -0.2041  28.017459    -0.2019  28.018104     8.8175     9.1390     8.3644    87.8853 1.0000e-12  -73.88040 -118.72200  50.800735      99.54 1.6455e+03    333.480       8005  1027.4898  1027.4884     4.1694     1.6314     0.1663    33.8335    33.8319    8.11916         38 0.0000e+00
     67.000     66.297    -0.2045  28.017525    -0.2026  28.017950     8.8126     9.1347     8.5205    89.3849 1.0000e-12  -73.88040 -118.72199  50.800759      97.64 1.6448e+03    335.604       8055  1027.4945  1027.4932     4.2404     1.3369     0.1748    33.8335    33.8318    8.11926         44 0.0000e+00
     68.000     67.286    -0.2054  28.017258    -0.2035  28.017613     8.8156     9.1339     7.7811    89.3713 1.0000e-12  -73.88040 -118.72199  50.800781      99.53 1.6451e+03    337.460       8100  1027.4994  1027.4980     4.2398     1.3119     0.1792    33.8335    33.8318    8.11945         42 0.0000e+00
     69.000     68.275    -0.2052  28.017921    -0.2032  28.018330     8.8019     9.1325     9.0743    88.7900 1.0000e-12  -73.88040 -118.72200  50.800802      99.66 1.6455e+03    339.274       8144  1027.5042  1027.5028     4.2122     1.0867     0.1653    33.8335    33.8319    8.11940         38 0.0000e+00
     70.000     69.266    -0.2050  28.018697    -0.2031  28.019167     8.8190     9.1251     9.8299    89.6412 1.0000e-12  -73.88040 -118.72200  50.800824      99.65 1.6459e+03    341.234       8191  1027.5091  1027.5078     4.2527     1.1183     0.1667    33.8338    33.8322    8.11935         38 0.0000e+00
     71.000     70.254    -0.2046  28.019391    -0.2028  28.019650     8.8160     9.1234     8.8896    89.5994 1.0000e-12  -73.88040 -118.72200  50.800847      99.55 1.6449e+03    343.169       8237  1027.5137  1027.5123     4.2506     1.3782     0.1762    33.8336    33.8320    8.11927         42 0.0000e+00
     72.000     71.243    -0.2049  28.019636    -0.2030  28.019920     8.8052     9.1204     7.7290    89.8157 1.0000e-12  -73.88040 -118.72200  50.800870      99.57 1.6474e+03    345.140       8284  1027.5186  1027.5171     4.2609     1.2947     0.1917    33.8337    33.8319    8.11933         47 0.0000e+00
     73.000     72.232    -0.2044  28.020578    -0.2021  28.021237     8.8102     9.1206     7.8296    88.7982 1.0000e-12  -73.88040 -118.72200  50.800892      97.88 1.6461e+03    347.039       8330  1027.5234  1027.5219     4.2126     1.4503     0.1550    33.8338    33.8321    8.11922         37 0.0000e+00
     74.000     73.223    -0.2040  28.021368    -0.2020  28.021891     8.8066     9.1143     8.2039    90.2618 1.0000e-12  -73.88040 -118.72200  50.800911      92.65 1.6452e+03    348.685       8369  1027.5281  1027.5268     4.2822     1.1084     0.1722    33.8338    33.8323    8.11914         35 0.0000e+00
     75.000     74.212    -0.2099  28.017089    -0.2089  28.016987     8.8009     9.1037     9.4507    89.7361 1.0000e-12  -73.88040 -118.72200  50.800930      99.05 1.6471e+03    350.348       8409  1027.5336  1027.5325     4.2571     1.4519     0.1782    33.8340    33.8327    8.12038         34 0.0000e+00
     76.000     75.201    -0.2145  28.014056    -0.2132  28.014080     8.7896     9.0993     8.2493    87.5046 1.0000e-12  -73.88040 -118.72200  50.800950      99.46 1.6482e+03    352.107       8452  1027.5390  1027.5378     4.1513     1.5249     0.1644    33.8345    33.8331    8.12133         39 0.0000e+00
     77.000     76.189    -0.2156  28.013794    -0.2140  28.013891     8.7866     9.0997     7.3001    89.2316 1.0000e-12  -73.88040 -118.72200  50.800969      99.60 1.6456e+03    353.693       8490  1027.5440  1027.5426     4.2332     1.2019     0.1859    33.8347    33.8331    8.12154         35 0.0000e+00
     78.000     77.179    -0.2164  28.013536    -0.2150  28.013511     8.7947     9.0958     7.2101    90.6786 1.0000e-12  -73.88040 -118.72200  50.800985      99.48 1.6467e+03    355.111       8524  1027.5488  1027.5475     4.3013     1.4412     0.1723    33.8347    33.8331    8.12172         34 0.0000e+00
     79.000     78.169    -0.2174  28.013216    -0.2156  28.013545     8.7859     9.0910     8.2836    89.5941 1.0000e-12  -73.88040 -118.72200  50.801002      99.47 1.6483e+03    356.619       8560  1027.5537  1027.5522     4.2503     1.4642     0.1666    33.8348    33.8332    8.12194         37 0.0000e+00
     80.000     79.158    -0.2174  28.013648    -0.2156  28.014027     8.7852     9.0966     6.8653    87.4238 1.0000e-12  -73.88040 -118.72200  50.801022      99.62 1.6471e+03    358.263       8599  1027.5584  1027.5571     4.1481     1.1801     0.1527    33.8348    33.8333    8.12194         38 0.0000e+00
     81.000     80.146    -0.2178  28.013760    -0.2161  28.014221     8.7856     9.0993     8.3087    89.8064 1.0000e-12  -73.88040 -118.72200  50.801038      99.58 1.6468e+03    359.708       8634  1027.5631  1027.5620     4.2605     1.2263     0.1676    33.8347    33.8335    8.12202         32 0.0000e+00
     82.000     81.138    -0.2184  28.013857    -0.2166  28.014199     8.7762     9.0868     7.9452    89.3930 1.0000e-12  -73.88040 -118.72200  50.801053      97.74 1.6483e+03    360.961       8664  1027.5680  1027.5668     4.2408     1.2914     0.1657    33.8349    33.8334    8.12213         30 0.0000e+00
     83.000     82.126    -0.2196  28.013526    -0.2175  28.014008     8.7782     9.0842     6.5776    90.0198 1.0000e-12  -73.88040 -118.72200  50.801069      98.97 1.6484e+03    362.375       8698  1027.5731  1027.5717     4.2706     1.1833     0.1551    33.8352    33.8335    8.12237         36 0.0000e+00
     84.000     83.115    -0.2232  28.011052    -0.2215  28.011552     8.7708     9.0824    11.0200    88.8522 1.0000e-12  -73.88040 -118.72200  50.801088      99.53 1.6483e+03    364.019       8737  1027.5782  1027.5772     4.2152     1.4047     0.1828    33.8353    33.8341    8.12314         38 0.0000e+00
     85.000     84.104    -0.2230  28.012144    -0.2202  28.013258     8.7702     9.0679     8.3064    89.8687 1.0000e-12  -73.88040 -118.72200  50.801104      99.62 1.6483e+03    365.371       8770  1027.5835  1027.5820     4.2634     1.1877     0.1709    33.8359    33.8343    8.12306         29 0.0000e+00
     86.000     85.095    -0.2246  28.011693    -0.2228  28.012142     8.7491     9.0650     6.4204    89.8589 1.0000e-12  -73.88040 -118.72200  50.801117      99.60 1.6483e+03    366.529       8798  1027.5888  1027.5876     4.2629     1.2045     0.1683    33.8365    33.8351    8.12337         27 0.0000e+00
     87.000     86.083    -0.2248  28.012169    -0.2228  28.012656     8.7537     9.0602     7.1736    89.4338 1.0000e-12  -73.88040 -118.72200  50.801132      99.63 1.6483e+03    367.779       8828  1027.5937  1027.5924     4.2428     1.1640     0.1800    33.8367    33.8352    8.12339         33 0.0000e+00
     88.000     87.070    -0.2268  28.010981    -0.2249  28.011417     8.7443     9.0556     7.8689    89.0550 1.0000e-12  -73.88040 -118.72200  50.801149      99.54 1.6483e+03    369.274       8864  1027.5987  1027.5973     4.2248     1.3342     0.1722    33.8368    33.8352    8.12382         35 0.0000e+00
     89.000     88.062    -0.2298  28.009115    -0.2274  28.009989     8.7572     9.0662     9.0440    88.6854 1.0000e-12  -73.88040 -118.72200  50.801165      99.49 1.6483e+03    370.692       8898  1027.6038  1027.6025     4.2073     1.4156     0.1662    33.8370    33.8356    8.12444         32 0.0000e+00
     90.000     89.051    -0.2283  28.010733    -0.2258  28.011813     8.7697     9.0736     7.0325    88.6832 1.0000e-12  -73.88040 -118.72200  50.801180      99.58 1.6483e+03    371.927       8927  1027.6084  1027.6071     4.2072     1.3279     0.1625    33.8369    33.8355    8.12414         28 0.0000e+00
     91.000     90.041    -0.2258  28.013860    -0.2226  28.015350     8.7689     9.0741     6.9810    89.3649 1.0000e-12  -73.88040 -118.72200  50.801194      99.59 1.6483e+03    373.160       8957  1027.6135  1027.6121     4.2395     1.2274     0.1623    33.8376    33.8361    8.12355         31 0.0000e+00
     92.000     91.028    -0.2175  28.021539    -0.2154  28.022370     8.7688     9.0778     8.3335    89.6741 1.0000e-12  -73.88040 -118.72200  50.801210      99.33 1.6483e+03    374.526       8990  1027.6181  1027.6169     4.2541     1.5426     0.1623    33.8381    33.8368    8.12177         34 0.0000e+00
     93.000     92.019    -0.2214  28.018591    -0.2196  28.019188     8.7656     9.0835     9.7590    88.0259 1.0000e-12  -73.88040 -118.72200  50.801225      99.51 1.6485e+03    375.867       9022  1027.6230  1027.6219     4.1762     1.2525     0.1712    33.8379    33.8367    8.12261         31 0.0000e+00
     94.000     93.007    -0.2281  28.014519    -0.2259  28.013421     8.7756     9.0896     9.3753    89.9963 1.0000e-12  -73.88040 -118.72200  50.801239      99.63 1.6491e+03    377.053       9050  1027.6293  1027.6261     4.2694     1.1522     0.1681    33.8393    33.8354    8.12395         26 0.0000e+00
     95.000     93.997    -0.2135  28.029334    -0.2119  28.029323     8.7615     9.0786     8.3140    89.3881 1.0000e-12  -73.88040 -118.72200  50.801251      99.64 1.6486e+03    378.105       9076  1027.6353  1027.6338     4.2407     1.1466     0.1698    33.8422    33.8405    8.12067         25 0.0000e+00
     96.000     94.986    -0.2127  28.030642    -0.2111  28.030842     8.7668     9.0666     6.2823    89.1298 1.0000e-12  -73.88040 -118.72200  50.801264      99.69 1.6492e+03    379.198       9102  1027.6403  1027.6390     4.2284     1.0080     0.1713    33.8425    33.8409    8.12050         27 0.0000e+00
     97.000     95.976    -0.2138  28.030318    -0.2121  28.030454     8.7347     9.0525     6.4945    88.6798 1.0000e-12  -73.88040 -118.72200  50.801278      99.76 1.6501e+03    380.378       9130  1027.6454  1027.6439     4.2071     0.8922     0.1690    33.8427    33.8410    8.12072         29 0.0000e+00
     98.000     96.963    -0.2159  28.029235    -0.2144  28.029409     8.7355     9.0313     6.8731    90.0938 1.0000e-12  -73.88040 -118.72200  50.801292      99.60 1.6493e+03    381.590       9159  1027.6505  1027.6493     4.2740     1.2033     0.1670    33.8429    33.8415    8.12114         29 0.0000e+00
     99.000     97.954    -0.2164  28.030337    -0.2146  28.030762     8.6836     9.0039     6.9497    90.1298 1.0000e-12  -73.88040 -118.72200  50.801305      99.66 1.6491e+03    382.772       9188  1027.6565  1027.6552     4.2758     1.0832     0.1587    33.8444    33.8429    8.12118         28 0.0000e+00
    100.000     98.943    -0.2126  28.035466    -0.2105  28.036289     8.6527     8.9655     7.2415    88.8553 1.0000e-12  -73.88040 -118.72200  50.801318      99.66 1.6483e+03    383.870       9214  1027.6626  1027.6615     4.2161     1.0903     0.1706    33.8464    33.8451    8.12025         25 0.0000e+00
    101.000     99.932    -0.2123  28.037268    -0.2106  28.037724     8.6249     8.9400     6.3478    90.4685 1.0000e-12  -73.88040 -118.72200  50.801330      99.67 1.6483e+03    384.946       9240  1027.6685  1027.6675     4.2912     1.0777     0.1672    33.8478    33.8466    8.12010         27 0.0000e+00
    102.000    100.921    -0.2153  28.036064    -0.2138  28.036285     8.5675     8.8968     7.0736    89.9554 1.0000e-12  -73.88040 -118.72200  50.801345      99.66 1.6483e+03    386.198       9270  1027.6745  1027.6734     4.2676     1.0905     0.1816    33.8490    33.8476    8.12068         33 0.0000e+00
    103.000    101.910    -0.2343  28.022964    -0.2332  28.023219     8.5197     8.8331     9.5124    90.0475 1.0000e-12  -73.88040 -118.72200  50.801360      99.42 1.6481e+03    387.532       9302  1027.6832  1027.6824     4.2718     1.0302     0.1601    33.8520    33.8512    8.12455         30 0.0000e+00
    104.000    102.899    -0.2384  28.021606    -0.2368  28.022006     8.4833     8.7957     9.2015    88.9052 1.0000e-12  -73.88040 -118.72200  50.801373      99.32 1.6485e+03    388.665       9329  1027.6899  1027.6888     4.2177     0.9817     0.1682    33.8541    33.8529    8.12530         25 0.0000e+00
    105.000    103.889    -0.2450  28.017376    -0.2437  28.017802     8.4731     8.7682     6.8827    89.3661 1.0000e-12  -73.88040 -118.72200  50.801385      99.59 1.6490e+03    389.673       9353  1027.6960  1027.6952     4.2396     1.2232     0.1736    33.8552    33.8543    8.12665         24 0.0000e+00
