ocean_section_plots/required_files/ctd/dnbp2202_ctd158.cnv
* Sea-Bird SBE 9 Data File:
* FileName = D:\Data\raw\NBP2202_CTD158.hex
* Software Version Seasave V 7.26.7.121
* Temperature SN = 1649
* Conductivity SN = 2513
* Number of Bytes Per Scan = 40
* Number of Voltage Words = 5
* Number of Scans Averaged by the Deck Unit = 1
* NMEA Latitude = 74 13.78 S
* NMEA Longitude = 112 05.99 W
* NMEA UTC (Time) = Jan 31 2022  22:02:30
* NMEA baud rate = 9600
** Ship: RVIB N.B. Palmer
** Cruise: NBP2202 Thwaites
** Station: 80
** Operator: A. Robinson/K. Block
# nquan = 28
# nvalues = 504                         
# units = specified
# name 0 = prDM: Pressure, Digiquartz [db]
# name 1 = depSM: Depth [salt water, m]
# name 2 = t090C: Temperature [ITS-90, deg C]
# name 3 = c0mS/cm: Conductivity [mS/cm]
# name 4 = t190C: Temperature, 2 [ITS-90, deg C]
# name 5 = c1mS/cm: Conductivity, 2 [mS/cm]
# name 6 = sbeox0ML/L: Oxygen, SBE 43 [ml/l]
# name 7 = sbeox1ML/L: Oxygen, SBE 43, 2 [ml/l]
# name 8 = flECO-AFL: Fluorescence, WET Labs ECO-AFL/FL [mg/m^3]
# name 9 = CStarTr0: Beam Transmission, WET Labs C-Star [%]
# name 10 = par: PAR/Irradiance, Biospherical/Licor
# name 11 = latitude: Latitude [deg]
# name 12 = longitude: Longitude [deg]
# name 13 = timeJ: Julian Days
# name 14 = altM: Altimeter [m]
# name 15 = spar: SPAR, Biospherical/Licor
# name 16 = timeS: Time, Elapsed [seconds]
# name 17 = scan: Scan Count
# name 18 = density00: Density [density, kg/m^3]
# name 19 = density11: Density, 2 [density, kg/m^3]
# name 20 = v3: Voltage 3
# name 21 = v4: Voltage 4
# name 22 = v5: Voltage 5
# name 23 = sal00: Salinity, Practical [PSU]
# name 24 = sal11: Salinity, Practical, 2 [PSU]
# name 25 = oxsolML/L: Oxygen Saturation, Garcia & Gordon [ml/l]
# name 26 = nbin: number of scans per bin
# name 27 = flag: flag
# span 0 =      3.000,    506.000       
# span 1 =      2.979,    500.152       
# span 2 =    -1.4681,    -0.1123       
# span 3 =  27.000174,  28.668528       
# span 4 =    -1.4683,    -0.1098       
# span 5 =  27.000797,  28.668557       
# span 6 =     4.8720,     8.6588       
# span 7 =     4.9799,     8.5794       
# span 8 =     0.0012,    19.0350       
# span 9 =    70.6519,    93.6960       
# span 10 = 1.0000e-12, 7.4795e+02      
# span 11 =  -74.22984,  -74.22956      
# span 12 = -112.10006, -112.09977      
# span 13 =  31.921188,  31.928209      
# span 14 =      55.49,     100.03      
# span 15 = 1.9164e+03, 1.9480e+03      
# span 16 =    240.606,    847.290      
# span 17 =       5776,      20336      
# span 18 =  1027.1958,  1029.9740      
# span 19 =  1027.1971,  1029.9719      
# span 20 =     3.3524,     4.4449      
# span 21 =     0.0698,     2.5954      
# span 22 =     0.1167,     0.2394      
# span 23 =    33.7918,    34.3332      
# span 24 =    33.7973,    34.3305      
# span 25 =    8.07130,    8.38747      
# span 26 =         11,         60      
# span 27 = 0.0000e+00, 0.0000e+00      
# interval = decibars: 1                
# start_time = Jan 31 2022 22:02:30 [NMEA time, header]
# bad_flag = -9.990e-29
*END*
[from data line 52]
     55.000     54.424    -1.3918  27.023407    -1.3933  27.022626     6.4446     6.6090     2.5375    89.1758 1.0000e-12  -74.22962 -112.09986  31.922531      99.51 1.9342e+03    356.710       8562  1027.4798  1027.4804     4.2305     0.5333     0.1393    33.8264    33.8271    8.37960         40 0.0000e+00
     56.000     55.412    -1.3860  27.029028    -1.3853  27.030421     6.4709     6.6324     2.9067    88.6442 1.0000e-12  -74.22962 -112.09988  31.922549      99.78 1.9344e+03    358.251       8599  1027.4848  1027.4856     4.2054     0.5359     0.1460    33.8270    33.8281    8.37827         32 0.0000e+00
     57.000     56.402    -1.3814  27.033764    -1.3826  27.033265     6.4949     6.6577     2.8824    88.3507 1.0000e-12  -74.22962 -112.09988  31.922563      99.77 1.9343e+03    359.448       8628  1027.4899  1027.4905     4.1914     0.5386     0.1432    33.8276    33.8283    8.37719         27 0.0000e+00
     58.000     57.392    -1.3802  27.035235    -1.3809  27.035360     6.5446     6.7249     2.9334    88.1680 1.0000e-12  -74.22962 -112.09988  31.922577      99.75 1.9342e+03    360.628       8656  1027.4948  1027.4955     4.1828     0.6120     0.1788    33.8277    33.8286    8.37693         30 0.0000e+00
     59.000     58.381    -1.3749  27.040804    -1.3735  27.042664     6.7468     6.9027     3.2865    87.8235 1.0000e-12  -74.22962 -112.09988  31.922593      99.76 1.9358e+03    362.054       8690  1027.5002  1027.5008     4.1664     0.5612     0.1641    33.8287    33.8297    8.37567         38 0.0000e+00
     60.000     59.370    -1.3401  27.072962    -1.3350  27.076592     6.9425     7.0657     3.5956    87.6903 1.0000e-12  -74.22962 -112.09988  31.922611      99.76 1.9352e+03    363.571       8727  1027.5064  1027.5054     4.1601     0.6000     0.1425    33.8329    33.8321    8.36760         34 0.0000e+00
     61.000     60.360    -1.3129  27.096644    -1.3175  27.093185     6.9440     7.0885     5.0553    87.9239 1.0000e-12  -74.22962 -112.09988  31.922627      99.72 1.9356e+03    364.931       8759  1027.5107  1027.5113     4.1711     0.7520     0.1473    33.8340    33.8345    8.36143         31 0.0000e+00
     62.000     61.348    -1.2992  27.109694    -1.2992  27.110503     6.9636     7.1413     5.6762    87.4480 1.0000e-12  -74.22964 -112.09990  31.922641      99.68 1.9356e+03    366.177       8789  1027.5164  1027.5173     4.1486     0.8469     0.1540    33.8358    33.8369    8.35825         29 0.0000e+00
     63.000     62.339    -1.2962  27.116198    -1.2902  27.122036     7.1772     7.3278     5.8765    87.1182 1.0000e-12  -74.22964 -112.09990  31.922655      99.60 1.9353e+03    367.390       8818  1027.5253  1027.5260     4.1330     1.0784     0.1498    33.8408    33.8420    8.35729         30 0.0000e+00
     64.000     63.328    -1.2388  27.171314    -1.2422  27.166469     7.4713     7.5592     5.9632    85.5318 1.0000e-12  -74.22964 -112.09990  31.922671      94.48 1.9358e+03    368.734       8851  1027.5351  1027.5331     4.0578     1.1842     0.1579    33.8508    33.8480    8.34387         35 0.0000e+00
     65.000     64.317    -1.0632  27.329023    -1.0749  27.316319     7.4503     7.5868     7.4539    84.3927 1.0000e-12  -74.22964 -112.09990  31.922688      99.68 1.9345e+03    370.255       8887  1027.5431  1027.5405     4.0039     1.2584     0.1576    33.8677    33.8635    8.30383         35 0.0000e+00
     66.000     65.306    -1.0841  27.311033    -1.0863  27.310587     7.2844     7.4765     9.1700    83.9905 1.0000e-12  -74.22965 -112.09990  31.922703      99.36 1.9340e+03    371.512       8917  1027.5491  1027.5508     3.9846     1.6783     0.1812    33.8660    33.8679    8.30854         27 0.0000e+00
     67.000     66.296    -1.1277  27.276696    -1.1264  27.278612     7.1870     7.3951    10.5117    81.7968 1.0000e-12  -74.22966 -112.09990  31.922715      99.40 1.9356e+03    372.546       8942  1027.5588  1027.5596     3.8806     1.5199     0.1536    33.8678    33.8689    8.31813         24 0.0000e+00
     68.000     67.285    -1.1411  27.266414    -1.1394  27.268269     7.0812     7.2939    10.3858    80.7706 1.0000e-12  -74.22966 -112.09991  31.922727      99.40 1.9355e+03    373.628       8968  1027.5653  1027.5657     3.8318     1.5111     0.1842    33.8682    33.8688    8.32107         27 0.0000e+00
     69.000     68.275    -1.1961  27.219025    -1.1923  27.223517     6.9165     7.1391    10.2406    79.5940 1.0000e-12  -74.22966 -112.09991  31.922745      99.38 1.9342e+03    375.124       9004  1027.5713  1027.5726     3.7767     1.5771     0.1780    33.8648    33.8667    8.33351         39 0.0000e+00
     70.000     69.263    -1.2318  27.189795    -1.2393  27.184217     6.6827     6.9493     8.1665    80.2087 1.0000e-12  -74.22966 -112.09992  31.922763      99.52 1.9347e+03    376.688       9042  1027.5782  1027.5793     3.8048     1.2459     0.1617    33.8646    33.8654    8.34150         32 0.0000e+00
     71.000     70.253    -1.3088  27.123967    -1.3010  27.132796     6.5008     6.7903     7.4654    81.2931 1.0000e-12  -74.22966 -112.09992  31.922776      99.48 1.9356e+03    377.856       9070  1027.5846  1027.5867     3.8567     1.3784     0.1534    33.8607    33.8640    8.35894         26 0.0000e+00
     72.000     71.242    -1.3688  27.078194    -1.3565  27.088800     6.4389     6.7083     6.1250    80.5861 1.0000e-12  -74.22966 -112.09992  31.922788      99.53 1.9335e+03    378.864       9094  1027.5962  1027.5960     3.8236     1.2321     0.1603    33.8651    33.8657    8.37213         24 0.0000e+00
     73.000     72.231    -1.3802  27.072283    -1.3803  27.072646     6.4352     6.6839     4.9419    81.8711 1.0000e-12  -74.22966 -112.09992  31.922800      99.65 1.9339e+03    379.958       9120  1027.6046  1027.6051     3.8839     0.9304     0.1549    33.8693    33.8700    8.37444         30 0.0000e+00
     74.000     73.222    -1.3806  27.072699    -1.3808  27.073057     6.4482     6.6664     3.9427    83.5991 1.0000e-12  -74.22967 -112.09993  31.922817      99.71 1.9345e+03    381.409       9155  1027.6090  1027.6097     3.9661     0.7944     0.1502    33.8696    33.8704    8.37450         32 0.0000e+00
     75.000     74.208    -1.3798  27.074426    -1.3798  27.074720     6.3881     6.6058     4.5233    84.5614 1.0000e-12  -74.22968 -112.09994  31.922835      99.75 1.9348e+03    382.953       9192  1027.6140  1027.6143     4.0120     0.6441     0.1504    33.8705    33.8710    8.37428         33 0.0000e+00
     76.000     75.200    -1.3821  27.075868    -1.3831  27.075963     6.3269     6.5410     4.1179    85.3958 1.0000e-12  -74.22968 -112.09994  31.922849      99.73 1.9324e+03    384.143       9220  1027.6218  1027.6228     4.0510     0.7326     0.1522    33.8745    33.8757    8.37456         26 0.0000e+00
     77.000     76.189    -1.3930  27.073867    -1.3939  27.073953     6.2976     6.5006     3.9116    85.6398 1.0000e-12  -74.22968 -112.09994  31.922861      99.72 1.9315e+03    385.200       9246  1027.6342  1027.6352     4.0628     0.7155     0.1538    33.8835    33.8846    8.37647         25 0.0000e+00
     78.000     77.178    -1.4017  27.072083    -1.4025  27.072163     6.2864     6.4783     3.4850    85.9908 1.0000e-12  -74.22968 -112.09994  31.922874      99.73 1.9336e+03    386.275       9272  1027.6448  1027.6456     4.0795     0.7028     0.1466    33.8903    33.8913    8.37802         27 0.0000e+00
     79.000     78.167    -1.4066  27.071482    -1.4066  27.071700     6.2862     6.4722     2.9407    85.8847 1.0000e-12  -74.22970 -112.09994  31.922888      99.76 1.9351e+03    387.491       9301  1027.6529  1027.6532     4.0745     0.6218     0.1460    33.8944    33.8947    8.37888         31 0.0000e+00
     80.000     79.157    -1.4089  27.071617    -1.4097  27.071757     6.2908     6.4725     2.8579    86.4522 1.0000e-12  -74.22970 -112.09994  31.922904      99.76 1.9342e+03    388.933       9335  1027.6593  1027.6602     4.1014     0.5676     0.1460    33.8966    33.8976    8.37928         37 0.0000e+00
     81.000     80.146    -1.4118  27.071907    -1.4127  27.072165     6.3202     6.4954     2.9181    86.8395 1.0000e-12  -74.22970 -112.09996  31.922920      99.77 1.9342e+03    390.321       9369  1027.6664  1027.6677     4.1197     0.5309     0.1427    33.8996    33.9011    8.37974         29 0.0000e+00
     82.000     81.135    -1.4150  27.073835    -1.4154  27.073708     6.3662     6.5339     2.6662    87.6923 1.0000e-12  -74.22970 -112.09994  31.922933      99.78 1.9353e+03    391.416       9395  1027.6759  1027.6762     4.1602     0.4796     0.1399    33.9053    33.9056    8.38013         24 0.0000e+00
     83.000     82.124    -1.4158  27.077346    -1.4163  27.077219     6.3956     6.5571     2.4868    87.3010 1.0000e-12  -74.22970 -112.09996  31.922944      99.79 1.9355e+03    392.327       9417  1027.6847  1027.6851     4.1417     0.4555     0.1415    33.9104    33.9108    8.38000         21 0.0000e+00
     84.000     83.114    -1.4159  27.079366    -1.4163  27.079490     6.4024     6.5636     2.5561    87.6523 1.0000e-12  -74.22970 -112.09996  31.922954      99.76 1.9357e+03    393.247       9439  1027.6913  1027.6918     4.1583     0.5997     0.1458    33.9127    33.9133    8.37988         24 0.0000e+00
     85.000     84.102    -1.4167  27.080702    -1.4172  27.080745     6.4173     6.5752     2.9636    88.7886 1.0000e-12  -74.22970 -112.09996  31.922968      96.87 1.9345e+03    394.436       9467  1027.6977  1027.6982     4.2121     0.5912     0.1454    33.9148    33.9154    8.37994         34 0.0000e+00
     86.000     85.093    -1.4174  27.081854    -1.4178  27.081844     6.4523     6.6121     2.7812    88.5755 1.0000e-12  -74.22970 -112.09996  31.922985      99.32 1.9347e+03    395.912       9503  1027.7039  1027.7042     4.2021     0.4418     0.1403    33.9166    33.9171    8.38000         33 0.0000e+00
     87.000     86.080    -1.4171  27.083947    -1.4176  27.083948     6.4722     6.6359     2.4089    88.6703 1.0000e-12  -74.22970 -112.09996  31.922998      99.79 1.9341e+03    397.044       9530  1027.7101  1027.7105     4.2066     0.4275     0.1405    33.9185    33.9191    8.37982         23 0.0000e+00
     88.000     87.071    -1.4172  27.084862    -1.4177  27.084861     6.4823     6.6471     2.3602    89.2256 1.0000e-12  -74.22971 -112.09997  31.923008      99.77 1.9348e+03    397.915       9551  1027.7154  1027.7159     4.2329     0.5208     0.1432    33.9193    33.9198    8.37979         19 0.0000e+00
     89.000     88.060    -1.4173  27.085347    -1.4175  27.085521     6.4921     6.6522     2.4925    89.2414 1.0000e-12  -74.22972 -112.09997  31.923018      99.77 1.9352e+03    398.763       9571  1027.7203  1027.7207     4.2336     0.5662     0.1389    33.9193    33.9199    8.37980         22 0.0000e+00
     90.000     89.050    -1.4171  27.086029    -1.4174  27.086118     6.5121     6.6689     2.8440    89.1380 1.0000e-12  -74.22972 -112.09997  31.923030      99.78 1.9367e+03    399.780       9596  1027.7251  1027.7255     4.2287     0.5085     0.1458    33.9195    33.9200    8.37976         28 0.0000e+00
     91.000     90.038    -1.4172  27.087334    -1.4176  27.087460     6.5344     6.6935     2.6845    89.0475 1.0000e-12  -74.22972 -112.09997  31.923045      99.76 1.9373e+03    401.080       9627  1027.7309  1027.7314     4.2245     0.5821     0.1406    33.9207    33.9214    8.37970         32 0.0000e+00
     92.000     91.027    -1.4181  27.088208    -1.4187  27.088177     6.5500     6.7084     2.6533    88.6651 1.0000e-12  -74.22972 -112.09998  31.923059      99.79 1.9369e+03    402.320       9657  1027.7370  1027.7375     4.2063     0.4720     0.1410    33.9224    33.9230    8.37981         28 0.0000e+00
     93.000     92.016    -1.4219  27.086670    -1.4224  27.086576     6.5488     6.7177     2.7034    88.7059 1.0000e-12  -74.22972 -112.09998  31.923071      99.78 1.9344e+03    403.373       9682  1027.7433  1027.7436     4.2082     0.5035     0.1380    33.9239    33.9244    8.38057         23 0.0000e+00
     94.000     93.007    -1.4245  27.085514    -1.4246  27.085644     6.5384     6.7125     2.8983    89.3702 1.0000e-12  -74.22972 -112.09998  31.923083      99.76 1.9340e+03    404.360       9706  1027.7487  1027.7490     4.2397     0.5757     0.1462    33.9246    33.9250    8.38110         25 0.0000e+00
     95.000     93.995    -1.4306  27.082610    -1.4305  27.082706     6.5162     6.6949     3.0566    88.9536 1.0000e-12  -74.22972 -112.09998  31.923096      99.77 1.9367e+03    405.470       9732  1027.7557  1027.7558     4.2200     0.5277     0.1454    33.9269    33.9270    8.38234         28 0.0000e+00
     96.000     94.984    -1.4359  27.079897    -1.4360  27.080051     6.5051     6.6759     3.0113    88.5506 1.0000e-12  -74.22972 -112.09998  31.923110      99.77 1.9398e+03    406.674       9761  1027.7621  1027.7624     4.2009     0.5300     0.1401    33.9286    33.9290    8.38344         28 0.0000e+00
     97.000     95.973    -1.4361  27.080224    -1.4364  27.080272     6.4835     6.6603     2.7658    88.7873 1.0000e-12  -74.22973 -112.09998  31.923123      98.84 1.9381e+03    407.814       9789  1027.7669  1027.7673     4.2121     0.5441     0.1421    33.9286    33.9291    8.38348         27 0.0000e+00
     98.000     96.963    -1.4375  27.080498    -1.4378  27.080379     6.4760     6.6462     2.8115    89.2319 1.0000e-12  -74.22974 -112.09998  31.923135      91.59 1.9367e+03    408.890       9814  1027.7728  1027.7729     4.2332     0.5413     0.1417    33.9300    33.9302    8.38371         26 0.0000e+00
     99.000     97.952    -1.4385  27.080576    -1.4390  27.080528     6.4582     6.6328     2.6789    88.6820 1.0000e-12  -74.22974 -112.09999  31.923148      99.73 1.9361e+03    409.994       9841  1027.7782  1027.7785     4.2071     0.5180     0.1455    33.9307    33.9311    8.38391         27 0.0000e+00
    100.000     98.941    -1.4421  27.079345    -1.4423  27.079315     6.4443     6.6218     2.6577    88.5032 1.0000e-12  -74.22974 -112.09998  31.923162      99.76 1.9359e+03    411.167       9869  1027.7845  1027.7847     4.1986     0.5964     0.1387    33.9324    33.9326    8.38461         29 0.0000e+00
    101.000     99.929    -1.4433  27.079133    -1.4450  27.078449     6.4342     6.6163     2.6977    88.6703 1.0000e-12  -74.22974 -112.10000  31.923175      99.78 1.9385e+03    412.310       9896  1027.7897  1027.7906     4.2066     0.5105     0.1475    33.9329    33.9339    8.38486         26 0.0000e+00
    102.000    100.918    -1.4459  27.078578    -1.4461  27.078544     6.4349     6.6084     2.6075    89.3805 1.0000e-12  -74.22974 -112.09998  31.923187      99.79 1.9400e+03    413.342       9921  1027.7958  1027.7960     4.2402     0.4368     0.1389    33.9344    33.9346    8.38534         23 0.0000e+00
    103.000    101.910    -1.4459  27.079092    -1.4463  27.079053     6.4368     6.6118     2.3773    89.1019 1.0000e-12  -74.22974 -112.10000  31.923198      99.79 1.9406e+03    414.293       9944  1027.8006  1027.8010     4.2271     0.4699     0.1383    33.9345    33.9349    8.38534         23 0.0000e+00
    104.000    102.895    -1.4461  27.079576    -1.4466  27.079450     6.4395     6.6132     2.2115    89.1299 1.0000e-12  -74.22974 -112.09998  31.923209      99.79 1.9391e+03    415.280       9968  1027.8057  1027.8060     4.2283     0.4967     0.1393    33.9348    33.9351    8.38538         25 0.0000e+00
    105.000    103.887    -1.4462  27.079897    -1.4466  27.079816     6.4374     6.6150     2.2526    89.0594 1.0000e-12  -74.22976 -112.10000  31.923223      99.80 1.9391e+03    416.425       9995  1027.8104  1027.8106     4.2250     0.4129     0.1399    33.9347    33.9350    8.38540         29 0.0000e+00
