ocean_section_plots/required_files/ctd/dnbp2202_ctd264.cnv
* Sea-Bird SBE 9 Data File:
* FileName = D:\Data\raw\NBP2202_CTD264.hex
* Software Version Seasave V 7.26.7.121
* Temperature SN = 1649
* Conductivity SN = 2513
* Number of Bytes Per Scan = 40
* Number of Voltage Words = 5
* Number of Scans Averaged by the Deck Unit = 1
* NMEA Latitude = 73 52.54 S
* NMEA Longitude = 118 44.62 W
* NMEA UTC (Time) = Feb 19 2022  17:30:13
* NMEA baud rate = 9600
** Ship: RVIB N.B. Palmer
** Cruise: NBP2202 Thwaites
** Station: 169
** Operator: A. Robinson
# nquan = 28
# nvalues = 541                         
# units = specified
# name 0 = prDM: Pressure, Digiquartz [db]
# name 1 = depSM: Depth [salt water, m]
# name 2 = t090C: Temperature [ITS-90, deg C]
# name 3 = c0mS/cm: Conductivity [mS/cm]
# name 4 = t190C: Temperature, 2 [ITS-90, deg C]
# name 5 = c1mS/cm: Conductivity, 2 [mS/cm]
# name 6 = sbeox0ML/L: Oxygen, SBE 43 [ml/l]
# name 7 = sbeox1ML/L: Oxygen, SBE 43, 2 [ml/l]
# name 8 = flECO-AFL: Fluorescence, WET Labs ECO-AFL/FL [mg/m^3]
# name 9 = CStarTr0: Beam Transmission, WET Labs C-Star [%]
# name 10 = par: PAR/Irradiance, Biospherical/Licor
# name 11 = latitude: Latitude [deg]
# name 12 = longitude: Longitude [deg]
# name 13 = timeJ: Julian Days
# name 14 = altM: Altimeter [m]
# name 15 = spar: SPAR, Biospherical/Licor
# name 16 = timeS: Time, Elapsed [seconds]
# name 17 = scan: Scan Count
# name 18 = density00: Density [density, kg/m^3]
# name 19 = density11: Density, 2 [density, kg/m^3]
# name 20 = v3: Voltage 3
# name 21 = v4: Voltage 4
# name 22 = v5: Voltage 5
# name 23 = sal00: Salinity, Practical [PSU]
# name 24 = sal11: Salinity, Practical, 2 [PSU]
# name 25 = oxsolML/L: Oxygen Saturation, Garcia & Gordon [ml/l]
# name 26 = nbin: number of scans per bin
# name 27 = flag: flag
# span 0 =      2.000,    542.000       
# span 1 =      1.977,    535.695       
# span 2 =    -1.6831,    -0.0551       
# span 3 =  27.000241,  28.627949       
# span 4 =    -1.6822,    -0.0534       
# span 5 =  27.001245,  28.628128       
# span 6 =     4.7614,     9.0762       
# span 7 =     5.2140,     9.3383       
# span 8 =    -0.0216,    11.0984       
# span 9 =    87.6040,    98.3275       
# span 10 = 1.0000e-12, 1.1285e+03      
# span 11 =  -73.87576,  -73.87574      
# span 12 = -118.74384, -118.74380      
# span 13 =  50.731149,  50.739129      
# span 14 =       3.62,     100.09      
# span 15 = 1.5756e+03, 1.6006e+03      
# span 16 =    158.248,    847.776      
# span 17 =       3799,      20348      
# span 18 =  1027.1246,  1030.1549      
# span 19 =  1027.1241,  1030.1534      
# span 20 =     4.1560,     4.6644      
# span 21 =     0.0646,     1.8005      
# span 22 =     0.1135,     0.2268      
# span 23 =    33.7578,    34.3442      
# span 24 =    33.7568,    34.3421      
# span 25 =    8.08435,    8.43374      
# span 26 =         10,         65      
# span 27 = 0.0000e+00, 0.0000e+00      
# interval = decibars: 1                
# start_time = Feb 19 2022 17:30:13 [NMEA time, header]
# bad_flag = -9.990e-29
*END*
[from data line 311]
    313.000    309.530    -1.4499  27.276093    -1.4432  27.280380     5.9604     6.1432     0.0101    98.2833 1.0000e-12  -73.87574 -118.74382  50.735684      99.37 1.5932e+03    550.070      13203  1028.9252  1028.9233     4.6624     0.0725     0.1135    34.0796    34.0778    8.37761         24 0.0000e+00
    314.000    310.519    -1.4316  27.292773    -1.4417  27.281456     5.9376     6.1146     0.0399    98.2951 1.0000e-12  -73.87574 -118.74382  50.735695      99.94 1.5926e+03    551.087      13227  1028.9299  1028.9274     4.6629     0.0702     0.1159    34.0810    34.0770    8.37339         25 0.0000e+00
    315.000    311.507    -1.4096  27.311762    -1.4190  27.303966     5.8924     6.0960     0.0398    98.2848 1.0000e-12  -73.87574 -118.74382  50.735707      99.94 1.5921e+03    552.116      13252  1028.9336  1028.9341     4.6625     0.0711     0.1162    34.0815    34.0815    8.36843         25 0.0000e+00
    316.000    312.494    -1.3899  27.329820    -1.3959  27.323220     5.8856     6.0841     0.0077    98.3184 1.0000e-12  -73.87574 -118.74382  50.735719      99.94 1.5940e+03    553.138      13276  1028.9386  1028.9371     4.6640     0.0726     0.1166    34.0833    34.0811    8.36390         24 0.0000e+00
    317.000    313.485    -1.3881  27.332000    -1.3902  27.329370     5.8840     6.0895    -0.0061    98.3275 1.0000e-12  -73.87574 -118.74382  50.735731      99.94 1.5935e+03    554.122      13300  1028.9436  1028.9426     4.6644     0.0711     0.1162    34.0837    34.0824    8.36348         23 0.0000e+00
    318.000    314.471    -1.3896  27.330593    -1.3872  27.331986     5.8894     6.0947     0.0086    98.3218 1.0000e-12  -73.87574 -118.74382  50.735742      99.93 1.5914e+03    555.089      13323  1028.9480  1028.9471     4.6642     0.0704     0.1168    34.0828    34.0820    8.36386         23 0.0000e+00
    319.000    315.459    -1.3900  27.331144    -1.3900  27.330260     5.8772     6.0856     0.0672    98.3218 1.0000e-12  -73.87574 -118.74382  50.735753      99.94 1.5939e+03    556.097      13347  1028.9533  1028.9523     4.6642     0.0704     0.1145    34.0833    34.0822    8.36391         25 0.0000e+00
    320.000    316.450    -1.3935  27.328339    -1.3930  27.328041     5.9035     6.0846     0.0321    98.3218 1.0000e-12  -73.87574 -118.74382  50.735766      99.93 1.5954e+03    557.177      13373  1028.9580  1028.9572     4.6642     0.0732     0.1160    34.0829    34.0819    8.36472         27 0.0000e+00
    321.000    317.435    -1.3841  27.337587    -1.3837  27.337034     5.8858     6.0795    -0.0085    98.3126 1.0000e-12  -73.87574 -118.74382  50.735779      99.94 1.5936e+03    558.270      13399  1028.9634  1028.9623     4.6638     0.0735     0.1161    34.0843    34.0831    8.36254         25 0.0000e+00
    322.000    318.425    -1.3865  27.335361    -1.3824  27.338247     5.8943     6.0691     0.0565    98.2884 1.0000e-12  -73.87574 -118.74382  50.735791      99.94 1.5948e+03    559.312      13424  1028.9676  1028.9667     4.6627     0.0710     0.1161    34.0833    34.0826    8.36313         25 0.0000e+00
    323.000    319.411    -1.3840  27.337808    -1.3816  27.339116     5.8938     6.0706     0.0622    98.3114 1.0000e-12  -73.87574 -118.74382  50.735802      99.93 1.5934e+03    560.275      13448  1028.9723  1028.9714     4.6637     0.0695     0.1161    34.0833    34.0824    8.36259         22 0.0000e+00
    324.000    320.400    -1.3811  27.341438    -1.3799  27.341245     5.8657     6.0702     0.0073    98.3254 1.0000e-12  -73.87574 -118.74382  50.735812      99.93 1.5930e+03    561.192      13470  1028.9777  1028.9763     4.6644     0.0995     0.1155    34.0843    34.0826    8.36186         22 0.0000e+00
    325.000    321.390    -1.3770  27.345045    -1.3765  27.344719     5.8879     6.0697     0.0072    98.3250 1.0000e-12  -73.87574 -118.74382  50.735823      92.02 1.5964e+03    562.141      13492  1028.9821  1028.9813     4.6644     0.0715     0.1171    34.0840    34.0830    8.36097         24 0.0000e+00
    326.000    322.376    -1.3741  27.348334    -1.3722  27.349201     5.8617     6.0637     0.0056    98.2988 1.0000e-12  -73.87576 -118.74382  50.735836      99.92 1.5967e+03    563.247      13519  1028.9872  1028.9863     4.6631     0.0703     0.1161    34.0846    34.0837    8.36028         29 0.0000e+00
    327.000    323.364    -1.3730  27.349864    -1.3725  27.349351     5.8563     6.0442    -0.0025    98.3201 1.0000e-12  -73.87574 -118.74382  50.735850      99.93 1.5939e+03    564.444      13548  1028.9921  1028.9911     4.6641     0.0711     0.1155    34.0848    34.0835    8.36001         28 0.0000e+00
    328.000    324.354    -1.3585  27.363166    -1.3600  27.361235     5.8401     6.0232    -0.0047    98.1626 1.0000e-12  -73.87574 -118.74381  50.735863      99.94 1.5947e+03    565.524      13574  1028.9970  1028.9963     4.6567     0.0722     0.1153    34.0860    34.0850    8.35671         24 0.0000e+00
    329.000    325.339    -1.3455  27.375841    -1.3418  27.377989     5.8306     6.0460     0.0072    98.2750 1.0000e-12  -73.87574 -118.74380  50.735873      99.94 1.5936e+03    566.456      13596  1029.0025  1029.0013     4.6620     0.0693     0.1175    34.0880    34.0867    8.35367         21 0.0000e+00
    330.000    326.328    -1.3434  27.377923    -1.3420  27.378257     5.8376     6.0342    -0.0071    98.3211 1.0000e-12  -73.87574 -118.74382  50.735883      99.93 1.5931e+03    567.321      13617  1029.0072  1029.0062     4.6642     0.0696     0.1176    34.0879    34.0867    8.35322         21 0.0000e+00
    331.000    327.318    -1.3388  27.383353    -1.3401  27.380785     5.7723     5.9703    -0.0024    98.2825 1.0000e-12  -73.87574 -118.74380  50.735894      99.93 1.5948e+03    568.227      13638  1029.0131  1029.0115     4.6624     0.0713     0.1163    34.0894    34.0874    8.35208         23 0.0000e+00
    332.000    328.306    -1.2997  27.419895    -1.2989  27.417454     5.6724     5.8955     0.0051    98.2933 1.0000e-12  -73.87576 -118.74382  50.735907      99.94 1.5964e+03    569.326      13665  1029.0193  1029.0158     4.6629     0.0716     0.1161    34.0945    34.0902    8.34305         29 0.0000e+00
    333.000    329.293    -1.1693  27.539570    -1.1636  27.540609     5.6297     5.8508    -0.0048    98.3112 1.0000e-12  -73.87575 -118.74381  50.735921      99.94 1.5956e+03    570.548      13694  1029.0274  1029.0229     4.6637     0.0763     0.1163    34.1096    34.1046    8.31312         28 0.0000e+00
    334.000    330.281    -1.1492  27.558299    -1.1479  27.558296     5.6292     5.8381     0.0240    98.2875 1.0000e-12  -73.87575 -118.74381  50.735933      99.93 1.5951e+03    571.641      13720  1029.0333  1029.0320     4.6626     0.0701     0.1156    34.1118    34.1103    8.30853         25 0.0000e+00
    335.000    331.269    -1.1437  27.564771    -1.1425  27.564514     5.6494     5.8345     0.0020    98.3031 1.0000e-12  -73.87575 -118.74381  50.735944      99.94 1.5947e+03    572.602      13743  1029.0399  1029.0384     4.6633     0.0699     0.1186    34.1137    34.1120    8.30719         22 0.0000e+00
    336.000    332.257    -1.1424  27.566061    -1.1408  27.566473     5.6567     5.8302    -0.0118    98.3047 1.0000e-12  -73.87576 -118.74382  50.735955      99.93 1.5942e+03    573.493      13765  1029.0448  1029.0437     4.6634     0.0709     0.1185    34.1134    34.1122    8.30692         21 0.0000e+00
    337.000    333.246    -1.1420  27.566987    -1.1415  27.566192     5.6632     5.8251    -0.0104    98.2470 1.0000e-12  -73.87576 -118.74382  50.735965      77.62 1.5956e+03    574.376      13786  1029.0502  1029.0488     4.6607     0.0729     0.1187    34.1137    34.1120    8.30683         22 0.0000e+00
    338.000    334.233    -1.1411  27.568020    -1.1401  27.567766     5.6313     5.8294    -0.0025    98.1841 1.0000e-12  -73.87576 -118.74382  50.735977      95.95 1.5966e+03    575.381      13810  1029.0551  1029.0538     4.6577     0.0708     0.1168    34.1134    34.1118    8.30663         26 0.0000e+00
    339.000    335.222    -1.1409  27.568363    -1.1394  27.568402     5.6442     5.8282    -0.0104    98.2456 1.0000e-12  -73.87576 -118.74382  50.735990      99.94 1.5955e+03    576.565      13839  1029.0600  1029.0587     4.6606     0.0706     0.1174    34.1130    34.1114    8.30660         30 0.0000e+00
    340.000    336.210    -1.1402  27.569252    -1.1388  27.569187     5.6698     5.8309    -0.0122    98.2890 1.0000e-12  -73.87576 -118.74382  50.736004      99.94 1.5923e+03    577.726      13866  1029.0649  1029.0636     4.6626     0.0708     0.1196    34.1128    34.1111    8.30646         26 0.0000e+00
    341.000    337.198    -1.1398  27.569818    -1.1385  27.569861     5.6367     5.8386    -0.0099    98.2671 1.0000e-12  -73.87576 -118.74382  50.736016      99.93 1.5931e+03    578.745      13891  1029.0698  1029.0687     4.6617     0.0698     0.1189    34.1125    34.1111    8.30639         23 0.0000e+00
    342.000    338.186    -1.1398  27.570300    -1.1385  27.570225     5.6364     5.8304    -0.0143    98.2740 1.0000e-12  -73.87576 -118.74382  50.736026      99.94 1.5932e+03    579.669      13913  1029.0748  1029.0735     4.6620     0.0723     0.1179    34.1125    34.1110    8.30639         21 0.0000e+00
    343.000    339.174    -1.1401  27.570195    -1.1388  27.570151     5.6558     5.8232    -0.0074    98.2785 1.0000e-12  -73.87576 -118.74382  50.736037      99.93 1.5928e+03    580.557      13934  1029.0795  1029.0782     4.6621     0.0696     0.1196    34.1122    34.1106    8.30649         22 0.0000e+00
    344.000    340.161    -1.1408  27.569782    -1.1395  27.569849     5.6270     5.8341    -0.0140    98.2836 1.0000e-12  -73.87576 -118.74382  50.736048      99.94 1.5971e+03    581.524      13958  1029.0842  1029.0830     4.6624     0.0699     0.1168    34.1117    34.1104    8.30666         25 0.0000e+00
    345.000    341.150    -1.1396  27.571506    -1.1382  27.571569     5.6870     5.8321    -0.0087    98.2722 1.0000e-12  -73.87576 -118.74382  50.736061      99.94 1.5963e+03    582.646      13984  1029.0893  1029.0880     4.6619     0.0693     0.1166    34.1121    34.1106    8.30637         28 0.0000e+00
    346.000    342.137    -1.1388  27.572657    -1.1374  27.572703     5.6490     5.8273    -0.0077    98.2713 1.0000e-12  -73.87576 -118.74382  50.736074      99.94 1.5921e+03    583.787      14012  1029.0943  1029.0930     4.6618     0.0711     0.1180    34.1122    34.1106    8.30619         26 0.0000e+00
    347.000    343.127    -1.1391  27.572768    -1.1379  27.572850     5.6371     5.8248    -0.0141    98.2746 1.0000e-12  -73.87576 -118.74382  50.736086      99.94 1.5935e+03    584.810      14036  1029.0991  1029.0980     4.6620     0.0699     0.1198    34.1121    34.1108    8.30627         24 0.0000e+00
    348.000    344.113    -1.1393  27.573021    -1.1380  27.573075     5.6437     5.8250     0.0036    98.2540 1.0000e-12  -73.87576 -118.74382  50.736097      99.93 1.5957e+03    585.769      14059  1029.1039  1029.1027     4.6610     0.0708     0.1172    34.1120    34.1106    8.30631         22 0.0000e+00
    349.000    345.102    -1.1397  27.573121    -1.1382  27.573225     5.6432     5.8267    -0.0011    98.2626 1.0000e-12  -73.87576 -118.74382  50.736108      99.93 1.5933e+03    586.721      14082  1029.1088  1029.1075     4.6615     0.0704     0.1170    34.1120    34.1104    8.30640         23 0.0000e+00
    350.000    346.089    -1.1396  27.573662    -1.1382  27.573766     5.7034     5.8302    -0.0114    98.2610 1.0000e-12  -73.87576 -118.74382  50.736119      85.06 1.5973e+03    587.725      14106  1029.1136  1029.1124     4.6614     0.0684     0.1169    34.1120    34.1105    8.30638         25 0.0000e+00
    351.000    347.079    -1.1395  27.574076    -1.1382  27.574146     5.6489     5.8321    -0.0150    98.2860 1.0000e-12  -73.87576 -118.74382  50.736131      96.46 1.5976e+03    588.758      14131  1029.1183  1029.1171     4.6625     0.0715     0.1190    34.1118    34.1104    8.30636         25 0.0000e+00
    352.000    348.065    -1.1395  27.574442    -1.1381  27.574595     5.6362     5.8251    -0.0121    98.2868 1.0000e-12  -73.87576 -118.74382  50.736143      99.94 1.5932e+03    589.795      14156  1029.1231  1029.1219     4.6626     0.0702     0.1188    34.1117    34.1103    8.30637         25 0.0000e+00
    353.000    349.054    -1.1378  27.576661    -1.1364  27.576784     5.6441     5.8262    -0.0100    98.2765 1.0000e-12  -73.87576 -118.74382  50.736155      99.94 1.5959e+03    590.835      14181  1029.1282  1029.1270     4.6621     0.0700     0.1181    34.1122    34.1108    8.30597         25 0.0000e+00
    354.000    350.042    -1.1356  27.579356    -1.1343  27.579520     5.6438     5.8275    -0.0132    98.2659 1.0000e-12  -73.87576 -118.74382  50.736167      99.94 1.5954e+03    591.867      14206  1029.1333  1029.1323     4.6616     0.0697     0.1180    34.1128    34.1115    8.30544         24 0.0000e+00
    355.000    351.030    -1.1345  27.580956    -1.1335  27.580736     5.6393     5.8297    -0.0092    98.2778 1.0000e-12  -73.87576 -118.74382  50.736179      99.94 1.5965e+03    592.855      14230  1029.1383  1029.1371     4.6622     0.0695     0.1184    34.1131    34.1117    8.30518         24 0.0000e+00
    356.000    352.017    -1.1341  27.581881    -1.1327  27.581963     5.6570     5.8264    -0.0150    98.2832 1.0000e-12  -73.87576 -118.74382  50.736190      99.93 1.5983e+03    593.847      14253  1029.1432  1029.1420     4.6624     0.0705     0.1203    34.1133    34.1118    8.30508         24 0.0000e+00
    357.000    353.007    -1.1329  27.583316    -1.1316  27.583439     5.5681     5.8238    -0.0144    98.2832 1.0000e-12  -73.87576 -118.74382  50.736203      99.94 1.5959e+03    594.900      14279  1029.1480  1029.1468     4.6624     0.0726     0.1192    34.1133    34.1119    8.30482         26 0.0000e+00
    358.000    353.993    -1.1328  27.583832    -1.1314  27.584136     5.6710     5.8168    -0.0076    98.2858 1.0000e-12  -73.87576 -118.74382  50.736215      99.93 1.5931e+03    595.973      14304  1029.1528  1029.1517     4.6625     0.0705     0.1180    34.1133    34.1121    8.30480         25 0.0000e+00
    359.000    354.980    -1.1328  27.584394    -1.1316  27.584420     5.8487     5.8243    -0.0150    98.2757 1.0000e-12  -73.87576 -118.74382  50.736227      99.93 1.5965e+03    596.983      14329  1029.1577  1029.1565     4.6621     0.0699     0.1179    34.1135    34.1121    8.30479         24 0.0000e+00
    360.000    355.971    -1.1315  27.586159    -1.1299  27.586481     5.6822     5.8218    -0.0216    98.2796 1.0000e-12  -73.87576 -118.74382  50.736237      99.94 1.5981e+03    597.922      14351  1029.1626  1029.1615     4.6622     0.0691     0.1175    34.1137    34.1124    8.30447         22 0.0000e+00
    361.000    356.957    -1.1295  27.588407    -1.1268  27.589862     5.3964     5.8120    -0.0122    98.2797 1.0000e-12  -73.87576 -118.74383  50.736248      99.93 1.5973e+03    598.842      14373  1029.1675  1029.1664     4.6623     0.0695     0.1190    34.1140    34.1129    8.30403         22 0.0000e+00
    362.000    357.946    -1.1266  27.591663    -1.1256  27.591376     5.6743     5.8073    -0.0078    98.2744 1.0000e-12  -73.87576 -118.74383  50.736260      99.94 1.5977e+03    599.836      14397  1029.1724  1029.1712     4.6620     0.0700     0.1176    34.1145    34.1129    8.30335         26 0.0000e+00
    363.000    358.932    -1.1177  27.600546    -1.1157  27.601017     5.6292     5.8171    -0.0077    98.2712 1.0000e-12  -73.87576 -118.74382  50.736273      94.00 1.5969e+03    600.991      14425  1029.1778  1029.1763     4.6619     0.0694     0.1180    34.1159    34.1142    8.30129         28 0.0000e+00
