ocean_section_plots/required_files/ctd/dnbp2202_ctd183.cnv
* Sea-Bird SBE 9 Data File:
* FileName = D:\Data\raw\NBP2202_CTD183.hex
* Software Version Seasave V 7.26.7.121
* Temperature SN = 1649
* Conductivity SN = 2513
* Number of Bytes Per Scan = 40
* Number of Voltage Words = 5
* Number of Scans Averaged by the Deck Unit = 1
* NMEA Latitude = 74 00.89 S
* NMEA Longitude = 113 28.38 W
* NMEA UTC (Time) = Feb 04 2022  13:39:16
* NMEA baud rate = 9600
** Ship: RVIB N.B. Palmer
** Cruise: NBP2202 Thwaites
** Station: 105
** Operator: B Bjork
# nquan = 28
# nvalues = 170                         
# units = specified
# name 0 = prDM: Pressure, Digiquartz [db]
# name 1 = depSM: Depth [salt water, m]
# name 2 = t090C: Temperature [ITS-90, deg C]
# name 3 = c0mS/cm: Conductivity [mS/cm]
# name 4 = t190C: Temperature, 2 [ITS-90, deg C]
# name 5 = c1mS/cm: Conductivity, 2 [mS/cm]
# name 6 = sbeox0ML/L: Oxygen, SBE 43 [ml/l]
# name 7 = sbeox1ML/L: Oxygen, SBE 43, 2 [ml/l]
# name 8 = flECO-AFL: Fluorescence, WET Labs ECO-AFL/FL [mg/m^3]
# name 9 = CStarTr0: Beam Transmission, WET Labs C-Star [%]
# name 10 = par: PAR/Irradiance, Biospherical/Licor
# name 11 = latitude: Latitude [deg]
# name 12 = longitude: Longitude [deg]
# name 13 = timeJ: Julian Days
# name 14 = altM: Altimeter [m]
# name 15 = spar: SPAR, Biospherical/Licor
# name 16 = timeS: Time, Elapsed [seconds]
# name 17 = scan: Scan Count
# name 18 = density00: Density [density, kg/m^3]
# name 19 = density11: Density, 2 [density, kg/m^3]
# name 20 = v3: Voltage 3
# name 21 = v4: Voltage 4
# name 22 = v5: Voltage 5
# name 23 = sal00: Salinity, Practical [PSU]
# name 24 = sal11: Salinity, Practical, 2 [PSU]
# name 25 = oxsolML/L: Oxygen Saturation, Garcia & Gordon [ml/l]
# name 26 = nbin: number of scans per bin
# name 27 = flag: flag
# span 0 =      3.000,    172.000       
# span 1 =      2.972,    170.145       
# span 2 =    -1.3934,    -0.9967       
# span 3 =  27.070064,  27.447394       
# span 4 =    -1.3926,    -0.9956       
# span 5 =  27.069455,  27.447037       
# span 6 =     5.3939,     8.4075       
# span 7 =     5.5098,     8.6226       
# span 8 =     0.1613,    23.3137       
# span 9 =    75.2409,    98.2070       
# span 10 = -1.117e-04, 5.3427e+01      
# span 11 =  -74.01490,  -74.01490      
# span 12 = -113.47303, -113.47299      
# span 13 =  35.572132,  35.576822      
# span 14 =       3.84,     100.08      
# span 15 = 1.4028e+03, 1.4235e+03      
# span 16 =    276.169,    681.451      
# span 17 =       6629,      16356      
# span 18 =  1027.2106,  1028.1714      
# span 19 =  1027.2108,  1028.1706      
# span 20 =     3.5702,     4.6588      
# span 21 =     0.0914,     3.4556      
# span 22 =     0.1255,     0.2487      
# span 23 =    33.8176,    34.0003      
# span 24 =    33.8174,    33.9991      
# span 25 =    8.29156,    8.37678      
# span 26 =          7,         48      
# span 27 = 0.0000e+00, 0.0000e+00      
# interval = decibars: 1                
# start_time = Feb 04 2022 13:39:16 [NMEA time, header]
# bad_flag = -9.990e-29
*END*
[from data line 104]
    107.000    105.866    -1.2567  27.241578    -1.2570  27.240844     5.6228     5.7462     1.2683    95.9758 1.0000e-12  -74.01490 -113.47300  35.574281      70.03 1.4202e+03    461.911      11087  1027.8168  1027.8162     4.5530     0.3729     0.1331    33.9407    33.9400    8.34254         28 0.0000e+00
    108.000    106.855    -1.2629  27.237641    -1.2627  27.237231     5.6250     5.7490     0.8682    96.3085 1.0000e-12  -74.01490 -113.47300  35.574295      69.01 1.4202e+03    463.094      11115  1027.8229  1027.8223     4.5687     0.2239     0.1293    33.9417    33.9409    8.34387         28 0.0000e+00
    109.000    107.845    -1.2630  27.238313    -1.2622  27.238398     5.6210     5.7426     1.1166    96.0675 1.0000e-12  -74.01490 -113.47300  35.574309      67.99 1.4221e+03    464.278      11144  1027.8282  1027.8275     4.5573     0.2319     0.1311    33.9421    33.9413    8.34386         29 0.0000e+00
    110.000    108.833    -1.2633  27.238566    -1.2624  27.238673     5.6279     5.7454     1.1654    96.3777 1.0000e-12  -74.01490 -113.47300  35.574322      67.03 1.4192e+03    465.435      11171  1027.8332  1027.8324     4.5721     0.2481     0.1323    33.9421    33.9413    8.34392         27 0.0000e+00
    111.000    109.822    -1.2630  27.239272    -1.2622  27.239222     5.6240     5.7468     0.6558    96.7014 1.0000e-12  -74.01490 -113.47300  35.574335      65.89 1.4197e+03    466.569      11199  1027.8381  1027.8372     4.5874     0.2227     0.1296    33.9422    33.9412    8.34387         26 0.0000e+00
    112.000    110.812    -1.2631  27.239452    -1.2624  27.239497     5.6325     5.7471     0.7695    96.7234 1.0000e-12  -74.01490 -113.47300  35.574348      64.94 1.4189e+03    467.647      11225  1027.8427  1027.8421     4.5884     0.2340     0.1272    33.9419    33.9412    8.34390         26 0.0000e+00
    113.000    111.801    -1.2628  27.240228    -1.2620  27.240218     5.6364     5.7447     0.9100    96.9225 1.0000e-12  -74.01490 -113.47300  35.574360      63.82 1.4182e+03    468.728      11250  1027.8476  1027.8469     4.5979     0.2624     0.1302    33.9420    33.9412    8.34383         27 0.0000e+00
    114.000    112.789    -1.2636  27.239923    -1.2627  27.239953     5.6464     5.7585     0.7356    96.8703 1.0000e-12  -74.01490 -113.47300  35.574374      62.87 1.4186e+03    469.903      11279  1027.8524  1027.8516     4.5954     0.2054     0.1294    33.9418    33.9409    8.34401         28 0.0000e+00
    115.000    113.779    -1.2659  27.238099    -1.2635  27.239766     5.6715     5.7853     1.0067    96.4648 1.0000e-12  -74.01490 -113.47300  35.574387      61.85 1.4193e+03    471.074      11307  1027.8569  1027.8565     4.5761     0.1786     0.1294    33.9413    33.9409    8.34455         28 0.0000e+00
    116.000    114.768    -1.2775  27.228719    -1.2779  27.227946     5.6872     5.7994     0.8714    97.0202 1.0000e-12  -74.01490 -113.47300  35.574400      60.89 1.4174e+03    472.197      11334  1027.8623  1027.8619     4.6025     0.1429     0.1307    33.9411    33.9405    8.34718         27 0.0000e+00
    117.000    115.757    -1.2786  27.228157    -1.2820  27.224784     5.6894     5.8013     0.5970    97.0790 1.0000e-12  -74.01490 -113.47300  35.574414      59.78 1.4177e+03    473.365      11362  1027.8671  1027.8666     4.6053     0.2037     0.1295    33.9409    33.9401    8.34743         28 0.0000e+00
    118.000    116.747    -1.2841  27.224790    -1.2824  27.225665     5.6853     5.8016     0.9628    97.1032 1.0000e-12  -74.01490 -113.47300  35.574427      58.81 1.4194e+03    474.504      11389  1027.8729  1027.8722     4.6064     0.2707     0.1286    33.9418    33.9411    8.34859         26 0.0000e+00
    119.000    117.735    -1.2827  27.226604    -1.2818  27.226795     5.6772     5.7922     0.8766    97.1911 1.0000e-12  -74.01490 -113.47300  35.574440      57.79 1.4182e+03    475.576      11415  1027.8778  1027.8771     4.6106     0.1782     0.1305    33.9421    33.9414    8.34827         27 0.0000e+00
    120.000    118.726    -1.2819  27.228113    -1.2801  27.228786     5.6613     5.7738     1.1452    96.7974 1.0000e-12  -74.01490 -113.47300  35.574453      56.67 1.4181e+03    476.723      11442  1027.8830  1027.8819     4.5919     0.1917     0.1287    33.9427    33.9416    8.34806         28 0.0000e+00
    121.000    119.713    -1.2732  27.236868    -1.2721  27.237006     5.6644     5.7698     1.0873    97.3208 1.0000e-12  -74.01490 -113.47300  35.574467      55.64 1.4196e+03    477.945      11472  1027.8884  1027.8875     4.6168     0.1596     0.1265    33.9442    33.9431    8.34602         29 0.0000e+00
    122.000    120.702    -1.2720  27.238615    -1.2710  27.238622     5.6613     5.7694     0.7758    97.5353 1.0000e-12  -74.01490 -113.47300  35.574480      54.70 1.4208e+03    479.090      11499  1027.8935  1027.8926     4.6269     0.2702     0.1332    33.9446    33.9435    8.34572         27 0.0000e+00
    123.000    121.693    -1.2720  27.239010    -1.2711  27.239097     5.6560     5.7713     0.8785    97.3777 1.0000e-12  -74.01490 -113.47300  35.574493      53.64 1.4180e+03    480.227      11526  1027.8983  1027.8975     4.6195     0.2857     0.1286    33.9446    33.9437    8.34574         28 0.0000e+00
    124.000    122.681    -1.2729  27.238686    -1.2721  27.238667     5.6481     5.7719     0.9823    97.2106 1.0000e-12  -74.01490 -113.47300  35.574507      52.64 1.4192e+03    481.398      11555  1027.9031  1027.9023     4.6115     0.2066     0.1274    33.9445    33.9436    8.34594         28 0.0000e+00
    125.000    123.670    -1.2704  27.241960    -1.2697  27.241616     5.6478     5.7692     1.0683    97.3316 1.0000e-12  -74.01490 -113.47300  35.574520      51.65 1.4198e+03    482.530      11582  1027.9086  1027.9076     4.6173     0.2070     0.1326    33.9455    33.9443    8.34532         27 0.0000e+00
    126.000    124.658    -1.2681  27.244791    -1.2676  27.244503     5.6329     5.7614     0.9766    97.2408 1.0000e-12  -74.01490 -113.47300  35.574533      50.55 1.4193e+03    483.660      11609  1027.9138  1027.9129     4.6129     0.1865     0.1292    33.9462    33.9452    8.34477         27 0.0000e+00
    127.000    125.649    -1.2643  27.249763    -1.2616  27.251378     5.6247     5.7488     1.3839    97.3084 1.0000e-12  -74.01490 -113.47300  35.574547      49.50 1.4198e+03    484.828      11637  1027.9199  1027.9190     4.6161     0.2074     0.1286    33.9480    33.9472    8.34380         28 0.0000e+00
    128.000    126.637    -1.2541  27.261332    -1.2527  27.261850     5.6221     5.7421     0.8663    97.1612 1.0000e-12  -74.01490 -113.47300  35.574560      48.53 1.4204e+03    485.950      11664  1027.9270  1027.9262     4.6092     0.1586     0.1255    33.9517    33.9508    8.34131         27 0.0000e+00
    129.000    127.626    -1.2517  27.264411    -1.2508  27.264284     5.6146     5.7354     0.7994    96.6269 1.0000e-12  -74.01490 -113.47302  35.574573      47.45 1.4181e+03    487.087      11691  1027.9325  1027.9315     4.5838     0.2583     0.1269    33.9526    33.9515    8.34072         28 0.0000e+00
    130.000    128.615    -1.2496  27.267478    -1.2479  27.268206     5.6130     5.7333     1.1161    96.2314 1.0000e-12  -74.01490 -113.47300  35.574587      46.37 1.4195e+03    488.277      11720  1027.9382  1027.9373     4.5651     0.1784     0.1270    33.9538    33.9528    8.34018         28 0.0000e+00
    131.000    129.604    -1.2475  27.270449    -1.2466  27.270318     5.6148     5.7324     0.7994    97.0991 1.0000e-12  -74.01490 -113.47302  35.574599      45.47 1.4187e+03    489.382      11746  1027.9438  1027.9428     4.6063     0.1500     0.1272    33.9549    33.9537    8.33965         26 0.0000e+00
    132.000    130.593    -1.2471  27.271195    -1.2464  27.270901     5.6051     5.7216     0.8445    96.9895 1.0000e-12  -74.01490 -113.47302  35.574612      44.46 1.4173e+03    490.464      11772  1027.9486  1027.9476     4.6010     0.1659     0.1265    33.9549    33.9536    8.33956         26 0.0000e+00
    133.000    131.582    -1.2456  27.273384    -1.2454  27.272517     5.6035     5.7271     0.9003    97.2222 1.0000e-12  -74.01490 -113.47302  35.574626      43.41 1.4183e+03    491.663      11801  1027.9539  1027.9527     4.6121     0.2080     0.1293    33.9556    33.9541    8.33919         31 0.0000e+00
    134.000    132.573    -1.2437  27.276055    -1.2428  27.275840     5.5948     5.7176     1.0128    97.3217 1.0000e-12  -74.01490 -113.47302  35.574640      42.37 1.4187e+03    492.867      11830  1027.9593  1027.9583     4.6168     0.1648     0.1280    33.9564    33.9551    8.33871         27 0.0000e+00
    135.000    133.558    -1.2411  27.279450    -1.2401  27.279509     5.5568     5.6834     0.8045    97.4014 1.0000e-12  -74.01490 -113.47302  35.574652      41.31 1.4178e+03    493.963      11856  1027.9649  1027.9640     4.6205     0.2367     0.1283    33.9575    33.9565    8.33807         25 0.0000e+00
    136.000    134.550    -1.2236  27.299453    -1.2206  27.300579     5.5191     5.6469     0.8175    97.2089 1.0000e-12  -74.01490 -113.47302  35.574665      40.37 1.4181e+03    495.064      11883  1027.9743  1027.9726     4.6116     0.3422     0.1294    33.9645    33.9626    8.33376         28 0.0000e+00
    137.000    135.538    -1.1937  27.330955    -1.1914  27.331528     5.4802     5.6104     0.7013    97.1051 1.0000e-12  -74.01490 -113.47302  35.574678      39.21 1.4194e+03    496.220      11910  1027.9842  1027.9826     4.6066     0.1710     0.1278    33.9731    33.9713    8.32658         28 0.0000e+00
    138.000    136.528    -1.1758  27.349397    -1.1735  27.349806     5.4630     5.5877     0.6087    97.3689 1.0000e-12  -74.01490 -113.47302  35.574692      38.21 1.4184e+03    497.379      11938  1027.9915  1027.9899     4.6190     0.2236     0.1319    33.9774    33.9754    8.32234         28 0.0000e+00
    139.000    137.516    -1.1620  27.362757    -1.1610  27.362313     5.4562     5.5799     0.5022    97.2649 1.0000e-12  -74.01490 -113.47301  35.574707      37.09 1.4181e+03    498.681      11969  1027.9974  1027.9960     4.6141     0.1495     0.1280    33.9794    33.9778    8.31915         33 0.0000e+00
    140.000    138.505    -1.1608  27.364043    -1.1594  27.364260     5.4547     5.5775     0.4040    97.4520 1.0000e-12  -74.01490 -113.47302  35.574722      36.16 1.4192e+03    499.989      12001  1028.0022  1028.0011     4.6230     0.1497     0.1317    33.9792    33.9780    8.31890         30 0.0000e+00
    141.000    139.494    -1.1603  27.364794    -1.1592  27.364843     5.4559     5.5742     0.4926    97.5067 1.0000e-12  -74.01490 -113.47302  35.574737      35.05 1.4184e+03    501.266      12031  1028.0072  1028.0061     4.6255     0.1433     0.1273    33.9791    33.9779    8.31881         30 0.0000e+00
    142.000    140.483    -1.1578  27.367515    -1.1562  27.367862     5.4529     5.5668     0.5323    97.3941 1.0000e-12  -74.01490 -113.47301  35.574754      33.91 1.4171e+03    502.718      12066  1028.0122  1028.0111     4.6202     0.1881     0.1292    33.9793    33.9781    8.31822         37 0.0000e+00
    143.000    141.471    -1.1567  27.368816    -1.1549  27.369419     5.4423     5.5649     0.4127    97.5559 1.0000e-12  -74.01490 -113.47300  35.574771      32.91 1.4194e+03    504.215      12102  1028.0172  1028.0161     4.6279     0.1565     0.1270    33.9793    33.9781    8.31800         35 0.0000e+00
    144.000    142.461    -1.1503  27.375819    -1.1487  27.375877     5.4280     5.5477     0.4095    97.4435 1.0000e-12  -74.01490 -113.47300  35.574788      31.88 1.4189e+03    505.722      12138  1028.0230  1028.0216     4.6226     0.1052     0.1282    33.9809    33.9792    8.31646         38 0.0000e+00
    145.000    143.450    -1.1358  27.390655    -1.1355  27.389592     5.4244     5.5351     0.6087    97.3866 1.0000e-12  -74.01490 -113.47300  35.574807      30.85 1.4173e+03    507.355      12178  1028.0297  1028.0283     4.6199     0.1908     0.1291    33.9842    33.9825    8.31305         38 0.0000e+00
    146.000    144.439    -1.1322  27.394657    -1.1316  27.393998     5.4173     5.5332     0.5356    97.6071 1.0000e-12  -74.01490 -113.47300  35.574828      29.76 1.4177e+03    509.156      12221  1028.0351  1028.0339     4.6303     0.1451     0.1311    33.9850    33.9834    8.31221         38 0.0000e+00
    147.000    145.428    -1.1299  27.397389    -1.1289  27.397084     5.4131     5.5366     0.5121    97.7197 1.0000e-12  -74.01490 -113.47300  35.574850      28.70 1.4204e+03    510.999      12265  1028.0404  1028.0392     4.6356     0.1194     0.1323    33.9855    33.9840    8.31167         37 0.0000e+00
    148.000    146.417    -1.1292  27.398215    -1.1316  27.394566     5.4200     5.5353     0.3455    97.8971 1.0000e-12  -74.01490 -113.47300  35.574872      27.65 1.4177e+03    512.897      12311  1028.0452  1028.0435     4.6440     0.1140     0.1264    33.9853    33.9830    8.31154         40 0.0000e+00
    149.000    147.407    -1.1342  27.393825    -1.1307  27.396009     5.4186     5.5288     0.3259    97.4300 1.0000e-12  -74.01490 -113.47300  35.574893      26.62 1.4194e+03    514.769      12355  1028.0496  1028.0486     4.6221     0.1068     0.1280    33.9842    33.9833    8.31270         40 0.0000e+00
    150.000    148.395    -1.1277  27.400855    -1.1266  27.400712     5.4176     5.5356     0.2572    97.7266 1.0000e-12  -74.01490 -113.47300  35.574916      25.58 1.4201e+03    516.761      12403  1028.0554  1028.0541     4.6360     0.1712     0.1301    33.9859    33.9844    8.31116         40 0.0000e+00
    151.000    149.384    -1.1269  27.401989    -1.1261  27.401551     5.4162     5.5264     0.6160    97.8744 1.0000e-12  -74.01490 -113.47300  35.574939      24.60 1.4182e+03    518.766      12451  1028.0603  1028.0590     4.6430     0.1429     0.1287    33.9859    33.9844    8.31099         44 0.0000e+00
    152.000    150.372    -1.1234  27.406390    -1.1241  27.404240     5.4113     5.5268     0.4323    97.9206 1.0000e-12  -74.01490 -113.47300  35.574961      23.55 1.4211e+03    520.647      12497  1028.0660  1028.0643     4.6452     0.1276     0.1283    33.9873    33.9851    8.31012         38 0.0000e+00
    153.000    151.362    -1.1225  27.407728    -1.1222  27.406720     5.4070     5.5211     0.4436    97.8372 1.0000e-12  -74.01490 -113.47300  35.574984      22.51 1.4225e+03    522.662      12545  1028.0710  1028.0696     4.6413     0.1355     0.1292    33.9875    33.9858    8.30991         48 0.0000e+00
    154.000    152.351    -1.1223  27.408357    -1.1210  27.408476     5.4138     5.5210     0.3026    97.7699 1.0000e-12  -74.01490 -113.47300  35.575007      21.46 1.4193e+03    524.573      12591  1028.0758  1028.0747     4.6380     0.1276     0.1311    33.9876    33.9862    8.30987         41 0.0000e+00
    155.000    153.340    -1.1229  27.408235    -1.1214  27.408453     5.4055     5.5178     0.3660    97.5990 1.0000e-12  -74.01490 -113.47300  35.575031      20.42 1.4192e+03    526.654      12641  1028.0806  1028.0794     4.6299     0.1168     0.1311    33.9874    33.9860    8.31000         36 0.0000e+00
    156.000    154.327    -1.1228  27.408704    -1.1216  27.408468     5.4078     5.5225     0.3478    97.7959 1.0000e-12  -74.01490 -113.47300  35.575053      19.47 1.4196e+03    528.593      12687  1028.0854  1028.0840     4.6393     0.1419     0.1286    33.9873    33.9857    8.30999         40 0.0000e+00
    157.000    155.317    -1.1212  27.411301    -1.1212  27.409684     5.4073     5.5231     0.7174    97.9986 1.0000e-12  -74.01490 -113.47300  35.575075      18.37 1.4182e+03    530.500      12733  1028.0910  1028.0893     4.6488     0.1313     0.1348    33.9885    33.9862    8.30958         39 0.0000e+00
