ocean_section_plots/required_files/ctd/dnbp2202_ctd154.cnv
* Sea-Bird SBE 9 Data File:
* FileName = D:\Data\raw\NBP2202_CTD154.hex
* Software Version Seasave V 7.26.7.121
* Temperature SN = 1649
* Conductivity SN = 2513
* Number of Bytes Per Scan = 40
* Number of Voltage Words = 5
* Number of Scans Averaged by the Deck Unit = 1
* NMEA Latitude = 74 06.59 S
* NMEA Longitude = 113 19.34 W
* NMEA UTC (Time) = Jan 31 2022  12:51:40
* NMEA baud rate = 9600
** Ship: RVIB N.B. Palmer
** Cruise: NBP2202 Thwaites
** Station: Yo-Yo 002
** Operator: B. Bjork
# nquan = 28
# nvalues = 413                         
# units = specified
# name 0 = prDM: Pressure, Digiquartz [db]
# name 1 = depSM: Depth [salt water, m]
# name 2 = t090C: Temperature [ITS-90, deg C]
# name 3 = c0mS/cm: Conductivity [mS/cm]
# name 4 = t190C: Temperature, 2 [ITS-90, deg C]
# name 5 = c1mS/cm: Conductivity, 2 [mS/cm]
# name 6 = sbeox0ML/L: Oxygen, SBE 43 [ml/l]
# name 7 = sbeox1ML/L: Oxygen, SBE 43, 2 [ml/l]
# name 8 = flECO-AFL: Fluorescence, WET Labs ECO-AFL/FL [mg/m^3]
# name 9 = CStarTr0: Beam Transmission, WET Labs C-Star [%]
# name 10 = par: PAR/Irradiance, Biospherical/Licor
# name 11 = latitude: Latitude [deg]
# name 12 = longitude: Longitude [deg]
# name 13 = timeJ: Julian Days
# name 14 = altM: Altimeter [m]
# name 15 = spar: SPAR, Biospherical/Licor
# name 16 = timeS: Time, Elapsed [seconds]
# name 17 = scan: Scan Count
# name 18 = density00: Density [density, kg/m^3]
# name 19 = density11: Density, 2 [density, kg/m^3]
# name 20 = v3: Voltage 3
# name 21 = v4: Voltage 4
# name 22 = v5: Voltage 5
# name 23 = sal00: Salinity, Practical [PSU]
# name 24 = sal11: Salinity, Practical, 2 [PSU]
# name 25 = oxsolML/L: Oxygen Saturation, Garcia & Gordon [ml/l]
# name 26 = nbin: number of scans per bin
# name 27 = flag: flag
# span 0 =     10.000,    422.000       
# span 1 =      9.896,    417.210       
# span 2 =    -1.4341,    -0.1746       
# span 3 =  27.005065,  28.544085       
# span 4 =    -1.4326,    -0.1719       
# span 5 =  27.005250,  28.544278       
# span 6 =     4.7645,     7.9653       
# span 7 =     4.8536,     8.1260       
# span 8 =    -0.0219,    20.0983       
# span 9 =    71.4507,    93.6487       
# span 10 = 1.0000e-12, 6.4065e+00      
# span 11 =  -74.10992,  -74.10990      
# span 12 = -113.32236, -113.32232      
# span 13 =  31.536257,  31.543225      
# span 14 =       6.68,     100.77      
# span 15 = 1.2675e+03, 1.3167e+03      
# span 16 =     32.612,    634.677      
# span 17 =        784,      15233      
# span 18 =  1027.2377,  1029.5449      
# span 19 =  1027.2361,  1029.5426      
# span 20 =     3.3904,     4.4426      
# span 21 =     0.0639,     3.2557      
# span 22 =     0.1218,     0.2379      
# span 23 =    33.8036,    34.2877      
# span 24 =    33.8018,    34.2849      
# span 25 =    8.08705,    8.38782      
# span 26 =         21,         75      
# span 27 = 0.0000e+00, 0.0000e+00      
# interval = decibars: 1                
# start_time = Jan 31 2022 12:51:40 [NMEA time, header]
# bad_flag = -9.990e-29
*END*
[from data line 363]
    373.000    368.807    -0.3026  28.378377    -0.3009  28.377725     4.8154     4.9096    -0.0132    93.2482 1.0000e-12  -74.10992 -113.32234  31.542090      59.12 1.3119e+03    536.595      12879  1029.2824  1029.2801     4.4237     0.0652     0.1380    34.2395    34.2367    8.11701         29 0.0000e+00
    374.000    369.796    -0.2988  28.383182    -0.2972  28.382163     4.8107     4.9057    -0.0022    93.2491 1.0000e-12  -74.10992 -113.32234  31.542104      57.34 1.3167e+03    537.744      12907  1029.2881  1029.2855     4.4237     0.0657     0.1372    34.2410    34.2379    8.11612         28 0.0000e+00
    375.000    370.784    -0.2967  28.385863    -0.2943  28.385877     4.8154     4.9048    -0.0020    93.2500 1.0000e-12  -74.10992 -113.32234  31.542117      56.29 1.3154e+03    538.882      12934  1029.2932  1029.2909     4.4237     0.0651     0.1397    34.2416    34.2390    8.11563         27 0.0000e+00
    376.000    371.771    -0.2974  28.385543    -0.2947  28.385839     4.8160     4.9044    -0.0025    93.2464 1.0000e-12  -74.10992 -113.32234  31.542130      55.67 1.3110e+03    540.056      12962  1029.2978  1029.2955     4.4236     0.0650     0.1390    34.2414    34.2387    8.11580         28 0.0000e+00
    377.000    372.760    -0.2977  28.385621    -0.2953  28.385674     4.8165     4.9035    -0.0109    93.2507 1.0000e-12  -74.10992 -113.32234  31.542144      54.61 1.3140e+03    541.277      12992  1029.3025  1029.3003     4.4238     0.0655     0.1359    34.2412    34.2386    8.11586         31 0.0000e+00
    378.000    373.747    -0.2959  28.388058    -0.2936  28.387896     4.8145     4.9069    -0.0103    93.2357 1.0000e-12  -74.10992 -113.32234  31.542160      53.33 1.3135e+03    542.593      13023  1029.3076  1029.3052     4.4231     0.0651     0.1382    34.2418    34.2390    8.11545         31 0.0000e+00
    379.000    374.735    -0.2964  28.388005    -0.2942  28.387799     4.8143     4.9064    -0.0138    93.2449 1.0000e-12  -74.10992 -113.32234  31.542174      52.83 1.3123e+03    543.867      13054  1029.3123  1029.3100     4.4235     0.0650     0.1374    34.2417    34.2390    8.11555         29 0.0000e+00
    380.000    375.723    -0.2967  28.388058    -0.2948  28.387618     4.8146     4.9048    -0.0177    93.2399 1.0000e-12  -74.10992 -113.32234  31.542188      51.49 1.3157e+03    545.025      13082  1029.3169  1029.3147     4.4232     0.0656     0.1381    34.2415    34.2388    8.11563         28 0.0000e+00
    381.000    376.713    -0.2970  28.388139    -0.2947  28.388040     4.8138     4.8962    -0.0133    93.2345 1.0000e-12  -74.10992 -113.32234  31.542201      50.11 1.3160e+03    546.171      13109  1029.3216  1029.3194     4.4230     0.0639     0.1381    34.2414    34.2387    8.11571         28 0.0000e+00
    382.000    377.699    -0.2963  28.389335    -0.2940  28.389195     4.8138     4.9015    -0.0138    93.2145 1.0000e-12  -74.10992 -113.32234  31.542215      49.82 1.3149e+03    547.377      13138  1029.3265  1029.3242     4.4221     0.0647     0.1366    34.2417    34.2389    8.11555         29 0.0000e+00
    383.000    378.685    -0.2960  28.390103    -0.2931  28.390702     4.8135     4.9033    -0.0177    93.2336 1.0000e-12  -74.10992 -113.32234  31.542230      48.89 1.3128e+03    548.688      13170  1029.3313  1029.3291     4.4230     0.0644     0.1379    34.2417    34.2392    8.11548         33 0.0000e+00
    384.000    379.675    -0.2955  28.391149    -0.2931  28.391078     4.8116     4.9050    -0.0179    93.2199 1.0000e-12  -74.10992 -113.32234  31.542248      47.00 1.3161e+03    550.244      13207  1029.3361  1029.3337     4.4223     0.0647     0.1377    34.2419    34.2391    8.11535         38 0.0000e+00
    385.000    380.662    -0.2948  28.392363    -0.2927  28.391984     4.8085     4.9052    -0.0074    93.2397 1.0000e-12  -74.10992 -113.32234  31.542265      46.18 1.3134e+03    551.704      13242  1029.3411  1029.3386     4.4233     0.0647     0.1350    34.2422    34.2393    8.11520         32 0.0000e+00
    386.000    381.651    -0.2939  28.393834    -0.2915  28.393731     4.8130     4.9046    -0.0094    93.2482 1.0000e-12  -74.10992 -113.32234  31.542280      45.12 1.3142e+03    552.973      13272  1029.3460  1029.3436     4.4236     0.0647     0.1383    34.2425    34.2396    8.11499         30 0.0000e+00
    387.000    382.638    -0.2939  28.394262    -0.2915  28.394115     4.8136     4.9038    -0.0161    93.2412 1.0000e-12  -74.10992 -113.32236  31.542295      44.11 1.3167e+03    554.250      13303  1029.3507  1029.3483     4.4233     0.0647     0.1371    34.2425    34.2396    8.11498         32 0.0000e+00
    388.000    383.626    -0.2927  28.396046    -0.2905  28.395745     4.8109     4.8993    -0.0102    93.2296 1.0000e-12  -74.10992 -113.32236  31.542313      43.19 1.3155e+03    555.802      13340  1029.3557  1029.3533     4.4228     0.0645     0.1379    34.2429    34.2400    8.11470         42 0.0000e+00
    389.000    384.614    -0.2933  28.395690    -0.2911  28.395492     4.8135     4.9045    -0.0051    93.2188 1.0000e-12  -74.10992 -113.32236  31.542333      41.95 1.3118e+03    557.596      13383  1029.3602  1029.3579     4.4223     0.0653     0.1377    34.2425    34.2398    8.11485         41 0.0000e+00
    390.000    385.602    -0.2935  28.395932    -0.2917  28.395082     4.8137     4.9000    -0.0136    93.2311 1.0000e-12  -74.10992 -113.32236  31.542352      40.60 1.3151e+03    559.253      13423  1029.3650  1029.3624     4.4228     0.0651     0.1378    34.2425    34.2394    8.11490         37 0.0000e+00
    391.000    386.589    -0.2943  28.395566    -0.2917  28.395669     4.8126     4.9020    -0.0091    93.2348 1.0000e-12  -74.10992 -113.32236  31.542371      39.88 1.3127e+03    560.841      13461  1029.3696  1029.3672     4.4230     0.0640     0.1384    34.2423    34.2395    8.11508         36 0.0000e+00
    392.000    387.577    -0.2937  28.396682    -0.2919  28.395896     4.8124     4.9042    -0.0068    93.2440 1.0000e-12  -74.10992 -113.32236  31.542392      38.94 1.3091e+03    562.675      13505  1029.3745  1029.3720     4.4235     0.0648     0.1363    34.2425    34.2394    8.11494         46 0.0000e+00
    393.000    388.565    -0.2933  28.397492    -0.2909  28.397467     4.8090     4.9029    -0.0060    93.2583 1.0000e-12  -74.10992 -113.32236  31.542415      37.72 1.3132e+03    564.647      13553  1029.3792  1029.3770     4.4241     0.0650     0.1385    34.2425    34.2399    8.11485         47 0.0000e+00
    394.000    389.552    -0.2902  28.401418    -0.2881  28.401112     4.8076     4.9006    -0.0155    93.2386 1.0000e-12  -74.10992 -113.32236  31.542437      36.23 1.3147e+03    566.582      13599  1029.3847  1029.3823     4.4232     0.0651     0.1367    34.2437    34.2409    8.11413         40 0.0000e+00
    395.000    390.540    -0.2878  28.404610    -0.2856  28.404308     4.8059     4.9004    -0.0114    93.2226 1.0000e-12  -74.10992 -113.32236  31.542460      35.49 1.3077e+03    568.529      13646  1029.3900  1029.3875     4.4224     0.0650     0.1387    34.2446    34.2417    8.11356         43 0.0000e+00
    396.000    391.527    -0.2759  28.418852    -0.2750  28.416606     4.7985     4.8935    -0.0099    93.2371 1.0000e-12  -74.10992 -113.32236  31.542485      34.49 1.3109e+03    570.674      13697  1029.3978  1029.3945     4.4231     0.0652     0.1408    34.2497    34.2457    8.11073         43 0.0000e+00
    397.000    392.515    -0.2636  28.432805    -0.2611  28.432643     4.7961     4.8892    -0.0108    93.2237 1.0000e-12  -74.10992 -113.32236  31.542509      33.33 1.3106e+03    572.771      13748  1029.4050  1029.4024     4.4225     0.0649     0.1397    34.2539    34.2508    8.10788         43 0.0000e+00
    398.000    393.503    -0.2582  28.439227    -0.2558  28.438883     4.7892     4.8828    -0.0132    93.2203 1.0000e-12  -74.10992 -113.32236  31.542529      32.27 1.3081e+03    574.535      13790  1029.4109  1029.4082     4.4223     0.0662     0.1374    34.2557    34.2526    8.10662         42 0.0000e+00
    399.000    394.490    -0.2521  28.446418    -0.2498  28.446164     4.7890     4.8763    -0.0125    93.2163 1.0000e-12  -74.10992 -113.32235  31.542554      31.31 1.3094e+03    576.633      13840  1029.4170  1029.4145     4.4222     0.0658     0.1398    34.2579    34.2550    8.10521         40 0.0000e+00
    400.000    395.478    -0.2485  28.450782    -0.2463  28.450449     4.7916     4.8792    -0.0095    93.2231 1.0000e-12  -74.10992 -113.32236  31.542579      30.03 1.3108e+03    578.837      13893  1029.4226  1029.4201     4.4225     0.0658     0.1383    34.2591    34.2562    8.10437         38 0.0000e+00
    401.000    396.467    -0.2406  28.460320    -0.2388  28.459328     4.7849     4.8784    -0.0140    93.1938 1.0000e-12  -74.10992 -113.32236  31.542600      29.12 1.3094e+03    580.681      13937  1029.4294  1029.4266     4.4210     0.0654     0.1418    34.2624    34.2590    8.10252         38 0.0000e+00
    402.000    397.455    -0.2269  28.476757    -0.2245  28.476509     4.7809     4.8697    -0.0148    93.1948 1.0000e-12  -74.10992 -113.32235  31.542623      27.82 1.3082e+03    582.650      13985  1029.4378  1029.4352     4.4211     0.0661     0.1396    34.2682    34.2651    8.09926         36 0.0000e+00
    403.000    398.442    -0.2187  28.486357    -0.2165  28.485933     4.7732     4.8728    -0.0116    93.1825 1.0000e-12  -74.10992 -113.32234  31.542650      26.79 1.3102e+03    584.923      14039  1029.4445  1029.4419     4.4205     0.0656     0.1398    34.2712    34.2682    8.09735         40 0.0000e+00
    404.000    399.430    -0.1965  28.512294    -0.1990  28.505330     4.7713     4.8588    -0.0099    93.1492 1.0000e-12  -74.10992 -113.32234  31.542670      25.70 1.3094e+03    586.719      14082  1029.4546  1029.4498     4.4190     0.0662     0.1400    34.2801    34.2737    8.09212         36 0.0000e+00
    405.000    400.417    -0.1876  28.522206    -0.1856  28.521643     4.7693     4.8591    -0.0094    93.1392 1.0000e-12  -74.10992 -113.32234  31.542692      24.59 1.3078e+03    588.600      14127  1029.4611  1029.4585     4.4185     0.0654     0.1413    34.2828    34.2798    8.09010         43 0.0000e+00
    406.000    401.407    -0.1864  28.523990    -0.1841  28.523766     4.7695     4.8630    -0.0159    93.1171 1.0000e-12  -74.10992 -113.32234  31.542720      23.37 1.3089e+03    590.966      14184  1029.4664  1029.4638     4.4174     0.0660     0.1414    34.2832    34.2803    8.08981         34 0.0000e+00
    407.000    402.393    -0.1857  28.525172    -0.1833  28.524891     4.7701     4.8547    -0.0108    93.0862 1.0000e-12  -74.10992 -113.32234  31.542742      22.14 1.3089e+03    592.916      14231  1029.4714  1029.4688     4.4160     0.0667     0.1402    34.2834    34.2804    8.08966         40 0.0000e+00
    408.000    403.381    -0.1842  28.527291    -0.1819  28.526994     4.7696     4.8588    -0.0104    93.1076 1.0000e-12  -74.10992 -113.32234  31.542764      21.33 1.3097e+03    594.804      14276  1029.4766  1029.4741     4.4170     0.0653     0.1425    34.2840    34.2810    8.08931         38 0.0000e+00
    409.000    404.369    -0.1838  28.528179    -0.1813  28.528101     4.7680     4.8606    -0.0056    93.0786 1.0000e-12  -74.10992 -113.32234  31.542789      20.21 1.3096e+03    596.987      14329  1029.4815  1029.4790     4.4156     0.0677     0.1455    34.2840    34.2812    8.08921         35 0.0000e+00
    410.000    405.356    -0.1838  28.528479    -0.1816  28.528183     4.7712     4.8625    -0.0084    93.0782 1.0000e-12  -74.10992 -113.32234  31.542812      18.99 1.3085e+03    598.936      14375  1029.4862  1029.4837     4.4156     0.0662     0.1417    34.2839    34.2810    8.08922         44 0.0000e+00
    411.000    406.344    -0.1839  28.528828    -0.1818  28.528360     4.7688     4.8629    -0.0018    93.0777 1.0000e-12  -74.10992 -113.32234  31.542835      18.00 1.3101e+03    600.980      14425  1029.4910  1029.4885     4.4155     0.0670     0.1404    34.2838    34.2809    8.08924         35 0.0000e+00
    412.000    407.332    -0.1837  28.529556    -0.1812  28.529524     4.7698     4.8579    -0.0092    93.0754 1.0000e-12  -74.10992 -113.32234  31.542866      16.94 1.3093e+03    603.651      14489  1029.4958  1029.4934     4.4154     0.0669     0.1433    34.2840    34.2811    8.08919         43 0.0000e+00
    413.000    408.319    -0.1824  28.531356    -0.1805  28.530659     4.7734     4.8576    -0.0066    93.0786 1.0000e-12  -74.10992 -113.32234  31.542892      15.74 1.3097e+03    605.855      14542  1029.5008  1029.4982     4.4156     0.0675     0.1438    34.2844    34.2813    8.08890         48 0.0000e+00
    414.000    409.306    -0.1825  28.531712    -0.1800  28.531754     4.7724     4.8577    -0.0168    93.0768 1.0000e-12  -74.10992 -113.32234  31.542927      14.69 1.3073e+03    608.865      14614  1029.5056  1029.5032     4.4156     0.0677     0.1422    34.2844    34.2816    8.08893         39 0.0000e+00
    415.000    410.294    -0.1823  28.532218    -0.1801  28.531877     4.7696     4.8584    -0.0119    93.0790 1.0000e-12  -74.10992 -113.32234  31.542955      13.61 1.3087e+03    611.318      14673  1029.5102  1029.5078     4.4156     0.0669     0.1391    34.2842    34.2813    8.08889         38 0.0000e+00
    416.000    411.283    -0.1832  28.531711    -0.1808  28.531536     4.7685     4.8597    -0.0160    93.0602 1.0000e-12  -74.10992 -113.32234  31.542980      12.46 1.3101e+03    613.501      14725  1029.5148  1029.5123     4.4147     0.0675     0.1428    34.2839    34.2810    8.08909         40 0.0000e+00
    417.000    412.270    -0.1852  28.529764    -0.1830  28.529513     4.7683     4.8612    -0.0085    93.0682 1.0000e-12  -74.10992 -113.32234  31.543018      11.38 1.3076e+03    616.791      14804  1029.5190  1029.5166     4.4150     0.0670     0.1441    34.2830    34.2802    8.08958         45 0.0000e+00
    418.000    413.257    -0.1858  28.529535    -0.1839  28.528990     4.7682     4.8605    -0.0132    93.0547 1.0000e-12  -74.10992 -113.32234  31.543042      10.40 1.3081e+03    618.870      14854  1029.5235  1029.5212     4.4144     0.0677     0.1407    34.2827    34.2800    8.08971         40 0.0000e+00
    419.000    414.249    -0.1862  28.529545    -0.1842  28.529119     4.7687     4.8554    -0.0078    93.0645 1.0000e-12  -74.10992 -113.32234  31.543077       9.19 1.3077e+03    621.820      14925  1029.5282  1029.5258     4.4150     0.0675     0.1437    34.2826    34.2798    8.08980         34 0.0000e+00
    420.000    415.233    -0.1834  28.533412    -0.1814  28.532580     4.7712     4.8586    -0.0139    93.0709 1.0000e-12  -74.10992 -113.32234  31.543108       8.26 1.3048e+03    624.497      14989  1029.5339  1029.5310     4.4152     0.0663     0.1435    34.2841    34.2807    8.08914         41 0.0000e+00
    421.000    416.222    -0.1746  28.544085    -0.1719  28.544278     4.7645     4.8536    -0.0105    93.0593 1.0000e-12  -74.10992 -113.32234  31.543138       7.02 1.3071e+03    627.094      15051  1029.5408  1029.5383     4.4147     0.0679     0.1442    34.2877    34.2849    8.08705         42 0.0000e+00
    422.000    417.210    -0.1770  28.541608    -0.1747  28.541455     4.7652     4.8580    -0.0112    93.0589 1.0000e-12  -74.10992 -113.32234  31.543225       6.68 1.3082e+03    634.677      15233  1029.5449  1029.5426     4.4146     0.0673     0.1445    34.2865    34.2838    8.08763         75 0.0000e+00
