ocean_section_plots/required_files/ctd/dnbp2202_ctd017.cnv
* Sea-Bird SBE 9 Data File:
* FileName = D:\Data\raw\NBP2202_CTD017.hex
* Software Version Seasave V 7.26.7.121
* Temperature SN = 1649
* Conductivity SN = 2513
* Number of Bytes Per Scan = 40
* Number of Voltage Words = 5
* Number of Scans Averaged by the Deck Unit = 1
* NMEA Latitude = 73 48.30 S
* NMEA Longitude = 112 40.09 W
* NMEA UTC (Time) = Jan 17 2022  15:44:46
* NMEA baud rate = 9600
** Ship: RVIB N.B. Palmer
** Cruise: NBP2202 Thwaites
** Station: #12
** Operator: A. Robinson
** Glider deployment
# nquan = 25
# nvalues = 753                         
# units = specified
# name 0 = prDM: Pressure, Digiquartz [db]
# name 1 = depSM: Depth [salt water, m]
# name 2 = t090C: Temperature [ITS-90, deg C]
# name 3 = c0mS/cm: Conductivity [mS/cm]
# name 4 = t190C: Temperature, 2 [ITS-90, deg C]
# name 5 = c1mS/cm: Conductivity, 2 [mS/cm]
# name 6 = sbeox0ML/L: Oxygen, SBE 43 [ml/l]
# name 7 = sbeox1ML/L: Oxygen, SBE 43, 2 [ml/l]
# name 8 = flECO-AFL: Fluorescence, WET Labs ECO-AFL/FL [mg/m^3]
# name 9 = CStarTr0: Beam Transmission, WET Labs C-Star [%]
# name 10 = par: PAR/Irradiance, Biospherical/Licor
# name 11 = latitude: Latitude [deg]
# name 12 = longitude: Longitude [deg]
# name 13 = timeJ: Julian Days
# name 14 = altM: Altimeter [m]
# name 15 = spar: SPAR, Biospherical/Licor
# name 16 = timeS: Time, Elapsed [seconds]
# name 17 = scan: Scan Count
# name 18 = density00: Density [density, kg/m^3]
# name 19 = density11: Density, 2 [density, kg/m^3]
# name 20 = sal00: Salinity, Practical [PSU]
# name 21 = sal11: Salinity, Practical, 2 [PSU]
# name 22 = oxsolML/L: Oxygen Saturation, Garcia & Gordon [ml/l]
# name 23 = nbin: number of scans per bin
# name 24 = flag: flag
# span 0 =      3.000,    755.000       
# span 1 =      2.970,    745.848       
# span 2 =    -1.4506,     0.5674       
# span 3 =  27.126601,  29.537593       
# span 4 =    -1.4501,     0.5696       
# span 5 =  27.126256,  29.537208       
# span 6 =     4.5507,     8.9667       
# span 7 =     4.8100,     9.5484       
# span 8 =    -0.0152,    29.2004       
# span 9 =    67.2111,    99.4142       
# span 10 = 1.0000e-12, 2.5329e+02      
# span 11 =  -73.80504,  -73.80504      
# span 12 = -112.66824, -112.66816      
# span 13 =  17.658573,  17.671512      
# span 14 =       6.37,     100.16      
# span 15 = 6.5932e+02, 2.4750e+03      
# span 16 =    214.708,   1332.586      
# span 17 =       5154,      31983      
# span 18 =  1027.1831,  1031.2839      
# span 19 =  1027.1839,  1031.2816      
# span 20 =    33.8050,    34.5693      
# span 21 =    33.8046,    34.5663      
# span 22 =    7.91689,    8.38417      
# span 23 =          5,         48      
# span 24 = 0.0000e+00, 0.0000e+00      
# interval = decibars: 1                
# start_time = Jan 17 2022 15:44:46 [NMEA time, header]
# bad_flag = -9.990e-29
*END*
[from data line 696]
    699.000    690.613     0.4810  29.416793     0.4832  29.416492     4.6790     4.9423     0.0003    99.3950 1.0000e-12  -73.80504 -112.66820  17.669495      63.55 9.4987e+02   1158.358      27802  1031.0057  1031.0033    34.5404    34.5376    7.93618         40 0.0000e+00
    700.000    691.600     0.4816  29.417809     0.4838  29.417524     4.6786     4.9471    -0.0012    99.3862 1.0000e-12  -73.80504 -112.66821  17.669518      62.48 9.5100e+02   1160.375      27850  1031.0105  1031.0081    34.5405    34.5377    7.93605         38 0.0000e+00
    701.000    692.586     0.4831  29.419866     0.4853  29.419557     4.6722     4.9458    -0.0055    99.3850 1.0000e-12  -73.80504 -112.66821  17.669537      61.48 9.5259e+02   1162.030      27890  1031.0154  1031.0130    34.5410    34.5381    7.93573         42 0.0000e+00
    702.000    693.573     0.4849  29.422331     0.4872  29.422082     4.6673     4.9401    -0.0009    99.3861 1.0000e-12  -73.80504 -112.66821  17.669564      60.43 9.5565e+02   1164.361      27946  1031.0204  1031.0180    34.5415    34.5387    7.93531         39 0.0000e+00
    703.000    694.558     0.4897  29.428039     0.4922  29.427996     4.6595     4.9250    -0.0063    99.3614 1.0000e-12  -73.80504 -112.66821  17.669588      59.45 9.5780e+02   1166.416      27995  1031.0258  1031.0234    34.5430    34.5402    7.93424         38 0.0000e+00
    704.000    695.543     0.4984  29.438337     0.5008  29.437902     4.6437     4.9146    -0.0000    99.4050 1.0000e-12  -73.80504 -112.66821  17.669608      58.46 9.5993e+02   1168.142      28036  1031.0322  1031.0294    34.5462    34.5429    7.93228         33 0.0000e+00
    705.000    696.532     0.5062  29.447146     0.5083  29.446712     4.6408     4.9071    -0.0044    99.3751 1.0000e-12  -73.80504 -112.66820  17.669632      57.44 9.6429e+02   1170.202      28086  1031.0379  1031.0355    34.5484    34.5455    7.93056         44 0.0000e+00
    706.000    697.517     0.5100  29.451468     0.5120  29.450929     4.6387     4.9054    -0.0004    99.3732 1.0000e-12  -73.80504 -112.66820  17.669657      56.38 9.6870e+02   1172.329      28137  1031.0431  1031.0406    34.5493    34.5463    7.92975         42 0.0000e+00
    707.000    698.504     0.5107  29.452576     0.5128  29.452197     4.6357     4.9078    -0.0050    99.3775 1.0000e-12  -73.80504 -112.66820  17.669682      55.43 9.7143e+02   1174.524      28190  1031.0479  1031.0454    34.5494    34.5465    7.92960         41 0.0000e+00
    708.000    699.490     0.5151  29.457822     0.5173  29.457335     4.6363     4.9013    -0.0054    99.3669 1.0000e-12  -73.80504 -112.66820  17.669702      54.44 9.7609e+02   1176.295      28232  1031.0533  1031.0507    34.5507    34.5477    7.92862         35 0.0000e+00
    709.000    700.477     0.5169  29.460152     0.5192  29.459742     4.6321     4.9031    -0.0037    99.3636 1.0000e-12  -73.80504 -112.66820  17.669724      53.47 9.8016e+02   1178.177      28277  1031.0582  1031.0556    34.5511    34.5481    7.92822         39 0.0000e+00
    710.000    701.464     0.5183  29.461920     0.5205  29.461596     4.6360     4.9030     0.0034    99.3437 1.0000e-12  -73.80504 -112.66820  17.669752      52.38 9.8439e+02   1180.591      28335  1031.0630  1031.0605    34.5513    34.5485    7.92793         48 0.0000e+00
    711.000    702.449     0.5195  29.463528     0.5216  29.463142     4.6336     4.8972    -0.0046    99.3366 1.0000e-12  -73.80504 -112.66820  17.669775      51.45 9.9154e+02   1182.563      28383  1031.0677  1031.0653    34.5515    34.5486    7.92767         34 0.0000e+00
    712.000    703.436     0.5210  29.465548     0.5231  29.465093     4.6344     4.9000    -0.0121    99.3135 1.0000e-12  -73.80504 -112.66820  17.669793      50.46 9.9742e+02   1184.111      28420  1031.0727  1031.0701    34.5519    34.5489    7.92735         37 0.0000e+00
    713.000    704.424     0.5220  29.467066     0.5242  29.466696     4.6311     4.8985    -0.0018    99.3119 1.0000e-12  -73.80504 -112.66820  17.669822      49.31 1.0081e+03   1186.662      28481  1031.0775  1031.0749    34.5522    34.5492    7.92713         42 0.0000e+00
    714.000    705.409     0.5233  29.468765     0.5254  29.468366     4.6277     4.8916    -0.0041    99.2985 1.0000e-12  -73.80504 -112.66820  17.669847      48.44 1.0219e+03   1188.819      28533  1031.0822  1031.0799    34.5523    34.5495    7.92685         34 0.0000e+00
    715.000    706.395     0.5236  29.469714     0.5257  29.469247     4.6309     4.8959    -0.0009    99.2709 1.0000e-12  -73.80504 -112.66820  17.669862      47.46 1.0344e+03   1190.113      28564  1031.0872  1031.0847    34.5527    34.5497    7.92677         31 0.0000e+00
    716.000    707.380     0.5231  29.469669     0.5253  29.469131     4.6267     4.8923    -0.0022    99.2769 1.0000e-12  -73.80504 -112.66820  17.669893      46.30 1.0803e+03   1192.754      28627  1031.0919  1031.0892    34.5526    34.5495    7.92688         32 0.0000e+00
    717.000    708.368     0.5241  29.471081     0.5264  29.470929     4.6236     4.8906    -0.0004    99.2888 1.0000e-12  -73.80504 -112.66821  17.669917      45.42 1.0924e+03   1194.859      28678  1031.0966  1031.0942    34.5528    34.5500    7.92666         31 0.0000e+00
    718.000    709.353     0.5253  29.472978     0.5277  29.472781     4.6228     4.8913    -0.0048    99.2919 1.0000e-12  -73.80504 -112.66820  17.669932      44.43 1.0830e+03   1196.134      28708  1031.1016  1031.0991    34.5533    34.5503    7.92639         34 0.0000e+00
    719.000    710.337     0.5267  29.475012     0.5296  29.475353     4.6212     4.8841     0.0046    99.2855 1.0000e-12  -73.80504 -112.66820  17.669960      43.19 1.0948e+03   1198.565      28767  1031.1066  1031.1041    34.5538    34.5510    7.92606         35 0.0000e+00
    720.000    711.326     0.5302  29.479767     0.5327  29.479577     4.6099     4.8746    -0.0049    99.2648 1.0000e-12  -73.80504 -112.66820  17.669990      42.33 1.1161e+03   1201.138      28828  1031.1123  1031.1097    34.5555    34.5525    7.92526         35 0.0000e+00
    721.000    712.312     0.5323  29.482596     0.5344  29.482254     4.6039     4.8732     0.0043    99.2746 1.0000e-12  -73.80504 -112.66820  17.670006      41.40 1.1243e+03   1202.506      28861  1031.1174  1031.1150    34.5563    34.5535    7.92479         31 0.0000e+00
    722.000    713.299     0.5341  29.485001     0.5365  29.484851     4.6073     4.8677     0.0050    99.2533 1.0000e-12  -73.80504 -112.66820  17.670023      40.28 1.1722e+03   1204.026      28898  1031.1224  1031.1200    34.5569    34.5540    7.92439         35 0.0000e+00
    723.000    714.284     0.5363  29.488151     0.5390  29.488258     4.5943     4.8608     0.0015    99.2181 1.0000e-12  -73.80504 -112.66820  17.670062      39.26 1.3772e+03   1207.349      28977  1031.1278  1031.1253    34.5579    34.5551    7.92388         33 0.0000e+00
    724.000    715.271     0.5389  29.491715     0.5412  29.491455     4.5878     4.8552    -0.0006    99.1895 1.0000e-12  -73.80504 -112.66820  17.670079      38.39 1.3475e+03   1208.782      29012  1031.1331  1031.1307    34.5591    34.5562    7.92328         29 0.0000e+00
    725.000    716.258     0.5406  29.494044     0.5430  29.493785     4.5889     4.8550    -0.0026    99.1822 1.0000e-12  -73.80504 -112.66820  17.670093      37.30 1.3111e+03   1210.051      29042  1031.1380  1031.1355    34.5596    34.5566    7.92290         32 0.0000e+00
    726.000    717.242     0.5412  29.495142     0.5440  29.495237     4.5904     4.8534     0.0002    99.1560 1.0000e-12  -73.80504 -112.66820  17.670129      36.14 1.1895e+03   1213.129      29116  1031.1429  1031.1403    34.5598    34.5569    7.92276         35 0.0000e+00
    727.000    718.229     0.5446  29.499239     0.5468  29.498912     4.5851     4.8509     0.0037    99.1336 1.0000e-12  -73.80504 -112.66820  17.670151      35.28 1.1909e+03   1215.071      29163  1031.1481  1031.1457    34.5608    34.5580    7.92202         34 0.0000e+00
    728.000    719.216     0.5456  29.500897     0.5479  29.500563     4.5861     4.8508     0.0103    99.0944 1.0000e-12  -73.80504 -112.66820  17.670168      34.25 1.2493e+03   1216.518      29197  1031.1530  1031.1505    34.5612    34.5583    7.92178         35 0.0000e+00
    729.000    720.203     0.5453  29.500979     0.5478  29.500962     4.5863     4.8504     0.0038    99.0934 1.0000e-12  -73.80504 -112.66819  17.670222      33.10 1.3071e+03   1221.180      29309  1031.1577  1031.1553    34.5611    34.5584    7.92186         26 0.0000e+00
    730.000    721.188     0.5465  29.502745     0.5490  29.502719     4.5848     4.8450     0.0040    99.0995 1.0000e-12  -73.80504 -112.66819  17.670261      32.12 1.2962e+03   1224.576      29391  1031.1626  1031.1602    34.5615    34.5588    7.92159         30 0.0000e+00
    731.000    722.174     0.5506  29.507831     0.5531  29.507622     4.5772     4.8366     0.0106    99.0965 1.0000e-12  -73.80504 -112.66820  17.670308      31.05 1.2918e+03   1228.632      29488  1031.1681  1031.1655    34.5630    34.5600    7.92067         47 0.0000e+00
    732.000    723.161     0.5529  29.510859     0.5551  29.510560     4.5782     4.8347     0.0098    99.0771 1.0000e-12  -73.80504 -112.66820  17.670338      30.02 1.3304e+03   1231.175      29549  1031.1732  1031.1707    34.5637    34.5609    7.92015         30 0.0000e+00
    733.000    724.146     0.5530  29.511312     0.5554  29.511352     4.5718     4.8363     0.0070    98.9767 1.0000e-12  -73.80504 -112.66820  17.670389      29.03 1.3136e+03   1235.592      29655  1031.1779  1031.1756    34.5637    34.5611    7.92014         39 0.0000e+00
    734.000    725.134     0.5540  29.512924     0.5561  29.512531     4.5760     4.8347     0.0104    99.0045 1.0000e-12  -73.80504 -112.66820  17.670417      28.05 1.3940e+03   1238.066      29715  1031.1829  1031.1804    34.5642    34.5613    7.91992         43 0.0000e+00
    735.000    726.119     0.5543  29.513616     0.5569  29.513858     4.5693     4.8321     0.0192    99.0101 1.0000e-12  -73.80504 -112.66821  17.670468      27.04 1.7647e+03   1242.411      29819  1031.1875  1031.1852    34.5641    34.5615    7.91986         36 0.0000e+00
    736.000    727.104     0.5562  29.516210     0.5583  29.515788     4.5703     4.8302     0.0111    99.0013 1.0000e-12  -73.80504 -112.66821  17.670493      25.99 1.7108e+03   1244.613      29872  1031.1925  1031.1901    34.5648    34.5619    7.91943         32 0.0000e+00
    737.000    728.091     0.5590  29.520026     0.5620  29.520430     4.5628     4.8231     0.0101    98.9926 1.0000e-12  -73.80504 -112.66821  17.670545      25.00 1.4184e+03   1249.095      29979  1031.1979  1031.1954    34.5660    34.5632    7.91878         42 0.0000e+00
    738.000    729.079     0.5621  29.524034     0.5645  29.523861     4.5625     4.8198     0.0069    98.9312 1.0000e-12  -73.80504 -112.66820  17.670575      23.97 1.3223e+03   1251.643      30040  1031.2033  1031.2007    34.5672    34.5643    7.91808         38 0.0000e+00
    739.000    730.063     0.5630  29.525516     0.5655  29.525390     4.5597     4.8198     0.0176    98.9301 1.0000e-12  -73.80504 -112.66822  17.670622      22.93 1.2530e+03   1255.753      30139  1031.2082  1031.2056    34.5676    34.5647    7.91788         34 0.0000e+00
    740.000    731.046     0.5642  29.527197     0.5664  29.526943     4.5578     4.8170     0.0194    98.9232 1.0000e-12  -73.80504 -112.66822  17.670656      21.89 1.2311e+03   1258.701      30210  1031.2130  1031.2106    34.5679    34.5651    7.91762         20 0.0000e+00
    741.000    732.034     0.5645  29.528045     0.5669  29.527884     4.5604     4.8142     0.0100    98.9066 1.0000e-12  -73.80504 -112.66822  17.670698      20.90 1.3573e+03   1262.267      30295  1031.2179  1031.2154    34.5680    34.5652    7.91755         30 0.0000e+00
    742.000    733.024     0.5647  29.528626     0.5671  29.528452     4.5577     4.8145     0.0162    98.8901 1.0000e-12  -73.80504 -112.66822  17.670736      19.84 1.4613e+03   1265.576      30375  1031.2226  1031.2200    34.5680    34.5652    7.91751         23 0.0000e+00
    743.000    734.012     0.5660  29.530602     0.5683  29.530278     4.5534     4.8138     0.0141    98.8768 1.0000e-12  -73.80504 -112.66822  17.670774      18.85 1.6007e+03   1268.897      30455  1031.2275  1031.2250    34.5686    34.5656    7.91722         26 0.0000e+00
    744.000    734.993     0.5659  29.530955     0.5686  29.531171     4.5572     4.8146     0.0143    98.8955 1.0000e-12  -73.80504 -112.66822  17.670815      17.85 1.4606e+03   1272.432      30539  1031.2322  1031.2298    34.5686    34.5658    7.91724         34 0.0000e+00
    745.000    735.975     0.5666  29.532264     0.5689  29.531909     4.5559     4.8155     0.0137    98.8919 1.0000e-12  -73.80504 -112.66821  17.670853      16.82 1.3562e+03   1275.662      30617  1031.2370  1031.2345    34.5689    34.5659    7.91707         27 0.0000e+00
    746.000    736.967     0.5668  29.532735     0.5690  29.532476     4.5557     4.8143     0.0158    98.8438 1.0000e-12  -73.80504 -112.66821  17.670890      15.84 1.3208e+03   1278.906      30695  1031.2417  1031.2392    34.5687    34.5659    7.91704         28 0.0000e+00
    747.000    737.954     0.5669  29.533327     0.5692  29.533046     4.5557     4.8152     0.0294    98.8618 1.0000e-12  -73.80504 -112.66821  17.670934      14.85 1.6509e+03   1282.692      30786  1031.2464  1031.2439    34.5688    34.5660    7.91702         35 0.0000e+00
    748.000    738.938     0.5669  29.533865     0.5692  29.533522     4.5531     4.8103     0.0143    98.8665 1.0000e-12  -73.80504 -112.66821  17.670969      13.78 1.7811e+03   1285.704      30858  1031.2511  1031.2486    34.5689    34.5660    7.91700         26 0.0000e+00
    749.000    739.924     0.5669  29.534312     0.5692  29.534015     4.5534     4.8154     0.0196    98.8737 1.0000e-12  -73.80504 -112.66820  17.671010      12.79 1.5930e+03   1289.231      30943  1031.2558  1031.2533    34.5690    34.5660    7.91701         33 0.0000e+00
    750.000    740.911     0.5671  29.534884     0.5694  29.534617     4.5536     4.8109     0.0122    98.8704 1.0000e-12  -73.80504 -112.66821  17.671045      11.75 1.2519e+03   1292.247      31015  1031.2605  1031.2580    34.5690    34.5661    7.91698         30 0.0000e+00
    751.000    741.895     0.5672  29.535344     0.5694  29.535073     4.5507     4.8122     0.0168    98.8602 1.0000e-12  -73.80504 -112.66820  17.671090      10.74 1.1377e+03   1296.169      31109  1031.2651  1031.2627    34.5689    34.5660    7.91696         29 0.0000e+00
    752.000    742.884     0.5672  29.535842     0.5695  29.535534     4.5516     4.8124     0.0139    98.8284 1.0000e-12  -73.80504 -112.66820  17.671124       9.78 1.1040e+03   1299.079      31179  1031.2698  1031.2673    34.5689    34.5659    7.91695         34 0.0000e+00
    753.000    743.871     0.5672  29.536358     0.5695  29.536067     4.5548     4.8114     0.0207    98.8680 1.0000e-12  -73.80504 -112.66820  17.671167       8.72 1.1019e+03   1302.832      31269  1031.2745  1031.2720    34.5690    34.5661    7.91694         32 0.0000e+00
    754.000    744.854     0.5673  29.536730     0.5695  29.536504     4.5561     4.8180     0.0190    98.8511 1.0000e-12  -73.80504 -112.66820  17.671203       7.74 1.1339e+03   1305.914      31343  1031.2791  1031.2767    34.5688    34.5660    7.91694         38 0.0000e+00
    755.000    745.848     0.5674  29.537593     0.5696  29.537208     4.5587     4.8100     0.0262    98.8338 1.0000e-12  -73.80504 -112.66820  17.671512       6.37 2.4750e+03   1332.586      31983  1031.2839  1031.2816    34.5693    34.5663    7.91689          5 0.0000e+00
