ocean_section_plots/required_files/ctd/dnbp2202_ctd152.cnv
* Sea-Bird SBE 9 Data File:
* FileName = D:\Data\raw\NBP2202_CTD152.hex
* Software Version Seasave V 7.26.7.121
* Temperature SN = 1649
* Conductivity SN = 2513
* Number of Bytes Per Scan = 40
* Number of Voltage Words = 5
* Number of Scans Averaged by the Deck Unit = 1
* NMEA Latitude = 74 06.59 S
* NMEA Longitude = 113 19.34 W
* NMEA UTC (Time) = Jan 31 2022  12:10:33
* NMEA baud rate = 9600
** Ship: RVIB N.B. Palmer
** Cruise: NBP2202 Thwaites
** Station: Yo-Yo 002
** Operator: B. Bjork
# nquan = 28
# nvalues = 414                         
# units = specified
# name 0 = prDM: Pressure, Digiquartz [db]
# name 1 = depSM: Depth [salt water, m]
# name 2 = t090C: Temperature [ITS-90, deg C]
# name 3 = c0mS/cm: Conductivity [mS/cm]
# name 4 = t190C: Temperature, 2 [ITS-90, deg C]
# name 5 = c1mS/cm: Conductivity, 2 [mS/cm]
# name 6 = sbeox0ML/L: Oxygen, SBE 43 [ml/l]
# name 7 = sbeox1ML/L: Oxygen, SBE 43, 2 [ml/l]
# name 8 = flECO-AFL: Fluorescence, WET Labs ECO-AFL/FL [mg/m^3]
# name 9 = CStarTr0: Beam Transmission, WET Labs C-Star [%]
# name 10 = par: PAR/Irradiance, Biospherical/Licor
# name 11 = latitude: Latitude [deg]
# name 12 = longitude: Longitude [deg]
# name 13 = timeJ: Julian Days
# name 14 = altM: Altimeter [m]
# name 15 = spar: SPAR, Biospherical/Licor
# name 16 = timeS: Time, Elapsed [seconds]
# name 17 = scan: Scan Count
# name 18 = density00: Density [density, kg/m^3]
# name 19 = density11: Density, 2 [density, kg/m^3]
# name 20 = v3: Voltage 3
# name 21 = v4: Voltage 4
# name 22 = v5: Voltage 5
# name 23 = sal00: Salinity, Practical [PSU]
# name 24 = sal11: Salinity, Practical, 2 [PSU]
# name 25 = oxsolML/L: Oxygen Saturation, Garcia & Gordon [ml/l]
# name 26 = nbin: number of scans per bin
# name 27 = flag: flag
# span 0 =     10.000,    423.000       
# span 1 =      9.896,    418.195       
# span 2 =    -1.4492,    -0.1917       
# span 3 =  27.035220,  28.524427       
# span 4 =    -1.4481,    -0.1895       
# span 5 =  27.034931,  28.524220       
# span 6 =     4.7747,     7.9816       
# span 7 =     4.8670,     8.1571       
# span 8 =    -0.0223,    21.3011       
# span 9 =    71.2517,    93.6683       
# span 10 = -6.733e-05, 4.9887e+00      
# span 11 =  -74.10992,  -74.10990      
# span 12 = -113.32236, -113.32232      
# span 13 =  31.507694,  31.514814      
# span 14 =       5.29,     100.87      
# span 15 = 1.1104e+03, 1.1686e+03      
# span 16 =     31.788,    646.896      
# span 17 =        764,      15527      
# span 18 =  1027.2372,  1029.5452      
# span 19 =  1027.2355,  1029.5430      
# span 20 =     3.3806,     4.4435      
# span 21 =     0.0634,     3.3735      
# span 22 =     0.1210,     0.2419      
# span 23 =    33.8041,    34.2800      
# span 24 =    33.8023,    34.2771      
# span 25 =    8.09112,    8.38970      
# span 26 =         17,         49      
# span 27 = 0.0000e+00, 0.0000e+00      
# interval = decibars: 1                
# start_time = Jan 31 2022 12:10:33 [NMEA time, header]
# bad_flag = -9.990e-29
*END*
[from data line 311]
    321.000    317.433    -0.4588  28.186211    -0.4573  28.184892     4.8995     5.0031    -0.0187    93.3230 1.0000e-12  -74.10992 -113.32235  31.512839      82.06 1.1546e+03    476.247      11431  1029.0033  1029.0005     4.4272     0.0685     0.1333    34.1893    34.1858    8.15331         31 0.0000e+00
    322.000    318.421    -0.4545  28.190924    -0.4526  28.190113     4.9016     4.9964    -0.0089    93.3195 1.0000e-12  -74.10992 -113.32235  31.512855      94.84 1.1562e+03    477.657      11465  1029.0086  1029.0059     4.4271     0.0717     0.1390    34.1901    34.1870    8.15233         33 0.0000e+00
    323.000    319.409    -0.4490  28.197414    -0.4469  28.197122     4.8959     4.9971    -0.0170    93.3281 1.0000e-12  -74.10992 -113.32236  31.512871      99.93 1.1562e+03    479.081      11499  1029.0146  1029.0123     4.4275     0.0705     0.1324    34.1921    34.1893    8.15105         32 0.0000e+00
    324.000    320.397    -0.4459  28.201206    -0.4440  28.200696     4.8939     4.9920    -0.0120    93.3240 1.0000e-12  -74.10992 -113.32236  31.512886      99.87 1.1558e+03    480.392      11530  1029.0200  1029.0177     4.4273     0.0690     0.1345    34.1930    34.1902    8.15031         32 0.0000e+00
    325.000    321.386    -0.4400  28.208007    -0.4377  28.207550     4.8873     4.9914    -0.0113    93.3393 1.0000e-12  -74.10992 -113.32236  31.512903      99.79 1.1550e+03    481.785      11564  1029.0260  1029.0233     4.4280     0.0702     0.1340    34.1950    34.1918    8.14895         31 0.0000e+00
    326.000    322.372    -0.4320  28.217153    -0.4299  28.216473     4.8881     4.9831    -0.0184    93.3064 1.0000e-12  -74.10992 -113.32236  31.512920      99.30 1.1549e+03    483.257      11599  1029.0324  1029.0296     4.4264     0.0705     0.1343    34.1976    34.1944    8.14708         35 0.0000e+00
    327.000    323.362    -0.4242  28.226209    -0.4223  28.225538     4.8879     4.9918    -0.0157    93.3106 1.0000e-12  -74.10992 -113.32236  31.512936      98.88 1.1558e+03    484.630      11632  1029.0388  1029.0363     4.4266     0.0700     0.1345    34.2003    34.1973    8.14525         31 0.0000e+00
    328.000    324.348    -0.4208  28.230367    -0.4187  28.229999     4.8884     4.9889    -0.0123    93.3178 1.0000e-12  -74.10992 -113.32236  31.512951      98.21 1.1581e+03    485.958      11664  1029.0444  1029.0420     4.4270     0.0693     0.1367    34.2015    34.1986    8.14445         33 0.0000e+00
    329.000    325.338    -0.4205  28.231049    -0.4185  28.230713     4.8899     4.9831    -0.0174    93.3331 1.0000e-12  -74.10992 -113.32236  31.512967      98.55 1.1551e+03    487.342      11697  1029.0493  1029.0469     4.4277     0.0689     0.1351    34.2015    34.1988    8.14440         34 0.0000e+00
    330.000    326.324    -0.4202  28.231795    -0.4181  28.231544     4.8844     4.9854    -0.0115    93.3242 1.0000e-12  -74.10992 -113.32235  31.512984      97.46 1.1548e+03    488.788      11732  1029.0542  1029.0518     4.4273     0.0695     0.1356    34.2015    34.1988    8.14432         35 0.0000e+00
    331.000    327.313    -0.4183  28.234290    -0.4160  28.234233     4.8831     4.9818    -0.0119    93.2650 1.0000e-12  -74.10992 -113.32234  31.513000      96.90 1.1559e+03    490.239      11767  1029.0594  1029.0570     4.4244     0.0691     0.1370    34.2022    34.1994    8.14389         33 0.0000e+00
    332.000    328.301    -0.4173  28.236067    -0.4151  28.235848     4.8830     4.9762    -0.0115    93.3029 1.0000e-12  -74.10992 -113.32234  31.513014      97.60 1.1561e+03    491.424      11795  1029.0646  1029.0622     4.4262     0.0702     0.1345    34.2028    34.2000    8.14363         25 0.0000e+00
    333.000    329.290    -0.4156  28.238301    -0.4134  28.238107     4.8809     4.9764    -0.0157    93.3093 1.0000e-12  -74.10992 -113.32234  31.513026      97.40 1.1558e+03    492.441      11820  1029.0696  1029.0674     4.4265     0.0695     0.1339    34.2032    34.2006    8.14323         26 0.0000e+00
    334.000    330.278    -0.4149  28.239362    -0.4127  28.239152     4.8778     4.9791    -0.0139    93.3056 1.0000e-12  -74.10992 -113.32234  31.513040      95.11 1.1559e+03    493.656      11849  1029.0745  1029.0721     4.4263     0.0693     0.1359    34.2033    34.2006    8.14309         32 0.0000e+00
    335.000    331.264    -0.4058  28.249674    -0.4025  28.250123     4.8650     4.9735    -0.0048    93.3104 1.0000e-12  -74.10992 -113.32234  31.513057      94.97 1.1548e+03    495.166      11885  1029.0809  1029.0781     4.4265     0.0686     0.1344    34.2063    34.2031    8.14097         35 0.0000e+00
    336.000    332.254    -0.3945  28.262031    -0.3939  28.259683     4.8643     4.9616    -0.0162    93.3004 1.0000e-12  -74.10992 -113.32234  31.513076      92.64 1.1544e+03    496.726      11922  1029.0874  1029.0844     4.4261     0.0690     0.1334    34.2094    34.2057    8.13835         34 0.0000e+00
    337.000    333.242    -0.3858  28.271487    -0.3839  28.270907     4.8565     4.9623    -0.0194    93.3032 1.0000e-12  -74.10992 -113.32234  31.513091      92.57 1.1561e+03    498.066      11955  1029.0934  1029.0910     4.4262     0.0690     0.1349    34.2117    34.2088    8.13636         31 0.0000e+00
    338.000    334.228    -0.3844  28.273520    -0.3819  28.273607     4.8624     4.9594    -0.0138    93.3047 1.0000e-12  -74.10992 -113.32234  31.513104      91.44 1.1573e+03    499.211      11982  1029.0986  1029.0963     4.4263     0.0699     0.1362    34.2123    34.2096    8.13603         25 0.0000e+00
    339.000    335.218    -0.3843  28.273936    -0.3823  28.273619     4.8672     4.9555    -0.0172    93.3027 1.0000e-12  -74.10992 -113.32234  31.513116      90.59 1.1582e+03    500.231      12007  1029.1034  1029.1011     4.4262     0.0698     0.1366    34.2122    34.2095    8.13603         26 0.0000e+00
    340.000    336.206    -0.3841  28.274654    -0.3816  28.274640     4.8620     4.9532    -0.0127    93.2724 1.0000e-12  -74.10992 -113.32234  31.513131      89.90 1.1595e+03    501.492      12037  1029.1082  1029.1058     4.4248     0.0685     0.1373    34.2122    34.2095    8.13597         35 0.0000e+00
    341.000    337.193    -0.3797  28.279624    -0.3774  28.279395     4.8604     4.9568    -0.0140    93.2826 1.0000e-12  -74.10992 -113.32234  31.513149      89.41 1.1590e+03    503.056      12074  1029.1137  1029.1111     4.4253     0.0691     0.1367    34.2134    34.2104    8.13497         37 0.0000e+00
    342.000    338.182    -0.3793  28.280330    -0.3775  28.279853     4.8576     4.9569    -0.0138    93.2912 1.0000e-12  -74.10992 -113.32234  31.513165      88.75 1.1593e+03    504.449      12108  1029.1184  1029.1161     4.4256     0.0673     0.1385    34.2133    34.2106    8.13489         30 0.0000e+00
    343.000    339.169    -0.3784  28.281679    -0.3763  28.281494     4.8584     4.9539    -0.0106    93.2813 1.0000e-12  -74.10992 -113.32234  31.513179      87.75 1.1610e+03    505.647      12137  1029.1233  1029.1211     4.4252     0.0684     0.1326    34.2135    34.2109    8.13469         28 0.0000e+00
    344.000    340.157    -0.3774  28.283503    -0.3751  28.283326     4.8571     4.9540    -0.0059    93.2852 1.0000e-12  -74.10992 -113.32234  31.513192      85.90 1.1589e+03    506.767      12163  1029.1286  1029.1262     4.4254     0.0686     0.1350    34.2141    34.2114    8.13443         25 0.0000e+00
    345.000    341.147    -0.3751  28.286316    -0.3747  28.284113     4.8502     4.9516    -0.0092    93.2766 1.0000e-12  -74.10992 -113.32234  31.513205      84.78 1.1573e+03    507.883      12190  1029.1337  1029.1309     4.4250     0.0684     0.1354    34.2148    34.2113    8.13391         29 0.0000e+00
    346.000    342.135    -0.3654  28.297042    -0.3638  28.295942     4.8514     4.9448    -0.0096    93.2837 1.0000e-12  -74.10992 -113.32234  31.513221      83.98 1.1575e+03    509.335      12225  1029.1399  1029.1373     4.4253     0.0677     0.1364    34.2176    34.2143    8.13166         35 0.0000e+00
    347.000    343.120    -0.3662  28.296641    -0.3641  28.296259     4.8469     4.9450    -0.0079    93.2846 1.0000e-12  -74.10992 -113.32233  31.513239      82.96 1.1593e+03    510.807      12260  1029.1446  1029.1423     4.4254     0.0679     0.1338    34.2173    34.2145    8.13185         32 0.0000e+00
    348.000    344.110    -0.3635  28.300240    -0.3614  28.299875     4.8481     4.9490    -0.0148    93.2748 1.0000e-12  -74.10992 -113.32233  31.513253      82.57 1.1568e+03    512.037      12290  1029.1502  1029.1478     4.4249     0.0671     0.1353    34.2185    34.2156    8.13120         28 0.0000e+00
    349.000    345.098    -0.3608  28.303396    -0.3585  28.303437     4.8476     4.9491    -0.0099    93.2871 1.0000e-12  -74.10992 -113.32232  31.513266      81.35 1.1564e+03    513.151      12317  1029.1553  1029.1531     4.4255     0.0675     0.1358    34.2191    34.2166    8.13060         27 0.0000e+00
    350.000    346.086    -0.3603  28.304375    -0.3580  28.304148     4.8433     4.9467    -0.0052    93.2892 1.0000e-12  -74.10992 -113.32233  31.513280      80.52 1.1547e+03    514.409      12347  1029.1601  1029.1577     4.4256     0.0681     0.1365    34.2192    34.2164    8.13048         34 0.0000e+00
    351.000    347.074    -0.3596  28.305432    -0.3579  28.304613     4.8466     4.9445    -0.0080    93.2931 1.0000e-12  -74.10992 -113.32233  31.513298      79.62 1.1557e+03    515.982      12385  1029.1650  1029.1625     4.4257     0.0671     0.1358    34.2193    34.2163    8.13034         35 0.0000e+00
    352.000    348.062    -0.3580  28.307501    -0.3557  28.307467     4.8394     4.9352    -0.0101    93.2760 1.0000e-12  -74.10992 -113.32233  31.513316      78.64 1.1571e+03    517.512      12421  1029.1699  1029.1677     4.4250     0.0681     0.1363    34.2196    34.2170    8.12997         34 0.0000e+00
    353.000    349.049    -0.3516  28.315584    -0.3476  28.316878     4.8346     4.9334    -0.0077    93.2827 1.0000e-12  -74.10992 -113.32233  31.513331      77.43 1.1565e+03    518.835      12453  1029.1766  1029.1740     4.4252     0.0667     0.1354    34.2226    34.2198    8.12843         30 0.0000e+00
    354.000    350.038    -0.3370  28.331388    -0.3350  28.331010     4.8316     4.9312    -0.0082    93.2695 1.0000e-12  -74.10992 -113.32233  31.513345      76.74 1.1572e+03    520.048      12482  1029.1835  1029.1812     4.4246     0.0670     0.1380    34.2268    34.2240    8.12508         29 0.0000e+00
    355.000    351.026    -0.3348  28.334452    -0.3323  28.334643     4.8343     4.9294    -0.0039    93.2724 1.0000e-12  -74.10992 -113.32232  31.513360      75.42 1.1582e+03    521.293      12512  1029.1890  1029.1868     4.4248     0.0663     0.1344    34.2277    34.2252    8.12454         32 0.0000e+00
    356.000    352.014    -0.3344  28.335308    -0.3322  28.335062     4.8312     4.9277    -0.0158    93.2735 1.0000e-12  -74.10992 -113.32232  31.513377      74.07 1.1579e+03    522.744      12547  1029.1940  1029.1916     4.4248     0.0659     0.1373    34.2279    34.2251    8.12446         37 0.0000e+00
    357.000    353.002    -0.3343  28.335802    -0.3322  28.335551     4.8330     4.9306    -0.0098    93.2703 1.0000e-12  -74.10992 -113.32232  31.513394      73.84 1.1561e+03    524.238      12583  1029.1988  1029.1964     4.4247     0.0662     0.1358    34.2278    34.2251    8.12444         34 0.0000e+00
    358.000    353.990    -0.3337  28.336943    -0.3318  28.336667     4.8322     4.9271    -0.0122    93.2553 1.0000e-12  -74.10992 -113.32233  31.513409      72.53 1.1566e+03    525.542      12614  1029.2037  1029.2016     4.4240     0.0667     0.1347    34.2281    34.2255    8.12430         29 0.0000e+00
    359.000    354.978    -0.3327  28.338479    -0.3309  28.338031     4.8346     4.9277    -0.0169    93.2699 1.0000e-12  -74.10992 -113.32233  31.513424      71.10 1.1555e+03    526.792      12644  1029.2087  1029.2065     4.4247     0.0649     0.1369    34.2284    34.2258    8.12406         31 0.0000e+00
    360.000    355.965    -0.3306  28.341554    -0.3282  28.341568     4.8362     4.9269    -0.0117    93.2649 1.0000e-12  -74.10992 -113.32233  31.513438      70.63 1.1576e+03    528.077      12675  1029.2142  1029.2119     4.4244     0.0661     0.1372    34.2295    34.2268    8.12354         31 0.0000e+00
    361.000    356.953    -0.3289  28.343865    -0.3270  28.343297     4.8338     4.9278    -0.0077    93.2674 1.0000e-12  -74.10992 -113.32234  31.513453      69.33 1.1580e+03    529.374      12706  1029.2193  1029.2169     4.4246     0.0670     0.1360    34.2301    34.2273    8.12315         31 0.0000e+00
    362.000    357.941    -0.3289  28.344200    -0.3266  28.344073     4.8365     4.9297    -0.0066    93.2801 1.0000e-12  -74.10992 -113.32234  31.513469      68.86 1.1592e+03    530.724      12738  1029.2240  1029.2217     4.4251     0.0654     0.1359    34.2299    34.2273    8.12316         34 0.0000e+00
    363.000    358.929    -0.3279  28.345750    -0.3248  28.346652     4.8301     4.9300    -0.0118    93.2779 1.0000e-12  -74.10992 -113.32234  31.513485      67.60 1.1596e+03    532.140      12772  1029.2290  1029.2270     4.4251     0.0659     0.1369    34.2303    34.2280    8.12293         34 0.0000e+00
    364.000    359.917    -0.3215  28.353499    -0.3186  28.353982     4.8304     4.9282    -0.0163    93.2788 1.0000e-12  -74.10992 -113.32234  31.513502      67.09 1.1586e+03    533.533      12806  1029.2353  1029.2330     4.4251     0.0659     0.1335    34.2329    34.2303    8.12142         33 0.0000e+00
    365.000    360.906    -0.3195  28.356096    -0.3179  28.355253     4.8264     4.9235    -0.0146    93.2709 1.0000e-12  -74.10992 -113.32234  31.513517      65.43 1.1607e+03    534.882      12838  1029.2404  1029.2380     4.4247     0.0662     0.1345    34.2334    34.2306    8.12095         32 0.0000e+00
    366.000    361.892    -0.3162  28.360292    -0.3135  28.360542     4.8267     4.9222    -0.0130    93.2621 1.0000e-12  -74.10992 -113.32234  31.513533      64.37 1.1624e+03    536.220      12870  1029.2460  1029.2437     4.4243     0.0657     0.1374    34.2347    34.2321    8.12017         32 0.0000e+00
    367.000    362.881    -0.3156  28.361319    -0.3129  28.361695     4.8285     4.9222    -0.0112    93.2473 1.0000e-12  -74.10992 -113.32234  31.513548      63.56 1.1613e+03    537.517      12901  1029.2509  1029.2486     4.4236     0.0646     0.1382    34.2348    34.2323    8.12004         29 0.0000e+00
    368.000    363.869    -0.3130  28.364709    -0.3104  28.364886     4.8277     4.9255    -0.0030    93.2484 1.0000e-12  -74.10992 -113.32234  31.513564      62.63 1.1608e+03    538.886      12934  1029.2563  1029.2539     4.4237     0.0650     0.1332    34.2359    34.2332    8.11943         34 0.0000e+00
    369.000    364.857    -0.3118  28.366384    -0.3097  28.366048     4.8275     4.9189    -0.0125    93.2634 1.0000e-12  -74.10992 -113.32234  31.513580      61.90 1.1602e+03    540.311      12968  1029.2612  1029.2588     4.4244     0.0647     0.1385    34.2361    34.2333    8.11916         33 0.0000e+00
    370.000    365.845    -0.3115  28.367190    -0.3095  28.366916     4.8277     4.9150    -0.0174    93.2484 1.0000e-12  -74.10992 -113.32234  31.513595      60.66 1.1611e+03    541.592      12999  1029.2661  1029.2639     4.4237     0.0650     0.1381    34.2363    34.2337    8.11909         30 0.0000e+00
    371.000    366.832    -0.3098  28.369652    -0.3077  28.369250     4.8237     4.9211    -0.0137    93.2460 1.0000e-12  -74.10992 -113.32234  31.513610      59.86 1.1617e+03    542.867      13030  1029.2713  1029.2689     4.4236     0.0638     0.1361    34.2371    34.2342    8.11868         32 0.0000e+00
