ocean_section_plots/required_files/ctd/dnbp2202_ctd233.cnv
* Sea-Bird SBE 9 Data File:
* FileName = D:\Data\raw\NBP2202_CTD233.hex
* Software Version Seasave V 7.26.7.121
* Temperature SN = 1649
* Conductivity SN = 2513
* Number of Bytes Per Scan = 40
* Number of Voltage Words = 5
* Number of Scans Averaged by the Deck Unit = 1
* NMEA Latitude = 73 47.58 S
* NMEA Longitude = 113 53.56 W
* NMEA UTC (Time) = Feb 13 2022  10:05:52
* NMEA baud rate = 9600
** Ship: RVIB N.B. Palmer
** Cruise: NBP2202 Thwaites
** Station: 145
** Operator: B. Bjork
# nquan = 28
# nvalues = 352                         
# units = specified
# name 0 = prDM: Pressure, Digiquartz [db]
# name 1 = depSM: Depth [salt water, m]
# name 2 = t090C: Temperature [ITS-90, deg C]
# name 3 = c0mS/cm: Conductivity [mS/cm]
# name 4 = t190C: Temperature, 2 [ITS-90, deg C]
# name 5 = c1mS/cm: Conductivity, 2 [mS/cm]
# name 6 = sbeox0ML/L: Oxygen, SBE 43 [ml/l]
# name 7 = sbeox1ML/L: Oxygen, SBE 43, 2 [ml/l]
# name 8 = flECO-AFL: Fluorescence, WET Labs ECO-AFL/FL [mg/m^3]
# name 9 = CStarTr0: Beam Transmission, WET Labs C-Star [%]
# name 10 = par: PAR/Irradiance, Biospherical/Licor
# name 11 = latitude: Latitude [deg]
# name 12 = longitude: Longitude [deg]
# name 13 = timeJ: Julian Days
# name 14 = altM: Altimeter [m]
# name 15 = spar: SPAR, Biospherical/Licor
# name 16 = timeS: Time, Elapsed [seconds]
# name 17 = scan: Scan Count
# name 18 = density00: Density [density, kg/m^3]
# name 19 = density11: Density, 2 [density, kg/m^3]
# name 20 = v3: Voltage 3
# name 21 = v4: Voltage 4
# name 22 = v5: Voltage 5
# name 23 = sal00: Salinity, Practical [PSU]
# name 24 = sal11: Salinity, Practical, 2 [PSU]
# name 25 = oxsolML/L: Oxygen Saturation, Garcia & Gordon [ml/l]
# name 26 = nbin: number of scans per bin
# name 27 = flag: flag
# span 0 =      3.000,    354.000       
# span 1 =      2.970,    350.044       
# span 2 =    -1.4440,    -0.4049       
# span 3 =  27.115909,  28.275118       
# span 4 =    -1.4430,    -0.4028       
# span 5 =  27.116023,  28.274959       
# span 6 =     4.9437,     8.6971       
# span 7 =     5.0963,     9.0046       
# span 8 =     0.0663,    22.8598       
# span 9 =    76.9731,    97.1860       
# span 10 = 1.0000e-12, 8.5182e+00      
# span 11 =  -73.79312,  -73.79312      
# span 12 = -113.89270, -113.89264      
# span 13 =  44.423415,  44.429061      
# span 14 =       3.51,     100.13      
# span 15 = 7.4041e+01, 9.9891e+01      
# span 16 =    231.086,    718.837      
# span 17 =       5547,      17253      
# span 18 =  1027.1630,  1029.1888      
# span 19 =  1027.1617,  1029.1867      
# span 20 =     3.6520,     4.6104      
# span 21 =     0.0776,     3.5991      
# span 22 =     0.1195,     0.2630      
# span 23 =    33.7638,    34.2281      
# span 24 =    33.7622,    34.2257      
# span 25 =    8.13953,    8.38398      
# span 26 =         22,         60      
# span 27 = 0.0000e+00, 0.0000e+00      
# interval = decibars: 1                
# start_time = Feb 13 2022 10:05:52 [NMEA time, header]
# bad_flag = -9.990e-29
*END*
      3.000      2.970    -0.8835  27.374276    -0.8825  27.374028     8.6971     8.5322    17.4579    78.2135 8.5182e+00  -73.79312 -113.89266  44.423415      28.65 7.4041e+01    231.086       5547  1027.1630  1027.1617     3.7109     2.8527     0.2333    33.7655    33.7640    8.27015         33 0.0000e+00
      4.000      3.960    -0.8815  27.376463    -0.8798  27.376758     8.6846     8.5281    16.2316    78.5627 6.1314e+00  -73.79312 -113.89266  44.423477      99.80 7.4041e+01    236.449       5676  1027.1677  1027.1664     3.7273     2.6759     0.2174    33.7656    33.7641    8.26970         35 0.0000e+00
      5.000      4.951    -0.8836  27.374920    -0.8832  27.374283     8.6874     8.5660    16.8864    79.1147 3.9933e+00  -73.79312 -113.89266  44.423498      82.38 7.4041e+01    238.233       5719  1027.1724  1027.1714     3.7535     2.9922     0.2067    33.7653    33.7640    8.27019         28 0.0000e+00
      6.000      5.939    -0.8866  27.373154    -0.8855  27.373014     8.6856     8.6100    17.6943    79.3156 2.7820e+00  -73.79312 -113.89266  44.423531      97.80 7.4041e+01    241.095       5787  1027.1777  1027.1765     3.7630     3.1909     0.2138    33.7657    33.7643    8.27083         41 0.0000e+00
      7.000      6.927    -0.8832  27.376486    -0.8822  27.376112     8.6832     8.6669    19.5268    78.1273 1.9339e+00  -73.79312 -113.89266  44.423556     100.08 7.4041e+01    243.254       5839  1027.1823  1027.1809     3.7064     3.0796     0.2178    33.7657    33.7641    8.27008         39 0.0000e+00
      8.000      7.917    -0.8906  27.370698    -0.8899  27.370181     8.6796     8.7322    18.8834    78.7155 1.4168e+00  -73.79312 -113.89266  44.423588      99.96 7.4041e+01    246.031       5906  1027.1874  1027.1861     3.7345     2.8365     0.2194    33.7655    33.7640    8.27171         37 0.0000e+00
      9.000      8.908    -0.8882  27.373158    -0.8867  27.373183     8.6859     8.7846    22.8598    78.4260 1.0178e+00  -73.79312 -113.89266  44.423616      99.96 7.4041e+01    248.457       5964  1027.1920  1027.1906     3.7210     3.4240     0.2293    33.7656    33.7639    8.27119         40 0.0000e+00
     10.000      9.898    -0.8870  27.374473    -0.8855  27.374559     8.6884     8.8401    20.9445    77.4805 7.6034e-01  -73.79312 -113.89266  44.423648      99.98 7.4041e+01    251.229       6030  1027.1966  1027.1953     3.6760     3.5430     0.2106    33.7654    33.7639    8.27094         43 0.0000e+00
     11.000     10.886    -0.8861  27.375677    -0.8845  27.375964     8.6861     8.8869    20.4328    78.9086 5.5793e-01  -73.79312 -113.89266  44.423678      97.68 7.4041e+01    253.737       6091  1027.2013  1027.2001     3.7442     3.3494     0.2359    33.7654    33.7640    8.27074         44 0.0000e+00
     12.000     11.874    -0.8852  27.376811    -0.8840  27.376677     8.6867     8.9273    20.8621    78.7263 4.1372e-01  -73.79312 -113.89266  44.423709      99.91 7.4041e+01    256.451       6156  1027.2061  1027.2047     3.7351     3.1403     0.2260    33.7654    33.7638    8.27055         32 0.0000e+00
     13.000     12.865    -0.8872  27.375575    -0.8861  27.375435     8.6865     8.9439    20.2687    79.2611 2.9810e-01  -73.79312 -113.89266  44.423738      99.98 7.4041e+01    258.935       6215  1027.2109  1027.2097     3.7598     3.4386     0.2180    33.7653    33.7638    8.27098         34 0.0000e+00
     14.000     13.855    -0.8887  27.374866    -0.8868  27.375310     8.6854     8.9553    19.6633    79.3650 2.1854e-01  -73.79312 -113.89266  44.423767      99.97 7.4041e+01    261.483       6277  1027.2158  1027.2146     3.7653     3.1070     0.2229    33.7653    33.7639    8.27130         38 0.0000e+00
     15.000     14.845    -0.8868  27.377046    -0.8853  27.377114     8.6865     8.9588    18.4532    78.6543 1.5726e-01  -73.79312 -113.89266  44.423797      99.95 7.4041e+01    264.020       6337  1027.2207  1027.2194     3.7317     3.0507     0.2184    33.7656    33.7640    8.27088         42 0.0000e+00
     16.000     15.833    -0.8883  27.376139    -0.8877  27.375499     8.6822     8.9646    21.3441    79.6194 1.0686e-01  -73.79312 -113.89267  44.423825      99.97 7.4041e+01    266.441       6396  1027.2254  1027.2242     3.7769     2.9008     0.2019    33.7653    33.7638    8.27121         33 0.0000e+00
     17.000     16.826    -0.8939  27.371525    -0.8956  27.368825     8.6675     8.9567    19.8620    78.6709 7.0037e-02  -73.79312 -113.89267  44.423853      99.98 7.4041e+01    268.939       6456  1027.2301  1027.2288     3.7327     3.5814     0.2502    33.7648    33.7630    8.27249         42 0.0000e+00
     18.000     17.813    -0.8983  27.368079    -0.8970  27.367975     8.6702     8.9555    19.6578    79.0512 4.0973e-02  -73.79312 -113.89266  44.423883      99.97 7.4041e+01    271.523       6518  1027.2348  1027.2335     3.7510     3.3805     0.2253    33.7645    33.7628    8.27348         41 0.0000e+00
     19.000     18.801    -0.8974  27.369185    -0.8960  27.369228     8.6642     8.9702    21.1929    79.6525 1.8808e-02  -73.79312 -113.89266  44.423911      99.98 7.4041e+01    273.925       6575  1027.2394  1027.2381     3.7793     3.2105     0.2080    33.7643    33.7628    8.27329         41 0.0000e+00
     20.000     19.792    -0.8984  27.368878    -0.8979  27.368290     8.6729     8.9835    20.1192    78.6469 3.6856e-03  -73.79312 -113.89266  44.423936      99.97 7.4041e+01    276.045       6626  1027.2443  1027.2432     3.7314     3.2625     0.2260    33.7644    33.7631    8.27350         34 0.0000e+00
     21.000     20.782    -0.8979  27.369595    -0.8967  27.369645     8.6713     8.9879    18.5599    78.4133 1.2983e-05  -73.79312 -113.89266  44.423956      99.96 7.4041e+01    277.764       6667  1027.2489  1027.2477     3.7202     3.1151     0.2069    33.7642    33.7629    8.27340         42 0.0000e+00
     22.000     21.770    -0.8983  27.369662    -0.8969  27.369858     8.6750     8.9974    20.2986    78.9404 1.0000e-12  -73.79312 -113.89266  44.423976      99.85 7.4265e+01    279.540       6710  1027.2536  1027.2524     3.7451     3.2397     0.2029    33.7641    33.7627    8.27349         41 0.0000e+00
     23.000     22.761    -0.8980  27.370661    -0.8966  27.370743     8.6724     8.9959    21.1058    78.5317 1.0000e-12  -73.79312 -113.89266  44.423996      99.98 7.4580e+01    281.231       6751  1027.2587  1027.2574     3.7259     3.4577     0.2413    33.7646    33.7630    8.27341         39 0.0000e+00
     24.000     23.750    -0.8973  27.371897    -0.8961  27.371896     8.6656     8.9918    20.2176    78.5878 1.0000e-12  -73.79312 -113.89266  44.424016      99.98 7.4684e+01    282.963       6792  1027.2637  1027.2625     3.7276     3.0834     0.2229    33.7648    33.7634    8.27324         41 0.0000e+00
     25.000     24.740    -0.8977  27.372004    -0.8962  27.372222     8.6676     8.9966    19.4961    77.0245 1.0000e-12  -73.79312 -113.89266  44.424036      99.98 7.4882e+01    284.714       6834  1027.2685  1027.2672     3.6554     3.4780     0.2330    33.7648    33.7634    8.27332         38 0.0000e+00
     26.000     25.729    -0.8985  27.371848    -0.8978  27.371258     8.6655     8.9905    19.1727    79.7496 1.0000e-12  -73.79312 -113.89266  44.424055      99.96 7.4421e+01    286.387       6874  1027.2733  1027.2720     3.7833     3.2105     0.2150    33.7648    33.7632    8.27349         42 0.0000e+00
     27.000     26.720    -0.9033  27.368115    -0.9019  27.368287     8.6648     8.9855    20.3341    79.1454 1.0000e-12  -73.79312 -113.89266  44.424075      99.96 7.4468e+01    288.108       6916  1027.2783  1027.2770     3.7546     3.1353     0.2044    33.7646    33.7631    8.27457         33 0.0000e+00
     28.000     27.709    -0.9051  27.367131    -0.9044  27.366595     8.6578     8.9885    18.0043    78.8096 1.0000e-12  -73.79312 -113.89266  44.424095      99.98 7.5501e+01    289.821       6957  1027.2831  1027.2819     3.7388     3.2747     0.2162    33.7646    33.7630    8.27496         40 0.0000e+00
     29.000     28.699    -0.9045  27.367976    -0.9029  27.368158     8.6485     8.9898    19.8626    78.7735 1.0000e-12  -73.79312 -113.89266  44.424115      99.29 7.5558e+01    291.546       6998  1027.2878  1027.2865     3.7375     3.1136     0.2314    33.7645    33.7629    8.27484         43 0.0000e+00
     30.000     29.688    -0.9050  27.368048    -0.9039  27.367920     8.6603     8.9947    20.5263    80.0279 1.0000e-12  -73.79312 -113.89266  44.424135      97.08 7.4273e+01    293.242       7039  1027.2926  1027.2914     3.7968     3.1155     0.2147    33.7645    33.7631    8.27494         39 0.0000e+00
     31.000     30.677    -0.9011  27.371471    -0.9002  27.371052     8.6742     9.0015    19.0142    79.6814 1.0000e-12  -73.79312 -113.89267  44.424154      99.98 7.5339e+01    294.919       7079  1027.2968  1027.2955     3.7804     3.4346     0.2431    33.7641    33.7626    8.27410         38 0.0000e+00
     32.000     31.667    -0.8991  27.373331    -0.8988  27.372513     8.6661     9.0046    19.4198    78.0032 1.0000e-12  -73.79312 -113.89267  44.424174      99.98 7.6014e+01    296.635       7120  1027.3013  1027.3001     3.7007     3.4181     0.2343    33.7638    33.7623    8.27369         37 0.0000e+00
     33.000     32.657    -0.9009  27.372333    -0.8985  27.373074     8.6637     8.9923    19.7116    79.1004 1.0000e-12  -73.79312 -113.89267  44.424193      99.96 7.4325e+01    298.261       7159  1027.3062  1027.3047     3.7521     3.1496     0.2311    33.7638    33.7622    8.27408         35 0.0000e+00
     34.000     33.646    -0.9065  27.368313    -0.9042  27.369004     8.6528     8.9854    18.5659    78.6451 1.0000e-12  -73.79312 -113.89267  44.424212      99.97 7.5219e+01    299.899       7199  1027.3115  1027.3101     3.7307     3.4775     0.2350    33.7640    33.7624    8.27529         39 0.0000e+00
     35.000     34.636    -0.9097  27.366090    -0.9086  27.365985     8.6479     8.9813    19.1973    78.3729 1.0000e-12  -73.79312 -113.89268  44.424233      99.98 7.6407e+01    301.711       7242  1027.3164  1027.3153     3.7185     2.9057     0.1844    33.7640    33.7626    8.27601         43 0.0000e+00
     36.000     35.625    -0.9140  27.363371    -0.9133  27.362785     8.6484     8.9819    18.4060    78.2790 1.0000e-12  -73.79312 -113.89268  44.424252      99.97 7.5040e+01    303.369       7282  1027.3218  1027.3206     3.7138     3.3226     0.1974    33.7645    33.7629    8.27692         39 0.0000e+00
     37.000     36.614    -0.9115  27.365598    -0.9092  27.366379     8.6502     8.9809    18.9223    78.7976 1.0000e-12  -73.79312 -113.89268  44.424272      99.44 7.6057e+01    305.070       7323  1027.3261  1027.3248     3.7384     2.9372     0.2148    33.7641    33.7626    8.27639         40 0.0000e+00
     38.000     37.605    -0.9140  27.364185    -0.9095  27.366752     8.6506     8.9907    18.3189    78.7272 1.0000e-12  -73.79312 -113.89268  44.424293      99.07 7.6618e+01    306.897       7367  1027.3313  1027.3298     3.7351     3.1911     0.2188    33.7644    33.7628    8.27693         31 0.0000e+00
     39.000     38.593    -0.9105  27.367598    -0.9078  27.368560     8.6560     8.9849    18.4938    79.1396 1.0000e-12  -73.79312 -113.89268  44.424311      99.96 7.5635e+01    308.495       7405  1027.3359  1027.3343     3.7546     3.1650     0.1893    33.7645    33.7627    8.27616         41 0.0000e+00
     40.000     39.582    -0.9089  27.369228    -0.9073  27.369333     8.6483     8.9890    18.6506    80.9723 1.0000e-12  -73.79312 -113.89268  44.424331      99.97 7.6754e+01    310.215       7446  1027.3404  1027.3391     3.8415     3.1462     0.2418    33.7643    33.7627    8.27582         40 0.0000e+00
     41.000     40.574    -0.9078  27.370527    -0.9062  27.370660     8.6498     8.9905    18.9186    79.3241 1.0000e-12  -73.79312 -113.89268  44.424351      99.98 7.7167e+01    311.944       7488  1027.3451  1027.3437     3.7634     3.4866     0.2248    33.7641    33.7625    8.27557         39 0.0000e+00
     42.000     41.561    -0.9080  27.370872    -0.9071  27.370601     8.6389     8.9919    20.7158    79.7494 1.0000e-12  -73.79312 -113.89268  44.424370      99.98 7.6146e+01    313.565       7527  1027.3499  1027.3488     3.7835     3.4752     0.2187    33.7642    33.7629    8.27561         37 0.0000e+00
     43.000     42.551    -0.9101  27.369964    -0.9074  27.371005     8.6500     8.9880    21.1679    80.3488 1.0000e-12  -73.79312 -113.89268  44.424390      68.50 7.7187e+01    315.290       7568  1027.3553  1027.3539     3.8120     3.5991     0.2489    33.7648    33.7631    8.27605         38 0.0000e+00
     44.000     43.541    -0.9096  27.370996    -0.9078  27.371461     8.6555     8.9830    20.1486    78.2641 1.0000e-12  -73.79312 -113.89268  44.424409      99.72 7.7476e+01    316.924       7607  1027.3602  1027.3590     3.7131     3.0133     0.2221    33.7649    33.7636    8.27592         40 0.0000e+00
     45.000     44.530    -0.9106  27.370653    -0.9103  27.369756     8.6549     8.9859    20.7485    78.6994 1.0000e-12  -73.79312 -113.89268  44.424429      95.13 7.6966e+01    318.687       7649  1027.3651  1027.3639     3.7337     2.9526     0.2447    33.7650    33.7635    8.27614         44 0.0000e+00
     46.000     45.520    -0.9084  27.372996    -0.9072  27.372845     8.6646     8.9789    19.9113    79.4148 1.0000e-12  -73.79312 -113.89268  44.424450      99.98 7.7519e+01    320.441       7692  1027.3699  1027.3685     3.7677     3.3639     0.2332    33.7651    33.7635    8.27565         38 0.0000e+00
     47.000     46.510    -0.9070  27.374574    -0.9072  27.373251     8.6611     8.9879    19.7832    79.2015 1.0000e-12  -73.79312 -113.89268  44.424469      99.96 7.7566e+01    322.113       7732  1027.3745  1027.3733     3.7575     3.3517     0.2217    33.7650    33.7635    8.27535         39 0.0000e+00
     48.000     47.498    -0.9053  27.376464    -0.9040  27.376239     8.6606     8.9876    19.7368    78.1281 1.0000e-12  -73.79312 -113.89268  44.424489      99.98 7.7567e+01    323.885       7774  1027.3793  1027.3777     3.7060     3.3608     0.2448    33.7651    33.7633    8.27497         33 0.0000e+00
     49.000     48.489    -0.9025  27.378562    -0.9016  27.378101     8.6529     8.9811    20.0272    79.1725 1.0000e-12  -73.79312 -113.89268  44.424509      99.97 7.7567e+01    325.600       7815  1027.3832  1027.3817     3.7561     3.1611     0.2223    33.7642    33.7625    8.27441         33 0.0000e+00
     50.000     49.478    -0.9092  27.373478    -0.9090  27.372580     8.6456     8.9644    21.2062    79.3449 1.0000e-12  -73.79312 -113.89268  44.424529      99.96 7.7567e+01    327.306       7856  1027.3884  1027.3872     3.7643     3.0578     0.2056    33.7641    33.7627    8.27588         39 0.0000e+00
     51.000     50.467    -0.9192  27.366082    -0.9172  27.366669     8.6444     8.9678    20.2154    79.0875 1.0000e-12  -73.79312 -113.89268  44.424548      99.99 7.7567e+01    328.987       7897  1027.3943  1027.3930     3.7523     3.1859     0.2233    33.7647    33.7633    8.27805         36 0.0000e+00
     52.000     51.457    -0.9178  27.367925    -0.9163  27.367925     8.6382     8.9773    19.7989    79.5503 1.0000e-12  -73.79312 -113.89268  44.424568      99.96 7.7567e+01    330.709       7938  1027.3992  1027.3978     3.7741     3.0272     0.2086    33.7650    33.7634    8.27772         42 0.0000e+00
     53.000     52.446    -0.9171  27.368915    -0.9162  27.368593     8.6332     8.9695    17.7380    79.5335 1.0000e-12  -73.79312 -113.89268  44.424588      94.55 7.7567e+01    332.392       7978  1027.4039  1027.4026     3.7733     2.7823     0.1983    33.7650    33.7635    8.27758         38 0.0000e+00
