ocean_section_plots/required_files/ctd/dnbp2202_ctd011.cnv
* Sea-Bird SBE 9 Data File:
* FileName = D:\Data\raw\NBP2202_CTD011.hex
* Software Version Seasave V 7.26.7.121
* Temperature SN = 1649
* Conductivity SN = 2513
* Number of Bytes Per Scan = 40
* Number of Voltage Words = 5
* Number of Scans Averaged by the Deck Unit = 1
* NMEA Latitude = 73 07.20 S
* NMEA Longitude = 113 53.83 W
* NMEA UTC (Time) = Jan 16 2022  23:46:08
* NMEA baud rate = 9600
** Ship: RVIB N.B. Palmer
** Cruise: NBP2202 Thwaites
** Station: #6
** Operator: A. Robinson
# nquan = 25
# nvalues = 547                         
# units = specified
# name 0 = prDM: Pressure, Digiquartz [db]
# name 1 = depSM: Depth [salt water, m]
# name 2 = t090C: Temperature [ITS-90, deg C]
# name 3 = c0mS/cm: Conductivity [mS/cm]
# name 4 = t190C: Temperature, 2 [ITS-90, deg C]
# name 5 = c1mS/cm: Conductivity, 2 [mS/cm]
# name 6 = sbeox0ML/L: Oxygen, SBE 43 [ml/l]
# name 7 = sbeox1ML/L: Oxygen, SBE 43, 2 [ml/l]
# name 8 = flECO-AFL: Fluorescence, WET Labs ECO-AFL/FL [mg/m^3]
# name 9 = CStarTr0: Beam Transmission, WET Labs C-Star [%]
# name 10 = par: PAR/Irradiance, Biospherical/Licor
# name 11 = latitude: Latitude [deg]
# name 12 = longitude: Longitude [deg]
# name 13 = timeJ: Julian Days
# name 14 = altM: Altimeter [m]
# name 15 = spar: SPAR, Biospherical/Licor
# name 16 = timeS: Time, Elapsed [seconds]
# name 17 = scan: Scan Count
# name 18 = density00: Density [density, kg/m^3]
# name 19 = density11: Density, 2 [density, kg/m^3]
# name 20 = sal00: Salinity, Practical [PSU]
# name 21 = sal11: Salinity, Practical, 2 [PSU]
# name 22 = oxsolML/L: Oxygen Saturation, Garcia & Gordon [ml/l]
# name 23 = nbin: number of scans per bin
# name 24 = flag: flag
# span 0 =      3.000,    549.000       
# span 1 =      2.971,    542.638       
# span 2 =    -1.5912,     0.5421       
# span 3 =  27.054809,  29.425556       
# span 4 =    -1.5906,     0.5444       
# span 5 =  27.054571,  29.425723       
# span 6 =     4.5597,     8.7376       
# span 7 =     4.8032,     9.2364       
# span 8 =    -0.0135,    27.2202       
# span 9 =    71.3737,    98.8069       
# span 10 = -1.810e-05, 2.2368e+02      
# span 11 =  -73.12018,  -73.12014      
# span 12 = -113.89721, -113.89714      
# span 13 =  16.993235,  17.002877      
# span 14 =     -48.92,     100.20      
# span 15 = 5.5219e+02, 2.3974e+03      
# span 16 =    247.478,   1080.581      
# span 17 =       5940,      25935      
# span 18 =  1027.2358,  1030.3224      
# span 19 =  1027.2354,  1030.3204      
# span 20 =    33.8792,    34.5713      
# span 21 =    33.8790,    34.5685      
# span 22 =    7.92196,    8.40920      
# span 23 =          3,         47      
# span 24 = 0.0000e+00, 0.0000e+00      
# interval = decibars: 1                
# start_time = Jan 16 2022 23:46:08 [NMEA time, header]
# bad_flag = -9.990e-29
*END*
[from data line 290]
    293.000    289.777    -1.3601  27.388440    -1.3589  27.388257     6.1615     6.5044     0.0427    98.4275 1.0000e-12  -73.12016 -113.89718  16.998412      99.89 1.0757e+03    694.836      16677  1028.8761  1028.8748    34.1442    34.1426    8.35361         28 0.0000e+00
    294.000    290.766    -1.3679  27.382505    -1.3673  27.381833     6.1669     6.5063     0.0594    98.4216 1.0000e-12  -73.12016 -113.89718  16.998425      99.89 1.1201e+03    695.940      16704  1028.8818  1028.8804    34.1443    34.1427    8.35535         25 0.0000e+00
    295.000    291.754    -1.3596  27.391412    -1.3584  27.390816     6.1599     6.5013     0.0864    98.2178 1.0000e-12  -73.12016 -113.89718  16.998437      99.88 1.1479e+03    696.943      16728  1028.8878  1028.8861    34.1465    34.1443    8.35336         24 0.0000e+00
    296.000    292.743    -1.3631  27.389433    -1.3620  27.388997     6.1606     6.4952     0.1918    98.5343 1.0000e-12  -73.12016 -113.89718  16.998449      99.88 1.1623e+03    698.036      16754  1028.8936  1028.8921    34.1471    34.1453    8.35411         29 0.0000e+00
    297.000    293.731    -1.3634  27.389452    -1.3633  27.388385     6.1691     6.5045     0.0375    98.5356 1.0000e-12  -73.12016 -113.89718  16.998464      99.88 1.2338e+03    699.326      16785  1028.8984  1028.8970    34.1469    34.1452    8.35419         33 0.0000e+00
    298.000    294.719    -1.3752  27.380275    -1.3740  27.380214     6.1903     6.5202     0.0320    98.5614 1.0000e-12  -73.12016 -113.89718  16.998480      99.89 1.2911e+03    700.651      16817  1028.9042  1028.9030    34.1471    34.1457    8.35681         30 0.0000e+00
    299.000    295.707    -1.3881  27.371116    -1.3869  27.371037     6.1922     6.5236     0.0289    98.5477 1.0000e-12  -73.12016 -113.89718  16.998494      99.89 1.2908e+03    701.846      16845  1028.9112  1028.9099    34.1487    34.1471    8.35963         27 0.0000e+00
    300.000    296.695    -1.3896  27.370581    -1.3881  27.370600     6.1901     6.5232     0.0235    98.5613 1.0000e-12  -73.12016 -113.89718  16.998507      79.82 1.3536e+03    702.963      16872  1028.9163  1028.9148    34.1489    34.1472    8.35993         27 0.0000e+00
    301.000    297.684    -1.3892  27.371330    -1.3879  27.371156     6.1891     6.5252     0.0160    98.5654 1.0000e-12  -73.12016 -113.89718  16.998519      89.22 1.4786e+03    704.081      16899  1028.9211  1028.9196    34.1489    34.1472    8.35985         28 0.0000e+00
    302.000    298.672    -1.3915  27.369703    -1.3895  27.370173     6.1885     6.5238     0.0526    98.5554 1.0000e-12  -73.12016 -113.89718  16.998534      99.32 1.4627e+03    705.296      16928  1028.9257  1028.9243    34.1486    34.1471    8.36037         30 0.0000e+00
    303.000    299.660    -1.3944  27.367812    -1.3934  27.367355     6.2013     6.5303     0.0351    98.5671 1.0000e-12  -73.12016 -113.89718  16.998548      99.89 1.4295e+03    706.565      16959  1028.9308  1028.9293    34.1488    34.1470    8.36102         29 0.0000e+00
    304.000    300.649    -1.3993  27.364164    -1.3991  27.363150     6.2055     6.5373     0.0144    98.5844 1.0000e-12  -73.12016 -113.89718  16.998561      99.89 1.3252e+03    707.695      16986  1028.9359  1028.9346    34.1487    34.1472    8.36213         26 0.0000e+00
    305.000    301.635    -1.4079  27.357185    -1.4078  27.356347     6.2105     6.5452     0.0215    98.5879 1.0000e-12  -73.12016 -113.89718  16.998573      99.88 1.2283e+03    708.717      17010  1028.9408  1028.9399    34.1482    34.1471    8.36407         24 0.0000e+00
    306.000    302.626    -1.4151  27.351719    -1.4145  27.351133     6.2134     6.5504     0.0223    98.6066 1.0000e-12  -73.12017 -113.89718  16.998586      99.89 1.2819e+03    709.841      17037  1028.9461  1028.9448    34.1484    34.1469    8.36569         30 0.0000e+00
    307.000    303.614    -1.4207  27.347524    -1.4198  27.347110     6.2145     6.5472     0.0290    98.5950 1.0000e-12  -73.12016 -113.89718  16.998602      99.89 1.3083e+03    711.213      17070  1028.9511  1028.9498    34.1484    34.1468    8.36695         34 0.0000e+00
    308.000    304.601    -1.4246  27.345074    -1.4236  27.344668     6.2232     6.5632     0.0535    98.5953 1.0000e-12  -73.12016 -113.89718  16.998617      99.88 1.3145e+03    712.531      17102  1028.9564  1028.9550    34.1488    34.1471    8.36780         29 0.0000e+00
    309.000    305.589    -1.4302  27.340933    -1.4302  27.340159     6.2124     6.5588     0.0524    98.5932 1.0000e-12  -73.12016 -113.89718  16.998630      99.89 1.3143e+03    713.630      17128  1028.9616  1028.9607    34.1489    34.1478    8.36905         24 0.0000e+00
    310.000    306.578    -1.4376  27.335814    -1.4366  27.335317     6.2276     6.5578     0.0210    98.5932 1.0000e-12  -73.12016 -113.89718  16.998642      99.88 1.3960e+03    714.666      17153  1028.9674  1028.9658    34.1497    34.1478    8.37067         26 0.0000e+00
    311.000    307.566    -1.4340  27.339681    -1.4330  27.339207     6.2158     6.5597     0.0216    98.5525 1.0000e-12  -73.12016 -113.89718  16.998655      92.34 1.4521e+03    715.754      17179  1028.9722  1028.9708    34.1502    34.1485    8.36982         27 0.0000e+00
    312.000    308.556    -1.4268  27.346785    -1.4260  27.345959     6.1902     6.5292     0.0252    98.5847 1.0000e-12  -73.12016 -113.89718  16.998668      82.38 1.5317e+03    716.891      17206  1028.9772  1028.9756    34.1512    34.1492    8.36815         28 0.0000e+00
    313.000    309.542    -1.3933  27.377807    -1.3933  27.375277     6.1615     6.5012     0.0333    98.6020 1.0000e-12  -73.12016 -113.89718  16.998682      98.23 1.7580e+03    718.156      17237  1028.9828  1028.9800    34.1551    34.1516    8.36041         32 0.0000e+00
    314.000    310.531    -1.3596  27.407739    -1.3590  27.406740     6.1543     6.4898     0.0248    98.5807 1.0000e-12  -73.12016 -113.89718  16.998698      99.90 1.8573e+03    719.512      17269  1028.9871  1028.9854    34.1572    34.1551    8.35273         33 0.0000e+00
    315.000    311.518    -1.3614  27.406919    -1.3606  27.406148     6.1504     6.4854     0.0144    98.5956 1.0000e-12  -73.12016 -113.89718  16.998713      99.88 1.8019e+03    720.806      17300  1028.9925  1028.9909    34.1575    34.1554    8.35311         30 0.0000e+00
    316.000    312.508    -1.3618  27.406776    -1.3620  27.405423     6.1485     6.4925     0.0129    98.6031 1.0000e-12  -73.12016 -113.89718  16.998727      99.89 1.9022e+03    721.991      17329  1028.9972  1028.9959    34.1571    34.1555    8.35323         27 0.0000e+00
    317.000    313.496    -1.3656  27.404086    -1.3647  27.403552     6.1521     6.4975     0.0075    98.6235 1.0000e-12  -73.12016 -113.89718  16.998739      99.88 1.9763e+03    723.077      17355  1029.0024  1029.0009    34.1571    34.1554    8.35408         25 0.0000e+00
    318.000    314.483    -1.3682  27.402213    -1.3667  27.402284     6.1465     6.4864     0.0142    98.6388 1.0000e-12  -73.12016 -113.89718  16.998751      99.88 2.0005e+03    724.109      17380  1029.0072  1029.0058    34.1568    34.1552    8.35466         25 0.0000e+00
    319.000    315.472    -1.3631  27.408048    -1.3615  27.407604     6.1319     6.4686     0.0149    98.6279 1.0000e-12  -73.12016 -113.89718  16.998764      99.88 2.1192e+03    725.184      17405  1029.0130  1029.0109    34.1584    34.1560    8.35343         26 0.0000e+00
    320.000    316.460    -1.3426  27.427129    -1.3412  27.426144     6.1286     6.4605     0.0291    98.6351 1.0000e-12  -73.12016 -113.89718  16.998777      99.89 2.2659e+03    726.351      17433  1029.0183  1029.0158    34.1607    34.1577    8.34872         30 0.0000e+00
    321.000    317.448    -1.3184  27.448766    -1.3214  27.444827     6.1321     6.4680     0.0268    98.6183 1.0000e-12  -73.12016 -113.89718  16.998791      99.88 2.2672e+03    727.580      17463  1029.0228  1029.0214    34.1622    34.1602    8.34321         30 0.0000e+00
    322.000    318.437    -1.3302  27.439305    -1.3285  27.439420     6.1393     6.4652     0.0182    98.5550 1.0000e-12  -73.12016 -113.89718  16.998807      99.88 2.2093e+03    728.900      17495  1029.0285  1029.0270    34.1620    34.1603    8.34586         32 0.0000e+00
    323.000    319.424    -1.3196  27.449289    -1.3198  27.447738     6.1418     6.4697     0.0188    98.5975 1.0000e-12  -73.12016 -113.89718  16.998822      88.02 2.1786e+03    730.231      17527  1029.0335  1029.0320    34.1630    34.1611    8.34343         31 0.0000e+00
    324.000    320.412    -1.3193  27.450706    -1.3178  27.450422     6.1312     6.4617     0.0164    98.6483 1.0000e-12  -73.12016 -113.89718  16.998835      98.97 2.1794e+03    731.362      17554  1029.0392  1029.0374    34.1640    34.1619    8.34330         24 0.0000e+00
    325.000    321.401    -1.3239  27.447060    -1.3231  27.446726     6.1422     6.4702     0.0143    98.6419 1.0000e-12  -73.12016 -113.89718  16.998847      99.89 2.1812e+03    732.346      17577  1029.0441  1029.0430    34.1636    34.1623    8.34435         23 0.0000e+00
    326.000    322.389    -1.3274  27.444728    -1.3254  27.445162     6.1705     6.4971     0.0179    98.6397 1.0000e-12  -73.12016 -113.89718  16.998858      99.88 2.1897e+03    733.350      17601  1029.0494  1029.0479    34.1639    34.1622    8.34514         26 0.0000e+00
    327.000    323.377    -1.3454  27.429528    -1.3463  27.428097     6.1750     6.5102     0.0173    98.6485 1.0000e-12  -73.12016 -113.89718  16.998872      99.88 2.2335e+03    734.555      17630  1029.0547  1029.0540    34.1629    34.1618    8.34922         32 0.0000e+00
    328.000    324.366    -1.3719  27.407928    -1.3691  27.408580     6.1593     6.4911     0.0083    98.6748 1.0000e-12  -73.12016 -113.89718  16.998888      99.88 2.3285e+03    735.914      17663  1029.0612  1029.0592    34.1627    34.1605    8.35514         31 0.0000e+00
    329.000    325.353    -1.3523  27.425199    -1.3516  27.424285     6.1439     6.4718     0.0134    98.6360 1.0000e-12  -73.12016 -113.89718  16.998901      99.88 2.3790e+03    737.088      17691  1029.0652  1029.0635    34.1635    34.1615    8.35071         26 0.0000e+00
    330.000    326.341    -1.3482  27.429962    -1.3470  27.429434     6.1157     6.4645     0.0068    98.6017 1.0000e-12  -73.12016 -113.89718  16.998914      99.88 2.3928e+03    738.160      17717  1029.0706  1029.0689    34.1648    34.1627    8.34973         26 0.0000e+00
    331.000    327.330    -1.3381  27.439779    -1.3369  27.439358     6.0909     6.4307     0.0069    98.6282 1.0000e-12  -73.12016 -113.89718  16.998928      99.89 2.3974e+03    739.362      17746  1029.0758  1029.0741    34.1661    34.1641    8.34738         33 0.0000e+00
    332.000    328.317    -1.3225  27.454229    -1.3220  27.453168     6.0833     6.4267     0.0069    98.6580 1.0000e-12  -73.12016 -113.89718  16.998944      99.88 2.3966e+03    740.803      17780  1029.0807  1029.0791    34.1676    34.1656    8.34381         34 0.0000e+00
    333.000    329.306    -1.3149  27.461326    -1.3149  27.459933     6.0961     6.4302     0.0167    98.6419 1.0000e-12  -73.12016 -113.89718  16.998959      75.98 2.3395e+03    742.075      17811  1029.0854  1029.0839    34.1680    34.1661    8.34209         27 0.0000e+00
    334.000    330.295    -1.3139  27.463037    -1.3120  27.463403     6.1127     6.4252     0.0240    98.6425 1.0000e-12  -73.12016 -113.89718  16.998971      91.40 2.2047e+03    743.071      17835  1029.0907  1029.0892    34.1686    34.1669    8.34183         22 0.0000e+00
    335.000    331.281    -1.3145  27.462938    -1.3112  27.464989     6.1576     6.4613     0.0143    98.6344 1.0000e-12  -73.12016 -113.89718  16.998981      97.82 2.0903e+03    743.975      17856  1029.0955  1029.0946    34.1685    34.1676    8.34196         22 0.0000e+00
    336.000    332.271    -1.3451  27.437313    -1.3439  27.437760     6.2292     6.5499     0.0149    98.5672 1.0000e-12  -73.12016 -113.89718  16.998992      99.85 2.0664e+03    744.940      17880  1029.1018  1029.1011    34.1676    34.1669    8.34886         25 0.0000e+00
    337.000    333.259    -1.4232  27.369120    -1.4202  27.372425     6.3010     6.6296     0.0189    98.6034 1.0000e-12  -73.12016 -113.89718  16.999007      99.88 2.0144e+03    746.216      17910  1029.1076  1029.1084    34.1623    34.1634    8.36668         37 0.0000e+00
    338.000    334.244    -1.5143  27.291977    -1.5136  27.291506     6.3226     6.6608     0.0093    98.6391 1.0000e-12  -73.12018 -113.89719  16.999026      99.88 1.9014e+03    747.864      17950  1029.1157  1029.1145    34.1595    34.1580    8.38735         37 0.0000e+00
    339.000    335.236    -1.5035  27.302210    -1.5020  27.302238     6.3050     6.6539     0.0071    98.6361 1.0000e-12  -73.12018 -113.89718  16.999043      99.88 1.8917e+03    749.294      17984  1029.1199  1029.1185    34.1606    34.1589    8.38484         29 0.0000e+00
    340.000    336.222    -1.4979  27.307851    -1.4981  27.306509     6.2657     6.6051     0.0069    98.6620 1.0000e-12  -73.12016 -113.89718  16.999055      99.88 1.8053e+03    750.376      18010  1029.1244  1029.1232    34.1613    34.1597    8.38353         23 0.0000e+00
    341.000    337.211    -1.4725  27.331970    -1.4703  27.331713     6.2448     6.5850     0.0069    98.6707 1.0000e-12  -73.12016 -113.89718  16.999066      99.88 1.6877e+03    751.283      18032  1029.1301  1029.1277    34.1650    34.1622    8.37760         22 0.0000e+00
    342.000    338.199    -1.4329  27.367566    -1.4306  27.367095     6.2304     6.5699     0.0178    98.6831 1.0000e-12  -73.12016 -113.89718  16.999076      99.88 1.6109e+03    752.186      18053  1029.1345  1029.1317    34.1681    34.1649    8.36850         23 0.0000e+00
    343.000    339.187    -1.4191  27.379093    -1.4181  27.378590     6.2153     6.5529     0.0113    98.6791 1.0000e-12  -73.12018 -113.89720  16.999089      99.88 1.5699e+03    753.270      18079  1029.1380  1029.1364    34.1677    34.1659    8.36545         30 0.0000e+00
    344.000    340.175    -1.4116  27.386707    -1.4111  27.385634     6.2186     6.5460     0.0066    98.7177 1.0000e-12  -73.12018 -113.89720  16.999106      82.96 1.5705e+03    754.779      18116  1029.1433  1029.1417    34.1690    34.1670    8.36369         33 0.0000e+00
    345.000    341.162    -1.4250  27.376244    -1.4236  27.376428     6.2205     6.5783     0.0067    98.7016 1.0000e-12  -73.12018 -113.89720  16.999125      87.51 1.5687e+03    756.441      18156  1029.1492  1029.1481    34.1692    34.1679    8.36667         35 0.0000e+00
    346.000    342.151    -1.4284  27.374797    -1.4277  27.373952     6.2017     6.5481     0.0120    98.7116 1.0000e-12  -73.12018 -113.89719  16.999139     100.20 1.5609e+03    757.644      18184  1029.1553  1029.1537    34.1705    34.1685    8.36735         24 0.0000e+00
    347.000    343.140    -1.4141  27.388241    -1.4136  27.387172     6.1688     6.5039     0.0143    98.7044 1.0000e-12  -73.12018 -113.89718  16.999150      99.88 1.5424e+03    758.540      18206  1029.1603  1029.1587    34.1720    34.1700    8.36405         21 0.0000e+00
    348.000    344.126    -1.3733  27.425598    -1.3682  27.427158     6.1509     6.4840     0.0143    98.6983 1.0000e-12  -73.12018 -113.89720  16.999161      99.88 1.4495e+03    759.496      18229  1029.1656  1029.1624    34.1762    34.1726    8.35466         26 0.0000e+00
    349.000    345.115    -1.3435  27.450882    -1.3413  27.451155     6.1714     6.5114     0.0107    98.7040 1.0000e-12  -73.12018 -113.89720  16.999175      99.88 1.3164e+03    760.711      18258  1029.1687  1029.1669    34.1764    34.1742    8.34798         32 0.0000e+00
