ocean_section_plots/required_files/ctd/dnbp2202_ctd108.cnv
* Sea-Bird SBE 9 Data File:
* FileName = D:\Data\raw\NBP2202_CTD108.hex
* Software Version Seasave V 7.26.7.121
* Temperature SN = 1649
* Conductivity SN = 2513
* Number of Bytes Per Scan = 40
* Number of Voltage Words = 5
* Number of Scans Averaged by the Deck Unit = 1
* NMEA Latitude = 74 10.52 S
* NMEA Longitude = 113 20.65 W
* NMEA UTC (Time) = Jan 27 2022  06:03:35
* NMEA baud rate = 9600
** Ship: RVIB N.B. Palmer
** Cruise: NBP2202 Thwaites
** Station: YoYo001
** Operator: B. Bjork
# nquan = 25
# nvalues = 608                         
# units = specified
# name 0 = prDM: Pressure, Digiquartz [db]
# name 1 = depSM: Depth [salt water, m]
# name 2 = t090C: Temperature [ITS-90, deg C]
# name 3 = c0mS/cm: Conductivity [mS/cm]
# name 4 = t190C: Temperature, 2 [ITS-90, deg C]
# name 5 = c1mS/cm: Conductivity, 2 [mS/cm]
# name 6 = sbeox0ML/L: Oxygen, SBE 43 [ml/l]
# name 7 = sbeox1ML/L: Oxygen, SBE 43, 2 [ml/l]
# name 8 = flECO-AFL: Fluorescence, WET Labs ECO-AFL/FL [mg/m^3]
# name 9 = CStarTr0: Beam Transmission, WET Labs C-Star [%]
# name 10 = par: PAR/Irradiance, Biospherical/Licor
# name 11 = latitude: Latitude [deg]
# name 12 = longitude: Longitude [deg]
# name 13 = timeJ: Julian Days
# name 14 = altM: Altimeter [m]
# name 15 = spar: SPAR, Biospherical/Licor
# name 16 = timeS: Time, Elapsed [seconds]
# name 17 = scan: Scan Count
# name 18 = density00: Density [density, kg/m^3]
# name 19 = density11: Density, 2 [density, kg/m^3]
# name 20 = sal00: Salinity, Practical [PSU]
# name 21 = sal11: Salinity, Practical, 2 [PSU]
# name 22 = oxsolML/L: Oxygen Saturation, Garcia & Gordon [ml/l]
# name 23 = nbin: number of scans per bin
# name 24 = flag: flag
# span 0 =     10.000,    617.000       
# span 1 =      9.898,    609.708       
# span 2 =    -1.4693,     0.1194       
# span 3 =  26.967623,  28.955683       
# span 4 =    -1.4677,     0.1225       
# span 5 =  26.967400,  28.956798       
# span 6 =     4.6878,     8.4632       
# span 7 =     4.7498,     8.3870       
# span 8 =    -0.0224,    27.7085       
# span 9 =    70.5113,    95.6192       
# span 10 = 1.0000e-12, 1.6605e+00      
# span 11 =  -74.17536,  -74.17536      
# span 12 = -113.34424, -113.34422      
# span 13 =  27.252948,  27.261110      
# span 14 =       7.67,     100.20      
# span 15 = 8.2855e+01, 9.2813e+01      
# span 16 =     39.700,    744.924      
# span 17 =        954,      17879      
# span 18 =  1027.2279,  1030.5264      
# span 19 =  1027.2265,  1030.5242      
# span 20 =    33.7953,    34.3881      
# span 21 =    33.7936,    34.3859      
# span 22 =    8.01954,    8.39762      
# span 23 =         21,         47      
# span 24 = 0.0000e+00, 0.0000e+00      
# interval = decibars: 1                
# start_time = Jan 27 2022 06:03:35 [NMEA time, header]
# bad_flag = -9.990e-29
*END*
[from data line 464]
    474.000    468.558    -0.1010  28.652560    -0.0986  28.652491     4.7738     4.8325    -0.0163    95.0583 1.0000e-12  -74.17536 -113.34424  27.258975      99.86 8.6381e+01    560.455      13452  1029.8110  1029.8087    34.3177    34.3150    8.06979         23 0.0000e+00
    475.000    469.546    -0.1009  28.653068    -0.0988  28.652784     4.7733     4.8362    -0.0163    95.0505 1.0000e-12  -74.17536 -113.34424  27.258986      99.87 8.6381e+01    561.418      13475  1029.8157  1029.8134    34.3177    34.3150    8.06977         23 0.0000e+00
    476.000    470.531    -0.0978  28.656962    -0.0956  28.656696     4.7678     4.8400    -0.0147    95.0559 1.0000e-12  -74.17536 -113.34424  27.258998      99.87 8.6381e+01    562.389      13498  1029.8210  1029.8187    34.3188    34.3160    8.06905         24 0.0000e+00
    477.000    471.521    -0.0961  28.659234    -0.0921  28.660814     4.7694     4.8370    -0.0097    95.0672 1.0000e-12  -74.17536 -113.34424  27.259009      99.87 8.6381e+01    563.366      13522  1029.8261  1029.8239    34.3194    34.3170    8.06867         23 0.0000e+00
    478.000    472.506    -0.0954  28.660638    -0.0932  28.660404     4.7638     4.8288    -0.0093    95.0548 1.0000e-12  -74.17536 -113.34424  27.259020      99.87 8.6381e+01    564.344      13545  1029.8311  1029.8288    34.3198    34.3171    8.06849         23 0.0000e+00
    479.000    473.495    -0.0907  28.665769    -0.0895  28.664588     4.7680     4.8302    -0.0101    95.0559 1.0000e-12  -74.17536 -113.34424  27.259031      79.23 8.6381e+01    565.317      13569  1029.8362  1029.8338    34.3208    34.3178    8.06745         24 0.0000e+00
    480.000    474.481    -0.0907  28.666062    -0.0885  28.666001     4.7704     4.8328    -0.0090    95.0649 1.0000e-12  -74.17536 -113.34424  27.259043      95.87 8.6381e+01    566.280      13592  1029.8408  1029.8387    34.3206    34.3181    8.06746         23 0.0000e+00
    481.000    475.470    -0.0921  28.665350    -0.0900  28.665208     4.7677     4.8332    -0.0005    95.0617 1.0000e-12  -74.17536 -113.34424  27.259054      99.83 8.6381e+01    567.242      13615  1029.8457  1029.8435    34.3206    34.3180    8.06775         23 0.0000e+00
    482.000    476.457    -0.0913  28.666613    -0.0890  28.666566     4.7627     4.8350    -0.0073    95.0893 1.0000e-12  -74.17536 -113.34424  27.259065      99.87 8.6381e+01    568.195      13638  1029.8506  1029.8482    34.3208    34.3181    8.06757         23 0.0000e+00
    483.000    477.445    -0.0907  28.667675    -0.0885  28.667506     4.7617     4.8355    -0.0096    95.0696 1.0000e-12  -74.17536 -113.34424  27.259076      99.86 8.6381e+01    569.163      13661  1029.8553  1029.8530    34.3209    34.3183    8.06743         23 0.0000e+00
    484.000    478.430    -0.0897  28.668944    -0.0862  28.670140     4.7624     4.8314    -0.0038    95.0808 1.0000e-12  -74.17536 -113.34424  27.259087      99.86 8.6381e+01    570.132      13684  1029.8599  1029.8578    34.3209    34.3185    8.06723         23 0.0000e+00
    485.000    479.419    -0.0889  28.670545    -0.0873  28.670171     4.7606     4.8207    -0.0049    95.0807 1.0000e-12  -74.17536 -113.34424  27.259098      99.87 8.6381e+01    571.105      13708  1029.8651  1029.8632    34.3216    34.3193    8.06702         23 0.0000e+00
    486.000    480.406    -0.0891  28.671535    -0.0869  28.671180     4.7580     4.8237    -0.0099    95.0850 1.0000e-12  -74.17536 -113.34424  27.259110      99.87 8.6381e+01    572.080      13731  1029.8706  1029.8681    34.3225    34.3196    8.06701         24 0.0000e+00
    487.000    481.392    -0.0825  28.678315    -0.0813  28.677212     4.7634     4.8293    -0.0110    95.0785 1.0000e-12  -74.17536 -113.34424  27.259121      99.87 8.6381e+01    573.054      13754  1029.8756  1029.8732    34.3235    34.3206    8.06556         24 0.0000e+00
    488.000    482.381    -0.0822  28.679282    -0.0805  28.678515     4.7671     4.8294    -0.0165    95.0905 1.0000e-12  -74.17536 -113.34424  27.259132      99.87 8.6381e+01    574.021      13778  1029.8806  1029.8781    34.3238    34.3209    8.06548         23 0.0000e+00
    489.000    483.369    -0.0810  28.682274    -0.0791  28.681905     4.7675     4.8336    -0.0100    95.1173 1.0000e-12  -74.17536 -113.34424  27.259143      99.86 8.6381e+01    574.985      13801  1029.8869  1029.8847    34.3259    34.3233    8.06512         23 0.0000e+00
    490.000    484.356    -0.0806  28.684033    -0.0786  28.683562     4.7702     4.8375    -0.0174    95.1089 1.0000e-12  -74.17536 -113.34424  27.259154      99.86 8.6140e+01    575.941      13824  1029.8926  1029.8902    34.3271    34.3243    8.06495         22 0.0000e+00
    491.000    485.341    -0.0788  28.686775    -0.0766  28.686471     4.7635     4.8286    -0.0108    95.1144 1.0000e-12  -74.17536 -113.34424  27.259165      99.87 8.5606e+01    576.890      13846  1029.8981  1029.8957    34.3282    34.3254    8.06452         23 0.0000e+00
    492.000    486.329    -0.0698  28.697243    -0.0664  28.697942     4.7628     4.8284    -0.0153    95.1020 1.0000e-12  -74.17536 -113.34424  27.259177      77.48 8.5720e+01    577.854      13870  1029.9046  1029.9020    34.3314    34.3285    8.06244         24 0.0000e+00
    493.000    487.319    -0.0638  28.703862    -0.0611  28.704022     4.7587     4.8292    -0.0163    95.0953 1.0000e-12  -74.17536 -113.34424  27.259188      84.56 8.6072e+01    578.828      13893  1029.9099  1029.9075    34.3328    34.3301    8.06109         23 0.0000e+00
    494.000    488.304    -0.0625  28.706041    -0.0603  28.705644     4.7537     4.8221    -0.0181    95.0988 1.0000e-12  -74.17536 -113.34423  27.259199      99.76 8.5941e+01    579.806      13916  1029.9152  1029.9128    34.3336    34.3307    8.06077         24 0.0000e+00
    495.000    489.292    -0.0615  28.707716    -0.0593  28.707565     4.7523     4.8222    -0.0176    95.1074 1.0000e-12  -74.17536 -113.34423  27.259210      99.86 8.5921e+01    580.775      13940  1029.9204  1029.9181    34.3341    34.3316    8.06053         23 0.0000e+00
    496.000    490.279    -0.0620  28.707803    -0.0601  28.707411     4.7534     4.8224    -0.0182    95.1054 1.0000e-12  -74.17536 -113.34423  27.259222      99.86 8.5769e+01    581.743      13963  1029.9253  1029.9230    34.3343    34.3316    8.06063         23 0.0000e+00
    497.000    491.266    -0.0621  28.708222    -0.0601  28.707874     4.7525     4.8206    -0.0179    95.0965 1.0000e-12  -74.17536 -113.34423  27.259233      99.86 8.5388e+01    582.700      13986  1029.9301  1029.9279    34.3343    34.3316    8.06065         23 0.0000e+00
    498.000    492.254    -0.0613  28.709554    -0.0590  28.709476     4.7527     4.8137    -0.0014    95.0831 1.0000e-12  -74.17536 -113.34423  27.259244      99.86 8.5461e+01    583.661      14009  1029.9350  1029.9327    34.3346    34.3319    8.06046         23 0.0000e+00
    499.000    493.240    -0.0606  28.710848    -0.0581  28.710984     4.7500     4.8177    -0.0093    95.0819 1.0000e-12  -74.17536 -113.34422  27.259255      99.86 8.5845e+01    584.627      14032  1029.9400  1029.9377    34.3349    34.3323    8.06029         23 0.0000e+00
    500.000    494.229    -0.0576  28.714678    -0.0555  28.714355     4.7494     4.8227    -0.0106    95.0681 1.0000e-12  -74.17536 -113.34422  27.259266      99.87 8.5063e+01    585.603      14055  1029.9454  1029.9430    34.3360    34.3333    8.05960         23 0.0000e+00
    501.000    495.215    -0.0557  28.717090    -0.0536  28.716873     4.7484     4.8180    -0.0043    95.0547 1.0000e-12  -74.17536 -113.34422  27.259277      99.86 8.5429e+01    586.571      14079  1029.9503  1029.9481    34.3365    34.3339    8.05917         24 0.0000e+00
    502.000    496.203    -0.0549  28.718338    -0.0529  28.717973     4.7463     4.8075    -0.0017    95.0405 1.0000e-12  -74.17536 -113.34422  27.259289      99.87 8.5766e+01    587.538      14102  1029.9551  1029.9529    34.3367    34.3340    8.05899         23 0.0000e+00
    503.000    497.189    -0.0545  28.719313    -0.0524  28.719033     4.7470     4.8117    -0.0048    95.0382 1.0000e-12  -74.17536 -113.34422  27.259300      99.86 8.5308e+01    588.499      14125  1029.9601  1029.9578    34.3370    34.3343    8.05890         23 0.0000e+00
    504.000    498.177    -0.0526  28.721901    -0.0504  28.721727     4.7474     4.8138    -0.0121    95.0092 1.0000e-12  -74.17536 -113.34422  27.259311      99.87 8.5384e+01    589.453      14148  1029.9652  1029.9629    34.3377    34.3350    8.05846         23 0.0000e+00
    505.000    499.165    -0.0501  28.725226    -0.0479  28.725002     4.7483     4.8085    -0.0179    94.9924 1.0000e-12  -74.17536 -113.34422  27.259322      70.21 8.5842e+01    590.411      14171  1029.9706  1029.9683    34.3387    34.3360    8.05788         23 0.0000e+00
    506.000    500.151    -0.0497  28.726028    -0.0475  28.725894     4.7454     4.8068    -0.0093    94.9756 1.0000e-12  -74.17536 -113.34422  27.259333      81.75 8.4776e+01    591.371      14194  1029.9753  1029.9731    34.3387    34.3361    8.05779         23 0.0000e+00
    507.000    501.139    -0.0492  28.727144    -0.0471  28.726871     4.7484     4.8126    -0.0160    94.9631 1.0000e-12  -74.17536 -113.34422  27.259344      99.69 8.4926e+01    592.340      14217  1029.9803  1029.9780    34.3390    34.3363    8.05766         23 0.0000e+00
    508.000    502.126    -0.0460  28.731150    -0.0440  28.730771     4.7467     4.8134    -0.0098    94.9572 1.0000e-12  -74.17536 -113.34422  27.259355      99.86 8.5719e+01    593.312      14240  1029.9857  1029.9833    34.3402    34.3374    8.05693         24 0.0000e+00
    509.000    503.113    -0.0449  28.732807    -0.0426  28.732731     4.7450     4.8112    -0.0046    94.9388 1.0000e-12  -74.17536 -113.34422  27.259367      99.87 8.4784e+01    594.279      14264  1029.9906  1029.9883    34.3405    34.3379    8.05667         23 0.0000e+00
    510.000    504.102    -0.0441  28.734101    -0.0419  28.733980     4.7416     4.8042    -0.0017    94.9275 1.0000e-12  -74.17536 -113.34422  27.259378      99.86 8.5075e+01    595.242      14287  1029.9955  1029.9933    34.3407    34.3381    8.05649         23 0.0000e+00
    511.000    505.086    -0.0407  28.738193    -0.0385  28.737964     4.7452     4.8033    -0.0045    94.9240 1.0000e-12  -74.17536 -113.34422  27.259389      99.87 8.5766e+01    596.206      14310  1030.0007  1029.9984    34.3418    34.3391    8.05572         23 0.0000e+00
    512.000    506.077    -0.0401  28.739197    -0.0380  28.739033     4.7407     4.8082    -0.0090    94.9363 1.0000e-12  -74.17536 -113.34422  27.259400      99.87 8.4922e+01    597.169      14333  1030.0055  1030.0033    34.3418    34.3393    8.05559         23 0.0000e+00
    513.000    507.062    -0.0373  28.742407    -0.0360  28.741411     4.7397     4.8079    -0.0102    94.9341 1.0000e-12  -74.17536 -113.34422  27.259411      99.86 8.4772e+01    598.121      14356  1030.0105  1030.0081    34.3424    34.3396    8.05498         23 0.0000e+00
    514.000    508.050    -0.0365  28.743795    -0.0346  28.743374     4.7454     4.8090    -0.0106    94.9308 1.0000e-12  -74.17536 -113.34422  27.259422      99.87 8.5530e+01    599.073      14379  1030.0154  1030.0131    34.3427    34.3400    8.05478         23 0.0000e+00
    515.000    509.036    -0.0345  28.746346    -0.0327  28.745764     4.7445     4.8105    -0.0099    94.9208 1.0000e-12  -74.17536 -113.34422  27.259433      99.87 8.4797e+01    600.027      14402  1030.0205  1030.0181    34.3433    34.3405    8.05434         23 0.0000e+00
    516.000    510.024    -0.0350  28.746400    -0.0330  28.746164     4.7398     4.8096    -0.0027    94.9438 1.0000e-12  -74.17536 -113.34422  27.259444      99.86 8.4621e+01    600.984      14425  1030.0253  1030.0231    34.3433    34.3408    8.05444         23 0.0000e+00
    517.000    511.011    -0.0343  28.747773    -0.0321  28.747630     4.7398     4.8055    -0.0058    94.9152 1.0000e-12  -74.17536 -113.34422  27.259455      99.86 8.4618e+01    601.952      14448  1030.0303  1030.0281    34.3438    34.3411    8.05426         23 0.0000e+00
    518.000    511.998    -0.0316  28.751607    -0.0294  28.751210     4.7406     4.8016    -0.0140    94.9238 1.0000e-12  -74.17536 -113.34422  27.259467      99.86 8.4618e+01    602.922      14471  1030.0359  1030.0334    34.3452    34.3422    8.05361         24 0.0000e+00
    519.000    512.986    -0.0278  28.755774    -0.0259  28.755330     4.7385     4.8022    -0.0131    94.9328 1.0000e-12  -74.17536 -113.34422  27.259478      76.77 8.4618e+01    603.894      14494  1030.0409  1030.0386    34.3459    34.3431    8.05278         23 0.0000e+00
    520.000    513.972    -0.0268  28.757390    -0.0247  28.757024     4.7375     4.8060    -0.0093    94.9352 1.0000e-12  -74.17536 -113.34422  27.259489      89.14 8.4618e+01    604.860      14518  1030.0459  1030.0435    34.3463    34.3435    8.05254         23 0.0000e+00
    521.000    514.959    -0.0265  28.758347    -0.0243  28.758178     4.7319     4.8071    -0.0090    94.9186 1.0000e-12  -74.17536 -113.34422  27.259500      97.50 8.4618e+01    605.821      14541  1030.0509  1030.0486    34.3466    34.3440    8.05245         23 0.0000e+00
    522.000    515.947    -0.0248  28.760613    -0.0226  28.760546     4.7353     4.8061    -0.0099    94.9074 1.0000e-12  -74.17536 -113.34422  27.259511      99.82 8.4618e+01    606.773      14564  1030.0560  1030.0537    34.3472    34.3446    8.05208         23 0.0000e+00
    523.000    516.934    -0.0238  28.762155    -0.0218  28.761868     4.7343     4.8026    -0.0087    94.9326 1.0000e-12  -74.17536 -113.34422  27.259522      99.86 8.4618e+01    607.739      14587  1030.0608  1030.0586    34.3474    34.3448    8.05184         23 0.0000e+00
    524.000    517.922    -0.0207  28.765701    -0.0184  28.765707     4.7326     4.7939    -0.0151    94.9420 1.0000e-12  -74.17536 -113.34422  27.259534      48.00 8.4618e+01    608.717      14610  1030.0658  1030.0636    34.3481    34.3455    8.05115         23 0.0000e+00
    525.000    518.909    -0.0186  28.768035    -0.0167  28.767457     4.7316     4.7957    -0.0178    94.9033 1.0000e-12  -74.17536 -113.34422  27.259545     100.20 8.4618e+01    609.694      14634  1030.0705  1030.0681    34.3483    34.3454    8.05071         24 0.0000e+00
    526.000    519.896    -0.0146  28.772529    -0.0116  28.773093     4.7351     4.8011    -0.0069    94.9247 1.0000e-12  -74.17536 -113.34422  27.259556      99.82 8.4618e+01    610.674      14657  1030.0756  1030.0733    34.3492    34.3465    8.04982         24 0.0000e+00
    527.000    520.884    -0.0124  28.775158    -0.0099  28.775502     4.7384     4.8024    -0.0052    94.9361 1.0000e-12  -74.17536 -113.34422  27.259568      99.15 8.4618e+01    611.645      14680  1030.0805  1030.0784    34.3495    34.3472    8.04932         23 0.0000e+00
    528.000    521.869    -0.0086  28.779187    -0.0065  28.778966     4.7367     4.8013    -0.0064    94.9330 1.0000e-12  -74.17536 -113.34422  27.259579      98.76 8.4618e+01    612.619      14704  1030.0854  1030.0830    34.3501    34.3474    8.04851         23 0.0000e+00
    529.000    522.859    -0.0069  28.781842    -0.0048  28.781377     4.7323     4.7949    -0.0050    94.9422 1.0000e-12  -74.17536 -113.34422  27.259590      97.67 8.4618e+01    613.602      14727  1030.0907  1030.0883    34.3510    34.3481    8.04808         24 0.0000e+00
    530.000    523.843    -0.0017  28.788272     0.0006  28.788124     4.7262     4.7876    -0.0163    94.9400 1.0000e-12  -74.17536 -113.34422  27.259602      96.54 8.4618e+01    614.607      14752  1030.0967  1030.0943    34.3532    34.3504    8.04688         24 0.0000e+00
