ocean_section_plots/required_files/ctd/dnbp2202_ctd207.cnv
* Sea-Bird SBE 9 Data File:
* FileName = D:\Data\raw\NBP2202_CTD207.hex
* Software Version Seasave V 7.26.7.121
* Temperature SN = 1649
* Conductivity SN = 2513
* Number of Bytes Per Scan = 40
* Number of Voltage Words = 5
* Number of Scans Averaged by the Deck Unit = 1
* NMEA Latitude = 74 08.00 S
* NMEA Longitude = 113 25.38 W
* NMEA UTC (Time) = Feb 10 2022  08:40:54
* NMEA baud rate = 9600
** Ship: RVIB N.B. Palmer
** Cruise: NBP2202 Thwaites
** Station: 126
** Operator: B. Bjork
** Tow-Yo #3
# nquan = 28
# nvalues = 233                         
# units = specified
# name 0 = prDM: Pressure, Digiquartz [db]
# name 1 = depSM: Depth [salt water, m]
# name 2 = t090C: Temperature [ITS-90, deg C]
# name 3 = c0mS/cm: Conductivity [mS/cm]
# name 4 = t190C: Temperature, 2 [ITS-90, deg C]
# name 5 = c1mS/cm: Conductivity, 2 [mS/cm]
# name 6 = sbeox0ML/L: Oxygen, SBE 43 [ml/l]
# name 7 = sbeox1ML/L: Oxygen, SBE 43, 2 [ml/l]
# name 8 = flECO-AFL: Fluorescence, WET Labs ECO-AFL/FL [mg/m^3]
# name 9 = CStarTr0: Beam Transmission, WET Labs C-Star [%]
# name 10 = par: PAR/Irradiance, Biospherical/Licor
# name 11 = latitude: Latitude [deg]
# name 12 = longitude: Longitude [deg]
# name 13 = timeJ: Julian Days
# name 14 = altM: Altimeter [m]
# name 15 = spar: SPAR, Biospherical/Licor
# name 16 = timeS: Time, Elapsed [seconds]
# name 17 = scan: Scan Count
# name 18 = density00: Density [density, kg/m^3]
# name 19 = density11: Density, 2 [density, kg/m^3]
# name 20 = v3: Voltage 3
# name 21 = v4: Voltage 4
# name 22 = v5: Voltage 5
# name 23 = sal00: Salinity, Practical [PSU]
# name 24 = sal11: Salinity, Practical, 2 [PSU]
# name 25 = oxsolML/L: Oxygen Saturation, Garcia & Gordon [ml/l]
# name 26 = nbin: number of scans per bin
# name 27 = flag: flag
# span 0 =      1.000,    233.000       
# span 1 =      0.998,    230.462       
# span 2 =    -1.5044,    -1.0307       
# span 3 =  26.962222,  27.536192       
# span 4 =    -1.5042,    -1.0296       
# span 5 =  26.962617,  27.536047       
# span 6 =     5.3041,     8.6612       
# span 7 =     5.4799,     9.0130       
# span 8 =    -0.0156,    21.0655       
# span 9 =    75.8210,    97.8749       
# span 10 = 1.0000e-12, 3.2016e+00      
# span 11 =  -74.13338,  -74.13338      
# span 12 = -113.42306, -113.42302      
# span 13 =  41.363788,  41.368047      
# span 14 =       5.86,     100.35      
# span 15 = 2.1155e+01, 3.0615e+01      
# span 16 =    177.282,    545.239      
# span 17 =       4256,      13087      
# span 18 =  1027.1472,  1028.4686      
# span 19 =  1027.1501,  1028.4672      
# span 20 =     3.5966,     4.6430      
# span 21 =     0.0688,     3.4632      
# span 22 =     0.1238,     0.2350      
# span 23 =    33.7479,    34.0102      
# span 24 =    33.7500,    34.0087      
# span 25 =    8.28827,    8.40372      
# span 26 =          3,         47      
# span 27 = 0.0000e+00, 0.0000e+00      
# interval = decibars: 1                
# start_time = Feb 10 2022 08:40:54 [NMEA time, header]
# bad_flag = -9.990e-29
*END*
      1.000      0.998    -1.0880  27.192422    -1.0922  27.191226     8.6505     8.4034    20.4652    75.8218 3.2016e+00  -74.13338 -113.42305  41.363788     100.03 2.1155e+01    177.282       4256  1027.1472  1027.1501     3.5970     3.4632     0.1716    33.7489    33.7520    8.31630          3 0.0000e+00
      2.000      1.979    -1.0915  27.189535    -1.0924  27.190529     8.6558     8.3856    16.9330    77.6266 2.3447e+00  -74.13338 -113.42306  41.363876      99.93 2.1155e+01    184.854       4438  1027.1518  1027.1538     3.6834     2.8833     0.2150    33.7483    33.7507    8.31713         39 0.0000e+00
      3.000      2.970    -1.0941  27.187561    -1.0975  27.186431     8.6612     8.4025    17.6717    77.2505 1.6468e+00  -74.13338 -113.42306  41.363909      80.49 2.1155e+01    187.768       4507  1027.1564  1027.1585     3.6651     2.9456     0.2082    33.7479    33.7502    8.31772         46 0.0000e+00
      4.000      3.959    -1.0959  27.186634    -1.0978  27.186629     8.6609     8.4517    18.4206    76.7742 1.1345e+00  -74.13338 -113.42306  41.363936      97.91 2.1155e+01    190.097       4563  1027.1614  1027.1632     3.6425     3.0360     0.2115    33.7480    33.7501    8.31811         47 0.0000e+00
      5.000      4.949    -1.0965  27.186477    -1.0975  27.187245     8.6555     8.5291    16.8631    76.5965 7.7874e-01  -74.13338 -113.42305  41.363962     100.00 2.1155e+01    192.276       4616  1027.1661  1027.1679     3.6337     2.8488     0.1915    33.7479    33.7500    8.31826         36 0.0000e+00
      6.000      5.938    -1.0907  27.192154    -1.0925  27.192117     8.6461     8.6403    16.7452    77.5061 5.4851e-01  -74.13338 -113.42305  41.363986      99.98 2.1155e+01    194.356       4666  1027.1710  1027.1727     3.6770     3.1598     0.1917    33.7485    33.7504    8.31693         41 0.0000e+00
      7.000      6.928    -1.0893  27.193972    -1.0933  27.191791     8.6539     8.7350    18.3645    78.7654 3.8826e-01  -74.13338 -113.42304  41.364009      99.89 2.1155e+01    196.378       4714  1027.1759  1027.1774     3.7369     2.8028     0.1918    33.7487    33.7503    8.31660         40 0.0000e+00
      8.000      7.917    -1.0906  27.192947    -1.0941  27.191416     8.6582     8.8220    16.9691    77.2914 2.7190e-01  -74.13338 -113.42304  41.364031      99.92 2.1155e+01    198.271       4760  1027.1804  1027.1821     3.6670     2.7911     0.2166    33.7481    33.7501    8.31693         42 0.0000e+00
      9.000      8.906    -1.0932  27.191297    -1.0947  27.191435     8.6585     8.8791    16.8609    77.6915 1.8797e-01  -74.13338 -113.42304  41.364052      99.96 2.1155e+01    200.123       4804  1027.1854  1027.1869     3.6860     2.8845     0.2071    33.7482    33.7500    8.31750         39 0.0000e+00
     10.000      9.898    -1.0917  27.193513    -1.0933  27.193452     8.6581     8.9387    18.6603    77.9054 1.2981e-01  -74.13338 -113.42304  41.364074      90.76 2.1155e+01    201.962       4848  1027.1907  1027.1921     3.6961     2.5741     0.2113    33.7489    33.7506    8.31712         43 0.0000e+00
     11.000     10.886    -1.0917  27.193957    -1.0930  27.194114     8.6564     8.9901    17.4764    77.2165 8.3524e-02  -74.13338 -113.42304  41.364095      99.79 2.1155e+01    203.805       4892  1027.1955  1027.1969     3.6635     2.8856     0.2275    33.7489    33.7506    8.31712         44 0.0000e+00
     12.000     11.876    -1.0917  27.194539    -1.0929  27.194846     8.6541     9.0028    16.7750    77.7034 5.0778e-02  -74.13338 -113.42304  41.364116      99.62 2.1155e+01    205.642       4936  1027.2004  1027.2019     3.6866     2.3391     0.2070    33.7491    33.7508    8.31712         40 0.0000e+00
     13.000     12.865    -1.0915  27.195276    -1.0928  27.195455     8.6544     9.0130    16.4883    78.1521 2.6310e-02  -74.13338 -113.42304  41.364138      99.95 2.1155e+01    207.486       4981  1027.2053  1027.2068     3.7081     2.8771     0.2202    33.7492    33.7509    8.31706         33 0.0000e+00
     14.000     13.855    -1.0917  27.195421    -1.0930  27.195712     8.6488     9.0084    16.8699    78.4695 7.8701e-03  -74.13338 -113.42305  41.364159      99.82 2.1155e+01    209.329       5025  1027.2101  1027.2115     3.7226     2.6021     0.2069    33.7491    33.7509    8.31713         40 0.0000e+00
     15.000     14.844    -1.0919  27.195749    -1.0932  27.195897     8.6466     9.0018    16.0305    76.5260 1.2717e-05  -74.13338 -113.42305  41.364180      99.76 2.1155e+01    211.157       5069  1027.2149  1027.2162     3.6307     2.7055     0.2066    33.7491    33.7507    8.31716         40 0.0000e+00
     16.000     15.835    -1.0915  27.196740    -1.0925  27.197156     8.6397     9.0028    16.9103    76.2466 1.0000e-12  -74.13338 -113.42305  41.364201      99.98 2.1155e+01    212.983       5113  1027.2199  1027.2213     3.6174     3.1324     0.2302    33.7494    33.7511    8.31706         38 0.0000e+00
     17.000     16.823    -1.0906  27.198456    -1.0916  27.198736     8.6243     8.9980    18.0145    75.9513 1.0000e-12  -74.13338 -113.42304  41.364222      90.82 2.1155e+01    214.824       5157  1027.2252  1027.2265     3.6034     2.4818     0.1782    33.7500    33.7516    8.31681         42 0.0000e+00
     18.000     17.813    -1.0903  27.199271    -1.0915  27.199371     8.6294     8.9943    16.4025    76.7204 1.0000e-12  -74.13338 -113.42304  41.364244      97.76 2.1155e+01    216.657       5201  1027.2301  1027.2314     3.6399     2.4427     0.1897    33.7502    33.7517    8.31673         38 0.0000e+00
     19.000     18.803    -1.0902  27.199890    -1.0911  27.200535     8.6230     8.9852    17.8332    77.4586 1.0000e-12  -74.13338 -113.42304  41.364265      99.79 2.1155e+01    218.480       5245  1027.2351  1027.2366     3.6758     2.6305     0.1806    33.7504    33.7522    8.31672         37 0.0000e+00
     20.000     19.791    -1.0895  27.201413    -1.0903  27.201980     8.6129     8.9781    16.2617    78.1565 1.0000e-12  -74.13338 -113.42304  41.364286      99.69 2.1155e+01    220.321       5289  1027.2403  1027.2417     3.7083     2.4522     0.1784    33.7510    33.7527    8.31651         40 0.0000e+00
     21.000     20.782    -1.0888  27.203048    -1.0896  27.203380     8.6106     8.9723    19.2115    78.5508 1.0000e-12  -74.13338 -113.42304  41.364307      99.79 2.1155e+01    222.162       5333  1027.2457  1027.2469     3.7267     2.5160     0.2049    33.7518    33.7531    8.31631         42 0.0000e+00
     22.000     21.771    -1.0889  27.203257    -1.0893  27.204154     8.6160     8.9643    17.4181    77.5933 1.0000e-12  -74.13338 -113.42304  41.364328      99.83 2.1155e+01    223.976       5376  1027.2504  1027.2518     3.6813     2.6877     0.2037    33.7516    33.7533    8.31634         41 0.0000e+00
     23.000     22.760    -1.0888  27.204042    -1.0892  27.204947     8.6153     8.9828    17.5996    77.1989 1.0000e-12  -74.13338 -113.42304  41.364349      99.71 2.1155e+01    225.792       5420  1027.2555  1027.2568     3.6626     2.4794     0.2350    33.7519    33.7536    8.31630         41 0.0000e+00
     24.000     23.750    -1.0897  27.202943    -1.0904  27.203585     8.6140     8.9815    21.0655    78.0053 1.0000e-12  -74.13338 -113.42304  41.364370      99.77 2.1155e+01    227.603       5463  1027.2595  1027.2609     3.7009     2.5756     0.1996    33.7508    33.7525    8.31657         38 0.0000e+00
     25.000     24.739    -1.0881  27.205831    -1.0897  27.204844     8.5847     8.9493    17.4430    78.4482 1.0000e-12  -74.13338 -113.42304  41.364391      99.30 2.1155e+01    229.419       5507  1027.2655  1027.2659     3.7218     2.3884     0.1890    33.7524    33.7528    8.31613         39 0.0000e+00
     26.000     25.730    -1.0850  27.210534    -1.0858  27.210490     8.5730     8.9387    16.3933    77.5952 1.0000e-12  -74.13338 -113.42304  41.364412      99.84 2.1155e+01    231.239       5551  1027.2719  1027.2726     3.6819     2.6893     0.2164    33.7547    33.7555    8.31530         41 0.0000e+00
     27.000     26.719    -1.0860  27.210088    -1.0859  27.211321     8.5781     8.9385    17.3351    76.8960 1.0000e-12  -74.13338 -113.42304  41.364434      99.80 2.1155e+01    233.069       5595  1027.2767  1027.2779     3.6483     2.6249     0.2199    33.7546    33.7561    8.31553         42 0.0000e+00
     28.000     27.708    -1.0863  27.210085    -1.0870  27.210504     8.5785     8.9393    17.2640    75.9594 1.0000e-12  -74.13338 -113.42304  41.364455      99.93 2.1155e+01    234.910       5639  1027.2813  1027.2825     3.6039     2.8475     0.2182    33.7543    33.7557    8.31562         41 0.0000e+00
     29.000     28.698    -1.0863  27.210951    -1.0869  27.210977     8.5862     8.9435    16.5934    76.2828 1.0000e-12  -74.13338 -113.42304  41.364476      99.93 2.1155e+01    236.735       5683  1027.2865  1027.2872     3.6192     2.7326     0.1864    33.7548    33.7556    8.31557         41 0.0000e+00
     30.000     29.688    -1.0868  27.210437    -1.0877  27.210149     8.5646     8.9309    16.7651    78.2067 1.0000e-12  -74.13338 -113.42304  41.364497      99.70 2.1508e+01    238.544       5726  1027.2908  1027.2914     3.7103     2.3921     0.2095    33.7541    33.7547    8.31573         40 0.0000e+00
     31.000     30.677    -1.0873  27.211401    -1.0880  27.211825     8.5383     8.8985    17.1738    77.4378 1.0000e-12  -74.13338 -113.42305  41.364518      99.71 2.2179e+01    240.369       5770  1027.2967  1027.2978     3.6735     2.5304     0.1976    33.7554    33.7567    8.31578         35 0.0000e+00
     32.000     31.667    -1.0871  27.213158    -1.0880  27.213216     8.5178     8.8830    16.0770    78.4442 1.0000e-12  -74.13338 -113.42305  41.364540      99.73 2.1831e+01    242.217       5814  1027.3027  1027.3036     3.7216     2.5012     0.1835    33.7568    33.7580    8.31563         42 0.0000e+00
     33.000     32.656    -1.0866  27.215054    -1.0872  27.215269     8.5162     8.8822    15.9929    77.6874 1.0000e-12  -74.13338 -113.42305  41.364561      99.93 2.1522e+01    244.053       5858  1027.3086  1027.3094     3.6858     2.7772     0.2075    33.7583    33.7593    8.31544         43 0.0000e+00
     34.000     33.646    -1.0840  27.218328    -1.0847  27.218310     8.5127     8.8765    15.5464    78.4106 1.0000e-12  -74.13338 -113.42305  41.364582      99.71 2.1914e+01    245.857       5902  1027.3140  1027.3146     3.7201     2.5407     0.1873    33.7592    33.7600    8.31481         42 0.0000e+00
     35.000     34.635    -1.0818  27.221139    -1.0824  27.221451     8.4897     8.8488    14.8104    77.9460 1.0000e-12  -74.13338 -113.42305  41.364603      99.79 2.1568e+01    247.676       5945  1027.3193  1027.3202     3.6981     2.7192     0.2131    33.7599    33.7611    8.31428         39 0.0000e+00
     36.000     35.624    -1.0768  27.228259    -1.0770  27.228406     8.3865     8.7351    15.0863    78.6363 1.0000e-12  -74.13338 -113.42306  41.364624      99.88 2.1950e+01    249.514       5989  1027.3266  1027.3270     3.7307     2.7570     0.2158    33.7634    33.7639    8.31296         42 0.0000e+00
     37.000     36.614    -1.0755  27.236519    -1.0764  27.236670     8.2469     8.6010    18.1815    77.7556 1.0000e-12  -74.13338 -113.42305  41.364645      99.91 2.2182e+01    251.327       6033  1027.3388  1027.3399     3.6890     2.9093     0.2185    33.7726    33.7739    8.31213         41 0.0000e+00
     38.000     37.603    -1.0790  27.237874    -1.0807  27.237730     8.1037     8.4650    17.2329    77.2592 1.0000e-12  -74.13338 -113.42304  41.364666      99.91 2.1726e+01    253.131       6076  1027.3481  1027.3496     3.6657     2.8839     0.1872    33.7778    33.7795    8.31261         37 0.0000e+00
     39.000     38.593    -1.0905  27.232897    -1.0924  27.232505     8.0091     8.3803    18.3052    79.2341 1.0000e-12  -74.13338 -113.42304  41.364687      99.21 2.1927e+01    254.959       6120  1027.3581  1027.3596     3.7591     2.6324     0.1968    33.7833    33.7850    8.31483         41 0.0000e+00
     40.000     39.583    -1.0963  27.229894    -1.0965  27.230267     7.9981     8.3491    18.4094    79.5897 1.0000e-12  -74.13338 -113.42304  41.364708      99.69 2.2058e+01    256.799       6164  1027.3647  1027.3653     3.7760     2.5217     0.1936    33.7851    33.7859    8.31601         37 0.0000e+00
     41.000     40.573    -1.1007  27.226972    -1.1011  27.227216     7.9694     8.3092    16.9487    79.6757 1.0000e-12  -74.13338 -113.42304  41.364729      99.83 2.1901e+01    258.622       6208  1027.3700  1027.3706     3.7801     2.5600     0.2055    33.7855    33.7863    8.31697         38 0.0000e+00
     42.000     41.561    -1.1138  27.216431    -1.1157  27.216373     7.9040     8.2436    14.5221    77.1032 1.0000e-12  -74.13338 -113.42304  41.364751      99.92 2.1877e+01    260.451       6252  1027.3753  1027.3771     3.6585     2.9229     0.1943    33.7852    33.7873    8.31990         39 0.0000e+00
     43.000     42.551    -1.1390  27.197762    -1.1401  27.197848     7.8632     8.1971    16.0019    75.8210 1.0000e-12  -74.13338 -113.42304  41.364772      99.70 2.2707e+01    262.290       6296  1027.3833  1027.3844     3.5966     2.3921     0.2106    33.7874    33.7888    8.32536         37 0.0000e+00
     44.000     43.540    -1.1479  27.191136    -1.1491  27.191160     7.8520     8.1808    16.1815    77.4355 1.0000e-12  -74.13338 -113.42304  41.364793      99.49 2.2209e+01    264.100       6339  1027.3887  1027.3899     3.6739     2.1709     0.2050    33.7878    33.7892    8.32733         40 0.0000e+00
     45.000     44.529    -1.1598  27.182881    -1.1602  27.183153     7.8638     8.1868    15.2818    78.1676 1.0000e-12  -74.13338 -113.42304  41.364814      99.57 2.2203e+01    265.922       6383  1027.3952  1027.3959     3.7086     2.2852     0.1833    33.7894    33.7902    8.32989         37 0.0000e+00
     46.000     45.519    -1.1590  27.184405    -1.1591  27.184849     7.8774     8.2003    14.1925    77.7019 1.0000e-12  -74.13338 -113.42304  41.364835      97.80 2.2703e+01    267.759       6427  1027.4001  1027.4007     3.6865     2.2624     0.1826    33.7898    33.7906    8.32967         43 0.0000e+00
     47.000     46.508    -1.1573  27.186647    -1.1575  27.186975     7.8867     8.2007    14.6330    77.4970 1.0000e-12  -74.13338 -113.42304  41.364856      99.59 2.2339e+01    269.571       6471  1027.4051  1027.4056     3.6767     2.2532     0.1994    33.7904    33.7911    8.32926         40 0.0000e+00
     48.000     47.498    -1.1573  27.187568    -1.1578  27.187701     7.8755     8.1964    14.4704    77.5451 1.0000e-12  -74.13338 -113.42304  41.364877      99.52 2.2505e+01    271.376       6514  1027.4103  1027.4108     3.6790     2.1720     0.1872    33.7911    33.7917    8.32923         38 0.0000e+00
     49.000     48.487    -1.1609  27.185503    -1.1614  27.185623     7.8630     8.1759    13.0491    79.7457 1.0000e-12  -74.13338 -113.42304  41.364898      99.70 2.2908e+01    273.217       6558  1027.4156  1027.4162     3.7828     2.3660     0.1691    33.7916    33.7923    8.32999         39 0.0000e+00
     50.000     49.476    -1.1644  27.183149    -1.1648  27.183414     7.8574     8.1642    12.9571    78.9239 1.0000e-12  -74.13338 -113.42304  41.364920      99.53 2.2761e+01    275.056       6602  1027.4207  1027.4213     3.7445     2.1312     0.1747    33.7918    33.7926    8.33077         41 0.0000e+00
     51.000     50.467    -1.1672  27.181790    -1.1674  27.182033     7.8758     8.1783    13.3737    79.6191 1.0000e-12  -74.13338 -113.42305  41.364941      99.53 2.2110e+01    276.872       6646  1027.4260  1027.4265     3.7773     2.1079     0.1937    33.7924    33.7930    8.33135         44 0.0000e+00
