ocean_section_plots/required_files/ctd/dnbp2202_ctd081.cnv
* Sea-Bird SBE 9 Data File:
* FileName = D:\Data\raw\NBP2202_CTD081.hex
* Software Version Seasave V 7.26.7.121
* Temperature SN = 1649
* Conductivity SN = 2513
* Number of Bytes Per Scan = 40
* Number of Voltage Words = 5
* Number of Scans Averaged by the Deck Unit = 1
* NMEA Latitude = 74 10.51 S
* NMEA Longitude = 113 20.67 W
* NMEA UTC (Time) = Jan 26 2022  17:39:01
* NMEA baud rate = 9600
** Ship: RVIB N.B. Palmer
** Cruise: NBP2202 Thwaites
** Station: YoYo001
** Operator: A. Robinson
# nquan = 25
# nvalues = 607                         
# units = specified
# name 0 = prDM: Pressure, Digiquartz [db]
# name 1 = depSM: Depth [salt water, m]
# name 2 = t090C: Temperature [ITS-90, deg C]
# name 3 = c0mS/cm: Conductivity [mS/cm]
# name 4 = t190C: Temperature, 2 [ITS-90, deg C]
# name 5 = c1mS/cm: Conductivity, 2 [mS/cm]
# name 6 = sbeox0ML/L: Oxygen, SBE 43 [ml/l]
# name 7 = sbeox1ML/L: Oxygen, SBE 43, 2 [ml/l]
# name 8 = flECO-AFL: Fluorescence, WET Labs ECO-AFL/FL [mg/m^3]
# name 9 = CStarTr0: Beam Transmission, WET Labs C-Star [%]
# name 10 = par: PAR/Irradiance, Biospherical/Licor
# name 11 = latitude: Latitude [deg]
# name 12 = longitude: Longitude [deg]
# name 13 = timeJ: Julian Days
# name 14 = altM: Altimeter [m]
# name 15 = spar: SPAR, Biospherical/Licor
# name 16 = timeS: Time, Elapsed [seconds]
# name 17 = scan: Scan Count
# name 18 = density00: Density [density, kg/m^3]
# name 19 = density11: Density, 2 [density, kg/m^3]
# name 20 = sal00: Salinity, Practical [PSU]
# name 21 = sal11: Salinity, Practical, 2 [PSU]
# name 22 = oxsolML/L: Oxygen Saturation, Garcia & Gordon [ml/l]
# name 23 = nbin: number of scans per bin
# name 24 = flag: flag
# span 0 =     10.000,    616.000       
# span 1 =      9.895,    608.719       
# span 2 =    -1.5488,     0.0869       
# span 3 =  26.945016,  28.920442       
# span 4 =    -1.5476,     0.0893       
# span 5 =  26.944862,  28.920706       
# span 6 =     4.7010,     8.5002       
# span 7 =     4.7874,     8.5026       
# span 8 =    -0.0226,    24.2660       
# span 9 =    69.9191,    95.7746       
# span 10 = 1.0000e-12, 6.2852e+01      
# span 11 =  -74.17530,  -74.17528      
# span 12 = -113.34462, -113.34458      
# span 13 =  26.735745,  26.744791      
# span 14 =       4.74,     100.01      
# span 15 = 1.6748e+03, 1.8971e+03      
# span 16 =     27.394,    808.928      
# span 17 =        658,      19415      
# span 18 =  1027.2275,  1030.5163      
# span 19 =  1027.2258,  1030.5142      
# span 20 =    33.7978,    34.3786      
# span 21 =    33.7954,    34.3762      
# span 22 =    8.02686,    8.40707      
# span 23 =          7,         54      
# span 24 = 0.0000e+00, 0.0000e+00      
# interval = decibars: 1                
# start_time = Jan 26 2022 17:39:01 [NMEA time, header]
# bad_flag = -9.990e-29
*END*
[from data line 580]
    590.000    583.063     0.0437  28.864997     0.0466  28.865795     4.7225     4.8086    -0.0129    94.9795 1.0000e-12  -74.17528 -113.34460  26.744091      31.59 1.7433e+03    748.442      17964  1030.3888  1030.3868    34.3685    34.3663    8.03649         38 0.0000e+00
    591.000    584.051     0.0452  28.866932     0.0462  28.865767     4.7232     4.8083    -0.0105    95.0368 1.0000e-12  -74.17528 -113.34460  26.744110      30.60 1.7478e+03    750.134      18004  1030.3937  1030.3915    34.3688    34.3661    8.03615         37 0.0000e+00
    592.000    585.037     0.0462  28.868400     0.0514  28.871545     4.7188     4.8008    -0.0077    95.0358 1.0000e-12  -74.17528 -113.34460  26.744131      29.50 1.7537e+03    751.897      18047  1030.3985  1030.3967    34.3690    34.3673    8.03593         39 0.0000e+00
    593.000    586.024     0.0515  28.874138     0.0546  28.874927     4.7149     4.8017    -0.0057    95.0315 1.0000e-12  -74.17528 -113.34460  26.744151      28.40 1.7595e+03    753.626      18088  1030.4036  1030.4015    34.3701    34.3677    8.03476         37 0.0000e+00
    594.000    587.010     0.0570  28.879915     0.0593  28.880261     4.7108     4.8013    -0.0065    95.0345 1.0000e-12  -74.17528 -113.34460  26.744170      27.38 1.7647e+03    755.315      18129  1030.4086  1030.4067    34.3710    34.3688    8.03356         36 0.0000e+00
    595.000    587.998     0.0611  28.884784     0.0629  28.884318     4.7096     4.7974    -0.0035    95.0479 1.0000e-12  -74.17528 -113.34460  26.744190      26.39 1.7701e+03    756.992      18169  1030.4140  1030.4118    34.3722    34.3696    8.03263         40 0.0000e+00
    596.000    588.984     0.0594  28.883454     0.0603  28.882119     4.7114     4.7986    -0.0046    95.0375 1.0000e-12  -74.17528 -113.34460  26.744209      25.30 1.7749e+03    758.682      18209  1030.4186  1030.4163    34.3718    34.3690    8.03301         40 0.0000e+00
    597.000    589.970     0.0594  28.883723     0.0614  28.883549     4.7145     4.8012    -0.0089    95.0578 1.0000e-12  -74.17528 -113.34461  26.744231      24.19 1.7791e+03    760.525      18254  1030.4232  1030.4211    34.3716    34.3691    8.03303         42 0.0000e+00
    598.000    590.958     0.0592  28.884047     0.0609  28.883658     4.7106     4.8019    -0.0102    95.0453 1.0000e-12  -74.17528 -113.34460  26.744253      23.31 1.7836e+03    762.478      18300  1030.4280  1030.4259    34.3715    34.3692    8.03305         39 0.0000e+00
    599.000    591.943     0.0614  28.886615     0.0631  28.886202     4.7112     4.8010    -0.0059    95.0592 1.0000e-12  -74.17528 -113.34460  26.744275      22.25 1.7874e+03    764.338      18345  1030.4328  1030.4307    34.3719    34.3695    8.03258         40 0.0000e+00
    600.000    592.931     0.0621  28.887867     0.0644  28.887979     4.7121     4.8018    -0.0062    95.0781 1.0000e-12  -74.17528 -113.34460  26.744297      21.28 1.7904e+03    766.284      18392  1030.4377  1030.4356    34.3723    34.3698    8.03242         35 0.0000e+00
    601.000    593.917     0.0621  28.888384     0.0643  28.888228     4.7123     4.8017    -0.0043    95.0865 1.0000e-12  -74.17528 -113.34460  26.744321      20.21 1.7952e+03    768.319      18441  1030.4425  1030.4402    34.3723    34.3697    8.03241         47 0.0000e+00
    602.000    594.904     0.0633  28.890063     0.0653  28.889850     4.7133     4.7908    -0.0045    95.0962 1.0000e-12  -74.17528 -113.34460  26.744345      19.14 1.7991e+03    770.367      18490  1030.4473  1030.4452    34.3726    34.3701    8.03214         41 0.0000e+00
    603.000    595.892     0.0665  28.893881     0.0690  28.893989     4.7080     4.7926    -0.0128    95.1016 1.0000e-12  -74.17528 -113.34460  26.744369      18.20 1.8031e+03    772.507      18541  1030.4525  1030.4502    34.3734    34.3709    8.03142         45 0.0000e+00
    604.000    596.877     0.0683  28.896103     0.0703  28.895916     4.7083     4.7874    -0.0106    95.0994 1.0000e-12  -74.17528 -113.34460  26.744397      17.10 1.8067e+03    774.926      18599  1030.4573  1030.4552    34.3738    34.3713    8.03103         35 0.0000e+00
    605.000    597.864     0.0691  28.897510     0.0713  28.897360     4.7102     4.7919    -0.0118    95.0902 1.0000e-12  -74.17528 -113.34460  26.744432      16.04 1.8094e+03    777.906      18671  1030.4623  1030.4600    34.3742    34.3715    8.03084         38 0.0000e+00
    606.000    598.853     0.0713  28.900191     0.0733  28.899932     4.7085     4.7940    -0.0039    95.0653 1.0000e-12  -74.17528 -113.34460  26.744477      15.02 1.8131e+03    781.814      18765  1030.4672  1030.4650    34.3746    34.3721    8.03035         43 0.0000e+00
    607.000    599.840     0.0721  28.901333     0.0740  28.901068     4.7068     4.7945    -0.0077    95.0641 1.0000e-12  -74.17528 -113.34461  26.744507      14.01 1.8172e+03    784.429      18827  1030.4719  1030.4698    34.3747    34.3723    8.03018         33 0.0000e+00
    608.000    600.826     0.0711  28.900613     0.0738  28.901262     4.7098     4.7946    -0.0110    95.0751 1.0000e-12  -74.17528 -113.34461  26.744536      13.03 1.8208e+03    786.937      18887  1030.4764  1030.4745    34.3743    34.3721    8.03042         39 0.0000e+00
    609.000    601.813     0.0728  28.902856     0.0750  28.903020     4.7105     4.7935    -0.0091    95.0853 1.0000e-12  -74.17528 -113.34461  26.744567      11.94 1.8238e+03    789.603      18951  1030.4814  1030.4794    34.3748    34.3725    8.03004         38 0.0000e+00
    610.000    602.800     0.0759  28.906603     0.0776  28.906039     4.7036     4.7917    -0.0168    95.0723 1.0000e-12  -74.17528 -113.34461  26.744598      10.95 1.8246e+03    792.253      19015  1030.4866  1030.4843    34.3757    34.3730    8.02934         54 0.0000e+00
    611.000    603.785     0.0779  28.909289     0.0804  28.909526     4.7039     4.7891    -0.0140    95.0988 1.0000e-12  -74.17528 -113.34461  26.744627       9.94 1.8261e+03    794.774      19076  1030.4916  1030.4895    34.3764    34.3739    8.02888         41 0.0000e+00
    612.000    604.770     0.0820  28.913795     0.0836  28.913263     4.7045     4.7893    -0.0137    95.0570 1.0000e-12  -74.17528 -113.34461  26.744658       8.92 1.8275e+03    797.490      19141  1030.4967  1030.4946    34.3771    34.3747    8.02797         35 0.0000e+00
    613.000    605.760     0.0859  28.918492     0.0877  28.917877     4.7013     4.7902    -0.0025    95.0705 1.0000e-12  -74.17528 -113.34461  26.744690       7.91 1.8283e+03    800.188      19206  1030.5020  1030.4997    34.3784    34.3756    8.02709         37 0.0000e+00
    614.000    606.745     0.0857  28.918628     0.0878  28.918486     4.7038     4.7893    -0.0079    95.0885 1.0000e-12  -74.17528 -113.34461  26.744720       6.92 1.8281e+03    802.832      19269  1030.5067  1030.5045    34.3783    34.3757    8.02715         35 0.0000e+00
    615.000    607.732     0.0869  28.920442     0.0893  28.920537     4.7010     4.7888    -0.0071    95.1128 1.0000e-12  -74.17528 -113.34461  26.744753       5.88 1.8272e+03    805.691      19338  1030.5116  1030.5095    34.3786    34.3762    8.02686         36 0.0000e+00
    616.000    608.719     0.0856  28.919382     0.0891  28.920706     4.7041     4.7938    -0.0082    95.0760 1.0000e-12  -74.17528 -113.34462  26.744791       4.74 1.8257e+03    808.928      19415  1030.5163  1030.5142    34.3781    34.3760    8.02716          7 0.0000e+00
