ocean_section_plots/required_files/ctd/dnbp2202_ctd075.cnv
* Sea-Bird SBE 9 Data File:
* FileName = D:\Data\raw\NBP2202_CTD075.hex
* Software Version Seasave V 7.26.7.121
* Temperature SN = 1649
* Conductivity SN = 2513
* Number of Bytes Per Scan = 40
* Number of Voltage Words = 5
* Number of Scans Averaged by the Deck Unit = 1
* NMEA Latitude = 74 10.51 S
* NMEA Longitude = 113 20.67 W
* NMEA UTC (Time) = Jan 26 2022  12:19:43
* NMEA baud rate = 9600
** Ship: RVIB N.B. Palmer
** Cruise: NBP2202 Thwaites
** Station: 56
** Operator: B Bjork
# nquan = 25
# nvalues = 615                         
# units = specified
# name 0 = prDM: Pressure, Digiquartz [db]
# name 1 = depSM: Depth [salt water, m]
# name 2 = t090C: Temperature [ITS-90, deg C]
# name 3 = c0mS/cm: Conductivity [mS/cm]
# name 4 = t190C: Temperature, 2 [ITS-90, deg C]
# name 5 = c1mS/cm: Conductivity, 2 [mS/cm]
# name 6 = sbeox0ML/L: Oxygen, SBE 43 [ml/l]
# name 7 = sbeox1ML/L: Oxygen, SBE 43, 2 [ml/l]
# name 8 = flECO-AFL: Fluorescence, WET Labs ECO-AFL/FL [mg/m^3]
# name 9 = CStarTr0: Beam Transmission, WET Labs C-Star [%]
# name 10 = par: PAR/Irradiance, Biospherical/Licor
# name 11 = latitude: Latitude [deg]
# name 12 = longitude: Longitude [deg]
# name 13 = timeJ: Julian Days
# name 14 = altM: Altimeter [m]
# name 15 = spar: SPAR, Biospherical/Licor
# name 16 = timeS: Time, Elapsed [seconds]
# name 17 = scan: Scan Count
# name 18 = density00: Density [density, kg/m^3]
# name 19 = density11: Density, 2 [density, kg/m^3]
# name 20 = sal00: Salinity, Practical [PSU]
# name 21 = sal11: Salinity, Practical, 2 [PSU]
# name 22 = oxsolML/L: Oxygen Saturation, Garcia & Gordon [ml/l]
# name 23 = nbin: number of scans per bin
# name 24 = flag: flag
# span 0 =      2.000,    616.000       
# span 1 =      1.981,    608.722       
# span 2 =    -1.5025,     0.1141       
# span 3 =  26.944614,  28.948327       
# span 4 =    -1.5036,     0.1156       
# span 5 =  26.945261,  28.947520       
# span 6 =     4.7235,     8.7225       
# span 7 =     4.8397,     8.9750       
# span 8 =    -0.0224,    27.6345       
# span 9 =    67.8339,    95.7519       
# span 10 = 1.0000e-12, 7.3059e+01      
# span 11 =  -74.17528,  -74.17526      
# span 12 = -113.34460, -113.34456      
# span 13 =  26.516643,  26.526819      
# span 14 =       3.88,     100.62      
# span 15 = 3.9665e+02, 9.8580e+02      
# span 16 =    254.969,   1134.146      
# span 17 =       6120,      27221      
# span 18 =  1027.1828,  1030.5203      
# span 19 =  1027.1862,  1030.5179      
# span 20 =    33.7897,    34.3861      
# span 21 =    33.7938,    34.3835      
# span 22 =    8.02076,    8.40450      
# span 23 =         24,         48      
# span 24 = 0.0000e+00, 0.0000e+00      
# interval = decibars: 1                
# start_time = Jan 26 2022 12:19:43 [NMEA time, header]
# bad_flag = -9.990e-29
*END*
[from data line 116]
    118.000    116.744    -1.3836  27.101338    -1.3836  27.101884     5.5492     5.6854    -0.0224    95.6089 1.0000e-12  -74.17526 -113.34459  26.519040      99.70 4.2662e+02    462.019      11089  1027.8308  1027.8314    33.8850    33.8858    8.37427         28 0.0000e+00
    119.000    117.735    -1.3912  27.095606    -1.3916  27.095918     5.5553     5.7005    -0.0172    95.6198 1.0000e-12  -74.17526 -113.34458  26.519053      99.69 4.2662e+02    463.174      11117  1027.8360  1027.8367    33.8850    33.8859    8.37597         28 0.0000e+00
    120.000    118.724    -1.4032  27.086815    -1.4030  27.087348     5.5776     5.7277     0.0041    95.6147 1.0000e-12  -74.17526 -113.34458  26.519067      99.69 4.2662e+02    464.385      11146  1027.8422  1027.8425    33.8860    33.8865    8.37863         30 0.0000e+00
    121.000    119.712    -1.4089  27.082411    -1.4123  27.080404     5.6177     5.7594    -0.0115    95.6057 1.0000e-12  -74.17526 -113.34458  26.519081      99.70 4.2662e+02    465.627      11176  1027.8469  1027.8480    33.8857    33.8868    8.37991         29 0.0000e+00
    122.000    120.702    -1.4291  27.067368    -1.4294  27.068064     5.6452     5.7789    -0.0072    95.6297 1.0000e-12  -74.17526 -113.34458  26.519095      99.69 4.2662e+02    466.836      11205  1027.8541  1027.8552    33.8873    33.8886    8.38438         29 0.0000e+00
    123.000    121.690    -1.4375  27.062561    -1.4382  27.062501     5.6438     5.7834    -0.0072    95.6305 1.0000e-12  -74.17526 -113.34458  26.519109      99.70 4.2576e+02    468.004      11233  1027.8611  1027.8617    33.8896    33.8903    8.38613         27 0.0000e+00
    124.000    122.680    -1.4383  27.062232    -1.4390  27.062224     5.6460     5.7894    -0.0074    95.6368 1.0000e-12  -74.17526 -113.34458  26.519122      99.70 4.2522e+02    469.164      11261  1027.8656  1027.8662    33.8894    33.8901    8.38631         29 0.0000e+00
    125.000    123.669    -1.4358  27.066297    -1.4365  27.065985     5.6447     5.7914    -0.0028    95.6493 1.0000e-12  -74.17526 -113.34458  26.519136      99.69 4.2510e+02    470.343      11289  1027.8717  1027.8721    33.8915    33.8919    8.38562         28 0.0000e+00
    126.000    124.659    -1.4354  27.068028    -1.4357  27.067983     5.6460     5.7966     0.0082    95.6492 1.0000e-12  -74.17526 -113.34458  26.519150      96.09 4.2485e+02    471.544      11318  1027.8774  1027.8777    33.8928    33.8932    8.38545         29 0.0000e+00
    127.000    125.646    -1.4350  27.069198    -1.4358  27.068873     5.6438     5.8053     0.0018    95.6421 1.0000e-12  -74.17526 -113.34458  26.519164      99.72 4.2485e+02    472.757      11347  1027.8825  1027.8830    33.8934    33.8939    8.38533         29 0.0000e+00
    128.000    126.636    -1.4316  27.074747    -1.4324  27.074126     5.6457     5.8060    -0.0067    95.6527 1.0000e-12  -74.17526 -113.34458  26.519178      99.69 4.2485e+02    473.953      11376  1027.8896  1027.8897    33.8966    33.8966    8.38439         29 0.0000e+00
    129.000    127.625    -1.4285  27.079607    -1.4291  27.079475     5.6467     5.8045    -0.0077    95.6448 1.0000e-12  -74.17526 -113.34458  26.519191      99.70 4.2393e+02    475.127      11404  1027.8962  1027.8966    33.8991    33.8996    8.38353         27 0.0000e+00
    130.000    128.615    -1.4260  27.083168    -1.4269  27.082539     5.6430     5.8086    -0.0087    95.6618 1.0000e-12  -74.17526 -113.34458  26.519205      99.69 4.2363e+02    476.303      11432  1027.9020  1027.9022    33.9005    33.9007    8.38288         29 0.0000e+00
    131.000    129.601    -1.4232  27.086863    -1.4243  27.086171     5.6400     5.7987    -0.0136    95.6562 1.0000e-12  -74.17526 -113.34458  26.519219      99.69 4.2333e+02    477.522      11462  1027.9076  1027.9079    33.9019    33.9021    8.38218         29 0.0000e+00
    132.000    130.592    -1.4199  27.091028    -1.4206  27.090529     5.6464     5.7997    -0.0051    95.6646 1.0000e-12  -74.17526 -113.34458  26.519233      99.70 4.2327e+02    478.747      11491  1027.9133  1027.9135    33.9032    33.9033    8.38135         30 0.0000e+00
    133.000    131.582    -1.4184  27.092838    -1.4188  27.093026     5.6408     5.7994    -0.0067    95.6652 1.0000e-12  -74.17526 -113.34458  26.519247      99.69 4.2309e+02    479.964      11520  1027.9182  1027.9188    33.9034    33.9041    8.38100         29 0.0000e+00
    134.000    132.570    -1.4176  27.093940    -1.4185  27.093298     5.6300     5.7900    -0.0110    95.6439 1.0000e-12  -74.17526 -113.34458  26.519261      99.70 4.2309e+02    481.163      11549  1027.9230  1027.9231    33.9034    33.9035    8.38083         29 0.0000e+00
    135.000    133.559    -1.4131  27.099567    -1.4130  27.100085     5.6378     5.8026    -0.0075    95.6804 1.0000e-12  -74.17526 -113.34458  26.519275      99.70 4.2309e+02    482.346      11577  1027.9291  1027.9296    33.9053    33.9060    8.37969         28 0.0000e+00
    136.000    134.549    -1.4095  27.104233    -1.4093  27.104750     5.6278     5.7924    -0.0072    95.6834 1.0000e-12  -74.17526 -113.34458  26.519289      99.70 4.2309e+02    483.527      11606  1027.9351  1027.9354    33.9071    33.9075    8.37878         28 0.0000e+00
    137.000    135.538    -1.4069  27.107669    -1.4074  27.107662     5.5787     5.7496    -0.0022    95.6785 1.0000e-12  -74.17526 -113.34458  26.519302      99.59 4.2309e+02    484.710      11634  1027.9408  1027.9412    33.9083    33.9088    8.37813         29 0.0000e+00
    138.000    136.525    -1.3669  27.146762    -1.3689  27.143648     5.5404     5.7033    -0.0004    95.6825 1.0000e-12  -74.17526 -113.34458  26.519316      99.67 4.2309e+02    485.889      11662  1027.9493  1027.9478    33.9160    33.9140    8.36868         28 0.0000e+00
    139.000    137.515    -1.3390  27.170732    -1.3362  27.173401     5.5205     5.6807    -0.0070    95.6751 1.0000e-12  -74.17526 -113.34460  26.519330      99.71 4.2309e+02    487.073      11691  1027.9532  1027.9534    33.9168    33.9172    8.36238         28 0.0000e+00
    140.000    138.504    -1.3364  27.173977    -1.3328  27.176825     5.5338     5.7026    -0.0077    95.6803 1.0000e-12  -74.17526 -113.34458  26.519343      99.70 4.2309e+02    488.251      11719  1027.9588  1027.9585    33.9176    33.9175    8.36174         29 0.0000e+00
    141.000    139.493    -1.3394  27.171701    -1.3389  27.172226     5.5003     5.6636    -0.0093    95.6816 1.0000e-12  -74.17526 -113.34460  26.519357      99.69 4.2309e+02    489.419      11747  1027.9638  1027.9639    33.9172    33.9174    8.36243         28 0.0000e+00
    142.000    140.483    -1.3407  27.171401    -1.3414  27.170076     5.4308     5.5937    -0.0211    95.6705 1.0000e-12  -74.17526 -113.34459  26.519370      99.71 4.2309e+02    490.607      11776  1027.9693  1027.9685    33.9177    33.9167    8.36270         28 0.0000e+00
    143.000    141.471    -1.2768  27.228539    -1.2696  27.233185     5.3613     5.5419    -0.0167    95.6291 1.0000e-12  -74.17526 -113.34459  26.519384      99.69 4.2216e+02    491.808      11804  1027.9745  1027.9726    33.9231    33.9213    8.34807         29 0.0000e+00
    144.000    142.460    -1.2414  27.259988    -1.2407  27.259849     5.3272     5.5003    -0.0171    95.6324 1.0000e-12  -74.17526 -113.34459  26.519398      99.70 4.2218e+02    493.014      11833  1027.9794  1027.9786    33.9255    33.9246    8.34002         29 0.0000e+00
    145.000    143.450    -1.2136  27.285594    -1.2174  27.281392     5.3339     5.4989    -0.0075    95.6633 1.0000e-12  -74.17526 -113.34458  26.519412      99.70 4.2236e+02    494.203      11862  1027.9854  1027.9844    33.9286    33.9271    8.33366         29 0.0000e+00
    146.000    144.438    -1.2129  27.286848    -1.2097  27.289521     5.3699     5.5259    -0.0077    95.6650 1.0000e-12  -74.17526 -113.34460  26.519426      99.69 4.2183e+02    495.393      11890  1027.9908  1027.9907    33.9288    33.9288    8.33347         28 0.0000e+00
    147.000    145.426    -1.2261  27.276485    -1.2265  27.276160     5.3928     5.5437    -0.0119    95.6576 1.0000e-12  -74.17526 -113.34460  26.519440      99.70 4.2196e+02    496.574      11919  1027.9970  1027.9971    33.9289    33.9290    8.33641         28 0.0000e+00
    148.000    146.416    -1.2366  27.268343    -1.2388  27.266438     5.4006     5.5535    -0.0145    95.6518 1.0000e-12  -74.17526 -113.34459  26.519453      94.93 4.2200e+02    497.756      11947  1028.0030  1028.0030    33.9291    33.9290    8.33875         29 0.0000e+00
    149.000    147.404    -1.2391  27.266592    -1.2411  27.264760     5.4063     5.5546    -0.0087    95.6359 1.0000e-12  -74.17526 -113.34458  26.519467      99.69 4.2151e+02    498.957      11976  1028.0079  1028.0079    33.9288    33.9286    8.33931         29 0.0000e+00
    150.000    148.395    -1.2402  27.266126    -1.2400  27.265840     5.4119     5.5593    -0.0075    95.6421 1.0000e-12  -74.17526 -113.34458  26.519481      99.70 4.2133e+02    500.161      12005  1028.0131  1028.0125    33.9289    33.9282    8.33957         29 0.0000e+00
    151.000    149.383    -1.2410  27.265786    -1.2440  27.263036     5.4117     5.5682    -0.0142    95.6302 1.0000e-12  -74.17526 -113.34458  26.519495      99.70 4.2133e+02    501.346      12033  1028.0178  1028.0178    33.9287    33.9283    8.33975         28 0.0000e+00
    152.000    150.371    -1.2431  27.264256    -1.2457  27.261912     5.4295     5.5756    -0.0072    95.6338 1.0000e-12  -74.17526 -113.34458  26.519508      99.70 4.2133e+02    502.522      12062  1028.0226  1028.0226    33.9283    33.9281    8.34023         28 0.0000e+00
    153.000    151.361    -1.2496  27.259271    -1.2489  27.259737     5.4507     5.5899    -0.0149    95.6309 1.0000e-12  -74.17526 -113.34458  26.519522      99.70 4.2133e+02    503.709      12090  1028.0279  1028.0276    33.9283    33.9280    8.34170         28 0.0000e+00
    154.000    152.349    -1.2611  27.250095    -1.2638  27.247927     5.4678     5.6103    -0.0150    95.6371 1.0000e-12  -74.17526 -113.34458  26.519536      99.70 4.2115e+02    504.910      12119  1028.0334  1028.0335    33.9281    33.9281    8.34428         30 0.0000e+00
    155.000    153.339    -1.2688  27.244534    -1.2696  27.243707     5.4774     5.6140    -0.0117    95.6323 1.0000e-12  -74.17526 -113.34458  26.519550      99.70 4.2096e+02    506.131      12148  1028.0390  1028.0388    33.9285    33.9283    8.34596         29 0.0000e+00
    156.000    154.327    -1.2717  27.242707    -1.2716  27.242734     5.4752     5.6091    -0.0110    95.6457 1.0000e-12  -74.17526 -113.34458  26.519564      99.69 4.2066e+02    507.340      12177  1028.0441  1028.0440    33.9287    33.9287    8.34661         29 0.0000e+00
    157.000    155.316    -1.2665  27.247719    -1.2639  27.249827     5.5247     5.6519    -0.0111    95.6052 1.0000e-12  -74.17526 -113.34458  26.519578      99.70 4.2026e+02    508.522      12206  1028.0488  1028.0485    33.9291    33.9289    8.34543         28 0.0000e+00
    158.000    156.305    -1.2829  27.234810    -1.2792  27.238329     5.5734     5.7076    -0.0116    95.6330 1.0000e-12  -74.17526 -113.34458  26.519591      99.70 4.1995e+02    509.692      12234  1028.0548  1028.0551    33.9293    33.9300    8.34907         28 0.0000e+00
    159.000    157.294    -1.3124  27.213873    -1.3131  27.213441     5.6061     5.7400    -0.0147    95.6014 1.0000e-12  -74.17526 -113.34458  26.519605      99.70 4.1999e+02    510.869      12262  1028.0647  1028.0650    33.9334    33.9336    8.35543         29 0.0000e+00
    160.000    158.283    -1.3208  27.210062    -1.3211  27.209639     5.6081     5.7485    -0.0035    95.6319 1.0000e-12  -74.17526 -113.34458  26.519619      99.70 4.2001e+02    512.061      12290  1028.0728  1028.0727    33.9370    33.9368    8.35709         28 0.0000e+00
    161.000    159.271    -1.3170  27.215185    -1.3172  27.214648     5.5901     5.7271    -0.0060    95.6431 1.0000e-12  -74.17526 -113.34458  26.519633      99.70 4.1993e+02    513.260      12319  1028.0788  1028.0785    33.9391    33.9386    8.35611         29 0.0000e+00
    162.000    160.260    -1.3087  27.224387    -1.3076  27.224894     5.5533     5.7160    -0.0075    95.6510 1.0000e-12  -74.17526 -113.34458  26.519647      99.69 4.1981e+02    514.460      12348  1028.0851  1028.0846    33.9418    33.9412    8.35411         29 0.0000e+00
    163.000    161.250    -1.2793  27.252149    -1.2797  27.250875     5.5146     5.6810    -0.0147    95.6571 1.0000e-12  -74.17526 -113.34458  26.519660      99.70 4.2017e+02    515.658      12377  1028.0912  1028.0902    33.9459    33.9446    8.34728         29 0.0000e+00
    164.000    162.239    -1.2652  27.265434    -1.2658  27.263982     5.5019     5.6646    -0.0124    95.6519 1.0000e-12  -74.17526 -113.34458  26.519674      99.70 4.1957e+02    516.870      12406  1028.0965  1028.0955    33.9475    33.9462    8.34403         29 0.0000e+00
    165.000    163.227    -1.2439  27.285213    -1.2452  27.283672     5.5033     5.6613    -0.0077    95.6744 1.0000e-12  -74.17526 -113.34458  26.519689      99.70 4.1957e+02    518.141      12436  1028.1020  1028.1015    33.9499    33.9493    8.33914         32 0.0000e+00
    166.000    164.216    -1.2524  27.279452    -1.2520  27.279627     5.5016     5.6580    -0.0077    95.6656 1.0000e-12  -74.17526 -113.34458  26.519705      99.71 4.1957e+02    519.522      12470  1028.1084  1028.1083    33.9510    33.9508    8.34098         33 0.0000e+00
    167.000    165.205    -1.2418  27.290324    -1.2398  27.291204     5.5007     5.6572    -0.0072    95.6664 1.0000e-12  -74.17526 -113.34458  26.519721      99.70 4.1957e+02    520.874      12502  1028.1145  1028.1134    33.9533    33.9522    8.33847         32 0.0000e+00
    168.000    166.193    -1.2415  27.291280    -1.2409  27.291531     5.5190     5.6643    -0.0120    95.6696 1.0000e-12  -74.17526 -113.34458  26.519736      99.70 4.1957e+02    522.224      12534  1028.1197  1028.1193    33.9536    33.9533    8.33839         34 0.0000e+00
    169.000    167.183    -1.2481  27.286476    -1.2480  27.286132     5.5322     5.6882    -0.0054    95.5208 1.0000e-12  -74.17526 -113.34458  26.519753      99.51 4.1957e+02    523.628      12568  1028.1252  1028.1248    33.9538    33.9533    8.33984         34 0.0000e+00
    170.000    168.171    -1.2537  27.282027    -1.2557  27.279939     5.5333     5.6853    -0.0101    95.6762 1.0000e-12  -74.17526 -113.34458  26.519769      99.70 4.1957e+02    525.046      12602  1028.1301  1028.1298    33.9535    33.9530    8.34111         32 0.0000e+00
    171.000    169.160    -1.2500  27.285964    -1.2507  27.284570     5.5321     5.6797    -0.0066    95.6793 1.0000e-12  -74.17526 -113.34458  26.519785      99.70 4.1957e+02    526.437      12635  1028.1352  1028.1343    33.9541    33.9530    8.34025         32 0.0000e+00
    172.000    170.150    -1.2504  27.286253    -1.2505  27.285894     5.5950     5.7465    -0.0129    95.6825 1.0000e-12  -74.17526 -113.34458  26.519801      99.70 4.1957e+02    527.816      12669  1028.1403  1028.1399    33.9543    33.9539    8.34033         34 0.0000e+00
    173.000    171.137    -1.2830  27.259346    -1.2865  27.257501     5.6705     5.8150    -0.0107    95.6744 1.0000e-12  -74.17526 -113.34458  26.519817      99.70 4.1932e+02    529.189      12702  1028.1468  1028.1481    33.9538    33.9552    8.34765         32 0.0000e+00
    174.000    172.127    -1.3131  27.239183    -1.3136  27.238464     5.7065     5.8481    -0.0101    95.6735 1.0000e-12  -74.17526 -113.34458  26.519833      99.70 4.1860e+02    530.554      12734  1028.1581  1028.1577    33.9596    33.9591    8.35403         33 0.0000e+00
