ocean_section_plots/required_files/ctd/dnbp2202_ctd155.cnv
* Sea-Bird SBE 9 Data File:
* FileName = D:\Data\raw\NBP2202_CTD155.hex
* Software Version Seasave V 7.26.7.121
* Temperature SN = 1649
* Conductivity SN = 2513
* Number of Bytes Per Scan = 40
* Number of Voltage Words = 5
* Number of Scans Averaged by the Deck Unit = 1
* NMEA Latitude = 74 13.73 S
* NMEA Longitude = 112 41.10 W
* NMEA UTC (Time) = Jan 31 2022  17:11:11
* NMEA baud rate = 9600
** Ship: RVIB N.B. Palmer
** Cruise: NBP2202 Thwaites
** Station: 78
** Operator: A. Robinson
# nquan = 28
# nvalues = 1051                        
# units = specified
# name 0 = prDM: Pressure, Digiquartz [db]
# name 1 = depSM: Depth [salt water, m]
# name 2 = t090C: Temperature [ITS-90, deg C]
# name 3 = c0mS/cm: Conductivity [mS/cm]
# name 4 = t190C: Temperature, 2 [ITS-90, deg C]
# name 5 = c1mS/cm: Conductivity, 2 [mS/cm]
# name 6 = sbeox0ML/L: Oxygen, SBE 43 [ml/l]
# name 7 = sbeox1ML/L: Oxygen, SBE 43, 2 [ml/l]
# name 8 = flECO-AFL: Fluorescence, WET Labs ECO-AFL/FL [mg/m^3]
# name 9 = CStarTr0: Beam Transmission, WET Labs C-Star [%]
# name 10 = par: PAR/Irradiance, Biospherical/Licor
# name 11 = latitude: Latitude [deg]
# name 12 = longitude: Longitude [deg]
# name 13 = timeJ: Julian Days
# name 14 = altM: Altimeter [m]
# name 15 = spar: SPAR, Biospherical/Licor
# name 16 = timeS: Time, Elapsed [seconds]
# name 17 = scan: Scan Count
# name 18 = density00: Density [density, kg/m^3]
# name 19 = density11: Density, 2 [density, kg/m^3]
# name 20 = v3: Voltage 3
# name 21 = v4: Voltage 4
# name 22 = v5: Voltage 5
# name 23 = sal00: Salinity, Practical [PSU]
# name 24 = sal11: Salinity, Practical, 2 [PSU]
# name 25 = oxsolML/L: Oxygen Saturation, Garcia & Gordon [ml/l]
# name 26 = nbin: number of scans per bin
# name 27 = flag: flag
# span 0 =      3.000,   1053.000       
# span 1 =      2.996,   1039.471       
# span 2 =    -1.5439,     0.4841       
# span 3 =  27.039977,  29.576137       
# span 4 =    -1.5431,     0.4861       
# span 5 =  27.038803,  29.575958       
# span 6 =     4.5839,     7.6369       
# span 7 =     4.6405,     7.7932       
# span 8 =    -0.0169,    15.0572       
# span 9 =    75.3445,    93.9611       
# span 10 = 1.0000e-12, 7.3429e+02      
# span 11 =  -74.22882,  -74.22881      
# span 12 = -112.68504, -112.68500      
# span 13 =  31.718879,  31.734173      
# span 14 =     -45.34,     100.02      
# span 15 = 1.8163e+03, 1.8703e+03      
# span 16 =    240.219,   1561.572      
# span 17 =       5766,      37479      
# span 18 =  1027.2196,  1032.6598      
# span 19 =  1027.2188,  1032.6577      
# span 20 =     3.5746,     4.4575      
# span 21 =     0.0639,     2.6603      
# span 22 =     0.1132,     0.2074      
# span 23 =    33.8194,    34.5450      
# span 24 =    33.8198,    34.5428      
# span 25 =    7.93530,    8.40569      
# span 26 =          1,         52      
# span 27 = 0.0000e+00, 0.0000e+00      
# interval = decibars: 1                
# start_time = Jan 31 2022 17:11:11 [NMEA time, header]
# bad_flag = -9.990e-29
*END*
      3.000      2.996    -1.1950  27.158155    -1.1931  27.158952     7.6321     7.5601    11.6907    75.4309 7.3429e+02  -74.22882 -112.68500  31.718879     -45.34 1.8163e+03    240.219       5766  1027.2196  1027.2188     3.5750     2.2221     0.1699    33.8215    33.8203    8.33583          1 0.0000e+00
      4.000      3.960    -1.1946  27.158286    -1.1943  27.158146     7.6213     7.5344     9.8432    75.9501 6.1140e+02  -74.22882 -112.68500  31.719200      48.52 1.8224e+03    267.891       6430  1027.2235  1027.2231     3.6035     1.5821     0.1765    33.8205    33.8201    8.33579         36 0.0000e+00
      5.000      4.948    -1.1998  27.154056    -1.1980  27.155463     7.6187     7.5297     7.5389    76.2192 4.4440e+02  -74.22882 -112.68500  31.719333      77.75 1.8241e+03    279.396       6707  1027.2282  1027.2281     3.6162     1.5314     0.1760    33.8200    33.8199    8.33699         39 0.0000e+00
      6.000      5.937    -1.1975  27.156733    -1.1974  27.156336     7.6330     7.5301     7.1781    76.1857 3.2621e+02  -74.22882 -112.68500  31.719354      78.95 1.8238e+03    281.222       6750  1027.2332  1027.2326     3.6145     1.2791     0.1794    33.8205    33.8198    8.33645         37 0.0000e+00
      7.000      6.929    -1.1946  27.159405    -1.1950  27.158925     7.6224     7.5479     8.4272    75.9960 2.4356e+02  -74.22882 -112.68500  31.719385      97.73 1.8237e+03    283.828       6813  1027.2376  1027.2375     3.6056     1.5074     0.1919    33.8202    33.8200    8.33581         42 0.0000e+00
      8.000      7.917    -1.1974  27.157273    -1.2005  27.154946     7.6165     7.5611     8.4635    75.5806 1.8240e+02  -74.22882 -112.68501  31.719411      99.44 1.8253e+03    286.071       6867  1027.2423  1027.2428     3.5859     1.4688     0.1867    33.8198    33.8202    8.33646         37 0.0000e+00
      9.000      8.907    -1.2050  27.151870    -1.2069  27.150151     7.6190     7.5761    11.1919    76.0225 1.3828e+02  -74.22882 -112.68502  31.719427      99.38 1.8276e+03    287.494       6901  1027.2479  1027.2479     3.6068     1.6779     0.1834    33.8204    33.8202    8.33812         34 0.0000e+00
     10.000      9.896    -1.2072  27.151035    -1.2081  27.149871     7.6241     7.6372    10.8120    76.0774 1.0344e+02  -74.22882 -112.68502  31.719458      94.39 1.8251e+03    290.193       6966  1027.2534  1027.2531     3.6097     1.6780     0.1831    33.8211    33.8205    8.33856         34 0.0000e+00
     11.000     10.886    -1.2152  27.143585    -1.2086  27.151318     7.6326     7.6749    10.4037    75.3506 8.4688e+01  -74.22882 -112.68502  31.719482      98.59 1.8254e+03    292.235       7015  1027.2573  1027.2593     3.5750     1.7928     0.1653    33.8194    33.8225    8.34047         33 0.0000e+00
     12.000     11.878    -1.2083  27.152742    -1.2072  27.153452     7.6369     7.6705    11.5510    75.3445 6.1147e+01  -74.22882 -112.68502  31.719499      99.55 1.8266e+03    293.694       7050  1027.2649  1027.2646     3.5746     1.9126     0.1736    33.8234    33.8232    8.33867         33 0.0000e+00
     13.000     12.864    -1.2094  27.151449    -1.2096  27.150601     7.6353     7.7290    12.3914    75.6863 4.8729e+01  -74.22882 -112.68502  31.719529      99.37 1.8241e+03    296.298       7112  1027.2687  1027.2680     3.5909     1.8822     0.1767    33.8222    33.8213    8.33898         36 0.0000e+00
     14.000     13.858    -1.2088  27.152956    -1.2080  27.153189     7.6279     7.7514    13.2899    76.1191 3.9090e+01  -74.22882 -112.68502  31.719552      99.43 1.8241e+03    298.316       7161  1027.2741  1027.2737     3.6114     2.0276     0.1945    33.8230    33.8225    8.33881         34 0.0000e+00
     15.000     14.845    -1.2082  27.154154    -1.2077  27.154342     7.6242     7.7599    12.1879    75.6696 2.8554e+01  -74.22882 -112.68502  31.719571      99.57 1.8275e+03    299.898       7199  1027.2792  1027.2789     3.5901     2.1980     0.1809    33.8234    33.8231    8.33865         42 0.0000e+00
     16.000     15.833    -1.2102  27.152902    -1.2078  27.154696     7.6263     7.7704    13.1251    75.4898 2.3008e+01  -74.22882 -112.68503  31.719597      99.51 1.8262e+03    302.182       7253  1027.2840  1027.2837     3.5818     2.1598     0.2074    33.8233    33.8231    8.33911         39 0.0000e+00
     17.000     16.823    -1.2099  27.153564    -1.2091  27.153875     7.6255     7.7883    13.9081    75.7682 1.9187e+01  -74.22882 -112.68504  31.719624      98.82 1.8260e+03    304.500       7309  1027.2888  1027.2883     3.5948     1.9018     0.1930    33.8233    33.8228    8.33905         40 0.0000e+00
     18.000     17.813    -1.2087  27.155364    -1.2080  27.155665     7.6301     7.7932    12.7121    76.5121 1.3982e+01  -74.22882 -112.68504  31.719642      99.39 1.8265e+03    306.037       7346  1027.2939  1027.2935     3.6300     2.0050     0.1877    33.8238    33.8233    8.33875         38 0.0000e+00
     19.000     18.802    -1.2085  27.156430    -1.2076  27.156760     7.6183     7.7819    14.1913    76.1367 1.1379e+01  -74.22882 -112.68504  31.719670      99.49 1.8268e+03    308.523       7406  1027.2991  1027.2987     3.6121     2.0249     0.1754    33.8243    33.8238    8.33866         33 0.0000e+00
     20.000     19.791    -1.2132  27.153095    -1.2118  27.153898     7.5946     7.7744    12.6817    75.9450 9.6152e+00  -74.22882 -112.68504  31.719696      99.55 1.8255e+03    310.761       7459  1027.3044  1027.3039     3.6032     2.2443     0.1966    33.8245    33.8239    8.33971         39 0.0000e+00
     21.000     20.782    -1.2137  27.153525    -1.2125  27.153780     7.5874     7.7531    13.7802    75.8956 7.2834e+00  -74.22882 -112.68504  31.719714      99.45 1.8271e+03    312.270       7495  1027.3096  1027.3087     3.6006     2.1030     0.1802    33.8250    33.8239    8.33980         36 0.0000e+00
     22.000     21.768    -1.2171  27.152529    -1.2168  27.152557     7.5305     7.7018    14.2508    75.8526 5.9137e+00  -74.22882 -112.68504  31.719740      99.67 1.8297e+03    314.521       7549  1027.3161  1027.3158     3.5988     2.3422     0.1779    33.8269    33.8265    8.34044         36 0.0000e+00
     23.000     22.761    -1.2260  27.149015    -1.2254  27.149102     7.4951     7.6778    15.0572    76.4126 4.9497e+00  -74.22882 -112.68504  31.719767      94.53 1.8269e+03    316.878       7606  1027.3251  1027.3246     3.6254     2.3146     0.1996    33.8314    33.8309    8.34215         36 0.0000e+00
     24.000     23.750    -1.2261  27.149957    -1.2258  27.149639     7.5042     7.6737    13.1268    75.9880 3.8502e+00  -74.22882 -112.68504  31.719785      96.83 1.8265e+03    318.446       7644  1027.3305  1027.3299     3.6052     2.6603     0.1972    33.8322    33.8314    8.34213         38 0.0000e+00
     25.000     24.741    -1.2265  27.150610    -1.2268  27.149939     7.4673     7.6413    14.6825    76.4582 3.0726e+00  -74.22882 -112.68503  31.719810      99.64 1.8269e+03    320.548       7694  1027.3358  1027.3354     3.6273     2.2449     0.1741    33.8330    33.8324    8.34218         32 0.0000e+00
     26.000     25.729    -1.2352  27.144517    -1.2343  27.144854     7.3800     7.5602    13.9948    76.2468 2.6469e+00  -74.22882 -112.68503  31.719838      99.53 1.8257e+03    323.023       7754  1027.3418  1027.3413     3.6177     2.1748     0.1772    33.8338    33.8332    8.34407         38 0.0000e+00
     27.000     26.720    -1.2424  27.140487    -1.2419  27.140529     7.3526     7.5322    13.8158    76.5985 2.1034e+00  -74.22882 -112.68502  31.719858      99.53 1.8275e+03    324.707       7794  1027.3486  1027.3481     3.6342     2.2125     0.1842    33.8358    33.8353    8.34556         37 0.0000e+00
     28.000     27.706    -1.2456  27.138631    -1.2457  27.138131     7.3171     7.4830    14.4906    77.4456 1.6608e+00  -74.22882 -112.68502  31.719879      99.61 1.8290e+03    326.541       7838  1027.3538  1027.3534     3.6747     2.3688     0.1878    33.8362    33.8357    8.34624         33 0.0000e+00
     29.000     28.698    -1.2670  27.120914    -1.2665  27.120957     7.1002     7.2954    14.2697    78.0544 1.4313e+00  -74.22882 -112.68502  31.719909      99.45 1.8259e+03    329.141       7900  1027.3584  1027.3595     3.7031     2.1099     0.1931    33.8351    33.8359    8.35102         36 0.0000e+00
     30.000     29.688    -1.2814  27.109603    -1.2760  27.114210     6.8940     7.1001    12.5180    78.6631 1.1874e+00  -74.22882 -112.68502  31.719927      99.03 1.8281e+03    330.662       7937  1027.3648  1027.3647     3.7321     2.2397     0.1760    33.8357    33.8359    8.35429         34 0.0000e+00
     31.000     30.678    -1.3301  27.067601    -1.3331  27.065840     6.6887     6.9136    12.1007    79.7022 9.4496e-01  -74.22882 -112.68502  31.719947      99.38 1.8286e+03    332.411       7979  1027.3696  1027.3706     3.7813     1.7082     0.1514    33.8324    33.8334    8.36539         41 0.0000e+00
     32.000     31.666    -1.3633  27.041545    -1.3629  27.041544     6.6701     6.8620    11.6847    80.9695 7.9393e-01  -74.22882 -112.68502  31.719974      99.42 1.8280e+03    334.734       8035  1027.3766  1027.3762     3.8415     1.7019     0.1812    33.8336    33.8331    8.37277         39 0.0000e+00
     33.000     32.656    -1.3634  27.042506    -1.3628  27.042626     6.6828     6.8378     8.4308    81.8761 6.7450e-01  -74.22882 -112.68502  31.719997      99.48 1.8272e+03    336.727       8082  1027.3815  1027.3810     3.8843     1.5378     0.1650    33.8344    33.8338    8.37275         42 0.0000e+00
     34.000     33.646    -1.3675  27.039977    -1.3687  27.038803     6.6869     6.8404     7.7833    81.7149 5.5269e-01  -74.22882 -112.68502  31.720017      99.48 1.8285e+03    338.494       8125  1027.3866  1027.3864     3.8766     1.4200     0.1656    33.8349    33.8346    8.37364         38 0.0000e+00
     35.000     34.634    -1.3653  27.043105    -1.3666  27.041649     6.7244     6.8619     6.3810    82.7465 4.6611e-01  -74.22882 -112.68502  31.720040      99.55 1.8261e+03    340.445       8172  1027.3919  1027.3914     3.9256     1.2435     0.1564    33.8361    33.8355    8.37308         40 0.0000e+00
     36.000     35.623    -1.3608  27.047655    -1.3611  27.046827     6.7379     6.8736     8.6174    83.9499 3.9921e-01  -74.22882 -112.68502  31.720068      94.70 1.8267e+03    342.837       8229  1027.3966  1027.3960     3.9827     1.3071     0.1571    33.8366    33.8359    8.37203         34 0.0000e+00
     37.000     36.614    -1.3586  27.049812    -1.3591  27.049074     6.7054     6.8509     6.6416    83.8963 3.3980e-01  -74.22882 -112.68502  31.720090      99.43 1.8278e+03    344.757       8275  1027.4010  1027.4006     3.9802     1.2161     0.1643    33.8365    33.8360    8.37155         38 0.0000e+00
     38.000     37.603    -1.3664  27.044099    -1.3656  27.044552     6.6844     6.8300     7.6630    84.6310 2.8565e-01  -74.22882 -112.68502  31.720110      99.55 1.8300e+03    346.537       8318  1027.4064  1027.4061     4.0151     1.2527     0.1522    33.8368    33.8365    8.37327         37 0.0000e+00
     39.000     38.593    -1.3667  27.044788    -1.3665  27.044510     6.6740     6.8307     7.5501    84.4024 2.4085e-01  -74.22882 -112.68502  31.720137      99.59 1.8275e+03    348.807       8372  1027.4117  1027.4112     4.0041     1.1455     0.1525    33.8375    33.8369    8.37331         42 0.0000e+00
     40.000     39.583    -1.3690  27.043110    -1.3651  27.046298     6.6956     6.8460     7.2468    85.1283 2.0374e-01  -74.22882 -112.68503  31.720160      99.57 1.8271e+03    350.860       8422  1027.4163  1027.4159     4.0385     1.2161     0.1581    33.8372    33.8371    8.37384         38 0.0000e+00
     41.000     40.571    -1.3624  27.049842    -1.3630  27.048747     6.7484     6.8766     7.1353    84.4070 1.7129e-01  -74.22882 -112.68503  31.720181      72.63 1.8280e+03    352.638       8464  1027.4215  1027.4208     4.0044     1.3746     0.1429    33.8383    33.8374    8.37228         43 0.0000e+00
     42.000     41.560    -1.3520  27.060232    -1.3510  27.060253     6.7578     6.8932     7.7464    85.4642 1.4135e-01  -74.22882 -112.68503  31.720204      99.73 1.8303e+03    354.646       8513  1027.4273  1027.4263     4.0553     1.3215     0.1479    33.8402    33.8391    8.36984         42 0.0000e+00
     43.000     42.551    -1.3538  27.059020    -1.3524  27.059803     6.7427     6.8899     7.5032    85.3665 1.1817e-01  -74.22882 -112.68503  31.720230      97.35 1.8293e+03    356.843       8565  1027.4320  1027.4315     4.0499     1.3575     0.1460    33.8400    33.8394    8.37026         44 0.0000e+00
     44.000     43.540    -1.3531  27.060155    -1.3522  27.060470     6.7694     6.9159     8.0220    85.6029 9.2884e-02  -74.22882 -112.68503  31.720253      99.49 1.8296e+03    358.872       8614  1027.4369  1027.4364     4.0613     1.3780     0.1534    33.8401    33.8395    8.37010         37 0.0000e+00
     45.000     44.529    -1.3491  27.064722    -1.3482  27.064587     6.8167     6.9560     8.3866    85.5177 7.3702e-02  -74.22882 -112.68504  31.720274      99.54 1.8312e+03    360.712       8658  1027.4424  1027.4413     4.0570     1.2802     0.1492    33.8411    33.8399    8.36912         40 0.0000e+00
     46.000     45.516    -1.3401  27.072978    -1.3382  27.074140     6.8455     7.0015     8.0673    85.2720 5.7793e-02  -74.22882 -112.68504  31.720299      99.58 1.8292e+03    362.812       8708  1027.4471  1027.4467     4.0455     1.1677     0.1577    33.8417    33.8412    8.36708         40 0.0000e+00
     47.000     46.509    -1.3299  27.082833    -1.3270  27.084605     6.9198     7.0559     7.4469    83.6959 4.2112e-02  -74.22882 -112.68504  31.720325      99.46 1.8294e+03    365.105       8764  1027.4526  1027.4517     3.9708     1.4545     0.1679    33.8431    33.8422    8.36470         36 0.0000e+00
     48.000     47.498    -1.3237  27.088420    -1.3224  27.088994     6.9439     7.0801     8.4021    84.1251 2.8249e-02  -74.22882 -112.68504  31.720346      99.40 1.8302e+03    366.860       8806  1027.4572  1027.4566     3.9908     1.5855     0.1732    33.8432    33.8424    8.36332         41 0.0000e+00
     49.000     48.487    -1.3212  27.091174    -1.3208  27.090842     6.9216     7.0788     8.9319    84.6115 1.7147e-02  -74.22882 -112.68504  31.720368      99.44 1.8293e+03    368.817       8853  1027.4622  1027.4615     4.0139     1.4653     0.1649    33.8434    33.8425    8.36273         52 0.0000e+00
     50.000     49.476    -1.3225  27.090421    -1.3210  27.091058     6.9133     7.0737     8.9165    84.2578 6.9628e-03  -74.22882 -112.68504  31.720394      99.40 1.8288e+03    371.035       8906  1027.4671  1027.4663     3.9971     1.5840     0.1570    33.8432    33.8424    8.36303         33 0.0000e+00
     51.000     50.467    -1.3216  27.091587    -1.3206  27.091618     6.9442     7.1054     8.6008    84.0919 3.1495e-04  -74.22882 -112.68504  31.720417      99.40 1.8299e+03    373.030       8954  1027.4719  1027.4710     3.9896     1.5795     0.1493    33.8433    33.8422    8.36285         36 0.0000e+00
     52.000     51.455    -1.3144  27.098883    -1.3109  27.101050     7.0288     7.1771     8.9649    83.5827 5.5214e-06  -74.22882 -112.68503  31.720439      99.43 1.8287e+03    374.886       8998  1027.4773  1027.4763     3.9653     1.4918     0.1545    33.8444    33.8434    8.36114         38 0.0000e+00
     53.000     52.445    -1.2914  27.120537    -1.2931  27.118269     7.0694     7.2035     9.0505    83.5416 1.0000e-12  -74.22882 -112.68503  31.720462      99.45 1.8253e+03    376.942       9048  1027.4835  1027.4826     3.9635     1.4423     0.1461    33.8476    33.8464    8.35582         39 0.0000e+00
