ocean_section_plots/required_files/ctd/dnbp2202_ctd052.cnv
* Sea-Bird SBE 9 Data File:
* FileName = D:\Data\raw\NBP2202_CTD052.hex
* Software Version Seasave V 7.26.7.121
* Temperature SN = 1649
* Conductivity SN = 2513
* Number of Bytes Per Scan = 40
* Number of Voltage Words = 5
* Number of Scans Averaged by the Deck Unit = 1
* NMEA Latitude = 74 13.79 S
* NMEA Longitude = 112 41.50 W
* NMEA UTC (Time) = Jan 24 2022  07:16:58
* NMEA baud rate = 9600
** Ship: RVIB N.B. Palmer
** Cruise: NBP2202 Thwaites
** Station: Section Dotson C
** Operator: B Bjork
# nquan = 25
# nvalues = 996                         
# units = specified
# name 0 = prDM: Pressure, Digiquartz [db]
# name 1 = depSM: Depth [salt water, m]
# name 2 = t090C: Temperature [ITS-90, deg C]
# name 3 = c0mS/cm: Conductivity [mS/cm]
# name 4 = t190C: Temperature, 2 [ITS-90, deg C]
# name 5 = c1mS/cm: Conductivity, 2 [mS/cm]
# name 6 = sbeox0ML/L: Oxygen, SBE 43 [ml/l]
# name 7 = sbeox1ML/L: Oxygen, SBE 43, 2 [ml/l]
# name 8 = flECO-AFL: Fluorescence, WET Labs ECO-AFL/FL [mg/m^3]
# name 9 = CStarTr0: Beam Transmission, WET Labs C-Star [%]
# name 10 = par: PAR/Irradiance, Biospherical/Licor
# name 11 = latitude: Latitude [deg]
# name 12 = longitude: Longitude [deg]
# name 13 = timeJ: Julian Days
# name 14 = altM: Altimeter [m]
# name 15 = spar: SPAR, Biospherical/Licor
# name 16 = timeS: Time, Elapsed [seconds]
# name 17 = scan: Scan Count
# name 18 = density00: Density [density, kg/m^3]
# name 19 = density11: Density, 2 [density, kg/m^3]
# name 20 = sal00: Salinity, Practical [PSU]
# name 21 = sal11: Salinity, Practical, 2 [PSU]
# name 22 = oxsolML/L: Oxygen Saturation, Garcia & Gordon [ml/l]
# name 23 = nbin: number of scans per bin
# name 24 = flag: flag
# span 0 =      2.000,    997.000       
# span 1 =      1.992,    984.317       
# span 2 =    -1.5065,     0.4555       
# span 3 =  27.113655,  29.520361       
# span 4 =    -1.5062,     0.4578       
# span 5 =  27.112616,  29.520355       
# span 6 =     4.6108,     8.3533       
# span 7 =     4.8060,     8.4078       
# span 8 =    -0.0194,    21.1637       
# span 9 =    71.1452,    96.6364       
# span 10 = 1.0000e-12, 4.1373e+01      
# span 11 =  -74.22998,  -74.22996      
# span 12 = -112.69176, -112.69172      
# span 13 =  24.306203,  24.321331      
# span 14 =       1.00,     100.00      
# span 15 = 1.5095e+02, 2.2212e+02      
# span 16 =    237.981,   1545.031      
# span 17 =       5713,      37082      
# span 18 =  1027.1828,  1032.3938      
# span 19 =  1027.1851,  1032.3918      
# span 20 =    33.7881,    34.5350      
# span 21 =    33.7912,    34.5324      
# span 22 =    7.94171,    8.39488      
# span 23 =         15,         57      
# span 24 = 0.0000e+00, 0.0000e+00      
# interval = decibars: 1                
# start_time = Jan 24 2022 07:16:58 [NMEA time, header]
# bad_flag = -9.990e-29
*END*
[from data line 290]
    292.000    288.773    -1.4072  27.284488    -1.4064  27.284015     6.2006     6.4985     0.0423    96.3366 1.0000e-12  -74.22996 -112.69172  24.310978      99.88 1.9550e+02    650.517      15613  1028.8027  1028.8014    34.0555    34.0539    8.36943         30 0.0000e+00
    293.000    289.762    -1.4073  27.284964    -1.4065  27.284393     6.2052     6.4997     0.0331    96.3459 1.0000e-12  -74.22996 -112.69172  24.310993      93.57 1.9387e+02    651.763      15643  1028.8076  1028.8062    34.0556    34.0539    8.36944         30 0.0000e+00
    294.000    290.749    -1.4061  27.286897    -1.4055  27.286170     6.1998     6.4968     0.0222    96.3264 1.0000e-12  -74.22996 -112.69172  24.311007      99.81 1.9438e+02    653.009      15673  1028.8130  1028.8116    34.0564    34.0546    8.36914         30 0.0000e+00
    295.000    291.738    -1.4051  27.288591    -1.4042  27.288060     6.1983     6.4966     0.0142    96.3565 1.0000e-12  -74.22996 -112.69172  24.311022      99.87 1.9534e+02    654.280      15704  1028.8182  1028.8167    34.0569    34.0551    8.36888         30 0.0000e+00
    296.000    292.726    -1.4045  27.289487    -1.4037  27.288909     6.1987     6.4882     0.0271    96.3667 1.0000e-12  -74.22996 -112.69172  24.311036      99.88 1.9390e+02    655.534      15734  1028.8230  1028.8216    34.0569    34.0552    8.36876         30 0.0000e+00
    297.000    293.714    -1.4044  27.290138    -1.4036  27.289524     6.2025     6.4907     0.0152    96.3657 1.0000e-12  -74.22996 -112.69172  24.311051      99.87 1.9457e+02    656.781      15764  1028.8279  1028.8264    34.0571    34.0553    8.36873         30 0.0000e+00
    298.000    294.701    -1.4043  27.290652    -1.4035  27.290118     6.1917     6.4966     0.0276    96.3423 1.0000e-12  -74.22996 -112.69172  24.311065      99.87 1.9540e+02    658.034      15794  1028.8327  1028.8313    34.0570    34.0553    8.36870         30 0.0000e+00
    299.000    295.692    -1.4043  27.291265    -1.4034  27.290848     6.1982     6.4980     0.0381    96.3512 1.0000e-12  -74.22996 -112.69172  24.311080      99.87 1.9385e+02    659.282      15824  1028.8377  1028.8363    34.0572    34.0556    8.36869         30 0.0000e+00
    300.000    296.679    -1.4039  27.292244    -1.4032  27.291681     6.1986     6.4989     0.0325    96.3322 1.0000e-12  -74.22996 -112.69172  24.311094      99.87 1.9498e+02    660.523      15854  1028.8426  1028.8413    34.0574    34.0558    8.36857         30 0.0000e+00
    301.000    297.669    -1.4041  27.292482    -1.4034  27.291929     6.2001     6.4969     0.0267    96.3451 1.0000e-12  -74.22996 -112.69172  24.311108      99.87 1.9627e+02    661.770      15883  1028.8475  1028.8461    34.0574    34.0558    8.36863         30 0.0000e+00
    302.000    298.654    -1.4044  27.292721    -1.4036  27.292258     6.1980     6.5011     0.0321    96.3637 1.0000e-12  -74.22996 -112.69172  24.311123      99.88 1.9499e+02    663.002      15913  1028.8522  1028.8510    34.0574    34.0559    8.36868         25 0.0000e+00
    303.000    299.644    -1.4053  27.292450    -1.4047  27.291782     6.1980     6.4967     0.0175    96.3743 1.0000e-12  -74.22996 -112.69172  24.311137      85.56 1.9539e+02    664.224      15942  1028.8571  1028.8558    34.0575    34.0558    8.36889         30 0.0000e+00
    304.000    300.631    -1.4055  27.292918    -1.4048  27.292299     6.2038     6.5013     0.0276    96.3794 1.0000e-12  -74.22996 -112.69172  24.311151      95.87 1.9724e+02    665.464      15972  1028.8622  1028.8607    34.0578    34.0561    8.36892         30 0.0000e+00
    305.000    301.621    -1.4044  27.295026    -1.4035  27.294453     6.2028     6.4983     0.0231    96.3959 1.0000e-12  -74.22996 -112.69172  24.311166      99.84 1.9569e+02    666.701      16002  1028.8677  1028.8662    34.0587    34.0570    8.36861         29 0.0000e+00
    306.000    302.606    -1.4035  27.296476    -1.4026  27.295994     6.2065     6.4980     0.0228    96.3330 1.0000e-12  -74.22996 -112.69172  24.311180      99.88 1.9592e+02    667.915      16031  1028.8728  1028.8714    34.0592    34.0575    8.36839         29 0.0000e+00
    307.000    303.597    -1.4020  27.298732    -1.4013  27.298109     6.2024     6.4979     0.0129    96.3297 1.0000e-12  -74.22996 -112.69172  24.311194      99.87 1.9749e+02    669.134      16060  1028.8781  1028.8767    34.0599    34.0582    8.36801         30 0.0000e+00
    308.000    304.585    -1.4017  27.299636    -1.4010  27.298961     6.2058     6.4949     0.0213    96.3329 1.0000e-12  -74.22996 -112.69172  24.311208      99.88 1.9575e+02    670.367      16090  1028.8831  1028.8816    34.0602    34.0584    8.36793         29 0.0000e+00
    309.000    305.573    -1.3990  27.303108    -1.3980  27.302676     6.2025     6.4940     0.0170    96.3842 1.0000e-12  -74.22996 -112.69172  24.311222      99.88 1.9615e+02    671.595      16119  1028.8885  1028.8871    34.0612    34.0595    8.36725         30 0.0000e+00
    310.000    306.561    -1.3963  27.306789    -1.3953  27.306457     6.1996     6.4978     0.0143    96.3474 1.0000e-12  -74.22996 -112.69172  24.311237      99.87 1.9754e+02    672.837      16149  1028.8942  1028.8929    34.0626    34.0610    8.36656         30 0.0000e+00
    311.000    307.549    -1.3960  27.307921    -1.3951  27.307448     6.2041     6.4973     0.0143    96.3409 1.0000e-12  -74.22996 -112.69172  24.311251      99.88 1.9641e+02    674.085      16179  1028.8996  1028.8982    34.0633    34.0616    8.36647         29 0.0000e+00
    312.000    308.538    -1.3952  27.310019    -1.3942  27.309530     6.2089     6.5010     0.0285    96.3642 1.0000e-12  -74.22996 -112.69172  24.311265      99.87 1.9659e+02    675.302      16208  1028.9054  1028.9040    34.0646    34.0628    8.36620         29 0.0000e+00
    313.000    309.524    -1.3945  27.311679    -1.3935  27.311211     6.2060     6.4969     0.0361    96.3685 1.0000e-12  -74.22996 -112.69172  24.311279      99.87 1.9758e+02    676.517      16237  1028.9108  1028.9093    34.0654    34.0636    8.36599         29 0.0000e+00
    314.000    310.514    -1.3931  27.313770    -1.3921  27.313351     6.2085     6.4935     0.0269    96.3692 1.0000e-12  -74.22996 -112.69172  24.311293      90.17 1.9714e+02    677.742      16267  1028.9161  1028.9146    34.0661    34.0644    8.36564         30 0.0000e+00
    315.000    311.503    -1.3922  27.315133    -1.3913  27.314585     6.2033     6.4981     0.0216    96.3507 1.0000e-12  -74.22996 -112.69172  24.311307      96.37 1.9605e+02    678.955      16296  1028.9210  1028.9196    34.0664    34.0646    8.36543         29 0.0000e+00
    316.000    312.487    -1.3913  27.316879    -1.3904  27.316454     6.2030     6.4976     0.0182    96.3437 1.0000e-12  -74.22996 -112.69172  24.311322      99.88 1.9757e+02    680.179      16325  1028.9264  1028.9250    34.0671    34.0655    8.36518         28 0.0000e+00
    317.000    313.479    -1.3878  27.321398    -1.3866  27.321029     6.2024     6.4952     0.0226    96.3796 1.0000e-12  -74.22996 -112.69172  24.311336      99.88 1.9781e+02    681.404      16355  1028.9322  1028.9307    34.0687    34.0668    8.36429         29 0.0000e+00
    318.000    314.466    -1.3854  27.324441    -1.3844  27.323953     6.1989     6.4932     0.0191    96.3058 1.0000e-12  -74.22996 -112.69172  24.311350      99.87 1.9660e+02    682.619      16384  1028.9376  1028.9361    34.0696    34.0678    8.36371         29 0.0000e+00
    319.000    315.454    -1.3822  27.328397    -1.3811  27.328003     6.2012     6.4922     0.0143    96.2922 1.0000e-12  -74.22996 -112.69172  24.311364      99.87 1.9810e+02    683.824      16413  1028.9431  1028.9416    34.0707    34.0690    8.36292         29 0.0000e+00
    320.000    316.442    -1.3794  27.332521    -1.3785  27.331913     6.2020     6.4973     0.0140    96.3843 1.0000e-12  -74.22996 -112.69172  24.311378      99.87 1.9903e+02    685.052      16442  1028.9493  1028.9477    34.0726    34.0707    8.36218         29 0.0000e+00
    321.000    317.430    -1.3781  27.334946    -1.3770  27.334636     6.1991     6.4990     0.0151    96.3211 1.0000e-12  -74.22996 -112.69172  24.311392      99.87 1.9756e+02    686.255      16471  1028.9550  1028.9536    34.0739    34.0722    8.36182         29 0.0000e+00
    322.000    318.419    -1.3758  27.338773    -1.3741  27.338995     6.2043     6.5055     0.0267    96.3943 1.0000e-12  -74.22996 -112.69172  24.311406      99.88 1.9842e+02    687.461      16500  1028.9613  1028.9599    34.0758    34.0742    8.36118         29 0.0000e+00
    323.000    319.406    -1.3742  27.342512    -1.3736  27.342267     6.2101     6.5113     0.0141    96.3942 1.0000e-12  -74.22996 -112.69172  24.311420      99.87 1.9860e+02    688.682      16529  1028.9682  1028.9674    34.0785    34.0775    8.36065         29 0.0000e+00
    324.000    320.395    -1.3745  27.343306    -1.3737  27.342849     6.2144     6.5066     0.0116    96.3992 1.0000e-12  -74.22996 -112.69172  24.311434      80.60 1.9721e+02    689.896      16559  1028.9738  1028.9725    34.0794    34.0779    8.36069         30 0.0000e+00
    325.000    321.383    -1.3746  27.343824    -1.3737  27.343320     6.2247     6.5135     0.0101    96.3907 1.0000e-12  -74.22996 -112.69174  24.311448      95.31 1.9845e+02    691.099      16587  1028.9788  1028.9774    34.0796    34.0779    8.36070         28 0.0000e+00
    326.000    322.371    -1.3748  27.346388    -1.3739  27.345535     6.2382     6.5218     0.0182    96.4077 1.0000e-12  -74.22996 -112.69174  24.311462      99.93 1.9866e+02    692.307      16616  1028.9861  1028.9843    34.0827    34.0805    8.36055         29 0.0000e+00
    327.000    323.360    -1.3740  27.350248    -1.3731  27.349233     6.2345     6.5196     0.0171    96.4093 1.0000e-12  -74.22996 -112.69174  24.311476      99.87 1.9737e+02    693.506      16645  1028.9939  1028.9919    34.0865    34.0841    8.36014         29 0.0000e+00
    328.000    324.347    -1.3708  27.354920    -1.3698  27.354448     6.2384     6.5227     0.0350    96.3383 1.0000e-12  -74.22996 -112.69174  24.311490      99.87 1.9866e+02    694.707      16674  1029.0002  1028.9987    34.0886    34.0868    8.35930         29 0.0000e+00
    329.000    325.336    -1.3689  27.357498    -1.3676  27.357111     6.2311     6.5266     0.0204    96.1738 1.0000e-12  -74.22996 -112.69174  24.311504      99.88 1.9938e+02    695.911      16703  1029.0056  1029.0039    34.0894    34.0875    8.35883         29 0.0000e+00
    330.000    326.324    -1.3671  27.359765    -1.3659  27.359449     6.2320     6.5221     0.0338    96.4095 1.0000e-12  -74.22996 -112.69174  24.311517      99.87 1.9808e+02    697.097      16731  1029.0106  1029.0091    34.0899    34.0881    8.35840         28 0.0000e+00
    331.000    327.311    -1.3663  27.361056    -1.3655  27.360396     6.2264     6.5209     0.0093    96.4591 1.0000e-12  -74.22996 -112.69174  24.311531      99.87 1.9829e+02    698.273      16760  1029.0156  1029.0141    34.0901    34.0883    8.35821         29 0.0000e+00
    332.000    328.300    -1.3645  27.363525    -1.3636  27.362928     6.2303     6.5210     0.0262    96.4677 1.0000e-12  -74.22996 -112.69174  24.311545      99.87 1.9936e+02    699.473      16788  1029.0208  1029.0193    34.0908    34.0890    8.35776         29 0.0000e+00
    333.000    329.288    -1.3622  27.366574    -1.3612  27.366022     6.2240     6.5228     0.0143    96.4826 1.0000e-12  -74.22996 -112.69174  24.311559      99.87 1.9801e+02    700.685      16817  1029.0263  1029.0247    34.0918    34.0899    8.35719         28 0.0000e+00
    334.000    330.276    -1.3614  27.367901    -1.3603  27.367485     6.2181     6.5221     0.0100    96.4705 1.0000e-12  -74.22996 -112.69174  24.311573      99.88 1.9866e+02    701.876      16846  1029.0313  1029.0298    34.0921    34.0903    8.35700         29 0.0000e+00
    335.000    331.263    -1.3612  27.368592    -1.3603  27.367958     6.2233     6.5212    -0.0006    96.5057 1.0000e-12  -74.22996 -112.69174  24.311586      89.76 1.9974e+02    703.072      16875  1029.0362  1029.0346    34.0922    34.0903    8.35694         29 0.0000e+00
    336.000    332.251    -1.3608  27.369422    -1.3598  27.369027     6.2240     6.5230     0.0092    96.5193 1.0000e-12  -74.22998 -112.69174  24.311600      95.24 1.9789e+02    704.263      16903  1029.0410  1029.0396    34.0923    34.0905    8.35685         28 0.0000e+00
    337.000    333.240    -1.3608  27.369771    -1.3599  27.369251     6.2229     6.5090     0.0137    96.4991 1.0000e-12  -74.22996 -112.69174  24.311614      99.90 1.9807e+02    705.442      16932  1029.0457  1029.0443    34.0921    34.0904    8.35686         28 0.0000e+00
    338.000    334.228    -1.3569  27.374592    -1.3558  27.374092     6.2191     6.5147     0.0160    96.4825 1.0000e-12  -74.22997 -112.69175  24.311628      99.87 1.9991e+02    706.644      16960  1029.0515  1029.0498    34.0937    34.0917    8.35589         30 0.0000e+00
    339.000    335.216    -1.3545  27.377698    -1.3531  27.377389     6.2171     6.5191     0.0056    96.5065 1.0000e-12  -74.22997 -112.69175  24.311642      99.87 1.9801e+02    707.855      16990  1029.0569  1029.0552    34.0947    34.0926    8.35530         28 0.0000e+00
    340.000    336.203    -1.3543  27.378167    -1.3533  27.377660     6.2152     6.5117    -0.0010    96.5112 1.0000e-12  -74.22997 -112.69175  24.311656      99.87 1.9769e+02    709.043      17018  1029.0615  1029.0600    34.0944    34.0926    8.35526         28 0.0000e+00
    341.000    337.193    -1.3546  27.378300    -1.3535  27.377958     6.2231     6.5123     0.0057    96.5222 1.0000e-12  -74.22998 -112.69174  24.311669      99.87 1.9916e+02    710.222      17046  1029.0662  1029.0648    34.0943    34.0926    8.35533         29 0.0000e+00
    342.000    338.178    -1.3533  27.380361    -1.3521  27.379769     6.2138     6.5114     0.0064    96.5091 1.0000e-12  -74.22996 -112.69176  24.311683      99.88 1.9800e+02    711.407      17075  1029.0715  1029.0698    34.0950    34.0929    8.35500         28 0.0000e+00
    343.000    339.168    -1.3509  27.383367    -1.3499  27.382852     6.2151     6.5034     0.0128    96.5096 1.0000e-12  -74.22997 -112.69175  24.311696      99.87 1.9714e+02    712.576      17103  1029.0769  1029.0753    34.0958    34.0940    8.35442         29 0.0000e+00
    344.000    340.156    -1.3481  27.387020    -1.3472  27.386364     6.2159     6.5013     0.0069    96.4984 1.0000e-12  -74.22997 -112.69176  24.311710      99.87 1.9816e+02    713.748      17131  1029.0825  1029.0808    34.0971    34.0951    8.35373         27 0.0000e+00
    345.000    341.145    -1.3469  27.388798    -1.3458  27.388254     6.2144     6.5073     0.0069    96.5233 1.0000e-12  -74.22997 -112.69176  24.311724      99.88 1.9774e+02    714.935      17159  1029.0875  1029.0859    34.0975    34.0955    8.35342         29 0.0000e+00
    346.000    342.131    -1.3457  27.390626    -1.3444  27.390183     6.2098     6.5010     0.0069    96.4891 1.0000e-12  -74.22998 -112.69176  24.311737      80.83 1.9594e+02    716.101      17187  1029.0927  1029.0910    34.0981    34.0960    8.35313         28 0.0000e+00
    347.000    343.121    -1.3424  27.394445    -1.3412  27.394046     6.2055     6.4994     0.0067    96.4971 1.0000e-12  -74.22996 -112.69176  24.311751      98.86 1.9737e+02    717.279      17216  1029.0980  1029.0964    34.0989    34.0970    8.35233         29 0.0000e+00
    348.000    344.105    -1.3414  27.395910    -1.3403  27.395523     6.2039     6.4974     0.0507    96.5321 1.0000e-12  -74.22998 -112.69176  24.311765      99.50 1.9771e+02    718.469      17244  1029.1030  1029.1015    34.0992    34.0974    8.35210         27 0.0000e+00
