ocean_section_plots/required_files/ctd/dnbp2202_ctd203.cnv
* Sea-Bird SBE 9 Data File:
* FileName = D:\Data\raw\NBP2202_CTD203.hex
* Software Version Seasave V 7.26.7.121
* Temperature SN = 1649
* Conductivity SN = 2513
* Number of Bytes Per Scan = 40
* Number of Voltage Words = 5
* Number of Scans Averaged by the Deck Unit = 1
* NMEA Latitude = 73 59.82 S
* NMEA Longitude = 113 45.35 W
* NMEA UTC (Time) = Feb 09 2022  12:06:35
* NMEA baud rate = 9600
** Ship: RVIB N.B. Palmer
** Cruise: NBP2202 Thwaites
** Station: 122
** Operator: B. Bjork
# nquan = 28
# nvalues = 755                         
# units = specified
# name 0 = prDM: Pressure, Digiquartz [db]
# name 1 = depSM: Depth [salt water, m]
# name 2 = t090C: Temperature [ITS-90, deg C]
# name 3 = c0mS/cm: Conductivity [mS/cm]
# name 4 = t190C: Temperature, 2 [ITS-90, deg C]
# name 5 = c1mS/cm: Conductivity, 2 [mS/cm]
# name 6 = sbeox0ML/L: Oxygen, SBE 43 [ml/l]
# name 7 = sbeox1ML/L: Oxygen, SBE 43, 2 [ml/l]
# name 8 = flECO-AFL: Fluorescence, WET Labs ECO-AFL/FL [mg/m^3]
# name 9 = CStarTr0: Beam Transmission, WET Labs C-Star [%]
# name 10 = par: PAR/Irradiance, Biospherical/Licor
# name 11 = latitude: Latitude [deg]
# name 12 = longitude: Longitude [deg]
# name 13 = timeJ: Julian Days
# name 14 = altM: Altimeter [m]
# name 15 = spar: SPAR, Biospherical/Licor
# name 16 = timeS: Time, Elapsed [seconds]
# name 17 = scan: Scan Count
# name 18 = density00: Density [density, kg/m^3]
# name 19 = density11: Density, 2 [density, kg/m^3]
# name 20 = v3: Voltage 3
# name 21 = v4: Voltage 4
# name 22 = v5: Voltage 5
# name 23 = sal00: Salinity, Practical [PSU]
# name 24 = sal11: Salinity, Practical, 2 [PSU]
# name 25 = oxsolML/L: Oxygen Saturation, Garcia & Gordon [ml/l]
# name 26 = nbin: number of scans per bin
# name 27 = flag: flag
# span 0 =      2.000,    756.000       
# span 1 =      1.983,    746.832       
# span 2 =    -1.3977,    -0.1852       
# span 3 =  27.131820,  28.678153       
# span 4 =    -1.3976,    -0.1831       
# span 5 =  27.131773,  28.678191       
# span 6 =     4.8403,     8.6662       
# span 7 =     4.9951,     8.9946       
# span 8 =     0.0009,    21.1571       
# span 9 =    75.9076,    98.1803       
# span 10 = -9.603e-06, 3.0186e+01      
# span 11 =  -73.99704,  -73.99702      
# span 12 = -113.75588, -113.75583      
# span 13 =  40.508111,  40.519277      
# span 14 =       2.45,     100.26      
# span 15 = 7.7564e+01, 1.2252e+02      
# span 16 =    305.778,   1270.532      
# span 17 =       7340,      30494      
# span 18 =  1027.1786,  1031.1268      
# span 19 =  1027.1802,  1031.1251      
# span 20 =     3.6029,     4.6575      
# span 21 =     0.0674,     3.5642      
# span 22 =     0.1207,     0.2465      
# span 23 =    33.7871,    34.2940      
# span 24 =    33.7888,    34.2923      
# span 25 =    8.08896,    8.37530      
# span 26 =         13,         47      
# span 27 = 0.0000e+00, 0.0000e+00      
# interval = decibars: 1                
# start_time = Feb 09 2022 12:06:35 [NMEA time, header]
# bad_flag = -9.990e-29
*END*
[from data line 725]
    727.000    718.224    -0.1944  28.667338    -0.1941  28.666323     4.8518     5.0056     0.0294    97.8774 1.0000e-12  -73.99702 -113.75584  40.517477      31.15 1.1911e+02   1114.971      26760  1030.9900  1030.9885     4.6432     0.0720     0.1362    34.2936    34.2918    8.09093         33 0.0000e+00
    728.000    719.208    -0.1962  28.666243    -0.1948  28.665930     4.8543     5.0070     0.0367    97.8840 1.0000e-12  -73.99702 -113.75584  40.517500      30.59 1.1800e+02   1117.010      26809  1030.9948  1030.9931     4.6435     0.0700     0.1345    34.2935    34.2915    8.09131         44 0.0000e+00
    729.000    720.195    -0.1964  28.666421    -0.1946  28.666660     4.8547     5.0156     0.0329    97.8755 1.0000e-12  -73.99702 -113.75584  40.517523      29.28 1.1599e+02   1119.009      26857  1030.9994  1030.9979     4.6430     0.0710     0.1361    34.2934    34.2917    8.09136         40 0.0000e+00
    730.000    721.180    -0.1970  28.666424    -0.1951  28.666683     4.8538     5.0059     0.0177    97.9218 1.0000e-12  -73.99702 -113.75584  40.517547      28.15 1.2105e+02   1121.020      26905  1031.0042  1031.0026     4.6453     0.0690     0.1342    34.2935    34.2917    8.09148         38 0.0000e+00
    731.000    722.166    -0.1962  28.667531    -0.1943  28.667557     4.8506     5.0063     0.0214    97.9088 1.0000e-12  -73.99702 -113.75584  40.517570      27.13 1.1905e+02   1123.048      26954  1031.0089  1031.0070     4.6446     0.0718     0.1385    34.2935    34.2914    8.09132         41 0.0000e+00
    732.000    723.155    -0.1952  28.668861    -0.1927  28.669545     4.8504     5.0084     0.0505    97.9235 1.0000e-12  -73.99702 -113.75584  40.517594      26.08 1.1742e+02   1125.104      27003  1031.0135  1031.0118     4.6454     0.0703     0.1372    34.2935    34.2916    8.09109         37 0.0000e+00
    733.000    724.140    -0.1956  28.669050    -0.1938  28.669124     4.8526     5.0074     0.0242    97.9276 1.0000e-12  -73.99702 -113.75584  40.517618      25.27 1.2106e+02   1127.188      27054  1031.0183  1031.0167     4.6456     0.0743     0.1387    34.2936    34.2917    8.09117         39 0.0000e+00
    734.000    725.126    -0.1955  28.669503    -0.1941  28.669272     4.8533     5.0092     0.0249    97.8743 1.0000e-12  -73.99702 -113.75584  40.517642      23.99 1.1998e+02   1129.230      27103  1031.0229  1031.0213     4.6430     0.0698     0.1326    34.2936    34.2917    8.09116         43 0.0000e+00
    735.000    726.112    -0.1956  28.669978    -0.1937  28.670125     4.8547     5.0116     0.0282    97.9169 1.0000e-12  -73.99702 -113.75584  40.517665      23.16 1.1825e+02   1131.252      27151  1031.0278  1031.0262     4.6451     0.0692     0.1350    34.2937    34.2918    8.09117         42 0.0000e+00
    736.000    727.098    -0.1959  28.670205    -0.1940  28.670385     4.8525     5.0091     0.0268    97.9174 1.0000e-12  -73.99702 -113.75585  40.517689      22.09 1.2022e+02   1133.302      27200  1031.0326  1031.0309     4.6450     0.0685     0.1390    34.2938    34.2919    8.09123         41 0.0000e+00
    737.000    728.084    -0.1963  28.670293    -0.1943  28.670616     4.8527     5.0098     0.0307    97.8892 1.0000e-12  -73.99702 -113.75585  40.517713      21.07 1.1937e+02   1135.366      27250  1031.0373  1031.0356     4.6438     0.0712     0.1329    34.2937    34.2919    8.09131         40 0.0000e+00
    738.000    729.071    -0.1964  28.670627    -0.1945  28.670832     4.8542     5.0089     0.0186    97.9366 1.0000e-12  -73.99702 -113.75585  40.517736      19.99 1.1811e+02   1137.390      27298  1031.0419  1031.0403     4.6459     0.0720     0.1365    34.2937    34.2919    8.09133         40 0.0000e+00
    739.000    730.056    -0.1966  28.670882    -0.1944  28.671251     4.8516     5.0123     0.0331    97.8598 1.0000e-12  -73.99702 -113.75585  40.517758      19.09 1.2041e+02   1139.319      27345  1031.0466  1031.0449     4.6423     0.0709     0.1352    34.2937    34.2918    8.09138         43 0.0000e+00
    740.000    731.042    -0.1960  28.671820    -0.1942  28.671909     4.8471     5.0138     0.0218    97.8989 1.0000e-12  -73.99702 -113.75585  40.517781      17.97 1.2121e+02   1141.241      27391  1031.0513  1031.0496     4.6441     0.0712     0.1381    34.2937    34.2918    8.09125         38 0.0000e+00
    741.000    732.030    -0.1962  28.672133    -0.1944  28.672271     4.8557     5.0071     0.0216    97.9493 1.0000e-12  -73.99702 -113.75585  40.517804      16.91 1.1982e+02   1143.238      27439  1031.0561  1031.0544     4.6466     0.0703     0.1336    34.2938    34.2919    8.09129         43 0.0000e+00
    742.000    733.015    -0.1964  28.672421    -0.1947  28.672473     4.8556     5.0117     0.0530    97.9412 1.0000e-12  -73.99702 -113.75585  40.517830      16.09 1.1939e+02   1145.484      27493  1031.0607  1031.0592     4.6462     0.0719     0.1357    34.2938    34.2919    8.09133         47 0.0000e+00
    743.000    734.002    -0.1964  28.672844    -0.1946  28.673004     4.8542     5.0080     0.0503    97.9574 1.0000e-12  -73.99702 -113.75585  40.517857      14.98 1.2138e+02   1147.851      27549  1031.0654  1031.0639     4.6469     0.0711     0.1363    34.2938    34.2920    8.09134         37 0.0000e+00
    744.000    734.988    -0.1963  28.673294    -0.1946  28.673396     4.8567     5.0110     0.0328    97.9245 1.0000e-12  -73.99702 -113.75585  40.517885      14.02 1.1858e+02   1150.282      27608  1031.0701  1031.0686     4.6454     0.0732     0.1358    34.2937    34.2919    8.09133         31 0.0000e+00
    745.000    735.972    -0.1975  28.672814    -0.1957  28.672864     4.8534     5.0113     0.0449    97.9318 1.0000e-12  -73.99702 -113.75586  40.517915      13.01 1.1766e+02   1152.870      27670  1031.0750  1031.0733     4.6458     0.0758     0.1383    34.2938    34.2919    8.09157         25 0.0000e+00
    746.000    736.958    -0.1972  28.673545    -0.1954  28.673587     4.8534     5.0123     0.0329    97.8930 1.0000e-12  -73.99702 -113.75586  40.517949      12.05 1.2226e+02   1155.821      27741  1031.0797  1031.0780     4.6439     0.0745     0.1366    34.2938    34.2919    8.09149         25 0.0000e+00
    747.000    737.944    -0.1974  28.673708    -0.1956  28.673877     4.8555     5.0070     0.0523    97.8956 1.0000e-12  -73.99702 -113.75586  40.517983      10.95 1.1872e+02   1158.700      27810  1031.0843  1031.0827     4.6438     0.0715     0.1346    34.2937    34.2919    8.09156         27 0.0000e+00
    748.000    738.929    -0.1975  28.674200    -0.1957  28.674280     4.8548     5.0096     0.0406    97.9295 1.0000e-12  -73.99702 -113.75586  40.518016       9.90 1.1800e+02   1161.573      27879  1031.0891  1031.0875     4.6456     0.0729     0.1346    34.2939    34.2920    8.09156         24 0.0000e+00
    749.000    739.918    -0.1975  28.674625    -0.1957  28.674755     4.8529     5.0081     0.0373    97.9428 1.0000e-12  -73.99702 -113.75586  40.518049       8.77 1.2234e+02   1164.404      27947  1031.0938  1031.0922     4.6463     0.0747     0.1341    34.2939    34.2920    8.09156         35 0.0000e+00
    750.000    740.904    -0.1974  28.675092    -0.1957  28.675169     4.8559     5.0111     0.0404    97.9277 1.0000e-12  -73.99702 -113.75587  40.518082       7.75 1.1967e+02   1167.275      28016  1031.0985  1031.0969     4.6455     0.0726     0.1376    34.2938    34.2920    8.09155         33 0.0000e+00
    751.000    741.890    -0.1975  28.675475    -0.1957  28.675560     4.8509     5.0141     0.0214    97.9545 1.0000e-12  -73.99702 -113.75587  40.518117       6.81 1.1828e+02   1170.285      28088  1031.1032  1031.1016     4.6468     0.0731     0.1381    34.2938    34.2920    8.09156         29 0.0000e+00
    752.000    742.876    -0.1976  28.675827    -0.1957  28.675923     4.8547     5.0069     0.0234    97.9332 1.0000e-12  -73.99702 -113.75587  40.518151       5.77 1.2252e+02   1173.214      28158  1031.1079  1031.1062     4.6458     0.0733     0.1426    34.2938    34.2919    8.09159         40 0.0000e+00
    753.000    743.863    -0.1976  28.676236    -0.1958  28.676312     4.8557     5.0117     0.0402    97.8676 1.0000e-12  -73.99702 -113.75586  40.518299       4.75 1.1773e+02   1186.045      28466  1031.1125  1031.1109     4.6427     0.0741     0.1383    34.2938    34.2919    8.09158         42 0.0000e+00
    754.000    744.848    -0.1973  28.677023    -0.1954  28.677241     4.8528     5.0120     0.0234    97.9058 1.0000e-12  -73.99703 -113.75585  40.518556       4.27 1.1736e+02   1208.212      28998  1031.1173  1031.1157     4.6445     0.0731     0.1386    34.2939    34.2921    8.09151         37 0.0000e+00
    755.000    745.834    -0.1975  28.677271    -0.1956  28.677405     4.8540     5.0115     0.0305    97.9433 1.0000e-12  -73.99704 -113.75584  40.518710       3.61 1.2041e+02   1221.555      29318  1031.1220  1031.1203     4.6463     0.0724     0.1367    34.2939    34.2920    8.09156         38 0.0000e+00
    756.000    746.832    -0.1971  28.678153    -0.1953  28.678191     4.8543     5.0114     0.0271    97.9033 1.0000e-12  -73.99703 -113.75585  40.519277       2.45 1.1635e+02   1270.532      30494  1031.1268  1031.1251     4.6445     0.0714     0.1312    34.2940    34.2920    8.09147         13 0.0000e+00
