ocean_section_plots/required_files/ctd/dnbp2202_ctd147.cnv
* Sea-Bird SBE 9 Data File:
* FileName = D:\Data\raw\NBP2202_CTD147.hex
* Software Version Seasave V 7.26.7.121
* Temperature SN = 1649
* Conductivity SN = 2513
* Number of Bytes Per Scan = 40
* Number of Voltage Words = 5
* Number of Scans Averaged by the Deck Unit = 1
* NMEA Latitude = 74 06.99 S
* NMEA Longitude = 113 20.89 W
* NMEA UTC (Time) = Jan 30 2022  10:48:34
* NMEA baud rate = 9600
** Ship: RVIB N.B. Palmer
** Cruise: NBP2202 Thwaites
** Station: 75
** Operator: B.Bjork
# nquan = 28
# nvalues = 367                         
# units = specified
# name 0 = prDM: Pressure, Digiquartz [db]
# name 1 = depSM: Depth [salt water, m]
# name 2 = t090C: Temperature [ITS-90, deg C]
# name 3 = c0mS/cm: Conductivity [mS/cm]
# name 4 = t190C: Temperature, 2 [ITS-90, deg C]
# name 5 = c1mS/cm: Conductivity, 2 [mS/cm]
# name 6 = sbeox0ML/L: Oxygen, SBE 43 [ml/l]
# name 7 = sbeox1ML/L: Oxygen, SBE 43, 2 [ml/l]
# name 8 = flECO-AFL: Fluorescence, WET Labs ECO-AFL/FL [mg/m^3]
# name 9 = CStarTr0: Beam Transmission, WET Labs C-Star [%]
# name 10 = par: PAR/Irradiance, Biospherical/Licor
# name 11 = latitude: Latitude [deg]
# name 12 = longitude: Longitude [deg]
# name 13 = timeJ: Julian Days
# name 14 = altM: Altimeter [m]
# name 15 = spar: SPAR, Biospherical/Licor
# name 16 = timeS: Time, Elapsed [seconds]
# name 17 = scan: Scan Count
# name 18 = density00: Density [density, kg/m^3]
# name 19 = density11: Density, 2 [density, kg/m^3]
# name 20 = v3: Voltage 3
# name 21 = v4: Voltage 4
# name 22 = v5: Voltage 5
# name 23 = sal00: Salinity, Practical [PSU]
# name 24 = sal11: Salinity, Practical, 2 [PSU]
# name 25 = oxsolML/L: Oxygen Saturation, Garcia & Gordon [ml/l]
# name 26 = nbin: number of scans per bin
# name 27 = flag: flag
# span 0 =      1.000,    367.000       
# span 1 =      0.990,    362.894       
# span 2 =    -1.4088,    -0.3342       
# span 3 =  27.018945,  28.336858       
# span 4 =    -1.4074,    -0.3335       
# span 5 =  27.019668,  28.337753       
# span 6 =     4.8384,     9.4561       
# span 7 =     4.9338,     9.5629       
# span 8 =    -0.0220,    23.2408       
# span 9 =    67.9415,    93.4172       
# span 10 = -2.453e-05, 4.3533e+01      
# span 11 =  -74.11660,  -74.11658      
# span 12 = -113.34820, -113.34817      
# span 13 =  30.452694,  30.458591      
# span 14 =       5.23,     100.17      
# span 15 = 7.9330e+01, 1.0048e+02      
# span 16 =    198.794,    708.315      
# span 17 =       4772,      17001      
# span 18 =  1027.1377,  1029.2418      
# span 19 =  1027.1353,  1029.2424      
# span 20 =     3.2237,     4.4316      
# span 21 =     0.0641,     3.8227      
# span 22 =     0.1268,     0.2607      
# span 23 =    33.7458,    34.2230      
# span 24 =    33.7433,    34.2235      
# span 25 =    8.12468,    8.38255      
# span 26 =          2,         47      
# span 27 = 0.0000e+00, 0.0000e+00      
# interval = decibars: 1                
# start_time = Jan 30 2022 10:48:34 [NMEA time, header]
# bad_flag = -9.990e-29
*END*
[from data line 104]
    105.000    103.886    -1.3424  27.113172    -1.3443  27.111291     5.9893     6.1439     5.2772    85.5179 1.0000e-12  -74.11660 -113.34818  30.455138      99.66 9.3377e+01    409.923       9839  1027.7483  1027.7481     4.0573     1.0660     0.1444    33.8627    33.8622    8.36636         27 0.0000e+00
    106.000    104.877    -1.3656  27.097911    -1.3669  27.096077     5.9211     6.0847     4.4343    85.7920 1.0000e-12  -74.11660 -113.34818  30.455151      99.71 9.3434e+01    411.031       9866  1027.7583  1027.7575     4.0701     0.9871     0.1377    33.8674    33.8663    8.37128         26 0.0000e+00
    107.000    105.865    -1.3730  27.093879    -1.3724  27.093219     5.8988     6.0645     4.4426    86.4871 1.0000e-12  -74.11660 -113.34818  30.455163      99.80 9.3091e+01    412.114       9892  1027.7653  1027.7640     4.1030     0.7454     0.1480    33.8696    33.8680    8.37282         26 0.0000e+00
    108.000    106.854    -1.3734  27.096586    -1.3706  27.097635     5.8998     6.0640     4.1134    86.1549 1.0000e-12  -74.11660 -113.34818  30.455176      99.81 9.3440e+01    413.208       9918  1027.7728  1027.7713     4.0874     0.7206     0.1414    33.8731    33.8714    8.37268         26 0.0000e+00
    109.000    107.845    -1.3587  27.110628    -1.3571  27.110449     5.9082     6.0577     3.7008    85.7156 1.0000e-12  -74.11660 -113.34818  30.455188      99.82 9.3433e+01    414.280       9944  1027.7782  1027.7765     4.0664     0.7037     0.1490    33.8752    33.8731    8.36927         26 0.0000e+00
    110.000    108.832    -1.3390  27.130221    -1.3341  27.132579     5.9034     6.0425     3.4379    87.7588 1.0000e-12  -74.11660 -113.34818  30.455201      96.01 9.3433e+01    415.341       9969  1027.7850  1027.7829     4.1634     0.7689     0.1485    33.8791    33.8768    8.36461         25 0.0000e+00
    111.000    109.823    -1.3259  27.142744    -1.3247  27.142494     5.8831     6.0182     3.9318    87.6776 1.0000e-12  -74.11660 -113.34818  30.455213      99.28 9.3433e+01    416.408       9995  1027.7905  1027.7891     4.1600     0.8669     0.1446    33.8809    33.8792    8.36157         26 0.0000e+00
    112.000    110.811    -1.3279  27.141683    -1.3271  27.141035     5.8592     5.9841     3.7562    88.4291 1.0000e-12  -74.11660 -113.34818  30.455226      99.86 9.3433e+01    417.495      10021  1027.7956  1027.7942     4.1946     0.6148     0.1499    33.8811    33.8793    8.36200         26 0.0000e+00
    113.000    111.800    -1.3360  27.135602    -1.3353  27.135140     5.8311     5.9623     3.7403    87.7659 1.0000e-12  -74.11660 -113.34818  30.455238      99.80 9.3433e+01    418.538      10046  1027.8012  1027.8000     4.1637     0.7393     0.1414    33.8812    33.8798    8.36380         25 0.0000e+00
    114.000    112.789    -1.3395  27.133610    -1.3384  27.133387     5.7909     5.9376     3.3250    87.9668 1.0000e-12  -74.11660 -113.34818  30.455250      99.79 9.3433e+01    419.591      10071  1027.8067  1027.8054     4.1732     0.7832     0.1463    33.8818    33.8803    8.36455         25 0.0000e+00
    115.000    113.779    -1.3411  27.134824    -1.3412  27.132836     5.7611     5.9040     3.0184    88.9808 1.0000e-12  -74.11660 -113.34818  30.455262      99.82 9.3433e+01    420.648      10097  1027.8139  1027.8119     4.2212     0.6934     0.1380    33.8847    33.8821    8.36474         25 0.0000e+00
    116.000    114.768    -1.3352  27.142179    -1.3365  27.139265     5.7320     5.8717     3.0513    89.0143 1.0000e-12  -74.11660 -113.34818  30.455274      99.83 9.3433e+01    421.676      10121  1027.8206  1027.8187     4.2230     0.6469     0.1418    33.8875    33.8850    8.36325         25 0.0000e+00
    117.000    115.757    -1.3093  27.170077    -1.2986  27.178107     5.7083     5.8422     3.0887    89.2818 1.0000e-12  -74.11660 -113.34818  30.455286      99.85 9.3433e+01    422.705      10146  1027.8306  1027.8291     4.2355     0.5944     0.1415    33.8959    33.8948    8.35696         25 0.0000e+00
    118.000    116.744    -1.2826  27.196616    -1.2807  27.197349     5.6941     5.8224     3.0313    89.2703 1.0000e-12  -74.11660 -113.34818  30.455298      99.84 9.3433e+01    423.752      10171  1027.8384  1027.8374     4.2350     0.6329     0.1387    33.9015    33.9002    8.35066         25 0.0000e+00
    119.000    117.737    -1.2652  27.215082    -1.2584  27.220396     5.6820     5.8094     2.7278    88.9506 1.0000e-12  -74.11660 -113.34818  30.455310      99.85 9.3433e+01    424.762      10195  1027.8464  1027.8456     4.2198     0.5826     0.1368    33.9065    33.9060    8.34647         24 0.0000e+00
    120.000    118.723    -1.2564  27.224804    -1.2558  27.223422     5.6739     5.7962     2.4963    88.7133 1.0000e-12  -74.11660 -113.34818  30.455321      99.87 9.3433e+01    425.769      10219  1027.8530  1027.8510     4.2087     0.5203     0.1447    33.9092    33.9066    8.34434         24 0.0000e+00
    121.000    119.713    -1.2540  27.228084    -1.2518  27.228379     5.6640     5.7859     2.6244    89.8594 1.0000e-12  -74.11660 -113.34818  30.455333      99.90 9.3433e+01    426.804      10244  1027.8588  1027.8571     4.2629     0.4182     0.1400    33.9103    33.9083    8.34373         25 0.0000e+00
    122.000    120.701    -1.2497  27.232870    -1.2489  27.232040     5.6650     5.7884     2.5841    89.7542 1.0000e-12  -74.11660 -113.34818  30.455345      99.89 9.3433e+01    427.800      10268  1027.8645  1027.8628     4.2580     0.4545     0.1370    33.9115    33.9094    8.34271         23 0.0000e+00
    123.000    121.692    -1.2491  27.234063    -1.2479  27.233566     5.6673     5.7953     2.5340    89.9559 1.0000e-12  -74.11660 -113.34818  30.455356      98.82 9.3688e+01    428.784      10292  1027.8697  1027.8680     4.2675     0.5046     0.1376    33.9118    33.9097    8.34256         24 0.0000e+00
    124.000    122.678    -1.2560  27.227167    -1.2541  27.227374     5.6646     5.7850     2.3809    89.7168 1.0000e-12  -74.11660 -113.34818  30.455368      99.00 9.4428e+01    429.803      10316  1027.8732  1027.8717     4.2562     0.4980     0.1386    33.9095    33.9076    8.34423         25 0.0000e+00
    125.000    123.671    -1.2521  27.231740    -1.2504  27.231920     5.6371     5.7639     2.1895    90.1863 1.0000e-12  -74.11660 -113.34818  30.455380      99.90 9.4241e+01    430.811      10340  1027.8789  1027.8775     4.2784     0.4034     0.1426    33.9107    33.9091    8.34329         24 0.0000e+00
    126.000    124.658    -1.2507  27.234027    -1.2498  27.233075     5.6016     5.7359     2.1716    90.0122 1.0000e-12  -74.11660 -113.34818  30.455391      99.89 9.4387e+01    431.806      10364  1027.8846  1027.8826     4.2703     0.4406     0.1390    33.9117    33.9093    8.34293         24 0.0000e+00
    127.000    125.647    -1.2344  27.252578    -1.2331  27.251856     5.5786     5.7074     2.1748    89.9803 1.0000e-12  -74.11660 -113.34818  30.455403      99.89 9.4280e+01    432.823      10389  1027.8935  1027.8915     4.2687     0.4419     0.1405    33.9180    33.9155    8.33890         25 0.0000e+00
    128.000    126.637    -1.2299  27.257660    -1.2290  27.256734     5.5584     5.6816     2.1402    90.0992 1.0000e-12  -74.11660 -113.34818  30.455415      99.90 9.4729e+01    433.819      10413  1027.8993  1027.8974     4.2743     0.4104     0.1348    33.9193    33.9170    8.33784         23 0.0000e+00
    129.000    127.626    -1.2285  27.260222    -1.2267  27.260075     5.5386     5.6601     2.6187    90.4582 1.0000e-12  -74.11660 -113.34818  30.455426      99.89 9.4125e+01    434.789      10436  1027.9051  1027.9032     4.2913     0.4460     0.1414    33.9205    33.9183    8.33743         23 0.0000e+00
    130.000    128.614    -1.2224  27.267876    -1.2210  27.267582     5.5175     5.6407     2.6639    90.3095 1.0000e-12  -74.11660 -113.34818  30.455437      99.89 9.4350e+01    435.792      10460  1027.9120  1027.9104     4.2842     0.4859     0.1409    33.9235    33.9215    8.33590         25 0.0000e+00
    131.000    129.603    -1.2216  27.269207    -1.2197  27.269637     5.4977     5.6218     1.6282    90.0982 1.0000e-12  -74.11660 -113.34818  30.455449      99.91 9.4683e+01    436.817      10485  1027.9172  1027.9159     4.2744     0.3605     0.1388    33.9238    33.9223    8.33571         24 0.0000e+00
    132.000    130.593    -1.2191  27.273265    -1.2178  27.272522     5.4710     5.6002     1.5084    90.0884 1.0000e-12  -74.11660 -113.34818  30.455461      99.90 9.4874e+01    437.806      10508  1027.9236  1027.9216     4.2738     0.4128     0.1359    33.9259    33.9235    8.33502         24 0.0000e+00
    133.000    131.581    -1.2175  27.276045    -1.2161  27.275691     5.4498     5.5734     1.5523    89.9066 1.0000e-12  -74.11660 -113.34818  30.455472      99.91 9.5193e+01    438.803      10532  1027.9296  1027.9278     4.2652     0.3487     0.1348    33.9274    33.9253    8.33459         24 0.0000e+00
    134.000    132.570    -1.2162  27.278594    -1.2148  27.278307     5.4271     5.5511     1.7029    90.7932 1.0000e-12  -74.11660 -113.34818  30.455484      99.92 9.5196e+01    439.812      10556  1027.9355  1027.9338     4.3072     0.3124     0.1361    33.9287    33.9267    8.33421         24 0.0000e+00
    135.000    133.560    -1.2133  27.283598    -1.2118  27.283343     5.4146     5.5348     1.5036    91.0802 1.0000e-12  -74.11660 -113.34818  30.455495      99.88 9.5196e+01    440.790      10580  1027.9426  1027.9409     4.3208     0.4753     0.1374    33.9317    33.9296    8.33340         23 0.0000e+00
    136.000    134.549    -1.2123  27.285514    -1.2109  27.285023     5.4074     5.5244     1.2426    91.4648 1.0000e-12  -74.11660 -113.34819  30.455507      96.09 9.5196e+01    441.777      10604  1027.9481  1027.9463     4.3390     0.2523     0.1319    33.9325    33.9303    8.33312         25 0.0000e+00
    137.000    135.537    -1.2132  27.285033    -1.2117  27.284699     5.3883     5.5077     1.2435    91.0266 1.0000e-12  -74.11660 -113.34819  30.455518      99.88 9.5196e+01    442.802      10628  1027.9528  1027.9511     4.3183     0.2737     0.1342    33.9322    33.9302    8.33333         24 0.0000e+00
    138.000    136.527    -1.2127  27.286519    -1.2111  27.286214     5.3678     5.4850     1.0356    91.4651 1.0000e-12  -74.11660 -113.34819  30.455530      99.94 9.5196e+01    443.794      10652  1027.9583  1027.9565     4.3391     0.2083     0.1320    33.9331    33.9309    8.33317         24 0.0000e+00
    139.000    137.516    -1.2086  27.292186    -1.2060  27.292811     5.3512     5.4679     1.1053    91.9623 1.0000e-12  -74.11660 -113.34819  30.455541      99.93 9.5196e+01    444.782      10676  1027.9650  1027.9632     4.3627     0.2279     0.1304    33.9356    33.9336    8.33211         24 0.0000e+00
    140.000    138.505    -1.2020  27.300276    -1.1995  27.300726     5.3270     5.4420     0.9481    92.0108 1.0000e-12  -74.11660 -113.34819  30.455553      99.93 9.5196e+01    445.806      10700  1027.9718  1027.9700     4.3649     0.2759     0.1318    33.9386    33.9364    8.33046         24 0.0000e+00
    141.000    139.493    -1.1925  27.311279    -1.1908  27.310871     5.3107     5.4291     0.6494    92.2636 1.0000e-12  -74.11660 -113.34819  30.455565      99.92 9.5196e+01    446.799      10724  1027.9791  1027.9770     4.3769     0.3047     0.1319    33.9423    33.9398    8.32813         23 0.0000e+00
    142.000    140.483    -1.1799  27.325212    -1.1781  27.325032     5.3094     5.4172     0.5377    92.1820 1.0000e-12  -74.11660 -113.34819  30.455576      99.93 9.5196e+01    447.779      10748  1027.9866  1027.9846     4.3731     0.2761     0.1324    33.9465    33.9442    8.32509         24 0.0000e+00
    143.000    141.470    -1.1732  27.332901    -1.1708  27.333199     5.3038     5.4112     0.3896    92.3790 1.0000e-12  -74.11660 -113.34819  30.455588      99.94 9.5196e+01    448.792      10772  1027.9929  1027.9910     4.3824     0.1671     0.1281    33.9488    33.9465    8.32345         25 0.0000e+00
    144.000    142.460    -1.1689  27.337903    -1.1671  27.337842     5.3009     5.4097     0.4119    92.3215 1.0000e-12  -74.11660 -113.34819  30.455599      99.94 9.5196e+01    449.785      10796  1027.9986  1027.9969     4.3797     0.1409     0.1297    33.9501    33.9481    8.32241         23 0.0000e+00
    145.000    143.449    -1.1672  27.340050    -1.1658  27.339684     5.3024     5.4081     0.5864    92.5990 1.0000e-12  -74.11660 -113.34819  30.455611      99.94 9.5196e+01    450.760      10819  1028.0038  1028.0021     4.3929     0.1369     0.1295    33.9505    33.9485    8.32202         24 0.0000e+00
    146.000    144.439    -1.1667  27.341109    -1.1654  27.340612     5.3033     5.4138     0.2179    92.9181 1.0000e-12  -74.11660 -113.34819  30.455622      99.94 9.5196e+01    451.772      10844  1028.0089  1028.0071     4.4080     0.2055     0.1312    33.9508    33.9486    8.32190         24 0.0000e+00
    147.000    145.427    -1.1661  27.342306    -1.1648  27.341705     5.3011     5.4127     0.3993    92.8779 1.0000e-12  -74.11660 -113.34819  30.455634      99.95 9.5196e+01    452.771      10868  1028.0141  1028.0121     4.4061     0.1013     0.1285    33.9512    33.9488    8.32174         24 0.0000e+00
    148.000    146.416    -1.1669  27.341773    -1.1652  27.341655     5.2958     5.4032     0.4632    92.8324 1.0000e-12  -74.11660 -113.34819  30.455645      94.79 9.5196e+01    453.733      10891  1028.0186  1028.0169     4.4039     0.1353     0.1330    33.9507    33.9487    8.32194         23 0.0000e+00
    149.000    147.406    -1.1638  27.346378    -1.1605  27.347490     5.2909     5.3954     0.3663    93.1083 1.0000e-12  -74.11660 -113.34819  30.455657      95.09 9.5196e+01    454.728      10914  1028.0250  1028.0231     4.4170     0.0957     0.1293    33.9529    33.9506    8.32112         24 0.0000e+00
    150.000    148.393    -1.1418  27.372048    -1.1387  27.372963     5.2897     5.3940     0.2254    93.0956 1.0000e-12  -74.11660 -113.34819  30.455668      99.29 9.5196e+01    455.735      10939  1028.0362  1028.0342     4.4164     0.1158     0.1284    33.9624    33.9602    8.31567         24 0.0000e+00
    151.000    149.383    -1.1340  27.381575    -1.1322  27.381442     5.2886     5.3939     0.1856    93.1127 1.0000e-12  -74.11660 -113.34819  30.455680      99.94 9.5196e+01    456.719      10962  1028.0436  1028.0417     4.4172     0.1018     0.1311    33.9661    33.9638    8.31373         24 0.0000e+00
    152.000    150.373    -1.1314  27.385424    -1.1297  27.385054     5.2883     5.3975     0.1548    93.0309 1.0000e-12  -74.11660 -113.34819  30.455691      99.94 9.5196e+01    457.735      10987  1028.0497  1028.0477     4.4133     0.1680     0.1308    33.9678    33.9653    8.31306         25 0.0000e+00
    153.000    151.361    -1.1305  27.386608    -1.1290  27.386256     5.2922     5.3917     0.0943    93.1533 1.0000e-12  -74.11660 -113.34819  30.455703      99.94 9.5414e+01    458.759      11011  1028.0546  1028.0528     4.4191     0.1028     0.1299    33.9677    33.9655    8.31285         24 0.0000e+00
    154.000    152.350    -1.1312  27.386346    -1.1295  27.386246     5.2900     5.3937     0.1440    93.1208 1.0000e-12  -74.11660 -113.34819  30.455715      99.95 9.5350e+01    459.739      11035  1028.0594  1028.0577     4.4176     0.1111     0.1305    33.9676    33.9654    8.31303         23 0.0000e+00
    155.000    153.339    -1.1318  27.386283    -1.1300  27.386171     5.2857     5.3936     0.1041    93.2067 1.0000e-12  -74.11660 -113.34820  30.455726      99.94 9.6007e+01    460.735      11059  1028.0644  1028.0625     4.4217     0.1563     0.1286    33.9676    33.9653    8.31316         24 0.0000e+00
