ocean_section_plots/required_files/ctd/dnbp2202_ctd103.cnv
* Sea-Bird SBE 9 Data File:
* FileName = D:\Data\raw\NBP2202_CTD103.hex
* Software Version Seasave V 7.26.7.121
* Temperature SN = 1649
* Conductivity SN = 2513
* Number of Bytes Per Scan = 40
* Number of Voltage Words = 5
* Number of Scans Averaged by the Deck Unit = 1
* NMEA Latitude = 74 10.52 S
* NMEA Longitude = 113 20.65 W
* NMEA UTC (Time) = Jan 27 2022  03:53:00
* NMEA baud rate = 9600
** Ship: RVIB N.B. Palmer
** Cruise: NBP2202 Thwaites
** Station: YoYo001
** Operator: B. Bjork
# nquan = 25
# nvalues = 616                         
# units = specified
# name 0 = prDM: Pressure, Digiquartz [db]
# name 1 = depSM: Depth [salt water, m]
# name 2 = t090C: Temperature [ITS-90, deg C]
# name 3 = c0mS/cm: Conductivity [mS/cm]
# name 4 = t190C: Temperature, 2 [ITS-90, deg C]
# name 5 = c1mS/cm: Conductivity, 2 [mS/cm]
# name 6 = sbeox0ML/L: Oxygen, SBE 43 [ml/l]
# name 7 = sbeox1ML/L: Oxygen, SBE 43, 2 [ml/l]
# name 8 = flECO-AFL: Fluorescence, WET Labs ECO-AFL/FL [mg/m^3]
# name 9 = CStarTr0: Beam Transmission, WET Labs C-Star [%]
# name 10 = par: PAR/Irradiance, Biospherical/Licor
# name 11 = latitude: Latitude [deg]
# name 12 = longitude: Longitude [deg]
# name 13 = timeJ: Julian Days
# name 14 = altM: Altimeter [m]
# name 15 = spar: SPAR, Biospherical/Licor
# name 16 = timeS: Time, Elapsed [seconds]
# name 17 = scan: Scan Count
# name 18 = density00: Density [density, kg/m^3]
# name 19 = density11: Density, 2 [density, kg/m^3]
# name 20 = sal00: Salinity, Practical [PSU]
# name 21 = sal11: Salinity, Practical, 2 [PSU]
# name 22 = oxsolML/L: Oxygen Saturation, Garcia & Gordon [ml/l]
# name 23 = nbin: number of scans per bin
# name 24 = flag: flag
# span 0 =      2.000,    617.000       
# span 1 =      1.987,    609.706       
# span 2 =    -1.5026,     0.0950       
# span 3 =  26.944653,  28.930411       
# span 4 =    -1.5017,     0.0983       
# span 5 =  26.944525,  28.931361       
# span 6 =     4.7189,     8.9727       
# span 7 =     4.8036,     8.7562       
# span 8 =    -0.0262,    24.8256       
# span 9 =    69.7803,    95.5356       
# span 10 = 1.0000e-12, 1.1342e+02      
# span 11 =  -74.17536,  -74.17536      
# span 12 = -113.34428, -113.34424      
# span 13 =  27.165655,  27.174654      
# span 14 =       7.78,     108.42      
# span 15 = 2.9615e+02, 3.5031e+02      
# span 16 =    332.541,   1110.114      
# span 17 =       7982,      26644      
# span 18 =  1027.1751,  1030.5230      
# span 19 =  1027.1706,  1030.5208      
# span 20 =    33.7832,    34.3816      
# span 21 =    33.7824,    34.3792      
# span 22 =    8.02500,    8.40504      
# span 23 =         13,         48      
# span 24 = 0.0000e+00, 0.0000e+00      
# interval = decibars: 1                
# start_time = Jan 27 2022 03:53:00 [NMEA time, header]
# bad_flag = -9.990e-29
*END*
[from data line 290]
    292.000    288.773    -0.6160  27.994992    -0.6143  27.994627     5.0008     5.1024    -0.0127    95.2607 1.0000e-12  -74.17536 -113.34428  27.170276      99.88 3.2430e+02    731.835      17565  1028.8244  1028.8223    34.1269    34.1244    8.19080         25 0.0000e+00
    293.000    289.763    -0.6163  27.995310    -0.6147  27.994867     5.0037     5.1001    -0.0129    95.2640 1.0000e-12  -74.17536 -113.34428  27.170288      99.89 3.2270e+02    732.844      17589  1028.8292  1028.8272    34.1270    34.1246    8.19085         24 0.0000e+00
    294.000    290.751    -0.6167  27.995478    -0.6153  27.994902     5.0016     5.1024    -0.0129    95.2695 1.0000e-12  -74.17536 -113.34428  27.170299      99.89 3.2313e+02    733.862      17614  1028.8341  1028.8321    34.1271    34.1248    8.19093         24 0.0000e+00
    295.000    291.739    -0.6174  27.995514    -0.6155  27.995225     5.0050     5.1075    -0.0094    95.2492 1.0000e-12  -74.17536 -113.34427  27.170311      99.88 3.2438e+02    734.885      17638  1028.8391  1028.8369    34.1273    34.1248    8.19107         25 0.0000e+00
    296.000    292.727    -0.6172  27.996173    -0.6154  27.995912     5.0041     5.1040    -0.0053    95.2692 1.0000e-12  -74.17536 -113.34427  27.170323      99.88 3.2263e+02    735.885      17662  1028.8439  1028.8419    34.1274    34.1251    8.19102         24 0.0000e+00
    297.000    293.715    -0.6168  27.997229    -0.6151  27.996790     5.0040     5.1015    -0.0115    95.2856 1.0000e-12  -74.17536 -113.34427  27.170334      99.89 3.2230e+02    736.874      17686  1028.8490  1028.8468    34.1278    34.1253    8.19093         23 0.0000e+00
    298.000    294.703    -0.6167  27.997691    -0.6150  27.997516     5.0034     5.1001    -0.0110    95.2790 1.0000e-12  -74.17536 -113.34426  27.170346      99.89 3.2395e+02    737.864      17710  1028.8536  1028.8517    34.1277    34.1255    8.19091         24 0.0000e+00
    299.000    295.694    -0.6164  27.998616    -0.6146  27.998372     4.9968     5.1001    -0.0200    95.2694 1.0000e-12  -74.17536 -113.34426  27.170357      99.89 3.2246e+02    738.858      17734  1028.8586  1028.8566    34.1280    34.1256    8.19083         24 0.0000e+00
    300.000    296.679    -0.6157  28.000077    -0.6136  27.999794     4.9898     5.0992    -0.0113    95.2512 1.0000e-12  -74.17536 -113.34426  27.170369      99.88 3.2187e+02    739.855      17758  1028.8637  1028.8614    34.1286    34.1259    8.19064         24 0.0000e+00
    301.000    297.667    -0.6127  28.003755    -0.6106  28.003563     4.9827     5.0979    -0.0117    95.2686 1.0000e-12  -74.17536 -113.34426  27.170380      99.88 3.2381e+02    740.867      17782  1028.8690  1028.8668    34.1295    34.1269    8.18993         24 0.0000e+00
    302.000    298.656    -0.6065  28.010390    -0.6045  28.010192     4.9855     5.0913    -0.0124    95.2771 1.0000e-12  -74.17536 -113.34426  27.170392      81.70 3.2220e+02    741.867      17806  1028.8744  1028.8723    34.1309    34.1284    8.18852         25 0.0000e+00
    303.000    299.644    -0.6024  28.015093    -0.6006  28.014684     4.9855     5.0815    -0.0115    95.2767 1.0000e-12  -74.17536 -113.34426  27.170404      93.38 3.2154e+02    742.865      17830  1028.8798  1028.8776    34.1319    34.1294    8.18756         23 0.0000e+00
    304.000    300.633    -0.5928  28.026223    -0.5903  28.026297     4.9885     5.0800    -0.0120    95.2759 1.0000e-12  -74.17536 -113.34426  27.170415      99.94 3.2336e+02    743.863      17854  1028.8867  1028.8843    34.1355    34.1328    8.18528         24 0.0000e+00
    305.000    301.621    -0.5854  28.034922    -0.5828  28.035107     4.9853     5.0788    -0.0132    95.2791 1.0000e-12  -74.17536 -113.34426  27.170427      99.88 3.2164e+02    744.861      17878  1028.8931  1028.8908    34.1382    34.1356    8.18351         24 0.0000e+00
    306.000    302.610    -0.5812  28.039772    -0.5790  28.039607     4.9773     5.0848    -0.0126    95.2747 1.0000e-12  -74.17536 -113.34426  27.170438      99.88 3.2083e+02    745.867      17902  1028.8986  1028.8963    34.1395    34.1368    8.18255         24 0.0000e+00
    307.000    303.596    -0.5789  28.042531    -0.5770  28.042132     4.9790     5.0835    -0.0106    95.2886 1.0000e-12  -74.17536 -113.34426  27.170450      99.88 3.2275e+02    746.877      17926  1028.9037  1028.9015    34.1400    34.1374    8.18201         25 0.0000e+00
    308.000    304.586    -0.5785  28.043425    -0.5769  28.042778     4.9802     5.0773    -0.0053    95.2760 1.0000e-12  -74.17536 -113.34426  27.170462      99.89 3.2115e+02    747.888      17950  1028.9087  1028.9065    34.1401    34.1375    8.18192         24 0.0000e+00
    309.000    305.573    -0.5765  28.046075    -0.5751  28.045272     4.9801     5.0789    -0.0183    95.2844 1.0000e-12  -74.17536 -113.34426  27.170473      99.89 3.2114e+02    748.885      17974  1028.9139  1028.9117    34.1408    34.1382    8.18145         24 0.0000e+00
    310.000    306.563    -0.5758  28.047257    -0.5739  28.047114     4.9800     5.0787    -0.0036    95.2781 1.0000e-12  -74.17536 -113.34426  27.170485      99.88 3.2201e+02    749.886      17998  1028.9188  1028.9168    34.1410    34.1387    8.18128         24 0.0000e+00
    311.000    307.549    -0.5753  28.048329    -0.5735  28.047975     4.9778     5.0700    -0.0116    95.2706 1.0000e-12  -74.17536 -113.34425  27.170496      99.89 3.2144e+02    750.886      18022  1028.9238  1028.9218    34.1413    34.1389    8.18116         24 0.0000e+00
    312.000    308.538    -0.5745  28.049521    -0.5730  28.048970     4.9780     5.0718    -0.0123    95.2947 1.0000e-12  -74.17536 -113.34425  27.170508      99.89 3.2071e+02    751.877      18046  1028.9286  1028.9266    34.1414    34.1390    8.18098         24 0.0000e+00
    313.000    309.526    -0.5722  28.052653    -0.5699  28.052615     4.9704     5.0709    -0.0189    95.2822 1.0000e-12  -74.17536 -113.34425  27.170519      99.89 3.2153e+02    752.877      18070  1028.9341  1028.9318    34.1424    34.1398    8.18043         23 0.0000e+00
    314.000    310.515    -0.5685  28.057084    -0.5663  28.056741     4.9663     5.0603    -0.0085    95.2782 1.0000e-12  -74.17536 -113.34425  27.170531      99.88 3.2133e+02    753.881      18094  1028.9395  1028.9371    34.1436    34.1407    8.17956         25 0.0000e+00
    315.000    311.502    -0.5561  28.070309    -0.5538  28.070338     4.9685     5.0721    -0.0077    95.2941 1.0000e-12  -74.17536 -113.34425  27.170543      75.69 3.2084e+02    754.893      18118  1028.9461  1028.9438    34.1469    34.1443    8.17670         24 0.0000e+00
    316.000    312.491    -0.5538  28.073658    -0.5521  28.073173     4.9736     5.0735    -0.0123    95.2724 1.0000e-12  -74.17536 -113.34424  27.170555      89.60 3.2136e+02    755.908      18143  1028.9517  1028.9496    34.1481    34.1456    8.17612         24 0.0000e+00
    317.000    313.480    -0.5563  28.072313    -0.5545  28.072090     4.9703     5.0727    -0.0110    95.2606 1.0000e-12  -74.17536 -113.34424  27.170566      99.72 3.2151e+02    756.914      18167  1028.9571  1028.9551    34.1485    34.1462    8.17664         24 0.0000e+00
    318.000    314.467    -0.5498  28.079093    -0.5483  28.078436     4.9688     5.0718    -0.0145    95.2598 1.0000e-12  -74.17536 -113.34425  27.170578      99.89 3.2068e+02    757.911      18191  1028.9624  1028.9603    34.1498    34.1472    8.17518         24 0.0000e+00
    319.000    315.455    -0.5480  28.081770    -0.5459  28.081491     4.9928     5.0842    -0.0159    95.2731 1.0000e-12  -74.17536 -113.34426  27.170589      99.88 3.2056e+02    758.920      18215  1028.9678  1028.9655    34.1507    34.1480    8.17473         25 0.0000e+00
    320.000    316.442    -0.5481  28.082939    -0.5466  28.082691     5.0041     5.0906    -0.0123    95.2716 1.0000e-12  -74.17536 -113.34426  27.170601      99.88 3.2157e+02    759.929      18239  1028.9735  1028.9719    34.1517    34.1498    8.17468         24 0.0000e+00
    321.000    317.431    -0.5547  28.079452    -0.5525  28.079595     4.9955     5.0804    -0.0118    95.2344 1.0000e-12  -74.17536 -113.34425  27.170613      99.89 3.2036e+02    760.946      18264  1028.9806  1028.9787    34.1539    34.1517    8.17599         25 0.0000e+00
    322.000    318.420    -0.5475  28.087990    -0.5465  28.086381     5.0261     5.1146    -0.0121    95.2708 1.0000e-12  -74.17536 -113.34424  27.170624      99.88 3.2031e+02    761.951      18288  1028.9871  1028.9844    34.1567    34.1534    8.17428         23 0.0000e+00
    323.000    319.409    -0.5338  28.100951    -0.5328  28.100112     5.1113     5.1899    -0.0121    95.2669 1.0000e-12  -74.17536 -113.34424  27.170636      99.89 3.2147e+02    762.956      18312  1028.9918  1028.9900    34.1580    34.1558    8.17123         25 0.0000e+00
    324.000    320.394    -0.5863  28.053544    -0.5889  28.052002     5.1828     5.2617    -0.0114    95.2757 1.0000e-12  -74.17536 -113.34425  27.170648      99.88 3.2027e+02    763.962      18336  1028.9967  1028.9977    34.1528    34.1537    8.18288         24 0.0000e+00
    325.000    321.383    -0.6621  27.989119    -0.6597  27.990597     5.2268     5.3104    -0.0183    95.2600 1.0000e-12  -74.17536 -113.34426  27.170659      99.89 3.2018e+02    764.968      18360  1029.0058  1029.0051    34.1509    34.1502    8.19940         24 0.0000e+00
    326.000    322.373    -0.6848  27.970181    -0.6837  27.969933     5.2545     5.3364    -0.0084    95.2694 1.0000e-12  -74.17536 -113.34426  27.170671      99.89 3.2113e+02    765.975      18384  1029.0115  1029.0102    34.1503    34.1488    8.20436         24 0.0000e+00
    327.000    323.361    -0.6996  27.958410    -0.6995  27.957242     5.2418     5.3419    -0.0080    95.3079 1.0000e-12  -74.17536 -113.34426  27.170683      99.89 3.1975e+02    766.975      18408  1029.0172  1029.0158    34.1505    34.1488    8.20756         24 0.0000e+00
    328.000    324.347    -0.7028  27.956492    -0.7020  27.955840     5.2335     5.3400    -0.0140    95.3112 1.0000e-12  -74.17536 -113.34426  27.170694      98.87 3.1952e+02    767.967      18432  1029.0221  1029.0207    34.1509    34.1492    8.20823         24 0.0000e+00
    329.000    325.336    -0.6951  27.965123    -0.6943  27.963940     5.2068     5.3162    -0.0102    95.3328 1.0000e-12  -74.17536 -113.34426  27.170706      91.20 3.2046e+02    768.964      18456  1029.0279  1029.0258    34.1533    34.1508    8.20643         23 0.0000e+00
    330.000    326.323    -0.6851  27.975016    -0.6849  27.973358     5.1719     5.2885    -0.0067    95.3677 1.0000e-12  -74.17536 -113.34426  27.170717      98.66 3.1906e+02    769.955      18480  1029.0328  1029.0308    34.1548    34.1523    8.20417         24 0.0000e+00
    331.000    327.312    -0.6657  27.994090    -0.6637  27.993546     5.1452     5.2649    -0.0130    95.4019 1.0000e-12  -74.17536 -113.34426  27.170729      99.90 3.1908e+02    770.954      18504  1029.0384  1029.0358    34.1580    34.1550    8.19977         24 0.0000e+00
    332.000    328.300    -0.6376  28.020992    -0.6339  28.021813     5.0898     5.2124    -0.0138    95.4569 1.0000e-12  -74.17536 -113.34426  27.170740      99.88 3.1908e+02    771.951      18528  1029.0440  1029.0413    34.1619    34.1589    8.19345         24 0.0000e+00
    333.000    329.289    -0.6185  28.039170    -0.6168  28.038424     5.0158     5.1378    -0.0141    95.4475 1.0000e-12  -74.17536 -113.34426  27.170752      99.88 3.1908e+02    772.940      18552  1029.0492  1029.0466    34.1643    34.1613    8.18918         24 0.0000e+00
    334.000    330.277    -0.5630  28.092826    -0.5580  28.093418     4.9750     5.0947    -0.0214    95.4645 1.0000e-12  -74.17536 -113.34426  27.170763      99.89 3.1908e+02    773.924      18575  1029.0568  1029.0526    34.1734    34.1685    8.17667         24 0.0000e+00
    335.000    331.263    -0.5106  28.140359    -0.5086  28.139766     4.9514     5.0773    -0.0215    95.4763 1.0000e-12  -74.17536 -113.34426  27.170774      99.89 3.1922e+02    774.918      18599  1029.0611  1029.0585    34.1777    34.1745    8.16513         24 0.0000e+00
    336.000    332.254    -0.4992  28.151998    -0.4976  28.151010     4.9283     5.0552    -0.0148    95.4815 1.0000e-12  -74.17536 -113.34426  27.170786      99.89 3.1847e+02    775.908      18623  1029.0671  1029.0645    34.1798    34.1767    8.16254         23 0.0000e+00
    337.000    333.240    -0.4927  28.158892    -0.4906  28.158440     4.9051     5.0285    -0.0073    95.4603 1.0000e-12  -74.17536 -113.34426  27.170798      99.88 3.1805e+02    776.902      18647  1029.0727  1029.0702    34.1811    34.1781    8.16106         24 0.0000e+00
    338.000    334.229    -0.4568  28.195284    -0.4540  28.194792     4.8859     5.0083    -0.0135    95.4270 1.0000e-12  -74.17536 -113.34426  27.170809      99.88 3.1923e+02    777.899      18671  1029.0813  1029.0780    34.1890    34.1852    8.15290         24 0.0000e+00
    339.000    335.216    -0.4362  28.215055    -0.4370  28.211713     4.8790     4.9952    -0.0126    95.4282 1.0000e-12  -74.17536 -113.34426  27.170820      99.88 3.1827e+02    778.895      18694  1029.0870  1029.0842    34.1917    34.1881    8.14832         24 0.0000e+00
    340.000    336.205    -0.4285  28.222430    -0.4262  28.222403     4.8814     4.9934    -0.0035    95.4036 1.0000e-12  -74.17536 -113.34426  27.170832      99.89 3.1754e+02    779.895      18718  1029.0921  1029.0897    34.1923    34.1896    8.14663         24 0.0000e+00
    341.000    337.192    -0.4241  28.227233    -0.4221  28.226832     4.8863     4.9961    -0.0059    95.3744 1.0000e-12  -74.17536 -113.34426  27.170844      77.57 3.1894e+02    780.901      18743  1029.0976  1029.0952    34.1932    34.1904    8.14564         24 0.0000e+00
    342.000    338.180    -0.4235  28.228006    -0.4219  28.227330     4.8927     4.9961    -0.0148    95.3681 1.0000e-12  -74.17536 -113.34426  27.170855      88.80 3.1805e+02    781.901      18767  1029.1024  1029.1002    34.1929    34.1903    8.14552         24 0.0000e+00
    343.000    339.169    -0.4258  28.226188    -0.4243  28.225589     4.8987     4.9973    -0.0199    95.3241 1.0000e-12  -74.17536 -113.34426  27.170867      99.48 3.1747e+02    782.897      18791  1029.1073  1029.1053    34.1924    34.1900    8.14604         24 0.0000e+00
    344.000    340.157    -0.4232  28.230115    -0.4211  28.229958     4.9015     4.9985    -0.0129    95.2877 1.0000e-12  -74.17536 -113.34427  27.170878      99.88 3.1849e+02    783.895      18814  1029.1135  1029.1113    34.1942    34.1916    8.14538         24 0.0000e+00
    345.000    341.144    -0.4199  28.234128    -0.4182  28.233480     4.9022     5.0033    -0.0117    95.2973 1.0000e-12  -74.17536 -113.34427  27.170890      99.88 3.1791e+02    784.893      18838  1029.1191  1029.1168    34.1952    34.1924    8.14461         24 0.0000e+00
    346.000    342.132    -0.4187  28.235575    -0.4168  28.235291     4.8977     4.9954    -0.0184    95.2877 1.0000e-12  -74.17536 -113.34427  27.170901      99.89 3.1732e+02    785.892      18862  1029.1240  1029.1218    34.1953    34.1927    8.14436         24 0.0000e+00
    347.000    343.121    -0.4184  28.236195    -0.4163  28.236200     4.8997     5.0025    -0.0147    95.2758 1.0000e-12  -74.17536 -113.34427  27.170913      99.88 3.1821e+02    786.902      18887  1029.1288  1029.1268    34.1951    34.1928    8.14429         24 0.0000e+00
    348.000    344.109    -0.4177  28.237383    -0.4154  28.237422     4.8952     4.9980    -0.0175    95.2491 1.0000e-12  -74.17536 -113.34427  27.170925      99.89 3.1791e+02    787.894      18910  1029.1339  1029.1317    34.1953    34.1928    8.14414         24 0.0000e+00
