ocean_section_plots/required_files/ctd/dnbp2202_ctd052.cnv
* Sea-Bird SBE 9 Data File:
* FileName = D:\Data\raw\NBP2202_CTD052.hex
* Software Version Seasave V 7.26.7.121
* Temperature SN = 1649
* Conductivity SN = 2513
* Number of Bytes Per Scan = 40
* Number of Voltage Words = 5
* Number of Scans Averaged by the Deck Unit = 1
* NMEA Latitude = 74 13.79 S
* NMEA Longitude = 112 41.50 W
* NMEA UTC (Time) = Jan 24 2022  07:16:58
* NMEA baud rate = 9600
** Ship: RVIB N.B. Palmer
** Cruise: NBP2202 Thwaites
** Station: Section Dotson C
** Operator: B Bjork
# nquan = 25
# nvalues = 996                         
# units = specified
# name 0 = prDM: Pressure, Digiquartz [db]
# name 1 = depSM: Depth [salt water, m]
# name 2 = t090C: Temperature [ITS-90, deg C]
# name 3 = c0mS/cm: Conductivity [mS/cm]
# name 4 = t190C: Temperature, 2 [ITS-90, deg C]
# name 5 = c1mS/cm: Conductivity, 2 [mS/cm]
# name 6 = sbeox0ML/L: Oxygen, SBE 43 [ml/l]
# name 7 = sbeox1ML/L: Oxygen, SBE 43, 2 [ml/l]
# name 8 = flECO-AFL: Fluorescence, WET Labs ECO-AFL/FL [mg/m^3]
# name 9 = CStarTr0: Beam Transmission, WET Labs C-Star [%]
# name 10 = par: PAR/Irradiance, Biospherical/Licor
# name 11 = latitude: Latitude [deg]
# name 12 = longitude: Longitude [deg]
# name 13 = timeJ: Julian Days
# name 14 = altM: Altimeter [m]
# name 15 = spar: SPAR, Biospherical/Licor
# name 16 = timeS: Time, Elapsed [seconds]
# name 17 = scan: Scan Count
# name 18 = density00: Density [density, kg/m^3]
# name 19 = density11: Density, 2 [density, kg/m^3]
# name 20 = sal00: Salinity, Practical [PSU]
# name 21 = sal11: Salinity, Practical, 2 [PSU]
# name 22 = oxsolML/L: Oxygen Saturation, Garcia & Gordon [ml/l]
# name 23 = nbin: number of scans per bin
# name 24 = flag: flag
# span 0 =      2.000,    997.000       
# span 1 =      1.992,    984.317       
# span 2 =    -1.5065,     0.4555       
# span 3 =  27.113655,  29.520361       
# span 4 =    -1.5062,     0.4578       
# span 5 =  27.112616,  29.520355       
# span 6 =     4.6108,     8.3533       
# span 7 =     4.8060,     8.4078       
# span 8 =    -0.0194,    21.1637       
# span 9 =    71.1452,    96.6364       
# span 10 = 1.0000e-12, 4.1373e+01      
# span 11 =  -74.22998,  -74.22996      
# span 12 = -112.69176, -112.69172      
# span 13 =  24.306203,  24.321331      
# span 14 =       1.00,     100.00      
# span 15 = 1.5095e+02, 2.2212e+02      
# span 16 =    237.981,   1545.031      
# span 17 =       5713,      37082      
# span 18 =  1027.1828,  1032.3938      
# span 19 =  1027.1851,  1032.3918      
# span 20 =    33.7881,    34.5350      
# span 21 =    33.7912,    34.5324      
# span 22 =    7.94171,    8.39488      
# span 23 =         15,         57      
# span 24 = 0.0000e+00, 0.0000e+00      
# interval = decibars: 1                
# start_time = Jan 24 2022 07:16:58 [NMEA time, header]
# bad_flag = -9.990e-29
*END*
[from data line 406]
    408.000    403.378    -1.2187  27.572375    -1.2173  27.572036     5.9657     6.2440     0.0283    96.4375 1.0000e-12  -74.22998 -112.69172  24.312559      99.87 1.5630e+02    787.096      18891  1029.4360  1029.4343    34.1645    34.1625    8.32086         26 0.0000e+00
    409.000    404.366    -1.2177  27.574397    -1.2163  27.573928     5.9604     6.2473     0.0224    96.4583 1.0000e-12  -74.22998 -112.69172  24.312572      99.87 1.5729e+02    788.207      18918  1029.4417  1029.4397    34.1656    34.1633    8.32057         27 0.0000e+00
    410.000    405.353    -1.2090  27.583277    -1.2068  27.583370     5.9343     6.2115     0.0289    96.4908 1.0000e-12  -74.22998 -112.69172  24.312585      99.87 1.5617e+02    789.336      18945  1029.4472  1029.4451    34.1672    34.1648    8.31854         27 0.0000e+00
    411.000    406.342    -1.1972  27.595315    -1.1951  27.595063     5.9051     6.1860     0.0316    96.4955 1.0000e-12  -74.22998 -112.69172  24.312598      99.87 1.5416e+02    790.456      18972  1029.4532  1029.4508    34.1697    34.1668    8.31578         27 0.0000e+00
    412.000    407.329    -1.1693  27.622039    -1.1664  27.622277     5.8632     6.1519     0.0421    96.4861 1.0000e-12  -74.22998 -112.69172  24.312611      99.87 1.5609e+02    791.572      18999  1029.4594  1029.4567    34.1738    34.1708    8.30933         27 0.0000e+00
    413.000    408.317    -1.1511  27.639337    -1.1500  27.638290     5.8587     6.1457     0.0289    96.5036 1.0000e-12  -74.22998 -112.69172  24.312624      99.87 1.5472e+02    792.690      19026  1029.4648  1029.4627    34.1761    34.1735    8.30515         26 0.0000e+00
    414.000    409.305    -1.1494  27.642131    -1.1480  27.641395     5.8304     6.1306     0.0262    96.4878 1.0000e-12  -74.22998 -112.69172  24.312637      75.33 1.5323e+02    793.801      19052  1029.4708  1029.4686    34.1774    34.1747    8.30471         27 0.0000e+00
    415.000    410.292    -1.1163  27.672976    -1.1131  27.673053     5.7044     6.0021     0.0178    96.5003 1.0000e-12  -74.22998 -112.69172  24.312649      90.84 1.5481e+02    794.915      19079  1029.4764  1029.4735    34.1812    34.1778    8.29714         27 0.0000e+00
    416.000    411.279    -1.0482  27.738103    -1.0438  27.735167     5.5722     5.8654     0.0320    96.4974 1.0000e-12  -74.22998 -112.69172  24.312663      99.92 1.5356e+02    796.049      19106  1029.4850  1029.4775    34.1920    34.1831    8.28147         27 0.0000e+00
    417.000    412.268    -0.8988  27.869482    -0.8981  27.865911     5.5454     5.8467     0.0338    96.5050 1.0000e-12  -74.22998 -112.69172  24.312675      99.87 1.5201e+02    797.160      19133  1029.4859  1029.4812    34.2007    34.1950    8.24812         27 0.0000e+00
    418.000    413.256    -0.8754  27.889850    -0.8734  27.889472     5.4873     5.7965     0.0243    96.5055 1.0000e-12  -74.22998 -112.69172  24.312688      99.87 1.5349e+02    798.256      19159  1029.4903  1029.4879    34.2012    34.1984    8.24296         26 0.0000e+00
    419.000    414.242    -0.8675  27.898807    -0.8657  27.897513     5.3878     5.6829     0.0334    96.4907 1.0000e-12  -74.22998 -112.69172  24.312701      99.88 1.5317e+02    799.351      19185  1029.4974  1029.4943    34.2037    34.1999    8.24107         26 0.0000e+00
    420.000    415.230    -0.7676  27.992293    -0.7655  27.987352     5.3109     5.6036     0.0365    96.4776 1.0000e-12  -74.22998 -112.69172  24.312714      99.87 1.5159e+02    800.451      19212  1029.5054  1029.4979    34.2166    34.2075    8.21855         26 0.0000e+00
    421.000    416.219    -0.6703  28.077159    -0.6663  28.077607     5.2544     5.5475     0.0297    96.4639 1.0000e-12  -74.22998 -112.69172  24.312726      99.87 1.5233e+02    801.551      19238  1029.5068  1029.5034    34.2206    34.2167    8.19714         27 0.0000e+00
    422.000    417.205    -0.6407  28.105392    -0.6357  28.105853     5.1877     5.4744     0.0263    96.4587 1.0000e-12  -74.22998 -112.69172  24.312739      99.87 1.5268e+02    802.681      19265  1029.5137  1029.5094    34.2246    34.2197    8.19050         28 0.0000e+00
    423.000    418.194    -0.5765  28.164720    -0.5743  28.162267     5.1233     5.3926     0.1289    96.4452 1.0000e-12  -74.22998 -112.69172  24.312752      99.87 1.5095e+02    803.802      19292  1029.5199  1029.5151    34.2314    34.2256    8.17622         26 0.0000e+00
    424.000    419.181    -0.5080  28.228851    -0.5042  28.227787     5.0769     5.3413     0.3352    96.4570 1.0000e-12  -74.22998 -112.69172  24.312765      99.87 1.5134e+02    804.900      19319  1029.5270  1029.5221    34.2397    34.2340    8.16098         26 0.0000e+00
    425.000    420.169    -0.4460  28.287666    -0.4427  28.286685     5.0595     5.3187     0.0227    96.4355 1.0000e-12  -74.22998 -112.69172  24.312778      99.87 1.5310e+02    805.997      19345  1029.5347  1029.5305    34.2482    34.2432    8.14718         27 0.0000e+00
    426.000    421.156    -0.4253  28.307664    -0.4228  28.306703     5.0508     5.3082     0.0216    96.4144 1.0000e-12  -74.22998 -112.69174  24.312791      84.68 1.5114e+02    807.102      19371  1029.5415  1029.5380    34.2511    34.2470    8.14257         26 0.0000e+00
    427.000    422.143    -0.4105  28.322726    -0.4079  28.321663     5.0564     5.2970    -0.0002    96.4126 1.0000e-12  -74.22998 -112.69172  24.312803      89.63 1.5207e+02    808.210      19398  1029.5486  1029.5450    34.2540    34.2497    8.13924         27 0.0000e+00
    428.000    423.132    -0.4011  28.331720    -0.3991  28.330527     5.0555     5.2918    -0.0001    96.4004 1.0000e-12  -74.22998 -112.69174  24.312816      99.78 1.5359e+02    809.322      19425  1029.5544  1029.5512    34.2548    34.2510    8.13718         26 0.0000e+00
    429.000    424.120    -0.3962  28.336614    -0.3941  28.335571     5.0508     5.2787     0.0011    96.3989 1.0000e-12  -74.22998 -112.69172  24.312829      99.87 1.5260e+02    810.434      19451  1029.5601  1029.5570    34.2553    34.2516    8.13610         25 0.0000e+00
    430.000    425.109    -0.3852  28.347706    -0.3828  28.346769     5.0409     5.2748     0.0026    96.4202 1.0000e-12  -74.22998 -112.69173  24.312842      99.87 1.5233e+02    811.540      19478  1029.5663  1029.5629    34.2572    34.2531    8.13364         27 0.0000e+00
    431.000    426.093    -0.3737  28.359071    -0.3715  28.358064     5.0421     5.2726     0.0098    96.4124 1.0000e-12  -74.22998 -112.69173  24.312855      99.87 1.5460e+02    812.649      19505  1029.5721  1029.5689    34.2588    34.2550    8.13108         26 0.0000e+00
    432.000    427.081    -0.3685  28.364044    -0.3663  28.363401     5.0331     5.2582     0.0094    96.3904 1.0000e-12  -74.22998 -112.69173  24.312868      99.87 1.5408e+02    813.763      19531  1029.5774  1029.5745    34.2590    34.2557    8.12997         27 0.0000e+00
    433.000    428.071    -0.3618  28.371157    -0.3594  28.370305     5.0285     5.2587    -0.0044    96.3876 1.0000e-12  -74.22998 -112.69173  24.312880      99.87 1.5364e+02    814.858      19558  1029.5832  1029.5800    34.2604    34.2566    8.12845         26 0.0000e+00
    434.000    429.056    -0.3509  28.382270    -0.3489  28.381231     5.0227     5.2465    -0.0018    96.3796 1.0000e-12  -74.22998 -112.69173  24.312893      99.87 1.5688e+02    815.955      19584  1029.5892  1029.5862    34.2624    34.2587    8.12601         26 0.0000e+00
    435.000    430.045    -0.3492  28.384133    -0.3473  28.383184     5.0080     5.2342     0.0029    96.3995 1.0000e-12  -74.22998 -112.69172  24.312906      99.87 1.5696e+02    817.060      19610  1029.5944  1029.5915    34.2624    34.2589    8.12565         27 0.0000e+00
    436.000    431.032    -0.3343  28.399910    -0.3319  28.398579     4.9956     5.2305    -0.0009    96.3708 1.0000e-12  -74.22998 -112.69172  24.312919      99.87 1.5690e+02    818.161      19637  1029.6012  1029.5975    34.2660    34.2616    8.12225         27 0.0000e+00
    437.000    432.021    -0.3226  28.411050    -0.3207  28.410114     4.9904     5.2197    -0.0021    96.3431 1.0000e-12  -74.22998 -112.69174  24.312931      99.87 1.5913e+02    819.270      19663  1029.6063  1029.6035    34.2672    34.2638    8.11969         26 0.0000e+00
    438.000    433.008    -0.3201  28.414798    -0.3175  28.414099     4.9841     5.2083     0.0183    96.3573 1.0000e-12  -74.22998 -112.69174  24.312944      96.38 1.5918e+02    820.376      19690  1029.6125  1029.6093    34.2688    34.2649    8.11907         27 0.0000e+00
    439.000    433.994    -0.3007  28.435334    -0.2984  28.434679     4.9836     5.2057     0.0204    96.3501 1.0000e-12  -74.22998 -112.69174  24.312957      88.71 1.5867e+02    821.461      19716  1029.6200  1029.6171    34.2738    34.2704    8.11465         26 0.0000e+00
    440.000    434.984    -0.2981  28.438465    -0.2959  28.437704     4.9810     5.1997     0.0031    96.3252 1.0000e-12  -74.22998 -112.69174  24.312970      98.05 1.6079e+02    822.568      19743  1029.6254  1029.6225    34.2744    34.2709    8.11405         27 0.0000e+00
    441.000    435.970    -0.2951  28.442107    -0.2931  28.441089     4.9814     5.1987    -0.0004    96.2923 1.0000e-12  -74.22998 -112.69174  24.312983      99.86 1.6068e+02    823.725      19770  1029.6310  1029.6280    34.2753    34.2718    8.11336         28 0.0000e+00
    442.000    436.958    -0.2933  28.444528    -0.2911  28.443779     4.9819     5.1978    -0.0111    96.2390 1.0000e-12  -74.22998 -112.69174  24.312996      99.88 1.6074e+02    824.892      19798  1029.6363  1029.6334    34.2759    34.2725    8.11294         28 0.0000e+00
    443.000    437.945    -0.2914  28.446846    -0.2899  28.445408     4.9780     5.1969    -0.0009    96.2757 1.0000e-12  -74.22998 -112.69174  24.313010      99.87 1.6307e+02    826.065      19827  1029.6415  1029.6386    34.2763    34.2728    8.11252         28 0.0000e+00
    444.000    438.932    -0.2903  28.448342    -0.2890  28.446866     4.9775     5.1940    -0.0009    96.2980 1.0000e-12  -74.22998 -112.69174  24.313024      99.86 1.6339e+02    827.243      19855  1029.6465  1029.6437    34.2765    34.2730    8.11228         28 0.0000e+00
    445.000    439.921    -0.2876  28.451604    -0.2858  28.450730     4.9762     5.1904    -0.0034    96.2911 1.0000e-12  -74.22998 -112.69174  24.313037      99.87 1.6243e+02    828.425      19883  1029.6518  1029.6491    34.2772    34.2740    8.11166         29 0.0000e+00
    446.000    440.907    -0.2862  28.453576    -0.2844  28.452590     4.9725     5.1937    -0.0111    96.2848 1.0000e-12  -74.22998 -112.69174  24.313051      99.87 1.6395e+02    829.608      19912  1029.6569  1029.6542    34.2776    34.2743    8.11133         28 0.0000e+00
    447.000    441.895    -0.2823  28.458411    -0.2804  28.457709     4.9737     5.1998    -0.0054    96.2681 1.0000e-12  -74.22998 -112.69174  24.313065      99.87 1.6486e+02    830.792      19940  1029.6627  1029.6601    34.2791    34.2760    8.11042         29 0.0000e+00
    448.000    442.883    -0.2809  28.460298    -0.2789  28.459657     4.9726     5.1947    -0.0113    96.2847 1.0000e-12  -74.22998 -112.69174  24.313078      99.87 1.6396e+02    831.968      19968  1029.6677  1029.6652    34.2794    34.2764    8.11010         28 0.0000e+00
    449.000    443.870    -0.2795  28.462578    -0.2769  28.462258     4.9738     5.1887    -0.0037    96.2806 1.0000e-12  -74.22998 -112.69174  24.313092      80.86 1.6539e+02    833.157      19997  1029.6732  1029.6704    34.2803    34.2770    8.10975         29 0.0000e+00
    450.000    444.858    -0.2718  28.471768    -0.2698  28.471132     4.9690     5.1914    -0.0020    96.2720 1.0000e-12  -74.22998 -112.69174  24.313106      89.87 1.6634e+02    834.357      20026  1029.6798  1029.6772    34.2834    34.2802    8.10795         28 0.0000e+00
    451.000    445.845    -0.2711  28.473396    -0.2691  28.472735     4.9693     5.1950     0.0075    96.2966 1.0000e-12  -74.22998 -112.69174  24.313120      99.90 1.6528e+02    835.545      20054  1029.6852  1029.6826    34.2841    34.2810    8.10776         29 0.0000e+00
    452.000    446.832    -0.2708  28.474442    -0.2688  28.473757     4.9681     5.1903     0.0101    96.2867 1.0000e-12  -74.22998 -112.69174  24.313134      99.87 1.6691e+02    836.732      20083  1029.6904  1029.6877    34.2845    34.2814    8.10766         28 0.0000e+00
    453.000    447.820    -0.2699  28.475958    -0.2679  28.475338     4.9728     5.1840     0.0056    96.2707 1.0000e-12  -74.22998 -112.69174  24.313147      99.88 1.6864e+02    837.924      20111  1029.6955  1029.6930    34.2850    34.2820    8.10744         29 0.0000e+00
    454.000    448.807    -0.2696  28.476945    -0.2677  28.476267     4.9745     5.1917     0.0009    96.2995 1.0000e-12  -74.22998 -112.69174  24.313161      99.87 1.6689e+02    839.104      20139  1029.7006  1029.6980    34.2854    34.2823    8.10737         29 0.0000e+00
    455.000    449.796    -0.2695  28.478757    -0.2677  28.478082     4.9774     5.2005     0.0022    96.2664 1.0000e-12  -74.22998 -112.69174  24.313175      99.87 1.6727e+02    840.283      20168  1029.7068  1029.7043    34.2871    34.2842    8.10724         28 0.0000e+00
    456.000    450.782    -0.2735  28.477176    -0.2715  28.476590     4.9828     5.2050     0.0053    96.2994 1.0000e-12  -74.22998 -112.69174  24.313188      99.87 1.6916e+02    841.472      20196  1029.7134  1029.7108    34.2889    34.2858    8.10800         28 0.0000e+00
    457.000    451.770    -0.2720  28.480108    -0.2700  28.479472     4.9802     5.2017     0.0128    96.2965 1.0000e-12  -74.22998 -112.69174  24.313202      99.87 1.6839e+02    842.664      20225  1029.7193  1029.7167    34.2905    34.2874    8.10758         29 0.0000e+00
    458.000    452.757    -0.2702  28.482850    -0.2682  28.482263     4.9814     5.2029    -0.0020    96.2830 1.0000e-12  -74.22998 -112.69174  24.313216      99.87 1.6779e+02    843.854      20254  1029.7248  1029.7222    34.2916    34.2885    8.10714         28 0.0000e+00
    459.000    453.746    -0.2696  28.484109    -0.2676  28.483574     4.9843     5.2069    -0.0042    96.2913 1.0000e-12  -74.22998 -112.69175  24.313230      99.87 1.6968e+02    845.051      20282  1029.7298  1029.7273    34.2920    34.2890    8.10699         29 0.0000e+00
    460.000    454.732    -0.2691  28.485368    -0.2672  28.484840     4.9858     5.2032    -0.0095    96.3010 1.0000e-12  -74.22998 -112.69174  24.313244      98.17 1.6960e+02    846.251      20311  1029.7350  1029.7325    34.2925    34.2896    8.10686         29 0.0000e+00
    461.000    455.720    -0.2671  28.488556    -0.2649  28.488015     4.9782     5.1980     0.0008    96.3116 1.0000e-12  -74.22998 -112.69176  24.313258      86.50 1.6876e+02    847.453      20340  1029.7406  1029.7380    34.2938    34.2907    8.10634         29 0.0000e+00
    462.000    456.707    -0.2532  28.504559    -0.2517  28.502924     4.9695     5.1926    -0.0097    96.3178 1.0000e-12  -74.22998 -112.69175  24.313272      99.46 1.7057e+02    848.661      20369  1029.7483  1029.7452    34.2990    34.2951    8.10310         29 0.0000e+00
    463.000    457.695    -0.2488  28.509674    -0.2461  28.509838     4.9704     5.1960    -0.0035    96.3272 1.0000e-12  -74.22998 -112.69175  24.313285      99.87 1.7037e+02    849.856      20398  1029.7537  1029.7513    34.3002    34.2975    8.10209         28 0.0000e+00
    464.000    458.683    -0.2457  28.513496    -0.2436  28.512911     4.9668     5.1881    -0.0065    96.3329 1.0000e-12  -74.22998 -112.69175  24.313299      99.87 1.6917e+02    851.047      20426  1029.7592  1029.7565    34.3013    34.2981    8.10138         29 0.0000e+00
