ocean_section_plots/required_files/ctd/dnbp2202_ctd028.cnv
* Sea-Bird SBE 9 Data File:
* FileName = D:\Data\raw\NBP2202_CTD028.hex
* Software Version Seasave V 7.26.7.121
* Temperature SN = 1649
* Conductivity SN = 2513
* Number of Bytes Per Scan = 40
* Number of Voltage Words = 5
* Number of Scans Averaged by the Deck Unit = 1
* NMEA Latitude = 74 13.82 S
* NMEA Longitude = 112 13.31 W
* NMEA UTC (Time) = Jan 21 2022  09:04:53
* NMEA baud rate = 9600
** Ship: RVIB N.B. Palmer
** Cruise: NBP2202 Thwaites
** Station: Tow-Yo #1
** Operator: B. Bjork
# nquan = 25
# nvalues = 988                         
# units = specified
# name 0 = prDM: Pressure, Digiquartz [db]
# name 1 = depSM: Depth [salt water, m]
# name 2 = t090C: Temperature [ITS-90, deg C]
# name 3 = c0mS/cm: Conductivity [mS/cm]
# name 4 = t190C: Temperature, 2 [ITS-90, deg C]
# name 5 = c1mS/cm: Conductivity, 2 [mS/cm]
# name 6 = sbeox0ML/L: Oxygen, SBE 43 [ml/l]
# name 7 = sbeox1ML/L: Oxygen, SBE 43, 2 [ml/l]
# name 8 = flECO-AFL: Fluorescence, WET Labs ECO-AFL/FL [mg/m^3]
# name 9 = CStarTr0: Beam Transmission, WET Labs C-Star [%]
# name 10 = par: PAR/Irradiance, Biospherical/Licor
# name 11 = latitude: Latitude [deg]
# name 12 = longitude: Longitude [deg]
# name 13 = timeJ: Julian Days
# name 14 = altM: Altimeter [m]
# name 15 = spar: SPAR, Biospherical/Licor
# name 16 = timeS: Time, Elapsed [seconds]
# name 17 = scan: Scan Count
# name 18 = density00: Density [density, kg/m^3]
# name 19 = density11: Density, 2 [density, kg/m^3]
# name 20 = sal00: Salinity, Practical [PSU]
# name 21 = sal11: Salinity, Practical, 2 [PSU]
# name 22 = oxsolML/L: Oxygen Saturation, Garcia & Gordon [ml/l]
# name 23 = nbin: number of scans per bin
# name 24 = flag: flag
# span 0 =     10.000,    997.000       
# span 1 =      9.895,    984.317       
# span 2 =    -1.4993,     0.5232       
# span 3 =  27.085834,  29.592257       
# span 4 =    -1.4978,     0.5255       
# span 5 =  27.085756,  29.592164       
# span 6 =     4.5647,     7.9749       
# span 7 =     4.7910,     8.3895       
# span 8 =    -0.0147,    19.2465       
# span 9 =    73.5865,    98.2679       
# span 10 = 1.0000e-12, 4.9355e+00      
# span 11 =  -74.23050,  -74.23008      
# span 12 = -112.22185, -112.21406      
# span 13 =  21.378769,  21.394158      
# span 14 =       7.29,     100.05      
# span 15 = 6.2582e+02, 7.0092e+02      
# span 16 =     32.644,   1362.259      
# span 17 =        784,      32695      
# span 18 =  1027.2364,  1032.4026      
# span 19 =  1027.2346,  1032.4002      
# span 20 =    33.8009,    34.5526      
# span 21 =    33.7985,    34.5499      
# span 22 =    7.92686,    8.39300      
# span 23 =         25,         60      
# span 24 = 0.0000e+00, 0.0000e+00      
# interval = decibars: 1                
# start_time = Jan 21 2022 09:04:53 [NMEA time, header]
# bad_flag = -9.990e-29
*END*
[from data line 754]
    764.000    754.700     0.3405  29.294144     0.3424  29.293738     4.6697     4.9061    -0.0006    98.1857 1.0000e-12  -74.23024 -112.21590  21.390462      97.25 6.7871e+02   1042.943      25032  1031.2882  1031.2860    34.4997    34.4971    7.96738         29 0.0000e+00
    765.000    755.687     0.3418  29.296081     0.3437  29.295723     4.6641     4.9071     0.0056    98.1638 1.0000e-12  -74.23024 -112.21590  21.390476      99.86 6.7792e+02   1044.166      25061  1031.2932  1031.2910    34.5002    34.4976    7.96707         29 0.0000e+00
    766.000    756.673     0.3432  29.298107     0.3450  29.297586     4.6650     4.9030    -0.0004    98.1806 1.0000e-12  -74.23024 -112.21590  21.390490      99.86 6.7695e+02   1045.375      25090  1031.2982  1031.2959    34.5007    34.4980    7.96675         29 0.0000e+00
    767.000    757.659     0.3445  29.299930     0.3462  29.299315     4.6649     4.9014     0.0057    98.1762 1.0000e-12  -74.23024 -112.21588  21.390504      99.87 6.7744e+02   1046.587      25119  1031.3032  1031.3008    34.5011    34.4983    7.96647         29 0.0000e+00
    768.000    758.644     0.3467  29.302792     0.3488  29.302487     4.6604     4.9019     0.0013    98.1825 1.0000e-12  -74.23024 -112.21587  21.390518      99.86 6.7731e+02   1047.798      25148  1031.3082  1031.3059    34.5018    34.4991    7.96598         29 0.0000e+00
    769.000    759.630     0.3482  29.304791     0.3501  29.304497     4.6665     4.9055     0.0040    98.1836 1.0000e-12  -74.23024 -112.21586  21.390533      99.87 6.7824e+02   1049.017      25177  1031.3131  1031.3109    34.5021    34.4996    7.96564         30 0.0000e+00
    770.000    760.616     0.3488  29.305958     0.3509  29.305764     4.6700     4.9016    -0.0044    98.1851 1.0000e-12  -74.23024 -112.21586  21.390547      99.86 6.7690e+02   1050.243      25207  1031.3180  1031.3158    34.5024    34.4998    7.96550         29 0.0000e+00
    771.000    761.603     0.3497  29.307285     0.3505  29.305740     4.6687     4.9071    -0.0094    98.1999 1.0000e-12  -74.23024 -112.21585  21.390561      99.87 6.7742e+02   1051.478      25236  1031.3228  1031.3204    34.5026    34.4996    7.96531         30 0.0000e+00
    772.000    762.589     0.3511  29.309219     0.3529  29.308682     4.6646     4.8970    -0.0082    98.1930 1.0000e-12  -74.23024 -112.21584  21.390575      99.86 6.7878e+02   1052.713      25266  1031.3277  1031.3254    34.5030    34.5003    7.96500         29 0.0000e+00
    773.000    763.574     0.3573  29.316637     0.3600  29.316941     4.6642     4.8958    -0.0028    98.1786 1.0000e-12  -74.23024 -112.21584  21.390590      94.55 6.7822e+02   1053.936      25295  1031.3335  1031.3312    34.5052    34.5026    7.96359         29 0.0000e+00
    774.000    764.561     0.3646  29.324734     0.3660  29.323902     4.6627     4.8950    -0.0014    98.1975 1.0000e-12  -74.23024 -112.21584  21.390604      85.26 6.7854e+02   1055.157      25325  1031.3390  1031.3368    34.5070    34.5044    7.96198         30 0.0000e+00
    775.000    765.546     0.3628  29.323209     0.3656  29.323873     4.6626     4.8891    -0.0075    98.2153 1.0000e-12  -74.23024 -112.21582  21.390618      99.14 6.7816e+02   1056.376      25354  1031.3436  1031.3414    34.5065    34.5042    7.96239         29 0.0000e+00
    776.000    766.533     0.3681  29.329460     0.3696  29.328741     4.6603     4.8934    -0.0008    98.2179 1.0000e-12  -74.23024 -112.21581  21.390632      99.87 6.7963e+02   1057.594      25383  1031.3490  1031.3468    34.5082    34.5056    7.96121         29 0.0000e+00
    777.000    767.518     0.3683  29.330165     0.3708  29.330468     4.6639     4.8945    -0.0009    98.2278 1.0000e-12  -74.23024 -112.21580  21.390646      99.86 6.7870e+02   1058.804      25412  1031.3538  1031.3517    34.5083    34.5059    7.96115         29 0.0000e+00
    778.000    768.504     0.3693  29.331560     0.3713  29.331333     4.6538     4.8928    -0.0037    98.2161 1.0000e-12  -74.23024 -112.21580  21.390660      99.87 6.7938e+02   1060.005      25441  1031.3586  1031.3565    34.5085    34.5060    7.96094         29 0.0000e+00
    779.000    769.490     0.3698  29.332660     0.3718  29.332253     4.6560     4.8949    -0.0052    98.1921 1.0000e-12  -74.23024 -112.21580  21.390674      99.86 6.7974e+02   1061.210      25470  1031.3635  1031.3612    34.5087    34.5060    7.96082         29 0.0000e+00
    780.000    770.477     0.3698  29.332962     0.3722  29.333180     4.6514     4.8895    -0.0009    98.2029 1.0000e-12  -74.23024 -112.21578  21.390688      99.87 6.7877e+02   1062.422      25499  1031.3681  1031.3660    34.5086    34.5062    7.96084         29 0.0000e+00
    781.000    771.461     0.3704  29.334162     0.3738  29.335324     4.6443     4.8772    -0.0067    98.1991 1.0000e-12  -74.23024 -112.21578  21.390702      99.87 6.8059e+02   1063.650      25529  1031.3730  1031.3710    34.5088    34.5067    7.96068         30 0.0000e+00
    782.000    772.449     0.3931  29.359695     0.3933  29.356863     4.6371     4.8789    -0.0030    98.1821 1.0000e-12  -74.23024 -112.21577  21.390716      99.86 6.7922e+02   1064.890      25558  1031.3813  1031.3782    34.5163    34.5125    7.95559         28 0.0000e+00
    783.000    773.434     0.3975  29.364506     0.3992  29.363903     4.6342     4.8729    -0.0082    98.1646 1.0000e-12  -74.23024 -112.21576  21.390731      99.86 6.7877e+02   1066.130      25588  1031.3863  1031.3840    34.5172    34.5144    7.95465         29 0.0000e+00
    784.000    774.420     0.4079  29.376155     0.4074  29.373080     4.6318     4.8740    -0.0009    98.2041 1.0000e-12  -74.23024 -112.21576  21.390745      74.98 6.7865e+02   1067.350      25617  1031.3924  1031.3898    34.5201    34.5168    7.95233         30 0.0000e+00
    785.000    775.406     0.4112  29.380165     0.4130  29.379577     4.6286     4.8655    -0.0007    98.1783 1.0000e-12  -74.23024 -112.21574  21.390759      87.17 6.7883e+02   1068.570      25647  1031.3977  1031.3953    34.5212    34.5184    7.95160         29 0.0000e+00
    786.000    776.392     0.4138  29.383361     0.4162  29.383498     4.6260     4.8665     0.0044    98.1599 1.0000e-12  -74.23024 -112.21574  21.390773      97.72 6.8004e+02   1069.795      25676  1031.4028  1031.4005    34.5218    34.5193    7.95102         30 0.0000e+00
    787.000    777.377     0.4161  29.386303     0.4182  29.386021     4.6316     4.8636     0.0072    98.1741 1.0000e-12  -74.23023 -112.21574  21.390787      99.83 6.8054e+02   1071.018      25705  1031.4078  1031.4055    34.5225    34.5199    7.95050         29 0.0000e+00
    788.000    778.363     0.4182  29.388837     0.4205  29.388779     4.6294     4.8618     0.0027    98.1527 1.0000e-12  -74.23022 -112.21572  21.390801      99.86 6.8047e+02   1072.224      25734  1031.4128  1031.4105    34.5230    34.5204    7.95006         28 0.0000e+00
    789.000    779.351     0.4174  29.388361     0.4207  29.389403     4.6288     4.8577     0.0069    98.1406 1.0000e-12  -74.23022 -112.21572  21.390815      99.87 6.8047e+02   1073.422      25763  1031.4174  1031.4152    34.5227    34.5203    7.95024         29 0.0000e+00
    790.000    780.334     0.4209  29.392611     0.4231  29.392465     4.6281     4.8638     0.0014    98.1141 1.0000e-12  -74.23022 -112.21572  21.390829      99.87 6.8047e+02   1074.624      25792  1031.4226  1031.4204    34.5237    34.5211    7.94945         29 0.0000e+00
    791.000    781.322     0.4201  29.392220     0.4223  29.392075     4.6252     4.8655    -0.0067    98.1115 1.0000e-12  -74.23022 -112.21571  21.390843      99.86 6.8024e+02   1075.845      25821  1031.4273  1031.4250    34.5235    34.5209    7.94963         30 0.0000e+00
    792.000    782.307     0.4239  29.396618     0.4257  29.396080     4.6225     4.8588    -0.0082    98.0938 1.0000e-12  -74.23022 -112.21570  21.390857      99.87 6.8023e+02   1077.070      25851  1031.4324  1031.4301    34.5245    34.5218    7.94880         29 0.0000e+00
    793.000    783.293     0.4320  29.406207     0.4351  29.406883     4.6279     4.8514    -0.0085    98.0758 1.0000e-12  -74.23022 -112.21570  21.390871      99.86 6.7944e+02   1078.293      25880  1031.4386  1031.4363    34.5274    34.5248    7.94697         29 0.0000e+00
    794.000    784.278     0.4354  29.410278     0.4376  29.410138     4.6190     4.8568     0.0011    98.0480 1.0000e-12  -74.23022 -112.21569  21.390886      99.87 6.8047e+02   1079.520      25909  1031.4437  1031.4415    34.5283    34.5257    7.94622         30 0.0000e+00
    795.000    785.265     0.4370  29.412223     0.4390  29.411987     4.6249     4.8556     0.0042    98.0489 1.0000e-12  -74.23022 -112.21568  21.390900      85.04 6.8047e+02   1080.760      25939  1031.4485  1031.4464    34.5285    34.5260    7.94588         30 0.0000e+00
    796.000    786.251     0.4362  29.411858     0.4388  29.412239     4.6210     4.8513     0.0029    98.0765 1.0000e-12  -74.23022 -112.21567  21.390914      93.25 6.8047e+02   1081.991      25969  1031.4532  1031.4511    34.5283    34.5260    7.94605         29 0.0000e+00
    797.000    787.236     0.4362  29.412464     0.4381  29.411823     4.6198     4.8541     0.0069    98.0738 1.0000e-12  -74.23022 -112.21568  21.390929      99.85 6.8034e+02   1083.227      25998  1031.4581  1031.4557    34.5285    34.5257    7.94603         30 0.0000e+00
    798.000    788.223     0.4403  29.417126     0.4427  29.417264     4.6198     4.8523     0.0016    98.0902 1.0000e-12  -74.23022 -112.21566  21.390943      99.87 6.7920e+02   1084.447      26028  1031.4632  1031.4610    34.5295    34.5271    7.94515         28 0.0000e+00
    799.000    789.208     0.4405  29.417699     0.4419  29.416780     4.6133     4.8458     0.0101    98.0593 1.0000e-12  -74.23022 -112.21565  21.390957      99.86 6.8074e+02   1085.647      26057  1031.4679  1031.4656    34.5295    34.5267    7.94511         29 0.0000e+00
    800.000    790.194     0.4401  29.417725     0.4423  29.417606     4.6112     4.8488     0.0082    98.0527 1.0000e-12  -74.23022 -112.21564  21.390970      99.86 6.8121e+02   1086.839      26085  1031.4726  1031.4703    34.5294    34.5268    7.94520         29 0.0000e+00
    801.000    791.180     0.4407  29.418645     0.4427  29.418314     4.6105     4.8525    -0.0004    98.0182 1.0000e-12  -74.23022 -112.21564  21.390984      99.86 6.8151e+02   1088.040      26114  1031.4772  1031.4749    34.5293    34.5267    7.94507         29 0.0000e+00
    802.000    792.166     0.4426  29.421202     0.4450  29.421307     4.6093     4.8499    -0.0067    98.0146 1.0000e-12  -74.23020 -112.21564  21.390998      99.86 6.8084e+02   1089.246      26143  1031.4822  1031.4800    34.5300    34.5274    7.94465         29 0.0000e+00
    803.000    793.152     0.4435  29.422469     0.4459  29.422667     4.6115     4.8452     0.0097    98.0270 1.0000e-12  -74.23020 -112.21562  21.391012      99.87 6.8132e+02   1090.456      26172  1031.4869  1031.4847    34.5301    34.5276    7.94446         29 0.0000e+00
    804.000    794.137     0.4457  29.425391     0.4478  29.425169     4.6120     4.8360     0.0150    98.0467 1.0000e-12  -74.23020 -112.21561  21.391026      99.86 6.8157e+02   1091.671      26201  1031.4920  1031.4897    34.5308    34.5282    7.94396         29 0.0000e+00
    805.000    795.124     0.4469  29.427111     0.4498  29.427798     4.6091     4.8417    -0.0004    98.0300 1.0000e-12  -74.23020 -112.21560  21.391040      77.11 6.8053e+02   1092.898      26231  1031.4969  1031.4947    34.5312    34.5288    7.94369         30 0.0000e+00
    806.000    796.109     0.4546  29.435981     0.4567  29.435705     4.6092     4.8347     0.0074    97.9942 1.0000e-12  -74.23020 -112.21560  21.391055      87.82 6.8170e+02   1094.135      26260  1031.5027  1031.5004    34.5336    34.5309    7.94198         30 0.0000e+00
    807.000    797.095     0.4547  29.436586     0.4581  29.437671     4.6091     4.8379     0.0047    98.0057 1.0000e-12  -74.23020 -112.21560  21.391069      97.31 6.8224e+02   1095.369      26290  1031.5075  1031.5053    34.5337    34.5314    7.94196         29 0.0000e+00
    808.000    798.081     0.4583  29.440968     0.4618  29.442150     4.6009     4.8371    -0.0004    97.9872 1.0000e-12  -74.23020 -112.21558  21.391083      99.84 6.8224e+02   1096.593      26319  1031.5127  1031.5106    34.5348    34.5325    7.94115         30 0.0000e+00
    809.000    799.067     0.4586  29.441561     0.4620  29.442840     4.6055     4.8296     0.0058    97.9460 1.0000e-12  -74.23020 -112.21558  21.391097      99.86 6.8224e+02   1097.814      26349  1031.5174  1031.5153    34.5347    34.5326    7.94110         29 0.0000e+00
    810.000    800.052     0.4587  29.442163     0.4612  29.442333     4.6076     4.8357    -0.0003    97.9357 1.0000e-12  -74.23020 -112.21558  21.391111      99.87 6.8224e+02   1099.032      26378  1031.5221  1031.5199    34.5347    34.5323    7.94107         29 0.0000e+00
    811.000    801.038     0.4595  29.443492     0.4614  29.443041     4.6044     4.8378     0.0059    97.9598 1.0000e-12  -74.23020 -112.21558  21.391126      99.86 6.8224e+02   1100.246      26407  1031.5269  1031.5246    34.5350    34.5323    7.94089         28 0.0000e+00
    812.000    802.024     0.4603  29.444689     0.4620  29.444105     4.6044     4.8393     0.0124    97.9189 1.0000e-12  -74.23020 -112.21556  21.391139      99.86 6.8224e+02   1101.447      26436  1031.5317  1031.5294    34.5352    34.5325    7.94072         30 0.0000e+00
    813.000    803.010     0.4595  29.444159     0.4612  29.443716     4.6018     4.8365     0.0376    97.9266 1.0000e-12  -74.23020 -112.21556  21.391153      99.86 6.8224e+02   1102.649      26465  1031.5362  1031.5340    34.5348    34.5323    7.94091         29 0.0000e+00
    814.000    803.995     0.4598  29.444922     0.4614  29.444238     4.6059     4.8304     0.0041    97.9556 1.0000e-12  -74.23020 -112.21555  21.391167      99.86 6.8224e+02   1103.857      26494  1031.5409  1031.5387    34.5349    34.5323    7.94085         29 0.0000e+00
    815.000    804.982     0.4599  29.445558     0.4624  29.445876     4.6103     4.8369    -0.0051    97.9304 1.0000e-12  -74.23020 -112.21554  21.391181      99.87 6.8224e+02   1105.076      26523  1031.5456  1031.5436    34.5350    34.5326    7.94080         29 0.0000e+00
    816.000    805.967     0.4578  29.443564     0.4599  29.443489     4.6062     4.8357    -0.0080    97.9267 1.0000e-12  -74.23020 -112.21554  21.391196      79.14 6.8224e+02   1106.295      26552  1031.5500  1031.5479    34.5342    34.5318    7.94129         29 0.0000e+00
    817.000    806.953     0.4572  29.443274     0.4594  29.443325     4.6091     4.8363     0.0026    97.9782 1.0000e-12  -74.23020 -112.21553  21.391209      93.24 6.8224e+02   1107.501      26581  1031.5545  1031.5524    34.5339    34.5315    7.94143         29 0.0000e+00
    818.000    807.938     0.4572  29.443782     0.4593  29.443682     4.6061     4.8359     0.0009    97.9566 1.0000e-12  -74.23020 -112.21552  21.391223      99.92 6.8198e+02   1108.698      26610  1031.5592  1031.5571    34.5340    34.5315    7.94143         28 0.0000e+00
    819.000    808.925     0.4578  29.444780     0.4597  29.444461     4.6079     4.8343    -0.0004    97.9370 1.0000e-12  -74.23020 -112.21552  21.391237      99.86 6.8212e+02   1109.914      26639  1031.5639  1031.5617    34.5341    34.5316    7.94130         30 0.0000e+00
    820.000    809.910     0.4579  29.445575     0.4599  29.445199     4.6039     4.8364    -0.0004    97.9230 1.0000e-12  -74.23020 -112.21552  21.391252      99.86 6.8094e+02   1111.139      26668  1031.5688  1031.5665    34.5344    34.5317    7.94125         29 0.0000e+00
