ocean_section_plots/required_files/ctd/dnbp2202_ctd160.cnv
* Sea-Bird SBE 9 Data File:
* FileName = D:\Data\raw\NBP2202_CTD160.hex
* Software Version Seasave V 7.26.7.121
* Temperature SN = 1649
* Conductivity SN = 2513
* Number of Bytes Per Scan = 40
* Number of Voltage Words = 5
* Number of Scans Averaged by the Deck Unit = 1
* NMEA Latitude = 74 13.97 S
* NMEA Longitude = 112 09.92 W
* NMEA UTC (Time) = Jan 31 2022  23:31:08
* NMEA baud rate = 9600
** Ship: RVIB N.B. Palmer
** Cruise: NBP2202 Thwaites
** Station: 82
** Operator: A. Robinson
# nquan = 28
# nvalues = 505                         
# units = specified
# name 0 = prDM: Pressure, Digiquartz [db]
# name 1 = depSM: Depth [salt water, m]
# name 2 = t090C: Temperature [ITS-90, deg C]
# name 3 = c0mS/cm: Conductivity [mS/cm]
# name 4 = t190C: Temperature, 2 [ITS-90, deg C]
# name 5 = c1mS/cm: Conductivity, 2 [mS/cm]
# name 6 = sbeox0ML/L: Oxygen, SBE 43 [ml/l]
# name 7 = sbeox1ML/L: Oxygen, SBE 43, 2 [ml/l]
# name 8 = flECO-AFL: Fluorescence, WET Labs ECO-AFL/FL [mg/m^3]
# name 9 = CStarTr0: Beam Transmission, WET Labs C-Star [%]
# name 10 = par: PAR/Irradiance, Biospherical/Licor
# name 11 = latitude: Latitude [deg]
# name 12 = longitude: Longitude [deg]
# name 13 = timeJ: Julian Days
# name 14 = altM: Altimeter [m]
# name 15 = spar: SPAR, Biospherical/Licor
# name 16 = timeS: Time, Elapsed [seconds]
# name 17 = scan: Scan Count
# name 18 = density00: Density [density, kg/m^3]
# name 19 = density11: Density, 2 [density, kg/m^3]
# name 20 = v3: Voltage 3
# name 21 = v4: Voltage 4
# name 22 = v5: Voltage 5
# name 23 = sal00: Salinity, Practical [PSU]
# name 24 = sal11: Salinity, Practical, 2 [PSU]
# name 25 = oxsolML/L: Oxygen Saturation, Garcia & Gordon [ml/l]
# name 26 = nbin: number of scans per bin
# name 27 = flag: flag
# span 0 =      3.000,    507.000       
# span 1 =      2.968,    501.150       
# span 2 =    -1.4617,    -0.1239       
# span 3 =  27.008803,  28.660678       
# span 4 =    -1.4616,    -0.1207       
# span 5 =  27.009191,  28.660874       
# span 6 =     4.8889,     8.5544       
# span 7 =     4.9882,     8.8126       
# span 8 =     0.0029,    20.8039       
# span 9 =    70.8538,    93.7108       
# span 10 = 1.0000e-12, 5.4905e+02      
# span 11 =  -74.23296,  -74.23294      
# span 12 = -112.16538, -112.16534      
# span 13 =  31.982834,  31.990963      
# span 14 =      67.99,     112.53      
# span 15 = 1.7809e+03, 1.8116e+03      
# span 16 =    248.828,    951.197      
# span 17 =       5973,      22830      
# span 18 =  1027.1917,  1029.9842      
# span 19 =  1027.1941,  1029.9826      
# span 20 =     3.3618,     4.4456      
# span 21 =     0.0702,     3.3424      
# span 22 =     0.1159,     0.2567      
# span 23 =    33.8005,    34.3382      
# span 24 =    33.8040,    34.3354      
# span 25 =    8.07359,    8.38867      
# span 26 =          8,         49      
# span 27 = 0.0000e+00, 0.0000e+00      
# interval = decibars: 1                
# start_time = Jan 31 2022 23:31:08 [NMEA time, header]
# bad_flag = -9.990e-29
*END*
[from data line 156]
    159.000    157.293    -1.4509  27.142126    -1.4509  27.141923     6.2265     6.3776     0.3621    92.3410 1.0000e-12  -74.23294 -112.16536  31.985804      99.82 1.7992e+03    505.471      12132  1028.1162  1028.1159     4.3805     0.1348     0.1365    33.9920    33.9917    8.38304         26 0.0000e+00
    160.000    158.283    -1.4515  27.142266    -1.4516  27.142108     6.2269     6.3787     0.3792    92.4233 1.0000e-12  -74.23294 -112.16536  31.985817      99.82 1.8010e+03    506.607      12160  1028.1212  1028.1211     4.3845     0.1288     0.1344    33.9923    33.9922    8.38317         30 0.0000e+00
    161.000    159.271    -1.4536  27.140872    -1.4539  27.140663     6.2329     6.3844     0.4358    92.3380 1.0000e-12  -74.23294 -112.16536  31.985832      99.82 1.7987e+03    507.891      12190  1028.1260  1028.1260     4.3805     0.1285     0.1327    33.9922    33.9922    8.38365         30 0.0000e+00
    162.000    160.261    -1.4614  27.135271    -1.4616  27.134890     6.2335     6.3912     0.3954    92.3193 1.0000e-12  -74.23294 -112.16536  31.985847      99.74 1.7969e+03    509.142      12220  1028.1317  1028.1315     4.3796     0.1535     0.1321    33.9927    33.9924    8.38537         29 0.0000e+00
    163.000    161.247    -1.4592  27.138142    -1.4590  27.138133     6.2265     6.3840     0.3733    92.6249 1.0000e-12  -74.23294 -112.16536  31.985859      99.82 1.8021e+03    510.258      12247  1028.1369  1028.1368     4.3941     0.1111     0.1332    33.9934    33.9933    8.38482         24 0.0000e+00
    164.000    162.238    -1.4572  27.140914    -1.4573  27.140570     6.2183     6.3719     0.2769    92.1659 1.0000e-12  -74.23294 -112.16536  31.985871      99.82 1.7994e+03    511.240      12271  1028.1423  1028.1421     4.3723     0.1287     0.1328    33.9944    33.9941    8.38431         25 0.0000e+00
    165.000    163.227    -1.4481  27.150296    -1.4467  27.151014     6.2168     6.3690     0.3155    92.4319 1.0000e-12  -74.23294 -112.16536  31.985884      99.83 1.7961e+03    512.399      12299  1028.1482  1028.1476     4.3849     0.1171     0.1305    33.9964    33.9958    8.38216         30 0.0000e+00
    166.000    164.217    -1.4419  27.156369    -1.4407  27.157199     6.2141     6.3649     0.4073    92.3226 1.0000e-12  -74.23294 -112.16536  31.985898      99.82 1.7985e+03    513.599      12327  1028.1532  1028.1529     4.3799     0.1191     0.1299    33.9971    33.9969    8.38072         27 0.0000e+00
    167.000    165.205    -1.4417  27.157102    -1.4412  27.157218     6.2106     6.3607     0.5310    92.5083 1.0000e-12  -74.23294 -112.16536  31.985911      99.82 1.8002e+03    514.739      12355  1028.1580  1028.1577     4.3885     0.1878     0.1348    33.9972    33.9968    8.38066         27 0.0000e+00
    168.000    166.194    -1.4384  27.160554    -1.4410  27.157956     6.2050     6.3478     0.3779    92.6135 1.0000e-12  -74.23294 -112.16536  31.985924      99.82 1.7945e+03    515.824      12381  1028.1630  1028.1627     4.3936     0.1166     0.1357    33.9976    33.9970    8.37990         26 0.0000e+00
    169.000    167.182    -1.4336  27.166100    -1.4347  27.164473     6.1998     6.3518     0.5771    92.6807 1.0000e-12  -74.23294 -112.16536  31.985936      99.82 1.7930e+03    516.876      12406  1028.1688  1028.1681     4.3967     0.1120     0.1323    33.9992    33.9981    8.37873         25 0.0000e+00
    170.000    168.171    -1.4298  27.170075    -1.4299  27.169687     6.1987     6.3469     0.3246    92.7338 1.0000e-12  -74.23294 -112.16536  31.985949      99.82 1.7936e+03    517.971      12432  1028.1738  1028.1735     4.3993     0.1116     0.1320    33.9997    33.9992    8.37784         28 0.0000e+00
    171.000    169.159    -1.4311  27.169555    -1.4312  27.169323     6.2073     6.3471     0.4029    92.6161 1.0000e-12  -74.23294 -112.16536  31.985962      99.83 1.7967e+03    519.114      12460  1028.1789  1028.1787     4.3937     0.1207     0.1329    33.9998    33.9996    8.37812         27 0.0000e+00
    172.000    170.149    -1.4333  27.168245    -1.4331  27.168224     6.2123     6.3512     0.2935    92.5934 1.0000e-12  -74.23294 -112.16536  31.985975      99.81 1.7983e+03    520.238      12487  1028.1839  1028.1838     4.3925     0.1154     0.1357    33.9999    33.9997    8.37861         26 0.0000e+00
    173.000    171.138    -1.4354  27.166874    -1.4345  27.167426     6.2075     6.3580     0.2813    92.5172 1.0000e-12  -74.23294 -112.16536  31.985988      89.26 1.7995e+03    521.327      12513  1028.1888  1028.1886     4.3890     0.1087     0.1393    33.9997    33.9995    8.37909         27 0.0000e+00
    174.000    172.126    -1.4370  27.166093    -1.4374  27.165419     6.2092     6.3549     0.2390    92.2897 1.0000e-12  -74.23294 -112.16536  31.986001      97.02 1.7979e+03    522.463      12540  1028.1938  1028.1934     4.3782     0.1176     0.1344    33.9999    33.9994    8.37944         27 0.0000e+00
    175.000    173.116    -1.4362  27.166985    -1.4361  27.166795     6.2087     6.3546     0.3113    92.7198 1.0000e-12  -74.23294 -112.16536  31.986014      99.88 1.7995e+03    523.590      12567  1028.1984  1028.1981     4.3986     0.1248     0.1350    33.9996    33.9992    8.37929         26 0.0000e+00
    176.000    174.103    -1.4371  27.166793    -1.4368  27.166815     6.2135     6.3643     0.3744    92.7182 1.0000e-12  -74.23294 -112.16536  31.986026      99.82 1.8006e+03    524.619      12592  1028.2033  1028.2030     4.3985     0.1155     0.1341    33.9997    33.9993    8.37947         24 0.0000e+00
    177.000    175.092    -1.4415  27.164012    -1.4397  27.165186     6.2186     6.3656     0.6796    92.5867 1.0000e-12  -74.23294 -112.16536  31.986038      99.82 1.7994e+03    525.648      12617  1028.2088  1028.2083     4.3923     0.1154     0.1341    34.0002    33.9998    8.38043         27 0.0000e+00
    178.000    176.081    -1.4463  27.160873    -1.4454  27.161521     6.2205     6.3653     0.5341    92.7116 1.0000e-12  -74.23294 -112.16536  31.986051      99.82 1.7976e+03    526.830      12645  1028.2144  1028.2142     4.3982     0.1291     0.1363    34.0008    34.0006    8.38149         29 0.0000e+00
    179.000    177.070    -1.4390  27.169533    -1.4382  27.169567     6.2261     6.3714     0.3149    92.6252 1.0000e-12  -74.23294 -112.16536  31.986065      99.82 1.7991e+03    528.006      12673  1028.2211  1028.2203     4.3941     0.1096     0.1343    34.0038    34.0029    8.37967         26 0.0000e+00
    180.000    178.061    -1.4437  27.165914    -1.4446  27.165135     6.2319     6.3837     0.2219    92.4735 1.0000e-12  -74.23294 -112.16536  31.986077      99.82 1.7998e+03    529.043      12698  1028.2260  1028.2260     4.3869     0.1321     0.1357    34.0034    34.0034    8.38073         24 0.0000e+00
    181.000    179.046    -1.4521  27.159724    -1.4520  27.159621     6.2433     6.3946     0.2554    92.4396 1.0000e-12  -74.23294 -112.16536  31.986089      99.81 1.7977e+03    530.080      12723  1028.2316  1028.2314     4.3853     0.1116     0.1360    34.0039    34.0036    8.38260         27 0.0000e+00
    182.000    180.037    -1.4605  27.153512    -1.4609  27.153076     6.2454     6.3876     0.2804    92.5941 1.0000e-12  -74.23294 -112.16536  31.986103      99.82 1.7963e+03    531.281      12752  1028.2372  1028.2371     4.3926     0.1199     0.1337    34.0043    34.0041    8.38448         31 0.0000e+00
    183.000    181.025    -1.4617  27.153205    -1.4613  27.153417     6.2437     6.3830     0.5038    92.4169 1.0000e-12  -74.23294 -112.16535  31.986117      99.82 1.7965e+03    532.534      12782  1028.2422  1028.2420     4.3842     0.1004     0.1325    34.0046    34.0044    8.38472         28 0.0000e+00
    184.000    182.014    -1.4583  27.157865    -1.4578  27.158094     6.2379     6.3831     0.3866    92.5598 1.0000e-12  -74.23294 -112.16535  31.986131      99.82 1.7970e+03    533.714      12810  1028.2483  1028.2480     4.3910     0.1054     0.1320    34.0065    34.0062    8.38384         28 0.0000e+00
    185.000    183.004    -1.4556  27.161549    -1.4554  27.161244     6.2346     6.3834     0.2522    92.6900 1.0000e-12  -74.23294 -112.16535  31.986143      92.28 1.7974e+03    534.787      12836  1028.2540  1028.2535     4.3971     0.1004     0.1367    34.0079    34.0073    8.38315         24 0.0000e+00
    186.000    183.990    -1.4530  27.164298    -1.4534  27.163658     6.2376     6.3824     0.3152    92.7714 1.0000e-12  -74.23294 -112.16535  31.986156      99.78 1.7976e+03    535.889      12862  1028.2587  1028.2584     4.4011     0.1147     0.1322    34.0081    34.0076    8.38255         30 0.0000e+00
    187.000    184.981    -1.4530  27.164827    -1.4531  27.164318     6.2284     6.3833     0.2625    92.8457 1.0000e-12  -74.23294 -112.16534  31.986171      99.82 1.7984e+03    537.169      12893  1028.2636  1028.2632     4.4046     0.1018     0.1318    34.0082    34.0076    8.38254         32 0.0000e+00
    188.000    185.969    -1.4546  27.163726    -1.4538  27.164127     6.2234     6.3852     0.2239    92.8578 1.0000e-12  -74.23294 -112.16534  31.986187      99.83 1.7997e+03    538.546      12926  1028.2683  1028.2680     4.4051     0.1038     0.1301    34.0079    34.0076    8.38293         31 0.0000e+00
    189.000    186.958    -1.4550  27.163785    -1.4545  27.164007     6.2280     6.3804     0.2289    92.8749 1.0000e-12  -74.23294 -112.16534  31.986202      99.82 1.7994e+03    539.850      12957  1028.2730  1028.2728     4.4059     0.0941     0.1304    34.0078    34.0075    8.38302         30 0.0000e+00
    190.000    187.947    -1.4561  27.163348    -1.4562  27.162799     6.2391     6.3763     0.1605    92.7088 1.0000e-12  -74.23294 -112.16534  31.986216      99.82 1.7981e+03    541.053      12986  1028.2779  1028.2774     4.3981     0.0981     0.1302    34.0079    34.0072    8.38327         27 0.0000e+00
    191.000    188.935    -1.4560  27.163908    -1.4561  27.163396     6.2306     6.3804     0.1837    92.8065 1.0000e-12  -74.23294 -112.16534  31.986228      99.82 1.7992e+03    542.067      13011  1028.2827  1028.2822     4.4027     0.1109     0.1300    34.0078    34.0072    8.38324         23 0.0000e+00
    192.000    189.924    -1.4556  27.164606    -1.4553  27.164426     6.2283     6.3828     0.2144    92.6305 1.0000e-12  -74.23294 -112.16534  31.986240      99.82 1.8012e+03    543.153      13037  1028.2873  1028.2869     4.3943     0.0954     0.1325    34.0077    34.0072    8.38315         27 0.0000e+00
    193.000    190.912    -1.4555  27.165129    -1.4554  27.164883     6.2341     6.3765     0.2862    92.7307 1.0000e-12  -74.23294 -112.16534  31.986255      99.82 1.7991e+03    544.445      13068  1028.2921  1028.2917     4.3991     0.1089     0.1271    34.0077    34.0072    8.38314         32 0.0000e+00
    194.000    191.902    -1.4545  27.166428    -1.4544  27.166151     6.2329     6.3751     0.3280    92.9243 1.0000e-12  -74.23294 -112.16534  31.986270      99.82 1.7963e+03    545.709      13098  1028.2969  1028.2965     4.4083     0.1176     0.1331    34.0077    34.0073    8.38291         29 0.0000e+00
    195.000    192.890    -1.4535  27.167936    -1.4541  27.166916     6.2257     6.3818     0.2018    92.9254 1.0000e-12  -74.23294 -112.16534  31.986283      99.83 1.7964e+03    546.881      13126  1028.3019  1028.3013     4.4084     0.0956     0.1330    34.0081    34.0074    8.38267         28 0.0000e+00
    196.000    193.879    -1.4507  27.170951    -1.4507  27.170390     6.2269     6.3768     0.1738    92.8621 1.0000e-12  -74.23294 -112.16534  31.986298      99.59 1.7987e+03    548.151      13157  1028.3067  1028.3061     4.4054     0.1121     0.1299    34.0084    34.0077    8.38201         33 0.0000e+00
    197.000    194.867    -1.4504  27.171849    -1.4503  27.171494     6.2297     6.3736     0.4178    92.9220 1.0000e-12  -74.23294 -112.16534  31.986314      99.82 1.8003e+03    549.536      13190  1028.3118  1028.3113     4.4082     0.1043     0.1354    34.0087    34.0081    8.38194         31 0.0000e+00
    198.000    195.857    -1.4503  27.172578    -1.4502  27.172213     6.2307     6.3764     0.2628    92.9546 1.0000e-12  -74.23294 -112.16534  31.986329      99.82 1.7983e+03    550.804      13220  1028.3168  1028.3163     4.4097     0.1125     0.1327    34.0089    34.0083    8.38189         28 0.0000e+00
    199.000    196.845    -1.4501  27.173359    -1.4500  27.172924     6.2275     6.3770     0.2842    92.8257 1.0000e-12  -74.23294 -112.16534  31.986342      99.82 1.7963e+03    551.974      13248  1028.3217  1028.3212     4.4036     0.1185     0.1287    34.0091    34.0085    8.38183         28 0.0000e+00
    200.000    197.834    -1.4489  27.174857    -1.4488  27.174538     6.2250     6.3766     0.2078    92.8821 1.0000e-12  -74.23294 -112.16534  31.986356      99.82 1.7963e+03    553.193      13278  1028.3265  1028.3261     4.4063     0.0892     0.1313    34.0092    34.0087    8.38156         31 0.0000e+00
    201.000    198.823    -1.4487  27.175506    -1.4486  27.175159     6.2226     6.3739     0.1673    92.8696 1.0000e-12  -74.23294 -112.16534  31.986371      99.83 1.7993e+03    554.495      13309  1028.3314  1028.3309     4.4057     0.0966     0.1302    34.0093    34.0087    8.38152         31 0.0000e+00
    202.000    199.811    -1.4488  27.175864    -1.4487  27.175544     6.2258     6.3755     0.1408    92.8943 1.0000e-12  -74.23294 -112.16534  31.986387      99.82 1.7994e+03    555.843      13341  1028.3361  1028.3357     4.4069     0.1055     0.1296    34.0093    34.0087    8.38154         33 0.0000e+00
    203.000    200.799    -1.4493  27.175858    -1.4488  27.175946     6.2236     6.3754     0.1727    92.9807 1.0000e-12  -74.23294 -112.16534  31.986402      99.82 1.7986e+03    557.177      13373  1028.3410  1028.3406     4.4110     0.1199     0.1336    34.0092    34.0088    8.38166         30 0.0000e+00
    204.000    201.788    -1.4482  27.177534    -1.4478  27.177361     6.2300     6.3774     0.3021    92.9166 1.0000e-12  -74.23294 -112.16534  31.986416      99.82 1.7984e+03    558.384      13402  1028.3460  1028.3455     4.4079     0.1390     0.1319    34.0096    34.0090    8.38138         28 0.0000e+00
    205.000    202.778    -1.4477  27.178366    -1.4474  27.178266     6.2238     6.3721     0.2032    92.8125 1.0000e-12  -74.23294 -112.16534  31.986430      99.82 1.7982e+03    559.560      13430  1028.3508  1028.3503     4.4030     0.1247     0.1357    34.0096    34.0091    8.38128         30 0.0000e+00
    206.000    203.766    -1.4468  27.179652    -1.4466  27.179322     6.2170     6.3675     0.2298    92.8532 1.0000e-12  -74.23294 -112.16534  31.986446      88.84 1.7973e+03    560.913      13463  1028.3556  1028.3551     4.4049     0.1131     0.1314    34.0097    34.0091    8.38106         35 0.0000e+00
    207.000    204.754    -1.4455  27.181432    -1.4453  27.181130     6.2185     6.3648     0.2181    92.8128 1.0000e-12  -74.23294 -112.16534  31.986462      99.25 1.7985e+03    562.299      13496  1028.3606  1028.3601     4.4030     0.1063     0.1318    34.0100    34.0094    8.38074         31 0.0000e+00
    208.000    205.744    -1.4450  27.182485    -1.4450  27.181955     6.2200     6.3643     0.1665    92.8623 1.0000e-12  -74.23294 -112.16535  31.986476      99.82 1.8002e+03    563.528      13526  1028.3656  1028.3650     4.4054     0.1015     0.1300    34.0103    34.0096    8.38062         28 0.0000e+00
    209.000    206.731    -1.4446  27.183473    -1.4447  27.182747     6.2219     6.3683     0.2053    92.9179 1.0000e-12  -74.23294 -112.16534  31.986489      99.83 1.7980e+03    564.679      13553  1028.3706  1028.3700     4.4080     0.0885     0.1304    34.0106    34.0098    8.38051         26 0.0000e+00
