ocean_section_plots/required_files/ctd/dnbp2202_ctd094.cnv
* Sea-Bird SBE 9 Data File:
* FileName = D:\Data\raw\NBP2202_CTD094.hex
* Software Version Seasave V 7.26.7.121
* Temperature SN = 1649
* Conductivity SN = 2513
* Number of Bytes Per Scan = 40
* Number of Voltage Words = 5
* Number of Scans Averaged by the Deck Unit = 1
* NMEA Latitude = 74 10.51 S
* NMEA Longitude = 113 20.67 W
* NMEA UTC (Time) = Jan 26 2022  23:34:11
* NMEA baud rate = 9600
** Ship: RVIB N.B. Palmer
** Cruise: NBP2202 Thwaites
** Station: YoYo001
** Operator: A. Robinson
# nquan = 25
# nvalues = 609                         
# units = specified
# name 0 = prDM: Pressure, Digiquartz [db]
# name 1 = depSM: Depth [salt water, m]
# name 2 = t090C: Temperature [ITS-90, deg C]
# name 3 = c0mS/cm: Conductivity [mS/cm]
# name 4 = t190C: Temperature, 2 [ITS-90, deg C]
# name 5 = c1mS/cm: Conductivity, 2 [mS/cm]
# name 6 = sbeox0ML/L: Oxygen, SBE 43 [ml/l]
# name 7 = sbeox1ML/L: Oxygen, SBE 43, 2 [ml/l]
# name 8 = flECO-AFL: Fluorescence, WET Labs ECO-AFL/FL [mg/m^3]
# name 9 = CStarTr0: Beam Transmission, WET Labs C-Star [%]
# name 10 = par: PAR/Irradiance, Biospherical/Licor
# name 11 = latitude: Latitude [deg]
# name 12 = longitude: Longitude [deg]
# name 13 = timeJ: Julian Days
# name 14 = altM: Altimeter [m]
# name 15 = spar: SPAR, Biospherical/Licor
# name 16 = timeS: Time, Elapsed [seconds]
# name 17 = scan: Scan Count
# name 18 = density00: Density [density, kg/m^3]
# name 19 = density11: Density, 2 [density, kg/m^3]
# name 20 = sal00: Salinity, Practical [PSU]
# name 21 = sal11: Salinity, Practical, 2 [PSU]
# name 22 = oxsolML/L: Oxygen Saturation, Garcia & Gordon [ml/l]
# name 23 = nbin: number of scans per bin
# name 24 = flag: flag
# span 0 =     10.000,    618.000       
# span 1 =      9.896,    610.697       
# span 2 =    -1.5509,     0.1011       
# span 3 =  26.885978,  28.937394       
# span 4 =    -1.5490,     0.1026       
# span 5 =  26.886607,  28.936564       
# span 6 =     4.6825,     8.4336       
# span 7 =     4.7454,     8.2038       
# span 8 =    -0.0221,    24.6674       
# span 9 =    69.8851,    95.4739       
# span 10 = -3.675e-05, 5.6307e+01      
# span 11 =  -74.17530,  -74.17528      
# span 12 = -113.34461, -113.34456      
# span 13 =  26.982473,  26.992198      
# span 14 =       3.46,     100.29      
# span 15 = 1.8123e+03, 1.8263e+03      
# span 16 =     34.690,    874.897      
# span 17 =        834,      20999      
# span 18 =  1027.2242,  1030.5288      
# span 19 =  1027.2200,  1030.5264      
# span 20 =    33.7896,    34.3834      
# span 21 =    33.7873,    34.3806      
# span 22 =    8.02363,    8.41619      
# span 23 =         22,         47      
# span 24 = 0.0000e+00, 0.0000e+00      
# interval = decibars: 1                
# start_time = Jan 26 2022 23:34:11 [NMEA time, header]
# bad_flag = -9.990e-29
*END*
[from data line 348]
    358.000    353.988    -0.5284  28.136001    -0.5245  28.136453     4.9162     5.0154    -0.0162    95.4288 1.0000e-12  -74.17529 -113.34459  26.987823      99.87 1.8246e+03    496.911      11927  1029.1727  1029.1694    34.1779    34.1742    8.16894         28 0.0000e+00
    359.000    354.976    -0.5240  28.141072    -0.5164  28.144631     4.8578     4.9555    -0.0071    95.4146 1.0000e-12  -74.17530 -113.34458  26.987837      99.86 1.8246e+03    498.100      11955  1029.1785  1029.1748    34.1792    34.1754    8.16792         29 0.0000e+00
    360.000    355.965    -0.4361  28.224604    -0.4321  28.224988     4.8286     4.9247    -0.0087    95.4059 1.0000e-12  -74.17530 -113.34458  26.987851      99.87 1.8246e+03    499.298      11984  1029.1863  1029.1829    34.1917    34.1877    8.14829         29 0.0000e+00
    361.000    356.953    -0.4218  28.239403    -0.4183  28.239919     4.8213     4.9124    -0.0173    95.3935 1.0000e-12  -74.17529 -113.34458  26.987865      99.87 1.8246e+03    500.497      12013  1029.1930  1029.1902    34.1948    34.1916    8.14505         29 0.0000e+00
    362.000    357.939    -0.4093  28.252950    -0.4071  28.252548     4.8197     4.9119    -0.0061    95.3588 1.0000e-12  -74.17528 -113.34458  26.987878      99.86 1.8246e+03    501.687      12041  1029.2002  1029.1976    34.1984    34.1953    8.14217         28 0.0000e+00
    363.000    358.928    -0.3976  28.266129    -0.3958  28.265282     4.8211     4.9056    -0.0095    95.3438 1.0000e-12  -74.17528 -113.34458  26.987892      99.87 1.8246e+03    502.875      12070  1029.2076  1029.2049    34.2022    34.1991    8.13944         29 0.0000e+00
    364.000    359.916    -0.3898  28.275782    -0.3874  28.275398     4.8267     4.9038    -0.0168    95.3091 1.0000e-12  -74.17528 -113.34458  26.987906      91.40 1.8246e+03    504.062      12098  1029.2149  1029.2122    34.2057    34.2025    8.13756         28 0.0000e+00
    365.000    360.905    -0.3809  28.286221    -0.3790  28.285450     4.8312     4.9065    -0.0107    95.2850 1.0000e-12  -74.17528 -113.34458  26.987920      92.55 1.8246e+03    505.258      12127  1029.2221  1029.2195    34.2091    34.2060    8.13547         29 0.0000e+00
    366.000    361.891    -0.3794  28.288418    -0.3773  28.287934     4.8282     4.9040    -0.0087    95.2889 1.0000e-12  -74.17528 -113.34458  26.987933      99.94 1.8246e+03    506.450      12156  1029.2277  1029.2252    34.2098    34.2068    8.13511         28 0.0000e+00
    367.000    362.880    -0.3762  28.292253    -0.3737  28.292139     4.8330     4.9045    -0.0046    95.2600 1.0000e-12  -74.17528 -113.34458  26.987947      99.86 1.8246e+03    507.639      12184  1029.2333  1029.2307    34.2107    34.2077    8.13437         29 0.0000e+00
    368.000    363.868    -0.3747  28.294076    -0.3723  28.293983     4.8360     4.9069    -0.0089    95.2364 1.0000e-12  -74.17528 -113.34458  26.987961      99.87 1.8246e+03    508.830      12213  1029.2383  1029.2359    34.2108    34.2080    8.13404         29 0.0000e+00
    369.000    364.856    -0.3738  28.295407    -0.3718  28.294866     4.8319     4.9052    -0.0090    95.2254 1.0000e-12  -74.17528 -113.34458  26.987975      99.86 1.8246e+03    510.027      12242  1029.2434  1029.2409    34.2110    34.2081    8.13384         28 0.0000e+00
    370.000    365.842    -0.3734  28.296414    -0.3712  28.296096     4.8474     4.9142    -0.0135    95.2230 1.0000e-12  -74.17528 -113.34458  26.987989      99.87 1.8246e+03    511.222      12270  1029.2485  1029.2461    34.2113    34.2085    8.13373         29 0.0000e+00
    371.000    366.832    -0.3741  28.296684    -0.3716  28.296638     4.8592     4.9281    -0.0181    95.2069 1.0000e-12  -74.17528 -113.34458  26.988003      99.87 1.8246e+03    512.422      12299  1029.2540  1029.2515    34.2118    34.2090    8.13385         29 0.0000e+00
    372.000    367.819    -0.3774  28.296063    -0.3748  28.296241     4.8560     4.9274    -0.0116    95.2126 1.0000e-12  -74.17528 -113.34458  26.988016      99.87 1.8246e+03    513.611      12328  1029.2610  1029.2587    34.2142    34.2115    8.13444         28 0.0000e+00
    373.000    368.807    -0.3683  28.307862    -0.3664  28.307207     4.8491     4.9257    -0.0103    95.2005 1.0000e-12  -74.17528 -113.34458  26.988030      99.87 1.8246e+03    514.786      12356  1029.2690  1029.2665    34.2191    34.2161    8.13220         28 0.0000e+00
    374.000    369.794    -0.3611  28.315468    -0.3588  28.315061     4.8420     4.9135    -0.0036    95.1954 1.0000e-12  -74.17528 -113.34458  26.988044      99.87 1.8246e+03    515.968      12384  1029.2745  1029.2719    34.2205    34.2175    8.13058         29 0.0000e+00
    375.000    370.783    -0.3534  28.323652    -0.3513  28.323080     4.8354     4.9105    -0.0097    95.2148 1.0000e-12  -74.17528 -113.34460  26.988057      85.89 1.8253e+03    517.156      12413  1029.2801  1029.2775    34.2222    34.2191    8.12884         29 0.0000e+00
    376.000    371.770    -0.3481  28.329412    -0.3461  28.328809     4.8370     4.9046    -0.0165    95.2026 1.0000e-12  -74.17528 -113.34458  26.988071      95.45 1.8249e+03    518.336      12441  1029.2855  1029.2830    34.2234    34.2203    8.12764         28 0.0000e+00
    377.000    372.758    -0.3464  28.331560    -0.3443  28.331105     4.8366     4.9127    -0.0153    95.2096 1.0000e-12  -74.17528 -113.34459  26.988085      99.83 1.8247e+03    519.532      12470  1029.2905  1029.2881    34.2237    34.2208    8.12725         29 0.0000e+00
    378.000    373.746    -0.3433  28.336051    -0.3408  28.336089     4.8380     4.9126    -0.0107    95.2061 1.0000e-12  -74.17528 -113.34459  26.988099      99.86 1.8252e+03    520.743      12499  1029.2967  1029.2944    34.2256    34.2229    8.12648         29 0.0000e+00
    379.000    374.735    -0.3420  28.338427    -0.3400  28.338024     4.8393     4.9048    -0.0132    95.2015 1.0000e-12  -74.17528 -113.34460  26.988113      99.87 1.8250e+03    521.941      12528  1029.3024  1029.3000    34.2268    34.2239    8.12614         28 0.0000e+00
    380.000    375.722    -0.3410  28.339998    -0.3386  28.339888     4.8316     4.9024    -0.0138    95.1919 1.0000e-12  -74.17528 -113.34460  26.988126      99.86 1.8252e+03    523.122      12556  1029.3074  1029.3050    34.2271    34.2243    8.12590         29 0.0000e+00
    381.000    376.710    -0.3357  28.346018    -0.3342  28.344817     4.8319     4.9057    -0.0057    95.1823 1.0000e-12  -74.17528 -113.34460  26.988140      99.87 1.8256e+03    524.301      12584  1029.3131  1029.3103    34.2287    34.2254    8.12470         28 0.0000e+00
    382.000    377.697    -0.3276  28.355658    -0.3259  28.354632     4.8318     4.9063    -0.0012    95.1813 1.0000e-12  -74.17528 -113.34460  26.988154      99.87 1.8251e+03    525.494      12613  1029.3197  1029.3170    34.2318    34.2285    8.12277         29 0.0000e+00
    383.000    378.685    -0.3263  28.357930    -0.3242  28.357722     4.8339     4.9079    -0.0071    95.1855 1.0000e-12  -74.17528 -113.34460  26.988168      99.86 1.8248e+03    526.716      12642  1029.3253  1029.3230    34.2328    34.2301    8.12245         30 0.0000e+00
    384.000    379.675    -0.3254  28.359840    -0.3234  28.359483     4.8443     4.9119    -0.0102    95.1831 1.0000e-12  -74.17529 -113.34460  26.988182      99.87 1.8255e+03    527.949      12672  1029.3308  1029.3285    34.2337    34.2310    8.12220         29 0.0000e+00
    385.000    380.660    -0.3253  28.361021    -0.3233  28.360570     4.8460     4.9112    -0.0095    95.1850 1.0000e-12  -74.17528 -113.34460  26.988196      99.87 1.8263e+03    529.144      12700  1029.3363  1029.3339    34.2346    34.2317    8.12213         28 0.0000e+00
    386.000    381.649    -0.3259  28.361255    -0.3238  28.360782     4.8474     4.9167    -0.0090    95.1841 1.0000e-12  -74.17530 -113.34460  26.988210      81.46 1.8263e+03    530.306      12728  1029.3415  1029.3389    34.2350    34.2319    8.12224         28 0.0000e+00
    387.000    382.636    -0.3238  28.364662    -0.3218  28.364106     4.8454     4.9154    -0.0099    95.2004 1.0000e-12  -74.17528 -113.34460  26.988223      92.24 1.8263e+03    531.455      12756  1029.3474  1029.3449    34.2366    34.2336    8.12170         27 0.0000e+00
    388.000    383.624    -0.3149  28.374996    -0.3128  28.374544     4.8355     4.9041    -0.0165    95.1655 1.0000e-12  -74.17529 -113.34460  26.988236      99.81 1.8263e+03    532.617      12784  1029.3540  1029.3515    34.2397    34.2368    8.11961         29 0.0000e+00
    389.000    384.612    -0.3016  28.389588    -0.2991  28.389327     4.8334     4.9048    -0.0041    95.1739 1.0000e-12  -74.17529 -113.34460  26.988250      99.87 1.8263e+03    533.812      12812  1029.3609  1029.3582    34.2437    34.2405    8.11655         28 0.0000e+00
    390.000    385.601    -0.2971  28.394988    -0.2950  28.394838     4.8307     4.9024    -0.0149    95.1761 1.0000e-12  -74.17529 -113.34460  26.988264      99.87 1.8263e+03    535.033      12842  1029.3667  1029.3645    34.2453    34.2427    8.11551         30 0.0000e+00
    391.000    386.588    -0.2953  28.397874    -0.2928  28.397626     4.8225     4.8931    -0.0095    95.1803 1.0000e-12  -74.17530 -113.34460  26.988278      99.86 1.8263e+03    536.240      12871  1029.3724  1029.3697    34.2465    34.2434    8.11505         29 0.0000e+00
    392.000    387.575    -0.2830  28.411225    -0.2808  28.410740     4.8280     4.8922    -0.0059    95.1813 1.0000e-12  -74.17530 -113.34460  26.988292      95.54 1.8263e+03    537.427      12899  1029.3789  1029.3763    34.2498    34.2468    8.11224         28 0.0000e+00
    393.000    388.564    -0.2795  28.415656    -0.2775  28.414996     4.8217     4.8858    -0.0090    95.1883 1.0000e-12  -74.17530 -113.34460  26.988306      99.84 1.8263e+03    538.620      12928  1029.3846  1029.3820    34.2512    34.2482    8.11141         29 0.0000e+00
    394.000    389.552    -0.2760  28.419793    -0.2743  28.418949     4.8170     4.8896    -0.0129    95.1927 1.0000e-12  -74.17530 -113.34460  26.988320      99.87 1.8263e+03    539.818      12957  1029.3899  1029.3874    34.2522    34.2492    8.11061         29 0.0000e+00
    395.000    390.538    -0.2732  28.423307    -0.2709  28.423075     4.8155     4.8884    -0.0147    95.1832 1.0000e-12  -74.17530 -113.34460  26.988334      99.87 1.8263e+03    541.016      12985  1029.3953  1029.3929    34.2531    34.2503    8.10996         28 0.0000e+00
    396.000    391.526    -0.2640  28.434161    -0.2611  28.434349     4.8136     4.8870    -0.0112    95.1884 1.0000e-12  -74.17530 -113.34460  26.988347      97.14 1.8263e+03    542.210      13014  1029.4023  1029.3997    34.2567    34.2537    8.10780         29 0.0000e+00
    397.000    392.516    -0.2609  28.438476    -0.2587  28.438149     4.8193     4.8967    -0.0102    95.1901 1.0000e-12  -74.17530 -113.34460  26.988361      82.17 1.8263e+03    543.406      13043  1029.4082  1029.4058    34.2583    34.2555    8.10704         29 0.0000e+00
    398.000    393.503    -0.2607  28.439219    -0.2578  28.439805     4.8129     4.8841    -0.0100    95.1786 1.0000e-12  -74.17530 -113.34460  26.988375      97.01 1.8263e+03    544.594      13071  1029.4132  1029.4110    34.2585    34.2560    8.10699         28 0.0000e+00
    399.000    394.490    -0.2520  28.448811    -0.2486  28.449648     4.8016     4.8809    -0.0155    95.2106 1.0000e-12  -74.17530 -113.34460  26.988389      99.88 1.8263e+03    545.795      13100  1029.4192  1029.4168    34.2610    34.2582    8.10501         29 0.0000e+00
    400.000    395.477    -0.2396  28.461562    -0.2376  28.460977     4.8083     4.8771    -0.0090    95.1866 1.0000e-12  -74.17530 -113.34460  26.988403      99.86 1.8263e+03    546.988      13129  1029.4250  1029.4225    34.2634    34.2604    8.10223         28 0.0000e+00
    401.000    396.466    -0.2404  28.461915    -0.2397  28.460500     4.8069     4.8773    -0.0102    95.2080 1.0000e-12  -74.17530 -113.34460  26.988416      99.86 1.8263e+03    548.174      13157  1029.4306  1029.4284    34.2642    34.2615    8.10236         29 0.0000e+00
    402.000    397.454    -0.2411  28.462173    -0.2399  28.461146     4.7983     4.8756    -0.0069    95.1951 1.0000e-12  -74.17530 -113.34460  26.988430      99.87 1.8263e+03    549.358      13186  1029.4360  1029.4337    34.2647    34.2620    8.10248         28 0.0000e+00
    403.000    398.440    -0.2353  28.468392    -0.2330  28.467927     4.7872     4.8590    -0.0047    95.2258 1.0000e-12  -74.17530 -113.34460  26.988444      99.86 1.8263e+03    550.545      13214  1029.4412  1029.4385    34.2659    34.2627    8.10118         29 0.0000e+00
    404.000    399.429    -0.2255  28.477737    -0.2241  28.476707     4.7830     4.8573    -0.0129    95.2575 1.0000e-12  -74.17530 -113.34460  26.988457      99.86 1.8263e+03    551.724      13242  1029.4460  1029.4435    34.2668    34.2638    8.09905         28 0.0000e+00
    405.000    400.417    -0.2235  28.480819    -0.2218  28.479958     4.7810     4.8569    -0.0133    95.2709 1.0000e-12  -74.17530 -113.34460  26.988471      99.87 1.8263e+03    552.912      13271  1029.4516  1029.4491    34.2680    34.2649    8.09854         29 0.0000e+00
    406.000    401.404    -0.2192  28.485847    -0.2179  28.484591     4.7794     4.8556    -0.0145    95.2557 1.0000e-12  -74.17530 -113.34460  26.988485      99.87 1.8263e+03    554.110      13300  1029.4571  1029.4547    34.2693    34.2662    8.09756         28 0.0000e+00
    407.000    402.391    -0.2180  28.487515    -0.2161  28.486934     4.7819     4.8519    -0.0117    95.2442 1.0000e-12  -74.17530 -113.34460  26.988499      99.87 1.8263e+03    555.305      13328  1029.4621  1029.4596    34.2695    34.2666    8.09729         29 0.0000e+00
    408.000    403.380    -0.2192  28.486890    -0.2167  28.486931     4.7782     4.8527    -0.0094    95.2317 1.0000e-12  -74.17530 -113.34460  26.988513      86.13 1.8263e+03    556.515      13357  1029.4671  1029.4646    34.2695    34.2667    8.09756         29 0.0000e+00
    409.000    404.366    -0.2197  28.486910    -0.2178  28.486412     4.7762     4.8487    -0.0164    95.2553 1.0000e-12  -74.17530 -113.34460  26.988527      98.19 1.8263e+03    557.725      13386  1029.4719  1029.4695    34.2695    34.2667    8.09766         29 0.0000e+00
    410.000    405.355    -0.2199  28.487070    -0.2178  28.486780     4.7840     4.8562    -0.0094    95.2353 1.0000e-12  -74.17530 -113.34460  26.988541      99.90 1.8263e+03    558.914      13415  1029.4766  1029.4743    34.2693    34.2666    8.09771         28 0.0000e+00
    411.000    406.342    -0.2216  28.485875    -0.2208  28.484563     4.7849     4.8578    -0.0084    95.2471 1.0000e-12  -74.17530 -113.34460  26.988554      99.86 1.8263e+03    560.092      13443  1029.4813  1029.4791    34.2691    34.2664    8.09809         29 0.0000e+00
    412.000    407.330    -0.2226  28.485473    -0.2201  28.485584     4.7853     4.8572    -0.0046    95.2152 1.0000e-12  -74.17530 -113.34460  26.988568      99.87 1.8263e+03    561.275      13472  1029.4862  1029.4839    34.2691    34.2664    8.09831         28 0.0000e+00
    413.000    408.318    -0.2213  28.487921    -0.2197  28.486932     4.7900     4.8588    -0.0143    95.1998 1.0000e-12  -74.17530 -113.34460  26.988582      99.86 1.8263e+03    562.467      13500  1029.4917  1029.4891    34.2702    34.2671    8.09795         29 0.0000e+00
    414.000    409.306    -0.2214  28.487985    -0.2200  28.487036     4.7881     4.8614    -0.0124    95.1895 1.0000e-12  -74.17530 -113.34460  26.988596      99.86 1.8263e+03    563.659      13529  1029.4963  1029.4939    34.2699    34.2670    8.09800         28 0.0000e+00
