ocean_section_plots/required_files/ctd/dnbp2202_ctd263.cnv
* Sea-Bird SBE 9 Data File:
* FileName = D:\Data\raw\NBP2202_CTD263.hex
* Software Version Seasave V 7.26.7.121
* Temperature SN = 1649
* Conductivity SN = 2513
* Number of Bytes Per Scan = 40
* Number of Voltage Words = 5
* Number of Scans Averaged by the Deck Unit = 1
* NMEA Latitude = 73 52.49 S
* NMEA Longitude = 118 43.63 W
* NMEA UTC (Time) = Feb 19 2022  16:04:37
* NMEA baud rate = 9600
** Ship: RVIB N.B. Palmer
** Cruise: NBP2202 Thwaites
** Station: 168
** Operator: A. Robinson
# nquan = 28
# nvalues = 716                         
# units = specified
# name 0 = prDM: Pressure, Digiquartz [db]
# name 1 = depSM: Depth [salt water, m]
# name 2 = t090C: Temperature [ITS-90, deg C]
# name 3 = c0mS/cm: Conductivity [mS/cm]
# name 4 = t190C: Temperature, 2 [ITS-90, deg C]
# name 5 = c1mS/cm: Conductivity, 2 [mS/cm]
# name 6 = sbeox0ML/L: Oxygen, SBE 43 [ml/l]
# name 7 = sbeox1ML/L: Oxygen, SBE 43, 2 [ml/l]
# name 8 = flECO-AFL: Fluorescence, WET Labs ECO-AFL/FL [mg/m^3]
# name 9 = CStarTr0: Beam Transmission, WET Labs C-Star [%]
# name 10 = par: PAR/Irradiance, Biospherical/Licor
# name 11 = latitude: Latitude [deg]
# name 12 = longitude: Longitude [deg]
# name 13 = timeJ: Julian Days
# name 14 = altM: Altimeter [m]
# name 15 = spar: SPAR, Biospherical/Licor
# name 16 = timeS: Time, Elapsed [seconds]
# name 17 = scan: Scan Count
# name 18 = density00: Density [density, kg/m^3]
# name 19 = density11: Density, 2 [density, kg/m^3]
# name 20 = v3: Voltage 3
# name 21 = v4: Voltage 4
# name 22 = v5: Voltage 5
# name 23 = sal00: Salinity, Practical [PSU]
# name 24 = sal11: Salinity, Practical, 2 [PSU]
# name 25 = oxsolML/L: Oxygen Saturation, Garcia & Gordon [ml/l]
# name 26 = nbin: number of scans per bin
# name 27 = flag: flag
# span 0 =      2.000,    717.000       
# span 1 =      1.980,    708.369       
# span 2 =    -1.7500,     0.3627       
# span 3 =  26.936206,  29.288527       
# span 4 =    -1.7500,     0.3649       
# span 5 =  26.936861,  29.289242       
# span 6 =     4.7483,     9.1333       
# span 7 =     4.9375,     9.4956       
# span 8 =    -0.0220,    12.7849       
# span 9 =    87.4710,    98.7640       
# span 10 = 1.0000e-12, 7.5202e+02      
# span 11 =  -73.87492,  -73.87490      
# span 12 = -118.72734, -118.72728      
# span 13 =  50.672185,  50.682041      
# span 14 =       4.02,     100.49      
# span 15 = 1.4828e+03, 1.5388e+03      
# span 16 =    199.769,   1051.306      
# span 17 =       4795,      25232      
# span 18 =  1027.1214,  1031.0631      
# span 19 =  1027.1224,  1031.0615      
# span 20 =     4.1501,     4.6852      
# span 21 =     0.0643,     1.8613      
# span 22 =     0.1134,     0.2021      
# span 23 =    33.7545,    34.4950      
# span 24 =    33.7562,    34.4932      
# span 25 =    7.96305,    8.44879      
# span 26 =         19,         45      
# span 27 = 0.0000e+00, 0.0000e+00      
# interval = decibars: 1                
# start_time = Feb 19 2022 16:04:37 [NMEA time, header]
# bad_flag = -9.990e-29
*END*
[from data line 518]
    520.000    513.980    -0.3091  28.485699    -0.3083  28.484827     5.1266     5.3022    -0.0021    98.6423 1.0000e-12  -73.87492 -118.72728  50.679345      99.79 1.5311e+03    818.438      19644  1030.0286  1030.0270     4.6794     0.0732     0.1179    34.3021    34.3001    8.11481         29 0.0000e+00
    521.000    514.968    -0.3076  28.487547    -0.3059  28.487858     5.1310     5.3084    -0.0052    98.6344 1.0000e-12  -73.87492 -118.72728  50.679360      76.84 1.5306e+03    819.666      19673  1030.0335  1030.0322     4.6791     0.0692     0.1162    34.3024    34.3008    8.11449         29 0.0000e+00
    522.000    515.955    -0.3080  28.487920    -0.3060  28.488335     5.1309     5.3114     0.0036    98.6348 1.0000e-12  -73.87491 -118.72728  50.679373      92.10 1.5318e+03    820.824      19701  1030.0385  1030.0371     4.6791     0.0673     0.1167    34.3026    34.3010    8.11455         26 0.0000e+00
    523.000    516.942    -0.3081  28.488455    -0.3062  28.488853     5.1298     5.3086    -0.0049    98.6454 1.0000e-12  -73.87490 -118.72728  50.679385      98.10 1.5315e+03    821.838      19725  1030.0435  1030.0421     4.6796     0.0720     0.1191    34.3029    34.3013    8.11456         23 0.0000e+00
    524.000    517.928    -0.3095  28.487554    -0.3079  28.487714     5.1353     5.3127     0.0105    98.6299 1.0000e-12  -73.87490 -118.72728  50.679396      99.77 1.5316e+03    822.777      19748  1030.0482  1030.0469     4.6789     0.0684     0.1171    34.3026    34.3011    8.11487         23 0.0000e+00
    525.000    518.915    -0.3095  28.488103    -0.3075  28.488517     5.1465     5.3175    -0.0044    98.6423 1.0000e-12  -73.87490 -118.72728  50.679406      99.79 1.5315e+03    823.711      19770  1030.0531  1030.0515     4.6794     0.0699     0.1171    34.3028    34.3011    8.11487         22 0.0000e+00
    526.000    519.904    -0.3141  28.485082    -0.3123  28.485376     5.1470     5.3184    -0.0026    98.6330 1.0000e-12  -73.87490 -118.72728  50.679418      99.79 1.5313e+03    824.724      19794  1030.0587  1030.0573     4.6790     0.0705     0.1186    34.3034    34.3017    8.11581         27 0.0000e+00
    527.000    520.891    -0.3168  28.483257    -0.3148  28.483842     5.1548     5.3136    -0.0021    98.6334 1.0000e-12  -73.87490 -118.72728  50.679432      99.79 1.5315e+03    825.934      19823  1030.0637  1030.0623     4.6790     0.0703     0.1162    34.3034    34.3019    8.11639         30 0.0000e+00
    528.000    521.877    -0.3180  28.482907    -0.3168  28.482702     5.1271     5.3137     0.0010    98.6327 1.0000e-12  -73.87490 -118.72728  50.679446      99.80 1.5312e+03    827.132      19852  1030.0687  1030.0674     4.6790     0.0688     0.1162    34.3036    34.3021    8.11662         27 0.0000e+00
    529.000    522.865    -0.3184  28.482904    -0.3170  28.482885     5.1380     5.3098    -0.0025    98.6362 1.0000e-12  -73.87490 -118.72728  50.679458      99.79 1.5319e+03    828.184      19877  1030.0733  1030.0719     4.6791     0.0710     0.1172    34.3035    34.3019    8.11672         24 0.0000e+00
    530.000    523.852    -0.3161  28.486037    -0.3161  28.484267     5.1383     5.3161    -0.0042    98.6443 1.0000e-12  -73.87490 -118.72728  50.679469      99.79 1.5314e+03    829.121      19900  1030.0787  1030.0768     4.6796     0.0704     0.1175    34.3045    34.3022    8.11618         21 0.0000e+00
    531.000    524.838    -0.3161  28.486197    -0.3169  28.483918     5.1134     5.3108    -0.0042    98.6406 1.0000e-12  -73.87490 -118.72728  50.679479      99.80 1.5309e+03    830.011      19921  1030.0830  1030.0814     4.6793     0.0715     0.1158    34.3041    34.3019    8.11619         21 0.0000e+00
    532.000    525.828    -0.2950  28.511203    -0.2936  28.509969     5.0838     5.2824    -0.0055    98.6300 1.0000e-12  -73.87490 -118.72728  50.679490      99.79 1.5311e+03    830.914      19943  1030.0932  1030.0905     4.6789     0.0702     0.1168    34.3131    34.3100    8.11119         24 0.0000e+00
    533.000    526.813    -0.2249  28.585262    -0.2452  28.559811     5.0616     5.2490    -0.0041    98.6428 1.0000e-12  -73.87490 -118.72728  50.679503      99.79 1.5298e+03    832.100      19971  1030.1071  1030.1001     4.6795     0.0695     0.1181    34.3323    34.3214    8.09519         30 0.0000e+00
    534.000    527.800    -0.1560  28.656838    -0.1569  28.653449     5.0596     5.2315    -0.0019    98.6387 1.0000e-12  -73.87490 -118.72728  50.679518      89.09 1.5297e+03    833.397      20003  1030.1199  1030.1170     4.6793     0.0688     0.1169    34.3496    34.3460    8.07961         29 0.0000e+00
    535.000    528.787    -0.1500  28.664045    -0.1480  28.663915     5.0396     5.2248    -0.0007    98.6470 1.0000e-12  -73.87490 -118.72728  50.679531      94.14 1.5310e+03    834.489      20029  1030.1263  1030.1241     4.6797     0.0698     0.1191    34.3518    34.3494    8.07821         24 0.0000e+00
    536.000    529.774    -0.1480  28.666223    -0.1461  28.666344     5.0303     5.2198    -0.0025    98.6468 1.0000e-12  -73.87490 -118.72730  50.679542      99.33 1.5326e+03    835.420      20051  1030.1313  1030.1295     4.6796     0.0696     0.1176    34.3519    34.3499    8.07779         21 0.0000e+00
    537.000    530.762    -0.1427  28.673073    -0.1392  28.674214     5.0442     5.2164     0.0035    98.6648 1.0000e-12  -73.87490 -118.72730  50.679552      99.80 1.5303e+03    836.254      20071  1030.1378  1030.1356     4.6805     0.0695     0.1192    34.3544    34.3520    8.07652         19 0.0000e+00
    538.000    531.750    -0.1312  28.685012    -0.1291  28.685112     5.0549     5.2137    -0.0024    98.6493 1.0000e-12  -73.87490 -118.72730  50.679561      99.80 1.5285e+03    837.078      20091  1030.1437  1030.1417     4.6798     0.0696     0.1195    34.3567    34.3545    8.07395         21 0.0000e+00
    539.000    532.737    -0.1262  28.690242    -0.1246  28.689824     5.0327     5.2081    -0.0111    98.6600 1.0000e-12  -73.87490 -118.72730  50.679573      99.79 1.5274e+03    838.080      20115  1030.1489  1030.1469     4.6803     0.0707     0.1188    34.3574    34.3552    8.07285         28 0.0000e+00
    540.000    533.722    -0.1177  28.699676    -0.1152  28.699651     5.0209     5.2003     0.0010    98.6675 1.0000e-12  -73.87490 -118.72730  50.679587      99.79 1.5283e+03    839.359      20146  1030.1552  1030.1528     4.6806     0.0704     0.1178    34.3599    34.3571    8.07093         31 0.0000e+00
    541.000    534.710    -0.1018  28.717049    -0.0997  28.717015     5.0296     5.1969    -0.0056    98.6624 1.0000e-12  -73.87490 -118.72730  50.679601      99.78 1.5300e+03    840.547      20174  1030.1625  1030.1605     4.6804     0.0714     0.1184    34.3645    34.3621    8.06731         26 0.0000e+00
    542.000    535.696    -0.0952  28.724078    -0.0929  28.724536     5.0210     5.2005    -0.0033    98.6756 1.0000e-12  -73.87490 -118.72730  50.679613      99.80 1.5299e+03    841.544      20198  1030.1680  1030.1663     4.6810     0.0707     0.1177    34.3658    34.3639    8.06584         23 0.0000e+00
    543.000    536.685    -0.0922  28.727673    -0.0903  28.727633     5.0193     5.1993     0.0016    98.6701 1.0000e-12  -73.87490 -118.72730  50.679623      99.79 1.5299e+03    842.448      20220  1030.1734  1030.1715     4.6807     0.0704     0.1150    34.3666    34.3645    8.06517         21 0.0000e+00
    544.000    537.671    -0.0910  28.729169    -0.0890  28.729315     5.0215     5.2010    -0.0007    98.6657 1.0000e-12  -73.87490 -118.72730  50.679633      99.79 1.5282e+03    843.301      20240  1030.1783  1030.1765     4.6805     0.0709     0.1179    34.3667    34.3647    8.06492         20 0.0000e+00
    545.000    538.659    -0.0906  28.729861    -0.0888  28.729956     5.0220     5.1982     0.0022    98.6689 1.0000e-12  -73.87490 -118.72730  50.679644      99.79 1.5283e+03    844.240      20263  1030.1831  1030.1814     4.6807     0.0715     0.1184    34.3666    34.3646    8.06484         25 0.0000e+00
    546.000    539.645    -0.0865  28.734820    -0.0843  28.734803     5.0136     5.1964     0.0146    98.6733 1.0000e-12  -73.87490 -118.72730  50.679658      85.09 1.5288e+03    845.441      20292  1030.1887  1030.1866     4.6809     0.0695     0.1166    34.3679    34.3654    8.06388         31 0.0000e+00
    547.000    540.632    -0.0771  28.745191    -0.0748  28.745445     5.0133     5.1923     0.0138    98.6713 1.0000e-12  -73.87490 -118.72730  50.679672      85.32 1.5296e+03    846.659      20321  1030.1949  1030.1929     4.6808     0.0685     0.1168    34.3705    34.3683    8.06176         28 0.0000e+00
    548.000    541.620    -0.0728  28.750278    -0.0710  28.750253     4.9749     5.1698     0.0034    98.6620 1.0000e-12  -73.87490 -118.72730  50.679684      95.89 1.5301e+03    847.721      20346  1030.2005  1030.1988     4.6804     0.0714     0.1168    34.3719    34.3699    8.06078         24 0.0000e+00
    549.000    542.607    -0.0555  28.771146    -0.0528  28.770739     4.9885     5.1523    -0.0000    98.6624 1.0000e-12  -73.87490 -118.72730  50.679695      99.76 1.5302e+03    848.682      20369  1030.2100  1030.2069     4.6804     0.0726     0.1156    34.3795    34.3760    8.05671         22 0.0000e+00
    550.000    543.593     0.0021  28.833157     0.0045  28.832793     4.9721     5.1441     0.0030    98.6518 1.0000e-12  -73.87490 -118.72730  50.679706      99.79 1.5294e+03    849.573      20391  1030.2230  1030.2203     4.6799     0.0707     0.1196    34.3964    34.3933    8.04364         21 0.0000e+00
    551.000    544.581     0.0208  28.852113     0.0233  28.852383     4.9675     5.1404    -0.0036    98.6656 1.0000e-12  -73.87490 -118.72730  50.679716      99.79 1.5295e+03    850.461      20412  1030.2291  1030.2269     4.6805     0.0707     0.1185    34.3999    34.3974    8.03952         22 0.0000e+00
    552.000    545.568     0.0298  28.861962     0.0322  28.862009     4.9581     5.1312    -0.0037    98.6795 1.0000e-12  -73.87490 -118.72730  50.679728      99.79 1.5314e+03    851.532      20438  1030.2352  1030.2330     4.6812     0.0705     0.1156    34.4022    34.3996    8.03750         29 0.0000e+00
    553.000    546.555     0.0386  28.871523     0.0404  28.871222     4.9484     5.1297    -0.0032    98.6652 1.0000e-12  -73.87490 -118.72730  50.679743      99.80 1.5313e+03    852.769      20467  1030.2414  1030.2393     4.6805     0.0715     0.1197    34.4045    34.4019    8.03554         29 0.0000e+00
    554.000    547.542     0.0433  28.876880     0.0457  28.877475     4.9383     5.1250     0.0003    98.6816 1.0000e-12  -73.87490 -118.72730  50.679756      99.79 1.5297e+03    853.896      20495  1030.2470  1030.2453     4.6813     0.0717     0.1198    34.4057    34.4037    8.03448         25 0.0000e+00
    555.000    548.529     0.0476  28.882101     0.0496  28.882059     4.9616     5.1108     0.0198    98.6922 1.0000e-12  -73.87490 -118.72730  50.679768      99.79 1.5306e+03    854.914      20519  1030.2528  1030.2509     4.6818     0.0717     0.1148    34.4071    34.4048    8.03349         24 0.0000e+00
    556.000    549.515     0.0575  28.893751     0.0600  28.893710     4.9430     5.1033    -0.0031    98.6864 1.0000e-12  -73.87490 -118.72730  50.679779      99.79 1.5301e+03    855.921      20543  1030.2598  1030.2573     4.6815     0.0712     0.1187    34.4108    34.4079    8.03121         25 0.0000e+00
    557.000    550.504     0.0763  28.913827     0.0791  28.914444     4.9176     5.1021    -0.0020    98.6880 1.0000e-12  -73.87490 -118.72730  50.679792      99.79 1.5305e+03    856.995      20569  1030.2670  1030.2649     4.6816     0.0705     0.1147    34.4157    34.4134    8.02701         27 0.0000e+00
    558.000    551.488     0.0831  28.921604     0.0860  28.922257     4.9357     5.1013     0.0049    98.6983 1.0000e-12  -73.87490 -118.72730  50.679804      99.80 1.5320e+03    858.104      20596  1030.2730  1030.2709     4.6821     0.0701     0.1171    34.4177    34.4154    8.02547         27 0.0000e+00
    559.000    552.478     0.0946  28.934584     0.0971  28.934779     4.9214     5.1006    -0.0108    98.7040 1.0000e-12  -73.87490 -118.72730  50.679817      73.52 1.5321e+03    859.212      20622  1030.2798  1030.2777     4.6824     0.0675     0.1167    34.4213    34.4189    8.02285         26 0.0000e+00
    560.000    553.463     0.1036  28.944425     0.1059  28.944688     4.9287     5.0946     0.0050    98.6886 1.0000e-12  -73.87490 -118.72730  50.679830      95.88 1.5283e+03    860.284      20648  1030.2859  1030.2840     4.6816     0.0691     0.1149    34.4237    34.4215    8.02085         25 0.0000e+00
    561.000    554.453     0.1099  28.951288     0.1116  28.951135     4.9190     5.0937     0.0051    98.7155 1.0000e-12  -73.87490 -118.72730  50.679842      99.81 1.5290e+03    861.340      20673  1030.2915  1030.2896     4.6829     0.0713     0.1167    34.4251    34.4229    8.01945         25 0.0000e+00
    562.000    555.436     0.1117  28.953890     0.1142  28.954238     4.9177     5.0919     0.0053    98.7224 1.0000e-12  -73.87490 -118.72730  50.679854      99.80 1.5287e+03    862.423      20699  1030.2969  1030.2949     4.6832     0.0704     0.1169    34.4259    34.4236    8.01903         27 0.0000e+00
    563.000    556.425     0.1134  28.956010     0.1156  28.956151     4.9005     5.0845    -0.0130    98.7132 1.0000e-12  -73.87490 -118.72730  50.679867      99.79 1.5304e+03    863.501      20725  1030.3019  1030.3000     4.6828     0.0718     0.1206    34.4262    34.4240    8.01866         25 0.0000e+00
    564.000    557.411     0.1164  28.959731     0.1185  28.959711     4.9104     5.0811    -0.0115    98.7173 1.0000e-12  -73.87490 -118.72730  50.679879      99.79 1.5339e+03    864.533      20750  1030.3074  1030.3053     4.6830     0.0694     0.1153    34.4272    34.4248    8.01798         25 0.0000e+00
    565.000    558.399     0.1254  28.969878     0.1281  28.970410     4.9197     5.0797    -0.0038    98.7199 1.0000e-12  -73.87490 -118.72730  50.679891      99.80 1.5328e+03    865.593      20775  1030.3136  1030.3114     4.6831     0.0713     0.1163    34.4299    34.4276    8.01595         26 0.0000e+00
    566.000    559.386     0.1290  28.973746     0.1314  28.974367     4.9097     5.0851    -0.0019    98.7310 1.0000e-12  -73.87490 -118.72730  50.679904      99.80 1.5293e+03    866.706      20802  1030.3185  1030.3168     4.6837     0.0708     0.1174    34.4304    34.4285    8.01517         24 0.0000e+00
    567.000    560.373     0.1366  28.983062     0.1394  28.983728     4.9155     5.0730    -0.0035    98.7299 1.0000e-12  -73.87490 -118.72730  50.679916      99.79 1.5283e+03    867.775      20828  1030.3252  1030.3231     4.6836     0.0722     0.1162    34.4335    34.4313    8.01340         26 0.0000e+00
    568.000    561.360     0.1418  28.989083     0.1449  28.990118     4.9005     5.0745    -0.0024    98.7184 1.0000e-12  -73.87490 -118.72730  50.679929      99.79 1.5285e+03    868.829      20853  1030.3308  1030.3289     4.6830     0.0705     0.1152    34.4350    34.4329    8.01223         25 0.0000e+00
    569.000    562.348     0.1454  28.993438     0.1484  28.994453     4.8933     5.0709    -0.0023    98.7243 1.0000e-12  -73.87490 -118.72730  50.679941      99.80 1.5317e+03    869.924      20879  1030.3362  1030.3343     4.6833     0.0715     0.1147    34.4362    34.4341    8.01142         27 0.0000e+00
    570.000    563.334     0.1512  29.000263     0.1534  29.000347     4.8984     5.0766    -0.0170    98.7259 1.0000e-12  -73.87490 -118.72730  50.679954      98.96 1.5318e+03    871.017      20905  1030.3421  1030.3401     4.6834     0.0692     0.1150    34.4381    34.4357    8.01010         26 0.0000e+00
