ocean_section_plots/required_files/ctd/dnbp2202_ctd264.cnv
* Sea-Bird SBE 9 Data File:
* FileName = D:\Data\raw\NBP2202_CTD264.hex
* Software Version Seasave V 7.26.7.121
* Temperature SN = 1649
* Conductivity SN = 2513
* Number of Bytes Per Scan = 40
* Number of Voltage Words = 5
* Number of Scans Averaged by the Deck Unit = 1
* NMEA Latitude = 73 52.54 S
* NMEA Longitude = 118 44.62 W
* NMEA UTC (Time) = Feb 19 2022  17:30:13
* NMEA baud rate = 9600
** Ship: RVIB N.B. Palmer
** Cruise: NBP2202 Thwaites
** Station: 169
** Operator: A. Robinson
# nquan = 28
# nvalues = 541                         
# units = specified
# name 0 = prDM: Pressure, Digiquartz [db]
# name 1 = depSM: Depth [salt water, m]
# name 2 = t090C: Temperature [ITS-90, deg C]
# name 3 = c0mS/cm: Conductivity [mS/cm]
# name 4 = t190C: Temperature, 2 [ITS-90, deg C]
# name 5 = c1mS/cm: Conductivity, 2 [mS/cm]
# name 6 = sbeox0ML/L: Oxygen, SBE 43 [ml/l]
# name 7 = sbeox1ML/L: Oxygen, SBE 43, 2 [ml/l]
# name 8 = flECO-AFL: Fluorescence, WET Labs ECO-AFL/FL [mg/m^3]
# name 9 = CStarTr0: Beam Transmission, WET Labs C-Star [%]
# name 10 = par: PAR/Irradiance, Biospherical/Licor
# name 11 = latitude: Latitude [deg]
# name 12 = longitude: Longitude [deg]
# name 13 = timeJ: Julian Days
# name 14 = altM: Altimeter [m]
# name 15 = spar: SPAR, Biospherical/Licor
# name 16 = timeS: Time, Elapsed [seconds]
# name 17 = scan: Scan Count
# name 18 = density00: Density [density, kg/m^3]
# name 19 = density11: Density, 2 [density, kg/m^3]
# name 20 = v3: Voltage 3
# name 21 = v4: Voltage 4
# name 22 = v5: Voltage 5
# name 23 = sal00: Salinity, Practical [PSU]
# name 24 = sal11: Salinity, Practical, 2 [PSU]
# name 25 = oxsolML/L: Oxygen Saturation, Garcia & Gordon [ml/l]
# name 26 = nbin: number of scans per bin
# name 27 = flag: flag
# span 0 =      2.000,    542.000       
# span 1 =      1.977,    535.695       
# span 2 =    -1.6831,    -0.0551       
# span 3 =  27.000241,  28.627949       
# span 4 =    -1.6822,    -0.0534       
# span 5 =  27.001245,  28.628128       
# span 6 =     4.7614,     9.0762       
# span 7 =     5.2140,     9.3383       
# span 8 =    -0.0216,    11.0984       
# span 9 =    87.6040,    98.3275       
# span 10 = 1.0000e-12, 1.1285e+03      
# span 11 =  -73.87576,  -73.87574      
# span 12 = -118.74384, -118.74380      
# span 13 =  50.731149,  50.739129      
# span 14 =       3.62,     100.09      
# span 15 = 1.5756e+03, 1.6006e+03      
# span 16 =    158.248,    847.776      
# span 17 =       3799,      20348      
# span 18 =  1027.1246,  1030.1549      
# span 19 =  1027.1241,  1030.1534      
# span 20 =     4.1560,     4.6644      
# span 21 =     0.0646,     1.8005      
# span 22 =     0.1135,     0.2268      
# span 23 =    33.7578,    34.3442      
# span 24 =    33.7568,    34.3421      
# span 25 =    8.08435,    8.43374      
# span 26 =         10,         65      
# span 27 = 0.0000e+00, 0.0000e+00      
# interval = decibars: 1                
# start_time = Feb 19 2022 17:30:13 [NMEA time, header]
# bad_flag = -9.990e-29
*END*
[from data line 467]
    469.000    463.628    -0.3837  28.386647    -0.3819  28.386706     5.2134     5.3142    -0.0081    98.2422 1.0000e-12  -73.87576 -118.74382  50.737554      78.31 1.5995e+03    711.698      17082  1029.7765  1029.7748     4.6604     0.0677     0.1195    34.2841    34.2822    8.13177         22 0.0000e+00
    470.000    464.614    -0.3822  28.389160    -0.3802  28.389083     5.1310     5.3093    -0.0144    98.2367 1.0000e-12  -73.87576 -118.74382  50.737565      77.30 1.5970e+03    712.630      17104  1029.7821  1029.7801     4.6602     0.0676     0.1212    34.2852    34.2828    8.13139         23 0.0000e+00
    471.000    465.602    -0.3777  28.394404    -0.3754  28.394558     5.1490     5.3160    -0.0094    98.2379 1.0000e-12  -73.87576 -118.74382  50.737578      76.29 1.6004e+03    713.737      17131  1029.7878  1029.7857     4.6603     0.0692     0.1193    34.2866    34.2842    8.13036         31 0.0000e+00
    472.000    466.590    -0.3657  28.407564    -0.3633  28.407477     5.1307     5.2989    -0.0048    98.2438 1.0000e-12  -73.87576 -118.74382  50.737593      75.24 1.5990e+03    715.026      17162  1029.7945  1029.7920     4.6605     0.0665     0.1188    34.2901    34.2872    8.12759         30 0.0000e+00
    473.000    467.577    -0.3477  28.426834    -0.3450  28.426931     5.1005     5.2940    -0.0116    98.2291 1.0000e-12  -73.87576 -118.74382  50.737607      73.51 1.5966e+03    716.224      17190  1029.8018  1029.7992     4.6598     0.0661     0.1188    34.2950    34.2920    8.12347         27 0.0000e+00
    474.000    468.565    -0.3334  28.442555    -0.3294  28.444621     5.0871     5.2910     0.0013    98.2394 1.0000e-12  -73.87576 -118.74382  50.737619      73.43 1.5982e+03    717.288      17216  1029.8090  1029.8073     4.6603     0.0676     0.1207    34.2993    34.2975    8.12017         25 0.0000e+00
    475.000    469.551    -0.3244  28.452668    -0.3227  28.452396     5.2364     5.2933    -0.0032    98.2379 1.0000e-12  -73.87576 -118.74382  50.737631      72.41 1.5987e+03    718.275      17240  1029.8153  1029.8135     4.6603     0.0691     0.1193    34.3020    34.2998    8.11808         23 0.0000e+00
    476.000    470.540    -0.3261  28.451413    -0.3241  28.451526     5.1592     5.2863     0.0008    98.2511 1.0000e-12  -73.87576 -118.74382  50.737642      71.53 1.5986e+03    719.237      17263  1029.8202  1029.8185     4.6609     0.0682     0.1205    34.3016    34.2996    8.11847         23 0.0000e+00
    477.000    471.527    -0.3249  28.452936    -0.3231  28.452943     5.1057     5.2866    -0.0004    98.2400 1.0000e-12  -73.87576 -118.74382  50.737654      70.34 1.5990e+03    720.310      17288  1029.8251  1029.8234     4.6604     0.0675     0.1196    34.3017    34.2997    8.11821         28 0.0000e+00
    478.000    472.514    -0.3183  28.461170    -0.3160  28.460991     5.1072     5.2926    -0.0052    98.2491 1.0000e-12  -73.87576 -118.74382  50.737668      69.29 1.5994e+03    721.509      17317  1029.8319  1029.8294     4.6608     0.0682     0.1180    34.3048    34.3019    8.11664         29 0.0000e+00
    479.000    473.501    -0.3086  28.471448    -0.3067  28.471495     5.1038     5.2879    -0.0053    98.2484 1.0000e-12  -73.87576 -118.74382  50.737682      68.84 1.5981e+03    722.689      17346  1029.8377  1029.8360     4.6608     0.0671     0.1189    34.3069    34.3049    8.11444         27 0.0000e+00
    480.000    474.490    -0.3103  28.470203    -0.3071  28.471784     4.9985     5.2766     0.0085    98.2474 1.0000e-12  -73.87576 -118.74382  50.737694      67.67 1.5989e+03    723.803      17372  1029.8425  1029.8412     4.6607     0.0666     0.1193    34.3065    34.3051    8.11481         27 0.0000e+00
    481.000    475.476    -0.3009  28.481201    -0.2976  28.482126     5.3181     5.2842    -0.0079    98.2416 1.0000e-12  -73.87576 -118.74382  50.737708      66.65 1.5993e+03    724.933      17399  1029.8494  1029.8472     4.6605     0.0671     0.1185    34.3101    34.3076    8.11262         27 0.0000e+00
    482.000    476.462    -0.2915  28.490853    -0.2869  28.493721     5.1930     5.2748    -0.0012    98.2163 1.0000e-12  -73.87576 -118.74382  50.737720      65.36 1.5989e+03    725.994      17425  1029.8549  1029.8535     4.6592     0.0660     0.1170    34.3118    34.3105    8.11052         24 0.0000e+00
    483.000    477.452    -0.2907  28.492375    -0.2894  28.491797     4.7614     5.2665     0.0091    98.2198 1.0000e-12  -73.87576 -118.74382  50.737732      64.28 1.5980e+03    727.040      17450  1029.8601  1029.8582     4.6594     0.0670     0.1213    34.3123    34.3100    8.11031         27 0.0000e+00
    484.000    478.439    -0.2805  28.503472    -0.2786  28.503039     5.3274     5.2664    -0.0007    98.2539 1.0000e-12  -73.87576 -118.74382  50.737745      63.23 1.5989e+03    728.193      17478  1029.8663  1029.8641     4.6610     0.0671     0.1187    34.3151    34.3124    8.10800         28 0.0000e+00
    485.000    479.425    -0.2725  28.511663    -0.2708  28.511557     4.9741     5.2634    -0.0056    98.2560 1.0000e-12  -73.87576 -118.74382  50.737759      62.40 1.5988e+03    729.340      17505  1029.8716  1029.8699     4.6611     0.0657     0.1190    34.3164    34.3144    8.10622         27 0.0000e+00
    486.000    480.413    -0.2789  28.505526    -0.2751  28.507639     5.2496     5.2546    -0.0056    98.2556 1.0000e-12  -73.87576 -118.74382  50.737772      61.08 1.5989e+03    730.471      17532  1029.8758  1029.8744     4.6611     0.0650     0.1186    34.3148    34.3134    8.10767         28 0.0000e+00
    487.000    481.401    -0.2779  28.507148    -0.2737  28.509481     5.0157     5.2560    -0.0015    98.2614 1.0000e-12  -73.87576 -118.74382  50.737785      60.36 1.6001e+03    731.649      17561  1029.8809  1029.8793     4.6614     0.0652     0.1175    34.3153    34.3137    8.10743         29 0.0000e+00
    488.000    482.387    -0.2606  28.526351    -0.2604  28.524009     5.1207     5.2564     0.4588    98.2630 1.0000e-12  -73.87576 -118.74383  50.737799      59.22 1.5986e+03    732.865      17590  1029.8887  1029.8860     4.6615     0.0646     0.1188    34.3208    34.3174    8.10343         28 0.0000e+00
    489.000    483.375    -0.2616  28.524828    -0.2588  28.526036     5.1092     5.2557    -0.0068    98.2760 1.0000e-12  -73.87576 -118.74383  50.737812      58.18 1.5971e+03    733.999      17617  1029.8925  1029.8911     4.6621     0.0649     0.1175    34.3193    34.3178    8.10373         27 0.0000e+00
    490.000    484.362    -0.2644  28.522644    -0.2635  28.521729     5.1291     5.2632    -0.0188    98.2665 1.0000e-12  -73.87576 -118.74382  50.737825      57.16 1.5994e+03    735.088      17643  1029.8973  1029.8954     4.6616     0.0669     0.1184    34.3189    34.3167    8.10434         26 0.0000e+00
    491.000    485.349    -0.2655  28.521964    -0.2631  28.522389     4.8588     5.2592     0.0051    98.2714 1.0000e-12  -73.87576 -118.74382  50.737837      56.36 1.5983e+03    736.149      17669  1029.9020  1029.9001     4.6619     0.0658     0.1185    34.3187    34.3165    8.10459         24 0.0000e+00
    492.000    486.338    -0.2622  28.526279    -0.2606  28.525630     5.2716     5.2618    -0.0125    98.2642 1.0000e-12  -73.87576 -118.74382  50.737849      55.11 1.5956e+03    737.156      17693  1029.9076  1029.9054     4.6615     0.0654     0.1185    34.3201    34.3175    8.10381         25 0.0000e+00
    493.000    487.324    -0.2521  28.537407    -0.2485  28.539009     5.1612     5.2578    -0.0055    98.2660 1.0000e-12  -73.87576 -118.74382  50.737862      54.11 1.5978e+03    738.317      17721  1029.9139  1029.9121     4.6616     0.0664     0.1196    34.3230    34.3211    8.10150         30 0.0000e+00
    494.000    488.311    -0.2520  28.537927    -0.2495  28.538461     5.0154     5.2534    -0.0041    98.2575 1.0000e-12  -73.87576 -118.74383  50.737877      53.12 1.5990e+03    739.556      17750  1029.9188  1029.9169     4.6612     0.0670     0.1199    34.3230    34.3209    8.10148         30 0.0000e+00
    495.000    489.299    -0.2537  28.536103    -0.2516  28.536489     5.2237     5.2567    -0.0052    98.2268 1.0000e-12  -73.87576 -118.74383  50.737890      51.96 1.5975e+03    740.725      17778  1029.9228  1029.9212     4.6598     0.0669     0.1175    34.3219    34.3201    8.10190         26 0.0000e+00
    496.000    490.287    -0.2598  28.529622    -0.2574  28.530663     5.0386     5.2607    -0.0118    98.2763 1.0000e-12  -73.87576 -118.74383  50.737903      51.07 1.5998e+03    741.792      17804  1029.9263  1029.9250     4.6620     0.0670     0.1201    34.3195    34.3182    8.10333         26 0.0000e+00
    497.000    491.272    -0.2568  28.533715    -0.2552  28.533582     4.9918     5.2607    -0.0038    98.2579 1.0000e-12  -73.87576 -118.74383  50.737915      50.12 1.5992e+03    742.841      17829  1029.9319  1029.9302     4.6612     0.0667     0.1175    34.3210    34.3190    8.10261         23 0.0000e+00
    498.000    492.262    -0.2654  28.524718    -0.2634  28.525284     5.1344     5.2562     0.0047    98.2539 1.0000e-12  -73.87576 -118.74383  50.737926      49.10 1.5980e+03    743.821      17853  1029.9352  1029.9338     4.6610     0.0654     0.1204    34.3181    34.3166    8.10461         25 0.0000e+00
    499.000    493.248    -0.2650  28.525793    -0.2631  28.525938     5.1750     5.2600     0.0034    98.2659 1.0000e-12  -73.87576 -118.74383  50.737939      48.02 1.6000e+03    744.956      17880  1029.9401  1029.9384     4.6616     0.0663     0.1198    34.3184    34.3165    8.10449         29 0.0000e+00
    500.000    494.235    -0.2650  28.526078    -0.2631  28.526238     5.0490     5.2661    -0.0017    98.2582 1.0000e-12  -73.87576 -118.74382  50.737954      46.92 1.6004e+03    746.199      17910  1029.9447  1029.9431     4.6613     0.0665     0.1198    34.3183    34.3164    8.10452         30 0.0000e+00
    501.000    495.223    -0.2651  28.526243    -0.2633  28.526420     5.1143     5.2580    -0.0098    98.2827 1.0000e-12  -73.87576 -118.74384  50.737967      45.99 1.5979e+03    747.372      17938  1029.9493  1029.9477     4.6624     0.0661     0.1182    34.3180    34.3162    8.10455         27 0.0000e+00
    502.000    496.209    -0.2644  28.527633    -0.2629  28.527476     5.0780     5.2543    -0.0080    98.2768 1.0000e-12  -73.87576 -118.74382  50.737979      45.03 1.5988e+03    748.428      17963  1029.9543  1029.9527     4.6621     0.0659     0.1177    34.3184    34.3166    8.10437         24 0.0000e+00
    503.000    497.198    -0.2640  28.528266    -0.2629  28.527636     5.0367     5.2611    -0.0120    98.2602 1.0000e-12  -73.87576 -118.74383  50.737992      43.85 1.5991e+03    749.478      17988  1029.9588  1029.9571     4.6613     0.0671     0.1202    34.3183    34.3162    8.10430         27 0.0000e+00
    504.000    498.184    -0.2679  28.524083    -0.2647  28.525819     5.1696     5.2532     0.0069    98.2592 1.0000e-12  -73.87576 -118.74383  50.738005      42.88 1.5986e+03    750.670      18017  1029.9625  1029.9612     4.6613     0.0657     0.1196    34.3165    34.3152    8.10523         30 0.0000e+00
    505.000    499.172    -0.2735  28.519246    -0.2711  28.519802     5.1488     5.2667    -0.0046    98.2599 1.0000e-12  -73.87576 -118.74383  50.738020      41.85 1.5991e+03    751.959      18048  1029.9670  1029.9653     4.6613     0.0660     0.1193    34.3157    34.3138    8.10646         32 0.0000e+00
    506.000    500.158    -0.2778  28.516940    -0.2760  28.517170     5.0937     5.2784    -0.0107    98.2730 1.0000e-12  -73.87576 -118.74384  50.738036      40.78 1.5993e+03    753.283      18080  1029.9730  1029.9716     4.6619     0.0652     0.1187    34.3169    34.3152    8.10731         30 0.0000e+00
    507.000    501.146    -0.2913  28.505565    -0.2858  28.509272     5.1734     5.2850    -0.0071    98.2599 1.0000e-12  -73.87576 -118.74382  50.738050      39.95 1.5990e+03    754.505      18109  1029.9784  1029.9770     4.6613     0.0667     0.1169    34.3163    34.3150    8.11021         28 0.0000e+00
    508.000    502.135    -0.3014  28.496867    -0.2949  28.501613     5.1226     5.2924    -0.0045    98.2677 1.0000e-12  -73.87576 -118.74382  50.738064      38.69 1.5980e+03    755.685      18137  1029.9834  1029.9821     4.6617     0.0668     0.1193    34.3155    34.3145    8.11242         30 0.0000e+00
    509.000    503.121    -0.3027  28.496688    -0.2997  28.497865     5.1452     5.3015    -0.0034    98.2514 1.0000e-12  -73.87576 -118.74382  50.738080      37.68 1.5974e+03    757.095      18171  1029.9886  1029.9869     4.6609     0.0668     0.1185    34.3161    34.3144    8.11266         36 0.0000e+00
    510.000    504.108    -0.2955  28.505070    -0.2939  28.504478     5.1037     5.2807     0.0017    98.2736 1.0000e-12  -73.87576 -118.74382  50.738102      36.47 1.5960e+03    758.979      18216  1029.9945  1029.9924     4.6620     0.0665     0.1178    34.3186    34.3160    8.11098         37 0.0000e+00
    511.000    505.095    -0.2429  28.559073    -0.2468  28.551703     5.0832     5.2365    -0.0014    98.2470 1.0000e-12  -73.87576 -118.74382  50.738121      35.33 1.5971e+03    760.623      18256  1030.0043  1030.0003     4.6607     0.0656     0.1183    34.3308    34.3254    8.09911         35 0.0000e+00
    512.000    506.081    -0.1902  28.611943    -0.1893  28.610183     5.0410     5.2189     0.0013    98.2832 1.0000e-12  -73.87576 -118.74382  50.738140      34.24 1.5981e+03    762.275      18296  1030.0130  1030.0103     4.6624     0.0646     0.1164    34.3413    34.3380    8.08731         38 0.0000e+00
    513.000    507.070    -0.1841  28.618623    -0.1817  28.618885     5.1080     5.2174    -0.0014    98.2851 1.0000e-12  -73.87576 -118.74382  50.738164      33.32 1.5960e+03    764.396      18347  1030.0189  1030.0169     4.6625     0.0654     0.1185    34.3428    34.3404    8.08594         47 0.0000e+00
    514.000    508.058    -0.1802  28.623459    -0.1781  28.623438     5.0005     5.2168     0.0006    98.2779 1.0000e-12  -73.87576 -118.74382  50.738187      31.99 1.5938e+03    766.383      18394  1030.0249  1030.0229     4.6621     0.0658     0.1178    34.3442    34.3419    8.08504         37 0.0000e+00
    515.000    509.044    -0.1808  28.622788    -0.1782  28.623470     5.0512     5.2225     0.0074    98.2990 1.0000e-12  -73.87576 -118.74384  50.738208      30.71 1.5987e+03    768.203      18438  1030.0294  1030.0276     4.6631     0.0661     0.1180    34.3434    34.3414    8.08521         43 0.0000e+00
    516.000    510.033    -0.1803  28.623841    -0.1785  28.623650     5.1036     5.2178    -0.0117    98.2744 1.0000e-12  -73.87576 -118.74384  50.738230      29.91 1.5965e+03    770.106      18484  1030.0345  1030.0326     4.6620     0.0661     0.1182    34.3437    34.3414    8.08509         40 0.0000e+00
    517.000    511.019    -0.1811  28.623529    -0.1765  28.626039     5.0451     5.2140    -0.0012    98.2887 1.0000e-12  -73.87576 -118.74384  50.738254      28.38 1.5925e+03    772.167      18533  1030.0394  1030.0376     4.6627     0.0662     0.1181    34.3436    34.3417    8.08527         36 0.0000e+00
    518.000    512.005    -0.1770  28.627949    -0.1748  28.628128     5.0387     5.2181    -0.0040    98.2829 1.0000e-12  -73.87576 -118.74384  50.738277      27.48 1.5971e+03    774.156      18581  1030.0444  1030.0426     4.6624     0.0668     0.1172    34.3442    34.3421    8.08435         45 0.0000e+00
