ocean_section_plots/required_files/ctd/dnbp2202_ctd058.cnv
* Sea-Bird SBE 9 Data File:
* FileName = D:\Data\raw\NBP2202_CTD058.hex
* Software Version Seasave V 7.26.7.121
* Temperature SN = 1649
* Conductivity SN = 2513
* Number of Bytes Per Scan = 40
* Number of Voltage Words = 5
* Number of Scans Averaged by the Deck Unit = 1
* NMEA Latitude = 74 10.82 S
* NMEA Longitude = 111 42.87 W
* NMEA UTC (Time) = Jan 25 2022  07:45:47
* NMEA baud rate = 9600
** Ship: RVIB N.B. Palmer
** Cruise: NBP2202 Thwaites
** Station: Section Dotson C
** Operator: B.Bjork
# nquan = 25
# nvalues = 262                         
# units = specified
# name 0 = prDM: Pressure, Digiquartz [db]
# name 1 = depSM: Depth [salt water, m]
# name 2 = t090C: Temperature [ITS-90, deg C]
# name 3 = c0mS/cm: Conductivity [mS/cm]
# name 4 = t190C: Temperature, 2 [ITS-90, deg C]
# name 5 = c1mS/cm: Conductivity, 2 [mS/cm]
# name 6 = sbeox0ML/L: Oxygen, SBE 43 [ml/l]
# name 7 = sbeox1ML/L: Oxygen, SBE 43, 2 [ml/l]
# name 8 = flECO-AFL: Fluorescence, WET Labs ECO-AFL/FL [mg/m^3]
# name 9 = CStarTr0: Beam Transmission, WET Labs C-Star [%]
# name 10 = par: PAR/Irradiance, Biospherical/Licor
# name 11 = latitude: Latitude [deg]
# name 12 = longitude: Longitude [deg]
# name 13 = timeJ: Julian Days
# name 14 = altM: Altimeter [m]
# name 15 = spar: SPAR, Biospherical/Licor
# name 16 = timeS: Time, Elapsed [seconds]
# name 17 = scan: Scan Count
# name 18 = density00: Density [density, kg/m^3]
# name 19 = density11: Density, 2 [density, kg/m^3]
# name 20 = sal00: Salinity, Practical [PSU]
# name 21 = sal11: Salinity, Practical, 2 [PSU]
# name 22 = oxsolML/L: Oxygen Saturation, Garcia & Gordon [ml/l]
# name 23 = nbin: number of scans per bin
# name 24 = flag: flag
# span 0 =      2.000,    263.000       
# span 1 =      1.980,    260.109       
# span 2 =    -1.3892,    -1.0328       
# span 3 =  27.135526,  27.297944       
# span 4 =    -1.3896,    -0.9788       
# span 5 =  27.135705,  27.309074       
# span 6 =     6.1092,     7.9146       
# span 7 =     6.4206,     8.3157       
# span 8 =     0.0395,    16.2836       
# span 9 =    76.3762,    96.6652       
# span 10 = 1.0000e-12, 2.6117e+01      
# span 11 =  -74.18042,  -74.18042      
# span 12 = -111.71452, -111.71448      
# span 13 =  25.325914,  25.331324      
# span 14 =       7.52,      99.81      
# span 15 = 5.6318e+01, 6.5227e+01      
# span 16 =    211.938,    679.439      
# span 17 =       5088,      16308      
# span 18 =  1027.1752,  1028.6571      
# span 19 =  1027.1797,  1028.6562      
# span 20 =    33.7713,    34.0508      
# span 21 =    33.7774,    34.0492      
# span 22 =    8.30245,    8.37159      
# span 23 =         13,         52      
# span 24 = 0.0000e+00, 0.0000e+00      
# interval = decibars: 1                
# start_time = Jan 25 2022 07:45:47 [NMEA time, header]
# bad_flag = -9.990e-29
*END*
[from data line 174]
    176.000    174.104    -1.3889  27.204620    -1.3894  27.204138     6.1092     6.4206     0.3481    95.5760 1.0000e-12  -74.18042 -111.71452  25.329072      98.46 5.9555e+01    484.858      11638  1028.1996  1028.1995    33.9970    33.9969    8.36881         28 0.0000e+00
    177.000    175.093    -1.3879  27.206087    -1.3883  27.205669     6.1160     6.4291     0.3069    95.3663 1.0000e-12  -74.18042 -111.71452  25.329086      97.50 6.0465e+01    486.005      11665  1028.2044  1028.2044    33.9972    33.9971    8.36857         27 0.0000e+00
    178.000    176.082    -1.3882  27.207604    -1.3887  27.207130     6.1188     6.4261     0.2031    95.5496 1.0000e-12  -74.18042 -111.71452  25.329099      96.28 6.0669e+01    487.177      11693  1028.2107  1028.2106    33.9990    33.9989    8.36852         29 0.0000e+00
    179.000    177.070    -1.3879  27.210360    -1.3882  27.209750     6.1196     6.4301     0.2318    95.6492 1.0000e-12  -74.18042 -111.71452  25.329113      95.02 5.9625e+01    488.386      11722  1028.2178  1028.2174    34.0019    34.0014    8.36829         29 0.0000e+00
    180.000    178.060    -1.3843  27.215784    -1.3846  27.215190     6.1170     6.4323     0.2375    95.6836 1.0000e-12  -74.18042 -111.71452  25.329127      93.95 6.0117e+01    489.612      11752  1028.2246  1028.2242    34.0046    34.0041    8.36733         30 0.0000e+00
    181.000    179.047    -1.3825  27.219988    -1.3828  27.219618     6.1170     6.4300     0.1688    95.6723 1.0000e-12  -74.18042 -111.71452  25.329142      92.94 6.0696e+01    490.841      11781  1028.2318  1028.2316    34.0077    34.0075    8.36673         30 0.0000e+00
    182.000    180.037    -1.3821  27.221918    -1.3825  27.221474     6.1199     6.4357     0.2286    95.7581 1.0000e-12  -74.18042 -111.71452  25.329156      92.75 5.9709e+01    492.067      11811  1028.2378  1028.2377    34.0093    34.0091    8.36654         29 0.0000e+00
    183.000    181.026    -1.3822  27.223144    -1.3825  27.222811     6.1218     6.4332     0.2119    95.7115 1.0000e-12  -74.18042 -111.71452  25.329170      91.32 6.0119e+01    493.289      11840  1028.2435  1028.2435    34.0104    34.0104    8.36650         29 0.0000e+00
    184.000    182.015    -1.3821  27.224425    -1.3824  27.223967     6.1274     6.4375     0.2093    95.8092 1.0000e-12  -74.18042 -111.71452  25.329184      90.09 6.0422e+01    494.491      11869  1028.2492  1028.2489    34.0115    34.0112    8.36641         29 0.0000e+00
    185.000    183.004    -1.3818  27.226156    -1.3821  27.225856     6.1342     6.4402     0.1836    95.7325 1.0000e-12  -74.18042 -111.71452  25.329198      89.38 5.9427e+01    495.676      11897  1028.2551  1028.2551    34.0129    34.0128    8.36626         26 0.0000e+00
    186.000    183.992    -1.3815  27.228859    -1.3817  27.228347     6.1384     6.4430     0.2042    95.6963 1.0000e-12  -74.18042 -111.71452  25.329211      87.84 6.0253e+01    496.854      11926  1028.2621  1028.2618    34.0156    34.0152    8.36603         28 0.0000e+00
    187.000    184.981    -1.3822  27.229964    -1.3826  27.229459     6.1412     6.4501     0.3276    95.9259 1.0000e-12  -74.18042 -111.71452  25.329225      87.35 6.0121e+01    498.035      11954  1028.2684  1028.2682    34.0174    34.0171    8.36609         29 0.0000e+00
    188.000    185.970    -1.3833  27.230624    -1.3837  27.230222     6.1347     6.4503     0.2301    96.0995 1.0000e-12  -74.18042 -111.71452  25.329238      86.36 5.9873e+01    499.207      11982  1028.2745  1028.2744    34.0189    34.0188    8.36625         27 0.0000e+00
    189.000    186.958    -1.3840  27.231505    -1.3842  27.230976     6.1456     6.4528     0.1208    95.8946 1.0000e-12  -74.18042 -111.71450  25.329252      84.97 5.9633e+01    500.378      12010  1028.2804  1028.2800    34.0202    34.0198    8.36631         29 0.0000e+00
    190.000    187.948    -1.3849  27.232518    -1.3851  27.232094     6.1500     6.4611     0.1245    95.8375 1.0000e-12  -74.18042 -111.71450  25.329266      83.72 6.0275e+01    501.583      12039  1028.2868  1028.2865    34.0221    34.0217    8.36642         27 0.0000e+00
    191.000    188.937    -1.3862  27.233771    -1.3865  27.233284     6.1510     6.4630     0.0861    96.1670 1.0000e-12  -74.18042 -111.71450  25.329281      83.17 6.0197e+01    502.901      12071  1028.2937  1028.2934    34.0247    34.0243    8.36656         34 0.0000e+00
    192.000    189.924    -1.3862  27.234481    -1.3864  27.233982     6.1545     6.4658     0.1013    96.0153 1.0000e-12  -74.18042 -111.71450  25.329297      82.07 5.9131e+01    504.299      12104  1028.2988  1028.2984    34.0251    34.0246    8.36654         33 0.0000e+00
    193.000    190.913    -1.3857  27.236177    -1.3857  27.235908     6.1488     6.4680     0.1196    96.1677 1.0000e-12  -74.18042 -111.71450  25.329314      81.06 5.9318e+01    505.706      12138  1028.3044  1028.3041    34.0262    34.0258    8.36635         34 0.0000e+00
    194.000    191.903    -1.3848  27.238087    -1.3849  27.237695     6.1467     6.4631     0.0925    96.2464 1.0000e-12  -74.18042 -111.71450  25.329330      80.03 5.9585e+01    507.125      12172  1028.3100  1028.3096    34.0272    34.0267    8.36610         35 0.0000e+00
    195.000    192.891    -1.3845  27.238872    -1.3847  27.238335     6.1500     6.4623     0.0999    96.3151 1.0000e-12  -74.18042 -111.71450  25.329347      78.86 5.9009e+01    508.551      12206  1028.3149  1028.3144    34.0273    34.0267    8.36602         34 0.0000e+00
    196.000    193.879    -1.3836  27.240887    -1.3837  27.240481     6.1471     6.4581     0.1137    96.2234 1.0000e-12  -74.18042 -111.71450  25.329363      77.75 5.9334e+01    509.948      12240  1028.3205  1028.3201    34.0284    34.0279    8.36576         32 0.0000e+00
    197.000    194.868    -1.3821  27.243769    -1.3820  27.243373     6.1441     6.4517     0.0772    96.3695 1.0000e-12  -74.18042 -111.71450  25.329379      77.41 5.9566e+01    511.306      12272  1028.3265  1028.3259    34.0300    34.0293    8.36531         33 0.0000e+00
    198.000    195.857    -1.3816  27.245188    -1.3816  27.244814     6.1456     6.4586     0.1171    96.2585 1.0000e-12  -74.18042 -111.71450  25.329394      75.87 5.8608e+01    512.657      12305  1028.3319  1028.3315    34.0308    34.0303    8.36517         32 0.0000e+00
    199.000    196.846    -1.3819  27.245480    -1.3820  27.245007     6.1451     6.4609     0.0752    96.3567 1.0000e-12  -74.18042 -111.71450  25.329410      74.76 5.9461e+01    514.006      12337  1028.3368  1028.3364    34.0309    34.0303    8.36523         33 0.0000e+00
    200.000    197.834    -1.3810  27.247039    -1.3810  27.246651     6.1471     6.4594     0.0756    96.3552 1.0000e-12  -74.18042 -111.71450  25.329425      73.85 5.9497e+01    515.351      12369  1028.3419  1028.3415    34.0313    34.0308    8.36498         32 0.0000e+00
    201.000    198.822    -1.3798  27.248584    -1.3801  27.247979     6.1481     6.4613     0.0753    96.4795 1.0000e-12  -74.18042 -111.71450  25.329441      72.83 5.8282e+01    516.708      12402  1028.3469  1028.3464    34.0316    34.0311    8.36472         33 0.0000e+00
    202.000    199.811    -1.3804  27.248808    -1.3804  27.248446     6.1526     6.4566     0.0760    96.4102 1.0000e-12  -74.18042 -111.71450  25.329457      71.63 5.9338e+01    518.068      12435  1028.3519  1028.3515    34.0319    34.0314    8.36483         33 0.0000e+00
    203.000    200.801    -1.3804  27.249413    -1.3805  27.249009     6.1470     6.4613     0.0829    96.3716 1.0000e-12  -74.18042 -111.71450  25.329473      70.29 5.9441e+01    519.426      12467  1028.3569  1028.3565    34.0321    34.0317    8.36481         32 0.0000e+00
    204.000    201.789    -1.3804  27.249938    -1.3805  27.249473     6.1505     6.4673     0.0649    96.2969 1.0000e-12  -74.18042 -111.71450  25.329488      69.52 5.8548e+01    520.793      12500  1028.3618  1028.3613    34.0322    34.0317    8.36480         33 0.0000e+00
    205.000    202.777    -1.3806  27.251252    -1.3808  27.250684     6.1500     6.4699     0.0902    96.4350 1.0000e-12  -74.18042 -111.71450  25.329504      68.42 5.9273e+01    522.139      12532  1028.3678  1028.3673    34.0336    34.0330    8.36477         32 0.0000e+00
    206.000    203.767    -1.3821  27.251203    -1.3821  27.250763     6.1511     6.4671     0.0655    96.3703 1.0000e-12  -74.18042 -111.71450  25.329519      67.54 5.9387e+01    523.482      12565  1028.3735  1028.3730    34.0346    34.0340    8.36504         32 0.0000e+00
    207.000    204.755    -1.3818  27.251923    -1.3818  27.251348     6.1542     6.4686     0.0705    96.4135 1.0000e-12  -74.18042 -111.71450  25.329535      66.59 5.8812e+01    524.842      12597  1028.3783  1028.3776    34.0347    34.0339    8.36498         33 0.0000e+00
    208.000    205.744    -1.3817  27.252406    -1.3817  27.251895     6.1557     6.4665     0.0810    96.4432 1.0000e-12  -74.18042 -111.71450  25.329551      65.05 5.9144e+01    526.201      12630  1028.3830  1028.3824    34.0346    34.0339    8.36496         31 0.0000e+00
    209.000    206.734    -1.3818  27.252951    -1.3818  27.252417     6.1547     6.4645     0.0811    96.3469 1.0000e-12  -74.18042 -111.71450  25.329567      64.36 5.9428e+01    527.576      12663  1028.3879  1028.3873    34.0348    34.0341    8.36496         31 0.0000e+00
    210.000    207.720    -1.3818  27.253352    -1.3818  27.252890     6.1527     6.4591     0.0889    96.4593 1.0000e-12  -74.18042 -111.71450  25.329583      63.16 5.8798e+01    528.993      12697  1028.3927  1028.3922    34.0347    34.0342    8.36497         31 0.0000e+00
    211.000    208.708    -1.3822  27.253684    -1.3820  27.253227     6.1556     6.4662     0.0842    96.4904 1.0000e-12  -74.18042 -111.71450  25.329600      62.23 5.9257e+01    530.416      12731  1028.3977  1028.3971    34.0350    34.0342    8.36503         31 0.0000e+00
    212.000    209.699    -1.3827  27.253776    -1.3830  27.253268     6.1621     6.4661     0.0794    96.5030 1.0000e-12  -74.18042 -111.71450  25.329616      61.20 5.9276e+01    531.802      12764  1028.4026  1028.4023    34.0351    34.0347    8.36515         32 0.0000e+00
    213.000    210.687    -1.3834  27.254540    -1.3832  27.254039     6.1571     6.4669     0.0738    96.4976 1.0000e-12  -74.18042 -111.71450  25.329632      60.40 5.9191e+01    533.195      12798  1028.4084  1028.4077    34.0363    34.0355    8.36523         33 0.0000e+00
    214.000    211.675    -1.3828  27.255769    -1.3826  27.255402     6.1620     6.4681     0.1247    96.5766 1.0000e-12  -74.18042 -111.71450  25.329649      59.27 5.8472e+01    534.635      12832  1028.4135  1028.4129    34.0367    34.0360    8.36508         35 0.0000e+00
    215.000    212.664    -1.3822  27.256905    -1.3821  27.256508     6.1607     6.4755     0.1024    96.5087 1.0000e-12  -74.18042 -111.71450  25.329665      57.86 5.8984e+01    536.093      12867  1028.4185  1028.4179    34.0370    34.0364    8.36493         35 0.0000e+00
    216.000    213.655    -1.3821  27.257610    -1.3820  27.257285     6.1585     6.4795     0.0709    96.5356 1.0000e-12  -74.18042 -111.71450  25.329682      57.00 5.9163e+01    537.558      12902  1028.4234  1028.4230    34.0372    34.0367    8.36489         34 0.0000e+00
    217.000    214.641    -1.3814  27.259367    -1.3813  27.258848     6.1637     6.4758     0.0730    96.5304 1.0000e-12  -74.18042 -111.71450  25.329700      55.76 5.8180e+01    539.107      12940  1028.4290  1028.4283    34.0382    34.0374    8.36468         35 0.0000e+00
    218.000    215.630    -1.3810  27.260374    -1.3811  27.259798     6.1607     6.4761     0.1093    96.3868 1.0000e-12  -74.18042 -111.71451  25.329719      54.94 5.9209e+01    540.740      12979  1028.4341  1028.4334    34.0386    34.0378    8.36457         39 0.0000e+00
    219.000    216.618    -1.3805  27.261454    -1.3806  27.260969     6.1622     6.4741     0.0769    96.5511 1.0000e-12  -74.18042 -111.71452  25.329739      53.65 5.9100e+01    542.486      13021  1028.4390  1028.4385    34.0388    34.0382    8.36444         42 0.0000e+00
    220.000    217.607    -1.3805  27.262085    -1.3805  27.261609     6.1645     6.4707     0.0914    96.5700 1.0000e-12  -74.18042 -111.71452  25.329761      52.83 5.8157e+01    544.349      13065  1028.4440  1028.4435    34.0391    34.0384    8.36442         42 0.0000e+00
    221.000    218.596    -1.3809  27.262181    -1.3809  27.261627     6.1692     6.4713     0.0844    96.5314 1.0000e-12  -74.18042 -111.71452  25.329784      52.01 5.8449e+01    546.297      13112  1028.4488  1028.4482    34.0390    34.0383    8.36451         45 0.0000e+00
    222.000    219.585    -1.3815  27.262414    -1.3816  27.261804     6.1692     6.4737     0.0700    96.5674 1.0000e-12  -74.18042 -111.71452  25.329806      50.71 5.8675e+01    548.262      13159  1028.4540  1028.4534    34.0395    34.0386    8.36463         35 0.0000e+00
    223.000    220.572    -1.3823  27.262356    -1.3825  27.261618     6.1659     6.4766     0.0395    96.5855 1.0000e-12  -74.18042 -111.71452  25.329829      49.59 5.8159e+01    550.226      13206  1028.4589  1028.4583    34.0396    34.0389    8.36479         42 0.0000e+00
    224.000    221.562    -1.3820  27.263105    -1.3816  27.263065     6.1623     6.4764     0.0927    96.4592 1.0000e-12  -74.18042 -111.71452  25.329853      48.36 5.8175e+01    552.273      13256  1028.4637  1028.4633    34.0397    34.0391    8.36472         37 0.0000e+00
    225.000    222.550    -1.3821  27.263645    -1.3821  27.263128     6.1655     6.4771     0.0535    96.5282 1.0000e-12  -74.18042 -111.71452  25.329877      47.49 5.8175e+01    554.414      13307  1028.4687  1028.4682    34.0399    34.0392    8.36472         47 0.0000e+00
    226.000    223.539    -1.3824  27.264289    -1.3824  27.263585     6.1639     6.4775     0.0730    96.4902 1.0000e-12  -74.18042 -111.71452  25.329903      46.14 5.8175e+01    556.613      13360  1028.4740  1028.4733    34.0405    34.0395    8.36475         40 0.0000e+00
    227.000    224.527    -1.3813  27.266331    -1.3810  27.265851     6.1632     6.4774     0.0583    96.6077 1.0000e-12  -74.18042 -111.71452  25.329928      45.15 5.8175e+01    558.767      13411  1028.4795  1028.4787    34.0415    34.0405    8.36446         36 0.0000e+00
    228.000    225.516    -1.3807  27.267462    -1.3806  27.266961     6.1610     6.4783     0.0868    96.6208 1.0000e-12  -74.18042 -111.71452  25.329953      44.23 5.8175e+01    560.910      13463  1028.4845  1028.4838    34.0417    34.0409    8.36431         38 0.0000e+00
    229.000    226.504    -1.3806  27.268113    -1.3805  27.267692     6.1611     6.4787     0.1223    96.5786 1.0000e-12  -74.18042 -111.71452  25.329977      43.29 5.8175e+01    563.012      13513  1028.4894  1028.4888    34.0419    34.0411    8.36428         43 0.0000e+00
    230.000    227.493    -1.3804  27.268849    -1.3803  27.268305     6.1656     6.4798     0.0698    96.5946 1.0000e-12  -74.18042 -111.71452  25.330001      42.03 5.8175e+01    565.094      13563  1028.4943  1028.4936    34.0421    34.0412    8.36423         44 0.0000e+00
    231.000    228.481    -1.3793  27.270871    -1.3791  27.270471     6.1632     6.4801     0.0600    96.5617 1.0000e-12  -74.18042 -111.71452  25.330025      40.83 5.8175e+01    567.185      13613  1028.4998  1028.4991    34.0430    34.0422    8.36393         38 0.0000e+00
    232.000    229.471    -1.3786  27.272407    -1.3784  27.271908     6.1682     6.4796     0.0562    96.6057 1.0000e-12  -74.18042 -111.71452  25.330049      39.90 5.8175e+01    569.267      13663  1028.5050  1028.5043    34.0436    34.0427    8.36372         41 0.0000e+00
