ocean_section_plots/required_files/ctd/dnbp2202_ctd208.cnv
* Sea-Bird SBE 9 Data File:
* FileName = D:\Data\raw\NBP2202_CTD208.hex
* Software Version Seasave V 7.26.7.121
* Temperature SN = 1649
* Conductivity SN = 2513
* Number of Bytes Per Scan = 40
* Number of Voltage Words = 5
* Number of Scans Averaged by the Deck Unit = 1
* NMEA Latitude = 74 08.03 S
* NMEA Longitude = 113 25.06 W
* NMEA UTC (Time) = Feb 10 2022  08:56:12
* NMEA baud rate = 9600
** Ship: RVIB N.B. Palmer
** Cruise: NBP2202 Thwaites
** Station: Tow-Yo #3
** Operator: B. Bjork
# nquan = 28
# nvalues = 316                         
# units = specified
# name 0 = prDM: Pressure, Digiquartz [db]
# name 1 = depSM: Depth [salt water, m]
# name 2 = t090C: Temperature [ITS-90, deg C]
# name 3 = c0mS/cm: Conductivity [mS/cm]
# name 4 = t190C: Temperature, 2 [ITS-90, deg C]
# name 5 = c1mS/cm: Conductivity, 2 [mS/cm]
# name 6 = sbeox0ML/L: Oxygen, SBE 43 [ml/l]
# name 7 = sbeox1ML/L: Oxygen, SBE 43, 2 [ml/l]
# name 8 = flECO-AFL: Fluorescence, WET Labs ECO-AFL/FL [mg/m^3]
# name 9 = CStarTr0: Beam Transmission, WET Labs C-Star [%]
# name 10 = par: PAR/Irradiance, Biospherical/Licor
# name 11 = latitude: Latitude [deg]
# name 12 = longitude: Longitude [deg]
# name 13 = timeJ: Julian Days
# name 14 = altM: Altimeter [m]
# name 15 = spar: SPAR, Biospherical/Licor
# name 16 = timeS: Time, Elapsed [seconds]
# name 17 = scan: Scan Count
# name 18 = density00: Density [density, kg/m^3]
# name 19 = density11: Density, 2 [density, kg/m^3]
# name 20 = v3: Voltage 3
# name 21 = v4: Voltage 4
# name 22 = v5: Voltage 5
# name 23 = sal00: Salinity, Practical [PSU]
# name 24 = sal11: Salinity, Practical, 2 [PSU]
# name 25 = oxsolML/L: Oxygen Saturation, Garcia & Gordon [ml/l]
# name 26 = nbin: number of scans per bin
# name 27 = flag: flag
# span 0 =     10.000,    325.000       
# span 1 =      9.892,    321.381       
# span 2 =    -1.4537,    -0.4061       
# span 3 =  26.996244,  28.245191       
# span 4 =    -1.4528,    -0.4022       
# span 5 =  27.000035,  28.247407       
# span 6 =     4.9127,     8.6291       
# span 7 =     5.0703,     8.9603       
# span 8 =    -0.0163,    21.2853       
# span 9 =    77.0285,    97.8903       
# span 10 = 1.0000e-12, 1.4508e-01      
# span 11 =  -74.13492,  -74.13392      
# span 12 = -113.41734, -113.41052      
# span 13 =  41.372723,  41.378266      
# span 14 =       8.36,     100.93      
# span 15 = 2.1155e+01, 3.2358e+01      
# span 16 =     31.300,    510.158      
# span 17 =        752,      12245      
# span 18 =  1027.1933,  1029.0342      
# span 19 =  1027.1921,  1029.0328      
# span 20 =     3.6546,     4.6438      
# span 21 =     0.0648,     3.2042      
# span 22 =     0.1240,     0.2449      
# span 23 =    33.7510,    34.2066      
# span 24 =    33.7496,    34.2052      
# span 25 =    8.14100,    8.39272      
# span 26 =         22,         49      
# span 27 = 0.0000e+00, 0.0000e+00      
# interval = decibars: 1                
# start_time = Feb 10 2022 08:56:12 [NMEA time, header]
# bad_flag = -9.990e-29
*END*
[from data line 104]
    114.000    112.789    -1.4330  27.067347    -1.4319  27.067245     5.5993     5.7925     1.5100    93.5529 1.0000e-12  -74.13424 -113.41511  41.374626      99.79 2.9680e+01    195.672       4697  1027.8222  1027.8210     4.4377     0.5440     0.1432    33.8968    33.8953    8.38469         25 0.0000e+00
    115.000    113.778    -1.4303  27.070071    -1.4292  27.070076     5.6003     5.7915     1.6340    94.4716 1.0000e-12  -74.13424 -113.41509  41.374637      99.83 2.9242e+01    196.671       4721  1027.8269  1027.8258     4.4817     0.3335     0.1397    33.8968    33.8955    8.38408         24 0.0000e+00
    116.000    114.769    -1.4270  27.073580    -1.4262  27.073335     5.6016     5.7890     1.5114    95.1166 1.0000e-12  -74.13424 -113.41508  41.374649      99.83 3.1272e+01    197.678       4745  1027.8318  1027.8308     4.5123     0.3120     0.1373    33.8972    33.8960    8.38330         24 0.0000e+00
    117.000    115.756    -1.4224  27.078620    -1.4192  27.080268     5.5983     5.7835     1.0948    95.9437 1.0000e-12  -74.13424 -113.41507  41.374661      99.83 2.9840e+01    198.700       4770  1027.8372  1027.8360     4.5514     0.3303     0.1394    33.8983    33.8970    8.38220         25 0.0000e+00
    118.000    116.745    -1.4155  27.085118    -1.4144  27.085200     5.5904     5.7754     1.5077    94.3861 1.0000e-12  -74.13425 -113.41505  41.374673      99.83 2.9510e+01    199.706       4794  1027.8421  1027.8411     4.4782     0.3435     0.1349    33.8989    33.8977    8.38063         23 0.0000e+00
    119.000    117.736    -1.4122  27.089009    -1.4112  27.088666     5.5865     5.7660     1.1367    95.5065 1.0000e-12  -74.13426 -113.41504  41.374684      99.85 3.0878e+01    200.702       4818  1027.8475  1027.8462     4.5303     0.2634     0.1316    33.8998    33.8982    8.37982         25 0.0000e+00
    120.000    118.723    -1.4046  27.096905    -1.4026  27.097474     5.5838     5.7610     0.9869    95.2594 1.0000e-12  -74.13426 -113.41503  41.374696      99.84 2.9610e+01    201.722       4842  1027.8532  1027.8520     4.5190     0.2311     0.1297    33.9015    33.9000    8.37802         24 0.0000e+00
    121.000    119.712    -1.3965  27.104766    -1.3956  27.104689     5.5787     5.7622     1.2522    95.5154 1.0000e-12  -74.13426 -113.41501  41.374707      99.49 2.9382e+01    202.726       4866  1027.8584  1027.8574     4.5311     0.1913     0.1359    33.9024    33.9013    8.37613         24 0.0000e+00
    122.000    120.702    -1.3967  27.105262    -1.3956  27.105286     5.5821     5.7623     0.9885    96.5357 1.0000e-12  -74.13426 -113.41499  41.374719      99.71 3.1359e+01    203.726       4890  1027.8635  1027.8625     4.5795     0.1808     0.1367    33.9027    33.9015    8.37615         24 0.0000e+00
    123.000    121.692    -1.3958  27.106604    -1.3947  27.106501     5.5843     5.7609     0.8640    96.5925 1.0000e-12  -74.13426 -113.41498  41.374731      99.84 2.9686e+01    204.751       4915  1027.8685  1027.8674     4.5822     0.2459     0.1443    33.9029    33.9015    8.37595         25 0.0000e+00
    124.000    122.680    -1.3923  27.110423    -1.3910  27.110535     5.5915     5.7741     1.1046    96.6084 1.0000e-12  -74.13426 -113.41497  41.374743      99.85 2.9234e+01    205.771       4940  1027.8738  1027.8727     4.5830     0.1828     0.1350    33.9037    33.9023    8.37513         24 0.0000e+00
    125.000    123.670    -1.3953  27.108873    -1.3946  27.108595     5.6105     5.7950     1.2778    96.8394 1.0000e-12  -74.13426 -113.41496  41.374754      99.83 3.0860e+01    206.777       4964  1027.8794  1027.8784     4.5939     0.2850     0.1296    33.9043    33.9031    8.37576         24 0.0000e+00
    126.000    124.657    -1.4004  27.107230    -1.4008  27.106307     5.6246     5.8027     1.0220    96.7387 1.0000e-12  -74.13426 -113.41494  41.374766      99.83 2.9317e+01    207.804       4988  1027.8868  1027.8862     4.5891     0.2946     0.1371    33.9071    33.9063    8.37673         25 0.0000e+00
    127.000    125.648    -1.4056  27.104059    -1.4056  27.103392     5.6343     5.8060     0.6638    97.0320 1.0000e-12  -74.13426 -113.41492  41.374778      99.83 2.9160e+01    208.819       5013  1027.8928  1027.8920     4.6031     0.2639     0.1304    33.9081    33.9071    8.37785         24 0.0000e+00
    128.000    126.636    -1.4078  27.103225    -1.4070  27.103100     5.6360     5.8089     0.6979    96.3163 1.0000e-12  -74.13426 -113.41491  41.374790      99.85 3.0640e+01    209.819       5037  1027.8983  1027.8973     4.5692     0.1096     0.1270    33.9088    33.9076    8.37831         24 0.0000e+00
    129.000    127.625    -1.4082  27.103671    -1.4071  27.103752     5.6321     5.8087     0.7419    96.6320 1.0000e-12  -74.13427 -113.41489  41.374801      99.85 3.0251e+01    210.834       5061  1027.9034  1027.9025     4.5840     0.1332     0.1280    33.9092    33.9081    8.37836         25 0.0000e+00
    130.000    128.615    -1.4080  27.104494    -1.4069  27.104320     5.6263     5.8109     0.4652    97.1965 1.0000e-12  -74.13428 -113.41487  41.374813      99.85 2.9677e+01    211.851       5085  1027.9085  1027.9073     4.6108     0.1563     0.1282    33.9095    33.9081    8.37831         24 0.0000e+00
    131.000    129.603    -1.4075  27.105510    -1.4063  27.105485     5.6100     5.7898     0.4107    97.0896 1.0000e-12  -74.13428 -113.41486  41.374824      99.85 3.1050e+01    212.839       5109  1027.9134  1027.9122     4.6058     0.1065     0.1280    33.9097    33.9083    8.37817         24 0.0000e+00
    132.000    130.593    -1.4051  27.108321    -1.4041  27.107992     5.5940     5.7734     0.9625    97.2408 1.0000e-12  -74.13428 -113.41485  41.374836      99.85 3.0339e+01    213.850       5133  1027.9185  1027.9172     4.6129     0.1110     0.1283    33.9102    33.9087    8.37760         24 0.0000e+00
    133.000    131.581    -1.3957  27.117818    -1.3943  27.117632     5.5776     5.7712     0.5170    97.2661 1.0000e-12  -74.13428 -113.41484  41.374848      99.86 2.9820e+01    214.857       5158  1027.9242  1027.9226     4.6142     0.1213     0.1348    33.9120    33.9102    8.37539         24 0.0000e+00
    134.000    132.570    -1.3850  27.128562    -1.3830  27.128834     5.5561     5.7448     0.4498    97.4056 1.0000e-12  -74.13428 -113.41483  41.374859      98.36 3.0190e+01    215.855       5182  1027.9300  1027.9283     4.6207     0.1224     0.1324    33.9141    33.9121    8.37286         24 0.0000e+00
    135.000    133.559    -1.3734  27.139509    -1.3722  27.139387     5.5316     5.7222     0.4823    96.8007 1.0000e-12  -74.13428 -113.41481  41.374871      99.84 3.0601e+01    216.868       5206  1027.9351  1027.9338     4.5921     0.1107     0.1257    33.9153    33.9137    8.37018         25 0.0000e+00
    136.000    134.549    -1.3515  27.161048    -1.3484  27.162039     5.5219     5.7159     0.6129    96.9078 1.0000e-12  -74.13429 -113.41479  41.374883      99.86 2.9115e+01    217.877       5230  1027.9421  1027.9401     4.5971     0.1167     0.1327    33.9195    33.9173    8.36502         24 0.0000e+00
    137.000    135.538    -1.3245  27.187302    -1.3219  27.187925     5.5314     5.7136     0.6351    97.0805 1.0000e-12  -74.13430 -113.41478  41.374894      99.85 3.0097e+01    218.878       5254  1027.9492  1027.9474     4.6053     0.1323     0.1270    33.9243    33.9222    8.35867         24 0.0000e+00
    138.000    136.526    -1.3181  27.193894    -1.3167  27.193913     5.5369     5.7219     0.4302    97.4121 1.0000e-12  -74.13430 -113.41477  41.374906      99.86 3.0557e+01    219.896       5279  1027.9549  1027.9535     4.6210     0.1023     0.1278    33.9255    33.9239    8.35718         24 0.0000e+00
    139.000    137.514    -1.3142  27.198505    -1.3116  27.199514     5.5351     5.7266     0.2206    97.1928 1.0000e-12  -74.13430 -113.41476  41.374918      99.85 2.8840e+01    220.912       5303  1027.9607  1027.9592     4.6108     0.1388     0.1349    33.9268    33.9252    8.35622         24 0.0000e+00
    140.000    138.505    -1.3047  27.207800    -1.3045  27.206789     5.5416     5.7246     0.2465    97.2645 1.0000e-12  -74.13430 -113.41475  41.374929      99.85 2.9683e+01    221.905       5327  1027.9661  1027.9649     4.6140     0.1613     0.1310    33.9281    33.9265    8.35402         24 0.0000e+00
    141.000    139.494    -1.3090  27.204168    -1.3078  27.204110     5.5400     5.7298     0.3135    97.2350 1.0000e-12  -74.13430 -113.41473  41.374941      99.85 3.0751e+01    222.922       5351  1027.9709  1027.9696     4.6127     0.1276     0.1295    33.9274    33.9259    8.35502         25 0.0000e+00
    142.000    140.481    -1.2974  27.215822    -1.2928  27.218749     5.5318     5.7209     0.2723    97.3923 1.0000e-12  -74.13430 -113.41471  41.374953      99.85 2.9892e+01    223.942       5376  1027.9769  1027.9757     4.6201     0.1862     0.1278    33.9297    33.9285    8.35230         24 0.0000e+00
    143.000    141.472    -1.2796  27.233527    -1.2815  27.230203     5.5084     5.6971     0.2285    96.8424 1.0000e-12  -74.13430 -113.41470  41.374964      99.85 2.9308e+01    224.937       5399  1027.9836  1027.9818     4.5944     0.1526     0.1301    33.9331    33.9307    8.34811         24 0.0000e+00
    144.000    142.461    -1.2669  27.246412    -1.2652  27.246356     5.4925     5.6758     0.3439    97.3050 1.0000e-12  -74.13430 -113.41469  41.374976      99.86 3.1088e+01    225.953       5424  1027.9900  1027.9883     4.6157     0.1112     0.1291    33.9358    33.9338    8.34511         25 0.0000e+00
    145.000    143.450    -1.2482  27.265006    -1.2464  27.264909     5.4814     5.6638     0.5844    96.8870 1.0000e-12  -74.13430 -113.41467  41.374988      99.85 2.9393e+01    226.972       5448  1027.9968  1027.9950     4.5962     0.1468     0.1280    33.9395    33.9374    8.34071         24 0.0000e+00
    146.000    144.437    -1.2458  27.267270    -1.2441  27.267552     5.4657     5.6534     0.6387    97.1053 1.0000e-12  -74.13431 -113.41466  41.375000      99.85 2.9381e+01    227.966       5472  1028.0015  1028.0002     4.6065     0.1572     0.1326    33.9393    33.9378    8.34019         24 0.0000e+00
    147.000    145.428    -1.2420  27.271539    -1.2401  27.271796     5.4564     5.6497     0.4997    96.9203 1.0000e-12  -74.13432 -113.41465  41.375011      99.85 3.1273e+01    228.970       5496  1028.0071  1028.0056     4.5978     0.2285     0.1352    33.9402    33.9384    8.33930         24 0.0000e+00
    148.000    146.416    -1.2345  27.279133    -1.2331  27.278987     5.4446     5.6316     0.6565    96.8894 1.0000e-12  -74.13432 -113.41463  41.375023      99.85 3.0038e+01    229.983       5521  1028.0126  1028.0111     4.5960     0.1736     0.1341    33.9414    33.9397    8.33754         24 0.0000e+00
    149.000    147.405    -1.2338  27.280372    -1.2324  27.280275     5.4237     5.6184     0.8749    96.3513 1.0000e-12  -74.13432 -113.41461  41.375034      99.85 2.9531e+01    230.975       5544  1028.0179  1028.0164     4.5710     0.1731     0.1299    33.9418    33.9400    8.33737         24 0.0000e+00
    150.000    148.393    -1.2228  27.291875    -1.2193  27.293459     5.4164     5.6110     0.7547    96.3161 1.0000e-12  -74.13432 -113.41460  41.375046      99.85 3.1244e+01    231.995       5569  1028.0244  1028.0227     4.5691     0.1844     0.1355    33.9445    33.9426    8.33476         24 0.0000e+00
    151.000    149.384    -1.2118  27.302989    -1.2104  27.302765     5.4189     5.6061     0.8631    96.6567 1.0000e-12  -74.13432 -113.41459  41.375058      99.85 2.9250e+01    233.007       5593  1028.0304  1028.0288     4.5852     0.1541     0.1336    33.9466    33.9447    8.33218         25 0.0000e+00
    152.000    150.371    -1.2116  27.303705    -1.2102  27.303597     5.4277     5.6096     1.3405    96.5457 1.0000e-12  -74.13432 -113.41457  41.375069      99.85 2.9235e+01    234.006       5617  1028.0354  1028.0340     4.5800     0.1883     0.1337    33.9467    33.9450    8.33212         24 0.0000e+00
    153.000    151.362    -1.2114  27.304242    -1.2103  27.303895     5.4351     5.6106     1.1637    96.9996 1.0000e-12  -74.13434 -113.41456  41.375081      99.84 3.1299e+01    235.025       5642  1028.0404  1028.0389     4.6014     0.2369     0.1316    33.9466    33.9448    8.33209         24 0.0000e+00
    154.000    152.349    -1.2134  27.303201    -1.2125  27.302813     5.4408     5.6092     0.5936    96.8820 1.0000e-12  -74.13434 -113.41454  41.375093      99.84 3.0393e+01    236.041       5666  1028.0456  1028.0443     4.5960     0.2569     0.1303    33.9468    33.9452    8.33252         25 0.0000e+00
    155.000    153.339    -1.2154  27.302372    -1.2142  27.302143     5.4416     5.6199     0.6729    96.9548 1.0000e-12  -74.13434 -113.41452  41.375105      99.85 2.8748e+01    237.046       5690  1028.0510  1028.0497     4.5994     0.2084     0.1369    33.9473    33.9457    8.33293         24 0.0000e+00
    156.000    154.328    -1.2157  27.302808    -1.2145  27.302442     5.4443     5.6245     1.1017    96.9182 1.0000e-12  -74.13434 -113.41450  41.375117      99.85 3.2049e+01    238.069       5715  1028.0563  1028.0547     4.5977     0.1472     0.1326    33.9476    33.9458    8.33298         24 0.0000e+00
    157.000    155.315    -1.2150  27.303924    -1.2138  27.303578     5.4477     5.6249     0.4744    96.9740 1.0000e-12  -74.13434 -113.41450  41.375128      99.85 3.1730e+01    239.091       5739  1028.0612  1028.0597     4.6003     0.1794     0.1345    33.9478    33.9459    8.33282         25 0.0000e+00
    158.000    156.306    -1.2155  27.303928    -1.2142  27.303805     5.4432     5.6241     0.3966    96.7956 1.0000e-12  -74.13434 -113.41448  41.375140      99.85 2.9766e+01    240.095       5763  1028.0661  1028.0648     4.5920     0.0957     0.1329    33.9477    33.9461    8.33294         24 0.0000e+00
    159.000    157.294    -1.2156  27.304429    -1.2142  27.304240     5.4483     5.6254     0.3647    97.1332 1.0000e-12  -74.13434 -113.41446  41.375152      99.70 3.1381e+01    241.114       5788  1028.0711  1028.0696     4.6077     0.2669     0.1363    33.9479    33.9461    8.33295         24 0.0000e+00
    160.000    158.284    -1.2160  27.304693    -1.2146  27.304476     5.4614     5.6307     0.4083    96.5542 1.0000e-12  -74.13434 -113.41446  41.375164      99.81 3.0614e+01    242.126       5812  1028.0761  1028.0746     4.5804     0.2548     0.1388    33.9480    33.9462    8.33302         24 0.0000e+00
    161.000    159.271    -1.2168  27.304624    -1.2159  27.304264     5.4751     5.6500     0.5089    96.4754 1.0000e-12  -74.13434 -113.41444  41.375175      99.85 2.9760e+01    243.122       5836  1028.0812  1028.0800     4.5767     0.1860     0.1301    33.9482    33.9468    8.33319         25 0.0000e+00
    162.000    160.260    -1.2198  27.304037    -1.2184  27.303891     5.4772     5.6583     0.5583    96.8395 1.0000e-12  -74.13434 -113.41442  41.375187      99.85 3.1772e+01    244.129       5860  1028.0878  1028.0863     4.5939     0.1591     0.1328    33.9503    33.9484    8.33375         24 0.0000e+00
    163.000    161.251    -1.2196  27.305321    -1.2186  27.305115     5.4836     5.6592     0.4631    96.7379 1.0000e-12  -74.13436 -113.41442  41.375198      99.85 3.0638e+01    245.139       5884  1028.0934  1028.0922     4.5893     0.1426     0.1296    33.9512    33.9497    8.33365         24 0.0000e+00
    164.000    162.238    -1.2192  27.307595    -1.2178  27.307462     5.4826     5.6523     0.3591    97.2684 1.0000e-12  -74.13436 -113.41440  41.375210      99.85 2.9974e+01    246.138       5908  1028.0998  1028.0983     4.6141     0.1304     0.1313    33.9532    33.9514    8.33344         24 0.0000e+00
