ocean_section_plots/required_files/ctd/dnbp2202_ctd190.cnv
* Sea-Bird SBE 9 Data File:
* FileName = D:\Data\raw\NBP2202_CTD190.hex
* Software Version Seasave V 7.26.7.121
* Temperature SN = 1649
* Conductivity SN = 2513
* Number of Bytes Per Scan = 40
* Number of Voltage Words = 5
* Number of Scans Averaged by the Deck Unit = 1
* NMEA Latitude = 74 10.23 S
* NMEA Longitude = 113 17.96 W
* NMEA UTC (Time) = Feb 07 2022  09:49:35
* NMEA baud rate = 9600
** Ship: RVIB N.B. Palmer
** Cruise: NBP2202 Thwaites
** Station: 111
** Operator: B Bjork
# nquan = 28
# nvalues = 696                         
# units = specified
# name 0 = prDM: Pressure, Digiquartz [db]
# name 1 = depSM: Depth [salt water, m]
# name 2 = t090C: Temperature [ITS-90, deg C]
# name 3 = c0mS/cm: Conductivity [mS/cm]
# name 4 = t190C: Temperature, 2 [ITS-90, deg C]
# name 5 = c1mS/cm: Conductivity, 2 [mS/cm]
# name 6 = sbeox0ML/L: Oxygen, SBE 43 [ml/l]
# name 7 = sbeox1ML/L: Oxygen, SBE 43, 2 [ml/l]
# name 8 = flECO-AFL: Fluorescence, WET Labs ECO-AFL/FL [mg/m^3]
# name 9 = CStarTr0: Beam Transmission, WET Labs C-Star [%]
# name 10 = par: PAR/Irradiance, Biospherical/Licor
# name 11 = latitude: Latitude [deg]
# name 12 = longitude: Longitude [deg]
# name 13 = timeJ: Julian Days
# name 14 = altM: Altimeter [m]
# name 15 = spar: SPAR, Biospherical/Licor
# name 16 = timeS: Time, Elapsed [seconds]
# name 17 = scan: Scan Count
# name 18 = density00: Density [density, kg/m^3]
# name 19 = density11: Density, 2 [density, kg/m^3]
# name 20 = v3: Voltage 3
# name 21 = v4: Voltage 4
# name 22 = v5: Voltage 5
# name 23 = sal00: Salinity, Practical [PSU]
# name 24 = sal11: Salinity, Practical, 2 [PSU]
# name 25 = oxsolML/L: Oxygen Saturation, Garcia & Gordon [ml/l]
# name 26 = nbin: number of scans per bin
# name 27 = flag: flag
# span 0 =      2.000,    697.000       
# span 1 =      1.977,    688.630       
# span 2 =    -1.5661,     0.1722       
# span 3 =  26.900176,  29.056827       
# span 4 =    -1.5644,     0.1743       
# span 5 =  26.900137,  29.057214       
# span 6 =     4.6782,     8.7029       
# span 7 =     4.7652,     8.9456       
# span 8 =    -0.0211,    26.1135       
# span 9 =    75.1091,    98.2513       
# span 10 = -1.350e-05, 1.2584e+01      
# span 11 =  -74.17052,  -74.17050      
# span 12 = -113.29950, -113.29944      
# span 13 =  38.412091,  38.421425      
# span 14 =       7.42,     100.25      
# span 15 = 3.7017e+01, 4.8271e+01      
# span 16 =    229.672,   1036.099      
# span 17 =       5513,      24867      
# span 18 =  1027.1721,  1030.9208      
# span 19 =  1027.1709,  1030.9187      
# span 20 =     3.5637,     4.6609      
# span 21 =     0.0638,     3.5788      
# span 22 =     0.1193,     0.2563      
# span 23 =    33.7777,    34.4169      
# span 24 =    33.7763,    34.4145      
# span 25 =    8.00690,    8.41814      
# span 26 =         13,         49      
# span 27 = 0.0000e+00, 0.0000e+00      
# interval = decibars: 1                
# start_time = Feb 07 2022 09:49:35 [NMEA time, header]
# bad_flag = -9.990e-29
*END*
[from data line 415]
    417.000    412.269    -0.1646  28.550623    -0.1623  28.550562     4.7728     4.8861    -0.0137    97.6412 1.0000e-12  -74.17050 -113.29948  38.417612      99.93 4.4072e+01    706.677      16961  1029.5211  1029.5189     4.6320     0.0699     0.1387    34.2876    34.2850    8.08494         28 0.0000e+00
    418.000    413.256    -0.1644  28.551314    -0.1621  28.551237     4.7801     4.8854    -0.0181    97.6467 1.0000e-12  -74.17050 -113.29947  38.417625      99.93 4.4072e+01    707.843      16989  1029.5260  1029.5238     4.6322     0.0705     0.1397    34.2877    34.2851    8.08490         28 0.0000e+00
    419.000    414.244    -0.1638  28.552502    -0.1609  28.553067     4.7766     4.8868    -0.0148    97.6266 1.0000e-12  -74.17050 -113.29947  38.417639      99.39 4.4072e+01    708.999      17017  1029.5310  1029.5287     4.6313     0.0689     0.1411    34.2881    34.2855    8.08476         27 0.0000e+00
    420.000    415.231    -0.1614  28.555539    -0.1590  28.555477     4.7715     4.8849    -0.0103    97.6315 1.0000e-12  -74.17050 -113.29946  38.417652      99.93 4.4072e+01    710.095      17043  1029.5361  1029.5338     4.6315     0.0706     0.1398    34.2888    34.2860    8.08420         26 0.0000e+00
    421.000    416.219    -0.1595  28.558179    -0.1573  28.557907     4.7731     4.8850    -0.0115    97.6447 1.0000e-12  -74.17050 -113.29946  38.417664      99.92 4.4072e+01    711.206      17070  1029.5414  1029.5389     4.6321     0.0698     0.1391    34.2896    34.2867    8.08376         27 0.0000e+00
    422.000    417.207    -0.1573  28.561035    -0.1552  28.560819     4.7740     4.8832    -0.0095    97.6487 1.0000e-12  -74.17050 -113.29946  38.417678      99.93 4.4072e+01    712.366      17098  1029.5465  1029.5442     4.6324     0.0689     0.1383    34.2903    34.2876    8.08325         28 0.0000e+00
    423.000    418.194    -0.1532  28.566613    -0.1515  28.565718     4.7640     4.8732    -0.0136    97.6447 1.0000e-12  -74.17050 -113.29946  38.417691      99.93 4.4072e+01    713.494      17125  1029.5526  1029.5501     4.6321     0.0696     0.1370    34.2925    34.2894    8.08225         27 0.0000e+00
    424.000    419.183    -0.1422  28.579529    -0.1395  28.579501     4.7728     4.8750    -0.0045    97.6475 1.0000e-12  -74.17050 -113.29946  38.417704      99.92 4.4072e+01    714.619      17152  1029.5599  1029.5573     4.6323     0.0699     0.1383    34.2968    34.2937    8.07970         27 0.0000e+00
    425.000    420.170    -0.1371  28.585118    -0.1353  28.584477     4.7676     4.8794    -0.0034    97.6582 1.0000e-12  -74.17050 -113.29946  38.417717      99.93 4.4072e+01    715.762      17179  1029.5652  1029.5628     4.6328     0.0691     0.1407    34.2979    34.2950    8.07855         27 0.0000e+00
    426.000    421.156    -0.1355  28.587423    -0.1332  28.587162     4.7722     4.8821    -0.0119    97.6434 1.0000e-12  -74.17050 -113.29946  38.417730      99.93 4.4072e+01    716.854      17205  1029.5704  1029.5679     4.6321     0.0716     0.1406    34.2985    34.2956    8.07818         26 0.0000e+00
    427.000    422.146    -0.1319  28.591588    -0.1297  28.591434     4.7680     4.8792    -0.0118    97.6314 1.0000e-12  -74.17050 -113.29946  38.417742      99.92 4.4072e+01    717.950      17232  1029.5756  1029.5733     4.6315     0.0697     0.1395    34.2994    34.2967    8.07736         27 0.0000e+00
    428.000    423.132    -0.1296  28.594709    -0.1274  28.594406     4.7694     4.8836    -0.0107    97.6539 1.0000e-12  -74.17050 -113.29946  38.417756      99.92 4.4072e+01    719.115      17260  1029.5809  1029.5785     4.6326     0.0693     0.1396    34.3003    34.2975    8.07681         29 0.0000e+00
    429.000    424.120    -0.1289  28.595833    -0.1268  28.595746     4.7677     4.8833    -0.0130    97.6543 1.0000e-12  -74.17050 -113.29946  38.417769      99.93 4.4072e+01    720.274      17288  1029.5858  1029.5837     4.6326     0.0698     0.1383    34.3004    34.2980    8.07665         26 0.0000e+00
    430.000    425.108    -0.1291  28.596342    -0.1268  28.596236     4.7700     4.8739    -0.0119    97.6459 1.0000e-12  -74.17050 -113.29946  38.417782      80.73 4.4072e+01    721.399      17315  1029.5908  1029.5885     4.6322     0.0680     0.1373    34.3007    34.2981    8.07668         28 0.0000e+00
    431.000    426.096    -0.1291  28.596667    -0.1270  28.596587     4.7659     4.8711    -0.0119    97.6413 1.0000e-12  -74.17050 -113.29946  38.417796      92.13 4.4072e+01    722.549      17342  1029.5955  1029.5934     4.6320     0.0684     0.1403    34.3006    34.2981    8.07669         28 0.0000e+00
    432.000    427.084    -0.1294  28.597034    -0.1273  28.596877     4.7702     4.8768    -0.0111    97.6492 1.0000e-12  -74.17050 -113.29946  38.417809      99.80 4.4072e+01    723.670      17369  1029.6005  1029.5983     4.6323     0.0690     0.1385    34.3009    34.2983    8.07674         26 0.0000e+00
    433.000    428.070    -0.1300  28.597273    -0.1279  28.597062     4.7719     4.8760    -0.0038    97.6523 1.0000e-12  -74.17050 -113.29946  38.417821      99.93 4.4072e+01    724.772      17396  1029.6056  1029.6034     4.6325     0.0691     0.1406    34.3012    34.2986    8.07685         27 0.0000e+00
    434.000    429.059    -0.1302  28.597655    -0.1280  28.597602     4.7691     4.8712    -0.0026    97.6448 1.0000e-12  -74.17050 -113.29946  38.417835      99.92 4.4072e+01    725.907      17423  1029.6105  1029.6084     4.6321     0.0712     0.1398    34.3014    34.2989    8.07688         27 0.0000e+00
    435.000    430.045    -0.1302  28.598286    -0.1279  28.598206     4.7718     4.8683    -0.0036    97.6380 1.0000e-12  -74.17050 -113.29947  38.417848      99.92 4.4072e+01    727.046      17450  1029.6155  1029.6132     4.6318     0.0693     0.1408    34.3016    34.2990    8.07687         27 0.0000e+00
    436.000    431.032    -0.1296  28.599675    -0.1273  28.599491     4.7713     4.8753    -0.0115    97.6237 1.0000e-12  -74.17050 -113.29946  38.417861      99.92 4.4072e+01    728.166      17477  1029.6206  1029.6183     4.6311     0.0695     0.1417    34.3022    34.2994    8.07671         27 0.0000e+00
    437.000    432.023    -0.1291  28.600836    -0.1270  28.600695     4.7667     4.8757    -0.0185    97.6118 1.0000e-12  -74.17050 -113.29948  38.417874      99.93 4.4072e+01    729.322      17505  1029.6257  1029.6235     4.6306     0.0701     0.1414    34.3026    34.3001    8.07659         28 0.0000e+00
    438.000    433.008    -0.1294  28.600932    -0.1273  28.601011     4.7708     4.8763    -0.0032    97.6246 1.0000e-12  -74.17050 -113.29948  38.417887      99.92 4.4072e+01    730.451      17532  1029.6304  1029.6284     4.6311     0.0701     0.1417    34.3025    34.3002    8.07666         27 0.0000e+00
    439.000    433.996    -0.1295  28.601437    -0.1273  28.601392     4.7703     4.8775    -0.0105    97.6255 1.0000e-12  -74.17050 -113.29948  38.417900      99.93 4.4072e+01    731.531      17558  1029.6353  1029.6331     4.6312     0.0681     0.1416    34.3027    34.3001    8.07667         25 0.0000e+00
    440.000    434.984    -0.1279  28.605160    -0.1259  28.604442     4.7686     4.8776    -0.0111    97.6303 1.0000e-12  -74.17050 -113.29948  38.417913      99.93 4.4072e+01    732.652      17585  1029.6419  1029.6392     4.6314     0.0703     0.1436    34.3052    34.3020    8.07618         28 0.0000e+00
    441.000    435.972    -0.1261  28.607894    -0.1245  28.607077     4.7703     4.8776    -0.0126    97.5988 1.0000e-12  -74.17050 -113.29948  38.417926      99.92 4.4662e+01    733.797      17612  1029.6474  1029.6449     4.6299     0.0706     0.1404    34.3063    34.3033    8.07575         27 0.0000e+00
    442.000    436.959    -0.1243  28.611137    -0.1221  28.611150     4.7727     4.8784    -0.0115    97.5760 1.0000e-12  -74.17050 -113.29948  38.417939      91.20 4.4072e+01    734.917      17639  1029.6533  1029.6512     4.6289     0.0692     0.1417    34.3079    34.3055    8.07527         27 0.0000e+00
    443.000    437.947    -0.1242  28.611679    -0.1217  28.611963     4.7714     4.8773    -0.0190    97.5862 1.0000e-12  -74.17050 -113.29946  38.417952      94.64 4.4516e+01    736.072      17667  1029.6580  1029.6560     4.6293     0.0688     0.1405    34.3079    34.3056    8.07524         28 0.0000e+00
    444.000    438.933    -0.1235  28.613149    -0.1213  28.613035     4.7721     4.8790    -0.0138    97.5933 1.0000e-12  -74.17050 -113.29948  38.417966     100.04 4.5197e+01    737.234      17695  1029.6632  1029.6609     4.6297     0.0697     0.1398    34.3085    34.3059    8.07507         27 0.0000e+00
    445.000    439.921    -0.1232  28.613838    -0.1211  28.613831     4.7674     4.8720    -0.0011    97.5663 1.0000e-12  -74.17050 -113.29946  38.417979      99.93 4.4064e+01    738.342      17721  1029.6679  1029.6659     4.6284     0.0699     0.1403    34.3085    34.3061    8.07501         27 0.0000e+00
    446.000    440.909    -0.1225  28.615381    -0.1205  28.614995     4.7707     4.8739    -0.0066    97.5741 1.0000e-12  -74.17050 -113.29947  38.417991      99.93 4.4321e+01    739.466      17748  1029.6731  1029.6707     4.6288     0.0708     0.1429    34.3091    34.3064    8.07482         28 0.0000e+00
    447.000    441.896    -0.1202  28.618438    -0.1180  28.618426     4.7755     4.8792    -0.0167    97.5693 1.0000e-12  -74.17050 -113.29947  38.418005      99.92 4.5184e+01    740.628      17776  1029.6783  1029.6762     4.6286     0.0703     0.1423    34.3100    34.3076    8.07428         27 0.0000e+00
    448.000    442.884    -0.1185  28.621057    -0.1163  28.620914     4.7725     4.8779    -0.0107    97.5362 1.0000e-12  -74.17050 -113.29947  38.418018      99.92 4.4080e+01    741.742      17803  1029.6837  1029.6815     4.6270     0.0693     0.1409    34.3110    34.3084    8.07387         27 0.0000e+00
    449.000    443.872    -0.1151  28.625471    -0.1133  28.624888     4.7699     4.8737    -0.0077    97.5501 1.0000e-12  -74.17050 -113.29946  38.418031      99.93 4.4396e+01    742.865      17830  1029.6893  1029.6870     4.6276     0.0693     0.1418    34.3125    34.3097    8.07307         27 0.0000e+00
    450.000    444.859    -0.1095  28.632276    -0.1076  28.631629     4.7659     4.8676    -0.0058    97.5349 1.0000e-12  -74.17051 -113.29946  38.418044      99.92 4.5190e+01    744.012      17857  1029.6953  1029.6928     4.6269     0.0686     0.1425    34.3146    34.3116    8.07176         27 0.0000e+00
    451.000    445.845    -0.1028  28.639851    -0.1005  28.639719     4.7603     4.8713    -0.0116    97.5443 1.0000e-12  -74.17052 -113.29946  38.418057      99.92 4.4056e+01    745.099      17883  1029.7011  1029.6987     4.6274     0.0699     0.1438    34.3166    34.3138    8.07023         25 0.0000e+00
    452.000    446.834    -0.0985  28.644843    -0.0962  28.644826     4.7595     4.8716    -0.0096    97.5576 1.0000e-12  -74.17052 -113.29946  38.418069      99.92 4.4629e+01    746.175      17909  1029.7064  1029.7042     4.6280     0.0699     0.1430    34.3177    34.3151    8.06926         26 0.0000e+00
    453.000    447.823    -0.0950  28.649007    -0.0923  28.649040     4.7557     4.8683    -0.0103    97.5249 1.0000e-12  -74.17052 -113.29946  38.418081      75.59 4.6105e+01    747.195      17934  1029.7117  1029.7092     4.6265     0.0676     0.1409    34.3187    34.3158    8.06846         23 0.0000e+00
    454.000    448.808    -0.0940  28.650421    -0.0916  28.650301     4.7562     4.8578    -0.0092    97.5246 1.0000e-12  -74.17052 -113.29946  38.418092      90.27 4.4101e+01    748.152      17957  1029.7166  1029.7142     4.6264     0.0691     0.1433    34.3189    34.3161    8.06824         25 0.0000e+00
    455.000    449.795    -0.0908  28.654119    -0.0871  28.655227     4.7555     4.8578    -0.0077    97.5020 1.0000e-12  -74.17052 -113.29946  38.418105      99.44 4.4329e+01    749.235      17983  1029.7217  1029.7193     4.6254     0.0702     0.1436    34.3196    34.3170    8.06753         27 0.0000e+00
    456.000    450.784    -0.0839  28.660987    -0.0820  28.660507     4.7563     4.8538    -0.0013    97.5331 1.0000e-12  -74.17052 -113.29946  38.418117      99.92 4.5614e+01    750.340      18009  1029.7265  1029.7241     4.6268     0.0696     0.1430    34.3205    34.3177    8.06604         26 0.0000e+00
    457.000    451.772    -0.0817  28.663378    -0.0804  28.662530     4.7537     4.8610    -0.0010    97.5147 1.0000e-12  -74.17052 -113.29946  38.418130      99.92 4.4349e+01    751.433      18035  1029.7312  1029.7291     4.6260     0.0703     0.1446    34.3205    34.3180    8.06555         26 0.0000e+00
    458.000    452.759    -0.0839  28.661989    -0.0824  28.661204     4.7561     4.8621    -0.0024    97.5157 1.0000e-12  -74.17052 -113.29946  38.418143      99.92 4.4207e+01    752.524      18062  1029.7362  1029.7340     4.6260     0.0695     0.1401    34.3205    34.3179    8.06601         26 0.0000e+00
    459.000    453.747    -0.0822  28.664159    -0.0800  28.663965     4.7543     4.8600    -0.0110    97.5140 1.0000e-12  -74.17052 -113.29946  38.418155      99.92 4.5512e+01    753.628      18088  1029.7411  1029.7388     4.6260     0.0699     0.1418    34.3209    34.3182    8.06564         27 0.0000e+00
    460.000    454.733    -0.0804  28.666262    -0.0780  28.666363     4.7509     4.8551    -0.0106    97.5267 1.0000e-12  -74.17052 -113.29946  38.418168      99.92 4.4492e+01    754.712      18114  1029.7460  1029.7437     4.6265     0.0701     0.1436    34.3212    34.3186    8.06526         25 0.0000e+00
    461.000    455.722    -0.0778  28.669492    -0.0763  28.668567     4.7493     4.8547    -0.0153    97.5312 1.0000e-12  -74.17052 -113.29946  38.418180      99.93 4.4137e+01    755.792      18140  1029.7511  1029.7487     4.6268     0.0705     0.1402    34.3219    34.3190    8.06466         27 0.0000e+00
    462.000    456.708    -0.0760  28.671541    -0.0747  28.670503     4.7555     4.8603    -0.0080    97.5474 1.0000e-12  -74.17052 -113.29946  38.418193      99.92 4.5379e+01    756.918      18167  1029.7558  1029.7535     4.6275     0.0691     0.1427    34.3221    34.3192    8.06428         27 0.0000e+00
    463.000    457.697    -0.0759  28.672171    -0.0740  28.671782     4.7474     4.8563    -0.0032    97.5345 1.0000e-12  -74.17052 -113.29946  38.418206      99.92 4.4546e+01    758.021      18194  1029.7607  1029.7585     4.6269     0.0704     0.1429    34.3222    34.3195    8.06425         26 0.0000e+00
    464.000    458.684    -0.0666  28.682410    -0.0658  28.680659     4.7461     4.8504    -0.0110    97.5315 1.0000e-12  -74.17052 -113.29946  38.418219      99.92 4.4278e+01    759.092      18219  1029.7667  1029.7640     4.6268     0.0694     0.1412    34.3247    34.3215    8.06214         26 0.0000e+00
    465.000    459.670    -0.0531  28.697330    -0.0510  28.696237     4.7405     4.8481    -0.0167    97.5285 1.0000e-12  -74.17052 -113.29946  38.418231      99.53 4.5496e+01    760.188      18246  1029.7735  1029.7703     4.6266     0.0689     0.1424    34.3287    34.3250    8.05907         26 0.0000e+00
    466.000    460.659    -0.0439  28.706986    -0.0412  28.707446     4.7405     4.8424    -0.0105    97.5473 1.0000e-12  -74.17052 -113.29946  38.418244      84.12 4.4820e+01    761.268      18271  1029.7790  1029.7769     4.6275     0.0665     0.1421    34.3306    34.3283    8.05702         26 0.0000e+00
    467.000    461.645    -0.0422  28.709433    -0.0397  28.709557     4.7401     4.8482    -0.0100    97.5347 1.0000e-12  -74.17052 -113.29946  38.418256      99.25 4.4150e+01    762.338      18297  1029.7843  1029.7821     4.6269     0.0700     0.1411    34.3314    34.3288    8.05662         26 0.0000e+00
