ocean_section_plots/required_files/ctd/dnbp2202_ctd207.cnv
* Sea-Bird SBE 9 Data File:
* FileName = D:\Data\raw\NBP2202_CTD207.hex
* Software Version Seasave V 7.26.7.121
* Temperature SN = 1649
* Conductivity SN = 2513
* Number of Bytes Per Scan = 40
* Number of Voltage Words = 5
* Number of Scans Averaged by the Deck Unit = 1
* NMEA Latitude = 74 08.00 S
* NMEA Longitude = 113 25.38 W
* NMEA UTC (Time) = Feb 10 2022  08:40:54
* NMEA baud rate = 9600
** Ship: RVIB N.B. Palmer
** Cruise: NBP2202 Thwaites
** Station: 126
** Operator: B. Bjork
** Tow-Yo #3
# nquan = 28
# nvalues = 233                         
# units = specified
# name 0 = prDM: Pressure, Digiquartz [db]
# name 1 = depSM: Depth [salt water, m]
# name 2 = t090C: Temperature [ITS-90, deg C]
# name 3 = c0mS/cm: Conductivity [mS/cm]
# name 4 = t190C: Temperature, 2 [ITS-90, deg C]
# name 5 = c1mS/cm: Conductivity, 2 [mS/cm]
# name 6 = sbeox0ML/L: Oxygen, SBE 43 [ml/l]
# name 7 = sbeox1ML/L: Oxygen, SBE 43, 2 [ml/l]
# name 8 = flECO-AFL: Fluorescence, WET Labs ECO-AFL/FL [mg/m^3]
# name 9 = CStarTr0: Beam Transmission, WET Labs C-Star [%]
# name 10 = par: PAR/Irradiance, Biospherical/Licor
# name 11 = latitude: Latitude [deg]
# name 12 = longitude: Longitude [deg]
# name 13 = timeJ: Julian Days
# name 14 = altM: Altimeter [m]
# name 15 = spar: SPAR, Biospherical/Licor
# name 16 = timeS: Time, Elapsed [seconds]
# name 17 = scan: Scan Count
# name 18 = density00: Density [density, kg/m^3]
# name 19 = density11: Density, 2 [density, kg/m^3]
# name 20 = v3: Voltage 3
# name 21 = v4: Voltage 4
# name 22 = v5: Voltage 5
# name 23 = sal00: Salinity, Practical [PSU]
# name 24 = sal11: Salinity, Practical, 2 [PSU]
# name 25 = oxsolML/L: Oxygen Saturation, Garcia & Gordon [ml/l]
# name 26 = nbin: number of scans per bin
# name 27 = flag: flag
# span 0 =      1.000,    233.000       
# span 1 =      0.998,    230.462       
# span 2 =    -1.5044,    -1.0307       
# span 3 =  26.962222,  27.536192       
# span 4 =    -1.5042,    -1.0296       
# span 5 =  26.962617,  27.536047       
# span 6 =     5.3041,     8.6612       
# span 7 =     5.4799,     9.0130       
# span 8 =    -0.0156,    21.0655       
# span 9 =    75.8210,    97.8749       
# span 10 = 1.0000e-12, 3.2016e+00      
# span 11 =  -74.13338,  -74.13338      
# span 12 = -113.42306, -113.42302      
# span 13 =  41.363788,  41.368047      
# span 14 =       5.86,     100.35      
# span 15 = 2.1155e+01, 3.0615e+01      
# span 16 =    177.282,    545.239      
# span 17 =       4256,      13087      
# span 18 =  1027.1472,  1028.4686      
# span 19 =  1027.1501,  1028.4672      
# span 20 =     3.5966,     4.6430      
# span 21 =     0.0688,     3.4632      
# span 22 =     0.1238,     0.2350      
# span 23 =    33.7479,    34.0102      
# span 24 =    33.7500,    34.0087      
# span 25 =    8.28827,    8.40372      
# span 26 =          3,         47      
# span 27 = 0.0000e+00, 0.0000e+00      
# interval = decibars: 1                
# start_time = Feb 10 2022 08:40:54 [NMEA time, header]
# bad_flag = -9.990e-29
*END*
[from data line 104]
    105.000    103.888    -1.4321  27.051117    -1.4318  27.051423     5.8848     6.1025     2.5713    92.4811 1.0000e-12  -74.13338 -113.42306  41.365978      99.79 2.7344e+01    366.527       8798  1027.7647  1027.7647     4.3873     0.5369     0.1460    33.8790    33.8791    8.38555         22 0.0000e+00
    106.000    104.877    -1.4339  27.050469    -1.4340  27.050566     5.8539     6.0693     2.5469    92.4642 1.0000e-12  -74.13338 -113.42306  41.365989      99.77 2.6744e+01    367.467       8820  1027.7700  1027.7702     4.3865     0.6220     0.1430    33.8795    33.8797    8.38592         23 0.0000e+00
    107.000    105.864    -1.4354  27.049991    -1.4355  27.050050     5.8127     6.0347     2.7436    92.4179 1.0000e-12  -74.13338 -113.42306  41.366000      99.81 2.5613e+01    368.406       8843  1027.7752  1027.7753     4.3843     0.4940     0.1386    33.8799    33.8801    8.38623         23 0.0000e+00
    108.000    106.855    -1.4397  27.047892    -1.4401  27.047844     5.7802     6.0038     3.4006    92.9704 1.0000e-12  -74.13338 -113.42306  41.366011      99.78 2.8606e+01    369.354       8865  1027.7813  1027.7816     4.4104     0.5853     0.1407    33.8813    33.8816    8.38712         22 0.0000e+00
    109.000    107.844    -1.4448  27.046317    -1.4454  27.046105     5.7705     5.9876     4.0954    93.3738 1.0000e-12  -74.13338 -113.42306  41.366022      99.80 2.7425e+01    370.303       8888  1027.7889  1027.7891     4.4297     0.4832     0.1348    33.8843    33.8846    8.38809         23 0.0000e+00
    110.000    108.831    -1.4265  27.067310    -1.4298  27.063817     5.7772     5.9884     4.5704    93.2413 1.0000e-12  -74.13338 -113.42306  41.366033      99.80 2.5768e+01    371.241       8911  1027.7985  1027.7979     4.4233     0.5375     0.1382    33.8918    33.8908    8.38352         23 0.0000e+00
    111.000    109.823    -1.4192  27.073062    -1.4196  27.072889     5.7876     5.9907     5.8339    93.5443 1.0000e-12  -74.13338 -113.42306  41.366044      99.79 2.7791e+01    372.181       8933  1027.8022  1027.8023     4.4376     0.5519     0.1394    33.8908    33.8910    8.38194         22 0.0000e+00
    112.000    110.811    -1.4194  27.073655    -1.4187  27.074345     5.7929     5.9993     1.8471    93.4520 1.0000e-12  -74.13338 -113.42306  41.366055      92.84 2.7805e+01    373.124       8956  1027.8073  1027.8074     4.4334     0.4795     0.1394    33.8912    33.8914    8.38196         22 0.0000e+00
    113.000    111.799    -1.4195  27.074043    -1.4193  27.074354     5.7944     5.9993     3.3573    93.5744 1.0000e-12  -74.13338 -113.42306  41.366065      99.88 2.6345e+01    374.055       8978  1027.8122  1027.8122     4.4391     0.5488     0.1437    33.8912    33.8914    8.38197         23 0.0000e+00
    114.000    112.791    -1.4183  27.075667    -1.4170  27.076763     5.7991     5.9972     3.9293    92.8461 1.0000e-12  -74.13338 -113.42306  41.366076      99.80 2.7360e+01    374.997       9001  1027.8171  1027.8171     4.4046     0.5065     0.1386    33.8914    33.8915    8.38168         23 0.0000e+00
    115.000    113.777    -1.4154  27.078677    -1.4150  27.079040     5.7979     5.9979     4.1882    93.3605 1.0000e-12  -74.13338 -113.42306  41.366087      99.74 2.8293e+01    375.944       9024  1027.8220  1027.8220     4.4290     0.7364     0.1511    33.8917    33.8918    8.38102         22 0.0000e+00
    116.000    114.768    -1.4090  27.085002    -1.4093  27.084578     5.7927     5.9935     4.0426    93.0240 1.0000e-12  -74.13338 -113.42306  41.366098      99.79 2.6661e+01    376.882       9046  1027.8271  1027.8269     4.4130     0.5616     0.1515    33.8925    33.8923    8.37953         23 0.0000e+00
    117.000    115.756    -1.4061  27.088044    -1.4056  27.088368     5.7976     5.9899     3.4401    93.5025 1.0000e-12  -74.13338 -113.42306  41.366109      99.79 2.7053e+01    377.825       9069  1027.8320  1027.8318     4.4357     0.5583     0.1440    33.8928    33.8927    8.37887         23 0.0000e+00
    118.000    116.747    -1.4026  27.091980    -1.4010  27.093224     5.8159     5.9916     3.3571    93.6805 1.0000e-12  -74.13338 -113.42306  41.366120      99.76 2.8193e+01    378.801       9092  1027.8373  1027.8371     4.4441     0.6823     0.1482    33.8937    33.8935    8.37804         24 0.0000e+00
    119.000    117.733    -1.3954  27.099575    -1.3958  27.098860     5.7952     5.9750     2.7810    93.5635 1.0000e-12  -74.13338 -113.42306  41.366132      99.79 2.8052e+01    379.793       9116  1027.8431  1027.8427     4.4386     0.5677     0.1359    33.8954    33.8948    8.37632         23 0.0000e+00
    120.000    118.725    -1.3983  27.098375    -1.3969  27.099128     5.7357     5.9298     3.6557    93.3824 1.0000e-12  -74.13338 -113.42306  41.366143      99.78 2.5811e+01    380.758       9139  1027.8489  1027.8484     4.4300     0.5703     0.1393    33.8963    33.8957    8.37690         24 0.0000e+00
    121.000    119.712    -1.4043  27.093860    -1.4065  27.092389     5.6796     5.8865     4.9566    93.3021 1.0000e-12  -74.13338 -113.42306  41.366155      99.80 2.8998e+01    381.766       9163  1027.8541  1027.8547     4.4262     0.4892     0.1478    33.8963    33.8968    8.37825         24 0.0000e+00
    122.000    120.702    -1.4200  27.082181    -1.4201  27.082078     5.6509     5.8691     3.3743    93.1934 1.0000e-12  -74.13338 -113.42306  41.366166      99.82 2.7654e+01    382.783       9188  1027.8609  1027.8608     4.4211     0.4278     0.1327    33.8974    33.8974    8.38172         25 0.0000e+00
    123.000    121.691    -1.4271  27.076612    -1.4256  27.077938     5.6397     5.8556     3.1336    93.7736 1.0000e-12  -74.13338 -113.42306  41.366178      99.79 2.5185e+01    383.774       9212  1027.8659  1027.8659     4.4486     0.5187     0.1355    33.8972    33.8973    8.38334         23 0.0000e+00
    124.000    122.680    -1.4346  27.070947    -1.4337  27.071861     5.6341     5.8416     2.4725    94.2407 1.0000e-12  -74.13338 -113.42306  41.366190      99.83 2.9252e+01    384.789       9236  1027.8711  1027.8712     4.4706     0.3610     0.1339    33.8972    33.8974    8.38502         25 0.0000e+00
    125.000    123.669    -1.4403  27.067018    -1.4401  27.067070     5.6326     5.8341     1.6823    93.7668 1.0000e-12  -74.13338 -113.42306  41.366201      99.78 2.7111e+01    385.809       9260  1027.8765  1027.8764     4.4483     0.5522     0.1373    33.8976    33.8975    8.38627         24 0.0000e+00
    126.000    124.659    -1.4314  27.076512    -1.4311  27.076284     5.6245     5.8275     1.5939    94.6618 1.0000e-12  -74.13338 -113.42306  41.366213      97.51 2.5506e+01    386.801       9284  1027.8827  1027.8821     4.4907     0.3660     0.1410    33.9000    33.8993    8.38414         24 0.0000e+00
    127.000    125.648    -1.4232  27.084359    -1.4228  27.084462     5.6187     5.8182     1.7007    95.0558 1.0000e-12  -74.13338 -113.42306  41.366225      99.81 2.8628e+01    387.807       9308  1027.8876  1027.8873     4.5093     0.3573     0.1336    33.9009    33.9005    8.38223         24 0.0000e+00
    128.000    126.635    -1.4199  27.087801    -1.4193  27.088188     5.6055     5.8040     1.6865    94.2608 1.0000e-12  -74.13338 -113.42306  41.366236      99.84 2.9169e+01    388.829       9333  1027.8925  1027.8923     4.4717     0.2553     0.1310    33.9013    33.9011    8.38147         24 0.0000e+00
    129.000    127.625    -1.4031  27.104146    -1.4034  27.103525     5.5998     5.7993     1.4618    95.3794 1.0000e-12  -74.13338 -113.42306  41.366248      99.83 2.5517e+01    389.825       9357  1027.8986  1027.8981     4.5242     0.2897     0.1332    33.9041    33.9035    8.37753         24 0.0000e+00
    130.000    128.615    -1.3976  27.110099    -1.3969  27.110242     5.6000     5.8113     1.1870    94.7957 1.0000e-12  -74.13338 -113.42306  41.366260      99.84 2.8420e+01    390.834       9381  1027.9042  1027.9036     4.4974     0.3127     0.1322    33.9054    33.9048    8.37620         25 0.0000e+00
    131.000    129.604    -1.3909  27.116843    -1.3902  27.117074     5.6104     5.8107     0.6324    95.2331 1.0000e-12  -74.13338 -113.42306  41.366272      99.82 2.7982e+01    391.862       9406  1027.9095  1027.9091     4.5177     0.3529     0.1314    33.9065    33.9060    8.37464         24 0.0000e+00
    132.000    130.592    -1.3823  27.125437    -1.3821  27.125233     5.6315     5.8278     1.0204    95.3758 1.0000e-12  -74.13338 -113.42306  41.366283      99.84 2.4616e+01    392.873       9430  1027.9150  1027.9146     4.5245     0.1694     0.1293    33.9079    33.9074    8.37261         25 0.0000e+00
    133.000    131.581    -1.3610  27.147260    -1.3589  27.148017     5.6438     5.8334     0.9491    96.3076 1.0000e-12  -74.13338 -113.42306  41.366295      99.85 2.6335e+01    393.876       9454  1027.9229  1027.9217     4.5687     0.2234     0.1291    33.9132    33.9119    8.36753         24 0.0000e+00
    134.000    132.570    -1.3412  27.165635    -1.3397  27.166418     5.6386     5.8250     1.2691    96.0627 1.0000e-12  -74.13338 -113.42306  41.366307      99.84 2.8218e+01    394.903       9479  1027.9284  1027.9278     4.5571     0.2027     0.1271    33.9154    33.9148    8.36296         24 0.0000e+00
    135.000    133.559    -1.3315  27.175667    -1.3313  27.175296     5.6276     5.8184     2.2749    96.0504 1.0000e-12  -74.13338 -113.42306  41.366318      99.85 2.5911e+01    395.904       9503  1027.9345  1027.9339     4.5565     0.2188     0.1357    33.9175    33.9168    8.36064         24 0.0000e+00
    136.000    134.548    -1.3192  27.188068    -1.3184  27.187956     5.6149     5.7983     3.2968    96.3267 1.0000e-12  -74.13338 -113.42306  41.366330      52.86 2.5856e+01    396.894       9526  1027.9407  1027.9398     4.5696     0.2518     0.1340    33.9200    33.9189    8.35774         24 0.0000e+00
    137.000    135.538    -1.3062  27.200416    -1.3060  27.200144     5.5985     5.7873     3.0572    96.2357 1.0000e-12  -74.13338 -113.42306  41.366342      50.80 2.8329e+01    397.909       9551  1027.9463  1027.9458     4.5653     0.4671     0.1325    33.9216    33.9209    8.35474         25 0.0000e+00
    138.000    136.524    -1.3025  27.204443    -1.3022  27.204232     5.5726     5.7706     1.9001    96.1592 1.0000e-12  -74.13338 -113.42306  41.366353     100.35 2.6810e+01    398.927       9575  1027.9517  1027.9512     4.5617     0.2857     0.1334    33.9223    33.9216    8.35387         23 0.0000e+00
    139.000    137.517    -1.2966  27.210804    -1.2964  27.210423     5.5470     5.7460     1.2510    95.4524 1.0000e-12  -74.13338 -113.42306  41.366365      99.84 2.5879e+01    399.916       9599  1027.9575  1027.9569     4.5285     0.2351     0.1311    33.9237    33.9230    8.35247         25 0.0000e+00
    140.000    138.504    -1.2809  27.227489    -1.2806  27.226742     5.5225     5.7241     1.7852    96.4324 1.0000e-12  -74.13338 -113.42306  41.366377      99.84 2.8653e+01    400.940       9624  1027.9651  1027.9640     4.5743     0.3077     0.1314    33.9282    33.9268    8.34869         24 0.0000e+00
    141.000    139.494    -1.2658  27.243216    -1.2656  27.242804     5.5057     5.7059     2.6115    96.4083 1.0000e-12  -74.13338 -113.42306  41.366388      99.82 2.7818e+01    401.963       9648  1027.9723  1027.9717     4.5735     0.3469     0.1373    33.9320    33.9312    8.34508         24 0.0000e+00
    142.000    140.483    -1.2615  27.248331    -1.2610  27.248040     5.4928     5.6890     1.2194    95.9580 1.0000e-12  -74.13338 -113.42306  41.366400      99.47 2.5180e+01    402.956       9672  1027.9783  1027.9775     4.5521     0.3546     0.1306    33.9336    33.9326    8.34404         25 0.0000e+00
    143.000    141.472    -1.2524  27.257631    -1.2518  27.257455     5.4743     5.6815     1.2888    95.7249 1.0000e-12  -74.13338 -113.42306  41.366412      98.85 2.8914e+01    403.972       9696  1027.9843  1027.9835     4.5411     0.2615     0.1372    33.9354    33.9345    8.34189         24 0.0000e+00
    144.000    142.459    -1.2448  27.265725    -1.2449  27.264737     5.4666     5.6650     0.9915    96.0437 1.0000e-12  -74.13338 -113.42306  41.366424      98.76 2.8070e+01    404.994       9721  1027.9904  1027.9894     4.5561     0.2736     0.1337    33.9373    33.9360    8.34010         25 0.0000e+00
    145.000    143.450    -1.2392  27.271619    -1.2394  27.270837     5.4618     5.6555     0.9343    95.8931 1.0000e-12  -74.13338 -113.42306  41.366435      96.89 2.4443e+01    405.981       9745  1027.9960  1027.9952     4.5491     0.3686     0.1290    33.9384    33.9375    8.33878         23 0.0000e+00
    146.000    144.438    -1.2372  27.274230    -1.2369  27.273865     5.4633     5.6536     0.7854    95.9301 1.0000e-12  -74.13338 -113.42306  41.366447      96.24 2.8335e+01    406.997       9769  1028.0014  1028.0007     4.5508     0.3874     0.1342    33.9390    33.9382    8.33829         25 0.0000e+00
    147.000    145.428    -1.2335  27.278411    -1.2330  27.278157     5.4552     5.6502     0.9305    95.7535 1.0000e-12  -74.13338 -113.42306  41.366459      95.45 2.7839e+01    408.020       9793  1028.0069  1028.0062     4.5424     0.2945     0.1351    33.9400    33.9391    8.33741         24 0.0000e+00
    148.000    146.416    -1.2310  27.281230    -1.2310  27.280603     5.4510     5.6470     1.2784    96.2202 1.0000e-12  -74.13338 -113.42306  41.366470      94.76 2.5115e+01    409.009       9817  1028.0120  1028.0114     4.5645     0.2181     0.1317    33.9403    33.9395    8.33682         23 0.0000e+00
    149.000    147.406    -1.2284  27.284290    -1.2284  27.283618     5.4453     5.6361     0.9322    96.6358 1.0000e-12  -74.13338 -113.42306  41.366482      93.64 2.8102e+01    410.013       9841  1028.0174  1028.0166     4.5843     0.1961     0.1413    33.9411    33.9400    8.33622         25 0.0000e+00
    150.000    148.394    -1.2239  27.289104    -1.2233  27.288888     5.4381     5.6266     0.6325    96.7230 1.0000e-12  -74.13338 -113.42306  41.366494      92.86 2.7503e+01    411.038       9866  1028.0227  1028.0219     4.5883     0.2495     0.1315    33.9419    33.9409    8.33515         25 0.0000e+00
    151.000    149.383    -1.2180  27.295017    -1.2175  27.294793     5.4335     5.6168     0.7783    96.5542 1.0000e-12  -74.13338 -113.42306  41.366505      90.81 2.5461e+01    412.035       9890  1028.0280  1028.0273     4.5804     0.1923     0.1332    33.9427    33.9419    8.33380         23 0.0000e+00
    152.000    150.373    -1.2170  27.296550    -1.2163  27.296399     5.4325     5.6173     0.7881    96.7292 1.0000e-12  -74.13338 -113.42306  41.366517      90.60 2.9094e+01    413.034       9914  1028.0331  1028.0323     4.5887     0.1533     0.1318    33.9430    33.9421    8.33354         25 0.0000e+00
    153.000    151.360    -1.2158  27.298161    -1.2149  27.298464     5.4322     5.6190     0.5547    96.4886 1.0000e-12  -74.13338 -113.42306  41.366528      89.18 2.8723e+01    414.057       9938  1028.0382  1028.0376     4.5773     0.1351     0.1316    33.9433    33.9426    8.33327         24 0.0000e+00
    154.000    152.351    -1.2136  27.301178    -1.2129  27.301081     5.4315     5.6185     0.3797    96.3437 1.0000e-12  -74.13338 -113.42306  41.366540      88.72 2.5056e+01    415.060       9962  1028.0438  1028.0429     4.5704     0.5676     0.1338    33.9443    33.9434    8.33272         24 0.0000e+00
    155.000    153.338    -1.2138  27.301469    -1.2131  27.301550     5.4298     5.6194     0.6490    96.3122 1.0000e-12  -74.13338 -113.42306  41.366552      86.93 2.7700e+01    416.065       9987  1028.0487  1028.0480     4.5690     0.1709     0.1284    33.9443    33.9436    8.33276         24 0.0000e+00
