ocean_section_plots/required_files/ctd/dnbp2202_ctd052.cnv
* Sea-Bird SBE 9 Data File:
* FileName = D:\Data\raw\NBP2202_CTD052.hex
* Software Version Seasave V 7.26.7.121
* Temperature SN = 1649
* Conductivity SN = 2513
* Number of Bytes Per Scan = 40
* Number of Voltage Words = 5
* Number of Scans Averaged by the Deck Unit = 1
* NMEA Latitude = 74 13.79 S
* NMEA Longitude = 112 41.50 W
* NMEA UTC (Time) = Jan 24 2022  07:16:58
* NMEA baud rate = 9600
** Ship: RVIB N.B. Palmer
** Cruise: NBP2202 Thwaites
** Station: Section Dotson C
** Operator: B Bjork
# nquan = 25
# nvalues = 996                         
# units = specified
# name 0 = prDM: Pressure, Digiquartz [db]
# name 1 = depSM: Depth [salt water, m]
# name 2 = t090C: Temperature [ITS-90, deg C]
# name 3 = c0mS/cm: Conductivity [mS/cm]
# name 4 = t190C: Temperature, 2 [ITS-90, deg C]
# name 5 = c1mS/cm: Conductivity, 2 [mS/cm]
# name 6 = sbeox0ML/L: Oxygen, SBE 43 [ml/l]
# name 7 = sbeox1ML/L: Oxygen, SBE 43, 2 [ml/l]
# name 8 = flECO-AFL: Fluorescence, WET Labs ECO-AFL/FL [mg/m^3]
# name 9 = CStarTr0: Beam Transmission, WET Labs C-Star [%]
# name 10 = par: PAR/Irradiance, Biospherical/Licor
# name 11 = latitude: Latitude [deg]
# name 12 = longitude: Longitude [deg]
# name 13 = timeJ: Julian Days
# name 14 = altM: Altimeter [m]
# name 15 = spar: SPAR, Biospherical/Licor
# name 16 = timeS: Time, Elapsed [seconds]
# name 17 = scan: Scan Count
# name 18 = density00: Density [density, kg/m^3]
# name 19 = density11: Density, 2 [density, kg/m^3]
# name 20 = sal00: Salinity, Practical [PSU]
# name 21 = sal11: Salinity, Practical, 2 [PSU]
# name 22 = oxsolML/L: Oxygen Saturation, Garcia & Gordon [ml/l]
# name 23 = nbin: number of scans per bin
# name 24 = flag: flag
# span 0 =      2.000,    997.000       
# span 1 =      1.992,    984.317       
# span 2 =    -1.5065,     0.4555       
# span 3 =  27.113655,  29.520361       
# span 4 =    -1.5062,     0.4578       
# span 5 =  27.112616,  29.520355       
# span 6 =     4.6108,     8.3533       
# span 7 =     4.8060,     8.4078       
# span 8 =    -0.0194,    21.1637       
# span 9 =    71.1452,    96.6364       
# span 10 = 1.0000e-12, 4.1373e+01      
# span 11 =  -74.22998,  -74.22996      
# span 12 = -112.69176, -112.69172      
# span 13 =  24.306203,  24.321331      
# span 14 =       1.00,     100.00      
# span 15 = 1.5095e+02, 2.2212e+02      
# span 16 =    237.981,   1545.031      
# span 17 =       5713,      37082      
# span 18 =  1027.1828,  1032.3938      
# span 19 =  1027.1851,  1032.3918      
# span 20 =    33.7881,    34.5350      
# span 21 =    33.7912,    34.5324      
# span 22 =    7.94171,    8.39488      
# span 23 =         15,         57      
# span 24 = 0.0000e+00, 0.0000e+00      
# interval = decibars: 1                
# start_time = Jan 24 2022 07:16:58 [NMEA time, header]
# bad_flag = -9.990e-29
*END*
[from data line 638]
    640.000    632.398     0.2758  29.148993     0.2781  29.148633     4.6705     4.8782    -0.0064    96.2793 1.0000e-12  -74.22996 -112.69172  24.315723      99.87 1.8687e+02   1060.442      25452  1030.6750  1030.6725    34.4535    34.4504    7.98334         28 0.0000e+00
    641.000    633.384     0.2770  29.150467     0.2793  29.150291     4.6690     4.8793    -0.0029    96.2672 1.0000e-12  -74.22996 -112.69172  24.315736      99.86 1.8687e+02   1061.623      25480  1030.6796  1030.6773    34.4534    34.4507    7.98308         29 0.0000e+00
    642.000    634.370     0.2779  29.151818     0.2800  29.151404     4.6665     4.8684    -0.0079    96.2637 1.0000e-12  -74.22996 -112.69172  24.315750      99.86 1.8572e+02   1062.808      25508  1030.6845  1030.6820    34.4537    34.4507    7.98290         28 0.0000e+00
    643.000    635.359     0.2780  29.152424     0.2803  29.152172     4.6694     4.8745    -0.0154    96.2706 1.0000e-12  -74.22996 -112.69172  24.315764      99.86 1.8562e+02   1063.991      25537  1030.6893  1030.6868    34.4537    34.4508    7.98287         27 0.0000e+00
    644.000    636.345     0.2791  29.153884     0.2814  29.153757     4.6700     4.8785    -0.0175    96.2369 1.0000e-12  -74.22996 -112.69172  24.315777      99.87 1.8536e+02   1065.171      25565  1030.6941  1030.6917    34.4539    34.4511    7.98264         27 0.0000e+00
    645.000    637.331     0.2797  29.154879     0.2817  29.154460     4.6714     4.8741    -0.0101    96.2406 1.0000e-12  -74.22996 -112.69172  24.315791      99.86 1.8658e+02   1066.351      25593  1030.6988  1030.6964    34.4539    34.4511    7.98251         29 0.0000e+00
    646.000    638.317     0.2797  29.155522     0.2819  29.155266     4.6675     4.8677    -0.0077    96.2075 1.0000e-12  -74.22996 -112.69172  24.315805      99.87 1.8687e+02   1067.548      25622  1030.7038  1030.7013    34.4542    34.4514    7.98249         29 0.0000e+00
    647.000    639.304     0.2799  29.156162     0.2820  29.155812     4.6660     4.8782    -0.0055    96.2174 1.0000e-12  -74.22996 -112.69172  24.315819      79.43 1.8687e+02   1068.739      25651  1030.7084  1030.7060    34.4542    34.4514    7.98244         29 0.0000e+00
    648.000    640.289     0.2800  29.156640     0.2820  29.156202     4.6680     4.8740    -0.0113    96.2332 1.0000e-12  -74.22996 -112.69172  24.315833      88.11 1.8687e+02   1069.929      25679  1030.7131  1030.7107    34.4542    34.4513    7.98243         28 0.0000e+00
    649.000    641.278     0.2799  29.157001     0.2821  29.156696     4.6642     4.8730    -0.0007    96.2095 1.0000e-12  -74.22996 -112.69174  24.315846      98.77 1.8687e+02   1071.125      25708  1030.7178  1030.7154    34.4541    34.4514    7.98245         29 0.0000e+00
    650.000    642.263     0.2800  29.157479     0.2821  29.157121     4.6703     4.8765    -0.0067    96.1916 1.0000e-12  -74.22996 -112.69172  24.315860      99.87 1.8687e+02   1072.341      25737  1030.7225  1030.7201    34.4541    34.4512    7.98243         29 0.0000e+00
    651.000    643.251     0.2802  29.158134     0.2822  29.157706     4.6652     4.8775     0.0012    96.2249 1.0000e-12  -74.22996 -112.69173  24.315874      99.86 1.8687e+02   1073.553      25766  1030.7272  1030.7249    34.4541    34.4513    7.98238         29 0.0000e+00
    652.000    644.237     0.2804  29.158770     0.2824  29.158375     4.6660     4.8768    -0.0100    96.2246 1.0000e-12  -74.22996 -112.69173  24.315888      99.86 1.8687e+02   1074.748      25795  1030.7320  1030.7296    34.4542    34.4514    7.98235         29 0.0000e+00
    653.000    645.222     0.2804  29.159279     0.2825  29.158858     4.6622     4.8754    -0.0116    96.2168 1.0000e-12  -74.22996 -112.69173  24.315902      99.87 1.8687e+02   1075.935      25823  1030.7367  1030.7342    34.4543    34.4513    7.98234         28 0.0000e+00
    654.000    646.210     0.2805  29.159778     0.2825  29.159378     4.6672     4.8702    -0.0019    96.2379 1.0000e-12  -74.22996 -112.69174  24.315916      99.86 1.8687e+02   1077.124      25852  1030.7414  1030.7391    34.4543    34.4515    7.98232         29 0.0000e+00
    655.000    647.196     0.2804  29.160188     0.2825  29.159848     4.6682     4.8714    -0.0092    96.2335 1.0000e-12  -74.22996 -112.69174  24.315930      99.86 1.8687e+02   1078.326      25881  1030.7461  1030.7438    34.4543    34.4515    7.98233         29 0.0000e+00
    656.000    648.183     0.2803  29.160448     0.2824  29.160124     4.6668     4.8732    -0.0027    96.2361 1.0000e-12  -74.22996 -112.69174  24.315944      99.86 1.8687e+02   1079.531      25910  1030.7507  1030.7484    34.4542    34.4514    7.98236         29 0.0000e+00
    657.000    649.170     0.2802  29.160859     0.2825  29.160576     4.6663     4.8735    -0.0072    96.2166 1.0000e-12  -74.22996 -112.69174  24.315958      99.86 1.8687e+02   1080.748      25939  1030.7555  1030.7531    34.4542    34.4514    7.98238         29 0.0000e+00
    658.000    650.155     0.2807  29.162028     0.2830  29.161613     4.6664     4.8760    -0.0034    96.2077 1.0000e-12  -74.22996 -112.69174  24.315972      82.18 1.8687e+02   1081.967      25968  1030.7605  1030.7579    34.4546    34.4515    7.98225         29 0.0000e+00
    659.000    651.142     0.2813  29.162869     0.2832  29.162541     4.6702     4.8760    -0.0055    96.2104 1.0000e-12  -74.22996 -112.69174  24.315986      96.71 1.8687e+02   1083.186      25997  1030.7650  1030.7628    34.4545    34.4520    7.98214         29 0.0000e+00
    660.000    652.129     0.2812  29.163440     0.2832  29.163115     4.6691     4.8773    -0.0008    96.2266 1.0000e-12  -74.22996 -112.69174  24.316000      99.92 1.8687e+02   1084.394      26026  1030.7700  1030.7677    34.4548    34.4521    7.98215         29 0.0000e+00
    661.000    653.116     0.2810  29.164176     0.2830  29.163826     4.6673     4.8771    -0.0065    96.2255 1.0000e-12  -74.22996 -112.69174  24.316014      99.86 1.8687e+02   1085.587      26055  1030.7752  1030.7728    34.4554    34.4527    7.98216         29 0.0000e+00
    662.000    654.102     0.2811  29.164693     0.2831  29.164347     4.6730     4.8746    -0.0102    96.2211 1.0000e-12  -74.22996 -112.69174  24.316028      99.86 1.8687e+02   1086.784      26084  1030.7798  1030.7776    34.4553    34.4527    7.98213         29 0.0000e+00
    663.000    655.087     0.2812  29.165371     0.2832  29.165060     4.6722     4.8760    -0.0027    96.2175 1.0000e-12  -74.22996 -112.69174  24.316042      99.87 1.8687e+02   1087.989      26113  1030.7847  1030.7824    34.4555    34.4529    7.98210         29 0.0000e+00
    664.000    656.076     0.2812  29.166032     0.2833  29.165716     4.6690     4.8784    -0.0090    96.2362 1.0000e-12  -74.22996 -112.69174  24.316056      99.86 1.8687e+02   1089.194      26142  1030.7896  1030.7873    34.4558    34.4532    7.98208         28 0.0000e+00
    665.000    657.062     0.2813  29.166595     0.2833  29.166236     4.6660     4.8764    -0.0107    96.2280 1.0000e-12  -74.22996 -112.69174  24.316069      99.87 1.8687e+02   1090.390      26170  1030.7944  1030.7920    34.4560    34.4532    7.98207         29 0.0000e+00
    666.000    658.047     0.2813  29.167242     0.2833  29.166938     4.6690     4.8753    -0.0074    96.2184 1.0000e-12  -74.22996 -112.69174  24.316083      99.87 1.8687e+02   1091.584      26199  1030.7993  1030.7970    34.4562    34.4536    7.98205         29 0.0000e+00
    667.000    659.034     0.2814  29.168150     0.2834  29.167806     4.6699     4.8715    -0.0052    96.2121 1.0000e-12  -74.22996 -112.69174  24.316097      99.86 1.8687e+02   1092.796      26228  1030.8044  1030.8020    34.4567    34.4540    7.98200         29 0.0000e+00
    668.000    660.022     0.2814  29.168637     0.2835  29.168197     4.6697     4.8739    -0.0115    96.2592 1.0000e-12  -74.22996 -112.69174  24.316111      99.87 1.8687e+02   1094.000      26257  1030.8091  1030.8066    34.4567    34.4539    7.98200         27 0.0000e+00
    669.000    661.007     0.2817  29.169326     0.2838  29.169057     4.6679     4.8764    -0.0055    96.2434 1.0000e-12  -74.22996 -112.69174  24.316125      88.45 1.8687e+02   1095.191      26286  1030.8138  1030.8114    34.4568    34.4540    7.98194         29 0.0000e+00
    670.000    661.994     0.2827  29.170914     0.2848  29.170547     4.6692     4.8774    -0.0103    96.2371 1.0000e-12  -74.22998 -112.69174  24.316139      97.41 1.8687e+02   1096.391      26314  1030.8186  1030.8162    34.4571    34.4543    7.98170         28 0.0000e+00
    671.000    662.981     0.2834  29.172024     0.2855  29.171648     4.6698     4.8780    -0.0044    96.2424 1.0000e-12  -74.22996 -112.69174  24.316153      99.88 1.8687e+02   1097.595      26343  1030.8233  1030.8209    34.4572    34.4544    7.98155         29 0.0000e+00
    672.000    663.966     0.2836  29.172586     0.2856  29.172281     4.6669     4.8756    -0.0067    96.2503 1.0000e-12  -74.22996 -112.69174  24.316167      99.86 1.8687e+02   1098.794      26372  1030.8280  1030.8257    34.4571    34.4545    7.98152         29 0.0000e+00
    673.000    664.953     0.2837  29.173152     0.2855  29.172554     4.6639     4.8715    -0.0032    96.2574 1.0000e-12  -74.22996 -112.69174  24.316180      99.86 1.8687e+02   1099.988      26401  1030.8327  1030.8303    34.4572    34.4544    7.98150         29 0.0000e+00
    674.000    665.941     0.2841  29.174112     0.2861  29.173669     4.6641     4.8701    -0.0147    96.2707 1.0000e-12  -74.22996 -112.69174  24.316194      99.86 1.8687e+02   1101.199      26430  1030.8375  1030.8351    34.4574    34.4546    7.98140         29 0.0000e+00
    675.000    666.925     0.2843  29.174945     0.2864  29.174533     4.6696     4.8737    -0.0027    96.2707 1.0000e-12  -74.22998 -112.69174  24.316208      99.87 1.8687e+02   1102.414      26459  1030.8424  1030.8400    34.4577    34.4549    7.98133         29 0.0000e+00
    676.000    667.912     0.2844  29.175698     0.2864  29.175292     4.6707     4.8767    -0.0174    96.2618 1.0000e-12  -74.22998 -112.69174  24.316223      99.86 1.8687e+02   1103.632      26488  1030.8474  1030.8450    34.4580    34.4552    7.98131         29 0.0000e+00
    677.000    668.899     0.2845  29.176308     0.2865  29.175958     4.6712     4.8744    -0.0120    96.2823 1.0000e-12  -74.22998 -112.69174  24.316236      99.86 1.8687e+02   1104.833      26517  1030.8521  1030.8499    34.4581    34.4554    7.98128         29 0.0000e+00
    678.000    669.884     0.2847  29.177028     0.2868  29.176707     4.6680     4.8762    -0.0142    96.2756 1.0000e-12  -74.22998 -112.69174  24.316250      99.86 1.8687e+02   1106.031      26546  1030.8570  1030.8546    34.4583    34.4556    7.98123         28 0.0000e+00
    679.000    670.872     0.2852  29.178324     0.2873  29.178068     4.6666     4.8759    -0.0122    96.2842 1.0000e-12  -74.22998 -112.69174  24.316264      99.16 1.8687e+02   1107.229      26574  1030.8621  1030.8597    34.4589    34.4561    7.98110         29 0.0000e+00
    680.000    671.858     0.2853  29.178988     0.2873  29.178646     4.6663     4.8764    -0.0173    96.2671 1.0000e-12  -74.22998 -112.69174  24.316278      79.99 1.8687e+02   1108.425      26603  1030.8668  1030.8645    34.4590    34.4563    7.98105         29 0.0000e+00
    681.000    672.845     0.2855  29.179594     0.2875  29.179202     4.6651     4.8780    -0.0115    96.2920 1.0000e-12  -74.22998 -112.69174  24.316292      95.00 1.8705e+02   1109.623      26632  1030.8716  1030.8692    34.4590    34.4563    7.98102         29 0.0000e+00
    682.000    673.832     0.2856  29.180239     0.2876  29.179793     4.6666     4.8766    -0.0090    96.2621 1.0000e-12  -74.22998 -112.69174  24.316306      99.82 1.8729e+02   1110.823      26661  1030.8763  1030.8740    34.4591    34.4564    7.98099         29 0.0000e+00
    683.000    674.817     0.2856  29.180720     0.2876  29.180400     4.6714     4.8775    -0.0102    96.2883 1.0000e-12  -74.22998 -112.69174  24.316320      99.86 1.8844e+02   1112.031      26690  1030.8811  1030.8787    34.4592    34.4565    7.98099         29 0.0000e+00
    684.000    675.804     0.2858  29.181479     0.2878  29.181194     4.6693     4.8738    -0.0023    96.3060 1.0000e-12  -74.22998 -112.69174  24.316334      99.86 1.8863e+02   1113.230      26719  1030.8860  1030.8837    34.4594    34.4568    7.98094         29 0.0000e+00
    685.000    676.790     0.2859  29.182207     0.2880  29.181971     4.6684     4.8697    -0.0094    96.2851 1.0000e-12  -74.22998 -112.69174  24.316347      99.87 1.8888e+02   1114.422      26747  1030.8908  1030.8885    34.4597    34.4570    7.98090         28 0.0000e+00
    686.000    677.777     0.2863  29.183113     0.2882  29.182722     4.6676     4.8733    -0.0148    96.3010 1.0000e-12  -74.22998 -112.69176  24.316361      99.86 1.9003e+02   1115.626      26776  1030.8956  1030.8933    34.4599    34.4572    7.98081         29 0.0000e+00
    687.000    678.762     0.2866  29.184115     0.2887  29.183741     4.6707     4.8725    -0.0026    96.3161 1.0000e-12  -74.22998 -112.69176  24.316375      99.86 1.9039e+02   1116.837      26805  1030.9005  1030.8982    34.4602    34.4574    7.98072         29 0.0000e+00
    688.000    679.750     0.2869  29.184781     0.2889  29.184712     4.6730     4.8684    -0.0100    96.2955 1.0000e-12  -74.22998 -112.69176  24.316389      99.86 1.9039e+02   1118.047      26834  1030.9052  1030.9032    34.4602    34.4579    7.98067         29 0.0000e+00
    689.000    680.735     0.2870  29.185910     0.2891  29.185756     4.6661     4.8792    -0.0100    96.3045 1.0000e-12  -74.22998 -112.69176  24.316403      99.86 1.9039e+02   1119.253      26863  1030.9105  1030.9083    34.4610    34.4585    7.98060         29 0.0000e+00
    690.000    681.722     0.2870  29.186521     0.2891  29.186204     4.6676     4.8811    -0.0057    96.3010 1.0000e-12  -74.22998 -112.69176  24.316417      99.87 1.9144e+02   1120.457      26892  1030.9154  1030.9130    34.4611    34.4584    7.98058         29 0.0000e+00
    691.000    682.708     0.2871  29.187099     0.2892  29.186924     4.6693     4.8696    -0.0012    96.3229 1.0000e-12  -74.22998 -112.69176  24.316431      86.89 1.9214e+02   1121.653      26921  1030.9201  1030.9179    34.4612    34.4587    7.98056         29 0.0000e+00
    692.000    683.695     0.2874  29.188138     0.2892  29.187851     4.6661     4.8661    -0.0066    96.3089 1.0000e-12  -74.22998 -112.69176  24.316445      99.32 1.9215e+02   1122.846      26949  1030.9252  1030.9231    34.4618    34.4593    7.98048         28 0.0000e+00
    693.000    684.681     0.2873  29.188714     0.2893  29.188311     4.6667     4.8710    -0.0101    96.3301 1.0000e-12  -74.22998 -112.69176  24.316459      99.86 1.9215e+02   1124.028      26978  1030.9301  1030.9277    34.4620    34.4592    7.98048         28 0.0000e+00
    694.000    685.668     0.2876  29.189614     0.2897  29.189437     4.6733     4.8730    -0.0029    96.3322 1.0000e-12  -74.22998 -112.69176  24.316473      99.86 1.9349e+02   1125.224      27006  1030.9349  1030.9328    34.4622    34.4597    7.98040         30 0.0000e+00
    695.000    686.654     0.2882  29.191746     0.2905  29.191649     4.6704     4.8756    -0.0014    96.3408 1.0000e-12  -74.22998 -112.69176  24.316487      99.87 1.9391e+02   1126.439      27036  1030.9408  1030.9385    34.4638    34.4611    7.98019         29 0.0000e+00
    696.000    687.640     0.2889  29.193077     0.2914  29.193504     4.6685     4.8791    -0.0076    96.3602 1.0000e-12  -74.22998 -112.69176  24.316501      99.86 1.9464e+02   1127.653      27065  1030.9458  1030.9438    34.4642    34.4620    7.98003         29 0.0000e+00
