ocean_section_plots/required_files/ctd/dnbp2202_ctd256.cnv
* Sea-Bird SBE 9 Data File:
* FileName = D:\Data\raw\NBP2202_CTD256.hex
* Software Version Seasave V 7.26.7.121
* Temperature SN = 1649
* Conductivity SN = 2513
* Number of Bytes Per Scan = 40
* Number of Voltage Words = 5
* Number of Scans Averaged by the Deck Unit = 1
* NMEA Latitude = 74 02.92 S
* NMEA Longitude = 117 38.67 W
* NMEA UTC (Time) = Feb 15 2022  20:34:14
* NMEA baud rate = 9600
** Ship: RVIB N.B. Palmer
** Cruise: NBP2202 Thwaites
** Station: 164
** Operator: A. Robinson
# nquan = 28
# nvalues = 395                         
# units = specified
# name 0 = prDM: Pressure, Digiquartz [db]
# name 1 = depSM: Depth [salt water, m]
# name 2 = t090C: Temperature [ITS-90, deg C]
# name 3 = c0mS/cm: Conductivity [mS/cm]
# name 4 = t190C: Temperature, 2 [ITS-90, deg C]
# name 5 = c1mS/cm: Conductivity, 2 [mS/cm]
# name 6 = sbeox0ML/L: Oxygen, SBE 43 [ml/l]
# name 7 = sbeox1ML/L: Oxygen, SBE 43, 2 [ml/l]
# name 8 = flECO-AFL: Fluorescence, WET Labs ECO-AFL/FL [mg/m^3]
# name 9 = CStarTr0: Beam Transmission, WET Labs C-Star [%]
# name 10 = par: PAR/Irradiance, Biospherical/Licor
# name 11 = latitude: Latitude [deg]
# name 12 = longitude: Longitude [deg]
# name 13 = timeJ: Julian Days
# name 14 = altM: Altimeter [m]
# name 15 = spar: SPAR, Biospherical/Licor
# name 16 = timeS: Time, Elapsed [seconds]
# name 17 = scan: Scan Count
# name 18 = density00: Density [density, kg/m^3]
# name 19 = density11: Density, 2 [density, kg/m^3]
# name 20 = v3: Voltage 3
# name 21 = v4: Voltage 4
# name 22 = v5: Voltage 5
# name 23 = sal00: Salinity, Practical [PSU]
# name 24 = sal11: Salinity, Practical, 2 [PSU]
# name 25 = oxsolML/L: Oxygen Saturation, Garcia & Gordon [ml/l]
# name 26 = nbin: number of scans per bin
# name 27 = flag: flag
# span 0 =      2.000,    396.000       
# span 1 =      1.973,    391.529       
# span 2 =    -1.7542,    -0.2054       
# span 3 =  27.025492,  28.028297       
# span 4 =    -1.7534,    -0.2041       
# span 5 =  27.025290,  28.028085       
# span 6 =     6.3579,     9.0375       
# span 7 =     6.5193,     9.2691       
# span 8 =     0.4008,    11.1073       
# span 9 =    84.0168,    94.5119       
# span 10 = -4.485e-05, 4.2282e+02      
# span 11 =  -74.04876,  -74.04874      
# span 12 = -117.64460, -117.64458      
# span 13 =  46.859697,  46.865883      
# span 14 =       5.26,      99.99      
# span 15 = 8.7762e+02, 8.8689e+02      
# span 16 =    223.793,    758.298      
# span 17 =       5372,      18200      
# span 18 =  1027.1810,  1029.3630      
# span 19 =  1027.1803,  1029.3615      
# span 20 =     3.9859,     4.4835      
# span 21 =     0.1296,     1.8803      
# span 22 =     0.1246,     0.4101      
# span 23 =    33.8239,    34.1177      
# span 24 =    33.8236,    34.1158      
# span 25 =    8.11925,    8.44596      
# span 26 =         16,         75      
# span 27 = 0.0000e+00, 0.0000e+00      
# interval = decibars: 1                
# start_time = Feb 15 2022 20:34:14 [NMEA time, header]
# bad_flag = -9.990e-29
*END*
[from data line 259]
    261.000    258.137    -1.6243  27.073891    -1.6237  27.073727     6.8617     7.0363     1.5387    94.0798 1.0000e-12  -74.04876 -117.64458  46.863595      99.90 8.8319e+02    560.609      13456  1028.6439  1028.6431     4.4630     0.2341     0.1438    34.0317    34.0307    8.41987         24 0.0000e+00
    262.000    259.126    -1.6269  27.072563    -1.6267  27.072156     6.8552     7.0335     0.5944    93.7480 1.0000e-12  -74.04876 -117.64458  46.863606      99.90 8.8538e+02    561.595      13479  1028.6492  1028.6486     4.4474     0.2219     0.1542    34.0321    34.0314    8.42043         23 0.0000e+00
    263.000    260.114    -1.6325  27.069500    -1.6320  27.069267     6.8500     7.0242     0.6202    94.3771 1.0000e-12  -74.04876 -117.64458  46.863618      99.89 8.8585e+02    562.566      13503  1028.6555  1028.6548     4.4772     0.2582     0.1304    34.0336    34.0328    8.42160         24 0.0000e+00
    264.000    261.102    -1.6336  27.069209    -1.6328  27.069218     6.8376     7.0080     0.5110    94.3098 1.0000e-12  -74.04876 -117.64458  46.863629      99.90 8.8330e+02    563.535      13526  1028.6605  1028.6598     4.4740     0.2053     0.1360    34.0339    34.0330    8.42184         23 0.0000e+00
    265.000    262.092    -1.6344  27.069415    -1.6337  27.069150     6.8094     6.9835     0.6075    94.0094 1.0000e-12  -74.04876 -117.64458  46.863640      97.38 8.8556e+02    564.522      13550  1028.6658  1028.6648     4.4597     0.1433     0.1348    34.0344    34.0333    8.42198         24 0.0000e+00
    266.000    263.079    -1.6426  27.064665    -1.6424  27.064490     6.7868     6.9674     0.6148    94.1713 1.0000e-12  -74.04876 -117.64458  46.863652      95.27 8.8608e+02    565.531      13574  1028.6728  1028.6724     4.4674     0.1522     0.1828    34.0366    34.0361    8.42372         24 0.0000e+00
    267.000    264.068    -1.6531  27.059528    -1.6522  27.059466     6.7634     6.9626     0.6467    94.2922 1.0000e-12  -74.04876 -117.64458  46.863663      99.97 8.8362e+02    566.516      13597  1028.6817  1028.6807     4.4732     0.2043     0.1318    34.0409    34.0398    8.42585         23 0.0000e+00
    268.000    265.056    -1.6574  27.057543    -1.6566  27.057343     6.7636     6.9510     0.6723    94.4312 1.0000e-12  -74.04876 -117.64458  46.863674      99.91 8.8482e+02    567.457      13620  1028.6878  1028.6869     4.4797     0.1390     0.1330    34.0424    34.0413    8.42673         23 0.0000e+00
    269.000    266.046    -1.6585  27.057132    -1.6574  27.057214     6.7648     6.9428     0.7832    94.2526 1.0000e-12  -74.04874 -117.64458  46.863685      99.90 8.8601e+02    568.394      13642  1028.6927  1028.6917     4.4712     0.1958     0.1325    34.0425    34.0414    8.42698         22 0.0000e+00
    270.000    267.033    -1.6593  27.057045    -1.6589  27.056680     6.7635     6.9438     0.6992    93.9517 1.0000e-12  -74.04876 -117.64458  46.863696      99.90 8.8427e+02    569.339      13665  1028.6976  1028.6969     4.4570     0.1549     0.1330    34.0426    34.0417    8.42715         23 0.0000e+00
    271.000    268.020    -1.6598  27.057266    -1.6591  27.057137     6.7681     6.9441     0.5341    94.3051 1.0000e-12  -74.04874 -117.64458  46.863708      99.90 8.8419e+02    570.337      13689  1028.7025  1028.7017     4.4738     0.2345     0.1333    34.0429    34.0420    8.42725         25 0.0000e+00
    272.000    269.010    -1.6604  27.057438    -1.6595  27.057376     6.7642     6.9402     0.5987    93.7864 1.0000e-12  -74.04874 -117.64458  46.863720      99.90 8.8640e+02    571.435      13715  1028.7076  1028.7066     4.4493     0.1958     0.1334    34.0432    34.0421    8.42737         26 0.0000e+00
    273.000    269.997    -1.6608  27.057803    -1.6603  27.057466     6.7554     6.9335     0.7034    94.4551 1.0000e-12  -74.04874 -117.64458  46.863734      99.90 8.8445e+02    572.582      13743  1028.7125  1028.7117     4.4806     0.1566     0.1339    34.0435    34.0425    8.42744         27 0.0000e+00
    274.000    270.985    -1.6647  27.055746    -1.6635  27.055890     6.7476     6.9273     0.9509    94.3223 1.0000e-12  -74.04874 -117.64458  46.863746      99.90 8.8355e+02    573.683      13769  1028.7183  1028.7174     4.4746     0.2196     0.1358    34.0446    34.0434    8.42827         26 0.0000e+00
    275.000    271.975    -1.6688  27.053622    -1.6683  27.053420     6.7327     6.9140     0.9026    94.3540 1.0000e-12  -74.04874 -117.64458  46.863759      99.90 8.8559e+02    574.775      13796  1028.7242  1028.7235     4.4759     0.1821     0.1355    34.0456    34.0448    8.42913         27 0.0000e+00
    276.000    272.962    -1.6763  27.049870    -1.6757  27.049901     6.7217     6.9029     0.6411    93.9495 1.0000e-12  -74.04874 -117.64458  46.863772      99.91 8.8434e+02    575.941      13824  1028.7316  1028.7311     4.4571     0.1419     0.1357    34.0483    34.0477    8.43066         28 0.0000e+00
    277.000    273.952    -1.6812  27.047797    -1.6805  27.047612     6.7192     6.8937     0.5467    93.9840 1.0000e-12  -74.04874 -117.64458  46.863786      99.90 8.8338e+02    577.102      13851  1028.7383  1028.7375     4.4585     0.1789     0.1325    34.0505    34.0495    8.43166         27 0.0000e+00
    278.000    274.937    -1.6816  27.048138    -1.6810  27.047859     6.7163     6.8867     0.8018    93.9844 1.0000e-12  -74.04874 -117.64458  46.863799      95.61 8.8549e+02    578.207      13878  1028.7433  1028.7424     4.4586     0.2246     0.4101    34.0508    34.0497    8.43174         27 0.0000e+00
    279.000    275.930    -1.6819  27.048316    -1.6812  27.048126     6.7086     6.8854     0.8949    94.3701 1.0000e-12  -74.04874 -117.64458  46.863811      99.15 8.8489e+02    579.288      13904  1028.7480  1028.7471     4.4768     0.1756     0.1347    34.0508    34.0497    8.43180         24 0.0000e+00
    280.000    276.916    -1.6828  27.048307    -1.6822  27.048024     6.7079     6.8856     0.6857    94.2843 1.0000e-12  -74.04874 -117.64458  46.863822      99.90 8.8189e+02    580.238      13927  1028.7531  1028.7522     4.4727     0.2114     0.1390    34.0511    34.0501    8.43198         22 0.0000e+00
    281.000    277.905    -1.6863  27.046648    -1.6858  27.046352     6.7094     6.8800     0.5021    93.6164 1.0000e-12  -74.04874 -117.64458  46.863834      99.90 8.8539e+02    581.238      13951  1028.7589  1028.7581     4.4411     0.2367     0.1363    34.0522    34.0513    8.43272         27 0.0000e+00
    282.000    278.894    -1.6892  27.045355    -1.6888  27.045024     6.7062     6.8784     0.8410    93.3540 1.0000e-12  -74.04874 -117.64458  46.863847      99.91 8.8541e+02    582.371      13978  1028.7645  1028.7638     4.4288     0.1551     0.1575    34.0531    34.0522    8.43332         28 0.0000e+00
    283.000    279.881    -1.6909  27.044884    -1.6903  27.044690     6.6954     6.8778     1.1531    93.8535 1.0000e-12  -74.04874 -117.64458  46.863860      99.90 8.8249e+02    583.539      14006  1028.7699  1028.7691     4.4523     0.1967     0.1317    34.0538    34.0528    8.43367         27 0.0000e+00
    284.000    280.870    -1.6914  27.045024    -1.6908  27.044728     6.6932     6.8714     0.8474    93.7532 1.0000e-12  -74.04874 -117.64458  46.863873      99.90 8.8531e+02    584.646      14033  1028.7748  1028.7738     4.4476     0.1998     0.1303    34.0539    34.0528    8.43377         26 0.0000e+00
    285.000    281.857    -1.6920  27.045032    -1.6914  27.044840     6.7006     6.8721     0.8434    93.9399 1.0000e-12  -74.04874 -117.64458  46.863886      99.90 8.8510e+02    585.752      14059  1028.7797  1028.7788     4.4565     0.2004     0.1378    34.0541    34.0531    8.43391         27 0.0000e+00
    286.000    282.846    -1.6928  27.044992    -1.6922  27.044785     6.7022     6.8690     0.7061    94.1413 1.0000e-12  -74.04874 -117.64458  46.863899      99.90 8.8201e+02    586.870      14086  1028.7846  1028.7838     4.4660     0.1930     0.1373    34.0543    34.0533    8.43408         26 0.0000e+00
    287.000    283.835    -1.6957  27.043487    -1.6953  27.043270     6.6881     6.8605     0.5750    94.4799 1.0000e-12  -74.04874 -117.64458  46.863912      99.91 8.8389e+02    587.974      14112  1028.7900  1028.7894     4.4821     0.1925     0.1331    34.0549    34.0541    8.43470         28 0.0000e+00
    288.000    284.822    -1.6994  27.041843    -1.6989  27.041589     6.6876     6.8535     0.5692    94.3735 1.0000e-12  -74.04874 -117.64458  46.863925      99.88 8.8540e+02    589.140      14140  1028.7961  1028.7953     4.4769     0.3297     0.1328    34.0562    34.0553    8.43546         28 0.0000e+00
    289.000    285.810    -1.7024  27.040351    -1.7017  27.040227     6.6787     6.8507     0.7103    93.5385 1.0000e-12  -74.04874 -117.64458  46.863939      97.91 8.8339e+02    590.355      14170  1028.8016  1028.8007     4.4375     0.1698     0.1310    34.0570    34.0560    8.43611         27 0.0000e+00
    290.000    286.798    -1.7043  27.039666    -1.7036  27.039450     6.6658     6.8420     0.6073    94.1356 1.0000e-12  -74.04874 -117.64458  46.863952      91.88 8.8443e+02    591.489      14197  1028.8069  1028.8060     4.4658     0.1422     0.1304    34.0575    34.0564    8.43649         26 0.0000e+00
    291.000    287.788    -1.7074  27.038592    -1.7069  27.038355     6.6577     6.8327     0.6561    93.5897 1.0000e-12  -74.04874 -117.64458  46.863965      99.06 8.8532e+02    592.581      14223  1028.8130  1028.8122     4.4399     0.3307     0.1270    34.0589    34.0580    8.43712         26 0.0000e+00
    292.000    288.775    -1.7111  27.037393    -1.7106  27.037271     6.6556     6.8246     0.8041    94.5119 1.0000e-12  -74.04874 -117.64458  46.863977      99.92 8.8211e+02    593.590      14247  1028.8196  1028.8188     4.4835     0.1531     0.1283    34.0609    34.0601    8.43785         23 0.0000e+00
    293.000    289.765    -1.7144  27.035931    -1.7138  27.035756     6.6526     6.8221     0.6881    94.5068 1.0000e-12  -74.04874 -117.64458  46.863988      99.90 8.8368e+02    594.572      14271  1028.8254  1028.8246     4.4833     0.1600     0.1327    34.0620    34.0611    8.43852         25 0.0000e+00
    294.000    290.753    -1.7178  27.034407    -1.7172  27.034297     6.6546     6.8195     0.5893    94.3041 1.0000e-12  -74.04874 -117.64458  46.864001      99.91 8.8540e+02    595.681      14297  1028.8312  1028.8306     4.4737     0.1345     0.1262    34.0631    34.0623    8.43923         28 0.0000e+00
    295.000    291.741    -1.7198  27.033720    -1.7192  27.033483     6.6601     6.8241     0.7040    93.8776 1.0000e-12  -74.04874 -117.64458  46.864014      99.90 8.8340e+02    596.836      14325  1028.8366  1028.8358     4.4535     0.1513     0.1317    34.0638    34.0629    8.43964         27 0.0000e+00
    296.000    292.729    -1.7205  27.033851    -1.7199  27.033584     6.6531     6.8238     0.6877    93.9156 1.0000e-12  -74.04874 -117.64458  46.864027      99.91 8.8268e+02    597.955      14352  1028.8417  1028.8409     4.4553     0.1648     0.1340    34.0642    34.0632    8.43978         27 0.0000e+00
    297.000    293.716    -1.7220  27.033306    -1.7216  27.033007     6.6540     6.8282     0.7018    94.0912 1.0000e-12  -74.04874 -117.64458  46.864040      99.90 8.8455e+02    599.065      14379  1028.8468  1028.8460     4.4636     0.2397     0.1330    34.0645    34.0636    8.44010         27 0.0000e+00
    298.000    294.705    -1.7233  27.033135    -1.7227  27.032821     6.6527     6.8195     0.6661    93.7170 1.0000e-12  -74.04874 -117.64458  46.864054      99.89 8.8243e+02    600.239      14407  1028.8521  1028.8512     4.4459     0.2318     0.1367    34.0652    34.0640    8.44036         29 0.0000e+00
    299.000    295.694    -1.7240  27.033152    -1.7235  27.032948     6.6408     6.8145     0.9102    92.1771 1.0000e-12  -74.04874 -117.64458  46.864067      99.90 8.8319e+02    601.399      14435  1028.8570  1028.8564     4.3729     0.1771     0.1279    34.0653    34.0646    8.44051         27 0.0000e+00
    300.000    296.681    -1.7244  27.033643    -1.7239  27.033327     6.6415     6.8108     0.7547    93.4805 1.0000e-12  -74.04874 -117.64458  46.864080      99.89 8.8496e+02    602.533      14462  1028.8623  1028.8614     4.4344     0.2556     0.1324    34.0659    34.0648    8.44058         27 0.0000e+00
    301.000    297.671    -1.7244  27.034263    -1.7239  27.034040     6.6372     6.8039     0.7893    93.4632 1.0000e-12  -74.04874 -117.64458  46.864094      89.07 8.8262e+02    603.697      14490  1028.8672  1028.8664     4.4341     0.1726     0.1289    34.0661    34.0652    8.44056         28 0.0000e+00
    302.000    298.658    -1.7246  27.034983    -1.7239  27.034727     6.6330     6.7988     0.7933    94.2626 1.0000e-12  -74.04874 -117.64458  46.864107      97.80 8.8262e+02    604.844      14517  1028.8724  1028.8715     4.4718     0.2484     0.1344    34.0667    34.0656    8.44056         27 0.0000e+00
    303.000    299.646    -1.7255  27.035492    -1.7248  27.035192     6.6216     6.7970     0.6607    93.5336 1.0000e-12  -74.04874 -117.64458  46.864120      99.02 8.8458e+02    605.959      14544  1028.8781  1028.8771     4.4373     0.1514     0.1288    34.0678    34.0666    8.44070         27 0.0000e+00
    304.000    300.635    -1.7259  27.035828    -1.7253  27.035540     6.6048     6.7835     0.7896    93.9626 1.0000e-12  -74.04874 -117.64458  46.864133      98.74 8.8306e+02    607.094      14571  1028.8832  1028.8823     4.4573     0.1439     0.1293    34.0681    34.0671    8.44078         27 0.0000e+00
    305.000    301.623    -1.7275  27.035651    -1.7270  27.035482     6.5965     6.7673     0.6368    94.2339 1.0000e-12  -74.04874 -117.64458  46.864146      98.78 8.8170e+02    608.197      14598  1028.8888  1028.8881     4.4704     0.2914     0.1300    34.0691    34.0683    8.44108         26 0.0000e+00
    306.000    302.611    -1.7342  27.033061    -1.7336  27.032959     6.5957     6.7664     0.6979    94.1924 1.0000e-12  -74.04874 -117.64458  46.864158      96.81 8.8483e+02    609.289      14624  1028.8968  1028.8962     4.4685     0.1602     0.1364    34.0725    34.0718    8.44240         27 0.0000e+00
    307.000    303.599    -1.7394  27.030808    -1.7388  27.030706     6.5938     6.7673     1.0951    94.3572 1.0000e-12  -74.04874 -117.64458  46.864172      95.83 8.8415e+02    610.437      14651  1028.9037  1028.9030     4.4762     0.1992     0.1310    34.0747    34.0739    8.44346         28 0.0000e+00
    308.000    304.587    -1.7463  27.026482    -1.7457  27.026358     6.6000     6.7667     1.1105    94.2855 1.0000e-12  -74.04874 -117.64458  46.864185      94.93 8.8157e+02    611.605      14680  1028.9099  1028.9091     4.4728     0.2670     0.1356    34.0761    34.0752    8.44496         28 0.0000e+00
    309.000    305.577    -1.7486  27.025492    -1.7481  27.025290     6.6034     6.7642     1.2462    94.1050 1.0000e-12  -74.04874 -117.64458  46.864198      93.81 8.8481e+02    612.741      14707  1028.9152  1028.9145     4.4643     0.1772     0.1329    34.0767    34.0758    8.44544         27 0.0000e+00
    310.000    306.563    -1.7490  27.025935    -1.7485  27.025677     6.5966     6.7588     1.0625    93.4600 1.0000e-12  -74.04874 -117.64458  46.864212      92.88 8.8357e+02    613.911      14735  1028.9203  1028.9196     4.4337     0.2225     0.1328    34.0771    34.0762    8.44550         29 0.0000e+00
    311.000    307.552    -1.7502  27.026033    -1.7498  27.025667     6.5899     6.7537     1.3200    93.1427 1.0000e-12  -74.04874 -117.64458  46.864225      91.97 8.8211e+02    615.068      14763  1028.9258  1028.9251     4.4186     0.1468     0.1355    34.0780    34.0770    8.44573         26 0.0000e+00
