ocean_section_plots/required_files/ctd/dnbp2202_ctd022.cnv
* Sea-Bird SBE 9 Data File:
* FileName = D:\Data\raw\NBP2202_CTD022.hex
* Software Version Seasave V 7.26.7.121
* Temperature SN = 1649
* Conductivity SN = 2513
* Number of Bytes Per Scan = 40
* Number of Voltage Words = 5
* Number of Scans Averaged by the Deck Unit = 1
* NMEA Latitude = 74 13.84 S
* NMEA Longitude = 112 04.61 W
* NMEA UTC (Time) = Jan 20 2022  06:24:14
* NMEA baud rate = 9600
** Ship: RVIB N.B. Palmer
** Cruise: NBP2202 Thwaites
** Station: 14
** Operator: B.Bjork
# nquan = 25
# nvalues = 870                         
# units = specified
# name 0 = prDM: Pressure, Digiquartz [db]
# name 1 = depSM: Depth [salt water, m]
# name 2 = t090C: Temperature [ITS-90, deg C]
# name 3 = c0mS/cm: Conductivity [mS/cm]
# name 4 = t190C: Temperature, 2 [ITS-90, deg C]
# name 5 = c1mS/cm: Conductivity, 2 [mS/cm]
# name 6 = sbeox0ML/L: Oxygen, SBE 43 [ml/l]
# name 7 = sbeox1ML/L: Oxygen, SBE 43, 2 [ml/l]
# name 8 = flECO-AFL: Fluorescence, WET Labs ECO-AFL/FL [mg/m^3]
# name 9 = CStarTr0: Beam Transmission, WET Labs C-Star [%]
# name 10 = par: PAR/Irradiance, Biospherical/Licor
# name 11 = latitude: Latitude [deg]
# name 12 = longitude: Longitude [deg]
# name 13 = timeJ: Julian Days
# name 14 = altM: Altimeter [m]
# name 15 = spar: SPAR, Biospherical/Licor
# name 16 = timeS: Time, Elapsed [seconds]
# name 17 = scan: Scan Count
# name 18 = density00: Density [density, kg/m^3]
# name 19 = density11: Density, 2 [density, kg/m^3]
# name 20 = sal00: Salinity, Practical [PSU]
# name 21 = sal11: Salinity, Practical, 2 [PSU]
# name 22 = oxsolML/L: Oxygen Saturation, Garcia & Gordon [ml/l]
# name 23 = nbin: number of scans per bin
# name 24 = flag: flag
# span 0 =      2.000,    871.000       
# span 1 =      1.966,    860.178       
# span 2 =    -1.4573,     0.4384       
# span 3 =  27.092332,  29.442308       
# span 4 =    -1.4562,     0.4405       
# span 5 =  27.092079,  29.442034       
# span 6 =     4.6015,     7.8517       
# span 7 =     4.8595,     8.2548       
# span 8 =    -0.0150,    15.5907       
# span 9 =    79.7365,    98.2146       
# span 10 = -3.306e-05, 5.3069e+01      
# span 11 =  -74.23076,  -74.23074      
# span 12 = -112.07688, -112.07684      
# span 13 =  20.272596,  20.286586      
# span 14 =       4.18,     100.04      
# span 15 = 1.3509e+02, 1.3729e+02      
# span 16 =    498.316,   1707.047      
# span 17 =      11961,      40970      
# span 18 =  1027.2115,  1031.8035      
# span 19 =  1027.2100,  1031.8012      
# span 20 =    33.8131,    34.5304      
# span 21 =    33.8111,    34.5276      
# span 22 =    7.94551,    8.38709      
# span 23 =          8,         48      
# span 24 = 0.0000e+00, 0.0000e+00      
# interval = decibars: 1                
# start_time = Jan 20 2022 06:24:14 [NMEA time, header]
# bad_flag = -9.990e-29
*END*
[from data line 754]
    756.000    746.813     0.4371  29.396384     0.4392  29.396037     4.6210     4.8819    -0.0048    97.9326 1.0000e-12  -74.23074 -112.07686  20.284352      99.87 1.3509e+02   1514.007      36337  1031.2679  1031.2655    34.5300    34.5273    7.94577         27 0.0000e+00
    757.000    747.798     0.4379  29.397796     0.4399  29.397330     4.6230     4.8790    -0.0020    97.9555 1.0000e-12  -74.23074 -112.07686  20.284365      99.87 1.3554e+02   1515.118      36364  1031.2728  1031.2704    34.5304    34.5276    7.94559         27 0.0000e+00
    758.000    748.786     0.4378  29.398066     0.4398  29.397683     4.6179     4.8863    -0.0004    97.9528 1.0000e-12  -74.23074 -112.07686  20.284378      99.87 1.3542e+02   1516.234      36391  1031.2774  1031.2750    34.5303    34.5275    7.94561         27 0.0000e+00
    759.000    749.769     0.4373  29.398028     0.4395  29.397750     4.6231     4.8827     0.0058    97.9236 1.0000e-12  -74.23074 -112.07684  20.284391      70.57 1.3574e+02   1517.358      36418  1031.2821  1031.2797    34.5303    34.5274    7.94572         26 0.0000e+00
    760.000    750.757     0.4376  29.398721     0.4398  29.398590     4.6194     4.8785     0.0004    97.9395 1.0000e-12  -74.23074 -112.07686  20.284404      85.93 1.3574e+02   1518.467      36444  1031.2868  1031.2844    34.5302    34.5276    7.94566         27 0.0000e+00
    761.000    751.743     0.4372  29.398783     0.4394  29.398587     4.6168     4.8814    -0.0012    97.9566 1.0000e-12  -74.23074 -112.07685  20.284417      98.38 1.3574e+02   1519.586      36471  1031.2914  1031.2891    34.5302    34.5275    7.94575         27 0.0000e+00
    762.000    752.727     0.4369  29.398951     0.4390  29.398593     4.6188     4.8793     0.0062    97.9373 1.0000e-12  -74.23074 -112.07686  20.284430      99.89 1.3574e+02   1520.722      36498  1031.2961  1031.2937    34.5302    34.5274    7.94581         27 0.0000e+00
    763.000    753.715     0.4350  29.397341     0.4369  29.396867     4.6219     4.8781     0.0069    97.9466 1.0000e-12  -74.23074 -112.07686  20.284442      99.86 1.3574e+02   1521.830      36525  1031.3005  1031.2982    34.5296    34.5269    7.94623         26 0.0000e+00
    764.000    754.701     0.4343  29.397136     0.4365  29.396942     4.6150     4.8807     0.0069    97.9528 1.0000e-12  -74.23074 -112.07686  20.284455      99.87 1.3574e+02   1522.936      36551  1031.3052  1031.3030    34.5295    34.5269    7.94637         27 0.0000e+00
    765.000    755.686     0.4345  29.397605     0.4366  29.397365     4.6173     4.8715     0.0069    97.8935 1.0000e-12  -74.23074 -112.07686  20.284468      99.87 1.3574e+02   1524.063      36579  1031.3098  1031.3075    34.5294    34.5267    7.94635         27 0.0000e+00
    766.000    756.671     0.4346  29.398159     0.4366  29.397872     4.6138     4.8772    -0.0000    97.9262 1.0000e-12  -74.23074 -112.07686  20.284481      99.87 1.3574e+02   1525.171      36605  1031.3145  1031.3122    34.5295    34.5269    7.94633         27 0.0000e+00
    767.000    757.659     0.4349  29.398931     0.4369  29.398625     4.6188     4.8808     0.0139    97.8957 1.0000e-12  -74.23074 -112.07686  20.284494      57.20 1.3574e+02   1526.284      36632  1031.3192  1031.3169    34.5295    34.5269    7.94626         27 0.0000e+00
    768.000    758.645     0.4350  29.399485     0.4372  29.399301     4.6198     4.8815     0.0069    97.9165 1.0000e-12  -74.23074 -112.07686  20.284507      99.80 1.3574e+02   1527.415      36659  1031.3239  1031.3215    34.5296    34.5269    7.94624         27 0.0000e+00
    769.000    759.631     0.4350  29.399924     0.4372  29.399799     4.6173     4.8820     0.0077    97.9574 1.0000e-12  -74.23074 -112.07686  20.284520      99.87 1.3574e+02   1528.538      36686  1031.3285  1031.3262    34.5295    34.5269    7.94623         27 0.0000e+00
    770.000    760.616     0.4349  29.400335     0.4372  29.400102     4.6174     4.8820     0.0124    97.9128 1.0000e-12  -74.23074 -112.07686  20.284533      99.86 1.3574e+02   1529.665      36713  1031.3332  1031.3308    34.5296    34.5268    7.94624         27 0.0000e+00
    771.000    761.603     0.4356  29.401453     0.4377  29.401232     4.6181     4.8819     0.0015    97.9165 1.0000e-12  -74.23074 -112.07686  20.284546      81.14 1.3574e+02   1530.796      36740  1031.3380  1031.3357    34.5298    34.5271    7.94610         27 0.0000e+00
    772.000    762.589     0.4358  29.402184     0.4379  29.401826     4.6149     4.8819     0.0132    97.9128 1.0000e-12  -74.23074 -112.07686  20.284559      95.68 1.3574e+02   1531.899      36767  1031.3428  1031.3403    34.5299    34.5271    7.94605         26 0.0000e+00
    773.000    763.574     0.4373  29.404226     0.4394  29.403857     4.6162     4.8816     0.0069    97.9127 1.0000e-12  -74.23074 -112.07686  20.284572      99.90 1.3574e+02   1533.007      36793  1031.3476  1031.3451    34.5303    34.5275    7.94572         27 0.0000e+00
    774.000    764.561     0.4372  29.404434     0.4396  29.404395     4.6175     4.8768     0.0083    97.9485 1.0000e-12  -74.23074 -112.07686  20.284585      99.86 1.3574e+02   1534.142      36820  1031.3521  1031.3498    34.5301    34.5274    7.94575         27 0.0000e+00
    775.000    765.546     0.4367  29.404402     0.4391  29.404498     4.6210     4.8812     0.0126    97.9176 1.0000e-12  -74.23074 -112.07686  20.284598      99.86 1.3574e+02   1535.245      36847  1031.3568  1031.3546    34.5301    34.5275    7.94586         27 0.0000e+00
    776.000    766.532     0.4366  29.404733     0.4390  29.404690     4.6211     4.8787     0.0048    97.8914 1.0000e-12  -74.23074 -112.07686  20.284610      99.77 1.3574e+02   1536.336      36873  1031.3614  1031.3591    34.5300    34.5273    7.94587         26 0.0000e+00
    777.000    767.518     0.4366  29.405067     0.4381  29.404188     4.6190     4.8802     0.0018    97.9325 1.0000e-12  -74.23074 -112.07686  20.284623      98.76 1.3574e+02   1537.452      36900  1031.3661  1031.3637    34.5299    34.5271    7.94589         27 0.0000e+00
    778.000    768.505     0.4370  29.406038     0.4386  29.405121     4.6179     4.8791     0.0069    97.9207 1.0000e-12  -74.23074 -112.07686  20.284636      98.46 1.3574e+02   1538.565      36927  1031.3708  1031.3684    34.5301    34.5272    7.94578         26 0.0000e+00
    779.000    769.490     0.4362  29.405525     0.4382  29.405130     4.6155     4.8808     0.0069    97.8800 1.0000e-12  -74.23074 -112.07686  20.284649      97.39 1.3574e+02   1539.672      36953  1031.3754  1031.3731    34.5298    34.5271    7.94597         27 0.0000e+00
    780.000    770.476     0.4361  29.405776     0.4381  29.405607     4.6209     4.8790     0.0069    97.9049 1.0000e-12  -74.23074 -112.07686  20.284662      96.29 1.3574e+02   1540.787      36980  1031.3799  1031.3778    34.5297    34.5272    7.94600         27 0.0000e+00
    781.000    771.462     0.4362  29.406442     0.4383  29.406134     4.6222     4.8717     0.0093    97.9173 1.0000e-12  -74.23074 -112.07686  20.284675      95.17 1.3574e+02   1541.902      37007  1031.3848  1031.3824    34.5299    34.5271    7.94597         27 0.0000e+00
    782.000    772.448     0.4364  29.407106     0.4386  29.406896     4.6197     4.8741     0.0118    97.9137 1.0000e-12  -74.23074 -112.07686  20.284688      94.14 1.3574e+02   1543.021      37034  1031.3895  1031.3871    34.5299    34.5272    7.94592         27 0.0000e+00
    783.000    773.434     0.4367  29.407768     0.4387  29.407391     4.6205     4.8775     0.0070    97.9231 1.0000e-12  -74.23074 -112.07686  20.284701      93.15 1.3574e+02   1544.154      37061  1031.3941  1031.3917    34.5299    34.5271    7.94587         27 0.0000e+00
    784.000    774.420     0.4371  29.408705     0.4392  29.408327     4.6177     4.8795     0.0096    97.9241 1.0000e-12  -74.23074 -112.07686  20.284714      90.22 1.3574e+02   1545.279      37088  1031.3988  1031.3964    34.5300    34.5273    7.94577         27 0.0000e+00
    785.000    775.406     0.4371  29.408956     0.4393  29.408866     4.6161     4.8746     0.0113    97.9356 1.0000e-12  -74.23074 -112.07686  20.284727      91.14 1.3574e+02   1546.414      37115  1031.4034  1031.4011    34.5299    34.5273    7.94579         27 0.0000e+00
    786.000    776.392     0.4376  29.410008     0.4397  29.409691     4.6159     4.8703     0.0101    97.9365 1.0000e-12  -74.23074 -112.07686  20.284740      90.25 1.3574e+02   1547.575      37143  1031.4082  1031.4058    34.5301    34.5274    7.94567         28 0.0000e+00
    787.000    777.378     0.4380  29.410711     0.4399  29.410337     4.6168     4.8787     0.0069    97.9201 1.0000e-12  -74.23074 -112.07686  20.284754      89.16 1.3574e+02   1548.720      37170  1031.4127  1031.4105    34.5300    34.5274    7.94559         27 0.0000e+00
    788.000    778.364     0.4378  29.410942     0.4397  29.410607     4.6212     4.8832    -0.0008    97.8923 1.0000e-12  -74.23074 -112.07686  20.284767      88.22 1.3574e+02   1549.848      37197  1031.4174  1031.4152    34.5299    34.5274    7.94564         27 0.0000e+00
    789.000    779.349     0.4383  29.412021     0.4404  29.411743     4.6186     4.8825     0.0035    97.8979 1.0000e-12  -74.23074 -112.07686  20.284780      87.02 1.3574e+02   1550.989      37225  1031.4222  1031.4199    34.5302    34.5275    7.94552         28 0.0000e+00
    790.000    780.335     0.4384  29.412428     0.4405  29.412111     4.6163     4.8728     0.0069    97.8960 1.0000e-12  -74.23074 -112.07686  20.284793      86.27 1.3574e+02   1552.140      37252  1031.4268  1031.4245    34.5301    34.5274    7.94551         28 0.0000e+00
    791.000    781.322     0.4375  29.411971     0.4397  29.411845     4.6195     4.8737     0.0069    97.8530 1.0000e-12  -74.23074 -112.07686  20.284807      85.22 1.3574e+02   1553.283      37280  1031.4314  1031.4291    34.5299    34.5273    7.94570         27 0.0000e+00
    792.000    782.307     0.4369  29.411877     0.4392  29.411745     4.6205     4.8786     0.0069    97.9122 1.0000e-12  -74.23074 -112.07686  20.284820      84.10 1.3574e+02   1554.453      37308  1031.4361  1031.4337    34.5298    34.5271    7.94582         29 0.0000e+00
    793.000    783.292     0.4370  29.412374     0.4391  29.411985     4.6208     4.8782     0.0127    97.9240 1.0000e-12  -74.23074 -112.07686  20.284834      82.93 1.3574e+02   1555.662      37337  1031.4408  1031.4384    34.5299    34.5270    7.94581         29 0.0000e+00
    794.000    784.280     0.4370  29.412684     0.4391  29.412413     4.6164     4.8794     0.0009    97.9066 1.0000e-12  -74.23074 -112.07686  20.284848      81.98 1.3574e+02   1556.885      37366  1031.4453  1031.4430    34.5297    34.5270    7.94582         30 0.0000e+00
    795.000    785.264     0.4373  29.413410     0.4393  29.413019     4.6187     4.8751     0.0016    97.9373 1.0000e-12  -74.23074 -112.07686  20.284863      81.03 1.3574e+02   1558.122      37396  1031.4500  1031.4477    34.5297    34.5270    7.94576         29 0.0000e+00
    796.000    786.251     0.4374  29.414030     0.4396  29.413757     4.6154     4.8668     0.0124    97.9407 1.0000e-12  -74.23074 -112.07686  20.284877      80.10 1.3574e+02   1559.361      37426  1031.4548  1031.4524    34.5299    34.5270    7.94573         30 0.0000e+00
    797.000    787.236     0.4369  29.413984     0.4391  29.413786     4.6159     4.8731     0.0069    97.9424 1.0000e-12  -74.23074 -112.07686  20.284891      79.12 1.3574e+02   1560.609      37456  1031.4594  1031.4571    34.5298    34.5271    7.94583         30 0.0000e+00
    798.000    788.224     0.4368  29.414274     0.4390  29.414071     4.6179     4.8765     0.0028    97.9174 1.0000e-12  -74.23074 -112.07686  20.284906      78.06 1.3574e+02   1561.843      37485  1031.4640  1031.4617    34.5296    34.5270    7.94585         27 0.0000e+00
    799.000    789.208     0.4369  29.414752     0.4389  29.414537     4.6165     4.8744     0.0127    97.9376 1.0000e-12  -74.23074 -112.07686  20.284920      77.00 1.3574e+02   1563.080      37515  1031.4686  1031.4664    34.5296    34.5271    7.94584         30 0.0000e+00
    800.000    790.194     0.4370  29.415313     0.4392  29.415115     4.6198     4.8731     0.0111    97.9304 1.0000e-12  -74.23074 -112.07686  20.284934      76.11 1.3574e+02   1564.317      37545  1031.4734  1031.4711    34.5297    34.5270    7.94582         30 0.0000e+00
    801.000    791.180     0.4367  29.415465     0.4384  29.414694     4.6137     4.8716     0.0130    97.9445 1.0000e-12  -74.23074 -112.07686  20.284948      74.98 1.3574e+02   1565.548      37574  1031.4780  1031.4756    34.5296    34.5268    7.94588         29 0.0000e+00
    802.000    792.166     0.4351  29.414173     0.4369  29.413672     4.6106     4.8719     0.0076    97.9208 1.0000e-12  -74.23074 -112.07686  20.284963      74.04 1.3574e+02   1566.780      37604  1031.4825  1031.4802    34.5291    34.5265    7.94623         30 0.0000e+00
    803.000    793.151     0.4341  29.413483     0.4362  29.413278     4.6106     4.8760     0.0131    97.9339 1.0000e-12  -74.23074 -112.07686  20.284977      72.87 1.3574e+02   1568.006      37633  1031.4870  1031.4847    34.5288    34.5263    7.94646         29 0.0000e+00
    804.000    794.138     0.4343  29.414015     0.4363  29.413859     4.6130     4.8738     0.0069    97.9053 1.0000e-12  -74.23074 -112.07686  20.284991      71.95 1.3574e+02   1569.238      37663  1031.4916  1031.4894    34.5288    34.5263    7.94643         30 0.0000e+00
    805.000    795.124     0.4343  29.414674     0.4367  29.414553     4.6138     4.8743     0.0129    97.9265 1.0000e-12  -74.23074 -112.07686  20.285006      70.92 1.3574e+02   1570.505      37693  1031.4964  1031.4940    34.5290    34.5262    7.94640         31 0.0000e+00
    806.000    796.109     0.4352  29.415975     0.4376  29.415955     4.6178     4.8755     0.0262    97.9116 1.0000e-12  -74.23074 -112.07686  20.285020      69.92 1.3574e+02   1571.765      37723  1031.5011  1031.4988    34.5291    34.5265    7.94622         30 0.0000e+00
    807.000    797.095     0.4351  29.416440     0.4371  29.415985     4.6143     4.8755     0.0091    97.8642 1.0000e-12  -74.23074 -112.07686  20.285035      68.89 1.3574e+02   1573.002      37753  1031.5058  1031.5035    34.5292    34.5264    7.94622         30 0.0000e+00
    808.000    798.081     0.4346  29.416131     0.4367  29.415964     4.6114     4.8744    -0.0003    97.9348 1.0000e-12  -74.23074 -112.07686  20.285049      67.84 1.3574e+02   1574.257      37783  1031.5103  1031.5080    34.5288    34.5263    7.94635         30 0.0000e+00
    809.000    799.066     0.4344  29.416367     0.4366  29.416271     4.6128     4.8692     0.0057    97.9031 1.0000e-12  -74.23074 -112.07686  20.285064      66.86 1.3574e+02   1575.515      37813  1031.5150  1031.5127    34.5288    34.5262    7.94640         30 0.0000e+00
    810.000    800.053     0.4349  29.417455     0.4372  29.417359     4.6114     4.8753     0.0006    97.8841 1.0000e-12  -74.23074 -112.07686  20.285078      65.92 1.3574e+02   1576.751      37843  1031.5198  1031.5174    34.5292    34.5264    7.94628         29 0.0000e+00
    811.000    801.038     0.4350  29.417952     0.4374  29.417979     4.6164     4.8725     0.0127    97.8867 1.0000e-12  -74.23074 -112.07686  20.285093      65.06 1.3574e+02   1577.998      37873  1031.5244  1031.5221    34.5291    34.5265    7.94626         30 0.0000e+00
    812.000    802.024     0.4355  29.418884     0.4375  29.418532     4.6134     4.8725     0.0205    97.8831 1.0000e-12  -74.23074 -112.07686  20.285107      64.01 1.3574e+02   1579.254      37903  1031.5291  1031.5268    34.5292    34.5264    7.94615         30 0.0000e+00
