ocean_section_plots/required_files/ctd/dnbp2202_ctd025.cnv
* Sea-Bird SBE 9 Data File:
* FileName = D:\Data\raw\NBP2202_CTD025.hex
* Software Version Seasave V 7.26.7.121
* Temperature SN = 1649
* Conductivity SN = 2513
* Number of Bytes Per Scan = 40
* Number of Voltage Words = 5
* Number of Scans Averaged by the Deck Unit = 1
* NMEA Latitude = 74 13.97 S
* NMEA Longitude = 112 17.24 W
* NMEA UTC (Time) = Jan 21 2022  06:38:34
* NMEA baud rate = 9600
** Ship: RVIB N.B. Palmer
** Cruise: NBP2202 Thwaites
** Station: Tow-Yo #1
** Operator: B. Bjork
# nquan = 25
# nvalues = 1023                        
# units = specified
# name 0 = prDM: Pressure, Digiquartz [db]
# name 1 = depSM: Depth [salt water, m]
# name 2 = t090C: Temperature [ITS-90, deg C]
# name 3 = c0mS/cm: Conductivity [mS/cm]
# name 4 = t190C: Temperature, 2 [ITS-90, deg C]
# name 5 = c1mS/cm: Conductivity, 2 [mS/cm]
# name 6 = sbeox0ML/L: Oxygen, SBE 43 [ml/l]
# name 7 = sbeox1ML/L: Oxygen, SBE 43, 2 [ml/l]
# name 8 = flECO-AFL: Fluorescence, WET Labs ECO-AFL/FL [mg/m^3]
# name 9 = CStarTr0: Beam Transmission, WET Labs C-Star [%]
# name 10 = par: PAR/Irradiance, Biospherical/Licor
# name 11 = latitude: Latitude [deg]
# name 12 = longitude: Longitude [deg]
# name 13 = timeJ: Julian Days
# name 14 = altM: Altimeter [m]
# name 15 = spar: SPAR, Biospherical/Licor
# name 16 = timeS: Time, Elapsed [seconds]
# name 17 = scan: Scan Count
# name 18 = density00: Density [density, kg/m^3]
# name 19 = density11: Density, 2 [density, kg/m^3]
# name 20 = sal00: Salinity, Practical [PSU]
# name 21 = sal11: Salinity, Practical, 2 [PSU]
# name 22 = oxsolML/L: Oxygen Saturation, Garcia & Gordon [ml/l]
# name 23 = nbin: number of scans per bin
# name 24 = flag: flag
# span 0 =      2.000,   1024.000       
# span 1 =      1.982,   1010.902       
# span 2 =    -1.4603,     0.5162       
# span 3 =  27.073409,  29.595853       
# span 4 =    -1.4592,     0.5184       
# span 5 =  27.073362,  29.595709       
# span 6 =     4.5813,     7.7842       
# span 7 =     4.8222,     8.2403       
# span 8 =    -0.0163,    12.7222       
# span 9 =    79.3261,    98.2490       
# span 10 = -2.070e-06, 1.0716e+02      
# span 11 =  -74.23296,  -74.23200      
# span 12 = -112.28696, -112.27465      
# span 13 =  21.282011,  21.299080      
# span 14 =       8.23,     100.04      
# span 15 = 5.1022e+02, 5.4778e+02      
# span 16 =    451.769,   1926.545      
# span 17 =      10843,      46238      
# span 18 =  1027.1974,  1032.5266      
# span 19 =  1027.1968,  1032.5245      
# span 20 =    33.8015,    34.5500      
# span 21 =    33.8006,    34.5476      
# span 22 =    7.92843,    8.38675      
# span 23 =         12,         48      
# span 24 = 0.0000e+00, 0.0000e+00      
# interval = decibars: 1                
# start_time = Jan 21 2022 06:38:34 [NMEA time, header]
# bad_flag = -9.990e-29
*END*
[from data line 812]
    814.000    803.996     0.4168  29.397739     0.4189  29.397714     4.6373     4.8863     0.0050    98.0386 1.0000e-12  -74.23212 -112.27720  21.295526      99.84 5.1829e+02   1619.460      38868  1031.5336  1031.5315    34.5213    34.5189    7.95044         31 0.0000e+00
    815.000    804.981     0.4179  29.399428     0.4201  29.399370     4.6289     4.8870     0.0067    98.0448 1.0000e-12  -74.23212 -112.27719  21.295541      99.84 5.1841e+02   1620.713      38898  1031.5385  1031.5363    34.5217    34.5191    7.95018         29 0.0000e+00
    816.000    805.968     0.4221  29.404375     0.4240  29.403996     4.6267     4.8883     0.0016    98.0146 1.0000e-12  -74.23212 -112.27718  21.295555      99.84 5.1911e+02   1621.935      38927  1031.5437  1031.5415    34.5229    34.5203    7.94925         30 0.0000e+00
    817.000    806.953     0.4248  29.407837     0.4271  29.407910     4.6276     4.8852     0.0107    98.0456 1.0000e-12  -74.23212 -112.27718  21.295569      72.76 5.1847e+02   1623.163      38957  1031.5488  1031.5467    34.5238    34.5214    7.94864         29 0.0000e+00
    818.000    807.939     0.4301  29.414069     0.4321  29.413734     4.6236     4.8877    -0.0031    98.0480 1.0000e-12  -74.23212 -112.27716  21.295583      84.41 5.1811e+02   1624.400      38987  1031.5543  1031.5520    34.5255    34.5229    7.94747         30 0.0000e+00
    819.000    808.924     0.4322  29.416888     0.4340  29.416286     4.6275     4.8870    -0.0043    98.0122 1.0000e-12  -74.23210 -112.27715  21.295598      99.64 5.1829e+02   1625.637      39016  1031.5594  1031.5571    34.5262    34.5235    7.94699         30 0.0000e+00
    820.000    809.911     0.4341  29.419391     0.4356  29.418665     4.6241     4.8789    -0.0004    98.0222 1.0000e-12  -74.23210 -112.27714  21.295612      99.84 5.1829e+02   1626.890      39046  1031.5644  1031.5622    34.5268    34.5242    7.94657         30 0.0000e+00
    821.000    810.895     0.4369  29.423078     0.4391  29.423065     4.6257     4.8817     0.0101    98.0280 1.0000e-12  -74.23210 -112.27712  21.295627      99.83 5.1829e+02   1628.141      39076  1031.5697  1031.5676    34.5279    34.5255    7.94593         29 0.0000e+00
    822.000    811.881     0.4384  29.425252     0.4406  29.425164     4.6258     4.8799     0.0081    97.9863 1.0000e-12  -74.23210 -112.27712  21.295641      99.84 5.1829e+02   1629.351      39105  1031.5747  1031.5726    34.5285    34.5260    7.94559         30 0.0000e+00
    823.000    812.868     0.4390  29.426190     0.4410  29.426179     4.6261     4.8808     0.0135    98.0003 1.0000e-12  -74.23210 -112.27710  21.295655      99.84 5.1829e+02   1630.577      39135  1031.5795  1031.5774    34.5285    34.5262    7.94547         29 0.0000e+00
    824.000    813.853     0.4391  29.426836     0.4411  29.426669     4.6265     4.8807     0.0056    98.0217 1.0000e-12  -74.23210 -112.27710  21.295669      99.84 5.1829e+02   1631.831      39165  1031.5842  1031.5822    34.5286    34.5262    7.94543         30 0.0000e+00
    825.000    814.840     0.4394  29.427543     0.4414  29.427342     4.6263     4.8781    -0.0007    97.9911 1.0000e-12  -74.23210 -112.27709  21.295684      99.83 5.1829e+02   1633.074      39195  1031.5890  1031.5868    34.5287    34.5262    7.94538         30 0.0000e+00
    826.000    815.825     0.4406  29.429263     0.4424  29.428926     4.6270     4.8818     0.0025    97.9794 1.0000e-12  -74.23210 -112.27708  21.295698      99.84 5.1829e+02   1634.309      39224  1031.5938  1031.5917    34.5291    34.5266    7.94511         30 0.0000e+00
    827.000    816.809     0.4416  29.430849     0.4435  29.430438     4.6269     4.8825     0.0069    98.0245 1.0000e-12  -74.23210 -112.27706  21.295712      99.84 5.1829e+02   1635.547      39254  1031.5987  1031.5965    34.5294    34.5268    7.94488         29 0.0000e+00
    828.000    817.796     0.4422  29.431982     0.4442  29.431848     4.6235     4.8843     0.0023    98.0120 1.0000e-12  -74.23210 -112.27705  21.295727      78.71 5.1829e+02   1636.768      39283  1031.6035  1031.6014    34.5297    34.5273    7.94475         30 0.0000e+00
    829.000    818.782     0.4423  29.432505     0.4446  29.432631     4.6253     4.8811     0.0049    98.0111 1.0000e-12  -74.23210 -112.27704  21.295741      56.39 5.1829e+02   1638.010      39313  1031.6082  1031.6061    34.5296    34.5273    7.94472         30 0.0000e+00
    830.000    819.767     0.4426  29.433347     0.4445  29.432984     4.6243     4.8800     0.0006    97.9873 1.0000e-12  -74.23210 -112.27704  21.295755      95.33 5.1829e+02   1639.257      39343  1031.6130  1031.6108    34.5299    34.5272    7.94466         30 0.0000e+00
    831.000    820.754     0.4423  29.433382     0.4445  29.433360     4.6259     4.8778     0.0066    97.9999 1.0000e-12  -74.23210 -112.27702  21.295769      99.81 5.1829e+02   1640.472      39372  1031.6176  1031.6155    34.5296    34.5272    7.94472         28 0.0000e+00
    832.000    821.739     0.4425  29.434111     0.4447  29.433948     4.6275     4.8842     0.0042    98.0283 1.0000e-12  -74.23210 -112.27701  21.295783      99.84 5.1829e+02   1641.686      39401  1031.6224  1031.6201    34.5298    34.5272    7.94467         30 0.0000e+00
    833.000    822.725     0.4439  29.436259     0.4461  29.436307     4.6277     4.8751    -0.0024    97.9922 1.0000e-12  -74.23210 -112.27700  21.295798      99.84 5.1829e+02   1642.924      39431  1031.6275  1031.6254    34.5305    34.5281    7.94436         29 0.0000e+00
    834.000    823.710     0.4444  29.437266     0.4464  29.437114     4.6259     4.8816     0.0145    97.9987 1.0000e-12  -74.23210 -112.27698  21.295812      99.83 5.1829e+02   1644.143      39460  1031.6323  1031.6301    34.5307    34.5283    7.94424         29 0.0000e+00
    835.000    824.696     0.4447  29.437884     0.4463  29.437485     4.6245     4.8824     0.0109    97.9820 1.0000e-12  -74.23210 -112.27698  21.295826      99.84 5.1842e+02   1645.352      39489  1031.6368  1031.6348    34.5306    34.5282    7.94418         30 0.0000e+00
    836.000    825.683     0.4439  29.437672     0.4459  29.437343     4.6299     4.8820     0.0025    97.9973 1.0000e-12  -74.23210 -112.27697  21.295840      99.84 5.1899e+02   1646.601      39519  1031.6417  1031.6393    34.5306    34.5280    7.94435         30 0.0000e+00
    837.000    826.666     0.4433  29.437332     0.4452  29.437117     4.6273     4.8820     0.0046    97.9782 1.0000e-12  -74.23210 -112.27696  21.295855      99.85 5.1853e+02   1647.833      39549  1031.6461  1031.6440    34.5303    34.5279    7.94449         29 0.0000e+00
    838.000    827.653     0.4436  29.438239     0.4456  29.437888     4.6244     4.8806    -0.0049    98.0014 1.0000e-12  -74.23210 -112.27695  21.295869      99.79 5.1794e+02   1649.049      39578  1031.6509  1031.6487    34.5305    34.5279    7.94441         30 0.0000e+00
    839.000    828.639     0.4437  29.438672     0.4457  29.438445     4.6255     4.8721     0.0055    98.0276 1.0000e-12  -74.23210 -112.27694  21.295883      89.16 5.1835e+02   1650.279      39608  1031.6555  1031.6534    34.5304    34.5279    7.94439         29 0.0000e+00
    840.000    829.625     0.4457  29.441317     0.4482  29.441496     4.6206     4.8752     0.0079    98.0404 1.0000e-12  -74.23210 -112.27693  21.295897      96.91 5.1835e+02   1651.501      39637  1031.6605  1031.6583    34.5311    34.5286    7.94395         29 0.0000e+00
    841.000    830.610     0.4485  29.444629     0.4509  29.444690     4.6151     4.8757     0.0095    98.0108 1.0000e-12  -74.23210 -112.27692  21.295911      99.86 5.1939e+02   1652.718      39666  1031.6654  1031.6631    34.5317    34.5291    7.94334         29 0.0000e+00
    842.000    831.595     0.4497  29.446246     0.4519  29.446228     4.6205     4.8772    -0.0032    98.0250 1.0000e-12  -74.23210 -112.27691  21.295925      99.84 5.1875e+02   1653.954      39696  1031.6701  1031.6679    34.5319    34.5294    7.94308         30 0.0000e+00
    843.000    832.582     0.4507  29.447889     0.4527  29.447560     4.6248     4.8712     0.0036    98.0314 1.0000e-12  -74.23210 -112.27690  21.295939      99.84 5.1829e+02   1655.164      39725  1031.6750  1031.6728    34.5323    34.5298    7.94285         29 0.0000e+00
    844.000    833.566     0.4517  29.449220     0.4537  29.449179     4.6190     4.8700     0.0074    98.0009 1.0000e-12  -74.23210 -112.27688  21.295953      99.84 5.1829e+02   1656.355      39754  1031.6797  1031.6777    34.5324    34.5301    7.94264         29 0.0000e+00
    845.000    834.554     0.4526  29.450737     0.4544  29.450383     4.6225     4.8730     0.0049    97.9889 1.0000e-12  -74.23210 -112.27688  21.295967      99.83 5.1829e+02   1657.579      39783  1031.6846  1031.6825    34.5328    34.5304    7.94243         29 0.0000e+00
    846.000    835.539     0.4528  29.451426     0.4552  29.451826     4.6248     4.8765    -0.0060    97.9951 1.0000e-12  -74.23210 -112.27687  21.295981      99.85 5.1829e+02   1658.798      39812  1031.6893  1031.6874    34.5329    34.5307    7.94238         29 0.0000e+00
    847.000    836.523     0.4504  29.449227     0.4525  29.449179     4.6216     4.8738    -0.0077    97.9933 1.0000e-12  -74.23210 -112.27686  21.295995      99.84 5.1829e+02   1659.998      39841  1031.6937  1031.6917    34.5322    34.5298    7.94293         29 0.0000e+00
    848.000    837.509     0.4543  29.453936     0.4563  29.453899     4.6179     4.8761     0.0119    98.0016 1.0000e-12  -74.23210 -112.27686  21.296009      99.84 5.1829e+02   1661.220      39870  1031.6989  1031.6970    34.5334    34.5311    7.94205         30 0.0000e+00
    849.000    838.495     0.4542  29.454260     0.4563  29.454280     4.6175     4.8777     0.0059    97.9176 1.0000e-12  -74.23210 -112.27684  21.296024      87.79 5.1867e+02   1662.432      39899  1031.7036  1031.7016    34.5334    34.5311    7.94208         28 0.0000e+00
    850.000    839.482     0.4550  29.455446     0.4567  29.455173     4.6167     4.8729    -0.0020    97.9861 1.0000e-12  -74.23210 -112.27683  21.296038      88.20 5.1951e+02   1663.639      39928  1031.7083  1031.7063    34.5335    34.5311    7.94191         29 0.0000e+00
    851.000    840.466     0.4546  29.455608     0.4571  29.455958     4.6206     4.8684    -0.0055    97.9647 1.0000e-12  -74.23210 -112.27682  21.296052      99.87 5.1829e+02   1664.857      39958  1031.7130  1031.7110    34.5335    34.5312    7.94198         30 0.0000e+00
    852.000    841.452     0.4560  29.457632     0.4585  29.457929     4.6147     4.8670    -0.0004    97.9596 1.0000e-12  -74.23210 -112.27680  21.296066      99.84 5.1829e+02   1666.082      39987  1031.7180  1031.7159    34.5341    34.5317    7.94167         29 0.0000e+00
    853.000    842.438     0.4594  29.461845     0.4617  29.461884     4.6187     4.8695     0.0069    97.9903 1.0000e-12  -74.23210 -112.27680  21.296080      99.85 5.1859e+02   1667.280      40016  1031.7232  1031.7210    34.5351    34.5327    7.94090         29 0.0000e+00
    854.000    843.423     0.4626  29.465677     0.4647  29.465566     4.6152     4.8725     0.0142    97.9845 1.0000e-12  -74.23210 -112.27678  21.296094      99.84 5.1956e+02   1668.490      40045  1031.7283  1031.7261    34.5360    34.5336    7.94020         29 0.0000e+00
    855.000    844.409     0.4653  29.469053     0.4667  29.468238     4.6170     4.8721     0.0093    97.9991 1.0000e-12  -74.23210 -112.27678  21.296108      99.84 5.1999e+02   1669.689      40074  1031.7333  1031.7311    34.5369    34.5342    7.93960         28 0.0000e+00
    856.000    845.395     0.4698  29.474395     0.4709  29.473225     4.6142     4.8733    -0.0042    97.9754 1.0000e-12  -74.23210 -112.27677  21.296121      99.84 5.1865e+02   1670.881      40102  1031.7387  1031.7364    34.5383    34.5355    7.93860         29 0.0000e+00
    857.000    846.380     0.4696  29.474491     0.4714  29.474228     4.6125     4.8690    -0.0016    97.9563 1.0000e-12  -74.23210 -112.27676  21.296135      99.84 5.1829e+02   1672.098      40131  1031.7432  1031.7412    34.5380    34.5356    7.93866         30 0.0000e+00
    858.000    847.366     0.4706  29.476139     0.4728  29.476058     4.6145     4.8613     0.0067    97.9697 1.0000e-12  -74.23210 -112.27676  21.296150      99.84 5.1829e+02   1673.319      40161  1031.7482  1031.7460    34.5385    34.5360    7.93842         28 0.0000e+00
    859.000    848.351     0.4729  29.479162     0.4751  29.479146     4.6087     4.8650     0.0133    97.9682 1.0000e-12  -74.23212 -112.27673  21.296163      89.33 5.1847e+02   1674.521      40190  1031.7533  1031.7511    34.5393    34.5368    7.93790         30 0.0000e+00
    860.000    849.337     0.4731  29.479657     0.4752  29.479675     4.6129     4.8676     0.0069    97.9651 1.0000e-12  -74.23212 -112.27672  21.296178      85.41 5.1921e+02   1675.753      40219  1031.7578  1031.7558    34.5391    34.5368    7.93787         27 0.0000e+00
    861.000    850.322     0.4734  29.480378     0.4757  29.480621     4.6131     4.8682     0.0069    97.9733 1.0000e-12  -74.23212 -112.27672  21.296192      94.75 5.1993e+02   1676.980      40249  1031.7625  1031.7606    34.5391    34.5370    7.93780         30 0.0000e+00
    862.000    851.308     0.4736  29.481128     0.4758  29.481165     4.6156     4.8606     0.0004    97.9578 1.0000e-12  -74.23212 -112.27670  21.296206      99.80 5.1830e+02   1678.178      40277  1031.7674  1031.7653    34.5393    34.5370    7.93775         28 0.0000e+00
    863.000    852.293     0.4741  29.482139     0.4762  29.482052     4.6125     4.8615    -0.0040    97.9724 1.0000e-12  -74.23212 -112.27670  21.296220      99.84 5.1829e+02   1679.392      40306  1031.7722  1031.7700    34.5395    34.5371    7.93765         30 0.0000e+00
    864.000    853.280     0.4749  29.483313     0.4771  29.483359     4.6084     4.8615     0.0043    97.9543 1.0000e-12  -74.23212 -112.27669  21.296234      99.84 5.1829e+02   1680.619      40336  1031.7769  1031.7748    34.5397    34.5373    7.93748         29 0.0000e+00
    865.000    854.264     0.4754  29.484212     0.4772  29.483885     4.6089     4.8619    -0.0041    97.9533 1.0000e-12  -74.23212 -112.27667  21.296248      99.85 5.1829e+02   1681.816      40365  1031.7815  1031.7795    34.5397    34.5373    7.93737         29 0.0000e+00
    866.000    855.250     0.4752  29.484577     0.4774  29.484611     4.6115     4.8641    -0.0017    97.9647 1.0000e-12  -74.23212 -112.27666  21.296262      99.84 5.1829e+02   1683.019      40393  1031.7863  1031.7843    34.5398    34.5374    7.93740         29 0.0000e+00
    867.000    856.236     0.4753  29.485099     0.4777  29.485303     4.6123     4.8635     0.0133    97.9484 1.0000e-12  -74.23212 -112.27666  21.296276      99.84 5.1829e+02   1684.232      40423  1031.7910  1031.7889    34.5398    34.5374    7.93738         28 0.0000e+00
    868.000    857.221     0.4755  29.485632     0.4778  29.485863     4.6098     4.8633    -0.0014    97.9714 1.0000e-12  -74.23212 -112.27664  21.296290      99.84 5.1829e+02   1685.434      40451  1031.7956  1031.7936    34.5397    34.5375    7.93735         29 0.0000e+00
    869.000    858.207     0.4767  29.487545     0.4789  29.487461     4.6045     4.8615    -0.0062    97.9630 1.0000e-12  -74.23212 -112.27662  21.296304      99.84 5.1829e+02   1686.646      40481  1031.8006  1031.7984    34.5403    34.5378    7.93707         30 0.0000e+00
    870.000    859.192     0.4778  29.489022     0.4796  29.488688     4.6053     4.8639     0.0044    97.9465 1.0000e-12  -74.23212 -112.27662  21.296318      87.09 5.1829e+02   1687.860      40510  1031.8053  1031.8032    34.5404    34.5380    7.93684         26 0.0000e+00
