ocean_section_plots/required_files/ctd/dnbp2202_ctd095.cnv
* Sea-Bird SBE 9 Data File:
* FileName = D:\Data\raw\NBP2202_CTD095.hex
* Software Version Seasave V 7.26.7.121
* Temperature SN = 1649
* Conductivity SN = 2513
* Number of Bytes Per Scan = 40
* Number of Voltage Words = 5
* Number of Scans Averaged by the Deck Unit = 1
* NMEA Latitude = 74 10.51 S
* NMEA Longitude = 113 20.67 W
* NMEA UTC (Time) = Jan 27 2022  00:02:46
* NMEA baud rate = 9600
** Ship: RVIB N.B. Palmer
** Cruise: NBP2202 Thwaites
** Station: YoYo001
** Operator: A. Robinson
# nquan = 25
# nvalues = 608                         
# units = specified
# name 0 = prDM: Pressure, Digiquartz [db]
# name 1 = depSM: Depth [salt water, m]
# name 2 = t090C: Temperature [ITS-90, deg C]
# name 3 = c0mS/cm: Conductivity [mS/cm]
# name 4 = t190C: Temperature, 2 [ITS-90, deg C]
# name 5 = c1mS/cm: Conductivity, 2 [mS/cm]
# name 6 = sbeox0ML/L: Oxygen, SBE 43 [ml/l]
# name 7 = sbeox1ML/L: Oxygen, SBE 43, 2 [ml/l]
# name 8 = flECO-AFL: Fluorescence, WET Labs ECO-AFL/FL [mg/m^3]
# name 9 = CStarTr0: Beam Transmission, WET Labs C-Star [%]
# name 10 = par: PAR/Irradiance, Biospherical/Licor
# name 11 = latitude: Latitude [deg]
# name 12 = longitude: Longitude [deg]
# name 13 = timeJ: Julian Days
# name 14 = altM: Altimeter [m]
# name 15 = spar: SPAR, Biospherical/Licor
# name 16 = timeS: Time, Elapsed [seconds]
# name 17 = scan: Scan Count
# name 18 = density00: Density [density, kg/m^3]
# name 19 = density11: Density, 2 [density, kg/m^3]
# name 20 = sal00: Salinity, Practical [PSU]
# name 21 = sal11: Salinity, Practical, 2 [PSU]
# name 22 = oxsolML/L: Oxygen Saturation, Garcia & Gordon [ml/l]
# name 23 = nbin: number of scans per bin
# name 24 = flag: flag
# span 0 =     10.000,    617.000       
# span 1 =      9.895,    609.712       
# span 2 =    -1.5277,     0.0798       
# span 3 =  26.907311,  28.914872       
# span 4 =    -1.5266,     0.0818       
# span 5 =  26.906909,  28.914438       
# span 6 =     4.6851,     8.6260       
# span 7 =     4.7537,     8.4832       
# span 8 =    -0.0213,    23.3461       
# span 9 =    69.4860,    95.4226       
# span 10 = -1.110e-06, 4.8497e+01      
# span 11 =  -74.17530,  -74.17528      
# span 12 = -113.34460, -113.34454      
# span 13 =  27.002492,  27.011940      
# span 14 =       4.76,     100.56      
# span 15 = 1.7349e+03, 1.7590e+03      
# span 16 =     49.328,    865.613      
# span 17 =       1185,      20776      
# span 18 =  1027.2137,  1030.5217      
# span 19 =  1027.2072,  1030.5188      
# span 20 =    33.7869,    34.3787      
# span 21 =    33.7858,    34.3759      
# span 22 =    8.02835,    8.41071      
# span 23 =          4,         44      
# span 24 = 0.0000e+00, 0.0000e+00      
# interval = decibars: 1                
# start_time = Jan 27 2022 00:02:46 [NMEA time, header]
# bad_flag = -9.990e-29
*END*
[from data line 348]
    358.000    353.990    -0.5499  28.113048    -0.5493  28.111332     4.9687     5.0449    -0.0120    95.3453 1.0000e-12  -74.17528 -113.34458  27.007609      99.87 1.7422e+03    491.428      11795  1029.1702  1029.1677    34.1713    34.1683    8.17396         27 0.0000e+00
    359.000    354.978    -0.5358  28.127574    -0.5323  28.128165     4.9563     5.0264    -0.0113    95.3358 1.0000e-12  -74.17528 -113.34458  27.007623      99.87 1.7417e+03    492.600      11823  1029.1762  1029.1735    34.1743    34.1712    8.17073         26 0.0000e+00
    360.000    355.965    -0.5256  28.138123    -0.5126  28.147278     4.9404     5.0120    -0.0108    95.3469 1.0000e-12  -74.17528 -113.34458  27.007636      99.86 1.7417e+03    493.775      11852  1029.1819  1029.1790    34.1764    34.1741    8.16841         28 0.0000e+00
    361.000    356.952    -0.5132  28.150007    -0.5045  28.155810     4.9173     5.0015    -0.0054    95.3387 1.0000e-12  -74.17528 -113.34458  27.007650      99.87 1.7417e+03    494.923      11879  1029.1870  1029.1848    34.1778    34.1759    8.16567         28 0.0000e+00
    362.000    357.940    -0.4936  28.169569    -0.4912  28.168683     4.8896     4.9772    -0.0156    95.3321 1.0000e-12  -74.17528 -113.34458  27.007663      99.87 1.7426e+03    496.062      11906  1029.1931  1029.1899    34.1813    34.1775    8.16123         27 0.0000e+00
    363.000    358.928    -0.4768  28.185618    -0.4732  28.185806     4.8627     4.9435    -0.0123    95.3368 1.0000e-12  -74.17528 -113.34458  27.007676      99.87 1.7435e+03    497.214      11934  1029.1984  1029.1951    34.1835    34.1797    8.15752         27 0.0000e+00
    364.000    359.916    -0.4437  28.217999    -0.4410  28.217316     4.8474     4.9331    -0.0105    95.3313 1.0000e-12  -74.17528 -113.34460  27.007690      99.86 1.7435e+03    498.377      11962  1029.2051  1029.2018    34.1890    34.1850    8.15008         29 0.0000e+00
    365.000    360.904    -0.4286  28.233810    -0.4257  28.233994     4.8439     4.9278    -0.0145    95.3212 1.0000e-12  -74.17528 -113.34459  27.007703      99.87 1.7435e+03    499.549      11990  1029.2118  1029.2093    34.1926    34.1896    8.14663         28 0.0000e+00
    366.000    361.891    -0.4266  28.236267    -0.4242  28.236126     4.8392     4.9234    -0.0156    95.3035 1.0000e-12  -74.17528 -113.34459  27.007716      80.66 1.7435e+03    500.705      12018  1029.2171  1029.2147    34.1930    34.1902    8.14617         27 0.0000e+00
    367.000    362.880    -0.4211  28.243150    -0.4173  28.243843     4.8322     4.9143    -0.0145    95.3238 1.0000e-12  -74.17528 -113.34459  27.007730      94.22 1.7435e+03    501.854      12045  1029.2236  1029.2208    34.1954    34.1921    8.14486         28 0.0000e+00
    368.000    363.867    -0.4031  28.262105    -0.4003  28.262017     4.8340     4.9148    -0.0096    95.2947 1.0000e-12  -74.17528 -113.34459  27.007743      99.46 1.7435e+03    503.009      12073  1029.2308  1029.2282    34.2000    34.1968    8.14074         28 0.0000e+00
    369.000    364.855    -0.3913  28.276918    -0.3887  28.276649     4.8357     4.9127    -0.0064    95.2700 1.0000e-12  -74.17528 -113.34458  27.007757      99.86 1.7435e+03    504.169      12101  1029.2397  1029.2369    34.2059    34.2027    8.13787         28 0.0000e+00
    370.000    365.844    -0.3872  28.282200    -0.3851  28.281813     4.8387     4.9152    -0.0088    95.2454 1.0000e-12  -74.17528 -113.34458  27.007770      99.86 1.7420e+03    505.325      12129  1029.2460  1029.2435    34.2078    34.2049    8.13690         27 0.0000e+00
    371.000    366.832    -0.3870  28.282961    -0.3851  28.282258     4.8495     4.9148    -0.0101    95.2337 1.0000e-12  -74.17528 -113.34458  27.007783      99.87 1.7423e+03    506.483      12157  1029.2510  1029.2485    34.2080    34.2049    8.13683         28 0.0000e+00
    372.000    367.818    -0.3873  28.283036    -0.3853  28.282474     4.8511     4.9190    -0.0111    95.2282 1.0000e-12  -74.17528 -113.34458  27.007797      99.86 1.7434e+03    507.646      12185  1029.2560  1029.2535    34.2079    34.2049    8.13691         28 0.0000e+00
    373.000    368.808    -0.3896  28.282129    -0.3856  28.283411     4.8471     4.9212    -0.0166    95.2291 1.0000e-12  -74.17528 -113.34458  27.007810      99.86 1.7435e+03    508.806      12212  1029.2617  1029.2592    34.2086    34.2058    8.13736         28 0.0000e+00
    374.000    369.794    -0.3838  28.288285    -0.3808  28.288549     4.8451     4.9160    -0.0111    95.2090 1.0000e-12  -74.17528 -113.34458  27.007824      99.87 1.7435e+03    509.975      12240  1029.2670  1029.2644    34.2097    34.2067    8.13605         28 0.0000e+00
    375.000    370.783    -0.3768  28.295786    -0.3740  28.295833     4.8425     4.9103    -0.0015    95.2125 1.0000e-12  -74.17528 -113.34458  27.007837      99.87 1.7435e+03    511.137      12268  1029.2726  1029.2700    34.2112    34.2083    8.13446         28 0.0000e+00
    376.000    371.770    -0.3728  28.300671    -0.3700  28.300696     4.8329     4.9089    -0.0007    95.2043 1.0000e-12  -74.17530 -113.34458  27.007851      99.87 1.7435e+03    512.284      12296  1029.2784  1029.2757    34.2128    34.2096    8.13353         27 0.0000e+00
    377.000    372.759    -0.3649  28.309646    -0.3626  28.309383     4.8336     4.9110    -0.0108    95.1896 1.0000e-12  -74.17530 -113.34458  27.007864      96.39 1.7444e+03    513.437      12323  1029.2846  1029.2821    34.2153    34.2123    8.13170         28 0.0000e+00
    378.000    373.746    -0.3607  28.315050    -0.3582  28.314869     4.8482     4.9150    -0.0040    95.1831 1.0000e-12  -74.17530 -113.34458  27.007877      90.34 1.7438e+03    514.606      12352  1029.2907  1029.2881    34.2172    34.2141    8.13069         28 0.0000e+00
    379.000    374.735    -0.3623  28.315068    -0.3608  28.314396     4.8439     4.9123    -0.0152    95.2023 1.0000e-12  -74.17530 -113.34458  27.007891      99.15 1.7418e+03    515.764      12379  1029.2966  1029.2945    34.2183    34.2158    8.13095         28 0.0000e+00
    380.000    375.722    -0.3615  28.318022    -0.3581  28.318300     4.8354     4.9007    -0.0085    95.2088 1.0000e-12  -74.17530 -113.34458  27.007904      99.87 1.7418e+03    516.933      12407  1029.3034  1029.3005    34.2208    34.2174    8.13065         28 0.0000e+00
    381.000    376.709    -0.3442  28.335540    -0.3416  28.335532     4.8302     4.8966    -0.0085    95.1961 1.0000e-12  -74.17530 -113.34458  27.007918      99.87 1.7423e+03    518.099      12435  1029.3096  1029.3071    34.2242    34.2213    8.12676         28 0.0000e+00
    382.000    377.697    -0.3440  28.336232    -0.3416  28.336186     4.8275     4.8954    -0.0099    95.1985 1.0000e-12  -74.17530 -113.34458  27.007931      99.87 1.7420e+03    519.251      12463  1029.3146  1029.3122    34.2243    34.2216    8.12671         27 0.0000e+00
    383.000    378.685    -0.3438  28.337157    -0.3410  28.337285     4.8155     4.8885    -0.0100    95.1793 1.0000e-12  -74.17530 -113.34458  27.007945      99.87 1.7435e+03    520.409      12491  1029.3197  1029.3172    34.2247    34.2218    8.12664         28 0.0000e+00
    384.000    379.674    -0.3388  28.342427    -0.3374  28.341189     4.8064     4.8827    -0.0056    95.1758 1.0000e-12  -74.17529 -113.34458  27.007958      99.87 1.7438e+03    521.573      12519  1029.3249  1029.3221    34.2256    34.2223    8.12554         28 0.0000e+00
    385.000    380.661    -0.3325  28.349759    -0.3313  28.348073     4.8164     4.8864    -0.0014    95.1785 1.0000e-12  -74.17529 -113.34458  27.007971      99.87 1.7435e+03    522.734      12547  1029.3309  1029.3280    34.2277    34.2241    8.12407         28 0.0000e+00
    386.000    381.649    -0.3312  28.351358    -0.3291  28.350937     4.8238     4.8948    -0.0102    95.1785 1.0000e-12  -74.17530 -113.34458  27.007985      99.86 1.7424e+03    523.881      12574  1029.3357  1029.3332    34.2277    34.2248    8.12377         27 0.0000e+00
    387.000    382.637    -0.3296  28.354829    -0.3283  28.352832     4.8318     4.8979    -0.0132    95.1601 1.0000e-12  -74.17530 -113.34458  27.007998      99.87 1.7432e+03    525.024      12602  1029.3422  1029.3388    34.2299    34.2259    8.12331         28 0.0000e+00
    388.000    383.624    -0.3276  28.358586    -0.3257  28.357995     4.8420     4.9099    -0.0139    95.1441 1.0000e-12  -74.17528 -113.34458  27.008011      99.86 1.7435e+03    526.169      12629  1029.3486  1029.3462    34.2321    34.2293    8.12276         27 0.0000e+00
    389.000    384.613    -0.3288  28.358484    -0.3267  28.358176     4.8442     4.9080    -0.0114    95.1417 1.0000e-12  -74.17528 -113.34458  27.008024      99.09 1.7435e+03    527.314      12657  1029.3540  1029.3517    34.2327    34.2300    8.12298         28 0.0000e+00
    390.000    385.600    -0.3307  28.357832    -0.3287  28.357448     4.8479     4.9133    -0.0028    95.1236 1.0000e-12  -74.17528 -113.34458  27.008038      99.86 1.7435e+03    528.465      12684  1029.3595  1029.3572    34.2334    34.2307    8.12335         28 0.0000e+00
    391.000    386.589    -0.3288  28.360780    -0.3269  28.360186     4.8458     4.9154    -0.0082    95.1336 1.0000e-12  -74.17528 -113.34458  27.008051      99.86 1.7439e+03    529.624      12712  1029.3651  1029.3626    34.2346    34.2316    8.12287         27 0.0000e+00
    392.000    387.575    -0.3153  28.376858    -0.3121  28.376994     4.8367     4.9126    -0.0100    95.1405 1.0000e-12  -74.17528 -113.34458  27.008065      99.86 1.7452e+03    530.801      12740  1029.3734  1029.3705    34.2403    34.2369    8.11967         29 0.0000e+00
    393.000    388.563    -0.3045  28.388793    -0.3031  28.387441     4.8308     4.8983    -0.0100    95.1445 1.0000e-12  -74.17528 -113.34458  27.008078      99.87 1.7453e+03    531.977      12768  1029.3799  1029.3771    34.2435    34.2401    8.11719         28 0.0000e+00
    394.000    389.552    -0.2951  28.399549    -0.2930  28.398550     4.8243     4.8981    -0.0101    95.1499 1.0000e-12  -74.17528 -113.34458  27.008092      99.86 1.7453e+03    533.136      12796  1029.3865  1029.3835    34.2467    34.2431    8.11500         27 0.0000e+00
    395.000    390.539    -0.2876  28.407657    -0.2854  28.407295     4.8226     4.9003    -0.0095    95.1776 1.0000e-12  -74.17528 -113.34458  27.008105      99.86 1.7452e+03    534.270      12823  1029.3922  1029.3897    34.2484    34.2456    8.11329         28 0.0000e+00
    396.000    391.526    -0.2863  28.409688    -0.2842  28.409303     4.8258     4.8976    -0.0099    95.1851 1.0000e-12  -74.17528 -113.34458  27.008118      99.87 1.7453e+03    535.404      12851  1029.3975  1029.3951    34.2491    34.2463    8.11298         27 0.0000e+00
    397.000    392.514    -0.2852  28.411829    -0.2833  28.411110     4.8237     4.8987    -0.0096    95.1794 1.0000e-12  -74.17528 -113.34458  27.008131      99.87 1.7440e+03    536.541      12878  1029.4031  1029.4005    34.2501    34.2470    8.11269         27 0.0000e+00
    398.000    393.503    -0.2774  28.421810    -0.2752  28.421142     4.8197     4.8947    -0.0090    95.1896 1.0000e-12  -74.17528 -113.34458  27.008145      99.87 1.7437e+03    537.695      12906  1029.4104  1029.4077    34.2541    34.2508    8.11080         28 0.0000e+00
    399.000    394.490    -0.2688  28.431259    -0.2677  28.429905     4.8118     4.8883    -0.0114    95.1766 1.0000e-12  -74.17528 -113.34458  27.008158      99.86 1.7440e+03    538.866      12934  1029.4165  1029.4140    34.2565    34.2534    8.10885         28 0.0000e+00
    400.000    395.478    -0.2608  28.439223    -0.2588  28.438666     4.7992     4.8786    -0.0116    95.1953 1.0000e-12  -74.17528 -113.34458  27.008172      94.00 1.7451e+03    540.036      12962  1029.4216  1029.4189    34.2575    34.2544    8.10708         28 0.0000e+00
    401.000    396.465    -0.2445  28.455695    -0.2465  28.450705     4.8009     4.8728    -0.0041    95.1947 1.0000e-12  -74.17528 -113.34458  27.008185      99.18 1.7452e+03    541.185      12989  1029.4275  1029.4242    34.2606    34.2562    8.10345         27 0.0000e+00
    402.000    397.453    -0.2418  28.458899    -0.2389  28.459368     4.8060     4.8789    -0.0119    95.1988 1.0000e-12  -74.17528 -113.34458  27.008198      99.87 1.7452e+03    542.324      13017  1029.4327  1029.4304    34.2612    34.2586    8.10283         28 0.0000e+00
    403.000    398.441    -0.2468  28.455482    -0.2449  28.454964     4.8022     4.8831    -0.0169    95.2138 1.0000e-12  -74.17528 -113.34458  27.008211      99.87 1.7451e+03    543.465      13044  1029.4384  1029.4360    34.2617    34.2589    8.10387         27 0.0000e+00
    404.000    399.428    -0.2484  28.455174    -0.2470  28.453890     4.8013     4.8818    -0.0084    95.1950 1.0000e-12  -74.17528 -113.34458  27.008225      99.87 1.7448e+03    544.611      13072  1029.4440  1029.4413    34.2624    34.2592    8.10416         28 0.0000e+00
    405.000    400.417    -0.2395  28.464021    -0.2379  28.463019     4.8094     4.8763    -0.0095    95.2117 1.0000e-12  -74.17528 -113.34458  27.008238      99.86 1.7436e+03    545.778      13100  1029.4490  1029.4464    34.2636    34.2605    8.10220         28 0.0000e+00
    406.000    401.404    -0.2377  28.466287    -0.2354  28.465995     4.8018     4.8668    -0.0112    95.2477 1.0000e-12  -74.17528 -113.34458  27.008252      99.87 1.7435e+03    546.953      13128  1029.4541  1029.4515    34.2640    34.2610    8.10179         29 0.0000e+00
    407.000    402.392    -0.2364  28.468777    -0.2335  28.468949     4.7993     4.8616    -0.0088    95.2708 1.0000e-12  -74.17528 -113.34458  27.008265      99.86 1.7435e+03    548.114      13156  1029.4598  1029.4572    34.2652    34.2623    8.10144         27 0.0000e+00
    408.000    403.380    -0.2229  28.482700    -0.2222  28.480860     4.8050     4.8711    -0.0038    95.2751 1.0000e-12  -74.17528 -113.34458  27.008278      99.87 1.7435e+03    549.259      13183  1029.4658  1029.4631    34.2681    34.2648    8.09842         28 0.0000e+00
    409.000    404.367    -0.2292  28.477397    -0.2281  28.476485     4.8031     4.8739    -0.0015    95.2682 1.0000e-12  -74.17528 -113.34458  27.008292      99.87 1.7438e+03    550.399      13211  1029.4707  1029.4687    34.2675    34.2651    8.09979         27 0.0000e+00
    410.000    405.354    -0.2339  28.474119    -0.2318  28.473696     4.7902     4.8595    -0.0082    95.2677 1.0000e-12  -74.17528 -113.34458  27.008305      99.87 1.7427e+03    551.551      13238  1029.4762  1029.4737    34.2678    34.2648    8.10078         28 0.0000e+00
    411.000    406.343    -0.2224  28.485846    -0.2192  28.485963     4.7806     4.8490    -0.0098    95.2778 1.0000e-12  -74.17528 -113.34457  27.008318      99.86 1.7424e+03    552.716      13266  1029.4816  1029.4787    34.2699    34.2665    8.09821         28 0.0000e+00
    412.000    407.330    -0.2159  28.492323    -0.2133  28.492286     4.7809     4.8459    -0.0176    95.2933 1.0000e-12  -74.17528 -113.34457  27.008332      95.64 1.7432e+03    553.885      13294  1029.4865  1029.4839    34.2707    34.2676    8.09679         28 0.0000e+00
    413.000    408.318    -0.2155  28.493233    -0.2131  28.493039     4.7762     4.8497    -0.0094    95.2908 1.0000e-12  -74.17528 -113.34457  27.008345      95.52 1.7435e+03    555.047      13322  1029.4914  1029.4889    34.2708    34.2679    8.09669         28 0.0000e+00
    414.000    409.305    -0.2153  28.493724    -0.2129  28.493624     4.7775     4.8491    -0.0107    95.2589 1.0000e-12  -74.17528 -113.34458  27.008359      99.82 1.7435e+03    556.197      13350  1029.4961  1029.4936    34.2706    34.2678    8.09666         27 0.0000e+00
