ocean_section_plots/required_files/ctd/dnbp2202_ctd275.cnv
* Sea-Bird SBE 9 Data File:
* FileName = D:\Data\raw\NBP2202_CTD275.hex
* Software Version Seasave V 7.26.7.121
* Temperature SN = 1649
* Conductivity SN = 2513
* Number of Bytes Per Scan = 40
* Number of Voltage Words = 5
* Number of Scans Averaged by the Deck Unit = 1
* NMEA Latitude = 73 57.84 S
* NMEA Longitude = 116 14.87 W
* NMEA UTC (Time) = Feb 21 2022  03:38:42
* NMEA baud rate = 9600
** Ship: RVIB N.B. Palmer
** Cruise: NBP2202 Thwaites
** Station: 177
** Operator: B. Bjork
# nquan = 28
# nvalues = 701                         
# units = specified
# name 0 = prDM: Pressure, Digiquartz [db]
# name 1 = depSM: Depth [salt water, m]
# name 2 = t090C: Temperature [ITS-90, deg C]
# name 3 = c0mS/cm: Conductivity [mS/cm]
# name 4 = t190C: Temperature, 2 [ITS-90, deg C]
# name 5 = c1mS/cm: Conductivity, 2 [mS/cm]
# name 6 = sbeox0ML/L: Oxygen, SBE 43 [ml/l]
# name 7 = sbeox1ML/L: Oxygen, SBE 43, 2 [ml/l]
# name 8 = flECO-AFL: Fluorescence, WET Labs ECO-AFL/FL [mg/m^3]
# name 9 = CStarTr0: Beam Transmission, WET Labs C-Star [%]
# name 10 = par: PAR/Irradiance, Biospherical/Licor
# name 11 = latitude: Latitude [deg]
# name 12 = longitude: Longitude [deg]
# name 13 = timeJ: Julian Days
# name 14 = altM: Altimeter [m]
# name 15 = spar: SPAR, Biospherical/Licor
# name 16 = timeS: Time, Elapsed [seconds]
# name 17 = scan: Scan Count
# name 18 = density00: Density [density, kg/m^3]
# name 19 = density11: Density, 2 [density, kg/m^3]
# name 20 = v3: Voltage 3
# name 21 = v4: Voltage 4
# name 22 = v5: Voltage 5
# name 23 = sal00: Salinity, Practical [PSU]
# name 24 = sal11: Salinity, Practical, 2 [PSU]
# name 25 = oxsolML/L: Oxygen Saturation, Garcia & Gordon [ml/l]
# name 26 = nbin: number of scans per bin
# name 27 = flag: flag
# span 0 =      1.000,    701.000       
# span 1 =      0.989,    692.579       
# span 2 =    -1.8589,     0.3227       
# span 3 =  26.879157,  29.261755       
# span 4 =    -1.8582,     0.3278       
# span 5 =  26.879463,  29.264336       
# span 6 =     4.6483,     9.0312       
# span 7 =     4.7630,     9.3460       
# span 8 =    -0.0170,    10.4649       
# span 9 =    88.0703,    98.7564       
# span 10 = -1.645e-05, 6.8686e+01      
# span 11 =  -73.96408,  -73.96408      
# span 12 = -116.24796, -116.24792      
# span 13 =  52.154812,  52.165882      
# span 14 =       3.33,     100.05      
# span 15 = 4.5692e+01, 5.9996e+01      
# span 16 =    253.757,   1210.179      
# span 17 =       6091,      29045      
# span 18 =  1027.1658,  1031.0022      
# span 19 =  1027.1672,  1031.0022      
# span 20 =     4.1788,     4.6848      
# span 21 =     0.0645,     1.7891      
# span 22 =     0.1073,     0.2009      
# span 23 =    33.7907,    34.5140      
# span 24 =    33.7919,    34.5116      
# span 25 =    7.97026,    8.47223      
# span 26 =         20,         49      
# span 27 = 0.0000e+00, 0.0000e+00      
# interval = decibars: 1                
# start_time = Feb 21 2022 03:38:42 [NMEA time, header]
# bad_flag = -9.990e-29
*END*
      1.000      0.989    -0.6083  27.622412    -0.6100  27.622254     9.0138     8.4898     6.6765    89.8162 6.8686e+01  -73.96408 -116.24792  52.154812      95.93 5.2379e+01    253.757       6091  1027.1658  1027.1672     4.2609     1.1877     0.1843    33.7943    33.7960    8.20836         20 0.0000e+00
      2.000      1.979    -0.6104  27.621242    -0.6114  27.621138     9.0163     8.5186     6.7166    90.2626 2.0340e+01  -73.96408 -116.24792  52.154883      99.49 5.1175e+01    259.847       6237  1027.1707  1027.1716     4.2820     1.1250     0.1658    33.7944    33.7955    8.20880         37 0.0000e+00
      3.000      2.970    -0.6165  27.615661    -0.6210  27.611032     9.0161     8.6093     7.3377    90.2835 1.5068e+01  -73.96408 -116.24792  52.154915      99.67 5.1124e+01    262.691       6306  1027.1748  1027.1742     4.2835     1.0627     0.1597    33.7932    33.7919    8.21021         41 0.0000e+00
      4.000      3.959    -0.6196  27.611752    -0.6189  27.613638     9.0192     8.7511     8.3869    89.9504 1.2645e+01  -73.96408 -116.24792  52.154946      99.60 5.1124e+01    265.318       6369  1027.1778  1027.1792     4.2672     1.1840     0.1598    33.7907    33.7925    8.21101         47 0.0000e+00
      5.000      4.947    -0.6091  27.624162    -0.6064  27.626674     9.0282     8.8844     6.7264    90.3753 1.0599e+01  -73.96408 -116.24792  52.154970      99.65 5.0256e+01    267.367       6418  1027.1854  1027.1855     4.2877     1.2903     0.1646    33.7951    33.7955    8.20849         40 0.0000e+00
      6.000      5.938    -0.5898  27.645093    -0.5928  27.642129     9.0283     8.9969     6.0110    90.4620 8.6802e+00  -73.96408 -116.24792  52.154994      98.17 5.0350e+01    269.447       6468  1027.1938  1027.1934     4.2915     0.9682     0.1580    33.8011    33.8005    8.20395         41 0.0000e+00
      7.000      6.928    -0.5901  27.644871    -0.5924  27.643376     9.0263     9.0793     7.6422    90.1474 7.1442e+00  -73.96408 -116.24792  52.155014      99.48 5.0737e+01    271.237       6511  1027.1983  1027.1988     4.2768     1.5735     0.1639    33.8005    33.8010    8.20405         41 0.0000e+00
      8.000      7.917    -0.5951  27.640377    -0.5952  27.641291     9.0273     9.1568     9.2960    90.0975 5.8879e+00  -73.96408 -116.24792  52.155036      99.51 5.1469e+01    273.141       6556  1027.2026  1027.2037     4.2743     1.7891     0.1844    33.7994    33.8008    8.20519         43 0.0000e+00
      9.000      8.906    -0.5913  27.646315    -0.5906  27.647426     9.0312     9.1979     6.7376    90.7814 4.9346e+00  -73.96408 -116.24792  52.155058      99.57 5.0110e+01    275.004       6601  1027.2097  1027.2101     4.3070     1.2547     0.1633    33.8026    33.8033    8.20418         35 0.0000e+00
     10.000      9.896    -0.5957  27.642833    -0.5951  27.644197     9.0191     9.2676     8.4517    90.6005 4.0731e+00  -73.96408 -116.24792  52.155079      99.58 5.0526e+01    276.862       6646  1027.2146  1027.2155     4.2977     1.2498     0.1577    33.8022    33.8034    8.20517         36 0.0000e+00
     11.000     10.885    -0.6006  27.639376    -0.5999  27.640632     9.0204     9.3002     7.6549    90.9871 3.4061e+00  -73.96408 -116.24792  52.155102      99.56 5.0307e+01    278.788       6692  1027.2199  1027.2205     4.3167     1.4082     0.1717    33.8024    33.8033    8.20622         35 0.0000e+00
     12.000     11.876    -0.6022  27.638406    -0.6013  27.639813     9.0227     9.2860     7.4990    90.9850 2.8392e+00  -73.96408 -116.24792  52.155124      96.51 5.0020e+01    280.737       6739  1027.2247  1027.2253     4.3164     1.1889     0.1727    33.8023    33.8032    8.20657         37 0.0000e+00
     13.000     12.865    -0.6063  27.635462    -0.6059  27.636445     9.0277     9.2965     9.5374    91.0430 2.3765e+00  -73.96408 -116.24792  52.155147      97.58 4.9637e+01    282.680       6785  1027.2297  1027.2304     4.3191     1.3671     0.1674    33.8022    33.8031    8.20745         45 0.0000e+00
     14.000     13.856    -0.6017  27.639851    -0.6035  27.638866     9.0184     9.2922     7.0521    89.6433 1.9824e+00  -73.96408 -116.24792  52.155169      99.48 4.9601e+01    284.620       6832  1027.2343  1027.2349     4.2526     1.3257     0.1864    33.8024    33.8031    8.20645         37 0.0000e+00
     15.000     14.845    -0.6005  27.641201    -0.6015  27.640892     9.0285     9.2876     7.4087    90.0404 1.6701e+00  -73.96408 -116.24792  52.155193      99.57 5.0057e+01    286.652       6881  1027.2389  1027.2395     4.2716     1.3007     0.1587    33.8023    33.8030    8.20620         42 0.0000e+00
     16.000     15.834    -0.5997  27.642385    -0.6059  27.637772     9.0218     9.2952     7.6884    89.6715 1.3979e+00  -73.96408 -116.24792  52.155216      99.54 4.9824e+01    288.654       6929  1027.2436  1027.2446     4.2540     1.3410     0.1650    33.8024    33.8031    8.20602         42 0.0000e+00
     17.000     16.823    -0.6067  27.636772    -0.6120  27.633235     9.0086     9.2992     9.7991    90.4956 1.1728e+00  -73.96408 -116.24792  52.155239      99.54 4.9627e+01    290.633       6976  1027.2487  1027.2499     4.2933     1.3059     0.1684    33.8021    33.8032    8.20757         40 0.0000e+00
     18.000     17.813    -0.6109  27.634093    -0.6109  27.634466     9.0067     9.3037     6.6753    90.0503 9.9097e-01  -73.96408 -116.24792  52.155262      99.59 5.0025e+01    292.604       7023  1027.2541  1027.2544     4.2720     1.5236     0.1485    33.8025    33.8029    8.20844         45 0.0000e+00
     19.000     18.804    -0.6103  27.635039    -0.6101  27.635672     9.0212     9.3044     8.0555    89.6065 8.3670e-01  -73.96408 -116.24792  52.155285      96.74 5.0224e+01    294.628       7072  1027.2587  1027.2592     4.2513     1.1534     0.1587    33.8024    33.8031    8.20831         41 0.0000e+00
     20.000     19.791    -0.6068  27.638541    -0.6059  27.639665     9.0204     9.3103     9.1979    88.8976 7.0154e-01  -73.96408 -116.24792  52.155309      99.53 5.0080e+01    296.669       7121  1027.2634  1027.2637     4.2172     1.4420     0.1719    33.8027    33.8031    8.20755         44 0.0000e+00
     21.000     20.783    -0.6037  27.641883    -0.6044  27.641677     9.0206     9.3118     9.1946    89.1407 5.8951e-01  -73.96408 -116.24792  52.155331      99.43 5.0634e+01    298.607       7168  1027.2684  1027.2688     4.2289     1.7492     0.1569    33.8031    33.8036    8.20685         38 0.0000e+00
     22.000     21.771    -0.6022  27.643829    -0.6014  27.644858     9.0180     9.3166     7.9697    90.8650 4.9543e-01  -73.96408 -116.24792  52.155355      99.60 5.0473e+01    300.635       7216  1027.2733  1027.2736     4.3106     1.4789     0.1656    33.8034    33.8039    8.20650         46 0.0000e+00
     23.000     22.762    -0.6022  27.644312    -0.6012  27.645546     9.0239     9.3062     8.9785    89.9744 4.1453e-01  -73.96408 -116.24792  52.155378      99.51 5.0597e+01    302.689       7266  1027.2781  1027.2785     4.2683     1.4352     0.1647    33.8035    33.8040    8.20650         37 0.0000e+00
     24.000     23.750    -0.5991  27.647541    -0.5989  27.648050     9.0195     9.3208     7.6008    90.6398 3.4742e-01  -73.96408 -116.24792  52.155402      99.54 5.0717e+01    304.692       7314  1027.2830  1027.2833     4.2999     1.5947     0.1614    33.8037    33.8042    8.20581         37 0.0000e+00
     25.000     24.740    -0.5990  27.648142    -0.5986  27.648733     9.0180     9.3225     8.3826    89.9332 2.9040e-01  -73.96408 -116.24792  52.155424      99.41 5.1130e+01    306.635       7360  1027.2878  1027.2881     4.2665     1.6532     0.1751    33.8038    33.8042    8.20578         46 0.0000e+00
     26.000     25.729    -0.5984  27.649102    -0.5982  27.649426     9.0172     9.3259     7.5012    91.2446 2.4251e-01  -73.96408 -116.24793  52.155447      96.12 5.1124e+01    308.614       7408  1027.2927  1027.2928     4.3290     1.5272     0.1827    33.8038    33.8040    8.20566         37 0.0000e+00
     27.000     26.718    -0.5969  27.650956    -0.5964  27.651573     9.0117     9.3259     7.9650    89.6821 1.9942e-01  -73.96408 -116.24793  52.155471      99.60 5.1124e+01    310.657       7457  1027.2975  1027.2977     4.2551     1.4388     0.1728    33.8040    33.8043    8.20532         40 0.0000e+00
     28.000     27.707    -0.5977  27.650636    -0.5975  27.650980     9.0077     9.3367     9.7828    91.6543 1.6365e-01  -73.96408 -116.24793  52.155494      99.65 5.1124e+01    312.641       7504  1027.3022  1027.3025     4.3475     1.0980     0.1546    33.8038    33.8041    8.20549         40 0.0000e+00
     29.000     28.699    -0.5956  27.653009    -0.5952  27.653487     9.0212     9.3410     8.2143    89.6977 1.3258e-01  -73.96408 -116.24793  52.155516      99.65 5.1124e+01    314.609       7552  1027.3071  1027.3072     4.2553     1.3463     0.1626    33.8041    33.8043    8.20503         46 0.0000e+00
     30.000     29.688    -0.5935  27.655403    -0.5920  27.656824     9.0253     9.3346     6.8920    89.1224 1.0651e-01  -73.96408 -116.24793  52.155540      99.60 5.1124e+01    316.635       7600  1027.3120  1027.3121     4.2286     1.3960     0.1753    33.8044    33.8047    8.20456         40 0.0000e+00
     31.000     30.677    -0.5911  27.657507    -0.5885  27.660366     9.0211     9.3309     7.9176    90.4781 8.4297e-02  -73.96408 -116.24793  52.155563      99.60 5.1124e+01    318.619       7648  1027.3163  1027.3169     4.2924     1.2854     0.1673    33.8040    33.8049    8.20407         43 0.0000e+00
     32.000     31.667    -0.5992  27.651362    -0.5957  27.654294     9.0200     9.3326     9.2826    91.2347 6.5006e-02  -73.96408 -116.24793  52.155585      99.52 5.1124e+01    320.574       7695  1027.3218  1027.3216     4.3282     1.3633     0.1578    33.8041    33.8041    8.20581         41 0.0000e+00
     33.000     32.656    -0.5897  27.660154    -0.5902  27.659784     9.0221     9.3228     9.0503    88.4413 4.8104e-02  -73.96408 -116.24793  52.155608      99.51 5.1124e+01    322.551       7742  1027.3263  1027.3265     4.1957     1.3956     0.1629    33.8046    33.8048    8.20371         43 0.0000e+00
     34.000     33.646    -0.5878  27.662276    -0.5875  27.662423     9.0239     9.3398     9.3832    89.5507 3.3681e-02  -73.96408 -116.24793  52.155631      99.51 5.1124e+01    324.525       7790  1027.3312  1027.3311     4.2485     1.5400     0.1667    33.8048    33.8047    8.20330         39 0.0000e+00
     35.000     34.637    -0.5879  27.662693    -0.5872  27.663626     9.0216     9.3460     8.4137    91.4364 2.1041e-02  -73.96408 -116.24793  52.155655      99.52 5.1124e+01    326.570       7839  1027.3361  1027.3364     4.3383     1.4594     0.1643    33.8049    33.8053    8.20332         36 0.0000e+00
     36.000     35.625    -0.5812  27.668979    -0.5794  27.670667     9.0245     9.3355     7.2816    89.8353 1.0184e-02  -73.96408 -116.24793  52.155680      99.57 5.1124e+01    328.752       7891  1027.3408  1027.3408     4.2628     1.4482     0.1775    33.8053    33.8054    8.20185         39 0.0000e+00
     37.000     36.614    -0.5741  27.675787    -0.5738  27.675956     9.0287     9.3379     8.1832    91.0273 1.4867e-03  -73.96408 -116.24793  52.155706      99.68 5.1124e+01    331.023       7946  1027.3456  1027.3455     4.3187     1.0157     0.1699    33.8058    33.8057    8.20026         43 0.0000e+00
     38.000     37.604    -0.5850  27.666076    -0.5836  27.668163     9.0225     9.3391     6.6877    90.5881 -1.645e-05  -73.96408 -116.24793  52.155734      98.32 5.1124e+01    333.379       8002  1027.3501  1027.3509     4.2975     1.5259     0.1517    33.8044    33.8056    8.20272         43 0.0000e+00
     39.000     38.593    -0.5883  27.664745    -0.5876  27.665030     9.0119     9.3342     9.2189    91.6600 1.0000e-12  -73.96408 -116.24793  52.155759      97.39 5.1124e+01    335.592       8055  1027.3560  1027.3557     4.3484     1.5522     0.1500    33.8056    33.8052    8.20336         35 0.0000e+00
     40.000     39.584    -0.5650  27.685837    -0.5643  27.686560     9.0116     9.3259     8.1529    90.1451 1.0000e-12  -73.96408 -116.24793  52.155785      99.48 5.1124e+01    337.842       8109  1027.3607  1027.3608     4.2764     1.3754     0.1691    33.8074    33.8075    8.19821         41 0.0000e+00
     41.000     40.570    -0.5630  27.688273    -0.5622  27.688865     9.0138     9.3282     6.0251    90.3925 1.0000e-12  -73.96408 -116.24793  52.155812      99.66 5.1124e+01    340.168       8165  1027.3658  1027.3657     4.2876     1.0865     0.1565    33.8078    33.8077    8.19775         37 0.0000e+00
     42.000     41.563    -0.5600  27.691490    -0.5601  27.691238     9.0131     9.3216     7.2987    90.3249 1.0000e-12  -73.96408 -116.24793  52.155838      99.61 5.1124e+01    342.417       8219  1027.3708  1027.3706     4.2844     1.1742     0.1643    33.8082    33.8079    8.19708         38 0.0000e+00
     43.000     42.550    -0.5576  27.693785    -0.5566  27.694656     9.0167     9.3296     8.0923    91.1165 1.0000e-12  -73.96408 -116.24793  52.155864      99.52 5.1124e+01    344.651       8273  1027.3754  1027.3754     4.3222     1.3772     0.1752    33.8080    33.8081    8.19658         45 0.0000e+00
     44.000     43.543    -0.5575  27.694430    -0.5560  27.695417     9.0246     9.3353     6.8918    91.2922 1.0000e-12  -73.96408 -116.24794  52.155892      92.95 5.1124e+01    347.053       8330  1027.3803  1027.3797     4.3311     1.3030     0.1732    33.8081    33.8078    8.19654         42 0.0000e+00
     45.000     44.527    -0.5580  27.694579    -0.5574  27.694900     9.0075     9.3324     7.9193    89.6495 1.0000e-12  -73.96408 -116.24793  52.155917      97.53 5.1124e+01    349.255       8383  1027.3853  1027.3851     4.2525     1.3928     0.1822    33.8082    33.8080    8.19663         34 0.0000e+00
     46.000     45.518    -0.5614  27.692017    -0.5607  27.692299     9.0254     9.3314     7.7916    89.1527 1.0000e-12  -73.96408 -116.24793  52.155943      99.58 5.1124e+01    351.432       8435  1027.3902  1027.3898     4.2299     1.1073     0.1783    33.8080    33.8076    8.19739         40 0.0000e+00
     47.000     46.508    -0.5618  27.692121    -0.5616  27.691893     9.0090     9.3262     6.9084    89.0400 1.0000e-12  -73.96408 -116.24793  52.155964      99.52 5.1124e+01    353.288       8480  1027.3950  1027.3946     4.2244     1.3465     0.2000    33.8080    33.8074    8.19748         29 0.0000e+00
     48.000     47.499    -0.5637  27.691003    -0.5630  27.691366     9.0102     9.3208     8.2109    90.1479 1.0000e-12  -73.96408 -116.24793  52.155985      99.56 5.1124e+01    355.128       8524  1027.3999  1027.3996     4.2763     1.6021     0.1517    33.8080    33.8076    8.19789         43 0.0000e+00
     49.000     48.487    -0.5673  27.688040    -0.5653  27.689838     9.0057     9.3262     8.2801    88.7301 1.0000e-12  -73.96408 -116.24793  52.156009      99.54 5.1124e+01    357.214       8574  1027.4045  1027.4045     4.2095     1.3289     0.1711    33.8074    33.8076    8.19871         36 0.0000e+00
     50.000     49.477    -0.5727  27.684086    -0.5711  27.685317     9.0039     9.3170     7.3810    89.4552 1.0000e-12  -73.96408 -116.24793  52.156033      99.54 5.1124e+01    359.213       8622  1027.4097  1027.4095     4.2438     1.3887     0.1593    33.8075    33.8073    8.19987         37 0.0000e+00
     51.000     50.467    -0.5721  27.685118    -0.5703  27.686553     9.0091     9.3168     8.5653    89.7932 1.0000e-12  -73.96408 -116.24793  52.156054      99.14 5.1124e+01    361.028       8666  1027.4144  1027.4143     4.2595     1.3068     0.1699    33.8075    33.8076    8.19973         40 0.0000e+00
