ocean_section_plots/required_files/ctd/dnbp2202_ctd226.cnv
* Sea-Bird SBE 9 Data File:
* FileName = D:\Data\raw\NBP2202_CTD226.hex
* Software Version Seasave V 7.26.7.121
* Temperature SN = 1649
* Conductivity SN = 2513
* Number of Bytes Per Scan = 40
* Number of Voltage Words = 5
* Number of Scans Averaged by the Deck Unit = 1
* NMEA Latitude = 73 59.39 S
* NMEA Longitude = 111 36.97 W
* NMEA UTC (Time) = Feb 12 2022  13:58:53
* NMEA baud rate = 9600
** Ship: RVIB N.B. Palmer
** Cruise: NBP2202 Thwaites
** Station: 137
** Operator: B. Bjork
# nquan = 28
# nvalues = 444                         
# units = specified
# name 0 = prDM: Pressure, Digiquartz [db]
# name 1 = depSM: Depth [salt water, m]
# name 2 = t090C: Temperature [ITS-90, deg C]
# name 3 = c0mS/cm: Conductivity [mS/cm]
# name 4 = t190C: Temperature, 2 [ITS-90, deg C]
# name 5 = c1mS/cm: Conductivity, 2 [mS/cm]
# name 6 = sbeox0ML/L: Oxygen, SBE 43 [ml/l]
# name 7 = sbeox1ML/L: Oxygen, SBE 43, 2 [ml/l]
# name 8 = flECO-AFL: Fluorescence, WET Labs ECO-AFL/FL [mg/m^3]
# name 9 = CStarTr0: Beam Transmission, WET Labs C-Star [%]
# name 10 = par: PAR/Irradiance, Biospherical/Licor
# name 11 = latitude: Latitude [deg]
# name 12 = longitude: Longitude [deg]
# name 13 = timeJ: Julian Days
# name 14 = altM: Altimeter [m]
# name 15 = spar: SPAR, Biospherical/Licor
# name 16 = timeS: Time, Elapsed [seconds]
# name 17 = scan: Scan Count
# name 18 = density00: Density [density, kg/m^3]
# name 19 = density11: Density, 2 [density, kg/m^3]
# name 20 = v3: Voltage 3
# name 21 = v4: Voltage 4
# name 22 = v5: Voltage 5
# name 23 = sal00: Salinity, Practical [PSU]
# name 24 = sal11: Salinity, Practical, 2 [PSU]
# name 25 = oxsolML/L: Oxygen Saturation, Garcia & Gordon [ml/l]
# name 26 = nbin: number of scans per bin
# name 27 = flag: flag
# span 0 =      1.000,    444.000       
# span 1 =      0.995,    438.947       
# span 2 =    -1.5728,     0.0545       
# span 3 =  27.031592,  28.853899       
# span 4 =    -1.5722,     0.0589       
# span 5 =  27.031848,  28.856421       
# span 6 =     4.8551,     8.0473       
# span 7 =     4.9970,     8.3072       
# span 8 =    -0.0140,    17.9715       
# span 9 =    80.1526,    97.4504       
# span 10 = 1.0000e-12, 4.7960e+02      
# span 11 =  -73.98994,  -73.98994      
# span 12 = -111.61622, -111.61616      
# span 13 =  43.584519,  43.591636      
# span 14 =      -7.24,      99.95      
# span 15 = 1.3017e+03, 1.4649e+03      
# span 16 =    169.457,    784.313      
# span 17 =       4068,      18825      
# span 18 =  1027.2263,  1029.7479      
# span 19 =  1027.2274,  1029.7461      
# span 20 =     3.8027,     4.6229      
# span 21 =     0.0653,     2.5566      
# span 22 =     0.1157,     0.2000      
# span 23 =    33.8335,    34.4282      
# span 24 =    33.8345,    34.4265      
# span 25 =    8.03087,    8.41082      
# span 26 =         10,         46      
# span 27 = 0.0000e+00, 0.0000e+00      
# interval = decibars: 1                
# start_time = Feb 12 2022 13:58:53 [NMEA time, header]
# bad_flag = -9.990e-29
*END*
[from data line 259]
    260.000    257.150    -1.2994  27.396576    -1.2970  27.397398     6.1165     6.3069     0.0604    97.2642 1.0000e-12  -73.98994 -111.61620  43.588151      99.90 1.3604e+03    483.288      11600  1028.6849  1028.6835     4.6141     0.0812     0.1205    34.1067    34.1051    8.34225         24 0.0000e+00
    261.000    258.140    -1.2767  27.419090    -1.2756  27.418554     6.1043     6.3027     0.0737    97.2911 1.0000e-12  -73.98994 -111.61620  43.588163      99.89 1.3603e+03    484.287      11624  1028.6919  1028.6903     4.6153     0.0819     0.1214    34.1111    34.1091    8.33692         24 0.0000e+00
    262.000    259.125    -1.2721  27.423773    -1.2708  27.423532     6.1003     6.2964     0.0735    97.2682 1.0000e-12  -73.98994 -111.61620  43.588175      99.89 1.3616e+03    485.289      11648  1028.6973  1028.6958     4.6143     0.0810     0.1219    34.1117    34.1099    8.33586         25 0.0000e+00
    263.000    260.115    -1.2633  27.433295    -1.2634  27.431275     6.0906     6.2876     0.0528    97.3085 1.0000e-12  -73.98994 -111.61620  43.588186      99.89 1.3625e+03    486.290      11672  1028.7037  1028.7016     4.6162     0.0761     0.1223    34.1142    34.1115    8.33376         23 0.0000e+00
    264.000    261.104    -1.2555  27.440777    -1.2549  27.440221     6.0847     6.2799     0.0574    97.3188 1.0000e-12  -73.98994 -111.61620  43.588198      99.89 1.3632e+03    487.285      11696  1028.7090  1028.7077     4.6167     0.1003     0.1230    34.1149    34.1135    8.33198         24 0.0000e+00
    265.000    262.091    -1.2497  27.447407    -1.2476  27.448111     6.0826     6.2741     0.0594    97.2854 1.0000e-12  -73.98994 -111.61620  43.588209      99.89 1.3657e+03    488.271      11720  1028.7150  1028.7138     4.6151     0.0816     0.1193    34.1167    34.1153    8.33056         24 0.0000e+00
    266.000    263.081    -1.2440  27.454302    -1.2429  27.454058     6.0868     6.2732     0.0723    97.2492 1.0000e-12  -73.98994 -111.61620  43.588220      99.90 1.3664e+03    489.252      11743  1028.7216  1028.7202     4.6133     0.0802     0.1213    34.1191    34.1175    8.32916         23 0.0000e+00
    267.000    264.068    -1.2375  27.463222    -1.2365  27.462759     6.0813     6.2761     0.0695    97.2917 1.0000e-12  -73.98994 -111.61620  43.588232      99.89 1.3655e+03    490.227      11766  1028.7296  1028.7281     4.6154     0.0792     0.1218    34.1233    34.1216    8.32746         24 0.0000e+00
    268.000    265.056    -1.2348  27.467542    -1.2339  27.467165     6.0834     6.2751     0.0593    97.2982 1.0000e-12  -73.98994 -111.61620  43.588243      99.89 1.3664e+03    491.216      11790  1028.7362  1028.7348     4.6157     0.0808     0.1192    34.1256    34.1240    8.32674         24 0.0000e+00
    269.000    266.046    -1.2341  27.468943    -1.2330  27.468720     6.0867     6.2773     0.0549    97.2611 1.0000e-12  -73.98994 -111.61620  43.588255      99.89 1.3664e+03    492.220      11814  1028.7415  1028.7402     4.6139     0.0807     0.1191    34.1260    34.1245    8.32654         24 0.0000e+00
    270.000    267.034    -1.2333  27.470358    -1.2324  27.469788     6.0856     6.2733     0.0453    97.3104 1.0000e-12  -73.98994 -111.61618  43.588266      95.51 1.3668e+03    493.214      11838  1028.7468  1028.7453     4.6163     0.0800     0.1202    34.1264    34.1247    8.32634         24 0.0000e+00
    271.000    268.022    -1.2311  27.473412    -1.2303  27.472783     6.0873     6.2788     0.0505    97.3069 1.0000e-12  -73.98994 -111.61620  43.588278      94.45 1.3669e+03    494.219      11862  1028.7524  1028.7510     4.6161     0.0983     0.1204    34.1275    34.1257    8.32579         24 0.0000e+00
    272.000    269.010    -1.2307  27.474788    -1.2296  27.474551     6.0872     6.2774     0.0438    97.3535 1.0000e-12  -73.98994 -111.61618  43.588290      99.95 1.3680e+03    495.239      11887  1028.7580  1028.7567     4.6183     0.0819     0.1178    34.1283    34.1268    8.32565         24 0.0000e+00
    273.000    269.999    -1.2314  27.474826    -1.2302  27.474751     6.0918     6.2742     0.0442    97.3497 1.0000e-12  -73.98994 -111.61618  43.588301      99.90 1.3681e+03    496.247      11911  1028.7632  1028.7620     4.6181     0.0798     0.1198    34.1286    34.1271    8.32580         24 0.0000e+00
    274.000    270.987    -1.2304  27.477534    -1.2292  27.477479     6.0913     6.2750     0.0370    97.3599 1.0000e-12  -73.98994 -111.61618  43.588313      99.89 1.3687e+03    497.263      11935  1028.7696  1028.7683     4.6186     0.0772     0.1182    34.1305    34.1291    8.32546         25 0.0000e+00
    275.000    271.975    -1.2271  27.481442    -1.2260  27.481108     6.0848     6.2789     0.0298    97.3299 1.0000e-12  -73.98994 -111.61618  43.588325      99.89 1.3705e+03    498.294      11960  1028.7750  1028.7737     4.6171     0.0774     0.1188    34.1315    34.1298    8.32467         25 0.0000e+00
    276.000    272.965    -1.2253  27.484072    -1.2247  27.483423     6.0833     6.2739     0.0411    97.3754 1.0000e-12  -73.98994 -111.61618  43.588337      99.89 1.3703e+03    499.310      11984  1028.7806  1028.7792     4.6194     0.0787     0.1158    34.1325    34.1309    8.32422         24 0.0000e+00
    277.000    273.952    -1.2226  27.487167    -1.2214  27.487156     6.0764     6.2710     0.0494    97.3970 1.0000e-12  -73.98994 -111.61618  43.588349      99.89 1.3699e+03    500.317      12009  1028.7856  1028.7845     4.6204     0.0766     0.1199    34.1329    34.1316    8.32357         24 0.0000e+00
    278.000    274.939    -1.2202  27.490162    -1.2187  27.490271     6.0799     6.2736     0.0418    97.4197 1.0000e-12  -73.98994 -111.61618  43.588360      99.90 1.3715e+03    501.338      12033  1028.7910  1028.7896     4.6215     0.0753     0.1165    34.1338    34.1321    8.32301         25 0.0000e+00
    279.000    275.929    -1.2179  27.492774    -1.2167  27.492642     6.0705     6.2726     0.0322    97.4236 1.0000e-12  -73.98994 -111.61618  43.588372      99.89 1.3721e+03    502.363      12058  1028.7960  1028.7947     4.6216     0.0774     0.1205    34.1341    34.1326    8.32247         25 0.0000e+00
    280.000    276.916    -1.2184  27.492830    -1.2176  27.492460     6.0637     6.2674     0.0327    97.4294 1.0000e-12  -73.98994 -111.61618  43.588384      99.89 1.3700e+03    503.359      12082  1028.8009  1028.7997     4.6219     0.0771     0.1157    34.1342    34.1327    8.32259         23 0.0000e+00
    281.000    277.906    -1.2148  27.497077    -1.2141  27.496383     6.0601     6.2565     0.0368    97.4292 1.0000e-12  -73.98994 -111.61618  43.588395      99.89 1.3693e+03    504.349      12105  1028.8064  1028.8050     4.6219     0.0761     0.1190    34.1353    34.1335    8.32172         24 0.0000e+00
    282.000    278.894    -1.2055  27.505943    -1.2040  27.506044     6.0508     6.2460     0.0341    97.4377 1.0000e-12  -73.98994 -111.61618  43.588407      99.89 1.3693e+03    505.352      12129  1028.8114  1028.8100     4.6223     0.0755     0.1202    34.1362    34.1346    8.31959         24 0.0000e+00
    283.000    279.881    -1.1988  27.512312    -1.1968  27.512799     6.0431     6.2387     0.0288    97.4055 1.0000e-12  -73.98994 -111.61618  43.588418      99.89 1.3687e+03    506.351      12153  1028.8161  1028.8147     4.6208     0.0773     0.1195    34.1366    34.1350    8.31807         23 0.0000e+00
    284.000    280.872    -1.1911  27.520905    -1.1893  27.521215     6.0363     6.2326     0.0305    97.4187 1.0000e-12  -73.98994 -111.61618  43.588430      91.14 1.3690e+03    507.332      12177  1028.8224  1028.8210     4.6214     0.0744     0.1191    34.1390    34.1374    8.31622         24 0.0000e+00
    285.000    281.858    -1.1879  27.525285    -1.1863  27.525409     6.0356     6.2272     0.0522    97.4389 1.0000e-12  -73.98994 -111.61618  43.588441      99.94 1.3696e+03    508.318      12201  1028.8285  1028.8271     4.6224     0.0769     0.1177    34.1407    34.1391    8.31540         24 0.0000e+00
    286.000    282.847    -1.1841  27.529429    -1.1825  27.529655     6.0319     6.2223     0.0294    97.3980 1.0000e-12  -73.98994 -111.61618  43.588452      99.90 1.3689e+03    509.297      12224  1028.8337  1028.8324     4.6204     0.0758     0.1204    34.1415    34.1399    8.31453         23 0.0000e+00
    287.000    283.835    -1.1827  27.531217    -1.1815  27.531050     6.0380     6.2241     0.0289    97.4101 1.0000e-12  -73.98994 -111.61618  43.588464      99.89 1.3697e+03    510.292      12248  1028.8387  1028.8374     4.6210     0.0775     0.1183    34.1417    34.1401    8.31420         24 0.0000e+00
    288.000    284.823    -1.1822  27.532204    -1.1805  27.532516     6.0361     6.2250     0.0289    97.4362 1.0000e-12  -73.98994 -111.61618  43.588476      99.89 1.3716e+03    511.299      12272  1028.8437  1028.8424     4.6222     0.0773     0.1164    34.1419    34.1404    8.31408         25 0.0000e+00
    289.000    285.812    -1.1803  27.534652    -1.1789  27.534585     6.0159     6.2121     0.0289    97.4452 1.0000e-12  -73.98994 -111.61618  43.588487      99.89 1.3709e+03    512.311      12296  1028.8488  1028.8474     4.6227     0.0735     0.1167    34.1424    34.1408    8.31361         24 0.0000e+00
    290.000    286.800    -1.1755  27.540124    -1.1747  27.539435     6.0107     6.2056     0.0336    97.4504 1.0000e-12  -73.98994 -111.61618  43.588499      99.89 1.3728e+03    513.332      12321  1028.8545  1028.8530     4.6229     0.0762     0.1205    34.1439    34.1420    8.31247         25 0.0000e+00
    291.000    287.788    -1.1492  27.569607    -1.1470  27.569762     6.0068     6.1969     0.0286    97.4281 1.0000e-12  -73.98994 -111.61618  43.588511      99.89 1.3731e+03    514.355      12346  1028.8654  1028.8635     4.6219     0.0755     0.1208    34.1536    34.1514    8.30605         24 0.0000e+00
    292.000    288.777    -1.1396  27.579255    -1.1384  27.578897     6.0017     6.1954     0.0181    97.4257 1.0000e-12  -73.98994 -111.61618  43.588523      99.89 1.3724e+03    515.379      12370  1028.8710  1028.8695     4.6217     0.0791     0.1206    34.1553    34.1535    8.30382         25 0.0000e+00
    293.000    289.766    -1.1388  27.580709    -1.1373  27.580569     6.0008     6.1922     0.0143    97.4121 1.0000e-12  -73.98994 -111.61620  43.588535      99.89 1.3740e+03    516.390      12394  1028.8763  1028.8747     4.6211     0.0749     0.1273    34.1558    34.1539    8.30363         24 0.0000e+00
    294.000    290.752    -1.1327  27.587552    -1.1311  27.587572     6.0020     6.1908     0.0143    97.4327 1.0000e-12  -73.98994 -111.61618  43.588546      99.90 1.3751e+03    517.406      12419  1028.8822  1028.8807     4.6221     0.0749     0.1215    34.1575    34.1557    8.30216         25 0.0000e+00
    295.000    291.742    -1.1324  27.588270    -1.1309  27.588165     6.0003     6.1817     0.0158    97.4303 1.0000e-12  -73.98994 -111.61618  43.588558      99.89 1.3746e+03    518.420      12443  1028.8872  1028.8856     4.6219     0.0744     0.1198    34.1575    34.1558    8.30210         24 0.0000e+00
    296.000    292.730    -1.1274  27.593914    -1.1261  27.593599     5.9891     6.1771     0.0237    97.4195 1.0000e-12  -73.98994 -111.61618  43.588570      99.90 1.3757e+03    519.434      12467  1028.8929  1028.8913     4.6215     0.0737     0.1213    34.1590    34.1571    8.30091         24 0.0000e+00
    297.000    293.717    -1.1227  27.598840    -1.1212  27.598801     5.9805     6.1792     0.0366    97.4120 1.0000e-12  -73.98994 -111.61618  43.588582      99.69 1.3782e+03    520.441      12492  1028.8981  1028.8966     4.6211     0.0734     0.1223    34.1598    34.1580    8.29983         24 0.0000e+00
    298.000    294.707    -1.1202  27.601704    -1.1188  27.601630     5.9793     6.1682     0.0292    97.3733 1.0000e-12  -73.98994 -111.61618  43.588593      99.83 1.3786e+03    521.440      12516  1028.9032  1028.9018     4.6192     0.0735     0.1262    34.1602    34.1586    8.29924         24 0.0000e+00
    299.000    295.694    -1.1177  27.604698    -1.1162  27.604627     5.9840     6.1664    -0.0064    97.3993 1.0000e-12  -73.98994 -111.61618  43.588605      99.90 1.3789e+03    522.444      12540  1028.9085  1028.9070     4.6205     0.0725     0.1213    34.1609    34.1591    8.29865         24 0.0000e+00
    300.000    296.683    -1.1160  27.606948    -1.1146  27.606766     5.9785     6.1679     0.0049    97.3817 1.0000e-12  -73.98994 -111.61618  43.588616      99.89 1.3796e+03    523.454      12564  1028.9136  1028.9121     4.6196     0.0739     0.1201    34.1614    34.1596    8.29824         24 0.0000e+00
    301.000    297.669    -1.1156  27.607691    -1.1142  27.607640     5.9834     6.1663     0.0011    97.3711 1.0000e-12  -73.98994 -111.61618  43.588628      99.89 1.3816e+03    524.451      12588  1028.9185  1028.9171     4.6191     0.0728     0.1220    34.1613    34.1597    8.29816         24 0.0000e+00
    302.000    298.660    -1.1136  27.610345    -1.1122  27.610039     5.9838     6.1653     0.0148    97.3670 1.0000e-12  -73.98994 -111.61618  43.588640      99.89 1.3824e+03    525.458      12612  1028.9237  1028.9221     4.6189     0.0725     0.1231    34.1620    34.1601    8.29767         25 0.0000e+00
    303.000    299.647    -1.1129  27.611129    -1.1117  27.611043     5.9830     6.1636     0.0079    97.3538 1.0000e-12  -73.98994 -111.61618  43.588651      99.90 1.3858e+03    526.486      12637  1028.9284  1028.9271     4.6183     0.0729     0.1220    34.1618    34.1602    8.29755         25 0.0000e+00
    304.000    300.636    -1.1113  27.613289    -1.1099  27.613249     5.9715     6.1674    -0.0045    97.3768 1.0000e-12  -73.98994 -111.61618  43.588663      99.89 1.3877e+03    527.497      12661  1028.9335  1028.9321     4.6194     0.0734     0.1225    34.1623    34.1606    8.29716         23 0.0000e+00
    305.000    301.623    -1.1079  27.616940    -1.1065  27.616844     5.9669     6.1570    -0.0019    97.3587 1.0000e-12  -73.98994 -111.61620  43.588675      99.89 1.3868e+03    528.502      12685  1028.9385  1028.9370     4.6185     0.0732     0.1232    34.1628    34.1610    8.29638         25 0.0000e+00
    306.000    302.611    -1.1027  27.622299    -1.1025  27.621070     5.9650     6.1468     0.0039    97.3475 1.0000e-12  -73.98994 -111.61619  43.588687      99.89 1.3891e+03    529.532      12710  1028.9436  1028.9421     4.6180     0.0732     0.1223    34.1636    34.1616    8.29518         25 0.0000e+00
    307.000    303.601    -1.0982  27.627100    -1.0961  27.627532     5.9585     6.1489     0.0090    97.3359 1.0000e-12  -73.98994 -111.61619  43.588698      99.89 1.3892e+03    530.551      12734  1028.9488  1028.9472     4.6175     0.0728     0.1204    34.1643    34.1625    8.29413         24 0.0000e+00
    308.000    304.589    -1.0961  27.629525    -1.0942  27.629943     5.9561     6.1479     0.0254    97.3411 1.0000e-12  -73.98994 -111.61619  43.588710      99.90 1.3902e+03    531.555      12758  1028.9537  1028.9523     4.6177     0.0713     0.1224    34.1646    34.1630    8.29364         24 0.0000e+00
    309.000    305.575    -1.0941  27.631543    -1.0928  27.631484     5.9576     6.1441     0.0132    97.3106 1.0000e-12  -73.98994 -111.61620  43.588722      99.74 1.3906e+03    532.576      12783  1028.9584  1028.9570     4.6163     0.0716     0.1266    34.1645    34.1629    8.29322         25 0.0000e+00
    310.000    306.565    -1.0911  27.634952    -1.0913  27.633422     5.9562     6.1377     0.0070    97.3174 1.0000e-12  -73.98994 -111.61620  43.588734      99.82 1.3908e+03    533.605      12808  1028.9635  1028.9620     4.6166     0.0719     0.1246    34.1651    34.1633    8.29251         25 0.0000e+00
