ocean_section_plots/required_files/ctd/dnbp2202_ctd233.cnv
* Sea-Bird SBE 9 Data File:
* FileName = D:\Data\raw\NBP2202_CTD233.hex
* Software Version Seasave V 7.26.7.121
* Temperature SN = 1649
* Conductivity SN = 2513
* Number of Bytes Per Scan = 40
* Number of Voltage Words = 5
* Number of Scans Averaged by the Deck Unit = 1
* NMEA Latitude = 73 47.58 S
* NMEA Longitude = 113 53.56 W
* NMEA UTC (Time) = Feb 13 2022  10:05:52
* NMEA baud rate = 9600
** Ship: RVIB N.B. Palmer
** Cruise: NBP2202 Thwaites
** Station: 145
** Operator: B. Bjork
# nquan = 28
# nvalues = 352                         
# units = specified
# name 0 = prDM: Pressure, Digiquartz [db]
# name 1 = depSM: Depth [salt water, m]
# name 2 = t090C: Temperature [ITS-90, deg C]
# name 3 = c0mS/cm: Conductivity [mS/cm]
# name 4 = t190C: Temperature, 2 [ITS-90, deg C]
# name 5 = c1mS/cm: Conductivity, 2 [mS/cm]
# name 6 = sbeox0ML/L: Oxygen, SBE 43 [ml/l]
# name 7 = sbeox1ML/L: Oxygen, SBE 43, 2 [ml/l]
# name 8 = flECO-AFL: Fluorescence, WET Labs ECO-AFL/FL [mg/m^3]
# name 9 = CStarTr0: Beam Transmission, WET Labs C-Star [%]
# name 10 = par: PAR/Irradiance, Biospherical/Licor
# name 11 = latitude: Latitude [deg]
# name 12 = longitude: Longitude [deg]
# name 13 = timeJ: Julian Days
# name 14 = altM: Altimeter [m]
# name 15 = spar: SPAR, Biospherical/Licor
# name 16 = timeS: Time, Elapsed [seconds]
# name 17 = scan: Scan Count
# name 18 = density00: Density [density, kg/m^3]
# name 19 = density11: Density, 2 [density, kg/m^3]
# name 20 = v3: Voltage 3
# name 21 = v4: Voltage 4
# name 22 = v5: Voltage 5
# name 23 = sal00: Salinity, Practical [PSU]
# name 24 = sal11: Salinity, Practical, 2 [PSU]
# name 25 = oxsolML/L: Oxygen Saturation, Garcia & Gordon [ml/l]
# name 26 = nbin: number of scans per bin
# name 27 = flag: flag
# span 0 =      3.000,    354.000       
# span 1 =      2.970,    350.044       
# span 2 =    -1.4440,    -0.4049       
# span 3 =  27.115909,  28.275118       
# span 4 =    -1.4430,    -0.4028       
# span 5 =  27.116023,  28.274959       
# span 6 =     4.9437,     8.6971       
# span 7 =     5.0963,     9.0046       
# span 8 =     0.0663,    22.8598       
# span 9 =    76.9731,    97.1860       
# span 10 = 1.0000e-12, 8.5182e+00      
# span 11 =  -73.79312,  -73.79312      
# span 12 = -113.89270, -113.89264      
# span 13 =  44.423415,  44.429061      
# span 14 =       3.51,     100.13      
# span 15 = 7.4041e+01, 9.9891e+01      
# span 16 =    231.086,    718.837      
# span 17 =       5547,      17253      
# span 18 =  1027.1630,  1029.1888      
# span 19 =  1027.1617,  1029.1867      
# span 20 =     3.6520,     4.6104      
# span 21 =     0.0776,     3.5991      
# span 22 =     0.1195,     0.2630      
# span 23 =    33.7638,    34.2281      
# span 24 =    33.7622,    34.2257      
# span 25 =    8.13953,    8.38398      
# span 26 =         22,         60      
# span 27 = 0.0000e+00, 0.0000e+00      
# interval = decibars: 1                
# start_time = Feb 13 2022 10:05:52 [NMEA time, header]
# bad_flag = -9.990e-29
*END*
[from data line 208]
    211.000    208.715    -1.1974  27.395051    -1.1947  27.396128     5.7137     5.8890     0.8325    95.0992 1.0000e-12  -73.79312 -113.89267  44.426585      99.90 8.9426e+01    504.929      12119  1028.3770  1028.3755     4.5113     0.3474     0.1396    34.0191    34.0175    8.32469         22 0.0000e+00
    212.000    209.702    -1.1857  27.406724    -1.1859  27.404752     5.7145     5.8915     0.9948    94.8705 1.0000e-12  -73.79312 -113.89267  44.426596      99.91 8.8911e+01    505.874      12142  1028.3828  1028.3808     4.5007     0.3321     0.1404    34.0212    34.0187    8.32197         23 0.0000e+00
    213.000    210.692    -1.1809  27.411193    -1.1796  27.410807     5.7190     5.8974     0.9377    94.4236 1.0000e-12  -73.79312 -113.89268  44.426607      99.94 8.8659e+01    506.853      12165  1028.3874  1028.3857     4.4794     0.1957     0.1363    34.0213    34.0193    8.32090         24 0.0000e+00
    214.000    211.680    -1.1817  27.411369    -1.1789  27.412363     5.7111     5.8914     1.0047    94.5963 1.0000e-12  -73.79312 -113.89268  44.426619      99.94 8.9025e+01    507.852      12189  1028.3927  1028.3911     4.4876     0.1959     0.1306    34.0218    34.0200    8.32105         24 0.0000e+00
    215.000    212.667    -1.1872  27.407833    -1.1845  27.408931     5.7186     5.8910     0.9201    95.1758 1.0000e-12  -73.79312 -113.89268  44.426630      99.93 8.9173e+01    508.859      12214  1028.3986  1028.3972     4.5150     0.2531     0.1313    34.0226    34.0210    8.32222         24 0.0000e+00
    216.000    213.657    -1.1779  27.416898    -1.1755  27.417439     5.7159     5.8942     1.2019    95.0098 1.0000e-12  -73.79312 -113.89268  44.426642      99.93 8.9763e+01    509.850      12237  1028.4038  1028.4021     4.5072     0.2212     0.1394    34.0238    34.0218    8.32008         23 0.0000e+00
    217.000    214.647    -1.1803  27.415365    -1.1785  27.415431     5.7325     5.8949     0.9943    95.3190 1.0000e-12  -73.79312 -113.89268  44.426653      99.94 8.8584e+01    510.813      12261  1028.4088  1028.4072     4.5216     0.1887     0.1389    34.0238    34.0219    8.32061         24 0.0000e+00
    218.000    215.634    -1.1838  27.413070    -1.1817  27.413542     5.7750     5.9279     1.1675    94.9293 1.0000e-12  -73.79312 -113.89268  44.426664      99.93 8.8147e+01    511.784      12284  1028.4141  1028.4126     4.5035     0.2664     0.1340    34.0240    34.0222    8.32138         23 0.0000e+00
    219.000    216.623    -1.1917  27.406636    -1.1900  27.406808     5.8175     5.9839     1.5742    95.3441 1.0000e-12  -73.79312 -113.89268  44.426675      99.94 8.9091e+01    512.762      12307  1028.4191  1028.4177     4.5230     0.1964     0.1432    34.0235    34.0219    8.32316         24 0.0000e+00
    220.000    217.611    -1.2208  27.380786    -1.2199  27.380968     5.8593     6.0221     1.5804    95.0226 1.0000e-12  -73.79312 -113.89268  44.426687      92.46 8.9904e+01    513.746      12331  1028.4235  1028.4229     4.5078     0.2121     0.1354    34.0205    34.0198    8.32982         23 0.0000e+00
    221.000    218.600    -1.2528  27.355461    -1.2520  27.355193     5.8942     6.0509     2.1260    94.5970 1.0000e-12  -73.79312 -113.89268  44.426698      59.19 8.9907e+01    514.729      12354  1028.4311  1028.4301     4.4876     0.2486     0.1386    34.0215    34.0203    8.33689         24 0.0000e+00
    222.000    219.589    -1.2667  27.345154    -1.2654  27.344905     5.9105     6.0741     2.9934    95.1839 1.0000e-12  -73.79312 -113.89269  44.426710      91.25 8.8569e+01    515.741      12379  1028.4375  1028.4360     4.5154     0.2473     0.1350    34.0226    34.0208    8.33994         24 0.0000e+00
    223.000    220.576    -1.2734  27.339467    -1.2725  27.339022     5.9122     6.0859     1.0222    95.8203 1.0000e-12  -73.79312 -113.89269  44.426721     100.13 8.8966e+01    516.730      12403  1028.4418  1028.4405     4.5454     0.2168     0.1336    34.0217    34.0201    8.34147         23 0.0000e+00
    224.000    221.565    -1.2811  27.334466    -1.2797  27.334241     5.9049     6.0810     0.8855    95.3292 1.0000e-12  -73.79312 -113.89269  44.426732      99.93 8.9925e+01    517.685      12425  1028.4479  1028.4463     4.5225     0.1866     0.1301    34.0230    34.0212    8.34312         23 0.0000e+00
    225.000    222.555    -1.2789  27.337188    -1.2767  27.337501     5.8896     6.0722     0.8047    95.0616 1.0000e-12  -73.79312 -113.89269  44.426743      99.93 8.9907e+01    518.641      12448  1028.4528  1028.4511     4.5096     0.2251     0.1342    34.0236    34.0216    8.34259         24 0.0000e+00
    226.000    223.542    -1.2705  27.345378    -1.2692  27.345199     5.8891     6.0712     0.5717    95.3941 1.0000e-12  -73.79312 -113.89269  44.426755      99.93 8.9907e+01    519.640      12472  1028.4577  1028.4563     4.5254     0.2051     0.1384    34.0246    34.0230    8.34065         24 0.0000e+00
    227.000    224.533    -1.2693  27.346808    -1.2686  27.346210     5.8987     6.0776     0.5698    95.6140 1.0000e-12  -73.79312 -113.89269  44.426767      99.94 8.9836e+01    520.671      12497  1028.4624  1028.4610     4.5358     0.1791     0.1370    34.0247    34.0231    8.34039         25 0.0000e+00
    228.000    225.519    -1.2741  27.343467    -1.2732  27.343001     5.9135     6.0887     0.6075    95.6316 1.0000e-12  -73.79312 -113.89269  44.426779      99.94 8.8600e+01    521.670      12521  1028.4675  1028.4662     4.5367     0.1617     0.1323    34.0249    34.0233    8.34144         23 0.0000e+00
    229.000    226.509    -1.2821  27.337476    -1.2809  27.337282     5.9207     6.0981     0.8619    95.2424 1.0000e-12  -73.79312 -113.89269  44.426790      99.94 8.9917e+01    522.632      12544  1028.4729  1028.4716     4.5182     0.1925     0.1321    34.0251    34.0236    8.34321         23 0.0000e+00
    230.000    227.497    -1.2889  27.332511    -1.2882  27.331969     5.9279     6.1008     1.3772    95.2080 1.0000e-12  -73.79312 -113.89269  44.426801      99.92 9.0527e+01    523.594      12567  1028.4783  1028.4770     4.5166     0.2655     0.1421    34.0254    34.0239    8.34471         23 0.0000e+00
    231.000    228.487    -1.2932  27.330155    -1.2922  27.329758     5.9263     6.1061     0.9704    95.2271 1.0000e-12  -73.79312 -113.89269  44.426813      99.94 9.0182e+01    524.604      12591  1028.4840  1028.4827     4.5175     0.1499     0.1405    34.0264    34.0248    8.34561         25 0.0000e+00
    232.000    229.474    -1.2924  27.331291    -1.2912  27.331111     5.9122     6.0960     2.1783    95.3024 1.0000e-12  -73.79312 -113.89269  44.426824      99.94 9.0053e+01    525.614      12616  1028.4887  1028.4874     4.5210     0.1517     0.1318    34.0265    34.0249    8.34544         24 0.0000e+00
    233.000    230.463    -1.2889  27.335829    -1.2875  27.335547     5.8822     6.0622     1.1931    95.1950 1.0000e-12  -73.79312 -113.89270  44.426835      99.93 9.0060e+01    526.583      12639  1028.4944  1028.4928     4.5160     0.2242     0.1332    34.0281    34.0262    8.34455         23 0.0000e+00
    234.000    231.451    -1.2708  27.354020    -1.2690  27.353438     5.8427     6.0360     1.4861    95.0966 1.0000e-12  -73.79312 -113.89269  44.426847      99.75 8.9907e+01    527.563      12663  1028.5009  1028.4986     4.5114     0.1508     0.1318    34.0319    34.0291    8.34029         24 0.0000e+00
    235.000    232.442    -1.2487  27.373881    -1.2476  27.373308     5.8385     6.0312     1.1050    95.6298 1.0000e-12  -73.79312 -113.89268  44.426859      99.94 9.1251e+01    528.579      12687  1028.5055  1028.5038     4.5365     0.1540     0.1389    34.0334    34.0314    8.33527         24 0.0000e+00
    236.000    233.428    -1.2457  27.377056    -1.2443  27.376823     5.8366     6.0317     1.3766    95.1900 1.0000e-12  -73.79312 -113.89268  44.426870      99.93 8.9979e+01    529.575      12711  1028.5104  1028.5088     4.5157     0.1990     0.1347    34.0338    34.0318    8.33458         24 0.0000e+00
    237.000    234.415    -1.2467  27.376815    -1.2452  27.376635     5.8270     6.0314     1.1086    95.7864 1.0000e-12  -73.79312 -113.89268  44.426881      99.93 8.9906e+01    530.555      12734  1028.5155  1028.5139     4.5440     0.2030     0.1333    34.0340    34.0320    8.33480         23 0.0000e+00
    238.000    235.407    -1.2465  27.377614    -1.2453  27.377243     5.8329     6.0218     0.9140    95.8817 1.0000e-12  -73.79312 -113.89268  44.426893      99.94 8.9907e+01    531.517      12757  1028.5206  1028.5189     4.5485     0.1717     0.1329    34.0342    34.0323    8.33474         24 0.0000e+00
    239.000    236.393    -1.2398  27.384448    -1.2379  27.384540     5.8225     6.0169     0.9007    95.4431 1.0000e-12  -73.79312 -113.89268  44.426904      99.93 8.9907e+01    532.479      12780  1028.5259  1028.5241     4.5277     0.1865     0.1302    34.0354    34.0333    8.33318         23 0.0000e+00
    240.000    237.382    -1.2324  27.391324    -1.2309  27.391099     5.8192     6.0084     0.5699    95.8464 1.0000e-12  -73.79312 -113.89268  44.426915      99.93 8.9907e+01    533.459      12804  1028.5305  1028.5289     4.5468     0.1685     0.1342    34.0358    34.0337    8.33151         24 0.0000e+00
    241.000    238.372    -1.2287  27.394998    -1.2279  27.394193     5.8222     6.0047     0.3593    95.9596 1.0000e-12  -73.79312 -113.89268  44.426927      99.94 9.0199e+01    534.471      12828  1028.5353  1028.5337     4.5522     0.1706     0.1320    34.0360    34.0340    8.33067         24 0.0000e+00
    242.000    239.359    -1.2269  27.397050    -1.2256  27.396815     5.8084     5.9972     0.3498    95.7339 1.0000e-12  -73.79312 -113.89268  44.426938      99.93 9.0932e+01    535.475      12852  1028.5402  1028.5388     4.5415     0.2492     0.1374    34.0361    34.0344    8.33026         24 0.0000e+00
    243.000    240.349    -1.2273  27.397400    -1.2262  27.396843     5.8133     5.9911     0.2997    95.9595 1.0000e-12  -73.79312 -113.89268  44.426950      99.94 9.0750e+01    536.458      12876  1028.5453  1028.5436     4.5522     0.1692     0.1330    34.0364    34.0344    8.33032         23 0.0000e+00
    244.000    241.336    -1.2240  27.401569    -1.2201  27.403358     5.8076     5.9876     1.1498    95.5851 1.0000e-12  -73.79312 -113.89268  44.426961      99.92 8.9900e+01    537.445      12900  1028.5510  1028.5493     4.5344     0.3019     0.1294    34.0378    34.0358    8.32951         24 0.0000e+00
    245.000    242.324    -1.2209  27.404663    -1.2179  27.405916     5.7900     5.9785     1.3562    95.6699 1.0000e-12  -73.79312 -113.89268  44.426973      99.94 9.0128e+01    538.441      12924  1028.5558  1028.5543     4.5384     0.1613     0.1313    34.0379    34.0362    8.32882         24 0.0000e+00
    246.000    243.315    -1.2144  27.411608    -1.2126  27.411664     5.7767     5.9648     0.8955    95.6328 1.0000e-12  -73.79312 -113.89268  44.426984      96.80 9.1449e+01    539.451      12948  1028.5615  1028.5597     4.5368     0.1144     0.1319    34.0394    34.0374    8.32728         25 0.0000e+00
    247.000    244.302    -1.2030  27.423366    -1.2011  27.423276     5.7707     5.9538     0.9417    95.8864 1.0000e-12  -73.79312 -113.89266  44.426996      91.00 9.2282e+01    540.457      12972  1028.5676  1028.5656     4.5487     0.1567     0.1354    34.0419    34.0396    8.32459         23 0.0000e+00
    248.000    245.290    -1.1948  27.432857    -1.1935  27.432407     5.7602     5.9385     0.7922    95.8994 1.0000e-12  -73.79312 -113.89266  44.427008      97.75 9.1960e+01    541.448      12996  1028.5744  1028.5726     4.5494     0.2043     0.1342    34.0450    34.0429    8.32258         24 0.0000e+00
    249.000    246.279    -1.1879  27.441174    -1.1825  27.444240     5.7246     5.9189     0.4940    95.9260 1.0000e-12  -73.79312 -113.89266  44.427019      99.93 9.0969e+01    542.454      13020  1028.5812  1028.5793     4.5506     0.1359     0.1321    34.0479    34.0460    8.32087         25 0.0000e+00
    250.000    247.267    -1.1693  27.459498    -1.1678  27.458323     5.7032     5.8858     0.6243    95.7497 1.0000e-12  -73.79312 -113.89266  44.427031      99.91 9.1881e+01    543.469      13044  1028.5875  1028.5848     4.5422     0.3284     0.1355    34.0513    34.0479    8.31654         24 0.0000e+00
    251.000    248.257    -1.1483  27.477833    -1.1449  27.479124     5.6992     5.8762     0.8419    95.0748 1.0000e-12  -73.79312 -113.89266  44.427042      99.93 9.1293e+01    544.448      13068  1028.5916  1028.5897     4.5109     0.1922     0.1332    34.0519    34.0498    8.31185         23 0.0000e+00
    252.000    249.244    -1.1387  27.487035    -1.1353  27.488376     5.7160     5.8926     0.5554    96.1969 1.0000e-12  -73.79312 -113.89266  44.427054      99.94 9.2059e+01    545.423      13091  1028.5967  1028.5949     4.5629     0.1635     0.1390    34.0530    34.0509    8.30965         23 0.0000e+00
    253.000    250.233    -1.1399  27.486564    -1.1380  27.486979     5.7517     5.9211     0.2557    96.1325 1.0000e-12  -73.79312 -113.89266  44.427065      99.95 9.3093e+01    546.429      13115  1028.6020  1028.6006     4.5604     0.1080     0.1336    34.0531    34.0515    8.30992         25 0.0000e+00
    254.000    251.221    -1.1638  27.467131    -1.1625  27.467489     5.7602     5.9360     0.3942    95.9442 1.0000e-12  -73.79312 -113.89266  44.427077      99.94 9.2213e+01    547.409      13139  1028.6086  1028.6077     4.5515     0.1179     0.1326    34.0531    34.0520    8.31523         23 0.0000e+00
    255.000    252.211    -1.1704  27.464073    -1.1687  27.463908     5.7790     5.9409     0.6028    95.9116 1.0000e-12  -73.79312 -113.89266  44.427088      99.92 9.1063e+01    548.370      13162  1028.6160  1028.6142     4.5499     0.2557     0.1301    34.0556    34.0535    8.31652         23 0.0000e+00
    256.000    253.198    -1.1684  27.466395    -1.1664  27.466447     5.8235     5.9747     0.4404    96.1813 1.0000e-12  -73.79312 -113.89264  44.427099      99.94 9.1453e+01    549.362      13186  1028.6209  1028.6191     4.5627     0.0999     0.1308    34.0559    34.0538    8.31606         24 0.0000e+00
    257.000    254.189    -1.1699  27.464696    -1.1681  27.465770     5.8874     6.0395     0.3600    95.9666 1.0000e-12  -73.79312 -113.89264  44.427111      99.94 9.2725e+01    550.376      13210  1028.6250  1028.6244     4.5525     0.1438     0.1345    34.0547    34.0541    8.31648         24 0.0000e+00
    258.000    255.175    -1.2168  27.426549    -1.2103  27.431337     5.9247     6.0805     0.3754    95.7010 1.0000e-12  -73.79312 -113.89264  44.427122      99.95 9.3289e+01    551.350      13233  1028.6332  1028.6322     4.5401     0.1270     0.1310    34.0551    34.0543    8.32688         23 0.0000e+00
    259.000    256.162    -1.2457  27.401557    -1.2394  27.406324     5.9502     6.1092     0.3805    95.7155 1.0000e-12  -73.79312 -113.89264  44.427133      99.93 9.3356e+01    552.288      13256  1028.6383  1028.6375     4.5406     0.1550     0.1307    34.0531    34.0525    8.33344         23 0.0000e+00
    260.000    257.152    -1.2580  27.392389    -1.2554  27.393531     5.9850     6.1445     0.3458    96.2192 1.0000e-12  -73.79312 -113.89264  44.427144      99.35 9.2549e+01    553.233      13279  1028.6444  1028.6431     4.5645     0.1290     0.1310    34.0539    34.0524    8.33614         22 0.0000e+00
